Gene A,Gene B,Label,Score,Precision,Recall,False Positive Rate
YBR072W,YGR192C,0,-1.9730843,0.0,0.0,0.00024630542611703277
YBR072W,YPL155C,0,-2.1274827,0.0,0.0,0.0004926108522340655
YHR011W,YBR072W,0,-2.6090682,0.0,0.0,0.0007389162783510983
YOR237W,YGR161C,0,-2.6349738,0.0,0.0,0.000985221704468131
YBL063W,YOR348C,0,-2.6531155,0.0,0.0,0.001231527072377503
YGR157W,YER054C,0,-2.6755435,0.0,0.0,0.0014778325567021966
YOR133W,YHR048W,0,-2.6803863,0.0,0.0,0.0017241379246115685
YJR073C,YBR240C,0,-2.6968658,0.0,0.0,0.001970443408936262
YBR072W,YDR244W,0,-2.7111208,0.0,0.0,0.002216748660430312
YJR073C,YNL066W,0,-2.7477772,0.0,0.0,0.002463054144755006
YKL011C,YLR167W,0,-2.7548897,0.0,0.0,0.0027093596290796995
YCR063W,YBR072W,0,-2.8370683,0.0,0.0,0.002955665113404393
YHR188C,YOR348C,0,-2.8378239,0.0,0.0,0.0032019703648984432
YGR161C,YGR296W,0,-2.8808734,0.0,0.0,0.003448275849223137
YNR075W,YPR081C,0,-2.9079812,0.0,0.0,0.0036945813335478306
YDL069C,YGR161C,0,-2.977015,0.0,0.0,0.003940886817872524
YBL013W,YJL048C,0,-3.0367215,0.0,0.0,0.004187192302197218
YDL117W,YML128C,0,-3.0723212,0.0,0.0,0.004433497320860624
YJR092W,YLR355C,0,-3.0828793,0.0,0.0,0.004679802805185318
YOR348C,YDR238C,0,-3.0885177,0.0,0.0,0.004926108289510012
YJR073C,YKR086W,0,-3.0902421,0.0,0.0,0.005172413773834705
YBR072W,YIR018W,0,-3.1017625,0.0,0.0,0.005418719258159399
YBR012W-B,YER160C,1,-3.1206422,0.043478261679410934,0.002463054144755006,0.005418719258159399
YCL069W,YMR104C,0,-3.144085,0.0416666679084301,0.002463054144755006,0.005665024742484093
YGR161C,YBL106C,0,-3.2064843,0.03999999910593033,0.002463054144755006,0.005911330226808786
YJR147W,YOR348C,0,-3.2269213,0.03846153989434242,0.002463054144755006,0.006157635245472193
YEL032W,YML128C,0,-3.2423432,0.03703703731298447,0.002463054144755006,0.0064039407297968864
YKR057W,YLL012W,0,-3.2438962,0.0357142873108387,0.002463054144755006,0.00665024621412158
YJR073C,YDR244W,0,-3.2584107,0.03448275849223137,0.002463054144755006,0.006896551698446274
YBR072W,YLR176C,0,-3.2720177,0.03333333507180214,0.002463054144755006,0.0071428571827709675
YKL011C,YPR163C,0,-3.2723053,0.032258063554763794,0.002463054144755006,0.007389162667095661
YEL032W,YFR040W,0,-3.274142,0.03125,0.002463054144755006,0.007635468151420355
YJR073C,YMR165C,0,-3.2763453,0.03030303120613098,0.002463054144755006,0.007881773635745049
YMR015C,YKL001C,0,-3.281161,0.029411764815449715,0.002463054144755006,0.008128078654408455
YER054C,YNL072W,0,-3.2897522,0.02857142873108387,0.002463054144755006,0.008374384604394436
YOR349W,YER070W,0,-3.2901595,0.02777777798473835,0.002463054144755006,0.008620689623057842
YOR349W,YKR095W-A,0,-3.2959826,0.027027027681469917,0.002463054144755006,0.008866994641721249
YHR157W,YMR214W,0,-3.2981536,0.02631578966975212,0.002463054144755006,0.00911330059170723
YOR348C,YGL049C,0,-3.2994945,0.025641025975346565,0.002463054144755006,0.009359605610370636
YKL011C,YHR089C,0,-3.308416,0.02500000037252903,0.002463054144755006,0.009605911560356617
YBR012W-B,YMR046C,1,-3.3222382,0.04878048598766327,0.004926108289510012,0.009605911560356617
YGR080W,YHR020W,0,-3.325736,0.0476190485060215,0.004926108289510012,0.009852216579020023
YGL163C,YGR296W,0,-3.3427036,0.04651162773370743,0.004926108289510012,0.010098522529006004
YMR296C,YGR161C,0,-3.343836,0.04545454680919647,0.004926108289510012,0.01034482754766941
YGR161C,YKL141W,0,-3.3481395,0.04444444552063942,0.004926108289510012,0.010591132566332817
YGR161C,YDR213W,0,-3.3487003,0.043478261679410934,0.004926108289510012,0.010837438516318798
YMR015C,YNL090W,0,-3.3525708,0.042553190141916275,0.004926108289510012,0.011083743534982204
YDR213W,YPR078C,0,-3.3553154,0.0416666679084301,0.004926108289510012,0.011330049484968185
YBL005W-B,YER160C,1,-3.3624394,0.06122449040412903,0.007389162667095661,0.011330049484968185
YER160C,YMR046C,1,-3.3787742,0.07999999821186066,0.009852216579020023,0.011330049484968185
YGR157W,YNL250W,0,-3.3801816,0.0784313753247261,0.009852216579020023,0.011576354503631592
YIL144W,YKL070W,0,-3.390792,0.07692307978868484,0.009852216579020023,0.011822660453617573
YOR348C,YPL032C,0,-3.4035933,0.07547169923782349,0.009852216579020023,0.01206896547228098
YBR012W-B,YJR029W,1,-3.4057624,0.09259258955717087,0.012315270490944386,0.01206896547228098
YJR137C,YDR171W,0,-3.4068348,0.09090909361839294,0.012315270490944386,0.012315270490944386
YNR067C,YGR048W,0,-3.4235778,0.0892857164144516,0.012315270490944386,0.012561576440930367
YGR108W,YDR358W,0,-3.4359734,0.08771929889917374,0.012315270490944386,0.012807881459593773
YKL060C,YMR175W,0,-3.4430146,0.08620689809322357,0.012315270490944386,0.013054187409579754
YOR349W,YER180C-A,0,-3.4456952,0.08474576473236084,0.012315270490944386,0.01330049242824316
YER160C,YJR029W,1,-3.449382,0.10000000149011612,0.014778325334191322,0.01330049242824316
YKL204W,YMR175W,0,-3.4509344,0.09836065769195557,0.014778325334191322,0.013546798378229141
YMR015C,YLR119W,0,-3.4537914,0.09677419066429138,0.014778325334191322,0.013793103396892548
YOR020C,YGR111W,0,-3.4616823,0.095238097012043,0.014778325334191322,0.014039408415555954
YDL223C,YNL074C,0,-3.4643078,0.09375,0.014778325334191322,0.014285714365541935
YJL047C,YJR029W,1,-3.4645417,0.10769230872392654,0.017241379246115685,0.014285714365541935
YDL090C,YHR157W,0,-3.4677682,0.10606060922145844,0.017241379246115685,0.014532019384205341
YJL041W,YOR348C,0,-3.4700615,0.10447761416435242,0.017241379246115685,0.014778325334191322
YNR075W,YGR101W,0,-3.4729795,0.10294117778539658,0.017241379246115685,0.015024630352854729
YNR002C,YER190W,0,-3.473711,0.10144927352666855,0.017241379246115685,0.01527093630284071
YDR025W,YIL167W,0,-3.4768274,0.10000000149011612,0.017241379246115685,0.015517241321504116
YBL005W-B,YIL080W,1,-3.480026,0.11267605423927307,0.019704433158040047,0.015517241321504116
YLR110C,YBR100W,0,-3.488353,0.1111111119389534,0.019704433158040047,0.015763547271490097
YHR129C,YOR133W,0,-3.4898674,0.10958904027938843,0.019704433158040047,0.016009852290153503
YOR056C,YDR213W,0,-3.4933507,0.10810811072587967,0.019704433158040047,0.01625615730881691
YHR157W,YJR021C,0,-3.4989216,0.1066666692495346,0.019704433158040047,0.016502462327480316
YER164W,YOR348C,0,-3.4999118,0.10526315867900848,0.019704433158040047,0.016748769208788872
YBL005W-B,YDR261C-D,1,-3.5085254,0.11688311398029327,0.02216748706996441,0.016748769208788872
YHR075C,YCR058C,0,-3.5092623,0.11538461595773697,0.02216748706996441,0.016995074227452278
YDR210C-D,YER160C,1,-3.5100908,0.1265822798013687,0.02463054098188877,0.016995074227452278
YLL018C-A,YPL041C,0,-3.51745,0.125,0.02463054098188877,0.017241379246115685
YCR058C,YDR200C,0,-3.5177848,0.12345679104328156,0.02463054098188877,0.01748768426477909
YCL066W,YBR114W,0,-3.5217092,0.12195122241973877,0.02463054098188877,0.017733989283442497
YGR158C,YPL036W,0,-3.5233638,0.1204819306731224,0.02463054098188877,0.017980296164751053
YGR108W,YNL160W,0,-3.525411,0.1190476194024086,0.02463054098188877,0.01822660118341446
YJL021C,YLR363C,0,-3.5262585,0.11764705926179886,0.02463054098188877,0.018472906202077866
YDR141C,YCR058C,0,-3.5267546,0.11627907305955887,0.02463054098188877,0.018719211220741272
YDR034C-C,YER160C,1,-3.5289187,0.12643678486347198,0.027093596756458282,0.018719211220741272
YFL010W-A,YGR161C,0,-3.5296953,0.125,0.027093596756458282,0.018965518102049828
YDR034C-C,YDR210C-D,1,-3.5350494,0.13483145833015442,0.029556650668382645,0.018965518102049828
YDR025W,YLR426W,0,-3.5351944,0.13333334028720856,0.029556650668382645,0.019211823120713234
YDR261W-B,YGR027W-B,1,-3.5358322,0.1428571492433548,0.03201970458030701,0.019211823120713234
YBR012W-B,YDR210C-D,1,-3.5385716,0.15217390656471252,0.03448275849223137,0.019211823120713234
YLR175W,YJL012C-A,0,-3.5389764,0.1505376398563385,0.03448275849223137,0.01945812813937664
YDR210C-D,YLR227W-B,1,-3.5396585,0.1595744639635086,0.03694581240415573,0.01945812813937664
YGR109W-B,YJR029W,1,-3.5400064,0.16842105984687805,0.03940886631608009,0.01945812813937664
YER160C,YLR227W-B,1,-3.5409195,0.1770833283662796,0.041871920228004456,0.01945812813937664
YDR261C-D,YOR343W-B,1,-3.5413978,0.1855670064687729,0.04433497413992882,0.01945812813937664
YDR034C-C,YLR227W-B,1,-3.541876,0.19387754797935486,0.04679802805185318,0.01945812813937664
YJR022W,YHR197W,0,-3.5438588,0.19191919267177582,0.04679802805185318,0.019704433158040047
YBL005W-B,YDR210C-D,1,-3.5445724,0.20000000298023224,0.04926108196377754,0.019704433158040047
YBL005W-B,YLR227W-B,1,-3.5446155,0.20792078971862793,0.0517241396009922,0.019704433158040047
YBR012W-B,YIL080W,1,-3.5450914,0.21568627655506134,0.054187193512916565,0.019704433158040047
YDL223C,YBR294W,0,-3.5451264,0.21359223127365112,0.054187193512916565,0.019950738176703453
YBR012W-B,YOR343W-A,1,-3.5456593,0.2211538404226303,0.05665024742484093,0.019950738176703453
YDR210C-D,YOR343W-A,1,-3.5469637,0.22857142984867096,0.05911330133676529,0.019950738176703453
YBR012W-B,YGR161W-B,1,-3.547094,0.2358490526676178,0.06157635524868965,0.019950738176703453
YJR025C,YDR213W,0,-3.5475621,0.23364485800266266,0.06157635524868965,0.02019704505801201
YNR002C,YPR124W,0,-3.5484607,0.23148147761821747,0.06157635524868965,0.020443350076675415
YPL110C,YKL070W,0,-3.5485675,0.2293577939271927,0.06157635524868965,0.02068965509533882
YBR012W-B,YDR261C-D,1,-3.5490506,0.23636363446712494,0.06403940916061401,0.02068965509533882
YLR328W,YJL012C-A,0,-3.5495985,0.23423422873020172,0.06403940916061401,0.020935960114002228
YDR034C-C,YOR343W-A,1,-3.5497468,0.2410714328289032,0.06650245934724808,0.020935960114002228
YMR083W,YGR161C,0,-3.5506449,0.23893804848194122,0.06650245934724808,0.021182265132665634
YML128C,YBR058C-A,0,-3.5521224,0.2368421107530594,0.06650245934724808,0.02142857201397419
YBL005W-B,YGR161W-B,1,-3.5527465,0.24347825348377228,0.06896551698446274,0.02142857201397419
YER160C,YGR161W-B,1,-3.5527465,0.25,0.0714285746216774,0.02142857201397419
YDR210C-D,YGR161W-B,1,-3.5528336,0.25641027092933655,0.07389162480831146,0.02142857201397419
YIL080W,YOR343W-B,1,-3.5530946,0.26271185278892517,0.07635468244552612,0.02142857201397419
YGR161C,YHR172W,0,-3.5532072,0.26050421595573425,0.07635468244552612,0.021674877032637596
YBL005W-B,YOR343W-B,1,-3.5532687,0.2666666805744171,0.07881773263216019,0.021674877032637596
YBR012W-B,YOR343W-B,1,-3.5550947,0.27272728085517883,0.08128079026937485,0.021674877032637596
YBR012W-B,YDR034C-C,1,-3.5551817,0.2786885201931,0.08374384045600891,0.021674877032637596
YDR261C-D,YLR227W-B,1,-3.5557473,0.28455284237861633,0.08620689809322357,0.021674877032637596
YLR227W-B,YOR343W-A,1,-3.556095,0.29032257199287415,0.08866994827985764,0.021674877032637596
YDR034C-C,YGR161W-B,1,-3.5564861,0.29600000381469727,0.0911330059170723,0.021674877032637596
YJL113W,YJR029W,1,-3.5573232,0.30158731341362,0.09359605610370636,0.021674877032637596
YOR204W,YKL070W,0,-3.5585768,0.29921260476112366,0.09359605610370636,0.021921182051301003
YER160C,YOR343W-A,1,-3.5591385,0.3046875,0.09605911374092102,0.021921182051301003
YJL021C,YPR163C,0,-3.5594628,0.302325576543808,0.09605911374092102,0.02216748706996441
YOL139C,YHR157W,0,-3.560586,0.30000001192092896,0.09605911374092102,0.022413793951272964
YDR210C-D,YDR261C-D,1,-3.5611823,0.30534350872039795,0.09852216392755508,0.022413793951272964
YBR200W,YHR020W,0,-3.5612924,0.3030303120613098,0.09852216392755508,0.02266009896993637
YBL005W-B,YDR034C-C,1,-3.5625737,0.308270663022995,0.10098522156476974,0.02266009896993637
YBR012W-B,YLR227W-B,1,-3.563226,0.31343284249305725,0.1034482792019844,0.02266009896993637
YBR021W,YER054C,0,-3.563536,0.31111112236976624,0.1034482792019844,0.022906403988599777
YBL005W-B,YOR343W-A,1,-3.565487,0.31617647409439087,0.10591132938861847,0.022906403988599777
YDR261C-D,YER160C,1,-3.565704,0.32116788625717163,0.10837438702583313,0.022906403988599777
YGR161W-B,YLR227W-B,1,-3.5666177,0.32608696818351746,0.1108374372124672,0.022906403988599777
YDR261C-D,YGR161W-B,1,-3.5675306,0.3309352397918701,0.11330049484968185,0.022906403988599777
YER003C,YDL038C,0,-3.56775,0.3285714387893677,0.11330049484968185,0.023152709007263184
YGR161W-B,YOR343W-B,1,-3.5681827,0.3333333432674408,0.11576354503631592,0.023152709007263184
YBR012W-B,YFL002W-B,1,-3.5687916,0.3380281627178192,0.11822660267353058,0.023152709007263184
YDR087C,YFL018W-A,0,-3.5688217,0.3356643319129944,0.11822660267353058,0.02339901402592659
YDR261C-D,YFL002W-B,1,-3.5693572,0.3402777910232544,0.12068965286016464,0.02339901402592659
YDR261C-D,YIL080W,1,-3.569444,0.3448275923728943,0.1231527104973793,0.02339901402592659
YER160C,YFL002W-B,1,-3.5697048,0.3493150770664215,0.12561576068401337,0.02339901402592659
YBR202W,YBR100W,0,-3.5702858,0.3469387888908386,0.12561576068401337,0.023645320907235146
YFL002W-B,YLR227W-B,1,-3.570705,0.3513513505458832,0.12807881832122803,0.023645320907235146
YDR210C-C,YNL054W-A,1,-3.5711834,0.3557046949863434,0.1305418759584427,0.023645320907235146
YDR034C-C,YFL002W-B,1,-3.571357,0.36000001430511475,0.13300491869449615,0.023645320907235146
YGR161W-B,YOR343W-A,1,-3.5714438,0.3642384111881256,0.13546797633171082,0.023645320907235146
YER160C,YOR343W-B,1,-3.5718787,0.3684210479259491,0.13793103396892548,0.023645320907235146
YJL047C,YBR012W-B,1,-3.572218,0.37254902720451355,0.14039409160614014,0.023645320907235146
YDR034C-C,YOR343W-B,1,-3.5722919,0.37662336230278015,0.1428571492433548,0.023645320907235146
YCR058C,YKL095W,0,-3.5725973,0.37419354915618896,0.1428571492433548,0.023891625925898552
YLR227W-B,YOR343W-B,1,-3.572683,0.3782051205635071,0.14532019197940826,0.023891625925898552
YDR034C-C,YDR261C-D,1,-3.5730312,0.3821656107902527,0.14778324961662292,0.023891625925898552
YNL054W-A,YNL054W-B,1,-3.5731616,0.3860759437084198,0.15024630725383759,0.023891625925898552
YBR236C,YCR058C,0,-3.5732057,0.3836477994918823,0.15024630725383759,0.02413793094456196
YLR350W,YGR111W,0,-3.573556,0.3812499940395355,0.15024630725383759,0.024384235963225365
YDR210C-D,YFL002W-B,1,-3.5735965,0.38509318232536316,0.15270936489105225,0.024384235963225365
YER137C-A,YJR029W,1,-3.574031,0.3888888955116272,0.1551724076271057,0.024384235963225365
YER104W,YDR210C-D,1,-3.5744226,0.39263802766799927,0.15763546526432037,0.024384235963225365
YBL005W-B,YFL002W-B,1,-3.574444,0.396341472864151,0.16009852290153503,0.024384235963225365
YDR210C-D,YOR343W-B,1,-3.575314,0.4000000059604645,0.1625615805387497,0.024384235963225365
YGR161W-B,YIL080W,1,-3.5758576,0.40361446142196655,0.16502462327480316,0.024384235963225365
YDR261C-D,YOR343W-A,1,-3.5759008,0.4071856141090393,0.16748768091201782,0.024384235963225365
YDR072C,YFL018W-A,0,-3.5775893,0.4047619104385376,0.16748768091201782,0.02463054098188877
YER104W,YDR034C-C,1,-3.5784228,0.4082840383052826,0.16995073854923248,0.02463054098188877
YER104W,YGR161W-B,1,-3.579314,0.4117647111415863,0.17241379618644714,0.02463054098188877
YLR355C,YCL069W,0,-3.579578,0.4093567132949829,0.17241379618644714,0.024876847863197327
YFL002W-B,YOR343W-B,1,-3.5800536,0.4127906858921051,0.1748768538236618,0.024876847863197327
YFL002W-B,YOR343W-A,1,-3.5802057,0.4161849617958069,0.17733989655971527,0.024876847863197327
YBL015W,YPR119W,0,-3.5803497,0.4137931168079376,0.17733989655971527,0.025123152881860733
YER137C-A,YNL054W-A,1,-3.5803797,0.4171428680419922,0.17980295419692993,0.025123152881860733
YKL192C,YGR161C,0,-3.5810702,0.41477271914482117,0.17980295419692993,0.02536945790052414
YGR246C,YFL018W-A,0,-3.5811164,0.4124293923377991,0.17980295419692993,0.025615762919187546
YOR343W-A,YOR343W-B,1,-3.5814667,0.4157303273677826,0.1822660118341446,0.025615762919187546
YMR046C,YNL054W-B,1,-3.5819447,0.4189944267272949,0.18472906947135925,0.025615762919187546
YER104W,YFL002W-B,1,-3.5823145,0.42222222685813904,0.18719211220741272,0.025615762919187546
YER160C,YNL054W-A,1,-3.582445,0.4254143536090851,0.18965516984462738,0.025615762919187546
YDR210C-C,YER137C-A,1,-3.582706,0.4285714328289032,0.19211822748184204,0.025615762919187546
YOR236W,YJL012C-A,0,-3.583182,0.4262295067310333,0.19211822748184204,0.0258620698004961
YER104W,YLR227W-B,1,-3.5836625,0.42934781312942505,0.1945812851190567,0.0258620698004961
YDR210C-C,YMR046C,1,-3.5848584,0.4324324429035187,0.19704432785511017,0.0258620698004961
YDR261W-B,YER137C-A,1,-3.5857716,0.4354838728904724,0.19950738549232483,0.0258620698004961
YMR046C,YNL054W-A,1,-3.5867062,0.4385026693344116,0.2019704431295395,0.0258620698004961
YLR401C,YDL038C,0,-3.587123,0.43617022037506104,0.2019704431295395,0.026108374819159508
YER160C,YNL054W-B,1,-3.5882716,0.43915343284606934,0.20443350076675415,0.026108374819159508
YER137C-A,YGR109W-B,1,-3.5885541,0.4421052634716034,0.2068965584039688,0.026108374819159508
YDR034C-C,YNL054W-A,1,-3.5885541,0.4450261890888214,0.20935960114002228,0.026108374819159508
YGR027W-B,YNL054W-B,1,-3.588728,0.4479166567325592,0.21182265877723694,0.026108374819159508
YER137C-A,YGR027W-B,1,-3.5888586,0.45077720284461975,0.2142857164144516,0.026108374819159508
YFL002W-B,YGR161W-B,1,-3.5888586,0.4536082446575165,0.21674877405166626,0.026108374819159508
YDR210C-D,YNL054W-A,1,-3.5890543,0.4564102590084076,0.21921181678771973,0.026108374819159508
YAL009W,YDL038C,0,-3.589061,0.45408162474632263,0.21921181678771973,0.026354679837822914
YIL080W,YLR227W-B,1,-3.5892065,0.4568527936935425,0.2216748744249344,0.026354679837822914
YJR158W,YCR058C,0,-3.589411,0.4545454680919647,0.2216748744249344,0.02660098485648632
YER104W,YDR261C-D,1,-3.590511,0.45728641748428345,0.22413793206214905,0.02660098485648632
YDR210C-D,YNL054W-B,1,-3.5909023,0.46000000834465027,0.2266009896993637,0.02660098485648632
YPR101W,YCR080W,0,-3.5912554,0.45771142840385437,0.2266009896993637,0.026847289875149727
YBR179C,YNL210W,0,-3.591338,0.4554455578327179,0.2266009896993637,0.027093596756458282
YFL002W-B,YIL080W,1,-3.5921633,0.45812806487083435,0.22906403243541718,0.027093596756458282
YLR274W,YCR080W,0,-3.5924668,0.45588234066963196,0.22906403243541718,0.02733990177512169
YBR034C,YBR100W,0,-3.5925932,0.4536585509777069,0.22906403243541718,0.027586206793785095
YGR109W-B,YNL054W-B,1,-3.5927503,0.4563106894493103,0.23152709007263184,0.027586206793785095
YJR029W,YNL054W-B,1,-3.5930984,0.4589371979236603,0.2339901477098465,0.027586206793785095
YER104W,YOR343W-B,1,-3.5936418,0.4615384638309479,0.23645320534706116,0.027586206793785095
YGL037C,YCR080W,0,-3.59377,0.45933014154434204,0.23645320534706116,0.0278325118124485
YLR227W-B,YNL054W-A,1,-3.5938373,0.46190476417541504,0.23891626298427582,0.0278325118124485
YDR210C-C,YGR027W-B,1,-3.594207,0.4644549787044525,0.24137930572032928,0.0278325118124485
YGR109W-B,YMR046C,1,-3.594283,0.4669811427593231,0.24384236335754395,0.0278325118124485
YDR210C-D,YIL080W,1,-3.5943158,0.46948355436325073,0.2463054209947586,0.0278325118124485
YER160C,YGR027W-B,1,-3.594457,0.4719626307487488,0.24876847863197327,0.0278325118124485
YER104W,YOR343W-A,1,-3.5947614,0.47441861033439636,0.25123152136802673,0.0278325118124485
YCR080W,YER049W,0,-3.5950391,0.4722222089767456,0.25123152136802673,0.028078816831111908
YDR034C-C,YIL080W,1,-3.5953374,0.4746543765068054,0.2536945939064026,0.028078816831111908
YDR034C-C,YDR261W-B,1,-3.5955765,0.47706422209739685,0.25615763664245605,0.028078816831111908
YDR261W-B,YLR227W-B,1,-3.5956745,0.4794520437717438,0.2586206793785095,0.028078816831111908
YER104W,YNL054W-A,1,-3.5957177,0.48181816935539246,0.2610837519168854,0.028078816831111908
YDR210C-C,YNL054W-B,1,-3.5962508,0.4841628968715668,0.26354679465293884,0.028078816831111908
YGR027W-B,YLR227W-B,1,-3.5965874,0.4864864945411682,0.2660098373889923,0.028078816831111908
YER137C-A,YNL054W-B,1,-3.5968375,0.48878923058509827,0.26847290992736816,0.028078816831111908
YDR034C-C,YGR027W-B,1,-3.5969572,0.4910714328289032,0.27093595266342163,0.028078816831111908
YDR261W-B,YER160C,1,-3.5975225,0.4933333396911621,0.2733990252017975,0.028078816831111908
YHR115C,YGL210W-A,0,-3.5975485,0.491150438785553,0.2733990252017975,0.028325123712420464
YBL098W,YKL201C,0,-3.597574,0.4889867901802063,0.2733990252017975,0.02857142873108387
YDR184C,YER044C-A,0,-3.5982087,0.4868420958518982,0.2733990252017975,0.028817733749747276
YGR027W-B,YGR161W-B,1,-3.5983377,0.4890829622745514,0.27586206793785095,0.028817733749747276
YGR027W-B,YLR256W-A,1,-3.5984576,0.49130433797836304,0.2783251106739044,0.028817733749747276
YMR046C,YOR343W-B,1,-3.5988052,0.4935064911842346,0.2807881832122803,0.028817733749747276
YGR027W-B,YNL054W-A,1,-3.598903,0.49568966031074524,0.28325122594833374,0.028817733749747276
YDR210C-C,YDR261W-B,1,-3.5990007,0.497854083776474,0.2857142984867096,0.028817733749747276
YDR210C-C,YGR109W-B,1,-3.6000552,0.5,0.28817734122276306,0.028817733749747276
YDR210C-C,YLR227W-B,1,-3.6002183,0.5021276473999023,0.29064038395881653,0.028817733749747276
YDR034C-C,YDR210C-C,1,-3.6004794,0.5042372941970825,0.2931034564971924,0.028817733749747276
YDR210C-C,YER160C,1,-3.6006315,0.5063291192054749,0.29556649923324585,0.028817733749747276
YGR027W-B,YJR029W,1,-3.6008487,0.5084033608436584,0.2980295419692993,0.028817733749747276
YDR210C-C,YLR256W-A,1,-3.6009903,0.5104602575302124,0.30049261450767517,0.028817733749747276
YLR227W-B,YNL054W-B,1,-3.60149,0.512499988079071,0.30295565724372864,0.028817733749747276
YBL005W-B,YNL054W-B,1,-3.6016314,0.5145228505134583,0.3054187297821045,0.028817733749747276
YDR261W-B,YJR029W,1,-3.6016748,0.5165289044380188,0.30788177251815796,0.028817733749747276
YDR210C-D,YGR027W-B,1,-3.6017401,0.5185185074806213,0.3103448152542114,0.028817733749747276
YMR055C,YDL038C,0,-3.601764,0.5163934230804443,0.3103448152542114,0.029064038768410683
YFL002W-B,YNL054W-A,1,-3.6018271,0.518367350101471,0.3128078877925873,0.029064038768410683
YDR261W-B,YGR161W-B,1,-3.6018815,0.5203251838684082,0.31527093052864075,0.029064038768410683
YDR034C-C,YNL054W-B,1,-3.6020555,0.52226722240448,0.3177340030670166,0.029064038768410683
YGR161W-B,YNL054W-B,1,-3.6020882,0.524193525314331,0.32019704580307007,0.029064038768410683
YOR133W,YIL167W,0,-3.6021333,0.522088348865509,0.32019704580307007,0.02931034564971924
YDR261W-B,YOR343W-A,1,-3.6022403,0.5239999890327454,0.32266008853912354,0.02931034564971924
YGR161W-B,YNL054W-A,1,-3.6024141,0.525896430015564,0.3251231610774994,0.02931034564971924
YJR029W,YNL054W-A,1,-3.6026206,0.5277777910232544,0.32758620381355286,0.02931034564971924
YLR227W-B,YLR256W-A,1,-3.602675,0.529644250869751,0.3300492465496063,0.02931034564971924
YCL035C,YKL070W,0,-3.6027143,0.5275590419769287,0.3300492465496063,0.029556650668382645
YIL080W,YLR256W-A,1,-3.6027508,0.529411792755127,0.3325123190879822,0.029556650668382645
YDR034C-C,YMR046C,1,-3.603001,0.53125,0.33497536182403564,0.029556650668382645
YDR261W-B,YLR256W-A,1,-3.6033595,0.533073902130127,0.3374384343624115,0.029556650668382645
YDR261C-D,YMR046C,1,-3.6041536,0.5348837375640869,0.33990147709846497,0.029556650668382645
YER106W,YIL144W,0,-3.6044862,0.5328185558319092,0.33990147709846497,0.02980295568704605
YJL021C,YKL140W,0,-3.6046398,0.5307692289352417,0.33990147709846497,0.030049260705709457
YDR210C-D,YDR261W-B,1,-3.6046968,0.532567024230957,0.34236451983451843,0.030049260705709457
YGR109W-B,YNL054W-A,1,-3.604784,0.5343511700630188,0.3448275923728943,0.030049260705709457
YBL005W-B,YNL054W-A,1,-3.6049688,0.536121666431427,0.34729063510894775,0.030049260705709457
YLR227W-B,YMR046C,1,-3.6053438,0.5378788113594055,0.3497537076473236,0.030049260705709457
YDR261W-B,YNL054W-B,1,-3.605572,0.5396226644515991,0.3522167503833771,0.030049260705709457
YER104W,YGR027W-B,1,-3.6055827,0.5413534045219421,0.35467979311943054,0.030049260705709457
YJL113W,YOR343W-A,1,-3.6056535,0.5430711507797241,0.3571428656578064,0.030049260705709457
YKR095W-A,YNL160W,0,-3.6056545,0.5410447716712952,0.3571428656578064,0.030295565724372864
YIL080W,YOR343W-A,1,-3.605822,0.5427509546279907,0.35960590839385986,0.030295565724372864
YGR027W-B,YIL080W,1,-3.6059797,0.5444444417953491,0.36206895112991333,0.030295565724372864
YER104W,YDR210C-C,1,-3.606181,0.5461254715919495,0.3645320236682892,0.030295565724372864
YDR210C-C,YJR029W,1,-3.6068385,0.5477941036224365,0.36699506640434265,0.030295565724372864
YBL005W-B,YJR029W,1,-3.6068416,0.5494505763053894,0.3694581389427185,0.030295565724372864
YNL054W-B,YOR343W-A,1,-3.606871,0.5510948896408081,0.371921181678772,0.030295565724372864
YML110C,YPL041C,0,-3.6068876,0.5490909218788147,0.371921181678772,0.03054187260568142
YHR079C-B,YMR322C,0,-3.6071389,0.5471014380455017,0.371921181678772,0.030788177624344826
YDR210C-D,YMR046C,1,-3.607382,0.5487364530563354,0.37438422441482544,0.030788177624344826
YGR027W-B,YOR343W-A,1,-3.6074038,0.5503597259521484,0.3768472969532013,0.030788177624344826
YHR079C-B,YPR016C,0,-3.6074193,0.5483871102333069,0.3768472969532013,0.031034482643008232
YLR256W-A,YNL054W-B,1,-3.6074579,0.550000011920929,0.37931033968925476,0.031034482643008232
YDR034C-C,YER137C-A,1,-3.6075017,0.5516014099121094,0.3817734122276306,0.031034482643008232
YGR027W-B,YOR343W-B,1,-3.6076102,0.5531914830207825,0.3842364549636841,0.031034482643008232
YGR246C,YHR079C-B,0,-3.60791,0.5512367486953735,0.3842364549636841,0.03128078952431679
YLR256W-A,YNL054W-A,1,-3.6079526,0.5528169274330139,0.38669949769973755,0.03128078952431679
YGL210W-A,YBR154C,0,-3.6080444,0.5508772134780884,0.38669949769973755,0.031527094542980194
YNL054W-B,YOR343W-B,1,-3.6080778,0.5524475574493408,0.3891625702381134,0.031527094542980194
YER137C-A,YMR046C,1,-3.608105,0.5540069937705994,0.39162561297416687,0.031527094542980194
YGL046W,YDR200C,0,-3.608144,0.5520833134651184,0.39162561297416687,0.0317733995616436
YDR210C-C,YDR210C-D,1,-3.608159,0.5536332130432129,0.39408865571022034,0.0317733995616436
YDR261W-B,YJL113W,1,-3.6082082,0.5551724433898926,0.3965517282485962,0.0317733995616436
YAL022C,YCR080W,0,-3.6084187,0.5532646179199219,0.3965517282485962,0.03201970458030701
YDR261W-B,YNL054W-A,1,-3.6084855,0.5547945499420166,0.39901477098464966,0.03201970458030701
YGR027W-B,YGR109W-B,1,-3.6085393,0.5563139915466309,0.4014778435230255,0.03201970458030701
YDR261C-D,YNL054W-B,1,-3.6085508,0.557823121547699,0.403940886259079,0.03201970458030701
YLR256W-A,YOR343W-B,1,-3.6085615,0.5593220591545105,0.40640392899513245,0.03201970458030701
YBR012W-B,YNL054W-B,1,-3.6086538,0.5608108043670654,0.4088670015335083,0.03201970458030701
YDR261C-D,YNL054W-A,1,-3.6086593,0.5622895359992981,0.41133004426956177,0.03201970458030701
YER104W,YER137C-A,1,-3.608768,0.563758373260498,0.4137931168079376,0.03201970458030701
YLR259C,YGR111W,0,-3.6089013,0.5618728995323181,0.4137931168079376,0.03226600959897041
YBL005W-B,YGR027W-B,1,-3.6092079,0.5633333325386047,0.4162561595439911,0.03226600959897041
YDR419W,YJL012C-A,0,-3.6094172,0.5614618062973022,0.4162561595439911,0.03251231461763382
YLR256W-A,YMR046C,1,-3.6095343,0.5629138946533203,0.41871920228004456,0.03251231461763382
YBL005W-B,YDR261W-B,1,-3.6096268,0.5643564462661743,0.4211822748184204,0.03251231461763382
YGR027W-B,YMR046C,1,-3.6098769,0.5657894611358643,0.4236453175544739,0.03251231461763382
YMR046C,YOR343W-A,1,-3.6102736,0.5672131180763245,0.42610836029052734,0.03251231461763382
YPR031W,YCR058C,0,-3.610299,0.5653594732284546,0.42610836029052734,0.032758619636297226
YER104W,YDR261W-B,1,-3.6103442,0.5667752623558044,0.4285714328289032,0.032758619636297226
YER137C-A,YER160C,1,-3.6103766,0.5681818127632141,0.43103447556495667,0.032758619636297226
YDL174C,YER106W,0,-3.6109629,0.5663430690765381,0.43103447556495667,0.03300492465496063
YCR058C,YPL029W,0,-3.6109664,0.5645161271095276,0.43103447556495667,0.03325122967362404
YCL035C,YJL012C-A,0,-3.6111352,0.5627009868621826,0.43103447556495667,0.033497538417577744
YGL210W-A,YGL153W,0,-3.6113756,0.5608974099159241,0.43103447556495667,0.03374384343624115
YFL002W-B,YMR046C,1,-3.611586,0.5623003244400024,0.4334975481033325,0.03374384343624115
YDR261C-D,YLR256W-A,1,-3.6117356,0.5636942386627197,0.435960590839386,0.03374384343624115
YNL242W,YGL046W,0,-3.6119044,0.561904788017273,0.435960590839386,0.033990148454904556
YDR261C-D,YJL113W,1,-3.6120427,0.5632911324501038,0.43842363357543945,0.033990148454904556
YNL054W-A,YOR343W-B,1,-3.612453,0.5646687746047974,0.4408867061138153,0.033990148454904556
YBR012W-B,YNL054W-A,1,-3.6128824,0.5660377144813538,0.4433497488498688,0.033990148454904556
YNL054W-A,YOR343W-A,1,-3.6129777,0.5673981308937073,0.44581282138824463,0.033990148454904556
YDR210C-C,YFL002W-B,1,-3.6131406,0.5687500238418579,0.4482758641242981,0.033990148454904556
YGL116W,YBR034C,0,-3.6131513,0.5669782161712646,0.4482758641242981,0.03423645347356796
YGR109W-B,YLR256W-A,1,-3.6137779,0.5683229565620422,0.45073890686035156,0.03423645347356796
YDR261W-B,YOR343W-B,1,-3.6138406,0.5696594715118408,0.4532019793987274,0.03423645347356796
YDR261W-B,YMR046C,1,-3.6138418,0.5709876418113708,0.4556650221347809,0.03423645347356796
YBL005W-B,YLR256W-A,1,-3.6142697,0.5723077058792114,0.45812806487083435,0.03423645347356796
YJL113W,YLR227W-B,1,-3.6143486,0.5736196041107178,0.4605911374092102,0.03423645347356796
YBL005W-B,YDR210C-C,1,-3.6143513,0.574923574924469,0.46305418014526367,0.03423645347356796
YGR109W-B,YJL113W,1,-3.614854,0.5762194991111755,0.4655172526836395,0.03423645347356796
YER137C-A,YGR161W-B,1,-3.6153185,0.5775076150894165,0.467980295419693,0.03423645347356796
YDR261W-B,YGR109W-B,1,-3.6154065,0.5787878632545471,0.47044333815574646,0.03423645347356796
YDR034C-C,YJL113W,1,-3.6155612,0.5800604224205017,0.4729064106941223,0.03423645347356796
YER104W,YNL054W-B,1,-3.6159406,0.5813252925872803,0.4753694534301758,0.03423645347356796
YOR133W,YKR095W-A,0,-3.6159668,0.5795795917510986,0.4753694534301758,0.03448275849223137
YJL113W,YOR343W-B,1,-3.6161268,0.5808383226394653,0.47783252596855164,0.03448275849223137
YDR210C-C,YGR161W-B,1,-3.6162465,0.5820895433425903,0.4802955687046051,0.03448275849223137
YDR210C-D,YER137C-A,1,-3.616254,0.5833333134651184,0.48275861144065857,0.03448275849223137
YPL212C,YLR224W,0,-3.6163895,0.5816023945808411,0.48275861144065857,0.034729063510894775
YJL047C,YLR157C-A,1,-3.6164477,0.5828402638435364,0.4852216839790344,0.034729063510894775
YJL047C,YDR261C-D,1,-3.6164477,0.5840708017349243,0.4876847267150879,0.034729063510894775
YHL009W-A,YNL054W-B,1,-3.6164477,0.5852941274642944,0.49014776945114136,0.034729063510894775
YHL009W-A,YLR256W-A,1,-3.6164477,0.5865102410316467,0.4926108419895172,0.034729063510894775
YHL009W-A,YNL054W-A,1,-3.6164477,0.5877193212509155,0.4950738847255707,0.034729063510894775
YHL009W-A,YMR046C,1,-3.6164477,0.588921308517456,0.49753695726394653,0.034729063510894775
YBL005W-B,YNL284C-A,1,-3.6164477,0.5901162624359131,0.5,0.034729063510894775
YBL101W-B,YBR012W-B,1,-3.6164477,0.591304361820221,0.5024630427360535,0.034729063510894775
YHL009W-A,YNL284C-A,1,-3.6164477,0.5924855470657349,0.5049260854721069,0.034729063510894775
YBL101W-B,YGR161W-B,1,-3.6164477,0.5936599373817444,0.5073891878128052,0.034729063510894775
YLR157C-A,YNL054W-B,1,-3.6164477,0.5948275923728943,0.5098522305488586,0.034729063510894775
YHL009W-A,YOR343W-A,1,-3.6164477,0.5959885120391846,0.5123152732849121,0.034729063510894775
YBL101W-B,YOR343W-A,1,-3.6164477,0.5971428751945496,0.5147783160209656,0.034729063510894775
YBL101W-B,YNL284C-A,1,-3.6164477,0.5982906222343445,0.517241358757019,0.034729063510894775
YJL113W,YNL284C-A,1,-3.6164477,0.5994318127632141,0.5197044610977173,0.034729063510894775
YBL101W-B,YER137C-A,1,-3.6164477,0.600566565990448,0.5221675038337708,0.034729063510894775
YIL080W,YNL284C-A,1,-3.6164477,0.6016949415206909,0.5246305465698242,0.034729063510894775
YBL101W-B,YER160C,1,-3.6164477,0.6028168797492981,0.5270935893058777,0.034729063510894775
YLR157C-A,YOR343W-A,1,-3.6164477,0.6039325594902039,0.5295566320419312,0.034729063510894775
YER137C-A,YLR157C-A,1,-3.6164477,0.605042040348053,0.5320196747779846,0.034729063510894775
YJL047C,YFL002W-B,1,-3.6164477,0.6061452627182007,0.5344827771186829,0.034729063510894775
YLR157C-A,YNL284C-A,1,-3.6164477,0.6072423458099365,0.5369458198547363,0.034729063510894775
YDR210C-C,YLR157C-A,1,-3.6164477,0.6083333492279053,0.5394088625907898,0.034729063510894775
YBL101W-B,YNL054W-B,1,-3.6164477,0.6094182729721069,0.5418719053268433,0.034729063510894775
YJL113W,YLR157C-A,1,-3.6164477,0.610497236251831,0.5443349480628967,0.034729063510894775
YDR210C-C,YHL009W-A,1,-3.6164477,0.6115702390670776,0.546798050403595,0.034729063510894775
YBL101W-B,YNL054W-A,1,-3.6164477,0.6126373410224915,0.5492610931396484,0.034729063510894775
YBL101W-B,YLR256W-A,1,-3.6164477,0.6136986017227173,0.5517241358757019,0.034729063510894775
YBL101W-B,YMR046C,1,-3.6164477,0.6147540807723999,0.5541871786117554,0.034729063510894775
YBR100W,YLR224W,0,-3.6164477,0.6130790114402771,0.5541871786117554,0.03497536852955818
YBL101W-B,YDR261W-B,1,-3.6164477,0.614130437374115,0.5566502213478088,0.03497536852955818
YLR157C-A,YOR343W-B,1,-3.6164477,0.6151761412620544,0.5591133236885071,0.03497536852955818
YJL047C,YER137C-A,1,-3.6164477,0.616216242313385,0.5615763664245605,0.03497536852955818
YBL101W-B,YDR261C-D,1,-3.6164477,0.6172506809234619,0.564039409160614,0.03497536852955818
YHL009W-A,YOR343W-B,1,-3.6164477,0.6182795763015747,0.5665024518966675,0.03497536852955818
YDR261C-D,YNL284C-A,1,-3.6164477,0.6193029284477234,0.568965494632721,0.03497536852955818
YBL101W-B,YDR034C-C,1,-3.6164477,0.6203208565711975,0.5714285969734192,0.03497536852955818
YBL101W-B,YGR109W-B,1,-3.6164477,0.6213333606719971,0.5738916397094727,0.03497536852955818
YBL101W-B,YDR210C-C,1,-3.6164477,0.6223404407501221,0.5763546824455261,0.03497536852955818
YIL080W,YLR157C-A,1,-3.6164477,0.6233421564102173,0.5788177251815796,0.03497536852955818
YDR034C-C,YNL284C-A,1,-3.6164477,0.6243386268615723,0.5812807679176331,0.03497536852955818
YER137C-A,YNL284C-A,1,-3.6164477,0.6253297924995422,0.5837438702583313,0.03497536852955818
YBL101W-B,YDR210C-D,1,-3.6164477,0.6263157725334167,0.5862069129943848,0.03497536852955818
YJL047C,YHL009W-A,1,-3.6164477,0.6272965669631958,0.5886699557304382,0.03497536852955818
YER137C-A,YHL009W-A,1,-3.6164477,0.6282722353935242,0.5911329984664917,0.03497536852955818
YBL101W-B,YOR343W-B,1,-3.6164477,0.6292428374290466,0.5935960412025452,0.03497536852955818
YLR157C-A,YNL054W-A,1,-3.6164477,0.6302083134651184,0.5960590839385986,0.03497536852955818
YDR210C-C,YNL284C-A,1,-3.6164477,0.6311688423156738,0.5985221862792969,0.03497536852955818
YJL047C,YDR261W-B,1,-3.6164477,0.6321243643760681,0.6009852290153503,0.03497536852955818
YJL047C,YGR161W-B,1,-3.6164477,0.633074939250946,0.6034482717514038,0.03497536852955818
YJL047C,YGR109W-B,1,-3.6164477,0.6340206265449524,0.6059113144874573,0.03497536852955818
YJL047C,YGR027W-B,1,-3.6164477,0.6349614262580872,0.6083743572235107,0.03497536852955818
YJL047C,YDR210C-C,1,-3.6164477,0.6358974575996399,0.610837459564209,0.03497536852955818
YCR058C,YJL045W,0,-3.6164477,0.6342710852622986,0.610837459564209,0.03522167354822159
YGR109W-B,YLR157C-A,1,-3.6164477,0.6352040767669678,0.6133005023002625,0.03522167354822159
YDR210C-D,YNL284C-A,1,-3.6164477,0.6361322999000549,0.6157635450363159,0.03522167354822159
YJL047C,YBL101W-B,1,-3.6164477,0.6370558142662048,0.6182265877723694,0.03522167354822159
YBR012W-B,YLR157C-A,1,-3.6164477,0.6379746794700623,0.6206896305084229,0.03522167354822159
YDR210C-D,YLR157C-A,1,-3.6164477,0.6388888955116272,0.6231527328491211,0.03522167354822159
YER104W,YNL284C-A,1,-3.6164477,0.6397984623908997,0.6256157755851746,0.03522167354822159
YMR046C,YNL284C-A,1,-3.6164477,0.6407034993171692,0.628078818321228,0.03522167354822159
YBL005W-B,YBL101W-B,1,-3.6164477,0.6416040062904358,0.6305418610572815,0.03522167354822159
YBL101W-B,YJL113W,1,-3.6164477,0.6424999833106995,0.633004903793335,0.03522167354822159
YGR027W-B,YNL284C-A,1,-3.6164477,0.6433915495872498,0.6354680061340332,0.03522167354822159
YDR034C-C,YHL009W-A,1,-3.6164477,0.6442785859107971,0.6379310488700867,0.03522167354822159
YJL047C,YOR343W-B,1,-3.6164477,0.6451612710952759,0.6403940916061401,0.03522167354822159
YBL101W-B,YIL080W,1,-3.6164477,0.646039605140686,0.6428571343421936,0.03522167354822159
YGR109W-B,YHL009W-A,1,-3.6164477,0.6469135880470276,0.6453201770782471,0.03522167354822159
YHL009W-A,YLR227W-B,1,-3.6164477,0.6477832794189453,0.6477832794189453,0.03522167354822159
YDR261C-D,YHL009W-A,1,-3.6164477,0.6486486196517944,0.6502463221549988,0.03522167354822159
YLR157C-A,YMR046C,1,-3.6164477,0.6495097875595093,0.6527093648910522,0.03522167354822159
YER160C,YLR157C-A,1,-3.6164477,0.6503667235374451,0.6551724076271057,0.03522167354822159
YNL054W-A,YNL284C-A,1,-3.6164477,0.6512194871902466,0.6576354503631592,0.03522167354822159
YGR027W-B,YLR157C-A,1,-3.6164477,0.6520681381225586,0.6600984930992126,0.03522167354822159
YER104W,YLR157C-A,1,-3.6164477,0.6529126167297363,0.6625615954399109,0.03522167354822159
YFL002W-B,YNL284C-A,1,-3.6164477,0.6537530422210693,0.6650246381759644,0.03522167354822159
YNL284C-A,YOR343W-B,1,-3.6164477,0.6545893549919128,0.6674876809120178,0.03522167354822159
YFL002W-B,YHL009W-A,1,-3.6164477,0.6554216742515564,0.6699507236480713,0.03522167354822159
YBL101W-B,YLR157C-A,1,-3.6164477,0.65625,0.6724137663841248,0.03522167354822159
YJR029W,YNL284C-A,1,-3.6164477,0.6570743322372437,0.674876868724823,0.03522167354822159
YFL002W-B,YLR157C-A,1,-3.6164477,0.6578947305679321,0.6773399114608765,0.03522167354822159
YDR261W-B,YNL284C-A,1,-3.6164477,0.6587111949920654,0.6798029541969299,0.03522167354822159
YBL101W-B,YJR029W,1,-3.6164477,0.6595237851142883,0.6822659969329834,0.03522167354822159
YNL284C-A,YOR343W-A,1,-3.6164477,0.6603325605392456,0.6847290396690369,0.03522167354822159
YER104W,YBL101W-B,1,-3.6164477,0.6611374616622925,0.6871921420097351,0.03522167354822159
YLR157C-A,YLR227W-B,1,-3.6164477,0.6619385480880737,0.6896551847457886,0.03522167354822159
YER104W,YHL009W-A,1,-3.6164477,0.6627358198165894,0.692118227481842,0.03522167354822159
YNL054W-B,YNL284C-A,1,-3.6164477,0.6635293960571289,0.6945812702178955,0.03522167354822159
YBR012W-B,YNL284C-A,1,-3.6164477,0.6643192768096924,0.697044312953949,0.03522167354822159
YGR027W-B,YHL009W-A,1,-3.6164477,0.665105402469635,0.6995074152946472,0.03522167354822159
YER160C,YNL284C-A,1,-3.6164477,0.6658878326416016,0.7019704580307007,0.03522167354822159
YLR157C-A,YLR256W-A,1,-3.6164477,0.6666666865348816,0.7044335007667542,0.03522167354822159
YJL047C,YOR343W-A,1,-3.6164477,0.6674418449401855,0.7068965435028076,0.03522167354822159
YDR261W-B,YLR157C-A,1,-3.6164477,0.6682134866714478,0.7093595862388611,0.03522167354822159
YBR012W-B,YHL009W-A,1,-3.6164477,0.6689814925193787,0.7118226885795593,0.03522167354822159
YBL101W-B,YLR227W-B,1,-3.6164477,0.6697459816932678,0.7142857313156128,0.03522167354822159
YER160C,YHL009W-A,1,-3.6164477,0.6705068945884705,0.7167487740516663,0.03522167354822159
YDR210C-D,YHL009W-A,1,-3.6164477,0.6712643504142761,0.7192118167877197,0.03522167354822159
YLR227W-B,YNL284C-A,1,-3.6164477,0.6720183491706848,0.7216748595237732,0.03522167354822159
YGR161W-B,YNL284C-A,1,-3.6164477,0.6727688908576965,0.7241379022598267,0.03522167354822159
YDR034C-C,YLR157C-A,1,-3.6164477,0.6735159754753113,0.7266010046005249,0.03522167354822159
YDR261W-B,YHL009W-A,1,-3.6164477,0.6742596626281738,0.7290640473365784,0.03522167354822159
YBL005W-B,YLR157C-A,1,-3.6164477,0.675000011920929,0.7315270900726318,0.03522167354822159
YJL047C,YNL054W-A,1,-3.6164477,0.6757369637489319,0.7339901328086853,0.03522167354822159
YJL047C,YDR210C-D,1,-3.6164477,0.6764705777168274,0.7364531755447388,0.03522167354822159
YHL009W-A,YIL080W,1,-3.6164477,0.6772009134292603,0.738916277885437,0.03522167354822159
YJL047C,YLR256W-A,1,-3.6164477,0.6779279112815857,0.7413793206214905,0.03522167354822159
YJL047C,YLR227W-B,1,-3.6164477,0.6786516904830933,0.743842363357544,0.03522167354822159
YHL009W-A,YJL113W,1,-3.6164477,0.6793721914291382,0.7463054060935974,0.03522167354822159
YHL009W-A,YJR029W,1,-3.6164477,0.6800894737243652,0.7487684488296509,0.03522167354822159
YHL009W-A,YLR157C-A,1,-3.6164477,0.6808035969734192,0.7512315511703491,0.03522167354822159
YBL005W-B,YHL009W-A,1,-3.6164477,0.6815145015716553,0.7536945939064026,0.03522167354822159
YBL101W-B,YFL002W-B,1,-3.6164477,0.6822222471237183,0.756157636642456,0.03522167354822159
YJL047C,YNL284C-A,1,-3.6164477,0.6829268336296082,0.7586206793785095,0.03522167354822159
YBL101W-B,YGR027W-B,1,-3.6164477,0.6836283206939697,0.761083722114563,0.03522167354822159
YGR161W-B,YLR157C-A,1,-3.6164477,0.684326708316803,0.7635468244552612,0.03522167354822159
YBL101W-B,YHL009W-A,1,-3.6164477,0.6850220561027527,0.7660098671913147,0.03522167354822159
YJL047C,YDR034C-C,1,-3.6164477,0.6857143044471741,0.7684729099273682,0.03522167354822159
YJL047C,YNL054W-B,1,-3.6164477,0.6864035129547119,0.7709359526634216,0.03522167354822159
YDR261C-D,YLR157C-A,1,-3.6164477,0.687089741230011,0.7733989953994751,0.03522167354822159
YJR029W,YLR157C-A,1,-3.6164477,0.6877729296684265,0.7758620977401733,0.03522167354822159
YLR256W-A,YNL284C-A,1,-3.6164477,0.6884531378746033,0.7783251404762268,0.03522167354822159
YGR161W-B,YHL009W-A,1,-3.6164477,0.689130425453186,0.7807881832122803,0.03522167354822159
YGR109W-B,YNL284C-A,1,-3.6164477,0.6898047924041748,0.7832512259483337,0.03522167354822159
YBR012W-B,YGR027W-B,1,-3.6166482,0.6904761791229248,0.7857142686843872,0.03522167354822159
YLR175W,YIR005W,0,-3.6167552,0.6889848709106445,0.7857142686843872,0.035467978566884995
YFL002W-B,YLR256W-A,1,-3.6167738,0.6896551847457886,0.7881773114204407,0.035467978566884995
YDR261W-B,YIL080W,1,-3.6168828,0.6903225779533386,0.7906404137611389,0.035467978566884995
YHR082C,YBR100W,0,-3.6169121,0.6888412237167358,0.7906404137611389,0.0357142873108387
YDR261C-D,YGR027W-B,1,-3.6169953,0.6895074844360352,0.7931034564971924,0.0357142873108387
YGL046W,YOR172W,0,-3.616999,0.688034176826477,0.7931034564971924,0.035960592329502106
YDR261C-D,YDR261W-B,1,-3.6171026,0.6886993646621704,0.7955664992332458,0.035960592329502106
YDR034C-C,YLR256W-A,1,-3.6174312,0.6893616914749146,0.7980295419692993,0.035960592329502106
YDR210C-C,YJL113W,1,-3.6176329,0.6900212168693542,0.8004925847053528,0.035960592329502106
YIL080W,YNL054W-A,1,-3.6176755,0.6906779408454895,0.802955687046051,0.035960592329502106
YGR133W,YCR080W,0,-3.617849,0.689217746257782,0.802955687046051,0.03620689734816551
YBR012W-B,YDR261W-B,1,-3.6180623,0.6898733973503113,0.8054187297821045,0.03620689734816551
YER106W,YIL038C,0,-3.6185615,0.6884210705757141,0.8054187297821045,0.03645320236682892
YJL113W,YNL054W-B,1,-3.618951,0.6890756487846375,0.807881772518158,0.03645320236682892
YER160C,YLR256W-A,1,-3.6190243,0.6897274851799011,0.8103448152542114,0.03645320236682892
YDR108W,YDL038C,0,-3.6190917,0.6882845163345337,0.8103448152542114,0.036699507385492325
YDR210C-D,YJL113W,1,-3.6192718,0.6889352798461914,0.8128078579902649,0.036699507385492325
YJR029W,YLR256W-A,1,-3.6194022,0.6895833611488342,0.8152709603309631,0.036699507385492325
YGR161W-B,YMR046C,1,-3.6199536,0.6902287006378174,0.8177340030670166,0.036699507385492325
YER160C,YIL080W,1,-3.6203928,0.6908713579177856,0.8201970458030701,0.036699507385492325
YDR210C-C,YOR343W-A,1,-3.6204402,0.6915113925933838,0.8226600885391235,0.036699507385492325
YDR210C-C,YDR261C-D,1,-3.6205542,0.692148745059967,0.825123131275177,0.036699507385492325
YFL002W-B,YJL113W,1,-3.6207392,0.692783534526825,0.8275862336158752,0.036699507385492325
YIL080W,YNL054W-B,1,-3.6210163,0.693415641784668,0.8300492763519287,0.036699507385492325
YGR161W-B,YLR256W-A,1,-3.6211169,0.6940451860427856,0.8325123190879822,0.036699507385492325
YIL075C,YPL041C,0,-3.621136,0.6926229596138,0.8325123190879822,0.03694581240415573
YDR210C-C,YOR343W-B,1,-3.6211984,0.6932515501976013,0.8349753618240356,0.03694581240415573
YER137C-A,YLR256W-A,1,-3.6212227,0.6938775777816772,0.8374384045600891,0.03694581240415573
YJL021C,YMR224C,0,-3.6214,0.6924643516540527,0.8374384045600891,0.03719211742281914
YDR363W,YOR230W,0,-3.6223378,0.6910569071769714,0.8374384045600891,0.037438422441482544
YDR210C-D,YLR256W-A,1,-3.6223671,0.6916835904121399,0.8399015069007874,0.037438422441482544
YER137C-A,YOR343W-A,1,-3.6224267,0.692307710647583,0.8423645496368408,0.037438422441482544
YGR027W-B,YJL113W,1,-3.622742,0.6929292678833008,0.8448275923728943,0.037438422441482544
YER137C-A,YLR227W-B,1,-3.6230953,0.6935483813285828,0.8472906351089478,0.037438422441482544
YDR210C-C,YIL080W,1,-3.6231115,0.6941649913787842,0.8497536778450012,0.037438422441482544
YLR103C,YJL012C-A,0,-3.6231768,0.6927710771560669,0.8497536778450012,0.03768472746014595
YDR141C,YCR080W,0,-3.6234639,0.6913827657699585,0.8497536778450012,0.037931036204099655
YDR261W-B,YFL002W-B,1,-3.6237583,0.6919999718666077,0.8522167205810547,0.037931036204099655
YFL002W-B,YNL054W-B,1,-3.6242204,0.6926147937774658,0.8546798229217529,0.037931036204099655
YLR321C,YCR080W,0,-3.6244543,0.6912350654602051,0.8546798229217529,0.03817734122276306
YML042W,YGL210W-A,0,-3.6247003,0.6898608207702637,0.8546798229217529,0.03842364624142647
YCR080W,YIR018W,0,-3.6247375,0.6884920597076416,0.8546798229217529,0.038669951260089874
YJL047C,YBL005W-B,1,-3.6248467,0.6891089081764221,0.8571428656578064,0.038669951260089874
YMR207C,YDL038C,0,-3.6260002,0.687747061252594,0.8571428656578064,0.03891625627875328
YLR256W-A,YOR343W-A,1,-3.6263237,0.6883628964424133,0.8596059083938599,0.03891625627875328
YJL113W,YLR256W-A,1,-3.6264327,0.6889764070510864,0.8620689511299133,0.03891625627875328
YKL015W,YCR080W,0,-3.6265137,0.6876227855682373,0.8620689511299133,0.03916256129741669
YNL074C,YCR080W,0,-3.6267045,0.686274528503418,0.8620689511299133,0.03940886631608009
YBR012W-B,YDR210C-C,1,-3.6271498,0.6868884563446045,0.8645319938659668,0.03940886631608009
YGR246C,YGL210W-A,0,-3.6272593,0.685546875,0.8645319938659668,0.0396551713347435
YKL143W,YCR080W,0,-3.6274717,0.6842105388641357,0.8645319938659668,0.039901476353406906
YGR161W-B,YJL113W,1,-3.6275904,0.6848248839378357,0.866995096206665,0.039901476353406906
YER137C-A,YJL113W,1,-3.6276555,0.6854369044303894,0.8694581389427185,0.039901476353406906
YER137C-A,YFL002W-B,1,-3.6283078,0.6860465407371521,0.871921181678772,0.039901476353406906
YJL021C,YDR372C,0,-3.6283154,0.6847195625305176,0.871921181678772,0.04014778509736061
YBR012W-B,YLR256W-A,1,-3.6284924,0.6853281855583191,0.8743842244148254,0.04014778509736061
YML129C,YBR100W,0,-3.628799,0.6840077042579651,0.8743842244148254,0.04039409011602402
YER040W,YCR080W,0,-3.629912,0.682692289352417,0.8743842244148254,0.040640395134687424
YKL038W,YCR080W,0,-3.6311939,0.6813819408416748,0.8743842244148254,0.04088670015335083
YBL005W-B,YER137C-A,1,-3.6313188,0.6819923520088196,0.8768472671508789,0.04088670015335083
YFL002W-B,YGR027W-B,1,-3.631808,0.6826003789901733,0.8793103694915771,0.04088670015335083
YDR299W,YCR080W,0,-3.63182,0.6812977194786072,0.8793103694915771,0.041133005172014236
YJL113W,YNL054W-A,1,-3.6322644,0.6819047331809998,0.8817734122276306,0.041133005172014236
YDR017C,YGL046W,0,-3.6325605,0.6806083917617798,0.8817734122276306,0.04137931019067764
YBR012W-B,YER137C-A,1,-3.6332104,0.6812143921852112,0.8842364549636841,0.04137931019067764
YCR080W,YMR093W,0,-3.633445,0.6799242496490479,0.8842364549636841,0.04162561520934105
YBR100W,YDR137W,0,-3.6336915,0.6786389350891113,0.8842364549636841,0.041871920228004456
YMR164C,YLR126C,0,-3.6337783,0.6773585081100464,0.8842364549636841,0.04211822524666786
YPL221W,YLR346C,0,-3.6338222,0.6760828495025635,0.8842364549636841,0.04236453026533127
YER104W,YLR256W-A,1,-3.6343625,0.6766917109489441,0.8866994976997375,0.04236453026533127
YER014C-A,YKR067W,0,-3.6350029,0.6754221320152283,0.8866994976997375,0.04261083900928497
YMR273C,YPL041C,0,-3.6354651,0.6741573214530945,0.8866994976997375,0.04285714402794838
YGL225W,YJL012C-A,0,-3.635483,0.672897219657898,0.8866994976997375,0.043103449046611786
YMR145C,YMR165C,0,-3.6356199,0.6716417670249939,0.8866994976997375,0.04334975406527519
YDR034C-C,YJR029W,1,-3.6367214,0.6722532510757446,0.889162540435791,0.04334975406527519
YGL116W,YPL036W,0,-3.637616,0.6710036993026733,0.889162540435791,0.0435960590839386
YBL063W,YCR080W,0,-3.638975,0.6697587966918945,0.889162540435791,0.043842364102602005
YGR161W-B,YJR029W,1,-3.6397326,0.6703703999519348,0.8916256427764893,0.043842364102602005
YER137C-A,YOR343W-B,1,-3.6402762,0.6709796786308289,0.8940886855125427,0.043842364102602005
YBR133C,YCR080W,0,-3.6406574,0.669741690158844,0.8940886855125427,0.04408866912126541
YJR029W,YOR343W-A,1,-3.640885,0.6703498959541321,0.8965517282485962,0.04408866912126541
YBR100W,YGL207W,0,-3.640927,0.6691176295280457,0.8965517282485962,0.04433497413992882
YER137C-A,YIL080W,1,-3.6415155,0.6697247624397278,0.8990147709846497,0.04433497413992882
YKL176C,YCR058C,0,-3.641822,0.668498158454895,0.8990147709846497,0.044581279158592224
YDR261C-D,YER137C-A,1,-3.6418633,0.6691042184829712,0.9014778137207031,0.044581279158592224
YJL021C,YMR138W,0,-3.6420407,0.6678832173347473,0.9014778137207031,0.04482758790254593
YER104W,YJR029W,1,-3.6422281,0.6684881448745728,0.9039409160614014,0.04482758790254593
YBR240C,YJL012C-A,0,-3.6439674,0.6672727465629578,0.9039409160614014,0.045073892921209335
YDR210C-D,YJR029W,1,-3.6444287,0.6678766012191772,0.9064039587974548,0.045073892921209335
YIL080W,YJL113W,1,-3.645415,0.66847825050354,0.9088670015335083,0.045073892921209335
YOR239W,YOR237W,0,-3.6461234,0.6672694683074951,0.9088670015335083,0.04532019793987274
YLR438C-A,YJR073C,0,-3.646745,0.666064977645874,0.9088670015335083,0.04556650295853615
YGR246C,YJL012C-A,0,-3.6475728,0.6648648381233215,0.9088670015335083,0.045812807977199554
YER104W,YGR109W-B,1,-3.6478856,0.6654676198959351,0.9113300442695618,0.045812807977199554
YOR288C,YCR058C,0,-3.647978,0.6642729043960571,0.9113300442695618,0.04605911299586296
YGR161C,YFR031C,0,-3.6480427,0.6630824208259583,0.9113300442695618,0.04630541801452637
YER160C,YGR109W-B,1,-3.648255,0.663685142993927,0.9137930870056152,0.04630541801452637
YJR029W,YLR227W-B,1,-3.649277,0.6642857193946838,0.9162561297416687,0.04630541801452637
YPR125W,YDL038C,0,-3.649476,0.6631016135215759,0.9162561297416687,0.046551723033189774
YPL075W,YBR100W,0,-3.6504376,0.6619216799736023,0.9162561297416687,0.04679802805185318
YGR202C,YLR224W,0,-3.6504996,0.6607459783554077,0.9162561297416687,0.047044336795806885
YOR156C,YJL012C-A,0,-3.651705,0.6595744490623474,0.9162561297416687,0.04729064181447029
YER083C,YPR078C,0,-3.6524782,0.6584070920944214,0.9162561297416687,0.0475369468331337
YGR109W-B,YIL080W,1,-3.652951,0.6590105891227722,0.9187192320823669,0.0475369468331337
YDR034C-C,YGR109W-B,1,-3.6529946,0.6596119999885559,0.9211822748184204,0.0475369468331337
YJR029W,YOR343W-B,1,-3.653538,0.6602112650871277,0.9236453175544739,0.0475369468331337
YBL106C,YKL070W,0,-3.653696,0.6590509414672852,0.9236453175544739,0.047783251851797104
YDR210C-D,YGR109W-B,1,-3.6541252,0.659649133682251,0.9261083602905273,0.047783251851797104
YGR109W-B,YGR161W-B,1,-3.65506,0.6602451801300049,0.9285714030265808,0.047783251851797104
YBR072W,YDL038C,0,-3.6554725,0.6590909361839294,0.9285714030265808,0.04802955687046051
YJR073C,YDL038C,0,-3.6558018,0.657940685749054,0.9285714030265808,0.04827586188912392
YGR109W-B,YOR343W-B,1,-3.656582,0.6585366129875183,0.931034505367279,0.04827586188912392
YFL002W-B,YJR029W,1,-3.6569517,0.6591304540634155,0.9334975481033325,0.04827586188912392
YGR109W-B,YLR227W-B,1,-3.6573212,0.6597222089767456,0.935960590839386,0.04827586188912392
YGR109W-B,YOR343W-A,1,-3.6575167,0.6603119373321533,0.9384236335754395,0.04827586188912392
YJL121C,YGR161C,0,-3.6578953,0.6591695547103882,0.9384236335754395,0.04852216690778732
YBL005W-B,YGR109W-B,1,-3.658017,0.6597582101821899,0.9408866763114929,0.04852216690778732
YDR323C,YLR167W,0,-3.6586492,0.6586207151412964,0.9408866763114929,0.04876847192645073
YOR348C,YJL012C-A,0,-3.6589384,0.6574870944023132,0.9408866763114929,0.049014776945114136
YML042W,YDL038C,0,-3.6599398,0.6563574075698853,0.9408866763114929,0.04926108196377754
YBL005W-B,YMR046C,1,-3.6631727,0.6569468379020691,0.9433497786521912,0.04926108196377754
YDR261C-D,YGR109W-B,1,-3.663626,0.6575342416763306,0.9458128213882446,0.04926108196377754
YGR286C,YML042W,0,-3.663646,0.656410276889801,0.9458128213882446,0.04950739070773125
YLR332W,YHR157W,0,-3.6658025,0.6552901268005371,0.9458128213882446,0.04975369572639465
YBL015W,YER014C-A,0,-3.6659248,0.6541737914085388,0.9458128213882446,0.05000000074505806
YDR261C-D,YJR029W,1,-3.6664524,0.6547619104385376,0.9482758641242981,0.05000000074505806
YML128C,YFL037W,0,-3.6665707,0.6536502838134766,0.9482758641242981,0.050246305763721466
YFL002W-B,YGR109W-B,1,-3.668496,0.6542372703552246,0.9507389068603516,0.050246305763721466
YGL210W-A,YGR123C,0,-3.669466,0.653130292892456,0.9507389068603516,0.05049261078238487
YLR212C,YGR080W,0,-3.6716487,0.6520270109176636,0.9507389068603516,0.05073891580104828
YBR012W-B,YGR109W-B,1,-3.6724093,0.6526138186454773,0.953201949596405,0.05073891580104828
YJL104W,YGL046W,0,-3.6729019,0.6515151262283325,0.953201949596405,0.050985220819711685
YDR213W,YPL041C,0,-3.6729243,0.6504201889038086,0.953201949596405,0.05123152583837509
YMR322C,YGR296W,0,-3.675046,0.649328887462616,0.953201949596405,0.0514778308570385
YGL210W-A,YPL193W,0,-3.6763992,0.6482412219047546,0.953201949596405,0.0517241396009922
YBR160W,YCL069W,0,-3.676985,0.6471571922302246,0.953201949596405,0.05197044461965561
YMR073C,YJL012C-A,0,-3.6773343,0.6460767984390259,0.953201949596405,0.052216749638319016
YPR181C,YHR020W,0,-3.6774986,0.6449999809265137,0.953201949596405,0.05246305465698242
YJR073C,YNL197C,0,-3.6780586,0.6439267992973328,0.953201949596405,0.05270935967564583
YDL039C,YOL039W,0,-3.678764,0.6428571343421936,0.953201949596405,0.052955664694309235
YMR037C,YBR284W,0,-3.6805973,0.641791045665741,0.953201949596405,0.05320196971297264
YNL006W,YHR079C-B,0,-3.6831105,0.6407284736633301,0.953201949596405,0.05344827473163605
YER104W,YBL005W-B,1,-3.68515,0.6413223147392273,0.9556650519371033,0.05344827473163605
YGL210W-A,YHR197W,0,-3.6855109,0.6402640342712402,0.9556650519371033,0.053694579750299454
YJL167W,YNL210W,0,-3.685556,0.6392092108726501,0.9556650519371033,0.05394088849425316
YGL019W,YGR161C,0,-3.688697,0.6381579041481018,0.9556650519371033,0.054187193512916565
YLR110C,YPR078C,0,-3.6891692,0.6371099948883057,0.9556650519371033,0.05443349853157997
YNL210W,YGL163C,0,-3.6901157,0.6360656023025513,0.9556650519371033,0.05467980355024338
YMR079W,YLR224W,0,-3.6909053,0.6350245475769043,0.9556650519371033,0.054926108568906784
YKL060C,YLR426W,0,-3.6912198,0.6339869499206543,0.9556650519371033,0.05517241358757019
YBR012W-B,YJL113W,1,-3.694436,0.6345840096473694,0.9581280946731567,0.05517241358757019
YHR142W,YGR111W,0,-3.6964161,0.6335504651069641,0.9581280946731567,0.0554187186062336
YHR020W,YHR048W,0,-3.6982696,0.632520318031311,0.9581280946731567,0.055665023624897
YIL097W,YGR296W,0,-3.6998649,0.6314935088157654,0.9581280946731567,0.05591132864356041
YHR193C,YLR346C,0,-3.7023485,0.6304700374603271,0.9581280946731567,0.056157633662223816
YKR035W-A,YMR104C,0,-3.7071707,0.6294498443603516,0.9581280946731567,0.05640394240617752
YGR108W,YOL104C,0,-3.7132514,0.6284329295158386,0.9581280946731567,0.05665024742484093
YLR197W,YLR385C,0,-3.7137516,0.6274193525314331,0.9581280946731567,0.056896552443504333
YML008C,YNL210W,0,-3.7188358,0.6264089941978455,0.9581280946731567,0.05714285746216774
YER160C,YJL113W,1,-3.7197845,0.6270096302032471,0.9605911374092102,0.05714285746216774
YCR031C,YHR079C-B,0,-3.7209165,0.6260032057762146,0.9605911374092102,0.057389162480831146
YMR037C,YHR020W,0,-3.7279856,0.625,0.9605911374092102,0.05763546749949455
YNL156C,YHR157W,0,-3.7289476,0.6240000128746033,0.9605911374092102,0.05788177251815796
YML008C,YOL034W,0,-3.7291305,0.6230031847953796,0.9605911374092102,0.058128077536821365
YJR137C,YJR073C,0,-3.7295008,0.6220095753669739,0.9605911374092102,0.05837438255548477
YER104W,YER160C,1,-3.729904,0.6226114630699158,0.9630541801452637,0.05837438255548477
YOL104C,YOL039W,0,-3.7318003,0.6216216087341309,0.9630541801452637,0.05862069129943848
YCR091W,YER190W,0,-3.7327044,0.620634913444519,0.9630541801452637,0.05886699631810188
YER104W,YBR012W-B,1,-3.733154,0.6212361454963684,0.9655172228813171,0.05886699631810188
YGR142W,YOR351C,0,-3.733608,0.6202531456947327,0.9655172228813171,0.05911330133676529
YMR015C,YER041W,0,-3.7341726,0.61927330493927,0.9655172228813171,0.059359606355428696
YGR296W,YPL041C,0,-3.734522,0.6182965040206909,0.9655172228813171,0.0596059113740921
YFL003C,YIL018W,0,-3.736439,0.6173228621482849,0.9655172228813171,0.05985221639275551
YOL104C,YMR104C,0,-3.7364538,0.6163522005081177,0.9655172228813171,0.060098521411418915
YOL021C,YGR161C,0,-3.737841,0.6153846383094788,0.9655172228813171,0.06034482643008232
YNR049C,YGL210W-A,0,-3.7385871,0.6144200563430786,0.9655172228813171,0.06059113144874573
YMR038C,YBR284W,0,-3.7406752,0.613458514213562,0.9655172228813171,0.06083744019269943
YLR286C,YLR238W,0,-3.7408426,0.612500011920929,0.9655172228813171,0.06108374521136284
YJR006W,YHR048W,0,-3.7466276,0.6115444898605347,0.9655172228813171,0.061330050230026245
YGL163C,YGL225W,0,-3.748534,0.6105918884277344,0.9655172228813171,0.06157635524868965
YKL176C,YCL005W-A,0,-3.7495432,0.6096423268318176,0.9655172228813171,0.06182266026735306
YOR237W,YBR006W,0,-3.7530384,0.6086956262588501,0.9655172228813171,0.062068965286016464
YNL065W,YDL130W,0,-3.757735,0.6077519655227661,0.9655172228813171,0.06231527030467987
YML004C,YOR237W,0,-3.7591426,0.6068111658096313,0.9655172228813171,0.06256157904863358
YDR448W,YGR111W,0,-3.761474,0.6058732867240906,0.9655172228813171,0.06280788034200668
YKR039W,YAL017W,0,-3.7620375,0.604938268661499,0.9655172228813171,0.06305418908596039
YLR328W,YPL041C,0,-3.7625496,0.6040061712265015,0.9655172228813171,0.0633004903793335
YGL046W,YPL032C,0,-3.7627754,0.6030769348144531,0.9655172228813171,0.0635467991232872
YML129C,YBR072W,0,-3.7639372,0.602150559425354,0.9655172228813171,0.06379310041666031
YPR088C,YLR224W,0,-3.7724059,0.6012269854545593,0.9655172228813171,0.06403940916061401
YDR358W,YPL041C,0,-3.7731373,0.6003062725067139,0.9655172228813171,0.06428571790456772
YBL005W-B,YJL113W,1,-3.7734275,0.6009174585342407,0.9679803252220154,0.06428571790456772
YGL046W,YLR240W,0,-3.7756162,0.6000000238418579,0.9679803252220154,0.06453201919794083
YDR477W,YHR020W,0,-3.7756724,0.5990853905677795,0.9679803252220154,0.06477832794189453
YBL013W,YNL213C,0,-3.7762673,0.5981734991073608,0.9679803252220154,0.06502462923526764
YIL035C,YPL041C,0,-3.777046,0.5972644090652466,0.9679803252220154,0.06527093797922134
YKR095W-A,YBR276C,0,-3.777722,0.5963581204414368,0.9679803252220154,0.06551723927259445
YFL003C,YIR012W,0,-3.778066,0.5954545736312866,0.9679803252220154,0.06576354801654816
YER104W,YIL080W,1,-3.7788534,0.5960665941238403,0.9704433679580688,0.06576354801654816
YFL003C,YPR143W,0,-3.7796705,0.5951661467552185,0.9704433679580688,0.06600984930992126
YPR119W,YDR465C,0,-3.7848396,0.5942685008049011,0.9704433679580688,0.06625615805387497
YHR011W,YNL213C,0,-3.7876275,0.5933734774589539,0.9704433679580688,0.06650245934724808
YBL013W,YBR057C,0,-3.7880616,0.5924811959266663,0.9704433679580688,0.06674876809120178
YFR031C,YCL005W-A,0,-3.7920506,0.5915915966033936,0.9704433679580688,0.06699507683515549
YAL034W-A,YHR069C,0,-3.7933934,0.590704619884491,0.9704433679580688,0.0672413781285286
YBR298C,YGL046W,0,-3.7965925,0.589820384979248,0.9704433679580688,0.0674876868724823
YPL256C,YOR351C,0,-3.800425,0.5889387130737305,0.9704433679580688,0.06773398816585541
YER014C-A,YLR103C,0,-3.8004282,0.5880597233772278,0.9704433679580688,0.06798029690980911
YFL010W-A,YJR092W,0,-3.803036,0.5871832966804504,0.9704433679580688,0.06822659820318222
YCR106W,YNL213C,0,-3.8043559,0.586309552192688,0.9704433679580688,0.06847290694713593
YDL223C,YNL066W,0,-3.8084319,0.5854383111000061,0.9704433679580688,0.06871920824050903
YML042W,YLR426W,0,-3.8090112,0.5845697522163391,0.9704433679580688,0.06896551698446274
YIR011C,YPR078C,0,-3.8096907,0.5837036967277527,0.9704433679580688,0.06921182572841644
YPR081C,YCR073C,0,-3.8103607,0.5828402638435364,0.9704433679580688,0.06945812702178955
YBL098W,YLR133W,0,-3.811186,0.5819793343544006,0.9704433679580688,0.06970443576574326
YGL029W,YNL213C,0,-3.8151443,0.5811209678649902,0.9704433679580688,0.06995073705911636
YDR184C,YGL033W,0,-3.815518,0.5802651047706604,0.9704433679580688,0.07019704580307007
YOR204W,YGL093W,0,-3.8183239,0.5794117450714111,0.9704433679580688,0.07044334709644318
YCR063W,YBR169C,0,-3.8188663,0.5785609483718872,0.9704433679580688,0.07068965584039688
YJL047C,YER160C,1,-3.8189766,0.5791788697242737,0.9729064106941223,0.07068965584039688
YGR170W,YKL070W,0,-3.8191063,0.5783308744430542,0.9729064106941223,0.07093595713376999
YJR025C,YNL080C,0,-3.81915,0.5774853825569153,0.9729064106941223,0.0711822658777237
YDL113C,YDR213W,0,-3.821057,0.5766423344612122,0.9729064106941223,0.0714285746216774
YPL036W,YDL039C,0,-3.8218892,0.5758017301559448,0.9729064106941223,0.0716748759150505
YNR067C,YOR145C,0,-3.8223128,0.5749636292457581,0.9729064106941223,0.07192118465900421
YKR095W-A,YDR255C,0,-3.8233862,0.5741279125213623,0.9729064106941223,0.07216748595237732
YFL023W,YIR005W,0,-3.8244443,0.5732946395874023,0.9729064106941223,0.07241379469633102
YPL075W,YGL046W,0,-3.8258498,0.5724637508392334,0.9729064106941223,0.07266009598970413
YDL003W,YCL005W-A,0,-3.826031,0.5716353058815002,0.9729064106941223,0.07290640473365784
YPL135W,YKR095W-A,0,-3.8273008,0.5708092451095581,0.9729064106941223,0.07315270602703094
YBL005W-B,YBR012W-B,1,-3.8317115,0.5714285969734192,0.9753694534301758,0.07315270602703094
YFR040W,YPR016C,0,-3.8328598,0.5706051588058472,0.9753694534301758,0.07339901477098465
YER065C,YDR025W,0,-3.8329775,0.5697841644287109,0.9753694534301758,0.07364532351493835
YBR006W,YDR018C,0,-3.8345845,0.568965494632721,0.9753694534301758,0.07389162480831146
YNR075W,YGR081C,0,-3.8357055,0.568149209022522,0.9753694534301758,0.07413793355226517
YNL065W,YLR350W,0,-3.8359053,0.5673352479934692,0.9753694534301758,0.07438423484563828
YBR123C,YNL213C,0,-3.8368227,0.5665236115455627,0.9753694534301758,0.07463054358959198
YJL113W,YMR046C,1,-3.8368378,0.5671428442001343,0.9778324961662292,0.07463054358959198
YDL074C,YER044C-A,0,-3.837434,0.5663338303565979,0.9778324961662292,0.07487684488296509
YNL154C,YKL070W,0,-3.838987,0.565527081489563,0.9778324961662292,0.07512315362691879
YFL050C,YHR089C,0,-3.8407495,0.5647225975990295,0.9778324961662292,0.0753694549202919
YKL193C,YLR346C,0,-3.844353,0.5639204382896423,0.9778324961662292,0.0756157636642456
YJL047C,YIL080W,1,-3.8464277,0.5645390152931213,0.9802955389022827,0.0756157636642456
YLR401C,YKR095W-A,0,-3.8521168,0.5637393593788147,0.9802955389022827,0.07586207240819931
YLR363C,YKR095W-A,0,-3.8521297,0.5629420280456543,0.9802955389022827,0.07610837370157242
YLR286C,YNL113W,0,-3.853939,0.5621469020843506,0.9802955389022827,0.07635468244552612
YDR280W,YGR161C,0,-3.8546982,0.5613540410995483,0.9802955389022827,0.07660098373889923
YOL021C,YKR095W-A,0,-3.8557723,0.5605633854866028,0.9802955389022827,0.07684729248285294
YFR031C,YBL106C,0,-3.857028,0.5597749352455139,0.9802955389022827,0.07709359377622604
YML128C,YJR102C,0,-3.8576324,0.5589887499809265,0.9802955389022827,0.07733990252017975
YDR212W,YBR284W,0,-3.8578248,0.5582047700881958,0.9802955389022827,0.07758620381355286
YNR075W,YPL036W,0,-3.8588653,0.5574229955673218,0.9802955389022827,0.07783251255750656
YER003C,YLR385C,0,-3.8594785,0.5566433668136597,0.9802955389022827,0.07807882130146027
YBR034C,YDR323C,0,-3.8603091,0.5558659434318542,0.9802955389022827,0.07832512259483337
YNR067C,YLR176C,0,-3.8628278,0.5550906658172607,0.9802955389022827,0.07857143133878708
YPL269W,YJR135W-A,0,-3.8638258,0.5543175339698792,0.9802955389022827,0.07881773263216019
YJL047C,YMR046C,1,-3.8639433,0.5549374222755432,0.982758641242981,0.07881773263216019
YOL021C,YLR224W,0,-3.8643262,0.5541666746139526,0.982758641242981,0.07906404137611389
YER104W,YMR046C,1,-3.8649042,0.5547850131988525,0.9852216839790344,0.07906404137611389
YDL029W,YML042W,0,-3.8656077,0.554016649723053,0.9852216839790344,0.079310342669487
YDR244W,YGR281W,0,-3.8658068,0.5532503724098206,0.9852216839790344,0.0795566514134407
YFR001W,YFR040W,0,-3.8660507,0.5524861812591553,0.9852216839790344,0.07980295270681381
YGR217W,YJR073C,0,-3.8681266,0.5517241358757019,0.9852216839790344,0.08004926145076752
YKR024C,YJR006W,0,-3.871025,0.5509641766548157,0.9852216839790344,0.08029557019472122
YNL154C,YLR224W,0,-3.875616,0.5502063035964966,0.9852216839790344,0.08054187148809433
YHR169W,YPL130W,0,-3.8802116,0.5494505763053894,0.9852216839790344,0.08078818023204803
YLR401C,YBL106C,0,-3.8806996,0.5486968159675598,0.9852216839790344,0.08103448152542114
YML042W,YBL063W,0,-3.883886,0.5479452013969421,0.9852216839790344,0.08128079026937485
YGR165W,YLL041C,0,-3.8840363,0.5471956133842468,0.9852216839790344,0.08152709156274796
YLR259C,YER190W,0,-3.884057,0.5464481115341187,0.9852216839790344,0.08177340030670166
YPL155C,YHR157W,0,-3.8851893,0.5457025766372681,0.9852216839790344,0.08201970160007477
YDR212W,YKL070W,0,-3.8870647,0.5449591279029846,0.9852216839790344,0.08226601034402847
YHR075C,YNL072W,0,-3.8874207,0.5442177057266235,0.9852216839790344,0.08251231163740158
YER014C-A,YPL029W,0,-3.8902185,0.54347825050354,0.9852216839790344,0.08275862038135529
YFL003C,YDL153C,0,-3.8905478,0.5427408218383789,0.9852216839790344,0.08300492912530899
YPR119W,YPL110C,0,-3.891733,0.5420054197311401,0.9852216839790344,0.0832512304186821
YHR036W,YJL109C,0,-3.893081,0.541271984577179,0.9852216839790344,0.0834975391626358
YJR147W,YLR197W,0,-3.8945334,0.5405405163764954,0.9852216839790344,0.08374384045600891
YPL256C,YOR237W,0,-3.8974755,0.5398110747337341,0.9852216839790344,0.08399014919996262
YHR169W,YMR175W,0,-3.8984644,0.5390835404396057,0.9852216839790344,0.08423645049333572
YGL241W,YNL213C,0,-3.898977,0.5383580327033997,0.9852216839790344,0.08448275923728943
YGL037C,YGR296W,0,-3.8989966,0.5376344323158264,0.9852216839790344,0.08472906053066254
YDL223C,YBR119W,0,-3.9000175,0.536912739276886,0.9852216839790344,0.08497536927461624
YNL210W,YCR073C,0,-3.9000175,0.5361930131912231,0.9852216839790344,0.08522167801856995
YIL125W,YDL170W,0,-3.9000819,0.5354752540588379,0.9852216839790344,0.08546797931194305
YER106W,YGR094W,0,-3.900802,0.5347593426704407,0.9852216839790344,0.08571428805589676
YMR015C,YBR293W,0,-3.900964,0.534045398235321,0.9852216839790344,0.08596058934926987
YLL041C,YPR181C,0,-3.901265,0.5333333611488342,0.9852216839790344,0.08620689809322357
YBL082C,YDR213W,0,-3.90293,0.5326231718063354,0.9852216839790344,0.08645319938659668
YFR041C,YDL039C,0,-3.902934,0.5319148898124695,0.9852216839790344,0.08669950813055038
YGR142W,YCL069W,0,-3.9032943,0.5312085151672363,0.9852216839790344,0.08694580942392349
YLR332W,YLR426W,0,-3.907366,0.5305039882659912,0.9852216839790344,0.0871921181678772
YHL019C,YMR232W,0,-3.908058,0.5298013091087341,0.9852216839790344,0.0874384269118309
YDL231C,YEL032W,0,-3.910135,0.5291005373001099,0.9852216839790344,0.08768472820520401
YKL176C,YDR018C,0,-3.9122748,0.5284016132354736,0.9852216839790344,0.08793103694915771
YHR115C,YCL005W-A,0,-3.9123025,0.5277044773101807,0.9852216839790344,0.08817733824253082
YNR054C,YER065C,0,-3.9126832,0.5270092487335205,0.9852216839790344,0.08842364698648453
YKL011C,YPR010C,0,-3.914241,0.5263158082962036,0.9852216839790344,0.08866994827985764
YGL027C,YOR133W,0,-3.9146838,0.52562415599823,0.9852216839790344,0.08891625702381134
YJR084W,YGR161C,0,-3.9169323,0.5249344110488892,0.9852216839790344,0.08916255831718445
YGL027C,YMR165C,0,-3.9172633,0.5242463946342468,0.9852216839790344,0.08940886706113815
YDR190C,YLR426W,0,-3.9220464,0.5235602259635925,0.9852216839790344,0.08965517580509186
YAL009W,YLR224W,0,-3.922097,0.5228758454322815,0.9852216839790344,0.08990147709846497
YML004C,YMR117C,0,-3.9263868,0.522193193435669,0.9852216839790344,0.09014778584241867
YGR142W,YGL033W,0,-3.9270709,0.5215123891830444,0.9852216839790344,0.09039408713579178
YDR372C,YPR078C,0,-3.9272382,0.5208333134651184,0.9852216839790344,0.09064039587974548
YNL309W,YDR297W,0,-3.9283116,0.5201560258865356,0.9852216839790344,0.09088669717311859
YGR214W,YDL042C,0,-3.9313347,0.5194805264472961,0.9852216839790344,0.0911330059170723
YOR237W,YBR216C,0,-3.9318082,0.5188067555427551,0.9852216839790344,0.0913793072104454
YML074C,YDR523C,0,-3.9349468,0.5181347131729126,0.9852216839790344,0.09162561595439911
YML071C,YBL013W,0,-3.9381545,0.5174643993377686,0.9852216839790344,0.09187192469835281
YKR024C,YDR180W,0,-3.9384465,0.5167958736419678,0.9852216839790344,0.09211822599172592
YDR153C,YOR237W,0,-3.9386203,0.5161290168762207,0.9852216839790344,0.09236453473567963
YGR070W,YJL045W,0,-3.9389174,0.5154638886451721,0.9852216839790344,0.09261083602905273
YER100W,YER190W,0,-3.939806,0.514800488948822,0.9852216839790344,0.09285714477300644
YKR014C,YDR018C,0,-3.9439182,0.5141388177871704,0.9852216839790344,0.09310344606637955
YKL001C,YOL044W,0,-3.9464717,0.5134788155555725,0.9852216839790344,0.09334975481033325
YMR055C,YPR016C,0,-3.9472792,0.5128205418586731,0.9852216839790344,0.09359605610370636
YLR254C,YDR018C,0,-3.9479103,0.5121638774871826,0.9852216839790344,0.09384236484766006
YIL080W,YJR029W,1,-3.9483993,0.5127876996994019,0.9876847267150879,0.09384236484766006
YML128C,YNL309W,0,-3.9506278,0.5121328234672546,0.9876847267150879,0.09408867359161377
YLR385C,YFL037W,0,-3.9528973,0.5114796161651611,0.9876847267150879,0.09433497488498688
YBR119W,YGR161C,0,-3.9531355,0.5108280181884766,0.9876847267150879,0.09458128362894058
YBL082C,YLR126C,0,-3.9542544,0.5101780891418457,0.9876847267150879,0.09482758492231369
YHR011W,YOR133W,0,-3.95636,0.5095298886299133,0.9876847267150879,0.0950738936662674
YML042W,YGR010W,0,-3.9578412,0.5088832378387451,0.9876847267150879,0.0953201949596405
YJR029W,YMR046C,1,-3.960337,0.5095056891441345,0.9901477694511414,0.0953201949596405
YBR085W,YJL087C,0,-3.961149,0.5088607668876648,0.9901477694511414,0.09556650370359421
YNR075W,YMR165C,0,-3.9615495,0.508217453956604,0.9901477694511414,0.09581280499696732
YDL209C,YOR237W,0,-3.962,0.5075757503509521,0.9901477694511414,0.09605911374092102
YBL013W,YJR147W,0,-3.9628153,0.506935715675354,0.9901477694511414,0.09630541503429413
YDR361C,YBR160W,0,-3.9632473,0.50629723072052,0.9901477694511414,0.09655172377824783
YOL009C,YML128C,0,-3.9647884,0.505660355091095,0.9901477694511414,0.09679803252220154
YPR119W,YBR297W,0,-3.9654078,0.5050251483917236,0.9901477694511414,0.09704433381557465
YIR005W,YIL128W,0,-3.9663393,0.5043914914131165,0.9901477694511414,0.09729064255952835
YDR078C,YLL012W,0,-3.9694088,0.5037593841552734,0.9901477694511414,0.09753694385290146
YER040W,YIL018W,0,-3.9709218,0.5031288862228394,0.9901477694511414,0.09778325259685516
YGR101W,YCR031C,0,-3.9719741,0.5024999976158142,0.9901477694511414,0.09802955389022827
YMR083W,YML042W,0,-3.9795535,0.5018726587295532,0.9901477694511414,0.09827586263418198
YER054C,YJL133W,0,-3.981547,0.5012468695640564,0.9901477694511414,0.09852216392755508
YDL003W,YPR101W,0,-3.9822888,0.5006226897239685,0.9901477694511414,0.09876847267150879
YLR167W,YLR298C,0,-3.9832776,0.5,0.9901477694511414,0.0990147814154625
YER104W,YJL113W,1,-3.9839342,0.5006211400032043,0.9926108121871948,0.0990147814154625
YIL121W,YLR167W,0,-3.9898179,0.5,0.9926108121871948,0.0992610827088356
YDR277C,YJR135W-A,0,-3.9908855,0.4993804097175598,0.9926108121871948,0.0995073914527893
YJR092W,YNL268W,0,-3.9923413,0.4987623691558838,0.9926108121871948,0.09975369274616241
YHR056C,YFR040W,0,-3.9923937,0.49814584851264954,0.9926108121871948,0.10000000149011612
YOR056C,YGL158W,0,-3.9954243,0.49753087759017944,0.9926108121871948,0.10024630278348923
YHR169W,YGL073W,0,-3.9990861,0.49691739678382874,0.9926108121871948,0.10049261152744293
YHR129C,YNR067C,0,-4.0002513,0.4963054060935974,0.9926108121871948,0.10073891282081604
YOR212W,YLR346C,0,-4.0008583,0.49569496512413025,0.9926108121871948,0.10098522156476974
YBL042C,YKL201C,0,-4.0015674,0.4950859844684601,0.9926108121871948,0.10123153030872345
YNR074C,YNL298W,0,-4.001668,0.4944785237312317,0.9926108121871948,0.10147783160209656
YPL256C,YNL014W,0,-4.002739,0.4938725531101227,0.9926108121871948,0.10172414034605026
YKR095W-A,YNL264C,0,-4.00325,0.49326804280281067,0.9926108121871948,0.10197044163942337
YGR268C,YER180C-A,0,-4.009014,0.49266502261161804,0.9926108121871948,0.10221675038337708
YER044C-A,YHR204W,0,-4.0092854,0.4920634925365448,0.9926108121871948,0.10246305167675018
YJL047C,YJL113W,1,-4.009457,0.49268293380737305,0.9950739145278931,0.10246305167675018
YLR197W,YKL070W,0,-4.010612,0.4920828342437744,0.9950739145278931,0.10270936042070389
YOR212W,YBR284W,0,-4.0128736,0.4914841949939728,0.9950739145278931,0.102955661714077
YGR171C,YJL048C,0,-4.0136538,0.49088698625564575,0.9950739145278931,0.1032019704580307
YJR158W,YLR167W,0,-4.016488,0.4902912676334381,0.9950739145278931,0.1034482792019844
YOR156C,YNL160W,0,-4.0170894,0.4896969795227051,0.9950739145278931,0.10369458049535751
YJR065C,YIL121W,0,-4.019137,0.48910412192344666,0.9950739145278931,0.10394088923931122
YKL201C,YCR012W,0,-4.0191727,0.48851269483566284,0.9950739145278931,0.10418719053268433
YDL223C,YDR498C,0,-4.021596,0.48792269825935364,0.9950739145278931,0.10443349927663803
YAL024C,YKL001C,0,-4.023084,0.48733413219451904,0.9950739145278931,0.10467980057001114
YDR293C,YCR042C,0,-4.0231123,0.48674699664115906,0.9950739145278931,0.10492610931396484
YDR171W,YOL004W,0,-4.0231276,0.4861612617969513,0.9950739145278931,0.10517241060733795
YBR286W,YLR126C,0,-4.0231605,0.48557692766189575,0.9950739145278931,0.10541871935129166
YMR055C,YJL167W,0,-4.024048,0.48499399423599243,0.9950739145278931,0.10566502809524536
YDL074C,YER014C-A,0,-4.024337,0.48441246151924133,0.9950739145278931,0.10591132938861847
YMR055C,YOR210W,0,-4.024789,0.48383232951164246,0.9950739145278931,0.10615763813257217
YBR034C,YKL130C,0,-4.0254645,0.4832535982131958,0.9950739145278931,0.10640393942594528
YHR072W,YLR224W,0,-4.0256376,0.482676237821579,0.9950739145278931,0.10665024816989899
YMR165C,YBR058C-A,0,-4.027105,0.482100248336792,0.9950739145278931,0.1068965494632721
YDR141C,YPL041C,0,-4.0284634,0.48152562975883484,0.9950739145278931,0.1071428582072258
YEL062W,YDR293C,0,-4.0297866,0.4809523820877075,0.9950739145278931,0.10738915950059891
YJR147W,YHR048W,0,-4.033787,0.48038050532341003,0.9950739145278931,0.10763546824455261
YNR054C,YPL138C,0,-4.0338545,0.47980996966362,0.9950739145278931,0.10788177698850632
YMR038C,YBL071W-A,0,-4.0358124,0.4792408049106598,0.9950739145278931,0.10812807828187943
YPR119W,YDR078C,0,-4.036918,0.47867298126220703,0.9950739145278931,0.10837438702583313
YLR313C,YPR078C,0,-4.0373173,0.4781064987182617,0.9950739145278931,0.10862068831920624
YNR074C,YDR190C,0,-4.03736,0.47754135727882385,0.9950739145278931,0.10886699706315994
YDR358W,YIL121W,0,-4.041108,0.47697755694389343,0.9950739145278931,0.10911329835653305
YFL010W-A,YDR091C,0,-4.048558,0.47641509771347046,0.9950739145278931,0.10935960710048676
YJR092W,YDR488C,0,-4.0498486,0.47585394978523254,0.9950739145278931,0.10960590839385986
YHL034C,YBR169C,0,-4.0511923,0.4752941131591797,0.9950739145278931,0.10985221713781357
YOR237W,YML105C,0,-4.051748,0.4747356176376343,0.9950739145278931,0.11009852588176727
YNL074C,YNL213C,0,-4.0542336,0.47417840361595154,0.9950739145278931,0.11034482717514038
YBR085W,YNR013C,0,-4.054715,0.47362250089645386,0.9950739145278931,0.11059113591909409
YIL080W,YMR046C,1,-4.0548677,0.47423887252807617,0.9975369572639465,0.11059113591909409
YER014C-A,YNR015W,0,-4.0549555,0.4736842215061188,0.9975369572639465,0.1108374372124672
YJR073C,YBR123C,0,-4.0555286,0.47313085198402405,0.9975369572639465,0.1110837459564209
YBL013W,YNR003C,0,-4.0567703,0.472578763961792,0.9975369572639465,0.111330047249794
YOR156C,YPL188W,0,-4.05751,0.4720279574394226,0.9975369572639465,0.11157635599374771
YDR323C,YOR348C,0,-4.0578647,0.4714784622192383,0.9975369572639465,0.11182265728712082
YDR184C,YBR058C-A,0,-4.065225,0.47093021869659424,0.9975369572639465,0.11206896603107452
YBR216C,YLR346C,0,-4.066518,0.47038328647613525,0.9975369572639465,0.11231526732444763
YER054C,YHR135C,0,-4.067146,0.46983757615089417,0.9975369572639465,0.11256157606840134
YCL038C,YMR055C,0,-4.0679655,0.46929317712783813,0.9975369572639465,0.11280788481235504
YGL225W,YNL304W,0,-4.068207,0.46875,0.9975369572639465,0.11305418610572815
YJR140C,YDR293C,0,-4.0683694,0.46820810437202454,0.9975369572639465,0.11330049484968185
YER044C-A,YDR489W,0,-4.068684,0.46766743063926697,0.9975369572639465,0.11354679614305496
YIR018W,YLR224W,0,-4.0689034,0.46712803840637207,0.9975369572639465,0.11379310488700867
YBR284W,YLR126C,0,-4.0689683,0.46658986806869507,0.9975369572639465,0.11403940618038177
YDR180W,YDR213W,0,-4.069846,0.46605291962623596,0.9975369572639465,0.11428571492433548
YOR206W,YDR422C,0,-4.070918,0.4655172526836395,0.9975369572639465,0.11453201621770859
YPL130W,YPL138C,0,-4.0713177,0.4649827778339386,0.9975369572639465,0.11477832496166229
YDR448W,YDR523C,0,-4.073483,0.46444955468177795,0.9975369572639465,0.115024633705616
YMR101C,YGR094W,0,-4.0736876,0.4639175236225128,0.9975369572639465,0.1152709349989891
YFR040W,YMR243C,0,-4.074458,0.4633867144584656,0.9975369572639465,0.11551724374294281
YDR075W,YLR126C,0,-4.078758,0.4628571569919586,0.9975369572639465,0.11576354503631592
YPR119W,YCR106W,0,-4.0809455,0.4623287618160248,0.9975369572639465,0.11600985378026962
YLL018C-A,YMR164C,0,-4.08299,0.46180158853530884,0.9975369572639465,0.11625615507364273
YHR172W,YCL005W-A,0,-4.0852046,0.4612756371498108,0.9975369572639465,0.11650246381759644
YKR039W,YDR479C,0,-4.087522,0.46075084805488586,0.9975369572639465,0.11674876511096954
YGL207W,YNL332W,0,-4.0889263,0.46022728085517883,0.9975369572639465,0.11699507385492325
YOL104C,YOR153W,0,-4.0894704,0.4597048759460449,0.9975369572639465,0.11724138259887695
YJR053W,YLL041C,0,-4.0925384,0.4591836631298065,0.9975369572639465,0.11748768389225006
YIL155C,YLR096W,0,-4.0930514,0.4586636424064636,0.9975369572639465,0.11773399263620377
YFL010W-A,YIL122W,0,-4.0941615,0.45814478397369385,0.9975369572639465,0.11798029392957687
YNL091W,YER070W,0,-4.0942626,0.4576271176338196,0.9975369572639465,0.11822660267353058
YDL029W,YBR284W,0,-4.0945582,0.45711061358451843,0.9975369572639465,0.11847290396690369
YKR020W,YHR020W,0,-4.095342,0.4565952718257904,0.9975369572639465,0.11871921271085739
YPL135W,YDL039C,0,-4.096012,0.4560810923576355,0.9975369572639465,0.1189655140042305
YCL017C,YGR161C,0,-4.0983887,0.4555680453777313,0.9975369572639465,0.1192118227481842
YJL091C,YOR182C,0,-4.0984626,0.45505619049072266,0.9975369572639465,0.11945813149213791
YHR082C,YKR095W-A,0,-4.0984883,0.4545454680919647,0.9975369572639465,0.11970443278551102
YFL023W,YMR175W,0,-4.0989356,0.4540358781814575,0.9975369572639465,0.11995074152946472
YCL066W,YGR156W,0,-4.0996184,0.45352742075920105,0.9975369572639465,0.12019704282283783
YMR117C,YAR042W,0,-4.0999,0.4530201256275177,0.9975369572639465,0.12044335156679153
YGR142W,YMR164C,0,-4.100141,0.4525139629840851,0.9975369572639465,0.12068965286016464
YJR097W,YER190W,0,-4.100247,0.4520089328289032,0.9975369572639465,0.12093596160411835
YPL120W,YLL012W,0,-4.1026516,0.45150500535964966,0.9975369572639465,0.12118226289749146
YBR132C,YOR351C,0,-4.104091,0.45100224018096924,0.9975369572639465,0.12142857164144516
YML004C,YIL121W,0,-4.106939,0.4505005478858948,0.9975369572639465,0.12167488038539886
YPR119W,YPL181W,0,-4.1074853,0.44999998807907104,0.9975369572639465,0.12192118167877197
YGL027C,YEL032W,0,-4.1085095,0.44950056076049805,0.9975369572639465,0.12216749042272568
YBR275C,YGR111W,0,-4.1085234,0.449002206325531,0.9975369572639465,0.12241379171609879
YDL039C,YBR048W,0,-4.111895,0.4485049843788147,0.9975369572639465,0.12266010046005249
YJR092W,YGL238W,0,-4.115511,0.44800883531570435,0.9975369572639465,0.1229064017534256
YKL201C,YDR297W,0,-4.1158643,0.4475138187408447,0.9975369572639465,0.1231527104973793
YNR049C,YOR122C,0,-4.118217,0.44701987504959106,0.9975369572639465,0.12339901179075241
YPR119W,YIL052C,0,-4.1183863,0.44652700424194336,0.9975369572639465,0.12364532053470612
YER106W,YIL128W,0,-4.1193514,0.446035236120224,0.9975369572639465,0.12389162927865982
YCL038C,YDR244W,0,-4.119988,0.4455445408821106,0.9975369572639465,0.12413793057203293
YBR114W,YBR250W,0,-4.120102,0.44505494832992554,0.9975369572639465,0.12438423931598663
YOR133W,YGL044C,0,-4.1213107,0.44456639885902405,0.9975369572639465,0.12463054060935974
YPL269W,YBR172C,0,-4.1230645,0.4440789520740509,0.9975369572639465,0.12487684935331345
YNR075W,YGL073W,0,-4.1253743,0.44359254837036133,0.9975369572639465,0.12512315809726715
YNL210W,YOL125W,0,-4.126946,0.4431072175502777,0.9975369572639465,0.12536945939064026
YDR479C,YCR012W,0,-4.1299796,0.44262295961380005,0.9975369572639465,0.12561576068401337
YMR015C,YER020W,0,-4.13023,0.44213974475860596,0.9975369572639465,0.12586206197738647
YER044C-A,YGL163C,0,-4.1316257,0.44165757298469543,0.9975369572639465,0.12610837817192078
YDR524C,YKL001C,0,-4.1348405,0.44117647409439087,0.9975369572639465,0.12635467946529388
YOL034W,YGR080W,0,-4.136125,0.4406964182853699,0.9975369572639465,0.126600980758667
YER014C-A,YGL124C,0,-4.136556,0.44021740555763245,0.9975369572639465,0.1268472969532013
YLL018C-A,YER038C,0,-4.1365876,0.4397394061088562,0.9975369572639465,0.1270935982465744
YDL008W,YAL017W,0,-4.1367803,0.4392624795436859,0.9975369572639465,0.1273398995399475
YBR114W,YJL069C,0,-4.138281,0.4387865662574768,0.9975369572639465,0.12758620083332062
YER014C-A,YKL204W,0,-4.139121,0.43831169605255127,0.9975369572639465,0.12783251702785492
YPL256C,YGL073W,0,-4.142086,0.4378378391265869,0.9975369572639465,0.12807881832122803
YNL220W,YLL012W,0,-4.1424227,0.43736502528190613,0.9975369572639465,0.12832511961460114
YLR175W,YJR084W,0,-4.1437583,0.43689319491386414,0.9975369572639465,0.12857143580913544
YGR123C,YHR020W,0,-4.1457696,0.4364224076271057,0.9975369572639465,0.12881773710250854
YLL018C-A,YPL060W,0,-4.146082,0.43595263361930847,0.9975369572639465,0.12906403839588165
YDL166C,YHR124W,0,-4.1478477,0.4354838728904724,0.9975369572639465,0.12931033968925476
YOR349W,YMR322C,0,-4.1487894,0.43501612544059753,0.9975369572639465,0.12955665588378906
YDL174C,YBR186W,0,-4.1489367,0.43454936146736145,0.9975369572639465,0.12980295717716217
YOL049W,YJR147W,0,-4.149325,0.43408361077308655,0.9975369572639465,0.13004925847053528
YMR015C,YPL094C,0,-4.152815,0.43361884355545044,0.9975369572639465,0.1302955597639084
YJR092W,YKR039W,0,-4.153107,0.4331550896167755,0.9975369572639465,0.1305418759584427
YGL238W,YML043C,0,-4.153364,0.4326923191547394,0.9975369572639465,0.1307881772518158
YJR147W,YGL153W,0,-4.1534567,0.43223053216934204,0.9975369572639465,0.1310344785451889
YLL018C-A,YJR084W,0,-4.1549454,0.4317697286605835,0.9975369572639465,0.1312807947397232
YBR160W,YOL076W,0,-4.1551003,0.43130990862846375,0.9975369572639465,0.1315270960330963
YJR053W,YLR426W,0,-4.1559753,0.4308510720729828,0.9975369572639465,0.13177339732646942
YPL110C,YPR010C,0,-4.156506,0.43039318919181824,0.9975369572639465,0.13201969861984253
YKR095W-A,YPL032C,0,-4.15929,0.42993631958961487,0.9975369572639465,0.13226601481437683
YMR173W,YBR072W,0,-4.1597066,0.4294803738594055,0.9975369572639465,0.13251231610774994
YNL026W,YJR135W-A,0,-4.160814,0.42902541160583496,0.9975369572639465,0.13275861740112305
YMR268C,YER190W,0,-4.161878,0.4285714328289032,0.9975369572639465,0.13300491869449615
YDR277C,YDL170W,0,-4.1619034,0.42811840772628784,0.9975369572639465,0.13325123488903046
YER180C-A,YDL229W,0,-4.162606,0.4276663064956665,0.9975369572639465,0.13349753618240356
YER180C-A,YNL066W,0,-4.1636796,0.42721518874168396,0.9975369572639465,0.13374383747577667
YMR165C,YER093C,0,-4.163895,0.4267650246620178,0.9975369572639465,0.13399015367031097
YDL087C,YDR293C,0,-4.1641703,0.4263157844543457,0.9975369572639465,0.13423645496368408
YHR089C,YNL251C,0,-4.1670184,0.42586749792099,0.9975369572639465,0.1344827562570572
YGL116W,YGL135W,0,-4.167583,0.4254201650619507,0.9975369572639465,0.1347290575504303
YLR438C-A,YPL188W,0,-4.1711826,0.4249737560749054,0.9975369572639465,0.1349753737449646
YCL038C,YPL256C,0,-4.1718307,0.4245283007621765,0.9975369572639465,0.1352216750383377
YMR096W,YDR018C,0,-4.172458,0.42408376932144165,0.9975369572639465,0.13546797633171082
YNL251C,YOL117W,0,-4.172812,0.4236401617527008,0.9975369572639465,0.13571429252624512
YER020W,YKR095W,0,-4.1740394,0.423197478055954,0.9975369572639465,0.13596059381961823
YMR015C,YGR028W,0,-4.174792,0.42275574803352356,0.9975369572639465,0.13620689511299133
YGL033W,YNL026W,0,-4.1748033,0.42231491208076477,0.9975369572639465,0.13645319640636444
YLR097C,YER070W,0,-4.1758046,0.421875,0.9975369572639465,0.13669951260089874
YCL038C,YLR176C,0,-4.1792107,0.42143601179122925,0.9975369572639465,0.13694581389427185
YPL155C,YDR465C,0,-4.181114,0.4209979176521301,0.9975369572639465,0.13719211518764496
YGR286C,YDR516C,0,-4.183892,0.420560747385025,0.9975369572639465,0.13743841648101807
YDL155W,YOL076W,0,-4.1875577,0.42012447118759155,0.9975369572639465,0.13768473267555237
YER038C,YOL076W,0,-4.188199,0.4196891188621521,0.9975369572639465,0.13793103396892548
YMR104C,YML109W,0,-4.189059,0.4192546606063843,0.9975369572639465,0.13817733526229858
YNR054C,YGL033W,0,-4.1903863,0.4188210964202881,0.9975369572639465,0.13842365145683289
YKL191W,YFR040W,0,-4.191279,0.4183884263038635,0.9975369572639465,0.138669952750206
YDR337W,YER180C-A,0,-4.1913285,0.4179566502571106,0.9975369572639465,0.1389162540435791
YDL155W,YNL250W,0,-4.1915064,0.4175257682800293,0.9975369572639465,0.1391625553369522
YHR169W,YGR048W,0,-4.1923804,0.41709578037261963,0.9975369572639465,0.1394088715314865
YJL090C,YJR147W,0,-4.19416,0.4166666567325592,0.9975369572639465,0.13965517282485962
YBR160W,YNL304W,0,-4.1942115,0.4162384271621704,0.9975369572639465,0.13990147411823273
YJL121C,YGR080W,0,-4.1944466,0.41581109166145325,0.9975369572639465,0.14014779031276703
YGR214W,YFR040W,0,-4.195287,0.4153846204280853,0.9975369572639465,0.14039409160614014
YHR169W,YDR141C,0,-4.1954107,0.41495901346206665,0.9975369572639465,0.14064039289951324
YGR171C,YLR426W,0,-4.1963983,0.4145343005657196,0.9975369572639465,0.14088669419288635
YER070W,YDR166C,0,-4.199731,0.4141104221343994,0.9975369572639465,0.14113301038742065
YNR075W,YPR070W,0,-4.2016435,0.41368743777275085,0.9975369572639465,0.14137931168079376
YPR119W,YBL063W,0,-4.2037234,0.41326531767845154,0.9975369572639465,0.14162561297416687
YMR173W,YBR218C,0,-4.205713,0.4128440320491791,0.9975369572639465,0.14187191426753998
YBL013W,YDL039C,0,-4.205927,0.41242361068725586,0.9975369572639465,0.14211823046207428
YEL071W,YGL033W,0,-4.2059774,0.4120040833950043,0.9975369572639465,0.1423645317554474
YPL076W,YKR067W,0,-4.2066045,0.41158536076545715,0.9975369572639465,0.1426108330488205
YLL018C-A,YHL006C,0,-4.2069116,0.4111675024032593,0.9975369572639465,0.1428571492433548
YDR419W,YGR094W,0,-4.2087426,0.41075050830841064,0.9975369572639465,0.1431034505367279
YML032C,YBR169C,0,-4.21062,0.41033434867858887,0.9975369572639465,0.143349751830101
YJR092W,YHR005C,0,-4.210891,0.40991902351379395,0.9975369572639465,0.14359605312347412
YNL065W,YGR192C,0,-4.2145658,0.40950456261634827,0.9975369572639465,0.14384236931800842
YNL223W,YCR073C,0,-4.214854,0.40909090638160706,0.9975369572639465,0.14408867061138153
YCR042C,YJL109C,0,-4.215796,0.4086781144142151,0.9975369572639465,0.14433497190475464
YDL003W,YER044C-A,0,-4.220817,0.4082661271095276,0.9975369572639465,0.14458128809928894
YPL110C,YIR005W,0,-4.222237,0.40785497426986694,0.9975369572639465,0.14482758939266205
YMR231W,YBR284W,0,-4.222299,0.40744465589523315,0.9975369572639465,0.14507389068603516
YFL023W,YKL070W,0,-4.2234464,0.4070351719856262,0.9975369572639465,0.14532019197940826
YOR133W,YBR050C,0,-4.2235475,0.40662649273872375,0.9975369572639465,0.14556650817394257
YNL220W,YBR114W,0,-4.2239995,0.40621864795684814,0.9975369572639465,0.14581280946731567
YIL155C,YOR142W,0,-4.225294,0.4058116376399994,0.9975369572639465,0.14605911076068878
YGR081C,YBR284W,0,-4.2253523,0.4054054021835327,0.9975369572639465,0.1463054120540619
YMR052W,YDL060W,0,-4.226023,0.4050000011920929,0.9975369572639465,0.1465517282485962
YOR313C,YGR048W,0,-4.22638,0.40459540486335754,0.9975369572639465,0.1467980295419693
YGR230W,YOR237W,0,-4.227113,0.40419161319732666,0.9975369572639465,0.1470443308353424
YPR124W,YKL038W,0,-4.2279973,0.40378862619400024,0.9975369572639465,0.1472906470298767
YLR401C,YLR426W,0,-4.228005,0.4033864438533783,0.9975369572639465,0.14753694832324982
YIL035C,YIR005W,0,-4.228752,0.4029850661754608,0.9975369572639465,0.14778324961662292
YBR297W,YKL201C,0,-4.229006,0.4025844931602478,0.9975369572639465,0.14802955090999603
YOR265W,YNL066W,0,-4.231115,0.40218469500541687,0.9975369572639465,0.14827586710453033
YBL106C,YGR192C,0,-4.23133,0.4017857015132904,0.9975369572639465,0.14852216839790344
YBR179C,YKR095W-A,0,-4.2316556,0.4013875126838684,0.9975369572639465,0.14876846969127655
YOR204W,YDR419W,0,-4.2326655,0.4009900987148285,0.9975369572639465,0.14901477098464966
YDR195W,YMR322C,0,-4.2332845,0.40059345960617065,0.9975369572639465,0.14926108717918396
YHR019C,YOR033C,0,-4.2335157,0.4001976251602173,0.9975369572639465,0.14950738847255707
YOR298C-A,YGR056W,0,-4.234404,0.399802565574646,0.9975369572639465,0.14975368976593018
YIR018W,YNL213C,0,-4.2360735,0.3994082808494568,0.9975369572639465,0.15000000596046448
YDR062W,YDR277C,0,-4.237407,0.39901477098464966,0.9975369572639465,0.15024630725383759
YDL087C,YDR213W,0,-4.238545,0.3986220359802246,0.9975369572639465,0.1504926085472107
YPR131C,YML024W,0,-4.2390914,0.39823007583618164,0.9975369572639465,0.1507389098405838
YOR298C-A,YLR385C,0,-4.240627,0.39783889055252075,0.9975369572639465,0.1509852260351181
YML051W,YOR237W,0,-4.2407126,0.39744848012924194,0.9975369572639465,0.1512315273284912
YKR035W-A,YGL158W,0,-4.240832,0.3970588147640228,0.9975369572639465,0.15147782862186432
YDR180W,YBL106C,0,-4.2418895,0.3966699242591858,0.9975369572639465,0.15172414481639862
YLR119W,YNL160W,0,-4.2430677,0.39628180861473083,0.9975369572639465,0.15197044610977173
YMR173W,YFR040W,0,-4.2430887,0.39589443802833557,0.9975369572639465,0.15221674740314484
YGR161C,YMR243C,0,-4.244442,0.3955078125,0.9975369572639465,0.15246304869651794
YDL153C,YPL253C,0,-4.244638,0.3951219618320465,0.9975369572639465,0.15270936489105225
YDR394W,YBL106C,0,-4.247409,0.3947368562221527,0.9975369572639465,0.15295566618442535
YBL016W,YNL160W,0,-4.251779,0.3943524956703186,0.9975369572639465,0.15320196747779846
YDL102W,YKR057W,0,-4.2540927,0.3939688801765442,0.9975369572639465,0.15344826877117157
YOR349W,YPL101W,0,-4.2551227,0.39358600974082947,0.9975369572639465,0.15369458496570587
YIR005W,YOR301W,0,-4.255571,0.39320388436317444,0.9975369572639465,0.15394088625907898
YDR141C,YOR288C,0,-4.256047,0.3928225040435791,0.9975369572639465,0.1541871875524521
YDR180W,YNL160W,0,-4.259395,0.39244186878204346,0.9975369572639465,0.1544335037469864
YML113W,YGL225W,0,-4.262061,0.3920619487762451,0.9975369572639465,0.1546798050403595
YAL042W,YPL188W,0,-4.262319,0.39168277382850647,0.9975369572639465,0.1549261063337326
YGR296W,YGR111W,0,-4.264937,0.3913043439388275,0.9975369572639465,0.1551724076271057
YLR007W,YCR031C,0,-4.2657447,0.39092662930488586,0.9975369572639465,0.15541872382164001
YKR085C,YFR040W,0,-4.267077,0.3905496597290039,0.9975369572639465,0.15566502511501312
YOL104C,YBL004W,0,-4.2677,0.39017340540885925,0.9975369572639465,0.15591132640838623
YPR049C,YOR313C,0,-4.2682395,0.3897978961467743,0.9975369572639465,0.15615764260292053
YBR145W,YPR131C,0,-4.26858,0.38942307233810425,0.9975369572639465,0.15640394389629364
YBR132C,YNL145W,0,-4.2689567,0.3890489935874939,0.9975369572639465,0.15665024518966675
YOR030W,YPL192C,0,-4.2690964,0.38867563009262085,0.9975369572639465,0.15689654648303986
YGL093W,YOR194C,0,-4.270677,0.3883029818534851,0.9975369572639465,0.15714286267757416
YBR119W,YNL332W,0,-4.271157,0.38793104887008667,0.9975369572639465,0.15738916397094727
YJR065C,YDR425W,0,-4.271951,0.38755980134010315,0.9975369572639465,0.15763546526432037
YGR264C,YJR110W,0,-4.272431,0.3871892988681793,0.9975369572639465,0.15788176655769348
YLR133W,YLR086W,0,-4.2729135,0.3868194818496704,0.9975369572639465,0.15812808275222778
YML032C,YDR018C,0,-4.2735085,0.3864503800868988,0.9975369572639465,0.1583743840456009
YPL269W,YGL092W,0,-4.2737846,0.3860819935798645,0.9975369572639465,0.158620685338974
YLR097C,YER180C-A,0,-4.2750773,0.3857142925262451,0.9975369572639465,0.1588670015335083
YHR075C,YKL175W,0,-4.2758384,0.38534727692604065,0.9975369572639465,0.1591133028268814
YPL188W,YGL093W,0,-4.276866,0.3849809765815735,0.9975369572639465,0.15935960412025452
YNL242W,YDR180W,0,-4.278431,0.38461539149284363,0.9975369572639465,0.15960590541362762
YNL309W,YDL130W-A,0,-4.278467,0.3842504620552063,0.9975369572639465,0.15985222160816193
YJL020C,YLR224W,0,-4.279547,0.3838862478733063,0.9975369572639465,0.16009852290153503
YKL011C,YCL066W,0,-4.279715,0.38352271914482117,0.9975369572639465,0.16034482419490814
YDR465C,YLR277C,0,-4.2815757,0.383159875869751,0.9975369572639465,0.16059114038944244
YKR035W-A,YLR401C,0,-4.281712,0.3827977180480957,0.9975369572639465,0.16083744168281555
YJL201W,YLR426W,0,-4.2821927,0.38243627548217773,0.9975369572639465,0.16108374297618866
YML113W,YDL174C,0,-4.2824054,0.3820754587650299,0.9975369572639465,0.16133004426956177
YPL094C,YLR346C,0,-4.2825694,0.3817153573036194,0.9975369572639465,0.16157636046409607
YOR204W,YJR158W,0,-4.283756,0.3813559412956238,0.9975369572639465,0.16182266175746918
YKL176C,YNL072W,0,-4.2848535,0.3809971809387207,0.9975369572639465,0.16206896305084229
YHR171W,YCR039C,0,-4.2872295,0.38063910603523254,0.9975369572639465,0.1623152643442154
YGR038W,YMR093W,0,-4.2885175,0.3802816867828369,0.9975369572639465,0.1625615805387497
YJR158W,YGL207W,0,-4.288968,0.3799249529838562,0.9975369572639465,0.1628078818321228
YDR375C,YBR169C,0,-4.289738,0.379568874835968,0.9975369572639465,0.1630541831254959
YMR138W,YBL042C,0,-4.290442,0.37921348214149475,0.9975369572639465,0.1633004993200302
YLR223C,YPL253C,0,-4.2907815,0.378858745098114,0.9975369572639465,0.16354680061340332
YMR164C,YOR212W,0,-4.292577,0.3785046637058258,0.9975369572639465,0.16379310190677643
YMR096W,YBR250W,0,-4.293099,0.3781512677669525,0.9975369572639465,0.16403940320014954
YHR171W,YDR277C,0,-4.293225,0.37779849767684937,0.9975369572639465,0.16428571939468384
YCL017C,YBR169C,0,-4.294681,0.37744641304016113,0.9975369572639465,0.16453202068805695
YBR286W,YDL223C,0,-4.2952676,0.37709498405456543,0.9975369572639465,0.16477832198143005
YGR108W,YJL045W,0,-4.295421,0.37674418091773987,0.9975369572639465,0.16502462327480316
YBR169C,YNL066W,0,-4.295845,0.3763940632343292,0.9975369572639465,0.16527093946933746
YCL035C,YNL250W,0,-4.2961106,0.3760445713996887,0.9975369572639465,0.16551724076271057
YDR017C,YLR346C,0,-4.298289,0.37569573521614075,0.9975369572639465,0.16576354205608368
YML048W,YIL121W,0,-4.299616,0.3753475546836853,0.9975369572639465,0.16600985825061798
YNR054C,YAL024C,0,-4.3011746,0.375,0.9975369572639465,0.1662561595439911
YEL032W,YKR095W,0,-4.301845,0.3746531009674072,0.9975369572639465,0.1665024608373642
YDR184C,YGR296W,0,-4.3023114,0.3743068277835846,0.9975369572639465,0.1667487621307373
YKR085C,YCL005W-A,0,-4.302549,0.3739612102508545,0.9975369572639465,0.1669950783252716
YKR024C,YLR385C,0,-4.3027415,0.3736162483692169,0.9975369572639465,0.16724137961864471
YLR385C,YOR230W,0,-4.3033915,0.3732718825340271,0.9975369572639465,0.16748768091201782
YML071C,YER040W,0,-4.3051534,0.3729281723499298,0.9975369572639465,0.16773399710655212
YDL036C,YPR101W,0,-4.305823,0.37258508801460266,0.9975369572639465,0.16798029839992523
YPL193W,YGR161C,0,-4.306817,0.37224265933036804,0.9975369572639465,0.16822659969329834
YJL090C,YHR124W,0,-4.3070827,0.3719008266925812,0.9975369572639465,0.16847290098667145
YDR487C,YAR035W,0,-4.307633,0.37155961990356445,0.9975369572639465,0.16871921718120575
YNL326C,YLR346C,0,-4.3084025,0.37121906876564026,0.9975369572639465,0.16896551847457886
YOR288C,YBR294W,0,-4.3100305,0.3708791136741638,0.9975369572639465,0.16921181976795197
YKL011C,YGR143W,0,-4.310262,0.3705397844314575,0.9975369572639465,0.16945812106132507
YOL164W,YGR258C,0,-4.3103614,0.37020111083984375,0.9975369572639465,0.16970443725585938
YPR020W,YGR214W,0,-4.31066,0.36986300349235535,0.9975369572639465,0.16995073854923248
YBR297W,YOR206W,0,-4.311896,0.3695255517959595,0.9975369572639465,0.1701970398426056
YHR197W,YPL253C,0,-4.313941,0.36918869614601135,0.9975369572639465,0.1704433560371399
YHR075C,YLR005W,0,-4.315287,0.3688524663448334,0.9975369572639465,0.170689657330513
YLR377C,YMR164C,0,-4.317858,0.36851683259010315,0.9975369572639465,0.1709359586238861
YER014C-A,YMR101C,0,-4.3192744,0.36818182468414307,0.9975369572639465,0.17118225991725922
YGR108W,YBR199W,0,-4.320064,0.36784741282463074,0.9975369572639465,0.17142857611179352
YBR218C,YJL048C,0,-4.3206954,0.36751359701156616,0.9975369572639465,0.17167487740516663
YIR023W,YOL039W,0,-4.322822,0.36718040704727173,0.9975369572639465,0.17192117869853973
YPL101W,YGR214W,0,-4.323463,0.36684781312942505,0.9975369572639465,0.17216749489307404
YOR348C,YIR018W,0,-4.323876,0.3665158450603485,0.9975369572639465,0.17241379618644714
YBL071W-A,YCR042C,0,-4.3249016,0.36618444323539734,0.9975369572639465,0.17266009747982025
YGL033W,YPR186C,0,-4.325525,0.3658536672592163,0.9975369572639465,0.17290639877319336
YGL124C,YHL006C,0,-4.328332,0.36552345752716064,0.9975369572639465,0.17315271496772766
YKL060C,YPR186C,0,-4.329622,0.3651938736438751,0.9975369572639465,0.17339901626110077
YGL027C,YGR144W,0,-4.329678,0.36486485600471497,0.9975369572639465,0.17364531755447388
YLL018C-A,YBR179C,0,-4.3312182,0.36453646421432495,0.9975369572639465,0.17389161884784698
YDL115C,YHR075C,0,-4.3315835,0.3642086386680603,0.9975369572639465,0.1741379350423813
YPL036W,YPL253C,0,-4.332386,0.3638814091682434,0.9975369572639465,0.1743842363357544
YML091C,YAR042W,0,-4.3332357,0.3635547459125519,0.9975369572639465,0.1746305376291275
YOR142W,YNL250W,0,-4.3335576,0.3632287085056305,0.9975369572639465,0.1748768538236618
YHR019C,YJL090C,0,-4.334501,0.3629032373428345,0.9975369572639465,0.1751231551170349
YNR074C,YBR221C,0,-4.3356137,0.3625783324241638,0.9975369572639465,0.17536945641040802
YNR015W,YNL332W,0,-4.336533,0.3622540235519409,0.9975369572639465,0.17561575770378113
YNL270C,YNR002C,0,-4.336597,0.3619302809238434,0.9975369572639465,0.17586207389831543
YBR085W,YKL175W,0,-4.3380203,0.3616071343421936,0.9975369572639465,0.17610837519168854
YPL256C,YNL309W,0,-4.3380795,0.3612845540046692,0.9975369572639465,0.17635467648506165
YOR033C,YBR058C-A,0,-4.338207,0.36096256971359253,0.9975369572639465,0.17660097777843475
YBL063W,YLR212C,0,-4.338318,0.36064115166664124,0.9975369572639465,0.17684729397296906
YLL018C-A,YPR163C,0,-4.3430295,0.3603202700614929,0.9975369572639465,0.17709359526634216
YDR501W,YLR346C,0,-4.343249,0.36000001430511475,0.9975369572639465,0.17733989655971527
YBL071W-A,YNL006W,0,-4.344794,0.35968029499053955,0.9975369572639465,0.17758621275424957
YMR055C,YGR156W,0,-4.345914,0.3593611419200897,0.9975369572639465,0.17783251404762268
YGR279C,YML041C,0,-4.347166,0.35904255509376526,0.9975369572639465,0.1780788153409958
YMR207C,YJL050W,0,-4.349521,0.35872453451156616,0.9975369572639465,0.1783251166343689
YGR246C,YKR095W-A,0,-4.351291,0.35840708017349243,0.9975369572639465,0.1785714328289032
YDR184C,YLR385C,0,-4.3516326,0.35809019207954407,0.9975369572639465,0.1788177341222763
YCL066W,YDL036C,0,-4.352037,0.3577738404273987,0.9975369572639465,0.17906403541564941
YOR230W,YLL012W,0,-4.3529854,0.35745808482170105,0.9975369572639465,0.17931035161018372
YAL034W-A,YCL005W-A,0,-4.3536506,0.3571428656578064,0.9975369572639465,0.17955665290355682
YNR002C,YIL125W,0,-4.3536935,0.3568281829357147,0.9975369572639465,0.17980295419692993
YDR414C,YER110C,0,-4.358272,0.3565140962600708,0.9975369572639465,0.18004925549030304
YIR005W,YEL017C-A,0,-4.358405,0.35620051622390747,0.9975369572639465,0.18029557168483734
YPR200C,YLR023C,0,-4.3616643,0.3558875322341919,0.9975369572639465,0.18054187297821045
YNR002C,YKR050W,0,-4.36313,0.3555750548839569,0.9975369572639465,0.18078817427158356
YER014C-A,YBR186W,0,-4.36503,0.3552631437778473,0.9975369572639465,0.18103447556495667
YNL270C,YER014C-A,0,-4.367001,0.35495179891586304,0.9975369572639465,0.18128079175949097
YBR114W,YDR025W,0,-4.3673263,0.35464099049568176,0.9975369572639465,0.18152709305286407
YDR320C-A,YLR313C,0,-4.368318,0.35433071851730347,0.9975369572639465,0.18177339434623718
YIR023W,YNL072W,0,-4.368336,0.35402098298072815,0.9975369572639465,0.18201971054077148
YJL170C,YOR182C,0,-4.36937,0.3537117838859558,0.9975369572639465,0.1822660118341446
YKR072C,YBR240C,0,-4.369528,0.35340315103530884,0.9975369572639465,0.1825123131275177
YPL130W,YML114C,0,-4.3701453,0.35309502482414246,0.9975369572639465,0.1827586144208908
YGR158C,YJR073C,0,-4.3705378,0.35278746485710144,0.9975369572639465,0.1830049306154251
YNL145W,YKL193C,0,-4.3713093,0.352480411529541,0.9975369572639465,0.18325123190879822
YNR075W,YOR020C,0,-4.3716636,0.35217392444610596,0.9975369572639465,0.18349753320217133
YNL220W,YGL158W,0,-4.37225,0.3518679440021515,0.9975369572639465,0.18374384939670563
YGL019W,YER038C,0,-4.3723025,0.3515625,0.9975369572639465,0.18399015069007874
YLR223C,YLR292C,0,-4.372495,0.3512575924396515,0.9975369572639465,0.18423645198345184
YOR265W,YML043C,0,-4.372612,0.35095319151878357,0.9975369572639465,0.18448275327682495
YER070W,YDR486C,0,-4.374233,0.350649356842041,0.9975369572639465,0.18472906947135925
YDR358W,YGR281W,0,-4.374963,0.35034602880477905,0.9975369572639465,0.18497537076473236
YDR221W,YGR192C,0,-4.37498,0.3500432074069977,0.9975369572639465,0.18522167205810547
YIR005W,YIL075C,0,-4.375632,0.3497409224510193,0.9975369572639465,0.18546797335147858
YBL013W,YMR214W,0,-4.3757825,0.34943917393684387,0.9975369572639465,0.18571428954601288
YDR298C,YNR034W,0,-4.376331,0.34913793206214905,0.9975369572639465,0.185960590839386
YGL053W,YBR240C,0,-4.376974,0.3488371968269348,0.9975369572639465,0.1862068921327591
YJL003W,YOR133W,0,-4.3774476,0.34853699803352356,0.9975369572639465,0.1864532083272934
YHR115C,YEL062W,0,-4.377467,0.3482373058795929,0.9975369572639465,0.1866995096206665
YHR172W,YPR163C,0,-4.3780365,0.3479381501674652,0.9975369572639465,0.1869458109140396
YCL017C,YIL121W,0,-4.3780594,0.3476394712924957,0.9975369572639465,0.18719211220741272
YHR193C,YGL163C,0,-4.3783712,0.3473413288593292,0.9975369572639465,0.18743842840194702
YGL032C,YDR358W,0,-4.378758,0.3470436930656433,0.9975369572639465,0.18768472969532013
YGR108W,YAL042W,0,-4.380713,0.346746563911438,0.9975369572639465,0.18793103098869324
YBL106C,YDR247W,0,-4.381766,0.34644997119903564,0.9975369572639465,0.18817734718322754
YDR141C,YNL251C,0,-4.3826194,0.3461538553237915,0.9975369572639465,0.18842364847660065
YBR160W,YDR171W,0,-4.382937,0.34585824608802795,0.9975369572639465,0.18866994976997375
YPL253C,YMR243C,0,-4.383426,0.345563143491745,0.9975369572639465,0.18891625106334686
YGR217W,YHR089C,0,-4.383786,0.3452685475349426,0.9975369572639465,0.18916256725788116
YDR358W,YDL128W,0,-4.384733,0.34497445821762085,0.9975369572639465,0.18940886855125427
YMR296C,YCR106W,0,-4.3872123,0.3446808457374573,0.9975369572639465,0.18965516984462738
YDR364C,YNL006W,0,-4.3872385,0.3443877696990967,0.9975369572639465,0.1899014711380005
YNL065W,YOL117W,0,-4.3874574,0.3440951704978943,0.9975369572639465,0.1901477873325348
YMR014W,YDL209C,0,-4.38746,0.3438030481338501,0.9975369572639465,0.1903940886259079
YIL167W,YKL166C,0,-4.389794,0.3435114622116089,0.9975369572639465,0.190640389919281
YDR046C,YKR046C,0,-4.390989,0.3432203531265259,0.9975369572639465,0.1908867061138153
YGR133W,YFL033C,0,-4.3928885,0.3429297208786011,0.9975369572639465,0.19113300740718842
YER161C,YBR169C,0,-4.39346,0.34263959527015686,0.9975369572639465,0.19137930870056152
YLL018C-A,YDR459C,0,-4.3938355,0.34234994649887085,0.9975369572639465,0.19162560999393463
YFL036W,YBR058C-A,0,-4.393861,0.34206080436706543,0.9975369572639465,0.19187192618846893
YMR083W,YDL170W,0,-4.395053,0.3417721390724182,0.9975369572639465,0.19211822748184204
YML042W,YDL120W,0,-4.3951626,0.3414839804172516,0.9975369572639465,0.19236452877521515
YLR450W,YGR080W,0,-4.395359,0.34119629859924316,0.9975369572639465,0.19261083006858826
YER040W,YPL212C,0,-4.3954196,0.34090909361839294,0.9975369572639465,0.19285714626312256
YLR450W,YLR197W,0,-4.3957896,0.3406223654747009,0.9975369572639465,0.19310344755649567
YKL060C,YIL097W,0,-4.396012,0.3403361439704895,0.9975369572639465,0.19334974884986877
YFR021W,YGR070W,0,-4.396844,0.3400503695011139,0.9975369572639465,0.19359606504440308
YIL097W,YPL036W,0,-4.397355,0.33976510167121887,0.9975369572639465,0.19384236633777618
YNL242W,YMR173W,0,-4.399442,0.33948031067848206,0.9975369572639465,0.1940886676311493
YKL008C,YLR119W,0,-4.4011626,0.33919596672058105,0.9975369572639465,0.1943349689245224
YHR129C,YCR039C,0,-4.4024444,0.33891212940216064,0.9975369572639465,0.1945812851190567
YDR028C,YJR156C,0,-4.403091,0.33862876892089844,0.9975369572639465,0.1948275864124298
YNL006W,YDL170W,0,-4.405577,0.33834585547447205,0.9975369572639465,0.19507388770580292
YGL135W,YDR166C,0,-4.405685,0.33806344866752625,0.9975369572639465,0.19532020390033722
YMR015C,YGL048C,0,-4.406095,0.33778148889541626,0.9975369572639465,0.19556650519371033
YGL116W,YDR195W,0,-4.4067407,0.3375000059604645,0.9975369572639465,0.19581280648708344
YER044C-A,YGR101W,0,-4.4078107,0.3372189700603485,0.9975369572639465,0.19605910778045654
YPL256C,YMR231W,0,-4.4082932,0.33693844079971313,0.9975369572639465,0.19630542397499084
YGR108W,YPL138C,0,-4.4095984,0.3366583585739136,0.9975369572639465,0.19655172526836395
YHR077C,YDR479C,0,-4.410216,0.33637872338294983,0.9975369572639465,0.19679802656173706
YAL043C,YAR035W,0,-4.410543,0.3360995948314667,0.9975369572639465,0.19704432785511017
YNR002C,YOR212W,0,-4.4112372,0.33582088351249695,0.9975369572639465,0.19729064404964447
YGR158C,YLR385C,0,-4.4113555,0.3355426788330078,0.9975369572639465,0.19753694534301758
YJL050W,YDR329C,0,-4.411705,0.3352648913860321,0.9975369572639465,0.19778324663639069
YGL033W,YGR090W,0,-4.412103,0.3349875807762146,0.9975369572639465,0.198029562830925
YLR153C,YLL041C,0,-4.4142675,0.3347107470035553,0.9975369572639465,0.1982758641242981
YDR140W,YKR095W-A,0,-4.4147077,0.3344343602657318,0.9975369572639465,0.1985221654176712
YML113W,YMR207C,0,-4.4156895,0.33415842056274414,0.9975369572639465,0.1987684667110443
YDR141C,YDR523C,0,-4.4192204,0.3338829278945923,0.9975369572639465,0.1990147829055786
YKR067W,YBR276C,0,-4.419585,0.33360791206359863,0.9975369572639465,0.19926108419895172
YDR372C,YHR090C,0,-4.4196477,0.3333333432674408,0.9975369572639465,0.19950738549232483
YDL209C,YDR212W,0,-4.4202337,0.3330592215061188,0.9975369572639465,0.19975370168685913
YLR377C,YHR077C,0,-4.4204803,0.33278554677963257,0.9975369572639465,0.20000000298023224
YNR074C,YDR422C,0,-4.420791,0.3325123190879822,0.9975369572639465,0.20024630427360535
YDR516C,YOR020C,0,-4.4210525,0.3322395384311676,0.9975369572639465,0.20049260556697845
YPL192C,YGR270W,0,-4.42115,0.33196720480918884,0.9975369572639465,0.20073892176151276
YHR142W,YKL095W,0,-4.421963,0.3316953182220459,0.9975369572639465,0.20098522305488586
YER038C,YER180C-A,0,-4.422851,0.33142390847206116,0.9975369572639465,0.20123152434825897
YBR132C,YBL016W,0,-4.4247937,0.33115291595458984,0.9975369572639465,0.20147782564163208
YMR138W,YBL024W,0,-4.4252496,0.33088234066963196,0.9975369572639465,0.20172414183616638
YLR023C,YPR016C,0,-4.4254737,0.3306122422218323,0.9975369572639465,0.2019704431295395
YOL164W,YBR050C,0,-4.4260063,0.3303425908088684,0.9975369572639465,0.2022167444229126
YLR401C,YCR039C,0,-4.426647,0.33007335662841797,0.9975369572639465,0.2024630606174469
YOR020C,YGR171C,0,-4.4272075,0.32980456948280334,0.9975369572639465,0.20270936191082
YBR199W,YLR086W,0,-4.429301,0.32953619956970215,0.9975369572639465,0.20295566320419312
YHR011W,YEL032W,0,-4.4294467,0.32926830649375916,0.9975369572639465,0.20320196449756622
YBR048W,YHR069C,0,-4.4301815,0.3290008008480072,0.9975369572639465,0.20344828069210052
YOR159C,YER190W,0,-4.431293,0.32873377203941345,0.9975369572639465,0.20369458198547363
YMR052W,YNL160W,0,-4.431928,0.32846716046333313,0.9975369572639465,0.20394088327884674
YJR025C,YHR058C,0,-4.434718,0.32820096611976624,0.9975369572639465,0.20418719947338104
YMR235C,YNL304W,0,-4.437758,0.32793521881103516,0.9975369572639465,0.20443350076675415
YOL104C,YPL094C,0,-4.439456,0.3276698887348175,0.9975369572639465,0.20467980206012726
YFR040W,YDR146C,0,-4.4407277,0.32740500569343567,0.9975369572639465,0.20492610335350037
YOR030W,YPL155C,0,-4.4408402,0.32714053988456726,0.9975369572639465,0.20517241954803467
YMR175W,YDL128W,0,-4.441798,0.32687652111053467,0.9975369572639465,0.20541872084140778
YDR331W,YDL223C,0,-4.4423685,0.3266128897666931,0.9975369572639465,0.20566502213478088
YOR020C,YIL160C,0,-4.442697,0.3263497054576874,0.9975369572639465,0.205911323428154
YPL051W,YOR133W,0,-4.442912,0.32608696818351746,0.9975369572639465,0.2061576396226883
YKL011C,YML109W,0,-4.44314,0.3258246183395386,0.9975369572639465,0.2064039409160614
YHR082C,YHR056C,0,-4.44391,0.3255627155303955,0.9975369572639465,0.2066502422094345
YDL102W,YLR313C,0,-4.444867,0.3253012001514435,0.9975369572639465,0.2068965584039688
YNL220W,YPR081C,0,-4.445071,0.32504013180732727,0.9975369572639465,0.20714285969734192
YGL066W,YPL130W,0,-4.445626,0.3247794806957245,0.9975369572639465,0.20738916099071503
YJL170C,YPR139C,0,-4.445947,0.32451921701431274,0.9975369572639465,0.20763546228408813
YEL071W,YKR089C,0,-4.446366,0.3242594003677368,0.9975369572639465,0.20788177847862244
YGL135W,YMR096W,0,-4.446709,0.3240000009536743,0.9975369572639465,0.20812807977199554
YML074C,YDL036C,0,-4.450258,0.32374101877212524,0.9975369572639465,0.20837438106536865
YLR223C,YMR175W,0,-4.450477,0.3234824240207672,0.9975369572639465,0.20862068235874176
YDR171W,YKR050W,0,-4.45051,0.323224276304245,0.9975369572639465,0.20886699855327606
YNL225C,YKL143W,0,-4.451225,0.3229665160179138,0.9975369572639465,0.20911329984664917
YGR157W,YIR015W,0,-4.454312,0.32270917296409607,0.9975369572639465,0.20935960114002228
YLR117C,YNR075W,0,-4.4552865,0.32245221734046936,0.9975369572639465,0.20960591733455658
YHR166C,YDL036C,0,-4.4556494,0.32219570875167847,0.9975369572639465,0.2098522186279297
YDR320C-A,YOR033C,0,-4.4580617,0.3219395875930786,0.9975369572639465,0.2100985199213028
YDR046C,YOL117W,0,-4.461371,0.3216838836669922,0.9975369572639465,0.2103448212146759
YML042W,YPL194W,0,-4.461377,0.3214285671710968,0.9975369572639465,0.2105911374092102
YHR005C,YIR005W,0,-4.462033,0.32117366790771484,0.9975369572639465,0.2108374387025833
YBR200W,YNL145W,0,-4.463514,0.3209191858768463,0.9975369572639465,0.21108373999595642
YBR085W,YLR238W,0,-4.4641237,0.3206650912761688,0.9975369572639465,0.21133005619049072
YLR276C,YDR422C,0,-4.4642153,0.3204113841056824,0.9975369572639465,0.21157635748386383
YFR001W,YGL207W,0,-4.4644055,0.32015809416770935,0.9975369572639465,0.21182265877723694
YMR001C,YOL004W,0,-4.465445,0.31990522146224976,0.9975369572639465,0.21206896007061005
YKL008C,YAL024C,0,-4.4657116,0.3196527361869812,0.9975369572639465,0.21231527626514435
YLR103C,YGR080W,0,-4.465872,0.3194006383419037,0.9975369572639465,0.21256157755851746
YPR119W,YBR221C,0,-4.467788,0.3191489279270172,0.9975369572639465,0.21280787885189056
YOR313C,YOR187W,0,-4.468073,0.31889763474464417,0.9975369572639465,0.21305418014526367
YLR008C,YPL036W,0,-4.4687266,0.31864672899246216,0.9975369572639465,0.21330049633979797
YJR025C,YDL161W,0,-4.469824,0.3183962404727936,0.9975369572639465,0.21354679763317108
YBL016W,YKR089C,0,-4.470048,0.31814610958099365,0.9975369572639465,0.2137930989265442
YPR119W,YJL053W,0,-4.470487,0.31789639592170715,0.9975369572639465,0.2140394151210785
YPR033C,YDR277C,0,-4.470876,0.3176470696926117,0.9975369572639465,0.2142857164144516
YML074C,YMR104C,0,-4.471482,0.3173981308937073,0.9975369572639465,0.2145320177078247
YGR056W,YDR247W,0,-4.4716716,0.3171495795249939,0.9975369572639465,0.21477831900119781
YPR186C,YJL109C,0,-4.4719696,0.31690141558647156,0.9975369572639465,0.21502463519573212
YMR238W,YNL113W,0,-4.4727993,0.31665363907814026,0.9975369572639465,0.21527093648910522
YML074C,YJL109C,0,-4.4730163,0.31640625,0.9975369572639465,0.21551723778247833
YDR329C,YBR294W,0,-4.473196,0.3161592483520508,0.9975369572639465,0.21576355397701263
YGR258C,YBR198C,0,-4.4735055,0.3159126341342926,0.9975369572639465,0.21600985527038574
YPR119W,YER029C,0,-4.4742846,0.31566640734672546,0.9975369572639465,0.21625615656375885
YNR072W,YKR079C,0,-4.4746666,0.31542056798934937,0.9975369572639465,0.21650245785713196
YNR002C,YBR081C,0,-4.4756203,0.3151750862598419,0.9975369572639465,0.21674877405166626
YLL041C,YDR498C,0,-4.4758344,0.3149300217628479,0.9975369572639465,0.21699507534503937
YBR133C,YJR156C,0,-4.4779286,0.31468531489372253,0.9975369572639465,0.21724137663841248
YDL017W,YJL145W,0,-4.4786916,0.3144409954547882,0.9975369572639465,0.21748767793178558
YCR082W,YPR081C,0,-4.480698,0.3141970634460449,0.9975369572639465,0.21773399412631989
YMR096W,YJR046W,0,-4.4809914,0.3139534890651703,0.9975369572639465,0.217980295419693
YKL060C,YDL042C,0,-4.481194,0.3137103021144867,0.9975369572639465,0.2182265967130661
YFR001W,YPR162C,0,-4.48123,0.31346750259399414,0.9975369572639465,0.2184729129076004
YKR035W-A,YKL008C,0,-4.4815497,0.31322506070137024,0.9975369572639465,0.2187192142009735
YJR147W,YML041C,0,-4.4825473,0.3129830062389374,0.9975369572639465,0.21896551549434662
YMR055C,YLR119W,0,-4.4837584,0.31274130940437317,0.9975369572639465,0.21921181678771973
YJL003W,YBR297W,0,-4.4839973,0.3125,0.9975369572639465,0.21945813298225403
YJR147W,YOR132W,0,-4.4841576,0.3122590482234955,0.9975369572639465,0.21970443427562714
YPL101W,YER190W,0,-4.484981,0.312018483877182,0.9975369572639465,0.21995073556900024
YOR020C,YER070W,0,-4.485331,0.3117782771587372,0.9975369572639465,0.22019705176353455
YKR024C,YHL034C,0,-4.486179,0.3115384578704834,0.9975369572639465,0.22044335305690765
YDR046C,YDR484W,0,-4.486709,0.31129899621009827,0.9975369572639465,0.22068965435028076
YKR086W,YGR214W,0,-4.4872117,0.3110599219799042,0.9975369572639465,0.22093595564365387
YAL051W,YDL229W,0,-4.4879837,0.31082117557525635,0.9975369572639465,0.22118227183818817
YJR073C,YPR101W,0,-4.4884825,0.31058281660079956,0.9975369572639465,0.22142857313156128
YCR044C,YLR197W,0,-4.490621,0.3103448152542114,0.9975369572639465,0.2216748744249344
YJR156C,YAR035W,0,-4.491986,0.31010720133781433,0.9975369572639465,0.2219211757183075
YER065C,YAL034W-A,0,-4.4937587,0.3098699450492859,0.9975369572639465,0.2221674919128418
YOR130C,YOR212W,0,-4.498035,0.3096330165863037,0.9975369572639465,0.2224137932062149
YPR033C,YBR186W,0,-4.498037,0.3093964755535126,0.9975369572639465,0.222660094499588
YBL042C,YKR008W,0,-4.498113,0.3091602921485901,0.9975369572639465,0.22290641069412231
YAL034W-A,YBR276C,0,-4.498444,0.30892449617385864,0.9975369572639465,0.22315271198749542
YNL192W,YHR089C,0,-4.4992166,0.30868902802467346,0.9975369572639465,0.22339901328086853
YLR355C,YPL036W,0,-4.5013223,0.30845391750335693,0.9975369572639465,0.22364531457424164
YLR110C,YDR465C,0,-4.5015993,0.30821916460990906,0.9975369572639465,0.22389163076877594
YOR133W,YPL010W,0,-4.5019784,0.3079847991466522,0.9975369572639465,0.22413793206214905
YGR157W,YBL024W,0,-4.502561,0.30775076150894165,0.9975369572639465,0.22438423335552216
YFL050C,YLR126C,0,-4.502827,0.30751708149909973,0.9975369572639465,0.22463053464889526
YDR039C,YGL049C,0,-4.503358,0.30728375911712646,0.9975369572639465,0.22487685084342957
YLR276C,YLL024C,0,-4.503456,0.30705079436302185,0.9975369572639465,0.22512315213680267
YDR137W,YCR073C,0,-4.5037093,0.3068181872367859,0.9975369572639465,0.22536945343017578
YPR119W,YGR171C,0,-4.5039287,0.3065859079360962,0.9975369572639465,0.22561576962471008
YDL039C,YKR025W,0,-4.5041184,0.30635401606559753,0.9975369572639465,0.2258620709180832
YLR286C,YLR023C,0,-4.5050826,0.30612245202064514,0.9975369572639465,0.2261083722114563
YPL256C,YBR186W,0,-4.506598,0.3058912456035614,0.9975369572639465,0.2263546735048294
YER044C-A,YHL006C,0,-4.5069556,0.3056603670120239,0.9975369572639465,0.2266009896993637
YFL010W-A,YDR166C,0,-4.507508,0.3054298758506775,0.9975369572639465,0.22684729099273682
YBL090W,YMR175W,0,-4.508369,0.3051997125148773,0.9975369572639465,0.22709359228610992
YGR142W,YBL090W,0,-4.509936,0.3049698770046234,0.9975369572639465,0.22733990848064423
YML128C,YGL100W,0,-4.5099964,0.30474039912223816,0.9975369572639465,0.22758620977401733
YDL033C,YKR079C,0,-4.5108643,0.30451127886772156,0.9975369572639465,0.22783251106739044
YMR146C,YCL069W,0,-4.5111017,0.3042824864387512,0.9975369572639465,0.22807881236076355
YMR138W,YMR322C,0,-4.5137687,0.30405405163764954,0.9975369572639465,0.22832512855529785
YHR069C,YPL138C,0,-4.515219,0.3038259446620941,0.9975369572639465,0.22857142984867096
YDR419W,YBL004W,0,-4.517584,0.30359819531440735,0.9975369572639465,0.22881773114204407
YPL155C,YGL158W,0,-4.517734,0.30337077379226685,0.9975369572639465,0.22906403243541718
YHR193C,YGL145W,0,-4.517919,0.303143709897995,0.9975369572639465,0.22931034862995148
YKL001C,YML041C,0,-4.519077,0.3029169738292694,0.9975369572639465,0.22955664992332458
YOL076W,YER180C-A,0,-4.520536,0.3026905953884125,0.9975369572639465,0.2298029512166977
YJR025C,YFL037W,0,-4.5220976,0.3024645149707794,0.9975369572639465,0.230049267411232
YLR377C,YGR101W,0,-4.5222363,0.302238792181015,0.9975369572639465,0.2302955687046051
YMR091C,YPR102C,0,-4.522959,0.30201342701911926,0.9975369572639465,0.2305418699979782
YDL060W,YDR018C,0,-4.5230627,0.3017883896827698,0.9975369572639465,0.23078817129135132
YPL256C,YLR259C,0,-4.5231037,0.30156365036964417,0.9975369572639465,0.23103448748588562
YJR053W,YNL016W,0,-4.5234857,0.3013392984867096,0.9975369572639465,0.23128078877925873
YDL174C,YPR138C,0,-4.523539,0.3011152446269989,0.9975369572639465,0.23152709007263184
YOR033C,YIL160C,0,-4.524416,0.3008915185928345,0.9975369572639465,0.23177340626716614
YLR133W,YBR058C-A,0,-4.5251164,0.3006681501865387,0.9975369572639465,0.23201970756053925
YDL231C,YBR186W,0,-4.525204,0.3004451096057892,0.9975369572639465,0.23226600885391235
YDL150W,YBL106C,0,-4.5270057,0.30022239685058594,0.9975369572639465,0.23251231014728546
YGL027C,YLR277C,0,-4.527199,0.30000001192092896,0.9975369572639465,0.23275862634181976
YFL010W-A,YPL101W,0,-4.527617,0.29977795481681824,0.9975369572639465,0.23300492763519287
YER110C,YCR008W,0,-4.527771,0.2995562255382538,0.9975369572639465,0.23325122892856598
YOR142W,YFR040W,0,-4.529282,0.2993348240852356,0.9975369572639465,0.2334975302219391
YGR262C,YER106W,0,-4.5308733,0.29911375045776367,0.9975369572639465,0.2337438464164734
YHR169W,YJR140C,0,-4.5319314,0.2988929748535156,0.9975369572639465,0.2339901477098465
YOR056C,YGR170W,0,-4.532334,0.29867255687713623,0.9975369572639465,0.2342364490032196
YDR213W,YML041C,0,-4.5324025,0.2984524667263031,0.9975369572639465,0.2344827651977539
YOL068C,YFL003C,0,-4.5342546,0.29823270440101624,0.9975369572639465,0.23472906649112701
YHR005C,YCL069W,0,-4.5346375,0.29801324009895325,0.9975369572639465,0.23497536778450012
YMR055C,YOL021C,0,-4.535629,0.2977941036224365,0.9975369572639465,0.23522166907787323
YGL135W,YLR212C,0,-4.5358195,0.29757532477378845,0.9975369572639465,0.23546798527240753
YJR084W,YBR240C,0,-4.5377316,0.29735681414604187,0.9975369572639465,0.23571428656578064
YOR204W,YPL269W,0,-4.5386233,0.29713866114616394,0.9975369572639465,0.23596058785915375
YDR005C,YDL154W,0,-4.5388923,0.2969208359718323,0.9975369572639465,0.23620688915252686
YBL013W,YNL210W,0,-4.5395555,0.2967033088207245,0.9975369572639465,0.23645320534706116
YMR264W,YHR089C,0,-4.541719,0.2964860796928406,0.9975369572639465,0.23669950664043427
YKL052C,YGL027C,0,-4.5421605,0.2962692081928253,0.9975369572639465,0.23694580793380737
YML042W,YDR363W,0,-4.5424867,0.29605263471603394,0.9975369572639465,0.23719212412834167
YGR123C,YOR308C,0,-4.5429482,0.2958363890647888,0.9975369572639465,0.23743842542171478
YNL091W,YDL130W,0,-4.5431914,0.2956204414367676,0.9975369572639465,0.2376847267150879
YJR119C,YGR010W,0,-4.544057,0.2954048216342926,0.9975369572639465,0.237931028008461
YPR033C,YPL188W,0,-4.5442924,0.2951894998550415,0.9975369572639465,0.2381773442029953
YJR147W,YPL269W,0,-4.544788,0.29497450590133667,0.9975369572639465,0.2384236454963684
YCL066W,YLR438C-A,0,-4.5449715,0.2947598397731781,0.9975369572639465,0.23866994678974152
YDL029W,YDR363W,0,-4.5451326,0.294545441865921,0.9975369572639465,0.23891626298427582
YML043C,YGR275W,0,-4.5452805,0.2943314015865326,0.9975369572639465,0.23916256427764893
YBR160W,YOR351C,0,-4.5458493,0.29411765933036804,0.9975369572639465,0.23940886557102203
YDL069C,YPR186C,0,-4.545904,0.29390421509742737,0.9975369572639465,0.23965516686439514
YPR020W,YMR101C,0,-4.5476146,0.29369106888771057,0.9975369572639465,0.23990148305892944
YPL036W,YNR003C,0,-4.5485387,0.29347825050354004,0.9975369572639465,0.24014778435230255
YIR005W,YOL143C,0,-4.5504775,0.29326575994491577,0.9975369572639465,0.24039408564567566
YJL041W,YLR165C,0,-4.5505433,0.293053537607193,0.9975369572639465,0.24064038693904877
YER157W,YDL153C,0,-4.550726,0.2928416430950165,0.9975369572639465,0.24088670313358307
YDL229W,YKR079C,0,-4.551829,0.29263004660606384,0.9975369572639465,0.24113300442695618
YML113W,YEL062W,0,-4.552335,0.29241877794265747,0.9975369572639465,0.24137930572032928
YDL120W,YNL160W,0,-4.5525703,0.2922077775001526,0.9975369572639465,0.2416256219148636
YNL225C,YBR298C,0,-4.553082,0.29199710488319397,0.9975369572639465,0.2418719232082367
YPL212C,YGR296W,0,-4.553272,0.29178673028945923,0.9975369572639465,0.2421182245016098
YLR103C,YGL027C,0,-4.5535226,0.29157668352127075,0.9975369572639465,0.2423645257949829
YNR075W,YAL026C,0,-4.554076,0.29136690497398376,0.9975369572639465,0.2426108419895172
YAL038W,YER065C,0,-4.5545135,0.29115745425224304,0.9975369572639465,0.24285714328289032
YMR055C,YOR122C,0,-4.555198,0.2909482717514038,0.9975369572639465,0.24310344457626343
YNL192W,YER038C,0,-4.555494,0.29073941707611084,0.9975369572639465,0.24334976077079773
YLR321C,YGR144W,0,-4.55589,0.29053086042404175,0.9975369572639465,0.24359606206417084
YCL035C,YIL121W,0,-4.5566707,0.29032257199287415,0.9975369572639465,0.24384236335754395
YBR021W,YIR005W,0,-4.5566983,0.2901146113872528,0.9975369572639465,0.24408866465091705
YMR232W,YGL066W,0,-4.5571117,0.28990694880485535,0.9975369572639465,0.24433498084545135
YFL023W,YBR167C,0,-4.5572295,0.28969958424568176,0.9975369572639465,0.24458128213882446
YJR137C,YPL212C,0,-4.5580707,0.28949248790740967,0.9975369572639465,0.24482758343219757
YOR351C,YGL092W,0,-4.5592246,0.28928571939468384,0.9975369572639465,0.24507388472557068
YDR337W,YOR313C,0,-4.5596933,0.2890792191028595,0.9975369572639465,0.24532020092010498
YBR085W,YDR302W,0,-4.559737,0.2888730466365814,0.9975369572639465,0.2455665022134781
YDR221W,YBR034C,0,-4.559763,0.28866714239120483,0.9975369572639465,0.2458128035068512
YML071C,YEL062W,0,-4.559902,0.2884615361690521,0.9975369572639465,0.2460591197013855
YGR108W,YOL122C,0,-4.5602174,0.2882562279701233,0.9975369572639465,0.2463054209947586
YDR297W,YLR212C,0,-4.560515,0.28805121779441833,0.9975369572639465,0.2465517222881317
YOR368W,YDR195W,0,-4.5608683,0.28784647583961487,0.9975369572639465,0.24679802358150482
YGL027C,YML105C,0,-4.561604,0.2876420319080353,0.9975369572639465,0.24704433977603912
YLR401C,YPL010W,0,-4.561792,0.28743788599967957,0.9975369572639465,0.24729064106941223
YNL065W,YPR104C,0,-4.563114,0.28723403811454773,0.9975369572639465,0.24753694236278534
YDR141C,YPR186C,0,-4.5631704,0.28703048825263977,0.9975369572639465,0.24778325855731964
YKL038W,YOR212W,0,-4.563201,0.2868272066116333,0.9975369572639465,0.24802955985069275
YKR067W,YKL085W,0,-4.5647607,0.2866241931915283,0.9975369572639465,0.24827586114406586
YJR092W,YGR296W,0,-4.5649433,0.2864215075969696,0.9975369572639465,0.24852216243743896
YFL023W,YHR115C,0,-4.565364,0.2862190902233124,0.9975369572639465,0.24876847863197327
YJR097W,YDL036C,0,-4.5655513,0.28601694107055664,0.9975369572639465,0.24901477992534637
YER054C,YGR275W,0,-4.566179,0.2858150899410248,0.9975369572639465,0.24926108121871948
YPR138C,YDR323C,0,-4.5667872,0.2856135368347168,0.9975369572639465,0.2495073825120926
YOR351C,YHR088W,0,-4.5677314,0.2854122519493103,0.9975369572639465,0.2497536987066269
YDR078C,YDR297W,0,-4.5685472,0.2852112650871277,0.9975369572639465,0.25
YJR119C,YML043C,0,-4.568767,0.28501054644584656,0.9975369572639465,0.2502463161945343
YPR081C,YBL035C,0,-4.5698285,0.2848101258277893,0.9975369572639465,0.2504926025867462
YOR301W,YNL090W,0,-4.569977,0.28460997343063354,0.9975369572639465,0.2507389187812805
YAL029C,YLR167W,0,-4.5708804,0.28441011905670166,0.9975369572639465,0.2509852349758148
YLL006W,YOR301W,0,-4.571822,0.28421053290367126,0.9975369572639465,0.25123152136802673
YDL113C,YIL155C,0,-4.572965,0.28401121497154236,0.9975369572639465,0.25147783756256104
YDL069C,YHR133C,0,-4.5730767,0.28381219506263733,0.9975369572639465,0.25172412395477295
YER110C,YCR044C,0,-4.5730824,0.2836134433746338,0.9975369572639465,0.25197044014930725
YLR153C,YKL085W,0,-4.573619,0.2834149897098541,0.9975369572639465,0.25221675634384155
YNR067C,YBR167C,0,-4.575783,0.28321677446365356,0.9975369572639465,0.25246304273605347
YDL232W,YGL158W,0,-4.576308,0.2830188572406769,0.9975369572639465,0.25270935893058777
YBL098W,YHL034C,0,-4.5768914,0.2828212380409241,0.9975369572639465,0.25295567512512207
YGL033W,YBR276C,0,-4.577348,0.28262385725975037,0.9975369572639465,0.253201961517334
YEL032W,YGR010W,0,-4.5778823,0.28242677450180054,0.9975369572639465,0.2534482777118683
YCL066W,YHR056C,0,-4.5780168,0.2822299599647522,0.9975369572639465,0.2536945939064026
YNR002C,YER100W,0,-4.5787935,0.28203341364860535,0.9975369572639465,0.2539408802986145
YPL256C,YCR073C,0,-4.57935,0.2818371653556824,0.9975369572639465,0.2541871964931488
YLR223C,YOR210W,0,-4.580231,0.2816411554813385,0.9975369572639465,0.2544334828853607
YPL181W,YOR210W,0,-4.580275,0.2814454436302185,0.9975369572639465,0.254679799079895
YMR038C,YLR438C-A,0,-4.5803704,0.28125,0.9975369572639465,0.2549261152744293
YGR014W,YJR135W-A,0,-4.5804873,0.281054824590683,0.9975369572639465,0.25517240166664124
YBL071W-A,YOR212W,0,-4.581844,0.28085991740226746,0.9975369572639465,0.25541871786117554
YJL003W,YBR034C,0,-4.5820975,0.2806652784347534,0.9975369572639465,0.25566503405570984
YMR015C,YDR331W,0,-4.583648,0.28047090768814087,0.9975369572639465,0.25591132044792175
YDR146C,YGR192C,0,-4.5839176,0.2802768051624298,0.9975369572639465,0.25615763664245605
YLR023C,YBL026W,0,-4.5845804,0.2800830006599426,0.9975369572639465,0.25640395283699036
YNL065W,YCR073C,0,-4.5845923,0.27988943457603455,0.9975369572639465,0.25665023922920227
YGL033W,YIL144W,0,-4.587207,0.27969613671302795,0.9975369572639465,0.2568965554237366
YGL153W,YBR081C,0,-4.587624,0.27950310707092285,0.9975369572639465,0.2571428716182709
YER029C,YER190W,0,-4.587758,0.27931034564971924,0.9975369572639465,0.2573891580104828
YDR039C,YDR195W,0,-4.5880785,0.2791178524494171,0.9975369572639465,0.2576354742050171
YKL011C,YDR323C,0,-4.5905194,0.2789256274700165,0.9975369572639465,0.257881760597229
YFR047C,YIL072W,0,-4.5911965,0.27873364090919495,0.9975369572639465,0.2581280767917633
YDL102W,YDR293C,0,-4.591206,0.2785419523715973,0.9975369572639465,0.2583743929862976
YHR124W,YNL250W,0,-4.5923295,0.27835050225257874,0.9975369572639465,0.2586206793785095
YHL034C,YLR385C,0,-4.5923653,0.27815935015678406,0.9975369572639465,0.2588669955730438
YHR036W,YDR247W,0,-4.5937138,0.2779684364795685,0.9975369572639465,0.2591133117675781
YNR072W,YDR190C,0,-4.5941796,0.2777777910232544,0.9975369572639465,0.25935959815979004
YMR092C,YNL309W,0,-4.595744,0.2775873839855194,0.9975369572639465,0.25960591435432434
YMR224C,YJL050W,0,-4.5969243,0.2773972749710083,0.9975369572639465,0.25985223054885864
YMR055C,YJL104W,0,-4.5975447,0.2772074043750763,0.9975369572639465,0.26009851694107056
YNR072W,YOL143C,0,-4.59799,0.2770177721977234,0.9975369572639465,0.26034483313560486
YAL026C,YJR002W,0,-4.598203,0.27682843804359436,0.9975369572639465,0.2605911195278168
YJR055W,YIL038C,0,-4.5983934,0.27663934230804443,0.9975369572639465,0.2608374357223511
YLR117C,YGR094W,0,-4.5986,0.276450514793396,0.9975369572639465,0.2610837519168854
YHR089C,YAR035W,0,-4.5998664,0.27626192569732666,0.9975369572639465,0.2613300383090973
YNL280C,YIL097W,0,-4.6017075,0.2760736048221588,0.9975369572639465,0.2615763545036316
YOR133W,YBR275C,0,-4.6018696,0.27588555216789246,0.9975369572639465,0.2618226706981659
YIL097W,YCR024C-A,0,-4.6040025,0.2756977677345276,0.9975369572639465,0.2620689570903778
YHR082C,YMR225C,0,-4.6045613,0.27551019191741943,0.9975369572639465,0.2623152732849121
YJR137C,YJL201W,0,-4.6055064,0.27532291412353516,0.9975369572639465,0.2625615894794464
YNL074C,YIL106W,0,-4.605624,0.27513587474823,0.9975369572639465,0.2628078758716583
YBR276C,YPL138C,0,-4.605696,0.2749490737915039,0.9975369572639465,0.2630541920661926
YDR046C,YLR182W,0,-4.6064563,0.2747625410556793,0.9975369572639465,0.26330047845840454
YDR422C,YOR212W,0,-4.6071095,0.2745762765407562,0.9975369572639465,0.26354679465293884
YOR351C,YDR146C,0,-4.6071706,0.27439025044441223,0.9975369572639465,0.26379311084747314
YJR119C,YPL224C,0,-4.60771,0.27420446276664734,0.9975369572639465,0.26403939723968506
YBR154C,YOL034W,0,-4.6083922,0.27401894330978394,0.9975369572639465,0.26428571343421936
YIR011C,YNL066W,0,-4.609512,0.27383366227149963,0.9975369572639465,0.26453202962875366
YDL003W,YLR086W,0,-4.6096163,0.2736486494541168,0.9975369572639465,0.2647783160209656
YMR055C,YBR199W,0,-4.6097965,0.2734638750553131,0.9975369572639465,0.2650246322154999
YNL014W,YHR084W,0,-4.610209,0.2732793390750885,0.9975369572639465,0.2652709484100342
YPR143W,YCR073C,0,-4.610219,0.2730950713157654,0.9975369572639465,0.2655172348022461
YDR075W,YDR025W,0,-4.611405,0.27291104197502136,0.9975369572639465,0.2657635509967804
YMR165C,YDR459C,0,-4.6138725,0.27272728085517883,0.9975369572639465,0.2660098373889923
YNL268W,YJR073C,0,-4.615685,0.272543728351593,0.9975369572639465,0.2662561535835266
YMR237W,YMR232W,0,-4.615771,0.2723604440689087,0.9975369572639465,0.2665024697780609
YAL038W,YMR231W,0,-4.6160007,0.27217742800712585,0.9975369572639465,0.2667487561702728
YKL052C,YGR144W,0,-4.616031,0.27199462056159973,0.9975369572639465,0.26699507236480713
YHR171W,YDR108W,0,-4.617455,0.2718120813369751,0.9975369572639465,0.26724138855934143
YGL241W,YGL053W,0,-4.618562,0.27162978053092957,0.9975369572639465,0.26748767495155334
YJL050W,YDR353W,0,-4.6195817,0.27144771814346313,0.9975369572639465,0.26773399114608765
YOR237W,YLR450W,0,-4.6196866,0.2712658941745758,0.9975369572639465,0.26798030734062195
YPR049C,YJR055W,0,-4.6205955,0.27108433842658997,0.9975369572639465,0.26822659373283386
YHR005C,YGL053W,0,-4.6206408,0.2709030210971832,0.9975369572639465,0.26847290992736816
YEL032W,YBR276C,0,-4.6206803,0.2707219123840332,0.9975369572639465,0.26871922612190247
YLR023C,YGR014W,0,-4.6213045,0.27054107189178467,0.9975369572639465,0.2689655125141144
YIL072W,YNL113W,0,-4.622341,0.27036046981811523,0.9975369572639465,0.2692118287086487
YCR082W,YNL014W,0,-4.6236997,0.2701801061630249,0.9975369572639465,0.2694581151008606
YDL069C,YPL130W,0,-4.623782,0.27000001072883606,0.9975369572639465,0.2697044312953949
YLR133W,YCR024C-A,0,-4.6238995,0.26982012391090393,0.9975369572639465,0.2699507474899292
YAL038W,YDR163W,0,-4.6239257,0.2696404755115509,0.9975369572639465,0.2701970338821411
YDR358W,YIL128W,0,-4.6240716,0.269461065530777,0.9975369572639465,0.2704433500766754
YKL060C,YIR018W,0,-4.6254516,0.26928192377090454,0.9975369572639465,0.2706896662712097
YML004C,YOL117W,0,-4.6266217,0.2691029906272888,0.9975369572639465,0.27093595266342163
YBL016W,YJR022W,0,-4.6270833,0.2689242959022522,0.9975369572639465,0.27118226885795593
YNR049C,YML105C,0,-4.6277957,0.2687458395957947,0.9975369572639465,0.27142858505249023
YHR193C,YGL227W,0,-4.6283474,0.26856765151023865,0.9975369572639465,0.27167487144470215
YNL145W,YKR050W,0,-4.628468,0.26838967204093933,0.9975369572639465,0.27192118763923645
YBR114W,YGL135W,0,-4.6293674,0.2682119309902191,0.9975369572639465,0.27216747403144836
YDR516C,YDR293C,0,-4.6299195,0.268034428358078,0.9975369572639465,0.27241379022598267
YOR030W,YDL229W,0,-4.630124,0.2678571343421936,0.9975369572639465,0.27266010642051697
YDL102W,YOL139C,0,-4.631533,0.2676801085472107,0.9975369572639465,0.2729063928127289
YDR422C,YER190W,0,-4.633794,0.2675032913684845,0.9975369572639465,0.2731527090072632
YJR137C,YGL048C,0,-4.634093,0.2673267424106598,0.9975369572639465,0.2733990252017975
YER083C,YBL106C,0,-4.6342063,0.2671504020690918,0.9975369572639465,0.2736453115940094
YOL039W,YKR079C,0,-4.6342635,0.2669743001461029,0.9975369572639465,0.2738916277885437
YBL082C,YMR164C,0,-4.6347556,0.2667984068393707,0.9975369572639465,0.274137943983078
YGL116W,YBR293W,0,-4.635573,0.26662278175354004,0.9975369572639465,0.2743842303752899
YDL102W,YPL155C,0,-4.6359534,0.26644736528396606,0.9975369572639465,0.2746305465698242
YFL010W-A,YCL067C,0,-4.6366773,0.2662721872329712,0.9975369572639465,0.27487683296203613
YKR024C,YMR043W,0,-4.63687,0.2660972476005554,0.9975369572639465,0.27512314915657043
YDR028C,YMR096W,0,-4.640825,0.26592251658439636,0.9975369572639465,0.27536946535110474
YNL145W,YCL017C,0,-4.642122,0.2657480239868164,0.9975369572639465,0.27561575174331665
YKL193C,YCR073C,0,-4.6422586,0.26557376980781555,0.9975369572639465,0.27586206793785095
YNL090W,YNL160W,0,-4.6429477,0.2653997242450714,0.9975369572639465,0.27610838413238525
YBL063W,YGR165W,0,-4.6431217,0.26522594690322876,0.9975369572639465,0.27635467052459717
YDR208W,YJR156C,0,-4.6437917,0.26505234837532043,0.9975369572639465,0.27660098671913147
YHR169W,YLR450W,0,-4.6438236,0.2648790180683136,0.9975369572639465,0.27684730291366577
YDR244W,YOR308C,0,-4.644038,0.2647058963775635,0.9975369572639465,0.2770935893058777
YPR119W,YOR269W,0,-4.6441073,0.26453298330307007,0.9975369572639465,0.277339905500412
YJL041W,YGR133W,0,-4.645057,0.26436030864715576,0.9975369572639465,0.2775862216949463
YGR171C,YHR197W,0,-4.645292,0.26418787240982056,0.9975369572639465,0.2778325080871582
YAL026C,YAL043C,0,-4.6462083,0.26401564478874207,0.9975369572639465,0.2780788242816925
YMR231W,YKR046C,0,-4.6469927,0.2638436555862427,0.9975369572639465,0.2783251106739044
YDR358W,YKL038W,0,-4.64716,0.263671875,0.9975369572639465,0.2785714268684387
YMR014W,YPR131C,0,-4.647368,0.2635003328323364,0.9975369572639465,0.278817743062973
YLR165C,YDL090C,0,-4.6502123,0.26332899928092957,0.9975369572639465,0.27906402945518494
YOR133W,YCR073C,0,-4.651427,0.2631579041481018,0.9975369572639465,0.27931034564971924
YDL117W,YDR394W,0,-4.6519566,0.26298701763153076,0.9975369572639465,0.27955666184425354
YGR169C,YDR087C,0,-4.6526914,0.26281633973121643,0.9975369572639465,0.27980294823646545
YBR154C,YNL026W,0,-4.653217,0.2626459002494812,0.9975369572639465,0.28004926443099976
YDL153C,YGR296W,0,-4.655046,0.2624756991863251,0.9975369572639465,0.28029558062553406
YDL166C,YNL250W,0,-4.6556516,0.26230570673942566,0.9975369572639465,0.28054186701774597
YMR092C,YDL209C,0,-4.65635,0.26213592290878296,0.9975369572639465,0.2807881832122803
YBR297W,YOR159C,0,-4.65723,0.26196637749671936,0.9975369572639465,0.2810344696044922
YIL072W,YDR488C,0,-4.6587305,0.2617970407009125,0.9975369572639465,0.2812807857990265
YER157W,YOR145C,0,-4.6610994,0.2616279125213623,0.9975369572639465,0.2815271019935608
YPR049C,YIR012W,0,-4.66279,0.26145899295806885,0.9975369572639465,0.2817733883857727
YLR274W,YPL188W,0,-4.663142,0.2612903118133545,0.9975369572639465,0.282019704580307
YGL027C,YHR172W,0,-4.6632214,0.26112186908721924,0.9975369572639465,0.2822660207748413
YKL060C,YDR078C,0,-4.6649756,0.2609536051750183,0.9975369572639465,0.2825123071670532
YOR033C,YOR130C,0,-4.66517,0.2607855796813965,0.9975369572639465,0.2827586233615875
YMR052W,YER106W,0,-4.6659265,0.26061776280403137,0.9975369572639465,0.2830049395561218
YBR160W,YML024W,0,-4.666144,0.260450154542923,0.9975369572639465,0.28325122594833374
YPL135W,YFR040W,0,-4.666575,0.2602827847003937,0.9975369572639465,0.28349754214286804
YLR175W,YHR115C,0,-4.66923,0.2601155936717987,0.9975369572639465,0.28374382853507996
YOL115W,YDR244W,0,-4.6703897,0.25994864106178284,0.9975369572639465,0.28399014472961426
YJR053W,YDL074C,0,-4.670501,0.2597818970680237,0.9975369572639465,0.28423646092414856
YDL069C,YGR010W,0,-4.6705995,0.25961539149284363,0.9975369572639465,0.2844827473163605
YLL018C-A,YOR145C,0,-4.6713357,0.2594490647315979,0.9975369572639465,0.2847290635108948
YGR169C,YNL066W,0,-4.672195,0.2592829763889313,0.9975369572639465,0.2849753797054291
YMR055C,YLR292C,0,-4.6745834,0.25911709666252136,0.9975369572639465,0.285221666097641
YHR142W,YLR363C,0,-4.674724,0.2589513957500458,0.9975369572639465,0.2854679822921753
YIL038C,YBR228W,0,-4.675159,0.2587859332561493,0.9975369572639465,0.2857142984867096
YLR207W,YNL066W,0,-4.6753955,0.2586206793785095,0.9975369572639465,0.2859605848789215
YML042W,YLR166C,0,-4.6791415,0.25845563411712646,0.9975369572639465,0.2862069010734558
YOR153W,YDL042C,0,-4.6791587,0.2582908272743225,0.9975369572639465,0.2864531874656677
YER040W,YLR292C,0,-4.6796227,0.2581261992454529,0.9975369572639465,0.286699503660202
YDR361C,YDR180W,0,-4.679833,0.25796177983283997,0.9975369572639465,0.28694581985473633
YGL073W,YJL041W,0,-4.680176,0.25779756903648376,0.9975369572639465,0.28719210624694824
YBR200W,YER049W,0,-4.681009,0.25763359665870667,0.9975369572639465,0.28743842244148254
YHR193C,YGR258C,0,-4.6828966,0.2574698030948639,0.9975369572639465,0.28768473863601685
YPL159C,YHR048W,0,-4.6829524,0.25730621814727783,0.9975369572639465,0.28793102502822876
YBR145W,YDL042C,0,-4.6835527,0.2571428716182709,0.9975369572639465,0.28817734122276306
YGL116W,YER093C,0,-4.6838336,0.25697970390319824,0.9975369572639465,0.28842365741729736
YIL125W,YDR425W,0,-4.6841645,0.2568167448043823,0.9975369572639465,0.2886699438095093
YNL113W,YPR101W,0,-4.684473,0.2566539943218231,0.9975369572639465,0.2889162600040436
YHR036W,YLR450W,0,-4.6845,0.25649145245552063,0.9975369572639465,0.2891625761985779
YJR147W,YER093C,0,-4.685141,0.25632911920547485,0.9975369572639465,0.2894088625907898
YDR277C,YMR096W,0,-4.686614,0.2561669945716858,0.9975369572639465,0.2896551787853241
YIL160C,YPL129W,0,-4.6880717,0.25600504875183105,0.9975369572639465,0.289901465177536
YIR005W,YHR172W,0,-4.6887765,0.2558433413505554,0.9975369572639465,0.2901477813720703
YLL015W,YBR276C,0,-4.6889176,0.2556818127632141,0.9975369572639465,0.2903940975666046
YDR524C,YPR049C,0,-4.689385,0.2555204927921295,0.9975369572639465,0.29064038395881653
YMR138W,YKL204W,0,-4.690032,0.25535938143730164,0.9975369572639465,0.29088670015335083
YDR363W,YBR276C,0,-4.6904955,0.25519847869873047,0.9975369572639465,0.29113301634788513
YDR140W,YGL135W,0,-4.6907763,0.255037784576416,0.9975369572639465,0.29137930274009705
YFR047C,YGL241W,0,-4.691625,0.2548772692680359,0.9975369572639465,0.29162561893463135
YMR177W,YNL066W,0,-4.691814,0.25471699237823486,0.9975369572639465,0.29187193512916565
YKR095W,YEL017C-A,0,-4.692212,0.25455689430236816,0.9975369572639465,0.29211822152137756
YDL117W,YFL033C,0,-4.6933713,0.2543969750404358,0.9975369572639465,0.29236453771591187
YPL135W,YNL332W,0,-4.6947813,0.2542372941970825,0.9975369572639465,0.2926108241081238
YML110C,YDR025W,0,-4.6958556,0.2540777921676636,0.9975369572639465,0.2928571403026581
YJR021C,YKL038W,0,-4.6961946,0.25391849875450134,0.9975369572639465,0.2931034564971924
YGL238W,YIL052C,0,-4.696939,0.25375938415527344,0.9975369572639465,0.2933497428894043
YLR086W,YDR523C,0,-4.697082,0.25360050797462463,0.9975369572639465,0.2935960590839386
YKL073W,YOL104C,0,-4.697454,0.25344181060791016,0.9975369572639465,0.2938423752784729
YMR145C,YCL063W,0,-4.699104,0.25328329205513,0.9975369572639465,0.2940886616706848
YML042W,YFR051C,0,-4.700725,0.25312501192092896,0.9975369572639465,0.2943349778652191
YIL125W,YNL216W,0,-4.701031,0.25296688079833984,0.9975369572639465,0.2945812940597534
YKL048C,YFL037W,0,-4.7013955,0.25280898809432983,0.9975369572639465,0.29482758045196533
YBL082C,YER020W,0,-4.701648,0.25265127420425415,0.9975369572639465,0.29507389664649963
YHR036W,YDL130W-A,0,-4.702252,0.2524937689304352,0.9975369572639465,0.29532018303871155
YLR427W,YDL170W,0,-4.703215,0.25233644247055054,0.9975369572639465,0.29556649923324585
YOR298C-A,YDL154W,0,-4.7036505,0.2521793246269226,0.9975369572639465,0.29581281542778015
YBR298C,YDR087C,0,-4.705003,0.2520224153995514,0.9975369572639465,0.29605910181999207
YDR524C,YOR033C,0,-4.7073092,0.2518656849861145,0.9975369572639465,0.29630541801452637
YOL104C,YJL087C,0,-4.708263,0.25170913338661194,0.9975369572639465,0.29655173420906067
YLL015W,YLR197W,0,-4.7084465,0.2515527904033661,0.9975369572639465,0.2967980206012726
YIL075C,YMR322C,0,-4.7102947,0.25139665603637695,0.9975369572639465,0.2970443367958069
YMR015C,YMR091C,0,-4.710777,0.25124070048332214,0.9975369572639465,0.2972906529903412
YHR124W,YEL062W,0,-4.7128773,0.25108492374420166,0.9975369572639465,0.2975369393825531
YGR133W,YDR190C,0,-4.714665,0.2509293556213379,0.9975369572639465,0.2977832555770874
YKL192C,YNL066W,0,-4.714822,0.25077399611473083,0.9975369572639465,0.2980295419692993
YBR034C,YPL138C,0,-4.714873,0.2506188154220581,0.9975369572639465,0.2982758581638336
YJR158W,YKL038W,0,-4.7152076,0.2504638135433197,0.9975369572639465,0.2985221743583679
YHR166C,YJR119C,0,-4.7172594,0.250309020280838,0.9975369572639465,0.29876846075057983
YJR137C,YIR012W,0,-4.717611,0.25015440583229065,0.9975369572639465,0.29901477694511414
YKR095W,YMR177W,0,-4.7184935,0.25,0.9975369572639465,0.29926109313964844
YPL175W,YDL084W,0,-4.719144,0.24984577298164368,0.9975369572639465,0.29950737953186035
YPL271W,YML091C,0,-4.719352,0.24969173967838287,0.9975369572639465,0.29975369572639465
YNL006W,YMR268C,0,-4.7194834,0.2495379000902176,0.9975369572639465,0.30000001192092896
YDR524C,YPL094C,0,-4.7201223,0.24938423931598663,0.9975369572639465,0.30024629831314087
YGR165W,YOR308C,0,-4.7207756,0.2492307722568512,0.9975369572639465,0.30049261450767517
YGL037C,YPL032C,0,-4.721821,0.24907748401165009,0.9975369572639465,0.3007389307022095
YNL220W,YER041W,0,-4.721868,0.2489244043827057,0.9975369572639465,0.3009852170944214
YKL060C,YER022W,0,-4.7231174,0.24877150356769562,0.9975369572639465,0.3012315332889557
YIL155C,YPL129W,0,-4.723732,0.24861878156661987,0.9975369572639465,0.3014778196811676
YFL010W-A,YDL090C,0,-4.7237945,0.24846625328063965,0.9975369572639465,0.3017241358757019
YLR008C,YDR146C,0,-4.724533,0.24831391870975494,0.9975369572639465,0.3019704520702362
YPL036W,YER100W,0,-4.72543,0.24816176295280457,0.9975369572639465,0.3022167384624481
YPR031W,YGL053W,0,-4.7266784,0.2480098009109497,0.9975369572639465,0.3024630546569824
YBR085W,YKR085C,0,-4.727043,0.24785801768302917,0.9975369572639465,0.3027093708515167
YBR068C,YGR281W,0,-4.7272496,0.24770642817020416,0.9975369572639465,0.30295565724372864
YDR163W,YOL104C,0,-4.728642,0.24755501747131348,0.9975369572639465,0.30320197343826294
YOL009C,YGR258C,0,-4.7287574,0.24740378558635712,0.9975369572639465,0.30344828963279724
YCL063W,YBR293W,0,-4.729307,0.24725274741649628,0.9975369572639465,0.30369457602500916
YLR114C,YDR244W,0,-4.72976,0.24710188806056976,0.9975369572639465,0.30394089221954346
YKL052C,YCR042C,0,-4.7310443,0.24695122241973877,0.9975369572639465,0.30418717861175537
YLL024C,YGR090W,0,-4.731295,0.2468007355928421,0.9975369572639465,0.3044334948062897
YGR286C,YMR138W,0,-4.7313433,0.24665042757987976,0.9975369572639465,0.304679811000824
YOL044W,YLR165C,0,-4.7315345,0.24650029838085175,0.9975369572639465,0.3049260973930359
YHR166C,YDR098C,0,-4.7322783,0.24635036289691925,0.9975369572639465,0.3051724135875702
YKR039W,YNL216W,0,-4.732407,0.24620060622692108,0.9975369572639465,0.3054187297821045
YML099C,YGL053W,0,-4.7337413,0.24605102837085724,0.9975369572639465,0.3056650161743164
YJL170C,YJL133W,0,-4.733874,0.24590164422988892,0.9975369572639465,0.3059113323688507
YJL133W,YPL193W,0,-4.7347617,0.24575242400169373,0.9975369572639465,0.306157648563385
YHR082C,YBR123C,0,-4.7352147,0.24560339748859406,0.9975369572639465,0.3064039349555969
YHR019C,YGL093W,0,-4.735401,0.2454545497894287,0.9975369572639465,0.3066502511501312
YAL026C,YMR145C,0,-4.7357717,0.2453058809041977,0.9975369572639465,0.30689653754234314
YGL238W,YJR097W,0,-4.73601,0.245157390832901,0.9975369572639465,0.30714285373687744
YEL062W,YLR292C,0,-4.7372594,0.24500907957553864,0.9975369572639465,0.30738916993141174
YBL020W,YER070W,0,-4.7377663,0.2448609471321106,0.9975369572639465,0.30763545632362366
YKR024C,YGR181W,0,-4.7387843,0.24471299350261688,0.9975369572639465,0.30788177251815796
YMR192W,YHR069C,0,-4.739639,0.2445652186870575,0.9975369572639465,0.30812808871269226
YBR298C,YOR001W,0,-4.7396812,0.24441762268543243,0.9975369572639465,0.3083743751049042
YGR101W,YBR081C,0,-4.7398076,0.2442702054977417,0.9975369572639465,0.3086206912994385
YMR117C,YLR298C,0,-4.740319,0.2441229671239853,0.9975369572639465,0.3088670074939728
YML113W,YPL094C,0,-4.7409167,0.2439759075641632,0.9975369572639465,0.3091132938861847
YDL003W,YPL120W,0,-4.7411666,0.24382901191711426,0.9975369572639465,0.309359610080719
YJL121C,YPL175W,0,-4.741518,0.24368230998516083,0.9975369572639465,0.3096058964729309
YBL041W,YMR117C,0,-4.741627,0.24353577196598053,0.9975369572639465,0.3098522126674652
YDL029W,YDR488C,0,-4.7419486,0.24338942766189575,0.9975369572639465,0.3100985288619995
YIR005W,YGL022W,0,-4.742299,0.2432432472705841,0.9975369572639465,0.3103448152542114
YLR377C,YGR090W,0,-4.742866,0.2430972456932068,0.9975369572639465,0.3105911314487457
YPL135W,YMR175W,0,-4.7436547,0.2429514080286026,0.9975369572639465,0.31083744764328003
YML042W,YNL225C,0,-4.744087,0.24280574917793274,0.9975369572639465,0.31108373403549194
YMR037C,YPR163C,0,-4.745037,0.2426602691411972,0.9975369572639465,0.31133005023002625
YDR358W,YGR214W,0,-4.7453017,0.242514967918396,0.9975369572639465,0.31157636642456055
YEL071W,YHR133C,0,-4.7455053,0.2423698455095291,0.9975369572639465,0.31182265281677246
YMR109W,YBR079C,0,-4.746138,0.24222488701343536,0.9975369572639465,0.31206896901130676
YPR200C,YIL121W,0,-4.7463374,0.24208009243011475,0.9975369572639465,0.31231528520584106
YGR246C,YOR153W,0,-4.746487,0.24193547666072845,0.9975369572639465,0.312561571598053
YHR072W,YDR488C,0,-4.747524,0.2417910397052765,0.9975369572639465,0.3128078877925873
YJR053W,YDL039C,0,-4.7478137,0.24164678156375885,0.9975369572639465,0.3130541741847992
YCL038C,YML113W,0,-4.7480426,0.24150268733501434,0.9975369572639465,0.3133004903793335
YER054C,YBR123C,0,-4.7482443,0.24135875701904297,0.9975369572639465,0.3135468065738678
YKL191W,YNL264C,0,-4.7483144,0.24121500551700592,0.9975369572639465,0.3137930929660797
YNR002C,YHR038W,0,-4.7483478,0.2410714328289032,0.9975369572639465,0.314039409160614
YDL042C,YDR523C,0,-4.751806,0.2409280240535736,0.9975369572639465,0.3142857253551483
YLR167W,YLR090W,0,-4.752192,0.24078477919101715,0.9975369572639465,0.31453201174736023
YOL139C,YFL003C,0,-4.7522154,0.24064171314239502,0.9975369572639465,0.31477832794189453
YMR052W,YDR353W,0,-4.752342,0.24049881100654602,0.9975369572639465,0.31502464413642883
YER106W,YOL054W,0,-4.752627,0.24035608768463135,0.9975369572639465,0.31527093052864075
YMR055C,YGL093W,0,-4.7538967,0.2402135282754898,0.9975369572639465,0.31551724672317505
YBR081C,YNL304W,0,-4.754974,0.2400711327791214,0.9975369572639465,0.31576353311538696
YML043C,YLR313C,0,-4.7561965,0.23992891609668732,0.9975369572639465,0.31600984930992126
YNL270C,YCL063W,0,-4.7571664,0.23978686332702637,0.9975369572639465,0.31625616550445557
YDR195W,YIL143C,0,-4.757542,0.23964497447013855,0.9975369572639465,0.3165024518966675
YJR002W,YPR102C,0,-4.758653,0.23950324952602386,0.9975369572639465,0.3167487680912018
YDR299W,YOR368W,0,-4.7588587,0.2393617033958435,0.9975369572639465,0.3169950842857361
YKL140W,YGL225W,0,-4.75913,0.23922032117843628,0.9975369572639465,0.317241370677948
YLR207W,YKL201C,0,-4.759545,0.23907910287380219,0.9975369572639465,0.3174876868724823
YMR145C,YNL304W,0,-4.7596173,0.23893804848194122,0.9975369572639465,0.3177340030670166
YMR224C,YBR006W,0,-4.7599096,0.2387971729040146,0.9975369572639465,0.3179802894592285
YOR298C-A,YOR362C,0,-4.760548,0.2386564463376999,0.9975369572639465,0.3182266056537628
YOR304W,YGL225W,0,-4.7614083,0.23851589858531952,0.9975369572639465,0.31847289204597473
YKR067W,YBR289W,0,-4.7626786,0.23837551474571228,0.9975369572639465,0.31871920824050903
YBR086C,YHR082C,0,-4.7631335,0.23823529481887817,0.9975369572639465,0.31896552443504333
YDR361C,YML114C,0,-4.7633843,0.2380952388048172,0.9975369572639465,0.31921181082725525
YHL019C,YHR084W,0,-4.7634277,0.23795534670352936,0.9975369572639465,0.31945812702178955
YNR002C,YDR498C,0,-4.764126,0.23781561851501465,0.9975369572639465,0.31970444321632385
YJL041W,YDR087C,0,-4.764333,0.23767605423927307,0.9975369572639465,0.31995072960853577
YGR264C,YKL095W,0,-4.7644753,0.23753665387630463,0.9975369572639465,0.32019704580307007
YPL256C,YMR117C,0,-4.765265,0.23739741742610931,0.9975369572639465,0.32044336199760437
YDR017C,YNL250W,0,-4.7654624,0.23725834488868713,0.9975369572639465,0.3206896483898163
YKR079C,YDR247W,0,-4.7656636,0.23711943626403809,0.9975369572639465,0.3209359645843506
YHR129C,YNR013C,0,-4.7675757,0.23698069155216217,0.9975369572639465,0.3211822807788849
YGL241W,YOL004W,0,-4.768906,0.2368421107530594,0.9975369572639465,0.3214285671710968
YER110C,YPR181C,0,-4.7698693,0.23670367896556854,0.9975369572639465,0.3216748833656311
YJL002C,YML109W,0,-4.770008,0.23656542599201202,0.9975369572639465,0.321921169757843
YER180C-A,YPL130W,0,-4.770189,0.23642732203006744,0.9975369572639465,0.3221674859523773
YMR055C,YOR265W,0,-4.7703376,0.236289381980896,0.9975369572639465,0.3224138021469116
YFR047C,YNL014W,0,-4.770642,0.23615160584449768,0.9975369572639465,0.32266008853912354
YER038C,YMR149W,0,-4.7724714,0.2360139787197113,0.9975369572639465,0.32290640473365784
YEL032W,YGR116W,0,-4.7738776,0.23587653040885925,0.9975369572639465,0.32315272092819214
YEL062W,YMR214W,0,-4.774213,0.23573923110961914,0.9975369572639465,0.32339900732040405
YMR008C,YNR015W,0,-4.774454,0.23560209572315216,0.9975369572639465,0.32364532351493835
YPL188W,YOL143C,0,-4.775094,0.23546510934829712,0.9975369572639465,0.32389163970947266
YNL166C,YPL188W,0,-4.7754407,0.2353283017873764,0.9975369572639465,0.32413792610168457
YGR028W,YJL145W,0,-4.7771935,0.23519164323806763,0.9975369572639465,0.32438424229621887
YJL184W,YGR014W,0,-4.7772665,0.2350551337003708,0.9975369572639465,0.3246305286884308
YMR200W,YDR247W,0,-4.7777805,0.23491878807544708,0.9975369572639465,0.3248768448829651
YHR115C,YOR298C-A,0,-4.777934,0.2347826063632965,0.9975369572639465,0.3251231610774994
YMR055C,YOR030W,0,-4.7782283,0.23464658856391907,0.9975369572639465,0.3253694474697113
YNR015W,YPR163C,0,-4.778484,0.23451070487499237,0.9975369572639465,0.3256157636642456
YBR048W,YFR040W,0,-4.7788186,0.234375,0.9975369572639465,0.3258620798587799
YPR020W,YJL003W,0,-4.778891,0.23423944413661957,0.9975369572639465,0.3261083662509918
YJR055W,YBR186W,0,-4.7809787,0.23410405218601227,0.9975369572639465,0.3263546824455261
YCL038C,YLR165C,0,-4.7809825,0.2339688092470169,0.9975369572639465,0.3266009986400604
YEL063C,YFR001W,0,-4.7811213,0.23383371531963348,0.9975369572639465,0.32684728503227234
YGL033W,YDL005C,0,-4.781292,0.2336987853050232,0.9975369572639465,0.32709360122680664
YBR276C,YDR353W,0,-4.7821364,0.23356401920318604,0.9975369572639465,0.32733988761901855
YBR133C,YIL160C,0,-4.782806,0.23342940211296082,0.9975369572639465,0.32758620381355286
YBL024W,YLR212C,0,-4.7829585,0.23329493403434753,0.9975369572639465,0.32783252000808716
YJR053W,YOR153W,0,-4.7848845,0.2331606149673462,0.9975369572639465,0.3280788064002991
YML113W,YOR308C,0,-4.786117,0.23302645981311798,0.9975369572639465,0.3283251225948334
YNL074C,YBR103W,0,-4.786323,0.2328924685716629,0.9975369572639465,0.3285714387893677
YER040W,YHR056C,0,-4.786836,0.23275862634181976,0.9975369572639465,0.3288177251815796
YBR160W,YHR172W,0,-4.78699,0.23262493312358856,0.9975369572639465,0.3290640413761139
YJR097W,YCR024C-A,0,-4.7887936,0.2324913889169693,0.9975369572639465,0.3293103575706482
YBL082C,YBR169C,0,-4.7893496,0.23235800862312317,0.9975369572639465,0.3295566439628601
YLR114C,YNL250W,0,-4.789409,0.23222477734088898,0.9975369572639465,0.3298029601573944
YOR349W,YGR143W,0,-4.7902865,0.23209169507026672,0.9975369572639465,0.3300492465496063
YDR297W,YLR182W,0,-4.7911153,0.2319587618112564,0.9975369572639465,0.3302955627441406
YLR133W,YBR114W,0,-4.7913485,0.23182599246501923,0.9975369572639465,0.3305418789386749
YBL013W,YLR182W,0,-4.791349,0.2316933572292328,0.9975369572639465,0.33078816533088684
YHR171W,YER029C,0,-4.7913647,0.23156088590621948,0.9975369572639465,0.33103448152542114
YAL026C,YPR102C,0,-4.7918,0.2314285784959793,0.9975369572639465,0.33128079771995544
YFR048W,YDL130W-A,0,-4.792792,0.23129640519618988,0.9975369572639465,0.33152708411216736
YDR339C,YGL158W,0,-4.7935977,0.2311643809080124,0.9975369572639465,0.33177340030670166
YEL063C,YMR164C,0,-4.7940383,0.23103252053260803,0.9975369572639465,0.33201971650123596
YER083C,YML043C,0,-4.794877,0.23090079426765442,0.9975369572639465,0.3322660028934479
YDL008W,YPL130W,0,-4.7950106,0.23076923191547394,0.9975369572639465,0.3325123190879822
YDL008W,YDR425W,0,-4.795298,0.2306378185749054,0.9975369572639465,0.3327586352825165
YBR034C,YBR060C,0,-4.7955003,0.2305065393447876,0.9975369572639465,0.3330049216747284
YNR049C,YDL111C,0,-4.795837,0.23037542402744293,0.9975369572639465,0.3332512378692627
YBR068C,YDR523C,0,-4.7960124,0.2302444577217102,0.9975369572639465,0.3334975242614746
YOR204W,YMR008C,0,-4.797114,0.23011364042758942,0.9975369572639465,0.3337438404560089
YNL066W,YLR277C,0,-4.7972703,0.22998295724391937,0.9975369572639465,0.3339901566505432
YIL167W,YOL148C,0,-4.797839,0.22985243797302246,0.9975369572639465,0.3342364430427551
YDL017W,YOL049W,0,-4.797934,0.2297220677137375,0.9975369572639465,0.33448275923728943
YLR153C,YKR060W,0,-4.798165,0.22959183156490326,0.9975369572639465,0.33472907543182373
YNL090W,YCR073C,0,-4.7983108,0.22946175932884216,0.9975369572639465,0.33497536182403564
YNL065W,YBR068C,0,-4.7994227,0.2293318212032318,0.9975369572639465,0.33522167801856995
YNL242W,YMR101C,0,-4.7999916,0.2292020320892334,0.9975369572639465,0.33546799421310425
YHR011W,YGR268C,0,-4.8001237,0.22907239198684692,0.9975369572639465,0.33571428060531616
YDR163W,YOR206W,0,-4.800165,0.2289429008960724,0.9975369572639465,0.33596059679985046
YNL251C,YDR501W,0,-4.8010917,0.2288135588169098,0.9975369572639465,0.3362068831920624
YKR002W,YCR031C,0,-4.801172,0.22868436574935913,0.9975369572639465,0.3364531993865967
YHR082C,YIL075C,0,-4.8012066,0.22855530679225922,0.9975369572639465,0.336699515581131
YMR092C,YLR119W,0,-4.80163,0.22842639684677124,0.9975369572639465,0.3369458019733429
YLR166C,YGR090W,0,-4.8028893,0.2282976359128952,0.9975369572639465,0.3371921181678772
YML071C,YAL034W-A,0,-4.804061,0.2281690090894699,0.9975369572639465,0.3374384343624115
YNL016W,YKL038W,0,-4.804342,0.22804054617881775,0.9975369572639465,0.3376847207546234
YLR256W,YNL216W,0,-4.8051677,0.22791221737861633,0.9975369572639465,0.3379310369491577
YMR207C,YJR135W-A,0,-4.805404,0.22778402268886566,0.9975369572639465,0.338177353143692
YLR133W,YDR414C,0,-4.805733,0.22765599191188812,0.9975369572639465,0.33842363953590393
YPL181W,YBR240C,0,-4.8066196,0.22752809524536133,0.9975369572639465,0.33866995573043823
YGR036C,YKL085W,0,-4.8066773,0.22740033268928528,0.9975369572639465,0.33891624212265015
YLL018C-A,YKL140W,0,-4.80738,0.22727273404598236,0.9975369572639465,0.33916255831718445
YDR195W,YGL145W,0,-4.807869,0.227145254611969,0.9975369572639465,0.33940887451171875
YHR193C,YDR108W,0,-4.8082643,0.22701793909072876,0.9975369572639465,0.33965516090393066
YDR479C,YCR106W,0,-4.809337,0.22689075767993927,0.9975369572639465,0.33990147709846497
YLR114C,YBR186W,0,-4.8101277,0.22676371037960052,0.9975369572639465,0.34014779329299927
YDL102W,YOR237W,0,-4.811606,0.2266368269920349,0.9975369572639465,0.3403940796852112
YAL038W,YDR425W,0,-4.8120008,0.22651006281375885,0.9975369572639465,0.3406403958797455
YML008C,YOR073W,0,-4.813352,0.22638344764709473,0.9975369572639465,0.3408867120742798
YJR055W,YGR192C,0,-4.8139052,0.22625698149204254,0.9975369572639465,0.3411329984664917
YDR331W,YNL072W,0,-4.8144784,0.2261306494474411,0.9975369572639465,0.341379314661026
YDL120W,YGR296W,0,-4.8157525,0.2260044664144516,0.9975369572639465,0.3416256010532379
YLR110C,YGL163C,0,-4.818503,0.22587841749191284,0.9975369572639465,0.3418719172477722
YDR171W,YNL330C,0,-4.820207,0.22575250267982483,0.9975369572639465,0.3421182334423065
YNL145W,YML114C,0,-4.8218384,0.22562673687934875,0.9975369572639465,0.34236451983451843
YMR145C,YBR216C,0,-4.822186,0.22550112009048462,0.9975369572639465,0.34261083602905273
YGL092W,YDL130W,0,-4.822267,0.22537562251091003,0.9975369572639465,0.34285715222358704
YKL114C,YLR175W,0,-4.8236794,0.2252502739429474,0.9975369572639465,0.34310343861579895
YLR363C,YBL004W,0,-4.8247037,0.22512507438659668,0.9975369572639465,0.34334975481033325
YDR072C,YIR012W,0,-4.8247128,0.22499999403953552,0.9975369572639465,0.34359607100486755
YKL191W,YPR031W,0,-4.8250136,0.2248750627040863,0.9975369572639465,0.34384235739707947
YGL019W,YER157W,0,-4.8258343,0.22475028038024902,0.9975369572639465,0.34408867359161377
YDL220C,YDR329C,0,-4.8260374,0.2246256172657013,0.9975369572639465,0.34433498978614807
YDR087C,YOR073W,0,-4.8269973,0.2245011031627655,0.9975369572639465,0.34458127617836
YBR060C,YBL106C,0,-4.8289742,0.22437673807144165,0.9975369572639465,0.3448275923728943
YMR224C,YFL033C,0,-4.8300457,0.22425249218940735,0.9975369572639465,0.3450738787651062
YNR008W,YDL087C,0,-4.830802,0.22412839531898499,0.9975369572639465,0.3453201949596405
YIL038C,YCR073C,0,-4.830854,0.22400441765785217,0.9975369572639465,0.3455665111541748
YOR298C-A,YKL001C,0,-4.831158,0.2238806039094925,0.9975369572639465,0.3458127975463867
YPL212C,YDR409W,0,-4.831836,0.22375690937042236,0.9975369572639465,0.346059113740921
YDL161W,YOL039W,0,-4.832267,0.22363334894180298,0.9975369572639465,0.3463054299354553
YOL049W,YOL117W,0,-4.8329844,0.22350993752479553,0.9975369572639465,0.34655171632766724
YMR173W,YGR192C,0,-4.833328,0.22338664531707764,0.9975369572639465,0.34679803252220154
YNL280C,YOL115W,0,-4.833817,0.22326350212097168,0.9975369572639465,0.34704434871673584
YGR262C,YJL145W,0,-4.834097,0.22314049303531647,0.9975369572639465,0.34729063510894775
YBR276C,YBR079C,0,-4.8344254,0.223017618060112,0.9975369572639465,0.34753695130348206
YIL052C,YLL041C,0,-4.8349233,0.22289487719535828,0.9975369572639465,0.34778323769569397
YBR048W,YLL041C,0,-4.8353124,0.2227722704410553,0.9975369572639465,0.34802955389022827
YDL155W,YHR102W,0,-4.8353543,0.22264981269836426,0.9975369572639465,0.3482758700847626
YDR180W,YOR187W,0,-4.8366036,0.22252747416496277,0.9975369572639465,0.3485221564769745
YKL191W,YJR156C,0,-4.837523,0.22240526974201202,0.9975369572639465,0.3487684726715088
YBL042C,YML024W,0,-4.839297,0.22228319942951202,0.9975369572639465,0.3490147888660431
YNL026W,YBR294W,0,-4.839537,0.22216127812862396,0.9975369572639465,0.349261075258255
YJR092W,YGL049C,0,-4.8396006,0.22203947603702545,0.9975369572639465,0.3495073914527893
YNL270C,YDR247W,0,-4.839672,0.22191780805587769,0.9975369572639465,0.3497537076473236
YNL280C,YDR195W,0,-4.839736,0.22179627418518066,0.9975369572639465,0.3499999940395355
YGL092W,YMR117C,0,-4.83991,0.2216748744249344,0.9975369572639465,0.3502463102340698
YIL038C,YOR367W,0,-4.840788,0.22155360877513885,0.9975369572639465,0.35049259662628174
YNL192W,YHR011W,0,-4.8410597,0.22143247723579407,0.9975369572639465,0.35073891282081604
YPR162C,YJR135W-A,0,-4.8417525,0.22131147980690002,0.9975369572639465,0.35098522901535034
YMR052W,YKL148C,0,-4.841826,0.22119060158729553,0.9975369572639465,0.35123151540756226
YIL044C,YDL170W,0,-4.842177,0.22106987237930298,0.9975369572639465,0.35147783160209656
YPL138C,YCL063W,0,-4.842259,0.22094926238059998,0.9975369572639465,0.35172414779663086
YDL005C,YCR024C-A,0,-4.8425193,0.22082878649234772,0.9975369572639465,0.3519704341888428
YDR277C,YEL017C-A,0,-4.8426633,0.2207084447145462,0.9975369572639465,0.3522167503833771
YIL121W,YDR238C,0,-4.842679,0.22058823704719543,0.9975369572639465,0.3524630665779114
YMR237W,YOL093W,0,-4.8426967,0.22046814858913422,0.9975369572639465,0.3527093529701233
YHR027C,YKR020W,0,-4.8435597,0.22034820914268494,0.9975369572639465,0.3529556691646576
YNR054C,YOL034W,0,-4.8445473,0.2202283889055252,0.9975369572639465,0.3532019555568695
YKL191W,YER040W,0,-4.844672,0.22010870277881622,0.9975369572639465,0.3534482717514038
YKL052C,YHR005C,0,-4.84492,0.2199891358613968,0.9975369572639465,0.3536945879459381
YBR286W,YLR176C,0,-4.845206,0.2198697030544281,0.9975369572639465,0.35394087433815
YFR051C,YKR079C,0,-4.8459044,0.21975040435791016,0.9975369572639465,0.3541871905326843
YMR299C,YFR001W,0,-4.84682,0.21963123977184296,0.9975369572639465,0.35443350672721863
YCL017C,YDL130W-A,0,-4.846824,0.2195121943950653,0.9975369572639465,0.35467979311943054
YAL026C,YGL245W,0,-4.8474836,0.2193932831287384,0.9975369572639465,0.35492610931396484
YGR133W,YOR001W,0,-4.847775,0.21927450597286224,0.9975369572639465,0.35517242550849915
YDR320C-A,YER022W,0,-4.84782,0.21915584802627563,0.9975369572639465,0.35541871190071106
YKR024C,YNL280C,0,-4.849482,0.21903732419013977,0.9975369572639465,0.35566502809524536
YPL155C,YBR167C,0,-4.85022,0.21891891956329346,0.9975369572639465,0.35591134428977966
YHR166C,YPL269W,0,-4.851598,0.2188006490468979,0.9975369572639465,0.3561576306819916
YJR065C,YMR273C,0,-4.8517666,0.21868251264095306,0.9975369572639465,0.3564039468765259
YDL008W,YIL125W,0,-4.8527102,0.2185644954442978,0.9975369572639465,0.3566502332687378
YLR259C,YER065C,0,-4.853194,0.21844659745693207,0.9975369572639465,0.3568965494632721
YKR090W,YIL143C,0,-4.8542595,0.2183288335800171,0.9975369572639465,0.3571428656578064
YPR163C,YBL004W,0,-4.855224,0.21821120381355286,0.9975369572639465,0.3573891520500183
YFR021W,YNL250W,0,-4.8556213,0.21809369325637817,0.9975369572639465,0.3576354682445526
YKR095W,YMR008C,0,-4.8567758,0.21797631680965424,0.9975369572639465,0.3578817844390869
YKL008C,YOR182C,0,-4.8582335,0.21785905957221985,0.9975369572639465,0.35812807083129883
YGR286C,YGL207W,0,-4.8588133,0.2177419364452362,0.9975369572639465,0.35837438702583313
YLR401C,YOL009C,0,-4.858972,0.21762493252754211,0.9975369572639465,0.35862070322036743
YIL120W,YKL019W,0,-4.860778,0.21750806272029877,0.9975369572639465,0.35886698961257935
YPL051W,YER003C,0,-4.8620086,0.21739129722118378,0.9975369572639465,0.35911330580711365
YGL135W,YBR293W,0,-4.8639784,0.21727468073368073,0.9975369572639465,0.35935959219932556
YKR067W,YML032C,0,-4.8642445,0.21715818345546722,0.9975369572639465,0.35960590839385986
YGR286C,YPL221W,0,-4.8648324,0.21704180538654327,0.9975369572639465,0.35985222458839417
YDL005C,YBR276C,0,-4.8678074,0.21692554652690887,0.9975369572639465,0.3600985109806061
YDR039C,YOR122C,0,-4.8687453,0.21680942177772522,0.9975369572639465,0.3603448271751404
YOL049W,YGR192C,0,-4.868774,0.21669341623783112,0.9975369572639465,0.3605911433696747
YMR207C,YPL130W,0,-4.869008,0.21657754480838776,0.9975369572639465,0.3608374297618866
YGR123C,YDR238C,0,-4.8694377,0.21646179258823395,0.9975369572639465,0.3610837459564209
YML008C,YOL049W,0,-4.8704677,0.2163461595773697,0.9975369572639465,0.3613300621509552
YGR014W,YKL148C,0,-4.8705344,0.21623064577579498,0.9975369572639465,0.3615763485431671
YIL122W,YJR135W-A,0,-4.8712916,0.21611526608467102,0.9975369572639465,0.3618226647377014
YNL065W,YMR281W,0,-4.871412,0.2160000056028366,0.9975369572639465,0.36206895112991333
YGR143W,YDL170W,0,-4.8729606,0.21588486433029175,0.9975369572639465,0.36231526732444763
YJL167W,YNL326C,0,-4.8737073,0.21576984226703644,0.9975369572639465,0.36256158351898193
YFR001W,YHR172W,0,-4.87416,0.21565495431423187,0.9975369572639465,0.36280786991119385
YMR037C,YDR293C,0,-4.8742394,0.21554018557071686,0.9975369572639465,0.36305418610572815
YJR060W,YDL174C,0,-4.8745027,0.2154255360364914,0.9975369572639465,0.36330050230026245
YDR323C,YJL121C,0,-4.8745475,0.21531100571155548,0.9975369572639465,0.36354678869247437
YML099C,YML032C,0,-4.87474,0.21519659459590912,0.9975369572639465,0.36379310488700867
YBR050C,YBL106C,0,-4.875238,0.2150823175907135,0.9975369572639465,0.36403942108154297
YGR133W,YKL148C,0,-4.8753304,0.21496815979480743,0.9975369572639465,0.3642857074737549
YBL015W,YGL049C,0,-4.8767633,0.21485410630702972,0.9975369572639465,0.3645320236682892
YJL201W,YJL145W,0,-4.8785615,0.21474018692970276,0.9975369572639465,0.3647783398628235
YJR006W,YIL052C,0,-4.879255,0.21462638676166534,0.9975369572639465,0.3650246262550354
YDR072C,YJR156C,0,-4.8801427,0.21451270580291748,0.9975369572639465,0.3652709424495697
YDR017C,YJL145W,0,-4.8806467,0.21439915895462036,0.9975369572639465,0.3655172288417816
YDR244W,YMR214W,0,-4.8809004,0.2142857164144516,0.9975369572639465,0.3657635450363159
YER106W,YDR213W,0,-4.8811593,0.2141723930835724,0.9975369572639465,0.3660098612308502
YBR021W,YDR489W,0,-4.8812737,0.21405920386314392,0.9975369572639465,0.36625614762306213
YBR133C,YJL069C,0,-4.8819914,0.2139461189508438,0.9975369572639465,0.36650246381759644
YGR108W,YNL088W,0,-4.8822503,0.21383315324783325,0.9975369572639465,0.36674878001213074
YJL167W,YFR040W,0,-4.882354,0.21372032165527344,0.9975369572639465,0.36699506640434265
YMR052W,YNL156C,0,-4.8823686,0.21360759437084198,0.9975369572639465,0.36724138259887695
YDR140W,YDL039C,0,-4.88288,0.21349498629570007,0.9975369572639465,0.36748769879341125
YNL066W,YML041C,0,-4.8831954,0.2133825123310089,0.9975369572639465,0.36773398518562317
YGR268C,YBR289W,0,-4.8833866,0.2132701426744461,0.9975369572639465,0.36798030138015747
YMR038C,YAL026C,0,-4.8839426,0.21315789222717285,0.9975369572639465,0.3682265877723694
YDR488C,YKL038W,0,-4.884431,0.21304576098918915,0.9975369572639465,0.3684729039669037
YGR286C,YML014W,0,-4.884723,0.212933748960495,0.9975369572639465,0.368719220161438
YKR039W,YDL154W,0,-4.885007,0.2128218561410904,0.9975369572639465,0.3689655065536499
YHR188C,YGR258C,0,-4.8850265,0.21271008253097534,0.9975369572639465,0.3692118227481842
YMR165C,YPL193W,0,-4.885692,0.21259842813014984,0.9975369572639465,0.3694581389427185
YDR414C,YOR182C,0,-4.8863525,0.2124868780374527,0.9975369572639465,0.3697044253349304
YPR081C,YFR048W,0,-4.8881063,0.2123754620552063,0.9975369572639465,0.3699507415294647
YIL038C,YIL052C,0,-4.888965,0.21226415038108826,0.9975369572639465,0.370197057723999
YLR175W,YNL072W,0,-4.890242,0.21215295791625977,0.9975369572639465,0.37044334411621094
YJL178C,YFL023W,0,-4.891236,0.21204188466072083,0.9975369572639465,0.37068966031074524
YJL178C,YNR067C,0,-4.8920336,0.21193093061447144,0.9975369572639465,0.37093594670295715
YJR053W,YDR487C,0,-4.8953156,0.2118200808763504,0.9975369572639465,0.37118226289749146
YDR277C,YGL048C,0,-4.89685,0.21170935034751892,0.9975369572639465,0.37142857909202576
YPL076W,YLR277C,0,-4.897317,0.211598739027977,0.9975369572639465,0.37167486548423767
YGR161C,YNL197C,0,-4.89733,0.2114882469177246,0.9975369572639465,0.371921181678772
YER083C,YPR102C,0,-4.897772,0.21137787401676178,0.9975369572639465,0.3721674978733063
YGL073W,YPL269W,0,-4.8991466,0.2112676054239273,0.9975369572639465,0.3724137842655182
YBL035C,YHL006C,0,-4.9003944,0.21115745604038239,0.9975369572639465,0.3726601004600525
YJL048C,YJR110W,0,-4.900516,0.21104742586612701,0.9975369572639465,0.3729064166545868
YDL231C,YJR158W,0,-4.9011235,0.2109375,0.9975369572639465,0.3731527030467987
YNL006W,YNL072W,0,-4.901732,0.21082769334316254,0.9975369572639465,0.373399019241333
YLR350W,YLR197W,0,-4.9020414,0.21071800589561462,0.9975369572639465,0.3736453056335449
YBR086C,YEL062W,0,-4.9022427,0.21060842275619507,0.9975369572639465,0.3738916218280792
YGL173C,YPL188W,0,-4.9023213,0.21049895882606506,0.9975369572639465,0.3741379380226135
YJL167W,YHR089C,0,-4.903177,0.2103896141052246,0.9975369572639465,0.37438422441482544
YPL138C,YMR093W,0,-4.9033356,0.2102803736925125,0.9975369572639465,0.37463054060935974
YJL170C,YDL042C,0,-4.904506,0.21017125248908997,0.9975369572639465,0.37487685680389404
YIL125W,YMR225C,0,-4.9050756,0.21006223559379578,0.9975369572639465,0.37512314319610596
YOR237W,YDL090C,0,-4.9052815,0.20995333790779114,0.9975369572639465,0.37536945939064026
YLR274W,YPL101W,0,-4.90562,0.20984455943107605,0.9975369572639465,0.37561577558517456
YKL019W,YHR090C,0,-4.9062467,0.20973588526248932,0.9975369572639465,0.3758620619773865
YMR237W,YDR419W,0,-4.907236,0.20962733030319214,0.9975369572639465,0.3761083781719208
YLR223C,YOL034W,0,-4.9085574,0.20951887965202332,0.9975369572639465,0.3763546943664551
YNL242W,YBL004W,0,-4.909568,0.20941054821014404,0.9975369572639465,0.376600980758667
YBR123C,YPR016C,0,-4.9107933,0.20930232107639313,0.9975369572639465,0.3768472969532013
YBR068C,YBR240C,0,-4.9109416,0.20919421315193176,0.9975369572639465,0.3770935833454132
YDR148C,YPL155C,0,-4.9112964,0.20908620953559875,0.9975369572639465,0.3773398995399475
YCR082W,YCL063W,0,-4.911307,0.2089783251285553,0.9975369572639465,0.3775862157344818
YMR237W,YIL155C,0,-4.9119453,0.2088705450296402,0.9975369572639465,0.3778325021266937
YHR005C,YHR102W,0,-4.912295,0.20876288414001465,0.9975369572639465,0.378078818321228
YJR025C,YBR119W,0,-4.9123015,0.20865532755851746,0.9975369572639465,0.37832513451576233
YOL049W,YGR279C,0,-4.913423,0.20854789018630981,0.9975369572639465,0.37857142090797424
YHR074W,YJL048C,0,-4.914264,0.20844055712223053,0.9975369572639465,0.37881773710250854
YLR438C-A,YGR048W,0,-4.9149237,0.2083333283662796,0.9975369572639465,0.37906405329704285
YDL017W,YMR296C,0,-4.915749,0.20822621881961823,0.9975369572639465,0.37931033968925476
YMR014W,YGR262C,0,-4.9161067,0.2081192135810852,0.9975369572639465,0.37955665588378906
YCR009C,YPL130W,0,-4.916181,0.20801232755184174,0.9975369572639465,0.379802942276001
YGL048C,YKR050W,0,-4.9176407,0.20790554583072662,0.9975369572639465,0.3800492584705353
YFL048C,YDL166C,0,-4.918655,0.20779886841773987,0.9975369572639465,0.3802955746650696
YNR002C,YML021C,0,-4.919235,0.20769231021404266,0.9975369572639465,0.3805418610572815
YOR210W,YKR072C,0,-4.920002,0.20758585631847382,0.9975369572639465,0.3807881772518158
YJR025C,YHR133C,0,-4.920998,0.20747950673103333,0.9975369572639465,0.3810344934463501
YKR039W,YDL087C,0,-4.9233065,0.20737327635288239,0.9975369572639465,0.381280779838562
YPL036W,YKR008W,0,-4.9256797,0.2072671502828598,0.9975369572639465,0.3815270960330963
YHR114W,YJR135W-A,0,-4.9287176,0.20716112852096558,0.9975369572639465,0.3817734122276306
YER020W,YJL133W,0,-4.9294868,0.2070552110671997,0.9975369572639465,0.38201969861984253
YOR030W,YBR154C,0,-4.9300156,0.2069494128227234,0.9975369572639465,0.38226601481437683
YNL074C,YPR031W,0,-4.931499,0.20684371888637543,0.9975369572639465,0.38251230120658875
YNR008W,YDL150W,0,-4.931578,0.20673812925815582,0.9975369572639465,0.38275861740112305
YMR038C,YPL060W,0,-4.9324384,0.20663265883922577,0.9975369572639465,0.38300493359565735
YOR130C,YMR008C,0,-4.932874,0.20652727782726288,0.9975369572639465,0.38325121998786926
YGR144W,YLR212C,0,-4.9334145,0.20642201602458954,0.9975369572639465,0.38349753618240356
YER038C,YFL003C,0,-4.9335437,0.20631685853004456,0.9975369572639465,0.38374385237693787
YMR101C,YDR002W,0,-4.934271,0.20621180534362793,0.9975369572639465,0.3839901387691498
YJR053W,YIR023W,0,-4.9345336,0.20610687136650085,0.9975369572639465,0.3842364549636841
YGR036C,YHR082C,0,-4.9346333,0.20600204169750214,0.9975369572639465,0.3844827711582184
YMR101C,YML124C,0,-4.934822,0.20589730143547058,0.9975369572639465,0.3847290575504303
YHR124W,YFR051C,0,-4.9349627,0.20579268038272858,0.9975369572639465,0.3849753737449646
YHR166C,YGL100W,0,-4.935538,0.20568816363811493,0.9975369572639465,0.3852216601371765
YIL120W,YGR144W,0,-4.936392,0.20558375120162964,0.9975369572639465,0.3854679763317108
YBR200W,YOR123C,0,-4.9367795,0.2054794579744339,0.9975369572639465,0.3857142925262451
YDL003W,YBR119W,0,-4.936951,0.20537525415420532,0.9975369572639465,0.38596057891845703
YNL216W,YAR003W,0,-4.937077,0.2052711546421051,0.9975369572639465,0.38620689511299133
YPL271W,YOL009C,0,-4.937132,0.20516717433929443,0.9975369572639465,0.38645321130752563
YLR438C-A,YCR024C-A,0,-4.9381084,0.20506329834461212,0.9975369572639465,0.38669949769973755
YBL026W,YIL121W,0,-4.938953,0.20495951175689697,0.9975369572639465,0.38694581389427185
YFL010W-A,YBL090W,0,-4.9391084,0.20485584437847137,0.9975369572639465,0.38719213008880615
YMR268C,YLL012W,0,-4.9410405,0.20475228130817413,0.9975369572639465,0.38743841648101807
YJL167W,YIL072W,0,-4.9417405,0.20464880764484406,0.9975369572639465,0.38768473267555237
YGR286C,YML051W,0,-4.942302,0.20454545319080353,0.9975369572639465,0.38793104887008667
YGR036C,YDR425W,0,-4.943278,0.20444220304489136,0.9975369572639465,0.3881773352622986
YPR016C,YBR293W,0,-4.943449,0.20433905720710754,0.9975369572639465,0.3884236514568329
YKL073W,YGL158W,0,-4.9438896,0.2042360007762909,0.9975369572639465,0.3886699378490448
YDR171W,YML091C,0,-4.944446,0.2041330635547638,0.9975369572639465,0.3889162540435791
YBR034C,YLR223C,0,-4.9446216,0.20403023064136505,0.9975369572639465,0.3891625702381134
YPL269W,YFL033C,0,-4.944861,0.20392748713493347,0.9975369572639465,0.3894088566303253
YLR276C,YFR048W,0,-4.9452014,0.20382486283779144,0.9975369572639465,0.3896551728248596
YHR142W,YDL060W,0,-4.947986,0.20372232794761658,0.9975369572639465,0.3899014890193939
YBR290W,YOR133W,0,-4.9485407,0.20361991226673126,0.9975369572639465,0.39014777541160583
YBR085W,YDR409W,0,-4.948933,0.2035175859928131,0.9975369572639465,0.39039409160614014
YLR286C,YLR088W,0,-4.9495215,0.20341536402702332,0.9975369572639465,0.39064040780067444
YOR030W,YOR351C,0,-4.950172,0.20331324636936188,0.9975369572639465,0.39088669419288635
YCL017C,YDR465C,0,-4.951747,0.2032112330198288,0.9975369572639465,0.39113301038742065
YPR049C,YIL122W,0,-4.9534006,0.20310932397842407,0.9975369572639465,0.39137929677963257
YLR153C,YDR243C,0,-4.954398,0.2030075192451477,0.9975369572639465,0.39162561297416687
YGR036C,YGL227W,0,-4.954827,0.2029058188199997,0.9975369572639465,0.39187192916870117
YDR072C,YLR167W,0,-4.9569592,0.20280420780181885,0.9975369572639465,0.3921182155609131
YDR039C,YDR212W,0,-4.9580607,0.20270270109176636,0.9975369572639465,0.3923645317554474
YOR056C,YAL017W,0,-4.9580674,0.20260129868984222,0.9975369572639465,0.3926108479499817
YIR005W,YIR022W,0,-4.958735,0.20250000059604645,0.9975369572639465,0.3928571343421936
YGR108W,YHR027C,0,-4.9597816,0.20239880681037903,0.9975369572639465,0.3931034505367279
YJL201W,YMR096W,0,-4.9606633,0.20229770243167877,0.9975369572639465,0.3933497667312622
YLR313C,YDL120W,0,-4.9622855,0.20219670236110687,0.9975369572639465,0.3935960531234741
YDR098C,YOR182C,0,-4.9643197,0.20209580659866333,0.9975369572639465,0.3938423693180084
YDR108W,YNL197C,0,-4.964874,0.20199501514434814,0.9975369572639465,0.39408865571022034
YFL048C,YPL188W,0,-4.9649315,0.20189431309700012,0.9975369572639465,0.39433497190475464
YDR184C,YLR114C,0,-4.96512,0.20179371535778046,0.9975369572639465,0.39458128809928894
YHR011W,YOR020C,0,-4.96538,0.20169322192668915,0.9975369572639465,0.39482757449150085
YOR033C,YOR182C,0,-4.967327,0.2015928328037262,0.9975369572639465,0.39507389068603516
YDR195W,YIR015W,0,-4.9677615,0.2014925330877304,0.9975369572639465,0.39532020688056946
YJL184W,YBR081C,0,-4.968661,0.20139233767986298,0.9975369572639465,0.39556649327278137
YOL122C,YCR073C,0,-4.9686966,0.2012922465801239,0.9975369572639465,0.3958128094673157
YKL201C,YDR394W,0,-4.9690847,0.201192244887352,0.9975369572639465,0.39605912566185
YDL102W,YIR023W,0,-4.969665,0.20109234750270844,0.9975369572639465,0.3963054120540619
YBL015W,YBR275C,0,-4.96977,0.20099255442619324,0.9975369572639465,0.3965517282485962
YLR328W,YDR025W,0,-4.9698453,0.2008928507566452,0.9975369572639465,0.3967980444431305
YBR169C,YML021C,0,-4.970009,0.20079325139522552,0.9975369572639465,0.3970443308353424
YER044C-A,YOL054W,0,-4.9705167,0.2006937563419342,0.9975369572639465,0.3972906470298767
YKL192C,YBR006W,0,-4.9713163,0.20059435069561005,0.9975369572639465,0.3975369334220886
YAL051W,YBR250W,0,-4.9719415,0.20049504935741425,0.9975369572639465,0.3977832496166229
YGL032C,YIR005W,0,-4.974514,0.2003958374261856,0.9975369572639465,0.3980295658111572
YHR169W,YLR090W,0,-4.9751716,0.20029672980308533,0.9975369572639465,0.39827585220336914
YJL104W,YDL033C,0,-4.9757266,0.2001977264881134,0.9975369572639465,0.39852216839790344
YJL020C,YJR073C,0,-4.977044,0.20009881258010864,0.9975369572639465,0.39876848459243774
YBR276C,YDL150W,0,-4.9773784,0.20000000298023224,0.9975369572639465,0.39901477098464966
YER036C,YNL145W,0,-4.9776373,0.199901282787323,0.9975369572639465,0.39926108717918396
YBL071W-A,YBR119W,0,-4.978258,0.19980266690254211,0.9975369572639465,0.39950740337371826
YDR465C,YGR270W,0,-4.9789615,0.1997041404247284,0.9975369572639465,0.3997536897659302
YKR039W,YPL076W,0,-4.979842,0.19960571825504303,0.9975369572639465,0.4000000059604645
YOR206W,YHL006C,0,-4.979857,0.19950738549232483,0.9975369572639465,0.4002462923526764
YDR221W,YBR058C-A,0,-4.980417,0.19940915703773499,0.9975369572639465,0.4004926085472107
YNL080C,YBR289W,0,-4.980539,0.1993110179901123,0.9975369572639465,0.400738924741745
YPL212C,YGL044C,0,-4.982262,0.19921298325061798,0.9975369572639465,0.4009852111339569
YIL052C,YLR182W,0,-4.9830117,0.19911503791809082,0.9975369572639465,0.4012315273284912
YDR171W,YIL143C,0,-4.983436,0.19901719689369202,0.9975369572639465,0.4014778435230255
YIL125W,YBL026W,0,-4.984528,0.19891944527626038,0.9975369572639465,0.4017241299152374
YJR092W,YML124C,0,-4.9849534,0.1988217979669571,0.9975369572639465,0.40197044610977173
YGR158C,YMR008C,0,-4.985063,0.19872424006462097,0.9975369572639465,0.40221676230430603
YPL193W,YGL225W,0,-4.9855914,0.19862677156925201,0.9975369572639465,0.40246304869651794
YDR524C,YPR138C,0,-4.9860435,0.1985294073820114,0.9975369572639465,0.40270936489105225
YGL238W,YOR308C,0,-4.98666,0.19843214750289917,0.9975369572639465,0.40295565128326416
YNL113W,YAL009W,0,-4.9868426,0.1983349621295929,0.9975369572639465,0.40320196747779846
YLR176C,YNL197C,0,-4.9875975,0.19823788106441498,0.9975369572639465,0.40344828367233276
YOR142W,YKR050W,0,-4.9883137,0.19814090430736542,0.9975369572639465,0.4036945700645447
YNR054C,YDL006W,0,-4.989413,0.19804401695728302,0.9975369572639465,0.403940886259079
YLR293C,YDR195W,0,-4.9906955,0.19794721901416779,0.9975369572639465,0.4041872024536133
YAL026C,YOL115W,0,-4.991672,0.19785051047801971,0.9975369572639465,0.4044334888458252
YBR290W,YJR097W,0,-4.9929123,0.19775390625,0.9975369572639465,0.4046798050403595
YIR012W,YPR024W,0,-4.9937215,0.19765739142894745,0.9975369572639465,0.4049261212348938
YJL178C,YNR049C,0,-4.9940977,0.19756098091602325,0.9975369572639465,0.4051724076271057
YJR097W,YGR014W,0,-4.994348,0.19746464490890503,0.9975369572639465,0.40541872382164
YDL130W-A,YNL088W,0,-4.994619,0.19736842811107635,0.9975369572639465,0.40566501021385193
YGL092W,YKR046C,0,-4.995093,0.19727228581905365,0.9975369572639465,0.40591132640838623
YHR036W,YGL124C,0,-4.996157,0.1971762478351593,0.9975369572639465,0.40615764260292053
YOR253W,YKR072C,0,-4.996876,0.19708029925823212,0.9975369572639465,0.40640392899513245
YML128C,YOL100W,0,-4.9976397,0.1969844400882721,0.9975369572639465,0.40665024518966675
YML024W,YPR024W,0,-4.997804,0.19688867032527924,0.9975369572639465,0.40689656138420105
YKL015W,YML024W,0,-4.998749,0.19679300487041473,0.9975369572639465,0.40714284777641296
YDL006W,YCR106W,0,-4.9987636,0.1966974288225174,0.9975369572639465,0.40738916397094727
YDR329C,YAL009W,0,-5.000541,0.19660194218158722,0.9975369572639465,0.40763548016548157
YOR308C,YIR018W,0,-5.0008397,0.1965065449476242,0.9975369572639465,0.4078817665576935
YGL092W,YDL033C,0,-5.0012145,0.19641125202178955,0.9975369572639465,0.4081280827522278
YDR323C,YMR149W,0,-5.0027733,0.19631604850292206,0.9975369572639465,0.4083743989467621
YGR156W,YLR313C,0,-5.0032415,0.19622093439102173,0.9975369572639465,0.408620685338974
YOR153W,YJL069C,0,-5.0033727,0.19612590968608856,0.9975369572639465,0.4088670015335083
YGR014W,YMR322C,0,-5.0041323,0.19603097438812256,0.9975369572639465,0.4091132879257202
YPL075W,YDR479C,0,-5.004843,0.1959361433982849,0.9975369572639465,0.4093596041202545
YPL181W,YDR297W,0,-5.0051894,0.19584138691425323,0.9975369572639465,0.4096059203147888
YPL221W,YBL063W,0,-5.00553,0.19574673473834991,0.9975369572639465,0.40985220670700073
YMR055C,YML109W,0,-5.00905,0.19565217196941376,0.9975369572639465,0.41009852290153503
YBR202W,YJL003W,0,-5.009844,0.19555769860744476,0.9975369572639465,0.41034483909606934
YJR021C,YER041W,0,-5.0107684,0.19546331465244293,0.9975369572639465,0.41059112548828125
YLR096W,YDR180W,0,-5.011055,0.19536903500556946,0.9975369572639465,0.41083744168281555
YBL098W,YOR261C,0,-5.0129232,0.19527482986450195,0.9975369572639465,0.41108375787734985
YDL223C,YKR025W,0,-5.0135,0.1951807290315628,0.9975369572639465,0.41133004426956177
YLR256W,YHR088W,0,-5.014701,0.19508670270442963,0.9975369572639465,0.41157636046409607
YNL220W,YDR195W,0,-5.0150976,0.1949927806854248,0.9975369572639465,0.411822646856308
YDL117W,YLR332W,0,-5.01511,0.19489894807338715,0.9975369572639465,0.4120689630508423
YML110C,YCL066W,0,-5.0153165,0.19480518996715546,0.9975369572639465,0.4123152792453766
YAL034W-A,YPL120W,0,-5.0156307,0.19471153616905212,0.9975369572639465,0.4125615656375885
YLR363C,YKR079C,0,-5.016887,0.19461797177791595,0.9975369572639465,0.4128078818321228
YDR516C,YLL006W,0,-5.017796,0.19452449679374695,0.9975369572639465,0.4130541980266571
YNL072W,YPL130W,0,-5.018235,0.1944311112165451,0.9975369572639465,0.413300484418869
YDL130W,YDR353W,0,-5.0204215,0.19433781504631042,0.9975369572639465,0.4135468006134033
YIL125W,YGR165W,0,-5.0204864,0.1942446082830429,0.9975369572639465,0.4137931168079376
YML110C,YJL109C,0,-5.022067,0.19415149092674255,0.9975369572639465,0.41403940320014954
YLR377C,YAL051W,0,-5.02243,0.19405846297740936,0.9975369572639465,0.41428571939468384
YDR299W,YDL117W,0,-5.022605,0.19396552443504333,0.9975369572639465,0.41453200578689575
YFR001W,YCL063W,0,-5.023338,0.19387266039848328,0.9975369572639465,0.41477832198143005
YOR122C,YGR048W,0,-5.024456,0.19377990067005157,0.9975369572639465,0.41502463817596436
YMR092C,YDR200C,0,-5.024797,0.19368723034858704,0.9975369572639465,0.41527092456817627
YKL195W,YIL018W,0,-5.0254054,0.19359464943408966,0.9975369572639465,0.41551724076271057
YML043C,YBR103W,0,-5.025513,0.19350214302539825,0.9975369572639465,0.4157635569572449
YNL080C,YDL194W,0,-5.0259957,0.1934097409248352,0.9975369572639465,0.4160098433494568
YBL063W,YIL038C,0,-5.0260754,0.19331742823123932,0.9975369572639465,0.4162561595439911
YJR025C,YDR005C,0,-5.0272927,0.1932251900434494,0.9975369572639465,0.4165024757385254
YDR190C,YPL029W,0,-5.030275,0.19313304126262665,0.9975369572639465,0.4167487621307373
YIL106W,YIL052C,0,-5.030494,0.19304099678993225,0.9975369572639465,0.4169950783252716
YLR401C,YMR231W,0,-5.030538,0.19294902682304382,0.9975369572639465,0.4172413647174835
YML113W,YLR008C,0,-5.0308857,0.19285714626312256,0.9975369572639465,0.4174876809120178
YBL015W,YBR283C,0,-5.031174,0.19276535511016846,0.9975369572639465,0.4177339971065521
YBR298C,YMR101C,0,-5.0312133,0.19267363846302032,0.9975369572639465,0.41798028349876404
YBL015W,YAL051W,0,-5.031269,0.19258202612400055,0.9975369572639465,0.41822659969329834
YGR286C,YDR331W,0,-5.03128,0.19249048829078674,0.9975369572639465,0.41847291588783264
YCR012W,YMR156C,0,-5.031463,0.1923990547657013,0.9975369572639465,0.41871920228004456
YEL032W,YMR109W,0,-5.031915,0.19230769574642181,0.9975369572639465,0.41896551847457886
YGR158C,YOR301W,0,-5.033088,0.1922164261341095,0.9975369572639465,0.41921183466911316
YOR288C,YGR080W,0,-5.0330915,0.19212523102760315,0.9975369572639465,0.4194581210613251
YJL178C,YML109W,0,-5.0335383,0.19203414022922516,0.9975369572639465,0.4197044372558594
YJR006W,YBR081C,0,-5.033555,0.19194312393665314,0.9975369572639465,0.4199507534503937
YLR238W,YMR117C,0,-5.033566,0.19185219705104828,0.9975369572639465,0.4201970398426056
YBR200W,YCL066W,0,-5.033591,0.19176135957241058,0.9975369572639465,0.4204433560371399
YJL090C,YNL251C,0,-5.033867,0.19167061150074005,0.9975369572639465,0.4206896424293518
YDR087C,YHL034C,0,-5.0339885,0.1915799379348755,0.9975369572639465,0.4209359586238861
YDR299W,YDR516C,0,-5.0339923,0.19148936867713928,0.9975369572639465,0.4211822748184204
YGL124C,YPR143W,0,-5.034515,0.19139885902404785,0.9975369572639465,0.4214285612106323
YNL080C,YDR488C,0,-5.035152,0.19130845367908478,0.9975369572639465,0.4216748774051666
YIR023W,YGR181W,0,-5.0354033,0.19121813774108887,0.9975369572639465,0.4219211935997009
YPL110C,YBL026W,0,-5.03551,0.19112789630889893,0.9975369572639465,0.42216747999191284
YJR137C,YPL094C,0,-5.035769,0.19103772938251495,0.9975369572639465,0.42241379618644714
YBR048W,YGR181W,0,-5.0362363,0.19094766676425934,0.9975369572639465,0.42266011238098145
YDL130W-A,YDR353W,0,-5.038126,0.1908576786518097,0.9975369572639465,0.42290639877319336
YDR098C,YKR050W,0,-5.0399976,0.1907677799463272,0.9975369572639465,0.42315271496772766
YOR288C,YJL039C,0,-5.04036,0.1906779706478119,0.9975369572639465,0.4233990013599396
YNL225C,YDR146C,0,-5.040444,0.19058823585510254,0.9975369572639465,0.4236453175544739
YJL091C,YBL106C,0,-5.040911,0.19049859046936035,0.9975369572639465,0.4238916337490082
YHR058C,YOR194C,0,-5.041994,0.19040901958942413,0.9975369572639465,0.4241379201412201
YLR313C,YJR046W,0,-5.0426664,0.19031955301761627,0.9975369572639465,0.4243842363357544
YBR218C,YNL304W,0,-5.0427375,0.19023016095161438,0.9975369572639465,0.4246305525302887
YJL003W,YMR117C,0,-5.044418,0.19014084339141846,0.9975369572639465,0.4248768389225006
YLR238W,YIR012W,0,-5.0456243,0.1900516152381897,0.9975369572639465,0.4251231551170349
YIR015W,YDR293C,0,-5.045857,0.1899624764919281,0.9975369572639465,0.4253694713115692
YML091C,YGR144W,0,-5.0468173,0.18987341225147247,0.9975369572639465,0.42561575770378113
YDL111C,YGL225W,0,-5.0474114,0.189784437417984,0.9975369572639465,0.42586207389831543
YCR039C,YBR154C,0,-5.0476174,0.1896955519914627,0.9975369572639465,0.42610836029052734
YPL135W,YNR034W,0,-5.048013,0.18960674107074738,0.9975369572639465,0.42635467648506165
YDL005C,YIR012W,0,-5.0482726,0.1895180195569992,0.9975369572639465,0.42660099267959595
YDL209C,YLR313C,0,-5.0485587,0.189429372549057,0.9975369572639465,0.42684727907180786
YAL026C,YGL173C,0,-5.0487695,0.18934081494808197,0.9975369572639465,0.42709359526634216
YJL090C,YPL192C,0,-5.049084,0.1892523318529129,0.9975369572639465,0.42733991146087646
YLR153C,YDR098C,0,-5.0499516,0.189163938164711,0.9975369572639465,0.4275861978530884
YDR323C,YJR126C,0,-5.0503125,0.18907563388347626,0.9975369572639465,0.4278325140476227
YDR488C,YDR532C,0,-5.051275,0.18898740410804749,0.9975369572639465,0.428078830242157
YMR145C,YNL197C,0,-5.0522,0.18889924883842468,0.9975369572639465,0.4283251166343689
YOR056C,YNL326C,0,-5.05235,0.18881118297576904,0.9975369572639465,0.4285714328289032
YNL264C,YLR313C,0,-5.0527587,0.18872320652008057,0.9975369572639465,0.4288177192211151
YER036C,YDR078C,0,-5.0549407,0.18863530457019806,0.9975369572639465,0.4290640354156494
YGL053W,YFR031C,0,-5.056733,0.18854749202728271,0.9975369572639465,0.4293103516101837
YDR358W,YLL022C,0,-5.0570073,0.18845975399017334,0.9975369572639465,0.42955663800239563
YCR039C,YPL188W,0,-5.057197,0.18837209045886993,0.9975369572639465,0.42980295419692993
YJL184W,YHR056C,0,-5.0574646,0.1882845163345337,0.9975369572639465,0.43004927039146423
YDL069C,YLR212C,0,-5.057899,0.1881970316171646,0.9975369572639465,0.43029555678367615
YAL034W-A,YDR409W,0,-5.0585628,0.1881096214056015,0.9975369572639465,0.43054187297821045
YOL021C,YDR425W,0,-5.0589185,0.18802228569984436,0.9975369572639465,0.43078818917274475
YDR039C,YLR240W,0,-5.0596824,0.18793503940105438,0.9975369572639465,0.43103447556495667
YDR524C,YDR361C,0,-5.060488,0.18784786760807037,0.9975369572639465,0.43128079175949097
YFR041C,YLR167W,0,-5.060927,0.18776078522205353,0.9975369572639465,0.43152710795402527
YLR167W,YML105C,0,-5.0612454,0.18767377734184265,0.9975369572639465,0.4317733943462372
YML042W,YPL042C,0,-5.061546,0.18758684396743774,0.9975369572639465,0.4320197105407715
YDL029W,YBR050C,0,-5.063591,0.1875,0.9975369572639465,0.4322659969329834
YPR138C,YGR165W,0,-5.064029,0.18741323053836823,0.9975369572639465,0.4325123131275177
YBR068C,YMR101C,0,-5.064148,0.1873265504837036,0.9975369572639465,0.432758629322052
YPL110C,YLR385C,0,-5.064157,0.18723994493484497,0.9975369572639465,0.4330049157142639
YOR236W,YHR197W,0,-5.064854,0.1871534138917923,0.9975369572639465,0.4332512319087982
YGL124C,YLR350W,0,-5.0649796,0.1870669722557068,0.9975369572639465,0.4334975481033325
YDL174C,YFL033C,0,-5.065624,0.18698060512542725,0.9975369572639465,0.43374383449554443
YER029C,YFL037W,0,-5.066995,0.18689432740211487,0.9975369572639465,0.43399015069007874
YJL121C,YPL253C,0,-5.0691338,0.18680812418460846,0.9975369572639465,0.43423646688461304
YDR075W,YDR297W,0,-5.0700307,0.18672199547290802,0.9975369572639465,0.43448275327682495
YMR281W,YDR091C,0,-5.0703535,0.18663594126701355,0.9975369572639465,0.43472906947135925
YDL229W,YOL093W,0,-5.0704703,0.18654997646808624,0.9975369572639465,0.43497535586357117
YOR355W,YDR331W,0,-5.070494,0.1864640861749649,0.9975369572639465,0.43522167205810547
YPR119W,YBR133C,0,-5.0705743,0.18637828528881073,0.9975369572639465,0.43546798825263977
YLL015W,YPL188W,0,-5.0713487,0.18629254400730133,0.9975369572639465,0.4357142746448517
YPR020W,YJR119C,0,-5.071366,0.1862068921327591,0.9975369572639465,0.435960590839386
YFL003C,YER029C,0,-5.0716686,0.18612132966518402,0.9975369572639465,0.4362069070339203
YPR104C,YIR005W,0,-5.072029,0.18603582680225372,0.9975369572639465,0.4364531934261322
YKR086W,YMR322C,0,-5.0721574,0.1859504133462906,0.9975369572639465,0.4366995096206665
YAL026C,YMR200W,0,-5.072243,0.18586507439613342,0.9975369572639465,0.4369458258152008
YEL063C,YBR006W,0,-5.0723767,0.18577980995178223,0.9975369572639465,0.4371921122074127
YMR165C,YDL111C,0,-5.0725436,0.1856946349143982,0.9975369572639465,0.437438428401947
YCR091W,YJL039C,0,-5.073237,0.18560953438282013,0.9975369572639465,0.43768471479415894
YOL095C,YDL005C,0,-5.0733624,0.18552450835704803,0.9975369572639465,0.43793103098869324
YJR084W,YPL194W,0,-5.073643,0.1854395568370819,0.9975369572639465,0.43817734718322754
YPL051W,YLR023C,0,-5.073706,0.18535469472408295,0.9975369572639465,0.43842363357543945
YGR070W,YLR385C,0,-5.0756,0.18526989221572876,0.9975369572639465,0.43866994976997375
YPR020W,YKR057W,0,-5.0770097,0.18518517911434174,0.9975369572639465,0.43891626596450806
YDR524C,YDR141C,0,-5.0772424,0.18510055541992188,0.9975369572639465,0.43916255235671997
YML042W,YOL093W,0,-5.078151,0.1850159913301468,0.9975369572639465,0.4394088685512543
YMR192W,YKR079C,0,-5.0787606,0.18493150174617767,0.9975369572639465,0.4396551847457886
YDR153C,YBR276C,0,-5.078922,0.18484710156917572,0.9975369572639465,0.4399014711380005
YPL076W,YML114C,0,-5.079011,0.18476277589797974,0.9975369572639465,0.4401477873325348
YDL102W,YNL113W,0,-5.0790997,0.18467852473258972,0.9975369572639465,0.4403941035270691
YOL095C,YMR214W,0,-5.079166,0.18459434807300568,0.9975369572639465,0.440640389919281
YKL048C,YMR235C,0,-5.0794277,0.1845102459192276,0.9975369572639465,0.4408867061138153
YBL020W,YGR080W,0,-5.082422,0.1844262331724167,0.9975369572639465,0.4411329925060272
YNL298W,YNR067C,0,-5.083279,0.18434228003025055,0.9975369572639465,0.4413793087005615
YBR132C,YGR116W,0,-5.0840344,0.18425841629505157,0.9975369572639465,0.4416256248950958
YOR133W,YML008C,0,-5.0841804,0.18417462706565857,0.9975369572639465,0.44187191128730774
YDL113C,YLL022C,0,-5.084474,0.18409091234207153,0.9975369572639465,0.44211822748184204
YJL133W,YOR265W,0,-5.085236,0.18400727212429047,0.9975369572639465,0.44236454367637634
YJL178C,YMR177W,0,-5.0853868,0.18392370641231537,0.9975369572639465,0.44261083006858826
YLR401C,YOR269W,0,-5.0860176,0.18384021520614624,0.9975369572639465,0.44285714626312256
YBR068C,YKL201C,0,-5.086019,0.18375679850578308,0.9975369572639465,0.44310346245765686
YOL039W,YBR289W,0,-5.0870433,0.18367347121238708,0.9975369572639465,0.4433497488498688
YEL062W,YLR005W,0,-5.0872903,0.18359020352363586,0.9975369572639465,0.4435960650444031
YBR021W,YBL106C,0,-5.0876327,0.1835070252418518,0.9975369572639465,0.443842351436615
YDL232W,YBR050C,0,-5.0897975,0.18342390656471252,0.9975369572639465,0.4440886676311493
YKL143W,YLR167W,0,-5.0914474,0.1833408772945404,0.9975369572639465,0.4443349838256836
YNL250W,YFL033C,0,-5.0915375,0.18325792253017426,0.9975369572639465,0.4445812702178955
YFL048C,YIL121W,0,-5.0917187,0.18317502737045288,0.9975369572639465,0.4448275864124298
YNL091W,YJR156C,0,-5.093806,0.18309222161769867,0.9975369572639465,0.4450739026069641
YDL008W,YBR010W,0,-5.0939384,0.18300949037075043,0.9975369572639465,0.445320188999176
YJL081C,YGR214W,0,-5.0940213,0.18292683362960815,0.9975369572639465,0.4455665051937103
YBR276C,YGR275W,0,-5.094356,0.18284423649311066,0.9975369572639465,0.44581282138824463
YPR138C,YJL039C,0,-5.094596,0.18276172876358032,0.9975369572639465,0.44605910778045654
YFR024C-A,YLR385C,0,-5.0950646,0.18267929553985596,0.9975369572639465,0.44630542397499084
YBR145W,YJR102C,0,-5.095526,0.18259693682193756,0.9975369572639465,0.44655171036720276
YHR115C,YBR228W,0,-5.0959253,0.18251465260982513,0.9975369572639465,0.44679802656173706
YPL094C,YBL106C,0,-5.09642,0.18243242800235748,0.9975369572639465,0.44704434275627136
YCL017C,YNR015W,0,-5.097634,0.182350292801857,0.9975369572639465,0.4472906291484833
YGR101W,YGL227W,0,-5.0982003,0.18226823210716248,0.9975369572639465,0.4475369453430176
YMR153W,YER003C,0,-5.098213,0.18218623101711273,0.9975369572639465,0.4477832615375519
YNL074C,YER093C,0,-5.098438,0.18210431933403015,0.9975369572639465,0.4480295479297638
YOR368W,YPL094C,0,-5.0992675,0.18202246725559235,0.9975369572639465,0.4482758641242981
YOR253W,YDR244W,0,-5.099369,0.1819407045841217,0.9975369572639465,0.4485221803188324
YKL204W,YDR293C,0,-5.0996537,0.18185900151729584,0.9975369572639465,0.4487684667110443
YER157W,YDL087C,0,-5.101107,0.18177737295627594,0.9975369572639465,0.4490147829055786
YLR363C,YCL069W,0,-5.1015515,0.1816958338022232,0.9975369572639465,0.4492610692977905
YDL115C,YJL045W,0,-5.102177,0.18161435425281525,0.9975369572639465,0.44950738549232483
YPL076W,YHR204W,0,-5.10294,0.18153294920921326,0.9975369572639465,0.44975370168685913
YJR022W,YMR175W,0,-5.1030145,0.18145161867141724,0.9975369572639465,0.44999998807907104
YDR329C,YML114C,0,-5.1031775,0.181370347738266,0.9975369572639465,0.45024630427360535
YMR255W,YGR258C,0,-5.103539,0.1812891662120819,0.9975369572639465,0.45049262046813965
YNL298W,YDR025W,0,-5.1040964,0.1812080591917038,0.9975369572639465,0.45073890686035156
YJR158W,YGL173C,0,-5.1058636,0.18112701177597046,0.9975369572639465,0.45098522305488586
YNL145W,YOL093W,0,-5.107967,0.1810460388660431,0.9975369572639465,0.45123153924942017
YMR109W,YOL117W,0,-5.108483,0.1809651404619217,0.9975369572639465,0.4514778256416321
YOL139C,YCR073C,0,-5.1094575,0.18088431656360626,0.9975369572639465,0.4517241418361664
YDL209C,YOR030W,0,-5.109992,0.1808035671710968,0.9975369572639465,0.4519704580307007
YKL048C,YDL087C,0,-5.111067,0.1807228922843933,0.9975369572639465,0.4522167444229126
YCL067C,YML014W,0,-5.1115665,0.1806422770023346,0.9975369572639465,0.4524630606174469
YCR063W,YCL035C,0,-5.11196,0.18056175112724304,0.9975369572639465,0.4527093470096588
YBR218C,YPL175W,0,-5.113646,0.18048128485679626,0.9975369572639465,0.4529556632041931
YGL053W,YKL175W,0,-5.114203,0.18040089309215546,0.9975369572639465,0.4532019793987274
YCR044C,YDR465C,0,-5.1142716,0.18032057583332062,0.9975369572639465,0.45344826579093933
YOL076W,YDR337W,0,-5.1143928,0.18024031817913055,0.9975369572639465,0.45369458198547363
YMR092C,YGL022W,0,-5.1145844,0.18016013503074646,0.9975369572639465,0.45394089818000793
YOL021C,YDR329C,0,-5.1149616,0.18008004128932953,0.9975369572639465,0.45418718457221985
YBL063W,YCR106W,0,-5.1154366,0.18000000715255737,0.9975369572639465,0.45443350076675415
YAL034W-A,YCL017C,0,-5.117267,0.17992003262043,0.9975369572639465,0.45467981696128845
YLR377C,YML021C,0,-5.117683,0.17984014749526978,0.9975369572639465,0.45492610335350037
YOR355W,YDR323C,0,-5.1180654,0.17976032197475433,0.9975369572639465,0.45517241954803467
YJR097W,YDL130W-A,0,-5.119567,0.17968057096004486,0.9975369572639465,0.4554187059402466
YBR021W,YDR409W,0,-5.1196485,0.17960087954998016,0.9975369572639465,0.4556650221347809
YHR088W,YJR156C,0,-5.119752,0.17952127754688263,0.9975369572639465,0.4559113383293152
YBR167C,YGR192C,0,-5.12013,0.17944173514842987,0.9975369572639465,0.4561576247215271
YDR329C,YKL095W,0,-5.1204505,0.17936226725578308,0.9975369572639465,0.4564039409160614
YDL017W,YOL054W,0,-5.120477,0.17928287386894226,0.9975369572639465,0.4566502571105957
YIL120W,YIL075C,0,-5.1209464,0.17920354008674622,0.9975369572639465,0.4568965435028076
YGL019W,YDL154W,0,-5.121,0.17912428081035614,0.9975369572639465,0.4571428596973419
YNL251C,YOL113W,0,-5.1211853,0.17904509603977203,0.9975369572639465,0.4573891758918762
YDR419W,YDL229W,0,-5.12144,0.1789659708738327,0.9975369572639465,0.45763546228408813
YDR208W,YHR124W,0,-5.1214495,0.17888692021369934,0.9975369572639465,0.45788177847862244
YNR034W,YMR093W,0,-5.121554,0.17880794405937195,0.9975369572639465,0.45812806487083435
YLR328W,YPR010C,0,-5.1216664,0.17872904241085052,0.9975369572639465,0.45837438106536865
YOL095C,YLR165C,0,-5.122441,0.17865020036697388,0.9975369572639465,0.45862069725990295
YCL017C,YJR135W-A,0,-5.122641,0.1785714328289032,0.9975369572639465,0.45886698365211487
YDR195W,YPR016C,0,-5.122823,0.1784927248954773,0.9975369572639465,0.45911329984664917
YAL026C,YDR465C,0,-5.1249146,0.17841409146785736,0.9975369572639465,0.45935961604118347
YNL080C,YAL009W,0,-5.1257,0.1783355325460434,0.9975369572639465,0.4596059024333954
YOL139C,YEL062W,0,-5.126285,0.1782570481300354,0.9975369572639465,0.4598522186279297
YPR163C,YDR353W,0,-5.1266074,0.17817862331867218,0.9975369572639465,0.460098534822464
YDL166C,YKR090W,0,-5.1266427,0.17810025811195374,0.9975369572639465,0.4603448212146759
YJR147W,YMR200W,0,-5.1268907,0.17802198231220245,0.9975369572639465,0.4605911374092102
YDR363W,YAL024C,0,-5.127001,0.17794376611709595,0.9975369572639465,0.4608374238014221
YDR121W,YGR192C,0,-5.1272774,0.17786560952663422,0.9975369572639465,0.4610837399959564
YBR298C,YHR133C,0,-5.12764,0.17778752744197845,0.9975369572639465,0.4613300561904907
YIL128W,YGL227W,0,-5.127991,0.17770951986312866,0.9975369572639465,0.46157634258270264
YJL050W,YGR101W,0,-5.1280866,0.17763157188892365,0.9975369572639465,0.46182265877723694
YMR214W,YGR192C,0,-5.1282325,0.1775536984205246,0.9975369572639465,0.46206897497177124
YKR024C,YMR008C,0,-5.1290526,0.17747589945793152,0.9975369572639465,0.46231526136398315
YML071C,YBL047C,0,-5.1298256,0.17739816009998322,0.9975369572639465,0.46256157755851746
YNL251C,YGR270W,0,-5.1307464,0.17732049524784088,0.9975369572639465,0.46280789375305176
YML042W,YML129C,0,-5.132253,0.17724289000034332,0.9975369572639465,0.46305418014526367
YDR299W,YBR133C,0,-5.1328692,0.17716535925865173,0.9975369572639465,0.463300496339798
YBR221C,YOL125W,0,-5.1336093,0.17708788812160492,0.9975369572639465,0.4635468125343323
YBR289W,YML010W,0,-5.1339345,0.17701049149036407,0.9975369572639465,0.4637930989265442
YJL002C,YOL117W,0,-5.134266,0.176933154463768,0.9975369572639465,0.4640394151210785
YDL042C,YGR270W,0,-5.134583,0.1768558919429779,0.9975369572639465,0.4642857015132904
YPL271W,YOR368W,0,-5.134732,0.17677870392799377,0.9975369572639465,0.4645320177078247
YOR355W,YDR337W,0,-5.134937,0.17670157551765442,0.9975369572639465,0.464778333902359
YDR465C,YDR477W,0,-5.1372886,0.17662450671195984,0.9975369572639465,0.4650246202945709
YJL039C,YAL051W,0,-5.1374626,0.17654751241207123,0.9975369572639465,0.4652709364891052
YNL192W,YNL016W,0,-5.1378136,0.1764705926179886,0.9975369572639465,0.4655172526836395
YDL006W,YKR060W,0,-5.1388097,0.17639373242855072,0.9975369572639465,0.46576353907585144
YDR524C,YBL063W,0,-5.140865,0.17631693184375763,0.9975369572639465,0.46600985527038574
YMR173W,YPL029W,0,-5.140951,0.1762402057647705,0.9975369572639465,0.46625617146492004
YJL133W,YDR243C,0,-5.1425595,0.17616355419158936,0.9975369572639465,0.46650245785713196
YBR160W,YDR255C,0,-5.142724,0.17608696222305298,0.9975369572639465,0.46674877405166626
YHR183W,YER020W,0,-5.143267,0.17601042985916138,0.9975369572639465,0.4669950604438782
YGL044C,YJL069C,0,-5.143518,0.17593397200107574,0.9975369572639465,0.4672413766384125
YGR202C,YPL253C,0,-5.1439824,0.1758575737476349,0.9975369572639465,0.4674876928329468
YDR141C,YPR070W,0,-5.144833,0.17578125,0.9975369572639465,0.4677339792251587
YOL054W,YDR146C,0,-5.145306,0.1757049858570099,0.9975369572639465,0.467980295419693
YBR133C,YBR240C,0,-5.1460443,0.17562879621982574,0.9975369572639465,0.4682266116142273
YBR218C,YLR167W,0,-5.1465955,0.17555266618728638,0.9975369572639465,0.4684728980064392
YNL066W,YML114C,0,-5.146996,0.17547659575939178,0.9975369572639465,0.4687192142009735
YGL245W,YER070W,0,-5.147356,0.17540059983730316,0.9975369572639465,0.4689655303955078
YLR427W,YCR012W,0,-5.148688,0.1753246784210205,0.9975369572639465,0.4692118167877197
YER049W,YDR247W,0,-5.148913,0.17524881660938263,0.9975369572639465,0.46945813298225403
YLR377C,YDR395W,0,-5.149119,0.17517301440238953,0.9975369572639465,0.46970441937446594
YDL130W,YPL120W,0,-5.149452,0.1750972718000412,0.9975369572639465,0.46995073556900024
YMR165C,YKL095W,0,-5.1498275,0.17502160370349884,0.9975369572639465,0.47019705176353455
YDR363W,YML051W,0,-5.1500077,0.17494601011276245,0.9975369572639465,0.47044333815574646
YBR048W,YDR200C,0,-5.150055,0.17487046122550964,0.9975369572639465,0.47068965435028076
YDR098C,YAL017W,0,-5.1530266,0.1747949868440628,0.9975369572639465,0.47093597054481506
YOL095C,YMR117C,0,-5.153217,0.17471958696842194,0.9975369572639465,0.471182256937027
YBL047C,YGL245W,0,-5.153348,0.17464424669742584,0.9975369572639465,0.4714285731315613
YCL035C,YML109W,0,-5.1535754,0.17456896603107452,0.9975369572639465,0.4716748893260956
YOR298C-A,YDR487C,0,-5.153912,0.17449375987052917,0.9975369572639465,0.4719211757183075
YDL174C,YGR192C,0,-5.154072,0.1744185984134674,0.9975369572639465,0.4721674919128418
YPR119W,YLR182W,0,-5.1544013,0.1743435263633728,0.9975369572639465,0.4724137783050537
YDL130W,YGL066W,0,-5.1555243,0.17426849901676178,0.9975369572639465,0.472660094499588
YOR301W,YBR050C,0,-5.1556354,0.17419354617595673,0.9975369572639465,0.4729064106941223
YBR179C,YCL069W,0,-5.1564565,0.17411865293979645,0.9975369572639465,0.47315269708633423
YOR355W,YKR090W,0,-5.1570277,0.17404383420944214,0.9975369572639465,0.47339901328086853
YLR114C,YER065C,0,-5.157392,0.1739690750837326,0.9975369572639465,0.47364532947540283
YNR074C,YGR267C,0,-5.158132,0.17389437556266785,0.9975369572639465,0.47389161586761475
YDL223C,YOR241W,0,-5.158239,0.17381973564624786,0.9975369572639465,0.47413793206214905
YDR244W,YJL087C,0,-5.158292,0.17374517023563385,0.9975369572639465,0.47438424825668335
YMR153W,YOR230W,0,-5.1585956,0.1736706644296646,0.9975369572639465,0.47463053464889526
YFR041C,YLR385C,0,-5.1586614,0.17359623312950134,0.9975369572639465,0.47487685084342957
YDL029W,YPR010C,0,-5.1599107,0.17352184653282166,0.9975369572639465,0.47512316703796387
YGL066W,YDL060W,0,-5.161031,0.17344753444194794,0.9975369572639465,0.4753694534301758
YKL038W,YBR058C,0,-5.161285,0.173373281955719,0.9975369572639465,0.4756157696247101
YDL174C,YGR144W,0,-5.161345,0.17329910397529602,0.9975369572639465,0.475862056016922
YGL020C,YLR197W,0,-5.161595,0.17322498559951782,0.9975369572639465,0.4761083722114563
YCR106W,YIL075C,0,-5.16245,0.1731509119272232,0.9975369572639465,0.4763546884059906
YER157W,YDR028C,0,-5.162873,0.17307692766189575,0.9975369572639465,0.4766009747982025
YGR286C,YMR037C,0,-5.163878,0.17300298810005188,0.9975369572639465,0.4768472909927368
YKL008C,YGR144W,0,-5.164106,0.17292912304401398,0.9975369572639465,0.4770936071872711
YHR036W,YIL143C,0,-5.1648755,0.17285531759262085,0.9975369572639465,0.47733989357948303
YBR218C,YFR031C,0,-5.1651845,0.1727815717458725,0.9975369572639465,0.47758620977401733
YPL181W,YFL037W,0,-5.165547,0.17270788550376892,0.9975369572639465,0.47783252596855164
YBR228W,YGR192C,0,-5.1669574,0.1726342737674713,0.9975369572639465,0.47807881236076355
YIL052C,YLR166C,0,-5.1669908,0.17256072163581848,0.9975369572639465,0.47832512855529785
YGR123C,YHR038W,0,-5.167218,0.17248722910881042,0.9975369572639465,0.47857141494750977
YDR394W,YPR163C,0,-5.1672196,0.17241379618644714,0.9975369572639465,0.47881773114204407
YDL117W,YOR159C,0,-5.1673236,0.17234042286872864,0.9975369572639465,0.47906404733657837
YBR086C,YKL038W,0,-5.168457,0.1722671240568161,0.9975369572639465,0.4793103337287903
YDR448W,YPL192C,0,-5.169576,0.17219388484954834,0.9975369572639465,0.4795566499233246
YJR055W,YBR169C,0,-5.1700587,0.17212069034576416,0.9975369572639465,0.4798029661178589
YNL280C,YGL145W,0,-5.1704354,0.17204758524894714,0.9975369572639465,0.4800492525100708
YLR438C-A,YJL045W,0,-5.1710253,0.1719745248556137,0.9975369572639465,0.4802955687046051
YHR129C,YBR216C,0,-5.1711383,0.17190152406692505,0.9975369572639465,0.4805418848991394
YNR049C,YDR419W,0,-5.171245,0.17182859778404236,0.9975369572639465,0.4807881712913513
YGL032C,YJL053W,0,-5.1724324,0.17175573110580444,0.9975369572639465,0.4810344874858856
YPL194W,YMR273C,0,-5.172663,0.1716829091310501,0.9975369572639465,0.48128077387809753
YMR043W,YOR132W,0,-5.1728096,0.17161017656326294,0.9975369572639465,0.48152709007263184
YNL242W,YLR240W,0,-5.1729884,0.17153748869895935,0.9975369572639465,0.48177340626716614
YHR011W,YGR056W,0,-5.173075,0.17146486043930054,0.9975369572639465,0.48201969265937805
YKR086W,YKL130C,0,-5.173365,0.1713922917842865,0.9975369572639465,0.48226600885391235
YDL154W,YLR090W,0,-5.1734533,0.17131979763507843,0.9975369572639465,0.48251232504844666
YIR005W,YBL090W,0,-5.173586,0.17124736309051514,0.9975369572639465,0.48275861144065857
YBR114W,YDL090C,0,-5.1737885,0.17117497324943542,0.9975369572639465,0.48300492763519287
YBL041W,YGR144W,0,-5.1740794,0.17110265791416168,0.9975369572639465,0.4832512438297272
YMR153W,YOR130C,0,-5.175149,0.17103040218353271,0.9975369572639465,0.4834975302219391
YKR085C,YBR289W,0,-5.1758485,0.17095820605754852,0.9975369572639465,0.4837438464164734
YHL019C,YDR121W,0,-5.176041,0.1708860695362091,0.9975369572639465,0.4839901626110077
YPL224C,YDR498C,0,-5.1762447,0.17081400752067566,0.9975369572639465,0.4842364490032196
YER110C,YDR485C,0,-5.17625,0.1707419902086258,0.9975369572639465,0.4844827651977539
YJL090C,YBR198C,0,-5.1764894,0.1706700325012207,0.9975369572639465,0.4847290515899658
YOR362C,YOR308C,0,-5.176845,0.17059814929962158,0.9975369572639465,0.4849753677845001
YDL220C,YIL128W,0,-5.1770263,0.17052631080150604,0.9975369572639465,0.4852216839790344
YNL166C,YDR039C,0,-5.177325,0.17045454680919647,0.9975369572639465,0.48546797037124634
YCR044C,YIL121W,0,-5.1775427,0.17038284242153168,0.9975369572639465,0.48571428656578064
YAL017W,YER049W,0,-5.177604,0.17031118273735046,0.9975369572639465,0.48596060276031494
YHR011W,YOR265W,0,-5.178175,0.17023959755897522,0.9975369572639465,0.48620688915252686
YLR097C,YDL003W,0,-5.178326,0.17016807198524475,0.9975369572639465,0.48645320534706116
YHR115C,YKL008C,0,-5.178342,0.17009659111499786,0.9975369572639465,0.48669952154159546
YDL154W,YGL066W,0,-5.178799,0.17002518475055695,0.9975369572639465,0.4869458079338074
YMR092C,YNL197C,0,-5.1790223,0.1699538379907608,0.9975369572639465,0.4871921241283417
YNL074C,YOL004W,0,-5.1791606,0.16988255083560944,0.9975369572639465,0.4874384105205536
YDL102W,YKL095W,0,-5.180115,0.16981132328510284,0.9975369572639465,0.4876847267150879
YHR102W,YDL150W,0,-5.1815267,0.16974015533924103,0.9975369572639465,0.4879310429096222
YNL280C,YOR275C,0,-5.181561,0.169669046998024,0.9975369572639465,0.4881773293018341
YPR181C,YMR156C,0,-5.181818,0.16959798336029053,0.9975369572639465,0.4884236454963684
YJL091C,YOR001W,0,-5.1822963,0.16952699422836304,0.9975369572639465,0.4886699616909027
YAL034W-A,YBR002C,0,-5.182779,0.16945606470108032,0.9975369572639465,0.4889162480831146
YKL192C,YOL164W,0,-5.1831822,0.16938519477844238,0.9975369572639465,0.4891625642776489
YPR049C,YDR211W,0,-5.1843476,0.16931438446044922,0.9975369572639465,0.4894088804721832
YDR039C,YNL154C,0,-5.1846366,0.16924363374710083,0.9975369572639465,0.48965516686439514
YNL225C,YKR025W,0,-5.1853166,0.16917292773723602,0.9975369572639465,0.48990148305892944
YDL209C,YLR097C,0,-5.186583,0.16910229623317719,0.9975369572639465,0.49014776945114136
YBR167C,YKL166C,0,-5.1885014,0.16903172433376312,0.9975369572639465,0.49039408564567566
YGR199W,YLL041C,0,-5.1892486,0.16896119713783264,0.9975369572639465,0.49064040184020996
YIL097W,YOR182C,0,-5.1894155,0.16889074444770813,0.9975369572639465,0.4908866882324219
YJL201W,YDR238C,0,-5.1895866,0.1688203364610672,0.9975369572639465,0.4911330044269562
YLR274W,YDR208W,0,-5.1896544,0.16875000298023224,0.9975369572639465,0.4913793206214905
YOR241W,YDR465C,0,-5.1902685,0.16867971420288086,0.9975369572639465,0.4916256070137024
YLR088W,YOL076W,0,-5.1906104,0.16860948503017426,0.9975369572639465,0.4918719232082367
YHR169W,YLR355C,0,-5.1906743,0.16853933036327362,0.9975369572639465,0.492118239402771
YJL081C,YJL170C,0,-5.1917367,0.16846922039985657,0.9975369572639465,0.4923645257949829
YDL003W,YHR197W,0,-5.191997,0.1683991700410843,0.9975369572639465,0.4926108419895172
YBR169C,YMR149W,0,-5.1926265,0.1683291792869568,0.9975369572639465,0.4928571283817291
YLR165C,YOR313C,0,-5.1934915,0.16825924813747406,0.9975369572639465,0.4931034445762634
YPL110C,YDR243C,0,-5.1935306,0.16818936169147491,0.9975369572639465,0.49334976077079773
YGR169C,YIR015W,0,-5.1935973,0.16811954975128174,0.9975369572639465,0.49359604716300964
YER007W,YDR244W,0,-5.194516,0.16804979741573334,0.9975369572639465,0.49384236335754395
YHR084W,YBR006W,0,-5.194596,0.16798008978366852,0.9975369572639465,0.49408867955207825
YIL097W,YLR450W,0,-5.1953692,0.16791044175624847,0.9975369572639465,0.49433496594429016
YHR193C,YAL029C,0,-5.1953735,0.1678408682346344,0.9975369572639465,0.49458128213882446
YDR163W,YDR372C,0,-5.1960497,0.1677713394165039,0.9975369572639465,0.49482759833335876
YCR044C,YGL135W,0,-5.196325,0.1677018702030182,0.9975369572639465,0.4950738847255707
YGR264C,YDR208W,0,-5.1966505,0.16763244569301605,0.9975369572639465,0.495320200920105
YHR124W,YER007W,0,-5.1976438,0.16756309568881989,0.9975369572639465,0.4955665171146393
YNL113W,YBR048W,0,-5.1991935,0.1674937903881073,0.9975369572639465,0.4958128035068512
YPR162C,YFR031C,0,-5.1999593,0.16742455959320068,0.9975369572639465,0.4960591197013855
YKL192C,YLR165C,0,-5.2009106,0.16735537350177765,0.9975369572639465,0.4963054060935974
YKL192C,YDR180W,0,-5.201023,0.1672862470149994,0.9975369572639465,0.4965517222881317
YDR208W,YDR487C,0,-5.201317,0.1672171801328659,0.9975369572639465,0.496798038482666
YDR323C,YKL130C,0,-5.2023544,0.167148157954216,0.9975369572639465,0.49704432487487793
YOR355W,YOR156C,0,-5.2024856,0.16707921028137207,0.9975369572639465,0.49729064106941223
YGR246C,YDL102W,0,-5.202537,0.16701030731201172,0.9975369572639465,0.49753695726394653
YLR274W,YAL009W,0,-5.204147,0.16694146394729614,0.9975369572639465,0.49778324365615845
YLR153C,YBR002C,0,-5.20517,0.16687268018722534,0.9975369572639465,0.49802955985069275
YMR232W,YOR367W,0,-5.2054763,0.16680395603179932,0.9975369572639465,0.49827587604522705
YPL032C,YJL045W,0,-5.205481,0.16673527657985687,0.9975369572639465,0.49852216243743896
YJL184W,YDR277C,0,-5.2055936,0.1666666716337204,0.9975369572639465,0.49876847863197327
YPL101W,YMR177W,0,-5.206705,0.1665981113910675,0.9975369572639465,0.4990147650241852
YPL269W,YLR090W,0,-5.2081842,0.1665296107530594,0.9975369572639465,0.4992610812187195
YBR048W,YNL197C,0,-5.2085857,0.16646115481853485,0.9975369572639465,0.4995073974132538
YGL029W,YGR214W,0,-5.2087836,0.16639277338981628,0.9975369572639465,0.4997536838054657
YKL052C,YER164W,0,-5.208919,0.1663244366645813,0.9975369572639465,0.5
YGR202C,YLR212C,0,-5.2096977,0.1662561595439911,0.9975369572639465,0.5002462863922119
YDR195W,YHR084W,0,-5.2099233,0.16618794202804565,0.9975369572639465,0.5004926323890686
YHR114W,YHR204W,0,-5.211082,0.1661197692155838,0.9975369572639465,0.5007389187812805
YKL204W,YER161C,0,-5.211315,0.16605165600776672,0.9975369572639465,0.5009852051734924
YOR304W,YCL063W,0,-5.211785,0.16598360240459442,0.9975369572639465,0.5012315511703491
YNL264C,YDR329C,0,-5.213362,0.1659156084060669,0.9975369572639465,0.501477837562561
YNL298W,YKR024C,0,-5.2136784,0.16584765911102295,0.9975369572639465,0.501724123954773
YDR524C,YLR207W,0,-5.2141557,0.16577978432178497,0.9975369572639465,0.5019704699516296
YMR037C,YMR273C,0,-5.2144237,0.16571195423603058,0.9975369572639465,0.5022167563438416
YLR355C,YBR006W,0,-5.2154136,0.16564416885375977,0.9975369572639465,0.5024630427360535
YLR438C-A,YAR042W,0,-5.215423,0.16557645797729492,0.9975369572639465,0.5027093887329102
YER020W,YLR438C-A,0,-5.215731,0.16550879180431366,0.9975369572639465,0.5029556751251221
YLR117C,YDR425W,0,-5.2157903,0.16544117033481598,0.9975369572639465,0.503201961517334
YGL113W,YHR090C,0,-5.215835,0.16537362337112427,0.9975369572639465,0.5034482479095459
YJR006W,YDR243C,0,-5.2160087,0.16530612111091614,0.9975369572639465,0.5036945939064026
YMR164C,YBR167C,0,-5.2162004,0.16523867845535278,0.9975369572639465,0.5039408802986145
YLR363C,YBR218C,0,-5.21621,0.1651712954044342,0.9975369572639465,0.5041871666908264
YNL082W,YDR180W,0,-5.2168965,0.1651039570569992,0.9975369572639465,0.5044335126876831
YKL038W,YBR172C,0,-5.2184176,0.16503667831420898,0.9975369572639465,0.504679799079895
YPL135W,YGR270W,0,-5.2193794,0.16496944427490234,0.9975369572639465,0.5049260854721069
YGR202C,YBR006W,0,-5.2196717,0.16490228474140167,0.9975369572639465,0.5051724314689636
YLR293C,YML128C,0,-5.219915,0.16483516991138458,0.9975369572639465,0.5054187178611755
YDL102W,YPR086W,0,-5.2199507,0.16476809978485107,0.9975369572639465,0.5056650042533875
YNL220W,YDR025W,0,-5.2206483,0.16470110416412354,0.9975369572639465,0.5059113502502441
YDL209C,YGL066W,0,-5.222539,0.16463415324687958,0.9975369572639465,0.506157636642456
YGR170W,YGL048C,0,-5.2227154,0.1645672470331192,0.9975369572639465,0.506403923034668
YDL008W,YGL145W,0,-5.2232146,0.1645004004240036,0.9975369572639465,0.5066502690315247
YNR072W,YDR337W,0,-5.2232795,0.16443361341953278,0.9975369572639465,0.5068965554237366
YOR239W,YAL009W,0,-5.2234836,0.16436688601970673,0.9975369572639465,0.5071428418159485
YHR036W,YCL017C,0,-5.223884,0.16430020332336426,0.9975369572639465,0.5073891878128052
YLL015W,YLR223C,0,-5.2244005,0.16423358023166656,0.9975369572639465,0.5076354742050171
YAL024C,YLR385C,0,-5.224791,0.16416700184345245,0.9975369572639465,0.507881760597229
YJL003W,YNL332W,0,-5.225693,0.16410048305988312,0.9975369572639465,0.5081281065940857
YBL016W,YIR015W,0,-5.2262473,0.16403402388095856,0.9975369572639465,0.5083743929862976
YOR367W,YGR094W,0,-5.22645,0.16396760940551758,0.9975369572639465,0.5086206793785095
YGR217W,YBR276C,0,-5.227238,0.16390125453472137,0.9975369572639465,0.5088669657707214
YHR206W,YOL093W,0,-5.227546,0.16383494436740875,0.9975369572639465,0.5091133117675781
YPL060W,YHR074W,0,-5.2279525,0.1637687087059021,0.9975369572639465,0.50935959815979
YHR011W,YOL143C,0,-5.2279935,0.16370250284671783,0.9975369572639465,0.509605884552002
YDR375C,YPL135W,0,-5.2290053,0.16363635659217834,0.9975369572639465,0.5098522305488586
YBL063W,YNL066W,0,-5.2304053,0.16357026994228363,0.9975369572639465,0.5100985169410706
YDR098C,YBR154C,0,-5.2304378,0.1635042428970337,0.9975369572639465,0.5103448033332825
YAL024C,YOR132W,0,-5.2308216,0.16343826055526733,0.9975369572639465,0.5105911493301392
YJR046W,YML041C,0,-5.230834,0.16337232291698456,0.9975369572639465,0.5108374357223511
YBL042C,YDL084W,0,-5.230842,0.16330644488334656,0.9975369572639465,0.511083722114563
YLR276C,YGL225W,0,-5.231136,0.16324062645435333,0.9975369572639465,0.5113300681114197
YBR236C,YJR025C,0,-5.2316794,0.1631748527288437,0.9975369572639465,0.5115763545036316
YGL022W,YOR194C,0,-5.232542,0.16310913860797882,0.9975369572639465,0.5118226408958435
YJL003W,YAL043C,0,-5.2339497,0.16304348409175873,0.9975369572639465,0.5120689868927002
YMR238W,YNR008W,0,-5.2349515,0.16297787427902222,0.9975369572639465,0.5123152732849121
YHR089C,YBR212W,0,-5.236049,0.1629123091697693,0.9975369572639465,0.512561559677124
YAL043C,YBR081C,0,-5.2364793,0.16284680366516113,0.9975369572639465,0.5128079056739807
YLR165C,YBL020W,0,-5.2377033,0.16278135776519775,0.9975369572639465,0.5130541920661926
YFL003C,YBR123C,0,-5.238001,0.16271595656871796,0.9975369572639465,0.5133004784584045
YGR038W,YOR153W,0,-5.238093,0.16265060007572174,0.9975369572639465,0.5135468244552612
YBL071W-A,YBR265W,0,-5.2382684,0.1625853031873703,0.9975369572639465,0.5137931108474731
YOL021C,YFR051C,0,-5.239493,0.16252006590366364,0.9975369572639465,0.5140393972396851
YBR010W,YFR001W,0,-5.2397876,0.16245487332344055,0.9975369572639465,0.5142857432365417
YHR005C,YBR228W,0,-5.2400303,0.16238974034786224,0.9975369572639465,0.5145320296287537
YPR138C,YNL026W,0,-5.240232,0.16232465207576752,0.9975369572639465,0.5147783160209656
YDL087C,YKL148C,0,-5.241093,0.16225960850715637,0.9975369572639465,0.5150246024131775
YHR129C,YDL166C,0,-5.2425175,0.1621946394443512,0.9975369572639465,0.5152709484100342
YGL029W,YGL053W,0,-5.2427564,0.1621297001838684,0.9975369572639465,0.5155172348022461
YDR375C,YCR012W,0,-5.2435827,0.1620648205280304,0.9975369572639465,0.515763521194458
YBR133C,YMR164C,0,-5.243593,0.16200000047683716,0.9975369572639465,0.5160098671913147
YBL026W,YNL197C,0,-5.2436047,0.1619352251291275,0.9975369572639465,0.5162561535835266
YDL166C,YPL175W,0,-5.2437506,0.16187050938606262,0.9975369572639465,0.5165024399757385
YLR274W,YOR159C,0,-5.247358,0.16180583834648132,0.9975369572639465,0.5167487859725952
YHR169W,YLR008C,0,-5.247476,0.1617412120103836,0.9975369572639465,0.5169950723648071
YBR114W,YLR292C,0,-5.248094,0.16167664527893066,0.9975369572639465,0.517241358757019
YKL191W,YKL073W,0,-5.248221,0.1616121381521225,0.9975369572639465,0.5174877047538757
YOR148C,YDR293C,0,-5.2484365,0.16154766082763672,0.9975369572639465,0.5177339911460876
YOR301W,YNL304W,0,-5.249342,0.1614832580089569,0.9975369572639465,0.5179802775382996
YLR176C,YNR003C,0,-5.2496934,0.1614188849925995,0.9975369572639465,0.5182266235351562
YDR005C,YGL093W,0,-5.2497516,0.16135458648204803,0.9975369572639465,0.5184729099273682
YEL062W,YKL193C,0,-5.25018,0.16129031777381897,0.9975369572639465,0.5187191963195801
YPL212C,YBR006W,0,-5.2503567,0.16122610867023468,0.9975369572639465,0.5189655423164368
YHR072W,YJR097W,0,-5.250508,0.16116195917129517,0.9975369572639465,0.5192118287086487
YCL038C,YDR498C,0,-5.2505803,0.16109785437583923,0.9975369572639465,0.5194581151008606
YJL091C,YDR425W,0,-5.250713,0.16103379428386688,0.9975369572639465,0.5197044610977173
YBR298C,YGR270W,0,-5.252627,0.1609697937965393,0.9975369572639465,0.5199507474899292
YJL003W,YNL216W,0,-5.252869,0.1609058380126953,0.9975369572639465,0.5201970338821411
YGR123C,YGR270W,0,-5.2530284,0.1608419418334961,0.9975369572639465,0.520443320274353
YMR008C,YIL075C,0,-5.2552195,0.16077809035778046,0.9975369572639465,0.5206896662712097
YOL049W,YOL095C,0,-5.2556376,0.1607142835855484,0.9975369572639465,0.5209359526634216
YBR298C,YBR057C,0,-5.2556543,0.16065053641796112,0.9975369572639465,0.5211822390556335
YGR116W,YLR385C,0,-5.2567534,0.16058683395385742,0.9975369572639465,0.5214285850524902
YGR028W,YHL006C,0,-5.2570624,0.1605231910943985,0.9975369572639465,0.5216748714447021
YCR063W,YMR296C,0,-5.2583613,0.16045959293842316,0.9975369572639465,0.5219211578369141
YNL270C,YGL113W,0,-5.2586894,0.1603960394859314,0.9975369572639465,0.5221675038337708
YNL026W,YDR532C,0,-5.259063,0.1603325456380844,0.9975369572639465,0.5224137902259827
YMR153W,YKR020W,0,-5.2592397,0.160269096493721,0.9975369572639465,0.5226600766181946
YMR014W,YDR409W,0,-5.2593646,0.1602056920528412,0.9975369572639465,0.5229064226150513
YLR175W,YAL042W,0,-5.2622957,0.16014234721660614,0.9975369572639465,0.5231527090072632
YJL145W,YBR265W,0,-5.262591,0.16007904708385468,0.9975369572639465,0.5233989953994751
YDR017C,YNL074C,0,-5.2627406,0.16001580655574799,0.9975369572639465,0.5236453413963318
YNL239W,YOL044W,0,-5.262834,0.15995261073112488,0.9975369572639465,0.5238916277885437
YLR096W,YCR042C,0,-5.2630353,0.15988945960998535,0.9975369572639465,0.5241379141807556
YHR206W,YGR048W,0,-5.2635217,0.1598263680934906,0.9975369572639465,0.5243842601776123
YNL074C,YDR140W,0,-5.2641683,0.15976330637931824,0.9975369572639465,0.5246305465698242
YMR173W,YLR008C,0,-5.2643237,0.15970031917095184,0.9975369572639465,0.5248768329620361
YJL050W,YGR281W,0,-5.2652164,0.15963736176490784,0.9975369572639465,0.5251231789588928
YDL017W,YDL194W,0,-5.265887,0.1595744639635086,0.9975369572639465,0.5253694653511047
YGR165W,YOR073W,0,-5.2668614,0.15951162576675415,0.9975369572639465,0.5256157517433167
YGR156W,YGL158W,0,-5.267075,0.15944881737232208,0.9975369572639465,0.5258620977401733
YDR075W,YFR051C,0,-5.2671356,0.1593860685825348,0.9975369572639465,0.5261083841323853
YNR054C,YLR292C,0,-5.2675486,0.15932336449623108,0.9975369572639465,0.5263546705245972
YLR007W,YDR091C,0,-5.267814,0.15926072001457214,0.9975369572639465,0.5266009569168091
YKR067W,YGL135W,0,-5.268025,0.1591981202363968,0.9975369572639465,0.5268473029136658
YBR123C,YGR024C,0,-5.268131,0.15913556516170502,0.9975369572639465,0.5270935893058777
YOR073W,YDR464W,0,-5.2681627,0.15907305479049683,0.9975369572639465,0.5273398756980896
YPR031W,YDR180W,0,-5.268344,0.1590106040239334,0.9975369572639465,0.5275862216949463
YHR058C,YCL063W,0,-5.270511,0.15894819796085358,0.9975369572639465,0.5278325080871582
YHR011W,YKL204W,0,-5.2710004,0.15888583660125732,0.9975369572639465,0.5280787944793701
YDL087C,YKL195W,0,-5.2713437,0.15882353484630585,0.9975369572639465,0.5283251404762268
YBR179C,YMR164C,0,-5.2723174,0.15876126289367676,0.9975369572639465,0.5285714268684387
YGR142W,YGL244W,0,-5.272943,0.15869906544685364,0.9975369572639465,0.5288177132606506
YKR002W,YDR087C,0,-5.273062,0.1586368978023529,0.9975369572639465,0.5290640592575073
YFR040W,YML010W,0,-5.274182,0.15857478976249695,0.9975369572639465,0.5293103456497192
YJL003W,YKR085C,0,-5.27445,0.15851272642612457,0.9975369572639465,0.5295566320419312
YOR368W,YKL130C,0,-5.2751193,0.15845070779323578,0.9975369572639465,0.5298029780387878
YKR095W,YBR119W,0,-5.275519,0.15838873386383057,0.9975369572639465,0.5300492644309998
YDR329C,YER022W,0,-5.276302,0.15832681953907013,0.9975369572639465,0.5302955508232117
YMR083W,YPL076W,0,-5.2763257,0.15826494991779327,0.9975369572639465,0.5305418968200684
YLR276C,YPL135W,0,-5.2775407,0.158203125,0.9975369572639465,0.5307881832122803
YMR225C,YPR102C,0,-5.2777967,0.1581413447856903,0.9975369572639465,0.5310344696044922
YCL038C,YGR169C,0,-5.2786336,0.1580796241760254,0.9975369572639465,0.5312808156013489
YDR142C,YJL109C,0,-5.2786956,0.15801794826984406,0.9975369572639465,0.5315271019935608
YMR237W,YCR008W,0,-5.2793393,0.1579563170671463,0.9975369572639465,0.5317733883857727
YIL125W,YGR048W,0,-5.2802796,0.15789473056793213,0.9975369572639465,0.5320196747779846
YOR020C,YOR298C-A,0,-5.280571,0.15783320367336273,0.9975369572639465,0.5322660207748413
YGR262C,YDL033C,0,-5.280602,0.15777172148227692,0.9975369572639465,0.5325123071670532
YKL201C,YBL057C,0,-5.28079,0.15771028399467468,0.9975369572639465,0.5327585935592651
YDR358W,YPL224C,0,-5.28103,0.15764889121055603,0.9975369572639465,0.5330049395561218
YPL101W,YJL087C,0,-5.2812657,0.15758754312992096,0.9975369572639465,0.5332512259483337
YOL117W,YKL175W,0,-5.2819133,0.15752625465393066,0.9975369572639465,0.5334975123405457
YDL220C,YFR041C,0,-5.282177,0.15746501088142395,0.9975369572639465,0.5337438583374023
YER007W,YBR114W,0,-5.282296,0.15740381181240082,0.9975369572639465,0.5339901447296143
YGR158C,YIL075C,0,-5.2840686,0.15734265744686127,0.9975369572639465,0.5342364311218262
YKR025W,YJL045W,0,-5.2844596,0.1572815477848053,0.9975369572639465,0.5344827771186829
YPR020W,YPL194W,0,-5.2845893,0.1572204977273941,0.9975369572639465,0.5347290635108948
YHR089C,YJR126C,0,-5.2849965,0.1571594923734665,0.9975369572639465,0.5349753499031067
YBR171W,YBR198C,0,-5.285367,0.15709853172302246,0.9975369572639465,0.5352216958999634
YKL052C,YLL022C,0,-5.2863255,0.157037615776062,0.9975369572639465,0.5354679822921753
YDL209C,YDR078C,0,-5.287187,0.15697674453258514,0.9975369572639465,0.5357142686843872
YFR024C-A,YGR171C,0,-5.288959,0.15691591799259186,0.9975369572639465,0.5359606146812439
YMR231W,YLR277C,0,-5.2891183,0.15685515105724335,0.9975369572639465,0.5362069010734558
YDL209C,YNL082W,0,-5.289366,0.15679442882537842,0.9975369572639465,0.5364531874656677
YNL225C,YML004C,0,-5.2897825,0.15673375129699707,0.9975369572639465,0.5366995334625244
YLR110C,YPL010W,0,-5.2915983,0.1566731184720993,0.9975369572639465,0.5369458198547363
YGL032C,YJR006W,0,-5.291636,0.15661253035068512,0.9975369572639465,0.5371921062469482
YDL017W,YGR199W,0,-5.292414,0.15655198693275452,0.9975369572639465,0.5374384522438049
YPL101W,YIL072W,0,-5.2924695,0.1564915031194687,0.9975369572639465,0.5376847386360168
YLR328W,YHL006C,0,-5.292551,0.15643104910850525,0.9975369572639465,0.5379310250282288
YAL017W,YPL120W,0,-5.292735,0.15637065470218658,0.9975369572639465,0.5381773114204407
YGR169C,YIR022W,0,-5.295323,0.1563103049993515,0.9975369572639465,0.5384236574172974
YGR108W,YBL024W,0,-5.2954383,0.15625,0.9975369572639465,0.5386699438095093
YDL004W,YDR171W,0,-5.295587,0.15618973970413208,0.9975369572639465,0.5389162302017212
YDL004W,YHR011W,0,-5.2963614,0.15612952411174774,0.9975369572639465,0.5391625761985779
YLR023C,YNL160W,0,-5.2964206,0.15606936812400818,0.9975369572639465,0.5394088625907898
YOL044W,YGR133W,0,-5.296537,0.156009241938591,0.9975369572639465,0.5396551489830017
YHR142W,YDR459C,0,-5.2968564,0.1559491753578186,0.9975369572639465,0.5399014949798584
YIL044C,YAR035W,0,-5.2969904,0.1558891385793686,0.9975369572639465,0.5401477813720703
YLR276C,YHR082C,0,-5.2974486,0.15582916140556335,0.9975369572639465,0.5403940677642822
YDR108W,YPR031W,0,-5.29773,0.1557692289352417,0.9975369572639465,0.5406404137611389
YML010W,YGL225W,0,-5.2978115,0.15570934116840363,0.9975369572639465,0.5408867001533508
YHR114W,YBR167C,0,-5.2987533,0.15564949810504913,0.9975369572639465,0.5411329865455627
YLR223C,YDR477W,0,-5.2991147,0.15558969974517822,0.9975369572639465,0.5413793325424194
YMR207C,YDR005C,0,-5.2999125,0.1555299609899521,0.9975369572639465,0.5416256189346313
YDL090C,YMR060C,0,-5.3027143,0.15547025203704834,0.9975369572639465,0.5418719053268433
YOL044W,YDR419W,0,-5.3044496,0.15541058778762817,0.9975369572639465,0.5421182513237
YGR056W,YJR046W,0,-5.3050513,0.15535098314285278,0.9975369572639465,0.5423645377159119
YGR036C,YML105C,0,-5.3056755,0.15529140830039978,0.9975369572639465,0.5426108241081238
YML113W,YBR058C,0,-5.3067555,0.15523189306259155,0.9975369572639465,0.5428571701049805
YER100W,YNL160W,0,-5.3075047,0.1551724076271057,0.9975369572639465,0.5431034564971924
YBR200W,YDR098C,0,-5.308106,0.15511298179626465,0.9975369572639465,0.5433497428894043
YGR101W,YJR102C,0,-5.3083153,0.15505360066890717,0.9975369572639465,0.543596088886261
YML114C,YGR281W,0,-5.3083577,0.15499426424503326,0.9975369572639465,0.5438423752784729
YHR133C,YBR276C,0,-5.3089194,0.15493497252464294,0.9975369572639465,0.5440886616706848
YNL220W,YDR171W,0,-5.3091908,0.154875710606575,0.9975369572639465,0.5443349480628967
YLR023C,YPR138C,0,-5.309219,0.15481650829315186,0.9975369572639465,0.5445812940597534
YOR239W,YCR106W,0,-5.3094854,0.15475735068321228,0.9975369572639465,0.5448275804519653
YNL080C,YPR016C,0,-5.3106694,0.1546982377767563,0.9975369572639465,0.5450738668441772
YJL201W,YLR293C,0,-5.310671,0.15463916957378387,0.9975369572639465,0.5453202128410339
YDL069C,YLR086W,0,-5.3112836,0.15458014607429504,0.9975369572639465,0.5455664992332458
YBR109C,YOR308C,0,-5.312489,0.154521182179451,0.9975369572639465,0.5458127856254578
YJL053W,YDL060W,0,-5.3126726,0.15446224808692932,0.9975369572639465,0.5460591316223145
YHL006C,YNL304W,0,-5.313006,0.15440335869789124,0.9975369572639465,0.5463054180145264
YMR052W,YLR292C,0,-5.314537,0.15434451401233673,0.9975369572639465,0.5465517044067383
YDL174C,YGL241W,0,-5.3148913,0.1542857140302658,0.9975369572639465,0.546798050403595
YGR038W,YMR156C,0,-5.315436,0.15422695875167847,0.9975369572639465,0.5470443367958069
YDL209C,YMR073C,0,-5.3160076,0.1541682481765747,0.9975369572639465,0.5472906231880188
YBL026W,YLR332W,0,-5.316032,0.15410958230495453,0.9975369572639465,0.5475369691848755
YKL085W,YGL092W,0,-5.3161316,0.15405097603797913,0.9975369572639465,0.5477832555770874
YMR177W,YPR125W,0,-5.3163724,0.1539923995733261,0.9975369572639465,0.5480295419692993
YML032C,YNL309W,0,-5.318581,0.15393386781215668,0.9975369572639465,0.548275887966156
YOR142W,YFR031C,0,-5.318584,0.15387538075447083,0.9975369572639465,0.5485221743583679
YPL175W,YIL144W,0,-5.318634,0.15381693840026855,0.9975369572639465,0.5487684607505798
YPR186C,YER093C,0,-5.3194175,0.15375854074954987,0.9975369572639465,0.5490148067474365
YCR082W,YOL148C,0,-5.3196607,0.15370018780231476,0.9975369572639465,0.5492610931396484
YJR119C,YIR018W,0,-5.3197665,0.15364187955856323,0.9975369572639465,0.5495073795318604
YGR264C,YAL051W,0,-5.3209257,0.1535836160182953,0.9975369572639465,0.5497536659240723
YLL022C,YJR135W-A,0,-5.321199,0.15352539718151093,0.9975369572639465,0.550000011920929
YLL006W,YHR197W,0,-5.321339,0.15346722304821014,0.9975369572639465,0.5502462983131409
YMR224C,YDR180W,0,-5.3214903,0.15340909361839294,0.9975369572639465,0.5504925847053528
YAL026C,YDR200C,0,-5.3228226,0.15335100889205933,0.9975369572639465,0.5507389307022095
YLR370C,YJL167W,0,-5.322922,0.1532929539680481,0.9975369572639465,0.5509852170944214
YKR035W-A,YKR050W,0,-5.3235655,0.15323495864868164,0.9975369572639465,0.5512315034866333
YGR038W,YDR280W,0,-5.324398,0.15317700803279877,0.9975369572639465,0.55147784948349
YDR039C,YHR027C,0,-5.324447,0.15311908721923828,0.9975369572639465,0.5517241358757019
YGL241W,YDR498C,0,-5.324494,0.15306122601032257,0.9975369572639465,0.5519704222679138
YOL044W,YIR015W,0,-5.3245683,0.15300339460372925,0.9975369572639465,0.5522167682647705
YDL036C,YNR003C,0,-5.3245907,0.1529456228017807,0.9975369572639465,0.5524630546569824
YKL143W,YGR010W,0,-5.3249574,0.15288788080215454,0.9975369572639465,0.5527093410491943
YJL121C,YOR132W,0,-5.3266525,0.15283018350601196,0.9975369572639465,0.552955687046051
YIL106W,YDL229W,0,-5.327254,0.15277254581451416,0.9975369572639465,0.5532019734382629
YLR256W,YDL087C,0,-5.3273835,0.15271493792533875,0.9975369572639465,0.5534482598304749
YJR119C,YDR337W,0,-5.327391,0.1526573747396469,0.9975369572639465,0.5536946058273315
YBL082C,YPR139C,0,-5.329427,0.15259985625743866,0.9975369572639465,0.5539408922195435
YNL192W,YPR104C,0,-5.3299165,0.1525423675775528,0.9975369572639465,0.5541871786117554
YOL139C,YBR021W,0,-5.330506,0.1524849385023117,0.9975369572639465,0.5544335246086121
YBR228W,YGL225W,0,-5.330951,0.1524275541305542,0.9975369572639465,0.554679811000824
YPR031W,YML114C,0,-5.3312745,0.15237019956111908,0.9975369572639465,0.5549260973930359
YJL121C,YJL048C,0,-5.3316393,0.15231290459632874,0.9975369572639465,0.5551724433898926
YDR302W,YGL135W,0,-5.332001,0.15225563943386078,0.9975369572639465,0.5554187297821045
YGR081C,YCR042C,0,-5.332244,0.1521984189748764,0.9975369572639465,0.5556650161743164
YCR091W,YLR166C,0,-5.3324304,0.1521412432193756,0.9975369572639465,0.5559113025665283
YOL068C,YMR273C,0,-5.3344283,0.1520841121673584,0.9975369572639465,0.556157648563385
YLR207W,YLR086W,0,-5.33483,0.15202702581882477,0.9975369572639465,0.5564039349555969
YMR092C,YIR018W,0,-5.3354983,0.15196998417377472,0.9975369572639465,0.5566502213478088
YNL216W,YBR171W,0,-5.3358035,0.15191297233104706,0.9975369572639465,0.5568965673446655
YHR166C,YMR231W,0,-5.3359866,0.15185602009296417,0.9975369572639465,0.5571428537368774
YML051W,YDL115C,0,-5.336123,0.15179909765720367,0.9975369572639465,0.5573891401290894
YJL020C,YDR297W,0,-5.336187,0.15174221992492676,0.9975369572639465,0.557635486125946
YML004C,YPR081C,0,-5.337368,0.15168538689613342,0.9975369572639465,0.557881772518158
YMR238W,YLR007W,0,-5.338492,0.15162859857082367,0.9975369572639465,0.5581280589103699
YEL071W,YBR199W,0,-5.3385267,0.1515718549489975,0.9975369572639465,0.5583744049072266
YLR256W,YGR144W,0,-5.3385444,0.1515151560306549,0.9975369572639465,0.5586206912994385
YGL073W,YGL207W,0,-5.338654,0.1514584869146347,0.9975369572639465,0.5588669776916504
YER029C,YAR042W,0,-5.3388295,0.15140186250209808,0.9975369572639465,0.5591133236885071
YHR133C,YJR021C,0,-5.3388553,0.15134529769420624,0.9975369572639465,0.559359610080719
YGL019W,YMR207C,0,-5.3391867,0.15128876268863678,0.9975369572639465,0.5596058964729309
YFL050C,YKL193C,0,-5.3392463,0.1512322574853897,0.9975369572639465,0.5598522424697876
YDL102W,YOR159C,0,-5.3392644,0.15117581188678741,0.9975369572639465,0.5600985288619995
YJL003W,YNL026W,0,-5.3393083,0.1511193960905075,0.9975369572639465,0.5603448152542114
YPL212C,YFL033C,0,-5.3394027,0.15106303989887238,0.9975369572639465,0.5605911612510681
YBR236C,YBR289W,0,-5.339705,0.15100671350955963,0.9975369572639465,0.56083744764328
YMR072W,YMR173W,0,-5.3397374,0.15095043182373047,0.9975369572639465,0.5610837340354919
YDR255C,YML041C,0,-5.339904,0.1508941948413849,0.9975369572639465,0.5613300204277039
YMR232W,YIR015W,0,-5.340017,0.1508379876613617,0.9975369572639465,0.5615763664245605
YGL032C,YDR320C-A,0,-5.3401256,0.15078182518482208,0.9975369572639465,0.5618226528167725
YMR255W,YNR015W,0,-5.3402777,0.15072572231292725,0.9975369572639465,0.5620689392089844
YDL017W,YPR024W,0,-5.340434,0.1506696492433548,0.9975369572639465,0.5623152852058411
YBR200W,YBR228W,0,-5.3405786,0.15061360597610474,0.9975369572639465,0.562561571598053
YPL194W,YCL017C,0,-5.3408017,0.15055762231349945,0.9975369572639465,0.5628078579902649
YGR090W,YNL197C,0,-5.3409305,0.15050166845321655,0.9975369572639465,0.5630542039871216
YOL021C,YDL084W,0,-5.3422737,0.15044575929641724,0.9975369572639465,0.5633004903793335
YDL115C,YBR171W,0,-5.342525,0.1503898948431015,0.9975369572639465,0.5635467767715454
YHR115C,YGR279C,0,-5.342587,0.15033407509326935,0.9975369572639465,0.5637931227684021
YDR302W,YDR025W,0,-5.34271,0.15027830004692078,0.9975369572639465,0.564039409160614
YPR081C,YOL115W,0,-5.3428884,0.1502225548028946,0.9975369572639465,0.5642856955528259
YDR375C,YGL227W,0,-5.3431935,0.150166854262352,0.9975369572639465,0.5645320415496826
YBR186W,YJL154C,0,-5.3436427,0.15011119842529297,0.9975369572639465,0.5647783279418945
YHR193C,YDL166C,0,-5.34543,0.15005557239055634,0.9975369572639465,0.5650246143341064
YNL216W,YLR166C,0,-5.345662,0.15000000596046448,0.9975369572639465,0.5652709603309631
YGR029W,YML109W,0,-5.3461614,0.149944469332695,0.9975369572639465,0.565517246723175
YDL003W,YOR056C,0,-5.346598,0.14988897740840912,0.9975369572639465,0.565763533115387
YHR058C,YML109W,0,-5.3467264,0.14983351528644562,0.9975369572639465,0.5660098791122437
YHR005C,YBR297W,0,-5.347697,0.1497781127691269,0.9975369572639465,0.5662561655044556
YNR072W,YAL024C,0,-5.347934,0.14972274005413055,0.9975369572639465,0.5665024518966675
YOR301W,YML043C,0,-5.348519,0.1496674120426178,0.9975369572639465,0.5667487978935242
YHR005C,YOL044W,0,-5.3490605,0.14961211383342743,0.9975369572639465,0.5669950842857361
YDR488C,YNL309W,0,-5.3495355,0.14955687522888184,0.9975369572639465,0.567241370677948
YBR068C,YHR115C,0,-5.349626,0.14950166642665863,0.9975369572639465,0.5674876570701599
YNL074C,YAR042W,0,-5.349817,0.1494464874267578,0.9975369572639465,0.5677340030670166
YFR021W,YBR133C,0,-5.349831,0.14939136803150177,0.9975369572639465,0.5679802894592285
YFR021W,YEL062W,0,-5.3502455,0.14933627843856812,0.9975369572639465,0.5682265758514404
YDR479C,YNL154C,0,-5.350314,0.14928123354911804,0.9975369572639465,0.5684729218482971
YJL081C,YOR182C,0,-5.3507166,0.14922623336315155,0.9975369572639465,0.568719208240509
YGR268C,YIL038C,0,-5.3508744,0.14917127788066864,0.9975369572639465,0.568965494632721
YER065C,YGR028W,0,-5.3509345,0.14911635220050812,0.9975369572639465,0.5692118406295776
YGR264C,YBR057C,0,-5.351073,0.14906147122383118,0.9975369572639465,0.5694581270217896
YDR005C,YHR090C,0,-5.3518505,0.14900662004947662,0.9975369572639465,0.5697044134140015
YBR171W,YOR073W,0,-5.3521695,0.14895181357860565,0.9975369572639465,0.5699507594108582
YJR060W,YLR274W,0,-5.352621,0.14889705181121826,0.9975369572639465,0.5701970458030701
YMR237W,YDR087C,0,-5.353932,0.14884233474731445,0.9975369572639465,0.570443332195282
YMR001C,YGL100W,0,-5.3552437,0.14878766238689423,0.9975369572639465,0.5706896781921387
YPR031W,YDR280W,0,-5.3556695,0.1487330198287964,0.9975369572639465,0.5709359645843506
YMR079W,YKR060W,0,-5.356009,0.14867840707302094,0.9975369572639465,0.5711822509765625
YOL100W,YDR353W,0,-5.3560596,0.14862385392189026,0.9975369572639465,0.5714285969734192
YBL090W,YDR488C,0,-5.3563476,0.14856933057308197,0.9975369572639465,0.5716748833656311
YCL067C,YJL154C,0,-5.3567176,0.14851485192775726,0.9975369572639465,0.571921169757843
YLR309C,YIL121W,0,-5.35689,0.14846041798591614,0.9975369572639465,0.5721675157546997
YDR358W,YMR146C,0,-5.357174,0.1484060138463974,0.9975369572639465,0.5724138021469116
YMR164C,YJL002C,0,-5.3574915,0.14835165441036224,0.9975369572639465,0.5726600885391235
YKL008C,YGR171C,0,-5.3579774,0.14829732477664948,0.9975369572639465,0.5729063749313354
YNL298W,YOL049W,0,-5.359571,0.1482430398464203,0.9975369572639465,0.5731527209281921
YPR020W,YCL035C,0,-5.3606353,0.14818879961967468,0.9975369572639465,0.573399007320404
YOL076W,YKL140W,0,-5.3609853,0.14813460409641266,0.9975369572639465,0.573645293712616
YDR484W,YMR243C,0,-5.3610826,0.14808043837547302,0.9975369572639465,0.5738916397094727
YJL002C,YGR101W,0,-5.361116,0.14802631735801697,0.9975369572639465,0.5741379261016846
YBR057C,YML114C,0,-5.3613133,0.1479722261428833,0.9975369572639465,0.5743842124938965
YJR006W,YDR005C,0,-5.3618236,0.1479181945323944,0.9975369572639465,0.5746305584907532
YNR002C,YHR206W,0,-5.361959,0.1478641778230667,0.9975369572639465,0.5748768448829651
YDR121W,YMR052W,0,-5.3625503,0.1478102207183838,0.9975369572639465,0.575123131275177
YAL024C,YOR269W,0,-5.3626013,0.14775629341602325,0.9975369572639465,0.5753694772720337
YJR060W,YJL039C,0,-5.363599,0.1477024108171463,0.9975369572639465,0.5756157636642456
YPL181W,YPL120W,0,-5.3636527,0.14764855802059174,0.9975369572639465,0.5758620500564575
YOR020C,YPR101W,0,-5.3649735,0.14759474992752075,0.9975369572639465,0.5761083960533142
YDR419W,YDL033C,0,-5.365076,0.14754098653793335,0.9975369572639465,0.5763546824455261
YDR255C,YOL039W,0,-5.365346,0.14748725295066833,0.9975369572639465,0.576600968837738
YBR103W,YGR192C,0,-5.365436,0.1474335640668869,0.9975369572639465,0.5768473148345947
YCL038C,YGL029W,0,-5.3659353,0.14737991988658905,0.9975369572639465,0.5770936012268066
YPL129W,YGR270W,0,-5.367204,0.1473263055086136,0.9975369572639465,0.5773398876190186
YAR042W,YMR146C,0,-5.368346,0.1472727209329605,0.9975369572639465,0.5775862336158752
YPL029W,YGR090W,0,-5.368353,0.1472191959619522,0.9975369572639465,0.5778325200080872
YJL201W,YOR130C,0,-5.368483,0.1471657007932663,0.9975369572639465,0.5780788064002991
YJL121C,YPL029W,0,-5.368691,0.14711223542690277,0.9975369572639465,0.5783251523971558
YOR145C,YGL207W,0,-5.369218,0.14705882966518402,0.9975369572639465,0.5785714387893677
YCL035C,YBR086C,0,-5.369613,0.14700543880462646,0.9975369572639465,0.5788177251815796
YHR038W,YMR079W,0,-5.3702674,0.14695210754871368,0.9975369572639465,0.5790640115737915
YHR036W,YFR003C,0,-5.370923,0.1468988060951233,0.9975369572639465,0.5793103575706482
YGL019W,YHR058C,0,-5.3738503,0.14684553444385529,0.9975369572639465,0.5795566439628601
YBR167C,YHR090C,0,-5.3742933,0.14679232239723206,0.9975369572639465,0.579802930355072
YJL002C,YGL037C,0,-5.374576,0.14673912525177002,0.9975369572639465,0.5800492763519287
YDL209C,YBR123C,0,-5.3746495,0.14668598771095276,0.9975369572639465,0.5802955627441406
YNR054C,YOR253W,0,-5.3747535,0.14663287997245789,0.9975369572639465,0.5805418491363525
YOR033C,YEL017C-A,0,-5.375135,0.1465798020362854,0.9975369572639465,0.5807881951332092
YBL016W,YOR206W,0,-5.37773,0.1465267688035965,0.9975369572639465,0.5810344815254211
YBR212W,YCR042C,0,-5.377913,0.14647378027439117,0.9975369572639465,0.5812807679176331
YDR323C,YDL036C,0,-5.378515,0.14642082154750824,0.9975369572639465,0.5815271139144897
YMR073C,YIL122W,0,-5.378658,0.1463679075241089,0.9975369572639465,0.5817734003067017
YKL192C,YDR361C,0,-5.3796067,0.14631502330303192,0.9975369572639465,0.5820196866989136
YDR524C,YDL033C,0,-5.3796325,0.14626218378543854,0.9975369572639465,0.5822660326957703
YDR479C,YIL144W,0,-5.3797107,0.14620938897132874,0.9975369572639465,0.5825123190879822
YBR200W,YGR170W,0,-5.379807,0.14615662395954132,0.9975369572639465,0.5827586054801941
YPL212C,YGR279C,0,-5.379876,0.1461038887500763,0.9975369572639465,0.5830049514770508
YLR117C,YKR020W,0,-5.3799033,0.14605121314525604,0.9975369572639465,0.5832512378692627
YDR087C,YHR084W,0,-5.3808713,0.14599855244159698,0.9975369572639465,0.5834975242614746
YDL074C,YGR264C,0,-5.381026,0.1459459513425827,0.9975369572639465,0.5837438702583313
YNL026W,YML124C,0,-5.3810277,0.14589336514472961,0.9975369572639465,0.5839901566505432
YCL038C,YOR126C,0,-5.381474,0.1458408385515213,0.9975369572639465,0.5842364430427551
YKL019W,YDR280W,0,-5.382463,0.14578834176063538,0.9975369572639465,0.584482729434967
YLR088W,YDR255C,0,-5.383146,0.14573587477207184,0.9975369572639465,0.5847290754318237
YHR124W,YKR090W,0,-5.3831463,0.14568345248699188,0.9975369572639465,0.5849753618240356
YCL035C,YOR298C-A,0,-5.383304,0.1456310749053955,0.9975369572639465,0.5852216482162476
YDR299W,YIL075C,0,-5.383942,0.14557872712612152,0.9975369572639465,0.5854679942131042
YMR072W,YPR163C,0,-5.384411,0.14552640914916992,0.9975369572639465,0.5857142806053162
YDR358W,YER040W,0,-5.385367,0.1454741358757019,0.9975369572639465,0.5859605669975281
YHR204W,YBR293W,0,-5.3855658,0.14542190730571747,0.9975369572639465,0.5862069129943848
YIL075C,YML024W,0,-5.386263,0.14536970853805542,0.9975369572639465,0.5864531993865967
YMR052W,YMR273C,0,-5.3874307,0.14531753957271576,0.9975369572639465,0.5866994857788086
YJL133W,YNL251C,0,-5.387765,0.14526543021202087,0.9975369572639465,0.5869458317756653
YMR052W,YBR216C,0,-5.3881583,0.14521333575248718,0.9975369572639465,0.5871921181678772
YOR257W,YAR035W,0,-5.3882985,0.14516128599643707,0.9975369572639465,0.5874384045600891
YOR355W,YEL017C-A,0,-5.3886266,0.14510928094387054,0.9975369572639465,0.5876847505569458
YMR237W,YOR257W,0,-5.388763,0.1450573056936264,0.9975369572639465,0.5879310369491577
YNL113W,YNL088W,0,-5.3899713,0.14500537514686584,0.9975369572639465,0.5881773233413696
YIL072W,YLR005W,0,-5.3906116,0.14495347440242767,0.9975369572639465,0.5884236693382263
YBR109C,YHL006C,0,-5.3910627,0.1449016034603119,0.9975369572639465,0.5886699557304382
YJR065C,YIL018W,0,-5.3916225,0.14484979212284088,0.9975369572639465,0.5889162421226501
YDR364C,YHR038W,0,-5.3940225,0.14479799568653107,0.9975369572639465,0.5891625881195068
YLR207W,YJL121C,0,-5.394345,0.14474624395370483,0.9975369572639465,0.5894088745117188
YPL135W,YNR013C,0,-5.3952794,0.14469453692436218,0.9975369572639465,0.5896551609039307
YEL063C,YMR060C,0,-5.3968997,0.14464285969734192,0.9975369572639465,0.5899015069007874
YMR138W,YOR156C,0,-5.3970733,0.14459121227264404,0.9975369572639465,0.5901477932929993
YJR055W,YBL106C,0,-5.3984075,0.14453960955142975,0.9975369572639465,0.5903940796852112
YKL191W,YCL035C,0,-5.398692,0.14448805153369904,0.9975369572639465,0.5906403660774231
YMR014W,YCR073C,0,-5.398696,0.1444365233182907,0.9975369572639465,0.5908867120742798
YDL220C,YML105C,0,-5.39875,0.14438502490520477,0.9975369572639465,0.5911329984664917
YMR015C,YHR072W,0,-5.399058,0.14433357119560242,0.9975369572639465,0.5913792848587036
YLR207W,YBL026W,0,-5.3997006,0.14428214728832245,0.9975369572639465,0.5916256308555603
YJR119C,YBR216C,0,-5.401319,0.14423076808452606,0.9975369572639465,0.5918719172477722
YOR148C,YDR002W,0,-5.402079,0.14417941868305206,0.9975369572639465,0.5921182036399841
YEL032W,YNR015W,0,-5.4028416,0.14412811398506165,0.9975369572639465,0.5923645496368408
YBR119W,YER161C,0,-5.4029336,0.14407683908939362,0.9975369572639465,0.5926108360290527
YAL024C,YGR165W,0,-5.403649,0.14402560889720917,0.9975369572639465,0.5928571224212646
YJL090C,YHR188C,0,-5.404604,0.1439744085073471,0.9975369572639465,0.5931034684181213
YOR261C,YBR172C,0,-5.4047327,0.14392323791980743,0.9975369572639465,0.5933497548103333
YDR479C,YML010W,0,-5.404791,0.14387211203575134,0.9975369572639465,0.5935960412025452
YBR081C,YBR265W,0,-5.40528,0.14382101595401764,0.9975369572639465,0.5938423871994019
YDR243C,YOR261C,0,-5.4059157,0.14376996457576752,0.9975369572639465,0.5940886735916138
YHR115C,YGL073W,0,-5.406119,0.14371894299983978,0.9975369572639465,0.5943349599838257
YNL326C,YDR087C,0,-5.406153,0.14366796612739563,0.9975369572639465,0.5945813059806824
YLR350W,YLR298C,0,-5.406264,0.14361701905727386,0.9975369572639465,0.5948275923728943
YDR448W,YLL022C,0,-5.406367,0.14356611669063568,0.9975369572639465,0.5950738787651062
YOL039W,YOR212W,0,-5.407109,0.14351524412631989,0.9975369572639465,0.5953202247619629
YMR083W,YJR140C,0,-5.409079,0.14346440136432648,0.9975369572639465,0.5955665111541748
YFR024C-A,YOR148C,0,-5.4092383,0.14341360330581665,0.9975369572639465,0.5958127975463867
YBL082C,YDR489W,0,-5.40989,0.1433628350496292,0.9975369572639465,0.5960590839385986
YKL176C,YCR106W,0,-5.4108047,0.14331209659576416,0.9975369572639465,0.5963054299354553
YHR183W,YPR024W,0,-5.410827,0.1432614028453827,0.9975369572639465,0.5965517163276672
YMR153W,YGR056W,0,-5.41099,0.1432107537984848,0.9975369572639465,0.5967980027198792
YGR056W,YOR073W,0,-5.4118276,0.1431601345539093,0.9975369572639465,0.5970443487167358
YDR137W,YDR487C,0,-5.4119925,0.1431095451116562,0.9975369572639465,0.5972906351089478
YKL143W,YGL092W,0,-5.4130006,0.14305898547172546,0.9975369572639465,0.5975369215011597
YDR153C,YDL033C,0,-5.4133625,0.14300847053527832,0.9975369572639465,0.5977832674980164
YMR281W,YDR501W,0,-5.415596,0.14295800030231476,0.9975369572639465,0.5980295538902283
YBL004W,YBL055C,0,-5.416534,0.1429075449705124,0.9975369572639465,0.5982758402824402
YDR141C,YPL224C,0,-5.417383,0.1428571492433548,0.9975369572639465,0.5985221862792969
YJL170C,YBR109C,0,-5.4174833,0.1428067684173584,0.9975369572639465,0.5987684726715088
YLR238W,YOR298C-A,0,-5.417612,0.14275643229484558,0.9975369572639465,0.5990147590637207
YGL092W,YOR275C,0,-5.418835,0.14270612597465515,0.9975369572639465,0.5992611050605774
YLR238W,YPR181C,0,-5.4188495,0.1426558643579483,0.9975369572639465,0.5995073914527893
YDL090C,YIL143C,0,-5.4191537,0.14260563254356384,0.9975369572639465,0.5997536778450012
YDR221W,YBR057C,0,-5.4192476,0.14255544543266296,0.9975369572639465,0.6000000238418579
YER036C,YGR157W,0,-5.4192634,0.14250527322292328,0.9975369572639465,0.6002463102340698
YOR261C,YML014W,0,-5.4193234,0.14245514571666718,0.9975369572639465,0.6004925966262817
YGL029W,YLR096W,0,-5.4200816,0.14240506291389465,0.9975369572639465,0.6007389426231384
YDR361C,YDL161W,0,-5.4205375,0.14235500991344452,0.9975369572639465,0.6009852290153503
YJR025C,YDR485C,0,-5.420751,0.14230498671531677,0.9975369572639465,0.6012315154075623
YLR207W,YPL129W,0,-5.421877,0.1422550082206726,0.9975369572639465,0.601477861404419
YDR255C,YPL129W,0,-5.4225307,0.14220505952835083,0.9975369572639465,0.6017241477966309
YGR275W,YGL227W,0,-5.4226527,0.14215514063835144,0.9975369572639465,0.6019704341888428
YDR221W,YKL038W,0,-5.423033,0.14210526645183563,0.9975369572639465,0.6022167205810547
YLR363C,YDL150W,0,-5.4231815,0.1420554220676422,0.9975369572639465,0.6024630665779114
YDL004W,YIL097W,0,-5.423388,0.14200560748577118,0.9975369572639465,0.6027093529701233
YGR202C,YNL309W,0,-5.4234776,0.14195583760738373,0.9975369572639465,0.6029556393623352
YJR092W,YKL095W,0,-5.42378,0.14190609753131866,0.9975369572639465,0.6032019853591919
YLR309C,YMR273C,0,-5.424151,0.141856387257576,0.9975369572639465,0.6034482717514038
YOR257W,YMR173W,0,-5.424371,0.1418067216873169,0.9975369572639465,0.6036945581436157
YPL110C,YLR259C,0,-5.424935,0.1417570859193802,0.9975369572639465,0.6039409041404724
YHR102W,YIL038C,0,-5.4273677,0.14170749485492706,0.9975369572639465,0.6041871905326843
YDL090C,YBR198C,0,-5.427728,0.14165791869163513,0.9975369572639465,0.6044334769248962
YBL082C,YDL232W,0,-5.4279895,0.14160838723182678,0.9975369572639465,0.6046798229217529
YJR140C,YER041W,0,-5.4282613,0.14155890047550201,0.9975369572639465,0.6049261093139648
YLL006W,YPL032C,0,-5.428799,0.14150942862033844,0.9975369572639465,0.6051723957061768
YIL106W,YDR487C,0,-5.4289346,0.14146000146865845,0.9975369572639465,0.6054187417030334
YLR370C,YOR033C,0,-5.4295874,0.14141061902046204,0.9975369572639465,0.6056650280952454
YBR154C,YAL009W,0,-5.4304185,0.14136125147342682,0.9975369572639465,0.6059113144874573
YLR355C,YPR024W,0,-5.4312935,0.14131192862987518,0.9975369572639465,0.606157660484314
YIL072W,YLR321C,0,-5.431418,0.14126265048980713,0.9975369572639465,0.6064039468765259
YGL238W,YER003C,0,-5.431433,0.14121338725090027,0.9975369572639465,0.6066502332687378
YDR017C,YCR106W,0,-5.4332943,0.141164168715477,0.9975369572639465,0.6068965792655945
YDR329C,YOL100W,0,-5.4337173,0.1411149799823761,0.9975369572639465,0.6071428656578064
YOL049W,YJL039C,0,-5.434585,0.1410658359527588,0.9975369572639465,0.6073891520500183
YLR008C,YNL197C,0,-5.4348097,0.14101670682430267,0.9975369572639465,0.6076354384422302
YIL128W,YML032C,0,-5.4349813,0.14096762239933014,0.9975369572639465,0.6078817844390869
YDL003W,YGR095C,0,-5.4353633,0.1409185826778412,0.9975369572639465,0.6081280708312988
YGR165W,YPL120W,0,-5.4358745,0.14086955785751343,0.9975369572639465,0.6083743572235107
YAL042W,YPR163C,0,-5.4365935,0.14082057774066925,0.9975369572639465,0.6086207032203674
YDR409W,YMR243C,0,-5.4366636,0.14077164232730865,0.9975369572639465,0.6088669896125793
YBR202W,YNL006W,0,-5.437096,0.14072272181510925,0.9975369572639465,0.6091132760047913
YKL191W,YKL019W,0,-5.4371767,0.14067384600639343,0.9975369572639465,0.609359622001648
YIL097W,YOL093W,0,-5.437869,0.140625,0.9975369572639465,0.6096059083938599
YJL081C,YNL145W,0,-5.4382234,0.14057618379592896,0.9975369572639465,0.6098521947860718
YER157W,YER049W,0,-5.4393525,0.1405274122953415,0.9975369572639465,0.6100985407829285
YAL038W,YIL075C,0,-5.4396415,0.14047867059707642,0.9975369572639465,0.6103448271751404
YDR046C,YGR095C,0,-5.4396834,0.14042995870113373,0.9975369572639465,0.6105911135673523
YHR142W,YGR020C,0,-5.4410663,0.14038127660751343,0.9975369572639465,0.610837459564209
YPR031W,YPL175W,0,-5.443478,0.1403326392173767,0.9975369572639465,0.6110837459564209
YOR362C,YDR464W,0,-5.4438634,0.14028403162956238,0.9975369572639465,0.6113300323486328
YGR169C,YLR182W,0,-5.4439173,0.14023545384407043,0.9975369572639465,0.6115763783454895
YLR350W,YDR464W,0,-5.444431,0.14018692076206207,0.9975369572639465,0.6118226647377014
YLR165C,YDL150W,0,-5.4444356,0.1401384025812149,0.9975369572639465,0.6120689511299133
YPR020W,YGL049C,0,-5.4444623,0.14008992910385132,0.9975369572639465,0.61231529712677
YAL022C,YKL085W,0,-5.444864,0.1400415003299713,0.9975369572639465,0.6125615835189819
YER157W,YDL174C,0,-5.445432,0.1399930864572525,0.9975369572639465,0.6128078699111938
YDR163W,YHR084W,0,-5.4457192,0.13994471728801727,0.9975369572639465,0.6130542159080505
YOR020C,YGR281W,0,-5.446113,0.13989637792110443,0.9975369572639465,0.6133005023002625
YNL065W,YDR364C,0,-5.4471993,0.13984806835651398,0.9975369572639465,0.6135467886924744
YGR262C,YOL115W,0,-5.4476905,0.1397997885942459,0.9975369572639465,0.6137930750846863
YBR079C,YAR035W,0,-5.4478426,0.13975155353546143,0.9975369572639465,0.614039421081543
YDL074C,YHR082C,0,-5.448333,0.13970334827899933,0.9975369572639465,0.6142857074737549
YJR021C,YIL075C,0,-5.448671,0.13965517282485962,0.9975369572639465,0.6145319938659668
YGR142W,YBR199W,0,-5.451621,0.1396070271730423,0.9975369572639465,0.6147783398628235
YBL047C,YLR166C,0,-5.453957,0.13955892622470856,0.9975369572639465,0.6150246262550354
YOR020C,YJL050W,0,-5.4553466,0.1395108550786972,0.9975369572639465,0.6152709126472473
YBL042C,YGL227W,0,-5.455842,0.13946281373500824,0.9975369572639465,0.615517258644104
YER083C,YKL143W,0,-5.4569073,0.13941480219364166,0.9975369572639465,0.6157635450363159
YKL052C,YKL141W,0,-5.458223,0.13936682045459747,0.9975369572639465,0.6160098314285278
YDR524C,YLR097C,0,-5.461692,0.13931888341903687,0.9975369572639465,0.6162561774253845
YJR055W,YKL015W,0,-5.4623346,0.13927097618579865,0.9975369572639465,0.6165024638175964
YBL082C,YNL088W,0,-5.463843,0.1392230987548828,0.9975369572639465,0.6167487502098083
YBL041W,YDR025W,0,-5.464298,0.13917525112628937,0.9975369572639465,0.616995096206665
YJR084W,YGL022W,0,-5.4647546,0.1391274482011795,0.9975369572639465,0.617241382598877
YJL091C,YDL150W,0,-5.465236,0.13907967507839203,0.9975369572639465,0.6174876689910889
YEL063C,YHR069C,0,-5.4655223,0.13903193175792694,0.9975369572639465,0.6177340149879456
YFR031C,YPL032C,0,-5.4657807,0.13898421823978424,0.9975369572639465,0.6179803013801575
YJR060W,YDL232W,0,-5.465994,0.13893653452396393,0.9975369572639465,0.6182265877723694
YKR072C,YNR015W,0,-5.4680305,0.1388888955116272,0.9975369572639465,0.6184729337692261
YGR123C,YGL113W,0,-5.468225,0.13884127140045166,0.9975369572639465,0.618719220161438
YAL022C,YOR132W,0,-5.4688215,0.1387936919927597,0.9975369572639465,0.6189655065536499
YDR361C,YEL063C,0,-5.4701242,0.13874614238739014,0.9975369572639465,0.6192117929458618
YML048W,YGR056W,0,-5.470876,0.13869863748550415,0.9975369572639465,0.6194581389427185
YKL073W,YDR243C,0,-5.471115,0.13865114748477936,0.9975369572639465,0.6197044253349304
YMR164C,YBR057C,0,-5.4714828,0.13860370218753815,0.9975369572639465,0.6199507117271423
YGR199W,YBR172C,0,-5.4717307,0.13855627179145813,0.9975369572639465,0.620197057723999
YDL006W,YPL253C,0,-5.4722676,0.1385088860988617,0.9975369572639465,0.6204433441162109
YDL155W,YBR172C,0,-5.4722943,0.13846154510974884,0.9975369572639465,0.6206896305084229
YMR127C,YDR422C,0,-5.472922,0.13841421902179718,0.9975369572639465,0.6209359765052795
YER040W,YOL143C,0,-5.4734273,0.1383669227361679,0.9975369572639465,0.6211822628974915
YHR129C,YDR244W,0,-5.4738564,0.13831967115402222,0.9975369572639465,0.6214285492897034
YHR027C,YGL093W,0,-5.4739337,0.1382724493741989,0.9975369572639465,0.6216748952865601
YBR060C,YOR212W,0,-5.4739575,0.138225257396698,0.9975369572639465,0.621921181678772
YKL195W,YLR182W,0,-5.4743304,0.13817809522151947,0.9975369572639465,0.6221674680709839
YLR103C,YBL004W,0,-5.4746385,0.13813096284866333,0.9975369572639465,0.6224138140678406
YMR038C,YOR194C,0,-5.4753814,0.13808387517929077,0.9975369572639465,0.6226601004600525
YLR259C,YMR268C,0,-5.4762645,0.1380368024110794,0.9975369572639465,0.6229063868522644
YBR058C,YJL069C,0,-5.4763308,0.13798977434635162,0.9975369572639465,0.6231527328491211
YBR171W,YDL130W-A,0,-5.477381,0.13794277608394623,0.9975369572639465,0.623399019241333
YNL166C,YLR212C,0,-5.478065,0.13789580762386322,0.9975369572639465,0.6236453056335449
YNR003C,YDR293C,0,-5.4787164,0.1378488838672638,0.9975369572639465,0.6238916516304016
YBR167C,YDR498C,0,-5.478975,0.13780197501182556,0.9975369572639465,0.6241379380226135
YBR010W,YDR489W,0,-5.479247,0.13775509595870972,0.9975369572639465,0.6243842244148254
YKR035W-A,YLR088W,0,-5.479713,0.13770826160907745,0.9975369572639465,0.6246305704116821
YNL298W,YML110C,0,-5.480001,0.13766145706176758,0.9975369572639465,0.624876856803894
YGR246C,YKR025W,0,-5.4806385,0.1376146823167801,0.9975369572639465,0.625123143196106
YOR145C,YFL037W,0,-5.4810514,0.137567937374115,0.9975369572639465,0.6253694295883179
YLR321C,YMR104C,0,-5.4812493,0.13752122223377228,0.9975369572639465,0.6256157755851746
YOR132W,YDR532C,0,-5.4816556,0.13747453689575195,0.9975369572639465,0.6258620619773865
YJL053W,YAL009W,0,-5.4818406,0.1374278962612152,0.9975369572639465,0.6261083483695984
YJL020C,YGR090W,0,-5.482427,0.13738127052783966,0.9975369572639465,0.6263546943664551
YJL081C,YGR123C,0,-5.482964,0.1373346894979477,0.9975369572639465,0.626600980758667
YDL102W,YNL298W,0,-5.4840026,0.1372881382703781,0.9975369572639465,0.6268472671508789
YLR023C,YDL154W,0,-5.484034,0.13724161684513092,0.9975369572639465,0.6270936131477356
YIL122W,YBR171W,0,-5.485259,0.13719512522220612,0.9975369572639465,0.6273398995399475
YBL035C,YPL094C,0,-5.485513,0.1371486634016037,0.9975369572639465,0.6275861859321594
YDR364C,YAL009W,0,-5.485622,0.13710223138332367,0.9975369572639465,0.6278325319290161
YLR096W,YCR091W,0,-5.4860663,0.13705584406852722,0.9975369572639465,0.628078818321228
YGR246C,YBR119W,0,-5.4861655,0.13700947165489197,0.9975369572639465,0.6283251047134399
YGL238W,YLR332W,0,-5.487387,0.1369631439447403,0.9975369572639465,0.6285714507102966
YPL051W,YJL121C,0,-5.4874454,0.13691683113574982,0.9975369572639465,0.6288177371025085
YNL113W,YIL052C,0,-5.4880033,0.13687056303024292,0.9975369572639465,0.6290640234947205
YGL048C,YMR079W,0,-5.4887333,0.1368243247270584,0.9975369572639465,0.6293103694915771
YOR308C,YML109W,0,-5.489097,0.1367781162261963,0.9975369572639465,0.6295566558837891
YIL144W,YBL055C,0,-5.490162,0.13673193752765656,0.9975369572639465,0.629802942276001
YNR002C,YLR321C,0,-5.4910264,0.1366857886314392,0.9975369572639465,0.6300492882728577
YIL035C,YJL184W,0,-5.4913497,0.13663966953754425,0.9975369572639465,0.6302955746650696
YGL241W,YLR321C,0,-5.49244,0.13659359514713287,0.9975369572639465,0.6305418610572815
YJR084W,YGR056W,0,-5.492744,0.1365475356578827,0.9975369572639465,0.6307882070541382
YHR058C,YNL090W,0,-5.4934564,0.1365015208721161,0.9975369572639465,0.6310344934463501
YOR301W,YGL244W,0,-5.4937835,0.13645552098751068,0.9975369572639465,0.631280779838562
YKR035W-A,YJL087C,0,-5.493986,0.13640956580638885,0.9975369572639465,0.6315270662307739
YCR024C-A,YKL140W,0,-5.4967046,0.13636364042758942,0.9975369572639465,0.6317734122276306
YOR142W,YMR225C,0,-5.4972577,0.13631774485111237,0.9975369572639465,0.6320196986198425
YHR193C,YBL057C,0,-5.4974,0.1362718641757965,0.9975369572639465,0.6322659850120544
YOR362C,YER070W,0,-5.497966,0.13622602820396423,0.9975369572639465,0.6325123310089111
YKL204W,YGR028W,0,-5.498281,0.13618022203445435,0.9975369572639465,0.632758617401123
YGR123C,YBR048W,0,-5.4995494,0.13613446056842804,0.9975369572639465,0.633004903793335
YHR188C,YPR186C,0,-5.499555,0.13608871400356293,0.9975369572639465,0.6332512497901917
YOL021C,YCL035C,0,-5.501341,0.1360429972410202,0.9975369572639465,0.6334975361824036
YGR262C,YDR280W,0,-5.5017242,0.13599731028079987,0.9975369572639465,0.6337438225746155
YOR241W,YNR049C,0,-5.5044866,0.1359516680240631,0.9975369572639465,0.6339901685714722
YMR264W,YGR264C,0,-5.5055485,0.13590604066848755,0.9975369572639465,0.6342364549636841
YDR477W,YMR101C,0,-5.506166,0.13586044311523438,0.9975369572639465,0.634482741355896
YDR137W,YGL227W,0,-5.507385,0.13581489026546478,0.9975369572639465,0.6347290873527527
YGR142W,YGL093W,0,-5.5074353,0.13576935231685638,0.9975369572639465,0.6349753737449646
YHR019C,YMR156C,0,-5.508825,0.13572385907173157,0.9975369572639465,0.6352216601371765
YGL032C,YBL041W,0,-5.509384,0.13567839562892914,0.9975369572639465,0.6354680061340332
YBL082C,YHR142W,0,-5.510265,0.1356329470872879,0.9975369572639465,0.6357142925262451
YKL008C,YCL017C,0,-5.510266,0.13558754324913025,0.9975369572639465,0.635960578918457
YGR165W,YOL004W,0,-5.510636,0.13554216921329498,0.9975369572639465,0.6362069249153137
YDL069C,YKR014C,0,-5.5108237,0.1354968249797821,0.9975369572639465,0.6364532113075256
YJR053W,YNL154C,0,-5.5112767,0.1354515105485916,0.9975369572639465,0.6366994976997375
YOL115W,YMR093W,0,-5.5113564,0.1354062259197235,0.9975369572639465,0.6369457840919495
YJR065C,YDL209C,0,-5.511735,0.1353609561920166,0.9975369572639465,0.6371921300888062
YPL138C,YGR270W,0,-5.5124483,0.13531573116779327,0.9975369572639465,0.6374384164810181
YBL082C,YOR212W,0,-5.512546,0.13527053594589233,0.9975369572639465,0.63768470287323
YKR002W,YAL009W,0,-5.5125866,0.13522537052631378,0.9975369572639465,0.6379310488700867
YMR091C,YPL212C,0,-5.5126147,0.13518023490905762,0.9975369572639465,0.6381773352622986
YBR283C,YAR003W,0,-5.513151,0.13513512909412384,0.9975369572639465,0.6384236216545105
YMR237W,YMR037C,0,-5.5135045,0.13509005308151245,0.9975369572639465,0.6386699676513672
YOR257W,YAL017W,0,-5.5137944,0.13504502177238464,0.9975369572639465,0.6389162540435791
YDR488C,YMR149W,0,-5.5141716,0.13500000536441803,0.9975369572639465,0.639162540435791
YFR041C,YOL093W,0,-5.515363,0.1349550187587738,0.9975369572639465,0.6394088864326477
YPL194W,YLR328W,0,-5.515537,0.13491006195545197,0.9975369572639465,0.6396551728248596
YJL178C,YFR024C-A,0,-5.5163774,0.13486513495445251,0.9975369572639465,0.6399014592170715
YPL110C,YPL175W,0,-5.5169683,0.13482023775577545,0.9975369572639465,0.6401478052139282
YML004C,YKL166C,0,-5.5176196,0.13477537035942078,0.9975369572639465,0.6403940916061401
YBL047C,YDR078C,0,-5.5178456,0.1347305327653885,0.9975369572639465,0.640640377998352
YDL155W,YFR041C,0,-5.518389,0.13468573987483978,0.9975369572639465,0.6408867239952087
YDR414C,YBL016W,0,-5.5187306,0.13464096188545227,0.9975369572639465,0.6411330103874207
YOR020C,YPR131C,0,-5.5189815,0.13459621369838715,0.9975369572639465,0.6413792967796326
YNL016W,YHR056C,0,-5.519267,0.1345514953136444,0.9975369572639465,0.6416256427764893
YCL038C,YGR024C,0,-5.5193167,0.13450680673122406,0.9975369572639465,0.6418719291687012
YNR049C,YGL163C,0,-5.5194287,0.1344621479511261,0.9975369572639465,0.6421182155609131
YGL207W,YJR046W,0,-5.5199656,0.13441751897335052,0.9975369572639465,0.6423645615577698
YFR041C,YDR489W,0,-5.5203347,0.13437291979789734,0.9975369572639465,0.6426108479499817
YLR293C,YOR367W,0,-5.5211654,0.13432836532592773,0.9975369572639465,0.6428571343421936
YPL271W,YJL048C,0,-5.5213323,0.13428382575511932,0.9975369572639465,0.6431034207344055
YNL223W,YNL298W,0,-5.5221725,0.1342393159866333,0.9975369572639465,0.6433497667312622
YMR238W,YDR485C,0,-5.522718,0.13419483602046967,0.9975369572639465,0.6435960531234741
YJR025C,YKL140W,0,-5.522804,0.13415038585662842,0.9975369572639465,0.643842339515686
YGL053W,YOR368W,0,-5.52319,0.13410596549510956,0.9975369572639465,0.6440886855125427
YMR225C,YGR056W,0,-5.5236573,0.13406157493591309,0.9975369572639465,0.6443349719047546
YBR068C,YBR298C,0,-5.523887,0.134017214179039,0.9975369572639465,0.6445812582969666
YBR057C,YKL193C,0,-5.5242457,0.1339728683233261,0.9975369572639465,0.6448276042938232
YOL093W,YML021C,0,-5.526131,0.1339285671710968,0.9975369572639465,0.6450738906860352
YJL081C,YHR183W,0,-5.5265484,0.13388429582118988,0.9975369572639465,0.6453201770782471
YMR237W,YMR224C,0,-5.526591,0.13384005427360535,0.9975369572639465,0.6455665230751038
YML099C,YNL154C,0,-5.526832,0.1337958425283432,0.9975369572639465,0.6458128094673157
YGL048C,YLR005W,0,-5.5270047,0.13375164568424225,0.9975369572639465,0.6460590958595276
YBR021W,YGR170W,0,-5.5278096,0.13370749354362488,0.9975369572639465,0.6463054418563843
YHR082C,YKL130C,0,-5.5285497,0.1336633712053299,0.9975369572639465,0.6465517282485962
YNL298W,YNL026W,0,-5.529805,0.1336192637681961,0.9975369572639465,0.6467980146408081
YDL074C,YJR135W-A,0,-5.530559,0.1335752010345459,0.9975369572639465,0.6470443606376648
YDR358W,YLR427W,0,-5.5307174,0.13353115320205688,0.9975369572639465,0.6472906470298767
YNL242W,YJL053W,0,-5.531029,0.13348715007305145,0.9975369572639465,0.6475369334220886
YLR274W,YLR117C,0,-5.5313225,0.13344316184520721,0.9975369572639465,0.6477832794189453
YAL043C,YOR132W,0,-5.5313716,0.13339920341968536,0.9975369572639465,0.6480295658111572
YGR095C,YDR353W,0,-5.5316916,0.1333552896976471,0.9975369572639465,0.6482758522033691
YPR081C,YDR484W,0,-5.5320063,0.13331139087677002,0.9975369572639465,0.648522138595581
YPL221W,YDL154W,0,-5.532594,0.13326752185821533,0.9975369572639465,0.6487684845924377
YFR041C,YPL138C,0,-5.533772,0.13322368264198303,0.9975369572639465,0.6490147709846497
YHR019C,YIL144W,0,-5.534502,0.13317987322807312,0.9975369572639465,0.6492610573768616
YOL117W,YPL032C,0,-5.535105,0.1331360936164856,0.9975369572639465,0.6495074033737183
YBR081C,YOR172W,0,-5.5354505,0.13309234380722046,0.9975369572639465,0.6497536897659302
YPR033C,YPR024W,0,-5.537825,0.1330486238002777,0.9975369572639465,0.6499999761581421
YML010W,YLR277C,0,-5.5382094,0.13300491869449615,0.9975369572639465,0.6502463221549988
YJR053W,YJL003W,0,-5.538471,0.13296125829219818,0.9975369572639465,0.6504926085472107
YKR090W,YDL150W,0,-5.538482,0.1329176276922226,0.9975369572639465,0.6507388949394226
YDR046C,YMR043W,0,-5.538756,0.1328740119934082,0.9975369572639465,0.6509852409362793
YNL225C,YDR489W,0,-5.5389137,0.1328304409980774,0.9975369572639465,0.6512315273284912
YMR235C,YIL144W,0,-5.539162,0.13278688490390778,0.9975369572639465,0.6514778137207031
YJL002C,YMR322C,0,-5.539485,0.13274335861206055,0.9975369572639465,0.6517241597175598
YGL241W,YJL002C,0,-5.540067,0.1326998621225357,0.9975369572639465,0.6519704461097717
YHR011W,YDR486C,0,-5.5402145,0.13265641033649445,0.9975369572639465,0.6522167325019836
YGR123C,YDR486C,0,-5.5410657,0.13261297345161438,0.9975369572639465,0.6524630784988403
YKR090W,YAL009W,0,-5.541794,0.1325695514678955,0.9975369572639465,0.6527093648910522
YHR102W,YDR244W,0,-5.5428996,0.13252617418766022,0.9975369572639465,0.6529556512832642
YER040W,YHR204W,0,-5.5429864,0.13248282670974731,0.9975369572639465,0.6532019972801208
YDR142C,YBR294W,0,-5.5430284,0.1324395090341568,0.9975369572639465,0.6534482836723328
YMR207C,YFR024C-A,0,-5.5433755,0.13239620625972748,0.9975369572639465,0.6536945700645447
YOR269W,YOR187W,0,-5.543388,0.13235294818878174,0.9975369572639465,0.6539409160614014
YDR062W,YCR106W,0,-5.543755,0.1323097050189972,0.9975369572639465,0.6541872024536133
YMR138W,YJL039C,0,-5.544778,0.13226649165153503,0.9975369572639465,0.6544334888458252
YDR075W,YOL004W,0,-5.5453415,0.13222330808639526,0.9975369572639465,0.6546797752380371
YGR230W,YOR126C,0,-5.545412,0.13218015432357788,0.9975369572639465,0.6549261212348938
YDR302W,YPL159C,0,-5.54647,0.13213703036308289,0.9975369572639465,0.6551724076271057
YML051W,YDR501W,0,-5.547791,0.13209393620491028,0.9975369572639465,0.6554186940193176
YGL153W,YBR293W,0,-5.547936,0.13205085694789886,0.9975369572639465,0.6556650400161743
YPL110C,YGL207W,0,-5.548122,0.13200782239437103,0.9975369572639465,0.6559113264083862
YOR073W,YBR172C,0,-5.5484786,0.1319648027420044,0.9975369572639465,0.6561576128005981
YPR162C,YLR292C,0,-5.5491185,0.13192182779312134,0.9975369572639465,0.6564039587974548
YBL026W,YCL063W,0,-5.54916,0.13187886774539948,0.9975369572639465,0.6566502451896667
YHR102W,YFR024C-A,0,-5.549639,0.1318359375,0.9975369572639465,0.6568965315818787
YKR079C,YER093C,0,-5.5496693,0.1317930370569229,0.9975369572639465,0.6571428775787354
YBR276C,YDR465C,0,-5.5516467,0.1317501664161682,0.9975369572639465,0.6573891639709473
YML010W,YIR012W,0,-5.5518746,0.1317073106765747,0.9975369572639465,0.6576354503631592
YGR171C,YJL104W,0,-5.5530024,0.13166449964046478,0.9975369572639465,0.6578817963600159
YMR299C,YGL092W,0,-5.5537744,0.13162170350551605,0.9975369572639465,0.6581280827522278
YGR264C,YNL160W,0,-5.5539303,0.1315789520740509,0.9975369572639465,0.6583743691444397
YCL035C,YJL045W,0,-5.554307,0.13153621554374695,0.9975369572639465,0.6586207151412964
YLR133W,YNL197C,0,-5.554524,0.13149350881576538,0.9975369572639465,0.6588670015335083
YLR363C,YOL004W,0,-5.5565534,0.1314508318901062,0.9975369572639465,0.6591132879257202
YLR321C,YER100W,0,-5.5569715,0.13140816986560822,0.9975369572639465,0.6593596339225769
YKR085C,YGR090W,0,-5.557327,0.1313655525445938,0.9975369572639465,0.6596059203147888
YOR153W,YAL043C,0,-5.557478,0.1313229501247406,0.9975369572639465,0.6598522067070007
YGL093W,YBR006W,0,-5.557526,0.13128039240837097,0.9975369572639465,0.6600984930992126
YDR337W,YGR171C,0,-5.5575423,0.13123784959316254,0.9975369572639465,0.6603448390960693
YHR133C,YGL044C,0,-5.5600004,0.1311953365802765,0.9975369572639465,0.6605911254882812
YDL036C,YDR293C,0,-5.561475,0.13115285336971283,0.9975369572639465,0.6608374118804932
YMR281W,YDL033C,0,-5.5616326,0.13111038506031036,0.9975369572639465,0.6610837578773499
YKL204W,YKR060W,0,-5.5619745,0.13106796145439148,0.9975369572639465,0.6613300442695618
YJL121C,YCR042C,0,-5.562611,0.1310255527496338,0.9975369572639465,0.6615763306617737
YPL194W,YDR002W,0,-5.56424,0.13098318874835968,0.9975369572639465,0.6618226766586304
YGL037C,YHR135C,0,-5.564256,0.13094083964824677,0.9975369572639465,0.6620689630508423
YLR350W,YDL130W,0,-5.5644565,0.13089852035045624,0.9975369572639465,0.6623152494430542
YER164W,YIL052C,0,-5.5644736,0.1308562159538269,0.9975369572639465,0.6625615954399109
YNR034W,YJL045W,0,-5.564491,0.13081395626068115,0.9975369572639465,0.6628078818321228
YJL039C,YIL052C,0,-5.5647845,0.1307717114686966,0.9975369572639465,0.6630541682243347
YKL204W,YBR199W,0,-5.5648003,0.13072949647903442,0.9975369572639465,0.6633005142211914
YHR114W,YDR190C,0,-5.565152,0.13068731129169464,0.9975369572639465,0.6635468006134033
YJL201W,YGR171C,0,-5.5658264,0.13064515590667725,0.9975369572639465,0.6637930870056152
YNR008W,YPL175W,0,-5.5659833,0.13060303032398224,0.9975369572639465,0.6640394330024719
YDL161W,YJR140C,0,-5.5678606,0.13056093454360962,0.9975369572639465,0.6642857193946838
YKL048C,YML105C,0,-5.568158,0.1305188536643982,0.9975369572639465,0.6645320057868958
YDL209C,YDR005C,0,-5.5691037,0.13047680258750916,0.9975369572639465,0.6647783517837524
YGR230W,YDR498C,0,-5.5691576,0.1304347813129425,0.9975369572639465,0.6650246381759644
YGR095C,YPL032C,0,-5.569691,0.13039278984069824,0.9975369572639465,0.6652709245681763
YOR123C,YOL034W,0,-5.5703864,0.13035082817077637,0.9975369572639465,0.665517270565033
YLR256W,YER038C,0,-5.5707603,0.13030888140201569,0.9975369572639465,0.6657635569572449
YDL111C,YDR247W,0,-5.570929,0.1302669644355774,0.9975369572639465,0.6660098433494568
YBR283C,YJL109C,0,-5.5710335,0.1302250772714615,0.9975369572639465,0.6662561297416687
YBL082C,YHR133C,0,-5.57143,0.13018321990966797,0.9975369572639465,0.6665024757385254
YPL135W,YOR368W,0,-5.5717053,0.13014139235019684,0.9975369572639465,0.6667487621307373
YHR077C,YBR171W,0,-5.5721135,0.1300995796918869,0.9975369572639465,0.6669950485229492
YHR072W,YGL113W,0,-5.573131,0.13005779683589935,0.9975369572639465,0.6672413945198059
YOR159C,YML041C,0,-5.57363,0.13001605868339539,0.9975369572639465,0.6674876809120178
YCR008W,YGR020C,0,-5.574158,0.12997432053089142,0.9975369572639465,0.6677339673042297
YBL082C,YML008C,0,-5.575852,0.12993262708187103,0.9975369572639465,0.6679803133010864
YOR298C-A,YMR149W,0,-5.577199,0.12989094853401184,0.9975369572639465,0.6682265996932983
YPR016C,YFL037W,0,-5.577322,0.12984931468963623,0.9975369572639465,0.6684728860855103
YPR020W,YMR322C,0,-5.5775647,0.12980769574642181,0.9975369572639465,0.6687192320823669
YMR214W,YOR073W,0,-5.5777225,0.12976610660552979,0.9975369572639465,0.6689655184745789
YBR286W,YPR139C,0,-5.578136,0.12972453236579895,0.9975369572639465,0.6692118048667908
YBR119W,YDR137W,0,-5.578825,0.1296830028295517,0.9975369572639465,0.6694581508636475
YKL008C,YNL016W,0,-5.5812545,0.12964148819446564,0.9975369572639465,0.6697044372558594
YJL201W,YBR294W,0,-5.581656,0.12960000336170197,0.9975369572639465,0.6699507236480713
YLR110C,YGL048C,0,-5.5817466,0.12955854833126068,0.9975369572639465,0.670197069644928
YDR364C,YOL009C,0,-5.582097,0.1295171082019806,0.9975369572639465,0.6704433560371399
YOL117W,YJL069C,0,-5.5833497,0.1294756978750229,0.9975369572639465,0.6706896424293518
YLR166C,YJL069C,0,-5.583779,0.12943431735038757,0.9975369572639465,0.6709359884262085
YDR298C,YDL005C,0,-5.585141,0.12939296662807465,0.9975369572639465,0.6711822748184204
YER020W,YPL224C,0,-5.5856977,0.1293516457080841,0.9975369572639465,0.6714285612106323
YBR057C,YOR308C,0,-5.586658,0.12931033968925476,0.9975369572639465,0.6716748476028442
YJR060W,YHR204W,0,-5.586834,0.129269078373909,0.9975369572639465,0.6719211935997009
YBR109C,YJR021C,0,-5.5869145,0.12922781705856323,0.9975369572639465,0.6721674799919128
YHR058C,YGR199W,0,-5.5873485,0.12918660044670105,0.9975369572639465,0.6724137663841248
YGL173C,YNL074C,0,-5.587627,0.12914541363716125,0.9975369572639465,0.6726601123809814
YEL063C,YJR060W,0,-5.588247,0.12910424172878265,0.9975369572639465,0.6729063987731934
YKR035W-A,YDR302W,0,-5.5899234,0.12906309962272644,0.9975369572639465,0.6731526851654053
YAL034W-A,YGL049C,0,-5.590096,0.12902198731899261,0.9975369572639465,0.673399031162262
YDL231C,YBR119W,0,-5.590343,0.12898088991641998,0.9975369572639465,0.6736453175544739
YNL239W,YAL034W-A,0,-5.590384,0.12893982231616974,0.9975369572639465,0.6738916039466858
YOL009C,YDR208W,0,-5.590751,0.12889878451824188,0.9975369572639465,0.6741379499435425
YMR264W,YCL063W,0,-5.591717,0.1288577765226364,0.9975369572639465,0.6743842363357544
YDR140W,YMR079W,0,-5.592056,0.12881679832935333,0.9975369572639465,0.6746305227279663
YDL166C,YBR294W,0,-5.5922966,0.12877583503723145,0.9975369572639465,0.674876868724823
YNL166C,YBL024W,0,-5.593082,0.12873490154743195,0.9975369572639465,0.6751231551170349
YBL016W,YIL122W,0,-5.593379,0.12869399785995483,0.9975369572639465,0.6753694415092468
YDR163W,YER029C,0,-5.593408,0.12865310907363892,0.9975369572639465,0.6756157875061035
YMR177W,YGR123C,0,-5.5946803,0.12861226499080658,0.9975369572639465,0.6758620738983154
YGR156W,YMR156C,0,-5.5947604,0.12857143580913544,0.9975369572639465,0.6761083602905273
YKL141W,YLR277C,0,-5.595102,0.1285306215286255,0.9975369572639465,0.676354706287384
YLR117C,YFL003C,0,-5.595938,0.12848985195159912,0.9975369572639465,0.676600992679596
YOR130C,YKR008W,0,-5.5959945,0.12844909727573395,0.9975369572639465,0.6768472790718079
YGR056W,YBL055C,0,-5.5960526,0.12840837240219116,0.9975369572639465,0.6770936250686646
YGL029W,YDR486C,0,-5.5967593,0.12836767733097076,0.9975369572639465,0.6773399114608765
YNL270C,YLR114C,0,-5.597837,0.12832699716091156,0.9975369572639465,0.6775861978530884
YDL231C,YOR020C,0,-5.597962,0.12828634679317474,0.9975369572639465,0.6778324842453003
YGR101W,YPR088C,0,-5.5990334,0.12824572622776031,0.9975369572639465,0.678078830242157
YNR074C,YDR486C,0,-5.599278,0.12820513546466827,0.9975369572639465,0.6783251166343689
YML004C,YPR102C,0,-5.5994973,0.12816455960273743,0.9975369572639465,0.6785714030265808
YLR176C,YDR395W,0,-5.6001153,0.12812401354312897,0.9975369572639465,0.6788177490234375
YNL268W,YML109W,0,-5.6003118,0.1280834972858429,0.9975369572639465,0.6790640354156494
YNL223W,YKL143W,0,-5.6003556,0.12804299592971802,0.9975369572639465,0.6793103218078613
YPR020W,YDR364C,0,-5.6006026,0.12800252437591553,0.9975369572639465,0.679556667804718
YBR068C,YLR166C,0,-5.601587,0.12796208262443542,0.9975369572639465,0.6798029541969299
YNL090W,YML124C,0,-5.6018424,0.1279216706752777,0.9975369572639465,0.6800492405891418
YBR297W,YPR143W,0,-5.601927,0.1278812736272812,0.9975369572639465,0.6802955865859985
YKR035W-A,YGR281W,0,-5.602345,0.12784090638160706,0.9975369572639465,0.6805418729782104
YOR156C,YNL330C,0,-5.6023936,0.1278005689382553,0.9975369572639465,0.6807881593704224
YCR042C,YHR135C,0,-5.6026654,0.12776024639606476,0.9975369572639465,0.681034505367279
YPL060W,YOR288C,0,-5.6028476,0.1277199685573578,0.9975369572639465,0.681280791759491
YMR156C,YML109W,0,-5.603026,0.12767969071865082,0.9975369572639465,0.6815270781517029
YAL029C,YAR003W,0,-5.6034627,0.12763945758342743,0.9975369572639465,0.6817734241485596
YMR296C,YGL244W,0,-5.6040783,0.12759923934936523,0.9975369572639465,0.6820197105407715
YBR081C,YAR003W,0,-5.604196,0.12755905091762543,0.9975369572639465,0.6822659969329834
YDR299W,YDR414C,0,-5.604206,0.127518892288208,0.9975369572639465,0.6825123429298401
YDR302W,YDL006W,0,-5.6044965,0.12747874855995178,0.9975369572639465,0.682758629322052
YNR013C,YBR154C,0,-5.60534,0.12743863463401794,0.9975369572639465,0.6830049157142639
YKR079C,YPR125W,0,-5.6062684,0.1273985505104065,0.9975369572639465,0.6832512021064758
YBR200W,YMR268C,0,-5.60648,0.12735849618911743,0.9975369572639465,0.6834975481033325
YOR126C,YPR101W,0,-5.608623,0.12731845676898956,0.9975369572639465,0.6837438344955444
YJL090C,YDR372C,0,-5.6092677,0.12727844715118408,0.9975369572639465,0.6839901208877563
YML129C,YLR401C,0,-5.6109185,0.1272384524345398,0.9975369572639465,0.684236466884613
YKR090W,YBR172C,0,-5.610948,0.1271984875202179,0.9975369572639465,0.684482753276825
YML099C,YMR127C,0,-5.6110463,0.12715855240821838,0.9975369572639465,0.6847290396690369
YGR010W,YLR165C,0,-5.611175,0.12711864709854126,0.9975369572639465,0.6849753856658936
YLL006W,YOL034W,0,-5.611363,0.12707875669002533,0.9975369572639465,0.6852216720581055
YMR299C,YDR221W,0,-5.611459,0.1270388960838318,0.9975369572639465,0.6854679584503174
YFL036W,YER049W,0,-5.611605,0.12699906527996063,0.9975369572639465,0.6857143044471741
YJL178C,YGL124C,0,-5.611699,0.12695924937725067,0.9975369572639465,0.685960590839386
YOL054W,YNL026W,0,-5.6119456,0.1269194632768631,0.9975369572639465,0.6862068772315979
YBR221C,YBR289W,0,-5.613348,0.12687969207763672,0.9975369572639465,0.6864532232284546
YMR001C,YER049W,0,-5.613355,0.12683996558189392,0.9975369572639465,0.6866995096206665
YFR001W,YBR057C,0,-5.613381,0.12680025398731232,0.9975369572639465,0.6869457960128784
YCR082W,YLR166C,0,-5.614094,0.1267605572938919,0.9975369572639465,0.6871921420097351
YPL101W,YBR179C,0,-5.616512,0.12672090530395508,0.9975369572639465,0.687438428401947
YNL330C,YOL117W,0,-5.6184907,0.12668126821517944,0.9975369572639465,0.6876847147941589
YFR047C,YLR292C,0,-5.618496,0.126641646027565,0.9975369572639465,0.6879310607910156
YER040W,YER007W,0,-5.618589,0.12660206854343414,0.9975369572639465,0.6881773471832275
YPR186C,YBR216C,0,-5.619329,0.12656250596046448,0.9975369572639465,0.6884236335754395
YHR011W,YGL163C,0,-5.6197157,0.126522958278656,0.9975369572639465,0.6886699795722961
YBR169C,YMR243C,0,-5.6199937,0.12648344039916992,0.9975369572639465,0.6889162659645081
YJL178C,YDR028C,0,-5.620007,0.12644395232200623,0.9975369572639465,0.68916255235672
YPL224C,YKL130C,0,-5.620294,0.12640449404716492,0.9975369572639465,0.6894088387489319
YGR014W,YCL063W,0,-5.6203914,0.1263650506734848,0.9975369572639465,0.6896551847457886
YDR180W,YNL309W,0,-5.6210113,0.12632563710212708,0.9975369572639465,0.6899014711380005
YPR162C,YMR149W,0,-5.6214023,0.12628625333309174,0.9975369572639465,0.6901477575302124
YDR364C,YOR265W,0,-5.621659,0.1262468844652176,0.9975369572639465,0.6903941035270691
YMR001C,YBL024W,0,-5.622085,0.12620754539966583,0.9975369572639465,0.690640389919281
YGR246C,YPR086W,0,-5.622495,0.12616822123527527,0.9975369572639465,0.6908866763114929
YJL081C,YGR268C,0,-5.623091,0.1261289268732071,0.9975369572639465,0.6911330223083496
YBR236C,YMR092C,0,-5.623283,0.1260896623134613,0.9975369572639465,0.6913793087005615
YBR081C,YIL143C,0,-5.6233764,0.1260504275560379,0.9975369572639465,0.6916255950927734
YMR153W,YIR012W,0,-5.623906,0.1260112076997757,0.9975369572639465,0.6918719410896301
YER029C,YOL093W,0,-5.624122,0.12597200274467468,0.9975369572639465,0.692118227481842
YNR054C,YPL193W,0,-5.6241536,0.12593284249305725,0.9975369572639465,0.692364513874054
YMR235C,YLR298C,0,-5.624414,0.125893697142601,0.9975369572639465,0.6926108598709106
YHL019C,YKR008W,0,-5.624642,0.12585456669330597,0.9975369572639465,0.6928571462631226
YJL178C,YNL080C,0,-5.625635,0.1258154660463333,0.9975369572639465,0.6931034326553345
YNL223W,YGL113W,0,-5.625933,0.12577639520168304,0.9975369572639465,0.6933497786521912
YER164W,YGR281W,0,-5.6260266,0.12573735415935516,0.9975369572639465,0.6935960650444031
YOR212W,YGL145W,0,-5.62654,0.12569832801818848,0.9975369572639465,0.693842351436615
YOR304W,YGL135W,0,-5.6274447,0.12565931677818298,0.9975369572639465,0.6940886974334717
YKL191W,YDR153C,0,-5.628062,0.12562035024166107,0.9975369572639465,0.6943349838256836
YMR255W,YHR069C,0,-5.6281896,0.12558139860630035,0.9975369572639465,0.6945812702178955
YKR067W,YGR270W,0,-5.628614,0.12554246187210083,0.9975369572639465,0.6948275566101074
YNR008W,YNL026W,0,-5.6292295,0.1255035698413849,0.9975369572639465,0.6950739026069641
YGL032C,YPR016C,0,-5.629612,0.12546467781066895,0.9975369572639465,0.695320188999176
YDR299W,YKR089C,0,-5.6298203,0.12542583048343658,0.9975369572639465,0.6955664753913879
YOR367W,YDR409W,0,-5.630344,0.12538699805736542,0.9975369572639465,0.6958128213882446
YGL019W,YKL193C,0,-5.6307282,0.12534819543361664,0.9975369572639465,0.6960591077804565
YLR450W,YER007W,0,-5.632711,0.12530940771102905,0.9975369572639465,0.6963053941726685
YML110C,YOR212W,0,-5.6328073,0.12527064979076385,0.9975369572639465,0.6965517401695251
YER157W,YKR067W,0,-5.6329846,0.12523190677165985,0.9975369572639465,0.6967980265617371
YKL060C,YGR181W,0,-5.6331677,0.12519319355487823,0.9975369572639465,0.697044312953949
YDR498C,YDL042C,0,-5.633788,0.125154510140419,0.9975369572639465,0.6972906589508057
YIL128W,YOR194C,0,-5.633966,0.12511584162712097,0.9975369572639465,0.6975369453430176
YHR058C,YAL051W,0,-5.633986,0.12507720291614532,0.9975369572639465,0.6977832317352295
YLR103C,YHR102W,0,-5.6340065,0.12503859400749207,0.9975369572639465,0.6980295777320862
YLR097C,YNL113W,0,-5.6344705,0.125,0.9975369572639465,0.6982758641242981
YBL063W,YNL264C,0,-5.635684,0.12496142834424973,0.9975369572639465,0.69852215051651
YPR033C,YDR459C,0,-5.6373878,0.12492288649082184,0.9975369572639465,0.6987684965133667
YDR184C,YKL141W,0,-5.637415,0.12488436698913574,0.9975369572639465,0.6990147829055786
YDR489W,YER161C,0,-5.638352,0.12484586983919144,0.9975369572639465,0.6992610692977905
YJL090C,YPR138C,0,-5.638417,0.12480739504098892,0.9975369572639465,0.6995074152946472
YJL170C,YAL043C,0,-5.6390347,0.1247689500451088,0.9975369572639465,0.6997537016868591
YDL113C,YLR088W,0,-5.639105,0.12473051995038986,0.9975369572639465,0.699999988079071
YOR362C,YDR200C,0,-5.6396737,0.12469211965799332,0.9975369572639465,0.7002463340759277
YKL060C,YLR256W,0,-5.6399236,0.12465374171733856,0.9975369572639465,0.7004926204681396
YBL016W,YGL145W,0,-5.6441555,0.1246153861284256,0.9975369572639465,0.7007389068603516
YMR014W,YDL166C,0,-5.644875,0.12457705289125443,0.9975369572639465,0.7009851932525635
YMR281W,YMR060C,0,-5.6449475,0.12453874200582504,0.9975369572639465,0.7012315392494202
YBR010W,YDR025W,0,-5.645099,0.12450046092271805,0.9975369572639465,0.7014778256416321
YGL245W,YML105C,0,-5.645122,0.12446220219135284,0.9975369572639465,0.701724112033844
YPL129W,YKR079C,0,-5.6453013,0.12442396581172943,0.9975369572639465,0.7019704580307007
YOR355W,YJL087C,0,-5.6460032,0.12438575178384781,0.9975369572639465,0.7022167444229126
YLR238W,YDR487C,0,-5.6464753,0.12434756010770798,0.9975369572639465,0.7024630308151245
YOR239W,YDR255C,0,-5.6466384,0.12430939078330994,0.9975369572639465,0.7027093768119812
YBR154C,YHL034C,0,-5.646702,0.12427125126123428,0.9975369572639465,0.7029556632041931
YDL130W,YFL037W,0,-5.648365,0.12423312664031982,0.9975369572639465,0.703201949596405
YGR171C,YIR018W,0,-5.6501303,0.12419503182172775,0.9975369572639465,0.7034482955932617
YER040W,YGL153W,0,-5.6502423,0.12415695935487747,0.9975369572639465,0.7036945819854736
YJL020C,YDR459C,0,-5.650293,0.12411890923976898,0.9975369572639465,0.7039408683776855
YNR002C,YDR422C,0,-5.651729,0.12408088147640228,0.9975369572639465,0.7041872143745422
YDR208W,YMR156C,0,-5.652154,0.12404287606477737,0.9975369572639465,0.7044335007667542
YBL035C,YKR025W,0,-5.6524763,0.12400490045547485,0.9975369572639465,0.7046797871589661
YLL015W,YIL035C,0,-5.6532273,0.12396693974733353,0.9975369572639465,0.7049261331558228
YDL036C,YLR005W,0,-5.653314,0.12392900884151459,0.9975369572639465,0.7051724195480347
YPL101W,YNR034W,0,-5.6544123,0.12389110028743744,0.9975369572639465,0.7054187059402466
YKL130C,YOR194C,0,-5.65445,0.12385321408510208,0.9975369572639465,0.7056650519371033
YHR193C,YJL039C,0,-5.6550226,0.12381535023450851,0.9975369572639465,0.7059113383293152
YFR001W,YGL227W,0,-5.6552033,0.12377750873565674,0.9975369572639465,0.7061576247215271
YPR104C,YMR273C,0,-5.6556334,0.12373968958854675,0.9975369572639465,0.706403911113739
YMR092C,YMR104C,0,-5.6556716,0.12370189279317856,0.9975369572639465,0.7066502571105957
YPL110C,YLR007W,0,-5.6570544,0.12366412580013275,0.9975369572639465,0.7068965435028076
YBR132C,YJL045W,0,-5.657375,0.12362637370824814,0.9975369572639465,0.7071428298950195
YOR304W,YML024W,0,-5.6578116,0.12358865141868591,0.9975369572639465,0.7073891758918762
YMR281W,YBR221C,0,-5.658726,0.12355094403028488,0.9975369572639465,0.7076354622840881
YDL033C,YJR126C,0,-5.659243,0.12351326644420624,0.9975369572639465,0.7078817486763
YCL035C,YLR427W,0,-5.6593423,0.12347561120986938,0.9975369572639465,0.7081280946731567
YPR104C,YOR355W,0,-5.6594768,0.12343797832727432,0.9975369572639465,0.7083743810653687
YPL212C,YNL088W,0,-5.6595354,0.12340036779642105,0.9975369572639465,0.7086206674575806
YLR103C,YML004C,0,-5.660047,0.12336277961730957,0.9975369572639465,0.7088670134544373
YDR072C,YFR003C,0,-5.6602407,0.12332521378993988,0.9975369572639465,0.7091132998466492
YLR175W,YDL229W,0,-5.6602597,0.12328767031431198,0.9975369572639465,0.7093595862388611
YJL041W,YKL141W,0,-5.6635194,0.12325014919042587,0.9975369572639465,0.7096059322357178
YMR037C,YDR243C,0,-5.6646276,0.12321265786886215,0.9975369572639465,0.7098522186279297
YJL039C,YKR025W,0,-5.665196,0.12317518144845963,0.9975369572639465,0.7100985050201416
YOR253W,YGL066W,0,-5.665615,0.12313773483037949,0.9975369572639465,0.7103448510169983
YJL133W,YFR048W,0,-5.6656423,0.12310030311346054,0.9975369572639465,0.7105911374092102
YDR364C,YDR148C,0,-5.6661706,0.12306290119886398,0.9975369572639465,0.7108374238014221
YGR028W,YPL129W,0,-5.6661887,0.12302551418542862,0.9975369572639465,0.7110837697982788
YKL191W,YGR010W,0,-5.666413,0.12298815697431564,0.9975369572639465,0.7113300561904907
YBR068C,YBR290W,0,-5.666623,0.12295082211494446,0.9975369572639465,0.7115763425827026
YOR304W,YIL121W,0,-5.6667767,0.12291350215673447,0.9975369572639465,0.7118226885795593
YDR153C,YOL004W,0,-5.667985,0.12287621200084686,0.9975369572639465,0.7120689749717712
YDL069C,YDR477W,0,-5.668799,0.12283894419670105,0.9975369572639465,0.7123152613639832
YDR195W,YDR166C,0,-5.6695266,0.12280169874429703,0.9975369572639465,0.7125615477561951
YHR166C,YLR450W,0,-5.6708217,0.1227644756436348,0.9975369572639465,0.7128078937530518
YIL044C,YKR060W,0,-5.670832,0.12272727489471436,0.9975369572639465,0.7130541801452637
YNL091W,YOL004W,0,-5.671758,0.1226900964975357,0.9975369572639465,0.7133004665374756
YAL038W,YJR135W-A,0,-5.6722727,0.12265294045209885,0.9975369572639465,0.7135468125343323
YPL155C,YLR328W,0,-5.6727037,0.12261580675840378,0.9975369572639465,0.7137930989265442
YDR298C,YBR275C,0,-5.673533,0.1225786954164505,0.9975369572639465,0.7140393853187561
YOR253W,YAL043C,0,-5.6735783,0.12254160642623901,0.9975369572639465,0.7142857313156128
YKR050W,YER093C,0,-5.6757255,0.12250453978776932,0.9975369572639465,0.7145320177078247
YGR101W,YBR218C,0,-5.678447,0.12246749550104141,0.9975369572639465,0.7147783041000366
YDR394W,YBR172C,0,-5.679218,0.1224304735660553,0.9975369572639465,0.7150246500968933
YKL204W,YPR138C,0,-5.6795044,0.12239347398281097,0.9975369572639465,0.7152709364891052
YPL194W,YKR057W,0,-5.6808915,0.12235649675130844,0.9975369572639465,0.7155172228813171
YPL212C,YBL055C,0,-5.6813645,0.1223195418715477,0.9975369572639465,0.7157635688781738
YGL044C,YAR042W,0,-5.68188,0.12228260934352875,0.9975369572639465,0.7160098552703857
YNL251C,YOL143C,0,-5.6826863,0.12224569916725159,0.9975369572639465,0.7162561416625977
YJL167W,YAL029C,0,-5.683132,0.12220881134271622,0.9975369572639465,0.7165024876594543
YDL209C,YKL166C,0,-5.683666,0.12217194586992264,0.9975369572639465,0.7167487740516663
YJL020C,YGL092W,0,-5.6838655,0.12213510274887085,0.9975369572639465,0.7169950604438782
YPL269W,YDL120W,0,-5.684686,0.12209828197956085,0.9975369572639465,0.7172414064407349
YLR023C,YAL029C,0,-5.685205,0.12206148356199265,0.9975369572639465,0.7174876928329468
YNL080C,YPR070W,0,-5.685591,0.12202470749616623,0.9975369572639465,0.7177339792251587
YDR353W,YNL154C,0,-5.686374,0.1219879537820816,0.9975369572639465,0.7179803252220154
YDL161W,YDR243C,0,-5.6868043,0.12195122241973877,0.9975369572639465,0.7182266116142273
YLR438C-A,YKR086W,0,-5.686809,0.12191450595855713,0.9975369572639465,0.7184728980064392
YPR181C,YJR046W,0,-5.6876884,0.12187781929969788,0.9975369572639465,0.7187191843986511
YER065C,YDR078C,0,-5.687825,0.12184115499258041,0.9975369572639465,0.7189655303955078
YBR298C,YCR042C,0,-5.687881,0.12180451303720474,0.9975369572639465,0.7192118167877197
YBR169C,YDR486C,0,-5.6880693,0.12176788598299026,0.9975369572639465,0.7194581031799316
YKL114C,YMR101C,0,-5.689371,0.12173128873109818,0.9975369572639465,0.7197044491767883
YPL193W,YMR273C,0,-5.6898446,0.12169471383094788,0.9975369572639465,0.7199507355690002
YNL166C,YHR206W,0,-5.6899714,0.12165815383195877,0.9975369572639465,0.7201970219612122
YNL066W,YDR486C,0,-5.6907063,0.12162162363529205,0.9975369572639465,0.7204433679580688
YDL231C,YKR020W,0,-5.691775,0.12158510833978653,0.9975369572639465,0.7206896543502808
YER083C,YFL037W,0,-5.692259,0.1215486228466034,0.9975369572639465,0.7209359407424927
YGR036C,YLL022C,0,-5.693062,0.12151215225458145,0.9975369572639465,0.7211822867393494
YIR023W,YHR082C,0,-5.6933093,0.1214757040143013,0.9975369572639465,0.7214285731315613
YDR394W,YOR194C,0,-5.695062,0.12143927812576294,0.9975369572639465,0.7216748595237732
YDL111C,YDL084W,0,-5.6956625,0.12140287458896637,0.9975369572639465,0.7219212055206299
YGR036C,YMR156C,0,-5.695817,0.12136649340391159,0.9975369572639465,0.7221674919128418
YEL063C,YPR104C,0,-5.696267,0.1213301345705986,0.9975369572639465,0.7224137783050537
YPL101W,YBR218C,0,-5.6969323,0.1212937980890274,0.9975369572639465,0.7226601243019104
YOR033C,YBR171W,0,-5.698753,0.121257483959198,0.9975369572639465,0.7229064106941223
YHR077C,YDR091C,0,-5.701281,0.12122119218111038,0.9975369572639465,0.7231526970863342
YOL009C,YLR254C,0,-5.7022576,0.12118492275476456,0.9975369572639465,0.7233990430831909
YOL068C,YPL175W,0,-5.703242,0.12114866822957993,0.9975369572639465,0.7236453294754028
YDR337W,YKR090W,0,-5.7032943,0.12111244350671768,0.9975369572639465,0.7238916158676147
YJR140C,YLR259C,0,-5.70358,0.12107623368501663,0.9975369572639465,0.7241379022598267
YGR142W,YGR156W,0,-5.703643,0.12104004621505737,0.9975369572639465,0.7243842482566833
YER020W,YOR073W,0,-5.704313,0.1210038810968399,0.9975369572639465,0.7246305346488953
YEL063C,YDR339C,0,-5.7044473,0.12096773833036423,0.9975369572639465,0.7248768210411072
YMR072W,YDR163W,0,-5.704531,0.12093161791563034,0.9975369572639465,0.7251231670379639
YBR109C,YGL093W,0,-5.7048793,0.12089551985263824,0.9975369572639465,0.7253694534301758
YNL268W,YJR110W,0,-5.705012,0.12085944414138794,0.9975369572639465,0.7256157398223877
YMR264W,YLR355C,0,-5.7059083,0.12082339078187943,0.9975369572639465,0.7258620858192444
YIL035C,YJL090C,0,-5.7063313,0.1207873523235321,0.9975369572639465,0.7261083722114563
YDR409W,YGR281W,0,-5.707477,0.12075134366750717,0.9975369572639465,0.7263546586036682
YLR133W,YOL143C,0,-5.707956,0.12071534991264343,0.9975369572639465,0.7266010046005249
YPR200C,YML129C,0,-5.710104,0.12067937850952148,0.9975369572639465,0.7268472909927368
YKR095W,YKR089C,0,-5.7115836,0.12064342945814133,0.9975369572639465,0.7270935773849487
YDR005C,YNR015W,0,-5.7122045,0.12060750275850296,0.9975369572639465,0.7273399233818054
YLR328W,YBR289W,0,-5.716001,0.12057159841060638,0.9975369572639465,0.7275862097740173
YJL091C,YLR008C,0,-5.716763,0.1205357164144516,0.9975369572639465,0.7278324961662292
YDR459C,YBR293W,0,-5.7172046,0.12049984931945801,0.9975369572639465,0.7280788421630859
YBR133C,YOR148C,0,-5.717564,0.1204640120267868,0.9975369572639465,0.7283251285552979
YCL035C,YNL082W,0,-5.7176194,0.1204281896352768,0.9975369572639465,0.7285714149475098
YGR264C,YGR090W,0,-5.717829,0.12039238959550858,0.9975369572639465,0.7288177609443665
YFL023W,YHR074W,0,-5.7183585,0.12035661190748215,0.9975369572639465,0.7290640473365784
YKR067W,YDR297W,0,-5.7211967,0.12032085657119751,0.9975369572639465,0.7293103337287903
YPR124W,YPR125W,0,-5.721207,0.12028512358665466,0.9975369572639465,0.729556679725647
YBR297W,YKR014C,0,-5.7212434,0.12024940550327301,0.9975369572639465,0.7298029661178589
YOL009C,YMR127C,0,-5.721394,0.12021370977163315,0.9975369572639465,0.7300492525100708
YIL044C,YMR092C,0,-5.721709,0.12017804384231567,0.9975369572639465,0.7302955389022827
YHR193C,YLR008C,0,-5.722074,0.1201423928141594,0.9975369572639465,0.7305418848991394
YPL060W,YER100W,0,-5.7230325,0.1201067641377449,0.9975369572639465,0.7307881712913513
YPR081C,YDR200C,0,-5.7234497,0.12007115036249161,0.9975369572639465,0.7310344576835632
YBL035C,YDL153C,0,-5.724949,0.1200355663895607,0.9975369572639465,0.7312808036804199
YKR086W,YNL154C,0,-5.726606,0.11999999731779099,0.9975369572639465,0.7315270900726318
YKR035W-A,YDL040C,0,-5.7269025,0.11996445804834366,0.9975369572639465,0.7317733764648438
YLR197W,YJR126C,0,-5.7279162,0.11992893368005753,0.9975369572639465,0.7320197224617004
YLR399C,YCR042C,0,-5.728396,0.11989343166351318,0.9975369572639465,0.7322660088539124
YMR092C,YBR179C,0,-5.7285,0.11985794454813004,0.9975369572639465,0.7325122952461243
YDR255C,YBR228W,0,-5.728938,0.11982248723506927,0.9975369572639465,0.732758641242981
YLR007W,YMR268C,0,-5.729693,0.11978704482316971,0.9975369572639465,0.7330049276351929
YKL085W,YDR190C,0,-5.7303805,0.11975162476301193,0.9975369572639465,0.7332512140274048
YMR214W,YPL029W,0,-5.7305727,0.11971622705459595,0.9975369572639465,0.7334975600242615
YCR024C-A,YGL207W,0,-5.7305894,0.11968085169792175,0.9975369572639465,0.7337438464164734
YNL080C,YOL034W,0,-5.731846,0.11964549124240875,0.9975369572639465,0.7339901328086853
YJL039C,YFR031C,0,-5.7319083,0.11961016058921814,0.9975369572639465,0.734236478805542
YJL090C,YJR021C,0,-5.7319283,0.11957484483718872,0.9975369572639465,0.7344827651977539
YDL220C,YER040W,0,-5.732088,0.11953955143690109,0.9975369572639465,0.7347290515899658
YER157W,YBR293W,0,-5.732236,0.11950428038835526,0.9975369572639465,0.7349753975868225
YLR321C,YKR072C,0,-5.7334228,0.11946902424097061,0.9975369572639465,0.7352216839790344
YMR268C,YDL120W,0,-5.7336473,0.11943379789590836,0.9975369572639465,0.7354679703712463
YDR363W,YDL120W,0,-5.7340264,0.1193985864520073,0.9975369572639465,0.7357142567634583
YLR207W,YDR002W,0,-5.734028,0.11936339735984802,0.9975369572639465,0.7359606027603149
YOR236W,YAL042W,0,-5.7341685,0.11932822316884995,0.9975369572639465,0.7362068891525269
YLR450W,YLR182W,0,-5.735125,0.11929307878017426,0.9975369572639465,0.7364531755447388
YGR202C,YBL035C,0,-5.7364936,0.11925794929265976,0.9975369572639465,0.7366995215415955
YPL051W,YCR008W,0,-5.73718,0.11922284215688705,0.9975369572639465,0.7369458079338074
YPR143W,YDR293C,0,-5.7375846,0.11918775737285614,0.9975369572639465,0.7371920943260193
YNR002C,YMR146C,0,-5.7379894,0.11915269494056702,0.9975369572639465,0.737438440322876
YPL075W,YPR033C,0,-5.73817,0.11911764740943909,0.9975369572639465,0.7376847267150879
YMR156C,YBR006W,0,-5.741499,0.11908262223005295,0.9975369572639465,0.7379310131072998
YPR031W,YOR261C,0,-5.742458,0.1190476194024086,0.9975369572639465,0.7381773591041565
YHR084W,YML021C,0,-5.742548,0.11901263892650604,0.9975369572639465,0.7384236454963684
YOR362C,YOL004W,0,-5.742686,0.11897767335176468,0.9975369572639465,0.7386699318885803
YBL090W,YAL051W,0,-5.743484,0.1189427301287651,0.9975369572639465,0.738916277885437
YNL280C,YPL029W,0,-5.744205,0.11890780925750732,0.9975369572639465,0.7391625642776489
YOR056C,YKR079C,0,-5.7443037,0.11887291073799133,0.9975369572639465,0.7394088506698608
YFR024C-A,YPR125W,0,-5.7447886,0.11883802711963654,0.9975369572639465,0.7396551966667175
YBR057C,YGL153W,0,-5.7452483,0.11880316585302353,0.9975369572639465,0.7399014830589294
YGR262C,YOR073W,0,-5.7456098,0.11876832693815231,0.9975369572639465,0.7401477694511414
YGR268C,YJL069C,0,-5.7471733,0.11873351037502289,0.9975369572639465,0.740394115447998
YJR025C,YJL184W,0,-5.7473187,0.11869870871305466,0.9975369572639465,0.74064040184021
YDR140W,YOR130C,0,-5.747416,0.11866392940282822,0.9975369572639465,0.7408866882324219
YBL063W,YER029C,0,-5.7475038,0.11862917244434357,0.9975369572639465,0.7411330342292786
YPL221W,YDR208W,0,-5.7481613,0.11859443783760071,0.9975369572639465,0.7413793206214905
YBR109C,YFL037W,0,-5.74829,0.11855971813201904,0.9975369572639465,0.7416256070137024
YIL128W,YJL133W,0,-5.748841,0.11852502077817917,0.9975369572639465,0.7418718934059143
YNL326C,YMR243C,0,-5.7498636,0.11849034577608109,0.9975369572639465,0.742118239402771
YBR297W,YJR046W,0,-5.751447,0.1184556856751442,0.9975369572639465,0.7423645257949829
YPR101W,YOR148C,0,-5.752724,0.1184210553765297,0.9975369572639465,0.7426108121871948
YLR450W,YMR096W,0,-5.754215,0.11838643997907639,0.9975369572639465,0.7428571581840515
YCL035C,YLR090W,0,-5.7547297,0.11835183948278427,0.9975369572639465,0.7431034445762634
YDL069C,YDR486C,0,-5.755243,0.11831726878881454,0.9975369572639465,0.7433497309684753
YGR262C,YDR498C,0,-5.755367,0.11828271299600601,0.9975369572639465,0.743596076965332
YGR267C,YKR086W,0,-5.7555757,0.11824817210435867,0.9975369572639465,0.743842363357544
YNL251C,YMR243C,0,-5.7558475,0.11821366101503372,0.9975369572639465,0.7440886497497559
YLL022C,YPR016C,0,-5.7562613,0.11817916482686996,0.9975369572639465,0.7443349957466125
YPR131C,YDR142C,0,-5.756758,0.118144690990448,0.9975369572639465,0.7445812821388245
YKR085C,YGL207W,0,-5.758233,0.11811023950576782,0.9975369572639465,0.7448275685310364
YBL024W,YHR133C,0,-5.7593346,0.11807580292224884,0.9975369572639465,0.7450739145278931
YNL090W,YNL088W,0,-5.760613,0.11804138869047165,0.9975369572639465,0.745320200920105
YJL090C,YGL073W,0,-5.761111,0.11800698935985565,0.9975369572639465,0.7455664873123169
YOR123C,YOR145C,0,-5.7612095,0.11797261983156204,0.9975369572639465,0.7458128333091736
YDR375C,YKR089C,0,-5.761758,0.11793826520442963,0.9975369572639465,0.7460591197013855
YIL160C,YDR247W,0,-5.7629952,0.117903932929039,0.9975369572639465,0.7463054060935974
YFL048C,YNL309W,0,-5.76318,0.11786961555480957,0.9975369572639465,0.7465517520904541
YMR235C,YNL160W,0,-5.763203,0.11783532053232193,0.9975369572639465,0.746798038482666
YPL221W,YOL044W,0,-5.763894,0.11780104786157608,0.9975369572639465,0.7470443248748779
YHL034C,YOR194C,0,-5.7639008,0.11776679009199142,0.9975369572639465,0.7472906112670898
YOR288C,YBR283C,0,-5.7641664,0.11773255467414856,0.9975369572639465,0.7475369572639465
YML099C,YGR262C,0,-5.7646804,0.11769834160804749,0.9975369572639465,0.7477832436561584
YGR010W,YHL034C,0,-5.7651653,0.1176641508936882,0.9975369572639465,0.7480295300483704
YKL201C,YOR367W,0,-5.7653728,0.11762997508049011,0.9975369572639465,0.748275876045227
YEL063C,YBR198C,0,-5.767848,0.11759582161903381,0.9975369572639465,0.748522162437439
YMR153W,YIL122W,0,-5.7680545,0.11756168305873871,0.9975369572639465,0.7487684488296509
YDR137W,YKR072C,0,-5.7681794,0.1175275668501854,0.9975369572639465,0.7490147948265076
YDR075W,YDR087C,0,-5.7685523,0.11749347299337387,0.9975369572639465,0.7492610812187195
YMR038C,YJL145W,0,-5.7691197,0.11745939403772354,0.9975369572639465,0.7495073676109314
YDR361C,YKR024C,0,-5.76917,0.117425337433815,0.9975369572639465,0.7497537136077881
YER164W,YPL129W,0,-5.769591,0.11739130318164825,0.9975369572639465,0.75
YMR299C,YBR293W,0,-5.771602,0.1173572912812233,0.9975369572639465,0.7502462863922119
YNL166C,YLR238W,0,-5.7722516,0.11732329428195953,0.9975369572639465,0.7504926323890686
YDR098C,YKR095W,0,-5.772394,0.11728931218385696,0.9975369572639465,0.7507389187812805
YFR051C,YOL122C,0,-5.77484,0.11725535243749619,0.9975369572639465,0.7509852051734924
YBL026W,YGR010W,0,-5.7751336,0.1172214150428772,0.9975369572639465,0.7512315511703491
YNL223W,YOR206W,0,-5.775202,0.1171875,0.9975369572639465,0.751477837562561
YKL073W,YLR363C,0,-5.775871,0.117153599858284,0.9975369572639465,0.751724123954773
YKL015W,YGL207W,0,-5.7783117,0.11711972206830978,0.9975369572639465,0.7519704699516296
YDR277C,YNL156C,0,-5.7783237,0.11708586663007736,0.9975369572639465,0.7522167563438416
YBR068C,YOR194C,0,-5.778976,0.11705202609300613,0.9975369572639465,0.7524630427360535
YDR358W,YOR265W,0,-5.7790704,0.1170182004570961,0.9975369572639465,0.7527093887329102
YOR351C,YKL095W,0,-5.779242,0.11698440462350845,0.9975369572639465,0.7529556751251221
YER065C,YPL175W,0,-5.7813406,0.116950623691082,0.9975369572639465,0.753201961517334
YKR050W,YER100W,0,-5.781419,0.11691685765981674,0.9975369572639465,0.7534482479095459
YAL042W,YLR096W,0,-5.7825623,0.11688311398029327,0.9975369572639465,0.7536945939064026
YGR170W,YIL075C,0,-5.7827497,0.1168493926525116,0.9975369572639465,0.7539408802986145
YNR049C,YOR261C,0,-5.7835336,0.11681569367647171,0.9975369572639465,0.7541871666908264
YMR079W,YKL175W,0,-5.784761,0.11678200960159302,0.9975369572639465,0.7544335126876831
YCR082W,YHR166C,0,-5.7854514,0.11674834042787552,0.9975369572639465,0.754679799079895
YPR031W,YBL035C,0,-5.7862573,0.11671470105648041,0.9975369572639465,0.7549260854721069
YBR236C,YJR021C,0,-5.7867312,0.1166810691356659,0.9975369572639465,0.7551724314689636
YLR309C,YKL141W,0,-5.787475,0.11664746701717377,0.9975369572639465,0.7554187178611755
YPL135W,YLR240W,0,-5.7892184,0.11661387979984283,0.9975369572639465,0.7556650042533875
YDR459C,YKR060W,0,-5.7894845,0.1165803074836731,0.9975369572639465,0.7559113502502441
YLR370C,YKL085W,0,-5.7904205,0.11654676496982574,0.9975369572639465,0.756157636642456
YLR328W,YGR169C,0,-5.7914844,0.11651322990655899,0.9975369572639465,0.756403923034668
YER065C,YOR241W,0,-5.7928944,0.11647972464561462,0.9975369572639465,0.7566502690315247
YFR048W,YBR289W,0,-5.7938046,0.11644623428583145,0.9975369572639465,0.7568965554237366
YLR008C,YBR275C,0,-5.794047,0.11641275882720947,0.9975369572639465,0.7571428418159485
YDL115C,YDL040C,0,-5.7944393,0.11637931317090988,0.9975369572639465,0.7573891878128052
YLR276C,YNR015W,0,-5.7952943,0.11634587496519089,0.9975369572639465,0.7576354742050171
YCR082W,YLR090W,0,-5.795315,0.11631246656179428,0.9975369572639465,0.757881760597229
YJL201W,YNL014W,0,-5.7958803,0.11627907305955887,0.9975369572639465,0.7581281065940857
YPL159C,YDL111C,0,-5.7964077,0.11624569445848465,0.9975369572639465,0.7583743929862976
YKR085C,YIL038C,0,-5.796586,0.11621233820915222,0.9975369572639465,0.7586206793785095
YBR293W,YGR270W,0,-5.7971354,0.11617900431156158,0.9975369572639465,0.7588669657707214
YJL053W,YPR016C,0,-5.797296,0.11614568531513214,0.9975369572639465,0.7591133117675781
YMR037C,YMR322C,0,-5.7979193,0.11611238867044449,0.9975369572639465,0.75935959815979
YJL090C,YLL006W,0,-5.797938,0.11607910692691803,0.9975369572639465,0.759605884552002
YDL155W,YGR156W,0,-5.7981133,0.11604584753513336,0.9975369572639465,0.7598522305488586
YNL264C,YDR137W,0,-5.7989163,0.11601260304450989,0.9975369572639465,0.7600985169410706
YJR055W,YEL017C-A,0,-5.79946,0.1159793809056282,0.9975369572639465,0.7603448033332825
YPR088C,YDR247W,0,-5.8002663,0.11594618111848831,0.9975369572639465,0.7605911493301392
YOR204W,YHR072W,0,-5.801392,0.11591299623250961,0.9975369572639465,0.7608374357223511
YIL120W,YNL072W,0,-5.802503,0.11587982624769211,0.9975369572639465,0.761083722114563
YGR230W,YGR262C,0,-5.8025317,0.1158466786146164,0.9975369572639465,0.7613300681114197
YOR236W,YLR119W,0,-5.8051057,0.11581355333328247,0.9975369572639465,0.7615763545036316
YDR062W,YBR212W,0,-5.8056817,0.11578044295310974,0.9975369572639465,0.7618226408958435
YHR183W,YGR181W,0,-5.8070173,0.1157473549246788,0.9975369572639465,0.7620689868927002
YML048W,YIL144W,0,-5.8070416,0.11571428924798965,0.9975369572639465,0.7623152732849121
YLR133W,YGR264C,0,-5.8077765,0.1156812310218811,0.9975369572639465,0.762561559677124
YNL090W,YER022W,0,-5.8078036,0.11564820259809494,0.9975369572639465,0.7628079056739807
YLR293C,YDR140W,0,-5.808039,0.11561518907546997,0.9975369572639465,0.7630541920661926
YBR060C,YDR078C,0,-5.8096166,0.1155821904540062,0.9975369572639465,0.7633004784584045
YLR097C,YGL066W,0,-5.810536,0.11554921418428421,0.9975369572639465,0.7635468244552612
YLR328W,YOR153W,0,-5.811604,0.11551626026630402,0.9975369572639465,0.7637931108474731
YHR019C,YKL195W,0,-5.811936,0.11548332124948502,0.9975369572639465,0.7640393972396851
YGR199W,YDR464W,0,-5.812424,0.11545039713382721,0.9975369572639465,0.7642857432365417
YPL060W,YDR489W,0,-5.8129067,0.1154174953699112,0.9975369572639465,0.7645320296287537
YMR043W,YLR086W,0,-5.8140664,0.11538461595773697,0.9975369572639465,0.7647783160209656
YGL245W,YKL073W,0,-5.8152537,0.11535175144672394,0.9975369572639465,0.7650246024131775
YGR170W,YML032C,0,-5.816137,0.1153189092874527,0.9975369572639465,0.7652709484100342
YER007W,YLR166C,0,-5.8165708,0.11528608202934265,0.9975369572639465,0.7655172348022461
YDR375C,YMR156C,0,-5.816877,0.1152532696723938,0.9975369572639465,0.765763521194458
YDR302W,YJR135W-A,0,-5.81753,0.11522048711776733,0.9975369572639465,0.7660098671913147
YIR015W,YKL148C,0,-5.818336,0.11518771201372147,0.9975369572639465,0.7662561535835266
YNL330C,YGL022W,0,-5.8185334,0.11515495926141739,0.9975369572639465,0.7665024399757385
YGR217W,YBR119W,0,-5.819163,0.1151222288608551,0.9975369572639465,0.7667487859725952
YKL114C,YMR273C,0,-5.822884,0.11508951336145401,0.9975369572639465,0.7669950723648071
YBR212W,YDR293C,0,-5.823096,0.11505682021379471,0.9975369572639465,0.767241358757019
YHL019C,YMR197C,0,-5.82345,0.1150241419672966,0.9975369572639465,0.7674877047538757
YHR115C,YKL015W,0,-5.8249,0.11499147862195969,0.9975369572639465,0.7677339911460876
YBR060C,YMR231W,0,-5.825888,0.11495884507894516,0.9975369572639465,0.7679802775382996
YHR115C,YDR337W,0,-5.8259854,0.11492621898651123,0.9975369572639465,0.7682266235351562
YLR438C-A,YDR532C,0,-5.826471,0.11489361524581909,0.9975369572639465,0.7684729099273682
YPL101W,YMR149W,0,-5.828483,0.11486103385686874,0.9975369572639465,0.7687191963195801
YDR464W,YMR273C,0,-5.8285937,0.11482846736907959,0.9975369572639465,0.7689655423164368
YJR006W,YOR304W,0,-5.8286233,0.11479591578245163,0.9975369572639465,0.7692118287086487
YBR236C,YFR047C,0,-5.82925,0.11476338654756546,0.9975369572639465,0.7694581151008606
YML110C,YKL191W,0,-5.829451,0.11473087966442108,0.9975369572639465,0.7697044610977173
YDR323C,YKL148C,0,-5.831256,0.1146983876824379,0.9975369572639465,0.7699507474899292
YFL033C,YIL143C,0,-5.8313794,0.1146659106016159,0.9975369572639465,0.7701970338821411
YDR212W,YKR060W,0,-5.8318577,0.1146334558725357,0.9975369572639465,0.770443320274353
YMR079W,YMR273C,0,-5.8323617,0.1146010160446167,0.9975369572639465,0.7706896662712097
YJR055W,YKR020W,0,-5.832866,0.11456859856843948,0.9975369572639465,0.7709359526634216
YCR039C,YPL042C,0,-5.8331494,0.11453619599342346,0.9975369572639465,0.7711822390556335
YAL009W,YHR084W,0,-5.8336573,0.11450381577014923,0.9975369572639465,0.7714285850524902
YDR017C,YNL113W,0,-5.8351746,0.1144714504480362,0.9975369572639465,0.7716748714447021
YJL081C,YBR250W,0,-5.8390303,0.11443910747766495,0.9975369572639465,0.7719211578369141
YGR038W,YDL232W,0,-5.8392205,0.1144067794084549,0.9975369572639465,0.7721675038337708
YFR051C,YDR498C,0,-5.8402123,0.11437447369098663,0.9975369572639465,0.7724137902259827
YLR370C,YKL143W,0,-5.8412585,0.11434218287467957,0.9975369572639465,0.7726600766181946
YDL008W,YPR033C,0,-5.8424687,0.11430990695953369,0.9975369572639465,0.7729064226150513
YBR290W,YNL154C,0,-5.8425303,0.11427765339612961,0.9975369572639465,0.7731527090072632
YDR140W,YGR123C,0,-5.8429713,0.11424541473388672,0.9975369572639465,0.7733989953994751
YMR299C,YER040W,0,-5.843128,0.11421319842338562,0.9975369572639465,0.7736453413963318
YGL244W,YIR011C,0,-5.8447285,0.11418099701404572,0.9975369572639465,0.7738916277885437
YDR302W,YBL020W,0,-5.845284,0.1141488179564476,0.9975369572639465,0.7741379141807556
YDR005C,YGR038W,0,-5.8458405,0.11411665380001068,0.9975369572639465,0.7743842601776123
YAL024C,YGR024C,0,-5.8468966,0.11408450454473495,0.9975369572639465,0.7746305465698242
YDR108W,YOR261C,0,-5.8482914,0.11405237764120102,0.9975369572639465,0.7748768329620361
YGR262C,YJR021C,0,-5.848788,0.11402027308940887,0.9975369572639465,0.7751231789588928
YDR005C,YGR156W,0,-5.849362,0.11398817598819733,0.9975369572639465,0.7753694653511047
YGR171C,YPL212C,0,-5.8499103,0.11395610868930817,0.9975369572639465,0.7756157517433167
YKL143W,YPR163C,0,-5.8511662,0.1139240488409996,0.9975369572639465,0.7758620977401733
YBR057C,YJL041W,0,-5.8515716,0.11389201134443283,0.9975369572639465,0.7761083841323853
YCL038C,YDR339C,0,-5.851971,0.11385999619960785,0.9975369572639465,0.7763546705245972
YBR123C,YML021C,0,-5.852737,0.11382799595594406,0.9975369572639465,0.7766009569168091
YPL101W,YLR309C,0,-5.8528066,0.11379601061344147,0.9975369572639465,0.7768473029136658
YIL075C,YNL088W,0,-5.8532624,0.11376404762268066,0.9975369572639465,0.7770935893058777
YKL073W,YJL045W,0,-5.854034,0.11373209953308105,0.9975369572639465,0.7773398756980896
YKL195W,YGL053W,0,-5.854696,0.11370016634464264,0.9975369572639465,0.7775862216949463
YDR098C,YMR060C,0,-5.8550878,0.11366825550794601,0.9975369572639465,0.7778325080871582
YKL141W,YKL130C,0,-5.8556705,0.11363636702299118,0.9975369572639465,0.7780787944793701
YBL082C,YOR020C,0,-5.855688,0.11360448598861694,0.9975369572639465,0.7783251404762268
YNL309W,YDR485C,0,-5.8592267,0.1135726273059845,0.9975369572639465,0.7785714268684387
YNL309W,YNL197C,0,-5.859421,0.11354079097509384,0.9975369572639465,0.7788177132606506
YKL019W,YBL020W,0,-5.8600087,0.11350896954536438,0.9975369572639465,0.7790640592575073
YLR332W,YGR202C,0,-5.860151,0.11347716301679611,0.9975369572639465,0.7793103456497192
YPL075W,YDL154W,0,-5.860272,0.11344537883996964,0.9975369572639465,0.7795566320419312
YJL002C,YOL004W,0,-5.860307,0.11341360956430435,0.9975369572639465,0.7798029780387878
YBR169C,YJR046W,0,-5.860558,0.11338185518980026,0.9975369572639465,0.7800492644309998
YDR498C,YBR283C,0,-5.861077,0.11335012316703796,0.9975369572639465,0.7802955508232117
YKL073W,YOL115W,0,-5.8611064,0.11331841349601746,0.9975369572639465,0.7805418968200684
YJL121C,YHR027C,0,-5.8614297,0.11328671127557755,0.9975369572639465,0.7807881832122803
YKL048C,YKL141W,0,-5.861481,0.11325503140687943,0.9975369572639465,0.7810344696044922
YNL220W,YBR119W,0,-5.8617187,0.1132233738899231,0.9975369572639465,0.7812808156013489
YLR023C,YPL224C,0,-5.8630896,0.11319172382354736,0.9975369572639465,0.7815271019935608
YML110C,YOL093W,0,-5.863652,0.11316010355949402,0.9975369572639465,0.7817733883857727
YHR072W,YDR098C,0,-5.8637767,0.11312849074602127,0.9975369572639465,0.7820196747779846
YPR070W,YOR269W,0,-5.864681,0.11309690028429031,0.9975369572639465,0.7822660207748413
YDL069C,YCR044C,0,-5.8648458,0.11306532472372055,0.9975369572639465,0.7825123071670532
YER020W,YDR419W,0,-5.865046,0.11303377151489258,0.9975369572639465,0.7827585935592651
YER038C,YKR090W,0,-5.8652883,0.1130022332072258,0.9975369572639465,0.7830049395561218
YBR202W,YHR019C,0,-5.865661,0.11297070980072021,0.9975369572639465,0.7832512259483337
YDR108W,YDR486C,0,-5.866403,0.11293920874595642,0.9975369572639465,0.7834975123405457
YLR175W,YGR094W,0,-5.86781,0.11290772259235382,0.9975369572639465,0.7837438583374023
YGR101W,YAR003W,0,-5.8681736,0.11287625133991241,0.9975369572639465,0.7839901447296143
YER083C,YIL122W,0,-5.868543,0.1128448024392128,0.9975369572639465,0.7842364311218262
YBR293W,YPR024W,0,-5.869453,0.11281336843967438,0.9975369572639465,0.7844827771186829
YHR188C,YJL091C,0,-5.869798,0.11278195679187775,0.9975369572639465,0.7847290635108948
YHR188C,YMR273C,0,-5.869916,0.11275056004524231,0.9975369572639465,0.7849753499031067
YOR204W,YNL251C,0,-5.8705688,0.11271917819976807,0.9975369572639465,0.7852216958999634
YKL001C,YJL048C,0,-5.8707685,0.11268781125545502,0.9975369572639465,0.7854679822921753
YKL192C,YDL004W,0,-5.8716288,0.11265646666288376,0.9975369572639465,0.7857142686843872
YDR323C,YOR275C,0,-5.8716693,0.1126251369714737,0.9975369572639465,0.7859606146812439
YFR041C,YHR090C,0,-5.872038,0.11259382963180542,0.9975369572639465,0.7862069010734558
YMR207C,YNL330C,0,-5.872126,0.11256253719329834,0.9975369572639465,0.7864531874656677
YML074C,YGR202C,0,-5.872434,0.11253125965595245,0.9975369572639465,0.7866995334625244
YDR337W,YML124C,0,-5.872539,0.11249999701976776,0.9975369572639465,0.7869458198547363
YAL017W,YGR169C,0,-5.873324,0.11246875673532486,0.9975369572639465,0.7871921062469482
YDL102W,YML010W,0,-5.8735676,0.11243753135204315,0.9975369572639465,0.7874384522438049
YKL095W,YKL175W,0,-5.87375,0.11240632832050323,0.9975369572639465,0.7876847386360168
YFR024C-A,YKR025W,0,-5.874106,0.11237514019012451,0.9975369572639465,0.7879310250282288
YKL052C,YDR422C,0,-5.8750415,0.11234396696090698,0.9975369572639465,0.7881773114204407
YPL271W,YHR077C,0,-5.87544,0.11231280863285065,0.9975369572639465,0.7884236574172974
YDR394W,YGL113W,0,-5.8761272,0.1122816726565361,0.9975369572639465,0.7886699438095093
YMR073C,YLR427W,0,-5.87759,0.11225055158138275,0.9975369572639465,0.7889162302017212
YBR179C,YGR020C,0,-5.878409,0.11221945285797119,0.9975369572639465,0.7891625761985779
YGR268C,YJL039C,0,-5.880327,0.11218836903572083,0.9975369572639465,0.7894088625907898
YKL048C,YPL060W,0,-5.8804,0.11215730011463165,0.9975369572639465,0.7896551489830017
YJR060W,YKR086W,0,-5.880621,0.11212624609470367,0.9975369572639465,0.7899014949798584
YDL036C,YKL166C,0,-5.8820157,0.11209521442651749,0.9975369572639465,0.7901477813720703
YBL090W,YJL039C,0,-5.882647,0.11206419765949249,0.9975369572639465,0.7903940677642822
YNL225C,YLR321C,0,-5.8831983,0.11203319579362869,0.9975369572639465,0.7906404137611389
YDL006W,YJR046W,0,-5.88341,0.11200220882892609,0.9975369572639465,0.7908867001533508
YMR281W,YLR166C,0,-5.883455,0.11197124421596527,0.9975369572639465,0.7911329865455627
YER040W,YIL144W,0,-5.883661,0.11194030195474625,0.9975369572639465,0.7913793325424194
YMR109W,YOL125W,0,-5.884169,0.11190936714410782,0.9975369572639465,0.7916256189346313
YNL156C,YDR137W,0,-5.885655,0.11187845468521118,0.9975369572639465,0.7918719053268433
YLR008C,YMR200W,0,-5.8861785,0.11184755712747574,0.9975369572639465,0.7921182513237
YLR399C,YPR139C,0,-5.8867583,0.11181667447090149,0.9975369572639465,0.7923645377159119
YHR005C,YCR024C-A,0,-5.886974,0.11178581416606903,0.9975369572639465,0.7926108241081238
YPR181C,YOL004W,0,-5.8887744,0.11175496876239777,0.9975369572639465,0.7928571701049805
YML004C,YGR156W,0,-5.8892617,0.1117241382598877,0.9975369572639465,0.7931034564971924
YDL231C,YJR060W,0,-5.889525,0.11169332265853882,0.9975369572639465,0.7933497428894043
YNL080C,YLL006W,0,-5.890782,0.11166252940893173,0.9975369572639465,0.793596088886261
YDR163W,YIL072W,0,-5.8916545,0.11163175106048584,0.9975369572639465,0.7938423752784729
YMR177W,YKR090W,0,-5.8922396,0.11160099506378174,0.9975369572639465,0.7940886616706848
YNL074C,YDR087C,0,-5.8930726,0.11157024651765823,0.9975369572639465,0.7943349480628967
YLR274W,YCR008W,0,-5.893653,0.11153952032327652,0.9975369572639465,0.7945812940597534
YOL054W,YDR137W,0,-5.89376,0.111508809030056,0.9975369572639465,0.7948275804519653
YDL166C,YNL145W,0,-5.8940816,0.11147812008857727,0.9975369572639465,0.7950738668441772
YJL003W,YBL057C,0,-5.8957543,0.11144743859767914,0.9975369572639465,0.7953202128410339
YGL173C,YAR042W,0,-5.89671,0.1114167794585228,0.9975369572639465,0.7955664992332458
YLR332W,YGL022W,0,-5.8995323,0.11138613522052765,0.9975369572639465,0.7958127856254578
YPL271W,YKR050W,0,-5.900433,0.11135551333427429,0.9975369572639465,0.7960591316223145
YHR115C,YFR024C-A,0,-5.901788,0.11132490634918213,0.9975369572639465,0.7963054180145264
YOR304W,YDR247W,0,-5.9018397,0.11129431426525116,0.9975369572639465,0.7965517044067383
YHR005C,YER003C,0,-5.9030414,0.11126373708248138,0.9975369572639465,0.796798050403595
YGR286C,YBR109C,0,-5.903087,0.1112331748008728,0.9975369572639465,0.7970443367958069
YDR025W,YKR014C,0,-5.9034047,0.11120263487100601,0.9975369572639465,0.7972906231880188
YMR207C,YOL054W,0,-5.9036717,0.11117210984230042,0.9975369572639465,0.7975369691848755
YPR163C,YJL048C,0,-5.9039454,0.11114159971475601,0.9975369572639465,0.7977832555770874
YJL133W,YDR477W,0,-5.9040504,0.1111111119389534,0.9975369572639465,0.7980295419692993
YJL081C,YGR094W,0,-5.9063754,0.11108063906431198,0.9975369572639465,0.798275887966156
YJL081C,YBR289W,0,-5.90836,0.11105018109083176,0.9975369572639465,0.7985221743583679
YHR171W,YJR002W,0,-5.9083943,0.11101973801851273,0.9975369572639465,0.7987684607505798
YGL244W,YLR292C,0,-5.9085965,0.11098930984735489,0.9975369572639465,0.7990148067474365
YEL063C,YNL091W,0,-5.9119964,0.11095890402793884,0.9975369572639465,0.7992610931396484
YBR212W,YMR093W,0,-5.912061,0.11092851310968399,0.9975369572639465,0.7995073795318604
YLR293C,YGR181W,0,-5.9122233,0.11089813709259033,0.9975369572639465,0.7997536659240723
YKR085C,YKR020W,0,-5.9124427,0.11086778342723846,0.9975369572639465,0.800000011920929
YMR255W,YNL090W,0,-5.913527,0.1108374372124672,0.9975369572639465,0.8002462983131409
YOR355W,YBR289W,0,-5.9135633,0.11080711334943771,0.9975369572639465,0.8004925847053528
YLR007W,YDL036C,0,-5.915466,0.11077680438756943,0.9975369572639465,0.8007389307022095
YPL101W,YFR041C,0,-5.9158607,0.11074651032686234,0.9975369572639465,0.8009852170944214
YHR206W,YBR265W,0,-5.915926,0.11071623861789703,0.9975369572639465,0.8012315034866333
YJR126C,YML109W,0,-5.9159846,0.11068598181009293,0.9975369572639465,0.80147784948349
YLR165C,YKL141W,0,-5.916244,0.11065573990345001,0.9975369572639465,0.8017241358757019
YPL193W,YML105C,0,-5.916375,0.11062551289796829,0.9975369572639465,0.8019704222679138
YNL330C,YER041W,0,-5.9163804,0.11059530079364777,0.9975369572639465,0.8022167682647705
YGR028W,YIR012W,0,-5.9166484,0.11056511104106903,0.9975369572639465,0.8024630546569824
YDR299W,YNR015W,0,-5.9171767,0.11053493618965149,0.9975369572639465,0.8027093410491943
YML051W,YDL128W,0,-5.9187865,0.11050477623939514,0.9975369572639465,0.802955687046051
YOL049W,YOR159C,0,-5.920823,0.11047463119029999,0.9975369572639465,0.8032019734382629
YDR243C,YCR009C,0,-5.922483,0.11044450849294662,0.9975369572639465,0.8034482598304749
YCL067C,YLR298C,0,-5.9230275,0.11041439324617386,0.9975369572639465,0.8036946058273315
YOR355W,YIL075C,0,-5.923082,0.11038430035114288,0.9975369572639465,0.8039408922195435
YDL029W,YHR077C,0,-5.923181,0.1103542223572731,0.9975369572639465,0.8041871786117554
YJR060W,YAR042W,0,-5.924073,0.11032415926456451,0.9975369572639465,0.8044335246086121
YJR140C,YDL120W,0,-5.924134,0.11029411852359772,0.9975369572639465,0.804679811000824
YDL036C,YDR255C,0,-5.924168,0.11026409268379211,0.9975369572639465,0.8049260973930359
YHR019C,YJL154C,0,-5.9244905,0.11023407429456711,0.9975369572639465,0.8051724433898926
YFR024C-A,YPL212C,0,-5.9266334,0.11020407825708389,0.9975369572639465,0.8054187297821045
YLR114C,YBR119W,0,-5.926932,0.11017410457134247,0.9975369572639465,0.8056650161743164
YFL033C,YGL048C,0,-5.928611,0.11014413833618164,0.9975369572639465,0.8059113025665283
YLR328W,YNL066W,0,-5.928722,0.1101141944527626,0.9975369572639465,0.806157648563385
YEL063C,YKL060C,0,-5.930101,0.11008426547050476,0.9975369572639465,0.8064039349555969
YOR355W,YGR070W,0,-5.930429,0.11005435138940811,0.9975369572639465,0.8066502213478088
YLR332W,YDR501W,0,-5.9305363,0.11002445220947266,0.9975369572639465,0.8068965673446655
YDR121W,YMR273C,0,-5.9308953,0.1099945679306984,0.9975369572639465,0.8071428537368774
YBR212W,YKL130C,0,-5.931734,0.10996470600366592,0.9975369572639465,0.8073891401290894
YKR039W,YBR283C,0,-5.9318576,0.10993485152721405,0.9975369572639465,0.807635486125946
YFL023W,YFR048W,0,-5.9328656,0.10990501940250397,0.9975369572639465,0.807881772518158
YOR030W,YDL033C,0,-5.9329696,0.10987520217895508,0.9975369572639465,0.8081280589103699
YJR002W,YBR265W,0,-5.933675,0.10984539985656738,0.9975369572639465,0.8083744049072266
YIL125W,YJR002W,0,-5.9345994,0.10981561988592148,0.9975369572639465,0.8086206912994385
YDR072C,YBR114W,0,-5.9355326,0.10978584736585617,0.9975369572639465,0.8088669776916504
YJR126C,YDR532C,0,-5.936903,0.10975609719753265,0.9975369572639465,0.8091133236885071
YFR001W,YNL156C,0,-5.9387593,0.10972636193037033,0.9975369572639465,0.809359610080719
YBR179C,YBL024W,0,-5.9388313,0.1096966415643692,0.9975369572639465,0.8096058964729309
YNL239W,YLR321C,0,-5.939487,0.10966693609952927,0.9975369572639465,0.8098522424697876
YER157W,YAL043C,0,-5.9409394,0.10963725298643112,0.9975369572639465,0.8100985288619995
YDR075W,YHR084W,0,-5.9416003,0.10960757732391357,0.9975369572639465,0.8103448152542114
YDL166C,YBL035C,0,-5.9420056,0.10957792401313782,0.9975369572639465,0.8105911612510681
YDR121W,YPL175W,0,-5.944034,0.10954828560352325,0.9975369572639465,0.81083744764328
YIL038C,YKR014C,0,-5.9441776,0.10951866209506989,0.9975369572639465,0.8110837340354919
YOL139C,YDR280W,0,-5.94469,0.10948905348777771,0.9975369572639465,0.8113300204277039
YKL008C,YOR148C,0,-5.946484,0.10945945978164673,0.9975369572639465,0.8115763664245605
YDL155W,YBR293W,0,-5.9472184,0.10942988097667694,0.9975369572639465,0.8118226528167725
YPL110C,YKL140W,0,-5.947557,0.10940032452344894,0.9975369572639465,0.8120689392089844
YNL080C,YNL239W,0,-5.9476113,0.10937078297138214,0.9975369572639465,0.8123152852058411
YKR067W,YHR135C,0,-5.9480944,0.10934125632047653,0.9975369572639465,0.812561571598053
YDR329C,YBL041W,0,-5.949116,0.10931174457073212,0.9975369572639465,0.8128078579902649
YJL184W,YCR042C,0,-5.9498324,0.1092822477221489,0.9975369572639465,0.8130542039871216
YDR121W,YGL048C,0,-5.9519773,0.10925276577472687,0.9975369572639465,0.8133004903793335
YLR355C,YKL141W,0,-5.953341,0.10922329872846603,0.9975369572639465,0.8135467767715454
YGR028W,YDR028C,0,-5.9534283,0.10919385403394699,0.9975369572639465,0.8137931227684021
YPL181W,YJL121C,0,-5.9534802,0.10916441679000854,0.9975369572639465,0.814039409160614
YBL041W,YMR127C,0,-5.9549003,0.10913500189781189,0.9975369572639465,0.8142856955528259
YPR081C,YDR395W,0,-5.9551864,0.10910560190677643,0.9975369572639465,0.8145320415496826
YBL047C,YBL041W,0,-5.9556775,0.10907621681690216,0.9975369572639465,0.8147783279418945
YIL097W,YOR145C,0,-5.9559846,0.10904684662818909,0.9975369572639465,0.8150246143341064
YPL221W,YNL216W,0,-5.956201,0.1090174987912178,0.9975369572639465,0.8152709603309631
YMR091C,YHR088W,0,-5.9563723,0.10898815840482712,0.9975369572639465,0.815517246723175
YGR202C,YIL018W,0,-5.956525,0.10895884037017822,0.9975369572639465,0.815763533115387
YKL114C,YOL143C,0,-5.9575725,0.10892952978610992,0.9975369572639465,0.8160098791122437
YBL090W,YGR038W,0,-5.957708,0.10890024155378342,0.9975369572639465,0.8162561655044556
YHR115C,YGR024C,0,-5.9577966,0.1088709682226181,0.9975369572639465,0.8165024518966675
YDL231C,YIR011C,0,-5.9584994,0.10884170979261398,0.9975369572639465,0.8167487978935242
YJL090C,YML051W,0,-5.9616094,0.10881246626377106,0.9975369572639465,0.8169950842857361
YBR068C,YFR048W,0,-5.9640765,0.10878323763608932,0.9975369572639465,0.817241370677948
YDR108W,YKR060W,0,-5.965201,0.10875403136014938,0.9975369572639465,0.8174876570701599
YNL239W,YDR498C,0,-5.967173,0.10872483253479004,0.9975369572639465,0.8177340030670166
YOL049W,YOL044W,0,-5.96728,0.10869564861059189,0.9975369572639465,0.8179802894592285
YFL048C,YER161C,0,-5.9683385,0.10866648703813553,0.9975369572639465,0.8182265758514404
YKR008W,YMR127C,0,-5.9685683,0.10863734036684036,0.9975369572639465,0.8184729218482971
YLR088W,YLL024C,0,-5.9685874,0.10860820859670639,0.9975369572639465,0.818719208240509
YGR275W,YKL130C,0,-5.96973,0.10857909172773361,0.9975369572639465,0.818965494632721
YHR011W,YHL034C,0,-5.9698567,0.10854998975992203,0.9975369572639465,0.8192118406295776
YML099C,YPL130W,0,-5.9704933,0.10852090269327164,0.9975369572639465,0.8194581270217896
YPR104C,YNL156C,0,-5.970659,0.10849183052778244,0.9975369572639465,0.8197044134140015
YDL231C,YBR290W,0,-5.9708896,0.10846277326345444,0.9975369572639465,0.8199507594108582
YKL073W,YKR090W,0,-5.971851,0.10843373835086823,0.9975369572639465,0.8201970458030701
YLR321C,YLR385C,0,-5.9720955,0.10840471088886261,0.9975369572639465,0.820443332195282
YNL006W,YOR210W,0,-5.9757314,0.10837570577859879,0.9975369572639465,0.8206896781921387
YOR236W,YLR008C,0,-5.975867,0.10834670811891556,0.9975369572639465,0.8209359645843506
YBL016W,YHR074W,0,-5.976254,0.10831773281097412,0.9975369572639465,0.8211822509765625
YPL094C,YPL042C,0,-5.9781804,0.10828877240419388,0.9975369572639465,0.8214285969734192
YAL024C,YDL040C,0,-5.978721,0.10825982689857483,0.9975369572639465,0.8216748833656311
YIL038C,YPL032C,0,-5.9792123,0.10823089629411697,0.9975369572639465,0.821921169757843
YCL017C,YDR238C,0,-5.9792595,0.10820198059082031,0.9975369572639465,0.8221675157546997
YIL122W,YBR265W,0,-5.9797397,0.10817307978868484,0.9975369572639465,0.8224138021469116
YGL238W,YGR010W,0,-5.9810004,0.10814419388771057,0.9975369572639465,0.8226600885391235
YHR005C,YHR074W,0,-5.981455,0.10811532288789749,0.9975369572639465,0.8229063749313354
YGR264C,YMR322C,0,-5.982097,0.1080864667892456,0.9975369572639465,0.8231527209281921
YIL035C,YBL024W,0,-5.9825068,0.10805763304233551,0.9975369572639465,0.823399007320404
YGR156W,YGL227W,0,-5.982556,0.10802880674600601,0.9975369572639465,0.823645293712616
YMR225C,YDL040C,0,-5.9842973,0.1080000028014183,0.9975369572639465,0.8238916397094727
YOR355W,YBR057C,0,-5.985475,0.1079712063074112,0.9975369572639465,0.8241379261016846
YPR143W,YDL042C,0,-5.986559,0.10794243216514587,0.9975369572639465,0.8243842124938965
YKR025W,YDR464W,0,-5.9870343,0.10791366547346115,0.9975369572639465,0.8246305584907532
YBL057C,YML032C,0,-5.988443,0.10788492113351822,0.9975369572639465,0.8248768448829651
YPL155C,YMR231W,0,-5.989138,0.10785619169473648,0.9975369572639465,0.825123131275177
YCR091W,YPL094C,0,-5.9896674,0.10782747715711594,0.9975369572639465,0.8253694772720337
YDR028C,YKR089C,0,-5.990646,0.10779877752065659,0.9975369572639465,0.8256157636642456
YOR020C,YBL026W,0,-5.9906964,0.10777009278535843,0.9975369572639465,0.8258620500564575
YOR126C,YNR034W,0,-5.991077,0.10774142295122147,0.9975369572639465,0.8261083960533142
YDL174C,YLR328W,0,-5.9919257,0.1077127680182457,0.9975369572639465,0.8263546824455261
YML110C,YDL033C,0,-5.992213,0.10768412798643112,0.9975369572639465,0.826600968837738
YHR027C,YPL120W,0,-5.9922357,0.10765550285577774,0.9975369572639465,0.8268473148345947
YDR072C,YBR293W,0,-5.9924374,0.10762689262628555,0.9975369572639465,0.8270936012268066
YOR368W,YGL113W,0,-5.9929132,0.10759829729795456,0.9975369572639465,0.8273398876190186
YGL020C,YER003C,0,-5.9931054,0.10756972432136536,0.9975369572639465,0.8275862336158752
YAL024C,YER161C,0,-5.9934382,0.10754115879535675,0.9975369572639465,0.8278325200080872
YCL017C,YGR275W,0,-5.9943404,0.10751260817050934,0.9975369572639465,0.8280788064002991
YDR425W,YGL227W,0,-5.994726,0.10748407989740372,0.9975369572639465,0.8283251523971558
YGL044C,YGR143W,0,-5.995495,0.10745555907487869,0.9975369572639465,0.8285714387893677
YMR091C,YER093C,0,-5.995873,0.10742705315351486,0.9975369572639465,0.8288177251815796
YJR097W,YMR037C,0,-5.996152,0.10739856958389282,0.9975369572639465,0.8290640115737915
YOR156C,YAL051W,0,-5.997068,0.10737009346485138,0.9975369572639465,0.8293103575706482
YGR029W,YOR301W,0,-5.9973297,0.10734163969755173,0.9975369572639465,0.8295566439628601
YNL192W,YDL161W,0,-5.9975843,0.10731319338083267,0.9975369572639465,0.829802930355072
YPL149W,YPL010W,0,-5.9981203,0.10728476941585541,0.9975369572639465,0.8300492763519287
YLR399C,YMR014W,0,-5.9985785,0.10725635290145874,0.9975369572639465,0.8302955627441406
YDL008W,YMR138W,0,-6.000301,0.10722795873880386,0.9975369572639465,0.8305418491363525
YBL015W,YER020W,0,-6.000734,0.10719957947731018,0.9975369572639465,0.8307881951332092
YBR228W,YBR216C,0,-6.003361,0.1071712076663971,0.9975369572639465,0.8310344815254211
YOR204W,YML074C,0,-6.005299,0.1071428582072258,0.9975369572639465,0.8312807679176331
YKR002W,YDL128W,0,-6.005551,0.1071145236492157,0.9975369572639465,0.8315271139144897
YPL101W,YGL037C,0,-6.007181,0.1070861965417862,0.9975369572639465,0.8317734003067017
YLR023C,YOR123C,0,-6.007538,0.10705789178609848,0.9975369572639465,0.8320196866989136
YDL231C,YKL085W,0,-6.0086427,0.10702960193157196,0.9975369572639465,0.8322660326957703
YMR264W,YOL143C,0,-6.009088,0.10700131952762604,0.9975369572639465,0.8325123190879822
YLL022C,YMR127C,0,-6.009337,0.1069730594754219,0.9975369572639465,0.8327586054801941
YGL244W,YML021C,0,-6.0099883,0.10694481432437897,0.9975369572639465,0.8330049514770508
YMR038C,YDR166C,0,-6.011494,0.10691657662391663,0.9975369572639465,0.8332512378692627
YPL193W,YNL154C,0,-6.011993,0.10688836127519608,0.9975369572639465,0.8334975242614746
YMR153W,YAR042W,0,-6.01269,0.10686016082763672,0.9975369572639465,0.8337438702583313
YMR255W,YDL111C,0,-6.0131173,0.10683196783065796,0.9975369572639465,0.8339901566505432
YBR119W,YGL092W,0,-6.0134068,0.10680379718542099,0.9975369572639465,0.8342364430427551
YPR049C,YMR225C,0,-6.013429,0.10677564144134521,0.9975369572639465,0.834482729434967
YGL053W,YIR022W,0,-6.013613,0.10674749314785004,0.9975369572639465,0.8347290754318237
YKL038W,YGR181W,0,-6.015247,0.10671936720609665,0.9975369572639465,0.8349753618240356
YHR027C,YDL084W,0,-6.0153184,0.10669125616550446,0.9975369572639465,0.8352216482162476
YGR014W,YBL020W,0,-6.015947,0.10666315257549286,0.9975369572639465,0.8354679942131042
YAL051W,YNL088W,0,-6.0160193,0.10663507133722305,0.9975369572639465,0.8357142806053162
YJL167W,YKL060C,0,-6.0181317,0.10660700500011444,0.9975369572639465,0.8359605669975281
YHR077C,YIL143C,0,-6.0181756,0.10657894611358643,0.9975369572639465,0.8362069129943848
YKR002W,YMR146C,0,-6.018374,0.1065509095788002,0.9975369572639465,0.8364531993865967
YCR024C-A,YMR197C,0,-6.020291,0.10652288049459457,0.9975369572639465,0.8366994857788086
YPL175W,YNL197C,0,-6.020368,0.10649487376213074,0.9975369572639465,0.8369458317756653
YDR140W,YGL163C,0,-6.020683,0.1064668744802475,0.9975369572639465,0.8371921181678772
YLR103C,YMR192W,0,-6.020759,0.10643889755010605,0.9975369572639465,0.8374384045600891
YFR048W,YMR127C,0,-6.021967,0.1064109280705452,0.9975369572639465,0.8376847505569458
YLR450W,YKR008W,0,-6.022507,0.10638298094272614,0.9975369572639465,0.8379310369491577
YLR097C,YER093C,0,-6.022815,0.10635504126548767,0.9975369572639465,0.8381773233413696
YPL094C,YER093C,0,-6.0250716,0.1063271164894104,0.9975369572639465,0.8384236693382263
YAL038W,YJL121C,0,-6.0265393,0.10629921406507492,0.9975369572639465,0.8386699557304382
YJR053W,YNL330C,0,-6.0279865,0.10627131909132004,0.9975369572639465,0.8389162421226501
YOL049W,YMR153W,0,-6.028711,0.10624343901872635,0.9975369572639465,0.8391625881195068
YFR021W,YBR006W,0,-6.0293036,0.10621558129787445,0.9975369572639465,0.8394088745117188
YLR427W,YCR008W,0,-6.0297933,0.10618773102760315,0.9975369572639465,0.8396551609039307
YOR142W,YGR020C,0,-6.0299907,0.10615989565849304,0.9975369572639465,0.8399015069007874
YNL268W,YER007W,0,-6.0318666,0.10613207519054413,0.9975369572639465,0.8401477932929993
YLR309C,YGR144W,0,-6.03231,0.10610426962375641,0.9975369572639465,0.8403940796852112
YGR056W,YAR003W,0,-6.0326457,0.10607647895812988,0.9975369572639465,0.8406403660774231
YEL063C,YKL140W,0,-6.0330334,0.10604870319366455,0.9975369572639465,0.8408867120742798
YDL161W,YFR048W,0,-6.0331426,0.10602094233036041,0.9975369572639465,0.8411329984664917
YGL238W,YGR038W,0,-6.0334096,0.10599319636821747,0.9975369572639465,0.8413792848587036
YLR309C,YLR240W,0,-6.0344977,0.10596546530723572,0.9975369572639465,0.8416256308555603
YDR171W,YGR081C,0,-6.034881,0.10593774169683456,0.9975369572639465,0.8418719172477722
YJL090C,YHR069C,0,-6.034885,0.1059100404381752,0.9975369572639465,0.8421182036399841
YJL104W,YGR133W,0,-6.0349708,0.10588235408067703,0.9975369572639465,0.8423645496368408
YPL060W,YJL053W,0,-6.035537,0.10585467517375946,0.9975369572639465,0.8426108360290527
YBR060C,YLR182W,0,-6.0357175,0.10582701861858368,0.9975369572639465,0.8428571224212646
YGL073W,YGR156W,0,-6.036382,0.1057993695139885,0.9975369572639465,0.8431034684181213
YBR068C,YOR368W,0,-6.036757,0.1057717427611351,0.9975369572639465,0.8433497548103333
YDR087C,YJR126C,0,-6.0373354,0.1057441234588623,0.9975369572639465,0.8435960412025452
YHR188C,YGR081C,0,-6.037341,0.1057165265083313,0.9975369572639465,0.8438423871994019
YJL041W,YDR394W,0,-6.0378428,0.10568893700838089,0.9975369572639465,0.8440886735916138
YMR001C,YMR255W,0,-6.041063,0.10566136240959167,0.9975369572639465,0.8443349599838257
YNL225C,YER022W,0,-6.0414057,0.10563380271196365,0.9975369572639465,0.8445813059806824
YKR050W,YFR003C,0,-6.0415645,0.10560625791549683,0.9975369572639465,0.8448275923728943
YER029C,YER100W,0,-6.041681,0.10557872802019119,0.9975369572639465,0.8450738787651062
YGR116W,YPL042C,0,-6.042115,0.10555121302604675,0.9975369572639465,0.8453202247619629
YOL125W,YDR247W,0,-6.043447,0.10552371293306351,0.9975369572639465,0.8455665111541748
YDR211W,YLR256W,0,-6.0437636,0.10549622029066086,0.9975369572639465,0.8458127975463867
YOR126C,YBL020W,0,-6.044414,0.10546875,0.9975369572639465,0.8460590839385986
YGL020C,YLR023C,0,-6.04611,0.10544129461050034,0.9975369572639465,0.8463054299354553
YOR368W,YMR127C,0,-6.0463567,0.10541384667158127,0.9975369572639465,0.8465517163276672
YKR025W,YDL194W,0,-6.0463986,0.1053864136338234,0.9975369572639465,0.8467980027198792
YGR199W,YGL048C,0,-6.046534,0.10535900294780731,0.9975369572639465,0.8470443487167358
YAL026C,YKR008W,0,-6.0479417,0.10533159971237183,0.9975369572639465,0.8472906351089478
YBR132C,YFR003C,0,-6.047978,0.10530421137809753,0.9975369572639465,0.8475369215011597
YMR238W,YNL156C,0,-6.049946,0.10527683794498444,0.9975369572639465,0.8477832674980164
YDL155W,YGL020C,0,-6.051683,0.10524947941303253,0.9975369572639465,0.8480295538902283
YPL051W,YGR095C,0,-6.05264,0.10522213578224182,0.9975369572639465,0.8482758402824402
YPL110C,YML109W,0,-6.0534263,0.1051948070526123,0.9975369572639465,0.8485221862792969
YEL017C-A,YPL120W,0,-6.053983,0.10516748577356339,0.9975369572639465,0.8487684726715088
YMR117C,YLR182W,0,-6.054756,0.10514018684625626,0.9975369572639465,0.8490147590637207
YPL271W,YKR086W,0,-6.056593,0.10511289536952972,0.9975369572639465,0.8492611050605774
YBR171W,YDR353W,0,-6.0568476,0.10508562624454498,0.9975369572639465,0.8495073914527893
YBR290W,YOL143C,0,-6.057677,0.10505836457014084,0.9975369572639465,0.8497536778450012
YJR002W,YMR243C,0,-6.0584397,0.10503111779689789,0.9975369572639465,0.8500000238418579
YDR298C,YIL035C,0,-6.0589943,0.10500388592481613,0.9975369572639465,0.8502463102340698
YMR268C,YBR123C,0,-6.0600853,0.10497666895389557,0.9975369572639465,0.8504925966262817
YDR005C,YHR135C,0,-6.0630145,0.1049494668841362,0.9975369572639465,0.8507389426231384
YKR035W-A,YDL084W,0,-6.0636954,0.10492227971553802,0.9975369572639465,0.8509852290153503
YFR021W,YIL144W,0,-6.063906,0.10489510744810104,0.9975369572639465,0.8512315154075623
YDL074C,YGR270W,0,-6.064202,0.10486794263124466,0.9975369572639465,0.851477861404419
YOR001W,YJL087C,0,-6.066792,0.10484080016613007,0.9975369572639465,0.8517241477966309
YGR262C,YOL009C,0,-6.0691366,0.10481366515159607,0.9975369572639465,0.8519704341888428
YDR140W,YPR101W,0,-6.071486,0.10478654503822327,0.9975369572639465,0.8522167205810547
YLR166C,YAR042W,0,-6.0717826,0.10475943982601166,0.9975369572639465,0.8524630665779114
YNL088W,YML109W,0,-6.0719414,0.10473234951496124,0.9975369572639465,0.8527093529701233
YDL090C,YMR197C,0,-6.072034,0.10470527410507202,0.9975369572639465,0.8529556393623352
YDL042C,YOL125W,0,-6.0726395,0.104678213596344,0.9975369572639465,0.8532019853591919
YLR259C,YDR075W,0,-6.072729,0.10465116053819656,0.9975369572639465,0.8534482717514038
YMR109W,YMR231W,0,-6.0732613,0.10462412983179092,0.9975369572639465,0.8536945581436157
YNL220W,YCR012W,0,-6.0751805,0.10459710657596588,0.9975369572639465,0.8539409041404724
YDR364C,YLR008C,0,-6.0759706,0.10457009822130203,0.9975369572639465,0.8541871905326843
YGL048C,YGR116W,0,-6.0764656,0.10454310476779938,0.9975369572639465,0.8544334769248962
YKL048C,YMR149W,0,-6.077513,0.10451612621545792,0.9975369572639465,0.8546798229217529
YDR361C,YLL015W,0,-6.080198,0.10448916256427765,0.9975369572639465,0.8549261093139648
YBR167C,YOR367W,0,-6.080524,0.10446221381425858,0.9975369572639465,0.8551723957061768
YML091C,YPR024W,0,-6.0808263,0.1044352725148201,0.9975369572639465,0.8554187417030334
YOL139C,YMR037C,0,-6.0815806,0.10440835356712341,0.9975369572639465,0.8556650280952454
YKL060C,YBL026W,0,-6.0832386,0.10438144207000732,0.9975369572639465,0.8559113144874573
YNL192W,YGR181W,0,-6.0848794,0.10435454547405243,0.9975369572639465,0.856157660484314
YGL124C,YKL140W,0,-6.0853276,0.10432766377925873,0.9975369572639465,0.8564039468765259
YAL043C,YJR126C,0,-6.0859623,0.10430079698562622,0.9975369572639465,0.8566502332687378
YOR269W,YML032C,0,-6.086592,0.10427394509315491,0.9975369572639465,0.8568965792655945
YHR204W,YBR002C,0,-6.086974,0.10424710065126419,0.9975369572639465,0.8571428656578064
YKR085C,YCR012W,0,-6.087088,0.10422027856111526,0.9975369572639465,0.8573891520500183
YPL271W,YNL088W,0,-6.0880466,0.10419346392154694,0.9975369572639465,0.8576354384422302
YOR030W,YDR464W,0,-6.088198,0.1041666641831398,0.9975369572639465,0.8578817844390869
YGR267C,YDL042C,0,-6.089722,0.10413987934589386,0.9975369572639465,0.8581280708312988
YGL073W,YBR216C,0,-6.08988,0.10411310940980911,0.9975369572639465,0.8583743572235107
YML024W,YPR016C,0,-6.090055,0.10408635437488556,0.9975369572639465,0.8586207032203674
YJL090C,YPL221W,0,-6.0904927,0.1040596067905426,0.9975369572639465,0.8588669896125793
YBL041W,YBR079C,0,-6.0911226,0.10403288155794144,0.9975369572639465,0.8591132760047913
YJL104W,YOR159C,0,-6.0912876,0.10400616377592087,0.9975369572639465,0.859359622001648
YDR211W,YDR072C,0,-6.092252,0.10397946089506149,0.9975369572639465,0.8596059083938599
YFR024C-A,YGL227W,0,-6.0933294,0.10395277291536331,0.9975369572639465,0.8598521947860718
YDL166C,YNL113W,0,-6.093565,0.10392609983682632,0.9975369572639465,0.8600985407829285
YBR202W,YMR146C,0,-6.0939546,0.10389943420886993,0.9975369572639465,0.8603448271751404
YPL029W,YLR090W,0,-6.0956283,0.10387279093265533,0.9975369572639465,0.8605911135673523
YLR254C,YPL193W,0,-6.0958834,0.10384615510702133,0.9975369572639465,0.860837459564209
YGL163C,YDR078C,0,-6.0966363,0.10381953418254852,0.9975369572639465,0.8610837459564209
YLR117C,YMR192W,0,-6.096865,0.10379292815923691,0.9975369572639465,0.8613300323486328
YGR095C,YMR079W,0,-6.100092,0.10376633703708649,0.9975369572639465,0.8615763783454895
YLR103C,YNL088W,0,-6.101949,0.10373975336551666,0.9975369572639465,0.8618226647377014
YBL047C,YFR001W,0,-6.102761,0.10371318459510803,0.9975369572639465,0.8620689511299133
YBR167C,YGR024C,0,-6.1038747,0.10368663817644119,0.9975369572639465,0.86231529712677
YDR243C,YMR127C,0,-6.1069627,0.10366009920835495,0.9975369572639465,0.8625615835189819
YNL156C,YOR194C,0,-6.107118,0.1036335751414299,0.9975369572639465,0.8628078699111938
YDR208W,YGR133W,0,-6.1088624,0.10360705852508545,0.9975369572639465,0.8630542159080505
YDR375C,YDR005C,0,-6.108949,0.10358056426048279,0.9975369572639465,0.8633005023002625
YDL161W,YPL075W,0,-6.1090503,0.10355407744646072,0.9975369572639465,0.8635467886924744
YKL114C,YBR293W,0,-6.1115932,0.10352760553359985,0.9975369572639465,0.8637930750846863
YBR086C,YER029C,0,-6.1138883,0.10350114852190018,0.9975369572639465,0.864039421081543
YOL021C,YOL093W,0,-6.1151166,0.1034747064113617,0.9975369572639465,0.8642857074737549
YOL139C,YML051W,0,-6.115732,0.1034482792019844,0.9975369572639465,0.8645319938659668
YBR057C,YDR372C,0,-6.116675,0.10342185944318771,0.9975369572639465,0.8647783398628235
YLR096W,YML032C,0,-6.116968,0.10339545458555222,0.9975369572639465,0.8650246262550354
YOR123C,YBR283C,0,-6.118267,0.10336906462907791,0.9975369572639465,0.8652709126472473
YLR197W,YDR002W,0,-6.119754,0.1033426895737648,0.9975369572639465,0.865517258644104
YJL050W,YBL004W,0,-6.12023,0.10331632941961288,0.9975369572639465,0.8657635450363159
YGL044C,YIR018W,0,-6.1204896,0.10328997671604156,0.9975369572639465,0.8660098314285278
YHR005C,YDR017C,0,-6.120515,0.10326363891363144,0.9975369572639465,0.8662561774253845
YOR130C,YDR372C,0,-6.1207843,0.10323731601238251,0.9975369572639465,0.8665024638175964
YNL223W,YBR057C,0,-6.122108,0.10321100801229477,0.9975369572639465,0.8667487502098083
YML004C,YDR005C,0,-6.122827,0.10318471491336823,0.9975369572639465,0.866995096206665
YDL006W,YBR283C,0,-6.1235523,0.10315842926502228,0.9975369572639465,0.867241382598877
YPR031W,YLR008C,0,-6.124517,0.10313215851783752,0.9975369572639465,0.8674876689910889
YBR236C,YIL120W,0,-6.1255517,0.10310590267181396,0.9975369572639465,0.8677340149879456
YMR264W,YIL143C,0,-6.125711,0.1030796617269516,0.9975369572639465,0.8679803013801575
YDR221W,YDL120W,0,-6.1268525,0.10305343568325043,0.9975369572639465,0.8682265877723694
YOR204W,YPR181C,0,-6.1269593,0.10302721709012985,0.9975369572639465,0.8684729337692261
YJR006W,YOR142W,0,-6.127144,0.10300102084875107,0.9975369572639465,0.868719220161438
YHR102W,YKL015W,0,-6.127229,0.10297483205795288,0.9975369572639465,0.8689655065536499
YBR202W,YOR304W,0,-6.1273904,0.10294865071773529,0.9975369572639465,0.8692117929458618
YHR114W,YKL148C,0,-6.128219,0.10292249172925949,0.9975369572639465,0.8694581389427185
YHR188C,YOR210W,0,-6.1282387,0.10289634019136429,0.9975369572639465,0.8697044253349304
YOR020C,YOR362C,0,-6.1301913,0.10287020355463028,0.9975369572639465,0.8699507117271423
YGR267C,YHR084W,0,-6.131668,0.10284408181905746,0.9975369572639465,0.870197057723999
YJL053W,YMR200W,0,-6.133041,0.10281797498464584,0.9975369572639465,0.8704433441162109
YDR221W,YJL041W,0,-6.133779,0.10279187560081482,0.9975369572639465,0.8706896305084229
YBL090W,YMR235C,0,-6.1338277,0.10276579856872559,0.9975369572639465,0.8709359765052795
YBR221C,YOR073W,0,-6.133901,0.10273972898721695,0.9975369572639465,0.8711822628974915
YDL174C,YKR072C,0,-6.1342845,0.10271366685628891,0.9975369572639465,0.8714285492897034
YGL053W,YDR487C,0,-6.1368623,0.10268762707710266,0.9975369572639465,0.8716748952865601
YMR072W,YOL122C,0,-6.137318,0.10266159474849701,0.9975369572639465,0.871921181678772
YGR246C,YOR122C,0,-6.137811,0.10263557732105255,0.9975369572639465,0.8721674680709839
YMR153W,YLR119W,0,-6.1387205,0.10260957479476929,0.9975369572639465,0.8724138140678406
YBR010W,YIL052C,0,-6.138791,0.10258358716964722,0.9975369572639465,0.8726601004600525
YDL155W,YNL082W,0,-6.1390095,0.10255760699510574,0.9975369572639465,0.8729063868522644
YNL080C,YPL029W,0,-6.140305,0.10253164917230606,0.9975369572639465,0.8731527328491211
YEL063C,YER161C,0,-6.1408,0.10250569134950638,0.9975369572639465,0.873399019241333
YPL075W,YIR015W,0,-6.144276,0.10247975587844849,0.9975369572639465,0.8736453056335449
YCL067C,YJL053W,0,-6.145037,0.10245383530855179,0.9975369572639465,0.8738916516304016
YOR236W,YOL095C,0,-6.1457305,0.10242792218923569,0.9975369572639465,0.8741379380226135
YMR083W,YGR264C,0,-6.148808,0.10240202397108078,0.9975369572639465,0.8743842244148254
YOR355W,YML010W,0,-6.151032,0.10237614065408707,0.9975369572639465,0.8746305704116821
YMR264W,YML041C,0,-6.1520553,0.10235026478767395,0.9975369572639465,0.874876856803894
YHR038W,YDR372C,0,-6.153706,0.10232440382242203,0.9975369572639465,0.875123143196106
YHR204W,YMR079W,0,-6.1538296,0.1022985577583313,0.9975369572639465,0.8753694295883179
YHR114W,YLL006W,0,-6.153848,0.10227272659540176,0.9975369572639465,0.8756157755851746
YPL193W,YDR078C,0,-6.154111,0.10224691033363342,0.9975369572639465,0.8758620619773865
YDR375C,YGL238W,0,-6.1550922,0.10222110152244568,0.9975369572639465,0.8761083483695984
YNL264C,YOR122C,0,-6.155611,0.10219530761241913,0.9975369572639465,0.8763546943664551
YBR286W,YHR084W,0,-6.1557174,0.10216952860355377,0.9975369572639465,0.876600980758667
YKL048C,YBL041W,0,-6.1563153,0.10214375704526901,0.9975369572639465,0.8768472671508789
YGR202C,YBR048W,0,-6.158213,0.10211800038814545,0.9975369572639465,0.8770936131477356
YNL268W,YGR264C,0,-6.158424,0.10209225863218307,0.9975369572639465,0.8773398995399475
YOR269W,YOR265W,0,-6.159077,0.1020665317773819,0.9975369572639465,0.8775861859321594
YJL167W,YNL154C,0,-6.1591253,0.10204081982374191,0.9975369572639465,0.8778325319290161
YKR085C,YML032C,0,-6.160002,0.10201511532068253,0.9975369572639465,0.878078818321228
YDL008W,YNL326C,0,-6.160503,0.10198942571878433,0.9975369572639465,0.8783251047134399
YKL073W,YNR034W,0,-6.1619344,0.10196374356746674,0.9975369572639465,0.8785714507102966
YDL040C,YFL036W,0,-6.16211,0.10193808376789093,0.9975369572639465,0.8788177371025085
YOR301W,YJL045W,0,-6.1625896,0.10191243141889572,0.9975369572639465,0.8790640234947205
YBR060C,YJR126C,0,-6.1629567,0.1018867939710617,0.9975369572639465,0.8793103694915771
YAL022C,YDR028C,0,-6.1670256,0.10186116397380829,0.9975369572639465,0.8795566558837891
YMR299C,YIL120W,0,-6.169193,0.10183555632829666,0.9975369572639465,0.879802942276001
YNL251C,YDR395W,0,-6.1693187,0.10180995613336563,0.9975369572639465,0.8800492882728577
YMR281W,YLR450W,0,-6.170277,0.1017843708395958,0.9975369572639465,0.8802955746650696
YGR199W,YPR181C,0,-6.1720004,0.10175879299640656,0.9975369572639465,0.8805418610572815
YBR002C,YAR042W,0,-6.175052,0.10173323005437851,0.9975369572639465,0.8807882070541382
YDR211W,YDR087C,0,-6.1780167,0.10170768201351166,0.9975369572639465,0.8810344934463501
YDL005C,YDL150W,0,-6.178382,0.101682148873806,0.9975369572639465,0.881280779838562
YJL201W,YDR422C,0,-6.180512,0.10165662318468094,0.9975369572639465,0.8815270662307739
YMR207C,YDL120W,0,-6.1810164,0.10163111984729767,0.9975369572639465,0.8817734122276306
YBR275C,YDR280W,0,-6.1822853,0.1016056165099144,0.9975369572639465,0.8820196986198425
YMR038C,YOR020C,0,-6.182924,0.10158013552427292,0.9975369572639465,0.8822659850120544
YOL100W,YDR212W,0,-6.183395,0.10155466198921204,0.9975369572639465,0.8825123310089111
YJL133W,YKR014C,0,-6.185021,0.10152920335531235,0.9975369572639465,0.882758617401123
YHR133C,YBR218C,0,-6.186356,0.10150375962257385,0.9975369572639465,0.883004903793335
YKL114C,YOR367W,0,-6.1874747,0.10147832334041595,0.9975369572639465,0.8832512497901917
YLR110C,YBR058C,0,-6.187671,0.10145290940999985,0.9975369572639465,0.8834975361824036
YDR331W,YCR009C,0,-6.1882486,0.10142749547958374,0.9975369572639465,0.8837438225746155
YDR221W,YLR427W,0,-6.188938,0.10140210390090942,0.9975369572639465,0.8839901685714722
YDR075W,YLR090W,0,-6.1900744,0.1013767197728157,0.9975369572639465,0.8842364549636841
YOR122C,YOR148C,0,-6.1908445,0.10135135054588318,0.9975369572639465,0.884482741355896
YPR086W,YDL084W,0,-6.190863,0.10132599622011185,0.9975369572639465,0.8847290873527527
YPR088C,YGR020C,0,-6.1913433,0.10130064934492111,0.9975369572639465,0.8849753737449646
YBR068C,YDL040C,0,-6.193167,0.10127531737089157,0.9975369572639465,0.8852216601371765
YLR023C,YER022W,0,-6.1945415,0.10125000029802322,0.9975369572639465,0.8854680061340332
YDR487C,YDL120W,0,-6.195499,0.10122469067573547,0.9975369572639465,0.8857142925262451
YOR253W,YKL141W,0,-6.1967297,0.10119940340518951,0.9975369572639465,0.885960578918457
YNL268W,YOL054W,0,-6.1967506,0.10117411613464355,0.9975369572639465,0.8862069249153137
YMR149W,YBR293W,0,-6.1975045,0.10114885121583939,0.9975369572639465,0.8864532113075256
YHR166C,YOL113W,0,-6.1978498,0.10112359374761581,0.9975369572639465,0.8866994976997375
YMR072W,YDL153C,0,-6.1982293,0.10109835118055344,0.9975369572639465,0.8869457840919495
YDR298C,YDR364C,0,-6.199846,0.10107312351465225,0.9975369572639465,0.8871921300888062
YMR231W,YML109W,0,-6.202453,0.10104790329933167,0.9975369572639465,0.8874384164810181
YDR331W,YDL005C,0,-6.2024913,0.10102269798517227,0.9975369572639465,0.88768470287323
YHR005C,YOR145C,0,-6.2026644,0.10099750757217407,0.9975369572639465,0.8879310488700867
YMR177W,YOL054W,0,-6.2061734,0.10097232460975647,0.9975369572639465,0.8881773352622986
YGL113W,YMR243C,0,-6.2083383,0.10094715654850006,0.9975369572639465,0.8884236216545105
YMR177W,YLR350W,0,-6.2084613,0.10092200338840485,0.9975369572639465,0.8886699676513672
YHR114W,YBR289W,0,-6.210406,0.10089685767889023,0.9975369572639465,0.8889162540435791
YNL166C,YMR177W,0,-6.2114005,0.1008717343211174,0.9975369572639465,0.889162540435791
YJR002W,YNL156C,0,-6.211552,0.10084661096334457,0.9975369572639465,0.8894088864326477
YPR031W,YOL100W,0,-6.2127604,0.10082150995731354,0.9975369572639465,0.8896551728248596
YBR109C,YOR194C,0,-6.212834,0.1007964164018631,0.9975369572639465,0.8899014592170715
YOL044W,YBL035C,0,-6.2152276,0.10077133774757385,0.9975369572639465,0.8901478052139282
YOL054W,YKR050W,0,-6.215734,0.1007462665438652,0.9975369572639465,0.8903940916061401
YBR103W,YDL120W,0,-6.2162757,0.10072121024131775,0.9975369572639465,0.890640377998352
YNL298W,YML124C,0,-6.217136,0.10069616883993149,0.9975369572639465,0.8908867239952087
YBR057C,YBR060C,0,-6.2191777,0.10067114233970642,0.9975369572639465,0.8911330103874207
YDR364C,YDL090C,0,-6.221534,0.10064612329006195,0.9975369572639465,0.8913792967796326
YDR140W,YHR088W,0,-6.2229457,0.10062111914157867,0.9975369572639465,0.8916256427764893
YNL280C,YOR355W,0,-6.225201,0.100596122443676,0.9975369572639465,0.8918719291687012
YFR047C,YGL053W,0,-6.2256484,0.1005711480975151,0.9975369572639465,0.8921182155609131
YIL144W,YBR216C,0,-6.2264476,0.10054617375135422,0.9975369572639465,0.8923645615577698
YBR290W,YDL006W,0,-6.2274837,0.10052122175693512,0.9975369572639465,0.8926108479499817
YML048W,YOR265W,0,-6.2297616,0.10049627721309662,0.9975369572639465,0.8928571343421936
YGR169C,YPR086W,0,-6.230011,0.10047134757041931,0.9975369572639465,0.8931034207344055
YIL075C,YDR078C,0,-6.2305636,0.1004464253783226,0.9975369572639465,0.8933497667312622
YER040W,YFR048W,0,-6.231319,0.10042152553796768,0.9975369572639465,0.8935960531234741
YDR277C,YAL029C,0,-6.2315116,0.10039662569761276,0.9975369572639465,0.893842339515686
YBL016W,YBL055C,0,-6.2325807,0.10037174820899963,0.9975369572639465,0.8940886855125427
YLR165C,YPL029W,0,-6.2340045,0.1003468781709671,0.9975369572639465,0.8943349719047546
YBR060C,YBR172C,0,-6.2340965,0.10032202303409576,0.9975369572639465,0.8945812582969666
YPL029W,YOR194C,0,-6.235264,0.10029717534780502,0.9975369572639465,0.8948276042938232
YOR261C,YDR238C,0,-6.236563,0.10027234256267548,0.9975369572639465,0.8950738906860352
YPL135W,YBR283C,0,-6.236999,0.10024752467870712,0.9975369572639465,0.8953201770782471
YDR339C,YPL060W,0,-6.2376556,0.10022271424531937,0.9975369572639465,0.8955665230751038
YMR014W,YML010W,0,-6.2389455,0.1001979187130928,0.9975369572639465,0.8958128094673157
YGR246C,YKL175W,0,-6.243974,0.10017313808202744,0.9975369572639465,0.8960590958595276
YHR072W,YDR078C,0,-6.246253,0.10014836490154266,0.9975369572639465,0.8963054418563843
YGL124C,YGR133W,0,-6.2465763,0.10012360662221909,0.9975369572639465,0.8965517282485962
YDR190C,YGR281W,0,-6.2476354,0.1000988632440567,0.9975369572639465,0.8967980146408081
YER040W,YMR109W,0,-6.2481446,0.10007412731647491,0.9975369572639465,0.8970443606376648
YJR060W,YDR409W,0,-6.2510576,0.10004940629005432,0.9975369572639465,0.8972906470298767
YDL004W,YKR020W,0,-6.253244,0.10002470016479492,0.9975369572639465,0.8975369334220886
YLR117C,YLR090W,0,-6.2534432,0.10000000149011612,0.9975369572639465,0.8977832794189453
YLR238W,YNR049C,0,-6.255212,0.09997531771659851,0.9975369572639465,0.8980295658111572
YCR039C,YNL154C,0,-6.2555842,0.0999506413936615,0.9975369572639465,0.8982758522033691
YKR090W,YDL090C,0,-6.256333,0.09992597997188568,0.9975369572639465,0.898522138595581
YAL038W,YCR009C,0,-6.2584786,0.09990133345127106,0.9975369572639465,0.8987684845924377
YDR121W,YLR438C-A,0,-6.259786,0.09987669438123703,0.9975369572639465,0.8990147709846497
YFL033C,YDL111C,0,-6.2607102,0.0998520702123642,0.9975369572639465,0.8992610573768616
YDR153C,YDR339C,0,-6.2625365,0.09982746094465256,0.9975369572639465,0.8995074033737183
YMR214W,YHR084W,0,-6.262881,0.09980285912752151,0.9975369572639465,0.8997536897659302
YLR259C,YBR293W,0,-6.2638593,0.09977827221155167,0.9975369572639465,0.8999999761581421
YJR065C,YMR038C,0,-6.263907,0.09975369274616241,0.9975369572639465,0.9002463221549988
YOR257W,YPL138C,0,-6.264075,0.09972912818193436,0.9975369572639465,0.9004926085472107
YJR102C,YJR110W,0,-6.2646585,0.09970457851886749,0.9975369572639465,0.9007388949394226
YOR241W,YHR038W,0,-6.2677264,0.09968003630638123,0.9975369572639465,0.9009852409362793
YKL195W,YBR221C,0,-6.270495,0.09965550899505615,0.9975369572639465,0.9012315273284912
YNL298W,YOL044W,0,-6.274077,0.09963099658489227,0.9975369572639465,0.9014778137207031
YOL021C,YHR084W,0,-6.274535,0.09960649162530899,0.9975369572639465,0.9017241597175598
YHR133C,YNL156C,0,-6.2756176,0.0995820015668869,0.9975369572639465,0.9019704461097717
YBR236C,YJL053W,0,-6.2758427,0.09955751895904541,0.9975369572639465,0.9022167325019836
YFR031C,YDR486C,0,-6.2762103,0.09953305125236511,0.9975369572639465,0.9024630784988403
YOR210W,YGL227W,0,-6.2786083,0.09950859844684601,0.9975369572639465,0.9027093648910522
YDR121W,YKR046C,0,-6.2793365,0.0994841530919075,0.9975369572639465,0.9029556512832642
YJL090C,YBR283C,0,-6.2803674,0.09945972263813019,0.9975369572639465,0.9032019972801208
YGL073W,YDR485C,0,-6.281667,0.09943530708551407,0.9975369572639465,0.9034482836723328
YKL073W,YJL039C,0,-6.282638,0.09941089898347855,0.9975369572639465,0.9036945700645447
YLR328W,YAL051W,0,-6.2833476,0.09938650578260422,0.9975369572639465,0.9039409160614014
YKL015W,YAR042W,0,-6.285772,0.09936212003231049,0.9975369572639465,0.9041872024536133
YJL081C,YMR073C,0,-6.286758,0.09933774918317795,0.9975369572639465,0.9044334888458252
YDL111C,YDR166C,0,-6.286879,0.09931338578462601,0.9975369572639465,0.9046797752380371
YJL047C,YER104W,1,-6.2876916,0.09953419864177704,1.0,0.9046797752380371
YCL038C,YMR235C,0,-6.2900553,0.09950980544090271,1.0,0.9049261212348938
YLR350W,YOR159C,0,-6.290324,0.09948541969060898,1.0,0.9051724076271057
YDR121W,YBR275C,0,-6.290649,0.09946104884147644,1.0,0.9054186940193176
YOR142W,YKR057W,0,-6.29127,0.0994366854429245,1.0,0.9056650400161743
YPR070W,YDR486C,0,-6.2931705,0.09941234439611435,1.0,0.9059113264083862
YMR231W,YKR008W,0,-6.2932363,0.0993880033493042,1.0,0.9061576128005981
YPL181W,YGL044C,0,-6.294084,0.09936367720365524,1.0,0.9064039587974548
YBL082C,YDR190C,0,-6.294506,0.09933936595916748,1.0,0.9066502451896667
YJL020C,YDL166C,0,-6.295635,0.09931506961584091,1.0,0.9068965315818787
YOL076W,YDL040C,0,-6.2958426,0.09929078072309494,1.0,0.9071428775787354
YOR123C,YDR091C,0,-6.2965446,0.09926650673151016,1.0,0.9073891639709473
YER020W,YMR149W,0,-6.296593,0.09924224019050598,1.0,0.9076354503631592
YLR370C,YNR003C,0,-6.2978683,0.099217988550663,1.0,0.9078817963600159
YBR199W,YIR011C,0,-6.2982554,0.0991937443614006,1.0,0.9081280827522278
YML110C,YML014W,0,-6.299275,0.09916951507329941,1.0,0.9083743691444397
YMR255W,YOR130C,0,-6.3008847,0.0991453006863594,1.0,0.9086207151412964
YOR194C,YKR014C,0,-6.301045,0.09912109375,1.0,0.9088670015335083
YBL041W,YDR395W,0,-6.30228,0.09909690171480179,1.0,0.9091132879257202
YDR255C,YBR058C,0,-6.3024898,0.09907271713018417,1.0,0.9093596339225769
YGL244W,YDR484W,0,-6.3030972,0.09904854744672775,1.0,0.9096059203147888
YCR091W,YIR015W,0,-6.303859,0.09902439266443253,1.0,0.9098522067070007
YIL106W,YDL040C,0,-6.305045,0.0990002453327179,1.0,0.9100984930992126
YML071C,YDL040C,0,-6.305862,0.09897611290216446,1.0,0.9103448390960693
YGR267C,YER003C,0,-6.306725,0.09895198792219162,1.0,0.9105911254882812
YLR165C,YDR484W,0,-6.3068624,0.09892787784337997,1.0,0.9108374118804932
YNL326C,YHR027C,0,-6.3069577,0.09890377521514893,1.0,0.9110837578773499
YBR109C,YLR254C,0,-6.308997,0.09887968748807907,1.0,0.9113300442695618
YJR060W,YLR363C,0,-6.3099747,0.09885561466217041,1.0,0.9115763306617737
YMR145C,YBR283C,0,-6.310673,0.09883154928684235,1.0,0.9118226766586304
YJL002C,YBR079C,0,-6.311601,0.09880749881267548,1.0,0.9120689630508423
YHR005C,YBL090W,0,-6.312038,0.0987834557890892,1.0,0.9123152494430542
YDL113C,YPL135W,0,-6.3169622,0.09875942766666412,1.0,0.9125615954399109
YNL088W,YKR060W,0,-6.3196907,0.09873540699481964,1.0,0.9128078818321228
YKR086W,YDL006W,0,-6.3219423,0.09871140122413635,1.0,0.9130541682243347
YDR142C,YNL088W,0,-6.3241677,0.09868741035461426,1.0,0.9133005142211914
YDR039C,YKR046C,0,-6.3247905,0.09866342693567276,1.0,0.9135468006134033
YKL114C,YNL090W,0,-6.3271832,0.09863945841789246,1.0,0.9137930870056152
YNL166C,YML048W,0,-6.3279715,0.09861549735069275,1.0,0.9140394330024719
YCL017C,YOR194C,0,-6.3308597,0.09859155118465424,1.0,0.9142857193946838
YBR060C,YNR003C,0,-6.331078,0.09856761246919632,1.0,0.9145320057868958
YDR087C,YKL148C,0,-6.333549,0.0985436886548996,1.0,0.9147783517837524
YLR088W,YDL229W,0,-6.3357396,0.09851977974176407,1.0,0.9150246381759644
YNL082W,YKL175W,0,-6.335937,0.09849587827920914,1.0,0.9152709245681763
YBR212W,YKR060W,0,-6.3360724,0.0984719842672348,1.0,0.915517270565033
YML048W,YKR008W,0,-6.3372345,0.09844810515642166,1.0,0.9157635569572449
YLR332W,YKR060W,0,-6.3400245,0.09842424094676971,1.0,0.9160098433494568
YDL155W,YOR275C,0,-6.342053,0.09840038418769836,1.0,0.9162561297416687
YLR293C,YDR062W,0,-6.3420854,0.09837654232978821,1.0,0.9165024757385254
YBR109C,YLR256W,0,-6.3425403,0.09835271537303925,1.0,0.9167487621307373
YDR121W,YOR367W,0,-6.3450723,0.09832889586687088,1.0,0.9169950485229492
YOR122C,YML010W,0,-6.3457694,0.09830508381128311,1.0,0.9172413945198059
YIL075C,YGL113W,0,-6.346892,0.09828128665685654,1.0,0.9174876809120178
YMR255W,YBL057C,0,-6.346959,0.09825750440359116,1.0,0.9177339673042297
YOR159C,YBR283C,0,-6.3471255,0.09823372960090637,1.0,0.9179803133010864
YGL032C,YBR167C,0,-6.351026,0.09820996969938278,1.0,0.9182265996932983
YDL113C,YLR007W,0,-6.351156,0.09818621724843979,1.0,0.9184728860855103
YOR020C,YDR062W,0,-6.3516164,0.09816247224807739,1.0,0.9187192320823669
YLR153C,YCR009C,0,-6.3516817,0.09813874959945679,1.0,0.9189655184745789
YDL029W,YGR024C,0,-6.3534765,0.09811503440141678,1.0,0.9192118048667908
YAL051W,YML114C,0,-6.3537316,0.09809132665395737,1.0,0.9194581508636475
YHR204W,YCR009C,0,-6.355387,0.09806763380765915,1.0,0.9197044372558594
YFR024C-A,YKR008W,0,-6.3590846,0.09804394841194153,1.0,0.9199507236480713
YJR060W,YIL075C,0,-6.3600497,0.0980202779173851,1.0,0.920197069644928
YDL004W,YOL122C,0,-6.360097,0.09799662232398987,1.0,0.9204433560371399
YGL029W,YKL141W,0,-6.3601704,0.09797297418117523,1.0,0.9206896424293518
YMR153W,YER029C,0,-6.36028,0.09794933348894119,1.0,0.9209359884262085
YHR019C,YKR067W,0,-6.3614497,0.09792571514844894,1.0,0.9211822748184204
YBR286W,YDR331W,0,-6.3631477,0.0979020968079567,1.0,0.9214285612106323
YBR179C,YDR484W,0,-6.364184,0.09787849336862564,1.0,0.9216748476028442
YEL063C,YKL015W,0,-6.366138,0.09785490483045578,1.0,0.9219211935997009
YER083C,YMR037C,0,-6.3669333,0.09783132374286652,1.0,0.9221674799919128
YLR399C,YML129C,0,-6.3690114,0.09780775755643845,1.0,0.9224137663841248
YAL042W,YBL057C,0,-6.3721175,0.09778419882059097,1.0,0.9226601123809814
YML129C,YLR293C,0,-6.3764606,0.0977606549859047,1.0,0.9229063987731934
YNL330C,YDR078C,0,-6.3778157,0.09773711860179901,1.0,0.9231526851654053
YKR046C,YNL154C,0,-6.380977,0.09771359711885452,1.0,0.923399031162262
YDL102W,YIL143C,0,-6.3811965,0.09769008308649063,1.0,0.9236453175544739
YDL036C,YKL193C,0,-6.382631,0.09766658395528793,1.0,0.9238916039466858
YLR321C,YBL055C,0,-6.383779,0.09764309972524643,1.0,0.9241379499435425
YER007W,YBR293W,0,-6.38407,0.09761962294578552,1.0,0.9243842363357544
YOR257W,YKR067W,0,-6.384085,0.09759615361690521,1.0,0.9246305227279663
YOR130C,YIR011C,0,-6.3851457,0.0975726991891861,1.0,0.924876868724823
YCL011C,YCR012W,0,-6.3856993,0.09754925221204758,1.0,0.9251231551170349
YOR122C,YOR172W,0,-6.3866715,0.09752582013607025,1.0,0.9253694415092468
YOR239W,YKR014C,0,-6.387374,0.09750240296125412,1.0,0.9256157875061035
YGL113W,YDR395W,0,-6.3877625,0.09747899323701859,1.0,0.9258620738983154
YKL176C,YBR276C,0,-6.390491,0.09745559096336365,1.0,0.9261083602905273
YOR355W,YGR116W,0,-6.393584,0.0974322035908699,1.0,0.926354706287384
YBR167C,YGR095C,0,-6.3945165,0.09740883111953735,1.0,0.926600992679596
YOR362C,YIR011C,0,-6.3956685,0.0973854660987854,1.0,0.9268472790718079
YPL010W,YGR275W,0,-6.3959775,0.09736210852861404,1.0,0.9270936250686646
YER161C,YGR116W,0,-6.396224,0.09733876585960388,1.0,0.9273399114608765
YNL298W,YMR153W,0,-6.3996196,0.09731543809175491,1.0,0.9275861978530884
YNL088W,YPL120W,0,-6.400577,0.09729211777448654,1.0,0.9278324842453003
YHR188C,YGR143W,0,-6.4035616,0.09726880490779877,1.0,0.928078830242157
YCR009C,YLL024C,0,-6.403707,0.09724550694227219,1.0,0.9283251166343689
YDR121W,YPL042C,0,-6.404406,0.0972222238779068,1.0,0.9285714030265808
YLR370C,YMR243C,0,-6.406705,0.09719894826412201,1.0,0.9288177490234375
YLR175W,YDR395W,0,-6.4108505,0.09717568010091782,1.0,0.9290640354156494
YKL176C,YGR095C,0,-6.412604,0.09715242683887482,1.0,0.9293103218078613
YIL044C,YBL082C,0,-6.4132876,0.09712918847799301,1.0,0.929556667804718
YGL093W,YPR024W,0,-6.4145446,0.0971059575676918,1.0,0.9298029541969299
YJR084W,YJR006W,0,-6.4158626,0.09708273410797119,1.0,0.9300492405891418
YDL111C,YOL148C,0,-6.419559,0.09705952554941177,1.0,0.9302955865859985
YPR101W,YGR024C,0,-6.4229245,0.09703633189201355,1.0,0.9305418729782104
YCR082W,YNL330C,0,-6.4246225,0.09701314568519592,1.0,0.9307881593704224
YGL173C,YML105C,0,-6.4271274,0.09698996692895889,1.0,0.931034505367279
YLR088W,YOL115W,0,-6.4283533,0.09696680307388306,1.0,0.931280791759491
YJL091C,YNL330C,0,-6.428603,0.09694364666938782,1.0,0.9315270781517029
YFL050C,YBR109C,0,-6.4316354,0.09692050516605377,1.0,0.9317734241485596
YLR023C,YFR048W,0,-6.432093,0.09689737111330032,1.0,0.9320197105407715
YDR337W,YGR143W,0,-6.43361,0.09687425196170807,1.0,0.9322659969329834
YGR181W,YMR243C,0,-6.435621,0.09685114771127701,1.0,0.9325123429298401
YBR212W,YOL148C,0,-6.4384136,0.09682804346084595,1.0,0.932758629322052
YBL016W,YBR221C,0,-6.439822,0.09680496156215668,1.0,0.9330049157142639
YIR023W,YFL033C,0,-6.4415727,0.09678187966346741,1.0,0.9332512021064758
YCR012W,YGL022W,0,-6.4420877,0.09675882011651993,1.0,0.9334975481033325
YOR239W,YOR257W,0,-6.4421387,0.09673576056957245,1.0,0.9337438344955444
YIL106W,YIL120W,0,-6.443051,0.09671272337436676,1.0,0.9339901208877563
YBR199W,YFR024C-A,0,-6.44746,0.09668968617916107,1.0,0.934236466884613
YLR254C,YBL057C,0,-6.4507546,0.09666666388511658,1.0,0.934482753276825
YKL192C,YGL020C,0,-6.45141,0.09664365649223328,1.0,0.9347290396690369
YLR254C,YPL120W,0,-6.451995,0.09662065654993057,1.0,0.9349753856658936
YDR477W,YKL166C,0,-6.4526258,0.09659767150878906,1.0,0.9352216720581055
YML129C,YMR060C,0,-6.4543576,0.09657469391822815,1.0,0.9354679584503174
YJL178C,YLR110C,0,-6.4641213,0.09655172377824783,1.0,0.9357143044471741
YOL004W,YMR149W,0,-6.465152,0.09652876853942871,1.0,0.935960590839386
YNL156C,YHR084W,0,-6.4663224,0.09650582075119019,1.0,0.9362068772315979
YKR085C,YIR018W,0,-6.4666057,0.09648288786411285,1.0,0.9364532232284546
YPL010W,YKR008W,0,-6.467771,0.09645996987819672,1.0,0.9366995096206665
YOR230W,YMR243C,0,-6.468696,0.09643705189228058,1.0,0.9369457960128784
YNL223W,YOR210W,0,-6.473294,0.09641415625810623,1.0,0.9371921420097351
YFL048C,YDR532C,0,-6.4788175,0.09639126062393188,1.0,0.937438428401947
YML051W,YLR450W,0,-6.480108,0.09636837989091873,1.0,0.9376847147941589
YOR304W,YGL049C,0,-6.4803834,0.09634551405906677,1.0,0.9379310607910156
YGR056W,YOR172W,0,-6.482999,0.09632265567779541,1.0,0.9381773471832275
YFR041C,YML051W,0,-6.483894,0.09629981219768524,1.0,0.9384236335754395
YDL008W,YMR149W,0,-6.4861665,0.09627697616815567,1.0,0.9386699795722961
YOL039W,YGL022W,0,-6.4879546,0.0962541475892067,1.0,0.9389162659645081
YDL005C,YOR194C,0,-6.4895725,0.09623133391141891,1.0,0.93916255235672
YKL085W,YKL175W,0,-6.489754,0.09620852768421173,1.0,0.9394088387489319
YKR085C,YMR060C,0,-6.490684,0.09618573635816574,1.0,0.9396551847457886
YDR140W,YML021C,0,-6.4929943,0.09616295248270035,1.0,0.9399014711380005
YDR394W,YPR086W,0,-6.493754,0.09614018350839615,1.0,0.9401477575302124
YLL006W,YKL140W,0,-6.4938865,0.09611742198467255,1.0,0.9403941035270691
YJR002W,YNL113W,0,-6.4953036,0.09609467536211014,1.0,0.940640389919281
YMR200W,YML109W,0,-6.4955993,0.09607193619012833,1.0,0.9408866763114929
YLL015W,YJR060W,0,-6.4990487,0.09604920446872711,1.0,0.9411330223083496
YAL051W,YCR008W,0,-6.4990516,0.09602648764848709,1.0,0.9413793087005615
YPR086W,YDR002W,0,-6.5003023,0.09600378572940826,1.0,0.9416255950927734
YBL024W,YNL154C,0,-6.50178,0.09598108381032944,1.0,0.9418719410896301
YGR275W,YDR425W,0,-6.506471,0.0959584042429924,1.0,0.942118227481842
YNR034W,YBR216C,0,-6.5113516,0.09593572467565536,1.0,0.942364513874054
YBL090W,YER100W,0,-6.5116296,0.09591306746006012,1.0,0.9426108598709106
YDL209C,YDR498C,0,-6.5158515,0.09589041024446487,1.0,0.9428571462631226
YMR281W,YDR140W,0,-6.5162706,0.09586776793003082,1.0,0.9431034326553345
YPL075W,YPR086W,0,-6.516476,0.09584514051675797,1.0,0.9433497786521912
YHR074W,YJL154C,0,-6.517485,0.09582251310348511,1.0,0.9435960650444031
YLR309C,YLR321C,0,-6.5192018,0.09579990804195404,1.0,0.943842351436615
YJL081C,YMR255W,0,-6.5192623,0.09577730298042297,1.0,0.9440886974334717
YBR068C,YDL102W,0,-6.5320983,0.0957547202706337,1.0,0.9443349838256836
YMR225C,YGR116W,0,-6.536611,0.09573213756084442,1.0,0.9445812702178955
YNL156C,YDR091C,0,-6.538936,0.09570956975221634,1.0,0.9448275566101074
YAL042W,YDR395W,0,-6.542805,0.09568701684474945,1.0,0.9450739026069641
YFR024C-A,YJR046W,0,-6.5450397,0.09566446393728256,1.0,0.945320188999176
YPL271W,YLR309C,0,-6.546676,0.09564193338155746,1.0,0.9455664753913879
YOR265W,YDR477W,0,-6.5484624,0.09561940282583237,1.0,0.9458128213882446
YOR257W,YNL298W,0,-6.54953,0.09559689462184906,1.0,0.9460591077804565
YBR068C,YKL195W,0,-6.560962,0.09557438641786575,1.0,0.9463053941726685
YMR037C,YIR015W,0,-6.5628467,0.09555189311504364,1.0,0.9465517401695251
YHR114W,YJR046W,0,-6.5683336,0.09552941471338272,1.0,0.9467980265617371
YIL075C,YER161C,0,-6.568839,0.0955069363117218,1.0,0.947044312953949
YJL091C,YLR328W,0,-6.570015,0.09548448026180267,1.0,0.9472906589508057
YDR190C,YPR088C,0,-6.570633,0.09546202421188354,1.0,0.9475369453430176
YNL298W,YGR199W,0,-6.572537,0.09543958306312561,1.0,0.9477832317352295
YBL047C,YGR029W,0,-6.573723,0.09541715681552887,1.0,0.9480295777320862
YLR309C,YKR095W,0,-6.5754523,0.09539473801851273,1.0,0.9482758641242981
YMR235C,YJL121C,0,-6.577316,0.09537232667207718,1.0,0.94852215051651
YGR262C,YER093C,0,-6.5788255,0.09534993022680283,1.0,0.9487684965133667
YDR017C,YIR012W,0,-6.58408,0.09532754123210907,1.0,0.9490147829055786
YGR267C,YOR187W,0,-6.584848,0.09530516713857651,1.0,0.9492610692977905
YOR239W,YML074C,0,-6.58943,0.09528280049562454,1.0,0.9495074152946472
YJR060W,YIL144W,0,-6.5897937,0.09526044130325317,1.0,0.9497537016868591
YKL114C,YML014W,0,-6.5898795,0.095238097012043,1.0,0.949999988079071
YGR158C,YGR095C,0,-6.5903716,0.09521576017141342,1.0,0.9502463340759277
YOR355W,YJR102C,0,-6.5972404,0.09519343823194504,1.0,0.9504926204681396
YDR062W,YHR084W,0,-6.599781,0.09517112374305725,1.0,0.9507389068603516
YOL100W,YFR031C,0,-6.6057477,0.09514881670475006,1.0,0.9509851932525635
YHR193C,YBR010W,0,-6.608995,0.09512652456760406,1.0,0.9512315392494202
YHR019C,YHR133C,0,-6.6096535,0.09510423988103867,1.0,0.9514778256416321
YBR060C,YBR002C,0,-6.611222,0.09508197009563446,1.0,0.951724112033844
YMR091C,YPR139C,0,-6.613501,0.09505970776081085,1.0,0.9519704580307007
YNL156C,YCR024C-A,0,-6.619795,0.09503745287656784,1.0,0.9522167444229126
YDR184C,YOR275C,0,-6.6352954,0.09501521289348602,1.0,0.9524630308151245
YLR259C,YKL175W,0,-6.635897,0.0949929803609848,1.0,0.9527093768119812
YDL113C,YIR023W,0,-6.637668,0.09497076272964478,1.0,0.9529556632041931
YDL074C,YIL143C,0,-6.637936,0.09494855254888535,1.0,0.953201949596405
YLR370C,YOR241W,0,-6.638325,0.09492634981870651,1.0,0.9534482955932617
YHR038W,YKR008W,0,-6.639028,0.09490416198968887,1.0,0.9536945819854736
YGL020C,YLR321C,0,-6.644905,0.09488198161125183,1.0,0.9539408683776855
YNL326C,YNL082W,0,-6.6473026,0.09485981613397598,1.0,0.9541872143745422
YLL022C,YHR088W,0,-6.6479373,0.09483765810728073,1.0,0.9544335007667542
YFL050C,YLR238W,0,-6.652171,0.09481550753116608,1.0,0.9546797871589661
YNR003C,YPR088C,0,-6.6533165,0.09479337185621262,1.0,0.9549261331558228
YPL224C,YBR172C,0,-6.654265,0.09477124363183975,1.0,0.9551724195480347
YOR257W,YKL148C,0,-6.6552696,0.09474912285804749,1.0,0.9554187059402466
YMR092C,YNL156C,0,-6.656255,0.09472701698541641,1.0,0.9556650519371033
YGR029W,YLR088W,0,-6.6572733,0.09470491856336594,1.0,0.9559113383293152
YIL038C,YGR116W,0,-6.657309,0.09468283504247665,1.0,0.9561576247215271
YDL074C,YLR119W,0,-6.662756,0.09466075897216797,1.0,0.956403911113739
YML110C,YNL330C,0,-6.663585,0.09463869780302048,1.0,0.9566502571105957
YBR228W,YDR477W,0,-6.664889,0.09461663663387299,1.0,0.9568965435028076
YPR020W,YOL068C,0,-6.6659856,0.09459459781646729,1.0,0.9571428298950195
YLL015W,YKR014C,0,-6.666454,0.09457255899906158,1.0,0.9573891758918762
YMR138W,YLR292C,0,-6.6691666,0.09455053508281708,1.0,0.9576354622840881
YLR370C,YBR109C,0,-6.6750507,0.09452851861715317,1.0,0.9578817486763
YIR022W,YGL100W,0,-6.6754246,0.09450651705265045,1.0,0.9581280946731567
YNR054C,YGR095C,0,-6.6776195,0.09448452293872833,1.0,0.9583743810653687
YJR060W,YDL194W,0,-6.678442,0.09446254372596741,1.0,0.9586206674575806
YMR255W,YOR265W,0,-6.6823783,0.09444056451320648,1.0,0.9588670134544373
YGR029W,YOR020C,0,-6.6828847,0.09441860765218735,1.0,0.9591132998466492
YBR200W,YJL104W,0,-6.6930084,0.09439665079116821,1.0,0.9593595862388611
YFL050C,YNL223W,0,-6.698856,0.09437470883131027,1.0,0.9596059322357178
YML129C,YLR165C,0,-6.700437,0.09435277432203293,1.0,0.9598522186279297
YOR304W,YPR181C,0,-6.705135,0.09433085471391678,1.0,0.9600985050201416
YKL015W,YNL154C,0,-6.7108006,0.09430894255638123,1.0,0.9603448510169983
YEL017C-A,YOR187W,0,-6.715296,0.09428703784942627,1.0,0.9605911374092102
YBR286W,YBL041W,0,-6.7169366,0.09426514804363251,1.0,0.9608374238014221
YOL068C,YPL138C,0,-6.7185073,0.09424326568841934,1.0,0.9610837697982788
YHL034C,YPR086W,0,-6.719177,0.09422139823436737,1.0,0.9613300561904907
YJL081C,YLR096W,0,-6.720925,0.094199538230896,1.0,0.9615763425827026
YHR171W,YKR060W,0,-6.7249684,0.09417768567800522,1.0,0.9618226885795593
YOR355W,YHR135C,0,-6.7267156,0.09415584057569504,1.0,0.9620689749717712
YKL015W,YOR265W,0,-6.7276287,0.09413401037454605,1.0,0.9623152613639832
YKL019W,YML105C,0,-6.728021,0.09411219507455826,1.0,0.9625615477561951
YGR267C,YDR409W,0,-6.73041,0.09409037977457047,1.0,0.9628078937530518
YMR235C,YDR280W,0,-6.7360435,0.09406857937574387,1.0,0.9630541801452637
YBR290W,YOL148C,0,-6.739953,0.09404679387807846,1.0,0.9633004665374756
YLR008C,YDR395W,0,-6.742087,0.09402500838041306,1.0,0.9635468125343323
YLR276C,YDR465C,0,-6.7456613,0.09400323778390884,1.0,0.9637930989265442
YDL115C,YLR007W,0,-6.7514596,0.09398148208856583,1.0,0.9640393853187561
YLR276C,YFR001W,0,-6.7529874,0.0939597338438034,1.0,0.9642857313156128
YOR020C,YJR102C,0,-6.7536182,0.09393799304962158,1.0,0.9645320177078247
YDR075W,YKR008W,0,-6.7567325,0.09391625970602036,1.0,0.9647783041000366
YBR079C,YER049W,0,-6.7584558,0.09389454126358032,1.0,0.9650246500968933
YGL019W,YBR086C,0,-6.758672,0.09387283027172089,1.0,0.9652709364891052
YML099C,YBR123C,0,-6.758892,0.09385113418102264,1.0,0.9655172228813171
YMR092C,YKR014C,0,-6.7633424,0.093829445540905,1.0,0.9657635688781738
YPL075W,YKR014C,0,-6.7672243,0.09380776435136795,1.0,0.9660098552703857
YDR017C,YOR122C,0,-6.770686,0.0937860906124115,1.0,0.9662561416625977
YOL122C,YMR197C,0,-6.776358,0.09376443177461624,1.0,0.9665024876594543
YGR262C,YLR090W,0,-6.7768073,0.09374278783798218,1.0,0.9667487740516663
YAL022C,YNL154C,0,-6.776817,0.09372114390134811,1.0,0.9669950604438782
YER083C,YLR097C,0,-6.7782187,0.09369951486587524,1.0,0.9672414064407349
YHR197W,YDR395W,0,-6.778245,0.09367789328098297,1.0,0.9674876928329468
YIL035C,YJL039C,0,-6.786115,0.09365628659725189,1.0,0.9677339792251587
YIL035C,YBR283C,0,-6.7870326,0.09363468736410141,1.0,0.9679803252220154
YDR148C,YPL042C,0,-6.797548,0.09361309558153152,1.0,0.9682266116142273
YML110C,YER093C,0,-6.8016896,0.09359151870012283,1.0,0.9684728980064392
YDR190C,YLR197W,0,-6.804007,0.09356994926929474,1.0,0.9687191843986511
YKL148C,YMR146C,0,-6.8079977,0.09354838728904724,1.0,0.9689655303955078
YKL114C,YGL173C,0,-6.8084397,0.09352684020996094,1.0,0.9692118167877197
YGL173C,YFR024C-A,0,-6.8169627,0.09350530058145523,1.0,0.9694581031799316
YCR042C,YDL120W,0,-6.817515,0.09348376840353012,1.0,0.9697044491767883
YBR218C,YHR027C,0,-6.8195233,0.09346224367618561,1.0,0.9699507355690002
YPL075W,YBR058C,0,-6.82174,0.09344073385000229,1.0,0.9701970219612122
YFR041C,YJL154C,0,-6.827503,0.09341923892498016,1.0,0.9704433679580688
YML010W,YPR024W,0,-6.828331,0.09339774399995804,1.0,0.9706896543502808
YDL074C,YDL130W-A,0,-6.828508,0.0933762639760971,1.0,0.9709359407424927
YLR276C,YLR401C,0,-6.8402977,0.09335479140281677,1.0,0.9711822867393494
YGL019W,YMR235C,0,-6.8414106,0.09333333373069763,1.0,0.9714285731315613
YBR109C,YKL141W,0,-6.8435035,0.09331188350915909,1.0,0.9716748595237732
YMR255W,YDR255C,0,-6.8501196,0.09329044073820114,1.0,0.9719212055206299
YNL113W,YIR012W,0,-6.850287,0.09326901286840439,1.0,0.9721674919128418
YEL017C-A,YJL154C,0,-6.851789,0.09324758499860764,1.0,0.9724137783050537
YLR117C,YPR031W,0,-6.8561206,0.09322617948055267,1.0,0.9726601243019104
YGR275W,YDR166C,0,-6.8566256,0.09320477396249771,1.0,0.9729064106941223
YOR020C,YMR200W,0,-6.859401,0.09318338334560394,1.0,0.9731526970863342
YOR030W,YMR109W,0,-6.8602333,0.09316200017929077,1.0,0.9733990430831909
YDL166C,YBL057C,0,-6.867942,0.0931406319141388,1.0,0.9736453294754028
YFR021W,YNR008W,0,-6.87227,0.09311926364898682,1.0,0.9738916158676147
YFL048C,YOR304W,0,-6.8756,0.09309791028499603,1.0,0.9741379022598267
YDR337W,YAL051W,0,-6.8757014,0.09307657182216644,1.0,0.9743842482566833
YEL017C-A,YMR156C,0,-6.88138,0.09305524080991745,1.0,0.9746305346488953
YML004C,YDL111C,0,-6.8874736,0.09303391724824905,1.0,0.9748768210411072
YHR197W,YMR093W,0,-6.889469,0.09301260113716125,1.0,0.9751231670379639
YDL040C,YOR261C,0,-6.891991,0.09299129992723465,1.0,0.9753694534301758
YDL102W,YDR137W,0,-6.892355,0.09296999871730804,1.0,0.9756157398223877
YLR309C,YBR167C,0,-6.894704,0.09294871985912323,1.0,0.9758620858192444
YKL073W,YDR200C,0,-6.895592,0.09292744100093842,1.0,0.9761083722114563
YGL020C,YLR097C,0,-6.8958507,0.0929061770439148,1.0,0.9763546586036682
YLR117C,YLR119W,0,-6.9163585,0.09288492053747177,1.0,0.9766010046005249
YKL019W,YNL154C,0,-6.919946,0.09286367893218994,1.0,0.9768472909927368
YOL100W,YDR419W,0,-6.9264455,0.09284244477748871,1.0,0.9770935773849487
YDR121W,YGR095C,0,-6.929417,0.09282121807336807,1.0,0.9773399233818054
YMR214W,YBR283C,0,-6.929622,0.09279999881982803,1.0,0.9775862097740173
YDL113C,YDR028C,0,-6.9342585,0.09277879446744919,1.0,0.9778324961662292
YOL054W,YDR498C,0,-6.9349623,0.09275759756565094,1.0,0.9780788421630859
YAL022C,YDR005C,0,-6.9351754,0.09273640811443329,1.0,0.9783251285552979
YMR091C,YJL045W,0,-6.937855,0.09271523356437683,1.0,0.9785714149475098
YNR054C,YOR056C,0,-6.939257,0.09269406646490097,1.0,0.9788177609443665
YDL004W,YLR427W,0,-6.9441395,0.0926729068160057,1.0,0.9790640473365784
YDR121W,YNL088W,0,-6.950601,0.09265175461769104,1.0,0.9793103337287903
YMR091C,YMR149W,0,-6.9523983,0.09263061732053757,1.0,0.979556679725647
YDL008W,YGR262C,0,-6.953555,0.09260948747396469,1.0,0.9798029661178589
YOR187W,YDL128W,0,-6.953584,0.09258837252855301,1.0,0.9800492525100708
YDR485C,YPR125W,0,-6.9567914,0.09256725758314133,1.0,0.9802955389022827
YML074C,YDR148C,0,-6.9582524,0.09254615753889084,1.0,0.9805418848991394
YKR057W,YDR190C,0,-6.9914894,0.09252506494522095,1.0,0.9807881712913513
YDR091C,YMR079W,0,-7.004003,0.09250398725271225,1.0,0.9810344576835632
YJL201W,YKR014C,0,-7.0234146,0.09248291701078415,1.0,0.9812808036804199
YDR485C,YMR197C,0,-7.02979,0.09246185421943665,1.0,0.9815270900726318
YML105C,YDR372C,0,-7.031318,0.09244079887866974,1.0,0.9817733764648438
YER003C,YMR079W,0,-7.038897,0.09241975843906403,1.0,0.9820197224617004
YDR477W,YJL069C,0,-7.0432997,0.09239872545003891,1.0,0.9822660088539124
YMR014W,YGL227W,0,-7.047525,0.09237769991159439,1.0,0.9825122952461243
YKL019W,YJR126C,0,-7.0492916,0.09235668927431107,1.0,0.982758641242981
YBR167C,YMR197C,0,-7.0515933,0.09233568608760834,1.0,0.9830049276351929
YKL019W,YNL330C,0,-7.0560045,0.0923146903514862,1.0,0.9832512140274048
YNR049C,YJL053W,0,-7.064276,0.09229370206594467,1.0,0.9834975600242615
YLR276C,YHR088W,0,-7.0655007,0.09227272868156433,1.0,0.9837438464164734
YIL075C,YGL207W,0,-7.074034,0.09225176274776459,1.0,0.9839901328086853
YOL054W,YGR095C,0,-7.076319,0.09223080426454544,1.0,0.984236478805542
YOR241W,YBL057C,0,-7.0788856,0.09220985323190689,1.0,0.9844827651977539
YDL004W,YNL216W,0,-7.084006,0.09218891710042953,1.0,0.9847290515899658
YML110C,YPR086W,0,-7.0931587,0.09216798841953278,1.0,0.9849753975868225
YHL034C,YML124C,0,-7.096622,0.09214707463979721,1.0,0.9852216839790344
YGL020C,YOR126C,0,-7.099722,0.09212616086006165,1.0,0.9854679703712463
YKR085C,YLR328W,0,-7.1000915,0.09210526198148727,1.0,0.9857142567634583
YDR211W,YBL041W,0,-7.103866,0.0920843705534935,1.0,0.9859606027603149
YKL176C,YPR125W,0,-7.1058097,0.09206349402666092,1.0,0.9862068891525269
YFL023W,YNR054C,0,-7.1074414,0.09204261749982834,1.0,0.9864531755447388
YOR304W,YLR182W,0,-7.116721,0.09202175587415695,1.0,0.9866995215415955
YDL111C,YKL193C,0,-7.1199765,0.09200090914964676,1.0,0.9869458079338074
YOR241W,YML105C,0,-7.120821,0.09198006242513657,1.0,0.9871920943260193
YCL011C,YDL128W,0,-7.1260257,0.09195923060178757,1.0,0.987438440322876
YAL042W,YBR086C,0,-7.1312556,0.09193840622901917,1.0,0.9876847267150879
YDL004W,YBR171W,0,-7.1454377,0.09191758930683136,1.0,0.9879310131072998
YMR091C,YLR119W,0,-7.1527486,0.09189678728580475,1.0,0.9881773591041565
YGR262C,YMR197C,0,-7.179957,0.09187599271535873,1.0,0.9884236454963684
YKR085C,YMR153W,0,-7.1883993,0.09185520559549332,1.0,0.9886699318885803
YDL004W,YDL128W,0,-7.1964784,0.0918344259262085,1.0,0.988916277885437
YML124C,YOR187W,0,-7.206042,0.09181366115808487,1.0,0.9891625642776489
YLR007W,YCR008W,0,-7.2123213,0.09179290384054184,1.0,0.9894088506698608
YOR257W,YDL153C,0,-7.2279496,0.0917721539735794,1.0,0.9896551966667175
YKL192C,YPR088C,0,-7.245126,0.09175141155719757,1.0,0.9899014830589294
YOL068C,YOR122C,0,-7.256411,0.09173068404197693,1.0,0.9901477694511414
YMR281W,YKR025W,0,-7.2636523,0.09170996397733688,1.0,0.990394115447998
YJL091C,YDR485C,0,-7.2977366,0.09168925136327744,1.0,0.99064040184021
YOR142W,YNL156C,0,-7.3065095,0.09166854619979858,1.0,0.9908866882324219
YML048W,YCR009C,0,-7.309356,0.09164785593748093,1.0,0.9911330342292786
YLR259C,YPR033C,0,-7.322528,0.09162717312574387,1.0,0.9913793206214905
YBL047C,YMR281W,0,-7.323448,0.0916064977645874,1.0,0.9916256070137024
YMR153W,YJL104W,0,-7.3463454,0.09158582985401154,1.0,0.9918718934059143
YBR236C,YDL128W,0,-7.3475485,0.09156517684459686,1.0,0.992118239402771
YDR017C,YLR427W,0,-7.3530927,0.09154453128576279,1.0,0.9923645257949829
YPL051W,YNL326C,0,-7.353455,0.09152389317750931,1.0,0.9926108121871948
YBL047C,YDR486C,0,-7.3815646,0.09150326997041702,1.0,0.9928571581840515
YDR299W,YGL029W,0,-7.3855953,0.09148264676332474,1.0,0.9931034445762634
YDL008W,YNL330C,0,-7.3882823,0.09146203845739365,1.0,0.9933497309684753
YLR259C,YOR122C,0,-7.414095,0.09144144505262375,1.0,0.993596076965332
YDR142C,YKR008W,0,-7.438656,0.09142085164785385,1.0,0.993842363357544
YGR028W,YKR014C,0,-7.4830356,0.09140027314424515,1.0,0.9940886497497559
YGL020C,YMR225C,0,-7.5092654,0.09137970209121704,1.0,0.9943349957466125
YMR091C,YDR075W,0,-7.5149693,0.09135913848876953,1.0,0.9945812821388245
YBR283C,YBR265W,0,-7.527469,0.09133858233690262,1.0,0.9948275685310364
YCR031C,YGR192C,0,-7.546607,0.0913180410861969,1.0,0.9950739145278931
YDL074C,YDR486C,0,-7.5494714,0.09129750728607178,1.0,0.995320200920105
YKR002W,YDR477W,0,-7.5543027,0.09127698093652725,1.0,0.9955664873123169
YLR005W,YER093C,0,-7.5658593,0.09125646203756332,1.0,0.9958128333091736
YOR257W,YDR337W,0,-7.580115,0.09123595803976059,1.0,0.9960591197013855
YNR003C,YGL227W,0,-7.582415,0.09121545404195786,1.0,0.9963054060935974
YDL004W,YIR011C,0,-7.583722,0.09119496494531631,1.0,0.9965517520904541
YFL048C,YDR486C,0,-7.589064,0.09117449074983597,1.0,0.996798038482666
YNR003C,YGR143W,0,-7.6069636,0.09115401655435562,1.0,0.9970443248748779
YDR121W,YGR081C,0,-7.641793,0.09113355726003647,1.0,0.9972906112670898
YMR109W,YPR024W,0,-7.7068563,0.09111310541629791,1.0,0.9975369572639465
YNL330C,YGL066W,0,-7.8360333,0.09109266102313995,1.0,0.9977832436561584
YOR122C,YMR149W,0,-7.848071,0.09107223153114319,1.0,0.9980295300483704
YOL139C,YOR122C,0,-7.871434,0.09105180203914642,1.0,0.998275876045227
YGL066W,YHR135C,0,-7.8905063,0.09103138744831085,1.0,0.998522162437439
YGL029W,YDR091C,0,-7.8935175,0.09101098775863647,1.0,0.9987684488296509
YOR304W,YER022W,0,-7.953071,0.0909905880689621,1.0,0.9990147948265076
YJL002C,YMR079W,0,-7.972978,0.09097019582986832,1.0,0.9992610812187195
YPR033C,YDR395W,0,-7.9873004,0.09094981849193573,1.0,0.9995073676109314
YKL073W,YBR119W,0,-8.005186,0.09092944860458374,1.0,0.9997537136077881
YAL038W,YCR012W,0,-9.9540415,0.09090909361839294,1.0,1.0
