Gene A,Gene B,Label,Score,Precision,Recall,False Positive Rate
YLR293C,YHR096C,0,5.0084915,0.0,0.0,0.00010003001079894602
YHR042W,YER037W,0,4.5485544,0.0,0.0,0.00020006002159789205
YOR010C,YKL096W-A,1,4.1806784,0.3333333432674408,0.0009970089886337519,0.00020006002159789205
YNL160W,YNL066W,1,3.9417934,0.5,0.0019940179772675037,0.00020006002159789205
YJL190C,YKL093W,0,3.9275641,0.4000000059604645,0.0019940179772675037,0.00030009003239683807
YGR189C,YLR037C,1,3.8663619,0.5,0.0029910269659012556,0.00030009003239683807
YOR383C,YGR189C,1,3.8469477,0.5714285969734192,0.0039880359545350075,0.00030009003239683807
YOR247W,YNL160W,1,3.7452922,0.625,0.004985044710338116,0.00030009003239683807
YKR042W,YKL163W,1,3.7218385,0.6666666865348816,0.005982053931802511,0.00030009003239683807
YDR461W,YOR382W,1,3.614746,0.699999988079071,0.006979062687605619,0.00030009003239683807
YBL039C,YLR120C,0,3.567202,0.6363636255264282,0.006979062687605619,0.0004001200431957841
YNR044W,YLR110C,1,3.4666724,0.6666666865348816,0.007976071909070015,0.0004001200431957841
YNR044W,YKL163W,1,3.4464989,0.692307710647583,0.008973080664873123,0.0004001200431957841
YGL253W,YER045C,0,3.4316096,0.6428571343421936,0.008973080664873123,0.0005001500248908997
YER150W,YBR162C,1,3.3890347,0.6666666865348816,0.009970089420676231,0.0005001500248908997
YIL011W,YPL089C,0,3.374562,0.625,0.009970089420676231,0.0006001800647936761
YDR261C,YDR032C,1,3.3654735,0.6470588445663452,0.010967099107801914,0.0006001800647936761
YNL327W,YJR004C,1,3.3326898,0.6666666865348816,0.011964107863605022,0.0006001800647936761
YNL117W,YLR264W,0,3.3300216,0.6315789222717285,0.011964107863605022,0.0007002100464887917
YMR197C,YMR215W,0,3.2841234,0.6000000238418579,0.011964107863605022,0.0008002400863915682
YGL148W,YDL204W,0,3.2781703,0.5714285969734192,0.011964107863605022,0.0009002700680866838
YDL191W,YPL196W,0,3.2756653,0.5454545617103577,0.011964107863605022,0.0010003000497817993
YMR174C,YDL014W,0,3.262227,0.52173912525177,0.011964107863605022,0.0011003301478922367
YCR089W,YOR382W,1,3.2350254,0.5416666865348816,0.01296111661940813,0.0011003301478922367
YAL005C,YBR093C,1,3.2234187,0.5600000023841858,0.013958125375211239,0.0011003301478922367
YDR077W,YAR071W,1,3.2175093,0.5769230723381042,0.014955134131014347,0.0011003301478922367
YNR044W,YJL079C,1,3.191337,0.5925925970077515,0.01595214381814003,0.0011003301478922367
YDR055W,YEL060C,1,3.1738935,0.6071428656578064,0.016949152573943138,0.0011003301478922367
YLR300W,YEL060C,1,3.1555185,0.6206896305084229,0.017946161329746246,0.0011003301478922367
YOL155C,YNL160W,1,3.142941,0.6333333253860474,0.018943170085549355,0.0011003301478922367
YFL011W,YOR303W,0,3.11735,0.6129032373428345,0.018943170085549355,0.0012003601295873523
YOR034C,YGL008C,0,3.1057463,0.59375,0.018943170085549355,0.0013003901112824678
YLR121C,YCR089W,1,3.090833,0.6060606241226196,0.019940178841352463,0.0013003901112824678
YMR251W-A,YMR079W,0,3.0806782,0.5882353186607361,0.019940178841352463,0.0014004200929775834
YER150W,YLR110C,1,3.0704012,0.6000000238418579,0.02093718759715557,0.0014004200929775834
YJR086W,YOR204W,0,3.0679958,0.5833333134651184,0.02093718759715557,0.0015004501910880208
YLR110C,YGR189C,1,3.0563488,0.5945945978164673,0.02193419821560383,0.0015004501910880208
YLR205C,YGL055W,0,3.042745,0.5789473652839661,0.02193419821560383,0.0016004801727831364
YJR145C,YCL034W,0,3.0195954,0.5641025900840759,0.02193419821560383,0.001700510154478252
YDR055W,YLR158C,1,3.01863,0.574999988079071,0.022931206971406937,0.001700510154478252
YOR247W,YIR039C,1,3.0170693,0.5853658318519592,0.023928215727210045,0.001700510154478252
YOR063W,YPR054W,0,2.9683723,0.5714285969734192,0.023928215727210045,0.0018005401361733675
YJR073C,YNL255C,0,2.9666214,0.5581395626068115,0.023928215727210045,0.001900570117868483
YHR014W,YDL084W,0,2.9459696,0.5454545617103577,0.023928215727210045,0.0020006000995635986
YOR247W,YDR534C,1,2.9418008,0.5555555820465088,0.024925224483013153,0.0020006000995635986
YML123C,YBR282W,0,2.9342766,0.54347825050354,0.024925224483013153,0.002100630197674036
YBR078W,YBR056W,1,2.928584,0.5531914830207825,0.02592223323881626,0.002100630197674036
YKR042W,YBR056W,1,2.9262624,0.5625,0.02691924199461937,0.002100630197674036
YLR121C,YLR160C,1,2.9203894,0.5714285969734192,0.027916250750422478,0.002100630197674036
YHR143W,YEL060C,1,2.9195924,0.5799999833106995,0.028913259506225586,0.002100630197674036
YKL096W,YKL163W,1,2.9135587,0.5882353186607361,0.029910268262028694,0.002100630197674036
YMR250W,YDR518W,0,2.9112513,0.5769230723381042,0.029910268262028694,0.0022006602957844734
YER150W,YDR253C,0,2.9059005,0.5660377144813538,0.029910268262028694,0.002300690161064267
YMR302C,YHR025W,0,2.8918524,0.5555555820465088,0.029910268262028694,0.0024007202591747046
YKL212W,YBL075C,0,2.8901708,0.5454545617103577,0.029910268262028694,0.0025007501244544983
YLR299W,YJR105W,0,2.879734,0.5357142686843872,0.029910268262028694,0.0026007802225649357
YOR393W,YNL239W,0,2.8598924,0.5263158082962036,0.029910268262028694,0.002700810320675373
YER055C,YGR256W,0,2.859082,0.517241358757019,0.029910268262028694,0.002800840185955167
YNR044W,YDR032C,1,2.8581522,0.5254237055778503,0.03090727888047695,0.002800840185955167
YNR044W,YLR121C,1,2.8562992,0.5333333611488342,0.03190428763628006,0.002800840185955167
YNL012W,YKL164C,1,2.856176,0.5409836173057556,0.03290129452943802,0.002800840185955167
YIR019C,YDL049C,1,2.7993994,0.5483871102333069,0.033898305147886276,0.002800840185955167
YOR383C,YGR014W,1,2.7992225,0.5555555820465088,0.034895315766334534,0.002800840185955167
YOR010C,YOL155C,1,2.792739,0.5625,0.03589232265949249,0.002800840185955167
YNL160W,YIL011W,1,2.7925262,0.5692307949066162,0.03688933327794075,0.002800840185955167
YNR044W,YER065C,1,2.7899451,0.5757575631141663,0.03788634017109871,0.002800840185955167
YKL096W-A,YLR160C,1,2.7888484,0.5820895433425903,0.03888335078954697,0.002800840185955167
YBL072C,YNL222W,0,2.782494,0.5735294222831726,0.03888335078954697,0.002900870284065604
YMR202W,YAL017W,0,2.778791,0.5652173757553101,0.03888335078954697,0.0030009003821760416
YJL079C,YKL096W,1,2.7755125,0.5714285969734192,0.039880357682704926,0.0030009003821760416
YOL030W,YLR158C,1,2.7576065,0.577464759349823,0.04087736830115318,0.0030009003821760416
YJL158C,YLR157C,1,2.752132,0.5833333134651184,0.04187437519431114,0.0030009003821760416
YLR286C,YOR344C,0,2.7478843,0.5753424763679504,0.04187437519431114,0.0031009302474558353
YGR148C,YER033C,0,2.7175386,0.5675675868988037,0.04187437519431114,0.0032009603455662727
YMR307W,YOR190W,1,2.7162802,0.5733333230018616,0.0428713858127594,0.0032009603455662727
YDR461W,YDR032C,1,2.7146535,0.5789473652839661,0.04386839643120766,0.0032009603455662727
YIR039C,YIL111W,0,2.7072084,0.5714285969734192,0.04386839643120766,0.0033009902108460665
YBR251W,YMR290C,0,2.6988938,0.5641025900840759,0.04386839643120766,0.003401020308956504
YDL191W,YPL055C,0,2.694683,0.5569620132446289,0.04386839643120766,0.0035010504070669413
YDR077W,YKR013W,1,2.6911817,0.5625,0.044865403324365616,0.0035010504070669413
YJL132W,YLR300W,1,2.684636,0.5679012537002563,0.04586241394281387,0.0035010504070669413
YOR383C,YOL154W,1,2.6818545,0.5731707215309143,0.04685942083597183,0.0035010504070669413
YML081C-A,YLR056W,0,2.6799269,0.5662650465965271,0.04685942083597183,0.003601080272346735
YHR136C,YLR154C,0,2.6797948,0.5595238208770752,0.04685942083597183,0.0037011103704571724
YMR282C,YMR011W,0,2.6774416,0.5529412031173706,0.04685942083597183,0.003801140235736966
YDR513W,YCR016W,0,2.6771362,0.5465116500854492,0.04685942083597183,0.0039011703338474035
YOR101W,YOR173W,0,2.6619601,0.540229856967926,0.04685942083597183,0.004001200199127197
YJL142C,YJR105W,0,2.6584096,0.5340909361839294,0.04685942083597183,0.004101230297237635
YLR390W-A,YOR382W,1,2.6527622,0.5393258333206177,0.04785643145442009,0.004101230297237635
YAL061W,YOR224C,0,2.6448402,0.5333333611488342,0.04785643145442009,0.004201260395348072
YHR211W,YKL096W,1,2.6444635,0.5384615659713745,0.04885343834757805,0.004201260395348072
YER103W,YDL153C,0,2.6438205,0.532608687877655,0.04885343834757805,0.0043012904934585094
YPL123C,YKL096W-A,1,2.6395555,0.5376344323158264,0.049850448966026306,0.0043012904934585094
YGL153W,YPL220W,0,2.6368227,0.5319148898124695,0.049850448966026306,0.004401320591568947
YMR081C,YJL093C,0,2.6312675,0.5263158082962036,0.049850448966026306,0.004501350224018097
YDR055W,YLR157C,1,2.6308885,0.53125,0.050847455859184265,0.004501350224018097
YOL064C,YJL172W,0,2.63026,0.5257731676101685,0.050847455859184265,0.004601380322128534
YMR105C,YIL096C,0,2.626314,0.5204081535339355,0.050847455859184265,0.004701410420238972
YER056C,YEL013W,0,2.6191475,0.5151515007019043,0.050847455859184265,0.004801440518349409
YAL003W,YLR246W,0,2.6182427,0.5099999904632568,0.050847455859184265,0.0049014706164598465
YKL053C-A,YBR191W,0,2.61291,0.5049505233764648,0.050847455859184265,0.005001500248908997
YMR323W,YIR039C,0,2.604795,0.5,0.050847455859184265,0.005101530347019434
YNR044W,YEL060C,1,2.5993397,0.5048543810844421,0.05184446647763252,0.005101530347019434
YAR050W,YGR189C,1,2.5975308,0.5096153616905212,0.05284147709608078,0.005101530347019434
YHL039W,YER182W,0,2.5932045,0.5047619342803955,0.05284147709608078,0.005201560445129871
YHR211W,YER011W,1,2.5859504,0.5094339847564697,0.05383848398923874,0.005201560445129871
YLR155C,YKL096W-A,1,2.5808063,0.514018714427948,0.054835494607686996,0.005201560445129871
YLR175W,YEL060C,0,2.5797129,0.5092592835426331,0.054835494607686996,0.005301590543240309
YGR282C,YJL159W,1,2.5750828,0.5137614607810974,0.055832501500844955,0.005301590543240309
YJL132W,YBR078W,1,2.5745516,0.5181818008422852,0.05682951211929321,0.005301590543240309
YPR001W,YAL012W,0,2.5739398,0.5135135054588318,0.05682951211929321,0.005401620641350746
YJL158C,YJL132W,1,2.5729036,0.5178571343421936,0.05782651901245117,0.005401620641350746
YMR305C,YIR039C,1,2.5672252,0.5221238732337952,0.05882352963089943,0.005401620641350746
YJL219W,YDR178W,0,2.5606532,0.5175438523292542,0.05882352963089943,0.005501650273799896
YOR247W,YLR037C,1,2.5530446,0.52173912525177,0.05982053652405739,0.005501650273799896
YLR395C,YHR199C,0,2.552136,0.517241358757019,0.05982053652405739,0.005601680371910334
YDR055W,YDR534C,1,2.5507636,0.5213675498962402,0.060817547142505646,0.005601680371910334
YMR006C,YJL132W,1,2.5473256,0.5254237055778503,0.0618145577609539,0.005601680371910334
YNL335W,YAL023C,0,2.5421705,0.5210084319114685,0.0618145577609539,0.005701710470020771
YER011W,YLR155C,1,2.535353,0.5249999761581421,0.06281156837940216,0.005701710470020771
YEL011W,YGL189C,0,2.5352092,0.5206611752510071,0.06281156837940216,0.005801740568131208
YKL146W,YMR290C,0,2.5343733,0.5163934230804443,0.06281156837940216,0.005901770666241646
YNL335W,YOR198C,0,2.527827,0.5121951103210449,0.06281156837940216,0.006001800764352083
YPL010W,YMR195W,0,2.5244586,0.5080645084381104,0.06281156837940216,0.006101830396801233
YNL145W,YLR120C,1,2.5179226,0.5120000243186951,0.06380857527256012,0.006101830396801233
YGR061C,YHL021C,0,2.5172534,0.5079365372657776,0.06380857527256012,0.006201860494911671
YJL132W,YMR215W,1,2.5156481,0.5118110179901123,0.06480558216571808,0.006201860494911671
YOL055C,YDL184C,0,2.5111728,0.5078125,0.06480558216571808,0.006301890593022108
YDR261C,YER150W,1,2.5001569,0.5116279125213623,0.06580258905887604,0.006301890593022108
YLL041C,YOR315W,0,2.4919472,0.5076923370361328,0.06580258905887604,0.0064019206911325455
YGL121C,YOL110W,0,2.4918933,0.5038167834281921,0.06580258905887604,0.006501950789242983
YGR142W,YDL055C,0,2.490648,0.5,0.06580258905887604,0.006601980421692133
YIR039C,YKL096W,1,2.4902856,0.5037593841552734,0.0667996034026146,0.006601980421692133
YNR006W,YER156C,0,2.490221,0.5,0.0667996034026146,0.00670201051980257
YEL040W,YBR056W,1,2.484634,0.5037037134170532,0.06779661029577255,0.00670201051980257
YLR083C,YDR030C,0,2.4838715,0.5,0.06779661029577255,0.006802040617913008
YOR202W,YBR066C,0,2.4803953,0.49635037779808044,0.06779661029577255,0.006902070716023445
YDR461W,YJL159W,1,2.4779623,0.5,0.06879361718893051,0.006902070716023445
YOR276W,YDL204W,0,2.4774432,0.49640288949012756,0.06879361718893051,0.0070021008141338825
YMR250W,YOR247W,0,2.47111,0.4928571283817291,0.06879361718893051,0.007102130446583033
YLR120C,YBR093C,1,2.4660394,0.4964539110660553,0.06979063153266907,0.007102130446583033
YNL117W,YNL256W,0,2.4624872,0.49295774102211,0.06979063153266907,0.00720216054469347
YNL306W,YER055C,0,2.4600291,0.4895104765892029,0.06979063153266907,0.007302190642803907
YOR010C,YGR189C,1,2.4598079,0.4930555522441864,0.07078763842582703,0.007302190642803907
YGR282C,YLR110C,1,2.449086,0.4965517222881317,0.07178464531898499,0.007302190642803907
YDL049C,YIL123W,1,2.4473186,0.5,0.07278165221214294,0.007302190642803907
YPL128C,YLR056W,0,2.441627,0.49659863114356995,0.07278165221214294,0.007402220740914345
YIL011W,YER065C,1,2.428083,0.5,0.0737786665558815,0.007402220740914345
YHR055C,YLR109W,0,2.4263434,0.4966442883014679,0.0737786665558815,0.007502250839024782
YCR034W,YLL054C,0,2.4234436,0.4933333396911621,0.0737786665558815,0.007602280471473932
YNL145W,YLR037C,1,2.422508,0.49668875336647034,0.07477567344903946,0.007602280471473932
YMR008C,YER065C,1,2.4193163,0.5,0.07577268034219742,0.007602280471473932
YIL047C,YPL036W,0,2.4180486,0.49673202633857727,0.07577268034219742,0.00770231056958437
YGR189C,YLR158C,1,2.4170508,0.5,0.07676968723535538,0.00770231056958437
YER039C,YLL045C,0,2.4070373,0.49677419662475586,0.07676968723535538,0.007802340667694807
YMR307W,YIL169C,1,2.4068336,0.5,0.07776670157909393,0.007802340667694807
YNL156C,YGR260W,0,2.4043496,0.4968152940273285,0.07776670157909393,0.007902370765805244
YKL096W-A,YBR301W,1,2.4000676,0.5,0.07876370847225189,0.007902370765805244
YKL164C,YKL163W,1,2.400011,0.5031446814537048,0.07976071536540985,0.007902370765805244
YOL155C,YJR151C,1,2.3999832,0.5062500238418579,0.08075772970914841,0.007902370765805244
YNL327W,YOR382W,1,2.3896432,0.5093167424201965,0.08175473660230637,0.007902370765805244
YHR136C,YHR179W,0,2.3887272,0.5061728358268738,0.08175473660230637,0.008002400398254395
YHR019C,YIL099W,0,2.3867068,0.5030674934387207,0.08175473660230637,0.00810243096202612
YOL052C-A,YGL055W,0,2.3865447,0.5,0.08175473660230637,0.00820246059447527
YOR010C,YPL123C,1,2.3835604,0.5030303001403809,0.08275174349546432,0.00820246059447527
YJR073C,YGL148W,0,2.3834817,0.5,0.08275174349546432,0.008302491158246994
YHR143W,YLR110C,1,2.3822742,0.5029940009117126,0.08374875038862228,0.008302491158246994
YNL066W,YIR039C,1,2.3749073,0.5059523582458496,0.08474576473236084,0.008302491158246994
YOR133W,YMR133W,0,2.3731506,0.5029585957527161,0.08474576473236084,0.008402520790696144
YJL079C,YIL015W,1,2.371838,0.5058823823928833,0.0857427716255188,0.008402520790696144
YNL012W,YNL066W,1,2.3703566,0.5087719559669495,0.08673977851867676,0.008402520790696144
YNL115C,YLR378C,0,2.3693457,0.5058139562606812,0.08673977851867676,0.008502550423145294
YDR055W,YHR211W,1,2.3691835,0.5086705088615417,0.08773679286241531,0.008502550423145294
YNR044W,YIL162W,1,2.3648043,0.5114942789077759,0.08873379975557327,0.008502550423145294
YAL063C,YMR215W,1,2.3606884,0.5142857432365417,0.08973080664873123,0.008502550423145294
YJL087C,YNL069C,0,2.3599222,0.5113636255264282,0.08973080664873123,0.008602580986917019
YJL187C,YLR044C,0,2.3572166,0.508474588394165,0.08973080664873123,0.008702610619366169
YOR003W,YBR067C,1,2.3556151,0.5112359523773193,0.09072781354188919,0.008702610619366169
YPL135W,YDR126W,0,2.3542895,0.5083798766136169,0.09072781354188919,0.008802641183137894
YER141W,YDR519W,0,2.3520117,0.5055555701255798,0.09072781354188919,0.008902670815587044
YHR128W,YDL204W,0,2.3490849,0.5027624368667603,0.09072781354188919,0.009002700448036194
YDL046W,YOR276W,0,2.3483024,0.5,0.09072781354188919,0.009102731011807919
YFL039C,YNL125C,0,2.3430438,0.4972677528858185,0.09072781354188919,0.009202760644257069
YLR150W,YKL077W,0,2.341786,0.4945652186870575,0.09072781354188919,0.009302791208028793
YKL216W,YLR157C,0,2.3399062,0.49189189076423645,0.09072781354188919,0.009402820840477943
YBR067C,YHR202W,1,2.3332253,0.49462366104125977,0.09172482788562775,0.009402820840477943
YCL040W,YLR092W,0,2.3303843,0.49197861552238464,0.09172482788562775,0.009502850472927094
YJL102W,YPL220W,0,2.3261852,0.4893617033958435,0.09172482788562775,0.009602881036698818
YDL229W,YFR028C,0,2.3242464,0.48677247762680054,0.09172482788562775,0.009702910669147968
YNL327W,YLR110C,1,2.3199527,0.4894736707210541,0.0927218347787857,0.009702910669147968
YIL170W,YML038C,0,2.3166022,0.48691099882125854,0.0927218347787857,0.009802941232919693
YPR121W,YLR158C,1,2.3160758,0.4895833432674408,0.09371884167194366,0.009802941232919693
YPR121W,YGR189C,1,2.3159056,0.4922279715538025,0.09471585601568222,0.009802941232919693
YHR143W,YKR102W,1,2.3153958,0.49484536051750183,0.09571286290884018,0.009802941232919693
YDR450W,YLR178C,0,2.31518,0.4923076927661896,0.09571286290884018,0.009902970865368843
YOR065W,YER060W,0,2.3128269,0.4897959232330322,0.09571286290884018,0.010003000497817993
YNL190W,YER150W,1,2.3104062,0.49238577485084534,0.09670986980199814,0.010003000497817993
YML056C,YFR027W,0,2.3093193,0.4898989796638489,0.09670986980199814,0.010103031061589718
YLR370C,YGR254W,0,2.3077788,0.4874371886253357,0.09670986980199814,0.010203060694038868
YNL231C,YML026C,0,2.3072703,0.48500001430511475,0.09670986980199814,0.010303091257810593
YBR145W,YNR007C,0,2.3055305,0.482587069272995,0.09670986980199814,0.010403120890259743
YOR009W,YER150W,1,2.3046966,0.48514851927757263,0.0977068766951561,0.010403120890259743
YJL137C,YGR224W,0,2.3038802,0.48275861144065857,0.0977068766951561,0.010503150522708893
YNR044W,YHR202W,1,2.3034863,0.4852941036224365,0.09870389103889465,0.010503150522708893
YDL215C,YKL060C,0,2.3024561,0.4829268157482147,0.09870389103889465,0.010603181086480618
YOR185C,YIL015W,0,2.3019876,0.4805825352668762,0.09870389103889465,0.010703210718929768
YCR102C,YER122C,0,2.2967532,0.47826087474823,0.09870389103889465,0.010803241282701492
YAL063C,YLR300W,1,2.2914464,0.48076921701431274,0.09970089793205261,0.010803241282701492
YDR055W,YOR383C,1,2.2911499,0.4832535982131958,0.10069790482521057,0.010803241282701492
YOL155C,YAR015W,0,2.290975,0.4809523820877075,0.10069790482521057,0.010903270915150642
YCL025C,YCR047C,0,2.2895103,0.47867298126220703,0.10069790482521057,0.011003300547599792
YNR002C,YNL142W,0,2.2889218,0.47641509771347046,0.10069790482521057,0.011103331111371517
YDR461W,YNR058W,0,2.2857668,0.47417840361595154,0.10069790482521057,0.011203360743820667
YKL164C,YIL123W,1,2.285712,0.47663551568984985,0.10169491171836853,0.011203360743820667
YNR044W,YIR019C,1,2.2843633,0.4790697693824768,0.10269192606210709,0.011203360743820667
YOR010C,YLR158C,1,2.283383,0.48148149251937866,0.10368893295526505,0.011203360743820667
YOR010C,YDR032C,1,2.2792401,0.4838709533214569,0.104685939848423,0.011203360743820667
YIL089W,YGL008C,0,2.2776463,0.4816513657569885,0.104685939848423,0.011303391307592392
YGL200C,YMR081C,0,2.2774901,0.4794520437717438,0.104685939848423,0.011403420940041542
YNL322C,YIL011W,1,2.2735333,0.48181816935539246,0.10568295419216156,0.011403420940041542
YLR390W-A,YIL015W,1,2.2733164,0.4841628968715668,0.10667996108531952,0.011403420940041542
YNL055C,YLR194C,0,2.2710338,0.4819819927215576,0.10667996108531952,0.011503450572490692
YAR071W,YLL024C,1,2.268765,0.48430493474006653,0.10767696797847748,0.011503450572490692
YKL126W,YMR056C,0,2.2666197,0.4821428656578064,0.10767696797847748,0.011603481136262417
YLR286C,YMR008C,1,2.2616477,0.48444443941116333,0.10867397487163544,0.011603481136262417
YDR178W,YDR297W,0,2.2601738,0.48230087757110596,0.10867397487163544,0.011703510768711567
YGL089C,YJR004C,1,2.2589521,0.48458150029182434,0.10967098921537399,0.011703510768711567
YHR143W,YLR157C,1,2.2584743,0.4868420958518982,0.11066799610853195,0.011703510768711567
YCR008W,YBL039C,0,2.2561538,0.48471614718437195,0.11066799610853195,0.011803541332483292
YLR121C,YOR009W,1,2.255546,0.48695650696754456,0.11166500300168991,0.011803541332483292
YOR383C,YHR143W,1,2.2535725,0.48917749524116516,0.11266201734542847,0.011803541332483292
YOR383C,YKR042W,1,2.2510746,0.4913793206214905,0.11365902423858643,0.011803541332483292
YER072W,YDL076C,0,2.249515,0.4892703890800476,0.11365902423858643,0.011903570964932442
YKL163W,YOR104W,0,2.2492313,0.4871794879436493,0.11365902423858643,0.012003601528704166
YDR382W,YGR004W,0,2.2473006,0.48510637879371643,0.11365902423858643,0.012103631161153316
YOR009W,YKL157W,1,2.2469673,0.48728814721107483,0.11465603113174438,0.012103631161153316
YCR034W,YLL023C,0,2.2459278,0.48523205518722534,0.11465603113174438,0.012203660793602467
YJL158C,YKR042W,1,2.240903,0.48739495873451233,0.11565303802490234,0.012203660793602467
YLR286C,YKL096W-A,1,2.2396612,0.4895397424697876,0.1166500523686409,0.012203660793602467
YCR089W,YLR110C,1,2.2336555,0.49166667461395264,0.11764705926179886,0.012203660793602467
YML069W,YGR085C,0,2.2329364,0.48962655663490295,0.11764705926179886,0.012303691357374191
YGL028C,YKL163W,1,2.2317562,0.4917355477809906,0.11864406615495682,0.012303691357374191
YBL027W,YGR143W,0,2.2298694,0.4897119402885437,0.11864406615495682,0.012403720989823341
YIL099W,YBR040W,0,2.2294526,0.48770493268966675,0.11864406615495682,0.012503751553595066
YBR193C,YHR143W,0,2.2269154,0.48571428656578064,0.11864406615495682,0.012603781186044216
YLR355C,YNL125C,0,2.2263863,0.48373982310295105,0.11864406615495682,0.012703810818493366
YMR311C,YGR106C,0,2.2261558,0.48178136348724365,0.11864406615495682,0.012803841382265091
YHR128W,YBR017C,0,2.222879,0.47983869910240173,0.11864406615495682,0.012903871014714241
YOL077W-A,YOR369C,0,2.2218063,0.47791165113449097,0.11864406615495682,0.013003901578485966
YNL066W,YAL063C,1,2.2169733,0.47999998927116394,0.11964107304811478,0.013003901578485966
YJL132W,YKL096W-A,1,2.2152166,0.48207172751426697,0.12063808739185333,0.013003901578485966
YKL224C,YKL216W,0,2.2145615,0.4801587164402008,0.12063808739185333,0.013103931210935116
YER182W,YJL158C,0,2.2134771,0.47826087474823,0.12063808739185333,0.013203960843384266
YBR078W,YBR014C,0,2.213397,0.4763779640197754,0.12063808739185333,0.01330399140715599
YNL112W,YOL016C,0,2.211341,0.4745098054409027,0.12063808739185333,0.01340402103960514
YGL196W,YOR002W,0,2.2109637,0.47265625,0.12063808739185333,0.013504051603376865
YGL076C,YMR160W,0,2.209148,0.47081711888313293,0.12063808739185333,0.013604081235826015
YGR088W,YML067C,0,2.2043571,0.4689922332763672,0.12063808739185333,0.013704110868275166
YNR032W,YNR060W,0,2.2007911,0.4671814739704132,0.12063808739185333,0.01380414143204689
YOR383C,YKL164C,1,2.199089,0.4692307710647583,0.12163509428501129,0.01380414143204689
YNR001C,YER118C,0,2.1980622,0.4674329459667206,0.12163509428501129,0.01390417106449604
YGR292W,YLL023C,0,2.1955953,0.4656488597393036,0.12163509428501129,0.014004201628267765
YIL117C,YJR048W,0,2.194531,0.463878333568573,0.12163509428501129,0.014104231260716915
YHR043C,YOR210W,0,2.193605,0.46212121844291687,0.12163509428501129,0.014204260893166065
YOL151W,YOR254C,0,2.1915436,0.46037736535072327,0.12163509428501129,0.01430429145693779
YDL223C,YDR354W,0,2.1897836,0.45864662528038025,0.12163509428501129,0.01440432108938694
YNL217W,YFL055W,0,2.1891167,0.4569288492202759,0.12163509428501129,0.014504351653158665
YGL075C,YFL002W-B,0,2.1867151,0.4552238881587982,0.12163509428501129,0.014604381285607815
YAL067C,YNR059W,0,2.182252,0.4535315930843353,0.12163509428501129,0.014704410918056965
YDR282C,YIL011W,0,2.1815958,0.45185184478759766,0.12163509428501129,0.01480444148182869
YCR089W,YBR056W,1,2.180119,0.45387452840805054,0.12263210117816925,0.01480444148182869
YOR131C,YGL215W,0,2.1791492,0.4522058963775635,0.12263210117816925,0.01490447111427784
YHR070W,YKL035W,0,2.1758552,0.450549453496933,0.12263210117816925,0.015004501678049564
YDL075W,YJR161C,0,2.1752074,0.4489051103591919,0.12263210117816925,0.015104531310498714
YIL046W,YJR161C,0,2.1748366,0.44727271795272827,0.12263210117816925,0.015204560942947865
YDL004W,YGL192W,0,2.1665962,0.44565218687057495,0.12263210117816925,0.01530459150671959
YOR383C,YIR039C,1,2.1609502,0.4476534426212311,0.1236291155219078,0.01530459150671959
YMR004W,YKL096W-A,0,2.1595044,0.4460431635379791,0.1236291155219078,0.01540462113916874
YPR091C,YGR024C,0,2.1581578,0.4444444477558136,0.1236291155219078,0.015504651702940464
YKL156W,YJR098C,0,2.1575623,0.44285714626312256,0.1236291155219078,0.015604681335389614
YOR181W,YOL058W,0,2.156968,0.44128113985061646,0.1236291155219078,0.01570471189916134
YKL103C,YAL068C,0,2.1567893,0.43971630930900574,0.1236291155219078,0.01580474153161049
YMR194W,YFR010W,0,2.1553829,0.43816253542900085,0.1236291155219078,0.01590477116405964
YOR374W,YNL096C,0,2.1537733,0.43661972880363464,0.1236291155219078,0.01600480079650879
YJL158C,YLR158C,1,2.1517882,0.4385964870452881,0.12462612241506577,0.01600480079650879
YDR055W,YCR048W,0,2.1508482,0.43706294894218445,0.12462612241506577,0.01610483229160309
YER150W,YKR013W,1,2.1500034,0.4390243887901306,0.12562313675880432,0.01610483229160309
YLR121C,YIR039C,1,2.1495051,0.4409722089767456,0.12662014365196228,0.01610483229160309
YLR264W,YIL124W,0,2.146384,0.439446359872818,0.12662014365196228,0.01620486192405224
YER096W,YDL192W,0,2.1445036,0.43793103098869324,0.12662014365196228,0.01630489155650139
YBR107C,YDR384C,0,2.1415963,0.4364261031150818,0.12662014365196228,0.01640492118895054
YPR105C,YPR157W,0,2.1389832,0.43493151664733887,0.12662014365196228,0.01650495082139969
YLR172C,YPR192W,0,2.1325674,0.43344709277153015,0.12662014365196228,0.016604982316493988
YDR317W,YJL172W,0,2.1289225,0.43197280168533325,0.12662014365196228,0.016705011948943138
YEL026W,YDL085W,0,2.1272192,0.43050846457481384,0.12662014365196228,0.016805041581392288
YDL222C,YPL219W,0,2.123922,0.42905405163764954,0.12662014365196228,0.01690507121384144
YML124C,YER141W,0,2.1199715,0.4276094138622284,0.12662014365196228,0.01700510084629059
YLR001C,YBR078W,1,2.1180248,0.42953020334243774,0.12761715054512024,0.01700510084629059
YHR211W,YNL160W,1,2.1140132,0.4314381182193756,0.1286141574382782,0.01700510084629059
YDR077W,YER150W,1,2.1076,0.4333333373069763,0.12961116433143616,0.01700510084629059
YOR010C,YGL116W,0,2.1057827,0.4318936765193939,0.12961116433143616,0.017105132341384888
YDL130W,YOR162C,0,2.10577,0.430463582277298,0.12961116433143616,0.017205161973834038
YOR383C,YER011W,1,2.1037922,0.4323432445526123,0.13060817122459412,0.017205161973834038
YOR158W,YMR269W,0,2.1037912,0.4309210479259491,0.13060817122459412,0.017305191606283188
YGL040C,YNL037C,0,2.1019218,0.4295082092285156,0.13060817122459412,0.017405221238732338
YBL099W,YPL226W,0,2.1009288,0.42810457944869995,0.13060817122459412,0.017505250871181488
YDR342C,YLR183C,0,2.0980368,0.4267100989818573,0.13060817122459412,0.017605282366275787
YDR259C,YGL258W,0,2.0946786,0.4253246784210205,0.13060817122459412,0.017705311998724937
YNR007C,YPR114W,0,2.0909944,0.4239482283592224,0.13060817122459412,0.017805341631174088
YMR195W,YKL114C,0,2.0907044,0.42258065938949585,0.13060817122459412,0.017905371263623238
YOR389W,YLR110C,1,2.0907032,0.4244372844696045,0.13160517811775208,0.017905371263623238
YHR177W,YPL134C,0,2.0884812,0.42307692766189575,0.13160517811775208,0.018005400896072388
YIL133C,YCL032W,0,2.088245,0.42172524333000183,0.13160517811775208,0.018105432391166687
YGR282C,YLR158C,1,2.0861983,0.42356687784194946,0.13260219991207123,0.018105432391166687
YNL190W,YLR157C,1,2.0840125,0.4253968298435211,0.1335992068052292,0.018105432391166687
YDR204W,YLR073C,0,2.0816588,0.42405062913894653,0.1335992068052292,0.018205462023615837
YHR211W,YMR307W,1,2.081501,0.42586749792099,0.13459621369838715,0.018205462023615837
YHR215W,YPL270W,0,2.0808015,0.4245283007621765,0.13459621369838715,0.018305491656064987
YPL123C,YJL078C,1,2.080379,0.4263322949409485,0.1355932205915451,0.018305491656064987
YBL076C,YDL144C,0,2.076037,0.42500001192092896,0.1355932205915451,0.018405521288514137
YDR204W,YFR031C-A,0,2.074504,0.4236760139465332,0.1355932205915451,0.018505550920963287
YLR109W,YBR162C,0,2.0731168,0.42236024141311646,0.1355932205915451,0.018605582416057587
YHR057C,YOL154W,1,2.0729277,0.4241486191749573,0.13659022748470306,0.018605582416057587
YNR045W,YOR270C,0,2.0726478,0.422839492559433,0.13659022748470306,0.018705612048506737
YML123C,YGL210W,0,2.0665133,0.42153847217559814,0.13659022748470306,0.018805641680955887
YHR057C,YDR534C,1,2.0647228,0.42331287264823914,0.13758723437786102,0.018805641680955887
YFR039C,YKL109W,0,2.0635312,0.4220183491706848,0.13758723437786102,0.018905671313405037
YML047C,YIL146C,0,2.0634105,0.42073169350624084,0.13758723437786102,0.019005700945854187
YAL038W,YDR282C,0,2.0627627,0.41945287585258484,0.13758723437786102,0.019105732440948486
YNL162W,YML029W,0,2.0617738,0.41818180680274963,0.13758723437786102,0.019205762073397636
YPL282C,YAL008W,0,2.0617437,0.41691842675209045,0.13758723437786102,0.019305791705846786
YFR001W,YBL092W,0,2.0607576,0.41566264629364014,0.13758723437786102,0.019405821338295937
YOL058W,YOR018W,0,2.0593956,0.4144144058227539,0.13758723437786102,0.019505850970745087
YNL302C,YKL013C,0,2.0571373,0.413173645734787,0.13758723437786102,0.019605882465839386
YJR091C,YBR040W,0,2.0559382,0.4119403064250946,0.13758723437786102,0.019705912098288536
YOR298C-A,YNL044W,0,2.0539324,0.4107142984867096,0.13758723437786102,0.019805941730737686
YLR372W,YOR380W,0,2.05372,0.4094955623149872,0.13758723437786102,0.019905971363186836
YHL003C,YBR093C,0,2.051527,0.4082840383052826,0.13758723437786102,0.020006000995635986
YLR157C,YKL096W,1,2.0508204,0.41002950072288513,0.13858424127101898,0.020006000995635986
YMR105C,YDR343C,0,2.0502307,0.40882351994514465,0.13858424127101898,0.020106032490730286
YLR390W-A,YJL132W,1,2.04987,0.41055718064308167,0.13958126306533813,0.020106032490730286
YNL115C,YHR063C,0,2.0467083,0.4093567132949829,0.13958126306533813,0.020206062123179436
YGR189C,YKR102W,1,2.044923,0.41107872128486633,0.1405782699584961,0.020206062123179436
YIL162W,YBR093C,1,2.0448804,0.4127906858921051,0.14157527685165405,0.020206062123179436
YMR215W,YJR151C,1,2.044664,0.41449275612831116,0.142572283744812,0.020206062123179436
YOR382W,YJL159W,1,2.043084,0.4161849617958069,0.14356929063796997,0.020206062123179436
YOL105C,YAR066W,0,2.0410955,0.4149855971336365,0.14356929063796997,0.020306091755628586
YCR072C,YAL060W,0,2.040989,0.4137931168079376,0.14356929063796997,0.020406121388077736
YOR246C,YHR008C,0,2.0408676,0.41260746121406555,0.14356929063796997,0.020506151020526886
YER011W,YDR420W,1,2.0397003,0.41428571939468384,0.14456629753112793,0.020506151020526886
YHR160C,YBR189W,0,2.0350056,0.41310539841651917,0.14456629753112793,0.020606182515621185
YAR050W,YOR389W,1,2.03317,0.41477271914482117,0.1455633044242859,0.020606182515621185
YJR105W,YPL276W,0,2.0322294,0.4135977327823639,0.1455633044242859,0.020706212148070335
YAL034C,YIL121W,0,2.030645,0.4124293923377991,0.1455633044242859,0.020806241780519485
YNL175C,YER163C,0,2.0299065,0.41126760840415955,0.1455633044242859,0.020906271412968636
YKL161C,YPL028W,0,2.0282974,0.4101123511791229,0.1455633044242859,0.021006301045417786
YCR089W,YOR009W,1,2.0242908,0.4117647111415863,0.14656032621860504,0.021006301045417786
YPR190C,YBR067C,0,2.0226524,0.4106145203113556,0.14656032621860504,0.021106332540512085
YKL217W,YBR207W,0,2.0195956,0.4094707667827606,0.14656032621860504,0.021206362172961235
YOR389W,YEL040W,1,2.0195057,0.41111111640930176,0.147557333111763,0.021206362172961235
YLR300W,YIL015W,1,2.0165527,0.41274237632751465,0.14855434000492096,0.021206362172961235
YIL123W,YLR160C,1,2.0155396,0.41436463594436646,0.14955134689807892,0.021206362172961235
YOR214C,YNL066W,1,2.0118804,0.41597795486450195,0.15054835379123688,0.021206362172961235
YCR040W,YGL031C,0,2.0108964,0.4148351550102234,0.15054835379123688,0.021306391805410385
YIR019C,YPL123C,1,2.0108461,0.41643837094306946,0.15154536068439484,0.021306391805410385
YDL144C,YNL096C,0,2.0098367,0.41530054807662964,0.15154536068439484,0.021406421437859535
YBR070C,YOR204W,0,2.0065107,0.41416892409324646,0.15154536068439484,0.021506451070308685
YNR044W,YAR050W,1,2.0054462,0.41576087474823,0.1525423675775528,0.021506451070308685
YEL042W,YBL099W,0,2.0014555,0.4146341383457184,0.1525423675775528,0.021606482565402985
YNL190W,YIL169C,1,2.0004816,0.4162162244319916,0.15353937447071075,0.021606482565402985
YDR144C,YBR056W,1,2.000451,0.4177897572517395,0.1545363962650299,0.021606482565402985
YAR003W,YLR110C,0,2.0000978,0.4166666567325592,0.1545363962650299,0.021706512197852135
YDR077W,YIR039C,1,1.997784,0.4182305634021759,0.15553340315818787,0.021706512197852135
YMR175W,YKL158W,0,1.995253,0.4171122908592224,0.15553340315818787,0.021806541830301285
YNL308C,YPL156C,0,1.994498,0.41600000858306885,0.15553340315818787,0.021906571462750435
YMR307W,YLR001C,1,1.9936786,0.417553186416626,0.15653041005134583,0.021906571462750435
YGR118W,YDR282C,0,1.9913591,0.41644561290740967,0.15653041005134583,0.022006601095199585
YER103W,YDL182W,0,1.9903526,0.41534391045570374,0.15653041005134583,0.022106632590293884
YGR282C,YKR013W,1,1.9886316,0.4168865382671356,0.15752741694450378,0.022106632590293884
YJL143W,YOL058W,0,1.9882029,0.41578948497772217,0.15752741694450378,0.022206662222743034
YHR143W,YAL063C,1,1.9853718,0.4173228442668915,0.15852442383766174,0.022206662222743034
YNL327W,YOL159C,1,1.9848467,0.4188481569290161,0.1595214307308197,0.022206662222743034
YGR189C,YIL015W,1,1.9795642,0.4203655421733856,0.16051843762397766,0.022206662222743034
YIL117C,YPL121C,0,1.9783006,0.4192708432674408,0.16051843762397766,0.022306691855192184
YGL130W,YOL058W,0,1.9776436,0.41818180680274963,0.16051843762397766,0.022406721487641335
YGL055W,YJL093C,0,1.9759834,0.41709843277931213,0.16051843762397766,0.022506751120090485
YDL114W,YOR347C,0,1.9748617,0.4160206615924835,0.16051843762397766,0.022606782615184784
YGR049W,YML087C,0,1.9722093,0.4149484634399414,0.16051843762397766,0.022706812247633934
YJL130C,YJL141C,0,1.9712831,0.41388174891471863,0.16051843762397766,0.022806841880083084
YLR408C,YOR310C,0,1.9688693,0.4128205180168152,0.16051843762397766,0.022906871512532234
YIR019C,YLR042C,1,1.9660748,0.41432225704193115,0.16151545941829681,0.022906871512532234
YGL167C,YFR031C-A,0,1.9644283,0.41326531767845154,0.16151545941829681,0.023006901144981384
YOR049C,YNL108C,0,1.9630271,0.4122137427330017,0.16151545941829681,0.023106932640075684
YOR389W,YLR155C,1,1.9626244,0.41370558738708496,0.16251246631145477,0.023106932640075684
YPR138C,YOR388C,0,1.958831,0.4126582145690918,0.16251246631145477,0.023206962272524834
YLR284C,YHR216W,0,1.9579331,0.41161617636680603,0.16251246631145477,0.023306991904973984
YJL079C,YOR190W,1,1.9561676,0.4130982458591461,0.16350947320461273,0.023306991904973984
YNR013C,YPR026W,0,1.955433,0.41206029057502747,0.16350947320461273,0.023407021537423134
YER150W,YLR244C,0,1.9541899,0.41102758049964905,0.16350947320461273,0.023507053032517433
YHL037C,YGR189C,1,1.9539795,0.4124999940395355,0.1645064800977707,0.023507053032517433
YBR093C,YER082C,0,1.9536628,0.41147130727767944,0.1645064800977707,0.023607082664966583
YMR134W,YPR016C,0,1.9524006,0.41044774651527405,0.1645064800977707,0.023707112297415733
YDL049C,YMR102C,0,1.9521407,0.40942928194999695,0.1645064800977707,0.023807141929864883
YNL066W,YBR056W,1,1.9497844,0.4108910858631134,0.16550348699092865,0.023807141929864883
YOR389W,YKL164C,1,1.9477519,0.41234567761421204,0.1665004938840866,0.023807141929864883
YLR390W-A,YOL016C,0,1.9468533,0.41133004426956177,0.1665004938840866,0.023907171562314034
YKR093W,YGR040W,0,1.9466753,0.41031941771507263,0.1665004938840866,0.024007203057408333
YGR240C,YDL144C,0,1.9463938,0.40931373834609985,0.1665004938840866,0.024107232689857483
YPR035W,YJL142C,0,1.9463838,0.40831294655799866,0.1665004938840866,0.024207262322306633
YPR119W,YLL023C,0,1.9449524,0.40731707215309143,0.1665004938840866,0.024307291954755783
YKR013W,YBR078W,1,1.9401476,0.40875911712646484,0.16749750077724457,0.024307291954755783
YGR088W,YLL045C,0,1.9385045,0.40776699781417847,0.16749750077724457,0.024407321587204933
YJL132W,YOR315W,0,1.9349108,0.4067796468734741,0.16749750077724457,0.024507353082299232
YHR143W,YOR190W,1,1.9334545,0.4082125723361969,0.16849452257156372,0.024507353082299232
YDR261C,YBR056W,1,1.9324497,0.40963855385780334,0.16949152946472168,0.024507353082299232
YCR077C,YLR436C,0,1.9308448,0.4086538553237915,0.16949152946472168,0.024607382714748383
YNR020C,YHR143W,0,1.929145,0.4076738655567169,0.16949152946472168,0.024707412347197533
YJL159W,YOR190W,1,1.9274775,0.40909090638160706,0.17048853635787964,0.024707412347197533
YDL171C,YGR149W,0,1.9267672,0.40811455249786377,0.17048853635787964,0.024807441979646683
YER074W,YJL164C,0,1.9257504,0.40714284777641296,0.17048853635787964,0.024907471612095833
YDR281C,YMR160W,0,1.922876,0.40617576241493225,0.17048853635787964,0.025007503107190132
YLR205C,YNR009W,0,1.9222016,0.40521326661109924,0.17048853635787964,0.025107532739639282
YML110C,YDR039C,0,1.9200989,0.40425533056259155,0.17048853635787964,0.025207562372088432
YIL011W,YLR001C,1,1.9181272,0.40566039085388184,0.1714855432510376,0.025207562372088432
YML010W,YGL259W,0,1.9176171,0.40470588207244873,0.1714855432510376,0.025307592004537582
YOL152W,YKL119C,0,1.917206,0.40375587344169617,0.1714855432510376,0.025407621636986732
YPR196W,YJL167W,0,1.9154242,0.40281030535697937,0.1714855432510376,0.025507653132081032
YOR125C,YGR124W,0,1.9141706,0.40186914801597595,0.1714855432510376,0.025607682764530182
YDR077W,YGR282C,1,1.9120358,0.4032633900642395,0.17248255014419556,0.025607682764530182
YIL046W,YGL028C,0,1.911688,0.4023255705833435,0.17248255014419556,0.025707712396979332
YDR261C,YLR110C,1,1.911345,0.40371230244636536,0.17347955703735352,0.025707712396979332
YKR059W,YNL294C,0,1.9112524,0.4027777910232544,0.17347955703735352,0.025807742029428482
YFR033C,YGR254W,0,1.910993,0.40184757113456726,0.17347955703735352,0.025907771661877632
YIL114C,YGL121C,0,1.908188,0.40092167258262634,0.17347955703735352,0.02600780315697193
YLR064W,YDR469W,0,1.9080441,0.4000000059604645,0.17347955703735352,0.02610783278942108
YJL132W,YMR305C,1,1.9071296,0.4013761579990387,0.17447656393051147,0.02610783278942108
YPL123C,YLR157C,1,1.9049097,0.4027459919452667,0.17547358572483063,0.02610783278942108
YDR261C,YKL164C,1,1.9043075,0.4041095972061157,0.1764705926179886,0.02610783278942108
YNL190W,YMR006C,1,1.8985931,0.4054669737815857,0.17746759951114655,0.02610783278942108
YML087C,YHR190W,0,1.8968666,0.40454545617103577,0.17746759951114655,0.02620786242187023
YER179W,YGR155W,0,1.8960551,0.4036281108856201,0.17746759951114655,0.02630789205431938
YCR098C,YOR320C,0,1.8946998,0.40271493792533875,0.17746759951114655,0.026407921686768532
YOR010C,YNL012W,1,1.894493,0.4040631949901581,0.1784646064043045,0.026407921686768532
YGR189C,YIL123W,1,1.8940698,0.4054054021835327,0.17946161329746246,0.026407921686768532
YDR039C,YGR285C,0,1.8937942,0.40449437499046326,0.17946161329746246,0.02650795318186283
YKL164C,YIL011W,1,1.8899845,0.40582960844039917,0.18045862019062042,0.02650795318186283
YER073W,YJL221C,0,1.8882983,0.4049217104911804,0.18045862019062042,0.02660798281431198
YNR076W,YJR120W,0,1.8876194,0.4040178656578064,0.18045862019062042,0.02670801244676113
YOL155C,YDL243C,0,1.88682,0.4031180441379547,0.18045862019062042,0.02680804207921028
YNL066W,YJR151C,1,1.8849964,0.40444445610046387,0.18145562708377838,0.02680804207921028
YIR039C,YKL198C,0,1.883283,0.4035476744174957,0.18145562708377838,0.02690807171165943
YNL066W,YKL096W,1,1.8830212,0.4048672616481781,0.18245264887809753,0.02690807171165943
YBR233W-A,YHR216W,0,1.8819739,0.4039735198020935,0.18245264887809753,0.02700810320675373
YER150W,YOR214C,1,1.8819572,0.40528634190559387,0.1834496557712555,0.02700810320675373
YGR145W,YIL087C,0,1.8815552,0.40439561009407043,0.1834496557712555,0.02710813283920288
YOR247W,YCR045C,1,1.8813905,0.40570175647735596,0.18444666266441345,0.02710813283920288
YBR162C,YDR534C,1,1.8807843,0.40700218081474304,0.1854436695575714,0.02710813283920288
YGR240C,YAL041W,0,1.8803821,0.40611353516578674,0.1854436695575714,0.02720816247165203
YDR461W,YDR506C,0,1.8785131,0.40522876381874084,0.1854436695575714,0.02730819210410118
YDR077W,YMR215W,1,1.8769063,0.406521737575531,0.18644067645072937,0.02730819210410118
YDR055W,YDR461W,1,1.8768998,0.4078091084957123,0.18743768334388733,0.02730819210410118
YKL164C,YAL063C,1,1.8750778,0.40909090638160706,0.1884346902370453,0.02730819210410118
YMR303C,YHR062C,0,1.8741268,0.40820735692977905,0.1884346902370453,0.02740822173655033
YJL189W,YLR007W,0,1.8737713,0.4073275923728943,0.1884346902370453,0.02750825323164463
YPL222W,YOR287C,0,1.8736523,0.40645161271095276,0.1884346902370453,0.02760828286409378
YOR393W,YKR065C,0,1.8727562,0.4055793881416321,0.1884346902370453,0.02770831249654293
YCL038C,YKL103C,0,1.869567,0.40471091866493225,0.1884346902370453,0.02780834212899208
YMR205C,YNL003C,0,1.8681129,0.4038461446762085,0.1884346902370453,0.02790837176144123
YOR214C,YLR390W-A,1,1.8674438,0.4051172733306885,0.18943171203136444,0.02790837176144123
YOL139C,YOL100W,0,1.8667862,0.40425533056259155,0.18943171203136444,0.02800840325653553
YDL182W,YBR015C,0,1.8652364,0.4033970236778259,0.18943171203136444,0.02810843288898468
YBR093C,YBR056W,1,1.864886,0.40466102957725525,0.1904287189245224,0.02810843288898468
YGL253W,YMR068W,0,1.8629667,0.4038054943084717,0.1904287189245224,0.02820846252143383
YPR132W,YPR199C,0,1.8597964,0.4029535949230194,0.1904287189245224,0.02830849215388298
YCR098C,YPR119W,0,1.8586835,0.40210527181625366,0.1904287189245224,0.02840852178633213
YOR116C,YGR289C,0,1.8585631,0.40126049518585205,0.1904287189245224,0.02850855328142643
YLR286C,YDR486C,0,1.8584217,0.40041929483413696,0.1904287189245224,0.02860858291387558
YDR317W,YGL104C,0,1.8581756,0.39958158135414124,0.1904287189245224,0.02870861254632473
YOR293W,YOR077W,0,1.8579401,0.39874738454818726,0.1904287189245224,0.02880864217877388
YGR180C,YDR523C,0,1.8564,0.39791667461395264,0.1904287189245224,0.02890867181122303
YLR157C,YKL163W,1,1.8560646,0.3991684019565582,0.19142572581768036,0.02890867181122303
YLR056W,YBR299W,0,1.8558352,0.39834025502204895,0.19142572581768036,0.02900870330631733
YBR008C,YJL052W,0,1.8549358,0.39751553535461426,0.19142572581768036,0.02910873293876648
YPL212C,YOR100C,0,1.854903,0.39669421315193176,0.19142572581768036,0.02920876257121563
YDR339C,YJR145C,0,1.8545662,0.39587628841400146,0.19142572581768036,0.02930879220366478
YHL009W-A,YDR221W,0,1.853123,0.395061731338501,0.19142572581768036,0.02940882183611393
YAL063C,YIL015W,1,1.8518898,0.3963038921356201,0.19242273271083832,0.02940882183611393
YLR121C,YJL158C,1,1.8517696,0.39754098653793335,0.19341973960399628,0.02940882183611393
YER064C,YLR286C,0,1.8509647,0.3967280089855194,0.19341973960399628,0.02950885333120823
YKL224C,YPL246C,0,1.850667,0.3959183692932129,0.19341973960399628,0.02960888296365738
YOR190W,YLR160C,1,1.8497254,0.39714866876602173,0.19441674649715424,0.02960888296365738
YIL101C,YOR283W,0,1.8484641,0.396341472864151,0.19441674649715424,0.02970891259610653
YOR116C,YMR262W,0,1.8470932,0.39553752541542053,0.19441674649715424,0.02980894222855568
YHL037C,YGR037C,1,1.8460737,0.39676111936569214,0.1954137533903122,0.02980894222855568
YBR298C,YNL302C,0,1.8433245,0.3959595859050751,0.1954137533903122,0.02990897186100483
YHR116W,YLR185W,0,1.8414576,0.39516130089759827,0.1954137533903122,0.03000900335609913
YOR255W,YAR020C,0,1.8407031,0.39436620473861694,0.1954137533903122,0.03010903298854828
YJL153C,YGL129C,0,1.840033,0.3935742974281311,0.1954137533903122,0.03020906262099743
YCL040W,YGR189C,0,1.8394718,0.39278557896614075,0.1954137533903122,0.03030909225344658
YDR281C,YJL037W,0,1.8376051,0.3919999897480011,0.1954137533903122,0.03040912188589573
YLR418C,YGL030W,0,1.8365244,0.39121755957603455,0.1954137533903122,0.03050915338099003
YGR189C,YLR160C,1,1.835983,0.39243027567863464,0.19641076028347015,0.03050915338099003
YHR141C,YJL085W,0,1.8350663,0.39165011048316956,0.19641076028347015,0.03060918301343918
YLR121C,YER150W,1,1.8348935,0.3928571343421936,0.1974077820777893,0.03060918301343918
YPL131W,YCR101C,0,1.8345863,0.3920792043209076,0.1974077820777893,0.03070921264588833
YLR055C,YER190W,0,1.8336904,0.3913043439388275,0.1974077820777893,0.03080924227833748
YFL051C,YJL026W,0,1.8332628,0.39053255319595337,0.1974077820777893,0.03090927191078663
YKL150W,YOR237W,0,1.8329467,0.3897637724876404,0.1974077820777893,0.031009303405880928
YEL055C,YOL087C,0,1.8317864,0.38899803161621094,0.1974077820777893,0.031109333038330078
YOL155C,YER065C,1,1.831468,0.3901960849761963,0.19840478897094727,0.031109333038330078
YMR307W,YER011W,1,1.8296419,0.3913894295692444,0.19940179586410522,0.031109333038330078
YNR044W,YKR102W,1,1.8277444,0.392578125,0.20039880275726318,0.031109333038330078
YMR300C,YHR008C,0,1.8277034,0.39181286096572876,0.20039880275726318,0.031209362670779228
YCL037C,YOR161C,0,1.8276644,0.3910505771636963,0.20039880275726318,0.03130939230322838
YER142C,YLR167W,0,1.825821,0.3902912735939026,0.20039880275726318,0.03140942379832268
YPL187W,YLR286C,1,1.8236845,0.39147287607192993,0.20139580965042114,0.03140942379832268
YHR215W,YCR008W,0,1.823572,0.39071565866470337,0.20139580965042114,0.03150945156812668
YEL048C,YLR206W,0,1.8228098,0.3899613916873932,0.20139580965042114,0.03160948306322098
YOR010C,YDR261C,1,1.8213485,0.3911367952823639,0.2023928165435791,0.03160948306322098
YLL008W,YKL140W,0,1.8205807,0.39038461446762085,0.2023928165435791,0.03170951455831528
YFL034C-A,YER031C,0,1.8200315,0.3896353244781494,0.2023928165435791,0.03180954232811928
YLL024C,YJR150C,1,1.8195912,0.39080458879470825,0.20338982343673706,0.03180954232811928
YOL052C-A,YBL010C,0,1.8179482,0.39005735516548157,0.20338982343673706,0.03190957382321358
YBR112C,YDR216W,0,1.8165762,0.3893129825592041,0.20338982343673706,0.03200960159301758
YCL050C,YMR018W,0,1.8158938,0.38857144117355347,0.20338982343673706,0.03210963308811188
YPL070W,YBR294W,0,1.8155972,0.3878327012062073,0.20338982343673706,0.03220966458320618
YBR162C,YKL096W-A,1,1.8153368,0.3889943063259125,0.2043868452310562,0.03220966458320618
YDR261C,YPL147W,0,1.8141145,0.38825756311416626,0.2043868452310562,0.03230969235301018
YNL155W,YAR015W,0,1.8131262,0.3875236213207245,0.2043868452310562,0.03240972384810448
YOR230W,YBR126C,0,1.8129009,0.38679245114326477,0.2043868452310562,0.03250975161790848
YBL054W,YBR056W,0,1.8125879,0.3860640227794647,0.2043868452310562,0.03260978311300278
YER150W,YHR202W,1,1.8119112,0.38721805810928345,0.20538385212421417,0.03260978311300278
YGR192C,YMR169C,0,1.811056,0.3864915668964386,0.20538385212421417,0.032709814608097076
YAL063C,YLR160C,1,1.8102564,0.38764044642448425,0.20638085901737213,0.032709814608097076
YBR035C,YJR147W,0,1.8100361,0.3869158923625946,0.20638085901737213,0.03280984237790108
YKR061W,YEL060C,0,1.8100172,0.38619402050971985,0.20638085901737213,0.03290987387299538
YNL327W,YLR037C,1,1.8086623,0.3873370587825775,0.2073778659105301,0.03290987387299538
YGR189C,YDL025C,0,1.8079592,0.38661709427833557,0.2073778659105301,0.03300990164279938
YOR063W,YOR100C,0,1.8075923,0.3858998119831085,0.2073778659105301,0.03310993313789368
YDR150W,YJR145C,0,1.8067914,0.385185182094574,0.2073778659105301,0.033209964632987976
YNR007C,YBL005W-A,0,1.8056489,0.38447320461273193,0.2073778659105301,0.03330999240279198
YJL134W,YJL190C,0,1.8042628,0.38376384973526,0.2073778659105301,0.033410023897886276
YEL012W,YER056C,0,1.804202,0.3830570876598358,0.2073778659105301,0.03351005166769028
YLR121C,YDR420W,1,1.803166,0.3841911852359772,0.20837487280368805,0.03351005166769028
YGR249W,YBR257W,0,1.801562,0.38348624110221863,0.20837487280368805,0.033610083162784576
YJL153C,YPL226W,0,1.7996098,0.3827838897705078,0.20837487280368805,0.033710114657878876
YIL169C,YLR155C,1,1.7990783,0.38391223549842834,0.209371879696846,0.033710114657878876
YIL089W,YMR110C,0,1.7984153,0.3832116723060608,0.209371879696846,0.03381014242768288
YBR155W,YNL134C,0,1.7971761,0.3825136721134186,0.209371879696846,0.033910173922777176
YLR037C,YEL060C,1,1.7965424,0.38363635540008545,0.21036888659000397,0.033910173922777176
YIR017C,YDL200C,0,1.7963115,0.3829401135444641,0.21036888659000397,0.03401020169258118
YNL160W,YBR093C,1,1.7961334,0.3840579688549042,0.21136590838432312,0.03401020169258118
YHL028W,YPL177C,0,1.794604,0.3833634853363037,0.21136590838432312,0.034110233187675476
YNL335W,YCR089W,0,1.7926207,0.3826714754104614,0.21136590838432312,0.034210264682769775
YOR010C,YLR160C,1,1.7925636,0.3837837874889374,0.21236291527748108,0.034210264682769775
YML100W,YLR220W,0,1.7921301,0.38309353590011597,0.21236291527748108,0.034310292452573776
YNL322C,YMR305C,1,1.7916893,0.3842010796070099,0.21335992217063904,0.034310292452573776
YOR214C,YOR382W,1,1.791065,0.38530465960502625,0.214356929063797,0.034310292452573776
YLR121C,YHR132C,1,1.790155,0.3864043056964874,0.21535393595695496,0.034310292452573776
YMR186W,YGL205W,0,1.789615,0.3857142925262451,0.21535393595695496,0.034410323947668076
YMR041C,YMR321C,0,1.7895267,0.3850267231464386,0.21535393595695496,0.034510351717472076
YLR278C,YER177W,0,1.7895019,0.38434162735939026,0.21535393595695496,0.034610383212566376
YOR178C,YKR080W,0,1.7884495,0.3836589753627777,0.21535393595695496,0.034710414707660675
YBL045C,YLR092W,0,1.7882624,0.38297873735427856,0.21535393595695496,0.034810442477464676
YOL155C,YNL012W,1,1.7881554,0.3840707838535309,0.21635094285011292,0.034810442477464676
YKL156W,YCL026C-B,0,1.787469,0.38339221477508545,0.21635094285011292,0.034910473972558975
YER025W,YGR201C,0,1.7833624,0.3827160596847534,0.21635094285011292,0.035010501742362976
YMR315W,YCL074W,0,1.7823949,0.38204225897789,0.21635094285011292,0.035110533237457275
YNL244C,YOR356W,0,1.7815126,0.38137081265449524,0.21635094285011292,0.035210564732551575
YMR205C,YIL168W,0,1.781319,0.3807017505168915,0.21635094285011292,0.035310592502355576
YMR307W,YJR150C,1,1.7811352,0.3817863464355469,0.21734794974327087,0.035310592502355576
YKL216W,YMR295C,0,1.7806004,0.38111889362335205,0.21734794974327087,0.035410623997449875
YAL061W,YDR212W,0,1.7793721,0.38045376539230347,0.21734794974327087,0.035510651767253876
YKL024C,YGR189C,0,1.7789304,0.37979093194007874,0.21734794974327087,0.035610683262348175
YDR252W,YLR073C,0,1.7777857,0.37913042306900024,0.21734794974327087,0.035710714757442474
YPL187W,YLR160C,1,1.7764908,0.3802083432674408,0.21834497153759003,0.035710714757442474
YLR027C,YCR104W,0,1.7755882,0.37954938411712646,0.21834497153759003,0.035810742527246475
YDL036C,YNR060W,0,1.7752354,0.378892719745636,0.21834497153759003,0.035910774022340775
YMR058W,YFL028C,0,1.7732421,0.37823835015296936,0.21834497153759003,0.036010801792144775
YDR025W,YLR287C-A,0,1.7727741,0.3775862157344818,0.21834497153759003,0.036110833287239075
YFL014W,YLL038C,0,1.7724618,0.37693631649017334,0.21834497153759003,0.036210864782333374
YMR008C,YLR037C,1,1.7718135,0.37800687551498413,0.21934197843074799,0.036210864782333374
YLR390W-A,YMR171C,0,1.7709324,0.37735849618911743,0.21934197843074799,0.036310892552137375
YOR016C,YKL217W,0,1.7676294,0.3767123222351074,0.21934197843074799,0.036410924047231674
YNL160W,YGL089C,1,1.7662123,0.3777777850627899,0.22033898532390594,0.036410924047231674
YOR247W,YLR157C,1,1.7655686,0.3788395822048187,0.2213359922170639,0.036410924047231674
YMR215W,YKL096W,1,1.7653829,0.3798977732658386,0.22233299911022186,0.036410924047231674
YOR022C,YLL012W,0,1.7653637,0.3792516887187958,0.22233299911022186,0.036510951817035675
YBR298C,YBL009W,0,1.765,0.3786078095436096,0.22233299911022186,0.036610983312129974
YMR164C,YPR137C-B,0,1.764388,0.37796610593795776,0.22233299911022186,0.036711014807224274
YIL035C,YLR061W,0,1.7621238,0.3773265779018402,0.22233299911022186,0.036811042577028275
YDR500C,YDR222W,0,1.7621149,0.37668919563293457,0.22233299911022186,0.036911074072122574
YNR044W,YIR039C,1,1.7616409,0.3777402937412262,0.22333000600337982,0.036911074072122574
YER150W,YCL058C,1,1.7608713,0.3787878751754761,0.22432701289653778,0.036911074072122574
YGR060W,YHR092C,0,1.7596197,0.3781512677669525,0.22432701289653778,0.037011101841926575
YKL124W,YOL039W,0,1.7592396,0.3775167763233185,0.22432701289653778,0.037111133337020874
YCR069W,YBR035C,0,1.7585653,0.37688443064689636,0.22432701289653778,0.03721116483211517
YOL155C,YDR343C,0,1.7575556,0.3762541711330414,0.22432701289653778,0.037311192601919174
YLR413W,YFL036W,0,1.7558948,0.3756260573863983,0.22432701289653778,0.037411224097013474
YHR143W,YBR067C,1,1.7558736,0.3766666650772095,0.22532403469085693,0.037411224097013474
YPL266W,YMR196W,0,1.7554804,0.37603992223739624,0.22532403469085693,0.037511251866817474
YOL159C,YMR307W,1,1.7551855,0.3770764172077179,0.2263210415840149,0.037511251866817474
YBL072C,YBL091C,0,1.7550722,0.3764510750770569,0.2263210415840149,0.037611283361911774
YML031W,YGR256W,0,1.7547736,0.375827819108963,0.2263210415840149,0.03771131485700607
YJL159W,YNL066W,1,1.7540318,0.37685951590538025,0.22731804847717285,0.03771131485700607
YNL145W,YKL097W-A,1,1.7528458,0.3778877854347229,0.2283150553703308,0.03771131485700607
YER011W,YKL164C,1,1.7527207,0.37891268730163574,0.22931206226348877,0.03771131485700607
YMR006C,YLR160C,1,1.7523926,0.3799342215061188,0.23030906915664673,0.03771131485700607
YDR462W,YGL147C,0,1.7519897,0.37931033968925476,0.23030906915664673,0.037811342626810074
YDR105C,YLR044C,0,1.7512147,0.3786885142326355,0.23030906915664673,0.03791137412190437
YKR086W,YPL276W,0,1.7483757,0.378068745136261,0.23030906915664673,0.038011401891708374
YIL082W-A,YMR031C,0,1.7473899,0.37745097279548645,0.23030906915664673,0.03811143338680267
YAR050W,YLR040C,1,1.7468727,0.37846654653549194,0.2313060760498047,0.03811143338680267
YNL134C,YHR063C,0,1.7455417,0.37785017490386963,0.2313060760498047,0.03821146488189697
YIR031C,YDR099W,0,1.7429076,0.3772357702255249,0.2313060760498047,0.038311492651700974
YDL166C,YGR234W,0,1.7427121,0.37662336230278015,0.2313060760498047,0.03841152414679527
YMR008C,YKL096W,1,1.7403835,0.3776337206363678,0.23230309784412384,0.03841152414679527
YBR092C,YDR171W,0,1.738793,0.3770226538181305,0.23230309784412384,0.038511551916599274
YIL133C,YLR368W,0,1.736111,0.37641358375549316,0.23230309784412384,0.03861158341169357
YOR011W,YMR265C,0,1.7357665,0.37580645084381104,0.23230309784412384,0.03871161490678787
YGR192C,YJL191W,0,1.7351352,0.3752012848854065,0.23230309784412384,0.03881164267659187
YJL121C,YDL180W,0,1.7329394,0.37459805607795715,0.23230309784412384,0.03891167417168617
YOR258W,YFR012W,0,1.7322687,0.3739967942237854,0.23230309784412384,0.03901170194149017
YOL129W,YLR300W,0,1.7319161,0.37339743971824646,0.23230309784412384,0.03911173343658447
YJR145C,YFR021W,0,1.7307698,0.37279999256134033,0.23230309784412384,0.03921176493167877
YER011W,YJR004C,1,1.7281028,0.37380191683769226,0.2333001047372818,0.03921176493167877
YOR247W,YKL096W-A,1,1.7278913,0.3748006522655487,0.23429711163043976,0.03921176493167877
YDR064W,YLR118C,0,1.727435,0.3742038309574127,0.23429711163043976,0.03931179270148277
YLR121C,YBR056W,1,1.7271329,0.37519872188568115,0.23529411852359772,0.03931179270148277
YDR461W,YJR004C,1,1.7269241,0.3761904835700989,0.23629112541675568,0.03931179270148277
YOL065C,YJL158C,0,1.7267927,0.37559428811073303,0.23629112541675568,0.03941182419657707
YBR233W-A,YHR191C,0,1.7263674,0.375,0.23629112541675568,0.03951185196638107
YPR015C,YBL084C,0,1.7250901,0.3744075894355774,0.23629112541675568,0.03961188346147537
YDL046W,YMR053C,0,1.7248132,0.3738170266151428,0.23629112541675568,0.03971191495656967
YOR240W,YMR058W,0,1.7245433,0.3732283413410187,0.23629112541675568,0.03981194272637367
YCL060C,YPR103W,0,1.7243642,0.37264150381088257,0.23629112541675568,0.03991197422146797
YGL089C,YLR042C,1,1.7236179,0.37362638115882874,0.23728813230991364,0.03991197422146797
YNR044W,YER011W,1,1.7225869,0.3746081590652466,0.2382851392030716,0.03991197422146797
YER119C,YGR211W,0,1.7222062,0.3740219175815582,0.2382851392030716,0.04001200199127197
YDL077C,YEL054C,0,1.7211789,0.3734374940395355,0.2382851392030716,0.04011203348636627
YPR134W,YOR210W,0,1.7206783,0.37285491824150085,0.2382851392030716,0.04021206498146057
YML063W,YHR005C-A,0,1.7203065,0.37227413058280945,0.2382851392030716,0.04031209275126457
YKR075C,YHR190W,0,1.7202686,0.3716951906681061,0.2382851392030716,0.04041212424635887
YKL006W,YMR111C,0,1.7201526,0.3711180090904236,0.2382851392030716,0.04051215201616287
YIL169C,YKR042W,1,1.7201124,0.3720930218696594,0.23928214609622955,0.04051215201616287
YGR206W,YMR194W,0,1.7197125,0.37151703238487244,0.23928214609622955,0.04061218351125717
YMR303C,YMR129W,0,1.7190368,0.3709428012371063,0.23928214609622955,0.04071221500635147
YLR053C,YGR294W,0,1.7178404,0.37037035822868347,0.23928214609622955,0.04081224277615547
YJL034W,YOL162W,0,1.7169766,0.3697997033596039,0.23928214609622955,0.04091227427124977
YKR102W,YKL096W,1,1.7168247,0.3707692325115204,0.2402791678905487,0.04091227427124977
YLR110C,YDR461W,1,1.7163008,0.3717357814311981,0.24127617478370667,0.04091227427124977
YLR419W,YLR178C,0,1.7158638,0.3711656332015991,0.24127617478370667,0.04101230204105377
YER030W,YGR235C,0,1.7148002,0.370597243309021,0.24127617478370667,0.04111233353614807
YOL073C,YKR053C,0,1.7144617,0.37003058195114136,0.24127617478370667,0.04121236503124237
YBR283C,YML029W,0,1.7131472,0.3694656491279602,0.24127617478370667,0.04131239280104637
YPL092W,YKL222C,0,1.7127383,0.36890244483947754,0.24127617478370667,0.04141242429614067
YFL044C,YDL134C-A,0,1.7116429,0.36834093928337097,0.24127617478370667,0.04151245206594467
YDR134C,YOL011W,1,1.7115701,0.369300901889801,0.24227318167686462,0.04151245206594467
YDR371W,YLR160C,1,1.7111095,0.3702579736709595,0.24327018857002258,0.04151245206594467
YIL096C,YGR062C,0,1.7110244,0.3696969747543335,0.24327018857002258,0.04161248356103897
YCL064C,YOR022C,0,1.7105061,0.3691376745700836,0.24327018857002258,0.04171251505613327
YFL062W,YLR287C,0,1.7102314,0.36858007311820984,0.24327018857002258,0.04181254282593727
YNR041C,YDR107C,0,1.7070924,0.36802414059638977,0.24327018857002258,0.04191257432103157
YEL048C,YHL001W,0,1.7063206,0.3674698770046234,0.24327018857002258,0.04201260209083557
YNL103W,YLL024C,0,1.7042423,0.36691728234291077,0.24327018857002258,0.04211263358592987
YCL075W,YNL186W,0,1.703551,0.36636635661125183,0.24327018857002258,0.04221266508102417
YGL253W,YOL162W,0,1.7032515,0.3658170998096466,0.24327018857002258,0.04231269285082817
YLR158C,YER065C,1,1.7029377,0.36676645278930664,0.24426719546318054,0.04231269285082817
YEL038W,YJL108C,0,1.7020217,0.366218239068985,0.24426719546318054,0.04241272434592247
YGL179C,YDR519W,0,1.7007767,0.36567163467407227,0.24426719546318054,0.04251275211572647
YER011W,YJL159W,1,1.7005805,0.36661699414253235,0.2452642023563385,0.04251275211572647
YML131W,YHR045W,0,1.7004122,0.3660714328289032,0.2452642023563385,0.04261278361082077
YIL062C,YHR035W,0,1.6990128,0.365527480840683,0.2452642023563385,0.04271281510591507
YLR307W,YOL145C,0,1.6979444,0.3649851679801941,0.2452642023563385,0.04281284287571907
YGL005C,YJL158C,0,1.6972932,0.36444443464279175,0.2452642023563385,0.04291287437081337
YNL135C,YDL233W,0,1.6970268,0.36390531063079834,0.2452642023563385,0.04301290214061737
YGR161W-B,YPL257W-A,0,1.6967567,0.36336779594421387,0.2452642023563385,0.04311293363571167
YOR094W,YOR167C,0,1.6955581,0.36283186078071594,0.2452642023563385,0.04321296513080597
YGR070W,YOR128C,0,1.6941617,0.36229750514030457,0.2452642023563385,0.04331299290060997
YOL040C,YDR522C,0,1.6937596,0.36176469922065735,0.2452642023563385,0.04341302439570427
YNR067C,YKL157W,1,1.6930598,0.3627019226551056,0.24626120924949646,0.04341302439570427
YJR089W,YLR297W,0,1.6924068,0.36217010021209717,0.24626120924949646,0.04351305216550827
YEL026W,YGR179C,0,1.6921862,0.3616398274898529,0.24626120924949646,0.04361308366060257
YMR006C,YLR158C,1,1.6911633,0.3625730872154236,0.2472582310438156,0.04361308366060257
YBR162C,YFR020W,1,1.6909465,0.363503634929657,0.24825523793697357,0.04361308366060257
YJR153W,YBR200W-A,1,1.6906266,0.3644315004348755,0.24925224483013153,0.04361308366060257
YOR010C,YJL132W,1,1.6901406,0.3653566241264343,0.2502492666244507,0.04361308366060257
YLL024C,YJL174W,1,1.6900659,0.36627906560897827,0.25124627351760864,0.04361308366060257
YOR214C,YJL159W,1,1.6889225,0.3671988248825073,0.2522432804107666,0.04361308366060257
YDR414C,YBL033C,0,1.6872643,0.36666667461395264,0.2522432804107666,0.04371311515569687
YHR094C,YOR261C,0,1.6870595,0.3661360442638397,0.2522432804107666,0.04381314292550087
YLR286C,YPR121W,1,1.6867746,0.36705201864242554,0.25324028730392456,0.04381314292550087
YGR005C,YNL162W,0,1.6840332,0.3665223717689514,0.25324028730392456,0.04391317442059517
YGR282C,YLR120C,1,1.6837939,0.36743515729904175,0.2542372941970825,0.04391317442059517
YPR119W,YGL157W,0,1.683655,0.36690646409988403,0.2542372941970825,0.04401320219039917
YER056C,YBR041W,0,1.6835922,0.3663793206214905,0.2542372941970825,0.04411323368549347
YKL100C,YCL027C-A,0,1.6834694,0.3658536672592163,0.2542372941970825,0.04421326518058777
YKL096W-A,YDR420W,1,1.6823164,0.3667621910572052,0.2552343010902405,0.04421326518058777
YHL020C,YGL076C,0,1.6817927,0.36623749136924744,0.2552343010902405,0.04431329295039177
YOR009W,YKL096W,1,1.6805435,0.36714285612106323,0.25623130798339844,0.04431329295039177
YPR122W,YAL060W,0,1.680425,0.3666191101074219,0.25623130798339844,0.04441332444548607
YPL111W,YDR432W,0,1.6788999,0.3660968542098999,0.25623130798339844,0.04451335221529007
YNR038W,YBR139W,0,1.6786848,0.3655760884284973,0.25623130798339844,0.04461338371038437
YKR093W,YJL194W,0,1.6773185,0.3650568127632141,0.25623130798339844,0.04471341520547867
YER156C,YMR174C,0,1.6768348,0.3645389974117279,0.25623130798339844,0.04481344297528267
YGR066C,YOL110W,0,1.6766269,0.3640226721763611,0.25623130798339844,0.04491347447037697
YGR238C,YGL189C,0,1.6762943,0.36350777745246887,0.25623130798339844,0.04501350224018097
YHR211W,YMR008C,1,1.6754897,0.3644067943096161,0.2572283148765564,0.04501350224018097
YPL162C,YGL137W,0,1.6746625,0.3638927936553955,0.2572283148765564,0.04511353373527527
YLR445W,YOR311C,0,1.6743869,0.3633802831172943,0.2572283148765564,0.04521356523036957
YDR446W,YDR434W,0,1.6740705,0.3628692030906677,0.2572283148765564,0.04531359300017357
YOL040C,YLR304C,0,1.6740643,0.36235955357551575,0.2572283148765564,0.04541362449526787
YGR094W,YHR190W,0,1.673679,0.3618513345718384,0.2572283148765564,0.04551365226507187
YIL042C,YPL274W,0,1.6730143,0.3613445460796356,0.2572283148765564,0.04561368376016617
YDR038C,YOR391C,0,1.6728917,0.3608391582965851,0.2572283148765564,0.04571371525526047
YLR442C,YLR083C,0,1.6725048,0.36033520102500916,0.2572283148765564,0.04581374302506447
YBR162C,YAL063C,1,1.67242,0.3612273335456848,0.25822532176971436,0.04581374302506447
YOR022C,YGL222C,0,1.6720412,0.36072424054145813,0.25822532176971436,0.04591377452015877
YOL068C,YBR299W,0,1.6720275,0.3602225184440613,0.25822532176971436,0.04601380228996277
YER158C,YJR047C,0,1.6707578,0.35972222685813904,0.25822532176971436,0.04611383378505707
YLR367W,YGR150C,0,1.6703821,0.35922330617904663,0.25822532176971436,0.04621386528015137
YPL230W,YMR083W,0,1.668929,0.35872575640678406,0.25822532176971436,0.04631389304995537
YOR391C,YGR234W,0,1.6686747,0.3582296073436737,0.25822532176971436,0.04641392454504967
YBR104W,YLL023C,0,1.6683646,0.3577347993850708,0.25822532176971436,0.04651395604014397
YDR098C-A,YMR258C,0,1.668079,0.3572413921356201,0.25822532176971436,0.04661398380994797
YPR043W,YGR108W,0,1.6675843,0.3567493259906769,0.25822532176971436,0.04671401530504227
YBR071W,YLR044C,0,1.6674863,0.3562586009502411,0.25822532176971436,0.04681404307484627
YDR062W,YOR084W,0,1.6667747,0.35576921701431274,0.25822532176971436,0.04691407456994057
YOR389W,YKL157W,1,1.6638603,0.3566529452800751,0.2592223286628723,0.04691407456994057
YDL206W,YML125C,0,1.6635538,0.3561643958091736,0.2592223286628723,0.047014106065034866
YBR054W,YOR021C,0,1.6613257,0.35567715764045715,0.2592223286628723,0.04711413383483887
YDR461W,YMR008C,1,1.6586863,0.35655736923217773,0.2602193355560303,0.04711413383483887
YDR038C,YGL187C,0,1.6586736,0.35607093572616577,0.2602193355560303,0.047214165329933167
YKR036C,YER066W,0,1.6581883,0.35558584332466125,0.2602193355560303,0.04731419309973717
YLR408C,YOR168W,0,1.6581162,0.3551020324230194,0.2602193355560303,0.04741422459483147
YBR233W-A,YMR210W,0,1.6555815,0.354619562625885,0.2602193355560303,0.047514256089925766
YFR045W,YJR092W,0,1.6553978,0.35413840413093567,0.2602193355560303,0.04761428385972977
YER103W,YLL061W,0,1.6541765,0.353658527135849,0.2602193355560303,0.047714315354824066
YIR019C,YMR008C,1,1.6541369,0.3545331656932831,0.26121634244918823,0.047714315354824066
YOR241W,YKL217W,0,1.6534299,0.3540540635585785,0.26121634244918823,0.04781434312462807
YBR139W,YDR346C,0,1.6529808,0.3535762429237366,0.26121634244918823,0.047914374619722366
YMR186W,YLR079W,0,1.6526276,0.3530997335910797,0.26121634244918823,0.048014406114816666
YNR007C,YLR194C,0,1.6524631,0.3526245057582855,0.26121634244918823,0.048114433884620667
YDR511W,YDR402C,0,1.6516483,0.3521505296230316,0.26121634244918823,0.048214465379714966
YER112W,YBR067C,0,1.6514446,0.35167786478996277,0.26121634244918823,0.04831449314951897
YHL037C,YDR261C,1,1.651235,0.35254693031311035,0.2622133493423462,0.04831449314951897
YLR461W,YDR284C,0,1.6498326,0.3520749807357788,0.2622133493423462,0.048414524644613266
YJR091C,YNL210W,0,1.6495259,0.35160428285598755,0.2622133493423462,0.048514556139707565
YLR307W,YDR354W,0,1.647617,0.3511348366737366,0.2622133493423462,0.048614583909511566
YLR283W,YML052W,0,1.6470314,0.35066667199134827,0.2622133493423462,0.048714615404605865
YOR076C,YLL053C,0,1.646137,0.35019972920417786,0.2622133493423462,0.048814643174409866
YOR133W,YFR020W,0,1.6434891,0.34973403811454773,0.2622133493423462,0.048914674669504166
YPL049C,YDR210W-A,0,1.6433386,0.3492695987224579,0.2622133493423462,0.049014706164598465
YLR001C,YHL044W,0,1.6431581,0.34880635142326355,0.2622133493423462,0.049114733934402466
YPR137C-B,YIL154C,0,1.6430708,0.3483443856239319,0.2622133493423462,0.049214765429496765
YER011W,YJL051W,0,1.6421518,0.3478836119174957,0.2622133493423462,0.049314793199300766
YGR168C,YGR282C,0,1.6408215,0.3474240303039551,0.2622133493423462,0.049414824694395065
YMR297W,YFR022W,0,1.640797,0.3469657003879547,0.2622133493423462,0.049514856189489365
YDR034C-C,YBR241C,0,1.6399343,0.34650856256484985,0.2622133493423462,0.049614883959293365
YKL032C,YGR149W,0,1.6397167,0.3460526168346405,0.2622133493423462,0.049714915454387665
YGR088W,YOR304C-A,0,1.6390761,0.34559789299964905,0.2622133493423462,0.049814943224191666
YKL212W,YCL066W,0,1.6386123,0.3451443612575531,0.2622133493423462,0.049914974719285965
YER011W,YGR037C,1,1.6377457,0.34600260853767395,0.26321035623550415,0.049914974719285965
YOL040C,YKL105C,0,1.6376078,0.34554973244667053,0.26321035623550415,0.050015006214380264
YJL144W,YJR010C-A,0,1.6370817,0.3450980484485626,0.26321035623550415,0.050115033984184265
YNL117W,YBR105C,0,1.6369883,0.34464752674102783,0.26321035623550415,0.050215065479278564
YDR248C,YLR449W,0,1.6368765,0.34419816732406616,0.26321035623550415,0.050315093249082565
YLR056W,YBR150C,0,1.6368297,0.34375,0.26321035623550415,0.050415124744176865
YHR143W,YMR305C,1,1.6367093,0.34460338950157166,0.2642073631286621,0.050415124744176865
YLR155C,YCL058C,1,1.6361269,0.34545454382896423,0.26520439982414246,0.050415124744176865
YNR044W,YBR078W,1,1.63575,0.3463034927845001,0.2662014067173004,0.050415124744176865
YIL169C,YGR026W,0,1.6355191,0.34585490822792053,0.2662014067173004,0.050515156239271164
YDL245C,YEL055C,0,1.6351074,0.34540751576423645,0.2662014067173004,0.050615184009075165
YPR127W,YMR069W,0,1.6346892,0.3449612259864807,0.2662014067173004,0.050715215504169464
YHL039W,YML102W,0,1.6340555,0.3445161283016205,0.2662014067173004,0.050815243273973465
YDR281C,YJL163C,0,1.633608,0.344072163105011,0.2662014067173004,0.050915274769067764
YIR019C,YOR247W,1,1.6335182,0.34491634368896484,0.2671984136104584,0.050915274769067764
YKR016W,YJL160C,0,1.6332906,0.3444730043411255,0.2671984136104584,0.051015306264162064
YLR110C,YEL040W,1,1.6331369,0.34531450271606445,0.26819542050361633,0.051015306264162064
YCL030C,YJL209W,0,1.6330432,0.34487178921699524,0.26819542050361633,0.051115334033966064
YDR039C,YHL021C,0,1.6326327,0.34443020820617676,0.26819542050361633,0.051215365529060364
YPL268W,YGR234W,0,1.6322798,0.343989759683609,0.26819542050361633,0.051315393298864365
YGR254W,YDL093W,0,1.6314065,0.343550443649292,0.26819542050361633,0.051415424793958664
YEL054C,YGL070C,0,1.6312157,0.3431122303009033,0.26819542050361633,0.05151545628905296
YER078C,YBR158W,0,1.6298122,0.3426751494407654,0.26819542050361633,0.051615484058856964
YNL231C,YKL060C,0,1.6297979,0.3422391712665558,0.26819542050361633,0.05171551555395126
YGL196W,YKL217W,0,1.6297203,0.3418043255805969,0.26819542050361633,0.051815543323755264
YKL082C,YKL218C,0,1.6296258,0.341370552778244,0.26819542050361633,0.051915574818849564
YBL098W,YDR465C,0,1.6295035,0.34093788266181946,0.26819542050361633,0.05201560631394386
YJL209W,YPL061W,0,1.6288714,0.34050631523132324,0.26819542050361633,0.052115634083747864
YNR067C,YHL021C,0,1.6286191,0.34007585048675537,0.26819542050361633,0.05221566557884216
YGR037C,YEL060C,1,1.6263677,0.34090909361839294,0.2691924273967743,0.05221566557884216
YGL051W,YNL116W,0,1.6260954,0.34047919511795044,0.2691924273967743,0.052315693348646164
YDR059C,YPR159W,0,1.6251603,0.3400503695011139,0.2691924273967743,0.05241572484374046
YLR037C,YIR039C,1,1.6246372,0.34088051319122314,0.27018943428993225,0.05241572484374046
YJL097W,YNL305C,0,1.6230928,0.34045225381851196,0.27018943428993225,0.05251575633883476
YFL002W-B,YER163C,0,1.6229913,0.3400250971317291,0.27018943428993225,0.05261578410863876
YGL150C,YJL160C,0,1.6217948,0.33959898352622986,0.27018943428993225,0.05271581560373306
YAR071W,YNL012W,1,1.6214075,0.3404255211353302,0.2711864411830902,0.05271581560373306
YER083C,YGL008C,0,1.620119,0.3400000035762787,0.2711864411830902,0.052815843373537064
YAR071W,YAR050W,1,1.6195153,0.3408239781856537,0.27218344807624817,0.052815843373537064
YML042W,YCR063W,0,1.6194443,0.34039899706840515,0.27218344807624817,0.05291587486863136
YCR097W,YNL210W,0,1.6192125,0.3399750888347626,0.27218344807624817,0.05301590636372566
YHL037C,YNL300W,1,1.618538,0.34079602360725403,0.27318045496940613,0.05301590636372566
YLR120C,YDL211C,0,1.6181489,0.3403726816177368,0.27318045496940613,0.05311593413352966
YOR297C,YLR367W,0,1.6179014,0.3399503827095032,0.27318045496940613,0.05321596562862396
YLR427W,YDR033W,0,1.6167358,0.3395291268825531,0.27318045496940613,0.05331599339842796
YDR371W,YIL011W,1,1.6166722,0.3403465449810028,0.2741774618625641,0.05331599339842796
YOL030W,YPL123C,1,1.6154398,0.34116193652153015,0.27517446875572205,0.05331599339842796
YGR200C,YHR199C,0,1.6150814,0.34074074029922485,0.27517446875572205,0.05341602489352226
YPL172C,YKL071W,0,1.614766,0.3403205871582031,0.27517446875572205,0.05351605638861656
YBR031W,YDL064W,0,1.6135622,0.33990147709846497,0.27517446875572205,0.05361608415842056
YDR109C,YLR120C,0,1.612949,0.339483380317688,0.27517446875572205,0.05371611565351486
YPL149W,YNR072W,0,1.612837,0.3390663266181946,0.27517446875572205,0.05381614342331886
YBL101W-A,YOR208W,0,1.612151,0.33865031599998474,0.27517446875572205,0.05391617491841316
YGR109W-B,YLR274W,0,1.611122,0.3382352888584137,0.27517446875572205,0.05401620641350746
YGL196W,YCR048W,0,1.6108677,0.3378213047981262,0.27517446875572205,0.05411623418331146
YHR079C-A,YDR262W,0,1.610833,0.33740830421447754,0.27517446875572205,0.05421626567840576
YPR147C,YBR242W,0,1.6105084,0.3369963467121124,0.27517446875572205,0.05431629344820976
YOR003W,YMR305C,1,1.6101846,0.3378048837184906,0.27617147564888,0.05431629344820976
YKR013W,YJL158C,1,1.6097419,0.3386114537715912,0.27716848254203796,0.05431629344820976
YNL019C,YOR023C,0,1.6094602,0.33819952607154846,0.27716848254203796,0.05441632494330406
YER190W,YPL130W,0,1.6077403,0.33778858184814453,0.27716848254203796,0.05451635643839836
YNL259C,YJL225C,0,1.6076002,0.3373786509037018,0.27716848254203796,0.05461638420820236
YOR214C,YKR013W,1,1.6075333,0.33818182349205017,0.2781654894351959,0.05461638420820236
YPR157W,YJR149W,0,1.6068896,0.337772399187088,0.2781654894351959,0.05471641570329666
YER119C,YJL080C,0,1.6061052,0.33736395835876465,0.2781654894351959,0.05481644347310066
YCR100C,YGL026C,0,1.6052116,0.33695653080940247,0.2781654894351959,0.05491647496819496
YKR021W,YLR013W,0,1.6051649,0.3365500569343567,0.2781654894351959,0.05501650646328926
YKL182W,YMR117C,0,1.6049267,0.3361445665359497,0.2781654894351959,0.05511653423309326
YLR286C,YFR020W,1,1.6044418,0.33694344758987427,0.27916252613067627,0.05511653423309326
YPL070W,YJL113W,0,1.6035739,0.3365384638309479,0.27916252613067627,0.05521656572818756
YOL060C,YHR062C,0,1.603226,0.3361344635486603,0.27916252613067627,0.05531659349799156
YNL284C-B,YHR124W,0,1.6029648,0.3357314169406891,0.27916252613067627,0.05541662499308586
YIR019C,YNL327W,1,1.6014417,0.3365269601345062,0.28015953302383423,0.05541662499308586
YEL011W,YDL093W,0,1.6012229,0.33612439036369324,0.28015953302383423,0.05551665648818016
YBR093C,YDR532C,0,1.6006918,0.33572283387184143,0.28015953302383423,0.05561668425798416
YPR121W,YOR382W,1,1.6002772,0.33651551604270935,0.2811565399169922,0.05561668425798416
YKL164C,YLR001C,1,1.5999829,0.33730632066726685,0.28215354681015015,0.05561668425798416
YDR371W,YNL300W,1,1.5999202,0.3380952477455139,0.2831505537033081,0.05561668425798416
YLR197W,YFR016C,0,1.5970182,0.3376932144165039,0.2831505537033081,0.05571671575307846
YCL054W,YBL097W,0,1.5942789,0.3372921645641327,0.2831505537033081,0.05581674352288246
YDR293C,YLR179C,0,1.5931736,0.3368920385837555,0.2831505537033081,0.05591677501797676
YAR071W,YNL322C,1,1.5928103,0.3376777172088623,0.28414756059646606,0.05591677501797676
YGR055W,YPL003W,0,1.5925702,0.3372780978679657,0.28414756059646606,0.05601680651307106
YJL078C,YLR160C,1,1.5921596,0.33806145191192627,0.285144567489624,0.05601680651307106
YOL161C,YGR288W,0,1.5921572,0.33766233921051025,0.285144567489624,0.05611683428287506
YMR105C,YPR111W,0,1.5920682,0.33726415038108826,0.285144567489624,0.05621686577796936
YPL058C,YLL049W,0,1.5918305,0.33686691522598267,0.285144567489624,0.05631689354777336
YJR131W,YJR161C,0,1.591259,0.3364705741405487,0.285144567489624,0.05641692504286766
YDL127W,YDR345C,0,1.590831,0.33607521653175354,0.285144567489624,0.05651695653796196
YHR092C,YKL173W,0,1.5906991,0.33568075299263,0.285144567489624,0.05661698430776596
YDR446W,YLL055W,0,1.5903589,0.3352872133255005,0.285144567489624,0.05671701580286026
YDR353W,YJR054W,0,1.590197,0.3348946273326874,0.285144567489624,0.05681704357266426
YER150W,YOR382W,1,1.5899026,0.335672527551651,0.286141574382782,0.05681704357266426
YCR024C,YOR237W,0,1.5898005,0.3352803885936737,0.286141574382782,0.05691707506775856
YBR301W,YKL152C,0,1.5896333,0.33488914370536804,0.286141574382782,0.05701710656285286
YIL096C,YDR287W,0,1.5892617,0.3344988226890564,0.286141574382782,0.05711713433265686
YNL077W,YNL026W,0,1.5890422,0.33410942554473877,0.286141574382782,0.05721716582775116
YBR208C,YPR116W,0,1.5882183,0.3337209224700928,0.286141574382782,0.05731719359755516
YDR261C,YDL049C,1,1.5877796,0.33449476957321167,0.28713858127593994,0.05731719359755516
YAR071W,YEL040W,1,1.5872477,0.3352668285369873,0.2881355881690979,0.05731719359755516
YOR316C,YJL221C,0,1.5856344,0.3348783254623413,0.2881355881690979,0.05741722509264946
YMR300C,YGL096W,0,1.5854912,0.33449074625968933,0.2881355881690979,0.05751725658774376
YLR160C,YKL096W,1,1.5829562,0.3352601230144501,0.28913259506225586,0.05751725658774376
YBL002W,YPR133C,0,1.582751,0.3348729908466339,0.28913259506225586,0.05761728435754776
YNL055C,YCL019W,0,1.5819768,0.334486722946167,0.28913259506225586,0.05771731585264206
YLR430W,YDR380W,0,1.5816529,0.3341013789176941,0.28913259506225586,0.05781734362244606
YMR008C,YKL163W,1,1.5806081,0.3348676562309265,0.2901296019554138,0.05781734362244606
YAL067C,YKR028W,0,1.5805073,0.33448275923728943,0.2901296019554138,0.05791737511754036
YDR489W,YJL190C,0,1.5791497,0.3340987265110016,0.2901296019554138,0.05801740661263466
YHR143W,YDR534C,1,1.5777832,0.3348623812198639,0.2911266088485718,0.05801740661263466
YOR140W,YNL301C,0,1.5772871,0.33447879552841187,0.2911266088485718,0.05811743438243866
YGL116W,YLR158C,0,1.575389,0.33409610390663147,0.2911266088485718,0.05821746587753296
YBR222C,YGR066C,0,1.5750605,0.3337142765522003,0.2911266088485718,0.05831749364733696
YKL158W,YPL130W,1,1.5744871,0.3344748914241791,0.29212361574172974,0.05831749364733696
YPL188W,YOL053C-A,0,1.5743309,0.33409351110458374,0.29212361574172974,0.05841752514243126
YER150W,YIL162W,1,1.5737765,0.3348519504070282,0.2931206524372101,0.05841752514243126
YJL079C,YMR305C,1,1.5736915,0.3356086313724518,0.29411765933036804,0.05841752514243126
YJL174W,YBR093C,1,1.5736338,0.33636364340782166,0.295114666223526,0.05841752514243126
YOR351C,YLR286C,0,1.5734955,0.3359818458557129,0.295114666223526,0.05851755663752556
YDR371W,YBR078W,1,1.5734607,0.33673468232154846,0.29611167311668396,0.05851755663752556
YDR098C,YJL142C,0,1.5718521,0.3363533318042755,0.29611167311668396,0.05861758440732956
YOR081C,YDR210W,0,1.5714229,0.3359728455543518,0.29611167311668396,0.05871761590242386
YOR383C,YJL132W,1,1.5708481,0.3367231786251068,0.2971086800098419,0.05871761590242386
YGR149W,YIL127C,0,1.570355,0.33634310960769653,0.2971086800098419,0.05881764367222786
YCR055C,YMR290C,0,1.5690988,0.3359639346599579,0.2971086800098419,0.05891767516732216
YAL042W,YCL066W,0,1.5690731,0.3355855941772461,0.2971086800098419,0.05901770666241646
YJL107C,YKL060C,0,1.5679551,0.33520808815956116,0.2971086800098419,0.05911773443222046
YOR250C,YGL158W,0,1.5679344,0.33483144640922546,0.2971086800098419,0.05921776592731476
YJR054W,YPR107C,0,1.5674319,0.334455668926239,0.2971086800098419,0.05931779369711876
YDR261W-A,YHL001W,0,1.5672292,0.3340807259082794,0.2971086800098419,0.05941782519221306
YLR414C,YPR127W,0,1.5667537,0.3337066173553467,0.2971086800098419,0.05951785668730736
YHL037C,YHR211W,1,1.5662104,0.33445191383361816,0.2981056869029999,0.05951785668730736
YDR420W,YDR534C,1,1.565877,0.33519554138183594,0.29910269379615784,0.05951785668730736
YJL129C,YPR154W,0,1.5651411,0.3348214328289032,0.29910269379615784,0.05961788445711136
YJL158C,YKL164C,1,1.5649273,0.33556297421455383,0.3000997006893158,0.05961788445711136
YPR061C,YGL008C,0,1.564793,0.3351893126964569,0.3000997006893158,0.05971791595220566
YAL054C,YMR205C,0,1.5645032,0.33481645584106445,0.3000997006893158,0.05981794372200966
YPL219W,YMR122W-A,0,1.5623885,0.33444443345069885,0.3000997006893158,0.05991797521710396
YJL079C,YHR202W,1,1.5619895,0.33518314361572266,0.30109670758247375,0.05991797521710396
YGR192C,YHR216W,0,1.5616919,0.3348115384578705,0.30109670758247375,0.06001800671219826
YGL010W,YOL047C,0,1.5613095,0.33444076776504517,0.30109670758247375,0.06011803448200226
YDR507C,YAR020C,0,1.5607692,0.3340708017349243,0.30109670758247375,0.06021806597709656
YIR019C,YDR534C,1,1.5602628,0.3348066210746765,0.3020937144756317,0.06021806597709656
YJL219W,YGR192C,0,1.560157,0.3344370722770691,0.3020937144756317,0.06031809374690056
YDR055W,YJR151C,1,1.5598187,0.3351708948612213,0.3030907213687897,0.06031809374690056
YMR307W,YJL159W,1,1.5594248,0.3359030783176422,0.30408772826194763,0.06031809374690056
YLR390W-A,YKL096W,1,1.5589092,0.3366336524486542,0.3050847351551056,0.06031809374690056
YDR101C,YMR068W,0,1.5581853,0.3362637460231781,0.3050847351551056,0.06041812524199486
YOL132W,YPR003C,0,1.5581472,0.3358946144580841,0.3050847351551056,0.06051815673708916
YLR430W,YDL055C,0,1.5577137,0.33552631735801697,0.3050847351551056,0.06061818450689316
YOL109W,YGL031C,0,1.5567216,0.3351588249206543,0.3050847351551056,0.06071821600198746
YJL160C,YBR093C,1,1.5565751,0.3358862102031708,0.30608174204826355,0.06071821600198746
YBR297W,YDL211C,0,1.5560136,0.33551913499832153,0.30608174204826355,0.06081824377179146
YKL133C,YNL182C,0,1.5557607,0.33515283465385437,0.30608174204826355,0.06091827526688576
YPL130W,YJL174W,1,1.5544168,0.3358778655529022,0.3070787489414215,0.06091827526688576
YGL079W,YDR277C,0,1.5541058,0.3355119824409485,0.3070787489414215,0.06101830676198006
YBR058C-A,YGR067C,0,1.5537978,0.3351469039916992,0.3070787489414215,0.06111833453178406
YDR037W,YER130C,0,1.5531219,0.33478260040283203,0.3070787489414215,0.06121836602687836
YGL089C,YLR155C,1,1.5523657,0.3355048894882202,0.30807578563690186,0.06121836602687836
YBR119W,YJR120W,0,1.5523368,0.33514100313186646,0.30807578563690186,0.06131839379668236
YHR055C,YLL031C,0,1.5523254,0.3347778916358948,0.30807578563690186,0.06141842529177666
YPL250C,YIL011W,0,1.5520709,0.33441558480262756,0.30807578563690186,0.061518456786870956
YIL149C,YAL067C,0,1.5516728,0.33405405282974243,0.30807578563690186,0.06161848455667496
YML087C,YMR182C,0,1.5512551,0.3336932957172394,0.30807578563690186,0.06171851605176926
YER074W,YOR228C,0,1.5509595,0.3333333432674408,0.30807578563690186,0.06181854382157326
YDR450W,YDL116W,0,1.5497452,0.3329741358757019,0.30807578563690186,0.06191857531666756
YLR283W,YIL136W,0,1.5495178,0.3326157033443451,0.30807578563690186,0.062018606811761856
YGR027C,YLR445W,0,1.5482317,0.33225807547569275,0.30807578563690186,0.06211863458156586
YGR189C,YBR078W,1,1.5479822,0.332975298166275,0.3090727925300598,0.06211863458156586
YBR158W,YLR025W,0,1.5470341,0.33261802792549133,0.3090727925300598,0.062218666076660156
YJL004C,YHR212W-A,0,1.546949,0.3322615325450897,0.3090727925300598,0.06231869384646416
YBR297W,YKR013W,0,1.54523,0.3319057822227478,0.3090727925300598,0.062418725341558456
YHL047C,YLR158C,0,1.5447441,0.33155080676078796,0.3090727925300598,0.06251875311136246
YDR322W,YBL059W,0,1.5447029,0.3311965763568878,0.3090727925300598,0.06261878460645676
YLR135W,YDR044W,0,1.5443202,0.33084312081336975,0.3090727925300598,0.06271881610155106
YFR050C,YOL114C,0,1.5443045,0.3304904103279114,0.3090727925300598,0.06281884759664536
YMR060C,YPL198W,0,1.5440533,0.3301384449005127,0.3090727925300598,0.06291887909173965
YBR068C,YMR215W,0,1.5437986,0.3297872245311737,0.3090727925300598,0.06301890313625336
YMR059W,YNL162W,0,1.5432864,0.3294367790222168,0.3090727925300598,0.06311893463134766
YPL162C,YOR374W,0,1.5429612,0.3290870487689972,0.3090727925300598,0.06321896612644196
YJR150C,YLR160C,1,1.5428094,0.32979851961135864,0.3100697994232178,0.06321896612644196
YCR089W,YHR211W,1,1.5426992,0.3305084705352783,0.31106680631637573,0.06321896612644196
YEL012W,YGL189C,0,1.5426016,0.3301587402820587,0.31106680631637573,0.06331899762153625
YER072W,YHR030C,0,1.5425074,0.3298097252845764,0.31106680631637573,0.06341902911663055
YDL130W,YKR017C,0,1.5423666,0.3294614553451538,0.31106680631637573,0.06351905316114426
YPR067W,YJR047C,0,1.5420059,0.3291139304637909,0.31106680631637573,0.06361908465623856
YAL063C,YKL096W,1,1.5419008,0.3298208713531494,0.3120638132095337,0.06361908465623856
YIL169C,YOL053C-A,0,1.5417743,0.32947367429733276,0.3120638132095337,0.06371911615133286
YOR142W-A,YLR088W,0,1.5408016,0.3291272222995758,0.3120638132095337,0.06381914764642715
YJL113W,YLR163C,0,1.5405184,0.32878151535987854,0.3120638132095337,0.06391917914152145
YHR119W,YGL031C,0,1.5387856,0.3284365236759186,0.3120638132095337,0.06401920318603516
YIR014W,YJL091C,0,1.537949,0.3280922472476959,0.3120638132095337,0.06411923468112946
YDR490C,YLR432W,0,1.5371138,0.32774868607521057,0.3120638132095337,0.06421926617622375
YLR157C-A,YFL040W,0,1.5367054,0.3274058699607849,0.3120638132095337,0.06431929767131805
YGL226C-A,YLR390W-A,0,1.5366849,0.32706373929977417,0.3120638132095337,0.06441932916641235
YCL060C,YOR100C,0,1.536332,0.32672232389450073,0.3120638132095337,0.06451935321092606
YLR158C,YJL174W,1,1.53487,0.32742440700531006,0.31306082010269165,0.06451935321092606
YDR134C,YHR038W,0,1.5346342,0.3270833194255829,0.31306082010269165,0.06461938470602036
YAR050W,YKL157W,1,1.5340272,0.3277835547924042,0.3140578269958496,0.06461938470602036
YOR010C,YEL040W,1,1.5339471,0.32848232984542847,0.31505483388900757,0.06461938470602036
YOL030W,YIL123W,1,1.5339302,0.32917964458465576,0.3160518407821655,0.06461938470602036
YJL160C,YKR013W,1,1.5338345,0.32987552881240845,0.3170488476753235,0.06461938470602036
YDL199C,YER167W,0,1.5332588,0.3295336663722992,0.3170488476753235,0.06471941620111465
YMR105C,YGR288W,0,1.5322961,0.32919254899024963,0.3170488476753235,0.06481944769620895
YCR089W,YKL096W,1,1.532149,0.329886257648468,0.31804585456848145,0.06481944769620895
YER014C-A,YGR239C,0,1.531942,0.3295454680919647,0.31804585456848145,0.06491947919130325
YMR011W,YFR048W,0,1.5318878,0.32920536398887634,0.31804585456848145,0.06501950323581696
YHL037C,YKL164C,1,1.531205,0.3298968970775604,0.3190428614616394,0.06501950323581696
YBR180W,YGR222W,0,1.5312027,0.3295571506023407,0.3190428614616394,0.06511953473091125
YPR095C,YDR316W-B,0,1.5308241,0.3292181193828583,0.3190428614616394,0.06521956622600555
YIL167W,YPL248C,0,1.5305383,0.3288797438144684,0.3190428614616394,0.06531959772109985
YGL162W,YPR158C-C,0,1.5302571,0.3285420835018158,0.3190428614616394,0.06541962921619415
YER014C-A,YGL070C,0,1.529832,0.3282051384449005,0.3190428614616394,0.06551965326070786
YNL190W,YAR050W,1,1.5288941,0.3288934528827667,0.32003986835479736,0.06551965326070786
YDR476C,YLR215C,0,1.5286409,0.3285568058490753,0.32003986835479736,0.06561968475580215
YDL101C,YPL093W,0,1.5274681,0.32822084426879883,0.32003986835479736,0.06571971625089645
YBR025C,YLR143W,0,1.5269758,0.32788559794425964,0.32003986835479736,0.06581974774599075
YCL057C-A,YMR162C,0,1.5238562,0.327551007270813,0.32003986835479736,0.06591977924108505
YGL085W,YJR092W,0,1.5234051,0.32721713185310364,0.32003986835479736,0.06601980328559875
YLR121C,YOR214C,1,1.5232555,0.327902227640152,0.3210368752479553,0.06601980328559875
YAR050W,YDR534C,1,1.5231034,0.3285859525203705,0.32203391194343567,0.06601980328559875
YOR291W,YNL190W,0,1.5226316,0.32825204730033875,0.32203391194343567,0.06611983478069305
YIL083C,YDR513W,0,1.5225767,0.32791876792907715,0.32203391194343567,0.06621986627578735
YKL145W,YNL190W,0,1.5222858,0.32758620381355286,0.32203391194343567,0.06631989777088165
YBR059C,YBL039W-A,0,1.5219808,0.3272542953491211,0.32203391194343567,0.06641992926597595
YIL169C,YMR008C,1,1.5199813,0.32793521881103516,0.32303091883659363,0.06641992926597595
YLR406C-A,YGR024C,0,1.5197171,0.32760363817214966,0.32303091883659363,0.06651995331048965
YNL180C,YBL039C,0,1.5196989,0.3272727131843567,0.32303091883659363,0.06661998480558395
YHR075C,YJR047C,0,1.5194049,0.32694247364997864,0.32303091883659363,0.06672001630067825
YNL079C,YOR283W,0,1.5193427,0.3266128897666931,0.32303091883659363,0.06682004779577255
YGL101W,YIL150C,0,1.5189208,0.3262839913368225,0.32303091883659363,0.06692007929086685
YIL158W,YHR116W,0,1.5184969,0.32595574855804443,0.32303091883659363,0.06702010333538055
YDL049C,YLR040C,1,1.5177523,0.32663315534591675,0.3240279257297516,0.06702010333538055
YCR089W,YIL123W,1,1.5173863,0.327309250831604,0.32502493262290955,0.06702010333538055
YER035W,YER071C,0,1.5170559,0.32698094844818115,0.32502493262290955,0.06712013483047485
YOL155C,YJL160C,1,1.5166605,0.3276553153991699,0.3260219395160675,0.06712013483047485
YOL055C,YOR230W,0,1.5163342,0.32732734084129333,0.3260219395160675,0.06722016632556915
YGR027W-B,YIL119C,0,1.5157908,0.3269999921321869,0.3260219395160675,0.06732019782066345
YIR003W,YGL147C,0,1.5152987,0.32667332887649536,0.3260219395160675,0.06742022931575775
YGR042W,YDR450W,0,1.5146348,0.326347291469574,0.3260219395160675,0.06752025336027145
YFL002W-B,YPR065W,0,1.5142634,0.3260219395160675,0.3260219395160675,0.06762028485536575
YJR094C,YPR127W,0,1.5122191,0.3256972134113312,0.3260219395160675,0.06772031635046005
YGR121C,YBR234C,0,1.5118461,0.3253731429576874,0.3260219395160675,0.06782034784555435
YJR029W,YOL110W,0,1.5117365,0.3250496983528137,0.3260219395160675,0.06792037934064865
YBR221C,YER037W,0,1.511512,0.3247269093990326,0.3260219395160675,0.06802040338516235
YNL115C,YOR332W,0,1.5112236,0.324404776096344,0.3260219395160675,0.06812043488025665
YNR056C,YPR016C,0,1.5110952,0.32408323884010315,0.3260219395160675,0.06822046637535095
YDR319C,YGL008C,0,1.5098978,0.3237623870372772,0.3260219395160675,0.06832049787044525
YKL006W,YHR030C,0,1.5098795,0.32344213128089905,0.3260219395160675,0.06842052936553955
YOR211C,YMR046C,0,1.5093356,0.3231225311756134,0.3260219395160675,0.06852055341005325
YBR163W,YPL090C,0,1.5088195,0.3228035569190979,0.3260219395160675,0.06862058490514755
YNL012W,YNL300W,1,1.5086794,0.32347139716148376,0.32701894640922546,0.06862058490514755
YBL100W-A,YCR011C,0,1.5083538,0.32315272092819214,0.32701894640922546,0.06872061640024185
YDR098C-B,YGL129C,0,1.5071158,0.32283464074134827,0.32701894640922546,0.06882064789533615
YCR029C-A,YFR016C,0,1.5060067,0.3225172162055969,0.32701894640922546,0.06892067939043045
YHL039W,YLR157C-B,0,1.5053209,0.32220038771629333,0.32701894640922546,0.06902070343494415
YPL096C-A,YJR105W,0,1.5016605,0.3218842148780823,0.32701894640922546,0.06912073493003845
YGR180C,YOR304C-A,0,1.5011626,0.32156863808631897,0.32701894640922546,0.06922076642513275
YLR001C,YBR299W,0,1.4999974,0.3212536871433258,0.32701894640922546,0.06932079792022705
YER069W,YPL028W,0,1.4996647,0.3209393322467804,0.32701894640922546,0.06942082941532135
YJL127C-A,YLR390W-A,0,1.4963543,0.3206256031990051,0.32701894640922546,0.06952085345983505
YOR014W,YOL058W,0,1.4961243,0.3203125,0.32701894640922546,0.06962088495492935
YJR092W,YDR256C,0,1.4960233,0.3199999928474426,0.32701894640922546,0.06972091645002365
YLL024C,YEL060C,1,1.4955403,0.3206627666950226,0.3280159533023834,0.06972091645002365
YOL142W,YIL053W,0,1.4954301,0.3203505277633667,0.3280159533023834,0.06982094794511795
YDR387C,YGL234W,0,1.4952942,0.32003891468048096,0.3280159533023834,0.06992097944021225
YNL077W,YBL100W-A,0,1.4952661,0.31972789764404297,0.3280159533023834,0.07002100348472595
YKL162C,YLR385C,0,1.4943521,0.31941747665405273,0.3280159533023834,0.07012103497982025
YKL162C,YOR304C-A,0,1.4941837,0.31910765171051025,0.3280159533023834,0.07022106647491455
YPL050C,YDR316W-B,0,1.4934503,0.3187984526157379,0.3280159533023834,0.07032109797000885
YOR124C,YGL189C,0,1.4932972,0.31848984956741333,0.3280159533023834,0.07042112946510315
YGL043W,YER117W,0,1.492932,0.3181818127632141,0.3280159533023834,0.07052115350961685
YNL322C,YIL015W,1,1.4928693,0.3188405930995941,0.3290129601955414,0.07052115350961685
YKL157W,YMR215W,1,1.4927318,0.31949806213378906,0.33000996708869934,0.07052115350961685
YIL011W,YCL064C,0,1.4920093,0.31918996572494507,0.33000996708869934,0.07062118500471115
YBL054W,YDR504C,0,1.4919459,0.31888246536254883,0.33000996708869934,0.07072121649980545
YOR359W,YGL147C,0,1.4918195,0.31857556104660034,0.33000996708869934,0.07082124799489975
YGR043C,YOR100C,0,1.4917568,0.3182692229747772,0.33000996708869934,0.07092127948999405
YCL037C,YER014C-A,0,1.4917474,0.31796351075172424,0.33000996708869934,0.07102130353450775
YJR028W,YGR180C,0,1.4912094,0.31765833497047424,0.33000996708869934,0.07112133502960205
YER065C,YDR032C,1,1.4897578,0.31831255555152893,0.3310069739818573,0.07112133502960205
YAR071W,YIL169C,1,1.4891224,0.31896552443504333,0.33200398087501526,0.07112133502960205
YNL190W,YJL079C,1,1.4890869,0.31961721181869507,0.3330009877681732,0.07112133502960205
YBL028C,YOL071W,0,1.4888321,0.31931164860725403,0.3330009877681732,0.07122136652469635
YMR122W-A,YBR275C,0,1.4884752,0.31900668144226074,0.3330009877681732,0.07132139801979065
YMR177W,YFR044C,0,1.4880399,0.3187022805213928,0.3330009877681732,0.07142142951488495
YOR190W,YMR008C,1,1.4878229,0.31935176253318787,0.3339979946613312,0.07142142951488495
YHR211W,YHR057C,1,1.487701,0.3199999928474426,0.33499500155448914,0.07142142951488495
YOR063W,YGR142W,0,1.4871272,0.31969553232192993,0.33499500155448914,0.07152145355939865
YLR121C,YDR534C,1,1.4868164,0.32034221291542053,0.3359920382499695,0.07152145355939865
YKR013W,YLR300W,1,1.4863669,0.32098764181137085,0.33698904514312744,0.07152145355939865
YCR045C,YLR300W,1,1.4861988,0.32163187861442566,0.3379860520362854,0.07152145355939865
YOR191W,YMR046C,0,1.4861202,0.32132700085639954,0.3379860520362854,0.07162148505449295
YBR186W,YLL045C,0,1.4860648,0.32102271914482117,0.3379860520362854,0.07172151654958725
YPL179W,YLR017W,0,1.4853936,0.32071900367736816,0.3379860520362854,0.07182154804468155
YDR294C,YHR179W,0,1.4849806,0.3204158842563629,0.3379860520362854,0.07192157953977585
YCR089W,YHR202W,1,1.484516,0.32105758786201477,0.33898305892944336,0.07192157953977585
YNL284C-A,YPL257W-A,0,1.4831997,0.3207547068595886,0.33898305892944336,0.07202160358428955
YJL079C,YER065C,1,1.4831668,0.3213949203491211,0.3399800658226013,0.07202160358428955
YPR015C,YDR122W,0,1.4825002,0.32109227776527405,0.3399800658226013,0.07212163507938385
YPR137C-A,YGL203C,0,1.4822997,0.32079023122787476,0.3399800658226013,0.07222166657447815
YKL170W,YPR109W,0,1.4821838,0.32048872113227844,0.3399800658226013,0.07232169806957245
YBR189W,YJL187C,0,1.4820994,0.3201878070831299,0.3399800658226013,0.07242172956466675
YOR396W,YLR143W,0,1.4816006,0.3198874294757843,0.3399800658226013,0.07252175360918045
YOL109W,YJR153W,0,1.480561,0.3195876181125641,0.3399800658226013,0.07262178510427475
YDR056C,YPL005W,0,1.4804908,0.3192884027957916,0.3399800658226013,0.07272181659936905
YLR394W,YNL045W,0,1.4803528,0.31898972392082214,0.3399800658226013,0.07282184809446335
YBR162C,YGL089C,1,1.4803323,0.31962618231773376,0.3409770727157593,0.07282184809446335
YFR020W,YLR042C,1,1.4802575,0.3202614486217499,0.34197407960891724,0.07282184809446335
YOL129W,YOR011W,0,1.4797834,0.31996268033981323,0.34197407960891724,0.07292187958955765
YDR026C,YNL070W,0,1.4796689,0.31966447830200195,0.34197407960891724,0.07302190363407135
YML031W,YNR073C,0,1.479256,0.31936684250831604,0.34197407960891724,0.07312193512916565
YBR012W-B,YJR040W,0,1.479056,0.3190697729587555,0.34197407960891724,0.07322196662425995
YNR067C,YLR001C,1,1.4771217,0.3197025954723358,0.3429710865020752,0.07322196662425995
YHR057C,YBR093C,1,1.4770985,0.320334255695343,0.34396809339523315,0.07322196662425995
YGR087C,YMR010W,0,1.4768176,0.3200370967388153,0.34396809339523315,0.07332199811935425
YER150W,YMR307W,1,1.4760472,0.3206672966480255,0.3449651002883911,0.07332199811935425
YER010C,YBL005W-A,0,1.4751005,0.3203703761100769,0.3449651002883911,0.07342202961444855
YKL039W,YDR518W,0,1.4750563,0.3200739920139313,0.3449651002883911,0.07352205365896225
YNL201C,YFL002W-A,0,1.4747771,0.319778174161911,0.3449651002883911,0.07362208515405655
YOR133W,YDR047W,0,1.4743787,0.3194829225540161,0.3449651002883911,0.07372211664915085
YCR029C-A,YDR041W,0,1.4740204,0.3191881775856018,0.3449651002883911,0.07382214814424515
YDR055W,YKL163W,1,1.4738762,0.31981566548347473,0.3459621071815491,0.07382214814424515
YLL048C,YLR406C-A,0,1.4738096,0.3195211887359619,0.3459621071815491,0.07392217963933945
YLR158C,YOR377W,0,1.4726679,0.3192272186279297,0.3459621071815491,0.07402220368385315
YKR093W,YBR264C,0,1.4719373,0.3189338147640228,0.3459621071815491,0.07412223517894745
YDL046W,YEL042W,0,1.4717968,0.31864094734191895,0.3459621071815491,0.07422226667404175
YLR188W,YHR010W,0,1.4704528,0.31834861636161804,0.3459621071815491,0.07432229816913605
YPL230W,YOR369C,0,1.4696754,0.3180568218231201,0.3459621071815491,0.07442232966423035
YML002W,YHL012W,0,1.4695023,0.31776556372642517,0.3459621071815491,0.07452235370874405
YCR023C,YLR262C-A,0,1.4692515,0.3174748420715332,0.3459621071815491,0.07462238520383835
YDR038C,YCR102C,0,1.4687816,0.3171846568584442,0.3459621071815491,0.07472241669893265
YMR006C,YNL012W,1,1.4686884,0.31780821084976196,0.34695911407470703,0.07472241669893265
YKL087C,YML058W-A,0,1.468634,0.3175182342529297,0.34695911407470703,0.07482244819402695
YDR055W,YDR134C,1,1.4684434,0.3181403875350952,0.347956120967865,0.07482244819402695
YLR350W,YOL041C,0,1.4675287,0.31785064935684204,0.347956120967865,0.07492247968912125
YGL185C,YNL117W,0,1.4669222,0.31756141781806946,0.347956120967865,0.07502250373363495
YJL079C,YMR215W,1,1.4668481,0.3181818127632141,0.34895312786102295,0.07502250373363495
YLL019C,YLR194C,0,1.4662873,0.31789281964302063,0.34895312786102295,0.07512253522872925
YNL078W,YBL103C-A,0,1.4657339,0.3176043629646301,0.34895312786102295,0.07522256672382355
YKL181W,YAL063C,0,1.4654819,0.3173164129257202,0.34895312786102295,0.07532259821891785
YFR032C-A,YDR030C,0,1.4649045,0.3170289993286133,0.34895312786102295,0.07542262971401215
YHR214W,YPL036W,0,1.4636673,0.31674209237098694,0.34895312786102295,0.07552265375852585
YFR012W,YOR257W,0,1.4634238,0.3164556920528412,0.34895312786102295,0.07562268525362015
YDR512C,YKR043C,0,1.4628685,0.3161698281764984,0.34895312786102295,0.07572271674871445
YGL057C,YGR249W,0,1.4623102,0.31588447093963623,0.34895312786102295,0.07582274824380875
YBR169C,YCL017C,0,1.4622988,0.315599650144577,0.34895312786102295,0.07592277973890305
YJL160C,YLR120C,1,1.4621185,0.31621623039245605,0.3499501347541809,0.07592277973890305
YKR039W,YMR174C,0,1.4612488,0.3159315884113312,0.3499501347541809,0.07602280378341675
YHR042W,YKR106W,0,1.4609569,0.3156474828720093,0.3499501347541809,0.07612283527851105
YJL109C,YPL276W,0,1.4606668,0.31536388397216797,0.3499501347541809,0.07622286677360535
YPL001W,YPL281C,0,1.4605794,0.31508079171180725,0.3499501347541809,0.07632289826869965
YCL040W,YLR157C,0,1.4605695,0.3147982060909271,0.3499501347541809,0.07642292976379395
YIL160C,YDR099W,0,1.4604448,0.3145161271095276,0.3499501347541809,0.07652295380830765
YER103W,YHR214W,0,1.4603548,0.31423455476760864,0.3499501347541809,0.07662298530340195
YDR342C,YGL023C,0,1.4601102,0.3139534890651703,0.3499501347541809,0.07672301679849625
YLR027C,YJR054W,0,1.4600991,0.3136729300022125,0.3499501347541809,0.07682304829359055
YKL086W,YER056C-A,0,1.4594009,0.31339284777641296,0.3499501347541809,0.07692307978868484
YCR038C,YKL187C,0,1.4582437,0.3131133019924164,0.3499501347541809,0.07702310383319855
YER119C,YKR098C,0,1.4581424,0.312834233045578,0.3499501347541809,0.07712313532829285
YOL030W,YLR120C,1,1.4581159,0.31344613432884216,0.35094717144966125,0.07712313532829285
YJL087C,YHR193C,0,1.4570906,0.3131672739982605,0.35094717144966125,0.07722316682338715
YOR095C,YCR040W,0,1.4565518,0.31288889050483704,0.35094717144966125,0.07732319831848145
YDR055W,YJL158C,1,1.4559861,0.3134991228580475,0.3519441783428192,0.07732319831848145
YBL098W,YLR337W,0,1.4557345,0.31322094798088074,0.3519441783428192,0.07742322981357574
YGL066W,YFL011W,0,1.4549941,0.3129432499408722,0.3519441783428192,0.07752325385808945
YDL046W,YFL059W,0,1.4547254,0.3126660883426666,0.3519441783428192,0.07762328535318375
YPL130W,YJL158C,1,1.4545304,0.3132743239402771,0.3529411852359772,0.07762328535318375
YEL017C-A,YMR209C,0,1.4535705,0.31299734115600586,0.3529411852359772,0.07772331684827805
YPR091C,YLR390W-A,0,1.4517859,0.3127208352088928,0.3529411852359772,0.07782334834337234
YMR096W,YGL032C,0,1.4516357,0.3124448359012604,0.3529411852359772,0.07792337983846664
YJL174W,YLR160C,1,1.4512991,0.31305113434791565,0.35393819212913513,0.07792337983846664
YAL005C,YNL012W,1,1.450461,0.31365638971328735,0.3549351990222931,0.07792337983846664
YCR101C,YBR104W,0,1.4503337,0.31338027119636536,0.3549351990222931,0.07802340388298035
YNL142W,YPR002W,0,1.4498552,0.31310465931892395,0.3549351990222931,0.07812343537807465
YLR151C,YER156C,0,1.4489297,0.31282952427864075,0.3549351990222931,0.07822346687316895
YMR234W,YOL157C,0,1.4488169,0.31255486607551575,0.3549351990222931,0.07832349836826324
YBL004W,YDL210W,0,1.4485849,0.31228071451187134,0.3549351990222931,0.07842352986335754
YNL279W,YMR120C,0,1.4479064,0.31200700998306274,0.3549351990222931,0.07852355390787125
YOR003W,YDR055W,1,1.4475921,0.31260946393013,0.35593220591545105,0.07852355390787125
YHR126C,YCR088W,0,1.4460679,0.3123359680175781,0.35593220591545105,0.07862358540296555
YIL133C,YDR307W,0,1.4454714,0.31206294894218445,0.35593220591545105,0.07872361689805984
YML130C,YCR046C,0,1.4447342,0.311790406703949,0.35593220591545105,0.07882364839315414
YOR355W,YAL038W,0,1.444285,0.3115183115005493,0.35593220591545105,0.07892367988824844
YML133C,YLR070C,0,1.4441482,0.31124672293663025,0.35593220591545105,0.07902370393276215
YBR200W,YDL246C,0,1.4441372,0.3109756112098694,0.35593220591545105,0.07912373542785645
YGR169C-A,YDR179W-A,0,1.443298,0.31070494651794434,0.35593220591545105,0.07922376692295074
YLR158C,YIL087C,0,1.4432732,0.3104347884654999,0.35593220591545105,0.07932379841804504
YDR517W,YOL165C,0,1.4431607,0.31016507744789124,0.35593220591545105,0.07942382991313934
YLR001C,YNL280C,0,1.4427626,0.3098958432674408,0.35593220591545105,0.07952385395765305
YLL023C,YFL020C,0,1.4427472,0.30962705612182617,0.35593220591545105,0.07962388545274734
YEL055C,YMR031C,0,1.442738,0.30935874581336975,0.35593220591545105,0.07972391694784164
YNL112W,YOR281C,0,1.4426762,0.30909091234207153,0.35593220591545105,0.07982394844293594
YNL145W,YJL174W,1,1.4414922,0.3096885681152344,0.356929212808609,0.07982394844293594
YJR151C,YLR337W,0,1.4414304,0.3094209134578705,0.356929212808609,0.07992397993803024
YCR101C,YMR246W,0,1.4410393,0.3091537058353424,0.356929212808609,0.08002400398254395
YOR276W,YGL135W,0,1.4408486,0.30888697504997253,0.356929212808609,0.08012403547763824
YLR091W,YCR024C-A,0,1.440646,0.3086206912994385,0.356929212808609,0.08022406697273254
YDR410C,YEL012W,0,1.4405657,0.30835485458374023,0.356929212808609,0.08032409846782684
YLL016W,YMR263W,0,1.4404925,0.3080894947052002,0.356929212808609,0.08042412996292114
YPL130W,YJL078C,1,1.4398948,0.30868443846702576,0.35792621970176697,0.08042412996292114
YLR414C,YDL145C,0,1.4398634,0.30841925740242004,0.35792621970176697,0.08052415400743484
YPR093C,YNL279W,0,1.438821,0.30815449357032776,0.35792621970176697,0.08062418550252914
YAR042W,YHR173C,0,1.4377416,0.30789023637771606,0.35792621970176697,0.08072421699762344
YDR134C,YMR215W,1,1.4377316,0.3084833025932312,0.3589232265949249,0.08072421699762344
YIL089W,YDR486C,0,1.4376332,0.30821916460990906,0.3589232265949249,0.08082424849271774
YGR149W,YJR161C,0,1.4367691,0.3079555034637451,0.3589232265949249,0.08092427998781204
YFL014W,YDL224C,0,1.4364252,0.3076923191547394,0.3589232265949249,0.08102430403232574
YFL050C,YGL186C,0,1.4362341,0.30742955207824707,0.3589232265949249,0.08112433552742004
YHL044W,YLL061W,0,1.4354533,0.3071672320365906,0.3589232265949249,0.08122436702251434
YNL134C,YOR174W,0,1.4354515,0.3069053590297699,0.3589232265949249,0.08132439851760864
YDR025W,YDL035C,0,1.435074,0.3066439628601074,0.3589232265949249,0.08142443001270294
YHR031C,YCL027C-A,0,1.4340497,0.3063829839229584,0.3589232265949249,0.08152445405721664
YML123C,YBR105C,0,1.4336113,0.30612245202064514,0.3589232265949249,0.08162448555231094
YBR105C,YOL047C,0,1.4335954,0.3058623671531677,0.3589232265949249,0.08172451704740524
YHR043C,YLR249W,0,1.4333342,0.3056027293205261,0.3589232265949249,0.08182454854249954
YOL129W,YMR290C,0,1.4329877,0.30534350872039795,0.3589232265949249,0.08192458003759384
YGL001C,YLR172C,0,1.4325502,0.3050847351551056,0.3589232265949249,0.08202460408210754
YBL080C,YAR044W,0,1.430806,0.30482640862464905,0.3589232265949249,0.08212463557720184
YOR223W,YOL042W,0,1.4300666,0.3045685291290283,0.3589232265949249,0.08222466707229614
YDL004W,YDL223C,0,1.4296633,0.304311066865921,0.3589232265949249,0.08232469856739044
YKL167C,YMR145C,0,1.4287094,0.30405405163764954,0.3589232265949249,0.08242473006248474
YGL085W,YMR179W,0,1.4285407,0.3037974536418915,0.3589232265949249,0.08252475410699844
YNL014W,YOR130C,0,1.4282674,0.30354130268096924,0.3589232265949249,0.08262478560209274
YPR106W,YMR146C,0,1.4280924,0.3032855987548828,0.3589232265949249,0.08272481709718704
YJL159W,YDR032C,1,1.4280462,0.3038720488548279,0.3599202334880829,0.08272481709718704
YHR076W,YOR343W-B,0,1.4273909,0.3036164939403534,0.3599202334880829,0.08282484859228134
YOR181W,YGL258W,0,1.4268428,0.30336135625839233,0.3599202334880829,0.08292488008737564
YER011W,YMR215W,1,1.4267687,0.30394625663757324,0.36091724038124084,0.08292488008737564
YCR007C,YER068W,0,1.4267075,0.3036912679672241,0.36091724038124084,0.08302490413188934
YEL042W,YOR022C,0,1.4267069,0.3034367263317108,0.36091724038124084,0.08312493562698364
YKL103C,YJR106W,0,1.4265314,0.30318257212638855,0.36091724038124084,0.08322496712207794
YNL327W,YOR214C,1,1.4261826,0.3037656843662262,0.3619142472743988,0.08322496712207794
YER068W,YHL018W,0,1.425366,0.30351170897483826,0.3619142472743988,0.08332499861717224
YDR374W-A,YAL007C,0,1.4249617,0.30325815081596375,0.3619142472743988,0.08342503011226654
YFR012W,YKL023W,0,1.4248047,0.30300500988960266,0.3619142472743988,0.08352505415678024
YPL060C-A,YLR276C,0,1.4247988,0.302752286195755,0.3619142472743988,0.08362508565187454
YDL085W,YMR169C,0,1.4242584,0.30250000953674316,0.3619142472743988,0.08372511714696884
YKL217W,YOR290C,0,1.4237944,0.30224812030792236,0.3619142472743988,0.08382514864206314
YOR247W,YJR153W,1,1.4237841,0.3028286099433899,0.36291125416755676,0.08382514864206314
YPL137C,YLR157C-B,0,1.4236166,0.3025768995285034,0.36291125416755676,0.08392518013715744
YNR037C,YBR196C-A,0,1.4228055,0.302325576543808,0.36291125416755676,0.08402520418167114
YPL271W,YHR097C,0,1.4226319,0.30207470059394836,0.36291125416755676,0.08412523567676544
YCR102C,YLR277C,0,1.4215242,0.3018242120742798,0.36291125416755676,0.08422526717185974
YGL071W,YOL103W-A,0,1.4213302,0.30157414078712463,0.36291125416755676,0.08432529866695404
YER156C,YGR105W,0,1.4206139,0.3013245165348053,0.36291125416755676,0.08442533016204834
YOR096W,YOR193W,0,1.4198956,0.301075279712677,0.36291125416755676,0.08452535420656204
YJR078W,YHL016C,0,1.4193364,0.30082646012306213,0.36291125416755676,0.08462538570165634
YLR110C,YGL089C,1,1.4192542,0.30140379071235657,0.3639082610607147,0.08462538570165634
YER056C-A,YJL168C,0,1.4189179,0.30115512013435364,0.3639082610607147,0.08472541719675064
YKL097W-A,YOR382W,1,1.418738,0.30173125863075256,0.36490529775619507,0.08472541719675064
YOR240W,YBL089W,0,1.4186428,0.3014827072620392,0.36490529775619507,0.08482544869184494
YDR382W,YGL045W,0,1.4176942,0.30123457312583923,0.36490529775619507,0.08492548018693924
YLR040C,YDR296W,0,1.4168714,0.3009868562221527,0.36490529775619507,0.08502550423145294
YNL160W,YGL028C,1,1.4167099,0.3015612065792084,0.365902304649353,0.08502550423145294
YIR019C,YKL096W,1,1.4162546,0.30213463306427,0.366899311542511,0.08502550423145294
YNL247W,YNL048W,0,1.4151732,0.30188679695129395,0.366899311542511,0.08512553572654724
YGL089C,YOR382W,1,1.4151314,0.3024590015411377,0.36789631843566895,0.08512553572654724
YDR418W,YBR163W,0,1.4140304,0.30221131443977356,0.36789631843566895,0.08522556722164154
YCR057C,YGR044C,0,1.4138943,0.3019639849662781,0.36789631843566895,0.08532559871673584
YJR124C,YBR211C,0,1.4138292,0.3017171025276184,0.36789631843566895,0.08542563021183014
YOR010C,YDR461W,1,1.4134983,0.30228757858276367,0.3688933253288269,0.08542563021183014
YDL213C,YBR016W,0,1.4133707,0.30204081535339355,0.3688933253288269,0.08552565425634384
YGR038C-A,YKL138C,0,1.4129966,0.3017944395542145,0.3688933253288269,0.08562568575143814
YOR228C,YDR062W,0,1.4123129,0.30154848098754883,0.3688933253288269,0.08572571724653244
YLR270W,YCL062W,0,1.4122422,0.3013029396533966,0.3688933253288269,0.08582574874162674
YNL247W,YNL305C,0,1.4112724,0.30105775594711304,0.3688933253288269,0.08592578023672104
YGR161C-D,YGR177C,0,1.4101118,0.3008130192756653,0.3688933253288269,0.08602580428123474
YJR047C,YDR257C,0,1.4088018,0.3005686402320862,0.3688933253288269,0.08612583577632904
YBL008W-A,YHR057C,1,1.4086452,0.3011363744735718,0.36989033222198486,0.08612583577632904
YLR301W,YJL165C,0,1.4084462,0.3008921444416046,0.36989033222198486,0.08622586727142334
YDR077W,YJL079C,1,1.4072564,0.3014586567878723,0.3708873391151428,0.08622586727142334
YNL119W,YOR383C,0,1.4067895,0.3012145757675171,0.3708873391151428,0.08632589876651764
YDL200C,YMR122W-A,0,1.4067634,0.3009708821773529,0.3708873391151428,0.08642593026161194
YDL004W,YMR110C,0,1.40668,0.30072757601737976,0.3708873391151428,0.08652595430612564
YOL107W,YLR380W,0,1.4062742,0.30048465728759766,0.3708873391151428,0.08662598580121994
YGL028C,YIL115C,0,1.4061128,0.3002421259880066,0.3708873391151428,0.08672601729631424
YDL048C,YKL077W,0,1.4056069,0.30000001192092896,0.3708873391151428,0.08682604879140854
YCR087C-A,YNL245C,0,1.4054374,0.29975825548171997,0.3708873391151428,0.08692608028650284
YGR168C,YBR026C,0,1.4052982,0.2995169162750244,0.3708873391151428,0.08702610433101654
YOL159C,YJR150C,1,1.4046876,0.30008044838905334,0.3718843460083008,0.08702610433101654
YNL053W,YPR137C-B,0,1.4040589,0.29983922839164734,0.3718843460083008,0.08712613582611084
YCL056C,YPR159W,0,1.4037756,0.2995983958244324,0.3718843460083008,0.08722616732120514
YMR297W,YDL212W,0,1.4036076,0.29935795068740845,0.3718843460083008,0.08732619881629944
YHR211W,YEL060C,1,1.4034705,0.29991981387138367,0.37288135290145874,0.08732619881629944
YDR353W,YEL052W,0,1.4030894,0.2996794879436493,0.37288135290145874,0.08742623031139374
YPL206C,YOR243C,0,1.4010843,0.29943954944610596,0.37288135290145874,0.08752625435590744
YDR034C-D,YHR079C-B,0,1.4008919,0.29919999837875366,0.37288135290145874,0.08762628585100174
YGR279C,YER011W,1,1.4008086,0.29976019263267517,0.3738783597946167,0.08762628585100174
YNL190W,YPL130W,1,1.4003443,0.30031949281692505,0.37487536668777466,0.08762628585100174
YLR409C,YHR160C,0,1.4002811,0.3000798225402832,0.37487536668777466,0.08772631734609604
YHL037C,YNL145W,1,1.4001693,0.30063796043395996,0.3758723735809326,0.08772631734609604
YHR183W,YDR134C,0,1.3999518,0.30039840936660767,0.3758723735809326,0.08782634884119034
YER006W,YOR172W,0,1.3988441,0.3001592457294464,0.3758723735809326,0.08792638033628464
YHR202W,YJL174W,1,1.3986326,0.30071598291397095,0.3768693804740906,0.08792638033628464
YMR026C,YBR040W,0,1.3984774,0.30047693848609924,0.3768693804740906,0.08802640438079834
YOR001W,YMR258C,0,1.3983976,0.3002382814884186,0.3768693804740906,0.08812643587589264
YOL132W,YNL092W,0,1.3981878,0.30000001192092896,0.3768693804740906,0.08822646737098694
YPR158W-A,YPR043W,0,1.3980353,0.299762099981308,0.3768693804740906,0.08832649886608124
YAR071W,YMR305C,1,1.396964,0.3003169596195221,0.37786638736724854,0.08832649886608124
YMR272W-B,YLR404W,0,1.3967581,0.3000791668891907,0.37786638736724854,0.08842653036117554
YER065C,YBR093C,1,1.3963898,0.30063292384147644,0.3788634240627289,0.08842653036117554
YOR161C,YDL049C,0,1.3961276,0.30039525032043457,0.3788634240627289,0.08852655440568924
YDR273W,YDR316W-B,0,1.3959423,0.30015796422958374,0.3788634240627289,0.08862658590078354
YLR069C,YLR154W-C,0,1.395718,0.29992106556892395,0.3788634240627289,0.08872661739587784
YOR255W,YFR015C,0,1.3948106,0.2996845543384552,0.3788634240627289,0.08882664889097214
YHL028W,YOR023C,0,1.3945799,0.2994483709335327,0.3788634240627289,0.08892668038606644
YPL236C,YBR239C,0,1.3932799,0.29921260476112366,0.3788634240627289,0.08902670443058014
YMR013C,YGR256W,0,1.392643,0.29897719621658325,0.3788634240627289,0.08912673592567444
YBR150C,YNR044W,0,1.3920194,0.2987421452999115,0.3788634240627289,0.08922676742076874
YGL254W,YGR254W,0,1.3915547,0.2985074520111084,0.3788634240627289,0.08932679891586304
YDR134C,YBR056W,1,1.3910135,0.29905807971954346,0.37986043095588684,0.08932679891586304
YNL333W,YNL175C,0,1.3908001,0.2988235354423523,0.37986043095588684,0.08942683041095734
YOR019W,YML051W,0,1.3907151,0.2985893487930298,0.37986043095588684,0.08952685445547104
YOR247W,YHR143W,1,1.389839,0.299138605594635,0.3808574378490448,0.08952685445547104
YNL182C,YJL052W,0,1.3890134,0.29890453815460205,0.3808574378490448,0.08962688595056534
YLR460C,YMR111C,0,1.3889074,0.29867082834243774,0.3808574378490448,0.08972691744565964
YLR343W,YCL040W,0,1.3877093,0.2984375059604645,0.3808574378490448,0.08982694894075394
YOR382W,YJR150C,1,1.3866049,0.29898515343666077,0.38185444474220276,0.08982694894075394
YPR054W,YDR210W-B,0,1.38605,0.29875195026397705,0.38185444474220276,0.08992698043584824
YGL039W,YIL169C,0,1.3859155,0.298519104719162,0.38185444474220276,0.09002700448036194
YNL135C,YDR476C,0,1.3857117,0.2982866168022156,0.38185444474220276,0.09012703597545624
YIL162W,YOR389W,1,1.3850476,0.2988326847553253,0.3828514516353607,0.09012703597545624
YHL037C,YJL158C,1,1.3845729,0.2993779182434082,0.3838484585285187,0.09012703597545624
YIL096C,YMR104C,0,1.3844395,0.29914531111717224,0.3838484585285187,0.09022706747055054
YOR153W,YNR072W,0,1.3842767,0.29891303181648254,0.3838484585285187,0.09032709896564484
YMR163C,YKL033W-A,0,1.3840292,0.2986811399459839,0.3838484585285187,0.09042713046073914
YIL017C,YDR210W-A,0,1.3837659,0.2984496057033539,0.3838484585285187,0.09052715450525284
YAR066W,YLR239C,0,1.3837551,0.29821842908859253,0.3838484585285187,0.09062718600034714
YPL160W,YDR381C-A,0,1.3837262,0.29798761010169983,0.3838484585285187,0.09072721749544144
YIL046W,YOR344C,0,1.3836008,0.2977571487426758,0.3838484585285187,0.09082724899053574
YER178W,YOR247W,0,1.3835847,0.2975270450115204,0.3838484585285187,0.09092728048563004
YER103W,YGR187C,0,1.3829435,0.29729729890823364,0.3838484585285187,0.09102730453014374
YBR092C,YBR073W,0,1.3828602,0.29706791043281555,0.3838484585285187,0.09112733602523804
YOL087C,YHR167W,0,1.3828233,0.2968388497829437,0.3838484585285187,0.09122736752033234
YJR027W,YLR154C,0,1.3827959,0.29661017656326294,0.3838484585285187,0.09132739901542664
YPL200W,YIL018W,0,1.3824251,0.2963818311691284,0.3838484585285187,0.09142743051052094
YOR247W,YJL159W,1,1.3817942,0.29692307114601135,0.38484546542167664,0.09142743051052094
YNR056C,YDR150W,0,1.3815683,0.2966948449611664,0.38484546542167664,0.09152745455503464
YLR072W,YDR540C,0,1.3808013,0.29646697640419006,0.38484546542167664,0.09162748605012894
YJR007W,YBL087C,0,1.3799751,0.29623943567276,0.38484546542167664,0.09172751754522324
YOR027W,YKL065W-A,0,1.3797892,0.296012282371521,0.38484546542167664,0.09182754904031754
YNL263C,YPL130W,0,1.3789064,0.29578542709350586,0.38484546542167664,0.09192758053541183
YKL145W,YLR157C-B,0,1.3787507,0.29555895924568176,0.38484546542167664,0.09202760457992554
YOR049C,YHR173C,0,1.3783306,0.29533281922340393,0.38484546542167664,0.09212763607501984
YBR214W,YKL101W,0,1.3776044,0.29510703682899475,0.38484546542167664,0.09222766757011414
YMR083W,YBR026C,0,1.3771788,0.29488158226013184,0.38484546542167664,0.09232769906520844
YCR029C-A,YNL044W,0,1.3771728,0.2946564853191376,0.38484546542167664,0.09242773056030273
YIL158W,YDR099W,0,1.376787,0.29443174600601196,0.38484546542167664,0.09252775460481644
YEL031W,YBL059W,0,1.3766416,0.29420730471611023,0.38484546542167664,0.09262778609991074
YGR177C,YJL085W,0,1.3752562,0.29398325085639954,0.38484546542167664,0.09272781759500504
YDR365W-B,YPL208W,0,1.3748752,0.2937595248222351,0.38484546542167664,0.09282784909009933
YAL040C,YER066W,0,1.3742177,0.29353612661361694,0.38484546542167664,0.09292788058519363
YPL227C,YBL072C,0,1.3740541,0.29331305623054504,0.38484546542167664,0.09302791208028793
YOR382W,YGR037C,1,1.3739086,0.2938496470451355,0.3858424723148346,0.09302791208028793
YJL216C,YBR233W-A,0,1.3731643,0.29362669587135315,0.3858424723148346,0.09312793612480164
YBR295W,YGR287C,0,1.3731416,0.29340410232543945,0.3858424723148346,0.09322796761989594
YGL186C,YFL006W,0,1.3730804,0.29318180680274963,0.3858424723148346,0.09332799911499023
YBL106C,YLL056C,0,1.3730761,0.29295986890792847,0.3858424723148346,0.09342803061008453
YLR414C,YGR157W,0,1.3730428,0.29273828864097595,0.3858424723148346,0.09352806210517883
YIL052C,YPL036W,0,1.3729776,0.2925170063972473,0.3858424723148346,0.09362808614969254
YGR084C,YDR210W,0,1.3721794,0.29229608178138733,0.3858424723148346,0.09372811764478683
YOR396W,YKL203C,0,1.3715826,0.2920754849910736,0.3858424723148346,0.09382814913988113
YLR407W,YEL069C,0,1.3710629,0.29185521602630615,0.3858424723148346,0.09392818063497543
YBR107C,YOL107W,0,1.3708824,0.29163527488708496,0.3858424723148346,0.09402821213006973
YHR016C,YKL163W,0,1.3688424,0.29141566157341003,0.3858424723148346,0.09412823617458344
YGR087C,YER057C,0,1.3685654,0.29119637608528137,0.3858424723148346,0.09422826766967773
YJR153W,YEL060C,1,1.3684579,0.2917293310165405,0.38683947920799255,0.09422826766967773
YKL037W,YER126C,0,1.36828,0.29151013493537903,0.38683947920799255,0.09432829916477203
YPL249C-A,YNR062C,0,1.3682392,0.2912912964820862,0.38683947920799255,0.09442833065986633
YDR148C,YOR100C,0,1.3681799,0.2910727560520172,0.38683947920799255,0.09452836215496063
YNL145W,YJR150C,1,1.3677415,0.2916041910648346,0.3878364861011505,0.09452836215496063
YIL169C,YLR042C,1,1.3671116,0.2921348214149475,0.38883349299430847,0.09452836215496063
YCL058W-A,YNL301C,0,1.3670529,0.291916161775589,0.38883349299430847,0.09462838619947433
YPL061W,YKR013W,0,1.366693,0.29169782996177673,0.38883349299430847,0.09472841769456863
YJL037W,YDR522C,0,1.3666314,0.29147982597351074,0.38883349299430847,0.09482844918966293
YCR041W,YPL274W,0,1.3663725,0.291262149810791,0.38883349299430847,0.09492848068475723
YOR356W,YDR046C,0,1.3657624,0.29104477167129517,0.38883349299430847,0.09502851217985153
YLR390W-A,YFR020W,1,1.3657402,0.2915734648704529,0.38983049988746643,0.09502851217985153
YNL054W,YOL157C,0,1.3656713,0.2913561761379242,0.38983049988746643,0.09512853622436523
YGR143W,YKL033W-A,0,1.3654367,0.29113924503326416,0.38983049988746643,0.09522856771945953
YML087C,YOL010W,0,1.3650266,0.290922611951828,0.38983049988746643,0.09532859921455383
YOR250C,YDR343C,0,1.3648436,0.2907063066959381,0.38983049988746643,0.09542863070964813
YBL051C,YPL130W,0,1.3643781,0.2904903292655945,0.38983049988746643,0.09552866220474243
YFL052W,YCL050C,0,1.3643705,0.2902746796607971,0.38983049988746643,0.09562868624925613
YNL327W,YBL008W-A,1,1.3642205,0.29080119729042053,0.3908275067806244,0.09562868624925613
YOL088C,YLR167W,0,1.3641285,0.29058560729026794,0.3908275067806244,0.09572871774435043
YBR078W,YDR219C,0,1.3640323,0.290370374917984,0.3908275067806244,0.09582874923944473
YDL075W,YNL318C,0,1.3636656,0.29015544056892395,0.3908275067806244,0.09592878073453903
YBR054W,YGR089W,0,1.3636466,0.28994083404541016,0.3908275067806244,0.09602881222963333
YJR124C,YBL023C,0,1.3634707,0.28972652554512024,0.3908275067806244,0.09612883627414703
YGL240W,YDR365W-A,0,1.3625422,0.2895125448703766,0.3908275067806244,0.09622886776924133
YLL005C,YGR016W,0,1.3621818,0.2892988920211792,0.3908275067806244,0.09632889926433563
YAL030W,YNR073C,0,1.3620737,0.2890855371952057,0.3908275067806244,0.09642893075942993
YHR110W,YKL096W-A,0,1.3618797,0.28887251019477844,0.3908275067806244,0.09652896225452423
YDR098C,YER124C,0,1.3612992,0.2886597812175751,0.3908275067806244,0.09662898629903793
YMR084W,YPR140W,0,1.3612807,0.28844738006591797,0.3908275067806244,0.09672901779413223
YLR120C,YMR305C,1,1.3610536,0.28897058963775635,0.39182451367378235,0.09672901779413223
YCL058W-A,YGL175C,0,1.360385,0.2887582778930664,0.39182451367378235,0.09682904928922653
YCL027C-A,YGL243W,0,1.3603233,0.28854626417160034,0.39182451367378235,0.09692908078432083
YNL305C,YLL010C,0,1.3599555,0.28833454847335815,0.39182451367378235,0.09702911227941513
YIL064W,YNL069C,0,1.3593833,0.28812316060066223,0.39182451367378235,0.09712913632392883
YMR305C,YJR151C,1,1.3590974,0.2886447012424469,0.3928215205669403,0.09712913632392883
YBL042C,YPL275W,0,1.3590544,0.28843337297439575,0.3928215205669403,0.09722916781902313
YJL072C,YPL276W,0,1.3586725,0.28822237253189087,0.3928215205669403,0.09732919931411743
YJR155W,YGL067W,0,1.358409,0.28801169991493225,0.3928215205669403,0.09742923080921173
YDR040C,YER031C,0,1.3578119,0.2878013253211975,0.3928215205669403,0.09752926230430603
YML056C,YOL045W,0,1.3577858,0.28759124875068665,0.3928215205669403,0.09762928634881973
YLR271W,YOR230W,0,1.3574072,0.28738147020339966,0.3928215205669403,0.09772931784391403
YLR039C,YGR053C,0,1.3571724,0.28717201948165894,0.3928215205669403,0.09782934933900833
YHL050C,YJL041W,0,1.3570968,0.2869628667831421,0.3928215205669403,0.09792938083410263
YLR391W,YJL159W,1,1.3570348,0.28748181462287903,0.39381855726242065,0.09792938083410263
YHL032C,YBR073W,0,1.3570168,0.28727272152900696,0.39381855726242065,0.09802941232919693
YKL156W,YLR337W,0,1.3569282,0.28706395626068115,0.39381855726242065,0.09812943637371063
YGR060W,YMR087W,0,1.3566561,0.2868554890155792,0.39381855726242065,0.09822946786880493
YLR043C,YOR381W,0,1.3557498,0.28664731979370117,0.39381855726242065,0.09832949936389923
YGL055W,YGR053C,0,1.355398,0.286439448595047,0.39381855726242065,0.09842953085899353
YPR013C,YOR099W,0,1.3549292,0.2862318754196167,0.39381855726242065,0.09852956235408783
YOR027W,YER071C,0,1.3545581,0.28602463006973267,0.39381855726242065,0.09862958639860153
YBR294W,YDR400W,0,1.3543457,0.2858176529407501,0.39381855726242065,0.09872961789369583
YER162C,YMR196W,0,1.3543144,0.28561100363731384,0.39381855726242065,0.09882964938879013
YKL037W,YFR031C,0,1.3539065,0.28540462255477905,0.39381855726242065,0.09892968088388443
YDR261C,YOR214C,1,1.3534205,0.2859205901622772,0.3948155641555786,0.09892968088388443
YGR254W,YPL066W,0,1.3530649,0.2857142984867096,0.3948155641555786,0.09902971237897873
YDR034C-D,YJR044C,0,1.3525071,0.28550830483436584,0.3948155641555786,0.09912973642349243
YPR196W,YLR154W-C,0,1.3523012,0.2853025794029236,0.3948155641555786,0.09922976791858673
YKL032C,YPL036W,0,1.3517044,0.2850971817970276,0.3948155641555786,0.09932979941368103
YOL159C,YDR032C,1,1.3514838,0.28561151027679443,0.3958125710487366,0.09932979941368103
YFL011W-A,YHR041C,0,1.351417,0.2854061722755432,0.3958125710487366,0.09942983090877533
YHR170W,YIL135C,0,1.3514003,0.28520116209983826,0.3958125710487366,0.09952986240386963
YNR066C,YCR011C,0,1.3511015,0.2849964201450348,0.3958125710487366,0.09962988644838333
YOR367W,YNR073C,0,1.3510429,0.2847919762134552,0.3958125710487366,0.09972991794347763
YMR177W,YGR027W-A,0,1.350783,0.2845878005027771,0.3958125710487366,0.09982994943857193
YNL142W,YLR151C,0,1.3505986,0.28438395261764526,0.3958125710487366,0.09992998093366623
YBR265W,YPL264C,0,1.3497883,0.2841803729534149,0.3958125710487366,0.10003001242876053
YLR286C,YLR147C,0,1.3496644,0.28397712111473083,0.3958125710487366,0.10013003647327423
YKL061W,YGR240C,0,1.3491501,0.28377413749694824,0.3958125710487366,0.10023006796836853
YHL037C,YBR130C,0,1.3490921,0.28357142210006714,0.3958125710487366,0.10033009946346283
YCR057C,YMR122W-A,0,1.3488017,0.2833690345287323,0.3958125710487366,0.10043013095855713
YCL067C,YNL122C,0,1.3485124,0.28316691517829895,0.3958125710487366,0.10053016245365143
YMR085W,YKL073W,0,1.3484045,0.2829650640487671,0.3958125710487366,0.10063018649816513
YNL218W,YNL334C,0,1.348228,0.2827635407447815,0.3958125710487366,0.10073021799325943
YLR238W,YLL024C,0,1.3470831,0.2825622856616974,0.3958125710487366,0.10083024948835373
YKR075C,YAL067C,0,1.3468848,0.28236129879951477,0.3958125710487366,0.10093028098344803
YNL284C-A,YDR261W-A,0,1.3467921,0.2821606397628784,0.3958125710487366,0.10103031247854233
YML052W,YLR044C,0,1.3457929,0.28196021914482117,0.3958125710487366,0.10113033652305603
YMR084W,YDL106C,0,1.3457013,0.2817601263523102,0.3958125710487366,0.10123036801815033
YMR272W-B,YNR062C,0,1.3445349,0.2815602719783783,0.3958125710487366,0.10133039951324463
YBR158W,YNL314W,0,1.3444668,0.2813607454299927,0.3958125710487366,0.10143043100833893
YMR006C,YCR045C,1,1.3442839,0.28186967968940735,0.39680957794189453,0.10143043100833893
YMR145C,YPR184W,0,1.3440454,0.2816702127456665,0.39680957794189453,0.10153046250343323
YDR134C,YHR202W,1,1.343954,0.28217822313308716,0.3978065848350525,0.10153046250343323
YIL037C,YKR017C,0,1.3437275,0.2819787859916687,0.3978065848350525,0.10163048654794693
YDR330W,YLR065C,0,1.3434721,0.2817796468734741,0.3978065848350525,0.10173051804304123
YNR044W,YMR305C,1,1.3434544,0.28228652477264404,0.39880359172821045,0.10173051804304123
YPL079W,YDL059C,0,1.3423314,0.28208744525909424,0.39880359172821045,0.10183054953813553
YMR215W,YLR037C,1,1.3413752,0.28259336948394775,0.3998005986213684,0.10183054953813553
YHR092C,YGL258W-A,0,1.3407112,0.2823943793773651,0.3998005986213684,0.10193058103322983
YDR055W,YAL008W,0,1.3404621,0.2821956276893616,0.3998005986213684,0.10203061252832413
YNL190W,YKL096W-A,1,1.3388946,0.28270041942596436,0.40079760551452637,0.10203061252832413
YKL157W,YGL028C,1,1.338464,0.28320449590682983,0.4017946124076843,0.10203061252832413
YGL258W-A,YGL139W,0,1.3376921,0.28300562500953674,0.4017946124076843,0.10213063657283783
YOR389W,YEL060C,1,1.3371375,0.2835087776184082,0.4027916193008423,0.10213063657283783
YAR050W,YJL079C,1,1.3368639,0.28401121497154236,0.40378862619400024,0.10213063657283783
YDR098C-B,YDR486C,0,1.336812,0.28381219506263733,0.40378862619400024,0.10223066806793213
YBR221C,YLL051C,0,1.3359392,0.2836134433746338,0.40378862619400024,0.10233069956302643
YLR286C,YCR045C,1,1.3356001,0.2841147780418396,0.4047856330871582,0.10233069956302643
YLR134W,YJL012C-A,0,1.3353689,0.28391608595848083,0.4047856330871582,0.10243073105812073
YOL155C,YMR307W,1,1.3339916,0.2844164967536926,0.40578263998031616,0.10243073105812073
YBR221C,YEL063C,0,1.333918,0.28421786427497864,0.40578263998031616,0.10253076255321503
YMR123W,YGR250C,0,1.3336242,0.2840195298194885,0.40578263998031616,0.10263078659772873
YOL091W,YNR071C,0,1.3326511,0.2838214635848999,0.40578263998031616,0.10273081809282303
YDR170W-A,YLR291C,0,1.3323972,0.28362369537353516,0.40578263998031616,0.10283084958791733
YKR106W,YOL058W,0,1.3320708,0.2834261953830719,0.40578263998031616,0.10293088108301163
YHR169W,YGL222C,0,1.3318653,0.28322896361351013,0.40578263998031616,0.10303091257810593
YAL003W,YJR027W,0,1.3315954,0.28303200006484985,0.40578263998031616,0.10313093662261963
YOR023C,YJR105W,0,1.3315371,0.28283530473709106,0.40578263998031616,0.10323096811771393
YJL219W,YNL176C,0,1.3312677,0.28263887763023376,0.40578263998031616,0.10333099961280823
YDR379C-A,YMR220W,0,1.3310107,0.28244274854660034,0.40578263998031616,0.10343103110790253
YAR015W,YPL064C,0,1.3308401,0.2822468876838684,0.40578263998031616,0.10353106260299683
YBR298C,YMR160W,0,1.330742,0.28205129504203796,0.40578263998031616,0.10363108664751053
YAR071W,YGR037C,1,1.3305416,0.2825484871864319,0.4067796468734741,0.10363108664751053
YMR194C-B,YPR164W,0,1.3304065,0.2823529541492462,0.4067796468734741,0.10373111814260483
YHR128W,YJR131W,0,1.3303891,0.28215768933296204,0.4067796468734741,0.10383114963769913
YMR303C,YBR133C,0,1.3286995,0.28196269273757935,0.4067796468734741,0.10393118113279343
YER150W,YFL062W,0,1.328622,0.28176796436309814,0.4067796468734741,0.10403121262788773
YER172C,YMR122W-A,0,1.3286096,0.28157350420951843,0.4067796468734741,0.10413123667240143
YDR465C,YGL040C,0,1.3284936,0.2813793122768402,0.4067796468734741,0.10423126816749573
YDR119W-A,YHR197W,0,1.3284528,0.2811853885650635,0.4067796468734741,0.10433129966259003
YOL047C,YOR304C-A,0,1.3279146,0.28099173307418823,0.4067796468734741,0.10443133115768433
YML033W,YMR210W,0,1.3273429,0.2807983458042145,0.4067796468734741,0.10453136265277863
YJL097W,YLL023C,0,1.3271888,0.2806052267551422,0.4067796468734741,0.10463138669729233
YDR446W,YDR529C,0,1.3271796,0.28041237592697144,0.4067796468734741,0.10473141819238663
YBR236C,YJR107C-A,0,1.3268977,0.28021979331970215,0.4067796468734741,0.10483144968748093
YNL333W,YNR032W,0,1.3268647,0.28002744913101196,0.4067796468734741,0.10493148118257523
YLR337C,YGR239C,0,1.326177,0.27983540296554565,0.4067796468734741,0.10503151267766953
YMR272W-B,YFL036W,0,1.3251059,0.27964359521865845,0.4067796468734741,0.10513153672218323
YPR158W-A,YFL030W,0,1.3248409,0.27945205569267273,0.4067796468734741,0.10523156821727753
YIL093C,YER001W,0,1.324757,0.2792607843875885,0.4067796468734741,0.10533159971237183
YJR004C,YLR001C,1,1.324506,0.27975377440452576,0.40777668356895447,0.10533159971237183
YIR019C,YCR045C,1,1.3243145,0.2802460789680481,0.4087736904621124,0.10533159971237183
YJL061W,YGR109W-A,0,1.3237318,0.28005465865135193,0.4087736904621124,0.10543163120746613
YMR209C,YPL096C-A,0,1.323445,0.27986347675323486,0.4087736904621124,0.10553166270256042
YOR192C-A,YNL206C,0,1.323296,0.2796725928783417,0.4087736904621124,0.10563168674707413
YLR432W,YOR002W,0,1.3231491,0.2794819474220276,0.4087736904621124,0.10573171824216843
YDL049C,YJL160C,1,1.3222524,0.27997276186943054,0.4097706973552704,0.10573171824216843
YDR023W,YKL023W,0,1.3211805,0.27978217601776123,0.4097706973552704,0.10583174973726273
YML030W,YFR026C,0,1.3210106,0.279591828584671,0.4097706973552704,0.10593178123235703
YKL217W,YGL157W,0,1.3209789,0.2794017791748047,0.4097706973552704,0.10603181272745132
YLR378C,YER091C,0,1.3206736,0.27921196818351746,0.4097706973552704,0.10613183677196503
YER042W,YLR068W,0,1.3205022,0.2790223956108093,0.4097706973552704,0.10623186826705933
YMR305C,YKR042W,1,1.319444,0.27951154112815857,0.41076770424842834,0.10623186826705933
YBL028C,YOR137C,0,1.3191231,0.2793220281600952,0.41076770424842834,0.10633189976215363
YDR374W-A,YPR137C-B,0,1.3188264,0.27913278341293335,0.41076770424842834,0.10643193125724792
YDL109C,YJL172W,0,1.317914,0.278943806886673,0.41076770424842834,0.10653196275234222
YER037W,YDR476C,0,1.3177257,0.2787550687789917,0.41076770424842834,0.10663198679685593
YGR203W,YMR182C,0,1.316471,0.2785665988922119,0.41076770424842834,0.10673201829195023
YIL011W,YOR341W,0,1.3159053,0.27837836742401123,0.41076770424842834,0.10683204978704453
YDR065W,YML017W,0,1.315632,0.27819040417671204,0.41076770424842834,0.10693208128213882
YGR161C-C,YKL212W,0,1.3149756,0.27800270915031433,0.41076770424842834,0.10703211277723312
YFR012W,YOR109W,0,1.3144965,0.2778152525424957,0.41076770424842834,0.10713213682174683
YBR101C,YPR140W,0,1.314415,0.2776280343532562,0.41076770424842834,0.10723216831684113
YDR268W,YKL200C,0,1.3143824,0.2774410843849182,0.41076770424842834,0.10733219981193542
YGL010W,YDR482C,0,1.3135444,0.2772543728351593,0.41076770424842834,0.10743223130702972
YEL026W,YJL141C,0,1.3134454,0.2770679295063019,0.41076770424842834,0.10753226280212402
YGL055W,YKL222C,0,1.3129461,0.27688172459602356,0.41076770424842834,0.10763228684663773
YJL012C,YGL234W,0,1.3128873,0.27669575810432434,0.41076770424842834,0.10773231834173203
YFR009W,YLL017W,0,1.3127936,0.2765100598335266,0.41076770424842834,0.10783234983682632
YNL260C,YDR488C,0,1.3127221,0.276324599981308,0.41076770424842834,0.10793238133192062
YLR461W,YPR193C,0,1.3126308,0.27613940834999084,0.41076770424842834,0.10803241282701492
YPL235W,YCL075W,0,1.3126266,0.2759544551372528,0.41076770424842834,0.10813243687152863
YMR316C-A,YMR154C,0,1.3124048,0.27576974034309387,0.41076770424842834,0.10823246836662292
YPL264C,YOR341W,0,1.3118399,0.2755852937698364,0.41076770424842834,0.10833249986171722
YBR071W,YLR423C,0,1.3114818,0.2754010558128357,0.41076770424842834,0.10843253135681152
YMR088C,YLR044C,0,1.3110478,0.27521708607673645,0.41076770424842834,0.10853256285190582
YDR224C,YIL016W,0,1.3108338,0.2750333845615387,0.41076770424842834,0.10863258689641953
YDR144C,YER065C,1,1.3105253,0.2755170166492462,0.4117647111415863,0.10863258689641953
YLL016W,YDR144C,0,1.3100523,0.27533334493637085,0.4117647111415863,0.10873261839151382
YCL034W,YIL013C,0,1.3100443,0.2751499116420746,0.4117647111415863,0.10883264988660812
YOR291W,YJL160C,0,1.3100296,0.2749667167663574,0.4117647111415863,0.10893268138170242
YDR055W,YJL144W,0,1.3099607,0.27478376030921936,0.4117647111415863,0.10903271287679672
YOR178C,YGR086C,0,1.3098556,0.2746010720729828,0.4117647111415863,0.10913273692131042
YMR165C,YKL171W,0,1.3098124,0.27441859245300293,0.4117647111415863,0.10923276841640472
YNL024C-A,YJL058C,0,1.309735,0.27423638105392456,0.4117647111415863,0.10933279991149902
YBL101W-A,YBL079W,0,1.3088713,0.2740544080734253,0.4117647111415863,0.10943283140659332
YOR018W,YLR154W-A,0,1.3087051,0.2738726735115051,0.4117647111415863,0.10953286290168762
YOL008W,YDR522C,0,1.3083671,0.27369117736816406,0.4117647111415863,0.10963288694620132
YOL060C,YNL210W,0,1.3080057,0.2735099196434021,0.4117647111415863,0.10973291844129562
YIL148W,YNL330C,0,1.3079828,0.2733289301395416,0.4117647111415863,0.10983294993638992
YCL030C,YDR198C,0,1.3078374,0.27314814925193787,0.4117647111415863,0.10993298143148422
YJR150C,YER065C,1,1.3073936,0.2736285626888275,0.41276171803474426,0.10993298143148422
YKR052C,YMR122W-A,0,1.3069633,0.27344781160354614,0.41276171803474426,0.11003301292657852
YJL186W,YER106W,0,1.3069364,0.27326732873916626,0.41276171803474426,0.11013303697109222
YGR037C,YOL154W,1,1.3061928,0.27374669909477234,0.4137587249279022,0.11013303697109222
YJL160C,YBR056W,1,1.3060628,0.2742254436016083,0.4147557318210602,0.11013303697109222
YLR150W,YBL099W,0,1.305975,0.27404478192329407,0.4147557318210602,0.11023306846618652
YML012W,YIL136W,0,1.305946,0.27386438846588135,0.4147557318210602,0.11033309996128082
YBR202W,YGL160W,0,1.3057259,0.27368420362472534,0.4147557318210602,0.11043313145637512
YLR081W,YDR125C,0,1.3056405,0.2735042870044708,0.4147557318210602,0.11053316295146942
YDL061C,YBL019W,0,1.3054801,0.273324579000473,0.4147557318210602,0.11063318699598312
YOL162W,YIL108W,0,1.3052698,0.2731451094150543,0.4147557318210602,0.11073321849107742
YJR048W,YDR371W,0,1.3048797,0.2729658782482147,0.4147557318210602,0.11083324998617172
YLR126C,YHR190W,0,1.3046982,0.2727868854999542,0.4147557318210602,0.11093328148126602
YNR028W,YJR029W,0,1.3046072,0.2726081311702728,0.4147557318210602,0.11103331297636032
YFL035C-A,YGR251W,0,1.3040375,0.27242961525917053,0.4147557318210602,0.11113333702087402
YAR020C,YLR395C,0,1.3039759,0.27225130796432495,0.4147557318210602,0.11123336851596832
YKL189W,YDR382W,0,1.3039261,0.27207323908805847,0.4147557318210602,0.11133340001106262
YGL071W,YJR116W,0,1.3038756,0.2718954384326935,0.4147557318210602,0.11143343150615692
YPR005C,YOL057W,0,1.3035012,0.2717178165912628,0.4147557318210602,0.11153346300125122
YDR444W,YIL148W,0,1.3030299,0.27154046297073364,0.4147557318210602,0.11163348704576492
YCR102C,YLR219W,0,1.3023876,0.27136334776878357,0.4147557318210602,0.11173351854085922
YDL030W,YFR018C,0,1.3021156,0.2711864411830902,0.4147557318210602,0.11183355003595352
YLR099W-A,YBR131W,0,1.3020638,0.27100977301597595,0.4147557318210602,0.11193358153104782
YOL120C,YDR009W,0,1.301176,0.2708333432674408,0.4147557318210602,0.11203361302614212
YPR200C,YCL073C,0,1.3008916,0.27065712213516235,0.4147557318210602,0.11213363707065582
YPR158C-D,YKR051W,0,1.3007851,0.270481139421463,0.4147557318210602,0.11223366856575012
YLR158C,YDR534C,1,1.2996444,0.2709551751613617,0.41575273871421814,0.11223366856575012
YKR051W,YNL044W,0,1.299579,0.27077922224998474,0.41575273871421814,0.11233370006084442
YNL160W,YKL163W,1,1.2990601,0.27125242352485657,0.4167497456073761,0.11233370006084442
YHR055C,YNL026W,0,1.2989718,0.2710765302181244,0.4167497456073761,0.11243373155593872
YMR085W,YDL128W,0,1.2988895,0.2709008455276489,0.4167497456073761,0.11253376305103302
YER150W,YJL174W,1,1.2987939,0.27137306332588196,0.41774675250053406,0.11253376305103302
YPL123C,YIL162W,1,1.2986662,0.27184465527534485,0.418743759393692,0.11253376305103302
YLR408C,YMR008C,0,1.2985712,0.27166882157325745,0.418743759393692,0.11263378709554672
YKL139W,YML026C,0,1.2983295,0.27149322628974915,0.418743759393692,0.11273381859064102
YBR200W-A,YIL011W,1,1.2983248,0.27196383476257324,0.41974076628685,0.11273381859064102
YNL012W,YJL158C,1,1.2980081,0.2724338173866272,0.42073777318000793,0.11273381859064102
YLR319C,YMR316C-A,0,1.2978787,0.27225807309150696,0.42073777318000793,0.11283385008573532
YIL018W,YJL008C,0,1.2978066,0.27208253741264343,0.42073777318000793,0.11293388158082962
YAR066W,YEL060C,0,1.2977439,0.2719072103500366,0.42073777318000793,0.11303391307592392
YJL079C,YKL096W-A,1,1.2977331,0.27237606048583984,0.4217348098754883,0.11303391307592392
YJR029W,YJR066W,0,1.2970775,0.2722007632255554,0.4217348098754883,0.11313393712043762
YJL132W,YGR065C,0,1.2970182,0.2720257341861725,0.4217348098754883,0.11323396861553192
YNL062C,YHL024W,0,1.2968874,0.27185091376304626,0.4217348098754883,0.11333400011062622
YGR254W,YNL301C,0,1.2966433,0.27167630195617676,0.4217348098754883,0.11343403160572052
YLR001C,YKL096W-A,1,1.2965716,0.27214378118515015,0.42273181676864624,0.11343403160572052
YIL148W,YDR287W,0,1.2962455,0.271969199180603,0.42273181676864624,0.11353406310081482
YOR190W,YIL123W,1,1.2962451,0.27243590354919434,0.4237288236618042,0.11353406310081482
YIL155C,YHR020W,0,1.2962435,0.272261381149292,0.4237288236618042,0.11363408714532852
YDR134C,YBR162C,1,1.2949162,0.27272728085517883,0.42472583055496216,0.11363408714532852
YNL334C,YCR102C,0,1.2946796,0.2725527882575989,0.42472583055496216,0.11373411864042282
YHL009W-A,YMR040W,0,1.2943323,0.27237850427627563,0.42472583055496216,0.11383415013551712
YOR381W,YNL053W,0,1.2942084,0.2722044587135315,0.42472583055496216,0.11393418163061142
YMR202W,YDL088C,0,1.2941544,0.27203065156936646,0.42472583055496216,0.11403421312570572
YMR084W,YNL088W,0,1.2937416,0.27185705304145813,0.42472583055496216,0.11413423717021942
YOR310C,YPR102C,0,1.2931744,0.2716836631298065,0.42472583055496216,0.11423426866531372
YDR077W,YBR162C,1,1.2926117,0.27214786410331726,0.4257228374481201,0.11423426866531372
YBR214W,YER074W-A,0,1.2919043,0.2719745337963104,0.4257228374481201,0.11433430016040802
YOR292C,YDL235C,0,1.291604,0.2718014121055603,0.4257228374481201,0.11443433165550232
YHR011W,YJR026W,0,1.2912444,0.2716284990310669,0.4257228374481201,0.11453436315059662
YOR003W,YLR042C,1,1.2908653,0.2720915377140045,0.4267198443412781,0.11453436315059662
YER060W,YPL204W,0,1.2907743,0.2719186842441559,0.4267198443412781,0.11463438719511032
YDR144C,YNL066W,1,1.2906959,0.2723809480667114,0.42771685123443604,0.11463438719511032
YLR085C,YCL048W-A,0,1.2904743,0.2722081243991852,0.42771685123443604,0.11473441869020462
YNL327W,YER065C,1,1.2903069,0.27266961336135864,0.428713858127594,0.11473441869020462
YDL182W,YER099C,0,1.2900504,0.2724968194961548,0.428713858127594,0.11483445018529892
YLR265C,YHL009W-B,0,1.2890953,0.27232426404953003,0.428713858127594,0.11493448168039322
YFL017W-A,YIL102C-A,0,1.2889918,0.2721518874168396,0.428713858127594,0.11503451317548752
YPR170W-B,YJL096W,0,1.2889234,0.27197974920272827,0.428713858127594,0.11513453722000122
YMR006C,YPL123C,1,1.2884219,0.27243995666503906,0.42971086502075195,0.11513453722000122
YGR058W,YLR053C,0,1.2883242,0.2722678482532501,0.42971086502075195,0.11523456871509552
YER014C-A,YPR140W,0,1.2882107,0.2720959484577179,0.42971086502075195,0.11533460021018982
YBR029C,YLR131C,0,1.2881607,0.27192428708076477,0.42971086502075195,0.11543463170528412
YDR023W,YCR058C,0,1.2881477,0.27175283432006836,0.42971086502075195,0.11553466320037842
YBR200W-A,YJL174W,1,1.2879877,0.2722117304801941,0.4307078719139099,0.11553466320037842
YDL127W,YIL148W,0,1.2877077,0.27204030752182007,0.4307078719139099,0.11563468724489212
YGR200C,YGR148C,0,1.2876854,0.27186909317970276,0.4307078719139099,0.11573471873998642
YPL093W,YCR004C,0,1.2876798,0.27169811725616455,0.4307078719139099,0.11583475023508072
YBL072C,YGR148C,0,1.2875456,0.27152734994888306,0.4307078719139099,0.11593478173017502
YNL284C-A,YJL055W,0,1.28752,0.2713567912578583,0.4307078719139099,0.11603481322526932
YLR081W,YJR116W,0,1.2869459,0.2711864411830902,0.4307078719139099,0.11613483726978302
YKL158W,YBR049C,0,1.2862328,0.27101629972457886,0.4307078719139099,0.11623486876487732
YMR166C,YNL112W,0,1.2860302,0.2708463966846466,0.4307078719139099,0.11633490025997162
YKL164C,YOL154W,1,1.2853663,0.27130326628685,0.43170487880706787,0.11633490025997162
YGR031C-A,YLR277C,0,1.2850543,0.2711333632469177,0.43170487880706787,0.11643493175506592
YDL004W,YOL114C,0,1.2840583,0.2709636986255646,0.43170487880706787,0.11653496325016022
YBR070C,YIL124W,0,1.2838855,0.27079424262046814,0.43170487880706787,0.11663498729467392
YMR250W,YGL215W,0,1.2836739,0.2706249952316284,0.43170487880706787,0.11673501878976822
YPL123C,YDR534C,1,1.2835236,0.2710805833339691,0.43270188570022583,0.11673501878976822
YNL213C,YFR037C,0,1.2825356,0.2709113657474518,0.43270188570022583,0.11683505028486252
YKL157W,YLR158C,1,1.2823616,0.2713661789894104,0.4336988925933838,0.11683505028486252
YOR010C,YIL011W,1,1.2822196,0.27182045578956604,0.43469589948654175,0.11683505028486252
YLL041C,YKL104C,0,1.2821199,0.27165108919143677,0.43469589948654175,0.11693508177995682
YLR445W,YHR190W,0,1.2819084,0.2714819312095642,0.43469589948654175,0.11703511327505112
YNR041C,YOL107W,0,1.2817641,0.27131301164627075,0.43469589948654175,0.11713513731956482
YDR477W,YAL068C,0,1.2815324,0.2711442708969116,0.43469589948654175,0.11723516881465912
YCL057C-A,YEL004W,0,1.2813882,0.2709757685661316,0.43469589948654175,0.11733520030975342
YFL057C,YGL096W,0,1.2813755,0.2708074450492859,0.43469589948654175,0.11743523180484772
YGR279C,YKL164C,1,1.2812788,0.2712600827217102,0.4356929063796997,0.11743523180484772
YBL101W-B,YLR238W,0,1.2811911,0.2710918188095093,0.4356929063796997,0.11753526329994202
YNL076W,YCL030C,0,1.2799352,0.2709237337112427,0.4356929063796997,0.11763528734445572
YGR027C,YDR332W,0,1.2798026,0.2707558870315552,0.4356929063796997,0.11773531883955002
YBR192W,YFR018C,0,1.279767,0.2705882489681244,0.4356929063796997,0.11783535033464432
YGR016W,YGR026W,0,1.2797514,0.27042078971862793,0.4356929063796997,0.11793538182973862
YNL196C,YNR002C,0,1.2787122,0.27025356888771057,0.4356929063796997,0.11803541332483292
YJR127C,YGR121C,0,1.2774773,0.27008652687072754,0.4356929063796997,0.11813543736934662
YNR067C,YBR162C,1,1.2770532,0.2705373764038086,0.43668994307518005,0.11813543736934662
YLR301W,YPR107C,0,1.27698,0.27037036418914795,0.43668994307518005,0.11823546886444092
YHR126C,YPR106W,0,1.2767814,0.2702035903930664,0.43668994307518005,0.11833550035953522
YBR093C,YDR287W,0,1.2765821,0.2700369954109192,0.43668994307518005,0.11843553185462952
YHR052W,YFL035C,0,1.276524,0.2698706090450287,0.43668994307518005,0.11853556334972382
YML075C,YDR343C,0,1.2765075,0.2697044312953949,0.43668994307518005,0.11863558739423752
YIL134W,YDR034C-C,0,1.2759801,0.2695384621620178,0.43668994307518005,0.11873561888933182
YDR314C,YPR144C,0,1.2749416,0.26937270164489746,0.43668994307518005,0.11883565038442612
YDR341C,YIR004W,0,1.2746109,0.2692071199417114,0.43668994307518005,0.11893568187952042
YML126C,YDR365W-B,0,1.2743493,0.2690417766571045,0.43668994307518005,0.11903571337461472
YFL061W,YCL026C-B,0,1.274294,0.2688766121864319,0.43668994307518005,0.11913573741912842
YPL079W,YPL228W,0,1.2737062,0.268711656332016,0.43668994307518005,0.11923576891422272
YIL018W,YER036C,0,1.2735292,0.2685469090938568,0.43668994307518005,0.11933580040931702
YDR055W,YBR301W,1,1.2734897,0.26899510622024536,0.437686949968338,0.11933580040931702
YLR157C-A,YNL245C,0,1.2733074,0.2688303589820862,0.437686949968338,0.11943583190441132
YJL078C,YDL214C,0,1.2727109,0.2686658501625061,0.437686949968338,0.11953586339950562
YLR121C,YCR045C,1,1.2725581,0.269113153219223,0.43868395686149597,0.11953586339950562
YLR355C,YMR085W,0,1.2724835,0.26894864439964294,0.43868395686149597,0.11963588744401932
YNR063W,YHR214C-B,0,1.272206,0.26878437399864197,0.43868395686149597,0.11973591893911362
YER181C,YKL167C,0,1.2719734,0.2686202824115753,0.43868395686149597,0.11983595043420792
YOL056W,YOR064C,0,1.2719287,0.268456369638443,0.43868395686149597,0.11993598192930222
YMR114C,YCR045C,0,1.2718815,0.26829269528388977,0.43868395686149597,0.12003601342439651
YMR145C,YKL158W,0,1.2706534,0.2681291997432709,0.43868395686149597,0.12013603746891022
YPL009C,YPL130W,0,1.2702049,0.2679658830165863,0.43868395686149597,0.12023606896400452
YJL216C,YDR518W,0,1.2699711,0.26780280470848083,0.43868395686149597,0.12033610045909882
YJL145W,YNL210W,0,1.2699279,0.2676399052143097,0.43868395686149597,0.12043613195419312
YOL152W,YDR448W,0,1.2698994,0.26747721433639526,0.43868395686149597,0.12053616344928741
YOR145C,YBL101W-B,0,1.2698947,0.26731470227241516,0.43868395686149597,0.12063618749380112
YOL030W,YCR045C,1,1.2698804,0.2677595615386963,0.43968096375465393,0.12063618749380112
YGR192C,YOR158W,0,1.2697486,0.2675970792770386,0.43968096375465393,0.12073621898889542
YMR316C-A,YKL222C,0,1.2694708,0.2674348056316376,0.43968096375465393,0.12083625048398972
YNL190W,YGR189C,1,1.2694223,0.26787880063056946,0.4406779706478119,0.12083625048398972
YLR391W,YHR202W,1,1.2692004,0.268322229385376,0.44167497754096985,0.12083625048398972
YCR068W,YDR348C,0,1.2685002,0.26815980672836304,0.44167497754096985,0.12093628197908401
YDL233W,YOR115C,0,1.2682759,0.2679975926876068,0.44167497754096985,0.12103631347417831
YHL033C,YPR141C,0,1.2681108,0.2678355574607849,0.44167497754096985,0.12113633751869202
YOL047C,YMR231W,0,1.267956,0.2676737308502197,0.44167497754096985,0.12123636901378632
YDR358W,YHL024W,0,1.2677003,0.26751208305358887,0.44167497754096985,0.12133640050888062
YKR082W,YBR068C,0,1.2676532,0.2673506438732147,0.44167497754096985,0.12143643200397491
YJR091C,YLR414C,0,1.2676218,0.2671893835067749,0.44167497754096985,0.12153646349906921
YPR170W-B,YDR294C,0,1.2675182,0.2670283317565918,0.44167497754096985,0.12163648754358292
YDR261W-A,YHR086W,0,1.2674206,0.266867458820343,0.44167497754096985,0.12173651903867722
YDL100C,YDL166C,0,1.2669411,0.26670679450035095,0.44167497754096985,0.12183655053377151
YJL078C,YOL010W,0,1.2667186,0.2665463387966156,0.44167497754096985,0.12193658202886581
YJL159W,YJR150C,1,1.2666969,0.2669873833656311,0.4426719844341278,0.12193658202886581
YOR214C,YJL132W,1,1.2663718,0.26742789149284363,0.44366899132728577,0.12193658202886581
YFR044C,YOL136C,0,1.26634,0.26726725697517395,0.44366899132728577,0.12203661352396011
YGR189C,YGL028C,1,1.2662005,0.26770707964897156,0.4446659982204437,0.12203661352396011
YNL217W,YLR284C,0,1.2661967,0.26754650473594666,0.4446659982204437,0.12213663756847382
YPL187W,YOL159C,1,1.265675,0.26798561215400696,0.4456630051136017,0.12213663756847382
YLR461W,YBR088C,0,1.2656066,0.26782503724098206,0.4456630051136017,0.12223666906356812
YGR010W,YKL221W,0,1.2656018,0.26766467094421387,0.4456630051136017,0.12233670055866241
YJL010C,YJL158C,0,1.2655684,0.26750448346138,0.4456630051136017,0.12243673205375671
YML058W-A,YNL069C,0,1.2653338,0.26734450459480286,0.4456630051136017,0.12253676354885101
YJL196C,YML024W,0,1.2648648,0.26718470454216003,0.4456630051136017,0.12263678759336472
YDR224C,YDL003W,0,1.2635581,0.26702508330345154,0.4456630051136017,0.12273681908845901
YIR036C,YDR109C,0,1.263099,0.26686567068099976,0.4456630051136017,0.12283685058355331
YGL192W,YMR010W,0,1.262657,0.2667064368724823,0.4456630051136017,0.12293688207864761
YOR223W,YOR057W,0,1.2625386,0.26654741168022156,0.4456630051136017,0.12303691357374191
YJL185C,YMR277W,0,1.2622713,0.26638856530189514,0.4456630051136017,0.12313693761825562
YGR282C,YPL052W-A,0,1.2622343,0.26622989773750305,0.4456630051136017,0.12323696911334991
YPR198W,YPL036W,0,1.2616817,0.2660714387893677,0.4456630051136017,0.12333700060844421
YAL053W,YLL013C,0,1.2615728,0.2659131586551666,0.4456630051136017,0.12343703210353851
YDR461W,YKL096W-A,1,1.2615467,0.26634958386421204,0.44666001200675964,0.12343703210353851
YDL046W,YOL152W,0,1.2613068,0.2661913335323334,0.44666001200675964,0.12353706359863281
YBR067C,YML050W,0,1.2610322,0.26603326201438904,0.44666001200675964,0.12363708764314651
YGL196W,YDR033W,0,1.2605014,0.26587536931037903,0.44666001200675964,0.12373711913824081
YJL183W,YPL246C,0,1.259719,0.26571768522262573,0.44666001200675964,0.12383715063333511
YAL038W,YLR429W,0,1.2593489,0.26556017994880676,0.44666001200675964,0.12393718212842941
YBR295W,YJL042W,0,1.2591279,0.2654028534889221,0.44666001200675964,0.12403721362352371
YMR085W,YLR035C,0,1.2591062,0.2652457058429718,0.44666001200675964,0.12413723766803741
YLR042C,YKL163W,1,1.2591039,0.2656804621219635,0.4476570188999176,0.12413723766803741
YLR408C,YML043C,0,1.258365,0.26552334427833557,0.4476570188999176,0.12423726916313171
YOR306C,YBL101W-B,0,1.2581154,0.26536643505096436,0.4476570188999176,0.12433730065822601
YJR124C,YDR375C,0,1.2580944,0.2652096748352051,0.4476570188999176,0.12443733215332031
YMR307W,YOL154W,1,1.2577649,0.265643447637558,0.44865402579307556,0.12443733215332031
YOR382W,YKL163W,1,1.2575319,0.2660766839981079,0.4496510326862335,0.12443733215332031
YER158C,YJL035C,0,1.2570573,0.2659198045730591,0.4496510326862335,0.12453736364841461
YOL159C,YMR215W,1,1.2567487,0.2663523852825165,0.45064806938171387,0.12453736364841461
YOR022C,YOR336W,0,1.256637,0.26619553565979004,0.45064806938171387,0.12463738769292831
YKL081W,YER130C,0,1.2563993,0.26603883504867554,0.45064806938171387,0.12473741918802261
YOR390W,YGL135W,0,1.256288,0.26588234305381775,0.45064806938171387,0.12483745068311691
YBR301W,YJL019W,0,1.2561284,0.2657260298728943,0.45064806938171387,0.12493748217821121
YOR350C,YBR067C,0,1.2558451,0.26556992530822754,0.45064806938171387,0.12503750622272491
YGL105W,YDL204W,0,1.2555488,0.26541396975517273,0.45064806938171387,0.1251375377178192
YPL274W,YJL094C,0,1.2554628,0.26525822281837463,0.45064806938171387,0.1252375692129135
YCR043C,YLR154W-C,0,1.25524,0.2651026248931885,0.45064806938171387,0.1253376007080078
YKL096W,YPR158C-C,0,1.2552046,0.26494723558425903,0.45064806938171387,0.1254376322031021
YOR396W,YHR136C,0,1.2550467,0.2647920250892639,0.45064806938171387,0.1255376636981964
YFR032C-A,YNL306W,0,1.2546837,0.2646369934082031,0.45064806938171387,0.1256376951932907
YGL230C,YOL060C,0,1.2544516,0.26448214054107666,0.45064806938171387,0.125737726688385
YEL042W,YHR110W,0,1.2540029,0.2643274962902069,0.45064806938171387,0.1258377581834793
YIL011W,YGL048C,0,1.2537557,0.2641730010509491,0.45064806938171387,0.12593777477741241
YNL019C,YKL221W,0,1.2536968,0.2640186846256256,0.45064806938171387,0.1260378062725067
YDR210W-B,YLR316C,0,1.2532483,0.26386457681655884,0.45064806938171387,0.126137837767601
YEL003W,YGL147C,0,1.2528604,0.263710618019104,0.45064806938171387,0.1262378692626953
YHL024W,YPL224C,0,1.2519859,0.2635568380355835,0.45064806938171387,0.1263379007577896
YGL204C,YHR098C,0,1.251301,0.2634032666683197,0.45064806938171387,0.1264379322528839
YPL060C-A,YHL028W,0,1.2506031,0.26324984431266785,0.45064806938171387,0.1265379637479782
YPR158W-B,YLR110C,0,1.2503753,0.2630966305732727,0.45064806938171387,0.1266379952430725
YMR315W,YGL170C,0,1.2497274,0.2629435658454895,0.45064806938171387,0.1267380267381668
YHR020W,YNL108C,0,1.2497224,0.262790709733963,0.45064806938171387,0.1268380582332611
YFL004W,YCL073C,0,1.2496728,0.26263800263404846,0.45064806938171387,0.1269380748271942
YOL040C,YDL119C,0,1.2496521,0.26248547434806824,0.45064806938171387,0.1270381063222885
YKL100C,YPL028W,0,1.2495328,0.2623331546783447,0.45064806938171387,0.1271381378173828
YAR010C,YMR073C,0,1.2494079,0.26218098402023315,0.45064806938171387,0.1272381693124771
YPL257W-A,YPL111W,0,1.2491261,0.2620289921760559,0.45064806938171387,0.1273382008075714
YDR077W,YHR143W,1,1.2487115,0.2624565362930298,0.4516450762748718,0.1273382008075714
YAL034C,YGR272C,0,1.2485372,0.2623045742511749,0.4516450762748718,0.1274382323026657
YIL165C,YJL069C,0,1.2466773,0.2621527910232544,0.4516450762748718,0.12753826379776
YIL083C,YGL259W,0,1.2464284,0.2620011568069458,0.4516450762748718,0.1276382952928543
YFR045W,YDR481C,0,1.2459496,0.26184970140457153,0.4516450762748718,0.1277383267879486
YNL115C,YJR093C,0,1.244876,0.261698454618454,0.4516450762748718,0.1278383582830429
YLR391W,YOL154W,1,1.2447828,0.2621247172355652,0.4526420831680298,0.1278383582830429
YNL312W,YOR134W,0,1.2444211,0.26197347044944763,0.4526420831680298,0.127938374876976
YNL333W,YCL026C-B,0,1.2443042,0.261822372674942,0.4526420831680298,0.1280384063720703
YDR522C,YML040W,0,1.2440907,0.2616714835166931,0.4526420831680298,0.1281384378671646
YMR006C,YDR134C,1,1.2439157,0.2620967626571655,0.45363909006118774,0.1281384378671646
YNL139C,YJL127C-A,0,1.2438346,0.2619458734989166,0.45363909006118774,0.1282384693622589
YBR289W,YDL241W,0,1.2435248,0.26179516315460205,0.45363909006118774,0.1283385008573532
YLL066C,YAL061W,0,1.2432863,0.2616446316242218,0.45363909006118774,0.1284385323524475
YPR137C-A,YHR052W,0,1.2420228,0.2614942491054535,0.45363909006118774,0.1285385638475418
YDR039C,YPR036W-A,0,1.2419912,0.2613440454006195,0.45363909006118774,0.1286385953426361
YPL060C-A,YFL016C,0,1.2419683,0.26119402050971985,0.45363909006118774,0.1287386268377304
YDR418W,YDR118W,0,1.2416419,0.2610441744327545,0.45363909006118774,0.1288386583328247
YBR297W,YLR337W,0,1.2416252,0.2608945071697235,0.45363909006118774,0.1289386749267578
YKL189W,YKL065W-A,0,1.2414423,0.26074498891830444,0.45363909006118774,0.1290387064218521
YJR155W,YLR065C,0,1.2413684,0.2605956494808197,0.45363909006118774,0.1291387379169464
YER064C,YDR155C,0,1.241219,0.2604464888572693,0.45363909006118774,0.1292387694120407
YNL064C,YPR184W,0,1.2410781,0.2602974772453308,0.45363909006118774,0.129338800907135
YIL170W,YNR070W,0,1.2410232,0.26014864444732666,0.45363909006118774,0.1294388324022293
YDR453C,YFL006W,0,1.2409053,0.25999999046325684,0.45363909006118774,0.1295388638973236
YLR270W,YBR072W,0,1.2407019,0.25985151529312134,0.45363909006118774,0.1296388953924179
YPL031C,YDR474C,0,1.2406424,0.2597031891345978,0.45363909006118774,0.1297389268875122
YLL024C,YDR534C,1,1.2404863,0.2601254880428314,0.4546360969543457,0.1297389268875122
YBR286W,YPR116W,0,1.2402812,0.25997719168663025,0.4546360969543457,0.1298389583826065
YBR253W,YCR041W,0,1.2401568,0.2598290741443634,0.4546360969543457,0.1299389749765396
YLR086W,YLR157C-B,0,1.2397743,0.2596811056137085,0.4546360969543457,0.1300390064716339
YOR355W,YDL183C,0,1.2397015,0.2595332860946655,0.4546360969543457,0.1301390379667282
YOR382W,YCL058C,1,1.2394369,0.2599544823169708,0.45563310384750366,0.1301390379667282
YDR032C,YJL171C,0,1.2392857,0.25980672240257263,0.45563310384750366,0.1302390694618225
YNL012W,YJL079C,1,1.2391965,0.2602272629737854,0.4566301107406616,0.1302390694618225
YDR422C,YGL046W,0,1.2390506,0.2600795030593872,0.4566301107406616,0.1303391009569168
YKL224C,YMR306W,0,1.2390393,0.25993189215660095,0.4566301107406616,0.1304391324520111
YOR247W,YLR040C,1,1.2383279,0.26035168766975403,0.4576271176338196,0.1304391324520111
YDL114W,YHL048W,0,1.2382182,0.2602040767669678,0.4576271176338196,0.1305391639471054
YHR170W,YOR193W,0,1.2376256,0.26005664467811584,0.4576271176338196,0.1306391954421997
YFR010W,YNL301C,0,1.2376059,0.25990939140319824,0.4576271176338196,0.130739226937294
YBR297W,YGL231C,0,1.2375935,0.25976231694221497,0.4576271176338196,0.1308392584323883
YGR060W,YIL072W,0,1.2375326,0.25961539149284363,0.4576271176338196,0.1309392750263214
YNR066C,YLR154W-C,0,1.2371863,0.25946861505508423,0.4576271176338196,0.1310393065214157
YCL058W-A,YML013W,0,1.2365764,0.25932204723358154,0.4576271176338196,0.13113933801651
YBL064C,YDR084C,0,1.2364589,0.2591755986213684,0.4576271176338196,0.1312393695116043
YPL041C,YGR095C,0,1.2357934,0.259029358625412,0.4576271176338196,0.1313394010066986
YOR337W,YEL077C,0,1.2357475,0.2588832378387451,0.4576271176338196,0.1314394325017929
YGR027W-B,YCR094W,0,1.2355077,0.25873732566833496,0.4576271176338196,0.1315394639968872
YIL096C,YPR036W-A,0,1.2353417,0.25859156250953674,0.4576271176338196,0.1316394954919815
YOL161C,YMR316C-A,0,1.2351636,0.25844594836235046,0.4576271176338196,0.1317395269870758
YJL132W,YGR037C,1,1.2351209,0.258863240480423,0.45862412452697754,0.1317395269870758
YMR305C,YOL154W,1,1.2350776,0.25928008556365967,0.4596211314201355,0.1317395269870758
YER157W,YDR476C,0,1.2349793,0.25913435220718384,0.4596211314201355,0.1318395584821701
YOR293W,YBR056W,0,1.2349643,0.25898876786231995,0.4596211314201355,0.1319395750761032
YCR045C,YLR040C,1,1.2344345,0.25940483808517456,0.46061813831329346,0.1319395750761032
YDR385W,YJR098C,0,1.2344126,0.25925925374031067,0.46061813831329346,0.1320396065711975
YLR286C,YAR050W,1,1.2341181,0.25967469811439514,0.4616151452064514,0.1320396065711975
YKL047W,YAR031W,0,1.2339191,0.25952914357185364,0.4616151452064514,0.1321396380662918
YMR085W,YIR021W,0,1.2337583,0.25938376784324646,0.4616151452064514,0.1322396695613861
YPR199C,YFL060C,0,1.2332267,0.25923851132392883,0.4616151452064514,0.1323397010564804
YER056C,YFL040W,0,1.2330896,0.2590934634208679,0.4616151452064514,0.1324397325515747
YPR026W,YML116W,0,1.2321491,0.25894853472709656,0.4616151452064514,0.132539764046669
YPL041C,YHR143W,0,1.2320033,0.2588038146495819,0.4616151452064514,0.1326397955417633
YLR157C,YBR056W,1,1.2316277,0.25921788811683655,0.4626121520996094,0.1326397955417633
YIL033C,YNL146W,0,1.2314659,0.2590731382369995,0.4626121520996094,0.1327398270368576
YBR016W,YDR147W,0,1.2311586,0.2589285671710968,0.4626121520996094,0.1328398585319519
YNL145W,YOL155C,1,1.230701,0.25934189558029175,0.46360915899276733,0.1328398585319519
YDL049C,YGR189C,1,1.2305015,0.2597547471523285,0.4646061956882477,0.1328398585319519
YOL122C,YJR026W,0,1.2298468,0.25961002707481384,0.4646061956882477,0.132939875125885
YMR099C,YJL038C,0,1.2293538,0.2594654858112335,0.4646061956882477,0.1330399066209793
YJR028W,YFL020C,0,1.2289721,0.25932109355926514,0.4646061956882477,0.1331399381160736
YLR154W-C,YPR011C,0,1.2288064,0.2591768503189087,0.4646061956882477,0.1332399696111679
YCL062W,YGL219C,0,1.2287762,0.2590327858924866,0.4646061956882477,0.1333400011062622
YDR446W,YLR153C,0,1.2287234,0.2588889002799988,0.4646061956882477,0.1334400326013565
YEL027W,YDL116W,0,1.2274038,0.25874513387680054,0.4646061956882477,0.1335400640964508
YKL081W,YDR089W,0,1.2271433,0.2586015462875366,0.4646061956882477,0.1336400955915451
YFR012W,YNL006W,0,1.2270901,0.25845813751220703,0.4646061956882477,0.1337401270866394
YBL084C,YDR365W-A,0,1.2269171,0.258314847946167,0.4646061956882477,0.1338401585817337
YJR143C,YER141W,0,1.2268938,0.2581717371940613,0.4646061956882477,0.1339401751756668
YLR355C,YFL025C,0,1.2264398,0.2580288052558899,0.4646061956882477,0.1340402066707611
YPL048W,YHR136C,0,1.2257224,0.25788599252700806,0.4646061956882477,0.1341402381658554
YDR261C,YGR282C,1,1.2254852,0.2582964599132538,0.46560320258140564,0.1341402381658554
YIL011W,YOL154W,1,1.2251021,0.2587064802646637,0.4666002094745636,0.1341402381658554
YFL011W,YHR167W,0,1.2250584,0.2585635483264923,0.4666002094745636,0.1342402696609497
YPR041W,YIL053W,0,1.2248582,0.25842076539993286,0.4666002094745636,0.134340301156044
YOL089C,YGR109W-A,0,1.2248136,0.25827813148498535,0.4666002094745636,0.1344403326511383
YLR452C,YOL119C,0,1.2245456,0.25813567638397217,0.4666002094745636,0.1345403641462326
YGL012W,YPR008W,0,1.2241505,0.2579933702945709,0.4666002094745636,0.1346403956413269
YOL103W-A,YFL036W,0,1.2239741,0.257851243019104,0.4666002094745636,0.1347404271364212
YFL018C,YDR222W,0,1.2238096,0.257709264755249,0.4666002094745636,0.1348404586315155
YDR254W,YDR032C,0,1.2233781,0.2575674057006836,0.4666002094745636,0.1349404752254486
YDL199C,YOL021C,0,1.2233603,0.2574257552623749,0.4666002094745636,0.1350405067205429
YNL031C,YPR114W,0,1.222599,0.2572842240333557,0.4666002094745636,0.1351405382156372
YJL021C,YDR146C,0,1.2224766,0.2571428716182709,0.4666002094745636,0.1352405697107315
YBL028C,YJL106W,0,1.2224655,0.2570016384124756,0.4666002094745636,0.1353406012058258
YPL280W,YJR151C,0,1.2224103,0.2568605840206146,0.4666002094745636,0.1354406327009201
YMR122W-A,YLL054C,0,1.2215914,0.2567196786403656,0.4666002094745636,0.1355406641960144
YDR065W,YPL097W,0,1.2206686,0.2565789520740509,0.4666002094745636,0.1356406956911087
YLR042C,YHR154W,0,1.2204635,0.25643834471702576,0.4666002094745636,0.135740727186203
YAR071W,YLR155C,1,1.2203965,0.2568455636501312,0.46759721636772156,0.135740727186203
YER150W,YLR157C,1,1.2203332,0.2572523355484009,0.4685942232608795,0.135740727186203
YMR056C,YHR086W,0,1.2202958,0.2571116089820862,0.4685942232608795,0.1358407586812973
YHR162W,YKR014C,0,1.2199742,0.2569710314273834,0.4685942232608795,0.1359407752752304
YHL004W,YER108C,0,1.219911,0.2568306028842926,0.4685942232608795,0.1360408067703247
YMR006C,YOL159C,1,1.2191988,0.2572364807128906,0.4695912301540375,0.1360408067703247
YDL247W,YHR112C,0,1.2191213,0.2570960819721222,0.4695912301540375,0.136140838265419
YMR088C,YCR079W,0,1.2190672,0.2569558024406433,0.4695912301540375,0.1362408697605133
YIL039W,YDR354W,0,1.2189289,0.25681570172309875,0.4695912301540375,0.1363409012556076
YIL030C,YPL226W,0,1.2186476,0.25667575001716614,0.4695912301540375,0.1364409327507019
YFL043C,YJL196C,0,1.2179981,0.25653594732284546,0.4695912301540375,0.1365409642457962
YNL244C,YDR523C,0,1.2162254,0.2563962936401367,0.4695912301540375,0.1366409957408905
YHR057C,YBR056W,1,1.2156256,0.2568008601665497,0.47058823704719543,0.1366409957408905
YIL043C,YDL109C,0,1.2155827,0.25666123628616333,0.47058823704719543,0.1367410272359848
YAR050W,YLR064W,0,1.2152804,0.25652173161506653,0.47058823704719543,0.1368410587310791
YNL145W,YNL327W,1,1.2152094,0.2569255828857422,0.4715852439403534,0.1368410587310791
YGR161W-A,YLR053C,0,1.2150925,0.2567861080169678,0.4715852439403534,0.1369410753250122
YGR122W,YLR197W,0,1.2150465,0.2566467821598053,0.4715852439403534,0.1370411068201065
YHL046C,YGL168W,0,1.214827,0.25650760531425476,0.4715852439403534,0.1371411383152008
YBR158W,YDR089W,0,1.2145196,0.25636857748031616,0.4715852439403534,0.1372411698102951
YGL053W,YJR105W,0,1.2142212,0.2562296986579895,0.4715852439403534,0.1373412013053894
YLL007C,YGR006W,0,1.2140014,0.2560909688472748,0.4715852439403534,0.1374412328004837
YOR095C,YHL047C,0,1.213608,0.255952388048172,0.4715852439403534,0.137541264295578
YMR154C,YNL181W,0,1.2133416,0.25581395626068115,0.4715852439403534,0.1376412957906723
YNR019W,YDR098C-A,0,1.2131935,0.25567567348480225,0.4715852439403534,0.1377413272857666
YOL155C,YHR202W,1,1.2130638,0.2560777962207794,0.47258225083351135,0.1377413272857666
YFR012W,YDR372C,0,1.2128428,0.2559395134449005,0.47258225083351135,0.1378413587808609
YHL012W,YGR156W,0,1.2127415,0.25580140948295593,0.47258225083351135,0.137941375374794
YOR214C,YBR056W,1,1.2126493,0.2562028169631958,0.4735792577266693,0.137941375374794
YJL189W,YPL066W,0,1.2121481,0.25606468319892883,0.4735792577266693,0.1380414068698883
YOR192C-A,YKR058W,0,1.2120863,0.2559267282485962,0.4735792577266693,0.1381414383649826
YDR210W-B,YNL002C,0,1.2119898,0.2557888925075531,0.4735792577266693,0.1382414698600769
YFL039C,YPR192W,0,1.2119025,0.25565123558044434,0.4735792577266693,0.1383415013551712
YKL077W,YCR047C,0,1.2115536,0.2555137276649475,0.4735792577266693,0.1384415328502655
YDL061C,YKR086W,0,1.2114713,0.25537633895874023,0.4735792577266693,0.1385415643453598
YFL010W-A,YKL113C,0,1.2111143,0.2552391290664673,0.4735792577266693,0.1386415958404541
YOL107W,YHL036W,0,1.2109246,0.2551020383834839,0.4735792577266693,0.1387416273355484
YLR172C,YDL178W,0,1.2106348,0.2549650967121124,0.4735792577266693,0.1388416588306427
YDL183C,YGL215W,0,1.2106174,0.2548283338546753,0.4735792577266693,0.1389416754245758
YPR191W,YIL087C,0,1.21056,0.2546916902065277,0.4735792577266693,0.1390417069196701
YGR264C,YEL043W,0,1.2104754,0.25455519556999207,0.4735792577266693,0.1391417384147644
YDR452W,YGR294W,0,1.2103416,0.25441884994506836,0.4735792577266693,0.1392417699098587
YOR037W,YGR109W-A,0,1.210296,0.2542826533317566,0.4735792577266693,0.139341801404953
YER111C,YGR027W-A,0,1.2102512,0.25414660573005676,0.4735792577266693,0.1394418329000473
YNL054W-A,YER007W,0,1.2099377,0.25401070713996887,0.4735792577266693,0.1395418643951416
YGL055W,YPL028W,0,1.2092955,0.25387492775917053,0.4735792577266693,0.1396418958902359
YER072W,YMR318C,0,1.2090274,0.2537393271923065,0.4735792577266693,0.1397419273853302
YOR032C,YMR010W,0,1.2086576,0.25360384583473206,0.4735792577266693,0.1398419588804245
YDR418W,YMR285C,0,1.2084537,0.25346851348876953,0.4735792577266693,0.1399419754743576
YGR087C,YPR034W,0,1.2082665,0.25333333015441895,0.4735792577266693,0.1400420069694519
YBL085W,YHR056C,0,1.2078936,0.2531982958316803,0.4735792577266693,0.1401420384645462
YCR031C,YJL029C,0,1.2077649,0.2530634105205536,0.4735792577266693,0.1402420699596405
YPR137W,YBR049C,0,1.207728,0.25292864441871643,0.4735792577266693,0.1403421014547348
YBL092W,YOL058W,0,1.207716,0.2527940273284912,0.4735792577266693,0.1404421329498291
YJR111C,YDL089W,0,1.2075218,0.2526595890522003,0.4735792577266693,0.1405421644449234
YLR116W,YDR472W,0,1.2075216,0.2525252401828766,0.4735792577266693,0.1406421959400177
YMR088C,YGR109W-A,0,1.207521,0.2523910701274872,0.4735792577266693,0.140742227435112
YBR205W,YER052C,0,1.2073544,0.2522570490837097,0.4735792577266693,0.1408422589302063
YCL037C,YFL041W,0,1.2072955,0.2521231472492218,0.4735792577266693,0.1409422755241394
YCL056C,YHR212W-A,0,1.2070512,0.2519893944263458,0.4735792577266693,0.1410423070192337
YPL150W,YNL091W,0,1.2068304,0.2518557906150818,0.4735792577266693,0.141142338514328
YNL145W,YGR189C,1,1.2062652,0.2522522509098053,0.47457626461982727,0.141142338514328
YGR144W,YGR178C,0,1.2060963,0.25211864709854126,0.47457626461982727,0.1412423700094223
YDR261C,YHR057C,1,1.2059666,0.2525145709514618,0.47557327151298523,0.1412423700094223
YKL042W,YMR244C-A,0,1.2057018,0.25238096714019775,0.47557327151298523,0.1413424015045166
YHR202W,YGR037C,1,1.2051116,0.25277629494667053,0.4765702784061432,0.1413424015045166
YOR065W,YKR024C,0,1.2048177,0.2526427209377289,0.4765702784061432,0.1414424329996109
YHR030C,YLR194C,0,1.2043613,0.2525092363357544,0.4765702784061432,0.1415424644947052
YFR055W,YHL036W,0,1.204321,0.25237593054771423,0.4765702784061432,0.1416424959897995
YBR132C,YNL054W-B,0,1.2042929,0.2522427439689636,0.4765702784061432,0.1417425274848938
YBR162C,YLR155C,1,1.2037078,0.25263711810112,0.47756728529930115,0.1417425274848938
YDR210W-D,YGR053C,0,1.2036448,0.2525039613246918,0.47756728529930115,0.1418425589799881
YJL105W,YOR037W,0,1.2030541,0.2523709237575531,0.47756728529930115,0.1419425755739212
YNL190W,YOL159C,1,1.203003,0.25276461243629456,0.4785642921924591,0.1419425755739212
YGR101W,YIL064W,0,1.202726,0.2526315748691559,0.4785642921924591,0.1420426070690155
YHL032C,YJL221C,0,1.202167,0.25249868631362915,0.4785642921924591,0.1421426385641098
YLR176C,YNR073C,0,1.2021221,0.25236591696739197,0.4785642921924591,0.1422426700592041
YER172C,YPL248C,0,1.2020242,0.2522333264350891,0.4785642921924591,0.1423427015542984
YPL090C,YLR309C,0,1.2018863,0.2521008551120758,0.4785642921924591,0.1424427330493927
YML032C,YPR158W-B,0,1.2016686,0.25196850299835205,0.4785642921924591,0.142542764544487
YJL127C-A,YOR249C,0,1.2013282,0.25183629989624023,0.4785642921924591,0.1426427960395813
YAL005C,YGR037C,1,1.2011784,0.25222861766815186,0.47956132888793945,0.1426427960395813
YDL239C,YCR041W,0,1.2009417,0.2520964443683624,0.47956132888793945,0.1427428275346756
YGR103W,YHR136C,0,1.2009224,0.25196439027786255,0.47956132888793945,0.1428428590297699
YBR283C,YIL168W,0,1.200539,0.2518324553966522,0.47956132888793945,0.142942875623703
YEL068C,YDR246W,0,1.2004625,0.25170066952705383,0.47956132888793945,0.1430429071187973
YER035W,YDL049C,0,1.2002436,0.2515690326690674,0.47956132888793945,0.1431429386138916
YHR210C,YHR190W,0,1.200209,0.25143754482269287,0.47956132888793945,0.1432429701089859
YHL037C,YDR055W,1,1.2001133,0.2518286406993866,0.4805583357810974,0.1432429701089859
YNL190W,YLR110C,1,1.1999383,0.2522193193435669,0.48155534267425537,0.1432429701089859
YLL042C,YGR295C,0,1.1997871,0.25208768248558044,0.48155534267425537,0.1433430016040802
YJL160C,YJL159W,1,1.1997529,0.25247782468795776,0.48255234956741333,0.1433430016040802
YLR357W,YHR162W,0,1.1997058,0.2523461878299713,0.48255234956741333,0.1434430330991745
YBR236C,YNL155W,0,1.1993176,0.2522146999835968,0.48255234956741333,0.1435430645942688
YML042W,YJL051W,0,1.1992923,0.25208333134651184,0.48255234956741333,0.1436430960893631
YGR121C,YAL026C,0,1.1987702,0.2519521117210388,0.48255234956741333,0.1437431275844574
YEL027W,YLR337W,0,1.1987387,0.25182101130485535,0.48255234956741333,0.1438431590795517
YNL115C,YIL030C,0,1.1987135,0.2516900599002838,0.48255234956741333,0.1439431756734848
YKL062W,YKL151C,0,1.1986797,0.2515592575073242,0.48255234956741333,0.1440432071685791
YGR169C-C,YPL055C,0,1.1986328,0.2514285743236542,0.48255234956741333,0.1441432386636734
YBR233W-A,YGR283C,0,1.1982116,0.25129804015159607,0.48255234956741333,0.1442432701587677
YLR219W,YJR147W,0,1.19777,0.2511676251888275,0.48255234956741333,0.144343301653862
YOR365C,YDL021W,0,1.1977645,0.2510373592376709,0.48255234956741333,0.1444433331489563
YPL162C,YPR052C,0,1.1973444,0.25090721249580383,0.48255234956741333,0.1445433646440506
YOR383C,YBL008W-A,1,1.197282,0.2512953281402588,0.4835493564605713,0.1445433646440506
YKL212W,YGR088W,0,1.196726,0.2511652112007141,0.4835493564605713,0.1446433961391449
YPL264C,YIL020C,0,1.1963347,0.2510351836681366,0.4835493564605713,0.1447434276342392
YIL123W,YOL011W,1,1.1955589,0.2514226734638214,0.48454636335372925,0.1447434276342392
YPL162C,YKL097W-A,0,1.1952192,0.2512926459312439,0.48454636335372925,0.1448434591293335
YBL030C,YOL067C,0,1.1949939,0.2511627972126007,0.48454636335372925,0.1449434757232666
YHL050C,YOL039W,0,1.1946622,0.25103306770324707,0.48454636335372925,0.1450435072183609
YKL222C,YLR178C,0,1.1944214,0.250903457403183,0.48454636335372925,0.1451435387134552
YDR382W,YJL134W,0,1.1943346,0.25077399611473083,0.48454636335372925,0.1452435702085495
YDL153C,YDL122W,0,1.1943002,0.25064465403556824,0.48454636335372925,0.1453436017036438
YOR032C,YER089C,0,1.1941974,0.2505154609680176,0.48454636335372925,0.1454436331987381
YNL112W,YBR003W,0,1.1938655,0.25038638710975647,0.48454636335372925,0.1455436646938324
YOR009W,YGR279C,1,1.1933863,0.2507723867893219,0.4855433702468872,0.1455436646938324
YLR435W,YBR161W,0,1.1929201,0.2506433427333832,0.4855433702468872,0.1456436961889267
YCL021W-A,YNL044W,0,1.1926631,0.250514417886734,0.4855433702468872,0.145743727684021
YKL077W,YMR321C,0,1.1924982,0.2503856122493744,0.4855433702468872,0.1458437591791153
YJL189W,YBR154C,0,1.192353,0.2502569258213043,0.4855433702468872,0.1459437757730484
YOR190W,YPL183W-A,0,1.1923357,0.2501283884048462,0.4855433702468872,0.1460438072681427
YNL012W,YEL060C,1,1.1918269,0.25051334500312805,0.48654037714004517,0.1460438072681427
YPR121W,YKL164C,1,1.1918038,0.2508978843688965,0.4875373840332031,0.1460438072681427
YJL056C,YHL009W-B,0,1.1917224,0.2507692277431488,0.4875373840332031,0.146143838763237
YBR070C,YPL281C,0,1.1916385,0.2506406903266907,0.4875373840332031,0.1462438702583313
YDR144C,YMR215W,1,1.1910158,0.25102460384368896,0.4885343909263611,0.1462438702583313
YDL200C,YDR487C,0,1.1906656,0.25089606642723083,0.4885343909263611,0.1463439017534256
YLR120C,YAL063C,1,1.1898712,0.25127941370010376,0.48953139781951904,0.1463439017534256
YGR109W-B,YDR212W,0,1.1890264,0.251150906085968,0.48953139781951904,0.1464439332485199
YDR046C,YGR277C,0,1.1887972,0.25102248787879944,0.48953139781951904,0.1465439647436142
YNL260C,YBR109C,0,1.1885388,0.2508942186832428,0.48953139781951904,0.1466439962387085
YBL051C,YML045W-A,0,1.1881424,0.2507660984992981,0.48953139781951904,0.1467440277338028
YLR218C,YLR110C,0,1.1880052,0.25063806772232056,0.48953139781951904,0.1468440592288971
YDL183C,YBR275C,0,1.1878654,0.25051021575927734,0.48953139781951904,0.1469440758228302
YMR024W,YML045W-A,0,1.1874999,0.2503824532032013,0.48953139781951904,0.1470441073179245
YPL276W,YMR111C,0,1.1872562,0.2502548396587372,0.48953139781951904,0.1471441388130188
YHL037C,YLR300W,1,1.1865314,0.2506367862224579,0.490528404712677,0.1471441388130188
YDR034C-D,YLR095C,0,1.186282,0.2505091726779938,0.490528404712677,0.1472441703081131
YDR341C,YHR189W,0,1.1862488,0.2503816783428192,0.490528404712677,0.1473442018032074
YCR102C,YOL073C,0,1.1859013,0.2502543330192566,0.490528404712677,0.1474442332983017
YOR292C,YOR172W,0,1.185754,0.2501271069049835,0.490528404712677,0.147544264793396
YHL037C,YKL097W-A,1,1.1857437,0.2505081295967102,0.49152541160583496,0.147544264793396
YOL148C,YHR052W,0,1.1855682,0.25038090348243713,0.49152541160583496,0.1476442962884903
YPL249C-A,YMR131C,0,1.185544,0.2502537965774536,0.49152541160583496,0.1477443277835846
YMR104C,YMR295C,0,1.1853286,0.25012683868408203,0.49152541160583496,0.1478443592786789
YMR067C,YNR072W,0,1.1852502,0.25,0.49152541160583496,0.147944375872612
YDL099W,YDR210C-D,0,1.18524,0.2498732954263687,0.49152541160583496,0.1480444073677063
YJL171C,YDR519W,0,1.1852056,0.24974671006202698,0.49152541160583496,0.1481444388628006
YER166W,YFR055W,0,1.1851927,0.249620258808136,0.49152541160583496,0.1482444703578949
YNL142W,YOL030W,0,1.1849259,0.24949392676353455,0.49152541160583496,0.1483445018529892
YOR162C,YLR446W,0,1.1846291,0.24936772882938385,0.49152541160583496,0.1484445333480835
YAR050W,YKL096W-A,1,1.1845492,0.24974721670150757,0.4925224184989929,0.1484445333480835
YCR020W-B,YCL056C,0,1.1845007,0.24962101876735687,0.4925224184989929,0.1485445648431778
YOL154W,YBR056W,1,1.1842521,0.25,0.49351945519447327,0.1485445648431778
YOL086C,YGR027W-A,0,1.18419,0.2498738020658493,0.49351945519447327,0.1486445963382721
YDL225W,YBR092C,0,1.1839422,0.24974772334098816,0.49351945519447327,0.1487446278333664
YPL254W,YFL018W-A,0,1.1836573,0.24962177872657776,0.49351945519447327,0.1488446593284607
YLR286C,YDR144C,1,1.1833504,0.25,0.4945164620876312,0.1488446593284607
YJL079C,YJL132W,1,1.1825789,0.2503778338432312,0.4955134689807892,0.1488446593284607
YNL202W,YMR046C,0,1.182314,0.25025177001953125,0.4955134689807892,0.148944690823555
YAR044W,YIL121W,0,1.1822945,0.25012582540512085,0.4955134689807892,0.1490447074174881
YBR061C,YOR142W-A,0,1.1822678,0.25,0.4955134689807892,0.1491447389125824
YDR251W,YPL199C,0,1.1815058,0.2498743087053299,0.4955134689807892,0.1492447704076767
YHR021C,YLR445W,0,1.1814958,0.24974873661994934,0.4955134689807892,0.149344801902771
YPL130W,YHR211W,1,1.181212,0.25012555718421936,0.49651047587394714,0.149344801902771
YFR020W,YCL058C,1,1.1811942,0.2505020201206207,0.4975074827671051,0.149344801902771
YPR158C-D,YGL040C,0,1.1811916,0.25037631392478943,0.4975074827671051,0.1494448333978653
YKL096W,YNL236W,0,1.1808304,0.25025075674057007,0.4975074827671051,0.1495448648929596
YEL047C,YBR297W,0,1.1807717,0.25012531876564026,0.4975074827671051,0.1496448963880539
YMR172W,YOR049C,0,1.1805986,0.25,0.4975074827671051,0.1497449278831482
YCR024C,YIL158W,0,1.1805742,0.24987481534481049,0.4975074827671051,0.1498449593782425
YAL038W,YHL007C,0,1.180102,0.24974974989891052,0.4975074827671051,0.1499449908733368
YKR075C,YOL105C,0,1.1800672,0.2496248185634613,0.4975074827671051,0.1500450074672699
YCL037C,YLR309C,0,1.1799271,0.24950000643730164,0.4975074827671051,0.1501450389623642
YNR067C,YIL169C,1,1.1797776,0.24987506866455078,0.49850448966026306,0.1501450389623642
YGR066C,YBL002W,0,1.1793472,0.2497502565383911,0.49850448966026306,0.1502450704574585
YGR169C-C,YGR287C,0,1.1792803,0.249625563621521,0.49850448966026306,0.1503451019525528
YOL110W,YNL322C,0,1.1789876,0.24950100481510162,0.49850448966026306,0.1504451334476471
YPL230W,YHR181W,0,1.1789428,0.2493765652179718,0.49850448966026306,0.1505451649427414
YJL021C,YNR048W,0,1.1786989,0.24925224483013153,0.49850448966026306,0.1506451964378357
YMR006C,YOR247W,1,1.1781627,0.2496263086795807,0.499501496553421,0.1506451964378357
YIL033C,YLL017W,0,1.177892,0.24950198829174042,0.499501496553421,0.15074522793293
YHR021C,YLR390W,0,1.1776787,0.2493778020143509,0.499501496553421,0.1508452594280243
YDR339C,YOR384W,0,1.1773232,0.24925373494625092,0.499501496553421,0.1509452909231186
YNR057C,YDR266C,0,1.177317,0.2491297870874405,0.499501496553421,0.1510453075170517
YCR045C,YBL008W-A,1,1.1770486,0.2495029866695404,0.5004985332489014,0.1510453075170517
YDR371W,YKL163W,1,1.1768782,0.24987581372261047,0.5014955401420593,0.1510453075170517
YLR121C,YHR202W,1,1.1764091,0.2502482533454895,0.5024925470352173,0.1510453075170517
YJR091C,YCR016W,0,1.176117,0.2501240670681,0.5024925470352173,0.151145339012146
YCL054W,YMR133W,0,1.1760329,0.25,0.5024925470352173,0.1512453705072403
YFL061W,YBR017C,0,1.1755798,0.24987605214118958,0.5024925470352173,0.1513454020023346
YKL097W-A,YIL123W,1,1.1752467,0.2502477765083313,0.5034895539283752,0.1513454020023346
YDR034C-D,YDR034C-C,0,1.1746304,0.2501238286495209,0.5034895539283752,0.1514454334974289
YJL132W,YOL146W,0,1.174628,0.25,0.5034895539283752,0.1515454649925232
YDL130W,YOR232W,0,1.1743733,0.24987630546092987,0.5034895539283752,0.1516454964876175
YLR081W,YLL026W,0,1.1742957,0.2497527152299881,0.5034895539283752,0.1517455279827118
YDR055W,YGR189C,1,1.1741656,0.2501235902309418,0.5044865608215332,0.1517455279827118
YNR021W,YOL156W,0,1.1739751,0.25,0.5044865608215332,0.1518455594778061
YHR116W,YLR157C-B,0,1.1737847,0.24987654387950897,0.5044865608215332,0.1519455909729004
YEL027W,YJL160C,0,1.1734176,0.2497532069683075,0.5044865608215332,0.1520456075668335
YOL071W,YNL194C,0,1.173391,0.24962998926639557,0.5044865608215332,0.1521456390619278
YLR157C,YGR061C,0,1.1730155,0.2495069056749344,0.5044865608215332,0.1522456705570221
YDR055W,YLR390W-A,1,1.1727835,0.24987678229808807,0.5054835677146912,0.1522456705570221
YFR030W,YPL096C-A,0,1.1727688,0.2497536987066269,0.5054835677146912,0.1523457020521164
YMR116C,YMR205C,0,1.1722631,0.24963071942329407,0.5054835677146912,0.1524457335472107
YLR391W-A,YLR160C,1,1.1721407,0.25,0.5064805746078491,0.1524457335472107
YLR026C,YBR241C,0,1.1717545,0.24987703561782837,0.5064805746078491,0.152545765042305
YPR112C,YDL183C,0,1.1714554,0.2497541755437851,0.5064805746078491,0.1526457965373993
YDR254W,YJL160C,0,1.1713985,0.24963144958019257,0.5064805746078491,0.1527458280324936
YER105C,YJL127C-A,0,1.1713423,0.2495088428258896,0.5064805746078491,0.1528458595275879
YGL013C,YBR191W,0,1.1711372,0.24938635528087616,0.5064805746078491,0.1529458910226822
YBR125C,YBR092C,0,1.1708648,0.24926398694515228,0.5064805746078491,0.1530459076166153
YDL241W,YPR184W,0,1.1702017,0.24914173781871796,0.5064805746078491,0.1531459391117096
YFL034W,YJL095W,0,1.169861,0.24901960790157318,0.5064805746078491,0.1532459706068039
YMR100W,YLR197W,0,1.169788,0.24889759719371796,0.5064805746078491,0.1533460021018982
YIL162W,YLR300W,1,1.16937,0.24926543235778809,0.5074775815010071,0.1533460021018982
YHR009C,YBL019W,0,1.1692278,0.24914342164993286,0.5074775815010071,0.1534460335969925
YGR216C,YGL194C-A,0,1.1692159,0.2490215301513672,0.5074775815010071,0.1535460650920868
YBR148W,YMR008C,0,1.1691301,0.24889975786209106,0.5074775815010071,0.1536460965871811
YDR077W,YNL322C,1,1.1686131,0.2492668628692627,0.508474588394165,0.1536460965871811
YLR419W,YDL223C,0,1.1683104,0.24914509057998657,0.508474588394165,0.1537461280822754
YLR064W,YPR164W,0,1.1681625,0.2490234375,0.508474588394165,0.1538461595773697
YNL045W,YIL018W,0,1.1680431,0.24890190362930298,0.508474588394165,0.153946191072464
YPL168W,YOL039W,0,1.167952,0.2487804889678955,0.508474588394165,0.1540462076663971
YIL155C,YGL197W,0,1.1676081,0.2486591935157776,0.508474588394165,0.1541462391614914
YDR170W-A,YGR149W,0,1.1674485,0.24853801727294922,0.508474588394165,0.1542462706565857
YPR125W,YPL093W,0,1.1668704,0.2484169453382492,0.508474588394165,0.15434630215168
YDR170W-A,YDR297W,0,1.1666209,0.24829600751399994,0.508474588394165,0.1544463336467743
YJL144W,YMR047C,0,1.1664044,0.24817518889904022,0.508474588394165,0.1545463651418686
YDR277C,YPR027C,0,1.1658579,0.24805447459220886,0.508474588394165,0.1546463966369629
YLR104W,YFL004W,0,1.1655195,0.24793387949466705,0.508474588394165,0.1547464281320572
YGR109W-B,YML058W-A,0,1.1646956,0.247813418507576,0.508474588394165,0.1548464596271515
YJR027W,YDR499W,0,1.1645778,0.24769306182861328,0.508474588394165,0.1549464911222458
YNL132W,YKL124W,0,1.1635841,0.24757280945777893,0.508474588394165,0.1550465077161789
YDR064W,YPR036W-A,0,1.1634263,0.24745269119739532,0.508474588394165,0.1551465392112732
YJR073C,YBR048W,0,1.163262,0.24733269214630127,0.508474588394165,0.1552465707063675
YLR158C,YLR001C,1,1.1632553,0.24769753217697144,0.509471595287323,0.1552465707063675
YKR043C,YGR108W,0,1.1628239,0.2475775182247162,0.509471595287323,0.1553466022014618
YLR060W,YFL043C,0,1.1628062,0.2474576234817505,0.509471595287323,0.1554466336965561
YPL168W,YER137C-A,0,1.162182,0.24733784794807434,0.509471595287323,0.1555466651916504
YNL190W,YJL159W,1,1.162048,0.2477019876241684,0.510468602180481,0.1555466651916504
YJR025C,YMR318C,0,1.1620048,0.24758221209049225,0.510468602180481,0.1556466966867447
YBL004W,YGR161C-D,0,1.1617597,0.24746254086494446,0.510468602180481,0.155746728181839
YNL173C,YIL158W,0,1.161637,0.24734298884868622,0.510468602180481,0.1558467596769333
YKL024C,YEL043W,0,1.1613604,0.24722357094287872,0.510468602180481,0.1559467911720276
YNL156C,YPL087W,0,1.1610159,0.2471042424440384,0.510468602180481,0.1560468077659607
YDR316W-B,YDL089W,0,1.1609585,0.2469850480556488,0.510468602180481,0.156146839261055
YPL249C-A,YCL074W,0,1.1601404,0.24686595797538757,0.510468602180481,0.1562468707561493
YGR038C-A,YDR405W,0,1.1600417,0.2467469871044159,0.510468602180481,0.1563469022512436
YJL004C,YCR075W-A,0,1.1596738,0.24662813544273376,0.510468602180481,0.1564469337463379
YFL051C,YDR387C,0,1.1596256,0.24650938808918,0.510468602180481,0.1565469652414322
YPL090C,YPL016W,0,1.1596241,0.24639075994491577,0.510468602180481,0.1566469967365265
YLR391W,YJR151C,1,1.1596147,0.2467532455921173,0.5114656090736389,0.1566469967365265
YDL146W,YMR316C-A,0,1.1592821,0.2466346174478531,0.5114656090736389,0.1567470282316208
YGR169C-C,YOL031C,0,1.1590344,0.24651609361171722,0.5114656090736389,0.1568470597267151
YHR204W,YMR174C,0,1.1586185,0.2463976889848709,0.5114656090736389,0.1569470912218094
YER074W,YMR267W,0,1.1585839,0.24627940356731415,0.5114656090736389,0.1570471078157425
YHL037C,YIL123W,1,1.1579275,0.24664106965065002,0.5124626159667969,0.1570471078157425
YGR192C,YPL132W,0,1.1576978,0.24652278423309326,0.5124626159667969,0.1571471393108368
YAL005C,YKL097W-A,1,1.1569396,0.24688398838043213,0.5134596228599548,0.1571471393108368
YMR195W,YLR120C,0,1.1568516,0.24676568806171417,0.5134596228599548,0.1572471708059311
YLR391W,YKR102W,1,1.1568145,0.24712643027305603,0.5144566297531128,0.1572471708059311
YPL249C-A,YPL280W,0,1.1563275,0.24700814485549927,0.5144566297531128,0.1573472023010254
YHL024W,YHR204W,0,1.1562567,0.24688994884490967,0.5144566297531128,0.1574472337961197
YGR076C,YER074W-A,0,1.1561109,0.24677187204360962,0.5144566297531128,0.157547265291214
YAR070W-A,YGR252W,0,1.1555667,0.24665391445159912,0.5144566297531128,0.1576472967863083
YHR055C,YDR425W,0,1.1552578,0.24653607606887817,0.5144566297531128,0.1577473282814026
YLL055W,YMR051C,0,1.1550664,0.24641834199428558,0.5144566297531128,0.1578473597764969
YPL087W,YJL130C,0,1.1550254,0.24630071222782135,0.5144566297531128,0.1579473912715912
YKL163W,YJL113W,0,1.154745,0.24618320167064667,0.5144566297531128,0.1580474078655243
YBR283C,YHL012W,0,1.1543547,0.24606581032276154,0.5144566297531128,0.1581474393606186
YJL174W,YBR301W,1,1.1541849,0.24642516672611237,0.5154536366462708,0.1581474393606186
YHR037W,YBR079C,0,1.1537665,0.24630776047706604,0.5154536366462708,0.1582474708557129
YGL258W,YMR247C,0,1.1533756,0.24619047343730927,0.5154536366462708,0.1583475023508072
YDR261C,YKR102W,1,1.1529293,0.24654926359653473,0.5164506435394287,0.1583475023508072
YPR015C,YJR127C,0,1.1529182,0.24643197655677795,0.5164506435394287,0.1584475338459015
YMR035W,YHL037C,0,1.1529151,0.24631479382514954,0.5164506435394287,0.1585475653409958
YOR023C,YKL097W-A,0,1.152731,0.24619771540164948,0.5164506435394287,0.1586475968360901
YBR078W,YOL154W,1,1.1527218,0.24655582010746002,0.5174476504325867,0.1586475968360901
YKR092C,YFL048C,0,1.1523898,0.24643874168395996,0.5174476504325867,0.1587476283311844
YJL196C,YAL040C,0,1.1523587,0.24632178246974945,0.5174476504325867,0.1588476598262787
YGR224W,YBR169C,0,1.1521933,0.2462049275636673,0.5174476504325867,0.15894769132137299
YIL091C,YER151C,0,1.1515287,0.2460881918668747,0.5174476504325867,0.1590477079153061
YML131W,YDL178W,0,1.1513252,0.24597156047821045,0.5174476504325867,0.1591477394104004
YOR389W,YKR102W,1,1.1509778,0.24632875621318817,0.5184446573257446,0.1591477394104004
YGR150C,YNL004W,0,1.1508576,0.24621212482452393,0.5184446573257446,0.1592477709054947
YCR045C,YER011W,1,1.150838,0.24656885862350464,0.5194416642189026,0.1592477709054947
YLR001C,YNL115C,0,1.1506096,0.2464522272348404,0.5194416642189026,0.159347802400589
YHL037C,YDR032C,1,1.1499901,0.2468085139989853,0.5204386711120605,0.159347802400589
YFR042W,YDR034W-B,0,1.1498878,0.24669186770915985,0.5204386711120605,0.1594478338956833
YGL015C,YHR185C,0,1.1495942,0.24657534062862396,0.5204386711120605,0.1595478653907776
YNL245C,YJR026W,0,1.1495212,0.24645891785621643,0.5204386711120605,0.1596478968858719
YJR116W,YDR343C,0,1.1492685,0.24634261429309845,0.5204386711120605,0.1597479283809662
YJL132W,YLR158C,1,1.1491174,0.24669811129570007,0.5214356780052185,0.1597479283809662
YKL173W,YOL053C-A,0,1.1491104,0.2465818077325821,0.5214356780052185,0.15984795987606049
YMR267W,YKL182W,0,1.1489581,0.24646559357643127,0.5214356780052185,0.15994799137115479
YGL220W,YJR105W,0,1.1486714,0.24634949862957,0.5214356780052185,0.1600480079650879
YER181C,YBR074W,0,1.1486545,0.2462335228919983,0.5214356780052185,0.1601480394601822
YGL082W,YDR177W,0,1.1484786,0.24611765146255493,0.5214356780052185,0.1602480709552765
YNL192W,YHL018W,0,1.1479367,0.24600188434123993,0.5214356780052185,0.1603481024503708
YGL194C-A,YPL069C,0,1.147847,0.24588622152805328,0.5214356780052185,0.1604481339454651
YDR025W,YHR046C,0,1.1477144,0.2457706779241562,0.5214356780052185,0.1605481654405594
YFL035C-A,YGR081C,0,1.1473045,0.24565523862838745,0.5214356780052185,0.1606481969356537
YBL028C,YKL060C,0,1.1471939,0.24553990364074707,0.5214356780052185,0.16074822843074799
YIL041W,YPR157W,0,1.1471614,0.24542468786239624,0.5214356780052185,0.16084825992584229
YPR181C,YLL008W,0,1.1471325,0.24530956149101257,0.5214356780052185,0.16094829142093658
YOR214C,YJL107C,0,1.1471273,0.24519455432891846,0.5214356780052185,0.1610483080148697
YDR134C,YJR004C,1,1.1469635,0.24554826319217682,0.5224326848983765,0.1610483080148697
YDR422C,YDR119W-A,0,1.1467997,0.2454332560300827,0.5224326848983765,0.161148339509964
YNL298W,YGR088W,0,1.1467352,0.24531835317611694,0.5224326848983765,0.1612483710050583
YNL248C,YPL089C,0,1.1467036,0.24520355463027954,0.5224326848983765,0.1613484025001526
YNL054W-A,YGR042W,0,1.1465069,0.2450888752937317,0.5224326848983765,0.1614484339952469
YNL064C,YBR271W,0,1.1464323,0.244974285364151,0.5224326848983765,0.1615484654903412
YML030W,YOR237W,0,1.146115,0.24485981464385986,0.5224326848983765,0.16164849698543549
YOR229W,YDR089W,0,1.1457804,0.24474544823169708,0.5224326848983765,0.16174852848052979
YER066W,YDL210W,0,1.1457242,0.24463118612766266,0.5224326848983765,0.16184855997562408
YLR391W,YEL060C,1,1.1447004,0.24498367309570312,0.5234296917915344,0.16184855997562408
YNL149C,YOR262W,0,1.1434745,0.2448693960905075,0.5234296917915344,0.16194859147071838
YGL194C-A,YGL175C,0,1.1434551,0.24475523829460144,0.5234296917915344,0.1620486080646515
YNR041C,YLR151C,0,1.1432881,0.24464119970798492,0.5234296917915344,0.1621486395597458
YDR281C,YCR037C,0,1.1426724,0.24452725052833557,0.5234296917915344,0.1622486710548401
YGR061C,YHR194W,0,1.1423817,0.24441340565681458,0.5234296917915344,0.1623487025499344
YMR085W,YBR269C,0,1.1421722,0.24429967999458313,0.5234296917915344,0.1624487340450287
YOL143C,YDR083W,0,1.1421536,0.24418604373931885,0.5234296917915344,0.16254876554012299
YJR143C,YLR150W,0,1.1417922,0.24407252669334412,0.5234296917915344,0.16264879703521729
YPL060W,YMR099C,0,1.1411167,0.24395911395549774,0.5234296917915344,0.16274882853031158
YJL144W,YLL013C,0,1.1410078,0.24384579062461853,0.5234296917915344,0.16284886002540588
YBR301W,YMR027W,0,1.1409776,0.24373258650302887,0.5234296917915344,0.16294889152050018
YDR034C-D,YKR043C,0,1.1408228,0.24361948668956757,0.5234296917915344,0.1630489081144333
YDL191W,YBR207W,0,1.1405857,0.24350649118423462,0.5234296917915344,0.1631489396095276
YLR325C,YGR150C,0,1.1404804,0.24339359998703003,0.5234296917915344,0.1632489711046219
YLR426W,YGR234W,0,1.1400212,0.2432808130979538,0.5234296917915344,0.1633490025997162
YKL088W,YPR149W,0,1.1398858,0.24316813051700592,0.5234296917915344,0.16344903409481049
YCL060C,YLR193C,0,1.1398803,0.2430555522441864,0.5234296917915344,0.16354906558990479
YKR102W,YKL163W,1,1.1397841,0.24340583384037018,0.5244266986846924,0.16354906558990479
YIL011W,YBR093C,1,1.1395236,0.2437557876110077,0.5254237055778503,0.16354906558990479
YGL258W-A,YDR386W,0,1.139457,0.24364309012889862,0.5254237055778503,0.16364909708499908
YBL071W-A,YIL137C,0,1.1392564,0.2435304969549179,0.5254237055778503,0.16374912858009338
YHR101C,YHL042W,0,1.139034,0.24341800808906555,0.5254237055778503,0.16384916007518768
YLR407W,YEL017C-A,0,1.1387569,0.24330563843250275,0.5254237055778503,0.16394919157028198
YLR333C,YHL044W,0,1.1382056,0.2431933581829071,0.5254237055778503,0.1640492081642151
YBL087C,YCL005W,0,1.1381706,0.24308118224143982,0.5254237055778503,0.1641492396593094
YOR389W,YLR040C,1,1.1379952,0.24343015253543854,0.5264207124710083,0.1641492396593094
YGR109W-A,YJR161C,0,1.1376766,0.24331797659397125,0.5264207124710083,0.1642492711544037
YER087C-A,YDL178W,0,1.1374257,0.24320589005947113,0.5264207124710083,0.16434930264949799
YIL009W,YMR313C,0,1.1370946,0.24309392273426056,0.5264207124710083,0.16444933414459229
YOR283W,YBR216C,0,1.1369933,0.24298205971717834,0.5264207124710083,0.16454936563968658
YLR378C,YKL043W,0,1.1367968,0.2428702861070633,0.5264207124710083,0.16464939713478088
YMR194W,YCL026C-B,0,1.1365858,0.2427586168050766,0.5264207124710083,0.16474942862987518
YKL126W,YGL101W,0,1.1365687,0.24264705181121826,0.5264207124710083,0.16484946012496948
YBR078W,YNR062C,0,1.13648,0.24253560602664948,0.5264207124710083,0.16494949162006378
YNL045W,YKR103W,0,1.1361169,0.24242424964904785,0.5264207124710083,0.1650495082139969
YDR144C,YCR045C,1,1.135991,0.2427719086408615,0.5274177193641663,0.1650495082139969
YGL089C,YDR420W,1,1.1355443,0.2431192696094513,0.5284147262573242,0.1650495082139969
YGL170C,YLR388W,0,1.1353728,0.24300779402256012,0.5284147262573242,0.1651495397090912
YKL212W,YLR367W,0,1.1351179,0.2428964227437973,0.5284147262573242,0.16524957120418549
YPR116W,YDL170W,0,1.1349865,0.24278515577316284,0.5284147262573242,0.16534960269927979
YPR147C,YFL034W,0,1.1347643,0.24267399311065674,0.5284147262573242,0.16544963419437408
YNL335W,YKL191W,0,1.134637,0.242562934756279,0.5284147262573242,0.16554966568946838
YGR038W,YOR390W,0,1.1345549,0.2424519658088684,0.5284147262573242,0.16564969718456268
YNL169C,YLL055W,0,1.1345314,0.24234110116958618,0.5284147262573242,0.16574972867965698
YIL083C,YGR087C,0,1.1343616,0.2422303408384323,0.5284147262573242,0.16584976017475128
YDR245W,YMR271C,0,1.1342429,0.2421196848154068,0.5284147262573242,0.16594979166984558
YLR449W,YOL159C,0,1.134101,0.24200913310050964,0.5284147262573242,0.1660498082637787
YPR132W,YML123C,0,1.1339731,0.24189867079257965,0.5284147262573242,0.16614983975887299
YJL167W,YDR338C,0,1.1336373,0.2417883276939392,0.5284147262573242,0.16624987125396729
YJL145W,YJR120W,0,1.1333661,0.24167807400226593,0.5284147262573242,0.16634990274906158
YKL221W,YDR506C,0,1.1333038,0.24156790971755981,0.5284147262573242,0.16644993424415588
YPR114W,YGL077C,0,1.1331549,0.24145786464214325,0.5284147262573242,0.16654996573925018
YDR077W,YBR196C-A,0,1.1330377,0.24134790897369385,0.5284147262573242,0.16664999723434448
YLR211C,YJR004C,0,1.1330088,0.2412380576133728,0.5284147262573242,0.16675002872943878
YNR074C,YLR054C,0,1.1329364,0.24112829566001892,0.5284147262573242,0.16685006022453308
YJL113W,YGL258W,0,1.1324667,0.2410186380147934,0.5284147262573242,0.16695009171962738
YOL020W,YOR265W,0,1.1324245,0.24090908467769623,0.5284147262573242,0.16705010831356049
YLR040C,YDR253C,0,1.1322342,0.24079963564872742,0.5284147262573242,0.16715013980865479
YLR391W,YGL028C,1,1.13221,0.24114441871643066,0.529411792755127,0.16715013980865479
YAL005C,YJL158C,1,1.131307,0.24148887395858765,0.5304087996482849,0.16715013980865479
YDL102W,YDR185C,0,1.1310495,0.24137930572032928,0.5304087996482849,0.16725017130374908
YDR267C,YDR098C-A,0,1.131009,0.24126984179019928,0.5304087996482849,0.16735020279884338
YER181C,YBR022W,0,1.1306922,0.24116046726703644,0.5304087996482849,0.16745023429393768
YDR034W-B,YDR208W,0,1.1306386,0.24105119705200195,0.5304087996482849,0.16755026578903198
YER110C,YOR339C,0,1.1305453,0.24094203114509583,0.5304087996482849,0.16765029728412628
YJR063W,YOR316C,0,1.1300999,0.24083295464515686,0.5304087996482849,0.16775032877922058
YCR087C-A,YDR040C,0,1.1295992,0.24072398245334625,0.5304087996482849,0.16785036027431488
YBR233W-A,YOR383C,0,1.1289502,0.2406150996685028,0.5304087996482849,0.16795039176940918
YBR222C,YJL144W,0,1.1288639,0.2405063360929489,0.5304087996482849,0.16805040836334229
YCL027C-A,YNR016C,0,1.1287545,0.240397647023201,0.5304087996482849,0.16815043985843658
YHL012W,YML047C,0,1.1282603,0.24028906226158142,0.5304087996482849,0.16825047135353088
YPR120C,YMR268W-A,0,1.1280743,0.2401805818080902,0.5304087996482849,0.16835050284862518
YKR081C,YNL137C,0,1.1272887,0.24007220566272736,0.5304087996482849,0.16845053434371948
YNL012W,YKL097W-A,1,1.1270555,0.24041497707366943,0.5314058065414429,0.16845053434371948
YMR322C,YMR049C,0,1.1269816,0.24030658602714539,0.5314058065414429,0.16855056583881378
YGL050W,YLR445W,0,1.12628,0.2401982843875885,0.5314058065414429,0.16865059733390808
YNL213C,YNL297C,0,1.1262203,0.24009008705615997,0.5314058065414429,0.16875062882900238
YML045W-A,YJL160C,0,1.1258556,0.2399819940328598,0.5314058065414429,0.16885066032409668
YKR080W,YNR067C,0,1.1251191,0.2398739904165268,0.5314058065414429,0.16895069181919098
YPL174C,YOL053C-A,0,1.1250486,0.23976607620716095,0.5314058065414429,0.16905070841312408
YPL187W,YJL078C,1,1.1247796,0.24010790884494781,0.5324028134346008,0.16905070841312408
YER010C,YPR133W-A,0,1.124529,0.23999999463558197,0.5324028134346008,0.16915073990821838
YNL124W,YHL021C,0,1.1244133,0.23989218473434448,0.5324028134346008,0.16925077140331268
YJL117W,YHR199C,0,1.1243304,0.23978446424007416,0.5324028134346008,0.16935080289840698
YPL264C,YGL192W,0,1.1241848,0.239676833152771,0.5324028134346008,0.16945083439350128
YML042W,YGR088W,0,1.1241086,0.2395693063735962,0.5324028134346008,0.16955086588859558
YOL065C,YNL190W,0,1.1239482,0.23946188390254974,0.5324028134346008,0.16965089738368988
YEL054C,YGR054W,0,1.1237357,0.23935455083847046,0.5324028134346008,0.16975092887878418
YGR161W-B,YGR006W,0,1.12368,0.23924730718135834,0.5324028134346008,0.16985096037387848
YGR067C,YFR019W,0,1.1235458,0.23914016783237457,0.5324028134346008,0.16995099186897278
YHR122W,YDR041W,0,1.1231303,0.23903311789035797,0.5324028134346008,0.17005100846290588
YLR067C,YLL023C,0,1.1228828,0.23892617225646973,0.5324028134346008,0.17015103995800018
YBL005W-B,YOL001W,0,1.1225553,0.23881931602954865,0.5324028134346008,0.17025107145309448
YHL039W,YJR025C,0,1.1224582,0.23871256411075592,0.5324028134346008,0.17035110294818878
YNR032W,YNL065W,0,1.1224062,0.23860590159893036,0.5324028134346008,0.17045113444328308
YIR019C,YGR133W,0,1.1220603,0.23849932849407196,0.5324028134346008,0.17055116593837738
YGL046W,YLR348C,0,1.1220288,0.23839285969734192,0.5324028134346008,0.17065119743347168
YHR021C,YKR079C,0,1.1218032,0.23828648030757904,0.5324028134346008,0.17075122892856598
YGR148C,YLL023C,0,1.1217784,0.23818019032478333,0.5324028134346008,0.17085126042366028
YDL078C,YDR171W,0,1.1216146,0.23807400465011597,0.5324028134346008,0.17095129191875458
YPL200W,YDL063C,0,1.1213925,0.23796790838241577,0.5324028134346008,0.17105130851268768
YLR460C,YBR246W,0,1.1212311,0.23786191642284393,0.5324028134346008,0.17115134000778198
YOR068C,YML058W-A,0,1.1203557,0.23775601387023926,0.5324028134346008,0.17125137150287628
YNL045W,YIL107C,0,1.1203402,0.23765020072460175,0.5324028134346008,0.17135140299797058
YCL016C,YML045W-A,0,1.1196018,0.2375444769859314,0.5324028134346008,0.17145143449306488
YGL033W,YLR134W,0,1.1195234,0.2374388575553894,0.5324028134346008,0.17155146598815918
YCL040W,YFR025C,0,1.1192976,0.23733332753181458,0.5324028134346008,0.17165149748325348
YMR194C-B,YGL131C,0,1.1192558,0.2372279018163681,0.5324028134346008,0.17175152897834778
YLR126C,YCL001W,0,1.1190311,0.2371225506067276,0.5324028134346008,0.17185156047344208
YGR250C,YBL035C,0,1.118976,0.23701730370521545,0.5324028134346008,0.17195159196853638
YOL161C,YAL068C,0,1.1187928,0.23691216111183167,0.5324028134346008,0.17205160856246948
YDR021W,YNL322C,0,1.1183492,0.23680709302425385,0.5324028134346008,0.17215164005756378
YAR035W,YIL064W,0,1.117888,0.23670212924480438,0.5324028134346008,0.17225167155265808
YGR148C,YGR054W,0,1.1171278,0.23659725487232208,0.5324028134346008,0.17235170304775238
YBR008C,YLR151C,0,1.116702,0.23649246990680695,0.5324028134346008,0.17245173454284668
YNL300W,YLR160C,1,1.1162146,0.2368304580450058,0.5333998203277588,0.17245173454284668
YKR057W,YPR071W,0,1.116052,0.23672565817832947,0.5333998203277588,0.17255176603794098
YDR410C,YDR122W,0,1.1156864,0.2366209626197815,0.5333998203277588,0.17265179753303528
YKL047W,YDL089W,0,1.1156268,0.23651635646820068,0.5333998203277588,0.17275182902812958
YOR390W,YNL026W,0,1.1156138,0.23641183972358704,0.5333998203277588,0.17285186052322388
YJL030W,YLR300W,0,1.1150596,0.23630742728710175,0.5333998203277588,0.17295189201831818
YBL018C,YDR381C-A,0,1.1142913,0.23620308935642242,0.5333998203277588,0.17305190861225128
YKR093W,YER151C,0,1.114049,0.23609885573387146,0.5333998203277588,0.17315194010734558
YOR003W,YNL066W,1,1.1138572,0.23643581569194794,0.5343968272209167,0.17315194010734558
YGR087C,YDR306C,0,1.1137564,0.23633156716823578,0.5343968272209167,0.17325197160243988
YPL199C,YBR128C,0,1.113532,0.23622740805149078,0.5343968272209167,0.17335200309753418
YJR073C,YFR016C,0,1.1133007,0.23612335324287415,0.5343968272209167,0.17345203459262848
YPL187W,YOR190W,1,1.1127182,0.23645970225334167,0.5353938341140747,0.17345203459262848
YPL191C,YER070W,0,1.1126391,0.23635563254356384,0.5353938341140747,0.17355206608772278
YGL171W,YDR313C,0,1.1126043,0.23625165224075317,0.5353938341140747,0.17365209758281708
YJR078W,YMR067C,0,1.1125993,0.23614776134490967,0.5353938341140747,0.17375212907791138
YKL097W-A,YBL008W-A,1,1.112578,0.23648351430892944,0.5363908410072327,0.17375212907791138
YCL050C,YGR150C,0,1.1125581,0.23637960851192474,0.5363908410072327,0.17385216057300568
YLR227W-A,YDL004W,0,1.1124341,0.2362758070230484,0.5363908410072327,0.17395219206809998
YJR054W,YBR109C,0,1.1123163,0.23617208003997803,0.5363908410072327,0.17405220866203308
YOL056W,YLR341W,0,1.1115475,0.236068457365036,0.5363908410072327,0.17415224015712738
YGL209W,YOR381W,0,1.1114866,0.23596490919589996,0.5363908410072327,0.17425227165222168
YAR050W,YER065C,1,1.1112993,0.23629987239837646,0.5373878479003906,0.17425227165222168
YKR071C,YHR138C,0,1.1111315,0.23619632422924042,0.5373878479003906,0.17435230314731598
YDR134C,YHR143W,1,1.1110348,0.23653088510036469,0.5383848547935486,0.17435230314731598
YJR151C,YBL103C-A,0,1.110519,0.23642732203006744,0.5383848547935486,0.17445233464241028
YDR119W-A,YAL013W,0,1.110505,0.23632384836673737,0.5383848547935486,0.17455236613750458
YHR212W-A,YJR014W,0,1.110407,0.23622047901153564,0.5383848547935486,0.17465239763259888
YNR066C,YLL056C,0,1.1103698,0.2361171841621399,0.5383848547935486,0.17475242912769318
YCR007C,YKR053C,0,1.1102673,0.2360139787197113,0.5383848547935486,0.17485246062278748
YGR287C,YKL025C,0,1.1102475,0.23591087758541107,0.5383848547935486,0.17495249211788177
YCR097WB,YLL067C,0,1.110231,0.235807865858078,0.5383848547935486,0.17505250871181488
YGR279C,YBR093C,1,1.1100802,0.23614142835140228,0.5393818616867065,0.17505250871181488
YLR099W-A,YPL206C,0,1.1100582,0.23603840172290802,0.5393818616867065,0.17515254020690918
YML123C,YOL119C,0,1.1100367,0.23593544960021973,0.5393818616867065,0.17525257170200348
YER035W,YER042W,0,1.1097882,0.2358326017856598,0.5393818616867065,0.17535260319709778
YDL061C,YJL208C,0,1.1097516,0.23572984337806702,0.5393818616867065,0.17545263469219208
YAL038W,YLL066C,0,1.1097075,0.2356271743774414,0.5393818616867065,0.17555266618728638
YLR460C,YPR201W,0,1.1092454,0.23552459478378296,0.5393818616867065,0.17565269768238068
YLR001C,YIL040W,0,1.1089061,0.23542210459709167,0.5393818616867065,0.17575272917747498
YDL199C,YGR131W,0,1.1086453,0.23531970381736755,0.5393818616867065,0.17585276067256927
YIL021W,YCR087C-A,0,1.1082879,0.2352173924446106,0.5393818616867065,0.17595279216766357
YMR186W,YGL194C-A,0,1.107854,0.2351151704788208,0.5393818616867065,0.17605280876159668
YKL047W,YNL135C,0,1.1076237,0.23501303791999817,0.5393818616867065,0.17615284025669098
YDL210W,YPR158C-C,0,1.1073979,0.2349109798669815,0.5393818616867065,0.17625287175178528
YOR219C,YGL030W,0,1.1072575,0.2348090261220932,0.5393818616867065,0.17635290324687958
YBR217W,YJR073C,0,1.1072353,0.23470716178417206,0.5393818616867065,0.17645293474197388
YPL052W-A,YML058W-A,0,1.1070873,0.23460537195205688,0.5393818616867065,0.17655296623706818
YFL034C-A,YPR109W,0,1.1066875,0.23450368642807007,0.5393818616867065,0.17665299773216248
YFR020W,YIR039C,1,1.1063668,0.23483535647392273,0.5403788685798645,0.17665299773216248
YGL121C,YJR004C,0,1.1062855,0.23473365604877472,0.5403788685798645,0.17675302922725677
YOL091W,YGR149W,0,1.1058762,0.23463203012943268,0.5403788685798645,0.17685306072235107
YMR259C,YKL145W,0,1.1057104,0.234530508518219,0.5403788685798645,0.17695309221744537
YOR274W,YPR127W,0,1.1056792,0.23442906141281128,0.5403788685798645,0.17705310881137848
YLR099W-A,YOR079C,0,1.1051236,0.23432771861553192,0.5403788685798645,0.17715314030647278
YPR158C-D,YDR067C,0,1.1049557,0.23422645032405853,0.5403788685798645,0.17725317180156708
YBR058C-A,YKR016W,0,1.1043617,0.2341252714395523,0.5403788685798645,0.17735320329666138
YIL018W,YPR127W,0,1.1043038,0.23402418196201324,0.5403788685798645,0.17745323479175568
YBL091C-A,YOR021C,0,1.1041341,0.23392318189144135,0.5403788685798645,0.17755326628684998
YLR070C,YGL009C,0,1.1039819,0.23382225632667542,0.5403788685798645,0.17765329778194427
YJL113W,YPR048W,0,1.1037581,0.23372143507003784,0.5403788685798645,0.17775332927703857
YCL060C,YHL034C,0,1.1027254,0.23362068831920624,0.5403788685798645,0.17785336077213287
YLR438C-A,YJR149W,0,1.1027071,0.2335200309753418,0.5403788685798645,0.17795339226722717
YDR210W-D,YDR289C,0,1.1026378,0.23341946303844452,0.5403788685798645,0.17805340886116028
YDL061C,YDR096W,0,1.1025344,0.2333189845085144,0.5403788685798645,0.17815344035625458
YJL130C,YNL048W,0,1.1018045,0.23321859538555145,0.5403788685798645,0.17825347185134888
YLR449W,YOL083W,0,1.1017762,0.23311828076839447,0.5403788685798645,0.17835350334644318
YPL150W,YNL301C,0,1.1016071,0.23301805555820465,0.5403788685798645,0.17845353484153748
YOR228C,YBR163W,0,1.1013944,0.232917919754982,0.5403788685798645,0.17855356633663177
YOR190W,YLR001C,1,1.1013535,0.23324742913246155,0.5413758754730225,0.17855356633663177
YDR055W,YJL132W,1,1.10104,0.23357664048671722,0.5423728823661804,0.17855356633663177
YHR210C,YIL107C,0,1.1009228,0.2334764003753662,0.5423728823661804,0.17865359783172607
YLR136C,YPR082C,0,1.1000127,0.23337623476982117,0.5423728823661804,0.17875362932682037
YNL059C,YBL002W,0,1.0999862,0.2332761585712433,0.5423728823661804,0.17885366082191467
YLR121C,YJR004C,1,1.0999421,0.2336048036813736,0.5433698892593384,0.17885366082191467
YER072W,YAL067C,0,1.0997885,0.23350471258163452,0.5433698892593384,0.17895369231700897
YDR339C,YGL194C-A,0,1.0995642,0.2334047108888626,0.5433698892593384,0.17905370891094208
YPL005W,YER070W,0,1.0985283,0.23330479860305786,0.5433698892593384,0.17915374040603638
YDR134C,YGR037C,1,1.0982498,0.2336328625679016,0.5443668961524963,0.17915374040603638
YGR250C,YGL128C,0,1.0977467,0.23353293538093567,0.5443668961524963,0.17925377190113068
YOR155C,YPL196W,0,1.097687,0.2334330976009369,0.5443668961524963,0.17935380339622498
YGR027W-A,YGL055W,0,1.0976089,0.23333333432674408,0.5443668961524963,0.17945383489131927
YPL134C,YLR292C,0,1.0969172,0.23323366045951843,0.5443668961524963,0.17955386638641357
YBR186W,YOL057W,0,1.0965946,0.23313407599925995,0.5443668961524963,0.17965389788150787
YER119C,YJL134W,0,1.0961121,0.23303456604480743,0.5443668961524963,0.17975392937660217
YPL021W,YIL068C,0,1.0960375,0.23293516039848328,0.5443668961524963,0.17985396087169647
YNR044W,YKR013W,1,1.0958742,0.23326225578784943,0.5453639030456543,0.17985396087169647
YLR188W,YPR109W,0,1.0953552,0.23316283524036407,0.5453639030456543,0.17995399236679077
YDR034C-D,YML017W,0,1.0948936,0.2330634891986847,0.5453639030456543,0.18005400896072388
YOR262W,YOR343C-A,0,1.0946668,0.23296421766281128,0.5453639030456543,0.18015404045581818
YPR032W,YNL194C,0,1.0940624,0.23286505043506622,0.5453639030456543,0.18025407195091248
YJL063C,YNR018W,0,1.0936348,0.23276595771312714,0.5453639030456543,0.18035410344600677
YMR272W-B,YOL151W,0,1.0933506,0.2326669543981552,0.5453639030456543,0.18045413494110107
YGL090W,YJR088C,0,1.0932086,0.23256802558898926,0.5453639030456543,0.18055416643619537
YNL236W,YJL142C,0,1.0931091,0.23246918618679047,0.5453639030456543,0.18065419793128967
YGR074W,YPL014W,0,1.0925254,0.23237043619155884,0.5453639030456543,0.18075422942638397
YDR222W,YFL059W,0,1.0919396,0.23227176070213318,0.5453639030456543,0.18085426092147827
YBL101W-A,YIL076W,0,1.091822,0.23217317461967468,0.5453639030456543,0.18095429241657257
YDL065C,YCL045C,0,1.0916713,0.23207467794418335,0.5453639030456543,0.18105430901050568
YKL091C,YBR004C,0,1.0912386,0.23197625577449799,0.5453639030456543,0.18115434050559998
YMR251W-A,YGL053W,0,1.0908911,0.2318779081106186,0.5453639030456543,0.18125437200069427
YML058W-A,YLL009C,0,1.0906363,0.23177966475486755,0.5453639030456543,0.18135440349578857
YCR100C,YHR214W-G,0,1.0905914,0.23168149590492249,0.5453639030456543,0.18145443499088287
YNL196C,YKL119C,0,1.090305,0.2315834015607834,0.5453639030456543,0.18155446648597717
YGR191W,YNL009W,0,1.0896106,0.23148539662361145,0.5453639030456543,0.18165449798107147
YDR365W-B,YBR204C,0,1.0893506,0.23138748109340668,0.5453639030456543,0.18175452947616577
YDR224C,YPL087W,0,1.0887957,0.23128964006900787,0.5453639030456543,0.18185456097126007
YDR371W,YKR042W,1,1.0886201,0.23161454498767853,0.5463609099388123,0.18185456097126007
YPR158C-C,YLR173W,0,1.0886151,0.23151668906211853,0.5463609099388123,0.18195459246635437
YGR016W,YDR322W,0,1.0884824,0.2314189225435257,0.5463609099388123,0.18205460906028748
YBL028C,YDL143W,0,1.0880281,0.23132123053073883,0.5463609099388123,0.18215464055538177
YDR011W,YJL158C,0,1.0878161,0.23122362792491913,0.5463609099388123,0.18225467205047607
YDR055W,YDR210W-B,0,1.0875524,0.2311260998249054,0.5463609099388123,0.18235470354557037
YDR524C-B,YGL135W,0,1.0871929,0.23102866113185883,0.5463609099388123,0.18245473504066467
YOR262W,YIL072W,0,1.0869759,0.23093131184577942,0.5463609099388123,0.18255476653575897
YFL035C-A,YDR123C,0,1.0866965,0.23083403706550598,0.5463609099388123,0.18265479803085327
YDR065W,YCR041W,0,1.086642,0.2307368367910385,0.5463609099388123,0.18275482952594757
YNR021W,YOR317W,0,1.0864031,0.2306397259235382,0.5463609099388123,0.18285486102104187
YBR031W,YNL078W,0,1.0860535,0.23054270446300507,0.5463609099388123,0.18295489251613617
YIR037W,YDR261C-C,0,1.086013,0.2304457575082779,0.5463609099388123,0.18305490911006927
YER087C-A,YLR246W,0,1.0857241,0.2303488850593567,0.5463609099388123,0.18315494060516357
YFL057C,YBL005W-A,0,1.085308,0.23025210201740265,0.5463609099388123,0.18325497210025787
YAR050W,YCL047C,0,1.0851036,0.23015539348125458,0.5463609099388123,0.18335500359535217
YDR374W-A,YDR398W,0,1.0850849,0.23005877435207367,0.5463609099388123,0.18345503509044647
YOL143C,YJL222W,0,1.084613,0.22996222972869873,0.5463609099388123,0.18355506658554077
YHL009W-A,YNR016C,0,1.08461,0.22986577451229095,0.5463609099388123,0.18365509808063507
YNL151C,YER141W,0,1.0831736,0.22976939380168915,0.5463609099388123,0.18375512957572937
YKR075C,YPL160W,0,1.0831386,0.2296730875968933,0.5463609099388123,0.18385516107082367
YIL002C,YMR295C,0,1.0828533,0.22957687079906464,0.5463609099388123,0.18395519256591797
YEL017C-A,YHR199C-A,0,1.0827318,0.22948074340820312,0.5463609099388123,0.18405520915985107
YOR365C,YAL056W,0,1.0826851,0.2293846756219864,0.5463609099388123,0.18415524065494537
YNL260C,YGR121C,0,1.0825422,0.22928869724273682,0.5463609099388123,0.18425527215003967
YKL103C,YNL301C,0,1.0825404,0.2291928082704544,0.5463609099388123,0.18435530364513397
YNL142W,YCR101C,0,1.0822726,0.22909699380397797,0.5463609099388123,0.18445533514022827
YBL051C,YMR046C,0,1.082194,0.2290012538433075,0.5463609099388123,0.18455536663532257
YMR287C,YPL191C,0,1.0820884,0.2289056032896042,0.5463609099388123,0.18465539813041687
YCR053W,YPR158C-C,0,1.081815,0.22881002724170685,0.5463609099388123,0.18475542962551117
YDR500C,YCL045C,0,1.0817951,0.22871452569961548,0.5463609099388123,0.18485546112060547
YOR003W,YJL160C,1,1.0817891,0.22903630137443542,0.5473579168319702,0.18485546112060547
YNL255C,YBL042C,0,1.0816792,0.22894078493118286,0.5473579168319702,0.18495549261569977
YPL167C,YGR161W-B,0,1.0816495,0.22884535789489746,0.5473579168319702,0.18505550920963287
YDL180W,YLR154W-A,0,1.0808107,0.22875000536441803,0.5473579168319702,0.18515554070472717
YDR170W-A,YCR092C,0,1.0807396,0.22865472733974457,0.5473579168319702,0.18525557219982147
YAR031W,YJR027W,0,1.0805793,0.22855953872203827,0.5473579168319702,0.18535560369491577
YLR227W-A,YFL039C,0,1.0804061,0.22846442461013794,0.5473579168319702,0.18545563519001007
YOR019W,YLR216C,0,1.0803581,0.22836938500404358,0.5473579168319702,0.18555566668510437
YDR039C,YKL013C,0,1.0797607,0.22827443480491638,0.5473579168319702,0.18565569818019867
YKR097W,YMR313C,0,1.0794605,0.22817954421043396,0.5473579168319702,0.18575572967529297
YIR019C,YKL097W-A,1,1.0793447,0.22850020229816437,0.5483549237251282,0.18575572967529297
YMR315W,YPR109W,0,1.0791355,0.22840531170368195,0.5483549237251282,0.18585576117038727
YOR065W,YMR318C,0,1.0791181,0.2283104956150055,0.5483549237251282,0.18595579266548157
YCR089W,YDR261C,1,1.0790701,0.22863070666790009,0.5493519306182861,0.18595579266548157
YGL076C,YNL327W,0,1.0789143,0.22853587567806244,0.5493519306182861,0.18605582416057587
YER048W-A,YOR020W-A,0,1.0788316,0.22844113409519196,0.5493519306182861,0.18615584075450897
YGR161C-D,YML058W,0,1.0779454,0.22834645211696625,0.5493519306182861,0.18625587224960327
YMR054W,YIL089W,0,1.0774251,0.2282518595457077,0.5493519306182861,0.18635590374469757
YLR286C,YIR039C,1,1.0772246,0.22857142984867096,0.5503489375114441,0.18635590374469757
YNL159C,YAR044W,0,1.0760114,0.22847682237625122,0.5503489375114441,0.18645593523979187
YPR187W,YPR158C-C,0,1.075451,0.22838228940963745,0.5503489375114441,0.18655596673488617
YFL044C,YJL107C,0,1.07543,0.22828784584999084,0.5503489375114441,0.18665599822998047
YOR389W,YJR153W,1,1.0752149,0.22860686480998993,0.551345944404602,0.18665599822998047
YIL158W,YER015W,0,1.0751498,0.22851239144802094,0.551345944404602,0.18675602972507477
YML004C,YBL101W-A,0,1.0751256,0.2284180074930191,0.551345944404602,0.18685606122016907
YPL079W,YFL034W,0,1.0748721,0.22832369804382324,0.551345944404602,0.18695609271526337
YAL060W,YMR068W,0,1.0745972,0.22822946310043335,0.551345944404602,0.18705612421035767
YJL044C,YBR242W,0,1.0745262,0.22813531756401062,0.551345944404602,0.18715614080429077
YDL209C,YER091C,0,1.0743564,0.22804123163223267,0.551345944404602,0.18725617229938507
YLR286C,YJR151C,1,1.074174,0.22835944592952728,0.55234295129776,0.18725617229938507
YOR283W,YDR519W,0,1.0741265,0.22826534509658813,0.55234295129776,0.18735620379447937
YNL019C,YOR085W,0,1.0741127,0.22817133367061615,0.55234295129776,0.18745623528957367
YBL101W-B,YER051W,0,1.0740567,0.22807739675045013,0.55234295129776,0.18755626678466797
YAL003W,YMR215W,0,1.0738956,0.2279835343360901,0.55234295129776,0.18765629827976227
YGL212W,YCR024C-A,0,1.0737582,0.2278897613286972,0.55234295129776,0.18775632977485657
YCR045C,YJL174W,1,1.0736768,0.22820723056793213,0.553339958190918,0.18775632977485657
YGR145W,YKL105C,0,1.0736481,0.22811344265937805,0.553339958190918,0.18785636126995087
YLR154W-C,YDR284C,0,1.073519,0.22801971435546875,0.553339958190918,0.18795639276504517
YKR003W,YLL023C,0,1.0732224,0.2279260754585266,0.553339958190918,0.18805642426013947
YGR222W,YNL146W,0,1.0731493,0.22783251106739044,0.553339958190918,0.18815644085407257
YGR294W,YOR267C,0,1.0731486,0.22773902118206024,0.553339958190918,0.18825647234916687
YPR175W,YBR126W-A,0,1.0724581,0.227645605802536,0.553339958190918,0.18835650384426117
YNL097C,YPR187W,0,1.0723603,0.22755227982997894,0.553339958190918,0.18845653533935547
YDL161W,YCL026C-A,0,1.0723425,0.22745901346206665,0.553339958190918,0.18855656683444977
YFL010W-A,YNL061W,0,1.0721377,0.22736583650112152,0.553339958190918,0.18865659832954407
YMR006C,YLR120C,1,1.0721124,0.2276822328567505,0.5543369650840759,0.18865659832954407
YHR021C,YOR077W,0,1.0720989,0.22758902609348297,0.5543369650840759,0.18875662982463837
YGR066C,YOL114C,0,1.071895,0.22749590873718262,0.5543369650840759,0.18885666131973267
YFL052W,YDL087C,0,1.0715737,0.22740286588668823,0.5543369650840759,0.18895669281482697
YMR099C,YHR075C,0,1.071494,0.22730989754199982,0.5543369650840759,0.18905672430992126
YER052C,YLR392C,0,1.0714664,0.22721700370311737,0.5543369650840759,0.18915674090385437
YGR161W-A,YDL101C,0,1.0713652,0.2271241843700409,0.5543369650840759,0.18925677239894867
YKL033W-A,YOR115C,0,1.0712018,0.22703143954277039,0.5543369650840759,0.18935680389404297
YDR077W,YNL160W,1,1.0706422,0.22734694182872772,0.5553339719772339,0.18935680389404297
YJL021C,YMR194C-B,0,1.0703903,0.22725418210029602,0.5553339719772339,0.18945683538913727
YLR154C,YDR402C,0,1.070311,0.2271614968776703,0.5553339719772339,0.18955686688423157
YGR271C-A,YEL077C,0,1.0702606,0.22706890106201172,0.5553339719772339,0.18965689837932587
YDR077W,YNR032W,0,1.0702282,0.22697636485099792,0.5553339719772339,0.18975692987442017
YNR021W,YPR011C,0,1.0701605,0.2268839031457901,0.5553339719772339,0.18985696136951447
YGR177C,YDR343C,0,1.0699133,0.22679153084754944,0.5553339719772339,0.18995699286460876
YOL159C,YNL160W,1,1.0698024,0.2271062284708023,0.5563309788703918,0.18995699286460876
YDR233C,YKL081W,0,1.0696622,0.22701382637023926,0.5563309788703918,0.19005702435970306
YGL090W,YJL172W,0,1.0696244,0.22692151367664337,0.5563309788703918,0.19015704095363617
YBR012W-B,YKL130C,0,1.0688378,0.22682927548885345,0.5563309788703918,0.19025707244873047
YIR014W,YGL233W,0,1.0687803,0.2267370969057083,0.5563309788703918,0.19035710394382477
YNL185C,YGL148W,0,1.0686218,0.22664500772953033,0.5563309788703918,0.19045713543891907
YML019W,YNL054W-B,0,1.0685552,0.22655297815799713,0.5563309788703918,0.19055716693401337
YPL098C,YNL054W-B,0,1.0685099,0.2264610379934311,0.5563309788703918,0.19065719842910767
YDR453C,YJR125C,0,1.0685092,0.22636917233467102,0.5563309788703918,0.19075722992420197
YBR200W-A,YIR015W,0,1.0683814,0.22627736628055573,0.5563309788703918,0.19085726141929626
YOL048C,YEL077C,0,1.0679829,0.2261856496334076,0.5563309788703918,0.19095729291439056
YFR020W,YGR037C,1,1.0675551,0.22649918496608734,0.5573280453681946,0.19095729291439056
YPL148C,YGL076C,0,1.0674412,0.22640745341777802,0.5573280453681946,0.19105732440948486
YHR187W,YMR318C,0,1.0673649,0.22631579637527466,0.5573280453681946,0.19115734100341797
YOR110W,YNR016C,0,1.0670457,0.22622419893741608,0.5573280453681946,0.19125737249851227
YDR353W,YER061C,0,1.0669523,0.22613269090652466,0.5573280453681946,0.19135740399360657
YBR200W-A,YIL015W,1,1.0668317,0.22644561529159546,0.5583250522613525,0.19135740399360657
YBR175W,YHR097C,0,1.0665592,0.22635407745838165,0.5583250522613525,0.19145743548870087
YFL044C,YLR348C,0,1.0663593,0.226262629032135,0.5583250522613525,0.19155746698379517
YBR271W,YER112W,0,1.0663041,0.22617124021053314,0.5583250522613525,0.19165749847888947
YOR010C,YKL157W,1,1.0661808,0.22648364305496216,0.5593220591545105,0.19165749847888947
YJR117W,YGL104C,0,1.0660938,0.2263922542333603,0.5593220591545105,0.19175752997398376
YNR060W,YHR077C,0,1.0660696,0.2263009250164032,0.5593220591545105,0.19185756146907806
YHL024W,YAL008W,0,1.0654705,0.22620967030525208,0.5593220591545105,0.19195759296417236
YIL162W,YJL106W,0,1.0654253,0.22611850500106812,0.5593220591545105,0.19205762445926666
YOR193W,YGL205W,0,1.0654181,0.22602739930152893,0.5593220591545105,0.19215764105319977
YNL110C,YER142C,0,1.0651811,0.22593636810779572,0.5593220591545105,0.19225767254829407
YBL085W,YOL039W,0,1.0647881,0.22584541141986847,0.5593220591545105,0.19235770404338837
YMR079W,YHR199C,0,1.0647184,0.2257545292377472,0.5593220591545105,0.19245773553848267
YJR112W-A,YAR018C,0,1.064655,0.22566372156143188,0.5593220591545105,0.19255776703357697
YLR120C,YOL011W,1,1.0644268,0.22597506642341614,0.5603190660476685,0.19255776703357697
YIL159W,YOL058W,0,1.0639887,0.22588424384593964,0.5603190660476685,0.19265779852867126
YLR407W,YNL167C,0,1.0635415,0.2257934957742691,0.5603190660476685,0.19275783002376556
YPL135W,YMR145C,0,1.0628688,0.22570280730724335,0.5603190660476685,0.19285786151885986
YHR178W,YLL017W,0,1.0626553,0.22561220824718475,0.5603190660476685,0.19295789301395416
YLL024C,YBR056W,1,1.062653,0.22592295706272125,0.5613160729408264,0.19295789301395416
YLR343W,YAL053W,0,1.0614213,0.22583232820034027,0.5613160729408264,0.19305792450904846
YLR391W-A,YJR150C,1,1.0608324,0.2261427491903305,0.5623130798339844,0.19305792450904846
YPR116W,YKL146W,0,1.0608155,0.22605210542678833,0.5623130798339844,0.19315794110298157
YJR091C,YOR301W,0,1.0605415,0.22596153616905212,0.5623130798339844,0.19325797259807587
YOR274W,YML045W-A,0,1.060537,0.2258710414171219,0.5623130798339844,0.19335800409317017
YOR010C,YNL066W,1,1.0604175,0.22618094086647034,0.5633100867271423,0.19335800409317017
YDR020C,YCL044C,0,1.0601279,0.2260904312133789,0.5633100867271423,0.19345803558826447
YCL021W-A,YAL026C,0,1.0601128,0.22599999606609344,0.5633100867271423,0.19355806708335876
YNL117W,YGR262C,0,1.0596843,0.22590963542461395,0.5633100867271423,0.19365809857845306
YOL155C,YPL130W,1,1.0593411,0.2262190282344818,0.5643070936203003,0.19365809857845306
YDL067C,YOR301W,0,1.0585215,0.22612865269184113,0.5643070936203003,0.19375813007354736
YML131W,YGR078C,0,1.0584987,0.22603833675384521,0.5643070936203003,0.19385816156864166
YPL094C,YDR307W,0,1.0584866,0.22594811022281647,0.5643070936203003,0.19395819306373596
YMR267W,YDR034W-B,0,1.0581609,0.2258579432964325,0.5643070936203003,0.19405822455883026
YGR262C,YGR148C,0,1.0578405,0.2257678508758545,0.5643070936203003,0.19415824115276337
YKL097W-A,YIL015W,1,1.0577149,0.22607655823230743,0.5653041005134583,0.19415824115276337
YOR032C,YIL169C,0,1.0575365,0.22598645091056824,0.5653041005134583,0.19425827264785767
YDR014W-A,YBR061C,0,1.0574878,0.225896418094635,0.5653041005134583,0.19435830414295197
YGL204C,YIR030C,0,1.057421,0.22580644488334656,0.5653041005134583,0.19445833563804626
YLR391W,YBR093C,1,1.057289,0.2261146456003189,0.5663011074066162,0.19445833563804626
YOR003W,YCR045C,1,1.0571707,0.22642260789871216,0.5672981142997742,0.19445833563804626
YBR111W-A,YFR012W,0,1.0561477,0.22633253037929535,0.5672981142997742,0.19455836713314056
YMR256C,YDR418W,0,1.0560746,0.2262425422668457,0.5672981142997742,0.19465839862823486
YKL033W-A,YDR545W,0,1.05603,0.22615262866020203,0.5672981142997742,0.19475843012332916
YMR060C,YJL114W,0,1.0560217,0.22606277465820312,0.5672981142997742,0.19485846161842346
YKR100C,YGR121C,0,1.0558425,0.2259729951620102,0.5672981142997742,0.19495849311351776
YMR246W,YDR085C,0,1.0551368,0.22588329017162323,0.5672981142997742,0.19505852460861206
YOL155C,YOR202W,0,1.0546154,0.22579364478588104,0.5672981142997742,0.19515854120254517
YCL040W,YMR313C,0,1.0546049,0.22570408880710602,0.5672981142997742,0.19525857269763947
YJL189W,YNL206C,0,1.0542785,0.22561459243297577,0.5672981142997742,0.19535860419273376
YDR371W,YBR067C,1,1.0542293,0.22592152655124664,0.5682951211929321,0.19535860419273376
YPR055W,YLR372W,0,1.0540746,0.2258320152759552,0.5682951211929321,0.19545863568782806
YJR100C,YDR040C,0,1.0539402,0.22574257850646973,0.5682951211929321,0.19555866718292236
YBR107C,YNR067C,0,1.0538849,0.22565320134162903,0.5682951211929321,0.19565869867801666
YNL213C,YOR369C,0,1.0535637,0.2255639135837555,0.5682951211929321,0.19575873017311096
YKL091C,YGR121C,0,1.053373,0.22547468543052673,0.5682951211929321,0.19585876166820526
YGL200C,YHR199C,0,1.0531882,0.22538553178310394,0.5682951211929321,0.19595879316329956
YBR269C,YLR057W,0,1.0531199,0.22529643774032593,0.5682951211929321,0.19605882465839386
YDR233C,YLR135W,0,1.0529886,0.22520743310451508,0.5682951211929321,0.19615884125232697
YER129W,YFL040W,0,1.0522707,0.225118488073349,0.5682951211929321,0.19625887274742126
YML066C,YLR362W,0,1.0518297,0.2250296026468277,0.5682951211929321,0.19635890424251556
YBR016W,YDR372C,0,1.0516808,0.22494080662727356,0.5682951211929321,0.19645893573760986
YLL007C,YNL137C,0,1.0516378,0.2248520702123642,0.5682951211929321,0.19655896723270416
YPR005C,YLR385C,0,1.0515988,0.2247634083032608,0.5682951211929321,0.19665899872779846
YPR137C-B,YNL225C,0,1.05149,0.22467480599880219,0.5682951211929321,0.19675903022289276
YLR401C,YER074W-A,0,1.0514145,0.22458629310131073,0.5682951211929321,0.19685906171798706
YLR391W-A,YER011W,1,1.0513943,0.22489169239997864,0.5692921280860901,0.19685906171798706
YOR104W,YLR287C,0,1.0512414,0.2248031497001648,0.5692921280860901,0.19695909321308136
YPL138C,YJL113W,0,1.0511652,0.22471468150615692,0.5692921280860901,0.19705912470817566
YMR099C,YLR182W,0,1.0510129,0.22462627291679382,0.5692921280860901,0.19715914130210876
YGR189C,YIL011W,1,1.0503275,0.22493118047714233,0.570289134979248,0.19715914130210876
YPL188W,YLR432W,0,1.0501133,0.22484277188777924,0.570289134979248,0.19725917279720306
YHR072W,YOR369C,0,1.050095,0.2247544229030609,0.570289134979248,0.19735920429229736
YKL184W,YBR072W,0,1.0497522,0.22466614842414856,0.570289134979248,0.19745923578739166
YDL188C,YNL210W,0,1.0493221,0.22457793354988098,0.570289134979248,0.19755926728248596
YHR211W,YJL158C,1,1.0493157,0.22488225996494293,0.571286141872406,0.19755926728248596
YKL096W-A,YCL058C,1,1.0492439,0.22518634796142578,0.572283148765564,0.19755926728248596
YLR439W,YCR055C,0,1.0490502,0.22509804368019104,0.572283148765564,0.19765929877758026
YDR148C,YBR171W,0,1.04879,0.22500979900360107,0.572283148765564,0.19775933027267456
YDR034C-C,YDL153C,0,1.0487381,0.22492162883281708,0.572283148765564,0.19785936176776886
YJR032W,YGR250C,0,1.0485679,0.22483353316783905,0.572283148765564,0.19795939326286316
YER071C,YNL227C,0,1.0477034,0.2247454971075058,0.572283148765564,0.19805942475795746
YPR114W,YDR423C,0,1.0471388,0.22465753555297852,0.572283148765564,0.19815944135189056
YMR291W,YDR257C,0,1.04671,0.224569633603096,0.572283148765564,0.19825947284698486
YBR231C,YHR021C,0,1.0462761,0.22448182106018066,0.572283148765564,0.19835950434207916
YOR214C,YAL011W,0,1.0460908,0.2243940532207489,0.572283148765564,0.19845953583717346
YHL046C,YDR188W,0,1.0459951,0.2243063747882843,0.572283148765564,0.19855956733226776
YDR379C-A,YLR404W,0,1.0458369,0.22421875596046448,0.572283148765564,0.19865959882736206
YLR091W,YOL069W,0,1.0458213,0.22413119673728943,0.572283148765564,0.19875963032245636
YLR048W,YLR336C,0,1.0456842,0.22404371201992035,0.572283148765564,0.19885966181755066
YOR034C,YOL022C,0,1.0454012,0.22395630180835724,0.572283148765564,0.19895969331264496
YJL206C,YCR032W,0,1.0451987,0.2238689512014389,0.572283148765564,0.19905972480773926
YNL136W,YDR524C-B,0,1.0451173,0.22378167510032654,0.572283148765564,0.19915974140167236
YPL014W,YHR041C,0,1.0447165,0.22369447350502014,0.572283148765564,0.19925977289676666
YDL075W,YNL312W,0,1.0445575,0.22360731661319733,0.572283148765564,0.19935980439186096
YHR210C,YKL089W,0,1.0443462,0.22352024912834167,0.572283148765564,0.19945983588695526
YFL035C-A,YOR377W,0,1.0442592,0.2234332412481308,0.572283148765564,0.19955986738204956
YNL077W,YNL149C,0,1.0434512,0.2233463078737259,0.572283148765564,0.19965989887714386
YKL156W,YPR065W,0,1.0431879,0.22325943410396576,0.572283148765564,0.19975993037223816
YCR055C,YDR503C,0,1.0429736,0.2231726348400116,0.572283148765564,0.19985996186733246
YGL077C,YBR168W,0,1.0422589,0.2230858951807022,0.572283148765564,0.19995999336242676
YGR282C,YGL187C,0,1.0418602,0.2229992300271988,0.572283148765564,0.20006002485752106
YLR121C,YBR301W,1,1.0417466,0.223300963640213,0.5732801556587219,0.20006002485752106
YCR045C,YOR382W,1,1.041308,0.22360248863697052,0.5742771625518799,0.20006002485752106
YER161C,YPL158C,0,1.04128,0.22351571917533875,0.5742771625518799,0.20016004145145416
YHR142W,YDL045W-A,0,1.041127,0.22342900931835175,0.5742771625518799,0.20026007294654846
YJR006W,YIL102C-A,0,1.0406985,0.22334237396717072,0.5742771625518799,0.20036010444164276
YOL082W,YLR134W,0,1.0399398,0.22325581312179565,0.5742771625518799,0.20046013593673706
YPL187W,YBR093C,1,1.0399063,0.2235567569732666,0.5752741694450378,0.20046013593673706
YOR306C,YJL127C-B,0,1.03958,0.22347018122673035,0.5752741694450378,0.20056016743183136
YDR531W,YGR250C,0,1.0395089,0.22338366508483887,0.5752741694450378,0.20066019892692566
YHR132C,YKR013W,1,1.0394895,0.22368420660495758,0.5762711763381958,0.20066019892692566
YPL190C,YJR120W,0,1.0393114,0.2235976755619049,0.5762711763381958,0.20076023042201996
YER153C,YLR390W-A,0,1.0390273,0.2235112190246582,0.5762711763381958,0.20086026191711426
YLR414C,YBR030W,0,1.0387331,0.22342482209205627,0.5762711763381958,0.20096029341220856
YGL082W,YDR477W,0,1.0387038,0.22333848476409912,0.5762711763381958,0.20106032490730286
YOL161C,YDR099W,0,1.0384368,0.22325222194194794,0.5762711763381958,0.20116034150123596
YCR029C-A,YNL137C,0,1.03839,0.22316601872444153,0.5762711763381958,0.20126037299633026
YBR101C,YOR001W,0,1.0381285,0.2230798900127411,0.5762711763381958,0.20136040449142456
YPL198W,YDL180W,0,1.0380045,0.22299382090568542,0.5762711763381958,0.20146043598651886
YPL021W,YNL320W,0,1.0379473,0.22290782630443573,0.5762711763381958,0.20156046748161316
YGR241C,YHL009W-B,0,1.0375903,0.2228218913078308,0.5762711763381958,0.20166049897670746
YAL038W,YDR030C,0,1.0374018,0.22273603081703186,0.5762711763381958,0.20176053047180176
YJR143C,YPR090W,0,1.037371,0.22265022993087769,0.5762711763381958,0.20186056196689606
YNL294C,YPL059W,0,1.0369828,0.22256450355052948,0.5762711763381958,0.20196059346199036
YPL192C,YDL230W,0,1.0368489,0.22247883677482605,0.5762711763381958,0.20206062495708466
YBR274W,YOR388C,0,1.0366207,0.2223932296037674,0.5762711763381958,0.20216064155101776
YHR128W,YIL115C,0,1.0365069,0.2223076969385147,0.5762711763381958,0.20226067304611206
YDL121C,YPL270W,0,1.0363444,0.2222222238779068,0.5762711763381958,0.20236070454120636
YNL066W,YBR093C,1,1.03612,0.22252114117145538,0.5772681832313538,0.20236070454120636
YLR043C,YPR151C,0,1.0357739,0.22243565320968628,0.5772681832313538,0.20246073603630066
YGR292W,YMR148W,0,1.0356725,0.22235022485256195,0.5772681832313538,0.20256076753139496
YPL076W,YPL013C,0,1.035404,0.2222648710012436,0.5772681832313538,0.20266079902648926
YDL161W,YGL162W,0,1.0353719,0.2221795916557312,0.5772681832313538,0.20276083052158356
YBR096W,YIL124W,0,1.0353094,0.2220943570137024,0.5772681832313538,0.20286086201667786
YLL048C,YIL102C-A,0,1.0352167,0.22200919687747955,0.5772681832313538,0.20296089351177216
YHR014W,YGL229C,0,1.035066,0.22192411124706268,0.5772681832313538,0.20306092500686646
YJL113W,YLR383W,0,1.0346318,0.2218390852212906,0.5772681832313538,0.20316094160079956
YIL170W,YBR015C,0,1.0343786,0.22175411880016327,0.5772681832313538,0.20326097309589386
YDR371W,YLR037C,1,1.0338475,0.22205206751823425,0.5782651901245117,0.20326097309589386
YNL019C,YDR320C-A,0,1.0336511,0.22196708619594574,0.5782651901245117,0.20336100459098816
YFL011W-A,YPL082C,0,1.0333656,0.2218821793794632,0.5782651901245117,0.20346103608608246
YFL006W,YNR073C,0,1.0325506,0.22179731726646423,0.5782651901245117,0.20356106758117676
YDR098C,YNR073C,0,1.0321817,0.22171254456043243,0.5782651901245117,0.20366109907627106
YJL059W,YGR161W-A,0,1.031547,0.22162781655788422,0.5782651901245117,0.20376113057136536
YJR092W,YCR075W-A,0,1.0311021,0.22154316306114197,0.5782651901245117,0.20386116206645966
YGL254W,YJR028W,0,1.0303699,0.2214585691690445,0.5782651901245117,0.20396119356155396
YOL159C,YLR042C,1,1.0301789,0.2217557281255722,0.5792621970176697,0.20396119356155396
YAR035W,YKL061W,0,1.0296749,0.22167111933231354,0.5792621970176697,0.20406122505664825
YBR191W,YBL103C-A,0,1.0296713,0.22158657014369965,0.5792621970176697,0.20416124165058136
YLR391W-A,YER065C,1,1.0296215,0.22188334167003632,0.5802592039108276,0.20416124165058136
YER025W,YIL168W,0,1.0296153,0.22179877758026123,0.5802592039108276,0.20426127314567566
YMR096W,YOL087C,0,1.0296084,0.22171428799629211,0.5802592039108276,0.20436130464076996
YCR007C,YOL159C,0,1.0295098,0.22162985801696777,0.5802592039108276,0.20446133613586426
YGR227W,YOR071C,0,1.0294311,0.2215454876422882,0.5802592039108276,0.20456136763095856
YMR084W,YDL014W,0,1.0288535,0.2214611917734146,0.5802592039108276,0.20466139912605286
YJR153W,YBR093C,1,1.0282391,0.22175732254981995,0.5812562108039856,0.20466139912605286
YMR276W,YPL255W,0,1.0282391,0.22167299687862396,0.5812562108039856,0.20476143062114716
YLR308W,YLR172C,0,1.0274838,0.22158874571323395,0.5812562108039856,0.20486146211624146
YDL245C,YDR097C,0,1.0274466,0.2215045541524887,0.5812562108039856,0.20496149361133575
YKL061W,YLR253W,0,1.0272341,0.22142043709754944,0.5812562108039856,0.20506152510643005
YDR387C,YLR174W,0,1.0271356,0.22133636474609375,0.5812562108039856,0.20516154170036316
YBR169C,YCL055W,0,1.0270543,0.22125236690044403,0.5812562108039856,0.20526157319545746
YJL087C,YIL009W,0,1.0266417,0.22116844356060028,0.5812562108039856,0.20536160469055176
YCR055C,YDR354W,0,1.0265208,0.2210845649242401,0.5812562108039856,0.20546163618564606
YDL076C,YOR134W,0,1.0264474,0.2210007607936859,0.5812562108039856,0.20556166768074036
YNL012W,YKR102W,1,1.0264304,0.22129595279693604,0.5822532176971436,0.20556166768074036
YOR214C,YJL078C,1,1.0262448,0.22159090638160706,0.5832502245903015,0.20556166768074036
YIR019C,YHR143W,1,1.0261003,0.22188565135002136,0.5842472314834595,0.20556166768074036
YMR033W,YNR073C,0,1.0260291,0.22180166840553284,0.5842472314834595,0.20566169917583466
YGR169C-C,YOR260W,0,1.0259448,0.2217177450656891,0.5842472314834595,0.20576173067092896
YOR337W,YDR316W-B,0,1.025819,0.2216338813304901,0.5842472314834595,0.20586176216602325
YHR141C,YMR227C,0,1.025792,0.2215500921010971,0.5842472314834595,0.20596179366111755
YKL221W,YFL028C,0,1.0254115,0.22146636247634888,0.5842472314834595,0.20606182515621185
YPR112C,YOR167C,0,1.0252957,0.22138269245624542,0.5842472314834595,0.20616184175014496
YCR058C,YDR315C,0,1.0252215,0.22129909694194794,0.5842472314834595,0.20626187324523926
YPR137C-A,YDR002W,0,1.0250472,0.22121554613113403,0.5842472314834595,0.20636190474033356
YML106W,YBL005W-A,0,1.0249336,0.2211320698261261,0.5842472314834595,0.20646193623542786
YBR271W,YNL327W,0,1.0248648,0.22104866802692413,0.5842472314834595,0.20656196773052216
YMR099C,YDL105W,0,1.0246476,0.22096531093120575,0.5842472314834595,0.20666199922561646
YDL201W,YER156C,0,1.0246391,0.22088201344013214,0.5842472314834595,0.20676203072071075
YBR033W,YIL013C,0,1.0246115,0.2207987904548645,0.5842472314834595,0.20686206221580505
YAR050W,YIL162W,1,1.0237176,0.22109228372573853,0.5852442383766174,0.20686206221580505
YJL172W,YLR179C,0,1.0235769,0.2210090309381485,0.5852442383766174,0.20696209371089935
YCR097WB,YDL081C,0,1.0233182,0.22092585265636444,0.5852442383766174,0.20706212520599365
YAR044W,YAL017W,0,1.0227262,0.22084273397922516,0.5852442383766174,0.20716214179992676
YPL236C,YGR040W,0,1.0223591,0.22075968980789185,0.5852442383766174,0.20726217329502106
YJL037W,YPR122W,0,1.022207,0.22067669034004211,0.5852442383766174,0.20736220479011536
YLL040C,YKL104C,0,1.0221637,0.22059376537799835,0.5852442383766174,0.20746223628520966
YPL236C,YAL056W,0,1.02202,0.22051090002059937,0.5852442383766174,0.20756226778030396
YNL300W,YIL162W,1,1.0217544,0.22080360352993011,0.5862413048744202,0.20756226778030396
YAL038W,YKL198C,0,1.0217081,0.22072072327136993,0.5862413048744202,0.20766229927539825
YPR181C,YDR083W,0,1.0214931,0.22063790261745453,0.5862413048744202,0.20776233077049255
YHR210C,YOL132W,0,1.0210847,0.2205551415681839,0.5862413048744202,0.20786236226558685
YKL124W,YFL011W,0,1.0210446,0.22047244012355804,0.5862413048744202,0.20796239376068115
YIL159W,YPL052W-A,0,1.0206081,0.22038979828357697,0.5862413048744202,0.20806242525577545
YPR147C,YPL075W,0,1.0199097,0.22030723094940186,0.5862413048744202,0.20816244184970856
YKL045W,YOL152W,0,1.0197304,0.22022472321987152,0.5862413048744202,0.20826247334480286
YOR003W,YIL162W,1,1.0196081,0.22051666676998138,0.5872383117675781,0.20826247334480286
YDR317W,YFL060C,0,1.019395,0.22043412923812866,0.5872383117675781,0.20836250483989716
YOR338W,YOR003W,0,1.0191575,0.2203516662120819,0.5872383117675781,0.20846253633499146
YDR034C-D,YHR199C,0,1.0188292,0.22026926279067993,0.5872383117675781,0.20856256783008575
YKR095W-A,YMR010W,0,1.0187308,0.22018691897392273,0.5872383117675781,0.20866259932518005
YPR116W,YAL028W,0,1.0186478,0.2201046347618103,0.5872383117675781,0.20876263082027435
YKL065W-A,YHR197W,0,1.018102,0.22002241015434265,0.5872383117675781,0.20886266231536865
YIL022W,YBR246W,0,1.017537,0.21994026005268097,0.5872383117675781,0.20896269381046295
YPL187W,YIL011W,1,1.0172008,0.22023142874240875,0.5882353186607361,0.20896269381046295
YMR219W,YDR044W,0,1.0171876,0.22014924883842468,0.5882353186607361,0.20906272530555725
YPL264C,YBR068C,0,1.0160275,0.22006714344024658,0.5882353186607361,0.20916274189949036
YMR194W,YPR071W,0,1.0160084,0.21998508274555206,0.5882353186607361,0.20926277339458466
YOL120C,YDR381C-A,0,1.0158497,0.2199030965566635,0.5882353186607361,0.20936280488967896
YDR365W-B,YJL082W,0,1.0157958,0.21982115507125854,0.5882353186607361,0.20946283638477325
YLL029W,YPL276W,0,1.0151395,0.21973928809165955,0.5882353186607361,0.20956286787986755
YPL022W,YMR104C,0,1.0151008,0.21965748071670532,0.5882353186607361,0.20966289937496185
YNR074C,YDR378C,0,1.0150317,0.21957573294639587,0.5882353186607361,0.20976293087005615
YMR044W,YHR143W,0,1.0144314,0.2194940447807312,0.5882353186607361,0.20986296236515045
YBL054W,YMR265C,0,1.0142012,0.2194124162197113,0.5882353186607361,0.20996299386024475
YNL136W,YDR098C-A,0,1.0140074,0.21933086216449738,0.5882353186607361,0.21006302535533905
YLL005C,YHR214W-G,0,1.0139093,0.21924935281276703,0.5882353186607361,0.21016304194927216
YDL049C,YJR150C,1,1.0138533,0.21953937411308289,0.589232325553894,0.21016304194927216
YDR167W,YNR040W,0,1.0134001,0.21945784986019135,0.589232325553894,0.21026307344436646
YGL203C,YLR179C,0,1.0127897,0.21937638521194458,0.589232325553894,0.21036310493946075
YFR028C,YKL096W-A,0,1.0126755,0.21929499506950378,0.589232325553894,0.21046313643455505
YBR269C,YLR414C,0,1.0126401,0.21921364963054657,0.589232325553894,0.21056316792964935
YML127W,YLR264W,0,1.0126017,0.21913236379623413,0.589232325553894,0.21066319942474365
YJL163C,YBR278W,0,1.0126008,0.21905115246772766,0.589232325553894,0.21076323091983795
YMR027W,YJR078W,0,1.0124918,0.21896998584270477,0.589232325553894,0.21086326241493225
YLR099W-A,YNR001C,0,1.0123621,0.21888889372348785,0.589232325553894,0.21096329391002655
YPR137C-A,YLR154W-A,0,1.0120496,0.21880784630775452,0.589232325553894,0.21106332540512085
YGR087C,YOR174W,0,1.0114878,0.21872687339782715,0.589232325553894,0.21116334199905396
YMR085W,YNL243W,0,1.0114387,0.21864594519138336,0.589232325553894,0.21126337349414825
YOR190W,YLR042C,1,1.0112262,0.21893490850925446,0.590229332447052,0.21126337349414825
YGL071W,YML026C,0,1.0110725,0.21885398030281067,0.590229332447052,0.21136340498924255
YPR098C,YHR126C,0,1.0107738,0.21877309679985046,0.590229332447052,0.21146343648433685
YML133C,YDR518W,0,1.0104117,0.21869227290153503,0.590229332447052,0.21156346797943115
YLR200W,YGR279C,0,1.0103016,0.21861152350902557,0.590229332447052,0.21166349947452545
YPL060C-A,YLR259C,0,1.0099987,0.2185308188199997,0.590229332447052,0.21176353096961975
YGR027C,YHL035C,0,1.0099145,0.21845018863677979,0.590229332447052,0.21186356246471405
YDR098C-A,YMR303C,0,1.0098971,0.21836960315704346,0.590229332447052,0.21196359395980835
YLR126C,YLR289W,0,1.0098764,0.2182890921831131,0.590229332447052,0.21206362545490265
YNL054W-B,YOR270C,0,1.0096484,0.21820862591266632,0.590229332447052,0.21216364204883575
YIL089W,YBR073W,0,1.0095482,0.21812821924686432,0.590229332447052,0.21226367354393005
YJL097W,YEL065W,0,1.0094199,0.2180478870868683,0.590229332447052,0.21236370503902435
YOL161C,YHR193C,0,1.0092363,0.21796759963035583,0.590229332447052,0.21246373653411865
YOL159C,YKL157W,1,1.0087372,0.2182554304599762,0.59122633934021,0.21246373653411865
YDR314C,YOL097C,0,1.0086725,0.21817512810230255,0.59122633934021,0.21256376802921295
YDL017W,YLR158C,0,1.0085627,0.21809488534927368,0.59122633934021,0.21266379952430725
YKR094C,YLR391W,0,1.0085458,0.2180147022008896,0.59122633934021,0.21276383101940155
YOR095C,YPL264C,0,1.0083922,0.21793457865715027,0.59122633934021,0.21286386251449585
YLL061W,YNR039C,0,1.0083717,0.21785451471805573,0.59122633934021,0.21296389400959015
YGR084C,YGL135W,0,1.0082346,0.21777451038360596,0.59122633934021,0.21306392550468445
YFL035C-A,YOR307C,0,1.0082208,0.21769456565380096,0.59122633934021,0.21316394209861755
YEL048C,YJR151C,0,1.0080497,0.21761468052864075,0.59122633934021,0.21326397359371185
YGR169C-C,YLR413W,0,1.0079663,0.2175348550081253,0.59122633934021,0.21336400508880615
YGR174C,YMR074C,0,1.007804,0.21745507419109344,0.59122633934021,0.21346403658390045
YOR382W,YLR037C,1,1.0072808,0.2177419364452362,0.5922233462333679,0.21346403658390045
YHR079C-B,YHR181W,0,1.0071219,0.21766214072704315,0.5922233462333679,0.21356406807899475
YOR335C,YMR122W-A,0,1.0070623,0.21758241951465607,0.5922233462333679,0.21366409957408905
YPL257W-A,YNL229C,0,1.0068623,0.21750274300575256,0.5922233462333679,0.21376413106918335
YBL080C,YKL065W-A,0,1.0068141,0.21742312610149384,0.5922233462333679,0.21386416256427765
YLR345W,YNL217W,0,1.0067931,0.21734358370304108,0.5922233462333679,0.21396419405937195
YNL115C,YIR012W,0,1.0067576,0.2172640860080719,0.5922233462333679,0.21406422555446625
YFR012W,YDL107W,0,1.006733,0.2171846479177475,0.5922233462333679,0.21416424214839935
YNL045W,YNL125C,0,1.0067306,0.21710526943206787,0.5922233462333679,0.21426427364349365
YOR374W,YOR267C,0,1.0066605,0.21702593564987183,0.5922233462333679,0.21436430513858795
YMR077C,YOR283W,0,1.0064331,0.21694667637348175,0.5922233462333679,0.21446433663368225
YLR037C,YJL160C,1,1.0060748,0.2172325700521469,0.5932203531265259,0.21446433663368225
YLR341W,YLR249W,0,1.0060118,0.21715328097343445,0.5932203531265259,0.21456436812877655
YAR071W,YBR067C,1,1.0055032,0.21743889153003693,0.5942173600196838,0.21456436812877655
YLR042C,YBR056W,1,1.0054976,0.2177242934703827,0.5952143669128418,0.21456436812877655
YGL258W,YKL138C,0,1.005473,0.21764491498470306,0.5952143669128418,0.21466439962387085
YLR407W,YDL052C,0,1.0053638,0.2175655961036682,0.5952143669128418,0.21476443111896515
YNL279W,YIL154C,0,1.0050515,0.21748633682727814,0.5952143669128418,0.21486446261405945
YBR162C,YJR151C,1,1.0048379,0.21777130663394928,0.5962113738059998,0.21486446261405945
YAR010C,YJL155C,0,1.0047055,0.217692032456398,0.5962113738059998,0.21496449410915375
YBR172C,YPR157W,0,1.0045542,0.21761280298233032,0.5962113738059998,0.21506452560424805
YIL165C,YAL012W,0,1.004553,0.2175336480140686,0.5962113738059998,0.21516454219818115
YER190W,YMR319C,0,1.0043395,0.21745455265045166,0.5962113738059998,0.21526457369327545
YHR008C,YGR203W,0,1.0040559,0.2173755019903183,0.5962113738059998,0.21536460518836975
YIL117C,YEL013W,0,1.0038708,0.2172965109348297,0.5962113738059998,0.21546463668346405
YNL327W,YDR134C,1,1.0034649,0.21758082509040833,0.5972083806991577,0.21546463668346405
YER042W,YPL250C,0,1.00317,0.21750181913375854,0.5972083806991577,0.21556466817855835
YER011W,YBR078W,1,1.002904,0.21778585016727448,0.5982053875923157,0.21556466817855835
YJL219W,YDR210W-B,0,1.0025625,0.2177068144083023,0.5982053875923157,0.21566469967365265
YDR367W,YER179W,0,1.0025177,0.2176278531551361,0.5982053875923157,0.21576473116874695
YGL230C,YML110C,0,1.0021187,0.21754895150661469,0.5982053875923157,0.21586476266384125
YNL242W,YHR214W,0,1.0019661,0.21747009456157684,0.5982053875923157,0.21596479415893555
YJL021C,YDL243C,0,1.0019504,0.21739129722118378,0.5982053875923157,0.21606482565402985
YDL179W,YDR341C,0,1.0019406,0.21731257438659668,0.5982053875923157,0.21616484224796295
YGR027W-A,YGR063C,0,1.0018977,0.21723388135433197,0.5982053875923157,0.21626487374305725
YEL031W,YPL052W-A,0,1.0018457,0.21715526282787323,0.5982053875923157,0.21636490523815155
YPR008W,YOR283W,0,1.0018071,0.21707670390605927,0.5982053875923157,0.21646493673324585
YJL127C-A,YDL126C,0,1.0017892,0.21699818968772888,0.5982053875923157,0.21656496822834015
YPL079W,YGR152C,0,1.001696,0.21691973507404327,0.5982053875923157,0.21666499972343445
YOL155C,YDR032C,1,1.0016671,0.21720275282859802,0.5992023944854736,0.21666499972343445
YMR242C,YIR008C,0,1.0013522,0.21712428331375122,0.5992023944854736,0.21676503121852875
YLR023C,YHR194W,0,1.0013095,0.217045858502388,0.5992023944854736,0.21686506271362305
YBR065C,YDR146C,0,1.0013009,0.21696750819683075,0.5992023944854736,0.21696509420871735
YEL040W,YHR057C,1,1.0004662,0.21725009381771088,0.6001994013786316,0.21696509420871735
YPL027W,YML006C,0,1.0000569,0.21717171370983124,0.6001994013786316,0.21706512570381165
YOR009W,YIR030C,0,0.9999825,0.21709339320659637,0.6001994013786316,0.21716514229774475
YPL275W,YHR167W,0,0.9998363,0.21701514720916748,0.6001994013786316,0.21726517379283905
YDR385W,YPL087W,0,0.99968493,0.21693693101406097,0.6001994013786316,0.21736520528793335
YNL240C,YOR343C-A,0,0.99967766,0.21685878932476044,0.6001994013786316,0.21746523678302765
YIR041W,YKL039W,0,0.99964035,0.21678069233894348,0.6001994013786316,0.21756526827812195
YKL054C,YJL130C,0,0.99955165,0.2167026698589325,0.6001994013786316,0.21766529977321625
YNL192W,YIL156W-B,0,0.9994106,0.2166246920824051,0.6001994013786316,0.21776533126831055
YBR054W,YDR307W,0,0.9989828,0.21654675900936127,0.6001994013786316,0.21786536276340485
YGR203W,YDR519W,0,0.99857724,0.2164689004421234,0.6001994013786316,0.21796539425849915
YBR231C,YDR233C,0,0.99823534,0.21639108657836914,0.6001994013786316,0.21806542575359344
YML019W,YDR524C-B,0,0.9981731,0.21631333231925964,0.6001994013786316,0.21816544234752655
YML123C,YHR214C-C,0,0.9980962,0.21623563766479492,0.6001994013786316,0.21826547384262085
YCR052W,YDR009W,0,0.9980751,0.21615798771381378,0.6001994013786316,0.21836550533771515
YPR113W,YNL225C,0,0.99769056,0.21608039736747742,0.6001994013786316,0.21846553683280945
YGR178C,YIL082W-A,0,0.9973093,0.21600286662578583,0.6001994013786316,0.21856556832790375
YDL200C,YCR015C,0,0.9964892,0.215925395488739,0.6001994013786316,0.21866559982299805
YBR115C,YBL108C-A,0,0.9964161,0.21584796905517578,0.6001994013786316,0.21876563131809235
YBR269C,YPR170W-B,0,0.9961922,0.21577060222625732,0.6001994013786316,0.21886566281318665
YOR356W,YJR026W,0,0.9960933,0.21569329500198364,0.6001994013786316,0.21896569430828094
YAR042W,YGR067C,0,0.9956668,0.21561604738235474,0.6001994013786316,0.21906572580337524
YOR209C,YLL026W,0,0.99562097,0.2155388444662094,0.6001994013786316,0.21916574239730835
YLR332W,YJR161C,0,0.99559045,0.21546170115470886,0.6001994013786316,0.21926577389240265
YBL034C,YDL229W,0,0.99551624,0.2153846174478531,0.6001994013786316,0.21936580538749695
YGR251W,YJL052W,0,0.9954977,0.2153075784444809,0.6001994013786316,0.21946583688259125
YIL109C,YER154W,0,0.99539614,0.21523059904575348,0.6001994013786316,0.21956586837768555
YLR063W,YDR116C,0,0.99527574,0.21515367925167084,0.6001994013786316,0.21966589987277985
YPR048W,YCL005W-A,0,0.99523616,0.21507681906223297,0.6001994013786316,0.21976593136787415
YHR092C,YPR105C,0,0.9950123,0.2150000035762787,0.6001994013786316,0.21986596286296844
YDR251W,YBR295W,0,0.9946903,0.21492324769496918,0.6001994013786316,0.21996599435806274
YLR408C,YDL065C,0,0.99468035,0.21484653651714325,0.6001994013786316,0.22006602585315704
YJR117W,YJL164C,0,0.9944565,0.2147698849439621,0.6001994013786316,0.22016604244709015
YDL052C,YCR083W,0,0.9942057,0.21469329297542572,0.6001994013786316,0.22026607394218445
YGL095C,YDR261W-A,0,0.99406004,0.21461676061153412,0.6001994013786316,0.22036610543727875
YDR319C,YMR111C,0,0.9938462,0.2145402729511261,0.6001994013786316,0.22046613693237305
YER164W,YBR233W-A,0,0.9937648,0.21446384489536285,0.6001994013786316,0.22056616842746735
YNR021W,YPL215W,0,0.99374247,0.2143874615430832,0.6001994013786316,0.22066619992256165
YGL009C,YHR175W,0,0.993515,0.2143111377954483,0.6001994013786316,0.22076623141765594
YPL282C,YLR143W,0,0.99345094,0.2142348736524582,0.6001994013786316,0.22086626291275024
YFR020W,YLR037C,1,0.9934143,0.21451440453529358,0.6011964082717896,0.22086626291275024
YJR026W,YNR018W,0,0.99339193,0.21443812549114227,0.6011964082717896,0.22096629440784454
YFR020W,YEL060C,1,0.9928211,0.21471738815307617,0.6021934151649475,0.22096629440784454
YJL037W,YPL066W,0,0.99193895,0.21464107930660248,0.6021934151649475,0.22106632590293884
YBR196C-A,YOR088W,0,0.9917467,0.21456483006477356,0.6021934151649475,0.22116634249687195
YMR008C,YJR150C,1,0.9910533,0.21484375,0.6031904220581055,0.22116634249687195
YMR085W,YAL003W,0,0.9909359,0.2147674858570099,0.6031904220581055,0.22126637399196625
YLR172C,YLR337W,0,0.99081236,0.21469126641750336,0.6031904220581055,0.22136640548706055
YKR039W,YJL168C,0,0.99075,0.2146151065826416,0.6031904220581055,0.22146643698215485
YAR050W,YLR120C,1,0.98975646,0.2148936241865158,0.6041874289512634,0.22146643698215485
YJL160C,YGR189C,1,0.98941165,0.2151719182729721,0.6051844358444214,0.22146643698215485
YHR214C-C,YKL043W,0,0.989174,0.21509568393230438,0.6051844358444214,0.22156646847724915
YBR012W-B,YPL075W,0,0.9886659,0.21501947939395905,0.6051844358444214,0.22166649997234344
YER011W,YKL157W,1,0.988655,0.21529744565486908,0.6061814427375793,0.22166649997234344
YNR067C,YJR004C,1,0.9884961,0.2155752182006836,0.6071784496307373,0.22166649997234344
YLR348C,YAR015W,0,0.98845315,0.2154989391565323,0.6071784496307373,0.22176653146743774
YLL067C,YER068W,0,0.98844147,0.21542270481586456,0.6071784496307373,0.22186656296253204
YBR230C,YMR258C,0,0.98820233,0.2153465300798416,0.6071784496307373,0.22196659445762634
YNL318C,YOL083W,0,0.9881523,0.21527041494846344,0.6071784496307373,0.22206662595272064
YMR176W,YPR198W,0,0.9880608,0.21519434452056885,0.6071784496307373,0.22216664254665375
YLR021W,YER055C,0,0.98782456,0.21511833369731903,0.6071784496307373,0.22226667404174805
YPL246C,YLR446W,0,0.98767,0.2150423675775528,0.6071784496307373,0.22236670553684235
YMR247C,YKR103W,0,0.9872821,0.21496646106243134,0.6071784496307373,0.22246673703193665
YIR015W,YLR304C,0,0.9868827,0.21489061415195465,0.6071784496307373,0.22256676852703094
YMR236W,YCL045C,0,0.9867627,0.21481481194496155,0.6071784496307373,0.22266680002212524
YHR055C,YOR179C,0,0.98670644,0.21473906934261322,0.6071784496307373,0.22276683151721954
YJL113W,YOR311C,0,0.98666483,0.21466337144374847,0.6071784496307373,0.22286686301231384
YGR189C,YKR013W,1,0.9858485,0.21494010090827942,0.6081754565238953,0.22286686301231384
YDR282C,YGR201C,0,0.98568726,0.21486438810825348,0.6081754565238953,0.22296689450740814
YIL133C,YML109W,0,0.9856645,0.21478873491287231,0.6081754565238953,0.22306692600250244
YDR210C-D,YLR316C,0,0.9856057,0.21471312642097473,0.6081754565238953,0.22316695749759674
YOR117W,YPR158W-B,0,0.98508227,0.21463757753372192,0.6081754565238953,0.22326697409152985
YNL115C,YJL072C,0,0.9847239,0.2145620882511139,0.6081754565238953,0.22336700558662415
YDR210W-A,YJR159W,0,0.9846696,0.21448664367198944,0.6081754565238953,0.22346703708171844
YOR144C,YJL214W,0,0.984666,0.21441124379634857,0.6081754565238953,0.22356706857681274
YNL187W,YNL176C,0,0.9846412,0.21433590352535248,0.6081754565238953,0.22366710007190704
YAL067C,YOR365C,0,0.984571,0.21426062285900116,0.6081754565238953,0.22376713156700134
YHR009C,YHL021C,0,0.98444045,0.21418538689613342,0.6081754565238953,0.22386716306209564
YER116C,YLR134W,0,0.98440605,0.21411021053791046,0.6081754565238953,0.22396719455718994
YOR096W,YBL018C,0,0.9843662,0.21403509378433228,0.6081754565238953,0.22406722605228424
YHL044W,YBR130C,0,0.9843261,0.21396000683307648,0.6081754565238953,0.22416725754737854
YBL069W,YLR367W,0,0.9836446,0.21388499438762665,0.6081754565238953,0.22426727414131165
YCR087C-A,YBR211C,0,0.98348296,0.2138100266456604,0.6081754565238953,0.22436730563640594
YDL047W,YMR122W-A,0,0.9830785,0.21373510360717773,0.6081754565238953,0.22446733713150024
YCR080W,YNL182C,0,0.98285663,0.21366024017333984,0.6081754565238953,0.22456736862659454
YPL128C,YAL041W,0,0.9826684,0.21358543634414673,0.6081754565238953,0.22466740012168884
YCR100C,YGL169W,0,0.9822168,0.2135106772184372,0.6081754565238953,0.22476743161678314
YLR079W,YNL301C,0,0.98214304,0.21343596279621124,0.6081754565238953,0.22486746311187744
YLR249W,YKL021C,0,0.9818155,0.21336130797863007,0.6081754565238953,0.22496749460697174
YMR284W,YPR036W-A,0,0.9816795,0.21328671276569366,0.6081754565238953,0.22506752610206604
YJL078C,YBR200W-A,1,0.9813713,0.21356169879436493,0.6091724634170532,0.22506752610206604
YBR196C-A,YIL158W,0,0.9809505,0.21348707377910614,0.6091724634170532,0.22516755759716034
YMR024W,YMR101C,0,0.98089683,0.21341250836849213,0.6091724634170532,0.22526757419109344
YDR077W,YPL158C,0,0.9808074,0.2133379876613617,0.6091724634170532,0.22536760568618774
YDR098C-A,YGL105W,0,0.9807553,0.21326352655887604,0.6091724634170532,0.22546763718128204
YML130C,YLL056C,0,0.98051447,0.21318911015987396,0.6091724634170532,0.22556766867637634
YNL145W,YOR190W,1,0.9804394,0.21346354484558105,0.6101694703102112,0.22556766867637634
YPR122W,YOR383C,0,0.9803236,0.21338912844657898,0.6101694703102112,0.22566770017147064
YGR014W,YOR190W,1,0.9800668,0.21366329491138458,0.6111664772033691,0.22566770017147064
YNL054W-A,YKL140W,0,0.9798567,0.21358884871006012,0.6111664772033691,0.22576773166656494
YOR228C,YOR205C,0,0.97981536,0.21351446211338043,0.6111664772033691,0.22586776316165924
YJR141W,YER052C,0,0.97980714,0.21344010531902313,0.6111664772033691,0.22596779465675354
YGR046W,YAL067C,0,0.9796293,0.2133658230304718,0.6111664772033691,0.22606782615184784
YOR003W,YHR143W,1,0.9795604,0.2136395275592804,0.6121634840965271,0.22606782615184784
YDL146W,YLR348C,0,0.97953933,0.21356521546840668,0.6121634840965271,0.22616785764694214
YMR006C,YLR037C,1,0.97910315,0.21383866667747498,0.6131604909896851,0.22616785764694214
YNL242W,YHR193C,0,0.97907424,0.21376433968544006,0.6131604909896851,0.22626787424087524
YLR037C,YJR151C,1,0.9786905,0.21403752267360687,0.614157497882843,0.22626787424087524
YOR267C,YGR108W,0,0.9785594,0.21396318078041077,0.614157497882843,0.22636790573596954
YHR109W,YOR167C,0,0.97855264,0.21388888359069824,0.614157497882843,0.22646793723106384
YAR009C,YLR042C,0,0.9784494,0.2138146460056305,0.614157497882843,0.22656796872615814
YJR098C,YLR165C,0,0.9783783,0.21374045312404633,0.614157497882843,0.22666800022125244
YOL123W,YLR154W-C,0,0.9783513,0.21366631984710693,0.614157497882843,0.22676803171634674
YPL200W,YLR219W,0,0.978077,0.21359223127365112,0.614157497882843,0.22686806321144104
YLR286C,YGR279C,1,0.9780145,0.21386481821537018,0.6151545643806458,0.22686806321144104
YPL096C-A,YMR290C,0,0.9778851,0.21379071474075317,0.6151545643806458,0.22696809470653534
YHR055C,YPL202C,0,0.9773929,0.21371665596961975,0.6151545643806458,0.22706812620162964
YDR233C,YNL260C,0,0.97728825,0.2136426568031311,0.6151545643806458,0.22716815769672394
YOL161C,YML072C,0,0.9772059,0.21356870234012604,0.6151545643806458,0.22726817429065704
YMR122W-A,YOR224C,0,0.97716594,0.21349480748176575,0.6151545643806458,0.22736820578575134
YHL017W,YOR212W,0,0.97701246,0.21342095732688904,0.6151545643806458,0.22746823728084564
YER150W,YKR102W,1,0.9770074,0.21369294822216034,0.6161515712738037,0.22746823728084564
YGR140W,YGR027W-B,0,0.9761381,0.21361908316612244,0.6161515712738037,0.22756826877593994
YLL013C,YPL028W,0,0.97604793,0.21354526281356812,0.6161515712738037,0.22766830027103424
YEL024W,YML050W,0,0.9759186,0.21347150206565857,0.6161515712738037,0.22776833176612854
YKL116C,YBL108C-A,0,0.975428,0.2133977860212326,0.6161515712738037,0.22786836326122284
YML015C,YKL081W,0,0.97536975,0.21332412958145142,0.6161515712738037,0.22796839475631714
YGR161W-B,YKR058W,0,0.9753089,0.2132505178451538,0.6161515712738037,0.22806842625141144
YDR385W,YOR064C,0,0.9751854,0.21317695081233978,0.6161515712738037,0.22816845774650574
YLR308W,YGR122W,0,0.97477484,0.21310344338417053,0.6161515712738037,0.22826847434043884
YDL003W,YGL076C,0,0.9743055,0.21302999556064606,0.6161515712738037,0.22836850583553314
YMR024W,YKR106W,0,0.97382617,0.21295657753944397,0.6161515712738037,0.22846853733062744
YHL035C,YHR199C-A,0,0.9737275,0.21288321912288666,0.6161515712738037,0.22856856882572174
YDL106C,YGL157W,0,0.9734621,0.21280992031097412,0.6161515712738037,0.22866860032081604
YLR406C-A,YML067C,0,0.9734013,0.21273666620254517,0.6161515712738037,0.22876863181591034
YLR121C,YOR247W,1,0.9732656,0.21300756931304932,0.6171485781669617,0.22876863181591034
YMR012W,YNR071C,0,0.9732349,0.21293430030345917,0.6171485781669617,0.22886866331100464
YIL107C,YNR040W,0,0.9732004,0.2128610759973526,0.6171485781669617,0.22896869480609894
YFR020W,YDR324C,0,0.9729352,0.21278789639472961,0.6171485781669617,0.22906872630119324
YHR143W,YFR020W,1,0.9729022,0.21305841207504272,0.6181455850601196,0.22906872630119324
YGR054W,YMR217W,0,0.9726634,0.21298523247241974,0.6181455850601196,0.22916875779628754
YGR103W,YBR241C,0,0.9725578,0.21291208267211914,0.6181455850601196,0.22926877439022064
YLL016W,YNL081C,0,0.9721677,0.21283899247646332,0.6181455850601196,0.22936880588531494
YOR383C,YLR391W-A,1,0.97176933,0.21310913562774658,0.6191425919532776,0.22936880588531494
YOR032C,YNR039C,0,0.97159827,0.21303601562976837,0.6191425919532776,0.22946883738040924
YLR040C,YBR056W,1,0.9715637,0.21330590546131134,0.6201395988464355,0.22946883738040924
YDR014W-A,YFL049W,0,0.9714584,0.21323277056217194,0.6201395988464355,0.22956886887550354
YOL124C,YLL055W,0,0.9712932,0.2131596952676773,0.6201395988464355,0.22966890037059784
YLR278C,YEL061C,0,0.9710077,0.21308667957782745,0.6201395988464355,0.22976893186569214
YDR261C,YFR020W,1,0.97083044,0.2133561670780182,0.6211366057395935,0.22976893186569214
YKL181W,YGL051W,0,0.97077274,0.21328312158584595,0.6211366057395935,0.22986896336078644
YDL177C,YJL190C,0,0.97061825,0.21321013569831848,0.6211366057395935,0.22996899485588074
YOL151W,YGR053C,0,0.97049034,0.2131371945142746,0.6211366057395935,0.23006902635097504
YPR196W,YMR195W,0,0.9704078,0.2130642980337143,0.6211366057395935,0.23016905784606934
YLR051C,YPR157W,0,0.9703227,0.21299144625663757,0.6211366057395935,0.23026907444000244
YDL104C,YNL054W-B,0,0.9701704,0.21291865408420563,0.6211366057395935,0.23036910593509674
YOR228C,YKL060C,0,0.970101,0.21284592151641846,0.6211366057395935,0.23046913743019104
YLR099W-A,YGL060W,0,0.9700562,0.21277321875095367,0.6211366057395935,0.23056916892528534
YDR077W,YNL066W,1,0.9698601,0.2130419909954071,0.6221336126327515,0.23056916892528534
YJL159W,YJL174W,1,0.96948886,0.2133105844259262,0.6231306195259094,0.23056916892528534
YOR131C,YGL060W,0,0.969481,0.21323780715465546,0.6231306195259094,0.23066920042037964
YJL219W,YNL279W,0,0.969448,0.2131650745868683,0.6231306195259094,0.23076923191547394
YOR034C,YOL030W,0,0.9692373,0.2130924016237259,0.6231306195259094,0.23086926341056824
YGR105W,YJL180C,0,0.9686035,0.21301977336406708,0.6231306195259094,0.23096929490566254
YEL032W,YLR061W,0,0.96834296,0.21294718980789185,0.6231306195259094,0.23106932640075684
YOR257W,YLR441C,0,0.9682543,0.2128746658563614,0.6231306195259094,0.23116935789585114
YDR170W-A,YLR154W-A,0,0.9682425,0.21280217170715332,0.6231306195259094,0.23126937448978424
YML110C,YDR369C,0,0.9676819,0.21272975206375122,0.6231306195259094,0.23136940598487854
YOL159C,YKL097W-A,1,0.9676298,0.21299761533737183,0.6241276264190674,0.23136940598487854
YOR003W,YPL187W,1,0.9675498,0.2132652997970581,0.6251246333122253,0.23136940598487854
YDR127W,YLR301W,0,0.96737546,0.21319279074668884,0.6251246333122253,0.23146943747997284
YLR186W,YPL183W-A,0,0.96729666,0.21312032639980316,0.6251246333122253,0.23156946897506714
YLR299W,YIR012W,0,0.9667715,0.21304790675640106,0.6251246333122253,0.23166950047016144
YLR150W,YGL227W,0,0.96621495,0.21297554671764374,0.6251246333122253,0.23176953196525574
YLR406C-A,YPR068C,0,0.9662058,0.21290323138237,0.6251246333122253,0.23186956346035004
YBL039W-B,YMR313C,0,0.96614724,0.21283096075057983,0.6251246333122253,0.23196959495544434
YJL029C,YKL143W,0,0.96609926,0.21275873482227325,0.6251246333122253,0.23206962645053864
YCR020W-B,YMR205C,0,0.96580946,0.21268656849861145,0.6251246333122253,0.23216965794563293
YOR338W,YER151C,0,0.96568453,0.21261444687843323,0.6251246333122253,0.23226967453956604
YAR050W,YDR134C,1,0.96504354,0.21288135647773743,0.6261216402053833,0.23226967453956604
YDR447C,YMR271C,0,0.9649627,0.212809219956398,0.6261216402053833,0.23236970603466034
YOR293W,YHR070W,0,0.96435946,0.21273712813854218,0.6261216402053833,0.23246973752975464
YPL216W,YDR101C,0,0.9643083,0.21266508102416992,0.6261216402053833,0.23256976902484894
YDL199C,YGR201C,0,0.9642515,0.21259309351444244,0.6261216402053833,0.23266980051994324
YBR159W,YMR074C,0,0.9642395,0.21252115070819855,0.6261216402053833,0.23276983201503754
YGR169C-C,YPL084W,0,0.96384853,0.21244925260543823,0.6261216402053833,0.23286986351013184
YDR261W-B,YLR211C,0,0.9637805,0.2123774141073227,0.6261216402053833,0.23296989500522614
YHR138C,YHR052W,0,0.96357334,0.21230560541152954,0.6261216402053833,0.23306992650032043
YJL078C,YBR162C,1,0.9633255,0.21257181465625763,0.6271186470985413,0.23306992650032043
YBR162C,YIL011W,1,0.9628608,0.2128378450870514,0.6281156539916992,0.23306992650032043
YDL075W,YBR009C,0,0.9627962,0.21276596188545227,0.6281156539916992,0.23316995799541473
YOL148C,YHR212W-A,0,0.9620799,0.21269412338733673,0.6281156539916992,0.23326997458934784
YLR408C,YLR103C,0,0.9619936,0.21262234449386597,0.6281156539916992,0.23337000608444214
YLR391W,YDL049C,1,0.9618975,0.2128879874944687,0.6291126608848572,0.23337000608444214
YOR019W,YMR306W,0,0.96151674,0.21281619369983673,0.6291126608848572,0.23347003757953644
YGL079W,YDL184C,0,0.9614606,0.21274442970752716,0.6291126608848572,0.23357006907463074
YML121W,YCL001W-A,0,0.96137184,0.21267274022102356,0.6291126608848572,0.23367010056972504
YHL022C,YGL038C,0,0.9604506,0.21260108053684235,0.6291126608848572,0.23377013206481934
YHL037C,YEL040W,1,0.9601153,0.21286629140377045,0.6301096677780151,0.23377013206481934
YNR044W,YLL024C,1,0.9599839,0.21313130855560303,0.6311066746711731,0.23377013206481934
YGR279C,YLR040C,1,0.9599746,0.21339616179466248,0.632103681564331,0.23377013206481934
YDR282C,YFL006W,0,0.9593969,0.21332436800003052,0.632103681564331,0.23387016355991364
YGR161W-A,YPR144C,0,0.9593654,0.21325260400772095,0.632103681564331,0.23397019505500793
YDR056C,YFR007W,0,0.959098,0.21318089962005615,0.632103681564331,0.23407022655010223
YPR004C,YLR446W,0,0.9590409,0.21310923993587494,0.632103681564331,0.23417025804519653
YNL284C-B,YHR141C,0,0.95877737,0.2130376398563385,0.632103681564331,0.23427027463912964
YGR175C,YER038C,0,0.9585912,0.21296606957912445,0.632103681564331,0.23437030613422394
YMR312W,YMR230W,0,0.95855176,0.21289455890655518,0.632103681564331,0.23447033762931824
YLR324W,YMR268W-A,0,0.9584195,0.21282309293746948,0.632103681564331,0.23457036912441254
YCR101C,YLL038C,0,0.9583321,0.21275167167186737,0.632103681564331,0.23467040061950684
YNL160W,YLR001C,1,0.95818794,0.21301576495170593,0.633100688457489,0.23467040061950684
YCR055C,YAL031C,0,0.9581864,0.21294432878494263,0.633100688457489,0.23477043211460114
YMR100W,YBR233W-A,0,0.9579531,0.2128729522228241,0.633100688457489,0.23487046360969543
YBR213W,YBR223C,0,0.95780826,0.21280160546302795,0.633100688457489,0.23497049510478973
YOR163W,YPL052W-A,0,0.9577912,0.2127303183078766,0.633100688457489,0.23507052659988403
YJL144W,YGR169C,0,0.9576569,0.2126590758562088,0.633100688457489,0.23517055809497833
YIL167W,YLR027C,0,0.9574511,0.2125878781080246,0.633100688457489,0.23527057468891144
YMR035W,YLR154W-A,0,0.95735216,0.21251673996448517,0.633100688457489,0.23537060618400574
YKL163W,YGL213C,0,0.95727086,0.21244563162326813,0.633100688457489,0.23547063767910004
YDR311W,YMR295C,0,0.9572151,0.21237458288669586,0.633100688457489,0.23557066917419434
YHR206W,YDR034W-B,0,0.9564347,0.21230357885360718,0.633100688457489,0.23567070066928864
YJL078C,YLR147C,0,0.95612985,0.21223261952400208,0.633100688457489,0.23577073216438293
YGR216C,YOL053C-A,0,0.95584697,0.21216170489788055,0.633100688457489,0.23587076365947723
YLR301W,YDR001C,0,0.95580184,0.2120908498764038,0.633100688457489,0.23597079515457153
YMR079W,YPL084W,0,0.9555997,0.21202003955841064,0.633100688457489,0.23607082664966583
YOL159C,YBR301W,1,0.95546687,0.21228304505348206,0.634097695350647,0.23607082664966583
YCL001W-B,YLR445W,0,0.95535386,0.2122122049331665,0.634097695350647,0.23617085814476013
YCL001W-A,YNR060W,0,0.9553069,0.21214142441749573,0.634097695350647,0.23627087473869324
YGR161W-B,YEL043W,0,0.95528483,0.21207068860530853,0.634097695350647,0.23637090623378754
YPL129W,YJR120W,0,0.9552314,0.21199999749660492,0.634097695350647,0.23647093772888184
YER088C,YLR391W,0,0.9551827,0.2119293510913849,0.634097695350647,0.23657096922397614
YHR214W,YGL070C,0,0.95503664,0.21185876429080963,0.634097695350647,0.23667100071907043
YEL017C-A,YNR063W,0,0.9549315,0.21178820729255676,0.634097695350647,0.23677103221416473
YGR144W,YDR297W,0,0.95482814,0.21171770989894867,0.634097695350647,0.23687106370925903
YER048W-A,YJR004C,0,0.95445096,0.21164725720882416,0.634097695350647,0.23697109520435333
YHR187W,YCL075W,0,0.9540999,0.21157684922218323,0.634097695350647,0.23707112669944763
YFR055W,YDL055C,0,0.9535885,0.21150648593902588,0.634097695350647,0.23717115819454193
YAR070W-A,YPL111W,0,0.9534763,0.2114361673593521,0.634097695350647,0.23727117478847504
YDL128W,YDR072C,0,0.953364,0.21136590838432312,0.634097695350647,0.23737120628356934
YGR004W,YHL037C,0,0.9532767,0.21129567921161652,0.634097695350647,0.23747123777866364
YJL062W,YGR067C,0,0.9531369,0.2112255096435547,0.634097695350647,0.23757126927375793
YOR003W,YLR001C,1,0.95303434,0.21148738265037537,0.6350947022438049,0.23757126927375793
YMR142C,YDR034W-B,0,0.95264304,0.21141719818115234,0.6350947022438049,0.23767130076885223
YAL005C,YNL300W,1,0.9519628,0.21167883276939392,0.6360917091369629,0.23767130076885223
YLL043W,YMR154C,0,0.95140743,0.2116086184978485,0.6360917091369629,0.23777133226394653
YDR522C,YOR269W,0,0.9513302,0.21153846383094788,0.6360917091369629,0.23787136375904083
YOR198C,YDR500C,0,0.9512953,0.21146833896636963,0.6360917091369629,0.23797139525413513
YDR325W,YGR250C,0,0.9512795,0.21139827370643616,0.6360917091369629,0.23807142674922943
YKL006W,YJL108C,0,0.9512572,0.21132825314998627,0.6360917091369629,0.23817145824432373
YPR127W,YMR153W,0,0.95120454,0.21125827729701996,0.6360917091369629,0.23827147483825684
YAL053W,YJR135W-A,0,0.95108753,0.21118834614753723,0.6360917091369629,0.23837150633335114
YKL037W,YLL029W,0,0.95076853,0.21111845970153809,0.6360917091369629,0.23847153782844543
YOL012C,YER037W,0,0.9504394,0.21104863286018372,0.6360917091369629,0.23857156932353973
YNL300W,YDR534C,1,0.9502777,0.2113095223903656,0.6370887160301208,0.23857156932353973
YLR355C,YLR147C,0,0.9501504,0.21123966574668884,0.6370887160301208,0.23867160081863403
YLR391W-A,YCR100C,0,0.9498031,0.21116985380649567,0.6370887160301208,0.23877163231372833
YDR423C,YJL091C,0,0.9497051,0.21110010147094727,0.6370887160301208,0.23887166380882263
YDL054C,YDR178W,0,0.9497023,0.21103037893772125,0.6370887160301208,0.23897169530391693
YNL147W,YNL024C-A,0,0.9495158,0.21096071600914001,0.6370887160301208,0.23907172679901123
YDR281C,YOR343W-B,0,0.94950247,0.21089108288288116,0.6370887160301208,0.23917175829410553
YGR161C-C,YBR289W,0,0.94940317,0.2108215093612671,0.6370887160301208,0.23927177488803864
YLR355C,YGR218W,0,0.9491359,0.2107519805431366,0.6370887160301208,0.23937180638313293
YJR113C,YKL200C,0,0.94903255,0.21068249642848969,0.6370887160301208,0.23947183787822723
YLR286C,YIL015W,1,0.94899684,0.21094265580177307,0.6380857229232788,0.23947183787822723
YAR003W,YDL184C,0,0.94877535,0.21087314188480377,0.6380857229232788,0.23957186937332153
YER181C,YJL146W,0,0.94859624,0.21080368757247925,0.6380857229232788,0.23967190086841583
YIL169C,YDR373W,0,0.9475814,0.2107342779636383,0.6380857229232788,0.23977193236351013
YMR085W,YKR095W,0,0.9474267,0.21066491305828094,0.6380857229232788,0.23987196385860443
YOR371C,YKL065W-A,0,0.9469534,0.21059559285640717,0.6380857229232788,0.23997199535369873
YOR319W,YNL155W,0,0.9466161,0.21052631735801697,0.6380857229232788,0.24007202684879303
YLR104W,YEL056W,0,0.94661,0.21045708656311035,0.6380857229232788,0.24017205834388733
YPL250C,YBL013W,0,0.94657147,0.21038790047168732,0.6380857229232788,0.24027207493782043
YBR155W,YIL011W,0,0.9465332,0.21031875908374786,0.6380857229232788,0.24037210643291473
YER151C,YKL033W-A,0,0.94647694,0.21024967730045319,0.6380857229232788,0.24047213792800903
YCL001W-B,YNL131W,0,0.94639176,0.2101806253194809,0.6380857229232788,0.24057216942310333
YHR075C,YHR153C,0,0.9461116,0.2101116180419922,0.6380857229232788,0.24067220091819763
YML031W,YDL109C,0,0.9454875,0.21004267036914825,0.6380857229232788,0.24077223241329193
YJL209W,YGR044C,0,0.9449376,0.2099737524986267,0.6380857229232788,0.24087226390838623
YPL200W,YDL178W,0,0.9448861,0.20990489423274994,0.6380857229232788,0.24097229540348053
YPL157W,YPR158W-B,0,0.94482845,0.20983606576919556,0.6380857229232788,0.24107232689857483
YPL060C-A,YBR132C,0,0.9448236,0.20976728200912476,0.6380857229232788,0.24117235839366913
YCR075C,YPR158C-C,0,0.9447149,0.20969855785369873,0.6380857229232788,0.24127237498760223
YKL210W,YLR466W,0,0.9445633,0.2096298784017563,0.6380857229232788,0.24137240648269653
YDR369C,YJL225C,0,0.94451916,0.20956122875213623,0.6380857229232788,0.24147243797779083
YJR026W,YOL021C,0,0.94406027,0.20949263870716095,0.6380857229232788,0.24157246947288513
YPR100W,YDL055C,0,0.943625,0.20942407846450806,0.6380857229232788,0.24167250096797943
YGR001C,YDR011W,0,0.9433832,0.20935557782649994,0.6380857229232788,0.24177253246307373
YHR079C-B,YJR001W,0,0.9433309,0.2092871218919754,0.6380857229232788,0.24187256395816803
YBL103C-A,YLR389C,0,0.9431791,0.20921869575977325,0.6380857229232788,0.24197259545326233
YDR044W,YOL095C,0,0.9430286,0.20915032923221588,0.6380857229232788,0.24207262694835663
YMR296C,YLR390W,0,0.94273233,0.2090819925069809,0.6380857229232788,0.24217265844345093
YBR009C,YMR098C,0,0.9426627,0.20901371538639069,0.6380857229232788,0.24227267503738403
YNL142W,YLR427W,0,0.94238424,0.20894548296928406,0.6380857229232788,0.24237270653247833
YOR247W,YLR110C,1,0.9423449,0.20920366048812866,0.6390827298164368,0.24237270653247833
YJL189W,YPL106C,0,0.9422843,0.20913539826869965,0.6390827298164368,0.24247273802757263
YLR097C,YOR378W,0,0.9421176,0.2090671956539154,0.6390827298164368,0.24257276952266693
YFL056C,YNL002C,0,0.94197387,0.20899902284145355,0.6390827298164368,0.24267280101776123
YGR037C,YBL008W-A,1,0.941399,0.2092568427324295,0.6400797367095947,0.24267280101776123
YEL017C-A,YDR116C,0,0.9413803,0.20918865501880646,0.6400797367095947,0.24277283251285553
YNL278W,YNR047W,0,0.9412663,0.20912052690982819,0.6400797367095947,0.24287286400794983
YPL187W,YDR032C,1,0.941118,0.20937804877758026,0.6410767436027527,0.24287286400794983
YNL136W,YMR010W,0,0.94091296,0.2093098908662796,0.6410767436027527,0.24297289550304413
YGL206C,YPL165C,0,0.9408089,0.20924177765846252,0.6410767436027527,0.24307292699813843
YGL200C,YIL008W,0,0.9407505,0.20917370915412903,0.6410767436027527,0.24317295849323273
YCL060C,YOL067C,0,0.940593,0.2091056853532791,0.6410767436027527,0.24327297508716583
YJL216C,YGL256W,0,0.9405636,0.20903770625591278,0.6410767436027527,0.24337300658226013
YKL158W,YLR391W-A,1,0.940424,0.20929476618766785,0.6420737504959106,0.24337300658226013
YOR247W,YIL011W,1,0.94028056,0.20955166220664978,0.6430708169937134,0.24337300658226013
YHR143W,YFL041W,0,0.9401878,0.20948359370231628,0.6430708169937134,0.24347303807735443
YFL043C,YAL054C,0,0.9400352,0.20941558480262756,0.6430708169937134,0.24357306957244873
YLR042C,YDR288W,0,0.9398171,0.20934762060642242,0.6430708169937134,0.24367310106754303
YNL240C,YPL010W,0,0.93961155,0.20927968621253967,0.6430708169937134,0.24377313256263733
YER074W,YGR239C,0,0.93959403,0.2092118114233017,0.6430708169937134,0.24387316405773163
YHR109W,YHR089C,0,0.939392,0.2091439664363861,0.6430708169937134,0.24397319555282593
YOR093C,YLR304C,0,0.93905914,0.2090761810541153,0.6430708169937134,0.24407322704792023
YOR355W,YHR128W,0,0.9389975,0.20900842547416687,0.6430708169937134,0.24417325854301453
YEL068C,YOR068C,0,0.9389415,0.20894071459770203,0.6430708169937134,0.24427327513694763
YJL026W,YBL005W-B,0,0.9388541,0.20887306332588196,0.6430708169937134,0.24437330663204193
YDR540C,YLR406C-A,0,0.938493,0.20880544185638428,0.6430708169937134,0.24447333812713623
YHR075C,YCR004C,0,0.9381656,0.20873786509037018,0.6430708169937134,0.24457336962223053
YLR313C,YDR444W,0,0.9381069,0.20867033302783966,0.6430708169937134,0.24467340111732483
YPR093C,YMR018W,0,0.9378268,0.20860284566879272,0.6430708169937134,0.24477343261241913
YNL190W,YDL049C,1,0.9375148,0.20885871350765228,0.6440678238868713,0.24477343261241913
YOR167C,YIL156W-B,0,0.9368437,0.20879121124744415,0.6440678238868713,0.24487346410751343
YML010W,YNL019C,0,0.93641984,0.2087237536907196,0.6440678238868713,0.24497349560260773
YLR421C,YDR106W,0,0.9363631,0.20865632593631744,0.6440678238868713,0.24507352709770203
YGL228W,YOL053C-A,0,0.93622094,0.20858895778656006,0.6440678238868713,0.24517355859279633
YGL067W,YMR087W,0,0.9362176,0.20852161943912506,0.6440678238868713,0.24527357518672943
YOL124C,YOR176W,0,0.935893,0.20845434069633484,0.6440678238868713,0.24537360668182373
YGR169C-C,YJR028W,0,0.93547726,0.208387091755867,0.6440678238868713,0.24547363817691803
YBR193C,YLR300W,0,0.9351221,0.20831990242004395,0.6440678238868713,0.24557366967201233
YDL213C,YNL194C,0,0.9350083,0.20825274288654327,0.6440678238868713,0.24567370116710663
YGR058W,YIL087C,0,0.9349941,0.20818562805652618,0.6440678238868713,0.24577373266220093
YER167W,YML066C,0,0.9346516,0.20811855792999268,0.6440678238868713,0.24587376415729523
YKL158W,YLR120C,1,0.93448025,0.20837359130382538,0.6450648307800293,0.24587376415729523
YNR032W,YDR316W-B,0,0.9343841,0.20830650627613068,0.6450648307800293,0.24597379565238953
YLR422W,YJR092W,0,0.9338267,0.20823946595191956,0.6450648307800293,0.24607382714748383
YOL052C-A,YNL022C,0,0.9337982,0.20817245543003082,0.6450648307800293,0.24617385864257812
YIL170W,YER181C,0,0.9337636,0.20810550451278687,0.6450648307800293,0.24627387523651123
YNL078W,YNL162W,0,0.93370134,0.2080385833978653,0.6450648307800293,0.24637390673160553
YLR040C,YLR001C,1,0.9334899,0.208293154835701,0.6460618376731873,0.24637390673160553
YNL292W,YJR147W,0,0.93343586,0.20822621881961823,0.6460618376731873,0.24647393822669983
YLR297W,YNL054W-B,0,0.9334309,0.20815932750701904,0.6460618376731873,0.24657396972179413
YPL243W,YHL037C,0,0.9332048,0.20809248089790344,0.6460618376731873,0.24667400121688843
YIL107C,YDL145C,0,0.93318605,0.20802567899227142,0.6460618376731873,0.24677403271198273
YEL021W,YDR476C,0,0.93311083,0.20795892179012299,0.6460618376731873,0.24687406420707703
YER051W,YDR316W-B,0,0.9327492,0.20789220929145813,0.6460618376731873,0.24697409570217133
YJL055W,YKL217W,0,0.9322221,0.20782552659511566,0.6460618376731873,0.24707412719726562
YNR062C,YGR063C,0,0.93160784,0.20775890350341797,0.6460618376731873,0.24717415869235992
YLL035W,YJR112W-A,0,0.9307036,0.20769231021404266,0.6460618376731873,0.24727417528629303
YMR271C,YLR194C,0,0.92985237,0.20762576162815094,0.6460618376731873,0.24737420678138733
YBR294W,YPR085C,0,0.92965496,0.2075592577457428,0.6460618376731873,0.24747423827648163
YPR201W,YJL155C,0,0.9294661,0.20749279856681824,0.6460618376731873,0.24757426977157593
YNL190W,YLR390W-A,1,0.92946035,0.2077464759349823,0.6470588445663452,0.24757426977157593
YIL169C,YBR093C,1,0.92910385,0.20800000429153442,0.6480558514595032,0.24757426977157593
YDR499W,YDL241W,0,0.9282423,0.2079334557056427,0.6480558514595032,0.24767430126667023
YLR027C,YDR262W,0,0.9281457,0.20786696672439575,0.6480558514595032,0.24777433276176453
YNR070W,YJL103C,0,0.92770153,0.2078005075454712,0.6480558514595032,0.24787436425685883
YOR310C,YLR242C,0,0.9276364,0.2077340930700302,0.6480558514595032,0.24797439575195312
YOR140W,YNL112W,0,0.9274826,0.207667738199234,0.6480558514595032,0.24807442724704742
YOR298C-A,YLR218C,0,0.9271276,0.207601398229599,0.6480558514595032,0.24817445874214172
YBR222C,YGL204C,0,0.9270403,0.20753511786460876,0.6480558514595032,0.24827447533607483
YGR222W,YGR240C,0,0.92695427,0.2074688822031021,0.6480558514595032,0.24837450683116913
YDL063C,YLR395C,0,0.9264287,0.20740267634391785,0.6480558514595032,0.24847453832626343
YPL218W,YDR034C-C,0,0.925653,0.20733653008937836,0.6480558514595032,0.24857456982135773
YGR233C,YDR105C,0,0.9255986,0.20727041363716125,0.6480558514595032,0.24867460131645203
YPL216W,YMR180C,0,0.9255698,0.20720434188842773,0.6480558514595032,0.24877463281154633
YOL023W,YPL198W,0,0.92488885,0.2071382999420166,0.6480558514595032,0.24887466430664062
YNL130C,YGR161C-C,0,0.92477924,0.20707231760025024,0.6480558514595032,0.24897469580173492
YDR478W,YKL200C,0,0.9244726,0.20700636506080627,0.6480558514595032,0.24907472729682922
YIL169C,YER108C,0,0.92444265,0.20694047212600708,0.6480558514595032,0.24917475879192352
YDR034C-C,YDL211C,0,0.9243547,0.20687460899353027,0.6480558514595032,0.24927477538585663
YIL167W,YHL009W-B,0,0.924299,0.20680877566337585,0.6480558514595032,0.24937480688095093
YAR050W,YJR150C,1,0.924161,0.2070610672235489,0.6490528583526611,0.24937480688095093
YNR058W,YJL114W,0,0.9239862,0.20699523389339447,0.6490528583526611,0.24947483837604523
YER110C,YCR100C,0,0.92390966,0.20692943036556244,0.6490528583526611,0.24957486987113953
YOR185C,YPL041C,0,0.92367977,0.20686368644237518,0.6490528583526611,0.24967490136623383
YDL100C,YDR545W,0,0.9235589,0.20679797232151031,0.6490528583526611,0.24977493286132812
YHR132C,YBR200W-A,1,0.9235188,0.20704986155033112,0.6500498652458191,0.24977493286132812
YER067W,YLR017W,0,0.9233219,0.20698413252830505,0.6500498652458191,0.24987496435642242
YBR276C,YKL023W,0,0.9233016,0.20691843330860138,0.6500498652458191,0.24997499585151672
YLR241W,YNR059W,0,0.92280436,0.20685279369354248,0.6500498652458191,0.25007501244544983
YPL130W,YAR050W,1,0.92278814,0.20710434019565582,0.651046872138977,0.25007501244544983
YHR158C,YMR148W,0,0.92274636,0.20703868567943573,0.651046872138977,0.2501750588417053
YER185W,YCR100C,0,0.9226087,0.20697306096553802,0.651046872138977,0.2502750754356384
YER182W,YFL040W,0,0.9224862,0.2069074809551239,0.651046872138977,0.2503751218318939
YOR287C,YBR242W,0,0.9224641,0.20684194564819336,0.651046872138977,0.250475138425827
YOL008W,YOL141W,0,0.9215102,0.2067764401435852,0.651046872138977,0.2505751848220825
YBL034C,YHL008C,0,0.9213627,0.20671097934246063,0.651046872138977,0.2506752014160156
YIL158W,YPR090W,0,0.9210688,0.20664556324481964,0.651046872138977,0.25077521800994873
YAL038W,YOL087C,0,0.92096734,0.20658019185066223,0.651046872138977,0.2508752644062042
YDR261W-A,YAL060W,0,0.92092323,0.2065148651599884,0.651046872138977,0.25097528100013733
YEL024W,YOR381W,0,0.92061484,0.20644956827163696,0.651046872138977,0.2510753273963928
YPL162C,YDR420W,0,0.9203168,0.2063843309879303,0.651046872138977,0.2511753439903259
YPL052W-A,YKL055C,0,0.9202923,0.20631910860538483,0.651046872138977,0.2512753903865814
YLR110C,YBR200W-A,1,0.92013943,0.20656980574131012,0.652043879032135,0.2512753903865814
YGR227W,YMR295C,0,0.91991717,0.20650458335876465,0.652043879032135,0.2513754069805145
YMR224C,YJR105W,0,0.91958034,0.20643939077854156,0.652043879032135,0.25147545337677
YDR384C,YPR090W,0,0.91901535,0.20637425780296326,0.652043879032135,0.2515754699707031
YCR066W,YHL044W,0,0.91872203,0.20630915462970734,0.652043879032135,0.2516755163669586
YKL157W,YLR042C,1,0.9186197,0.2065594494342804,0.653040885925293,0.2516755163669586
YGL126W,YKL084W,0,0.9180622,0.20649433135986328,0.653040885925293,0.2517755329608917
YBR239C,YGL197W,0,0.9177092,0.20642924308776855,0.653040885925293,0.25187554955482483
YPL176C,YLR110C,0,0.9176034,0.2063642144203186,0.653040885925293,0.2519755959510803
YHL007C,YOR136W,0,0.9175485,0.20629921555519104,0.653040885925293,0.2520756125450134
YHR020W,YBL040C,0,0.9174801,0.20623426139354706,0.653040885925293,0.2521756589412689
YKR075C,YFL035C,0,0.9172205,0.20616933703422546,0.653040885925293,0.252275675535202
YDL055C,YHR088W,0,0.9171039,0.20610447227954865,0.653040885925293,0.2523757219314575
YGL108C,YJR116W,0,0.91674125,0.2060396373271942,0.653040885925293,0.2524757385253906
YOL154W,YKL163W,1,0.91657466,0.20628930628299713,0.6540378928184509,0.2524757385253906
YJR116W,YEL032W,0,0.9164409,0.2062244564294815,0.6540378928184509,0.2525757849216461
YKL161C,YJR107C-A,0,0.91625184,0.20615965127944946,0.6540378928184509,0.2526758015155792
YKR095W-A,YDR506C,0,0.91619885,0.2060948759317398,0.6540378928184509,0.25277581810951233
YHR205W,YOL083W,0,0.9159162,0.20603014528751373,0.6540378928184509,0.2528758645057678
YGL019W,YJR107C-A,0,0.91584945,0.20596545934677124,0.6540378928184509,0.2529758810997009
YOL012C,YCR045C,0,0.9152128,0.20590081810951233,0.6540378928184509,0.2530759274959564
YDR084C,YNR058W,0,0.91493756,0.2058362066745758,0.6540378928184509,0.2531759440898895
YPL007C,YBL103C-A,0,0.9147624,0.20577163994312286,0.6540378928184509,0.253275990486145
YGR096W,YHR212W-A,0,0.9147322,0.2057071179151535,0.6540378928184509,0.2533760070800781
YAR035W,YOL071W,0,0.91426694,0.20564264059066772,0.6540378928184509,0.2534760534763336
YGL185C,YDL183C,0,0.914242,0.20557819306850433,0.6540378928184509,0.2535760700702667
YHR212W-A,YKL129C,0,0.9130724,0.20551379024982452,0.6540378928184509,0.2536761164665222
YJL026W,YGR086C,0,0.9128383,0.2054494172334671,0.6540378928184509,0.2537761330604553
YBR135W,YBR235W,0,0.91264653,0.20538510382175446,0.6540378928184509,0.2538761496543884
YOR262W,YHR204W,0,0.9122596,0.2053208202123642,0.6540378928184509,0.2539761960506439
YER065C,YLR160C,1,0.91216606,0.20556946098804474,0.6550348997116089,0.2539761960506439
YPR041W,YFL018W-A,0,0.9120059,0.2055051624774933,0.6550348997116089,0.254076212644577
YER029C,YIL121W,0,0.9118594,0.20544089376926422,0.6550348997116089,0.2541762590408325
YMR089C,YFR039C,0,0.9117901,0.20537668466567993,0.6550348997116089,0.2542762756347656
YIR019C,YPR139C,0,0.9114971,0.20531250536441803,0.6550348997116089,0.2543763220310211
YPR193C,YOR287C,0,0.9114285,0.20524835586547852,0.6550348997116089,0.2544763386249542
YJR143C,YIL076W,0,0.91122264,0.20518426597118378,0.6550348997116089,0.2545763850212097
YGL125W,YNL065W,0,0.91106135,0.20512020587921143,0.6550348997116089,0.2546764016151428
YGR227W,YOR173W,0,0.9109695,0.20505617558956146,0.6550348997116089,0.2547764182090759
YJL163C,YPR158C-C,0,0.91069615,0.20499220490455627,0.6550348997116089,0.2548764646053314
YNL284C-A,YDR421W,0,0.910562,0.20492826402187347,0.6550348997116089,0.2549764811992645
YHR160C,YOR148C,0,0.91055906,0.20486435294151306,0.6550348997116089,0.25507652759552
YDL048C,YLR417W,0,0.91002834,0.20480050146579742,0.6550348997116089,0.2551765441894531
YLR071C,YEL054C,0,0.9096141,0.20473667979240417,0.6550348997116089,0.2552765905857086
YOL152W,YBR159W,0,0.909418,0.2046729028224945,0.6550348997116089,0.2553766071796417
YJR045C,YMR321C,0,0.909399,0.20460915565490723,0.6550348997116089,0.2554766535758972
YOR181W,YNL182C,0,0.90909517,0.20454545319080353,0.6550348997116089,0.2555766701698303
YLR308W,YOR033C,0,0.9090088,0.2044817954301834,0.6550348997116089,0.2556767165660858
YNR020C,YDR497C,0,0.9087796,0.20441816747188568,0.6550348997116089,0.2557767331600189
YNL115C,YCL031C,0,0.90864354,0.20435458421707153,0.6550348997116089,0.255876749753952
YNL305C,YPL022W,0,0.9085664,0.20429104566574097,0.6550348997116089,0.2559767961502075
YGR145W,YNL146W,0,0.90855706,0.2042275369167328,0.6550348997116089,0.2560768127441406
YNL238W,YOL163W,0,0.90849054,0.2041640728712082,0.6550348997116089,0.2561768591403961
YCR102C,YER048W-A,0,0.90841997,0.20410065352916718,0.6550348997116089,0.2562768757343292
YHR039C,YER091C,0,0.90797496,0.20403726398944855,0.6550348997116089,0.2563769221305847
YDR261C,YPR158W-B,0,0.9076966,0.2039739191532135,0.6550348997116089,0.2564769387245178
YJL165C,YJL214W,0,0.9075757,0.20391061902046204,0.6550348997116089,0.2565769851207733
YJL078C,YDR069C,0,0.90746045,0.20384734869003296,0.6550348997116089,0.2566770017147064
YER050C,YLR448W,0,0.90726286,0.20378412306308746,0.6550348997116089,0.2567770183086395
YKL189W,YLR466W,0,0.90697193,0.20372092723846436,0.6550348997116089,0.256877064704895
YOR081C,YHL028W,0,0.90694153,0.20365777611732483,0.6550348997116089,0.2569770812988281
YJL219W,YJL140W,0,0.9067759,0.20359466969966888,0.6550348997116089,0.2570771276950836
YBR180W,YLR431C,0,0.90676296,0.20353159308433533,0.6550348997116089,0.2571771442890167
YNR006W,YMR104C,0,0.90665054,0.20346856117248535,0.6550348997116089,0.2572771906852722
YDR377W,YLR406C-A,0,0.9064735,0.20340557396411896,0.6550348997116089,0.2573772072792053
YKL158W,YNL300W,1,0.9061872,0.20365211367607117,0.6560319066047668,0.2573772072792053
YDL150W,YLR113W,0,0.9061276,0.20358911156654358,0.6560319066047668,0.2574772536754608
YNR067C,YMR305C,1,0.9061046,0.20383544266223907,0.6570289134979248,0.2574772536754608
YOR096W,YMR205C,0,0.9057374,0.2037724107503891,0.6570289134979248,0.2575772702693939
YDR059C,YDR092W,0,0.90544474,0.2037094235420227,0.6570289134979248,0.2576773166656494
YDR055W,YIL169C,1,0.9049069,0.2039555013179779,0.6580259203910828,0.2576773166656494
YKL059C,YAL003W,0,0.904904,0.20389249920845032,0.6580259203910828,0.2577773332595825
YGR168C,YER103W,0,0.9048703,0.20382952690124512,0.6580259203910828,0.2578773498535156
YJL153C,YPR027C,0,0.90479195,0.2037665992975235,0.6580259203910828,0.2579773962497711
YMR275C,YMR290C,0,0.9045441,0.20370370149612427,0.6580259203910828,0.2580774128437042
YGR161C-D,YGL162W,0,0.9044988,0.20364084839820862,0.6580259203910828,0.2581774592399597
YNL302C,YAL040C,0,0.9042945,0.20357804000377655,0.6580259203910828,0.2582774758338928
YIL009W,YNL125C,0,0.90385497,0.20351526141166687,0.6580259203910828,0.2583775222301483
YGR169C-A,YBR250W,0,0.9035101,0.20345252752304077,0.6580259203910828,0.2584775388240814
YLL016W,YHR129C,0,0.90299094,0.20338982343673706,0.6580259203910828,0.2585775852203369
YDR077W,YIL155C,0,0.9025912,0.20332717895507812,0.6580259203910828,0.25867760181427
YGR125W,YPR124W,0,0.9020766,0.20326454937458038,0.6580259203910828,0.2587776184082031
YDR134C,YGR061C,0,0.90202916,0.20320196449756622,0.6580259203910828,0.2588776648044586
YGR066C,YLR313C,0,0.90189224,0.20313942432403564,0.6580259203910828,0.2589776813983917
YGR161W-A,YBR230C,0,0.9017854,0.20307692885398865,0.6580259203910828,0.2590777277946472
YLR048W,YJR026W,0,0.90176404,0.20301446318626404,0.6580259203910828,0.2591777443885803
YIL165C,YHR079C,0,0.90163016,0.20295202732086182,0.6580259203910828,0.2592777907848358
YDR001C,YDR210W-D,0,0.9012479,0.20288963615894318,0.6580259203910828,0.2593778073787689
YMR114C,YDR359C,0,0.90121067,0.20282728970050812,0.6580259203910828,0.2594778537750244
YBR170C,YML058W-A,0,0.90110946,0.20276497304439545,0.6580259203910828,0.2595778703689575
YPL030W,YCR075C,0,0.90106755,0.20270270109176636,0.6580259203910828,0.259677916765213
YGR109W-B,YKL203C,0,0.90086484,0.20264047384262085,0.6580259203910828,0.2597779333591461
YLR308W,YDL035C,0,0.9003349,0.20257826149463654,0.6580259203910828,0.2598779499530792
YJR045C,YPL106C,0,0.90027,0.202516108751297,0.6580259203910828,0.2599779963493347
YDR261C,YKL097W-A,1,0.9002083,0.2027607411146164,0.6590229272842407,0.2599779963493347
YNL327W,YBR078W,1,0.8997409,0.20300520956516266,0.6600199341773987,0.2599779963493347
YOL163W,YHR058C,0,0.8997396,0.20294298231601715,0.6600199341773987,0.2600780129432678
YEL068C,YLR438C-A,0,0.8996781,0.20288078486919403,0.6600199341773987,0.2601780593395233
YLL007C,YBR105C,0,0.8994449,0.2028186321258545,0.6600199341773987,0.2602780759334564
YIL042C,YBL108C-A,0,0.89932775,0.20275650918483734,0.6600199341773987,0.2603781223297119
YHR009C,YPR090W,0,0.89912224,0.20269443094730377,0.6600199341773987,0.260478138923645
YLR391W,YIL011W,1,0.8981337,0.2029384821653366,0.6610169410705566,0.260478138923645
YGL170C,YIL156W,0,0.89785886,0.20287637412548065,0.6610169410705566,0.2605781853199005
YOR259C,YFR032C-A,0,0.89757025,0.20281431078910828,0.6610169410705566,0.2606782019138336
YPL041C,YGR040W,0,0.8975009,0.20275229215621948,0.6610169410705566,0.2607782483100891
YLR205C,YEL068C,0,0.89745647,0.20269030332565308,0.6610169410705566,0.2608782649040222
YOR292C,YDR071C,0,0.8973994,0.20262835919857025,0.6610169410705566,0.2609782814979553
YKL022C,YNL217W,0,0.89713436,0.202566459774971,0.6610169410705566,0.2610783278942108
YER014W,YJR026W,0,0.8971173,0.20250457525253296,0.6610169410705566,0.2611783444881439
YBR159W,YPR073C,0,0.8970519,0.20244275033473969,0.6610169410705566,0.2612783908843994
YLR081W,YPR071W,0,0.89703894,0.2023809552192688,0.6610169410705566,0.2613784074783325
YDR001C,YOR304C-A,0,0.8969937,0.2023191899061203,0.6610169410705566,0.261478453874588
YJL063C,YBL103C-A,0,0.8969625,0.20225746929645538,0.6610169410705566,0.2615784704685211
YLR391W,YHR211W,1,0.89696014,0.20250076055526733,0.6620139479637146,0.2615784704685211
YHR100C,YDR246W,0,0.89689124,0.20243902504444122,0.6620139479637146,0.2616785168647766
YJR041C,YDR040C,0,0.8963634,0.2023773193359375,0.6620139479637146,0.2617785334587097
YPR147C,YDR177W,0,0.896126,0.20231565833091736,0.6620139479637146,0.2618785500526428
YEL069C,YML058W-A,0,0.8953674,0.2022540420293808,0.6620139479637146,0.2619785964488983
YJR032W,YBL010C,0,0.8952999,0.20219245553016663,0.6620139479637146,0.2620786130428314
YHR008C,YLR017W,0,0.89508235,0.20213089883327484,0.6620139479637146,0.2621786594390869
YHR074W,YOR388C,0,0.89481145,0.20206938683986664,0.6620139479637146,0.26227867603302
YHR194W,YNR060W,0,0.89457655,0.20200790464878082,0.6620139479637146,0.2623787224292755
YGL210W,YPR127W,0,0.8943614,0.2019464671611786,0.6620139479637146,0.2624787390232086
YCL063W,YNL231C,0,0.8943138,0.20188507437705994,0.6620139479637146,0.2625787854194641
YKR057W,YKL025C,0,0.89418817,0.20182371139526367,0.6620139479637146,0.2626788020133972
YAR010C,YOR319W,0,0.89402366,0.2017623782157898,0.6620139479637146,0.2627788484096527
YOR365C,YHR058C,0,0.89350474,0.2017010897397995,0.6620139479637146,0.2628788650035858
YKL065W-A,YKL088W,0,0.89346844,0.20163984596729279,0.6620139479637146,0.2629788815975189
YPL079W,YPR048W,0,0.89340436,0.20157863199710846,0.6620139479637146,0.2630789279937744
YPR158W-A,YBR230C,0,0.8933721,0.20151744782924652,0.6620139479637146,0.2631789445877075
YNL064C,YHR167W,0,0.89330107,0.20145630836486816,0.6620139479637146,0.263278990983963
YJR072C,YDR261C-C,0,0.893209,0.2013952136039734,0.6620139479637146,0.2633790075778961
YLR378C,YDR210W-B,0,0.8926183,0.201334148645401,0.6620139479637146,0.2634790539741516
YOR197W,YHR132W-A,0,0.89253986,0.201273113489151,0.6620139479637146,0.2635790705680847
YOR143C,YER066W,0,0.8924622,0.20121212303638458,0.6620139479637146,0.2636791169643402
YNL064C,YDR046C,0,0.89244926,0.20115116238594055,0.6620139479637146,0.2637791335582733
YPR121W,YDR144C,1,0.89243996,0.20139309763908386,0.6630109548568726,0.2637791335582733
YDL239C,YLL016W,0,0.89192843,0.20133212208747864,0.6630109548568726,0.2638791501522064
YEL017C-A,YDR019C,0,0.8918321,0.201271191239357,0.6630109548568726,0.2639791965484619
YDR141C,YGL259W,0,0.8915135,0.20121029019355774,0.6630109548568726,0.264079213142395
YPL173W,YGR203W,0,0.8909978,0.20114941895008087,0.6630109548568726,0.2641792595386505
YDR261C-C,YNL312W,0,0.8908425,0.20108860731124878,0.6630109548568726,0.2642792761325836
YMR172W,YPR158C-C,0,0.8908223,0.20102781057357788,0.6630109548568726,0.2643793225288391
YHR148W,YLR091W,0,0.89041305,0.20096705853939056,0.6630109548568726,0.2644793391227722
YHR083W,YPR110C,0,0.89032066,0.20090635120868683,0.6630109548568726,0.2645793855190277
YMR058W,YDR188W,0,0.89023685,0.2008456587791443,0.6630109548568726,0.2646794021129608
YKL065W-A,YGR143W,0,0.8898181,0.20078502595424652,0.6630109548568726,0.2647794485092163
YHR123W,YDR474C,0,0.8897592,0.20072442293167114,0.6630109548568726,0.2648794651031494
YHR056C,YMR258C,0,0.88964427,0.20066384971141815,0.6630109548568726,0.2649794816970825
YHR202W,YAL063C,1,0.88958704,0.200904980301857,0.6640079617500305,0.2649794816970825
YJL004C,YDL073W,0,0.8895736,0.2008443921804428,0.6640079617500305,0.265079528093338
YOR209C,YIL156W-B,0,0.88951886,0.200783833861351,0.6640079617500305,0.2651795446872711
YKL024C,YPR036W-A,0,0.8894552,0.2007233202457428,0.6640079617500305,0.2652795910835266
YLL041C,YDR210C-D,0,0.88916266,0.20066285133361816,0.6640079617500305,0.2653796076774597
YCR045C,YCL058C,1,0.88915527,0.20090360939502716,0.6650049686431885,0.2653796076774597
YML002W,YDR101C,0,0.88885367,0.20084312558174133,0.6650049686431885,0.2654796540737152
YLR077W,YIL158W,0,0.8887131,0.2007826566696167,0.6650049686431885,0.2655796706676483
YML113W,YBR042C,0,0.8886301,0.20072223246097565,0.6650049686431885,0.2656797170639038
YPL207W,YKL006W,0,0.88807404,0.20066185295581818,0.6650049686431885,0.2657797336578369
YDR047W,YOL159C,0,0.8876426,0.2006015032529831,0.6650049686431885,0.26587975025177
YHR056C,YHR017W,0,0.88738364,0.2005411833524704,0.6650049686431885,0.2659797966480255
YLR337C,YBR180W,0,0.8869481,0.20048090815544128,0.6650049686431885,0.2660798132419586
YNR063W,YJR033C,0,0.88661695,0.20042067766189575,0.6650049686431885,0.2661798596382141
YHR211W,YDR534C,1,0.88627476,0.2006608545780182,0.6660019755363464,0.2661798596382141
YOR351C,YDL211C,0,0.8862436,0.20060059428215027,0.6660019755363464,0.2662798762321472
YDR338C,YOL113W,0,0.88597167,0.20054037868976593,0.6660019755363464,0.2663799226284027
YIL068C,YER108C,0,0.88588846,0.20048019289970398,0.6660019755363464,0.2664799392223358
YGL046W,YOL051W,0,0.88583314,0.20042003691196442,0.6660019755363464,0.2665799856185913
YLR301W,YOL141W,0,0.8856003,0.20035992562770844,0.6660019755363464,0.2666800022125244
YHL047C,YOR396W,0,0.8850638,0.20029984414577484,0.6660019755363464,0.2667800486087799
YKL060C,YMR009W,0,0.88480484,0.20023980736732483,0.6660019755363464,0.266880065202713
YAL005C,YLR155C,1,0.88467276,0.20047947764396667,0.6669989824295044,0.266880065202713
YLR297W,YJL090C,0,0.88454294,0.20041941106319427,0.6669989824295044,0.2669800817966461
YOR009W,YJL078C,1,0.88453996,0.2006588727235794,0.6679959893226624,0.2669800817966461
YPR035W,YDR356W,0,0.8844893,0.200598806142807,0.6679959893226624,0.2670801281929016
YNR048W,YHL001W,0,0.88439083,0.2005387544631958,0.6679959893226624,0.2671801447868347
YLR433C,YNR021W,0,0.88418186,0.20047876238822937,0.6679959893226624,0.2672801911830902
YPR170W-B,YDL233W,0,0.8838869,0.20041878521442413,0.6679959893226624,0.2673802077770233
YOL143C,YKR051W,0,0.88387173,0.20035885274410248,0.6679959893226624,0.2674802541732788
YOL012C,YLR388W,0,0.8837326,0.2002989500761032,0.6679959893226624,0.2675802707672119
YDR261W-A,YNL081C,0,0.88288736,0.20023909211158752,0.6679959893226624,0.2676803171634674
YER020W,YPL257W-A,0,0.88272524,0.20017926394939423,0.6679959893226624,0.2677803337574005
YIL177C,YOR339C,0,0.8826596,0.2001194804906845,0.6679959893226624,0.2678803503513336
YMR166C,YLR391W,0,0.88258475,0.200059711933136,0.6679959893226624,0.2679803967475891
YDR507C,YPR137C-A,0,0.88258255,0.20000000298023224,0.6679959893226624,0.2680804133415222
YMR008C,YJL034W,0,0.88191396,0.19994030892848969,0.6679959893226624,0.2681804597377777
YBL005W-B,YER065C,0,0.8818708,0.1998806744813919,0.6679959893226624,0.2682804763317108
YFL043C,YFR021W,0,0.8816564,0.19982105493545532,0.6679959893226624,0.2683805227279663
YBL039W-B,YNL048W,0,0.88161325,0.19976148009300232,0.6679959893226624,0.2684805393218994
YJR086W,YBL039W-A,0,0.88077605,0.1997019350528717,0.6679959893226624,0.2685805857181549
YMR215W,YBL008W-A,1,0.880203,0.19994039833545685,0.6689929962158203,0.2685805857181549
YDR320C-A,YCR075W-A,0,0.8801625,0.19988085329532623,0.6689929962158203,0.268680602312088
YOL011W,YBR301W,1,0.88009965,0.20011912286281586,0.6699900031089783,0.268680602312088
YIL084C,YJR017C,0,0.87990075,0.20005954802036285,0.6699900031089783,0.2687806487083435
YJL206C,YKL216W,0,0.8794871,0.20000000298023224,0.6699900031089783,0.2688806653022766
YNL066W,YEL040W,1,0.87941384,0.20023801922798157,0.6709870100021362,0.2688806653022766
YIR019C,YDL231C,0,0.87929267,0.20017845928668976,0.6709870100021362,0.2689806818962097
YGR220C,YBR066C,0,0.87907284,0.20011894404888153,0.6709870100021362,0.2690807282924652
YGR161C-D,YDR361C,0,0.879056,0.2000594586133957,0.6709870100021362,0.2691807448863983
YJR092W,YBL071W-A,0,0.8787862,0.20000000298023224,0.6709870100021362,0.2692807912826538
YPL123C,YMR215W,1,0.8787805,0.2002376765012741,0.671984076499939,0.2692807912826538
YCR100C,YDL079C,0,0.8787453,0.20017820596694946,0.671984076499939,0.2693808078765869
YHR202W,YJL132W,1,0.87845564,0.20041567087173462,0.6729810833930969,0.2693808078765869
YHR092C,YDR170C,0,0.87839156,0.20035618543624878,0.6729810833930969,0.2694808542728424
YNL263C,YGR203W,0,0.87818265,0.20029672980308533,0.6729810833930969,0.2695808708667755
YDR437W,YHL001W,0,0.87797666,0.20023731887340546,0.6729810833930969,0.269680917263031
YNL217W,YNR052C,0,0.8779497,0.20017793774604797,0.6729810833930969,0.2697809338569641
YIL073C,YNL006W,0,0.8777127,0.20011858642101288,0.6729810833930969,0.2698809504508972
YMR256C,YPL110C,0,0.87735724,0.20005927979946136,0.6729810833930969,0.2699809968471527
YHL050C,YOL049W,0,0.8768227,0.20000000298023224,0.6729810833930969,0.2700810134410858
YML100W,YLR154W-A,0,0.8767365,0.1999407559633255,0.6729810833930969,0.2701810598373413
YPR147C,YGR292W,0,0.87666917,0.19988155364990234,0.6729810833930969,0.2702810764312744
YDR148C,YNL320W,0,0.876668,0.19982238113880157,0.6729810833930969,0.2703811228275299
YCR097W,YLR300W,0,0.87661695,0.1997632384300232,0.6729810833930969,0.270481139421463
YOR339C,YGL031C,0,0.8756738,0.1997041404247284,0.6729810833930969,0.2705811858177185
YPL230W,YIL102C-A,0,0.8755226,0.19964507222175598,0.6729810833930969,0.2706812024116516
YHR132W-A,YHR138C,0,0.8754768,0.19958604872226715,0.6729810833930969,0.2707812488079071
YAL040C,YDL126C,0,0.8754339,0.19952704012393951,0.6729810833930969,0.2708812654018402
YOR311C,YER055C,0,0.8754189,0.19946809113025665,0.6729810833930969,0.2709812819957733
YLR183C,YMR101C,0,0.8747905,0.19940915703773499,0.6729810833930969,0.2710813283920288
YDR093W,YOL114C,0,0.87460047,0.1993502676486969,0.6729810833930969,0.2711813449859619
YKR097W,YGR031C-A,0,0.8745184,0.1992914080619812,0.6729810833930969,0.2712813913822174
YOL045W,YOR388C,0,0.873953,0.1992325782775879,0.6729810833930969,0.2713814079761505
YLR278C,YDR402C,0,0.8738908,0.19917379319667816,0.6729810833930969,0.271481454372406
YHL039W,YMR267W,0,0.8734385,0.19911503791809082,0.6729810833930969,0.2715814709663391
YMR268W-A,YIL156W,0,0.8733333,0.19905632734298706,0.6729810833930969,0.2716815173625946
YCR073C,YOR142W-A,0,0.87318224,0.1989976465702057,0.6729810833930969,0.2717815339565277
YHL009W-A,YEL055C,0,0.8731164,0.1989389955997467,0.6729810833930969,0.2718815505504608
YGR027W-B,YDL245C,0,0.87310874,0.1988803744316101,0.6729810833930969,0.2719815969467163
YER048W-A,YFR018C,0,0.87270665,0.1988217979669571,0.6729810833930969,0.2720816135406494
YMR084W,YLR183C,0,0.87249136,0.19876325130462646,0.6729810833930969,0.2721816599369049
YBR202W,YDL224C,0,0.8724197,0.19870473444461823,0.6729810833930969,0.272281676530838
YCR045C,YPL168W,0,0.87155247,0.19864626228809357,0.6729810833930969,0.2723817229270935
YIR041W,YJR113C,0,0.8715446,0.1985878199338913,0.6729810833930969,0.2724817395210266
YJR029W,YPR049C,0,0.8714503,0.1985294073820114,0.6729810833930969,0.2725817859172821
YML123C,YBL101W-A,0,0.8713201,0.1984710395336151,0.6729810833930969,0.2726818025112152
YNL083W,YMR010W,0,0.8713132,0.1984127014875412,0.6729810833930969,0.2727818489074707
YJR028W,YNL024C-A,0,0.87108505,0.19835439324378967,0.6729810833930969,0.2728818655014038
YHR132C,YKL096W-A,1,0.8705655,0.19858989119529724,0.6739780902862549,0.2728818655014038
YLR134W,YBR243C,0,0.87006015,0.19853156805038452,0.6739780902862549,0.2729818820953369
YLR253W,YJL129C,0,0.86978364,0.19847328960895538,0.6739780902862549,0.2730819284915924
YOR192C-A,YHR041C,0,0.86968946,0.19841502606868744,0.6739780902862549,0.2731819450855255
YJL033W,YNL162W,0,0.86928827,0.19835680723190308,0.6739780902862549,0.273281991481781
YNL284C-A,YCR083W,0,0.86923146,0.1982986181974411,0.6739780902862549,0.2733820080757141
YGR053C,YPR082C,0,0.86917704,0.1982404738664627,0.6739780902862549,0.2734820544719696
YGR037C,YJR004C,1,0.8686466,0.19847552478313446,0.6749750971794128,0.2734820544719696
YHL050C,YJR133W,0,0.86841077,0.19841735064983368,0.6749750971794128,0.2735820710659027
YOR255W,YOR137C,0,0.86821663,0.19835922122001648,0.6749750971794128,0.2736821174621582
YIL039W,YJL100W,0,0.86795604,0.19830110669136047,0.6749750971794128,0.2737821340560913
YNL323W,YDR001C,0,0.86791474,0.19824305176734924,0.6749750971794128,0.2738821506500244
YBR067C,YKL097W-A,1,0.8678911,0.19847774505615234,0.6759721040725708,0.2738821506500244
YOR010C,YOR214C,1,0.86785144,0.1987123191356659,0.6769691109657288,0.2738821506500244
YGR141W,YLR173W,0,0.86781985,0.1986541897058487,0.6769691109657288,0.2739821970462799
YDL239C,YDR415C,0,0.86765003,0.1985960751771927,0.6769691109657288,0.274082213640213
YLR240W,YGL125W,0,0.867059,0.19853800535202026,0.6769691109657288,0.2741822600364685
YML126C,YLR452C,0,0.86650276,0.19847998023033142,0.6769691109657288,0.2742822766304016
YOR301W,YPR109W,0,0.86649215,0.19842197000980377,0.6769691109657288,0.2743823230266571
YOR126C,YGR256W,0,0.86547005,0.1983640044927597,0.6769691109657288,0.2744823396205902
YGL227W,YPL276W,0,0.86546004,0.19830606877803802,0.6769691109657288,0.2745823860168457
YMR006C,YKL158W,1,0.8653875,0.19854015111923218,0.6779661178588867,0.2745823860168457
YPL096C-A,YNL122C,0,0.8653334,0.1984822005033493,0.6779661178588867,0.2746824026107788
YBR078W,YMR215W,1,0.8647798,0.19871607422828674,0.6789631247520447,0.2746824026107788
YJL026W,YKL190W,0,0.86459184,0.19865810871124268,0.6789631247520447,0.2747824490070343
YOR192C-A,YLR073C,0,0.864107,0.198600172996521,0.6789631247520447,0.2748824656009674
YDR448W,YKL152C,0,0.8640841,0.1985422670841217,0.6789631247520447,0.2749824821949005
YCL074W,YPL111W,0,0.8640478,0.198484405875206,0.6789631247520447,0.275082528591156
YGR038C-A,YGR212W,0,0.86401343,0.19842657446861267,0.6789631247520447,0.2751825451850891
YAL024C,YJL108C,0,0.8639315,0.19836877286434174,0.6789631247520447,0.2752825915813446
YDR312W,YLR075W,0,0.8639012,0.1983110010623932,0.6789631247520447,0.2753826081752777
YHR075C,YMR135C,0,0.86353374,0.19825327396392822,0.6789631247520447,0.2754826545715332
YHR211W,YKR013W,1,0.86329186,0.19848661124706268,0.6799601316452026,0.2754826545715332
YNL305C,YIL013C,0,0.86320853,0.19842886924743652,0.6799601316452026,0.2755826711654663
YLL024C,YKR102W,1,0.8629706,0.19866201281547546,0.6809571385383606,0.2755826711654663
YBL047C,YNL278W,0,0.8627113,0.19860424101352692,0.6809571385383606,0.2756827175617218
YLR345W,YIL102C-A,0,0.8626384,0.19854651391506195,0.6809571385383606,0.2757827341556549
YER089C,YPL248C,0,0.8621693,0.19848881661891937,0.6809571385383606,0.275882750749588
YPR158C-C,YJR049C,0,0.86213017,0.19843114912509918,0.6809571385383606,0.2759827971458435
YDL043C,YDL241W,0,0.86204576,0.19837351143360138,0.6809571385383606,0.2760828137397766
YKL081W,YPR034W,0,0.86161655,0.19831591844558716,0.6809571385383606,0.2761828601360321
YNL334C,YCR055C,0,0.8612839,0.19825834035873413,0.6809571385383606,0.2762828767299652
YOR247W,YKL157W,1,0.8611538,0.19849100708961487,0.6819541454315186,0.2762828767299652
YGR124W,YIL070C,0,0.86073595,0.19843341410160065,0.6819541454315186,0.2763829231262207
YAR071W,YER065C,1,0.860706,0.19866588711738586,0.6829511523246765,0.2763829231262207
YLR120C,YLR037C,1,0.86015445,0.19889822602272034,0.6839481592178345,0.2763829231262207
YCR089W,YGR037C,1,0.86000013,0.19913043081760406,0.6849451661109924,0.2763829231262207
YGR074W,YPR043W,0,0.8597705,0.1990727335214615,0.6849451661109924,0.2764829397201538
YKL158W,YDR420W,1,0.8597386,0.1993047446012497,0.6859421730041504,0.2764829397201538
YGR087C,YGR078C,0,0.8589344,0.19924703240394592,0.6859421730041504,0.2765829861164093
YHR111W,YPL264C,0,0.85874486,0.19918935000896454,0.6859421730041504,0.2766830027103424
YOR014W,YDL206W,0,0.85847783,0.19913169741630554,0.6859421730041504,0.2767830491065979
YCR080W,YKL089W,0,0.8583796,0.19907407462596893,0.6859421730041504,0.276883065700531
YOR182C,YMR268W-A,0,0.8582219,0.1990164816379547,0.6859421730041504,0.2769830822944641
YNL284C-A,YPR004C,0,0.8582107,0.19895893335342407,0.6859421730041504,0.2770831286907196
YGR129W,YLR372W,0,0.8574634,0.19890141487121582,0.6859421730041504,0.2771831452846527
YPL010W,YER141W,0,0.8572962,0.19884392619132996,0.6859421730041504,0.2772831916809082
YKL163W,YOR088W,0,0.85708475,0.19878648221492767,0.6859421730041504,0.2773832082748413
YBL031W,YMR215W,0,0.85706174,0.19872905313968658,0.6859421730041504,0.2774832546710968
YBR021W,YGL157W,0,0.85704184,0.19867166876792908,0.6859421730041504,0.2775832712650299
YKL140W,YDL223C,0,0.85690284,0.19861431419849396,0.6859421730041504,0.2776833176612854
YJL023C,YPR158W-B,0,0.856691,0.19855700433254242,0.6859421730041504,0.2777833342552185
YHR065C,YDL079C,0,0.8566799,0.19849970936775208,0.6859421730041504,0.2778833508491516
YHL037C,YHR057C,1,0.85636276,0.19873088598251343,0.6869391798973083,0.2778833508491516
YGL060W,YDR380W,0,0.8560834,0.19867359101772308,0.6869391798973083,0.2779833972454071
YNR013C,YKL105C,0,0.8555881,0.19861631095409393,0.6869391798973083,0.2780834138393402
YPR041W,YJL190C,0,0.8554307,0.19855907559394836,0.6869391798973083,0.2781834602355957
YDR324C,YMR306W,0,0.854362,0.19850187003612518,0.6869391798973083,0.2782834768295288
YOL159C,YJR004C,1,0.85430753,0.19873271882534027,0.6879361867904663,0.2782834768295288
YLR307W,YPL199C,0,0.8534845,0.1986754983663559,0.6879361867904663,0.2783835232257843
YLR120C,YJL132W,1,0.85284084,0.19890615344047546,0.6889331936836243,0.2783835232257843
YDL049C,YJL132W,1,0.85238314,0.19913668930530548,0.6899302005767822,0.2783835232257843
YKL097W-A,YGL089C,1,0.85220325,0.19936709105968475,0.6909272074699402,0.2783835232257843
YNL054W,YDR210C-D,0,0.85213155,0.19930975139141083,0.6909272074699402,0.2784835398197174
YLR325C,YJL078C,0,0.8521312,0.1992524415254593,0.6909272074699402,0.2785835862159729
YOR190W,YIR039C,1,0.8518228,0.19948260486125946,0.6919242143630981,0.2785835862159729
YDR115W,YAR018C,0,0.8515829,0.19942528009414673,0.6919242143630981,0.278683602809906
YOR214C,YKL097W-A,1,0.8514938,0.19965526461601257,0.6929212212562561,0.278683602809906
YPR001W,YOR100C,0,0.85144883,0.19959792494773865,0.6929212212562561,0.2787836492061615
YPR065W,YDR488C,0,0.85118353,0.1995406299829483,0.6929212212562561,0.2788836658000946
YFL010W-A,YBR121C,0,0.85102993,0.19948334991931915,0.6929212212562561,0.2789836823940277
YPL249C-A,YDR425W,0,0.85097444,0.19942611455917358,0.6929212212562561,0.2790837287902832
YLR056W,YML045W-A,0,0.8507695,0.1993689090013504,0.6929212212562561,0.2791837453842163
YDR522C,YLR194C,0,0.8506676,0.1993117332458496,0.6929212212562561,0.2792837917804718
YDR244W,YHR048W,0,0.8506204,0.1992545872926712,0.6929212212562561,0.2793838083744049
YOR009W,YKR042W,1,0.85049415,0.19948409497737885,0.6939182281494141,0.2793838083744049
YDL010W,YMR262W,0,0.85043055,0.19942693412303925,0.6939182281494141,0.2794838547706604
YPL165C,YGR095C,0,0.85030997,0.19936980307102203,0.6939182281494141,0.2795838713645935
YOR148C,YPR002W,0,0.84998727,0.1993127167224884,0.6939182281494141,0.279683917760849
YGR100W,YDL021W,0,0.84948444,0.19925566017627716,0.6939182281494141,0.2797839343547821
YLR175W,YOR281C,0,0.8489789,0.1991986334323883,0.6939182281494141,0.2798839509487152
YGR161W-B,YGR020C,0,0.8489322,0.19914163649082184,0.6939182281494141,0.2799839973449707
YCR053W,YHR048W,0,0.8489096,0.19908466935157776,0.6939182281494141,0.2800840139389038
YGR161W-B,YDL008W,0,0.84866905,0.19902773201465607,0.6939182281494141,0.2801840603351593
YAR071W,YFR020W,1,0.84864515,0.19925671815872192,0.694915235042572,0.2801840603351593
YLR335W,YLR044C,0,0.8481145,0.19919976592063904,0.694915235042572,0.2802840769290924
YBR298C,YMR056C,0,0.84803784,0.19914285838603973,0.694915235042572,0.2803841233253479
YER150W,YOL145C,0,0.8478454,0.19908598065376282,0.694915235042572,0.280484139919281
YJL096W,YKL152C,0,0.84774923,0.1990291327238083,0.694915235042572,0.2805841863155365
YLR466W,YJL103C,0,0.8473123,0.19897231459617615,0.694915235042572,0.2806842029094696
YPR137C-A,YGR251W,0,0.84729415,0.1989155262708664,0.694915235042572,0.2807842493057251
YJL059W,YFL011W-A,0,0.84660935,0.19885876774787903,0.694915235042572,0.2808842658996582
YCR029C-A,YLR054C,0,0.8466003,0.19880205392837524,0.694915235042572,0.2809842824935913
YJR138W,YPL275W,0,0.8464642,0.19874536991119385,0.694915235042572,0.2810843288898468
YPL031C,YBR096W,0,0.8463812,0.19868871569633484,0.694915235042572,0.2811843454837799
YKL082C,YCL052C,0,0.8463455,0.19863209128379822,0.694915235042572,0.2812843918800354
YMR058W,YNL310C,0,0.8459455,0.19857549667358398,0.694915235042572,0.2813844084739685
YKL133C,YML130C,0,0.8452225,0.19851894676685333,0.694915235042572,0.281484454870224
YIR019C,YLL061W,0,0.8451885,0.19846241176128387,0.694915235042572,0.2815844714641571
YMR109W,YPL066W,0,0.8451349,0.198405921459198,0.694915235042572,0.2816845178604126
YLR151C,YPL106C,0,0.8449882,0.1983494609594345,0.694915235042572,0.2817845344543457
YOR246C,YBL046W,0,0.84445715,0.1982930302619934,0.694915235042572,0.2818845510482788
YJL179W,YNL260C,0,0.84444404,0.1982366293668747,0.694915235042572,0.2819845974445343
YDR127W,YBL010C,0,0.8443827,0.19818027317523956,0.694915235042572,0.2820846140384674
YLL024C,YKL157W,1,0.8442089,0.19840818643569946,0.69591224193573,0.2820846140384674
YGL226C-A,YHR197W,0,0.84393156,0.19835180044174194,0.69591224193573,0.2821846604347229
YER119C,YOR099W,0,0.8439037,0.198295459151268,0.69591224193573,0.282284677028656
YNR062C,YJR029W,0,0.843643,0.19823913276195526,0.69591224193573,0.2823847234249115
YAL003W,YGR179C,0,0.8434106,0.1981828510761261,0.69591224193573,0.2824847400188446
YJL101C,YJR086W,0,0.8433416,0.19812659919261932,0.69591224193573,0.2825847864151001
YDR444W,YGL229C,0,0.8430724,0.19807037711143494,0.69591224193573,0.2826848030090332
YPR082C,YMR262W,0,0.84304327,0.19801418483257294,0.69591224193573,0.2827848494052887
YCL030C,YMR285C,0,0.84299356,0.19795802235603333,0.69591224193573,0.2828848659992218
YMR073C,YHR182W,0,0.84276116,0.1979019045829773,0.69591224193573,0.2829848825931549
YLR421C,YLR050C,0,0.84275955,0.19784580171108246,0.69591224193573,0.2830849289894104
YPR167C,YDR282C,0,0.84275866,0.1977897435426712,0.69591224193573,0.2831849455833435
YDR087C,YEL030W,0,0.8424881,0.19773371517658234,0.69591224193573,0.283284991979599
YDR353W,YEL016C,0,0.84224737,0.19767771661281586,0.69591224193573,0.2833850085735321
YPL236C,YER036C,0,0.8420467,0.19762174785137177,0.69591224193573,0.2834850549697876
YAR044W,YPL098C,0,0.84202415,0.19756580889225006,0.69591224193573,0.2835850715637207
YJL158C,YKL097W-A,1,0.841979,0.1977928727865219,0.6969092488288879,0.2835850715637207
YKL097W-A,YCL058C,1,0.84191096,0.19801980257034302,0.6979062557220459,0.2835850715637207
YHR210C,YBR016W,0,0.8409589,0.19796380400657654,0.6979062557220459,0.2836851179599762
YGL028C,YLR174W,0,0.8409425,0.19790783524513245,0.6979062557220459,0.2837851345539093
YGL070C,YMR210W,0,0.8407207,0.19785189628601074,0.6979062557220459,0.2838851511478424
YIR019C,YAR071W,1,0.8403282,0.19807855784893036,0.6989032626152039,0.2838851511478424
YAR044W,YMR211W,0,0.8402122,0.19802260398864746,0.6989032626152039,0.2839851975440979
YGR169C-C,YKR085C,0,0.83960474,0.19796667993068695,0.6989032626152039,0.284085214138031
YOR181W,YGR109W-A,0,0.83933085,0.19791078567504883,0.6989032626152039,0.2841852605342865
YDR034C-D,YDR040C,0,0.83888435,0.1978549212217331,0.6989032626152039,0.2842852771282196
YIL062C,YKL084W,0,0.8388469,0.19779910147190094,0.6989032626152039,0.2843853235244751
YGR027W-A,YPR201W,0,0.8388232,0.19774329662322998,0.6989032626152039,0.2844853401184082
YGL112C,YJR047C,0,0.83861864,0.1976875364780426,0.6989032626152039,0.2845853865146637
YER045C,YOR079C,0,0.8385776,0.1976318061351776,0.6989032626152039,0.2846854031085968
YMR087W,YOR266W,0,0.83803886,0.197576105594635,0.6989032626152039,0.2847854495048523
YGL082W,YBR246W,0,0.83784574,0.1975204348564148,0.6989032626152039,0.2848854660987854
YLR291C,YHL001W,0,0.8378262,0.19746479392051697,0.6989032626152039,0.2849854826927185
YGL060W,YKL071W,0,0.8377483,0.19740918278694153,0.6989032626152039,0.285085529088974
YPL192C,YHR037W,0,0.83764374,0.19735360145568848,0.6989032626152039,0.2851855456829071
YOR009W,YKR102W,1,0.8376237,0.1975795030593872,0.6999002695083618,0.2851855456829071
YLR355C,YAL055W,0,0.83729786,0.19752392172813416,0.6999002695083618,0.2852855920791626
YLL024C,YCR045C,1,0.8364371,0.19774964451789856,0.7008973360061646,0.2852855920791626
YHR206W,YDL246C,0,0.83621466,0.19769403338432312,0.7008973360061646,0.2853856086730957
YJL107C,YOR022C,0,0.83608127,0.19763845205307007,0.7008973360061646,0.2854856550693512
YLL048C,YPL202C,0,0.83576405,0.1975829154253006,0.7008973360061646,0.2855856716632843
YGR220C,YGL147C,0,0.8357531,0.19752739369869232,0.7008973360061646,0.2856857180595398
YKR081C,YML001W,0,0.8356912,0.19747191667556763,0.7008973360061646,0.2857857346534729
YDR506C,YKL175W,0,0.83459395,0.19741645455360413,0.7008973360061646,0.285885751247406
YLR157C-A,YIL102C-A,0,0.83452415,0.1973610371351242,0.7008973360061646,0.2859857976436615
YMR224C,YMR244C-A,0,0.8342309,0.19730563461780548,0.7008973360061646,0.2860858142375946
YPR093C,YCR055C,0,0.834057,0.19725027680397034,0.7008973360061646,0.2861858606338501
YBR060C,YNL194C,0,0.83399427,0.19719494879245758,0.7008973360061646,0.2862858772277832
YOR095C,YGL243W,0,0.8339399,0.1971396505832672,0.7008973360061646,0.2863859236240387
YGL170C,YCL005W-A,0,0.833793,0.19708438217639923,0.7008973360061646,0.2864859402179718
YLR221C,YHL050C,0,0.8336736,0.19702914357185364,0.7008973360061646,0.2865859866142273
YJL127C-A,YJL074C,0,0.8336303,0.19697394967079163,0.7008973360061646,0.2866860032081604
YMR251W-A,YGL153W,0,0.83357537,0.1969187706708908,0.7008973360061646,0.2867860496044159
YGR235C,YGR106C,0,0.83328265,0.19686362147331238,0.7008973360061646,0.286886066198349
YKR021W,YBL101W-A,0,0.8331249,0.19680851697921753,0.7008973360061646,0.2869860827922821
YLR120C,YBR056W,1,0.83310735,0.19703330099582672,0.7018943428993225,0.2869860827922821
YDR379C-A,YLR183C,0,0.83296144,0.19697818160057068,0.7018943428993225,0.2870861291885376
YJL055W,YMR135C,0,0.8325821,0.19692307710647583,0.7018943428993225,0.2871861457824707
YOR231W,YKL152C,0,0.832294,0.19686800241470337,0.7018943428993225,0.2872861921787262
YPL198W,YDR126W,0,0.832012,0.1968129724264145,0.7018943428993225,0.2873862087726593
YKL001C,YDR189W,0,0.8307671,0.196757972240448,0.7018943428993225,0.2874862551689148
YHR212W-A,YHL030W,0,0.83029115,0.1967029869556427,0.7018943428993225,0.2875862717628479
YCR101C,YDR208W,0,0.83028245,0.19664804637432098,0.7018943428993225,0.2876863181591034
YJR026W,YEL022W,0,0.8301858,0.19659313559532166,0.7018943428993225,0.2877863347530365
YKL126W,YPR027C,0,0.8301421,0.19653823971748352,0.7018943428993225,0.2878863513469696
YPR048W,YER065C,0,0.8292829,0.19648338854312897,0.7018943428993225,0.2879863977432251
YDL081C,YBR175W,0,0.8291501,0.1964285671710968,0.7018943428993225,0.2880864143371582
YNL204C,YER119C,0,0.82885104,0.19637377560138702,0.7018943428993225,0.2881864607334137
YDR196C,YMR231W,0,0.8287813,0.19631901383399963,0.7018943428993225,0.2882864773273468
YLR053C,YHR143W-A,0,0.82877,0.19626428186893463,0.7018943428993225,0.2883865237236023
YNL190W,YLR391W-A,1,0.828743,0.19648829102516174,0.7028913497924805,0.2883865237236023
YDR365W-B,YLR403W,0,0.82850283,0.19643354415893555,0.7028913497924805,0.2884865403175354
YDR115W,YJR026W,0,0.8282888,0.19637882709503174,0.7028913497924805,0.2885865867137909
YHR166C,YBL039W-B,0,0.8281597,0.19632413983345032,0.7028913497924805,0.288686603307724
YFL025C,YKR043C,0,0.8280815,0.19626948237419128,0.7028913497924805,0.2887866497039795
YGR157W,YMR056C,0,0.82783306,0.19621486961841583,0.7028913497924805,0.2888866662979126
YPR121W,YMR305C,1,0.82777965,0.1964385062456131,0.7038883566856384,0.2888866662979126
YNL172W,YCL001W-B,0,0.8276535,0.19638386368751526,0.7038883566856384,0.2889866828918457
YOL011W,YDR420W,1,0.82742727,0.1966073364019394,0.7048853635787964,0.2889866828918457
YDL104C,YCR075W-A,0,0.8273847,0.19655267894268036,0.7048853635787964,0.2890867292881012
YJL021C,YHL048W,0,0.82712936,0.1964980512857437,0.7048853635787964,0.2891867458820343
YGR169C-C,YNL036W,0,0.8263658,0.19644345343112946,0.7048853635787964,0.2892867922782898
YKL138C-A,YCL037C,0,0.82575923,0.19638888537883759,0.7048853635787964,0.2893868088722229
YDL177C,YIL011W,0,0.8253958,0.1963343471288681,0.7048853635787964,0.2894868552684784
YML002W,YMR149W,0,0.82530737,0.196279838681221,0.7048853635787964,0.2895868718624115
YNL318C,YLR025W,0,0.82528913,0.1962253749370575,0.7048853635787964,0.289686918258667
YBR283C,YER070W,0,0.8252167,0.19617092609405518,0.7048853635787964,0.2897869348526001
YGR049W,YPL276W,0,0.8250827,0.19611650705337524,0.7048853635787964,0.2898869514465332
YPL283C,YPL210C,0,0.82488084,0.1960621178150177,0.7048853635787964,0.2899869978427887
YDR524C-B,YLL009C,0,0.8248454,0.19600775837898254,0.7048853635787964,0.2900870144367218
YDR365W-A,YNL108C,0,0.8246033,0.19595344364643097,0.7048853635787964,0.2901870608329773
YOR039W,YDR365W-A,0,0.8243859,0.1958991438150406,0.7048853635787964,0.2902870774269104
YER069W,YBL101W-B,0,0.8239969,0.1958448737859726,0.7048853635787964,0.2903871238231659
YHR211W,YGL028C,1,0.82387495,0.19606757164001465,0.7058823704719543,0.2903871238231659
YJL037W,YCL075W,0,0.82372373,0.19601328670978546,0.7058823704719543,0.290487140417099
YOL155C,YML103C,0,0.8236806,0.19595903158187866,0.7058823704719543,0.2905871868133545
YDR043C,YPL110C,0,0.8235416,0.19590482115745544,0.7058823704719543,0.2906872034072876
YFL055W,YER156C,0,0.8231807,0.19585062563419342,0.7058823704719543,0.2907872498035431
YBL107C,YMR290C,0,0.82260436,0.19579645991325378,0.7058823704719543,0.2908872663974762
YJL159W,YKR102W,1,0.8225248,0.19601880013942719,0.7068793773651123,0.2908872663974762
YNL145W,YAL063C,1,0.8223884,0.19624102115631104,0.7078763842582703,0.2908872663974762
YCL058W-A,YOR369C,0,0.82223046,0.19618679583072662,0.7078763842582703,0.2909872829914093
YNL166C,YMR291W,0,0.8220046,0.1961326003074646,0.7078763842582703,0.2910873293876648
YLR013W,YLR179C,0,0.82198894,0.19607843458652496,0.7078763842582703,0.2911873459815979
YMR194C-B,YHR200W,0,0.82178676,0.19602429866790771,0.7078763842582703,0.2912873923778534
YIL148W,YGR031C-A,0,0.82120645,0.19597019255161285,0.7078763842582703,0.2913874089717865
YOR319W,YHR185C,0,0.82075787,0.19591611623764038,0.7078763842582703,0.291487455368042
YOL122C,YDL170W,0,0.8206253,0.1958620697259903,0.7078763842582703,0.2915874719619751
YKL133C,YLR248W,0,0.82040185,0.1958080530166626,0.7078763842582703,0.2916875183582306
YBR139W,YKL100C,0,0.82029855,0.1957540661096573,0.7078763842582703,0.2917875349521637
YDR387C,YDR210W-B,0,0.8202687,0.19570010900497437,0.7078763842582703,0.2918875515460968
YGR068C,YOR022C,0,0.82002443,0.19564618170261383,0.7078763842582703,0.2919875979423523
YKL216W,YPL210C,0,0.81982493,0.19559228420257568,0.7078763842582703,0.2920876145362854
YFR030W,YBR192W,0,0.8185761,0.19553841650485992,0.7078763842582703,0.2921876609325409
YOR182C,YIL126W,0,0.8182718,0.19548457860946655,0.7078763842582703,0.292287677526474
YKL212W,YLR445W,0,0.81821656,0.19543077051639557,0.7078763842582703,0.2923877239227295
YMR316C-A,YDR472W,0,0.8182056,0.19537699222564697,0.7078763842582703,0.2924877405166626
YDL104C,YOR338W,0,0.8180859,0.19532324373722076,0.7078763842582703,0.2925877869129181
YLR154W-C,YML072C,0,0.817657,0.19526952505111694,0.7078763842582703,0.2926878035068512
YDR106W,YGL189C,0,0.81763774,0.1952158361673355,0.7078763842582703,0.2927878499031067
YOR078W,YCL045C,0,0.81737447,0.19516217708587646,0.7078763842582703,0.2928878664970398
YKL158W,YIL011W,1,0.8172679,0.19538334012031555,0.7088733911514282,0.2928878664970398
YCL063W,YJR073C,0,0.8170471,0.1953296661376953,0.7088733911514282,0.2929878830909729
YNL103W,YBL103C-A,0,0.8168733,0.19527602195739746,0.7088733911514282,0.2930879294872284
YBR096W,YBR223C,0,0.8167155,0.195222407579422,0.7088733911514282,0.2931879460811615
YHR128W,YMR012W,0,0.8166393,0.19516882300376892,0.7088733911514282,0.293287992477417
YOR298C-A,YJR006W,0,0.81644726,0.19511525332927704,0.7088733911514282,0.2933880090713501
YBR175W,YMR258C,0,0.8161957,0.19506172835826874,0.7088733911514282,0.2934880554676056
YHL037C,YLR001C,1,0.81616867,0.19528250396251678,0.7098703980445862,0.2934880554676056
YLR304C,YPR185W,0,0.81580937,0.1952289491891861,0.7098703980445862,0.2935880720615387
YKL097W-A,YPL273W,0,0.8149025,0.195175439119339,0.7098703980445862,0.2936881184577942
YGL252C,YCL056C,0,0.81483364,0.19512194395065308,0.7098703980445862,0.2937881350517273
YDR390C,YOR202W,0,0.8147814,0.19506849348545074,0.7098703980445862,0.2938881516456604
YMR318C,YCR027C,0,0.81459755,0.1950150579214096,0.7098703980445862,0.2939881980419159
YAL063C,YJR151C,1,0.81374824,0.1952354907989502,0.7108674049377441,0.2939881980419159
YLR050C,YER033C,0,0.8135197,0.19518204033374786,0.7108674049377441,0.294088214635849
YGL212W,YJR124C,0,0.81325257,0.19512861967086792,0.7108674049377441,0.2941882610321045
YAR019C,YFR031C-A,0,0.8130225,0.19507524371147156,0.7108674049377441,0.2942882776260376
YDR207C,YPL048W,0,0.8129438,0.1950218826532364,0.7108674049377441,0.2943883240222931
YLR048W,YPL283C,0,0.8128408,0.1949685513973236,0.7108674049377441,0.2944883406162262
YIL017C,YBL005W-A,0,0.81277245,0.19491524994373322,0.7108674049377441,0.2945883870124817
YGR081C,YLR167W,0,0.81269646,0.1948619782924652,0.7108674049377441,0.2946884036064148
YER151C,YMR031C,0,0.8126233,0.1948087364435196,0.7108674049377441,0.2947884500026703
YOR027W,YCL075W,0,0.8124441,0.19475552439689636,0.7108674049377441,0.2948884665966034
YDR119W-A,YLR404W,0,0.8124147,0.19470234215259552,0.7108674049377441,0.2949884831905365
YPL230W,YCL008C,0,0.8123906,0.19464918971061707,0.7108674049377441,0.295088529586792
YLR109W,YMR011W,0,0.8123684,0.194596067070961,0.7108674049377441,0.2951885461807251
YOL161C,YPR029C,0,0.8123376,0.19454297423362732,0.7108674049377441,0.2952885925769806
YDR434W,YPR204W,0,0.8123069,0.19448991119861603,0.7108674049377441,0.2953886091709137
YKL032C,YCL047C,0,0.8121754,0.19443686306476593,0.7108674049377441,0.2954886555671692
YLL004W,YGR148C,0,0.81056875,0.19438385963439941,0.7108674049377441,0.2955886721611023
YCR101C,YKL054C,0,0.810383,0.19433088600635529,0.7108674049377441,0.2956887185573578
YDL055C,YLR194C,0,0.8097868,0.19427792727947235,0.7108674049377441,0.2957887351512909
YOL080C,YKL222C,0,0.809654,0.194225013256073,0.7108674049377441,0.295888751745224
YBL071W-A,YGR108W,0,0.809594,0.19417211413383484,0.7108674049377441,0.2959887981414795
YOR093C,YGL166W,0,0.8092449,0.19411924481391907,0.7108674049377441,0.2960888147354126
YFR020W,YKR042W,1,0.80881965,0.1943385899066925,0.7118644118309021,0.2960888147354126
YNL077W,YOL048C,0,0.8087847,0.19428572058677673,0.7118644118309021,0.2961888611316681
YOR094W,YNL260C,0,0.80877465,0.19423286616802216,0.7118644118309021,0.2962888777256012
YHR070W,YBL029C-A,0,0.80876154,0.19418004155158997,0.7118644118309021,0.2963889241218567
YJR040W,YDR210W,0,0.80811787,0.19412724673748016,0.7118644118309021,0.2964889407157898
YKL077W,YGL001C,0,0.8079766,0.19407448172569275,0.7118644118309021,0.2965889871120453
YBR012W-B,YHR172W,0,0.80775094,0.19402174651622772,0.7118644118309021,0.2966890037059784
YLR301W,YJL074C,0,0.80774313,0.1939690262079239,0.7118644118309021,0.2967890501022339
YFR012W,YLR042C,0,0.80699104,0.19391635060310364,0.7118644118309021,0.296889066696167
YMR099C,YDR180W,0,0.80696833,0.19386370480060577,0.7118644118309021,0.2969890832901001
YHL047C,YGR169C,0,0.80687726,0.1938110738992691,0.7118644118309021,0.2970891296863556
YGR031C-A,YDR354W,0,0.8066392,0.19375848770141602,0.7118644118309021,0.2971891462802887
YIL169C,YBR200W-A,1,0.8065799,0.1939772069454193,0.7128614187240601,0.2971891462802887
YLR408C,YIR034C,0,0.8063604,0.19392460584640503,0.7128614187240601,0.2972891926765442
YHR169W,YPR011C,0,0.80633414,0.19387201964855194,0.7128614187240601,0.2973892092704773
YDR098C-A,YOR303W,0,0.80619407,0.19381946325302124,0.7128614187240601,0.2974892556667328
YNL312W,YJL185C,0,0.80570364,0.19376693665981293,0.7128614187240601,0.2975892722606659
YJL132W,YJL095W,0,0.80535877,0.193714439868927,0.7128614187240601,0.2976893186569214
YDL231C,YCL058W-A,0,0.80498874,0.19366197288036346,0.7128614187240601,0.2977893352508545
YGR252W,YOL053C-A,0,0.8049292,0.19360953569412231,0.7128614187240601,0.29788938164711
YKL209C,YIL127C,0,0.8046054,0.19355711340904236,0.7128614187240601,0.2979893982410431
YML034W,YPR158C-C,0,0.80447805,0.19350473582744598,0.7128614187240601,0.2980894148349762
YDL104C,YBR104W,0,0.80416346,0.193452388048172,0.7128614187240601,0.2981894612312317
YPR204W,YDL008W,0,0.8040799,0.1934000551700592,0.7128614187240601,0.2982894778251648
YPL187W,YOL011W,1,0.80367386,0.19361817836761475,0.713858425617218,0.2982894778251648
YJL121C,YPL203W,0,0.8035102,0.19356583058834076,0.713858425617218,0.2983895242214203
YKL082C,YKL171W,0,0.80278087,0.19351351261138916,0.713858425617218,0.2984895408153534
YIR017C,YAL026C,0,0.80275095,0.19346122443675995,0.713858425617218,0.2985895872116089
YDL061C,YNL054W-B,0,0.8026625,0.19340896606445312,0.713858425617218,0.298689603805542
YMR315W,YJR125C,0,0.80258864,0.1933567374944687,0.713858425617218,0.2987896502017975
YOL159C,YHR202W,1,0.80248034,0.19357451796531677,0.714855432510376,0.2987896502017975
YNL305C,YDL070W,0,0.8019057,0.19352227449417114,0.714855432510376,0.2988896667957306
YKL037W,YJL038C,0,0.80177426,0.1934700459241867,0.714855432510376,0.2989896833896637
YPR041W,YBR152W,0,0.8009738,0.19341786205768585,0.714855432510376,0.2990897297859192
YLR095C,YJR137C,0,0.8009094,0.1933656930923462,0.714855432510376,0.2991897463798523
YBL015W,YCR088W,0,0.8008762,0.1933135688304901,0.714855432510376,0.2992897927761078
YPL192C,YLR368W,0,0.80083287,0.19326145946979523,0.714855432510376,0.2993898093700409
YEL069C,YNL190W,0,0.80057317,0.19320937991142273,0.714855432510376,0.2994898557662964
YHR079C-B,YML121W,0,0.80025786,0.19315733015537262,0.714855432510376,0.2995898723602295
YPL086C,YER087C-A,0,0.80019474,0.1931053102016449,0.714855432510376,0.299689918756485
YMR136W,YPR091C,0,0.800107,0.19305330514907837,0.714855432510376,0.2997899353504181
YCR041W,YDR083W,0,0.7999977,0.19300134479999542,0.714855432510376,0.2998899817466736
YDL066W,YLR391W,0,0.7996208,0.19294941425323486,0.714855432510376,0.2999899983406067
YHR143W,YEL040W,1,0.79898834,0.19316653907299042,0.7158524394035339,0.2999899983406067
YGR001C,YJR048W,0,0.7981355,0.19311457872390747,0.7158524394035339,0.3000900149345398
YFL052W,YOR306C,0,0.79767895,0.1930626481771469,0.7158524394035339,0.3001900613307953
YDL046W,YJR024C,0,0.7969967,0.19301074743270874,0.7158524394035339,0.3002900779247284
YBR280C,YNL024C-A,0,0.79684377,0.19295887649059296,0.7158524394035339,0.3003901243209839
YAL025C,YBR243C,0,0.7965923,0.19290703535079956,0.7158524394035339,0.300490140914917
YDR512C,YGR183C,0,0.79629487,0.19285522401332855,0.7158524394035339,0.3005901873111725
YMR039C,YNR043W,0,0.79623425,0.19280344247817993,0.7158524394035339,0.3006902039051056
YGR122W,YLR190W,0,0.79577255,0.1927516758441925,0.7158524394035339,0.3007902503013611
YML026C,YER028C,0,0.7954834,0.19269993901252747,0.7158524394035339,0.3008902668952942
YLL016W,YGR085C,0,0.7953577,0.192648246884346,0.7158524394035339,0.3009902834892273
YCR089W,YMR006C,1,0.7950349,0.1928648054599762,0.7168494462966919,0.3009902834892273
YOR251C,YLL023C,0,0.7949838,0.19281308352947235,0.7168494462966919,0.3010903298854828
YML081C-A,YGR161W-B,0,0.79486436,0.1927613914012909,0.7168494462966919,0.3011903464794159
YHR129C,YLR224W,0,0.79453206,0.19270972907543182,0.7168494462966919,0.3012903928756714
YPL150W,YLR263W,0,0.7943145,0.19265809655189514,0.7168494462966919,0.3013904094696045
YHL037C,YAL063C,1,0.79429805,0.19287435710430145,0.7178464531898499,0.3013904094696045
YJR042W,YOR153W,0,0.79429513,0.19282270967960358,0.7178464531898499,0.30149045586586
YDR188W,YBR046C,0,0.7936777,0.1927710771560669,0.7178464531898499,0.3015904724597931
YOR214C,YHR153C,0,0.7934539,0.1927194893360138,0.7178464531898499,0.3016905188560486
YAL048C,YPL198W,0,0.7933583,0.1926679164171219,0.7178464531898499,0.3017905354499817
YLR390W-A,YKL157W,1,0.7929876,0.19288389384746552,0.7188434600830078,0.3017905354499817
YGL082W,YLR371W,0,0.7923132,0.19283230602741241,0.7188434600830078,0.3018905818462372
YKL224C,YLL022C,0,0.79210985,0.1927807480096817,0.7188434600830078,0.3019905984401703
YGL212W,YPR158C-C,0,0.7918838,0.19272921979427338,0.7188434600830078,0.3020906150341034
YIL083C,YLR380W,0,0.79166627,0.19267770648002625,0.7188434600830078,0.3021906614303589
YOR293W,YGR195W,0,0.79117024,0.1926262378692627,0.7188434600830078,0.302290678024292
YCR102C,YGR085C,0,0.79063404,0.19257478415966034,0.7188434600830078,0.3023907244205475
YLR110C,YKL097W-A,1,0.7905354,0.19279038906097412,0.7198404669761658,0.3023907244205475
YMR243C,YGL129C,0,0.79021114,0.19273892045021057,0.7198404669761658,0.3024907410144806
YOL097C,YOR142W,0,0.7901608,0.1926874816417694,0.7198404669761658,0.3025907874107361
YOL163W,YNL158W,0,0.79001904,0.19263607263565063,0.7198404669761658,0.3026908040046692
YER039C,YJR111C,0,0.7897676,0.19258469343185425,0.7198404669761658,0.3027908504009247
YIR039C,YAL056W,0,0.78936255,0.19253332912921906,0.7198404669761658,0.3028908669948578
YJR089W,YER071C,0,0.78929305,0.19248200953006744,0.7198404669761658,0.3029908835887909
YGR169C-C,YHR171W,0,0.789266,0.19243070483207703,0.7198404669761658,0.3030909299850464
YJL078C,YEL040W,1,0.7890675,0.1926458775997162,0.7208374738693237,0.3030909299850464
YCR098C,YJL004C,0,0.78890866,0.19259457290172577,0.7208374738693237,0.3031909465789795
YCR100C,YNL075W,0,0.78888667,0.19254326820373535,0.7208374738693237,0.303290992975235
YIL062C,YCR015C,0,0.7886391,0.19249200820922852,0.7208374738693237,0.3033910095691681
YIL023C,YJR131W,0,0.7884522,0.19244077801704407,0.7208374738693237,0.3034910559654236
YOL077W-A,YML102W,0,0.78795063,0.1923895627260208,0.7208374738693237,0.3035910725593567
YHR101C,YOR391C,0,0.787874,0.19233839213848114,0.7208374738693237,0.3036911189556122
YDR091C,YBR017C,0,0.7878726,0.19228723645210266,0.7208374738693237,0.3037911355495453
YOL103W-A,YDL211C,0,0.7874607,0.19223611056804657,0.7208374738693237,0.3038911819458008
YHR193C,YNL054W-B,0,0.7871648,0.19218501448631287,0.7208374738693237,0.3039911985397339
YLR120C,YBR054W,0,0.7870822,0.19213393330574036,0.7208374738693237,0.304091215133667
YPR158W-A,YDR083W,0,0.786258,0.19208289682865143,0.7208374738693237,0.3041912615299225
YBL107C,YGL213C,0,0.7861141,0.1920318752527237,0.7208374738693237,0.3042912781238556
YDR365W-B,YHL050C,0,0.78604066,0.19198088347911835,0.7208374738693237,0.3043913245201111
YIL165C,YOL157C,0,0.78597444,0.1919299215078354,0.7208374738693237,0.3044913411140442
YGR043C,YDR210W-A,0,0.7857131,0.19187897443771362,0.7208374738693237,0.3045913875102997
YNR002C,YNR036C,0,0.78498006,0.19182807207107544,0.7208374738693237,0.3046914041042328
YDR490C,YOR317W,0,0.78473836,0.19177718460559845,0.7208374738693237,0.3047914505004883
YDR374W-A,YFL062W,0,0.78415,0.19172632694244385,0.7208374738693237,0.3048914670944214
YMR134W,YMR068W,0,0.7839234,0.19167549908161163,0.7208374738693237,0.3049914836883545
YFR030W,YBL091C-A,0,0.7838374,0.1916247010231018,0.7208374738693237,0.30509153008461
YLR091W,YBR251W,0,0.7834414,0.19157393276691437,0.7208374738693237,0.3051915466785431
YGR001C,YIR021W,0,0.7831296,0.19152317941188812,0.7208374738693237,0.3052915930747986
YHR056C,YPL219W,0,0.78301406,0.19147245585918427,0.7208374738693237,0.3053916096687317
YKL004W,YCL033C,0,0.7826974,0.1914217621088028,0.7208374738693237,0.3054916560649872
YOR044W,YOR093C,0,0.78255355,0.1913710981607437,0.7208374738693237,0.3055916726589203
YLR098C,YPR011C,0,0.7824677,0.19132044911384583,0.7208374738693237,0.3056917190551758
YJR150C,YLR001C,1,0.7822007,0.1915343850851059,0.7218344807624817,0.3056917190551758
YCR101C,YML118W,0,0.7821057,0.191483736038208,0.7218344807624817,0.3057917356491089
YGL198W,YKL146W,0,0.78175455,0.1914331018924713,0.7218344807624817,0.3058917820453644
YOR343C-A,YGL133W,0,0.7816417,0.191382497549057,0.7218344807624817,0.3059917986392975
YBR180W,YBL072C,0,0.781423,0.1913319230079651,0.7218344807624817,0.3060918152332306
YPL049C,YKR017C,0,0.78126,0.19128137826919556,0.7218344807624817,0.3061918616294861
YDL045C,YNR018W,0,0.78078973,0.19123084843158722,0.7218344807624817,0.3062918782234192
YCR063W,YBR204C,0,0.7807754,0.19118034839630127,0.7218344807624817,0.3063919246196747
YBR056W,YDR420W,1,0.780661,0.1913938820362091,0.7228314876556396,0.3063919246196747
YMR209C,YOR167C,0,0.7803905,0.19134336709976196,0.7228314876556396,0.3064919412136078
YDL127W,YOR338W,0,0.78030086,0.1912928819656372,0.7228314876556396,0.3065919876098633
YML052W,YOR026W,0,0.7798759,0.19124241173267365,0.7228314876556396,0.3066920042037964
YOL001W,YPL168W,0,0.7796792,0.19119198620319366,0.7228314876556396,0.3067920506000519
YML019W,YBR078W,0,0.77919054,0.19114157557487488,0.7228314876556396,0.306892067193985
YNL053W,YOR049C,0,0.7791673,0.19109119474887848,0.7228314876556396,0.3069920837879181
YOR343W-B,YOR381W,0,0.7790805,0.19104084372520447,0.7228314876556396,0.3070921301841736
YCL030C,YER144C,0,0.778934,0.19099052250385284,0.7228314876556396,0.3071921467781067
YDR373W,YGR094W,0,0.7778661,0.19094021618366241,0.7228314876556396,0.3072921931743622
YPL130W,YLR160C,1,0.7777909,0.19115324318408966,0.7238284945487976,0.3072921931743622
YNR067C,YLR040C,1,0.7776194,0.19136615097522736,0.7248255014419556,0.3072921931743622
YGL160W,YDL008W,0,0.77743924,0.19131578505039215,0.7248255014419556,0.3073922097682953
YFR016C,YGL092W,0,0.77716386,0.19126546382904053,0.7248255014419556,0.3074922561645508
YGL064C,YPR157W,0,0.77645016,0.1912151426076889,0.7248255014419556,0.3075922727584839
YLR067C,YLR445W,0,0.7758888,0.19116486608982086,0.7248255014419556,0.3076923191547394
YJR150C,YJR004C,1,0.7758304,0.19137749075889587,0.7258225083351135,0.3076923191547394
YKL157W,YDR461W,1,0.77566195,0.19159001111984253,0.7268195152282715,0.3076923191547394
YIL056W,YOR204W,0,0.7756578,0.1915396749973297,0.7268195152282715,0.3077923357486725
YGR043C,YBR077C,0,0.77555543,0.19148936867713928,0.7268195152282715,0.307892382144928
YKR077W,YPL014W,0,0.7753017,0.19143907725811005,0.7268195152282715,0.3079923987388611
YJL145W,YOL119C,0,0.77522135,0.1913888156414032,0.7268195152282715,0.3080924153327942
YHL017W,YOR230W,0,0.7750201,0.19133858382701874,0.7268195152282715,0.3081924617290497
YOR190W,YPL087W,0,0.7750019,0.19128838181495667,0.7268195152282715,0.3082924783229828
YGL039W,YFL001W,0,0.7746035,0.1912381947040558,0.7268195152282715,0.3083925247192383
YBR012W-B,YBL072C,0,0.7745596,0.1911880373954773,0.7268195152282715,0.3084925413131714
YJR098C,YER154W,0,0.77445054,0.1911379098892212,0.7268195152282715,0.3085925877094269
YDR317W,YMR017W,0,0.77420807,0.19108781218528748,0.7268195152282715,0.30869260430336
YHR030C,YLL057C,0,0.7739721,0.19103772938251495,0.7268195152282715,0.3087926506996155
YDR115W,YGL207W,0,0.7739489,0.190987691283226,0.7268195152282715,0.3088926672935486
YHR112C,YER078C,0,0.7736957,0.19093766808509827,0.7268195152282715,0.3089926838874817
YKL032C,YBL005W-B,0,0.77354145,0.1908876597881317,0.7268195152282715,0.3090927302837372
YNL175C,YDL149W,0,0.77315164,0.19083769619464874,0.7268195152282715,0.3091927468776703
YPL281C,YDL241W,0,0.7729193,0.19078774750232697,0.7268195152282715,0.3092927932739258
YJR153W,YBR056W,1,0.7724145,0.19099947810173035,0.7278165221214294,0.3092927932739258
YOR306C,YPL177C,0,0.7723003,0.19094951450824738,0.7278165221214294,0.3093928098678589
YLR391W,YKL157W,1,0.772085,0.19116108119487762,0.7288135886192322,0.3093928098678589
YHR189W,YBL089W,0,0.77194107,0.19111111760139465,0.7288135886192322,0.3094928562641144
YBR186W,YOR320C,0,0.77191603,0.19106115400791168,0.7288135886192322,0.3095928728580475
YJL222W,YOL059W,0,0.7715728,0.1910112351179123,0.7288135886192322,0.309692919254303
YDR261W-B,YGR279C,0,0.77121645,0.1909613311290741,0.7288135886192322,0.3097929358482361
YCR040W,YDR476C,0,0.7708171,0.19091147184371948,0.7288135886192322,0.3098929822444916
YIR039C,YBR056W,1,0.77079797,0.19112271070480347,0.7298105955123901,0.3098929822444916
YPL190C,YDR059C,0,0.7707232,0.19107282161712646,0.7298105955123901,0.3099929988384247
YNL224C,YLL056C,0,0.7707006,0.19102296233177185,0.7298105955123901,0.3100930154323578
YOL021C,YMR031C,0,0.7704303,0.19097313284873962,0.7298105955123901,0.3101930618286133
YPL274W,YMR277W,0,0.77040386,0.1909233182668686,0.7298105955123901,0.3102930784225464
YLR157C-A,YOR321W,0,0.7700317,0.19087353348731995,0.7298105955123901,0.3103931248188019
YFR024C-A,YLR449W,0,0.7700064,0.1908237785100937,0.7298105955123901,0.310493141412735
YJR028W,YGR067C,0,0.7698072,0.19077403843402863,0.7298105955123901,0.3105931878089905
YMR156C,YDL183C,0,0.7697428,0.19072432816028595,0.7298105955123901,0.3106932044029236
YLR241W,YDR153C,0,0.7695044,0.19067464768886566,0.7298105955123901,0.3107932507991791
YKL074C,YNR018W,0,0.76940644,0.19062499701976776,0.7298105955123901,0.3108932673931122
YMR284W,YMR049C,0,0.7693358,0.19057537615299225,0.7298105955123901,0.3109932839870453
YLR120C,YIL168W,0,0.7692659,0.19052577018737793,0.7298105955123901,0.3110933303833008
YJL107C,YOR023C,0,0.7686058,0.190476194024086,0.7298105955123901,0.3111933469772339
YKR007W,YMR260C,0,0.7683562,0.19042663276195526,0.7298105955123901,0.3112933933734894
YNR001C,YBR016W,0,0.7683039,0.1903771162033081,0.7298105955123901,0.3113934099674225
YDR410C,YHR198C,0,0.7673919,0.19032761454582214,0.7298105955123901,0.311493456363678
YMR026C,YNL015W,0,0.7673427,0.19027814269065857,0.7298105955123901,0.3115934729576111
YDL045C,YCR031C,0,0.76709044,0.1902286857366562,0.7298105955123901,0.3116935193538666
YOR393W,YLR397C,0,0.7669804,0.1901792734861374,0.7298105955123901,0.3117935359477997
YAL005C,YHR202W,1,0.76678205,0.19038960337638855,0.7308076024055481,0.3117935359477997
YPL236C,YLR135W,0,0.7667724,0.19034017622470856,0.7308076024055481,0.3118935823440552
YDR119W-A,YDR198C,0,0.7665399,0.19029076397418976,0.7308076024055481,0.3119935989379883
YJR098C,YBL059C-A,0,0.7663578,0.19024136662483215,0.7308076024055481,0.3120936155319214
YIL148W,YMR268W-A,0,0.7661871,0.19019201397895813,0.7308076024055481,0.3121936619281769
YLR422W,YDR238C,0,0.76606894,0.1901426762342453,0.7308076024055481,0.31229367852211
YML130C,YKR036C,0,0.7655891,0.19009336829185486,0.7308076024055481,0.3123937249183655
YPL008W,YBL071W-A,0,0.7655325,0.1900440752506256,0.7308076024055481,0.3124937415122986
YAR050W,YHR216W,0,0.76504946,0.18999481201171875,0.7308076024055481,0.3125937879085541
YIL177C,YOL088C,0,0.7650317,0.18994557857513428,0.7308076024055481,0.3126938045024872
YPL052W-A,YGR279C,0,0.7649181,0.1898963749408722,0.7308076024055481,0.3127938508987427
YIL050W,YOL087C,0,0.76489186,0.1898471862077713,0.7308076024055481,0.3128938674926758
YNL279W,YGL122C,0,0.7641251,0.1897980272769928,0.7308076024055481,0.3129938840866089
YEL077C,YGL110C,0,0.7640586,0.18974889814853668,0.7308076024055481,0.3130939304828644
YFR032C-A,YJL178C,0,0.7638154,0.18969979882240295,0.7308076024055481,0.3131939470767975
YDL052C,YIL065C,0,0.76368695,0.18965071439743042,0.7308076024055481,0.313293993473053
YBL027W,YLR196W,0,0.7635977,0.18960165977478027,0.7308076024055481,0.3133940100669861
YPR127W,YPL014W,0,0.76321334,0.18955262005329132,0.7308076024055481,0.3134940564632416
YNL175C,YMR323W,0,0.7631953,0.18950362503528595,0.7308076024055481,0.3135940730571747
YLR391W-A,YHR133C,0,0.76285607,0.18945464491844177,0.7308076024055481,0.3136941194534302
YEL043W,YJL141C,0,0.76237017,0.1894056797027588,0.7308076024055481,0.3137941360473633
YKL138C-A,YHR153C,0,0.76231,0.1893567591905594,0.7308076024055481,0.3138941824436188
YNR050C,YPL052W-A,0,0.76226234,0.18930785357952118,0.7308076024055481,0.3139941990375519
YDL054C,YOR176W,0,0.7620517,0.18925897777080536,0.7308076024055481,0.314094215631485
YGR240C,YER008C,0,0.7619004,0.18921011686325073,0.7308076024055481,0.3141942620277405
YPL224C,YDR523C,0,0.7617874,0.1891612857580185,0.7308076024055481,0.3142942786216736
YDR500C,YOL064C,0,0.76074064,0.18911248445510864,0.7308076024055481,0.3143943250179291
YER166W,YGR239C,0,0.76018107,0.18906371295452118,0.7308076024055481,0.3144943416118622
YJL158C,YGR189C,1,0.75976324,0.18927282094955444,0.731804609298706,0.3144943416118622
YEL065W,YLR316C,0,0.75941,0.1892240196466446,0.731804609298706,0.3145943880081177
YDR304C,YHR216W,0,0.75921893,0.18917526304721832,0.731804609298706,0.3146944046020508
YMR088C,YPR109W,0,0.75909543,0.18912650644779205,0.731804609298706,0.3147944509983063
YDR371W,YLR390W-A,1,0.758806,0.1893353909254074,0.732801616191864,0.3147944509983063
YOR246C,YPR086W,0,0.75879735,0.18928663432598114,0.732801616191864,0.3148944675922394
YDR330W,YNL024C-A,0,0.75852835,0.18923789262771606,0.732801616191864,0.3149944841861725
YCL037C,YPR154W,0,0.7583158,0.18918919563293457,0.732801616191864,0.315094530582428
YGL068W,YHR089C,0,0.7581904,0.18914049863815308,0.732801616191864,0.3151945471763611
YDR119W-A,YIL135C,0,0.7581876,0.18909184634685516,0.732801616191864,0.3152945935726166
YDR261C,YGR294W,0,0.7580787,0.18904320895671844,0.732801616191864,0.3153946101665497
YJR006W,YOL087C,0,0.7577053,0.1889946013689041,0.732801616191864,0.3154946565628052
YMR202W,YDL030W,0,0.7576728,0.18894600868225098,0.732801616191864,0.3155946731567383
YDL226C,YLR287C,0,0.75722545,0.18889746069908142,0.732801616191864,0.3156947195529938
YAR020C,YER108C,0,0.757174,0.18884892761707306,0.732801616191864,0.3157947361469269
YER052C,YMR120C,0,0.75700754,0.1888004094362259,0.732801616191864,0.3158947825431824
YOR009W,YOR214C,1,0.7568891,0.18900872766971588,0.733798623085022,0.3158947825431824
YBR012W-B,YBR239C,0,0.75667673,0.1889602094888687,0.733798623085022,0.3159947991371155
YMR287C,YBL005W-B,0,0.75549245,0.18891170620918274,0.733798623085022,0.3160948157310486
YML100W,YPR032W,0,0.75540596,0.18886323273181915,0.733798623085022,0.3161948621273041
YGL046W,YBR207W,0,0.7550291,0.18881477415561676,0.733798623085022,0.3162948787212372
YNL008C,YPL262W,0,0.7540897,0.18876634538173676,0.733798623085022,0.3163949251174927
YOL055C,YMR169C,0,0.75406396,0.18871794641017914,0.733798623085022,0.3164949417114258
YML030W,YKL004W,0,0.7538948,0.1886695772409439,0.733798623085022,0.3165949881076813
YOR384W,YDR400W,0,0.75306,0.18862122297286987,0.733798623085022,0.3166950047016144
YDR055W,YPR121W,1,0.75305146,0.18882910907268524,0.7347956299781799,0.3166950047016144
YLR040C,YER176W,0,0.753047,0.18878073990345,0.7347956299781799,0.3167950510978699
YCR089W,YNL012W,1,0.7529738,0.18898847699165344,0.7357926368713379,0.3167950510978699
YPL031C,YLR173W,0,0.752584,0.18894009292125702,0.7357926368713379,0.316895067691803
YNR032W,YJL200C,0,0.7523385,0.18889173865318298,0.7357926368713379,0.3169950842857361
YBR123C,YLR211C,0,0.7522459,0.18884339928627014,0.7357926368713379,0.3170951306819916
YHR009C,YNL256W,0,0.7522063,0.1887950897216797,0.7357926368713379,0.3171951472759247
YFR045W,YPL053C,0,0.7517208,0.18874680995941162,0.7357926368713379,0.3172951936721802
YMR298W,YOL022C,0,0.75127304,0.18869854509830475,0.7357926368713379,0.3173952102661133
YIL074C,YPL089C,0,0.7504699,0.18865031003952026,0.7357926368713379,0.3174952566623688
YKL116C,YLR097C,0,0.7503499,0.18860208988189697,0.7357926368713379,0.3175952732563019
YNL334C,YHR175W,0,0.75029147,0.18855391442775726,0.7357926368713379,0.3176953196525574
YKL033W-A,YDR409W,0,0.7497729,0.18850575387477875,0.7357926368713379,0.3177953362464905
YJR124C,YIL023C,0,0.74953806,0.18845760822296143,0.7357926368713379,0.31789538264274597
YBR192W,YER088C,0,0.74944866,0.1884094923734665,0.7357926368713379,0.3179953992366791
YPL187W,YDR261C,1,0.74916124,0.18861664831638336,0.7367896437644958,0.3179953992366791
YPR114W,YDR432W,0,0.74913687,0.18856851756572723,0.7367896437644958,0.3180954158306122
YER093C,YNR062C,0,0.74910396,0.1885204017162323,0.7367896437644958,0.3181954622268677
YOL077W-A,YKR037C,0,0.74890965,0.18847233057022095,0.7367896437644958,0.3182954788208008
YPR046W,YJR149W,0,0.7488483,0.1884242743253708,0.7367896437644958,0.3183955252170563
YHR009C,YOL102C,0,0.7485294,0.18837624788284302,0.7367896437644958,0.3184955418109894
YNL139C,YLR293C,0,0.7483645,0.18832823634147644,0.7367896437644958,0.3185955882072449
YJR143C,YCR106W,0,0.7482633,0.18828025460243225,0.7367896437644958,0.318695604801178
YPL086C,YOL031C,0,0.74753195,0.18823230266571045,0.7367896437644958,0.31879565119743347
YOL060C,YIL103W,0,0.74606335,0.18818436563014984,0.7367896437644958,0.3188956677913666
YKL149C,YKL163W,0,0.7458617,0.18813645839691162,0.7367896437644958,0.3189956843852997
YLR063W,YDR098C,0,0.74550873,0.1880885660648346,0.7367896437644958,0.3190957307815552
YGR049W,YDR453C,0,0.7453697,0.18804071843624115,0.7367896437644958,0.3191957473754883
YLR391W-A,YCR045C,1,0.7453383,0.18824726343154907,0.7377866506576538,0.3191957473754883
YNL188W,YNL194C,0,0.7453306,0.18819938600063324,0.7377866506576538,0.3192957937717438
YGL142C,YBR216C,0,0.74528366,0.1881515383720398,0.7377866506576538,0.3193958103656769
YGR087C,YOR386W,0,0.7447283,0.18810370564460754,0.7377866506576538,0.3194958567619324
YOL143C,YBR233W-A,0,0.74377096,0.18805590271949768,0.7377866506576538,0.3195958733558655
YCL057C-A,YHR097C,0,0.7435532,0.1880081295967102,0.7377866506576538,0.31969591975212097
YEL069C,YER001W,0,0.7433349,0.18796037137508392,0.7377866506576538,0.3197959363460541
YMR186W,YHL007C,0,0.7433135,0.18791264295578003,0.7377866506576538,0.31989598274230957
YPL058C,YDR539W,0,0.74310637,0.18786494433879852,0.7377866506576538,0.3199959993362427
YNL250W,YGR203W,0,0.7426882,0.1878172606229782,0.7377866506576538,0.3200960159301758
YMR084W,YEL012W,0,0.7424152,0.18776960670948029,0.7377866506576538,0.3201960623264313
YIL169C,YHR105W,0,0.7423485,0.18772196769714355,0.7377866506576538,0.3202960789203644
YPL112C,YDR338C,0,0.7422788,0.1876743584871292,0.7377866506576538,0.3203961253166199
YNL138W,YLR300W,0,0.74220276,0.18762677907943726,0.7377866506576538,0.320496141910553
YNL180C,YPL274W,0,0.7421407,0.1875792145729065,0.7377866506576538,0.32059618830680847
YDR390C,YLL016W,0,0.74207973,0.18753167986869812,0.7377866506576538,0.3206962049007416
YDR077W,YLR001C,1,0.7416817,0.18773752450942993,0.7387836575508118,0.3206962049007416
YDR375C,YNL022C,0,0.7411945,0.18768997490406036,0.7387836575508118,0.32079625129699707
YHR181W,YLR337W,0,0.74088335,0.187642440199852,0.7387836575508118,0.3208962678909302
YER060W,YLR064W,0,0.7408575,0.187594935297966,0.7387836575508118,0.3209962844848633
YPL163C,YJL221C,0,0.74030167,0.1875474601984024,0.7387836575508118,0.3210963308811188
YOR180C,YBR041W,0,0.7401679,0.1875,0.7387836575508118,0.3211963474750519
YGL194C-A,YJL080C,0,0.7400054,0.18745256960391998,0.7387836575508118,0.3212963938713074
YLR007W,YCR101C,0,0.73987675,0.18740515410900116,0.7387836575508118,0.3213964104652405
YLR391W,YIL123W,1,0.73972404,0.18761062622070312,0.7397806644439697,0.3213964104652405
YOR367W,YGL121C,0,0.7394888,0.1875631958246231,0.7397806644439697,0.32149645686149597
YDR023W,YGR121C,0,0.7392566,0.18751579523086548,0.7397806644439697,0.3215964734554291
YDL138W,YPL282C,0,0.7388314,0.18746842443943024,0.7397806644439697,0.32169651985168457
YDR210W-D,YHL008C,0,0.73874927,0.1874210685491562,0.7397806644439697,0.3217965364456177
YNL180C,YLR305C,0,0.73853743,0.18737374246120453,0.7397806644439697,0.32189658284187317
YPL070W,YBL075C,0,0.738473,0.18732643127441406,0.7397806644439697,0.3219965994358063
YOR316C,YER070W,0,0.73831475,0.18727914988994598,0.7397806644439697,0.3220966160297394
YDR497C,YMR176W,0,0.73813677,0.1872318983078003,0.7397806644439697,0.3221966624259949
YDL246C,YOL145C,0,0.7380048,0.1871846616268158,0.7397806644439697,0.322296679019928
YDR361C,YBR196C-A,0,0.7374222,0.1871374547481537,0.7397806644439697,0.32239672541618347
YLR072W,YMR194W,0,0.73723304,0.18709026277065277,0.7397806644439697,0.3224967420101166
YDR196C,YOL006C,0,0.7369379,0.18704310059547424,0.7397806644439697,0.32259678840637207
YCR084C,YNL279W,0,0.7369025,0.1869959682226181,0.7397806644439697,0.3226968050003052
YHR202W,YCL058C,1,0.7367193,0.18720079958438873,0.7407776713371277,0.3226968050003052
YDR091C,YDR332W,0,0.7366964,0.1871536523103714,0.7407776713371277,0.32279685139656067
YBL054W,YHL007C,0,0.7362386,0.18710651993751526,0.7407776713371277,0.3228968679904938
YOL159C,YPL123C,1,0.7361937,0.18731117248535156,0.7417746782302856,0.3228968679904938
YIL070C,YDR545W,0,0.735922,0.18726402521133423,0.7417746782302856,0.3229968845844269
YDR150W,YBR067C,0,0.73544395,0.18721690773963928,0.7417746782302856,0.3230969309806824
YGR122W,YLR174W,0,0.73504275,0.18716980516910553,0.7417746782302856,0.3231969475746155
YPR181C,YGR169C,0,0.734996,0.18712273240089417,0.7417746782302856,0.32329699397087097
YDL226C,YNL260C,0,0.73499584,0.1870756894350052,0.7417746782302856,0.3233970105648041
YEL038W,YCL045C,0,0.7348993,0.1870286613702774,0.7417746782302856,0.32349705696105957
YOR185C,YIL056W,0,0.73478734,0.18698164820671082,0.7417746782302856,0.3235970735549927
YGR266W,YOR343W-B,0,0.7344122,0.1869346797466278,0.7417746782302856,0.32369711995124817
YBR101C,YGL035C,0,0.73364437,0.1868877112865448,0.7417746782302856,0.3237971365451813
YIL177C,YKR027W,0,0.73362255,0.18684078752994537,0.7417746782302856,0.32389718294143677
YMR177W,YDL055C,0,0.7335415,0.18679387867450714,0.7417746782302856,0.3239971995353699
YJR028W,YGR250C,0,0.73353106,0.1867469847202301,0.7417746782302856,0.324097216129303
YFR028C,YLR372W,0,0.7333363,0.18670012056827545,0.7417746782302856,0.32419726252555847
YER035W,YDR524C,0,0.73305625,0.1866532862186432,0.7417746782302856,0.3242972791194916
YDR418W,YPL089C,0,0.73295605,0.18660646677017212,0.7417746782302856,0.32439732551574707
YDR421W,YDR506C,0,0.7326282,0.18655967712402344,0.7417746782302856,0.3244973421096802
YMR250W,YIL014W,0,0.73228073,0.18651291728019714,0.7417746782302856,0.32459738850593567
YML002W,YKL200C,0,0.7321782,0.18646617233753204,0.7417746782302856,0.3246974050998688
YBL052C,YOR204W,0,0.73185456,0.18641944229602814,0.7417746782302856,0.32479745149612427
YER170W,YPL036W,0,0.7314478,0.18637274205684662,0.7417746782302856,0.3248974680900574
YOR343C-A,YLR431C,0,0.7310349,0.1863260716199875,0.7417746782302856,0.3249974846839905
YNL245C,YFR055W,0,0.7308756,0.18627941608428955,0.7417746782302856,0.32509753108024597
YKR091W,YPL072W,0,0.7308733,0.186232790350914,0.7417746782302856,0.3251975476741791
YOR214C,YBR264C,0,0.7308711,0.18618617951869965,0.7417746782302856,0.32529759407043457
YPR005C,YFL035C,0,0.7308678,0.18613959848880768,0.7417746782302856,0.3253976106643677
YDR529C,YLL054C,0,0.7304231,0.1860930472612381,0.7417746782302856,0.32549765706062317
YFL017W-A,YHR212W-A,0,0.73025,0.1860465109348297,0.7417746782302856,0.3255976736545563
YGR066C,YPR192W,0,0.73005724,0.1860000044107437,0.7417746782302856,0.32569772005081177
YCR029C-A,YDR435C,0,0.7293509,0.1859535127878189,0.7417746782302856,0.3257977366447449
YGR037C,YMR215W,1,0.72925246,0.18615692853927612,0.7427716851234436,0.3257977366447449
YPL248C,YNL239W,0,0.72923416,0.18611042201519012,0.7427716851234436,0.32589778304100037
YGR082W,YJR088C,0,0.72875583,0.18606393039226532,0.7427716851234436,0.32599779963493347
YOL132W,YKL043W,0,0.7287389,0.1860174834728241,0.7427716851234436,0.3260978162288666
YNL078W,YER141W,0,0.72860605,0.18597103655338287,0.7427716851234436,0.32619786262512207
YDL063C,YOR229W,0,0.7285936,0.18592463433742523,0.7427716851234436,0.3262978792190552
YLR308W,YNR057C,0,0.728258,0.18587824702262878,0.7427716851234436,0.32639792561531067
YHR132C,YIL015W,1,0.7278168,0.18608132004737854,0.7437686920166016,0.32639792561531067
YNR040W,YDR499W,0,0.72773933,0.1860349178314209,0.7437686920166016,0.3264979422092438
YGL170C,YGL077C,0,0.72773385,0.18598853051662445,0.7437686920166016,0.32659798860549927
YPL075W,YHR203C,0,0.7277271,0.1859421730041504,0.7437686920166016,0.3266980051994324
YER083C,YDR262W,0,0.72723,0.18589584529399872,0.7437686920166016,0.32679805159568787
YOR242C,YKL097W-A,0,0.72712594,0.18584953248500824,0.7437686920166016,0.32689806818962097
YGR034W,YCL074W,0,0.7270024,0.18580323457717896,0.7437686920166016,0.3269980847835541
YDR237W,YGR294W,0,0.7267794,0.18575696647167206,0.7437686920166016,0.32709813117980957
YOR202W,YOR307C,0,0.7267678,0.18571072816848755,0.7437686920166016,0.3271981477737427
YPL239W,YOR338W,0,0.7267479,0.18566450476646423,0.7437686920166016,0.32729819416999817
YDR216W,YJR004C,0,0.7267256,0.1856183111667633,0.7437686920166016,0.3273982107639313
YPL167C,YPR181C,0,0.72672224,0.18557213246822357,0.7437686920166016,0.32749825716018677
YBR029C,YBR026C,0,0.7257174,0.18552598357200623,0.7437686920166016,0.3275982737541199
YOR116C,YOR246C,0,0.72558063,0.18547986447811127,0.7437686920166016,0.32769832015037537
YPL087W,YKR093W,0,0.7255409,0.1854337602853775,0.7437686920166016,0.32779833674430847
YNR023W,YHR033W,0,0.7253592,0.18538767099380493,0.7437686920166016,0.32789838314056396
YPL188W,YGL200C,0,0.7251625,0.18534161150455475,0.7437686920166016,0.32799839973449707
YFR049W,YIL097W,0,0.72512305,0.18529558181762695,0.7437686920166016,0.3280984163284302
YDR072C,YLL038C,0,0.72503626,0.18524956703186035,0.7437686920166016,0.32819846272468567
YML095C,YPL191C,0,0.7245227,0.18520358204841614,0.7437686920166016,0.3282984793186188
YKL149C,YER010C,0,0.7244359,0.18515761196613312,0.7437686920166016,0.32839852571487427
YGL082W,YFR018C,0,0.7241739,0.1851116567850113,0.7437686920166016,0.3284985423088074
YDR063W,YPR068C,0,0.72360617,0.18506574630737305,0.7437686920166016,0.32859858870506287
YKR049C,YCR075W-A,0,0.72328615,0.1850198358297348,0.7437686920166016,0.32869860529899597
YDR086C,YIL176C,0,0.7230415,0.18497397005558014,0.7437686920166016,0.32879865169525146
YOR373W,YDR306C,0,0.7228934,0.18492810428142548,0.7437686920166016,0.32889866828918457
YDR077W,YOR247W,1,0.72287965,0.18513010442256927,0.7447656989097595,0.32889866828918457
YJL063C,YNL302C,0,0.72229385,0.1850842386484146,0.7447656989097595,0.3289986848831177
YGR266W,YGL167C,0,0.7222765,0.18503838777542114,0.7447656989097595,0.32909873127937317
YDR086C,YCL017C,0,0.72208863,0.18499256670475006,0.7447656989097595,0.3291987478733063
YGL046W,YER140W,0,0.72165143,0.18494677543640137,0.7447656989097595,0.32929879426956177
YBR208C,YJR153W,0,0.72161543,0.18490098416805267,0.7447656989097595,0.3293988108634949
YCR037C,YCR075W-A,0,0.7213639,0.18485523760318756,0.7447656989097595,0.32949885725975037
YPR165W,YBR105C,0,0.7212229,0.18480950593948364,0.7447656989097595,0.32959887385368347
YFL017W-A,YHR124W,0,0.7210151,0.18476378917694092,0.7447656989097595,0.32969892024993896
YGL227W,YIR003W,0,0.7208905,0.18471810221672058,0.7447656989097595,0.32979893684387207
YBR111W-A,YLR154W-A,0,0.7207534,0.18467243015766144,0.7447656989097595,0.32989898324012756
YLR332W,YKL171W,0,0.72072613,0.18462678790092468,0.7447656989097595,0.32999899983406067
YOL092W,YNL191W,0,0.72058713,0.18458117544651031,0.7447656989097595,0.3300990164279938
YGR038C-A,YNL024C-A,0,0.7199142,0.18453557789325714,0.7447656989097595,0.33019906282424927
YEL069C,YJR093C,0,0.71977913,0.18448999524116516,0.7447656989097595,0.3302990794181824
YIL011W,YER001W,0,0.71968895,0.18444444239139557,0.7447656989097595,0.33039912581443787
YOR125C,YDL049C,0,0.71961063,0.18439891934394836,0.7447656989097595,0.33049914240837097
YDR087C,YOR344C,0,0.7194228,0.18435341119766235,0.7447656989097595,0.33059918880462646
YNL250W,YPL257W-A,0,0.7194185,0.18430791795253754,0.7447656989097595,0.33069920539855957
YJL055W,YGR026W,0,0.71917284,0.1842624545097351,0.7447656989097595,0.33079925179481506
YBR029C,YLR357W,0,0.71894556,0.18421702086925507,0.7447656989097595,0.33089926838874817
YNL284C-B,YNR018W,0,0.7189117,0.18417160212993622,0.7447656989097595,0.3309992849826813
YLL024C,YHR057C,1,0.71865284,0.1843726933002472,0.7457627058029175,0.3309992849826813
YLL067C,YFL027C,0,0.71848834,0.18432725965976715,0.7457627058029175,0.33109933137893677
YDR144C,YFR020W,1,0.7183602,0.1845282018184662,0.7467597126960754,0.33109933137893677
YOL013C,YHR096C,0,0.71820927,0.18448275327682495,0.7467597126960754,0.3311993479728699
YEL060C,YBR056W,1,0.71814483,0.18468357622623444,0.7477567195892334,0.3311993479728699
YER037W,YOR173W,0,0.7178269,0.184638112783432,0.7477567195892334,0.33129939436912537
YGL209W,YFR022W,0,0.7176746,0.18459266424179077,0.7477567195892334,0.33139941096305847
YBR141C,YMR202W,0,0.7175721,0.18454724550247192,0.7477567195892334,0.33149945735931396
YHR212W-A,YGL247W,0,0.7171031,0.18450184166431427,0.7477567195892334,0.33159947395324707
YDL085W,YOR208W,0,0.71699464,0.184456467628479,0.7477567195892334,0.33169952034950256
YDR541C,YOR094W,0,0.716651,0.18441110849380493,0.7477567195892334,0.33179953694343567
YBR126W-A,YLR304C,0,0.7164128,0.18436577916145325,0.7477567195892334,0.33189958333969116
YLR375W,YDL025C,0,0.7162162,0.18432046473026276,0.7477567195892334,0.33199959993362427
YPL130W,YBR056W,1,0.71618974,0.18452088534832,0.7487537264823914,0.33199959993362427
YKR071C,YOR100C,0,0.716159,0.18447555601596832,0.7487537264823914,0.3320996165275574
YIL157C,YEL029C,0,0.7160974,0.18443025648593903,0.7487537264823914,0.33219966292381287
YER090W,YNR007C,0,0.7157827,0.18438497185707092,0.7487537264823914,0.33229967951774597
YGR043C,YBR109C,0,0.7148831,0.1843397170305252,0.7487537264823914,0.33239972591400146
YJR089W,YFL006W,0,0.71463275,0.18429447710514069,0.7487537264823914,0.33249974250793457
YGR055W,YOL066C,0,0.71420574,0.18424926698207855,0.7487537264823914,0.33259978890419006
YKL166C,YGL158W,0,0.7140887,0.1842040717601776,0.7487537264823914,0.33269980549812317
YKR091W,YJR153W,0,0.71396554,0.18415890634059906,0.7487537264823914,0.33279985189437866
YPR156C,YDR458C,0,0.71387804,0.1841137558221817,0.7487537264823914,0.33289986848831177
YPR147C,YGL247W,0,0.7135634,0.18406862020492554,0.7487537264823914,0.3329998850822449
YNL012W,YJL078C,1,0.7134102,0.18426856398582458,0.7497507333755493,0.3329998850822449
YMR156C,YPL246C,0,0.71297026,0.18422341346740723,0.7497507333755493,0.33309993147850037
YFR049W,YBL100W-A,0,0.7128893,0.18417830765247345,0.7497507333755493,0.33319994807243347
YJL100W,YJL114W,0,0.7128514,0.18413320183753967,0.7497507333755493,0.33329999446868896
YJR138W,YJR027W,0,0.7127962,0.18408812582492828,0.7497507333755493,0.33340001106262207
YHR016C,YPL024W,0,0.71277237,0.18404307961463928,0.7497507333755493,0.33350005745887756
YML125C,YLR385C,0,0.7124908,0.18399804830551147,0.7497507333755493,0.33360007405281067
YLR099W-A,YML101C,0,0.71227014,0.18395303189754486,0.7497507333755493,0.33370012044906616
YIL083C,YBL014C,0,0.71216464,0.18390804529190063,0.7497507333755493,0.33380013704299927
YHR141C,YLL053C,0,0.7120089,0.1838630735874176,0.7497507333755493,0.33390018343925476
YAR050W,YEL027W,0,0.71197975,0.18381813168525696,0.7497507333755493,0.33400020003318787
YNL012W,YPR121W,1,0.71167207,0.1840175986289978,0.7507477402687073,0.33400020003318787
YJL023C,YGR213C,0,0.711661,0.18397264182567596,0.7507477402687073,0.33410021662712097
YHR070W,YOR283W,0,0.7112003,0.18392769992351532,0.7507477402687073,0.33420026302337646
YNL302C,YFR050C,0,0.7107511,0.18388278782367706,0.7507477402687073,0.33430027961730957
YDR081C,YPR011C,0,0.710672,0.183837890625,0.7507477402687073,0.33440032601356506
YGL101W,YCL005W-A,0,0.71053755,0.18379302322864532,0.7507477402687073,0.33450034260749817
YIL014W,YJR107C-A,0,0.71032315,0.18374817073345184,0.7507477402687073,0.33460038900375366
YJL180C,YJL160C,0,0.7102315,0.18370334804058075,0.7507477402687073,0.33470040559768677
YGL046W,YGL045W,0,0.7101004,0.18365854024887085,0.7507477402687073,0.33480045199394226
YMR013C,YFL040W,0,0.70970297,0.18361374735832214,0.7507477402687073,0.33490046858787537
YML115C,YBL099W,0,0.7096257,0.18356898427009583,0.7507477402687073,0.33500051498413086
YFR050C,YOR071C,0,0.7095983,0.1835242509841919,0.7507477402687073,0.33510053157806396
YDR415C,YDR540C,0,0.70827115,0.18347953259944916,0.7507477402687073,0.33520054817199707
YCR024C-A,YDR075W,0,0.70814025,0.18343482911586761,0.7507477402687073,0.33530059456825256
YJL023C,YNR043W,0,0.7079978,0.18339015543460846,0.7507477402687073,0.33540061116218567
YPL274W,YJL114W,0,0.707614,0.1833455115556717,0.7507477402687073,0.33550065755844116
YIL134W,YDR090C,0,0.7074329,0.18330088257789612,0.7507477402687073,0.33560067415237427
YER006W,YLL009C,0,0.7073922,0.18325626850128174,0.7507477402687073,0.33570072054862976
YGL104C,YOR192C,0,0.7073202,0.18321168422698975,0.7507477402687073,0.33580073714256287
YIL072W,YOL103W-A,0,0.7070472,0.18316711485385895,0.7507477402687073,0.33590078353881836
YLR343W,YOL039W,0,0.7069994,0.18312257528305054,0.7507477402687073,0.33600080013275146
YOR389W,YBR056W,1,0.7062841,0.18332117795944214,0.7517447471618652,0.33600080013275146
YPR204W,YOL067C,0,0.7062825,0.18327662348747253,0.7517447471618652,0.33610081672668457
YOR223W,YKL218C,0,0.7062396,0.18323208391666412,0.7517447471618652,0.33620086312294006
YLR409C,YLR218C,0,0.7062104,0.1831875592470169,0.7517447471618652,0.33630087971687317
YDR461W,YPR111W,0,0.70609474,0.18314306437969208,0.7517447471618652,0.33640092611312866
YLR390W-A,YEL040W,1,0.7059909,0.18334142863750458,0.7527417540550232,0.33640092611312866
YDR055W,YDR173C,0,0.7059616,0.18329691886901855,0.7527417540550232,0.33650094270706177
YOR369C,YNR032W,0,0.7058827,0.18325242400169373,0.7527417540550232,0.33660098910331726
YPL138C,YBL013W,0,0.7058563,0.18320795893669128,0.7527417540550232,0.33670100569725037
YLR233C,YPL226W,0,0.70577097,0.18316350877285004,0.7527417540550232,0.33680105209350586
YPR186C,YGL160W,0,0.7057064,0.18311908841133118,0.7527417540550232,0.33690106868743896
YCL038C,YGR201C,0,0.7056012,0.1830746829509735,0.7527417540550232,0.33700111508369446
YDR481C,YOR229W,0,0.70533824,0.18303030729293823,0.7527417540550232,0.33710113167762756
YIR015W,YDR210W-B,0,0.70517796,0.18298594653606415,0.7527417540550232,0.33720114827156067
YHL048W,YBR230C,0,0.704987,0.18294160068035126,0.7527417540550232,0.33730119466781616
YBR162W-A,YHR141C,0,0.7044756,0.18289728462696075,0.7527417540550232,0.33740121126174927
YPR133W-A,YNL153C,0,0.7044448,0.18285299837589264,0.7527417540550232,0.33750125765800476
YPL148C,YOR341W,0,0.70382714,0.18280871212482452,0.7527417540550232,0.33760127425193787
YDL095W,YLR211C,0,0.703726,0.18276447057724,0.7527417540550232,0.33770132064819336
YOR046C,YNL145W,0,0.7028581,0.18272022902965546,0.7527417540550232,0.33780133724212646
YOR259C,YOR251C,0,0.70240426,0.1826760172843933,0.7527417540550232,0.33790138363838196
YHR143W,YLR040C,1,0.7021692,0.18287372589111328,0.7537387609481812,0.33790138363838196
YGL179C,YPR036W-A,0,0.70210767,0.18282949924468994,0.7537387609481812,0.33800140023231506
YJL209W,YLR179C,0,0.70194614,0.182785302400589,0.7537387609481812,0.33810141682624817
YBL078C,YMR268W-A,0,0.7017856,0.18274112045764923,0.7537387609481812,0.33820146322250366
YLR391W-A,YIR003W,0,0.7017184,0.18269695341587067,0.7537387609481812,0.33830147981643677
YER088C,YGR027W-A,0,0.7012352,0.1826528161764145,0.7537387609481812,0.33840152621269226
YDR179W-A,YJR149W,0,0.7011212,0.1826086938381195,0.7537387609481812,0.33850154280662537
YGR180C,YGR250C,0,0.70042294,0.1825646013021469,0.7537387609481812,0.33860158920288086
YPL250C,YML091C,0,0.70019156,0.1825205236673355,0.7537387609481812,0.33870160579681396
YDR181C,YBL071W-A,0,0.70017636,0.1824764609336853,0.7537387609481812,0.33880165219306946
YHR056C,YNL040W,0,0.6996497,0.18243242800235748,0.7537387609481812,0.33890166878700256
YLL040C,YKR092C,0,0.69962645,0.18238842487335205,0.7537387609481812,0.33900171518325806
YAL003W,YBL039W-A,0,0.6996,0.18234442174434662,0.7537387609481812,0.33910173177719116
YKL158W,YHR132C,1,0.69950473,0.1825415939092636,0.7547357678413391,0.33910173177719116
YGR135W,YDR545W,0,0.6993979,0.18249759078025818,0.7547357678413391,0.33920174837112427
YFL018C,YHR194W,0,0.6991445,0.18245360255241394,0.7547357678413391,0.33930179476737976
YBR126W-A,YDL135C,0,0.6989284,0.1824096441268921,0.7547357678413391,0.33940181136131287
YNL040W,YLR278C,0,0.6982143,0.18236570060253143,0.7547357678413391,0.33950185775756836
YLR016C,YGR201C,0,0.69761586,0.18232177197933197,0.7547357678413391,0.33960187435150146
YMR290C,YLR445W,0,0.69761455,0.1822778731584549,0.7547357678413391,0.33970192074775696
YCR002C,YDL048C,0,0.69728595,0.182233989238739,0.7547357678413391,0.33980193734169006
YGR013W,YMR074C,0,0.69727266,0.18219013512134552,0.7547357678413391,0.33990198373794556
YCR045C,YGL028C,1,0.69722486,0.18238690495491028,0.7557327747344971,0.33990198373794556
YNL217W,YOR290C,0,0.6969625,0.1823430359363556,0.7557327747344971,0.34000200033187866
YDR512C,YBL091C-A,0,0.6969228,0.1822991818189621,0.7557327747344971,0.34010201692581177
YGR125W,YBR056W,0,0.6967888,0.1822553426027298,0.7557327747344971,0.34020206332206726
YDR369C,YNL058C,0,0.6966245,0.18221153318881989,0.7557327747344971,0.34030207991600037
YGR282C,YGL170C,0,0.6964671,0.18216775357723236,0.7557327747344971,0.34040212631225586
YOL120C,YJR072C,0,0.69625413,0.18212397396564484,0.7557327747344971,0.34050214290618896
YPL179W,YPR036W-A,0,0.69610035,0.1820802241563797,0.7557327747344971,0.34060218930244446
YDR091C,YLR291C,0,0.69592106,0.18203650414943695,0.7557327747344971,0.34070220589637756
YLR297W,YCR004C,0,0.6957504,0.1819927990436554,0.7557327747344971,0.34080225229263306
YHL009W-A,YLR259C,0,0.6955819,0.18194910883903503,0.7557327747344971,0.34090226888656616
YHR014W,YLR283W,0,0.69540983,0.18190544843673706,0.7557327747344971,0.34100231528282166
YER033C,YNL002C,0,0.6953652,0.18186180293560028,0.7557327747344971,0.34110233187675476
YJL173C,YJL206C,0,0.6952926,0.1818181872367859,0.7557327747344971,0.34120234847068787
YKR102W,YEL060C,1,0.6949884,0.18201439082622528,0.756729781627655,0.34120234847068787
YCR041W,YDR040C,0,0.6947383,0.1819707453250885,0.756729781627655,0.34130239486694336
YPR190C,YKL112W,0,0.6945603,0.1819271296262741,0.756729781627655,0.34140241146087646
YOR389W,YHR057C,1,0.694449,0.18212316930294037,0.7577268481254578,0.34140241146087646
YOR374W,YMR067C,0,0.6943221,0.18207953870296478,0.7577268481254578,0.34150245785713196
YLR391W,YKL097W-A,1,0.6938443,0.1822754442691803,0.7587238550186157,0.34150245785713196
YLR072W,YOL102C,0,0.6938194,0.18223179876804352,0.7587238550186157,0.34160247445106506
YIL133C,YOR320C,0,0.6936249,0.18218816816806793,0.7587238550186157,0.34170252084732056
YPL042C,YPR011C,0,0.6935338,0.18214456737041473,0.7587238550186157,0.34180253744125366
YPR018W,YLR218C,0,0.6934621,0.18210098147392273,0.7587238550186157,0.34190258383750916
YBR200W-A,YFR020W,1,0.69333947,0.18229664862155914,0.7597208619117737,0.34190258383750916
YBL051C,YDR365W-A,0,0.6932225,0.18225304782390594,0.7597208619117737,0.34200260043144226
YHL050C,YHR153C,0,0.6931983,0.18220946192741394,0.7597208619117737,0.34210261702537537
YBR136W,YKR091W,0,0.6930933,0.18216590583324432,0.7597208619117737,0.34220266342163086
YDL182W,YMR246W,0,0.6924995,0.1821223646402359,0.7597208619117737,0.34230268001556396
YBR083W,YOL022C,0,0.69231784,0.18207885324954987,0.7597208619117737,0.34240272641181946
YBR200W-A,YMR305C,1,0.6917493,0.1822742521762848,0.7607178688049316,0.34240272641181946
YDR043C,YMR272C,0,0.6916945,0.18223071098327637,0.7607178688049316,0.34250274300575256
YER119C,YLR466W,0,0.6914513,0.18218719959259033,0.7607178688049316,0.34260278940200806
YLR343W,YGR184C,0,0.69091,0.1821437031030655,0.7607178688049316,0.34270280599594116
YCR042C,YBR145W,0,0.69087905,0.18210023641586304,0.7607178688049316,0.34280285239219666
YDL063C,YLR242C,0,0.69085395,0.18205678462982178,0.7607178688049316,0.34290286898612976
YBR162C,YLR216C,0,0.69010305,0.1820133626461029,0.7607178688049316,0.34300291538238525
YOR177C,YOR260W,0,0.69007635,0.18196995556354523,0.7607178688049316,0.34310293197631836
YHR023W,YPL165C,0,0.6895926,0.18192656338214874,0.7607178688049316,0.34320294857025146
YCL026C-A,YLR242C,0,0.6888674,0.18188320100307465,0.7607178688049316,0.34330299496650696
YPL228W,YCL001W,0,0.68878704,0.18183985352516174,0.7607178688049316,0.34340301156044006
YGL130W,YMR272C,0,0.6887049,0.18179652094841003,0.7607178688049316,0.34350305795669556
YMR026C,YOR292C,0,0.6884646,0.1817532181739807,0.7607178688049316,0.34360307455062866
YDR385W,YDL081C,0,0.6884089,0.18170993030071259,0.7607178688049316,0.34370312094688416
YER090W,YIL008W,0,0.68839943,0.18166667222976685,0.7607178688049316,0.34380313754081726
YCR052W,YJL127C-B,0,0.6883211,0.1816234290599823,0.7607178688049316,0.34390318393707275
YFR024C,YGL142C,0,0.68822825,0.18158020079135895,0.7607178688049316,0.34400320053100586
YBR126W-A,YHR012W,0,0.6876049,0.18153700232505798,0.7607178688049316,0.34410321712493896
YPL130W,YIR039C,1,0.68748224,0.1817316859960556,0.7617148756980896,0.34410321712493896
YLR151C,YLR390W,0,0.68692803,0.18168847262859344,0.7617148756980896,0.34420326352119446
YIR034C,YOR321W,0,0.6866623,0.18164527416229248,0.7617148756980896,0.34430328011512756
YJR107W,YKR093W,0,0.6866378,0.1816020905971527,0.7617148756980896,0.34440332651138306
YNR054C,YOR100C,0,0.6860956,0.18155893683433533,0.7617148756980896,0.34450334310531616
YOR343C-A,YDR284C,0,0.6858311,0.18151579797267914,0.7617148756980896,0.34460338950157166
YDL120W,YDR266C,0,0.6856844,0.18147268891334534,0.7617148756980896,0.34470340609550476
YKL041W,YLR337W,0,0.68558097,0.18142959475517273,0.7617148756980896,0.34480345249176025
YGR005C,YMR246W,0,0.68535167,0.18138651549816132,0.7617148756980896,0.34490346908569336
YIL002C,YGR201C,0,0.6853303,0.1813434660434723,0.7617148756980896,0.34500351548194885
YDL201W,YBR200W-A,0,0.6852488,0.18130043148994446,0.7617148756980896,0.34510353207588196
YHR042W,YKL033W-A,0,0.68507624,0.18125741183757782,0.7617148756980896,0.34520354866981506
YGR071C,YKL061W,0,0.68491364,0.18121442198753357,0.7617148756980896,0.34530359506607056
YDR317W,YDL089W,0,0.6846224,0.1811714470386505,0.7617148756980896,0.34540361166000366
YPR026W,YKL146W,0,0.6841601,0.18112850189208984,0.7617148756980896,0.34550365805625916
YOR371C,YHR025W,0,0.6837549,0.18108557164669037,0.7617148756980896,0.34560367465019226
YOL155C,YEL060C,1,0.6837052,0.18127961456775665,0.7627118825912476,0.34560367465019226
YHR074W,YBR299W,0,0.68354535,0.18123666942119598,0.7627118825912476,0.34570372104644775
YNL202W,YEL005C,0,0.68351865,0.1811937540769577,0.7627118825912476,0.34580373764038086
YBR126W-A,YJL127C-B,0,0.6834669,0.18115083873271942,0.7627118825912476,0.34590378403663635
YOL030W,YKR013W,1,0.6828605,0.18134470283985138,0.7637088894844055,0.34590378403663635
YNR063W,YGL077C,0,0.68282104,0.1813017725944519,0.7637088894844055,0.34600380063056946
YDR200C,YOR301W,0,0.68265533,0.18125887215137482,0.7637088894844055,0.34610381722450256
YHR211W,YKL164C,1,0.68253565,0.18145257234573364,0.7647058963775635,0.34610381722450256
YLR258W,YGR201C,0,0.6825023,0.18140965700149536,0.7647058963775635,0.34620386362075806
YGR087C,YLR197W,0,0.682233,0.18136675655841827,0.7647058963775635,0.34630388021469116
YHR132W-A,YKL184W,0,0.68209356,0.18132387101650238,0.7647058963775635,0.34640392661094666
YMR272C,YNL079C,0,0.6820451,0.18128101527690887,0.7647058963775635,0.34650394320487976
YGR016W,YOR128C,0,0.68194354,0.18123818933963776,0.7647058963775635,0.34660398960113525
YDR046C,YLR388W,0,0.68182933,0.18119536340236664,0.7647058963775635,0.34670400619506836
YKR023W,YHR151C,0,0.68169284,0.1811525672674179,0.7647058963775635,0.34680405259132385
YGL114W,YOL094C,0,0.68163633,0.18110980093479156,0.7647058963775635,0.34690406918525696
YJR041C,YCL048W-A,0,0.6812833,0.18106704950332642,0.7647058963775635,0.34700411558151245
YFR030W,YGL001C,0,0.6812757,0.18102431297302246,0.7647058963775635,0.34710413217544556
YDR490C,YOR255W,0,0.6812368,0.1809815913438797,0.7647058963775635,0.34720414876937866
YGR183C,YDR171W,0,0.6811139,0.18093889951705933,0.7647058963775635,0.34730419516563416
YBL072C,YOL010W,0,0.6810367,0.18089622259140015,0.7647058963775635,0.34740421175956726
YBL015W,YPR192W,0,0.6810159,0.18085357546806335,0.7647058963775635,0.34750425815582275
YOR310C,YHR025W,0,0.68062764,0.18081094324588776,0.7647058963775635,0.34760427474975586
YLR408C,YAL061W,0,0.680543,0.18076832592487335,0.7647058963775635,0.34770432114601135
YKL181W,YGL135W,0,0.68052876,0.18072572350502014,0.7647058963775635,0.34780433773994446
YLR153C,YCR088W,0,0.6804003,0.18068315088748932,0.7647058963775635,0.34790438413619995
YNL045W,YFL043C,0,0.6802592,0.18064060807228088,0.7647058963775635,0.34800440073013306
YCR081W,YGL196W,0,0.6800808,0.18059806525707245,0.7647058963775635,0.34810441732406616
YMR297W,YPL009C,0,0.68005323,0.1805555522441864,0.7647058963775635,0.34820446372032166
YIL015W,YDR032C,1,0.67976177,0.18074841797351837,0.7657029032707214,0.34820446372032166
YBR022W,YOR315W,0,0.67935514,0.18070587515830994,0.7657029032707214,0.34830448031425476
YNL251C,YKR056W,0,0.67924553,0.18066337704658508,0.7657029032707214,0.34840452671051025
YCR035C,YAR066W,0,0.67915267,0.18062087893486023,0.7657029032707214,0.34850454330444336
YBR096W,YDR097C,0,0.67912173,0.18057841062545776,0.7657029032707214,0.34860458970069885
YOR247W,YKL097W-A,1,0.6791049,0.18077103793621063,0.7666999101638794,0.34860458970069885
YHL012W,YPR166C,0,0.67881703,0.18072855472564697,0.7666999101638794,0.34870460629463196
YLR460C,YDL065C,0,0.67865795,0.1806860864162445,0.7666999101638794,0.34880465269088745
YBR025C,YKR067W,0,0.6786542,0.18064364790916443,0.7666999101638794,0.34890466928482056
YKL158W,YOR382W,1,0.6781156,0.18083606660366058,0.7676969170570374,0.34890466928482056
YLR063W,YOR359W,0,0.6780996,0.1807936131954193,0.7676969170570374,0.34900471568107605
YBR301W,YGR054W,0,0.67778546,0.18075117468833923,0.7676969170570374,0.34910473227500916
YOR384W,YGL207W,0,0.6771887,0.18070875108242035,0.7676969170570374,0.34920474886894226
YFL038C,YLR110C,0,0.67681926,0.18066635727882385,0.7676969170570374,0.34930479526519775
YNR062C,YKL138C,0,0.6766835,0.18062397837638855,0.7676969170570374,0.34940481185913086
YJL158C,YGR014W,1,0.67666376,0.18081612884998322,0.7686939239501953,0.34940481185913086
YAR070W-A,YHR009C,0,0.67643356,0.18077373504638672,0.7686939239501953,0.34950485825538635
YPR158W-A,YJL162C,0,0.67639554,0.1807313710451126,0.7686939239501953,0.34960487484931946
YGL063W,YIL121W,0,0.67625916,0.1806890070438385,0.7686939239501953,0.34970492124557495
YNR063W,YOL091W,0,0.6758865,0.18064667284488678,0.7686939239501953,0.34980493783950806
YML052W,YPL218W,0,0.6757462,0.18060435354709625,0.7686939239501953,0.34990498423576355
YKL138C,YDR402C,0,0.6755226,0.1805620640516281,0.7686939239501953,0.35000500082969666
YNL124W,YDR313C,0,0.67512536,0.18051978945732117,0.7686939239501953,0.35010501742362976
YGL064C,YGR192C,0,0.67495847,0.18047752976417542,0.7686939239501953,0.35020506381988525
YBL091C-A,YPR055W,0,0.6736605,0.18043528497219086,0.7686939239501953,0.35030508041381836
YPR181C,YCL030C,0,0.6728872,0.1803930699825287,0.7686939239501953,0.35040512681007385
YOR019W,YDL206W,0,0.67260635,0.1803508698940277,0.7686939239501953,0.35050514340400696
YEL069C,YBL031W,0,0.67228436,0.18030869960784912,0.7686939239501953,0.35060518980026245
YML017W,YPR043W,0,0.6715617,0.18026654422283173,0.7686939239501953,0.35070520639419556
YNL012W,YHR057C,1,0.67124534,0.1804581582546234,0.7696909308433533,0.35070520639419556
YHR211W,YEL040W,1,0.67111695,0.18064968287944794,0.7706879377365112,0.35070520639419556
YMR146C,YEL052W,0,0.6705241,0.18060748279094696,0.7706879377365112,0.35080525279045105
YLR392C,YOR231W,0,0.6701517,0.18056528270244598,0.7706879377365112,0.35090526938438416
YOR293W,YLL061W,0,0.67014706,0.1805231273174286,0.7706879377365112,0.35100531578063965
YKL211C,YPL098C,0,0.66999865,0.1804809719324112,0.7706879377365112,0.35110533237457275
YOR356W,YMR154C,0,0.66988796,0.1804388463497162,0.7706879377365112,0.35120534896850586
YCR029C-A,YDR200C,0,0.6685071,0.18039673566818237,0.7706879377365112,0.35130539536476135
YBL076C,YOR204W,0,0.6684011,0.18035463988780975,0.7706879377365112,0.35140541195869446
YDL045C,YIL160C,0,0.66838706,0.18031257390975952,0.7706879377365112,0.35150545835494995
YER157W,YIR034C,0,0.6682983,0.18027052283287048,0.7706879377365112,0.35160547494888306
YIL177C,YNR016C,0,0.6681454,0.18022848665714264,0.7706879377365112,0.35170552134513855
YPR140W,YOL083W,0,0.66794574,0.18018648028373718,0.7706879377365112,0.35180553793907166
YOL091W,YGL032C,0,0.6678233,0.18014448881149292,0.7706879377365112,0.35190558433532715
YHR162W,YLL003W,0,0.66779983,0.18010251224040985,0.7706879377365112,0.35200560092926025
YPL248C,YDR362C,0,0.66740453,0.18006056547164917,0.7706879377365112,0.35210561752319336
YKL149C,YPR083W,0,0.66739345,0.18001863360404968,0.7706879377365112,0.35220566391944885
YGR027W-A,YOR192C,0,0.6673844,0.1799767166376114,0.7706879377365112,0.35230568051338196
YHR177W,YOR312C,0,0.66725975,0.17993482947349548,0.7706879377365112,0.35240572690963745
YMR256C,YMR087W,0,0.6670269,0.17989294230937958,0.7706879377365112,0.35250574350357056
YPL081W,YPR109W,0,0.6665906,0.17985109984874725,0.7706879377365112,0.35260578989982605
YIL136W,YLR404W,0,0.6659873,0.17980925738811493,0.7706879377365112,0.35270580649375916
YGL089C,YJL159W,1,0.6659512,0.18000000715255737,0.7716849446296692,0.35270580649375916
YPL042C,YLR391W,0,0.665724,0.17995814979076385,0.7716849446296692,0.35280585289001465
YDR365W-B,YMR234W,0,0.6656768,0.17991632223129272,0.7716849446296692,0.35290586948394775
YBR200W-A,YOR201C,0,0.6656271,0.1798745095729828,0.7716849446296692,0.35300591588020325
YNL008C,YOR315W,0,0.6653818,0.17983271181583405,0.7716849446296692,0.35310593247413635
YIL034C,YGR118W,0,0.665009,0.1797909438610077,0.7716849446296692,0.35320594906806946
YER150W,YER065C,1,0.6645911,0.17998142540454865,0.7726819515228271,0.35320594906806946
YKR106W,YKR063C,0,0.66444933,0.1799396276473999,0.7726819515228271,0.35330599546432495
YGR014W,YOL154W,1,0.66444147,0.1801299899816513,0.7736789584159851,0.35330599546432495
YNL262W,YLR446W,0,0.6644129,0.18008819222450256,0.7736789584159851,0.35340601205825806
YOR356W,YDR314C,0,0.6640402,0.18004640936851501,0.7736789584159851,0.35350605845451355
YEL003W,YJL114W,0,0.66397405,0.18000464141368866,0.7736789584159851,0.35360607504844666
YPR167C,YER163C,0,0.6639408,0.1799628883600235,0.7736789584159851,0.35370612144470215
YDR012W,YLR052W,0,0.6636977,0.17992116510868073,0.7736789584159851,0.35380613803863525
YLR329W,YLR154W-A,0,0.66348493,0.17987945675849915,0.7736789584159851,0.35390618443489075
YPR112C,YNL096C,0,0.66347593,0.17983777821063995,0.7736789584159851,0.35400620102882385
YLR391W-A,YNR023W,0,0.6633256,0.17979611456394196,0.7736789584159851,0.35410621762275696
YOR173W,YER140W,0,0.6632087,0.17975446581840515,0.7736789584159851,0.35420626401901245
YPR107C,YDR341C,0,0.6630888,0.17971283197402954,0.7736789584159851,0.35430628061294556
YOL040C,YOR384W,0,0.6630513,0.17967121303081512,0.7736789584159851,0.35440632700920105
YJL208C,YBR009C,0,0.6629936,0.1796296238899231,0.7736789584159851,0.35450634360313416
YPR158C-C,YOR266W,0,0.6624239,0.17958806455135345,0.7736789584159851,0.35460638999938965
YLR056W,YER114C,0,0.66222954,0.1795465052127838,0.7736789584159851,0.35470640659332275
YPR114W,YIL176C,0,0.66185176,0.17950497567653656,0.7736789584159851,0.35480645298957825
YDL180W,YCL062W,0,0.6611409,0.1794634610414505,0.7736789584159851,0.35490646958351135
YDR369C,YER130C,0,0.6606289,0.17942196130752563,0.7736789584159851,0.35500651597976685
YKL171W,YNL048W,0,0.6602174,0.17938049137592316,0.7736789584159851,0.35510653257369995
YGL039W,YMR224C,0,0.65988827,0.17933903634548187,0.7736789584159851,0.35520654916763306
YOR383C,YCL058C,1,0.65986145,0.17952865362167358,0.7746759653091431,0.35520654916763306
YJL113W,YMR210W,0,0.6594148,0.1794871836900711,0.7746759653091431,0.35530659556388855
YLL048C,YEL077C,0,0.6593121,0.17944572865962982,0.7746759653091431,0.35540661215782166
YDR415C,YLR224W,0,0.6591742,0.17940428853034973,0.7746759653091431,0.35550665855407715
YIL133C,YMR277W,0,0.6591344,0.17936287820339203,0.7746759653091431,0.35560667514801025
YPR015C,YMR303C,0,0.6590241,0.17932148277759552,0.7746759653091431,0.35570672154426575
YNL095C,YER008C,0,0.65897936,0.1792801171541214,0.7746759653091431,0.35580673813819885
YMR165C,YGL259W,0,0.658905,0.17923875153064728,0.7746759653091431,0.35590678453445435
YGL076C,YGR203W,0,0.6587292,0.17919741570949554,0.7746759653091431,0.35600680112838745
YLR137W,YDR200C,0,0.65836537,0.179156094789505,0.7746759653091431,0.35610681772232056
YBR021W,YPR103W,0,0.65787894,0.17911480367183685,0.7746759653091431,0.35620686411857605
YDL168W,YLR249W,0,0.65779513,0.1790735125541687,0.7746759653091431,0.35630688071250916
YFR020W,YER065C,1,0.6577942,0.1792626678943634,0.775672972202301,0.35630688071250916
YIL064W,YCR014C,0,0.6572962,0.17922137677669525,0.775672972202301,0.35640692710876465
YLR427W,YNL286W,0,0.6568956,0.1791801005601883,0.775672972202301,0.35650694370269775
YGL071W,YLR390W,0,0.65678096,0.17913883924484253,0.775672972202301,0.35660699009895325
YOR228C,YPL129W,0,0.65670097,0.17909760773181915,0.775672972202301,0.35670700669288635
YKL034W,YPR191W,0,0.65669936,0.17905639111995697,0.775672972202301,0.35680705308914185
YOL109W,YDR014W-A,0,0.6566744,0.17901518940925598,0.775672972202301,0.35690706968307495
YNL196C,YHR052W,0,0.6565815,0.1789740025997162,0.775672972202301,0.35700711607933044
YOL073C,YEL029C,0,0.656251,0.17893284559249878,0.775672972202301,0.35710713267326355
YLR037C,YCL058W-A,0,0.65601176,0.17889170348644257,0.775672972202301,0.35720714926719666
YPR025C,YPL093W,0,0.6554543,0.17885057628154755,0.775672972202301,0.35730719566345215
YBR129C,YPL252C,0,0.65542245,0.17880946397781372,0.775672972202301,0.35740721225738525
YKR023W,YBR083W,0,0.6553867,0.17876838147640228,0.775672972202301,0.35750725865364075
YNL335W,YJR033C,0,0.65493226,0.17872731387615204,0.775672972202301,0.35760727524757385
YJR100C,YMR145C,0,0.65490335,0.178686261177063,0.775672972202301,0.35770732164382935
YCR065W,YGL055W,0,0.65452605,0.17864523828029633,0.775672972202301,0.35780733823776245
YNL077W,YLR380W,0,0.65435475,0.17860423028469086,0.775672972202301,0.35790738463401794
YPL207W,YDR115W,0,0.65415645,0.17856323719024658,0.775672972202301,0.35800740122795105
YLL005C,YAR044W,0,0.65405965,0.1785222589969635,0.775672972202301,0.35810741782188416
YJR046W,YHR039C,0,0.6538067,0.1784812957048416,0.775672972202301,0.35820746421813965
YHL017W,YGR131W,0,0.65312254,0.17844036221504211,0.775672972202301,0.35830748081207275
YGR251W,YBR168W,0,0.6530831,0.1783994436264038,0.775672972202301,0.35840752720832825
YCL037C,YLR110C,0,0.652974,0.1783585548400879,0.775672972202301,0.35850754380226135
YJR078W,YBL088C,0,0.65244246,0.17831766605377197,0.775672972202301,0.35860759019851685
YIL166C,YDL135C,0,0.6524246,0.17827680706977844,0.775672972202301,0.35870760679244995
YBL064C,YOR049C,0,0.6523903,0.1782359629869461,0.775672972202301,0.35880765318870544
YIL050W,YFL038C,0,0.65235347,0.17819514870643616,0.775672972202301,0.35890766978263855
YHL019C,YDR109C,0,0.6520933,0.1781543344259262,0.775672972202301,0.35900771617889404
YDR531W,YHR129C,0,0.6517759,0.17811354994773865,0.775672972202301,0.35910773277282715
YBR161W,YLR284C,0,0.65106374,0.17807278037071228,0.775672972202301,0.35920774936676025
YHR165C,YNR018W,0,0.65041244,0.1780320405960083,0.775672972202301,0.35930779576301575
YBL107C,YDR040C,0,0.65037644,0.17799130082130432,0.775672972202301,0.35940781235694885
YDL105W,YNL112W,0,0.6502516,0.17795059084892273,0.775672972202301,0.35950785875320435
YNL155W,YIL111W,0,0.649873,0.17790989577770233,0.775672972202301,0.35960787534713745
YDR365W-B,YGR141W,0,0.6496494,0.17786923050880432,0.775672972202301,0.35970792174339294
YDR025W,YNL061W,0,0.64964783,0.1778285652399063,0.775672972202301,0.35980793833732605
YGR027C,YBR286W,0,0.6496004,0.1777879297733307,0.775672972202301,0.35990798473358154
YJL059W,YKL161C,0,0.64926016,0.17774730920791626,0.775672972202301,0.36000800132751465
YLR391W,YBR162C,1,0.6491605,0.17793512344360352,0.776669979095459,0.36000800132751465
YGL230C,YHR069C,0,0.6490324,0.1778945028781891,0.776669979095459,0.36010801792144775
YDL179W,YLR438C-A,0,0.64887995,0.17785388231277466,0.776669979095459,0.36020806431770325
YNR074C,YOL128C,0,0.64871514,0.17781329154968262,0.776669979095459,0.36030808091163635
YGR016W,YBR290W,0,0.64853054,0.17777270078659058,0.776669979095459,0.36040812730789185
YHR214W,YPL155C,0,0.6480598,0.17773213982582092,0.776669979095459,0.36050814390182495
YJR141W,YHR173C,0,0.64805186,0.17769160866737366,0.776669979095459,0.36060819029808044
YLR121C,YKL163W,1,0.6474033,0.17787913978099823,0.7776669859886169,0.36060819029808044
YFR026C,YPR116W,0,0.6472489,0.17783857882022858,0.7776669859886169,0.36070820689201355
YER133W,YGR287C,0,0.64715797,0.17779803276062012,0.7776669859886169,0.36080825328826904
YER052C,YLR398C,0,0.64666474,0.17775751650333405,0.7776669859886169,0.36090826988220215
YGL196W,YPR122W,0,0.64653563,0.17771701514720917,0.7776669859886169,0.36100831627845764
YAR009C,YPL262W,0,0.64652604,0.17767654359340668,0.7776669859886169,0.36110833287239075
YLR063W,YPR198W,0,0.64650214,0.1776360720396042,0.7776669859886169,0.36120834946632385
YBR040W,YBR015C,0,0.64648396,0.17759563028812408,0.7776669859886169,0.36130839586257935
YDR246W,YDL105W,0,0.6462283,0.17755520343780518,0.7776669859886169,0.36140841245651245
YNL173C,YJL113W,0,0.64591366,0.17751479148864746,0.7776669859886169,0.36150845885276794
YPR089W,YPL275W,0,0.6457155,0.17747440934181213,0.7776669859886169,0.36160847544670105
YMR296C,YGL215W,0,0.6453618,0.1774340271949768,0.7776669859886169,0.36170852184295654
YDR266C,YPL059W,0,0.64515257,0.17739367485046387,0.7776669859886169,0.36180853843688965
YKL158W,YBR084C-A,0,0.6450436,0.17735333740711212,0.7776669859886169,0.36190858483314514
YLR337C,YDR065W,0,0.64485973,0.17731302976608276,0.7776669859886169,0.36200860142707825
YDR390C,YKL200C,0,0.6448035,0.1772727221250534,0.7776669859886169,0.36210861802101135
YBR012W-B,YGL031C,0,0.64466155,0.17723244428634644,0.7776669859886169,0.36220866441726685
YJL055W,YGR292W,0,0.64438057,0.17719218134880066,0.7776669859886169,0.36230868101119995
YNL145W,YLR155C,1,0.643859,0.1773790568113327,0.7786639928817749,0.36230868101119995
YDL146W,YIL159W,0,0.64323324,0.17733877897262573,0.7786639928817749,0.36240872740745544
YKL191W,YER177W,0,0.64296824,0.17729853093624115,0.7786639928817749,0.36250874400138855
YGR258C,YNR043W,0,0.64263374,0.17725828289985657,0.7786639928817749,0.36260879039764404
YBR162C,YGR014W,1,0.64258313,0.17744497954845428,0.7796609997749329,0.36260879039764404
YDR500C,YLR034C,0,0.6420754,0.1774047166109085,0.7796609997749329,0.36270880699157715
YJL160C,YMR008C,1,0.6418476,0.17759129405021667,0.7806580066680908,0.36270880699157715
YCR041W,YDR419W,0,0.6416565,0.1775510162115097,0.7806580066680908,0.36280885338783264
YIL177C,YER158C,0,0.6415972,0.17751076817512512,0.7806580066680908,0.36290886998176575
YDR207C,YBR250W,0,0.6414777,0.17747053503990173,0.7806580066680908,0.36300891637802124
YBR163W,YBR132C,0,0.64069915,0.17743031680583954,0.7806580066680908,0.36310893297195435
YPR113W,YOR014W,0,0.64030117,0.17739012837409973,0.7806580066680908,0.36320894956588745
YDR034W-B,YJR112W,0,0.6401714,0.17734993994235992,0.7806580066680908,0.36330899596214294
YPL207W,YGL261C,0,0.64015925,0.1773097813129425,0.7806580066680908,0.36340901255607605
YOR343C-A,YCL025C,0,0.6399565,0.17726963758468628,0.7806580066680908,0.36350905895233154
YGR014W,YMR008C,1,0.63976884,0.1774558573961258,0.7816550135612488,0.36350905895233154
YOR192C-A,YGL195W,0,0.63963175,0.17741569876670837,0.7816550135612488,0.36360907554626465
YMR145C,YJL069C,0,0.6393496,0.17737556993961334,0.7816550135612488,0.36370912194252014
YDL061C,YNR047W,0,0.6392987,0.1773354411125183,0.7816550135612488,0.36380913853645325
YCR043C,YPL149W,0,0.63893235,0.17729534208774567,0.7816550135612488,0.36390918493270874
YMR160W,YGL096W,0,0.63880396,0.17725525796413422,0.7816550135612488,0.36400920152664185
YGR101W,YJR131W,0,0.6387285,0.17721518874168396,0.7816550135612488,0.36410921812057495
YLR071C,YPR201W,0,0.6384504,0.1771751344203949,0.7816550135612488,0.36420926451683044
YPR165W,YGR104C,0,0.6383369,0.17713510990142822,0.7816550135612488,0.36430928111076355
YNL164C,YKR017C,0,0.63831663,0.17709510028362274,0.7816550135612488,0.36440932750701904
YPL189W,YIL014W,0,0.6382879,0.17705510556697845,0.7816550135612488,0.36450934410095215
YPR089W,YDL171C,0,0.6382859,0.17701512575149536,0.7816550135612488,0.36460939049720764
YPR190C,YHR214W-G,0,0.63806105,0.17697517573833466,0.7816550135612488,0.36470940709114075
YEL042W,YGL045W,0,0.63787377,0.17693522572517395,0.7816550135612488,0.36480945348739624
YDR109C,YNL121C,0,0.6371778,0.17689530551433563,0.7816550135612488,0.36490947008132935
YPR196W,YOL115W,0,0.6363625,0.1768554002046585,0.7816550135612488,0.36500951647758484
YOR260W,YCR075W-A,0,0.6363467,0.17681550979614258,0.7816550135612488,0.36510953307151794
YGL209W,YKL079W,0,0.6362542,0.17677564918994904,0.7816550135612488,0.36520954966545105
YOR042W,YOR396W,0,0.6362436,0.1767358034849167,0.7816550135612488,0.36530959606170654
YER065C,YBR056W,1,0.6357197,0.17692133784294128,0.7826520204544067,0.36530959606170654
YLR063W,YPR204W,0,0.63555086,0.17688147723674774,0.7826520204544067,0.36540961265563965
YDL246C,YLR178C,0,0.6342226,0.1768416315317154,0.7826520204544067,0.36550965905189514
YDR047W,YER124C,0,0.63410527,0.17680180072784424,0.7826520204544067,0.36560967564582825
YKL133C,YDR475C,0,0.6339953,0.17676198482513428,0.7826520204544067,0.36570972204208374
YCR089W,YLR001C,1,0.6334097,0.17694732546806335,0.7836490273475647,0.36570972204208374
YLL034C,YJR098C,0,0.63330984,0.1769074946641922,0.7836490273475647,0.36580973863601685
YBL008W-A,YKL163W,1,0.633054,0.17709271609783173,0.7846460342407227,0.36580973863601685
YFR024C-A,YEL042W,0,0.63294977,0.17705287039279938,0.7846460342407227,0.36590978503227234
YOR175C,YPR049C,0,0.6328711,0.17701303958892822,0.7846460342407227,0.36600980162620544
YJL080C,YLR118C,0,0.6327692,0.17697323858737946,0.7846460342407227,0.36610981822013855
YHL047C,YPL199C,0,0.6324,0.17693345248699188,0.7846460342407227,0.36620986461639404
YOL159C,YIL162W,1,0.63232076,0.1771184504032135,0.7856430411338806,0.36620986461639404
YJL225C,YKR051W,0,0.6319391,0.17707864940166473,0.7856430411338806,0.36630988121032715
YAL063C,YLR042C,1,0.63193,0.177263543009758,0.7866401076316833,0.36630988121032715
YGR105W,YPL082C,0,0.6316727,0.17722372710704803,0.7866401076316833,0.36640992760658264
YPL123C,YPR121W,1,0.63156164,0.17740848660469055,0.7876371145248413,0.36640992760658264
YFL035C-A,YKL020C,0,0.63112295,0.1773686558008194,0.7876371145248413,0.36650994420051575
YDR319C,YDR465C,0,0.6309275,0.17732883989810944,0.7876371145248413,0.36660999059677124
YNL247W,YLR165C,0,0.6308447,0.17728905379772186,0.7876371145248413,0.36671000719070435
YOR264W,YOL110W,0,0.6306005,0.1772492676973343,0.7876371145248413,0.36681005358695984
YMR268W-A,YIL040W,0,0.6303206,0.1772095113992691,0.7876371145248413,0.36691007018089294
YLR308W,YKL043W,0,0.6301068,0.1771697700023651,0.7876371145248413,0.36701011657714844
YMR142C,YEL077C,0,0.62950206,0.17713004350662231,0.7876371145248413,0.36711013317108154
YNL012W,YGR282C,1,0.6290459,0.17731450498104095,0.7886341214179993,0.36711013317108154
YDR379C-A,YJL185C,0,0.62872237,0.17727476358413696,0.7886341214179993,0.36721014976501465
YOR153W,YGL215W,0,0.62784964,0.17723503708839417,0.7886341214179993,0.36731019616127014
YJL187C,YKR057W,0,0.6278038,0.17719534039497375,0.7886341214179993,0.36741021275520325
YNR063W,YMR117C,0,0.62729543,0.17715565860271454,0.7886341214179993,0.36751025915145874
YNL217W,YER031C,0,0.62689924,0.17711599171161652,0.7886341214179993,0.36761027574539185
YDR043C,YBR048W,0,0.62687695,0.1770763397216797,0.7886341214179993,0.36771032214164734
YNR013C,YGR279C,0,0.62654656,0.17703670263290405,0.7886341214179993,0.36781033873558044
YGL175C,YDR381C-A,0,0.62636864,0.1769970953464508,0.7886341214179993,0.36791038513183594
YDR002W,YIR033W,0,0.626113,0.17695748805999756,0.7886341214179993,0.36801040172576904
YGR016W,YOR205C,0,0.62577784,0.1769179105758667,0.7886341214179993,0.36811041831970215
YLR414C,YEL013W,0,0.6257608,0.17687834799289703,0.7886341214179993,0.36821046471595764
YDR204W,YHR175W,0,0.62572676,0.17683881521224976,0.7886341214179993,0.36831048130989075
YDR252W,YOL107W,0,0.62544286,0.17679928243160248,0.7886341214179993,0.36841052770614624
YDR059C,YOR336W,0,0.62519246,0.1767597794532776,0.7886341214179993,0.36851054430007935
YJR016C,YDR179W-A,0,0.6250573,0.1767202913761139,0.7886341214179993,0.36861059069633484
YDR338C,YFL066C,0,0.62504363,0.1766808182001114,0.7886341214179993,0.36871060729026794
YPL085W,YOR315W,0,0.6249484,0.17664135992527008,0.7886341214179993,0.36881065368652344
YHL046C,YBR276C,0,0.6248412,0.17660191655158997,0.7886341214179993,0.36891067028045654
YJL105W,YBL101W-B,0,0.62457466,0.17656250298023224,0.7886341214179993,0.36901071667671204
YOR095C,YKL119C,0,0.62450826,0.1765231043100357,0.7886341214179993,0.36911073327064514
YLR309C,YML050W,0,0.62434125,0.17648370563983917,0.7886341214179993,0.36921074986457825
YPL027W,YKL103C,0,0.6243173,0.17644435167312622,0.7886341214179993,0.36931079626083374
YEL061C,YCL066W,0,0.62382793,0.17640499770641327,0.7886341214179993,0.36941081285476685
YHR085W,YBL005W-A,0,0.6236721,0.1763656586408615,0.7886341214179993,0.36951085925102234
YPR114W,YBR159W,0,0.62363815,0.17632634937763214,0.7886341214179993,0.36961087584495544
YGR220C,YAR020C,0,0.6235301,0.17628705501556396,0.7886341214179993,0.36971092224121094
YCR089W,YBR301W,1,0.6235229,0.1764705926179886,0.7896311283111572,0.36971092224121094
YOR153W,YHL006C,0,0.6226068,0.17643128335475922,0.7896311283111572,0.36981093883514404
YFR012W,YGL148W,0,0.6222798,0.17639198899269104,0.7896311283111572,0.36991098523139954
YNL122C,YLR006C,0,0.6222318,0.17635270953178406,0.7896311283111572,0.37001100182533264
YPR118W,YMR010W,0,0.62192416,0.17631344497203827,0.7896311283111572,0.37011101841926575
YNL125C,YDL204W,0,0.6217129,0.17627421021461487,0.7896311283111572,0.37021106481552124
YKR095W-A,YLR403W,0,0.62067014,0.17623497545719147,0.7896311283111572,0.37031108140945435
YFL024C,YER066W,0,0.62027407,0.17619577050209045,0.7896311283111572,0.37041112780570984
YMR084W,YEL011W,0,0.62013865,0.17615658044815063,0.7896311283111572,0.37051114439964294
YOR262W,YBR150C,0,0.61988384,0.176117405295372,0.7896311283111572,0.37061119079589844
YBR196C-A,YJR153W,0,0.6193868,0.17607825994491577,0.7896311283111572,0.37071120738983154
YMR158W,YJR048W,0,0.6193533,0.17603911459445953,0.7896311283111572,0.37081125378608704
YGR020C,YGR211W,0,0.6192569,0.17599999904632568,0.7896311283111572,0.37091127038002014
YBL033C,YER124C,0,0.6187696,0.17596089839935303,0.7896311283111572,0.37101131677627563
YDR456W,YDR226W,0,0.6186825,0.17592181265354156,0.7896311283111572,0.37111133337020874
YMR114C,YMR213W,0,0.61864126,0.1758827418088913,0.7896311283111572,0.37121134996414185
YPL198W,YCL059C,0,0.618467,0.17584370076656342,0.7896311283111572,0.37131139636039734
YLR287C-A,YPL210C,0,0.618423,0.17580465972423553,0.7896311283111572,0.37141141295433044
YOR355W,YIL166C,0,0.61778295,0.17576564848423004,0.7896311283111572,0.37151145935058594
YDL049C,YBR078W,1,0.617754,0.17594853043556213,0.7906281352043152,0.37151145935058594
YPL192C,YKR077W,0,0.6177269,0.17590948939323425,0.7906281352043152,0.37161147594451904
YHR134W,YOR019W,0,0.6176219,0.17587047815322876,0.7906281352043152,0.37171152234077454
YHL008C,YDR147W,0,0.6175755,0.17583148181438446,0.7906281352043152,0.37181153893470764
YBR123C,YDR185C,0,0.6175276,0.17579250037670135,0.7906281352043152,0.37191158533096313
YDR014W-A,YMR276W,0,0.61714613,0.17575354874134064,0.7906281352043152,0.37201160192489624
YOR202W,YDR012W,0,0.61614656,0.17571459710597992,0.7906281352043152,0.37211164832115173
YHL035C,YOR073W,0,0.61605686,0.1756756752729416,0.7906281352043152,0.37221166491508484
YMR013C,YMR258C,0,0.61574674,0.17563676834106445,0.7906281352043152,0.37231168150901794
YIL076W,YLR092W,0,0.61567736,0.1755978763103485,0.7906281352043152,0.37241172790527344
YKR092C,YJL035C,0,0.6156584,0.17555899918079376,0.7906281352043152,0.37251174449920654
YPR167C,YLR179C,0,0.6153924,0.1755201369524002,0.7906281352043152,0.37261179089546204
YGL033W,YML081W,0,0.61518943,0.17548130452632904,0.7906281352043152,0.37271180748939514
YMR268W-A,YGL091C,0,0.6145417,0.17544247210025787,0.7906281352043152,0.37281185388565063
YLR435W,YBR001C,0,0.6143886,0.1754036694765091,0.7906281352043152,0.37291187047958374
YNR074C,YOR353C,0,0.6143205,0.1753648817539215,0.7906281352043152,0.37301191687583923
YLR226W,YBL107C,0,0.6142785,0.17532610893249512,0.7906281352043152,0.37311193346977234
YGR067C,YOL021C,0,0.6142435,0.17528735101222992,0.7906281352043152,0.37321195006370544
YBR279W,YMR244C-A,0,0.61412406,0.1752486228942871,0.7906281352043152,0.37331199645996094
YDR055W,YLR391W-A,1,0.61395544,0.17543084919452667,0.7916251420974731,0.37331199645996094
YIL043C,YKR095W-A,0,0.61388314,0.17539209127426147,0.7916251420974731,0.37341201305389404
YHR165C,YJR025C,0,0.61331874,0.17535336315631866,0.7916251420974731,0.37351205945014954
YEL027W,YHR009C,0,0.6123559,0.17531463503837585,0.7916251420974731,0.37361207604408264
YHL037C,YER011W,1,0.6120138,0.1754966825246811,0.7926221489906311,0.37361207604408264
YDR499W,YMR111C,0,0.61195517,0.17545795440673828,0.7926221489906311,0.37371212244033813
YER155C,YLL017W,0,0.6119274,0.17541924118995667,0.7926221489906311,0.37381213903427124
YBR201W,YGR085C,0,0.61163354,0.17538054287433624,0.7926221489906311,0.37391218543052673
YFR045W,YHR048W,0,0.61142623,0.17534185945987701,0.7926221489906311,0.37401220202445984
YNL138W,YMR205C,0,0.611283,0.17530319094657898,0.7926221489906311,0.37411224842071533
YMR303C,YNR018W,0,0.61124384,0.17526455223560333,0.7926221489906311,0.37421226501464844
YLR040C,YMR235C,0,0.6111369,0.17522591352462769,0.7926221489906311,0.37431228160858154
YER011W,YOR212W,0,0.6110889,0.17518730461597443,0.7926221489906311,0.37441232800483704
YDR393W,YCL056C,0,0.6106537,0.17514871060848236,0.7926221489906311,0.37451234459877014
YFR030W,YPR052C,0,0.6105827,0.1751101315021515,0.7926221489906311,0.37461239099502563
YHR055C,YPL009C,0,0.61027014,0.1750715672969818,0.7926221489906311,0.37471240758895874
YDR127W,YOL041C,0,0.61026376,0.17503301799297333,0.7926221489906311,0.37481245398521423
YLR071C,YKR043C,0,0.60980254,0.17499449849128723,0.7926221489906311,0.37491247057914734
YPL214C,YDR545W,0,0.6095823,0.17495597898960114,0.7926221489906311,0.37501251697540283
YOL148C,YBR139W,0,0.6093396,0.17491748929023743,0.7926221489906311,0.37511253356933594
YDR415C,YDR343C,0,0.6090981,0.1748790144920349,0.7926221489906311,0.37521255016326904
YKL096W-A,YJL041W,0,0.60903686,0.1748405545949936,0.7926221489906311,0.37531259655952454
YIL176C,YMR263W,0,0.60885024,0.17480210959911346,0.7926221489906311,0.37541261315345764
YOL030W,YBR067C,1,0.60878956,0.17498351633548737,0.7936191558837891,0.37541261315345764
YMR250W,YCR075W-A,0,0.60868603,0.17494505643844604,0.7936191558837891,0.37551265954971313
YLR422W,YDR342C,0,0.60860515,0.17490661144256592,0.7936191558837891,0.37561267614364624
YKL077W,YDR466W,0,0.6083753,0.17486819624900818,0.7936191558837891,0.37571272253990173
YMR267W,YCL048W-A,0,0.60823447,0.17482978105545044,0.7936191558837891,0.37581273913383484
YHL021C,YPL158C,0,0.60788715,0.1747913956642151,0.7936191558837891,0.37591278553009033
YOR279C,YLL054C,0,0.6071841,0.17475302517414093,0.7936191558837891,0.37601280212402344
YER020W,YFL011W-A,0,0.6071759,0.17471465468406677,0.7936191558837891,0.37611284852027893
YLR439W,YDR034W-B,0,0.60697967,0.1746763288974762,0.7936191558837891,0.37621286511421204
YCR060W,YOL155C,0,0.60668737,0.17463800311088562,0.7936191558837891,0.37631288170814514
YML019W,YGL162W,0,0.60663664,0.17459969222545624,0.7936191558837891,0.37641292810440063
YDL064W,YBR084C-A,0,0.6065825,0.17456139624118805,0.7936191558837891,0.37651294469833374
YGR020C,YGR292W,0,0.60599536,0.17452313005924225,0.7936191558837891,0.37661299109458923
YOL033W,YMR322C,0,0.6058475,0.17448487877845764,0.7936191558837891,0.37671300768852234
YHR179W,YOL022C,0,0.60581505,0.17444664239883423,0.7936191558837891,0.37681305408477783
YBR192W,YBL005W-A,0,0.6055833,0.174408420920372,0.7936191558837891,0.37691307067871094
YLR461W,YDR338C,0,0.60540515,0.17437021434307098,0.7936191558837891,0.37701311707496643
YPR140W,YGR067C,0,0.6052964,0.17433202266693115,0.7936191558837891,0.37711313366889954
YHR143W,YNL322C,1,0.6049951,0.1745128035545349,0.794616162776947,0.37711313366889954
YFR042W,YNL327W,0,0.6047052,0.17447461187839508,0.794616162776947,0.37721315026283264
YEL060C,YDR420W,1,0.60467845,0.17465528845787048,0.795613169670105,0.37721315026283264
YDL217C,YNR018W,0,0.60465014,0.17461706697940826,0.795613169670105,0.37731319665908813
YHR016C,YDR090C,0,0.60460675,0.17457886040210724,0.795613169670105,0.37741321325302124
YBR248C,YOR045W,0,0.6044742,0.1745406836271286,0.795613169670105,0.37751325964927673
YPL118W,YNL186W,0,0.60403085,0.17450252175331116,0.795613169670105,0.37761327624320984
YGL125W,YLR453C,0,0.60394514,0.1744643598794937,0.795613169670105,0.37771332263946533
YGL070C,YLR095C,0,0.6036649,0.17442622780799866,0.795613169670105,0.37781333923339844
YNL130C,YOR249C,0,0.60282236,0.1743881106376648,0.795613169670105,0.37791338562965393
YOR035C,YER163C,0,0.60270506,0.17435000836849213,0.795613169670105,0.37801340222358704
YHR110W,YGL181W,0,0.60254306,0.17431192100048065,0.795613169670105,0.37811344861984253
YEL064C,YDL171C,0,0.6025263,0.17427386343479156,0.795613169670105,0.37821346521377563
YNR018W,YHR010W,0,0.60244584,0.17423580586910248,0.795613169670105,0.37831348180770874
YJR107W,YLL066C,0,0.6024411,0.17419777810573578,0.795613169670105,0.37841352820396423
YMR158W,YNL176C,0,0.60185826,0.17415975034236908,0.795613169670105,0.37851354479789734
YKR082W,YBL059C-A,0,0.6014956,0.17412175238132477,0.795613169670105,0.37861359119415283
YHR104W,YGR174C,0,0.6014072,0.17408376932144165,0.795613169670105,0.37871360778808594
YOR355W,YGL168W,0,0.60128736,0.17404580116271973,0.795613169670105,0.37881365418434143
YML038C,YOR182C,0,0.6011524,0.174007847905159,0.795613169670105,0.37891367077827454
YFL010W-A,YMR149W,0,0.6010306,0.17396990954875946,0.795613169670105,0.37901371717453003
YDR261W-B,YHR035W,0,0.6009052,0.1739320009946823,0.795613169670105,0.37911373376846313
YOL141W,YGL170C,0,0.6008004,0.17389409244060516,0.795613169670105,0.37921375036239624
YDL195W,YJL142C,0,0.60054004,0.1738562136888504,0.795613169670105,0.37931379675865173
YAL034C,YPR165W,0,0.6004272,0.17381833493709564,0.795613169670105,0.37941381335258484
YPR132W,YGR081C,0,0.6000875,0.17378048598766327,0.795613169670105,0.37951385974884033
YLL042C,YGR061C,0,0.59909594,0.1737426519393921,0.795613169670105,0.37961387634277344
YKR071C,YJR067C,0,0.59830225,0.1737048327922821,0.795613169670105,0.37971392273902893
YNL249C,YDL210W,0,0.59818196,0.1736670285463333,0.795613169670105,0.37981393933296204
YDR106W,YLR154C,0,0.59783244,0.17362923920154572,0.795613169670105,0.37991398572921753
YKL084W,YKL001C,0,0.59652317,0.1735914796590805,0.795613169670105,0.38001400232315063
YGR165W,YDR365W-A,0,0.59624577,0.1735537201166153,0.795613169670105,0.38011404871940613
YOL018C,YNR073C,0,0.5961489,0.17351597547531128,0.795613169670105,0.38021406531333923
YIL162W,YEL060C,1,0.5950426,0.1736956536769867,0.7966101765632629,0.38021406531333923
YLR037C,YJL185C,0,0.5949329,0.17365789413452148,0.7966101765632629,0.38031408190727234
YIL162W,YCR045C,1,0.5948961,0.17383746802806854,0.7976071834564209,0.38031408190727234
YOL056W,YGL135W,0,0.59479177,0.17379969358444214,0.7976071834564209,0.38041412830352783
YDR248C,YGR095C,0,0.5946319,0.17376194894313812,0.7976071834564209,0.38051414489746094
YOR356W,YDR047W,0,0.59452057,0.1737242192029953,0.7976071834564209,0.38061419129371643
YCL058W-A,YIL158W,0,0.5944576,0.17368648946285248,0.7976071834564209,0.38071420788764954
YBR020W,YKL096W-A,0,0.5943668,0.17364878952503204,0.7976071834564209,0.38081425428390503
YOL109W,YBR287W,0,0.5936252,0.1736111044883728,0.7976071834564209,0.38091427087783813
YDR325W,YDL122W,0,0.5927187,0.17357344925403595,0.7976071834564209,0.38101431727409363
YER185W,YNL004W,0,0.59262687,0.1735357940196991,0.7976071834564209,0.38111433386802673
YPR181C,YCL005W-A,0,0.59261733,0.17349815368652344,0.7976071834564209,0.38121435046195984
YHR212W-A,YDR432W,0,0.5924208,0.17346054315567017,0.7976071834564209,0.38131439685821533
YLR310C,YPR200C,0,0.59200823,0.1734229326248169,0.7976071834564209,0.38141441345214844
YGR066C,YMR150C,0,0.59177566,0.173385351896286,0.7976071834564209,0.38151445984840393
YGR014W,YLR042C,1,0.5914624,0.17356446385383606,0.7986041903495789,0.38151445984840393
YMR210W,YJR067C,0,0.5909914,0.17352686822414398,0.7986041903495789,0.38161447644233704
YMR250W,YPR095C,0,0.5909035,0.1734892725944519,0.7986041903495789,0.38171452283859253
YOR344C,YJL035C,0,0.5909008,0.17345170676708221,0.7986041903495789,0.38181453943252563
YCR095C,YOL165C,0,0.5902799,0.17341415584087372,0.7986041903495789,0.38191458582878113
YJL208C,YDR062W,0,0.59016395,0.17337661981582642,0.7986041903495789,0.38201460242271423
YBR146W,YPR097W,0,0.58992785,0.1733390986919403,0.7986041903495789,0.3821146488189697
YMR215W,YOL154W,1,0.589655,0.17351795732975006,0.7996011972427368,0.3821146488189697
YOR151C,YDR072C,0,0.5891186,0.17348042130470276,0.7996011972427368,0.38221466541290283
YOL030W,YHR132C,1,0.58910835,0.17365917563438416,0.8005982041358948,0.38221466541290283
YFR021W,YLR446W,0,0.5890326,0.17362162470817566,0.8005982041358948,0.38231468200683594
YDR410C,YMR205C,0,0.58879447,0.17358408868312836,0.8005982041358948,0.38241472840309143
YIL157C,YKL151C,0,0.5872535,0.17354656755924225,0.8005982041358948,0.38251474499702454
YJR028W,YHR172W,0,0.5871142,0.17350907623767853,0.8005982041358948,0.38261479139328003
YKL024C,YJL167W,0,0.5868404,0.1734715849161148,0.8005982041358948,0.38271480798721313
YMR059W,YHR009C,0,0.5868024,0.17343412339687347,0.8005982041358948,0.38281485438346863
YMR234W,YOR021C,0,0.58654845,0.17339667677879333,0.8005982041358948,0.38291487097740173
YER060W,YDR062W,0,0.58647716,0.1733592450618744,0.8005982041358948,0.3830149173736572
YPL019C,YPL193W,0,0.586018,0.17332182824611664,0.8005982041358948,0.38311493396759033
YNL306W,YOR101W,0,0.5858195,0.17328442633152008,0.8005982041358948,0.38321495056152344
YNL218W,YLR286C,0,0.5857923,0.17324703931808472,0.8005982041358948,0.38331499695777893
YDL217C,YGL032C,0,0.58577514,0.17320966720581055,0.8005982041358948,0.38341501355171204
YLR042C,YNL065W,0,0.5857453,0.17317230999469757,0.8005982041358948,0.38351505994796753
YLR241W,YMR216C,0,0.5855733,0.1731349676847458,0.8005982041358948,0.38361507654190063
YCR098C,YNR018W,0,0.58517563,0.1730976551771164,0.8005982041358948,0.38371512293815613
YGL089C,YDR032C,1,0.5851014,0.17327585816383362,0.8015952110290527,0.38371512293815613
YPL069C,YOR204W,0,0.5841931,0.17323853075504303,0.8015952110290527,0.38381513953208923
YKL154W,YDR539W,0,0.5837809,0.17320120334625244,0.8015952110290527,0.3839151859283447
YBR060C,YLR197W,0,0.58373946,0.17316390573978424,0.8015952110290527,0.38401520252227783
YLR097C,YKR061W,0,0.5836033,0.17312660813331604,0.8015952110290527,0.3841152489185333
YKR095W-A,YOL158C,0,0.5835668,0.17308934032917023,0.8015952110290527,0.38421526551246643
YNL053W,YPL252C,0,0.5835565,0.1730520874261856,0.8015952110290527,0.38431528210639954
YGL068W,YDL192W,0,0.58346474,0.17301484942436218,0.8015952110290527,0.38441532850265503
YDR248C,YLR395C,0,0.58324146,0.17297762632369995,0.8015952110290527,0.38451534509658813
YDL063C,YDR210W,0,0.58297986,0.1729404181241989,0.8015952110290527,0.38461539149284363
YGL253W,YMR263W,0,0.5822774,0.17290322482585907,0.8015952110290527,0.38471540808677673
YOR219C,YOR301W,0,0.58208364,0.17286604642868042,0.8015952110290527,0.3848154544830322
YDR040C,YPL259C,0,0.5818133,0.17282889783382416,0.8015952110290527,0.38491547107696533
YIL104C,YPR035W,0,0.581393,0.1727917492389679,0.8015952110290527,0.3850155174732208
YKL164C,YGR037C,1,0.5813049,0.1729694902896881,0.8025922179222107,0.3850155174732208
YIR019C,YPR114W,0,0.5811348,0.17293232679367065,0.8025922179222107,0.38511553406715393
YDR174W,YBR251W,0,0.5810764,0.17289519309997559,0.8025922179222107,0.38521555066108704
YGL258W-A,YOR064C,0,0.5809143,0.17285805940628052,0.8025922179222107,0.38531559705734253
YLR069C,YKL151C,0,0.58075464,0.17282095551490784,0.8025922179222107,0.38541561365127563
YBR291C,YDL073W,0,0.5803887,0.17278386652469635,0.8025922179222107,0.38551566004753113
YDR055W,YPL130W,1,0.5802265,0.17296136915683746,0.8035892248153687,0.38551566004753113
YLL040C,YDL204W,0,0.5800619,0.17292426526546478,0.8035892248153687,0.38561567664146423
YGR266W,YLR259C,0,0.5799912,0.1728871762752533,0.8035892248153687,0.3857157230377197
YLR286C,YGR155W,0,0.57984686,0.172850102186203,0.8035892248153687,0.38581573963165283
YPL048W,YPL127C,0,0.5795449,0.1728130429983139,0.8035892248153687,0.3859157860279083
YMR138W,YNL217W,0,0.5794655,0.172775998711586,0.8035892248153687,0.38601580262184143
YFR032C-A,YLR404W,0,0.579375,0.1727389693260193,0.8035892248153687,0.3861158490180969
YCR031C,YOR249C,0,0.5793402,0.17270195484161377,0.8035892248153687,0.38621586561203003
YNL327W,YEL040W,1,0.57929397,0.1728791743516922,0.8045862317085266,0.38621586561203003
YAL040C,YMR049C,0,0.5791948,0.1728421449661255,0.8045862317085266,0.38631588220596313
YML063W,YKL127W,0,0.578876,0.17280514538288116,0.8045862317085266,0.38641592860221863
YER140W,YLR337W,0,0.57887197,0.17276814579963684,0.8045862317085266,0.38651594519615173
YMR133W,YDL103C,0,0.57850415,0.1727311611175537,0.8045862317085266,0.3866159915924072
YDR254W,YER036C,0,0.5784857,0.17269420623779297,0.8045862317085266,0.38671600818634033
YFR039C,YHR124W,0,0.57840693,0.17265725135803223,0.8045862317085266,0.3868160545825958
YNL066W,YKL096W-A,1,0.5780666,0.17283421754837036,0.8055832386016846,0.3868160545825958
YLR390W,YIL127C,0,0.5780546,0.17279726266860962,0.8055832386016846,0.38691607117652893
YDR462W,YHR035W,0,0.5779532,0.17276032269001007,0.8055832386016846,0.3870161175727844
YGL114W,YNR074C,0,0.57791495,0.17272338271141052,0.8055832386016846,0.38711613416671753
YLR343W,YER170W,0,0.57738346,0.17268647253513336,0.8055832386016846,0.38721615076065063
YOR221C,YLR287C,0,0.5773367,0.1726495772600174,0.8055832386016846,0.38731619715690613
YHR098C,YCR077C,0,0.57626235,0.17261269688606262,0.8055832386016846,0.38741621375083923
YMR186W,YJL160C,0,0.57585096,0.17257581651210785,0.8055832386016846,0.3875162601470947
YPR048W,YDR210W-B,0,0.57581735,0.17253896594047546,0.8055832386016846,0.38761627674102783
YPL158C,YKR103W,0,0.57580894,0.17250213027000427,0.8055832386016846,0.3877163231372833
YNR036C,YBR083W,0,0.57525575,0.17246530950069427,0.8055832386016846,0.38781633973121643
YOR163W,YDL073W,0,0.5752322,0.17242850363254547,0.8055832386016846,0.3879163861274719
YMR209C,YHR129C,0,0.5748825,0.17239172756671906,0.8055832386016846,0.38801640272140503
YJL132W,YDR092W,0,0.5746888,0.17235495150089264,0.8055832386016846,0.3881164491176605
YHR044C,YJR025C,0,0.5744593,0.17231819033622742,0.8055832386016846,0.38821646571159363
YDR134C,YKL157W,1,0.57430464,0.17249466478824615,0.8065802454948425,0.38821646571159363
YOR159C,YNL191W,0,0.57429415,0.17245790362358093,0.8065802454948425,0.38831648230552673
YPR100W,YLR072W,0,0.5739474,0.1724211424589157,0.8065802454948425,0.3884165287017822
YDR144C,YNL058C,0,0.5736693,0.17238439619541168,0.8065802454948425,0.38851654529571533
YLR431C,YGR207C,0,0.5731026,0.17234767973423004,0.8065802454948425,0.3886165916919708
YLR063W,YPR090W,0,0.57281065,0.1723109632730484,0.8065802454948425,0.38871660828590393
YGL200C,YLR455W,0,0.5727408,0.17227427661418915,0.8065802454948425,0.3888166546821594
YML063W,YHR155W,0,0.57249886,0.1722376048564911,0.8065802454948425,0.38891667127609253
YKL150W,YJL103C,0,0.57220817,0.17220093309879303,0.8065802454948425,0.389016717672348
YDR531W,YNL291C,0,0.5720253,0.17216429114341736,0.8065802454948425,0.38911673426628113
YBR211C,YOL059W,0,0.5720196,0.17212766408920288,0.8065802454948425,0.38921675086021423
YML130C,YKL145W,0,0.57183576,0.1720910370349884,0.8065802454948425,0.3893167972564697
YJL207C,YLR460C,0,0.5715935,0.1720544397830963,0.8065802454948425,0.38941681385040283
YLR121C,YEL040W,1,0.571436,0.17223049700260162,0.8075772523880005,0.38941681385040283
YER093C,YBR040W,0,0.5714241,0.17219388484954834,0.8075772523880005,0.3895168602466583
YGL201C,YOL047C,0,0.5711991,0.17215727269649506,0.8075772523880005,0.38961687684059143
YMR209C,YGR036C,0,0.5709467,0.17212069034576416,0.8075772523880005,0.3897169232368469
YOR297C,YGR288W,0,0.5705822,0.17208412289619446,0.8075772523880005,0.38981693983078003
YER060W,YBR189W,0,0.57037807,0.17204758524894714,0.8075772523880005,0.3899169862270355
YOR297C,YBL078C,0,0.5702505,0.17201104760169983,0.8075772523880005,0.39001700282096863
YDR069C,YLR143W,0,0.5696262,0.1719745248556137,0.8075772523880005,0.3901170492172241
YOL155C,YNL169C,0,0.569503,0.17193801701068878,0.8075772523880005,0.3902170658111572
YMR282C,YER190W,0,0.5693644,0.17190152406692505,0.8075772523880005,0.39031708240509033
YDL051W,YGR203W,0,0.5690974,0.1718650609254837,0.8075772523880005,0.3904171288013458
YJL080C,YER057C,0,0.5690528,0.17182859778404236,0.8075772523880005,0.39051714539527893
YKL042W,YMR321C,0,0.5690378,0.1717921495437622,0.8075772523880005,0.3906171917915344
YPL079W,YER164W,0,0.56882703,0.17175573110580444,0.8075772523880005,0.39071720838546753
YOR110W,YFR020W,0,0.5685797,0.17171931266784668,0.8075772523880005,0.390817254781723
YKL162C,YBR033W,0,0.56857455,0.1716829091310501,0.8075772523880005,0.39091727137565613
YOL091W,YBR033W,0,0.5685182,0.17164653539657593,0.8075772523880005,0.3910173177719116
YLR348C,YLR218C,0,0.5682261,0.17161017656326294,0.8075772523880005,0.3911173343658447
YIL046W,YIL009C-A,0,0.56821966,0.17157381772994995,0.8075772523880005,0.39121735095977783
YER073W,YPL097W,0,0.56814575,0.17153748869895935,0.8075772523880005,0.3913173973560333
YIL149C,YNR018W,0,0.5679276,0.17150115966796875,0.8075772523880005,0.39141741394996643
YLR145W,YIR017C,0,0.56788635,0.17146486043930054,0.8075772523880005,0.3915174603462219
YPL005W,YGR053C,0,0.5676596,0.17142857611179352,0.8075772523880005,0.39161747694015503
YBR013C,YDR435C,0,0.5675838,0.1713922917842865,0.8075772523880005,0.3917175233364105
YNR067C,YOL011W,1,0.5674327,0.17156758904457092,0.8085742592811584,0.3917175233364105
YNL219C,YKL146W,0,0.5672705,0.1715313047170639,0.8085742592811584,0.39181753993034363
YBR080C,YLL012W,0,0.566984,0.17149503529071808,0.8085742592811584,0.3919175863265991
YLR064W,YJR106W,0,0.5669593,0.17145878076553345,0.8085742592811584,0.3920176029205322
YNR009W,YJR111C,0,0.5664854,0.17142252624034882,0.8085742592811584,0.3921176493167877
YPR004C,YNR021W,0,0.56637985,0.17138630151748657,0.8085742592811584,0.3922176659107208
YGR014W,YEL040W,1,0.56633854,0.1715613752603531,0.8095712661743164,0.3922176659107208
YMR166C,YHR104W,0,0.5662406,0.17152513563632965,0.8095712661743164,0.39231768250465393
YLR325C,YDR091C,0,0.5661192,0.1714889109134674,0.8095712661743164,0.3924177289009094
YDR122W,YBR286W,0,0.5659761,0.17145270109176636,0.8095712661743164,0.39251774549484253
YML115C,YHR128W,0,0.5653364,0.1714165061712265,0.8095712661743164,0.392617791891098
YLR308W,YKL174C,0,0.56489897,0.17138032615184784,0.8095712661743164,0.39271780848503113
YJR078W,YGL054C,0,0.5648446,0.17134416103363037,0.8095712661743164,0.3928178548812866
YHR021C,YKR102W,0,0.5644289,0.1713080108165741,0.8095712661743164,0.3929178714752197
YPR156C,YLR023C,0,0.56432354,0.1712718904018402,0.8095712661743164,0.3930179178714752
YLR154W-C,YMR290C,0,0.5641886,0.17123576998710632,0.8095712661743164,0.3931179344654083
YMR281W,YCR023C,0,0.5640678,0.17119966447353363,0.8095712661743164,0.39321795105934143
YGL050W,YOR161C,0,0.5640244,0.17116357386112213,0.8095712661743164,0.3933179974555969
YPL249C-A,YHR021C,0,0.56400156,0.17112749814987183,0.8095712661743164,0.39341801404953003
YGR049W,YNL075W,0,0.56369525,0.1710914522409439,0.8095712661743164,0.3935180604457855
YIL011W,YBR078W,1,0.5636889,0.17126606404781342,0.8105682730674744,0.3935180604457855
YNL249C,YFL011W-A,0,0.56358016,0.1712299883365631,0.8105682730674744,0.39361807703971863
YDR318W,YDR171W,0,0.5633772,0.1711939424276352,0.8105682730674744,0.3937181234359741
YKR023W,YDR166C,0,0.5629679,0.17115789651870728,0.8105682730674744,0.3938181400299072
YAL067C,YLR285W,0,0.5626208,0.17112186551094055,0.8105682730674744,0.3939181864261627
YLR040C,YEL040W,1,0.5625284,0.17129629850387573,0.8115652799606323,0.3939181864261627
YDR308C,YBR204C,0,0.56196666,0.17126025259494781,0.8115652799606323,0.3940182030200958
YDR503C,YER018C,0,0.561953,0.17122423648834229,0.8115652799606323,0.3941182494163513
YIL084C,YDR056C,0,0.5610083,0.17118822038173676,0.8115652799606323,0.3942182660102844
YGR066C,YLR431C,0,0.5608111,0.1711522340774536,0.8115652799606323,0.39431828260421753
YEL055C,YPL096C-A,0,0.56066024,0.17111624777317047,0.8115652799606323,0.394418329000473
YDR198C,YPL121C,0,0.5602185,0.17108029127120972,0.8115652799606323,0.39451834559440613
YLR373C,YJL034W,0,0.5602129,0.17104433476924896,0.8115652799606323,0.3946183919906616
YDR253C,YJR151C,0,0.55931723,0.1710084080696106,0.8115652799606323,0.3947184085845947
YHR138C,YIL156W,0,0.5592753,0.17097248136997223,0.8115652799606323,0.3948184549808502
YHL024W,YLR423C,0,0.55915123,0.17093658447265625,0.8115652799606323,0.3949184715747833
YHL025W,YHR009C,0,0.559116,0.17090068757534027,0.8115652799606323,0.3950185179710388
YLR247C,YPL281C,0,0.55893695,0.17086482048034668,0.8115652799606323,0.3951185345649719
YPL030W,YOR304C-A,0,0.5588726,0.17082896828651428,0.8115652799606323,0.39521855115890503
YPL189W,YNR036C,0,0.5582891,0.17079311609268188,0.8115652799606323,0.3953185975551605
YPL188W,YLR332W,0,0.55801594,0.17075729370117188,0.8115652799606323,0.39541861414909363
YBR067C,YLR120C,1,0.55798024,0.17093120515346527,0.8125622868537903,0.39541861414909363
YGL194C-A,YPR144C,0,0.5577339,0.17089536786079407,0.8125622868537903,0.3955186605453491
YPR114W,YNR048W,0,0.55726635,0.17085954546928406,0.8125622868537903,0.3956186771392822
YNL206C,YNL127W,0,0.5571548,0.17082372307777405,0.8125622868537903,0.3957187235355377
YDL150W,YLR153C,0,0.55658686,0.17078793048858643,0.8125622868537903,0.3958187401294708
YFR034C,YFR018C,0,0.55655193,0.17075215280056,0.8125622868537903,0.3959187865257263
YKR097W,YBR096W,0,0.5563851,0.17071637511253357,0.8125622868537903,0.3960188031196594
YJL137C,YBR123C,0,0.55611676,0.17068062722682953,0.8125622868537903,0.3961188495159149
YPR121W,YMR306W,0,0.5552206,0.17064489424228668,0.8125622868537903,0.396218866109848
YDL201W,YDL134C-A,0,0.55514,0.17060917615890503,0.8125622868537903,0.39631888270378113
YJR007W,YDR089W,0,0.5546377,0.17057345807552338,0.8125622868537903,0.3964189291000366
YOL078W,YCL005W-A,0,0.5546345,0.1705377697944641,0.8125622868537903,0.3965189456939697
YJL146W,YKL158W,0,0.55415297,0.17050209641456604,0.8125622868537903,0.3966189920902252
YHR132W-A,YLR190W,0,0.5538341,0.17046642303466797,0.8125622868537903,0.3967190086841583
YBR243C,YBR083W,0,0.5537637,0.17043077945709229,0.8125622868537903,0.3968190550804138
YHR169W,YDL224C,0,0.553488,0.1703951507806778,0.8125622868537903,0.3969190716743469
YDR083W,YLR061W,0,0.55291176,0.1703595370054245,0.8125622868537903,0.3970191180706024
YHL037C,YOR382W,1,0.5523623,0.17053291201591492,0.8135592937469482,0.3970191180706024
YAL025C,YCR100C,0,0.5523081,0.17049728333950043,0.8135592937469482,0.3971191346645355
YLR078C,YNL095C,0,0.55146635,0.17046166956424713,0.8135592937469482,0.39721915125846863
YKR022C,YHR005C-A,0,0.55132306,0.17042607069015503,0.8135592937469482,0.3973191976547241
YOR338W,YGR057C,0,0.5507296,0.17039047181606293,0.8135592937469482,0.3974192142486572
YJL163C,YJL210W,0,0.550604,0.1703549027442932,0.8135592937469482,0.3975192606449127
YPL041C,YBR049C,0,0.5503056,0.1703193485736847,0.8135592937469482,0.3976192772388458
YGL212W,YMR096W,0,0.5498018,0.17028380930423737,0.8135592937469482,0.3977193236351013
YLR388W,YGR040W,0,0.5495722,0.17024828493595123,0.8135592937469482,0.3978193402290344
YMR263W,YGR053C,0,0.54914993,0.1702127605676651,0.8135592937469482,0.3979193866252899
YHR183W,YFL013C,0,0.5486659,0.17017726600170135,0.8135592937469482,0.398019403219223
YIL169C,YBR162C,1,0.54851645,0.17035029828548431,0.814556360244751,0.398019403219223
YFR039C,YMR220W,0,0.5481394,0.17031477391719818,0.814556360244751,0.3981194496154785
YOL103W,YPL252C,0,0.5477598,0.17027927935123444,0.814556360244751,0.3982194662094116
YBR162W-A,YER142C,0,0.5469388,0.17024379968643188,0.814556360244751,0.3983194828033447
YAL023C,YLR348C,0,0.5469197,0.17020833492279053,0.814556360244751,0.3984195291996002
YBR054W,YGL133W,0,0.5468922,0.17017288506031036,0.814556360244751,0.3985195457935333
YHR100C,YEL015W,0,0.5466639,0.1701374500989914,0.814556360244751,0.3986195921897888
YIL160C,YGR256W,0,0.5466514,0.17010201513767242,0.814556360244751,0.3987196087837219
YJL123C,YDR086C,0,0.5465709,0.17006660997867584,0.814556360244751,0.3988196551799774
YDR365C,YGL091C,0,0.5464089,0.17003121972084045,0.814556360244751,0.3989196717739105
YOR381W,YMR258C,0,0.5461372,0.16999584436416626,0.814556360244751,0.399019718170166
YPR020W,YIL158W,0,0.54587555,0.16996046900749207,0.814556360244751,0.3991197347640991
YPL002C,YJR027W,0,0.5458661,0.16992512345314026,0.814556360244751,0.3992197513580322
YAL025C,YNR019W,0,0.54576445,0.16988979279994965,0.814556360244751,0.3993197977542877
YIR019C,YKL158W,1,0.5457599,0.1700623631477356,0.8155533671379089,0.3993197977542877
YIR003W,YNL294C,0,0.5453334,0.1700270175933838,0.8155533671379089,0.3994198143482208
YDR248C,YKL210W,0,0.54475284,0.16999168694019318,0.8155533671379089,0.3995198607444763
YDL183C,YOR163W,0,0.5441996,0.16995637118816376,0.8155533671379089,0.3996198773384094
YMR177W,YPR097W,0,0.5440896,0.16992107033729553,0.8155533671379089,0.3997199237346649
YIR019C,YLR120C,1,0.54340833,0.17009346187114716,0.8165503740310669,0.3997199237346649
YBL011W,YDR307W,0,0.5427071,0.17005814611911774,0.8165503740310669,0.399819940328598
YML064C,YJL225C,0,0.54228777,0.17002283036708832,0.8165503740310669,0.3999199867248535
YDR420W,YKR053C,0,0.5419756,0.1699875444173813,0.8165503740310669,0.4000200033187866
YGR152C,YDR435C,0,0.53995824,0.16995227336883545,0.8165503740310669,0.4001200497150421
YHR197W,YLR438C-A,0,0.5399091,0.1699170172214508,0.8165503740310669,0.4002200663089752
YER073W,YGR240C,0,0.5396949,0.16988176107406616,0.8165503740310669,0.4003200829029083
YKL096W,YDR131C,0,0.5392948,0.1698465347290039,0.8165503740310669,0.4004201292991638
YBL027W,YOR070C,0,0.53928566,0.16981132328510284,0.8165503740310669,0.4005201458930969
YBR181C,YLR449W,0,0.5392425,0.16977612674236298,0.8165503740310669,0.4006201922893524
YLR407W,YDR069C,0,0.5392096,0.1697409301996231,0.8165503740310669,0.4007202088832855
YMR323W,YCR015C,0,0.53884006,0.16970576345920563,0.8165503740310669,0.400820255279541
YGL187C,YDL188C,0,0.5385931,0.16967059671878815,0.8165503740310669,0.4009202718734741
YPL200W,YLR020C,0,0.5385208,0.16963545978069305,0.8165503740310669,0.4010203182697296
YPL121C,YGL222C,0,0.5384832,0.16960033774375916,0.8165503740310669,0.4011203348636627
YPL095C,YBR208C,0,0.5383895,0.16956521570682526,0.8165503740310669,0.4012203514575958
YLR301W,YFL027C,0,0.5382552,0.16953012347221375,0.8165503740310669,0.4013203978538513
YNL272C,YGL051W,0,0.53788245,0.16949503123760223,0.8165503740310669,0.4014204144477844
YNL333W,YFL034C-B,0,0.5377957,0.1694599688053131,0.8165503740310669,0.4015204608440399
YGR145W,YLR065C,0,0.5376148,0.169424906373024,0.8165503740310669,0.401620477437973
YPL140C,YLR218C,0,0.53723395,0.16938985884189606,0.8165503740310669,0.4017205238342285
YKR013W,YDR420W,1,0.5372114,0.16956162452697754,0.8175473809242249,0.4017205238342285
YDL193W,YJL214W,0,0.5372072,0.16952656209468842,0.8175473809242249,0.4018205404281616
YGR211W,YCL058C,0,0.5362783,0.16949152946472168,0.8175473809242249,0.4019205868244171
YLR432W,YMR290C,0,0.53626335,0.16945649683475494,0.8175473809242249,0.4020206034183502
YMR246W,YER174C,0,0.53594756,0.1694214940071106,0.8175473809242249,0.4021206498146057
YOL109W,YNL083W,0,0.5358101,0.16938649117946625,0.8175473809242249,0.4022206664085388
YER052C,YHR075C,0,0.53522944,0.1693515032529831,0.8175473809242249,0.4023206830024719
YHR072W,YBR141C,0,0.535201,0.16931654512882233,0.8175473809242249,0.4024207293987274
YER118C,YKL150W,0,0.5351353,0.16928158700466156,0.8175473809242249,0.4025207459926605
YNL322C,YKL157W,1,0.53467035,0.16945303976535797,0.8185443878173828,0.4025207459926605
YMR278W,YCL027W,0,0.534414,0.1694180816411972,0.8185443878173828,0.402620792388916
YKL217W,YHR167W,0,0.5343452,0.16938312351703644,0.8185443878173828,0.4027208089828491
YCL001W,YNL176C,0,0.53403956,0.16934818029403687,0.8185443878173828,0.4028208553791046
YBR058C-A,YMR188C,0,0.53347623,0.16931326687335968,0.8185443878173828,0.4029208719730377
YOR155C,YNL092W,0,0.5333269,0.1692783534526825,0.8185443878173828,0.4030209183692932
YDR244W,YDL119C,0,0.53311795,0.1692434549331665,0.8185443878173828,0.4031209349632263
YBR123C,YNL065W,0,0.5330906,0.1692085713148117,0.8185443878173828,0.4032209515571594
YNR060W,YJR021C,0,0.5330709,0.1691737025976181,0.8185443878173828,0.4033209979534149
YGL022W,YCR075W-A,0,0.5321193,0.1691388487815857,0.8185443878173828,0.403421014547348
YKR022C,YNL181W,0,0.5320899,0.16910400986671448,0.8185443878173828,0.4035210609436035
YPL169C,YGR240C,0,0.5320287,0.16906918585300446,0.8185443878173828,0.4036210775375366
YNL055C,YER088C,0,0.531587,0.16903437674045563,0.8185443878173828,0.4037211239337921
YLR247C,YPL096C-A,0,0.5314865,0.168999582529068,0.8185443878173828,0.4038211405277252
YPL282C,YKL114C,0,0.53145903,0.16896480321884155,0.8185443878173828,0.4039211869239807
YKL157W,YFR020W,1,0.5308973,0.16913580894470215,0.8195413947105408,0.4039211869239807
YPL052W,YHR086W,0,0.53020453,0.16910101473331451,0.8195413947105408,0.4040212035179138
YBR243C,YGR207C,0,0.5300216,0.16906622052192688,0.8195413947105408,0.4041212499141693
YGR192C,YDR482C,0,0.52986777,0.16903145611286163,0.8195413947105408,0.4042212665081024
YLR135W,YKR065C,0,0.52958894,0.16899670660495758,0.8195413947105408,0.4043212831020355
YDR462W,YNR018W,0,0.5295621,0.16896197199821472,0.8195413947105408,0.404421329498291
YDR434W,YNL096C,0,0.5294939,0.16892725229263306,0.8195413947105408,0.4045213460922241
YKL198C,YCL062W,0,0.52881265,0.16889254748821259,0.8195413947105408,0.4046213924884796
YBL051C,YNL142W,0,0.52873653,0.16885784268379211,0.8195413947105408,0.4047214090824127
YGR212W,YKL001C,0,0.5286018,0.16882316768169403,0.8195413947105408,0.4048214554786682
YBR065C,YBR290W,0,0.52844065,0.16878850758075714,0.8195413947105408,0.4049214720726013
YEL047C,YJL148W,0,0.52805847,0.16875384747982025,0.8195413947105408,0.4050215184688568
YLR432W,YHR108W,0,0.5279232,0.16871921718120575,0.8195413947105408,0.4051215350627899
YER066W,YDR423C,0,0.5275368,0.16868458688259125,0.8195413947105408,0.405221551656723
YNL064C,YOR168W,0,0.52730143,0.16864998638629913,0.8195413947105408,0.4053215980529785
YOR131C,YIL019W,0,0.52706075,0.16861538589000702,0.8195413947105408,0.4054216146469116
YHR009C,YMR283C,0,0.5264733,0.1685808002948761,0.8195413947105408,0.4055216610431671
YAL005C,YKL158W,1,0.5264401,0.1687512844800949,0.8205384016036987,0.4055216610431671
YMR120C,YGR234W,0,0.5263396,0.1687166839838028,0.8205384016036987,0.4056216776371002
YLL041C,YGL058W,0,0.52598166,0.16868211328983307,0.8205384016036987,0.4057217240333557
YAL023C,YHR045W,0,0.5259317,0.16864754259586334,0.8205384016036987,0.4058217406272888
YPR128C,YLR219W,0,0.52583706,0.1686129868030548,0.8205384016036987,0.4059217870235443
YDR365C,YDL170W,0,0.5255314,0.16857844591140747,0.8205384016036987,0.4060218036174774
YNL192W,YPR165W,0,0.52509946,0.16854393482208252,0.8205384016036987,0.4061218500137329
YOR338W,YKL101W,0,0.5248943,0.16850942373275757,0.8205384016036987,0.406221866607666
YGL226C-A,YDR377W,0,0.5248692,0.1684749275445938,0.8205384016036987,0.4063218832015991
YGL213C,YHR005C-A,0,0.5248679,0.16844044625759125,0.8205384016036987,0.4064219295978546
YCR036W,YLR426W,0,0.5245791,0.16840597987174988,0.8205384016036987,0.4065219461917877
YGR103W,YPR011C,0,0.524533,0.1683715283870697,0.8205384016036987,0.4066219925880432
YBL051C,YGL121C,0,0.52360034,0.16833707690238953,0.8205384016036987,0.4067220091819763
YGL089C,YKL163W,1,0.5231142,0.1685071587562561,0.8215354084968567,0.4067220091819763
YMR116C,YBR161W,0,0.523087,0.16847270727157593,0.8215354084968567,0.4068220555782318
YDL191W,YER130C,0,0.52296245,0.16843827068805695,0.8215354084968567,0.4069220721721649
YBR233W-A,YEL021W,0,0.5224049,0.16840384900569916,0.8215354084968567,0.4070221185684204
YNL300W,YBL008W-A,1,0.5223526,0.1685737669467926,0.8225324153900146,0.4070221185684204
YLR308W,YKL105C,0,0.522329,0.16853933036327362,0.8225324153900146,0.4071221351623535
YPL173W,YBL027W,0,0.52183527,0.16850490868091583,0.8225324153900146,0.4072221517562866
YPR114W,YDR348C,0,0.5216846,0.16847048699855804,0.8225324153900146,0.4073221981525421
YGL008C,YKR037C,0,0.5216512,0.16843609511852264,0.8225324153900146,0.4074222147464752
YKL138C-A,YFL006W,0,0.5216018,0.16840171813964844,0.8225324153900146,0.4075222611427307
YHR039C-A,YHR048W,0,0.5215956,0.16836734116077423,0.8225324153900146,0.4076222777366638
YPL239W,YLR293C,0,0.52127326,0.1683329939842224,0.8225324153900146,0.4077223241329193
YER074W,YGR105W,0,0.52116114,0.1682986468076706,0.8225324153900146,0.4078223407268524
YOR260W,YGL038C,0,0.5203558,0.16826432943344116,0.8225324153900146,0.4079223871231079
YPL029W,YNL155W,0,0.5199038,0.16823001205921173,0.8225324153900146,0.408022403717041
YNR041C,YPL096C-A,0,0.5185722,0.1681957244873047,0.8225324153900146,0.4081224501132965
YDL121C,YDL021W,0,0.5177314,0.16816143691539764,0.8225324153900146,0.4082224667072296
YOR010C,YBR077C,0,0.51769996,0.1681271642446518,0.8225324153900146,0.4083224833011627
YFL017W-A,YLR300W,0,0.51718074,0.16809290647506714,0.8225324153900146,0.4084225296974182
YCR065W,YKR051W,0,0.5168368,0.16805866360664368,0.8225324153900146,0.4085225462913513
YGR285C,YDR105C,0,0.5166184,0.1680244356393814,0.8225324153900146,0.4086225926876068
YMR012W,YMR117C,0,0.5165354,0.16799022257328033,0.8225324153900146,0.4087226092815399
YNL159C,YJR133W,0,0.516156,0.16795602440834045,0.8225324153900146,0.4088226556777954
YNR037C,YLR392C,0,0.5158158,0.16792184114456177,0.8225324153900146,0.4089226722717285
YER072W,YNL069C,0,0.51522124,0.16788767278194427,0.8225324153900146,0.409022718667984
YGR168C,YPL150W,0,0.5152113,0.16785350441932678,0.8225324153900146,0.4091227352619171
YDL048C,YDL105W,0,0.51517856,0.16781936585903168,0.8225324153900146,0.4092227816581726
YBR181C,YHR098C,0,0.5150772,0.16778524219989777,0.8225324153900146,0.4093227982521057
YFL062W,YGL234W,0,0.5150491,0.16775111854076385,0.8225324153900146,0.4094228148460388
YPL098C,YKR066C,0,0.5150393,0.16771700978279114,0.8225324153900146,0.4095228612422943
YDL119C,YFR028C,0,0.51493526,0.1676829308271408,0.8225324153900146,0.4096228778362274
YPL274W,YPR097W,0,0.5142079,0.16764885187149048,0.8225324153900146,0.4097229242324829
YJL105W,YBR133C,0,0.5141785,0.16761478781700134,0.8225324153900146,0.409822940826416
YLR313C,YFL066C,0,0.5139319,0.1675807386636734,0.8225324153900146,0.4099229872226715
YDR046C,YNL320W,0,0.51383734,0.16754670441150665,0.8225324153900146,0.4100230038166046
YOL086C,YDL074C,0,0.5137961,0.1675126850605011,0.8225324153900146,0.4101230502128601
YDR338C,YBR168W,0,0.51367676,0.16747868061065674,0.8225324153900146,0.4102230668067932
YNR072W,YPL208W,0,0.51302516,0.16744469106197357,0.8225324153900146,0.4103230834007263
YOL159C,YCL026C-B,0,0.5129203,0.1674107164144516,0.8225324153900146,0.4104231297969818
YJL019W,YMR210W,0,0.51290804,0.16737675666809082,0.8225324153900146,0.4105231463909149
YLL024C,YDR420W,1,0.5123535,0.1675456315279007,0.8235294222831726,0.4105231463909149
YLR274W,YLR264W,0,0.51234835,0.16751165688037872,0.8235294222831726,0.4106231927871704
YLR419W,YPL193W,0,0.51212806,0.16747769713401794,0.8235294222831726,0.4107232093811035
YER075C,YDL070W,0,0.5120612,0.16744375228881836,0.8235294222831726,0.410823255777359
YER014W,YNL322C,0,0.5115952,0.16740980744361877,0.8235294222831726,0.4109232723712921
YDR317W,YNL125C,0,0.5111901,0.16737589240074158,0.8235294222831726,0.4110233187675476
YPR091C,YKR022C,0,0.51118094,0.16734197735786438,0.8235294222831726,0.4111233353614807
YMR011W,YPL257W-A,0,0.51107043,0.16730807721614838,0.8235294222831726,0.4112233817577362
YDR348C,YBL058W,0,0.5110595,0.16727420687675476,0.8235294222831726,0.4113233983516693
YLL005C,YKL055C,0,0.51103246,0.16724033653736115,0.8235294222831726,0.4114234149456024
YOR071C,YMR216C,0,0.5109682,0.16720648109912872,0.8235294222831726,0.4115234613418579
YBR245C,YDR418W,0,0.5108378,0.1671726405620575,0.8235294222831726,0.411623477935791
YKR091W,YMR177W,0,0.510795,0.16713881492614746,0.8235294222831726,0.4117235243320465
YGR125W,YGL114W,0,0.51043767,0.16710500419139862,0.8235294222831726,0.4118235409259796
YML100W,YPL055C,0,0.51040626,0.16707119345664978,0.8235294222831726,0.4119235873222351
YDR333C,YGL237C,0,0.5103502,0.16703741252422333,0.8235294222831726,0.4120236039161682
YIL017C,YOL016C,0,0.5102677,0.16700364649295807,0.8235294222831726,0.4121236503124237
YOR016C,YER091C,0,0.51006854,0.1669698804616928,0.8235294222831726,0.4122236669063568
YLR355C,YBL052C,0,0.5095948,0.16693612933158875,0.8235294222831726,0.4123236835002899
YPL096C-A,YFR002W,0,0.50958836,0.16690240800380707,0.8235294222831726,0.4124237298965454
YBR298C,YBL071W-A,0,0.50845784,0.1668686866760254,0.8235294222831726,0.4125237464904785
YNL113W,YNL063W,0,0.50803876,0.1668349802494049,0.8235294222831726,0.412623792886734
YGR233C,YCR040W,0,0.50775427,0.16680128872394562,0.8235294222831726,0.4127238094806671
YDR259C,YHL018W,0,0.5077374,0.16676761209964752,0.8235294222831726,0.4128238558769226
YHL025W,YGR295C,0,0.5077207,0.16673395037651062,0.8235294222831726,0.4129238724708557
YOR346W,YKL138C,0,0.50767785,0.1667003035545349,0.8235294222831726,0.4130239188671112
YBR142W,YLR211C,0,0.50756633,0.1666666716337204,0.8235294222831726,0.4131239354610443
YEL038W,YHR021C,0,0.50753534,0.16663303971290588,0.8235294222831726,0.4132239818572998
YPL148C,YER124C,0,0.5070556,0.16659943759441376,0.8235294222831726,0.4133239984512329
YDR063W,YKR027W,0,0.5066414,0.16656583547592163,0.8235294222831726,0.413424015045166
YMR228W,YEL054C,0,0.5064575,0.1665322631597519,0.8235294222831726,0.4135240614414215
YJL160C,YIL015W,1,0.5062527,0.16670025885105133,0.8245264291763306,0.4135240614414215
YDR254W,YPL009C,0,0.50622547,0.1666666716337204,0.8245264291763306,0.4136240780353546
YLR035C,YMR133W,0,0.506006,0.16663308441638947,0.8245264291763306,0.4137241244316101
YDL036C,YGR053C,0,0.5056558,0.16659951210021973,0.8245264291763306,0.4138241410255432
YNL217W,YOR182C,0,0.5051944,0.16656595468521118,0.8245264291763306,0.4139241874217987
YGR277C,YMR069W,0,0.5046915,0.16653242707252502,0.8245264291763306,0.4140242040157318
YGR156W,YHR160C,0,0.5046716,0.16649889945983887,0.8245264291763306,0.4141242504119873
YNL248C,YPL228W,0,0.5044111,0.1664653718471527,0.8245264291763306,0.4142242670059204
YGL104C,YGR154C,0,0.50392544,0.16643187403678894,0.8245264291763306,0.4143242835998535
YER147C,YGR054W,0,0.5035951,0.16639839112758636,0.8245264291763306,0.414424329996109
YNL139C,YMR273C,0,0.50356525,0.16636492311954498,0.8245264291763306,0.4145243465900421
YPL134C,YMR046C,0,0.5033555,0.1663314551115036,0.8245264291763306,0.4146243929862976
YNL263C,YJR137C,0,0.5031942,0.1662980020046234,0.8245264291763306,0.4147244095802307
YLR137W,YOL159C,0,0.50316745,0.1662645787000656,0.8245264291763306,0.4148244559764862
YGR279C,YJR153W,1,0.5028279,0.16643215715885162,0.8255234360694885,0.4148244559764862
YDR513W,YOL103W-A,0,0.5028176,0.16639871895313263,0.8255234360694885,0.4149244725704193
YNL124W,YLR446W,0,0.50223076,0.16636528074741364,0.8255234360694885,0.4150245189666748
YMR099C,YNL217W,0,0.5020797,0.16633185744285583,0.8255234360694885,0.4151245355606079
YLR241W,YNR022C,0,0.5016756,0.16629844903945923,0.8255234360694885,0.4152245819568634
YMR207C,YJL164C,0,0.501632,0.16626505553722382,0.8255234360694885,0.4153245985507965
YGL171W,YER158C,0,0.50146365,0.1662316769361496,0.8255234360694885,0.4154246151447296
YOL040C,YLR109W,0,0.50130194,0.16619831323623657,0.8255234360694885,0.4155246615409851
YPL026C,YKR081C,0,0.50114006,0.16616496443748474,0.8255234360694885,0.4156246781349182
YPR091C,YER040W,0,0.50101525,0.1661316156387329,0.8255234360694885,0.4157247245311737
YCL057C-A,YAL003W,0,0.50081444,0.16609829664230347,0.8255234360694885,0.4158247411251068
YHR019C,YLR092W,0,0.5007397,0.16606497764587402,0.8255234360694885,0.4159247875213623
YLR391W,YJR153W,1,0.50058544,0.16623219847679138,0.8265204429626465,0.4159247875213623
YHR207C,YPR065W,0,0.5005019,0.16619887948036194,0.8265204429626465,0.4160248041152954
YGR004W,YER015W,0,0.5002134,0.1661655604839325,0.8265204429626465,0.4161248505115509
YGL240W,YMR083W,0,0.5000425,0.16613227128982544,0.8265204429626465,0.416224867105484
YLR072W,YPL028W,0,0.49979165,0.16609898209571838,0.8265204429626465,0.4163248836994171
YFR032C-A,YFL030W,0,0.49974445,0.16606570780277252,0.8265204429626465,0.4164249300956726
YMR234W,YMR110C,0,0.49966475,0.16603244841098785,0.8265204429626465,0.4165249466896057
YPL186C,YCL047C,0,0.49916354,0.16599920392036438,0.8265204429626465,0.4166249930858612
YJR100C,YOL013C,0,0.4991528,0.1659659594297409,0.8265204429626465,0.4167250096797943
YML081W,YCR007C,0,0.49870792,0.16593274474143982,0.8265204429626465,0.4168250560760498
YBR040W,YNL164C,0,0.49852893,0.16589954495429993,0.8265204429626465,0.4169250726699829
YDL177C,YNR032W,0,0.4984658,0.16586634516716003,0.8265204429626465,0.4170251190662384
YCR093W,YDR155C,0,0.49821725,0.16583316028118134,0.8265204429626465,0.4171251356601715
YJL133W,YLR329W,0,0.49724984,0.16580000519752502,0.8265204429626465,0.417225182056427
YMR272W-B,YHR063C,0,0.4972224,0.1657668501138687,0.8265204429626465,0.4173251986503601
YEL020C,YGR065C,0,0.49713042,0.1657337099313736,0.8265204429626465,0.4174252152442932
YFL016C,YJL164C,0,0.49699208,0.16570058465003967,0.8265204429626465,0.4175252616405487
YGL198W,YER114C,0,0.496969,0.16566745936870575,0.8265204429626465,0.4176252782344818
YOL124C,YKR024C,0,0.49679583,0.1656343638896942,0.8265204429626465,0.4177253246307373
YNR074C,YBL101W-A,0,0.49678126,0.16560128331184387,0.8265204429626465,0.4178253412246704
YPR025C,YKR016W,0,0.49637508,0.16556820273399353,0.8265204429626465,0.4179253876209259
YLR044C,YDR151C,0,0.4961491,0.16553513705730438,0.8265204429626465,0.418025404214859
YKR060W,YBL099W,0,0.49588448,0.16550210118293762,0.8265204429626465,0.4181254506111145
YBR131W,YIL166C,0,0.49578747,0.16546906530857086,0.8265204429626465,0.4182254672050476
YJL021C,YAR014C,0,0.49566123,0.1654360443353653,0.8265204429626465,0.4183254837989807
YPL187W,YLR040C,1,0.49536973,0.16560254991054535,0.8275174498558044,0.4183254837989807
YDL036C,YGR218W,0,0.49528837,0.1655695140361786,0.8275174498558044,0.4184255301952362
YJL127C,YOR320C,0,0.49517873,0.16553649306297302,0.8275174498558044,0.4185255467891693
YHR089C,YJL055W,0,0.4949624,0.16550348699092865,0.8275174498558044,0.4186255931854248
YCL037C,YDL153C,0,0.494468,0.16547049582004547,0.8275174498558044,0.4187256097793579
YIL048W,YGR052W,0,0.4937736,0.1654375195503235,0.8275174498558044,0.4188256561756134
YAL005C,YPL130W,1,0.49339175,0.16560383141040802,0.8285144567489624,0.4188256561756134
YDL017W,YHR162W,0,0.49322402,0.16557082533836365,0.8285144567489624,0.4189256727695465
YDR025W,YDR302W,0,0.49301788,0.16553784906864166,0.8285144567489624,0.419025719165802
YMR242C,YER001W,0,0.49259636,0.16550487279891968,0.8285144567489624,0.4191257357597351
YLR043C,YPL246C,0,0.49226055,0.16547192633152008,0.8285144567489624,0.4192257821559906
YMR172W,YPL061W,0,0.491629,0.16543897986412048,0.8285144567489624,0.4193257987499237
YGR183C,YDR480W,0,0.49157768,0.16540604829788208,0.8285144567489624,0.4194258153438568
YDR040C,YOR147W,0,0.49121287,0.16537313163280487,0.8285144567489624,0.4195258617401123
YDR386W,YOR021C,0,0.49118122,0.16534022986888885,0.8285144567489624,0.4196258783340454
YLR151C,YML008C,0,0.49095422,0.16530734300613403,0.8285144567489624,0.4197259247303009
YGR272C,YFR038W,0,0.49082735,0.1652744561433792,0.8285144567489624,0.419825941324234
YLR293C,YGR133W,0,0.49062422,0.16524159908294678,0.8285144567489624,0.4199259877204895
YJR028W,YGR257C,0,0.49039456,0.16520874202251434,0.8285144567489624,0.4200260043144226
YBL061C,YLL067C,0,0.49031237,0.1651759147644043,0.8285144567489624,0.4201260507106781
YIL033C,YLR006C,0,0.4898551,0.16514308750629425,0.8285144567489624,0.4202260673046112
YPR200C,YIL040W,0,0.48979995,0.1651102751493454,0.8285144567489624,0.4203260838985443
YIR017C,YKL216W,0,0.48881507,0.16507747769355774,0.8285144567489624,0.4204261302947998
YML026C,YMR306W,0,0.48874733,0.16504468023777008,0.8285144567489624,0.4205261468887329
YLR102C,YDR474C,0,0.48852283,0.1650119125843048,0.8285144567489624,0.4206261932849884
YHR123W,YOL117W,0,0.4877106,0.16497915983200073,0.8285144567489624,0.4207262098789215
YHR055C,YDR284C,0,0.4875175,0.16494640707969666,0.8285144567489624,0.420826256275177
YNR044W,YAR071W,1,0.48727614,0.16511212289333344,0.8295114636421204,0.420826256275177
YDR003W,YJR152W,0,0.4871255,0.16507937014102936,0.8295114636421204,0.4209262728691101
YBL027W,YDR257C,0,0.48711413,0.16504661738872528,0.8295114636421204,0.4210263192653656
YNL272C,YDR380W,0,0.4866307,0.1650138795375824,0.8295114636421204,0.4211263358592987
YNR040W,YLR263W,0,0.4866238,0.1649811565876007,0.8295114636421204,0.4212263822555542
YGL051W,YLR262C-A,0,0.48633623,0.1649484485387802,0.8295114636421204,0.4213263988494873
YDR098C,YNL048W,0,0.48619238,0.1649157553911209,0.8295114636421204,0.4214264154434204
YLR039C,YBL039C,0,0.48619056,0.1648830771446228,0.8295114636421204,0.4215264618396759
YFL033C,YLR020C,0,0.48599115,0.1648503988981247,0.8295114636421204,0.421626478433609
YHL035C,YCR015C,0,0.4859404,0.16481775045394897,0.8295114636421204,0.4217265248298645
YDR127W,YGL082W,0,0.4858224,0.16478510200977325,0.8295114636421204,0.4218265414237976
YPR088C,YNL061W,0,0.4856588,0.16475246846675873,0.8295114636421204,0.4219265878200531
YHL037C,YMR006C,1,0.4852847,0.16491784155368805,0.8305084705352783,0.4219265878200531
YLR362W,YLL023C,0,0.4852713,0.16488519310951233,0.8305084705352783,0.4220266044139862
YOL157C,YCR106W,0,0.48515606,0.1648525595664978,0.8305084705352783,0.4221266508102417
YPR104C,YBR048W,0,0.4849607,0.16481994092464447,0.8305084705352783,0.4222266674041748
YMR145C,YOR002W,0,0.4848626,0.16478733718395233,0.8305084705352783,0.4223266839981079
YBR079C,YPL224C,0,0.48444617,0.1647547483444214,0.8305084705352783,0.4224267303943634
YHR193C,YGR155W,0,0.48429617,0.16472217440605164,0.8305084705352783,0.4225267469882965
YHR184W,YGR152C,0,0.48397103,0.16468960046768188,0.8305084705352783,0.422626793384552
YGR047C,YPR036W-A,0,0.48366264,0.16465704143047333,0.8305084705352783,0.4227268099784851
YLR104W,YER144C,0,0.4834641,0.16462451219558716,0.8305084705352783,0.4228268563747406
YHR122W,YJR026W,0,0.48317325,0.164591982960701,0.8305084705352783,0.4229268729686737
YOR262W,YDR313C,0,0.48239502,0.164559468626976,0.8305084705352783,0.4230269193649292
YDR012W,YMR176W,0,0.4823241,0.16452695429325104,0.8305084705352783,0.4231269359588623
YDR483W,YJL106W,0,0.48126858,0.16449446976184845,0.8305084705352783,0.4232269823551178
YNL095C,YKL220C,0,0.4812128,0.16446200013160706,0.8305084705352783,0.4233269989490509
YNR017W,YMR051C,0,0.4812025,0.16442953050136566,0.8305084705352783,0.423427015542984
YCL030C,YDR123C,0,0.48119596,0.16439707577228546,0.8305084705352783,0.4235270619392395
YHR012W,YGR279C,0,0.48105225,0.16436463594436646,0.8305084705352783,0.4236270785331726
YNL180C,YPL175W,0,0.48067236,0.16433221101760864,0.8305084705352783,0.4237271249294281
YGR036C,YHR086W,0,0.48051742,0.16429980099201202,0.8305084705352783,0.4238271415233612
YPL202C,YOR101W,0,0.4805055,0.1642674058675766,0.8305084705352783,0.4239271879196167
YML093W,YNL330C,0,0.4804205,0.16423501074314117,0.8305084705352783,0.4240272045135498
YFR033C,YDR204W,0,0.4802971,0.16420264542102814,0.8305084705352783,0.4241272509098053
YKL158W,YER150W,1,0.48006734,0.16436736285686493,0.8315054774284363,0.4241272509098053
YCR016W,YMR265C,0,0.47959086,0.1643349826335907,0.8315054774284363,0.4242272675037384
YDL013W,YOR393W,0,0.47954306,0.16430260241031647,0.8315054774284363,0.4243272840976715
YIL149C,YKL105C,0,0.4793652,0.16427023708820343,0.8315054774284363,0.424427330493927
YIL075C,YER172C,0,0.47927582,0.1642378866672516,0.8315054774284363,0.4245273470878601
YDR497C,YJL006C,0,0.479084,0.16420555114746094,0.8315054774284363,0.4246273934841156
YDR002W,YBL005W-A,0,0.47866628,0.16417323052883148,0.8315054774284363,0.4247274100780487
YHL046C,YGL090W,0,0.47864595,0.16414090991020203,0.8315054774284363,0.4248274564743042
YJR140C,YBL107C,0,0.47860992,0.16410861909389496,0.8315054774284363,0.4249274730682373
YBR093C,YOL154W,1,0.4783407,0.16427306830883026,0.8325024843215942,0.4249274730682373
YLR173W,YKL174C,0,0.47808933,0.164240762591362,0.8325024843215942,0.4250275194644928
YLR053C,YOR179C,0,0.4779821,0.16420845687389374,0.8325024843215942,0.4251275360584259
YLR196W,YAL010C,0,0.47795674,0.16417616605758667,0.8325024843215942,0.4252275824546814
YDL127W,YNR053C,0,0.47791323,0.1641438901424408,0.8325024843215942,0.4253275990486145
YBR136W,YCR087C-A,0,0.47763267,0.16411162912845612,0.8325024843215942,0.4254276156425476
YPR118W,YER056C-A,0,0.47735056,0.16407938301563263,0.8325024843215942,0.4255276620388031
YDR324C,YOR254C,0,0.47695354,0.16404715180397034,0.8325024843215942,0.4256276786327362
YGR206W,YLR367W,0,0.4768828,0.16401493549346924,0.8325024843215942,0.4257277250289917
YGL196W,YMR322C,0,0.47674924,0.16398271918296814,0.8325024843215942,0.4258277416229248
YBR013C,YMR036C,0,0.4767134,0.16395051777362823,0.8325024843215942,0.4259277880191803
YOL092W,YNL290W,0,0.47649404,0.16391833126544952,0.8325024843215942,0.4260278046131134
YKR061W,YKR022C,0,0.47644636,0.163886159658432,0.8325024843215942,0.4261278510093689
YGR288W,YMR273C,0,0.47613862,0.16385400295257568,0.8325024843215942,0.426227867603302
YMR168C,YDR380W,0,0.47591722,0.16382186114788055,0.8325024843215942,0.4263278841972351
YFL035C-A,YOL089C,0,0.4759128,0.16378971934318542,0.8325024843215942,0.4264279305934906
YJR117W,YGR200C,0,0.47552225,0.1637575924396515,0.8325024843215942,0.4265279471874237
YHR040W,YIR030C,0,0.47533262,0.16372549533843994,0.8325024843215942,0.4266279935836792
YMR116C,YPR122W,0,0.47533038,0.1636933982372284,0.8325024843215942,0.4267280101776123
YOL129W,YGR234W,0,0.47494644,0.16366131603717804,0.8325024843215942,0.4268280565738678
YCL075W,YHR039C-A,0,0.47488466,0.16362923383712769,0.8325024843215942,0.4269280731678009
YLR283W,YNL314W,0,0.47462195,0.16359718143939972,0.8325024843215942,0.4270281195640564
YHR177W,YAL056W,0,0.47439224,0.16356512904167175,0.8325024843215942,0.4271281361579895
YNL217W,YKL209C,0,0.47429982,0.16353309154510498,0.8325024843215942,0.427228182554245
YNL145W,YLR286C,1,0.47422788,0.16369688510894775,0.8334994912147522,0.427228182554245
YOL124C,YPL280W,0,0.47377717,0.1636648327112198,0.8334994912147522,0.4273281991481781
YOR137C,YLR260W,0,0.47334477,0.1636328101158142,0.8334994912147522,0.4274282157421112
YPL244C,YKL061W,0,0.47325572,0.16360078752040863,0.8334994912147522,0.4275282621383667
YML052W,YDR033W,0,0.47305948,0.16356877982616425,0.8334994912147522,0.4276282787322998
YOR198C,YNL255C,0,0.4727272,0.16353677213191986,0.8334994912147522,0.4277283251285553
YOL132W,YPL132W,0,0.4726671,0.16350479423999786,0.8334994912147522,0.4278283417224884
YLR461W,YKL114C,0,0.4725873,0.16347281634807587,0.8334994912147522,0.4279283881187439
YOR140W,YMR265C,0,0.47253662,0.16344085335731506,0.8334994912147522,0.428028404712677
YEL018W,YNR021W,0,0.4723938,0.16340892016887665,0.8334994912147522,0.4281284511089325
YKL157W,YNL020C,0,0.47236395,0.16337697207927704,0.8334994912147522,0.4282284677028656
YGL203C,YLR023C,0,0.4722803,0.16334505379199982,0.8334994912147522,0.4283284842967987
YPL019C,YGR246C,0,0.47221592,0.1633131504058838,0.8334994912147522,0.4284285306930542
YJL153C,YJR046W,0,0.47200957,0.16328124701976776,0.8334994912147522,0.4285285472869873
YIR019C,YOR010C,1,0.47189987,0.1634446382522583,0.8344964981079102,0.4285285472869873
YBR085W,YLR221C,0,0.47172704,0.16341273486614227,0.8344964981079102,0.4286285936832428
YOR320C,YDR270W,0,0.47161537,0.16338083148002625,0.8344964981079102,0.4287286102771759
YBR080C,YDL184C,0,0.4711402,0.1633489429950714,0.8344964981079102,0.4288286566734314
YNL238W,YIL072W,0,0.47053674,0.16331706941127777,0.8344964981079102,0.4289286732673645
YPL187W,YNL066W,1,0.4704654,0.16348029673099518,0.8354935050010681,0.4289286732673645
YKL081W,YDR524C,0,0.4703295,0.16344840824604034,0.8354935050010681,0.42902871966362
YDL048C,YFR005C,0,0.4700391,0.1634165346622467,0.8354935050010681,0.4291287362575531
YNL180C,YHR009C,0,0.469758,0.16338467597961426,0.8354935050010681,0.4292287826538086
YDR248C,YGR258C,0,0.4696323,0.163352832198143,0.8354935050010681,0.4293287992477417
YPR018W,YCL047C,0,0.46956426,0.16332098841667175,0.8354935050010681,0.4294288158416748
YDR043C,YIL106W,0,0.46879965,0.1632891595363617,0.8354935050010681,0.4295288622379303
YOR009W,YHL044W,0,0.467393,0.16325736045837402,0.8354935050010681,0.4296288788318634
YMR013C,YHR198C,0,0.46707633,0.16322556138038635,0.8354935050010681,0.4297289252281189
YGL011C,YBR104W,0,0.46692646,0.16319376230239868,0.8354935050010681,0.429828941822052
YER035W,YLL054C,0,0.46678227,0.1631619930267334,0.8354935050010681,0.4299289882183075
YIL176C,YER063W,0,0.4666119,0.1631302386522293,0.8354935050010681,0.4300290048122406
YDR361C,YCL001W,0,0.4664107,0.16309848427772522,0.8354935050010681,0.4301290512084961
YDR086C,YJL214W,0,0.46637243,0.16306674480438232,0.8354935050010681,0.4302290678024292
YGR013W,YLL024C,0,0.46581975,0.16303502023220062,0.8354935050010681,0.4303290843963623
YPL280W,YOL009C,0,0.46533915,0.16300331056118011,0.8354935050010681,0.4304291307926178
YDL197C,YOR388C,0,0.4646527,0.1629716008901596,0.8354935050010681,0.4305291473865509
YOR383C,YDR371W,1,0.4646309,0.1631343513727188,0.8364905118942261,0.4305291473865509
YMR288W,YLR385C,0,0.46438727,0.1631026417016983,0.8364905118942261,0.4306291937828064
YOL042W,YKL060C,0,0.46425202,0.163070946931839,0.8364905118942261,0.4307292103767395
YCL005W,YKR013W,0,0.46344143,0.16303925216197968,0.8364905118942261,0.430829256772995
YIL169C,YNL066W,1,0.46292803,0.16320186853408813,0.837487518787384,0.430829256772995
YML004C,YML030W,0,0.46261856,0.16317015886306763,0.837487518787384,0.4309292733669281
YHR057C,YIL124W,0,0.4625533,0.1631384789943695,0.837487518787384,0.4310293197631836
YCR026C,YHR214C-B,0,0.46224663,0.1631067991256714,0.837487518787384,0.4311293363571167
YLR390W-A,YHR057C,1,0.46207836,0.1632692664861679,0.838484525680542,0.4311293363571167
YDR473C,YNR060W,0,0.46187258,0.1632375717163086,0.838484525680542,0.4312293827533722
YHR042W,YBR067C,0,0.4617197,0.16320590674877167,0.838484525680542,0.4313293993473053
YIR030C,YJL102W,0,0.46166196,0.16317422688007355,0.838484525680542,0.4314294159412384
YDR056C,YDR216W,0,0.4614879,0.16314257681369781,0.838484525680542,0.4315294623374939
YNL132W,YLR414C,0,0.4603964,0.16311094164848328,0.838484525680542,0.431629478931427
YOR081C,YBR042C,0,0.46025726,0.16307930648326874,0.838484525680542,0.4317295253276825
YFL047W,YJR054W,0,0.45988062,0.1630476862192154,0.838484525680542,0.4318295419216156
YNL175C,YDR195W,0,0.45977637,0.16301609575748444,0.838484525680542,0.4319295883178711
YFR039C,YBR130C,0,0.45976466,0.16298449039459229,0.838484525680542,0.4320296049118042
YDL245C,YGR040W,0,0.4596032,0.16295291483402252,0.838484525680542,0.4321296513080597
YLR241W,YNL180C,0,0.45931813,0.16292135417461395,0.838484525680542,0.4322296679019928
YNL334C,YDL201W,0,0.45915547,0.16288979351520538,0.838484525680542,0.4323296844959259
YML131W,YOL151W,0,0.458788,0.162858247756958,0.838484525680542,0.4324297308921814
YPL053C,YFL018W-A,0,0.4585099,0.16282671689987183,0.838484525680542,0.4325297474861145
YDL247W,YOL019W,0,0.45833114,0.16279520094394684,0.838484525680542,0.43262979388237
YBL080C,YLL007C,0,0.45823625,0.16276369988918304,0.838484525680542,0.4327298104763031
YMR054W,YLR223C,0,0.45735464,0.16273219883441925,0.838484525680542,0.4328298568725586
YDR248C,YOL087C,0,0.45718324,0.16270071268081665,0.838484525680542,0.4329298734664917
YCR068W,YOR341W,0,0.4569758,0.16266924142837524,0.838484525680542,0.4330299198627472
YNR045W,YGR121C,0,0.45692196,0.16263778507709503,0.838484525680542,0.4331299364566803
YLR137W,YMR186W,0,0.45682785,0.162606343626976,0.838484525680542,0.4332299828529358
YDR311W,YGL245W,0,0.45676386,0.162574902176857,0.838484525680542,0.4333299994468689
YGL001C,YKL160W,0,0.45659065,0.16254349052906036,0.838484525680542,0.433430016040802
YOR197W,YMR142C,0,0.45645165,0.16251207888126373,0.838484525680542,0.4335300624370575
YER073W,YOR213C,0,0.45624337,0.1624806821346283,0.838484525680542,0.4336300790309906
YNL172W,YPR097W,0,0.45622578,0.16244930028915405,0.838484525680542,0.4337301254272461
YDR098C-A,YNR021W,0,0.45599186,0.1624179184436798,0.838484525680542,0.4338301420211792
YBL093C,YML050W,0,0.4558601,0.16238656640052795,0.838484525680542,0.4339301884174347
YER093C,YDR210W,0,0.45544335,0.1623552143573761,0.838484525680542,0.4340302050113678
YDR422C,YDR210W,0,0.45522633,0.16232387721538544,0.838484525680542,0.4341302514076233
YEL020C,YLL012W,0,0.4551963,0.16229255497455597,0.838484525680542,0.4342302680015564
YPL162C,YDR002W,0,0.45504126,0.1622612327337265,0.838484525680542,0.4343302845954895
YMR085W,YDR333C,0,0.4549542,0.16222994029521942,0.838484525680542,0.434430330991745
YDR397C,YDL148C,0,0.45480067,0.16219864785671234,0.838484525680542,0.4345303475856781
YDL121C,YMR282C,0,0.45453134,0.16216737031936646,0.838484525680542,0.4346303939819336
YIL177C,YPR121W,0,0.45446917,0.16213610768318176,0.838484525680542,0.4347304105758667
YGR070W,YDL220C,0,0.45425358,0.16210485994815826,0.838484525680542,0.4348304569721222
YDR003W,YMR133W,0,0.4541968,0.16207361221313477,0.838484525680542,0.4349304735660553
YOL077W-A,YNL320W,0,0.45312262,0.16204239428043365,0.838484525680542,0.4350305199623108
YDR148C,YER045C,0,0.45265344,0.16201117634773254,0.838484525680542,0.4351305365562439
YHR214W,YAL028W,0,0.4522488,0.16197997331619263,0.838484525680542,0.4352305829524994
YPR008W,YOR247W,0,0.4518121,0.1619487702846527,0.838484525680542,0.4353305995464325
YNL159C,YMR173W,0,0.45171243,0.16191759705543518,0.838484525680542,0.4354306161403656
YBR021W,YNL097C,0,0.4507915,0.16188642382621765,0.838484525680542,0.4355306625366211
YDL183C,YPL101W,0,0.45071965,0.1618552803993225,0.838484525680542,0.4356306791305542
YLR253W,YFR013W,0,0.4504395,0.16182412207126617,0.838484525680542,0.4357307255268097
YIL072W,YFR025C,0,0.44967645,0.16179299354553223,0.838484525680542,0.4358307421207428
YPL140C,YOL041C,0,0.44906816,0.16176187992095947,0.838484525680542,0.4359307885169983
YLR373C,YBR045C,0,0.4490419,0.16173076629638672,0.838484525680542,0.4360308051109314
YBR162C,YEL040W,1,0.44884148,0.16189193725585938,0.8394815325737,0.4360308051109314
YLR241W,YNR003C,0,0.44852066,0.16186082363128662,0.8394815325737,0.4361308515071869
YLR153C,YDR189W,0,0.44816977,0.16182971000671387,0.8394815325737,0.43623086810112
YBR101C,YLR092W,0,0.448059,0.1617986112833023,0.8394815325737,0.4363308846950531
YLR333C,YNR044W,0,0.44792446,0.16176752746105194,0.8394815325737,0.4364309310913086
YML099C,YKL023W,0,0.4475305,0.16173645853996277,0.8394815325737,0.4365309476852417
YBR020W,YDR246W,0,0.44738898,0.1617053896188736,0.8394815325737,0.4366309940814972
YER157W,YGR249W,0,0.4473777,0.1616743505001068,0.8394815325737,0.4367310106754303
YCR089W,YBR078W,1,0.44723248,0.16183528304100037,0.8404785394668579,0.4367310106754303
YBR085W,YNL149C,0,0.44721717,0.1618042290210724,0.8404785394668579,0.4368310570716858
YGR213C,YLR193C,0,0.44707716,0.1617731750011444,0.8404785394668579,0.4369310736656189
YGL048C,YOR134W,0,0.44694114,0.16174213588237762,0.8404785394668579,0.4370311200618744
YBR013C,YPR119W,0,0.44663307,0.16171111166477203,0.8404785394668579,0.4371311366558075
YKL104C,YBR242W,0,0.44642362,0.16168008744716644,0.8404785394668579,0.437231183052063
YIL009W,YBR067C,0,0.44595906,0.16164909303188324,0.8404785394668579,0.4373311996459961
YML103C,YLR185W,0,0.4458777,0.16161809861660004,0.8404785394668579,0.4374312162399292
YGR216C,YMR205C,0,0.44580173,0.16158711910247803,0.8404785394668579,0.4375312626361847
YGR235C,YOR221C,0,0.44577473,0.1615561544895172,0.8404785394668579,0.4376312792301178
YPR196W,YPR057W,0,0.44550458,0.1615251898765564,0.8404785394668579,0.4377313256263733
YEL032W,YKR067W,0,0.44532937,0.16149425506591797,0.8404785394668579,0.4378313422203064
YLR262C-A,YDR414C,0,0.4443701,0.16146332025527954,0.8404785394668579,0.4379313886165619
YDL003W,YBR068C,0,0.44421077,0.1614324003458023,0.8404785394668579,0.438031405210495
YHL037C,YLR120C,1,0.44414607,0.16159296035766602,0.8414755463600159,0.438031405210495
YLR066W,YDL223C,0,0.4440309,0.1615620255470276,0.8414755463600159,0.4381314516067505
YLR172C,YAL014C,0,0.44388983,0.16153110563755035,0.8414755463600159,0.4382314682006836
YJR155W,YOR185C,0,0.44341505,0.16150018572807312,0.8414755463600159,0.4383314847946167
YGR070W,YLR213C,0,0.4431983,0.16146929562091827,0.8414755463600159,0.4384315311908722
YJR007W,YCR048W,0,0.44303182,0.16143840551376343,0.8414755463600159,0.4385315477848053
YKL042W,YIL018W,0,0.4425661,0.16140753030776978,0.8414755463600159,0.4386315941810608
YLR050C,YJL041W,0,0.4425327,0.16137667000293732,0.8414755463600159,0.4387316107749939
YDR325W,YKL093W,0,0.4425007,0.16134582459926605,0.8414755463600159,0.4388316571712494
YGR282C,YCR086W,0,0.44237402,0.1613149791955948,0.8414755463600159,0.4389316737651825
YDR043C,YHR199C-A,0,0.4423672,0.1612841635942459,0.8414755463600159,0.439031720161438
YHR037W,YER038C,0,0.44235063,0.16125334799289703,0.8414755463600159,0.4391317367553711
YDR077W,YNR067C,1,0.44226432,0.16141356527805328,0.8424725532531738,0.4391317367553711
YHR052W,YLR436C,0,0.44073448,0.1613827347755432,0.8424725532531738,0.4392317831516266
YFL051C,YMR269W,0,0.44004408,0.16135191917419434,0.8424725532531738,0.4393317997455597
YLR305C,YHR005C-A,0,0.43978277,0.16132111847400665,0.8424725532531738,0.4394318163394928
YER177W,YHR030C,0,0.43970373,0.16129031777381897,0.8424725532531738,0.4395318627357483
YER120W,YBR154C,0,0.43961078,0.16125954687595367,0.8424725532531738,0.4396318793296814
YGR038W,YPL236C,0,0.43839476,0.16122877597808838,0.8424725532531738,0.4397319257259369
YFL050C,YKL088W,0,0.4378468,0.16119801998138428,0.8424725532531738,0.43983194231987
YCR098C,YDR117C,0,0.43754622,0.16116726398468018,0.8424725532531738,0.4399319887161255
YJR118C,YBR084C-A,0,0.43694782,0.16113653779029846,0.8424725532531738,0.4400320053100586
YOL123W,YMR153W,0,0.4369205,0.16110581159591675,0.8424725532531738,0.4401320517063141
YBR059C,YDR256C,0,0.4367308,0.16107510030269623,0.8424725532531738,0.4402320683002472
YBR111W-A,YGR057C,0,0.43620005,0.1610444039106369,0.8424725532531738,0.4403320848941803
YFR020W,YGL028C,1,0.4356753,0.1612042635679245,0.8434696197509766,0.4403320848941803
YFR033C,YFL041W,0,0.4356587,0.16117355227470398,0.8434696197509766,0.4404321312904358
YGR279C,YDR032C,1,0.4350311,0.1613333374261856,0.8444666266441345,0.4404321312904358
YBR162C,YKL097W-A,1,0.43426484,0.16149304807186127,0.8454636335372925,0.4404321312904358
YDR461W,YJR150C,1,0.4340989,0.16165269911289215,0.8464606404304504,0.4404321312904358
YDL130W,YML116W,0,0.43384,0.16162192821502686,0.8464606404304504,0.4405321478843689
YEL020C,YLR397C,0,0.43380105,0.16159117221832275,0.8464606404304504,0.4406321942806244
YLR333C,YPR110C,0,0.43372956,0.16156041622161865,0.8464606404304504,0.4407322108745575
YMR312W,YBR257W,0,0.43309218,0.16152967512607574,0.8464606404304504,0.440832257270813
YLL005C,YDL089W,0,0.43269604,0.16149894893169403,0.8464606404304504,0.4409322738647461
YDL150W,YMR284W,0,0.43253514,0.1614682376384735,0.8464606404304504,0.4410323202610016
YGL183C,YJL121C,0,0.4324897,0.16143754124641418,0.8464606404304504,0.4411323368549347
YJR007W,YGL031C,0,0.4323196,0.16140684485435486,0.8464606404304504,0.4412323832511902
YAL005C,YNL160W,1,0.43231547,0.16156624257564545,0.8474576473236084,0.4412323832511902
YIL074C,YKR006C,0,0.43229565,0.16153553128242493,0.8474576473236084,0.4413323998451233
YDR345C,YKL054C,0,0.43226808,0.1615048497915268,0.8474576473236084,0.4414324164390564
YMR134W,YNL239W,0,0.43190417,0.16147416830062866,0.8474576473236084,0.4415324628353119
YDR483W,YER060W,0,0.43144217,0.16144350171089172,0.8474576473236084,0.441632479429245
YKL164C,YLR300W,1,0.43040457,0.16160273551940918,0.8484546542167664,0.441632479429245
YHR014W,YKR085C,0,0.4302384,0.16157205402851105,0.8484546542167664,0.4417325258255005
YNL278W,YDL054C,0,0.43010762,0.1615413874387741,0.8484546542167664,0.4418325424194336
YNR044W,YJL174W,1,0.4300808,0.1617005169391632,0.8494516611099243,0.4418325424194336
YDR222W,YDL044C,0,0.4299889,0.16166983544826508,0.8494516611099243,0.4419325888156891
YOR264W,YKL218C,0,0.42943034,0.16163915395736694,0.8494516611099243,0.4420326054096222
YDR238C,YCL027C-A,0,0.42940047,0.1616085022687912,0.8494516611099243,0.4421326518058777
YJL108C,YJL127C-B,0,0.42938626,0.16157785058021545,0.8494516611099243,0.4422326683998108
YPL002C,YGL082W,0,0.4293176,0.1615472137928009,0.8494516611099243,0.4423326849937439
YMR166C,YOR179C,0,0.4291133,0.16151659190654755,0.8494516611099243,0.4424327313899994
YIL064W,YPL112C,0,0.42900372,0.1614859700202942,0.8494516611099243,0.4425327479839325
YJL158C,YDR144C,1,0.4286795,0.16164487600326538,0.8504486680030823,0.4425327479839325
YPR030W,YLL045C,0,0.42860296,0.16161425411701202,0.8504486680030823,0.442632794380188
YJL107C,YDR165W,0,0.4283889,0.16158363223075867,0.8504486680030823,0.4427328109741211
YBR056W,YPR154W,0,0.42827317,0.1615530252456665,0.8504486680030823,0.4428328573703766
YBR181C,YPL031C,0,0.42823344,0.16152243316173553,0.8504486680030823,0.4429328739643097
YIL162W,YLL013C,0,0.42765418,0.16149185597896576,0.8504486680030823,0.4430329203605652
YPL168W,YAL058W,0,0.42765406,0.16146129369735718,0.8504486680030823,0.4431329369544983
YGR044C,YJL127C-B,0,0.42752078,0.1614307314157486,0.8504486680030823,0.4432329833507538
YOR143C,YIR030C,0,0.4273595,0.1614001840353012,0.8504486680030823,0.4433329999446869
YPL123C,YPL210C,0,0.42680487,0.16136965155601501,0.8504486680030823,0.44343301653862
YHR205W,YDL119C,0,0.42655852,0.16133913397789001,0.8504486680030823,0.4435330629348755
YJR031C,YAL012W,0,0.42641988,0.16130861639976501,0.8504486680030823,0.4436330795288086
YCR043C,YPR162C,0,0.42637134,0.1612781286239624,0.8504486680030823,0.4437331259250641
YCR089W,YDR144C,1,0.42635867,0.16143667697906494,0.8514456748962402,0.4437331259250641
YJR050W,YPR109W,0,0.42554533,0.16140615940093994,0.8514456748962402,0.4438331425189972
YGR068C,YPL270W,0,0.42543325,0.16137565672397614,0.8514456748962402,0.4439331889152527
YLR154W-C,YNL327W,0,0.42541733,0.16134516894817352,0.8514456748962402,0.4440332055091858
YJL163C,YLR120C,0,0.42527705,0.1613146960735321,0.8514456748962402,0.4441332519054413
YBR001C,YPR116W,0,0.4252155,0.16128422319889069,0.8514456748962402,0.4442332684993744
YLR137W,YHR027C,0,0.42448434,0.16125378012657166,0.8514456748962402,0.4443332850933075
YMR074C,YDL153C,0,0.42430827,0.16122333705425262,0.8514456748962402,0.444433331489563
YBR172C,YDL184C,0,0.4240201,0.1611929088830948,0.8514456748962402,0.4445333480834961
YDL051W,YOR217W,0,0.4239196,0.16116248071193695,0.8514456748962402,0.4446333944797516
YHR138C,YOL018C,0,0.4234884,0.1611320823431015,0.8514456748962402,0.4447334110736847
YHR153C,YJL114W,0,0.4234389,0.16110168397426605,0.8514456748962402,0.4448334574699402
YGL101W,YOR014W,0,0.4234307,0.1610713005065918,0.8514456748962402,0.4449334740638733
YDR043C,YDL171C,0,0.42338857,0.16104091703891754,0.8514456748962402,0.4450335204601288
YML042W,YGL090W,0,0.42326453,0.16101056337356567,0.8514456748962402,0.4451335370540619
YER065C,YDR420W,1,0.4232193,0.16116870939731598,0.8524426817893982,0.4451335370540619
YLR301W,YOR383C,0,0.42287123,0.16113834083080292,0.8524426817893982,0.4452335834503174
YPL028W,YOL158C,0,0.4228455,0.16110797226428986,0.8524426817893982,0.4453336000442505
YML100W,YJL179W,0,0.42257968,0.161077618598938,0.8524426817893982,0.4454336166381836
YOR337W,YER007W,0,0.42220888,0.16104727983474731,0.8524426817893982,0.4455336630344391
YDR367W,YJR067C,0,0.42203006,0.16101695597171783,0.8524426817893982,0.4456336796283722
YDR038C,YIL062C,0,0.42080233,0.16098663210868835,0.8524426817893982,0.4457337260246277
YCR089W,YNL327W,1,0.4206092,0.16114458441734314,0.8534396886825562,0.4457337260246277
YDR332W,YGR155W,0,0.42041212,0.16111424565315247,0.8534396886825562,0.4458337426185608
YGL012W,YDL197C,0,0.4199982,0.16108393669128418,0.8534396886825562,0.4459337890148163
YPR122W,YAL014C,0,0.41986713,0.1610536277294159,0.8534396886825562,0.4460338056087494
YBR107C,YJR149W,0,0.41965464,0.1610233187675476,0.8534396886825562,0.4461338520050049
YDL215C,YPL042C,0,0.4189013,0.1609930396080017,0.8534396886825562,0.446233868598938
YJL134W,YPL028W,0,0.41807747,0.160962775349617,0.8534396886825562,0.4463339149951935
YKL060C,YNL191W,0,0.41689417,0.1609325110912323,0.8534396886825562,0.4464339315891266
YKL038W,YIL073C,0,0.41643643,0.1609022617340088,0.8534396886825562,0.4465339481830597
YKL023W,YAL028W,0,0.41609105,0.16087201237678528,0.8534396886825562,0.4466339945793152
YCR045C,YDR534C,1,0.41570082,0.16102968156337738,0.8544366955757141,0.4466339945793152
YLR325C,YJL091C,0,0.4155357,0.16099943220615387,0.8544366955757141,0.4467340111732483
YGR244C,YDR210C-D,0,0.4154956,0.16096919775009155,0.8544366955757141,0.4468340575695038
YHR065C,YDR487C,0,0.41542208,0.16093896329402924,0.8544366955757141,0.4469340741634369
YDR489W,YBL042C,0,0.4150107,0.1609087437391281,0.8544366955757141,0.4470341205596924
YPL070W,YHR010W,0,0.41467473,0.16087853908538818,0.8544366955757141,0.4471341371536255
YDL100C,YGR155W,0,0.4144973,0.16084834933280945,0.8544366955757141,0.447234183549881
YLR393W,YPL273W,0,0.41382602,0.1608181595802307,0.8544366955757141,0.4473342001438141
YGR177C,YNL031C,0,0.41301897,0.16078799962997437,0.8544366955757141,0.4474342167377472
YOL030W,YGL089C,1,0.41212872,0.16094541549682617,0.8554337024688721,0.4474342167377472
YGL126W,YDL191W,0,0.41181695,0.16091522574424744,0.8554337024688721,0.4475342631340027
YOR003W,YOL030W,1,0.41104037,0.16107256710529327,0.85643070936203,0.4475342631340027
YCR020W-B,YDR517W,0,0.4109668,0.16104236245155334,0.85643070936203,0.4476342797279358
YJL171C,YNL127W,0,0.4107039,0.1610121876001358,0.85643070936203,0.4477343261241913
YKR051W,YLR131C,0,0.41052136,0.16098201274871826,0.85643070936203,0.4478343427181244
YNL139C,YMR013C,0,0.41021988,0.16095185279846191,0.85643070936203,0.4479343891143799
YDR314C,YOL021C,0,0.41012734,0.16092169284820557,0.85643070936203,0.448034405708313
YNL218W,YPL264C,0,0.41004622,0.1608915477991104,0.85643070936203,0.4481344521045685
YOR378W,YOR380W,0,0.4097981,0.16086141765117645,0.85643070936203,0.4482344686985016
YOR167C,YCL059C,0,0.4096351,0.1608313024044037,0.85643070936203,0.4483345150947571
YMR203W,YDR090C,0,0.40935987,0.16080120205879211,0.85643070936203,0.4484345316886902
YGR260W,YGL137W,0,0.4092607,0.16077110171318054,0.85643070936203,0.4485345482826233
YJL137C,YPL179W,0,0.40838394,0.16074101626873016,0.85643070936203,0.4486345946788788
YBR222C,YNL320W,0,0.40812287,0.16071094572544098,0.85643070936203,0.4487346112728119
YOR232W,YPR127W,0,0.40809742,0.160680890083313,0.85643070936203,0.4488346576690674
YMR198W,YLR426W,0,0.40807995,0.160650834441185,0.85643070936203,0.4489346742630005
YIL014W,YPR002W,0,0.40807635,0.1606207937002182,0.85643070936203,0.449034720659256
YLR423C,YLR178C,0,0.40799776,0.1605907678604126,0.85643070936203,0.4491347372531891
YDR144C,YJR151C,1,0.4079155,0.16074766218662262,0.857427716255188,0.4491347372531891
YNL128W,YOL125W,0,0.40744063,0.16071762144565582,0.857427716255188,0.4492347836494446
YOR128C,YLR256W,0,0.40707102,0.16068759560585022,0.857427716255188,0.4493348002433777
YJL173C,YBR295W,0,0.40658724,0.16065756976604462,0.857427716255188,0.4494348168373108
YPR129W,YEL068C,0,0.4064894,0.1606275737285614,0.857427716255188,0.4495348632335663
YMR228W,YGR203W,0,0.40578496,0.16059757769107819,0.857427716255188,0.4496348798274994
YKL116C,YLR293C,0,0.40530542,0.16056758165359497,0.857427716255188,0.4497349262237549
YIL156W,YHR097C,0,0.40430075,0.16053761541843414,0.857427716255188,0.449834942817688
YMR006C,YDR461W,1,0.40426493,0.16069428622722626,0.858424723148346,0.449834942817688
YNR067C,YKL210W,0,0.40412852,0.16066430509090424,0.858424723148346,0.4499349892139435
YLR407W,YMR046C,0,0.4039855,0.16063432395458221,0.858424723148346,0.4500350058078766
YGL200C,YMR068W,0,0.40324953,0.1606043577194214,0.858424723148346,0.4501350522041321
YHR052W,YGR271C-A,0,0.40306595,0.16057440638542175,0.858424723148346,0.4502350687980652
YOL162W,YJR067C,0,0.40272227,0.1605444699525833,0.858424723148346,0.4503351151943207
YEL048C,YOR327C,0,0.40255922,0.16051454842090607,0.858424723148346,0.4504351317882538
YKL097W-A,YGR037C,1,0.4022118,0.16067101061344147,0.8594217300415039,0.4504351317882538
YJL025W,YDL109C,0,0.40184656,0.16064107418060303,0.8594217300415039,0.4505351483821869
YLR422W,YHR027C,0,0.40143046,0.1606111377477646,0.8594217300415039,0.4506351947784424
YJR045C,YPR002W,0,0.40140578,0.16058121621608734,0.8594217300415039,0.4507352113723755
YMR012W,YBR261C,0,0.40139762,0.1605513095855713,0.8594217300415039,0.450835257768631
YBR141C,YLL054C,0,0.40131792,0.16052141785621643,0.8594217300415039,0.4509352743625641
YLR027C,YCL055W,0,0.40092447,0.16049152612686157,0.8594217300415039,0.4510353207588196
YHR211W,YGR037C,1,0.40051895,0.16064780950546265,0.8604187369346619,0.4510353207588196
YER116C,YMR088C,0,0.40041843,0.1606179028749466,0.8604187369346619,0.4511353373527527
YKL081W,YLR080W,0,0.4001322,0.16058801114559174,0.8604187369346619,0.4512353837490082
YGL008C,YGR057C,0,0.40000442,0.16055813431739807,0.8604187369346619,0.4513354003429413
YBR248C,YJL130C,0,0.39961398,0.1605282723903656,0.8604187369346619,0.4514354169368744
YGR027C,YGR169C-A,0,0.3992856,0.16049842536449432,0.8604187369346619,0.4515354633331299
YGR252W,YBR159W,0,0.3992575,0.16046857833862305,0.8604187369346619,0.451635479927063
YAL003W,YKL049C,0,0.39914057,0.16043874621391296,0.8604187369346619,0.4517355263233185
YER164W,YKL198C,0,0.3990909,0.16040892899036407,0.8604187369346619,0.4518355429172516
YDR092W,YDR089W,0,0.3990166,0.16037911176681519,0.8604187369346619,0.4519355893135071
YKL212W,YKL109W,0,0.3988973,0.1603493094444275,0.8604187369346619,0.4520356059074402
YOL105C,YBL092W,0,0.39854854,0.160319522023201,0.8604187369346619,0.4521356523036957
YPL177C,YDR182W,0,0.3978164,0.16028974950313568,0.8604187369346619,0.4522356688976288
YDR367W,YGL008C,0,0.39746112,0.16025997698307037,0.8604187369346619,0.4523357152938843
YDL220C,YLR256W,0,0.397424,0.16023021936416626,0.8604187369346619,0.4524357318878174
YLR270W,YJR117W,0,0.39740708,0.16020047664642334,0.8604187369346619,0.4525357484817505
YPR119W,YCR048W,0,0.39663467,0.1601707488298416,0.8604187369346619,0.452635794878006
YJR117W,YPR109W,0,0.39582402,0.1601410210132599,0.8604187369346619,0.4527358114719391
YLR427W,YDR023W,0,0.39575174,0.16011132299900055,0.8604187369346619,0.4528358578681946
YPL008W,YNL146W,0,0.39573282,0.16008161008358002,0.8604187369346619,0.4529358744621277
YFL010W-A,YMR158W,0,0.39567348,0.16005192697048187,0.8604187369346619,0.4530359208583832
YKL114C,YDR307W,0,0.3956231,0.16002224385738373,0.8604187369346619,0.4531359374523163
YAL035W,YGL028C,0,0.3954534,0.15999259054660797,0.8604187369346619,0.4532359838485718
YJL219W,YBR030W,0,0.39522392,0.15996292233467102,0.8604187369346619,0.4533360004425049
YDL049C,YIL169C,1,0.39473525,0.16011860966682434,0.8614157438278198,0.4533360004425049
YOR126C,YCR079W,0,0.39455846,0.1600889414548874,0.8614157438278198,0.453436017036438
YLR040C,YGL133W,0,0.3944645,0.16005928814411163,0.8614157438278198,0.4535360634326935
YGR145W,YGR034W,0,0.394424,0.16002963483333588,0.8614157438278198,0.4536360800266266
YBL052C,YGL079W,0,0.39409843,0.1599999964237213,0.8614157438278198,0.4537361264228821
YKL049C,YBR287W,0,0.39368293,0.15997037291526794,0.8614157438278198,0.4538361430168152
YJR057W,YKL105C,0,0.3934686,0.15994076430797577,0.8614157438278198,0.4539361894130707
YDL061C,YOL137W,0,0.39329806,0.1599111557006836,0.8614157438278198,0.4540362060070038
YDL188C,YDR155C,0,0.39312345,0.1598815619945526,0.8614157438278198,0.4541362524032593
YKL138C-A,YBR211C,0,0.39275578,0.15985198318958282,0.8614157438278198,0.4542362689971924
YMR202W,YDR497C,0,0.39265886,0.15982241928577423,0.8614157438278198,0.4543363153934479
YIL162W,YCL058C,1,0.3924738,0.15997780859470367,0.8624127507209778,0.4543363153934479
YLR408C,YDL078C,0,0.39244094,0.1599482297897339,0.8624127507209778,0.454436331987381
YFR042W,YHR122W,0,0.39219835,0.1599186509847641,0.8624127507209778,0.4545363485813141
YBR111W-A,YOL026C,0,0.39205304,0.1598890870809555,0.8624127507209778,0.4546363949775696
YGR235C,YDR371W,0,0.391565,0.1598595380783081,0.8624127507209778,0.4547364115715027
YIL073C,YDR183W,0,0.39136195,0.1598300039768219,0.8624127507209778,0.4548364579677582
YPL162C,YAL024C,0,0.39089143,0.1598004847764969,0.8624127507209778,0.4549364745616913
YJL153C,YKL154W,0,0.39068627,0.15977096557617188,0.8624127507209778,0.4550365209579468
YCR002C,YPL094C,0,0.39066508,0.15974146127700806,0.8624127507209778,0.4551365375518799
YBR221C,YPL282C,0,0.39066294,0.15971197187900543,0.8624127507209778,0.4552365839481354
YOL071W,YJL141C,0,0.39066002,0.1596824824810028,0.8624127507209778,0.4553366005420685
YOR101W,YGL035C,0,0.39041528,0.15965300798416138,0.8624127507209778,0.4554366171360016
YDR458C,YHR193C,0,0.39004835,0.15962354838848114,0.8624127507209778,0.4555366635322571
YNL145W,YOL030W,1,0.3900325,0.15977859497070312,0.8634097576141357,0.4555366635322571
YKR013W,YBR093C,1,0.38999486,0.15993359684944153,0.8644067645072937,0.4555366635322571
YOL040C,YML121W,0,0.3899139,0.1599040925502777,0.8644067645072937,0.4556366801261902
YHL008C,YKR006C,0,0.38990572,0.15987460315227509,0.8644067645072937,0.4557367265224457
YMR297W,YML013W,0,0.38951203,0.15984512865543365,0.8644067645072937,0.4558367431163788
YGL068W,YJR055W,0,0.38907522,0.15981566905975342,0.8644067645072937,0.4559367895126343
YMR275C,YMR230W,0,0.38899976,0.15978620946407318,0.8644067645072937,0.4560368061065674
YKL139W,YKL086W,0,0.3884053,0.15975676476955414,0.8644067645072937,0.4561368525028229
YLR286C,YOL011W,1,0.38817954,0.15991157293319702,0.8654037714004517,0.4561368525028229
YPL190C,YLR283W,0,0.38805565,0.15988211333751678,0.8654037714004517,0.456236869096756
YBR148W,YJL095W,0,0.38773307,0.15985266864299774,0.8654037714004517,0.4563369154930115
YGR136W,YKL174C,0,0.38768476,0.1598232388496399,0.8654037714004517,0.4564369320869446
YPL227C,YGR280C,0,0.38760757,0.15979380905628204,0.8654037714004517,0.4565369486808777
YJL189W,YBR175W,0,0.3873208,0.15976440906524658,0.8654037714004517,0.4566369950771332
YNR009W,YFL002W-A,0,0.38664886,0.15973500907421112,0.8654037714004517,0.4567370116710663
YHR117W,YOR173W,0,0.38659132,0.15970560908317566,0.8654037714004517,0.4568370580673218
YOL143C,YGL054C,0,0.38621208,0.15967623889446259,0.8654037714004517,0.4569370746612549
YGR156W,YIL118W,0,0.3860935,0.1596468687057495,0.8654037714004517,0.4570371210575104
YOR131C,YMR277W,0,0.3860147,0.15961751341819763,0.8654037714004517,0.4571371376514435
YBL039W-B,YGL002W,0,0.385883,0.15958815813064575,0.8654037714004517,0.457237184047699
YER013W,YLR211C,0,0.3856865,0.15955881774425507,0.8654037714004517,0.4573372006416321
YFL047W,YJR153W,0,0.38542858,0.15952949225902557,0.8654037714004517,0.4574372172355652
YMR006C,YLR390W-A,1,0.38539174,0.1596839427947998,0.8664007782936096,0.4574372172355652
YJL079C,YGL089C,1,0.38523862,0.15983831882476807,0.8673977851867676,0.4574372172355652
YHL037C,YJR153W,1,0.3851858,0.15999265015125275,0.8683947920799255,0.4574372172355652
YMR172W,YHL012W,0,0.38514197,0.15996326506137848,0.8683947920799255,0.4575372636318207
YMR081C,YIL013C,0,0.3850051,0.1599338948726654,0.8683947920799255,0.4576372802257538
YPL273W,YBR242W,0,0.3849044,0.15990453958511353,0.8683947920799255,0.4577373266220093
YPL222W,YBR126C,0,0.38404673,0.15987518429756165,0.8683947920799255,0.4578373432159424
YIL162W,YMR215W,1,0.38368657,0.1600293666124344,0.8693917989730835,0.4578373432159424
YMR087W,YGR141W,0,0.38343987,0.1599999964237213,0.8693917989730835,0.4579373896121979
YMR160W,YMR102C,0,0.38335797,0.15997064113616943,0.8693917989730835,0.458037406206131
YHR059W,YLL039C,0,0.3833403,0.15994130074977875,0.8693917989730835,0.4581374526023865
YGL028C,YCL058C,1,0.3832602,0.16009536385536194,0.8703888058662415,0.4581374526023865
YNL081C,YGL222C,0,0.38300684,0.16006600856781006,0.8703888058662415,0.4582374691963196
YJL105W,YNR039C,0,0.38285074,0.16003666818141937,0.8703888058662415,0.4583375155925751
YOR032C,YKR082W,0,0.38275343,0.1600073277950287,0.8703888058662415,0.4584375321865082
YHR108W,YGR187C,0,0.38272157,0.1599780172109604,0.8703888058662415,0.4585375487804413
YPL189W,YPL268W,0,0.38229805,0.1599486917257309,0.8703888058662415,0.4586375951766968
YDL025C,YDL144C,0,0.38207504,0.1599193960428238,0.8703888058662415,0.4587376117706299
YBL047C,YIL052C,0,0.38177136,0.15989011526107788,0.8703888058662415,0.4588376581668854
YJR141W,YHL008C,0,0.38175714,0.15986083447933197,0.8703888058662415,0.4589376747608185
YJR073C,YJL209W,0,0.3813983,0.15983156859874725,0.8703888058662415,0.459037721157074
YKL068W,YFL039C,0,0.3813825,0.15980230271816254,0.8703888058662415,0.4591377377510071
YML133C,YGL229C,0,0.3812652,0.1597730666399002,0.8703888058662415,0.4592377841472626
YBL056W,YAR033W,0,0.3804926,0.15974383056163788,0.8703888058662415,0.4593378007411957
YPL085W,YPL149W,0,0.3801196,0.15971459448337555,0.8703888058662415,0.4594378173351288
YLR394W,YDR437W,0,0.37958822,0.1596853882074356,0.8703888058662415,0.4595378637313843
YGL057C,YML057W,0,0.37940183,0.15965618193149567,0.8703888058662415,0.4596378803253174
YJL144W,YKR007W,0,0.37927517,0.15962699055671692,0.8703888058662415,0.4597379267215729
YGR038W,YIR014W,0,0.37926623,0.15959779918193817,0.8703888058662415,0.459837943315506
YER078C,YNL002C,0,0.37910375,0.1595686376094818,0.8703888058662415,0.4599379897117615
YLR455W,YLR023C,0,0.379053,0.15953947603702545,0.8703888058662415,0.4600380063056946
YOL030W,YBR078W,1,0.37891233,0.15969303250312805,0.8713858127593994,0.4600380063056946
YPR193C,YDR284C,0,0.37883392,0.1596638709306717,0.8713858127593994,0.4601380527019501
YPL019C,YKL006C-A,0,0.37882772,0.15963470935821533,0.8713858127593994,0.4602380692958832
YLR175W,YBR153W,0,0.3787017,0.15960554778575897,0.8713858127593994,0.46033811569213867
YBR084W,YGR061C,0,0.37845913,0.159576416015625,0.8713858127593994,0.4604381322860718
YDR538W,YBR135W,0,0.37828657,0.15954728424549103,0.8713858127593994,0.4605381488800049
YHL013C,YOR204W,0,0.3778855,0.15951816737651825,0.8713858127593994,0.4606381952762604
YNL201C,YKL150W,0,0.37765166,0.15948905050754547,0.8713858127593994,0.4607382118701935
YGR194C,YAL008W,0,0.3775086,0.1594599485397339,0.8713858127593994,0.460838258266449
YHR020W,YKL096W-A,0,0.3772973,0.1594308614730835,0.8713858127593994,0.4609382748603821
YDR507C,YGL121C,0,0.37710705,0.1594017893075943,0.8713858127593994,0.4610383212566376
YML052W,YBR009C,0,0.37697762,0.1593727171421051,0.8713858127593994,0.4611383378505707
YBR240C,YNL037C,0,0.3769436,0.1593436598777771,0.8713858127593994,0.46123838424682617
YBR060C,YLR455W,0,0.37678728,0.1593146175146103,0.8713858127593994,0.4613384008407593
YDR367W,YGR258C,0,0.37659442,0.15928559005260468,0.8713858127593994,0.4614384174346924
YER056C,YAR015W,0,0.37654552,0.15925656259059906,0.8713858127593994,0.4615384638309479
YBR136W,YBR142W,0,0.37641478,0.15922755002975464,0.8713858127593994,0.461638480424881
YEL017C-A,YKL101W,0,0.37632573,0.15919853746891022,0.8713858127593994,0.4617385268211365
YLR241W,YGL161C,0,0.37588072,0.15916955471038818,0.8713858127593994,0.4618385434150696
YNL159C,YNL008C,0,0.37529364,0.15914057195186615,0.8713858127593994,0.4619385898113251
YHR016C,YER153C,0,0.37528577,0.15911158919334412,0.8713858127593994,0.4620386064052582
YOL143C,YKL055C,0,0.375268,0.15908263623714447,0.8713858127593994,0.46213865280151367
YJR078W,YOR014W,0,0.3751495,0.15905368328094482,0.8713858127593994,0.4622386693954468
YKL026C,YOR134W,0,0.37512636,0.15902474522590637,0.8713858127593994,0.46233871579170227
YCR069W,YKR061W,0,0.37480307,0.1589958220720291,0.8713858127593994,0.4624387323856354
YLR007W,YHR098C,0,0.37453428,0.15896689891815186,0.8713858127593994,0.4625387489795685
YKL053C-A,YOL122C,0,0.3740491,0.1589379906654358,0.8713858127593994,0.462638795375824
YOL124C,YLL042C,0,0.37392643,0.15890909731388092,0.8713858127593994,0.4627388119697571
YIL041W,YLR441C,0,0.37383136,0.15888020396232605,0.8713858127593994,0.4628388583660126
YNL145W,YLR390W-A,1,0.37308195,0.15903307497501373,0.8723828792572021,0.4628388583660126
YCR043C,YOL066C,0,0.37295648,0.15900418162345886,0.8723828792572021,0.4629388749599457
YBR141C,YPR085C,0,0.37294933,0.158975288271904,0.8723828792572021,0.46303892135620117
YCL004W,YCR011C,0,0.37273994,0.15894640982151031,0.8723828792572021,0.4631389379501343
YHL017W,YLR324W,0,0.3723596,0.15891754627227783,0.8723828792572021,0.46323898434638977
YKL011C,YGR285C,0,0.37216315,0.15888868272304535,0.8723828792572021,0.4633390009403229
YIL101C,YPR065W,0,0.37209958,0.15885983407497406,0.8723828792572021,0.463439017534256
YBR186W,YLR130C,0,0.37183866,0.15883100032806396,0.8723828792572021,0.4635390639305115
YOR316C,YOL117W,0,0.37117615,0.15880218148231506,0.8723828792572021,0.4636390805244446
YPR191W,YMR306W,0,0.37104023,0.15877336263656616,0.8723828792572021,0.4637391269207001
YIL063C,YER074W-A,0,0.37102145,0.15874455869197845,0.8723828792572021,0.4638391435146332
YAR071W,YOL011W,1,0.37020412,0.15889714658260345,0.8733798861503601,0.4638391435146332
YER013W,YER091C,0,0.37005535,0.15886832773685455,0.8733798861503601,0.46393918991088867
YLR064W,YPL271W,0,0.37004498,0.15883952379226685,0.8733798861503601,0.4640392065048218
YDR538W,YPL239W,0,0.3698316,0.15881073474884033,0.8733798861503601,0.46413925290107727
YOR198C,YLL066C,0,0.3698184,0.15878194570541382,0.8733798861503601,0.4642392694950104
YOR173W,YGL113W,0,0.369175,0.1587531715631485,0.8733798861503601,0.46433931589126587
YNL092W,YBR241C,0,0.3690745,0.15872441232204437,0.8733798861503601,0.464439332485199
YDR418W,YHL001W,0,0.36883673,0.15869565308094025,0.8733798861503601,0.4645393490791321
YIL003W,YER056C,0,0.36802116,0.15866690874099731,0.8733798861503601,0.4646393954753876
YEL017C-A,YOL133W,0,0.3680062,0.15863817930221558,0.8733798861503601,0.4647394120693207
YJL109C,YHR038W,0,0.36794397,0.15860944986343384,0.8733798861503601,0.46483945846557617
YJL165C,YLR194C,0,0.36787882,0.1585807353258133,0.8733798861503601,0.4649394750595093
YLR312W-A,YPL250C,0,0.3678676,0.15855203568935394,0.8733798861503601,0.46503952145576477
YOL023W,YPL246C,0,0.36704114,0.1585233509540558,0.8733798861503601,0.4651395380496979
YDR444W,YFL027C,0,0.36536282,0.15849466621875763,0.8733798861503601,0.46523958444595337
YLR293C,YLL002W,0,0.36529946,0.15846599638462067,0.8733798861503601,0.4653396010398865
YMR099C,YFL036W,0,0.36488202,0.1584373265504837,0.8733798861503601,0.4654396176338196
YHR143W,YIL123W,1,0.36461803,0.15858951210975647,0.8743768930435181,0.4654396176338196
YGR049W,YIR003W,0,0.36460426,0.1585608422756195,0.8743768930435181,0.4655396640300751
YLR097C,YGL240W,0,0.36456636,0.15853217244148254,0.8743768930435181,0.4656396806240082
YLR253W,YGR158C,0,0.36440066,0.15850351750850677,0.8743768930435181,0.46573972702026367
YIL158W,YLR194C,0,0.36409846,0.1584748774766922,0.8743768930435181,0.4658397436141968
YKL164C,YMR008C,1,0.36397704,0.15862691402435303,0.875373899936676,0.4658397436141968
YHR205W,YLR106C,0,0.36392826,0.15859825909137726,0.875373899936676,0.46593979001045227
YHR207C,YLR419W,0,0.3638881,0.15856961905956268,0.875373899936676,0.4660398066043854
YOL020W,YJR014W,0,0.36385068,0.1585409939289093,0.875373899936676,0.46613985300064087
YBR162C,YJR150C,1,0.36365417,0.15869291126728058,0.876370906829834,0.46613985300064087
YBR056W,YLR120C,1,0.3636521,0.15884476900100708,0.8773679137229919,0.46613985300064087
YHR042W,YBR239C,0,0.36359194,0.15881609916687012,0.8773679137229919,0.466239869594574
YIL064W,YPR137W,0,0.36354977,0.15878744423389435,0.8773679137229919,0.46633991599082947
YER004W,YER145C,0,0.3635473,0.15875878930091858,0.8773679137229919,0.4664399325847626
YMR011W,YBR158W,0,0.36329862,0.1587301641702652,0.8773679137229919,0.4665399491786957
YDL138W,YDR109C,0,0.36316034,0.15870153903961182,0.8773679137229919,0.46663999557495117
YNL087W,YNR027W,0,0.36315808,0.15867291390895844,0.8773679137229919,0.4667400121688843
YCL052C,YGL104C,0,0.36297914,0.15864431858062744,0.8773679137229919,0.46684005856513977
YDR443C,YLR134W,0,0.3629326,0.15861572325229645,0.8773679137229919,0.4669400751590729
YPL002C,YGL258W,0,0.36282012,0.15858712792396545,0.8773679137229919,0.46704012155532837
YOL159C,YJR151C,1,0.3625593,0.15873873233795166,0.8783649206161499,0.46704012155532837
YNL145W,YDR261C,1,0.36237076,0.15889029204845428,0.8793619275093079,0.46704012155532837
YBR142W,YML040W,0,0.36229888,0.1588616669178009,0.8793619275093079,0.4671401381492615
YOR262W,YER183C,0,0.36200306,0.15883305668830872,0.8793619275093079,0.46724018454551697
YGR257C,YHR079C-A,0,0.36193213,0.15880446135997772,0.8793619275093079,0.4673402011394501
YDL243C,YER141W,0,0.3618687,0.15877588093280792,0.8793619275093079,0.4674402177333832
YLR421C,YLR395C,0,0.36182502,0.15874730050563812,0.8793619275093079,0.46754026412963867
YNL092W,YMR231W,0,0.3616572,0.15871873497962952,0.8793619275093079,0.4676402807235718
YLR109W,YBR294W,0,0.36161634,0.1586901694536209,0.8793619275093079,0.46774032711982727
YMR159C,YOL152W,0,0.36118734,0.1586616337299347,0.8793619275093079,0.4678403437137604
YBL010C,YKL187C,0,0.3610422,0.15863309800624847,0.8793619275093079,0.46794039011001587
YPL007C,YCR007C,0,0.36089277,0.15860456228256226,0.8793619275093079,0.468040406703949
YDR109C,YDR285W,0,0.36079842,0.15857605636119843,0.8793619275093079,0.46814045310020447
YGL198W,YGL013C,0,0.36061528,0.1585475504398346,0.8793619275093079,0.4682404696941376
YOR131C,YMR210W,0,0.36034337,0.15851904451847076,0.8793619275093079,0.46834051609039307
YJR054W,YGL101W,0,0.35976002,0.15849056839942932,0.8793619275093079,0.46844053268432617
YLL039C,YPL098C,0,0.3595858,0.15846209228038788,0.8793619275093079,0.4685405492782593
YOL028C,YPL028W,0,0.35929254,0.15843363106250763,0.8793619275093079,0.46864059567451477
YKL096W-A,YDR296W,0,0.35922676,0.15840516984462738,0.8793619275093079,0.4687406122684479
YNL142W,YNL002C,0,0.35918465,0.15837672352790833,0.8793619275093079,0.46884065866470337
YML043C,YBR207W,0,0.3590652,0.15834829211235046,0.8793619275093079,0.4689406752586365
YHR188C,YAR002C-A,0,0.35884002,0.1583198755979538,0.8793619275093079,0.46904072165489197
YLR098C,YBR092C,0,0.3584474,0.15829145908355713,0.8793619275093079,0.4691407382488251
YOR355W,YCR024C-A,0,0.35817185,0.15826305747032166,0.8793619275093079,0.46924078464508057
YPL096C-A,YAR015W,0,0.3581157,0.15823465585708618,0.8793619275093079,0.46934080123901367
YLR026C,YER141W,0,0.35777485,0.1582062840461731,0.8793619275093079,0.4694408178329468
YJL078C,YPR024W,0,0.3572828,0.15817791223526,0.8793619275093079,0.46954086422920227
YNL115C,YDR079W,0,0.35721326,0.15814954042434692,0.8793619275093079,0.4696408808231354
YDL210W,YGL035C,0,0.35683826,0.15812118351459503,0.8793619275093079,0.46974092721939087
YMR136W,YJL108C,0,0.35677162,0.15809284150600433,0.8793619275093079,0.469840943813324
YDL081C,YHR151C,0,0.35660848,0.15806451439857483,0.8793619275093079,0.46994099020957947
YJR135W-A,YJL148W,0,0.3565984,0.15803618729114532,0.8793619275093079,0.4700410068035126
YGL057C,YGL133W,0,0.35603493,0.15800787508487701,0.8793619275093079,0.47014105319976807
YIL121W,YHR005C-A,0,0.35589907,0.1579795777797699,0.8793619275093079,0.47024106979370117
YDR131C,YDR402C,0,0.35582343,0.15795129537582397,0.8793619275093079,0.47034111618995667
YMR173W,YML123C,0,0.35541216,0.15792301297187805,0.8793619275093079,0.47044113278388977
YOR010C,YLL024C,1,0.35483027,0.15807375311851501,0.8803589344024658,0.47044113278388977
YIL014W,YHL042W,0,0.354516,0.1580454558134079,0.8803589344024658,0.4705411493778229
YPR156C,YPR009W,0,0.35417303,0.15801717340946198,0.8803589344024658,0.47064119577407837
YGR083C,YPR125W,0,0.35412154,0.15798890590667725,0.8803589344024658,0.4707412123680115
YDR210W,YNL069C,0,0.35353425,0.15796063840389252,0.8803589344024658,0.47084125876426697
YIL089W,YIL070C,0,0.3534764,0.15793238580226898,0.8803589344024658,0.4709412753582001
YIL037C,YCL055W,0,0.35287812,0.15790414810180664,0.8803589344024658,0.47104132175445557
YGL187C,YIL050W,0,0.3516871,0.1578759104013443,0.8803589344024658,0.47114133834838867
YNL240C,YLR165C,0,0.35084862,0.15784768760204315,0.8803589344024658,0.47124138474464417
YBR071W,YDR414C,0,0.3507973,0.1578194797039032,0.8803589344024658,0.47134140133857727
YLR216C,YCL033C,0,0.35063353,0.15779128670692444,0.8803589344024658,0.4714414179325104
YCL031C,YML095C,0,0.35059404,0.15776309370994568,0.8803589344024658,0.47154146432876587
YDR481C,YDL087C,0,0.35050306,0.15773490071296692,0.8803589344024658,0.471641480922699
YBL091C-A,YFR009W,0,0.35027683,0.15770673751831055,0.8803589344024658,0.47174152731895447
YDR447C,YBR125C,0,0.350224,0.15767857432365417,0.8803589344024658,0.4718415439128876
YPL061W,YNL310C,0,0.34956816,0.157650426030159,0.8803589344024658,0.47194159030914307
YNL095C,YCR077C,0,0.3494667,0.15762227773666382,0.8803589344024658,0.47204160690307617
YFR039C,YGL043W,0,0.34938046,0.15759414434432983,0.8803589344024658,0.47214165329933167
YJL094C,YKL093W,0,0.34915194,0.15756602585315704,0.8803589344024658,0.47224166989326477
YBR040W,YDR128W,0,0.34893382,0.15753790736198425,0.8803589344024658,0.47234171628952026
YER096W,YJR125C,0,0.34874895,0.15750980377197266,0.8803589344024658,0.47244173288345337
YDR184C,YJL162C,0,0.34863666,0.15748171508312225,0.8803589344024658,0.4725417494773865
YNR043W,YPR102C,0,0.3482695,0.15745364129543304,0.8803589344024658,0.47264179587364197
YDL144C,YCR032W,0,0.34821364,0.15742556750774384,0.8803589344024658,0.4727418124675751
YBL009W,YGR213C,0,0.3481502,0.15739750862121582,0.8803589344024658,0.47284185886383057
YDR475C,YOR025W,0,0.3480343,0.1573694497346878,0.8803589344024658,0.47294187545776367
YLR427W,YPR071W,0,0.3479648,0.15734140574932098,0.8803589344024658,0.47304192185401917
YOL092W,YIL009W,0,0.3475319,0.15731337666511536,0.8803589344024658,0.47314193844795227
YGR250C,YKL160W,0,0.3475312,0.15728536248207092,0.8803589344024658,0.47324198484420776
YLR106C,YGL162W,0,0.34731516,0.1572573482990265,0.8803589344024658,0.47334200143814087
YMR006C,YGR282C,1,0.34718168,0.15740740299224854,0.8813559412956238,0.47334200143814087
YIL034C,YGL212W,0,0.3471722,0.1573793888092041,0.8813559412956238,0.473442018032074
YHR014W,YDR170C,0,0.34700423,0.15735137462615967,0.8813559412956238,0.47354206442832947
YDR138W,YGL032C,0,0.34684077,0.15732336044311523,0.8813559412956238,0.4736420810222626
YDL077C,YGL256W,0,0.34651598,0.1572953760623932,0.8813559412956238,0.47374212741851807
YNR007C,YJL160C,0,0.3455457,0.15726739168167114,0.8813559412956238,0.47384214401245117
YNL204C,YGR131W,0,0.3449708,0.1572394222021103,0.8813559412956238,0.47394219040870667
YDL193W,YDR077W,0,0.34488156,0.15721145272254944,0.8813559412956238,0.47404220700263977
YBL106C,YDR384C,0,0.34483752,0.15718349814414978,0.8813559412956238,0.47414225339889526
YOR279C,YCL025C,0,0.3436344,0.15715555846691132,0.8813559412956238,0.47424226999282837
YMR298W,YLR446W,0,0.34342363,0.15712761878967285,0.8813559412956238,0.47434231638908386
YDL182W,YKL013C,0,0.3433046,0.15709969401359558,0.8813559412956238,0.47444233298301697
YHR132C,YNL066W,1,0.34286934,0.15724946558475494,0.8823529481887817,0.47444233298301697
YDL206W,YJR068W,0,0.3426514,0.15722152590751648,0.8823529481887817,0.4745423495769501
YAR050W,YOL011W,1,0.3424661,0.15737122297286987,0.8833499550819397,0.4745423495769501
YLR270W,YKL210W,0,0.3422612,0.1573432832956314,0.8833499550819397,0.47464239597320557
YDR039C,YGL189C,0,0.342113,0.15731534361839294,0.8833499550819397,0.47474241256713867
YPR175W,YKR099C-A,0,0.3420776,0.15728741884231567,0.8833499550819397,0.47484245896339417
YGR183C,YJL069C,0,0.3414127,0.1572594940662384,0.8833499550819397,0.47494247555732727
YJL079C,YGL028C,1,0.34123895,0.15740905702114105,0.8843469619750977,0.47494247555732727
YGR220C,YCL066W,0,0.34108058,0.1573811173439026,0.8843469619750977,0.47504252195358276
YLR223C,YOR341W,0,0.3409147,0.1573532074689865,0.8843469619750977,0.47514253854751587
YOR161C,YMR227C,0,0.34083346,0.15732529759407043,0.8843469619750977,0.47524258494377136
YHR079C-B,YMR215W,0,0.34072015,0.15729738771915436,0.8843469619750977,0.47534260153770447
YBR109C,YNL044W,0,0.34051108,0.15726950764656067,0.8843469619750977,0.4754426181316376
YML130C,YMR023C,0,0.3402864,0.15724162757396698,0.8843469619750977,0.47554266452789307
YHR052W,YJR055W,0,0.3401972,0.1572137475013733,0.8843469619750977,0.47564268112182617
YJR035W,YOL059W,0,0.33981243,0.157185897231102,0.8843469619750977,0.47574272751808167
YHL024W,YML094W,0,0.3390064,0.1571580469608307,0.8843469619750977,0.47584274411201477
YKL171W,YMR313C,0,0.33859965,0.1571301966905594,0.8843469619750977,0.47594279050827026
YMR318C,YHR143W-A,0,0.338477,0.15710237622261047,0.8843469619750977,0.47604280710220337
YLL008W,YMR046C,0,0.3379235,0.15707455575466156,0.8843469619750977,0.47614285349845886
YCR077C,YGL137W,0,0.33760032,0.15704673528671265,0.8843469619750977,0.47624287009239197
YPL095C,YDL065C,0,0.33721533,0.15701894462108612,0.8843469619750977,0.47634291648864746
YGL179C,YNR053C,0,0.3366648,0.1569911539554596,0.8843469619750977,0.47644293308258057
YGR200C,YFL025C,0,0.33625984,0.15696336328983307,0.8843469619750977,0.47654294967651367
YMR023C,YFL020C,0,0.3359295,0.15693560242652893,0.8843469619750977,0.47664299607276917
YOR367W,YDL153C,0,0.33588055,0.1569078415632248,0.8843469619750977,0.47674301266670227
YOR175C,YKR023W,0,0.3357405,0.15688008069992065,0.8843469619750977,0.47684305906295776
YMR085W,YGR125W,0,0.3356293,0.1568523496389389,0.8843469619750977,0.47694307565689087
YPR166C,YDR185C,0,0.33504343,0.15682460367679596,0.8843469619750977,0.47704312205314636
YHR098C,YKL170W,0,0.3345146,0.1567968875169754,0.8843469619750977,0.47714313864707947
YMR175W,YDR522C,0,0.33444718,0.15676917135715485,0.8843469619750977,0.47724318504333496
YNL119W,YPL158C,0,0.33433667,0.15674147009849548,0.8843469619750977,0.47734320163726807
YFR051C,YDR144C,0,0.33358878,0.15671378374099731,0.8843469619750977,0.47744321823120117
YML078W,YNL230C,0,0.33329448,0.15668609738349915,0.8843469619750977,0.47754326462745667
YCL061C,YER065C,0,0.33297935,0.15665842592716217,0.8843469619750977,0.47764328122138977
YBR012W-B,YER124C,0,0.3328677,0.1566307544708252,0.8843469619750977,0.47774332761764526
YCL031C,YLL061W,0,0.33275405,0.1566031128168106,0.8843469619750977,0.47784334421157837
YOR355W,YAR033W,0,0.33251864,0.15657545626163483,0.8843469619750977,0.47794339060783386
YNL224C,YJL127C-B,0,0.33239242,0.15654782950878143,0.8843469619750977,0.47804340720176697
YJL012C,YDR450W,0,0.33213335,0.15652020275592804,0.8843469619750977,0.47814345359802246
YMR300C,YDR019C,0,0.33170453,0.15649259090423584,0.8843469619750977,0.47824347019195557
YMR004W,YPL282C,0,0.33168375,0.15646497905254364,0.8843469619750977,0.47834351658821106
YKR055W,YDR529C,0,0.33156022,0.15643739700317383,0.8843469619750977,0.47844353318214417
YIR019C,YNR067C,1,0.33145386,0.15658614039421082,0.8853439688682556,0.47844353318214417
YCR028C-A,YDR204W,0,0.3314536,0.15655852854251862,0.8853439688682556,0.47854354977607727
YOR180C,YDR304C,0,0.33113584,0.1565309315919876,0.8853439688682556,0.47864359617233276
YMR106C,YGR002C,0,0.33081892,0.1565033495426178,0.8853439688682556,0.47874361276626587
YBL045C,YMR112C,0,0.33081874,0.15647576749324799,0.8853439688682556,0.47884365916252136
YNL127W,YFL060C,0,0.3306682,0.15644820034503937,0.8853439688682556,0.47894367575645447
YJL055W,YBR204C,0,0.33014473,0.15642064809799194,0.8853439688682556,0.47904372215270996
YKL224C,YDL216C,0,0.33002183,0.15639309585094452,0.8853439688682556,0.47914373874664307
YDR385W,YLR119W,0,0.32999906,0.1563655585050583,0.8853439688682556,0.47924378514289856
YLR426W,YPL005W,0,0.32963392,0.15633802115917206,0.8853439688682556,0.47934380173683167
YLR307W,YDR087C,0,0.32941458,0.15631051361560822,0.8853439688682556,0.47944381833076477
YHR177W,YLR246W,0,0.32940742,0.15628300607204437,0.8853439688682556,0.47954386472702026
YOL151W,YNL108C,0,0.32929704,0.15625549852848053,0.8853439688682556,0.47964388132095337
YLR136C,YGR086C,0,0.32893303,0.15622800588607788,0.8853439688682556,0.47974392771720886
YIL155C,YJR043C,0,0.32841915,0.15620052814483643,0.8853439688682556,0.47984394431114197
YCL064C,YFL036W,0,0.32824636,0.15617305040359497,0.8853439688682556,0.47994399070739746
YER129W,YNL022C,0,0.3278763,0.1561456024646759,0.8853439688682556,0.48004400730133057
YIL065C,YMR298W,0,0.3278242,0.15611813962459564,0.8853439688682556,0.48014405369758606
YGR071C,YGR049W,0,0.32703248,0.15609070658683777,0.8853439688682556,0.48024407029151917
YOL030W,YGR014W,1,0.32691684,0.15623901784420013,0.8863409757614136,0.48024407029151917
YLR063W,YGR262C,0,0.32634968,0.15621155500411987,0.8863409757614136,0.48034411668777466
YDR447C,YLR183C,0,0.3261679,0.156184121966362,0.8863409757614136,0.48044413328170776
YBR293W,YOL052C,0,0.3261566,0.15615668892860413,0.8863409757614136,0.48054414987564087
YNL180C,YML081W,0,0.32574663,0.15612925589084625,0.8863409757614136,0.48064419627189636
YDR348C,YPL064C,0,0.32560518,0.15610183775424957,0.8863409757614136,0.48074421286582947
YCL031C,YBL005W-A,0,0.32528046,0.1560744345188141,0.8863409757614136,0.48084425926208496
YJR031C,YKL097W-A,0,0.32508758,0.1560470461845398,0.8863409757614136,0.48094427585601807
YOL040C,YBL088C,0,0.3245189,0.1560196578502655,0.8863409757614136,0.48104432225227356
YJR152W,YNL078W,0,0.3243644,0.1559922844171524,0.8863409757614136,0.48114433884620667
YOR365C,YJL209W,0,0.32433996,0.1559649109840393,0.8863409757614136,0.48124438524246216
YJL114W,YBR003W,0,0.32381323,0.1559375524520874,0.8863409757614136,0.48134440183639526
YOR240W,YHR171W,0,0.32369003,0.1559102088212967,0.8863409757614136,0.48144441843032837
YDR268W,YML116W,0,0.32356367,0.15588286519050598,0.8863409757614136,0.48154446482658386
YKR071C,YGL246C,0,0.32343408,0.15585553646087646,0.8863409757614136,0.48164448142051697
YJL113W,YDL235C,0,0.32298177,0.15582822263240814,0.8863409757614136,0.48174452781677246
YKL211C,YDR320C-A,0,0.32270283,0.15580090880393982,0.8863409757614136,0.48184454441070557
YGL226C-A,YNR027W,0,0.3222657,0.1557736098766327,0.8863409757614136,0.48194459080696106
YNL119W,YLR438C-A,0,0.3214335,0.15574632585048676,0.8863409757614136,0.48204460740089417
YEL048C,YDR456W,0,0.32126924,0.15571904182434082,0.8863409757614136,0.48214465379714966
YBL063W,YOR344C,0,0.3209792,0.15569177269935608,0.8863409757614136,0.48224467039108276
YGL186C,YBL103C,0,0.3199394,0.15566450357437134,0.8863409757614136,0.48234471678733826
YIL013C,YLR316C,0,0.31993008,0.1556372493505478,0.8863409757614136,0.48244473338127136
YIR034C,YPR204W,0,0.31968185,0.15561001002788544,0.8863409757614136,0.48254474997520447
YDR315C,YDR402C,0,0.319432,0.15558278560638428,0.8863409757614136,0.48264479637145996
YHL020C,YPR196W,0,0.31941548,0.15555556118488312,0.8863409757614136,0.48274481296539307
YPR121W,YIL015W,1,0.31937447,0.15570329129695892,0.8873379826545715,0.48274481296539307
YHR185C,YDR372C,0,0.31908956,0.15567605197429657,0.8873379826545715,0.48284485936164856
YDR181C,YDR380W,0,0.318886,0.1556488275527954,0.8873379826545715,0.48294487595558167
YOR321W,YLR399C,0,0.31885263,0.15562161803245544,0.8873379826545715,0.48304492235183716
YLR404W,YML027W,0,0.3185648,0.15559440851211548,0.8873379826545715,0.48314493894577026
YBR196C,YOL136C,0,0.31844088,0.1555672138929367,0.8873379826545715,0.48324498534202576
YML032C,YHL037C,0,0.31838375,0.15554001927375793,0.8873379826545715,0.48334500193595886
YEL043W,YLR291C,0,0.3181878,0.15551283955574036,0.8873379826545715,0.48344504833221436
YER074W,YNL301C,0,0.31790406,0.15548567473888397,0.8873379826545715,0.48354506492614746
YIL053W,YML001W,0,0.31736115,0.1554585099220276,0.8873379826545715,0.48364508152008057
YBR231C,YPR114W,0,0.31724173,0.1554313600063324,0.8873379826545715,0.48374512791633606
YNL244C,YNL312W,0,0.3170188,0.1554042249917984,0.8873379826545715,0.48384514451026917
YPR121W,YGL028C,1,0.31658578,0.15555167198181152,0.8883349895477295,0.48384514451026917
YJR063W,YOL005C,0,0.3162472,0.15552452206611633,0.8883349895477295,0.48394519090652466
YDL104C,YHR042W,0,0.31557873,0.15549738705158234,0.8883349895477295,0.48404520750045776
YPR088C,YNL176C,0,0.31545296,0.15547025203704834,0.8883349895477295,0.48414525389671326
YER075C,YBL033C,0,0.31483814,0.15544313192367554,0.8883349895477295,0.48424527049064636
YCR098C,YLR151C,0,0.31444225,0.15541601181030273,0.8883349895477295,0.48434531688690186
YER141W,YGL090W,0,0.31374022,0.15538890659809113,0.8883349895477295,0.48444533348083496
YJR089W,YGR192C,0,0.31363043,0.1553618162870407,0.8883349895477295,0.48454535007476807
YOR322C,YAL029C,0,0.31347767,0.1553347259759903,0.8883349895477295,0.48464539647102356
YDL108W,YMR102C,0,0.31276745,0.15530765056610107,0.8883349895477295,0.48474541306495667
YCL075W,YOR172W,0,0.31224793,0.15528059005737305,0.8883349895477295,0.48484545946121216
YOR095C,YLR403W,0,0.31180796,0.15525352954864502,0.8883349895477295,0.48494547605514526
YGR016W,YML095C,0,0.3115789,0.15522648394107819,0.8883349895477295,0.48504552245140076
YOL049W,YKR023W,0,0.31156433,0.15519943833351135,0.8883349895477295,0.48514553904533386
YLL005C,YDL093W,0,0.31144652,0.1551724076271057,0.8883349895477295,0.48524558544158936
YIL169C,YNL061W,0,0.31144467,0.15514539182186127,0.8883349895477295,0.48534560203552246
YMR127C,YPL281C,0,0.3110824,0.15511839091777802,0.8883349895477295,0.48544564843177795
YDL119C,YHR158C,0,0.31080028,0.15509139001369476,0.8883349895477295,0.48554566502571106
YMR061W,YLR441C,0,0.31050166,0.1550643891096115,0.8883349895477295,0.48564568161964417
YPL280W,YGL207W,0,0.30992895,0.15503741800785065,0.8883349895477295,0.48574572801589966
YDL004W,YJR082C,0,0.3097411,0.1550104320049286,0.8883349895477295,0.48584574460983276
YER027C,YBR121C,0,0.3093928,0.15498347580432892,0.8883349895477295,0.48594579100608826
YOL159C,YLR001C,1,0.30828008,0.15513043105602264,0.8893319964408875,0.48594579100608826
YGL171W,YKR060W,0,0.30753294,0.15510345995426178,0.8893319964408875,0.48604580760002136
YJL059W,YIR003W,0,0.30679515,0.15507648885250092,0.8893319964408875,0.48614585399627686
YBR188C,YDL213C,0,0.30675745,0.15504953265190125,0.8893319964408875,0.48624587059020996
YCR037C,YDL054C,0,0.3066984,0.15502259135246277,0.8893319964408875,0.48634591698646545
YKR098C,YDL079C,0,0.30608866,0.1549956500530243,0.8893319964408875,0.48644593358039856
YDR059C,YML093W,0,0.3060486,0.154968723654747,0.8893319964408875,0.48654595017433167
YDR307W,YOR205C,0,0.30572012,0.15494181215763092,0.8893319964408875,0.48664599657058716
YOR384W,YKR053C,0,0.30551663,0.15491490066051483,0.8893319964408875,0.48674601316452026
YNL222W,YOR304C-A,0,0.30549374,0.15488800406455994,0.8893319964408875,0.48684605956077576
YDL107W,YGR053C,0,0.3047837,0.15486110746860504,0.8893319964408875,0.48694607615470886
YER149C,YBL099W,0,0.3041779,0.15483422577381134,0.8893319964408875,0.48704612255096436
YGL148W,YNL041C,0,0.3041608,0.15480735898017883,0.8893319964408875,0.48714613914489746
YGL157W,YER082C,0,0.30399567,0.15478049218654633,0.8893319964408875,0.48724618554115295
YCR075C,YJL101C,0,0.3038456,0.154753640294075,0.8893319964408875,0.48734620213508606
YHR122W,YDL105W,0,0.30365607,0.1547268033027649,0.8893319964408875,0.48744624853134155
YDR419W,YOR003W,0,0.30344293,0.15469996631145477,0.8893319964408875,0.48754626512527466
YGR241C,YLR040C,0,0.30335066,0.15467314422130585,0.8893319964408875,0.48764628171920776
YDR155C,YKR029C,0,0.30268398,0.15464632213115692,0.8893319964408875,0.48774632811546326
YER156C,YDR044W,0,0.30234507,0.1546195149421692,0.8893319964408875,0.48784634470939636
YEL038W,YKL035W,0,0.30226472,0.15459272265434265,0.8893319964408875,0.48794639110565186
YLR455W,YGR171C,0,0.3021143,0.1545659303665161,0.8893319964408875,0.48804640769958496
YKL139W,YPL036W,0,0.30202606,0.15453915297985077,0.8893319964408875,0.48814645409584045
YGR276C,YEL077C,0,0.30148265,0.15451239049434662,0.8893319964408875,0.48824647068977356
YJL034W,YFR028C,0,0.3014324,0.15448562800884247,0.8893319964408875,0.48834651708602905
YDR397C,YMR046C,0,0.30143106,0.1544588804244995,0.8893319964408875,0.48844653367996216
YPL061W,YLR154C,0,0.3013255,0.15443213284015656,0.8893319964408875,0.48854655027389526
YGL101W,YDR030C,0,0.30125782,0.1544054001569748,0.8893319964408875,0.48864659667015076
YNL061W,YOL117W,0,0.3008372,0.15437868237495422,0.8893319964408875,0.48874661326408386
YNL240C,YPL174C,0,0.30065092,0.15435196459293365,0.8893319964408875,0.48884665966033936
YGR014W,YOL011W,1,0.30048224,0.15449826419353485,0.8903290033340454,0.48884665966033936
YGR070W,YER162C,0,0.30000055,0.15447154641151428,0.8903290033340454,0.48894667625427246
YMR281W,YKL222C,0,0.2996454,0.1544448286294937,0.8903290033340454,0.48904672265052795
YPL042C,YCR011C,0,0.29963157,0.15441812574863434,0.8903290033340454,0.48914673924446106
YLR335W,YNL058C,0,0.2992477,0.15439142286777496,0.8903290033340454,0.48924678564071655
YGL130W,YJL221C,0,0.29918468,0.15436473488807678,0.8903290033340454,0.48934680223464966
YEL069C,YOR260W,0,0.2991679,0.1543380618095398,0.8903290033340454,0.48944684863090515
YAL005C,YLR037C,1,0.29882896,0.15448418259620667,0.8913260102272034,0.48944684863090515
YFL024C,YMR246W,0,0.2987146,0.15445749461650848,0.8913260102272034,0.48954686522483826
YOR079C,YMR117C,0,0.29856893,0.1544308215379715,0.8913260102272034,0.48964688181877136
YBR083W,YGL189C,0,0.29821038,0.1544041484594345,0.8913260102272034,0.48974692821502686
YDR387C,YLR315W,0,0.2979553,0.15437747538089752,0.8913260102272034,0.48984694480895996
YHR185C,YER017C,0,0.2977359,0.15435083210468292,0.8913260102272034,0.48994699120521545
YER095W,YMR301C,0,0.297347,0.15432418882846832,0.8913260102272034,0.49004700779914856
YPL172C,YMR101C,0,0.2971287,0.15429754555225372,0.8913260102272034,0.49014705419540405
YGL085W,YNL306W,0,0.29690823,0.15427091717720032,0.8913260102272034,0.49024707078933716
YGL201C,YDL073W,0,0.29612243,0.1542443037033081,0.8913260102272034,0.49034711718559265
YBR293W,YPR200C,0,0.29600635,0.1542177051305771,0.8913260102272034,0.49044713377952576
YLR457C,YLR057W,0,0.2959812,0.15419110655784607,0.8913260102272034,0.49054715037345886
YML026C,YFR015C,0,0.29555458,0.15416450798511505,0.8913260102272034,0.49064719676971436
YPR127W,YBR261C,0,0.29475453,0.15413792431354523,0.8913260102272034,0.49074721336364746
YOR009W,YOL159C,1,0.2946407,0.15428374707698822,0.8923230171203613,0.49074721336364746
YBR227C,YDR056C,0,0.2945192,0.1542571485042572,0.8923230171203613,0.49084725975990295
YMR160W,YNL273W,0,0.2944709,0.15423056483268738,0.8923230171203613,0.49094727635383606
YBL002W,YKL143W,0,0.2944657,0.15420399606227875,0.8923230171203613,0.49104732275009155
YOL055C,YIL009C-A,0,0.29439503,0.15417742729187012,0.8923230171203613,0.49114733934402466
YPR137W,YML095C,0,0.2939904,0.15415087342262268,0.8923230171203613,0.49124738574028015
YOL010W,YLL057C,0,0.29345515,0.15412433445453644,0.8923230171203613,0.49134740233421326
YOR232W,YLR357W,0,0.29259637,0.1540977954864502,0.8923230171203613,0.49144744873046875
YNL247W,YPL052W,0,0.29190958,0.15407127141952515,0.8923230171203613,0.49154746532440186
YBL072C,YJL004C,0,0.29178575,0.1540447473526001,0.8923230171203613,0.49164748191833496
YLR021W,YLR048W,0,0.29178575,0.15401823818683624,0.8923230171203613,0.49174752831459045
YGR200C,YOR133W,0,0.29178268,0.15399174392223358,0.8923230171203613,0.49184754490852356
YLL016W,YNL070W,0,0.29133517,0.15396524965763092,0.8923230171203613,0.49194759130477905
YAL029C,YNL022C,0,0.29133084,0.15393877029418945,0.8923230171203613,0.49204760789871216
YAR071W,YCR089W,1,0.29126984,0.15408426523208618,0.8933200240135193,0.49204760789871216
YBL005W,YHR079C-B,0,0.29122582,0.15405777096748352,0.8933200240135193,0.49214765429496765
YKL133C,YJR098C,0,0.29109162,0.15403129160404205,0.8933200240135193,0.49224767088890076
YJL158C,YER011W,1,0.2909594,0.15417669713497162,0.8943170309066772,0.49224767088890076
YLR430W,YLR350W,0,0.2908954,0.15415020287036896,0.8943170309066772,0.49234771728515625
YJR001W,YBR048W,0,0.29086283,0.1541237086057663,0.8943170309066772,0.49244773387908936
YMR166C,YCR086W,0,0.2906163,0.15409722924232483,0.8943170309066772,0.49254775047302246
YGR266W,YER045C,0,0.29050353,0.15407076478004456,0.8943170309066772,0.49264779686927795
YOR142W,YBL059W,0,0.2901268,0.15404430031776428,0.8943170309066772,0.49274781346321106
YPR120C,YJR103W,0,0.29005724,0.1540178507566452,0.8943170309066772,0.49284785985946655
YJL158C,YJR151C,1,0.2890745,0.15416309237480164,0.8953140377998352,0.49284785985946655
YAL034C,YAL031C,0,0.28829804,0.15413662791252136,0.8953140377998352,0.49294787645339966
YOR095C,YDR098C,0,0.28812423,0.15411017835140228,0.8953140377998352,0.49304792284965515
YOR317W,YBR171W,0,0.28734225,0.1540837287902832,0.8953140377998352,0.49314793944358826
YDR144C,YLR155C,1,0.2868725,0.15422885119915009,0.8963110446929932,0.49314793944358826
YCR053W,YPL022W,0,0.286666,0.154202401638031,0.8963110446929932,0.49324798583984375
YHL050C,YCL005W,0,0.2861556,0.15417595207691193,0.8963110446929932,0.49334800243377686
YOR124C,YBR013C,0,0.28574824,0.15414951741695404,0.8963110446929932,0.49344804883003235
YJL183W,YAL040C,0,0.285733,0.15412309765815735,0.8963110446929932,0.49354806542396545
YPR085C,YKL096W-A,0,0.28543505,0.15409667789936066,0.8963110446929932,0.49364808201789856
YPL135W,YMR019W,0,0.2852718,0.15407027304172516,0.8963110446929932,0.49374812841415405
YFL017W-A,YMR117C,0,0.28481254,0.15404386818408966,0.8963110446929932,0.49384814500808716
YPL183W-A,YOL095C,0,0.28476977,0.15401747822761536,0.8963110446929932,0.49394819140434265
YJL087C,YGR052W,0,0.28460497,0.15399108827114105,0.8963110446929932,0.49404820799827576
YOR191W,YKL218C,0,0.2844644,0.15396471321582794,0.8963110446929932,0.49414825439453125
YDR153C,YKL163W,0,0.28388333,0.15393835306167603,0.8963110446929932,0.49424827098846436
YJL079C,YKL157W,1,0.28288093,0.15408320724964142,0.8973080515861511,0.49424827098846436
YNL055C,YCL061C,0,0.28248987,0.1540568321943283,0.8973080515861511,0.49434831738471985
YLL024C,YOL011W,1,0.28244418,0.15420161187648773,0.8983050584793091,0.49434831738471985
YER129W,YLR395C,0,0.28241384,0.15417522192001343,0.8983050584793091,0.49444833397865295
YDR358W,YLR113W,0,0.28206873,0.15414884686470032,0.8983050584793091,0.49454835057258606
YPR035W,YJR086W,0,0.2818968,0.1541224718093872,0.8983050584793091,0.49464839696884155
YDL067C,YDR485C,0,0.28187487,0.1540961116552353,0.8983050584793091,0.49474841356277466
YGR271W,YER169W,0,0.281677,0.15406976640224457,0.8983050584793091,0.49484845995903015
YHL039W,YHR089C,0,0.28167555,0.15404342114925385,0.8983050584793091,0.49494847655296326
YOR291W,YPL243W,0,0.2815123,0.15401709079742432,0.8983050584793091,0.49504852294921875
YHR188C,YDR085C,0,0.2813788,0.15399077534675598,0.8983050584793091,0.49514853954315186
YBR033W,YAL013W,0,0.28132153,0.15396445989608765,0.8983050584793091,0.49524858593940735
YOL149W,YOL022C,0,0.28058216,0.1539381444454193,0.8983050584793091,0.49534860253334045
YLR173W,YDR030C,0,0.28014264,0.15391185879707336,0.8983050584793091,0.49544864892959595
YGL037C,YOL042W,0,0.2792518,0.15388557314872742,0.8983050584793091,0.49554866552352905
YBR162C,YJL174W,1,0.2790707,0.15403005480766296,0.899302065372467,0.49554866552352905
YOR003W,YEL060C,1,0.2790477,0.15417449176311493,0.9002991318702698,0.49554866552352905
YPL079W,YGL120C,0,0.2788786,0.1541481763124466,0.9002991318702698,0.49564868211746216
YMR106C,YHR008C,0,0.27856603,0.15412186086177826,0.9002991318702698,0.49574872851371765
YNL202W,YHR006W,0,0.27851003,0.15409556031227112,0.9002991318702698,0.49584874510765076
YNR074C,YNL245C,0,0.2783142,0.15406927466392517,0.9002991318702698,0.49594879150390625
YGR096W,YDL035C,0,0.27804035,0.15404298901557922,0.9002991318702698,0.49604880809783936
YOL120C,YHR092C,0,0.2778349,0.15401671826839447,0.9002991318702698,0.49614885449409485
YGR042W,YOL076W,0,0.277165,0.15399044752120972,0.9002991318702698,0.49624887108802795
YGR142W,YDR437W,0,0.2770764,0.15396419167518616,0.9002991318702698,0.49634891748428345
YFR050C,YBR158W,0,0.27692947,0.1539379507303238,0.9002991318702698,0.49644893407821655
YPR166C,YPR013C,0,0.27629408,0.15391170978546143,0.9002991318702698,0.49654895067214966
YNL062C,YJL158C,0,0.27624878,0.15388548374176025,0.9002991318702698,0.49664899706840515
YLR016C,YOL053C-A,0,0.27533767,0.15385925769805908,0.9002991318702698,0.49674901366233826
YLR002C,YJL012C,0,0.27532712,0.1538330465555191,0.9002991318702698,0.49684906005859375
YBL041W,YBR054W,0,0.27530935,0.15380685031414032,0.9002991318702698,0.49694907665252686
YML054C,YGL101W,0,0.27499983,0.15378065407276154,0.9002991318702698,0.49704912304878235
YLR401C,YDR170C,0,0.27418372,0.15375447273254395,0.9002991318702698,0.49714913964271545
YKR016W,YHL008C,0,0.2739883,0.15372829139232635,0.9002991318702698,0.49724918603897095
YLR418C,YDR297W,0,0.27389905,0.15370212495326996,0.9002991318702698,0.49734920263290405
YER122C,YHL018W,0,0.27377906,0.15367597341537476,0.9002991318702698,0.49744924902915955
YNL012W,YOR190W,1,0.27360716,0.1538199782371521,0.9012961387634277,0.49744924902915955
YOL032W,YKL006C-A,0,0.27359393,0.1537938117980957,0.9012961387634277,0.49754926562309265
YDL059C,YJL006C,0,0.27345207,0.1537676453590393,0.9012961387634277,0.49764928221702576
YML052W,YDR020C,0,0.27316794,0.1537414938211441,0.9012961387634277,0.49774932861328125
YPR133W-A,YDL021W,0,0.2729791,0.1537153571844101,0.9012961387634277,0.49784934520721436
YLR425W,YDL126C,0,0.2728987,0.1536892205476761,0.9012961387634277,0.49794939160346985
YKL032C,YNL260C,0,0.27258548,0.15366309881210327,0.9012961387634277,0.49804940819740295
YPL157W,YOR283W,0,0.27212533,0.15363697707653046,0.9012961387634277,0.49814945459365845
YHR055C,YBR294W,0,0.27187073,0.15361087024211884,0.9012961387634277,0.49824947118759155
YDR077W,YER036C,0,0.27148578,0.1535847783088684,0.9012961387634277,0.49834951758384705
YMR127C,YOR303W,0,0.27137783,0.15355868637561798,0.9012961387634277,0.49844953417778015
YBL010C,YKL039W,0,0.2710496,0.15353260934352875,0.9012961387634277,0.49854955077171326
YPL031C,YHR048W,0,0.2709248,0.15350653231143951,0.9012961387634277,0.49864959716796875
YMR322C,YBR017C,0,0.27077708,0.15348047018051147,0.9012961387634277,0.49874961376190186
YOR210W,YNL002C,0,0.26995483,0.15345442295074463,0.9012961387634277,0.49884966015815735
YJL081C,YDL233W,0,0.2699,0.15342837572097778,0.9012961387634277,0.49894967675209045
YAR003W,YMR242C,0,0.26938394,0.15340234339237213,0.9012961387634277,0.49904972314834595
YPL162C,YLL007C,0,0.26865393,0.15337631106376648,0.9012961387634277,0.49914973974227905
YMR074C,YNL122C,0,0.26843312,0.15335029363632202,0.9012961387634277,0.49924978613853455
YML106W,YLR213C,0,0.26836023,0.15332429111003876,0.9012961387634277,0.49934980273246765
YDR150W,YJL158C,0,0.268065,0.1532982885837555,0.9012961387634277,0.49944984912872314
YEL043W,YHR100C,0,0.26769766,0.15327230095863342,0.9012961387634277,0.49954986572265625
YKR051W,YCR094W,0,0.26761964,0.15324631333351135,0.9012961387634277,0.49964988231658936
YJR072C,YBR106W,0,0.2674227,0.15322034060955048,0.9012961387634277,0.49974992871284485
YDR447C,YLR324W,0,0.26698914,0.1531943678855896,0.9012961387634277,0.49984994530677795
YKL010C,YKR039W,0,0.2666832,0.15316841006278992,0.9012961387634277,0.49994999170303345
YOR131C,YLL055W,0,0.26638252,0.15314246714115143,0.9012961387634277,0.5000500082969666
YFL009W,YER117W,0,0.26624808,0.15311652421951294,0.9012961387634277,0.5001500248908997
YGL026C,YPL055C,0,0.26621908,0.15309059619903564,0.9012961387634277,0.5002501010894775
YGR037C,YBR093C,1,0.2661466,0.15323400497436523,0.9022931456565857,0.5002501010894775
YDR196C,YGR053C,0,0.26599705,0.15320806205272675,0.9022931456565857,0.5003501176834106
YGR094W,YGR171C,0,0.26530308,0.15318211913108826,0.9022931456565857,0.5004501342773438
YOL135C,YBL091C-A,0,0.265236,0.15315620601177216,0.9022931456565857,0.5005501508712769
YEL032W,YPR204W,0,0.2651266,0.15313029289245605,0.9022931456565857,0.50065016746521
YDL183C,YJL108C,0,0.26475266,0.15310437977313995,0.9022931456565857,0.5007502436637878
YBR265W,YCR057C,0,0.2646626,0.15307848155498505,0.9022931456565857,0.500850260257721
YJL106W,YDR488C,0,0.26453426,0.15305259823799133,0.9022931456565857,0.500950276851654
YOR093C,YHR138C,0,0.26363423,0.15302671492099762,0.9022931456565857,0.5010502934455872
YCR020W-B,YNL058C,0,0.26327157,0.1530008465051651,0.9022931456565857,0.501150369644165
YNL066W,YJL174W,1,0.26295128,0.1531440168619156,0.9032901525497437,0.501150369644165
YBL054W,YML066C,0,0.26284996,0.15311813354492188,0.9032901525497437,0.5012503862380981
YOL119C,YPL219W,0,0.26196688,0.15309226512908936,0.9032901525497437,0.5013504028320312
YGR034W,YGL168W,0,0.26181546,0.15306639671325684,0.9032901525497437,0.5014504194259644
YOL124C,YNL182C,0,0.26122382,0.1530405431985855,0.9032901525497437,0.5015504360198975
YMR197C,YNL244C,0,0.2610186,0.15301468968391418,0.9032901525497437,0.5016505122184753
YDR077W,YJL174W,1,0.26086846,0.15315771102905273,0.9042871594429016,0.5016505122184753
YOR178C,YJR055W,0,0.26064596,0.1531318575143814,0.9042871594429016,0.5017505288124084
YKL179C,YGL160W,0,0.2604687,0.15310600399971008,0.9042871594429016,0.5018505454063416
YKR013W,YGL167C,0,0.26017395,0.15308016538619995,0.9042871594429016,0.5019505620002747
YLR388W,YGL181W,0,0.26010665,0.153054341673851,0.9042871594429016,0.5020506381988525
YOR011W,YLR057W,0,0.2600834,0.15302851796150208,0.9042871594429016,0.5021506547927856
YIR032C,YML094W,0,0.25963712,0.15300269424915314,0.9042871594429016,0.5022506713867188
YML112W,YDR444W,0,0.2595155,0.1529769003391266,0.9042871594429016,0.5023506879806519
YBR031W,YML001W,0,0.2593445,0.15295109152793884,0.9042871594429016,0.5024507641792297
YPL162C,YDR103W,0,0.25932074,0.1529253125190735,0.9042871594429016,0.5025507807731628
YDR277C,YBR154C,0,0.2591429,0.15289953351020813,0.9042871594429016,0.502650797367096
YDR074W,YHR039C-A,0,0.25899065,0.15287375450134277,0.9042871594429016,0.502750813961029
YNL284C,YAL014C,0,0.25859448,0.1528479903936386,0.9042871594429016,0.5028508305549622
YMR067C,YKR039W,0,0.25851828,0.15282224118709564,0.9042871594429016,0.50295090675354
YMR246W,YIR008C,0,0.25788608,0.15279649198055267,0.9042871594429016,0.5030509233474731
YDR443C,YOL091W,0,0.2573534,0.1527707576751709,0.9042871594429016,0.5031509399414062
YER072W,YFR028C,0,0.2564954,0.15274503827095032,0.9042871594429016,0.5032509565353394
YHR070W,YFL026W,0,0.25644797,0.15271931886672974,0.9042871594429016,0.5033510327339172
YGL051W,YNL210W,0,0.25583577,0.15269359946250916,0.9042871594429016,0.5034510493278503
YGR074W,YCR024C-A,0,0.255693,0.15266789495944977,0.9042871594429016,0.5035510659217834
YCR011C,YJR153W,0,0.2556661,0.15264220535755157,0.9042871594429016,0.5036510825157166
YJL037W,YIL008W,0,0.25551054,0.15261653065681458,0.9042871594429016,0.5037510991096497
YGL015C,YHR182W,0,0.25537124,0.15259084105491638,0.9042871594429016,0.5038511753082275
YOR378W,YLR057W,0,0.25529683,0.15256518125534058,0.9042871594429016,0.5039511919021606
YBR245C,YDR500C,0,0.25509968,0.15253952145576477,0.9042871594429016,0.5040512084960938
YMR092C,YOR177C,0,0.25505847,0.15251387655735016,0.9042871594429016,0.5041512250900269
YJL206C,YPL011C,0,0.25495198,0.15248823165893555,0.9042871594429016,0.5042513012886047
YPR122W,YGR020C,0,0.25449744,0.15246260166168213,0.9042871594429016,0.5043513178825378
YLR105C,YHR005C-A,0,0.25412846,0.1524369716644287,0.9042871594429016,0.504451334476471
YIL108W,YLR166C,0,0.2538885,0.1524113565683365,0.9042871594429016,0.504551351070404
YPL150W,YDR126W,0,0.25343144,0.15238575637340546,0.9042871594429016,0.5046513676643372
YLR097C,YOR210W,0,0.2531573,0.15236015617847443,0.9042871594429016,0.504751443862915
YNL009W,YOR155C,0,0.25291166,0.1523345708847046,0.9042871594429016,0.5048514604568481
YPL216W,YMR270C,0,0.25251216,0.15230898559093475,0.9042871594429016,0.5049514770507812
YGL170C,YHL007C,0,0.25186995,0.1522834151983261,0.9042871594429016,0.5050514936447144
YJL097W,YKL020C,0,0.2517398,0.15225784480571747,0.9042871594429016,0.5051515698432922
YOL137W,YGR251W,0,0.2515693,0.15223228931427002,0.9042871594429016,0.5052515864372253
YLR035C,YNR032W,0,0.25154963,0.15220674872398376,0.9042871594429016,0.5053516030311584
YNR047W,YOR002W,0,0.25151077,0.1521812081336975,0.9042871594429016,0.5054516196250916
YIL009W,YNL181W,0,0.25144026,0.15215568244457245,0.9042871594429016,0.5055516362190247
YOR208W,YNL182C,0,0.25125816,0.1521301567554474,0.9042871594429016,0.5056517124176025
YKL170W,YMR110C,0,0.25103375,0.15210464596748352,0.9042871594429016,0.5057517290115356
YER069W,YBR105C,0,0.25090513,0.15207913517951965,0.9042871594429016,0.5058517456054688
YDL210W,YKR063C,0,0.25073922,0.15205363929271698,0.9042871594429016,0.5059517621994019
YDL049C,YLR371W,0,0.25035927,0.1520281583070755,0.9042871594429016,0.5060518383979797
YDR109C,YNR048W,0,0.25027642,0.15200267732143402,0.9042871594429016,0.5061518549919128
YMR131C,YDR188W,0,0.25012314,0.15197721123695374,0.9042871594429016,0.506251871585846
YGR020C,YFR031C-A,0,0.25001428,0.15195174515247345,0.9042871594429016,0.506351888179779
YMR054W,YER174C,0,0.24963953,0.15192629396915436,0.9042871594429016,0.5064519643783569
YDR012W,YLR045C,0,0.24950258,0.15190085768699646,0.9042871594429016,0.50655198097229
YJL078C,YGR282C,1,0.24925508,0.15204286575317383,0.9052841663360596,0.50655198097229
YMR110C,YPL015C,0,0.24905376,0.15201741456985474,0.9052841663360596,0.5066519975662231
YPR111W,YPR009W,0,0.24902399,0.15199196338653564,0.9052841663360596,0.5067520141601562
YDL199C,YNL244C,0,0.24877705,0.15196652710437775,0.9052841663360596,0.5068520307540894
YIL073C,YDR216W,0,0.24847691,0.15194109082221985,0.9052841663360596,0.5069521069526672
YCR043C,YLR224W,0,0.2484547,0.15191566944122314,0.9052841663360596,0.5070521235466003
YLR193C,YKR069W,0,0.24816872,0.15189026296138763,0.9052841663360596,0.5071521401405334
YPR001W,YDR523C,0,0.24787585,0.15186485648155212,0.9052841663360596,0.5072521567344666
YBR091C,YPR137C-B,0,0.24785514,0.1518394649028778,0.9052841663360596,0.5073522329330444
YPL150W,YLL015W,0,0.24779175,0.1518140733242035,0.9052841663360596,0.5074522495269775
YKL082C,YDL045W-A,0,0.24748953,0.15178869664669037,0.9052841663360596,0.5075522661209106
YDR090C,YBR094W,0,0.24745665,0.15176333487033844,0.9052841663360596,0.5076522827148438
YMR312W,YOR283W,0,0.24743716,0.1517379730939865,0.9052841663360596,0.5077522993087769
YLR055C,YBR092C,0,0.24713404,0.15171261131763458,0.9052841663360596,0.5078523755073547
YGL245W,YHR005C-A,0,0.24636777,0.15168726444244385,0.9052841663360596,0.5079523921012878
YLR040C,YLR004C,0,0.24622677,0.1516619324684143,0.9052841663360596,0.508052408695221
YGL079W,YML027W,0,0.24555866,0.15163660049438477,0.9052841663360596,0.508152425289154
YPL227C,YPR052C,0,0.2450961,0.15161128342151642,0.9052841663360596,0.5082525014877319
YGL183C,YJL155C,0,0.24507631,0.15158598124980927,0.9052841663360596,0.508352518081665
YIL123W,YNL066W,1,0.24493827,0.1517275869846344,0.9062811732292175,0.508352518081665
YDL080C,YLL050C,0,0.2446395,0.15170226991176605,0.9062811732292175,0.5084525346755981
YBL076C,YGL035C,0,0.2438574,0.1516769528388977,0.9062811732292175,0.5085525512695312
YCL008C,YER162C,0,0.24365243,0.15165165066719055,0.9062811732292175,0.5086525678634644
YMR059W,YLR426W,0,0.24346821,0.1516263484954834,0.9062811732292175,0.5087526440620422
YGL246C,YMR017W,0,0.24316189,0.15160106122493744,0.9062811732292175,0.5088526606559753
YLR286C,YCL058C,1,0.24295686,0.15174253284931183,0.9072781801223755,0.5088526606559753
YIL150C,YGL261C,0,0.24264675,0.15171724557876587,0.9072781801223755,0.5089526772499084
YMR246W,YLR118C,0,0.24141368,0.15169194340705872,0.9072781801223755,0.5090526938438416
YDL177C,YGL231C,0,0.24125798,0.15166667103767395,0.9072781801223755,0.5091527700424194
YNL073W,YOL067C,0,0.24083816,0.15164139866828918,0.9072781801223755,0.5092527866363525
YOR297C,YGR199W,0,0.24054469,0.15161612629890442,0.9072781801223755,0.5093528032302856
YHR202W,YLR001C,1,0.24024731,0.15175744891166687,0.9082751870155334,0.5093528032302856
YKL042W,YIR003W,0,0.23905012,0.1517321765422821,0.9082751870155334,0.5094528198242188
YBL010C,YDR284C,0,0.2390223,0.15170690417289734,0.9082751870155334,0.5095528364181519
YMR169C,YPR048W,0,0.23889492,0.15168164670467377,0.9082751870155334,0.5096529126167297
YGL209W,YMR215W,0,0.2386141,0.1516564041376114,0.9082751870155334,0.5097529292106628
YOR178C,YOL010W,0,0.23859634,0.151631161570549,0.9082751870155334,0.509852945804596
YLR227C,YCL066W,0,0.23843674,0.15160591900348663,0.9082751870155334,0.509952962398529
YBR162C,YMR285C,0,0.23835231,0.15158070623874664,0.9082751870155334,0.5100530385971069
YBR196C,YDL230W,0,0.23729968,0.15155547857284546,0.9082751870155334,0.51015305519104
YER027C,YOR175C,0,0.23718716,0.15153026580810547,0.9082751870155334,0.5102530717849731
YHL020C,YNL151C,0,0.23693974,0.15150506794452667,0.9082751870155334,0.5103530883789062
YOR167C,YKL097W-A,0,0.23693772,0.15147988498210907,0.9082751870155334,0.5104531645774841
YDR320C-A,YMR076C,0,0.23629878,0.15145470201969147,0.9082751870155334,0.5105531811714172
YHR016C,YLR258W,0,0.23612407,0.15142951905727386,0.9082751870155334,0.5106531977653503
YKR090W,YMR215W,0,0.236105,0.15140435099601746,0.9082751870155334,0.5107532143592834
YJL097W,YJL158C,0,0.23601072,0.15137919783592224,0.9082751870155334,0.5108532309532166
YEL038W,YGL077C,0,0.23576523,0.15135404467582703,0.9082751870155334,0.5109533071517944
YAL038W,YPL199C,0,0.23572117,0.151328906416893,0.9082751870155334,0.5110533237457275
YOR355W,YBR240C,0,0.23529255,0.15130376815795898,0.9082751870155334,0.5111533403396606
YOR068C,YOL113W,0,0.23528011,0.15127864480018616,0.9082751870155334,0.5112533569335938
YHL006C,YGL022W,0,0.23466878,0.15125352144241333,0.9082751870155334,0.5113534331321716
YNL230C,YLR174W,0,0.23454817,0.1512284129858017,0.9082751870155334,0.5114534497261047
YER039C,YBR193C,0,0.23412038,0.15120331943035126,0.9082751870155334,0.5115534663200378
YNL027W,YOR251C,0,0.2340932,0.15117822587490082,0.9082751870155334,0.511653482913971
YDL074C,YCL001W,0,0.23396009,0.15115314722061157,0.9082751870155334,0.511753499507904
YOL068C,YPL207W,0,0.23345923,0.15112806856632233,0.9082751870155334,0.5118535757064819
YGR165W,YFL040W,0,0.2334045,0.15110300481319427,0.9082751870155334,0.511953592300415
YCL005W,YKR051W,0,0.23322736,0.15107794106006622,0.9082751870155334,0.5120536088943481
YIL165C,YOL162W,0,0.23316997,0.15105289220809937,0.9082751870155334,0.5121536254882812
YDR109C,YML127W,0,0.23300977,0.1510278582572937,0.9082751870155334,0.5122537016868591
YKL040C,YOL151W,0,0.23263325,0.15100282430648804,0.9082751870155334,0.5123537182807922
YLR186W,YIL118W,0,0.23240645,0.15097779035568237,0.9082751870155334,0.5124537348747253
YDL144C,YER068W,0,0.23223144,0.1509527713060379,0.9082751870155334,0.5125537514686584
YIL084C,YNL102W,0,0.2317162,0.15092776715755463,0.9082751870155334,0.5126537680625916
YHR030C,YHR110W,0,0.23128581,0.15090276300907135,0.9082751870155334,0.5127538442611694
YOR350C,YDL070W,0,0.23116864,0.15087777376174927,0.9082751870155334,0.5128538608551025
YDL210W,YGL197W,0,0.23105477,0.15085278451442719,0.9082751870155334,0.5129538774490356
YOL135C,YMR111C,0,0.23091285,0.1508278101682663,0.9082751870155334,0.5130538940429688
YHR092C,YDL201W,0,0.23083185,0.1508028507232666,0.9082751870155334,0.5131539702415466
YEL011W,YOR172W,0,0.23066343,0.1507778912782669,0.9082751870155334,0.5132539868354797
YER141W,YJL214W,0,0.23052381,0.1507529318332672,0.9082751870155334,0.5133540034294128
YPL079W,YJL200C,0,0.23030385,0.1507279872894287,0.9082751870155334,0.513454020023346
YKL162C,YMR013C,0,0.22988117,0.1507030576467514,0.9082751870155334,0.513554036617279
YMR099C,YJR026W,0,0.22962505,0.1506781280040741,0.9082751870155334,0.5136541128158569
YNR052C,YPL082C,0,0.22943318,0.15065321326255798,0.9082751870155334,0.51375412940979
YOR162C,YMR068W,0,0.22930238,0.15062831342220306,0.9082751870155334,0.5138541460037231
YCL037C,YOL080C,0,0.22930157,0.15060339868068695,0.9082751870155334,0.5139541625976562
YBR162C,YDR144C,1,0.22862597,0.15074379742145538,0.9092721939086914,0.5139541625976562
YBL088C,YIL136W,0,0.22843896,0.15071888267993927,0.9092721939086914,0.5140542387962341
YFL006W,YMR047C,0,0.22835223,0.15069398283958435,0.9092721939086914,0.5141542553901672
YDL049C,YOL165C,0,0.22780477,0.15066908299922943,0.9092721939086914,0.5142542719841003
YIL114C,YKL125W,0,0.22753932,0.1506441980600357,0.9092721939086914,0.5143542885780334
YJL186W,YDR062W,0,0.22716373,0.15061932802200317,0.9092721939086914,0.5144543647766113
YMR136W,YPR182W,0,0.2270717,0.15059445798397064,0.9092721939086914,0.5145543813705444
YPL130W,YLR037C,1,0.22648709,0.15073469281196594,0.9102692008018494,0.5145543813705444
YOR297C,YER178W,0,0.22630517,0.15070980787277222,0.9102692008018494,0.5146543979644775
YCR052W,YMR296C,0,0.22623183,0.15068493783473969,0.9102692008018494,0.5147544145584106
YBR269C,YBR128C,0,0.22506641,0.15066006779670715,0.9102692008018494,0.5148544311523438
YBR235W,YDL030W,0,0.22446628,0.15063521265983582,0.9102692008018494,0.5149545073509216
YDR025W,YDR346C,0,0.22427273,0.15061035752296448,0.9102692008018494,0.5150545239448547
YKL156W,YDL243C,0,0.22402568,0.15058551728725433,0.9102692008018494,0.5151545405387878
YNL204C,YOR262W,0,0.22400744,0.15056069195270538,0.9102692008018494,0.515254557132721
YBL061C,YGR200C,0,0.22320767,0.15053586661815643,0.9102692008018494,0.5153546333312988
YML062C,YKL023W,0,0.22298674,0.15051104128360748,0.9102692008018494,0.5154546499252319
YMR136W,YML013W,0,0.22238435,0.15048623085021973,0.9102692008018494,0.515554666519165
YER129W,YLL045C,0,0.22232322,0.15046143531799316,0.9102692008018494,0.5156546831130981
YOR089C,YDR098C-A,0,0.22156031,0.1504366397857666,0.9102692008018494,0.5157546997070312
YMR087W,YMR098C,0,0.22147308,0.15041185915470123,0.9102692008018494,0.5158547759056091
YGR014W,YGL089C,1,0.22086757,0.15055181086063385,0.9112662076950073,0.5158547759056091
YNR055C,YMR074C,0,0.22050078,0.1505270153284073,0.9112662076950073,0.5159547924995422
YNL298W,YKL088W,0,0.22008836,0.15050221979618073,0.9112662076950073,0.5160548090934753
YPR081C,YIR036C,0,0.21968858,0.15047743916511536,0.9112662076950073,0.5161548256874084
YDR314C,YKL002W,0,0.2194092,0.15045267343521118,0.9112662076950073,0.5162549018859863
YOL052C,YBL030C,0,0.21883062,0.150427907705307,0.9112662076950073,0.5163549184799194
YOR377W,YDR185C,0,0.21882582,0.15040315687656403,0.9112662076950073,0.5164549350738525
YJR055W,YOR383C,0,0.21859847,0.15037842094898224,0.9112662076950073,0.5165549516677856
YOR377W,YGR234W,0,0.21849506,0.15035367012023926,0.9112662076950073,0.5166549682617188
YNL091W,YGL168W,0,0.21774153,0.15032894909381866,0.9112662076950073,0.5167550444602966
YGR200C,YMR017W,0,0.21752395,0.15030422806739807,0.9112662076950073,0.5168550610542297
YNL139C,YJL222W,0,0.21738099,0.15027950704097748,0.9112662076950073,0.5169550776481628
YDR315C,YMR182C,0,0.21728349,0.15025481581687927,0.9112662076950073,0.517055094242096
YKL059C,YNL128W,0,0.21699801,0.15023010969161987,0.9112662076950073,0.5171551704406738
YDR261C,YJL078C,1,0.21669842,0.1503697633743286,0.9122632145881653,0.5171551704406738
YKL040C,YMR265C,0,0.21642147,0.1503450572490692,0.9122632145881653,0.5172551870346069
YNL196C,YBL052C,0,0.21619867,0.15032035112380981,0.9122632145881653,0.51735520362854
YLR107W,YLR174W,0,0.21610878,0.1502956598997116,0.9122632145881653,0.5174552202224731
YFL011W,YPL015C,0,0.2161022,0.1502709835767746,0.9122632145881653,0.5175552368164062
YMR234W,YHR128W,0,0.21572433,0.15024630725383759,0.9122632145881653,0.5176553130149841
YIL099W,YIL064W,0,0.2156495,0.15022164583206177,0.9122632145881653,0.5177553296089172
YDR531W,YCL032W,0,0.21542501,0.15019698441028595,0.9122632145881653,0.5178553462028503
YOR131C,YHL044W,0,0.21526267,0.15017232298851013,0.9122632145881653,0.5179553627967834
YMR123W,YGR294W,0,0.21525986,0.1501476913690567,0.9122632145881653,0.5180554389953613
YKL041W,YMR104C,0,0.2150771,0.15012304484844208,0.9122632145881653,0.5181554555892944
YCL063W,YER185W,0,0.21504946,0.15009842813014984,0.9122632145881653,0.5182554721832275
YNL077W,YML116W,0,0.21485817,0.1500738114118576,0.9122632145881653,0.5183554887771606
YDR207C,YBL088C,0,0.21468551,0.15004919469356537,0.9122632145881653,0.5184555649757385
YOR381W,YLR218C,0,0.21422537,0.15002459287643433,0.9122632145881653,0.5185555815696716
YKR095W-A,YPL115C,0,0.2138737,0.15000000596046448,0.9122632145881653,0.5186555981636047
YIR030C,YPL268W,0,0.21376209,0.14997541904449463,0.9122632145881653,0.5187556147575378
YMR177W,YGR142W,0,0.21368279,0.14995083212852478,0.9122632145881653,0.518855631351471
YER096W,YPR020W,0,0.21333499,0.14992626011371613,0.9122632145881653,0.5189557075500488
YHR020W,YLL015W,0,0.21322013,0.14990170300006866,0.9122632145881653,0.5190557241439819
YBR071W,YEL022W,0,0.21305124,0.1498771458864212,0.9122632145881653,0.519155740737915
YOL013C,YHR128W,0,0.2129489,0.14985260367393494,0.9122632145881653,0.5192557573318481
YBL002W,YOR307C,0,0.21292512,0.14982806146144867,0.9122632145881653,0.519355833530426
YBL056W,YGR249W,0,0.2127241,0.1498035341501236,0.9122632145881653,0.5194558501243591
YBL092W,YMR042W,0,0.21257658,0.14977902173995972,0.9122632145881653,0.5195558667182922
YFR001W,YFR030W,0,0.21221785,0.14975449442863464,0.9122632145881653,0.5196558833122253
YCR072C,YGR042W,0,0.21193828,0.14972999691963196,0.9122632145881653,0.5197558999061584
YMR259C,YLR244C,0,0.21180178,0.14970549941062927,0.9122632145881653,0.5198559761047363
YKL038W,YOR033C,0,0.21118782,0.1496810019016266,0.9122632145881653,0.5199559926986694
YHR057C,YDR032C,1,0.21101065,0.14982008934020996,0.9132602214813232,0.5199559926986694
YOR381W,YLR057W,0,0.2108999,0.14979559183120728,0.9132602214813232,0.5200560092926025
YDL106C,YGR127W,0,0.21030885,0.1497710943222046,0.9132602214813232,0.5201560258865356
YLR371W,YFL026W,0,0.20992604,0.1497466117143631,0.9132602214813232,0.5202561020851135
YMR067C,YMR039C,0,0.20986164,0.1497221291065216,0.9132602214813232,0.5203561186790466
YMR006C,YIL123W,1,0.20965798,0.14986108243465424,0.9142572283744812,0.5203561186790466
YGL169W,YOR283W,0,0.2090698,0.14983659982681274,0.9142572283744812,0.5204561352729797
YNL182C,YJR105W,0,0.20780678,0.14981211721897125,0.9142572283744812,0.5205561518669128
YPL128C,YDR451C,0,0.2076775,0.14978764951229095,0.9142572283744812,0.520656168460846
YKL191W,YAL014C,0,0.20764594,0.14976318180561066,0.9142572283744812,0.5207562446594238
YER133W,YHR143W-A,0,0.20748231,0.14973872900009155,0.9142572283744812,0.5208562612533569
YPL075W,YKR103W,0,0.20741445,0.14971429109573364,0.9142572283744812,0.52095627784729
YFL057C,YOR378W,0,0.20722164,0.14968985319137573,0.9142572283744812,0.5210562944412231
YBR058C-A,YBR192W,0,0.20678185,0.14966541528701782,0.9142572283744812,0.521156370639801
YDL177C,YKL134C,0,0.2067477,0.1496409922838211,0.9142572283744812,0.5212563872337341
YIL165C,YDL058W,0,0.20627035,0.14961658418178558,0.9142572283744812,0.5213564038276672
YBR221C,YLR446W,0,0.20617779,0.14959217607975006,0.9142572283744812,0.5214564204216003
YDL061C,YBR074W,0,0.20545377,0.14956776797771454,0.9142572283744812,0.5215564966201782
YKL062W,YIL030C,0,0.20537268,0.1495433747768402,0.9142572283744812,0.5216565132141113
YDR261C,YHR158C,0,0.20482843,0.14951899647712708,0.9142572283744812,0.5217565298080444
YLR060W,YPR128C,0,0.2046272,0.14949461817741394,0.9142572283744812,0.5218565464019775
YNL240C,YMR106C,0,0.20376588,0.149470254778862,0.9142572283744812,0.5219565629959106
YLR040C,YLR042C,1,0.20345947,0.14960886538028717,0.9152542352676392,0.5219565629959106
YDR416W,YDR518W,0,0.20307547,0.14958448708057404,0.9152542352676392,0.5220566391944885
YML032C,YKL093W,0,0.2027319,0.1495601236820221,0.9152542352676392,0.5221566557884216
YMR012W,YDR264C,0,0.20263727,0.14953576028347015,0.9152542352676392,0.5222566723823547
YOR144C,YIL136W,0,0.20260008,0.1495113968849182,0.9152542352676392,0.5223566889762878
YLR307W,YJR054W,0,0.20251568,0.14948704838752747,0.9152542352676392,0.5224567651748657
YBR148W,YOR380W,0,0.20244889,0.1494627147912979,0.9152542352676392,0.5225567817687988
YNL009W,YDR091C,0,0.2024255,0.14943838119506836,0.9152542352676392,0.5226567983627319
YJL134W,YPR052C,0,0.20220137,0.1494140625,0.9152542352676392,0.522756814956665
YBR096W,YOL151W,0,0.20208724,0.14938974380493164,0.9152542352676392,0.5228568315505981
YLL066C,YJL012C,0,0.20194076,0.14936544001102448,0.9152542352676392,0.522956907749176
YDR462W,YAL060W,0,0.20124893,0.1493411362171173,0.9152542352676392,0.5230569243431091
YML010W,YHR133C,0,0.20121087,0.14931684732437134,0.9152542352676392,0.5231569409370422
YML101C,YPL226W,0,0.20114197,0.14929257333278656,0.9152542352676392,0.5232569575309753
YGL186C,YHR005C,0,0.20112029,0.14926829934120178,0.9152542352676392,0.5233570337295532
YOR219C,YPL177C,0,0.20056154,0.149244025349617,0.9152542352676392,0.5234570503234863
YOR168W,YHR200W,0,0.20027386,0.14921976625919342,0.9152542352676392,0.5235570669174194
YJL102W,YKR063C,0,0.19995205,0.14919550716876984,0.9152542352676392,0.5236570835113525
YLL013C,YLR165C,0,0.1998301,0.14917127788066864,0.9152542352676392,0.5237571001052856
YDR446W,YKR097W,0,0.19897671,0.14914703369140625,0.9152542352676392,0.5238571763038635
YER088C,YGR218W,0,0.19885504,0.14912280440330505,0.9152542352676392,0.5239571928977966
YMR011W,YKL160W,0,0.19788556,0.14909859001636505,0.9152542352676392,0.5240572094917297
YBR152W,YJR106W,0,0.1974684,0.14907437562942505,0.9152542352676392,0.5241572260856628
YIR014W,YGR246C,0,0.19734204,0.14905017614364624,0.9152542352676392,0.5242573022842407
YFR032C-A,YIL111W,0,0.196308,0.14902597665786743,0.9152542352676392,0.5243573188781738
YER046W,YIL121W,0,0.1961959,0.14900179207324982,0.9152542352676392,0.5244573354721069
YJL225C,YOL030W,0,0.19554307,0.1489776074886322,0.9152542352676392,0.52455735206604
YDR376W,YPL089C,0,0.19487993,0.14895343780517578,0.9152542352676392,0.5246573686599731
YDR237W,YFL056C,0,0.19481502,0.14892926812171936,0.9152542352676392,0.524757444858551
YKL096W,YGL139W,0,0.19439746,0.14890511333942413,0.9152542352676392,0.5248574614524841
YNL298W,YHR204W,0,0.19390309,0.1488809585571289,0.9152542352676392,0.5249574780464172
YDL190C,YHR098C,0,0.19352621,0.14885681867599487,0.9152542352676392,0.5250574946403503
YGR168C,YJL024C,0,0.19097044,0.14883267879486084,0.9152542352676392,0.5251575708389282
YFL050C,YGL104C,0,0.19020404,0.148808553814888,0.9152542352676392,0.5252575874328613
YOR358W,YNR003C,0,0.1888228,0.14878444373607635,0.9152542352676392,0.5253576040267944
YPR015C,YER177W,0,0.18749012,0.1487603336572647,0.9152542352676392,0.5254576206207275
YDL048C,YDL146W,0,0.18715848,0.14873622357845306,0.9152542352676392,0.5255576968193054
YBL098W,YMR209C,0,0.18714818,0.1487121284008026,0.9152542352676392,0.5256577134132385
YJL029C,YBR286W,0,0.18713844,0.14868804812431335,0.9152542352676392,0.5257577300071716
YOR185C,YKR067W,0,0.18708235,0.1486639678478241,0.9152542352676392,0.5258577466011047
YIL073C,YMR322C,0,0.18703406,0.14863990247249603,0.9152542352676392,0.5259577631950378
YOL023W,YGR135W,0,0.18699776,0.14861583709716797,0.9152542352676392,0.5260578393936157
YKL151C,YPL186C,0,0.18678875,0.1485917717218399,0.9152542352676392,0.5261578559875488
YHL035C,YBL018C,0,0.18671976,0.14856773614883423,0.9152542352676392,0.5262578725814819
YKR080W,YJR055W,0,0.18626383,0.14854368567466736,0.9152542352676392,0.526357889175415
YFR045W,YBL033C,0,0.18608274,0.14851965010166168,0.9152542352676392,0.5264579653739929
YGL082W,YOR014W,0,0.18598606,0.1484956294298172,0.9152542352676392,0.526557981967926
YLR440C,YBL091C-A,0,0.18581133,0.14847160875797272,0.9152542352676392,0.5266579985618591
YJL012C,YPL156C,0,0.18574081,0.14844760298728943,0.9152542352676392,0.5267580151557922
YDL239C,YDR009W,0,0.18570629,0.14842361211776733,0.9152542352676392,0.5268580317497253
YAL024C,YER066W,0,0.18438418,0.14839960634708405,0.9152542352676392,0.5269581079483032
YOR264W,YOR383C,0,0.18419118,0.14837563037872314,0.9152542352676392,0.5270581245422363
YBR146W,YKR061W,0,0.18378638,0.14835165441036224,0.9152542352676392,0.5271581411361694
YBL018C,YDR519W,0,0.1820795,0.14832767844200134,0.9152542352676392,0.5272581577301025
YML010W,YGL222C,0,0.18193157,0.14830371737480164,0.9152542352676392,0.5273582339286804
YDL030W,YOR301W,0,0.18185902,0.14827975630760193,0.9152542352676392,0.5274582505226135
YGL079W,YMR246W,0,0.18144207,0.14825581014156342,0.9152542352676392,0.5275582671165466
YER074W-A,YML102W,0,0.18117574,0.1482318788766861,0.9152542352676392,0.5276582837104797
YBR155W,YPR089W,0,0.18092589,0.14820794761180878,0.9152542352676392,0.5277583003044128
YOR359W,YNL204C,0,0.1807684,0.14818401634693146,0.9152542352676392,0.5278583765029907
YDR131C,YOR022C,0,0.18055594,0.14816009998321533,0.9152542352676392,0.5279583930969238
YDR109C,YOR037W,0,0.17987096,0.1481361985206604,0.9152542352676392,0.5280584096908569
YGL116W,YPR121W,0,0.17961048,0.14811229705810547,0.9152542352676392,0.52815842628479
YNL153C,YNL079C,0,0.17935354,0.14808839559555054,0.9152542352676392,0.5282585024833679
YDR345C,YDR103W,0,0.1789441,0.1480645090341568,0.9152542352676392,0.528358519077301
YDR330W,YPR200C,0,0.17882626,0.14804063737392426,0.9152542352676392,0.5284585356712341
YER155C,YGL175C,0,0.17827584,0.1480167657136917,0.9152542352676392,0.5285585522651672
YDR385W,YPL129W,0,0.17772284,0.14799290895462036,0.9152542352676392,0.5286585688591003
YDR387C,YMR127C,0,0.17713945,0.147969052195549,0.9152542352676392,0.5287586450576782
YOR159C,YNL210W,0,0.17638654,0.14794521033763885,0.9152542352676392,0.5288586616516113
YJR141W,YDR059C,0,0.17638454,0.1479213684797287,0.9152542352676392,0.5289586782455444
YAL010C,YPR164W,0,0.17605321,0.14789754152297974,0.9152542352676392,0.5290586948394775
YHL037C,YDR534C,1,0.1757281,0.14803479611873627,0.9162512421607971,0.5290586948394775
YMR296C,YBR022W,0,0.17562331,0.1480109542608261,0.9162512421607971,0.5291587710380554
YLR315W,YDR177W,0,0.17521934,0.14798711240291595,0.9162512421607971,0.5292587876319885
YOL032W,YLR200W,0,0.17513813,0.147963285446167,0.9162512421607971,0.5293588042259216
YJL174W,YKL096W,1,0.17501412,0.14810045063495636,0.9172482490539551,0.5293588042259216
YMR219W,YOR287C,0,0.1748233,0.1480766087770462,0.9172482490539551,0.5294588208198547
YJR099W,YKL150W,0,0.17474227,0.14805278182029724,0.9172482490539551,0.5295588970184326
YKL157W,YKR013W,1,0.17400359,0.14818985760211945,0.918245255947113,0.5295588970184326
YGR288W,YOL031C,0,0.17291376,0.1481660157442093,0.918245255947113,0.5296589136123657
YBR133C,YDR098C,0,0.17193367,0.14814218878746033,0.918245255947113,0.5297589302062988
YDL236W,YDR372C,0,0.17187531,0.14811836183071136,0.918245255947113,0.5298589468002319
YGR191W,YNR076W,0,0.17176278,0.1480945497751236,0.918245255947113,0.529958963394165
YKL154W,YHL004W,0,0.17080308,0.14807073771953583,0.918245255947113,0.5300590395927429
YPR083W,YEL077C,0,0.17051071,0.14804694056510925,0.918245255947113,0.530159056186676
YCL050C,YDR128W,0,0.16976179,0.14802314341068268,0.918245255947113,0.5302590727806091
YDL161W,YER074W,0,0.16952176,0.1479993611574173,0.918245255947113,0.5303590893745422
YBR111W-A,YER027C,0,0.16940384,0.14797557890415192,0.918245255947113,0.5304591655731201
YDR353W,YKR086W,0,0.16896082,0.14795181155204773,0.918245255947113,0.5305591821670532
YJL134W,YGL160W,0,0.16862637,0.14792804419994354,0.918245255947113,0.5306591987609863
YKR050W,YDR126W,0,0.16788433,0.14790429174900055,0.918245255947113,0.5307592153549194
YMR135C,YIR012W,0,0.16748084,0.14788053929805756,0.918245255947113,0.5308592319488525
YBR283C,YMR201C,0,0.16722791,0.14785680174827576,0.918245255947113,0.5309593081474304
YKL054C,YDL014W,0,0.16716458,0.14783306419849396,0.918245255947113,0.5310593247413635
YML112W,YER028C,0,0.16669868,0.14780934154987335,0.918245255947113,0.5311593413352966
YNR038W,YLR449W,0,0.16631319,0.14778561890125275,0.918245255947113,0.5312593579292297
YBL080C,YMR235C,0,0.16583286,0.14776191115379333,0.918245255947113,0.5313594341278076
YPR106W,YLL022C,0,0.16558187,0.14773820340633392,0.918245255947113,0.5314594507217407
YGL038C,YNL310C,0,0.16549025,0.1477145105600357,0.918245255947113,0.5315594673156738
YLR097C,YHR043C,0,0.1651625,0.14769083261489868,0.918245255947113,0.5316594839096069
YMR058W,YFR009W,0,0.1647648,0.14766715466976166,0.918245255947113,0.53175950050354
YIL169C,YDR144C,1,0.16442679,0.14780378341674805,0.919242262840271,0.53175950050354
YBL054W,YBR083W,0,0.16442497,0.14778009057044983,0.919242262840271,0.5318595767021179
YDL144C,YBR057C,0,0.16435418,0.1477564126253128,0.919242262840271,0.531959593296051
YJR127C,YHR006W,0,0.16401336,0.14773273468017578,0.919242262840271,0.5320596098899841
YBL013W,YOR003W,0,0.16375008,0.14770907163619995,0.919242262840271,0.5321596264839172
YNL014W,YLR052W,0,0.1633952,0.14768540859222412,0.919242262840271,0.5322597026824951
YKR075C,YJL183W,0,0.16335975,0.14766176044940948,0.919242262840271,0.5323597192764282
YNL075W,YJR147W,0,0.16245954,0.14763811230659485,0.919242262840271,0.5324597358703613
YDL137W,YFR014C,0,0.1620308,0.1476144790649414,0.919242262840271,0.5325597524642944
YBL078C,YAR042W,0,0.16174705,0.14759084582328796,0.919242262840271,0.5326597690582275
YLR241W,YKR082W,0,0.16151352,0.14756722748279572,0.919242262840271,0.5327598452568054
YIL041W,YGR239C,0,0.16144043,0.14754360914230347,0.919242262840271,0.5328598618507385
YCR093W,YBR029C,0,0.16126645,0.1475200057029724,0.919242262840271,0.5329598784446716
YLR355C,YOR216C,0,0.16083477,0.14749640226364136,0.919242262840271,0.5330598950386047
YNL272C,YOL152W,0,0.16065332,0.1474728137254715,0.919242262840271,0.5331599712371826
YOR209C,YGL258W,0,0.16057958,0.14744922518730164,0.919242262840271,0.5332599878311157
YOR101W,YOL097C,0,0.16035402,0.14742565155029297,0.919242262840271,0.5333600044250488
YBL027W,YIL009C-A,0,0.16034348,0.1474020779132843,0.919242262840271,0.5334600210189819
YFR031C,YJL108C,0,0.1600991,0.14737851917743683,0.919242262840271,0.5335600972175598
YGR279C,YBR122C,0,0.1594695,0.14735496044158936,0.919242262840271,0.5336601138114929
YOR293W,YPL270W,0,0.15908295,0.14733141660690308,0.919242262840271,0.533760130405426
YDL208W,YMR083W,0,0.15893684,0.1473078727722168,0.919242262840271,0.5338601469993591
YNL099C,YMR295C,0,0.15818429,0.1472843438386917,0.919242262840271,0.5339601635932922
YOR047C,YOR380W,0,0.15753,0.14726081490516663,0.919242262840271,0.5340602397918701
YPR081C,YPL262W,0,0.15750833,0.14723730087280273,0.919242262840271,0.5341602563858032
YBR298C,YPL022W,0,0.15734236,0.14721380174160004,0.919242262840271,0.5342602729797363
YMR263W,YGR105W,0,0.157201,0.14719028770923615,0.919242262840271,0.5343602895736694
YPR041W,YOR344C,0,0.15694435,0.14716680347919464,0.919242262840271,0.5344603657722473
YDR353W,YLR399C,0,0.15680756,0.14714331924915314,0.919242262840271,0.5345603823661804
YDR259C,YPR017C,0,0.15617912,0.14711983501911163,0.919242262840271,0.5346603989601135
YBR181C,YIL093C,0,0.15612392,0.14709636569023132,0.919242262840271,0.5347604155540466
YHR076W,YMR194W,0,0.15601759,0.147072896361351,0.919242262840271,0.5348604321479797
YMR116C,YLR264W,0,0.15588307,0.1470494419336319,0.919242262840271,0.5349605083465576
YOL071W,YOL125W,0,0.15587343,0.14702598750591278,0.919242262840271,0.5350605249404907
YHR104W,YNR008W,0,0.15519331,0.14700254797935486,0.919242262840271,0.5351605415344238
YLR113W,YOR369C,0,0.15488975,0.14697912335395813,0.919242262840271,0.5352605581283569
YDR139C,YHR058C,0,0.15467806,0.1469556838274002,0.919242262840271,0.5353606343269348
YKL024C,YGR235C,0,0.15460603,0.14693227410316467,0.919242262840271,0.5354606509208679
YKR061W,YNL048W,0,0.15447299,0.14690886437892914,0.919242262840271,0.535560667514801
YER167W,YIL101C,0,0.15446505,0.1468854546546936,0.919242262840271,0.5356606841087341
YHR016C,YOR297C,0,0.15414335,0.14686205983161926,0.919242262840271,0.5357607007026672
YIL041W,YDR320C-A,0,0.15388836,0.14683866500854492,0.919242262840271,0.5358607769012451
YLR276C,YDR380W,0,0.15376712,0.14681528508663177,0.919242262840271,0.5359607934951782
YHR170W,YOL051W,0,0.1534821,0.14679190516471863,0.919242262840271,0.5360608100891113
YLL067C,YDL145C,0,0.1534398,0.14676854014396667,0.919242262840271,0.5361608266830444
YDR260C,YAL001C,0,0.15334237,0.14674519002437592,0.919242262840271,0.5362609028816223
YDR277C,YKL218C,0,0.153321,0.14672183990478516,0.919242262840271,0.5363609194755554
YJL183W,YNL121C,0,0.15287314,0.1466984897851944,0.919242262840271,0.5364609360694885
YHR056C,YKL138C,0,0.15249854,0.14667515456676483,0.919242262840271,0.5365609526634216
YNR067C,YHR132C,1,0.15243028,0.1468108743429184,0.920239269733429,0.5365609526634216
YHL032C,YOR090C,0,0.15233047,0.14678753912448883,0.920239269733429,0.5366609692573547
YNL146W,YPL158C,0,0.15196633,0.14676418900489807,0.920239269733429,0.5367610454559326
YML078W,YMR286W,0,0.15156068,0.1467408537864685,0.920239269733429,0.5368610620498657
YML030W,YNL180C,0,0.15150462,0.14671753346920013,0.920239269733429,0.5369610786437988
YHR016C,YOL133W,0,0.15073831,0.14669421315193176,0.920239269733429,0.5370610952377319
YKL167C,YDR084C,0,0.15072805,0.14667090773582458,0.920239269733429,0.5371611714363098
YMR321C,YHR039C,0,0.15054785,0.1466476023197174,0.920239269733429,0.5372611880302429
YLR107W,YBR204C,0,0.15012716,0.14662431180477142,0.920239269733429,0.537361204624176
YJL123C,YBR186W,0,0.14996326,0.14660102128982544,0.920239269733429,0.5374612212181091
YHL008C,YGL115W,0,0.14972012,0.14657773077487946,0.920239269733429,0.537561297416687
YNL322C,YKL164C,1,0.14962508,0.1467132419347763,0.9212362766265869,0.537561297416687
YDL046W,YPL183W-A,0,0.14953594,0.14668995141983032,0.9212362766265869,0.5376613140106201
YPL163C,YMR205C,0,0.14924185,0.14666666090488434,0.9212362766265869,0.5377613306045532
YMR058W,YDR032C,0,0.14922373,0.14664338529109955,0.9212362766265869,0.5378613471984863
YGL057C,YOR262W,0,0.14907257,0.14662012457847595,0.9212362766265869,0.5379613637924194
YBR136W,YFR044C,0,0.14902392,0.14659686386585236,0.9212362766265869,0.5380614399909973
YPR045C,YNL181W,0,0.14773679,0.14657360315322876,0.9212362766265869,0.5381614565849304
YIL013C,YHR153C,0,0.14734162,0.14655035734176636,0.9212362766265869,0.5382614731788635
YJR059W,YMR078C,0,0.14675795,0.14652711153030396,0.9212362766265869,0.5383614897727966
YMR040W,YDR451C,0,0.14666061,0.14650388062000275,0.9212362766265869,0.5384615659713745
YGL157W,YNL181W,0,0.14664824,0.14648066461086273,0.9212362766265869,0.5385615825653076
YJL179W,YCR077C,0,0.14631261,0.14645744860172272,0.9212362766265869,0.5386615991592407
YML059C,YDR488C,0,0.14625971,0.1464342325925827,0.9212362766265869,0.5387616157531738
YBL066C,YGL196W,0,0.14598405,0.14641103148460388,0.9212362766265869,0.5388616323471069
YHR008C,YJR106W,0,0.1458737,0.14638783037662506,0.9212362766265869,0.5389617085456848
YHR056C,YNR050C,0,0.14570464,0.14636464416980743,0.9212362766265869,0.5390617251396179
YOR316C,YDL170W,0,0.14562874,0.1463414579629898,0.9212362766265869,0.539161741733551
YJL206C,YCR083W,0,0.14518453,0.14631828665733337,0.9212362766265869,0.5392617583274841
YJL106W,YIL168W,0,0.1446023,0.14629513025283813,0.9212362766265869,0.539361834526062
YGL040C,YBR275C,0,0.14425565,0.1462719589471817,0.9212362766265869,0.5394618511199951
YIL073C,YMR186W,0,0.1441858,0.14624881744384766,0.9212362766265869,0.5395618677139282
YOL033W,YML130C,0,0.14367203,0.1462256759405136,0.9212362766265869,0.5396618843078613
YBR248C,YER088C,0,0.14354986,0.14620253443717957,0.9212362766265869,0.5397619009017944
YKR097W,YDR164C,0,0.1429485,0.1461794078350067,0.9212362766265869,0.5398619771003723
YLR074C,YBR058C,0,0.14272065,0.14615628123283386,0.9212362766265869,0.5399619936943054
YGL254W,YNL065W,0,0.14216802,0.1461331695318222,0.9212362766265869,0.5400620102882385
YNR028W,YJL106W,0,0.14210773,0.14611005783081055,0.9212362766265869,0.5401620268821716
YJR107W,YKR023W,0,0.14192547,0.14608696103096008,0.9212362766265869,0.5402621030807495
YDL161W,YDL067C,0,0.14152022,0.14606386423110962,0.9212362766265869,0.5403621196746826
YDR085C,YPL177C,0,0.14079843,0.14604078233242035,0.9212362766265869,0.5404621362686157
YDR515W,YPR091C,0,0.14013708,0.14601770043373108,0.9212362766265869,0.5405621528625488
YAR050W,YCL058C,1,0.13997434,0.14615263044834137,0.9222332835197449,0.5405621528625488
YNL148C,YLR299W,0,0.13889249,0.1461295485496521,0.9222332835197449,0.5406621694564819
YKL190W,YLR174W,0,0.13887598,0.14610646665096283,0.9222332835197449,0.5407622456550598
YLR078C,YPR110C,0,0.13815199,0.14608338475227356,0.9222332835197449,0.5408622622489929
YGL125W,YGR053C,0,0.1381439,0.14606031775474548,0.9222332835197449,0.540962278842926
YCR014C,YPR091C,0,0.137383,0.1460372656583786,0.9222332835197449,0.5410622954368591
YLL039C,YHR206W,0,0.13700756,0.14601421356201172,0.9222332835197449,0.541162371635437
YBR172C,YPL252C,0,0.13687067,0.14599116146564484,0.9222332835197449,0.5412623882293701
YGL171W,YNL098C,0,0.1366838,0.14596812427043915,0.9222332835197449,0.5413624048233032
YLR187W,YER056C-A,0,0.13602294,0.14594508707523346,0.9222332835197449,0.5414624214172363
YER089C,YGL195W,0,0.1350969,0.14592206478118896,0.9222332835197449,0.5415624976158142
YAR031W,YIL155C,0,0.13498323,0.14589905738830566,0.9222332835197449,0.5416625142097473
YNL242W,YPL087W,0,0.1348612,0.14587604999542236,0.9222332835197449,0.5417625308036804
YGL183C,YOR267C,0,0.13454449,0.14585304260253906,0.9222332835197449,0.5418625473976135
YNL283C,YOR329C,0,0.13452847,0.14583005011081696,0.9222332835197449,0.5419625639915466
YPL137C,YGL031C,0,0.13449131,0.14580705761909485,0.9222332835197449,0.5420626401901245
YDR023W,YNL302C,0,0.13384019,0.14578408002853394,0.9222332835197449,0.5421626567840576
YBR297W,YNL079C,0,0.1337926,0.14576110243797302,0.9222332835197449,0.5422626733779907
YHR037W,YGR277C,0,0.13369723,0.1457381397485733,0.9222332835197449,0.5423626899719238
YLR044C,YOR174W,0,0.13342908,0.14571519196033478,0.9222332835197449,0.5424627661705017
YGR013W,YOR011W,0,0.13332708,0.14569222927093506,0.9222332835197449,0.5425627827644348
YLL067C,YGL213C,0,0.13298522,0.14566929638385773,0.9222332835197449,0.5426627993583679
YPL280W,YLR453C,0,0.13274257,0.1456463485956192,0.9222332835197449,0.542762815952301
YLR332W,YBL046W,0,0.13196695,0.14562343060970306,0.9222332835197449,0.5428628325462341
YOR294W,YBR152W,0,0.13187772,0.14560049772262573,0.9222332835197449,0.542962908744812
YIL083C,YGR240C,0,0.13077189,0.1455775946378708,0.9222332835197449,0.5430629253387451
YOL109W,YDL120W,0,0.13058499,0.14555467665195465,0.9222332835197449,0.5431629419326782
YLR276C,YPL059W,0,0.13015045,0.1455317735671997,0.9222332835197449,0.5432629585266113
YBR078W,YDL008W,0,0.12974681,0.14550888538360596,0.9222332835197449,0.5433630347251892
YGL230C,YLR175W,0,0.12913801,0.1454859972000122,0.9222332835197449,0.5434630513191223
YCR040W,YCL033C,0,0.12912056,0.14546312391757965,0.9222332835197449,0.5435630679130554
YMR059W,YFL014W,0,0.1285758,0.1454402506351471,0.9222332835197449,0.5436630845069885
YLR240W,YGR277C,0,0.12833291,0.14541739225387573,0.9222332835197449,0.5437631011009216
YPR120C,YKL143W,0,0.12798911,0.14539453387260437,0.9222332835197449,0.5438631772994995
YLL067C,YGR131W,0,0.12795305,0.145371675491333,0.9222332835197449,0.5439631938934326
YLR211C,YCR015C,0,0.12754299,0.14534883201122284,0.9222332835197449,0.5440632104873657
YHR197W,YDR402C,0,0.12749393,0.14532600343227386,0.9222332835197449,0.5441632270812988
YLR120C,YOR099W,0,0.1270912,0.1453031748533249,0.9222332835197449,0.5442633032798767
YDR116C,YNL153C,0,0.12694229,0.14528034627437592,0.9222332835197449,0.5443633198738098
YLR390W-A,YKR102W,1,0.12688883,0.1454145759344101,0.9232302904129028,0.5443633198738098
YFR002W,YJR004C,0,0.1268865,0.14539174735546112,0.9232302904129028,0.5444633364677429
YNR017W,YDR458C,0,0.12588075,0.14536891877651215,0.9232302904129028,0.544563353061676
YGL053W,YLL023C,0,0.1257599,0.14534610509872437,0.9232302904129028,0.5446633696556091
YOR003W,YLL024C,1,0.12518038,0.1454802304506302,0.9242272973060608,0.5446633696556091
YDL179W,YOR026W,0,0.12414585,0.1454574018716812,0.9242272973060608,0.544763445854187
YDR406W,YOL031C,0,0.12333952,0.14543457329273224,0.9242272973060608,0.5448634624481201
YPL159C,YLR105C,0,0.12312387,0.14541175961494446,0.9242272973060608,0.5449634790420532
YCL064C,YER126C,0,0.122771814,0.14538896083831787,0.9242272973060608,0.5450634956359863
YKR095W,YCL030C,0,0.12248865,0.14536616206169128,0.9242272973060608,0.5451635718345642
YOL155C,YOR389W,1,0.12240817,0.14550015330314636,0.9252243041992188,0.5451635718345642
YMR284W,YHR143W-A,0,0.12168281,0.14547735452651978,0.9252243041992188,0.5452635884284973
YDR397C,YLR129W,0,0.120709315,0.145454540848732,0.9252243041992188,0.5453636050224304
YCR065W,YGR094W,0,0.12040816,0.1454317569732666,0.9252243041992188,0.5454636216163635
YLR384C,YFL038C,0,0.11963461,0.14540895819664001,0.9252243041992188,0.5455636978149414
YPR121W,YEL040W,1,0.11953904,0.14554284512996674,0.9262213110923767,0.5455636978149414
YBR301W,YBR093C,1,0.11945768,0.14567668735980988,0.9272183179855347,0.5455636978149414
YAR050W,YJL214W,0,0.11927543,0.1456538736820221,0.9272183179855347,0.5456637144088745
YPL069C,YOR002W,0,0.11901493,0.1456310749053955,0.9272183179855347,0.5457637310028076
YOR032C,YOR076C,0,0.118811265,0.14560826122760773,0.9272183179855347,0.5458637475967407
YLL045C,YNR059W,0,0.118738234,0.14558547735214233,0.9272183179855347,0.5459637641906738
YNL040W,YKR063C,0,0.11840589,0.14556267857551575,0.9272183179855347,0.5460638403892517
YGR009C,YOR291W,0,0.11773865,0.14553990960121155,0.9272183179855347,0.5461638569831848
YLR145W,YGL186C,0,0.11742563,0.14551714062690735,0.9272183179855347,0.5462638735771179
YMR225C,YKR080W,0,0.117416814,0.14549437165260315,0.9272183179855347,0.546363890171051
YNL249C,YLL007C,0,0.11696415,0.14547160267829895,0.9272183179855347,0.5464639663696289
YHR169W,YBR097W,0,0.116954416,0.14544886350631714,0.9272183179855347,0.546563982963562
YOR210W,YEL021W,0,0.116906285,0.14542610943317413,0.9272183179855347,0.5466639995574951
YDR174W,YAR035W,0,0.11641379,0.14540337026119232,0.9272183179855347,0.5467640161514282
YMR004W,YKL086W,0,0.115469396,0.1453806459903717,0.9272183179855347,0.5468640327453613
YGR104C,YHR044C,0,0.11539583,0.1453579217195511,0.9272183179855347,0.5469641089439392
YPL208W,YHL021C,0,0.1145968,0.14533521234989166,0.9272183179855347,0.5470641255378723
YIL106W,YLR253W,0,0.11454667,0.14531250298023224,0.9272183179855347,0.5471641421318054
YGL204C,YHR172W,0,0.11429426,0.14528979361057281,0.9272183179855347,0.5472641587257385
YMR281W,YBR054W,0,0.11395709,0.14526709914207458,0.9272183179855347,0.5473642349243164
YGL206C,YKL156W,0,0.112292126,0.14524441957473755,0.9272183179855347,0.5474642515182495
YDR444W,YML050W,0,0.11206022,0.1452217400074005,0.9272183179855347,0.5475642681121826
YNL196C,YHR136C,0,0.11137918,0.14519906044006348,0.9272183179855347,0.5476642847061157
YDL122W,YOL149W,0,0.110444576,0.14517639577388763,0.9272183179855347,0.5477643013000488
YHR142W,YGL122C,0,0.11019158,0.1451537311077118,0.9272183179855347,0.5478643774986267
YOR153W,YMR077C,0,0.10917154,0.14513108134269714,0.9272183179855347,0.5479643940925598
YDL222C,YPR018W,0,0.1085466,0.1451084464788437,0.9272183179855347,0.5480644106864929
YAR071W,YMR215W,1,0.108422354,0.14524181187152863,0.9282153248786926,0.5480644106864929
YLR422W,YER057C,0,0.10821621,0.14521914720535278,0.9282153248786926,0.548164427280426
YGR178C,YKL006C-A,0,0.108115494,0.14519651234149933,0.9282153248786926,0.5482645034790039
YOR093C,YKL184W,0,0.10758735,0.14517386257648468,0.9282153248786926,0.548364520072937
YNL075W,YDR519W,0,0.10686402,0.14515122771263123,0.9282153248786926,0.5484645366668701
YML071C,YGL012W,0,0.10671456,0.14512860774993896,0.9282153248786926,0.5485645532608032
YOR356W,YKL112W,0,0.10669793,0.1451059877872467,0.9282153248786926,0.5486645698547363
YMR054W,YLL042C,0,0.1063696,0.14508336782455444,0.9282153248786926,0.5487646460533142
YMR209C,YGR206W,0,0.105574384,0.14506076276302338,0.9282153248786926,0.5488646626472473
YMR313C,YLR466W,0,0.10533075,0.1450381726026535,0.9282153248786926,0.5489646792411804
YOR140W,YDL212W,0,0.105329886,0.14501558244228363,0.9282153248786926,0.5490646958351135
YKL156W,YDL220C,0,0.10516566,0.14499299228191376,0.9282153248786926,0.5491647720336914
YBR058C-A,YML127W,0,0.10498974,0.14497041702270508,0.9282153248786926,0.5492647886276245
YKL002W,YHR053C,0,0.104917035,0.1449478417634964,0.9282153248786926,0.5493648052215576
YBR163W,YLR048W,0,0.104066715,0.1449252814054489,0.9282153248786926,0.5494648218154907
YGL201C,YBL042C,0,0.103974596,0.14490272104740143,0.9282153248786926,0.5495648980140686
YDR222W,YGR105W,0,0.10383707,0.14488017559051514,0.9282153248786926,0.5496649146080017
YLR343W,YPL101W,0,0.10345572,0.14485763013362885,0.9282153248786926,0.5497649312019348
YGR285C,YNR060W,0,0.10327096,0.14483509957790375,0.9282153248786926,0.5498649477958679
YMR088C,YDR448W,0,0.103234276,0.14481256902217865,0.9282153248786926,0.549964964389801
YGR049W,YOR037W,0,0.10276823,0.14479005336761475,0.9282153248786926,0.5500650405883789
YGL258W,YHR178W,0,0.102430984,0.14476753771305084,0.9282153248786926,0.550165057182312
YOR154W,YOR210W,0,0.10231105,0.14474502205848694,0.9282153248786926,0.5502650737762451
YMR101C,YBL101C,0,0.10207529,0.14472252130508423,0.9282153248786926,0.5503650903701782
YLR388W,YBR104W,0,0.10193376,0.1447000354528427,0.9282153248786926,0.5504651665687561
YDR254W,YBR269C,0,0.10171069,0.1446775496006012,0.9282153248786926,0.5505651831626892
YNL192W,YGR156W,0,0.10153283,0.14465506374835968,0.9282153248786926,0.5506651997566223
YOR250C,YER190W,0,0.10150263,0.14463259279727936,0.9282153248786926,0.5507652163505554
YCL005W,YHR020W,0,0.10120885,0.14461012184619904,0.9282153248786926,0.5508652329444885
YPL271W,YOL009C,0,0.100986004,0.1445876657962799,0.9282153248786926,0.5509653091430664
YHL023C,YGR061C,0,0.100764945,0.14456522464752197,0.9282153248786926,0.5510653257369995
YCR089W,YBR162C,1,0.10057649,0.14469802379608154,0.9292123913764954,0.5510653257369995
YFL039C,YEL061C,0,0.10012928,0.14467556774616241,0.9292123913764954,0.5511653423309326
YBR068C,YGR274C,0,0.09919973,0.1446531116962433,0.9292123913764954,0.5512653589248657
YAL017W,YNR027W,0,0.09901665,0.14463067054748535,0.9292123913764954,0.5513654351234436
YNL236W,YER001W,0,0.09770124,0.14460822939872742,0.9292123913764954,0.5514654517173767
YOR142W,YAL026C,0,0.097649544,0.14458578824996948,0.9292123913764954,0.5515654683113098
YLR408C,YNL126W,0,0.09653145,0.14456336200237274,0.9292123913764954,0.5516654849052429
YFR016C,YOL158C,0,0.096258715,0.144540935754776,0.9292123913764954,0.551765501499176
YGR251W,YLR016C,0,0.095471606,0.14451852440834045,0.9292123913764954,0.5518655776977539
YDR450W,YOL158C,0,0.09381284,0.1444961279630661,0.9292123913764954,0.551965594291687
YNR027W,YHR179W,0,0.0937378,0.14447373151779175,0.9292123913764954,0.5520656108856201
YLR433C,YBL013W,0,0.09317015,0.1444513350725174,0.9292123913764954,0.5521656274795532
YER129W,YHR002W,0,0.093141094,0.14442895352840424,0.9292123913764954,0.5522657036781311
YEL055C,YGL163C,0,0.09264167,0.14440657198429108,0.9292123913764954,0.5523657202720642
YGL170C,YOL018C,0,0.09258555,0.1443842053413391,0.9292123913764954,0.5524657368659973
YER099C,YKL025C,0,0.09244968,0.14436183869838715,0.9292123913764954,0.5525657534599304
YBL087C,YIL016W,0,0.09221895,0.14433947205543518,0.9292123913764954,0.5526657700538635
YNL129W,YOR100C,0,0.09172623,0.1443171203136444,0.9292123913764954,0.5527658462524414
YFL016C,YDR256C,0,0.09162058,0.14429478347301483,0.9292123913764954,0.5528658628463745
YOR014W,YNL210W,0,0.09097351,0.14427244663238525,0.9292123913764954,0.5529658794403076
YDR233C,YER015W,0,0.09082855,0.14425010979175568,0.9292123913764954,0.5530658960342407
YIL068C,YDL063C,0,0.0906883,0.1442277878522873,0.9292123913764954,0.5531659722328186
YLL024C,YAL063C,1,0.08994532,0.14436019957065582,0.9302093982696533,0.5531659722328186
YMR311C,YIL020C,0,0.08989589,0.14433787763118744,0.9302093982696533,0.5532659888267517
YCR073C,YIL062C,0,0.08981222,0.14431554079055786,0.9302093982696533,0.5533660054206848
YDR450W,YNR008W,0,0.089110255,0.14429321885108948,0.9302093982696533,0.5534660220146179
YLR418C,YPL028W,0,0.08862154,0.1442709118127823,0.9302093982696533,0.5535660982131958
YBR060C,YJR137C,0,0.08835371,0.1442486047744751,0.9302093982696533,0.5536661148071289
YKR065C,YPR073C,0,0.08826538,0.1442263126373291,0.9302093982696533,0.553766131401062
YDR267C,YAL063C,0,0.08821,0.1442040205001831,0.9302093982696533,0.5538661479949951
YOR130C,YBR109C,0,0.0881304,0.1441817283630371,0.9302093982696533,0.5539661645889282
YEL016C,YBR287W,0,0.08806063,0.1441594511270523,0.9302093982696533,0.5540662407875061
YML014W,YPL094C,0,0.087093696,0.1441371887922287,0.9302093982696533,0.5541662573814392
YLR223C,YKL160W,0,0.08703731,0.1441149264574051,0.9302093982696533,0.5542662739753723
YCR097W,YGR295C,0,0.08629688,0.14409266412258148,0.9302093982696533,0.5543662905693054
YDL003W,YCL044C,0,0.086227596,0.14407041668891907,0.9302093982696533,0.5544663667678833
YPL031C,YJL002C,0,0.0860856,0.14404816925525665,0.9302093982696533,0.5545663833618164
YOR270C,YBR274W,0,0.08592977,0.14402593672275543,0.9302093982696533,0.5546663999557495
YCL019W,YOR167C,0,0.085863344,0.1440037041902542,0.9302093982696533,0.5547664165496826
YNL173C,YOR140W,0,0.085740864,0.14398148655891418,0.9302093982696533,0.5548664331436157
YDR465C,YOR208W,0,0.0845737,0.14395926892757416,0.9302093982696533,0.5549665093421936
YER089C,YDR079W,0,0.08441134,0.14393705129623413,0.9302093982696533,0.5550665259361267
YNL064C,YIR019C,0,0.084387094,0.1439148485660553,0.9302093982696533,0.5551665425300598
YBR084W,YOR260W,0,0.084248275,0.14389266073703766,0.9302093982696533,0.5552665591239929
YML063W,YLR114C,0,0.08417661,0.14387047290802002,0.9302093982696533,0.5553666353225708
YNL280C,YDR057W,0,0.08397736,0.14384828507900238,0.9302093982696533,0.5554666519165039
YPR175W,YHR079C-A,0,0.083760515,0.14382611215114594,0.9302093982696533,0.555566668510437
YNL204C,YHR077C,0,0.08330366,0.1438039392232895,0.9302093982696533,0.5556666851043701
YPR005C,YGL135W,0,0.083207995,0.14378178119659424,0.9302093982696533,0.5557667016983032
YIR031C,YOL031C,0,0.08270565,0.143759623169899,0.9302093982696533,0.5558667778968811
YLL051C,YDR266C,0,0.081874385,0.14373748004436493,0.9302093982696533,0.5559667944908142
YCR084C,YJL096W,0,0.08153577,0.14371533691883087,0.9302093982696533,0.5560668110847473
YBR283C,YLR044C,0,0.08147316,0.143693208694458,0.9302093982696533,0.5561668276786804
YOL040C,YLL040C,0,0.0812832,0.14367108047008514,0.9302093982696533,0.5562669038772583
YGR081C,YMR014W,0,0.081046626,0.14364896714687347,0.9302093982696533,0.5563669204711914
YBR131W,YJR105W,0,0.08104321,0.1436268538236618,0.9302093982696533,0.5564669370651245
YOL109W,YDR233C,0,0.08082236,0.14360474050045013,0.9302093982696533,0.5565669536590576
YGL108C,YBR133C,0,0.08062486,0.14358264207839966,0.9302093982696533,0.5566670298576355
YAR020C,YEL030W,0,0.07995249,0.14356054365634918,0.9302093982696533,0.5567670464515686
YGL116W,YJL164C,0,0.07995041,0.1435384601354599,0.9302093982696533,0.5568670630455017
YER088C,YGR108W,0,0.07946483,0.14351637661457062,0.9302093982696533,0.5569670796394348
YKL074C,YDR282C,0,0.07940358,0.14349430799484253,0.9302093982696533,0.5570670962333679
YFL010W-A,YJL059W,0,0.07938154,0.14347223937511444,0.9302093982696533,0.5571671724319458
YMR054W,YFL061W,0,0.07927932,0.14345018565654755,0.9302093982696533,0.5572671890258789
YGR227W,YML029W,0,0.07836595,0.14342813193798065,0.9302093982696533,0.557367205619812
YGL215W,YOL010W,0,0.07819971,0.14340609312057495,0.9302093982696533,0.5574672222137451
YER185W,YGR274C,0,0.076640464,0.14338405430316925,0.9302093982696533,0.557567298412323
YLR116W,YBL032W,0,0.07627804,0.14336201548576355,0.9302093982696533,0.5576673150062561
YOR247W,YLR155C,1,0.07581727,0.1434936225414276,0.9312064051628113,0.5576673150062561
YCR037C,YGR065C,0,0.07527058,0.1434715837240219,0.9312064051628113,0.5577673316001892
YDL149W,YDR517W,0,0.07514781,0.1434495449066162,0.9312064051628113,0.5578673481941223
YNL172W,YHR171W,0,0.07511221,0.1434275209903717,0.9312064051628113,0.5579673647880554
YIR017C,YDR079W,0,0.074936494,0.1434054970741272,0.9312064051628113,0.5580674409866333
YDL078C,YBR280C,0,0.07478908,0.14338348805904388,0.9312064051628113,0.5581674575805664
YPR070W,YJR105W,0,0.07435371,0.14336147904396057,0.9312064051628113,0.5582674741744995
YOR168W,YHL001W,0,0.07329731,0.14333947002887726,0.9312064051628113,0.5583674907684326
YLR179C,YOR134W,0,0.07285483,0.14331747591495514,0.9312064051628113,0.5584675669670105
YFL038C,YDL107W,0,0.07201105,0.1432954967021942,0.9312064051628113,0.5585675835609436
YNL175C,YLR221C,0,0.07145081,0.1432735025882721,0.9312064051628113,0.5586676001548767
YER074W,YMR042W,0,0.07142697,0.14325153827667236,0.9312064051628113,0.5587676167488098
YHR207C,YKL221W,0,0.07122885,0.14322955906391144,0.9312064051628113,0.5588676333427429
YNL218W,YPR013C,0,0.07121326,0.1432076096534729,0.9312064051628113,0.5589677095413208
YDR069C,YCL033C,0,0.07108767,0.14318564534187317,0.9312064051628113,0.5590677261352539
YLR183C,YLL002W,0,0.070924625,0.14316369593143463,0.9312064051628113,0.559167742729187
YLR401C,YGL030W,0,0.070814446,0.1431417614221573,0.9312064051628113,0.5592677593231201
YOR384W,YEL030W,0,0.07069002,0.14311982691287994,0.9312064051628113,0.559367835521698
YGL209W,YEL059C-A,0,0.07018192,0.1430979073047638,0.9312064051628113,0.5594678521156311
YDR315C,YLR054C,0,0.0698168,0.14307598769664764,0.9312064051628113,0.5595678687095642
YMR194W,YKL049C,0,0.06909998,0.1430540680885315,0.9312064051628113,0.5596678853034973
YLR452C,YEL004W,0,0.06860438,0.14303216338157654,0.9312064051628113,0.5597679018974304
YDR361C,YER154W,0,0.06775336,0.14301025867462158,0.9312064051628113,0.5598679780960083
YFL034C-A,YIL037C,0,0.0674236,0.14298836886882782,0.9312064051628113,0.5599679946899414
YKR065C,YHR194W,0,0.06718808,0.14296647906303406,0.9312064051628113,0.5600680112838745
YLR337C,YGL082W,0,0.06699942,0.1429446041584015,0.9312064051628113,0.5601680278778076
YPR138C,YHR010W,0,0.066531554,0.14292272925376892,0.9312064051628113,0.5602681040763855
YPL076W,YKL221W,0,0.06581707,0.14290085434913635,0.9312064051628113,0.5603681206703186
YLR409C,YOR341W,0,0.065412834,0.14287899434566498,0.9312064051628113,0.5604681372642517
YLL024C,YAR050W,1,0.06532417,0.14301009476184845,0.9322034120559692,0.5604681372642517
YIL149C,YGL148W,0,0.06529237,0.14298821985721588,0.9322034120559692,0.5605681538581848
YNL286W,YPL012W,0,0.06499772,0.1429663598537445,0.9322034120559692,0.5606682300567627
YNR003C,YLR074C,0,0.06478286,0.14294449985027313,0.9322034120559692,0.5607682466506958
YDR359C,YGR085C,0,0.06409322,0.14292265474796295,0.9322034120559692,0.5608682632446289
YER167W,YNL022C,0,0.06380214,0.14290080964565277,0.9322034120559692,0.560968279838562
YOR095C,YNR013C,0,0.06368396,0.14287897944450378,0.9322034120559692,0.5610682964324951
YMR284W,YGR155W,0,0.06364405,0.1428571492433548,0.9322034120559692,0.561168372631073
YFR045W,YLR436C,0,0.06356217,0.1428353190422058,0.9322034120559692,0.5612683892250061
YHR001W-A,YPR104C,0,0.06343095,0.14281350374221802,0.9322034120559692,0.5613684058189392
YOR210W,YGL189C,0,0.06302567,0.14279168844223022,0.9322034120559692,0.5614684224128723
YLR206W,YDR365C,0,0.06287226,0.14276988804340363,0.9322034120559692,0.5615684986114502
YPR193C,YBL089W,0,0.06261729,0.14274808764457703,0.9322034120559692,0.5616685152053833
YPR105C,YHL017W,0,0.06257583,0.14272630214691162,0.9322034120559692,0.5617685317993164
YNR002C,YDL144C,0,0.06254482,0.14270451664924622,0.9322034120559692,0.5618685483932495
YOR373W,YHR065C,0,0.062127158,0.142682746052742,0.9322034120559692,0.5619685649871826
YPR072W,YIL053W,0,0.06211652,0.1426609754562378,0.9322034120559692,0.5620686411857605
YOL013C,YBL002W,0,0.061910212,0.14263920485973358,0.9322034120559692,0.5621686577796936
YDR540C,YOL010W,0,0.06187594,0.14261744916439056,0.9322034120559692,0.5622686743736267
YPL128C,YEL021W,0,0.0613731,0.14259569346904755,0.9322034120559692,0.5623686909675598
YBR020W,YLR035C,0,0.060661003,0.14257395267486572,0.9322034120559692,0.5624687671661377
YDR281C,YBR073W,0,0.060351714,0.1425522118806839,0.9322034120559692,0.5625687837600708
YDR315C,YOL057W,0,0.059843495,0.14253048598766327,0.9322034120559692,0.5626688003540039
YGL228W,YDR038C,0,0.059567466,0.14250876009464264,0.9322034120559692,0.562768816947937
YKR079C,YJL221C,0,0.059112385,0.1424870491027832,0.9322034120559692,0.5628688335418701
YFL055W,YHR156C,0,0.05808802,0.14246533811092377,0.9322034120559692,0.562968909740448
YIL075C,YMR173W,0,0.057569757,0.14244362711906433,0.9322034120559692,0.5630689263343811
YCR023C,YFL036W,0,0.057339773,0.1424219310283661,0.9322034120559692,0.5631689429283142
YMR236W,YCL027W,0,0.057231054,0.14240024983882904,0.9322034120559692,0.5632689595222473
YOL048C,YGL059W,0,0.057035223,0.1423785537481308,0.9322034120559692,0.5633690357208252
YCR023C,YBR254C,0,0.05674836,0.14235688745975494,0.9322034120559692,0.5634690523147583
YPL046C,YJL200C,0,0.056322977,0.1423352062702179,0.9322034120559692,0.5635690689086914
YPL005W,YMR231W,0,0.056125537,0.14231353998184204,0.9322034120559692,0.5636690855026245
YLL016W,YOR287C,0,0.056055494,0.14229188859462738,0.9322034120559692,0.5637691020965576
YFL048C,YKL119C,0,0.055769384,0.14227023720741272,0.9322034120559692,0.5638691782951355
YFR034C,YBR015C,0,0.05573994,0.14224858582019806,0.9322034120559692,0.5639691948890686
YJL196C,YBR160W,0,0.05570191,0.1422269493341446,0.9322034120559692,0.5640692114830017
YHR056C,YDL192W,0,0.05536726,0.14220532774925232,0.9322034120559692,0.5641692280769348
YDR164C,YLL045C,0,0.05469574,0.14218369126319885,0.9322034120559692,0.5642693042755127
YDL130W,YJL012C,0,0.054481998,0.14216208457946777,0.9322034120559692,0.5643693208694458
YGR282C,YGR014W,1,0.053872064,0.14229248464107513,0.9332004189491272,0.5643693208694458
YDR293C,YGL037C,0,0.053243637,0.14227086305618286,0.9332004189491272,0.5644693374633789
YIL155C,YPR091C,0,0.052784547,0.1422492414712906,0.9332004189491272,0.564569354057312
YLR312W-A,YDL029W,0,0.05259744,0.14222761988639832,0.9332004189491272,0.5646694302558899
YHR133C,YGL197W,0,0.051980093,0.14220601320266724,0.9332004189491272,0.564769446849823
YLR407W,YGR078C,0,0.051742718,0.14218442142009735,0.9332004189491272,0.5648694634437561
YGR136W,YPL175W,0,0.051720485,0.14216281473636627,0.9332004189491272,0.5649694800376892
YKR091W,YKL127W,0,0.050923184,0.1421412229537964,0.9332004189491272,0.5650694966316223
YDR224C,YHL003C,0,0.050787084,0.1421196460723877,0.9332004189491272,0.5651695728302002
YDR224C,YBR020W,0,0.050173447,0.142098069190979,0.9332004189491272,0.5652695894241333
YIL011W,YJR151C,1,0.049859777,0.14222829043865204,0.9341974258422852,0.5652695894241333
YGL179C,YBR154C,0,0.04971409,0.14220671355724335,0.9341974258422852,0.5653696060180664
YBR111W-A,YDR473C,0,0.049551487,0.14218512177467346,0.9341974258422852,0.5654696226119995
YGR157W,YGR271C-A,0,0.049531415,0.14216355979442596,0.9341974258422852,0.5655696988105774
YIL018W,YOR023C,0,0.04896169,0.14214198291301727,0.9341974258422852,0.5656697154045105
YAR010C,YIL127C,0,0.04894477,0.14212043583393097,0.9341974258422852,0.5657697319984436
YER065C,YCL058C,1,0.04870771,0.14225053787231445,0.9351944327354431,0.5657697319984436
YOL089C,YHR096C,0,0.048688784,0.14222896099090576,0.9351944327354431,0.5658697485923767
YOL072W,YCR028C-A,0,0.048380166,0.14220739901065826,0.9351944327354431,0.5659697651863098
YBR025C,YIL126W,0,0.048346817,0.14218583703041077,0.9351944327354431,0.5660698413848877
YHR052W,YLR289W,0,0.048165694,0.14216428995132446,0.9351944327354431,0.5661698579788208
YPL040C,YGL256W,0,0.048040777,0.14214274287223816,0.9351944327354431,0.5662698745727539
YGL056C,YDR504C,0,0.04694359,0.14212121069431305,0.9351944327354431,0.566369891166687
YNL156C,YOR301W,0,0.046941802,0.14209967851638794,0.9351944327354431,0.5664699673652649
YNL026W,YPL252C,0,0.04642637,0.14207816123962402,0.9351944327354431,0.566569983959198
YFL034C-A,YKR034W,0,0.04595822,0.1420566439628601,0.9351944327354431,0.5666700005531311
YER007W,YAL056W,0,0.045649186,0.1420351266860962,0.9351944327354431,0.5667700171470642
YDR028C,YGL040C,0,0.04560034,0.14201362431049347,0.9351944327354431,0.5668700337409973
YDR244W,YDL019C,0,0.04530032,0.14199212193489075,0.9351944327354431,0.5669701099395752
YOR374W,YPR137C-B,0,0.04509782,0.14197063446044922,0.9351944327354431,0.5670701265335083
YNL256W,YDR182W,0,0.043649837,0.1419491469860077,0.9351944327354431,0.5671701431274414
YML023C,YHR043C,0,0.043567732,0.14192767441272736,0.9351944327354431,0.5672701597213745
YPL012W,YBR246W,0,0.04355055,0.14190620183944702,0.9351944327354431,0.5673702359199524
YHL032C,YLR392C,0,0.043194897,0.14188474416732788,0.9351944327354431,0.5674702525138855
YDL017W,YFR019W,0,0.04291454,0.14186327159404755,0.9351944327354431,0.5675702691078186
YAL048C,YLR386W,0,0.04289724,0.1418418288230896,0.9351944327354431,0.5676702857017517
YCR043C,YGL220W,0,0.04259263,0.14182038605213165,0.9351944327354431,0.5677703022956848
YCL001W,YJR016C,0,0.042287096,0.1417989432811737,0.9351944327354431,0.5678703784942627
YLR286C,YGR208W,0,0.041783527,0.14177751541137695,0.9351944327354431,0.5679703950881958
YKL042W,YLR330W,0,0.041703023,0.1417560875415802,0.9351944327354431,0.5680704116821289
YOR233W,YER185W,0,0.041162297,0.14173465967178345,0.9351944327354431,0.568170428276062
YLR153C,YDR448W,0,0.040535107,0.1417132467031479,0.9351944327354431,0.5682705044746399
YKL135C,YGL186C,0,0.040366277,0.14169184863567352,0.9351944327354431,0.568370521068573
YGR135W,YGL058W,0,0.040178984,0.14167043566703796,0.9351944327354431,0.5684705376625061
YJR031C,YER154W,0,0.03967137,0.1416490525007248,0.9351944327354431,0.5685705542564392
YOR044W,YKL082C,0,0.039367296,0.14162765443325043,0.9351944327354431,0.5686706304550171
YKL038W,YCR072C,0,0.03916262,0.14160628616809845,0.9351944327354431,0.5687706470489502
YIL039W,YBR111W-A,0,0.03910031,0.14158490300178528,0.9351944327354431,0.5688706636428833
YBR050C,YOR109W,0,0.039035246,0.1415635347366333,0.9351944327354431,0.5689706802368164
YDR512C,YLR393W,0,0.038511634,0.14154218137264252,0.9351944327354431,0.5690706968307495
YBR058C,YGR187C,0,0.038491577,0.14152082800865173,0.9351944327354431,0.5691707730293274
YHR184W,YDR480W,0,0.03837733,0.14149947464466095,0.9351944327354431,0.5692707896232605
YGR101W,YKL190W,0,0.038211837,0.14147813618183136,0.9351944327354431,0.5693708062171936
YOR320C,YJR054W,0,0.038110927,0.14145679771900177,0.9351944327354431,0.5694708228111267
YKL116C,YER164W,0,0.03767161,0.14143545925617218,0.9351944327354431,0.5695708990097046
YBL098W,YLL002W,0,0.036955252,0.14141413569450378,0.9351944327354431,0.5696709156036377
YOL019W,YKR043C,0,0.036899477,0.14139282703399658,0.9351944327354431,0.5697709321975708
YBL072C,YJL154C,0,0.03633471,0.14137151837348938,0.9351944327354431,0.5698709487915039
YIL155C,YKR017C,0,0.036150195,0.14135020971298218,0.9351944327354431,0.569970965385437
YEL048C,YOL105C,0,0.036142364,0.14132891595363617,0.9351944327354431,0.5700710415840149
YDR261C,YHL004W,0,0.03612356,0.14130762219429016,0.9351944327354431,0.570171058177948
YJL134W,YDR184C,0,0.03609264,0.14128634333610535,0.9351944327354431,0.5702710747718811
YMR233W,YPR049C,0,0.03597699,0.14126506447792053,0.9351944327354431,0.5703710913658142
YPL259C,YFL001W,0,0.035815343,0.14124378561973572,0.9351944327354431,0.5704711675643921
YHL048W,YKL101W,0,0.03511639,0.1412225216627121,0.9351944327354431,0.5705711841583252
YMR145C,YNR010W,0,0.03465808,0.14120125770568848,0.9351944327354431,0.5706712007522583
YDR446W,YHL048W,0,0.034560844,0.14118000864982605,0.9351944327354431,0.5707712173461914
YMR006C,YJL158C,1,0.034545437,0.14130926132202148,0.9361914396286011,0.5707712173461914
YOL020W,YOR270C,0,0.03369493,0.14128799736499786,0.9361914396286011,0.5708712339401245
YDR415C,YDR324C,0,0.033364877,0.14126673340797424,0.9361914396286011,0.5709713101387024
YLR130C,YIL114C,0,0.032916963,0.14124548435211182,0.9361914396286011,0.5710713267326355
YFR024C-A,YMR106C,0,0.032842994,0.14122425019741058,0.9361914396286011,0.5711713433265686
YPL206C,YPR134W,0,0.032827653,0.14120300114154816,0.9361914396286011,0.5712713599205017
YEL068C,YMR077C,0,0.03250365,0.14118178188800812,0.9361914396286011,0.5713714361190796
YLR408C,YER149C,0,0.032457873,0.14116054773330688,0.9361914396286011,0.5714714527130127
YKR086W,YOR315W,0,0.032057837,0.14113932847976685,0.9361914396286011,0.5715714693069458
YDR489W,YCR011C,0,0.031914327,0.141118124127388,0.9361914396286011,0.5716714859008789
YJL153C,YHR079C,0,0.03157407,0.14109691977500916,0.9361914396286011,0.571771502494812
YMR164C,YGL204C,0,0.031543687,0.1410757154226303,0.9361914396286011,0.5718715786933899
YPL222W,YCR088W,0,0.031507775,0.14105452597141266,0.9361914396286011,0.571971595287323
YDR176W,YGL120C,0,0.031075211,0.141033336520195,0.9361914396286011,0.5720716118812561
YLR027C,YJL140W,0,0.03104377,0.14101216197013855,0.9361914396286011,0.5721716284751892
YGL254W,YPR009W,0,0.030888507,0.1409909874200821,0.9361914396286011,0.5722717046737671
YFL011W,YHR097C,0,0.030054392,0.14096982777118683,0.9361914396286011,0.5723717212677002
YJL219W,YDR166C,0,0.029959502,0.14094866812229156,0.9361914396286011,0.5724717378616333
YPR119W,YER056C-A,0,0.029624538,0.1409275084733963,0.9361914396286011,0.5725717544555664
YGL056C,YOR003W,0,0.029212909,0.14090636372566223,0.9361914396286011,0.5726718306541443
YDR218C,YDL044C,0,0.028697716,0.14088521897792816,0.9361914396286011,0.5727718472480774
YKL133C,YOL018C,0,0.028582739,0.14086408913135529,0.9361914396286011,0.5728718638420105
YPL134C,YCR086W,0,0.027775439,0.1408429592847824,0.9361914396286011,0.5729718804359436
YMR197C,YGR042W,0,0.027732627,0.14082182943820953,0.9361914396286011,0.5730718970298767
YBR186W,YDR137W,0,0.027374463,0.14080071449279785,0.9361914396286011,0.5731719732284546
YGL183C,YGR289C,0,0.02701533,0.14077961444854736,0.9361914396286011,0.5732719898223877
YOL040C,YMR231W,0,0.026470887,0.14075851440429688,0.9361914396286011,0.5733720064163208
YPL028W,YGL122C,0,0.026244225,0.1407374143600464,0.9361914396286011,0.5734720230102539
YOR196C,YDL085W,0,0.025401192,0.1407163143157959,0.9361914396286011,0.5735720992088318
YHL038C,YOL086C,0,0.025398271,0.1406952291727066,0.9361914396286011,0.5736721158027649
YJL133W,YDR457W,0,0.025175465,0.1406741589307785,0.9361914396286011,0.573772132396698
YMR169C,YLR382C,0,0.024759145,0.1406530886888504,0.9361914396286011,0.5738721489906311
YMR040W,YIL153W,0,0.024755733,0.1406320184469223,0.9361914396286011,0.5739721655845642
YCR077C,YIR031C,0,0.02461751,0.1406109631061554,0.9361914396286011,0.5740722417831421
YMR106C,YOL056W,0,0.02374597,0.1405899077653885,0.9361914396286011,0.5741722583770752
YEL018W,YOR168W,0,0.023118498,0.14056886732578278,0.9361914396286011,0.5742722749710083
YNL334C,YOR030W,0,0.023081915,0.14054782688617706,0.9361914396286011,0.5743722915649414
YPL023C,YPR035W,0,0.023014622,0.14052678644657135,0.9361914396286011,0.5744723677635193
YOR046C,YGR094W,0,0.021176847,0.14050576090812683,0.9361914396286011,0.5745723843574524
YHR052W,YDR320C-A,0,0.020992601,0.1404847353696823,0.9361914396286011,0.5746724009513855
YFL016C,YHL002W,0,0.02000104,0.140463724732399,0.9361914396286011,0.5747724175453186
YMR224C,YDR380W,0,0.019752191,0.14044271409511566,0.9361914396286011,0.5748724341392517
YNL308C,YNR006W,0,0.01895606,0.14042171835899353,0.9361914396286011,0.5749725103378296
YPL118W,YOR384W,0,0.018771866,0.1404007226228714,0.9361914396286011,0.5750725269317627
YDL235C,YLR006C,0,0.01874517,0.14037972688674927,0.9361914396286011,0.5751725435256958
YKR100C,YPL226W,0,0.01836981,0.14035874605178833,0.9361914396286011,0.5752725601196289
YBR271W,YCR105W,0,0.018163653,0.1403377652168274,0.9361914396286011,0.5753726363182068
YNL049C,YNL139C,0,0.017948406,0.14031679928302765,0.9361914396286011,0.5754726529121399
YER004W,YNR070W,0,0.017608525,0.1402958333492279,0.9361914396286011,0.575572669506073
YLR130C,YHR191C,0,0.017246919,0.14027486741542816,0.9361914396286011,0.5756726861000061
YBR192W,YOL097C,0,0.016970636,0.1402539163827896,0.9361914396286011,0.5757727026939392
YNL248C,YPR200C,0,0.016531484,0.14023298025131226,0.9361914396286011,0.5758727788925171
YER170W,YLL012W,0,0.016035968,0.1402120292186737,0.9361914396286011,0.5759727954864502
YOR137C,YIL070C,0,0.015640723,0.14019110798835754,0.9361914396286011,0.5760728120803833
YBR070C,YNR050C,0,0.015636222,0.1401701718568802,0.9361914396286011,0.5761728286743164
YNR009W,YPL053C,0,0.014900895,0.14014925062656403,0.9361914396286011,0.5762729048728943
YNR072W,YHL006C,0,0.0146762,0.14012834429740906,0.9361914396286011,0.5763729214668274
YLR187W,YPL234C,0,0.014560865,0.1401074379682541,0.9361914396286011,0.5764729380607605
YHR193C,YDL109C,0,0.014429497,0.14008653163909912,0.9361914396286011,0.5765729546546936
YDR055W,YNL172W,0,0.013956191,0.14006562530994415,0.9361914396286011,0.5766730308532715
YDR165W,YOL165C,0,0.013666483,0.14004474878311157,0.9361914396286011,0.5767730474472046
YBR162C,YNL322C,1,0.0136315245,0.14017297327518463,0.937188446521759,0.5767730474472046
YFR034C,YLR441C,0,0.013580756,0.14015208184719086,0.937188446521759,0.5768730640411377
YJL130C,YDR086C,0,0.013440119,0.14013119041919708,0.937188446521759,0.5769730806350708
YIR037W,YDR122W,0,0.013268011,0.1401102989912033,0.937188446521759,0.5770730972290039
YOR179C,YJR074W,0,0.013249891,0.14008942246437073,0.937188446521759,0.5771731734275818
YBR245C,YPL094C,0,0.013190316,0.14006854593753815,0.937188446521759,0.5772731900215149
YDR268W,YBL064C,0,0.012874642,0.14004766941070557,0.937188446521759,0.577373206615448
YPL256C,YJL154C,0,0.012822406,0.14002680778503418,0.937188446521759,0.5774732232093811
YJR133W,YOR176W,0,0.012455197,0.140005961060524,0.937188446521759,0.577573299407959
YJL085W,YKR053C,0,0.01187049,0.1399851143360138,0.937188446521759,0.5776733160018921
YJL052W,YGR187C,0,0.011491613,0.1399642676115036,0.937188446521759,0.5777733325958252
YPL243W,YBL016W,0,0.011185141,0.1399434208869934,0.937188446521759,0.5778733491897583
YDL201W,YOL152W,0,0.010855639,0.1399225890636444,0.937188446521759,0.5779733657836914
YKL084W,YGR088W,0,0.010728063,0.1399017721414566,0.937188446521759,0.5780734419822693
YOR161C,YBR059C,0,0.010678666,0.1398809552192688,0.937188446521759,0.5781734585762024
YHL020C,YIL073C,0,0.010364132,0.139860138297081,0.937188446521759,0.5782734751701355
YBR199W,YHR070W,0,0.010081412,0.13983933627605438,0.937188446521759,0.5783734917640686
YCL047C,YLR417W,0,0.009732651,0.13981853425502777,0.937188446521759,0.5784735679626465
YPL086C,YGR096W,0,0.00888397,0.13979773223400116,0.937188446521759,0.5785735845565796
YJL004C,YJR135W-A,0,0.008478956,0.13977694511413574,0.937188446521759,0.5786736011505127
YGR071C,YIL118W,0,0.007701384,0.13975617289543152,0.937188446521759,0.5787736177444458
YDL149W,YDR176W,0,0.0060910005,0.1397354006767273,0.937188446521759,0.5788736343383789
YLR004C,YNR048W,0,0.005418526,0.13971462845802307,0.937188446521759,0.5789737105369568
YIL019W,YLR139C,0,0.0052492637,0.13969385623931885,0.937188446521759,0.5790737271308899
YBL076C,YGR252W,0,0.0052318443,0.13967309892177582,0.937188446521759,0.579173743724823
YLL034C,YKR058W,0,0.005071299,0.13965235650539398,0.937188446521759,0.5792737603187561
YAL034C,YHR070W,0,0.0041927565,0.13963161408901215,0.937188446521759,0.579373836517334
YMR110C,YDR311W,0,0.004068272,0.1396108716726303,0.937188446521759,0.5794738531112671
YDL105W,YIL015W,0,0.0038303004,0.13959014415740967,0.937188446521759,0.5795738697052002
YLR110C,YBR067C,1,0.0038275437,0.13971789181232452,0.938185453414917,0.5795738697052002
YNL117W,YHR203C,0,0.003644334,0.1396971493959427,0.938185453414917,0.5796738862991333
YOR338W,YBL079W,0,0.0030733512,0.13967640697956085,0.938185453414917,0.5797739028930664
YJR059W,YOR312C,0,0.0029423253,0.1396556794643402,0.938185453414917,0.5798739790916443
YIL075C,YLR452C,0,0.0023885833,0.13963496685028076,0.938185453414917,0.5799739956855774
YLR401C,YLR305C,0,0.0021971331,0.13961423933506012,0.938185453414917,0.5800740122795105
YDR364C,YGR256W,0,0.002033131,0.13959352672100067,0.938185453414917,0.5801740288734436
YDR087C,YFL049W,0,0.0018768774,0.13957282900810242,0.938185453414917,0.5802741050720215
YDL049C,YHR005C-A,0,0.0015764402,0.13955213129520416,0.938185453414917,0.5803741216659546
YFR010W,YKL143W,0,0.0011566447,0.1395314335823059,0.938185453414917,0.5804741382598877
YJL155C,YCR079W,0,0.0010035799,0.13951075077056885,0.938185453414917,0.5805741548538208
YJL099W,YDR270W,0,0.0009315924,0.1394900679588318,0.938185453414917,0.5806742310523987
YNL009W,YDR529C,0,0.00054070516,0.13946940004825592,0.938185453414917,0.5807742476463318
YOR219C,YOR104W,0,0.00044535263,0.13944873213768005,0.938185453414917,0.5808742642402649
YBL093C,YHR199C,0,0.00019861921,0.1394280642271042,0.938185453414917,0.580974280834198
YKL125W,YDR517W,0,0.000112594804,0.13940741121768951,0.938185453414917,0.5810742974281311
YFL034C-A,YDR137W,0,-0.00032332377,0.13938675820827484,0.938185453414917,0.581174373626709
YDR144C,YIL123W,1,-0.0014953448,0.13951422274112701,0.939182460308075,0.581174373626709
YHR117W,YBR148W,0,-0.0019800796,0.13949355483055115,0.939182460308075,0.5812743902206421
YOR175C,YDR089W,0,-0.0021884574,0.13947290182113647,0.939182460308075,0.5813744068145752
YOR247W,YMR305C,1,-0.0026428385,0.13960029184818268,0.9401794672012329,0.5813744068145752
YOR337W,YBL018C,0,-0.0030724986,0.139579638838768,0.9401794672012329,0.5814744234085083
YDR138W,YER088C,0,-0.0038097037,0.13955897092819214,0.9401794672012329,0.5815744996070862
YGR004W,YOR254C,0,-0.003938077,0.13953831791877747,0.9401794672012329,0.5816745162010193
YCL052C,YPR191W,0,-0.0041080546,0.139517679810524,0.9401794672012329,0.5817745327949524
YOR039W,YDR125C,0,-0.005800737,0.1394970417022705,0.9401794672012329,0.5818745493888855
YHR132C,YAL063C,1,-0.006017877,0.13962431252002716,0.9411764740943909,0.5818745493888855
YCR026C,YNL176C,0,-0.006047217,0.13960367441177368,0.9411764740943909,0.5819745659828186
YGL116W,YER159C,0,-0.00608225,0.139583021402359,0.9411764740943909,0.5820746421813965
YNL323W,YBR141C,0,-0.006121872,0.13956238329410553,0.9411764740943909,0.5821746587753296
YNL115C,YDL155W,0,-0.006164206,0.13954176008701324,0.9411764740943909,0.5822746753692627
YBR058C-A,YER051W,0,-0.0062043164,0.13952113687992096,0.9411764740943909,0.5823746919631958
YKL129C,YJL130C,0,-0.006512357,0.13950051367282867,0.9411764740943909,0.5824747681617737
YBR058C-A,YHR168W,0,-0.0067133587,0.13947990536689758,0.9411764740943909,0.5825747847557068
YOR060C,YBR132C,0,-0.006725168,0.1394592970609665,0.9411764740943909,0.5826748013496399
YLR276C,YPL243W,0,-0.006858034,0.1394387036561966,0.9411764740943909,0.582774817943573
YDL054C,YHR178W,0,-0.0074755233,0.1394181102514267,0.9411764740943909,0.5828748345375061
YOL146W,YKL093W,0,-0.008272214,0.1393975168466568,0.9411764740943909,0.582974910736084
YJL117W,YOR045W,0,-0.008432103,0.1393769383430481,0.9411764740943909,0.5830749273300171
YAL025C,YOL049W,0,-0.008588655,0.1393563598394394,0.9411764740943909,0.5831749439239502
YBR222C,YOL059W,0,-0.008917345,0.13933579623699188,0.9411764740943909,0.5832749605178833
YBR160W,YJR161C,0,-0.009394331,0.13931523263454437,0.9411764740943909,0.5833750367164612
YDR218C,YMR296C,0,-0.009804813,0.13929466903209686,0.9411764740943909,0.5834750533103943
YAL038W,YGR133W,0,-0.010636581,0.13927412033081055,0.9411764740943909,0.5835750699043274
YOL124C,YKR079C,0,-0.011253713,0.13925357162952423,0.9411764740943909,0.5836750864982605
YNR019W,YLR095C,0,-0.011491103,0.1392330378293991,0.9411764740943909,0.5837751030921936
YIL019W,YOR099W,0,-0.0118147265,0.139212504029274,0.9411764740943909,0.5838751792907715
YJL186W,YDR517W,0,-0.011973424,0.13919198513031006,0.9411764740943909,0.5839751958847046
YOL129W,YPL024W,0,-0.012069264,0.13917145133018494,0.9411764740943909,0.5840752124786377
YBR181C,YIL044C,0,-0.013016297,0.1391509473323822,0.9411764740943909,0.5841752290725708
YDR489W,YDL145C,0,-0.014215482,0.13913042843341827,0.9411764740943909,0.5842753052711487
YOR279C,YGR244C,0,-0.014300806,0.13910993933677673,0.9411764740943909,0.5843753218650818
YNL290W,YBR084C-A,0,-0.014391048,0.139089435338974,0.9411764740943909,0.5844753384590149
YBR177C,YFL002C,0,-0.014936013,0.13906894624233246,0.9411764740943909,0.584575355052948
YBR065C,YGR280C,0,-0.015366776,0.13904845714569092,0.9411764740943909,0.5846754312515259
YGR140W,YHR033W,0,-0.015470771,0.13902798295021057,0.9411764740943909,0.584775447845459
YFL016C,YGR095C,0,-0.015968574,0.13900750875473022,0.9411764740943909,0.5848754644393921
YLR005W,YBL098W,0,-0.016174896,0.13898704946041107,0.9411764740943909,0.5849754810333252
YFL034C-A,YAL029C,0,-0.016588999,0.13896659016609192,0.9411764740943909,0.5850754976272583
YCR088W,YPR032W,0,-0.016598651,0.13894613087177277,0.9411764740943909,0.5851755738258362
YDL047W,YGL120C,0,-0.016687846,0.1389256864786148,0.9411764740943909,0.5852755904197693
YNL117W,YBR101C,0,-0.01699434,0.13890524208545685,0.9411764740943909,0.5853756070137024
YOR316C,YJL044C,0,-0.017023263,0.1388847976922989,0.9411764740943909,0.5854756236076355
YDL121C,YOR317W,0,-0.017602904,0.13886436820030212,0.9411764740943909,0.5855756998062134
YDR116C,YOR068C,0,-0.017612709,0.13884395360946655,0.9411764740943909,0.5856757164001465
YCR048W,YDR439W,0,-0.018008007,0.1388235241174698,0.9411764740943909,0.5857757329940796
YGR058W,YMR194W,0,-0.01825714,0.1388031244277954,0.9411764740943909,0.5858757495880127
YML113W,YPL256C,0,-0.018593265,0.13878270983695984,0.9411764740943909,0.5859757661819458
YOR210W,YGR057C,0,-0.018699614,0.13876231014728546,0.9411764740943909,0.5860758423805237
YNR020C,YDR527W,0,-0.018839298,0.13874191045761108,0.9411764740943909,0.5861758589744568
YDL153C,YDR313C,0,-0.019134117,0.1387215256690979,0.9411764740943909,0.5862758755683899
YKL212W,YNL230C,0,-0.01941265,0.13870114088058472,0.9411764740943909,0.586375892162323
YMR162C,YGL028C,0,-0.019518534,0.13868077099323273,0.9411764740943909,0.5864759683609009
YOL008W,YDL072C,0,-0.021214722,0.13866040110588074,0.9411764740943909,0.586575984954834
YPR029C,YPR156C,0,-0.021622537,0.13864003121852875,0.9411764740943909,0.5866760015487671
YHR034C,YJR105W,0,-0.022412566,0.13861967623233795,0.9411764740943909,0.5867760181427002
YBR025C,YOL067C,0,-0.022606416,0.13859932124614716,0.9411764740943909,0.5868760347366333
YDR406W,YNR010W,0,-0.022612138,0.13857898116111755,0.9411764740943909,0.5869761109352112
YNL092W,YLL009C,0,-0.022651447,0.13855864107608795,0.9411764740943909,0.5870761275291443
YMR211W,YLR417W,0,-0.022794543,0.13853830099105835,0.9411764740943909,0.5871761441230774
YJR106W,YDR219C,0,-0.023043765,0.13851797580718994,0.9411764740943909,0.5872761607170105
YMR029C,YGR244C,0,-0.02367778,0.13849765062332153,0.9411764740943909,0.5873762369155884
YLR380W,YJL200C,0,-0.023747845,0.13847734034061432,0.9411764740943909,0.5874762535095215
YML012W,YNL131W,0,-0.02596998,0.1384570300579071,0.9411764740943909,0.5875762701034546
YEL031W,YAR035W,0,-0.02664156,0.1384367197751999,0.9411764740943909,0.5876762866973877
YLR270W,YIL009C-A,0,-0.027215859,0.13841642439365387,0.9411764740943909,0.5877763032913208
YKL164C,YDR420W,1,-0.027259303,0.13854274153709412,0.9421734809875488,0.5877763032913208
YGL114W,YGL023C,0,-0.027864588,0.1385224312543869,0.9421734809875488,0.5878763794898987
YLL005C,YGL258W,0,-0.027937142,0.1385021209716797,0.9421734809875488,0.5879763960838318
YER106W,YBR080C,0,-0.028338982,0.13848182559013367,0.9421734809875488,0.5880764126777649
YOR224C,YDL007W,0,-0.028774632,0.13846154510974884,0.9421734809875488,0.588176429271698
YGR191W,YLR368W,0,-0.028872771,0.13844124972820282,0.9421734809875488,0.5882765054702759
YNR047W,YPL131W,0,-0.0289845,0.138420969247818,0.9421734809875488,0.588376522064209
YOR359W,YBR271W,0,-0.029138902,0.13840070366859436,0.9421734809875488,0.5884765386581421
YAL048C,YGR277C,0,-0.029224826,0.13838043808937073,0.9421734809875488,0.5885765552520752
YDR085C,YDR146C,0,-0.0294141,0.1383601725101471,0.9421734809875488,0.5886766314506531
YDL142C,YGR086C,0,-0.029984964,0.13833992183208466,0.9421734809875488,0.5887766480445862
YKR056W,YPR144C,0,-0.030000253,0.13831967115402222,0.9421734809875488,0.5888766646385193
YLR370C,YLR409C,0,-0.030816047,0.13829943537712097,0.9421734809875488,0.5889766812324524
YNL128W,YDR481C,0,-0.031231282,0.13827919960021973,0.9421734809875488,0.5890766978263855
YJR144W,YNL191W,0,-0.03133981,0.13825896382331848,0.9421734809875488,0.5891767740249634
YMR134W,YGL023C,0,-0.03189887,0.13823874294757843,0.9421734809875488,0.5892767906188965
YGL055W,YDL043C,0,-0.03236097,0.13821852207183838,0.9421734809875488,0.5893768072128296
YOL068C,YPL137C,0,-0.032603905,0.13819830119609833,0.9421734809875488,0.5894768238067627
YPL115C,YML024W,0,-0.032969758,0.13817809522151947,0.9421734809875488,0.5895769000053406
YER090W,YNL291C,0,-0.033011854,0.1381578892469406,0.9421734809875488,0.5896769165992737
YJL002C,YLR429W,0,-0.03340985,0.13813769817352295,0.9421734809875488,0.5897769331932068
YMR100W,YGL195W,0,-0.033954397,0.13811750710010529,0.9421734809875488,0.5898769497871399
YOR190W,YAL063C,1,-0.034105256,0.13824346661567688,0.9431704878807068,0.5898769497871399
YPR048W,YOR071C,0,-0.034337215,0.13822326064109802,0.9431704878807068,0.589976966381073
YGL029W,YOL113W,0,-0.034665674,0.13820306956768036,0.9431704878807068,0.5900770425796509
YJR006W,YOR247W,0,-0.03488286,0.1381828784942627,0.9431704878807068,0.590177059173584
YDL015C,YDR135C,0,-0.03496526,0.13816270232200623,0.9431704878807068,0.5902770757675171
YBR231C,YJL014W,0,-0.035976395,0.13814252614974976,0.9431704878807068,0.5903770923614502
YDL179W,YNL087W,0,-0.037937388,0.1381223499774933,0.9431704878807068,0.5904771685600281
YOR110W,YOR228C,0,-0.038005546,0.138102188706398,0.9431704878807068,0.5905771851539612
YDR315C,YCR040W,0,-0.038173825,0.13808202743530273,0.9431704878807068,0.5906772017478943
YOR089C,YGL194C,0,-0.039165407,0.13806188106536865,0.9431704878807068,0.5907772183418274
YDL243C,YOR145C,0,-0.039899543,0.13804173469543457,0.9431704878807068,0.5908772349357605
YMR100W,YLR438C-A,0,-0.040603407,0.1380215883255005,0.9431704878807068,0.5909773111343384
YKL081W,YGL150C,0,-0.04071161,0.1380014568567276,0.9431704878807068,0.5910773277282715
YOR077W,YGR088W,0,-0.04101716,0.1379813253879547,0.9431704878807068,0.5911773443222046
YLL019C,YOR084W,0,-0.041146025,0.13796120882034302,0.9431704878807068,0.5912773609161377
YBR293W,YHR052W,0,-0.04123999,0.13794109225273132,0.9431704878807068,0.5913774371147156
YOR009W,YOR010C,1,-0.04248564,0.13806676864624023,0.9441674947738647,0.5913774371147156
YPR118W,YDR419W,0,-0.043412343,0.13804665207862854,0.9441674947738647,0.5914774537086487
YIR022W,YBR135W,0,-0.04405096,0.13802652060985565,0.9441674947738647,0.5915774703025818
YOR089C,YKL086W,0,-0.044447914,0.13800641894340515,0.9441674947738647,0.5916774868965149
YDL121C,YNL116W,0,-0.044924542,0.13798630237579346,0.9441674947738647,0.591777503490448
YOR045W,YIL150C,0,-0.0455897,0.13796620070934296,0.9441674947738647,0.5918775796890259
YMR294W,YNR074C,0,-0.046160504,0.13794609904289246,0.9441674947738647,0.591977596282959
YLR166C,YNL293W,0,-0.04635729,0.13792601227760315,0.9441674947738647,0.5920776128768921
YPL239W,YPL010W,0,-0.046371438,0.13790592551231384,0.9441674947738647,0.5921776294708252
YEL012W,YPR192W,0,-0.046682954,0.13788585364818573,0.9441674947738647,0.5922777056694031
YPR035W,YMR013C,0,-0.046814665,0.13786576688289642,0.9441674947738647,0.5923777222633362
YLR286C,YOL030W,1,-0.046854705,0.137991264462471,0.9451645016670227,0.5923777222633362
YDR281C,YJL097W,0,-0.047900453,0.1379711776971817,0.9451645016670227,0.5924777388572693
YHR037W,YPL106C,0,-0.048348412,0.1379511058330536,0.9451645016670227,0.5925777554512024
YDL070W,YLR080W,0,-0.048633516,0.13793103396892548,0.9451645016670227,0.5926778316497803
YER118C,YNL154C,0,-0.048746914,0.13791096210479736,0.9451645016670227,0.5927778482437134
YLL004W,YNL230C,0,-0.049255297,0.13789090514183044,0.9451645016670227,0.5928778648376465
YBR126C,YOR073W,0,-0.049478054,0.13787084817886353,0.9451645016670227,0.5929778814315796
YOR010C,YOL067C,0,-0.0497891,0.1378508061170578,0.9451645016670227,0.5930778980255127
YDR318W,YPR198W,0,-0.050030097,0.13783076405525208,0.9451645016670227,0.5931779742240906
YGR255C,YDR085C,0,-0.050131723,0.13781072199344635,0.9451645016670227,0.5932779908180237
YGL124C,YPR020W,0,-0.050155543,0.13779069483280182,0.9451645016670227,0.5933780074119568
YNL201C,YFL011W,0,-0.050166965,0.1377706676721573,0.9451645016670227,0.5934780240058899
YDR319C,YBR049C,0,-0.050232083,0.13775065541267395,0.9451645016670227,0.5935781002044678
YOR287C,YHL042W,0,-0.050311446,0.1377306431531906,0.9451645016670227,0.5936781167984009
YAL005C,YNL322C,1,-0.05083047,0.1378559023141861,0.9461615085601807,0.5936781167984009
YHR053C,YGL243W,0,-0.05106266,0.13783587515354156,0.9461615085601807,0.593778133392334
YDR452W,YDR225W,0,-0.051982656,0.13781586289405823,0.9461615085601807,0.5938781499862671
YDR090C,YCL055W,0,-0.052182868,0.1377958506345749,0.9461615085601807,0.5939781665802002
YDL003W,YMR306W,0,-0.05220829,0.13777583837509155,0.9461615085601807,0.5940782427787781
YMR143W,YDR311W,0,-0.052589223,0.1377558410167694,0.9461615085601807,0.5941782593727112
YNR019W,YGR246C,0,-0.052812718,0.13773584365844727,0.9461615085601807,0.5942782759666443
YOL052C,YOR151C,0,-0.05337134,0.13771586120128632,0.9461615085601807,0.5943782925605774
YLL006W,YMR270C,0,-0.053826824,0.13769587874412537,0.9461615085601807,0.5944783687591553
YLR357W,YLR350W,0,-0.05438344,0.13767589628696442,0.9461615085601807,0.5945783853530884
YGR162W,YPR049C,0,-0.054494604,0.13765592873096466,0.9461615085601807,0.5946784019470215
YDL149W,YOR224C,0,-0.054674372,0.1376359611749649,0.9461615085601807,0.5947784185409546
YDR217C,YFL034C-A,0,-0.05495578,0.13761600852012634,0.9461615085601807,0.5948784351348877
YGL227W,YKL143W,0,-0.055552512,0.13759605586528778,0.9461615085601807,0.5949785113334656
YJL179W,YLR299W,0,-0.055684507,0.13757610321044922,0.9461615085601807,0.5950785279273987
YNL103W,YER089C,0,-0.055891618,0.13755616545677185,0.9461615085601807,0.5951785445213318
YBL098W,YMR272C,0,-0.05639976,0.13753622770309448,0.9461615085601807,0.5952785611152649
YGR280C,YNL306W,0,-0.056669787,0.1375163048505783,0.9461615085601807,0.5953786373138428
YOR293W,YLR056W,0,-0.05721257,0.13749638199806213,0.9461615085601807,0.5954786539077759
YKL040C,YNL213C,0,-0.057488844,0.13747645914554596,0.9461615085601807,0.595578670501709
YCR053W,YCR036W,0,-0.057772934,0.13745655119419098,0.9461615085601807,0.5956786870956421
YMR219W,YKR069W,0,-0.058150128,0.137436643242836,0.9461615085601807,0.59577876329422
YKL220C,YML125C,0,-0.058281377,0.13741673529148102,0.9461615085601807,0.5958787798881531
YMR032W,YGL167C,0,-0.05829902,0.13739684224128723,0.9461615085601807,0.5959787964820862
YHR062C,YEL030W,0,-0.058540568,0.13737694919109344,0.9461615085601807,0.5960788130760193
YMR060C,YKR079C,0,-0.059027597,0.13735707104206085,0.9461615085601807,0.5961788296699524
YDR501W,YHR184W,0,-0.05971025,0.13733719289302826,0.9461615085601807,0.5962789058685303
YKR086W,YDL145C,0,-0.05995159,0.13731731474399567,0.9461615085601807,0.5963789224624634
YJL179W,YHL016C,0,-0.060335055,0.13729745149612427,0.9461615085601807,0.5964789390563965
YDR200C,YHR052W,0,-0.06034328,0.13727758824825287,0.9461615085601807,0.5965789556503296
YLR299W,YDL064W,0,-0.06035143,0.13725773990154266,0.9461615085601807,0.5966790318489075
YOR119C,YGL167C,0,-0.060489014,0.13723789155483246,0.9461615085601807,0.5967790484428406
YKL104C,YMR146C,0,-0.060578138,0.13721804320812225,0.9461615085601807,0.5968790650367737
YJR141W,YKR063C,0,-0.061445244,0.13719820976257324,0.9461615085601807,0.5969790816307068
YBR078W,YPL204W,0,-0.06243591,0.13717837631702423,0.9461615085601807,0.5970790982246399
YLR270W,YHR150W,0,-0.062522784,0.13715854287147522,0.9461615085601807,0.5971791744232178
YDR495C,YPL186C,0,-0.06294757,0.1371387243270874,0.9461615085601807,0.5972791910171509
YBR223C,YBR097W,0,-0.063080296,0.13711892068386078,0.9461615085601807,0.597379207611084
YDR350C,YHR150W,0,-0.0632752,0.13709910213947296,0.9461615085601807,0.5974792242050171
YJR143C,YLR440C,0,-0.06340362,0.13707929849624634,0.9461615085601807,0.597579300403595
YKR075C,YOR254C,0,-0.06500316,0.1370595097541809,0.9461615085601807,0.5976793169975281
YKL045W,YOL110W,0,-0.06507324,0.13703970611095428,0.9461615085601807,0.5977793335914612
YLR421C,YDR281C,0,-0.06554213,0.13701993227005005,0.9461615085601807,0.5978793501853943
YJL061W,YPL094C,0,-0.06579243,0.13700014352798462,0.9461615085601807,0.5979793667793274
YER129W,YNL202W,0,-0.06597209,0.13698036968708038,0.9461615085601807,0.5980794429779053
YHR046C,YJL103C,0,-0.06648852,0.13696059584617615,0.9461615085601807,0.5981794595718384
YMR198W,YNL327W,0,-0.06658812,0.1369408369064331,0.9461615085601807,0.5982794761657715
YHR117W,YMR230W,0,-0.066631645,0.13692107796669006,0.9461615085601807,0.5983794927597046
YLL042C,YGR108W,0,-0.06688632,0.13690133392810822,0.9461615085601807,0.5984795689582825
YIL142W,YFL001W,0,-0.06746119,0.13688157498836517,0.9461615085601807,0.5985795855522156
YDR245W,YPL252C,0,-0.067880526,0.13686184585094452,0.9461615085601807,0.5986796021461487
YOL143C,YDR139C,0,-0.067966804,0.13684210181236267,0.9461615085601807,0.5987796187400818
YBL093C,YKR034W,0,-0.0682354,0.13682237267494202,0.9461615085601807,0.5988796353340149
YMR008C,YOL011W,1,-0.06910001,0.13694681227207184,0.9471585154533386,0.5988796353340149
YDR207C,YDR044W,0,-0.06935312,0.13692706823349,0.9471585154533386,0.5989797115325928
YAL030W,YKL129C,0,-0.06936915,0.13690733909606934,0.9471585154533386,0.5990797281265259
YNL256W,YMR049C,0,-0.069619164,0.13688760995864868,0.9471585154533386,0.599179744720459
YGR168C,YML014W,0,-0.0703976,0.13686788082122803,0.9471585154533386,0.5992797613143921
YOR060C,YMR143W,0,-0.07122825,0.13684816658496857,0.9471585154533386,0.59937983751297
YDL188C,YDL143W,0,-0.071254745,0.1368284672498703,0.9471585154533386,0.5994798541069031
YGR044C,YDR308C,0,-0.07146059,0.13680875301361084,0.9471585154533386,0.5995798707008362
YNL251C,YCL027W,0,-0.072823286,0.13678905367851257,0.9471585154533386,0.5996798872947693
YBR243C,YER159C,0,-0.07364574,0.1367693692445755,0.9471585154533386,0.5997799634933472
YER120W,YML125C,0,-0.07512601,0.13674966990947723,0.9471585154533386,0.5998799800872803
YOR010C,YDR198C,0,-0.0752096,0.13673000037670135,0.9471585154533386,0.5999799966812134
YDR400W,YJR021C,0,-0.07521419,0.13671031594276428,0.9471585154533386,0.6000800132751465
YGR106C,YPL159C,0,-0.07531805,0.1366906464099884,0.9471585154533386,0.6001800298690796
YNL040W,YLR242C,0,-0.07557057,0.13667097687721252,0.9471585154533386,0.6002801060676575
YIL155C,YKL002W,0,-0.07601686,0.13665132224559784,0.9471585154533386,0.6003801226615906
YMR116C,YFL027C,0,-0.076084286,0.13663166761398315,0.9471585154533386,0.6004801392555237
YDR367W,YLR115W,0,-0.07617323,0.13661202788352966,0.9471585154533386,0.6005801558494568
YOR124C,YDR380W,0,-0.07631883,0.13659237325191498,0.9471585154533386,0.6006802320480347
YHL017W,YOR090C,0,-0.07642059,0.13657274842262268,0.9471585154533386,0.6007802486419678
YKR079C,YBR035C,0,-0.07664506,0.1365531086921692,0.9471585154533386,0.6008802652359009
YKR095W-A,YIL014W,0,-0.078400776,0.1365334838628769,0.9471585154533386,0.600980281829834
YLR014C,YPL282C,0,-0.078571245,0.1365138739347458,0.9471585154533386,0.6010802984237671
YBL093C,YMR012W,0,-0.078824624,0.1364942491054535,0.9471585154533386,0.601180374622345
YBR141C,YOL148C,0,-0.07912101,0.1364746391773224,0.9471585154533386,0.6012803912162781
YPL013C,YBL005W,0,-0.08008239,0.13645504415035248,0.9471585154533386,0.6013804078102112
YNL185C,YGR052W,0,-0.08032338,0.13643544912338257,0.9471585154533386,0.6014804244041443
YHR132C,YKL157W,1,-0.08047195,0.13655944168567657,0.9481555223464966,0.6014804244041443
YLR116W,YPR181C,0,-0.08076759,0.13653984665870667,0.9481555223464966,0.6015805006027222
YDR174W,YML032C,0,-0.080788694,0.13652023673057556,0.9481555223464966,0.6016805171966553
YGL179C,YER013W,0,-0.081910565,0.13650064170360565,0.9481555223464966,0.6017805337905884
YOR329C,YOL016C,0,-0.082400694,0.13648106157779694,0.9481555223464966,0.6018805503845215
YKR100C,YKL081W,0,-0.083317205,0.13646146655082703,0.9481555223464966,0.6019805669784546
YDL212W,YOR162C,0,-0.08353566,0.1364418864250183,0.9481555223464966,0.6020806431770325
YGR187C,YLL009C,0,-0.08372854,0.1364223212003708,0.9481555223464966,0.6021806597709656
YKL034W,YPL015C,0,-0.0837727,0.13640275597572327,0.9481555223464966,0.6022806763648987
YGL232W,YHR056C,0,-0.08403924,0.13638319075107574,0.9481555223464966,0.6023806929588318
YKR008W,YDL160C,0,-0.08445286,0.13636364042758942,0.9481555223464966,0.6024807691574097
YNR056C,YNL259C,0,-0.08468577,0.1363440901041031,0.9481555223464966,0.6025807857513428
YDR372C,YML118W,0,-0.08490312,0.13632453978061676,0.9481555223464966,0.6026808023452759
YHR184W,YMR001C,0,-0.08491184,0.13630500435829163,0.9481555223464966,0.602780818939209
YLR433C,YDR545W,0,-0.08496986,0.1362854689359665,0.9481555223464966,0.6028808355331421
YJR007W,YAL008W,0,-0.08559708,0.13626593351364136,0.9481555223464966,0.60298091173172
YER103W,YMR216C,0,-0.085663125,0.13624641299247742,0.9481555223464966,0.6030809283256531
YIL104C,YFR004W,0,-0.085726485,0.13622690737247467,0.9481555223464966,0.6031809449195862
YMR105C,YOL018C,0,-0.08620508,0.13620738685131073,0.9481555223464966,0.6032809615135193
YPR085C,YMR269W,0,-0.086267725,0.13618788123130798,0.9481555223464966,0.6033810377120972
YDR200C,YKL084W,0,-0.0868748,0.13616839051246643,0.9481555223464966,0.6034810543060303
YPL095C,YDL220C,0,-0.08707117,0.13614888489246368,0.9481555223464966,0.6035810708999634
YHR123W,YFL013C,0,-0.087306485,0.13612940907478333,0.9481555223464966,0.6036810874938965
YBR246W,YMR153W,0,-0.087419555,0.13610991835594177,0.9481555223464966,0.6037811636924744
YOR259C,YDR296W,0,-0.087634996,0.1360904425382614,0.9481555223464966,0.6038811802864075
YJL008C,YBL101C,0,-0.08808336,0.13607096672058105,0.9481555223464966,0.6039811968803406
YBL106C,YIL009W,0,-0.0884739,0.1360515058040619,0.9481555223464966,0.6040812134742737
YLR286C,YHR132C,1,-0.08871181,0.13617508113384247,0.9491525292396545,0.6040812134742737
YLR375W,YOR371C,0,-0.08872035,0.1361556053161621,0.9491525292396545,0.6041812300682068
YOR078W,YER124C,0,-0.08881682,0.13613612949848175,0.9491525292396545,0.6042813062667847
YGL026C,YOR386W,0,-0.088836566,0.13611666858196259,0.9491525292396545,0.6043813228607178
YLR433C,YIR034C,0,-0.08945361,0.13609720766544342,0.9491525292396545,0.6044813394546509
YLR308W,YER162C,0,-0.08953371,0.13607776165008545,0.9491525292396545,0.604581356048584
YHL028W,YHR132C,0,-0.08983916,0.13605831563472748,0.9491525292396545,0.6046814322471619
YLL035W,YDR238C,0,-0.0900837,0.1360388696193695,0.9491525292396545,0.604781448841095
YDL132W,YLR194C,0,-0.09039472,0.13601943850517273,0.9491525292396545,0.6048814654350281
YAL030W,YLR213C,0,-0.09061028,0.13600000739097595,0.9491525292396545,0.6049814820289612
YCL063W,YNL044W,0,-0.09121092,0.13598057627677917,0.9491525292396545,0.6050814986228943
YLR390W,YBL016W,0,-0.091379985,0.1359611600637436,0.9491525292396545,0.6051815748214722
YFR005C,YMR269W,0,-0.0914699,0.135941743850708,0.9491525292396545,0.6052815914154053
YLR119W,YOR142W,0,-0.0918484,0.13592232763767242,0.9491525292396545,0.6053816080093384
YER105C,YPL003W,0,-0.09227513,0.13590292632579803,0.9491525292396545,0.6054816246032715
YDR252W,YFR038W,0,-0.09234974,0.13588352501392365,0.9491525292396545,0.6055817008018494
YDL183C,YNL022C,0,-0.0928559,0.13586413860321045,0.9491525292396545,0.6056817173957825
YMR296C,YER124C,0,-0.0942933,0.13584475219249725,0.9491525292396545,0.6057817339897156
YBR222C,YHR111W,0,-0.094578534,0.13582536578178406,0.9491525292396545,0.6058817505836487
YOR178C,YDR181C,0,-0.094624445,0.13580599427223206,0.9491525292396545,0.6059817671775818
YGL187C,YIL085C,0,-0.095192954,0.13578662276268005,0.9491525292396545,0.6060818433761597
YGR282C,YGR037C,1,-0.09541841,0.13590987026691437,0.9501495361328125,0.6060818433761597
YER041W,YMR160W,0,-0.09545438,0.13589048385620117,0.9501495361328125,0.6061818599700928
YML008C,YOR018W,0,-0.09645425,0.13587111234664917,0.9501495361328125,0.6062818765640259
YOL143C,YIL018W,0,-0.09688958,0.13585174083709717,0.9501495361328125,0.606381893157959
YDL209C,YMR101C,0,-0.09788181,0.13583238422870636,0.9501495361328125,0.6064819693565369
YCR034W,YDL225W,0,-0.09812038,0.13581302762031555,0.9501495361328125,0.60658198595047
YLR312W-A,YOL119C,0,-0.098370835,0.13579367101192474,0.9501495361328125,0.6066820025444031
YML094W,YCR027C,0,-0.098835066,0.13577432930469513,0.9501495361328125,0.6067820191383362
YOL071W,YHR005C-A,0,-0.09904294,0.13575498759746552,0.9501495361328125,0.6068820357322693
YDL170W,YIL023C,0,-0.099875644,0.1357356458902359,0.9501495361328125,0.6069821119308472
YMR251W-A,YFR009W,0,-0.100259855,0.13571631908416748,0.9501495361328125,0.6070821285247803
YDL154W,YDR270W,0,-0.10026683,0.13569699227809906,0.9501495361328125,0.6071821451187134
YIR005W,YDR333C,0,-0.10057773,0.13567768037319183,0.9501495361328125,0.6072821617126465
YHR042W,YHR039C-A,0,-0.10284151,0.1356583684682846,0.9501495361328125,0.6073822379112244
YMR208W,YDR437W,0,-0.10304555,0.13563905656337738,0.9501495361328125,0.6074822545051575
YML114C,YDR447C,0,-0.1031944,0.13561975955963135,0.9501495361328125,0.6075822710990906
YGR060W,YIL148W,0,-0.103485286,0.13560046255588531,0.9501495361328125,0.6076822876930237
YNL136W,YOL002C,0,-0.10375534,0.13558116555213928,0.9501495361328125,0.6077823638916016
YDR416W,YIL096C,0,-0.104164355,0.13556188344955444,0.9501495361328125,0.6078823804855347
YCR053W,YLR120C,0,-0.104946464,0.1355426013469696,0.9501495361328125,0.6079823970794678
YDL122W,YDR092W,0,-0.10547595,0.13552331924438477,0.9501495361328125,0.6080824136734009
YCR014C,YDR171W,0,-0.10665403,0.13550405204296112,0.9501495361328125,0.608182430267334
YHR051W,YAL009W,0,-0.10675958,0.13548478484153748,0.9501495361328125,0.6082825064659119
YMR158W,YHR110W,0,-0.106928736,0.13546553254127502,0.9501495361328125,0.608382523059845
YGL104C,YLR172C,0,-0.1070565,0.13544628024101257,0.9501495361328125,0.6084825396537781
YHR071W,YDR362C,0,-0.10716598,0.13542702794075012,0.9501495361328125,0.6085825562477112
YDL033C,YIL008W,0,-0.10827048,0.13540779054164886,0.9501495361328125,0.6086826324462891
YPL204W,YDL079C,0,-0.10885857,0.1353885531425476,0.9501495361328125,0.6087826490402222
YPL150W,YJL095W,0,-0.10886124,0.13536931574344635,0.9501495361328125,0.6088826656341553
YPR175W,YJR041C,0,-0.10946889,0.1353500932455063,0.9501495361328125,0.6089826822280884
YPR100W,YKR052C,0,-0.109588645,0.13533087074756622,0.9501495361328125,0.6090826988220215
YDL021W,YDL007W,0,-0.109934315,0.13531166315078735,0.9501495361328125,0.6091827750205994
YDR106W,YPL218W,0,-0.11017941,0.1352924406528473,0.9501495361328125,0.6092827916145325
YDR369C,YGL160W,0,-0.11037974,0.13527324795722961,0.9501495361328125,0.6093828082084656
YER014W,YDR382W,0,-0.111395955,0.13525404036045074,0.9501495361328125,0.6094828248023987
YDL013W,YIL101C,0,-0.11161985,0.13523484766483307,0.9501495361328125,0.6095829010009766
YLR265C,YMR308C,0,-0.111773536,0.1352156698703766,0.9501495361328125,0.6096829175949097
YLL007C,YOR201C,0,-0.11197461,0.1351964771747589,0.9501495361328125,0.6097829341888428
YDR103W,YDR072C,0,-0.112425104,0.13517729938030243,0.9501495361328125,0.6098829507827759
YHR181W,YJR024C,0,-0.112442985,0.13515813648700714,0.9501495361328125,0.609982967376709
YNR019W,YHR156C,0,-0.112670824,0.13513897359371185,0.9501495361328125,0.6100830435752869
YGR191W,YMR312W,0,-0.112896115,0.13511981070041656,0.9501495361328125,0.61018306016922
YGL128C,YFL018W-A,0,-0.11293762,0.13510064780712128,0.9501495361328125,0.6102830767631531
YKL218C,YNL294C,0,-0.11314094,0.13508149981498718,0.9501495361328125,0.6103830933570862
YDL029W,YGR194C,0,-0.11326434,0.1350623518228531,0.9501495361328125,0.6104831695556641
YPL250C,YNL147W,0,-0.113761246,0.1350432187318802,0.9501495361328125,0.6105831861495972
YJR014W,YNR054C,0,-0.11379191,0.1350240856409073,0.9501495361328125,0.6106832027435303
YOR274W,YMR169C,0,-0.11389518,0.1350049525499344,0.9501495361328125,0.6107832193374634
YOR078W,YBR188C,0,-0.11471829,0.13498583436012268,0.9501495361328125,0.6108832359313965
YOL055C,YFL004W,0,-0.11489153,0.13496671617031097,0.9501495361328125,0.6109833121299744
YDR371W,YLR001C,1,-0.11491917,0.1350892037153244,0.9511465430259705,0.6109833121299744
YCR065W,YAR042W,0,-0.11499299,0.1350700855255127,0.9511465430259705,0.6110833287239075
YPR186C,YHR124W,0,-0.11519024,0.135050967335701,0.9511465430259705,0.6111833453178406
YER120W,YLR227C,0,-0.11549841,0.13503184914588928,0.9511465430259705,0.6112833619117737
YDR173C,YOL141W,0,-0.11550152,0.13501273095607758,0.9511465430259705,0.6113834381103516
YPL130W,YOL016C,0,-0.11625843,0.13499362766742706,0.9511465430259705,0.6114834547042847
YBL080C,YGR150C,0,-0.116594955,0.13497453927993774,0.9511465430259705,0.6115834712982178
YFR026C,YGL090W,0,-0.11681091,0.13495543599128723,0.9511465430259705,0.6116834878921509
YLL048C,YMR145C,0,-0.1175055,0.1349363476037979,0.9511465430259705,0.6117835640907288
YHL025W,YDL222C,0,-0.117558524,0.1349172741174698,0.9511465430259705,0.6118835806846619
YDL245C,YPL052W,0,-0.11779302,0.13489818572998047,0.9511465430259705,0.611983597278595
YPL206C,YPL110C,0,-0.11779772,0.13487911224365234,0.9511465430259705,0.6120836138725281
YHR123W,YPR122W,0,-0.118362725,0.1348600536584854,0.9511465430259705,0.6121836304664612
YKR003W,YNL256W,0,-0.11897184,0.13484099507331848,0.9511465430259705,0.6122837066650391
YGL124C,YOR380W,0,-0.12034321,0.13482193648815155,0.9511465430259705,0.6123837232589722
YJL122W,YGR109C,0,-0.121035025,0.13480287790298462,0.9511465430259705,0.6124837398529053
YML126C,YOR209C,0,-0.121151835,0.13478383421897888,0.9511465430259705,0.6125837564468384
YAL029C,YOL122C,0,-0.12119867,0.13476479053497314,0.9511465430259705,0.6126838326454163
YER069W,YBL097W,0,-0.121486664,0.1347457617521286,0.9511465430259705,0.6127838492393494
YLR348C,YNL081C,0,-0.12178536,0.13472673296928406,0.9511465430259705,0.6128838658332825
YCL025C,YER154W,0,-0.12202215,0.13470770418643951,0.9511465430259705,0.6129838824272156
YBR083W,YLR448W,0,-0.12217311,0.13468869030475616,0.9511465430259705,0.6130838990211487
YBR025C,YPL224C,0,-0.12275641,0.13466967642307281,0.9511465430259705,0.6131839752197266
YPL135W,YDR182W,0,-0.12284547,0.13465067744255066,0.9511465430259705,0.6132839918136597
YKR008W,YDR307W,0,-0.12339744,0.1346316635608673,0.9511465430259705,0.6133840084075928
YFL047W,YBR026C,0,-0.12353982,0.13461266458034515,0.9511465430259705,0.6134840250015259
YCR072C,YER063W,0,-0.12421946,0.1345936805009842,0.9511465430259705,0.6135841012001038
YGR101W,YGL116W,0,-0.12454043,0.13457469642162323,0.9511465430259705,0.6136841177940369
YDR046C,YPL106C,0,-0.12560424,0.13455571234226227,0.9511465430259705,0.61378413438797
YLR220W,YCR079W,0,-0.12674446,0.1345367431640625,0.9511465430259705,0.6138841509819031
YFR008W,YLR307W,0,-0.1267763,0.13451775908470154,0.9511465430259705,0.6139841675758362
YGR212W,YPL206C,0,-0.12679742,0.13449880480766296,0.9511465430259705,0.6140842437744141
YDL074C,YDR465C,0,-0.1269856,0.1344798356294632,0.9511465430259705,0.6141842603683472
YGL166W,YNL004W,0,-0.12723537,0.13446088135242462,0.9511465430259705,0.6142842769622803
YMR203W,YGL168W,0,-0.12741245,0.13444194197654724,0.9511465430259705,0.6143842935562134
YKL113C,YML057W,0,-0.12832959,0.13442300260066986,0.9511465430259705,0.6144843697547913
YBR022W,YNR044W,0,-0.1283797,0.13440406322479248,0.9511465430259705,0.6145843863487244
YKR013W,YIL118W,0,-0.1285652,0.1343851238489151,0.9511465430259705,0.6146844029426575
YBR298C,YIL003W,0,-0.12860952,0.1343661993741989,0.9511465430259705,0.6147844195365906
YCR060W,YML030W,0,-0.12987278,0.13434727489948273,0.9511465430259705,0.6148844361305237
YLL025W,YMR300C,0,-0.13012303,0.13432836532592773,0.9511465430259705,0.6149845123291016
YAL041W,YDL160C,0,-0.13027903,0.13430944085121155,0.9511465430259705,0.6150845289230347
YPR105C,YMR163C,0,-0.13160984,0.13429054617881775,0.9511465430259705,0.6151845455169678
YMR177W,YBR286W,0,-0.13175704,0.13427163660526276,0.9511465430259705,0.6152845621109009
YDR325W,YER145C,0,-0.132088,0.13425274193286896,0.9511465430259705,0.6153846383094788
YJL101C,YOR210W,0,-0.1321288,0.13423384726047516,0.9511465430259705,0.6154846549034119
YBL093C,YFL060C,0,-0.13282155,0.13421496748924255,0.9511465430259705,0.615584671497345
YLR330W,YKR103W,0,-0.13358878,0.13419608771800995,0.9511465430259705,0.6156846880912781
YMR167W,YJL101C,0,-0.13397673,0.13417720794677734,0.9511465430259705,0.615784764289856
YOR180C,YNL173C,0,-0.13421334,0.13415834307670593,0.9511465430259705,0.6158847808837891
YOR359W,YAL055W,0,-0.13444827,0.13413947820663452,0.9511465430259705,0.6159847974777222
YMR032W,YDR283C,0,-0.13457642,0.1341206282377243,0.9511465430259705,0.6160848140716553
YJR124C,YOR147W,0,-0.13493805,0.1341017782688141,0.9511465430259705,0.6161848306655884
YKL004W,YLR080W,0,-0.13524555,0.13408292829990387,0.9511465430259705,0.6162849068641663
YNL151C,YNR045W,0,-0.13567132,0.13406407833099365,0.9511465430259705,0.6163849234580994
YCR035C,YDL051W,0,-0.1371747,0.13404524326324463,0.9511465430259705,0.6164849400520325
YJR151C,YBL035C,0,-0.13781148,0.1340264081954956,0.9511465430259705,0.6165849566459656
YLR098C,YDR457W,0,-0.13815053,0.13400758802890778,0.9511465430259705,0.6166850328445435
YMR152W,YLR154C,0,-0.13851719,0.13398876786231995,0.9511465430259705,0.6167850494384766
YIR037W,YHL040C,0,-0.13854091,0.13396994769573212,0.9511465430259705,0.6168850660324097
YPL174C,YPL130W,0,-0.13867146,0.13395114243030548,0.9511465430259705,0.6169850826263428
YBR115C,YNL297C,0,-0.13887782,0.13393233716487885,0.9511465430259705,0.6170850992202759
YNL169C,YNL256W,0,-0.13937496,0.1339135318994522,0.9511465430259705,0.6171851754188538
YOR124C,YPL226W,0,-0.13940488,0.13389474153518677,0.9511465430259705,0.6172851920127869
YPR167C,YOR016C,0,-0.13959485,0.13387595117092133,0.9511465430259705,0.61738520860672
YOR182C,YOR025W,0,-0.13969909,0.13385716080665588,0.9511465430259705,0.6174852252006531
YOR233W,YOL028C,0,-0.13974755,0.13383838534355164,0.9511465430259705,0.617585301399231
YBR146W,YCR089W,0,-0.14009936,0.1338196098804474,0.9511465430259705,0.6176853179931641
YDR281C,YML102W,0,-0.14068131,0.13380083441734314,0.9511465430259705,0.6177853345870972
YBR105C,YNL243W,0,-0.14071321,0.13378207385540009,0.9511465430259705,0.6178853511810303
YPL163C,YHR005C,0,-0.14085357,0.13376331329345703,0.9511465430259705,0.6179853677749634
YLR348C,YDR180W,0,-0.14087497,0.13374456763267517,0.9511465430259705,0.6180854439735413
YDR482C,YMR306W,0,-0.14091252,0.1337258219718933,0.9511465430259705,0.6181854605674744
YKR021W,YAL039C,0,-0.14106856,0.13370707631111145,0.9511465430259705,0.6182854771614075
YBL075C,YDR066C,0,-0.14212357,0.13368834555149078,0.9511465430259705,0.6183854937553406
YDR499W,YDL073W,0,-0.14221908,0.13366961479187012,0.9511465430259705,0.6184855699539185
YCL027W,YDR135C,0,-0.14247172,0.13365088403224945,0.9511465430259705,0.6185855865478516
YNR056C,YBR253W,0,-0.14279328,0.13363216817378998,0.9511465430259705,0.6186856031417847
YHR205W,YPL063W,0,-0.1430236,0.1336134523153305,0.9511465430259705,0.6187856197357178
YGL066W,YLL061W,0,-0.14305535,0.13359473645687103,0.9511465430259705,0.6188856363296509
YLR183C,YNL293W,0,-0.14307038,0.13357603549957275,0.9511465430259705,0.6189857125282288
YHR149C,YDR037W,0,-0.14364018,0.13355733454227448,0.9511465430259705,0.6190857291221619
YPR120C,YOR084W,0,-0.14454727,0.1335386335849762,0.9511465430259705,0.619185745716095
YBR217W,YER130C,0,-0.14461844,0.1335199475288391,0.9511465430259705,0.6192857623100281
YLR320W,YPL028W,0,-0.14499247,0.13350126147270203,0.9511465430259705,0.619385838508606
YDR446W,YCR047C,0,-0.14508913,0.13348257541656494,0.9511465430259705,0.6194858551025391
YOL023W,YGR295C,0,-0.14795019,0.13346390426158905,0.9511465430259705,0.6195858716964722
YGR009C,YML046W,0,-0.14798048,0.13344523310661316,0.9511465430259705,0.6196858882904053
YKL103C,YEL061C,0,-0.14820254,0.13342657685279846,0.9511465430259705,0.6197859644889832
YNL325C,YNL126W,0,-0.14826371,0.13340792059898376,0.9511465430259705,0.6198859810829163
YGR177C,YKL166C,0,-0.14918436,0.13338926434516907,0.9511465430259705,0.6199859976768494
YMR300C,YJL134W,0,-0.14935048,0.13337060809135437,0.9511465430259705,0.6200860142707825
YGL246C,YPL183W-A,0,-0.14954026,0.13335196673870087,0.9511465430259705,0.6201860308647156
YBR290W,YOL115W,0,-0.14963166,0.13333334028720856,0.9511465430259705,0.6202861070632935
YDR116C,YOR230W,0,-0.15037967,0.13331469893455505,0.9511465430259705,0.6203861236572266
YGL209W,YNL137C,0,-0.15039298,0.13329607248306274,0.9511465430259705,0.6204861402511597
YHR091C,YGR108W,0,-0.15040703,0.13327744603157043,0.9511465430259705,0.6205861568450928
YOR060C,YCR077C,0,-0.15047453,0.13325883448123932,0.9511465430259705,0.6206862330436707
YBR267W,YOR115C,0,-0.15051626,0.1332402229309082,0.9511465430259705,0.6207862496376038
YDL081C,YHR047C,0,-0.15053909,0.1332216113805771,0.9511465430259705,0.6208862662315369
YJL037W,YNL041C,0,-0.15187936,0.13320301473140717,0.9511465430259705,0.62098628282547
YER115C,YIL014W,0,-0.15205815,0.13318441808223724,0.9511465430259705,0.6210862994194031
YDR317W,YOL010W,0,-0.15244733,0.13316583633422852,0.9511465430259705,0.621186375617981
YBR158W,YJR161C,0,-0.15247853,0.1331472396850586,0.9511465430259705,0.6212863922119141
YLR081W,YDR020C,0,-0.1534837,0.13312865793704987,0.9511465430259705,0.6213864088058472
YHR005C,YBR097W,0,-0.15363891,0.13311009109020233,0.9511465430259705,0.6214864253997803
YPL069C,YNR058W,0,-0.15434152,0.1330915242433548,0.9511465430259705,0.6215865015983582
YNR009W,YJL037W,0,-0.1550809,0.13307295739650726,0.9511465430259705,0.6216865181922913
YGL220W,YFR005C,0,-0.15586035,0.13305439054965973,0.9511465430259705,0.6217865347862244
YNR063W,YML106W,0,-0.15589096,0.1330358386039734,0.9511465430259705,0.6218865513801575
YLR060W,YMR146C,0,-0.15704097,0.13301728665828705,0.9511465430259705,0.6219865679740906
YBL041W,YKL224C,0,-0.15766516,0.1329987496137619,0.9511465430259705,0.6220866441726685
YBR153W,YLR372W,0,-0.15814385,0.13298021256923676,0.9511465430259705,0.6221866607666016
YDL127W,YMR146C,0,-0.15821005,0.1329616755247116,0.9511465430259705,0.6222866773605347
YKL077W,YMR129W,0,-0.1589221,0.13294313848018646,0.9511465430259705,0.6223866939544678
YKL079W,YDL160C,0,-0.1596118,0.1329246163368225,0.9511465430259705,0.6224867701530457
YDL080C,YMR278W,0,-0.15967545,0.13290610909461975,0.9511465430259705,0.6225867867469788
YOR190W,YKL032C,0,-0.16013217,0.1328875869512558,0.9511465430259705,0.6226868033409119
YKR043C,YBL035C,0,-0.16063061,0.13286907970905304,0.9511465430259705,0.622786819934845
YPL098C,YDL101C,0,-0.16166852,0.13285057246685028,0.9511465430259705,0.6228868365287781
YPL040C,YBR132C,0,-0.16236953,0.13283208012580872,0.9511465430259705,0.622986912727356
YMR006C,YDR055W,1,-0.16287133,0.13295280933380127,0.9521435499191284,0.622986912727356
YNL151C,YDR221W,0,-0.16295393,0.1329343020915985,0.9521435499191284,0.6230869293212891
YIL106W,YNL255C,0,-0.1632455,0.13291579484939575,0.9521435499191284,0.6231869459152222
YDL048C,YJL093C,0,-0.1636359,0.1328973025083542,0.9521435499191284,0.6232869625091553
YPL195W,YNL145W,0,-0.16381873,0.13287881016731262,0.9521435499191284,0.6233870387077332
YOR206W,YER048W-A,0,-0.16399448,0.13286031782627106,0.9521435499191284,0.6234870553016663
YOL031C,YGR187C,0,-0.16415273,0.13284184038639069,0.9521435499191284,0.6235870718955994
YDR371W,YNL160W,1,-0.16435769,0.1329624503850937,0.9531405568122864,0.6235870718955994
YLR130C,YGL031C,0,-0.16443586,0.13294395804405212,0.9531405568122864,0.6236870884895325
YDL243C,YMR213W,0,-0.1651933,0.13292546570301056,0.9531405568122864,0.6237871646881104
YML021C,YER052C,0,-0.16594566,0.1329069882631302,0.9531405568122864,0.6238871812820435
YFL023W,YDR257C,0,-0.16629422,0.13288851082324982,0.9531405568122864,0.6239871978759766
YPL212C,YDL224C,0,-0.16637966,0.13287004828453064,0.9531405568122864,0.6240872144699097
YFR039C,YPR041W,0,-0.1664836,0.13285158574581146,0.9531405568122864,0.6241872310638428
YKL166C,YEL030W,0,-0.16683315,0.13283312320709229,0.9531405568122864,0.6242873072624207
YFL026W,YKL013C,0,-0.16714571,0.1328146755695343,0.9531405568122864,0.6243873238563538
YJL186W,YGR274C,0,-0.1674108,0.13279622793197632,0.9531405568122864,0.6244873404502869
YGR251W,YOR217W,0,-0.16774602,0.13277778029441833,0.9531405568122864,0.62458735704422
YLR393W,YLR319C,0,-0.16775645,0.13275933265686035,0.9531405568122864,0.6246874332427979
YOL129W,YOL095C,0,-0.16847013,0.13274089992046356,0.9531405568122864,0.624787449836731
YDR106W,YDR364C,0,-0.16853173,0.13272248208522797,0.9531405568122864,0.6248874664306641
YNR036C,YGR288W,0,-0.1688155,0.13270404934883118,0.9531405568122864,0.6249874830245972
YDR150W,YML017W,0,-0.169334,0.13268563151359558,0.9531405568122864,0.6250874996185303
YFL033C,YLL038C,0,-0.16943938,0.13266722857952118,0.9531405568122864,0.6251875758171082
YKR066C,YLR174W,0,-0.16951615,0.13264881074428558,0.9531405568122864,0.6252875924110413
YLR430W,YKL171W,0,-0.169786,0.13263040781021118,0.9531405568122864,0.6253876090049744
YIL104C,YFL034C-A,0,-0.1700373,0.13261201977729797,0.9531405568122864,0.6254876255989075
YJL134W,YDR019C,0,-0.17007335,0.13259361684322357,0.9531405568122864,0.6255877017974854
YIL033C,YJL061W,0,-0.17025892,0.13257522881031036,0.9531405568122864,0.6256877183914185
YJR074W,YMR264W,0,-0.17041123,0.13255685567855835,0.9531405568122864,0.6257877349853516
YPL021W,YOR384W,0,-0.17135112,0.13253846764564514,0.9531405568122864,0.6258877515792847
YER099C,YER124C,0,-0.17169128,0.13252009451389313,0.9531405568122864,0.6259877681732178
YGR295C,YLR423C,0,-0.17245483,0.1325017362833023,0.9531405568122864,0.6260878443717957
YPL123C,YGL089C,1,-0.17247283,0.13262194395065308,0.9541375637054443,0.6260878443717957
YLR091W,YPR048W,0,-0.17298736,0.13260357081890106,0.9541375637054443,0.6261878609657288
YGL229C,YDL142C,0,-0.17334068,0.13258519768714905,0.9541375637054443,0.6262878775596619
YDL200C,YDR459C,0,-0.17350349,0.13256683945655823,0.9541375637054443,0.626387894153595
YJL109C,YOR091W,0,-0.1735477,0.1325484812259674,0.9541375637054443,0.6264879703521729
YPL219W,YNR008W,0,-0.17360301,0.1325301229953766,0.9541375637054443,0.626587986946106
YGR220C,YGR040W,0,-0.17365722,0.13251176476478577,0.9541375637054443,0.6266880035400391
YBL072C,YNL190W,0,-0.1737835,0.13249342143535614,0.9541375637054443,0.6267880201339722
YGL175C,YDR219C,0,-0.17462185,0.1324750781059265,0.9541375637054443,0.6268880367279053
YIL110W,YIL056W,0,-0.17465635,0.13245674967765808,0.9541375637054443,0.6269881129264832
YDR446W,YAL009W,0,-0.17473708,0.13243842124938965,0.9541375637054443,0.6270881295204163
YGR251W,YDL224C,0,-0.17483066,0.13242009282112122,0.9541375637054443,0.6271881461143494
YDL029W,YDL195W,0,-0.17486674,0.13240176439285278,0.9541375637054443,0.6272881627082825
YOR232W,YPR191W,0,-0.17495455,0.13238345086574554,0.9541375637054443,0.6273882389068604
YDR261C,YNR067C,1,-0.17534934,0.1325034648180008,0.9551345705986023,0.6273882389068604
YML063W,YCL005W-A,0,-0.17544715,0.13248513638973236,0.9551345705986023,0.6274882555007935
YPL048W,YPR070W,0,-0.1772738,0.13246680796146393,0.9551345705986023,0.6275882720947266
YBR294W,YPR192W,0,-0.17736216,0.1324484944343567,0.9551345705986023,0.6276882886886597
YKL150W,YLR238W,0,-0.17771877,0.13243019580841064,0.9551345705986023,0.6277883648872375
YDR397C,YHR194W,0,-0.17842606,0.1324118822813034,0.9551345705986023,0.6278883814811707
YLR120C,YGL028C,1,-0.17908211,0.1325317919254303,0.9561315774917603,0.6278883814811707
YEL018W,YIL168W,0,-0.18014447,0.13251347839832306,0.9561315774917603,0.6279883980751038
YJR059W,YPR151C,0,-0.18057589,0.13249516487121582,0.9561315774917603,0.6280884146690369
YLR120C,YJL159W,1,-0.18070196,0.13261500000953674,0.9571285843849182,0.6280884146690369
YER006W,YOR242C,0,-0.18181114,0.1325966864824295,0.9571285843849182,0.62818843126297
YDR251W,YPL094C,0,-0.18223123,0.13257837295532227,0.9571285843849182,0.6282885074615479
YJR127C,YIL022W,0,-0.183004,0.13256005942821503,0.9571285843849182,0.628388524055481
YDR472W,YER031C,0,-0.18320909,0.13254176080226898,0.9571285843849182,0.6284885406494141
YGR241C,YMR167W,0,-0.18323825,0.13252346217632294,0.9571285843849182,0.6285885572433472
YPL207W,YDL170W,0,-0.183631,0.13250517845153809,0.9571285843849182,0.628688633441925
YLR103C,YBR026C,0,-0.18381967,0.13248689472675323,0.9571285843849182,0.6287886500358582
YLR004C,YBR214W,0,-0.18385918,0.13246861100196838,0.9571285843849182,0.6288886666297913
YKL191W,YJL167W,0,-0.1839278,0.13245032727718353,0.9571285843849182,0.6289886832237244
YCR034W,YER075C,0,-0.18430738,0.13243205845355988,0.9571285843849182,0.6290886998176575
YKL208W,YNL259C,0,-0.1845088,0.13241378962993622,0.9571285843849182,0.6291887760162354
YER179W,YMR117C,0,-0.18518125,0.13239553570747375,0.9571285843849182,0.6292887926101685
YMR201C,YHR105W,0,-0.18543388,0.1323772817850113,0.9571285843849182,0.6293888092041016
YOR089C,YGR061C,0,-0.18549316,0.13235902786254883,0.9571285843849182,0.6294888257980347
YOR009W,YER011W,1,-0.18555064,0.13247863948345184,0.958125650882721,0.6294888257980347
YIL063C,YHL002W,0,-0.18567584,0.13246037065982819,0.958125650882721,0.6295889019966125
YDL100C,YPR133W-A,0,-0.18651123,0.13244211673736572,0.958125650882721,0.6296889185905457
YGL115W,YCR079W,0,-0.18751006,0.13242386281490326,0.958125650882721,0.6297889351844788
YHR124W,YML029W,0,-0.18768229,0.132405623793602,0.958125650882721,0.6298889517784119
YHR088W,YER070W,0,-0.1877324,0.13238738477230072,0.958125650882721,0.629988968372345
YAL010C,YBR126C,0,-0.18777294,0.13236914575099945,0.958125650882721,0.6300890445709229
YKL053C-A,YDR080W,0,-0.1877999,0.13235092163085938,0.958125650882721,0.630189061164856
YFR008W,YFL002C,0,-0.18818136,0.1323326975107193,0.958125650882721,0.6302890777587891
YGR264C,YOL123W,0,-0.1883381,0.13231447339057922,0.958125650882721,0.6303890943527222
YMR131C,YOR307C,0,-0.18883914,0.13229624927043915,0.958125650882721,0.6304891705513
YKL149C,YDR023W,0,-0.1889788,0.13227804005146027,0.958125650882721,0.6305891871452332
YBL011W,YKR023W,0,-0.18917511,0.13225984573364258,0.958125650882721,0.6306892037391663
YPL040C,YOR217W,0,-0.18925093,0.1322416365146637,0.958125650882721,0.6307892203330994
YDR184C,YPR073C,0,-0.18928002,0.132223442196846,0.958125650882721,0.6308892965316772
YDR016C,YGR082W,0,-0.18978266,0.13220524787902832,0.958125650882721,0.6309893131256104
YPL097W,YKL043W,0,-0.19041167,0.13218706846237183,0.958125650882721,0.6310893297195435
YDR373W,YIL040W,0,-0.19043508,0.13216888904571533,0.958125650882721,0.6311893463134766
YNL249C,YHL033C,0,-0.19061805,0.13215070962905884,0.958125650882721,0.6312893629074097
YGL183C,YLL035W,0,-0.19101933,0.13213254511356354,0.958125650882721,0.6313894391059875
YPL175W,YGL048C,0,-0.19120143,0.13211438059806824,0.958125650882721,0.6314894556999207
YLR329W,YNL169C,0,-0.1917569,0.13209621608257294,0.958125650882721,0.6315894722938538
YBR121C,YIR008C,0,-0.19183186,0.13207806646823883,0.958125650882721,0.6316894888877869
YBR169C,YOL042W,0,-0.19198859,0.13205991685390472,0.958125650882721,0.6317895650863647
YPL192C,YGL175C,0,-0.19230232,0.13204176723957062,0.958125650882721,0.6318895816802979
YDR358W,YGL197W,0,-0.192972,0.1320236325263977,0.958125650882721,0.631989598274231
YOR177C,YDR423C,0,-0.1929906,0.1320054978132248,0.958125650882721,0.6320896148681641
YGR052W,YDL216C,0,-0.19309829,0.13198736310005188,0.958125650882721,0.6321896314620972
YMR177W,YMR042W,0,-0.19333085,0.13196924328804016,0.958125650882721,0.632289707660675
YIL041W,YHR070W,0,-0.19430777,0.13195112347602844,0.958125650882721,0.6323897242546082
YDR236C,YDR287W,0,-0.19433872,0.13193300366401672,0.958125650882721,0.6324897408485413
YOL155C,YOR046C,0,-0.19474418,0.1319148987531662,0.958125650882721,0.6325897574424744
YDL226C,YDL014W,0,-0.19524285,0.13189679384231567,0.958125650882721,0.6326898336410522
YHL025W,YDR524C,0,-0.19567075,0.13187868893146515,0.958125650882721,0.6327898502349854
YLR249W,YOR025W,0,-0.19634685,0.13186059892177582,0.958125650882721,0.6328898668289185
YJL122W,YOR154W,0,-0.19670336,0.1318425089120865,0.958125650882721,0.6329898834228516
YIL027C,YER057C,0,-0.19709934,0.13182441890239716,0.958125650882721,0.6330899000167847
YKL213C,YER092W,0,-0.19727315,0.13180634379386902,0.958125650882721,0.6331899762153625
YFR021W,YLL038C,0,-0.1974027,0.1317882537841797,0.958125650882721,0.6332899928092957
YFL042C,YBR150C,0,-0.19783567,0.13177019357681274,0.958125650882721,0.6333900094032288
YDL074C,YHL021C,0,-0.19833967,0.1317521184682846,0.958125650882721,0.6334900259971619
YGL121C,YOR048C,0,-0.19853096,0.13173405826091766,0.958125650882721,0.6335901021957397
YOL008W,YOL071W,0,-0.19889727,0.13171601295471191,0.958125650882721,0.6336901187896729
YPL076W,YKL140W,0,-0.19902363,0.13169795274734497,0.958125650882721,0.633790135383606
YKL113C,YNR030W,0,-0.19907571,0.13167990744113922,0.958125650882721,0.6338901519775391
YDR088C,YHL016C,0,-0.19916494,0.13166187703609467,0.958125650882721,0.6339901685714722
YGR082W,YPR055W,0,-0.1992291,0.13164383172988892,0.958125650882721,0.63409024477005
YGL194C,YLL033W,0,-0.19953912,0.13162580132484436,0.958125650882721,0.6341902613639832
YIR021W,YOR011W,0,-0.19971532,0.131607785820961,0.958125650882721,0.6342902779579163
YJL090C,YGR121C,0,-0.20083272,0.13158975541591644,0.958125650882721,0.6343902945518494
YBL061C,YMR053C,0,-0.20103176,0.13157173991203308,0.958125650882721,0.6344903707504272
YOR242C,YGR075C,0,-0.2010348,0.13155372440814972,0.958125650882721,0.6345903873443604
YMR053C,YOL071W,0,-0.20125732,0.13153572380542755,0.958125650882721,0.6346904039382935
YIL015W,YBL103C,0,-0.2019556,0.13151772320270538,0.958125650882721,0.6347904205322266
YNL302C,YPR165W,0,-0.20195705,0.13149972259998322,0.958125650882721,0.6348904967308044
YOL148C,YMR133W,0,-0.20207904,0.13148173689842224,0.958125650882721,0.6349905133247375
YPL280W,YJL156C,0,-0.20237409,0.13146375119686127,0.958125650882721,0.6350905299186707
YDR125C,YPL178W,0,-0.20239432,0.1314457654953003,0.958125650882721,0.6351905465126038
YGR014W,YGL028C,1,-0.20250285,0.13156455755233765,0.9591226577758789,0.6351905465126038
YDR246W,YOR099W,0,-0.20256898,0.13154655694961548,0.9591226577758789,0.6352905631065369
YLR457C,YGR294W,0,-0.20258187,0.1315285712480545,0.9591226577758789,0.6353906393051147
YML114C,YBL054W,0,-0.20326428,0.13151060044765472,0.9591226577758789,0.6354906558990479
YNL312W,YER018C,0,-0.20330155,0.13149261474609375,0.9591226577758789,0.635590672492981
YOR049C,YPR198W,0,-0.20382111,0.13147464394569397,0.9591226577758789,0.6356906890869141
YGL194C,YMR146C,0,-0.2041977,0.13145668804645538,0.9591226577758789,0.6357907652854919
YMR311C,YAL035W,0,-0.20421118,0.1314387172460556,0.9591226577758789,0.635890781879425
YFL016C,YJR113C,0,-0.20466103,0.13142076134681702,0.9591226577758789,0.6359907984733582
YDL079C,YPL121C,0,-0.20508318,0.13140282034873962,0.9591226577758789,0.6360908150672913
YPR165W,YPR067W,0,-0.20582128,0.13138486444950104,0.9591226577758789,0.6361908316612244
YKL183W,YJR092W,0,-0.2058803,0.13136692345142365,0.9591226577758789,0.6362909078598022
YPR165W,YGL075C,0,-0.20647568,0.13134898245334625,0.9591226577758789,0.6363909244537354
YML013W,YAL028W,0,-0.20678274,0.13133105635643005,0.9591226577758789,0.6364909410476685
YCR034W,YKL160W,0,-0.20698206,0.13131313025951385,0.9591226577758789,0.6365909576416016
YEL026W,YGL105W,0,-0.20765062,0.13129520416259766,0.9591226577758789,0.6366910338401794
YDR339C,YGL237C,0,-0.20767881,0.13127729296684265,0.9591226577758789,0.6367910504341125
YGR220C,YPL058C,0,-0.20772235,0.13125938177108765,0.9591226577758789,0.6368910670280457
YOR267C,YDR118W,0,-0.20781319,0.13124147057533264,0.9591226577758789,0.6369910836219788
YAL029C,YDL089W,0,-0.20789425,0.13122357428073883,0.9591226577758789,0.6370911002159119
YCR077C,YFR009W,0,-0.20790397,0.13120567798614502,0.9591226577758789,0.6371911764144897
YGL246C,YBL079W,0,-0.20827696,0.1311877816915512,0.9591226577758789,0.6372911930084229
YMR250W,YDR080W,0,-0.20898758,0.1311699002981186,0.9591226577758789,0.637391209602356
YDR174W,YGR055W,0,-0.20924269,0.13115200400352478,0.9591226577758789,0.6374912261962891
YDR038C,YDR363W,0,-0.20948257,0.13113413751125336,0.9591226577758789,0.6375913023948669
YMR037C,YJL012C,0,-0.20992288,0.13111625611782074,0.9591226577758789,0.6376913189888
YMR060C,YJL143W,0,-0.21016677,0.13109838962554932,0.9591226577758789,0.6377913355827332
YLR025W,YGR247W,0,-0.21066044,0.1310805231332779,0.9591226577758789,0.6378913521766663
YCL044C,YGR234W,0,-0.21070977,0.13106267154216766,0.9591226577758789,0.6379913687705994
YNR065C,YKL220C,0,-0.2107806,0.13104481995105743,0.9591226577758789,0.6380914449691772
YFL033C,YCR024C,0,-0.210796,0.1310269683599472,0.9591226577758789,0.6381914615631104
YJL173C,YBR109C,0,-0.21093671,0.13100913166999817,0.9591226577758789,0.6382914781570435
YNL103W,YNR006W,0,-0.21098602,0.13099128007888794,0.9591226577758789,0.6383914947509766
YML121W,YNR032W,0,-0.21117146,0.1309734582901001,0.9591226577758789,0.6384915709495544
YAR031W,YOR125C,0,-0.21123809,0.13095562160015106,0.9591226577758789,0.6385915875434875
YGR124W,YMR218C,0,-0.21126847,0.13093779981136322,0.9591226577758789,0.6386916041374207
YDL168W,YEL055C,0,-0.21129213,0.13091997802257538,0.9591226577758789,0.6387916207313538
YER048W-A,YOL146W,0,-0.21131362,0.13090215623378754,0.9591226577758789,0.6388916969299316
YOR193W,YMR131C,0,-0.21277617,0.1308843493461609,0.9591226577758789,0.6389917135238647
YDL067C,YDL030W,0,-0.21310624,0.13086654245853424,0.9591226577758789,0.6390917301177979
YDR280W,YHR182W,0,-0.21371259,0.1308487504720688,0.9591226577758789,0.639191746711731
YMR312W,YBR261C,0,-0.21380776,0.13083095848560333,0.9591226577758789,0.6392917633056641
YKL213C,YNL113W,0,-0.21435286,0.13081316649913788,0.9591226577758789,0.6393918395042419
YFL017W-A,YOL151W,0,-0.21468382,0.13079537451267242,0.9591226577758789,0.639491856098175
YGR014W,YJR153W,1,-0.21521477,0.13091354072093964,0.9601196646690369,0.639491856098175
YLR145W,YDR212W,0,-0.21559131,0.13089574873447418,0.9601196646690369,0.6395918726921082
YMR281W,YKL049C,0,-0.21580184,0.13087795674800873,0.9601196646690369,0.6396918892860413
YHR100C,YOL010W,0,-0.21636856,0.13086016476154327,0.9601196646690369,0.6397919654846191
YPL081W,YPL138C,0,-0.2165149,0.130842387676239,0.9601196646690369,0.6398919820785522
YDR371W,YPL123C,1,-0.21682705,0.13096046447753906,0.9611166715621948,0.6398919820785522
YDL190C,YKL209C,0,-0.21779348,0.1309426724910736,0.9611166715621948,0.6399919986724854
YLR130C,YLR213C,0,-0.21851794,0.13092489540576935,0.9611166715621948,0.6400920152664185
YGL228W,YGL183C,0,-0.21964069,0.1309071183204651,0.9611166715621948,0.6401920318603516
YGL209W,YGR024C,0,-0.2197219,0.13088934123516083,0.9611166715621948,0.6402921080589294
YDR259C,YMR236W,0,-0.2204995,0.13087157905101776,0.9611166715621948,0.6403921246528625
YOR191W,YDL081C,0,-0.22065775,0.1308538019657135,0.9611166715621948,0.6404921412467957
YJR066W,YOR142W,0,-0.22207089,0.13083605468273163,0.9611166715621948,0.6405921578407288
YLR075W,YOR230W,0,-0.22216465,0.13081829249858856,0.9611166715621948,0.6406922340393066
YPL047W,YMR036C,0,-0.22236113,0.1308005452156067,0.9611166715621948,0.6407922506332397
YDL193W,YIL053W,0,-0.22248657,0.13078279793262482,0.9611166715621948,0.6408922672271729
YNR074C,YIL070C,0,-0.2225488,0.13076505064964294,0.9611166715621948,0.640992283821106
YBR115C,YGR078C,0,-0.22265804,0.13074731826782227,0.9611166715621948,0.6410923004150391
YPL148C,YBR061C,0,-0.22372755,0.1307295858860016,0.9611166715621948,0.6411923766136169
YBR152W,YNL185C,0,-0.22391148,0.1307118684053421,0.9611166715621948,0.64129239320755
YLL035W,YJL093C,0,-0.22414087,0.13069413602352142,0.9611166715621948,0.6413924098014832
YER118C,YLR371W,0,-0.22430734,0.13067643344402313,0.9611166715621948,0.6414924263954163
YGR280C,YNL075W,0,-0.2243104,0.13065871596336365,0.9611166715621948,0.6415925025939941
YLR001C,YLL002W,0,-0.2245159,0.13064101338386536,0.9611166715621948,0.6416925191879272
YCL054W,YOR267C,0,-0.2245874,0.13062331080436707,0.9611166715621948,0.6417925357818604
YGR071C,YNL154C,0,-0.22472817,0.13060560822486877,0.9611166715621948,0.6418925523757935
YGL049C,YOR335C,0,-0.22476088,0.13058792054653168,0.9611166715621948,0.6419925689697266
YNR010W,YDR178W,0,-0.22542033,0.13057023286819458,0.9611166715621948,0.6420926451683044
YHR197W,YBR290W,0,-0.22723661,0.13055254518985748,0.9611166715621948,0.6421926617622375
YLL048C,YCL027W,0,-0.22828712,0.13053487241268158,0.9611166715621948,0.6422926783561707
YPL268W,YDR306C,0,-0.22838235,0.13051719963550568,0.9611166715621948,0.6423926949501038
YDR123C,YDR256C,0,-0.22845341,0.13049952685832977,0.9611166715621948,0.6424927711486816
YDL212W,YNL002C,0,-0.22889964,0.13048186898231506,0.9611166715621948,0.6425927877426147
YLR129W,YML070W,0,-0.22893567,0.13046419620513916,0.9611166715621948,0.6426928043365479
YOR264W,YKL057C,0,-0.22904906,0.13044655323028564,0.9611166715621948,0.642792820930481
YBL018C,YDL213C,0,-0.22905262,0.13042889535427094,0.9611166715621948,0.6428928971290588
YMR301C,YER124C,0,-0.22910543,0.13041125237941742,0.9611166715621948,0.6429929137229919
YDR462W,YLL034C,0,-0.22914158,0.1303936094045639,0.9611166715621948,0.643092930316925
YER149C,YOL041C,0,-0.22932784,0.13037598133087158,0.9611166715621948,0.6431929469108582
YNL250W,YLR057W,0,-0.22953331,0.13035835325717926,0.9611166715621948,0.6432929635047913
YER178W,YNR023W,0,-0.22959362,0.13034072518348694,0.9611166715621948,0.6433930397033691
YPL207W,YKL161C,0,-0.22980665,0.13032309710979462,0.9611166715621948,0.6434930562973022
YER035W,YOL042W,0,-0.230797,0.1303054839372635,0.9611166715621948,0.6435930728912354
YDR390C,YMR096W,0,-0.23100458,0.13028787076473236,0.9611166715621948,0.6436930894851685
YML129C,YOR267C,0,-0.23153289,0.13027027249336243,0.9611166715621948,0.6437931656837463
YPL086C,YFR013W,0,-0.23248075,0.1302526742219925,0.9611166715621948,0.6438931822776794
YHL024W,YDR324C,0,-0.23255242,0.13023507595062256,0.9611166715621948,0.6439931988716125
YOR208W,YFL041W,0,-0.2330292,0.13021747767925262,0.9611166715621948,0.6440932154655457
YGL053W,YMR110C,0,-0.23307882,0.13019989430904388,0.9611166715621948,0.6441932320594788
YHR205W,YPL075W,0,-0.23318698,0.13018231093883514,0.9611166715621948,0.6442933082580566
YCR098C,YDR071C,0,-0.23331602,0.1301647275686264,0.9611166715621948,0.6443933248519897
YDR267C,YKR081C,0,-0.23351969,0.13014715909957886,0.9611166715621948,0.6444933414459229
YLR120C,YFR037C,0,-0.23570488,0.1301295906305313,0.9611166715621948,0.644593358039856
YJR057W,YJR101W,0,-0.23642299,0.13011202216148376,0.9611166715621948,0.6446934342384338
YDL049C,YOR208W,0,-0.23669459,0.1300944685935974,0.9611166715621948,0.6447934508323669
YGR100W,YEL013W,0,-0.23687416,0.13007691502571106,0.9611166715621948,0.6448934674263
YNL145W,YNL300W,1,-0.2370012,0.1301942765712738,0.9621136784553528,0.6448934674263
YFL056C,YNL314W,0,-0.23756965,0.13017672300338745,0.9621136784553528,0.6449934840202332
YOL141W,YJR135W-A,0,-0.23864742,0.1301591545343399,0.9621136784553528,0.6450935006141663
YGR010W,YGL166W,0,-0.23915571,0.13014160096645355,0.9621136784553528,0.6451935768127441
YLR370C,YPL164C,0,-0.23921344,0.1301240622997284,0.9621136784553528,0.6452935934066772
YKL026C,YCL031C,0,-0.23922761,0.13010650873184204,0.9621136784553528,0.6453936100006104
YLR422W,YDL120W,0,-0.23930013,0.13008897006511688,0.9621136784553528,0.6454936265945435
YMR276W,YLR086W,0,-0.2394986,0.13007143139839172,0.9621136784553528,0.6455937027931213
YHR046C,YKL220C,0,-0.23952545,0.13005390763282776,0.9621136784553528,0.6456937193870544
YHR076W,YDL043C,0,-0.23977126,0.1300363838672638,0.9621136784553528,0.6457937359809875
YJR098C,YER168C,0,-0.24009033,0.13001886010169983,0.9621136784553528,0.6458937525749207
YJR051W,YKL109W,0,-0.24009247,0.13000135123729706,0.9621136784553528,0.6459937691688538
YGL228W,YGL121C,0,-0.24074496,0.1299838423728943,0.9621136784553528,0.6460938453674316
YJL033W,YHR040W,0,-0.24119915,0.12996633350849152,0.9621136784553528,0.6461938619613647
YHR023W,YLR256W,0,-0.2422886,0.12994882464408875,0.9621136784553528,0.6462938785552979
YBR150C,YPL139C,0,-0.24229978,0.12993133068084717,0.9621136784553528,0.646393895149231
YLR242C,YOR011W,0,-0.24239272,0.1299138367176056,0.9621136784553528,0.6464939713478088
YDL054C,YPL074W,0,-0.24248873,0.1298963576555252,0.9621136784553528,0.6465939879417419
YBR128C,YPL215W,0,-0.24251421,0.12987886369228363,0.9621136784553528,0.646694004535675
YDR167W,YML016C,0,-0.24305929,0.12986138463020325,0.9621136784553528,0.6467940211296082
YNL175C,YNL108C,0,-0.24345906,0.12984392046928406,0.9621136784553528,0.646894097328186
YLR386W,YER001W,0,-0.24368589,0.12982645630836487,0.9621136784553528,0.6469941139221191
YDR312W,YJR041C,0,-0.24447766,0.12980899214744568,0.9621136784553528,0.6470941305160522
YNL008C,YKR057W,0,-0.24449237,0.1297915279865265,0.9621136784553528,0.6471941471099854
YDL045W-A,YML093W,0,-0.24451469,0.1297740787267685,0.9621136784553528,0.6472941637039185
YDL231C,YDR423C,0,-0.24487282,0.1297566294670105,0.9621136784553528,0.6473942399024963
YHR008C,YJR101W,0,-0.24538615,0.1297391802072525,0.9621136784553528,0.6474942564964294
YBR161W,YDR206W,0,-0.24557263,0.1297217309474945,0.9621136784553528,0.6475942730903625
YMR135C,YBR237W,0,-0.24620095,0.1297042965888977,0.9621136784553528,0.6476942896842957
YCR077C,YJR048W,0,-0.24633992,0.1296868771314621,0.9621136784553528,0.6477943658828735
YDL150W,YDR477W,0,-0.24791473,0.1296694427728653,0.9621136784553528,0.6478943824768066
YPL215W,YJR004C,0,-0.24834238,0.1296520233154297,0.9621136784553528,0.6479943990707397
YBR029C,YBR083W,0,-0.24967234,0.12963460385799408,0.9621136784553528,0.6480944156646729
YGL187C,YJR055W,0,-0.24987404,0.12961719930171967,0.9621136784553528,0.648194432258606
YCR035C,YDR332W,0,-0.250951,0.12959977984428406,0.9621136784553528,0.6482945084571838
YLR292C,YJL042W,0,-0.25121912,0.12958237528800964,0.9621136784553528,0.6483945250511169
YHR142W,YLR190W,0,-0.2515001,0.12956498563289642,0.9621136784553528,0.64849454164505
YGL166W,YHR069C,0,-0.25153702,0.1295475959777832,0.9621136784553528,0.6485945582389832
YBL005W,YLR027C,0,-0.2525294,0.12953020632266998,0.9621136784553528,0.648694634437561
YHR075C,YOR316C,0,-0.25311556,0.12951281666755676,0.9621136784553528,0.6487946510314941
YCR036W,YJL148W,0,-0.25350735,0.12949544191360474,0.9621136784553528,0.6488946676254272
YDR233C,YOR270C,0,-0.25366038,0.1294780671596527,0.9621136784553528,0.6489946842193604
YNL302C,YKL209C,0,-0.2536842,0.12946069240570068,0.9621136784553528,0.6490947008132935
YLR035C,YMR076C,0,-0.25380543,0.12944333255290985,0.9621136784553528,0.6491947770118713
YOL065C,YDR488C,0,-0.25420785,0.12942597270011902,0.9621136784553528,0.6492947936058044
YML101C,YOR205C,0,-0.25423938,0.12940861284732819,0.9621136784553528,0.6493948101997375
YMR036C,YDR496C,0,-0.25426516,0.12939125299453735,0.9621136784553528,0.6494948267936707
YDL119C,YGR162W,0,-0.25462863,0.12937390804290771,0.9621136784553528,0.6495949029922485
YNR041C,YDR030C,0,-0.25595918,0.12935656309127808,0.9621136784553528,0.6496949195861816
YJL143W,YLR401C,0,-0.25611392,0.12933923304080963,0.9621136784553528,0.6497949361801147
YBR211C,YLL057C,0,-0.25687793,0.1293219029903412,0.9621136784553528,0.6498949527740479
YLR081W,YAR033W,0,-0.25689796,0.12930457293987274,0.9621136784553528,0.649994969367981
YLR427W,YLR203C,0,-0.25706944,0.1292872428894043,0.9621136784553528,0.6500950455665588
YFL042C,YDR523C,0,-0.25732207,0.12926992774009705,0.9621136784553528,0.6501950621604919
YIL075C,YJL208C,0,-0.25822005,0.1292526125907898,0.9621136784553528,0.650295078754425
YIL043C,YIL150C,0,-0.2591841,0.12923529744148254,0.9621136784553528,0.6503950953483582
YMR179W,YOR173W,0,-0.2592514,0.1292179971933365,0.9621136784553528,0.650495171546936
YGR254W,YIL052C,0,-0.25937322,0.12920069694519043,0.9621136784553528,0.6505951881408691
YHR043C,YGR072W,0,-0.25975353,0.12918339669704437,0.9621136784553528,0.6506952047348022
YAL061W,YJR004C,0,-0.26014045,0.1291661113500595,0.9621136784553528,0.6507952213287354
YER166W,YLR118C,0,-0.26059303,0.12914882600307465,0.9621136784553528,0.6508952975273132
YPL122C,YIL124W,0,-0.26143673,0.12913154065608978,0.9621136784553528,0.6509953141212463
YGL144C,YOR096W,0,-0.2615805,0.1291142702102661,0.9621136784553528,0.6510953307151794
YDR349C,YNR007C,0,-0.2619521,0.12909698486328125,0.9621136784553528,0.6511953473091125
YJL133W,YDR284C,0,-0.2623808,0.12907971441745758,0.9621136784553528,0.6512953639030457
YHR205W,YOR329C,0,-0.26249567,0.1290624588727951,0.9621136784553528,0.6513954401016235
YMR163C,YNR027W,0,-0.2626852,0.12904520332813263,0.9621136784553528,0.6514954566955566
YLR021W,YNL037C,0,-0.26274937,0.12902794778347015,0.9621136784553528,0.6515954732894897
YPL048W,YPL091W,0,-0.26302028,0.12901069223880768,0.9621136784553528,0.6516954898834229
YLR187W,YDR406W,0,-0.26319677,0.1289934515953064,0.9621136784553528,0.6517955660820007
YPL097W,YGL038C,0,-0.2633341,0.12897621095180511,0.9621136784553528,0.6518955826759338
YGR145W,YNL129W,0,-0.26354066,0.12895897030830383,0.9621136784553528,0.6519955992698669
YDR453C,YKR029C,0,-0.2642416,0.12894174456596375,0.9621136784553528,0.6520956158638
YMR236W,YIL040W,0,-0.2642679,0.12892451882362366,0.9621136784553528,0.6521956324577332
YNL251C,YFL001W,0,-0.26500463,0.12890729308128357,0.9621136784553528,0.652295708656311
YGR175C,YPL011C,0,-0.26525614,0.12889008224010468,0.9621136784553528,0.6523957252502441
YDL168W,YGR024C,0,-0.2654784,0.1288728564977646,0.9621136784553528,0.6524957418441772
YLR007W,YDR033W,0,-0.26588616,0.1288556605577469,0.9621136784553528,0.6525957584381104
YER069W,YPR190C,0,-0.26632124,0.128838449716568,0.9621136784553528,0.6526958346366882
YFR015C,YOL113W,0,-0.26676744,0.1288212537765503,0.9621136784553528,0.6527958512306213
YIL107C,YGR234W,0,-0.267718,0.1288040578365326,0.9621136784553528,0.6528958678245544
YLR021W,YGL195W,0,-0.26809052,0.1287868618965149,0.9621136784553528,0.6529958844184875
YNL132W,YLR285W,0,-0.26814517,0.1287696808576584,0.9621136784553528,0.6530959010124207
YNL053W,YLR256W,0,-0.26831755,0.12875249981880188,0.9621136784553528,0.6531959772109985
YDR218C,YNL229C,0,-0.26916027,0.12873531877994537,0.9621136784553528,0.6532959938049316
YLR353W,YBR250W,0,-0.27213448,0.12871815264225006,0.9621136784553528,0.6533960103988647
YIL097W,YIL076W,0,-0.27276337,0.12870098650455475,0.9621136784553528,0.6534960269927979
YGR220C,YDR511W,0,-0.2728605,0.12868382036685944,0.9621136784553528,0.6535961031913757
YGL209W,YMR032W,0,-0.27288008,0.12866666913032532,0.9621136784553528,0.6536961197853088
YBR021W,YOR265W,0,-0.2732084,0.1286495178937912,0.9621136784553528,0.6537961363792419
YBR168W,YKL018W,0,-0.27349657,0.12863236665725708,0.9621136784553528,0.653896152973175
YER013W,YNR076W,0,-0.2738826,0.12861521542072296,0.9621136784553528,0.6539961695671082
YOL139C,YMR136W,0,-0.27408046,0.12859807908535004,0.9621136784553528,0.654096245765686
YBR141C,YPR190C,0,-0.27423418,0.1285809427499771,0.9621136784553528,0.6541962623596191
YMR167W,YLR024C,0,-0.27446687,0.12856382131576538,0.9621136784553528,0.6542962789535522
YML099C,YDR282C,0,-0.2754493,0.12854668498039246,0.9621136784553528,0.6543962955474854
YER060W,YOL135C,0,-0.27571577,0.12852956354618073,0.9621136784553528,0.6544963717460632
YDR260C,YHR052W,0,-0.27603367,0.1285124570131302,0.9621136784553528,0.6545963883399963
YNL103W,YIL074C,0,-0.27614665,0.12849533557891846,0.9621136784553528,0.6546964049339294
YGL021W,YPR003C,0,-0.2771914,0.12847822904586792,0.9621136784553528,0.6547964215278625
YOR168W,YHR160C,0,-0.27736047,0.12846112251281738,0.9621136784553528,0.6548964977264404
YNR041C,YDL235C,0,-0.2778609,0.12844403088092804,0.9621136784553528,0.6549965143203735
YDL190C,YPR124W,0,-0.27826884,0.1284269392490387,0.9621136784553528,0.6550965309143066
YML062C,YNL122C,0,-0.27844444,0.12840984761714935,0.9621136784553528,0.6551965475082397
YJR042W,YBR152W,0,-0.2805558,0.12839275598526,0.9621136784553528,0.6552965641021729
YGL071W,YJL103C,0,-0.28068832,0.12837567925453186,0.9621136784553528,0.6553966403007507
YBL046W,YOR204W,0,-0.28088024,0.1283586025238037,0.9621136784553528,0.6554966568946838
YLR394W,YPR125W,0,-0.28141508,0.12834154069423676,0.9621136784553528,0.6555966734886169
YHR167W,YOR386W,0,-0.28184676,0.1283244639635086,0.9621136784553528,0.65569669008255
YDR461W,YBR291C,0,-0.2819234,0.12830740213394165,0.9621136784553528,0.6557967662811279
YBR227C,YLR051C,0,-0.2827931,0.1282903552055359,0.9621136784553528,0.655896782875061
YDR140W,YDR198C,0,-0.28411576,0.12827329337596893,0.9621136784553528,0.6559967994689941
YPL137C,YJL030W,0,-0.28424022,0.12825624644756317,0.9621136784553528,0.6560968160629272
YHR188C,YPL174C,0,-0.28495017,0.1282391995191574,0.9621136784553528,0.6561968326568604
YLR315W,YKL020C,0,-0.28530505,0.12822216749191284,0.9621136784553528,0.6562969088554382
YGR200C,YIR012W,0,-0.28626,0.12820513546466827,0.9621136784553528,0.6563969254493713
YPR008W,YOR016C,0,-0.28660193,0.1281881034374237,0.9621136784553528,0.6564969420433044
YMR083W,YJL140W,0,-0.2873979,0.12817107141017914,0.9621136784553528,0.6565969586372375
YNL278W,YJL190C,0,-0.2879136,0.12815405428409576,0.9621136784553528,0.6566970348358154
YPR005C,YPL015C,0,-0.28795683,0.1281370371580124,0.9621136784553528,0.6567970514297485
YGR227W,YDR030C,0,-0.2882088,0.12812002003192902,0.9621136784553528,0.6568970680236816
YIL101C,YLR453C,0,-0.2884141,0.12810301780700684,0.9621136784553528,0.6569970846176147
YBR142W,YIL004C,0,-0.2889719,0.12808601558208466,0.9621136784553528,0.6570971012115479
YLR315W,YKL096W-A,0,-0.28906807,0.12806901335716248,0.9621136784553528,0.6571971774101257
YDR507C,YJL168C,0,-0.2892534,0.1280520111322403,0.9621136784553528,0.6572971940040588
YHL024W,YDR365C,0,-0.28962436,0.1280350238084793,0.9621136784553528,0.6573972105979919
YIL142W,YPR009W,0,-0.2896972,0.12801803648471832,0.9621136784553528,0.657497227191925
YJL183W,YIL038C,0,-0.2907167,0.12800106406211853,0.9621136784553528,0.6575973033905029
YMR158W,YEL032W,0,-0.29088053,0.12798409163951874,0.9621136784553528,0.657697319984436
YKL004W,YBR058C,0,-0.29101303,0.12796711921691895,0.9621136784553528,0.6577973365783691
YML099C,YMR296C,0,-0.2914314,0.12795014679431915,0.9621136784553528,0.6578973531723022
YPR167C,YFR036W,0,-0.29237774,0.12793318927288055,0.9621136784553528,0.6579973697662354
YOR233W,YKL170W,0,-0.29272303,0.12791623175144196,0.9621136784553528,0.6580974459648132
YNL128W,YOR189W,0,-0.2927875,0.12789927423000336,0.9621136784553528,0.6581974625587463
YAL023C,YBR061C,0,-0.29300612,0.12788231670856476,0.9621136784553528,0.6582974791526794
YMR060C,YOR192C,0,-0.29300904,0.12786537408828735,0.9621136784553528,0.6583974957466125
YIL084C,YBR169C,0,-0.29329285,0.12784843146800995,0.9621136784553528,0.6584975719451904
YOL042W,YNL314W,0,-0.29348,0.12783150374889374,0.9621136784553528,0.6585975885391235
YNL164C,YKR013W,0,-0.29417098,0.12781457602977753,0.9621136784553528,0.6586976051330566
YGR152C,YGL120C,0,-0.2943004,0.12779764831066132,0.9621136784553528,0.6587976217269897
YNR065C,YGR171C,0,-0.29699102,0.1277807205915451,0.9621136784553528,0.6588976979255676
YCL004W,YKR100C,0,-0.29745585,0.1277638077735901,0.9621136784553528,0.6589977145195007
YLR332W,YDL122W,0,-0.29805735,0.12774689495563507,0.9621136784553528,0.6590977311134338
YHR177W,YDL088C,0,-0.29903683,0.12772998213768005,0.9621136784553528,0.6591977477073669
YKR102W,YAL063C,1,-0.29948273,0.1278454214334488,0.9631106853485107,0.6591977477073669
YML063W,YNL116W,0,-0.29951125,0.12782850861549377,0.9631106853485107,0.6592977643013
YOR264W,YBR236C,0,-0.3014993,0.12781159579753876,0.9631106853485107,0.6593978404998779
YDL145C,YLL038C,0,-0.30168986,0.12779468297958374,0.9631106853485107,0.659497857093811
YLR393W,YPL174C,0,-0.30175945,0.12777778506278992,0.9631106853485107,0.6595978736877441
YPR128C,YBR017C,0,-0.30210584,0.1277608722448349,0.9631106853485107,0.6596978902816772
YER069W,YGL005C,0,-0.30294222,0.12774398922920227,0.9631106853485107,0.6597979664802551
YLR369W,YML116W,0,-0.30314806,0.12772709131240845,0.9631106853485107,0.6598979830741882
YMR029C,YGL105W,0,-0.3032038,0.12771020829677582,0.9631106853485107,0.6599979996681213
YKR086W,YLR399C,0,-0.30351523,0.1276933252811432,0.9631106853485107,0.6600980162620544
YHL038C,YGR263C,0,-0.30380195,0.12767644226551056,0.9631106853485107,0.6601980328559875
YML006C,YNL202W,0,-0.303959,0.12765957415103912,0.9631106853485107,0.6602981090545654
YML093W,YPL040C,0,-0.30425924,0.1276427060365677,0.9631106853485107,0.6603981256484985
YLR274W,YJL165C,0,-0.30458203,0.12762583792209625,0.9631106853485107,0.6604981422424316
YGL044C,YEL024W,0,-0.30466232,0.127608984708786,0.9631106853485107,0.6605981588363647
YEL059C-A,YJR050W,0,-0.30491444,0.12759213149547577,0.9631106853485107,0.6606982350349426
YMR014W,YJR111C,0,-0.30580315,0.12757527828216553,0.9631106853485107,0.6607982516288757
YPL010W,YHR017W,0,-0.3063603,0.12755842506885529,0.9631106853485107,0.6608982682228088
YPR106W,YNL021W,0,-0.30650932,0.12754158675670624,0.9631106853485107,0.6609982848167419
YGR264C,YHR058C,0,-0.30653727,0.1275247484445572,0.9631106853485107,0.661098301410675
YNL145W,YJR151C,1,-0.30691537,0.12763991951942444,0.9641076922416687,0.661098301410675
YDR138W,YOR101W,0,-0.307609,0.1276230663061142,0.9641076922416687,0.6611983776092529
YDR457W,YGL133W,0,-0.30784374,0.12760622799396515,0.9641076922416687,0.661298394203186
YFR016C,YGR171C,0,-0.30800512,0.1275893896818161,0.9641076922416687,0.6613984107971191
YDR087C,YDR482C,0,-0.308366,0.12757256627082825,0.9641076922416687,0.6614984273910522
YHR005C,YNR043W,0,-0.30854678,0.1275557279586792,0.9641076922416687,0.6615985035896301
YMR167W,YIR021W,0,-0.30886257,0.12753890454769135,0.9641076922416687,0.6616985201835632
YLR226W,YNL314W,0,-0.30896455,0.12752209603786469,0.9641076922416687,0.6617985367774963
YML124C,YNL096C,0,-0.30918297,0.12750527262687683,0.9641076922416687,0.6618985533714294
YMR176W,YDR060W,0,-0.30923548,0.12748846411705017,0.9641076922416687,0.6619985699653625
YBR196C,YGL031C,0,-0.30930647,0.1274716556072235,0.9641076922416687,0.6620986461639404
YMR276W,YHR129C,0,-0.30980363,0.12745486199855804,0.9641076922416687,0.6621986627578735
YGL226C-A,YDR418W,0,-0.3099998,0.12743805348873138,0.9641076922416687,0.6622986793518066
YGR063C,YLR166C,0,-0.3101788,0.1274212747812271,0.9641076922416687,0.6623986959457397
YDR022C,YHR005C-A,0,-0.3109102,0.12740448117256165,0.9641076922416687,0.6624987721443176
YNL251C,YML115C,0,-0.3111669,0.12738770246505737,0.9641076922416687,0.6625987887382507
YHR165C,YCR037C,0,-0.31217068,0.1273709237575531,0.9641076922416687,0.6626988053321838
YMR234W,YLR135W,0,-0.31237546,0.12735414505004883,0.9641076922416687,0.6627988219261169
YLR207W,YDR317W,0,-0.31298178,0.12733736634254456,0.9641076922416687,0.6628988981246948
YPR171W,YGL054C,0,-0.3131648,0.12732060253620148,0.9641076922416687,0.6629989147186279
YPL031C,YLR020C,0,-0.31344685,0.1273038387298584,0.9641076922416687,0.663098931312561
YKL126W,YKL143W,0,-0.31351948,0.1272870898246765,0.9641076922416687,0.6631989479064941
YJL090C,YOR301W,0,-0.3135572,0.12727034091949463,0.9641076922416687,0.6632989645004272
YNL027W,YHL017W,0,-0.31377953,0.12725359201431274,0.9641076922416687,0.6633990406990051
YJL097W,YOL089C,0,-0.3139124,0.12723684310913086,0.9641076922416687,0.6634990572929382
YBL013W,YAL009W,0,-0.31401172,0.12722010910511017,0.9641076922416687,0.6635990738868713
YGL173C,YDL116W,0,-0.31514046,0.12720336019992828,0.9641076922416687,0.6636990904808044
YPL266W,YOL066C,0,-0.31524202,0.1271866410970688,0.9641076922416687,0.6637991666793823
YGR068C,YBR057C,0,-0.31540668,0.1271699070930481,0.9641076922416687,0.6638991832733154
YDR439W,YLR054C,0,-0.31542152,0.1271531879901886,0.9641076922416687,0.6639991998672485
YHR177W,YHR044C,0,-0.31550083,0.1271364688873291,0.9641076922416687,0.6640992164611816
YPL173W,YER153C,0,-0.31583884,0.1271197646856308,0.9641076922416687,0.6641992330551147
YCR063W,YLR052W,0,-0.31647715,0.1271030455827713,0.9641076922416687,0.6642993092536926
YGL226C-A,YLR265C,0,-0.31712207,0.127086341381073,0.9641076922416687,0.6643993258476257
YGR106C,YPL228W,0,-0.3176743,0.1270696520805359,0.9641076922416687,0.6644993424415588
YPL226W,YDR409W,0,-0.3177438,0.12705294787883759,0.9641076922416687,0.6645993590354919
YBR161W,YJR001W,0,-0.31785002,0.12703625857830048,0.9641076922416687,0.6646994352340698
YPL148C,YDR519W,0,-0.31832477,0.12701956927776337,0.9641076922416687,0.6647994518280029
YPR199C,YLR020C,0,-0.31855777,0.12700289487838745,0.9641076922416687,0.664899468421936
YML075C,YLR221C,0,-0.31931564,0.12698620557785034,0.9641076922416687,0.6649994850158691
YGR144W,YNR052C,0,-0.31952676,0.12696953117847443,0.9641076922416687,0.6650995016098022
YDL049C,YNR003C,0,-0.320263,0.1269528716802597,0.9641076922416687,0.6651995778083801
YPR025C,YIL015W,0,-0.32027635,0.1269361972808838,0.9641076922416687,0.6652995944023132
YBR101C,YOR155C,0,-0.32075524,0.12691953778266907,0.9641076922416687,0.6653996109962463
YKL068W,YOL155C,0,-0.3209248,0.12690289318561554,0.9641076922416687,0.6654996275901794
YDR207C,YOR099W,0,-0.32134804,0.12688623368740082,0.9641076922416687,0.6655997037887573
YOR117W,YLR136C,0,-0.32140023,0.1268695890903473,0.9641076922416687,0.6656997203826904
YPR199C,YPR118W,0,-0.32161352,0.12685294449329376,0.9641076922416687,0.6657997369766235
YER075C,YDR079W,0,-0.32166538,0.12683629989624023,0.9641076922416687,0.6658997535705566
YNL218W,YGL125W,0,-0.3219082,0.1268196702003479,0.9641076922416687,0.6659997701644897
YMR250W,YLR277C,0,-0.32191882,0.12680304050445557,0.9641076922416687,0.6660998463630676
YLL035W,YDR032C,0,-0.32207468,0.12678641080856323,0.9641076922416687,0.6661998629570007
YPL259C,YGL256W,0,-0.32221678,0.1267697960138321,0.9641076922416687,0.6662998795509338
YOR145C,YDR334W,0,-0.32222432,0.12675318121910095,0.9641076922416687,0.6663998961448669
YFR010W,YML125C,0,-0.32222724,0.1267365664243698,0.9641076922416687,0.6664999723434448
YML043C,YCR035C,0,-0.32236728,0.12671995162963867,0.9641076922416687,0.6665999889373779
YNR019W,YDL120W,0,-0.3225036,0.12670335173606873,0.9641076922416687,0.666700005531311
YDR324C,YBR195C,0,-0.32279485,0.12668675184249878,0.9641076922416687,0.6668000221252441
YOL055C,YOR275C,0,-0.32298484,0.12667016685009003,0.9641076922416687,0.666900098323822
YNL008C,YER001W,0,-0.32360724,0.12665356695652008,0.9641076922416687,0.6670001149177551
YBL098W,YJL148W,0,-0.32431063,0.12663698196411133,0.9641076922416687,0.6671001315116882
YOL072W,YGL168W,0,-0.32466105,0.12662039697170258,0.9641076922416687,0.6672001481056213
YCR075C,YJL047C,0,-0.32520968,0.12660382688045502,0.9641076922416687,0.6673001646995544
YMR061W,YJL180C,0,-0.32541665,0.12658725678920746,0.9641076922416687,0.6674002408981323
YJL156C,YPL158C,0,-0.32551354,0.1265706866979599,0.9641076922416687,0.6675002574920654
YNL026W,YNL003C,0,-0.32586017,0.12655411660671234,0.9641076922416687,0.6676002740859985
YPR089W,YLR045C,0,-0.326055,0.12653756141662598,0.9641076922416687,0.6677002906799316
YER042W,YLL008W,0,-0.3269257,0.1265210062265396,0.9641076922416687,0.6678003668785095
YPR103W,YNR022C,0,-0.32816508,0.12650445103645325,0.9641076922416687,0.6679003834724426
YML112W,YDR155C,0,-0.3282582,0.12648789584636688,0.9641076922416687,0.6680004000663757
YDR071C,YFL020C,0,-0.32856092,0.1264713555574417,0.9641076922416687,0.6681004166603088
YBR261C,YDR304C,0,-0.32896796,0.12645481526851654,0.9641076922416687,0.6682004332542419
YNL312W,YLR197W,0,-0.32967573,0.12643828988075256,0.9641076922416687,0.6683005094528198
YDR376W,YLR251W,0,-0.33013436,0.1264217495918274,0.9641076922416687,0.6684005260467529
YKL091C,YOL095C,0,-0.33123475,0.12640522420406342,0.9641076922416687,0.668500542640686
YML071C,YJL209W,0,-0.33248118,0.12638871371746063,0.9641076922416687,0.6686005592346191
YGL213C,YMR306W,0,-0.3326297,0.12637218832969666,0.9641076922416687,0.668700635433197
YNR037C,YHR115C,0,-0.33371416,0.12635567784309387,0.9641076922416687,0.6688006520271301
YLR318W,YJL146W,0,-0.3337287,0.1263391673564911,0.9641076922416687,0.6689006686210632
YPL030W,YDL076C,0,-0.3345896,0.1263226717710495,0.9641076922416687,0.6690006852149963
YER182W,YOR281C,0,-0.33495107,0.12630616128444672,0.9641076922416687,0.6691007018089294
YIL023C,YJL035C,0,-0.33514047,0.12628966569900513,0.9641076922416687,0.6692007780075073
YNL027W,YGR106C,0,-0.33515465,0.12627318501472473,0.9641076922416687,0.6693007946014404
YFL016C,YBR094W,0,-0.33526856,0.12625668942928314,0.9641076922416687,0.6694008111953735
YLR197W,YMR290C,0,-0.33530167,0.12624020874500275,0.9641076922416687,0.6695008277893066
YGR178C,YPL123C,0,-0.33535853,0.12622372806072235,0.9641076922416687,0.6696009039878845
YDR174W,YDR457W,0,-0.33594355,0.12620726227760315,0.9641076922416687,0.6697009205818176
YBR265W,YPL015C,0,-0.33619457,0.12619078159332275,0.9641076922416687,0.6698009371757507
YNL128W,YDL111C,0,-0.33736905,0.12617431581020355,0.9641076922416687,0.6699009537696838
YOR293W,YPL085W,0,-0.33821556,0.12615786492824554,0.9641076922416687,0.6700010299682617
YDR106W,YLL003W,0,-0.33827177,0.12614139914512634,0.9641076922416687,0.6701010465621948
YFR028C,YLR285W,0,-0.33836117,0.12612494826316833,0.9641076922416687,0.6702010631561279
YPL058C,YKL191W,0,-0.33847046,0.12610849738121033,0.9641076922416687,0.670301079750061
YIL169C,YJR153W,1,-0.33869973,0.12622246146202087,0.9651046991348267,0.670301079750061
YEL064C,YER051W,0,-0.33883807,0.12620599567890167,0.9651046991348267,0.6704010963439941
YOR057W,YLL039C,0,-0.33890063,0.12618954479694366,0.9651046991348267,0.670501172542572
YMR183C,YCR011C,0,-0.33894756,0.12617309391498566,0.9651046991348267,0.6706011891365051
YDL190C,YPR179C,0,-0.33956704,0.12615665793418884,0.9651046991348267,0.6707012057304382
YMR300C,YLL031C,0,-0.33978072,0.12614020705223083,0.9651046991348267,0.6708012223243713
YER172C,YDR511W,0,-0.3402899,0.12612377107143402,0.9651046991348267,0.6709012985229492
YER178W,YLR448W,0,-0.34056407,0.1261073499917984,0.9651046991348267,0.6710013151168823
YNL224C,YLR319C,0,-0.3427996,0.1260909140110016,0.9651046991348267,0.6711013317108154
YHR016C,YKL034W,0,-0.3433884,0.12607449293136597,0.9651046991348267,0.6712013483047485
YDR244W,YER061C,0,-0.34399018,0.12605808675289154,0.9651046991348267,0.6713013648986816
YOL120C,YBR109C,0,-0.34544474,0.12604166567325592,0.9651046991348267,0.6714014410972595
YMR056C,YBL042C,0,-0.3457628,0.1260252594947815,0.9651046991348267,0.6715014576911926
YBL061C,YNL154C,0,-0.3459225,0.12600885331630707,0.9651046991348267,0.6716014742851257
YLR341W,YDR402C,0,-0.34640488,0.12599244713783264,0.9651046991348267,0.6717014908790588
YDR093W,YKL021C,0,-0.34644985,0.1259760558605194,0.9651046991348267,0.6718015670776367
YOR189W,YGL142C,0,-0.3466739,0.12595966458320618,0.9651046991348267,0.6719015836715698
YLR150W,YDL008W,0,-0.34679917,0.12594327330589294,0.9651046991348267,0.6720016002655029
YGL228W,YNR059W,0,-0.34720823,0.1259268969297409,0.9651046991348267,0.672101616859436
YJL057C,YJR092W,0,-0.34724146,0.12591050565242767,0.9651046991348267,0.6722016334533691
YBR079C,YBR290W,0,-0.34733847,0.12589412927627563,0.9651046991348267,0.672301709651947
YLR438C-A,YDR486C,0,-0.34766832,0.1258777678012848,0.9651046991348267,0.6724017262458801
YDL049C,YJR010C-A,0,-0.34793457,0.12586139142513275,0.9651046991348267,0.6725017428398132
YOR060C,YJR004C,0,-0.3484213,0.1258450299501419,0.9651046991348267,0.6726017594337463
YKR036C,YJR125C,0,-0.34967664,0.12582866847515106,0.9651046991348267,0.6727018356323242
YPR095C,YOR192C,0,-0.3497911,0.1258123219013214,0.9651046991348267,0.6728018522262573
YCR037C,YBR177C,0,-0.350004,0.12579597532749176,0.9651046991348267,0.6729018688201904
YBL106C,YPL206C,0,-0.35031188,0.1257796287536621,0.9651046991348267,0.6730018854141235
YDR435C,YDL230W,0,-0.3506225,0.12576328217983246,0.9651046991348267,0.6731019020080566
YFR008W,YKL079W,0,-0.350844,0.125746950507164,0.9651046991348267,0.6732019782066345
YJR042W,YBR109C,0,-0.35086903,0.12573061883449554,0.9651046991348267,0.6733019948005676
YHR043C,YHR047C,0,-0.3513007,0.1257142871618271,0.9651046991348267,0.6734020113945007
YDR218C,YBR264C,0,-0.35150942,0.12569795548915863,0.9651046991348267,0.6735020279884338
YAL039C,YBL040C,0,-0.35152352,0.12568163871765137,0.9651046991348267,0.6736021041870117
YOR025W,YLR293C,0,-0.3517023,0.1256653219461441,0.9651046991348267,0.6737021207809448
YPR121W,YHR057C,1,-0.35173938,0.12577880918979645,0.9661017060279846,0.6737021207809448
YGL038C,YKL127W,0,-0.35227802,0.12576249241828918,0.9661017060279846,0.6738021373748779
YDR144C,YOR190W,1,-0.3528054,0.12587593495845795,0.9670987129211426,0.6738021373748779
YCR024C,YBR297W,0,-0.3537488,0.1258596032857895,0.9670987129211426,0.673902153968811
YDL146W,YBR067C,0,-0.35464606,0.12584328651428223,0.9670987129211426,0.6740022301673889
YOR335C,YNL135C,0,-0.35499406,0.12582695484161377,0.9670987129211426,0.674102246761322
YOR141C,YCR024C-A,0,-0.3551559,0.1258106380701065,0.9670987129211426,0.6742022633552551
YCL054W,YFL016C,0,-0.3555084,0.12579432129859924,0.9670987129211426,0.6743022799491882
YDR128W,YPL176C,0,-0.35556796,0.12577800452709198,0.9670987129211426,0.6744022965431213
YKR037C,YNL002C,0,-0.35560638,0.1257617026567459,0.9670987129211426,0.6745023727416992
YDL019C,YFL036W,0,-0.35639298,0.12574540078639984,0.9670987129211426,0.6746023893356323
YGR252W,YNL108C,0,-0.3567613,0.12572909891605377,0.9670987129211426,0.6747024059295654
YDL100C,YER050C,0,-0.35767126,0.1257128119468689,0.9670987129211426,0.6748024225234985
YHR070W,YML118W,0,-0.35836175,0.12569651007652283,0.9670987129211426,0.6749024987220764
YPR121W,YCL058C,1,-0.35846403,0.12580978870391846,0.9680957198143005,0.6749024987220764
YBR131W,YPL131W,0,-0.35885113,0.12579350173473358,0.9680957198143005,0.6750025153160095
YLL008W,YDR482C,0,-0.35909244,0.1257771998643875,0.9680957198143005,0.6751025319099426
YNL263C,YMR009W,0,-0.35950783,0.12576091289520264,0.9680957198143005,0.6752025485038757
YOL151W,YER142C,0,-0.35954258,0.12574462592601776,0.9680957198143005,0.6753025650978088
YMR023C,YMR153W,0,-0.35985982,0.12572833895683289,0.9680957198143005,0.6754026412963867
YPR107C,YCR011C,0,-0.360851,0.1257120668888092,0.9680957198143005,0.6755026578903198
YDR283C,YHR198C,0,-0.36121592,0.12569579482078552,0.9680957198143005,0.6756026744842529
YKL212W,YPR043W,0,-0.362415,0.12567952275276184,0.9680957198143005,0.675702691078186
YPL050C,YDR173C,0,-0.3626097,0.12566326558589935,0.9680957198143005,0.6758027672767639
YML110C,YHL035C,0,-0.36263952,0.12564699351787567,0.9680957198143005,0.675902783870697
YPR008W,YCR077C,0,-0.36289182,0.12563073635101318,0.9680957198143005,0.6760028004646301
YLR223C,YNL186W,0,-0.3633954,0.1256144940853119,0.9680957198143005,0.6761028170585632
YHR128W,YLR289W,0,-0.363458,0.1255982369184494,0.9680957198143005,0.6762028336524963
YJL127C,YOR355W,0,-0.36360818,0.1255819946527481,0.9680957198143005,0.6763029098510742
YLR109W,YAR018C,0,-0.36398494,0.12556575238704681,0.9680957198143005,0.6764029264450073
YMR029C,YDR009W,0,-0.36425108,0.1255495250225067,0.9680957198143005,0.6765029430389404
YNL255C,YER099C,0,-0.3643229,0.1255332976579666,0.9680957198143005,0.6766029596328735
YLL040C,YPR124W,0,-0.3647422,0.1255170702934265,0.9680957198143005,0.6767030358314514
YDR351W,YDR011W,0,-0.3649253,0.1255008429288864,0.9680957198143005,0.6768030524253845
YKL209C,YBR128C,0,-0.36499694,0.1254846155643463,0.9680957198143005,0.6769030690193176
YHR183W,YDL005C,0,-0.3659875,0.1254684031009674,0.9680957198143005,0.6770030856132507
YPR149W,YDL113C,0,-0.36627558,0.1254521906375885,0.9680957198143005,0.6771031022071838
YMR001C,YDL195W,0,-0.3664279,0.1254359930753708,0.9680957198143005,0.6772031784057617
YFR044C,YGL054C,0,-0.3667247,0.12541979551315308,0.9680957198143005,0.6773031949996948
YJL133W,YDR490C,0,-0.3667769,0.12540358304977417,0.9680957198143005,0.6774032115936279
YCR097W,YDL224C,0,-0.36679953,0.12538740038871765,0.9680957198143005,0.677503228187561
YLR240W,YBL097W,0,-0.36687925,0.12537120282649994,0.9680957198143005,0.6776033043861389
YIL146C,YNL294C,0,-0.36720744,0.12535502016544342,0.9680957198143005,0.677703320980072
YKL095W,YNL187W,0,-0.36751235,0.1253388375043869,0.9680957198143005,0.6778033375740051
YLR037C,YGL256W,0,-0.36768344,0.12532266974449158,0.9680957198143005,0.6779033541679382
YBR293W,YPL063W,0,-0.36833376,0.12530648708343506,0.9680957198143005,0.6780034303665161
YDR415C,YCR092C,0,-0.36856732,0.12529031932353973,0.9680957198143005,0.6781034469604492
YGL203C,YLR300W,0,-0.36885992,0.1252741515636444,0.9680957198143005,0.6782034635543823
YFL014W,YMR282C,0,-0.36950737,0.12525799870491028,0.9680957198143005,0.6783034801483154
YFR001W,YER070W,0,-0.36997113,0.12524184584617615,0.9680957198143005,0.6784034967422485
YPL148C,YPR089W,0,-0.37059173,0.12522569298744202,0.9680957198143005,0.6785035729408264
YJL057C,YDR260C,0,-0.37079978,0.12520954012870789,0.9680957198143005,0.6786035895347595
YBL034C,YNL121C,0,-0.37188947,0.12519340217113495,0.9680957198143005,0.6787036061286926
YDR280W,YNR067C,0,-0.37232015,0.125177264213562,0.9680957198143005,0.6788036227226257
YNL036W,YLR336C,0,-0.37250254,0.12516112625598907,0.9680957198143005,0.6789036989212036
YBR021W,YGL110C,0,-0.37262085,0.12514498829841614,0.9680957198143005,0.6790037155151367
YPR165W,YDR173C,0,-0.37299016,0.1251288652420044,0.9680957198143005,0.6791037321090698
YNL145W,YGR282C,1,-0.3734537,0.12524159252643585,0.9690927267074585,0.6791037321090698
YPL121C,YLL022C,0,-0.37419656,0.12522545456886292,0.9690927267074585,0.6792037487030029
YNR019W,YJL168C,0,-0.37449843,0.12520933151245117,0.9690927267074585,0.679303765296936
YIL035C,YDL246C,0,-0.37467298,0.12519319355487823,0.9690927267074585,0.6794038414955139
YDR448W,YFR043C,0,-0.37492374,0.1251770704984665,0.9690927267074585,0.679503858089447
YOR141C,YOR153W,0,-0.37530664,0.12516096234321594,0.9690927267074585,0.6796038746833801
YPR112C,YKR031C,0,-0.37548178,0.1251448392868042,0.9690927267074585,0.6797038912773132
YDR469W,YDR033W,0,-0.3755103,0.12512873113155365,0.9690927267074585,0.6798039674758911
YJR089W,YGL192W,0,-0.3756273,0.1251126229763031,0.9690927267074585,0.6799039840698242
YKL040C,YDR211W,0,-0.37680674,0.12509652972221375,0.9690927267074585,0.6800040006637573
YBR248C,YHR074W,0,-0.37769368,0.1250804215669632,0.9690927267074585,0.6801040172576904
YNL041C,YMR242C,0,-0.377897,0.12506432831287384,0.9690927267074585,0.6802040338516235
YNL224C,YDL210W,0,-0.37799898,0.12504824995994568,0.9690927267074585,0.6803041100502014
YLR014C,YLR078C,0,-0.3781278,0.12503215670585632,0.9690927267074585,0.6804041266441345
YPR201W,YDL043C,0,-0.37813097,0.12501607835292816,0.9690927267074585,0.6805041432380676
YHR170W,YJR092W,0,-0.37826404,0.125,0.9690927267074585,0.6806041598320007
YIL115C,YLR013W,0,-0.37901798,0.12498392909765244,0.9690927267074585,0.6807042360305786
YIL072W,YPL228W,0,-0.38022327,0.12496785819530487,0.9690927267074585,0.6808042526245117
YMR054W,YJL092W,0,-0.38065994,0.1249517947435379,0.9690927267074585,0.6809042692184448
YNL242W,YAR019C,0,-0.38111278,0.12493573129177094,0.9690927267074585,0.6810042858123779
YMR039C,YGL022W,0,-0.3814401,0.12491967529058456,0.9690927267074585,0.681104302406311
YEL042W,YHR194W,0,-0.38151088,0.12490362673997879,0.9690927267074585,0.6812043786048889
YNL110C,YEL061C,0,-0.38181278,0.12488757818937302,0.9690927267074585,0.681304395198822
YDL061C,YEL052W,0,-0.38182974,0.12487152963876724,0.9690927267074585,0.6814044117927551
YDR289C,YMR301C,0,-0.38229772,0.12485548853874207,0.9690927267074585,0.6815044283866882
YML114C,YPR133W-A,0,-0.38231662,0.12483945488929749,0.9690927267074585,0.6816045045852661
YDR146C,YOR073W,0,-0.38249984,0.1248234212398529,0.9690927267074585,0.6817045211791992
YBR148W,YLR174W,0,-0.38311797,0.12480739504098892,0.9690927267074585,0.6818045377731323
YPL192C,YBR001C,0,-0.38391322,0.12479136884212494,0.9690927267074585,0.6819045543670654
YCL063W,YDL033C,0,-0.3841802,0.12477535009384155,0.9690927267074585,0.6820046305656433
YBR070C,YOR373W,0,-0.3849334,0.12475933879613876,0.9690927267074585,0.6821046471595764
YJL194W,YDR511W,0,-0.38544562,0.12474332749843597,0.9690927267074585,0.6822046637535095
YMR127C,YGR096W,0,-0.3855807,0.12472731620073318,0.9690927267074585,0.6823046803474426
YKL013C,YGL243W,0,-0.38560733,0.12471131980419159,0.9690927267074585,0.6824046969413757
YJR151C,YNR052C,0,-0.3857324,0.1246953159570694,0.9690927267074585,0.6825047731399536
YAL001C,YKL114C,0,-0.38624182,0.1246793195605278,0.9690927267074585,0.6826047897338867
YEL027W,YPL022W,0,-0.38653818,0.1246633306145668,0.9690927267074585,0.6827048063278198
YML130C,YPR061C,0,-0.38668162,0.1246473491191864,0.9690927267074585,0.6828048229217529
YDR055W,YNL066W,1,-0.38687617,0.12475958466529846,0.9700897336006165,0.6828048229217529
YHR168W,YKL140W,0,-0.38699052,0.12474358826875687,0.9700897336006165,0.6829048991203308
YDR284C,YGL245W,0,-0.3870598,0.12472759932279587,0.9700897336006165,0.6830049157142639
YBR205W,YGR238C,0,-0.387679,0.12471161037683487,0.9700897336006165,0.683104932308197
YDL224C,YLL012W,0,-0.3883447,0.12469562888145447,0.9700897336006165,0.6832049489021301
YPL148C,YDR135C,0,-0.38854644,0.12467965483665466,0.9700897336006165,0.6833049654960632
YDR086C,YDR221W,0,-0.3890578,0.12466368079185486,0.9700897336006165,0.6834050416946411
YJR040W,YGR105W,0,-0.38957703,0.12464770674705505,0.9700897336006165,0.6835050582885742
YNL009W,YOR320C,0,-0.38964334,0.12463174015283585,0.9700897336006165,0.6836050748825073
YHL009C,YLR284C,0,-0.38976377,0.12461578100919724,0.9700897336006165,0.6837050914764404
YKL020C,YOR224C,0,-0.39085388,0.12459982186555862,0.9700897336006165,0.6838051676750183
YNL218W,YOR336W,0,-0.39095736,0.12458387017250061,0.9700897336006165,0.6839051842689514
YDR081C,YPR200C,0,-0.39112082,0.1245679184794426,0.9700897336006165,0.6840052008628845
YGL169W,YDR019C,0,-0.3914101,0.12455197423696518,0.9700897336006165,0.6841052174568176
YEL017C-A,YDR279W,0,-0.39220545,0.12453602999448776,0.9700897336006165,0.6842052340507507
YOL076W,YDL142C,0,-0.39222884,0.12452009320259094,0.9700897336006165,0.6843053102493286
YEL005C,YJR024C,0,-0.39275575,0.12450415641069412,0.9700897336006165,0.6844053268432617
YLR398C,YCR088W,0,-0.39307716,0.1244882270693779,0.9700897336006165,0.6845053434371948
YBR172C,YDL178W,0,-0.39320454,0.12447230517864227,0.9700897336006165,0.6846053600311279
YHR040W,YHR189W,0,-0.3936412,0.12445638328790665,0.9700897336006165,0.6847054362297058
YKL024C,YBR080C,0,-0.39401144,0.12444046884775162,0.9700897336006165,0.6848054528236389
YNR017W,YEL051W,0,-0.3946496,0.12442455440759659,0.9700897336006165,0.684905469417572
YLR449W,YIL076W,0,-0.39484945,0.12440863996744156,0.9700897336006165,0.6850054860115051
YHR206W,YBR121C,0,-0.3948646,0.12439274042844772,0.9700897336006165,0.6851055026054382
YOR167C,YLR131C,0,-0.39573425,0.12437684088945389,0.9700897336006165,0.6852055788040161
YGR013W,YIL037C,0,-0.396302,0.12436094135046005,0.9700897336006165,0.6853055953979492
YNL049C,YGR075C,0,-0.39633495,0.12434504926204681,0.9700897336006165,0.6854056119918823
YER065C,YJL174W,1,-0.3966128,0.12445694208145142,0.9710867404937744,0.6854056119918823
YHR088W,YLR304C,0,-0.3966187,0.12444103509187698,0.9710867404937744,0.6855056285858154
YDR200C,YLR244C,0,-0.39670244,0.12442514300346375,0.9710867404937744,0.6856057047843933
YHR025W,YER008C,0,-0.39674562,0.1244092509150505,0.9710867404937744,0.6857057213783264
YIL046W,YOR023C,0,-0.39768726,0.12439335882663727,0.9710867404937744,0.6858057379722595
YAR042W,YGR148C,0,-0.39779088,0.12437747418880463,0.9710867404937744,0.6859057545661926
YDR495C,YDL015C,0,-0.39790633,0.12436159700155258,0.9710867404937744,0.6860058307647705
YAL023C,YJR050W,0,-0.398899,0.12434571981430054,0.9710867404937744,0.6861058473587036
YGR215W,YLL033W,0,-0.39909577,0.12432984262704849,0.9710867404937744,0.6862058639526367
YKR013W,YGL028C,1,-0.39936242,0.12444160878658295,0.9720837473869324,0.6862058639526367
YOR113W,YPR191W,0,-0.39976302,0.1244257241487503,0.9720837473869324,0.6863058805465698
YLR043C,YIL020C,0,-0.39978436,0.12440985441207886,0.9720837473869324,0.6864058971405029
YMR260C,YDR460W,0,-0.39996108,0.12439397722482681,0.9720837473869324,0.6865059733390808
YIR019C,YOR009W,1,-0.4001801,0.1245056763291359,0.9730807542800903,0.6865059733390808
YOR341W,YOL113W,0,-0.40018663,0.12448979914188385,0.9730807542800903,0.6866059899330139
YGL223C,YKL103C,0,-0.4010447,0.1244739219546318,0.9730807542800903,0.686706006526947
YOL030W,YDR144C,1,-0.4012697,0.12458556145429611,0.9740777611732483,0.686706006526947
YNL145W,YAL005C,1,-0.40158093,0.12469717860221863,0.9750747680664062,0.686706006526947
YDR499W,YOR243C,0,-0.40195286,0.12468128651380539,0.9750747680664062,0.6868060231208801
YFL044C,YBL034C,0,-0.40254727,0.12466539442539215,0.9750747680664062,0.686906099319458
YLR265C,YDL159W,0,-0.40271792,0.12464950233697891,0.9750747680664062,0.6870061159133911
YBR269C,YPR191W,0,-0.40291592,0.12463361769914627,0.9750747680664062,0.6871061325073242
YDL149W,YHR005C-A,0,-0.40415922,0.12461774051189423,0.9750747680664062,0.6872061491012573
YDL106C,YHR151C,0,-0.40441892,0.12460186332464218,0.9750747680664062,0.6873061656951904
YHR172W,YOR162C,0,-0.40544316,0.12458598613739014,0.9750747680664062,0.6874062418937683
YPL097W,YDR165W,0,-0.40567422,0.12457011640071869,0.9750747680664062,0.6875062584877014
YDR532C,YER106W,0,-0.4066515,0.12455425411462784,0.9750747680664062,0.6876062750816345
YNR049C,YLL003W,0,-0.40764818,0.12453839182853699,0.9750747680664062,0.6877062916755676
YNL218W,YNL135C,0,-0.40781003,0.12452253699302673,0.9750747680664062,0.6878063678741455
YML034W,YML013W,0,-0.40813774,0.12450668215751648,0.9750747680664062,0.6879063844680786
YPL130W,YJR150C,1,-0.40849897,0.12461812794208527,0.9760717749595642,0.6879063844680786
YDL146W,YOR113W,0,-0.40914094,0.12460226565599442,0.9760717749595642,0.6880064010620117
YML121W,YDR365C,0,-0.40919605,0.12458641082048416,0.9760717749595642,0.6881064176559448
YDR127W,YDR443C,0,-0.40940806,0.12457055598497391,0.9760717749595642,0.6882064342498779
YJR044C,YNL130C,0,-0.40953675,0.12455470860004425,0.9760717749595642,0.6883065104484558
YGR136W,YOR350C,0,-0.40984833,0.1245388612151146,0.9760717749595642,0.6884065270423889
YLR107W,YCR032W,0,-0.4098595,0.12452302128076553,0.9760717749595642,0.688506543636322
YDL191W,YLR424W,0,-0.41003993,0.12450718879699707,0.9760717749595642,0.6886065602302551
YJL153C,YER173W,0,-0.41006872,0.12449135631322861,0.9760717749595642,0.688706636428833
YER092W,YDR151C,0,-0.41035393,0.12447552382946014,0.9760717749595642,0.6888066530227661
YBL009W,YML058W,0,-0.41043696,0.12445969879627228,0.9760717749595642,0.6889066696166992
YPL234C,YLR165C,0,-0.41072777,0.12444388121366501,0.9760717749595642,0.6890066862106323
YAR042W,YLR388W,0,-0.411545,0.12442806363105774,0.9760717749595642,0.6891067028045654
YGR063C,YFR025C,0,-0.41181937,0.12441225349903107,0.9760717749595642,0.6892067790031433
YBR088C,YJL091C,0,-0.41205865,0.1243964433670044,0.9760717749595642,0.6893067955970764
YLL019C,YBR181C,0,-0.41216624,0.12438064068555832,0.9760717749595642,0.6894068121910095
YML081C-A,YBR152W,0,-0.41258726,0.12436483800411224,0.9760717749595642,0.6895068287849426
YHR086W,YNR032W,0,-0.41286275,0.12434904277324677,0.9760717749595642,0.6896069049835205
YBR115C,YDL030W,0,-0.41314065,0.12433324754238129,0.9760717749595642,0.6897069215774536
YOR158W,YGR155W,0,-0.41368875,0.1243174597620964,0.9760717749595642,0.6898069381713867
YLR115W,YDL106C,0,-0.41406974,0.12430167943239212,0.9760717749595642,0.6899069547653198
YLR221C,YLL057C,0,-0.4141142,0.12428589910268784,0.9760717749595642,0.6900070309638977
YJL062W,YHR074W,0,-0.41433433,0.12427011877298355,0.9760717749595642,0.6901070475578308
YLR060W,YIL156W,0,-0.4164376,0.12425434589385986,0.9760717749595642,0.6902070641517639
YPR025C,YBL040C,0,-0.41654822,0.12423858046531677,0.9760717749595642,0.690307080745697
YMR211W,YFR002W,0,-0.41717476,0.12422281503677368,0.9760717749595642,0.6904070973396301
YPR030W,YKR101W,0,-0.41738126,0.12420705705881119,0.9760717749595642,0.690507173538208
YKL181W,YKR020W,0,-0.4185597,0.1241912990808487,0.9760717749595642,0.6906071901321411
YLR154C,YPL193W,0,-0.4188772,0.1241755485534668,0.9760717749595642,0.6907072067260742
YLR205C,YPR164W,0,-0.41967067,0.1241597980260849,0.9760717749595642,0.6908072233200073
YLR248W,YPL072W,0,-0.42007145,0.1241440549492836,0.9760717749595642,0.6909072995185852
YER042W,YDR110W,0,-0.42047608,0.1241283118724823,0.9760717749595642,0.6910073161125183
YPR093C,YBR041W,0,-0.420499,0.1241125762462616,0.9760717749595642,0.6911073327064514
YKR103W,YMR286W,0,-0.4205062,0.1240968406200409,0.9760717749595642,0.6912073493003845
YFR049W,YJL081C,0,-0.42057347,0.12408111244440079,0.9760717749595642,0.6913073658943176
YKL170W,YER159C,0,-0.42061678,0.12406539171934128,0.9760717749595642,0.6914074420928955
YJR042W,YLR393W,0,-0.42074564,0.12404967099428177,0.9760717749595642,0.6915074586868286
YNL110C,YKL179C,0,-0.42143127,0.12403395771980286,0.9760717749595642,0.6916074752807617
YAL007C,YKL006C-A,0,-0.42185277,0.12401824444532394,0.9760717749595642,0.6917074918746948
YGL200C,YPL007C,0,-0.42209086,0.12400253117084503,0.9760717749595642,0.6918075680732727
YOR327C,YFL042C,0,-0.4227276,0.12398682534694672,0.9760717749595642,0.6919075846672058
YGL196W,YGL091C,0,-0.4230437,0.123971126973629,0.9760717749595642,0.6920076012611389
YBR261C,YMR131C,0,-0.42402977,0.12395542860031128,0.9760717749595642,0.692107617855072
YNR009W,YLR057W,0,-0.42450455,0.12393973767757416,0.9760717749595642,0.6922076344490051
YGR006W,YLR213C,0,-0.42450935,0.12392405420541763,0.9760717749595642,0.692307710647583
YDR277C,YGL063W,0,-0.42551598,0.12390836328268051,0.9760717749595642,0.6924077272415161
YHR207C,YLR264W,0,-0.425542,0.12389268726110458,0.9760717749595642,0.6925077438354492
YPR086W,YPL098C,0,-0.4261832,0.12387701123952866,0.9760717749595642,0.6926077604293823
YDR416W,YEL054C,0,-0.42660293,0.12386133521795273,0.9760717749595642,0.6927078366279602
YDR312W,YGR212W,0,-0.42680606,0.1238456666469574,0.9760717749595642,0.6928078532218933
YLL026W,YKR038C,0,-0.4269175,0.12383000552654266,0.9760717749595642,0.6929078698158264
YHR156C,YML116W,0,-0.42696473,0.12381434440612793,0.9760717749595642,0.6930078864097595
YOR125C,YKL011C,0,-0.42713115,0.1237986832857132,0.9760717749595642,0.6931079030036926
YPR181C,YOR163W,0,-0.4271352,0.12378302961587906,0.9760717749595642,0.6932079792022705
YMR197C,YHR076W,0,-0.4275761,0.12376738339662552,0.9760717749595642,0.6933079957962036
YKL150W,YLR274W,0,-0.42792293,0.12375173717737198,0.9760717749595642,0.6934080123901367
YDR457W,YJL155C,0,-0.42817166,0.12373609840869904,0.9760717749595642,0.6935080289840698
YKL038W,YNR048W,0,-0.428372,0.12372045964002609,0.9760717749595642,0.6936081051826477
YLR284C,YDR523C,0,-0.42846188,0.12370482832193375,0.9760717749595642,0.6937081217765808
YNL284C,YNR010W,0,-0.42861706,0.1236891970038414,0.9760717749595642,0.6938081383705139
YLR233C,YLL010C,0,-0.42880997,0.12367357313632965,0.9760717749595642,0.693908154964447
YPR024W,YOR173W,0,-0.42909187,0.1236579492688179,0.9760717749595642,0.6940082311630249
YEL031W,YOR386W,0,-0.42960164,0.12364233285188675,0.9760717749595642,0.694108247756958
YGL252C,YHL001W,0,-0.43073532,0.1236267238855362,0.9760717749595642,0.6942082643508911
YMR224C,YKR061W,0,-0.43081573,0.12361110746860504,0.9760717749595642,0.6943082809448242
YBR136W,YJL051W,0,-0.43094307,0.12359550595283508,0.9760717749595642,0.6944082975387573
YDR160W,YJL168C,0,-0.43187425,0.12357990443706512,0.9760717749595642,0.6945083737373352
YLR442C,YER119C,0,-0.43230978,0.12356430292129517,0.9760717749595642,0.6946083903312683
YDR279W,YKL146W,0,-0.43238422,0.1235487163066864,0.9760717749595642,0.6947084069252014
YNL251C,YJR111C,0,-0.43359026,0.12353312224149704,0.9760717749595642,0.6948084235191345
YCL031C,YOR267C,0,-0.43381813,0.12351753562688828,0.9760717749595642,0.6949084997177124
YAL042W,YIL044C,0,-0.43391368,0.12350195646286011,0.9760717749595642,0.6950085163116455
YPR052C,YLR045C,0,-0.43396086,0.12348637729883194,0.9760717749595642,0.6951085329055786
YPR199C,YHR074W,0,-0.43457225,0.12347080558538437,0.9760717749595642,0.6952085494995117
YNL218W,YMR131C,0,-0.4346924,0.1234552338719368,0.9760717749595642,0.6953085660934448
YJR007W,YML102W,0,-0.43590584,0.12343966960906982,0.9760717749595642,0.6954086422920227
YLR135W,YDR182W,0,-0.4360972,0.12342410534620285,0.9760717749595642,0.6955086588859558
YHL047C,YER176W,0,-0.43658105,0.12340854853391647,0.9760717749595642,0.6956086754798889
YNL245C,YER038C,0,-0.4370738,0.1233929917216301,0.9760717749595642,0.695708692073822
YJR055W,YMR286W,0,-0.43715912,0.12337744235992432,0.9760717749595642,0.6958087682723999
YNL166C,YKL224C,0,-0.43734923,0.12336189299821854,0.9760717749595642,0.695908784866333
YOR355W,YGL071W,0,-0.43762866,0.12334635108709335,0.9760717749595642,0.6960088014602661
YDR085C,YAR018C,0,-0.43765157,0.12333081662654877,0.9760717749595642,0.6961088180541992
YKR071C,YDR380W,0,-0.43776056,0.12331528216600418,0.9760717749595642,0.6962088346481323
YNR017W,YJL140W,0,-0.43801695,0.1232997477054596,0.9760717749595642,0.6963089108467102
YGR068C,YDR400W,0,-0.43861973,0.1232842206954956,0.9760717749595642,0.6964089274406433
YIL072W,YDR246W,0,-0.43873787,0.12326870113611221,0.9760717749595642,0.6965089440345764
YKL024C,YER005W,0,-0.4391971,0.12325318157672882,0.9760717749595642,0.6966089606285095
YER174C,YKL146W,0,-0.4396208,0.12323766201734543,0.9760717749595642,0.6967090368270874
YOL109W,YEL018W,0,-0.44107032,0.12322214990854263,0.9760717749595642,0.6968090534210205
YHR123W,YGL244W,0,-0.44141617,0.12320664525032043,0.9760717749595642,0.6969090700149536
YDL215C,YBR155W,0,-0.44178972,0.12319114059209824,0.9760717749595642,0.6970090866088867
YKL204W,YMR276W,0,-0.44179475,0.12317564338445663,0.9760717749595642,0.6971091032028198
YML098W,YLR341W,0,-0.44229794,0.12316014617681503,0.9760717749595642,0.6972091794013977
YJR072C,YGR048W,0,-0.44253555,0.12314465641975403,0.9760717749595642,0.6973091959953308
YDR501W,YML121W,0,-0.44295838,0.12312916666269302,0.9760717749595642,0.6974092125892639
YHR169W,YJL154C,0,-0.44320062,0.12311368435621262,0.9760717749595642,0.697509229183197
YDR371W,YHR057C,1,-0.44331548,0.1232239380478859,0.9770687818527222,0.697509229183197
YGR013W,YIL096C,0,-0.44369337,0.12320844829082489,0.9770687818527222,0.6976093053817749
YGR065C,YGR275W,0,-0.44380173,0.12319295853376389,0.9770687818527222,0.697709321975708
YAL034C,YIL022W,0,-0.44430175,0.12317747622728348,0.9770687818527222,0.6978093385696411
YDR393W,YGL121C,0,-0.4449179,0.12316199392080307,0.9770687818527222,0.6979093551635742
YGL209W,YDR496C,0,-0.44493577,0.12314651906490326,0.9770687818527222,0.6980094313621521
YIL075C,YJL183W,0,-0.44494984,0.12313104420900345,0.9770687818527222,0.6981094479560852
YIR022W,YJR144W,0,-0.44495416,0.12311557680368423,0.9770687818527222,0.6982094645500183
YKL099C,YNL083W,0,-0.44496128,0.12310010939836502,0.9770687818527222,0.6983094811439514
YLR375W,YER114C,0,-0.44498646,0.1230846494436264,0.9770687818527222,0.6984094977378845
YGR288W,YPL094C,0,-0.44648772,0.12306919693946838,0.9770687818527222,0.6985095739364624
YNL064C,YHL009C,0,-0.446824,0.12305374443531036,0.9770687818527222,0.6986095905303955
YGL126W,YER109C,0,-0.4469101,0.12303829193115234,0.9770687818527222,0.6987096071243286
YML042W,YDL045C,0,-0.44748643,0.12302284687757492,0.9770687818527222,0.6988096237182617
YDL081C,YJL052W,0,-0.44785914,0.1230074018239975,0.9770687818527222,0.6989096999168396
YLR439W,YMR026C,0,-0.44859836,0.12299196422100067,0.9770687818527222,0.6990097165107727
YHR042W,YDR212W,0,-0.4488041,0.12297653406858444,0.9770687818527222,0.6991097331047058
YGR036C,YEL005C,0,-0.4492614,0.12296110391616821,0.9770687818527222,0.6992097496986389
YMR042W,YMR171C,0,-0.44970316,0.12294568121433258,0.9770687818527222,0.699309766292572
YJR117W,YMR033W,0,-0.44989017,0.12293025851249695,0.9770687818527222,0.6994098424911499
YBR222C,YGL197W,0,-0.45027235,0.12291483581066132,0.9770687818527222,0.699509859085083
YER112W,YLR025W,0,-0.45034003,0.12289942055940628,0.9770687818527222,0.6996098756790161
YNL151C,YOL082W,0,-0.45043346,0.12288401275873184,0.9770687818527222,0.6997098922729492
YBR021W,YLR163C,0,-0.45055676,0.1228686049580574,0.9770687818527222,0.6998099684715271
YGL144C,YOR101W,0,-0.45067772,0.12285320460796356,0.9770687818527222,0.6999099850654602
YNL126W,YCR081W,0,-0.45104986,0.12283780425786972,0.9770687818527222,0.7000100016593933
YOL142W,YOR130C,0,-0.45144796,0.12282241135835648,0.9770687818527222,0.7001100182533264
YAL010C,YER031C,0,-0.45207027,0.12280701845884323,0.9770687818527222,0.7002100348472595
YHL021C,YBL025W,0,-0.45317557,0.12279163300991058,0.9770687818527222,0.7003101110458374
YHR056C,YGR220C,0,-0.45327902,0.12277624756097794,0.9770687818527222,0.7004101276397705
YGL158W,YKR053C,0,-0.45352408,0.12276086956262589,0.9770687818527222,0.7005101442337036
YCR060W,YBR269C,0,-0.45391262,0.12274549156427383,0.9770687818527222,0.7006101608276367
YOR046C,YMR146C,0,-0.45407656,0.12273012101650238,0.9770687818527222,0.7007102370262146
YBL088C,YKR098C,0,-0.4546254,0.12271475046873093,0.9770687818527222,0.7008102536201477
YIL003W,YDR218C,0,-0.45510325,0.12269938737154007,0.9770687818527222,0.7009102702140808
YGR199W,YDL143W,0,-0.45551184,0.12268402427434921,0.9770687818527222,0.7010102868080139
YDR439W,YBR175W,0,-0.45609847,0.12266866862773895,0.9770687818527222,0.701110303401947
YNL159C,YOL124C,0,-0.45613572,0.12265331298112869,0.9770687818527222,0.7012103796005249
YKR097W,YOR027W,0,-0.4569008,0.12263796478509903,0.9770687818527222,0.701310396194458
YMR273C,YLR336C,0,-0.4572274,0.12262262403964996,0.9770687818527222,0.7014104127883911
YDR475C,YJR055W,0,-0.45739874,0.1226072832942009,0.9770687818527222,0.7015104293823242
YBR248C,YGL233W,0,-0.45744362,0.12259194254875183,0.9770687818527222,0.7016105055809021
YHR184W,YBL019W,0,-0.4577241,0.12257660925388336,0.9770687818527222,0.7017105221748352
YKL074C,YLR061W,0,-0.4577732,0.12256128340959549,0.9770687818527222,0.7018105387687683
YLR151C,YMR019W,0,-0.45810342,0.12254595756530762,0.9770687818527222,0.7019105553627014
YKL116C,YMR211W,0,-0.45856473,0.12253063172101974,0.9770687818527222,0.7020106315612793
YBR001C,YPR198W,0,-0.45863742,0.12251531332731247,0.9770687818527222,0.7021106481552124
YML104C,YPL094C,0,-0.4590747,0.12250000238418579,0.9770687818527222,0.7022106647491455
YMR058W,YDL005C,0,-0.45936954,0.12248469144105911,0.9770687818527222,0.7023106813430786
YCL031C,YLR305C,0,-0.4596675,0.12246938049793243,0.9770687818527222,0.7024106979370117
YOR185C,YPL074W,0,-0.45997992,0.12245407700538635,0.9770687818527222,0.7025107741355896
YGL001C,YOR174W,0,-0.46046722,0.12243878096342087,0.9770687818527222,0.7026107907295227
YJR044C,YNL119W,0,-0.46125257,0.12242348492145538,0.9770687818527222,0.7027108073234558
YBR294W,YGL122C,0,-0.46161833,0.1224081963300705,0.9770687818527222,0.7028108239173889
YPL192C,YDR116C,0,-0.46170115,0.12239290773868561,0.9770687818527222,0.7029109001159668
YDL100C,YJR106W,0,-0.46180722,0.12237761914730072,0.9770687818527222,0.7030109167098999
YKR067W,YKL002W,0,-0.46260956,0.12236234545707703,0.9770687818527222,0.703110933303833
YKR090W,YER124C,0,-0.4629818,0.12234706431627274,0.9770687818527222,0.7032109498977661
YPL106C,YLR204W,0,-0.4630028,0.12233179062604904,0.9770687818527222,0.7033109664916992
YCR014C,YGR095C,0,-0.46349376,0.12231652438640594,0.9770687818527222,0.7034110426902771
YHR181W,YMR148W,0,-0.4635757,0.12230125814676285,0.9770687818527222,0.7035110592842102
YDL107W,YLR249W,0,-0.46368298,0.12228599935770035,0.9770687818527222,0.7036110758781433
YPR152C,YGR184C,0,-0.46378678,0.12227074056863785,0.9770687818527222,0.7037110924720764
YMR216C,YNR032W,0,-0.46452823,0.12225548923015594,0.9770687818527222,0.7038111686706543
YDL004W,YIL126W,0,-0.4650912,0.12224023789167404,0.9770687818527222,0.7039111852645874
YML075C,YKL175W,0,-0.46699318,0.12222499400377274,0.9770687818527222,0.7040112018585205
YHR006W,YJL164C,0,-0.4683717,0.12220975011587143,0.9770687818527222,0.7041112184524536
YMR167W,YBR281C,0,-0.468623,0.12219451367855072,0.9770687818527222,0.7042112350463867
YGR152C,YJR159W,0,-0.46960443,0.12217927724123001,0.9770687818527222,0.7043113112449646
YKR002W,YLR264W,0,-0.46998814,0.1221640482544899,0.9770687818527222,0.7044113278388977
YOR233W,YOR386W,0,-0.47084576,0.12214881926774979,0.9770687818527222,0.7045113444328308
YNL262W,YGL148W,0,-0.47142047,0.12213359773159027,0.9770687818527222,0.7046113610267639
YHR046C,YHR039C-A,0,-0.47162387,0.12211838364601135,0.9770687818527222,0.7047114372253418
YLR430W,YBL079W,0,-0.4719291,0.12210316210985184,0.9770687818527222,0.7048114538192749
YOL114C,YER154W,0,-0.4726889,0.12208795547485352,0.9770687818527222,0.704911470413208
YOR130C,YBR026C,0,-0.47276074,0.1220727488398552,0.9770687818527222,0.7050114870071411
YPR068C,YKR102W,0,-0.47308588,0.12205754220485687,0.9770687818527222,0.705111563205719
YGR118W,YJL158C,0,-0.47395828,0.12204234302043915,0.9770687818527222,0.7052115797996521
YPL194W,YDR361C,0,-0.47427395,0.12202714383602142,0.9770687818527222,0.7053115963935852
YJL063C,YIL070C,0,-0.47475666,0.1220119521021843,0.9770687818527222,0.7054116129875183
YNL327W,YDR032C,1,-0.47520033,0.12212125211954117,0.9780657887458801,0.7054116129875183
YJR058C,YOR173W,0,-0.47573528,0.12210605293512344,0.9780657887458801,0.7055116295814514
YDR087C,YMR153W,0,-0.47607586,0.12209085375070572,0.9780657887458801,0.7056117057800293
YGL223C,YMR227C,0,-0.47661266,0.12207566201686859,0.9780657887458801,0.7057117223739624
YML075C,YMR150C,0,-0.47710297,0.12206047028303146,0.9780657887458801,0.7058117389678955
YPR065W,YDR066C,0,-0.47748396,0.12204528599977493,0.9780657887458801,0.7059117555618286
YNL099C,YOR243C,0,-0.4778041,0.1220301017165184,0.9780657887458801,0.7060118317604065
YPR032W,YER036C,0,-0.47785267,0.12201492488384247,0.9780657887458801,0.7061118483543396
YIL062C,YPL098C,0,-0.4781097,0.12199974805116653,0.9780657887458801,0.7062118649482727
YOL105C,YLR203C,0,-0.47820136,0.1219845786690712,0.9780657887458801,0.7063118815422058
YCR077C,YBL040C,0,-0.4787795,0.12196941673755646,0.9780657887458801,0.7064118981361389
YNR019W,YJL207C,0,-0.4788065,0.12195425480604172,0.9780657887458801,0.7065119743347168
YGR227W,YOR066W,0,-0.4789658,0.12193909287452698,0.9780657887458801,0.7066119909286499
YKL087C,YOR192C,0,-0.47934029,0.12192393839359283,0.9780657887458801,0.706712007522583
YFL001W,YGR171C,0,-0.47963187,0.12190878391265869,0.9780657887458801,0.7068120241165161
YKR002W,YER070W,0,-0.47969842,0.12189363688230515,0.9780657887458801,0.706912100315094
YER118C,YNR054C,0,-0.48053232,0.1218784973025322,0.9780657887458801,0.7070121169090271
YJL143W,YLR263W,0,-0.48099765,0.12186335772275925,0.9780657887458801,0.7071121335029602
YMR042W,YOL117W,0,-0.48105854,0.1218482181429863,0.9780657887458801,0.7072121500968933
YDL046W,YNL334C,0,-0.4816564,0.12183308601379395,0.9780657887458801,0.7073121666908264
YJL140W,YGR024C,0,-0.48186788,0.12181795388460159,0.9780657887458801,0.7074122428894043
YGL196W,YDR173C,0,-0.4821281,0.12180282920598984,0.9780657887458801,0.7075122594833374
YGL175C,YKR069W,0,-0.48222598,0.12178771197795868,0.9780657887458801,0.7076122760772705
YKL210W,YDR130C,0,-0.4826996,0.12177259474992752,0.9780657887458801,0.7077122926712036
YGR112W,YER031C,0,-0.48309013,0.12175747752189636,0.9780657887458801,0.7078123688697815
YJR033C,YOR066W,0,-0.48338324,0.1217423677444458,0.9780657887458801,0.7079123854637146
YGL001C,YHR153C,0,-0.4834017,0.12172725796699524,0.9780657887458801,0.7080124020576477
YMR180C,YLL038C,0,-0.48416093,0.12171215564012527,0.9780657887458801,0.7081124186515808
YOL129W,YOR181W,0,-0.48561883,0.12169706076383591,0.9780657887458801,0.7082124352455139
YDR259C,YKR072C,0,-0.48591936,0.12168196588754654,0.9780657887458801,0.7083125114440918
YBR123C,YOL144W,0,-0.48597834,0.12166687101125717,0.9780657887458801,0.7084125280380249
YLL034C,YBR201W,0,-0.4861091,0.1216517835855484,0.9780657887458801,0.708512544631958
YOL143C,YPL064C,0,-0.48697773,0.12163670361042023,0.9780657887458801,0.7086125612258911
YDR026C,YEL032W,0,-0.48804867,0.12162162363529205,0.9780657887458801,0.708712637424469
YKR049C,YNL004W,0,-0.48837432,0.12160654366016388,0.9780657887458801,0.7088126540184021
YDR144C,YJL174W,1,-0.4890038,0.12171541899442673,0.9790627956390381,0.7088126540184021
YCR088W,YNL191W,0,-0.489953,0.12170033156871796,0.9790627956390381,0.7089126706123352
YBR101C,YOL018C,0,-0.4899999,0.12168525159358978,0.9790627956390381,0.7090126872062683
YPR030W,YAL009W,0,-0.49022165,0.1216701790690422,0.9790627956390381,0.7091127634048462
YIL022W,YGR092W,0,-0.49087614,0.12165510654449463,0.9790627956390381,0.7092127799987793
YJL109C,YDR287W,0,-0.49106404,0.12164003401994705,0.9790627956390381,0.7093127965927124
YPL139C,YJL194W,0,-0.49110404,0.12162496894598007,0.9790627956390381,0.7094128131866455
YCL058C,YDR534C,1,-0.49135694,0.12173374742269516,0.980059802532196,0.7094128131866455
YER103W,YML013W,0,-0.49216932,0.12171867489814758,0.980059802532196,0.7095128297805786
YJR091C,YGR089W,0,-0.49244764,0.1217036023736,0.980059802532196,0.7096129059791565
YPL147W,YNL020C,0,-0.49262056,0.12168853729963303,0.980059802532196,0.7097129225730896
YIL085C,YMR042W,0,-0.4929799,0.12167347222566605,0.980059802532196,0.7098129391670227
YPR199C,YOL135C,0,-0.4938708,0.12165841460227966,0.980059802532196,0.7099129557609558
YOR153W,YJL140W,0,-0.49435064,0.12164336442947388,0.980059802532196,0.7100130319595337
YOL123W,YOR162C,0,-0.49438778,0.1216283068060875,0.980059802532196,0.7101130485534668
YBR040W,YJL081C,0,-0.4944596,0.1216132640838623,0.980059802532196,0.7102130651473999
YCR092C,YOR381W,0,-0.49475715,0.12159822136163712,0.980059802532196,0.710313081741333
YDR083W,YNL257C,0,-0.49538106,0.12158317863941193,0.980059802532196,0.7104130983352661
YBR198C,YBL035C,0,-0.49572262,0.12156814336776733,0.980059802532196,0.710513174533844
YFL013C,YBR250W,0,-0.49591127,0.12155310809612274,0.980059802532196,0.7106131911277771
YNL103W,YDL155W,0,-0.49629942,0.12153808027505875,0.980059802532196,0.7107132077217102
YBR142W,YDR198C,0,-0.49632382,0.12152305245399475,0.980059802532196,0.7108132243156433
YIR019C,YKL157W,1,-0.49654302,0.12163164466619492,0.981056809425354,0.7108132243156433
YGR257C,YBL079W,0,-0.49657485,0.12161660939455032,0.981056809425354,0.7109133005142212
YIR024C,YDR264C,0,-0.49753925,0.12160158157348633,0.981056809425354,0.7110133171081543
YPL026C,YOR016C,0,-0.49799135,0.12158655375242233,0.981056809425354,0.7111133337020874
YOR130C,YNL230C,0,-0.4984444,0.12157153338193893,0.981056809425354,0.7112133502960205
YJL063C,YGR184C,0,-0.4985118,0.12155651301145554,0.981056809425354,0.7113133668899536
YJL026W,YHR184W,0,-0.49881133,0.12154150009155273,0.981056809425354,0.7114134430885315
YLR313C,YNL127W,0,-0.49887672,0.12152649462223053,0.981056809425354,0.7115134596824646
YIL022W,YER013W,0,-0.4989544,0.12151148170232773,0.981056809425354,0.7116134762763977
YBR265W,YOR336W,0,-0.49965513,0.12149648368358612,0.981056809425354,0.7117134928703308
YBR192W,YMR069W,0,-0.5003026,0.12148147821426392,0.981056809425354,0.7118135690689087
YDR088C,YBR217W,0,-0.5020464,0.1214664876461029,0.981056809425354,0.7119135856628418
YCR042C,YDR308C,0,-0.50217456,0.1214514970779419,0.981056809425354,0.7120136022567749
YPR165W,YBR282W,0,-0.50224537,0.12143650650978088,0.981056809425354,0.712113618850708
YDR222W,YKR101W,0,-0.5025334,0.12142152339220047,0.981056809425354,0.7122136354446411
YIL041W,YNL286W,0,-0.5029168,0.12140654027462006,0.981056809425354,0.712313711643219
YHR056C,YHR012W,0,-0.5035228,0.12139156460762024,0.981056809425354,0.7124137282371521
YJR068W,YMR269W,0,-0.5044483,0.12137658894062042,0.981056809425354,0.7125137448310852
YPR107C,YJR092W,0,-0.50626975,0.1213616207242012,0.981056809425354,0.7126137614250183
YGL053W,YDR113C,0,-0.50631976,0.12134665250778198,0.981056809425354,0.7127138376235962
YOR009W,YPL130W,1,-0.5065069,0.12145499140024185,0.982053816318512,0.7127138376235962
YOR127W,YGL169W,0,-0.5065729,0.12144002318382263,0.982053816318512,0.7128138542175293
YOR297C,YFL004W,0,-0.5070213,0.12142504751682281,0.982053816318512,0.7129138708114624
YCR093W,YIL097W,0,-0.50714684,0.1214100793004036,0.982053816318512,0.7130138874053955
YAL063C,YCL058C,1,-0.50725436,0.12151836603879929,0.9830508232116699,0.7130138874053955
YBR148W,YJR017C,0,-0.5078881,0.12150339037179947,0.9830508232116699,0.7131139636039734
YNL283C,YAL028W,0,-0.50817275,0.12148841470479965,0.9830508232116699,0.7132139801979065
YLR216C,YNL006W,0,-0.5085267,0.12147345393896103,0.9830508232116699,0.7133139967918396
YML127W,YIR021W,0,-0.50876254,0.12145848572254181,0.9830508232116699,0.7134140133857727
YOR016C,YJL051W,0,-0.50899965,0.12144352495670319,0.9830508232116699,0.7135140299797058
YLR429W,YLR118C,0,-0.5091898,0.12142857164144516,0.9830508232116699,0.7136141061782837
YNL306W,YMR104C,0,-0.5093007,0.12141361832618713,0.9830508232116699,0.7137141227722168
YGL021W,YJR118C,0,-0.509673,0.1213986724615097,0.9830508232116699,0.7138141393661499
YCL057W,YNR041C,0,-0.510255,0.12138372659683228,0.9830508232116699,0.713914155960083
YLR435W,YHR088W,0,-0.51028484,0.12136878073215485,0.9830508232116699,0.7140142321586609
YCR093W,YPL270W,0,-0.51077425,0.12135384976863861,0.9830508232116699,0.714114248752594
YLR234W,YPR031W,0,-0.5113596,0.12133891135454178,0.9830508232116699,0.7142142653465271
YJL101C,YHR143W-A,0,-0.51138186,0.12132398039102554,0.9830508232116699,0.7143142819404602
YDR515W,YHR037W,0,-0.5118908,0.1213090568780899,0.9830508232116699,0.7144142985343933
YKL113C,YFL005W,0,-0.51206553,0.12129413336515427,0.9830508232116699,0.7145143747329712
YCL016C,YAL030W,0,-0.5121232,0.12127920985221863,0.9830508232116699,0.7146143913269043
YDR106W,YLR070C,0,-0.51378715,0.12126429378986359,0.9830508232116699,0.7147144079208374
YKL157W,YPR124W,0,-0.5139838,0.12124938517808914,0.9830508232116699,0.7148144245147705
YBR186W,YMR167W,0,-0.5159621,0.1212344765663147,0.9830508232116699,0.7149145007133484
YLR163C,YPR198W,0,-0.516078,0.12121957540512085,0.9830508232116699,0.7150145173072815
YFL059W,YLR260W,0,-0.5164105,0.121204674243927,0.9830508232116699,0.7151145339012146
YOL089C,YGR187C,0,-0.51647455,0.12118977308273315,0.9830508232116699,0.7152145504951477
YNR027W,YNL063W,0,-0.51693875,0.1211748793721199,0.9830508232116699,0.7153145670890808
YGL240W,YMR276W,0,-0.51732755,0.12115999311208725,0.9830508232116699,0.7154146432876587
YKL189W,YGR152C,0,-0.51941925,0.1211451068520546,0.9830508232116699,0.7155146598815918
YFL014W,YNL054W,0,-0.5194901,0.12113022059202194,0.9830508232116699,0.7156146764755249
YMR035W,YDR147W,0,-0.5197589,0.12111534178256989,0.9830508232116699,0.715714693069458
YDL149W,YNL102W,0,-0.5198113,0.12110047042369843,0.9830508232116699,0.7158147692680359
YBR236C,YBR211C,0,-0.5206295,0.12108559161424637,0.9830508232116699,0.715914785861969
YPR089W,YOR329C,0,-0.52082986,0.1210707277059555,0.9830508232116699,0.7160148024559021
YAR019C,YDR147W,0,-0.5211155,0.12105586379766464,0.9830508232116699,0.7161148190498352
YLR313C,YLR448W,0,-0.521359,0.12104099988937378,0.9830508232116699,0.7162148356437683
YKL189W,YJR016C,0,-0.52162,0.12102614343166351,0.9830508232116699,0.7163149118423462
YDR028C,YGR155W,0,-0.52234674,0.12101129442453384,0.9830508232116699,0.7164149284362793
YDR107C,YHR041C,0,-0.5224046,0.12099643796682358,0.9830508232116699,0.7165149450302124
YOR350C,YDR354W,0,-0.5227808,0.1209815964102745,0.9830508232116699,0.7166149616241455
YPL148C,YOR257W,0,-0.5230247,0.12096675485372543,0.9830508232116699,0.7167150378227234
YJL047C,YPR144C,0,-0.5231574,0.12095191329717636,0.9830508232116699,0.7168150544166565
YIL121W,YAL056W,0,-0.5232178,0.12093707919120789,0.9830508232116699,0.7169150710105896
YLR436C,YJL047C,0,-0.5237552,0.12092224508523941,0.9830508232116699,0.7170150876045227
YJR001W,YDR075W,0,-0.52390796,0.12090741842985153,0.9830508232116699,0.7171151638031006
YMR029C,YDR226W,0,-0.52465653,0.12089259177446365,0.9830508232116699,0.7172151803970337
YDL049C,YJR046W,0,-0.525103,0.12087777256965637,0.9830508232116699,0.7173151969909668
YDR490C,YKL119C,0,-0.5251274,0.12086295336484909,0.9830508232116699,0.7174152135848999
YBR067C,YHR057C,1,-0.52567434,0.1209707036614418,0.9840478301048279,0.7174152135848999
YDR456W,YFL025C,0,-0.5261924,0.12095588445663452,0.9840478301048279,0.717515230178833
YOL089C,YOR193W,0,-0.52656627,0.12094105780124664,0.9840478301048279,0.7176153063774109
YDR341C,YGR276C,0,-0.52667165,0.12092624604701996,0.9840478301048279,0.717715322971344
YDL112W,YIL103W,0,-0.5267592,0.12091142684221268,0.9840478301048279,0.7178153395652771
YDR312W,YHR165C,0,-0.52688277,0.12089662253856659,0.9840478301048279,0.7179153561592102
YNL256W,YHR108W,0,-0.52732337,0.1208818107843399,0.9840478301048279,0.7180154323577881
YBR033W,YCR071C,0,-0.5280896,0.12086700648069382,0.9840478301048279,0.7181154489517212
YGR285C,YJR112W,0,-0.52821416,0.12085220962762833,0.9840478301048279,0.7182154655456543
YBR061C,YLR382C,0,-0.528906,0.12083741277456284,0.9840478301048279,0.7183154821395874
YDL209C,YGR062C,0,-0.52892035,0.12082262337207794,0.9840478301048279,0.7184154987335205
YGL067W,YDR496C,0,-0.52926505,0.12080783396959305,0.9840478301048279,0.7185155749320984
YFR021W,YJR060W,0,-0.52932274,0.12079305201768875,0.9840478301048279,0.7186155915260315
YLL010C,YJL094C,0,-0.5304017,0.12077827006578445,0.9840478301048279,0.7187156081199646
YBR084W,YDL007W,0,-0.53064924,0.12076348811388016,0.9840478301048279,0.7188156247138977
YGL206C,YGR230W,0,-0.5306954,0.12074871361255646,0.9840478301048279,0.7189157009124756
YBL009W,YIL023C,0,-0.53182644,0.12073394656181335,0.9840478301048279,0.7190157175064087
YIL106W,YKL101W,0,-0.53203994,0.12071917951107025,0.9840478301048279,0.7191157341003418
YMR177W,YBR091C,0,-0.53213173,0.12070441246032715,0.9840478301048279,0.7192157506942749
YJL033W,YLL022C,0,-0.5325056,0.12068965286016464,0.9840478301048279,0.719315767288208
YCL030C,YAL031C,0,-0.5326251,0.12067490071058273,0.9840478301048279,0.7194158434867859
YBR217W,YCR027C,0,-0.5327574,0.12066014856100082,0.9840478301048279,0.719515860080719
YHR072W,YDL226C,0,-0.53295964,0.12064539641141891,0.9840478301048279,0.7196158766746521
YML124C,YJR131W,0,-0.5336976,0.1206306517124176,0.9840478301048279,0.7197158932685852
YKR056W,YPL228W,0,-0.535341,0.12061591446399689,0.9840478301048279,0.7198159694671631
YFR042W,YGR057C,0,-0.5353834,0.12060116976499557,0.9840478301048279,0.7199159860610962
YHR206W,YBL016W,0,-0.53568697,0.12058643996715546,0.9840478301048279,0.7200160026550293
YNL186W,YCR027C,0,-0.53610086,0.12057171016931534,0.9840478301048279,0.7201160192489624
YMR061W,YCR011C,0,-0.537225,0.12055698037147522,0.9840478301048279,0.7202160358428955
YPL244C,YGL247W,0,-0.5374627,0.1205422580242157,0.9840478301048279,0.7203161120414734
YDR315C,YHR038W,0,-0.5381964,0.12052753567695618,0.9840478301048279,0.7204161286354065
YBR205W,YPR118W,0,-0.5398554,0.12051282078027725,0.9840478301048279,0.7205161452293396
YKR090W,YDR037W,0,-0.54009783,0.12049810588359833,0.9840478301048279,0.7206161618232727
YDR312W,YDR304C,0,-0.54032314,0.1204833984375,0.9840478301048279,0.7207162380218506
YMR305C,YGL028C,1,-0.5405947,0.12059074640274048,0.9850448369979858,0.7207162380218506
YFR042W,YJR042W,0,-0.5407169,0.12057603150606155,0.9850448369979858,0.7208162546157837
YDL239C,YDR354W,0,-0.54087377,0.12056131660938263,0.9850448369979858,0.7209162712097168
YMR235C,YPR002W,0,-0.5412606,0.1205466091632843,0.9850448369979858,0.7210162878036499
YPL138C,YBL046W,0,-0.5414727,0.12053190171718597,0.9850448369979858,0.7211163640022278
YCL016C,YNL191W,0,-0.54225856,0.12051720172166824,0.9850448369979858,0.7212163805961609
YKL084W,YMR168C,0,-0.542418,0.12050250172615051,0.9850448369979858,0.721316397190094
YER141W,YDR468C,0,-0.5427233,0.12048780173063278,0.9850448369979858,0.7214164137840271
YER120W,YJR125C,0,-0.54319066,0.12047311663627625,0.9850448369979858,0.7215164303779602
YJR014W,YCR024C-A,0,-0.54320776,0.12045842409133911,0.9850448369979858,0.7216165065765381
YPL127C,YDR378C,0,-0.54388654,0.12044373899698257,0.9850448369979858,0.7217165231704712
YCR020W-B,YLR018C,0,-0.54448926,0.12042906135320663,0.9850448369979858,0.7218165397644043
YHR070W,YER179W,0,-0.54491717,0.1204143837094307,0.9850448369979858,0.7219165563583374
YBL085W,YDR519W,0,-0.54531425,0.12039970606565475,0.9850448369979858,0.7220166325569153
YER008C,YDR177W,0,-0.54549253,0.12038503587245941,0.9850448369979858,0.7221166491508484
YKL139W,YGR195W,0,-0.54563665,0.12037037312984467,0.9850448369979858,0.7222166657447815
YPL009C,YAL056W,0,-0.545686,0.12035571038722992,0.9850448369979858,0.7223166823387146
YKL038W,YOR172W,0,-0.54677606,0.12034104764461517,0.9850448369979858,0.7224166989326477
YDL200C,YLR438C-A,0,-0.5471589,0.12032639235258102,0.9850448369979858,0.7225167751312256
YLR234W,YJL081C,0,-0.54768705,0.12031173706054688,0.9850448369979858,0.7226167917251587
YGR178C,YMR284W,0,-0.5482533,0.12029708921909332,0.9850448369979858,0.7227168083190918
YHR085W,YBR254C,0,-0.5490136,0.12028244137763977,0.9850448369979858,0.7228168249130249
YLR203C,YOR018W,0,-0.54957217,0.12026780098676682,0.9850448369979858,0.7229169011116028
YOR319W,YER070W,0,-0.5497631,0.12025316804647446,0.9850448369979858,0.7230169177055359
YGL244W,YGR065C,0,-0.549773,0.1202385276556015,0.9850448369979858,0.723116934299469
YGL060W,YPL262W,0,-0.5502374,0.12022390216588974,0.9850448369979858,0.7232169508934021
YJR032W,YNL048W,0,-0.55061245,0.12020926922559738,0.9850448369979858,0.7233169674873352
YLR409C,YPL069C,0,-0.5507215,0.12019464373588562,0.9850448369979858,0.7234170436859131
YDL143W,YFR010W,0,-0.55150133,0.12018002569675446,0.9850448369979858,0.7235170602798462
YPR072W,YLL022C,0,-0.5526352,0.12016540765762329,0.9850448369979858,0.7236170768737793
YDR146C,YGR187C,0,-0.55264616,0.12015079706907272,0.9850448369979858,0.7237170934677124
YER050C,YNL263C,0,-0.5537281,0.12013618648052216,0.9850448369979858,0.7238171696662903
YHR161C,YMR180C,0,-0.5538359,0.12012158334255219,0.9850448369979858,0.7239171862602234
YLR395C,YNL091W,0,-0.554078,0.12010698020458221,0.9850448369979858,0.7240172028541565
YMR300C,YKR098C,0,-0.5544862,0.12009237706661224,0.9850448369979858,0.7241172194480896
YPL128C,YLL029W,0,-0.5545412,0.12007778137922287,0.9850448369979858,0.7242172360420227
YPL097W,YKR013W,0,-0.5545845,0.12006319314241409,0.9850448369979858,0.7243173122406006
YBL093C,YDR261C,0,-0.5550315,0.12004860490560532,0.9850448369979858,0.7244173288345337
YPR119W,YOL018C,0,-0.55580497,0.12003401666879654,0.9850448369979858,0.7245173454284668
YKL179C,YNR003C,0,-0.5565076,0.12001943588256836,0.9850448369979858,0.7246173620223999
YKL109W,YDL160C,0,-0.55749834,0.12000485509634018,0.9850448369979858,0.7247174382209778
YFL005W,YDR314C,0,-0.55753917,0.1199902817606926,0.9850448369979858,0.7248174548149109
YML100W,YOR211C,0,-0.55755436,0.11997571587562561,0.9850448369979858,0.724917471408844
YMR077C,YHR002W,0,-0.55761683,0.11996114253997803,0.9850448369979858,0.7250174880027771
YDL105W,YLR013W,0,-0.5577694,0.11994658410549164,0.9850448369979858,0.725117564201355
YMR014W,YHR051W,0,-0.5580783,0.11993202567100525,0.9850448369979858,0.7252175807952881
YPR193C,YPR057W,0,-0.55907893,0.11991746723651886,0.9850448369979858,0.7253175973892212
YJL057C,YOR335C,0,-0.5591846,0.11990291625261307,0.9850448369979858,0.7254176139831543
YHR134W,YNL091W,0,-0.56007445,0.11988836526870728,0.9850448369979858,0.7255176305770874
YML104C,YKR061W,0,-0.56020516,0.11987381428480148,0.9850448369979858,0.7256177067756653
YCR073C,YKR016W,0,-0.56083643,0.11985927820205688,0.9850448369979858,0.7257177233695984
YDR389W,YGL022W,0,-0.56086016,0.11984473466873169,0.9850448369979858,0.7258177399635315
YBR030W,YKR103W,0,-0.56103885,0.11983019858598709,0.9850448369979858,0.7259177565574646
YLR067C,YKR083C,0,-0.5631639,0.11981566995382309,0.9850448369979858,0.7260178327560425
YOR030W,YML058W,0,-0.563429,0.11980114132165909,0.9850448369979858,0.7261178493499756
YML095C,YJL069C,0,-0.56402004,0.11978661268949509,0.9850448369979858,0.7262178659439087
YOR190W,YLR277C,0,-0.56414026,0.11977209150791168,0.9850448369979858,0.7263178825378418
YJR040W,YNR036C,0,-0.5643574,0.11975757777690887,0.9850448369979858,0.7264178991317749
YOL143C,YHR005C,0,-0.5648174,0.11974306404590607,0.9850448369979858,0.7265179753303528
YLR405W,YMR056C,0,-0.5658026,0.11972855031490326,0.9850448369979858,0.7266179919242859
YNL192W,YNL182C,0,-0.56589794,0.11971404403448105,0.9850448369979858,0.726718008518219
YDL127W,YIL135C,0,-0.5684097,0.11969953775405884,0.9850448369979858,0.7268180251121521
YGR081C,YNL131W,0,-0.5685262,0.11968503892421722,0.9850448369979858,0.72691810131073
YBR172C,YJL038C,0,-0.56922305,0.11967054009437561,0.9850448369979858,0.7270181179046631
YML115C,YMR001C,0,-0.56925386,0.1196560487151146,0.9850448369979858,0.7271181344985962
YJL145W,YPL194W,0,-0.5695581,0.11964155733585358,0.9850448369979858,0.7272181510925293
YNL230C,YDR485C,0,-0.5699176,0.11962707340717316,0.9850448369979858,0.7273181676864624
YGL068W,YBR109C,0,-0.5701685,0.11961258947849274,0.9850448369979858,0.7274182438850403
YMR044W,YGL005C,0,-0.57024205,0.11959811300039291,0.9850448369979858,0.7275182604789734
YKR013W,YOR212W,0,-0.57038987,0.11958363652229309,0.9850448369979858,0.7276182770729065
YKR029C,YCR088W,0,-0.570529,0.11956916004419327,0.9850448369979858,0.7277182936668396
YDR003W,YBR073W,0,-0.5705607,0.11955469846725464,0.9850448369979858,0.7278183698654175
YHR204W,YMR071C,0,-0.57238454,0.11954022943973541,0.9850448369979858,0.7279183864593506
YLR102C,YLL035W,0,-0.57277787,0.11952576786279678,0.9850448369979858,0.7280184030532837
YOR168W,YGL122C,0,-0.57318103,0.11951131373643875,0.9850448369979858,0.7281184196472168
YLR228C,YAL034C,0,-0.57632947,0.11949685215950012,0.9850448369979858,0.7282184362411499
YJL137C,YMR009W,0,-0.5766148,0.11948240548372269,0.9850448369979858,0.7283185124397278
YNR065C,YDR001C,0,-0.5767269,0.11946795880794525,0.9850448369979858,0.7284185290336609
YER042W,YNL330C,0,-0.5773454,0.11945351213216782,0.9850448369979858,0.728518545627594
YIL021W,YPL129W,0,-0.5774141,0.11943907290697098,0.9850448369979858,0.7286185622215271
YJR101W,YAR002W,0,-0.5776386,0.11942463368177414,0.9850448369979858,0.728718638420105
YGR014W,YKL157W,1,-0.5777004,0.1195310577750206,0.9860419034957886,0.728718638420105
YKR019C,YML057W,0,-0.57792896,0.11951661854982376,0.9860419034957886,0.7288186550140381
YLR394W,YIL063C,0,-0.57847446,0.11950217187404633,0.9860419034957886,0.7289186716079712
YDL066W,YPR048W,0,-0.5787295,0.11948774009943008,0.9860419034957886,0.7290186882019043
YGR258C,YDL226C,0,-0.57914865,0.11947330087423325,0.9860419034957886,0.7291187644004822
YDL029W,YNL262W,0,-0.5792372,0.119458869099617,0.9860419034957886,0.7292187809944153
YBR074W,YJR035W,0,-0.5796382,0.11944444477558136,0.9860419034957886,0.7293187975883484
YJL121C,YPR179C,0,-0.57982504,0.11943002045154572,0.9860419034957886,0.7294188141822815
YDR251W,YPL069C,0,-0.58008784,0.11941560357809067,0.9860419034957886,0.7295188307762146
YDR268W,YPR068C,0,-0.5802976,0.11940118670463562,0.9860419034957886,0.7296189069747925
YDL201W,YJL187C,0,-0.5808826,0.11938676983118057,0.9860419034957886,0.7297189235687256
YER174C,YKL127W,0,-0.5809049,0.11937236040830612,0.9860419034957886,0.7298189401626587
YNL113W,YJL058C,0,-0.5819349,0.11935795098543167,0.9860419034957886,0.7299189567565918
YOR367W,YDR009W,0,-0.5823322,0.11934354901313782,0.9860419034957886,0.7300190329551697
YGR157W,YDR264C,0,-0.58238685,0.11932914704084396,0.9860419034957886,0.7301190495491028
YHR184W,YAR042W,0,-0.58263946,0.1193147525191307,0.9860419034957886,0.7302190661430359
YBL031W,YPL156C,0,-0.58276975,0.11930036544799805,0.9860419034957886,0.730319082736969
YJL004C,YDL210W,0,-0.58285844,0.11928597092628479,0.9860419034957886,0.7304190993309021
YBL018C,YLR448W,0,-0.5833708,0.11927158385515213,0.9860419034957886,0.73051917552948
YPL246C,YDR439W,0,-0.5838163,0.11925720423460007,0.9860419034957886,0.7306191921234131
YPL244C,YLR213C,0,-0.5838939,0.119242824614048,0.9860419034957886,0.7307192087173462
YOR297C,YEL013W,0,-0.5841346,0.11922845244407654,0.9860419034957886,0.7308192253112793
YMR302C,YMR113W,0,-0.5843165,0.11921408027410507,0.9860419034957886,0.7309193015098572
YEL059C-A,YPL128C,0,-0.5846796,0.1191997081041336,0.9860419034957886,0.7310193181037903
YLL043W,YJL025W,0,-0.5847845,0.11918534338474274,0.9860419034957886,0.7311193346977234
YDR238C,YGR238C,0,-0.58497745,0.11917098611593246,0.9860419034957886,0.7312193512916565
YCR073C,YDR080W,0,-0.58530855,0.11915662884712219,0.9860419034957886,0.7313193678855896
YOR060C,YJL081C,0,-0.5854415,0.11914227157831192,0.9860419034957886,0.7314194440841675
YLR337C,YPL097W,0,-0.5866718,0.11912792176008224,0.9860419034957886,0.7315194606781006
YKL104C,YIL074C,0,-0.5869738,0.11911357194185257,0.9860419034957886,0.7316194772720337
YNL087W,YOR046C,0,-0.5875671,0.11909922957420349,0.9860419034957886,0.7317194938659668
YOL082W,YKL021C,0,-0.588096,0.11908488720655441,0.9860419034957886,0.7318195700645447
YIL155C,YFL025C,0,-0.588431,0.11907055228948593,0.9860419034957886,0.7319195866584778
YER092W,YPL175W,0,-0.58856297,0.11905621737241745,0.9860419034957886,0.7320196032524109
YOR116C,YNL188W,0,-0.5892008,0.11904188990592957,0.9860419034957886,0.732119619846344
YNL124W,YPL219W,0,-0.5894257,0.11902756243944168,0.9860419034957886,0.7322196364402771
YMR228W,YHR074W,0,-0.58943737,0.1190132349729538,0.9860419034957886,0.732319712638855
YIR036C,YJL092W,0,-0.58965147,0.11899891495704651,0.9860419034957886,0.7324197292327881
YKL045W,YBR026C,0,-0.592268,0.11898460239171982,0.9860419034957886,0.7325197458267212
YMR158W,YPR200C,0,-0.5927439,0.11897028982639313,0.9860419034957886,0.7326197624206543
YFL050C,YNR017W,0,-0.5935124,0.11895597726106644,0.9860419034957886,0.7327198386192322
YOL009C,YPR110C,0,-0.59465796,0.11894167214632034,0.9860419034957886,0.7328198552131653
YOL096C,YOR317W,0,-0.59546185,0.11892736703157425,0.9860419034957886,0.7329198718070984
YER105C,YDL201W,0,-0.5957329,0.11891306936740875,0.9860419034957886,0.7330198884010315
YOR155C,YJR119C,0,-0.59581244,0.11889877170324326,0.9860419034957886,0.7331199645996094
YOR339C,YNL182C,0,-0.596279,0.11888448148965836,0.9860419034957886,0.7332199811935425
YKL113C,YPL243W,0,-0.596305,0.11887019127607346,0.9860419034957886,0.7333199977874756
YLR259C,YLR436C,0,-0.59647745,0.11885590851306915,0.9860419034957886,0.7334200143814087
YBR221C,YGR227W,0,-0.5966506,0.11884162575006485,0.9860419034957886,0.7335200309753418
YOR148C,YHR104W,0,-0.59716773,0.11882734298706055,0.9860419034957886,0.7336201071739197
YHR065C,YDR165W,0,-0.59741336,0.11881306767463684,0.9860419034957886,0.7337201237678528
YHR207C,YGL254W,0,-0.5974468,0.11879879981279373,0.9860419034957886,0.7338201403617859
YPL167C,YBR234C,0,-0.5977441,0.11878453195095062,0.9860419034957886,0.733920156955719
YGR070W,YAR018C,0,-0.5977471,0.11877026408910751,0.9860419034957886,0.7340202331542969
YGL220W,YER036C,0,-0.59874463,0.118756003677845,0.9860419034957886,0.73412024974823
YPL188W,YGL128C,0,-0.59935325,0.11874174326658249,0.9860419034957886,0.7342202663421631
YNL097C,YKR081C,0,-0.60015935,0.11872749030590057,0.9860419034957886,0.7343202829360962
YLR207W,YHR005C,0,-0.60054195,0.11871323734521866,0.9860419034957886,0.7344202995300293
YPR175W,YDR219C,0,-0.60105336,0.11869899183511734,0.9860419034957886,0.7345203757286072
YOR076C,YNL255C,0,-0.60135776,0.11868474632501602,0.9860419034957886,0.7346203923225403
YGR199W,YFL050C,0,-0.60198987,0.1186705082654953,0.9860419034957886,0.7347204089164734
YBR088C,YHR058C,0,-0.60215014,0.11865627020597458,0.9860419034957886,0.7348204255104065
YEL064C,YMR168C,0,-0.60230464,0.11864203214645386,0.9860419034957886,0.7349205017089844
YOR193W,YDR468C,0,-0.6023499,0.11862780153751373,0.9860419034957886,0.7350205183029175
YMR089C,YML067C,0,-0.6031108,0.1186135783791542,0.9860419034957886,0.7351205348968506
YMR073C,YML125C,0,-0.60437036,0.11859935522079468,0.9860419034957886,0.7352205514907837
YBR107C,YHL006C,0,-0.604946,0.11858513206243515,0.9860419034957886,0.7353205680847168
YDR173C,YDR188W,0,-0.6050785,0.11857091635465622,0.9860419034957886,0.7354206442832947
YIL008W,YGL213C,0,-0.605326,0.11855670064687729,0.9860419034957886,0.7355206608772278
YHR110W,YMR098C,0,-0.60574454,0.11854249238967896,0.9860419034957886,0.7356206774711609
YOL068C,YNL072W,0,-0.60659873,0.11852828413248062,0.9860419034957886,0.735720694065094
YKL183W,YLL029W,0,-0.6068891,0.11851408332586288,0.9860419034957886,0.7358207702636719
YOL020W,YER101C,0,-0.60739017,0.11849988251924515,0.9860419034957886,0.735920786857605
YDR245W,YGR175C,0,-0.60893464,0.11848568171262741,0.9860419034957886,0.7360208034515381
YKR001C,YJR004C,0,-0.60994625,0.11847148835659027,0.9860419034957886,0.7361208200454712
YPL123C,YGL023C,0,-0.6102586,0.11845730245113373,0.9860419034957886,0.7362208366394043
YER014W,YGR215W,0,-0.6108066,0.11844311654567719,0.9860419034957886,0.7363209128379822
YCR035C,YLR348C,0,-0.61091554,0.11842893064022064,0.9860419034957886,0.7364209294319153
YIR036C,YBR017C,0,-0.6111366,0.1184147521853447,0.9860419034957886,0.7365209460258484
YMR297W,YAL002W,0,-0.6114697,0.11840057373046875,0.9860419034957886,0.7366209626197815
YNR036C,YER051W,0,-0.61212224,0.1183864027261734,0.9860419034957886,0.7367210388183594
YJR153W,YAL063C,1,-0.6143472,0.11849191784858704,0.9870389103889465,0.7367210388183594
YLR114C,YJL129C,0,-0.6144048,0.11847773939371109,0.9870389103889465,0.7368210554122925
YJL106W,YGL175C,0,-0.6154511,0.11846356093883514,0.9870389103889465,0.7369210720062256
YBR243C,YOL080C,0,-0.6155366,0.1184493899345398,0.9870389103889465,0.7370210886001587
YPL094C,YLR118C,0,-0.6162451,0.11843521893024445,0.9870389103889465,0.7371211647987366
YFL033C,YDL188C,0,-0.6168077,0.1184210553765297,0.9870389103889465,0.7372211813926697
YKL155C,YKL114C,0,-0.6184559,0.11840689182281494,0.9870389103889465,0.7373211979866028
YJL108C,YKR031C,0,-0.61887515,0.11839272826910019,0.9870389103889465,0.7374212145805359
YNL117W,YLR139C,0,-0.61893713,0.11837857216596603,0.9870389103889465,0.737521231174469
YLR018C,YJR021C,0,-0.61896837,0.11836441606283188,0.9870389103889465,0.7376213073730469
YHR046C,YDL088C,0,-0.61937964,0.11835026741027832,0.9870389103889465,0.73772132396698
YKR103W,YHR058C,0,-0.6200307,0.11833611875772476,0.9870389103889465,0.7378213405609131
YLR329W,YBR195C,0,-0.6203034,0.1183219775557518,0.9870389103889465,0.7379213571548462
YKR003W,YCL058C,0,-0.62048554,0.11830783635377884,0.9870389103889465,0.7380214333534241
YCR060W,YDR122W,0,-0.620999,0.11829370260238647,0.9870389103889465,0.7381214499473572
YIL118W,YLR174W,0,-0.62159693,0.11827956885099411,0.9870389103889465,0.7382214665412903
YDR127W,YPL001W,0,-0.6220771,0.11826544255018234,0.9870389103889465,0.7383214831352234
YOR367W,YBR029C,0,-0.62227213,0.11825131624937057,0.9870389103889465,0.7384214997291565
YOR209C,YPL003W,0,-0.6233709,0.11823718994855881,0.9870389103889465,0.7385215759277344
YPR046W,YOL038W,0,-0.6233817,0.11822307109832764,0.9870389103889465,0.7386215925216675
YHR042W,YMR230W,0,-0.6233858,0.11820895224809647,0.9870389103889465,0.7387216091156006
YMR263W,YPL015C,0,-0.623621,0.11819484084844589,0.9870389103889465,0.7388216257095337
YIL039W,YPL140C,0,-0.62439907,0.11818072944879532,0.9870389103889465,0.7389217019081116
YNL038W,YOR011W,0,-0.6244196,0.11816662549972534,0.9870389103889465,0.7390217185020447
YAL001C,YLR291C,0,-0.6245812,0.11815252155065536,0.9870389103889465,0.7391217350959778
YIL134W,YGR222W,0,-0.6248901,0.11813842505216599,0.9870389103889465,0.7392217516899109
YOR065W,YIL084C,0,-0.6252058,0.1181243285536766,0.9870389103889465,0.739321768283844
YJL096W,YKL203C,0,-0.62545717,0.11811023950576782,0.9870389103889465,0.7394218444824219
YDR483W,YHR158C,0,-0.6261338,0.11809615045785904,0.9870389103889465,0.739521861076355
YLL039C,YIL038C,0,-0.6262454,0.11808206140995026,0.9870389103889465,0.7396218776702881
YMR167W,YHR197W,0,-0.62692034,0.11806797981262207,0.9870389103889465,0.7397218942642212
YOL142W,YGL208W,0,-0.6288379,0.11805389821529388,0.9870389103889465,0.7398219704627991
YMR154C,YNL131W,0,-0.62927026,0.1180398240685463,0.9870389103889465,0.7399219870567322
YPL042C,YHR161C,0,-0.62966275,0.1180257499217987,0.9870389103889465,0.7400220036506653
YMR203W,YGL197W,0,-0.63040006,0.11801168322563171,0.9870389103889465,0.7401220202445984
YJL072C,YBR080C,0,-0.63069504,0.11799761652946472,0.9870389103889465,0.7402220368385315
YDR432W,YOL113W,0,-0.6308553,0.11798355728387833,0.9870389103889465,0.7403221130371094
YDR397C,YOR175C,0,-0.6310835,0.11796949803829193,0.9870389103889465,0.7404221296310425
YHL003C,YHR042W,0,-0.63142383,0.11795543879270554,0.9870389103889465,0.7405221462249756
YMR152W,YOR155C,0,-0.63160205,0.11794138699769974,0.9870389103889465,0.7406221628189087
YGR129W,YJL146W,0,-0.6327725,0.11792733520269394,0.9870389103889465,0.7407222390174866
YDR150W,YCL033C,0,-0.6338397,0.11791329085826874,0.9870389103889465,0.7408222556114197
YGL208W,YDR212W,0,-0.63411856,0.11789924651384354,0.9870389103889465,0.7409222722053528
YGL011C,YMR213W,0,-0.6347728,0.11788520961999893,0.9870389103889465,0.7410222887992859
YHR085W,YGL091C,0,-0.63525164,0.11787117272615433,0.9870389103889465,0.7411223649978638
YPL070W,YMR017W,0,-0.63583195,0.11785714328289032,0.9870389103889465,0.7412223815917969
YBL017C,YMR211W,0,-0.6361784,0.11784311383962631,0.9870389103889465,0.74132239818573
YMR284W,YKR098C,0,-0.63760084,0.1178290918469429,0.9870389103889465,0.7414224147796631
YGR264C,YIL126W,0,-0.6376055,0.1178150624036789,0.9870389103889465,0.7415224313735962
YJR006W,YDR067C,0,-0.637904,0.11780104786157608,0.9870389103889465,0.7416225075721741
YNL068C,YML062C,0,-0.6381874,0.11778703331947327,0.9870389103889465,0.7417225241661072
YOL051W,YFL036W,0,-0.6385009,0.11777301877737045,0.9870389103889465,0.7418225407600403
YPR035W,YJR126C,0,-0.6389512,0.11775901168584824,0.9870389103889465,0.7419225573539734
YLL043W,YDR128W,0,-0.6389941,0.11774500459432602,0.9870389103889465,0.7420226335525513
YLR373C,YLR390W-A,0,-0.6392136,0.1177310049533844,0.9870389103889465,0.7421226501464844
YPR120C,YGR099W,0,-0.63940024,0.11771700531244278,0.9870389103889465,0.7422226667404175
YOR143C,YPL083C,0,-0.63948375,0.11770300567150116,0.9870389103889465,0.7423226833343506
YCR072C,YNL099C,0,-0.64049673,0.11768901348114014,0.9870389103889465,0.7424226999282837
YDL078C,YBR278W,0,-0.6413667,0.11767502874135971,0.9870389103889465,0.7425227761268616
YNR023W,YPL164C,0,-0.64140713,0.11766104400157928,0.9870389103889465,0.7426227927207947
YGR013W,YGR285C,0,-0.64151424,0.11764705926179886,0.9870389103889465,0.7427228093147278
YER110C,YML021C,0,-0.6418081,0.11763308197259903,0.9870389103889465,0.7428228259086609
YDL143W,YPL252C,0,-0.64195156,0.1176191046833992,0.9870389103889465,0.7429229021072388
YLR205C,YHL013C,0,-0.6424806,0.11760513484477997,0.9870389103889465,0.7430229187011719
YLR457C,YGR288W,0,-0.6429605,0.11759116500616074,0.9870389103889465,0.743122935295105
YNL327W,YOL154W,1,-0.64367044,0.11769596487283707,0.9880359172821045,0.743122935295105
YJL186W,YDR458C,0,-0.64371157,0.11768198758363724,0.9880359172821045,0.7432229518890381
YJL004C,YBR042C,0,-0.6441477,0.11766801029443741,0.9880359172821045,0.7433229684829712
YEL031W,YML051W,0,-0.64479053,0.11765404045581818,0.9880359172821045,0.7434230446815491
YGR009C,YGR088W,0,-0.6450117,0.11764007806777954,0.9880359172821045,0.7435230612754822
YGR070W,YLR223C,0,-0.6450868,0.1176261156797409,0.9880359172821045,0.7436230778694153
YDR280W,YDR361C,0,-0.64514434,0.11761215329170227,0.9880359172821045,0.7437230944633484
YDL036C,YDR529C,0,-0.6455225,0.11759819835424423,0.9880359172821045,0.7438231706619263
YNL159C,YNR052C,0,-0.64569056,0.1175842434167862,0.9880359172821045,0.7439231872558594
YJL092W,YDR409W,0,-0.646403,0.11757029592990875,0.9880359172821045,0.7440232038497925
YOR181W,YDR527W,0,-0.6464922,0.11755634844303131,0.9880359172821045,0.7441232204437256
YJR089W,YKL161C,0,-0.64664996,0.11754240095615387,0.9880359172821045,0.7442232966423035
YMR028W,YIL160C,0,-0.6469394,0.11752846091985703,0.9880359172821045,0.7443233132362366
YGL070C,YER123W,0,-0.64741355,0.11751452833414078,0.9880359172821045,0.7444233298301697
YKR003W,YCL004W,0,-0.64758086,0.11750059574842453,0.9880359172821045,0.7445233464241028
YBR095C,YLL048C,0,-0.6476766,0.11748666316270828,0.9880359172821045,0.7446233630180359
YPL055C,YOR090C,0,-0.6481659,0.11747273802757263,0.9880359172821045,0.7447234392166138
YLR070C,YDR486C,0,-0.648862,0.11745881289243698,0.9880359172821045,0.7448234558105469
YPL157W,YGR072W,0,-0.6490264,0.11744489520788193,0.9880359172821045,0.74492347240448
YKL186C,YPR140W,0,-0.64931214,0.11743097752332687,0.9880359172821045,0.7450234889984131
YBL080C,YPL023C,0,-0.6496025,0.11741705983877182,0.9880359172821045,0.745123565196991
YCL017C,YDR208W,0,-0.6504331,0.11740314960479736,0.9880359172821045,0.7452235817909241
YMR100W,YHR110W,0,-0.65078634,0.1173892468214035,0.9880359172821045,0.7453235983848572
YJR044C,YDR287W,0,-0.6510213,0.11737534403800964,0.9880359172821045,0.7454236149787903
YER042W,YDR289C,0,-0.6510822,0.11736144125461578,0.9880359172821045,0.7455236315727234
YCL052C,YDR356W,0,-0.65141374,0.11734754592180252,0.9880359172821045,0.7456237077713013
YLL034C,YNR008W,0,-0.6516042,0.11733365058898926,0.9880359172821045,0.7457237243652344
YLR219W,YHR200W,0,-0.65198255,0.117319755256176,0.9880359172821045,0.7458237409591675
YGR013W,YDR011W,0,-0.6525666,0.11730587482452393,0.9880359172821045,0.7459237575531006
YDL215C,YJL004C,0,-0.6531531,0.11729198694229126,0.9880359172821045,0.7460238337516785
YDL070W,YKL175W,0,-0.65333116,0.11727810651063919,0.9880359172821045,0.7461238503456116
YBL069W,YOR358W,0,-0.65376353,0.11726422607898712,0.9880359172821045,0.7462238669395447
YDL079C,YBR122C,0,-0.65387905,0.11725035309791565,0.9880359172821045,0.7463238835334778
YFL047W,YKL004W,0,-0.65460086,0.11723648756742477,0.9880359172821045,0.7464239001274109
YBL031W,YKL055C,0,-0.65500116,0.1172226145863533,0.9880359172821045,0.7465239763259888
YCL052C,YGL096W,0,-0.6550168,0.11720874905586243,0.9880359172821045,0.7466239929199219
YDL104C,YKR065C,0,-0.6551465,0.11719489097595215,0.9880359172821045,0.746724009513855
YJL183W,YDR398W,0,-0.6555277,0.11718103289604187,0.9880359172821045,0.7468240261077881
YNL264C,YOR142W,0,-0.65563995,0.11716718226671219,0.9880359172821045,0.746924102306366
YML013W,YJR021C,0,-0.6561054,0.11715332418680191,0.9880359172821045,0.7470241189002991
YOR119C,YDL216C,0,-0.6561837,0.11713948100805283,0.9880359172821045,0.7471241354942322
YNL251C,YDR211W,0,-0.6570064,0.11712563782930374,0.9880359172821045,0.7472241520881653
YLR382C,YOL117W,0,-0.65860546,0.11711179465055466,0.9880359172821045,0.7473241686820984
YLR425W,YOL016C,0,-0.65897524,0.11709795892238617,0.9880359172821045,0.7474242448806763
YMR035W,YKL040C,0,-0.6590385,0.11708412319421768,0.9880359172821045,0.7475242614746094
YPL122C,YLR395C,0,-0.6594537,0.1170702874660492,0.9880359172821045,0.7476242780685425
YPR100W,YIL047C,0,-0.6603068,0.1170564591884613,0.9880359172821045,0.7477242946624756
YHR063C,YCR057C,0,-0.6605439,0.11704263836145401,0.9880359172821045,0.7478243708610535
YBL047C,YGL066W,0,-0.66112995,0.11702881753444672,0.9880359172821045,0.7479243874549866
YOL044W,YNL257C,0,-0.6612451,0.11701499670743942,0.9880359172821045,0.7480244040489197
YER112W,YDR171W,0,-0.6630949,0.11700118333101273,0.9880359172821045,0.7481244206428528
YGR221C,YKL013C,0,-0.66322106,0.11698736995458603,0.9880359172821045,0.7482244968414307
YLR299W,YHR005C-A,0,-0.6644364,0.11697355657815933,0.9880359172821045,0.7483245134353638
YIR036C,YIL085C,0,-0.66448855,0.11695975810289383,0.9880359172821045,0.7484245300292969
YMR028W,YOR185C,0,-0.6645013,0.11694595217704773,0.9880359172821045,0.74852454662323
YJR089W,YPL202C,0,-0.6645352,0.11693215370178223,0.9880359172821045,0.7486245632171631
YOR259C,YLR120C,0,-0.6645955,0.11691835522651672,0.9880359172821045,0.748724639415741
YKL012W,YNR036C,0,-0.6650939,0.11690456420183182,0.9880359172821045,0.7488246560096741
YDR466W,YER018C,0,-0.66526437,0.11689077317714691,0.9880359172821045,0.7489246726036072
YHR038W,YNL322C,0,-0.66574913,0.1168769896030426,0.9880359172821045,0.7490246891975403
YLR067C,YLR335W,0,-0.666139,0.1168632060289383,0.9880359172821045,0.7491247653961182
YMR164C,YKL101W,0,-0.66784406,0.11684942990541458,0.9880359172821045,0.7492247819900513
YPL040C,YMR069W,0,-0.6679899,0.11683565378189087,0.9880359172821045,0.7493247985839844
YLR221C,YNL062C,0,-0.6689167,0.11682187765836716,0.9880359172821045,0.7494248151779175
YKL079W,YKL127W,0,-0.669332,0.11680810898542404,0.9880359172821045,0.7495248317718506
YKR098C,YLR215C,0,-0.6696514,0.11679434031248093,0.9880359172821045,0.7496249079704285
YKL059C,YMR071C,0,-0.6698504,0.11678057909011841,0.9880359172821045,0.7497249245643616
YIL019W,YHR091C,0,-0.6700889,0.11676681786775589,0.9880359172821045,0.7498249411582947
YMR197C,YAL042W,0,-0.6701616,0.11675306409597397,0.9880359172821045,0.7499249577522278
YNL064C,YDR448W,0,-0.6711117,0.11673931032419205,0.9880359172821045,0.7500250339508057
YLR332W,YGL035C,0,-0.6711488,0.11672555655241013,0.9880359172821045,0.7501250505447388
YCR035C,YBR193C,0,-0.67144144,0.1167118102312088,0.9880359172821045,0.7502250671386719
YDR221W,YHR005C-A,0,-0.67236876,0.11669807136058807,0.9880359172821045,0.750325083732605
YLR247C,YOR119C,0,-0.67257726,0.11668432503938675,0.9880359172821045,0.7504251003265381
YDR456W,YDR341C,0,-0.6729598,0.11667059361934662,0.9880359172821045,0.750525176525116
YER164W,YNL280C,0,-0.6729653,0.11665685474872589,0.9880359172821045,0.7506251931190491
YDL104C,YNL256W,0,-0.6730975,0.11664312332868576,0.9880359172821045,0.7507252097129822
YML019W,YMR286W,0,-0.67377293,0.11662939935922623,0.9880359172821045,0.7508252263069153
YEL064C,YML057W,0,-0.67393064,0.1166156753897667,0.9880359172821045,0.7509253025054932
YFL017W-A,YHR017W,0,-0.67410934,0.11660195142030716,0.9880359172821045,0.7510253190994263
YPL227C,YLR375W,0,-0.6746222,0.11658823490142822,0.9880359172821045,0.7511253356933594
YKR086W,YDR047W,0,-0.67504257,0.11657451838254929,0.9880359172821045,0.7512253522872925
YGL232W,YCL038C,0,-0.67524,0.11656080931425095,0.9880359172821045,0.7513253688812256
YOR371C,YOR290C,0,-0.6754977,0.1165471002459526,0.9880359172821045,0.7514254450798035
YIL035C,YGR078C,0,-0.67552394,0.11653339862823486,0.9880359172821045,0.7515254616737366
YGR220C,YCL052C,0,-0.6756445,0.11651969701051712,0.9880359172821045,0.7516254782676697
YOR153W,YJL041W,0,-0.6772306,0.11650599539279938,0.9880359172821045,0.7517254948616028
YPL123C,YOL011W,1,-0.6775017,0.1166098490357399,0.9890329241752625,0.7517254948616028
YIR021W,YKR024C,0,-0.6784643,0.11659614741802216,0.9890329241752625,0.7518255710601807
YMR285C,YPL052W,0,-0.6786382,0.11658244580030441,0.9890329241752625,0.7519255876541138
YDR472W,YGR040W,0,-0.67902595,0.11656874418258667,0.9890329241752625,0.7520256042480469
YMR071C,YIL154C,0,-0.67962456,0.11655505001544952,0.9890329241752625,0.75212562084198
YKL073W,YER051W,0,-0.67964625,0.11654135584831238,0.9890329241752625,0.7522256970405579
YNL204C,YBR095C,0,-0.6801434,0.11652766168117523,0.9890329241752625,0.752325713634491
YNL242W,YNL188W,0,-0.6801661,0.11651397496461868,0.9890329241752625,0.7524257302284241
YIL114C,YMR264W,0,-0.6806109,0.11650029569864273,0.9890329241752625,0.7525257468223572
YPL083C,YBR041W,0,-0.68099254,0.11648661643266678,0.9890329241752625,0.7526257634162903
YLR247C,YJL167W,0,-0.68116987,0.11647293716669083,0.9890329241752625,0.7527258396148682
YLL050C,YOR211C,0,-0.6819989,0.11645926535129547,0.9890329241752625,0.7528258562088013
YOR001W,YMR276W,0,-0.682716,0.11644559353590012,0.9890329241752625,0.7529258728027344
YBR192W,YDL193W,0,-0.6830792,0.11643192172050476,0.9890329241752625,0.7530258893966675
YGL067W,YGL038C,0,-0.68356836,0.11641825735569,0.9890329241752625,0.7531259655952454
YGL068W,YMR109W,0,-0.68407166,0.11640460044145584,0.9890329241752625,0.7532259821891785
YDR477W,YPL015C,0,-0.68541867,0.11639094352722168,0.9890329241752625,0.7533259987831116
YML130C,YJR159W,0,-0.6854991,0.11637728661298752,0.9890329241752625,0.7534260153770447
YDR155C,YDR518W,0,-0.6872246,0.11636363714933395,0.9890329241752625,0.7535260319709778
YDR195W,YJR010C-A,0,-0.68729204,0.11634998768568039,0.9890329241752625,0.7536261081695557
YML010W,YER082C,0,-0.6874107,0.11633634567260742,0.9890329241752625,0.7537261247634888
YDR002W,YMR176W,0,-0.6875809,0.11632270365953445,0.9890329241752625,0.7538261413574219
YKL099C,YJL041W,0,-0.6876234,0.11630906164646149,0.9890329241752625,0.753926157951355
YJL134W,YNR052C,0,-0.6884092,0.11629542708396912,0.9890329241752625,0.7540262341499329
YDL078C,YIL027C,0,-0.69065654,0.11628179252147675,0.9890329241752625,0.754126250743866
YOL023W,YNL308C,0,-0.6926858,0.11626816540956497,0.9890329241752625,0.7542262673377991
YJL037W,YPL008W,0,-0.69273365,0.1162545382976532,0.9890329241752625,0.7543262839317322
YER178W,YGR057C,0,-0.6930792,0.11624091863632202,0.9890329241752625,0.7544263005256653
YPR120C,YLR299W,0,-0.69346905,0.11622729897499084,0.9890329241752625,0.7545263767242432
YGL050W,YPL280W,0,-0.69398725,0.11621368676424026,0.9890329241752625,0.7546263933181763
YOL142W,YML116W,0,-0.695141,0.11620006710290909,0.9890329241752625,0.7547264099121094
YBR148W,YDR369C,0,-0.69553053,0.1161864623427391,0.9890329241752625,0.7548264265060425
YPR120C,YOR290C,0,-0.6955646,0.11617285758256912,0.9890329241752625,0.7549265027046204
YJR045C,YPL164C,0,-0.6958214,0.11615925282239914,0.9890329241752625,0.7550265192985535
YBL069W,YFL041W,0,-0.6962974,0.11614564806222916,0.9890329241752625,0.7551265358924866
YJR032W,YLR025W,0,-0.69635,0.11613205075263977,0.9890329241752625,0.7552265524864197
YLR234W,YBR077C,0,-0.6968149,0.11611846089363098,0.9890329241752625,0.7553265690803528
YDR380W,YPL193W,0,-0.6969433,0.11610487103462219,0.9890329241752625,0.7554266452789307
YDR457W,YOR174W,0,-0.69709504,0.1160912811756134,0.9890329241752625,0.7555266618728638
YDR023W,YJL042W,0,-0.69751644,0.11607769876718521,0.9890329241752625,0.7556266784667969
YNL286W,YBR287W,0,-0.6976564,0.11606411635875702,0.9890329241752625,0.75572669506073
YDR486C,YHR048W,0,-0.6981013,0.11605054140090942,0.9890329241752625,0.7558267712593079
YDR251W,YDL142C,0,-0.6988852,0.11603696644306183,0.9890329241752625,0.755926787853241
YHR150W,YGL048C,0,-0.699881,0.11602339148521423,0.9890329241752625,0.7560268044471741
YOR159C,YLL009C,0,-0.7003577,0.11600982397794724,0.9890329241752625,0.7561268210411072
YOR141C,YML078W,0,-0.7009953,0.11599625647068024,0.9890329241752625,0.7562268972396851
YHR143W-A,YBR173C,0,-0.7011329,0.11598269641399384,0.9890329241752625,0.7563269138336182
YNL201C,YBR104W,0,-0.7013603,0.11596913635730743,0.9890329241752625,0.7564269304275513
YCL008C,YML078W,0,-0.70171964,0.11595558375120163,0.9890329241752625,0.7565269470214844
YIL110W,YGL130W,0,-0.7022654,0.11594203114509583,0.9890329241752625,0.7566269636154175
YPR026W,YLR147C,0,-0.70231736,0.11592847853899002,0.9890329241752625,0.7567270398139954
YBL056W,YJR086W,0,-0.7024069,0.11591493338346481,0.9890329241752625,0.7568270564079285
YBR162W-A,YGR133W,0,-0.70250064,0.1159013882279396,0.9890329241752625,0.7569270730018616
YOR181W,YKR001C,0,-0.7025225,0.115887850522995,0.9890329241752625,0.7570270895957947
YJL090C,YOL097C,0,-0.7026782,0.11587431281805038,0.9890329241752625,0.7571271657943726
YIL050W,YDR466W,0,-0.7027793,0.11586078256368637,0.9890329241752625,0.7572271823883057
YOR279C,YOR380W,0,-0.70283276,0.11584725230932236,0.9890329241752625,0.7573271989822388
YOR293W,YNL054W,0,-0.7035177,0.11583372205495834,0.9890329241752625,0.7574272155761719
YER095W,YPR001W,0,-0.7039223,0.11582019925117493,0.9890329241752625,0.757527232170105
YER144C,YLR336C,0,-0.70495677,0.11580667644739151,0.9890329241752625,0.7576273083686829
YBR084W,YOL149W,0,-0.7052361,0.11579316109418869,0.9890329241752625,0.757727324962616
YMR162C,YMR275C,0,-0.7057985,0.11577964574098587,0.9890329241752625,0.7578273415565491
YGR136W,YBR163W,0,-0.7061551,0.11576613038778305,0.9890329241752625,0.7579273581504822
YIL017C,YBR175W,0,-0.7070659,0.11575262248516083,0.9890329241752625,0.7580274343490601
YKR060W,YGL163C,0,-0.7093675,0.1157391220331192,0.9890329241752625,0.7581274509429932
YJL173C,YJL103C,0,-0.7102649,0.11572562158107758,0.9890329241752625,0.7582274675369263
YHR150W,YLR068W,0,-0.7114737,0.11571212112903595,0.9890329241752625,0.7583274841308594
YDR002W,YGR152C,0,-0.7118026,0.11569862067699432,0.9890329241752625,0.7584275007247925
YLR176C,YLR335W,0,-0.7123822,0.1156851276755333,0.9890329241752625,0.7585275769233704
YBR251W,YDL165W,0,-0.7130783,0.11567164212465286,0.9890329241752625,0.7586275935173035
YAR035W,YHL013C,0,-0.7133902,0.11565815657377243,0.9890329241752625,0.7587276101112366
YIR005W,YGR200C,0,-0.71385986,0.115644671022892,0.9890329241752625,0.7588276267051697
YLR086W,YAR019C,0,-0.71404433,0.11563119292259216,0.9890329241752625,0.7589277029037476
YDR480W,YAL010C,0,-0.71415216,0.11561771482229233,0.9890329241752625,0.7590277194976807
YFL047W,YFR031C,0,-0.7143457,0.11560424417257309,0.9890329241752625,0.7591277360916138
YPR008W,YOR137C,0,-0.7145113,0.11559077352285385,0.9890329241752625,0.7592277526855469
YJR051W,YHR194W,0,-0.7150668,0.11557730287313461,0.9890329241752625,0.75932776927948
YGR010W,YKL013C,0,-0.7154739,0.11556383967399597,0.9890329241752625,0.7594278454780579
YDR515W,YJR092W,0,-0.7155299,0.11555037647485733,0.9890329241752625,0.759527862071991
YDL013W,YDR173C,0,-0.71553177,0.11553692072629929,0.9890329241752625,0.7596278786659241
YIR036C,YPR085C,0,-0.7161393,0.11552346497774124,0.9890329241752625,0.7597278952598572
YOL056W,YKL062W,0,-0.7165252,0.1155100166797638,0.9890329241752625,0.7598279714584351
YER007W,YAL014C,0,-0.7168021,0.11549656838178635,0.9890329241752625,0.7599279880523682
YDR515W,YPR082C,0,-0.71698433,0.1154831200838089,0.9890329241752625,0.7600280046463013
YBL056W,YGR089W,0,-0.71726036,0.11546967923641205,0.9890329241752625,0.7601280212402344
YOL138C,YBR195C,0,-0.71787286,0.1154562383890152,0.9890329241752625,0.7602280974388123
YDR055W,YLR120C,1,-0.720183,0.1155591756105423,0.9900299310684204,0.7602280974388123
YNL108C,YLL012W,0,-0.72056234,0.11554572731256485,0.9900299310684204,0.7603281140327454
YGR140W,YMR149W,0,-0.72171456,0.115532286465168,0.9900299310684204,0.7604281306266785
YGR206W,YCR075C,0,-0.72185814,0.11551884561777115,0.9900299310684204,0.7605281472206116
YDR218C,YNL280C,0,-0.72185946,0.1155054122209549,0.9900299310684204,0.7606281638145447
YIL123W,YDR420W,1,-0.7218884,0.11560828238725662,0.9910269379615784,0.7606281638145447
YKL125W,YJL108C,0,-0.7226571,0.11559483408927917,0.9910269379615784,0.7607282400131226
YHR181W,YPR138C,0,-0.72345436,0.11558139324188232,0.9910269379615784,0.7608282566070557
YBL023C,YML046W,0,-0.7243709,0.11556795984506607,0.9910269379615784,0.7609282732009888
YMR012W,YNL147W,0,-0.7246523,0.11555451899766922,0.9910269379615784,0.7610282897949219
YFL033C,YNR011C,0,-0.72480243,0.11554109305143356,0.9910269379615784,0.7611283659934998
YMR194W,YNR043W,0,-0.72546995,0.11552765965461731,0.9910269379615784,0.7612283825874329
YNL078W,YLR284C,0,-0.7275423,0.11551423370838165,0.9910269379615784,0.761328399181366
YDR105C,YOR174W,0,-0.7277944,0.11550081521272659,0.9910269379615784,0.7614284157752991
YBR104W,YLL022C,0,-0.72834456,0.11548739671707153,0.9910269379615784,0.7615284323692322
YJL096W,YPR140W,0,-0.72864306,0.11547397822141647,0.9910269379615784,0.7616285085678101
YGL012W,YDR145W,0,-0.72877073,0.11546056717634201,0.9910269379615784,0.7617285251617432
YOR258W,YGL068W,0,-0.7295966,0.11544715613126755,0.9910269379615784,0.7618285417556763
YBR129C,YDR195W,0,-0.72995734,0.11543374508619308,0.9910269379615784,0.7619285583496094
YAL035W,YOL019W,0,-0.73056483,0.11542034149169922,0.9910269379615784,0.7620286345481873
YER101C,YDL019C,0,-0.7309678,0.11540694534778595,0.9910269379615784,0.7621286511421204
YMR179W,YOR003W,0,-0.7311348,0.11539354175329208,0.9910269379615784,0.7622286677360535
YBR240C,YJL209W,0,-0.73134387,0.11538015305995941,0.9910269379615784,0.7623286843299866
YDR435C,YOR038C,0,-0.73154706,0.11536675691604614,0.9910269379615784,0.7624287009239197
YML104C,YMR154C,0,-0.73311156,0.11535336822271347,0.9910269379615784,0.7625287771224976
YPL026C,YLR360W,0,-0.73355705,0.1153399869799614,0.9910269379615784,0.7626287937164307
YHR038W,YAL013W,0,-0.7341752,0.11532660573720932,0.9910269379615784,0.7627288103103638
YLR355C,YJL153C,0,-0.7342403,0.11531322449445724,0.9910269379615784,0.7628288269042969
YHR187W,YGL143C,0,-0.7343165,0.11529985070228577,0.9910269379615784,0.7629289031028748
YGR038W,YLR165C,0,-0.7353637,0.11528647691011429,0.9910269379615784,0.7630289196968079
YJR072C,YLR341W,0,-0.73560214,0.11527310311794281,0.9910269379615784,0.763128936290741
YJL183W,YCR057C,0,-0.7359022,0.11525973677635193,0.9910269379615784,0.7632289528846741
YPL173W,YNL063W,0,-0.73641455,0.11524637788534164,0.9910269379615784,0.7633289694786072
YBR236C,YPR082C,0,-0.73744863,0.11523301899433136,0.9910269379615784,0.7634290456771851
YDR207C,YMR322C,0,-0.73786104,0.11521966010332108,0.9910269379615784,0.7635290622711182
YLR103C,YGR048W,0,-0.7385112,0.11520630866289139,0.9910269379615784,0.7636290788650513
YGR206W,YMR083W,0,-0.7395187,0.1151929572224617,0.9910269379615784,0.7637290954589844
YHL020C,YER182W,0,-0.73969275,0.11517960578203201,0.9910269379615784,0.7638291716575623
YPR045C,YOL031C,0,-0.73978114,0.11516626179218292,0.9910269379615784,0.7639291882514954
YGR162W,YMR319C,0,-0.73982745,0.11515291780233383,0.9910269379615784,0.7640292048454285
YLR196W,YDR378C,0,-0.74231005,0.11513958126306534,0.9910269379615784,0.7641292214393616
YGL210W,YGL139W,0,-0.74319696,0.11512624472379684,0.9910269379615784,0.7642292976379395
YML038C,YBR122C,0,-0.7435322,0.11511291563510895,0.9910269379615784,0.7643293142318726
YNL201C,YMR154C,0,-0.7438367,0.11509958654642105,0.9910269379615784,0.7644293308258057
YNL280C,YMR019W,0,-0.7442448,0.11508625745773315,0.9910269379615784,0.7645293474197388
YHR206W,YGL080W,0,-0.7443203,0.11507293581962585,0.9910269379615784,0.7646293640136719
YOR233W,YOR001W,0,-0.74436283,0.11505961418151855,0.9910269379615784,0.7647294402122498
YER115C,YPL186C,0,-0.7452158,0.11504629999399185,0.9910269379615784,0.7648294568061829
YDR406W,YHL023C,0,-0.745625,0.11503298580646515,0.9910269379615784,0.764929473400116
YLR305C,YOL041C,0,-0.74597883,0.11501967161893845,0.9910269379615784,0.7650294899940491
YER166W,YFR028C,0,-0.74675274,0.11500636488199234,0.9910269379615784,0.765129566192627
YDR353W,YLL003W,0,-0.7471237,0.11499305814504623,0.9910269379615784,0.7652295827865601
YKL057C,YML118W,0,-0.74715936,0.11497975885868073,0.9910269379615784,0.7653295993804932
YPR024W,YER063W,0,-0.74744207,0.11496645957231522,0.9910269379615784,0.7654296159744263
YEL062W,YGR166W,0,-0.7477864,0.11495316028594971,0.9910269379615784,0.7655296325683594
YLR074C,YGL058W,0,-0.74836874,0.1149398684501648,0.9910269379615784,0.7656297087669373
YBL041W,YOR242C,0,-0.7494238,0.11492658406496048,0.9910269379615784,0.7657297253608704
YGR140W,YKL138C,0,-0.7496964,0.11491329222917557,0.9910269379615784,0.7658297419548035
YKL042W,YGL122C,0,-0.7499933,0.11490000784397125,0.9910269379615784,0.7659297585487366
YDL070W,YJR101W,0,-0.7505914,0.11488673090934753,0.9910269379615784,0.7660298347473145
YIL039W,YLR285W,0,-0.75157636,0.11487345397472382,0.9910269379615784,0.7661298513412476
YOR336W,YLR025W,0,-0.75165415,0.1148601770401001,0.9910269379615784,0.7662298679351807
YLR320W,YOR243C,0,-0.7519158,0.11484690755605698,0.9910269379615784,0.7663298845291138
YDL112W,YOR179C,0,-0.75254047,0.11483363807201385,0.9910269379615784,0.7664299011230469
YKL057C,YEL063C,0,-0.7530957,0.11482037603855133,0.9910269379615784,0.7665299773216248
YGR136W,YLR018C,0,-0.7540714,0.1148071140050888,0.9910269379615784,0.7666299939155579
YER129W,YGL013C,0,-0.7543816,0.11479385942220688,0.9910269379615784,0.766730010509491
YBR061C,YKR102W,0,-0.7546707,0.11478059738874435,0.9910269379615784,0.7668300271034241
YIL075C,YHR046C,0,-0.7553358,0.11476735025644302,0.9910269379615784,0.766930103302002
YKR065C,YGR003W,0,-0.75584245,0.1147540956735611,0.9910269379615784,0.7670301198959351
YAL029C,YNR048W,0,-0.7561762,0.11474084854125977,0.9910269379615784,0.7671301364898682
YDR462W,YGR104C,0,-0.75637174,0.11472760885953903,0.9910269379615784,0.7672301530838013
YPL149W,YBR106W,0,-0.75749046,0.1147143691778183,0.9910269379615784,0.7673301696777344
YGL187C,YOL144W,0,-0.75750244,0.11470112949609756,0.9910269379615784,0.7674302458763123
YPL083C,YFL002C,0,-0.7575042,0.11468789726495743,0.9910269379615784,0.7675302624702454
YJR152W,YER031C,0,-0.7578928,0.11467466503381729,0.9910269379615784,0.7676302790641785
YHL006C,YML091C,0,-0.7580749,0.11466144025325775,0.9910269379615784,0.7677302956581116
YBR135W,YER017C,0,-0.759155,0.11464821547269821,0.9910269379615784,0.7678303718566895
YMR240C,YJL209W,0,-0.7600102,0.11463499069213867,0.9910269379615784,0.7679303884506226
YMR077C,YMR176W,0,-0.7601483,0.11462177336215973,0.9910269379615784,0.7680304050445557
YGL208W,YIL156W,0,-0.7612164,0.11460855603218079,0.9910269379615784,0.7681304216384888
YGL116W,YJL094C,0,-0.76159173,0.11459533870220184,0.9910269379615784,0.7682304978370667
YLR234W,YPL040C,0,-0.7617222,0.1145821362733841,0.9910269379615784,0.7683305144309998
YDR023W,YOL082W,0,-0.76224506,0.11456892639398575,0.9910269379615784,0.7684305310249329
YNL317W,YLL010C,0,-0.7636035,0.114555723965168,0.9910269379615784,0.768530547618866
YDR465C,YBL023C,0,-0.76377535,0.11454252153635025,0.9910269379615784,0.7686305642127991
YPL206C,YDR284C,0,-0.7639051,0.1145293265581131,0.9910269379615784,0.768730640411377
YDR301W,YBR058C,0,-0.7645747,0.11451613157987595,0.9910269379615784,0.7688306570053101
YPL086C,YGL212W,0,-0.764893,0.1145029366016388,0.9910269379615784,0.7689306735992432
YER167W,YLR424W,0,-0.76496863,0.11448974907398224,0.9910269379615784,0.7690306901931763
YPL195W,YMR274C,0,-0.76516056,0.11447656154632568,0.9910269379615784,0.7691307663917542
YHL007C,YOR217W,0,-0.76567376,0.11446338146924973,0.9910269379615784,0.7692307829856873
YER116C,YKL212W,0,-0.7662117,0.11445020139217377,0.9910269379615784,0.7693307995796204
YML072C,YNR048W,0,-0.766363,0.1144370287656784,0.9910269379615784,0.7694308161735535
YAR042W,YGR230W,0,-0.7667085,0.11442384868860245,0.9910269379615784,0.7695308327674866
YDR469W,YPL012W,0,-0.7670009,0.11441068351268768,0.9910269379615784,0.7696309089660645
YBR286W,YNL230C,0,-0.7674876,0.11439751088619232,0.9910269379615784,0.7697309255599976
YLR397C,YDR486C,0,-0.76749074,0.11438435316085815,0.9910269379615784,0.7698309421539307
YPR154W,YDR183W,0,-0.7675705,0.11437118798494339,0.9910269379615784,0.7699309587478638
YBL066C,YBR265W,0,-0.7680995,0.11435803025960922,0.9910269379615784,0.7700310349464417
YKL170W,YLL033W,0,-0.7684425,0.11434487253427505,0.9910269379615784,0.7701310515403748
YHR040W,YIL074C,0,-0.7701291,0.11433172225952148,0.9910269379615784,0.7702310681343079
YNR013C,YNL185C,0,-0.77044654,0.11431857198476791,0.9910269379615784,0.770331084728241
YHR044C,YDR407C,0,-0.7704871,0.11430542916059494,0.9910269379615784,0.7704311013221741
YJR040W,YDL137W,0,-0.77053356,0.11429228633642197,0.9910269379615784,0.770531177520752
YOL012C,YDR146C,0,-0.7708142,0.11427914351224899,0.9910269379615784,0.7706311941146851
YGR046W,YDL209C,0,-0.7708889,0.11426600813865662,0.9910269379615784,0.7707312107086182
YJR042W,YER112W,0,-0.77090704,0.11425287276506424,0.9910269379615784,0.7708312273025513
YNL244C,YDR284C,0,-0.7710515,0.11423974484205246,0.9910269379615784,0.7709313035011292
YGL194C,YDR117C,0,-0.77136874,0.11422661691904068,0.9910269379615784,0.7710313200950623
YMR026C,YJR046W,0,-0.77157205,0.1142134889960289,0.9910269379615784,0.7711313366889954
YNL240C,YDL089W,0,-0.77172565,0.11420036852359772,0.9910269379615784,0.7712313532829285
YER167W,YDL087C,0,-0.77298784,0.11418724805116653,0.9910269379615784,0.7713313698768616
YGL167C,YPL164C,0,-0.7733647,0.11417413502931595,0.9910269379615784,0.7714314460754395
YDR463W,YHR156C,0,-0.774018,0.11416102200746536,0.9910269379615784,0.7715314626693726
YMR054W,YNL039W,0,-0.7745151,0.11414790898561478,0.9910269379615784,0.7716314792633057
YIR005W,YKL104C,0,-0.77458453,0.11413480341434479,0.9910269379615784,0.7717314958572388
YNL240C,YKL040C,0,-0.7767434,0.1141216978430748,0.9910269379615784,0.7718315720558167
YKR008W,YNL081C,0,-0.7770162,0.1141085997223854,0.9910269379615784,0.7719315886497498
YOR265W,YDR503C,0,-0.777019,0.11409550160169601,0.9910269379615784,0.7720316052436829
YDL212W,YHR185C,0,-0.7771901,0.11408240348100662,0.9910269379615784,0.772131621837616
YLR399C,YHR178W,0,-0.7773272,0.11406931281089783,0.9910269379615784,0.7722316980361938
YJL056C,YLR424W,0,-0.7784023,0.11405622214078903,0.9910269379615784,0.772331714630127
YMR276W,YMR012W,0,-0.77841306,0.11404313892126083,0.9910269379615784,0.7724317312240601
YDR465C,YDL213C,0,-0.77854085,0.11403005570173264,0.9910269379615784,0.7725317478179932
YDL013W,YIL040W,0,-0.77874565,0.11401697993278503,0.9910269379615784,0.7726317644119263
YML093W,YPL177C,0,-0.7800642,0.11400389671325684,0.9910269379615784,0.7727318406105042
YHR043C,YBR168W,0,-0.78008103,0.11399082839488983,0.9910269379615784,0.7728318572044373
YPR041W,YPL175W,0,-0.78043926,0.11397775262594223,0.9910269379615784,0.7729318737983704
YMR012W,YNR027W,0,-0.7804707,0.11396468430757523,0.9910269379615784,0.7730318903923035
YGL116W,YLL029W,0,-0.7804791,0.11395162343978882,0.9910269379615784,0.7731319665908813
YER167W,YLR248W,0,-0.78069264,0.11393856257200241,0.9910269379615784,0.7732319831848145
YKL022C,YDR177W,0,-0.7812562,0.113925501704216,0.9910269379615784,0.7733319997787476
YGR013W,YPL155C,0,-0.78225505,0.11391244828701019,0.9910269379615784,0.7734320163726807
YML112W,YJL143W,0,-0.7825956,0.11389939486980438,0.9910269379615784,0.7735320329666138
YIL117C,YPR072W,0,-0.7828108,0.11388634145259857,0.9910269379615784,0.7736321091651917
YOR081C,YIL110W,0,-0.7829288,0.11387329548597336,0.9910269379615784,0.7737321257591248
YKR072C,YKL166C,0,-0.7831509,0.11386024951934814,0.9910269379615784,0.7738321423530579
YLR151C,YDR468C,0,-0.7836857,0.11384721100330353,0.9910269379615784,0.773932158946991
YBL027W,YLR248W,0,-0.7841222,0.11383417248725891,0.9910269379615784,0.7740322351455688
YNL231C,YML125C,0,-0.7842399,0.11382114142179489,0.9910269379615784,0.774132251739502
YGL044C,YDR079W,0,-0.7849722,0.11380810290575027,0.9910269379615784,0.7742322683334351
YDR140W,YMR285C,0,-0.7853937,0.11379507929086685,0.9910269379615784,0.7743322849273682
YGL240W,YOR329C,0,-0.78555346,0.11378204822540283,0.9910269379615784,0.7744323015213013
YCR073C,YNL164C,0,-0.7862303,0.11376902461051941,0.9910269379615784,0.7745323777198792
YBR129C,YPR125W,0,-0.78662574,0.11375600844621658,0.9910269379615784,0.7746323943138123
YMR041C,YHL016C,0,-0.7872747,0.11374299228191376,0.9910269379615784,0.7747324109077454
YDR497C,YNL310C,0,-0.78750503,0.11372997611761093,0.9910269379615784,0.7748324275016785
YMR215W,YDR420W,1,-0.7879752,0.11383137106895447,0.9920239448547363,0.7748324275016785
YMR039C,YDR407C,0,-0.78875446,0.11381834745407104,0.9920239448547363,0.7749325037002563
YGR216C,YMR094W,0,-0.78906286,0.11380533128976822,0.9920239448547363,0.7750325202941895
YLR039C,YNL153C,0,-0.78987896,0.1137923151254654,0.9920239448547363,0.7751325368881226
YAL024C,YKL140W,0,-0.7903766,0.11377929896116257,0.9920239448547363,0.7752325534820557
YDL008W,YDL089W,0,-0.7906275,0.11376629024744034,0.9920239448547363,0.7753325700759888
YDR369C,YOR014W,0,-0.79242516,0.1137532889842987,0.9920239448547363,0.7754326462745667
YAR019C,YDR457W,0,-0.7937934,0.11374028027057648,0.9920239448547363,0.7755326628684998
YDR490C,YOR201C,0,-0.7940128,0.11372728645801544,0.9920239448547363,0.7756326794624329
YJL069C,YLL002W,0,-0.79401845,0.11371428519487381,0.9920239448547363,0.775732696056366
YOR339C,YNL091W,0,-0.7942945,0.11370129138231277,0.9920239448547363,0.7758327722549438
YBL034C,YDR021W,0,-0.79431534,0.11368829756975174,0.9920239448547363,0.775932788848877
YER120W,YKL179C,0,-0.79484487,0.1136753112077713,0.9920239448547363,0.7760328054428101
YAR042W,YPL243W,0,-0.7953783,0.11366232484579086,0.9920239448547363,0.7761328220367432
YDR435C,YNL188W,0,-0.7953805,0.11364934593439102,0.9920239448547363,0.776232898235321
YKL212W,YER172C,0,-0.79561996,0.11363636702299118,0.9920239448547363,0.7763329148292542
YPR106W,YML095C,0,-0.7956873,0.11362338811159134,0.9920239448547363,0.7764329314231873
YNL004W,YOL136C,0,-0.795926,0.1136104166507721,0.9920239448547363,0.7765329480171204
YBR293W,YML125C,0,-0.79632956,0.11359744518995285,0.9920239448547363,0.7766329646110535
YDR184C,YDR080W,0,-0.79689664,0.1135844737291336,0.9920239448547363,0.7767330408096313
YOR034C,YKR027W,0,-0.7973783,0.11357150971889496,0.9920239448547363,0.7768330574035645
YKL137W,YGL143C,0,-0.79738784,0.11355854570865631,0.9920239448547363,0.7769330739974976
YKL149C,YGR280C,0,-0.79746413,0.11354558914899826,0.9920239448547363,0.7770330905914307
YNL004W,YLR074C,0,-0.7981523,0.11353263258934021,0.9920239448547363,0.7771331667900085
YGL198W,YER040W,0,-0.80027854,0.11351968348026276,0.9920239448547363,0.7772331833839417
YBR217W,YPR082C,0,-0.80096394,0.1135067269206047,0.9920239448547363,0.7773331999778748
YMR219W,YNL072W,0,-0.80156,0.11349378526210785,0.9920239448547363,0.7774332165718079
YHL022C,YJL093C,0,-0.8016495,0.1134808361530304,0.9920239448547363,0.777533233165741
YIL074C,YKL146W,0,-0.8017591,0.11346790194511414,0.9920239448547363,0.7776333093643188
YDR233C,YPL193W,0,-0.8028567,0.11345496028661728,0.9920239448547363,0.777733325958252
YPL031C,YGR169C,0,-0.80291945,0.11344202607870102,0.9920239448547363,0.7778333425521851
YDR420W,YCL055W,0,-0.80300367,0.11342909187078476,0.9920239448547363,0.7779333591461182
YPR111W,YER117W,0,-0.80352414,0.1134161651134491,0.9920239448547363,0.778033435344696
YGL228W,YMR073C,0,-0.80472296,0.11340323835611343,0.9920239448547363,0.7781334519386292
YKR056W,YLL009C,0,-0.80474234,0.11339031159877777,0.9920239448547363,0.7782334685325623
YLR313C,YMR224C,0,-0.8049011,0.1133773922920227,0.9920239448547363,0.7783334851264954
YPL138C,YGL133W,0,-0.805035,0.11336447298526764,0.9920239448547363,0.7784335017204285
YKL103C,YDR198C,0,-0.8050405,0.11335156112909317,0.9920239448547363,0.7785335779190063
YPL029W,YPL092W,0,-0.8059792,0.1133386492729187,0.9920239448547363,0.7786335945129395
YAL048C,YGL166W,0,-0.80643153,0.11332573741674423,0.9920239448547363,0.7787336111068726
YIL162W,YKL157W,1,-0.80775154,0.11342671513557434,0.9930209517478943,0.7787336111068726
YGR252W,YPR052C,0,-0.80832255,0.11341380327939987,0.9930209517478943,0.7788336277008057
YML031W,YMR171C,0,-0.8085996,0.1134008914232254,0.9930209517478943,0.7789337038993835
YKR077W,YOL067C,0,-0.80884784,0.11338797956705093,0.9930209517478943,0.7790337204933167
YGL192W,YDR067C,0,-0.8092595,0.11337506771087646,0.9930209517478943,0.7791337370872498
YOL142W,YKL191W,0,-0.80931675,0.11336217075586319,0.9930209517478943,0.7792337536811829
YIR032C,YAL041W,0,-0.80942625,0.11334926635026932,0.9930209517478943,0.7793338298797607
YLR373C,YCR027C,0,-0.8095516,0.11333636939525604,0.9930209517478943,0.7794338464736938
YLR384C,YJR043C,0,-0.8097435,0.11332347244024277,0.9930209517478943,0.779533863067627
YLL019C,YKL002W,0,-0.8105042,0.11331058293581009,0.9930209517478943,0.7796338796615601
YLR319C,YOR037W,0,-0.8105465,0.11329769343137741,0.9930209517478943,0.7797338962554932
YLR404W,YDR398W,0,-0.8109563,0.11328480392694473,0.9930209517478943,0.779833972454071
YPL239W,YNL294C,0,-0.8118466,0.11327192187309265,0.9930209517478943,0.7799339890480042
YOR273C,YFL049W,0,-0.81238925,0.11325903981924057,0.9930209517478943,0.7800340056419373
YMR216C,YMR277W,0,-0.81239843,0.11324616521596909,0.9930209517478943,0.7801340222358704
YPL053C,YBR041W,0,-0.8125439,0.1132332906126976,0.9930209517478943,0.7802340984344482
YMR123W,YHR193C,0,-0.812593,0.11322041600942612,0.9930209517478943,0.7803341150283813
YLR115W,YMR001C,0,-0.8127793,0.11320754885673523,0.9930209517478943,0.7804341316223145
YBR265W,YLR316C,0,-0.8132858,0.11319468170404434,0.9930209517478943,0.7805341482162476
YNL064C,YDL104C,0,-0.81392604,0.11318181455135345,0.9930209517478943,0.7806341648101807
YNL204C,YDL225W,0,-0.8141322,0.11316895484924316,0.9930209517478943,0.7807342410087585
YMR276W,YDR083W,0,-0.8148272,0.11315610259771347,0.9930209517478943,0.7808342576026917
YCL052C,YMR263W,0,-0.8153986,0.11314324289560318,0.9930209517478943,0.7809342741966248
YDR339C,YER027C,0,-0.8154362,0.11313039809465408,0.9930209517478943,0.7810342907905579
YOR057W,YMR211W,0,-0.8154471,0.11311754584312439,0.9930209517478943,0.7811343669891357
YDR435C,YBR228W,0,-0.8159263,0.11310470104217529,0.9930209517478943,0.7812343835830688
YBR213W,YGL189C,0,-0.8168415,0.1130918562412262,0.9930209517478943,0.781334400177002
YJL117W,YNL148C,0,-0.8171264,0.1130790188908577,0.9930209517478943,0.7814344167709351
YDR273W,YEL003W,0,-0.817338,0.1130661815404892,0.9930209517478943,0.7815344333648682
YDR016C,YER051W,0,-0.8173996,0.1130533516407013,0.9930209517478943,0.781634509563446
YHR040W,YJL051W,0,-0.8174515,0.1130405142903328,0.9930209517478943,0.7817345261573792
YMR004W,YPR156C,0,-0.8175393,0.11302769184112549,0.9930209517478943,0.7818345427513123
YGR222W,YBR041W,0,-0.8179756,0.11301486194133759,0.9930209517478943,0.7819345593452454
YOR193W,YFR004W,0,-0.81805456,0.11300203949213028,0.9930209517478943,0.7820346355438232
YML023C,YER029C,0,-0.81806403,0.11298922449350357,0.9930209517478943,0.7821346521377563
YBL030C,YGR271W,0,-0.81836563,0.11297640949487686,0.9930209517478943,0.7822346687316895
YBR001C,YIL017C,0,-0.81865644,0.11296359449625015,0.9930209517478943,0.7823346853256226
YFR026C,YER029C,0,-0.81871355,0.11295077949762344,0.9930209517478943,0.7824347019195557
YPR065W,YBR003W,0,-0.81880194,0.11293797194957733,0.9930209517478943,0.7825347781181335
YGR010W,YCR014C,0,-0.8195809,0.11292517185211182,0.9930209517478943,0.7826347947120667
YJL127C,YPR052C,0,-0.81973445,0.1129123717546463,0.9930209517478943,0.7827348113059998
YBR213W,YKL145W,0,-0.8200385,0.11289957165718079,0.9930209517478943,0.7828348278999329
YHR017W,YEL022W,0,-0.82005334,0.11288677155971527,0.9930209517478943,0.7829349040985107
YDL111C,YBR201W,0,-0.8209444,0.11287397891283035,0.9930209517478943,0.7830349206924438
YJR006W,YBR230C,0,-0.82100594,0.11286118626594543,0.9930209517478943,0.783134937286377
YJL014W,YDR084C,0,-0.82101107,0.11284840106964111,0.9930209517478943,0.7832349538803101
YNL009W,YHR206W,0,-0.82266945,0.11283561587333679,0.9930209517478943,0.7833350300788879
YJR091C,YDL065C,0,-0.8228711,0.11282283812761307,0.9930209517478943,0.783435046672821
YDR448W,YNL222W,0,-0.8229172,0.11281006038188934,0.9930209517478943,0.7835350632667542
YGR048W,YPL203W,0,-0.823092,0.11279728263616562,0.9930209517478943,0.7836350798606873
YDR377W,YDR170C,0,-0.82321966,0.11278451234102249,0.9930209517478943,0.7837350964546204
YDL220C,YNL227C,0,-0.8234652,0.11277174204587936,0.9930209517478943,0.7838351726531982
YAL051W,YDR523C,0,-0.8241328,0.11275897175073624,0.9930209517478943,0.7839351892471313
YGL131C,YFL036W,0,-0.82511365,0.1127462089061737,0.9930209517478943,0.7840352058410645
YGR099W,YER033C,0,-0.82523704,0.11273344606161118,0.9930209517478943,0.7841352224349976
YIL003W,YDR182W,0,-0.8261349,0.11272069066762924,0.9930209517478943,0.7842352986335754
YPL212C,YOR197W,0,-0.8265263,0.11270793527364731,0.9930209517478943,0.7843353152275085
YNL258C,YDR270W,0,-0.826698,0.11269517987966537,0.9930209517478943,0.7844353318214417
YOR201C,YBR170C,0,-0.827176,0.11268243193626404,0.9930209517478943,0.7845353484153748
YBR231C,YMR071C,0,-0.8273237,0.1126696839928627,0.9930209517478943,0.7846353650093079
YPL076W,YOR172W,0,-0.8275206,0.11265693604946136,0.9930209517478943,0.7847354412078857
YOR279C,YMR123W,0,-0.82769465,0.11264419555664062,0.9930209517478943,0.7848354578018188
YKR083C,YER082C,0,-0.8291356,0.11263146251440048,0.9930209517478943,0.784935474395752
YCL054W,YNL079C,0,-0.82940227,0.11261872202157974,0.9930209517478943,0.7850354909896851
YKR090W,YLR034C,0,-0.82955754,0.1126059889793396,0.9930209517478943,0.7851355671882629
YGR246C,YPL140C,0,-0.82969964,0.11259326338768005,0.9930209517478943,0.785235583782196
YDR106W,YLR083C,0,-0.82999456,0.11258053779602051,0.9930209517478943,0.7853356003761292
YPL214C,YNL292W,0,-0.83139366,0.11256781220436096,0.9930209517478943,0.7854356169700623
YDL179W,YHR058C,0,-0.83243567,0.11255509406328201,0.9930209517478943,0.7855356335639954
YPL189W,YNL070W,0,-0.8326846,0.11254237592220306,0.9930209517478943,0.7856357097625732
YLR176C,YJL156C,0,-0.83319986,0.11252965778112411,0.9930209517478943,0.7857357263565063
YPL195W,YJR046W,0,-0.83417594,0.11251694709062576,0.9930209517478943,0.7858357429504395
YOL054W,YDL059C,0,-0.83440876,0.11250423640012741,0.9930209517478943,0.7859357595443726
YHR012W,YBR045C,0,-0.8346834,0.11249152570962906,0.9930209517478943,0.7860358357429504
YLR007W,YPR191W,0,-0.8357193,0.1124788224697113,0.9930209517478943,0.7861358523368835
YOR219C,YKL045W,0,-0.8362529,0.11246612668037415,0.9930209517478943,0.7862358689308167
YML006C,YGR202C,0,-0.8369285,0.11245342344045639,0.9930209517478943,0.7863358855247498
YNL323W,YNR023W,0,-0.8371325,0.11244073510169983,0.9930209517478943,0.7864359021186829
YPL214C,YDL122W,0,-0.83767664,0.11242803931236267,0.9930209517478943,0.7865359783172607
YBL075C,YFL027C,0,-0.8382001,0.11241535097360611,0.9930209517478943,0.7866359949111938
YDR204W,YLR079W,0,-0.8384277,0.11240266263484955,0.9930209517478943,0.786736011505127
YOR258W,YPL003W,0,-0.83863044,0.11238998174667358,0.9930209517478943,0.7868360280990601
YAL039C,YBR257W,0,-0.83887446,0.11237730085849762,0.9930209517478943,0.7869361042976379
YPL031C,YGL124C,0,-0.8389239,0.11236461997032166,0.9930209517478943,0.787036120891571
YNL286W,YNL310C,0,-0.8390243,0.11235194653272629,0.9930209517478943,0.7871361374855042
YDR472W,YNL271C,0,-0.83922046,0.11233927309513092,0.9930209517478943,0.7872361540794373
YLR246W,YLR070C,0,-0.8392376,0.11232660710811615,0.9930209517478943,0.7873362302780151
YIL160C,YBR168W,0,-0.839407,0.11231394112110138,0.9930209517478943,0.7874362468719482
YHR188C,YMR012W,0,-0.8395139,0.11230127513408661,0.9930209517478943,0.7875362634658813
YLR287C-A,YHL034C,0,-0.8395431,0.11228861659765244,0.9930209517478943,0.7876362800598145
YLR452C,YER133W,0,-0.84009725,0.11227595806121826,0.9930209517478943,0.7877362966537476
YGL215W,YML057W,0,-0.84060794,0.11226329952478409,0.9930209517478943,0.7878363728523254
YGR041W,YOR346W,0,-0.842286,0.11225064843893051,0.9930209517478943,0.7879363894462585
YJL099W,YNL204C,0,-0.8423665,0.11223799735307693,0.9930209517478943,0.7880364060401917
YGL246C,YPR159W,0,-0.8426743,0.11222535371780396,0.9930209517478943,0.7881364226341248
YDR527W,YDR372C,0,-0.8429069,0.11221271008253098,0.9930209517478943,0.7882364988327026
YGR047C,YNR030W,0,-0.8429722,0.112200066447258,0.9930209517478943,0.7883365154266357
YBR030W,YPR057W,0,-0.84337676,0.11218743026256561,0.9930209517478943,0.7884365320205688
YOR076C,YDL225W,0,-0.8435583,0.11217479407787323,0.9930209517478943,0.788536548614502
YDR088C,YDR218C,0,-0.84462297,0.11216216534376144,0.9930209517478943,0.7886365652084351
YOL135C,YER179W,0,-0.84471166,0.11214952915906906,0.9930209517478943,0.7887366414070129
YGR270W,YLR423C,0,-0.84488446,0.11213690787553787,0.9930209517478943,0.788836658000946
YHR111W,YHR041C,0,-0.8455927,0.11212427914142609,0.9930209517478943,0.7889366745948792
YPL002C,YPR185W,0,-0.8462085,0.1121116578578949,0.9930209517478943,0.7890366911888123
YDR125C,YER153C,0,-0.8464916,0.1120990440249443,0.9930209517478943,0.7891367673873901
YNL059C,YJL100W,0,-0.84662783,0.11208643019199371,0.9930209517478943,0.7892367839813232
YBR136W,YDR180W,0,-0.84707934,0.11207381635904312,0.9930209517478943,0.7893368005752563
YPR018W,YGL119W,0,-0.84710014,0.11206120252609253,0.9930209517478943,0.7894368171691895
YJL008C,YGR091W,0,-0.84782606,0.11204859614372253,0.9930209517478943,0.7895368337631226
YEL038W,YGR218W,0,-0.84890425,0.11203599721193314,0.9930209517478943,0.7896369099617004
YNL009W,YGL131C,0,-0.84923553,0.11202339082956314,0.9930209517478943,0.7897369265556335
YMR135C,YBR257W,0,-0.8493369,0.11201079934835434,0.9930209517478943,0.7898369431495667
YKL095W,YOR322C,0,-0.84949756,0.11199820041656494,0.9930209517478943,0.7899369597434998
YHR101C,YHR132C,0,-0.8495233,0.11198560893535614,0.9930209517478943,0.7900370359420776
YGR046W,YER101C,0,-0.8497664,0.11197301745414734,0.9930209517478943,0.7901370525360107
YDR334W,YJL082W,0,-0.8506076,0.11196043342351913,0.9930209517478943,0.7902370691299438
YNL272C,YLR228C,0,-0.8509754,0.11194784939289093,0.9930209517478943,0.790337085723877
YOL133W,YJL004C,0,-0.8528384,0.11193526536226273,0.9930209517478943,0.7904371023178101
YBR222C,YOR206W,0,-0.8557924,0.11192268878221512,0.9930209517478943,0.7905371785163879
YNL130C,YJR082C,0,-0.8576042,0.11191011220216751,0.9930209517478943,0.790637195110321
YMR198W,YCR069W,0,-0.857725,0.1118975430727005,0.9930209517478943,0.7907372117042542
YNL238W,YMR203W,0,-0.8599633,0.1118849664926529,0.9930209517478943,0.7908372282981873
YIL041W,YIL068C,0,-0.860059,0.11187240481376648,0.9930209517478943,0.7909373044967651
YPL148C,YKL140W,0,-0.8601077,0.11185983568429947,0.9930209517478943,0.7910373210906982
YNL292W,YER005W,0,-0.8601621,0.11184727400541306,0.9930209517478943,0.7911373376846313
YOR026W,YKR103W,0,-0.8604156,0.11183471977710724,0.9930209517478943,0.7912373542785645
YOR198C,YMR033W,0,-0.8604678,0.11182216554880142,0.9930209517478943,0.7913374304771423
YLR203C,YER063W,0,-0.86108243,0.1118096113204956,0.9930209517478943,0.7914374470710754
YNL110C,YAL029C,0,-0.8618634,0.11179705709218979,0.9930209517478943,0.7915374636650085
YNL138W,YER144C,0,-0.86199963,0.11178451031446457,0.9930209517478943,0.7916374802589417
YLR216C,YLR025W,0,-0.8623726,0.11177196353673935,0.9930209517478943,0.7917374968528748
YMR225C,YNL053W,0,-0.86260855,0.11175942420959473,0.9930209517478943,0.7918375730514526
YJR091C,YPL055C,0,-0.8626435,0.1117468848824501,0.9930209517478943,0.7919375896453857
YJR063W,YDR458C,0,-0.863166,0.11173435300588608,0.9930209517478943,0.7920376062393188
YGR104C,YPR128C,0,-0.86441684,0.11172181367874146,0.9930209517478943,0.792137622833252
YMR109W,YGR249W,0,-0.8646279,0.11170928925275803,0.9930209517478943,0.7922376990318298
YJL112W,YPL110C,0,-0.8649183,0.111696757376194,0.9930209517478943,0.7923377156257629
YPR199C,YGL054C,0,-0.86497796,0.11168423295021057,0.9930209517478943,0.792437732219696
YGR199W,YOR046C,0,-0.865096,0.11167170852422714,0.9930209517478943,0.7925377488136292
YHR169W,YDR264C,0,-0.86520004,0.11165919154882431,0.9930209517478943,0.7926377654075623
YFL028C,YOR003W,0,-0.86520207,0.11164667457342148,0.9930209517478943,0.7927378416061401
YDL049C,YKR013W,1,-0.8654473,0.11174624413251877,0.9940179586410522,0.7927378416061401
YLR291C,YHR175W,0,-0.8657126,0.11173371970653534,0.9940179586410522,0.7928378582000732
YDL056W,YIL076W,0,-0.86594105,0.11172120273113251,0.9940179586410522,0.7929378747940063
YNL264C,YOR259C,0,-0.8660781,0.11170868575572968,0.9940179586410522,0.7930378913879395
YJL061W,YNL191W,0,-0.86615556,0.11169616878032684,0.9940179586410522,0.7931379675865173
YOR269W,YGR227W,0,-0.8663562,0.11168365925550461,0.9940179586410522,0.7932379841804504
YIL142W,YDR084C,0,-0.86636126,0.11167114973068237,0.9940179586410522,0.7933380007743835
YJL111W,YCR069W,0,-0.8681193,0.11165864020586014,0.9940179586410522,0.7934380173683167
YBR208C,YDR459C,0,-0.86817646,0.1116461381316185,0.9940179586410522,0.7935380339622498
YDR093W,YML010W,0,-0.8693135,0.11163363605737686,0.9940179586410522,0.7936381101608276
YPL148C,YOR109W,0,-0.86960256,0.11162113398313522,0.9940179586410522,0.7937381267547607
YGL220W,YJL156C,0,-0.869883,0.11160863935947418,0.9940179586410522,0.7938381433486938
YLR457C,YDL168W,0,-0.8708223,0.11159615218639374,0.9940179586410522,0.793938159942627
YML099C,YDL054C,0,-0.87092227,0.1115836575627327,0.9940179586410522,0.7940382361412048
YBR147W,YNR053C,0,-0.87175834,0.11157117038965225,0.9940179586410522,0.7941382527351379
YDR251W,YMR129W,0,-0.87181365,0.1115586906671524,0.9940179586410522,0.794238269329071
YCL016C,YOL145C,0,-0.87188035,0.11154620349407196,0.9940179586410522,0.7943382859230042
YGL021W,YNL187W,0,-0.87197113,0.11153373122215271,0.9940179586410522,0.7944383025169373
YJR032W,YOL158C,0,-0.87234175,0.11152125149965286,0.9940179586410522,0.7945383787155151
YIL019W,YNL236W,0,-0.87239575,0.11150877922773361,0.9940179586410522,0.7946383953094482
YNL249C,YNL180C,0,-0.87314475,0.11149630695581436,0.9940179586410522,0.7947384119033813
YBR133C,YLR006C,0,-0.87442875,0.11148384213447571,0.9940179586410522,0.7948384284973145
YOL122C,YDR482C,0,-0.8746626,0.11147137731313705,0.9940179586410522,0.7949385046958923
YBL078C,YNL167C,0,-0.8752605,0.1114589124917984,0.9940179586410522,0.7950385212898254
YJR063W,YNL076W,0,-0.8753675,0.11144645512104034,0.9940179586410522,0.7951385378837585
YHR023W,YBR279W,0,-0.8759037,0.11143399775028229,0.9940179586410522,0.7952385544776917
YIL005W,YGL054C,0,-0.87608755,0.11142154783010483,0.9940179586410522,0.7953386306762695
YKL006C-A,YNR003C,0,-0.8765677,0.11140909790992737,0.9940179586410522,0.7954386472702026
YIL043C,YJL023C,0,-0.8768178,0.11139664798974991,0.9940179586410522,0.7955386638641357
YDR122W,YOL028C,0,-0.87793016,0.11138420552015305,0.9940179586410522,0.7956386804580688
YKR001C,YJL173C,0,-0.8784684,0.11137176305055618,0.9940179586410522,0.795738697052002
YPL069C,YFR019W,0,-0.87857944,0.11135932058095932,0.9940179586410522,0.7958387732505798
YFL005W,YGR062C,0,-0.8788077,0.11134688556194305,0.9940179586410522,0.7959387898445129
YGR212W,YER082C,0,-0.8792365,0.11133445054292679,0.9940179586410522,0.796038806438446
YMR123W,YDR264C,0,-0.8794718,0.11132201552391052,0.9940179586410522,0.7961388230323792
YFR024C-A,YLR105C,0,-0.87983793,0.11130958795547485,0.9940179586410522,0.796238899230957
YPL132W,YKL126W,0,-0.88085616,0.11129716783761978,0.9940179586410522,0.7963389158248901
YOR219C,YOR174W,0,-0.8808567,0.11128474026918411,0.9940179586410522,0.7964389324188232
YMR322C,YLR274W,0,-0.8811236,0.11127232015132904,0.9940179586410522,0.7965389490127563
YFR050C,YDR330W,0,-0.88182914,0.11125990748405457,0.9940179586410522,0.7966389656066895
YBR298C,YDR332W,0,-0.8826511,0.1112474873661995,0.9940179586410522,0.7967390418052673
YLR233C,YIL154C,0,-0.88305235,0.11123507469892502,0.9940179586410522,0.7968390583992004
YNR020C,YML129C,0,-0.88349056,0.11122266948223114,0.9940179586410522,0.7969390749931335
YLR320W,YOR386W,0,-0.8835843,0.11121026426553726,0.9940179586410522,0.7970390915870667
YGR143W,YBR234C,0,-0.8839458,0.11119785904884338,0.9940179586410522,0.7971391677856445
YKR007W,YKL146W,0,-0.88424236,0.1111854612827301,0.9940179586410522,0.7972391843795776
YBR240C,YLL015W,0,-0.88469076,0.11117305606603622,0.9940179586410522,0.7973392009735107
YDL168W,YLR193C,0,-0.8849052,0.11116066575050354,0.9940179586410522,0.7974392175674438
YMR188C,YKL194C,0,-0.88498557,0.11114827543497086,0.9940179586410522,0.797539234161377
YDR369C,YER178W,0,-0.8854387,0.11113588511943817,0.9940179586410522,0.7976393103599548
YML015C,YGR202C,0,-0.8855274,0.11112349480390549,0.9940179586410522,0.7977393269538879
YGR165W,YMR023C,0,-0.885723,0.1111111119389534,0.9940179586410522,0.797839343547821
YIL043C,YLR263W,0,-0.88578564,0.11109872907400131,0.9940179586410522,0.7979393601417542
YNL149C,YOR117W,0,-0.8858659,0.11108635365962982,0.9940179586410522,0.798039436340332
YBR243C,YOL045W,0,-0.8861076,0.11107397824525833,0.9940179586410522,0.7981394529342651
YIL144W,YOR099W,0,-0.8873447,0.11106160283088684,0.9940179586410522,0.7982394695281982
YDR317W,YLR263W,0,-0.8875216,0.11104923486709595,0.9940179586410522,0.7983394861221313
YBL056W,YFL036W,0,-0.8877677,0.11103686690330505,0.9940179586410522,0.7984395027160645
YDL080C,YBR088C,0,-0.888381,0.11102449893951416,0.9940179586410522,0.7985395789146423
YPL059W,YLR025W,0,-0.88839877,0.11101213842630386,0.9940179586410522,0.7986395955085754
YER174C,YDR400W,0,-0.8889611,0.11099977791309357,0.9940179586410522,0.7987396121025085
YOL146W,YER036C,0,-0.88971233,0.11098741739988327,0.9940179586410522,0.7988396286964417
YPL173W,YER061C,0,-0.889751,0.11097506433725357,0.9940179586410522,0.7989397048950195
YKR022C,YHR001W-A,0,-0.88987577,0.11096271872520447,0.9940179586410522,0.7990397214889526
YIL056W,YIL004C,0,-0.88999164,0.11095036566257477,0.9940179586410522,0.7991397380828857
YDL008W,YER099C,0,-0.89012235,0.11093802005052567,0.9940179586410522,0.7992397546768188
YMR059W,YPR083W,0,-0.8903482,0.11092568188905716,0.9940179586410522,0.7993398308753967
YOL030W,YOL038W,0,-0.89067054,0.11091333627700806,0.9940179586410522,0.7994398474693298
YGR046W,YLR362W,0,-0.89095366,0.11090099811553955,0.9940179586410522,0.7995398640632629
YOL141W,YOL105C,0,-0.89151335,0.11088866740465164,0.9940179586410522,0.799639880657196
YMR135C,YGL058W,0,-0.8930496,0.11087633669376373,0.9940179586410522,0.7997398972511292
YPL235W,YKL212W,0,-0.8931609,0.11086400598287582,0.9940179586410522,0.799839973449707
YBL098W,YBL040C,0,-0.89320505,0.11085167527198792,0.9940179586410522,0.7999399900436401
YJR007W,YBR227C,0,-0.8933549,0.1108393520116806,0.9940179586410522,0.8000400066375732
YNL073W,YJR042W,0,-0.8948043,0.11082703620195389,0.9940179586410522,0.8001400232315063
YGR233C,YDR459C,0,-0.8951378,0.11081471294164658,0.9940179586410522,0.8002400994300842
YJL096W,YDR123C,0,-0.8954377,0.11080239713191986,0.9940179586410522,0.8003401160240173
YOR232W,YFR002W,0,-0.8959304,0.11079008877277374,0.9940179586410522,0.8004401326179504
YNL027W,YJL209W,0,-0.8968363,0.11077778041362762,0.9940179586410522,0.8005401492118835
YJL145W,YKL166C,0,-0.89691085,0.1107654720544815,0.9940179586410522,0.8006401658058167
YHR091C,YPR049C,0,-0.8974594,0.11075316369533539,0.9940179586410522,0.8007402420043945
YDR375C,YCR083W,0,-0.89775324,0.11074086278676987,0.9940179586410522,0.8008402585983276
YGL091C,YDR141C,0,-0.8978377,0.11072856187820435,0.9940179586410522,0.8009402751922607
YMR127C,YER182W,0,-0.8978554,0.11071626842021942,0.9940179586410522,0.8010402917861938
YLR433C,YMR301C,0,-0.89880764,0.1107039749622345,0.9940179586410522,0.8011403679847717
YBR253W,YEL059C-A,0,-0.8994441,0.11069168150424957,0.9940179586410522,0.8012403845787048
YMR267W,YNR054C,0,-0.8994669,0.11067939549684525,0.9940179586410522,0.8013404011726379
YER112W,YGL128C,0,-0.89956474,0.11066710948944092,0.9940179586410522,0.801440417766571
YMR288W,YOL110W,0,-0.8996395,0.11065483093261719,0.9940179586410522,0.8015404343605042
YBR202W,YEL056W,0,-0.90002984,0.11064254492521286,0.9940179586410522,0.801640510559082
YHR188C,YBR129C,0,-0.90060204,0.11063027381896973,0.9940179586410522,0.8017405271530151
YKL087C,YOR030W,0,-0.9006642,0.110617995262146,0.9940179586410522,0.8018405437469482
YHR024C,YOR336W,0,-0.9016373,0.11060572415590286,0.9940179586410522,0.8019405603408813
YLR002C,YMR179W,0,-0.90224564,0.11059345304965973,0.9940179586410522,0.8020406365394592
YKL021C,YER099C,0,-0.9023056,0.11058118939399719,0.9940179586410522,0.8021406531333923
YPL031C,YDR145W,0,-0.9029223,0.11056892573833466,0.9940179586410522,0.8022406697273254
YDR174W,YDR369C,0,-0.9044985,0.11055666208267212,0.9940179586410522,0.8023406863212585
YHR120W,YER070W,0,-0.9054264,0.11054440587759018,0.9940179586410522,0.8024407029151917
YDR319C,YMR153W,0,-0.9057531,0.11053214967250824,0.9940179586410522,0.8025407791137695
YDL049C,YLR396C,0,-0.90689397,0.1105199009180069,0.9940179586410522,0.8026407957077026
YFR026C,YAL002W,0,-0.9074677,0.11050764471292496,0.9940179586410522,0.8027408123016357
YLR206W,YIL050W,0,-0.9082819,0.11049540340900421,0.9940179586410522,0.8028408288955688
YEL021W,YNR011C,0,-0.90847063,0.11048315465450287,0.9940179586410522,0.8029409050941467
YOR155C,YNL286W,0,-0.9094299,0.11047091335058212,0.9940179586410522,0.8030409216880798
YOR181W,YGR100W,0,-0.91007197,0.11045867204666138,0.9940179586410522,0.8031409382820129
YLR319C,YBR121C,0,-0.9101429,0.11044643819332123,0.9940179586410522,0.803240954875946
YGL210W,YER178W,0,-0.9102039,0.11043420433998108,0.9940179586410522,0.8033410310745239
YPL122C,YDL146W,0,-0.91069454,0.11042197048664093,0.9940179586410522,0.803441047668457
YNR027W,YOR212W,0,-0.91073257,0.11040974408388138,0.9940179586410522,0.8035410642623901
YFL028C,YNL293W,0,-0.9113107,0.11039751768112183,0.9940179586410522,0.8036410808563232
YOL080C,YBR278W,0,-0.91251075,0.11038529872894287,0.9940179586410522,0.8037410974502563
YMR135C,YNL257C,0,-0.9125508,0.11037307977676392,0.9940179586410522,0.8038411736488342
YOR279C,YGR239C,0,-0.9126203,0.11036086082458496,0.9940179586410522,0.8039411902427673
YGR208W,YDR468C,0,-0.9129702,0.110348641872406,0.9940179586410522,0.8040412068367004
YCR092C,YHR039C,0,-0.91299653,0.11033643037080765,0.9940179586410522,0.8041412234306335
YNL298W,YDL127W,0,-0.9133071,0.11032422631978989,0.9940179586410522,0.8042412996292114
YOR124C,YJR013W,0,-0.9136843,0.11031201481819153,0.9940179586410522,0.8043413162231445
YNR044W,YMR049C,0,-0.9138271,0.11029981076717377,0.9940179586410522,0.8044413328170776
YKR081C,YOR213C,0,-0.91439056,0.1102876141667366,0.9940179586410522,0.8045413494110107
YOR210W,YDR166C,0,-0.914958,0.11027541011571884,0.9940179586410522,0.8046413660049438
YFL023W,YER112W,0,-0.9165381,0.11026321351528168,0.9940179586410522,0.8047414422035217
YFR008W,YDR289C,0,-0.91725177,0.11025102436542511,0.9940179586410522,0.8048414587974548
YJR042W,YOR048C,0,-0.9185466,0.11023883521556854,0.9940179586410522,0.8049414753913879
YOR117W,YPL040C,0,-0.91856354,0.11022664606571198,0.9940179586410522,0.805041491985321
YKL004W,YNR003C,0,-0.9187117,0.11021445691585541,0.9940179586410522,0.8051415681838989
YIL134W,YOR154W,0,-0.9189672,0.11020227521657944,0.9940179586410522,0.805241584777832
YDL112W,YHR040W,0,-0.9190865,0.11019010096788406,0.9940179586410522,0.8053416013717651
YGL150C,YOL066C,0,-0.9203899,0.1101779192686081,0.9940179586410522,0.8054416179656982
YGL044C,YBR269C,0,-0.9204732,0.11016574501991272,0.9940179586410522,0.8055416345596313
YNL097C,YLL003W,0,-0.92114794,0.11015357077121735,0.9940179586410522,0.8056417107582092
YGL215W,YFR028C,0,-0.9238936,0.11014140397310257,0.9940179586410522,0.8057417273521423
YBR042C,YGL026C,0,-0.92523944,0.11012923717498779,0.9940179586410522,0.8058417439460754
YGR244C,YDR459C,0,-0.92524666,0.11011707782745361,0.9940179586410522,0.8059417605400085
YLR284C,YHR178W,0,-0.92539126,0.11010491102933884,0.9940179586410522,0.8060418367385864
YBR253W,YDR375C,0,-0.9260706,0.11009275913238525,0.9940179586410522,0.8061418533325195
YPL148C,YDR488C,0,-0.9262025,0.11008059978485107,0.9940179586410522,0.8062418699264526
YLR397C,YLR233C,0,-0.9267604,0.11006844788789749,0.9940179586410522,0.8063418865203857
YER161C,YDL148C,0,-0.9269682,0.11005629599094391,0.9940179586410522,0.8064419031143188
YJL042W,YBR171W,0,-0.9270669,0.11004415154457092,0.9940179586410522,0.8065419793128967
YOR211C,YER051W,0,-0.92737985,0.11003200709819794,0.9940179586410522,0.8066419959068298
YAL035W,YGR276C,0,-0.9273974,0.11001986265182495,0.9940179586410522,0.8067420125007629
YOR198C,YGR104C,0,-0.92744154,0.11000772565603256,0.9940179586410522,0.806842029094696
YDL100C,YHR091C,0,-0.9292983,0.10999558866024017,0.9940179586410522,0.8069421052932739
YEL056W,YDL135C,0,-0.92932284,0.10998345166444778,0.9940179586410522,0.807042121887207
YDL142C,YHR151C,0,-0.9295679,0.10997132211923599,0.9940179586410522,0.8071421384811401
YJR126C,YGR212W,0,-0.92970175,0.1099591925740242,0.9940179586410522,0.8072421550750732
YMR026C,YJR106W,0,-0.9305547,0.10994706302881241,0.9940179586410522,0.8073422312736511
YML015C,YDR092W,0,-0.93060535,0.10993494093418121,0.9940179586410522,0.8074422478675842
YCR042C,YGR218W,0,-0.9314306,0.10992281883955002,0.9940179586410522,0.8075422644615173
YDL093W,YGL137W,0,-0.9316212,0.10991070419549942,0.9940179586410522,0.8076422810554504
YBR001C,YOL051W,0,-0.932137,0.10989858955144882,0.9940179586410522,0.8077422976493835
YPL083C,YLR129W,0,-0.93228245,0.10988647490739822,0.9940179586410522,0.8078423738479614
YAL034C,YJL180C,0,-0.93265647,0.10987436771392822,0.9940179586410522,0.8079423904418945
YDR390C,YKL114C,0,-0.9332911,0.10986226052045822,0.9940179586410522,0.8080424070358276
YCR048W,YFR010W,0,-0.9335318,0.10985015332698822,0.9940179586410522,0.8081424236297607
YGR024C,YDR139C,0,-0.93373114,0.10983805358409882,0.9940179586410522,0.8082424998283386
YOL028C,YJR024C,0,-0.93376935,0.10982595384120941,0.9940179586410522,0.8083425164222717
YFL034C-B,YOR155C,0,-0.9343802,0.10981385409832001,0.9940179586410522,0.8084425330162048
YIL021W,YNL102W,0,-0.93448246,0.1098017618060112,0.9940179586410522,0.8085425496101379
YMR044W,YBR121C,0,-0.9354876,0.10978966951370239,0.9940179586410522,0.808642566204071
YLR265C,YCR083W,0,-0.9364122,0.10977758467197418,0.9940179586410522,0.8087426424026489
YLR337C,YDL017W,0,-0.9371574,0.10976549237966537,0.9940179586410522,0.808842658996582
YOR231W,YOL009C,0,-0.9373481,0.10975341498851776,0.9940179586410522,0.8089426755905151
YOL068C,YFL050C,0,-0.9379009,0.10974133014678955,0.9940179586410522,0.8090426921844482
YOR126C,YLR223C,0,-0.9383793,0.10972925275564194,0.9940179586410522,0.8091427683830261
YMR167W,YGL043W,0,-0.9384628,0.10971717536449432,0.9940179586410522,0.8092427849769592
YIL008W,YPL011C,0,-0.93890357,0.10970510542392731,0.9940179586410522,0.8093428015708923
YOR219C,YHR206W,0,-0.9389793,0.10969303548336029,0.9940179586410522,0.8094428181648254
YMR158W,YOR061W,0,-0.93909174,0.10968096554279327,0.9940179586410522,0.8095428347587585
YMR023C,YDL217C,0,-0.9392276,0.10966890305280685,0.9940179586410522,0.8096429109573364
YOR025W,YER031C,0,-0.93924314,0.10965684056282043,0.9940179586410522,0.8097429275512695
YPL175W,YDR030C,0,-0.93955314,0.10964477807283401,0.9940179586410522,0.8098429441452026
YOL019W,YDL103C,0,-0.94085556,0.10963272303342819,0.9940179586410522,0.8099429607391357
YDL066W,YGR271W,0,-0.9416118,0.10962066799402237,0.9940179586410522,0.8100430369377136
YDR088C,YGR230W,0,-0.94200605,0.10960862040519714,0.9940179586410522,0.8101430535316467
YNL293W,YBR281C,0,-0.94222075,0.10959657281637192,0.9940179586410522,0.8102430701255798
YLR425W,YOR320C,0,-0.94285345,0.10958452522754669,0.9940179586410522,0.8103430867195129
YBL050W,YGL246C,0,-0.9428629,0.10957247763872147,0.9940179586410522,0.810443103313446
YKL126W,YKL146W,0,-0.943245,0.10956043750047684,0.9940179586410522,0.8105431795120239
YOL012C,YJR017C,0,-0.9438073,0.1095484048128128,0.9940179586410522,0.810643196105957
YJL117W,YLR274W,0,-0.9449242,0.10953636467456818,0.9940179586410522,0.8107432126998901
YPL050C,YPR024W,0,-0.9451169,0.10952433198690414,0.9940179586410522,0.8108432292938232
YOR211C,YJL081C,0,-0.9455471,0.10951229929924011,0.9940179586410522,0.8109433054924011
YLL040C,YKR086W,0,-0.9456707,0.10950027406215668,0.9940179586410522,0.8110433220863342
YLR425W,YLR136C,0,-0.94586205,0.10948824882507324,0.9940179586410522,0.8111433386802673
YEL042W,YJL121C,0,-0.9470937,0.10947622358798981,0.9940179586410522,0.8112433552742004
YKR021W,YPL177C,0,-0.94718266,0.10946420580148697,0.9940179586410522,0.8113434314727783
YOL148C,YGR183C,0,-0.94770104,0.10945218801498413,0.9940179586410522,0.8114434480667114
YCR037C,YPR140W,0,-0.94776934,0.10944017767906189,0.9940179586410522,0.8115434646606445
YDL239C,YGL054C,0,-0.9479915,0.10942816734313965,0.9940179586410522,0.8116434812545776
YIL101C,YBR168W,0,-0.94872403,0.10941615700721741,0.9940179586410522,0.8117434978485107
YDR507C,YBL011W,0,-0.94934106,0.10940414667129517,0.9940179586410522,0.8118435740470886
YNL103W,YNL177C,0,-0.9495895,0.10939214378595352,0.9940179586410522,0.8119435906410217
YNL027W,YLR315W,0,-0.9499254,0.10938014090061188,0.9940179586410522,0.8120436072349548
YOL133W,YER005W,0,-0.95066607,0.10936814546585083,0.9940179586410522,0.8121436238288879
YLR332W,YNL164C,0,-0.95080566,0.10935615003108978,0.9940179586410522,0.8122437000274658
YMR127C,YBR193C,0,-0.95166755,0.10934415459632874,0.9940179586410522,0.8123437166213989
YML006C,YBR004C,0,-0.95201033,0.10933216661214828,0.9940179586410522,0.812443733215332
YER167W,YCL034W,0,-0.95231324,0.10932017862796783,0.9940179586410522,0.8125437498092651
YDL030W,YDL214C,0,-0.9526445,0.10930819064378738,0.9940179586410522,0.8126437664031982
YNL224C,YPL149W,0,-0.95369065,0.10929621011018753,0.9940179586410522,0.8127438426017761
YOR109W,YKL160W,0,-0.9539161,0.10928422957658768,0.9940179586410522,0.8128438591957092
YBR201W,YGL137W,0,-0.95412356,0.10927224904298782,0.9940179586410522,0.8129438757896423
YPL190C,YMR073C,0,-0.9543575,0.10926027595996857,0.9940179586410522,0.8130438923835754
YOL102C,YLL012W,0,-0.9546194,0.10924830287694931,0.9940179586410522,0.8131439685821533
YPR025C,YGR220C,0,-0.95569634,0.10923632979393005,0.9940179586410522,0.8132439851760864
YBR131W,YBR280C,0,-0.9566696,0.1092243641614914,0.9940179586410522,0.8133440017700195
YDL142C,YNR054C,0,-0.9567176,0.10921239852905273,0.9940179586410522,0.8134440183639526
YPR105C,YPL215W,0,-0.9571287,0.10920044034719467,0.9940179586410522,0.8135440349578857
YCR065W,YHR005C,0,-0.9572505,0.10918848216533661,0.9940179586410522,0.8136441111564636
YKL112W,YDR372C,0,-0.9573355,0.10917652398347855,0.9940179586410522,0.8137441277503967
YPR083W,YCR097W,0,-0.95758134,0.10916456580162048,0.9940179586410522,0.8138441443443298
YDL216C,YGR092W,0,-0.95765865,0.10915261507034302,0.9940179586410522,0.8139441609382629
YHR011W,YPR106W,0,-0.95801747,0.10914066433906555,0.9940179586410522,0.8140442371368408
YDL111C,YJL014W,0,-0.9582211,0.10912872105836868,0.9940179586410522,0.8141442537307739
YLR425W,YIL106W,0,-0.95834804,0.10911677777767181,0.9940179586410522,0.814244270324707
YCR073C,YPL011C,0,-0.9587758,0.10910483449697495,0.9940179586410522,0.8143442869186401
YLR066W,YNL121C,0,-0.9593107,0.10909289866685867,0.9940179586410522,0.8144443035125732
YHR117W,YPL040C,0,-0.959526,0.1090809628367424,0.9940179586410522,0.8145443797111511
YDL030W,YIL023C,0,-0.9607096,0.10906902700662613,0.9940179586410522,0.8146443963050842
YDR192C,YOR329C,0,-0.96081996,0.10905709862709045,0.9940179586410522,0.8147444128990173
YBR248C,YER114C,0,-0.9611054,0.10904517024755478,0.9940179586410522,0.8148444294929504
YKL020C,YJR119C,0,-0.9615843,0.1090332493185997,0.9940179586410522,0.8149445056915283
YGL012W,YNL103W,0,-0.96283245,0.10902132093906403,0.9940179586410522,0.8150445222854614
YPL046C,YDR125C,0,-0.9639722,0.10900940001010895,0.9940179586410522,0.8151445388793945
YDR105C,YEL030W,0,-0.9646479,0.10899748653173447,0.9940179586410522,0.8152445554733276
YOL141W,YPL053C,0,-0.9672921,0.10898557305335999,0.9940179586410522,0.8153446316719055
YOL006C,YAL051W,0,-0.9677246,0.1089736595749855,0.9940179586410522,0.8154446482658386
YOR179C,YKL127W,0,-0.9677414,0.10896174609661102,0.9940179586410522,0.8155446648597717
YDR376W,YLR227C,0,-0.9677599,0.10894984006881714,0.9940179586410522,0.8156446814537048
YPL016W,YDR141C,0,-0.96788126,0.10893793404102325,0.9940179586410522,0.8157446980476379
YNL048W,YDR486C,0,-0.96863276,0.10892603546380997,0.9940179586410522,0.8158447742462158
YDR410C,YBR258C,0,-0.96944726,0.10891413688659668,0.9940179586410522,0.8159447908401489
YHR070W,YIL047C,0,-0.9697584,0.10890223830938339,0.9940179586410522,0.816044807434082
YIL095W,YDR284C,0,-0.9707777,0.1088903471827507,0.9940179586410522,0.8161448240280151
YPR072W,YOL016C,0,-0.97177553,0.10887845605611801,0.9940179586410522,0.816244900226593
YHL048W,YBR175W,0,-0.9720037,0.10886656492948532,0.9940179586410522,0.8163449168205261
YKL189W,YNL125C,0,-0.97242486,0.10885468125343323,0.9940179586410522,0.8164449334144592
YJL057C,YDR110W,0,-0.9732418,0.10884279757738113,0.9940179586410522,0.8165449500083923
YPL239W,YDR351W,0,-0.97348493,0.10883091390132904,0.9940179586410522,0.8166449666023254
YGR024C,YIL154C,0,-0.97390544,0.10881903767585754,0.9940179586410522,0.8167450428009033
YDR319C,YPL029W,0,-0.97402024,0.10880716145038605,0.9940179586410522,0.8168450593948364
YIL062C,YLR429W,0,-0.97442496,0.10879528522491455,0.9940179586410522,0.8169450759887695
YML064C,YHR006W,0,-0.97450984,0.10878341645002365,0.9940179586410522,0.8170450925827026
YJR091C,YPR082C,0,-0.9753486,0.10877154767513275,0.9940179586410522,0.8171451687812805
YLR027C,YGR179C,0,-0.9767632,0.10875967890024185,0.9940179586410522,0.8172451853752136
YOR081C,YBR128C,0,-0.97805375,0.10874781757593155,0.9940179586410522,0.8173452019691467
YDL077C,YKL139W,0,-0.9783749,0.10873595625162125,0.9940179586410522,0.8174452185630798
YBR222C,YLR357W,0,-0.9787314,0.10872410237789154,0.9940179586410522,0.8175452351570129
YBL088C,YKL212W,0,-0.9799009,0.10871224850416183,0.9940179586410522,0.8176453113555908
YGR038W,YBR276C,0,-0.9801608,0.10870039463043213,0.9940179586410522,0.8177453279495239
YPL174C,YNL223W,0,-0.9804255,0.10868854075670242,0.9940179586410522,0.817845344543457
YKL203C,YOL095C,0,-0.9805161,0.10867669433355331,0.9940179586410522,0.8179453611373901
YPL167C,YFL028C,0,-0.9805567,0.1086648479104042,0.9940179586410522,0.818045437335968
YKL068W,YBR041W,0,-0.98078936,0.1086530089378357,0.9940179586410522,0.8181454539299011
YGR199W,YML051W,0,-0.9816539,0.10864116996526718,0.9940179586410522,0.8182454705238342
YBR041W,YKL087C,0,-0.9820257,0.10862933099269867,0.9940179586410522,0.8183454871177673
YGL005C,YDR423C,0,-0.9842253,0.10861749947071075,0.9940179586410522,0.8184455633163452
YNL149C,YMR275C,0,-0.9847027,0.10860566794872284,0.9940179586410522,0.8185455799102783
YDR195W,YCL059C,0,-0.98529065,0.10859383642673492,0.9940179586410522,0.8186455965042114
YDL159W,YNL041C,0,-0.9854356,0.10858200490474701,0.9940179586410522,0.8187456130981445
YLR148W,YDR288W,0,-0.9855714,0.10857018083333969,0.9940179586410522,0.8188456296920776
YLR106C,YMR298W,0,-0.9858689,0.10855836421251297,0.9940179586410522,0.8189457058906555
YPL212C,YGL005C,0,-0.9859766,0.10854654014110565,0.9940179586410522,0.8190457224845886
YKL041W,YPL177C,0,-0.9861436,0.10853472352027893,0.9940179586410522,0.8191457390785217
YPR072W,YLR004C,0,-0.9867733,0.1085229143500328,0.9940179586410522,0.8192457556724548
YMR164C,YGL011C,0,-0.9871776,0.10851109772920609,0.9940179586410522,0.8193458318710327
YFR027W,YOL030W,0,-0.9873034,0.10849929600954056,0.9940179586410522,0.8194458484649658
YCL016C,YBR264C,0,-0.9881129,0.10848748683929443,0.9940179586410522,0.8195458650588989
YIL110W,YPL084W,0,-0.98812807,0.1084756851196289,0.9940179586410522,0.819645881652832
YOR367W,YLR135W,0,-0.9885546,0.10846388339996338,0.9940179586410522,0.8197458982467651
YDR254W,YOR077W,0,-0.9885981,0.10845208168029785,0.9940179586410522,0.819845974445343
YMR067C,YDR437W,0,-0.9886299,0.10844028741121292,0.9940179586410522,0.8199459910392761
YJL106W,YMR024W,0,-0.98939514,0.10842849314212799,0.9940179586410522,0.8200460076332092
YFL047W,YFL062W,0,-0.9895672,0.10841670632362366,0.9940179586410522,0.8201460242271423
YPL222W,YBR095C,0,-0.9904114,0.10840491205453873,0.9940179586410522,0.8202461004257202
YLR220W,YJR058C,0,-0.9915876,0.1083931252360344,0.9940179586410522,0.8203461170196533
YBR030W,YER001W,0,-0.99249953,0.10838134586811066,0.9940179586410522,0.8204461336135864
YBR014C,YMR110C,0,-0.9925183,0.10836956650018692,0.9940179586410522,0.8205461502075195
YKL124W,YML013W,0,-0.99454683,0.10835778713226318,0.9940179586410522,0.8206461668014526
YGL144C,YNL249C,0,-0.99498624,0.10834601521492004,0.9940179586410522,0.8207462430000305
YMR263W,YLR423C,0,-0.9967431,0.10833423584699631,0.9940179586410522,0.8208462595939636
YFR010W,YML008C,0,-0.9968801,0.10832247138023376,0.9940179586410522,0.8209462761878967
YLR107W,YBR128C,0,-0.9981393,0.10831069946289062,0.9940179586410522,0.8210462927818298
YGR046W,YPR029C,0,-0.9983355,0.10829893499612808,0.9940179586410522,0.8211463689804077
YPL235W,YJL155C,0,-0.9997696,0.10828717052936554,0.9940179586410522,0.8212463855743408
YGR221C,YMR078C,0,-0.99989855,0.1082754135131836,0.9940179586410522,0.8213464021682739
YDL048C,YMR288W,0,-1.0014957,0.10826365649700165,0.9940179586410522,0.821446418762207
YMR083W,YPR082C,0,-1.0017556,0.1082518994808197,0.9940179586410522,0.8215464353561401
YHL030W,YDR141C,0,-1.0021352,0.10824014991521835,0.9940179586410522,0.821646511554718
YLR014C,YDR540C,0,-1.0034267,0.108228400349617,0.9940179586410522,0.8217465281486511
YMR322C,YIL016W,0,-1.0034827,0.10821665078401566,0.9940179586410522,0.8218465447425842
YKR086W,YDR057W,0,-1.0039396,0.1082049086689949,0.9940179586410522,0.8219465613365173
YER048W-A,YNR054C,0,-1.0045544,0.10819316655397415,0.9940179586410522,0.8220466375350952
YBR280C,YPL176C,0,-1.0046518,0.1081814244389534,0.9940179586410522,0.8221466541290283
YDR080W,YOL117W,0,-1.0047723,0.10816968977451324,0.9940179586410522,0.8222466707229614
YHR206W,YJR049C,0,-1.0053546,0.10815795511007309,0.9940179586410522,0.8223466873168945
YPR072W,YGL186C,0,-1.0066832,0.10814622044563293,0.9940179586410522,0.8224467635154724
YJL179W,YGL133W,0,-1.0076116,0.10813449323177338,0.9940179586410522,0.8225467801094055
YOR232W,YNL283C,0,-1.0076766,0.10812276601791382,0.9940179586410522,0.8226467967033386
YPL111W,YOL145C,0,-1.0094448,0.10811103880405426,0.9940179586410522,0.8227468132972717
YBL009W,YFR028C,0,-1.0095787,0.1080993190407753,0.9940179586410522,0.8228468298912048
YGR152C,YJL168C,0,-1.0112544,0.10808759927749634,0.9940179586410522,0.8229469060897827
YDR312W,YJL095W,0,-1.012324,0.10807587951421738,0.9940179586410522,0.8230469226837158
YBL033C,YHR178W,0,-1.0126839,0.10806416720151901,0.9940179586410522,0.8231469392776489
YOR320C,YMR042W,0,-1.0128592,0.10805245488882065,0.9940179586410522,0.823246955871582
YKR008W,YML013W,0,-1.0134372,0.10804074257612228,0.9940179586410522,0.8233470320701599
YPL029W,YPR009W,0,-1.0134847,0.10802903771400452,0.9940179586410522,0.823447048664093
YPL214C,YOR023C,0,-1.0135323,0.10801733285188675,0.9940179586410522,0.8235470652580261
YOR242C,YPR034W,0,-1.013636,0.10800563544034958,0.9940179586410522,0.8236470818519592
YMR167W,YEL063C,0,-1.0144653,0.10799393057823181,0.9940179586410522,0.8237470984458923
YDR081C,YJL106W,0,-1.0152513,0.10798224061727524,0.9940179586410522,0.8238471746444702
YOR016C,YHR005C,0,-1.0154766,0.10797054320573807,0.9940179586410522,0.8239471912384033
YJR044C,YBL103C,0,-1.015786,0.1079588532447815,0.9940179586410522,0.8240472078323364
YOL133W,YDL043C,0,-1.0158997,0.10794716328382492,0.9940179586410522,0.8241472244262695
YLR148W,YFR043C,0,-1.015946,0.10793547332286835,0.9940179586410522,0.8242473006248474
YPL079W,YPL167C,0,-1.0166068,0.10792379081249237,0.9940179586410522,0.8243473172187805
YJL112W,YDR011W,0,-1.0171016,0.1079121083021164,0.9940179586410522,0.8244473338127136
YDL070W,YJL044C,0,-1.0172378,0.10790043324232101,0.9940179586410522,0.8245473504066467
YDR201W,YFL033C,0,-1.0174558,0.10788875818252563,0.9940179586410522,0.8246473670005798
YFL028C,YKL079W,0,-1.0184277,0.10787708312273026,0.9940179586410522,0.8247474431991577
YML071C,YAL054C,0,-1.0185295,0.10786540806293488,0.9940179586410522,0.8248474597930908
YBL031W,YMR071C,0,-1.019354,0.10785374045372009,0.9940179586410522,0.8249474763870239
YLR394W,YMR032W,0,-1.0194523,0.10784208029508591,0.9940179586410522,0.825047492980957
YLR393W,YJR010C-A,0,-1.0198611,0.10783041268587112,0.9940179586410522,0.8251475691795349
YOR075W,YNL188W,0,-1.0200192,0.10781875252723694,0.9940179586410522,0.825247585773468
YOL052C,YBR207W,0,-1.0200454,0.10780709236860275,0.9940179586410522,0.8253476023674011
YJR155W,YNL088W,0,-1.0205204,0.10779543966054916,0.9940179586410522,0.8254476189613342
YGR096W,YOL141W,0,-1.0226167,0.10778378695249557,0.9940179586410522,0.8255476355552673
YJR043C,YCL017C,0,-1.0233513,0.10777213424444199,0.9940179586410522,0.8256477117538452
YMR047C,YPR034W,0,-1.0237774,0.1077604815363884,0.9940179586410522,0.8257477283477783
YKL126W,YFR014C,0,-1.0238043,0.1077488362789154,0.9940179586410522,0.8258477449417114
YNL238W,YJL099W,0,-1.0244291,0.10773719102144241,0.9940179586410522,0.8259477615356445
YPL157W,YJR024C,0,-1.0253638,0.10772555321455002,0.9940179586410522,0.8260478377342224
YJL008C,YGR263C,0,-1.0259564,0.10771391540765762,0.9940179586410522,0.8261478543281555
YER172C,YDR435C,0,-1.0275487,0.10770227760076523,0.9940179586410522,0.8262478709220886
YLL043W,YNL255C,0,-1.0280031,0.10769064724445343,0.9940179586410522,0.8263478875160217
YHR076W,YFL042C,0,-1.0282758,0.10767901688814163,0.9940179586410522,0.8264479637145996
YIL021W,YBR160W,0,-1.0282803,0.10766738653182983,0.9940179586410522,0.8265479803085327
YOL139C,YKL173W,0,-1.028906,0.10765576362609863,0.9940179586410522,0.8266479969024658
YER055C,YLR417W,0,-1.0291127,0.10764414072036743,0.9940179586410522,0.8267480134963989
YGL063W,YKL087C,0,-1.0294514,0.10763251781463623,0.9940179586410522,0.826848030090332
YBR129C,YML008C,0,-1.0305912,0.10762089490890503,0.9940179586410522,0.8269481062889099
YHR031C,YKL112W,0,-1.0305985,0.10760927945375443,0.9940179586410522,0.827048122882843
YGR208W,YMR176W,0,-1.0308356,0.10759767144918442,0.9940179586410522,0.8271481394767761
YGL253W,YNL145W,0,-1.0309325,0.10758605599403381,0.9940179586410522,0.8272481560707092
YPL046C,YGR252W,0,-1.0314323,0.1075744479894638,0.9940179586410522,0.8273482322692871
YKR080W,YPL081W,0,-1.0332311,0.1075628474354744,0.9940179586410522,0.8274482488632202
YJR089W,YOL146W,0,-1.0334725,0.10755123943090439,0.9940179586410522,0.8275482654571533
YFR031C,YOR016C,0,-1.0336109,0.10753963887691498,0.9940179586410522,0.8276482820510864
YGL066W,YGR081C,0,-1.0337967,0.10752803832292557,0.9940179586410522,0.8277482986450195
YPL155C,YBL035C,0,-1.034069,0.10751644521951675,0.9940179586410522,0.8278483748435974
YER116C,YGL053W,0,-1.034424,0.10750485211610794,0.9940179586410522,0.8279483914375305
YJR051W,YLL050C,0,-1.0347127,0.10749325901269913,0.9940179586410522,0.8280484080314636
YER074W,YDR452W,0,-1.0350312,0.10748167335987091,0.9940179586410522,0.8281484246253967
YGR143W,YPR134W,0,-1.035464,0.1074700877070427,0.9940179586410522,0.8282485008239746
YER157W,YDR485C,0,-1.0356637,0.10745850205421448,0.9940179586410522,0.8283485174179077
YPR166C,YIL050W,0,-1.0359615,0.10744692385196686,0.9940179586410522,0.8284485340118408
YIR037W,YBR094W,0,-1.0360621,0.10743534564971924,0.9940179586410522,0.8285485506057739
YDR406W,YMR019W,0,-1.036245,0.10742376744747162,0.9940179586410522,0.828648567199707
YLR425W,YHR052W,0,-1.0363836,0.1074121966958046,0.9940179586410522,0.8287486433982849
YKR038C,YGL124C,0,-1.0371119,0.10740062594413757,0.9940179586410522,0.828848659992218
YDR517W,YPL022W,0,-1.0373546,0.10738905519247055,0.9940179586410522,0.8289486765861511
YJR042W,YOR275C,0,-1.0375092,0.10737749189138412,0.9940179586410522,0.8290486931800842
YNL249C,YDR264C,0,-1.0376139,0.1073659285902977,0.9940179586410522,0.8291487693786621
YJL179W,YML095C,0,-1.0385085,0.10735436528921127,0.9940179586410522,0.8292487859725952
YOL052C,YPL215W,0,-1.0391885,0.10734280943870544,0.9940179586410522,0.8293488025665283
YMR207C,YLR368W,0,-1.0395359,0.10733125358819962,0.9940179586410522,0.8294488191604614
YOR057W,YNL026W,0,-1.0407654,0.10731969773769379,0.9940179586410522,0.8295488357543945
YBL051C,YHR098C,0,-1.0410913,0.10730814933776855,0.9940179586410522,0.8296489119529724
YBR058C,YDR297W,0,-1.0411142,0.10729660093784332,0.9940179586410522,0.8297489285469055
YIL162W,YGR037C,1,-1.0415806,0.10739266127347946,0.9950149655342102,0.8297489285469055
YOR094W,YER051W,0,-1.0420243,0.10738110542297363,0.9950149655342102,0.8298489451408386
YGL126W,YDR084C,0,-1.0422363,0.1073695570230484,0.9950149655342102,0.8299489617347717
YJL137C,YGL011C,0,-1.0439049,0.10735800117254257,0.9950149655342102,0.8300490379333496
YPR025C,YKL130C,0,-1.0447377,0.10734645277261734,0.9950149655342102,0.8301490545272827
YOR209C,YPL164C,0,-1.0450689,0.1073349118232727,0.9950149655342102,0.8302490711212158
YOR359W,YIR024C,0,-1.045811,0.10732337087392807,0.9950149655342102,0.8303490877151489
YPR103W,YML015C,0,-1.0464041,0.10731182992458344,0.9950149655342102,0.8304491639137268
YDR003W,YIL137C,0,-1.0466995,0.1073002889752388,0.9950149655342102,0.8305491805076599
YPR122W,YOL146W,0,-1.0468305,0.10728875547647476,0.9950149655342102,0.830649197101593
YOL026C,YJL047C,0,-1.0468743,0.10727722197771072,0.9950149655342102,0.8307492136955261
YKR091W,YGR274C,0,-1.0472533,0.10726568847894669,0.9950149655342102,0.8308492302894592
YNL231C,YJR060W,0,-1.0474795,0.10725416243076324,0.9950149655342102,0.8309493064880371
YOL023W,YJL209W,0,-1.0474899,0.1072426363825798,0.9950149655342102,0.8310493230819702
YDL100C,YLR319C,0,-1.0479337,0.10723111778497696,0.9950149655342102,0.8311493396759033
YDR529C,YDR103W,0,-1.0489048,0.10721959918737411,0.9950149655342102,0.8312493562698364
YAL042W,YNR059W,0,-1.0489082,0.10720808058977127,0.9950149655342102,0.8313494324684143
YPL188W,YOR033C,0,-1.0496793,0.10719656199216843,0.9950149655342102,0.8314494490623474
YIL048W,YHR123W,0,-1.0500535,0.10718505084514618,0.9950149655342102,0.8315494656562805
YDR385W,YGR009C,0,-1.0505997,0.10717353969812393,0.9950149655342102,0.8316494822502136
YDR122W,YNL087W,0,-1.0513256,0.10716202855110168,0.9950149655342102,0.8317494988441467
YCL001W,YGL150C,0,-1.0522105,0.10715052485466003,0.9950149655342102,0.8318495750427246
YMR308C,YOR290C,0,-1.0522755,0.10713902115821838,0.9950149655342102,0.8319495916366577
YOL122C,YJR050W,0,-1.0523039,0.10712752491235733,0.9950149655342102,0.8320496082305908
YMR282C,YDR354W,0,-1.0523776,0.10711602121591568,0.9950149655342102,0.8321496248245239
YNL325C,YHL023C,0,-1.0527114,0.10710453242063522,0.9950149655342102,0.8322497010231018
YNR009W,YMR091C,0,-1.0535945,0.10709303617477417,0.9950149655342102,0.8323497176170349
YDR034C,YPL177C,0,-1.0541173,0.10708154737949371,0.9950149655342102,0.832449734210968
YDR016C,YNL006W,0,-1.0548269,0.10707005858421326,0.9950149655342102,0.8325497508049011
YML008C,YPR034W,0,-1.0552914,0.1070585697889328,0.9950149655342102,0.8326497673988342
YPR041W,YGR227W,0,-1.055514,0.10704708844423294,0.9950149655342102,0.8327498435974121
YNL236W,YIR033W,0,-1.0559205,0.10703560709953308,0.9950149655342102,0.8328498601913452
YDL217C,YHR198C,0,-1.0560514,0.10702412575483322,0.9950149655342102,0.8329498767852783
YBR119W,YIL004C,0,-1.0561231,0.10701265186071396,0.9950149655342102,0.8330498933792114
YBL088C,YER048W-A,0,-1.0591283,0.1070011779665947,0.9950149655342102,0.8331499695777893
YPL026C,YKL134C,0,-1.0593048,0.10698971152305603,0.9950149655342102,0.8332499861717224
YMR106C,YLR350W,0,-1.0595845,0.10697823762893677,0.9950149655342102,0.8333500027656555
YLR200W,YGL130W,0,-1.0600544,0.1069667711853981,0.9950149655342102,0.8334500193595886
YNL323W,YJL029C,0,-1.0602512,0.10695531219244003,0.9950149655342102,0.8335500359535217
YOR143C,YDL103C,0,-1.0614593,0.10694384574890137,0.9950149655342102,0.8336501121520996
YOR294W,YGL209W,0,-1.0617378,0.1069323867559433,0.9950149655342102,0.8337501287460327
YHR065C,YKR083C,0,-1.0621034,0.10692093521356583,0.9950149655342102,0.8338501453399658
YNR065C,YER107C,0,-1.0621699,0.10690948367118835,0.9950149655342102,0.8339501619338989
YOL096C,YNL297C,0,-1.0625935,0.10689803212881088,0.9950149655342102,0.8340502381324768
YBR243C,YKR027W,0,-1.0627183,0.10688658058643341,0.9950149655342102,0.8341502547264099
YOR269W,YML001W,0,-1.0632814,0.10687513649463654,0.9950149655342102,0.834250271320343
YNR032W,YLR277C,0,-1.0646163,0.10686369240283966,0.9950149655342102,0.8343502879142761
YOL133W,YKL025C,0,-1.0649427,0.10685224831104279,0.9950149655342102,0.834450364112854
YMR208W,YLR206W,0,-1.0662378,0.10684081166982651,0.9950149655342102,0.8345503807067871
YBR035C,YBR153W,0,-1.0668255,0.10682937502861023,0.9950149655342102,0.8346503973007202
YPL031C,YFL025C,0,-1.0670496,0.10681793838739395,0.9950149655342102,0.8347504138946533
YPL266W,YGL233W,0,-1.0674956,0.10680650919675827,0.9950149655342102,0.8348504304885864
YPL138C,YOL144W,0,-1.0675087,0.10679508000612259,0.9950149655342102,0.8349505066871643
YGR145W,YOR241W,0,-1.0679526,0.10678365081548691,0.9950149655342102,0.8350505232810974
YDR452W,YKR101W,0,-1.0683012,0.10677222907543182,0.9950149655342102,0.8351505398750305
YCR052W,YDR236C,0,-1.0683545,0.10676080733537674,0.9950149655342102,0.8352505564689636
YDL243C,YBR275C,0,-1.0686566,0.10674938559532166,0.9950149655342102,0.8353506326675415
YHR085W,YDR099W,0,-1.069125,0.10673797130584717,0.9950149655342102,0.8354506492614746
YOR158W,YOR229W,0,-1.0691878,0.10672655701637268,0.9950149655342102,0.8355506658554077
YPL140C,YOL031C,0,-1.0692637,0.1067151427268982,0.9950149655342102,0.8356506824493408
YLR035C,YOR205C,0,-1.0718125,0.1067037284374237,0.9950149655342102,0.8357506990432739
YOR075W,YOR003W,0,-1.0731858,0.10669232159852982,0.9950149655342102,0.8358507752418518
YDL077C,YIL072W,0,-1.0732808,0.10668092221021652,0.9950149655342102,0.8359507918357849
YDR463W,YML067C,0,-1.0740886,0.10666951537132263,0.9950149655342102,0.836050808429718
YKR031C,YLR350W,0,-1.0744691,0.10665811598300934,0.9950149655342102,0.8361508250236511
YIL027C,YNL108C,0,-1.0749128,0.10664671659469604,0.9950149655342102,0.836250901222229
YGL035C,YJL155C,0,-1.0749727,0.10663532465696335,0.9950149655342102,0.8363509178161621
YLR435W,YMR075W,0,-1.0763612,0.10662393271923065,0.9950149655342102,0.8364509344100952
YJL122W,YKL049C,0,-1.0769699,0.10661254078149796,0.9950149655342102,0.8365509510040283
YKL150W,YMR032W,0,-1.0773493,0.10660115629434586,0.9950149655342102,0.8366509675979614
YLR427W,YBR109C,0,-1.0773646,0.10658977180719376,0.9950149655342102,0.8367510437965393
YGR180C,YDL235C,0,-1.0784084,0.10657838732004166,0.9950149655342102,0.8368510603904724
YCR092C,YOR078W,0,-1.0786594,0.10656700283288956,0.9950149655342102,0.8369510769844055
YBR269C,YJR126C,0,-1.0794355,0.10655562579631805,0.9950149655342102,0.8370510935783386
YGR076C,YBR057C,0,-1.0795482,0.10654424875974655,0.9950149655342102,0.8371511697769165
YJR152W,YOR332W,0,-1.0797837,0.10653287917375565,0.9950149655342102,0.8372511863708496
YDR153C,YJL210W,0,-1.080201,0.10652150958776474,0.9950149655342102,0.8373512029647827
YPR107C,YGL035C,0,-1.0826932,0.10651014000177383,0.9950149655342102,0.8374512195587158
YJR127C,YBR095C,0,-1.0828795,0.10649877041578293,0.9950149655342102,0.8375512361526489
YBL085W,YJL167W,0,-1.082911,0.10648740828037262,0.9950149655342102,0.8376513123512268
YPL173W,YLR336C,0,-1.0832559,0.10647604614496231,0.9950149655342102,0.8377513289451599
YPR008W,YIL154C,0,-1.0835978,0.1064646914601326,0.9950149655342102,0.837851345539093
YGR006W,YPL003W,0,-1.0837975,0.10645333677530289,0.9950149655342102,0.8379513621330261
YOR279C,YDR183W,0,-1.0838114,0.10644198209047318,0.9950149655342102,0.838051438331604
YCL031C,YIL017C,0,-1.084383,0.10643062740564346,0.9950149655342102,0.8381514549255371
YFL034C-B,YPL193W,0,-1.0851135,0.10641928017139435,0.9950149655342102,0.8382514715194702
YJL208C,YMR286W,0,-1.0861281,0.10640793293714523,0.9950149655342102,0.8383514881134033
YLR163C,YOL076W,0,-1.0863141,0.10639658570289612,0.9950149655342102,0.8384515643119812
YEL012W,YOR211C,0,-1.0863698,0.1063852459192276,0.9950149655342102,0.8385515809059143
YMR112C,YGL142C,0,-1.0867513,0.10637390613555908,0.9950149655342102,0.8386515974998474
YGR145W,YDR167W,0,-1.0869005,0.10636257380247116,0.9950149655342102,0.8387516140937805
YDR465C,YDR485C,0,-1.0872495,0.10635123401880264,0.9950149655342102,0.8388516306877136
YLR429W,YBR083W,0,-1.0875009,0.10633990168571472,0.9950149655342102,0.8389517068862915
YBL025W,YDL145C,0,-1.088209,0.1063285768032074,0.9950149655342102,0.8390517234802246
YDL224C,YFR010W,0,-1.0883948,0.10631724447011948,0.9950149655342102,0.8391517400741577
YGL054C,YLR316C,0,-1.0891881,0.10630591958761215,0.9950149655342102,0.8392517566680908
YJL183W,YLR066W,0,-1.0892183,0.10629460215568542,0.9950149655342102,0.8393518328666687
YER050C,YAL040C,0,-1.0893828,0.1062832772731781,0.9950149655342102,0.8394518494606018
YMR138W,YDL104C,0,-1.0899409,0.10627195984125137,0.9950149655342102,0.8395518660545349
YCR089W,YGR276C,0,-1.0904214,0.10626064985990524,0.9950149655342102,0.839651882648468
YER083C,YBR243C,0,-1.0907556,0.10624933242797852,0.9950149655342102,0.8397518992424011
YLR051C,YIL103W,0,-1.0911113,0.10623802244663239,0.9950149655342102,0.839851975440979
YMR236W,YMR247C,0,-1.0912124,0.10622671991586685,0.9950149655342102,0.8399519920349121
YLR394W,YOR261C,0,-1.0917574,0.10621540993452072,0.9950149655342102,0.8400520086288452
YPL155C,YHR191C,0,-1.0925202,0.10620410740375519,0.9950149655342102,0.8401520252227783
YHL003C,YDR532C,0,-1.0929242,0.10619280487298965,0.9950149655342102,0.8402521014213562
YLR251W,YPR133C,0,-1.0931141,0.10618150979280472,0.9950149655342102,0.8403521180152893
YEL013W,YIL076W,0,-1.0932765,0.10617021471261978,0.9950149655342102,0.8404521346092224
YGR156W,YNL148C,0,-1.0940386,0.10615891963243484,0.9950149655342102,0.8405521512031555
YFL018C,YLL009C,0,-1.0946599,0.10614762455224991,0.9950149655342102,0.8406521677970886
YDL236W,YGR077C,0,-1.094926,0.10613633692264557,0.9950149655342102,0.8407522439956665
YDR359C,YKL013C,0,-1.0949724,0.10612505674362183,0.9950149655342102,0.8408522605895996
YBL088C,YOR212W,0,-1.0950531,0.10611376911401749,0.9950149655342102,0.8409522771835327
YBL031W,YLR203C,0,-1.0963377,0.10610248893499374,0.9950149655342102,0.8410522937774658
YOR033C,YEL021W,0,-1.0980926,0.10609120875597,0.9950149655342102,0.8411523699760437
YMR276W,YLR239C,0,-1.0987772,0.10607992857694626,0.9950149655342102,0.8412523865699768
YOL105C,YHR206W,0,-1.0987797,0.10606865584850311,0.9950149655342102,0.8413524031639099
YBR065C,YHL006C,0,-1.0995253,0.10605738312005997,0.9950149655342102,0.841452419757843
YGR075C,YMR047C,0,-1.1003429,0.10604611784219742,0.9950149655342102,0.8415524363517761
YER126C,YEL015W,0,-1.1005462,0.10603485256433487,0.9950149655342102,0.841652512550354
YJL207C,YIL144W,0,-1.101027,0.10602358728647232,0.9950149655342102,0.8417525291442871
YDR101C,YGR274C,0,-1.1024429,0.10601232200860977,0.9950149655342102,0.8418525457382202
YDR325W,YGL143C,0,-1.1025563,0.10600106418132782,0.9950149655342102,0.8419525623321533
YBR295W,YPL228W,0,-1.1031017,0.10598980635404587,0.9950149655342102,0.8420526385307312
YLR353W,YLR336C,0,-1.1034287,0.10597854852676392,0.9950149655342102,0.8421526551246643
YDR483W,YLR039C,0,-1.103959,0.10596729815006256,0.9950149655342102,0.8422526717185974
YPL228W,YEL055C,0,-1.1049087,0.1059560477733612,0.9950149655342102,0.8423526883125305
YDR200C,YNL096C,0,-1.1052015,0.10594479739665985,0.9950149655342102,0.8424527645111084
YMR201C,YPL224C,0,-1.1053535,0.10593355447053909,0.9950149655342102,0.8425527811050415
YNL053W,YLL002W,0,-1.1053641,0.10592231154441833,0.9950149655342102,0.8426527976989746
YPR156C,YNL164C,0,-1.1073687,0.10591106861829758,0.9950149655342102,0.8427528142929077
YPL097W,YOR193W,0,-1.1077505,0.10589983314275742,0.9950149655342102,0.8428528308868408
YGL050W,YMR246W,0,-1.1084278,0.10588859766721725,0.9950149655342102,0.8429529070854187
YOR275C,YJR021C,0,-1.1087414,0.1058773621916771,0.9950149655342102,0.8430529236793518
YFL016C,YOL149W,0,-1.1095086,0.10586612671613693,0.9950149655342102,0.8431529402732849
YAL029C,YOR130C,0,-1.1103561,0.10585489869117737,0.9950149655342102,0.843252956867218
YKL186C,YJL044C,0,-1.1109232,0.1058436706662178,0.9950149655342102,0.8433530330657959
YHR134W,YOR046C,0,-1.1110474,0.10583245009183884,0.9950149655342102,0.843453049659729
YGL068W,YLR299W,0,-1.1116682,0.10582122951745987,0.9950149655342102,0.8435530662536621
YNR009W,YNL242W,0,-1.1127535,0.1058100089430809,0.9950149655342102,0.8436530828475952
YGL227W,YMR158W,0,-1.1134423,0.10579878836870193,0.9950149655342102,0.8437530994415283
YPR140W,YDL155W,0,-1.1153268,0.10578757524490356,0.9950149655342102,0.8438531756401062
YHR030C,YDR189W,0,-1.1178507,0.1057763621211052,0.9950149655342102,0.8439531922340393
YHR070W,YDL107W,0,-1.1181065,0.10576515644788742,0.9950149655342102,0.8440532088279724
YLR067C,YJL164C,0,-1.11856,0.10575395077466965,0.9950149655342102,0.8441532254219055
YBR123C,YHR132C,0,-1.1191369,0.10574274510145187,0.9950149655342102,0.8442533016204834
YPL023C,YNL079C,0,-1.1203188,0.1057315394282341,0.9950149655342102,0.8443533182144165
YMR269W,YOR213C,0,-1.12037,0.10572034120559692,0.9950149655342102,0.8444533348083496
YGR002C,YLR305C,0,-1.1205469,0.10570914298295975,0.9950149655342102,0.8445533514022827
YOL026C,YJL162C,0,-1.12151,0.10569794476032257,0.9950149655342102,0.8446533679962158
YPR166C,YPR141C,0,-1.1215645,0.10568675398826599,0.9950149655342102,0.8447534441947937
YPR032W,YNL297C,0,-1.1219153,0.10567556321620941,0.9950149655342102,0.8448534607887268
YPL097W,YDR332W,0,-1.1220282,0.10566437244415283,0.9950149655342102,0.8449534773826599
YGL045W,YPL268W,0,-1.1222788,0.10565318912267685,0.9950149655342102,0.845053493976593
YBR059C,YPL089C,0,-1.125194,0.10564200580120087,0.9950149655342102,0.8451535701751709
YDL033C,YPL063W,0,-1.1260688,0.10563082247972488,0.9950149655342102,0.845253586769104
YBL017C,YLR006C,0,-1.1272188,0.1056196391582489,0.9950149655342102,0.8453536033630371
YJL209W,YCL044C,0,-1.1279304,0.10560846328735352,0.9950149655342102,0.8454536199569702
YER129W,YOR198C,0,-1.1280679,0.10559729486703873,0.9950149655342102,0.8455536365509033
YDL168W,YIL040W,0,-1.1280956,0.10558611899614334,0.9950149655342102,0.8456537127494812
YDR028C,YIL144W,0,-1.1284693,0.10557495057582855,0.9950149655342102,0.8457537293434143
YDR103W,YGR094W,0,-1.1285652,0.10556378215551376,0.9950149655342102,0.8458537459373474
YOL119C,YOR174W,0,-1.1288699,0.10555262118577957,0.9950149655342102,0.8459537625312805
YDR379W,YGL022W,0,-1.1295,0.10554145276546478,0.9950149655342102,0.8460538387298584
YOR368W,YJR101W,0,-1.1296037,0.10553029179573059,0.9950149655342102,0.8461538553237915
YGL060W,YLR277C,0,-1.1315556,0.105519138276577,0.9950149655342102,0.8462538719177246
YKL034W,YOL041C,0,-1.1323028,0.1055079847574234,0.9950149655342102,0.8463538885116577
YDR379W,YML129C,0,-1.1325654,0.1054968312382698,0.9950149655342102,0.8464539647102356
YHR110W,YPL084W,0,-1.1331342,0.10548567771911621,0.9950149655342102,0.8465539813041687
YIL004C,YLR285W,0,-1.1332551,0.10547453165054321,0.9950149655342102,0.8466539978981018
YOR126C,YFR004W,0,-1.1333456,0.10546338558197021,0.9950149655342102,0.8467540144920349
YOL096C,YKL002W,0,-1.1339291,0.10545223951339722,0.9950149655342102,0.846854031085968
YBR119W,YFL028C,0,-1.1339992,0.10544110089540482,0.9950149655342102,0.8469541072845459
YFL038C,YHR155W,0,-1.1344074,0.10542996227741241,0.9950149655342102,0.847054123878479
YER149C,YLR256W,0,-1.1348243,0.10541882365942001,0.9950149655342102,0.8471541404724121
YBR094W,YNR039C,0,-1.1350462,0.10540769249200821,0.9950149655342102,0.8472541570663452
YBL034C,YMR068W,0,-1.1352502,0.10539655387401581,0.9950149655342102,0.8473542332649231
YLR442C,YNR027W,0,-1.1353511,0.1053854301571846,0.9950149655342102,0.8474542498588562
YHL004W,YHR091C,0,-1.1371306,0.1053742989897728,0.9950149655342102,0.8475542664527893
YLR440C,YKL124W,0,-1.1377214,0.10536317527294159,0.9950149655342102,0.8476542830467224
YPL159C,YPR055W,0,-1.1379402,0.10535205155611038,0.9950149655342102,0.8477542996406555
YLL029W,YHR074W,0,-1.1404978,0.10534093528985977,0.9950149655342102,0.8478543758392334
YOR211C,YLR018C,0,-1.1408819,0.10532981902360916,0.9950149655342102,0.8479543924331665
YGR101W,YFR005C,0,-1.1411035,0.10531870275735855,0.9950149655342102,0.8480544090270996
YMR219W,YJL004C,0,-1.1411086,0.10530758649110794,0.9950149655342102,0.8481544256210327
YDR137W,YDR084C,0,-1.1420156,0.10529647767543793,0.9950149655342102,0.8482545018196106
YOR307C,YHR079C,0,-1.1420239,0.10528536885976791,0.9950149655342102,0.8483545184135437
YOL142W,YKR037C,0,-1.142284,0.1052742600440979,0.9950149655342102,0.8484545350074768
YKL125W,YDR301W,0,-1.14292,0.10526315867900848,0.9950149655342102,0.8485545516014099
YBL051C,YAL002W,0,-1.1437558,0.10525205731391907,0.9950149655342102,0.848654568195343
YNL027W,YLR017W,0,-1.1438371,0.10524095594882965,0.9950149655342102,0.8487546443939209
YGL201C,YPR187W,0,-1.1451708,0.10522986203432083,0.9950149655342102,0.848854660987854
YFL027C,YDL195W,0,-1.1454796,0.10521876811981201,0.9950149655342102,0.8489546775817871
YMR008C,YJL174W,1,-1.1460599,0.10531309247016907,0.9960119724273682,0.8489546775817871
YPR166C,YLR193C,0,-1.1470238,0.10530199110507965,0.9960119724273682,0.8490546941757202
YBR025C,YEL064C,0,-1.1472399,0.10529089719057083,0.9960119724273682,0.8491547703742981
YGR083C,YLR289W,0,-1.1478465,0.10527979582548141,0.9960119724273682,0.8492547869682312
YGR246C,YDL008W,0,-1.1479204,0.1052687019109726,0.9960119724273682,0.8493548035621643
YCR042C,YBR095C,0,-1.1480552,0.10525761544704437,0.9960119724273682,0.8494548201560974
YGR129W,YDR351W,0,-1.148374,0.10524652153253555,0.9960119724273682,0.8495548367500305
YHR172W,YDR369C,0,-1.1488388,0.10523543506860733,0.9960119724273682,0.8496549129486084
YPL212C,YJR006W,0,-1.1490496,0.10522434860467911,0.9960119724273682,0.8497549295425415
YDL103C,YOR084W,0,-1.1493143,0.10521326959133148,0.9960119724273682,0.8498549461364746
YJL111W,YPL089C,0,-1.1510667,0.10520219057798386,0.9960119724273682,0.8499549627304077
YPL002C,YGL095C,0,-1.1518198,0.10519111156463623,0.9960119724273682,0.8500550389289856
YLR397C,YBR201W,0,-1.1521698,0.1051800400018692,0.9960119724273682,0.8501550555229187
YOL137W,YLR319C,0,-1.1525902,0.10516896843910217,0.9960119724273682,0.8502550721168518
YCL017C,YBR057C,0,-1.1538681,0.10515789687633514,0.9960119724273682,0.8503550887107849
YPR166C,YHL009C,0,-1.153989,0.10514682531356812,0.9960119724273682,0.8504551649093628
YOR198C,YML125C,0,-1.1546879,0.10513576120138168,0.9960119724273682,0.8505551815032959
YOR076C,YDR066C,0,-1.1556374,0.10512469708919525,0.9960119724273682,0.850655198097229
YDR422C,YAL030W,0,-1.1564388,0.10511363297700882,0.9960119724273682,0.8507552146911621
YMR228W,YKL087C,0,-1.1567975,0.10510257631540298,0.9960119724273682,0.8508552312850952
YPL029W,YEL052W,0,-1.1569605,0.10509151965379715,0.9960119724273682,0.8509553074836731
YLR005W,YOR211C,0,-1.1576009,0.10508047044277191,0.9960119724273682,0.8510553240776062
YPL234C,YPL215W,0,-1.1576626,0.10506941378116608,0.9960119724273682,0.8511553406715393
YOL032W,YPR104C,0,-1.1584365,0.10505836457014084,0.9960119724273682,0.8512553572654724
YDL200C,YOR047C,0,-1.1598469,0.1050473153591156,0.9960119724273682,0.8513554334640503
YNL267W,YHR204W,0,-1.1601186,0.10503627359867096,0.9960119724273682,0.8514554500579834
YOR126C,YFL042C,0,-1.160565,0.10502523183822632,0.9960119724273682,0.8515554666519165
YOR141C,YGR044C,0,-1.1606205,0.10501419007778168,0.9960119724273682,0.8516554832458496
YLR234W,YMR036C,0,-1.161017,0.10500315576791763,0.9960119724273682,0.8517554998397827
YNL126W,YDR206W,0,-1.1625437,0.10499211400747299,0.9960119724273682,0.8518555760383606
YJL063C,YBR074W,0,-1.1627041,0.10498108714818954,0.9960119724273682,0.8519555926322937
YGR257C,YOR057W,0,-1.1629807,0.1049700528383255,0.9960119724273682,0.8520556092262268
YDR085C,YER005W,0,-1.1630923,0.10495902597904205,0.9960119724273682,0.8521556258201599
YMR198W,YNL004W,0,-1.1668049,0.1049479991197586,0.9960119724273682,0.8522557020187378
YOL006C,YGL122C,0,-1.1668854,0.10493697226047516,0.9960119724273682,0.8523557186126709
YGL045W,YNL312W,0,-1.1675129,0.10492595285177231,0.9960119724273682,0.852455735206604
YMR028W,YPL031C,0,-1.1681217,0.10491493344306946,0.9960119724273682,0.8525557518005371
YDL045C,YJR014W,0,-1.1690913,0.10490391403436661,0.9960119724273682,0.8526557683944702
YNL245C,YPR179C,0,-1.1695204,0.10489290207624435,0.9960119724273682,0.8527558445930481
YPL002C,YOR039W,0,-1.1699378,0.1048818901181221,0.9960119724273682,0.8528558611869812
YKR020W,YPL169C,0,-1.1700536,0.10487087815999985,0.9960119724273682,0.8529558777809143
YGL064C,YLR151C,0,-1.1701345,0.10485987365245819,0.9960119724273682,0.8530558943748474
YIL050W,YBR223C,0,-1.1702352,0.10484886914491653,0.9960119724273682,0.8531559705734253
YGL032C,YPR055W,0,-1.1702477,0.10483786463737488,0.9960119724273682,0.8532559871673584
YJR013W,YOL051W,0,-1.1719931,0.10482686012983322,0.9960119724273682,0.8533560037612915
YPR017C,YPL210C,0,-1.1722081,0.10481586307287216,0.9960119724273682,0.8534560203552246
YDR270W,YOR353C,0,-1.1722149,0.1048048660159111,0.9960119724273682,0.8535560965538025
YNR056C,YOR180C,0,-1.1731454,0.10479387640953064,0.9960119724273682,0.8536561131477356
YJL111W,YGR215W,0,-1.1736181,0.10478287935256958,0.9960119724273682,0.8537561297416687
YDL019C,YML013W,0,-1.1738443,0.10477188974618912,0.9960119724273682,0.8538561463356018
YJL143W,YAL001C,0,-1.1739917,0.10476090759038925,0.9960119724273682,0.8539561629295349
YNL231C,YGR070W,0,-1.1744509,0.10474991798400879,0.9960119724273682,0.8540562391281128
YKR095W,YOR337W,0,-1.1744779,0.10473893582820892,0.9960119724273682,0.8541562557220459
YJL179W,YNL284C,0,-1.1749922,0.10472796112298965,0.9960119724273682,0.854256272315979
YLR353W,YBL035C,0,-1.1754627,0.10471697896718979,0.9960119724273682,0.8543562889099121
YDR237W,YER178W,0,-1.1767596,0.10470600426197052,0.9960119724273682,0.85445636510849
YOR208W,YGL122C,0,-1.1774496,0.10469502955675125,0.9960119724273682,0.8545563817024231
YFL033C,YCR083W,0,-1.1783936,0.10468406230211258,0.9960119724273682,0.8546563982963562
YER045C,YJL006C,0,-1.1784799,0.10467309504747391,0.9960119724273682,0.8547564148902893
YBR279W,YLR423C,0,-1.1795306,0.10466212779283524,0.9960119724273682,0.8548564314842224
YNL062C,YJR093C,0,-1.1804965,0.10465116053819656,0.9960119724273682,0.8549565076828003
YOL056W,YNR057C,0,-1.1805584,0.10464020073413849,0.9960119724273682,0.8550565242767334
YML093W,YML049C,0,-1.1809323,0.10462924093008041,0.9960119724273682,0.8551565408706665
YJR094C,YHR149C,0,-1.1811134,0.10461828112602234,0.9960119724273682,0.8552565574645996
YAL055W,YPR034W,0,-1.1812962,0.10460732877254486,0.9960119724273682,0.8553566336631775
YDR279W,YJL080C,0,-1.181456,0.10459637641906738,0.9960119724273682,0.8554566502571106
YNL049C,YLR383W,0,-1.1817179,0.1045854240655899,0.9960119724273682,0.8555566668510437
YOL038W,YDR427W,0,-1.1819158,0.10457447916269302,0.9960119724273682,0.8556566834449768
YOL138C,YNL236W,0,-1.1835697,0.10456353425979614,0.9960119724273682,0.8557567000389099
YMR263W,YHR027C,0,-1.1837637,0.10455258935689926,0.9960119724273682,0.8558567762374878
YAL024C,YGL175C,0,-1.1838094,0.10454165190458298,0.9960119724273682,0.8559567928314209
YDL060W,YDR485C,0,-1.183885,0.1045307070016861,0.9960119724273682,0.856056809425354
YCR038C,YDR320C,0,-1.1847585,0.10451977699995041,0.9960119724273682,0.8561568260192871
YDR314C,YOL038W,0,-1.1856929,0.10450883954763412,0.9960119724273682,0.856256902217865
YKL112W,YDL029W,0,-1.1859937,0.10449790954589844,0.9960119724273682,0.8563569188117981
YGR072W,YOR290C,0,-1.1862143,0.10448697954416275,0.9960119724273682,0.8564569354057312
YGR258C,YKL220C,0,-1.1863166,0.10447604954242706,0.9960119724273682,0.8565569519996643
YBR245C,YBL088C,0,-1.1867448,0.10446512699127197,0.9960119724273682,0.8566569685935974
YOL054W,YOR353C,0,-1.187028,0.10445420444011688,0.9960119724273682,0.8567570447921753
YGR058W,YDL132W,0,-1.1876122,0.10444328188896179,0.9960119724273682,0.8568570613861084
YKL161C,YDL005C,0,-1.1877943,0.1044323667883873,0.9960119724273682,0.8569570779800415
YFR050C,YBR289W,0,-1.1878073,0.1044214516878128,0.9960119724273682,0.8570570945739746
YER035W,YBR125C,0,-1.1879939,0.10441053658723831,0.9960119724273682,0.8571571707725525
YLR384C,YGL244W,0,-1.1881024,0.10439962148666382,0.9960119724273682,0.8572571873664856
YLR318W,YDR369C,0,-1.1882161,0.10438871383666992,0.9960119724273682,0.8573572039604187
YDL056W,YLR404W,0,-1.188965,0.10437780618667603,0.9960119724273682,0.8574572205543518
YPR199C,YIL146C,0,-1.1898183,0.10436690598726273,0.9960119724273682,0.8575572967529297
YCR065W,YML064C,0,-1.1899521,0.10435599833726883,0.9960119724273682,0.8576573133468628
YIR036C,YER007W,0,-1.1911291,0.10434509813785553,0.9960119724273682,0.8577573299407959
YML069W,YCR048W,0,-1.1913029,0.10433420538902283,0.9960119724273682,0.857857346534729
YGR092W,YLR188W,0,-1.1928011,0.10432330518960953,0.9960119724273682,0.8579573631286621
YJL092W,YML095C,0,-1.1932731,0.10431241244077682,0.9960119724273682,0.85805743932724
YLR039C,YNL003C,0,-1.1939086,0.10430152714252472,0.9960119724273682,0.8581574559211731
YOR197W,YBR041W,0,-1.1950921,0.10429063439369202,0.9960119724273682,0.8582574725151062
YCR081W,YMR270C,0,-1.1964248,0.10427974909543991,0.9960119724273682,0.8583574891090393
YKL190W,YBR195C,0,-1.1990668,0.1042688637971878,0.9960119724273682,0.8584575653076172
YOR316C,YJR093C,0,-1.2002403,0.1042579859495163,0.9960119724273682,0.8585575819015503
YDR499W,YGR105W,0,-1.200647,0.10424710065126419,0.9960119724273682,0.8586575984954834
YFR031C,YLR368W,0,-1.2006556,0.10423623025417328,0.9960119724273682,0.8587576150894165
YCL038C,YGL243W,0,-1.2024924,0.10422535240650177,0.9960119724273682,0.8588576316833496
YLR102C,YHR191C,0,-1.20478,0.10421448200941086,0.9960119724273682,0.8589577078819275
YLR265C,YGL200C,0,-1.2050185,0.10420361161231995,0.9960119724273682,0.8590577244758606
YDL080C,YKL002W,0,-1.20622,0.10419274121522903,0.9960119724273682,0.8591577410697937
YIL106W,YER051W,0,-1.2079538,0.10418187826871872,0.9960119724273682,0.8592577576637268
YHR038W,YLR118C,0,-1.2082703,0.10417100787162781,0.9960119724273682,0.8593578338623047
YPL222W,YHL034C,0,-1.2090344,0.10416015237569809,0.9960119724273682,0.8594578504562378
YOR294W,YOL144W,0,-1.2094034,0.10414928942918777,0.9960119724273682,0.8595578670501709
YLR382C,YNL131W,0,-1.2095749,0.10413843393325806,0.9960119724273682,0.859657883644104
YFR051C,YFR010W,0,-1.2114062,0.10412757843732834,0.9960119724273682,0.8597579002380371
YLR274W,YHR039C-A,0,-1.2115978,0.10411673039197922,0.9960119724273682,0.859857976436615
YCR081W,YFR005C,0,-1.2117974,0.1041058748960495,0.9960119724273682,0.8599579930305481
YAL033W,YDL113C,0,-1.2123811,0.10409502685070038,0.9960119724273682,0.8600580096244812
YOR241W,YDR294C,0,-1.2125579,0.10408418625593185,0.9960119724273682,0.8601580262184143
YDL143W,YDR146C,0,-1.2134057,0.10407333821058273,0.9960119724273682,0.8602581024169922
YER088C,YDR108W,0,-1.2137372,0.10406249761581421,0.9960119724273682,0.8603581190109253
YMR163C,YJR131W,0,-1.2137994,0.10405166447162628,0.9960119724273682,0.8604581356048584
YGL056C,YPL129W,0,-1.2139986,0.10404082387685776,0.9960119724273682,0.8605581521987915
YJL156C,YLR034C,0,-1.2142738,0.10402999073266983,0.9960119724273682,0.8606581687927246
YJL092W,YAL051W,0,-1.2148672,0.1040191575884819,0.9960119724273682,0.8607582449913025
YJL004C,YHR062C,0,-1.2160444,0.10400833189487457,0.9960119724273682,0.8608582615852356
YER144C,YNL072W,0,-1.2163565,0.10399749875068665,0.9960119724273682,0.8609582781791687
YPR120C,YKR049C,0,-1.2178394,0.10398667305707932,0.9960119724273682,0.8610582947731018
YPL042C,YOL145C,0,-1.2178632,0.10397585481405258,0.9960119724273682,0.8611583709716797
YFR050C,YLR284C,0,-1.2179749,0.10396502912044525,0.9960119724273682,0.8612583875656128
YPL132W,YBR198C,0,-1.218017,0.10395421087741852,0.9960119724273682,0.8613584041595459
YDR448W,YAL009W,0,-1.2180669,0.10394340008497238,0.9960119724273682,0.861458420753479
YER048C,YNL094W,0,-1.2183561,0.10393258184194565,0.9960119724273682,0.8615584969520569
YDR164C,YDR372C,0,-1.2204967,0.10392177104949951,0.9960119724273682,0.86165851354599
YJR093C,YGR108W,0,-1.2223752,0.10391096025705338,0.9960119724273682,0.8617585301399231
YHR188C,YNL121C,0,-1.2232533,0.10390015691518784,0.9960119724273682,0.8618585467338562
YBR105C,YDR164C,0,-1.2247474,0.1038893535733223,0.9960119724273682,0.8619585633277893
YDR376W,YDR320C,0,-1.2260647,0.10387855023145676,0.9960119724273682,0.8620586395263672
YMR053C,YER033C,0,-1.2261251,0.10386774688959122,0.9960119724273682,0.8621586561203003
YER048C,YOL041C,0,-1.2261598,0.10385695099830627,0.9960119724273682,0.8622586727142334
YLR154C,YGL023C,0,-1.227157,0.10384615510702133,0.9960119724273682,0.8623586893081665
YPR152C,YBR279W,0,-1.22817,0.10383535921573639,0.9960119724273682,0.8624587655067444
YDL003W,YBR035C,0,-1.2282758,0.10382457077503204,0.9960119724273682,0.8625587821006775
YCR066W,YML125C,0,-1.2285734,0.1038137823343277,0.9960119724273682,0.8626587986946106
YER155C,YMR322C,0,-1.2298888,0.10380299389362335,0.9960119724273682,0.8627588152885437
YMR287C,YGR156W,0,-1.2308291,0.103792205452919,0.9960119724273682,0.8628588318824768
YJR086W,YLR105C,0,-1.2308441,0.10378142446279526,0.9960119724273682,0.8629589080810547
YOR162C,YOR353C,0,-1.2310637,0.10377064347267151,0.9960119724273682,0.8630589246749878
YHR116W,YNL257C,0,-1.2310838,0.10375986993312836,0.9960119724273682,0.8631589412689209
YPR081C,YKR056W,0,-1.2319967,0.10374908894300461,0.9960119724273682,0.863258957862854
YGR140W,YLR045C,0,-1.2333161,0.10373831540346146,0.9960119724273682,0.8633590340614319
YER166W,YJL167W,0,-1.2334455,0.1037275493144989,0.9960119724273682,0.863459050655365
YPL228W,YBR200W,0,-1.235329,0.10371677577495575,0.9960119724273682,0.8635590672492981
YPR057W,YFR043C,0,-1.235536,0.1037060096859932,0.9960119724273682,0.8636590838432312
YOR185C,YDR189W,0,-1.2362119,0.10369524359703064,0.9960119724273682,0.8637591004371643
YML038C,YGR006W,0,-1.237693,0.10368448495864868,0.9960119724273682,0.8638591766357422
YJR013W,YGR082W,0,-1.2378051,0.10367372632026672,0.9960119724273682,0.8639591932296753
YOR233W,YBL031W,0,-1.2385236,0.10366296768188477,0.9960119724273682,0.8640592098236084
YOR037W,YGR057C,0,-1.238626,0.10365220904350281,0.9960119724273682,0.8641592264175415
YKR008W,YOR025W,0,-1.2389697,0.10364145785570145,0.9960119724273682,0.8642593026161194
YDR198C,YDR270W,0,-1.2392,0.10363070666790009,0.9960119724273682,0.8643593192100525
YLR242C,YLL038C,0,-1.2395608,0.10361995548009872,0.9960119724273682,0.8644593358039856
YIL019W,YLR026C,0,-1.2395726,0.10360921174287796,0.9960119724273682,0.8645593523979187
YNR045W,YGL150C,0,-1.2405335,0.1035984680056572,0.9960119724273682,0.8646593689918518
YBL063W,YGL213C,0,-1.2409707,0.10358772426843643,0.9960119724273682,0.8647594451904297
YOR264W,YBR258C,0,-1.2413183,0.10357698053121567,0.9960119724273682,0.8648594617843628
YGR258C,YFL042C,0,-1.2415993,0.1035662442445755,0.9960119724273682,0.8649594783782959
YLR324W,YDR075W,0,-1.2417283,0.10355550795793533,0.9960119724273682,0.865059494972229
YEL018W,YJR101W,0,-1.2420108,0.10354477912187576,0.9960119724273682,0.8651595711708069
YCR092C,YDR485C,0,-1.2420622,0.1035340428352356,0.9960119724273682,0.86525958776474
YOR016C,YJL104W,0,-1.2423378,0.10352331399917603,0.9960119724273682,0.8653596043586731
YGL095C,YPR005C,0,-1.2432786,0.10351259261369705,0.9960119724273682,0.8654596209526062
YMR153W,YJL058C,0,-1.2436602,0.10350186377763748,0.9960119724273682,0.8655596971511841
YOR034C,YML099C,0,-1.2438675,0.10349114239215851,0.9960119724273682,0.8656597137451172
YDR489W,YOR217W,0,-1.2444788,0.10348042100667953,0.9960119724273682,0.8657597303390503
YDR155C,YPL115C,0,-1.2446823,0.10346970707178116,0.9960119724273682,0.8658597469329834
YKR072C,YBL034C,0,-1.2449507,0.10345898568630219,0.9960119724273682,0.8659597635269165
YGR100W,YKL143W,0,-1.2454008,0.1034482792019844,0.9960119724273682,0.8660598397254944
YFR009W,YAL041W,0,-1.2454728,0.10343756526708603,0.9960119724273682,0.8661598563194275
YBR115C,YLR242C,0,-1.2455833,0.10342685878276825,0.9960119724273682,0.8662598729133606
YHR170W,YBR264C,0,-1.2456397,0.10341615229845047,0.9960119724273682,0.8663598895072937
YMR308C,YBR109C,0,-1.2458986,0.10340544581413269,0.9960119724273682,0.8664599657058716
YPL268W,YLL009C,0,-1.248026,0.10339473932981491,0.9960119724273682,0.8665599822998047
YOR198C,YBR017C,0,-1.2481837,0.10338404029607773,0.9960119724273682,0.8666599988937378
YBL005W,YDL200C,0,-1.248514,0.10337334126234055,0.9960119724273682,0.8667600154876709
YJR033C,YDL120W,0,-1.2509362,0.10336264967918396,0.9960119724273682,0.866860032081604
YGR178C,YOL115W,0,-1.2514105,0.10335195809602737,0.9960119724273682,0.8669601082801819
YLR086W,YEL055C,0,-1.2515234,0.10334126651287079,0.9960119724273682,0.867060124874115
YDR410C,YNR011C,0,-1.2515597,0.1033305749297142,0.9960119724273682,0.8671601414680481
YEL003W,YDL224C,0,-1.2517787,0.10331989079713821,0.9960119724273682,0.8672601580619812
YNR013C,YBR042C,0,-1.2520477,0.10330920666456223,0.9960119724273682,0.8673602342605591
YJL145W,YDL010W,0,-1.2527703,0.10329852253198624,0.9960119724273682,0.8674602508544922
YLR234W,YBL046W,0,-1.2538751,0.10328783839941025,0.9960119724273682,0.8675602674484253
YOR233W,YML070W,0,-1.2548198,0.10327716171741486,0.9960119724273682,0.8676602840423584
YLL050C,YPL243W,0,-1.2556959,0.10326648503541946,0.9960119724273682,0.8677603006362915
YML114C,YOR373W,0,-1.2558283,0.10325581580400467,0.9960119724273682,0.8678603768348694
YOR144C,YIL097W,0,-1.2559592,0.10324513912200928,0.9960119724273682,0.8679603934288025
YOR047C,YDR117C,0,-1.2564235,0.10323446989059448,0.9960119724273682,0.8680604100227356
YMR225C,YDR219C,0,-1.2568126,0.10322380810976028,0.9960119724273682,0.8681604266166687
YOL135C,YBR281C,0,-1.2569469,0.10321313887834549,0.9960119724273682,0.8682605028152466
YPL005W,YDR066C,0,-1.257065,0.10320247709751129,0.9960119724273682,0.8683605194091797
YGR215W,YOR163W,0,-1.2577853,0.1031918153166771,0.9960119724273682,0.8684605360031128
YFR008W,YLR147C,0,-1.2598361,0.10318116098642349,0.9960119724273682,0.8685605525970459
YPL227C,YLR330W,0,-1.2598587,0.10317050665616989,0.9960119724273682,0.868660569190979
YLR067C,YJR131W,0,-1.2606434,0.10315985232591629,0.9960119724273682,0.8687606453895569
YML023C,YAL017W,0,-1.2609965,0.10314919799566269,0.9960119724273682,0.86886066198349
YHR171W,YDR459C,0,-1.2614499,0.10313855111598969,0.9960119724273682,0.8689606785774231
YHR034C,YKR022C,0,-1.2619165,0.10312790423631668,0.9960119724273682,0.8690606951713562
YMR073C,YDR166C,0,-1.2627724,0.10311725735664368,0.9960119724273682,0.8691607713699341
YOL021C,YGL022W,0,-1.263549,0.10310661792755127,0.9960119724273682,0.8692607879638672
YGR077C,YDL004W,0,-1.2647078,0.10309597849845886,0.9960119724273682,0.8693608045578003
YLR449W,YNL039W,0,-1.2653426,0.10308533906936646,0.9960119724273682,0.8694608211517334
YIR037W,YGL150C,0,-1.2657675,0.10307469964027405,0.9960119724273682,0.8695608973503113
YJR046W,YGL091C,0,-1.2657925,0.10306406766176224,0.9960119724273682,0.8696609139442444
YDR280W,YPL209C,0,-1.2663823,0.10305343568325043,0.9960119724273682,0.8697609305381775
YLR332W,YBL058W,0,-1.2665188,0.10304280370473862,0.9960119724273682,0.8698609471321106
YDR150W,YOL013C,0,-1.2669365,0.1030321791768074,0.9960119724273682,0.8699609637260437
YNL087W,YPL243W,0,-1.2675304,0.10302155464887619,0.9960119724273682,0.8700610399246216
YOL148C,YBR097W,0,-1.2682594,0.10301093012094498,0.9960119724273682,0.8701610565185547
YGR129W,YKL059C,0,-1.2694652,0.10300030559301376,0.9960119724273682,0.8702610731124878
YIL142W,YER122C,0,-1.2704943,0.10298968851566315,0.9960119724273682,0.8703610897064209
YPL244C,YDR164C,0,-1.271502,0.10297907143831253,0.9960119724273682,0.8704611659049988
YBR024W,YAL031C,0,-1.2716552,0.10296846181154251,0.9960119724273682,0.8705611824989319
YER004W,YDL058W,0,-1.2719649,0.1029578447341919,0.9960119724273682,0.870661199092865
YBR057C,YJL180C,0,-1.272215,0.10294723510742188,0.9960119724273682,0.8707612156867981
YER111C,YOR168W,0,-1.2738942,0.10293663293123245,0.9960119724273682,0.8708612322807312
YPL069C,YDR164C,0,-1.2752618,0.10292602330446243,0.9960119724273682,0.8709613084793091
YGR255C,YDR189W,0,-1.2755384,0.10291542112827301,0.9960119724273682,0.8710613250732422
YMR162C,YHL030W,0,-1.2756808,0.10290481895208359,0.9960119724273682,0.8711613416671753
YKL112W,YOL146W,0,-1.276264,0.10289422422647476,0.9960119724273682,0.8712613582611084
YFL009W,YDL217C,0,-1.2769458,0.10288362205028534,0.9960119724273682,0.8713614344596863
YJR074W,YBR160W,0,-1.2778404,0.10287302732467651,0.9960119724273682,0.8714614510536194
YOR189W,YBR133C,0,-1.2779433,0.10286244004964828,0.9960119724273682,0.8715614676475525
YIL038C,YHR105W,0,-1.2781873,0.10285184532403946,0.9960119724273682,0.8716614842414856
YBR213W,YNL079C,0,-1.2803186,0.10284125804901123,0.9960119724273682,0.8717615008354187
YNR010W,YBL089W,0,-1.2804545,0.102830670773983,0.9960119724273682,0.8718615770339966
YJL029C,YDR318W,0,-1.2808253,0.10282009094953537,0.9960119724273682,0.8719615936279297
YGR010W,YGL181W,0,-1.2810322,0.10280951112508774,0.9960119724273682,0.8720616102218628
YBR231C,YDL107W,0,-1.2814476,0.1027989313006401,0.9960119724273682,0.8721616268157959
YJR082C,YDL105W,0,-1.2816215,0.10278835147619247,0.9960119724273682,0.8722617030143738
YDR214W,YJL140W,0,-1.282149,0.10277777910232544,0.9960119724273682,0.8723617196083069
YML114C,YGR187C,0,-1.2821685,0.1027672067284584,0.9960119724273682,0.87246173620224
YML034W,YJL129C,0,-1.2826635,0.10275663435459137,0.9960119724273682,0.8725617527961731
YML015C,YCR077C,0,-1.2828795,0.10274606943130493,0.9960119724273682,0.8726617693901062
YPR141C,YPL074W,0,-1.2849123,0.1027354970574379,0.9960119724273682,0.8727618455886841
YDR153C,YDL122W,0,-1.2858526,0.10272493213415146,0.9960119724273682,0.8728618621826172
YOR211C,YDL029W,0,-1.2863721,0.10271437466144562,0.9960119724273682,0.8729618787765503
YPR049C,YPL016W,0,-1.286399,0.10270381718873978,0.9960119724273682,0.8730618953704834
YJR140C,YGL053W,0,-1.2867357,0.10269325971603394,0.9960119724273682,0.8731619715690613
YDR386W,YDR067C,0,-1.2873157,0.1026827022433281,0.9960119724273682,0.8732619881629944
YKL125W,YPL053C,0,-1.2873906,0.10267214477062225,0.9960119724273682,0.8733620047569275
YAR014C,YDL215C,0,-1.2875036,0.10266159474849701,0.9960119724273682,0.8734620213508606
YLL002W,YER124C,0,-1.2878,0.10265104472637177,0.9960119724273682,0.8735620975494385
YOL080C,YLR131C,0,-1.2888416,0.10264050215482712,0.9960119724273682,0.8736621141433716
YML064C,YPL243W,0,-1.2895933,0.10262995958328247,0.9960119724273682,0.8737621307373047
YGL107C,YJL093C,0,-1.2907268,0.10261941701173782,0.9960119724273682,0.8738621473312378
YGL013C,YOR075W,0,-1.2908677,0.10260887444019318,0.9960119724273682,0.8739621639251709
YGL166W,YGL129C,0,-1.2910936,0.10259833931922913,0.9960119724273682,0.8740622401237488
YJR125C,YJR101W,0,-1.291318,0.10258779674768448,0.9960119724273682,0.8741622567176819
YFL018C,YHR198C,0,-1.2920619,0.10257726907730103,0.9960119724273682,0.874262273311615
YFR042W,YER013W,0,-1.2925102,0.10256673395633698,0.9960119724273682,0.8743622899055481
YLR039C,YNL084C,0,-1.293063,0.10255620628595352,0.9960119724273682,0.874462366104126
YKL139W,YCR046C,0,-1.2931683,0.10254567861557007,0.9960119724273682,0.8745623826980591
YPL268W,YDR113C,0,-1.2934532,0.10253515094518661,0.9960119724273682,0.8746623992919922
YDL216C,YDR296W,0,-1.2937566,0.10252463072538376,0.9960119724273682,0.8747624158859253
YDR173C,YOR163W,0,-1.293978,0.1025141105055809,0.9960119724273682,0.8748624324798584
YDL047W,YJL081C,0,-1.2940674,0.10250359028577805,0.9960119724273682,0.8749625086784363
YDL104C,YIL020C,0,-1.2947026,0.10249307751655579,0.9960119724273682,0.8750625252723694
YDL070W,YLR079W,0,-1.2948352,0.10248255729675293,0.9960119724273682,0.8751625418663025
YJL087C,YGL019W,0,-1.2951857,0.10247205197811127,0.9960119724273682,0.8752625584602356
YNL159C,YOR232W,0,-1.2952622,0.10246153920888901,0.9960119724273682,0.8753626346588135
YKL002W,YLR449W,0,-1.2960979,0.10245103389024734,0.9960119724273682,0.8754626512527466
YLL048C,YLR277C,0,-1.297082,0.10244052857160568,0.9960119724273682,0.8755626678466797
YEL038W,YPR089W,0,-1.2971779,0.10243002325296402,0.9960119724273682,0.8756626844406128
YNL103W,YMR146C,0,-1.2973994,0.10241951793432236,0.9960119724273682,0.8757627010345459
YDR211W,YLR095C,0,-1.2982566,0.10240902006626129,0.9960119724273682,0.8758627772331238
YPL104W,YCR069W,0,-1.2986695,0.10239852219820023,0.9960119724273682,0.8759627938270569
YGR047C,YDR032C,0,-1.2997874,0.10238803178071976,0.9960119724273682,0.87606281042099
YLR313C,YBR163W,0,-1.3009918,0.10237753391265869,0.9960119724273682,0.8761628270149231
YML104C,YGR238C,0,-1.3013315,0.10236704349517822,0.9960119724273682,0.876262903213501
YPL174C,YGL166W,0,-1.3029063,0.10235656052827835,0.9960119724273682,0.8763629198074341
YPL214C,YDL190C,0,-1.304652,0.10234607011079788,0.9960119724273682,0.8764629364013672
YKL139W,YMR174C,0,-1.304663,0.10233558714389801,0.9960119724273682,0.8765629529953003
YJL178C,YNR059W,0,-1.3056206,0.10232510417699814,0.9960119724273682,0.8766629695892334
YCR042C,YJR059W,0,-1.3057834,0.10231462866067886,0.9960119724273682,0.8767630457878113
YPR025C,YNL238W,0,-1.3059297,0.10230414569377899,0.9960119724273682,0.8768630623817444
YBL041W,YDR372C,0,-1.3064419,0.10229367017745972,0.9960119724273682,0.8769630789756775
YDL088C,YPL196W,0,-1.306518,0.10228320211172104,0.9960119724273682,0.8770630955696106
YDR208W,YHR198C,0,-1.3075086,0.10227272659540176,0.9960119724273682,0.8771631717681885
YLR373C,YOR329C,0,-1.3076314,0.10226225852966309,0.9960119724273682,0.8772631883621216
YML099C,YHR169W,0,-1.3089025,0.10225179046392441,0.9960119724273682,0.8773632049560547
YGL247W,YML048W,0,-1.3089336,0.10224132984876633,0.9960119724273682,0.8774632215499878
YGL201C,YGL021W,0,-1.3093288,0.10223086178302765,0.9960119724273682,0.8775632977485657
YEL064C,YDL005C,0,-1.3101035,0.10222040116786957,0.9960119724273682,0.8776633143424988
YCR073C,YOR260W,0,-1.3101622,0.10220994800329208,0.9960119724273682,0.8777633309364319
YOR060C,YML017W,0,-1.3120757,0.102199487388134,0.9960119724273682,0.877863347530365
YBL091C,YER005W,0,-1.3120868,0.10218903422355652,0.9960119724273682,0.8779633641242981
YLR069C,YIL036W,0,-1.3124198,0.10217858105897903,0.9960119724273682,0.878063440322876
YDR170C,YLR018C,0,-1.3124367,0.10216813534498215,0.9960119724273682,0.8781634569168091
YDL230W,YML029W,0,-1.313334,0.10215768218040466,0.9960119724273682,0.8782634735107422
YKL208W,YDL049C,0,-1.3139031,0.10214723646640778,0.9960119724273682,0.8783634901046753
YOL117W,YGR003W,0,-1.3141962,0.10213679820299149,0.9960119724273682,0.8784635663032532
YMR302C,YOL100W,0,-1.3149346,0.1021263524889946,0.9960119724273682,0.8785635828971863
YDR319C,YBR119W,0,-1.3150653,0.10211591422557831,0.9960119724273682,0.8786635994911194
YMR240C,YPR030W,0,-1.3151084,0.10210547596216202,0.9960119724273682,0.8787636160850525
YIR036C,YOR179C,0,-1.315299,0.10209504514932632,0.9960119724273682,0.8788636326789856
YDR117C,YMR014W,0,-1.3157719,0.10208461433649063,0.9960119724273682,0.8789637088775635
YER151C,YLR131C,0,-1.3160485,0.10207418352365494,0.9960119724273682,0.8790637254714966
YGL226C-A,YNL020C,0,-1.3176761,0.10206375271081924,0.9960119724273682,0.8791637420654297
YOL069W,YGL092W,0,-1.3184559,0.10205332189798355,0.9960119724273682,0.8792637586593628
YPL085W,YOR307C,0,-1.3188614,0.10204289853572845,0.9960119724273682,0.8793638348579407
YDR003W,YDL103C,0,-1.3193738,0.10203247517347336,0.9960119724273682,0.8794638514518738
YNL279W,YJL194W,0,-1.3195797,0.10202205926179886,0.9960119724273682,0.8795638680458069
YOR346W,YGL002W,0,-1.3200763,0.10201164335012436,0.9960119724273682,0.87966388463974
YHR149C,YGL110C,0,-1.3205346,0.10200122743844986,0.9960119724273682,0.8797639012336731
YCL004W,YGR195W,0,-1.3207501,0.10199081152677536,0.9960119724273682,0.879863977432251
YJL145W,YNL312W,0,-1.3213283,0.10198040306568146,0.9960119724273682,0.8799639940261841
YMR026C,YOR180C,0,-1.3220345,0.10196998715400696,0.9960119724273682,0.8800640106201172
YOR201C,YDR486C,0,-1.3224285,0.10195958614349365,0.9960119724273682,0.8801640272140503
YPL190C,YOR026W,0,-1.3230017,0.10194917768239975,0.9960119724273682,0.8802641034126282
YDR273W,YAL055W,0,-1.3234266,0.10193877667188644,0.9960119724273682,0.8803641200065613
YLR274W,YGR075C,0,-1.3248999,0.10192837566137314,0.9960119724273682,0.8804641366004944
YMR207C,YKL021C,0,-1.325358,0.10191797465085983,0.9960119724273682,0.8805641531944275
YGR005C,YAL013W,0,-1.3259363,0.10190758109092712,0.9960119724273682,0.8806641697883606
YDR138W,YNL008C,0,-1.3267093,0.10189718753099442,0.9960119724273682,0.8807642459869385
YNL224C,YIL070C,0,-1.3279825,0.1018867939710617,0.9960119724273682,0.8808642625808716
YJL044C,YHR005C,0,-1.3282611,0.101876400411129,0.9960119724273682,0.8809642791748047
YOR089C,YBR020W,0,-1.3296539,0.10186601430177689,0.9960119724273682,0.8810642957687378
YLR204W,YER169W,0,-1.3302113,0.10185562819242477,0.9960119724273682,0.8811643719673157
YOR001W,YLL022C,0,-1.3305758,0.10184524208307266,0.9960119724273682,0.8812643885612488
YOR143C,YOR217W,0,-1.3312173,0.10183486342430115,0.9960119724273682,0.8813644051551819
YPL244C,YDR488C,0,-1.3320606,0.10182448476552963,0.9960119724273682,0.881464421749115
YMR236W,YLR227C,0,-1.3330697,0.10181410610675812,0.9960119724273682,0.8815644979476929
YGR199W,YGL119W,0,-1.3332748,0.1018037274479866,0.9960119724273682,0.881664514541626
YDR440W,YIR022W,0,-1.3337119,0.10179335623979568,0.9960119724273682,0.8817645311355591
YOL020W,YGL223C,0,-1.3352946,0.10178298503160477,0.9960119724273682,0.8818645477294922
YAL011W,YPR017C,0,-1.3355249,0.10177261382341385,0.9960119724273682,0.8819645643234253
YMR183C,YHR104W,0,-1.336367,0.10176225006580353,0.9960119724273682,0.8820646405220032
YLR310C,YBR035C,0,-1.3368379,0.1017518863081932,0.9960119724273682,0.8821646571159363
YOR078W,YJL004C,0,-1.3372327,0.10174152255058289,0.9960119724273682,0.8822646737098694
YMR287C,YPL005W,0,-1.3379937,0.10173115879297256,0.9960119724273682,0.8823646903038025
YOL094C,YJL162C,0,-1.3381269,0.10172080248594284,0.9960119724273682,0.8824647665023804
YJR013W,YGR230W,0,-1.3382536,0.10171044617891312,0.9960119724273682,0.8825647830963135
YML112W,YHR037W,0,-1.3384116,0.10170008987188339,0.9960119724273682,0.8826647996902466
YGR217W,YDL165W,0,-1.3385054,0.10168974101543427,0.9960119724273682,0.8827648162841797
YPL026C,YJL072C,0,-1.3387078,0.10167939215898514,0.9960119724273682,0.8828648328781128
YGR233C,YPR083W,0,-1.3393486,0.10166904330253601,0.9960119724273682,0.8829649090766907
YLR403W,YOR066W,0,-1.3395326,0.10165869444608688,0.9960119724273682,0.8830649256706238
YKR079C,YNL257C,0,-1.3397001,0.10164835304021835,0.9960119724273682,0.8831649422645569
YDR330W,YHL009C,0,-1.3402503,0.10163801163434982,0.9960119724273682,0.88326495885849
YDR404C,YGR076C,0,-1.3413628,0.10162767022848129,0.9960119724273682,0.8833650350570679
YJL111W,YML049C,0,-1.3417172,0.10161733627319336,0.9960119724273682,0.883465051651001
YGR099W,YGL090W,0,-1.3435558,0.10160699486732483,0.9960119724273682,0.8835650682449341
YJL023C,YML029W,0,-1.3445977,0.1015966609120369,0.9960119724273682,0.8836650848388672
YFL001W,YPL177C,0,-1.3449224,0.10158633440732956,0.9960119724273682,0.8837651014328003
YGL056C,YHR156C,0,-1.3453995,0.10157600045204163,0.9960119724273682,0.8838651776313782
YLR266C,YHR030C,0,-1.3460742,0.10156567394733429,0.9960119724273682,0.8839651942253113
YER050C,YIL135C,0,-1.3462123,0.10155535489320755,0.9960119724273682,0.8840652108192444
YMR278W,YOR346W,0,-1.346702,0.10154502838850021,0.9960119724273682,0.8841652274131775
YJL061W,YNR059W,0,-1.3478371,0.10153470933437347,0.9960119724273682,0.8842653036117554
YMR227C,YKL057C,0,-1.3490744,0.10152439028024673,0.9960119724273682,0.8843653202056885
YFL027C,YCL061C,0,-1.3499604,0.10151407122612,0.9960119724273682,0.8844653367996216
YKR082W,YGL143C,0,-1.3501421,0.10150375962257385,0.9960119724273682,0.8845653533935547
YGL053W,YPL104W,0,-1.3502679,0.10149344801902771,0.9960119724273682,0.8846653699874878
YPR008W,YDR439W,0,-1.3507339,0.10148313641548157,0.9960119724273682,0.8847654461860657
YHR024C,YOR329C,0,-1.3508879,0.10147283226251602,0.9960119724273682,0.8848654627799988
YPR189W,YBR097W,0,-1.351019,0.10146252065896988,0.9960119724273682,0.8849654793739319
YNL250W,YLR204W,0,-1.3514323,0.10145221650600433,0.9960119724273682,0.885065495967865
YKL208W,YPL169C,0,-1.3515025,0.10144191980361938,0.9960119724273682,0.8851655721664429
YML071C,YML113W,0,-1.3525351,0.10143161565065384,0.9960119724273682,0.885265588760376
YOL089C,YPR171W,0,-1.3536583,0.10142131894826889,0.9960119724273682,0.8853656053543091
YKL179C,YGR057C,0,-1.3543516,0.10141102224588394,0.9960119724273682,0.8854656219482422
YPR100W,YJR006W,0,-1.3546575,0.10140073299407959,0.9960119724273682,0.8855656981468201
YNL250W,YFL023W,0,-1.3557296,0.10139043629169464,0.9960119724273682,0.8856657147407532
YJR049C,YDR486C,0,-1.3571017,0.10138014703989029,0.9960119724273682,0.8857657313346863
YLR035C,YKL130C,0,-1.3575965,0.10136986523866653,0.9960119724273682,0.8858657479286194
YER142C,YPL193W,0,-1.358136,0.10135957598686218,0.9960119724273682,0.8859657645225525
YIL035C,YDR285W,0,-1.3582344,0.10134929418563843,0.9960119724273682,0.8860658407211304
YLR274W,YJR119C,0,-1.3583032,0.10133901238441467,0.9960119724273682,0.8861658573150635
YLR247C,YMR042W,0,-1.3588587,0.10132873803377151,0.9960119724273682,0.8862658739089966
YDR071C,YOR229W,0,-1.3593676,0.10131845623254776,0.9960119724273682,0.8863658905029297
YER008C,YDR096W,0,-1.3599952,0.1013081818819046,0.9960119724273682,0.8864659667015076
YOR110W,YML032C,0,-1.3607655,0.10129790753126144,0.9960119724273682,0.8865659832954407
YPL095C,YDR137W,0,-1.3623855,0.10128764063119888,0.9960119724273682,0.8866659998893738
YOL004W,YLR066W,0,-1.3632406,0.10127737373113632,0.9960119724273682,0.8867660164833069
YNL290W,YIL038C,0,-1.363557,0.10126710683107376,0.9960119724273682,0.88686603307724
YPL169C,YAL055W,0,-1.3637104,0.1012568399310112,0.9960119724273682,0.8869661092758179
YBR077C,YKL018W,0,-1.3646057,0.10124658048152924,0.9960119724273682,0.887066125869751
YBR213W,YNL048W,0,-1.3646132,0.10123632103204727,0.9960119724273682,0.8871661424636841
YHR168W,YER083C,0,-1.3655093,0.10122606158256531,0.9960119724273682,0.8872661590576172
YKL167C,YOL145C,0,-1.3681976,0.10121580213308334,0.9960119724273682,0.8873662352561951
YGR252W,YDR295C,0,-1.3684541,0.10120555013418198,0.9960119724273682,0.8874662518501282
YLR380W,YNL310C,0,-1.3687667,0.10119529813528061,0.9960119724273682,0.8875662684440613
YBR155W,YBR058C,0,-1.368837,0.10118505358695984,0.9960119724273682,0.8876662850379944
YFL018C,YGL150C,0,-1.3691436,0.10117480158805847,0.9960119724273682,0.8877663016319275
YFL018C,YHL025W,0,-1.3693932,0.1011645570397377,0.9960119724273682,0.8878663778305054
YNL129W,YPL101W,0,-1.3698003,0.10115431249141693,0.9960119724273682,0.8879663944244385
YGL143C,YGR105W,0,-1.3714755,0.10114407539367676,0.9960119724273682,0.8880664110183716
YDR322W,YNL273W,0,-1.3717306,0.10113383084535599,0.9960119724273682,0.8881664276123047
YPL031C,YBR163W,0,-1.3718026,0.10112359374761581,0.9960119724273682,0.8882665038108826
YIL115C,YGR187C,0,-1.3723233,0.10111335664987564,0.9960119724273682,0.8883665204048157
YML004C,YNL053W,0,-1.3727162,0.10110312700271606,0.9960119724273682,0.8884665369987488
YML091C,YJR093C,0,-1.3727721,0.10109289735555649,0.9960119724273682,0.8885665535926819
YMR188C,YOR329C,0,-1.373209,0.10108266770839691,0.9960119724273682,0.888666570186615
YHL020C,YKL139W,0,-1.3735447,0.10107243806123734,0.9960119724273682,0.8887666463851929
YGR096W,YOR261C,0,-1.3739439,0.10106221586465836,0.9960119724273682,0.888866662979126
YDL017W,YNL267W,0,-1.374982,0.10105199366807938,0.9960119724273682,0.8889666795730591
YGL013C,YDL166C,0,-1.3751329,0.1010417714715004,0.9960119724273682,0.8890666961669922
YHR165C,YLR319C,0,-1.3753237,0.10103155672550201,0.9960119724273682,0.8891667723655701
YCL061C,YHR200W,0,-1.375467,0.10102133452892303,0.9960119724273682,0.8892667889595032
YMR127C,YNL297C,0,-1.375549,0.10101111978292465,0.9960119724273682,0.8893668055534363
YJL123C,YDR503C,0,-1.3756689,0.10100091248750687,0.9960119724273682,0.8894668221473694
YNL053W,YPL178W,0,-1.3761398,0.10099069774150848,0.9960119724273682,0.8895668983459473
YER033C,YBR168W,0,-1.3766557,0.1009804904460907,0.9960119724273682,0.8896669149398804
YKL125W,YBR171W,0,-1.3768259,0.10097028315067291,0.9960119724273682,0.8897669315338135
YDR074W,YDR257C,0,-1.3770503,0.10096008330583572,0.9960119724273682,0.8898669481277466
YEL016C,YPR093C,0,-1.3772657,0.10094987601041794,0.9960119724273682,0.8899669647216797
YDL070W,YHR155W,0,-1.3790518,0.10093967616558075,0.9960119724273682,0.8900670409202576
YIL104C,YCL067C,0,-1.379394,0.10092948377132416,0.9960119724273682,0.8901670575141907
YMR294W,YOL067C,0,-1.3797792,0.10091928392648697,0.9960119724273682,0.8902670741081238
YKL204W,YBR083W,0,-1.3814129,0.10090909153223038,0.9960119724273682,0.8903670907020569
YBL106C,YNL292W,0,-1.3821028,0.10089889913797379,0.9960119724273682,0.8904671669006348
YOL102C,YOR377W,0,-1.3825285,0.1008887067437172,0.9960119724273682,0.8905671834945679
YCR038C,YPR082C,0,-1.3845098,0.1008785218000412,0.9960119724273682,0.890667200088501
YBL089W,YDR182W,0,-1.3845342,0.1008683368563652,0.9960119724273682,0.8907672166824341
YIL035C,YOL016C,0,-1.3848993,0.10085815191268921,0.9960119724273682,0.8908672332763672
YMR179W,YGL142C,0,-1.3850278,0.10084797441959381,0.9960119724273682,0.8909673094749451
YLR024C,YHR143W-A,0,-1.385053,0.10083778947591782,0.9960119724273682,0.8910673260688782
YDR081C,YOR273C,0,-1.3850774,0.10082761198282242,0.9960119724273682,0.8911673426628113
YMR013C,YDR427W,0,-1.3866385,0.10081744194030762,0.9960119724273682,0.8912673592567444
YDL225W,YJR017C,0,-1.387072,0.10080726444721222,0.9960119724273682,0.8913674354553223
YNL079C,YLL015W,0,-1.3877076,0.10079709440469742,0.9960119724273682,0.8914674520492554
YLR276C,YPR034W,0,-1.3882133,0.10078692436218262,0.9960119724273682,0.8915674686431885
YMR109W,YLR200W,0,-1.3884734,0.10077675431966782,0.9960119724273682,0.8916674852371216
YLR440C,YHL009C,0,-1.3889403,0.10076659172773361,0.9960119724273682,0.8917675018310547
YDR397C,YCR026C,0,-1.389021,0.10075642913579941,0.9960119724273682,0.8918675780296326
YGR100W,YJR082C,0,-1.3897029,0.1007462665438652,0.9960119724273682,0.8919675946235657
YNL173C,YLR182W,0,-1.391635,0.1007361114025116,0.9960119724273682,0.8920676112174988
YGR005C,YDR105C,0,-1.3933799,0.10072595626115799,0.9960119724273682,0.8921676278114319
YDR358W,YBR068C,0,-1.3937098,0.10071580111980438,0.9960119724273682,0.8922677040100098
YPL019C,YHR034C,0,-1.3939189,0.10070564597845078,0.9960119724273682,0.8923677206039429
YMR001C,YNR054C,0,-1.3954769,0.10069549083709717,0.9960119724273682,0.892467737197876
YGL021W,YLR182W,0,-1.396922,0.10068534314632416,0.9960119724273682,0.8925677537918091
YNR006W,YOL001W,0,-1.3973398,0.10067519545555115,0.9960119724273682,0.892667829990387
YBL080C,YDR495C,0,-1.3986725,0.10066505521535873,0.9960119724273682,0.8927678465843201
YNL038W,YML029W,0,-1.3986855,0.10065491497516632,0.9960119724273682,0.8928678631782532
YNL151C,YGR171C,0,-1.3988472,0.10064477473497391,0.9960119724273682,0.8929678797721863
YDL047W,YMR036C,0,-1.3994563,0.1006346344947815,0.9960119724273682,0.8930678963661194
YNL169C,YBR058C,0,-1.40229,0.10062449425458908,0.9960119724273682,0.8931679725646973
YDR251W,YFL049W,0,-1.4031941,0.10061436146497726,0.9960119724273682,0.8932679891586304
YDL165W,YDR473C,0,-1.4042882,0.10060422867536545,0.9960119724273682,0.8933680057525635
YBR074W,YDL056W,0,-1.4043766,0.10059409588575363,0.9960119724273682,0.8934680223464966
YJL076W,YOR061W,0,-1.4044381,0.10058397054672241,0.9960119724273682,0.8935680985450745
YIL036W,YJR021C,0,-1.4047245,0.10057384520769119,0.9960119724273682,0.8936681151390076
YDR016C,YPR031W,0,-1.4055954,0.10056371986865997,0.9960119724273682,0.8937681317329407
YNL158W,YDR123C,0,-1.4063395,0.10055360198020935,0.9960119724273682,0.8938681483268738
YCR052W,YMR313C,0,-1.4081174,0.10054347664117813,0.9960119724273682,0.8939681649208069
YGL161C,YOL066C,0,-1.4092697,0.10053335875272751,0.9960119724273682,0.8940682411193848
YER164W,YDL089W,0,-1.4112641,0.10052324086427689,0.9960119724273682,0.8941682577133179
YDR339C,YDR318W,0,-1.4127775,0.10051313042640686,0.9960119724273682,0.894268274307251
YNL245C,YDR308C,0,-1.413629,0.10050301998853683,0.9960119724273682,0.8943682909011841
YCR047C,YJL154C,0,-1.413985,0.10049290955066681,0.9960119724273682,0.894468367099762
YAL008W,YGL243W,0,-1.4146541,0.10048279911279678,0.9960119724273682,0.8945683836936951
YOL009C,YCR077C,0,-1.4149941,0.10047269612550735,0.9960119724273682,0.8946684002876282
YOR127W,YPL112C,0,-1.4152638,0.10046259313821793,0.9960119724273682,0.8947684168815613
YBR008C,YCR066W,0,-1.4166516,0.1004524901509285,0.9960119724273682,0.8948684334754944
YDL077C,YNL154C,0,-1.4172882,0.10044238716363907,0.9960119724273682,0.8949685096740723
YHR129C,YJL061W,0,-1.418049,0.10043229162693024,0.9960119724273682,0.8950685262680054
YPL101W,YJR112W,0,-1.4187499,0.1004221960902214,0.9960119724273682,0.8951685428619385
YPL091W,YNL206C,0,-1.4192644,0.10041210055351257,0.9960119724273682,0.8952685594558716
YDR034C,YHL006C,0,-1.4199528,0.10040201246738434,0.9960119724273682,0.8953686356544495
YDR237W,YNL273W,0,-1.4202498,0.1003919169306755,0.9960119724273682,0.8954686522483826
YPR137W,YOR117W,0,-1.4202812,0.10038183629512787,0.9960119724273682,0.8955686688423157
YKL175W,YAL051W,0,-1.420386,0.10037174820899963,0.9960119724273682,0.8956686854362488
YEL003W,YBR261C,0,-1.4210286,0.1003616601228714,0.9960119724273682,0.8957687020301819
YOR163W,YMR273C,0,-1.4230759,0.10035157948732376,0.9960119724273682,0.8958687782287598
YMR075W,YOR212W,0,-1.4235295,0.10034150630235672,0.9960119724273682,0.8959687948226929
YLR425W,YER073W,0,-1.4236783,0.10033142566680908,0.9960119724273682,0.896068811416626
YBR254C,YMR270C,0,-1.4236841,0.10032135248184204,0.9960119724273682,0.8961688280105591
YGL050W,YNL308C,0,-1.4237963,0.100311279296875,0.9960119724273682,0.896268904209137
YPL128C,YDL056W,0,-1.4243289,0.10030120611190796,0.9960119724273682,0.8963689208030701
YOR125C,YPL157W,0,-1.4255494,0.10029113292694092,0.9960119724273682,0.8964689373970032
YLR004C,YLR227C,0,-1.4259393,0.10028106719255447,0.9960119724273682,0.8965689539909363
YDR358W,YGR179C,0,-1.428169,0.10027100145816803,0.9960119724273682,0.8966690301895142
YKL212W,YOL095C,0,-1.4282341,0.10026093572378159,0.9960119724273682,0.8967690467834473
YMR026C,YMR301C,0,-1.4282852,0.10025087743997574,0.9960119724273682,0.8968690633773804
YOL044W,YPR032W,0,-1.4296209,0.10024081915616989,0.9960119724273682,0.8969690799713135
YER090W,YHR119W,0,-1.4308399,0.10023076087236404,0.9960119724273682,0.8970690965652466
YOL124C,YBR264C,0,-1.4310039,0.1002207025885582,0.9960119724273682,0.8971691727638245
YNR022C,YGR004W,0,-1.4315664,0.10021065175533295,0.9960119724273682,0.8972691893577576
YDL220C,YDR460W,0,-1.4316794,0.1002006009221077,0.9960119724273682,0.8973692059516907
YDR057W,YDR166C,0,-1.4322127,0.10019055008888245,0.9960119724273682,0.8974692225456238
YPL060W,YLR051C,0,-1.4346247,0.10018050670623779,0.9960119724273682,0.8975692987442017
YPR057W,YDL035C,0,-1.4351399,0.10017046332359314,0.9960119724273682,0.8976693153381348
YJR089W,YBR123C,0,-1.4357462,0.10016041994094849,0.9960119724273682,0.8977693319320679
YGR246C,YLR139C,0,-1.4358166,0.10015037655830383,0.9960119724273682,0.897869348526001
YIL042C,YDR419W,0,-1.4375628,0.10014033317565918,0.9960119724273682,0.8979693651199341
YGR227W,YER123W,0,-1.4380852,0.10013029724359512,0.9960119724273682,0.898069441318512
YCR011C,YDL101C,0,-1.4386066,0.10012026131153107,0.9960119724273682,0.8981694579124451
YOR189W,YNL154C,0,-1.4396838,0.10011023283004761,0.9960119724273682,0.8982694745063782
YKL139W,YOL051W,0,-1.4397479,0.10010019689798355,0.9960119724273682,0.8983694911003113
YOR046C,YJR021C,0,-1.4400392,0.10009016841650009,0.9960119724273682,0.8984695672988892
YOR381W,YKR029C,0,-1.4408907,0.10008014738559723,0.9960119724273682,0.8985695838928223
YLR078C,YIL008W,0,-1.441493,0.10007011890411377,0.9960119724273682,0.8986696004867554
YKL032C,YNL124W,0,-1.4419745,0.10006009787321091,0.9960119724273682,0.8987696170806885
YER116C,YJR035W,0,-1.4434257,0.10005007684230804,0.9960119724273682,0.8988696336746216
YDR137W,YLR118C,0,-1.4448484,0.10004005581140518,0.9960119724273682,0.8989697098731995
YPR112C,YLR274W,0,-1.4449235,0.10003004223108292,0.9960119724273682,0.8990697264671326
YHR085W,YPR184W,0,-1.4466681,0.10002002120018005,0.9960119724273682,0.8991697430610657
YFL002C,YOR026W,0,-1.4474926,0.10001000761985779,0.9960119724273682,0.8992697596549988
YNR054C,YLL022C,0,-1.4476703,0.10000000149011612,0.9960119724273682,0.8993698358535767
YBR135W,YDR060W,0,-1.4493068,0.09998998790979385,0.9960119724273682,0.8994698524475098
YGL227W,YNL206C,0,-1.4497765,0.09997998178005219,0.9960119724273682,0.8995698690414429
YMR047C,YHR167W,0,-1.4506307,0.09996997565031052,0.9960119724273682,0.899669885635376
YPL063W,YBR278W,0,-1.4512845,0.09995997697114944,0.9960119724273682,0.8997699022293091
YLR167W,YJL052W,0,-1.4520653,0.09994997829198837,0.9960119724273682,0.899869978427887
YIL036W,YER068W,0,-1.4520935,0.0999399796128273,0.9960119724273682,0.8999699950218201
YGL002W,YNL039W,0,-1.4521893,0.09992998093366623,0.9960119724273682,0.9000700116157532
YOL078W,YHR154W,0,-1.4521908,0.09991998225450516,0.9960119724273682,0.9001700282096863
YKL103C,YBR171W,0,-1.4525849,0.09990999102592468,0.9960119724273682,0.9002701044082642
YPL046C,YNL230C,0,-1.45495,0.09989999979734421,0.9960119724273682,0.9003701210021973
YJR058C,YBL089W,0,-1.4578574,0.09989000856876373,0.9960119724273682,0.9004701375961304
YPL002C,YBL033C,0,-1.4589808,0.09988002479076385,0.9960119724273682,0.9005701541900635
YCR072C,YGR271W,0,-1.4596562,0.09987004101276398,0.9960119724273682,0.9006702303886414
YDR422C,YLR382C,0,-1.4598018,0.0998600572347641,0.9960119724273682,0.9007702469825745
YBL014C,YGL035C,0,-1.460469,0.09985007345676422,0.9960119724273682,0.9008702635765076
YDL111C,YHR017W,0,-1.460709,0.09984009712934494,0.9960119724273682,0.9009702801704407
YPR029C,YBL089W,0,-1.4607166,0.09983012080192566,0.9960119724273682,0.9010702967643738
YDR207C,YER112W,0,-1.4636312,0.09982014447450638,0.9960119724273682,0.9011703729629517
YLR119W,YGR135W,0,-1.463729,0.0998101681470871,0.9960119724273682,0.9012703895568848
YBR050C,YLR403W,0,-1.4642693,0.09980019927024841,0.9960119724273682,0.9013704061508179
YCL063W,YCR063W,0,-1.4647183,0.09979023039340973,0.9960119724273682,0.901470422744751
YDR295C,YMR024W,0,-1.4656743,0.09978026151657104,0.9960119724273682,0.9015704989433289
YGL090W,YGL048C,0,-1.4666264,0.09977030009031296,0.9960119724273682,0.901670515537262
YDR207C,YGL107C,0,-1.4669805,0.09976033866405487,0.9960119724273682,0.9017705321311951
YOR124C,YGL066W,0,-1.4677771,0.09975037723779678,0.9960119724273682,0.9018705487251282
YGR288W,YNL225C,0,-1.4680005,0.0997404158115387,0.9960119724273682,0.9019705653190613
YLR368W,YDR105C,0,-1.4682021,0.0997304618358612,0.9960119724273682,0.9020706415176392
YHR044C,YOR017W,0,-1.4682723,0.09972050040960312,0.9960119724273682,0.9021706581115723
YMR100W,YJR099W,0,-1.4689728,0.09971054643392563,0.9960119724273682,0.9022706747055054
YBR091C,YBR264C,0,-1.4705027,0.09970059990882874,0.9960119724273682,0.9023706912994385
YHR114W,YLR139C,0,-1.4716634,0.09969064593315125,0.9960119724273682,0.9024707674980164
YML095C,YDR419W,0,-1.4716905,0.09968069940805435,0.9960119724273682,0.9025707840919495
YOR198C,YGR091W,0,-1.4717821,0.09967076033353806,0.9960119724273682,0.9026708006858826
YHR207C,YER018C,0,-1.4720857,0.09966081380844116,0.9960119724273682,0.9027708172798157
YOL135C,YPL254W,0,-1.4724344,0.09965087473392487,0.9960119724273682,0.9028708338737488
YNL259C,YKR024C,0,-1.4734656,0.09964093565940857,0.9960119724273682,0.9029709100723267
YPL001W,YMR216C,0,-1.4740995,0.09963099658489227,0.9960119724273682,0.9030709266662598
YBR276C,YCR046C,0,-1.4749056,0.09962105751037598,0.9960119724273682,0.9031709432601929
YMR225C,YPL215W,0,-1.4756241,0.09961112588644028,0.9960119724273682,0.903270959854126
YOR336W,YGR275W,0,-1.4756472,0.09960119426250458,0.9960119724273682,0.9033710360527039
YAL026C,YKL130C,0,-1.4771038,0.09959127008914948,0.9960119724273682,0.903471052646637
YAL007C,YIL068C,0,-1.4779772,0.09958133846521378,0.9960119724273682,0.9035710692405701
YOR130C,YHR178W,0,-1.4782828,0.09957141429185867,0.9960119724273682,0.9036710858345032
YEL003W,YGR169C,0,-1.4786392,0.09956149011850357,0.9960119724273682,0.9037711024284363
YDR244W,YDL029W,0,-1.4789616,0.09955156594514847,0.9960119724273682,0.9038711786270142
YBL004W,YPL101W,0,-1.4797568,0.09954164922237396,0.9960119724273682,0.9039711952209473
YBR276C,YOR332W,0,-1.479932,0.09953173249959946,0.9960119724273682,0.9040712118148804
YOR322C,YNL186W,0,-1.4820487,0.09952181577682495,0.9960119724273682,0.9041712284088135
YPL084W,YGR171C,0,-1.4826026,0.09951190650463104,0.9960119724273682,0.9042713046073914
YER118C,YOL105C,0,-1.4839717,0.09950198978185654,0.9960119724273682,0.9043713212013245
YLR305C,YOL115W,0,-1.4843866,0.09949208050966263,0.9960119724273682,0.9044713377952576
YBR276C,YDL235C,0,-1.4855987,0.09948217123746872,0.9960119724273682,0.9045713543891907
YCR026C,YMR153W,0,-1.4856287,0.09947226941585541,0.9960119724273682,0.9046714305877686
YPL214C,YDR356W,0,-1.48601,0.0994623675942421,0.9960119724273682,0.9047714471817017
YOR083W,YML046W,0,-1.4868582,0.09945246577262878,0.9960119724273682,0.9048714637756348
YOR078W,YJL024C,0,-1.4876319,0.09944256395101547,0.9960119724273682,0.9049714803695679
YBR131W,YHR065C,0,-1.4884986,0.09943266957998276,0.9960119724273682,0.905071496963501
YPR105C,YJL156C,0,-1.4886032,0.09942276775836945,0.9960119724273682,0.9051715731620789
YDL077C,YDR330W,0,-1.4887242,0.09941287338733673,0.9960119724273682,0.905271589756012
YML021C,YBR057C,0,-1.4889153,0.09940298646688461,0.9960119724273682,0.9053716063499451
YFL033C,YEL061C,0,-1.4889766,0.0993930920958519,0.9960119724273682,0.9054716229438782
YDR201W,YDR379W,0,-1.4892648,0.09938320517539978,0.9960119724273682,0.905571699142456
YLR405W,YBR216C,0,-1.4894991,0.09937331825494766,0.9960119724273682,0.9056717157363892
YOL148C,YAL056W,0,-1.4899882,0.09936343878507614,0.9960119724273682,0.9057717323303223
YPR046W,YML103C,0,-1.4915512,0.09935355186462402,0.9960119724273682,0.9058717489242554
YPR189W,YLR399C,0,-1.4916905,0.0993436723947525,0.9960119724273682,0.9059717655181885
YLR077W,YNL263C,0,-1.4922037,0.09933380037546158,0.9960119724273682,0.9060718417167664
YGL228W,YBR095C,0,-1.4927088,0.09932392090559006,0.9960119724273682,0.9061718583106995
YHR187W,YDR126W,0,-1.4929209,0.09931404888629913,0.9960119724273682,0.9062718749046326
YKL024C,YJR017C,0,-1.4930937,0.09930417686700821,0.9960119724273682,0.9063718914985657
YOR001W,YHR090C,0,-1.4932748,0.09929430484771729,0.9960119724273682,0.9064719676971436
YLR078C,YEL004W,0,-1.4933629,0.09928443282842636,0.9960119724273682,0.9065719842910767
YBR021W,YJR089W,0,-1.4947397,0.09927456825971603,0.9960119724273682,0.9066720008850098
YBR248C,YOL078W,0,-1.4957494,0.0992647036910057,0.9960119724273682,0.9067720174789429
YOR185C,YNR039C,0,-1.495803,0.09925484657287598,0.9960119724273682,0.906872034072876
YGR270W,YPL064C,0,-1.4964334,0.09924498200416565,0.9960119724273682,0.9069721102714539
YFL023W,YPR093C,0,-1.4969584,0.09923512488603592,0.9960119724273682,0.907072126865387
YMR288W,YDR168W,0,-1.4974427,0.09922526776790619,0.9960119724273682,0.9071721434593201
YBR094W,YPL022W,0,-1.4974743,0.09921541064977646,0.9960119724273682,0.9072721600532532
YML012W,YDR386W,0,-1.4979147,0.09920556098222733,0.9960119724273682,0.907372236251831
YGL257C,YNL062C,0,-1.4979626,0.09919571131467819,0.9960119724273682,0.9074722528457642
YHR149C,YDR294C,0,-1.4992853,0.09918586164712906,0.9960119724273682,0.9075722694396973
YMR198W,YFL018C,0,-1.5011047,0.09917601197957993,0.9960119724273682,0.9076722860336304
YBL015W,YDR466W,0,-1.5017097,0.09916616976261139,0.9960119724273682,0.9077723026275635
YLR085C,YPL215W,0,-1.5017964,0.09915632754564285,0.9960119724273682,0.9078723788261414
YJL112W,YPL175W,0,-1.5034543,0.09914648532867432,0.9960119724273682,0.9079723954200745
YOR320C,YLR246W,0,-1.503546,0.09913665056228638,0.9960119724273682,0.9080724120140076
YLR313C,YBL018C,0,-1.5037259,0.09912680834531784,0.9960119724273682,0.9081724286079407
YGR169C,YKR007W,0,-1.5043052,0.0991169735789299,0.9960119724273682,0.9082725048065186
YOR192C,YDL007W,0,-1.505463,0.09910714626312256,0.9960119724273682,0.9083725214004517
YOR010C,YJR150C,1,-1.5055207,0.09919650852680206,0.9970089793205261,0.9083725214004517
YOR026W,YML078W,0,-1.5061437,0.09918666630983353,0.9970089793205261,0.9084725379943848
YER120W,YLR207W,0,-1.506293,0.09917683154344559,0.9970089793205261,0.9085725545883179
YOL054W,YOR130C,0,-1.5064206,0.09916699677705765,0.9970089793205261,0.9086726307868958
YPL040C,YGR271W,0,-1.5064785,0.09915716201066971,0.9970089793205261,0.9087726473808289
YBR070C,YLR433C,0,-1.506801,0.09914733469486237,0.9970089793205261,0.908872663974762
YOR216C,YOR320C,0,-1.50777,0.09913750737905502,0.9970089793205261,0.9089726805686951
YIL042C,YBR122C,0,-1.5077711,0.09912768006324768,0.9970089793205261,0.9090726971626282
YKR067W,YJR144W,0,-1.5078542,0.09911785274744034,0.9970089793205261,0.909172773361206
YLR119W,YGR062C,0,-1.5081855,0.099108025431633,0.9970089793205261,0.9092727899551392
YER155C,YDR204W,0,-1.5095605,0.09909820556640625,0.9970089793205261,0.9093728065490723
YGR096W,YOL146W,0,-1.5100752,0.0990883857011795,0.9970089793205261,0.9094728231430054
YKR072C,YLR404W,0,-1.5110263,0.09907856583595276,0.9970089793205261,0.9095728993415833
YDR067C,YOR090C,0,-1.5114722,0.09906875342130661,0.9970089793205261,0.9096729159355164
YDR420W,YIL137C,0,-1.512361,0.09905894100666046,0.9970089793205261,0.9097729325294495
YNL038W,YKL041W,0,-1.5132564,0.09904912859201431,0.9970089793205261,0.9098729491233826
YOR196C,YDR466W,0,-1.5138943,0.09903931617736816,0.9970089793205261,0.9099729657173157
YDR295C,YOR213C,0,-1.5146855,0.09902951121330261,0.9970089793205261,0.9100730419158936
YMR163C,YDR318W,0,-1.5153258,0.09901970624923706,0.9970089793205261,0.9101730585098267
YDR351W,YOR061W,0,-1.5154501,0.09900990128517151,0.9970089793205261,0.9102730751037598
YCR052W,YGR276C,0,-1.5162331,0.09900009632110596,0.9970089793205261,0.9103730916976929
YMR067C,YKL057C,0,-1.5169435,0.098990298807621,0.9970089793205261,0.9104731678962708
YKL175W,YBR278W,0,-1.5183187,0.09898050129413605,0.9970089793205261,0.9105731844902039
YPL010W,YOR030W,0,-1.5185704,0.09897070378065109,0.9970089793205261,0.910673201084137
YLR380W,YLR262C,0,-1.5189184,0.09896091371774673,0.9970089793205261,0.9107732176780701
YMR097C,YGL002W,0,-1.5192379,0.09895111620426178,0.9970089793205261,0.9108732342720032
YDL231C,YOR148C,0,-1.519646,0.09894132614135742,0.9970089793205261,0.910973310470581
YNR037C,YDR448W,0,-1.5197397,0.09893153607845306,0.9970089793205261,0.9110733270645142
YGR096W,YGR244C,0,-1.5218354,0.0989217534661293,0.9970089793205261,0.9111733436584473
YHR091C,YBR083W,0,-1.5223013,0.09891197085380554,0.9970089793205261,0.9112733602523804
YKL139W,YCR083W,0,-1.5225881,0.09890218824148178,0.9970089793205261,0.9113734364509583
YDR469W,YLR389C,0,-1.5231682,0.09889240562915802,0.9970089793205261,0.9114734530448914
YBL085W,YOR130C,0,-1.523631,0.09888262301683426,0.9970089793205261,0.9115734696388245
YHR204W,YDR146C,0,-1.5241029,0.0988728478550911,0.9970089793205261,0.9116734862327576
YBR136W,YPL227C,0,-1.524177,0.09886307269334793,0.9970089793205261,0.9117735028266907
YOR094W,YER179W,0,-1.5243453,0.09885330498218536,0.9970089793205261,0.9118735790252686
YDR376W,YHR134W,0,-1.5246127,0.0988435298204422,0.9970089793205261,0.9119735956192017
YMR197C,YEL063C,0,-1.5259433,0.09883376210927963,0.9970089793205261,0.9120736122131348
YNL159C,YGL203C,0,-1.5259475,0.09882399439811707,0.9970089793205261,0.9121736288070679
YDR244W,YKR022C,0,-1.5271047,0.0988142266869545,0.9970089793205261,0.9122737050056458
YMR067C,YOR380W,0,-1.5315293,0.09880446642637253,0.9970089793205261,0.9123737215995789
YMR235C,YOR193W,0,-1.5324811,0.09879470616579056,0.9970089793205261,0.912473738193512
YBL080C,YBL058W,0,-1.5333318,0.09878494590520859,0.9970089793205261,0.9125737547874451
YDR332W,YOR090C,0,-1.5334345,0.09877518564462662,0.9970089793205261,0.912673830986023
YNL149C,YFR038W,0,-1.5342834,0.09876543283462524,0.9970089793205261,0.912773847579956
YPL015C,YOR217W,0,-1.5350586,0.09875568002462387,0.9970089793205261,0.9128738641738892
YJR006W,YDL029W,0,-1.535227,0.0987459272146225,0.9970089793205261,0.9129738807678223
YPL207W,YNL188W,0,-1.5352461,0.09873617440462112,0.9970089793205261,0.9130738973617554
YDR211W,YPR082C,0,-1.5354203,0.09872642904520035,0.9970089793205261,0.9131739735603333
YPL112C,YBR017C,0,-1.5365878,0.09871668368577957,0.9970089793205261,0.9132739901542664
YKL112W,YBR003W,0,-1.5370721,0.0987069383263588,0.9970089793205261,0.9133740067481995
YPR083W,YLR382C,0,-1.5371944,0.09869720041751862,0.9970089793205261,0.9134740233421326
YNL264C,YFR002W,0,-1.5386008,0.09868745505809784,0.9970089793205261,0.9135740995407104
YDR507C,YPR107C,0,-1.5399002,0.09867771714925766,0.9970089793205261,0.9136741161346436
YNL206C,YBR004C,0,-1.5422615,0.09866797924041748,0.9970089793205261,0.9137741327285767
YDR410C,YHR090C,0,-1.5430392,0.0986582487821579,0.9970089793205261,0.9138741493225098
YFR022W,YBR129C,0,-1.5433903,0.09864851832389832,0.9970089793205261,0.9139741659164429
YDL080C,YNR028W,0,-1.5440353,0.09863878786563873,0.9970089793205261,0.9140742421150208
YDR205W,YER173W,0,-1.544523,0.09862905740737915,0.9970089793205261,0.9141742587089539
YOR368W,YPR086W,0,-1.545363,0.09861932694911957,0.9970089793205261,0.914274275302887
YDR047W,YFL036W,0,-1.5460054,0.09860960394144058,0.9970089793205261,0.9143742918968201
YGL011C,YPL139C,0,-1.5460848,0.0985998809337616,0.9970089793205261,0.914474368095398
YLR357W,YPL164C,0,-1.5464605,0.09859015792608261,0.9970089793205261,0.914574384689331
YBR119W,YOL148C,0,-1.5478189,0.09858044236898422,0.9970089793205261,0.9146744012832642
YBR022W,YIR021W,0,-1.5483242,0.09857072681188583,0.9970089793205261,0.9147744178771973
YMR109W,YPR086W,0,-1.549136,0.09856101125478745,0.9970089793205261,0.9148744344711304
YDR416W,YIL157C,0,-1.5492269,0.09855129569768906,0.9970089793205261,0.9149745106697083
YER017C,YML046W,0,-1.5495344,0.09854158759117126,0.9970089793205261,0.9150745272636414
YDL138W,YEL056W,0,-1.5498568,0.09853187203407288,0.9970089793205261,0.9151745438575745
YGR156W,YGR178C,0,-1.5503263,0.09852216392755508,0.9970089793205261,0.9152745604515076
YMR023C,YAL055W,0,-1.5505886,0.09851246327161789,0.9970089793205261,0.9153746366500854
YHL019C,YDR457W,0,-1.5508447,0.0985027551651001,0.9970089793205261,0.9154746532440186
YNL137C,YDR362C,0,-1.5512687,0.0984930545091629,0.9970089793205261,0.9155746698379517
YLR318W,YNL072W,0,-1.552487,0.09848335385322571,0.9970089793205261,0.9156746864318848
YIR004W,YHR198C,0,-1.5533568,0.09847366064786911,0.9970089793205261,0.9157747030258179
YMR019W,YGR133W,0,-1.5546416,0.09846395999193192,0.9970089793205261,0.9158747792243958
YHR109W,YGR215W,0,-1.555055,0.09845426678657532,0.9970089793205261,0.9159747958183289
YNL204C,YJL140W,0,-1.5551925,0.09844457358121872,0.9970089793205261,0.916074812412262
YML069W,YDR096W,0,-1.5565865,0.09843488782644272,0.9970089793205261,0.9161748290061951
YKR095W,YNL164C,0,-1.5575508,0.09842519462108612,0.9970089793205261,0.916274905204773
YDR034C,YGL107C,0,-1.5583988,0.09841550886631012,0.9970089793205261,0.916374921798706
YOR141C,YER133W,0,-1.5594949,0.09840582311153412,0.9970089793205261,0.9164749383926392
YDR490C,YJR013W,0,-1.5603458,0.09839614480733871,0.9970089793205261,0.9165749549865723
YLR176C,YIL154C,0,-1.5633739,0.09838645905256271,0.9970089793205261,0.9166750311851501
YCR037C,YMR171C,0,-1.5648204,0.09837678074836731,0.9970089793205261,0.9167750477790833
YMR228W,YDR320C,0,-1.5665742,0.0983671024441719,0.9970089793205261,0.9168750643730164
YOL033W,YIL135C,0,-1.5669466,0.0983574315905571,0.9970089793205261,0.9169750809669495
YMR284W,YPR073C,0,-1.5672206,0.09834776073694229,0.9970089793205261,0.9170750975608826
YBL025W,YNR048W,0,-1.5674416,0.09833808988332748,0.9970089793205261,0.9171751737594604
YKL012W,YGL105W,0,-1.5694734,0.09832841902971268,0.9970089793205261,0.9172751903533936
YOR258W,YDL088C,0,-1.5696149,0.09831874817609787,0.9970089793205261,0.9173752069473267
YER046W,YAR018C,0,-1.5697485,0.09830908477306366,0.9970089793205261,0.9174752235412598
YBR152W,YOR037W,0,-1.5698351,0.09829942137002945,0.9970089793205261,0.9175752997398376
YMR211W,YIR021W,0,-1.5707024,0.09828975796699524,0.9970089793205261,0.9176753163337708
YGL223C,YOR077W,0,-1.5717298,0.09828009456396103,0.9970089793205261,0.9177753329277039
YKL129C,YOR046C,0,-1.572114,0.09827043861150742,0.9970089793205261,0.917875349521637
YIL036W,YIR024C,0,-1.5726837,0.0982607826590538,0.9970089793205261,0.9179753661155701
YAR042W,YOR179C,0,-1.5733944,0.09825112670660019,0.9970089793205261,0.918075442314148
YNL216W,YNL227C,0,-1.5740591,0.09824147820472717,0.9970089793205261,0.918175458908081
YNR022C,YJL030W,0,-1.5753083,0.09823182970285416,0.9970089793205261,0.9182754755020142
YGL213C,YLR396C,0,-1.5763552,0.09822218120098114,0.9970089793205261,0.9183754920959473
YDR183W,YDL160C,0,-1.577666,0.09821253269910812,0.9970089793205261,0.9184755682945251
YBL076C,YOR198C,0,-1.5791382,0.09820288419723511,0.9970089793205261,0.9185755848884583
YDR532C,YHR175W,0,-1.5791506,0.09819324314594269,0.9970089793205261,0.9186756014823914
YLR166C,YGR154C,0,-1.5793201,0.09818360209465027,0.9970089793205261,0.9187756180763245
YDL161W,YER168C,0,-1.5793467,0.09817396104335785,0.9970089793205261,0.9188756346702576
YLR115W,YDL019C,0,-1.5803226,0.09816432744264603,0.9970089793205261,0.9189757108688354
YLR014C,YLR234W,0,-1.5809435,0.0981546938419342,0.9970089793205261,0.9190757274627686
YER083C,YHR077C,0,-1.5810143,0.09814506024122238,0.9970089793205261,0.9191757440567017
YNL323W,YKL140W,0,-1.5814415,0.09813542664051056,0.9970089793205261,0.9192757606506348
YAL024C,YOL038W,0,-1.58274,0.09812580049037933,0.9970089793205261,0.9193758368492126
YAL024C,YKL025C,0,-1.5853995,0.09811616688966751,0.9970089793205261,0.9194758534431458
YBL093C,YER013W,0,-1.5859821,0.09810654073953629,0.9970089793205261,0.9195758700370789
YDR148C,YER151C,0,-1.5863208,0.09809692203998566,0.9970089793205261,0.919675886631012
YDR397C,YOR017W,0,-1.5864193,0.09808729588985443,0.9970089793205261,0.9197759032249451
YBR119W,YDR244W,0,-1.5865017,0.0980776771903038,0.9970089793205261,0.919875979423523
YBR131W,YOR079C,0,-1.5868673,0.09806805849075317,0.9970089793205261,0.919975996017456
YML023C,YDR371W,0,-1.5893666,0.09805843979120255,0.9970089793205261,0.9200760126113892
YDL142C,YGR229C,0,-1.5901597,0.09804882854223251,0.9970089793205261,0.9201760292053223
YGR208W,YAR002W,0,-1.5907255,0.09803921729326248,0.9970089793205261,0.9202761054039001
YIL021W,YOR037W,0,-1.5909543,0.09802960604429245,0.9970089793205261,0.9203761219978333
YFR038W,YLR417W,0,-1.5912036,0.09801999479532242,0.9970089793205261,0.9204761385917664
YOL021C,YDR066C,0,-1.5913782,0.09801039099693298,0.9970089793205261,0.9205761551856995
YOR371C,YMR171C,0,-1.5924603,0.09800078719854355,0.9970089793205261,0.9206762313842773
YDL142C,YHR156C,0,-1.5935364,0.09799118340015411,0.9970089793205261,0.9207762479782104
YDR268W,YDR473C,0,-1.5940177,0.09798157960176468,0.9970089793205261,0.9208762645721436
YOR191W,YPL042C,0,-1.5978673,0.09797198325395584,0.9970089793205261,0.9209762811660767
YHR172W,YKR022C,0,-1.5999826,0.0979623794555664,0.9970089793205261,0.9210762977600098
YDR195W,YDR206W,0,-1.6004297,0.09795278310775757,0.9970089793205261,0.9211763739585876
YPL060W,YMR047C,0,-1.6005337,0.09794319421052933,0.9970089793205261,0.9212763905525208
YPL097W,YHL009C,0,-1.6006442,0.09793359786272049,0.9970089793205261,0.9213764071464539
YHR091C,YAL051W,0,-1.6009341,0.09792400896549225,0.9970089793205261,0.921476423740387
YJR058C,YER036C,0,-1.6053478,0.09791442006826401,0.9970089793205261,0.9215764999389648
YBR128C,YAL028W,0,-1.6053818,0.09790483862161636,0.9970089793205261,0.921676516532898
YJL097W,YGR264C,0,-1.6053885,0.09789524972438812,0.9970089793205261,0.921776533126831
YDL120W,YOL038W,0,-1.6058435,0.09788566827774048,0.9970089793205261,0.9218765497207642
YBL007C,YOR307C,0,-1.6060482,0.09787608683109283,0.9970089793205261,0.9219765663146973
YIR021W,YOL145C,0,-1.6088011,0.09786651283502579,0.9970089793205261,0.9220766425132751
YER075C,YLR020C,0,-1.6088816,0.09785693138837814,0.9970089793205261,0.9221766591072083
YGR020C,YDR098C,0,-1.6089448,0.0978473573923111,0.9970089793205261,0.9222766757011414
YER015W,YGL005C,0,-1.6091686,0.09783778339624405,0.9970089793205261,0.9223766922950745
YMR012W,YFR014C,0,-1.6104842,0.0978282168507576,0.9970089793205261,0.9224767684936523
YDR251W,YER083C,0,-1.6109961,0.09781864285469055,0.9970089793205261,0.9225767850875854
YCR002C,YJR033C,0,-1.6114362,0.0978090763092041,0.9970089793205261,0.9226768016815186
YNL119W,YOL066C,0,-1.6120251,0.09779950976371765,0.9970089793205261,0.9227768182754517
YBR131W,YML099C,0,-1.6120483,0.0977899506688118,0.9970089793205261,0.9228768348693848
YMR092C,YNR023W,0,-1.6122748,0.09778038412332535,0.9970089793205261,0.9229769110679626
YOR359W,YEL005C,0,-1.6137396,0.0977708250284195,0.9970089793205261,0.9230769276618958
YBL084C,YDL059C,0,-1.6138358,0.09776126593351364,0.9970089793205261,0.9231769442558289
YPL157W,YMR213W,0,-1.6144131,0.09775171428918839,0.9970089793205261,0.923276960849762
YIL063C,YOR192C,0,-1.6146313,0.09774215519428253,0.9970089793205261,0.9233770370483398
YAL011W,YBR094W,0,-1.6155573,0.09773260354995728,0.9970089793205261,0.923477053642273
YER022W,YBR003W,0,-1.6175388,0.09772305190563202,0.9970089793205261,0.923577070236206
YJR055W,YMR220W,0,-1.61821,0.09771350771188736,0.9970089793205261,0.9236770868301392
YOL009C,YLR330W,0,-1.6189104,0.0977039560675621,0.9970089793205261,0.9237771034240723
YER157W,YGR246C,0,-1.6195434,0.09769441187381744,0.9970089793205261,0.9238771796226501
YOL001W,YKR007W,0,-1.6199732,0.09768486768007278,0.9970089793205261,0.9239771962165833
YJL111W,YBR216C,0,-1.6202489,0.09767533093690872,0.9970089793205261,0.9240772128105164
YPR111W,YHR088W,0,-1.6212698,0.09766578674316406,0.9970089793205261,0.9241772294044495
YGR112W,YBR133C,0,-1.6224072,0.09765625,0.9970089793205261,0.9242773056030273
YLR315W,YHR038W,0,-1.6224126,0.09764671325683594,0.9970089793205261,0.9243773221969604
YGL131C,YOR017W,0,-1.6233337,0.09763717651367188,0.9970089793205261,0.9244773387908936
YDL111C,YOR188W,0,-1.6251689,0.09762764722108841,0.9970089793205261,0.9245773553848267
YOR125C,YGL092W,0,-1.6253128,0.09761811792850494,0.9970089793205261,0.9246774315834045
YDR200C,YOR083W,0,-1.6255152,0.09760858863592148,0.9970089793205261,0.9247774481773376
YOR094W,YIL118W,0,-1.6262889,0.09759905934333801,0.9970089793205261,0.9248774647712708
YPL190C,YPL243W,0,-1.6265521,0.09758953750133514,0.9970089793205261,0.9249774813652039
YLR320W,YNL006W,0,-1.6272906,0.09758001565933228,0.9970089793205261,0.925077497959137
YNR013C,YGL044C,0,-1.6274556,0.0975704938173294,0.9970089793205261,0.9251775741577148
YHR132C,YJR004C,1,-1.6279947,0.09765853732824326,0.9980059862136841,0.9251775741577148
YGL029W,YML076C,0,-1.6284333,0.09764900803565979,0.9980059862136841,0.925277590751648
YDL239C,YBL033C,0,-1.6298459,0.09763948619365692,0.9980059862136841,0.925377607345581
YDR527W,YLL003W,0,-1.6316721,0.09762996435165405,0.9980059862136841,0.9254776239395142
YJL092W,YMR216C,0,-1.6322182,0.09762044250965118,0.9980059862136841,0.925577700138092
YBL037W,YGR271C-A,0,-1.632382,0.09761092066764832,0.9980059862136841,0.9256777167320251
YMR163C,YJR010C-A,0,-1.6327305,0.09760140627622604,0.9980059862136841,0.9257777333259583
YDL099W,YGR089W,0,-1.6347376,0.09759189188480377,0.9980059862136841,0.9258777499198914
YPR162C,YDR103W,0,-1.6349654,0.0975823774933815,0.9980059862136841,0.9259777665138245
YLR405W,YLR389C,0,-1.6351393,0.09757286310195923,0.9980059862136841,0.9260778427124023
YKL124W,YOR174W,0,-1.6351811,0.09756335616111755,0.9980059862136841,0.9261778593063354
YOL138C,YOL141W,0,-1.635307,0.09755384176969528,0.9980059862136841,0.9262778759002686
YKL140W,YGR195W,0,-1.6354487,0.09754433482885361,0.9980059862136841,0.9263778924942017
YHR120W,YDL089W,0,-1.6378402,0.09753483533859253,0.9980059862136841,0.9264779686927795
YDL013W,YJR125C,0,-1.6387042,0.09752532839775085,0.9980059862136841,0.9265779852867126
YOL026C,YGL110C,0,-1.638826,0.09751582890748978,0.9980059862136841,0.9266780018806458
YBR228W,YLR417W,0,-1.6391715,0.0975063294172287,0.9980059862136841,0.9267780184745789
YOR358W,YNL188W,0,-1.6393936,0.09749683737754822,0.9980059862136841,0.926878035068512
YNL139C,YGR276C,0,-1.6394928,0.09748733788728714,0.9980059862136841,0.9269781112670898
YPR083W,YHR134W,0,-1.6426712,0.09747784584760666,0.9980059862136841,0.927078127861023
YLR394W,YPR166C,0,-1.6431664,0.09746835380792618,0.9980059862136841,0.927178144454956
YER142C,YPL011C,0,-1.6460065,0.0974588617682457,0.9980059862136841,0.9272781610488892
YOR148C,YOL001W,0,-1.6483856,0.09744937717914581,0.9980059862136841,0.927378237247467
YJL123C,YGR271W,0,-1.650871,0.09743989259004593,0.9980059862136841,0.9274782538414001
YOR367W,YDL045C,0,-1.6518697,0.09743040800094604,0.9980059862136841,0.9275782704353333
YJR084W,YDL120W,0,-1.6519009,0.09742092341184616,0.9980059862136841,0.9276782870292664
YGR178C,YFR014C,0,-1.6523163,0.09741144627332687,0.9980059862136841,0.9277783632278442
YGR165W,YMR311C,0,-1.6534549,0.09740196913480759,0.9980059862136841,0.9278783798217773
YOR216C,YDR144C,0,-1.653602,0.0973924919962883,0.9980059862136841,0.9279783964157104
YLL048C,YGR262C,0,-1.6536115,0.09738301485776901,0.9980059862136841,0.9280784130096436
YHR059W,YLR383W,0,-1.6553198,0.09737353771924973,0.9980059862136841,0.9281784296035767
YIR004W,YLR423C,0,-1.655945,0.09736406803131104,0.9980059862136841,0.9282785058021545
YGR101W,YDR069C,0,-1.6584349,0.09735459834337234,0.9980059862136841,0.9283785223960876
YBL052C,YDR198C,0,-1.6600105,0.09734513610601425,0.9980059862136841,0.9284785389900208
YHR156C,YDR482C,0,-1.6607708,0.09733566641807556,0.9980059862136841,0.9285785555839539
YFR024C-A,YIL038C,0,-1.6622325,0.09732620418071747,0.9980059862136841,0.9286786317825317
YPL050C,YDR427W,0,-1.6628541,0.09731674194335938,0.9980059862136841,0.9287786483764648
YCR066W,YMR283C,0,-1.664759,0.09730727970600128,0.9980059862136841,0.928878664970398
YBR129C,YNR048W,0,-1.666622,0.09729782491922379,0.9980059862136841,0.928978681564331
YER183C,YKR037C,0,-1.6672617,0.09728836268186569,0.9980059862136841,0.9290786981582642
YDL150W,YER123W,0,-1.6672767,0.0972789078950882,0.9980059862136841,0.929178774356842
YDR495C,YLR130C,0,-1.6687775,0.0972694605588913,0.9980059862136841,0.9292787909507751
YFR033C,YGR140W,0,-1.6717604,0.0972600057721138,0.9980059862136841,0.9293788075447083
YPL167C,YLR431C,0,-1.6725689,0.0972505584359169,0.9980059862136841,0.9294788241386414
YMR041C,YDR393W,0,-1.6735953,0.09724111109972,0.9980059862136841,0.9295789003372192
YLR103C,YJR074W,0,-1.6748534,0.0972316637635231,0.9980059862136841,0.9296789169311523
YIL003W,YGR005C,0,-1.6780354,0.0972222238779068,0.9980059862136841,0.9297789335250854
YLL035W,YOR115C,0,-1.6785011,0.0972127839922905,0.9980059862136841,0.9298789501190186
YOL072W,YOR191W,0,-1.6786926,0.0972033441066742,0.9980059862136841,0.9299789667129517
YDL106C,YPR095C,0,-1.6801015,0.09719390422105789,0.9980059862136841,0.9300790429115295
YPL092W,YGR262C,0,-1.6801729,0.09718446433544159,0.9980059862136841,0.9301790595054626
YOR144C,YJL056C,0,-1.6808691,0.09717503190040588,0.9980059862136841,0.9302790760993958
YOL133W,YLR424W,0,-1.6816977,0.09716559946537018,0.9980059862136841,0.9303790926933289
YJL174W,YDR420W,1,-1.683626,0.0972532257437706,0.999002993106842,0.9303790926933289
YIL106W,YKL089W,0,-1.6849909,0.0972437858581543,0.999002993106842,0.9304791688919067
YBR227C,YPL255W,0,-1.6863174,0.09723435342311859,0.999002993106842,0.9305791854858398
YFL002C,YPL177C,0,-1.6866723,0.09722492098808289,0.999002993106842,0.930679202079773
YOL072W,YDR482C,0,-1.6870117,0.09721548110246658,0.999002993106842,0.930779218673706
YOR260W,YBR041W,0,-1.6875125,0.09720605611801147,0.999002993106842,0.9308792352676392
YDR332W,YDL142C,0,-1.6889056,0.09719662368297577,0.999002993106842,0.930979311466217
YCR020W-B,YKR101W,0,-1.6901445,0.09718719869852066,0.999002993106842,0.9310793280601501
YDR400W,YLR182W,0,-1.6903363,0.09717777371406555,0.999002993106842,0.9311793446540833
YER050C,YML013W,0,-1.6915525,0.09716834872961044,0.999002993106842,0.9312793612480164
YHR011W,YOR380W,0,-1.691954,0.09715892374515533,0.999002993106842,0.9313794374465942
YDR116C,YJR013W,0,-1.6925305,0.09714950621128082,0.999002993106842,0.9314794540405273
YLR371W,YHL013C,0,-1.6928707,0.09714008867740631,0.999002993106842,0.9315794706344604
YER109C,YLR429W,0,-1.6933485,0.0971306711435318,0.999002993106842,0.9316794872283936
YDR084C,YOR172W,0,-1.6937078,0.09712125360965729,0.999002993106842,0.9317795634269714
YIL048W,YER168C,0,-1.6946561,0.09711184352636337,0.999002993106842,0.9318795800209045
YPR081C,YDR173C,0,-1.6958565,0.09710243344306946,0.999002993106842,0.9319795966148376
YDL074C,YKL087C,0,-1.6959141,0.09709302335977554,0.999002993106842,0.9320796132087708
YNL323W,YGR141W,0,-1.6962363,0.09708361327648163,0.999002993106842,0.9321796298027039
YGR006W,YBR015C,0,-1.6970195,0.09707421064376831,0.999002993106842,0.9322797060012817
YMR060C,YLR039C,0,-1.6972401,0.09706480801105499,0.999002993106842,0.9323797225952148
YNL264C,YPL115C,0,-1.6974896,0.09705540537834167,0.999002993106842,0.932479739189148
YNL224C,YKR083C,0,-1.6989831,0.09704600274562836,0.999002993106842,0.932579755783081
YNL154C,YDR092W,0,-1.6992161,0.09703660756349564,0.999002993106842,0.9326798319816589
YLL006W,YJR101W,0,-1.7015828,0.09702721238136292,0.999002993106842,0.932779848575592
YGL050W,YLR262C,0,-1.7029105,0.0970178171992302,0.999002993106842,0.9328798651695251
YML114C,YER057C,0,-1.70473,0.09700842201709747,0.999002993106842,0.9329798817634583
YGL066W,YIL144W,0,-1.7048706,0.09699903428554535,0.999002993106842,0.9330798983573914
YHR204W,YJL041W,0,-1.7057519,0.09698963910341263,0.999002993106842,0.9331799745559692
YOL072W,YLR021W,0,-1.7058824,0.0969802588224411,0.999002993106842,0.9332799911499023
YNL229C,YNL310C,0,-1.7070173,0.09697087109088898,0.999002993106842,0.9333800077438354
YLR310C,YLR204W,0,-1.7080685,0.09696148335933685,0.999002993106842,0.9334800243377686
YLR079W,YLR242C,0,-1.7100741,0.09695210307836533,0.999002993106842,0.9335801005363464
YDR364C,YNR023W,0,-1.7109587,0.0969427227973938,0.999002993106842,0.9336801171302795
YDR137W,YDR427W,0,-1.7115477,0.09693334251642227,0.999002993106842,0.9337801337242126
YPL129W,YCR083W,0,-1.7117566,0.09692396968603134,0.999002993106842,0.9338801503181458
YJL057C,YHR114W,0,-1.7141006,0.09691459685564041,0.999002993106842,0.9339801669120789
YMR278W,YDR097C,0,-1.7148284,0.09690522402524948,0.999002993106842,0.9340802431106567
YLR319C,YJL010C,0,-1.7149348,0.09689585119485855,0.999002993106842,0.9341802597045898
YNL308C,YMR283C,0,-1.7164978,0.09688648581504822,0.999002993106842,0.934280276298523
YLR039C,YKL160W,0,-1.7180213,0.09687711298465729,0.999002993106842,0.934380292892456
YPR105C,YPL259C,0,-1.7180856,0.09686774760484695,0.999002993106842,0.9344803690910339
YDR448W,YMR076C,0,-1.7181606,0.09685838222503662,0.999002993106842,0.934580385684967
YNR027W,YKL087C,0,-1.7187245,0.09684902429580688,0.999002993106842,0.9346804022789001
YDL058W,YPL219W,0,-1.7191187,0.09683966636657715,0.999002993106842,0.9347804188728333
YKL054C,YNL026W,0,-1.7206495,0.09683030843734741,0.999002993106842,0.9348804354667664
YLR207W,YDR294C,0,-1.722075,0.09682095050811768,0.999002993106842,0.9349805116653442
YMR067C,YDL235C,0,-1.7236203,0.09681159257888794,0.999002993106842,0.9350805282592773
YML115C,YLR277C,0,-1.7240196,0.0968022421002388,0.999002993106842,0.9351805448532104
YMR197C,YOR162C,0,-1.7257816,0.09679289162158966,0.999002993106842,0.9352805614471436
YHR071W,YML109W,0,-1.7268618,0.09678354114294052,0.999002993106842,0.9353806376457214
YJL173C,YDL036C,0,-1.7318821,0.09677419066429138,0.999002993106842,0.9354806542396545
YDR107C,YDL007W,0,-1.7321404,0.09676484763622284,0.999002993106842,0.9355806708335876
YDR422C,YOR158W,0,-1.732945,0.0967555046081543,0.999002993106842,0.9356806874275208
YER164W,YCR032W,0,-1.7351308,0.09674616158008575,0.999002993106842,0.9357807636260986
YMR154C,YFR009W,0,-1.735547,0.09673681855201721,0.999002993106842,0.9358807802200317
YDL013W,YIL150C,0,-1.7376089,0.09672748297452927,0.999002993106842,0.9359807968139648
YGR246C,YDL103C,0,-1.7380735,0.09671814739704132,0.999002993106842,0.936080813407898
YEL018W,YHR134W,0,-1.7403814,0.09670881181955338,0.999002993106842,0.936180830001831
YGR076C,YDR332W,0,-1.7410668,0.09669947624206543,0.999002993106842,0.9362809062004089
YPR073C,YMR264W,0,-1.7423304,0.09669014811515808,0.999002993106842,0.936380922794342
YML019W,YCR048W,0,-1.7427398,0.09668081998825073,0.999002993106842,0.9364809393882751
YBR258C,YJL146W,0,-1.7431229,0.09667149186134338,0.999002993106842,0.9365809559822083
YPL097W,YLR238W,0,-1.7440244,0.09666216373443604,0.999002993106842,0.9366810321807861
YNR006W,YKR028W,0,-1.7446431,0.09665284305810928,0.999002993106842,0.9367810487747192
YPR198W,YNR011C,0,-1.7449635,0.09664351493120193,0.999002993106842,0.9368810653686523
YMR311C,YLR382C,0,-1.7450557,0.09663420170545578,0.999002993106842,0.9369810819625854
YPR025C,YJL155C,0,-1.7483135,0.09662488102912903,0.999002993106842,0.9370810985565186
YHR111W,YNL006W,0,-1.7500964,0.09661556035280228,0.999002993106842,0.9371811747550964
YDL161W,YLR429W,0,-1.7505599,0.09660624712705612,0.999002993106842,0.9372811913490295
YMR275C,YGL203C,0,-1.750993,0.09659693390130997,0.999002993106842,0.9373812079429626
YER149C,YGR092W,0,-1.7512379,0.09658762067556381,0.999002993106842,0.9374812245368958
YGL161C,YDR141C,0,-1.7515475,0.09657831490039825,0.999002993106842,0.9375813007354736
YER122C,YKR037C,0,-1.75234,0.0965690016746521,0.999002993106842,0.9376813173294067
YOR126C,YKR028W,0,-1.7532002,0.09655969589948654,0.999002993106842,0.9377813339233398
YHR132C,YDR420W,1,-1.7546991,0.0966467559337616,1.0,0.9377813339233398
YBR251W,YLR085C,0,-1.7570523,0.09663744270801544,1.0,0.937881350517273
YDR346C,YFR048W,0,-1.7572047,0.09662812948226929,1.0,0.937981367111206
YLR421C,YDR183W,0,-1.7579454,0.09661882370710373,1.0,0.9380814433097839
YNR022C,YDR397C,0,-1.7583791,0.09660951793193817,1.0,0.938181459903717
YML058W,YPR133C,0,-1.7584683,0.09660021215677261,1.0,0.9382814764976501
YNR022C,YLR389C,0,-1.7585007,0.09659090638160706,1.0,0.9383814930915833
YDR277C,YJL140W,0,-1.7587475,0.0965816080570221,1.0,0.9384815692901611
YPR046W,YGL110C,0,-1.7614018,0.09657230973243713,1.0,0.9385815858840942
YML114C,YNL259C,0,-1.7614048,0.09656301140785217,1.0,0.9386816024780273
YNL084C,YLR239C,0,-1.7616127,0.09655371308326721,1.0,0.9387816190719604
YDL056W,YLR118C,0,-1.762316,0.09654442220926285,1.0,0.9388816356658936
YHL019C,YFR014C,0,-1.7649544,0.09653513133525848,1.0,0.9389817118644714
YPR048W,YKR102W,0,-1.7662145,0.09652584046125412,1.0,0.9390817284584045
YJR043C,YOR205C,0,-1.7692806,0.09651654958724976,1.0,0.9391817450523376
YJL008C,YBR282W,0,-1.7696049,0.09650726616382599,1.0,0.9392817616462708
YHR024C,YNR010W,0,-1.7699519,0.09649798274040222,1.0,0.9393818378448486
YLR248W,YPR125W,0,-1.7701794,0.09648869931697845,1.0,0.9394818544387817
YML114C,YDR379W,0,-1.7704397,0.09647941589355469,1.0,0.9395818710327148
YPL202C,YPR104C,0,-1.7706035,0.09647013247013092,1.0,0.939681887626648
YOR117W,YOR075W,0,-1.7719015,0.09646085649728775,1.0,0.9397819638252258
YLR442C,YKL155C,0,-1.7738028,0.09645158052444458,1.0,0.9398819804191589
YKL042W,YPL128C,0,-1.7746153,0.09644230455160141,1.0,0.939981997013092
YLR002C,YMR294W,0,-1.7752858,0.09643303602933884,1.0,0.9400820136070251
YOL146W,YLR129W,0,-1.7788588,0.09642376750707626,1.0,0.9401820302009583
YNL258C,YDR407C,0,-1.7812366,0.09641449898481369,1.0,0.9402821063995361
YOR147W,YJR021C,0,-1.7817271,0.09640523046255112,1.0,0.9403821229934692
YMR164C,YHR166C,0,-1.78243,0.09639596194028854,1.0,0.9404821395874023
YIR022W,YMR162C,0,-1.7828752,0.09638670086860657,1.0,0.9405821561813354
YMR263W,YBR257W,0,-1.7852782,0.09637743979692459,1.0,0.9406822323799133
YGR241C,YLR274W,0,-1.7858297,0.09636817872524261,1.0,0.9407822489738464
YLR055C,YPR018W,0,-1.7861961,0.09635891765356064,1.0,0.9408822655677795
YLR071C,YGR092W,0,-1.7862531,0.09634966403245926,1.0,0.9409822821617126
YER167W,YLR431C,0,-1.7864863,0.09634041041135788,1.0,0.9410822987556458
YBR155W,YMR001C,0,-1.7868735,0.0963311567902565,1.0,0.9411823749542236
YLR182W,YJL162C,0,-1.7882236,0.09632190316915512,1.0,0.9412823915481567
YJL014W,YDR092W,0,-1.7885288,0.09631265699863434,1.0,0.9413824081420898
YIL068C,YHR030C,0,-1.7887157,0.09630341082811356,1.0,0.941482424736023
YGR174C,YAL019W,0,-1.7890528,0.09629416465759277,1.0,0.9415825009346008
YBR211C,YML067C,0,-1.7900982,0.09628491848707199,1.0,0.9416825175285339
YLR312W-A,YDR179C,0,-1.7915088,0.0962756797671318,1.0,0.941782534122467
YIL075C,YNL004W,0,-1.7920383,0.09626643359661102,1.0,0.9418825507164001
YDL077C,YGR220C,0,-1.7935498,0.09625719487667084,1.0,0.9419825673103333
YDR390C,YCR057C,0,-1.7937945,0.09624796360731125,1.0,0.9420826435089111
YDR332W,YER033C,0,-1.7940434,0.09623872488737106,1.0,0.9421826601028442
YGR241C,YDR253C,0,-1.7943096,0.09622949361801147,1.0,0.9422826766967773
YMR225C,YDR386W,0,-1.7951201,0.09622026234865189,1.0,0.9423826932907104
YNL025C,YOR017W,0,-1.795562,0.0962110310792923,1.0,0.9424827694892883
YKL154W,YEL032W,0,-1.7965004,0.09620179980993271,1.0,0.9425827860832214
YPL049C,YML014W,0,-1.7969328,0.09619257599115372,1.0,0.9426828026771545
YDL077C,YNL258C,0,-1.7970937,0.09618335217237473,1.0,0.9427828192710876
YFL047W,YHR105W,0,-1.7978388,0.09617412835359573,1.0,0.9428828358650208
YOR077W,YJL041W,0,-1.8000547,0.09616491198539734,1.0,0.9429829120635986
YER183C,YLR285W,0,-1.800257,0.09615568816661835,1.0,0.9430829286575317
YDR195W,YLR429W,0,-1.801637,0.09614647179841995,1.0,0.9431829452514648
YMR288W,YDL008W,0,-1.804699,0.09613725543022156,1.0,0.943282961845398
YJL087C,YHR034C,0,-1.8052949,0.09612804651260376,1.0,0.9433830380439758
YOR047C,YPR121W,0,-1.8055199,0.09611883014440536,1.0,0.9434830546379089
YJL094C,YLR025W,0,-1.8062361,0.09610962122678757,1.0,0.943583071231842
YMR164C,YOL094C,0,-1.8082451,0.09610041230916977,1.0,0.9436830878257751
YCR032W,YIL044C,0,-1.8086884,0.09609120339155197,1.0,0.943783164024353
YER014W,YFL017W-A,0,-1.808884,0.09608200192451477,1.0,0.9438831806182861
YBL031W,YDR198C,0,-1.8094989,0.09607280045747757,1.0,0.9439831972122192
YDL138W,YIL063C,0,-1.8096552,0.09606359899044037,1.0,0.9440832138061523
YKL186C,YGL210W,0,-1.8099338,0.09605439752340317,1.0,0.9441832304000854
YHR031C,YLR018C,0,-1.8103614,0.09604519605636597,1.0,0.9442833065986633
YLR403W,YKL170W,0,-1.8106805,0.09603600203990936,1.0,0.9443833231925964
YDR466W,YAL056W,0,-1.8108276,0.09602680802345276,1.0,0.9444833397865295
YHL023C,YLR246W,0,-1.8117157,0.09601761400699615,1.0,0.9445833563804626
YBL080C,YKL049C,0,-1.8127052,0.09600841999053955,1.0,0.9446834325790405
YOR260W,YML062C,0,-1.8129755,0.09599923342466354,1.0,0.9447834491729736
YJR050W,YAL026C,0,-1.8162498,0.09599004685878754,1.0,0.9448834657669067
YDR200C,YLR135W,0,-1.8166214,0.09598086029291153,1.0,0.9449834823608398
YLR183C,YHR039C,0,-1.8166981,0.09597167372703552,1.0,0.945083498954773
YOR196C,YMR012W,0,-1.8172411,0.09596249461174011,1.0,0.9451835751533508
YCR024C,YEL005C,0,-1.8181673,0.0959533154964447,1.0,0.9452835917472839
YPR141C,YDR117C,0,-1.8183868,0.09594413638114929,1.0,0.945383608341217
YDR080W,YJL104W,0,-1.8198131,0.09593495726585388,1.0,0.9454836249351501
YKR036C,YFR036W,0,-1.8220943,0.09592578560113907,1.0,0.945583701133728
YFR026C,YPR009W,0,-1.8226088,0.09591661393642426,1.0,0.9456837177276611
YDR071C,YDR419W,0,-1.823435,0.09590744227170944,1.0,0.9457837343215942
YHR038W,YKR050W,0,-1.8280288,0.09589827060699463,1.0,0.9458837509155273
YPR162C,YIL020C,0,-1.8288779,0.09588909894227982,1.0,0.9459837675094604
YDL215C,YPR057W,0,-1.8291016,0.0958799347281456,1.0,0.9460838437080383
YIL149C,YOL146W,0,-1.8293841,0.09587077051401138,1.0,0.9461838603019714
YBR258C,YLR139C,0,-1.8302583,0.09586160629987717,1.0,0.9462838768959045
YOL089C,YDL226C,0,-1.8318673,0.09585244953632355,1.0,0.9463838934898376
YDR362C,YBR216C,0,-1.8326353,0.09584328532218933,1.0,0.9464839696884155
YDR179C,YLR188W,0,-1.8329841,0.09583412855863571,1.0,0.9465839862823486
YJR101W,YNL293W,0,-1.8350142,0.09582497179508209,1.0,0.9466840028762817
YPR199C,YBL063W,0,-1.8362263,0.09581582248210907,1.0,0.9467840194702148
YKR036C,YLR246W,0,-1.8371097,0.09580666571855545,1.0,0.946884036064148
YNL038W,YPL172C,0,-1.8372363,0.09579751640558243,1.0,0.9469841122627258
YHL006C,YMR273C,0,-1.8373109,0.0957883670926094,1.0,0.9470841288566589
YDL104C,YAL035W,0,-1.8375838,0.09577921777963638,1.0,0.947184145450592
YKL213C,YER112W,0,-1.8388599,0.09577007591724396,1.0,0.9472841620445251
YGL247W,YML097C,0,-1.8404186,0.09576093405485153,1.0,0.947384238243103
YNL084C,YDR118W,0,-1.8411876,0.0957517921924591,1.0,0.9474842548370361
YKL208W,YFR010W,0,-1.8434769,0.09574265033006668,1.0,0.9475842714309692
YBR279W,YOR311C,0,-1.843706,0.09573350846767426,1.0,0.9476842880249023
YDL088C,YKL025C,0,-1.8439094,0.09572437405586243,1.0,0.9477843642234802
YBR199W,YDL074C,0,-1.8440679,0.0957152396440506,1.0,0.9478843808174133
YBR121C,YOL103W,0,-1.8442879,0.09570610523223877,1.0,0.9479843974113464
YLR442C,YIL044C,0,-1.8457388,0.09569697827100754,1.0,0.9480844140052795
YBR001C,YDR183W,0,-1.8461291,0.09568784385919571,1.0,0.9481844305992126
YPL194W,YOR358W,0,-1.8470169,0.09567871689796448,1.0,0.9482845067977905
YGR057C,YDR371W,0,-1.8474792,0.09566958993673325,1.0,0.9483845233917236
YKL213C,YGL133W,0,-1.8483175,0.09566047042608261,1.0,0.9484845399856567
YDL045C,YEL032W,0,-1.8494637,0.09565134346485138,1.0,0.9485845565795898
YDR140W,YMR211W,0,-1.8496145,0.09564222395420074,1.0,0.9486846327781677
YMR106C,YLR313C,0,-1.8502947,0.09563310444355011,1.0,0.9487846493721008
YML029W,YJL041W,0,-1.8553158,0.09562398493289948,1.0,0.9488846659660339
YML069W,YCR038C,0,-1.8555384,0.09561487287282944,1.0,0.948984682559967
YPR081C,YMR004W,0,-1.8561634,0.0956057608127594,1.0,0.9490846991539001
YNL245C,YOL115W,0,-1.8570079,0.09559664875268936,1.0,0.949184775352478
YNL317W,YGR274C,0,-1.857427,0.09558753669261932,1.0,0.9492847919464111
YOR373W,YLR119W,0,-1.8575879,0.09557842463254929,1.0,0.9493848085403442
YDR362C,YOR172W,0,-1.8588456,0.09556932002305984,1.0,0.9494848251342773
YMR073C,YNR022C,0,-1.8588722,0.0955602154135704,1.0,0.9495849013328552
YFL001W,YMR129W,0,-1.8589575,0.09555111080408096,1.0,0.9496849179267883
YGL206C,YGR171C,0,-1.860418,0.09554200619459152,1.0,0.9497849345207214
YDR110W,YPL164C,0,-1.8620476,0.09553290903568268,1.0,0.9498849511146545
YOR163W,YDR080W,0,-1.8649408,0.09552381187677383,1.0,0.9499849677085876
YHR109W,YLR291C,0,-1.8664839,0.09551471471786499,1.0,0.9500850439071655
YML023C,YDL178W,0,-1.8681878,0.09550561755895615,1.0,0.9501850605010986
YOL143C,YAL024C,0,-1.8708422,0.0954965278506279,1.0,0.9502850770950317
YFL005W,YOL018C,0,-1.8719653,0.09548743069171906,1.0,0.9503850936889648
YKR086W,YCR075C,0,-1.8723046,0.09547834098339081,1.0,0.9504851698875427
YHR119W,YNL292W,0,-1.8726122,0.09546925872564316,1.0,0.9505851864814758
YOR368W,YER114C,0,-1.8766286,0.09546016901731491,1.0,0.9506852030754089
YMR287C,YGL119W,0,-1.8818121,0.09545108675956726,1.0,0.950785219669342
YMR201C,YOL009C,0,-1.8823379,0.09544200450181961,1.0,0.9508852362632751
YOR371C,YEL055C,0,-1.8834242,0.09543292224407196,1.0,0.950985312461853
YJL105W,YGL162W,0,-1.8841099,0.09542383998632431,1.0,0.9510853290557861
YPL110C,YGL122C,0,-1.8847997,0.09541476517915726,1.0,0.9511853456497192
YBR199W,YHR119W,0,-1.885278,0.0954056903719902,1.0,0.9512853622436523
YHL030W,YOR266W,0,-1.8854963,0.09539661556482315,1.0,0.9513854384422302
YDL161W,YLR085C,0,-1.8875897,0.0953875407576561,1.0,0.9514854550361633
YDR174W,YPL204W,0,-1.8884046,0.09537847340106964,1.0,0.9515854716300964
YHR114W,YDR257C,0,-1.8901502,0.09536939859390259,1.0,0.9516854882240295
YPL204W,YDR041W,0,-1.8907434,0.09536033123731613,1.0,0.9517855644226074
YFL047W,YBR199W,0,-1.8911507,0.09535127133131027,1.0,0.9518855810165405
YMR270C,YDR264C,0,-1.8918874,0.09534220397472382,1.0,0.9519855976104736
YBR044C,YJL146W,0,-1.900468,0.09533314406871796,1.0,0.9520856142044067
YOL137W,YLR285W,0,-1.9016256,0.0953240841627121,1.0,0.9521856307983398
YOR155C,YMR076C,0,-1.9020183,0.09531502425670624,1.0,0.9522857069969177
YHR165C,YER118C,0,-1.9026989,0.09530596435070038,1.0,0.9523857235908508
YJR068W,YBR017C,0,-1.9031779,0.09529691189527512,1.0,0.9524857401847839
YBL005W,YOL013C,0,-1.9032551,0.09528785943984985,1.0,0.952585756778717
YIL126W,YIR002C,0,-1.9042681,0.09527880698442459,1.0,0.9526858329772949
YJR022W,YLR382C,0,-1.9044119,0.09526975452899933,1.0,0.952785849571228
YPR152C,YLR360W,0,-1.9057649,0.09526070952415466,1.0,0.9528858661651611
YPR025C,YML067C,0,-1.9058198,0.09525166451931,1.0,0.9529858827590942
YPL268W,YMR078C,0,-1.9068722,0.09524261951446533,1.0,0.9530858993530273
YAL024C,YBL088C,0,-1.9078814,0.09523357450962067,1.0,0.9531859755516052
YDR320C,YJR118C,0,-1.9079498,0.095224529504776,1.0,0.9532859921455383
YLR319C,YDR177W,0,-1.9090425,0.09521549195051193,1.0,0.9533860087394714
YNL201C,YNL262W,0,-1.9090873,0.09520645439624786,1.0,0.9534860253334045
YPR046W,YDR527W,0,-1.9107698,0.0951974168419838,1.0,0.9535861015319824
YIL075C,YKL139W,0,-1.9119595,0.09518838673830032,1.0,0.9536861181259155
YML012W,YKR028W,0,-1.9144362,0.09517934918403625,1.0,0.9537861347198486
YCR083W,YJL140W,0,-1.9144639,0.09517031908035278,1.0,0.9538861513137817
YPL101W,YHL013C,0,-1.914865,0.09516128897666931,1.0,0.9539861679077148
YOR179C,YPL005W,0,-1.915655,0.09515225887298584,1.0,0.9540862441062927
YNL103W,YJR031C,0,-1.916987,0.09514323621988297,1.0,0.9541862607002258
YDL226C,YHR132C,0,-1.9178201,0.09513421356678009,1.0,0.9542862772941589
YMR106C,YER031C,0,-1.9180447,0.09512519091367722,1.0,0.954386293888092
YBR029C,YDR279W,0,-1.9190218,0.09511616826057434,1.0,0.9544863700866699
YHR166C,YOL027C,0,-1.9208267,0.09510715305805206,1.0,0.954586386680603
YGR270W,YLL038C,0,-1.9219943,0.09509813040494919,1.0,0.9546864032745361
YPL010W,YBR278W,0,-1.9221909,0.09508911520242691,1.0,0.9547864198684692
YDR512C,YMR227C,0,-1.9245235,0.09508009999990463,1.0,0.9548864364624023
YNL147W,YLR260W,0,-1.924794,0.09507109224796295,1.0,0.9549865126609802
YDR069C,YGR257C,0,-1.925439,0.09506207704544067,1.0,0.9550865292549133
YDR459C,YBL023C,0,-1.9262512,0.09505306929349899,1.0,0.9551865458488464
YLR078C,YFL001W,0,-1.9285911,0.09504406154155731,1.0,0.9552865624427795
YML057W,YHR079C,0,-1.9292148,0.09503506124019623,1.0,0.9553866386413574
YJR125C,YDR057W,0,-1.9299318,0.09502605348825455,1.0,0.9554866552352905
YFR042W,YMR033W,0,-1.9309167,0.09501705318689346,1.0,0.9555866718292236
YNL317W,YPR048W,0,-1.9314822,0.09500805288553238,1.0,0.9556866884231567
YDL036C,YMR313C,0,-1.9345869,0.0949990525841713,1.0,0.9557867646217346
YDL013W,YMR201C,0,-1.9361217,0.09499005228281021,1.0,0.9558867812156677
YDR404C,YLR324W,0,-1.9387612,0.09498105943202972,1.0,0.9559867978096008
YNL325C,YDL099W,0,-1.9401876,0.09497206658124924,1.0,0.9560868144035339
YHR034C,YLR035C,0,-1.9420829,0.09496307373046875,1.0,0.956186830997467
YJR140C,YER168C,0,-1.9429988,0.09495408833026886,1.0,0.9562869071960449
YBL041W,YJR119C,0,-1.94325,0.09494509547948837,1.0,0.956386923789978
YBR094W,YDR425W,0,-1.9435002,0.09493611007928848,1.0,0.9564869403839111
YLR238W,YJL180C,0,-1.9453504,0.09492712467908859,1.0,0.9565869569778442
YDR246W,YDL197C,0,-1.9470309,0.0949181392788887,1.0,0.9566870331764221
YDR137W,YPL177C,0,-1.9471627,0.09490916132926941,1.0,0.9567870497703552
YPR105C,YLR070C,0,-1.9472115,0.09490018337965012,1.0,0.9568870663642883
YLR405W,YGR024C,0,-1.9478645,0.09489119797945023,1.0,0.9569870829582214
YDR181C,YNL185C,0,-1.9495732,0.09488222748041153,1.0,0.9570870995521545
YBR253W,YER161C,0,-1.9500643,0.09487324953079224,1.0,0.9571871757507324
YFL034C-B,YDR057W,0,-1.9510925,0.09486427903175354,1.0,0.9572871923446655
YNL126W,YFR002W,0,-1.9527565,0.09485530853271484,1.0,0.9573872089385986
YJL112W,YMR029C,0,-1.9530579,0.09484633803367615,1.0,0.9574872255325317
YKR021W,YKL170W,0,-1.9545757,0.09483736753463745,1.0,0.9575873017311096
YDR512C,YBR216C,0,-1.9550236,0.09482840448617935,1.0,0.9576873183250427
YPR111W,YDR386W,0,-1.9557582,0.09481943398714066,1.0,0.9577873349189758
YGL050W,YKL179C,0,-1.9569954,0.09481047093868256,1.0,0.9578873515129089
YGR252W,YOR327C,0,-1.9578398,0.09480151534080505,1.0,0.957987368106842
YGR274C,YHR155W,0,-1.9585398,0.09479255229234695,1.0,0.9580874443054199
YOR216C,YMR277W,0,-1.959571,0.09478359669446945,1.0,0.958187460899353
YIL042C,YDR103W,0,-1.9617597,0.09477464109659195,1.0,0.9582874774932861
YLR039C,YGL115W,0,-1.9633212,0.09476568549871445,1.0,0.9583874940872192
YOR274W,YPR171W,0,-1.9637905,0.09475672990083694,1.0,0.9584875702857971
YLR370C,YDR372C,0,-1.9639536,0.09474778175354004,1.0,0.9585875868797302
YKR022C,YNL004W,0,-1.9641842,0.09473883360624313,1.0,0.9586876034736633
YOR089C,YKR019C,0,-1.9652172,0.09472988545894623,1.0,0.9587876200675964
YPL208W,YLR335W,0,-1.9653221,0.09472093731164932,1.0,0.9588876366615295
YDR358W,YHR205W,0,-1.9680657,0.09471198916435242,1.0,0.9589877128601074
YGL105W,YLR369W,0,-1.9686573,0.09470304846763611,1.0,0.9590877294540405
YDR532C,YBR200W,0,-1.9693063,0.0946941077709198,1.0,0.9591877460479736
YBR107C,YDR200C,0,-1.9702206,0.09468516707420349,1.0,0.9592877626419067
YHR046C,YER176W,0,-1.9716872,0.09467623382806778,1.0,0.9593878388404846
YJR057W,YGL131C,0,-1.974873,0.09466729313135147,1.0,0.9594878554344177
YPR046W,YOL102C,0,-1.9768671,0.09465835988521576,1.0,0.9595878720283508
YIL142W,YGL121C,0,-1.977819,0.09464942663908005,1.0,0.9596878886222839
YOR147W,YER018C,0,-1.9787858,0.09464050084352493,1.0,0.9597879648208618
YDR420W,YNL154C,0,-1.9830049,0.09463156759738922,1.0,0.9598879814147949
YHR116W,YPL139C,0,-1.9834213,0.0946226418018341,1.0,0.959987998008728
YGL071W,YGR005C,0,-1.9846501,0.09461371600627899,1.0,0.9600880146026611
YMR240C,YJR022W,0,-1.9870543,0.09460479021072388,1.0,0.9601880311965942
YKL135C,YLR368W,0,-1.9872729,0.09459587186574936,1.0,0.9602881073951721
YBR243C,YER022W,0,-1.9873136,0.09458694607019424,1.0,0.9603881239891052
YPL175W,YOR137C,0,-1.988237,0.09457802772521973,1.0,0.9604881405830383
YIL002C,YDR072C,0,-1.9886487,0.09456910938024521,1.0,0.9605881571769714
YBL056W,YIR024C,0,-1.9915949,0.09456019848585129,1.0,0.9606882333755493
YLR373C,YKR007W,0,-1.9950502,0.09455128014087677,1.0,0.9607882499694824
YKR101W,YGR040W,0,-1.9970804,0.09454236924648285,1.0,0.9608882665634155
YPL046C,YDR407C,0,-1.9973736,0.09453345835208893,1.0,0.9609882831573486
YOR189W,YOR026W,0,-1.9974525,0.09452454745769501,1.0,0.9610882997512817
YCR042C,YDR364C,0,-1.9989712,0.09451564401388168,1.0,0.9611883759498596
YKR001C,YHL030W,0,-1.9999434,0.09450674057006836,1.0,0.9612883925437927
YMR198W,YGL169W,0,-2.0001285,0.09449782967567444,1.0,0.9613884091377258
YDL159W,YDR183W,0,-2.0002103,0.09448893368244171,1.0,0.9614884257316589
YMR059W,YNL172W,0,-2.0002532,0.09448003023862839,1.0,0.9615885019302368
YOR104W,YJL058C,0,-2.0003967,0.09447113424539566,1.0,0.9616885185241699
YLL031C,YLR260W,0,-2.0008109,0.09446223080158234,1.0,0.961788535118103
YDR259C,YGL038C,0,-2.0021677,0.09445333480834961,1.0,0.9618885517120361
YPR085C,YIL004C,0,-2.0025394,0.09444444626569748,1.0,0.9619885683059692
YPL173W,YGL075C,0,-2.0026488,0.09443555027246475,1.0,0.9620886445045471
YDR512C,YLR069C,0,-2.0062897,0.09442666172981262,1.0,0.9621886610984802
YDL224C,YLR238W,0,-2.0067286,0.09441777318716049,1.0,0.9622886776924133
YKL101W,YDL008W,0,-2.007193,0.09440888464450836,1.0,0.9623886942863464
YNL245C,YLR025W,0,-2.0076833,0.09440000355243683,1.0,0.9624887704849243
YKL204W,YPL139C,0,-2.0091305,0.0943911150097847,1.0,0.9625887870788574
YKL041W,YDR188W,0,-2.0134468,0.09438223391771317,1.0,0.9626888036727905
YBR170C,YKL134C,0,-2.0139918,0.09437335282564163,1.0,0.9627888202667236
YKL087C,YPL209C,0,-2.0145073,0.0943644717335701,1.0,0.9628888368606567
YPL101W,YNL006W,0,-2.0149515,0.09435559809207916,1.0,0.9629889130592346
YMR028W,YMR243C,0,-2.016663,0.09434672445058823,1.0,0.9630889296531677
YCL004W,YDR364C,0,-2.016735,0.09433785080909729,1.0,0.9631889462471008
YGL254W,YKR008W,0,-2.0175817,0.09432897716760635,1.0,0.9632889628410339
YLR425W,YOL125W,0,-2.0177138,0.09432010352611542,1.0,0.9633890390396118
YML031W,YLR319C,0,-2.0188093,0.09431123733520508,1.0,0.9634890556335449
YMR294W,YHR143W-A,0,-2.0203843,0.09430237114429474,1.0,0.963589072227478
YKR072C,YJL094C,0,-2.0221434,0.0942935049533844,1.0,0.9636890888214111
YER129W,YDR369C,0,-2.022895,0.09428463876247406,1.0,0.963789165019989
YOL102C,YPR055W,0,-2.0266714,0.09427578002214432,1.0,0.9638891816139221
YMR298W,YML127W,0,-2.0287597,0.09426691383123398,1.0,0.9639891982078552
YOR275C,YNL257C,0,-2.030468,0.09425805509090424,1.0,0.9640892148017883
YNL088W,YOR151C,0,-2.0309837,0.09424920380115509,1.0,0.9641892313957214
YCR066W,YGR169C,0,-2.0310144,0.09424034506082535,1.0,0.9642893075942993
YOL054W,YNL027W,0,-2.0323992,0.0942314937710762,1.0,0.9643893241882324
YLR147C,YER022W,0,-2.032562,0.09422264248132706,1.0,0.9644893407821655
YNL238W,YJR144W,0,-2.0332239,0.09421379119157791,1.0,0.9645893573760986
YGL095C,YJL111W,0,-2.0343015,0.09420493990182877,1.0,0.9646894335746765
YKL095W,YGR104C,0,-2.0347683,0.09419609606266022,1.0,0.9647894501686096
YMR263W,YGL163C,0,-2.035832,0.09418724477291107,1.0,0.9648894667625427
YGR074W,YMR017W,0,-2.0376492,0.09417840093374252,1.0,0.9649894833564758
YKL137W,YPL055C,0,-2.0395095,0.09416956454515457,1.0,0.9650894999504089
YNR006W,YLR383W,0,-2.043147,0.09416072070598602,1.0,0.9651895761489868
YNL049C,YBR123C,0,-2.047875,0.09415188431739807,1.0,0.9652895927429199
YML064C,YIL137C,0,-2.0502827,0.09414304792881012,1.0,0.965389609336853
YLR418C,YER168C,0,-2.0503917,0.09413421154022217,1.0,0.9654896259307861
YOL096C,YKR002W,0,-2.0511367,0.09412537515163422,1.0,0.965589702129364
YJL179W,YPL022W,0,-2.0511668,0.09411654621362686,1.0,0.9656897187232971
YKR090W,YDR288W,0,-2.052879,0.09410770982503891,1.0,0.9657897353172302
YNL154C,YGL110C,0,-2.0529525,0.09409888088703156,1.0,0.9658897519111633
YOL146W,YJR024C,0,-2.0572438,0.0940900593996048,1.0,0.9659897685050964
YER105C,YPL203W,0,-2.059729,0.09408123046159744,1.0,0.9660898447036743
YPL023C,YGR275W,0,-2.0608335,0.09407240897417068,1.0,0.9661898612976074
YDR420W,YMR273C,0,-2.061091,0.09406358748674393,1.0,0.9662898778915405
YFR034C,YML049C,0,-2.0631459,0.09405476599931717,1.0,0.9663898944854736
YLR266C,YLR052W,0,-2.0644124,0.09404594451189041,1.0,0.9664899706840515
YER151C,YKR063C,0,-2.065249,0.09403713047504425,1.0,0.9665899872779846
YDL003W,YER105C,0,-2.0655637,0.09402830898761749,1.0,0.9666900038719177
YMR270C,YIR021W,0,-2.0678306,0.09401949495077133,1.0,0.9667900204658508
YDR137W,YJL090C,0,-2.0680685,0.09401068836450577,1.0,0.9668900966644287
YBR129C,YDR301W,0,-2.0680864,0.0940018743276596,1.0,0.9669901132583618
YFL001W,YOR332W,0,-2.0701647,0.09399306774139404,1.0,0.9670901298522949
YDR485C,YKR024C,0,-2.070271,0.09398426115512848,1.0,0.967190146446228
YDR267C,YOR259C,0,-2.0706415,0.09397545456886292,1.0,0.9672901630401611
YGR047C,YJR126C,0,-2.0708055,0.09396664798259735,1.0,0.967390239238739
YHR069C,YJL102W,0,-2.0709066,0.09395784884691238,1.0,0.9674902558326721
YPL002C,YDR207C,0,-2.0713682,0.09394904226064682,1.0,0.9675902724266052
YLR398C,YEL029C,0,-2.0791273,0.09394024312496185,1.0,0.9676902890205383
YDR279W,YJL154C,0,-2.0802517,0.09393145143985748,1.0,0.9677903652191162
YPR017C,YBR015C,0,-2.0834496,0.09392265230417252,1.0,0.9678903818130493
YPL235W,YNL238W,0,-2.0835037,0.09391386061906815,1.0,0.9679903984069824
YIL156W,YPL210C,0,-2.0865395,0.09390506148338318,1.0,0.9680904150009155
YMR218C,YLR309C,0,-2.08659,0.0938962772488594,1.0,0.9681904315948486
YIL019W,YPL064C,0,-2.0885656,0.09388748556375504,1.0,0.9682905077934265
YPL112C,YDL074C,0,-2.090058,0.09387869387865067,1.0,0.9683905243873596
YBR245C,YER172C,0,-2.0955253,0.09386990964412689,1.0,0.9684905409812927
YBR202W,YJL156C,0,-2.0963523,0.09386112540960312,1.0,0.9685905575752258
YMR060C,YGL112C,0,-2.0968683,0.09385234117507935,1.0,0.9686906337738037
YKL149C,YPL243W,0,-2.0983834,0.09384356439113617,1.0,0.9687906503677368
YKL010C,YNL177C,0,-2.099911,0.0938347801566124,1.0,0.9688906669616699
YNR028W,YHL025W,0,-2.100191,0.09382600337266922,1.0,0.968990683555603
YBR021W,YJL162C,0,-2.1032767,0.09381722658872604,1.0,0.9690907001495361
YDR088C,YER144C,0,-2.1047738,0.09380845725536346,1.0,0.969190776348114
YDR207C,YPR008W,0,-2.1062348,0.09379968047142029,1.0,0.9692907929420471
YLR370C,YER161C,0,-2.1087973,0.09379091113805771,1.0,0.9693908095359802
YBL037W,YGL181W,0,-2.112903,0.09378214180469513,1.0,0.9694908261299133
YCR093W,YDR295C,0,-2.1139736,0.09377337247133255,1.0,0.9695909023284912
YER041W,YNL222W,0,-2.1143515,0.09376461058855057,1.0,0.9696909189224243
YNL227C,YDR292C,0,-2.1145058,0.09375584125518799,1.0,0.9697909355163574
YPL042C,YEL064C,0,-2.1154945,0.093747079372406,1.0,0.9698909521102905
YBR095C,YNL072W,0,-2.116044,0.09373831748962402,1.0,0.9699909687042236
YDL080C,YLR204W,0,-2.118998,0.09372955560684204,1.0,0.9700910449028015
YNL249C,YDL159W,0,-2.1226497,0.09372080117464066,1.0,0.9701910614967346
YLR457C,YOR174W,0,-2.123555,0.09371204674243927,1.0,0.9702910780906677
YDR237W,YJR058C,0,-2.1237054,0.09370328485965729,1.0,0.9703910946846008
YNL227C,YDL007W,0,-2.126129,0.0936945378780365,1.0,0.9704911708831787
YLR418C,YDR400W,0,-2.1314049,0.09368578344583511,1.0,0.9705911874771118
YJL112W,YHL007C,0,-2.1322918,0.09367703646421432,1.0,0.9706912040710449
YDR287W,YPL140C,0,-2.1332297,0.09366828203201294,1.0,0.970791220664978
YMR301C,YML094W,0,-2.1350727,0.09365953505039215,1.0,0.9708912968635559
YKL114C,YBR150C,0,-2.1352444,0.09365079551935196,1.0,0.970991313457489
YGL163C,YMR277W,0,-2.1408114,0.09364204853773117,1.0,0.9710913300514221
YPR129W,YPR017C,0,-2.1420429,0.09363330900669098,1.0,0.9711913466453552
YBR245C,YPR185W,0,-2.142344,0.09362456947565079,1.0,0.9712913632392883
YOR241W,YFL027C,0,-2.143685,0.0936158299446106,1.0,0.9713914394378662
YKL040C,YLR305C,0,-2.1445115,0.0936070904135704,1.0,0.9714914560317993
YML109W,YKL160W,0,-2.1451802,0.09359835833311081,1.0,0.9715914726257324
YCR037C,YMR298W,0,-2.1488383,0.09358962625265121,1.0,0.9716914892196655
YKL167C,YDR459C,0,-2.149693,0.09358089417219162,1.0,0.9717915654182434
YGR005C,YHL034C,0,-2.1503713,0.09357216209173203,1.0,0.9718915820121765
YOL089C,YCR094W,0,-2.152096,0.09356343001127243,1.0,0.9719915986061096
YPL207W,YMR264W,0,-2.1530092,0.09355470538139343,1.0,0.9720916152000427
YGL067W,YDR066C,0,-2.153057,0.09354598075151443,1.0,0.9721916317939758
YDR211W,YOR026W,0,-2.1593716,0.09353725612163544,1.0,0.9722917079925537
YDR448W,YDL030W,0,-2.1600516,0.09352853149175644,1.0,0.9723917245864868
YHR120W,YHR156C,0,-2.1618023,0.09351981431245804,1.0,0.9724917411804199
YDR439W,YOR380W,0,-2.1626492,0.09351109713315964,1.0,0.972591757774353
YDL080C,YIL027C,0,-2.1636865,0.09350237995386124,1.0,0.9726918339729309
YDR201W,YOR249C,0,-2.1638677,0.09349366277456284,1.0,0.972791850566864
YDL052C,YHR119W,0,-2.16432,0.09348494559526443,1.0,0.9728918671607971
YDL058W,YKL174C,0,-2.165329,0.09347623586654663,1.0,0.9729918837547302
YBL035C,YNL108C,0,-2.1671882,0.09346752613782883,1.0,0.9730919003486633
YNL218W,YHR117W,0,-2.1679292,0.09345881640911102,1.0,0.9731919765472412
YLL019C,YER099C,0,-2.1710355,0.09345010668039322,1.0,0.9732919931411743
YLR086W,YFR005C,0,-2.171067,0.09344140440225601,1.0,0.9733920097351074
YCR052W,YNR003C,0,-2.172472,0.09343269467353821,1.0,0.9734920263290405
YDR016C,YFR028C,0,-2.1740017,0.093423992395401,1.0,0.9735921025276184
YMR284W,YBR133C,0,-2.1750937,0.0934152901172638,1.0,0.9736921191215515
YBR131W,YLR285W,0,-2.1758926,0.09340659528970718,1.0,0.9737921357154846
YER161C,YDR176W,0,-2.1784146,0.09339789301156998,1.0,0.9738921523094177
YCL034W,YMR129W,0,-2.179066,0.09338919818401337,1.0,0.9739921689033508
YGR072W,YDR192C,0,-2.179358,0.09338050335645676,1.0,0.9740922451019287
YKL183W,YNL257C,0,-2.1794233,0.09337180852890015,1.0,0.9741922616958618
YDL150W,YDR189W,0,-2.180719,0.09336312115192413,1.0,0.9742922782897949
YCR081W,YOR117W,0,-2.1809962,0.09335443377494812,1.0,0.974392294883728
YGR216C,YPL209C,0,-2.1815681,0.09334573894739151,1.0,0.9744923710823059
YKL079W,YDR130C,0,-2.182982,0.0933370590209961,1.0,0.974592387676239
YKR038C,YOR172W,0,-2.1853933,0.09332837164402008,1.0,0.9746924042701721
YOR127W,YJL168C,0,-2.1876497,0.09331968426704407,1.0,0.9747924208641052
YDR325W,YIL062C,0,-2.187932,0.09331100434064865,1.0,0.9748924970626831
YIL142W,YDL074C,0,-2.188933,0.09330232441425323,1.0,0.9749925136566162
YLR418C,YHL025W,0,-2.189823,0.09329364448785782,1.0,0.9750925302505493
YJR040W,YCL016C,0,-2.1926312,0.093284972012043,1.0,0.9751925468444824
YJR138W,YLR373C,0,-2.1952882,0.09327629208564758,1.0,0.9752925634384155
YNL206C,YKL089W,0,-2.2004173,0.09326761960983276,1.0,0.9753926396369934
YIR004W,YMR263W,0,-2.2005253,0.09325894713401794,1.0,0.9754926562309265
YNL229C,YHL002W,0,-2.2018943,0.09325028210878372,1.0,0.9755926728248596
YOR233W,YNL008C,0,-2.2038908,0.0932416096329689,1.0,0.9756926894187927
YDR088C,YDL044C,0,-2.2129729,0.09323294460773468,1.0,0.9757927656173706
YIR004W,YBL019W,0,-2.2137063,0.09322427958250046,1.0,0.9758927822113037
YML023C,YDR285W,0,-2.2145166,0.09321561455726624,1.0,0.9759927988052368
YLR320W,YNL147W,0,-2.2148986,0.09320694953203201,1.0,0.9760928153991699
YLR240W,YFR038W,0,-2.215541,0.09319829195737839,1.0,0.976192831993103
YCR038C,YOR042W,0,-2.2159572,0.09318963438272476,1.0,0.9762929081916809
YBL037W,YGR024C,0,-2.2162666,0.09318097680807114,1.0,0.976392924785614
YDR244W,YNR003C,0,-2.2199714,0.09317231923341751,1.0,0.9764929413795471
YOL013C,YGL203C,0,-2.221087,0.09316366165876389,1.0,0.9765929579734802
YLR024C,YGL244W,0,-2.2221503,0.09315501153469086,1.0,0.9766930341720581
YPR046W,YDR515W,0,-2.223548,0.09314636141061783,1.0,0.9767930507659912
YNL273W,YOR265W,0,-2.2274032,0.0931377112865448,1.0,0.9768930673599243
YDL099W,YDR283C,0,-2.227579,0.09312906116247177,1.0,0.9769930839538574
YLR418C,YML051W,0,-2.2285204,0.09312041848897934,1.0,0.9770931005477905
YER099C,YAL031C,0,-2.2299907,0.09311176836490631,1.0,0.9771931767463684
YLR425W,YGR003W,0,-2.2311602,0.09310312569141388,1.0,0.9772931933403015
YLR176C,YNL039W,0,-2.2320967,0.09309448301792145,1.0,0.9773932099342346
YDR532C,YLR386W,0,-2.2331736,0.09308584779500961,1.0,0.9774932265281677
YBR201W,YDR292C,0,-2.2351518,0.09307720512151718,1.0,0.9775933027267456
YBL103C,YGL110C,0,-2.23562,0.09306856989860535,1.0,0.9776933193206787
YOR198C,YDR097C,0,-2.2358868,0.09305993467569351,1.0,0.9777933359146118
YLR361C,YOR241W,0,-2.2382505,0.09305130690336227,1.0,0.9778933525085449
YML064C,YMR313C,0,-2.2411509,0.09304267168045044,1.0,0.977993369102478
YHR158C,YJL047C,0,-2.241284,0.0930340439081192,1.0,0.9780934453010559
YDR180W,YGL023C,0,-2.2428055,0.09302541613578796,1.0,0.978193461894989
YGR216C,YPR095C,0,-2.2432857,0.09301678836345673,1.0,0.9782934784889221
YJR091C,YDR362C,0,-2.2439811,0.09300816059112549,1.0,0.9783934950828552
YHR011W,YOR030W,0,-2.2482057,0.09299953281879425,1.0,0.9784935712814331
YOL008W,YLR369W,0,-2.2508183,0.09299091249704361,1.0,0.9785935878753662
YLR320W,YKL130C,0,-2.251288,0.09298229217529297,1.0,0.9786936044692993
YKL139W,YOR208W,0,-2.2548618,0.09297367185354233,1.0,0.9787936210632324
YOR211C,YDR362C,0,-2.255547,0.09296505898237228,1.0,0.9788936972618103
YMR023C,YPR055W,0,-2.2557712,0.09295643866062164,1.0,0.9789937138557434
YGR006W,YAL031C,0,-2.2564745,0.0929478257894516,1.0,0.9790937304496765
YBR211C,YER142C,0,-2.2569597,0.09293921291828156,1.0,0.9791937470436096
YOL018C,YFR013W,0,-2.2574391,0.09293060004711151,1.0,0.9792937636375427
YDR081C,YIL004C,0,-2.2632768,0.09292199462652206,1.0,0.9793938398361206
YGR020C,YJR021C,0,-2.2635794,0.09291338920593262,1.0,0.9794938564300537
YER075C,YML062C,0,-2.2639,0.09290477633476257,1.0,0.9795938730239868
YHR114W,YDR177W,0,-2.26474,0.09289617836475372,1.0,0.9796938896179199
YER149C,YBR097W,0,-2.2662268,0.09288757294416428,1.0,0.9797939658164978
YDR458C,YNL004W,0,-2.2662401,0.09287896752357483,1.0,0.9798939824104309
YPL002C,YER164W,0,-2.2731433,0.09287036955356598,1.0,0.979993999004364
YLR190W,YFR043C,0,-2.2742264,0.09286177158355713,1.0,0.9800940155982971
YDR138W,YCR035C,0,-2.2742438,0.09285317361354828,1.0,0.9801940321922302
YPL244C,YNL271C,0,-2.277316,0.09284458309412003,1.0,0.9802941083908081
YDR489W,YDL036C,0,-2.2796667,0.09283598512411118,1.0,0.9803941249847412
YBL091C,YBR049C,0,-2.2831383,0.09282739460468292,1.0,0.9804941415786743
YNL054W,YOR358W,0,-2.2838843,0.09281880408525467,1.0,0.9805941581726074
YAL024C,YDR485C,0,-2.2888699,0.09281021356582642,1.0,0.9806942343711853
YLR431C,YJR066W,0,-2.2946684,0.09280163049697876,1.0,0.9807942509651184
YML038C,YGL113W,0,-2.2970152,0.0927930399775505,1.0,0.9808942675590515
YKL149C,YML032C,0,-2.3066182,0.09278445690870285,1.0,0.9809942841529846
YOR320C,YER063W,0,-2.3081503,0.0927758738398552,1.0,0.9810943007469177
YJL146W,YER169W,0,-2.3107727,0.09276729822158813,1.0,0.9811943769454956
YDR376W,YNL330C,0,-2.3110473,0.09275871515274048,1.0,0.9812943935394287
YDR407C,YMR273C,0,-2.3126976,0.09275013953447342,1.0,0.9813944101333618
YBL091C,YDL235C,0,-2.3136017,0.09274156391620636,1.0,0.9814944267272949
YOR319W,YNL271C,0,-2.3153791,0.0927329882979393,1.0,0.9815945029258728
YOR023C,YBR200W,0,-2.3165865,0.09272441267967224,1.0,0.9816945195198059
YDR195W,YHL009C,0,-2.3169074,0.09271584451198578,1.0,0.981794536113739
YMR183C,YPL016W,0,-2.317319,0.09270727634429932,1.0,0.9818945527076721
YLR078C,YJL025W,0,-2.3180707,0.09269870817661285,1.0,0.9819945693016052
YDR440W,YDR181C,0,-2.3190231,0.09269014000892639,1.0,0.9820946455001831
YNL084C,YGR184C,0,-2.3316379,0.09268157184123993,1.0,0.9821946620941162
YLR206W,YPL104W,0,-2.3323307,0.09267301112413406,1.0,0.9822946786880493
YDR422C,YPL042C,0,-2.333157,0.0926644504070282,1.0,0.9823946952819824
YAL017W,YFR013W,0,-2.340867,0.09265588968992233,1.0,0.9824947714805603
YDR201W,YOL054W,0,-2.3409772,0.09264732897281647,1.0,0.9825947880744934
YLR007W,YFR002W,0,-2.3434324,0.0926387757062912,1.0,0.9826948046684265
YPR111W,YDR409W,0,-2.3463612,0.09263021498918533,1.0,0.9827948212623596
YAL029C,YER176W,0,-2.34977,0.09262166172266006,1.0,0.9828948974609375
YDR301W,YDR369C,0,-2.3506346,0.0926131084561348,1.0,0.9829949140548706
YCL034W,YCL032W,0,-2.3515735,0.09260456264019012,1.0,0.9830949306488037
YIL014W,YPL112C,0,-2.3576405,0.09259600937366486,1.0,0.9831949472427368
YLR052W,YNL188W,0,-2.3598435,0.09258746355772018,1.0,0.9832949638366699
YDR512C,YJL183W,0,-2.364307,0.09257891774177551,1.0,0.9833950400352478
YMR207C,YLR316C,0,-2.3753383,0.09257037192583084,1.0,0.9834950566291809
YBR254C,YMR078C,0,-2.3771343,0.09256183356046677,1.0,0.983595073223114
YDR515W,YHR191C,0,-2.378158,0.0925532877445221,1.0,0.9836950898170471
YDR515W,YMR179W,0,-2.3825927,0.09254474937915802,1.0,0.983795166015625
YBR228W,YML102W,0,-2.3834233,0.09253621101379395,1.0,0.9838951826095581
YHL004W,YJR035W,0,-2.385041,0.09252767264842987,1.0,0.9839951992034912
YKL173W,YML057W,0,-2.3875675,0.09251914173364639,1.0,0.9840952157974243
YPL178W,YLR242C,0,-2.3881211,0.09251060336828232,1.0,0.9841952323913574
YGL181W,YDR208W,0,-2.38902,0.09250207245349884,1.0,0.9842953085899353
YBL093C,YDL005C,0,-2.389552,0.09249354153871536,1.0,0.9843953251838684
YKR008W,YLR077W,0,-2.3899088,0.09248501807451248,1.0,0.9844953417778015
YOL021C,YLR316C,0,-2.3991416,0.092476487159729,1.0,0.9845953583717346
YGL229C,YLR025W,0,-2.4002838,0.09246796369552612,1.0,0.9846954345703125
YMR228W,YGL136C,0,-2.4032023,0.09245944023132324,1.0,0.9847954511642456
YOR119C,YLR383W,0,-2.4039242,0.09245091676712036,1.0,0.9848954677581787
YLR145W,YLL029W,0,-2.405138,0.09244239330291748,1.0,0.9849954843521118
YGR072W,YHR115C,0,-2.4068003,0.0924338772892952,1.0,0.9850955009460449
YMR127C,YOR037W,0,-2.4134517,0.09242536127567291,1.0,0.9851955771446228
YGR074W,YML057W,0,-2.4139972,0.09241684526205063,1.0,0.9852955937385559
YNL271C,YLR262C,0,-2.4174309,0.09240832924842834,1.0,0.985395610332489
YHR023W,YML102W,0,-2.4183986,0.09239981323480606,1.0,0.9854956269264221
YNL054W,YLR204W,0,-2.4210937,0.09239130467176437,1.0,0.985595703125
YBL080C,YDR139C,0,-2.4221196,0.09238279610872269,1.0,0.9856957197189331
YEL061C,YFR002W,0,-2.430205,0.092374287545681,1.0,0.9857957363128662
YBL052C,YNL041C,0,-2.4415722,0.09236577898263931,1.0,0.9858957529067993
YMR172W,YJL178C,0,-2.443521,0.09235727787017822,1.0,0.9859957695007324
YPL167C,YJL156C,0,-2.4445548,0.09234876930713654,1.0,0.9860958456993103
YAL007C,YJR031C,0,-2.4484875,0.09234026819467545,1.0,0.9861958622932434
YMR162C,YOL080C,0,-2.448625,0.09233176708221436,1.0,0.9862958788871765
YHR166C,YAL011W,0,-2.449049,0.09232326596975327,1.0,0.9863958954811096
YKR037C,YPL063W,0,-2.4502916,0.09231477230787277,1.0,0.9864959716796875
YPR025C,YPL194W,0,-2.4515772,0.09230627864599228,1.0,0.9865959882736206
YIL155C,YBR198C,0,-2.4517171,0.09229778498411179,1.0,0.9866960048675537
YJR099W,YLR371W,0,-2.4559362,0.09228929132223129,1.0,0.9867960214614868
YIL085C,YDR423C,0,-2.4571354,0.0922807976603508,1.0,0.9868960976600647
YMR218C,YOR026W,0,-2.4598708,0.0922723114490509,1.0,0.9869961142539978
YDR386W,YPL084W,0,-2.460587,0.09226381778717041,1.0,0.9870961308479309
YER167W,YMR227C,0,-2.4676723,0.09225533157587051,1.0,0.987196147441864
YDL045C,YKL054C,0,-2.4772968,0.09224685281515121,1.0,0.9872961640357971
YOL135C,YHR167W,0,-2.4786904,0.09223836660385132,1.0,0.987396240234375
YHR011W,YNL039W,0,-2.4788,0.09222988784313202,1.0,0.9874962568283081
YMR228W,YOR233W,0,-2.4795284,0.09222140163183212,1.0,0.9875962734222412
YMR172W,YHR167W,0,-2.4802203,0.09221292287111282,1.0,0.9876962900161743
YDR325W,YPL104W,0,-2.482466,0.09220445156097412,1.0,0.9877963662147522
YHR161C,YNL229C,0,-2.4835346,0.09219597280025482,1.0,0.9878963828086853
YDR440W,YPR162C,0,-2.4845264,0.09218750149011612,1.0,0.9879963994026184
YKL186C,YLR240W,0,-2.4939747,0.09217903017997742,1.0,0.9880964159965515
YFR008W,YJR040W,0,-2.4942954,0.09217055886983871,1.0,0.9881964325904846
YML114C,YGL227W,0,-2.4962802,0.09216208755970001,1.0,0.9882965087890625
YNL166C,YNL039W,0,-2.4966688,0.0921536237001419,1.0,0.9883965253829956
YML071C,YJL187C,0,-2.498347,0.0921451523900032,1.0,0.9884965419769287
YLR398C,YML098W,0,-2.4988813,0.0921366885304451,1.0,0.9885965585708618
YJL173C,YPL101W,0,-2.50529,0.092128224670887,1.0,0.9886966347694397
YCR008W,YNL054W,0,-2.5088334,0.09211976826190948,1.0,0.9887966513633728
YJL019W,YJL023C,0,-2.5098996,0.09211130440235138,1.0,0.9888966679573059
YEL018W,YGL119W,0,-2.5132122,0.09210284799337387,1.0,0.988996684551239
YML049C,YPL193W,0,-2.5132775,0.09209439158439636,1.0,0.9890967011451721
YJR084W,YMR029C,0,-2.5159202,0.09208593517541885,1.0,0.98919677734375
YBR129C,YOR014W,0,-2.517087,0.09207747876644135,1.0,0.9892967939376831
YPL055C,YOL095C,0,-2.5198982,0.09206902980804443,1.0,0.9893968105316162
YOL013C,YGR276C,0,-2.526327,0.09206058084964752,1.0,0.9894968271255493
YPR046W,YNL167C,0,-2.5367603,0.09205213189125061,1.0,0.9895969033241272
YGR072W,YLR260W,0,-2.5371017,0.0920436829328537,1.0,0.9896969199180603
YDR480W,YNL257C,0,-2.541317,0.09203523397445679,1.0,0.9897969365119934
YLR335W,YML049C,0,-2.5424132,0.09202679246664047,1.0,0.9898969531059265
YOR014W,YDR468C,0,-2.5431597,0.09201835095882416,1.0,0.9899969696998596
YOL072W,YMR026C,0,-2.5460858,0.09200990945100784,1.0,0.9900970458984375
YBR057C,YKL119C,0,-2.5477786,0.09200146794319153,1.0,0.9901970624923706
YGR057C,YNR039C,0,-2.5595188,0.09199302643537521,1.0,0.9902970790863037
YHR058C,YOR115C,0,-2.5691872,0.0919845923781395,1.0,0.9903970956802368
YML112W,YDR183W,0,-2.5750399,0.09197615832090378,1.0,0.9904971718788147
YER048C,YDL103C,0,-2.5776737,0.09196772426366806,1.0,0.9905971884727478
YER120W,YDR369C,0,-2.5818791,0.09195929020643234,1.0,0.9906972050666809
YER164W,YDL154W,0,-2.582561,0.09195086359977722,1.0,0.990797221660614
YDR137W,YJL041W,0,-2.583085,0.0919424295425415,1.0,0.9908972978591919
YMR213W,YGR057C,0,-2.5881562,0.09193400293588638,1.0,0.990997314453125
YBR070C,YBR057C,0,-2.5924158,0.09192557632923126,1.0,0.9910973310470581
YBR058C,YBR171W,0,-2.5933166,0.09191715717315674,1.0,0.9911973476409912
YHR207C,YGR222W,0,-2.605525,0.09190873056650162,1.0,0.9912973642349243
YGL201C,YJL074C,0,-2.6067612,0.0919003114104271,1.0,0.9913974404335022
YOR075W,YEL061C,0,-2.611484,0.09189189225435257,1.0,0.9914974570274353
YDL080C,YLR442C,0,-2.618287,0.09188347309827805,1.0,0.9915974736213684
YBL088C,YMR277W,0,-2.6213264,0.09187505394220352,1.0,0.9916974902153015
YOR023C,YBR129C,0,-2.6344585,0.0918666422367096,1.0,0.9917975664138794
YLR024C,YKL087C,0,-2.6346984,0.09185823053121567,1.0,0.9918975830078125
YBR077C,YPR104C,0,-2.6355164,0.09184981882572174,1.0,0.9919975996017456
YJR112W,YDR264C,0,-2.6369474,0.09184140712022781,1.0,0.9920976161956787
YGR058W,YHR012W,0,-2.6438615,0.09183299541473389,1.0,0.9921976327896118
YKR082W,YHL013C,0,-2.6451175,0.09182459115982056,1.0,0.9922977089881897
YDR332W,YBL058W,0,-2.6477454,0.09181618690490723,1.0,0.9923977255821228
YEL061C,YGL023C,0,-2.648911,0.0918077826499939,1.0,0.9924977421760559
YNL154C,YDR032C,0,-2.6534076,0.09179937839508057,1.0,0.992597758769989
YGR215W,YDR108W,0,-2.6546392,0.09179097414016724,1.0,0.9926978349685669
YML010W,YOL018C,0,-2.6549273,0.0917825773358345,1.0,0.9927978515625
YHR114W,YJL061W,0,-2.6568666,0.09177418053150177,1.0,0.9928978681564331
YOR353C,YGL005C,0,-2.657103,0.09176578372716904,1.0,0.9929978847503662
YLR115W,YDR264C,0,-2.658597,0.0917573869228363,1.0,0.9930979013442993
YHR076W,YAL019W,0,-2.659326,0.09174899011850357,1.0,0.9931979775428772
YDL149W,YGL071W,0,-2.6652954,0.09174060076475143,1.0,0.9932979941368103
YIL005W,YPL138C,0,-2.6689546,0.0917322114109993,1.0,0.9933980107307434
YPL228W,YHR115C,0,-2.6690116,0.09172382205724716,1.0,0.9934980273246765
YGL212W,YIL144W,0,-2.6773605,0.09171543270349503,1.0,0.9935981035232544
YLR397C,YFL049W,0,-2.6803298,0.09170705080032349,1.0,0.9936981201171875
YOL146W,YGL048C,0,-2.688065,0.09169866889715195,1.0,0.9937981367111206
YDL159W,YKR101W,0,-2.69026,0.09169027954339981,1.0,0.9938981533050537
YML071C,YHR119W,0,-2.69372,0.09168189764022827,1.0,0.9939981698989868
YLR369W,YOR229W,0,-2.7078166,0.09167352318763733,1.0,0.9940982460975647
YBR136W,YGR206W,0,-2.7093391,0.09166514128446579,1.0,0.9941982626914978
YNL038W,YOR014W,0,-2.726797,0.09165676683187485,1.0,0.9942982792854309
YOL146W,YMR076C,0,-2.7283442,0.0916483923792839,1.0,0.994398295879364
YDR217C,YDL043C,0,-2.7338939,0.09164001792669296,1.0,0.9944983720779419
YMR075W,YDR460W,0,-2.7397199,0.09163164347410202,1.0,0.994598388671875
YLR114C,YHR151C,0,-2.7407365,0.09162327647209167,1.0,0.9946984052658081
YOL018C,YLR105C,0,-2.7487924,0.09161490947008133,1.0,0.9947984218597412
YFL049W,YNR010W,0,-2.7579677,0.09160654246807098,1.0,0.9948984980583191
YBR264C,YGR171C,0,-2.7592452,0.09159817546606064,1.0,0.9949985146522522
YHL007C,YLR131C,0,-2.764307,0.09158980846405029,1.0,0.9950985312461853
YJR058C,YOR026W,0,-2.765622,0.09158144891262054,1.0,0.9951985478401184
YDR092W,YGR179C,0,-2.7750664,0.0915730819106102,1.0,0.9952985644340515
YDR362C,YPL005W,0,-2.7758126,0.09156472235918045,1.0,0.9953986406326294
YDR087C,YNL262W,0,-2.7765012,0.0915563702583313,1.0,0.9954986572265625
YDR351W,YCR035C,0,-2.77676,0.09154801070690155,1.0,0.9955986738204956
YDR205W,YHR110W,0,-2.7942286,0.0915396586060524,1.0,0.9956986904144287
YDR173C,YKL160W,0,-2.8015773,0.09153129905462265,1.0,0.9957987666130066
YCR093W,YJL186W,0,-2.802752,0.0915229469537735,1.0,0.9958987832069397
YER147C,YLR239C,0,-2.8029509,0.09151459485292435,1.0,0.9959987998008728
YAR042W,YER183C,0,-2.8076954,0.09150625020265579,1.0,0.9960988163948059
YPL210C,YHR077C,0,-2.8144627,0.09149790555238724,1.0,0.996198832988739
YKL173W,YPL055C,0,-2.8193407,0.09148955345153809,1.0,0.9962989091873169
YOR030W,YBL040C,0,-2.8210258,0.09148120880126953,1.0,0.99639892578125
YIL002C,YDR177W,0,-2.8301532,0.09147287160158157,1.0,0.9964989423751831
YMR026C,YGR091W,0,-2.8480043,0.09146452695131302,1.0,0.9965989589691162
YPL194W,YBL014C,0,-2.8576078,0.09145618975162506,1.0,0.9966990351676941
YDR478W,YOL078W,0,-2.8755598,0.0914478451013565,1.0,0.9967990517616272
YDR137W,YJR144W,0,-2.888928,0.09143950790166855,1.0,0.9968990683555603
YMR004W,YHR091C,0,-2.8924634,0.09143117815256119,1.0,0.9969990849494934
YGL210W,YBR276C,0,-2.9400835,0.09142284095287323,1.0,0.9970991015434265
YGL064C,YHR119W,0,-2.9428847,0.09141451120376587,1.0,0.9971991777420044
YGR184C,YCL032W,0,-2.9452705,0.09140618145465851,1.0,0.9972991943359375
YGR104C,YNL041C,0,-2.9545841,0.09139785170555115,1.0,0.9973992109298706
YCL034W,YGR274C,0,-2.9698806,0.09138952195644379,1.0,0.9974992275238037
YML031W,YNL222W,0,-2.9792736,0.09138119220733643,1.0,0.9975993037223816
YDR460W,YPR018W,0,-2.9804783,0.09137286990880966,1.0,0.9976993203163147
YKR002W,YBR211C,0,-2.9989002,0.0913645476102829,1.0,0.9977993369102478
YML031W,YGL252C,0,-3.0114589,0.09135622531175613,1.0,0.9978993535041809
YBR107C,YNL225C,0,-3.0890172,0.09134790301322937,1.0,0.997999370098114
YDL045C,YNR011C,0,-3.0931652,0.0913395881652832,1.0,0.9980994462966919
YOR327C,YKL089W,0,-3.0942202,0.09133126586675644,1.0,0.998199462890625
YDR279W,YJL156C,0,-3.1209292,0.09132295101881027,1.0,0.9982994794845581
YCR093W,YER183C,0,-3.1278162,0.0913146361708641,1.0,0.9983994960784912
YPL023C,YDR181C,0,-3.1355212,0.09130632877349854,1.0,0.9984995722770691
YDR469W,YNL164C,0,-3.1443741,0.09129801392555237,1.0,0.9985995888710022
YBR129C,YFR013W,0,-3.1799042,0.0912897065281868,1.0,0.9986996054649353
YJL112W,YIL038C,0,-3.1843781,0.09128139913082123,1.0,0.9987996220588684
YGL064C,YFR008W,0,-3.2401025,0.09127309173345566,1.0,0.9988996982574463
YNL222W,YDR292C,0,-3.2428555,0.09126478433609009,1.0,0.9989997148513794
YGR222W,YIL068C,0,-3.3331017,0.09125648438930511,1.0,0.9990997314453125
YNL258C,YKL087C,0,-3.3813457,0.09124817699193954,1.0,0.9991997480392456
YPL002C,YJR031C,0,-3.441512,0.09123987704515457,1.0,0.9992997646331787
YKL173W,YDR460W,0,-3.467114,0.0912315845489502,1.0,0.9993998408317566
YMR172W,YNL245C,0,-3.5621111,0.09122328460216522,1.0,0.9994998574256897
YOL135C,YPL001W,0,-3.595217,0.09121498465538025,1.0,0.9995998740196228
YKL012W,YGL071W,0,-3.6488156,0.09120669215917587,1.0,0.9996998906135559
YJR112W,YLR215C,0,-3.6686473,0.0911983996629715,1.0,0.9997999668121338
YGL228W,YDR386W,0,-3.674678,0.09119010716676712,1.0,0.9998999834060669
YMR236W,YDR108W,0,-3.7918065,0.09118181467056274,1.0,1.0
