Gene A,Gene B,Label,Score,Precision,Recall,False Positive Rate
YNL002C,YGL078C,1,2.1939628,1.0,0.0010000000474974513,0.0
YLR009W,YJL122W,1,2.1644053,1.0,0.0020000000949949026,0.0
YNL110C,YOL077C,1,2.136695,1.0,0.003000000026077032,0.0
YNL110C,YJL122W,1,2.0409734,1.0,0.004000000189989805,0.0
YGL078C,YGL111W,1,2.02947,1.0,0.004999999888241291,0.0
YLR221C,YOL077C,1,2.0134857,1.0,0.006000000052154064,0.0
YHR066W,YNL110C,1,1.9951181,1.0,0.007000000216066837,0.0
YLL008W,YOL077C,1,1.983231,1.0,0.00800000037997961,0.0
YKL009W,YOR272W,1,1.9696773,1.0,0.008999999612569809,0.0
YNL002C,YOL077C,1,1.9637988,1.0,0.009999999776482582,0.0
YLR009W,YKR081C,1,1.9516431,1.0,0.010999999940395355,0.0
YCL054W,YLR009W,1,1.9506129,1.0,0.012000000104308128,0.0
YNL002C,YJL122W,1,1.9478316,1.0,0.013000000268220901,0.0
YEL054C,YDR418W,1,1.927974,1.0,0.014000000432133675,0.0
YLR009W,YDR101C,1,1.926769,1.0,0.014999999664723873,0.0
YKL009W,YGL120C,1,1.9083657,1.0,0.01600000075995922,0.0
YDR418W,YOL127W,1,1.9050267,1.0,0.017000000923871994,0.0
YPL081W,YPL079W,0,1.9007406,0.9444444179534912,0.017000000923871994,9.999999747378752e-05
YNL002C,YGR245C,1,1.8923198,0.9473684430122375,0.017999999225139618,9.999999747378752e-05
YAL025C,YOR272W,1,1.8882152,0.949999988079071,0.01899999938905239,9.999999747378752e-05
YNL110C,YHR088W,1,1.8802698,0.9523809552192688,0.019999999552965164,9.999999747378752e-05
YDL031W,YPL146C,1,1.8602908,0.9545454382896423,0.020999999716877937,9.999999747378752e-05
YOL080C,YPL146C,1,1.8486446,0.95652174949646,0.02199999988079071,9.999999747378752e-05
YOL127W,YPR102C,1,1.835922,0.9583333134651184,0.023000000044703484,9.999999747378752e-05
YLR221C,YLR009W,1,1.8305807,0.9599999785423279,0.024000000208616257,9.999999747378752e-05
YLR009W,YHR052W,1,1.8213876,0.9615384340286255,0.02500000037252903,9.999999747378752e-05
YNL002C,YAL025C,1,1.8100483,0.9629629850387573,0.026000000536441803,9.999999747378752e-05
YAL025C,YOL077C,1,1.8077416,0.9642857313156128,0.027000000700354576,9.999999747378752e-05
YNL002C,YGL111W,1,1.7976501,0.9655172228813171,0.02800000086426735,9.999999747378752e-05
YLR009W,YGL111W,1,1.7802951,0.9666666388511658,0.028999999165534973,9.999999747378752e-05
YDL031W,YHR052W,1,1.7784429,0.9677419066429138,0.029999999329447746,9.999999747378752e-05
YLL008W,YOR272W,1,1.7780836,0.96875,0.03099999949336052,9.999999747378752e-05
YAL025C,YHR066W,1,1.7681626,0.9696969985961914,0.03200000151991844,9.999999747378752e-05
YOR063W,YPR102C,1,1.7629852,0.970588207244873,0.032999999821186066,9.999999747378752e-05
YPL093W,YNL110C,1,1.7617484,0.9714285731315613,0.03400000184774399,9.999999747378752e-05
YOL127W,YOR063W,1,1.7574329,0.9722222089767456,0.03500000014901161,9.999999747378752e-05
YLR009W,YOR272W,1,1.7496014,0.9729729890823364,0.035999998450279236,9.999999747378752e-05
YDR091C,YDR101C,1,1.7480829,0.9736841917037964,0.03700000047683716,9.999999747378752e-05
YOR234C,YOL039W,0,1.74538,0.9487179517745972,0.03700000047683716,0.00019999999494757503
YLR276C,YLR009W,1,1.7428405,0.949999988079071,0.03799999877810478,0.00019999999494757503
YLR221C,YOR272W,1,1.7425358,0.9512194991111755,0.039000000804662704,0.00019999999494757503
YEL054C,YLR448W,1,1.740604,0.9523809552192688,0.03999999910593033,0.00019999999494757503
YPR143W,YHR052W,1,1.7348659,0.9534883499145508,0.04100000113248825,0.00019999999494757503
YEL054C,YML073C,1,1.7340076,0.9545454382896423,0.041999999433755875,0.00019999999494757503
YOR272W,YPL146C,1,1.7339094,0.9555555582046509,0.0430000014603138,0.00019999999494757503
YGL078C,YHR088W,1,1.7325463,0.95652174949646,0.04399999976158142,0.00019999999494757503
YLL008W,YJL122W,1,1.7262745,0.957446813583374,0.04500000178813934,0.00019999999494757503
YOL077C,YHR170W,1,1.7217495,0.9583333134651184,0.04600000008940697,0.00019999999494757503
YGL078C,YJL122W,1,1.72161,0.9591836929321289,0.04699999839067459,0.00019999999494757503
YCL054W,YBR267W,1,1.7187054,0.9599999785423279,0.04800000041723251,0.00019999999494757503
YKL009W,YDR101C,1,1.715626,0.9607843160629272,0.04899999871850014,0.00019999999494757503
YKL082C,YLR009W,1,1.7110744,0.9615384340286255,0.05000000074505806,0.00019999999494757503
YKL082C,YNL110C,1,1.710607,0.9622641801834106,0.050999999046325684,0.00019999999494757503
YGR103W,YER126C,1,1.7078393,0.9629629850387573,0.052000001072883606,0.00019999999494757503
YPR143W,YNL110C,1,1.7075033,0.9636363387107849,0.05299999937415123,0.00019999999494757503
YDL031W,YHR066W,1,1.7073463,0.9642857313156128,0.05400000140070915,0.00019999999494757503
YLR221C,YHR088W,1,1.7048416,0.9649122953414917,0.054999999701976776,0.00019999999494757503
YLR221C,YGL120C,1,1.7047546,0.9655172228813171,0.0560000017285347,0.00019999999494757503
YOL077C,YGL120C,1,1.7039764,0.9661017060279846,0.05700000002980232,0.00019999999494757503
YOR272W,YHR052W,1,1.7031822,0.9666666388511658,0.057999998331069946,0.00019999999494757503
YNL110C,YKR081C,1,1.702074,0.9672130942344666,0.05900000035762787,0.00019999999494757503
YKL009W,YPL146C,1,1.6988703,0.9677419066429138,0.05999999865889549,0.00019999999494757503
YMR229C,YNL110C,1,1.6932405,0.9682539701461792,0.061000000685453415,0.00019999999494757503
YDL031W,YNL110C,1,1.6931022,0.96875,0.06199999898672104,0.00019999999494757503
YLL008W,YHR170W,1,1.6861218,0.9692307710647583,0.06300000101327896,0.00019999999494757503
YBR142W,YLL008W,1,1.6810565,0.9696969985961914,0.06400000303983688,0.00019999999494757503
YLR009W,YMR229C,1,1.6801264,0.9701492786407471,0.06499999761581421,0.00019999999494757503
YGL078C,YNL227C,1,1.6760316,0.970588207244873,0.06599999964237213,0.00019999999494757503
YAL025C,YGL111W,1,1.6745642,0.9710144996643066,0.06700000166893005,0.00019999999494757503
YGL078C,YOL077C,1,1.674211,0.9714285731315613,0.06800000369548798,0.00019999999494757503
YCL054W,YGL078C,1,1.673718,0.9718309640884399,0.0689999982714653,0.00019999999494757503
YER126C,YGL111W,1,1.6697559,0.9722222089767456,0.07000000029802322,0.00019999999494757503
YER126C,YHR088W,1,1.6695964,0.9726027250289917,0.07100000232458115,0.00019999999494757503
YGR103W,YHR170W,1,1.664564,0.9729729890823364,0.07199999690055847,0.00019999999494757503
YNL002C,YNL182C,1,1.6627861,0.9733333587646484,0.0729999989271164,0.00019999999494757503
YDR312W,YKR081C,1,1.6615326,0.9736841917037964,0.07400000095367432,0.00019999999494757503
YNL002C,YPR143W,1,1.6578097,0.9740259647369385,0.07500000298023224,0.00019999999494757503
YPR143W,YLR221C,1,1.6548808,0.9743589758872986,0.07599999755620956,0.00019999999494757503
YCL054W,YPL146C,1,1.6545746,0.9746835231781006,0.07699999958276749,0.00019999999494757503
YLR276C,YCL054W,1,1.6504223,0.9750000238418579,0.07800000160932541,0.00019999999494757503
YLR448W,YPR102C,1,1.6479392,0.9753086566925049,0.07900000363588333,0.00019999999494757503
YER126C,YHR066W,1,1.6454463,0.9756097793579102,0.07999999821186066,0.00019999999494757503
YPR143W,YKR081C,1,1.6431196,0.9759036302566528,0.08100000023841858,0.00019999999494757503
YLR221C,YFR001W,1,1.6421651,0.976190447807312,0.0820000022649765,0.00019999999494757503
YPR143W,YLR009W,1,1.6401165,0.9764705896377563,0.08299999684095383,0.00019999999494757503
YLL008W,YHR066W,1,1.6387435,0.9767441749572754,0.08399999886751175,0.00019999999494757503
YGL078C,YDL031W,1,1.637873,0.977011501789093,0.08500000089406967,0.00019999999494757503
YAL025C,YNR038W,1,1.62878,0.9772727489471436,0.0860000029206276,0.00019999999494757503
YLL008W,YHR052W,1,1.628245,0.9775280952453613,0.08699999749660492,0.00019999999494757503
YKL009W,YER126C,1,1.6251094,0.9777777791023254,0.08799999952316284,0.00019999999494757503
YCR072C,YLR009W,1,1.624692,0.9780219793319702,0.08900000154972076,0.00019999999494757503
YEL054C,YOL127W,1,1.624476,0.97826087474823,0.09000000357627869,0.00019999999494757503
YOL077C,YKR081C,1,1.6221311,0.9784946441650391,0.09099999815225601,0.00019999999494757503
YLR340W,YLR372W,0,1.6200012,0.9680851101875305,0.09099999815225601,0.0003000000142492354
YLR276C,YLR221C,1,1.6186107,0.9684210419654846,0.09200000017881393,0.0003000000142492354
YKL082C,YKL009W,1,1.6179287,0.96875,0.09300000220537186,0.0003000000142492354
YGL120C,YGL111W,1,1.6165745,0.969072163105011,0.09399999678134918,0.0003000000142492354
YPL093W,YJL122W,1,1.6054201,0.9693877696990967,0.0949999988079071,0.0003000000142492354
YPR143W,YHR088W,1,1.5999471,0.9696969985961914,0.09600000083446503,0.0003000000142492354
YHR066W,YHR052W,1,1.5978334,0.9700000286102295,0.09700000286102295,0.0003000000142492354
YNR038W,YJL122W,1,1.5965829,0.9702970385551453,0.09799999743700027,0.0003000000142492354
YLR221C,YHR170W,1,1.594899,0.970588207244873,0.0989999994635582,0.0003000000142492354
YLL008W,YKR081C,1,1.593636,0.9708737730979919,0.10000000149011612,0.0003000000142492354
YPR143W,YKL009W,1,1.5897343,0.9711538553237915,0.10100000351667404,0.0003000000142492354
YIR012W,YHR170W,1,1.5888064,0.9714285731315613,0.10199999809265137,0.0003000000142492354
YNL110C,YOL144W,1,1.5886958,0.9716981053352356,0.10300000011920929,0.0003000000142492354
YOL080C,YAL025C,1,1.5870129,0.9719626307487488,0.10400000214576721,0.0003000000142492354
YGL078C,YHR066W,1,1.5865774,0.9722222089767456,0.10499999672174454,0.0003000000142492354
YDR418W,YPR102C,1,1.5861086,0.9724770784378052,0.10599999874830246,0.0003000000142492354
YDL014W,YDL191W,0,1.5855927,0.9636363387107849,0.10599999874830246,0.00039999998989515007
YDR312W,YDL031W,1,1.5841866,0.9639639854431152,0.10700000077486038,0.00039999998989515007
YLR276C,YNL002C,1,1.5824182,0.9642857313156128,0.1080000028014183,0.00039999998989515007
YGR085C,YPR102C,1,1.5818268,0.9646017551422119,0.10899999737739563,0.00039999998989515007
YFR001W,YGL120C,1,1.581791,0.9649122953414917,0.10999999940395355,0.00039999998989515007
YLL008W,YGL111W,1,1.5769842,0.9652174115180969,0.11100000143051147,0.00039999998989515007
YJL122W,YGL111W,1,1.5745276,0.9655172228813171,0.1120000034570694,0.00039999998989515007
YDL031W,YLR009W,1,1.5729436,0.9658119678497314,0.11299999803304672,0.00039999998989515007
YCR072C,YDR101C,1,1.5708797,0.9661017060279846,0.11400000005960464,0.00039999998989515007
YGR245C,YIR012W,1,1.5705693,0.9663865566253662,0.11500000208616257,0.00039999998989515007
YGL120C,YPL146C,1,1.5703175,0.9666666388511658,0.11599999666213989,0.00039999998989515007
YLR009W,YHR170W,1,1.5701681,0.9669421315193176,0.11699999868869781,0.00039999998989515007
YPR143W,YDL031W,1,1.5700649,0.9672130942344666,0.11800000071525574,0.00039999998989515007
YPL093W,YOL077C,1,1.5696418,0.9674796462059021,0.11900000274181366,0.00039999998989515007
YPL266W,YLR003C,0,1.5652125,0.9596773982048035,0.11900000274181366,0.0005000000237487257
YLR276C,YOL077C,1,1.5649831,0.9599999785423279,0.11999999731779099,0.0005000000237487257
YOL077C,YHR052W,1,1.5646465,0.9603174328804016,0.12099999934434891,0.0005000000237487257
YER002W,YOR272W,1,1.5645984,0.960629940032959,0.12200000137090683,0.0005000000237487257
YGL078C,YLR221C,1,1.5637914,0.9609375,0.12300000339746475,0.0005000000237487257
YCL054W,YNL182C,1,1.5625696,0.961240291595459,0.12399999797344208,0.0005000000237487257
YHR170W,YJL122W,1,1.5566634,0.9615384340286255,0.125,0.0005000000237487257
YKR024C,YJL122W,1,1.5566063,0.9618320465087891,0.12600000202655792,0.0005000000237487257
YEL054C,YPR102C,1,1.55562,0.9621211886405945,0.12700000405311584,0.0005000000237487257
YNR038W,YOR272W,1,1.5555874,0.9624060392379761,0.12800000607967377,0.0005000000237487257
YLR075W,YML073C,1,1.5518076,0.9626865386962891,0.1289999932050705,0.0005000000237487257
YDR418W,YLR340W,1,1.5487972,0.9629629850387573,0.12999999523162842,0.0005000000237487257
YKL021C,YNR038W,1,1.5486386,0.9632353186607361,0.13099999725818634,0.0005000000237487257
YDL031W,YAL025C,1,1.5484381,0.9635036587715149,0.13199999928474426,0.0005000000237487257
YOR063W,YPL131W,1,1.5439968,0.9637681245803833,0.13300000131130219,0.0005000000237487257
YLR448W,YLR340W,1,1.5436782,0.9640287756919861,0.1340000033378601,0.0005000000237487257
YBR142W,YJL122W,1,1.5430208,0.9642857313156128,0.13500000536441803,0.0005000000237487257
YKL009W,YPL211W,1,1.5413823,0.9645389914512634,0.13600000739097595,0.0005000000237487257
YOL080C,YDR101C,1,1.5410125,0.9647887349128723,0.13699999451637268,0.0005000000237487257
YDR312W,YLR009W,1,1.5410115,0.9650349617004395,0.1379999965429306,0.0005000000237487257
YKL082C,YHR066W,1,1.5390471,0.9652777910232544,0.13899999856948853,0.0005000000237487257
YAL025C,YHR088W,1,1.5307459,0.9655172228813171,0.14000000059604645,0.0005000000237487257
YKR081C,YNL075W,0,1.5276221,0.9589040875434875,0.14000000059604645,0.0006000000284984708
YKL021C,YLR221C,1,1.5243628,0.9591836929321289,0.14100000262260437,0.0006000000284984708
YIR012W,YOR272W,1,1.5242121,0.9594594836235046,0.1420000046491623,0.0006000000284984708
YLR221C,YER126C,1,1.5236768,0.9597315192222595,0.14300000667572021,0.0006000000284984708
YGR245C,YER126C,1,1.5206044,0.9599999785423279,0.14399999380111694,0.0006000000284984708
YLL008W,YGL120C,1,1.5204616,0.9602649211883545,0.14499999582767487,0.0006000000284984708
YLR276C,YHR170W,1,1.5191169,0.9605262875556946,0.1459999978542328,0.0006000000284984708
YKL082C,YDL031W,1,1.5185587,0.9607843160629272,0.1469999998807907,0.0006000000284984708
YGL078C,YIR012W,1,1.5158873,0.9610389471054077,0.14800000190734863,0.0006000000284984708
YLR221C,YIR012W,1,1.5158325,0.9612902998924255,0.14900000393390656,0.0006000000284984708
YIR012W,YOL077C,1,1.5150883,0.9615384340286255,0.15000000596046448,0.0006000000284984708
YGR245C,YPL146C,1,1.5149775,0.9617834687232971,0.1509999930858612,0.0006000000284984708
YDR312W,YDR101C,1,1.5146446,0.9620253443717957,0.15199999511241913,0.0006000000284984708
YDR312W,YCL054W,1,1.5143037,0.9622641801834106,0.15299999713897705,0.0006000000284984708
YGL078C,YBR267W,1,1.5139647,0.9624999761581421,0.15399999916553497,0.0006000000284984708
YDR312W,YGL078C,1,1.5137831,0.9627329111099243,0.1550000011920929,0.0006000000284984708
YGR103W,YNL002C,1,1.5112311,0.9629629850387573,0.15600000321865082,0.0006000000284984708
YMR229C,YHR052W,1,1.5108027,0.9631901979446411,0.15700000524520874,0.0006000000284984708
YHR197W,YAL025C,1,1.5075608,0.9634146094322205,0.15800000727176666,0.0006000000284984708
YDL031W,YKR081C,1,1.5036505,0.9636363387107849,0.1589999943971634,0.0006000000284984708
YDR312W,YNL002C,1,1.4992683,0.9638554453849792,0.1599999964237213,0.0006000000284984708
YLR276C,YMR229C,1,1.4969938,0.9640718698501587,0.16099999845027924,0.0006000000284984708
YDL031W,YOL077C,1,1.4952755,0.9642857313156128,0.16200000047683716,0.0006000000284984708
YPL093W,YAL025C,1,1.4946642,0.9644970297813416,0.16300000250339508,0.0006000000284984708
YHR197W,YHR170W,1,1.4923253,0.9647058844566345,0.164000004529953,0.0006000000284984708
YOR272W,YGL111W,1,1.4887936,0.9649122953414917,0.16500000655651093,0.0006000000284984708
YNL002C,YPL093W,1,1.4825816,0.9651162624359131,0.16599999368190765,0.0006000000284984708
YNL110C,YBR267W,1,1.4788921,0.9653179049491882,0.16699999570846558,0.0006000000284984708
YNR038W,YKR081C,1,1.4752796,0.9655172228813171,0.1679999977350235,0.0006000000284984708
YGL078C,YNL182C,1,1.4752762,0.9657142758369446,0.16899999976158142,0.0006000000284984708
YDR312W,YOR272W,1,1.4648623,0.9659090638160706,0.17000000178813934,0.0006000000284984708
YKR024C,YKR081C,1,1.4643414,0.9661017060279846,0.17100000381469727,0.0006000000284984708
YKL082C,YKR081C,1,1.4643339,0.966292142868042,0.1720000058412552,0.0006000000284984708
YKL009W,YKR024C,1,1.4623315,0.9664804339408875,0.17299999296665192,0.0006000000284984708
YHR197W,YOL077C,1,1.4548539,0.9666666388511658,0.17399999499320984,0.0006000000284984708
YHR052W,YGL120C,1,1.4530289,0.9668508172035217,0.17499999701976776,0.0006000000284984708
YAL025C,YKR024C,1,1.452877,0.9670329689979553,0.17599999904632568,0.0006000000284984708
YCL054W,YHR088W,1,1.4513783,0.9672130942344666,0.1770000010728836,0.0006000000284984708
YGR245C,YOL077C,1,1.4506426,0.967391312122345,0.17800000309944153,0.0006000000284984708
YLR221C,YPL146C,1,1.4504063,0.9675675630569458,0.17900000512599945,0.0006000000284984708
YNL002C,YHR197W,1,1.4498951,0.9677419066429138,0.18000000715255737,0.0006000000284984708
YLL008W,YPL146C,1,1.448879,0.9679144620895386,0.1809999942779541,0.0006000000284984708
YKL009W,YLR448W,1,1.4476448,0.9680851101875305,0.18199999630451202,0.0006000000284984708
YDR312W,YOL080C,1,1.4458203,0.9682539701461792,0.18299999833106995,0.0006000000284984708
YPR102C,YLR340W,1,1.444485,0.9684210419654846,0.18400000035762787,0.0006000000284984708
YKL082C,YLL008W,1,1.443075,0.9685863852500916,0.1850000023841858,0.0006000000284984708
YPL093W,YHR052W,1,1.4426751,0.96875,0.1860000044107437,0.0006000000284984708
YCR072C,YNL182C,1,1.4416052,0.9689119458198547,0.18700000643730164,0.0006000000284984708
YMR229C,YKR081C,1,1.440373,0.969072163105011,0.18799999356269836,0.0006000000284984708
YNL110C,YPL211W,1,1.4382656,0.9692307710647583,0.1889999955892563,0.0006000000284984708
YDR091C,YKL009W,1,1.4378246,0.9693877696990967,0.1899999976158142,0.0006000000284984708
YNL002C,YKR024C,1,1.4365615,0.9695431590080261,0.19099999964237213,0.0006000000284984708
YHR197W,YNL182C,1,1.434092,0.9696969985961914,0.19200000166893005,0.0006000000284984708
YKL009W,YOL080C,1,1.4338076,0.9698492288589478,0.19300000369548798,0.0006000000284984708
YGL078C,YKR024C,1,1.4318601,0.9700000286102295,0.1940000057220459,0.0006000000284984708
YNL186W,YHR196W,0,1.4301608,0.96517413854599,0.1940000057220459,0.000699999975040555
YCR072C,YJL122W,1,1.4295461,0.9653465151786804,0.19499999284744263,0.000699999975040555
YLR221C,YKR024C,1,1.4281936,0.9655172228813171,0.19599999487400055,0.000699999975040555
YNL110C,YFR001W,1,1.4269583,0.9656862616539001,0.19699999690055847,0.000699999975040555
YKL009W,YHR066W,1,1.4258826,0.9658536314964294,0.1979999989271164,0.000699999975040555
YDR312W,YHR052W,1,1.4237512,0.9660193920135498,0.19900000095367432,0.000699999975040555
YLR276C,YJL122W,1,1.422879,0.966183602809906,0.20000000298023224,0.000699999975040555
YKL021C,YKL009W,1,1.4212282,0.9663461446762085,0.20100000500679016,0.000699999975040555
YGR103W,YPL211W,1,1.4201658,0.9665071964263916,0.20200000703334808,0.000699999975040555
YLR221C,YNR038W,1,1.4184239,0.9666666388511658,0.2029999941587448,0.000699999975040555
YPR143W,YMR229C,1,1.4169031,0.9668246507644653,0.20399999618530273,0.000699999975040555
YBR142W,YCL054W,1,1.4168029,0.9669811129570007,0.20499999821186066,0.000699999975040555
YGR245C,YHR066W,1,1.4166377,0.9671361446380615,0.20600000023841858,0.000699999975040555
YFL002C,YLL008W,1,1.4161892,0.9672897458076477,0.2070000022649765,0.000699999975040555
YOL080C,YOR272W,1,1.4152334,0.9674418568611145,0.20800000429153442,0.000699999975040555
YER002W,YFR001W,1,1.4136236,0.9675925970077515,0.20900000631809235,0.000699999975040555
YEL054C,YGL120C,1,1.4124944,0.9677419066429138,0.20999999344348907,0.000699999975040555
YLL008W,YKR024C,1,1.4124457,0.9678899049758911,0.210999995470047,0.000699999975040555
YDR184C,YGR280C,0,1.41134,0.9634703397750854,0.210999995470047,0.0007999999797903001
YER126C,YAL025C,1,1.4099413,0.9636363387107849,0.21199999749660492,0.0007999999797903001
YPL146C,YDR101C,1,1.4093354,0.9638009071350098,0.21299999952316284,0.0007999999797903001
YBR142W,YKR024C,1,1.4088221,0.9639639854431152,0.21400000154972076,0.0007999999797903001
YER002W,YOL077C,1,1.4075339,0.9641255736351013,0.2150000035762787,0.0007999999797903001
YHR197W,YJL122W,1,1.4068433,0.9642857313156128,0.2160000056028366,0.0007999999797903001
YOL077C,YOL144W,1,1.4056189,0.9644444584846497,0.21699999272823334,0.0007999999797903001
YBR142W,YNR038W,1,1.4034853,0.9646017551422119,0.21799999475479126,0.0007999999797903001
YHR066W,YKR081C,1,1.403332,0.9647576808929443,0.21899999678134918,0.0007999999797903001
YDR091C,YNL182C,1,1.4025475,0.9649122953414917,0.2199999988079071,0.0007999999797903001
YIR012W,YLR009W,1,1.4021418,0.9650654792785645,0.22100000083446503,0.0007999999797903001
YMR229C,YPL146C,1,1.399221,0.9652174115180969,0.22200000286102295,0.0007999999797903001
YBR142W,YGR245C,1,1.3966467,0.9653679728507996,0.22300000488758087,0.0007999999797903001
YMR229C,YDR101C,1,1.3959591,0.9655172228813171,0.2240000069141388,0.0007999999797903001
YPL131W,YLR340W,1,1.3949416,0.9656652212142944,0.22499999403953552,0.0007999999797903001
YLR221C,YPL093W,1,1.3929543,0.9658119678497314,0.22599999606609344,0.0007999999797903001
YKR081C,YPL217C,0,1.3909359,0.9617021083831787,0.22599999606609344,0.0008999999845400453
YLR276C,YKR081C,1,1.3897673,0.9618644118309021,0.22699999809265137,0.0008999999845400453
YDR312W,YLR221C,1,1.3876152,0.9620253443717957,0.2280000001192093,0.0008999999845400453
YBR142W,YOR272W,1,1.3868896,0.9621848464012146,0.2290000021457672,0.0008999999845400453
YDR312W,YHR088W,1,1.3866136,0.9623430967330933,0.23000000417232513,0.0008999999845400453
YDR091C,YKR024C,1,1.3848054,0.9624999761581421,0.23100000619888306,0.0008999999845400453
YHR197W,YGL078C,1,1.3836868,0.9626556038856506,0.23199999332427979,0.0008999999845400453
YKL009W,YPL093W,1,1.383067,0.9628099203109741,0.2329999953508377,0.0008999999845400453
YPL211W,YKR081C,1,1.3708074,0.9629629850387573,0.23399999737739563,0.0008999999845400453
YDL031W,YNR038W,1,1.3686006,0.9631147384643555,0.23499999940395355,0.0008999999845400453
YCR072C,YER126C,1,1.3674983,0.9632652997970581,0.23600000143051147,0.0008999999845400453
YKL120W,YLR449W,0,1.366993,0.9593495726585388,0.23600000143051147,0.0010000000474974513
YDL031W,YBR267W,1,1.36549,0.9595141410827637,0.2370000034570694,0.0010000000474974513
YGL029W,YKR024C,0,1.3641492,0.9556451439857483,0.2370000034570694,0.0010999999940395355
YIR012W,YNL110C,1,1.3638207,0.9558233022689819,0.23800000548362732,0.0010999999940395355
YDR312W,YHR170W,1,1.3602884,0.9559999704360962,0.23899999260902405,0.0010999999940395355
YMR229C,YHR170W,1,1.3591841,0.9561753273010254,0.23999999463558197,0.0010999999940395355
YCR072C,YGL078C,1,1.3582444,0.9563491940498352,0.2409999966621399,0.0010999999940395355
YLR448W,YPL211W,1,1.3551445,0.95652174949646,0.24199999868869781,0.0010999999940395355
YLR276C,YCR072C,1,1.3537179,0.9566929340362549,0.24300000071525574,0.0010999999940395355
YKL082C,YPL146C,1,1.3525047,0.95686274766922,0.24400000274181366,0.0010999999940395355
YFR001W,YDR101C,1,1.3515918,0.95703125,0.24500000476837158,0.0010999999940395355
YIR012W,YPL211W,1,1.3510739,0.957198441028595,0.2460000067949295,0.0010999999940395355
YPL211W,YNR038W,1,1.3499618,0.9573643207550049,0.24699999392032623,0.0010999999940395355
YDR060W,YDR091C,1,1.3494097,0.9575289487838745,0.24799999594688416,0.0010999999940395355
YLR009W,YOL144W,1,1.3492093,0.9576923251152039,0.24899999797344208,0.0010999999940395355
YGR103W,YLR009W,1,1.3472917,0.9578543901443481,0.25,0.0010999999940395355
YDR312W,YGL120C,1,1.3458065,0.9580152630805969,0.25099998712539673,0.0010999999940395355
YGL078C,YNR038W,1,1.3443165,0.9581748843193054,0.25200000405311584,0.0010999999940395355
YMR229C,YOR272W,1,1.3422449,0.9583333134651184,0.2529999911785126,0.0010999999940395355
YDR312W,YGR245C,1,1.3415084,0.9584905505180359,0.2540000081062317,0.0010999999940395355
YMR229C,YNR038W,1,1.3402914,0.9586465954780579,0.2549999952316284,0.0010999999940395355
YCR072C,YGL111W,1,1.3387046,0.9588015079498291,0.25600001215934753,0.0010999999940395355
YIL127C,YGR280C,0,1.3353075,0.9552238583564758,0.25600001215934753,0.0012000000569969416
YER126C,YIR012W,1,1.3351045,0.9553903341293335,0.25699999928474426,0.0012000000569969416
YGR103W,YJL122W,1,1.3338654,0.9555555582046509,0.257999986410141,0.0012000000569969416
YHR197W,YLR009W,1,1.3329825,0.955719530582428,0.2590000033378601,0.0012000000569969416
YDR312W,YPR143W,1,1.3326951,0.9558823704719543,0.25999999046325684,0.0012000000569969416
YGL099W,YBR104W,0,1.3305001,0.9523809552192688,0.25999999046325684,0.0013000000035390258
YJL122W,YDL014W,0,1.3285595,0.9489051103591919,0.25999999046325684,0.00139999995008111
YDR312W,YCR072C,1,1.3273361,0.9490908980369568,0.26100000739097595,0.00139999995008111
YCL054W,YGL120C,1,1.326794,0.9492753744125366,0.2619999945163727,0.00139999995008111
YGL078C,YOL144W,1,1.325378,0.9494584798812866,0.2630000114440918,0.00139999995008111
YKL082C,YIR012W,1,1.3209591,0.9496402740478516,0.2639999985694885,0.00139999995008111
YLR372W,YNR046W,0,1.3206317,0.9462365508079529,0.2639999985694885,0.001500000013038516
YGR103W,YKR081C,1,1.3183279,0.9464285969734192,0.26499998569488525,0.001500000013038516
YDR312W,YFR001W,1,1.318143,0.9466192126274109,0.26600000262260437,0.001500000013038516
YDR060W,YHR052W,1,1.3181349,0.9468085169792175,0.2669999897480011,0.001500000013038516
YKR092C,YLR372W,0,1.3150439,0.9434629082679749,0.2669999897480011,0.0015999999595806003
YNL182C,YIR012W,1,1.3147455,0.9436619877815247,0.2680000066757202,0.0015999999595806003
YLR276C,YNR038W,1,1.312742,0.9438596367835999,0.26899999380111694,0.0015999999595806003
YPR143W,YGL111W,1,1.311072,0.9440559148788452,0.27000001072883606,0.0015999999595806003
YGR245C,YKL082C,1,1.3092571,0.9442508816719055,0.2709999978542328,0.0015999999595806003
YKL082C,YHR052W,1,1.3090315,0.9444444179534912,0.2720000147819519,0.0015999999595806003
YBR142W,YPR143W,1,1.3081003,0.9446367025375366,0.27300000190734863,0.0015999999595806003
YKL082C,YPL093W,1,1.307042,0.9448275566101074,0.27399998903274536,0.0015999999595806003
YNL182C,YPL211W,1,1.3040268,0.9450171589851379,0.2750000059604645,0.0015999999595806003
YKL082C,YOR272W,1,1.3015828,0.9452054500579834,0.2759999930858612,0.0015999999595806003
YGR103W,YGR085C,1,1.2987932,0.9453924894332886,0.2770000100135803,0.0015999999595806003
YLR075W,YPR102C,1,1.2987317,0.9455782175064087,0.27799999713897705,0.0015999999595806003
YFR001W,YOR272W,1,1.2982795,0.9457626938819885,0.27900001406669617,0.0015999999595806003
YHR197W,YHR066W,1,1.298017,0.9459459185600281,0.2800000011920929,0.0015999999595806003
YGR103W,YLR448W,1,1.296721,0.9461279511451721,0.2809999883174896,0.0015999999595806003
YHR197W,YFR001W,1,1.2965112,0.9463087320327759,0.28200000524520874,0.0015999999595806003
YLR276C,YIR012W,1,1.2963936,0.9464883208274841,0.28299999237060547,0.0015999999595806003
YPL211W,YGL120C,1,1.2962,0.9466666579246521,0.2840000092983246,0.0015999999595806003
YGR245C,YBR267W,1,1.294935,0.9468438625335693,0.2849999964237213,0.0015999999595806003
YOL080C,YKR024C,1,1.2893286,0.9470198750495911,0.28600001335144043,0.0015999999595806003
YDR001C,YDL222C,0,1.2878836,0.9438943862915039,0.28600001335144043,0.0017000000225380063
YLR276C,YOL080C,1,1.2854772,0.9440789222717285,0.28700000047683716,0.0017000000225380063
YOL144W,YKR081C,1,1.2820652,0.9442622661590576,0.2879999876022339,0.0017000000225380063
YGL078C,YDR091C,1,1.2799385,0.9444444179534912,0.289000004529953,0.0017000000225380063
YLR276C,YNL182C,1,1.2792704,0.9446253776550293,0.28999999165534973,0.0017000000225380063
YML073C,YPL131W,1,1.2785362,0.9448052048683167,0.29100000858306885,0.0017000000225380063
YFL002C,YFR001W,1,1.2780042,0.9449838399887085,0.2919999957084656,0.0017000000225380063
YNL256W,YGL029W,0,1.2752862,0.9419354796409607,0.2919999957084656,0.0017999999690800905
YBR142W,YHR170W,1,1.2746844,0.9421221613883972,0.2930000126361847,0.0017999999690800905
YLR276C,YDR091C,1,1.27213,0.942307710647583,0.2939999997615814,0.0017999999690800905
YLR276C,YPL211W,1,1.2702615,0.9424920082092285,0.29499998688697815,0.0017999999690800905
YOL127W,YOR272W,1,1.2693236,0.9426751732826233,0.29600000381469727,0.0017999999690800905
YMR229C,YHR088W,1,1.2684085,0.9428571462631226,0.296999990940094,0.0017999999690800905
YDR385W,YCR034W,0,1.2683009,0.9398733973503113,0.296999990940094,0.0019000000320374966
YDR060W,YLR009W,1,1.2679818,0.9400631189346313,0.2980000078678131,0.0019000000320374966
YBR267W,YGL111W,1,1.267414,0.9402515888214111,0.29899999499320984,0.0019000000320374966
YKR081C,YGL029W,0,1.2667588,0.9373040795326233,0.29899999499320984,0.0020000000949949026
YDL031W,YKR024C,1,1.2662959,0.9375,0.30000001192092896,0.0020000000949949026
YHR066W,YFR001W,1,1.2657269,0.9376947283744812,0.3009999990463257,0.0020000000949949026
YLR276C,YER126C,1,1.2631938,0.9378882050514221,0.3019999861717224,0.0020000000949949026
YLR388W,YNL067W,0,1.2575917,0.9349845051765442,0.3019999861717224,0.002099999925121665
YKL009W,YFR001W,1,1.2560171,0.9351851940155029,0.30300000309944153,0.002099999925121665
YFR001W,YKR081C,1,1.255369,0.9353846311569214,0.30399999022483826,0.002099999925121665
YDR060W,YKL009W,1,1.255007,0.9355828166007996,0.3050000071525574,0.002099999925121665
YGR085C,YJL122W,1,1.2547817,0.9357798099517822,0.3059999942779541,0.002099999925121665
YER126C,YOL080C,1,1.253506,0.9359756112098694,0.3070000112056732,0.002099999925121665
YDR060W,YKL082C,1,1.2509733,0.936170220375061,0.30799999833106995,0.002099999925121665
YFL002C,YLR009W,1,1.2502483,0.9363636374473572,0.3089999854564667,0.002099999925121665
YOL127W,YOL077C,1,1.2499803,0.9365558624267578,0.3100000023841858,0.002099999925121665
YLR221C,YOL144W,1,1.2489612,0.9367470145225525,0.3109999895095825,0.002099999925121665
YLR075W,YGR085C,1,1.2469679,0.9369369149208069,0.31200000643730164,0.002099999925121665
YER126C,YFR001W,1,1.246566,0.9371257424354553,0.31299999356269836,0.002099999925121665
YKL009W,YDR418W,1,1.2430593,0.937313437461853,0.3140000104904175,0.002099999925121665
YFR001W,YHR170W,1,1.2410843,0.9375,0.3149999976158142,0.002099999925121665
YOR272W,YKR081C,1,1.2390203,0.937685489654541,0.3160000145435333,0.002099999925121665
YDR060W,YCL054W,1,1.2367806,0.9378698468208313,0.31700000166893005,0.002099999925121665
YGR245C,YFL002C,1,1.2365408,0.9380530714988708,0.3179999887943268,0.002099999925121665
YDR091C,YOL127W,1,1.235567,0.9382352828979492,0.3190000057220459,0.002099999925121665
YCR072C,YNR038W,1,1.2354717,0.9384164214134216,0.3199999928474426,0.002099999925121665
YPL211W,YHR088W,1,1.2349684,0.9385964870452881,0.32100000977516174,0.002099999925121665
YEL054C,YOR063W,1,1.2337185,0.9387755393981934,0.32199999690055847,0.002099999925121665
YKL021C,YLL008W,1,1.2326035,0.9389534592628479,0.3230000138282776,0.002099999925121665
YCR072C,YKR081C,1,1.2320096,0.939130425453186,0.3240000009536743,0.002099999925121665
YLL008W,YFR001W,1,1.2313073,0.939306378364563,0.32499998807907104,0.002099999925121665
YLR009W,YBR267W,1,1.2312089,0.939481258392334,0.32600000500679016,0.002099999925121665
YHR088W,YFR001W,1,1.2304795,0.9396551847457886,0.3269999921321869,0.002099999925121665
YLR276C,YGR245C,1,1.2295284,0.939828097820282,0.328000009059906,0.002099999925121665
YNL002C,YLR448W,1,1.2281456,0.9399999976158142,0.32899999618530273,0.002099999925121665
YNL002C,YOL144W,1,1.2281146,0.94017094373703,0.33000001311302185,0.002099999925121665
YFL002C,YNR038W,1,1.2279584,0.9403409361839294,0.3310000002384186,0.002099999925121665
YCR072C,YHR052W,1,1.224716,0.9405099153518677,0.3319999873638153,0.002099999925121665
YDR060W,YGL078C,1,1.2246187,0.9406779408454895,0.3330000042915344,0.002099999925121665
YOR095C,YKR081C,0,1.2242296,0.9380281567573547,0.3330000042915344,0.002199999988079071
YOL080C,YHR052W,1,1.224229,0.9382022619247437,0.33399999141693115,0.002199999988079071
YMR229C,YGL120C,1,1.2231156,0.9383753538131714,0.33500000834465027,0.002199999988079071
YKL082C,YOL080C,1,1.2211761,0.9385474920272827,0.335999995470047,0.002199999988079071
YLR276C,YKR024C,1,1.2211692,0.9387186765670776,0.3370000123977661,0.002199999988079071
YGR085C,YKL009W,1,1.2167232,0.9388889074325562,0.33799999952316284,0.002199999988079071
YGR085C,YDR091C,1,1.2138081,0.9390581846237183,0.33899998664855957,0.002199999988079071
YGR085C,YMR229C,1,1.2136241,0.939226508140564,0.3400000035762787,0.002199999988079071
YGR245C,YMR229C,1,1.2129449,0.939393937587738,0.3409999907016754,0.002199999988079071
YDL031W,YPL093W,1,1.2110448,0.9395604133605957,0.34200000762939453,0.002199999988079071
YIR012W,YKR081C,1,1.2106166,0.9397260546684265,0.34299999475479126,0.002199999988079071
YAL025C,YPL211W,1,1.2093428,0.9398906826972961,0.3440000116825104,0.002199999988079071
YKL009W,YOL144W,1,1.2082546,0.9400544762611389,0.3449999988079071,0.002199999988079071
YEL026W,YHL013C,0,1.2071359,0.9375,0.3449999988079071,0.002300000051036477
YOL144W,YHR052W,1,1.2070057,0.9376693964004517,0.34599998593330383,0.002300000051036477
YGL099W,YHL013C,0,1.2032458,0.9351351261138916,0.34599998593330383,0.002400000113993883
YLR221C,YLR448W,1,1.1997721,0.9353099465370178,0.34700000286102295,0.002400000113993883
YBR142W,YMR229C,1,1.1990004,0.9354838728904724,0.3479999899864197,0.002400000113993883
YFL002C,YGL078C,1,1.1983703,0.9356568455696106,0.3490000069141388,0.002400000113993883
YPR058W,YDL191W,0,1.1970124,0.9331550598144531,0.3490000069141388,0.0024999999441206455
YDR312W,YPL146C,1,1.1959388,0.9333333373069763,0.3499999940395355,0.0024999999441206455
YGR103W,YHR197W,1,1.1947017,0.9335106611251831,0.35100001096725464,0.0024999999441206455
YDR418W,YGL120C,1,1.1946416,0.9336870312690735,0.35199999809265137,0.0024999999441206455
YHR066W,YBR267W,1,1.1920302,0.9338624477386475,0.3529999852180481,0.0024999999441206455
YHR197W,YHR052W,1,1.1913979,0.934036910533905,0.3540000021457672,0.0024999999441206455
YNL002C,YGR280C,0,1.1910874,0.9315789341926575,0.3540000021457672,0.0026000000070780516
YAL025C,YKL014C,1,1.1907406,0.9317585229873657,0.35499998927116394,0.0026000000070780516
YDR312W,YKL082C,1,1.1898099,0.9319371581077576,0.35600000619888306,0.0026000000070780516
YCL054W,YPL211W,1,1.1897485,0.9321148991584778,0.3569999933242798,0.0026000000070780516
YGR103W,YFL002C,1,1.1886352,0.9322916865348816,0.3580000102519989,0.0026000000070780516
YFL002C,YIR012W,1,1.1860452,0.932467520236969,0.35899999737739563,0.0026000000070780516
YCL054W,YGL111W,1,1.184614,0.9326424598693848,0.36000001430511475,0.0026000000070780516
YNL227C,YNL110C,1,1.1829703,0.9328165650367737,0.3610000014305115,0.0026000000070780516
YGR103W,YPL093W,1,1.1820788,0.9329897165298462,0.3619999885559082,0.0026000000070780516
YDR091C,YIR012W,1,1.180723,0.9331619739532471,0.3630000054836273,0.0026000000070780516
YGR103W,YER002W,1,1.1776887,0.9333333373069763,0.36399999260902405,0.0026000000070780516
YDR346C,YNL256W,0,1.175108,0.9309462904930115,0.36399999260902405,0.0027000000700354576
YNL227C,YOR272W,1,1.1731946,0.9311224222183228,0.36500000953674316,0.0027000000700354576
YLR448W,YDR101C,1,1.171401,0.9312977194786072,0.3659999966621399,0.0027000000700354576
YHR197W,YKR024C,1,1.1710227,0.9314720630645752,0.367000013589859,0.0027000000700354576
YDR312W,YKR024C,1,1.1679729,0.9316455721855164,0.36800000071525574,0.0027000000700354576
YLR276C,YOL144W,1,1.1667457,0.9318181872367859,0.36899998784065247,0.0027000000700354576
YDR312W,YKL009W,1,1.1664013,0.9319899082183838,0.3700000047683716,0.0027000000700354576
YBR142W,YDR091C,1,1.1655297,0.9321607947349548,0.3709999918937683,0.0027000000700354576
YNL067W,YBR154C,0,1.1635112,0.9298245906829834,0.3709999918937683,0.00279999990016222
YLR022C,YLR340W,1,1.1626209,0.9300000071525574,0.3720000088214874,0.00279999990016222
YJL122W,YBR106W,0,1.1624655,0.9276807904243469,0.3720000088214874,0.002899999963119626
YHR088W,YOL144W,1,1.1612293,0.927860677242279,0.37299999594688416,0.002899999963119626
YHR170W,YKR081C,1,1.160208,0.9280397295951843,0.37400001287460327,0.002899999963119626
YFL002C,YHR170W,1,1.1596327,0.9282178282737732,0.375,0.002899999963119626
YDR060W,YPL093W,1,1.1589217,0.9283950328826904,0.37599998712539673,0.002899999963119626
YLR448W,YAL025C,1,1.1588496,0.9285714030265808,0.37700000405311584,0.002899999963119626
YGR103W,YAL025C,1,1.1575775,0.9287469387054443,0.3779999911785126,0.002899999963119626
YHR085W,YNL110C,1,1.1569774,0.9289215803146362,0.3790000081062317,0.002899999963119626
YGR085C,YGL078C,1,1.1555681,0.9290953278541565,0.3799999952316284,0.002899999963119626
YDR312W,YER002W,1,1.1551919,0.9292683005332947,0.38100001215934753,0.002899999963119626
YLR276C,YGR085C,1,1.1541202,0.9294403791427612,0.38199999928474426,0.002899999963119626
YDR060W,YLL008W,1,1.153246,0.9296116232872009,0.382999986410141,0.002899999963119626
YHL033C,YLR002C,0,1.1525271,0.9273607730865479,0.382999986410141,0.003000000026077032
YDR312W,YAL025C,1,1.1515548,0.9275362491607666,0.3840000033378601,0.003000000026077032
YKL021C,YDR091C,1,1.1512806,0.9277108311653137,0.38499999046325684,0.003000000026077032
YGR245C,YHR085W,1,1.1502707,0.9278846383094788,0.38600000739097595,0.003000000026077032
YER126C,YNR038W,1,1.1498088,0.9280575513839722,0.3869999945163727,0.003000000026077032
YDR214W,YDR171W,0,1.145947,0.9258373379707336,0.3869999945163727,0.003100000089034438
YCL054W,YPL093W,1,1.1456244,0.9260143041610718,0.3880000114440918,0.003100000089034438
YPL081W,YNR046W,0,1.1448497,0.9238095283508301,0.3880000114440918,0.0031999999191612005
YDR060W,YMR229C,1,1.1409059,0.9239904880523682,0.3889999985694885,0.0031999999191612005
YOL144W,YPL146C,1,1.1365747,0.9241706132888794,0.38999998569488525,0.0031999999191612005
YNL227C,YHR066W,1,1.1330453,0.9243499040603638,0.39100000262260437,0.0031999999191612005
YDR091C,YPR016C,1,1.1328673,0.9245283007621765,0.3919999897480011,0.0031999999191612005
YER002W,YOL080C,1,1.1318145,0.9247058629989624,0.3930000066757202,0.0031999999191612005
YBR142W,YPL146C,1,1.1305883,0.9248826503753662,0.39399999380111694,0.0031999999191612005
YJL177W,YNR046W,0,1.1303605,0.9227166175842285,0.39399999380111694,0.0032999999821186066
YFL002C,YJL122W,1,1.1302145,0.922897219657898,0.39500001072883606,0.0032999999821186066
YLR009W,YHR085W,1,1.1295888,0.9230769276618958,0.3959999978542328,0.0032999999821186066
YLR075W,YDR418W,1,1.1294436,0.9232558012008667,0.3970000147819519,0.0032999999821186066
YEL054C,YOL077C,1,1.1255534,0.9234338998794556,0.39800000190734863,0.0032999999821186066
YPL093W,YHR170W,1,1.125069,0.9236111044883728,0.39899998903274536,0.0032999999821186066
YKR024C,YGL111W,1,1.1230724,0.923787534236908,0.4000000059604645,0.0032999999821186066
YDR418W,YMR229C,1,1.1220508,0.9239631295204163,0.4009999930858612,0.0032999999821186066
YPR143W,YNL227C,1,1.1204493,0.9241379499435425,0.4020000100135803,0.0032999999821186066
YGL078C,YEL054C,1,1.1192064,0.9243119359016418,0.40299999713897705,0.0032999999821186066
YLR075W,YLR022C,1,1.1176262,0.9244851469993591,0.40400001406669617,0.0032999999821186066
YNL252C,YPL118W,0,1.1161102,0.922374427318573,0.40400001406669617,0.0034000000450760126
YBR126C,YBR280C,0,1.1159091,0.9202733635902405,0.40400001406669617,0.0035000001080334187
YLR221C,YHR085W,1,1.1151123,0.9204545617103577,0.4050000011920929,0.0035000001080334187
YMR229C,YFR001W,1,1.1139662,0.920634925365448,0.4059999883174896,0.0035000001080334187
YGR103W,YHR066W,1,1.1112674,0.9208144545555115,0.40700000524520874,0.0035000001080334187
YNL002C,YOR063W,1,1.1089915,0.9209932088851929,0.40799999237060547,0.0035000001080334187
YEL054C,YER126C,1,1.1060975,0.9211711883544922,0.4090000092983246,0.0035000001080334187
YIR012W,YKR024C,1,1.105896,0.9213483333587646,0.4099999964237213,0.0035000001080334187
YGR245C,YPL093W,1,1.1030753,0.9215246438980103,0.41100001335144043,0.0035000001080334187
YDL014W,YBR154C,0,1.1018958,0.9194630980491638,0.41100001335144043,0.003599999938160181
YNL002C,YNL227C,1,1.1012952,0.9196428656578064,0.41200000047683716,0.003599999938160181
YNL002C,YEL054C,1,1.1010414,0.9198217988014221,0.4129999876022339,0.003599999938160181
YLR448W,YLR009W,1,1.1009643,0.9200000166893005,0.414000004529953,0.003599999938160181
YKL009W,YOL127W,1,1.1007502,0.9201774001121521,0.41499999165534973,0.003599999938160181
YOL144W,YOR272W,1,1.1005992,0.9203540086746216,0.41600000858306885,0.003599999938160181
YER126C,YKR024C,1,1.0997837,0.9205297827720642,0.4169999957084656,0.003599999938160181
YBR267W,YPL146C,1,1.0978329,0.9207048416137695,0.4180000126361847,0.003599999938160181
YBR171W,YML001W,0,1.0966399,0.9186813235282898,0.4180000126361847,0.003700000001117587
YMR229C,YOL144W,1,1.0935211,0.9188596606254578,0.4189999997615814,0.003700000001117587
YDL031W,YOL144W,1,1.093092,0.9190372228622437,0.41999998688697815,0.003700000001117587
YFL002C,YAL025C,1,1.0884384,0.9192139506340027,0.42100000381469727,0.003700000001117587
YDL031W,YER002W,1,1.0850402,0.9193899631500244,0.421999990940094,0.003700000001117587
YGR085C,YHR052W,1,1.0845013,0.9195652008056641,0.4230000078678131,0.003700000001117587
YGR245C,YDR091C,1,1.0844963,0.9197397232055664,0.42399999499320984,0.003700000001117587
YEL054C,YLL008W,1,1.0816064,0.9199134111404419,0.42500001192092896,0.003700000001117587
YKR024C,YNR038W,1,1.0792577,0.9200863838195801,0.4259999990463257,0.003700000001117587
YGR152C,YKL113C,0,1.0787327,0.9181034564971924,0.4259999990463257,0.003800000064074993
YLR448W,YJL122W,1,1.0764208,0.9182795882225037,0.4269999861717224,0.003800000064074993
YGR085C,YDR060W,1,1.0741775,0.9184549450874329,0.42800000309944153,0.003800000064074993
YDR060W,YNL182C,1,1.0737551,0.91862952709198,0.42899999022483826,0.003800000064074993
YNL227C,YHR052W,1,1.0724314,0.9188033938407898,0.4300000071525574,0.003800000064074993
YMR260C,YNL113W,0,1.0694952,0.916844367980957,0.4300000071525574,0.0038999998942017555
YBR142W,YHR197W,1,1.0675166,0.9170212745666504,0.4309999942779541,0.0038999998942017555
YBR126C,YEL060C,0,1.0672355,0.9150742888450623,0.4309999942779541,0.004000000189989805
YLL039C,YKL065C,0,1.0657325,0.9131355881690979,0.4309999942779541,0.004100000020116568
YHR066W,YOL144W,1,1.0653685,0.9133192300796509,0.4320000112056732,0.004100000020116568
YLR075W,YKL009W,1,1.0617281,0.9135020971298218,0.43299999833106995,0.004100000020116568
YGL078C,YPR016C,1,1.0616934,0.9136841893196106,0.4339999854564667,0.004100000020116568
YAL025C,YNL227C,1,1.0612305,0.9138655662536621,0.4350000023841858,0.004100000020116568
YNL186W,YMR309C,0,1.0605469,0.9119496941566467,0.4350000023841858,0.00419999985024333
YGR183C,YCL040W,0,1.0605187,0.910041868686676,0.4350000023841858,0.00430000014603138
YDR060W,YPL146C,1,1.057957,0.9102296233177185,0.4359999895095825,0.00430000014603138
YER126C,YPL211W,1,1.0553243,0.9104166626930237,0.43700000643730164,0.00430000014603138
YJL177W,YCR028C-A,0,1.0551865,0.9085239171981812,0.43700000643730164,0.004399999976158142
YKL120W,YMR309C,0,1.0545018,0.9066389799118042,0.43700000643730164,0.0044999998062849045
YHR085W,YOR272W,1,1.0541309,0.9068322777748108,0.43799999356269836,0.0044999998062849045
YOR234C,YGL099W,0,1.0526834,0.9049586653709412,0.43799999356269836,0.004600000102072954
YDL092W,YBR154C,0,1.0526106,0.9030928015708923,0.43799999356269836,0.004699999932199717
YOR063W,YLR340W,1,1.0525309,0.903292179107666,0.4390000104904175,0.004699999932199717
YCR072C,YHR197W,1,1.049803,0.9034907817840576,0.4399999976158142,0.004699999932199717
YMR229C,YPR102C,1,1.0494034,0.9036885499954224,0.4410000145435333,0.004699999932199717
YLR448W,YKR081C,1,1.049268,0.9038854837417603,0.44200000166893005,0.004699999932199717
YDR091C,YER002W,1,1.0476496,0.9040816426277161,0.4429999887943268,0.004699999932199717
YBR079C,YLR002C,0,1.047355,0.9022403359413147,0.4429999887943268,0.004800000227987766
YNL227C,YGL111W,1,1.046331,0.9024389982223511,0.4440000057220459,0.004800000227987766
YDR060W,YDL031W,1,1.0462532,0.9026369452476501,0.4449999928474426,0.004800000227987766
YJL145W,YLR003C,0,1.0449327,0.9008097052574158,0.4449999928474426,0.004900000058114529
YDR312W,YNL227C,1,1.0425615,0.9010100960731506,0.44600000977516174,0.004900000058114529
YER002W,YHR085W,1,1.0422223,0.9012096524238586,0.44699999690055847,0.004900000058114529
YGL078C,YLR448W,1,1.041878,0.9014084339141846,0.4480000138282776,0.004900000058114529
YDR060W,YPL211W,1,1.0418688,0.9016064405441284,0.4490000009536743,0.004900000058114529
YDR450W,YGL008C,0,1.0417978,0.8997995853424072,0.4490000009536743,0.004999999888241291
YDL031W,YIR012W,1,1.0406412,0.8999999761581421,0.44999998807907104,0.004999999888241291
YKR092C,YPL081W,0,1.0401068,0.8982036113739014,0.44999998807907104,0.005100000184029341
YNL002C,YDR060W,1,1.0397224,0.8984063863754272,0.45100000500679016,0.005100000184029341
YGR085C,YIR012W,1,1.0396403,0.8986083269119263,0.4519999921321869,0.005100000184029341
YNL002C,YNL163C,1,1.0369496,0.898809552192688,0.453000009059906,0.005100000184029341
YDL031W,YLR448W,1,1.0367397,0.8990098834037781,0.45399999618530273,0.005100000184029341
YNL227C,YHR088W,1,1.0360738,0.8992094993591309,0.45500001311302185,0.005100000184029341
YOL080C,YPL093W,1,1.0341856,0.8994082808494568,0.4560000002384186,0.005100000184029341
YFL002C,YKL082C,1,1.0333488,0.8996062874794006,0.4569999873638153,0.005100000184029341
YEL011W,YEL060C,0,1.0320032,0.8978388905525208,0.4569999873638153,0.005200000014156103
YGR085C,YNL002C,1,1.0317858,0.8980392217636108,0.4580000042915344,0.005200000014156103
YEL054C,YPL093W,1,1.031609,0.8982387185096741,0.45899999141693115,0.005200000014156103
YPR143W,YPL211W,1,1.0281738,0.8984375,0.46000000834465027,0.005200000014156103
YNL182C,YPL093W,1,1.0265667,0.8986355066299438,0.460999995470047,0.005200000014156103
YCR072C,YKL082C,1,1.0264931,0.8988326787948608,0.4620000123977661,0.005200000014156103
YLR275W,YML026C,0,1.0264173,0.8970873951911926,0.4620000123977661,0.0052999998442828655
YKL009W,YPL131W,1,1.0256078,0.8972868323326111,0.46299999952316284,0.0052999998442828655
YCR072C,YPL211W,1,1.0236716,0.8974854946136475,0.46399998664855957,0.0052999998442828655
YHL033C,YPL266W,0,1.0222273,0.8957529067993164,0.46399998664855957,0.005400000140070915
YPL211W,YFL022C,0,1.0221441,0.8940269947052002,0.46399998664855957,0.005499999970197678
YKR024C,YMR229C,1,1.0211117,0.8942307829856873,0.4650000035762787,0.005499999970197678
YMR014W,YLR002C,0,1.0187835,0.8925144076347351,0.4650000035762787,0.00559999980032444
YHR197W,YKL014C,1,1.0186524,0.8927202820777893,0.4659999907016754,0.00559999980032444
YNL002C,YPR016C,1,1.0168239,0.8929254412651062,0.46700000762939453,0.00559999980032444
YGL020C,YGR240C,0,1.0145297,0.8912213444709778,0.46700000762939453,0.00570000009611249
YPL146C,YKL014C,1,1.012864,0.8914285898208618,0.46799999475479126,0.00570000009611249
YFL002C,YPR016C,1,1.012554,0.891635000705719,0.4690000116825104,0.00570000009611249
YGR085C,YNR038W,1,1.0121555,0.8918406367301941,0.4699999988079071,0.00570000009611249
YHL001W,YFL022C,0,1.0111688,0.8901515007019043,0.4699999988079071,0.005799999926239252
YEL026W,YPL012W,0,1.0106707,0.8884688019752502,0.4699999988079071,0.005900000222027302
YNL227C,YBR267W,1,1.010638,0.8886792659759521,0.47099998593330383,0.005900000222027302
YOL127W,YPL211W,1,1.0104558,0.8888888955116272,0.47200000286102295,0.005900000222027302
YHR085W,YHR170W,1,1.0096442,0.8890977501869202,0.4729999899864197,0.005900000222027302
YDR060W,YHR088W,1,1.0092794,0.889305830001831,0.4740000069141388,0.005900000222027302
YNL209W,YGR128C,0,1.0084126,0.8876404762268066,0.4740000069141388,0.006000000052154064
YBR142W,YPL093W,1,1.0082902,0.8878504633903503,0.4749999940395355,0.006000000052154064
YBR132C,YNL305C,0,1.0069398,0.8861940503120422,0.4749999940395355,0.006099999882280827
YIR012W,YPL093W,1,1.0066767,0.8864059448242188,0.47600001096725464,0.006099999882280827
YPL093W,YBR267W,1,1.0066285,0.886617124080658,0.47699999809265137,0.006099999882280827
YDR312W,YKL021C,1,1.0050347,0.8868274688720703,0.4779999852180481,0.006099999882280827
YGR085C,YLR009W,1,1.0049484,0.8870370388031006,0.4790000021457672,0.006099999882280827
YHR170W,YPR102C,1,1.0042266,0.8872458338737488,0.47999998927116394,0.006099999882280827
YDR418W,YHR170W,1,1.0040275,0.8874538540840149,0.48100000619888306,0.006099999882280827
YKL021C,YOR272W,1,1.0027997,0.8876611590385437,0.4819999933242798,0.006099999882280827
YBR267W,YNL163C,1,1.0018196,0.8878676295280457,0.4830000102519989,0.006099999882280827
YHR085W,YHR066W,1,1.0011581,0.8880733847618103,0.48399999737739563,0.006099999882280827
YBL018C,YLR449W,0,1.001025,0.8864468932151794,0.48399999737739563,0.006200000178068876
YBR142W,YPR102C,1,1.0004828,0.8866544961929321,0.48500001430511475,0.006200000178068876
YOL077C,YPR016C,1,0.9988433,0.8868613243103027,0.4860000014305115,0.006200000178068876
YFL002C,YCL054W,1,0.99645746,0.8870673775672913,0.4869999885559082,0.006200000178068876
YKL021C,YGR085C,1,0.99461645,0.8872727155685425,0.4880000054836273,0.006200000178068876
YPL084W,YHR016C,0,0.99441344,0.8856624364852905,0.4880000054836273,0.006300000008195639
YLR002C,YMR260C,0,0.9943797,0.8840579986572266,0.4880000054836273,0.006399999838322401
YMR229C,YOL127W,1,0.994234,0.8842676281929016,0.48899999260902405,0.006399999838322401
YLL008W,YOR063W,1,0.9942207,0.8844765424728394,0.49000000953674316,0.006399999838322401
YPL086C,YML022W,0,0.99356323,0.8828828930854797,0.49000000953674316,0.006500000134110451
YDR312W,YHR085W,1,0.99290854,0.883093535900116,0.4909999966621399,0.006500000134110451
YNL163C,YGL111W,1,0.9923122,0.8833034038543701,0.492000013589859,0.006500000134110451
YEL026W,YNL256W,0,0.9919398,0.8817204236984253,0.492000013589859,0.006599999964237213
YNL182C,YOL144W,1,0.99102175,0.8819320201873779,0.49300000071525574,0.006599999964237213
YBR142W,YPL211W,1,0.9897931,0.8821428418159485,0.49399998784065247,0.006599999964237213
YPR143W,YFL002C,1,0.98946714,0.8823529481887817,0.4950000047683716,0.006599999964237213
YHR197W,YKL082C,1,0.9888144,0.8825622797012329,0.4959999918937683,0.006599999964237213
YDR225W,YMR260C,0,0.98608744,0.8809946775436401,0.4959999918937683,0.0066999997943639755
YPR143W,YPR102C,1,0.9856128,0.881205677986145,0.4970000088214874,0.0066999997943639755
YGL234W,YFL002C,0,0.98528266,0.8796460032463074,0.4970000088214874,0.006800000090152025
YDR091C,YLR340W,1,0.98324347,0.879858672618866,0.49799999594688416,0.006800000090152025
YLR448W,YLR022C,1,0.9798379,0.8800705671310425,0.49900001287460327,0.006800000090152025
YMR116C,YLR229C,0,0.97687685,0.8785211443901062,0.49900001287460327,0.006899999920278788
YGL078C,YNL163C,1,0.9754982,0.8787346482276917,0.5,0.006899999920278788
YPL093W,YPL131W,1,0.9747803,0.878947377204895,0.5009999871253967,0.006899999920278788
YLR448W,YHR170W,1,0.97452205,0.8791593909263611,0.5019999742507935,0.006899999920278788
YGR103W,YPR102C,1,0.97198266,0.8793706297874451,0.503000020980835,0.006899999920278788
YIR012W,YBR267W,1,0.96895325,0.8795811533927917,0.5040000081062317,0.006899999920278788
YFL002C,YDR101C,1,0.96851623,0.8797909617424011,0.5049999952316284,0.006899999920278788
YLL039C,YBR056W,0,0.9678949,0.8782608509063721,0.5049999952316284,0.007000000216066837
YPL211W,YKL014C,1,0.9655905,0.8784722089767456,0.5059999823570251,0.007000000216066837
YPR058W,YHR062C,0,0.9654283,0.8769497275352478,0.5059999823570251,0.0071000000461936
YHR085W,YJL122W,1,0.9643822,0.8771626353263855,0.5070000290870667,0.0071000000461936
YLR448W,YIR012W,1,0.96378887,0.8773747682571411,0.5080000162124634,0.0071000000461936
YDR060W,YFR001W,1,0.96142423,0.8775861859321594,0.5090000033378601,0.0071000000461936
YPL093W,YPR102C,1,0.961385,0.8777968883514404,0.5099999904632568,0.0071000000461936
YLR075W,YDR091C,1,0.96042645,0.8780068755149841,0.5109999775886536,0.0071000000461936
YBR142W,YFR001W,1,0.9600246,0.8782161474227905,0.5120000243186951,0.0071000000461936
YPL266W,YMR305C,0,0.9592782,0.8767123222351074,0.5120000243186951,0.007199999876320362
YMR092C,YBR139W,0,0.95807207,0.8752136826515198,0.5120000243186951,0.007300000172108412
YDL031W,YNL163C,1,0.95760363,0.8754266500473022,0.5130000114440918,0.007300000172108412
YCR072C,YFR001W,1,0.957127,0.8756388425827026,0.5139999985694885,0.007300000172108412
YNL182C,YNL163C,1,0.9559692,0.8758503198623657,0.5149999856948853,0.007300000172108412
YGR085C,YDL031W,1,0.95592135,0.8760611414909363,0.515999972820282,0.007300000172108412
YKL009W,YPL193W,1,0.95369565,0.8762711882591248,0.5170000195503235,0.007300000172108412
YDR312W,YKL014C,1,0.9522463,0.8764805197715759,0.5180000066757202,0.007300000172108412
YOL039W,YOR133W,0,0.951633,0.875,0.5180000066757202,0.007400000002235174
YGL078C,YOL127W,1,0.9514599,0.8752108216285706,0.5189999938011169,0.007400000002235174
YHL001W,YPR033C,0,0.9503975,0.8737373948097229,0.5189999938011169,0.007499999832361937
YIR007W,YEL060C,0,0.94952935,0.8722689151763916,0.5189999938011169,0.007600000128149986
YDR060W,YER126C,1,0.9481878,0.8724831938743591,0.5199999809265137,0.007600000128149986
YDR091C,YOL080C,1,0.94787264,0.8726968169212341,0.5210000276565552,0.007600000128149986
YGL181W,YNL241C,0,0.94504154,0.8712374567985535,0.5210000276565552,0.007699999958276749
YHR197W,YKR081C,1,0.9447674,0.8714523911476135,0.5220000147819519,0.007699999958276749
YLL008W,YDR418W,1,0.9438625,0.871666669845581,0.5230000019073486,0.007699999958276749
YKL009W,YKL014C,1,0.9438114,0.8718801736831665,0.5239999890327454,0.007699999958276749
YPR143W,YNL163C,1,0.94275534,0.8720930218696594,0.5249999761581421,0.007699999958276749
YLL008W,YBR267W,1,0.9413528,0.872305154800415,0.5260000228881836,0.007699999958276749
YGR085C,YOL080C,1,0.93877244,0.8725165724754333,0.5270000100135803,0.007699999958276749
YPL211W,YPL131W,1,0.9384346,0.8727272748947144,0.527999997138977,0.007699999958276749
YER006W,YHR042W,0,0.93744624,0.8712871074676514,0.527999997138977,0.007799999788403511
YHR085W,YHR088W,1,0.9371035,0.8714991807937622,0.5289999842643738,0.007799999788403511
YAL025C,YFR001W,1,0.9360695,0.8717105388641357,0.5299999713897705,0.007799999788403511
YHR197W,YPL093W,1,0.9354886,0.871921181678772,0.531000018119812,0.007799999788403511
YBR139W,YHR176W,0,0.93540186,0.8704918026924133,0.531000018119812,0.007899999618530273
YFL002C,YMR229C,1,0.9350656,0.8707037568092346,0.5320000052452087,0.007899999618530273
YDR418W,YOL077C,1,0.9343352,0.8709150552749634,0.5329999923706055,0.007899999618530273
YEL054C,YDR101C,1,0.9340061,0.8711256384849548,0.5339999794960022,0.007899999618530273
YBR267W,YOR272W,1,0.93355054,0.871335506439209,0.5350000262260437,0.007899999618530273
YLR221C,YDR418W,1,0.9318173,0.8715447187423706,0.5360000133514404,0.007899999618530273
YPL193W,YHR088W,1,0.92970395,0.8717532753944397,0.5370000004768372,0.007899999618530273
YCL054W,YPR016C,1,0.9286547,0.8719611167907715,0.5379999876022339,0.007899999618530273
YNL227C,YKR024C,1,0.92758363,0.8721683025360107,0.5389999747276306,0.007899999618530273
YEL054C,YPL211W,1,0.92669165,0.8723747730255127,0.5400000214576721,0.007899999618530273
YER126C,YOL144W,1,0.9245081,0.8725806474685669,0.5410000085830688,0.007899999618530273
YPL211W,YFR001W,1,0.9237665,0.8727858066558838,0.5419999957084656,0.007899999618530273
YER126C,YOL127W,1,0.92313707,0.8729903697967529,0.5429999828338623,0.007899999618530273
YNL182C,YGL120C,1,0.92306125,0.8731942176818848,0.5440000295639038,0.007899999618530273
YPR145W,YDL014W,0,0.9223605,0.8717948794364929,0.5440000295639038,0.00800000037997961
YOL127W,YNL110C,1,0.919996,0.871999979019165,0.5450000166893005,0.00800000037997961
YBR267W,YKR081C,1,0.91760683,0.8722044825553894,0.5460000038146973,0.00800000037997961
YDR418W,YAL025C,1,0.91638064,0.8724082708358765,0.546999990940094,0.00800000037997961
YDR060W,YHR085W,1,0.9146593,0.8726114630699158,0.5479999780654907,0.00800000037997961
YOL144W,YHR170W,1,0.9134709,0.8728139996528625,0.5490000247955322,0.00800000037997961
YCL054W,YKL014C,1,0.9133893,0.8730158805847168,0.550000011920929,0.00800000037997961
YPL086C,YDR119W,0,0.9133543,0.8716323375701904,0.550000011920929,0.008100000210106373
YDR312W,YPL093W,1,0.91170454,0.871835470199585,0.5509999990463257,0.008100000210106373
YOL039W,YLR022C,0,0.9102514,0.8704581260681152,0.5509999990463257,0.008200000040233135
YOL080C,YNL163C,1,0.90920293,0.8706624507904053,0.5519999861717224,0.008200000040233135
YCR072C,YDR060W,1,0.9089514,0.8708661198616028,0.5529999732971191,0.008200000040233135
YDR060W,YEL054C,1,0.90890396,0.8710691928863525,0.5540000200271606,0.008200000040233135
YKR013W,YLR388W,0,0.90785784,0.8697017431259155,0.5540000200271606,0.008299999870359898
YLR448W,YOR272W,1,0.90699506,0.869905948638916,0.5550000071525574,0.008299999870359898
YKL091C,YKL096W,0,0.90650535,0.8685445785522461,0.5550000071525574,0.00839999970048666
YIR012W,YOR063W,1,0.9057264,0.8687499761581421,0.5559999942779541,0.00839999970048666
YEL054C,YOR272W,1,0.9055843,0.8689547777175903,0.5569999814033508,0.00839999970048666
YEL054C,YLR009W,1,0.9042459,0.8691588640213013,0.5580000281333923,0.00839999970048666
YFL002C,YKL014C,1,0.90325904,0.8693623542785645,0.5590000152587891,0.00839999970048666
YBR142W,YBR267W,1,0.90323585,0.8695651888847351,0.5600000023841858,0.00839999970048666
YKL021C,YCR072C,1,0.9002345,0.869767427444458,0.5609999895095825,0.00839999970048666
YNR054C,YOR133W,0,0.8991052,0.8684210777282715,0.5609999895095825,0.008500000461935997
YLR276C,YEL054C,1,0.89842916,0.8686244487762451,0.5619999766349792,0.008500000461935997
YHR085W,YMR229C,1,0.8981743,0.8688271641731262,0.5630000233650208,0.008500000461935997
YIR012W,YOL127W,1,0.89805436,0.8690292835235596,0.5640000104904175,0.008500000461935997
YKL008C,YJR105W,0,0.89777863,0.8676922917366028,0.5640000104904175,0.00860000029206276
YEL054C,YNL110C,1,0.89773345,0.8678955435752869,0.5649999976158142,0.00860000029206276
YCL054W,YLR448W,1,0.89724815,0.8680981397628784,0.5659999847412109,0.00860000029206276
YNL002C,YKL014C,1,0.8956027,0.8683001399040222,0.5669999718666077,0.00860000029206276
YDL064W,YHR065C,0,0.8953015,0.8669725060462952,0.5669999718666077,0.008700000122189522
YLR075W,YGR103W,1,0.8947922,0.8671755790710449,0.5680000185966492,0.008700000122189522
YER002W,YPL193W,1,0.8943967,0.8673780560493469,0.5690000057220459,0.008700000122189522
YHR052W,YPL131W,1,0.89304614,0.8675799369812012,0.5699999928474426,0.008700000122189522
YLR448W,YNL182C,1,0.89290583,0.8677811622619629,0.5709999799728394,0.008700000122189522
YHR197W,YHR085W,1,0.8926718,0.8679817914962769,0.5720000267028809,0.008700000122189522
YAL025C,YOR063W,1,0.89182645,0.8681818246841431,0.5730000138282776,0.008700000122189522
YML008C,YFL022C,0,0.8917152,0.8668683767318726,0.5730000138282776,0.008799999952316284
YOR361C,YFR028C,0,0.89163244,0.865558922290802,0.5730000138282776,0.008899999782443047
YOR361C,YBR154C,0,0.8913089,0.8642534017562866,0.5730000138282776,0.008999999612569809
YGR245C,YLR448W,1,0.8908334,0.8644578456878662,0.5740000009536743,0.008999999612569809
YHR085W,YFR001W,1,0.8904444,0.8646616339683533,0.574999988079071,0.008999999612569809
YKL021C,YHR170W,1,0.8895241,0.8648648858070374,0.5759999752044678,0.008999999612569809
YLR075W,YIR012W,1,0.88571215,0.8650674819946289,0.5770000219345093,0.008999999612569809
YPL227C,YLR372W,0,0.8844432,0.863772451877594,0.5770000219345093,0.009100000374019146
YJL145W,YBL027W,0,0.8841047,0.8624812960624695,0.5770000219345093,0.009200000204145908
YKR081C,YPR016C,1,0.8823831,0.8626865744590759,0.578000009059906,0.009200000204145908
YGR103W,YNL227C,1,0.8811477,0.8628911972045898,0.5789999961853027,0.009200000204145908
YOL077C,YNL163C,1,0.8799704,0.863095223903656,0.5799999833106995,0.009200000204145908
YBR142W,YGL111W,1,0.87967837,0.8632986545562744,0.5809999704360962,0.009200000204145908
YLL008W,YOL127W,1,0.87929684,0.8635014891624451,0.5820000171661377,0.009200000204145908
YDR346C,YBR104W,0,0.8789817,0.8622221946716309,0.5820000171661377,0.00930000003427267
YBL045C,YAL061W,0,0.87896925,0.860946774482727,0.5820000171661377,0.009399999864399433
YNL227C,YOL144W,1,0.8785121,0.8611521124839783,0.5830000042915344,0.009399999864399433
YFL002C,YDL031W,1,0.8776957,0.8613569140434265,0.5839999914169312,0.009399999864399433
YFL002C,YBR267W,1,0.8755425,0.861561119556427,0.5849999785423279,0.009399999864399433
YKL021C,YAL025C,1,0.8734521,0.8617647290229797,0.5860000252723694,0.009399999864399433
YNR012W,YOR133W,0,0.8728434,0.8604992628097534,0.5860000252723694,0.009499999694526196
YDR418W,YNR038W,1,0.87193185,0.8607038259506226,0.5870000123977661,0.009499999694526196
YDR060W,YBR267W,1,0.87113005,0.8609077334403992,0.5879999995231628,0.009499999694526196
YGL120C,YPR102C,1,0.87063885,0.8611111044883728,0.5889999866485596,0.009499999694526196
YDR060W,YIR012W,1,0.86887586,0.8613138794898987,0.5899999737739563,0.009499999694526196
YJL010C,YPR112C,0,0.8682463,0.8600583076477051,0.5899999737739563,0.009600000455975533
YGR103W,YOR063W,1,0.868222,0.8602620363235474,0.5910000205039978,0.009600000455975533
YKL065C,YJL020C,0,0.86730886,0.8590116500854492,0.5910000205039978,0.009700000286102295
YDR060W,YKL014C,1,0.8652054,0.8592162728309631,0.5920000076293945,0.009700000286102295
YGR085C,YOL144W,1,0.8650408,0.8594202995300293,0.5929999947547913,0.009700000286102295
YCL040W,YJR019C,0,0.863329,0.8581765294075012,0.5929999947547913,0.009800000116229057
YKR067W,YGL250W,0,0.8626493,0.8569363951683044,0.5929999947547913,0.00989999994635582
YPL093W,YGL120C,1,0.85927606,0.8571428656578064,0.593999981880188,0.00989999994635582
YDR312W,YLR448W,1,0.8592137,0.8573486804962158,0.5950000286102295,0.00989999994635582
YOL041C,YDR037W,0,0.8584879,0.8561151027679443,0.5950000286102295,0.009999999776482582
YBR267W,YNR038W,1,0.8582176,0.8563218116760254,0.5960000157356262,0.009999999776482582
YPL084W,YPL249C,0,0.8563432,0.855093240737915,0.5960000157356262,0.010099999606609344
YLL008W,YPR102C,1,0.8562919,0.8553008437156677,0.597000002861023,0.010099999606609344
YOR272W,YPR016C,1,0.8537337,0.8555078506469727,0.5979999899864197,0.010099999606609344
YKL009W,YGL246C,1,0.8528942,0.8557142615318298,0.5989999771118164,0.010099999606609344
YML078W,YBR221C,0,0.85222757,0.8544935584068298,0.5989999771118164,0.010200000368058681
YGL246C,YHR052W,1,0.85156584,0.8547008633613586,0.6000000238418579,0.010200000368058681
YPL237W,YLR051C,0,0.85007405,0.8534850478172302,0.6000000238418579,0.010300000198185444
YML131W,YKL096W,0,0.84983087,0.8522727489471436,0.6000000238418579,0.010400000028312206
YBR084C-A,YPL266W,0,0.84829485,0.8510638475418091,0.6000000238418579,0.010499999858438969
YGR245C,YDR418W,1,0.84699255,0.8512747883796692,0.6010000109672546,0.010499999858438969
YPL241C,YPR058W,0,0.8455366,0.8500707149505615,0.6010000109672546,0.010599999688565731
YNL005C,YCR003W,0,0.84537244,0.848870038986206,0.6010000109672546,0.010700000450015068
YNL002C,YLR340W,1,0.8441435,0.8490832448005676,0.6019999980926514,0.010700000450015068
YDR202C,YBR126C,0,0.84413016,0.8478873372077942,0.6019999980926514,0.01080000028014183
YCR072C,YKL014C,1,0.8440196,0.8481012582778931,0.6029999852180481,0.01080000028014183
YFL002C,YOL080C,1,0.8432441,0.8483145833015442,0.6039999723434448,0.01080000028014183
YNL110C,YNL163C,1,0.8423799,0.8485273718833923,0.6050000190734863,0.01080000028014183
YMR309C,YHR042W,0,0.84013724,0.8473389148712158,0.6050000190734863,0.010900000110268593
YML024W,YLR222C,0,0.84009707,0.8461538553237915,0.6050000190734863,0.010999999940395355
YPL093W,YOR063W,1,0.8382215,0.8463687300682068,0.6060000061988831,0.010999999940395355
YNL090W,YMR260C,0,0.8364931,0.8451882600784302,0.6060000061988831,0.011099999770522118
YBR132C,YBR204C,0,0.8363581,0.844011127948761,0.6060000061988831,0.01119999960064888
YBR290W,YKL065C,0,0.83496296,0.8428372740745544,0.6060000061988831,0.011300000362098217
YBR142W,YDR418W,1,0.83455443,0.8430555462837219,0.6069999933242798,0.011300000362098217
YOR063W,YJL122W,1,0.83389795,0.8432732224464417,0.6079999804496765,0.011300000362098217
YOL039W,YML014W,0,0.833843,0.8421052694320679,0.6079999804496765,0.01140000019222498
YPL256C,YDL150W,0,0.8333067,0.840940535068512,0.6079999804496765,0.011500000022351742
YOL077C,YKL014C,1,0.8316851,0.841160237789154,0.609000027179718,0.011500000022351742
YGR085C,YFL002C,1,0.8300792,0.8413792848587036,0.6100000143051147,0.011500000022351742
YCR028C-A,YML026C,0,0.8299809,0.8402203917503357,0.6100000143051147,0.011599999852478504
YDR339C,YIL103W,0,0.8298817,0.8390646576881409,0.6100000143051147,0.011699999682605267
YDR060W,YHR197W,1,0.82943714,0.8392857313156128,0.6110000014305115,0.011699999682605267
YGR172C,YKR024C,0,0.8280074,0.8381344079971313,0.6110000014305115,0.011800000444054604
YGR245C,YML073C,1,0.8276186,0.8383561372756958,0.6119999885559082,0.011800000444054604
YFL002C,YDR091C,1,0.8272859,0.8385772705078125,0.6129999756813049,0.011800000444054604
YPL093W,YNL227C,1,0.82703006,0.8387978076934814,0.6140000224113464,0.011800000444054604
YDL064W,YKR092C,0,0.8269316,0.8376534581184387,0.6140000224113464,0.011900000274181366
YOR272W,YNL163C,1,0.82626307,0.8378746509552002,0.6150000095367432,0.011900000274181366
YPL084W,YBR139W,0,0.8262238,0.8367347121238708,0.6150000095367432,0.012000000104308128
YLR276C,YPR102C,1,0.82583374,0.8369565010070801,0.6159999966621399,0.012000000104308128
YMR116C,YPL086C,0,0.82557845,0.8358209133148193,0.6159999966621399,0.01209999993443489
YGR152C,YGL224C,0,0.82481605,0.8346883654594421,0.6159999966621399,0.012199999764561653
YPL211W,YBR267W,1,0.8244059,0.8349120616912842,0.6169999837875366,0.012199999764561653
YBL050W,YDR001C,0,0.82297,0.8337838053703308,0.6169999837875366,0.012299999594688416
YDR418W,YPL211W,1,0.82250035,0.8340080976486206,0.6179999709129333,0.012299999594688416
YNL075W,YML065W,0,0.82124025,0.8328840732574463,0.6179999709129333,0.012400000356137753
YGR085C,YAL025C,1,0.818599,0.8331090211868286,0.6190000176429749,0.012400000356137753
YOR063W,YHR052W,1,0.8184879,0.8333333134651184,0.6200000047683716,0.012400000356137753
YGL022W,YAR071W,0,0.81743485,0.8322147727012634,0.6200000047683716,0.012500000186264515
YLR276C,YOL127W,1,0.8143881,0.832439661026001,0.6209999918937683,0.012500000186264515
YGR085C,YNL227C,1,0.81320333,0.8326640129089355,0.621999979019165,0.012500000186264515
YML022W,YFR055W,0,0.8131808,0.8315507769584656,0.621999979019165,0.012600000016391277
YCR034W,YNL030W,0,0.8130019,0.8304405808448792,0.621999979019165,0.01269999984651804
YJL042W,YBR056W,0,0.81293845,0.8293333053588867,0.621999979019165,0.012799999676644802
YGR245C,YPR102C,1,0.81260467,0.8295605778694153,0.6230000257492065,0.012799999676644802
YNL227C,YFR001W,1,0.8123534,0.8297872543334961,0.6240000128746033,0.012799999676644802
YNL163C,YJL122W,1,0.81213295,0.8300132751464844,0.625,0.012799999676644802
YDL226C,YJR064W,0,0.8106849,0.8289124965667725,0.625,0.012900000438094139
YHR016C,YGL156W,0,0.80937845,0.8278145790100098,0.625,0.013000000268220901
YDR312W,YDR060W,1,0.80863416,0.8280423283576965,0.6259999871253967,0.013000000268220901
YKL021C,YGL111W,1,0.8082473,0.8282694816589355,0.6269999742507935,0.013000000268220901
YOL094C,YDR382W,0,0.80782264,0.8271768093109131,0.6269999742507935,0.013100000098347664
YDL031W,YGL246C,1,0.80747896,0.8274044990539551,0.628000020980835,0.013100000098347664
YOL144W,YNL163C,1,0.8066301,0.8276315927505493,0.6290000081062317,0.013100000098347664
YKL152C,YJR007W,0,0.8047427,0.8265440464019775,0.6290000081062317,0.013199999928474426
YPL193W,YPL146C,1,0.803706,0.8267716765403748,0.6299999952316284,0.013199999928474426
YGR085C,YHR197W,1,0.8032091,0.8269987106323242,0.6309999823570251,0.013199999928474426
YPR143W,YEL054C,1,0.80314577,0.8272251486778259,0.6320000290870667,0.013199999928474426
YNL182C,YHR085W,1,0.8030553,0.8274509906768799,0.6330000162124634,0.013199999928474426
YNL299W,YLR003C,0,0.80280244,0.8263707756996155,0.6330000162124634,0.013299999758601189
YPL237W,YOR188W,0,0.801842,0.8252933621406555,0.6330000162124634,0.013399999588727951
YLR340W,YPR016C,1,0.80082643,0.8255208134651184,0.6340000033378601,0.013399999588727951
YDR418W,YNL110C,1,0.7999791,0.8257477283477783,0.6349999904632568,0.013399999588727951
YOR003W,YKL065C,0,0.7997893,0.8246753215789795,0.6349999904632568,0.013500000350177288
YDR312W,YPL193W,1,0.7996798,0.8249027132987976,0.6359999775886536,0.013500000350177288
YDL031W,YHR085W,1,0.798481,0.825129508972168,0.6370000243186951,0.013500000350177288
YGR152C,YGL008C,0,0.796437,0.8240621089935303,0.6370000243186951,0.01360000018030405
YPL193W,YNL110C,1,0.79606533,0.8242893815040588,0.6380000114440918,0.01360000018030405
YDR312W,YPL211W,1,0.7945426,0.8245161175727844,0.6389999985694885,0.01360000018030405
YGL013C,YGL207W,0,0.7940916,0.8234536051750183,0.6389999985694885,0.013700000010430813
YOR293W,YNL113W,0,0.793968,0.8223938345909119,0.6389999985694885,0.013799999840557575
YLR221C,YOR063W,1,0.7931434,0.8226221203804016,0.6399999856948853,0.013799999840557575
YBR142W,YOL127W,1,0.79292727,0.8228498101234436,0.640999972820282,0.013799999840557575
YGR152C,YMR309C,0,0.79292464,0.821794867515564,0.640999972820282,0.013899999670684338
YHR197W,YOL127W,1,0.79289305,0.8220230340957642,0.6420000195503235,0.013899999670684338
YDR060W,YPR016C,1,0.79256105,0.8222506642341614,0.6430000066757202,0.013899999670684338
YPL131W,YDR101C,1,0.79148185,0.8224776387214661,0.6439999938011169,0.013899999670684338
YPL232W,YNL058C,0,0.7912222,0.8214285969734192,0.6439999938011169,0.014000000432133675
YDR210W,YEL026W,0,0.79098916,0.8203821778297424,0.6439999938011169,0.014100000262260437
YNL163C,YHR052W,1,0.7905528,0.8206107020378113,0.6449999809265137,0.014100000262260437
YPL093W,YNL163C,1,0.79051846,0.8208386301994324,0.6460000276565552,0.014100000262260437
YOR293W,YML046W,0,0.78960335,0.8197969794273376,0.6460000276565552,0.0142000000923872
YHR072W,YGL257C,0,0.789032,0.8187578916549683,0.6460000276565552,0.014299999922513962
YLR075W,YHR197W,1,0.78870916,0.8189873695373535,0.6470000147819519,0.014299999922513962
YER026C,YJR044C,0,0.7887037,0.8179519772529602,0.6470000147819519,0.014399999752640724
YER035W,YJL036W,0,0.78781086,0.816919207572937,0.6470000147819519,0.014499999582767487
YMR092C,YML121W,0,0.7876386,0.8158890008926392,0.6470000147819519,0.014600000344216824
YOR095C,YML014W,0,0.78638834,0.8148614764213562,0.6470000147819519,0.014700000174343586
YPL230W,YJL036W,0,0.78636605,0.8138364553451538,0.6470000147819519,0.014800000004470348
YGR152C,YML123C,0,0.78576493,0.8128140568733215,0.6470000147819519,0.01489999983459711
YGR103W,YKL021C,1,0.7852643,0.8130489587783813,0.6480000019073486,0.01489999983459711
YKR060W,YBL018C,0,0.7849401,0.8120300769805908,0.6480000019073486,0.014999999664723873
YPR145W,YDR119W,0,0.7823995,0.8110137581825256,0.6480000019073486,0.01510000042617321
YDR418W,YLR009W,1,0.78220284,0.8112499713897705,0.6489999890327454,0.01510000042617321
YBR142W,YOR063W,1,0.7822002,0.8114856481552124,0.6499999761581421,0.01510000042617321
YER118C,YHR128W,0,0.7807737,0.8104737997055054,0.6499999761581421,0.015200000256299973
YPL227C,YGR128C,0,0.77850866,0.8094645142555237,0.6499999761581421,0.015300000086426735
YKR060W,YGL224C,0,0.7780144,0.8084577322006226,0.6499999761581421,0.015399999916553497
YDR462W,YER058W,0,0.7779907,0.8074533939361572,0.6499999761581421,0.01549999974668026
YGR195W,YLR222C,0,0.7745383,0.8064516186714172,0.6499999761581421,0.015599999576807022
YLR388W,YML093W,0,0.7738694,0.805452287197113,0.6499999761581421,0.015699999406933784
YKL014C,YGL111W,1,0.77379096,0.8056930899620056,0.6510000228881836,0.015699999406933784
YGR090W,YLR222C,0,0.7736155,0.8046971559524536,0.6510000228881836,0.015799999237060547
YDR142C,YGR256W,0,0.77345335,0.8037037253379822,0.6510000228881836,0.01590000092983246
YHR085W,YBR267W,1,0.77341205,0.8039457201957703,0.6520000100135803,0.01590000092983246
YLR276C,YKL021C,1,0.7691823,0.8041871786117554,0.652999997138977,0.01590000092983246
YNR038W,YOR063W,1,0.76802397,0.8044280409812927,0.6539999842643738,0.01590000092983246
YPR009W,YHR128W,0,0.7676202,0.8034397959709167,0.6539999842643738,0.01600000075995922
YGL208W,YBR139W,0,0.76753664,0.8024539947509766,0.6539999842643738,0.016100000590085983
YGL078C,YPL193W,1,0.7673475,0.8026960492134094,0.6549999713897705,0.016100000590085983
YHR085W,YOL144W,1,0.7665393,0.8029375672340393,0.656000018119812,0.016100000590085983
YOR188W,YGL097W,0,0.7657547,0.8019559979438782,0.656000018119812,0.016200000420212746
YOR312C,YNL113W,0,0.7657525,0.8009768128395081,0.656000018119812,0.016300000250339508
YLR448W,YER002W,1,0.7652565,0.8012195229530334,0.6570000052452087,0.016300000250339508
YKL082C,YHR085W,1,0.76509845,0.8014616370201111,0.6579999923706055,0.016300000250339508
YCL033C,YIL065C,0,0.76496863,0.8004866242408752,0.6579999923706055,0.01640000008046627
YCR072C,YOL144W,1,0.76480854,0.8007290363311768,0.6589999794960022,0.01640000008046627
YPL212C,YDR324C,0,0.76333904,0.7997573018074036,0.6589999794960022,0.016499999910593033
YOL127W,YKR081C,1,0.76299435,0.800000011920929,0.6600000262260437,0.016499999910593033
YMR121C,YBR104W,0,0.7618642,0.7990314960479736,0.6600000262260437,0.016599999740719795
YOR210W,YCR024C-A,0,0.7615571,0.7980653047561646,0.6600000262260437,0.016699999570846558
YPR102C,YKR081C,1,0.76149416,0.7983092069625854,0.6610000133514404,0.016699999570846558
YML073C,YGL120C,1,0.7612674,0.7985524535179138,0.6620000004768372,0.016699999570846558
YOL058W,YMR305C,0,0.7586708,0.7975903749465942,0.6620000004768372,0.01679999940097332
YPL193W,YNR038W,1,0.7575896,0.7978339195251465,0.6629999876022339,0.01679999940097332
YIR022W,YDR519W,0,0.75754,0.796875,0.6629999876022339,0.016899999231100082
YHR065C,YGL097W,0,0.75689936,0.795918345451355,0.6629999876022339,0.017000000923871994
YGR148C,YIL127C,0,0.7568367,0.7949640154838562,0.6629999876022339,0.017100000753998756
YIL127C,YLR355C,0,0.756678,0.7940119504928589,0.6629999876022339,0.01720000058412552
YDR060W,YOL144W,1,0.75665224,0.7942583560943604,0.6639999747276306,0.01720000058412552
YHR141C,YHR196W,0,0.755167,0.7933094501495361,0.6639999747276306,0.01730000041425228
YLR106C,YLR221C,1,0.7538011,0.7935560941696167,0.6650000214576721,0.01730000041425228
YNL083W,YIL017C,0,0.7529043,0.792610228061676,0.6650000214576721,0.017400000244379044
YLR276C,YNL227C,1,0.75274324,0.7928571701049805,0.6660000085830688,0.017400000244379044
YGL246C,YFR001W,1,0.75054777,0.7931034564971924,0.6669999957084656,0.017400000244379044
YLR448W,YPL093W,1,0.7502164,0.7933491468429565,0.6679999828338623,0.017400000244379044
YMR104C,YDL222C,0,0.7501903,0.7924080491065979,0.6679999828338623,0.017500000074505806
YCL054W,YHR085W,1,0.74970096,0.7926540374755859,0.6690000295639038,0.017500000074505806
YOR144C,YGR109C,0,0.74955636,0.7917159795761108,0.6690000295639038,0.01759999990463257
YDR099W,YIL065C,0,0.74932647,0.7907801270484924,0.6690000295639038,0.01769999973475933
YBR280C,YIL017C,0,0.74926215,0.7898465394973755,0.6690000295639038,0.017799999564886093
YKL113C,YLR372W,0,0.7483249,0.7889150977134705,0.6690000295639038,0.017899999395012856
YNL002C,YML073C,1,0.74755144,0.7891637086868286,0.6700000166893005,0.017899999395012856
YDR091C,YNL163C,1,0.7468637,0.7894117832183838,0.6710000038146973,0.017899999395012856
YNR038W,YPL131W,1,0.74406457,0.7896592020988464,0.671999990940094,0.017899999395012856
YML073C,YDR101C,1,0.74303085,0.7899060845375061,0.6729999780654907,0.017899999395012856
YGR103W,YLR340W,1,0.7429948,0.7901524305343628,0.6740000247955322,0.017899999395012856
YKL027W,YCR027C,0,0.74295866,0.7892271876335144,0.6740000247955322,0.017999999225139618
YLL039C,YIL157C,0,0.74268657,0.7883040904998779,0.6740000247955322,0.01810000091791153
YLR221C,YML073C,1,0.7423563,0.788551390171051,0.675000011920929,0.01810000091791153
YHR085W,YKR081C,1,0.7398159,0.7887981534004211,0.6759999990463257,0.01810000091791153
YKL009W,YHR085W,1,0.73946816,0.7890442609786987,0.6769999861717224,0.01810000091791153
YIR003W,YNL265C,0,0.7394169,0.78812575340271,0.6769999861717224,0.018200000748038292
YHR063C,YOR188W,0,0.7384338,0.7872093319892883,0.6769999861717224,0.018300000578165054
YPL211W,YPL146C,1,0.7383845,0.7874564528465271,0.6779999732971191,0.018300000578165054
YKL193C,YDL147W,0,0.7383597,0.7865429520606995,0.6779999732971191,0.018400000408291817
YBL018C,YHL013C,0,0.73624444,0.785631537437439,0.6779999732971191,0.01850000023841858
YDR202C,YBR132C,0,0.73619854,0.7847222089767456,0.6779999732971191,0.01860000006854534
YFL018C,YFR044C,0,0.7352786,0.7838150262832642,0.6779999732971191,0.018699999898672104
YDR060W,YPL131W,1,0.73480797,0.7840646505355835,0.6790000200271606,0.018699999898672104
YIL127C,YMR202W,0,0.7347163,0.7831603288650513,0.6790000200271606,0.018799999728798866
YOL144W,YPL131W,1,0.7346915,0.7834101319313049,0.6800000071525574,0.018799999728798866
YFR042W,YDL126C,0,0.734338,0.7825086116790771,0.6800000071525574,0.01889999955892563
YDR091C,YNL227C,1,0.7329977,0.7827585935592651,0.6809999942779541,0.01889999955892563
YLR448W,YKR024C,1,0.73296094,0.7830080389976501,0.6819999814033508,0.01889999955892563
YOR063W,YPL146C,1,0.7323582,0.7832568883895874,0.6830000281333923,0.01889999955892563
YLR448W,YHR066W,1,0.7322991,0.7835051417350769,0.6840000152587891,0.01889999955892563
YGL246C,YHR088W,1,0.7320244,0.7837528586387634,0.6850000023841858,0.01889999955892563
YPL246C,YDR408C,0,0.7319536,0.7828571200370789,0.6850000023841858,0.01899999938905239
YOR063W,YPR016C,1,0.7315819,0.7831050157546997,0.6859999895095825,0.01899999938905239
YKL065C,YOR122C,0,0.7310488,0.7822120785713196,0.6859999895095825,0.019099999219179153
YDL031W,YPL193W,1,0.7306428,0.7824601531028748,0.6869999766349792,0.019099999219179153
YLR276C,YDR418W,1,0.7294105,0.7827076315879822,0.6880000233650208,0.019099999219179153
YLR075W,YJL122W,1,0.7293632,0.7829545736312866,0.6890000104904175,0.019099999219179153
YGL078C,YML073C,1,0.7286835,0.7832009196281433,0.6899999976158142,0.019099999219179153
YDR418W,YHR088W,1,0.72776854,0.783446729183197,0.6909999847412109,0.019099999219179153
YJL010C,YJR043C,0,0.7274019,0.7825594544410706,0.6909999847412109,0.019200000911951065
YLR075W,YNL182C,1,0.7259249,0.7828054428100586,0.6919999718666077,0.019200000911951065
YPR143W,YOR063W,1,0.72579896,0.7830508351325989,0.6930000185966492,0.019200000911951065
YKL021C,YFR001W,1,0.7252778,0.7832956910133362,0.6940000057220459,0.019200000911951065
YOL113W,YNL005C,0,0.725175,0.7824126482009888,0.6940000057220459,0.019300000742077827
YLR222C,YEL042W,0,0.72480756,0.7815315127372742,0.6940000057220459,0.01940000057220459
YDR091C,YGL246C,1,0.7237576,0.7817772626876831,0.6949999928474426,0.01940000057220459
YKL021C,YLR340W,1,0.7225011,0.7820224761962891,0.6959999799728394,0.01940000057220459
YIL091C,YCR048W,0,0.72227216,0.7811447978019714,0.6959999799728394,0.019500000402331352
YGR108W,YML008C,0,0.721041,0.7802690863609314,0.6959999799728394,0.019600000232458115
YOL137W,YNL220W,0,0.7209844,0.7793952822685242,0.6959999799728394,0.019700000062584877
YKL021C,YHR066W,1,0.72054434,0.7796420454978943,0.6970000267028809,0.019700000062584877
YLR075W,YDR101C,1,0.7203908,0.7798882722854614,0.6980000138282776,0.019700000062584877
YLR221C,YPR016C,1,0.71939856,0.7801339030265808,0.6990000009536743,0.019700000062584877
YPL131W,YPR016C,1,0.7185432,0.780379056930542,0.699999988079071,0.019700000062584877
YHR042W,YDL236W,0,0.71828145,0.7795100212097168,0.699999988079071,0.01979999989271164
YDL168W,YJR019C,0,0.7182193,0.7786429524421692,0.699999988079071,0.019899999722838402
YHL007C,YLR003C,0,0.7163849,0.7777777910232544,0.699999988079071,0.019999999552965164
YFL002C,YOL144W,1,0.7162533,0.778024435043335,0.7009999752044678,0.019999999552965164
YPR079W,YHR176W,0,0.715724,0.7771618366241455,0.7009999752044678,0.020099999383091927
YDR418W,YPL146C,1,0.7149749,0.7774086594581604,0.7020000219345093,0.020099999383091927
YPL009C,YPL015C,0,0.7140937,0.7765486836433411,0.7020000219345093,0.02019999921321869
YDL014W,YGL245W,0,0.7138351,0.7756906151771545,0.7020000219345093,0.0203000009059906
YIL127C,YCR043C,0,0.7137866,0.7748344540596008,0.7020000219345093,0.020400000736117363
YGR287C,YGR289C,0,0.7136377,0.7739801406860352,0.7020000219345093,0.020500000566244125
YEL054C,YHR052W,1,0.71219116,0.7742290496826172,0.703000009059906,0.020500000566244125
YLR009W,YOL127W,1,0.7113053,0.7744774222373962,0.7039999961853027,0.020500000566244125
YMR014W,YLR057W,0,0.7106063,0.7736263871192932,0.7039999961853027,0.020600000396370888
YML026C,YOR073W,0,0.70955086,0.7727771401405334,0.7039999961853027,0.02070000022649765
YLR342W,YIL110W,0,0.70950466,0.7719298005104065,0.7039999961853027,0.020800000056624413
YML029W,YDR001C,0,0.7092718,0.7710843086242676,0.7039999961853027,0.020899999886751175
YGL246C,YAL025C,1,0.7088771,0.7713347673416138,0.7049999833106995,0.020899999886751175
YCL033C,YEL060C,0,0.7076065,0.7704917788505554,0.7049999833106995,0.020999999716877937
YPL193W,YNL227C,1,0.70659703,0.7707423567771912,0.7059999704360962,0.020999999716877937
YNL071W,YPL192C,0,0.7062821,0.7699018716812134,0.7059999704360962,0.0210999995470047
YLR221C,YPL131W,1,0.70584404,0.7701525092124939,0.7070000171661377,0.0210999995470047
YOR361C,YMR199W,0,0.70531416,0.7693144679069519,0.7070000171661377,0.021199999377131462
YGL047W,YKL167C,0,0.7048153,0.768478274345398,0.7070000171661377,0.021299999207258224
YHL001W,YDR324C,0,0.7043802,0.7676438689231873,0.7070000171661377,0.021400000900030136
YLR075W,YKL082C,1,0.7037412,0.7678958773612976,0.7080000042915344,0.021400000900030136
YDR142C,YNL134C,0,0.7017563,0.7670639157295227,0.7080000042915344,0.0215000007301569
YPR145W,YOR293W,0,0.7014766,0.7662337422370911,0.7080000042915344,0.02160000056028366
YPL084W,YNL083W,0,0.701267,0.7654054164886475,0.7080000042915344,0.021700000390410423
YGR074W,YDR489W,0,0.700084,0.7645788192749023,0.7080000042915344,0.021800000220537186
YGR245C,YOR063W,1,0.70007515,0.7648327946662903,0.7089999914169312,0.021800000220537186
YDR214W,YPL084W,0,0.6982795,0.764008641242981,0.7089999914169312,0.021900000050663948
YOR115C,YNL113W,0,0.6980043,0.7631862163543701,0.7089999914169312,0.02199999988079071
YLR388W,YMR305C,0,0.69797313,0.7623655796051025,0.7089999914169312,0.022099999710917473
YLR342W,YPL255W,0,0.6966158,0.7615467309951782,0.7089999914169312,0.022199999541044235
YNL083W,YKL208W,0,0.69614714,0.7607296109199524,0.7089999914169312,0.022299999371170998
YDR418W,YLR022C,1,0.69422984,0.7609860897064209,0.7099999785423279,0.022299999371170998
YIL041W,YDR210W,0,0.6941651,0.7601712942123413,0.7099999785423279,0.02239999920129776
YKR025W,YFL002C,0,0.6941367,0.759358286857605,0.7099999785423279,0.02250000089406967
YKL027W,YJL177W,0,0.69406784,0.7585470080375671,0.7099999785423279,0.022600000724196434
YEL054C,YHR066W,1,0.6926944,0.7588046789169312,0.7110000252723694,0.022600000724196434
YDR060W,YFL002C,1,0.69179153,0.7590618133544922,0.7120000123977661,0.022600000724196434
YLR276C,YPL131W,1,0.6916284,0.7593184113502502,0.7129999995231628,0.022600000724196434
YMR278W,YOR003W,0,0.69148797,0.7585106492042542,0.7129999995231628,0.022700000554323196
YJR091C,YHR016C,0,0.6909674,0.7577045559883118,0.7129999995231628,0.02280000038444996
YNL256W,YCR043C,0,0.69030654,0.7569001913070679,0.7129999995231628,0.02290000021457672
YGR152C,YHR143W-A,0,0.6896865,0.7560975551605225,0.7129999995231628,0.023000000044703484
YLR116W,YDR142C,0,0.68953264,0.7552965879440308,0.7129999995231628,0.023099999874830246
YNL110C,YKL014C,1,0.6885327,0.7555555701255798,0.7139999866485596,0.023099999874830246
YJR125C,YPR140W,0,0.68839157,0.7547568678855896,0.7139999866485596,0.02319999970495701
YGR209C,YJL099W,0,0.6882776,0.7539598941802979,0.7139999866485596,0.02329999953508377
YJL122W,YGL077C,0,0.68722713,0.753164529800415,0.7139999866485596,0.023399999365210533
YGR209C,YBR056W,0,0.6871121,0.7523708939552307,0.7139999866485596,0.023499999195337296
YLR022C,YGL120C,1,0.6869908,0.7526316046714783,0.7149999737739563,0.023499999195337296
YHR197W,YPL131W,1,0.6867801,0.7528917193412781,0.7160000205039978,0.023499999195337296
YDR210W,YBR104W,0,0.68650985,0.7521008253097534,0.7160000205039978,0.023600000888109207
YPR058W,YBR244W,0,0.6858535,0.7513116598129272,0.7160000205039978,0.02370000071823597
YBR079C,YLR066W,0,0.6853153,0.75052410364151,0.7160000205039978,0.023800000548362732
YER003C,YER073W,0,0.6846993,0.7497382164001465,0.7160000205039978,0.023900000378489494
YPR104C,YLR449W,0,0.6841817,0.7489539980888367,0.7160000205039978,0.024000000208616257
YLR075W,YOL077C,1,0.6832379,0.7492163181304932,0.7170000076293945,0.024000000208616257
YLR448W,YPR016C,1,0.682914,0.7494781017303467,0.7179999947547913,0.024000000208616257
YCL030C,YLR222C,0,0.6823815,0.7486965656280518,0.7179999947547913,0.02410000003874302
YOL127W,YJL122W,1,0.6823019,0.7489583492279053,0.718999981880188,0.02410000003874302
YKL209C,YMR309C,0,0.6822307,0.7481789588928223,0.718999981880188,0.02419999986886978
YNL163C,YKR081C,1,0.6821521,0.7484407424926758,0.7200000286102295,0.02419999986886978
YOL097C,YGR195W,0,0.68195313,0.7476635575294495,0.7200000286102295,0.024299999698996544
YFR051C,YBR079C,0,0.68187296,0.7468879818916321,0.7200000286102295,0.024399999529123306
YEL054C,YLR022C,1,0.6817138,0.7471502423286438,0.7210000157356262,0.024399999529123306
YDR385W,YDR519W,0,0.6816522,0.7463768124580383,0.7210000157356262,0.02449999935925007
YHR170W,YPL131W,1,0.68163633,0.74663907289505,0.722000002861023,0.02449999935925007
YKL009W,YML073C,1,0.68162215,0.7469007968902588,0.7229999899864197,0.02449999935925007
YKL021C,YNL182C,1,0.6815971,0.7471620440483093,0.7239999771118164,0.02449999935925007
YOL033W,YNL329C,0,0.68117094,0.746391773223877,0.7239999771118164,0.02459999918937683
YLR448W,YHR052W,1,0.6810248,0.7466529607772827,0.7250000238418579,0.02459999918937683
YKL082C,YPR016C,1,0.6809114,0.7469135522842407,0.7260000109672546,0.02459999918937683
YKL021C,YHR088W,1,0.6799549,0.7471736669540405,0.7269999980926514,0.02459999918937683
YCR083W,YOR028C,0,0.679865,0.7464065551757812,0.7269999980926514,0.024700000882148743
YNL182C,YPL193W,1,0.6792027,0.746666669845581,0.7279999852180481,0.024700000882148743
YKL021C,YML073C,1,0.67903584,0.7469262480735779,0.7289999723434448,0.024700000882148743
YPL193W,YOL080C,1,0.6778066,0.7471852898597717,0.7300000190734863,0.024700000882148743
YDR123C,YOR073W,0,0.6757971,0.7464212775230408,0.7300000190734863,0.024800000712275505
YLR077W,YER069W,0,0.6755177,0.745658814907074,0.7300000190734863,0.024900000542402267
YPL193W,YNL163C,1,0.6751286,0.7459183931350708,0.7310000061988831,0.024900000542402267
YKL113C,YNL099C,0,0.674348,0.7451580166816711,0.7310000061988831,0.02500000037252903
YKL035W,YBR201W,0,0.6740315,0.7443991899490356,0.7310000061988831,0.025100000202655792
YPL211W,YNL124W,0,0.67372954,0.7436419129371643,0.7310000061988831,0.025200000032782555
YPR023C,YJL020C,0,0.6730785,0.7428861856460571,0.7310000061988831,0.025299999862909317
YLR372W,YGL029W,0,0.6729933,0.7421320080757141,0.7310000061988831,0.02539999969303608
YFL002C,YPL211W,1,0.6723935,0.7423934936523438,0.7319999933242798,0.02539999969303608
YER039C,YBR132C,0,0.67192924,0.7416413426399231,0.7319999933242798,0.025499999523162842
YPL146C,YLR340W,1,0.6709289,0.7419028282165527,0.7329999804496765,0.025499999523162842
YHR143W-A,YBR104W,0,0.67079735,0.7411527037620544,0.7329999804496765,0.025599999353289604
YFR001W,YPL131W,1,0.670797,0.7414141297340393,0.734000027179718,0.025599999353289604
YBL004W,YFL022C,0,0.6700165,0.7406659722328186,0.734000027179718,0.025699999183416367
YPL193W,YHR066W,1,0.6697938,0.7409273982048035,0.7350000143051147,0.025699999183416367
YOL119C,YOR256C,0,0.6692347,0.7401812672615051,0.7350000143051147,0.025800000876188278
YIL031W,YOR030W,0,0.66837597,0.7394366264343262,0.7350000143051147,0.02590000070631504
YPL237W,YBR265W,0,0.6677099,0.7386934757232666,0.7350000143051147,0.026000000536441803
YHR197W,YPR016C,1,0.6664535,0.7389557957649231,0.7360000014305115,0.026000000536441803
YOR210W,YEL042W,0,0.66636395,0.7382146716117859,0.7360000014305115,0.026100000366568565
YLR022C,YPR016C,1,0.6660597,0.7384769320487976,0.7369999885559082,0.026100000366568565
YLR388W,YDR302W,0,0.66590405,0.7377377152442932,0.7369999885559082,0.026200000196695328
YNR036C,YNL241C,0,0.6654292,0.7369999885559082,0.7369999885559082,0.02630000002682209
YER054C,YNL305C,0,0.6653453,0.7362637519836426,0.7369999885559082,0.026399999856948853
YHR141C,YOR202W,0,0.6652634,0.7355289459228516,0.7369999885559082,0.026499999687075615
YNL067W,YPR056W,0,0.6650799,0.7347956299781799,0.7369999885559082,0.026599999517202377
YLR225C,YLR421C,0,0.66327035,0.7340637445449829,0.7369999885559082,0.02669999934732914
YOL080C,YPR102C,1,0.6628177,0.7343283295631409,0.7379999756813049,0.02669999934732914
YDR216W,YJL036W,0,0.66253966,0.7335984110832214,0.7379999756813049,0.026799999177455902
YOL097C,YNL030W,0,0.66233903,0.7328699231147766,0.7379999756813049,0.026900000870227814
YLR448W,YOL144W,1,0.6621584,0.733134925365448,0.7390000224113464,0.026900000870227814
YOL041C,YML065W,0,0.66203254,0.732408344745636,0.7390000224113464,0.027000000700354576
YHR063C,YHR128W,0,0.6600793,0.7316831946372986,0.7390000224113464,0.02710000053048134
YLR340W,YML014W,0,0.65922374,0.7309594750404358,0.7390000224113464,0.0272000003606081
YDR418W,YHR052W,1,0.6590305,0.731225311756134,0.7400000095367432,0.0272000003606081
YCR067C,YPR181C,0,0.65897095,0.7305034399032593,0.7400000095367432,0.027300000190734863
YLR340W,YDR101C,1,0.65740716,0.7307692170143127,0.7409999966621399,0.027300000190734863
YEL071W,YEL009C,0,0.657195,0.7300492525100708,0.7409999966621399,0.027400000020861626
YNL300W,YPR009W,0,0.6564386,0.7293307185173035,0.7409999966621399,0.027499999850988388
YPL227C,YNL002C,0,0.6561648,0.728613555431366,0.7409999966621399,0.02759999968111515
YER118C,YBR088C,0,0.65614283,0.7278978228569031,0.7409999966621399,0.027699999511241913
YLR009W,YPL131W,1,0.65538394,0.7281648516654968,0.7419999837875366,0.027699999511241913
YCR069W,YKL193C,0,0.65534794,0.727450966835022,0.7419999837875366,0.027799999341368675
YLR075W,YDR060W,1,0.65468657,0.727717936038971,0.7429999709129333,0.027799999341368675
YLR448W,YOL080C,1,0.65467215,0.7279843688011169,0.7440000176429749,0.027799999341368675
YJR086W,YAL014C,0,0.6542207,0.7272727489471436,0.7440000176429749,0.027899999171495438
YNL227C,YPL211W,1,0.65261734,0.7275390625,0.7450000047683716,0.027899999171495438
YOL016C,YCL040W,0,0.65229046,0.7268292903900146,0.7450000047683716,0.02800000086426735
YNL148C,YGL175C,0,0.6513858,0.7261208295822144,0.7450000047683716,0.02810000069439411
YDL193W,YPR140W,0,0.65129864,0.7254137992858887,0.7450000047683716,0.028200000524520874
YFL002C,YHR085W,1,0.65113854,0.725680947303772,0.7459999918937683,0.028200000524520874
YMR229C,YLR340W,1,0.6508197,0.7259474992752075,0.746999979019165,0.028200000524520874
YGL120C,YKL014C,1,0.65047055,0.7262135744094849,0.7480000257492065,0.028200000524520874
YLR106C,YBR267W,1,0.64974153,0.726479172706604,0.7490000128746033,0.028200000524520874
YNL124W,YDR143C,0,0.6488733,0.7257751822471619,0.7490000128746033,0.028300000354647636
YEL063C,YEL046C,0,0.64841986,0.7250726222991943,0.7490000128746033,0.0284000001847744
YOR128C,YER157W,0,0.64818215,0.7243713736534119,0.7490000128746033,0.02850000001490116
YER146W,YIL131C,0,0.6478976,0.7236714959144592,0.7490000128746033,0.028599999845027924
YOL094C,YOR210W,0,0.64731085,0.7229729890823364,0.7490000128746033,0.028699999675154686
YBL004W,YBR104W,0,0.6473032,0.7222757935523987,0.7490000128746033,0.02879999950528145
YHR187W,YBR154C,0,0.6471977,0.7215799689292908,0.7490000128746033,0.02889999933540821
YHR072W,YBR127C,0,0.6471556,0.7208854556083679,0.7490000128746033,0.028999999165534973
YGL120C,YLR340W,1,0.6471306,0.7211538553237915,0.75,0.028999999165534973
YLR022C,YNR038W,1,0.6469518,0.7214217185974121,0.7509999871253967,0.028999999165534973
YGR074W,YBR265W,0,0.64638054,0.7207293510437012,0.7509999871253967,0.029100000858306885
YNR054C,YDR198C,0,0.64497554,0.7200383543968201,0.7509999871253967,0.029200000688433647
YBL046W,YBR215W,0,0.6447819,0.719348669052124,0.7509999871253967,0.02930000051856041
YCL054W,YPR102C,1,0.64446414,0.7196172475814819,0.7519999742507935,0.02930000051856041
YJL145W,YER073W,0,0.6438755,0.7189292311668396,0.7519999742507935,0.029400000348687172
YNL182C,YPR102C,1,0.6433785,0.719197690486908,0.753000020980835,0.029400000348687172
YER002W,YNL163C,1,0.642259,0.7194656729698181,0.7540000081062317,0.029400000348687172
YDR349C,YOR007C,0,0.6418192,0.7187798023223877,0.7540000081062317,0.029500000178813934
YLR106C,YPL093W,1,0.64162254,0.7190476059913635,0.7549999952316284,0.029500000178813934
YPR143W,YPL193W,1,0.6408559,0.7193149328231812,0.7559999823570251,0.029500000178813934
YJR056C,YJL184W,0,0.6394487,0.7186312079429626,0.7559999823570251,0.029600000008940697
YPL132W,YPL230W,0,0.63927966,0.7179487347602844,0.7559999823570251,0.02969999983906746
YML114C,YIR008C,0,0.6389233,0.7172675728797913,0.7559999823570251,0.02979999966919422
YJL138C,YGL245W,0,0.63875896,0.7165876626968384,0.7559999823570251,0.029899999499320984
YER119C,YFL018C,0,0.6373379,0.7159090638160706,0.7559999823570251,0.029999999329447746
YGL099W,YLR066W,0,0.6372814,0.7152317762374878,0.7559999823570251,0.03009999915957451
YJR105W,YJR064W,0,0.6371476,0.7145557403564453,0.7559999823570251,0.03020000085234642
YIR012W,YML073C,1,0.63634014,0.7148253321647644,0.7570000290870667,0.03020000085234642
YLR022C,YPR102C,1,0.6359488,0.7150943279266357,0.7580000162124634,0.03020000085234642
YHR104W,YLR119W,0,0.63589036,0.7144203782081604,0.7580000162124634,0.030300000682473183
YGL078C,YGL246C,1,0.6347252,0.7146892547607422,0.7590000033378601,0.030300000682473183
YIL091C,YNL088W,0,0.6344769,0.7140169143676758,0.7590000033378601,0.030400000512599945
YOL041C,YHR084W,0,0.63362604,0.7133458852767944,0.7590000033378601,0.030500000342726707
YHR112C,YPL230W,0,0.6329542,0.7126760482788086,0.7590000033378601,0.03060000017285347
YLR075W,YHR052W,1,0.63261694,0.7129455804824829,0.7599999904632568,0.03060000017285347
YPL084W,YGL047W,0,0.63242054,0.7122774124145508,0.7599999904632568,0.030700000002980232
YLR009W,YLR022C,1,0.6320395,0.7125468254089355,0.7609999775886536,0.030700000002980232
YOR017W,YNL252C,0,0.6317595,0.7118802666664124,0.7609999775886536,0.030799999833106995
YLR106C,YKL082C,1,0.63054156,0.7121495604515076,0.7620000243186951,0.030799999833106995
YKR098C,YHR104W,0,0.6301249,0.7114846110343933,0.7620000243186951,0.030899999663233757
YDR311W,YCR066W,0,0.63008165,0.7108209133148193,0.7620000243186951,0.03099999949336052
YIL085C,YHL033C,0,0.62988865,0.7101584076881409,0.7620000243186951,0.031099999323487282
YPL228W,YDR484W,0,0.6297881,0.7094972133636475,0.7620000243186951,0.031199999153614044
YDR519W,YJL138C,0,0.6295693,0.7088372111320496,0.7620000243186951,0.031300000846385956
YGR240C,YOR293W,0,0.62752485,0.7081784605979919,0.7620000243186951,0.03139999881386757
YDL064W,YDL236W,0,0.6269831,0.7075209021568298,0.7620000243186951,0.03150000050663948
YLR276C,YGL246C,1,0.6254722,0.7077922224998474,0.7630000114440918,0.03150000050663948
YBL042C,YNR046W,0,0.6249021,0.7071362137794495,0.7630000114440918,0.031599998474121094
YKL211C,YLR256W,0,0.6239301,0.7064814567565918,0.7630000114440918,0.031700000166893005
YBR280C,YDL147W,0,0.6229551,0.7058279514312744,0.7630000114440918,0.03180000185966492
YLR106C,YFR001W,1,0.6228903,0.706099808216095,0.7639999985694885,0.03180000185966492
YPR145W,YML014W,0,0.62236774,0.7054478526115417,0.7639999985694885,0.03189999982714653
YML029W,YIL121W,0,0.62218267,0.7047970294952393,0.7639999985694885,0.03200000151991844
YIL099W,YIL065C,0,0.6219942,0.704147458076477,0.7639999985694885,0.032099999487400055
YMR083W,YDL236W,0,0.6219835,0.7034990787506104,0.7639999985694885,0.03220000118017197
YEL004W,YDR489W,0,0.62189406,0.7028518915176392,0.7639999985694885,0.03229999914765358
YHL009C,YFR046C,0,0.6212542,0.7022058963775635,0.7639999985694885,0.03240000084042549
YPL237W,YBL009W,0,0.62105393,0.7015610933303833,0.7639999985694885,0.032499998807907104
YIL085C,YLR372W,0,0.61717963,0.7009174227714539,0.7639999985694885,0.032600000500679016
YLR221C,YNL163C,1,0.6161816,0.7011915445327759,0.7649999856948853,0.032600000500679016
YGR090W,YNL220W,0,0.6156889,0.7005494236946106,0.7649999856948853,0.03269999846816063
YFR042W,YBR280C,0,0.6153935,0.6999084949493408,0.7649999856948853,0.03280000016093254
YLR362W,YJL093C,0,0.61378175,0.6992687582969666,0.7649999856948853,0.03290000185370445
YKR024C,YPL131W,1,0.6136966,0.6995433568954468,0.765999972820282,0.03290000185370445
YPR023C,YOR256C,0,0.613678,0.6989051103591919,0.765999972820282,0.032999999821186066
YFL022C,YGL012W,0,0.6135657,0.6982679963111877,0.765999972820282,0.03310000151395798
YOR173W,YIL099W,0,0.6128924,0.6976320743560791,0.765999972820282,0.03319999948143959
YNL169C,YER124C,0,0.6126605,0.6969972848892212,0.765999972820282,0.0333000011742115
YJL050W,YGL077C,0,0.6123463,0.696363627910614,0.765999972820282,0.033399999141693115
YCR024C-A,YNR046W,0,0.61189556,0.6957311630249023,0.765999972820282,0.03350000083446503
YLR222C,YOR312C,0,0.6107949,0.6950998306274414,0.765999972820282,0.03359999880194664
YBR110W,YBR014C,0,0.6106393,0.6944696307182312,0.765999972820282,0.03370000049471855
YKL107W,YOR007C,0,0.6103399,0.6938405632972717,0.765999972820282,0.033799998462200165
YPL032C,YDL191W,0,0.6097844,0.6932126879692078,0.765999972820282,0.033900000154972076
YOR094W,YGR195W,0,0.6097291,0.6925858855247498,0.765999972820282,0.03400000184774399
YOR095C,YOR375C,0,0.6095395,0.6919602751731873,0.765999972820282,0.0340999998152256
YCL040W,YPR185W,0,0.6094469,0.6913357377052307,0.765999972820282,0.03420000150799751
YGL246C,YER002W,1,0.60922116,0.6916140913963318,0.7670000195503235,0.03420000150799751
YBR204C,YPL270W,0,0.6091881,0.6909909844398499,0.7670000195503235,0.034299999475479126
YCL033C,YLR064W,0,0.60900843,0.6903690099716187,0.7670000195503235,0.03440000116825104
YOL006C,YGL099W,0,0.6080019,0.689748227596283,0.7670000195503235,0.03449999913573265
YOL013C,YPL265W,0,0.60790586,0.6891284584999084,0.7670000195503235,0.03460000082850456
YDR339C,YML024W,0,0.607627,0.6885098814964294,0.7670000195503235,0.034699998795986176
YML110C,YKR018C,0,0.6064404,0.6878923773765564,0.7670000195503235,0.03480000048875809
YMR278W,YIL097W,0,0.60607433,0.6872760057449341,0.7670000195503235,0.0348999984562397
YDR307W,YLR119W,0,0.606044,0.6866607069969177,0.7670000195503235,0.03500000014901161
YDL122W,YER075C,0,0.6059638,0.6860465407371521,0.7670000195503235,0.035100001841783524
YOR229W,YPL079W,0,0.6059415,0.6854334473609924,0.7670000195503235,0.03519999980926514
YFL002C,YDR418W,1,0.6057837,0.6857143044471741,0.7680000066757202,0.03519999980926514
YGL246C,YPL211W,1,0.6057048,0.6859946250915527,0.7689999938011169,0.03519999980926514
YDR216W,YCL040W,0,0.6054178,0.6853832602500916,0.7689999938011169,0.03530000150203705
YKL120W,YOR073W,0,0.60511065,0.6847729086875916,0.7689999938011169,0.03539999946951866
YLR240W,YML029W,0,0.60449344,0.6841636896133423,0.7689999938011169,0.03550000116229057
YLL008W,YGL246C,1,0.60409623,0.6844444274902344,0.7699999809265137,0.03550000116229057
YER126C,YLR022C,1,0.60388637,0.6847246885299683,0.7710000276565552,0.03550000116229057
YOL039W,YOR010C,0,0.60257787,0.6841171383857727,0.7710000276565552,0.035599999129772186
YKR067W,YAL055W,0,0.6025311,0.6835106611251831,0.7710000276565552,0.0357000008225441
YPR018W,YFR055W,0,0.60247135,0.6829051971435547,0.7710000276565552,0.03579999879002571
YPL164C,YMR092C,0,0.6024061,0.682300865650177,0.7710000276565552,0.03590000048279762
YJR152W,YDR363W,0,0.60197186,0.6816976070404053,0.7710000276565552,0.035999998450279236
YGL246C,YPR016C,1,0.6012927,0.6819788217544556,0.7720000147819519,0.035999998450279236
YBR290W,YOR007C,0,0.6012527,0.6813768744468689,0.7720000147819519,0.03610000014305115
YLR222C,YIL110W,0,0.6007627,0.6807760000228882,0.7720000147819519,0.03620000183582306
YKL021C,YPL131W,1,0.59981614,0.6810572743415833,0.7730000019073486,0.03620000183582306
YPL132W,YIL122W,0,0.5998145,0.6804577708244324,0.7730000019073486,0.03629999980330467
YBL042C,YEL055C,0,0.5995359,0.6798592805862427,0.7730000019073486,0.036400001496076584
YGR085C,YBR267W,1,0.59911793,0.6801406145095825,0.7739999890327454,0.036400001496076584
YJL116C,YCL033C,0,0.59890217,0.6795434355735779,0.7739999890327454,0.0364999994635582
YLR075W,YCL054W,1,0.59835494,0.6798245906829834,0.7749999761581421,0.0364999994635582
YKL082C,YDR418W,1,0.59783345,0.6801051497459412,0.7760000228881836,0.0364999994635582
YCR071C,YDL066W,0,0.59733665,0.6795096397399902,0.7760000228881836,0.03660000115633011
YHR063C,YML026C,0,0.59726655,0.6789151430130005,0.7760000228881836,0.03669999912381172
YLR240W,YLR119W,0,0.5966778,0.6783216595649719,0.7760000228881836,0.03680000081658363
YKL137W,YDR255C,0,0.59611344,0.6777292490005493,0.7760000228881836,0.03689999878406525
YJL177W,YKL152C,0,0.59568787,0.6771378517150879,0.7760000228881836,0.03700000047683716
YGR240C,YML075C,0,0.59565514,0.6765475273132324,0.7760000228881836,0.03709999844431877
YLR022C,YLR229C,0,0.5956135,0.6759582161903381,0.7760000228881836,0.03720000013709068
YCR067C,YCR071C,0,0.5950704,0.6753698587417603,0.7760000228881836,0.037300001829862595
YPR058W,YJL002C,0,0.59360063,0.6747826337814331,0.7760000228881836,0.03739999979734421
YPR103W,YMR067C,0,0.5933044,0.6741963624954224,0.7760000228881836,0.03750000149011612
YJL076W,YLR222C,0,0.59319526,0.6736111044883728,0.7760000228881836,0.03759999945759773
YPL093W,YML073C,1,0.59107596,0.6738941669464111,0.7770000100135803,0.03759999945759773
YBR142W,YPR016C,1,0.5898757,0.6741767525672913,0.777999997138977,0.03759999945759773
YJL139C,YIL044C,0,0.5883916,0.6735930442810059,0.777999997138977,0.037700001150369644
YBR103W,YDR051C,0,0.58772296,0.6730104088783264,0.777999997138977,0.03779999911785126
YDR060W,YPL193W,1,0.58759177,0.6732929944992065,0.7789999842643738,0.03779999911785126
YFR042W,YDR255C,0,0.58752036,0.6727115511894226,0.7789999842643738,0.03790000081062317
YLR106C,YER002W,1,0.5872858,0.6729939579963684,0.7799999713897705,0.03790000081062317
YDR324C,YGL097W,0,0.58694166,0.6724137663841248,0.7799999713897705,0.03799999877810478
YHR197W,YEL054C,1,0.58687806,0.6726959347724915,0.781000018119812,0.03799999877810478
YGR074W,YJL111W,0,0.5868224,0.6721170544624329,0.781000018119812,0.038100000470876694
YLR069C,YNL177C,0,0.5863615,0.6715391278266907,0.781000018119812,0.03819999843835831
YLR106C,YLR009W,1,0.5860773,0.6718212962150574,0.7820000052452087,0.03819999843835831
YBR127C,YLR229C,0,0.5859599,0.6712446212768555,0.7820000052452087,0.03830000013113022
YBR073W,YJL050W,0,0.58567846,0.6706689596176147,0.7820000052452087,0.03840000182390213
YOL127W,YKL014C,1,0.58546627,0.6709511280059814,0.7829999923706055,0.03840000182390213
YJL002C,YLL052C,0,0.5854199,0.670376718044281,0.7829999923706055,0.03849999979138374
YMR202W,YML014W,0,0.5849271,0.669803261756897,0.7829999923706055,0.038600001484155655
YNL209W,YGL077C,0,0.5842692,0.6692307591438293,0.7829999923706055,0.03869999945163727
YJR002W,YDR450W,0,0.58420384,0.6686592698097229,0.7829999923706055,0.03880000114440918
YHR050W,YIR008C,0,0.58411825,0.6680887341499329,0.7829999923706055,0.03889999911189079
YBR244W,YDR037W,0,0.583814,0.6675191521644592,0.7829999923706055,0.039000000804662704
YJL177W,YFR009W,0,0.583652,0.6669505834579468,0.7829999923706055,0.03909999877214432
YKR080W,YEL003W,0,0.5834425,0.6663829684257507,0.7829999923706055,0.03920000046491623
YNL326C,YNL279W,0,0.58326876,0.6658163070678711,0.7829999923706055,0.03929999843239784
YLR071C,YMR309C,0,0.5831734,0.6652506589889526,0.7829999923706055,0.039400000125169754
YNR036C,YKL065C,0,0.5830877,0.6646859049797058,0.7829999923706055,0.039500001817941666
YDR294C,YGL013C,0,0.58271146,0.6641221642494202,0.7829999923706055,0.03959999978542328
YPL236C,YPR065W,0,0.58212304,0.6635593175888062,0.7829999923706055,0.03970000147819519
YOR056C,YJL138C,0,0.5820933,0.6629974842071533,0.7829999923706055,0.039799999445676804
YKL091C,YFL016C,0,0.5814611,0.6624365448951721,0.7829999923706055,0.039900001138448715
YOL075C,YNL134C,0,0.58122516,0.6618765592575073,0.7829999923706055,0.03999999910593033
YPL246C,YER118C,0,0.58105177,0.6613175868988037,0.7829999923706055,0.04010000079870224
YHR107C,YGL029W,0,0.5809417,0.6607595086097717,0.7829999923706055,0.04019999876618385
YGL234W,YER122C,0,0.5802964,0.6602023839950562,0.7829999923706055,0.040300000458955765
YNL090W,YML123C,0,0.5801236,0.6596461534500122,0.7829999923706055,0.04039999842643738
YOR202W,YLL036C,0,0.579831,0.6590909361839294,0.7829999923706055,0.04050000011920929
YGL201C,YGL234W,0,0.578917,0.6585366129875183,0.7829999923706055,0.0406000018119812
YLL008W,YLR340W,1,0.5782566,0.658823549747467,0.7839999794960022,0.0406000018119812
YKR081C,YLR242C,0,0.5777383,0.6582703590393066,0.7839999794960022,0.040699999779462814
YLR225C,YBR167C,0,0.57758904,0.6577181220054626,0.7839999794960022,0.040800001472234726
YDR214W,YML029W,0,0.57712746,0.6571667790412903,0.7839999794960022,0.04089999943971634
YCR024C-A,YFL022C,0,0.57708424,0.6566163897514343,0.7839999794960022,0.04100000113248825
YJR044C,YER094C,0,0.576908,0.6560669541358948,0.7839999794960022,0.041099999099969864
YNL186W,YPL024W,0,0.5764298,0.6555184125900269,0.7839999794960022,0.041200000792741776
YLR174W,YMR291W,0,0.57630634,0.6549707651138306,0.7839999794960022,0.04129999876022339
YKL091C,YCL038C,0,0.5756904,0.6544240117073059,0.7839999794960022,0.0414000004529953
YLR132C,YIL097W,0,0.57431275,0.6538782119750977,0.7839999794960022,0.04149999842047691
YHR019C,YJR002W,0,0.57424355,0.653333306312561,0.7839999794960022,0.041600000113248825
YPL193W,YOL077C,1,0.5741228,0.6536219716072083,0.7850000262260437,0.041600000113248825
YLR408C,YPR140W,0,0.573485,0.6530781984329224,0.7850000262260437,0.04170000180602074
YOL017W,YLR378C,0,0.57331514,0.6525353193283081,0.7850000262260437,0.04179999977350235
YMR197C,YPL124W,0,0.57315606,0.6519933342933655,0.7850000262260437,0.04190000146627426
YNL300W,YDL153C,0,0.57261837,0.6514523029327393,0.7850000262260437,0.041999999433755875
YPR185W,YLL023C,0,0.5720482,0.6509121060371399,0.7850000262260437,0.042100001126527786
YEL046C,YHR042W,0,0.57200366,0.6503728032112122,0.7850000262260437,0.0421999990940094
YLR075W,YNL110C,1,0.5717812,0.6506622433662415,0.7860000133514404,0.0421999990940094
YOR094W,YIL016W,0,0.57136524,0.6501240730285645,0.7860000133514404,0.04230000078678131
YOL110W,YLR308W,0,0.5712758,0.6495867967605591,0.7860000133514404,0.042399998754262924
YLR276C,YLR340W,1,0.5710273,0.6498761177062988,0.7870000004768372,0.042399998754262924
YHL013C,YKL216W,0,0.57098854,0.6493399143218994,0.7870000004768372,0.042500000447034836
YMR011W,YJR105W,0,0.5708704,0.6488046050071716,0.7870000004768372,0.04259999841451645
YCR024C-A,YAL042W,0,0.5703588,0.6482701897621155,0.7870000004768372,0.04270000010728836
YNL305C,YGR206W,0,0.5702231,0.6477366089820862,0.7870000004768372,0.04280000180006027
YPL152W,YIL065C,0,0.56964207,0.6472039222717285,0.7870000004768372,0.042899999767541885
YOL115W,YHR062C,0,0.56860065,0.6466721296310425,0.7870000004768372,0.0430000014603138
YNL227C,YNL163C,1,0.56858927,0.6469622254371643,0.7879999876022339,0.0430000014603138
YPL131W,YGL111W,1,0.5684074,0.6472518444061279,0.7889999747276306,0.0430000014603138
YKL021C,YOL080C,1,0.5683743,0.6475409865379333,0.7900000214576721,0.0430000014603138
YPL246C,YGR172C,0,0.56795573,0.6470106244087219,0.7900000214576721,0.04309999942779541
YCR023C,YOL148C,0,0.5679078,0.6464811563491821,0.7900000214576721,0.04320000112056732
YPL212C,YNL312W,0,0.5673654,0.645952582359314,0.7900000214576721,0.043299999088048935
YGR275W,YCL020W,0,0.5672641,0.6454248428344727,0.7900000214576721,0.04340000078082085
YER119C,YPL084W,0,0.56711173,0.6448979377746582,0.7900000214576721,0.04349999874830246
YOL146W,YPL237W,0,0.56688464,0.6443719267845154,0.7900000214576721,0.04360000044107437
YOR100C,YIL122W,0,0.56669486,0.6438468098640442,0.7900000214576721,0.043699998408555984
YPR079W,YJL036W,0,0.5666295,0.6433224678039551,0.7900000214576721,0.043800000101327896
YBR235W,YBL004W,0,0.5665425,0.6427990198135376,0.7900000214576721,0.04390000179409981
YML073C,YFR001W,1,0.56567144,0.6430894136428833,0.7910000085830688,0.04390000179409981
YPR102C,YPR016C,1,0.56460184,0.6433793902397156,0.7919999957084656,0.04390000179409981
YHR063C,YPL241C,0,0.5644417,0.6428571343421936,0.7919999957084656,0.04399999976158142
YML126C,YNL256W,0,0.5643753,0.6423357725143433,0.7919999957084656,0.04410000145435333
YKR081C,YPL037C,0,0.56431425,0.6418152451515198,0.7919999957084656,0.044199999421834946
YBR068C,YJL093C,0,0.56406134,0.6412955522537231,0.7919999957084656,0.04430000111460686
YMR092C,YER035W,0,0.5637023,0.6407766938209534,0.7919999957084656,0.04439999908208847
YGL208W,YIL017C,0,0.56352824,0.6402586698532104,0.7919999957084656,0.04450000077486038
YOR063W,YGL120C,1,0.56262004,0.6405493021011353,0.7929999828338623,0.04450000077486038
YPL237W,YKR042W,0,0.5625053,0.6400322914123535,0.7929999828338623,0.044599998742341995
YGR125W,YKL035W,0,0.5624831,0.6395161151885986,0.7929999828338623,0.04470000043511391
YGL208W,YDR452W,0,0.56195605,0.6390008330345154,0.7929999828338623,0.04479999840259552
YGL234W,YPR056W,0,0.56170154,0.6384863257408142,0.7929999828338623,0.04490000009536743
YIL105C,YFR044C,0,0.5613784,0.6379726529121399,0.7929999828338623,0.04500000178813934
YPR121W,YDR186C,0,0.56131387,0.6374598145484924,0.7929999828338623,0.045099999755620956
YDR216W,YJR113C,0,0.56121266,0.6369478106498718,0.7929999828338623,0.04520000144839287
YDR338C,YOR256C,0,0.5610912,0.6364365816116333,0.7929999828338623,0.04529999941587448
YLL036C,YDR352W,0,0.5606384,0.6359262466430664,0.7929999828338623,0.04540000110864639
YNL126W,YPL079W,0,0.5604404,0.6354166865348816,0.7929999828338623,0.045499999076128006
YNL083W,YJL159W,0,0.5603814,0.6349079012870789,0.7929999828338623,0.04560000076889992
YGR198W,YEL042W,0,0.5602717,0.6344000101089478,0.7929999828338623,0.04569999873638153
YKL086W,YPL249C,0,0.5600348,0.6338928937911987,0.7929999828338623,0.04580000042915344
YDR214W,YPL270W,0,0.55990815,0.6333865523338318,0.7929999828338623,0.045899998396635056
YOR130C,YPR004C,0,0.5598595,0.6328811049461365,0.7929999828338623,0.04600000008940697
YML073C,YPR016C,1,0.5597661,0.6331738233566284,0.7940000295639038,0.04600000008940697
YJL138C,YBR154C,0,0.5596352,0.6326693296432495,0.7940000295639038,0.04610000178217888
YCR024C-A,YKL209C,0,0.55961335,0.6321656107902527,0.7940000295639038,0.04619999974966049
YKR024C,YPR102C,1,0.5593219,0.6324582099914551,0.7950000166893005,0.04619999974966049
YGR278W,YDR099W,0,0.55890566,0.6319555044174194,0.7950000166893005,0.046300001442432404
YFR055W,YLR022C,0,0.55873954,0.6314535140991211,0.7950000166893005,0.04639999940991402
YAR003W,YML001W,0,0.5586389,0.6309523582458496,0.7950000166893005,0.04650000110268593
YMR068W,YNL305C,0,0.5581026,0.630452036857605,0.7950000166893005,0.04659999907016754
YIL040W,YGL245W,0,0.5580869,0.6299524307250977,0.7950000166893005,0.04670000076293945
YNL227C,YNR038W,1,0.55770636,0.6302454471588135,0.7960000038146973,0.04670000076293945
YPL193W,YBR267W,1,0.55766773,0.6305379867553711,0.796999990940094,0.04670000076293945
YKL163W,YIL017C,0,0.5567812,0.6300395131111145,0.796999990940094,0.046799998730421066
YPL084W,YHR050W,0,0.5566478,0.6295418739318848,0.796999990940094,0.04690000042319298
YOL039W,YOL049W,0,0.55655956,0.6290450096130371,0.796999990940094,0.04699999839067459
YDR363W,YLR035C,0,0.55623883,0.6285489201545715,0.796999990940094,0.0471000000834465
YKL188C,YLR148W,0,0.55614114,0.628053605556488,0.796999990940094,0.047200001776218414
YOR202W,YFR055W,0,0.5555732,0.6275590658187866,0.796999990940094,0.04729999974370003
YIL041W,YGL048C,0,0.55542654,0.6270653009414673,0.796999990940094,0.04740000143647194
YML130C,YPL005W,0,0.55520034,0.62657231092453,0.796999990940094,0.04749999940395355
YML029W,YEL020C,0,0.55517864,0.6260801553726196,0.796999990940094,0.047600001096725464
YGR038W,YER004W,0,0.5550102,0.6255887150764465,0.796999990940094,0.04769999906420708
YKR013W,YNL279W,0,0.5548467,0.6250980496406555,0.796999990940094,0.04780000075697899
YBL046W,YNL099C,0,0.5546103,0.6246081590652466,0.796999990940094,0.0478999987244606
YBL045C,YMR291W,0,0.5545633,0.6241190433502197,0.796999990940094,0.04800000041723251
YCL038C,YDR363W,0,0.5543126,0.623630702495575,0.796999990940094,0.04809999838471413
YNL300W,YNL220W,0,0.5539409,0.6231430768966675,0.796999990940094,0.04820000007748604
YGL048C,YPR183W,0,0.55340016,0.6226562261581421,0.796999990940094,0.04830000177025795
YDR171W,YJR019C,0,0.5529956,0.6221701502799988,0.796999990940094,0.04839999973773956
YGR152C,YJR002W,0,0.55274427,0.6216848492622375,0.796999990940094,0.048500001430511475
YJL093C,YML010W,0,0.55253106,0.6212003231048584,0.796999990940094,0.04859999939799309
YHR063C,YMR116C,0,0.55238193,0.6207165122032166,0.796999990940094,0.048700001090765
YJR090C,YOL113W,0,0.5521747,0.6202334761619568,0.796999990940094,0.04879999905824661
YNL209W,YHR183W,0,0.5521177,0.6197511553764343,0.796999990940094,0.048900000751018524
YNL245C,YMR268C,0,0.5519699,0.619269609451294,0.796999990940094,0.04899999871850014
YLR274W,YML069W,0,0.5518537,0.6187888383865356,0.796999990940094,0.04910000041127205
YCR067C,YLR225C,0,0.5518152,0.6183087825775146,0.796999990940094,0.04919999837875366
YBR126C,YDR294C,0,0.5516352,0.617829442024231,0.796999990940094,0.049300000071525574
YBL004W,YNL067W,0,0.5513303,0.6173508763313293,0.796999990940094,0.049400001764297485
YOR210W,YLR066W,0,0.5512564,0.6168730854988098,0.796999990940094,0.0494999997317791
YKR067W,YJR044C,0,0.5510418,0.6163959503173828,0.796999990940094,0.04960000142455101
YOL119C,YPL270W,0,0.5504354,0.6159196496009827,0.796999990940094,0.04969999939203262
YBR079C,YGL012W,0,0.5504348,0.615444004535675,0.796999990940094,0.049800001084804535
YLR106C,YJL122W,1,0.5503782,0.6157407164573669,0.7979999780654907,0.049800001084804535
YDR060W,YLR340W,1,0.5503539,0.6160370111465454,0.7990000247955322,0.049800001084804535
YCR072C,YPL131W,1,0.5495472,0.6163328289985657,0.800000011920929,0.049800001084804535
YGR192C,YGL048C,0,0.5494741,0.6158583760261536,0.800000011920929,0.04989999905228615
YKL120W,YML010W,0,0.54942656,0.6153846383094788,0.800000011920929,0.05000000074505806
YKL021C,YDR060W,1,0.54881877,0.6156802177429199,0.8009999990463257,0.05000000074505806
YLR022C,YOR272W,1,0.54860085,0.6159754395484924,0.8019999861717224,0.05000000074505806
YFR028C,YGL086W,0,0.54832137,0.6155027151107788,0.8019999861717224,0.05009999871253967
YIL016W,YHR026W,0,0.5481081,0.6150306463241577,0.8019999861717224,0.050200000405311584
YLR240W,YLR393W,0,0.54743946,0.6145594120025635,0.8019999861717224,0.0502999983727932
YPL164C,YGL047W,0,0.5471009,0.6140888333320618,0.8019999861717224,0.05040000006556511
YGR108W,YNL099C,0,0.54676944,0.6136189699172974,0.8019999861717224,0.05050000175833702
YER054C,YGL181W,0,0.5463338,0.6131498217582703,0.8019999861717224,0.050599999725818634
YKL021C,YBR267W,1,0.54623246,0.6134454011917114,0.8029999732971191,0.050599999725818634
YLR297W,YHR176W,0,0.5459132,0.6129770874977112,0.8029999732971191,0.050700001418590546
YPL256C,YDR480W,0,0.5451598,0.612509548664093,0.8029999732971191,0.05079999938607216
YFL024C,YMR251W-A,0,0.5451394,0.6120426654815674,0.8029999732971191,0.05090000107884407
YBL050W,YLR155C,0,0.5435341,0.6115765571594238,0.8029999732971191,0.050999999046325684
YDL226C,YHL001W,0,0.5432008,0.6111111044883728,0.8029999732971191,0.051100000739097595
YLR135W,YPR121W,0,0.54317725,0.6106463670730591,0.8029999732971191,0.05119999870657921
YIL041W,YJL139C,0,0.543167,0.6101823449134827,0.8029999732971191,0.05130000039935112
YOR056C,YNL087W,0,0.54313946,0.6097190380096436,0.8029999732971191,0.05139999836683273
YLR276C,YNL163C,1,0.54305613,0.6100151538848877,0.8040000200271606,0.05139999836683273
YLL023C,YIL050W,0,0.5423162,0.6095526814460754,0.8040000200271606,0.051500000059604645
YLR342W,YOR115C,0,0.54225206,0.6090909242630005,0.8040000200271606,0.051600001752376556
YGR085C,YKL014C,1,0.5410446,0.6093868017196655,0.8050000071525574,0.051600001752376556
YDR097C,YDL122W,0,0.5407906,0.6089258790016174,0.8050000071525574,0.05169999971985817
YML114C,YHR072W,0,0.5406652,0.6084656119346619,0.8050000071525574,0.05180000141263008
YGL100W,YDR382W,0,0.5405042,0.6080060601234436,0.8050000071525574,0.051899999380111694
YHL002W,YJL151C,0,0.54017186,0.6075471639633179,0.8050000071525574,0.052000001072883606
YPL211W,YMR189W,0,0.540146,0.6070889830589294,0.8050000071525574,0.05209999904036522
YCR067C,YBR083W,0,0.53971124,0.6066315174102783,0.8050000071525574,0.05220000073313713
YDR312W,YPR102C,1,0.5391877,0.6069276928901672,0.8059999942779541,0.05220000073313713
YPL193W,YFR001W,1,0.53863746,0.6072234511375427,0.8069999814033508,0.05220000073313713
YLR166C,YFR044C,0,0.53820735,0.606766939163208,0.8069999814033508,0.052299998700618744
YDR202C,YPR066W,0,0.5380762,0.606311023235321,0.8069999814033508,0.052400000393390656
YER119C,YDL122W,0,0.53767765,0.6058558821678162,0.8069999814033508,0.05249999836087227
YGR125W,YIL122W,0,0.5371872,0.605401337146759,0.8069999814033508,0.05260000005364418
YDL064W,YOL041C,0,0.53714645,0.6049475073814392,0.8069999814033508,0.05270000174641609
YBR171W,YDR354W,0,0.53690803,0.6044943928718567,0.8069999814033508,0.052799999713897705
YOR362C,YJL159W,0,0.53605384,0.6040419340133667,0.8069999814033508,0.05290000140666962
YPR143W,YLR340W,1,0.5358378,0.6043380498886108,0.8080000281333923,0.05290000140666962
YJR105W,YDR302W,0,0.535244,0.6038864254951477,0.8080000281333923,0.05299999937415123
YLR332W,YJR019C,0,0.5352359,0.6034353971481323,0.8080000281333923,0.05310000106692314
YPR025C,YKL065C,0,0.53477365,0.6029850840568542,0.8080000281333923,0.053199999034404755
YBL100W-A,YDL122W,0,0.53406566,0.6025354266166687,0.8080000281333923,0.053300000727176666
YDR294C,YIL157C,0,0.5338959,0.6020864248275757,0.8080000281333923,0.05339999869465828
YBR302C,YPL003W,0,0.53382313,0.60163813829422,0.8080000281333923,0.05350000038743019
YCR066W,YNL083W,0,0.5337159,0.601190447807312,0.8080000281333923,0.053599998354911804
YFR055W,YNL087W,0,0.53346,0.6007434725761414,0.8080000281333923,0.053700000047683716
YAL001C,YNL083W,0,0.53329605,0.6002971529960632,0.8080000281333923,0.05380000174045563
YHR197W,YLR340W,1,0.53193694,0.6005939245223999,0.8090000152587891,0.05380000174045563
YMR161W,YPL124W,0,0.5318897,0.6001483798027039,0.8090000152587891,0.05389999970793724
YFL052W,YLR178C,0,0.5316562,0.5997034907341003,0.8090000152587891,0.05400000140070915
YLR340W,YDL052C,0,0.5309126,0.5992592573165894,0.8090000152587891,0.054099999368190765
YLR378C,YNL326C,0,0.5307586,0.5988156795501709,0.8090000152587891,0.05420000106096268
YER006W,YJL074C,0,0.5307427,0.598372757434845,0.8090000152587891,0.05429999902844429
YDL226C,YEL042W,0,0.53036803,0.5979305505752563,0.8090000152587891,0.0544000007212162
YPL241C,YBR127C,0,0.53035533,0.5974889397621155,0.8090000152587891,0.054499998688697815
YDR349C,YGL100W,0,0.53011495,0.5970479846000671,0.8090000152587891,0.05460000038146973
YKR098C,YGL187C,0,0.5298485,0.5966076850891113,0.8090000152587891,0.05469999834895134
YNL329C,YIL129C,0,0.52978027,0.596168041229248,0.8090000152587891,0.05480000004172325
YJR113C,YAL009W,0,0.5293623,0.5957289934158325,0.8090000152587891,0.05490000173449516
YKR024C,YNL087W,0,0.52916074,0.5952906608581543,0.8090000152587891,0.054999999701976776
YOR033C,YCR023C,0,0.528702,0.5948529243469238,0.8090000152587891,0.05510000139474869
YLR034C,YKL096W,0,0.5283447,0.5944158434867859,0.8090000152587891,0.0551999993622303
YHR063C,YGL257C,0,0.5283354,0.5939794182777405,0.8090000152587891,0.05530000105500221
YOR361C,YJL074C,0,0.5282732,0.5935436487197876,0.8090000152587891,0.055399999022483826
YDR210W,YGL008C,0,0.52824503,0.5931084752082825,0.8090000152587891,0.05550000071525574
YJR105W,YPL108W,0,0.5278164,0.5926740169525146,0.8090000152587891,0.05559999868273735
YOL130W,YNR075W,0,0.5277403,0.5922400951385498,0.8090000152587891,0.05570000037550926
YNL169C,YPL023C,0,0.52771175,0.5918068885803223,0.8090000152587891,0.055799998342990875
YDR316W,YIR010W,0,0.5275327,0.5913742780685425,0.8090000152587891,0.05590000003576279
YJR007W,YGL020C,0,0.5270012,0.5909423232078552,0.8090000152587891,0.0560000017285347
YBR302C,YOR125C,0,0.52662975,0.5905109643936157,0.8090000152587891,0.05609999969601631
YNL227C,YOL127W,1,0.5258777,0.5908096432685852,0.8100000023841858,0.05609999969601631
YOR231W,YPR185W,0,0.52563226,0.590378999710083,0.8100000023841858,0.05620000138878822
YKL021C,YHR085W,1,0.52542806,0.5906773209571838,0.8109999895095825,0.05620000138878822
YDR266C,YPL012W,0,0.52535987,0.5902474522590637,0.8109999895095825,0.056299999356269836
YFR042W,YHR016C,0,0.524961,0.5898181796073914,0.8109999895095825,0.05640000104904175
YGR198W,YDR037W,0,0.52477694,0.5893895626068115,0.8109999895095825,0.05649999901652336
YLR084C,YOR210W,0,0.5247658,0.5889614820480347,0.8109999895095825,0.05660000070929527
YLR075W,YOL080C,1,0.524737,0.5892598032951355,0.8119999766349792,0.05660000070929527
YJL145W,YKL176C,0,0.5245158,0.5888324975967407,0.8119999766349792,0.056699998676776886
YFL009W,YHR084W,0,0.5244774,0.5884057879447937,0.8119999766349792,0.0568000003695488
YBR139W,YER169W,0,0.5243036,0.5879797339439392,0.8119999766349792,0.05689999833703041
YBR132C,YGL187C,0,0.5232913,0.5875542759895325,0.8119999766349792,0.05700000002980232
YDR316W,YIL122W,0,0.5232238,0.5871294140815735,0.8119999766349792,0.057100001722574234
YGL044C,YGR261C,0,0.5228401,0.586705207824707,0.8119999766349792,0.05719999969005585
YHR098C,YBR154C,0,0.52220964,0.5862815976142883,0.8119999766349792,0.05730000138282776
YKL146W,YKL193C,0,0.5220772,0.5858585834503174,0.8119999766349792,0.05739999935030937
YBL102W,YDR208W,0,0.52145207,0.5854361653327942,0.8119999766349792,0.057500001043081284
YKR092C,YLR066W,0,0.52131605,0.5850144028663635,0.8119999766349792,0.0575999990105629
YOL033W,YBR110W,0,0.5211835,0.5845932364463806,0.8119999766349792,0.05770000070333481
YPL236C,YDL025C,0,0.520966,0.5841726660728455,0.8119999766349792,0.05779999867081642
YHR007C,YBL018C,0,0.52010554,0.5837526917457581,0.8119999766349792,0.05790000036358833
YOR234C,YMR216C,0,0.51971173,0.5833333134651184,0.8119999766349792,0.057999998331069946
YOR234C,YIL158W,0,0.5186251,0.5829145908355713,0.8119999766349792,0.05810000002384186
YPR145W,YLR003C,0,0.5182275,0.5824964046478271,0.8119999766349792,0.05820000171661377
YIL091C,YDR266C,0,0.51814175,0.5820788741111755,0.8119999766349792,0.05829999968409538
YCR089W,YDR141C,0,0.51812124,0.5816618800163269,0.8119999766349792,0.058400001376867294
YGR287C,YOL013C,0,0.5181055,0.5812455415725708,0.8119999766349792,0.05849999934434891
YBR302C,YFL055W,0,0.5175901,0.5808297395706177,0.8119999766349792,0.05860000103712082
YCR067C,YOR153W,0,0.51747733,0.5804145932197571,0.8119999766349792,0.05869999900460243
YGR275W,YER003C,0,0.5173594,0.5799999833106995,0.8119999766349792,0.058800000697374344
YNL186W,YNR049C,0,0.5170155,0.5795860290527344,0.8119999766349792,0.05889999866485596
YPL227C,YIL015W,0,0.5169517,0.5791726112365723,0.8119999766349792,0.05900000035762787
YDL064W,YMR309C,0,0.5169036,0.5787597894668579,0.8119999766349792,0.05909999832510948
YGL134W,YGR067C,0,0.51664793,0.5783475637435913,0.8119999766349792,0.05920000001788139
YPL193W,YOR063W,1,0.51629484,0.5786476731300354,0.8130000233650208,0.05920000001788139
YGR157W,YGR231C,0,0.51611626,0.5782361030578613,0.8130000233650208,0.059300001710653305
YDR221W,YDR293C,0,0.51585203,0.5778251886367798,0.8130000233650208,0.05939999967813492
YLR116W,YFL050C,0,0.5148842,0.5774147510528564,0.8130000233650208,0.05950000137090683
YER183C,YGR128C,0,0.51450604,0.5770049691200256,0.8130000233650208,0.05959999933838844
YKL096W,YGR038W,0,0.5136588,0.5765957236289978,0.8130000233650208,0.059700001031160355
YLR378C,YGR280C,0,0.5136453,0.5761870741844177,0.8130000233650208,0.05979999899864197
YNL083W,YIL097W,0,0.51345617,0.5757790207862854,0.8130000233650208,0.05990000069141388
YOR030W,YDL222C,0,0.51290095,0.5753715634346008,0.8130000233650208,0.05999999865889549
YBR133C,YKR024C,0,0.51286197,0.5749646425247192,0.8130000233650208,0.060100000351667404
YER126C,YNL163C,1,0.51255864,0.5752649903297424,0.8140000104904175,0.060100000351667404
YML123C,YGL257C,0,0.51242,0.5748587846755981,0.8140000104904175,0.06019999831914902
YMR119W,YPL032C,0,0.51239824,0.5744530558586121,0.8140000104904175,0.06030000001192093
YOL033W,YPL187W,0,0.51175976,0.5740479826927185,0.8140000104904175,0.06040000170469284
YKR080W,YEL055C,0,0.5114045,0.5736433863639832,0.8140000104904175,0.060499999672174454
YOR173W,YJL210W,0,0.5113394,0.5732394456863403,0.8140000104904175,0.060600001364946365
YNR073C,YPL003W,0,0.51123714,0.5728360414505005,0.8140000104904175,0.06069999933242798
YDL155W,YNL220W,0,0.51095265,0.5724331736564636,0.8140000104904175,0.06080000102519989
YBR142W,YML073C,1,0.5106665,0.5727336406707764,0.8149999976158142,0.06080000102519989
YKR060W,YLR406C,0,0.5106393,0.5723314881324768,0.8149999976158142,0.0608999989926815
YLR221C,YGL246C,1,0.51016283,0.5726315975189209,0.8159999847412109,0.0608999989926815
YGR152C,YOL097C,0,0.5096318,0.5722300410270691,0.8159999847412109,0.061000000685453415
YLR077W,YOL119C,0,0.50943774,0.5718290209770203,0.8159999847412109,0.06109999865293503
YDL052C,YDR354W,0,0.50920886,0.5714285969734192,0.8159999847412109,0.06120000034570694
YOL016C,YEL020C,0,0.509036,0.5710287094116211,0.8159999847412109,0.06129999831318855
YNL299W,YOR210W,0,0.5089109,0.570629358291626,0.8159999847412109,0.061400000005960464
YMR119W,YMR278W,0,0.5088475,0.5702306032180786,0.8159999847412109,0.061500001698732376
YDR307W,YLR216C,0,0.5088255,0.5698323845863342,0.8159999847412109,0.06159999966621399
YMR214W,YLR138W,0,0.5085865,0.5694347620010376,0.8159999847412109,0.0617000013589859
YPL164C,YGR133W,0,0.5084733,0.569037675857544,0.8159999847412109,0.061799999326467514
YOL034W,YBR135W,0,0.5081576,0.5686411261558533,0.8159999847412109,0.061900001019239426
YHR152W,YKR065C,0,0.5081462,0.5682451128959656,0.8159999847412109,0.06199999898672104
YHR063C,YMR202W,0,0.5078118,0.5678496956825256,0.8159999847412109,0.06210000067949295
YIL085C,YER018C,0,0.5077251,0.5674548149108887,0.8159999847412109,0.062199998646974564
YDR141C,YIL065C,0,0.5075482,0.5670604705810547,0.8159999847412109,0.062300000339746475
YLR398C,YML010W,0,0.50678194,0.5666666626930237,0.8159999847412109,0.06239999830722809
YML025C,YML073C,1,0.50629514,0.5669673681259155,0.8169999718666077,0.06239999830722809
YBR290W,YDR182W,0,0.5058442,0.566574215888977,0.8169999718666077,0.0625
YKL014C,YPR016C,1,0.5055483,0.5668745636940002,0.8180000185966492,0.0625
YLR274W,YJL159W,0,0.5053733,0.5664820075035095,0.8180000185966492,0.06260000169277191
YOR234C,YOR010C,0,0.50533056,0.5660899877548218,0.8180000185966492,0.06270000338554382
YLR009W,YML073C,1,0.50499475,0.5663900375366211,0.8190000057220459,0.06270000338554382
YBR104W,YOL058W,0,0.5047085,0.5659986138343811,0.8190000057220459,0.06279999762773514
YOR028C,YDR001C,0,0.50423586,0.5656077265739441,0.8190000057220459,0.06289999932050705
YGR028W,YIL050W,0,0.5041384,0.5652173757553101,0.8190000057220459,0.06300000101327896
YGL086W,YGL133W,0,0.5038267,0.564827561378479,0.8190000057220459,0.06310000270605087
YCL045C,YCR048W,0,0.50360554,0.5644383430480957,0.8190000057220459,0.06319999694824219
YIR028W,YCR097W,0,0.50356436,0.5640496015548706,0.8190000057220459,0.0632999986410141
YOL006C,YNR039C,0,0.5035606,0.5636613965034485,0.8190000057220459,0.06340000033378601
YJR064W,YBL027W,0,0.50281906,0.5632737278938293,0.8190000057220459,0.06350000202655792
YBR068C,YOL060C,0,0.5027913,0.5628865957260132,0.8190000057220459,0.06360000371932983
YLR128W,YJR161C,0,0.5025105,0.5625,0.8190000057220459,0.06369999796152115
YHR098C,YHL033C,0,0.5024679,0.5621139407157898,0.8190000057220459,0.06379999965429306
YPL152W,YIL122W,0,0.5023661,0.5617284178733826,0.8190000057220459,0.06390000134706497
YBR132C,YER021W,0,0.5019636,0.5613433718681335,0.8190000057220459,0.06400000303983688
YDL042C,YEL003W,0,0.50155175,0.5609589219093323,0.8190000057220459,0.0640999972820282
YDL150W,YOR295W,0,0.501325,0.5605749487876892,0.8190000057220459,0.06419999897480011
YAL001C,YDR293C,0,0.5013124,0.5601915121078491,0.8190000057220459,0.06430000066757202
YPR061C,YMR029C,0,0.49929044,0.559808611869812,0.8190000057220459,0.06440000236034393
YNL072W,YHR072W,0,0.49918792,0.5594262480735779,0.8190000057220459,0.06449999660253525
YHL002W,YKL065C,0,0.49886504,0.559044361114502,0.8190000057220459,0.06459999829530716
YKL027W,YMR121C,0,0.4983053,0.558663010597229,0.8190000057220459,0.06469999998807907
YLR071C,YDL052C,0,0.49822587,0.558282196521759,0.8190000057220459,0.06480000168085098
YCL045C,YER118C,0,0.4981988,0.557901918888092,0.8190000057220459,0.0649000033736229
YGR148C,YKL018W,0,0.49793103,0.5575221180915833,0.8190000057220459,0.06499999761581421
YER119C,YPR066W,0,0.49754417,0.5571428537368774,0.8190000057220459,0.06509999930858612
YIR012W,YLR022C,1,0.49742302,0.5574439167976379,0.8199999928474426,0.06509999930858612
YPL012W,YFL034C-A,0,0.49739543,0.5570651888847351,0.8199999928474426,0.06520000100135803
YKR067W,YMR167W,0,0.49728784,0.55668705701828,0.8199999928474426,0.06530000269412994
YKL213C,YMR024W,0,0.49686438,0.5563093423843384,0.8199999928474426,0.06539999693632126
YMR116C,YML058W,0,0.496186,0.5559322237968445,0.8199999928474426,0.06549999862909317
YJL139C,YDR099W,0,0.49590948,0.5555555820465088,0.8199999928474426,0.06560000032186508
YJL111W,YER021W,0,0.4957256,0.5551794171333313,0.8199999928474426,0.065700002014637
YPL152W,YOL001W,0,0.49562404,0.5548037886619568,0.8199999928474426,0.0658000037074089
YML123C,YLR226W,0,0.49547094,0.5544286966323853,0.8199999928474426,0.06589999794960022
YGR023W,YLR069C,0,0.49546516,0.5540540814399719,0.8199999928474426,0.06599999964237213
YDL004W,YNL005C,0,0.49544296,0.5536799430847168,0.8199999928474426,0.06610000133514404
YLR342W,YBL004W,0,0.49534836,0.5533063411712646,0.8199999928474426,0.06620000302791595
YHR143W-A,YMR309C,0,0.4953282,0.5529332160949707,0.8199999928474426,0.06629999727010727
YKL112W,YBL105C,0,0.49531758,0.5525606274604797,0.8199999928474426,0.06639999896287918
YML025C,YGR220C,1,0.49520048,0.5528619289398193,0.8209999799728394,0.06639999896287918
YLR210W,YCR033W,0,0.4951028,0.5524898767471313,0.8209999799728394,0.06650000065565109
YIL097W,YMR029C,0,0.4950283,0.5521183609962463,0.8209999799728394,0.066600002348423
YLR205C,YJL137C,0,0.49465564,0.5517473220825195,0.8209999799728394,0.06669999659061432
YPR121W,YOR344C,0,0.49458736,0.5513767600059509,0.8209999799728394,0.06679999828338623
YLR132C,YJR125C,0,0.49416718,0.5510067343711853,0.8209999799728394,0.06689999997615814
YLR410W,YGL086W,0,0.49373797,0.5506371855735779,0.8209999799728394,0.06700000166893005
YMR116C,YJL002C,0,0.4936171,0.5502681136131287,0.8209999799728394,0.06710000336170197
YOR063W,YKR081C,1,0.49357677,0.5505692958831787,0.8220000267028809,0.06710000336170197
YEL054C,YKR024C,1,0.49334058,0.5508701205253601,0.8230000138282776,0.06710000336170197
YGL121C,YAL061W,0,0.4931828,0.5505016446113586,0.8230000138282776,0.06719999760389328
YIL041W,YGR203W,0,0.49295825,0.5501337051391602,0.8230000138282776,0.06729999929666519
YDR339C,YOR188W,0,0.49253094,0.5497661828994751,0.8230000138282776,0.0674000009894371
YGL246C,YPL193W,1,0.4920428,0.5500667691230774,0.8240000009536743,0.0674000009894371
YDR097C,YCL011C,0,0.49202237,0.5496997833251953,0.8240000009536743,0.06750000268220901
YGR103W,YLR022C,1,0.49195948,0.550000011920929,0.824999988079071,0.06750000268220901
YMR197C,YNL225C,0,0.4917589,0.5496335625648499,0.824999988079071,0.06759999692440033
YJR144W,YGR280C,0,0.49148393,0.5492676496505737,0.824999988079071,0.06769999861717224
YKL209C,YLR002C,0,0.49137095,0.5489022135734558,0.824999988079071,0.06780000030994415
YCL011C,YEL042W,0,0.49126697,0.5485372543334961,0.824999988079071,0.06790000200271606
YGL234W,YJR144W,0,0.4911252,0.5481727719306946,0.824999988079071,0.06800000369548798
YDL005C,YBR161W,0,0.49111953,0.5478087663650513,0.824999988079071,0.06809999793767929
YLR132C,YML007W,0,0.49098635,0.5474452376365662,0.824999988079071,0.0681999996304512
YDR216W,YHR152W,0,0.4905315,0.547082245349884,0.824999988079071,0.06830000132322311
YFR046C,YER035W,0,0.49017268,0.5467196702957153,0.824999988079071,0.06840000301599503
YGR090W,YER001W,0,0.48983333,0.5463576316833496,0.824999988079071,0.06849999725818634
YIL040W,YLR222C,0,0.48978403,0.5459960103034973,0.824999988079071,0.06859999895095825
YHR141C,YFR055W,0,0.48960885,0.545634925365448,0.824999988079071,0.06870000064373016
YMR229C,YLR022C,1,0.48933837,0.5459352135658264,0.8259999752044678,0.06870000064373016
YLR431C,YDR394W,0,0.48928043,0.5455746650695801,0.8259999752044678,0.06880000233650208
YKL025C,YDL161W,0,0.48843545,0.5452145338058472,0.8259999752044678,0.06889999657869339
YCL045C,YNL030W,0,0.48841545,0.5448548793792725,0.8259999752044678,0.0689999982714653
YPL032C,YOR202W,0,0.48828053,0.544495701789856,0.8259999752044678,0.06909999996423721
YBR290W,YNL125C,0,0.48815748,0.5441370010375977,0.8259999752044678,0.06920000165700912
YBR142W,YHR085W,1,0.4879004,0.5444371104240417,0.8270000219345093,0.06920000165700912
YDR506C,YCL038C,0,0.4876696,0.5440789461135864,0.8270000219345093,0.06930000334978104
YOR094W,YJR014W,0,0.48764306,0.5437212586402893,0.8270000219345093,0.06939999759197235
YHR032W,YIL110W,0,0.4871718,0.5433639883995056,0.8270000219345093,0.06949999928474426
YGR133W,YJL020C,0,0.48680577,0.5430071949958801,0.8270000219345093,0.06960000097751617
YMR014W,YML008C,0,0.4862429,0.5426509380340576,0.8270000219345093,0.06970000267028809
YHR063C,YBR127C,0,0.48597723,0.5422950983047485,0.8270000219345093,0.0697999969124794
YKL211C,YBR135W,0,0.48581883,0.5419397354125977,0.8270000219345093,0.06989999860525131
YDR418W,YNL163C,1,0.48547348,0.5422396659851074,0.828000009059906,0.06989999860525131
YGL022W,YKR024C,0,0.48481202,0.5418848395347595,0.828000009059906,0.07000000029802322
YPL237W,YKL092C,0,0.48457727,0.541530430316925,0.828000009059906,0.07010000199079514
YHR072W,YOR188W,0,0.4841418,0.5411764979362488,0.828000009059906,0.07020000368356705
YFR004W,YNL265C,0,0.48411125,0.5408229827880859,0.828000009059906,0.07029999792575836
YFR042W,YLR027C,0,0.48374197,0.5404699444770813,0.828000009059906,0.07039999961853027
YKL101W,YPL241C,0,0.48318002,0.5401174426078796,0.828000009059906,0.07050000131130219
YMR170C,YPL270W,0,0.4826321,0.5397652983665466,0.828000009059906,0.0706000030040741
YNL257C,YPR004C,0,0.4825174,0.5394136905670166,0.828000009059906,0.07069999724626541
YDR091C,YPL193W,1,0.48241523,0.5397135615348816,0.8289999961853027,0.07069999724626541
YGL017W,YDL126C,0,0.48240253,0.539362370967865,0.8289999961853027,0.07079999893903732
YDL066W,YLR110C,0,0.4823764,0.5390117168426514,0.8289999961853027,0.07090000063180923
YBL099W,YMR083W,0,0.48194844,0.5386614799499512,0.8289999961853027,0.07100000232458115
YJL050W,YKL184W,0,0.48176384,0.5383116602897644,0.8289999961853027,0.07109999656677246
YMR293C,YOL060C,0,0.48145196,0.5379623770713806,0.8289999961853027,0.07119999825954437
YOL013C,YKR029C,0,0.4806372,0.5376135110855103,0.8289999961853027,0.07129999995231628
YFR028C,YKL127W,0,0.48040745,0.5372650623321533,0.8289999961853027,0.0714000016450882
YMR011W,YBR088C,0,0.47990724,0.5369170904159546,0.8289999961853027,0.07150000333786011
YNR073C,YLR298C,0,0.4795566,0.5365695953369141,0.8289999961853027,0.07159999758005142
YPL053C,YKR045C,0,0.47940603,0.536222517490387,0.8289999961853027,0.07169999927282333
YGL257C,YML065W,0,0.47936407,0.5358759164810181,0.8289999961853027,0.07180000096559525
YLR106C,YNR038W,1,0.47910455,0.5361757278442383,0.8299999833106995,0.07180000096559525
YML123C,YFR028C,0,0.4787027,0.5358295440673828,0.8299999833106995,0.07190000265836716
YPL241C,YDR331W,0,0.47856733,0.5354838967323303,0.8299999833106995,0.07199999690055847
YBR293W,YNL279W,0,0.47835913,0.5351386070251465,0.8299999833106995,0.07209999859333038
YIR007W,YNL116W,0,0.47818735,0.5347937941551208,0.8299999833106995,0.0722000002861023
YPL237W,YJL014W,0,0.47801825,0.5344494581222534,0.8299999833106995,0.0723000019788742
YPL069C,YDL058W,0,0.4775976,0.5341055393218994,0.8299999833106995,0.07240000367164612
YHR032W,YPL012W,0,0.47736087,0.5337620377540588,0.8299999833106995,0.07249999791383743
YJR064W,YLL036C,0,0.47732255,0.5334190130233765,0.8299999833106995,0.07259999960660934
YEL055C,YJL074C,0,0.47730556,0.5330764055252075,0.8299999833106995,0.07270000129938126
YDR540C,YPR185W,0,0.47678384,0.5327342748641968,0.8299999833106995,0.07280000299215317
YBR161W,YLR119W,0,0.47671852,0.5323925614356995,0.8299999833106995,0.07289999723434448
YHR115C,YPL124W,0,0.47667956,0.5320512652397156,0.8299999833106995,0.0729999989271164
YIR007W,YNL083W,0,0.47637716,0.5317104458808899,0.8299999833106995,0.0731000006198883
YJR090C,YKR003W,0,0.47621274,0.5313700437545776,0.8299999833106995,0.07320000231266022
YFR028C,YDL042C,0,0.47609815,0.5310300588607788,0.8299999833106995,0.07329999655485153
YLR369W,YPL230W,0,0.47569507,0.5306905508041382,0.8299999833106995,0.07339999824762344
YJR043C,YDL014W,0,0.47475633,0.530351459980011,0.8299999833106995,0.07349999994039536
YNL186W,YDR541C,0,0.47455126,0.5300127863883972,0.8299999833106995,0.07360000163316727
YOR035C,YOR028C,0,0.4744735,0.5296745300292969,0.8299999833106995,0.07370000332593918
YLR106C,YKR081C,1,0.47435528,0.5299744606018066,0.8309999704360962,0.07370000332593918
YKR060W,YLL036C,0,0.47416207,0.5296367406845093,0.8309999704360962,0.0737999975681305
YOR125C,YDR001C,0,0.474004,0.5292993783950806,0.8309999704360962,0.0738999992609024
YLR132C,YLR421C,0,0.47346622,0.5289624333381653,0.8309999704360962,0.07400000095367432
YOL094C,YLR388W,0,0.4731225,0.5286259651184082,0.8309999704360962,0.07410000264644623
YLR342W,YLR210W,0,0.47295576,0.5282899141311646,0.8309999704360962,0.07419999688863754
YPR075C,YBR014C,0,0.4726573,0.5279542803764343,0.8309999704360962,0.07429999858140945
YCR072C,YEL054C,1,0.4724617,0.528253972530365,0.8320000171661377,0.07429999858140945
YIL041W,YGL044C,0,0.47235635,0.5279187560081482,0.8320000171661377,0.07440000027418137
YLR372W,YBR244W,0,0.4720975,0.5275840163230896,0.8320000171661377,0.07450000196695328
YKL091C,YOL119C,0,0.4714214,0.5272496938705444,0.8320000171661377,0.07460000365972519
YER069W,YER021W,0,0.4713457,0.5269157886505127,0.8320000171661377,0.0746999979019165
YER118C,YDL066W,0,0.47123215,0.5265823006629944,0.8320000171661377,0.07479999959468842
YEL054C,YNL227C,1,0.47109875,0.5268816947937012,0.8330000042915344,0.07479999959468842
YGL201C,YOR256C,0,0.4710871,0.5265486836433411,0.8330000042915344,0.07490000128746033
YER126C,YKL014C,1,0.470923,0.526847779750824,0.8339999914169312,0.07490000128746033
YJL123C,YPL045W,0,0.47044984,0.5265151262283325,0.8339999914169312,0.07500000298023224
YPR121W,YHR032W,0,0.47035488,0.5261829495429993,0.8339999914169312,0.07509999722242355
YPL118W,YKL193C,0,0.47030327,0.5258511900901794,0.8339999914169312,0.07519999891519547
YPL030W,YDR409W,0,0.47026727,0.525519847869873,0.8339999914169312,0.07530000060796738
YER065C,YML118W,0,0.4702057,0.5251889228820801,0.8339999914169312,0.07540000230073929
YKR080W,YLR229C,0,0.47010264,0.5248584151268005,0.8339999914169312,0.0754999965429306
YGL079W,YNL312W,0,0.47005433,0.5245283246040344,0.8339999914169312,0.07559999823570251
YBR019C,YIL050W,0,0.47005424,0.524198591709137,0.8339999914169312,0.07569999992847443
YKR025W,YOR295W,0,0.4697701,0.5238693356513977,0.8339999914169312,0.07580000162124634
YOR371C,YLR117C,0,0.4696949,0.5235404968261719,0.8339999914169312,0.07590000331401825
YFL052W,YPR066W,0,0.46966708,0.5232120156288147,0.8339999914169312,0.07599999755620956
YPL053C,YGL079W,0,0.46962437,0.5228840112686157,0.8339999914169312,0.07609999924898148
YIR007W,YIL157C,0,0.46908808,0.5225563645362854,0.8339999914169312,0.07620000094175339
YPR145W,YGL055W,0,0.46889946,0.5222291946411133,0.8339999914169312,0.0763000026345253
YKL152C,YML008C,0,0.46862382,0.5219023823738098,0.8339999914169312,0.07639999687671661
YPR104C,YGL201C,0,0.46813634,0.5215759873390198,0.8339999914169312,0.07649999856948853
YDL103C,YLR319C,0,0.46812502,0.5212500095367432,0.8339999914169312,0.07660000026226044
YGL246C,YOL080C,1,0.468011,0.5215490460395813,0.8349999785423279,0.07660000026226044
YJL111W,YDR382W,0,0.46750835,0.5212234854698181,0.8349999785423279,0.07670000195503235
YOL008W,YPR020W,0,0.4672895,0.5208983421325684,0.8349999785423279,0.07680000364780426
YDR113C,YAR008W,0,0.4672368,0.5205735564231873,0.8349999785423279,0.07689999788999557
YML069W,YMR024W,0,0.46715918,0.5202492475509644,0.8349999785423279,0.07699999958276749
YLR002C,YPL128C,0,0.46700028,0.5199252963066101,0.8349999785423279,0.0771000012755394
YML130C,YJR161C,0,0.4669545,0.5196017622947693,0.8349999785423279,0.07720000296831131
YNL125C,YBR056W,0,0.4668706,0.5192785859107971,0.8349999785423279,0.07729999721050262
YLR410W,YPL088W,0,0.46677667,0.5189558863639832,0.8349999785423279,0.07739999890327454
YKR013W,YHR121W,0,0.466673,0.5186335444450378,0.8349999785423279,0.07750000059604645
YOR094W,YPL255W,0,0.4664158,0.518311619758606,0.8349999785423279,0.07760000228881836
YDL232W,YNL220W,0,0.46620792,0.5179900527000427,0.8349999785423279,0.07769999653100967
YLR081W,YJR019C,0,0.46614185,0.5176689624786377,0.8349999785423279,0.07779999822378159
YLL039C,YOR303W,0,0.46609643,0.5173482298851013,0.8349999785423279,0.0778999999165535
YML123C,YJL104W,0,0.46609446,0.5170278549194336,0.8349999785423279,0.07800000160932541
YGR172C,YBR106W,0,0.4660534,0.5167078971862793,0.8349999785423279,0.07810000330209732
YIR021W,YNL327W,0,0.46563122,0.5163883566856384,0.8349999785423279,0.07819999754428864
YIL162W,YGR207C,0,0.46554494,0.516069233417511,0.8349999785423279,0.07829999923706055
YPR104C,YNL067W,0,0.46524134,0.5157504677772522,0.8349999785423279,0.07840000092983246
YOL060C,YHR050W,0,0.46523282,0.5154321193695068,0.8349999785423279,0.07850000262260437
YGL002W,YKL167C,0,0.46494243,0.5151141285896301,0.8349999785423279,0.07859999686479568
YGR195W,YGL008C,0,0.4646938,0.5147965550422668,0.8349999785423279,0.0786999985575676
YDL058W,YPL079W,0,0.46452802,0.5144793391227722,0.8349999785423279,0.07880000025033951
YGR287C,YOR125C,0,0.46391743,0.514162540435791,0.8349999785423279,0.07890000194311142
YGL234W,YER001W,0,0.46354964,0.5138461589813232,0.8349999785423279,0.07900000363588333
YGR278W,YGR280C,0,0.4630383,0.5135301351547241,0.8349999785423279,0.07909999787807465
YNL241C,YNL336W,0,0.4629697,0.5132145285606384,0.8349999785423279,0.07919999957084656
YKL211C,YML010W,0,0.46294594,0.5128992795944214,0.8349999785423279,0.07930000126361847
YGR275W,YML123C,0,0.46292403,0.512584388256073,0.8349999785423279,0.07940000295639038
YJR091C,YJL100W,0,0.46259537,0.512269914150238,0.8349999785423279,0.0794999971985817
YKL096W,YIR022W,0,0.46239242,0.5119558572769165,0.8349999785423279,0.07959999889135361
YDL232W,YDR084C,0,0.4622919,0.5116421580314636,0.8349999785423279,0.07970000058412552
YGL001C,YDL236W,0,0.46227375,0.5113288164138794,0.8349999785423279,0.07980000227689743
YLR221C,YPL193W,1,0.4622685,0.5116279125213623,0.8360000252723694,0.07980000227689743
YLR298C,YPR079W,0,0.46193457,0.5113149881362915,0.8360000252723694,0.07989999651908875
YKL025C,YFL016C,0,0.46179444,0.5110024213790894,0.8360000252723694,0.07999999821186066
YGR109C,YBR104W,0,0.4616532,0.5106902718544006,0.8360000252723694,0.08009999990463257
YBR217W,YPL069C,0,0.46151468,0.5103785395622253,0.8360000252723694,0.08020000159740448
YNR026C,YPR094W,0,0.46150467,0.5100671052932739,0.8360000252723694,0.08030000329017639
YOR056C,YGL022W,0,0.461446,0.5097560882568359,0.8360000252723694,0.0803999975323677
YML010W,YFL002C,0,0.46116626,0.5094454884529114,0.8360000252723694,0.08049999922513962
YDR312W,YGL246C,1,0.4610543,0.5097442269325256,0.8370000123977661,0.08049999922513962
YDL052C,YEL026W,0,0.46063727,0.5094339847564697,0.8370000123977661,0.08060000091791153
YAR008W,YOL039W,0,0.4603408,0.5091241002082825,0.8370000123977661,0.08070000261068344
YHR216W,YGL245W,0,0.45999858,0.5088145732879639,0.8370000123977661,0.08079999685287476
YOR125C,YHR176W,0,0.45929813,0.5085054636001587,0.8370000123977661,0.08089999854564667
YLR240W,YKL152C,0,0.45909253,0.5081967115402222,0.8370000123977661,0.08100000023841858
YMR104C,YGR125W,0,0.45903108,0.5078883767127991,0.8370000123977661,0.08110000193119049
YNR036C,YIL122W,0,0.45801175,0.5075803399085999,0.8370000123977661,0.0812000036239624
YER157W,YPR140W,0,0.45799878,0.5072727203369141,0.8370000123977661,0.08129999786615372
YFR001W,YNL163C,1,0.45784253,0.5075711607933044,0.8379999995231628,0.08129999786615372
YPL256C,YOR094W,0,0.4577193,0.5072638988494873,0.8379999995231628,0.08139999955892563
YOR210W,YHR045W,0,0.457337,0.5069570541381836,0.8379999995231628,0.08150000125169754
YLR075W,YBR267W,1,0.4573227,0.5072551369667053,0.8389999866485596,0.08150000125169754
YLR449W,YOR295W,0,0.45714262,0.5069486498832703,0.8389999866485596,0.08160000294446945
YKR024C,YOL127W,1,0.45700803,0.5072463750839233,0.8399999737739563,0.08160000294446945
YPR009W,YOL021C,0,0.45646182,0.5069402456283569,0.8399999737739563,0.08169999718666077
YOR178C,YPR140W,0,0.4564176,0.5066344738006592,0.8399999737739563,0.08179999887943268
YLR075W,YFL002C,1,0.45632017,0.5069319009780884,0.8410000205039978,0.08179999887943268
YPL084W,YGR256W,0,0.45630297,0.5066264867782593,0.8410000205039978,0.08190000057220459
YNL124W,YMR305C,0,0.45609352,0.5063214898109436,0.8410000205039978,0.0820000022649765
YPR107C,YJL159W,0,0.45606223,0.5060168504714966,0.8410000205039978,0.08209999650716782
YGR152C,YBL009W,0,0.45585647,0.5057125687599182,0.8410000205039978,0.08219999819993973
YDR316W,YML121W,0,0.45572856,0.5054086446762085,0.8410000205039978,0.08229999989271164
YBL050W,YDR142C,0,0.45570084,0.5051050782203674,0.8410000205039978,0.08240000158548355
YDR354W,YBL105C,0,0.4556833,0.5048019289970398,0.8410000205039978,0.08250000327825546
YPR018W,YPL020C,0,0.45515263,0.504499077796936,0.8410000205039978,0.08259999752044678
YOR354C,YMR231W,0,0.4549273,0.5041966438293457,0.8410000205039978,0.08269999921321869
YCL033C,YKL157W,0,0.45483652,0.503894567489624,0.8410000205039978,0.0828000009059906
YMR024W,YLR399C,0,0.45453134,0.5035927891731262,0.8410000205039978,0.08290000259876251
YJL209W,YIR008C,0,0.45443487,0.5032914280891418,0.8410000205039978,0.08299999684095383
YJL092W,YML019W,0,0.454346,0.5029904246330261,0.8410000205039978,0.08309999853372574
YOR234C,YGL245W,0,0.45383403,0.502689778804779,0.8410000205039978,0.08320000022649765
YIL016W,YPL212C,0,0.4537814,0.5023894906044006,0.8410000205039978,0.08330000191926956
YMR280C,YMR291W,0,0.45361078,0.5020895600318909,0.8410000205039978,0.08340000361204147
YPR101W,YJL111W,0,0.45354933,0.5017899870872498,0.8410000205039978,0.08349999785423279
YLL032C,YOR073W,0,0.45353535,0.5014907717704773,0.8410000205039978,0.0835999995470047
YOL027C,YDR354W,0,0.45337263,0.5011919140815735,0.8410000205039978,0.08370000123977661
YOR321W,YPL084W,0,0.45303005,0.5008934140205383,0.8410000205039978,0.08380000293254852
YER118C,YMR189W,0,0.45287356,0.500595211982727,0.8410000205039978,0.08389999717473984
YBL040C,YPR165W,0,0.45209894,0.5002974271774292,0.8410000205039978,0.08399999886751175
YPL032C,YIR035C,0,0.45195422,0.5,0.8410000205039978,0.08410000056028366
YBL042C,YHR019C,0,0.45184413,0.49970290064811707,0.8410000205039978,0.08420000225305557
YML025C,YLR448W,1,0.45133707,0.5,0.8420000076293945,0.08420000225305557
YBR004C,YKR025W,0,0.4509947,0.4997032582759857,0.8420000076293945,0.08429999649524689
YMR092C,YIR008C,0,0.4504835,0.4994068741798401,0.8420000076293945,0.0843999981880188
YJL138C,YGL032C,0,0.44979867,0.4991108477115631,0.8420000076293945,0.08449999988079071
YDR216W,YBR161W,0,0.4497447,0.4988151788711548,0.8420000076293945,0.08460000157356262
YHR197W,YGL246C,1,0.4494139,0.4991118907928467,0.8429999947547913,0.08460000157356262
YGR231C,YKL148C,0,0.44891706,0.498816579580307,0.8429999947547913,0.08470000326633453
YPL232W,YJL184W,0,0.44880614,0.4985215961933136,0.8429999947547913,0.08479999750852585
YJL014W,YNL087W,0,0.44875056,0.49822694063186646,0.8429999947547913,0.08489999920129776
YDR354W,YGR128C,0,0.44864509,0.49793267250061035,0.8429999947547913,0.08500000089406967
YKL167C,YHR102W,0,0.44816425,0.4976387321949005,0.8429999947547913,0.08510000258684158
YFR028C,YER075C,0,0.44810516,0.49734511971473694,0.8429999947547913,0.0851999968290329
YAL014C,YKR018C,0,0.44794938,0.4970518946647644,0.8429999947547913,0.08529999852180481
YDR051C,YBR008C,0,0.44773445,0.49675899744033813,0.8429999947547913,0.08540000021457672
YLR148W,YNL005C,0,0.44742832,0.49646642804145813,0.8429999947547913,0.08550000190734863
YFL002C,YLR340W,1,0.44734672,0.49676281213760376,0.843999981880188,0.08550000190734863
YGL250W,YGL153W,0,0.44693986,0.4964706003665924,0.843999981880188,0.08560000360012054
YDR085C,YIL168W,0,0.44684917,0.4961787164211273,0.843999981880188,0.08569999784231186
YGL020C,YDL236W,0,0.4467053,0.4958871901035309,0.843999981880188,0.08579999953508377
YLR332W,YKL148C,0,0.4465544,0.4955960214138031,0.843999981880188,0.08590000122785568
YLR138W,YKL008C,0,0.4459035,0.4953051507472992,0.843999981880188,0.0860000029206276
YNL053W,YPL020C,0,0.44586506,0.49501466751098633,0.843999981880188,0.08609999716281891
YIR007W,YCR042C,0,0.44564041,0.4947245121002197,0.843999981880188,0.08619999885559082
YGL001C,YCL030C,0,0.44553766,0.4944346845149994,0.843999981880188,0.08630000054836273
YNL152W,YML026C,0,0.44553733,0.4941451847553253,0.843999981880188,0.08640000224113464
YPR185W,YGL179C,0,0.44547218,0.4938560426235199,0.843999981880188,0.08649999648332596
YBL009W,YBR135W,0,0.44545886,0.49356725811958313,0.843999981880188,0.08659999817609787
YBL016W,YDR339C,0,0.44521227,0.49327877163887024,0.843999981880188,0.08669999986886978
YJL151C,YER119C,0,0.4450713,0.492990642786026,0.843999981880188,0.0868000015616417
YLR276C,YPL193W,1,0.44496864,0.4932866394519806,0.8450000286102295,0.0868000015616417
YLR205C,YNL265C,0,0.44496346,0.4929988384246826,0.8450000286102295,0.0869000032544136
YJL177W,YOL049W,0,0.44475216,0.4927113652229309,0.8450000286102295,0.08699999749660492
YOR005C,YPL230W,0,0.444639,0.49242424964904785,0.8450000286102295,0.08709999918937683
YIL162W,YCL011C,0,0.44409874,0.49213746190071106,0.8450000286102295,0.08720000088214874
YFL009W,YHR166C,0,0.44396713,0.49185100197792053,0.8450000286102295,0.08730000257492065
YGR148C,YJL092W,0,0.44351232,0.49156486988067627,0.8450000286102295,0.08739999681711197
YBL036C,YFR055W,0,0.44346234,0.49127906560897827,0.8450000286102295,0.08749999850988388
YKL120W,YDR198C,0,0.4434518,0.4909936189651489,0.8450000286102295,0.08760000020265579
YBR133C,YCR073C,0,0.4432898,0.49070847034454346,0.8450000286102295,0.0877000018954277
YER118C,YDL150W,0,0.443282,0.49042367935180664,0.8450000286102295,0.08780000358819962
YDR147W,YPR058W,0,0.44307345,0.4901392161846161,0.8450000286102295,0.08789999783039093
YIR007W,YHR115C,0,0.44304016,0.4898550808429718,0.8450000286102295,0.08799999952316284
YOR354C,YNL058C,0,0.44281334,0.4895712733268738,0.8450000286102295,0.08810000121593475
YIL158W,YDR156W,0,0.44258103,0.489287793636322,0.8450000286102295,0.08820000290870667
YGR103W,YPL193W,1,0.4425379,0.4895833432674408,0.8460000157356262,0.08820000290870667
YDL232W,YBR253W,0,0.44251254,0.4893001616001129,0.8460000157356262,0.08829999715089798
YOL068C,YKR001C,0,0.44217023,0.4890173375606537,0.8460000157356262,0.08839999884366989
YJL042W,YDL025C,0,0.44211817,0.4887348413467407,0.8460000157356262,0.0885000005364418
YDL126C,YBR167C,0,0.44189522,0.48845264315605164,0.8460000157356262,0.08860000222921371
YKL213C,YNL305C,0,0.4418403,0.4881708025932312,0.8460000157356262,0.08869999647140503
YLR342W,YKL176C,0,0.44171587,0.48788926005363464,0.8460000157356262,0.08879999816417694
YLR406C,YFR055W,0,0.44137388,0.48760807514190674,0.8460000157356262,0.08889999985694885
YOR094W,YKR092C,0,0.44128147,0.4873271882534027,0.8460000157356262,0.08900000154972076
YHR178W,YBR004C,0,0.44114003,0.48704662919044495,0.8460000157356262,0.08910000324249268
YPL193W,YPR102C,1,0.4408684,0.4873417615890503,0.847000002861023,0.08910000324249268
YBL042C,YKL027W,0,0.44083783,0.4870615303516388,0.847000002861023,0.08919999748468399
YCL019W,YBR154C,0,0.44060555,0.48678159713745117,0.847000002861023,0.0892999991774559
YCL040W,YGR247W,0,0.44040778,0.4865020215511322,0.847000002861023,0.08940000087022781
YPL237W,YFL034C-B,0,0.44038036,0.4862227439880371,0.847000002861023,0.08950000256299973
YML065W,YFL002C,0,0.44033727,0.4859437644481659,0.847000002861023,0.08959999680519104
YOR128C,YOR293W,0,0.44004807,0.48566514253616333,0.847000002861023,0.08969999849796295
YGL246C,YDR418W,1,0.43952757,0.48595988750457764,0.8479999899864197,0.08969999849796295
YPL256C,YDL103C,0,0.43939188,0.48568156361579895,0.8479999899864197,0.08980000019073486
YJL042W,YKL163W,0,0.43916008,0.48540353775024414,0.8479999899864197,0.08990000188350677
YKL091C,YCR097W,0,0.43902797,0.485125869512558,0.8479999899864197,0.09000000357627869
YGL012W,YHR128W,0,0.4389109,0.4848484992980957,0.8479999899864197,0.09009999781847
YNR038W,YLR340W,1,0.43840733,0.48514285683631897,0.8489999771118164,0.09009999781847
YGL017W,YNL326C,0,0.4383757,0.48486578464508057,0.8489999771118164,0.09019999951124191
YHL022C,YMR052W,0,0.43793812,0.4845890402793884,0.8489999771118164,0.09030000120401382
YJL209W,YGR278W,0,0.43784794,0.48431259393692017,0.8489999771118164,0.09040000289678574
YDR141C,YGL153W,0,0.4377521,0.48403647541999817,0.8489999771118164,0.09049999713897705
YJL151C,YLR027C,0,0.43767717,0.48376068472862244,0.8489999771118164,0.09059999883174896
YEL054C,YOL080C,1,0.43745825,0.48405465483665466,0.8500000238418579,0.09059999883174896
YJL092W,YEL055C,0,0.4373088,0.4837791621685028,0.8500000238418579,0.09070000052452087
YDL232W,YHR200W,0,0.43707052,0.48350396752357483,0.8500000238418579,0.09080000221729279
YPR185W,YMR231W,0,0.4370053,0.4832291007041931,0.8500000238418579,0.0908999964594841
YDR348C,YHR084W,0,0.436901,0.4829545319080353,0.8500000238418579,0.09099999815225601
YML025C,YLR022C,1,0.4368513,0.48324814438819885,0.8510000109672546,0.09099999815225601
YIL044C,YDR352W,0,0.4367921,0.4829739034175873,0.8510000109672546,0.09109999984502792
YPR103W,YJL159W,0,0.43675482,0.4826999306678772,0.8510000109672546,0.09120000153779984
YHR016C,YER035W,0,0.4360931,0.48242631554603577,0.8510000109672546,0.09130000323057175
YOR115C,YNL256W,0,0.43608865,0.4821529686450958,0.8510000109672546,0.09139999747276306
YGL224C,YML022W,0,0.4360483,0.48187994956970215,0.8510000109672546,0.09149999916553497
YGL043W,YOL058W,0,0.436044,0.48160725831985474,0.8510000109672546,0.09160000085830688
YBR088C,YML019W,0,0.43599832,0.4813348352909088,0.8510000109672546,0.0917000025510788
YLR077W,YLL054C,0,0.4358032,0.48106274008750916,0.8510000109672546,0.09179999679327011
YGR183C,YJR161C,0,0.43573007,0.48079097270965576,0.8510000109672546,0.09189999848604202
YLR166C,YPL162C,0,0.4352645,0.48051947355270386,0.8510000109672546,0.09200000017881393
YDR385W,YLL036C,0,0.43523675,0.4802483022212982,0.8510000109672546,0.09210000187158585
YJR044C,YLR119W,0,0.43520412,0.47997742891311646,0.8510000109672546,0.09220000356435776
YIL110W,YGR261C,0,0.4351931,0.47970688343048096,0.8510000109672546,0.09229999780654907
YGR227W,YDR506C,0,0.43505242,0.47943660616874695,0.8510000109672546,0.09239999949932098
YNL222W,YHR128W,0,0.4347035,0.4791666567325592,0.8510000109672546,0.0925000011920929
YOL033W,YBR098W,0,0.43455467,0.47889700531959534,0.8510000109672546,0.09260000288486481
YHR121W,YJR077C,0,0.43449026,0.47862768173217773,0.8510000109672546,0.09269999712705612
YOL094C,YDR349C,0,0.43423635,0.4783586263656616,0.8510000109672546,0.09279999881982803
YHL002W,YBL050W,0,0.43408015,0.4780898988246918,0.8510000109672546,0.09290000051259995
YGL246C,YHR085W,1,0.43398324,0.47838294506073,0.8519999980926514,0.09290000051259995
YDL150W,YHR203C,0,0.43382093,0.4781144857406616,0.8519999980926514,0.09300000220537186
YML025C,YPL005W,0,0.43357176,0.47784632444381714,0.8519999980926514,0.09309999644756317
YER001W,YLR453C,0,0.43334594,0.47757846117019653,0.8519999980926514,0.09319999814033508
YMR014W,YDR331W,0,0.4329928,0.4773109257221222,0.8519999980926514,0.093299999833107
YHR112C,YJL047C,0,0.4329653,0.47704365849494934,0.8519999980926514,0.0934000015258789
YEL026W,YIL044C,0,0.43282118,0.47677671909332275,0.8519999980926514,0.09350000321865082
YLR116W,YPL265W,0,0.43255302,0.47651007771492004,0.8519999980926514,0.09359999746084213
YBL009W,YBR110W,0,0.43242744,0.4762437045574188,0.8519999980926514,0.09369999915361404
YGL038C,YGR207C,0,0.4323307,0.47597765922546387,0.8519999980926514,0.09380000084638596
YNL126W,YDR113C,0,0.43192616,0.4757118821144104,0.8519999980926514,0.09390000253915787
YDR097C,YGL055W,0,0.43188676,0.4754464328289032,0.8519999980926514,0.09399999678134918
YCR042C,YBR110W,0,0.4316193,0.4751812517642975,0.8519999980926514,0.0940999984741211
YFL050C,YDR258C,0,0.43139324,0.47491639852523804,0.8519999980926514,0.094200000166893
YIL016W,YKL120W,0,0.4313186,0.4746518135070801,0.8519999980926514,0.09430000185966492
YLR376C,YGR067C,0,0.4309957,0.474387526512146,0.8519999980926514,0.09440000355243683
YHR043C,YEL047C,0,0.4302207,0.4741235375404358,0.8519999980926514,0.09449999779462814
YPR183W,YDR225W,0,0.43017033,0.47385984659194946,0.8519999980926514,0.09459999948740005
YPR029C,YNL106C,0,0.42941967,0.473596453666687,0.8519999980926514,0.09470000118017197
YJR064W,YOR122C,0,0.42938688,0.47333332896232605,0.8519999980926514,0.09480000287294388
YPL047W,YPL072W,0,0.4291772,0.47307050228118896,0.8519999980926514,0.09489999711513519
YDR452W,YHR018C,0,0.4290878,0.47280800342559814,0.8519999980926514,0.0949999988079071
YGR133W,YBL101C,0,0.42891902,0.4725457429885864,0.8519999980926514,0.09510000050067902
YAL001C,YER042W,0,0.42842224,0.47228381037712097,0.8519999980926514,0.09520000219345093
YOL119C,YPR065W,0,0.42814663,0.472022145986557,0.8519999980926514,0.09529999643564224
YKR086W,YHR176W,0,0.4280483,0.4717608094215393,0.8519999980926514,0.09539999812841415
YDR293C,YJL159W,0,0.42803112,0.4714997112751007,0.8519999980926514,0.09549999982118607
YLR275W,YOL041C,0,0.4279876,0.4712389409542084,0.8519999980926514,0.09560000151395798
YDR155C,YOR367W,0,0.42775908,0.47097843885421753,0.8519999980926514,0.09570000320672989
YGL224C,YOL119C,0,0.42773342,0.47071823477745056,0.8519999980926514,0.0957999974489212
YLL042C,YFL002C,0,0.42768145,0.4704582989215851,0.8519999980926514,0.09589999914169312
YCR071C,YCR097W,0,0.42756933,0.4701986610889435,0.8519999980926514,0.09600000083446503
YDR142C,YBR039W,0,0.4273531,0.46993932127952576,0.8519999980926514,0.09610000252723694
YFL002C,YML073C,1,0.426939,0.4702315330505371,0.8529999852180481,0.09610000252723694
YKL188C,YPR201W,0,0.42693612,0.4699724614620209,0.8529999852180481,0.09619999676942825
YGL099W,YDL207W,0,0.4268505,0.46971365809440613,0.8529999852180481,0.09629999846220016
YHR072W,YGR109C,0,0.42638037,0.46945515275001526,0.8529999852180481,0.09640000015497208
YGL008C,YML075C,0,0.4261308,0.4691969156265259,0.8529999852180481,0.09650000184774399
YER126C,YPL193W,1,0.42601922,0.4694887399673462,0.8539999723434448,0.09650000184774399
YLR298C,YPR094W,0,0.42583817,0.4692307710647583,0.8539999723434448,0.0966000035405159
YER078C,YCR069W,0,0.42547038,0.4689731001853943,0.8539999723434448,0.09669999778270721
YJL123C,YNL058C,0,0.42526287,0.46871569752693176,0.8539999723434448,0.09679999947547913
YGL246C,YOL127W,1,0.42512843,0.46900713443756104,0.8550000190734863,0.09679999947547913
YJR086W,YBR014C,0,0.425055,0.46875,0.8550000190734863,0.09690000116825104
YJR064W,YOR198C,0,0.42458442,0.46849316358566284,0.8550000190734863,0.09700000286102295
YOR197W,YNR075W,0,0.42357153,0.4682365953922272,0.8550000190734863,0.09709999710321426
YLR077W,YLL039C,0,0.42333138,0.467980295419693,0.8550000190734863,0.09719999879598618
YPL057C,YIL050W,0,0.42312458,0.4677242934703827,0.8550000190734863,0.09730000048875809
YDR123C,YOL041C,0,0.42308715,0.4674685597419739,0.8550000190734863,0.09740000218153
YAR008W,YMR309C,0,0.42297342,0.46721312403678894,0.8550000190734863,0.09749999642372131
YCR079W,YDR477W,0,0.4228023,0.4669579565525055,0.8550000190734863,0.09759999811649323
YDR302W,YKL127W,0,0.42264256,0.46670305728912354,0.8550000190734863,0.09769999980926514
YOL119C,YKL167C,0,0.4223781,0.46644845604896545,0.8550000190734863,0.09780000150203705
YCL054W,YML073C,1,0.4222591,0.46673935651779175,0.8560000061988831,0.09780000150203705
YLR106C,YGL120C,1,0.42223313,0.46702995896339417,0.8569999933242798,0.09780000150203705
YDR210W,YML024W,0,0.42207208,0.4667755961418152,0.8569999933242798,0.09790000319480896
YMR288W,YOR017W,0,0.4219587,0.4665215015411377,0.8569999933242798,0.09799999743700027
YNL067W,YIL040W,0,0.42184365,0.4662676751613617,0.8569999933242798,0.09809999912977219
YKL107W,YOR030W,0,0.42170915,0.46601414680480957,0.8569999933242798,0.0982000008225441
YPL246C,YDR267C,0,0.4216518,0.46576085686683655,0.8569999933242798,0.09830000251531601
YML131W,YMR092C,0,0.4214507,0.4655078649520874,0.8569999933242798,0.09839999675750732
YOR033C,YPL249C,0,0.42138618,0.46525517106056213,0.8569999933242798,0.09849999845027924
YIL044C,YDL161W,0,0.42094395,0.46500271558761597,0.8569999933242798,0.09860000014305115
YJL076W,YGR128C,0,0.4206445,0.4647505283355713,0.8569999933242798,0.09870000183582306
YNL169C,YNL272C,0,0.42059615,0.4644986391067505,0.8569999933242798,0.09880000352859497
YDR338C,YOR336W,0,0.42050907,0.4642470180988312,0.8569999933242798,0.09889999777078629
YNL256W,YDL122W,0,0.4204642,0.46399566531181335,0.8569999933242798,0.0989999994635582
YPL152W,YPR094W,0,0.42008635,0.463744580745697,0.8569999933242798,0.09910000115633011
YBR103W,YNR039C,0,0.42001176,0.46349379420280457,0.8569999933242798,0.09920000284910202
YLR128W,YCL033C,0,0.41987222,0.4632432460784912,0.8569999933242798,0.09929999709129333
YLR002C,YMR199W,0,0.41978377,0.46299296617507935,0.8569999933242798,0.09939999878406525
YMR277W,YMR083W,0,0.41943476,0.46274298429489136,0.8569999933242798,0.09950000047683716
YIL023C,YDR394W,0,0.41917542,0.46249324083328247,0.8569999933242798,0.09960000216960907
YPL275W,YPL124W,0,0.4188994,0.46224379539489746,0.8569999933242798,0.09969999641180038
YKL188C,YDR452W,0,0.41868994,0.46199461817741394,0.8569999933242798,0.0997999981045723
YGL043W,YHR062C,0,0.41859332,0.4617456793785095,0.8569999933242798,0.09989999979734421
YGR023W,YKL096W,0,0.41833845,0.461497038602829,0.8569999933242798,0.10000000149011612
YJL210W,YLR027C,0,0.41771528,0.4612486660480499,0.8569999933242798,0.10010000318288803
YLR423C,YKL046C,0,0.4175695,0.46100053191185,0.8569999933242798,0.10019999742507935
YJR091C,YDL147W,0,0.41740134,0.4607526957988739,0.8569999933242798,0.10029999911785126
YPL211W,YHR026W,0,0.41739509,0.46050509810447693,0.8569999933242798,0.10040000081062317
YAR014C,YDR037W,0,0.4171116,0.46025779843330383,0.8569999933242798,0.10050000250339508
YMR047C,YBR154C,0,0.4171064,0.46001073718070984,0.8569999933242798,0.1005999967455864
YKL096W,YGR284C,0,0.41704416,0.45976394414901733,0.8569999933242798,0.1006999984383583
YPR151C,YBL101C,0,0.4170079,0.4595174193382263,0.8569999933242798,0.10080000013113022
YBL100W-A,YNL220W,0,0.41697755,0.4592711627483368,0.8569999933242798,0.10090000182390213
YPL227C,YHR062C,0,0.41694775,0.45902517437934875,0.8569999933242798,0.10100000351667404
YGL246C,YOL144W,1,0.416921,0.45931476354599,0.8579999804496765,0.10100000351667404
YHR187W,YGL022W,0,0.41675153,0.45906901359558105,0.8579999804496765,0.10109999775886536
YBL050W,YGR256W,0,0.41542298,0.4588235318660736,0.8579999804496765,0.10119999945163727
YOL080C,YDR418W,1,0.41479108,0.4591127634048462,0.859000027179718,0.10119999945163727
YPL228W,YDL058W,0,0.41458482,0.45886752009391785,0.859000027179718,0.10130000114440918
YJL207C,YKL209C,0,0.41432866,0.458622545003891,0.859000027179718,0.10140000283718109
YOR361C,YGL043W,0,0.4141774,0.45837780833244324,0.859000027179718,0.1014999970793724
YNL312W,YGL012W,0,0.41409865,0.458133339881897,0.859000027179718,0.10159999877214432
YJR105W,YER075C,0,0.41362908,0.4578891396522522,0.859000027179718,0.10170000046491623
YIL103W,YPL030W,0,0.41358146,0.4576451778411865,0.859000027179718,0.10180000215768814
YPR079W,YGR132C,0,0.41344854,0.45740148425102234,0.859000027179718,0.10189999639987946
YDR462W,YFR046C,0,0.4132636,0.45715805888175964,0.859000027179718,0.10199999809265137
YOR293W,YCR048W,0,0.41276118,0.45691490173339844,0.859000027179718,0.10209999978542328
YBR203W,YOR208W,0,0.41270083,0.45667198300361633,0.859000027179718,0.10220000147819519
YBR215W,YDR180W,0,0.41262975,0.4564293324947357,0.859000027179718,0.1023000031709671
YHR085W,YPR102C,1,0.41246256,0.45671799778938293,0.8600000143051147,0.1023000031709671
YBR084C-A,YKR080W,0,0.4119514,0.4564755856990814,0.8600000143051147,0.10239999741315842
YKL096W,YFR051C,0,0.4118971,0.456233412027359,0.8600000143051147,0.10249999910593033
YKR003W,YFL022C,0,0.41174808,0.4559915065765381,0.8600000143051147,0.10260000079870224
YBR126C,YDL010W,0,0.41168106,0.45574986934661865,0.8600000143051147,0.10270000249147415
YHL007C,YBL036C,0,0.41159,0.4555084705352783,0.8600000143051147,0.10279999673366547
YHL007C,YOL148C,0,0.41156274,0.4552673399448395,0.8600000143051147,0.10289999842643738
YDR385W,YGL012W,0,0.41136286,0.45502644777297974,0.8600000143051147,0.10300000011920929
YMR283C,YGL179C,0,0.41087088,0.4547858238220215,0.8600000143051147,0.1031000018119812
YPL232W,YKL137W,0,0.41045633,0.4545454680919647,0.8600000143051147,0.10320000350475311
YGR090W,YJR129C,0,0.41027868,0.4543053209781647,0.8600000143051147,0.10329999774694443
YER157W,YNL099C,0,0.41027763,0.4540654718875885,0.8600000143051147,0.10339999943971634
YNL177C,YKR001C,0,0.40978774,0.45382586121559143,0.8600000143051147,0.10350000113248825
YER119C,YFL008W,0,0.4094193,0.45358648896217346,0.8600000143051147,0.10360000282526016
YDR006C,YDL168W,0,0.40925467,0.453347384929657,0.8600000143051147,0.10369999706745148
YGL001C,YNL279W,0,0.4090611,0.453108549118042,0.8600000143051147,0.10379999876022339
YDR194C,YBR265W,0,0.4090238,0.4528699219226837,0.8600000143051147,0.1039000004529953
YGR203W,YPL015C,0,0.40892076,0.4526315927505493,0.8600000143051147,0.10400000214576721
YBR288C,YBL027W,0,0.40883586,0.45239347219467163,0.8600000143051147,0.10409999638795853
YDR182W,YBR077C,0,0.4082306,0.45215561985969543,0.8600000143051147,0.10419999808073044
YDR104C,YMR190C,0,0.40794626,0.4519180357456207,0.8600000143051147,0.10429999977350235
YBR133C,YBR210W,0,0.4077955,0.45168066024780273,0.8600000143051147,0.10440000146627426
YPR107C,YMR029C,0,0.40778533,0.4514435827732086,0.8600000143051147,0.10450000315904617
YDR142C,YOR125C,0,0.40763196,0.4512067139148712,0.8600000143051147,0.10459999740123749
YPL009C,YBR215W,0,0.40761045,0.4509701132774353,0.8600000143051147,0.1046999990940094
YOL119C,YOR017W,0,0.40681264,0.4507337510585785,0.8600000143051147,0.10480000078678131
YKL107W,YCR097W,0,0.40666422,0.45049765706062317,0.8600000143051147,0.10490000247955322
YNR039C,YML121W,0,0.4065977,0.45026177167892456,0.8600000143051147,0.10499999672174454
YIL121W,YML001W,0,0.4065934,0.45002615451812744,0.8600000143051147,0.10509999841451645
YJR091C,YCR017C,0,0.40637025,0.4497908055782318,0.8600000143051147,0.10520000010728836
YLR106C,YGL078C,1,0.4063693,0.45007839798927307,0.8610000014305115,0.10520000010728836
YOR115C,YDR349C,0,0.40615875,0.44984325766563416,0.8610000014305115,0.10530000180006027
YJR091C,YNR039C,0,0.406158,0.44960835576057434,0.8610000014305115,0.10540000349283218
YIL157C,YPR165W,0,0.40574792,0.44937369227409363,0.8610000014305115,0.1054999977350235
YOR328W,YPL128C,0,0.4056979,0.449139267206192,0.8610000014305115,0.10559999942779541
YNL126W,YJR144W,0,0.40563512,0.4489051103591919,0.8610000014305115,0.10570000112056732
YKR013W,YPL249C-A,0,0.40562335,0.4486711919307709,0.8610000014305115,0.10580000281333923
YBR077C,YPL232W,0,0.40543374,0.44843751192092896,0.8610000014305115,0.10589999705553055
YGL001C,YOR095C,0,0.4051352,0.44820407032966614,0.8610000014305115,0.10599999874830246
YGL224C,YDL236W,0,0.40491945,0.4479708671569824,0.8610000014305115,0.10610000044107437
YNR012W,YML038C,0,0.40474728,0.4477379024028778,0.8610000014305115,0.10620000213384628
YLR205C,YGL160W,0,0.40453893,0.4475052058696747,0.8610000014305115,0.1062999963760376
YKL213C,YHR034C,0,0.40421024,0.44727271795272827,0.8610000014305115,0.10639999806880951
YOR149C,YFL002C,0,0.40405646,0.44704049825668335,0.8610000014305115,0.10649999976158142
YLR410W,YMR083W,0,0.4040556,0.44680851697921753,0.8610000014305115,0.10660000145435333
YER039C,YKL163W,0,0.40401056,0.4465767741203308,0.8610000014305115,0.10670000314712524
YER119C,YIL162W,0,0.40383574,0.4463452696800232,0.8610000014305115,0.10679999738931656
YBR103W,YNL329C,0,0.403719,0.4461140036582947,0.8610000014305115,0.10689999908208847
YCR072C,YGL246C,1,0.4034588,0.44640082120895386,0.8619999885559082,0.10689999908208847
YDR171W,YHR166C,0,0.40343508,0.44616976380348206,0.8619999885559082,0.10700000077486038
YGL038C,YDL156W,0,0.40319148,0.44593894481658936,0.8619999885559082,0.1071000024676323
YCR042C,YCR008W,0,0.40310055,0.44570836424827576,0.8619999885559082,0.10719999670982361
YNL053W,YPR033C,0,0.4030183,0.44547802209854126,0.8619999885559082,0.10729999840259552
YDR141C,YHR176W,0,0.40264663,0.44524794816970825,0.8619999885559082,0.10740000009536743
YBR039W,YDR477W,0,0.40240473,0.44501808285713196,0.8619999885559082,0.10750000178813934
YFL052W,YCR083W,0,0.4024043,0.44478845596313477,0.8619999885559082,0.10760000348091125
YMR068W,YFR004W,0,0.40219006,0.4445590376853943,0.8619999885559082,0.10769999772310257
YJR088C,YJR125C,0,0.4021676,0.4443298876285553,0.8619999885559082,0.10779999941587448
YOR130C,YNL220W,0,0.4019622,0.4441009759902954,0.8619999885559082,0.10790000110864639
YLR340W,YPR052C,0,0.40192574,0.4438723027706146,0.8619999885559082,0.1080000028014183
YDR331W,YDL058W,0,0.4018937,0.44364383816719055,0.8619999885559082,0.10809999704360962
YNL067W,YLR136C,0,0.40185782,0.44341564178466797,0.8619999885559082,0.10819999873638153
YJL151C,YBR039W,0,0.40177304,0.4431876540184021,0.8619999885559082,0.10830000042915344
YDL178W,YMR309C,0,0.4012998,0.44295990467071533,0.8619999885559082,0.10840000212192535
YNL083W,YPL046C,0,0.4009189,0.44273242354393005,0.8619999885559082,0.10849999636411667
YGL100W,YLR424W,0,0.40085152,0.4425051212310791,0.8619999885559082,0.10859999805688858
YNL299W,YDR206W,0,0.4000367,0.44227808713912964,0.8619999885559082,0.10869999974966049
YER119C,YHR188C,0,0.39988136,0.4420512914657593,0.8619999885559082,0.1088000014424324
YNR051C,YIL044C,0,0.39986855,0.44182470440864563,0.8619999885559082,0.10890000313520432
YOL016C,YMR092C,0,0.39958188,0.4415983557701111,0.8619999885559082,0.10899999737739563
YCL045C,YPR101W,0,0.3995627,0.44137224555015564,0.8619999885559082,0.10909999907016754
YDR084C,YFL031W,0,0.39951655,0.4411463737487793,0.8619999885559082,0.10920000076293945
YDL212W,YOR375C,0,0.399488,0.44092071056365967,0.8619999885559082,0.10930000245571136
YIR022W,YDR198C,0,0.39939976,0.44069528579711914,0.8619999885559082,0.10939999669790268
YHR183W,YMR058W,0,0.3987894,0.4404700994491577,0.8619999885559082,0.10949999839067459
YJL207C,YKR086W,0,0.39868572,0.4402451515197754,0.8619999885559082,0.1096000000834465
YOR144C,YML121W,0,0.3985418,0.4400204122066498,0.8619999885559082,0.10970000177621841
YDL193W,YPR022C,0,0.3984848,0.43979591131210327,0.8619999885559082,0.10980000346899033
YLR233C,YOL044W,0,0.39808652,0.43957164883613586,0.8619999885559082,0.10989999771118164
YKL107W,YCL038C,0,0.3978255,0.43934759497642517,0.8619999885559082,0.10999999940395355
YMR278W,YLR066W,0,0.39750412,0.4391237795352936,0.8619999885559082,0.11010000109672546
YNL182C,YLR340W,1,0.39739537,0.43940937519073486,0.8629999756813049,0.11010000109672546
YGR231C,YPL228W,0,0.39667183,0.4391857385635376,0.8629999756813049,0.11020000278949738
YHR104W,YDR484W,0,0.39653072,0.4389623701572418,0.8629999756813049,0.11029999703168869
YJL116C,YNL305C,0,0.39626923,0.43873921036720276,0.8629999756813049,0.1103999987244606
YDR001C,YBR014C,0,0.39565787,0.4385162591934204,0.8629999756813049,0.11050000041723251
YOR064C,YNL272C,0,0.39554366,0.43829354643821716,0.8629999756813049,0.11060000211000443
YLR166C,YER003C,0,0.3954675,0.438071072101593,0.8629999756813049,0.11069999635219574
YPR075C,YMR278W,0,0.39533597,0.4378488063812256,0.8629999756813049,0.11079999804496765
YKL146W,YKL012W,0,0.39483485,0.43762677907943726,0.8629999756813049,0.11089999973773956
YHR187W,YOR295W,0,0.39482477,0.43740496039390564,0.8629999756813049,0.11100000143051147
YPL029W,YML024W,0,0.39479953,0.4371833801269531,0.8629999756813049,0.11110000312328339
YPR056W,YPR112C,0,0.39466086,0.4369620382785797,0.8629999756813049,0.1111999973654747
YHR121W,YNL099C,0,0.39448655,0.436740905046463,0.8629999756813049,0.11129999905824661
YKL163W,YNL326C,0,0.39435294,0.436519980430603,0.8629999756813049,0.11140000075101852
YBR132C,YKR065C,0,0.39394662,0.43629929423332214,0.8629999756813049,0.11150000244379044
YHR007C,YOR073W,0,0.39389214,0.436078816652298,0.8629999756813049,0.11159999668598175
YLL039C,YPL249C,0,0.393815,0.4358585774898529,0.8629999756813049,0.11169999837875366
YML007W,YMR067C,0,0.39363852,0.43563857674598694,0.8629999756813049,0.11180000007152557
YNL163C,YKL014C,1,0.3935512,0.435923308134079,0.8640000224113464,0.11180000007152557
YML069W,YEL003W,0,0.39352962,0.43570348620414734,0.8640000224113464,0.11190000176429749
YJL137C,YPL228W,0,0.39346328,0.4354838728904724,0.8640000224113464,0.1120000034570694
YGR074W,YGR280C,0,0.39330116,0.4352644979953766,0.8640000224113464,0.11209999769926071
YML064C,YJR014W,0,0.39321816,0.4350453317165375,0.8640000224113464,0.11219999939203262
YBL006C,YOR362C,0,0.3931152,0.4348263740539551,0.8640000224113464,0.11230000108480453
YNL177C,YPL046C,0,0.3930822,0.4346076548099518,0.8640000224113464,0.11240000277757645
YLR106C,YOL080C,1,0.392981,0.4348919093608856,0.8650000095367432,0.11240000277757645
YOR063W,YKL014C,1,0.39287317,0.4351758658885956,0.8659999966621399,0.11240000277757645
YFL022C,YBR135W,0,0.39267036,0.4349572956562042,0.8659999966621399,0.11249999701976776
YCL033C,YCR097W,0,0.39232764,0.43473896384239197,0.8659999966621399,0.11259999871253967
YGR166W,YHR032W,0,0.39226165,0.43452081084251404,0.8659999966621399,0.11270000040531158
YML022W,YER160C,0,0.39193273,0.4343028962612152,0.8659999966621399,0.1128000020980835
YOR234C,YLR084C,0,0.39178494,0.4340852200984955,0.8659999966621399,0.11289999634027481
YDL052C,YPL008W,0,0.39174262,0.4338677227497101,0.8659999966621399,0.11299999803304672
YDR221W,YNL097C,0,0.3915877,0.4336504638195038,0.8659999966621399,0.11309999972581863
YDR016C,YDL165W,0,0.39157078,0.4334334433078766,0.8659999966621399,0.11320000141859055
YDL181W,YIL122W,0,0.3913308,0.4332166016101837,0.8659999966621399,0.11330000311136246
YGR121C,YKL148C,0,0.39132875,0.43299999833106995,0.8659999966621399,0.11339999735355377
YNL169C,YPR103W,0,0.3912671,0.4327836036682129,0.8659999966621399,0.11349999904632568
YDR184C,YNL030W,0,0.3912633,0.43256744742393494,0.8659999966621399,0.1136000007390976
YCR017C,YIL031W,0,0.39124972,0.4323514699935913,0.8659999966621399,0.1137000024318695
YDR302W,YIL110W,0,0.39120522,0.4321357309818268,0.8659999966621399,0.11379999667406082
YNL082W,YJR105W,0,0.39115906,0.43192020058631897,0.8659999966621399,0.11389999836683273
YDR142C,YKL152C,0,0.39111415,0.43170487880706787,0.8659999966621399,0.11400000005960464
YOR149C,YPR140W,0,0.39098898,0.4314897954463959,0.8659999966621399,0.11410000175237656
YMR236W,YDR163W,0,0.39098346,0.4312748908996582,0.8659999966621399,0.11420000344514847
YIR007W,YBL105C,0,0.3909017,0.43106022477149963,0.8659999966621399,0.11429999768733978
YIR007W,YPL230W,0,0.39048648,0.4308457672595978,0.8659999966621399,0.1143999993801117
YFL034C-B,YKL211C,0,0.3901233,0.43063151836395264,0.8659999966621399,0.1145000010728836
YKR018C,YCR097W,0,0.38982698,0.4304175078868866,0.8659999966621399,0.11460000276565552
YOR128C,YPR033C,0,0.38934764,0.4302036762237549,0.8659999966621399,0.11469999700784683
YEL026W,YBR171W,0,0.38926086,0.42999008297920227,0.8659999966621399,0.11479999870061874
YEL020C,YER058W,0,0.38918716,0.429776668548584,0.8659999966621399,0.11490000039339066
YBR004C,YLR449W,0,0.38908604,0.4295634925365448,0.8659999966621399,0.11500000208616257
YDR294C,YNL312W,0,0.38890398,0.42935052514076233,0.8659999966621399,0.11509999632835388
YPL053C,YLR368W,0,0.38867316,0.4291377663612366,0.8659999966621399,0.1151999980211258
YBR133C,YOL058W,0,0.3886719,0.42892521619796753,0.8659999966621399,0.1152999997138977
YFL034C-B,YLR378C,0,0.38859877,0.4287128746509552,0.8659999966621399,0.11540000140666962
YBL036C,YKL084W,0,0.38853553,0.4285007417201996,0.8659999966621399,0.11550000309944153
YML008C,YMR058W,0,0.38798407,0.4282888174057007,0.8659999966621399,0.11559999734163284
YDR186C,YDL122W,0,0.3875889,0.4280771017074585,0.8659999966621399,0.11569999903440475
YIL015W,YGR065C,0,0.38740394,0.4278656244277954,0.8659999966621399,0.11580000072717667
YCL033C,YDR314C,0,0.38734412,0.42765432596206665,0.8659999966621399,0.11590000241994858
YBL027W,YER122C,0,0.3871815,0.4274432361125946,0.8659999966621399,0.11599999666213989
YDL126C,YMR113W,0,0.3867651,0.4272323548793793,0.8659999966621399,0.1160999983549118
YLR002C,YOR198C,0,0.38674104,0.42702168226242065,0.8659999966621399,0.11620000004768372
YKR067W,YJL139C,0,0.38667855,0.42681124806404114,0.8659999966621399,0.11630000174045563
YBL045C,YCL038C,0,0.38651645,0.42660099267959595,0.8659999966621399,0.11640000343322754
YOR361C,YPR004C,0,0.38642567,0.42639094591140747,0.8659999966621399,0.11649999767541885
YLR144C,YEL004W,0,0.38633448,0.4261811077594757,0.8659999966621399,0.11659999936819077
YMR052W,YOR360C,0,0.38608378,0.42597147822380066,0.8659999966621399,0.11670000106096268
YNL229C,YMR251W-A,0,0.38595906,0.4257620573043823,0.8659999966621399,0.11680000275373459
YOR130C,YLR089C,0,0.3859217,0.4255528151988983,0.8659999966621399,0.1168999969959259
YLR225C,YOR329C,0,0.38591388,0.4253438115119934,0.8659999966621399,0.11699999868869781
YIL085C,YGL077C,0,0.38572893,0.4251350164413452,0.8659999966621399,0.11710000038146973
YKL139W,YLR117C,0,0.3854824,0.42492640018463135,0.8659999966621399,0.11720000207424164
YEL063C,YOR095C,0,0.38546452,0.4247179925441742,0.8659999966621399,0.11729999631643295
YBL050W,YIL099W,0,0.38498688,0.42450979351997375,0.8659999966621399,0.11739999800920486
YFL050C,YGL131C,0,0.3848529,0.42430180311203003,0.8659999966621399,0.11749999970197678
YJR093C,YIL103W,0,0.38474998,0.424094021320343,0.8659999966621399,0.11760000139474869
YGR152C,YGR041W,0,0.3844507,0.4238864481449127,0.8659999966621399,0.1177000030875206
YCL030C,YHR042W,0,0.3843125,0.42367905378341675,0.8659999966621399,0.11779999732971191
YNL071W,YHR115C,0,0.384262,0.4234718680381775,0.8659999966621399,0.11789999902248383
YMR116C,YOR010C,0,0.38425678,0.42326492071151733,0.8659999966621399,0.11800000071525574
YDR206W,YBR154C,0,0.38417646,0.4230581223964691,0.8659999966621399,0.11810000240802765
YHR115C,YNL139C,0,0.38415,0.4228515625,0.8659999966621399,0.11819999665021896
YDR162C,YBR229C,0,0.38378727,0.4226451814174652,0.8659999966621399,0.11829999834299088
YHR107C,YDL042C,0,0.38371846,0.4224390387535095,0.8659999966621399,0.11840000003576279
YMR214W,YIL157C,0,0.3836306,0.42223304510116577,0.8659999966621399,0.1185000017285347
YNL072W,YHR065C,0,0.3835949,0.4220272898674011,0.8659999966621399,0.11860000342130661
YJL123C,YLL036C,0,0.38341576,0.4218217134475708,0.8659999966621399,0.11869999766349792
YBR216C,YBR057C,0,0.38282153,0.4216163456439972,0.8659999966621399,0.11879999935626984
YCR072C,YPR016C,1,0.38270995,0.4218977987766266,0.8669999837875366,0.11879999935626984
YPL124W,YOR073W,0,0.38219115,0.4216926097869873,0.8669999837875366,0.11890000104904175
YFL002C,YLR022C,1,0.38189507,0.42197373509407043,0.8679999709129333,0.11890000104904175
YPR018W,YBR127C,0,0.3817456,0.4217686951160431,0.8679999709129333,0.11900000274181366
YPR104C,YKL209C,0,0.38155904,0.42156386375427246,0.8679999709129333,0.11909999698400497
YJL123C,YOR064C,0,0.38153496,0.42135921120643616,0.8679999709129333,0.11919999867677689
YBR103W,YNL071W,0,0.38143662,0.42115476727485657,0.8679999709129333,0.1193000003695488
YLR448W,YBR267W,1,0.3813934,0.42143550515174866,0.8690000176429749,0.1193000003695488
YHR066W,YPL131W,1,0.38139296,0.42171594500541687,0.8700000047683716,0.1193000003695488
YKL188C,YGR183C,0,0.38115415,0.42151162028312683,0.8700000047683716,0.11940000206232071
YDR058C,YKR065C,0,0.3811343,0.4213075041770935,0.8700000047683716,0.11949999630451202
YDR058C,YHR152W,0,0.38088563,0.4211035966873169,0.8700000047683716,0.11959999799728394
YPL029W,YNL329C,0,0.38056698,0.4208998680114746,0.8700000047683716,0.11969999969005585
YNL329C,YJR077C,0,0.38033047,0.42069631814956665,0.8700000047683716,0.11980000138282776
YPL246C,YML058W,0,0.3800699,0.4204929769039154,0.8700000047683716,0.11990000307559967
YPR183W,YGR280C,0,0.37972972,0.4202898442745209,0.8700000047683716,0.11999999731779099
YPL009C,YBR228W,0,0.37968716,0.42008692026138306,0.8700000047683716,0.1200999990105629
YLR262C,YJR002W,0,0.3794619,0.41988417506217957,0.8700000047683716,0.12020000070333481
YBR258C,YGL029W,0,0.37938926,0.4196816086769104,0.8700000047683716,0.12030000239610672
YGR227W,YOL119C,0,0.3793052,0.41947928071022034,0.8700000047683716,0.12039999663829803
YLR297W,YLL023C,0,0.37911072,0.4192771017551422,0.8700000047683716,0.12049999833106995
YDR142C,YLR155C,0,0.37900248,0.4190751314163208,0.8700000047683716,0.12060000002384186
YOR329C,YCL038C,0,0.37890497,0.4188733696937561,0.8700000047683716,0.12070000171661377
YMR170C,YLR089C,0,0.37848827,0.41867178678512573,0.8700000047683716,0.12080000340938568
YFR046C,YDL188C,0,0.37839893,0.4184704124927521,0.8700000047683716,0.120899997651577
YOR208W,YJR125C,0,0.37810844,0.41826921701431274,0.8700000047683716,0.12099999934434891
YHL007C,YCL020W,0,0.37795842,0.4180682301521301,0.8700000047683716,0.12110000103712082
YPL152W,YLR297W,0,0.37776056,0.41786742210388184,0.8700000047683716,0.12120000272989273
YHR124W,YKL167C,0,0.37771133,0.41766682267189026,0.8700000047683716,0.12129999697208405
YCR034W,YJL118W,0,0.37724033,0.417466402053833,0.8700000047683716,0.12139999866485596
YLR116W,YFL052W,0,0.3772387,0.41726619005203247,0.8700000047683716,0.12150000035762787
YIL121W,YMR029C,0,0.3772053,0.41706615686416626,0.8700000047683716,0.12160000205039978
YHR016C,YCR023C,0,0.37700284,0.4168663024902344,0.8700000047683716,0.1216999962925911
YOR141C,YNL229C,0,0.37677997,0.4166666567325592,0.8700000047683716,0.121799997985363
YOR321W,YLR399C,0,0.37654218,0.41646721959114075,0.8700000047683716,0.12189999967813492
YPL047W,YCL019W,0,0.3765389,0.41626793146133423,0.8700000047683716,0.12200000137090683
YIL131C,YFR055W,0,0.37644872,0.4160688519477844,0.8700000047683716,0.12210000306367874
YPL190C,YNL279W,0,0.3763384,0.41586998105049133,0.8700000047683716,0.12219999730587006
YDR202C,YBL045C,0,0.37612104,0.41567128896713257,0.8700000047683716,0.12229999899864197
YDR216W,YLR399C,0,0.37597364,0.41547277569770813,0.8700000047683716,0.12240000069141388
YOR149C,YOR361C,0,0.37593013,0.4152744710445404,0.8700000047683716,0.12250000238418579
YMR288W,YNL154C,0,0.3757975,0.415076345205307,0.8700000047683716,0.1225999966263771
YKL127W,YJR067C,0,0.37569192,0.41487839818000793,0.8700000047683716,0.12269999831914902
YAL047C,YJL104W,0,0.3754438,0.4146806597709656,0.8700000047683716,0.12280000001192093
YDR382W,YOR295W,0,0.37485245,0.41448310017585754,0.8700000047683716,0.12290000170469284
YGR166W,YKL120W,0,0.37477788,0.41428571939468384,0.8700000047683716,0.12300000339746475
YDL025C,YLR133W,0,0.37472633,0.41408851742744446,0.8700000047683716,0.12309999763965607
YPL246C,YLL010C,0,0.37459362,0.4138915240764618,0.8700000047683716,0.12319999933242798
YPR145W,YDR194C,0,0.37441108,0.41369470953941345,0.8700000047683716,0.12330000102519989
YJL010C,YLR275W,0,0.37421826,0.4134981036186218,0.8700000047683716,0.1234000027179718
YDR452W,YNL224C,0,0.37399796,0.4133016765117645,0.8700000047683716,0.12349999696016312
YLR106C,YNL182C,1,0.3738359,0.4135802388191223,0.8709999918937683,0.12349999696016312
YBR267W,YPL131W,1,0.3737004,0.413858562707901,0.871999979019165,0.12349999696016312
YHR085W,YNR038W,1,0.3732902,0.4141366183757782,0.8730000257492065,0.12349999696016312
YIL023C,YKL167C,0,0.37326208,0.4139402508735657,0.8730000257492065,0.12359999865293503
YBL102W,YOR367W,0,0.3732306,0.4137440621852875,0.8730000257492065,0.12370000034570694
YNR054C,YHR094C,0,0.3729278,0.413548082113266,0.8730000257492065,0.12380000203847885
YJL207C,YMR121C,0,0.37273455,0.41335228085517883,0.8730000257492065,0.12389999628067017
YDL010W,YHR123W,0,0.37268063,0.413156658411026,0.8730000257492065,0.12399999797344208
YLR174W,YPR025C,0,0.372676,0.4129612147808075,0.8730000257492065,0.12409999966621399
YPR079W,YOL049W,0,0.37266245,0.4127659499645233,0.8730000257492065,0.1242000013589859
YKL071W,YLR298C,0,0.372421,0.41257089376449585,0.8730000257492065,0.12430000305175781
YNR073C,YNL270C,0,0.37241343,0.4123760163784027,0.8730000257492065,0.12439999729394913
YHR066W,YOR063W,1,0.37200394,0.41265344619750977,0.8740000128746033,0.12439999729394913
YLR144C,YCR042C,0,0.37198678,0.41245871782302856,0.8740000128746033,0.12449999898672104
YNR054C,YNR026C,0,0.37148806,0.4122641384601593,0.8740000128746033,0.12460000067949295
YIR022W,YJL159W,0,0.37133905,0.41206976771354675,0.8740000128746033,0.12470000237226486
YMR014W,YBL009W,0,0.37125874,0.41187557578086853,0.8740000128746033,0.12479999661445618
YGL079W,YGL012W,0,0.37116504,0.411681592464447,0.8740000128746033,0.12489999830722809
YHL001W,YNL152W,0,0.37113228,0.41148775815963745,0.8740000128746033,0.125
YMR189W,YKL092C,0,0.37055394,0.4112941324710846,0.8740000128746033,0.1251000016927719
YIL044C,YBR154C,0,0.3705401,0.4111006557941437,0.8740000128746033,0.12520000338554382
YFL031W,YEL071W,0,0.37042072,0.4109073877334595,0.8740000128746033,0.12530000507831573
YOR329C,YLR110C,0,0.37007564,0.4107142984867096,0.8740000128746033,0.12540000677108765
YPL072W,YGR067C,0,0.369724,0.41052135825157166,0.8740000128746033,0.12549999356269836
YPL211W,YGR198W,0,0.3695311,0.41032862663269043,0.8740000128746033,0.12559999525547028
YOR007C,YBR135W,0,0.36951086,0.41013607382774353,0.8740000128746033,0.1256999969482422
YPR185W,YML072C,0,0.36943468,0.40994372963905334,0.8740000128746033,0.1257999986410141
YKR018C,YKR039W,0,0.3694326,0.4097515344619751,0.8740000128746033,0.125900000333786
YJL151C,YGL044C,0,0.3689316,0.4095595180988312,0.8740000128746033,0.12600000202655792
YOL094C,YDR143C,0,0.36888665,0.4093676805496216,0.8740000128746033,0.12610000371932983
YHR084W,YNR051C,0,0.3687977,0.4091760218143463,0.8740000128746033,0.12620000541210175
YJL151C,YDR202C,0,0.36868644,0.40898457169532776,0.8740000128746033,0.12630000710487366
YLR340W,YPR004C,0,0.36863574,0.40879327058792114,0.8740000128746033,0.12639999389648438
YBL036C,YJR067C,0,0.36846498,0.40860214829444885,0.8740000128746033,0.1264999955892563
YPL152W,YMR067C,0,0.36839473,0.4084112048149109,0.8740000128746033,0.1265999972820282
YEL004W,YOL089C,0,0.36798546,0.40822046995162964,0.8740000128746033,0.1266999989748001
YJL076W,YER172C,0,0.367892,0.4080298840999603,0.8740000128746033,0.12680000066757202
YDR348C,YEL077C,0,0.3678871,0.40783947706222534,0.8740000128746033,0.12690000236034393
YDL132W,YMR190C,0,0.36788633,0.4076492488384247,0.8740000128746033,0.12700000405311584
YKR086W,YDR208W,0,0.36777171,0.40745919942855835,0.8740000128746033,0.12710000574588776
YNL256W,YDR352W,0,0.36765534,0.40726932883262634,0.8740000128746033,0.12720000743865967
YEL042W,YML014W,0,0.36758044,0.40707963705062866,0.8740000128746033,0.12729999423027039
YLR148W,YOR141C,0,0.36756262,0.4068901240825653,0.8740000128746033,0.1273999959230423
YPR061C,YDL025C,0,0.36737296,0.4067007899284363,0.8740000128746033,0.1274999976158142
YMR288W,YNR046W,0,0.3669493,0.4065116345882416,0.8740000128746033,0.12759999930858612
YPL045W,YJL002C,0,0.36674932,0.4063226282596588,0.8740000128746033,0.12770000100135803
YML123C,YML069W,0,0.36673474,0.40613383054733276,0.8740000128746033,0.12780000269412994
YBR077C,YPR124W,0,0.36664006,0.40594518184661865,0.8740000128746033,0.12790000438690186
YOL017W,YOR133W,0,0.36661974,0.40575674176216125,0.8740000128746033,0.12800000607967377
YJL210W,YDR099W,0,0.3666093,0.4055684506893158,0.8740000128746033,0.12809999287128448
YLR106C,YLR340W,1,0.36658916,0.40584415197372437,0.875,0.12809999287128448
YOR229W,YDL191W,0,0.36646247,0.40565600991249084,0.875,0.1281999945640564
YCL026C-A,YOR188W,0,0.3663246,0.40546801686286926,0.875,0.1282999962568283
YDR339C,YNL099C,0,0.36615095,0.4052802324295044,0.875,0.12839999794960022
YJR044C,YNL336W,0,0.36608848,0.40509259700775146,0.875,0.12849999964237213
YBR057C,YKR046C,0,0.36598226,0.40490514039993286,0.875,0.12860000133514404
YNL126W,YAL047C,0,0.36593264,0.4047178626060486,0.875,0.12870000302791595
YLR222C,YJL104W,0,0.36552528,0.40453073382377625,0.875,0.12880000472068787
YKL113C,YNL177C,0,0.36517686,0.4043438136577606,0.875,0.12890000641345978
YPR183W,YBR102C,0,0.36490625,0.40415704250335693,0.875,0.1289999932050705
YKL188C,YJR152W,0,0.3648923,0.4039704501628876,0.875,0.1290999948978424
YMR216C,YAL047C,0,0.3648665,0.40378403663635254,0.875,0.12919999659061432
YDR016C,YPL023C,0,0.36433113,0.40359777212142944,0.875,0.12929999828338623
YNL254C,YPR009W,0,0.36418143,0.40341171622276306,0.875,0.12939999997615814
YMR079W,YGR261C,0,0.36413902,0.4032258093357086,0.875,0.12950000166893005
YBL099W,YNL241C,0,0.36413524,0.4030400812625885,0.875,0.12960000336170197
YKL046C,YJR077C,0,0.36408007,0.4028545022010803,0.875,0.12970000505447388
YGL224C,YGL020C,0,0.36385682,0.40266913175582886,0.875,0.1298000067472458
YNL071W,YHR091C,0,0.36343595,0.40248391032218933,0.875,0.1298999935388565
YKL125W,YDR331W,0,0.3634024,0.40229883790016174,0.875,0.12999999523162842
YDR338C,YOR022C,0,0.36321196,0.40211397409439087,0.875,0.13009999692440033
YML123C,YOR344C,0,0.36319366,0.40192925930023193,0.875,0.13019999861717224
YDR489W,YER075C,0,0.36316434,0.4017447233200073,0.875,0.13030000030994415
YIR034C,YKR086W,0,0.36311397,0.40156033635139465,0.875,0.13040000200271606
YDR153C,YIL010W,0,0.36288023,0.4013761579990387,0.875,0.13050000369548798
YIL041W,YOR321W,0,0.3626968,0.4011920988559723,0.875,0.1306000053882599
YML073C,YPL146C,1,0.36254963,0.4014665484428406,0.8759999871253967,0.1306000053882599
YMR288W,YKL073W,0,0.3625202,0.4012826383113861,0.8759999871253967,0.1307000070810318
YBR203W,YKL112W,0,0.3623316,0.40109890699386597,0.8759999871253967,0.13079999387264252
YIR028W,YOL089C,0,0.362187,0.40091532468795776,0.8759999871253967,0.13089999556541443
YDR294C,YDR480W,0,0.36185715,0.4007319211959839,0.8759999871253967,0.13099999725818634
YPR121W,YKL157W,0,0.36173782,0.40054869651794434,0.8759999871253967,0.13109999895095825
YDR216W,YCR069W,0,0.3616204,0.4003656208515167,0.8759999871253967,0.13120000064373016
YMR014W,YDR198C,0,0.36154255,0.40018272399902344,0.8759999871253967,0.13130000233650208
YJL111W,YBL005W-A,0,0.3612542,0.4000000059604645,0.8759999871253967,0.131400004029274
YLR340W,YKL014C,1,0.3612471,0.400273859500885,0.8769999742507935,0.131400004029274
YMR263W,YJR137C,0,0.36117032,0.4000912308692932,0.8769999742507935,0.1315000057220459
YBR167C,YML121W,0,0.36091325,0.39990881085395813,0.8769999742507935,0.1316000074148178
YER048C,YJR044C,0,0.36064932,0.399726539850235,0.8769999742507935,0.13169999420642853
YEL055C,YKL216W,0,0.36038738,0.3995444178581238,0.8769999742507935,0.13179999589920044
YNL075W,YPL032C,0,0.36021456,0.3993624746799469,0.8769999742507935,0.13189999759197235
YPR121W,YPL190C,0,0.35966215,0.39918071031570435,0.8769999742507935,0.13199999928474426
YLR106C,YHR052W,1,0.35961112,0.3994540572166443,0.878000020980835,0.13199999928474426
YGL001C,YML058W,0,0.35955974,0.3992723822593689,0.878000020980835,0.13210000097751617
YAR008W,YJR088C,0,0.359188,0.3990909159183502,0.878000020980835,0.13220000267028809
YOR056C,YCL011C,0,0.3591363,0.3989095985889435,0.878000020980835,0.13230000436306
YOL088C,YDR155C,0,0.359072,0.3987284302711487,0.878000020980835,0.1324000060558319
YBR216C,YNL021W,0,0.3589554,0.3985474407672882,0.878000020980835,0.13249999284744263
YGR257C,YPL015C,0,0.35858023,0.3983666002750397,0.878000020980835,0.13259999454021454
YBR253W,YOL039W,0,0.3584753,0.39818593859672546,0.878000020980835,0.13269999623298645
YGR096W,YOR188W,0,0.35826036,0.3980054259300232,0.878000020980835,0.13279999792575836
YLR069C,YGL208W,0,0.35812098,0.39782509207725525,0.878000020980835,0.13289999961853027
YLR424W,YDR267C,0,0.35796198,0.39764493703842163,0.878000020980835,0.13300000131130219
YJR086W,YPL230W,0,0.35791168,0.39746493101119995,0.878000020980835,0.1331000030040741
YPL164C,YBR110W,0,0.3578556,0.3972850739955902,0.878000020980835,0.133200004696846
YGR109C,YPL032C,0,0.35775906,0.3971053957939148,0.878000020980835,0.13330000638961792
YJR137C,YNL256W,0,0.35766116,0.3969258666038513,0.878000020980835,0.13339999318122864
YOR196C,YGL234W,0,0.3575486,0.3967464864253998,0.878000020980835,0.13349999487400055
YBR039W,YKL148C,0,0.35753772,0.39656728506088257,0.878000020980835,0.13359999656677246
YNR036C,YNL321W,0,0.3574812,0.3963882625102997,0.878000020980835,0.13369999825954437
YLR075W,YGL111W,1,0.3570905,0.3966606557369232,0.8790000081062317,0.13369999825954437
YIR003W,YPR201W,0,0.3570479,0.3964817225933075,0.8790000081062317,0.13379999995231628
YNL064C,YKL160W,0,0.35703066,0.3963029682636261,0.8790000081062317,0.1339000016450882
YCR066W,YOR256C,0,0.35695544,0.39612439274787903,0.8790000081062317,0.1340000033378601
YDL159W,YDR331W,0,0.35687605,0.3959459364414215,0.8790000081062317,0.13410000503063202
YHR115C,YLR138W,0,0.3568478,0.3957676589488983,0.8790000081062317,0.13420000672340393
YBL042C,YOR312C,0,0.35676137,0.39558956027030945,0.8790000081062317,0.13429999351501465
YBL042C,YMR236W,0,0.3567445,0.3954116106033325,0.8790000081062317,0.13439999520778656
YOL034W,YER172C,0,0.35663027,0.39523380994796753,0.8790000081062317,0.13449999690055847
YNL069C,YOL017W,0,0.35656312,0.39505618810653687,0.8790000081062317,0.13459999859333038
YNL064C,YBR167C,0,0.35653,0.39487871527671814,0.8790000081062317,0.1347000002861023
YGR277C,YGR284C,0,0.35621348,0.39470139145851135,0.8790000081062317,0.1348000019788742
YNL300W,YGR195W,0,0.3560842,0.3945242464542389,0.8790000081062317,0.13490000367164612
YIL131C,YOL049W,0,0.35601938,0.39434725046157837,0.8790000081062317,0.13500000536441803
YDR058C,YMR244C-A,0,0.3559838,0.3941704034805298,0.8790000081062317,0.13510000705718994
YFL052W,YKL220C,0,0.3559137,0.3939937353134155,0.8790000081062317,0.13519999384880066
YGL224C,YLR399C,0,0.35588875,0.3938172161579132,0.8790000081062317,0.13529999554157257
YJL209W,YMR104C,0,0.35560504,0.3936408460140228,0.8790000081062317,0.13539999723434448
YKL096W,YOR256C,0,0.3554567,0.3934646248817444,0.8790000081062317,0.1354999989271164
YHR107C,YBL018C,0,0.35536298,0.39328858256340027,0.8790000081062317,0.1356000006198883
YHR107C,YPL079W,0,0.35535675,0.3931126892566681,0.8790000081062317,0.13570000231266022
YGL254W,YBR004C,0,0.3553087,0.39293697476387024,0.8790000081062317,0.13580000400543213
YBR021W,YOL021C,0,0.354301,0.39276137948036194,0.8790000081062317,0.13590000569820404
YCR068W,YML121W,0,0.35415545,0.39258596301078796,0.8790000081062317,0.13600000739097595
YOR115C,YGL099W,0,0.35413915,0.3924107253551483,0.8790000081062317,0.13609999418258667
YML019W,YDL092W,0,0.3540516,0.3922356069087982,0.8790000081062317,0.13619999587535858
YJL092W,YOL058W,0,0.3537704,0.39206066727638245,0.8790000081062317,0.1362999975681305
YNL227C,YPL131W,1,0.35373732,0.39233168959617615,0.8799999952316284,0.1362999975681305
YPR201W,YFL008W,0,0.35368636,0.3921568691730499,0.8799999952316284,0.1363999992609024
YFL018C,YIL105C,0,0.35359392,0.39198216795921326,0.8799999952316284,0.13650000095367432
YLL036C,YBL009W,0,0.35351995,0.3918076455593109,0.8799999952316284,0.13660000264644623
YLR106C,YPR016C,1,0.35341424,0.39207834005355835,0.8809999823570251,0.13660000264644623
YGR198W,YJL138C,0,0.35305807,0.39190390706062317,0.8809999823570251,0.13670000433921814
YGL100W,YHR003C,0,0.35273126,0.3917296528816223,0.8809999823570251,0.13680000603199005
YKL091C,YPR025C,0,0.35243186,0.3915555477142334,0.8809999823570251,0.13689999282360077
YDR020C,YHR094C,0,0.35208264,0.3913816213607788,0.8809999823570251,0.13699999451637268
YMR293C,YCR003W,0,0.3520149,0.39120781421661377,0.8809999823570251,0.1370999962091446
YDR119W,YNL099C,0,0.35146466,0.39103418588638306,0.8809999823570251,0.1371999979019165
YDR182W,YKL012W,0,0.35144174,0.3908607065677643,0.8809999823570251,0.13729999959468842
YKL008C,YGR271C-A,0,0.35136157,0.39068737626075745,0.8809999823570251,0.13740000128746033
YMR266W,YMR216C,0,0.35134533,0.39051419496536255,0.8809999823570251,0.13750000298023224
YPL003W,YHR176W,0,0.35134318,0.3903411626815796,0.8809999823570251,0.13760000467300415
YBL102W,YGR125W,0,0.35125104,0.39016827940940857,0.8809999823570251,0.13770000636577606
YDR311W,YDR480W,0,0.35111326,0.3899955749511719,0.8809999823570251,0.13779999315738678
YDR302W,YOR367W,0,0.35037485,0.3898230195045471,0.8809999823570251,0.1378999948501587
YKL101W,YDR206W,0,0.35037073,0.3896505832672119,0.8809999823570251,0.1379999965429306
YOR362C,YLR355C,0,0.34995952,0.38947832584381104,0.8809999823570251,0.13809999823570251
YDR462W,YBL045C,0,0.34972534,0.3893062174320221,0.8809999823570251,0.13819999992847443
YER026C,YFL031W,0,0.34959987,0.3891342878341675,0.8809999823570251,0.13830000162124634
YNL009W,YOR245C,0,0.34959665,0.3889624774456024,0.8809999823570251,0.13840000331401825
YGR109C,YPL023C,0,0.34950122,0.3887908160686493,0.8809999823570251,0.13850000500679016
YJR159W,YLR178C,0,0.3493473,0.3886193335056305,0.8809999823570251,0.13860000669956207
YNR012W,YNL152W,0,0.34926376,0.38844797015190125,0.8809999823570251,0.1386999934911728
YOR033C,YDR147W,0,0.34917313,0.3882767856121063,0.8809999823570251,0.1387999951839447
YJR086W,YPL072W,0,0.34917268,0.38810572028160095,0.8809999823570251,0.1388999968767166
YJL115W,YBL027W,0,0.3490572,0.3879348337650299,0.8809999823570251,0.13899999856948853
YER042W,YER157W,0,0.3489731,0.3877640962600708,0.8809999823570251,0.13910000026226044
YOL128C,YDR206W,0,0.34886983,0.38759347796440125,0.8809999823570251,0.13920000195503235
YJR113C,YOL089C,0,0.3488492,0.387423038482666,0.8809999823570251,0.13930000364780426
YKL127W,YER075C,0,0.34874287,0.3872527480125427,0.8809999823570251,0.13940000534057617
YER018C,YNL148C,0,0.34834602,0.38708260655403137,0.8809999823570251,0.13950000703334808
YGL020C,YLR378C,0,0.3483331,0.38691261410713196,0.8809999823570251,0.1395999938249588
YIL041W,YGR209C,0,0.3479534,0.3867427706718445,0.8809999823570251,0.1396999955177307
YLR376C,YCR023C,0,0.3476739,0.38657304644584656,0.8809999823570251,0.13979999721050262
YBR161W,YPL181W,0,0.34766388,0.38640350103378296,0.8809999823570251,0.13989999890327454
YPL047W,YNR046W,0,0.34748518,0.3862341046333313,0.8809999823570251,0.14000000059604645
YDR307W,YDR484W,0,0.3474435,0.3860648572444916,0.8809999823570251,0.14010000228881836
YAL005C,YGR284C,0,0.34728426,0.3858957588672638,0.8809999823570251,0.14020000398159027
YOL049W,YHR019C,0,0.34712288,0.38572680950164795,0.8809999823570251,0.14030000567436218
YHR196W,YOR198C,0,0.3470519,0.38555797934532166,0.8809999823570251,0.1404000073671341
YPR029C,YDR452W,0,0.34685543,0.3853893280029297,0.8809999823570251,0.1404999941587448
YPL108W,YNL220W,0,0.34679684,0.38522082567214966,0.8809999823570251,0.14059999585151672
YLR132C,YLL032C,0,0.34645188,0.3850524425506592,0.8809999823570251,0.14069999754428864
YFR028C,YOL130W,0,0.34641144,0.384884238243103,0.8809999823570251,0.14079999923706055
YLR057W,YGL086W,0,0.34633955,0.3847161531448364,0.8809999823570251,0.14090000092983246
YML114C,YLR135W,0,0.34615245,0.38454824686050415,0.8809999823570251,0.14100000262260437
YNL257C,YOL089C,0,0.34577167,0.3843804597854614,0.8809999823570251,0.14110000431537628
YMR092C,YER094C,0,0.34570894,0.38421282172203064,0.8809999823570251,0.1412000060081482
YKL220C,YIL097W,0,0.34565955,0.3840453326702118,0.8809999823570251,0.1412999927997589
YFL016C,YML118W,0,0.34565398,0.3838779926300049,0.8809999823570251,0.14139999449253082
YNL209W,YHR121W,0,0.34541938,0.3837108016014099,0.8809999823570251,0.14149999618530273
YML114C,YLR071C,0,0.34477377,0.3835437595844269,0.8809999823570251,0.14159999787807465
YDL159W,YOR178C,0,0.34474415,0.3833768367767334,0.8809999823570251,0.14169999957084656
YDR142C,YLR408C,0,0.34472838,0.38321009278297424,0.8809999823570251,0.14180000126361847
YLR075W,YPR143W,1,0.3447001,0.3834782540798187,0.8820000290870667,0.14180000126361847
YNL087W,YPR056W,0,0.34467766,0.38331159949302673,0.8820000290870667,0.14190000295639038
YMR214W,YGR048W,0,0.34456426,0.3831450939178467,0.8820000290870667,0.1420000046491623
YGR023W,YOR005C,0,0.3443769,0.38297873735427856,0.8820000290870667,0.1421000063419342
YOL049W,YPL181W,0,0.34411648,0.3828125,0.8820000290870667,0.14219999313354492
YLR274W,YHR083W,0,0.344026,0.3826464116573334,0.8820000290870667,0.14229999482631683
YMR092C,YBR167C,0,0.34345543,0.3824804723262787,0.8820000290870667,0.14239999651908875
YKR010C,YCR023C,0,0.3432313,0.38231468200683594,0.8820000290870667,0.14249999821186066
YJL074C,YDR382W,0,0.34299716,0.3821490406990051,0.8820000290870667,0.14259999990463257
YCR048W,YDL058W,0,0.34292242,0.38198354840278625,0.8820000290870667,0.14270000159740448
YMR251W-A,YPL158C,0,0.34285736,0.38181817531585693,0.8820000290870667,0.1428000032901764
YFL018C,YNL275W,0,0.3427668,0.38165295124053955,0.8820000290870667,0.1429000049829483
YMR293C,YMR197C,0,0.34268853,0.3814878761768341,0.8820000290870667,0.14300000667572021
YKR080W,YPR140W,0,0.3426025,0.3813229501247406,0.8820000290870667,0.14309999346733093
YLR376C,YFL024C,0,0.3424899,0.38115817308425903,0.8820000290870667,0.14319999516010284
YER146W,YJR137C,0,0.34235317,0.380993515253067,0.8820000290870667,0.14329999685287476
YDL193W,YDR051C,0,0.34226617,0.38082900643348694,0.8820000290870667,0.14339999854564667
YDR338C,YKR003W,0,0.34218162,0.3806646466255188,0.8820000290870667,0.14350000023841858
YHR019C,YML014W,0,0.34203672,0.3805004358291626,0.8820000290870667,0.1436000019311905
YDR058C,YKR087C,0,0.34200612,0.38033634424209595,0.8820000290870667,0.1437000036239624
YHR001W,YJL020C,0,0.34193274,0.38017240166664124,0.8820000290870667,0.14380000531673431
YIL041W,YMR170C,0,0.34190586,0.38000860810279846,0.8820000290870667,0.14390000700950623
YIL082W-A,YMR060C,0,0.34175745,0.3798449635505676,0.8820000290870667,0.14399999380111694
YBR234C,YNR049C,0,0.34173766,0.37968143820762634,0.8820000290870667,0.14409999549388885
YJL050W,YCR024C-A,0,0.3416625,0.379518061876297,0.8820000290870667,0.14419999718666077
YLL015W,YER166W,0,0.3414188,0.3793548345565796,0.8820000290870667,0.14429999887943268
YDR519W,YKL055C,0,0.34138706,0.3791917562484741,0.8820000290870667,0.1444000005722046
YOR128C,YEL055C,0,0.34135717,0.3790287971496582,0.8820000290870667,0.1445000022649765
YBR258C,YDR155C,0,0.34104657,0.3788659870624542,0.8820000290870667,0.1446000039577484
YOR128C,YHR007C,0,0.34099272,0.3787032961845398,0.8820000290870667,0.14470000565052032
YMR266W,YMR154C,0,0.34075013,0.3785407841205597,0.8820000290870667,0.14480000734329224
YKL213C,YCR102C,0,0.34073785,0.37837839126586914,0.8820000290870667,0.14489999413490295
YNL229C,YER094C,0,0.34070513,0.37821611762046814,0.8820000290870667,0.14499999582767487
YOL119C,YER169W,0,0.3406525,0.3780539929866791,0.8820000290870667,0.14509999752044678
YNL069C,YKR024C,0,0.3406414,0.37789201736450195,0.8820000290870667,0.1451999992132187
YDL031W,YLR340W,1,0.3401725,0.37815845012664795,0.8830000162124634,0.1451999992132187
YBR136W,YOR205C,0,0.34011653,0.377996563911438,0.8830000162124634,0.1453000009059906
YCL011C,YNL030W,0,0.34010777,0.37783482670783997,0.8830000162124634,0.1454000025987625
YOL091W,YOR284W,0,0.34006527,0.3776732385158539,0.8830000162124634,0.14550000429153442
YMR079W,YCR048W,0,0.33997265,0.37751176953315735,0.8830000162124634,0.14560000598430634
YNL002C,YLR022C,1,0.33990243,0.3777777850627899,0.8840000033378601,0.14560000598430634
YBR133C,YNR046W,0,0.33967733,0.37761640548706055,0.8840000033378601,0.14569999277591705
YPR121W,YIL044C,0,0.33966815,0.3774551749229431,0.8840000033378601,0.14579999446868896
YPL055C,YLR408C,0,0.3395327,0.37729406356811523,0.8840000033378601,0.14589999616146088
YDL042C,YGL234W,0,0.33937636,0.3771331012248993,0.8840000033378601,0.1459999978542328
YGL250W,YDR484W,0,0.3392511,0.3769722878932953,0.8840000033378601,0.1460999995470047
YAR008W,YDL066W,0,0.338985,0.37681159377098083,0.8840000033378601,0.1462000012397766
YHR079C-A,YCR097W,0,0.33894762,0.3766510486602783,0.8840000033378601,0.14630000293254852
YLR166C,YCR066W,0,0.3388567,0.37649062275886536,0.8840000033378601,0.14640000462532043
YGL181W,YDR316W,0,0.33876204,0.37633034586906433,0.8840000033378601,0.14650000631809235
YBR216C,YDR506C,0,0.33874673,0.37617021799087524,0.8840000033378601,0.14659999310970306
YBL019W,YPR112C,0,0.33861324,0.3760102093219757,0.8840000033378601,0.14669999480247498
YNL163C,YPR016C,1,0.3385845,0.37627550959587097,0.8849999904632568,0.14669999480247498
YKR098C,YFL016C,0,0.33851355,0.3761155903339386,0.8849999904632568,0.1467999964952469
YGR186W,YKR046C,0,0.3384672,0.37595582008361816,0.8849999904632568,0.1468999981880188
YBR216C,YIL082W-A,0,0.33831945,0.3757961690425873,0.8849999904632568,0.1469999998807907
YKR067W,YBR077C,0,0.33825186,0.37563666701316833,0.8849999904632568,0.14710000157356262
YKL025C,YMR231W,0,0.3382055,0.37547731399536133,0.8849999904632568,0.14720000326633453
YGL100W,YPR094W,0,0.33815464,0.37531808018684387,0.8849999904632568,0.14730000495910645
YDR294C,YGR231C,0,0.33812654,0.37515896558761597,0.8849999904632568,0.14740000665187836
YML064C,YGL054C,0,0.33796686,0.375,0.8849999904632568,0.14749999344348907
YER054C,YPL072W,0,0.3378243,0.37484118342399597,0.8849999904632568,0.147599995136261
YLR064W,YKL012W,0,0.337444,0.3746824860572815,0.8849999904632568,0.1476999968290329
YGR240C,YDL213C,0,0.3374385,0.37452390789985657,0.8849999904632568,0.1477999985218048
YIR028W,YJL160C,0,0.33739495,0.3743654787540436,0.8849999904632568,0.14790000021457672
YKL125W,YKL209C,0,0.337391,0.37420719861984253,0.8849999904632568,0.14800000190734863
YCL010C,YDL104C,0,0.33738923,0.37404903769493103,0.8849999904632568,0.14810000360012054
YDR506C,YDR162C,0,0.3372645,0.3738909959793091,0.8849999904632568,0.14820000529289246
YBL099W,YGR249W,0,0.33725545,0.3737331032752991,0.8849999904632568,0.14830000698566437
YGL001C,YMR024W,0,0.33724394,0.373575359582901,0.8849999904632568,0.14839999377727509
YGL124C,YOR100C,0,0.33668724,0.3734177350997925,0.8849999904632568,0.148499995470047
YMR011W,YDR156W,0,0.33651206,0.3732602298259735,0.8849999904632568,0.1485999971628189
YIL162W,YNL229C,0,0.33650032,0.3731028735637665,0.8849999904632568,0.14869999885559082
YLR071C,YER001W,0,0.33648124,0.372945636510849,0.8849999904632568,0.14880000054836273
YCR024C-A,YGR166W,0,0.3364801,0.37278854846954346,0.8849999904632568,0.14890000224113464
YOR005C,YNL097C,0,0.33645836,0.37263157963752747,0.8849999904632568,0.14900000393390656
YEL026W,YDR206W,0,0.3362363,0.3724747598171234,0.8849999904632568,0.14910000562667847
YEL026W,YLL052C,0,0.33614942,0.3723180592060089,0.8849999904632568,0.14920000731945038
YER042W,YMR305C,0,0.3361464,0.37216147780418396,0.8849999904632568,0.1492999941110611
YLR274W,YBR008C,0,0.33606973,0.37200504541397095,0.8849999904632568,0.149399995803833
YPL246C,YCR067C,0,0.33580968,0.3718487322330475,0.8849999904632568,0.14949999749660492
YDR142C,YPR140W,0,0.3355297,0.37169256806373596,0.8849999904632568,0.14959999918937683
YJL042W,YHR032W,0,0.33535233,0.371536523103714,0.8849999904632568,0.14970000088214874
YKR013W,YDR352W,0,0.3343128,0.37138062715530396,0.8849999904632568,0.14980000257492065
YPR183W,YOR077W,0,0.33429387,0.3712248206138611,0.8849999904632568,0.14990000426769257
YEL011W,YOR130C,0,0.33404776,0.37106919288635254,0.8849999904632568,0.15000000596046448
YKL113C,YEL055C,0,0.3338847,0.37091365456581116,0.8849999904632568,0.1500999927520752
YKL125W,YPR107C,0,0.33371416,0.3707582652568817,0.8849999904632568,0.1501999944448471
YOR178C,YBR161W,0,0.33354852,0.3706030249595642,0.8849999904632568,0.15029999613761902
YNL224C,YNL134C,0,0.33350673,0.37044787406921387,0.8849999904632568,0.15039999783039093
YNR023W,YER166W,0,0.33346513,0.37029287219047546,0.8849999904632568,0.15049999952316284
YKL127W,YOR344C,0,0.33336988,0.370138019323349,0.8849999904632568,0.15060000121593475
YDR147W,YDR206W,0,0.33331957,0.3699832856655121,0.8849999904632568,0.15070000290870667
YLR057W,YLR210W,0,0.3333082,0.3698286712169647,0.8849999904632568,0.15080000460147858
YPL227C,YDL155W,0,0.33330682,0.3696741759777069,0.8849999904632568,0.1509000062942505
YJL010C,YDR450W,0,0.33310226,0.36951982975006104,0.8849999904632568,0.1509999930858612
YJR152W,YFL018C,0,0.33251795,0.3693656027317047,0.8849999904632568,0.15109999477863312
YLR262C,YDR255C,0,0.33250877,0.3692115247249603,0.8849999904632568,0.15119999647140503
YGL023C,YOR328W,0,0.33199403,0.3690575361251831,0.8849999904632568,0.15129999816417694
YDR143C,YJL122W,0,0.3312867,0.3689036965370178,0.8849999904632568,0.15139999985694885
YPL009C,YBR199W,0,0.33128482,0.3687500059604645,0.8849999904632568,0.15150000154972076
YGL255W,YGR087C,0,0.331204,0.3685964047908783,0.8849999904632568,0.15160000324249268
YCL033C,YER054C,0,0.33118972,0.36844295263290405,0.8849999904632568,0.1517000049352646
YPR183W,YNL256W,0,0.33107394,0.36828964948654175,0.8849999904632568,0.1518000066280365
YBR083W,YOR141C,0,0.33101735,0.3681364357471466,0.8849999904632568,0.15189999341964722
YDL193W,YBR161W,0,0.3306395,0.3679833710193634,0.8849999904632568,0.15199999511241913
YKL160W,YLR449W,0,0.33061275,0.36783042550086975,0.8849999904632568,0.15209999680519104
YPL170W,YLR453C,0,0.33048382,0.36767759919166565,0.8849999904632568,0.15219999849796295
YDL005C,YLR355C,0,0.33036104,0.3675249218940735,0.8849999904632568,0.15230000019073486
YHR183W,YML001W,0,0.3303601,0.3673723638057709,0.8849999904632568,0.15240000188350677
YOR130C,YIR010W,0,0.33033615,0.3672199249267578,0.8849999904632568,0.1525000035762787
YDL066W,YDL191W,0,0.3303196,0.3670676052570343,0.8849999904632568,0.1526000052690506
YPL053C,YJR086W,0,0.33030918,0.36691543459892273,0.8849999904632568,0.1527000069618225
YBR088C,YLR022C,0,0.33025753,0.3667633533477783,0.8849999904632568,0.15279999375343323
YGR166W,YPL008W,0,0.33025053,0.36661142110824585,0.8849999904632568,0.15289999544620514
YNL126W,YML114C,0,0.33019847,0.3664596378803253,0.8849999904632568,0.15299999713897705
YNL229C,YGL008C,0,0.3301083,0.36630794405937195,0.8849999904632568,0.15309999883174896
YOL016C,YNL005C,0,0.33004057,0.3661563992500305,0.8849999904632568,0.15320000052452087
YMR277W,YOR153W,0,0.3300403,0.36600497364997864,0.8849999904632568,0.15330000221729279
YOR354C,YDL178W,0,0.32980064,0.3658536672592163,0.8849999904632568,0.1534000039100647
YHR152W,YGL179C,0,0.3295886,0.36570248007774353,0.8849999904632568,0.1535000056028366
YJR093C,YPR079W,0,0.32947555,0.3655514121055603,0.8849999904632568,0.15360000729560852
YER026C,YGR280C,0,0.3292996,0.365400493144989,0.8849999904632568,0.15369999408721924
YFR051C,YHR042W,0,0.32899943,0.3652496933937073,0.8849999904632568,0.15379999577999115
YKL112W,YFL018C,0,0.32894045,0.3650990128517151,0.8849999904632568,0.15389999747276306
YBR203W,YGR132C,0,0.32893,0.36494845151901245,0.8849999904632568,0.15399999916553497
YPL283C,YPR052C,0,0.32869646,0.36479800939559937,0.8849999904632568,0.15410000085830688
YHR007C,YDL155W,0,0.32848182,0.3646477162837982,0.8849999904632568,0.1542000025510788
YLR332W,YER169W,0,0.3282278,0.3644975423812866,0.8849999904632568,0.1543000042438507
YLR275W,YDL066W,0,0.32811633,0.3643474578857422,0.8849999904632568,0.15440000593662262
YER146W,YIL103W,0,0.3277879,0.3641975224018097,0.8849999904632568,0.15449999272823334
YBR171W,YBR244W,0,0.32776955,0.36404770612716675,0.8849999904632568,0.15459999442100525
YMR189W,YKL216W,0,0.3276766,0.36389803886413574,0.8849999904632568,0.15469999611377716
YJL115W,YLR341W,0,0.32757482,0.3637484610080719,0.8849999904632568,0.15479999780654907
YLR369W,YDR221W,0,0.3275651,0.3635990023612976,0.8849999904632568,0.15489999949932098
YOR128C,YHR203C,0,0.32726225,0.36344969272613525,0.8849999904632568,0.1550000011920929
YGL017W,YMR197C,0,0.32717863,0.36330050230026245,0.8849999904632568,0.1551000028848648
YNL300W,YKL160W,0,0.32684824,0.3631514012813568,0.8849999904632568,0.15520000457763672
YHR124W,YGL032C,0,0.32681122,0.3630024492740631,0.8849999904632568,0.15530000627040863
YEL063C,YFR055W,0,0.32662457,0.36285361647605896,0.8849999904632568,0.15539999306201935
YLR376C,YGR128C,0,0.32657155,0.36270493268966675,0.8849999904632568,0.15549999475479126
YML093W,YPR052C,0,0.3265493,0.3625563383102417,0.8849999904632568,0.15559999644756317
YHR134W,YNL256W,0,0.32649463,0.3624078631401062,0.8849999904632568,0.15569999814033508
YNL252C,YLR089C,0,0.32632533,0.36225950717926025,0.8849999904632568,0.155799999833107
YJL154C,YLL015W,0,0.32631588,0.36211130023002625,0.8849999904632568,0.1559000015258789
YMR068W,YPL118W,0,0.32627025,0.3619631826877594,0.8849999904632568,0.15600000321865082
YMR011W,YPL266W,0,0.3262699,0.3618152141571045,0.8849999904632568,0.15610000491142273
YHR085W,YLR340W,1,0.3260866,0.3620760142803192,0.8859999775886536,0.15610000491142273
YGL208W,YHR001W,0,0.32574472,0.3619281053543091,0.8859999775886536,0.15620000660419464
YFL016C,YGL201C,0,0.32569996,0.3617803156375885,0.8859999775886536,0.15629999339580536
YJL050W,YPL192C,0,0.32559195,0.36163264513015747,0.8859999775886536,0.15639999508857727
YIL041W,YHR072W,0,0.32546398,0.361485093832016,0.8859999775886536,0.15649999678134918
YGL246C,YPL093W,1,0.32527092,0.3617455065250397,0.8870000243186951,0.15649999678134918
YNL257C,YER166W,0,0.3252686,0.36159804463386536,0.8870000243186951,0.1565999984741211
YIL040W,YDR163W,0,0.32474676,0.3614507019519806,0.8870000243186951,0.156700000166893
YOR202W,YPL255W,0,0.32419574,0.361303448677063,0.8870000243186951,0.15680000185966492
YKL137W,YIL122W,0,0.32403302,0.3611563444137573,0.8870000243186951,0.15690000355243683
YLL023C,YNL326C,0,0.32402456,0.3610093593597412,0.8870000243186951,0.15700000524520874
YLR034C,YML118W,0,0.32381058,0.36086249351501465,0.8870000243186951,0.15710000693798065
YDR142C,YHR016C,0,0.32363066,0.36071574687957764,0.8870000243186951,0.15719999372959137
YJR095W,YLR362W,0,0.32347217,0.3605691194534302,0.8870000243186951,0.15729999542236328
YIL162W,YPL029W,0,0.32325003,0.3604225814342499,0.8870000243186951,0.1573999971151352
YLR075W,YLR106C,1,0.3230801,0.3606823682785034,0.8880000114440918,0.1573999971151352
YJL145W,YGL032C,0,0.32303867,0.3605359196662903,0.8880000114440918,0.1574999988079071
YNL071W,YCL038C,0,0.32299578,0.3603896200656891,0.8880000114440918,0.15760000050067902
YLR128W,YGL011C,0,0.32286793,0.36024340987205505,0.8880000114440918,0.15770000219345093
YHR063C,YHR001W,0,0.32280478,0.36009731888771057,0.8880000114440918,0.15780000388622284
YDR017C,YML072C,0,0.32272145,0.35995134711265564,0.8880000114440918,0.15790000557899475
YDR221W,YGL153W,0,0.32199693,0.35980552434921265,0.8880000114440918,0.15800000727176666
YGR087C,YJR019C,0,0.32177842,0.3596597909927368,0.8880000114440918,0.15809999406337738
YBL105C,YER058W,0,0.32154766,0.35951417684555054,0.8880000114440918,0.1581999957561493
YPL009C,YPL032C,0,0.32127872,0.3593686819076538,0.8880000114440918,0.1582999974489212
YOL146W,YHR072W,0,0.3209821,0.35922330617904663,0.8880000114440918,0.15839999914169312
YPR061C,YER021W,0,0.32078376,0.359078049659729,0.8880000114440918,0.15850000083446503
YBR127C,YAR014C,0,0.3207665,0.3589329123497009,0.8880000114440918,0.15860000252723694
YKL091C,YNL037C,0,0.32073346,0.35878786444664,0.8880000114440918,0.15870000422000885
YKL146W,YLR453C,0,0.32065967,0.35864296555519104,0.8880000114440918,0.15880000591278076
YGR023W,YMR029C,0,0.32065687,0.3584981858730316,0.8880000114440918,0.15889999270439148
YGL124C,YMR167W,0,0.32054523,0.35835352540016174,0.8880000114440918,0.1589999943971634
YOL013C,YGR068C,0,0.32015067,0.35820895433425903,0.8880000114440918,0.1590999960899353
YGL002W,YFL024C,0,0.320119,0.3580645024776459,0.8880000114440918,0.15919999778270721
YDR153C,YDR264C,0,0.31983367,0.35792019963264465,0.8880000114440918,0.15929999947547913
YOR149C,YGR023W,0,0.31974283,0.3577759861946106,0.8880000114440918,0.15940000116825104
YDR346C,YER073W,0,0.31964582,0.3576318919658661,0.8880000114440918,0.15950000286102295
YOL130W,YGL245W,0,0.31940737,0.35748791694641113,0.8880000114440918,0.15960000455379486
YPL030W,YDL191W,0,0.3192027,0.3573440611362457,0.8880000114440918,0.15970000624656677
YJL116C,YKL188C,0,0.3190919,0.3572003245353699,0.8880000114440918,0.1597999930381775
YMR135C,YOL013C,0,0.31907457,0.35705670714378357,0.8880000114440918,0.1598999947309494
YHR152W,YKL167C,0,0.3189859,0.35691317915916443,0.8880000114440918,0.1599999964237213
YMR189W,YBR236C,0,0.3189812,0.3567698001861572,0.8880000114440918,0.16009999811649323
YHR112C,YGL130W,0,0.31887528,0.3566265106201172,0.8880000114440918,0.16019999980926514
YER157W,YPL069C,0,0.31878194,0.3564833402633667,0.8880000114440918,0.16030000150203705
YCR072C,YLR340W,1,0.31868502,0.3567415773868561,0.8889999985694885,0.16030000150203705
YBR133C,YIL129C,0,0.31845477,0.35659846663475037,0.8889999985694885,0.16040000319480896
YOR010C,YOR153W,0,0.31840336,0.3564555048942566,0.8889999985694885,0.16050000488758087
YJL139C,YMR113W,0,0.31812704,0.35631263256073,0.8889999985694885,0.16060000658035278
YDR210W,YJR129C,0,0.31810394,0.3561698794364929,0.8889999985694885,0.1606999933719635
YOR361C,YKL184W,0,0.31806526,0.3560272455215454,0.8889999985694885,0.1607999950647354
YDR186C,YLL015W,0,0.3180516,0.35588470101356506,0.8889999985694885,0.16089999675750732
YBL040C,YOR115C,0,0.3180421,0.35574230551719666,0.8889999985694885,0.16099999845027924
YPL053C,YPL032C,0,0.31795308,0.3555999994277954,0.8889999985694885,0.16110000014305115
YGR087C,YDR540C,0,0.31786177,0.3554578125476837,0.8889999985694885,0.16120000183582306
YDR123C,YJL118W,0,0.31776252,0.3553157448768616,0.8889999985694885,0.16130000352859497
YOL146W,YNL047C,0,0.317589,0.355173796415329,0.8889999985694885,0.16140000522136688
YGR125W,YER058W,0,0.31749323,0.35503193736076355,0.8889999985694885,0.1615000069141388
YPR104C,YOR231W,0,0.31740132,0.35489022731781006,0.8889999985694885,0.1615999937057495
YJL063C,YAL001C,0,0.3173245,0.35474860668182373,0.8889999985694885,0.16169999539852142
YBR039W,YJR014W,0,0.31731772,0.35460710525512695,0.8889999985694885,0.16179999709129333
YKL146W,YBR204C,0,0.31721893,0.3544657230377197,0.8889999985694885,0.16189999878406525
YMR189W,YKR001C,0,0.31714422,0.35432443022727966,0.8889999985694885,0.16200000047683716
YGL246C,YNL163C,1,0.3171437,0.35458168387413025,0.8899999856948853,0.16200000047683716
YGR195W,YHR183W,0,0.31659588,0.35444045066833496,0.8899999856948853,0.16210000216960907
YLR069C,YJL020C,0,0.31655002,0.3542993664741516,0.8899999856948853,0.16220000386238098
YLR075W,YHR066W,1,0.31654805,0.3545563220977783,0.890999972820282,0.16220000386238098
YNL177C,YNL265C,0,0.31653753,0.35441526770591736,0.890999972820282,0.1623000055551529
YGR186W,YDR331W,0,0.3164722,0.35427436232566833,0.890999972820282,0.1624000072479248
YBL006C,YKR025W,0,0.3163469,0.3541335463523865,0.890999972820282,0.16249999403953552
YCL040W,YPL228W,0,0.31629053,0.35399284958839417,0.890999972820282,0.16259999573230743
YKL092C,YKR065C,0,0.31626952,0.3538522720336914,0.890999972820282,0.16269999742507935
YDL181W,YCR083W,0,0.31625065,0.3537117838859558,0.890999972820282,0.16279999911785126
YGR109C,YMR121C,0,0.31611264,0.35357141494750977,0.890999972820282,0.16290000081062317
YHL009C,YGL179C,0,0.31609708,0.35343116521835327,0.890999972820282,0.16300000250339508
YOR354C,YOR336W,0,0.3158049,0.35329103469848633,0.890999972820282,0.163100004196167
YGR157W,YFL016C,0,0.3157145,0.35315102338790894,0.890999972820282,0.1632000058889389
YLR332W,YOR141C,0,0.31561524,0.3530111014842987,0.890999972820282,0.16329999268054962
YAL005C,YGR140W,0,0.31560346,0.352871298789978,0.890999972820282,0.16339999437332153
YGR271C-A,YGL055W,0,0.3155726,0.3527315855026245,0.890999972820282,0.16349999606609344
YPL275W,YOR205C,0,0.31545407,0.35259202122688293,0.890999972820282,0.16359999775886536
YLR128W,YBR253W,0,0.31535664,0.3524525463581085,0.890999972820282,0.16369999945163727
YGL038C,YNL197C,0,0.31496802,0.35231316089630127,0.890999972820282,0.16380000114440918
YLR138W,YBR152W,0,0.31494686,0.35217392444610596,0.890999972820282,0.1639000028371811
YLR297W,YJR161C,0,0.31486607,0.3520347774028778,0.890999972820282,0.164000004529953
YDL226C,YLR272C,0,0.31482777,0.3518957197666168,0.890999972820282,0.16410000622272491
YPR075C,YFL018C,0,0.31482142,0.3517568111419678,0.890999972820282,0.16419999301433563
YPL015C,YGR206W,0,0.314772,0.3516179919242859,0.890999972820282,0.16429999470710754
YOL068C,YIL017C,0,0.31470084,0.35147929191589355,0.890999972820282,0.16439999639987946
YHR042W,YGR098C,0,0.314013,0.3513406813144684,0.890999972820282,0.16449999809265137
YPR075C,YNL315C,0,0.31390256,0.35120221972465515,0.890999972820282,0.16459999978542328
YBR133C,YBR229C,0,0.31389028,0.3510638177394867,0.890999972820282,0.1647000014781952
YLR128W,YHR016C,0,0.3138077,0.3509255647659302,0.890999972820282,0.1648000031709671
YIL023C,YBL099W,0,0.31370533,0.3507874011993408,0.890999972820282,0.164900004863739
YOL001W,YDR001C,0,0.31367752,0.350649356842041,0.890999972820282,0.16500000655651093
YLR144C,YPR094W,0,0.31359872,0.3505114018917084,0.890999972820282,0.16509999334812164
YLR178C,YKL012W,0,0.31342396,0.3503735661506653,0.890999972820282,0.16519999504089355
YOL016C,YPR065W,0,0.3132384,0.35023584961891174,0.890999972820282,0.16529999673366547
YBL006C,YNL229C,0,0.31322846,0.35009822249412537,0.890999972820282,0.16539999842643738
YNL315C,YDL194W,0,0.31219536,0.34996071457862854,0.890999972820282,0.1655000001192093
YHR003C,YDL042C,0,0.31217834,0.34982332587242126,0.890999972820282,0.1656000018119812
YDR210W,YIR010W,0,0.31193978,0.34968602657318115,0.890999972820282,0.1657000035047531
YKL125W,YLR084C,0,0.31181422,0.3495488464832306,0.890999972820282,0.16580000519752502
YNL299W,YPL029W,0,0.31179833,0.3494117558002472,0.890999972820282,0.16590000689029694
YDL168W,YJL002C,0,0.31136388,0.34927478432655334,0.890999972820282,0.16599999368190765
YIL023C,YKL012W,0,0.3112794,0.34913793206214905,0.890999972820282,0.16609999537467957
YGL208W,YFL031W,0,0.31117675,0.3490011692047119,0.890999972820282,0.16619999706745148
YJL051W,YLR355C,0,0.3109423,0.34886452555656433,0.890999972820282,0.1662999987602234
YHR112C,YNL053W,0,0.31080395,0.3487279713153839,0.890999972820282,0.1664000004529953
YHL007C,YOR360C,0,0.31078258,0.34859153628349304,0.890999972820282,0.1665000021457672
YOR118W,YNL220W,0,0.31041148,0.3484552204608917,0.890999972820282,0.16660000383853912
YIL085C,YPL242C,0,0.310344,0.34831899404525757,0.890999972820282,0.16670000553131104
YOR231W,YOR141C,0,0.31030828,0.34818288683891296,0.890999972820282,0.16680000722408295
YCR073C,YDR037W,0,0.3101293,0.3480468690395355,0.890999972820282,0.16689999401569366
YOR196C,YDR051C,0,0.3100256,0.34791097044944763,0.890999972820282,0.16699999570846558
YHL001W,YLR136C,0,0.30992606,0.3477751612663269,0.890999972820282,0.1670999974012375
YLL036C,YBR154C,0,0.309675,0.3476394712924957,0.890999972820282,0.1671999990940094
YMR216C,YPR140W,0,0.3096269,0.3475039005279541,0.890999972820282,0.1673000007867813
YOL119C,YJL184W,0,0.30955067,0.34736841917037964,0.890999972820282,0.16740000247955322
YIL110W,YNL279W,0,0.309497,0.3472330570220947,0.890999972820282,0.16750000417232513
YIL082W-A,YER021W,0,0.30934435,0.347097784280777,0.890999972820282,0.16760000586509705
YOR141C,YCR048W,0,0.30920503,0.3469626307487488,0.890999972820282,0.16769999265670776
YMR263W,YNL299W,0,0.3090528,0.34682756662368774,0.890999972820282,0.16779999434947968
YDL092W,YPR056W,0,0.30880308,0.34669262170791626,0.890999972820282,0.1678999960422516
YDR324C,YBR288C,0,0.30858558,0.34655776619911194,0.890999972820282,0.1679999977350235
YOR229W,YBL067C,0,0.3083826,0.34642302989959717,0.890999972820282,0.1680999994277954
YNL021W,YOL130W,0,0.3082625,0.34628838300704956,0.890999972820282,0.16820000112056732
YIR034C,YIL157C,0,0.3081455,0.3461538553237915,0.890999972820282,0.16830000281333923
YIR021W,YNL329C,0,0.30798876,0.3460194170475006,0.890999972820282,0.16840000450611115
YMR283C,YPR025C,0,0.30798587,0.34588509798049927,0.890999972820282,0.16850000619888306
YPL217C,YCR028C-A,0,0.30787438,0.3457508683204651,0.890999972820282,0.16859999299049377
YOL128C,YEL055C,0,0.3078652,0.34561675786972046,0.890999972820282,0.16869999468326569
YKL046C,YCL010C,0,0.30778396,0.345482736825943,0.890999972820282,0.1687999963760376
YHR188C,YFL031W,0,0.3077058,0.3453488349914551,0.890999972820282,0.1688999980688095
YCR066W,YOR007C,0,0.30767837,0.3452150225639343,0.890999972820282,0.16899999976158142
YIR034C,YHR123W,0,0.3074933,0.3450813293457031,0.890999972820282,0.16910000145435333
YCR067C,YNL326C,0,0.30741915,0.3449477255344391,0.890999972820282,0.16920000314712524
YML008C,YAL042W,0,0.30736777,0.3448142409324646,0.890999972820282,0.16930000483989716
YOL049W,YDL066W,0,0.30732143,0.3446808457374573,0.890999972820282,0.16940000653266907
YER048C,YGR013W,0,0.30729237,0.3445475697517395,0.890999972820282,0.16949999332427979
YDL181W,YLR174W,0,0.30708122,0.3444143831729889,0.890999972820282,0.1695999950170517
YGL131C,YJL137C,0,0.30704445,0.34428128600120544,0.890999972820282,0.1696999967098236
YDR221W,YKL012W,0,0.30698365,0.34414830803871155,0.890999972820282,0.16979999840259552
YCR069W,YBR008C,0,0.30688778,0.3440154492855072,0.890999972820282,0.16990000009536743
YLR069C,YGR209C,0,0.30679643,0.34388267993927,0.890999972820282,0.17000000178813934
YGR277C,YOR130C,0,0.30671158,0.34375,0.890999972820282,0.17010000348091125
YOR149C,YKR080W,0,0.3066938,0.34361743927001953,0.890999972820282,0.17020000517368317
YJL042W,YLR136C,0,0.3066481,0.3434849679470062,0.890999972820282,0.17030000686645508
YEL071W,YDL201W,0,0.3065681,0.34335261583328247,0.890999972820282,0.1703999936580658
YMR106C,YOL044W,0,0.3064759,0.3432203531265259,0.890999972820282,0.1704999953508377
YGR148C,YLR320W,0,0.30638346,0.34308817982673645,0.890999972820282,0.17059999704360962
YMR189W,YJL092W,0,0.30625567,0.3429561257362366,0.890999972820282,0.17069999873638153
YOL016C,YMR244C-A,0,0.30619967,0.34282416105270386,0.890999972820282,0.17080000042915344
YLR106C,YFL002C,1,0.30603346,0.3430769145488739,0.8920000195503235,0.17080000042915344
YMR154C,YML075C,0,0.30601117,0.34294500946998596,0.8920000195503235,0.17090000212192535
YML010W,YMR083W,0,0.30588302,0.3428132236003876,0.8920000195503235,0.17100000381469727
YDR180W,YKR086W,0,0.30563304,0.34268152713775635,0.8920000195503235,0.17110000550746918
YKR018C,YKR001C,0,0.305561,0.3425499200820923,0.8920000195503235,0.1712000072002411
YDR452W,YOL027C,0,0.30542478,0.3424184322357178,0.8920000195503235,0.1712999939918518
YAL005C,YJL093C,0,0.3053607,0.3422870337963104,0.8920000195503235,0.17139999568462372
YLR034C,YJR099W,0,0.30486587,0.34215572476387024,0.8920000195503235,0.17149999737739563
YLR406C,YNL272C,0,0.30485198,0.3420245349407196,0.8920000195503235,0.17159999907016754
YKL163W,YOR298C-A,0,0.3046485,0.34189343452453613,0.8920000195503235,0.17170000076293945
YOR354C,YJL099W,0,0.30427247,0.3417624533176422,0.8920000195503235,0.17180000245571136
YBL040C,YAL001C,0,0.30421445,0.34163156151771545,0.8920000195503235,0.17190000414848328
YAL042W,YLR229C,0,0.30412596,0.34150075912475586,0.8920000195503235,0.1720000058412552
YMR266W,YML019W,0,0.30388734,0.3413700759410858,0.8920000195503235,0.1720999926328659
YDR119W,YLL010C,0,0.3038273,0.34123948216438293,0.8920000195503235,0.17219999432563782
YPL227C,YDR147W,0,0.30378583,0.3411089777946472,0.8920000195503235,0.17229999601840973
YBL102W,YPR025C,0,0.3037349,0.34097859263420105,0.8920000195503235,0.17239999771118164
YFL055W,YGL130W,0,0.30373022,0.34084829688072205,0.8920000195503235,0.17249999940395355
YNL071W,YGR041W,0,0.3034266,0.3407180905342102,0.8920000195503235,0.17260000109672546
YBR102C,YOL021C,0,0.30341086,0.3405880033969879,0.8920000195503235,0.17270000278949738
YLR077W,YIL162W,0,0.30337355,0.3404580056667328,0.8920000195503235,0.1728000044822693
YHR050W,YOR375C,0,0.30292132,0.3403281271457672,0.8920000195503235,0.1729000061750412
YCR017C,YOR312C,0,0.30291733,0.3401983082294464,0.8920000195503235,0.17299999296665192
YHR115C,YBR139W,0,0.3029134,0.34006863832473755,0.8920000195503235,0.17309999465942383
YEL034W,YKR045C,0,0.3028873,0.33993902802467346,0.8920000195503235,0.17319999635219574
YGL012W,YLL010C,0,0.30282813,0.3398095369338989,0.8920000195503235,0.17329999804496765
YDL201W,YGL179C,0,0.3027767,0.33968013525009155,0.8920000195503235,0.17339999973773956
YDR016C,YBL105C,0,0.30274504,0.33955082297325134,0.8920000195503235,0.17350000143051147
YKL071W,YGR132C,0,0.30273423,0.3394216001033783,0.8920000195503235,0.1736000031232834
YBR127C,YGR280C,0,0.30268732,0.3392924964427948,0.8920000195503235,0.1737000048160553
YPR201W,YNL265C,0,0.3025403,0.33916351199150085,0.8920000195503235,0.1738000065088272
YLR022C,YGL111W,1,0.3025083,0.33941468596458435,0.8930000066757202,0.1738000065088272
YDL226C,YGL013C,0,0.30239695,0.3392857015132904,0.8930000066757202,0.17389999330043793
YLR057W,YDL122W,0,0.30236995,0.3391568660736084,0.8930000066757202,0.17399999499320984
YNL152W,YDL191W,0,0.30230173,0.33902809023857117,0.8930000066757202,0.17409999668598175
YDR488C,YOR133W,0,0.30225688,0.3388994336128235,0.8930000066757202,0.17419999837875366
YDR113C,YPL275W,0,0.30213878,0.33877086639404297,0.8930000066757202,0.17430000007152557
YMR244C-A,YDR198C,0,0.30206713,0.3386423885822296,0.8930000066757202,0.17440000176429749
YDR214W,YNL003C,0,0.3020037,0.3385140299797058,0.8930000066757202,0.1745000034570694
YJR090C,YOR329C,0,0.30182096,0.33838576078414917,0.8930000066757202,0.1746000051498413
YMR044W,YGL175C,0,0.30167797,0.3382575809955597,0.8930000066757202,0.17470000684261322
YCR069W,YMR278W,0,0.30151734,0.3381294906139374,0.8930000066757202,0.17479999363422394
YDL193W,YGL121C,0,0.30140546,0.3380015194416046,0.8930000066757202,0.17489999532699585
YOL146W,YLR135W,0,0.30107477,0.337873637676239,0.8930000066757202,0.17499999701976776
YNL072W,YMR251W-A,0,0.30102092,0.3377458453178406,0.8930000066757202,0.17509999871253967
YKL046C,YCR043C,0,0.30096725,0.3376181423664093,0.8930000066757202,0.17520000040531158
YER039C,YMR052W,0,0.30086485,0.3374905586242676,0.8930000066757202,0.1753000020980835
YLR240W,YKR029C,0,0.3006165,0.337363064289093,0.8930000066757202,0.1754000037908554
YGR091W,YOR360C,0,0.3004144,0.3372356593608856,0.8930000066757202,0.17550000548362732
YNL071W,YER075C,0,0.3003408,0.3371083438396454,0.8930000066757202,0.17560000717639923
YGR090W,YDR354W,0,0.3001769,0.3369811177253723,0.8930000066757202,0.17569999396800995
YBR098W,YHR018C,0,0.29996464,0.3368540108203888,0.8930000066757202,0.17579999566078186
YOR231W,YBR204C,0,0.29978845,0.33672699332237244,0.8930000066757202,0.17589999735355377
YGR284C,YBR204C,0,0.29947487,0.33660006523132324,0.8930000066757202,0.17599999904632568
YML078W,YOR367W,0,0.29920113,0.3364732563495636,0.8930000066757202,0.1761000007390976
YML078W,YDL044C,0,0.29913625,0.33634650707244873,0.8930000066757202,0.1762000024318695
YPR082C,YNL152W,0,0.29908863,0.3362198770046234,0.8930000066757202,0.17630000412464142
YIR007W,YNL229C,0,0.29888976,0.33609333634376526,0.8930000066757202,0.17640000581741333
YDL150W,YJL076W,0,0.29878515,0.33596688508987427,0.8930000066757202,0.17649999260902405
YOR298C-A,YOL068C,0,0.2987273,0.3358405530452728,0.8930000066757202,0.17659999430179596
YPL283C,YAR014C,0,0.29864,0.33571428060531616,0.8930000066757202,0.17669999599456787
YPL066W,YMR231W,0,0.29861295,0.33558812737464905,0.8930000066757202,0.17679999768733978
YDR462W,YNL329C,0,0.2986119,0.3354620635509491,0.8930000066757202,0.1768999993801117
YKR001C,YJL036W,0,0.29824916,0.3353360891342163,0.8930000066757202,0.1770000010728836
YGR152C,YBR110W,0,0.29820973,0.3352102041244507,0.8930000066757202,0.17710000276565552
YDL194W,YPL072W,0,0.29810226,0.3350844383239746,0.8930000066757202,0.17720000445842743
YNL257C,YOR141C,0,0.29800895,0.3349587321281433,0.8930000066757202,0.17730000615119934
YKL163W,YKL222C,0,0.29768237,0.33483314514160156,0.8930000066757202,0.17739999294281006
YKL163W,YBR161W,0,0.2975538,0.334707647562027,0.8930000066757202,0.17749999463558197
YOR375C,YOR171C,0,0.29707202,0.33458223938941956,0.8930000066757202,0.17759999632835388
YML075C,YNL279W,0,0.2970209,0.3344569206237793,0.8930000066757202,0.1776999980211258
YDR113C,YOR307C,0,0.29700318,0.3343317210674286,0.8930000066757202,0.1777999997138977
YDR162C,YPR201W,0,0.29678324,0.33420658111572266,0.8930000066757202,0.17790000140666962
YNL177C,YOL113W,0,0.296754,0.3340815603733063,0.8930000066757202,0.17800000309944153
YDR221W,YLR399C,0,0.2965267,0.33395662903785706,0.8930000066757202,0.17810000479221344
YGL124C,YCR073C,0,0.2964461,0.333831787109375,0.8930000066757202,0.17820000648498535
YLR106C,YOL144W,1,0.29642835,0.3340807259082794,0.8939999938011169,0.17820000648498535
YBR070C,YIR008C,0,0.29639652,0.33395591378211975,0.8939999938011169,0.17829999327659607
YIR021W,YHR072W,0,0.2963418,0.33383122086524963,0.8939999938011169,0.17839999496936798
YML029W,YBR083W,0,0.296106,0.3337066173553467,0.8939999938011169,0.1784999966621399
YJR007W,YGR261C,0,0.29593188,0.3335821032524109,0.8939999938011169,0.1785999983549118
YMR189W,YPR004C,0,0.2958054,0.33345767855644226,0.8939999938011169,0.17870000004768372
YHR091C,YPR181C,0,0.29578438,0.3333333432674408,0.8939999938011169,0.17880000174045563
YOL049W,YJL154C,0,0.29552534,0.3332090973854065,0.8939999938011169,0.17890000343322754
YHR104W,YGR278W,0,0.2954847,0.33308494091033936,0.8939999938011169,0.17900000512599945
YPL009C,YDR480W,0,0.29543102,0.33296090364456177,0.8939999938011169,0.17910000681877136
YLR298C,YCR097W,0,0.29540944,0.33283692598342896,0.8939999938011169,0.17919999361038208
YJL159W,YJL014W,0,0.2953716,0.3327130675315857,0.8939999938011169,0.179299995303154
YBR103W,YPL232W,0,0.29532722,0.3325892984867096,0.8939999938011169,0.1793999969959259
YDR202C,YDL104C,0,0.29532266,0.33246558904647827,0.8939999938011169,0.17949999868869781
YOR368W,YIL031W,0,0.29526392,0.3323419988155365,0.8939999938011169,0.17960000038146973
YDL181W,YDR293C,0,0.29519954,0.3322184979915619,0.8939999938011169,0.17970000207424164
YOR284W,YPL228W,0,0.29504701,0.33209508657455444,0.8939999938011169,0.17980000376701355
YER069W,YMR068W,0,0.2949997,0.33197176456451416,0.8939999938011169,0.17990000545978546
YPL037C,YNL005C,0,0.29492423,0.3318485617637634,0.8939999938011169,0.18000000715255737
YML078W,YIL063C,0,0.29476884,0.33172541856765747,0.8939999938011169,0.1800999939441681
YJL042W,YGR183C,0,0.29473683,0.3316023647785187,0.8939999938011169,0.18019999563694
YKL112W,YBL099W,0,0.29469457,0.33147943019866943,0.8939999938011169,0.18029999732971191
YDR006C,YMR067C,0,0.29464948,0.33135655522346497,0.8939999938011169,0.18039999902248383
YJL111W,YEL047C,0,0.29455787,0.33123379945755005,0.8939999938011169,0.18050000071525574
YOR115C,YDL150W,0,0.2944158,0.3311111032962799,0.8939999938011169,0.18060000240802765
YGR085C,YLR106C,1,0.2942696,0.33135876059532166,0.8949999809265137,0.18060000240802765
YKL163W,YPL162C,0,0.2942624,0.3312361240386963,0.8949999809265137,0.18070000410079956
YDL044C,YDR480W,0,0.294226,0.3311135768890381,0.8949999809265137,0.18080000579357147
YKR067W,YOR030W,0,0.2941292,0.33099111914634705,0.8949999809265137,0.1808999925851822
YMR104C,YPL084W,0,0.29382193,0.33086875081062317,0.8949999809265137,0.1809999942779541
YIL085C,YPR082C,0,0.29371604,0.33074650168418884,0.8949999809265137,0.181099995970726
YJR064W,YEL004W,0,0.29367605,0.3306243121623993,0.8949999809265137,0.18119999766349792
YDR113C,YBR293W,0,0.29362848,0.3305022120475769,0.8949999809265137,0.18129999935626984
YDR084C,YHR200W,0,0.2934037,0.3303802013397217,0.8949999809265137,0.18140000104904175
YMR197C,YMR044W,0,0.29334292,0.330258309841156,0.8949999809265137,0.18150000274181366
YBR200W,YGL153W,0,0.29316795,0.3301364779472351,0.8949999809265137,0.18160000443458557
YGL130W,YNL083W,0,0.29313758,0.33001473546028137,0.8949999809265137,0.18170000612735748
YDL002C,YGL038C,0,0.2931277,0.3298931121826172,0.8949999809265137,0.1817999929189682
YOR354C,YPR201W,0,0.29283568,0.3297715485095978,0.8949999809265137,0.1818999946117401
YOL060C,YML072C,0,0.29270083,0.3296501040458679,0.8949999809265137,0.18199999630451202
YLR022C,YPL131W,1,0.29266393,0.3298968970775604,0.8960000276565552,0.18199999630451202
YNL125C,YLR117C,0,0.2926431,0.32977548241615295,0.8960000276565552,0.18209999799728394
YOL115W,YKL120W,0,0.29221287,0.32965415716171265,0.8960000276565552,0.18219999969005585
YNL035C,YBL019W,0,0.29200596,0.3295329213142395,0.8960000276565552,0.18230000138282776
YOL017W,YDL191W,0,0.29190278,0.3294117748737335,0.8960000276565552,0.18240000307559967
YDR331W,YNR075W,0,0.29179126,0.3292906880378723,0.8960000276565552,0.18250000476837158
YER144C,YDL168W,0,0.2917435,0.32916972041130066,0.8960000276565552,0.1826000064611435
YLR408C,YOL027C,0,0.2917181,0.32904884219169617,0.8960000276565552,0.1826999932527542
YMR236W,YNL270C,0,0.29158643,0.32892805337905884,0.8960000276565552,0.18279999494552612
YPR018W,YLR138W,0,0.2914342,0.32880735397338867,0.8960000276565552,0.18289999663829803
YCL045C,YIL044C,0,0.29132953,0.3286867141723633,0.8960000276565552,0.18299999833106995
YGR128C,YGR098C,0,0.29125932,0.32856619358062744,0.8960000276565552,0.18310000002384186
YGL131C,YGR074W,0,0.29125836,0.32844576239585876,0.8960000276565552,0.18320000171661377
YBR103W,YGL125W,0,0.2909881,0.32832539081573486,0.8960000276565552,0.18330000340938568
YML078W,YGR028W,0,0.29098547,0.3282051384449005,0.8960000276565552,0.1834000051021576
YGL184C,YBL105C,0,0.29097235,0.32808494567871094,0.8960000276565552,0.1835000067949295
YCR068W,YOL027C,0,0.29042876,0.3279648721218109,0.8960000276565552,0.18359999358654022
YHR039C,YDR155C,0,0.2904277,0.32784485816955566,0.8960000276565552,0.18369999527931213
YHR063C,YFL018C,0,0.29035908,0.3277249336242676,0.8960000276565552,0.18379999697208405
YIR034C,YML025C,0,0.2902122,0.32760512828826904,0.8960000276565552,0.18389999866485596
YDR346C,YPR082C,0,0.29014638,0.3274853825569153,0.8960000276565552,0.18400000035762787
YMR135C,YJR067C,0,0.29008132,0.3273657262325287,0.8960000276565552,0.18410000205039978
YGL224C,YBR201W,0,0.290054,0.32724615931510925,0.8960000276565552,0.1842000037431717
YJL063C,YKL148C,0,0.29000264,0.327126681804657,0.8960000276565552,0.1843000054359436
YMR047C,YNL058C,0,0.28988585,0.3270072937011719,0.8960000276565552,0.18440000712871552
YDR385W,YLR071C,0,0.28986442,0.32688799500465393,0.8960000276565552,0.18449999392032623
YOL027C,YIL110W,0,0.28971264,0.32676878571510315,0.8960000276565552,0.18459999561309814
YML114C,YNL106C,0,0.289695,0.32664966583251953,0.8960000276565552,0.18469999730587006
YMR047C,YMR058W,0,0.28955767,0.3265306055545807,0.8960000276565552,0.18479999899864197
YBR229C,YGR231C,0,0.289489,0.3264116644859314,0.8960000276565552,0.18490000069141388
YDR210W,YLR027C,0,0.28942144,0.3262927830219269,0.8960000276565552,0.1850000023841858
YKL018W,YPL008W,0,0.2894121,0.3261740207672119,0.8960000276565552,0.1851000040769577
YIL127C,YNL312W,0,0.2893882,0.3260553181171417,0.8960000276565552,0.18520000576972961
YGR090W,YEL046C,0,0.2893589,0.3259367048740387,0.8960000276565552,0.18529999256134033
YJR086W,YPL170W,0,0.2892794,0.32581818103790283,0.8960000276565552,0.18539999425411224
YGR048W,YJR017C,0,0.2891993,0.32569974660873413,0.8960000276565552,0.18549999594688416
YMR277W,YDR206W,0,0.28861997,0.3255814015865326,0.8960000276565552,0.18559999763965607
YML118W,YPL265W,0,0.28849575,0.3254631459712982,0.8960000276565552,0.18569999933242798
YEL004W,YDL092W,0,0.28839406,0.3253449499607086,0.8960000276565552,0.1858000010251999
YDR221W,YNL224C,0,0.28834346,0.32522687315940857,0.8960000276565552,0.1859000027179718
YJR019C,YOR077W,0,0.28809038,0.3251088559627533,0.8960000276565552,0.1860000044107437
YNL241C,YGR207C,0,0.2879078,0.3249909281730652,0.8960000276565552,0.18610000610351562
YMR030W,YIL105C,0,0.28783426,0.32487308979034424,0.8960000276565552,0.18619999289512634
YDR006C,YGL002W,0,0.28719768,0.32475534081459045,0.8960000276565552,0.18629999458789825
YDR191W,YLR393W,0,0.28718105,0.32463768124580383,0.8960000276565552,0.18639999628067017
YLR225C,YLR355C,0,0.28712112,0.3245201110839844,0.8960000276565552,0.18649999797344208
YJR129C,YGL055W,0,0.2870191,0.3244026005268097,0.8960000276565552,0.186599999666214
YBR106W,YPL108W,0,0.28688434,0.32428520917892456,0.8960000276565552,0.1867000013589859
YPL053C,YLR003C,0,0.28675088,0.3241678774356842,0.8960000276565552,0.1868000030517578
YFR044C,YPL079W,0,0.28654462,0.324050635099411,0.8960000276565552,0.18690000474452972
YPL047W,YBL045C,0,0.2862903,0.323933482170105,0.8960000276565552,0.18700000643730164
YGL156W,YDL147W,0,0.28622147,0.3238164186477661,0.8960000276565552,0.18709999322891235
YBR258C,YHR007C,0,0.28611055,0.323699414730072,0.8960000276565552,0.18719999492168427
YNL087W,YGL153W,0,0.28589138,0.3235825300216675,0.8960000276565552,0.18729999661445618
YPR065W,YGR289C,0,0.28587008,0.3234657049179077,0.8960000276565552,0.1873999983072281
YDL025C,YGL065C,0,0.2858051,0.3233489692211151,0.8960000276565552,0.1875
YLR262C,YMR052W,0,0.28578606,0.3232323229312897,0.8960000276565552,0.1876000016927719
YMR060C,YMR231W,0,0.28568548,0.3231157660484314,0.8960000276565552,0.18770000338554382
YOL089C,YKL084W,0,0.28563145,0.3229992687702179,0.8960000276565552,0.18780000507831573
YNL252C,YKR001C,0,0.28553385,0.32288289070129395,0.8960000276565552,0.18790000677108765
YGR277C,YDR291W,0,0.28548715,0.32276657223701477,0.8960000276565552,0.18799999356269836
YLL039C,YNL005C,0,0.28547713,0.32265034317970276,0.8960000276565552,0.18809999525547028
YLR274W,YPR009W,0,0.28522018,0.3225342035293579,0.8960000276565552,0.1881999969482422
YLR393W,YOR077W,0,0.285092,0.32241812348365784,0.8960000276565552,0.1882999986410141
YPR020W,YNL030W,0,0.28506902,0.3223021626472473,0.8960000276565552,0.188400000333786
YLR393W,YGL208W,0,0.284839,0.32218626141548157,0.8960000276565552,0.18850000202655792
YHL022C,YCR033W,0,0.284664,0.322070449590683,0.8960000276565552,0.18860000371932983
YFR042W,YMR167W,0,0.28440687,0.32195472717285156,0.8960000276565552,0.18870000541210175
YJR125C,YKR001C,0,0.28438777,0.3218390941619873,0.8960000276565552,0.18880000710487366
YDL226C,YLR003C,0,0.2843758,0.3217235207557678,0.8960000276565552,0.18889999389648438
YDR214W,YPR121W,0,0.284374,0.3216080367565155,0.8960000276565552,0.1889999955892563
YLR071C,YER094C,0,0.28430822,0.32149264216423035,0.8960000276565552,0.1890999972820282
YBR126C,YPR075C,0,0.284285,0.32137733697891235,0.8960000276565552,0.1891999989748001
YJL207C,YOR058C,0,0.28420082,0.32126209139823914,0.8960000276565552,0.18930000066757202
YJR159W,YLL054C,0,0.2841462,0.32114696502685547,0.8960000276565552,0.18940000236034393
YNL186W,YJR105W,0,0.2837452,0.3210318982601166,0.8960000276565552,0.18950000405311584
YPL009C,YMR216C,0,0.2837239,0.32091689109802246,0.8960000276565552,0.18960000574588776
YGL043W,YIL067C,0,0.2836574,0.3208020031452179,0.8960000276565552,0.18970000743865967
YBR084C-A,YGL055W,0,0.28363255,0.3206871747970581,0.8960000276565552,0.18979999423027039
YBR221C,YJR144W,0,0.28355792,0.32057246565818787,0.8960000276565552,0.1898999959230423
YDL042C,YML022W,0,0.28340313,0.32045778632164,0.8960000276565552,0.1899999976158142
YDR294C,YDR538W,0,0.2832387,0.3203432261943817,0.8960000276565552,0.19009999930858612
YMR293C,YOR005C,0,0.283227,0.3202287256717682,0.8960000276565552,0.19020000100135803
YJR047C,YIR028W,0,0.28311858,0.3201143145561218,0.8960000276565552,0.19030000269412994
YDL005C,YGL023C,0,0.2831174,0.3199999928474426,0.8960000276565552,0.19040000438690186
YJL123C,YER122C,0,0.28307706,0.3198857605457306,0.8960000276565552,0.19050000607967377
YDR394W,YGL179C,0,0.28276736,0.31977158784866333,0.8960000276565552,0.19059999287128448
YLR051C,YKL055C,0,0.28269467,0.31965750455856323,0.8960000276565552,0.1906999945640564
YCR102C,YHR124W,0,0.28260836,0.3195435106754303,0.8960000276565552,0.1907999962568283
YMR167W,YIL097W,0,0.28238398,0.31942957639694214,0.8960000276565552,0.19089999794960022
YAL014C,YOR005C,0,0.28232926,0.31931576132774353,0.8960000276565552,0.19099999964237213
YDR073W,YOR196C,0,0.28208312,0.3192020058631897,0.8960000276565552,0.19110000133514404
YOR083W,YOR073W,0,0.28206617,0.31908831000328064,0.8960000276565552,0.19120000302791595
YDR123C,YOR360C,0,0.28204563,0.31897473335266113,0.8960000276565552,0.19130000472068787
YNL316C,YIL103W,0,0.28203776,0.3188612163066864,0.8960000276565552,0.19140000641345978
YAL005C,YBR298C,0,0.28201804,0.31874778866767883,0.8960000276565552,0.1914999932050705
YJR105W,YBR110W,0,0.2816681,0.31863442063331604,0.8960000276565552,0.1915999948978424
YML110C,YDR477W,0,0.2815603,0.3185211420059204,0.8960000276565552,0.19169999659061432
YIR021W,YDR540C,0,0.28154504,0.31840795278549194,0.8960000276565552,0.19179999828338623
YMR202W,YPL024W,0,0.28149217,0.31829485297203064,0.8960000276565552,0.19189999997615814
YIL085C,YHR141C,0,0.28148565,0.3181818127632141,0.8960000276565552,0.19200000166893005
YLR297W,YPL088W,0,0.28140593,0.31806886196136475,0.8960000276565552,0.19210000336170197
YPL047W,YER054C,0,0.2812676,0.31795600056648254,0.8960000276565552,0.19220000505447388
YHR115C,YOR017W,0,0.28120407,0.3178431987762451,0.8960000276565552,0.1923000067472458
YDR408C,YGR041W,0,0.28110427,0.31773048639297485,0.8960000276565552,0.1923999935388565
YLR144C,YGR206W,0,0.2809554,0.31761786341667175,0.8960000276565552,0.19249999523162842
YPR029C,YAL009W,0,0.28074947,0.3175053298473358,0.8960000276565552,0.19259999692440033
YKL176C,YLR453C,0,0.2806678,0.31739285588264465,0.8960000276565552,0.19269999861717224
YHR018C,YLR133W,0,0.2805969,0.31728044152259827,0.8960000276565552,0.19280000030994415
YDR237W,YML001W,0,0.2805795,0.31716814637184143,0.8960000276565552,0.19290000200271606
YEL020C,YDR484W,0,0.28042093,0.31705591082572937,0.8960000276565552,0.19300000369548798
YKR042W,YNL087W,0,0.2803566,0.3169437646865845,0.8960000276565552,0.1931000053882599
YJR017C,YNL265C,0,0.28032598,0.31683167815208435,0.8960000276565552,0.1932000070810318
YJL074C,YLR256W,0,0.28015906,0.3167196810245514,0.8960000276565552,0.19329999387264252
YOL068C,YDL213C,0,0.2801343,0.3166077733039856,0.8960000276565552,0.19339999556541443
YBL046W,YNL225C,0,0.27969825,0.3164959251880646,0.8960000276565552,0.19349999725818634
YIL016W,YNL329C,0,0.27963844,0.3163841664791107,0.8960000276565552,0.19359999895095825
YCR027C,YPL003W,0,0.2796194,0.316272497177124,0.8960000276565552,0.19370000064373016
YLR051C,YMR116C,0,0.27955708,0.3161609172821045,0.8960000276565552,0.19380000233650208
YDL226C,YKR087C,0,0.27935323,0.31604939699172974,0.8960000276565552,0.193900004029274
YDR385W,YGL125W,0,0.2793149,0.31593793630599976,0.8960000276565552,0.1940000057220459
YKL035W,YOL001W,0,0.27906674,0.31582656502723694,0.8960000276565552,0.1941000074148178
YDL156W,YNL326C,0,0.27895352,0.3157152831554413,0.8960000276565552,0.19419999420642853
YLR376C,YCR042C,0,0.27884367,0.3156040906906128,0.8960000276565552,0.19429999589920044
YGL246C,YKL014C,1,0.27875718,0.3158450722694397,0.8970000147819519,0.19429999589920044
YJL123C,YGL048C,0,0.2787113,0.3157339096069336,0.8970000147819519,0.19439999759197235
YIL085C,YDR352W,0,0.27861726,0.31562280654907227,0.8970000147819519,0.19449999928474426
YDR316W,YNL265C,0,0.27858594,0.3155117928981781,0.8970000147819519,0.19460000097751617
YBR234C,YDR001C,0,0.27850604,0.3154008388519287,0.8970000147819519,0.19470000267028809
YPL190C,YKL012W,0,0.27830026,0.3152899742126465,0.8970000147819519,0.19480000436306
YCR089W,YCR048W,0,0.27824986,0.3151791989803314,0.8970000147819519,0.1949000060558319
YNL099C,YGR280C,0,0.27806738,0.31506848335266113,0.8970000147819519,0.19499999284744263
YDR432W,YDR540C,0,0.277984,0.314957857131958,0.8970000147819519,0.19509999454021454
YPL008W,YLL054C,0,0.27792242,0.31484732031822205,0.8970000147819519,0.19519999623298645
YMR058W,YBR068C,0,0.2778968,0.31473684310913086,0.8970000147819519,0.19529999792575836
YNR026C,YLR421C,0,0.2777075,0.31462645530700684,0.8970000147819519,0.19539999961853027
YDL181W,YLR340W,0,0.2777039,0.3145161271095276,0.8970000147819519,0.19550000131130219
YMR293C,YBR098W,0,0.2776902,0.3144058883190155,0.8970000147819519,0.1956000030040741
YEL046C,YDR001C,0,0.27760926,0.3142957389354706,0.8970000147819519,0.195700004696846
YGL246C,YML073C,1,0.2775732,0.314535915851593,0.8980000019073486,0.195700004696846
YOR367W,YLR089C,0,0.27750245,0.3144257664680481,0.8980000019073486,0.19580000638961792
YLR133W,YKL157W,0,0.27736047,0.31431570649147034,0.8980000019073486,0.19589999318122864
YBL102W,YPR103W,0,0.2772113,0.31420573592185974,0.8980000019073486,0.19599999487400055
YAL005C,YNL134C,0,0.2771743,0.3140958249568939,0.8980000019073486,0.19609999656677246
YBR215W,YPL232W,0,0.2770969,0.31398600339889526,0.8980000019073486,0.19619999825954437
YGR166W,YDL201W,0,0.2769943,0.31387627124786377,0.8980000019073486,0.19629999995231628
YCL038C,YOR140W,0,0.2769808,0.31376659870147705,0.8980000019073486,0.1964000016450882
YOR130C,YLR399C,0,0.27686313,0.3136570155620575,0.8980000019073486,0.1965000033378601
YDL212W,YDR037W,0,0.27680227,0.3135474920272827,0.8980000019073486,0.19660000503063202
YPL241C,YBR171W,0,0.2767999,0.3134380578994751,0.8980000019073486,0.19670000672340393
YBR265W,YKR003W,0,0.27668485,0.31332868337631226,0.8980000019073486,0.19679999351501465
YOR336W,YMR067C,0,0.27655104,0.3132193982601166,0.8980000019073486,0.19689999520778656
YDR058C,YML064C,0,0.27651852,0.3131101727485657,0.8980000019073486,0.19699999690055847
YFL055W,YGR125W,0,0.2764709,0.31300103664398193,0.8980000019073486,0.19709999859333038
YLR106C,YKL009W,1,0.27630576,0.3132404088973999,0.8989999890327454,0.19709999859333038
YHR083W,YHR050W,0,0.27623612,0.31313130259513855,0.8989999890327454,0.1972000002861023
YGR028W,YNL083W,0,0.27613676,0.31302228569984436,0.8989999890327454,0.1973000019788742
YPL217C,YDR352W,0,0.27592704,0.31291332840919495,0.8989999890327454,0.19740000367164612
YJL051W,YGL208W,0,0.27563044,0.3128044605255127,0.8989999890327454,0.19750000536441803
YJR086W,YOL049W,0,0.2756229,0.3126956522464752,0.8989999890327454,0.19760000705718994
YJL091C,YEL047C,0,0.2755005,0.3125869333744049,0.8989999890327454,0.19769999384880066
YGR257C,YBR133C,0,0.2753554,0.31247827410697937,0.8989999890327454,0.19779999554157257
YOR362C,YGR284C,0,0.2753337,0.312369704246521,0.8989999890327454,0.19789999723434448
YLR148W,YMR167W,0,0.27532804,0.3122611939907074,0.8989999890327454,0.1979999989271164
YCL045C,YOR231W,0,0.2752801,0.31215277314186096,0.8989999890327454,0.1981000006198883
YOR144C,YHR019C,0,0.27522552,0.3120444416999817,0.8989999890327454,0.19820000231266022
YML121W,YOR303W,0,0.2750763,0.3119361698627472,0.8989999890327454,0.19830000400543213
YIL023C,YGR041W,0,0.27502912,0.31182795763015747,0.8989999890327454,0.19840000569820404
YPR201W,YMR083W,0,0.2749333,0.3117198348045349,0.8989999890327454,0.19850000739097595
YOL130W,YLL054C,0,0.274893,0.31161177158355713,0.8989999890327454,0.19859999418258667
YHL007C,YPL227C,0,0.27474362,0.3115037977695465,0.8989999890327454,0.19869999587535858
YKL146W,YIL063C,0,0.27427787,0.31139591336250305,0.8989999890327454,0.1987999975681305
YPL152W,YOR336W,0,0.27419543,0.31128808856010437,0.8989999890327454,0.1988999992609024
YDR312W,YLR075W,1,0.2741938,0.31152647733688354,0.8999999761581421,0.1988999992609024
YJR047C,YDR338C,0,0.27407584,0.31141868233680725,0.8999999761581421,0.19900000095367432
YMR119W,YKR018C,0,0.2740344,0.3113109767436981,0.8999999761581421,0.19910000264644623
YBR133C,YER018C,0,0.2740046,0.31120333075523376,0.8999999761581421,0.19920000433921814
YHR039C,YHR019C,0,0.2738172,0.3110957443714142,0.8999999761581421,0.19930000603199005
YHR115C,YJL002C,0,0.27380276,0.31098824739456177,0.8999999761581421,0.19939999282360077
YDL025C,YOL027C,0,0.27373698,0.3108808398246765,0.8999999761581421,0.19949999451637268
YBR203W,YGL125W,0,0.27306113,0.31077349185943604,0.8999999761581421,0.1995999962091446
YHR104W,YJL159W,0,0.27286863,0.31066620349884033,0.8999999761581421,0.1996999979019165
YPL242C,YOR210W,0,0.27270135,0.3105590045452118,0.8999999761581421,0.19979999959468842
YMR079W,YKR025W,0,0.27248514,0.310451865196228,0.8999999761581421,0.19990000128746033
YOR231W,YPL265W,0,0.27234086,0.3103448152542114,0.8999999761581421,0.20000000298023224
YBR302C,YHR034C,0,0.2723198,0.310237854719162,0.8999999761581421,0.20010000467300415
YCL019W,YMR199W,0,0.2720157,0.3101309537887573,0.8999999761581421,0.20020000636577606
YBR215W,YEL042W,0,0.27187485,0.31002411246299744,0.8999999761581421,0.20029999315738678
YNL002C,YGR109C,0,0.27173606,0.3099173605442047,0.8999999761581421,0.2003999948501587
YHR083W,YJL093C,0,0.2715802,0.30981066823005676,0.8999999761581421,0.2004999965429306
YML078W,YML062C,0,0.27153918,0.309704065322876,0.8999999761581421,0.20059999823570251
YNL225C,YDR141C,0,0.27127048,0.30959752202033997,0.8999999761581421,0.20069999992847443
YPR151C,YDR506C,0,0.27061492,0.3094910681247711,0.8999999761581421,0.20080000162124634
YOL033W,YDL064W,0,0.27061468,0.30938467383384705,0.8999999761581421,0.20090000331401825
YHR042W,YLR066W,0,0.27037555,0.30927833914756775,0.8999999761581421,0.20100000500679016
YPL003W,YMR251W-A,0,0.27030745,0.3091720938682556,0.8999999761581421,0.20110000669956207
YNL182C,YLR022C,1,0.2702285,0.30940935015678406,0.9010000228881836,0.20110000669956207
YOR344C,YOR130C,0,0.27005577,0.3093031346797943,0.9010000228881836,0.2011999934911728
YIR028W,YGR231C,0,0.26997787,0.30919697880744934,0.9010000228881836,0.2012999951839447
YDR314C,YPR185W,0,0.26994738,0.30909091234207153,0.9010000228881836,0.2013999968767166
YKL213C,YJL091C,0,0.2698708,0.3089849054813385,0.9010000228881836,0.20149999856948853
YJL042W,YCL038C,0,0.269855,0.30887898802757263,0.9010000228881836,0.20160000026226044
YPR145W,YMR119W,0,0.26984677,0.30877313017845154,0.9010000228881836,0.20170000195503235
YNL225C,YOR083W,0,0.2698458,0.3086673617362976,0.9010000228881836,0.20180000364780426
YLR148W,YKL018W,0,0.26976195,0.30856165289878845,0.9010000228881836,0.20190000534057617
YGR125W,YGL181W,0,0.26959714,0.3084560036659241,0.9010000228881836,0.20200000703334808
YJL177W,YJR093C,0,0.26936498,0.30835044384002686,0.9010000228881836,0.2020999938249588
YCR088W,YPL230W,0,0.26928273,0.3082449436187744,0.9010000228881836,0.2021999955177307
YPR151C,YOR298C-A,0,0.2691031,0.30813953280448914,0.9010000228881836,0.20229999721050262
YNL300W,YDL174C,0,0.26899168,0.30803418159484863,0.9010000228881836,0.20239999890327454
YMR288W,YGL022W,0,0.26883677,0.3079289197921753,0.9010000228881836,0.20250000059604645
YBR253W,YOR007C,0,0.2687676,0.30782371759414673,0.9010000228881836,0.20260000228881836
YDL126C,YPL170W,0,0.2687559,0.30771857500076294,0.9010000228881836,0.20270000398159027
YCR066W,YHR001W,0,0.2685264,0.3076135218143463,0.9010000228881836,0.20280000567436218
YKL184W,YIL044C,0,0.2683823,0.30750852823257446,0.9010000228881836,0.2029000073671341
YGL246C,YNL227C,1,0.26837537,0.3077448010444641,0.9020000100135803,0.2029000073671341
YJR056C,YKL222C,0,0.26835328,0.30763983726501465,0.9020000100135803,0.2029999941587448
YJL092W,YGL008C,0,0.2683515,0.30753493309020996,0.9020000100135803,0.20309999585151672
YDR051C,YKL208W,0,0.26821494,0.30743011832237244,0.9020000100135803,0.20319999754428864
YGL150C,YIL044C,0,0.2680605,0.3073253929615021,0.9020000100135803,0.20329999923706055
YBR216C,YMR161W,0,0.26784685,0.3072206974029541,0.9020000100135803,0.20340000092983246
YIR007W,YBR110W,0,0.26759863,0.3071160912513733,0.9020000100135803,0.20350000262260437
YMR293C,YEL060C,0,0.26759273,0.30701157450675964,0.9020000100135803,0.20360000431537628
YNL064C,YKR081C,0,0.26752788,0.30690711736679077,0.9020000100135803,0.2037000060081482
YLR166C,YGR256W,0,0.26752377,0.3068027198314667,0.9020000100135803,0.2037999927997589
YOR128C,YBL002W,0,0.2673403,0.30669841170310974,0.9020000100135803,0.20389999449253082
YDR221W,YMR058W,0,0.26730743,0.3065941631793976,0.9020000100135803,0.20399999618530273
YDR051C,YNL009W,0,0.2672232,0.3064899742603302,0.9020000100135803,0.20409999787807465
YPR075C,YPL230W,0,0.26722047,0.30638587474823,0.9020000100135803,0.20419999957084656
YJL028W,YDR264C,0,0.26704308,0.30628183484077454,0.9020000100135803,0.20430000126361847
YPR075C,YDR153C,0,0.26704007,0.30617785453796387,0.9020000100135803,0.20440000295639038
YNR023W,YNL270C,0,0.26700073,0.30607396364212036,0.9020000100135803,0.2045000046491623
YLR155C,YIL017C,0,0.26695654,0.305970162153244,0.9020000100135803,0.2046000063419342
YDR006C,YJL139C,0,0.26690137,0.30586639046669006,0.9020000100135803,0.20469999313354492
YGL255W,YFR009W,0,0.26664272,0.30576270818710327,0.9020000100135803,0.20479999482631683
YPL132W,YGL038C,0,0.26656836,0.30565908551216125,0.9020000100135803,0.20489999651908875
YHR141C,YKR080W,0,0.26635832,0.3055555522441864,0.9020000100135803,0.20499999821186066
YBR068C,YJR019C,0,0.2662698,0.3054520785808563,0.9020000100135803,0.20509999990463257
YOL021C,YGR261C,0,0.26618072,0.3053486943244934,0.9020000100135803,0.20520000159740448
YGL131C,YJL100W,0,0.26612523,0.3052453398704529,0.9020000100135803,0.2053000032901764
YOR022C,YMR060C,0,0.26595685,0.3051420748233795,0.9020000100135803,0.2054000049829483
YJL209W,YJR044C,0,0.26593736,0.3050388991832733,0.9020000100135803,0.20550000667572021
YDR091C,YML025C,1,0.2658787,0.3052738308906555,0.902999997138977,0.20550000667572021
YDR267C,YOR375C,0,0.2657824,0.3051706552505493,0.902999997138977,0.20559999346733093
YNL126W,YGR033C,0,0.26571444,0.3050675690174103,0.902999997138977,0.20569999516010284
YLR132C,YLR174W,0,0.26539123,0.304964542388916,0.902999997138977,0.20579999685287476
YER003C,YKR024C,0,0.26529428,0.30486157536506653,0.902999997138977,0.20589999854564667
YJR113C,YOR368W,0,0.2652895,0.3047586977481842,0.902999997138977,0.20600000023841858
YNL252C,YEL004W,0,0.26519668,0.30465587973594666,0.902999997138977,0.2061000019311905
YBR280C,YML072C,0,0.26515418,0.3045531213283539,0.902999997138977,0.2062000036239624
YOR293W,YOR171C,0,0.26513866,0.30445045232772827,0.902999997138977,0.20630000531673431
YBL006C,YDR153C,0,0.26503602,0.30434781312942505,0.902999997138977,0.20640000700950623
YPL217C,YDR348C,0,0.26495707,0.3042452931404114,0.902999997138977,0.20649999380111694
YMR047C,YDR084C,0,0.2648636,0.3041428029537201,0.902999997138977,0.20659999549388885
YGR157W,YDR293C,0,0.26481882,0.30404040217399597,0.902999997138977,0.20669999718666077
YFL062W,YAL001C,0,0.2645522,0.3039380609989166,0.902999997138977,0.20679999887943268
YPL053C,YHR091C,0,0.2644199,0.30383580923080444,0.902999997138977,0.2069000005722046
YJL139C,YFL008W,0,0.2642949,0.30373361706733704,0.902999997138977,0.2070000022649765
YNL154C,YDL064W,0,0.2642369,0.3036314845085144,0.902999997138977,0.2071000039577484
YDL002C,YJL159W,0,0.26419485,0.30352941155433655,0.902999997138977,0.20720000565052032
YHR098C,YPR121W,0,0.264149,0.30342742800712585,0.902999997138977,0.20730000734329224
YPL152W,YLL039C,0,0.26404354,0.30332550406455994,0.902999997138977,0.20739999413490295
YGR275W,YFL022C,0,0.26403767,0.3032236397266388,0.902999997138977,0.20749999582767487
YJL139C,YGR091W,0,0.26383886,0.3031218647956848,0.902999997138977,0.20759999752044678
YEL055C,YOR360C,0,0.26353976,0.3030201196670532,0.902999997138977,0.2076999992132187
YML025C,YOR005C,0,0.2635357,0.3029184937477112,0.902999997138977,0.2078000009059906
YIR007W,YKR098C,0,0.26348856,0.30281689763069153,0.902999997138977,0.2079000025987625
YDR216W,YFL024C,0,0.26312718,0.30271539092063904,0.902999997138977,0.20800000429153442
YBL036C,YOL021C,0,0.26310092,0.3026139438152313,0.902999997138977,0.20810000598430634
YMR202W,YDR113C,0,0.26309332,0.3025125563144684,0.902999997138977,0.20819999277591705
YNL323W,YPL270W,0,0.2630636,0.3024112582206726,0.902999997138977,0.20829999446868896
YKL213C,YML069W,0,0.2628538,0.3023100197315216,0.902999997138977,0.20839999616146088
YNL064C,YMR047C,0,0.2627928,0.3022088408470154,0.902999997138977,0.2084999978542328
YOR234C,YMR047C,0,0.26278895,0.30210772156715393,0.902999997138977,0.2085999995470047
YBR088C,YGL079W,0,0.2626211,0.30200669169425964,0.902999997138977,0.2087000012397766
YDR462W,YHR001W,0,0.2625889,0.30190572142601013,0.902999997138977,0.20880000293254852
YNL300W,YNL316C,0,0.26248324,0.3018048107624054,0.902999997138977,0.20890000462532043
YJL123C,YDR316W,0,0.2623243,0.3017039895057678,0.902999997138977,0.20900000631809235
YLR132C,YDR099W,0,0.2622767,0.30160319805145264,0.902999997138977,0.20909999310970306
YBR077C,YOR178C,0,0.26222527,0.3015024960041046,0.902999997138977,0.20919999480247498
YDR097C,YEL003W,0,0.26217538,0.30140188336372375,0.902999997138977,0.2092999964952469
YNL300W,YGR240C,0,0.26210997,0.3013013005256653,0.902999997138977,0.2093999981880188
YLR399C,YKR039W,0,0.26206204,0.301200807094574,0.902999997138977,0.2094999998807907
YFL034C-B,YDR354W,0,0.26192263,0.30110037326812744,0.902999997138977,0.20960000157356262
YHR079C-A,YNL225C,0,0.26179546,0.3009999990463257,0.902999997138977,0.20970000326633453
YLR155C,YGR067C,0,0.26174623,0.3008997142314911,0.902999997138977,0.20980000495910645
YFR051C,YNL037C,0,0.26168823,0.3007994592189789,0.902999997138977,0.20990000665187836
YPL009C,YMR060C,0,0.26165926,0.30069929361343384,0.902999997138977,0.20999999344348907
YER019W,YER001W,0,0.26146355,0.30059918761253357,0.902999997138977,0.210099995136261
YJR090C,YBR302C,0,0.2614341,0.30049917101860046,0.902999997138977,0.2101999968290329
YPR018W,YLR233C,0,0.26143235,0.30039921402931213,0.902999997138977,0.2102999985218048
YDL159W,YER170W,0,0.26142877,0.3002992868423462,0.902999997138977,0.21040000021457672
YPR025C,YBR068C,0,0.26081532,0.3001994788646698,0.902999997138977,0.21050000190734863
YBL040C,YDL188C,0,0.2607619,0.3000997006893158,0.902999997138977,0.21060000360012054
YPL088W,YCR033W,0,0.26058975,0.30000001192092896,0.902999997138977,0.21070000529289246
YMR134W,YLR449W,0,0.26039824,0.2999003529548645,0.902999997138977,0.21080000698566437
YDR294C,YPR061C,0,0.26030073,0.2998007833957672,0.902999997138977,0.21089999377727509
YOR064C,YLR066W,0,0.26021692,0.2997013032436371,0.902999997138977,0.210999995470047
YOR210W,YGL175C,0,0.26020893,0.29960185289382935,0.902999997138977,0.2110999971628189
YOR336W,YNL327W,0,0.26016268,0.29950249195098877,0.902999997138977,0.21119999885559082
YEL009C,YLR089C,0,0.26013696,0.29940319061279297,0.902999997138977,0.21130000054836273
YDR099W,YJR064W,0,0.26004297,0.29930394887924194,0.902999997138977,0.21140000224113464
YGR121C,YLR070C,0,0.25988743,0.2992047667503357,0.902999997138977,0.21150000393390656
YNL254C,YOR058C,0,0.2598406,0.2991056740283966,0.902999997138977,0.21160000562667847
YJL139C,YBR293W,0,0.25978914,0.2990066111087799,0.902999997138977,0.21170000731945038
YIR022W,YIL050W,0,0.2597361,0.29890763759613037,0.902999997138977,0.2117999941110611
YKL035W,YML029W,0,0.25938585,0.2988087236881256,0.902999997138977,0.211899995803833
YLR233C,YPR151C,0,0.2593683,0.298709899187088,0.902999997138977,0.21199999749660492
YJR091C,YJR113C,0,0.259132,0.2986111044883728,0.902999997138977,0.21209999918937683
YOL049W,YEL003W,0,0.2589153,0.29851239919662476,0.902999997138977,0.21220000088214874
YJR137C,YLR133W,0,0.2587006,0.2984137535095215,0.902999997138977,0.21230000257492065
YGL255W,YOR094W,0,0.25860062,0.298315167427063,0.902999997138977,0.21240000426769257
YGL255W,YDR354W,0,0.25845823,0.29821664094924927,0.902999997138977,0.21250000596046448
YOR256C,YOR197W,0,0.25836954,0.2981182038784027,0.902999997138977,0.2125999927520752
YJR043C,YOR205C,0,0.258316,0.29801979660987854,0.902999997138977,0.2126999944448471
YER144C,YIL063C,0,0.25825238,0.29792147874832153,0.902999997138977,0.21279999613761902
YHL022C,YLR229C,0,0.2582324,0.2978232204914093,0.902999997138977,0.21289999783039093
YLR051C,YGR074W,0,0.25821406,0.29772502183914185,0.902999997138977,0.21299999952316284
YGR203W,YGL012W,0,0.2578918,0.29762688279151917,0.902999997138977,0.21310000121593475
YBR073W,YBL027W,0,0.25784025,0.29752883315086365,0.902999997138977,0.21320000290870667
YPR025C,YGL160W,0,0.25782713,0.2974308431148529,0.902999997138977,0.21330000460147858
YLR320W,YNL124W,0,0.25753507,0.29733288288116455,0.902999997138977,0.2134000062942505
YHR124W,YPL230W,0,0.25752088,0.29723501205444336,0.902999997138977,0.2134999930858612
YGL020C,YGL047W,0,0.2574473,0.29713723063468933,0.902999997138977,0.21359999477863312
YGR195W,YML046W,0,0.25735825,0.2970394790172577,0.902999997138977,0.21369999647140503
YGR125W,YHR094C,0,0.2573214,0.2969417870044708,0.902999997138977,0.21379999816417694
YHR063C,YNL099C,0,0.25731742,0.2968441843986511,0.902999997138977,0.21389999985694885
YGR195W,YKL127W,0,0.25731647,0.2967466413974762,0.902999997138977,0.21400000154972076
YJL111W,YPL158C,0,0.2573027,0.29664915800094604,0.902999997138977,0.21410000324249268
YNL069C,YOR367W,0,0.25720355,0.29655173420906067,0.902999997138977,0.2142000049352646
YHR016C,YER021W,0,0.2571577,0.29645437002182007,0.902999997138977,0.2143000066280365
YJR161C,YOL148C,0,0.25705388,0.29635706543922424,0.902999997138977,0.21439999341964722
YNL329C,YMR216C,0,0.25682673,0.2962598502635956,0.902999997138977,0.21449999511241913
YBL050W,YKR042W,0,0.2567503,0.2961626648902893,0.902999997138977,0.21459999680519104
YOL027C,YBL066C,0,0.25667495,0.2960655689239502,0.902999997138977,0.21469999849796295
YKL025C,YBR215W,0,0.2565668,0.29596853256225586,0.902999997138977,0.21480000019073486
YKL101W,YNL087W,0,0.25652364,0.2958715558052063,0.902999997138977,0.21490000188350677
YKL008C,YOR033C,0,0.25633666,0.2957746386528015,0.902999997138977,0.2150000035762787
YGR023W,YNL241C,0,0.25633526,0.2956778109073639,0.902999997138977,0.2151000052690506
YBR132C,YLR431C,0,0.25630838,0.29558101296424866,0.902999997138977,0.2152000069618225
YLR410W,YLR405W,0,0.2562812,0.2954843044281006,0.902999997138977,0.21529999375343323
YOR033C,YGL008C,0,0.25623652,0.2953876256942749,0.902999997138977,0.21539999544620514
YBR203W,YLR310C,0,0.25608444,0.2952910363674164,0.902999997138977,0.21549999713897705
YIL041W,YGL245W,0,0.2560627,0.29519450664520264,0.902999997138977,0.21559999883174896
YPL152W,YDR354W,0,0.25598088,0.29509803652763367,0.902999997138977,0.21570000052452087
YBR258C,YJL111W,0,0.25589594,0.2950016260147095,0.902999997138977,0.21580000221729279
YGR121C,YDR488C,0,0.25585225,0.29490530490875244,0.902999997138977,0.2159000039100647
YDR348C,YJL118W,0,0.25565174,0.2948090136051178,0.902999997138977,0.2160000056028366
YPL268W,YDR141C,0,0.25563127,0.29471278190612793,0.902999997138977,0.21610000729560852
YLR431C,YCR024C-A,0,0.25538492,0.2946166396141052,0.902999997138977,0.21619999408721924
YBR253W,YHR203C,0,0.25528774,0.2945205569267273,0.902999997138977,0.21629999577999115
YPL265W,YPL249C,0,0.25464505,0.29442453384399414,0.902999997138977,0.21639999747276306
YDR349C,YDL042C,0,0.25461754,0.2943285405635834,0.902999997138977,0.21649999916553497
YDL168W,YGL133W,0,0.254563,0.29423263669013977,0.902999997138977,0.21660000085830688
YGL013C,YBR004C,0,0.25453237,0.29413682222366333,0.902999997138977,0.2167000025510788
YBR161W,YML111W,0,0.2542176,0.2940410375595093,0.902999997138977,0.2168000042438507
YNL329C,YNR075W,0,0.25409392,0.2939453125,0.902999997138977,0.21690000593662262
YMR119W,YML010W,0,0.25401732,0.2938496470451355,0.902999997138977,0.21699999272823334
YBR133C,YJL207C,0,0.2539331,0.29375407099723816,0.902999997138977,0.21709999442100525
YBR235W,YBR077C,0,0.25386193,0.2936585247516632,0.902999997138977,0.21719999611377716
YHR216W,YBR244W,0,0.2537252,0.2935630679130554,0.902999997138977,0.21729999780654907
YPR121W,YBL097W,0,0.2535382,0.2934676706790924,0.902999997138977,0.21739999949932098
YGL255W,YER042W,0,0.25351456,0.29337233304977417,0.902999997138977,0.2175000011920929
YGR049W,YNL124W,0,0.25337836,0.2932770252227783,0.902999997138977,0.2176000028848648
YCR069W,YGL156W,0,0.25323358,0.29318180680274963,0.902999997138977,0.21770000457763672
YOL097C,YNL264C,0,0.25299218,0.2930866479873657,0.902999997138977,0.21780000627040863
YNL186W,YKL055C,0,0.25287253,0.292991578578949,0.902999997138977,0.21789999306201935
YEL034W,YCL045C,0,0.25283584,0.2928965389728546,0.902999997138977,0.21799999475479126
YIR033W,YNL326C,0,0.25281286,0.29280155897140503,0.902999997138977,0.21809999644756317
YNR073C,YPL275W,0,0.2527196,0.2927066385746002,0.902999997138977,0.21819999814033508
YDR191W,YLR205C,0,0.2525617,0.2926118075847626,0.902999997138977,0.218299999833107
YHR123W,YGL065C,0,0.25249898,0.2925170063972473,0.902999997138977,0.2184000015258789
YKR042W,YJR077C,0,0.25240993,0.2924222946166992,0.902999997138977,0.21850000321865082
YMR170C,YKL222C,0,0.25236675,0.2923276126384735,0.902999997138977,0.21860000491142273
YCR102C,YOL068C,0,0.2523591,0.29223302006721497,0.902999997138977,0.21870000660419464
YML038C,YPR101W,0,0.2522375,0.2921384572982788,0.902999997138977,0.21879999339580536
YBR288C,YMR044W,0,0.2521733,0.2920439839363098,0.902999997138977,0.21889999508857727
YOR298C-A,YNR051C,0,0.25217232,0.2919495701789856,0.902999997138977,0.21899999678134918
YBR288C,YER094C,0,0.25210854,0.29185521602630615,0.902999997138977,0.2190999984741211
YNR063W,YJL160C,0,0.2520714,0.2917608916759491,0.902999997138977,0.219200000166893
YML126C,YFL008W,0,0.25198552,0.2916666567325592,0.902999997138977,0.21930000185966492
YPR101W,YNL245C,0,0.25195053,0.2915724813938141,0.902999997138977,0.21940000355243683
YML062C,YPR009W,0,0.2518312,0.29147836565971375,0.902999997138977,0.21950000524520874
YPR102C,YKL014C,1,0.25165975,0.29170700907707214,0.9039999842643738,0.21950000524520874
YPL232W,YPL230W,0,0.25154057,0.2916128933429718,0.9039999842643738,0.21960000693798065
YNL003C,YGR065C,0,0.25135776,0.2915188670158386,0.9039999842643738,0.21969999372959137
YGR271C-A,YEL046C,0,0.25117716,0.2914249002933502,0.9039999842643738,0.21979999542236328
YPR082C,YPL232W,0,0.25111672,0.2913309633731842,0.9039999842643738,0.2198999971151352
YPR201W,YPL057C,0,0.25100943,0.29123711585998535,0.9039999842643738,0.2199999988079071
YPL046C,YIL129C,0,0.25079453,0.2911433279514313,0.9039999842643738,0.22010000050067902
YOR321W,YLL023C,0,0.25048906,0.2910495698451996,0.9039999842643738,0.22020000219345093
YNL209W,YGR166W,0,0.25043005,0.29095590114593506,0.9039999842643738,0.22030000388622284
YLR262C,YGL245W,0,0.25033382,0.2908622920513153,0.9039999842643738,0.22040000557899475
YIL023C,YOR030W,0,0.25015944,0.29076874256134033,0.9039999842643738,0.22050000727176666
YPL009C,YMR154C,0,0.25011843,0.29067525267601013,0.9039999842643738,0.22059999406337738
YNR073C,YDR485C,0,0.25010964,0.2905817925930023,0.9039999842643738,0.2206999957561493
YNL075W,YFL034C-B,0,0.25010344,0.29048842191696167,0.9039999842643738,0.2207999974489212
YER144C,YLR274W,0,0.24999833,0.2903951108455658,0.9039999842643738,0.22089999914169312
YLR369W,YKR098C,0,0.24978018,0.2903018593788147,0.9039999842643738,0.22100000083446503
YDR446W,YDR210W,0,0.24962153,0.2902086675167084,0.9039999842643738,0.22110000252723694
YJL145W,YDR488C,0,0.24950063,0.2901155352592468,0.9039999842643738,0.22120000422000885
YBR302C,YDR027C,0,0.24915156,0.29002246260643005,0.9039999842643738,0.22130000591278076
YJL151C,YLR034C,0,0.24902616,0.28992944955825806,0.9039999842643738,0.22139999270439148
YNL152W,YKR001C,0,0.2489366,0.28983649611473083,0.9039999842643738,0.2214999943971634
YML066C,YNL124W,0,0.24864501,0.2897436022758484,0.9039999842643738,0.2215999960899353
YGR227W,YDR155C,0,0.24862471,0.28965073823928833,0.9039999842643738,0.22169999778270721
YPL217C,YPL069C,0,0.24848019,0.28955796360969543,0.9039999842643738,0.22179999947547913
YHR124W,YPL128C,0,0.24825591,0.2894652485847473,0.9039999842643738,0.22190000116825104
YKL146W,YPL003W,0,0.24821018,0.28937259316444397,0.9039999842643738,0.22200000286102295
YML121W,YKL148C,0,0.24815124,0.2892799973487854,0.9039999842643738,0.22210000455379486
YOL016C,YLR369W,0,0.24808939,0.2891874611377716,0.9039999842643738,0.22220000624656677
YOR033C,YOL001W,0,0.24743763,0.2890949845314026,0.9039999842643738,0.2222999930381775
YJR152W,YOR171C,0,0.2473276,0.28900256752967834,0.9039999842643738,0.2223999947309494
YIR003W,YHR102W,0,0.24723375,0.2889101803302765,0.9039999842643738,0.2224999964237213
YOL110W,YBR133C,0,0.24723002,0.2888178825378418,0.9039999842643738,0.22259999811649323
YJR064W,YEL071W,0,0.24718846,0.2887256443500519,0.9039999842643738,0.22269999980926514
YOL110W,YGR098C,0,0.24705715,0.28863346576690674,0.9039999842643738,0.22280000150203705
YPL053C,YKR065C,0,0.24703419,0.28854134678840637,0.9039999842643738,0.22290000319480896
YFL034C-B,YML014W,0,0.24688193,0.2884492576122284,0.9039999842643738,0.22300000488758087
YMR288W,YGL017W,0,0.24684481,0.2883572578430176,0.9039999842643738,0.22310000658035278
YDR210W,YOR284W,0,0.24679954,0.28826531767845154,0.9039999842643738,0.2231999933719635
YJR044C,YHR043C,0,0.2466293,0.2881734073162079,0.9039999842643738,0.2232999950647354
YOL033W,YPL265W,0,0.24611506,0.2880815863609314,0.9039999842643738,0.22339999675750732
YNR023W,YJL154C,0,0.24603823,0.2879897952079773,0.9039999842643738,0.22349999845027924
YOR231W,YPR022C,0,0.2459042,0.28789809346199036,0.9039999842643738,0.22360000014305115
YGL013C,YMR060C,0,0.24587427,0.2878064215183258,0.9039999842643738,0.22370000183582306
YBR280C,YFL053W,0,0.245795,0.2877148389816284,0.9039999842643738,0.22380000352859497
YJR159W,YLR155C,0,0.24559666,0.2876232862472534,0.9039999842643738,0.22390000522136688
YMR197C,YNL106C,0,0.24555364,0.2875317931175232,0.9039999842643738,0.2240000069141388
YDL064W,YFL018C,0,0.24552426,0.28744038939476013,0.9039999842643738,0.2240999937057495
YPR075C,YLR210W,0,0.24535474,0.28734901547431946,0.9039999842643738,0.22419999539852142
YPL256C,YOR368W,0,0.2452541,0.28725770115852356,0.9039999842643738,0.22429999709129333
YGR278W,YCR048W,0,0.24524888,0.28716644644737244,0.9039999842643738,0.22439999878406525
YNL053W,YNL134C,0,0.24520421,0.2870752513408661,0.9039999842643738,0.22450000047683716
YDL194W,YMR236W,0,0.24517447,0.2869841158390045,0.9039999842643738,0.22460000216960907
YER065C,YHR072W,0,0.2451334,0.2868930399417877,0.9039999842643738,0.22470000386238098
YGL250W,YLR116W,0,0.24509948,0.2868020236492157,0.9039999842643738,0.2248000055551529
YJL116C,YIL099W,0,0.24499446,0.28671106696128845,0.9039999842643738,0.2249000072479248
YER119C,YOL017W,0,0.24489059,0.286620169878006,0.9039999842643738,0.22499999403953552
YER144C,YGL179C,0,0.24485585,0.2865293323993683,0.9039999842643738,0.22509999573230743
YDL226C,YMR283C,0,0.24478266,0.286438524723053,0.9039999842643738,0.22519999742507935
YDL232W,YDR462W,0,0.24452834,0.28634780645370483,0.9039999842643738,0.22529999911785126
YGL011C,YGL020C,0,0.24446383,0.2862571179866791,0.9039999842643738,0.22540000081062317
YHR083W,YIR010W,0,0.24442609,0.2861665189266205,0.9039999842643738,0.22550000250339508
YLR132C,YKL025C,0,0.24432114,0.2860759496688843,0.9039999842643738,0.225600004196167
YOR208W,YJL137C,0,0.24421757,0.28598544001579285,0.9039999842643738,0.2257000058889389
YPL047W,YDR485C,0,0.24411716,0.2858949899673462,0.9039999842643738,0.22579999268054962
YNL126W,YLR003C,0,0.24410453,0.2858046293258667,0.9039999842643738,0.22589999437332153
YFL024C,YCL038C,0,0.24400783,0.2857142984867096,0.9039999842643738,0.22599999606609344
YOL115W,YPR052C,0,0.24397436,0.28562402725219727,0.9039999842643738,0.22609999775886536
YDR162C,YLR178C,0,0.24388555,0.2855337858200073,0.9039999842643738,0.22619999945163727
YJR159W,YMR024W,0,0.24383156,0.28544363379478455,0.9039999842643738,0.22630000114440918
YML073C,YBR267W,1,0.24375129,0.2856691777706146,0.9049999713897705,0.22630000114440918
YDR097C,YNL279W,0,0.24371792,0.28557905554771423,0.9049999713897705,0.2264000028371811
YDL150W,YPL108W,0,0.24366228,0.28548896312713623,0.9049999713897705,0.226500004529953
YBR217W,YDR258C,0,0.24358091,0.285398930311203,0.9049999713897705,0.22660000622272491
YNR039C,YLR256W,0,0.24338967,0.28530895709991455,0.9049999713897705,0.22669999301433563
YIL049W,YOR208W,0,0.24315667,0.2852190434932709,0.9049999713897705,0.22679999470710754
YHL002W,YDR540C,0,0.24314038,0.2851291596889496,0.9049999713897705,0.22689999639987946
YGR096W,YML026C,0,0.24310806,0.28503936529159546,0.9049999713897705,0.22699999809265137
YGR140W,YHR042W,0,0.24309161,0.2849496304988861,0.9049999713897705,0.22709999978542328
YGR048W,YDR316W,0,0.24280053,0.28485992550849915,0.9049999713897705,0.2272000014781952
YOR178C,YPL187W,0,0.2427771,0.28477030992507935,0.9049999713897705,0.2273000031709671
YFL008W,YIL067C,0,0.24273571,0.28468072414398193,0.9049999713897705,0.227400004863739
YDL079C,YCL030C,0,0.24272992,0.2845911979675293,0.9049999713897705,0.22750000655651093
YGR203W,YNR049C,0,0.24268815,0.28450173139572144,0.9049999713897705,0.22759999334812164
YNR069C,YNL106C,0,0.24267767,0.28441232442855835,0.9049999713897705,0.22769999504089355
YKL112W,YML046W,0,0.24265665,0.28432297706604004,0.9049999713897705,0.22779999673366547
YBR200W,YCR083W,0,0.24242972,0.2842336595058441,0.9049999713897705,0.22789999842643738
YLR205C,YBR039W,0,0.24233483,0.28414443135261536,0.9049999713897705,0.2280000001192093
YBR133C,YLR298C,0,0.24223298,0.284055233001709,0.9049999713897705,0.2281000018119812
YKR013W,YMR011W,0,0.24205488,0.2839661240577698,0.9049999713897705,0.2282000035047531
YNL064C,YOR028C,0,0.241986,0.28387704491615295,0.9049999713897705,0.22830000519752502
YNL315C,YBR204C,0,0.24196303,0.2837880253791809,0.9049999713897705,0.22840000689029694
YLR369W,YJR137C,0,0.24195287,0.28369906544685364,0.9049999713897705,0.22849999368190765
YMR011W,YLR398C,0,0.2419448,0.28361016511917114,0.9049999713897705,0.22859999537467957
YAL001C,YOR336W,0,0.24179861,0.28352129459381104,0.9049999713897705,0.22869999706745148
YJL209W,YML130C,0,0.24177685,0.2834325134754181,0.9049999713897705,0.2287999987602234
YOR328W,YPL192C,0,0.24175689,0.28334376215934753,0.9049999713897705,0.2289000004529953
YOL027C,YOR360C,0,0.24139632,0.28325510025024414,0.9049999713897705,0.2290000021457672
YGL250W,YPL158C,0,0.24132162,0.28316646814346313,0.9049999713897705,0.22910000383853912
YDR155C,YFR055W,0,0.24123417,0.2830778956413269,0.9049999713897705,0.22920000553131104
YGL208W,YNL336W,0,0.24108809,0.28298938274383545,0.9049999713897705,0.22930000722408295
YBR210W,YHR072W,0,0.2408925,0.2829008996486664,0.9049999713897705,0.22939999401569366
YNL152W,YOR140W,0,0.24082789,0.2828125059604645,0.9049999713897705,0.22949999570846558
YGL131C,YGL125W,0,0.24057165,0.28272414207458496,0.9049999713897705,0.2295999974012375
YPR058W,YPL108W,0,0.24052262,0.2826358377933502,0.9049999713897705,0.2296999990940094
YJL209W,YLR051C,0,0.24037647,0.28254762291908264,0.9049999713897705,0.2298000007867813
YML038C,YDR191W,0,0.2403433,0.28245943784713745,0.9049999713897705,0.22990000247955322
YPL003W,YGL054C,0,0.2401888,0.28237128257751465,0.9049999713897705,0.23000000417232513
YAL001C,YKL160W,0,0.2401774,0.282283216714859,0.9049999713897705,0.23010000586509705
YPR025C,YNR051C,0,0.23975652,0.28219521045684814,0.9049999713897705,0.23019999265670776
YPR101W,YOR284W,0,0.2396476,0.28210723400115967,0.9049999713897705,0.23029999434947968
YML110C,YNL177C,0,0.23948488,0.28201931715011597,0.9049999713897705,0.2303999960422516
YMR197C,YGL166W,0,0.23944011,0.28193145990371704,0.9049999713897705,0.2304999977350235
YOR354C,YKL018W,0,0.23933442,0.2818436622619629,0.9049999713897705,0.2305999994277954
YNR023W,YDR182W,0,0.23922998,0.2817559242248535,0.9049999713897705,0.23070000112056732
YEL063C,YOL006C,0,0.23902021,0.28166821599006653,0.9049999713897705,0.23080000281333923
YPL032C,YKR042W,0,0.23901713,0.2815805971622467,0.9049999713897705,0.23090000450611115
YKL096W,YGR278W,0,0.23897044,0.28149300813674927,0.9049999713897705,0.23100000619888306
YGR125W,YGR038W,0,0.23891306,0.2814054787158966,0.9049999713897705,0.23109999299049377
YCR067C,YPL228W,0,0.23889358,0.2813180088996887,0.9049999713897705,0.23119999468326569
YLR297W,YMR092C,0,0.23879799,0.2812305688858032,0.9049999713897705,0.2312999963760376
YDR194C,YPL020C,0,0.23876551,0.2811432182788849,0.9049999713897705,0.2313999980688095
YDR119W,YNR051C,0,0.23872793,0.28105589747428894,0.9049999713897705,0.23149999976158142
YBR132C,YNL106C,0,0.23854035,0.28096863627433777,0.9049999713897705,0.23160000145435333
YDL193W,YBL036C,0,0.23840004,0.28088143467903137,0.9049999713897705,0.23170000314712524
YGR148C,YPR104C,0,0.23835461,0.28079429268836975,0.9049999713897705,0.23180000483989716
YCL038C,YOR298C-A,0,0.23801327,0.2807072103023529,0.9049999713897705,0.23190000653266907
YHR065C,YIR035C,0,0.23777047,0.28062015771865845,0.9049999713897705,0.23199999332427979
YBL102W,YPL088W,0,0.23775005,0.28053316473960876,0.9049999713897705,0.2320999950170517
YER016W,YOR312C,0,0.23772506,0.28044623136520386,0.9049999713897705,0.2321999967098236
YOR017W,YOR188W,0,0.23771913,0.2803593575954437,0.9049999713897705,0.23229999840259552
YDL153C,YLR084C,0,0.23769172,0.28027254343032837,0.9049999713897705,0.23240000009536743
YNL264C,YEL003W,0,0.2376917,0.2801857590675354,0.9049999713897705,0.23250000178813934
YHR079C-A,YMR113W,0,0.23766668,0.2800990343093872,0.9049999713897705,0.23260000348091125
YEL034W,YIR035C,0,0.23765822,0.2800123691558838,0.9049999713897705,0.23270000517368317
YDL155W,YGL029W,0,0.23753339,0.27992576360702515,0.9049999713897705,0.23280000686645508
YBR217W,YPL124W,0,0.23750225,0.2798392176628113,0.9049999713897705,0.2328999936580658
YGL125W,YBR083W,0,0.2374625,0.2797527015209198,0.9049999713897705,0.2329999953508377
YKR080W,YGR065C,0,0.23745969,0.2796662449836731,0.9049999713897705,0.23309999704360962
YPL246C,YNL229C,0,0.2370974,0.27957984805107117,0.9049999713897705,0.23319999873638153
YDL181W,YOR245C,0,0.23684227,0.279493510723114,0.9049999713897705,0.23330000042915344
YJR090C,YPL016W,0,0.23669913,0.27940723299980164,0.9049999713897705,0.23340000212192535
YDL178W,YPL072W,0,0.23665443,0.27932098507881165,0.9049999713897705,0.23350000381469727
YMR092C,YBR044C,0,0.23659045,0.27923479676246643,0.9049999713897705,0.23360000550746918
YLR138W,YNL225C,0,0.23650834,0.279148668050766,0.9049999713897705,0.2337000072002411
YKL152C,YCR033W,0,0.2364546,0.2790625989437103,0.9049999713897705,0.2337999939918518
YKL193C,YBR044C,0,0.23640788,0.27897655963897705,0.9049999713897705,0.23389999568462372
YDR051C,YHR019C,0,0.23640165,0.27889060974121094,0.9049999713897705,0.23399999737739563
YJL113W,YJL036W,0,0.23639928,0.2788046896457672,0.9049999713897705,0.23409999907016754
YOR329C,YDL188C,0,0.23638466,0.27871882915496826,0.9049999713897705,0.23420000076293945
YMR052W,YNL336W,0,0.23637643,0.2786329984664917,0.9049999713897705,0.23430000245571136
YHR188C,YGL079W,0,0.23628235,0.2785472571849823,0.9049999713897705,0.23440000414848328
YML066C,YFL034C-B,0,0.2361968,0.2784615457057953,0.9049999713897705,0.2345000058412552
YMR323W,YJR019C,0,0.23615438,0.27837589383125305,0.9049999713897705,0.2345999926328659
YCR023C,YNL326C,0,0.23612738,0.2782902717590332,0.9049999713897705,0.23469999432563782
YLR393W,YMR271C,0,0.23609903,0.2782047390937805,0.9049999713897705,0.23479999601840973
YPR104C,YPR056W,0,0.23583159,0.2781192362308502,0.9049999713897705,0.23489999771118164
YFL052W,YOR003W,0,0.2357589,0.2780337929725647,0.9049999713897705,0.23499999940395355
YDR156W,YLR378C,0,0.23574719,0.27794840931892395,0.9049999713897705,0.23510000109672546
YOR208W,YPR082C,0,0.23559277,0.2778630554676056,0.9049999713897705,0.23520000278949738
YOR231W,YJL036W,0,0.23552185,0.2777777910232544,0.9049999713897705,0.2353000044822693
YLR369W,YLR421C,0,0.23522374,0.2776925563812256,0.9049999713897705,0.2354000061750412
YGL124C,YKL184W,0,0.23520935,0.27760735154151917,0.9049999713897705,0.23549999296665192
YDL156W,YDR489W,0,0.2351388,0.2775222361087799,0.9049999713897705,0.23559999465942383
YPL246C,YJR002W,0,0.23507854,0.27743715047836304,0.9049999713897705,0.23569999635219574
YDR432W,YLR449W,0,0.23507518,0.27735212445259094,0.9049999713897705,0.23579999804496765
YLR035C,YBR044C,0,0.23505396,0.2772671580314636,0.9049999713897705,0.23589999973773956
YPR094W,YJL159W,0,0.2349833,0.2771822214126587,0.9049999713897705,0.23600000143051147
YOL146W,YIL131C,0,0.2348834,0.2770973742008209,0.9049999713897705,0.2361000031232834
YOR202W,YER157W,0,0.23486693,0.27701255679130554,0.9049999713897705,0.2362000048160553
YDR216W,YHR112C,0,0.2346918,0.27692779898643494,0.9049999713897705,0.2363000065088272
YMR161W,YGL077C,0,0.23450212,0.2768430709838867,0.9049999713897705,0.23639999330043793
YMR268C,YPL181W,0,0.23437822,0.2767584025859833,0.9049999713897705,0.23649999499320984
YPR101W,YPL037C,0,0.23424679,0.2766737937927246,0.9049999713897705,0.23659999668598175
YDR311W,YKR086W,0,0.23420148,0.2765892446041107,0.9049999713897705,0.23669999837875366
YNL209W,YER172C,0,0.23419763,0.2765047252178192,0.9049999713897705,0.23680000007152557
YDR354W,YMR044W,0,0.23415188,0.2764202952384949,0.9049999713897705,0.23690000176429749
YMR263W,YMR293C,0,0.23413289,0.27633586525917053,0.9049999713897705,0.2370000034570694
YPL232W,YKL148C,0,0.23402455,0.27625152468681335,0.9049999713897705,0.2371000051498413
YOR307C,YDL150W,0,0.2339778,0.27616721391677856,0.9049999713897705,0.23720000684261322
YGR133W,YHR104W,0,0.23394278,0.27608296275138855,0.9049999713897705,0.23729999363422394
YNL257C,YML075C,0,0.23388195,0.2759987711906433,0.9049999713897705,0.23739999532699585
YMR135C,YPL057C,0,0.23381838,0.27591463923454285,0.9049999713897705,0.23749999701976776
YMR047C,YGL065C,0,0.23371127,0.27583053708076477,0.9049999713897705,0.23759999871253967
YOL094C,YBR221C,0,0.23361033,0.27574649453163147,0.9049999713897705,0.23770000040531158
YBR210W,YOR017W,0,0.23342752,0.27566251158714294,0.9049999713897705,0.2378000020980835
YNL125C,YNR039C,0,0.23337755,0.2755785584449768,0.9049999713897705,0.2379000037908554
YML025C,YKL014C,1,0.23334374,0.27579909563064575,0.906000018119812,0.2379000037908554
YPR023C,YFL018C,0,0.23319514,0.2757151424884796,0.906000018119812,0.23800000548362732
YLR410W,YKR039W,0,0.23311625,0.27563127875328064,0.906000018119812,0.23810000717639923
YHR134W,YDL064W,0,0.23261864,0.27554744482040405,0.906000018119812,0.23819999396800995
YBL084C,YKL157W,0,0.23258032,0.27546367049217224,0.906000018119812,0.23829999566078186
YNL186W,YER048C,0,0.23256654,0.2753799259662628,0.906000018119812,0.23839999735355377
YGL208W,YCR048W,0,0.232481,0.27529627084732056,0.906000018119812,0.23849999904632568
YPL275W,YKL148C,0,0.23246048,0.2752126455307007,0.906000018119812,0.2386000007390976
YAL005C,YGR192C,0,0.23230937,0.2751290500164032,0.906000018119812,0.2387000024318695
YOR125C,YKR029C,0,0.23230815,0.2750455439090729,0.906000018119812,0.23880000412464142
YIL040W,YER001W,0,0.23218817,0.27496206760406494,0.906000018119812,0.23890000581741333
YHR216W,YMR266W,0,0.23217982,0.2748786509037018,0.906000018119812,0.23899999260902405
YOR362C,YIL040W,0,0.23217162,0.274795264005661,0.906000018119812,0.23909999430179596
YBR203W,YPL170W,0,0.23208408,0.274711936712265,0.906000018119812,0.23919999599456787
YPL124W,YER004W,0,0.231982,0.2746286690235138,0.906000018119812,0.23929999768733978
YER169W,YLR117C,0,0.2319199,0.27454546093940735,0.906000018119812,0.2393999993801117
YBL050W,YEL020C,0,0.23170638,0.2744622826576233,0.906000018119812,0.2395000010728836
YNL169C,YKL018W,0,0.23168729,0.274379163980484,0.906000018119812,0.23960000276565552
YPL211W,YAL042W,0,0.23164156,0.2742961049079895,0.906000018119812,0.23970000445842743
YDR085C,YHR178W,0,0.23095271,0.2742130756378174,0.906000018119812,0.23980000615119934
YOL110W,YDR208W,0,0.23092155,0.27413010597229004,0.906000018119812,0.23989999294281006
YNL071W,YKR001C,0,0.2309112,0.27404719591140747,0.906000018119812,0.23999999463558197
YPR020W,YAL032C,0,0.23077747,0.2739643156528473,0.906000018119812,0.24009999632835388
YPL009C,YKL012W,0,0.23073635,0.2738814949989319,0.906000018119812,0.2401999980211258
YOL001W,YDR489W,0,0.23069575,0.27379873394966125,0.906000018119812,0.2402999997138977
YNL154C,YPL249C,0,0.2305724,0.273716002702713,0.906000018119812,0.24040000140666962
YBR127C,YGL032C,0,0.23050468,0.27363333106040955,0.906000018119812,0.24050000309944153
YGL001C,YGR092W,0,0.23047088,0.27355071902275085,0.906000018119812,0.24060000479221344
YMR024W,YJR144W,0,0.23042849,0.27346816658973694,0.906000018119812,0.24070000648498535
YPR104C,YOL091W,0,0.23027417,0.2733856439590454,0.906000018119812,0.24079999327659607
YGL020C,YLR272C,0,0.2301632,0.27330318093299866,0.906000018119812,0.24089999496936798
YLR071C,YAR066W,0,0.23014879,0.2732207477092743,0.906000018119812,0.2409999966621399
YBR073W,YBL100W-A,0,0.23009413,0.2731383740901947,0.906000018119812,0.2410999983549118
YGR247W,YMR092C,0,0.23007648,0.2730560600757599,0.906000018119812,0.24120000004768372
YIR033W,YCR024C-A,0,0.23006788,0.27297377586364746,0.906000018119812,0.24130000174045563
YML025C,YCR033W,0,0.22990173,0.2728915810585022,0.906000018119812,0.24140000343322754
YDL025C,YDR316W,0,0.22986138,0.27280938625335693,0.906000018119812,0.24150000512599945
YPL211W,YBL016W,0,0.22983164,0.27272728085517883,0.906000018119812,0.24160000681877136
YGL047W,YLL032C,0,0.22974968,0.2726452052593231,0.906000018119812,0.24169999361038208
YNL139C,YKR024C,0,0.22971042,0.2725631892681122,0.906000018119812,0.241799995303154
YNL053W,YGL133W,0,0.22962071,0.27248120307922363,0.906000018119812,0.2418999969959259
YKL008C,YNR063W,0,0.22952777,0.27239927649497986,0.906000018119812,0.24199999868869781
YBR073W,YGL245W,0,0.22945341,0.27231740951538086,0.906000018119812,0.24210000038146973
YKL112W,YGR284C,0,0.22939053,0.27223557233810425,0.906000018119812,0.24220000207424164
YGL065C,YNL134C,0,0.22932044,0.2721537947654724,0.906000018119812,0.24230000376701355
YDR338C,YPR165W,0,0.22931269,0.27207207679748535,0.906000018119812,0.24240000545978546
YPR181C,YGL254W,0,0.2292811,0.2719903886318207,0.906000018119812,0.24250000715255737
YKL213C,YJL100W,0,0.22927663,0.2719087600708008,0.906000018119812,0.2425999939441681
YPL045W,YJL091C,0,0.22926539,0.27182719111442566,0.906000018119812,0.24269999563694
YJR105W,YGL086W,0,0.22919469,0.2717456519603729,0.906000018119812,0.24279999732971191
YLR174W,YAL009W,0,0.22911292,0.27166417241096497,0.906000018119812,0.24289999902248383
YHR039C,YPR185W,0,0.22907802,0.2715827226638794,0.906000018119812,0.24300000071525574
YDR097C,YAL032C,0,0.22877055,0.271501362323761,0.906000018119812,0.24310000240802765
YKL073W,YJL154C,0,0.22877029,0.2714200019836426,0.906000018119812,0.24320000410079956
YDL232W,YPR181C,0,0.22828516,0.27133873105049133,0.906000018119812,0.24330000579357147
YOR234C,YLR272C,0,0.22826788,0.2712574899196625,0.906000018119812,0.2433999925851822
YGL079W,YOR003W,0,0.22796766,0.2711763083934784,0.906000018119812,0.2434999942779541
YKL152C,YLL036C,0,0.22795248,0.2710951566696167,0.906000018119812,0.243599995970726
YOL094C,YNL090W,0,0.22774023,0.2710140645503998,0.906000018119812,0.24369999766349792
YIL049W,YDR142C,0,0.2277109,0.27093300223350525,0.906000018119812,0.24379999935626984
YIL097W,YHR166C,0,0.2275928,0.2708520293235779,0.906000018119812,0.24390000104904175
YBL040C,YDR194C,0,0.22756515,0.2707710564136505,0.906000018119812,0.24400000274181366
YDR210W,YNL124W,0,0.2273509,0.2706901729106903,0.906000018119812,0.24410000443458557
YJL050W,YHR032W,0,0.22720917,0.2706093192100525,0.906000018119812,0.24420000612735748
YKL167C,YOR245C,0,0.22719188,0.27052852511405945,0.906000018119812,0.2442999929189682
YHR001W,YEL047C,0,0.22711772,0.2704477608203888,0.906000018119812,0.2443999946117401
YDR099W,YER058W,0,0.22709224,0.2703670561313629,0.906000018119812,0.24449999630451202
YLR034C,YGL160W,0,0.22701842,0.2702864110469818,0.906000018119812,0.24459999799728394
YJL207C,YBR070C,0,0.22699904,0.2702057957649231,0.906000018119812,0.24469999969005585
YBR210W,YPL128C,0,0.22686607,0.27012521028518677,0.906000018119812,0.24480000138282776
YDL212W,YER003C,0,0.22683606,0.2700447142124176,0.906000018119812,0.24490000307559967
YGR074W,YCR089W,0,0.22678676,0.2699642479419708,0.906000018119812,0.24500000476837158
YHL009C,YPL046C,0,0.226785,0.26988381147384644,0.906000018119812,0.2451000064611435
YHR072W,YPR022C,0,0.22670184,0.2698034644126892,0.906000018119812,0.2451999932527542
YJR095W,YDR141C,0,0.22639254,0.269723117351532,0.906000018119812,0.24529999494552612
YLR424W,YAL009W,0,0.22623014,0.2696428596973419,0.906000018119812,0.24539999663829803
YHR115C,YLR424W,0,0.22608532,0.26956263184547424,0.906000018119812,0.24549999833106995
YBL027W,YOR367W,0,0.22592565,0.26948246359825134,0.906000018119812,0.24560000002384186
YGR183C,YDR051C,0,0.22590888,0.26940232515335083,0.906000018119812,0.24570000171661377
YKL146W,YGR284C,0,0.22589877,0.2693222463130951,0.906000018119812,0.24580000340938568
YKL046C,YGL008C,0,0.22589815,0.26924219727516174,0.906000018119812,0.2459000051021576
YBR302C,YML001W,0,0.2258203,0.26916220784187317,0.906000018119812,0.2460000067949295
YPL246C,YOR354C,0,0.22581476,0.26908227801322937,0.906000018119812,0.24609999358654022
YJL154C,YIL097W,0,0.22574808,0.26900237798690796,0.906000018119812,0.24619999527931213
YKL188C,YPL008W,0,0.22564851,0.2689225375652313,0.906000018119812,0.24629999697208405
YDR216W,YBR136W,0,0.22559384,0.2688427269458771,0.906000018119812,0.24639999866485596
YHR098C,YDL122W,0,0.2253353,0.2687629759311676,0.906000018119812,0.24650000035762787
YLR423C,YIL105C,0,0.2252514,0.2686832845211029,0.906000018119812,0.24660000205039978
YJL091C,YHR203C,0,0.2252306,0.2686036229133606,0.906000018119812,0.2467000037431717
YGL125W,YDL104C,0,0.22522186,0.26852402091026306,0.906000018119812,0.2468000054359436
YOR056C,YOR368W,0,0.22514597,0.2684444487094879,0.906000018119812,0.24690000712871552
YNL186W,YMR199W,0,0.22513388,0.26836493611335754,0.906000018119812,0.24699999392032623
YBL084C,YMR170C,0,0.22507569,0.26828545331954956,0.906000018119812,0.24709999561309814
YLR075W,YPL193W,1,0.22507332,0.2685020864009857,0.9070000052452087,0.24709999561309814
YMR079W,YJL093C,0,0.22507143,0.26842260360717773,0.9070000052452087,0.24719999730587006
YFL008W,YGR280C,0,0.22503945,0.2683431804180145,0.9070000052452087,0.24729999899864197
YPR145W,YJR093C,0,0.22495541,0.2682638168334961,0.9070000052452087,0.24740000069141388
YHR115C,YIL067C,0,0.2246606,0.26818451285362244,0.9070000052452087,0.2475000023841858
YJL139C,YML078W,0,0.22445007,0.26810523867607117,0.9070000052452087,0.2476000040769577
YNL035C,YDR258C,0,0.22442839,0.2680259943008423,0.9070000052452087,0.24770000576972961
YML066C,YPL069C,0,0.22437584,0.2679468095302582,0.9070000052452087,0.24779999256134033
YCR102C,YLL005C,0,0.22428066,0.26786768436431885,0.9070000052452087,0.24789999425411224
YGL048C,YGL187C,0,0.22425252,0.2677885890007019,0.9070000052452087,0.24799999594688416
YFL034C-B,YCR043C,0,0.22423357,0.26770955324172974,0.9070000052452087,0.24809999763965607
YNR073C,YHR176W,0,0.22421885,0.26763057708740234,0.9070000052452087,0.24819999933242798
YCR066W,YLR022C,0,0.22397417,0.26755163073539734,0.9070000052452087,0.2483000010251999
YNL053W,YKR045C,0,0.22391377,0.2674727141857147,0.9070000052452087,0.2484000027179718
YJL209W,YER170W,0,0.22379534,0.2673938572406769,0.9070000052452087,0.2485000044107437
YGR287C,YLR368W,0,0.22361958,0.2673150599002838,0.9070000052452087,0.24860000610351562
YFR042W,YER018C,0,0.22359963,0.26723629236221313,0.9070000052452087,0.24869999289512634
YKR080W,YKR003W,0,0.22359198,0.26715758442878723,0.9070000052452087,0.24879999458789825
YPR052C,YKR024C,0,0.2235823,0.2670789062976837,0.9070000052452087,0.24889999628067017
YHR039C,YKR092C,0,0.2234653,0.267000287771225,0.9070000052452087,0.24899999797344208
YDL181W,YLL028W,0,0.22340265,0.266921728849411,0.9070000052452087,0.249099999666214
YKL163W,YNR069C,0,0.22335982,0.26684319972991943,0.9070000052452087,0.2492000013589859
YKR087C,YPR165W,0,0.22324812,0.26676470041275024,0.9070000052452087,0.2493000030517578
YBR073W,YLL054C,0,0.22323085,0.26668626070022583,0.9070000052452087,0.24940000474452972
YHR200W,YLR117C,0,0.2231436,0.2666078805923462,0.9070000052452087,0.24950000643730164
YPR082C,YNL009W,0,0.22312093,0.26652953028678894,0.9070000052452087,0.24959999322891235
YBR044C,YEL047C,0,0.22310428,0.26645123958587646,0.9070000052452087,0.24969999492168427
YIL105C,YNL003C,0,0.22308326,0.2663729786872864,0.9070000052452087,0.24979999661445618
YPL108W,YLR453C,0,0.22299619,0.26629477739334106,0.9070000052452087,0.2498999983072281
YJL010C,YML075C,0,0.22238374,0.26621660590171814,0.9070000052452087,0.25
YOL013C,YGL013C,0,0.2223797,0.26613849401474,0.9070000052452087,0.2500999867916107
YML066C,YOR255W,0,0.2223689,0.2660604417324066,0.9070000052452087,0.2502000033855438
YER003C,YHR043C,0,0.2223072,0.26598241925239563,0.9070000052452087,0.25029999017715454
YIL023C,YPL181W,0,0.22224933,0.26590442657470703,0.9070000052452087,0.25040000677108765
YHR019C,YKL084W,0,0.2221686,0.2658264935016632,0.9070000052452087,0.25049999356269836
YGR166W,YAR066W,0,0.22211775,0.26574862003326416,0.9070000052452087,0.25060001015663147
YLR272C,YCR048W,0,0.22204955,0.2656707763671875,0.9070000052452087,0.2506999969482422
YKL008C,YPL212C,0,0.22190326,0.2655929625034332,0.9070000052452087,0.2508000135421753
YPR151C,YMR044W,0,0.22171377,0.26551520824432373,0.9070000052452087,0.250900000333786
YLR410W,YDR354W,0,0.22168554,0.265437513589859,0.9070000052452087,0.25099998712539673
YGR090W,YML065W,0,0.22157915,0.2653598487377167,0.9070000052452087,0.25110000371932983
YNL316C,YLL028W,0,0.22155967,0.2652822434902191,0.9070000052452087,0.25119999051094055
YNL275W,YLL028W,0,0.22144088,0.26520466804504395,0.9070000052452087,0.25130000710487366
YML069W,YFL018C,0,0.2213654,0.26512715220451355,0.9070000052452087,0.2513999938964844
YOR140W,YKR046C,0,0.22135445,0.26504966616630554,0.9070000052452087,0.2515000104904175
YJR086W,YBL105C,0,0.22132912,0.2649722397327423,0.9070000052452087,0.2515999972820282
YKR024C,YLR340W,1,0.22128017,0.2651869058609009,0.9079999923706055,0.2515999972820282
YGR203W,YIL017C,0,0.22115391,0.26510947942733765,0.9079999923706055,0.2517000138759613
YDL232W,YLR226W,0,0.22106871,0.2650321125984192,0.9079999923706055,0.251800000667572
YBR265W,YOL001W,0,0.22101498,0.2649547755718231,0.9079999923706055,0.25189998745918274
YBR280C,YNL005C,0,0.22093116,0.26487746834754944,0.9079999923706055,0.25200000405311584
YEL060C,YCR089W,0,0.22085437,0.26480022072792053,0.9079999923706055,0.25209999084472656
YBR302C,YNL329C,0,0.22084641,0.2647230327129364,0.9079999923706055,0.25220000743865967
YOL088C,YBR070C,0,0.22078322,0.26464587450027466,0.9079999923706055,0.2522999942302704
YBR235W,YOR231W,0,0.2207794,0.2645687758922577,0.9079999923706055,0.2524000108242035
YER141W,YKR029C,0,0.22074379,0.2644917070865631,0.9079999923706055,0.2524999976158142
YBR234C,YNL021W,0,0.22072467,0.2644146680831909,0.9079999923706055,0.2526000142097473
YDL064W,YJR093C,0,0.22072029,0.2643376886844635,0.9079999923706055,0.25270000100135803
YLR057W,YGL043W,0,0.22066775,0.26426076889038086,0.9079999923706055,0.25279998779296875
YBR235W,YML130C,0,0.22064513,0.2641838788986206,0.9079999923706055,0.25290000438690186
YCL045C,YKL113C,0,0.2204414,0.2641070485115051,0.9079999923706055,0.2529999911785126
YIL066C,YGL166W,0,0.22041622,0.26403024792671204,0.9079999923706055,0.2531000077724457
YBL006C,YDR113C,0,0.22021827,0.26395347714424133,0.9079999923706055,0.2531999945640564
YKL107W,YGL044C,0,0.22005698,0.2638767659664154,0.9079999923706055,0.2533000111579895
YDR485C,YNL222W,0,0.21996076,0.26380011439323425,0.9079999923706055,0.2533999979496002
YOR128C,YML114C,0,0.21994947,0.2637234926223755,0.9079999923706055,0.2535000145435333
YGR074W,YMR121C,0,0.21978801,0.2636469304561615,0.9079999923706055,0.25360000133514404
YKR045C,YCR033W,0,0.21978799,0.2635703980922699,0.9079999923706055,0.25369998812675476
YHR065C,YIR028W,0,0.21973747,0.2634938955307007,0.9079999923706055,0.25380000472068787
YGL011C,YNL116W,0,0.21968767,0.26341745257377625,0.9079999923706055,0.2538999915122986
YBL036C,YML126C,0,0.2196199,0.2633410692214966,0.9079999923706055,0.2540000081062317
YOR336W,YBL097W,0,0.21957755,0.2632647156715393,0.9079999923706055,0.2540999948978424
YNL152W,YOR375C,0,0.21954167,0.2631883919239044,0.9079999923706055,0.2542000114917755
YEL034W,YNL225C,0,0.21945128,0.2631121277809143,0.9079999923706055,0.25429999828338623
YOL006C,YDR221W,0,0.21922596,0.26303592324256897,0.9079999923706055,0.25440001487731934
YCR027C,YMR323W,0,0.21918942,0.262959748506546,0.9079999923706055,0.25450000166893005
YGL043W,YPL249C-A,0,0.21895479,0.26288360357284546,0.9079999923706055,0.25459998846054077
YMR014W,YGR096W,0,0.21892844,0.2628075182437897,0.9079999923706055,0.2547000050544739
YPR029C,YOL119C,0,0.2188386,0.26273149251937866,0.9079999923706055,0.2547999918460846
YPL170W,YGL012W,0,0.21868262,0.26265546679496765,0.9079999923706055,0.2549000084400177
YLR233C,YNL225C,0,0.2186319,0.2625795304775238,0.9079999923706055,0.2549999952316284
YJR086W,YNR036C,0,0.21853714,0.26250362396240234,0.9079999923706055,0.2551000118255615
YPL249C-A,YBR171W,0,0.2185277,0.26242774724960327,0.9079999923706055,0.25519999861717224
YKL220C,YIL065C,0,0.21848053,0.262351930141449,0.9079999923706055,0.25529998540878296
YPL047W,YLL054C,0,0.21837021,0.26227614283561707,0.9079999923706055,0.25540000200271606
YNL152W,YNL220W,0,0.21834202,0.26220041513442993,0.9079999923706055,0.2554999887943268
YBL016W,YMR021C,0,0.21817775,0.2621247172355652,0.9079999923706055,0.2556000053882599
YMR011W,YNL099C,0,0.2180729,0.2620490491390228,0.9079999923706055,0.2556999921798706
YGL224C,YIL091C,0,0.21798751,0.26197347044944763,0.9079999923706055,0.2558000087738037
YFR042W,YNL177C,0,0.21796253,0.26189789175987244,0.9079999923706055,0.25589999556541443
YMR197C,YKL184W,0,0.21790588,0.261822372674942,0.9079999923706055,0.25600001215934753
YNL002C,YPR101W,0,0.21762443,0.26174691319465637,0.9079999923706055,0.25609999895095825
YCR089W,YPR004C,0,0.21749982,0.2616714835166931,0.9079999923706055,0.25619998574256897
YOR328W,YDR293C,0,0.21746951,0.26159608364105225,0.9079999923706055,0.2563000023365021
YFL018C,YKR045C,0,0.21735094,0.26152074337005615,0.9079999923706055,0.2563999891281128
YBR127C,YML058W,0,0.21731573,0.26144543290138245,0.9079999923706055,0.2565000057220459
YER157W,YMR231W,0,0.21729833,0.2613701820373535,0.9079999923706055,0.2565999925136566
YML111W,YML075C,0,0.21720532,0.261294960975647,0.9079999923706055,0.2567000091075897
YDL010W,YNL224C,0,0.21715802,0.2612197995185852,0.9079999923706055,0.25679999589920044
YBR210W,YOL001W,0,0.21708003,0.2611446678638458,0.9079999923706055,0.25690001249313354
YCR048W,YML026C,0,0.21695057,0.26106956601142883,0.9079999923706055,0.25699999928474426
YJR137C,YDL058W,0,0.21691176,0.2609945237636566,0.9079999923706055,0.257099986076355
YJL204C,YER073W,0,0.21685718,0.2609195411205292,0.9079999923706055,0.2572000026702881
YHL007C,YDR163W,0,0.21678832,0.2608445882797241,0.9079999923706055,0.2572999894618988
YBR126C,YGR284C,0,0.21676305,0.26076966524124146,0.9079999923706055,0.2574000060558319
YCL026C-A,YBR229C,0,0.21674998,0.26069480180740356,0.9079999923706055,0.2574999928474426
YGR108W,YLR410W,0,0.21673122,0.26061996817588806,0.9079999923706055,0.25760000944137573
YGR041W,YGL175C,0,0.21672803,0.26054519414901733,0.9079999923706055,0.25769999623298645
YPL124W,YIL065C,0,0.21660434,0.260470449924469,0.9079999923706055,0.25780001282691956
YCR088W,YJR161C,0,0.21650548,0.26039576530456543,0.9079999923706055,0.2578999996185303
YBL046W,YOR188W,0,0.21645337,0.26032111048698425,0.9079999923706055,0.257999986410141
YLR135W,YOR202W,0,0.21641514,0.26024648547172546,0.9079999923706055,0.2581000030040741
YJR007W,YFR044C,0,0.21627718,0.26017192006111145,0.9079999923706055,0.2581999897956848
YPL265W,YOR171C,0,0.21627522,0.2600973844528198,0.9079999923706055,0.2583000063896179
YNL069C,YKR042W,0,0.21591562,0.260022908449173,0.9079999923706055,0.25839999318122864
YJR125C,YPL192C,0,0.21582235,0.2599484622478485,0.9079999923706055,0.25850000977516174
YPL108W,YLR355C,0,0.21577102,0.2598740756511688,0.9079999923706055,0.25859999656677246
YJR044C,YLL054C,0,0.21575986,0.2597997188568115,0.9079999923706055,0.25870001316070557
YDL042C,YKL073W,0,0.21560708,0.2597253918647766,0.9079999923706055,0.2587999999523163
YDR346C,YJL118W,0,0.21553692,0.2596511244773865,0.9079999923706055,0.258899986743927
YMR167W,YHR042W,0,0.21546003,0.2595768868923187,0.9079999923706055,0.2590000033378601
YGR133W,YFL034C-B,0,0.21542057,0.25950270891189575,0.9079999923706055,0.2590999901294708
YJL159W,YER122C,0,0.21529034,0.25942856073379517,0.9079999923706055,0.25920000672340393
YDR349C,YFR051C,0,0.21526949,0.25935447216033936,0.9079999923706055,0.25929999351501465
YJL139C,YPR121W,0,0.21523164,0.25928041338920593,0.9079999923706055,0.25940001010894775
YJR047C,YDL104C,0,0.21521094,0.2592063844203949,0.9079999923706055,0.25949999690055847
YGR152C,YNL197C,0,0.21518661,0.25913241505622864,0.9079999923706055,0.2596000134944916
YGL079W,YML058W,0,0.21488978,0.25905847549438477,0.9079999923706055,0.2597000002861023
YML029W,YHR032W,0,0.21480694,0.25898459553718567,0.9079999923706055,0.259799987077713
YPR052C,YDL161W,0,0.2148048,0.25891074538230896,0.9079999923706055,0.2599000036716461
YPL084W,YGL012W,0,0.21466894,0.258836954832077,0.9079999923706055,0.25999999046325684
YBL066C,YML025C,0,0.21457039,0.2587631940841675,0.9079999923706055,0.26010000705718994
YPL217C,YER183C,0,0.21449846,0.2586894631385803,0.9079999923706055,0.26019999384880066
YJL209W,YBR136W,0,0.21438634,0.25861579179763794,0.9079999923706055,0.26030001044273376
YCL033C,YKL184W,0,0.21438375,0.25854215025901794,0.9079999923706055,0.2603999972343445
YPL069C,YNR046W,0,0.21414551,0.25846853852272034,0.9079999923706055,0.2605000138282776
YNL321W,YBL067C,0,0.21406388,0.2583949863910675,0.9079999923706055,0.2606000006198883
YJR113C,YGL181W,0,0.21386378,0.25832149386405945,0.9079999923706055,0.260699987411499
YPR183W,YLR307W,0,0.2137515,0.2582480013370514,0.9079999923706055,0.26080000400543213
YPR201W,YLL010C,0,0.21373658,0.2581745684146881,0.9079999923706055,0.26089999079704285
YBL102W,YML038C,0,0.2136297,0.2581011950969696,0.9079999923706055,0.26100000739097595
YDR214W,YMR190C,0,0.21361981,0.2580278515815735,0.9079999923706055,0.26109999418258667
YOL144W,YLR340W,1,0.21357125,0.25823864340782166,0.9089999794960022,0.26109999418258667
YIR022W,YBL003C,0,0.21356013,0.25816529989242554,0.9089999794960022,0.2612000107765198
YOR149C,YGR206W,0,0.21351828,0.2580919861793518,0.9089999794960022,0.2612999975681305
YHR115C,YGR098C,0,0.21331328,0.25801873207092285,0.9089999794960022,0.2614000141620636
YNL003C,YEL047C,0,0.21329279,0.2579455077648163,0.9089999794960022,0.2615000009536743
YDL004W,YKL163W,0,0.21322255,0.2578723430633545,0.9089999794960022,0.26159998774528503
YLR340W,YGL111W,1,0.2131652,0.2580828070640564,0.9100000262260437,0.26159998774528503
YKR067W,YPL132W,0,0.21310696,0.2580096423625946,0.9100000262260437,0.26170000433921814
YHR143W-A,YER160C,0,0.21307251,0.2579365074634552,0.9100000262260437,0.26179999113082886
YAR071W,YLR210W,0,0.2129547,0.25786343216896057,0.9100000262260437,0.26190000772476196
YLR424W,YPL266W,0,0.21292502,0.25779035687446594,0.9100000262260437,0.2619999945163727
YNR036C,YGR206W,0,0.21283203,0.2577173709869385,0.9100000262260437,0.2621000111103058
YNL003C,YKL012W,0,0.21279594,0.257644385099411,0.9100000262260437,0.2621999979019165
YBR215W,YJL159W,0,0.21278037,0.2575714588165283,0.9100000262260437,0.2623000144958496
YDR017C,YLL005C,0,0.21270949,0.2574985921382904,0.9100000262260437,0.2624000012874603
YBR210W,YJR093C,0,0.21266563,0.2574257552623749,0.9100000262260437,0.26249998807907104
YNL300W,YOR197W,0,0.21262032,0.25735294818878174,0.9100000262260437,0.26260000467300415
YGL079W,YGL257C,0,0.2123991,0.257280170917511,0.9100000262260437,0.26269999146461487
YDR006C,YOR100C,0,0.21237828,0.257207453250885,0.9100000262260437,0.262800008058548
YBR210W,YJR002W,0,0.21237567,0.2571347951889038,0.9100000262260437,0.2628999948501587
YGR240C,YBR221C,0,0.21220839,0.2570621371269226,0.9100000262260437,0.2630000114440918
YGR227W,YML075C,0,0.2116825,0.2569895386695862,0.9100000262260437,0.2630999982357025
YJL047C,YIL040W,0,0.21161015,0.25691699981689453,0.9100000262260437,0.2632000148296356
YER026C,YGL079W,0,0.21150775,0.25684449076652527,0.9100000262260437,0.26330000162124634
YEL034W,YPL108W,0,0.2112119,0.2567720115184784,0.9100000262260437,0.26339998841285706
YGR023W,YGL150C,0,0.21114689,0.2566995620727539,0.9100000262260437,0.26350000500679016
YOR284W,YLL052C,0,0.21111152,0.2566271722316742,0.9100000262260437,0.2635999917984009
YPR061C,YDL222C,0,0.21104792,0.25655484199523926,0.9100000262260437,0.263700008392334
YKL046C,YER042W,0,0.21103704,0.2564825117588043,0.9100000262260437,0.2637999951839447
YCL040W,YDL239C,0,0.21099381,0.25641027092933655,0.9100000262260437,0.2639000117778778
YOR095C,YPR082C,0,0.2109257,0.2563380300998688,0.9100000262260437,0.2639999985694885
YGR028W,YAL055W,0,0.210781,0.2562658488750458,0.9100000262260437,0.26409998536109924
YDL155W,YHR152W,0,0.21068165,0.25619369745254517,0.9100000262260437,0.26420000195503235
YNL134C,YGR091W,0,0.21067986,0.25612157583236694,0.9100000262260437,0.26429998874664307
YKR086W,YBL101C,0,0.21024974,0.2560495138168335,0.9100000262260437,0.26440000534057617
YGL023C,YPR009W,0,0.21023063,0.25597748160362244,0.9100000262260437,0.2644999921321869
YCR027C,YJR043C,0,0.21003488,0.25590550899505615,0.9100000262260437,0.26460000872612
YGR157W,YBL046W,0,0.20998529,0.25583356618881226,0.9100000262260437,0.2646999955177307
YJL177W,YER172C,0,0.20986098,0.25576165318489075,0.9100000262260437,0.2648000121116638
YGR198W,YLL032C,0,0.20976299,0.255689799785614,0.9100000262260437,0.26489999890327454
YNL300W,YNL336W,0,0.20965248,0.25561797618865967,0.9100000262260437,0.26499998569488525
YGR227W,YCR102C,0,0.2095382,0.2555461823940277,0.9100000262260437,0.26510000228881836
YKL213C,YNR026C,0,0.20943995,0.2554744482040405,0.9100000262260437,0.2651999890804291
YGL250W,YKR001C,0,0.20940098,0.25540274381637573,0.9100000262260437,0.2653000056743622
YPR020W,YKL012W,0,0.20926154,0.2553310990333557,0.9100000262260437,0.2653999924659729
YPL055C,YDR051C,0,0.20926143,0.2552594542503357,0.9100000262260437,0.265500009059906
YNL326C,YBR204C,0,0.20900777,0.25518789887428284,0.9100000262260437,0.2655999958515167
YDR349C,YML130C,0,0.2089855,0.25511634349823,0.9100000262260437,0.26570001244544983
YMR047C,YNL169C,0,0.2089711,0.2550448477268219,0.9100000262260437,0.26579999923706055
YNR069C,YLR119W,0,0.20883805,0.2549733817577362,0.9100000262260437,0.26589998602867126
YLR408C,YKR001C,0,0.20881513,0.2549019753932953,0.9100000262260437,0.26600000262260437
YIL016W,YKL160W,0,0.20879844,0.25483056902885437,0.9100000262260437,0.2660999894142151
YMR044W,YJL160C,0,0.20865333,0.2547592520713806,0.9100000262260437,0.2662000060081482
YBR228W,YMR190C,0,0.20845482,0.25468793511390686,0.9100000262260437,0.2662999927997589
YER118C,YLR210W,0,0.208435,0.2546166777610779,0.9100000262260437,0.266400009393692
YML038C,YAL042W,0,0.20822236,0.2545454502105713,0.9100000262260437,0.26649999618530273
YHR034C,YMR231W,0,0.2081959,0.2544742822647095,0.9100000262260437,0.26660001277923584
YIL041W,YGR231C,0,0.20816377,0.25440314412117004,0.9100000262260437,0.26669999957084656
YNL071W,YGR206W,0,0.20811108,0.254332035779953,0.9100000262260437,0.2667999863624573
YNL083W,YPR124W,0,0.20810385,0.25426095724105835,0.9100000262260437,0.2669000029563904
YLR166C,YCR020W-B,0,0.2080991,0.25418993830680847,0.9100000262260437,0.2669999897480011
YMR214W,YMR260C,0,0.20804125,0.254118949174881,0.9100000262260437,0.2671000063419342
YCR088W,YFL022C,0,0.20803174,0.25404801964759827,0.9100000262260437,0.2671999931335449
YGL099W,YER172C,0,0.20798814,0.25397711992263794,0.9100000262260437,0.267300009727478
YLR398C,YEL071W,0,0.2079184,0.25390625,0.9100000262260437,0.26739999651908875
YLR116W,YDL226C,0,0.20761397,0.25383543968200684,0.9100000262260437,0.26750001311302185
YER006W,YDR354W,0,0.20755789,0.25376462936401367,0.9100000262260437,0.26759999990463257
YGL255W,YPL162C,0,0.20751931,0.25369390845298767,0.9100000262260437,0.2676999866962433
YHR123W,YPL181W,0,0.20751116,0.25362318754196167,0.9100000262260437,0.2678000032901764
YGR195W,YFL008W,0,0.20749915,0.25355252623558044,0.9100000262260437,0.2678999900817871
YGR157W,YGR128C,0,0.20741592,0.2534818947315216,0.9100000262260437,0.2680000066757202
YFL055W,YPR023C,0,0.20740637,0.25341129302978516,0.9100000262260437,0.26809999346733093
YDL020C,YNL003C,0,0.20730723,0.2533407509326935,0.9100000262260437,0.26820001006126404
YLR410W,YML093W,0,0.20719829,0.2532702386379242,0.9100000262260437,0.26829999685287476
YPR029C,YDR099W,0,0.20711212,0.2531997859477997,0.9100000262260437,0.26840001344680786
YDL002C,YLR144C,0,0.20701191,0.25312933325767517,0.9100000262260437,0.2685000002384186
YDR123C,YDR037W,0,0.20661151,0.25305894017219543,0.9100000262260437,0.2685999870300293
YPL055C,YLR368W,0,0.20642945,0.2529886066913605,0.9100000262260437,0.2687000036239624
YJL092W,YGR098C,0,0.20640837,0.2529182732105255,0.9100000262260437,0.2687999904155731
YDR191W,YBL097W,0,0.20637652,0.2528479993343353,0.9100000262260437,0.2689000070095062
YHR124W,YOR028C,0,0.20636803,0.2527777850627899,0.9100000262260437,0.26899999380111694
YNL069C,YMR134W,0,0.20632982,0.2527075707912445,0.9100000262260437,0.26910001039505005
YGL022W,YJL184W,0,0.20632276,0.25263741612434387,0.9100000262260437,0.26919999718666077
YHR176W,YML121W,0,0.20628956,0.2525672912597656,0.9100000262260437,0.26930001378059387
YNL113W,YOR303W,0,0.206189,0.25249722599983215,0.9100000262260437,0.2694000005722046
YER021W,YDR141C,0,0.20615928,0.25242719054222107,0.9100000262260437,0.2694999873638153
YGL184C,YDR450W,0,0.20610313,0.2523571848869324,0.9100000262260437,0.2696000039577484
YBL005W-A,YBR171W,0,0.20609707,0.25228720903396606,0.9100000262260437,0.26969999074935913
YDL181W,YNL106C,0,0.20578206,0.25221729278564453,0.9100000262260437,0.26980000734329224
YDR541C,YIL040W,0,0.20574783,0.2521474063396454,0.9100000262260437,0.26989999413490295
YPL037C,YOR360C,0,0.20571947,0.25207754969596863,0.9100000262260437,0.27000001072883606
YGL100W,YDL025C,0,0.20563792,0.25200775265693665,0.9100000262260437,0.2700999975204468
YLR002C,YER183C,0,0.20561463,0.25193798542022705,0.9100000262260437,0.2702000141143799
YKR045C,YBR070C,0,0.20559767,0.25186824798583984,0.9100000262260437,0.2703000009059906
YLR274W,YPL187W,0,0.20556602,0.2517985701560974,0.9100000262260437,0.2703999876976013
YPL055C,YLR307W,0,0.20553814,0.25172892212867737,0.9100000262260437,0.2705000042915344
YDL020C,YOR197W,0,0.20543599,0.2516593039035797,0.9100000262260437,0.27059999108314514
YOR354C,YNL106C,0,0.20540807,0.25158971548080444,0.9100000262260437,0.27070000767707825
YPL249C-A,YJR144W,0,0.2053957,0.25152018666267395,0.9100000262260437,0.27079999446868896
YHR018C,YDL165W,0,0.205269,0.25145068764686584,0.9100000262260437,0.27090001106262207
YLR272C,YLR424W,0,0.20513815,0.2513812184333801,0.9100000262260437,0.2709999978542328
YDR432W,YFL002C,0,0.20494589,0.2513117790222168,0.9100000262260437,0.2711000144481659
YMR263W,YLR133W,0,0.20492947,0.25124239921569824,0.9100000262260437,0.2712000012397766
YGR108W,YKR042W,0,0.20488529,0.2511730492115021,0.9100000262260437,0.27129998803138733
YML001W,YPR004C,0,0.20479062,0.2511037588119507,0.9100000262260437,0.27140000462532043
YDL178W,YKR086W,0,0.2047593,0.2510344684123993,0.9100000262260437,0.27149999141693115
YNL003C,YBL009W,0,0.2045186,0.2509652376174927,0.9100000262260437,0.27160000801086426
YOL119C,YBR018C,0,0.2043825,0.25089606642723083,0.9100000262260437,0.271699994802475
YPR020W,YGL234W,0,0.20434713,0.250826895236969,0.9100000262260437,0.2718000113964081
YOR196C,YHR084W,0,0.20417625,0.25075778365135193,0.9100000262260437,0.2718999981880188
YLR071C,YDL025C,0,0.20393583,0.25068870186805725,0.9100000262260437,0.2720000147819519
YGL065C,YJR125C,0,0.20371701,0.25061964988708496,0.9100000262260437,0.2721000015735626
YIR028W,YPL124W,0,0.20369327,0.25055065751075745,0.9100000262260437,0.27219998836517334
YPL029W,YBR057C,0,0.20365727,0.2504816949367523,0.9100000262260437,0.27230000495910645
YLR405W,YBR110W,0,0.2036482,0.2504127621650696,0.9100000262260437,0.27239999175071716
YJR093C,YNL229C,0,0.20356932,0.2503438889980316,0.9100000262260437,0.27250000834465027
YOR094W,YHL020C,0,0.20354751,0.25027501583099365,0.9100000262260437,0.272599995136261
YER042W,YDR450W,0,0.2035286,0.25020620226860046,0.9100000262260437,0.2727000117301941
YKL221W,YJL159W,0,0.20333284,0.25013744831085205,0.9100000262260437,0.2727999985218048
YCR023C,YDR409W,0,0.20328857,0.25006869435310364,0.9100000262260437,0.2728999853134155
YDR147W,YLR341W,0,0.20316231,0.25,0.9100000262260437,0.27300000190734863
YMR011W,YDL064W,0,0.20314564,0.24993133544921875,0.9100000262260437,0.27309998869895935
YPL268W,YNL021W,0,0.20310327,0.24986271560192108,0.9100000262260437,0.27320000529289246
YLL039C,YNR051C,0,0.20307544,0.2497941255569458,0.9100000262260437,0.2732999920845032
YML110C,YJR019C,0,0.20306793,0.2497255802154541,0.9100000262260437,0.2734000086784363
YBR018C,YLL005C,0,0.20305698,0.2496570646762848,0.9100000262260437,0.273499995470047
YIL063C,YPL162C,0,0.20296676,0.24958859384059906,0.9100000262260437,0.2736000120639801
YHL018W,YLL028W,0,0.20296215,0.24952015280723572,0.9100000262260437,0.2736999988555908
YPL081W,YLL032C,0,0.20287663,0.24945175647735596,0.9100000262260437,0.27379998564720154
YBR221C,YER004W,0,0.20287085,0.24938338994979858,0.9100000262260437,0.27390000224113464
YGL184C,YLR378C,0,0.20273602,0.2493150681257248,0.9100000262260437,0.27399998903274536
YCR027C,YNL154C,0,0.2026777,0.2492467761039734,0.9100000262260437,0.27410000562667847
YBL040C,YBR154C,0,0.20263694,0.24917852878570557,0.9100000262260437,0.2741999924182892
YMR214W,YPR052C,0,0.20263562,0.24911032617092133,0.9100000262260437,0.2743000090122223
YBR126C,YFL052W,0,0.202605,0.24904213845729828,0.9100000262260437,0.274399995803833
YLR013W,YPL124W,0,0.20256329,0.24897401034832,0.9100000262260437,0.2745000123977661
YLR116W,YHR091C,0,0.20251998,0.24890591204166412,0.9100000262260437,0.27459999918937683
YOL006C,YGR207C,0,0.20234461,0.24883784353733063,0.9100000262260437,0.27469998598098755
YPL009C,YGL208W,0,0.20227489,0.2487698197364807,0.9100000262260437,0.27480000257492065
YPR145W,YGR163W,0,0.20222904,0.24870182573795319,0.9100000262260437,0.27489998936653137
YNL323W,YJR144W,0,0.20218441,0.24863387644290924,0.9100000262260437,0.2750000059604645
YDR143C,YOR140W,0,0.20211814,0.24856597185134888,0.9100000262260437,0.2750999927520752
YDL005C,YBR216C,0,0.20205429,0.2484980821609497,0.9100000262260437,0.2752000093460083
YHR115C,YMR014W,0,0.20205063,0.2484302520751953,0.9100000262260437,0.275299996137619
YDR264C,YPL079W,0,0.20197733,0.2483624517917633,0.9100000262260437,0.2754000127315521
YOR293W,YJL203W,0,0.20180036,0.2482946813106537,0.9100000262260437,0.27549999952316284
YML025C,YDL031W,1,0.20175245,0.24849972128868103,0.9110000133514404,0.27549999952316284
YOR128C,YJL092W,0,0.20170939,0.2484319657087326,0.9110000133514404,0.27559998631477356
YDR294C,YIL015W,0,0.20167965,0.24836422502994537,0.9110000133514404,0.27570000290870667
YDR339C,YDL207W,0,0.20165104,0.24829654395580292,0.9110000133514404,0.2757999897003174
YLR340W,YBL036C,0,0.20162192,0.24822887778282166,0.9110000133514404,0.2759000062942505
YML029W,YOR077W,0,0.20157431,0.24816127121448517,0.9110000133514404,0.2759999930858612
YBR258C,YCL026C-A,0,0.20149846,0.24809367954730988,0.9110000133514404,0.2761000096797943
YPL170W,YMR167W,0,0.20137213,0.24802613258361816,0.9110000133514404,0.27619999647140503
YNL064C,YMR271C,0,0.2012958,0.24795863032341003,0.9110000133514404,0.27630001306533813
YGL201C,YOR198C,0,0.20112807,0.2478911578655243,0.9110000133514404,0.27639999985694885
YGR023W,YGL130W,0,0.201096,0.24782371520996094,0.9110000133514404,0.27649998664855957
YEL034W,YNL321W,0,0.20084524,0.24775631725788116,0.9110000133514404,0.2766000032424927
YNL072W,YDR104C,0,0.20083186,0.24768896400928497,0.9110000133514404,0.2766999900341034
YHR039C,YGR207C,0,0.20072919,0.24762164056301117,0.9110000133514404,0.2768000066280365
YOL128C,YER016W,0,0.20063166,0.24755434691905975,0.9110000133514404,0.2768999934196472
YDR237W,YHR050W,0,0.20060836,0.24748709797859192,0.9110000133514404,0.2770000100135803
YLL015W,YDL058W,0,0.20049393,0.24741987884044647,0.9110000133514404,0.27709999680519104
YOR368W,YDR409W,0,0.20032725,0.2473527044057846,0.9110000133514404,0.27720001339912415
YGR172C,YGL150C,0,0.20025808,0.24728555977344513,0.9110000133514404,0.27730000019073486
YDR147W,YBL100W-A,0,0.20024872,0.24721845984458923,0.9110000133514404,0.2773999869823456
YGL048C,YKL107W,0,0.20023836,0.24715138971805573,0.9110000133514404,0.2775000035762787
YAR014C,YNL229C,0,0.20012082,0.2470843493938446,0.9110000133514404,0.2775999903678894
YAR008W,YJL207C,0,0.2001068,0.24701735377311707,0.9110000133514404,0.2777000069618225
YPR082C,YGR172C,0,0.20006545,0.24695038795471191,0.9110000133514404,0.2777999937534332
YGR278W,YHL013C,0,0.19981119,0.24688346683979034,0.9110000133514404,0.27790001034736633
YER006W,YBR004C,0,0.19967753,0.24681657552719116,0.9110000133514404,0.27799999713897705
YPL005W,YER166W,0,0.19957426,0.24674972891807556,0.9110000133514404,0.27810001373291016
YAL055W,YOR005C,0,0.19929865,0.24668291211128235,0.9110000133514404,0.2782000005245209
YBR280C,YMR106C,0,0.19924653,0.24661614000797272,0.9110000133514404,0.2782999873161316
YPL236C,YJL160C,0,0.19905166,0.24654939770698547,0.9110000133514404,0.2784000039100647
YEL034W,YCR069W,0,0.19901773,0.24648268520832062,0.9110000133514404,0.2784999907016754
YJR014W,YER075C,0,0.1989953,0.24641601741313934,0.9110000133514404,0.2786000072956085
YNL323W,YJL159W,0,0.19889122,0.24634937942028046,0.9110000133514404,0.27869999408721924
YJL139C,YBR139W,0,0.19884032,0.24628278613090515,0.9110000133514404,0.27880001068115234
YDR104C,YPR025C,0,0.19879094,0.24621622264385223,0.9110000133514404,0.27889999747276306
YDL079C,YNL097C,0,0.19877377,0.2461496889591217,0.9110000133514404,0.27900001406669617
YLL039C,YIL105C,0,0.1986967,0.24608319997787476,0.9110000133514404,0.2791000008583069
YDR104C,YGL166W,0,0.19845685,0.2460167407989502,0.9110000133514404,0.2791999876499176
YBR203W,YPL072W,0,0.19841467,0.24595032632350922,0.9110000133514404,0.2793000042438507
YKL163W,YDR155C,0,0.19837704,0.24588394165039062,0.9110000133514404,0.2793999910354614
YKL096W,YKL193C,0,0.1983112,0.24581758677959442,0.9110000133514404,0.27950000762939453
YER124C,YNL134C,0,0.19814622,0.2457512766122818,0.9110000133514404,0.27959999442100525
YBR239C,YBR161W,0,0.19810316,0.24568501114845276,0.9110000133514404,0.27970001101493835
YGR033C,YPL081W,0,0.19799505,0.2456187605857849,0.9110000133514404,0.2797999978065491
YCL033C,YOR360C,0,0.19784151,0.24555255472660065,0.9110000133514404,0.2799000144004822
YLR084C,YGL065C,0,0.19783767,0.24548639357089996,0.9110000133514404,0.2800000011920929
YJR007W,YOL044W,0,0.1977523,0.24542026221752167,0.9110000133514404,0.2800999879837036
YCR048W,YBR110W,0,0.19756562,0.24535416066646576,0.9110000133514404,0.2802000045776367
YDR385W,YER018C,0,0.19754413,0.24528810381889343,0.9110000133514404,0.28029999136924744
YKL101W,YOR321W,0,0.19748896,0.2452220767736435,0.9110000133514404,0.28040000796318054
YBR152W,YLR398C,0,0.19747497,0.24515607953071594,0.9110000133514404,0.28049999475479126
YJL139C,YKR001C,0,0.197204,0.24509012699127197,0.9110000133514404,0.28060001134872437
YDR346C,YDR194C,0,0.19711646,0.2450242042541504,0.9110000133514404,0.2806999981403351
YOR321W,YDR331W,0,0.19708511,0.2449583262205124,0.9110000133514404,0.2808000147342682
YJL010C,YKL209C,0,0.19681968,0.24489247798919678,0.9110000133514404,0.2809000015258789
YJR161C,YML111W,0,0.19675994,0.24482665956020355,0.9110000133514404,0.2809999883174896
YFL062W,YCR088W,0,0.19672827,0.2447608858346939,0.9110000133514404,0.28110000491142273
YEL055C,YHR152W,0,0.19666646,0.24469514191150665,0.9110000133514404,0.28119999170303345
YPL005W,YJR019C,0,0.19661497,0.24462942779064178,0.9110000133514404,0.28130000829696655
YGR287C,YLR376C,0,0.19654089,0.2445637583732605,0.9110000133514404,0.28139999508857727
YCR102C,YPL057C,0,0.19652152,0.2444981187582016,0.9110000133514404,0.2815000116825104
YBL084C,YIL017C,0,0.19646652,0.24443252384662628,0.9110000133514404,0.2815999984741211
YIR007W,YAL001C,0,0.19644372,0.24436695873737335,0.9110000133514404,0.2816999852657318
YJR086W,YIR010W,0,0.19640176,0.2443014234304428,0.9110000133514404,0.2818000018596649
YBR217W,YCL033C,0,0.19617194,0.24423591792583466,0.9110000133514404,0.28189998865127563
YDR307W,YPL066W,0,0.19612049,0.24417045712471008,0.9110000133514404,0.28200000524520874
YPL069C,YDR264C,0,0.19610153,0.2441050410270691,0.9110000133514404,0.28209999203681946
YHR178W,YIL097W,0,0.19609348,0.2440396398305893,0.9110000133514404,0.28220000863075256
YPR065W,YFR055W,0,0.19607222,0.24397428333759308,0.9110000133514404,0.2822999954223633
YLR144C,YCR048W,0,0.19602291,0.24390897154808044,0.9110000133514404,0.2824000120162964
YOR210W,YBR068C,0,0.19568633,0.2438436895608902,0.9110000133514404,0.2824999988079071
YLL015W,YJR144W,0,0.1956307,0.24377843737602234,0.9110000133514404,0.2825999855995178
YOL115W,YOR035C,0,0.19558547,0.24371321499347687,0.9110000133514404,0.2827000021934509
YPL069C,YNL148C,0,0.19534186,0.24364803731441498,0.9110000133514404,0.28279998898506165
YLR216C,YCR097W,0,0.19522627,0.24358288943767548,0.9110000133514404,0.28290000557899475
YKR045C,YOR205C,0,0.19519319,0.24351777136325836,0.9110000133514404,0.28299999237060547
YNL035C,YDR156W,0,0.19495808,0.24345269799232483,0.9110000133514404,0.2831000089645386
YBR103W,YPL055C,0,0.19494712,0.24338765442371368,0.9110000133514404,0.2831999957561493
YDL042C,YHR152W,0,0.19490388,0.24332265555858612,0.9110000133514404,0.2833000123500824
YDR541C,YDR382W,0,0.19484973,0.24325767159461975,0.9110000133514404,0.2833999991416931
YPL023C,YCL020W,0,0.19441983,0.24319273233413696,0.9110000133514404,0.28349998593330383
YML126C,YJR093C,0,0.19435742,0.24312783777713776,0.9110000133514404,0.28360000252723694
YFR046C,YCR008W,0,0.19425027,0.24306297302246094,0.9110000133514404,0.28369998931884766
YPL228W,YPL158C,0,0.19422737,0.2429981380701065,0.9110000133514404,0.28380000591278076
YPL164C,YDR084C,0,0.1941854,0.24293333292007446,0.9110000133514404,0.2838999927043915
YBR253W,YMR164C,0,0.19412953,0.242868572473526,0.9110000133514404,0.2840000092983246
YPR185W,YMR029C,0,0.19397771,0.24280384182929993,0.9110000133514404,0.2840999960899353
YPL242C,YPR004C,0,0.19389176,0.24273914098739624,0.9110000133514404,0.2842000126838684
YKR010C,YCL026C-A,0,0.19376591,0.24267448484897614,0.9110000133514404,0.2842999994754791
YGR172C,YGL175C,0,0.19376394,0.24260985851287842,0.9110000133514404,0.28439998626708984
YPL241C,YAL032C,0,0.19373849,0.2425452619791031,0.9110000133514404,0.28450000286102295
YBR302C,YKR098C,0,0.19372743,0.24248069524765015,0.9110000133514404,0.28459998965263367
YPL016W,YKR045C,0,0.19368723,0.2424161732196808,0.9110000133514404,0.2847000062465668
YOR336W,YKL157W,0,0.19342713,0.242351695895195,0.9110000133514404,0.2847999930381775
YOL060C,YPR066W,0,0.19341375,0.24228723347187042,0.9110000133514404,0.2849000096321106
YGL044C,YER160C,0,0.19328237,0.24222281575202942,0.9110000133514404,0.2849999964237213
YBL066C,YBR161W,0,0.19323966,0.2421584278345108,0.9110000133514404,0.2851000130176544
YBL019W,YLR256W,0,0.19315895,0.24209406971931458,0.9110000133514404,0.28519999980926514
YNR012W,YHR001W,0,0.19311827,0.24202975630760193,0.9110000133514404,0.28529998660087585
YPL029W,YNL035C,0,0.19310428,0.24196547269821167,0.9110000133514404,0.28540000319480896
YKL073W,YFL008W,0,0.19299826,0.2419012188911438,0.9110000133514404,0.2854999899864197
YNR036C,YDR489W,0,0.19299778,0.2418370097875595,0.9110000133514404,0.2856000065803528
YDR163W,YIL017C,0,0.19298965,0.2417728304862976,0.9110000133514404,0.2856999933719635
YOL110W,YPR079W,0,0.19298932,0.2417086809873581,0.9110000133514404,0.2858000099658966
YJL028W,YGL097W,0,0.19297493,0.24164456129074097,0.9110000133514404,0.2858999967575073
YGL130W,YGL179C,0,0.19291788,0.24158048629760742,0.9110000133514404,0.28600001335144043
YMR030W,YDL174C,0,0.19267248,0.24151644110679626,0.9110000133514404,0.28610000014305115
YCR066W,YJL100W,0,0.19254342,0.2414524257183075,0.9110000133514404,0.28619998693466187
YHR104W,YER166W,0,0.1924973,0.2413884401321411,0.9110000133514404,0.28630000352859497
YDR141C,YOR303W,0,0.19247569,0.2413244992494583,0.9110000133514404,0.2863999903202057
YMR266W,YMR104C,0,0.19239531,0.2412605881690979,0.9110000133514404,0.2865000069141388
YPL047W,YIR007W,0,0.19210798,0.24119672179222107,0.9110000133514404,0.2865999937057495
YLR274W,YJR129C,0,0.1920894,0.24113287031650543,0.9110000133514404,0.2867000102996826
YPL032C,YKR025W,0,0.19207783,0.24106906354427338,0.9110000133514404,0.28679999709129333
YFL024C,YFL053W,0,0.19178173,0.2410052865743637,0.9110000133514404,0.28690001368522644
YOR149C,YKL113C,0,0.19173177,0.24094155430793762,0.9110000133514404,0.28700000047683716
YNL264C,YBR104W,0,0.19172582,0.24087783694267273,0.9110000133514404,0.2870999872684479
YFL062W,YEL071W,0,0.19164273,0.24081416428089142,0.9110000133514404,0.287200003862381
YBR200W,YDL159W,0,0.19163193,0.2407505214214325,0.9110000133514404,0.2872999906539917
YDL207W,YEL026W,0,0.19161625,0.24068692326545715,0.9110000133514404,0.2874000072479248
YLR166C,YER124C,0,0.19155754,0.2406233549118042,0.9110000133514404,0.2874999940395355
YDR225W,YGL145W,0,0.19150159,0.24055981636047363,0.9110000133514404,0.28760001063346863
YPR145W,YPR121W,0,0.19132036,0.24049630761146545,0.9110000133514404,0.28769999742507935
YBL006C,YJL209W,0,0.19120526,0.24043282866477966,0.9110000133514404,0.28780001401901245
YHR063C,YCR020W-B,0,0.19104302,0.24036939442157745,0.9110000133514404,0.28790000081062317
YDR385W,YKL092C,0,0.19092837,0.24030598998069763,0.9110000133514404,0.2879999876022339
YKL027W,YPR103W,0,0.19089556,0.2402426153421402,0.9110000133514404,0.288100004196167
YDR339C,YAL032C,0,0.19084837,0.24017927050590515,0.9110000133514404,0.2881999909877777
YGR096W,YDL064W,0,0.1907321,0.2401159703731537,0.9110000133514404,0.2883000075817108
YMR263W,YOL017W,0,0.19072172,0.2400527000427246,0.9110000133514404,0.28839999437332153
YGL086W,YLR308W,0,0.19004539,0.23998945951461792,0.9110000133514404,0.28850001096725464
YIL015W,YMR060C,0,0.18996146,0.2399262636899948,0.9110000133514404,0.28859999775886536
YKL035W,YBR221C,0,0.18977569,0.2398630827665329,0.9110000133514404,0.28870001435279846
YKL027W,YMR058W,0,0.18975745,0.23979994654655457,0.9110000133514404,0.2888000011444092
YBR228W,YCL038C,0,0.18968701,0.23973684012889862,0.9110000133514404,0.2888999879360199
YNL321W,YGR013W,0,0.1896702,0.23967376351356506,0.9110000133514404,0.289000004529953
YDL207W,YNL256W,0,0.18961163,0.2396107316017151,0.9110000133514404,0.2890999913215637
YOR293W,YHL020C,0,0.18954307,0.2395477294921875,0.9110000133514404,0.2892000079154968
YPL009C,YLR342W,0,0.18945181,0.2394847571849823,0.9110000133514404,0.28929999470710754
YPL236C,YDL194W,0,0.18933745,0.2394218146800995,0.9110000133514404,0.28940001130104065
YBL036C,YOR083W,0,0.18928899,0.23935890197753906,0.9110000133514404,0.28949999809265137
YFR042W,YER166W,0,0.1891481,0.23929603397846222,0.9110000133514404,0.2896000146865845
YMR202W,YHR107C,0,0.18901922,0.23923319578170776,0.9110000133514404,0.2897000014781952
YDL207W,YFL053W,0,0.1890132,0.2391703873872757,0.9110000133514404,0.2897999882698059
YPL227C,YKL018W,0,0.18898535,0.23910760879516602,0.9110000133514404,0.289900004863739
YPL047W,YBR186W,0,0.18897426,0.23904487490653992,0.9110000133514404,0.28999999165534973
YDR302W,YKL120W,0,0.18894562,0.238982155919075,0.9110000133514404,0.29010000824928284
YDR171W,YDL239C,0,0.18893012,0.2389194816350937,0.9110000133514404,0.29019999504089355
YIL099W,YNL083W,0,0.18891814,0.23885683715343475,0.9110000133514404,0.29030001163482666
YML130C,YCR079W,0,0.18886012,0.2387942373752594,0.9110000133514404,0.2903999984264374
YOR321W,YOR307C,0,0.18867728,0.23873165249824524,0.9110000133514404,0.2904999852180481
YNL254C,YBL100W-A,0,0.18867269,0.23866911232471466,0.9110000133514404,0.2906000018119812
YIL099W,YOR140W,0,0.18866682,0.23860660195350647,0.9110000133514404,0.2906999886035919
YKR029C,YLL028W,0,0.18863203,0.23854412138462067,0.9110000133514404,0.290800005197525
YGR287C,YLR070C,0,0.18853602,0.23848167061805725,0.9110000133514404,0.29089999198913574
YPR029C,YLR071C,0,0.188252,0.23841926455497742,0.9110000133514404,0.29100000858306885
YIL127C,YCR042C,0,0.18819728,0.23835688829421997,0.9110000133514404,0.29109999537467957
YBR200W,YNL270C,0,0.18797737,0.23829452693462372,0.9110000133514404,0.29120001196861267
YDR394W,YOL068C,0,0.18788941,0.23823221027851105,0.9110000133514404,0.2912999987602234
YJR093C,YOR375C,0,0.18784007,0.23816993832588196,0.9110000133514404,0.2913999855518341
YDL042C,YDL122W,0,0.18775432,0.23810768127441406,0.9110000133514404,0.2915000021457672
YDL079C,YKR029C,0,0.18767631,0.23804546892642975,0.9110000133514404,0.29159998893737793
YLR077W,YDR348C,0,0.18742535,0.23798328638076782,0.9110000133514404,0.29170000553131104
YOL008W,YKL120W,0,0.18733214,0.23792113363742828,0.9110000133514404,0.29179999232292175
YJL209W,YBR154C,0,0.18722224,0.23785901069641113,0.9110000133514404,0.29190000891685486
YJR159W,YMR251W-A,0,0.18720195,0.23779691755771637,0.9110000133514404,0.2919999957084656
YPL255W,YGR092W,0,0.18715356,0.2377348691225052,0.9110000133514404,0.2921000123023987
YLR431C,YOR022C,0,0.18708313,0.2376728355884552,0.9110000133514404,0.2921999990940094
YDR210W,YBR215W,0,0.18703984,0.2376108467578888,0.9110000133514404,0.2922999858856201
YCR073C,YLR066W,0,0.1870055,0.23754888772964478,0.9110000133514404,0.2924000024795532
YBR258C,YOR362C,0,0.18695772,0.23748695850372314,0.9110000133514404,0.29249998927116394
YGL017W,YDR294C,0,0.18655829,0.2374250739812851,0.9110000133514404,0.29260000586509705
YDR348C,YNR026C,0,0.18655588,0.23736320436000824,0.9110000133514404,0.29269999265670776
YGR125W,YDR293C,0,0.18651983,0.23730137944221497,0.9110000133514404,0.29280000925064087
YOR368W,YAR066W,0,0.1864833,0.23723958432674408,0.9110000133514404,0.2928999960422516
YJL210W,YGR249W,0,0.18623292,0.23717781901359558,0.9110000133514404,0.2930000126361847
YIL049W,YCL045C,0,0.1861407,0.23711608350276947,0.9110000133514404,0.2930999994277954
YIR033W,YDR339C,0,0.18601128,0.23705437779426575,0.9110000133514404,0.29319998621940613
YGR249W,YIL073C,0,0.18594518,0.2369927167892456,0.9110000133514404,0.29330000281333923
YBL066C,YOR073W,0,0.18588406,0.23693108558654785,0.9110000133514404,0.29339998960494995
YKR010C,YER157W,0,0.18577829,0.2368694692850113,0.9110000133514404,0.29350000619888306
YOR115C,YHR191C,0,0.18573369,0.2368078976869583,0.9110000133514404,0.2935999929904938
YPR023C,YOR125C,0,0.18560083,0.23674635589122772,0.9110000133514404,0.2937000095844269
YCR033W,YMR251W-A,0,0.1855176,0.2366848587989807,0.9110000133514404,0.2937999963760376
YLR307W,YHR065C,0,0.18544379,0.2366233766078949,0.9110000133514404,0.2939000129699707
YAL014C,YNL329C,0,0.18533951,0.23656193912029266,0.9110000133514404,0.2939999997615814
YDR162C,YER183C,0,0.18530318,0.23650051653385162,0.9110000133514404,0.29409998655319214
YML078W,YLR368W,0,0.18514472,0.23643913865089417,0.9110000133514404,0.29420000314712524
YNL126W,YGR227W,0,0.18506697,0.2363777905702591,0.9110000133514404,0.29429998993873596
YFL018C,YBR199W,0,0.1847009,0.2363164722919464,0.9110000133514404,0.29440000653266907
YPL268W,YOL008W,0,0.18462375,0.23625518381595612,0.9110000133514404,0.2944999933242798
YDR171W,YGL013C,0,0.18450736,0.2361939400434494,0.9110000133514404,0.2946000099182129
YBR280C,YBL067C,0,0.18448387,0.23613271117210388,0.9110000133514404,0.2946999967098236
YLR022C,YPL211W,1,0.18447337,0.23633065819740295,0.9120000004768372,0.2946999967098236
YBL067C,YPL158C,0,0.18443672,0.23626942932605743,0.9120000004768372,0.2948000133037567
YNL116W,YMR154C,0,0.18443528,0.2362082302570343,0.9120000004768372,0.29490000009536743
YGL145W,YAL009W,0,0.18439668,0.23614707589149475,0.9120000004768372,0.29499998688697815
YNL336W,YER160C,0,0.18420367,0.2360859364271164,0.9120000004768372,0.29510000348091125
YML123C,YLR095C,0,0.18413271,0.23602484166622162,0.9120000004768372,0.295199990272522
YOL130W,YKR046C,0,0.18402205,0.23596377670764923,0.9120000004768372,0.2953000068664551
YPR066W,YDL122W,0,0.18399493,0.23590274155139923,0.9120000004768372,0.2953999936580658
YLR233C,YAL032C,0,0.1839095,0.23584173619747162,0.9120000004768372,0.2955000102519989
YDR184C,YBR293W,0,0.18378915,0.2357807606458664,0.9120000004768372,0.2955999970436096
YHL009C,YCL040W,0,0.18376447,0.23571982979774475,0.9120000004768372,0.2957000136375427
YOL060C,YKL184W,0,0.18374485,0.2356589138507843,0.9120000004768372,0.29580000042915344
YMR197C,YNL224C,0,0.18364774,0.23559804260730743,0.9120000004768372,0.29589998722076416
YLR310C,YDR020C,0,0.18362287,0.23553718626499176,0.9120000004768372,0.29600000381469727
YGR227W,YIL010W,0,0.18360831,0.23547637462615967,0.9120000004768372,0.296099990606308
YLR423C,YLL028W,0,0.18359998,0.23541559278964996,0.9120000004768372,0.2962000072002411
YMR092C,YPL158C,0,0.18333738,0.23535484075546265,0.9120000004768372,0.2962999939918518
YML001W,YML026C,0,0.1832119,0.23529411852359772,0.9120000004768372,0.2964000105857849
YOL115W,YLR378C,0,0.18315154,0.23523342609405518,0.9120000004768372,0.29649999737739563
YDR348C,YML007W,0,0.18306711,0.23517276346683502,0.9120000004768372,0.29660001397132874
YIR034C,YCR042C,0,0.18299678,0.23511214554309845,0.9120000004768372,0.29670000076293945
YMR288W,YHR045W,0,0.18294363,0.23505154252052307,0.9120000004768372,0.29679998755455017
YMR288W,YJL177W,0,0.18282123,0.23499098420143127,0.9120000004768372,0.2969000041484833
YCR066W,YGR065C,0,0.18276761,0.23493044078350067,0.9120000004768372,0.296999990940094
YNL264C,YMR121C,0,0.18273526,0.23486994206905365,0.9120000004768372,0.2971000075340271
YCL026C-A,YGL257C,0,0.1826076,0.23480947315692902,0.9120000004768372,0.2971999943256378
YGR125W,YDR163W,0,0.18259868,0.23474903404712677,0.9120000004768372,0.2973000109195709
YJL002C,YGL029W,0,0.18258214,0.2346886247396469,0.9120000004768372,0.29739999771118164
YBR126C,YGR068C,0,0.18247631,0.23462824523448944,0.9120000004768372,0.29750001430511475
YER069W,YBR161W,0,0.18242346,0.23456789553165436,0.9120000004768372,0.29760000109672546
YKL046C,YDL132W,0,0.18239178,0.23450759053230286,0.9120000004768372,0.2976999878883362
YDR307W,YER058W,0,0.18222094,0.23444730043411255,0.9120000004768372,0.2978000044822693
YGL207W,YPL015C,0,0.18220831,0.23438704013824463,0.9120000004768372,0.29789999127388
YNL336W,YMR251W-A,0,0.18201491,0.2343268245458603,0.9120000004768372,0.2980000078678131
YER078C,YGR041W,0,0.18198958,0.23426663875579834,0.9120000004768372,0.29809999465942383
YIR034C,YDR186C,0,0.181927,0.23420646786689758,0.9120000004768372,0.29820001125335693
YKL137W,YPL255W,0,0.18192527,0.2341463416814804,0.9120000004768372,0.29829999804496765
YIR021W,YDL014W,0,0.18191355,0.23408624529838562,0.9120000004768372,0.29840001463890076
YKR001C,YOR375C,0,0.18190275,0.23402617871761322,0.9120000004768372,0.2985000014305115
YJR093C,YCR043C,0,0.18175447,0.2339661419391632,0.9120000004768372,0.2985999882221222
YEL020C,YJR159W,0,0.18167073,0.23390613496303558,0.9120000004768372,0.2987000048160553
YNL072W,YNL088W,0,0.18159543,0.23384615778923035,0.9120000004768372,0.298799991607666
YOL091W,YOL130W,0,0.18156976,0.2337862104177475,0.9120000004768372,0.2989000082015991
YNL177C,YJL093C,0,0.1815499,0.23372629284858704,0.9120000004768372,0.29899999499320984
YNL088W,YOR202W,0,0.18134335,0.23366640508174896,0.9120000004768372,0.29910001158714294
YMR251W-A,YDL122W,0,0.18119709,0.23360656201839447,0.9120000004768372,0.29919999837875366
YOL006C,YHR124W,0,0.18111561,0.23354673385620117,0.9120000004768372,0.2992999851703644
YDR302W,YKL084W,0,0.18094271,0.23348695039749146,0.9120000004768372,0.2994000017642975
YJL151C,YMR068W,0,0.18090646,0.23342718183994293,0.9120000004768372,0.2994999885559082
YML114C,YPL029W,0,0.18090616,0.233367457985878,0.9120000004768372,0.2996000051498413
YOL041C,YDL213C,0,0.1808039,0.23330774903297424,0.9120000004768372,0.299699991941452
YOR017W,YPL005W,0,0.18071812,0.23324808478355408,0.9120000004768372,0.29980000853538513
YDR450W,YPL046C,0,0.1806636,0.2331884354352951,0.9120000004768372,0.29989999532699585
YFR051C,YML072C,0,0.18056157,0.23312883079051971,0.9120000004768372,0.30000001192092896
YCR071C,YJL159W,0,0.18051736,0.2330692559480667,0.9120000004768372,0.3000999987125397
YBR280C,YHR178W,0,0.18048391,0.2330097109079361,0.9120000004768372,0.3001999855041504
YBR103W,YOR003W,0,0.18046845,0.23295019567012787,0.9120000004768372,0.3003000020980835
YMR190C,YPL118W,0,0.18043745,0.23289071023464203,0.9120000004768372,0.3003999888896942
YOL060C,YGL054C,0,0.18036596,0.23283125460147858,0.9120000004768372,0.3005000054836273
YBR103W,YFL024C,0,0.18027607,0.2327718287706375,0.9120000004768372,0.30059999227523804
YDR162C,YJR064W,0,0.17991067,0.23271243274211884,0.9120000004768372,0.30070000886917114
YBR056W,YLR117C,0,0.1798097,0.23265306651592255,0.9120000004768372,0.30079999566078186
YPL236C,YML007W,0,0.17954363,0.23259373009204865,0.9120000004768372,0.30090001225471497
YNL299W,YDL058W,0,0.17931117,0.23253442347049713,0.9120000004768372,0.3009999990463257
YPL232W,YML121W,0,0.17906377,0.232475146651268,0.9120000004768372,0.3010999858379364
YER169W,YLR119W,0,0.1789934,0.23241589963436127,0.9120000004768372,0.3012000024318695
YPL088W,YOR198C,0,0.17897043,0.23235668241977692,0.9120000004768372,0.3012999892234802
YBR133C,YBL105C,0,0.17884013,0.23229750990867615,0.9120000004768372,0.30140000581741333
YLR272C,YJL074C,0,0.1786119,0.23223835229873657,0.9120000004768372,0.30149999260902405
YCL038C,YJL203W,0,0.17861032,0.23217922449111938,0.9120000004768372,0.30160000920295715
YOR354C,YPL015C,0,0.17860562,0.23212012648582458,0.9120000004768372,0.30169999599456787
YPL132W,YKL139W,0,0.17859608,0.23206107318401337,0.9120000004768372,0.301800012588501
YML093W,YLR066W,0,0.17849576,0.23200203478336334,0.9120000004768372,0.3018999993801117
YLR262C,YDR142C,0,0.17823832,0.2319430261850357,0.9120000004768372,0.3019999861717224
YKL208W,YOR003W,0,0.17814247,0.23188406229019165,0.9120000004768372,0.3021000027656555
YPL227C,YER122C,0,0.17809132,0.2318251132965088,0.9120000004768372,0.30219998955726624
YGR074W,YOR141C,0,0.17803727,0.23176619410514832,0.9120000004768372,0.30230000615119934
YPR061C,YOR017W,0,0.17794617,0.23170731961727142,0.9120000004768372,0.30239999294281006
YNL154C,YGL055W,0,0.17793244,0.23164846003055573,0.9120000004768372,0.30250000953674316
YMR134W,YLL010C,0,0.17791395,0.2315896451473236,0.9120000004768372,0.3025999963283539
YMR058W,YNL272C,0,0.17788406,0.23153084516525269,0.9120000004768372,0.302700012922287
YNL072W,YFL002C,0,0.17787553,0.23147207498550415,0.9120000004768372,0.3027999997138977
YEL063C,YJL203W,0,0.17785527,0.2314133495092392,0.9120000004768372,0.3028999865055084
YLR376C,YER011W,0,0.17779501,0.23135463893413544,0.9120000004768372,0.30300000309944153
YGR059W,YJR161C,0,0.17777771,0.23129597306251526,0.9120000004768372,0.30309998989105225
YNL139C,YMR305C,0,0.17765714,0.23123732209205627,0.9120000004768372,0.30320000648498535
YGR166W,YBR221C,0,0.17763722,0.23117870092391968,0.9120000004768372,0.30329999327659607
YIL066C,YDR051C,0,0.17760307,0.23112012445926666,0.9120000004768372,0.3034000098705292
YER065C,YNR075W,0,0.17757374,0.23106156289577484,0.9120000004768372,0.3034999966621399
YKL184W,YEL047C,0,0.17745003,0.2310030460357666,0.9120000004768372,0.303600013256073
YCR068W,YJR088C,0,0.17730212,0.23094454407691956,0.9120000004768372,0.3037000000476837
YJR137C,YGL097W,0,0.1772781,0.2308860719203949,0.9120000004768372,0.30379998683929443
YIL041W,YGR206W,0,0.17709401,0.23082764446735382,0.9120000004768372,0.30390000343322754
YDR016C,YPL072W,0,0.17707957,0.23076923191547394,0.9120000004768372,0.30399999022483826
YML029W,YOL137W,0,0.1769487,0.23071084916591644,0.9120000004768372,0.30410000681877136
YNL082W,YLR070C,0,0.17689513,0.23065251111984253,0.9120000004768372,0.3041999936103821
YNL227C,YML073C,1,0.17667899,0.23084703087806702,0.9129999876022339,0.3041999936103821
YEL004W,YDR037W,0,0.17666315,0.2307886779308319,0.9129999876022339,0.3043000102043152
YDR182W,YHR091C,0,0.176534,0.2307303547859192,0.9129999876022339,0.3043999969959259
YNR023W,YPR023C,0,0.17653264,0.23067206144332886,0.9129999876022339,0.304500013589859
YOR354C,YNL053W,0,0.1765227,0.2306137979030609,0.9129999876022339,0.3046000003814697
YDL193W,YBR133C,0,0.1764824,0.23055554926395416,0.9129999876022339,0.30469998717308044
YLR307W,YOR368W,0,0.17642981,0.230497345328331,0.9129999876022339,0.30480000376701355
YMR202W,YOR033C,0,0.17641321,0.2304391711950302,0.9129999876022339,0.30489999055862427
YDR382W,YOL034W,0,0.17624837,0.23038102686405182,0.9129999876022339,0.3050000071525574
YHL007C,YHR026W,0,0.17615522,0.2303229123353958,0.9129999876022339,0.3050999939441681
YGR157W,YKL071W,0,0.1760878,0.230264812707901,0.9129999876022339,0.3052000105381012
YPR140W,YKR039W,0,0.17600745,0.23020675778388977,0.9129999876022339,0.3052999973297119
YBR070C,YJR064W,0,0.17598484,0.23014873266220093,0.9129999876022339,0.305400013923645
YLR378C,YDL058W,0,0.1759577,0.23009072244167328,0.9129999876022339,0.30550000071525574
YFL050C,YOR231W,0,0.17591485,0.2300327569246292,0.9129999876022339,0.30559998750686646
YNL082W,YJL104W,0,0.17591465,0.22997480630874634,0.9129999876022339,0.30570000410079956
YMR278W,YOR255W,0,0.17590901,0.22991690039634705,0.9129999876022339,0.3057999908924103
YJR152W,YAL061W,0,0.17588478,0.22985900938510895,0.9129999876022339,0.3059000074863434
YLR057W,YFL022C,0,0.1758599,0.22980116307735443,0.9129999876022339,0.3059999942779541
YCL019W,YIL131C,0,0.17579006,0.2297433316707611,0.9129999876022339,0.3061000108718872
YGL099W,YJL076W,0,0.17570852,0.22968553006649017,0.9129999876022339,0.3061999976634979
YFL018C,YBR008C,0,0.17570466,0.22962777316570282,0.9129999876022339,0.30630001425743103
YDR020C,YLR453C,0,0.1756042,0.22957003116607666,0.9129999876022339,0.30640000104904175
YER144C,YJL209W,0,0.17554104,0.2295123189687729,0.9129999876022339,0.30649998784065247
YAL014C,YDR307W,0,0.1754826,0.2294546365737915,0.9129999876022339,0.30660000443458557
YCR071C,YML072C,0,0.17537957,0.2293969839811325,0.9129999876022339,0.3066999912261963
YNR073C,YGL048C,0,0.17531797,0.2293393611907959,0.9129999876022339,0.3068000078201294
YNL082W,YIR008C,0,0.17523716,0.22928176820278168,0.9129999876022339,0.3068999946117401
YHR042W,YGR163W,0,0.17516579,0.22922420501708984,0.9129999876022339,0.3070000112056732
YDL042C,YOR375C,0,0.17515984,0.2291666716337204,0.9129999876022339,0.30709999799728394
YMR079W,YBL006C,0,0.17514718,0.22910915315151215,0.9129999876022339,0.30720001459121704
YER124C,YDR291W,0,0.17493911,0.22905167937278748,0.9129999876022339,0.30730000138282776
YDR221W,YJL184W,0,0.17487969,0.2289942353963852,0.9129999876022339,0.3073999881744385
YBR265W,YKL018W,0,0.17454998,0.2289368063211441,0.9129999876022339,0.3075000047683716
YOR272W,YLR340W,1,0.17446502,0.2291301041841507,0.9139999747276306,0.3075000047683716
YJL074C,YFL034C-A,0,0.17442198,0.2290726751089096,0.9139999747276306,0.3075999915599823
YJL063C,YNL134C,0,0.17435253,0.2290152907371521,0.9139999747276306,0.3077000081539154
YKL071W,YEL047C,0,0.1743119,0.2289579212665558,0.9139999747276306,0.3077999949455261
YKL073W,YNR051C,0,0.17430495,0.22890058159828186,0.9139999747276306,0.30790001153945923
YGL002W,YJL160C,0,0.17428622,0.22884327173233032,0.9139999747276306,0.30799999833106995
YML110C,YCR008W,0,0.17415994,0.22878597676753998,0.9139999747276306,0.30809998512268066
YBL006C,YDL058W,0,0.17397116,0.22872872650623322,0.9139999747276306,0.30820000171661377
YER042W,YKL222C,0,0.17369717,0.22867150604724884,0.9139999747276306,0.3082999885082245
YKR010C,YOL058W,0,0.17361829,0.22861430048942566,0.9139999747276306,0.3084000051021576
YDR155C,YOL041C,0,0.17349546,0.22855713963508606,0.9139999747276306,0.3084999918937683
YER058W,YBR167C,0,0.17343836,0.22849999368190765,0.9139999747276306,0.3086000084877014
YOR371C,YNL083W,0,0.1734268,0.22844289243221283,0.9139999747276306,0.30869999527931213
YNL245C,YKR003W,0,0.17337245,0.2283858060836792,0.9139999747276306,0.30880001187324524
YBL045C,YNL097C,0,0.17335883,0.22832874953746796,0.9139999747276306,0.30889999866485596
YIL041W,YLR064W,0,0.1732941,0.2282717227935791,0.9139999747276306,0.3089999854564667
YOR361C,YDR123C,0,0.17320049,0.22821472585201263,0.9139999747276306,0.3091000020503998
YER003C,YDR480W,0,0.17311227,0.22815775871276855,0.9139999747276306,0.3091999888420105
YLR405W,YOR171C,0,0.17304349,0.22810082137584686,0.9139999747276306,0.3093000054359436
YLR372W,YBL019W,0,0.17294542,0.22804391384124756,0.9139999747276306,0.3093999922275543
YIL063C,YGR207C,0,0.17279835,0.22798703610897064,0.9139999747276306,0.3095000088214874
YMR263W,YGL043W,0,0.17278644,0.22793017327785492,0.9139999747276306,0.30959999561309814
YJL074C,YGL133W,0,0.17266843,0.22787335515022278,0.9139999747276306,0.30970001220703125
YDL207W,YHR128W,0,0.17260021,0.22781655192375183,0.9139999747276306,0.30979999899864197
YGR041W,YBL019W,0,0.17249799,0.22775977849960327,0.9139999747276306,0.3098999857902527
YML131W,YOR231W,0,0.17248377,0.2277030348777771,0.9139999747276306,0.3100000023841858
YDR194C,YDL159W,0,0.17247993,0.22764632105827332,0.9139999747276306,0.3100999891757965
YCR023C,YGL077C,0,0.17242196,0.22758963704109192,0.9139999747276306,0.3102000057697296
YNL222W,YDR163W,0,0.17238249,0.2275329828262329,0.9139999747276306,0.31029999256134033
YDR006C,YMR029C,0,0.1723675,0.2274763584136963,0.9139999747276306,0.31040000915527344
YIL023C,YGR215W,0,0.17225009,0.22741974890232086,0.9139999747276306,0.31049999594688416
YOR173W,YKR087C,0,0.17205821,0.22736318409442902,0.9139999747276306,0.31060001254081726
YJR091C,YOR255W,0,0.1719835,0.22730663418769836,0.9139999747276306,0.310699999332428
YJR095W,YNL245C,0,0.17193928,0.2272501289844513,0.9139999747276306,0.3107999861240387
YML038C,YER172C,0,0.17191051,0.22719363868236542,0.9139999747276306,0.3109000027179718
YPL256C,YHR191C,0,0.17184418,0.22713717818260193,0.9139999747276306,0.3109999895095825
YJL115W,YMR268C,0,0.17176388,0.22708074748516083,0.9139999747276306,0.3111000061035156
YMR283C,YLR002C,0,0.1717286,0.22702434659004211,0.9139999747276306,0.31119999289512634
YMR121C,YGL097W,0,0.17166051,0.2269679605960846,0.9139999747276306,0.31130000948905945
YOR328W,YJR137C,0,0.17153019,0.22691161930561066,0.9139999747276306,0.31139999628067017
YOR140W,YKR039W,0,0.17138705,0.2268552929162979,0.9139999747276306,0.31150001287460327
YLR144C,YDL020C,0,0.17124833,0.22679901123046875,0.9139999747276306,0.311599999666214
YKR081C,YCR028C-A,0,0.17120036,0.22674274444580078,0.9139999747276306,0.3116999864578247
YKR086W,YDL156W,0,0.17115122,0.2266865074634552,0.9139999747276306,0.3118000030517578
YOR095C,YLL010C,0,0.17106101,0.226630300283432,0.9139999747276306,0.31189998984336853
YER042W,YGR207C,0,0.17091817,0.2265741229057312,0.9139999747276306,0.31200000643730164
YJR056C,YER054C,0,0.17091268,0.2265179604291916,0.9139999747276306,0.31209999322891235
YHR034C,YIR010W,0,0.1708524,0.22646184265613556,0.9139999747276306,0.31220000982284546
YBR102C,YLR210W,0,0.17070611,0.22640573978424072,0.9139999747276306,0.3122999966144562
YFR046C,YPL020C,0,0.17064348,0.22634968161582947,0.9139999747276306,0.3124000132083893
YIL162W,YNR036C,0,0.17064345,0.2262936383485794,0.9139999747276306,0.3125
YHR079C-A,YKL008C,0,0.17046398,0.22623762488365173,0.9139999747276306,0.3125999867916107
YBL102W,YDR194C,0,0.17038544,0.22618164122104645,0.9139999747276306,0.3127000033855438
YGR240C,YPR112C,0,0.17029303,0.22612568736076355,0.9139999747276306,0.31279999017715454
YDR477W,YPL015C,0,0.1701345,0.22606974840164185,0.9139999747276306,0.31290000677108765
YHR084W,YML121W,0,0.17010884,0.22601385414600372,0.9139999747276306,0.31299999356269836
YPR075C,YOR336W,0,0.17008606,0.2259579747915268,0.9139999747276306,0.31310001015663147
YJL076W,YJR077C,0,0.17008358,0.22590212523937225,0.9139999747276306,0.3131999969482422
YGR227W,YMR134W,0,0.1700027,0.2258463054895401,0.9139999747276306,0.3133000135421753
YDR452W,YDR331W,0,0.16991961,0.22579051554203033,0.9139999747276306,0.313400000333786
YMR263W,YMR278W,0,0.16983087,0.22573475539684296,0.9139999747276306,0.31349998712539673
YOR336W,YER166W,0,0.16982284,0.22567901015281677,0.9139999747276306,0.31360000371932983
YCR027C,YIL044C,0,0.16981366,0.22562330961227417,0.9139999747276306,0.31369999051094055
YCR017C,YMR092C,0,0.16973999,0.22556762397289276,0.9139999747276306,0.31380000710487366
YBR126C,YPR101W,0,0.16971949,0.22551196813583374,0.9139999747276306,0.3138999938964844
YFL053W,YIL015W,0,0.16967605,0.2254563421010971,0.9139999747276306,0.3140000104904175
YJL113W,YKL148C,0,0.1693987,0.22540074586868286,0.9139999747276306,0.3140999972820282
YDR180W,YOR367W,0,0.16936186,0.2253451645374298,0.9139999747276306,0.3142000138759613
YLR110C,YDR316W,0,0.1690906,0.22528962790966034,0.9139999747276306,0.314300000667572
YHR124W,YMR154C,0,0.16905041,0.22523410618305206,0.9139999747276306,0.31439998745918274
YBR235W,YOL130W,0,0.16900684,0.22517861425876617,0.9139999747276306,0.31450000405311584
YCR033W,YFL008W,0,0.16900331,0.22512315213680267,0.9139999747276306,0.31459999084472656
YGR220C,YKL014C,1,0.16887297,0.2253139615058899,0.9150000214576721,0.31459999084472656
YDL207W,YHR176W,0,0.16885474,0.2252584993839264,0.9150000214576721,0.31470000743865967
YIR013C,YMR162C,0,0.16885412,0.22520305216312408,0.9150000214576721,0.3147999942302704
YGL125W,YGL175C,0,0.16868955,0.22514763474464417,0.9150000214576721,0.3149000108242035
YJL051W,YCR043C,0,0.16860484,0.22509224712848663,0.9150000214576721,0.3149999976158142
YMR199W,YLR256W,0,0.1684011,0.2250368893146515,0.9150000214576721,0.3151000142097473
YHL033C,YLR095C,0,0.16829759,0.22498156130313873,0.9150000214576721,0.31520000100135803
YNL154C,YCR042C,0,0.16817917,0.22492624819278717,0.9150000214576721,0.31529998779296875
YNL047C,YJR161C,0,0.16813168,0.2248709797859192,0.9150000214576721,0.31540000438690186
YOL049W,YIR008C,0,0.16812462,0.2248157262802124,0.9150000214576721,0.3154999911785126
YFR046C,YGR067C,0,0.1680851,0.224760502576828,0.9150000214576721,0.3156000077724457
YPL242C,YPR165W,0,0.16776696,0.224705308675766,0.9150000214576721,0.3156999945640564
YBR217W,YPL084W,0,0.16771248,0.22465012967586517,0.9150000214576721,0.3158000111579895
YDL207W,YDR162C,0,0.16770545,0.22459499537944794,0.9150000214576721,0.3158999979496002
YPL232W,YPR066W,0,0.16751432,0.2245398759841919,0.9150000214576721,0.3160000145435333
YPL249C-A,YDL014W,0,0.16743979,0.22448478639125824,0.9150000214576721,0.31610000133514404
YEL063C,YOL033W,0,0.16740906,0.22442972660064697,0.9150000214576721,0.31619998812675476
YNL021W,YBR199W,0,0.1673638,0.2243746966123581,0.9150000214576721,0.31630000472068787
YOL110W,YJR002W,0,0.16711774,0.2243196815252304,0.9150000214576721,0.3163999915122986
YGL224C,YOR077W,0,0.16692576,0.2242647111415863,0.9150000214576721,0.3165000081062317
YPL009C,YML062C,0,0.16651933,0.2242097556591034,0.9150000214576721,0.3165999948978424
YKR045C,YDR266C,0,0.16643527,0.22415482997894287,0.9150000214576721,0.3167000114917755
YBR235W,YKL073W,0,0.16616765,0.22409991919994354,0.9150000214576721,0.31679999828338623
YGL038C,YLR362W,0,0.16603094,0.2240450531244278,0.9150000214576721,0.31690001487731934
YOR118W,YBL066C,0,0.16592918,0.22399020195007324,0.9150000214576721,0.31700000166893005
YJL014W,YER075C,0,0.16580214,0.22393539547920227,0.9150000214576721,0.31709998846054077
YPL132W,YNL224C,0,0.16570729,0.2238806039094925,0.9150000214576721,0.3172000050544739
YBR228W,YML111W,0,0.16563755,0.2238258272409439,0.9150000214576721,0.3172999918460846
YOL146W,YLR233C,0,0.16563617,0.2237710952758789,0.9150000214576721,0.3174000084400177
YOR118W,YBR018C,0,0.16548076,0.2237163782119751,0.9150000214576721,0.3174999952316284
YOL006C,YIL016W,0,0.16544741,0.22366169095039368,0.9150000214576721,0.3176000118255615
YLL036C,YNR039C,0,0.16531672,0.22360703349113464,0.9150000214576721,0.31769999861717224
YDR477W,YER166W,0,0.16531001,0.223552405834198,0.9150000214576721,0.31779998540878296
YJL051W,YPL012W,0,0.16508758,0.22349780797958374,0.9150000214576721,0.31790000200271606
YJR047C,YIR035C,0,0.16507447,0.22344322502613068,0.9150000214576721,0.3179999887943268
YGL250W,YLR089C,0,0.16500854,0.223388671875,0.9150000214576721,0.3181000053882599
YPL016W,YPR094W,0,0.16490382,0.2233341485261917,0.9150000214576721,0.3181999921798706
YPL170W,YMR271C,0,0.16470897,0.2232796549797058,0.9150000214576721,0.3183000087738037
YCL019W,YNL336W,0,0.16464671,0.2232251763343811,0.9150000214576721,0.31839999556541443
YML078W,YHR091C,0,0.1645545,0.22317072749137878,0.9150000214576721,0.31850001215934753
YLR393W,YAR003W,0,0.16451865,0.22311630845069885,0.9150000214576721,0.31859999895095825
YCL019W,YPL237W,0,0.1644415,0.2230619192123413,0.9150000214576721,0.31869998574256897
YMR214W,YJR017C,0,0.16440944,0.22300755977630615,0.9150000214576721,0.3188000023365021
YDR348C,YBR039W,0,0.16439731,0.2229532152414322,0.9150000214576721,0.3188999891281128
YDR171W,YBL067C,0,0.16439259,0.22289890050888062,0.9150000214576721,0.3190000057220459
YBR073W,YPL249C,0,0.16409853,0.22284461557865143,0.9150000214576721,0.3190999925136566
YGR152C,YOL034W,0,0.16404805,0.22279036045074463,0.9150000214576721,0.3192000091075897
YIL127C,YPR052C,0,0.16404748,0.22273612022399902,0.9150000214576721,0.31929999589920044
YIL023C,YDR522C,0,0.16403553,0.222681924700737,0.9150000214576721,0.31940001249313354
YML126C,YDL058W,0,0.1640288,0.22262774407863617,0.9150000214576721,0.31949999928474426
YNL037C,YHR042W,0,0.16401598,0.22257357835769653,0.9150000214576721,0.319599986076355
YGL133W,YER160C,0,0.16396016,0.22251945734024048,0.9150000214576721,0.3197000026702881
YGR157W,YOL060C,0,0.16383415,0.22246535122394562,0.9150000214576721,0.3197999894618988
YDL104C,YNL272C,0,0.16373488,0.22241127490997314,0.9150000214576721,0.3199000060558319
YKL176C,YFR009W,0,0.16371328,0.22235722839832306,0.9150000214576721,0.3199999928474426
YFL050C,YDR143C,0,0.1637021,0.22230321168899536,0.9150000214576721,0.32010000944137573
YDR058C,YNL224C,0,0.16369148,0.22224920988082886,0.9150000214576721,0.32019999623298645
YML114C,YML024W,0,0.16367339,0.22219523787498474,0.9150000214576721,0.32030001282691956
YDL159W,YKL216W,0,0.16364115,0.222141295671463,0.9150000214576721,0.3203999996185303
YER018C,YPL181W,0,0.16345878,0.22208738327026367,0.9150000214576721,0.320499986410141
YNL064C,YKL025C,0,0.16327654,0.22203348577022552,0.9150000214576721,0.3206000030040741
YJL028W,YKR046C,0,0.16323142,0.22197961807250977,0.9150000214576721,0.3206999897956848
YDR210W,YHR050W,0,0.16312467,0.2219257801771164,0.9150000214576721,0.3208000063896179
YJR088C,YPL158C,0,0.16292013,0.2218719720840454,0.9150000214576721,0.32089999318122864
YPL030W,YFL034C-A,0,0.16290511,0.22181817889213562,0.9150000214576721,0.32100000977516174
YDL193W,YKL188C,0,0.16285592,0.22176441550254822,0.9150000214576721,0.32109999656677246
YEL054C,YPL193W,1,0.16280752,0.22195298969745636,0.9160000085830688,0.32109999656677246
YNL088W,YGL032C,0,0.16279003,0.22189922630786896,0.9160000085830688,0.32120001316070557
YDR450W,YJL118W,0,0.16262528,0.22184547781944275,0.9160000085830688,0.3212999999523163
YER069W,YJR161C,0,0.16257903,0.22179177403450012,0.9160000085830688,0.321399986743927
YOR115C,YNL005C,0,0.16257122,0.2217380851507187,0.9160000085830688,0.3215000033378601
YBR235W,YOL113W,0,0.16248846,0.22168441116809845,0.9160000085830688,0.3215999901294708
YPL020C,YDL044C,0,0.16243836,0.2216307818889618,0.9160000085830688,0.32170000672340393
YOR130C,YPL015C,0,0.16242272,0.22157716751098633,0.9160000085830688,0.32179999351501465
YPL275W,YOR339C,0,0.16234253,0.22152358293533325,0.9160000085830688,0.32190001010894775
YLR233C,YNL082W,0,0.16222975,0.22147001326084137,0.9160000085830688,0.32199999690055847
YCL019W,YBR083W,0,0.16215923,0.22141648828983307,0.9160000085830688,0.3221000134944916
YGR278W,YOL027C,0,0.16215357,0.22136297821998596,0.9160000085830688,0.3222000002861023
YIR033W,YMR305C,0,0.16211402,0.22130949795246124,0.9160000085830688,0.322299987077713
YAL001C,YDL239C,0,0.1621111,0.22125603258609772,0.9160000085830688,0.3224000036716461
YJL113W,YBR288C,0,0.16211104,0.22120261192321777,0.9160000085830688,0.32249999046325684
YDR016C,YBR019C,0,0.16205898,0.22114920616149902,0.9160000085830688,0.32260000705718994
YLR077W,YGL008C,0,0.16185564,0.22109583020210266,0.9160000085830688,0.32269999384880066
YDL103C,YEL047C,0,0.1618546,0.2210424691438675,0.9160000085830688,0.32280001044273376
YER039C,YML058W,0,0.1617586,0.2209891378879547,0.9160000085830688,0.3228999972343445
YNL154C,YLL052C,0,0.16168287,0.22093583643436432,0.9160000085830688,0.3230000138282776
YOL008W,YKL084W,0,0.1616452,0.2208825647830963,0.9160000085830688,0.3231000006198883
YDL058W,YNL279W,0,0.16161421,0.2208293080329895,0.9160000085830688,0.323199987411499
YDR338C,YPL023C,0,0.1615741,0.22077609598636627,0.9160000085830688,0.32330000400543213
YKL213C,YNR049C,0,0.16156676,0.22072289884090424,0.9160000085830688,0.32339999079704285
YDL174C,YML065W,0,0.16144113,0.2206697165966034,0.9160000085830688,0.32350000739097595
YGL023C,YOL001W,0,0.16143835,0.22061656415462494,0.9160000085830688,0.32359999418258667
YOR329C,YPL020C,0,0.16140212,0.22056344151496887,0.9160000085830688,0.3237000107765198
YBR103W,YBR139W,0,0.16139972,0.2205103486776352,0.9160000085830688,0.3237999975681305
YBL050W,YGL079W,0,0.16134289,0.2204572856426239,0.9160000085830688,0.3239000141620636
YKL027W,YLR369W,0,0.1612303,0.2204042375087738,0.9160000085830688,0.3240000009536743
YDL002C,YER054C,0,0.16122298,0.2203512191772461,0.9160000085830688,0.32409998774528503
YBR139W,YDL214C,0,0.16100152,0.22029821574687958,0.9160000085830688,0.32420000433921814
YBR227C,YHR152W,0,0.16098177,0.22024525701999664,0.9160000085830688,0.32429999113082886
YKR081C,YMR161W,0,0.1609517,0.2201923131942749,0.9160000085830688,0.32440000772476196
YOL033W,YGL008C,0,0.16092618,0.22013938426971436,0.9160000085830688,0.3244999945163727
YPL246C,YIL103W,0,0.1609149,0.2200865000486374,0.9160000085830688,0.3246000111103058
YGL166W,YDR141C,0,0.16085513,0.22003363072872162,0.9160000085830688,0.3246999979019165
YBR217W,YML001W,0,0.16071929,0.21998079121112823,0.9160000085830688,0.3248000144958496
YDL002C,YDR194C,0,0.16068353,0.21992796659469604,0.9160000085830688,0.3249000012874603
YOL094C,YBR126C,0,0.16060525,0.21987518668174744,0.9160000085830688,0.32499998807907104
YNL154C,YBR070C,0,0.16057402,0.21982240676879883,0.9160000085830688,0.32510000467300415
YOL008W,YBR244W,0,0.16055056,0.2197696715593338,0.9160000085830688,0.32519999146461487
YIR007W,YPR061C,0,0.16047978,0.21971695125102997,0.9160000085830688,0.325300008058548
YCL030C,YMR231W,0,0.16044591,0.21966427564620972,0.9160000085830688,0.3253999948501587
YPL020C,YLR070C,0,0.16037285,0.21961160004138947,0.9160000085830688,0.3255000114440918
YBR216C,YIL157C,0,0.16027662,0.2195589691400528,0.9160000085830688,0.3255999982357025
YIL085C,YDR541C,0,0.1601828,0.21950635313987732,0.9160000085830688,0.3257000148296356
YBR293W,YIL168W,0,0.16013762,0.21945376694202423,0.9160000085830688,0.32580000162124634
YOR202W,YAL014C,0,0.16010718,0.21940119564533234,0.9160000085830688,0.32589998841285706
YJL203W,YOR375C,0,0.16008082,0.21934865415096283,0.9160000085830688,0.32600000500679016
YLR453C,YDR198C,0,0.1600383,0.2192961424589157,0.9160000085830688,0.3260999917984009
YDR182W,YKL208W,0,0.16001299,0.21924366056919098,0.9160000085830688,0.326200008392334
YCR008W,YER073W,0,0.16001254,0.21919119358062744,0.9160000085830688,0.3262999951839447
YLR242C,YCR083W,0,0.16001005,0.2191387563943863,0.9160000085830688,0.3264000117778778
YER001W,YDL213C,0,0.15989907,0.21908634901046753,0.9160000085830688,0.3264999985694885
YBR132C,YOR007C,0,0.15980265,0.21903395652770996,0.9160000085830688,0.32659998536109924
YDR488C,YMR029C,0,0.15972647,0.21898159384727478,0.9160000085830688,0.32670000195503235
YLR226W,YBR021W,0,0.15952083,0.218929260969162,0.9160000085830688,0.32679998874664307
YLL005C,YIL065C,0,0.15937954,0.2188769429922104,0.9160000085830688,0.32690000534057617
YKR045C,YOR030W,0,0.1592318,0.21882465481758118,0.9160000085830688,0.3269999921321869
YOR229W,YIR008C,0,0.15906543,0.21877239644527435,0.9160000085830688,0.32710000872612
YHL022C,YPL084W,0,0.15889521,0.21872015297412872,0.9160000085830688,0.3271999955177307
YLR297W,YMR271C,0,0.15885133,0.21866793930530548,0.9160000085830688,0.3273000121116638
YHL022C,YKL137W,0,0.15882294,0.21861575543880463,0.9160000085830688,0.32739999890327454
YBR201W,YMR083W,0,0.1586431,0.21856358647346497,0.9160000085830688,0.32749998569488525
YMR030W,YLL015W,0,0.15857612,0.2185114473104477,0.9160000085830688,0.32760000228881836
YJL123C,YLL054C,0,0.1585711,0.2184593379497528,0.9160000085830688,0.3276999890804291
YFL034C-B,YBR221C,0,0.1585124,0.21840724349021912,0.9160000085830688,0.3278000056743622
YDR485C,YML019W,0,0.15850268,0.2183551788330078,0.9160000085830688,0.3278999924659729
YNL154C,YAL001C,0,0.1584388,0.2183031439781189,0.9160000085830688,0.328000009059906
YKL025C,YBR014C,0,0.15832499,0.21825113892555237,0.9160000085830688,0.3280999958515167
YGR271C-A,YJL091C,0,0.15825413,0.21819914877414703,0.9160000085830688,0.32820001244544983
YKL176C,YBL027W,0,0.15819235,0.2181471735239029,0.9160000085830688,0.32829999923706055
YOL089C,YGL077C,0,0.15814577,0.21809524297714233,0.9160000085830688,0.32839998602867126
YGL208W,YOR005C,0,0.15810537,0.21804332733154297,0.9160000085830688,0.32850000262260437
YNL169C,YBR008C,0,0.15804024,0.2179914265871048,0.9160000085830688,0.3285999894142151
YOL008W,YHR034C,0,0.15802644,0.2179395705461502,0.9160000085830688,0.3287000060081482
YJR090C,YER069W,0,0.15801607,0.2178877294063568,0.9160000085830688,0.3287999927997589
YGL079W,YDR394W,0,0.15800703,0.2178359031677246,0.9160000085830688,0.328900009393692
YMR058W,YER172C,0,0.15800238,0.217784121632576,0.9160000085830688,0.32899999618530273
YHR032W,YOL089C,0,0.15795445,0.21773235499858856,0.9160000085830688,0.32910001277923584
YDL153C,YGL153W,0,0.15788522,0.21768060326576233,0.9160000085830688,0.32919999957084656
YGL250W,YMR244C-A,0,0.15777716,0.21762889623641968,0.9160000085830688,0.3292999863624573
YJR047C,YLR035C,0,0.15775129,0.21757720410823822,0.9160000085830688,0.3294000029563904
YMR106C,YDR354W,0,0.15774937,0.21752552688121796,0.9160000085830688,0.3294999897480011
YBR136W,YBR244W,0,0.15772694,0.21747387945652008,0.9160000085830688,0.3296000063419342
YHR141C,YIR035C,0,0.15762049,0.2174222618341446,0.9160000085830688,0.3296999931335449
YER021W,YPR065W,0,0.15758374,0.2173706740140915,0.9160000085830688,0.329800009727478
YOR229W,YKL112W,0,0.15734325,0.21731910109519958,0.9160000085830688,0.32989999651908875
YKR081C,YBR110W,0,0.15707631,0.21726755797863007,0.9160000085830688,0.33000001311302185
YHR104W,YNL222W,0,0.1570293,0.21721602976322174,0.9160000085830688,0.33009999990463257
YKL049C,YJL104W,0,0.15680613,0.2171645313501358,0.9160000085830688,0.3301999866962433
YGR284C,YNL229C,0,0.15668899,0.21711306273937225,0.9160000085830688,0.3303000032901764
YLR225C,YIL067C,0,0.15668738,0.2170616090297699,0.9160000085830688,0.3303999900817871
YGL207W,YJR014W,0,0.1566803,0.21701018512248993,0.9160000085830688,0.3305000066757202
YBR068C,YER058W,0,0.15667978,0.21695879101753235,0.9160000085830688,0.33059999346733093
YCR033W,YKL167C,0,0.15650803,0.21690741181373596,0.9160000085830688,0.33070001006126404
YPR023C,YPR181C,0,0.15649822,0.21685606241226196,0.9160000085830688,0.33079999685287476
YBR298C,YER035W,0,0.15646912,0.21680472791194916,0.9160000085830688,0.33090001344680786
YPL275W,YAL009W,0,0.15634221,0.21675343811511993,0.9160000085830688,0.3310000002384186
YPL003W,YNR049C,0,0.15627116,0.2167021483182907,0.9160000085830688,0.3310999870300293
YMR167W,YMR029C,0,0.15574196,0.21665090322494507,0.9160000085830688,0.3312000036239624
YKL021C,YLR106C,1,0.15569896,0.2168361246585846,0.9169999957084656,0.3312000036239624
YNL148C,YLR399C,0,0.15568739,0.21678486466407776,0.9169999957084656,0.3312999904155731
YBL045C,YOL148C,0,0.15558118,0.2167336344718933,0.9169999957084656,0.3314000070095062
YNL154C,YCR020W-B,0,0.1555368,0.21668241918087006,0.9169999957084656,0.33149999380111694
YOR208W,YOR368W,0,0.1554471,0.2166312336921692,0.9169999957084656,0.33160001039505005
YLR069C,YEL071W,0,0.15542448,0.21658006310462952,0.9169999957084656,0.33169999718666077
YJR090C,YNL245C,0,0.1551795,0.21652892231941223,0.9169999957084656,0.33180001378059387
YOL027C,YKL092C,0,0.15506762,0.21647781133651733,0.9169999957084656,0.3319000005722046
YMR236W,YOR255W,0,0.15479156,0.21642671525478363,0.9169999957084656,0.3319999873638153
YMR079W,YGR277C,0,0.15474047,0.21637564897537231,0.9169999957084656,0.3321000039577484
YPR061C,YOR196C,0,0.15446867,0.2163245975971222,0.9169999957084656,0.33219999074935913
YGR090W,YOR017W,0,0.15404394,0.21627359092235565,0.9169999957084656,0.33230000734329224
YML078W,YJR088C,0,0.15392616,0.2162225842475891,0.9169999957084656,0.33239999413490295
YMR014W,YMR161W,0,0.15392035,0.21617162227630615,0.9169999957084656,0.33250001072883606
YBR200W,YFL053W,0,0.15390086,0.2161206752061844,0.9169999957084656,0.3325999975204468
YKL146W,YBR110W,0,0.15378468,0.21606974303722382,0.9169999957084656,0.3327000141143799
YLR410W,YPL192C,0,0.15376288,0.21601884067058563,0.9169999957084656,0.3328000009059906
YDR016C,YDR382W,0,0.15366295,0.21596796810626984,0.9169999957084656,0.3328999876976013
YMR134W,YPL158C,0,0.15357107,0.21591712534427643,0.9169999957084656,0.3330000042915344
YGL043W,YMR052W,0,0.15327796,0.21586628258228302,0.9169999957084656,0.33309999108314514
YLR340W,YOR077W,0,0.15325224,0.2158154845237732,0.9169999957084656,0.33320000767707825
YFR051C,YLR066W,0,0.15321587,0.21576470136642456,0.9169999957084656,0.33329999446868896
YCL011C,YBR102C,0,0.15315132,0.21571394801139832,0.9169999957084656,0.33340001106262207
YOR115C,YDR346C,0,0.15305966,0.21566322445869446,0.9169999957084656,0.3334999978542328
YIL117C,YFR004W,0,0.15300725,0.2156125158071518,0.9169999957084656,0.3336000144481659
YIL063C,YNL279W,0,0.15297699,0.21556182205677032,0.9169999957084656,0.3337000012397766
YML038C,YMR268C,0,0.15295528,0.21551115810871124,0.9169999957084656,0.33379998803138733
YJR047C,YLR119W,0,0.15289587,0.21546052396297455,0.9169999957084656,0.33390000462532043
YGL234W,YPL187W,0,0.15280117,0.21540991961956024,0.9169999957084656,0.33399999141693115
YOR210W,YIR008C,0,0.15280065,0.21535933017730713,0.9169999957084656,0.33410000801086426
YPL081W,YDR198C,0,0.15279976,0.2153087556362152,0.9169999957084656,0.334199994802475
YGL134W,YEL046C,0,0.15235251,0.21525821089744568,0.9169999957084656,0.3343000113964081
YGL184C,YBR179C,0,0.1522799,0.21520769596099854,0.9169999957084656,0.3343999981880188
YGR121C,YPR181C,0,0.15226507,0.21515719592571259,0.9169999957084656,0.3345000147819519
YIL157C,YGR206W,0,0.15218939,0.21510672569274902,0.9169999957084656,0.3346000015735626
YIR007W,YNL321W,0,0.15198962,0.21505628526210785,0.9169999957084656,0.33469998836517334
YNR026C,YMR116C,0,0.15188995,0.21500585973262787,0.9169999957084656,0.33480000495910645
YHR134W,YBR154C,0,0.15186143,0.21495546400547028,0.9169999957084656,0.33489999175071716
YLR275W,YLL032C,0,0.15182093,0.21490508317947388,0.9169999957084656,0.33500000834465027
YLR298C,YDR210W,0,0.15160443,0.21485473215579987,0.9169999957084656,0.335099995136261
YBR070C,YGL160W,0,0.15158996,0.21480441093444824,0.9169999957084656,0.3352000117301941
YDR506C,YLR155C,0,0.15155809,0.2147541046142578,0.9169999957084656,0.3352999985218048
YMR268C,YHR019C,0,0.15127447,0.21470381319522858,0.9169999957084656,0.3353999853134155
YDL104C,YPL249C,0,0.15123837,0.21465355157852173,0.9169999957084656,0.33550000190734863
YJR129C,YLR308W,0,0.15121315,0.21460331976413727,0.9169999957084656,0.33559998869895935
YJL151C,YAL005C,0,0.15110457,0.2145531177520752,0.9169999957084656,0.33570000529289246
YMR119W,YMR029C,0,0.1510629,0.21450293064117432,0.9169999957084656,0.3357999920845032
YJR086W,YEL077C,0,0.15105107,0.21445275843143463,0.9169999957084656,0.3359000086784363
YBL102W,YNL225C,0,0.1509343,0.21440261602401733,0.9169999957084656,0.335999995470047
YOR329C,YOR030W,0,0.150934,0.21435250341892242,0.9169999957084656,0.3361000120639801
YDR027C,YFL016C,0,0.15090887,0.2143024057149887,0.9169999957084656,0.3361999988555908
YGR275W,YLR378C,0,0.15089504,0.21425233781337738,0.9169999957084656,0.33629998564720154
YBR139W,YMR162C,0,0.150706,0.21420228481292725,0.9169999957084656,0.33640000224113464
YOR293W,YHR152W,0,0.15057285,0.2141522616147995,0.9169999957084656,0.33649998903274536
YMR119W,YPL241C,0,0.15039775,0.21410226821899414,0.9169999957084656,0.33660000562667847
YML019W,YPL108W,0,0.15037757,0.21405228972434998,0.9169999957084656,0.3366999924182892
YKL176C,YNL312W,0,0.1503654,0.2140023410320282,0.9169999957084656,0.3368000090122223
YJL123C,YMR189W,0,0.15031639,0.21395240724086761,0.9169999957084656,0.336899995803833
YBL006C,YPR183W,0,0.15019017,0.21390250325202942,0.9169999957084656,0.3370000123977661
YHL009C,YER144C,0,0.15014718,0.21385261416435242,0.9169999957084656,0.33709999918937683
YGL134W,YCR042C,0,0.1501451,0.2138027548789978,0.9169999957084656,0.33719998598098755
YPR082C,YNL154C,0,0.15014136,0.21375291049480438,0.9169999957084656,0.33730000257492065
YBR018C,YOL060C,0,0.15011823,0.21370309591293335,0.9169999957084656,0.33739998936653137
YJR152W,YIL157C,0,0.15000884,0.2136533111333847,0.9169999957084656,0.3375000059604645
YBR161W,YMR162C,0,0.1498565,0.21360354125499725,0.9169999957084656,0.3375999927520752
YAL005C,YBL066C,0,0.14984216,0.2135538011789322,0.9169999957084656,0.3377000093460083
YBR215W,YMR260C,0,0.14982411,0.21350407600402832,0.9169999957084656,0.337799996137619
YNL300W,YGL124C,0,0.14977269,0.21345438063144684,0.9169999957084656,0.3379000127315521
YGR049W,YGL032C,0,0.14966092,0.21340470016002655,0.9169999957084656,0.33799999952316284
YBR258C,YKL221W,0,0.14961588,0.21335504949092865,0.9169999957084656,0.33809998631477356
YOR307C,YBR079C,0,0.14959061,0.21330541372299194,0.9169999957084656,0.33820000290870667
YOR115C,YPL232W,0,0.14957893,0.21325580775737762,0.9169999957084656,0.3382999897003174
YHR018C,YNL005C,0,0.14956439,0.2132062315940857,0.9169999957084656,0.3384000062942505
YGR186W,YLR133W,0,0.14951041,0.21315667033195496,0.9169999957084656,0.3384999930858612
YDR485C,YKL139W,0,0.14950417,0.2131071388721466,0.9169999957084656,0.3386000096797943
YBL042C,YEL077C,0,0.14950085,0.21305762231349945,0.9169999957084656,0.33869999647140503
YDR311W,YFR055W,0,0.14946772,0.21300813555717468,0.9169999957084656,0.33880001306533813
YPL256C,YEL047C,0,0.14931065,0.2129586637020111,0.9169999957084656,0.33889999985694885
YGL086W,YJR044C,0,0.14926687,0.21290922164916992,0.9169999957084656,0.33899998664855957
YFR044C,YMR154C,0,0.14917275,0.21285979449748993,0.9169999957084656,0.3391000032424927
YNL139C,YOL113W,0,0.14916524,0.21281039714813232,0.9169999957084656,0.3391999900341034
YNL224C,YGR256W,0,0.14911695,0.2127610146999359,0.9169999957084656,0.3393000066280365
YOR010C,YPL046C,0,0.14900723,0.2127116620540619,0.9169999957084656,0.3393999934196472
YNR056C,YBR083W,0,0.14897597,0.21266233921051025,0.9169999957084656,0.3395000100135803
YBR056W,YBR293W,0,0.14893082,0.2126130312681198,0.9169999957084656,0.33959999680519104
YAL005C,YJL091C,0,0.14880142,0.21256375312805176,0.9169999957084656,0.33970001339912415
YGL124C,YKL157W,0,0.14877293,0.2125144898891449,0.9169999957084656,0.33980000019073486
YJR043C,YER172C,0,0.14862013,0.21246524155139923,0.9169999957084656,0.3398999869823456
YNL126W,YHR050W,0,0.14853068,0.21241602301597595,0.9169999957084656,0.3400000035762787
YBR235W,YLR035C,0,0.14830239,0.21236683428287506,0.9169999957084656,0.3400999903678894
YLR242C,YBR021W,0,0.14829446,0.21231766045093536,0.9169999957084656,0.3402000069618225
YLR070C,YBR018C,0,0.14828119,0.21226851642131805,0.9169999957084656,0.3402999937534332
YPR061C,YBL099W,0,0.14825442,0.21221938729286194,0.9169999957084656,0.34040001034736633
YKL113C,YER124C,0,0.1482352,0.2121702879667282,0.9169999957084656,0.34049999713897705
YAR050W,YHL009C,0,0.14816579,0.21212121844291687,0.9169999957084656,0.34060001373291016
YBR070C,YDL122W,0,0.14811605,0.21207214891910553,0.9169999957084656,0.3407000005245209
YDR348C,YHL033C,0,0.1480807,0.21202312409877777,0.9169999957084656,0.3407999873161316
YHR134W,YNL075W,0,0.14805621,0.2119741141796112,0.9169999957084656,0.3409000039100647
YBR179C,YCR020W-B,0,0.14788635,0.21192511916160583,0.9169999957084656,0.3409999907016754
YHR141C,YDR206W,0,0.14772022,0.21187615394592285,0.9169999957084656,0.3411000072956085
YPL047W,YDL188C,0,0.14767241,0.21182721853256226,0.9169999957084656,0.34119999408721924
YPL009C,YGR257C,0,0.14760152,0.21177829802036285,0.9169999957084656,0.34130001068115234
YKL160W,YBL066C,0,0.14759375,0.21172939240932465,0.9169999957084656,0.34139999747276306
YNL241C,YML010W,0,0.14754495,0.21168051660060883,0.9169999957084656,0.34150001406669617
YJL151C,YDR267C,0,0.1475203,0.2116316705942154,0.9169999957084656,0.3416000008583069
YNL009W,YPL057C,0,0.14741091,0.21158283948898315,0.9169999957084656,0.3416999876499176
YGR157W,YDR485C,0,0.1473615,0.2115340232849121,0.9169999957084656,0.3418000042438507
YBR302C,YGR192C,0,0.1473179,0.21148523688316345,0.9169999957084656,0.3418999910354614
YJL137C,YGR231C,0,0.1472865,0.21143648028373718,0.9169999957084656,0.34200000762939453
YPR181C,YJL104W,0,0.14722484,0.2113877385854721,0.9169999957084656,0.34209999442100525
YDR020C,YJL111W,0,0.14719324,0.21133901178836823,0.9169999957084656,0.34220001101493835
YPR022C,YMR067C,0,0.14712662,0.21129032969474792,0.9169999957084656,0.3422999978065491
YPR061C,YKL035W,0,0.14710394,0.21124164760112762,0.9169999957084656,0.3424000144004822
YNL099C,YDL165W,0,0.14707881,0.2111929953098297,0.9169999957084656,0.3425000011920929
YDR016C,YML123C,0,0.14706473,0.2111443728208542,0.9169999957084656,0.3425999879837036
YOL041C,YMR083W,0,0.14703053,0.21109576523303986,0.9169999957084656,0.3427000045776367
YLR240W,YAL032C,0,0.14698207,0.2110471874475479,0.9169999957084656,0.34279999136924744
YBR210W,YBL009W,0,0.1469373,0.21099862456321716,0.9169999957084656,0.34290000796318054
YAR008W,YDR477W,0,0.14690687,0.2109500765800476,0.9169999957084656,0.34299999475479126
YCR066W,YDR266C,0,0.14688998,0.21090155839920044,0.9169999957084656,0.34310001134872437
YKL146W,YMR134W,0,0.14673841,0.21085307002067566,0.9169999957084656,0.3431999981403351
YGR207C,YPR056W,0,0.14646173,0.21080459654331207,0.9169999957084656,0.3433000147342682
YER169W,YGL054C,0,0.14643085,0.21075615286827087,0.9169999957084656,0.3434000015258789
YBR215W,YDL092W,0,0.14618829,0.21070772409439087,0.9169999957084656,0.3434999883174896
YLR225C,YBR083W,0,0.14610875,0.21065931022167206,0.9169999957084656,0.34360000491142273
YOR354C,YDR266C,0,0.14604153,0.21061092615127563,0.9169999957084656,0.34369999170303345
YER004W,YMR060C,0,0.14597681,0.2105625718832016,0.9169999957084656,0.34380000829696655
YDR221W,YCL026C-A,0,0.14588591,0.21051423251628876,0.9169999957084656,0.34389999508857727
YOL091W,YGR096W,0,0.14580339,0.2104659229516983,0.9169999957084656,0.3440000116825104
YOR354C,YHR102W,0,0.14575127,0.21041762828826904,0.9169999957084656,0.3440999984741211
YJL063C,YNL082W,0,0.14573067,0.21036934852600098,0.9169999957084656,0.3441999852657318
YPR082C,YBR293W,0,0.14570346,0.2103210985660553,0.9169999957084656,0.3443000018596649
YDR311W,YPR140W,0,0.14568341,0.210272878408432,0.9169999957084656,0.34439998865127563
YGL013C,YJR002W,0,0.1455546,0.2102246731519699,0.9169999957084656,0.34450000524520874
YBL027W,YDR409W,0,0.1455364,0.210176482796669,0.9169999957084656,0.34459999203681946
YHR107C,YLR089C,0,0.14550407,0.2101283222436905,0.9169999957084656,0.34470000863075256
YLR320W,YML058W,0,0.1454018,0.21008017659187317,0.9169999957084656,0.3447999954223633
YMR030W,YJL184W,0,0.14496203,0.21003206074237823,0.9169999957084656,0.3449000120162964
YGR059W,YGR013W,0,0.14492871,0.2099839746952057,0.9169999957084656,0.3449999988079071
YDR020C,YKL018W,0,0.14490378,0.20993590354919434,0.9169999957084656,0.3450999855995178
YNL003C,YBL100W-A,0,0.14489743,0.20988784730434418,0.9169999957084656,0.3452000021934509
YAR003W,YER001W,0,0.14489645,0.2098398208618164,0.9169999957084656,0.34529998898506165
YDR314C,YPL158C,0,0.1447773,0.20979180932044983,0.9169999957084656,0.34540000557899475
YGR148C,YNL272C,0,0.1447006,0.20974382758140564,0.9169999957084656,0.34549999237060547
YLL005C,YJR125C,0,0.14453857,0.20969586074352264,0.9169999957084656,0.3456000089645386
YNL152W,YGR261C,0,0.14437069,0.20964792370796204,0.9169999957084656,0.3456999957561493
YJR090C,YNL125C,0,0.14436828,0.20960000157356262,0.9169999957084656,0.3458000123500824
YBR203W,YKR042W,0,0.14431942,0.2095521092414856,0.9169999957084656,0.3458999991416931
YDL168W,YKR025W,0,0.14431389,0.20950423181056976,0.9169999957084656,0.34599998593330383
YDL005C,YFL009W,0,0.14429578,0.20945636928081512,0.9169999957084656,0.34610000252723694
YJR090C,YCR088W,0,0.14421675,0.20940853655338287,0.9169999957084656,0.34619998931884766
YHR034C,YBR236C,0,0.14410974,0.209360733628273,0.9169999957084656,0.34630000591278076
YER039C,YPR164W,0,0.14406563,0.20931294560432434,0.9169999957084656,0.3463999927043915
YDL052C,YGL257C,0,0.14398532,0.20926517248153687,0.9169999957084656,0.3465000092983246
YDL207W,YPR066W,0,0.14389408,0.20921742916107178,0.9169999957084656,0.3465999960899353
YNL299W,YNL312W,0,0.14379586,0.20916970074176788,0.9169999957084656,0.3467000126838684
YBR073W,YIL103W,0,0.14368972,0.20912200212478638,0.9169999957084656,0.3467999994754791
YJR152W,YJR144W,0,0.14367986,0.20907433331012726,0.9169999957084656,0.34689998626708984
YGL201C,YOR188W,0,0.14363626,0.20902666449546814,0.9169999957084656,0.34700000286102295
YLR242C,YBR039W,0,0.14359514,0.2089790403842926,0.9169999957084656,0.34709998965263367
YLR035C,YJL020C,0,0.14345853,0.20893141627311707,0.9169999957084656,0.3472000062465668
YBR258C,YNR023W,0,0.14332925,0.20888382196426392,0.9169999957084656,0.3472999930381775
YOR256C,YLL010C,0,0.14328095,0.20883625745773315,0.9169999957084656,0.3474000096321106
YHR032W,YHR203C,0,0.14323041,0.2087887078523636,0.9169999957084656,0.3474999964237213
YDL044C,YGR289C,0,0.14315969,0.2087411731481552,0.9169999957084656,0.3476000130176544
YOR312C,YEL003W,0,0.14314613,0.20869366824626923,0.9169999957084656,0.34769999980926514
YHR112C,YOL113W,0,0.1430298,0.20864619314670563,0.9169999957084656,0.34779998660087585
YOR354C,YGR183C,0,0.14301878,0.20859873294830322,0.9169999957084656,0.34790000319480896
YLL023C,YHR166C,0,0.14299318,0.208551287651062,0.9169999957084656,0.3479999899864197
YDL042C,YLR399C,0,0.14297026,0.2085038721561432,0.9169999957084656,0.3481000065803528
YMR268C,YGL077C,0,0.14286222,0.20845647156238556,0.9169999957084656,0.3481999933719635
YBL006C,YNR012W,0,0.1428601,0.20840908586978912,0.9169999957084656,0.3483000099658966
YGR023W,YIL073C,0,0.14281474,0.20836172997951508,0.9169999957084656,0.3483999967575073
YNL021W,YMR067C,0,0.14242384,0.20831440389156342,0.9169999957084656,0.34850001335144043
YBR239C,YPL128C,0,0.14239617,0.20826709270477295,0.9169999957084656,0.34860000014305115
YML126C,YCR020W-B,0,0.14221118,0.20821979641914368,0.9169999957084656,0.34869998693466187
YML110C,YDR221W,0,0.14206716,0.2081725299358368,0.9169999957084656,0.34880000352859497
YJL099W,YGL133W,0,0.14205916,0.2081252783536911,0.9169999957084656,0.3488999903202057
YPR029C,YMR121C,0,0.14203495,0.2080780565738678,0.9169999957084656,0.3490000069141388
YDR182W,YPR082C,0,0.14171153,0.2080308496952057,0.9169999957084656,0.3490999937057495
YGL047W,YGR092W,0,0.14167652,0.20798367261886597,0.9169999957084656,0.3492000102996826
YML078W,YMR280C,0,0.14163642,0.20793651044368744,0.9169999957084656,0.34929999709129333
YDL002C,YIL168W,0,0.14159516,0.2078893631696701,0.9169999957084656,0.34940001368522644
YGR133W,YGL013C,0,0.14151947,0.20784224569797516,0.9169999957084656,0.34950000047683716
YBR070C,YIL129C,0,0.14145967,0.2077951580286026,0.9169999957084656,0.3495999872684479
YHL007C,YPR023C,0,0.1414163,0.20774807035923004,0.9169999957084656,0.349700003862381
YDR221W,YBR135W,0,0.14131016,0.20770101249217987,0.9169999957084656,0.3497999906539917
YBL050W,YKR087C,0,0.14115742,0.2076539844274521,0.9169999957084656,0.3499000072479248
YHR191C,YOL033W,0,0.1411439,0.2076069712638855,0.9169999957084656,0.3499999940395355
YJL113W,YOL137W,0,0.14093547,0.2075599879026413,0.9169999957084656,0.35010001063346863
YIR003W,YER094C,0,0.1408314,0.2075130194425583,0.9169999957084656,0.35019999742507935
YOR007C,YPL072W,0,0.14071715,0.20746606588363647,0.9169999957084656,0.35030001401901245
YJL139C,YOR115C,0,0.140704,0.20741914212703705,0.9169999957084656,0.35040000081062317
YJL210W,YNL229C,0,0.14063588,0.20737223327159882,0.9169999957084656,0.3504999876022339
YJL116C,YOL044W,0,0.14060661,0.20732533931732178,0.9169999957084656,0.350600004196167
YDL042C,YJR088C,0,0.14060299,0.20727847516536713,0.9169999957084656,0.3506999909877777
YAR003W,YMR060C,0,0.1406003,0.20723164081573486,0.9169999957084656,0.3508000075817108
YJR099W,YML025C,0,0.14056449,0.2071848213672638,0.9169999957084656,0.35089999437332153
YAR050W,YKR067W,0,0.1402567,0.20713801681995392,0.9169999957084656,0.35100001096725464
YLL052C,YNL270C,0,0.14024684,0.20709124207496643,0.9169999957084656,0.35109999775886536
YGL011C,YGL179C,0,0.14023729,0.20704448223114014,0.9169999957084656,0.35120001435279846
YML110C,YML058W,0,0.14020199,0.20699773728847504,0.9169999957084656,0.3513000011444092
YKL160W,YDR324C,0,0.14019486,0.20695102214813232,0.9169999957084656,0.3513999879360199
YOR307C,YJL113W,0,0.1401305,0.206904336810112,0.9169999957084656,0.351500004529953
YOL137W,YML075C,0,0.14008212,0.20685765147209167,0.9169999957084656,0.3515999913215637
YCR102C,YGL257C,0,0.14005284,0.20681101083755493,0.9169999957084656,0.3517000079154968
YFR051C,YCL020W,0,0.14005184,0.2067643702030182,0.9169999957084656,0.35179999470710754
YJR067C,YLL010C,0,0.1400136,0.20671775937080383,0.9169999957084656,0.35190001130104065
YOL110W,YPL016W,0,0.13998567,0.20667117834091187,0.9169999957084656,0.35199999809265137
YDL165W,YER094C,0,0.13992731,0.2066246122121811,0.9169999957084656,0.3521000146865845
YKR029C,YLR449W,0,0.13987577,0.2065780609846115,0.9169999957084656,0.3522000014781952
YJR137C,YPR112C,0,0.13986136,0.20653152465820312,0.9169999957084656,0.3522999882698059
YGR227W,YOR100C,0,0.13956113,0.20648503303527832,0.9169999957084656,0.352400004863739
YAR003W,YGL029W,0,0.13944757,0.20643854141235352,0.9169999957084656,0.35249999165534973
YAL032C,YPR065W,0,0.13934648,0.2063920795917511,0.9169999957084656,0.35260000824928284
YDL002C,YMR106C,0,0.13924147,0.20634563267230988,0.9169999957084656,0.35269999504089355
YML024W,YHR152W,0,0.1392307,0.20629921555519104,0.9169999957084656,0.35280001163482666
YJL151C,YLR069C,0,0.13921383,0.2062528133392334,0.9169999957084656,0.3528999984264374
YLR132C,YPR094W,0,0.13918656,0.20620642602443695,0.9169999957084656,0.3529999852180481
YDL126C,YJL100W,0,0.13889639,0.2061600685119629,0.9169999957084656,0.3531000018119812
YOL115W,YNR063W,0,0.13883708,0.20611374080181122,0.9169999957084656,0.3531999886035919
YPR124W,YOL113W,0,0.1388267,0.20606741309165955,0.9169999957084656,0.353300005197525
YFL018C,YDL156W,0,0.13878118,0.20602111518383026,0.9169999957084656,0.35339999198913574
YER118C,YGL175C,0,0.13864115,0.20597484707832336,0.9169999957084656,0.35350000858306885
YDR182W,YPR009W,0,0.13835143,0.20592859387397766,0.9169999957084656,0.35359999537467957
YPL084W,YOR255W,0,0.1383501,0.20588235557079315,0.9169999957084656,0.35370001196861267
YLR376C,YLR275W,0,0.13832042,0.20583613216876984,0.9169999957084656,0.3537999987602234
YLR070C,YNL327W,0,0.13822117,0.2057899534702301,0.9169999957084656,0.3538999855518341
YOL110W,YEL055C,0,0.13816394,0.20574377477169037,0.9169999957084656,0.3540000021457672
YPL020C,YER004W,0,0.13812166,0.20569762587547302,0.9169999957084656,0.35409998893737793
YPR079W,YNL224C,0,0.13798009,0.20565149188041687,0.9169999957084656,0.35420000553131104
YGR049W,YMR309C,0,0.13784862,0.2056053876876831,0.9169999957084656,0.35429999232292175
YOR231W,YKR003W,0,0.13781008,0.20555929839611053,0.9169999957084656,0.35440000891685486
YGL130W,YLL023C,0,0.13779713,0.20551322400569916,0.9169999957084656,0.3544999957084656
YGR068C,YDR017C,0,0.13764492,0.20546717941761017,0.9169999957084656,0.3546000123023987
YOL113W,YGR092W,0,0.13760917,0.20542114973068237,0.9169999957084656,0.3546999990940094
YNL067W,YBR083W,0,0.13749647,0.20537513494491577,0.9169999957084656,0.3547999858856201
YJL204C,YMR106C,0,0.13748588,0.20532914996147156,0.9169999957084656,0.3549000024795532
YBR217W,YLR368W,0,0.13747151,0.20528319478034973,0.9169999957084656,0.35499998927116394
YIL040W,YML007W,0,0.13745782,0.2052372395992279,0.9169999957084656,0.35510000586509705
YDL207W,YDR143C,0,0.13743517,0.20519131422042847,0.9169999957084656,0.35519999265670776
YGL001C,YMR083W,0,0.13738549,0.20514541864395142,0.9169999957084656,0.35530000925064087
YPL047W,YGL133W,0,0.13726218,0.20509952306747437,0.9169999957084656,0.3553999960422516
YGR278W,YDR480W,0,0.13705865,0.2050536721944809,0.9169999957084656,0.3555000126361847
YLR136C,YDR037W,0,0.13690276,0.20500782132148743,0.9169999957084656,0.3555999994277954
YDR462W,YPR061C,0,0.13683605,0.20496200025081635,0.9169999957084656,0.35569998621940613
YAR066W,YER122C,0,0.13667199,0.20491619408130646,0.9169999957084656,0.35580000281333923
YER054C,YLL028W,0,0.13662969,0.20487041771411896,0.9169999957084656,0.35589998960494995
YOL088C,YBR280C,0,0.13632402,0.20482465624809265,0.9169999957084656,0.35600000619888306
YMR011W,YGR098C,0,0.13617645,0.20477892458438873,0.9169999957084656,0.3560999929904938
YGL133W,YGR289C,0,0.13613148,0.20473319292068481,0.9169999957084656,0.3562000095844269
YLR378C,YMR268C,0,0.13608202,0.20468750596046448,0.9169999957084656,0.3562999963760376
YNR036C,YHR091C,0,0.13603227,0.20464181900024414,0.9169999957084656,0.3564000129699707
YML066C,YGL086W,0,0.13600627,0.2045961618423462,0.9169999957084656,0.3564999997615814
YDR085C,YIL105C,0,0.13597302,0.20455051958560944,0.9169999957084656,0.35659998655319214
YDR202C,YLR378C,0,0.13593817,0.20450490713119507,0.9169999957084656,0.35670000314712524
YIL085C,YNL327W,0,0.13593137,0.2044593095779419,0.9169999957084656,0.35679998993873596
YDR141C,YMR251W-A,0,0.13533217,0.20441372692584991,0.9169999957084656,0.35690000653266907
YDR210W,YFL002C,0,0.13518079,0.20436817407608032,0.9169999957084656,0.3569999933242798
YMR278W,YPL181W,0,0.13516566,0.20432263612747192,0.9169999957084656,0.3571000099182129
YFL016C,YJR161C,0,0.13512212,0.2042771279811859,0.9169999957084656,0.3571999967098236
YHR079C-A,YGR256W,0,0.13511078,0.2042316198348999,0.9169999957084656,0.3573000133037567
YFL016C,YNL327W,0,0.13483475,0.20418615639209747,0.9169999957084656,0.35740000009536743
YBR200W,YGL181W,0,0.13464308,0.20414069294929504,0.9169999957084656,0.35749998688697815
YPL249C-A,YJL111W,0,0.13452153,0.204095259308815,0.9169999957084656,0.35760000348091125
YHL002W,YPL192C,0,0.1344427,0.20404984056949615,0.9169999957084656,0.357699990272522
YBR004C,YLR117C,0,0.13431507,0.2040044516324997,0.9169999957084656,0.3578000068664551
YEL046C,YLL023C,0,0.13431117,0.20395907759666443,0.9169999957084656,0.3578999936580658
YPR018W,YER042W,0,0.13420637,0.20391371846199036,0.9169999957084656,0.3580000102519989
YPL128C,YGL054C,0,0.13419051,0.20386838912963867,0.9169999957084656,0.3580999970436096
YDR073W,YKL139W,0,0.13418211,0.20382307469844818,0.9169999957084656,0.3582000136375427
YHL002W,YMR104C,0,0.13407777,0.20377777516841888,0.9169999957084656,0.35830000042915344
YPR107C,YNL329C,0,0.13384208,0.20373250544071198,0.9169999957084656,0.35839998722076416
YNL124W,YML019W,0,0.133783,0.20368725061416626,0.9169999957084656,0.35850000381469727
YOL001W,YOL089C,0,0.1337583,0.20364201068878174,0.9169999957084656,0.358599990606308
YOL088C,YKL127W,0,0.13374713,0.2035968005657196,0.9169999957084656,0.3587000072002411
YOR094W,YDL188C,0,0.13373105,0.20355160534381866,0.9169999957084656,0.3587999939918518
YOL115W,YKL046C,0,0.13368952,0.2035064399242401,0.9169999957084656,0.3589000105857849
YBR258C,YJL115W,0,0.13356827,0.20346128940582275,0.9169999957084656,0.35899999737739563
YPL170W,YMR060C,0,0.133545,0.2034161537885666,0.9169999957084656,0.35910001397132874
YCR043C,YER075C,0,0.13352405,0.20337103307247162,0.9169999957084656,0.35920000076293945
YLR084C,YLR453C,0,0.13341545,0.20332594215869904,0.9169999957084656,0.35929998755455017
YOL001W,YER094C,0,0.13339792,0.20328086614608765,0.9169999957084656,0.3594000041484833
YLR070C,YDL161W,0,0.13336584,0.20323581993579865,0.9169999957084656,0.359499990940094
YCR066W,YNL315C,0,0.13324212,0.20319078862667084,0.9169999957084656,0.3596000075340271
YGR275W,YER011W,0,0.13321684,0.20314577221870422,0.9169999957084656,0.3596999943256378
YDR163W,YMR309C,0,0.13319395,0.2031007707118988,0.9169999957084656,0.3598000109195709
YJL139C,YDR141C,0,0.13318375,0.20305579900741577,0.9169999957084656,0.35989999771118164
YBR228W,YBR110W,0,0.13317196,0.20301084220409393,0.9169999957084656,0.36000001430511475
YNR032W,YIL010W,0,0.13316561,0.20296591520309448,0.9169999957084656,0.36010000109672546
YDR485C,YPL118W,0,0.13311478,0.20292100310325623,0.9169999957084656,0.3601999878883362
YHR102W,YKR065C,0,0.13311374,0.20287610590457916,0.9169999957084656,0.3603000044822693
YLR144C,YJR007W,0,0.13295485,0.2028312385082245,0.9169999957084656,0.36039999127388
YBR102C,YGR172C,0,0.13294241,0.2027863711118698,0.9169999957084656,0.3605000078678131
YNR026C,YKL018W,0,0.13289605,0.20274154841899872,0.9169999957084656,0.36059999465942383
YKL071W,YOR214C,0,0.13263999,0.20269672572612762,0.9169999957084656,0.36070001125335693
YMR283C,YJL050W,0,0.13262656,0.20265193283557892,0.9169999957084656,0.36079999804496765
YFR009W,YIR008C,0,0.13238132,0.2026071548461914,0.9169999957084656,0.36090001463890076
YDL132W,YJR152W,0,0.13236414,0.20256240665912628,0.9169999957084656,0.3610000014305115
YNL071W,YGL179C,0,0.13234562,0.20251767337322235,0.9169999957084656,0.3610999882221222
YHR124W,YMR271C,0,0.13230398,0.20247295498847961,0.9169999957084656,0.3612000048160553
YLR424W,YML010W,0,0.13226593,0.20242825150489807,0.9169999957084656,0.361299991607666
YBR077C,YKL222C,0,0.1322529,0.20238357782363892,0.9169999957084656,0.3614000082015991
YGR247W,YLR229C,0,0.13204855,0.20233891904354095,0.9169999957084656,0.36149999499320984
YPL237W,YMR030W,0,0.13203034,0.20229429006576538,0.9169999957084656,0.36160001158714294
YIR021W,YEL047C,0,0.1320249,0.202249675989151,0.9169999957084656,0.36169999837875366
YBR253W,YMR189W,0,0.13200943,0.20220507681369781,0.9169999957084656,0.3617999851703644
YKL139W,YBR167C,0,0.13199961,0.20216049253940582,0.9169999957084656,0.3619000017642975
YHR007C,YPR066W,0,0.13195229,0.20211593806743622,0.9169999957084656,0.3619999885559082
YML014W,YKR029C,0,0.13182168,0.2020713984966278,0.9169999957084656,0.3621000051498413
YGR140W,YML065W,0,0.1317754,0.2020268738269806,0.9169999957084656,0.362199991941452
YOL049W,YGR132C,0,0.13170633,0.20198237895965576,0.9169999957084656,0.36230000853538513
YMR263W,YPR185W,0,0.13156344,0.20193789899349213,0.9169999957084656,0.36239999532699585
YDL159W,YOR344C,0,0.13156042,0.20189343392848969,0.9169999957084656,0.36250001192092896
YKR065C,YHR166C,0,0.13144767,0.20184899866580963,0.9169999957084656,0.3625999987125397
YCR003W,YLR229C,0,0.1312698,0.20180457830429077,0.9169999957084656,0.3626999855041504
YOL097C,YHR050W,0,0.13126387,0.2017601728439331,0.9169999957084656,0.3628000020980835
YLR106C,YHR066W,1,0.13120735,0.2019357681274414,0.9179999828338623,0.3628000020980835
YJR137C,YPR052C,0,0.13113615,0.20189136266708374,0.9179999828338623,0.3628999888896942
YDL159W,YMR052W,0,0.13086991,0.20184697210788727,0.9179999828338623,0.3630000054836273
YCR102C,YHR115C,0,0.13086213,0.201802596449852,0.9179999828338623,0.36309999227523804
YNL300W,YHL020C,0,0.13070893,0.2017582356929779,0.9179999828338623,0.36320000886917114
YBR221C,YKL157W,0,0.13064389,0.2017139047384262,0.9179999828338623,0.36329999566078186
YPL211W,YDR153C,0,0.13060018,0.2016695886850357,0.9179999828338623,0.36340001225471497
YOR033C,YML026C,0,0.1305799,0.2016253024339676,0.9179999828338623,0.3634999990463257
YBR068C,YDR352W,0,0.13057531,0.20158103108406067,0.9179999828338623,0.3635999858379364
YML064C,YJL014W,0,0.13054426,0.20153677463531494,0.9179999828338623,0.3637000024318695
YDR006C,YGL032C,0,0.1304852,0.2014925330877304,0.9179999828338623,0.3637999892234802
YHR102W,YOR245C,0,0.13037367,0.20144832134246826,0.9179999828338623,0.36390000581741333
YCR042C,YGR207C,0,0.13030076,0.2014041244983673,0.9179999828338623,0.36399999260902405
YBR293W,YPL030W,0,0.1302117,0.20135994255542755,0.9179999828338623,0.36410000920295715
YDL212W,YPL275W,0,0.13016894,0.20131579041481018,0.9179999828338623,0.36419999599456787
YOL060C,YAR066W,0,0.1301183,0.201271653175354,0.9179999828338623,0.364300012588501
YOR149C,YNL005C,0,0.13004859,0.20122753083705902,0.9179999828338623,0.3643999993801117
YBR253W,YPR164W,0,0.12991503,0.20118343830108643,0.9179999828338623,0.3644999861717224
YJL074C,YHR050W,0,0.12982418,0.20113934576511383,0.9179999828338623,0.3646000027656555
YDR225W,YOR214C,0,0.12980975,0.20109528303146362,0.9179999828338623,0.36469998955726624
YBR217W,YDL092W,0,0.1297278,0.2010512501001358,0.9179999828338623,0.36480000615119934
YAR050W,YML078W,0,0.12970269,0.20100723206996918,0.9179999828338623,0.36489999294281006
YER073W,YMR199W,0,0.12968537,0.20096322894096375,0.9179999828338623,0.36500000953674316
YOR362C,YDL161W,0,0.12966573,0.2009192407131195,0.9179999828338623,0.3650999963283539
YLR166C,YBR302C,0,0.12952177,0.20087526738643646,0.9179999828338623,0.365200012922287
YIL063C,YER054C,0,0.1294331,0.2008313238620758,0.9179999828338623,0.3652999997138977
YDR432W,YOR293W,0,0.12939374,0.20078739523887634,0.9179999828338623,0.3653999865055084
YFL034C-B,YNL252C,0,0.12936437,0.20074349641799927,0.9179999828338623,0.36550000309944153
YLR298C,YNL177C,0,0.12928016,0.2006996124982834,0.9179999828338623,0.36559998989105225
YOL148C,YDR001C,0,0.12926406,0.2006557434797287,0.9179999828338623,0.36570000648498535
YER073W,YOR077W,0,0.1291471,0.2006118893623352,0.9179999828338623,0.36579999327659607
YML093W,YNR039C,0,0.12895508,0.2005680650472641,0.9179999828338623,0.3659000098705292
YHR003C,YLR355C,0,0.12892038,0.200524240732193,0.9179999828338623,0.3659999966621399
YNL082W,YDL201W,0,0.12890647,0.20048046112060547,0.9179999828338623,0.366100013256073
YLR368W,YOR028C,0,0.1288986,0.20043668150901794,0.9179999828338623,0.3662000000476837
YFL024C,YHL020C,0,0.12885532,0.2003929316997528,0.9179999828338623,0.36629998683929443
YIL066C,YGL086W,0,0.12881245,0.20034919679164886,0.9179999828338623,0.36640000343322754
YLL039C,YDL165W,0,0.12835751,0.20030547678470612,0.9179999828338623,0.36649999022483826
YKL152C,YDL014W,0,0.12832585,0.20026178658008575,0.9179999828338623,0.36660000681877136
YML114C,YER035W,0,0.12832394,0.2002180963754654,0.9179999828338623,0.3666999936103821
YLR226W,YGL234W,0,0.12824857,0.2001744508743286,0.9179999828338623,0.3668000102043152
YDR522C,YNR063W,0,0.1279903,0.20013080537319183,0.9179999828338623,0.3668999969959259
YOL058W,YKR065C,0,0.12764162,0.20008718967437744,0.9179999828338623,0.367000013589859
YKL222C,YKL073W,0,0.12763473,0.20004358887672424,0.9179999828338623,0.3671000003814697
YKR092C,YFL008W,0,0.12748092,0.20000000298023224,0.9179999828338623,0.36719998717308044
YHR003C,YGL145W,0,0.12727754,0.19995643198490143,0.9179999828338623,0.36730000376701355
YKR022C,YJR044C,0,0.12706828,0.199912890791893,0.9179999828338623,0.36739999055862427
YOR005C,YKR001C,0,0.12706333,0.19986936450004578,0.9179999828338623,0.3675000071525574
YBL066C,YLL036C,0,0.12703404,0.19982585310935974,0.9179999828338623,0.3675999939441681
YGL023C,YLR320W,0,0.12700374,0.1997823715209961,0.9179999828338623,0.3677000105381012
YPR082C,YAL032C,0,0.12699024,0.19973890483379364,0.9179999828338623,0.3677999973297119
YJL063C,YLR178C,0,0.12696177,0.19969545304775238,0.9179999828338623,0.367900013923645
YGR109C,YAL009W,0,0.12694813,0.19965201616287231,0.9179999828338623,0.36800000071525574
YHR039C,YJL118W,0,0.12684102,0.19960860908031464,0.9179999828338623,0.36809998750686646
YGR186W,YER166W,0,0.12672034,0.19956521689891815,0.9179999828338623,0.36820000410079956
YMR263W,YBL027W,0,0.12670039,0.19952183961868286,0.9179999828338623,0.3682999908924103
YGR271C-A,YOL034W,0,0.12666006,0.19947849214076996,0.9179999828338623,0.3684000074863434
YDL165W,YMR029C,0,0.12665728,0.19943514466285706,0.9179999828338623,0.3684999942779541
YCL033C,YDL214C,0,0.12663266,0.19939182698726654,0.9179999828338623,0.3686000108718872
YBR201W,YKL157W,0,0.12663029,0.1993485391139984,0.9179999828338623,0.3686999976634979
YKL107W,YGL086W,0,0.12660497,0.19930525124073029,0.9179999828338623,0.36880001425743103
YKL163W,YOR022C,0,0.12655658,0.19926199316978455,0.9179999828338623,0.36890000104904175
YHR178W,YDR123C,0,0.12650868,0.19921875,0.9179999828338623,0.36899998784065247
YIL049W,YDR155C,0,0.12648222,0.19917552173137665,0.9179999828338623,0.36910000443458557
YGL250W,YHR124W,0,0.12646468,0.19913232326507568,0.9179999828338623,0.3691999912261963
YLR138W,YKR087C,0,0.1264119,0.1990891396999359,0.9179999828338623,0.3693000078201294
YLR297W,YER004W,0,0.12639095,0.19904597103595734,0.9179999828338623,0.3693999946117401
YLR378C,YDR198C,0,0.12637503,0.19900281727313995,0.9179999828338623,0.3695000112056732
YML130C,YDL147W,0,0.12614441,0.19895969331264496,0.9179999828338623,0.36959999799728394
YNL035C,YER004W,0,0.12611732,0.19891656935214996,0.9179999828338623,0.36970001459121704
YAL014C,YOR171C,0,0.1260404,0.19887349009513855,0.9179999828338623,0.36980000138282776
YBR073W,YEL077C,0,0.1259289,0.19883041083812714,0.9179999828338623,0.3698999881744385
YNL014W,YML010W,0,0.12590533,0.19878734648227692,0.9179999828338623,0.3700000047683716
YFL016C,YDL042C,0,0.1258783,0.19874431192874908,0.9179999828338623,0.3700999915599823
YER141W,YBR221C,0,0.12584502,0.19870129227638245,0.9179999828338623,0.3702000081539154
YGL133W,YMR060C,0,0.1258344,0.1986583024263382,0.9179999828338623,0.3702999949455261
YNL021W,YDR540C,0,0.12568752,0.19861531257629395,0.9179999828338623,0.37040001153945923
YDR051C,YAL055W,0,0.12568028,0.19857235252857208,0.9179999828338623,0.37049999833106995
YDR214W,YJL014W,0,0.12554708,0.1985294073820114,0.9179999828338623,0.37059998512268066
YOR329C,YEL071W,0,0.12540045,0.19848649203777313,0.9179999828338623,0.37070000171661377
YMR047C,YJR125C,0,0.12540014,0.19844357669353485,0.9179999828338623,0.3707999885082245
YGR038W,YNL037C,0,0.12534346,0.19840069115161896,0.9179999828338623,0.3709000051021576
YBR215W,YBL027W,0,0.12499637,0.19835782051086426,0.9179999828338623,0.3709999918937683
YOR100C,YKL221W,0,0.12493262,0.19831496477127075,0.9179999828338623,0.3711000084877014
YDR485C,YGR013W,0,0.12491484,0.19827213883399963,0.9179999828338623,0.37119999527931213
YIL105C,YOR367W,0,0.1248613,0.1982293277978897,0.9179999828338623,0.37130001187324524
YDR489W,YML065W,0,0.12485489,0.19818653166294098,0.9179999828338623,0.37139999866485596
YIL040W,YOR130C,0,0.124660954,0.19814375042915344,0.9179999828338623,0.3714999854564667
YJL116C,YPL170W,0,0.12446064,0.1981009989976883,0.9179999828338623,0.3716000020503998
YNL254C,YIR010W,0,0.1243912,0.19805824756622314,0.9179999828338623,0.3716999888420105
YBL045C,YLR410W,0,0.12437904,0.19801552593708038,0.9179999828338623,0.3718000054359436
YGL254W,YHR043C,0,0.124333516,0.19797283411026,0.9179999828338623,0.3718999922275543
YDR113C,YMR121C,0,0.12396622,0.19793014228343964,0.9179999828338623,0.3720000088214874
YJL028W,YHR187W,0,0.12395646,0.19788748025894165,0.9179999828338623,0.37209999561309814
YIL041W,YLR119W,0,0.12389233,0.19784483313560486,0.9179999828338623,0.37220001220703125
YHR032W,YDL147W,0,0.12388357,0.19780220091342926,0.9179999828338623,0.37229999899864197
YER169W,YKL139W,0,0.12387758,0.19775958359241486,0.9179999828338623,0.3723999857902527
YDL226C,YGR132C,0,0.12364435,0.19771699607372284,0.9179999828338623,0.3725000023841858
YNL139C,YPR101W,0,0.12362227,0.19767442345619202,0.9179999828338623,0.3725999891757965
YOR003W,YDL044C,0,0.123608194,0.1976318657398224,0.9179999828338623,0.3727000057697296
YJL177W,YHL020C,0,0.12352053,0.19758932292461395,0.9179999828338623,0.37279999256134033
YBR152W,YER042W,0,0.12351464,0.1975468099117279,0.9179999828338623,0.37290000915527344
YNL053W,YGL187C,0,0.12350354,0.19750429689884186,0.9179999828338623,0.37299999594688416
YOR205C,YLR022C,0,0.12335946,0.1974618136882782,0.9179999828338623,0.37310001254081726
YGL001C,YER078C,0,0.12323333,0.19741936028003693,0.9179999828338623,0.373199999332428
YHR188C,YMR251W-A,0,0.123212025,0.19737690687179565,0.9179999828338623,0.3732999861240387
YNL264C,YNL014W,0,0.12320894,0.19733448326587677,0.9179999828338623,0.3734000027179718
YGR257C,YER065C,0,0.12314081,0.19729207456111908,0.9179999828338623,0.3734999895095825
YLR332W,YGR041W,0,0.123107076,0.19724968075752258,0.9179999828338623,0.3736000061035156
YDL103C,YFL018C,0,0.1230914,0.19720730185508728,0.9179999828338623,0.37369999289512634
YGL020C,YHR043C,0,0.12307511,0.19716495275497437,0.9179999828338623,0.37380000948905945
YLR240W,YGL013C,0,0.12306844,0.19712261855602264,0.9179999828338623,0.37389999628067017
YKL184W,YPL158C,0,0.12283063,0.19708029925823212,0.9179999828338623,0.37400001287460327
YOL119C,YDR084C,0,0.12281644,0.19703799486160278,0.9179999828338623,0.374099999666214
YJL028W,YLR332W,0,0.122793406,0.19699570536613464,0.9179999828338623,0.3741999864578247
YNL300W,YGR206W,0,0.12267119,0.1969534456729889,0.9179999828338623,0.3743000030517578
YGR028W,YHR115C,0,0.12265247,0.19691120088100433,0.9179999828338623,0.37439998984336853
YHR216W,YER016W,0,0.12257515,0.19686897099018097,0.9179999828338623,0.37450000643730164
YBR073W,YLR066W,0,0.12252324,0.1968267560005188,0.9179999828338623,0.37459999322891235
YHR003C,YMR251W-A,0,0.12244746,0.19678457081317902,0.9179999828338623,0.37470000982284546
YDR339C,YNL220W,0,0.12240936,0.19674238562583923,0.9179999828338623,0.3747999966144562
YLR166C,YCR024C-A,0,0.12234813,0.19670023024082184,0.9179999828338623,0.3749000132083893
YBR215W,YDR522C,0,0.12229605,0.19665810465812683,0.9179999828338623,0.375
YHR216W,YLR077W,0,0.12224667,0.19661597907543182,0.9179999828338623,0.3750999867916107
YBL036C,YBR102C,0,0.12223779,0.196573868393898,0.9179999828338623,0.3752000033855438
YML078W,YKL027W,0,0.12219295,0.19653178751468658,0.9179999828338623,0.37529999017715454
YIR003W,YAL014C,0,0.12193717,0.19648972153663635,0.9179999828338623,0.37540000677108765
YKL112W,YBR044C,0,0.12191744,0.1964476853609085,0.9179999828338623,0.37549999356269836
YGR121C,YBR008C,0,0.12191731,0.19640564918518066,0.9179999828338623,0.37560001015663147
YCL033C,YLR272C,0,0.121785484,0.1963636428117752,0.9179999828338623,0.3756999969482422
YGL023C,YPL249C-A,0,0.12165357,0.19632163643836975,0.9179999828338623,0.3758000135421753
YPR029C,YBR126C,0,0.12161096,0.19627965986728668,0.9179999828338623,0.375900000333786
YOR196C,YHR203C,0,0.121579535,0.196237713098526,0.9179999828338623,0.37599998712539673
YDR147W,YOL068C,0,0.12150651,0.19619576632976532,0.9179999828338623,0.37610000371932983
YHR178W,YNL279W,0,0.12142497,0.19615384936332703,0.9179999828338623,0.37619999051094055
YDR104C,YKL101W,0,0.12141642,0.19611194729804993,0.9179999828338623,0.37630000710487366
YNL209W,YCL020W,0,0.12140962,0.19607006013393402,0.9179999828338623,0.3763999938964844
YDR184C,YDR541C,0,0.12140574,0.1960281878709793,0.9179999828338623,0.3765000104904175
YJL137C,YBR098W,0,0.12133955,0.1959863305091858,0.9179999828338623,0.3765999972820282
YLR421C,YFR055W,0,0.121228375,0.19594450294971466,0.9179999828338623,0.3767000138759613
YHR191C,YMR044W,0,0.12108452,0.19590269029140472,0.9179999828338623,0.376800000667572
YCR017C,YFL018C,0,0.1210315,0.19586089253425598,0.9179999828338623,0.37689998745918274
YOL115W,YDL122W,0,0.12090357,0.19581910967826843,0.9179999828338623,0.37700000405311584
YOR115C,YDR489W,0,0.12089157,0.19577735662460327,0.9179999828338623,0.37709999084472656
YLL052C,YFL034C-A,0,0.1205771,0.1957356035709381,0.9179999828338623,0.37720000743865967
YNL072W,YLR138W,0,0.120568946,0.19569388031959534,0.9179999828338623,0.3772999942302704
YHR034C,YKL157W,0,0.12053981,0.19565217196941376,0.9179999828338623,0.3774000108242035
YCR102C,YJL047C,0,0.12050789,0.19561047852039337,0.9179999828338623,0.3774999976158142
YKL112W,YBR228W,0,0.12047477,0.19556881487369537,0.9179999828338623,0.3776000142097473
YPL268W,YPR004C,0,0.12046546,0.19552715122699738,0.9179999828338623,0.37770000100135803
YDR006C,YKL167C,0,0.1203849,0.19548551738262177,0.9179999828338623,0.37779998779296875
YFR051C,YPR094W,0,0.12036325,0.19544389843940735,0.9179999828338623,0.37790000438690186
YGL130W,YPL015C,0,0.1203252,0.19540229439735413,0.9179999828338623,0.3779999911785126
YDR073W,YLR069C,0,0.12025633,0.1953607201576233,0.9179999828338623,0.3781000077724457
YNL264C,YLR133W,0,0.120160535,0.19531914591789246,0.9179999828338623,0.3781999945640564
YAR008W,YML001W,0,0.120151356,0.195277601480484,0.9179999828338623,0.3783000111579895
YAL001C,YDL049C,0,0.12012158,0.19523607194423676,0.9179999828338623,0.3783999979496002
YMR030W,YNL106C,0,0.12009126,0.1951945573091507,0.9179999828338623,0.3785000145435333
YGR277C,YIR035C,0,0.12008566,0.19515305757522583,0.9179999828338623,0.37860000133514404
YGL125W,YHR083W,0,0.11983615,0.19511158764362335,0.9179999828338623,0.37869998812675476
YHR098C,YMR216C,0,0.119602114,0.19507011771202087,0.9179999828338623,0.37880000472068787
YFR042W,YDR363W,0,0.11949172,0.19502867758274078,0.9179999828338623,0.3788999915122986
YIL162W,YPR025C,0,0.11946828,0.1949872523546219,0.9179999828338623,0.3790000081062317
YOR361C,YFR044C,0,0.11946514,0.19494584202766418,0.9179999828338623,0.3790999948978424
YOR368W,YJL002C,0,0.11942416,0.19490446150302887,0.9179999828338623,0.3792000114917755
YIL121W,YGL020C,0,0.119380206,0.19486308097839355,0.9179999828338623,0.37929999828338623
YKL027W,YDR198C,0,0.119324274,0.19482173025608063,0.9179999828338623,0.37940001487731934
YKL213C,YGL207W,0,0.11907299,0.1947803944349289,0.9179999828338623,0.37950000166893005
YDR001C,YML010W,0,0.119055316,0.19473907351493835,0.9179999828338623,0.37959998846054077
YMR067C,YDL161W,0,0.11903453,0.194697767496109,0.9179999828338623,0.3797000050544739
YOL013C,YBR167C,0,0.11893789,0.19465649127960205,0.9179999828338623,0.3797999918460846
YGR198W,YLL039C,0,0.11880164,0.1946152150630951,0.9179999828338623,0.3799000084400177
YMR162C,YIL129C,0,0.11875941,0.19457396864891052,0.9179999828338623,0.3799999952316284
YAL001C,YIL067C,0,0.11872861,0.19453273713588715,0.9179999828338623,0.3801000118255615
YOR149C,YLL054C,0,0.11848819,0.19449152052402496,0.9179999828338623,0.38019999861717224
YCR067C,YDR147W,0,0.11847943,0.19445033371448517,0.9179999828338623,0.38029998540878296
YGR275W,YJR044C,0,0.11842343,0.19440914690494537,0.9179999828338623,0.38040000200271606
YDR266C,YML058W,0,0.11837392,0.19436798989772797,0.9179999828338623,0.3804999887943268
YKL163W,YAL047C,0,0.11832273,0.19432684779167175,0.9179999828338623,0.3806000053882599
YKL176C,YDR099W,0,0.11822252,0.19428572058677673,0.9179999828338623,0.3806999921798706
YGL130W,YOR005C,0,0.11792521,0.1942446082830429,0.9179999828338623,0.3808000087738037
YCR071C,YDR302W,0,0.11785181,0.19420351088047028,0.9179999828338623,0.38089999556541443
YLR138W,YDR017C,0,0.117830634,0.19416244328022003,0.9179999828338623,0.38100001215934753
YKL120W,YGR207C,0,0.11780052,0.1941213756799698,0.9179999828338623,0.38109999895095825
YGR287C,YPL029W,0,0.11770706,0.19408033788204193,0.9179999828338623,0.38119998574256897
YCL020W,YER075C,0,0.11753887,0.19403931498527527,0.9179999828338623,0.3813000023365021
YDR163W,YJR144W,0,0.117527544,0.1939983069896698,0.9179999828338623,0.3813999891281128
YHR143W-A,YNL009W,0,0.11745784,0.19395731389522552,0.9179999828338623,0.3815000057220459
YCL020W,YPL249C,0,0.11740519,0.19391635060310364,0.9179999828338623,0.3815999925136566
YOR144C,YGL044C,0,0.11736397,0.19387540221214294,0.9179999828338623,0.3817000091075897
YCL033C,YDR484W,0,0.1173549,0.19383445382118225,0.9179999828338623,0.38179999589920044
YER026C,YIL105C,0,0.117340565,0.19379353523254395,0.9179999828338623,0.38190001249313354
YPR107C,YLR155C,0,0.11731792,0.19375263154506683,0.9179999828338623,0.38199999928474426
YLR138W,YNL099C,0,0.11723085,0.1937117576599121,0.9179999828338623,0.382099986076355
YLR070C,YGL086W,0,0.11715653,0.19367088377475739,0.9179999828338623,0.3822000026702881
YCR088W,YBR110W,0,0.117026865,0.19363003969192505,0.9179999828338623,0.3822999894618988
YIR034C,YBR139W,0,0.11690099,0.1935891956090927,0.9179999828338623,0.3824000060558319
YNL124W,YMR291W,0,0.116806835,0.19354838132858276,0.9179999828338623,0.3824999928474426
YEL026W,YNR051C,0,0.1167393,0.193507581949234,0.9179999828338623,0.38260000944137573
YDR311W,YBL105C,0,0.116643175,0.19346681237220764,0.9179999828338623,0.38269999623298645
YHR178W,YMR134W,0,0.11661771,0.19342604279518127,0.9179999828338623,0.38280001282691956
YDR194C,YPR164W,0,0.116562665,0.1933853030204773,0.9179999828338623,0.3828999996185303
YDL178W,YHL013C,0,0.11635588,0.19334456324577332,0.9179999828338623,0.382999986410141
YDL194W,YOL017W,0,0.11629951,0.19330385327339172,0.9179999828338623,0.3831000030040741
YOL039W,YGR166W,0,0.116135076,0.19326315820217133,0.9179999828338623,0.3831999897956848
YDR058C,YDR485C,0,0.116086826,0.19322247803211212,0.9179999828338623,0.3833000063896179
YIL099W,YGR231C,0,0.11606677,0.1931818127632141,0.9179999828338623,0.38339999318122864
YIL066C,YHR045W,0,0.11599937,0.1931411772966385,0.9179999828338623,0.38350000977516174
YNL037C,YHL020C,0,0.11590147,0.19310054183006287,0.9179999828338623,0.38359999656677246
YDL232W,YOL075C,0,0.11588688,0.19305993616580963,0.9179999828338623,0.38370001316070557
YGR033C,YDL194W,0,0.115822054,0.1930193454027176,0.9179999828338623,0.3837999999523163
YGL184C,YHR072W,0,0.115795426,0.19297876954078674,0.9179999828338623,0.383899986743927
YFL050C,YNL124W,0,0.11538105,0.1929382085800171,0.9179999828338623,0.3840000033378601
YJL092W,YGL187C,0,0.115295276,0.19289766252040863,0.9179999828338623,0.3840999901294708
YDR348C,YNL270C,0,0.11509733,0.19285714626312256,0.9179999828338623,0.38420000672340393
YFR051C,YGR206W,0,0.11503926,0.1928166300058365,0.9179999828338623,0.38429999351501465
YLR135W,YLR431C,0,0.11493574,0.1927761435508728,0.9179999828338623,0.38440001010894775
YNR073C,YNL329C,0,0.11490111,0.1927356719970703,0.9179999828338623,0.38449999690055847
YDR409W,YNL220W,0,0.11485272,0.19269521534442902,0.9179999828338623,0.3846000134944916
YGL184C,YIL016W,0,0.114778966,0.1926547735929489,0.9179999828338623,0.3847000002861023
YHR112C,YBR039W,0,0.11474145,0.19261434674263,0.9179999828338623,0.384799987077713
YFL024C,YCR068W,0,0.114707574,0.19257394969463348,0.9179999828338623,0.3849000036716461
YLR341W,YBR244W,0,0.11461715,0.19253355264663696,0.9179999828338623,0.38499999046325684
YDL044C,YPL005W,0,0.114587866,0.19249318540096283,0.9179999828338623,0.38510000705718994
YOL110W,YOR144C,0,0.114523746,0.1924528330564499,0.9179999828338623,0.38519999384880066
YJL204C,YAL061W,0,0.11446917,0.19241249561309814,0.9179999828338623,0.38530001044273376
YKL160W,YMR106C,0,0.11424212,0.1923721730709076,0.9179999828338623,0.3853999972343445
YIL121W,YER172C,0,0.114241526,0.19233186542987823,0.9179999828338623,0.3855000138282776
YCR088W,YOL148C,0,0.11423537,0.19229157269001007,0.9179999828338623,0.3856000006198883
YMR278W,YOR214C,0,0.11423185,0.1922513097524643,0.9179999828338623,0.385699987411499
YLR320W,YGR098C,0,0.11410998,0.1922110617160797,0.9179999828338623,0.38580000400543213
YGR028W,YPR201W,0,0.11410946,0.19217081367969513,0.9179999828338623,0.38589999079704285
YGR074W,YPR165W,0,0.11383144,0.19213059544563293,0.9179999828338623,0.38600000739097595
YCL045C,YLR117C,0,0.11379594,0.19209039211273193,0.9179999828338623,0.38609999418258667
YER119C,YHL020C,0,0.1137656,0.19205020368099213,0.9179999828338623,0.3862000107765198
YDL004W,YDL020C,0,0.11372987,0.1920100450515747,0.9179999828338623,0.3862999975681305
YBR073W,YNL087W,0,0.11371904,0.1919698864221573,0.9179999828338623,0.3864000141620636
YOL001W,YER160C,0,0.11370477,0.19192975759506226,0.9179999828338623,0.3865000009536743
YIR007W,YPL275W,0,0.11364722,0.19188962876796722,0.9179999828338623,0.38659998774528503
YHR072W,YKL055C,0,0.11364493,0.19184952974319458,0.9179999828338623,0.38670000433921814
YOR115C,YLR117C,0,0.11363768,0.19180944561958313,0.9179999828338623,0.38679999113082886
YBR126C,YNL275W,0,0.11353752,0.19176937639713287,0.9179999828338623,0.38690000772476196
YGL184C,YBR135W,0,0.11351706,0.1917293220758438,0.9179999828338623,0.3869999945163727
YGL033W,YOR010C,0,0.1134565,0.19168928265571594,0.9179999828338623,0.3871000111103058
YJL099W,YML075C,0,0.11342253,0.19164927303791046,0.9179999828338623,0.3871999979019165
YLL054C,YLR355C,0,0.11337801,0.19160926342010498,0.9179999828338623,0.3873000144958496
YLR051C,YHR107C,0,0.11335841,0.1915692836046219,0.9179999828338623,0.3874000012874603
YKL092C,YPL079W,0,0.113333166,0.1915293186903,0.9179999828338623,0.38749998807907104
YMR164C,YKL139W,0,0.11330088,0.19148936867713928,0.9179999828338623,0.38760000467300415
YML024W,YOL130W,0,0.113214016,0.19144943356513977,0.9179999828338623,0.38769999146461487
YER016W,YJL118W,0,0.11319721,0.19140951335430145,0.9179999828338623,0.387800008058548
YOR321W,YOR295W,0,0.11318308,0.19136960804462433,0.9179999828338623,0.3878999948501587
YPL024W,YDR409W,0,0.113175035,0.1913297176361084,0.9179999828338623,0.3880000114440918
YPL212C,YBR008C,0,0.11305864,0.19128985702991486,0.9179999828338623,0.3880999982357025
YNR073C,YDR084C,0,0.11305494,0.1912499964237213,0.9179999828338623,0.3882000148296356
YPL249C-A,YOR122C,0,0.11292979,0.19121016561985016,0.9179999828338623,0.38830000162124634
YLR210W,YDL213C,0,0.11290169,0.1911703497171402,0.9179999828338623,0.38839998841285706
YCR042C,YML026C,0,0.11285388,0.19113054871559143,0.9179999828338623,0.38850000500679016
YDR446W,YML025C,0,0.11263105,0.19109076261520386,0.9179999828338623,0.3885999917984009
YNL257C,YIL129C,0,0.11261498,0.19105099141597748,0.9179999828338623,0.388700008392334
YPR183W,YCL026C-A,0,0.112482876,0.1910112351179123,0.9179999828338623,0.3887999951839447
YCR073C,YBR102C,0,0.11242229,0.1909714937210083,0.9179999828338623,0.3889000117778778
YPR107C,YBR161W,0,0.11235945,0.1909317821264267,0.9179999828338623,0.3889999985694885
YBR186W,YMR236W,0,0.11235672,0.1908920705318451,0.9179999828338623,0.38909998536109924
YKL188C,YCR020W-B,0,0.11231989,0.19085238873958588,0.9179999828338623,0.38920000195503235
YHR115C,YDL020C,0,0.112314485,0.19081272184848785,0.9179999828338623,0.38929998874664307
YLR144C,YOR303W,0,0.11225127,0.19077306985855103,0.9179999828338623,0.38940000534057617
YBR102C,YJR017C,0,0.11219849,0.1907334327697754,0.9179999828338623,0.3894999921321869
YDR394W,YBR057C,0,0.11214322,0.19069381058216095,0.9179999828338623,0.38960000872612
YMR134W,YKR039W,0,0.11209359,0.1906542032957077,0.9179999828338623,0.3896999955177307
YOL021C,YDR331W,0,0.112053216,0.19061461091041565,0.9179999828338623,0.3898000121116638
YIL040W,YNR049C,0,0.112019986,0.19057504832744598,0.9179999828338623,0.38989999890327454
YML130C,YER075C,0,0.111592114,0.19053548574447632,0.9179999828338623,0.38999998569488525
YEL004W,YMR309C,0,0.11156997,0.19049595296382904,0.9179999828338623,0.39010000228881836
YPL212C,YML072C,0,0.11154722,0.19045643508434296,0.9179999828338623,0.3901999890804291
YMR119W,YDL103C,0,0.11143404,0.19041693210601807,0.9179999828338623,0.3903000056743622
YDR485C,YDR147W,0,0.11137401,0.19037744402885437,0.9179999828338623,0.3903999924659729
YCR079W,YMR106C,0,0.11134787,0.19033797085285187,0.9179999828338623,0.390500009059906
YPR023C,YCR003W,0,0.11133136,0.19029851257801056,0.9179999828338623,0.3905999958515167
YOL033W,YPL079W,0,0.11129877,0.19025906920433044,0.9179999828338623,0.39070001244544983
YJR047C,YDR198C,0,0.1112316,0.19021964073181152,0.9179999828338623,0.39079999923706055
YOL027C,YKR046C,0,0.11116694,0.190180242061615,0.9179999828338623,0.39089998602867126
YDL044C,YDR001C,0,0.11113307,0.19014084339141846,0.9179999828338623,0.39100000262260437
YDR311W,YGR231C,0,0.11110593,0.1901014745235443,0.9179999828338623,0.3910999894142151
YDL193W,YBL084C,0,0.1110889,0.19006210565567017,0.9179999828338623,0.3912000060081482
YBR171W,YIL065C,0,0.110953175,0.1900227665901184,0.9179999828338623,0.3912999927997589
YOR030W,YBL019W,0,0.110920705,0.18998344242572784,0.9179999828338623,0.391400009393692
YNL035C,YLR355C,0,0.110871,0.18994413316249847,0.9179999828338623,0.39149999618530273
YLR013W,YLL036C,0,0.11083056,0.1899048388004303,0.9179999828338623,0.39160001277923584
YOR375C,YPL158C,0,0.11082302,0.18986555933952332,0.9179999828338623,0.39169999957084656
YBR152W,YMR216C,0,0.11071852,0.18982630968093872,0.9179999828338623,0.3917999863624573
YKL049C,YDL188C,0,0.1105586,0.18978706002235413,0.9179999828338623,0.3919000029563904
YPL242C,YOL075C,0,0.11054887,0.18974782526493073,0.9179999828338623,0.3919999897480011
YNR012W,YER144C,0,0.11053637,0.1897086203098297,0.9179999828338623,0.3921000063419342
YGR133W,YHR043C,0,0.11037752,0.1896694153547287,0.9179999828338623,0.3921999931335449
YDR099W,YAL009W,0,0.11025986,0.18963024020195007,0.9179999828338623,0.392300009727478
YBR136W,YBR056W,0,0.11017014,0.18959107995033264,0.9179999828338623,0.39239999651908875
YPR052C,YMR083W,0,0.110106096,0.1895519345998764,0.9179999828338623,0.39250001311302185
YMR293C,YGL079W,0,0.11010177,0.18951280415058136,0.9179999828338623,0.39259999990463257
YIL041W,YDR027C,0,0.11009395,0.1894736886024475,0.9179999828338623,0.3926999866962433
YPL237W,YOR329C,0,0.109994456,0.18943458795547485,0.9179999828338623,0.3928000032901764
YLR272C,YDR538W,0,0.10987361,0.1893955022096634,0.9179999828338623,0.3928999900817871
YER144C,YIL121W,0,0.109846696,0.18935643136501312,0.9179999828338623,0.3930000066757202
YAL042W,YDR331W,0,0.10984245,0.18931739032268524,0.9179999828338623,0.39309999346733093
YLR174W,YMR199W,0,0.1097542,0.18927834928035736,0.9179999828338623,0.39320001006126404
YBR234C,YNL083W,0,0.109715715,0.18923933804035187,0.9179999828338623,0.39329999685287476
YMR288W,YBR234C,0,0.109710455,0.18920032680034637,0.9179999828338623,0.39340001344680786
YPL236C,YDR506C,0,0.1095831,0.18916134536266327,0.9179999828338623,0.3935000002384186
YHR045W,YDR037W,0,0.109551944,0.18912237882614136,0.9179999828338623,0.3935999870300293
YNR073C,YBR077C,0,0.10946243,0.18908341228961945,0.9179999828338623,0.3937000036239624
YPR121W,YBR104W,0,0.109279975,0.18904447555541992,0.9179999828338623,0.3937999904155731
YPL132W,YGR048W,0,0.109225444,0.1890055537223816,0.9179999828338623,0.3939000070095062
YGL032C,YNR075W,0,0.10913248,0.18896664679050446,0.9179999828338623,0.39399999380111694
YIL099W,YOL001W,0,0.10911013,0.1889277696609497,0.9179999828338623,0.39410001039505005
YDR194C,YCR043C,0,0.10908908,0.18888889253139496,0.9179999828338623,0.39419999718666077
YHL018W,YNL035C,0,0.10902137,0.1888500303030014,0.9179999828338623,0.39430001378059387
YDR311W,YGL099W,0,0.10901022,0.18881118297576904,0.9179999828338623,0.3944000005722046
YLR132C,YOR360C,0,0.108966,0.18877236545085907,0.9179999828338623,0.3944999873638153
YCL033C,YDL066W,0,0.108961314,0.1887335479259491,0.9179999828338623,0.3946000039577484
YOR361C,YDL044C,0,0.10889037,0.1886947602033615,0.9179999828338623,0.39469999074935913
YPL088W,YKL157W,0,0.10875738,0.18865598738193512,0.9179999828338623,0.39480000734329224
YGL038C,YJR044C,0,0.10862725,0.18861721456050873,0.9179999828338623,0.39489999413490295
YPR018W,YPL228W,0,0.10832443,0.18857847154140472,0.9179999828338623,0.39500001072883606
YPL164C,YMR216C,0,0.10830046,0.18853974342346191,0.9179999828338623,0.3950999975204468
YBR228W,YPL232W,0,0.108195305,0.1885010302066803,0.9179999828338623,0.3952000141143799
YPL212C,YDR163W,0,0.10819006,0.18846233189105988,0.9179999828338623,0.3953000009059906
YGR231C,YNL093W,0,0.10814896,0.18842364847660065,0.9179999828338623,0.3953999876976013
YHL007C,YLL036C,0,0.108116224,0.1883849799633026,0.9179999828338623,0.3955000042915344
YNL177C,YDL147W,0,0.107985,0.18834632635116577,0.9179999828338623,0.39559999108314514
YGR087C,YGL121C,0,0.107848614,0.18830768764019012,0.9179999828338623,0.39570000767707825
YDR099W,YMR044W,0,0.1077569,0.18826907873153687,0.9179999828338623,0.39579999446868896
YOR196C,YNL009W,0,0.10762909,0.1882304698228836,0.9179999828338623,0.39590001106262207
YKL008C,YBR098W,0,0.107380524,0.18819187581539154,0.9179999828338623,0.3959999978542328
YGL184C,YLR272C,0,0.1073476,0.18815331161022186,0.9179999828338623,0.3961000144481659
YER069W,YMR277W,0,0.10733159,0.18811474740505219,0.9179999828338623,0.3962000012397766
YOR010C,YLR399C,0,0.10730708,0.1880762130022049,0.9179999828338623,0.39629998803138733
YOL130W,YLR453C,0,0.10712656,0.1880376935005188,0.9179999828338623,0.39640000462532043
YPL009C,YBL084C,0,0.107002184,0.1879991739988327,0.9179999828338623,0.39649999141693115
YML064C,YPL192C,0,0.10688577,0.187960684299469,0.9179999828338623,0.39660000801086426
YDR339C,YCR008W,0,0.10686818,0.18792220950126648,0.9179999828338623,0.396699994802475
YHR065C,YDR302W,0,0.10686599,0.18788374960422516,0.9179999828338623,0.3968000113964081
YDR191W,YHR084W,0,0.10681247,0.18784530460834503,0.9179999828338623,0.3968999981880188
YPR082C,YPR121W,0,0.10680171,0.1878068745136261,0.9179999828338623,0.3970000147819519
YDR522C,YDR409W,0,0.106592365,0.18776845932006836,0.9179999828338623,0.3971000015735626
YML118W,YNL336W,0,0.106558174,0.18773005902767181,0.9179999828338623,0.39719998836517334
YLR310C,YCR003W,0,0.10651243,0.18769167363643646,0.9179999828338623,0.39730000495910645
YIL091C,YOL148C,0,0.1065008,0.1876533180475235,0.9179999828338623,0.39739999175071716
YGR133W,YPL029W,0,0.106500536,0.18761496245861053,0.9179999828338623,0.39750000834465027
YPL249C-A,YHR123W,0,0.10641831,0.18757662177085876,0.9179999828338623,0.397599995136261
YDL168W,YNL272C,0,0.106358334,0.18753831088542938,0.9179999828338623,0.3977000117301941
YKL125W,YJR019C,0,0.106314115,0.1875,0.9179999828338623,0.3977999985218048
YMR154C,YNR049C,0,0.10625197,0.1874617040157318,0.9179999828338623,0.3978999853134155
YCR033W,YKL157W,0,0.10621981,0.187423437833786,0.9179999828338623,0.39800000190734863
YBR280C,YPL072W,0,0.10621351,0.1873851865530014,0.9179999828338623,0.39809998869895935
YPR201W,YKL160W,0,0.10612058,0.1873469352722168,0.9179999828338623,0.39820000529289246
YLR262C,YNR039C,0,0.10611737,0.18730871379375458,0.9179999828338623,0.3982999920845032
YGL187C,YGL077C,0,0.106098294,0.18727050721645355,0.9179999828338623,0.3984000086784363
YNL064C,YJR077C,0,0.10599315,0.18723230063915253,0.9179999828338623,0.398499995470047
YNL329C,YLR424W,0,0.105853915,0.1871941238641739,0.9179999828338623,0.3986000120639801
YPL246C,YHR042W,0,0.10583371,0.18715596199035645,0.9179999828338623,0.3986999988555908
YOL013C,YFL050C,0,0.10566831,0.1871178150177002,0.9179999828338623,0.39879998564720154
YOL039W,YJR113C,0,0.10563445,0.18707968294620514,0.9179999828338623,0.39890000224113464
YCL020W,YDR198C,0,0.10561845,0.18704156577587128,0.9179999828338623,0.39899998903274536
YDR097C,YGL086W,0,0.10551841,0.1870034635066986,0.9179999828338623,0.39910000562667847
YDR237W,YER124C,0,0.105488256,0.18696537613868713,0.9179999828338623,0.3991999924182892
YFR044C,YDR331W,0,0.105452366,0.18692730367183685,0.9179999828338623,0.3993000090122223
YPL237W,YDL194W,0,0.105283946,0.18688924610614777,0.9179999828338623,0.399399995803833
YLR070C,YGL153W,0,0.10504021,0.18685121834278107,0.9179999828338623,0.3995000123977661
YJL139C,YFR028C,0,0.10490526,0.18681319057941437,0.9179999828338623,0.39959999918937683
YCL019W,YHR143W-A,0,0.10488352,0.18677517771720886,0.9179999828338623,0.39969998598098755
YPL132W,YOR003W,0,0.10480392,0.18673717975616455,0.9179999828338623,0.39980000257492065
YPL249C-A,YNL312W,0,0.10469938,0.18669921159744263,0.9179999828338623,0.39989998936653137
YPL237W,YLR174W,0,0.10460646,0.1866612434387207,0.9179999828338623,0.4000000059604645
YPL128C,YDR363W,0,0.10458028,0.18662329018115997,0.9179999828338623,0.4000999927520752
YKR045C,YMR024W,0,0.10436086,0.18658536672592163,0.9179999828338623,0.4002000093460083
YJL138C,YOR339C,0,0.10425395,0.1865474432706833,0.9179999828338623,0.400299996137619
YDR155C,YDR450W,0,0.10384638,0.18650954961776733,0.9179999828338623,0.4004000127315521
YHR065C,YGL013C,0,0.103792265,0.18647167086601257,0.9179999828338623,0.40049999952316284
YML064C,YDR097C,0,0.10376549,0.1864337921142578,0.9179999828338623,0.40059998631477356
YNL329C,YPL230W,0,0.10371706,0.18639594316482544,0.9179999828338623,0.40070000290870667
YHR001W,YCL010C,0,0.10360503,0.18635809421539307,0.9179999828338623,0.4007999897003174
YDR408C,YGR166W,0,0.1034759,0.18632027506828308,0.9179999828338623,0.4009000062942505
YKL112W,YJL122W,0,0.10329652,0.1862824708223343,0.9179999828338623,0.4009999930858612
YPR104C,YOL119C,0,0.10324618,0.1862446814775467,0.9179999828338623,0.4011000096797943
YLR298C,YPR181C,0,0.103237875,0.1862068921327591,0.9179999828338623,0.40119999647140503
YJR047C,YJL160C,0,0.10295421,0.18616913259029388,0.9179999828338623,0.40130001306533813
YBR171W,YER122C,0,0.10278468,0.18613138794898987,0.9179999828338623,0.40139999985694885
YMR104C,YPR185W,0,0.10275343,0.18609365820884705,0.9179999828338623,0.40149998664855957
YLR138W,YCR023C,0,0.1027482,0.18605594336986542,0.9179999828338623,0.4016000032424927
YNL316C,YIL073C,0,0.10268823,0.18601824343204498,0.9179999828338623,0.4016999900341034
YNL154C,YPL046C,0,0.10266389,0.18598055839538574,0.9179999828338623,0.4018000066280365
YPR183W,YJL204C,0,0.102641925,0.1859428733587265,0.9179999828338623,0.4018999934196472
YLR262C,YKL049C,0,0.10252032,0.18590521812438965,0.9179999828338623,0.4020000100135803
YGR271C-A,YOR007C,0,0.10249877,0.185867577791214,0.9179999828338623,0.40209999680519104
YDR153C,YLR081W,0,0.10245177,0.18582995235919952,0.9179999828338623,0.40220001339912415
YPL265W,YGL008C,0,0.102420926,0.18579235672950745,0.9179999828338623,0.40230000019073486
YBR215W,YHR183W,0,0.10238887,0.18575476109981537,0.9179999828338623,0.4023999869823456
YIL157C,YGL065C,0,0.10231772,0.18571718037128448,0.9179999828338623,0.4025000035762787
YDR073W,YJL047C,0,0.10227286,0.1856796145439148,0.9179999828338623,0.4025999903678894
YER035W,YOL044W,0,0.10225758,0.1856420636177063,0.9179999828338623,0.4027000069618225
YOR150W,YPR016C,1,0.102227256,0.18580670654773712,0.9190000295639038,0.4027000069618225
YIL117C,YGR038W,0,0.1022175,0.18576915562152863,0.9190000295639038,0.4027999937534332
YHR200W,YNL005C,0,0.10208444,0.18573160469532013,0.9190000295639038,0.40290001034736633
YOL110W,YFL002C,0,0.10207164,0.18569408357143402,0.9190000295639038,0.40299999713897705
YDR073W,YDL188C,0,0.10200175,0.1856565624475479,0.9190000295639038,0.40310001373291016
YDR104C,YOL013C,0,0.1019783,0.1856190711259842,0.9190000295639038,0.4032000005245209
YLR336C,YOR153W,0,0.10182877,0.18558157980442047,0.9190000295639038,0.4032999873161316
YBL040C,YBR044C,0,0.10177322,0.18554411828517914,0.9190000295639038,0.4034000039100647
YBR280C,YML069W,0,0.101767,0.1855066567659378,0.9190000295639038,0.4034999907016754
YOL115W,YKL027W,0,0.10172445,0.18546922504901886,0.9190000295639038,0.4036000072956085
YBR253W,YGL020C,0,0.101613864,0.18543179333209991,0.9190000295639038,0.40369999408721924
YPR183W,YLL010C,0,0.10160248,0.18539439141750336,0.9190000295639038,0.40380001068115234
YCR079W,YLR095C,0,0.101598784,0.185357004404068,0.9190000295639038,0.40389999747276306
YCR089W,YLR319C,0,0.10159753,0.18531961739063263,0.9190000295639038,0.40400001406669617
YER019W,YEL020C,0,0.101568654,0.18528226017951965,0.9190000295639038,0.4041000008583069
YHL002W,YJR017C,0,0.101389565,0.18524490296840668,0.9190000295639038,0.4041999876499176
YBL102W,YCR089W,0,0.10135273,0.1852075755596161,0.9190000295639038,0.4043000042438507
YKL137W,YOR375C,0,0.10119135,0.1851702630519867,0.9190000295639038,0.4043999910354614
YHR121W,YNR032W,0,0.10114139,0.1851329505443573,0.9190000295639038,0.40450000762939453
YHL007C,YJL137C,0,0.10090861,0.1850956678390503,0.9190000295639038,0.40459999442100525
YOR033C,YGR065C,0,0.10086352,0.18505840003490448,0.9190000295639038,0.40470001101493835
YLR116W,YLR298C,0,0.10084859,0.18502113223075867,0.9190000295639038,0.4047999978065491
YOL119C,YDL150W,0,0.100816645,0.18498389422893524,0.9190000295639038,0.4049000144004822
YOL128C,YLR320W,0,0.10078254,0.184946671128273,0.9190000295639038,0.4050000011920929
YIL041W,YNL323W,0,0.100733116,0.18490946292877197,0.9190000295639038,0.4050999879837036
YCR033W,YNL005C,0,0.10069315,0.18487225472927094,0.9190000295639038,0.4052000045776367
YDR141C,YOL137W,0,0.100477375,0.18483507633209229,0.9190000295639038,0.40529999136924744
YLR332W,YPR075C,0,0.10044979,0.18479791283607483,0.9190000295639038,0.40540000796318054
YMR236W,YOL044W,0,0.100277245,0.18476074934005737,0.9190000295639038,0.40549999475479126
YDL020C,YBL019W,0,0.10022792,0.1847236156463623,0.9190000295639038,0.40560001134872437
YLR132C,YGL130W,0,0.09993784,0.18468649685382843,0.9190000295639038,0.4056999981403351
YPL211W,YGR207C,0,0.099930614,0.18464939296245575,0.9190000295639038,0.4058000147342682
YLR376C,YEL060C,0,0.099893525,0.18461228907108307,0.9190000295639038,0.4059000015258789
YKL163W,YNL047C,0,0.09988697,0.18457521498203278,0.9190000295639038,0.4059999883174896
YPL132W,YNL037C,0,0.09983736,0.18453815579414368,0.9190000295639038,0.40610000491142273
YBR171W,YGR013W,0,0.09972963,0.18450111150741577,0.9190000295639038,0.40619999170303345
YLR332W,YMR266W,0,0.099677384,0.18446406722068787,0.9190000295639038,0.40630000829696655
YLR408C,YGR249W,0,0.09959641,0.18442705273628235,0.9190000295639038,0.40639999508857727
YBR215W,YJL002C,0,0.099520445,0.18439005315303802,0.9190000295639038,0.4065000116825104
YDR349C,YGL131C,0,0.09947753,0.1843530535697937,0.9190000295639038,0.4065999984741211
YDR311W,YLR376C,0,0.09939492,0.18431608378887177,0.9190000295639038,0.4066999852657318
YDR051C,YIL129C,0,0.09935705,0.18427912890911102,0.9190000295639038,0.4068000018596649
YGR087C,YBR244W,0,0.099222004,0.18424217402935028,0.9190000295639038,0.40689998865127563
YPL162C,YGL257C,0,0.09903626,0.18420524895191193,0.9190000295639038,0.40700000524520874
YML029W,YEL071W,0,0.09901613,0.18416833877563477,0.9190000295639038,0.40709999203681946
YDL132W,YEL020C,0,0.098972954,0.1841314435005188,0.9190000295639038,0.40720000863075256
YMR278W,YPL275W,0,0.0989718,0.18409454822540283,0.9190000295639038,0.4072999954223633
YDR163W,YKR003W,0,0.098943934,0.18405768275260925,0.9190000295639038,0.4074000120162964
YHL007C,YGL002W,0,0.09893231,0.18402083218097687,0.9190000295639038,0.4074999988079071
YIL085C,YIL040W,0,0.09883605,0.18398398160934448,0.9190000295639038,0.4075999855995178
YJL050W,YGL079W,0,0.098826975,0.18394716084003448,0.9190000295639038,0.4077000021934509
YPR009W,YMR134W,0,0.09875183,0.1839103400707245,0.9190000295639038,0.40779998898506165
YJL139C,YDR338C,0,0.09860498,0.18387354910373688,0.9190000295639038,0.40790000557899475
YBL046W,YDR206W,0,0.09860438,0.18383677303791046,0.9190000295639038,0.40799999237060547
YAR066W,YKL018W,0,0.09854357,0.18379999697208405,0.9190000295639038,0.4081000089645386
YOL146W,YGL038C,0,0.098510504,0.18376325070858002,0.9190000295639038,0.4081999957561493
YEL077C,YGR013W,0,0.09847377,0.183726504445076,0.9190000295639038,0.4083000123500824
YLR233C,YNL279W,0,0.09827204,0.18368978798389435,0.9190000295639038,0.4083999991416931
YPR103W,YMR024W,0,0.09821753,0.1836530715227127,0.9190000295639038,0.40849998593330383
YHR191C,YHR019C,0,0.09821357,0.18361638486385345,0.9190000295639038,0.40860000252723694
YOR336W,YLR066W,0,0.09791662,0.1835796982049942,0.9190000295639038,0.40869998931884766
YML064C,YMR044W,0,0.09787503,0.18354304134845734,0.9190000295639038,0.40880000591278076
YIL162W,YPL158C,0,0.09780653,0.18350638449192047,0.9190000295639038,0.4088999927043915
YLR423C,YDR480W,0,0.09775863,0.183469757437706,0.9190000295639038,0.4090000092983246
YKL213C,YDL174C,0,0.09770718,0.18343313038349152,0.9190000295639038,0.4090999960899353
YNL064C,YHL013C,0,0.09768158,0.18339653313159943,0.9190000295639038,0.4092000126838684
YJL116C,YGR023W,0,0.097660504,0.18335993587970734,0.9190000295639038,0.4092999994754791
YDL155W,YML001W,0,0.097622775,0.18332335352897644,0.9190000295639038,0.40939998626708984
YDR216W,YMR161W,0,0.09751521,0.18328680098056793,0.9190000295639038,0.40950000286102295
YPL024W,YGL077C,0,0.09748192,0.18325024843215942,0.9190000295639038,0.40959998965263367
YFL055W,YPR201W,0,0.097469226,0.1832137107849121,0.9190000295639038,0.4097000062465668
YNL336W,YLR119W,0,0.09746374,0.18317720293998718,0.9190000295639038,0.4097999930381775
YPR107C,YOR030W,0,0.09746363,0.18314069509506226,0.9190000295639038,0.4099000096321106
YHR034C,YCR033W,0,0.09739111,0.18310420215129852,0.9190000295639038,0.4099999964237213
YDR339C,YLR256W,0,0.09737857,0.18306772410869598,0.9190000295639038,0.4101000130176544
YOL027C,YGR206W,0,0.097338855,0.18303127586841583,0.9190000295639038,0.41019999980926514
YLR135W,YHR094C,0,0.097264186,0.18299482762813568,0.9190000295639038,0.41029998660087585
YKL055C,YJL160C,0,0.097172216,0.18295839428901672,0.9190000295639038,0.41040000319480896
YKR080W,YMR058W,0,0.09697373,0.18292197585105896,0.9190000295639038,0.4104999899864197
YJL051W,YDR409W,0,0.09693127,0.1828855723142624,0.9190000295639038,0.4106000065803528
YHR083W,YDR316W,0,0.096841455,0.18284918367862701,0.9190000295639038,0.4106999933719635
YJL099W,YHR043C,0,0.096814364,0.18281280994415283,0.9190000295639038,0.4108000099658966
YLR272C,YDL066W,0,0.09681283,0.18277645111083984,0.9190000295639038,0.4108999967575073
YCR066W,YFR028C,0,0.09678701,0.18274010717868805,0.9190000295639038,0.41100001335144043
YNL064C,YDL147W,0,0.09672451,0.18270377814769745,0.9190000295639038,0.41110000014305115
YJR007W,YOR214C,0,0.096700534,0.18266746401786804,0.9190000295639038,0.41119998693466187
YKR081C,YLR421C,0,0.09669039,0.18263116478919983,0.9190000295639038,0.41130000352859497
YJL076W,YDR489W,0,0.09666379,0.1825948804616928,0.9190000295639038,0.4113999903202057
YGR049W,YBL066C,0,0.096638925,0.1825585961341858,0.9190000295639038,0.4115000069141388
YOR095C,YGR133W,0,0.09659597,0.18252234160900116,0.9190000295639038,0.4115999937057495
YGL017W,YDL236W,0,0.09653305,0.18248610198497772,0.9190000295639038,0.4117000102996826
YGR277C,YOL058W,0,0.09639465,0.18244987726211548,0.9190000295639038,0.41179999709129333
YDL126C,YCL020W,0,0.096341,0.18241365253925323,0.9190000295639038,0.41190001368522644
YML130C,YOR202W,0,0.09617086,0.18237745761871338,0.9190000295639038,0.41200000047683716
YDR142C,YGL038C,0,0.09613117,0.18234126269817352,0.9190000295639038,0.4120999872684479
YCL038C,YKL220C,0,0.096070156,0.18230509757995605,0.9190000295639038,0.412200003862381
YDR266C,YOL137W,0,0.095959686,0.18226894736289978,0.9190000295639038,0.4122999906539917
YMR170C,YHR050W,0,0.09591602,0.1822327971458435,0.9190000295639038,0.4124000072479248
YDR538W,YNR046W,0,0.09588665,0.18219667673110962,0.9190000295639038,0.4124999940395355
YGR125W,YJL159W,0,0.09569618,0.18216055631637573,0.9190000295639038,0.41260001063346863
YHR134W,YML058W,0,0.09557608,0.18212445080280304,0.9190000295639038,0.41269999742507935
YDL212W,YPR121W,0,0.09556716,0.18208837509155273,0.9190000295639038,0.41280001401901245
YHR042W,YMR154C,0,0.09554243,0.18205229938030243,0.9190000295639038,0.41290000081062317
YGR257C,YDL213C,0,0.09550999,0.18201623857021332,0.9190000295639038,0.4129999876022339
YBR258C,YIL131C,0,0.09540403,0.1819801926612854,0.9190000295639038,0.413100004196167
YBR217W,YHR152W,0,0.095285095,0.18194417655467987,0.9190000295639038,0.4131999909877777
YNL245C,YOR298C-A,0,0.095139414,0.18190816044807434,0.9190000295639038,0.4133000075817108
YIR033W,YOL033W,0,0.09496367,0.18187215924263,0.9190000295639038,0.41339999437332153
YHR191C,YOL034W,0,0.094918475,0.18183617293834686,0.9190000295639038,0.41350001096725464
YPR164W,YBR236C,0,0.09463602,0.18180020153522491,0.9190000295639038,0.41359999775886536
YOR344C,YMR231W,0,0.09451334,0.18176424503326416,0.9190000295639038,0.41370001435279846
YIL040W,YER094C,0,0.09446201,0.1817283034324646,0.9190000295639038,0.4138000011444092
YLL032C,YOL044W,0,0.09439117,0.18169236183166504,0.9190000295639038,0.4138999879360199
YPL124W,YER172C,0,0.094365634,0.18165645003318787,0.9190000295639038,0.414000004529953
YNR056C,YLR226W,0,0.09423849,0.1816205531358719,0.9190000295639038,0.4140999913215637
YOR255W,YML111W,0,0.09421232,0.1815846711397171,0.9190000295639038,0.4142000079154968
YFR046C,YER018C,0,0.09410927,0.18154878914356232,0.9190000295639038,0.41429999470710754
YPL045W,YKR092C,0,0.09400521,0.18151293694972992,0.9190000295639038,0.41440001130104065
YNR054C,YLR307W,0,0.09399089,0.18147709965705872,0.9190000295639038,0.41449999809265137
YNR073C,YBR215W,0,0.09397583,0.1814412623643875,0.9190000295639038,0.4146000146865845
YPL055C,YLR110C,0,0.09391007,0.1814054548740387,0.9190000295639038,0.4147000014781952
YOR354C,YMR021C,0,0.093811885,0.18136964738368988,0.9190000295639038,0.4147999882698059
YNL327W,YOL089C,0,0.09376171,0.18133385479450226,0.9190000295639038,0.414900004863739
YDR225W,YAL047C,0,0.09372552,0.18129809200763702,0.9190000295639038,0.41499999165534973
YBL084C,YCL033C,0,0.09370972,0.1812623292207718,0.9190000295639038,0.41510000824928284
YDL092W,YLR421C,0,0.093691975,0.18122658133506775,0.9190000295639038,0.41519999504089355
YOR368W,YOR140W,0,0.09367579,0.1811908483505249,0.9190000295639038,0.41530001163482666
YHL018W,YNR032W,0,0.09361048,0.18115513026714325,0.9190000295639038,0.4153999984264374
YER003C,YPR101W,0,0.09357458,0.1811194270849228,0.9190000295639038,0.4154999852180481
YNR012W,YDR194C,0,0.09352345,0.18108373880386353,0.9190000295639038,0.4156000018119812
YGL255W,YLR340W,0,0.09352201,0.18104806542396545,0.9190000295639038,0.4156999886035919
YGL079W,YNL035C,0,0.09327922,0.18101240694522858,0.9190000295639038,0.415800005197525
YHL018W,YJR064W,0,0.09322723,0.1809767633676529,0.9190000295639038,0.41589999198913574
YDR462W,YPR103W,0,0.09320246,0.1809411346912384,0.9190000295639038,0.41600000858306885
YDL181W,YDL058W,0,0.093102574,0.1809055060148239,0.9190000295639038,0.41609999537467957
YPL003W,YBR221C,0,0.09294668,0.1808699071407318,0.9190000295639038,0.41620001196861267
YKL071W,YDR191W,0,0.092787996,0.1808343231678009,0.9190000295639038,0.4162999987602234
YOR033C,YHR072W,0,0.09268687,0.18079873919487,0.9190000295639038,0.4163999855518341
YIL162W,YDR171W,0,0.092604816,0.18076318502426147,0.9190000295639038,0.4165000021457672
YKR098C,YOL049W,0,0.092582144,0.18072763085365295,0.9190000295639038,0.41659998893737793
YLR116W,YKL216W,0,0.09251669,0.18069209158420563,0.9190000295639038,0.41670000553131104
YBR216C,YOR064C,0,0.09245819,0.1806565821170807,0.9190000295639038,0.41679999232292175
YKL046C,YHR188C,0,0.09244231,0.18062107264995575,0.9190000295639038,0.41690000891685486
YOR328W,YIR022W,0,0.09231128,0.180585578083992,0.9190000295639038,0.4169999957084656
YOR149C,YNL058C,0,0.09211925,0.18055009841918945,0.9190000295639038,0.4171000123023987
YDR016C,YDL153C,0,0.09180201,0.1805146336555481,0.9190000295639038,0.4171999990940094
YOR141C,YBR110W,0,0.09165469,0.18047918379306793,0.9190000295639038,0.4172999858856201
YIR034C,YGL002W,0,0.091648,0.18044374883174896,0.9190000295639038,0.4174000024795532
YLR406C,YBR021W,0,0.091615185,0.1804083287715912,0.9190000295639038,0.41749998927116394
YJR044C,YBL100W-A,0,0.09149754,0.1803729087114334,0.9190000295639038,0.41760000586509705
YPL069C,YGR065C,0,0.09142478,0.18033751845359802,0.9190000295639038,0.41769999265670776
YGR249W,YIL010W,0,0.09137328,0.18030214309692383,0.9190000295639038,0.41780000925064087
YJR056C,YHR152W,0,0.09134209,0.18026676774024963,0.9190000295639038,0.4178999960422516
YDR312W,YML025C,1,0.09115025,0.18042753636837006,0.9200000166893005,0.4178999960422516
YHR183W,YIL105C,0,0.09112263,0.18039216101169586,0.9200000166893005,0.4180000126361847
YBR217W,YJR152W,0,0.09108424,0.18035678565502167,0.9200000166893005,0.4180999994277954
YFR009W,YJL074C,0,0.09103895,0.18032144010066986,0.9200000166893005,0.41819998621940613
YAL047C,YDL239C,0,0.09100024,0.18028610944747925,0.9200000166893005,0.41830000281333923
YNL257C,YPL249C-A,0,0.09096023,0.18025077879428864,0.9200000166893005,0.41839998960494995
YML025C,YNR069C,0,0.09087281,0.1802154779434204,0.9200000166893005,0.41850000619888306
YOR329C,YPL170W,0,0.09086022,0.18018017709255219,0.9200000166893005,0.4185999929904938
YEL034W,YHR043C,0,0.090625,0.18014490604400635,0.9200000166893005,0.4187000095844269
YPR201W,YGR195W,0,0.09060481,0.1801096349954605,0.9200000166893005,0.4187999963760376
YIL041W,YOR360C,0,0.09057978,0.18007437884807587,0.9200000166893005,0.4189000129699707
YPR079W,YDR267C,0,0.09030921,0.18003913760185242,0.9200000166893005,0.4189999997615814
YCL038C,YIL044C,0,0.09027682,0.18000391125679016,0.9200000166893005,0.41909998655319214
YDL002C,YJL093C,0,0.09026313,0.1799686998128891,0.9200000166893005,0.41920000314712524
YMR068W,YNL326C,0,0.09025319,0.17993350327014923,0.9200000166893005,0.41929998993873596
YEL077C,YPL118W,0,0.090246,0.17989832162857056,0.9200000166893005,0.41940000653266907
YBL042C,YKL211C,0,0.09014348,0.17986315488815308,0.9200000166893005,0.4194999933242798
YPL053C,YER011W,0,0.089786604,0.1798279881477356,0.9200000166893005,0.4196000099182129
YLR166C,YLR449W,0,0.08970529,0.1797928512096405,0.9200000166893005,0.4196999967098236
YOR141C,YGL160W,0,0.08964407,0.1797577142715454,0.9200000166893005,0.4198000133037567
YOL017W,YJR159W,0,0.089601964,0.1797226071357727,0.9200000166893005,0.41990000009536743
YNL315C,YDL122W,0,0.089590915,0.1796875,0.9200000166893005,0.41999998688697815
YJL092W,YMR251W-A,0,0.08936237,0.1796524077653885,0.9200000166893005,0.42010000348091125
YNL071W,YPL066W,0,0.08932838,0.17961733043193817,0.9200000166893005,0.420199990272522
YPR145W,YGL254W,0,0.08929527,0.17958228290081024,0.9200000166893005,0.4203000068664551
YJR099W,YER026C,0,0.089140385,0.1795472353696823,0.9200000166893005,0.4203999936580658
YBR258C,YBR133C,0,0.089138985,0.17951218783855438,0.9200000166893005,0.4205000102519989
YPL066W,YPR112C,0,0.08893579,0.17947717010974884,0.9200000166893005,0.4205999970436096
YCR067C,YPR018W,0,0.08891762,0.1794421672821045,0.9200000166893005,0.4207000136375427
YGL181W,YNR051C,0,0.08888991,0.17940717935562134,0.9200000166893005,0.42080000042915344
YPL236C,YJL093C,0,0.088852,0.17937219142913818,0.9200000166893005,0.42089998722076416
YLR225C,YML111W,0,0.088847294,0.17933723330497742,0.9200000166893005,0.42100000381469727
YGR207C,YGR261C,0,0.08858105,0.17930227518081665,0.9200000166893005,0.421099990606308
YML111W,YOR122C,0,0.08848852,0.17926734685897827,0.9200000166893005,0.4212000072002411
YNL064C,YBL005W-A,0,0.08808089,0.1792324185371399,0.9200000166893005,0.4212999939918518
YDR489W,YMR083W,0,0.08805463,0.1791975051164627,0.9200000166893005,0.4214000105857849
YDR210W,YDR307W,0,0.087858245,0.17916260659694672,0.9200000166893005,0.42149999737739563
YCL038C,YAR003W,0,0.087843925,0.17912772297859192,0.9200000166893005,0.42160001397132874
YGL250W,YDL122W,0,0.08783573,0.17909285426139832,0.9200000166893005,0.42170000076293945
YOR229W,YNL336W,0,0.08778539,0.1790580004453659,0.9200000166893005,0.42179998755455017
YJL051W,YPL037C,0,0.08775815,0.1790231615304947,0.9200000166893005,0.4219000041484833
YNL083W,YOR198C,0,0.08774765,0.17898832261562347,0.9200000166893005,0.421999990940094
YGL008C,YIR010W,0,0.087675825,0.17895351350307465,0.9200000166893005,0.4221000075340271
YLR225C,YIR010W,0,0.08752705,0.17891870439052582,0.9200000166893005,0.4221999943256378
YLR307W,YLL015W,0,0.087440334,0.17888392508029938,0.9200000166893005,0.4223000109195709
YGR087C,YPR009W,0,0.08737798,0.17884914577007294,0.9200000166893005,0.42239999771118164
YGL038C,YCR034W,0,0.08733374,0.1788143813610077,0.9200000166893005,0.42250001430511475
YLR144C,YOL016C,0,0.08730663,0.17877963185310364,0.9200000166893005,0.42260000109672546
YBR152W,YDR382W,0,0.0872923,0.17874489724636078,0.9200000166893005,0.4226999878883362
YGL208W,YPL057C,0,0.087237656,0.1787101775407791,0.9200000166893005,0.4228000044822693
YGR227W,YNR026C,0,0.0872345,0.17867547273635864,0.9200000166893005,0.42289999127388
YER141W,YLR424W,0,0.087197036,0.17864078283309937,0.9200000166893005,0.4230000078678131
YHR188C,YGL150C,0,0.08712643,0.1786060929298401,0.9200000166893005,0.42309999465942383
YOL008W,YDR194C,0,0.087070845,0.1785714328289032,0.9200000166893005,0.42320001125335693
YLR135W,YDR307W,0,0.08698055,0.1785367727279663,0.9200000166893005,0.42329999804496765
YDR485C,YBL066C,0,0.086956784,0.1785021275281906,0.9200000166893005,0.42340001463890076
YCL026C-A,YBR079C,0,0.08692704,0.1784675121307373,0.9200000166893005,0.4235000014305115
YAL032C,YMR278W,0,0.08691679,0.178432896733284,0.9200000166893005,0.4235999882221222
YBR290W,YGL134W,0,0.08690355,0.17839829623699188,0.9200000166893005,0.4237000048160553
YER048C,YOR005C,0,0.08689013,0.17836371064186096,0.9200000166893005,0.423799991607666
YOR329C,YFR044C,0,0.086824596,0.17832913994789124,0.9200000166893005,0.4239000082015991
YDL010W,YOL077W-A,0,0.08678608,0.1782945692539215,0.9200000166893005,0.42399999499320984
YMR263W,YBR077C,0,0.08678294,0.17826002836227417,0.9200000166893005,0.42410001158714294
YPL232W,YPL255W,0,0.08675322,0.17822548747062683,0.9200000166893005,0.42419999837875366
YOR144C,YDL188C,0,0.08671707,0.17819097638130188,0.9200000166893005,0.4242999851703644
YJR152W,YOR030W,0,0.08639569,0.17815646529197693,0.9200000166893005,0.4244000017642975
YNL067W,YGL130W,0,0.086381495,0.17812196910381317,0.9200000166893005,0.4244999885559082
YML069W,YDR452W,0,0.08626786,0.1780874878168106,0.9200000166893005,0.4246000051498413
YJL113W,YOR058C,0,0.086198255,0.17805302143096924,0.9200000166893005,0.424699991941452
YEL077C,YDL213C,0,0.08616965,0.17801856994628906,0.9200000166893005,0.42480000853538513
YIR033W,YCR043C,0,0.08616607,0.17798413336277008,0.9200000166893005,0.42489999532699585
YDR385W,YDL161W,0,0.0861399,0.1779497116804123,0.9200000166893005,0.42500001192092896
YDR097C,YPL066W,0,0.086137995,0.1779152899980545,0.9200000166893005,0.4250999987125397
YLR106C,YHR085W,1,0.08606828,0.17807424068450928,0.9210000038146973,0.4250999987125397
YBR133C,YCR027C,0,0.08587781,0.1780398190021515,0.9210000038146973,0.4251999855041504
YEL063C,YKL176C,0,0.085830726,0.1780054122209549,0.9210000038146973,0.4253000020980835
YMR106C,YPL005W,0,0.08567692,0.1779710203409195,0.9210000038146973,0.4253999888896942
YPR075C,YLR368W,0,0.0854978,0.1779366284608841,0.9210000038146973,0.4255000054836273
YOR214C,YGR092W,0,0.085491724,0.17790226638317108,0.9210000038146973,0.42559999227523804
YPL047W,YLR378C,0,0.08530539,0.17786790430545807,0.9210000038146973,0.42570000886917114
YER019W,YGL054C,0,0.08500549,0.17783355712890625,0.9210000038146973,0.42579999566078186
YMR293C,YOR344C,0,0.084979475,0.17779922485351562,0.9210000038146973,0.42590001225471497
YPR183W,YPR101W,0,0.08476405,0.1777649074792862,0.9210000038146973,0.4259999990463257
YGL023C,YGR277C,0,0.084746666,0.17773060500621796,0.9210000038146973,0.4260999858379364
YLR410W,YGR284C,0,0.08471525,0.1776963174343109,0.9210000038146973,0.4262000024318695
YIR007W,YOR256C,0,0.08461411,0.17766202986240387,0.9210000038146973,0.4262999892234802
YNL245C,YLR095C,0,0.08458931,0.1776277720928192,0.9210000038146973,0.42640000581741333
YDL005C,YPL053C,0,0.084584765,0.17759351432323456,0.9210000038146973,0.42649999260902405
YBR253W,YKL107W,0,0.08434288,0.1775592863559723,0.9210000038146973,0.42660000920295715
YLR135W,YEL003W,0,0.08428508,0.17752505838871002,0.9210000038146973,0.42669999599456787
YJR105W,YEL004W,0,0.08422369,0.17749084532260895,0.9210000038146973,0.426800012588501
YHR183W,YGR092W,0,0.08421114,0.17745664715766907,0.9210000038146973,0.4268999993801117
YGR109C,YGL187C,0,0.08407742,0.17742246389389038,0.9210000038146973,0.4269999861717224
YBR044C,YOR171C,0,0.08404231,0.1773882955312729,0.9210000038146973,0.4271000027656555
YAL009W,YPL249C,0,0.08396246,0.1773541271686554,0.9210000038146973,0.42719998955726624
YDR027C,YPL037C,0,0.08387549,0.1773199886083603,0.9210000038146973,0.42730000615119934
YDR006C,YDR186C,0,0.08365688,0.17728585004806519,0.9210000038146973,0.42739999294281006
YBR004C,YGR065C,0,0.08365456,0.17725172638893127,0.9210000038146973,0.42750000953674316
YPL066W,YGL257C,0,0.08358876,0.17721763253211975,0.9210000038146973,0.4275999963283539
YCR089W,YPL124W,0,0.08352777,0.17718353867530823,0.9210000038146973,0.427700012922287
YBR258C,YFL003C,0,0.083495826,0.1771494448184967,0.9210000038146973,0.4277999997138977
YCR027C,YJR113C,0,0.08346507,0.17711538076400757,0.9210000038146973,0.4278999865055084
YKL139W,YMR060C,0,0.08345777,0.17708133161067963,0.9210000038146973,0.42800000309944153
YBL045C,YIL040W,0,0.083393626,0.17704728245735168,0.9210000038146973,0.42809998989105225
YGL145W,YAL061W,0,0.08330673,0.17701326310634613,0.9210000038146973,0.42820000648498535
YML008C,YMR067C,0,0.083235085,0.17697924375534058,0.9210000038146973,0.42829999327659607
YNR069C,YKR046C,0,0.08321869,0.17694523930549622,0.9210000038146973,0.4284000098705292
YDR519W,YCL011C,0,0.08314164,0.17691124975681305,0.9210000038146973,0.4284999966621399
YDR017C,YPR103W,0,0.08312302,0.17687727510929108,0.9210000038146973,0.428600013256073
YHR134W,YOR083W,0,0.08304432,0.1768433153629303,0.9210000038146973,0.4287000000476837
YLR226W,YPL081W,0,0.082996115,0.1768093705177307,0.9210000038146973,0.42879998683929443
YPL190C,YBL019W,0,0.082975715,0.17677542567253113,0.9210000038146973,0.42890000343322754
YML118W,YCR023C,0,0.08294014,0.17674151062965393,0.9210000038146973,0.42899999022483826
YHR018C,YOR360C,0,0.08287157,0.17670759558677673,0.9210000038146973,0.42910000681877136
YAL009W,YKR065C,0,0.08282259,0.17667369544506073,0.9210000038146973,0.4291999936103821
YLR226W,YDR143C,0,0.08272208,0.17663981020450592,0.9210000038146973,0.4293000102043152
YKL176C,YKR046C,0,0.08267676,0.1766059398651123,0.9210000038146973,0.4293999969959259
YHR003C,YGL254W,0,0.08256242,0.17657208442687988,0.9210000038146973,0.429500013589859
YJR099W,YER058W,0,0.08253821,0.17653824388980865,0.9210000038146973,0.4296000003814697
YGL124C,YKL221W,0,0.082457736,0.17650440335273743,0.9210000038146973,0.42969998717308044
YMR021C,YOL130W,0,0.08230288,0.1764705926179886,0.9210000038146973,0.42980000376701355
YHR032W,YGR261C,0,0.08228123,0.17643678188323975,0.9210000038146973,0.42989999055862427
YKL146W,YLR410W,0,0.08227341,0.1764029860496521,0.9210000038146973,0.4300000071525574
YER003C,YGL017W,0,0.08213234,0.17636920511722565,0.9210000038146973,0.4300999939441681
YHR178W,YOR010C,0,0.081983455,0.1763354390859604,0.9210000038146973,0.4302000105381012
YCR066W,YDR293C,0,0.08188251,0.17630168795585632,0.9210000038146973,0.4302999973297119
YOL091W,YOR058C,0,0.08178626,0.17626793682575226,0.9210000038146973,0.430400013923645
YHR003C,YML019W,0,0.08174296,0.17623421549797058,0.9210000038146973,0.43050000071525574
YIL117C,YDR485C,0,0.08170688,0.1762004941701889,0.9210000038146973,0.43059998750686646
YGL184C,YML121W,0,0.08160066,0.17616678774356842,0.9210000038146973,0.43070000410079956
YKR045C,YML075C,0,0.08159511,0.17613311111927032,0.9210000038146973,0.4307999908924103
YJL151C,YDR293C,0,0.08156857,0.17609941959381104,0.9210000038146973,0.4309000074863434
YDR311W,YPL055C,0,0.081507005,0.17606575787067413,0.9210000038146973,0.4309999942779541
YER003C,YAR008W,0,0.08145745,0.17603211104869843,0.9210000038146973,0.4311000108718872
YAR050W,YNL257C,0,0.08141142,0.17599846422672272,0.9210000038146973,0.4311999976634979
YBR084C-A,YPL066W,0,0.08130171,0.1759648472070694,0.9210000038146973,0.43130001425743103
YKR086W,YHR050W,0,0.081193395,0.17593123018741608,0.9210000038146973,0.43140000104904175
YLR233C,YKL216W,0,0.08116436,0.17589762806892395,0.9210000038146973,0.43149998784065247
YOR208W,YGL012W,0,0.081136376,0.17586404085159302,0.9210000038146973,0.43160000443458557
YHL022C,YMR277W,0,0.08113022,0.17583046853542328,0.9210000038146973,0.4316999912261963
YKL112W,YJR099W,0,0.0808689,0.17579691112041473,0.9210000038146973,0.4318000078201294
YLR081W,YDR480W,0,0.08084392,0.1757633537054062,0.9210000038146973,0.4318999946117401
YIR034C,YBR019C,0,0.08076744,0.17572982609272003,0.9210000038146973,0.4320000112056732
YBL003C,YIR008C,0,0.08072105,0.17569629848003387,0.9210000038146973,0.43209999799728394
YEL011W,YPL020C,0,0.08069376,0.1756627857685089,0.9210000038146973,0.43220001459121704
YNR012W,YPR022C,0,0.08060548,0.17562928795814514,0.9210000038146973,0.43230000138282776
YOR115C,YPR023C,0,0.08060074,0.17559580504894257,0.9210000038146973,0.4323999881744385
YBR215W,YOR064C,0,0.08054046,0.17556233704090118,0.9210000038146973,0.4325000047683716
YOR307C,YJL091C,0,0.08053239,0.1755288690328598,0.9210000038146973,0.4325999915599823
YAR008W,YOR141C,0,0.080469765,0.1754954308271408,0.9210000038146973,0.4327000081539154
YJL204C,YLR069C,0,0.0803588,0.17546199262142181,0.9210000038146973,0.4327999949455261
YDR485C,YNL316C,0,0.080326095,0.175428569316864,0.9210000038146973,0.43290001153945923
YIL041W,YOR298C-A,0,0.080215,0.1753951609134674,0.9210000038146973,0.43299999833106995
YLR027C,YMR309C,0,0.08021189,0.175361767411232,0.9210000038146973,0.43309998512268066
YDL207W,YOR035C,0,0.08004854,0.17532838881015778,0.9210000038146973,0.43320000171661377
YCL033C,YDR307W,0,0.0799237,0.17529501020908356,0.9210000038146973,0.4332999885082245
YGL100W,YNL097C,0,0.07984942,0.17526166141033173,0.9210000038146973,0.4334000051021576
YGR125W,YDL214C,0,0.07984472,0.1752283126115799,0.9210000038146973,0.4334999918937683
YJL074C,YNL336W,0,0.079753965,0.17519497871398926,0.9210000038146973,0.4336000084877014
YJL204C,YHR050W,0,0.07974602,0.17516165971755981,0.9210000038146973,0.43369999527931213
YMR278W,YIL157C,0,0.079679355,0.17512835562229156,0.9210000038146973,0.43380001187324524
YIL016W,YDL178W,0,0.07959698,0.17509505152702332,0.9210000038146973,0.43389999866485596
YKL049C,YLR410W,0,0.079410285,0.17506177723407745,0.9210000038146973,0.4339999854564667
YOR173W,YPR052C,0,0.079373285,0.1750285029411316,0.9210000038146973,0.4341000020503998
YOR339C,YOR073W,0,0.07920821,0.17499524354934692,0.9210000038146973,0.4341999888420105
YDR006C,YGR289C,0,0.07919816,0.17496199905872345,0.9210000038146973,0.4343000054359436
YDL159W,YPR165W,0,0.079165414,0.17492876946926117,0.9210000038146973,0.4343999922275543
YIL127C,YOR196C,0,0.07903152,0.17489555478096008,0.9210000038146973,0.4345000088214874
YGL002W,YDR322C-A,0,0.07896611,0.1748623549938202,0.9210000038146973,0.43459999561309814
YDR051C,YJR067C,0,0.07895626,0.1748291552066803,0.9210000038146973,0.43470001220703125
YKR060W,YML025C,0,0.07881847,0.1747959703207016,0.9210000038146973,0.43479999899864197
YPL020C,YNL021W,0,0.07881148,0.1747628152370453,0.9210000038146973,0.4348999857902527
YGL208W,YLR308W,0,0.07879656,0.17472966015338898,0.9210000038146973,0.4350000023841858
YGL131C,YOR303W,0,0.07867086,0.17469650506973267,0.9210000038146973,0.4350999891757965
YPR058W,YIL073C,0,0.07853677,0.17466337978839874,0.9210000038146973,0.4352000057697296
YGL181W,YNL312W,0,0.07815039,0.17463025450706482,0.9210000038146973,0.43529999256134033
YKR022C,YOL119C,0,0.07801458,0.17459715902805328,0.9210000038146973,0.43540000915527344
YOL089C,YKR024C,0,0.07790463,0.17456406354904175,0.9210000038146973,0.43549999594688416
YER039C,YER170W,0,0.0778406,0.1745309829711914,0.9210000038146973,0.43560001254081726
YEL003W,YDR352W,0,0.077831894,0.17449791729450226,0.9210000038146973,0.435699999332428
YML118W,YDR208W,0,0.07772311,0.1744648665189743,0.9210000038146973,0.4357999861240387
YAR066W,YCR083W,0,0.07771207,0.17443181574344635,0.9210000038146973,0.4359000027179718
YPL055C,YGR256W,0,0.077669755,0.17439879477024078,0.9210000038146973,0.4359999895095825
YOR210W,YEL004W,0,0.07758754,0.17436577379703522,0.9210000038146973,0.4361000061035156
YLR368W,YOR077W,0,0.07757409,0.17433276772499084,0.9210000038146973,0.43619999289512634
YLR332W,YLR275W,0,0.077566326,0.17429977655410767,0.9210000038146973,0.43630000948905945
YDR322C-A,YGR215W,0,0.07748567,0.1742667853832245,0.9210000038146973,0.43639999628067017
YCR066W,YGL175C,0,0.077323645,0.1742338240146637,0.9210000038146973,0.43650001287460327
YIR034C,YMR190C,0,0.0772555,0.1742008626461029,0.9210000038146973,0.436599999666214
YHR123W,YLL052C,0,0.07686733,0.1741679310798645,0.9210000038146973,0.4366999864578247
YKR086W,YMR268C,0,0.0767898,0.1741349995136261,0.9210000038146973,0.4368000030517578
YML062C,YDR394W,0,0.07670376,0.1741020828485489,0.9210000038146973,0.43689998984336853
YML078W,YLR388W,0,0.0766569,0.17406918108463287,0.9210000038146973,0.43700000643730164
YER058W,YJR077C,0,0.07659424,0.17403627932071686,0.9210000038146973,0.43709999322891235
YFL009W,YER183C,0,0.076550305,0.17400340735912323,0.9210000038146973,0.43720000982284546
YMR199W,YDL122W,0,0.076368086,0.1739705353975296,0.9210000038146973,0.4372999966144562
YDR206W,YPL228W,0,0.07627144,0.17393767833709717,0.9210000038146973,0.4374000132083893
YDR051C,YMR277W,0,0.07624541,0.17390483617782593,0.9210000038146973,0.4375
YER003C,YNL106C,0,0.07620833,0.17387200891971588,0.9210000038146973,0.4375999867916107
YKL188C,YPL187W,0,0.07618152,0.17383918166160583,0.9210000038146973,0.4377000033855438
YLR148W,YCR008W,0,0.0761188,0.17380638420581818,0.9210000038146973,0.43779999017715454
YNL083W,YOL027C,0,0.07609698,0.17377358675003052,0.9210000038146973,0.43790000677108765
YBR227C,YKL073W,0,0.07607272,0.17374080419540405,0.9210000038146973,0.43799999356269836
YBR290W,YPL192C,0,0.076008044,0.17370803654193878,0.9210000038146973,0.43810001015663147
YPL069C,YLR117C,0,0.075998515,0.1736752837896347,0.9210000038146973,0.4381999969482422
YHL018W,YBR236C,0,0.075986624,0.17364253103733063,0.9210000038146973,0.4383000135421753
YPL047W,YDR267C,0,0.07587255,0.17360980808734894,0.9210000038146973,0.438400000333786
YPL158C,YBL100W-A,0,0.07572466,0.17357708513736725,0.9210000038146973,0.43849998712539673
YBL066C,YOL021C,0,0.07558724,0.17354437708854675,0.9210000038146973,0.43860000371932983
YOR064C,YGR128C,0,0.07549295,0.17351168394088745,0.9210000038146973,0.43869999051094055
YPL108W,YLR341W,0,0.075473145,0.17347899079322815,0.9210000038146973,0.43880000710487366
YPL032C,YGL032C,0,0.0754095,0.17344632744789124,0.9210000038146973,0.4388999938964844
YOL115W,YJR077C,0,0.07534361,0.17341366410255432,0.9210000038146973,0.4390000104904175
YBR127C,YOR035C,0,0.07533078,0.1733810305595398,0.9210000038146973,0.4390999972820282
YPL037C,YHR032W,0,0.07526201,0.17334839701652527,0.9210000038146973,0.4392000138759613
YLR069C,YNL220W,0,0.07509469,0.17331576347351074,0.9210000038146973,0.439300000667572
YOR202W,YCR048W,0,0.075023495,0.1732831597328186,0.9210000038146973,0.43939998745918274
YLR071C,YGR065C,0,0.07500224,0.17325057089328766,0.9210000038146973,0.43950000405311584
YOR118W,YGL160W,0,0.07497514,0.1732179820537567,0.9210000038146973,0.43959999084472656
YOL097C,YDR194C,0,0.074833706,0.17318540811538696,0.9210000038146973,0.43970000743865967
YDR432W,YDR084C,0,0.07479912,0.1731528490781784,0.9210000038146973,0.4397999942302704
YHR016C,YNL225C,0,0.07479298,0.17312030494213104,0.9210000038146973,0.4399000108242035
YOL016C,YIL168W,0,0.074781656,0.17308776080608368,0.9210000038146973,0.4399999976158142
YPR018W,YJL104W,0,0.074752256,0.1730552464723587,0.9210000038146973,0.4401000142097473
YNL009W,YJR017C,0,0.07468699,0.17302273213863373,0.9210000038146973,0.44020000100135803
YLR272C,YPR165W,0,0.07468279,0.17299023270606995,0.9210000038146973,0.44029998779296875
YDR237W,YBR106W,0,0.074439235,0.17295774817466736,0.9210000038146973,0.44040000438690186
YLR216C,YPL124W,0,0.074402355,0.17292527854442596,0.9210000038146973,0.4404999911785126
YBR258C,YGL245W,0,0.07436216,0.17289280891418457,0.9210000038146973,0.4406000077724457
YBL040C,YOR344C,0,0.07431869,0.17286035418510437,0.9210000038146973,0.4406999945640564
YIL158W,YOR017W,0,0.07425591,0.17282792925834656,0.9210000038146973,0.4408000111579895
YBL005W-A,YNL134C,0,0.07420221,0.17279550433158875,0.9210000038146973,0.4408999979496002
YJL051W,YBR019C,0,0.0741931,0.17276307940483093,0.9210000038146973,0.4410000145435333
YLR342W,YGR121C,0,0.07406941,0.1727306842803955,0.9210000038146973,0.44110000133514404
YDR182W,YKL184W,0,0.074067906,0.17269828915596008,0.9210000038146973,0.44119998812675476
YJL139C,YDR363W,0,0.073919185,0.17266592383384705,0.9210000038146973,0.44130000472068787
YBR004C,YMR305C,0,0.07380814,0.172633558511734,0.9210000038146973,0.4413999915122986
YGR074W,YJL104W,0,0.0736735,0.17260119318962097,0.9210000038146973,0.4415000081062317
YJL113W,YBR265W,0,0.07354231,0.17256885766983032,0.9210000038146973,0.4415999948978424
YLR272C,YKL193C,0,0.07352288,0.17253653705120087,0.9210000038146973,0.4417000114917755
YOR196C,YLR399C,0,0.07351843,0.1725042164325714,0.9210000038146973,0.44179999828338623
YBL042C,YDR016C,0,0.07344345,0.17247191071510315,0.9210000038146973,0.44190001487731934
YNL053W,YNL336W,0,0.07344142,0.17243961989879608,0.9210000038146973,0.44200000166893005
YOR010C,YGL077C,0,0.073437646,0.1724073439836502,0.9210000038146973,0.44209998846054077
YGL001C,YOL077W-A,0,0.0731999,0.17237506806850433,0.9210000038146973,0.4422000050544739
YIL157C,YLR368W,0,0.07318103,0.17234280705451965,0.9210000038146973,0.4422999918460846
YBL002W,YKL222C,0,0.07310859,0.17231057584285736,0.9210000038146973,0.4424000084400177
YDR506C,YML007W,0,0.07296574,0.17227834463119507,0.9210000038146973,0.4424999952316284
YDR182W,YOR231W,0,0.07294085,0.17224611341953278,0.9210000038146973,0.4426000118255615
YDL020C,YBR239C,0,0.072730884,0.17221391201019287,0.9210000038146973,0.44269999861717224
YNL064C,YPR201W,0,0.07268509,0.17218171060085297,0.9210000038146973,0.44279998540878296
YCR048W,YLL015W,0,0.07253093,0.17214953899383545,0.9210000038146973,0.44290000200271606
YLR222C,YLR421C,0,0.072435945,0.17211736738681793,0.9210000038146973,0.4429999887943268
YKL101W,YMR116C,0,0.07237966,0.17208519577980042,0.9210000038146973,0.4431000053882599
YAL061W,YOR140W,0,0.07223481,0.17205305397510529,0.9210000038146973,0.4431999921798706
YDR017C,YOL089C,0,0.072228014,0.17202091217041016,0.9210000038146973,0.4433000087738037
YNL300W,YER169W,0,0.0721212,0.17198880016803741,0.9210000038146973,0.44339999556541443
YBR253W,YLR256W,0,0.07209544,0.17195668816566467,0.9210000038146973,0.44350001215934753
YGR087C,YLR216C,0,0.07189217,0.17192459106445312,0.9210000038146973,0.44359999895095825
YIL015W,YOR188W,0,0.07184017,0.17189249396324158,0.9210000038146973,0.44369998574256897
YPL029W,YKL139W,0,0.071827024,0.17186042666435242,0.9210000038146973,0.4438000023365021
YDR073W,YGR249W,0,0.071796365,0.17182835936546326,0.9210000038146973,0.4438999891281128
YDR348C,YGL201C,0,0.0717885,0.1717963069677353,0.9210000038146973,0.4440000057220459
YOR336W,YPR124W,0,0.07176181,0.17176426947116852,0.9210000038146973,0.4440999925136566
YDR060W,YML025C,1,0.071726464,0.17191870510578156,0.921999990940094,0.4440999925136566
YMR135C,YHL020C,0,0.071651384,0.1718866527080536,0.921999990940094,0.4442000091075897
YKL101W,YJR019C,0,0.07139839,0.17185461521148682,0.921999990940094,0.44429999589920044
YHL020C,YLR229C,0,0.07134937,0.17182259261608124,0.921999990940094,0.44440001249313354
YDR097C,YJL118W,0,0.071299024,0.17179057002067566,0.921999990940094,0.44449999928474426
YIL157C,YBR167C,0,0.07125461,0.17175856232643127,0.921999990940094,0.444599986076355
YLR298C,YOR375C,0,0.07097688,0.17172658443450928,0.921999990940094,0.4447000026702881
YPL047W,YDR316W,0,0.07080595,0.17169460654258728,0.921999990940094,0.4447999894618988
YPL128C,YNL099C,0,0.07074535,0.17166262865066528,0.921999990940094,0.4449000060558319
YAR066W,YMR271C,0,0.070717156,0.17163068056106567,0.921999990940094,0.4449999928474426
YLR233C,YJL137C,0,0.07069377,0.17159873247146606,0.921999990940094,0.44510000944137573
YKR022C,YGR278W,0,0.070641965,0.17156679928302765,0.921999990940094,0.44519999623298645
YBR021W,YCR023C,0,0.07063888,0.17153488099575043,0.921999990940094,0.44530001282691956
YJR161C,YIL067C,0,0.07054087,0.1715029776096344,0.921999990940094,0.4453999996185303
YOL075C,YER170W,0,0.070494786,0.17147107422351837,0.921999990940094,0.445499986410141
YFL024C,YIL157C,0,0.07047897,0.17143920063972473,0.921999990940094,0.4456000030040741
YDR506C,YPL158C,0,0.07042711,0.1714073270559311,0.921999990940094,0.4456999897956848
YKL112W,YMR154C,0,0.07039638,0.17137546837329865,0.921999990940094,0.4458000063896179
YNL257C,YLR119W,0,0.07039392,0.1713436096906662,0.921999990940094,0.44589999318122864
YOR064C,YKR065C,0,0.07025391,0.17131178081035614,0.921999990940094,0.44600000977516174
YNL169C,YBR171W,0,0.0702498,0.17127995193004608,0.921999990940094,0.44609999656677246
YLR398C,YDR352W,0,0.070239544,0.17124813795089722,0.921999990940094,0.44620001316070557
YHL009C,YCR017C,0,0.07018648,0.17121633887290955,0.921999990940094,0.4462999999523163
YGL001C,YNL275W,0,0.07018134,0.17118455469608307,0.921999990940094,0.446399986743927
YGR109C,YDL104C,0,0.0701581,0.1711527705192566,0.921999990940094,0.4465000033378601
YGL257C,YDR409W,0,0.07014349,0.1711210161447525,0.921999990940094,0.4465999901294708
YOL077W-A,YML001W,0,0.06973912,0.1710892617702484,0.921999990940094,0.44670000672340393
YGL250W,YGR192C,0,0.0695765,0.17105750739574432,0.921999990940094,0.44679999351501465
YDL212W,YKL167C,0,0.06949954,0.17102578282356262,0.921999990940094,0.44690001010894775
YKR098C,YOR344C,0,0.069443315,0.17099405825138092,0.921999990940094,0.44699999690055847
YPL249C-A,YLR027C,0,0.069307394,0.1709623634815216,0.921999990940094,0.4471000134944916
YNL272C,YDL201W,0,0.069294855,0.1709306687116623,0.921999990940094,0.4472000002861023
YPR183W,YGL130W,0,0.06928894,0.17089897394180298,0.921999990940094,0.447299987077713
YPR104C,YPR022C,0,0.06927293,0.17086730897426605,0.921999990940094,0.4474000036716461
YKL160W,YDL122W,0,0.06918583,0.17083564400672913,0.921999990940094,0.44749999046325684
YGL011C,YHR034C,0,0.06917415,0.1708040088415146,0.921999990940094,0.44760000705718994
YNR032W,YGR256W,0,0.06916318,0.17077235877513885,0.921999990940094,0.44769999384880066
YNL071W,YMR113W,0,0.0691223,0.1707407385110855,0.921999990940094,0.44780001044273376
YIL105C,YIL110W,0,0.06911856,0.17070913314819336,0.921999990940094,0.4478999972343445
YGR068C,YER141W,0,0.068984404,0.1706775277853012,0.921999990940094,0.4480000138282776
YLR378C,YGR140W,0,0.06894028,0.17064593732357025,0.921999990940094,0.4481000006198883
YHR079C-A,YAL005C,0,0.068691835,0.1706143617630005,0.921999990940094,0.448199987411499
YLR128W,YMR083W,0,0.06854351,0.17058280110359192,0.921999990940094,0.44830000400543213
YBR227C,YOR153W,0,0.06848741,0.17055124044418335,0.921999990940094,0.44839999079704285
YOR328W,YHR042W,0,0.0682617,0.17051969468593597,0.921999990940094,0.44850000739097595
YOR354C,YLR205C,0,0.068247296,0.1704881638288498,0.921999990940094,0.44859999418258667
YCL019W,YER001W,0,0.068245724,0.1704566478729248,0.921999990940094,0.4487000107765198
YLR233C,YIL121W,0,0.06820853,0.17042513191699982,0.921999990940094,0.4487999975681305
YJL151C,YER069W,0,0.06816679,0.17039364576339722,0.921999990940094,0.4489000141620636
YDR541C,YLR449W,0,0.06813361,0.17036215960979462,0.921999990940094,0.4490000009536743
YMR170C,YCR033W,0,0.06802616,0.1703306883573532,0.921999990940094,0.44909998774528503
YPL211W,YBR200W,0,0.0679497,0.1702992171049118,0.921999990940094,0.44920000433921814
YDR162C,YGL097W,0,0.06787065,0.17026777565479279,0.921999990940094,0.44929999113082886
YNL072W,YFR044C,0,0.06776649,0.17023633420467377,0.921999990940094,0.44940000772476196
YFR042W,YOR255W,0,0.067719534,0.17020490765571594,0.921999990940094,0.4494999945163727
YAL047C,YGR207C,0,0.0675963,0.1701734960079193,0.921999990940094,0.4496000111103058
YKL127W,YLL042C,0,0.067506716,0.17014209926128387,0.921999990940094,0.4496999979019165
YDR191W,YJR125C,0,0.06723165,0.17011070251464844,0.921999990940094,0.4498000144958496
YGL121C,YIL105C,0,0.06692904,0.1700793206691742,0.921999990940094,0.4499000012874603
YGR033C,YGL065C,0,0.06685021,0.17004795372486115,0.921999990940094,0.44999998807907104
YDR216W,YPR056W,0,0.06672609,0.1700166016817093,0.921999990940094,0.45010000467300415
YEL063C,YER169W,0,0.06672168,0.16998524963855743,0.921999990940094,0.45019999146461487
YHR045W,YGR206W,0,0.06669601,0.16995391249656677,0.921999990940094,0.450300008058548
YIL157C,YPL249C,0,0.06661445,0.1699225902557373,0.921999990940094,0.4503999948501587
YIR021W,YPL015C,0,0.066456884,0.16989128291606903,0.921999990940094,0.4505000114440918
YPL047W,YLR035C,0,0.06637709,0.16985999047756195,0.921999990940094,0.4505999982357025
YKL046C,YNL169C,0,0.06636716,0.16982869803905487,0.921999990940094,0.4507000148296356
YMR164C,YDR477W,0,0.066336274,0.16979742050170898,0.921999990940094,0.45080000162124634
YGL184C,YHR045W,0,0.066267155,0.1697661578655243,0.921999990940094,0.45089998841285706
YLR166C,YNL220W,0,0.06614646,0.1697349101305008,0.921999990940094,0.45100000500679016
YPL132W,YNL264C,0,0.06609276,0.1697036623954773,0.921999990940094,0.4510999917984009
YOR362C,YHL001W,0,0.06606974,0.169672429561615,0.921999990940094,0.451200008392334
YJL002C,YMR067C,0,0.06593731,0.16964121162891388,0.921999990940094,0.4512999951839447
YOL094C,YOR125C,0,0.06587121,0.16961000859737396,0.921999990940094,0.4514000117778778
YOL089C,YDL165W,0,0.06583453,0.16957880556583405,0.921999990940094,0.4514999985694885
YGR087C,YPL249C,0,0.06571511,0.16954763233661652,0.921999990940094,0.45159998536109924
YMR278W,YJR129C,0,0.065702036,0.169516459107399,0.921999990940094,0.45170000195503235
YPL045W,YDR302W,0,0.0656629,0.16948530077934265,0.921999990940094,0.45179998874664307
YAL032C,YOL148C,0,0.065647475,0.16945414245128632,0.921999990940094,0.45190000534057617
YIL031W,YLR308W,0,0.06557228,0.16942299902439117,0.921999990940094,0.4519999921321869
YHL033C,YPL265W,0,0.06553547,0.16939188539981842,0.921999990940094,0.45210000872612
YEL020C,YBR199W,0,0.065468125,0.16936075687408447,0.921999990940094,0.4521999955177307
YBR073W,YCR083W,0,0.06542243,0.1693296581506729,0.921999990940094,0.4523000121116638
YER011W,YOL049W,0,0.06540905,0.16929857432842255,0.921999990940094,0.45239999890327454
YCR089W,YDL147W,0,0.06539907,0.16926749050617218,0.921999990940094,0.45249998569488525
YFL024C,YOL017W,0,0.065286435,0.169236421585083,0.921999990940094,0.45260000228881836
YJL028W,YPL086C,0,0.06490143,0.16920535266399384,0.921999990940094,0.4526999890804291
YHR216W,YBL067C,0,0.06484538,0.16917431354522705,0.921999990940094,0.4528000056743622
YHL007C,YNL272C,0,0.06481056,0.16914327442646027,0.921999990940094,0.4528999924659729
YDL044C,YBR204C,0,0.06479673,0.16911225020885468,0.921999990940094,0.453000009059906
YER124C,YBR201W,0,0.06477964,0.16908124089241028,0.921999990940094,0.4530999958515167
YBR073W,YCL011C,0,0.06472194,0.16905023157596588,0.921999990940094,0.45320001244544983
YKR087C,YIL010W,0,0.06465195,0.16901925206184387,0.921999990940094,0.45329999923706055
YNL222W,YNL148C,0,0.06452523,0.16898827254772186,0.921999990940094,0.45339998602867126
YNR026C,YOR293W,0,0.06434149,0.16895730793476105,0.921999990940094,0.45350000262260437
YNL300W,YLR421C,0,0.06431007,0.16892634332180023,0.921999990940094,0.4535999894142151
YIL066C,YFL052W,0,0.064308874,0.1688954085111618,0.921999990940094,0.4537000060081482
YJL091C,YLR027C,0,0.064272895,0.16886447370052338,0.921999990940094,0.4537999927997589
YDR541C,YDL222C,0,0.06425408,0.16883355379104614,0.921999990940094,0.453900009393692
YNR023W,YPR112C,0,0.064234324,0.1688026338815689,0.921999990940094,0.45399999618530273
YDR182W,YOR234C,0,0.06406243,0.16877174377441406,0.921999990940094,0.45410001277923584
YHR094C,YPL162C,0,0.063722424,0.16874085366725922,0.921999990940094,0.45419999957084656
YBR217W,YNL222W,0,0.063690916,0.16870997846126556,0.921999990940094,0.4542999863624573
YOR362C,YPL108W,0,0.06359603,0.1686791032552719,0.921999990940094,0.4544000029563904
YIL063C,YOR256C,0,0.06358926,0.16864825785160065,0.921999990940094,0.4544999897480011
YMR047C,YOR205C,0,0.063311264,0.16861741244792938,0.921999990940094,0.4546000063419342
YBR021W,YGL245W,0,0.063257724,0.1685865819454193,0.921999990940094,0.4546999931335449
YGL001C,YNL315C,0,0.06320116,0.16855575144290924,0.921999990940094,0.454800009727478
YLR320W,YCR102C,0,0.06312058,0.16852495074272156,0.921999990940094,0.45489999651908875
YBR217W,YGR195W,0,0.06311253,0.16849415004253387,0.921999990940094,0.45500001311302185
YDR113C,YLL028W,0,0.063012384,0.16846336424350739,0.921999990940094,0.45509999990463257
YLR398C,YNL254C,0,0.06282987,0.1684325933456421,0.921999990940094,0.4551999866962433
YBL046W,YBL003C,0,0.062816225,0.1684018224477768,0.921999990940094,0.4553000032901764
YPL029W,YKR029C,0,0.0628133,0.1683710664510727,0.921999990940094,0.4553999900817871
YCR023C,YPR165W,0,0.06274249,0.16834032535552979,0.921999990940094,0.4555000066757202
YJR144W,YOR367W,0,0.06274007,0.16830959916114807,0.921999990940094,0.45559999346733093
YBR018C,YLR133W,0,0.062654026,0.16827888786792755,0.921999990940094,0.45570001006126404
YPR094W,YOR003W,0,0.062223077,0.16824817657470703,0.921999990940094,0.45579999685287476
YMR052W,YGR132C,0,0.062156662,0.1682174801826477,0.921999990940094,0.45590001344680786
YKL049C,YJL207C,0,0.06214183,0.16818679869174957,0.921999990940094,0.4560000002384186
YGL145W,YNL106C,0,0.062100664,0.16815611720085144,0.921999990940094,0.4560999870300293
YDR311W,YOR197W,0,0.062048852,0.1681254506111145,0.921999990940094,0.4562000036239624
YOR094W,YOR336W,0,0.061994135,0.16809479892253876,0.921999990940094,0.4562999904155731
YMR291W,YGR256W,0,0.061912894,0.1680641621351242,0.921999990940094,0.4564000070095062
YNL315C,YNR032W,0,0.061822936,0.16803354024887085,0.921999990940094,0.45649999380111694
YDR058C,YML114C,0,0.06180048,0.1680029183626175,0.921999990940094,0.45660001039505005
YGR125W,YDL191W,0,0.061797738,0.16797231137752533,0.921999990940094,0.45669999718666077
YIL066C,YNL124W,0,0.061588615,0.16794171929359436,0.921999990940094,0.45680001378059387
YLR342W,YER026C,0,0.061466344,0.1679111272096634,0.921999990940094,0.4569000005722046
YOR196C,YBR079C,0,0.061087996,0.16788055002689362,0.921999990940094,0.4569999873638153
YJL002C,YOL089C,0,0.06091371,0.16784998774528503,0.921999990940094,0.4571000039577484
YOL034W,YLR368W,0,0.060871765,0.16781944036483765,0.921999990940094,0.45719999074935913
YOL008W,YNL037C,0,0.060853392,0.16778889298439026,0.921999990940094,0.45730000734329224
YDR020C,YNR039C,0,0.06078612,0.16775837540626526,0.921999990940094,0.45739999413490295
YKR081C,YAL061W,0,0.06077361,0.16772785782814026,0.921999990940094,0.45750001072883606
YML001W,YGL150C,0,0.060687058,0.16769734025001526,0.921999990940094,0.4575999975204468
YCL045C,YOL119C,0,0.060587592,0.16766685247421265,0.921999990940094,0.4577000141143799
YDL042C,YPR185W,0,0.06053604,0.16763636469841003,0.921999990940094,0.4578000009059906
YGR041W,YDR001C,0,0.06047275,0.16760589182376862,0.921999990940094,0.4578999876976013
YLR310C,YOR122C,0,0.06022513,0.1675754338502884,0.921999990940094,0.4580000042915344
YJL042W,YGR068C,0,0.060219735,0.16754497587680817,0.921999990940094,0.45809999108314514
YDR446W,YDR485C,0,0.060178585,0.16751453280448914,0.921999990940094,0.45820000767707825
YCR067C,YNL035C,0,0.060153656,0.1674841046333313,0.921999990940094,0.45829999446868896
YPL024W,YIR010W,0,0.059966356,0.16745369136333466,0.921999990940094,0.45840001106262207
YML064C,YKL065C,0,0.059856027,0.167423278093338,0.921999990940094,0.4584999978542328
YDR322C-A,YJR044C,0,0.05982651,0.16739287972450256,0.921999990940094,0.4586000144481659
YPL164C,YGR091W,0,0.05982475,0.1673624962568283,0.921999990940094,0.4587000012397766
YOL110W,YKL125W,0,0.05976794,0.16733212769031525,0.921999990940094,0.45879998803138733
YMR011W,YCL020W,0,0.059608273,0.16730175912380219,0.921999990940094,0.45890000462532043
YKL025C,YNL087W,0,0.059499048,0.16727140545845032,0.921999990940094,0.45899999141693115
YKR042W,YDL222C,0,0.05942811,0.16724106669425964,0.921999990940094,0.45910000801086426
YDR143C,YKR029C,0,0.059398502,0.16721074283123016,0.921999990940094,0.459199994802475
YNR056C,YBL004W,0,0.059377372,0.16718041896820068,0.921999990940094,0.4593000113964081
YHR112C,YJR086W,0,0.05934529,0.1671501100063324,0.921999990940094,0.4593999981880188
YBL009W,YBL019W,0,0.05931741,0.1671198159456253,0.921999990940094,0.4595000147819519
YKL049C,YER035W,0,0.059168324,0.1670895218849182,0.921999990940094,0.4596000015735626
YJL028W,YGR152C,0,0.05916068,0.16705924272537231,0.921999990940094,0.45969998836517334
YPL024W,YLR002C,0,0.059019476,0.1670289784669876,0.921999990940094,0.45980000495910645
YDR155C,YAL061W,0,0.058933944,0.1669987291097641,0.921999990940094,0.45989999175071716
YLR308W,YLR178C,0,0.058910362,0.16696849465370178,0.921999990940094,0.46000000834465027
YBR215W,YHR045W,0,0.05887027,0.16693826019763947,0.921999990940094,0.460099995136261
YPL162C,YJL122W,0,0.058793634,0.16690804064273834,0.921999990940094,0.4602000117301941
YNR026C,YJR044C,0,0.058792762,0.16687782108783722,0.921999990940094,0.4602999985218048
YGR277C,YHR183W,0,0.05878122,0.16684763133525848,0.921999990940094,0.4603999853134155
YJL002C,YNL134C,0,0.05877039,0.16681744158267975,0.921999990940094,0.46050000190734863
YGR090W,YNL116W,0,0.058766335,0.1667872667312622,0.921999990940094,0.46059998869895935
YGL124C,YGL150C,0,0.058561914,0.16675709187984467,0.921999990940094,0.46070000529289246
YGL130W,YMR121C,0,0.058493406,0.1667269468307495,0.921999990940094,0.4607999920845032
YOR298C-A,YER169W,0,0.058378056,0.16669680178165436,0.921999990940094,0.4609000086784363
YNL279W,YGL077C,0,0.058350414,0.1666666716337204,0.921999990940094,0.460999995470047
YBR253W,YNL083W,0,0.058167204,0.16663654148578644,0.921999990940094,0.4611000120639801
YGR207C,YBR104W,0,0.058051534,0.16660642623901367,0.921999990940094,0.4611999988555908
YNR056C,YBL002W,0,0.05792904,0.1665763258934021,0.921999990940094,0.46129998564720154
YOL006C,YNL003C,0,0.057748273,0.16654624044895172,0.921999990940094,0.46140000224113464
YCR067C,YOR144C,0,0.05774053,0.16651616990566254,0.921999990940094,0.46149998903274536
YGR096W,YGL254W,0,0.05766502,0.16648609936237335,0.921999990940094,0.46160000562667847
YPR104C,YNL222W,0,0.057664156,0.16645604372024536,0.921999990940094,0.4616999924182892
YNL321W,YOR375C,0,0.057545274,0.16642598807811737,0.921999990940094,0.4618000090122223
YNL323W,YDR354W,0,0.05750715,0.16639596223831177,0.921999990940094,0.461899995803833
YPL016W,YGL257C,0,0.057374127,0.16636593639850616,0.921999990940094,0.4620000123977661
YBR290W,YCL026C-A,0,0.057245225,0.16633592545986176,0.921999990940094,0.46209999918937683
YGL131C,YCR088W,0,0.057227686,0.16630591452121735,0.921999990940094,0.46219998598098755
YKR045C,YGR166W,0,0.05722694,0.16627591848373413,0.921999990940094,0.46230000257492065
YHR104W,YNL053W,0,0.057152122,0.1662459373474121,0.921999990940094,0.46239998936653137
YNL069C,YKR022C,0,0.057143524,0.16621597111225128,0.921999990940094,0.4625000059604645
YGL250W,YJR159W,0,0.057057627,0.16618601977825165,0.921999990940094,0.4625999927520752
YDR314C,YOL089C,0,0.057008103,0.16615606844425201,0.921999990940094,0.4627000093460083
YKL018W,YGL012W,0,0.05682318,0.16612613201141357,0.921999990940094,0.462799996137619
YOR214C,YLR136C,0,0.056814946,0.16609619557857513,0.921999990940094,0.4629000127315521
YGR277C,YHR084W,0,0.056762293,0.16606628894805908,0.921999990940094,0.46299999952316284
YML066C,YNL106C,0,0.05666689,0.16603638231754303,0.921999990940094,0.46309998631477356
YPL132W,YLR308W,0,0.056487694,0.16600647568702698,0.921999990940094,0.46320000290870667
YHR191C,YJR064W,0,0.056360513,0.1659765988588333,0.921999990940094,0.4632999897003174
YOL115W,YOR321W,0,0.056241587,0.16594672203063965,0.921999990940094,0.4634000062942505
YAL005C,YOR003W,0,0.056194082,0.16591686010360718,0.921999990940094,0.4634999930858612
YLR398C,YDR489W,0,0.056191534,0.1658870130777359,0.921999990940094,0.4636000096797943
YKL091C,YER124C,0,0.056186706,0.16585716605186462,0.921999990940094,0.46369999647140503
YDL194W,YNR036C,0,0.056107983,0.16582733392715454,0.921999990940094,0.46380001306533813
YGL023C,YOR303W,0,0.056058608,0.16579751670360565,0.921999990940094,0.46389999985694885
YIL157C,YKL220C,0,0.05599627,0.16576771438121796,0.921999990940094,0.46399998664855957
YLL052C,YOR064C,0,0.055909857,0.16573791205883026,0.921999990940094,0.4641000032424927
YBL102W,YPL249C,0,0.055880323,0.16570812463760376,0.921999990940094,0.4641999900341034
YBR073W,YPL283C,0,0.05586055,0.16567835211753845,0.921999990940094,0.4643000066280365
YDR216W,YNL245C,0,0.055832177,0.16564857959747314,0.921999990940094,0.4643999934196472
YKL046C,YDL014W,0,0.055727184,0.16561882197856903,0.921999990940094,0.4645000100135803
YIL131C,YAL042W,0,0.05567512,0.1655890792608261,0.921999990940094,0.46459999680519104
YDR058C,YGL145W,0,0.055527948,0.16555935144424438,0.921999990940094,0.46470001339912415
YIR034C,YDL104C,0,0.055476546,0.16552962362766266,0.921999990940094,0.46480000019073486
YKR045C,YGR067C,0,0.05539097,0.16549991071224213,0.921999990940094,0.4648999869823456
YLR320W,YJR019C,0,0.05534397,0.1654702126979828,0.921999990940094,0.4650000035762787
YCR102C,YKL220C,0,0.055306315,0.16544051468372345,0.921999990940094,0.4650999903678894
YDR538W,YNL279W,0,0.055302978,0.1654108315706253,0.921999990940094,0.4652000069618225
YER054C,YIL082W-A,0,0.0551247,0.16538116335868835,0.921999990940094,0.4652999937534332
YPL236C,YKR080W,0,0.05497443,0.1653515100479126,0.921999990940094,0.46540001034736633
YKR029C,YDR291W,0,0.0549587,0.16532185673713684,0.921999990940094,0.46549999713897705
YJR047C,YPL024W,0,0.05486113,0.16529221832752228,0.921999990940094,0.46560001373291016
YKL096W,YNL323W,0,0.054821745,0.1652625948190689,0.921999990940094,0.4657000005245209
YCR067C,YNR026C,0,0.05474302,0.16523297131061554,0.921999990940094,0.4657999873161316
YPR029C,YNL082W,0,0.054738417,0.16520336270332336,0.921999990940094,0.4659000039100647
YJL028W,YNL002C,0,0.05466321,0.16517376899719238,0.921999990940094,0.4659999907016754
YOL008W,YMR134W,0,0.054620996,0.1651441901922226,0.921999990940094,0.4661000072956085
YNR073C,YML007W,0,0.054540195,0.1651146113872528,0.921999990940094,0.46619999408721924
YNL186W,YJR159W,0,0.054452628,0.1650850474834442,0.921999990940094,0.46630001068115234
YLR423C,YPR164W,0,0.05443944,0.16505549848079681,0.921999990940094,0.46639999747276306
YAL005C,YOR017W,0,0.054337934,0.16502594947814941,0.921999990940094,0.46650001406669617
YDL103C,YBR068C,0,0.05431053,0.1649964153766632,0.921999990940094,0.4666000008583069
YLR298C,YIL016W,0,0.0542261,0.1649668961763382,0.921999990940094,0.4666999876499176
YML038C,YBL105C,0,0.054224715,0.16493739187717438,0.921999990940094,0.4668000042438507
YGL145W,YPR066W,0,0.054212667,0.16490788757801056,0.921999990940094,0.4668999910354614
YNL257C,YGR280C,0,0.054033272,0.16487839818000793,0.921999990940094,0.46700000762939453
YNL071W,YBR088C,0,0.05401095,0.1648489236831665,0.921999990940094,0.46709999442100525
YGR287C,YOL044W,0,0.053974383,0.16481944918632507,0.921999990940094,0.46720001101493835
YOR293W,YIL010W,0,0.053873897,0.16478998959064484,0.921999990940094,0.4672999978065491
YGR203W,YDR324C,0,0.05384975,0.1647605448961258,0.921999990940094,0.4674000144004822
YEL020C,YPL275W,0,0.0536817,0.16473110020160675,0.921999990940094,0.4675000011920929
YPL227C,YNR051C,0,0.053625546,0.1647016853094101,0.921999990940094,0.4675999879837036
YHL009C,YGR231C,0,0.053555608,0.16467225551605225,0.921999990940094,0.4677000045776367
YPL275W,YPL228W,0,0.05322907,0.16464285552501678,0.921999990940094,0.46779999136924744
YDL153C,YFL034C-B,0,0.053172015,0.16461345553398132,0.921999990940094,0.46790000796318054
YDL103C,YMR278W,0,0.053007975,0.16458407044410706,0.921999990940094,0.46799999475479126
YCR042C,YKR001C,0,0.052959085,0.16455470025539398,0.921999990940094,0.46810001134872437
YGR227W,YBR079C,0,0.05288489,0.1645253449678421,0.921999990940094,0.4681999981403351
YGL100W,YPR022C,0,0.052849963,0.16449598968029022,0.921999990940094,0.4683000147342682
YOR362C,YML026C,0,0.052833885,0.16446664929389954,0.921999990940094,0.4684000015258789
YER146W,YIL122W,0,0.052818865,0.16443730890750885,0.921999990940094,0.4684999883174896
YIL066C,YKL012W,0,0.052758224,0.16440798342227936,0.921999990940094,0.46860000491142273
YJL063C,YLL005C,0,0.052746043,0.16437867283821106,0.921999990940094,0.46869999170303345
YDR221W,YLL005C,0,0.05272582,0.16434937715530396,0.921999990940094,0.46880000829696655
YNR073C,YDR349C,0,0.05260752,0.16432008147239685,0.921999990940094,0.46889999508857727
YBR217W,YOR339C,0,0.052600622,0.16429080069065094,0.921999990940094,0.4690000116825104
YJR095W,YBL101C,0,0.052453578,0.16426153481006622,0.921999990940094,0.4690999984741211
YGR109C,YOR255W,0,0.052318588,0.1642322838306427,0.921999990940094,0.4691999852657318
YDR104C,YKL073W,0,0.05215496,0.16420303285121918,0.921999990940094,0.4693000018596649
YNL134C,YNL106C,0,0.052024633,0.16417378187179565,0.921999990940094,0.46939998865127563
YLR116W,YMR113W,0,0.051984854,0.16414456069469452,0.921999990940094,0.46950000524520874
YBR227C,YPL030W,0,0.051931202,0.16411533951759338,0.921999990940094,0.46959999203681946
YOR153W,YNR046W,0,0.05192948,0.16408613324165344,0.921999990940094,0.46970000863075256
YBL046W,YNL224C,0,0.05192767,0.1640569418668747,0.921999990940094,0.4697999954223633
YOL077W-A,YLR110C,0,0.05189597,0.16402775049209595,0.921999990940094,0.4699000120162964
YDR266C,YAL042W,0,0.051842943,0.1639985740184784,0.921999990940094,0.4699999988079071
YMR293C,YDR001C,0,0.051628053,0.16396941244602203,0.921999990940094,0.4700999855995178
YGR121C,YNL148C,0,0.051524207,0.16394025087356567,0.921999990940094,0.4702000021934509
YNR063W,YNL047C,0,0.051505618,0.1639111042022705,0.921999990940094,0.47029998898506165
YLR013W,YER073W,0,0.051462553,0.16388197243213654,0.921999990940094,0.47040000557899475
YNL148C,YOR077W,0,0.051441565,0.16385285556316376,0.921999990940094,0.47049999237060547
YOL088C,YJR113C,0,0.051404804,0.16382373869419098,0.921999990940094,0.4706000089645386
YBL036C,YDR322C-A,0,0.051344097,0.1637946367263794,0.921999990940094,0.4706999957561493
YDR141C,YDL201W,0,0.051323116,0.1637655347585678,0.921999990940094,0.4708000123500824
YOL016C,YNL116W,0,0.051319294,0.1637364625930786,0.921999990940094,0.4708999991416931
YDR485C,YIL073C,0,0.0512397,0.16370739042758942,0.921999990940094,0.47099998593330383
YLR174W,YHR003C,0,0.051165275,0.16367831826210022,0.921999990940094,0.47110000252723694
YLR272C,YOR312C,0,0.051140957,0.1636492758989334,0.921999990940094,0.47119998931884766
YDL020C,YPR103W,0,0.051005945,0.1636202335357666,0.921999990940094,0.47130000591278076
YMR214W,YOR197W,0,0.050973214,0.163591206073761,0.921999990940094,0.4713999927043915
YNL072W,YML062C,0,0.050926805,0.16356217861175537,0.921999990940094,0.4715000092983246
YPR075C,YNL106C,0,0.050802007,0.16353316605091095,0.921999990940094,0.4715999960899353
YNL327W,YOR197W,0,0.050458863,0.16350416839122772,0.921999990940094,0.4717000126838684
YDR385W,YLR157C-B,0,0.0503717,0.1634751707315445,0.921999990940094,0.4717999994754791
YIL103W,YDL165W,0,0.050273366,0.16344620287418365,0.921999990940094,0.47189998626708984
YDL155W,YNL003C,0,0.05023986,0.16341723501682281,0.921999990940094,0.47200000286102295
YOL130W,YPR165W,0,0.050170675,0.16338826715946198,0.921999990940094,0.47209998965263367
YDR221W,YHL022C,0,0.050170556,0.16335931420326233,0.921999990940094,0.4722000062465668
YBR103W,YBL045C,0,0.05010218,0.16333037614822388,0.921999990940094,0.4722999930381775
YGL250W,YDR489W,0,0.05007708,0.16330145299434662,0.921999990940094,0.4724000096321106
YMR079W,YBR217W,0,0.05007457,0.16327252984046936,0.921999990940094,0.4724999964237213
YNL035C,YKL092C,0,0.05006282,0.1632436215877533,0.921999990940094,0.4726000130176544
YLR369W,YKL107W,0,0.049994275,0.16321472823619843,0.921999990940094,0.47269999980926514
YOR354C,YKL184W,0,0.04988399,0.16318583488464355,0.921999990940094,0.47279998660087585
YFL024C,YPL015C,0,0.049793184,0.16315695643424988,0.921999990940094,0.47290000319480896
YKL208W,YPL275W,0,0.04978545,0.1631280928850174,0.921999990940094,0.4729999899864197
YDR084C,YDR291W,0,0.04972802,0.1630992442369461,0.921999990940094,0.4731000065803528
YHR039C,YLR070C,0,0.04962954,0.16307039558887482,0.921999990940094,0.4731999933719635
YPL045W,YOR010C,0,0.049256235,0.16304156184196472,0.921999990940094,0.4733000099658966
YLR132C,YPR056W,0,0.049215272,0.16301272809505463,0.921999990940094,0.4733999967575073
YBR239C,YMR067C,0,0.0491926,0.16298390924930573,0.921999990940094,0.47350001335144043
YML007W,YDL122W,0,0.048839256,0.16295510530471802,0.921999990940094,0.47360000014305115
YPR029C,YNL148C,0,0.048661977,0.1629263162612915,0.921999990940094,0.47369998693466187
YJL139C,YGL181W,0,0.04849472,0.162897527217865,0.921999990940094,0.47380000352859497
YCR020W-B,YOR077W,0,0.048437644,0.16286875307559967,0.921999990940094,0.4738999903202057
YDR113C,YBL004W,0,0.04840979,0.16283997893333435,0.921999990940094,0.4740000069141388
YNL257C,YGL029W,0,0.048340082,0.16281123459339142,0.921999990940094,0.4740999937057495
YIL162W,YOL049W,0,0.048213035,0.1627824902534485,0.921999990940094,0.4742000102996826
YLR376C,YMR154C,0,0.04817813,0.16275374591350555,0.921999990940094,0.47429999709129333
YBR103W,YPL265W,0,0.048118398,0.162725031375885,0.921999990940094,0.47440001368522644
YMR113W,YOR171C,0,0.048062675,0.16269631683826447,0.921999990940094,0.47450000047683716
YDL064W,YLR431C,0,0.04803574,0.16266760230064392,0.921999990940094,0.4745999872684479
YPL164C,YKR001C,0,0.047949344,0.16263891756534576,0.921999990940094,0.474700003862381
YCL045C,YDR113C,0,0.047919214,0.1626102328300476,0.921999990940094,0.4747999906539917
YDR363W,YLR066W,0,0.047813505,0.16258154809474945,0.921999990940094,0.4749000072479248
YPL032C,YDR143C,0,0.047754467,0.16255289316177368,0.921999990940094,0.4749999940395355
YDR331W,YGL153W,0,0.04775335,0.1625242382287979,0.921999990940094,0.47510001063346863
YER011W,YER026C,0,0.047729954,0.16249559819698334,0.921999990940094,0.47519999742507935
YBL036C,YER157W,0,0.047722265,0.16246695816516876,0.921999990940094,0.47530001401901245
YKL222C,YKL120W,0,0.047677256,0.16243833303451538,0.921999990940094,0.47540000081062317
YKL213C,YML022W,0,0.047659114,0.1624097228050232,0.921999990940094,0.4754999876022339
YLR410W,YBL002W,0,0.047585435,0.1623811274766922,0.921999990940094,0.475600004196167
YDR073W,YPR056W,0,0.047427937,0.1623525321483612,0.921999990940094,0.4756999909877777
YPL053C,YPL057C,0,0.047297314,0.1623239368200302,0.921999990940094,0.4758000075817108
YHR115C,YHL020C,0,0.047204487,0.1622953712940216,0.921999990940094,0.47589999437332153
YMR260C,YHR018C,0,0.04708446,0.162266805768013,0.921999990940094,0.47600001096725464
YJL137C,YDR352W,0,0.046986707,0.1622382551431656,0.921999990940094,0.47609999775886536
YIL110W,YOR303W,0,0.04693371,0.16220970451831818,0.921999990940094,0.47620001435279846
YNL072W,YHR107C,0,0.046906352,0.16218118369579315,0.921999990940094,0.4763000011444092
YPL241C,YDR484W,0,0.046854526,0.16215266287326813,0.921999990940094,0.4763999879360199
YAL032C,YHR050W,0,0.046778157,0.1621241420507431,0.921999990940094,0.476500004529953
YPL024W,YJR019C,0,0.04672438,0.16209563612937927,0.921999990940094,0.4765999913215637
YDR084C,YGL133W,0,0.046694577,0.16206714510917664,0.921999990940094,0.4767000079154968
YJR007W,YOR122C,0,0.046630196,0.1620386689901352,0.921999990940094,0.47679999470710754
YMR161W,YPL012W,0,0.04661703,0.16201019287109375,0.921999990940094,0.47690001130104065
YIL158W,YOR371C,0,0.0466076,0.1619817316532135,0.921999990940094,0.47699999809265137
YBR103W,YCR067C,0,0.046489567,0.16195327043533325,0.921999990940094,0.4771000146865845
YMR190C,YMR060C,0,0.046434805,0.1619248390197754,0.921999990940094,0.4772000014781952
YNL327W,YOL077W-A,0,0.04630886,0.16189640760421753,0.921999990940094,0.4772999882698059
YNL275W,YNL229C,0,0.04626981,0.16186797618865967,0.921999990940094,0.477400004863739
YLR077W,YDL222C,0,0.046032995,0.161839559674263,0.921999990940094,0.47749999165534973
YGR247W,YGL011C,0,0.04592772,0.16181115806102753,0.921999990940094,0.47760000824928284
YPL212C,YOR130C,0,0.045879304,0.16178277134895325,0.921999990940094,0.47769999504089355
YBR203W,YPL003W,0,0.04587844,0.16175438463687897,0.921999990940094,0.47780001163482666
YJL047C,YHR178W,0,0.04578408,0.16172601282596588,0.921999990940094,0.4778999984264374
YIL041W,YJL209W,0,0.045743376,0.161697655916214,0.921999990940094,0.4779999852180481
YKR045C,YDR484W,0,0.045662843,0.1616692990064621,0.921999990940094,0.4781000018119812
YCR042C,YPR103W,0,0.04543981,0.1616409569978714,0.921999990940094,0.4781999886035919
YLR272C,YDR043C,0,0.045189932,0.1616126149892807,0.921999990940094,0.478300005197525
YMR119W,YPL088W,0,0.045042932,0.1615843027830124,0.921999990940094,0.47839999198913574
YKL163W,YBR098W,0,0.04501684,0.16155599057674408,0.921999990940094,0.47850000858306885
YHR187W,YMR268C,0,0.044996865,0.16152767837047577,0.921999990940094,0.47859999537467957
YDR191W,YPL124W,0,0.04497546,0.16149938106536865,0.921999990940094,0.47870001196861267
YGL023C,YHR200W,0,0.0449118,0.16147109866142273,0.921999990940094,0.4787999987602234
YNL300W,YML007W,0,0.04490955,0.161442831158638,0.921999990940094,0.4788999855518341
YNL254C,YGL077C,0,0.044808134,0.16141456365585327,0.921999990940094,0.4790000021457672
YLR057W,YHR124W,0,0.044785,0.16138631105422974,0.921999990940094,0.47909998893737793
YGR152C,YOR368W,0,0.0447461,0.1613580733537674,0.921999990940094,0.47920000553131104
YOR056C,YDR017C,0,0.044733338,0.16132983565330505,0.921999990940094,0.47929999232292175
YDR073W,YBR298C,0,0.04458925,0.1613016128540039,0.921999990940094,0.47940000891685486
YOR255W,YPL228W,0,0.044580236,0.16127339005470276,0.921999990940094,0.4794999957084656
YPR140W,YGR065C,0,0.044511616,0.161245197057724,0.921999990940094,0.4796000123023987
YFR009W,YHR200W,0,0.04423204,0.16121698915958405,0.921999990940094,0.4796999990940094
YLR081W,YLR035C,0,0.044203527,0.16118881106376648,0.921999990940094,0.4797999858856201
YNR054C,YIL066C,0,0.043963857,0.1611606329679489,0.921999990940094,0.4799000024795532
YMR283C,YJL047C,0,0.04393293,0.16113246977329254,0.921999990940094,0.47999998927116394
YGR192C,YLR225C,0,0.04366231,0.16110432147979736,0.921999990940094,0.48010000586509705
YPL016W,YNL329C,0,0.04358393,0.16107617318630219,0.921999990940094,0.48019999265670776
YOL044W,YPR033C,0,0.043495864,0.1610480397939682,0.921999990940094,0.48030000925064087
YLR135W,YNL125C,0,0.0434428,0.16101990640163422,0.921999990940094,0.4803999960422516
YOR033C,YMR134W,0,0.04344268,0.16099178791046143,0.921999990940094,0.4805000126361847
YNL072W,YHR003C,0,0.04331974,0.16096368432044983,0.921999990940094,0.4805999994277954
YFL050C,YPR066W,0,0.043312177,0.16093559563159943,0.921999990940094,0.48069998621940613
YML025C,YPR016C,1,0.043257654,0.16108202934265137,0.9229999780654907,0.48069998621940613
YPR201W,YLL023C,0,0.04310453,0.16105391085147858,0.9229999780654907,0.48080000281333923
YDL066W,YLL054C,0,0.043069698,0.16102582216262817,0.9229999780654907,0.48089998960494995
YOR130C,YGL187C,0,0.043056518,0.16099773347377777,0.9229999780654907,0.48100000619888306
YJR090C,YDL226C,0,0.043047316,0.16096965968608856,0.9229999780654907,0.4810999929904938
YDL156W,YGL153W,0,0.043025643,0.16094158589839935,0.9229999780654907,0.4812000095844269
YIL065C,YML121W,0,0.042987652,0.16091352701187134,0.9229999780654907,0.4812999963760376
YGL048C,YOL008W,0,0.04285769,0.16088548302650452,0.9229999780654907,0.4814000129699707
YBL006C,YHL022C,0,0.04283671,0.1608574390411377,0.9229999780654907,0.4814999997615814
YEL060C,YER018C,0,0.042697877,0.16082940995693207,0.9229999780654907,0.48159998655319214
YDL044C,YLL052C,0,0.04262674,0.16080139577388763,0.9229999780654907,0.48170000314712524
YPR029C,YOR198C,0,0.04259325,0.1607733815908432,0.9229999780654907,0.48179998993873596
YLR226W,YHR032W,0,0.042545803,0.16074538230895996,0.9229999780654907,0.48190000653266907
YML019W,YMR231W,0,0.042543918,0.16071739792823792,0.9229999780654907,0.4819999933242798
YOR144C,YKR086W,0,0.04250759,0.16068941354751587,0.9229999780654907,0.4821000099182129
YIL127C,YJL207C,0,0.042476565,0.16066144406795502,0.9229999780654907,0.4821999967098236
YCL019W,YOR058C,0,0.042441502,0.16063348948955536,0.9229999780654907,0.4823000133037567
YCL026C-A,YPL162C,0,0.042432666,0.1606055349111557,0.9229999780654907,0.48240000009536743
YLR342W,YER048C,0,0.042375863,0.16057759523391724,0.9229999780654907,0.48249998688697815
YDR123C,YOL001W,0,0.042358458,0.16054965555667877,0.9229999780654907,0.48260000348091125
YLR136C,YGL032C,0,0.042309374,0.1605217456817627,0.9229999780654907,0.482699990272522
YDL002C,YNR026C,0,0.042286135,0.16049382090568542,0.9229999780654907,0.4828000068664551
YNL124W,YPL265W,0,0.04224886,0.16046592593193054,0.9229999780654907,0.4828999936580658
YDR394W,YPL128C,0,0.042229682,0.16043803095817566,0.9229999780654907,0.4830000102519989
YGL079W,YER160C,0,0.042140663,0.16041015088558197,0.9229999780654907,0.4830999970436096
YMR092C,YKL209C,0,0.042124912,0.16038227081298828,0.9229999780654907,0.4832000136375427
YBL045C,YNL225C,0,0.042120956,0.1603544056415558,0.9229999780654907,0.48330000042915344
YMR236W,YNL083W,0,0.042119987,0.16032655537128448,0.9229999780654907,0.48339998722076416
YPR183W,YLR376C,0,0.04208857,0.16029872000217438,0.9229999780654907,0.48350000381469727
YIL099W,YPR020W,0,0.04199738,0.16027088463306427,0.9229999780654907,0.483599990606308
YBL046W,YGL208W,0,0.04196194,0.16024304926395416,0.9229999780654907,0.4837000072002411
YLR369W,YAR066W,0,0.04192859,0.16021524369716644,0.9229999780654907,0.4837999939918518
YKL071W,YLR369W,0,0.041897662,0.16018743813037872,0.9229999780654907,0.4839000105857849
YBL067C,YHR018C,0,0.041864097,0.160159632563591,0.9229999780654907,0.48399999737739563
YDR237W,YOR205C,0,0.041854918,0.16013185679912567,0.9229999780654907,0.48410001397132874
YNL088W,YLR275W,0,0.041456982,0.16010408103466034,0.9229999780654907,0.48420000076293945
YBR280C,YGR278W,0,0.041399285,0.160076305270195,0.9229999780654907,0.48429998755455017
YIR022W,YHR094C,0,0.041376278,0.16004855930805206,0.9229999780654907,0.4844000041484833
YOL088C,YNL316C,0,0.04128889,0.16002079844474792,0.9229999780654907,0.484499990940094
YER039C,YNL014W,0,0.04126841,0.15999306738376617,0.9229999780654907,0.4846000075340271
YGR121C,YOR077W,0,0.041200243,0.15996533632278442,0.9229999780654907,0.4846999943256378
YBL040C,YJL145W,0,0.041185826,0.15993762016296387,0.9229999780654907,0.4848000109195709
YGL131C,YFL008W,0,0.040905908,0.1599099040031433,0.9229999780654907,0.48489999771118164
YDR311W,YFL002C,0,0.04085949,0.15988221764564514,0.9229999780654907,0.48500001430511475
YNR073C,YNL116W,0,0.040738866,0.15985451638698578,0.9229999780654907,0.48510000109672546
YFL008W,YNL005C,0,0.040734805,0.1598268449306488,0.9229999780654907,0.4851999878883362
YPL045W,YNL075W,0,0.040733956,0.15979917347431183,0.9229999780654907,0.4853000044822693
YLR071C,YMR170C,0,0.040712163,0.15977150201797485,0.9229999780654907,0.48539999127388
YOL058W,YPL181W,0,0.04057771,0.15974386036396027,0.9229999780654907,0.4855000078678131
YJL113W,YLR136C,0,0.040467992,0.15971621870994568,0.9229999780654907,0.48559999465942383
YDR311W,YGR065C,0,0.040422097,0.1596885770559311,0.9229999780654907,0.48570001125335693
YPL249C-A,YPL029W,0,0.040314414,0.1596609652042389,0.9229999780654907,0.48579999804496765
YGL001C,YLR320W,0,0.040110655,0.1596333384513855,0.9229999780654907,0.48590001463890076
YDL004W,YJR129C,0,0.04007364,0.1596057415008545,0.9229999780654907,0.4860000014305115
YIL066C,YPL283C,0,0.040072247,0.1595781445503235,0.9229999780654907,0.4860999882221222
YBR152W,YDR363W,0,0.040025763,0.15955056250095367,0.9229999780654907,0.4862000048160553
YLR157C-B,YLR110C,0,0.039928973,0.15952298045158386,0.9229999780654907,0.486299991607666
YNL075W,YGL145W,0,0.03987225,0.15949542820453644,0.9229999780654907,0.4864000082015991
YBR088C,YOL001W,0,0.03985937,0.15946786105632782,0.9229999780654907,0.48649999499320984
YOR329C,YIR022W,0,0.03977754,0.1594403237104416,0.9229999780654907,0.48660001158714294
YNL245C,YPL086C,0,0.039636433,0.15941278636455536,0.9229999780654907,0.48669999837875366
YGR038W,YOL058W,0,0.039529853,0.15938524901866913,0.9229999780654907,0.4867999851703644
YDR194C,YPR033C,0,0.039525375,0.15935774147510529,0.9229999780654907,0.4869000017642975
YLR132C,YKR045C,0,0.03951791,0.15933021903038025,0.9229999780654907,0.4869999885559082
YBL050W,YCR089W,0,0.039459623,0.1593027263879776,0.9229999780654907,0.4871000051498413
YML064C,YAR003W,0,0.039422736,0.15927523374557495,0.9229999780654907,0.487199991941452
YMR170C,YKR039W,0,0.039380267,0.1592477560043335,0.9229999780654907,0.48730000853538513
YPL227C,YLR136C,0,0.03936182,0.15922029316425323,0.9229999780654907,0.48739999532699585
YPL023C,YLR431C,0,0.03918551,0.15919283032417297,0.9229999780654907,0.48750001192092896
YBR073W,YLR089C,0,0.0391569,0.1591653674840927,0.9229999780654907,0.4875999987125397
YLR398C,YOL001W,0,0.038950145,0.15913793444633484,0.9229999780654907,0.4876999855041504
YJL014W,YDL122W,0,0.038876057,0.15911050140857697,0.9229999780654907,0.4878000020980835
YMR268C,YNL047C,0,0.03887461,0.1590830683708191,0.9229999780654907,0.4878999888896942
YLR106C,YGL111W,1,0.03872408,0.15922798216342926,0.9240000247955322,0.4878999888896942
YDR051C,YKL157W,0,0.038654268,0.1592005491256714,0.9240000247955322,0.4880000054836273
YGR247W,YKL221W,0,0.03855282,0.1591731309890747,0.9240000247955322,0.48809999227523804
YMR014W,YDL207W,0,0.038504034,0.15914571285247803,0.9240000247955322,0.48820000886917114
YPR061C,YLR013W,0,0.03832493,0.15911830961704254,0.9240000247955322,0.48829999566078186
YML126C,YIL105C,0,0.038240448,0.15909090638160706,0.9240000247955322,0.48840001225471497
YLR157C-B,YOL039W,0,0.03820903,0.15906351804733276,0.9240000247955322,0.4884999990463257
YKL101W,YJR137C,0,0.038116366,0.15903614461421967,0.9240000247955322,0.4885999858379364
YDR462W,YLR013W,0,0.037995398,0.15900877118110657,0.9240000247955322,0.4887000024318695
YBR253W,YPL024W,0,0.03782379,0.15898141264915466,0.9240000247955322,0.4887999892234802
YKL096W,YLR210W,0,0.037530378,0.15895406901836395,0.9240000247955322,0.48890000581741333
YGR287C,YIL082W-A,0,0.037384406,0.15892672538757324,0.9240000247955322,0.48899999260902405
YJL145W,YDR163W,0,0.037360705,0.15889939665794373,0.9240000247955322,0.48910000920295715
YER118C,YMR291W,0,0.03735411,0.1588720828294754,0.9240000247955322,0.48919999599456787
YHR039C,YJL099W,0,0.037349112,0.15884476900100708,0.9240000247955322,0.489300012588501
YPL024W,YKL208W,0,0.03725849,0.15881747007369995,0.9240000247955322,0.4893999993801117
YDR225W,YDR186C,0,0.037205935,0.15879017114639282,0.9240000247955322,0.4894999861717224
YKL008C,YPL029W,0,0.03713981,0.1587628871202469,0.9240000247955322,0.4896000027656555
YDR322C-A,YLR393W,0,0.03709933,0.15873561799526215,0.9240000247955322,0.48969998955726624
YDR191W,YFL003C,0,0.037076034,0.1587083488702774,0.9240000247955322,0.48980000615119934
YGR121C,YDL213C,0,0.03702455,0.15868109464645386,0.9240000247955322,0.48989999294281006
YBR221C,YNL241C,0,0.037022427,0.1586538404226303,0.9240000247955322,0.49000000953674316
YCR102C,YDL103C,0,0.036878183,0.15862661600112915,0.9240000247955322,0.4900999963283539
YJL116C,YOL016C,0,0.036809795,0.1585993766784668,0.9240000247955322,0.490200012922287
YBL042C,YBL097W,0,0.03678795,0.15857216715812683,0.9240000247955322,0.4902999997138977
YBR021W,YJL115W,0,0.03678295,0.15854495763778687,0.9240000247955322,0.4903999865055084
YDL212W,YPR164W,0,0.03677757,0.1585177630186081,0.9240000247955322,0.49050000309944153
YBR152W,YNL152W,0,0.036716014,0.15849056839942932,0.9240000247955322,0.49059998989105225
YCR023C,YMR260C,0,0.036672503,0.15846338868141174,0.9240000247955322,0.49070000648498535
YDL153C,YPL046C,0,0.036554083,0.15843620896339417,0.9240000247955322,0.49079999327659607
YNL169C,YJL104W,0,0.03652513,0.15840905904769897,0.9240000247955322,0.4909000098705292
YBR200W,YDL213C,0,0.03647226,0.1583818942308426,0.9240000247955322,0.4909999966621399
YLR240W,YEL042W,0,0.036453694,0.1583547592163086,0.9240000247955322,0.491100013256073
YDR322C-A,YGL079W,0,0.036446996,0.1583276242017746,0.9240000247955322,0.4912000000476837
YJR099W,YOL137W,0,0.036435828,0.1583005040884018,0.9240000247955322,0.49129998683929443
YNL264C,YIL157C,0,0.03637909,0.158273383975029,0.9240000247955322,0.49140000343322754
YKL008C,YGL254W,0,0.03634149,0.15824627876281738,0.9240000247955322,0.49149999022483826
YPL053C,YLR148W,0,0.036182605,0.15821917355060577,0.9240000247955322,0.49160000681877136
YOR190W,YHR094C,0,0.03612697,0.15819208323955536,0.9240000247955322,0.4916999936103821
YPR101W,YGR172C,0,0.03602481,0.15816500782966614,0.9240000247955322,0.4918000102043152
YCR020W-B,YLR424W,0,0.03597638,0.1581379473209381,0.9240000247955322,0.4918999969959259
YFL062W,YLR148W,0,0.035955988,0.15811088681221008,0.9240000247955322,0.492000013589859
YPL016W,YNL125C,0,0.03593629,0.15808382630348206,0.9240000247955322,0.4921000003814697
YDR346C,YHR003C,0,0.035897546,0.15805679559707642,0.9240000247955322,0.49219998717308044
YPL246C,YOR208W,0,0.03588988,0.15802976489067078,0.9240000247955322,0.49230000376701355
YHR216W,YIL131C,0,0.03588353,0.15800273418426514,0.9240000247955322,0.49239999055862427
YKL049C,YLR319C,0,0.035878927,0.1579757183790207,0.9240000247955322,0.4925000071525574
YDR073W,YIR028W,0,0.035677478,0.15794871747493744,0.9240000247955322,0.4925999939441681
YGL048C,YDR171W,0,0.03563396,0.1579217165708542,0.9240000247955322,0.4927000105381012
YGR048W,YAR003W,0,0.035571262,0.15789473056793213,0.9240000247955322,0.4927999973297119
YPL256C,YER144C,0,0.03555982,0.15786775946617126,0.9240000247955322,0.492900013923645
YDL178W,YOR140W,0,0.035546944,0.1578407883644104,0.9240000247955322,0.49300000071525574
YOR007C,YLR133W,0,0.035450075,0.15781383216381073,0.9240000247955322,0.49309998750686646
YOL113W,YKL167C,0,0.0353747,0.15778689086437225,0.9240000247955322,0.49320000410079956
YKR010C,YDL178W,0,0.035359375,0.15775994956493378,0.9240000247955322,0.4932999908924103
YGR068C,YNL087W,0,0.035356164,0.1577330082654953,0.9240000247955322,0.4934000074863434
YGL048C,YNL148C,0,0.035345264,0.1577060967683792,0.9240000247955322,0.4934999942779541
YNL321W,YJL036W,0,0.035261586,0.15767918527126312,0.9240000247955322,0.4936000108718872
YJR088C,YER001W,0,0.03515251,0.15765227377414703,0.9240000247955322,0.4936999976634979
YGR033C,YGL047W,0,0.035145998,0.15762537717819214,0.9240000247955322,0.49380001425743103
YPR018W,YFR009W,0,0.03513875,0.15759849548339844,0.9240000247955322,0.49390000104904175
YML093W,YOR336W,0,0.035124667,0.15757162868976593,0.9240000247955322,0.49399998784065247
YNL300W,YFR046C,0,0.035067245,0.15754476189613342,0.9240000247955322,0.49410000443458557
YKL163W,YCR020W-B,0,0.034914576,0.15751789510250092,0.9240000247955322,0.4941999912261963
YDL181W,YML026C,0,0.03482783,0.1574910581111908,0.9240000247955322,0.4943000078201294
YDR365W-B,YPR158W-A,0,0.034611277,0.15746420621871948,0.9240000247955322,0.4943999946117401
YIR034C,YPL283C,0,0.034576073,0.15743738412857056,0.9240000247955322,0.4945000112056732
YGL207W,YOR298C-A,0,0.034573443,0.15741056203842163,0.9240000247955322,0.49459999799728394
YMR079W,YHL020C,0,0.034552053,0.1573837548494339,0.9240000247955322,0.49470001459121704
YBL084C,YGR109C,0,0.03451383,0.15735694766044617,0.9240000247955322,0.49480000138282776
YDR020C,YDR210W-A,0,0.034510404,0.15733015537261963,0.9240000247955322,0.4948999881744385
YBR200W,YJL204C,0,0.03450243,0.15730337798595428,0.9240000247955322,0.4950000047683716
YGR038C-A,YIL044C,0,0.034366265,0.15727660059928894,0.9240000247955322,0.4950999915599823
YML066C,YOR234C,0,0.034291998,0.1572498232126236,0.9240000247955322,0.4952000081539154
YLR431C,YJR077C,0,0.034258842,0.15722307562828064,0.9240000247955322,0.4952999949455261
YOR197W,YPL079W,0,0.033903807,0.15719632804393768,0.9240000247955322,0.49540001153945923
YIL082W-A,YPL128C,0,0.033539273,0.15716958045959473,0.9240000247955322,0.49549999833106995
YDL049C,YMR167W,0,0.033461675,0.15714286267757416,0.9240000247955322,0.49559998512268066
YDR307W,YIL067C,0,0.033426434,0.1571161299943924,0.9240000247955322,0.49570000171661377
YBL016W,YDR338C,0,0.033416487,0.15708942711353302,0.9240000247955322,0.4957999885082245
YGL048C,YIL097W,0,0.033411875,0.15706272423267365,0.9240000247955322,0.4959000051021576
YFR051C,YNR075W,0,0.033381514,0.15703603625297546,0.9240000247955322,0.4959999918937683
YBR126C,YOL049W,0,0.0332219,0.15700934827327728,0.9240000247955322,0.4961000084877014
YCL019W,YEL034W,0,0.03317432,0.1569826751947403,0.9240000247955322,0.49619999527931213
YBR019C,YAL055W,0,0.033129975,0.1569560021162033,0.9240000247955322,0.49630001187324524
YMR244C-A,YPL046C,0,0.033065557,0.15692934393882751,0.9240000247955322,0.49639999866485596
YDR348C,YNL169C,0,0.033049993,0.15690270066261292,0.9240000247955322,0.4964999854564667
YDL132W,YLR398C,0,0.033037454,0.15687605738639832,0.9240000247955322,0.4966000020503998
YPL217C,YDR522C,0,0.033015057,0.1568494290113449,0.9240000247955322,0.4966999888420105
YLR398C,YBR265W,0,0.032945007,0.1568228155374527,0.9240000247955322,0.4968000054359436
YNR023W,YPR121W,0,0.03290297,0.15679620206356049,0.9240000247955322,0.4968999922275543
YMR202W,YMR323W,0,0.032895952,0.15676960349082947,0.9240000247955322,0.4970000088214874
YMR199W,YPL158C,0,0.03287667,0.15674300491809845,0.9240000247955322,0.49709999561309814
YHR104W,YHR003C,0,0.03281653,0.15671642124652863,0.9240000247955322,0.49720001220703125
YER124C,YLR003C,0,0.03280531,0.1566898375749588,0.9240000247955322,0.49729999899864197
YCR073C,YMR277W,0,0.032749638,0.15666326880455017,0.9240000247955322,0.4973999857902527
YHR134W,YAR071W,0,0.032660216,0.15663671493530273,0.9240000247955322,0.4975000023841858
YNR056C,YJR129C,0,0.032595932,0.1566101759672165,0.9240000247955322,0.4975999891757965
YDL104C,YPL181W,0,0.032551616,0.15658363699913025,0.9240000247955322,0.4977000057697296
YPL283C,YKL209C,0,0.03246116,0.156557098031044,0.9240000247955322,0.49779999256134033
YGR121C,YOR210W,0,0.03240244,0.15653057396411896,0.9240000247955322,0.49790000915527344
YCL010C,YLR355C,0,0.03236053,0.1565040647983551,0.9240000247955322,0.49799999594688416
YML110C,YGR091W,0,0.032333985,0.15647755563259125,0.9240000247955322,0.49810001254081726
YER119C,YBR008C,0,0.032244273,0.1564510613679886,0.9240000247955322,0.498199999332428
YPR164W,YIL157C,0,0.03203117,0.15642458200454712,0.9240000247955322,0.4982999861240387
YGR027W-A,YHR026W,0,0.032009788,0.15639810264110565,0.9240000247955322,0.4984000027179718
YNR012W,YPL283C,0,0.031895503,0.15637163817882538,0.9240000247955322,0.4984999895095825
YDL207W,YDR123C,0,0.0318771,0.1563451737165451,0.9240000247955322,0.4986000061035156
YKR022C,YNL035C,0,0.031874917,0.15631872415542603,0.9240000247955322,0.49869999289512634
YBR039W,YIL073C,0,0.031861648,0.15629228949546814,0.9240000247955322,0.49880000948905945
YIR033W,YPR025C,0,0.031819984,0.15626585483551025,0.9240000247955322,0.49889999628067017
YPL255W,YBR229C,0,0.03177461,0.15623943507671356,0.9240000247955322,0.49900001287460327
YGR192C,YPL275W,0,0.031749934,0.15621301531791687,0.9240000247955322,0.499099999666214
YPL088W,YBR152W,0,0.031716555,0.15618661046028137,0.9240000247955322,0.4991999864578247
YBR019C,YLR378C,0,0.0317052,0.15616022050380707,0.9240000247955322,0.4993000030517578
YDR182W,YPL181W,0,0.0316988,0.15613383054733276,0.9240000247955322,0.49939998984336853
YLR110C,YPL158C,0,0.031677395,0.15610745549201965,0.9240000247955322,0.49950000643730164
YJR099W,YCR089W,0,0.03163509,0.15608108043670654,0.9240000247955322,0.49959999322891235
YBL040C,YDR191W,0,0.031478122,0.15605472028255463,0.9240000247955322,0.49970000982284546
YJR088C,YDR186C,0,0.0314157,0.1560283750295639,0.9240000247955322,0.4997999966144562
YPL016W,YPR061C,0,0.031378493,0.15600202977657318,0.9240000247955322,0.4999000132083893
YER011W,YHR034C,0,0.031374,0.15597569942474365,0.9240000247955322,0.5
YCR068W,YER001W,0,0.031363904,0.15594936907291412,0.9240000247955322,0.5001000165939331
YBR234C,YCR097W,0,0.031250164,0.1559230536222458,0.9240000247955322,0.5001999735832214
YLR216C,YOL113W,0,0.031208048,0.15589673817157745,0.9240000247955322,0.5002999901771545
YNR023W,YIL049W,0,0.031130986,0.1558704525232315,0.9240000247955322,0.5004000067710876
YCR089W,YDL201W,0,0.031130211,0.15584415197372437,0.9240000247955322,0.5005000233650208
YPL132W,YLR157C-B,0,0.03112893,0.1558178812265396,0.9240000247955322,0.5005999803543091
YPR065W,YJR077C,0,0.031105014,0.15579161047935486,0.9240000247955322,0.5006999969482422
YPR009W,YDL239C,0,0.03110172,0.1557653397321701,0.9240000247955322,0.5008000135421753
YDL020C,YIR010W,0,0.03108638,0.15573908388614655,0.9240000247955322,0.5008999705314636
YDL193W,YER124C,0,0.031047868,0.15571284294128418,0.9240000247955322,0.5009999871253967
YBR290W,YCR020W-B,0,0.031041445,0.15568660199642181,0.9240000247955322,0.5011000037193298
YBR203W,YBR253W,0,0.03081354,0.15566037595272064,0.9240000247955322,0.5012000203132629
YGR192C,YGR186W,0,0.030732946,0.15563416481018066,0.9240000247955322,0.5012999773025513
YHR115C,YJR014W,0,0.030701758,0.15560795366764069,0.9240000247955322,0.5013999938964844
YLR336C,YAR003W,0,0.030659618,0.1555817425251007,0.9240000247955322,0.5015000104904175
YKR013W,YLR157C-B,0,0.030624025,0.15555556118488312,0.9240000247955322,0.5016000270843506
YOR005C,YPR065W,0,0.030563865,0.15552936494350433,0.9240000247955322,0.5016999840736389
YMR216C,YCR083W,0,0.030425461,0.15550319850444794,0.9240000247955322,0.501800000667572
YDR097C,YBR236C,0,0.029924454,0.15547703206539154,0.9240000247955322,0.5019000172615051
YIL105C,YOR197W,0,0.02983323,0.15545088052749634,0.9240000247955322,0.5019999742507935
YGR203W,YBL002W,0,0.029696899,0.15542472898960114,0.9240000247955322,0.5020999908447266
YGL134W,YOR077W,0,0.029590392,0.15539859235286713,0.9240000247955322,0.5022000074386597
YOR255W,YJR129C,0,0.029571356,0.15537245571613312,0.9240000247955322,0.5023000240325928
YLR297W,YDR163W,0,0.029469566,0.1553463339805603,0.9240000247955322,0.5023999810218811
YNL047C,YPL008W,0,0.029406799,0.15532022714614868,0.9240000247955322,0.5024999976158142
YOR229W,YDR085C,0,0.029361377,0.15529412031173706,0.9240000247955322,0.5026000142097473
YDR485C,YOR360C,0,0.02921577,0.15526802837848663,0.9240000247955322,0.5026999711990356
YGR038C-A,YGL055W,0,0.02920599,0.1552419364452362,0.9240000247955322,0.5027999877929688
YBL102W,YFL031W,0,0.029155897,0.15521585941314697,0.9240000247955322,0.5029000043869019
YLR272C,YGR038C-B,0,0.029150935,0.15518978238105774,0.9240000247955322,0.503000020980835
YBL040C,YJR077C,0,0.029056044,0.1551637351512909,0.9240000247955322,0.5030999779701233
YEL004W,YLR449W,0,0.029054897,0.15513767302036285,0.9240000247955322,0.5031999945640564
YPL008W,YJL020C,0,0.028993102,0.1551116406917572,0.9240000247955322,0.5033000111579895
YHR123W,YBR201W,0,0.02899179,0.15508559346199036,0.9240000247955322,0.5034000277519226
YMR277W,YOL148C,0,0.028977165,0.1550595760345459,0.9240000247955322,0.5034999847412109
YDR027C,YPR065W,0,0.028956378,0.15503355860710144,0.9240000247955322,0.503600001335144
YDR099W,YKL092C,0,0.028624939,0.15500755608081818,0.9240000247955322,0.5037000179290771
YGR023W,YLR133W,0,0.028588029,0.1549815535545349,0.9240000247955322,0.5037999749183655
YHR026W,YMR029C,0,0.028432893,0.15495556592941284,0.9240000247955322,0.5038999915122986
YMR134W,YPR165W,0,0.028394984,0.15492957830429077,0.9240000247955322,0.5040000081062317
YPL246C,YNR063W,0,0.028394433,0.1549036055803299,0.9240000247955322,0.5041000247001648
YNL275W,YOR003W,0,0.028326282,0.15487763285636902,0.9240000247955322,0.5041999816894531
YJR099W,YKR039W,0,0.028081866,0.15485168993473053,0.9240000247955322,0.5042999982833862
YDR051C,YPL162C,0,0.028065795,0.15482573211193085,0.9240000247955322,0.5044000148773193
YOR256C,YNL177C,0,0.028056065,0.15479980409145355,0.9240000247955322,0.5044999718666077
YOR150W,YNL163C,1,0.028052332,0.1549413800239563,0.925000011920929,0.5044999718666077
YLR298C,YDL103C,0,0.027982326,0.15491542220115662,0.925000011920929,0.5045999884605408
YGL099W,YJR152W,0,0.027936982,0.15488947927951813,0.925000011920929,0.5047000050544739
YAR014C,YDR210W-A,0,0.027934963,0.15486355125904083,0.925000011920929,0.504800021648407
YNL299W,YBL005W-A,0,0.027881267,0.15483762323856354,0.925000011920929,0.5048999786376953
YKL025C,YIR013C,0,0.027690733,0.15481171011924744,0.925000011920929,0.5049999952316284
YHL009C,YOR245C,0,0.027639212,0.15478581190109253,0.925000011920929,0.5051000118255615
YGR125W,YOR231W,0,0.027606757,0.15475991368293762,0.925000011920929,0.5052000284194946
YPR101W,YPL046C,0,0.027500765,0.1547340303659439,0.925000011920929,0.505299985408783
YLR276C,YGR220C,1,0.027487265,0.15487539768218994,0.9259999990463257,0.505299985408783
YIL066C,YPL192C,0,0.02735524,0.15484949946403503,0.9259999990463257,0.5054000020027161
YNL139C,YPL118W,0,0.027296694,0.15482360124588013,0.9259999990463257,0.5055000185966492
YJR090C,YOR133W,0,0.027295431,0.1547977328300476,0.9259999990463257,0.5055999755859375
YPL242C,YNL106C,0,0.027262436,0.1547718495130539,0.9259999990463257,0.5056999921798706
YML075C,YFL002C,0,0.02719969,0.15474599599838257,0.9259999990463257,0.5058000087738037
YIL105C,YMR024W,0,0.027171055,0.15472012758255005,0.9259999990463257,0.5059000253677368
YML019W,YBL097W,0,0.027161734,0.15469428896903992,0.9259999990463257,0.5059999823570251
YDR113C,YJR088C,0,0.027035968,0.15466845035552979,0.9259999990463257,0.5060999989509583
YER124C,YPL255W,0,0.026859881,0.15464261174201965,0.9259999990463257,0.5062000155448914
YDR162C,YMR280C,0,0.026848698,0.1546168029308319,0.9259999990463257,0.5062999725341797
YBR280C,YGR215W,0,0.026753398,0.15459097921848297,0.9259999990463257,0.5063999891281128
YHR003C,YNL275W,0,0.026659617,0.15456518530845642,0.9259999990463257,0.5065000057220459
YLR340W,YOR360C,0,0.02640153,0.15453939139842987,0.9259999990463257,0.506600022315979
YMR011W,YEL071W,0,0.026390323,0.15451359748840332,0.9259999990463257,0.5066999793052673
YBR290W,YGL201C,0,0.026340516,0.15448781847953796,0.9259999990463257,0.5067999958992004
YNL299W,YBR004C,0,0.02617138,0.1544620543718338,0.9259999990463257,0.5069000124931335
YBL040C,YIL017C,0,0.026140729,0.15443629026412964,0.9259999990463257,0.5070000290870667
YDL004W,YJR159W,0,0.026140662,0.15441054105758667,0.9259999990463257,0.507099986076355
YGL023C,YNL229C,0,0.02611127,0.1543847918510437,0.9259999990463257,0.5072000026702881
YGR152C,YGL153W,0,0.026093187,0.15435905754566193,0.9259999990463257,0.5073000192642212
YLR135W,YMR113W,0,0.02603647,0.15433333814144135,0.9259999990463257,0.5073999762535095
YOR255W,YJL115W,0,0.026016789,0.15430761873722076,0.9259999990463257,0.5074999928474426
YCR017C,YEL077C,0,0.025953518,0.15428189933300018,0.9259999990463257,0.5076000094413757
YDR346C,YCR071C,0,0.025864901,0.154256209731102,0.9259999990463257,0.5077000260353088
YBL040C,YML123C,0,0.025834622,0.1542305201292038,0.9259999990463257,0.5077999830245972
YOR197W,YPR004C,0,0.025740819,0.1542048305273056,0.9259999990463257,0.5078999996185303
YMR170C,YMR216C,0,0.025714042,0.1541791558265686,0.9259999990463257,0.5080000162124634
YGL022W,YBR201W,0,0.025608944,0.1541534811258316,0.9259999990463257,0.5080999732017517
YPL060C-A,YJL093C,0,0.02546879,0.154127836227417,0.9259999990463257,0.5081999897956848
YCR042C,YBL066C,0,0.025452064,0.1541021764278412,0.9259999990463257,0.5083000063896179
YDR202C,YPR124W,0,0.02531314,0.15407654643058777,0.9259999990463257,0.508400022983551
YMR135C,YKR042W,0,0.025306972,0.15405090153217316,0.9259999990463257,0.5084999799728394
YOR077W,YOR205C,0,0.02524611,0.15402528643608093,0.9259999990463257,0.5085999965667725
YBL099W,YER004W,0,0.02514151,0.1539996713399887,0.9259999990463257,0.5087000131607056
YGR087C,YGL065C,0,0.025117056,0.15397405624389648,0.9259999990463257,0.5088000297546387
YDR147W,YPL088W,0,0.025070237,0.15394845604896545,0.9259999990463257,0.508899986743927
YEL046C,YPR066W,0,0.025061594,0.15392287075519562,0.9259999990463257,0.5090000033378601
YML022W,YBL100W-A,0,0.0250415,0.15389728546142578,0.9259999990463257,0.5091000199317932
YDR365W-B,YOL039W,0,0.024878385,0.15387171506881714,0.9259999990463257,0.5091999769210815
YCR097W,YLL042C,0,0.024781926,0.1538461595773697,0.9259999990463257,0.5092999935150146
YBL045C,YOL021C,0,0.024731519,0.15382060408592224,0.9259999990463257,0.5094000101089478
YDL178W,YDL174C,0,0.024606196,0.1537950485944748,0.9259999990463257,0.5095000267028809
YAR066W,YDL156W,0,0.0244913,0.15376950800418854,0.9259999990463257,0.5095999836921692
YNL030W,YCR003W,0,0.024401756,0.15374398231506348,0.9259999990463257,0.5097000002861023
YMR161W,YCR097W,0,0.024375858,0.15371845662593842,0.9259999990463257,0.5098000168800354
YPR004C,YIL168W,0,0.024322556,0.15369294583797455,0.9259999990463257,0.5098999738693237
YKR010C,YJR019C,0,0.024120191,0.15366743505001068,0.9259999990463257,0.5099999904632568
YFL016C,YHR166C,0,0.024111198,0.153641939163208,0.9259999990463257,0.5101000070571899
YIR010W,YNL279W,0,0.024091939,0.15361645817756653,0.9259999990463257,0.510200023651123
YJR056C,YHR121W,0,0.023945587,0.15359097719192505,0.9259999990463257,0.5102999806404114
YJR091C,YOR122C,0,0.0239141,0.15356551110744476,0.9259999990463257,0.5103999972343445
YGR038C-A,YPR158W-A,0,0.023858907,0.15354004502296448,0.9259999990463257,0.5105000138282776
YPL246C,YOR336W,0,0.02372283,0.15351459383964539,0.9259999990463257,0.5105999708175659
YKR022C,YPR065W,0,0.023697319,0.1534891426563263,0.9259999990463257,0.510699987411499
YDL005C,YLR148W,0,0.02366914,0.1534637063741684,0.9259999990463257,0.5108000040054321
YJR137C,YOR344C,0,0.023438083,0.1534382700920105,0.9259999990463257,0.5109000205993652
YOL110W,YPL227C,0,0.023434157,0.153412863612175,0.9259999990463257,0.5109999775886536
YGL020C,YJR002W,0,0.023359852,0.15338744223117828,0.9259999990463257,0.5110999941825867
YGR278W,YFL008W,0,0.023337813,0.15336203575134277,0.9259999990463257,0.5112000107765198
YLR342W,YLL032C,0,0.023123393,0.15333664417266846,0.9259999990463257,0.5113000273704529
YOR214C,YPL005W,0,0.023047255,0.15331125259399414,0.9259999990463257,0.5113999843597412
YKR067W,YDL058W,0,0.022960233,0.15328587591648102,0.9259999990463257,0.5115000009536743
YDL193W,YOR295W,0,0.022869142,0.1532605141401291,0.9259999990463257,0.5116000175476074
YGR096W,YLR081W,0,0.022834832,0.15323515236377716,0.9259999990463257,0.5116999745368958
YJR086W,YBR136W,0,0.022785598,0.15320979058742523,0.9259999990463257,0.5117999911308289
YER039C,YDL188C,0,0.022778848,0.1531844437122345,0.9259999990463257,0.511900007724762
YGL125W,YJL115W,0,0.022670293,0.15315911173820496,0.9259999990463257,0.5120000243186951
YLR013W,YPL212C,0,0.022394227,0.15313377976417542,0.9259999990463257,0.5120999813079834
YLR210W,YLR136C,0,0.022364704,0.15310846269130707,0.9259999990463257,0.5121999979019165
YEL077C,YMR199W,0,0.022346804,0.15308316051959991,0.9259999990463257,0.5123000144958496
YIL099W,YCR083W,0,0.022260094,0.15305785834789276,0.9259999990463257,0.5123999714851379
YBL040C,YLR081W,0,0.022221247,0.1530325561761856,0.9259999990463257,0.512499988079071
YGL160W,YPR065W,0,0.022164972,0.15300726890563965,0.9259999990463257,0.5126000046730042
YNL082W,YOR298C-A,0,0.022052797,0.15298199653625488,0.9259999990463257,0.5127000212669373
YMR260C,YAL009W,0,0.022043476,0.15295672416687012,0.9259999990463257,0.5127999782562256
YHR034C,YDR210W-A,0,0.02192661,0.15293146669864655,0.9259999990463257,0.5128999948501587
YPR158W-A,YKL092C,0,0.02191148,0.15290620923042297,0.9259999990463257,0.5130000114440918
YLR310C,YPR165W,0,0.021865835,0.1528809666633606,0.9259999990463257,0.5131000280380249
YGR227W,YHR123W,0,0.021828944,0.15285572409629822,0.9259999990463257,0.5131999850273132
YBR199W,YGR092W,0,0.021812798,0.15283049643039703,0.9259999990463257,0.5133000016212463
YPL152W,YNL312W,0,0.021723809,0.15280528366565704,0.9259999990463257,0.5134000182151794
YNR039C,YML014W,0,0.021590548,0.15278007090091705,0.9259999990463257,0.5134999752044678
YLR378C,YBR044C,0,0.021556461,0.15275487303733826,0.9259999990463257,0.5135999917984009
YIR035C,YGL257C,0,0.021531137,0.15272967517375946,0.9259999990463257,0.513700008392334
YDL126C,YBL097W,0,0.021425212,0.15270449221134186,0.9259999990463257,0.5138000249862671
YNL329C,YOR028C,0,0.021325098,0.15267930924892426,0.9259999990463257,0.5138999819755554
YPR020W,YLR355C,0,0.021274375,0.15265414118766785,0.9259999990463257,0.5139999985694885
YLR013W,YBL002W,0,0.021230431,0.15262897312641144,0.9259999990463257,0.5141000151634216
YOR010C,YKR042W,0,0.021119418,0.15260381996631622,0.9259999990463257,0.51419997215271
YOL017W,YBR019C,0,0.02109244,0.1525786817073822,0.9259999990463257,0.5142999887466431
YMR216C,YKL211C,0,0.021078387,0.15255354344844818,0.9259999990463257,0.5144000053405762
YCL010C,YPL266W,0,0.021045359,0.15252842009067535,0.9259999990463257,0.5145000219345093
YOR115C,YDR450W,0,0.020993797,0.15250329673290253,0.9259999990463257,0.5145999789237976
YPR082C,YGR041W,0,0.02097653,0.1524781882762909,0.9259999990463257,0.5146999955177307
YMR021C,YBR070C,0,0.02090964,0.15245307981967926,0.9259999990463257,0.5148000121116638
YLR081W,YLL032C,0,0.020863028,0.15242798626422882,0.9259999990463257,0.5149000287055969
YGR161C-C,YGL008C,0,0.020732334,0.15240289270877838,0.9259999990463257,0.5149999856948853
YBL006C,YDR210W-A,0,0.020596491,0.15237781405448914,0.9259999990463257,0.5151000022888184
YIL122W,YDL236W,0,0.020540582,0.15235275030136108,0.9259999990463257,0.5152000188827515
YMR277W,YKL184W,0,0.02046624,0.15232768654823303,0.9259999990463257,0.5152999758720398
YLR408C,YFR009W,0,0.02030182,0.15230263769626617,0.9259999990463257,0.5153999924659729
YMR106C,YDR210W-A,0,0.020281395,0.15227758884429932,0.9259999990463257,0.515500009059906
YDL005C,YKR025W,0,0.020239482,0.15225255489349365,0.9259999990463257,0.5156000256538391
YLR205C,YER035W,0,0.020224066,0.152227520942688,0.9259999990463257,0.5156999826431274
YDR180W,YBR104W,0,0.020222155,0.15220250189304352,0.9259999990463257,0.5157999992370605
YGR109C,YNL106C,0,0.019977944,0.15217748284339905,0.9259999990463257,0.5159000158309937
YKL084W,YDL213C,0,0.019965673,0.15215247869491577,0.9259999990463257,0.515999972820282
YDR210W-A,YPL118W,0,0.019874066,0.1521274894475937,0.9259999990463257,0.5160999894142151
YMR244C-A,YPL008W,0,0.019856932,0.1521025002002716,0.9259999990463257,0.5162000060081482
YAR066W,YNL272C,0,0.019800225,0.15207751095294952,0.9259999990463257,0.5163000226020813
YPL088W,YBR098W,0,0.01977891,0.15205255150794983,0.9259999990463257,0.5163999795913696
YPL152W,YBL046W,0,0.01974188,0.15202757716178894,0.9259999990463257,0.5164999961853027
YBR084C-A,YPL060C-A,0,0.019675048,0.15200263261795044,0.9259999990463257,0.5166000127792358
YPR075C,YEL077C,0,0.019603299,0.15197767317295074,0.9259999990463257,0.516700029373169
YHL007C,YDR034C-D,0,0.019583518,0.15195274353027344,0.9259999990463257,0.5167999863624573
YGL131C,YIR008C,0,0.01945019,0.15192781388759613,0.9259999990463257,0.5169000029563904
YMR283C,YDR293C,0,0.019331606,0.15190288424491882,0.9259999990463257,0.5170000195503235
YOR007C,YHL013C,0,0.019330563,0.1518779695034027,0.9259999990463257,0.5170999765396118
YJL151C,YFR051C,0,0.019309046,0.1518530696630478,0.9259999990463257,0.5171999931335449
YOL097C,YJL091C,0,0.01930696,0.15182816982269287,0.9259999990463257,0.517300009727478
YNR073C,YDL201W,0,0.019240456,0.15180328488349915,0.9259999990463257,0.5174000263214111
YML025C,YGR092W,0,0.019219609,0.15177839994430542,0.9259999990463257,0.5174999833106995
YKL160W,YBR229C,0,0.019110026,0.1517535299062729,0.9259999990463257,0.5175999999046326
YDR314C,YOL077W-A,0,0.018943654,0.15172865986824036,0.9259999990463257,0.5177000164985657
YPR082C,YMR060C,0,0.018905016,0.15170380473136902,0.9259999990463257,0.517799973487854
YMR190C,YKR046C,0,0.018841611,0.15167894959449768,0.9259999990463257,0.5178999900817871
YNL053W,YKL139W,0,0.018826636,0.15165410935878754,0.9259999990463257,0.5180000066757202
YPR107C,YPL162C,0,0.018642725,0.1516292840242386,0.9259999990463257,0.5181000232696533
YKR010C,YDL188C,0,0.018606463,0.15160445868968964,0.9259999990463257,0.5181999802589417
YLR077W,YER042W,0,0.018587047,0.15157963335514069,0.9259999990463257,0.5182999968528748
YNL083W,YPL037C,0,0.018564614,0.15155482292175293,0.9259999990463257,0.5184000134468079
YOL039W,YKL220C,0,0.018525073,0.15153002738952637,0.9259999990463257,0.5184999704360962
YOL115W,YGL175C,0,0.018506432,0.1515052318572998,0.9259999990463257,0.5185999870300293
YHR203C,YDR489W,0,0.018489176,0.15148045122623444,0.9259999990463257,0.5187000036239624
YKL107W,YBL067C,0,0.018455515,0.15145567059516907,0.9259999990463257,0.5188000202178955
YEL034W,YGR284C,0,0.018383393,0.1514309048652649,0.9259999990463257,0.5188999772071838
YNR023W,YPL060C-A,0,0.018360129,0.1514061540365219,0.9259999990463257,0.5189999938011169
YDR365W-B,YJL138C,0,0.018302614,0.15138140320777893,0.9259999990463257,0.51910001039505
YDR016C,YDR409W,0,0.018213058,0.15135665237903595,0.9259999990463257,0.5192000269889832
YGR186W,YAR066W,0,0.018143022,0.15133191645145416,0.9259999990463257,0.5192999839782715
YBR103W,YDL004W,0,0.018036904,0.15130719542503357,0.9259999990463257,0.5194000005722046
YOR190W,YJL020C,0,0.017922932,0.15128247439861298,0.9259999990463257,0.5195000171661377
YPR029C,YGR161C-C,0,0.01775154,0.15125775337219238,0.9259999990463257,0.519599974155426
YOR035C,YCR033W,0,0.017612206,0.15123306214809418,0.9259999990463257,0.5196999907493591
YOR190W,YGL086W,0,0.017597856,0.15120835602283478,0.9259999990463257,0.5198000073432922
YLR157C-A,YGR186W,0,0.01759548,0.15118367969989777,0.9259999990463257,0.5199000239372253
YLR274W,YHR003C,0,0.01756259,0.15115898847579956,0.9259999990463257,0.5199999809265137
YBL099W,YIL158W,0,0.017552651,0.15113432705402374,0.9259999990463257,0.5200999975204468
YGR038C-B,YGR091W,0,0.017515229,0.15110966563224792,0.9259999990463257,0.5202000141143799
YGR033C,YNL093W,0,0.01750681,0.1510850042104721,0.9259999990463257,0.5202999711036682
YMR011W,YNL083W,0,0.017502757,0.15106035768985748,0.9259999990463257,0.5203999876976013
YKL035W,YOL068C,0,0.017395144,0.15103572607040405,0.9259999990463257,0.5205000042915344
YBR186W,YLR089C,0,0.017336207,0.15101109445095062,0.9259999990463257,0.5206000208854675
YIL085C,YDR477W,0,0.01727719,0.1509864628314972,0.9259999990463257,0.5206999778747559
YNL321W,YDL214C,0,0.01720489,0.15096184611320496,0.9259999990463257,0.520799994468689
YEL011W,YGL054C,0,0.017141292,0.1509372442960739,0.9259999990463257,0.5209000110626221
YKL213C,YMR231W,0,0.017021978,0.15091264247894287,0.9259999990463257,0.5210000276565552
YOL128C,YNL035C,0,0.017000081,0.15088805556297302,0.9259999990463257,0.5210999846458435
YNL321W,YDR352W,0,0.016967217,0.15086346864700317,0.9259999990463257,0.5212000012397766
YGR192C,YOL006C,0,0.016948933,0.15083889663219452,0.9259999990463257,0.5213000178337097
YNL072W,YCR020W-B,0,0.016902516,0.15081433951854706,0.9259999990463257,0.521399974822998
YHL022C,YMR164C,0,0.016778888,0.1507897675037384,0.9259999990463257,0.5214999914169312
YNL021W,YHR026W,0,0.016685741,0.15076522529125214,0.9259999990463257,0.5216000080108643
YDL002C,YOR367W,0,0.016664745,0.15074068307876587,0.9259999990463257,0.5217000246047974
YGR148C,YHL009W-A,0,0.016581925,0.1507161408662796,0.9259999990463257,0.5217999815940857
YPL066W,YNR075W,0,0.016530337,0.15069161355495453,0.9259999990463257,0.5218999981880188
YMR268C,YLL028W,0,0.016507203,0.15066710114479065,0.9259999990463257,0.5220000147819519
YPL045W,YER006W,0,0.016458945,0.15064258873462677,0.9259999990463257,0.5220999717712402
YAL005C,YNL152W,0,0.016427757,0.15061809122562408,0.9259999990463257,0.5221999883651733
YOR354C,YPR033C,0,0.016409593,0.1505935937166214,0.9259999990463257,0.5223000049591064
YDL212W,YLR240W,0,0.016253905,0.1505691111087799,0.9259999990463257,0.5224000215530396
YOR329C,YPL046C,0,0.0161827,0.15054462850093842,0.9259999990463257,0.5224999785423279
YPL164C,YBR253W,0,0.016112441,0.15052016079425812,0.9259999990463257,0.522599995136261
YIL085C,YCR102C,0,0.016089203,0.15049569308757782,0.9259999990463257,0.5227000117301941
YFL024C,YKL220C,0,0.016088607,0.15047124028205872,0.9259999990463257,0.5228000283241272
YFR051C,YOR210W,0,0.016054483,0.1504467874765396,0.9259999990463257,0.5228999853134155
YDL178W,YGL156W,0,0.016005741,0.1504223495721817,0.9259999990463257,0.5230000019073486
YMR202W,YNL252C,0,0.015787782,0.15039792656898499,0.9259999990463257,0.5231000185012817
YPR107C,YJR093C,0,0.01578177,0.15037350356578827,0.9259999990463257,0.5231999754905701
YMR047C,YPL086C,0,0.015664348,0.15034908056259155,0.9259999990463257,0.5232999920845032
YGR108W,YMR044W,0,0.015655296,0.15032467246055603,0.9259999990463257,0.5234000086784363
YGR186W,YJR014W,0,0.015620435,0.1503002792596817,0.9259999990463257,0.5235000252723694
YKR022C,YNL279W,0,0.015552813,0.15027588605880737,0.9259999990463257,0.5235999822616577
YPR158W-A,YPR112C,0,0.015358565,0.15025150775909424,0.9259999990463257,0.5236999988555908
YHR018C,YGL044C,0,0.015265839,0.1502271294593811,0.9259999990463257,0.5238000154495239
YOR178C,YDR163W,0,0.015188472,0.15020275115966797,0.9259999990463257,0.5238999724388123
YGR161C-C,YKL148C,0,0.015150243,0.15017840266227722,0.9259999990463257,0.5239999890327454
YGL207W,YML010W,0,0.015078159,0.15015403926372528,0.9259999990463257,0.5241000056266785
YHR187W,YDR194C,0,0.015054019,0.15012970566749573,0.9259999990463257,0.5242000222206116
YIL117C,YKR080W,0,0.015020104,0.15010537207126617,0.9259999990463257,0.5242999792098999
YCL033C,YGL013C,0,0.015005162,0.15008103847503662,0.9259999990463257,0.524399995803833
YOR149C,YJL203W,0,0.014960455,0.15005671977996826,0.9259999990463257,0.5245000123977661
YOL013C,YER042W,0,0.014960023,0.1500324010848999,0.9259999990463257,0.5246000289916992
YDR322C-A,YBR136W,0,0.014942968,0.15000809729099274,0.9259999990463257,0.5246999859809875
YBR179C,YIL110W,0,0.0149070565,0.14998380839824677,0.9259999990463257,0.5248000025749207
YER146W,YNL299W,0,0.014845492,0.1499595195055008,0.9259999990463257,0.5249000191688538
YKR022C,YGL011C,0,0.014792578,0.14993523061275482,0.9259999990463257,0.5249999761581421
YGR140W,YML001W,0,0.0146306325,0.14991095662117004,0.9259999990463257,0.5250999927520752
YBR088C,YNL003C,0,0.014618041,0.14988669753074646,0.9259999990463257,0.5252000093460083
YFL009W,YJR064W,0,0.014591472,0.14986243844032288,0.9259999990463257,0.5253000259399414
YHR216W,YPR185W,0,0.014557334,0.14983819425106049,0.9259999990463257,0.5253999829292297
YDR214W,YIL129C,0,0.01448329,0.1498139500617981,0.9259999990463257,0.5254999995231628
YMR323W,YIL017C,0,0.01445047,0.1497897058725357,0.9259999990463257,0.525600016117096
YBL016W,YDL147W,0,0.014411399,0.1497654914855957,0.9259999990463257,0.5256999731063843
YBR302C,YFL053W,0,0.014305247,0.1497412621974945,0.9259999990463257,0.5257999897003174
YCR024C-A,YKR086W,0,0.014295248,0.1497170627117157,0.9259999990463257,0.5259000062942505
YDR162C,YDL058W,0,0.014288934,0.1496928483247757,0.9259999990463257,0.5260000228881836
YJL123C,YML118W,0,0.014197351,0.14966866374015808,0.9259999990463257,0.5260999798774719
YFL050C,YAL047C,0,0.014072487,0.14964447915554047,0.9259999990463257,0.526199996471405
YDR191W,YGR249W,0,0.014041865,0.14962029457092285,0.9259999990463257,0.5263000130653381
YDL079C,YJL093C,0,0.014016086,0.14959612488746643,0.9259999990463257,0.5264000296592712
YGR013W,YML065W,0,0.014006468,0.14957195520401,0.9259999990463257,0.5264999866485596
YOR173W,YOR255W,0,0.013859617,0.14954780042171478,0.9259999990463257,0.5266000032424927
YDR365W-B,YHR196W,0,0.013844756,0.14952366054058075,0.9259999990463257,0.5267000198364258
YBR235W,YPR201W,0,0.013716016,0.14949952065944672,0.9259999990463257,0.5267999768257141
YFR046C,YBL100W-A,0,0.013622153,0.14947538077831268,0.9259999990463257,0.5268999934196472
YBR216C,YPL055C,0,0.013542617,0.14945125579833984,0.9259999990463257,0.5270000100135803
YGR038C-A,YBR139W,0,0.013478043,0.1494271457195282,0.9259999990463257,0.5271000266075134
YGR087C,YPR112C,0,0.01343024,0.14940303564071655,0.9259999990463257,0.5271999835968018
YMR011W,YPR066W,0,0.01341573,0.1493789255619049,0.9259999990463257,0.5273000001907349
YBL040C,YLR256W,0,0.013403045,0.14935484528541565,0.9259999990463257,0.527400016784668
YBR126C,YEL071W,0,0.0133786965,0.1493307501077652,0.9259999990463257,0.5274999737739563
YIL065C,YGL179C,0,0.013236182,0.14930666983127594,0.9259999990463257,0.5275999903678894
YPL190C,YHL009W-A,0,0.013157796,0.14928260445594788,0.9259999990463257,0.5277000069618225
YPL060C-A,YNL035C,0,0.013029331,0.1492585390806198,0.9259999990463257,0.5278000235557556
YBR103W,YFL002C,0,0.012923466,0.14923448860645294,0.9259999990463257,0.527899980545044
YDR365W-B,YOR284W,0,0.012909142,0.14921043813228607,0.9259999990463257,0.527999997138977
YHR121W,YGL125W,0,0.012884038,0.1491864025592804,0.9259999990463257,0.5281000137329102
YHR188C,YDR119W,0,0.012868362,0.14916236698627472,0.9259999990463257,0.5281999707221985
YGR121C,YDR206W,0,0.012859931,0.14913834631443024,0.9259999990463257,0.5282999873161316
YOR202W,YOR255W,0,0.0127584655,0.14911432564258575,0.9259999990463257,0.5284000039100647
YLR262C,YBL002W,0,0.012741277,0.14909031987190247,0.9259999990463257,0.5285000205039978
YBL042C,YLR144C,0,0.012731964,0.14906632900238037,0.9259999990463257,0.5285999774932861
YMR291W,YMR309C,0,0.012726935,0.14904232323169708,0.9259999990463257,0.5286999940872192
YGL234W,YNL225C,0,0.012671383,0.14901834726333618,0.9259999990463257,0.5288000106811523
YDR006C,YBR057C,0,0.012560429,0.14899437129497528,0.9259999990463257,0.5289000272750854
YGL029W,YMR231W,0,0.012540968,0.14897039532661438,0.9259999990463257,0.5289999842643738
YFL034C-B,YGR087C,0,0.012371214,0.14894643425941467,0.9259999990463257,0.5291000008583069
YGL234W,YOR122C,0,0.0123034585,0.14892248809337616,0.9259999990463257,0.52920001745224
YKL027W,YOR088W,0,0.012272192,0.14889854192733765,0.9259999990463257,0.5292999744415283
YNL225C,YCR070W,0,0.012244681,0.14887459576129913,0.9259999990463257,0.5293999910354614
YDR432W,YML033W,0,0.012240245,0.14885066449642181,0.9259999990463257,0.5295000076293945
YLR166C,YLR110C,0,0.012206914,0.1488267481327057,0.9259999990463257,0.5296000242233276
YDR365W-B,YIR035C,0,0.012143841,0.14880283176898956,0.9259999990463257,0.529699981212616
YHR216W,YDR261C-C,0,0.012134863,0.14877891540527344,0.9259999990463257,0.5297999978065491
YPL032C,YPR124W,0,0.011995504,0.1487550139427185,0.9259999990463257,0.5299000144004822
YHR124W,YCR070W,0,0.01198625,0.14873112738132477,0.9259999990463257,0.5299999713897705
YML033W,YDR156W,0,0.011973603,0.14870724081993103,0.9259999990463257,0.5300999879837036
YDR446W,YPR033C,0,0.011880489,0.1486833691596985,0.9259999990463257,0.5302000045776367
YKL193C,YLR341W,0,0.011832932,0.14865949749946594,0.9259999990463257,0.5303000211715698
YGL255W,YNL116W,0,0.01175517,0.1486356407403946,0.9259999990463257,0.5303999781608582
YFL016C,YGL166W,0,0.01171927,0.14861178398132324,0.9259999990463257,0.5304999947547913
YBR229C,YER058W,0,0.011698278,0.1485879272222519,0.9259999990463257,0.5306000113487244
YML038C,YLR022C,0,0.011660473,0.14856410026550293,0.9259999990463257,0.5307000279426575
YJR044C,YHR166C,0,0.01152339,0.14854025840759277,0.9259999990463257,0.5307999849319458
YJL018W,YDR354W,0,0.011499096,0.148516446352005,0.9259999990463257,0.5309000015258789
YNR036C,YPL005W,0,0.011309328,0.14849261939525604,0.9259999990463257,0.531000018119812
YMR106C,YGR038C-B,0,0.011304939,0.14846882224082947,0.9259999990463257,0.5310999751091003
YJL177W,YKL208W,0,0.01127732,0.1484450101852417,0.9259999990463257,0.5311999917030334
YBR253W,YLR071C,0,0.011222275,0.14842122793197632,0.9259999990463257,0.5313000082969666
YNL053W,YEL004W,0,0.011221493,0.14839743077754974,0.9259999990463257,0.5314000248908997
YHR034C,YOL148C,0,0.011168228,0.14837366342544556,0.9259999990463257,0.531499981880188
YKL213C,YHR183W,0,0.011080967,0.14834988117218018,0.9259999990463257,0.5315999984741211
YJL018W,YGR280C,0,0.011040372,0.14832612872123718,0.9259999990463257,0.5317000150680542
YGR275W,YCR070W,0,0.01090848,0.1483023762702942,0.9259999990463257,0.5317999720573425
YLR013W,YCL038C,0,0.010883482,0.1482786238193512,0.9259999990463257,0.5318999886512756
YLR307W,YNL326C,0,0.010883147,0.1482548862695694,0.9259999990463257,0.5320000052452087
YLR157C-A,YGL145W,0,0.010879522,0.1482311487197876,0.9259999990463257,0.5321000218391418
YJL076W,YHR043C,0,0.010825949,0.148207426071167,0.9259999990463257,0.5321999788284302
YGL017W,YER065C,0,0.010755362,0.1481837034225464,0.9259999990463257,0.5322999954223633
YGR109C,YKL084W,0,0.0107412655,0.14815999567508698,0.9259999990463257,0.5324000120162964
YDL004W,YPL241C,0,0.01068099,0.14813630282878876,0.9259999990463257,0.5325000286102295
YKR045C,YLR155C,0,0.010617489,0.14811260998249054,0.9259999990463257,0.5325999855995178
YDR210W-A,YDL147W,0,0.0104664955,0.14808891713619232,0.9259999990463257,0.5327000021934509
YBL067C,YJL104W,0,0.010435367,0.1480652391910553,0.9259999990463257,0.532800018787384
YNL300W,YCR020W-B,0,0.010400003,0.14804156124591827,0.9259999990463257,0.5328999757766724
YOR214C,YOR140W,0,0.010343948,0.14801789820194244,0.9259999990463257,0.5329999923706055
YER144C,YNL224C,0,0.010260271,0.1479942500591278,0.9259999990463257,0.5331000089645386
YNR023W,YMR116C,0,0.010227816,0.14797060191631317,0.9259999990463257,0.5332000255584717
YJL051W,YBR136W,0,0.010200383,0.14794695377349854,0.9259999990463257,0.53329998254776
YGR198W,YPL124W,0,0.010158258,0.1479233205318451,0.9259999990463257,0.5333999991416931
YHL007C,YDL174C,0,0.010101499,0.14789970219135284,0.9259999990463257,0.5335000157356262
YLR297W,YLR274W,0,0.01006362,0.1478760838508606,0.9259999990463257,0.5335999727249146
YDR394W,YGR038C-B,0,0.010040211,0.14785246551036835,0.9259999990463257,0.5336999893188477
YJL018W,YLR405W,0,0.009975965,0.1478288620710373,0.9259999990463257,0.5338000059127808
YIL131C,YIR013C,0,0.009948688,0.14780527353286743,0.9259999990463257,0.5339000225067139
YLR307W,YCR097W,0,0.009879528,0.14778168499469757,0.9259999990463257,0.5339999794960022
YFR009W,YNL312W,0,0.0098127145,0.1477580964565277,0.9259999990463257,0.5340999960899353
YGR049W,YPL192C,0,0.009687135,0.14773452281951904,0.9259999990463257,0.5342000126838684
YDR311W,YPR158W-A,0,0.00964503,0.14771096408367157,0.9259999990463257,0.5343000292778015
YBR203W,YCL019W,0,0.009582849,0.1476874053478241,0.9259999990463257,0.5343999862670898
YNR056C,YDR147W,0,0.009546069,0.14766384661197662,0.9259999990463257,0.534500002861023
YDR446W,YGL131C,0,0.009535732,0.14764030277729034,0.9259999990463257,0.534600019454956
YCL062W,YGL038C,0,0.009481739,0.14761677384376526,0.9259999990463257,0.5346999764442444
YBR204C,YPL187W,0,0.0094521325,0.14759324491024017,0.9259999990463257,0.5347999930381775
YPL162C,YCR083W,0,0.0093913395,0.1475697159767151,0.9259999990463257,0.5349000096321106
YLR106C,YOR150W,1,0.009314658,0.147705540060997,0.9269999861717224,0.5349000096321106
YOL017W,YNL003C,0,0.009294989,0.14768201112747192,0.9269999861717224,0.5350000262260437
YKL049C,YML072C,0,0.009203026,0.14765849709510803,0.9269999861717224,0.535099983215332
YMR021C,YGR108W,0,0.009022789,0.14763496816158295,0.9269999861717224,0.5351999998092651
YLR084C,YPL187W,0,0.008931117,0.14761146903038025,0.9269999861717224,0.5353000164031982
YLR116W,YPL237W,0,0.008826124,0.14758796989917755,0.9269999861717224,0.5353999733924866
YGL048C,YKL148C,0,0.008777032,0.14756447076797485,0.9269999861717224,0.5354999899864197
YCL033C,YNL148C,0,0.008775534,0.14754098653793335,0.9269999861717224,0.5356000065803528
YCR008W,YJL020C,0,0.008763799,0.14751750230789185,0.9269999861717224,0.5357000231742859
YKL112W,YGR038W,0,0.008735748,0.14749403297901154,0.9269999861717224,0.5357999801635742
YBL040C,YBR133C,0,0.008586729,0.14747056365013123,0.9269999861717224,0.5358999967575073
YKL176C,YMR068W,0,0.008493023,0.1474471092224121,0.9269999861717224,0.5360000133514404
YGR161C-C,YNL037C,0,0.008482082,0.1474236696958542,0.9269999861717224,0.5360999703407288
YEL063C,YDR237W,0,0.008469956,0.14740021526813507,0.9269999861717224,0.5361999869346619
YER048C,YAL001C,0,0.008459838,0.14737679064273834,0.9269999861717224,0.536300003528595
YLR262C,YMR231W,0,0.008454101,0.1473533660173416,0.9269999861717224,0.5364000201225281
YDR043C,YOL044W,0,0.008365037,0.14732994139194489,0.9269999861717224,0.5364999771118164
YGR038C-A,YMR068W,0,0.0080737565,0.14730653166770935,0.9269999861717224,0.5365999937057495
YJL018W,YDR324C,0,0.00791544,0.14728312194347382,0.9269999861717224,0.5367000102996826
YDR143C,YBL097W,0,0.0078734625,0.14725972712039948,0.9269999861717224,0.5368000268936157
YFL009W,YPL060C-A,0,0.007817598,0.14723634719848633,0.9269999861717224,0.536899983882904
YKL025C,YML033W,0,0.007732259,0.147212952375412,0.9269999861717224,0.5370000004768372
YPL037C,YKL012W,0,0.0077185053,0.14718958735466003,0.9269999861717224,0.5371000170707703
YML025C,YGL077C,0,0.0076328833,0.14716622233390808,0.9269999861717224,0.5371999740600586
YEL026W,YOR256C,0,0.0075639207,0.14714285731315613,0.9269999861717224,0.5372999906539917
YMR263W,YGR068C,0,0.007561421,0.14711950719356537,0.9269999861717224,0.5374000072479248
YPL246C,YER019W,0,0.007556433,0.1470961570739746,0.9269999861717224,0.5375000238418579
YPL193W,YML073C,1,0.007553568,0.14723147451877594,0.9279999732971191,0.5375000238418579
YOR088W,YNL093W,0,0.0074711796,0.14720812439918518,0.9279999732971191,0.5375999808311462
YGR038C-A,YGL181W,0,0.0074641816,0.14718477427959442,0.9279999732971191,0.5376999974250793
YPL265W,YNL265C,0,0.0073745567,0.14716143906116486,0.9279999732971191,0.5378000140190125
YGR038C-B,YJR017C,0,0.0073214993,0.1471381038427353,0.9279999732971191,0.5378999710083008
YJL151C,YHR001W,0,0.0073196236,0.14711476862430573,0.9279999732971191,0.5379999876022339
YBR098W,YJR067C,0,0.007312784,0.14709146320819855,0.9279999732971191,0.538100004196167
YER035W,YER042W,0,0.0072003845,0.14706814289093018,0.9279999732971191,0.5382000207901001
YJR093C,YPL228W,0,0.0071964506,0.147044837474823,0.9279999732971191,0.5382999777793884
YDR506C,YGL179C,0,0.007162774,0.14702154695987701,0.9279999732971191,0.5383999943733215
YJL116C,YNL275W,0,0.0070295054,0.14699825644493103,0.9279999732971191,0.5385000109672546
YOR354C,YDR314C,0,0.0070278067,0.14697498083114624,0.9279999732971191,0.5386000275611877
YPL249C-A,YLL028W,0,0.006998958,0.14695170521736145,0.9279999732971191,0.5386999845504761
YHR178W,YLR066W,0,0.006865235,0.14692842960357666,0.9279999732971191,0.5388000011444092
YOL146W,YLR308W,0,0.0068524424,0.14690518379211426,0.9279999732971191,0.5389000177383423
YDR162C,YGR240C,0,0.0068336893,0.14688192307949066,0.9279999732971191,0.5389999747276306
YOR368W,YPR066W,0,0.0067968722,0.14685867726802826,0.9279999732971191,0.5390999913215637
YIL091C,YGL201C,0,0.006769957,0.14683544635772705,0.9279999732971191,0.5392000079154968
YKL112W,YAR008W,0,0.006733047,0.14681221544742584,0.9279999732971191,0.5393000245094299
YJL207C,YNL312W,0,0.0066625793,0.14678898453712463,0.9279999732971191,0.5393999814987183
YOR208W,YGR183C,0,0.0066078138,0.14676576852798462,0.9279999732971191,0.5394999980926514
YOL115W,YDR322C-A,0,0.0064998064,0.1467425674200058,0.9279999732971191,0.5396000146865845
YBL067C,YOR141C,0,0.0064911265,0.14671936631202698,0.9279999732971191,0.5396999716758728
YJL123C,YFL024C,0,0.0064044204,0.14669618010520935,0.9279999732971191,0.5397999882698059
YPL055C,YCR070W,0,0.006379511,0.14667299389839172,0.9279999732971191,0.539900004863739
YEL047C,YBR008C,0,0.006292714,0.1466498076915741,0.9279999732971191,0.5400000214576721
YLR013W,YGR163W,0,0.006286664,0.14662663638591766,0.9279999732971191,0.5400999784469604
YCR088W,YGR038C-B,0,0.006280372,0.14660347998142242,0.9279999732971191,0.5401999950408936
YLR132C,YGR206W,0,0.0062684286,0.14658032357692719,0.9279999732971191,0.5403000116348267
YER078C,YCR070W,0,0.006253073,0.14655716717243195,0.9279999732971191,0.5404000282287598
YNL241C,YOR064C,0,0.0062418226,0.1465340256690979,0.9279999732971191,0.5404999852180481
YCR024C-A,YBL101C,0,0.00622599,0.14651089906692505,0.9279999732971191,0.5406000018119812
YGR038C-A,YPR061C,0,0.0061926823,0.1464877724647522,0.9279999732971191,0.5407000184059143
YJL018W,YER118C,0,0.0061022835,0.14646464586257935,0.9279999732971191,0.5407999753952026
YDR051C,YBL071W-A,0,0.0059420597,0.1464415341615677,0.9279999732971191,0.5408999919891357
YMR011W,YPR185W,0,0.0059126485,0.14641842246055603,0.9279999732971191,0.5410000085830688
YJR105W,YJL093C,0,0.0057721157,0.14639532566070557,0.9279999732971191,0.541100025177002
YDR485C,YPL012W,0,0.0057665277,0.1463722437620163,0.9279999732971191,0.5411999821662903
YDL010W,YJL100W,0,0.0057564825,0.14634916186332703,0.9279999732971191,0.5412999987602234
YCL010C,YKL018W,0,0.0056323837,0.14632607996463776,0.9279999732971191,0.5414000153541565
YLR262C,YGR163W,0,0.005591685,0.14630301296710968,0.9279999732971191,0.5414999723434448
YMR021C,YFL016C,0,0.0055599976,0.1462799459695816,0.9279999732971191,0.5415999889373779
YPL023C,YKR042W,0,0.0055307243,0.14625689387321472,0.9279999732971191,0.541700005531311
YPL055C,YGR038C-A,0,0.0055232923,0.14623384177684784,0.9279999732971191,0.5418000221252441
YBR258C,YOR088W,0,0.0055148574,0.14621080458164215,0.9279999732971191,0.5418999791145325
YGL001C,YDL159W,0,0.005433442,0.14618778228759766,0.9279999732971191,0.5419999957084656
YHR094C,YNL252C,0,0.005214704,0.14616474509239197,0.9279999732971191,0.5421000123023987
YER122C,YMR060C,0,0.005192267,0.14614173769950867,0.9279999732971191,0.5422000288963318
YPL193W,YLR340W,1,0.005188467,0.14627617597579956,0.9290000200271606,0.5422000288963318
YHR183W,YDL066W,0,0.0051294323,0.14625315368175507,0.9290000200271606,0.5422999858856201
YJR064W,YPL230W,0,0.0051108617,0.14623013138771057,0.9290000200271606,0.5424000024795532
YDR522C,YJL076W,0,0.0050767567,0.14620710909366608,0.9290000200271606,0.5425000190734863
YLR013W,YMR092C,0,0.0050609056,0.14618410170078278,0.9290000200271606,0.5425999760627747
YGR186W,YBR201W,0,0.004996838,0.14616110920906067,0.9290000200271606,0.5426999926567078
YGR186W,YOR368W,0,0.004908772,0.14613811671733856,0.9290000200271606,0.5428000092506409
YJL099W,YOL044W,0,0.004825631,0.14611512422561646,0.9290000200271606,0.542900025844574
YDL103C,YDR489W,0,0.0048057307,0.14609214663505554,0.9290000200271606,0.5429999828338623
YKL137W,YGL044C,0,0.004661383,0.14606918394565582,0.9290000200271606,0.5430999994277954
YER004W,YLR089C,0,0.0046455283,0.1460462212562561,0.9290000200271606,0.5432000160217285
YGR048W,YAL009W,0,0.004618475,0.14602325856685638,0.9290000200271606,0.5432999730110168
YHL009W-A,YER170W,0,0.0045603383,0.14600031077861786,0.9290000200271606,0.54339998960495
YCL062W,YER160C,0,0.0044741035,0.14597737789154053,0.9290000200271606,0.5435000061988831
YDL207W,YGL008C,0,0.0043827016,0.1459544450044632,0.9290000200271606,0.5436000227928162
YHR083W,YBR167C,0,0.004354194,0.14593151211738586,0.9290000200271606,0.5436999797821045
YGL033W,YNL256W,0,0.0043133367,0.14590859413146973,0.9290000200271606,0.5437999963760376
YER018C,YHR152W,0,0.0042115618,0.1458856761455536,0.9290000200271606,0.5439000129699707
YBL067C,YOR035C,0,0.004167618,0.14586277306079865,0.9290000200271606,0.5440000295639038
YGL201C,YJR044C,0,0.004155608,0.1458398699760437,0.9290000200271606,0.5440999865531921
YLR051C,YDR538W,0,0.0041234065,0.14581698179244995,0.9290000200271606,0.5442000031471252
YHR034C,YHL009W-A,0,0.0039258543,0.1457940936088562,0.9290000200271606,0.5443000197410583
YBR217W,YDR331W,0,0.003904434,0.14577122032642365,0.9290000200271606,0.5443999767303467
YCR083W,YER170W,0,0.003896078,0.1457483470439911,0.9290000200271606,0.5444999933242798
YPL060C-A,YGR231C,0,0.0038644467,0.14572548866271973,0.9290000200271606,0.5446000099182129
YNL279W,YDR352W,0,0.0037164781,0.14570263028144836,0.9290000200271606,0.544700026512146
YPL128C,YOL077W-A,0,0.003681371,0.1456797868013382,0.9290000200271606,0.5447999835014343
YPL060C-A,YNL003C,0,0.003675839,0.14565694332122803,0.9290000200271606,0.5449000000953674
YML022W,YJL154C,0,0.0036262292,0.14563411474227905,0.9290000200271606,0.5450000166893005
YBR152W,YGL079W,0,0.0035495479,0.14561128616333008,0.9290000200271606,0.5450999736785889
YMR021C,YEL077C,0,0.0035292152,0.1455884724855423,0.9290000200271606,0.545199990272522
YNR056C,YML093W,0,0.0034732353,0.14556565880775452,0.9290000200271606,0.5453000068664551
YDR324C,YDR210W-A,0,0.0034422446,0.14554284512996674,0.9290000200271606,0.5454000234603882
YAL055W,YDR210W-A,0,0.0034235585,0.14552004635334015,0.9290000200271606,0.5454999804496765
YPR201W,YGR038C-B,0,0.0034212004,0.14549726247787476,0.9290000200271606,0.5455999970436096
YML062C,YLR117C,0,0.0033668708,0.14547447860240936,0.9290000200271606,0.5457000136375427
YGR161C-C,YDR432W,0,0.003347285,0.14545169472694397,0.9290000200271606,0.545799970626831
YCL033C,YDR210W-A,0,0.0033365544,0.14542892575263977,0.9290000200271606,0.5458999872207642
YKL184W,YBR104W,0,0.0032737385,0.14540617167949677,0.9290000200271606,0.5460000038146973
YMR044W,YDR206W,0,0.0031808633,0.14538341760635376,0.9290000200271606,0.5461000204086304
YML093W,YJR137C,0,0.0031324942,0.14536066353321075,0.9290000200271606,0.5461999773979187
YGL145W,YHR203C,0,0.0030868482,0.14533792436122894,0.9290000200271606,0.5462999939918518
YDR485C,YMR283C,0,0.0030722637,0.14531518518924713,0.9290000200271606,0.5464000105857849
YIL105C,YNL099C,0,0.0030082632,0.1452924609184265,0.9290000200271606,0.546500027179718
YLR157C-A,YIL110W,0,0.0027083028,0.1452697366476059,0.9290000200271606,0.5465999841690063
YMR323W,YPR009W,0,0.0026950408,0.14524702727794647,0.9290000200271606,0.5467000007629395
YGR038C-A,YBR056W,0,0.0026920047,0.14522431790828705,0.9290000200271606,0.5468000173568726
YDR147W,YDR307W,0,0.0025911015,0.14520162343978882,0.9290000200271606,0.5468999743461609
YDR302W,YML111W,0,0.0025553573,0.1451789289712906,0.9290000200271606,0.546999990940094
YKL176C,YDL222C,0,0.0024676044,0.14515624940395355,0.9290000200271606,0.5471000075340271
YDR365W-B,YOL137W,0,0.002383383,0.14513356983661652,0.9290000200271606,0.5472000241279602
YCR033W,YKL084W,0,0.002324881,0.14511090517044067,0.9290000200271606,0.5472999811172485
YIL158W,YNL312W,0,0.002270745,0.14508824050426483,0.9290000200271606,0.5473999977111816
YDR034C-D,YDL213C,0,0.0021622125,0.14506559073925018,0.9290000200271606,0.5475000143051147
YPL047W,YBR083W,0,0.0021615345,0.14504294097423553,0.9290000200271606,0.5475999712944031
YGR038C-A,YJL122W,0,0.0021508057,0.1450202912092209,0.9290000200271606,0.5476999878883362
YJL018W,YJL203W,0,0.0021418557,0.14499765634536743,0.9290000200271606,0.5478000044822693
YDL165W,YOR077W,0,0.0020706896,0.14497503638267517,0.9290000200271606,0.5479000210762024
YDL004W,YPL190C,0,0.0020646323,0.1449524164199829,0.9290000200271606,0.5479999780654907
YIL023C,YHL009W-A,0,0.0019192696,0.14492979645729065,0.9290000200271606,0.5480999946594238
YMR119W,YPL249C-A,0,0.0018789787,0.14490719139575958,0.9290000200271606,0.5482000112533569
YDL132W,YJR017C,0,0.0018785316,0.14488458633422852,0.9290000200271606,0.54830002784729
YBL084C,YOR122C,0,0.0017362256,0.14486199617385864,0.9290000200271606,0.5483999848365784
YKL049C,YGL079W,0,0.0017044786,0.14483942091464996,0.9290000200271606,0.5485000014305115
YDR365W-B,YDR294C,0,0.0015967246,0.1448168307542801,0.9290000200271606,0.5486000180244446
YBR133C,YHL009W-A,0,0.0015622992,0.1447942703962326,0.9290000200271606,0.5486999750137329
YPR143W,YGR220C,1,0.0015218575,0.14492753148078918,0.9300000071525574,0.5486999750137329
YMR021C,YBR039W,0,0.0015040655,0.1449049562215805,0.9300000071525574,0.548799991607666
YPL060C-A,YOR153W,0,0.0015016776,0.14488238096237183,0.9300000071525574,0.5489000082015991
YGL208W,YNR049C,0,0.0014845673,0.14485980570316315,0.9300000071525574,0.5490000247955322
YDR519W,YGR195W,0,0.0014730413,0.14483724534511566,0.9300000071525574,0.5490999817848206
YBL027W,YMR067C,0,0.0014536101,0.14481469988822937,0.9300000071525574,0.5491999983787537
YDR261C-C,YJL115W,0,0.0014418159,0.14479215443134308,0.9300000071525574,0.5493000149726868
YGR038C-B,YGR132C,0,0.0014167372,0.1447696089744568,0.9300000071525574,0.5493999719619751
YOR094W,YPL020C,0,0.0012683682,0.1447470784187317,0.9300000071525574,0.5494999885559082
YNL126W,YOR122C,0,0.0012537036,0.14472456276416779,0.9300000071525574,0.5496000051498413
YDR365W-B,YLR424W,0,0.0011064,0.1447020322084427,0.9300000071525574,0.5497000217437744
YJL050W,YOL077W-A,0,0.0010943767,0.14467953145503998,0.9300000071525574,0.5497999787330627
YPR181C,YGR038C-B,0,0.0010431092,0.14465701580047607,0.9300000071525574,0.5498999953269958
YDR294C,YJL113W,0,0.0008997116,0.14463452994823456,0.9300000071525574,0.550000011920929
YIL041W,YFR009W,0,0.0008587856,0.14461202919483185,0.9300000071525574,0.5501000285148621
YMR197C,YJR014W,0,0.00085598417,0.14458955824375153,0.9300000071525574,0.5501999855041504
YGR038C-A,YJL099W,0,0.00080421194,0.14456707239151,0.9300000071525574,0.5503000020980835
YDR027C,YHR072W-A,0,0.00068590604,0.1445446014404297,0.9300000071525574,0.5504000186920166
YLR405W,YNL116W,0,0.0006732363,0.14452214539051056,0.9300000071525574,0.5504999756813049
YDR485C,YCR070W,0,0.000619974,0.14449968934059143,0.9300000071525574,0.550599992275238
YDR365W-B,YBR171W,0,0.00050976314,0.1444772481918335,0.9300000071525574,0.5507000088691711
YGL079W,YKR087C,0,0.00047487952,0.14445480704307556,0.9300000071525574,0.5508000254631042
YMR263W,YBR186W,0,0.00042340346,0.14443236589431763,0.9300000071525574,0.5508999824523926
YDR210W-A,YLL052C,0,0.0004183054,0.1444099396467209,0.9300000071525574,0.5509999990463257
YMR293C,YFR055W,0,0.0004061479,0.14438751339912415,0.9300000071525574,0.5511000156402588
YNL053W,YER170W,0,0.00034097023,0.1443651020526886,0.9300000071525574,0.5511999726295471
YDL214C,YLR022C,0,0.0002827961,0.14434269070625305,0.9300000071525574,0.5512999892234802
YBR019C,YNL037C,0,0.000236338,0.1443202942609787,0.9300000071525574,0.5514000058174133
YBR280C,YOL068C,0,0.00018555112,0.14429791271686554,0.9300000071525574,0.5515000224113464
YDL239C,YNR075W,0,0.00016233511,0.1442755162715912,0.9300000071525574,0.5515999794006348
YGR161C-C,YNL299W,0,0.00013459101,0.14425313472747803,0.9300000071525574,0.5516999959945679
YML062C,YDL066W,0,9.507127e-05,0.14423076808452606,0.9300000071525574,0.551800012588501
YMR288W,YDR365W-B,0,8.664094e-05,0.1442084014415741,0.9300000071525574,0.5519000291824341
YGR087C,YGR038C-B,0,7.603131e-05,0.14418604969978333,0.9300000071525574,0.5519999861717224
YFR042W,YLR298C,0,7.022172e-07,0.14416369795799255,0.9300000071525574,0.5521000027656555
YMR280C,YEL004W,0,-0.000101467595,0.14414134621620178,0.9300000071525574,0.5522000193595886
YCL020W,YOR030W,0,-0.00012214668,0.1441190093755722,0.9300000071525574,0.552299976348877
YLR157C-A,YLR362W,0,-0.0002460759,0.14409668743610382,0.9300000071525574,0.5523999929428101
YHR079C-A,YLR272C,0,-0.0003551524,0.14407436549663544,0.9300000071525574,0.5525000095367432
YGR038C-A,YGL156W,0,-0.00039693154,0.14405204355716705,0.9300000071525574,0.5526000261306763
YCL062W,YGL029W,0,-0.00040166266,0.14402973651885986,0.9300000071525574,0.5526999831199646
YAR014C,YHR178W,0,-0.00040173344,0.14400742948055267,0.9300000071525574,0.5527999997138977
YKL071W,YPL242C,0,-0.00041556172,0.14398513734340668,0.9300000071525574,0.5529000163078308
YNL321W,YMR134W,0,-0.00044137053,0.14396284520626068,0.9300000071525574,0.5529999732971191
YMR277W,YML001W,0,-0.00046834163,0.14394056797027588,0.9300000071525574,0.5530999898910522
YCR028C-A,YLR341W,0,-0.00053454004,0.14391829073429108,0.9300000071525574,0.5532000064849854
YLR174W,YNR032W,0,-0.0005502533,0.14389602839946747,0.9300000071525574,0.5533000230789185
YGR161C-C,YJL138C,0,-0.00056637265,0.14387376606464386,0.9300000071525574,0.5533999800682068
YGR087C,YPL057C,0,-0.0005783718,0.14385150372982025,0.9300000071525574,0.5534999966621399
YOR100C,YBR044C,0,-0.0005789269,0.14382925629615784,0.9300000071525574,0.553600013256073
YLR157C-A,YNL067W,0,-0.00059646554,0.14380702376365662,0.9300000071525574,0.5536999702453613
YBL006C,YGL002W,0,-0.0006488953,0.1437847912311554,0.9300000071525574,0.5537999868392944
YDL155W,YDL174C,0,-0.0007054191,0.14376255869865417,0.9300000071525574,0.5539000034332275
YNL009W,YLR022C,0,-0.00078051724,0.14374034106731415,0.9300000071525574,0.5540000200271606
YMR283C,YLR275W,0,-0.0008183699,0.14371812343597412,0.9300000071525574,0.554099977016449
YKL221W,YKR024C,0,-0.00084985606,0.1436959207057953,0.9300000071525574,0.5541999936103821
YOL091W,YHR072W-A,0,-0.000888817,0.14367371797561646,0.9300000071525574,0.5543000102043152
YDR182W,YGR098C,0,-0.00094097666,0.14365153014659882,0.9300000071525574,0.5544000267982483
YOR210W,YCR003W,0,-0.0009847712,0.14362934231758118,0.9300000071525574,0.5544999837875366
YGR148C,YDR365W-B,0,-0.0010070521,0.14360716938972473,0.9300000071525574,0.5546000003814697
YOR298C-A,YLR308W,0,-0.0010224134,0.1435849964618683,0.9300000071525574,0.5547000169754028
YGR038C-A,YMR116C,0,-0.0010768529,0.14356282353401184,0.9300000071525574,0.5547999739646912
YCR024C-A,YML025C,0,-0.0010828953,0.1435406655073166,0.9300000071525574,0.5548999905586243
YOR229W,YCR070W,0,-0.0011483971,0.14351852238178253,0.9300000071525574,0.5550000071525574
YOR094W,YHR001W,0,-0.0012275781,0.14349637925624847,0.9300000071525574,0.5551000237464905
YGR220C,YPL146C,1,-0.0012887586,0.14362850785255432,0.9309999942779541,0.5551000237464905
YOR064C,YKL084W,0,-0.0013638046,0.14360634982585907,0.9309999942779541,0.5551999807357788
YCR089W,YKR046C,0,-0.0014162268,0.143584206700325,0.9309999942779541,0.5552999973297119
YJL051W,YCR033W,0,-0.001435427,0.14356206357479095,0.9309999942779541,0.555400013923645
YBR126C,YDR037W,0,-0.001484273,0.1435399353504181,0.9309999942779541,0.5554999709129333
YML038C,YDR382W,0,-0.0015056711,0.14351780712604523,0.9309999942779541,0.5555999875068665
YLR157C-B,YJL002C,0,-0.0015646257,0.14349567890167236,0.9309999942779541,0.5557000041007996
YMR116C,YDR477W,0,-0.0016412865,0.1434735655784607,0.9309999942779541,0.5558000206947327
YFL018C,YGL125W,0,-0.0017634314,0.14345146715641022,0.9309999942779541,0.555899977684021
YNL186W,YHR001W,0,-0.001766352,0.14342936873435974,0.9309999942779541,0.5559999942779541
YOR354C,YNL124W,0,-0.0018169973,0.14340727031230927,0.9309999942779541,0.5561000108718872
YPL255W,YOR035C,0,-0.0018256288,0.14338518679141998,0.9309999942779541,0.5562000274658203
YHR115C,YFR004W,0,-0.00186239,0.1433631032705307,0.9309999942779541,0.5562999844551086
YBR039W,YOR028C,0,-0.0018795114,0.1433410346508026,0.9309999942779541,0.5564000010490417
YGL250W,YPR124W,0,-0.0018927138,0.14331896603107452,0.9309999942779541,0.5565000176429749
YGL038C,YHR094C,0,-0.002001131,0.14329691231250763,0.9309999942779541,0.5565999746322632
YLR174W,YJR113C,0,-0.0020412784,0.14327485859394073,0.9309999942779541,0.5566999912261963
YPR201W,YDR489W,0,-0.0020434838,0.14325280487537384,0.9309999942779541,0.5568000078201294
YJL145W,YPL232W,0,-0.002225725,0.14323076605796814,0.9309999942779541,0.5569000244140625
YGL184C,YOR058C,0,-0.002231339,0.14320874214172363,0.9309999942779541,0.5569999814033508
YKR087C,YGL012W,0,-0.0022533666,0.14318671822547913,0.9309999942779541,0.5570999979972839
YPL069C,YOR375C,0,-0.002268387,0.14316469430923462,0.9309999942779541,0.557200014591217
YJL018W,YOR197W,0,-0.0023731682,0.1431426852941513,0.9309999942779541,0.5572999715805054
YLR332W,YBR133C,0,-0.0023736823,0.143120676279068,0.9309999942779541,0.5573999881744385
YDL064W,YMR154C,0,-0.0023984704,0.14309868216514587,0.9309999942779541,0.5575000047683716
YER122C,YJL036W,0,-0.0024219584,0.14307668805122375,0.9309999942779541,0.5576000213623047
YOL091W,YER042W,0,-0.002446061,0.14305470883846283,0.9309999942779541,0.557699978351593
YOR094W,YOR088W,0,-0.0025676284,0.1430327296257019,0.9309999942779541,0.5577999949455261
YDR084C,YER016W,0,-0.0025779884,0.14301075041294098,0.9309999942779541,0.5579000115394592
YKL188C,YLR157C-A,0,-0.0026168507,0.14298878610134125,0.9309999942779541,0.5580000281333923
YBL046W,YLR368W,0,-0.0026472341,0.1429668366909027,0.9309999942779541,0.5580999851226807
YPL053C,YMR323W,0,-0.0027502682,0.14294487237930298,0.9309999942779541,0.5582000017166138
YBR235W,YKR080W,0,-0.0027578827,0.14292293787002563,0.9309999942779541,0.5583000183105469
YNR073C,YJL210W,0,-0.0028406326,0.1429010033607483,0.9309999942779541,0.5583999752998352
YOR307C,YDR316W,0,-0.0028425958,0.14287906885147095,0.9309999942779541,0.5584999918937683
YGR247W,YBL071W-A,0,-0.0029484406,0.1428571492433548,0.9309999942779541,0.5586000084877014
YBR235W,YGR074W,0,-0.0029953104,0.14283522963523865,0.9309999942779541,0.5587000250816345
YGR038C-B,YFL022C,0,-0.0030289348,0.1428133100271225,0.9309999942779541,0.5587999820709229
YGR038C-A,YDR221W,0,-0.0030308608,0.14279140532016754,0.9309999942779541,0.558899998664856
YDR365W-B,YAL042W,0,-0.0030338094,0.14276951551437378,0.9309999942779541,0.5590000152587891
YCR068W,YJR067C,0,-0.003035752,0.14274762570858002,0.9309999942779541,0.5590999722480774
YGR033C,YLR157C-B,0,-0.003061125,0.14272573590278625,0.9309999942779541,0.5591999888420105
YAR003W,YBR154C,0,-0.0031207632,0.1427038609981537,0.9309999942779541,0.5593000054359436
YJL203W,YNL116W,0,-0.0031516831,0.14268198609352112,0.9309999942779541,0.5594000220298767
YPL242C,YML046W,0,-0.0031546038,0.14266012609004974,0.9309999942779541,0.559499979019165
YAR050W,YMR236W,0,-0.0031840634,0.14263826608657837,0.9309999942779541,0.5595999956130981
YER183C,YER074W-A,0,-0.0032449234,0.1426164209842682,0.9309999942779541,0.5597000122070312
YCL062W,YBL002W,0,-0.003417084,0.142594575881958,0.9309999942779541,0.5598000288009644
YGL043W,YPL060C-A,0,-0.0034358706,0.14257274568080902,0.9309999942779541,0.5598999857902527
YDR261C-C,YER021W,0,-0.0034647752,0.14255091547966003,0.9309999942779541,0.5600000023841858
YKR086W,YBL066C,0,-0.0034759622,0.14252908527851105,0.9309999942779541,0.5601000189781189
YFL062W,YHL009W-A,0,-0.003505854,0.14250726997852325,0.9309999942779541,0.5601999759674072
YGL134W,YLR453C,0,-0.0035225432,0.14248545467853546,0.9309999942779541,0.5602999925613403
YFR042W,YHL009W-A,0,-0.0035447832,0.14246365427970886,0.9309999942779541,0.5604000091552734
YBR217W,YBR056W,0,-0.0035720747,0.14244185388088226,0.9309999942779541,0.5605000257492065
YGR109C,YJL091C,0,-0.0035743173,0.14242006838321686,0.9309999942779541,0.5605999827384949
YPR158W-A,YBL101C,0,-0.0036072247,0.14239828288555145,0.9309999942779541,0.560699999332428
YDL232W,YOL077W-A,0,-0.0036175195,0.14237651228904724,0.9309999942779541,0.5608000159263611
YDR163W,YKL184W,0,-0.003757989,0.14235474169254303,0.9309999942779541,0.5608999729156494
YJL018W,YDR506C,0,-0.0038044564,0.14233297109603882,0.9309999942779541,0.5609999895095825
YLR393W,YOR083W,0,-0.0038104597,0.1423112154006958,0.9309999942779541,0.5611000061035156
YGR074W,YNL312W,0,-0.0038223471,0.14228947460651398,0.9309999942779541,0.5612000226974487
YJL018W,YNR049C,0,-0.0038447306,0.14226771891117096,0.9309999942779541,0.5612999796867371
YEL020C,YER074W-A,0,-0.0038686525,0.14224599301815033,0.9309999942779541,0.5613999962806702
YOR210W,YCR070W,0,-0.003931461,0.1422242522239685,0.9309999942779541,0.5615000128746033
YNL035C,YOR022C,0,-0.004027879,0.14220254123210907,0.9309999942779541,0.5616000294685364
YGR203W,YER074W-A,0,-0.004099464,0.14218081533908844,0.9309999942779541,0.5616999864578247
YCR073C,YAL061W,0,-0.0041230153,0.142159104347229,0.9309999942779541,0.5618000030517578
YPL060C-A,YPR158W-A,0,-0.004141353,0.14213740825653076,0.9309999942779541,0.5619000196456909
YBL040C,YIL110W,0,-0.0041591953,0.14211571216583252,0.9309999942779541,0.5619999766349792
YLR307W,YKL163W,0,-0.004212899,0.14209401607513428,0.9309999942779541,0.5620999932289124
YLR242C,YBR135W,0,-0.00423046,0.14207233488559723,0.9309999942779541,0.5622000098228455
YNL177C,YHR072W-A,0,-0.0043013785,0.14205065369606018,0.9309999942779541,0.5623000264167786
YJL018W,YJR144W,0,-0.0043094233,0.14202898740768433,0.9309999942779541,0.5623999834060669
YPL132W,YMR058W,0,-0.00433751,0.14200732111930847,0.9309999942779541,0.5625
YGL145W,YNL272C,0,-0.004356047,0.1419856697320938,0.9309999942779541,0.5626000165939331
YAR050W,YPL072W,0,-0.004362939,0.14196401834487915,0.9309999942779541,0.5626999735832214
YLR225C,YML058W,0,-0.0043751653,0.1419423669576645,0.9309999942779541,0.5627999901771545
YBR167C,YHR128W,0,-0.0043836813,0.14192073047161102,0.9309999942779541,0.5629000067710876
YFL024C,YER074W-A,0,-0.0045444127,0.14189909398555756,0.9309999942779541,0.5630000233650208
YGR161C-C,YJR093C,0,-0.004568767,0.14187747240066528,0.9309999942779541,0.5630999803543091
YML033W,YJR014W,0,-0.004688509,0.1418558657169342,0.9309999942779541,0.5631999969482422
YDR237W,YOR198C,0,-0.004716387,0.14183424413204193,0.9309999942779541,0.5633000135421753
YDR394W,YIL168W,0,-0.0047691,0.14181263744831085,0.9309999942779541,0.5633999705314636
YLR117C,YBR008C,0,-0.0047929566,0.14179104566574097,0.9309999942779541,0.5634999871253967
YMR266W,YDR079C-A,0,-0.0048083942,0.14176945388317108,0.9309999942779541,0.5636000037193298
YJL154C,YOR140W,0,-0.0048571657,0.1417478621006012,0.9309999942779541,0.5637000203132629
YGL201C,YCR070W,0,-0.0048877597,0.1417262852191925,0.9309999942779541,0.5637999773025513
YPL170W,YOR293W,0,-0.005040271,0.141704723238945,0.9309999942779541,0.5638999938964844
YOR197W,YER074W-A,0,-0.005098587,0.14168314635753632,0.9309999942779541,0.5640000104904175
YDR261C-C,YHR188C,0,-0.005142985,0.14166159927845,0.9309999942779541,0.5641000270843506
YGR038C-A,YPR151C,0,-0.005153194,0.14164003729820251,0.9309999942779541,0.5641999840736389
YMR268C,YJL002C,0,-0.005193567,0.1416184902191162,0.9309999942779541,0.564300000667572
YHL020C,YIL073C,0,-0.005218329,0.1415969580411911,0.9309999942779541,0.5644000172615051
YDR408C,YNL139C,0,-0.005218949,0.141575425863266,0.9309999942779541,0.5644999742507935
YDL002C,YMR323W,0,-0.005272014,0.14155389368534088,0.9309999942779541,0.5645999908447266
YER048C,YOR197W,0,-0.0053145196,0.14153237640857697,0.9309999942779541,0.5647000074386597
YMR119W,YER035W,0,-0.0053639654,0.14151087403297424,0.9309999942779541,0.5648000240325928
YCR042C,YDR079C-A,0,-0.0054792743,0.14148935675621033,0.9309999942779541,0.5648999810218811
YMR263W,YAR066W,0,-0.005539557,0.1414678692817688,0.9309999942779541,0.5649999976158142
YDR034C-D,YEL071W,0,-0.0055921003,0.14144636690616608,0.9309999942779541,0.5651000142097473
YJR067C,YER074W-A,0,-0.0056461543,0.14142487943172455,0.9309999942779541,0.5651999711990356
YKL146W,YBR152W,0,-0.0057245325,0.1414034068584442,0.9309999942779541,0.5652999877929688
YOR210W,YDL122W,0,-0.0057293903,0.14138193428516388,0.9309999942779541,0.5654000043869019
YJL091C,YOR088W,0,-0.0057896655,0.14136046171188354,0.9309999942779541,0.565500020980835
YKL222C,YIL073C,0,-0.005791096,0.1413390040397644,0.9309999942779541,0.5655999779701233
YER144C,YKL113C,0,-0.005815102,0.14131754636764526,0.9309999942779541,0.5656999945640564
YDR432W,YOR188W,0,-0.0058153104,0.14129610359668732,0.9309999942779541,0.5658000111579895
YGR038W,YGR067C,0,-0.0058358666,0.14127466082572937,0.9309999942779541,0.5659000277519226
YDL194W,YHR042W,0,-0.006030796,0.14125321805477142,0.9309999942779541,0.5659999847412109
YIR021W,YDR079C-A,0,-0.0060508493,0.14123179018497467,0.9309999942779541,0.566100001335144
YLR431C,YBL071W-A,0,-0.006087765,0.1412103772163391,0.9309999942779541,0.5662000179290771
YML078W,YMR202W,0,-0.006239293,0.14118896424770355,0.9309999942779541,0.5662999749183655
YGR108W,YOR196C,0,-0.006293742,0.141167551279068,0.9309999942779541,0.5663999915122986
YHR187W,YCL011C,0,-0.006329721,0.14114615321159363,0.9309999942779541,0.5665000081062317
YDL025C,YER074W-A,0,-0.0064223167,0.14112475514411926,0.9309999942779541,0.5666000247001648
YOR362C,YHR045W,0,-0.0064547416,0.1411033719778061,0.9309999942779541,0.5666999816894531
YLR110C,YJL118W,0,-0.0064958166,0.14108198881149292,0.9309999942779541,0.5667999982833862
YNR063W,YLR399C,0,-0.006497374,0.14106060564517975,0.9309999942779541,0.5669000148773193
YHR115C,YGR207C,0,-0.0066290945,0.14103923738002777,0.9309999942779541,0.5669999718666077
YKL086W,YER074W-A,0,-0.006705098,0.1410178691148758,0.9309999942779541,0.5670999884605408
YKR001C,YER074W-A,0,-0.0067280848,0.140996515750885,0.9309999942779541,0.5672000050544739
YLR013W,YBR070C,0,-0.006888127,0.14097516238689423,0.9309999942779541,0.567300021648407
YJL028W,YJL014W,0,-0.006937122,0.14095382392406464,0.9309999942779541,0.5673999786376953
YGR059W,YNL053W,0,-0.00695022,0.14093248546123505,0.9309999942779541,0.5674999952316284
YGR183C,YLR453C,0,-0.0069619473,0.14091116189956665,0.9309999942779541,0.5676000118255615
YBR004C,YKL148C,0,-0.00696343,0.14088982343673706,0.9309999942779541,0.5677000284194946
YPR164W,YGR256W,0,-0.00706592,0.14086851477622986,0.9309999942779541,0.567799985408783
YGR091W,YER074W-A,0,-0.007166827,0.14084720611572266,0.9309999942779541,0.5679000020027161
YBL002W,YDR210W-A,0,-0.00717221,0.14082589745521545,0.9309999942779541,0.5680000185966492
YOR196C,YBR154C,0,-0.0072442573,0.14080460369586945,0.9309999942779541,0.5680999755859375
YCR017C,YGL012W,0,-0.0072512235,0.14078330993652344,0.9309999942779541,0.5681999921798706
YNL264C,YCR034W,0,-0.0072535556,0.14076201617717743,0.9309999942779541,0.5683000087738037
YDL226C,YPR164W,0,-0.0072925966,0.14074073731899261,0.9309999942779541,0.5684000253677368
YER019W,YLL042C,0,-0.0073316675,0.140719473361969,0.9309999942779541,0.5684999823570251
YOR321W,YGR289C,0,-0.007384835,0.14069819450378418,0.9309999942779541,0.5685999989509583
YGR038C-A,YNL021W,0,-0.0074109267,0.14067694544792175,0.9309999942779541,0.5687000155448914
YDR237W,YIR010W,0,-0.007548025,0.14065568149089813,0.9309999942779541,0.5687999725341797
YFL008W,YOR171C,0,-0.007590076,0.1406344473361969,0.9309999942779541,0.5688999891281128
YJR056C,YHR072W-A,0,-0.0076367985,0.14061319828033447,0.9309999942779541,0.5690000057220459
YDR408C,YLR240W,0,-0.0076566394,0.14059196412563324,0.9309999942779541,0.569100022315979
YIL066C,YBL071W-A,0,-0.007661609,0.1405707448720932,0.9309999942779541,0.5691999793052673
YHR072W-A,YML072C,0,-0.0077245943,0.14054951071739197,0.9309999942779541,0.5692999958992004
YBR077C,YGR038C-B,0,-0.007753918,0.14052830636501312,0.9309999942779541,0.5694000124931335
YDL010W,YPL128C,0,-0.007784335,0.14050708711147308,0.9309999942779541,0.5695000290870667
YOR150W,YPL131W,1,-0.007814122,0.14063678681850433,0.9319999814033508,0.5695000290870667
YGL207W,YDR450W,0,-0.007906286,0.1406155675649643,0.9319999814033508,0.569599986076355
YLR307W,YOR088W,0,-0.007963914,0.14059436321258545,0.9319999814033508,0.5697000026702881
YIR033W,YGR027W-A,0,-0.007969057,0.1405731588602066,0.9319999814033508,0.5698000192642212
YGL255W,YGL175C,0,-0.007969303,0.14055195450782776,0.9319999814033508,0.5698999762535095
YML038C,YDR480W,0,-0.008017166,0.1405307650566101,0.9319999814033508,0.5699999928474426
YHL033C,YMR161W,0,-0.0080209505,0.14050957560539246,0.9319999814033508,0.5701000094413757
YDR311W,YOL013C,0,-0.008028207,0.1404883861541748,0.9319999814033508,0.5702000260353088
YER039C,YBR098W,0,-0.008093117,0.14046722650527954,0.9319999814033508,0.5702999830245972
YLR272C,YDR522C,0,-0.008115677,0.14044605195522308,0.9319999814033508,0.5703999996185303
YGR068C,YMR260C,0,-0.008135242,0.14042489230632782,0.9319999814033508,0.5705000162124634
YGR028W,YBR014C,0,-0.008200197,0.14040373265743256,0.9319999814033508,0.5705999732017517
YPL055C,YGL032C,0,-0.008281158,0.1403825879096985,0.9319999814033508,0.5706999897956848
YCR070W,YOR367W,0,-0.008312466,0.14036144316196442,0.9319999814033508,0.5708000063896179
YGL033W,YMR047C,0,-0.00852867,0.14034031331539154,0.9319999814033508,0.570900022983551
YDR006C,YOL077W-A,0,-0.008565603,0.14031918346881866,0.9319999814033508,0.5709999799728394
YER026C,YBL027W,0,-0.008582061,0.1402980536222458,0.9319999814033508,0.5710999965667725
YER039C,YDR099W,0,-0.008604733,0.1402769386768341,0.9319999814033508,0.5712000131607056
YIL010W,YAL061W,0,-0.008613287,0.14025583863258362,0.9319999814033508,0.5713000297546387
YFL055W,YKL018W,0,-0.00861576,0.14023472368717194,0.9319999814033508,0.571399986743927
YGR023W,YGR038C-B,0,-0.008637773,0.14021362364292145,0.9319999814033508,0.5715000033378601
YDR261C-C,YAL061W,0,-0.008664172,0.14019253849983215,0.9319999814033508,0.5716000199317932
YLR297W,YPL045W,0,-0.0088757705,0.14017145335674286,0.9319999814033508,0.5716999769210815
YML131W,YGL130W,0,-0.00888571,0.14015038311481476,0.9319999814033508,0.5717999935150146
YDL002C,YDR198C,0,-0.008913828,0.14012929797172546,0.9319999814033508,0.5719000101089478
YOR329C,YGL166W,0,-0.008948034,0.14010824263095856,0.9319999814033508,0.5720000267028809
YOL017W,YGL150C,0,-0.008959426,0.14008717238903046,0.9319999814033508,0.5720999836921692
YKR067W,YMR162C,0,-0.0090164,0.14006613194942474,0.9319999814033508,0.5722000002861023
YLR128W,YDR027C,0,-0.009022487,0.14004507660865784,0.9319999814033508,0.5723000168800354
YHL018W,YHR084W,0,-0.009086592,0.14002403616905212,0.9319999814033508,0.5723999738693237
YGR038C-A,YBR068C,0,-0.0091892425,0.1400030106306076,0.9319999814033508,0.5724999904632568
YCL062W,YJR093C,0,-0.009250468,0.1399819701910019,0.9319999814033508,0.5726000070571899
YNL088W,YPR020W,0,-0.009353025,0.13996095955371857,0.9319999814033508,0.572700023651123
YKL086W,YGR038C-A,0,-0.0093756,0.13993993401527405,0.9319999814033508,0.5727999806404114
YDR261C-C,YGL257C,0,-0.009384405,0.13991893827915192,0.9319999814033508,0.5728999972343445
YBR103W,YNR063W,0,-0.009498661,0.1398979276418686,0.9319999814033508,0.5730000138282776
YLR157C-A,YOR361C,0,-0.009507289,0.13987693190574646,0.9319999814033508,0.5730999708175659
YOL128C,YPL190C,0,-0.009572176,0.13985593616962433,0.9319999814033508,0.573199987411499
YIL162W,YBL071W-A,0,-0.00958317,0.1398349553346634,0.9319999814033508,0.5733000040054321
YHR007C,YDR261C-C,0,-0.009666393,0.13981397449970245,0.9319999814033508,0.5734000205993652
YOR298C-A,YFL003C,0,-0.009724332,0.1397930085659027,0.9319999814033508,0.5734999775886536
YPL060C-A,YML111W,0,-0.009777408,0.13977204263210297,0.9319999814033508,0.5735999941825867
YJR152W,YHL009W-A,0,-0.009840632,0.13975109159946442,0.9319999814033508,0.5737000107765198
YOR125C,YGR027W-A,0,-0.0099668335,0.13973014056682587,0.9319999814033508,0.5738000273704529
YMR135C,YOR088W,0,-0.010055846,0.13970918953418732,0.9319999814033508,0.5738999843597412
YDR261C-C,YDR206W,0,-0.010174936,0.13968825340270996,0.9319999814033508,0.5740000009536743
YDR261C-C,YCR071C,0,-0.010218253,0.1396673172712326,0.9319999814033508,0.5741000175476074
YOR100C,YBL071W-A,0,-0.0102309715,0.13964639604091644,0.9319999814033508,0.5741999745368958
YNL072W,YNL315C,0,-0.010253614,0.13962547481060028,0.9319999814033508,0.5742999911308289
YDL079C,YGR140W,0,-0.010269491,0.13960455358028412,0.9319999814033508,0.574400007724762
YPL128C,YBL071W-A,0,-0.010298016,0.13958364725112915,0.9319999814033508,0.5745000243186951
YGR038C-A,YPL024W,0,-0.010321049,0.13956274092197418,0.9319999814033508,0.5745999813079834
YIR007W,YNL037C,0,-0.010352129,0.1395418494939804,0.9319999814033508,0.5746999979019165
YPL023C,YBL071W-A,0,-0.010355106,0.13952095806598663,0.9319999814033508,0.5748000144958496
YGL124C,YOL006C,0,-0.010401977,0.13950008153915405,0.9319999814033508,0.5748999714851379
YDL232W,YPR058W,0,-0.010587944,0.13947920501232147,0.9319999814033508,0.574999988079071
YJL139C,YDR365W-B,0,-0.010589762,0.1394583284854889,0.9319999814033508,0.5751000046730042
YMR011W,YER048C,0,-0.010616286,0.1394374668598175,0.9319999814033508,0.5752000212669373
YBR290W,YDR489W,0,-0.010637073,0.13941660523414612,0.9319999814033508,0.5752999782562256
YDR097C,YDR452W,0,-0.01073592,0.13939575850963593,0.9319999814033508,0.5753999948501587
YLR110C,YBR044C,0,-0.010739958,0.13937491178512573,0.9319999814033508,0.5755000114440918
YGR161C-C,YOL148C,0,-0.010752706,0.13935406506061554,0.9319999814033508,0.5756000280380249
YGL210W-A,YKL055C,0,-0.0107863005,0.13933323323726654,0.9319999814033508,0.5756999850273132
YDR210W-D,YAR066W,0,-0.0107863005,0.13931240141391754,0.9319999814033508,0.5758000016212463
YBR298C,YGL210W-A,0,-0.0107863005,0.13929158449172974,0.9319999814033508,0.5759000182151794
YBR234C,YCL027C-A,0,-0.0107863005,0.13927076756954193,0.9319999814033508,0.5759999752044678
YGL210W-A,YHR123W,0,-0.0107863005,0.13924996554851532,0.9319999814033508,0.5760999917984009
YMR288W,YNL024C-A,0,-0.0107863005,0.1392291635274887,0.9319999814033508,0.576200008392334
YDR210W-D,YMR291W,0,-0.0107863005,0.1392083615064621,0.9319999814033508,0.5763000249862671
YFL009W,YGL210W-A,0,-0.0107863005,0.13918757438659668,0.9319999814033508,0.5763999819755554
YPL023C,YDR524C-B,0,-0.0107863005,0.13916678726673126,0.9319999814033508,0.5764999985694885
YLR342W,YGL210W-A,0,-0.0107863005,0.13914601504802704,0.9319999814033508,0.5766000151634216
YDL002C,YGL210W-A,0,-0.0107863005,0.13912524282932281,0.9319999814033508,0.57669997215271
YNL024C-A,YMR119W,0,-0.0107863005,0.1391044706106186,0.9319999814033508,0.5767999887466431
YBR203W,YNL024C-A,0,-0.0107863005,0.13908371329307556,0.9319999814033508,0.5769000053405762
YPL032C,YDR524C-B,0,-0.0107863005,0.13906297087669373,0.9319999814033508,0.5770000219345093
YNL024C-A,YDR043C,0,-0.0107863005,0.1390422135591507,0.9319999814033508,0.5770999789237976
YER019W,YCL027C-A,0,-0.0107863005,0.13902148604393005,0.9319999814033508,0.5771999955177307
YJR047C,YOR343C-B,0,-0.0107863005,0.13900074362754822,0.9319999814033508,0.5773000121116638
YNL024C-A,YNL113W,0,-0.0107863005,0.13898001611232758,0.9319999814033508,0.5774000287055969
YJR043C,YOR343C-B,0,-0.0107863005,0.13895930349826813,0.9319999814033508,0.5774999856948853
YBL008W-A,YNL224C,0,-0.0107863005,0.13893857598304749,0.9319999814033508,0.5776000022888184
YMR266W,YCL062W,0,-0.0107863005,0.13891787827014923,0.9319999814033508,0.5777000188827515
YGL210W-A,YMR251W-A,0,-0.0107863005,0.13889716565608978,0.9319999814033508,0.5777999758720398
YOR354C,YGL210W-A,0,-0.0107863005,0.13887646794319153,0.9319999814033508,0.5778999924659729
YJL018W,YCR027C,0,-0.0107863005,0.13885578513145447,0.9319999814033508,0.578000009059906
YNL024C-A,YDL020C,0,-0.0107863005,0.1388351023197174,0.9319999814033508,0.5781000256538391
YNR056C,YKR099C-A,0,-0.0107863005,0.13881441950798035,0.9319999814033508,0.5781999826431274
YDR210W-D,YHR191C,0,-0.0107863005,0.13879375159740448,0.9319999814033508,0.5782999992370605
YNL024C-A,YLR368W,0,-0.0107863005,0.1387730836868286,0.9319999814033508,0.5784000158309937
YDR524C-B,YDR266C,0,-0.0107863005,0.13875241577625275,0.9319999814033508,0.578499972820282
YBL008W-A,YFR044C,0,-0.0107863005,0.13873176276683807,0.9319999814033508,0.5785999894142151
YNL024C-A,YJR067C,0,-0.0107863005,0.1387111246585846,0.9319999814033508,0.5787000060081482
YBR200W,YBL008W-A,0,-0.0107863005,0.13869047164916992,0.9319999814033508,0.5788000226020813
YML066C,YKR099C-A,0,-0.0107863005,0.13866983354091644,0.9319999814033508,0.5788999795913696
YKR067W,YDR524C-B,0,-0.0107863005,0.13864921033382416,0.9319999814033508,0.5789999961853027
YDR210W-D,YDR258C,0,-0.0107863005,0.13862858712673187,0.9319999814033508,0.5791000127792358
YML118W,YDR524C-B,0,-0.0107863005,0.13860797882080078,0.9319999814033508,0.579200029373169
YGL210W-A,YOR153W,0,-0.0107863005,0.1385873556137085,0.9319999814033508,0.5792999863624573
YDR210W-D,YLR136C,0,-0.0107863005,0.1385667622089386,0.9319999814033508,0.5794000029563904
YBR132C,YOR343C-B,0,-0.0107863005,0.1385461539030075,0.9319999814033508,0.5795000195503235
YML033W,YOR058C,0,-0.0107863005,0.1385255604982376,0.9319999814033508,0.5795999765396118
YNL024C-A,YIL162W,0,-0.0107863005,0.1385049819946289,0.9319999814033508,0.5796999931335449
YBL008W-A,YLR272C,0,-0.0107863005,0.1384844034910202,0.9319999814033508,0.579800009727478
YNL024C-A,YOL001W,0,-0.0107863005,0.1384638249874115,0.9319999814033508,0.5799000263214111
YGL210W-A,YOR360C,0,-0.0107863005,0.138443261384964,0.9319999814033508,0.5799999833106995
YFL050C,YKR099C-A,0,-0.0107863005,0.13842269778251648,0.9319999814033508,0.5800999999046326
YLR340W,YCL027C-A,0,-0.0107863005,0.13840213418006897,0.9319999814033508,0.5802000164985657
YPR183W,YCL027C-A,0,-0.0107863005,0.13838158547878265,0.9319999814033508,0.580299973487854
YER026C,YCL027C-A,0,-0.0107863005,0.13836105167865753,0.9319999814033508,0.5803999900817871
YBL008W-A,YNL152W,0,-0.0107863005,0.13834050297737122,0.9319999814033508,0.5805000066757202
YBR203W,YCL027C-A,0,-0.0107863005,0.1383199691772461,0.9319999814033508,0.5806000232696533
YBR234C,YDR524C-B,0,-0.0107863005,0.13829945027828217,0.9319999814033508,0.5806999802589417
YDR184C,YBL008W-A,0,-0.0107863005,0.13827893137931824,0.9319999814033508,0.5807999968528748
YHL002W,YOR343C-B,0,-0.0107863005,0.1382584124803543,0.9319999814033508,0.5809000134468079
YJL050W,YDR524C-B,0,-0.0107863005,0.13823790848255157,0.9319999814033508,0.5809999704360962
YDR210W-D,YGR215W,0,-0.0107863005,0.13821740448474884,0.9319999814033508,0.5810999870300293
YDR210W-D,YOL034W,0,-0.0107863005,0.1381969153881073,0.9319999814033508,0.5812000036239624
YDR210W-D,YPL270W,0,-0.0107863005,0.13817642629146576,0.9319999814033508,0.5813000202178955
YDR210W-D,YML130C,0,-0.0107863005,0.13815593719482422,0.9319999814033508,0.5813999772071838
YGR186W,YDR524C-B,0,-0.0107863005,0.13813546299934387,0.9319999814033508,0.5814999938011169
YGL210W-A,YDL239C,0,-0.0107863005,0.13811500370502472,0.9319999814033508,0.58160001039505
YCL027C-A,YHR128W,0,-0.0107863005,0.13809452950954437,0.9319999814033508,0.5817000269889832
YLR310C,YGL210W-A,0,-0.0107863005,0.13807407021522522,0.9319999814033508,0.5817999839782715
YBR103W,YKR099C-A,0,-0.0107863005,0.13805362582206726,0.9319999814033508,0.5819000005722046
YBR293W,YOR343C-B,0,-0.0107863005,0.1380331814289093,0.9319999814033508,0.5820000171661377
YNL024C-A,YHL013C,0,-0.0107863005,0.13801273703575134,0.9319999814033508,0.582099974155426
YNL024C-A,YFR044C,0,-0.0107863005,0.13799230754375458,0.9319999814033508,0.5821999907493591
YDR147W,YBL071W-A,0,-0.0107863005,0.1379718780517578,0.9319999814033508,0.5823000073432922
YNL024C-A,YKR081C,0,-0.0107863005,0.13795144855976105,0.9319999814033508,0.5824000239372253
YIL082W-A,YOR343C-B,0,-0.0107863005,0.13793103396892548,0.9319999814033508,0.5824999809265137
YKL193C,YCL027C-A,0,-0.0107863005,0.1379106193780899,0.9319999814033508,0.5825999975204468
YNL024C-A,YML038C,0,-0.0107863005,0.13789021968841553,0.9319999814033508,0.5827000141143799
YGL210W-A,YGL013C,0,-0.0107863005,0.13786981999874115,0.9319999814033508,0.5827999711036682
YPL283C,YKR099C-A,0,-0.0107863005,0.13784943521022797,0.9319999814033508,0.5828999876976013
YIR021W,YCL027C-A,0,-0.0107863005,0.13782905042171478,0.9319999814033508,0.5830000042915344
YDR210W-D,YKR065C,0,-0.0107863005,0.1378086656332016,0.9319999814033508,0.5831000208854675
YOL110W,YCL027C-A,0,-0.0107863005,0.1377882957458496,0.9319999814033508,0.5831999778747559
YHR107C,YOR343C-B,0,-0.0107863005,0.13776792585849762,0.9319999814033508,0.583299994468689
YHR143W-A,YOR343C-B,0,-0.0107863005,0.13774755597114563,0.9319999814033508,0.5834000110626221
YDR210W-D,YBR136W,0,-0.0107863005,0.13772720098495483,0.9319999814033508,0.5835000276565552
YBR106W,YCL027C-A,0,-0.0107863005,0.13770686089992523,0.9319999814033508,0.5835999846458435
YGL133W,YKR099C-A,0,-0.0107863005,0.13768650591373444,0.9319999814033508,0.5837000012397766
YOL088C,YCL027C-A,0,-0.0107863005,0.13766618072986603,0.9319999814033508,0.5838000178337097
YML026C,YOR088W,0,-0.0107863005,0.13764584064483643,0.9319999814033508,0.583899974822998
YLR205C,YGL210W-A,0,-0.0107863005,0.13762551546096802,0.9319999814033508,0.5839999914169312
YGL210W-A,YNL058C,0,-0.0107863005,0.1376051902770996,0.9319999814033508,0.5841000080108643
YDR524C-B,YOL021C,0,-0.0107863005,0.1375848799943924,0.9319999814033508,0.5842000246047974
YER065C,YCL027C-A,0,-0.0107863005,0.13756456971168518,0.9319999814033508,0.5842999815940857
YGL210W-A,YKL137W,0,-0.0107863005,0.13754427433013916,0.9319999814033508,0.5843999981880188
YDR210W-D,YMR161W,0,-0.0107863005,0.13752397894859314,0.9319999814033508,0.5845000147819519
YNL024C-A,YPL270W,0,-0.0107863005,0.13750368356704712,0.9319999814033508,0.5845999717712402
YBL008W-A,YOR178C,0,-0.0107863005,0.1374834030866623,0.9319999814033508,0.5846999883651733
YNL024C-A,YJL184W,0,-0.0107863005,0.13746312260627747,0.9319999814033508,0.5848000049591064
YJL092W,YCL027C-A,0,-0.0107863005,0.13744285702705383,0.9319999814033508,0.5849000215530396
YKR099C-A,YJL118W,0,-0.0107863005,0.1374225914478302,0.9319999814033508,0.5849999785423279
YER021W,YDR524C-B,0,-0.0107863005,0.13740232586860657,0.9319999814033508,0.585099995136261
YNL024C-A,YGL179C,0,-0.0107863005,0.13738207519054413,0.9319999814033508,0.5852000117301941
YNL024C-A,YPL192C,0,-0.0107863005,0.1373618245124817,0.9319999814033508,0.5853000283241272
YBL008W-A,YPR079W,0,-0.0107863005,0.13734158873558044,0.9319999814033508,0.5853999853134155
YDR210W-D,YDR210W-A,0,-0.0107863005,0.1373213529586792,0.9319999814033508,0.5855000019073486
YAL047C,YOR343C-B,0,-0.0107863005,0.13730111718177795,0.9319999814033508,0.5856000185012817
YKL055C,YOR343C-B,0,-0.0107863005,0.1372808963060379,0.9319999814033508,0.5856999754905701
YHR196W,YCL027C-A,0,-0.0107863005,0.13726067543029785,0.9319999814033508,0.5857999920845032
YNL024C-A,YDR171W,0,-0.0107863005,0.137240469455719,0.9319999814033508,0.5859000086784363
YGL210W-A,YJL113W,0,-0.0107863005,0.13722026348114014,0.9319999814033508,0.5860000252723694
YBR018C,YCL027C-A,0,-0.0107863005,0.13720005750656128,0.9319999814033508,0.5860999822616577
YNL064C,YOR343C-B,0,-0.0107863005,0.13717986643314362,0.9319999814033508,0.5861999988555908
YNL024C-A,YLR013W,0,-0.0107863005,0.13715967535972595,0.9319999814033508,0.5863000154495239
YBL008W-A,YER065C,0,-0.0107863005,0.13713949918746948,0.9319999814033508,0.5863999724388123
YAR008W,YOR343C-B,0,-0.0107863005,0.137119323015213,0.9319999814033508,0.5864999890327454
YDR210W-D,YOL068C,0,-0.0107863005,0.13709914684295654,0.9319999814033508,0.5866000056266785
YLR157C-A,YCL062W,0,-0.0107863005,0.13707898557186127,0.9319999814033508,0.5867000222206116
YGR108W,YDR524C-B,0,-0.0107863005,0.137058824300766,0.9319999814033508,0.5867999792098999
YBL008W-A,YGR166W,0,-0.0107863005,0.1370386779308319,0.9319999814033508,0.586899995803833
YPL249C-A,YBL071W-A,0,-0.0107863005,0.13701851665973663,0.9319999814033508,0.5870000123977661
YIL049W,YCL027C-A,0,-0.0107863005,0.13699838519096375,0.9319999814033508,0.5871000289916992
YDR210W-D,YML093W,0,-0.0107863005,0.13697825372219086,0.9319999814033508,0.5871999859809875
YPL088W,YOR343C-B,0,-0.0107863005,0.13695812225341797,0.9319999814033508,0.5873000025749207
YGL210W-A,YOR178C,0,-0.0107863005,0.13693799078464508,0.9319999814033508,0.5874000191688538
YCR073C,YDR524C-B,0,-0.0107863005,0.1369178742170334,0.9319999814033508,0.5874999761581421
YDR524C-B,YPR165W,0,-0.0107863005,0.13689777255058289,0.9319999814033508,0.5875999927520752
YKL188C,YCL027C-A,0,-0.0107863005,0.1368776559829712,0.9319999814033508,0.5877000093460083
YGL210W-A,YBR154C,0,-0.0107863005,0.13685756921768188,0.9319999814033508,0.5878000259399414
YNL024C-A,YOR336W,0,-0.0107863005,0.13683746755123138,0.9319999814033508,0.5878999829292297
YDR210W-D,YPL265W,0,-0.0107863005,0.13681738078594208,0.9319999814033508,0.5879999995231628
YNL024C-A,YDR184C,0,-0.0107863005,0.13679729402065277,0.9319999814033508,0.588100016117096
YDR210W-D,YHR065C,0,-0.0107863005,0.13677722215652466,0.9319999814033508,0.5881999731063843
YBL008W-A,YER094C,0,-0.0107863005,0.13675715029239655,0.9319999814033508,0.5882999897003174
YGL210W-A,YDR480W,0,-0.0107863005,0.13673709332942963,0.9319999814033508,0.5884000062942505
YNR023W,YDR524C-B,0,-0.0107863005,0.1367170363664627,0.9319999814033508,0.5885000228881836
YFL034C-A,YOR088W,0,-0.0107863005,0.1366969794034958,0.9319999814033508,0.5885999798774719
YKR099C-A,YIR010W,0,-0.0107863005,0.13667693734169006,0.9319999814033508,0.588699996471405
YDR210W-D,YDR085C,0,-0.0107863005,0.13665689527988434,0.9319999814033508,0.5888000130653381
YHR183W,YOR088W,0,-0.0107863005,0.1366368532180786,0.9319999814033508,0.5889000296592712
YGL210W-A,YJR088C,0,-0.0107863005,0.13661682605743408,0.9319999814033508,0.5889999866485596
YBL008W-A,YHR176W,0,-0.0107863005,0.13659679889678955,0.9319999814033508,0.5891000032424927
YML114C,YCL027C-A,0,-0.0107863005,0.1365767866373062,0.9319999814033508,0.5892000198364258
YDR524C-B,YOL068C,0,-0.0107863005,0.13655677437782288,0.9319999814033508,0.5892999768257141
YOL013C,YKR099C-A,0,-0.0107863005,0.13653677701950073,0.9319999814033508,0.5893999934196472
YGR275W,YDR524C-B,0,-0.0107863005,0.1365167647600174,0.9319999814033508,0.5895000100135803
YBL009W,YKR099C-A,0,-0.0107863005,0.13649678230285645,0.9319999814033508,0.5896000266075134
YNL222W,YPR158W-A,0,-0.010830088,0.1364767849445343,0.9319999814033508,0.5896999835968018
YJL018W,YDR349C,0,-0.010830415,0.13645680248737335,0.9319999814033508,0.5898000001907349
YGR161C-C,YJR002W,0,-0.0108922515,0.1364368349313736,0.9319999814033508,0.589900016784668
YGL100W,YJR019C,0,-0.01094651,0.13641686737537384,0.9319999814033508,0.5899999737739563
YMR021C,YHR094C,0,-0.010983197,0.13639689981937408,0.9319999814033508,0.5900999903678894
YKL112W,YBR136W,0,-0.011020431,0.13637693226337433,0.9319999814033508,0.5902000069618225
YOL034W,YDR331W,0,-0.0110826325,0.13635697960853577,0.9319999814033508,0.5903000235557556
YBR258C,YNR012W,0,-0.011116637,0.1363370418548584,0.9319999814033508,0.590399980545044
YOR202W,YHR102W,0,-0.011263927,0.13631710410118103,0.9319999814033508,0.590499997138977
YHL022C,YBR179C,0,-0.011268182,0.13629716634750366,0.9319999814033508,0.5906000137329102
YBR302C,YHR026W,0,-0.011346659,0.1362772285938263,0.9319999814033508,0.5906999707221985
YAR003W,YGR132C,0,-0.011351755,0.13625730574131012,0.9319999814033508,0.5907999873161316
YCL062W,YAL042W,0,-0.01156844,0.13623739778995514,0.9319999814033508,0.5909000039100647
YOL088C,YLL039C,0,-0.011667548,0.13621747493743896,0.9319999814033508,0.5910000205039978
YDR079C-A,YML058W,0,-0.011736965,0.13619756698608398,0.9319999814033508,0.5910999774932861
YLR376C,YMR244C-A,0,-0.011860212,0.1361776739358902,0.9319999814033508,0.5911999940872192
YHR039C,YNL315C,0,-0.01188373,0.1361577808856964,0.9319999814033508,0.5913000106811523
YER054C,YDR198C,0,-0.0119608175,0.13613788783550262,0.9319999814033508,0.5914000272750854
YCL062W,YNR051C,0,-0.01203399,0.13611800968647003,0.9319999814033508,0.5914999842643738
YLR210W,YML058W,0,-0.012036486,0.13609813153743744,0.9319999814033508,0.5916000008583069
YGL250W,YOR083W,0,-0.012085175,0.13607825338840485,0.9319999814033508,0.59170001745224
YLR128W,YIR033W,0,-0.012118941,0.13605839014053345,0.9319999814033508,0.5917999744415283
YOL033W,YEL009C,0,-0.0122602265,0.13603854179382324,0.9319999814033508,0.5918999910354614
YKL209C,YJL154C,0,-0.012326067,0.13601867854595184,0.9319999814033508,0.5920000076293945
YPL060C-A,YIL129C,0,-0.012364792,0.13599883019924164,0.9319999814033508,0.5921000242233276
YJL116C,YEL004W,0,-0.012387453,0.13597899675369263,0.9319999814033508,0.592199981212616
YGR192C,YPR112C,0,-0.012530221,0.13595914840698242,0.9319999814033508,0.5922999978065491
YNR026C,YHR072W-A,0,-0.012540607,0.1359393298625946,0.9319999814033508,0.5924000144004822
YCR042C,YOR088W,0,-0.012560522,0.1359194964170456,0.9319999814033508,0.5924999713897705
YLR106C,YGR220C,1,-0.012626005,0.13604550063610077,0.9330000281333923,0.5924999713897705
YBR203W,YOL077W-A,0,-0.012654604,0.13602565228939056,0.9330000281333923,0.5925999879837036
YDR365W-B,YCL020W,0,-0.012681281,0.13600583374500275,0.9330000281333923,0.5927000045776367
YER069W,YML033W,0,-0.01273161,0.13598601520061493,0.9330000281333923,0.5928000211715698
YOR202W,YOR058C,0,-0.012758343,0.1359661966562271,0.9330000281333923,0.5928999781608582
YDR480W,YLR133W,0,-0.012811748,0.1359463781118393,0.9330000281333923,0.5929999947547913
YGR108W,YIL105C,0,-0.0128427725,0.13592657446861267,0.9330000281333923,0.5931000113487244
YJR014W,YLR136C,0,-0.012935875,0.13590677082538605,0.9330000281333923,0.5932000279426575
YBR235W,YHR112C,0,-0.0129680615,0.13588698208332062,0.9330000281333923,0.5932999849319458
YHR216W,YBR290W,0,-0.012972472,0.1358671933412552,0.9330000281333923,0.5934000015258789
YLR035C,YIL044C,0,-0.012988998,0.13584740459918976,0.9330000281333923,0.593500018119812
YFL024C,YHL009W-A,0,-0.013004208,0.13582763075828552,0.9330000281333923,0.5935999751091003
YOL110W,YOL060C,0,-0.013030468,0.1358078569173813,0.9330000281333923,0.5936999917030334
YGL254W,YLR449W,0,-0.01307225,0.13578809797763824,0.9330000281333923,0.5938000082969666
YLR157C-A,YMR260C,0,-0.013120638,0.1357683390378952,0.9330000281333923,0.5939000248908997
YJL138C,YHR200W,0,-0.013200102,0.13574858009815216,0.9330000281333923,0.593999981880188
YDR163W,YMR305C,0,-0.013259506,0.1357288360595703,0.9330000281333923,0.5940999984741211
YBR079C,YNL106C,0,-0.013261756,0.13570909202098846,0.9330000281333923,0.5942000150680542
YPL268W,YCL020W,0,-0.01348591,0.13568934798240662,0.9330000281333923,0.5942999720573425
YGR257C,YML058W,0,-0.013619794,0.13566961884498596,0.9330000281333923,0.5943999886512756
YPL060C-A,YDR037W,0,-0.013632705,0.1356499046087265,0.9330000281333923,0.5945000052452087
YKL008C,YPR201W,0,-0.013644589,0.13563017547130585,0.9330000281333923,0.5946000218391418
YAR003W,YIR035C,0,-0.0136787575,0.1356104612350464,0.9330000281333923,0.5946999788284302
YBR077C,YER124C,0,-0.013730159,0.13559076189994812,0.9330000281333923,0.5947999954223633
YDR365W-B,YJL184W,0,-0.013752205,0.13557104766368866,0.9330000281333923,0.5949000120162964
YNR026C,YOR367W,0,-0.013776256,0.1355513632297516,0.9330000281333923,0.5950000286102295
YBR126C,YDR382W,0,-0.01383063,0.13553166389465332,0.9330000281333923,0.5950999855995178
YFL062W,YJL154C,0,-0.013841851,0.13551197946071625,0.9330000281333923,0.5952000021934509
YJL092W,YMR280C,0,-0.0138874855,0.13549230992794037,0.9330000281333923,0.595300018787384
YGR198W,YER074W-A,0,-0.013936771,0.1354726254940033,0.9330000281333923,0.5953999757766724
YJR152W,YKR025W,0,-0.013983911,0.13545295596122742,0.9330000281333923,0.5954999923706055
YNL069C,YER065C,0,-0.014100341,0.13543330132961273,0.9330000281333923,0.5956000089645386
YDR034C-D,YAR066W,0,-0.0141129065,0.13541364669799805,0.9330000281333923,0.5957000255584717
YPL242C,YFL052W,0,-0.014117835,0.13539399206638336,0.9330000281333923,0.59579998254776
YGR038W,YDR331W,0,-0.01425094,0.13537435233592987,0.9330000281333923,0.5958999991416931
YDL226C,YPL057C,0,-0.014359353,0.13535471260547638,0.9330000281333923,0.5960000157356262
YGL121C,YOR255W,0,-0.014526201,0.1353350728750229,0.9330000281333923,0.5960999727249146
YNR023W,YEL071W,0,-0.014546869,0.1353154480457306,0.9330000281333923,0.5961999893188477
YMR119W,YOL088C,0,-0.014587348,0.1352958232164383,0.9330000281333923,0.5963000059127808
YMR263W,YPR018W,0,-0.014619222,0.1352762132883072,0.9330000281333923,0.5964000225067139
YCR027C,YPL265W,0,-0.014683394,0.1352566033601761,0.9330000281333923,0.5964999794960022
YMR014W,YNL148C,0,-0.0147134345,0.13523699343204498,0.9330000281333923,0.5965999960899353
YIL131C,YMR190C,0,-0.014759092,0.13521739840507507,0.9330000281333923,0.5967000126838684
YLR157C-A,YBR236C,0,-0.014792407,0.13519780337810516,0.9330000281333923,0.5968000292778015
YNL315C,YBR171W,0,-0.01499301,0.13517820835113525,0.9330000281333923,0.5968999862670898
YKL152C,YFL034C-A,0,-0.015042564,0.13515862822532654,0.9330000281333923,0.597000002861023
YMR106C,YBL002W,0,-0.015098689,0.13513904809951782,0.9330000281333923,0.597100019454956
YGR108W,YDL104C,0,-0.015111169,0.1351194828748703,0.9330000281333923,0.5971999764442444
YDR147W,YLR148W,0,-0.015192764,0.13509991765022278,0.9330000281333923,0.5972999930381775
YBR199W,YER074W-A,0,-0.015196873,0.13508035242557526,0.9330000281333923,0.5974000096321106
YLR157C-A,YPL230W,0,-0.015210027,0.13506080210208893,0.9330000281333923,0.5975000262260437
YPR158W-A,YOR205C,0,-0.015271677,0.1350412517786026,0.9330000281333923,0.597599983215332
YGL038C,YGL145W,0,-0.015302902,0.13502170145511627,0.9330000281333923,0.5976999998092651
YLR157C-B,YLR133W,0,-0.015343985,0.13500216603279114,0.9330000281333923,0.5978000164031982
YLR332W,YOL027C,0,-0.015398545,0.1349826455116272,0.9330000281333923,0.5978999733924866
YJR095W,YOR064C,0,-0.01540439,0.13496311008930206,0.9330000281333923,0.5979999899864197
YDR163W,YDL104C,0,-0.015423341,0.13494358956813812,0.9330000281333923,0.5981000065803528
YPL212C,YMR134W,0,-0.015490113,0.13492408394813538,0.9330000281333923,0.5982000231742859
YPR082C,YPR124W,0,-0.015541879,0.13490456342697144,0.9330000281333923,0.5982999801635742
YOL016C,YGL100W,0,-0.015590517,0.13488507270812988,0.9330000281333923,0.5983999967575073
YLR013W,YJR144W,0,-0.015603771,0.13486556708812714,0.9330000281333923,0.5985000133514404
YGR161C-C,YNL312W,0,-0.015615029,0.13484607636928558,0.9330000281333923,0.5985999703407288
YBR227C,YLR089C,0,-0.015624119,0.13482658565044403,0.9330000281333923,0.5986999869346619
YKL167C,YBL071W-A,0,-0.015655776,0.13480710983276367,0.9330000281333923,0.598800003528595
YAR071W,YNL058C,0,-0.015661506,0.1347876340150833,0.9330000281333923,0.5989000201225281
YDR079C-A,YGR207C,0,-0.015718216,0.13476815819740295,0.9330000281333923,0.5989999771118164
YNL030W,YJL104W,0,-0.015721632,0.1347486972808838,0.9330000281333923,0.5990999937057495
YGR215W,YOR141C,0,-0.01572509,0.13472923636436462,0.9330000281333923,0.5992000102996826
YPL088W,YAL009W,0,-0.015769249,0.13470979034900665,0.9330000281333923,0.5993000268936157
YPL030W,YOR088W,0,-0.015845982,0.13469034433364868,0.9330000281333923,0.599399983882904
YPR082C,YMR083W,0,-0.015862523,0.1346708983182907,0.9330000281333923,0.5995000004768372
YDR141C,YKR039W,0,-0.015901161,0.13465146720409393,0.9330000281333923,0.5996000170707703
YLR034C,YLR135W,0,-0.015914692,0.13463203608989716,0.9330000281333923,0.5996999740600586
YGL100W,YPL118W,0,-0.015918477,0.13461260497570038,0.9330000281333923,0.5997999906539917
YOR234C,YNL275W,0,-0.015941141,0.1345931887626648,0.9330000281333923,0.5999000072479248
YOL110W,YDR162C,0,-0.015968429,0.1345737725496292,0.9330000281333923,0.6000000238418579
YPR104C,YML111W,0,-0.016044108,0.13455437123775482,0.9330000281333923,0.6000999808311462
YNL209W,YBR221C,0,-0.01604444,0.13453496992588043,0.9330000281333923,0.6001999974250793
YDL004W,YBR079C,0,-0.016092105,0.13451556861400604,0.9330000281333923,0.6003000140190125
YIL127C,YBR152W,0,-0.01610515,0.13449618220329285,0.9330000281333923,0.6003999710083008
YDR261C-C,YER118C,0,-0.016118577,0.13447679579257965,0.9330000281333923,0.6004999876022339
YGL065C,YLR453C,0,-0.016124962,0.13445740938186646,0.9330000281333923,0.600600004196167
YGR038C-A,YGR092W,0,-0.016156023,0.13443803787231445,0.9330000281333923,0.6007000207901001
YMR011W,YHL022C,0,-0.016173301,0.13441866636276245,0.9330000281333923,0.6007999777793884
YCL062W,YNL058C,0,-0.016176103,0.13439930975437164,0.9330000281333923,0.6008999943733215
YHL018W,YDR079C-A,0,-0.016185267,0.13437995314598083,0.9330000281333923,0.6010000109672546
YBL042C,YHR072W-A,0,-0.01621612,0.13436059653759003,0.9330000281333923,0.6011000275611877
YBR073W,YBR199W,0,-0.016254796,0.1343412548303604,0.9330000281333923,0.6011999845504761
YLR332W,YPL270W,0,-0.01625937,0.1343219131231308,0.9330000281333923,0.6013000011444092
YEL060C,YJL111W,0,-0.01627606,0.13430257141590118,0.9330000281333923,0.6014000177383423
YPL158C,YBL071W-A,0,-0.0163456,0.13428324460983276,0.9330000281333923,0.6014999747276306
YLR310C,YFL062W,0,-0.016349053,0.13426391780376434,0.9330000281333923,0.6015999913215637
YGR166W,YCR070W,0,-0.016398406,0.13424460589885712,0.9330000281333923,0.6017000079154968
YOR056C,YPL232W,0,-0.016404836,0.1342252939939499,0.9330000281333923,0.6018000245094299
YLR225C,YCL062W,0,-0.016504338,0.13420598208904266,0.9330000281333923,0.6018999814987183
YNL069C,YDR084C,0,-0.016507758,0.13418668508529663,0.9330000281333923,0.6019999980926514
YKL208W,YGR041W,0,-0.016511692,0.1341673880815506,0.9330000281333923,0.6021000146865845
YBR203W,YEL077C,0,-0.01660092,0.13414809107780457,0.9330000281333923,0.6021999716758728
YNR023W,YBL071W-A,0,-0.01665116,0.13412880897521973,0.9330000281333923,0.6022999882698059
YCR088W,YBR068C,0,-0.016651293,0.1341095268726349,0.9330000281333923,0.602400004863739
YOR298C-A,YDR210W-A,0,-0.016690372,0.13409025967121124,0.9330000281333923,0.6025000214576721
YML038C,YGR209C,0,-0.016697524,0.1340709924697876,0.9330000281333923,0.6025999784469604
YBL066C,YNL220W,0,-0.01676294,0.13405172526836395,0.9330000281333923,0.6026999950408936
YMR044W,YOL068C,0,-0.016786693,0.1340324729681015,0.9330000281333923,0.6028000116348267
YGR121C,YMR280C,0,-0.016811913,0.13401322066783905,0.9330000281333923,0.6029000282287598
YGR087C,YER074W-A,0,-0.016837874,0.1339939683675766,0.9330000281333923,0.6029999852180481
YDR349C,YBL071W-A,0,-0.016909102,0.13397473096847534,0.9330000281333923,0.6031000018119812
YLR342W,YDR365W-B,0,-0.01692151,0.13395549356937408,0.9330000281333923,0.6032000184059143
YDR365W-B,YJL099W,0,-0.01707861,0.13393625617027283,0.9330000281333923,0.6032999753952026
YNL071W,YDR186C,0,-0.01710382,0.13391703367233276,0.9330000281333923,0.6033999919891357
YPL256C,YDL132W,0,-0.017130097,0.1338978111743927,0.9330000281333923,0.6035000085830688
YJR152W,YEL077C,0,-0.017157046,0.13387860357761383,0.9330000281333923,0.603600025177002
YHR084W,YPL265W,0,-0.017196005,0.13385939598083496,0.9330000281333923,0.6036999821662903
YKR013W,YLL054C,0,-0.017222708,0.1338401883840561,0.9330000281333923,0.6037999987602234
YHL009W-A,YDL014W,0,-0.017272359,0.13382099568843842,0.9330000281333923,0.6039000153541565
YLR106C,YML073C,1,-0.017282313,0.13394521176815033,0.9340000152587891,0.6039000153541565
YNL279W,YLR022C,0,-0.017341001,0.13392600417137146,0.9340000152587891,0.6039999723434448
YGR109C,YGR284C,0,-0.01750022,0.13390681147575378,0.9340000152587891,0.6040999889373779
YIL085C,YNR036C,0,-0.017504087,0.1338876187801361,0.9340000152587891,0.604200005531311
YDR338C,YNL088W,0,-0.017517893,0.13386842608451843,0.9340000152587891,0.6043000221252441
YCL019W,YBL050W,0,-0.017538367,0.13384923338890076,0.9340000152587891,0.6043999791145325
YML066C,YMR134W,0,-0.017579911,0.13383005559444427,0.9340000152587891,0.6044999957084656
YEL011W,YDR079C-A,0,-0.017582009,0.133810892701149,0.9340000152587891,0.6046000123023987
YDR237W,YIL103W,0,-0.017629905,0.1337917149066925,0.9340000152587891,0.6047000288963318
YBR239C,YGL079W,0,-0.017658023,0.13377255201339722,0.9340000152587891,0.6047999858856201
YNL300W,YPL187W,0,-0.01768765,0.13375340402126312,0.9340000152587891,0.6049000024795532
YNL126W,YBR228W,0,-0.01771096,0.13373425602912903,0.9340000152587891,0.6050000190734863
YCR102C,YLR071C,0,-0.017715124,0.13371510803699493,0.9340000152587891,0.6050999760627747
YOR354C,YML038C,0,-0.017734861,0.13369596004486084,0.9340000152587891,0.6051999926567078
YFR046C,YMR214W,0,-0.0177654,0.13367682695388794,0.9340000152587891,0.6053000092506409
YGR161C-C,YBL066C,0,-0.017850606,0.13365769386291504,0.9340000152587891,0.605400025844574
YPL212C,YPR140W,0,-0.017855695,0.13363857567310333,0.9340000152587891,0.6054999828338623
YOL016C,YOL049W,0,-0.017876728,0.13361945748329163,0.9340000152587891,0.6055999994277954
YDR322C-A,YOR371C,0,-0.017969778,0.13360033929347992,0.9340000152587891,0.6057000160217285
YGR227W,YKR046C,0,-0.018026883,0.1335812360048294,0.9340000152587891,0.6057999730110168
YOR058C,YNL265C,0,-0.018158285,0.1335621327161789,0.9340000152587891,0.60589998960495
YHR191C,YDR079C-A,0,-0.018186266,0.13354304432868958,0.9340000152587891,0.6060000061988831
YOL049W,YPL230W,0,-0.018198965,0.13352394104003906,0.9340000152587891,0.6061000227928162
YDL194W,YBR127C,0,-0.018218493,0.13350485265254974,0.9340000152587891,0.6061999797821045
YLR077W,YBL071W-A,0,-0.018220419,0.13348577916622162,0.9340000152587891,0.6062999963760376
YLR144C,YDL147W,0,-0.018240107,0.1334667056798935,0.9340000152587891,0.6064000129699707
YJL091C,YPL046C,0,-0.018282855,0.13344763219356537,0.9340000152587891,0.6065000295639038
YLR388W,YDR079C-A,0,-0.018311692,0.13342857360839844,0.9340000152587891,0.6065999865531921
YOL088C,YBL071W-A,0,-0.018326437,0.1334095150232315,0.9340000152587891,0.6067000031471252
YKL008C,YCL062W,0,-0.018427676,0.13339045643806458,0.9340000152587891,0.6068000197410583
YDR261C-C,YOL033W,0,-0.018448299,0.13337141275405884,0.9340000152587891,0.6068999767303467
YJR129C,YKL211C,0,-0.018451853,0.1333523690700531,0.9340000152587891,0.6069999933242798
YNL300W,YNL083W,0,-0.01847498,0.13333334028720856,0.9340000152587891,0.6071000099182129
YDR365W-B,YLR272C,0,-0.018635223,0.13331429660320282,0.9340000152587891,0.607200026512146
YNL245C,YJR088C,0,-0.018662328,0.13329528272151947,0.9340000152587891,0.6072999835014343
YMR162C,YLR133W,0,-0.0186779,0.13327625393867493,0.9340000152587891,0.6074000000953674
YJL050W,YOL001W,0,-0.018685637,0.13325724005699158,0.9340000152587891,0.6075000166893005
YOR125C,YPL190C,0,-0.01876857,0.13323822617530823,0.9340000152587891,0.6075999736785889
YAR008W,YBR204C,0,-0.018771281,0.13321922719478607,0.9340000152587891,0.607699990272522
YKL152C,YIL157C,0,-0.018806724,0.13320022821426392,0.9340000152587891,0.6078000068664551
YGL044C,YDR480W,0,-0.018812036,0.13318122923374176,0.9340000152587891,0.6079000234603882
YJR007W,YBL071W-A,0,-0.018914593,0.1331622451543808,0.9340000152587891,0.6079999804496765
YNL275W,YIL067C,0,-0.018969433,0.13314326107501984,0.9340000152587891,0.6080999970436096
YNL316C,YGR065C,0,-0.01905167,0.13312429189682007,0.9340000152587891,0.6082000136375427
YKL112W,YBL071W-A,0,-0.019147852,0.1331053227186203,0.9340000152587891,0.608299970626831
YPL190C,YOL077W-A,0,-0.019152103,0.13308635354042053,0.9340000152587891,0.6083999872207642
YDR506C,YOR190W,0,-0.019200401,0.13306738436222076,0.9340000152587891,0.6085000038146973
YNL113W,YBL071W-A,0,-0.01923352,0.1330484300851822,0.9340000152587891,0.6086000204086304
YGR275W,YDR113C,0,-0.019264875,0.13302947580814362,0.9340000152587891,0.6086999773979187
YKL018W,YER001W,0,-0.019268392,0.13301053643226624,0.9340000152587891,0.6087999939918518
YNL064C,YGR027W-A,0,-0.019373542,0.13299159705638885,0.9340000152587891,0.6089000105857849
YJL063C,YBL105C,0,-0.019406049,0.13297267258167267,0.9340000152587891,0.609000027179718
YKL101W,YKL152C,0,-0.019540964,0.1329537332057953,0.9340000152587891,0.6090999841690063
YGR049W,YBR039W,0,-0.019547967,0.1329348087310791,0.9340000152587891,0.6092000007629395
YMR260C,YBL071W-A,0,-0.019557549,0.1329158991575241,0.9340000152587891,0.6093000173568726
YGL048C,YER054C,0,-0.01956991,0.13289698958396912,0.9340000152587891,0.6093999743461609
YCL010C,YLR035C,0,-0.019645182,0.13287808001041412,0.9340000152587891,0.609499990940094
YLR157C-A,YDL153C,0,-0.01968704,0.13285917043685913,0.9340000152587891,0.6096000075340271
YPL066W,YIL017C,0,-0.019731669,0.13284027576446533,0.9340000152587891,0.6097000241279602
YOR307C,YKL222C,0,-0.019837925,0.13282138109207153,0.9340000152587891,0.6097999811172485
YER039C,YLR310C,0,-0.019954605,0.13280250132083893,0.9340000152587891,0.6098999977111816
YBL006C,YMR106C,0,-0.020058041,0.13278362154960632,0.9340000152587891,0.6100000143051147
YDR365W-B,YPR009W,0,-0.0201741,0.13276474177837372,0.9340000152587891,0.6100999712944031
YDL207W,YDR180W,0,-0.020279659,0.1327458769083023,0.9340000152587891,0.6101999878883362
YBR265W,YDL222C,0,-0.020568041,0.1327270120382309,0.9340000152587891,0.6103000044822693
YMR280C,YER021W,0,-0.020620955,0.13270816206932068,0.9340000152587891,0.6104000210762024
YML126C,YPR094W,0,-0.020655,0.13268929719924927,0.9340000152587891,0.6104999780654907
YPL060C-A,YPR164W,0,-0.020685276,0.13267044723033905,0.9340000152587891,0.6105999946594238
YML014W,YLR089C,0,-0.020828662,0.13265161216259003,0.9340000152587891,0.6107000112533569
YDL232W,YML029W,0,-0.020904562,0.132632777094841,0.9340000152587891,0.61080002784729
YIL063C,YJL104W,0,-0.021069,0.13261394202709198,0.9340000152587891,0.6108999848365784
YIL016W,YML069W,0,-0.0212856,0.13259512186050415,0.9340000152587891,0.6110000014305115
YDL005C,YJL122W,0,-0.02130477,0.13257630169391632,0.9340000152587891,0.6111000180244446
YKL220C,YIL129C,0,-0.021349957,0.1325574815273285,0.9340000152587891,0.6111999750137329
YCL062W,YER018C,0,-0.02136947,0.13253867626190186,0.9340000152587891,0.611299991607666
YBR228W,YPL060C-A,0,-0.02140127,0.13251987099647522,0.9340000152587891,0.6114000082015991
YOR284W,YHR072W-A,0,-0.021411946,0.13250106573104858,0.9340000152587891,0.6115000247955322
YIR003W,YNL222W,0,-0.021496085,0.13248227536678314,0.9340000152587891,0.6115999817848206
YDL002C,YOL119C,0,-0.021509921,0.1324634850025177,0.9340000152587891,0.6116999983787537
YER146W,YDR237W,0,-0.021532884,0.13244469463825226,0.9340000152587891,0.6118000149726868
YOR149C,YEL077C,0,-0.021654619,0.132425919175148,0.9340000152587891,0.6118999719619751
YFR028C,YPR158W-A,0,-0.021679522,0.13240714371204376,0.9340000152587891,0.6119999885559082
YDL155W,YOL077W-A,0,-0.02169128,0.1323883831501007,0.9340000152587891,0.6121000051498413
YDR163W,YNL225C,0,-0.021785049,0.13236960768699646,0.9340000152587891,0.6122000217437744
YKL073W,YOL077W-A,0,-0.021828694,0.1323508620262146,0.9340000152587891,0.6122999787330627
YCL045C,YKL084W,0,-0.021879433,0.13233210146427155,0.9340000152587891,0.6123999953269958
YGR023W,YJL118W,0,-0.021948094,0.13231335580348969,0.9340000152587891,0.612500011920929
YER065C,YHR084W,0,-0.021974845,0.13229461014270782,0.9340000152587891,0.6126000285148621
YPR164W,YIL044C,0,-0.021991318,0.13227587938308716,0.9340000152587891,0.6126999855041504
YJL010C,YPL124W,0,-0.021996802,0.1322571486234665,0.9340000152587891,0.6128000020980835
YDL066W,YBL100W-A,0,-0.022132514,0.13223843276500702,0.9340000152587891,0.6129000186920166
YLR157C-A,YMR278W,0,-0.022140844,0.13221970200538635,0.9340000152587891,0.6129999756813049
YHR034C,YJL118W,0,-0.022267045,0.13220098614692688,0.9340000152587891,0.613099992275238
YBR073W,YOL119C,0,-0.02243062,0.1321822851896286,0.9340000152587891,0.6132000088691711
YDR210W-A,YKL157W,0,-0.022520175,0.13216358423233032,0.9340000152587891,0.6133000254631042
YER118C,YHL009W-A,0,-0.022549277,0.13214488327503204,0.9340000152587891,0.6133999824523926
YER058W,YBL027W,0,-0.022560475,0.13212618231773376,0.9340000152587891,0.6134999990463257
YGL245W,YER094C,0,-0.022662332,0.13210749626159668,0.9340000152587891,0.6136000156402588
YIL040W,YML118W,0,-0.022676734,0.1320888102054596,0.9340000152587891,0.6136999726295471
YNL321W,YBR004C,0,-0.022680758,0.1320701390504837,0.9340000152587891,0.6137999892234802
YMR263W,YGR192C,0,-0.022751419,0.1320514678955078,0.9340000152587891,0.6139000058174133
YDR027C,YGR038C-B,0,-0.022862906,0.13203279674053192,0.9340000152587891,0.6140000224113464
YDR099W,YBL071W-A,0,-0.022899164,0.13201414048671722,0.9340000152587891,0.6140999794006348
YHR115C,YOR245C,0,-0.022942843,0.13199548423290253,0.9340000152587891,0.6141999959945679
YIR007W,YBL036C,0,-0.022973185,0.13197682797908783,0.9340000152587891,0.614300012588501
YDR216W,YGR198W,0,-0.02306342,0.13195818662643433,0.9340000152587891,0.6144000291824341
YDR079C-A,YOR197W,0,-0.023101835,0.13193954527378082,0.9340000152587891,0.6144999861717224
YBR293W,YPL192C,0,-0.023200667,0.13192090392112732,0.9340000152587891,0.6146000027656555
YAR003W,YDL222C,0,-0.023341639,0.131902277469635,0.9340000152587891,0.6147000193595886
YHR039C,YPR140W,0,-0.023402935,0.1318836510181427,0.9340000152587891,0.614799976348877
YGR161C-C,YOR171C,0,-0.023408214,0.1318650245666504,0.9340000152587891,0.6148999929428101
YER021W,YGL055W,0,-0.023422612,0.13184641301631927,0.9340000152587891,0.6150000095367432
YNL053W,YBL071W-A,0,-0.023555586,0.13182780146598816,0.9340000152587891,0.6151000261306763
YKL049C,YGL166W,0,-0.02372217,0.13180920481681824,0.9340000152587891,0.6151999831199646
YBR200W,YDR210W-A,0,-0.023724211,0.13179060816764832,0.9340000152587891,0.6152999997138977
YPL045W,YLR399C,0,-0.023944376,0.1317720115184784,0.9340000152587891,0.6154000163078308
YIL065C,YGL008C,0,-0.023964236,0.13175341486930847,0.9340000152587891,0.6154999732971191
YLL039C,YHL009W-A,0,-0.02397283,0.13173483312129974,0.9340000152587891,0.6155999898910522
YIR010W,YER160C,0,-0.023996724,0.1317162662744522,0.9340000152587891,0.6157000064849854
YGL150C,YDL122W,0,-0.024002058,0.13169768452644348,0.9340000152587891,0.6158000230789185
YMR309C,YCR020W-B,0,-0.02406486,0.13167911767959595,0.9340000152587891,0.6158999800682068
YOR307C,YHR018C,0,-0.024085788,0.1316605508327484,0.9340000152587891,0.6159999966621399
YCR102C,YOR255W,0,-0.024124978,0.13164199888706207,0.9340000152587891,0.616100013256073
YNL305C,YIL031W,0,-0.024227275,0.13162344694137573,0.9340000152587891,0.6161999702453613
YBL050W,YIL015W,0,-0.024233503,0.13160490989685059,0.9340000152587891,0.6162999868392944
YJL145W,YJR152W,0,-0.024242213,0.13158635795116425,0.9340000152587891,0.6164000034332275
YLR138W,YBL071W-A,0,-0.024300883,0.1315678209066391,0.9340000152587891,0.6165000200271606
YCR027C,YER075C,0,-0.024312956,0.13154929876327515,0.9340000152587891,0.616599977016449
YPL152W,YCR017C,0,-0.024396567,0.1315307766199112,0.9340000152587891,0.6166999936103821
YER069W,YNR036C,0,-0.024440954,0.13151225447654724,0.9340000152587891,0.6168000102043152
YDR210W,YIR013C,0,-0.024473479,0.1314937323331833,0.9340000152587891,0.6169000267982483
YDR314C,YDR153C,0,-0.024514174,0.13147522509098053,0.9340000152587891,0.6169999837875366
YGR038C-B,YJL118W,0,-0.024542136,0.13145671784877777,0.9340000152587891,0.6171000003814697
YGL023C,YNR036C,0,-0.024666203,0.1314382255077362,0.9340000152587891,0.6172000169754028
YGR161C-C,YHR072W,0,-0.024678206,0.13141973316669464,0.9340000152587891,0.6172999739646912
YPL152W,YLR027C,0,-0.024729824,0.13140124082565308,0.9340000152587891,0.6173999905586243
YMR293C,YNR051C,0,-0.024873888,0.1313827484846115,0.9340000152587891,0.6175000071525574
YML130C,YHL001W,0,-0.024958538,0.13136427104473114,0.9340000152587891,0.6176000237464905
YCR071C,YBR229C,0,-0.025005816,0.13134580850601196,0.9340000152587891,0.6176999807357788
YLR035C,YGL245W,0,-0.025038509,0.1313273310661316,0.9340000152587891,0.6177999973297119
YGR133W,YJL207C,0,-0.025114445,0.13130886852741241,0.9340000152587891,0.617900013923645
YHL018W,YGR067C,0,-0.02519278,0.13129040598869324,0.9340000152587891,0.6179999709129333
YBL004W,YNL058C,0,-0.025232201,0.13127195835113525,0.9340000152587891,0.6180999875068665
YKR013W,YCR089W,0,-0.025244383,0.13125351071357727,0.9340000152587891,0.6182000041007996
YPL020C,YOR190W,0,-0.0252996,0.13123507797718048,0.9340000152587891,0.6183000206947327
YIR022W,YDL188C,0,-0.025313696,0.1312166303396225,0.9340000152587891,0.618399977684021
YHR183W,YDL161W,0,-0.025401203,0.1311981976032257,0.9340000152587891,0.6184999942779541
YDR261C-C,YDR194C,0,-0.02550069,0.1311797797679901,0.9340000152587891,0.6186000108718872
YHR016C,YHL020C,0,-0.025603442,0.13116134703159332,0.9340000152587891,0.6187000274658203
YBR073W,YGR161C-C,0,-0.025800837,0.13114294409751892,0.9340000152587891,0.6187999844551086
YBL066C,YPL030W,0,-0.025826512,0.13112452626228333,0.9340000152587891,0.6189000010490417
YHR187W,YLR369W,0,-0.025872944,0.13110612332820892,0.9340000152587891,0.6190000176429749
YJR137C,YER004W,0,-0.025903529,0.13108772039413452,0.9340000152587891,0.6190999746322632
YCR017C,YOL034W,0,-0.0259497,0.13106931746006012,0.9340000152587891,0.6191999912261963
YDR099W,YER074W-A,0,-0.02595695,0.1310509294271469,0.9340000152587891,0.6193000078201294
YHR183W,YKR087C,0,-0.026041387,0.1310325413942337,0.9340000152587891,0.6194000244140625
YGL099W,YCL010C,0,-0.026050227,0.1310141682624817,0.9340000152587891,0.6194999814033508
YJL145W,YGL184C,0,-0.026097653,0.13099579513072968,0.9340000152587891,0.6195999979972839
YJL063C,YPR066W,0,-0.026128074,0.13097742199897766,0.9340000152587891,0.619700014591217
YAL014C,YGR140W,0,-0.026223285,0.13095906376838684,0.9340000152587891,0.6197999715805054
YKL073W,YLR117C,0,-0.026228188,0.13094070553779602,0.9340000152587891,0.6198999881744385
YGR231C,YPR004C,0,-0.026278375,0.1309223473072052,0.9340000152587891,0.6200000047683716
YNL300W,YBL071W-A,0,-0.026361508,0.13090398907661438,0.9340000152587891,0.6201000213623047
YLR135W,YPL066W,0,-0.02637778,0.13088564574718475,0.9340000152587891,0.620199978351593
YHR039C,YOR094W,0,-0.026514372,0.13086731731891632,0.9340000152587891,0.6202999949455261
YMR202W,YER021W,0,-0.026569499,0.1308489739894867,0.9340000152587891,0.6204000115394592
YJR088C,YOR303W,0,-0.026574073,0.13083064556121826,0.9340000152587891,0.6205000281333923
YPL060C-A,YGR027W-A,0,-0.026629878,0.13081233203411102,0.9340000152587891,0.6205999851226807
YLR138W,YML121W,0,-0.026653437,0.1307940036058426,0.9340000152587891,0.6207000017166138
YGR133W,YGR109C,0,-0.026669307,0.13077569007873535,0.9340000152587891,0.6208000183105469
YNL005C,YBL071W-A,0,-0.026719594,0.1307573914527893,0.9340000152587891,0.6208999752998352
YGR068C,YNL005C,0,-0.026817119,0.13073907792568207,0.9340000152587891,0.6209999918937683
YOR336W,YPL187W,0,-0.026939971,0.13072077929973602,0.9340000152587891,0.6211000084877014
YOR007C,YLL036C,0,-0.026961653,0.13070249557495117,0.9340000152587891,0.6212000250816345
YPR140W,YOR198C,0,-0.027097164,0.13068419694900513,0.9340000152587891,0.6212999820709229
YLR274W,YPL057C,0,-0.027204236,0.13066591322422028,0.9340000152587891,0.621399998664856
YDR210W-A,YIR010W,0,-0.02723139,0.13064764440059662,0.9340000152587891,0.6215000152587891
YGL033W,YKR045C,0,-0.027258677,0.13062937557697296,0.9340000152587891,0.6215999722480774
YFL009W,YKL152C,0,-0.027307881,0.1306111067533493,0.9340000152587891,0.6216999888420105
YDR214W,YBL067C,0,-0.027312377,0.13059283792972565,0.9340000152587891,0.6218000054359436
YPR151C,YOR344C,0,-0.027336447,0.13057458400726318,0.9340000152587891,0.6219000220298767
YGL145W,YHR018C,0,-0.027355446,0.13055633008480072,0.9340000152587891,0.621999979019165
YBL046W,YHR072W-A,0,-0.027402112,0.13053809106349945,0.9340000152587891,0.6220999956130981
YOL077W-A,YGR128C,0,-0.027414711,0.130519837141037,0.9340000152587891,0.6222000122070312
YLR342W,YHR072W-A,0,-0.027451964,0.1305016130208969,0.9340000152587891,0.6223000288009644
YHL022C,YGL125W,0,-0.027461333,0.13048337399959564,0.9340000152587891,0.6223999857902527
YBR203W,YGR275W,0,-0.027480407,0.13046514987945557,0.9340000152587891,0.6225000023841858
YGR049W,YNL326C,0,-0.027483972,0.1304469257593155,0.9340000152587891,0.6226000189781189
YMR116C,YCR020W-B,0,-0.027561689,0.1304287165403366,0.9340000152587891,0.6226999759674072
YML131W,YPR052C,0,-0.027566208,0.13041049242019653,0.9340000152587891,0.6227999925613403
YPL236C,YPL242C,0,-0.0276185,0.13039229810237885,0.9340000152587891,0.6229000091552734
YEL060C,YBR221C,0,-0.027678607,0.13037408888339996,0.9340000152587891,0.6230000257492065
YHR043C,YNL326C,0,-0.02773915,0.13035589456558228,0.9340000152587891,0.6230999827384949
YPL108W,YOR088W,0,-0.02778141,0.1303377002477646,0.9340000152587891,0.623199999332428
YPR107C,YOR058C,0,-0.027792541,0.1303195208311081,0.9340000152587891,0.6233000159263611
YGR257C,YGL255W,0,-0.027835904,0.1303013414144516,0.9340000152587891,0.6233999729156494
YAL005C,YLR081W,0,-0.027921347,0.1302831619977951,0.9340000152587891,0.6234999895095825
YGR161C-C,YGR092W,0,-0.027924588,0.1302649974822998,0.9340000152587891,0.6236000061035156
YLR155C,YOR030W,0,-0.027992042,0.1302468329668045,0.9340000152587891,0.6237000226974487
YGL038C,YGL097W,0,-0.028005688,0.1302286684513092,0.9340000152587891,0.6237999796867371
YFL009W,YOR295W,0,-0.028060725,0.1302105188369751,0.9340000152587891,0.6238999962806702
YIL162W,YBR215W,0,-0.028180277,0.1301923543214798,0.9340000152587891,0.6240000128746033
YAL005C,YDR452W,0,-0.028215831,0.13017421960830688,0.9340000152587891,0.6241000294685364
YMR161W,YPL023C,0,-0.028227685,0.13015606999397278,0.9340000152587891,0.6241999864578247
YML110C,YGL012W,0,-0.028232826,0.13013793528079987,0.9340000152587891,0.6243000030517578
YDR182W,YBR073W,0,-0.028346298,0.13011981546878815,0.9340000152587891,0.6244000196456909
YIL091C,YOR030W,0,-0.0284707,0.13010168075561523,0.9340000152587891,0.6244999766349792
YBR083W,YKL012W,0,-0.02849224,0.13008356094360352,0.9340000152587891,0.6245999932289124
YJL209W,YDR314C,0,-0.028495653,0.130065456032753,0.9340000152587891,0.6247000098228455
YKR060W,YDL188C,0,-0.028498603,0.13004733622074127,0.9340000152587891,0.6248000264167786
YIL117C,YER122C,0,-0.02854084,0.13002923130989075,0.9340000152587891,0.6248999834060669
YGL181W,YLR308W,0,-0.028550586,0.13001114130020142,0.9340000152587891,0.625
YKL176C,YBR244W,0,-0.028559757,0.1299930363893509,0.9340000152587891,0.6251000165939331
YDR324C,YOR303W,0,-0.028630076,0.12997494637966156,0.9340000152587891,0.6251999735832214
YDR519W,YDR452W,0,-0.02883154,0.12995687127113342,0.9340000152587891,0.6252999901771545
YHR034C,YML075C,0,-0.028846873,0.1299387812614441,0.9340000152587891,0.6254000067710876
YIL127C,YOR130C,0,-0.028855542,0.12992070615291595,0.9340000152587891,0.6255000233650208
YBR098W,YPL046C,0,-0.028858019,0.129902645945549,0.9340000152587891,0.6255999803543091
YOR202W,YLR133W,0,-0.028952932,0.12988457083702087,0.9340000152587891,0.6256999969482422
YLR342W,YIR028W,0,-0.028969793,0.12986652553081512,0.9340000152587891,0.6258000135421753
YBL045C,YHL018W,0,-0.02904283,0.12984846532344818,0.9340000152587891,0.6258999705314636
YHR188C,YOR255W,0,-0.02912051,0.12983042001724243,0.9340000152587891,0.6259999871253967
YGR161C-C,YBR293W,0,-0.029172232,0.12981237471103668,0.9340000152587891,0.6261000037193298
YDR365W-B,YOL077W-A,0,-0.029213166,0.12979432940483093,0.9340000152587891,0.6262000203132629
YJL063C,YBR004C,0,-0.029319702,0.12977629899978638,0.9340000152587891,0.6262999773025513
YDL002C,YOR234C,0,-0.02932815,0.12975826859474182,0.9340000152587891,0.6263999938964844
YGL033W,YLR022C,0,-0.029404541,0.12974023818969727,0.9340000152587891,0.6265000104904175
YKL176C,YNL125C,0,-0.029452937,0.1297222226858139,0.9340000152587891,0.6266000270843506
YKR010C,YDR162C,0,-0.029469958,0.12970420718193054,0.9340000152587891,0.6266999840736389
YJR090C,YDL213C,0,-0.029485745,0.12968619167804718,0.9340000152587891,0.626800000667572
YIL082W-A,YDL213C,0,-0.029556429,0.129668191075325,0.9340000152587891,0.6269000172615051
YBL046W,YKL152C,0,-0.029603204,0.12965019047260284,0.9340000152587891,0.6269999742507935
YER058W,YDL058W,0,-0.029627917,0.12963220477104187,0.9340000152587891,0.6270999908447266
YDR073W,YBL036C,0,-0.029659344,0.1296142041683197,0.9340000152587891,0.6272000074386597
YIL041W,YGR068C,0,-0.029736018,0.12959621846675873,0.9340000152587891,0.6273000240325928
YJL116C,YMR047C,0,-0.029786466,0.12957824766635895,0.9340000152587891,0.6273999810218811
YGR038C-B,YOR077W,0,-0.029850228,0.12956027686595917,0.9340000152587891,0.6274999976158142
YMR244C-A,YBR244W,0,-0.029914984,0.1295423060655594,0.9340000152587891,0.6276000142097473
YDR294C,YFL050C,0,-0.029973181,0.1295243352651596,0.9340000152587891,0.6276999711990356
YDR307W,YHR152W,0,-0.030116348,0.12950637936592102,0.9340000152587891,0.6277999877929688
YHR063C,YDL126C,0,-0.030120848,0.12948842346668243,0.9340000152587891,0.6279000043869019
YOL008W,YAR008W,0,-0.03025086,0.12947046756744385,0.9340000152587891,0.628000020980835
YJR056C,YIL168W,0,-0.030260725,0.12945252656936646,0.9340000152587891,0.6280999779701233
YDL052C,YOL058W,0,-0.03036823,0.12943458557128906,0.9340000152587891,0.6281999945640564
YLR128W,YMR024W,0,-0.030373124,0.12941665947437286,0.9340000152587891,0.6283000111579895
YLR157C-A,YLR174W,0,-0.030400133,0.12939871847629547,0.9340000152587891,0.6284000277519226
YNL323W,YDR266C,0,-0.030542387,0.12938080728054047,0.9340000152587891,0.6284999847412109
YJR152W,YCR097W,0,-0.030543981,0.12936288118362427,0.9340000152587891,0.628600001335144
YNL064C,YDR363W,0,-0.03065603,0.12934496998786926,0.9340000152587891,0.6287000179290771
YIL082W-A,YBR154C,0,-0.030784858,0.12932705879211426,0.9340000152587891,0.6287999749183655
YOR140W,YPL057C,0,-0.030817447,0.12930914759635925,0.9340000152587891,0.6288999915122986
YKL027W,YPR164W,0,-0.0308592,0.12929125130176544,0.9340000152587891,0.6290000081062317
YMR260C,YGR163W,0,-0.030861316,0.12927335500717163,0.9340000152587891,0.6291000247001648
YLR226W,YCR089W,0,-0.030877618,0.129255473613739,0.9340000152587891,0.6291999816894531
YBR132C,YLR157C-B,0,-0.03089062,0.1292375773191452,0.9340000152587891,0.6292999982833862
YGL099W,YKR086W,0,-0.030950023,0.12921969592571259,0.9340000152587891,0.6294000148773193
YNR073C,YBR044C,0,-0.031036718,0.12920182943344116,0.9340000152587891,0.6294999718666077
YJL115W,YER183C,0,-0.03110901,0.12918396294116974,0.9340000152587891,0.6295999884605408
YDL232W,YJL099W,0,-0.03111207,0.12916609644889832,0.9340000152587891,0.6297000050544739
YJL123C,YGR161C-C,0,-0.031122437,0.1291482299566269,0.9340000152587891,0.629800021648407
YDR016C,YDR123C,0,-0.031169636,0.12913037836551666,0.9340000152587891,0.6298999786376953
YLR406C,YDL214C,0,-0.031228835,0.12911252677440643,0.9340000152587891,0.6299999952316284
YLR110C,YDL122W,0,-0.031555742,0.1290946751832962,0.9340000152587891,0.6301000118255615
YJL145W,YPL060C-A,0,-0.031571895,0.12907683849334717,0.9340000152587891,0.6302000284194946
YCR028C-A,YBR201W,0,-0.03157223,0.12905900180339813,0.9340000152587891,0.630299985408783
YMR021C,YNL113W,0,-0.031594828,0.1290411651134491,0.9340000152587891,0.6304000020027161
YOR328W,YLR308W,0,-0.031643018,0.12902334332466125,0.9340000152587891,0.6305000185966492
YDR214W,YGR161C-C,0,-0.031759262,0.1290055215358734,0.9340000152587891,0.6305999755859375
YAL005C,YKL096W,0,-0.031872533,0.12898771464824677,0.9340000152587891,0.6306999921798706
YOR144C,YGR121C,0,-0.031893574,0.12896989285945892,0.9340000152587891,0.6308000087738037
YGR038C-A,YDL010W,0,-0.031893678,0.12895208597183228,0.9340000152587891,0.6309000253677368
YER141W,YEL009C,0,-0.031894743,0.12893429398536682,0.9340000152587891,0.6309999823570251
YOR312C,YFR044C,0,-0.031920128,0.12891648709774017,0.9340000152587891,0.6310999989509583
YLL052C,YJL020C,0,-0.031921223,0.1288987100124359,0.9340000152587891,0.6312000155448914
YGL033W,YPL015C,0,-0.03192979,0.12888091802597046,0.9340000152587891,0.6312999725341797
YJR056C,YBR106W,0,-0.032074332,0.1288631409406662,0.9340000152587891,0.6313999891281128
YBR057C,YDR484W,0,-0.03211981,0.12884536385536194,0.9340000152587891,0.6315000057220459
YCR073C,YDR484W,0,-0.032155596,0.12882758677005768,0.9340000152587891,0.631600022315979
YCL019W,YML126C,0,-0.03222482,0.1288098245859146,0.9340000152587891,0.6316999793052673
YPL005W,YOL077W-A,0,-0.032247126,0.12879206240177155,0.9340000152587891,0.6317999958992004
YJR086W,YER004W,0,-0.03229791,0.12877430021762848,0.9340000152587891,0.6319000124931335
YJR095W,YOR088W,0,-0.03244125,0.1287565529346466,0.9340000152587891,0.6320000290870667
YOR298C-A,YOR058C,0,-0.03245701,0.12873880565166473,0.9340000152587891,0.632099986076355
YBL004W,YDR489W,0,-0.032508656,0.12872105836868286,0.9340000152587891,0.6322000026702881
YGL047W,YDR079C-A,0,-0.032510437,0.12870332598686218,0.9340000152587891,0.6323000192642212
YHL018W,YKL012W,0,-0.03252624,0.1286855936050415,0.9340000152587891,0.6323999762535095
YIL023C,YDR153C,0,-0.032531023,0.12866786122322083,0.9340000152587891,0.6324999928474426
YGL124C,YGR280C,0,-0.032634363,0.12865014374256134,0.9340000152587891,0.6326000094413757
YER039C,YJR017C,0,-0.032669082,0.12863242626190186,0.9340000152587891,0.6327000260353088
YIL023C,YPL242C,0,-0.03272544,0.12861470878124237,0.9340000152587891,0.6327999830245972
YMR288W,YKR042W,0,-0.032773495,0.12859699130058289,0.9340000152587891,0.6328999996185303
YDR452W,YOR088W,0,-0.03281881,0.1285792887210846,0.9340000152587891,0.6330000162124634
YER069W,YGR231C,0,-0.032853037,0.1285616010427475,0.9340000152587891,0.6330999732017517
YNL329C,YLR355C,0,-0.03293194,0.1285438984632492,0.9340000152587891,0.6331999897956848
YBR103W,YJR144W,0,-0.03297551,0.1285262107849121,0.9340000152587891,0.6333000063896179
YCR079W,YOR210W,0,-0.03300874,0.128508523106575,0.9340000152587891,0.633400022983551
YLR372W,YKR039W,0,-0.033009566,0.1284908503293991,0.9340000152587891,0.6334999799728394
YCR067C,YCR083W,0,-0.03304576,0.1284731775522232,0.9340000152587891,0.6335999965667725
YER078C,YKL073W,0,-0.033076465,0.1284555047750473,0.9340000152587891,0.6337000131607056
YDL042C,YNL047C,0,-0.033170894,0.1284378468990326,0.9340000152587891,0.6338000297546387
YIL063C,YBR236C,0,-0.033290915,0.12842018902301788,0.9340000152587891,0.633899986743927
YBR083W,YPL162C,0,-0.033389017,0.12840253114700317,0.9340000152587891,0.6340000033378601
YBR018C,YIL105C,0,-0.033454195,0.12838487327098846,0.9340000152587891,0.6341000199317932
YLR157C-A,YPL005W,0,-0.03353607,0.12836723029613495,0.9340000152587891,0.6341999769210815
YPR020W,YKR025W,0,-0.033646747,0.12834958732128143,0.9340000152587891,0.6342999935150146
YOR344C,YGR261C,0,-0.033678822,0.1283319592475891,0.9340000152587891,0.6344000101089478
YJL010C,YPR101W,0,-0.033706836,0.1283143311738968,0.9340000152587891,0.6345000267028809
YER094C,YPR056W,0,-0.03387846,0.12829670310020447,0.9340000152587891,0.6345999836921692
YGR038C-A,YLR421C,0,-0.03393306,0.12827908992767334,0.9340000152587891,0.6347000002861023
YMR283C,YGR038C-B,0,-0.034008995,0.12826146185398102,0.9340000152587891,0.6348000168800354
YDR142C,YBR133C,0,-0.03402929,0.1282438486814499,0.9340000152587891,0.6348999738693237
YGR227W,YJL074C,0,-0.034150526,0.12822625041007996,0.9340000152587891,0.6349999904632568
YGR027W-A,YBR110W,0,-0.034197778,0.12820865213871002,0.9340000152587891,0.6351000070571899
YBR235W,YGR172C,0,-0.03432808,0.1281910538673401,0.9340000152587891,0.635200023651123
YAL005C,YOR144C,0,-0.0344285,0.12817345559597015,0.9340000152587891,0.6352999806404114
YCR069W,YLR157C-B,0,-0.03447832,0.1281558722257614,0.9340000152587891,0.6353999972343445
YGR038C-A,YCR034W,0,-0.03448274,0.12813828885555267,0.9340000152587891,0.6355000138282776
YBR039W,YLR081W,0,-0.034785867,0.12812072038650513,0.9340000152587891,0.6355999708175659
YOR368W,YLR002C,0,-0.034920156,0.1281031370162964,0.9340000152587891,0.635699987411499
YOL091W,YKL211C,0,-0.035068363,0.12808556854724884,0.9340000152587891,0.6358000040054321
YNL088W,YHR102W,0,-0.035085574,0.1280680149793625,0.9340000152587891,0.6359000205993652
YDR051C,YHR072W-A,0,-0.03511306,0.12805044651031494,0.9340000152587891,0.6359999775886536
YKR081C,YKL213C,0,-0.035142243,0.1280328929424286,0.9340000152587891,0.6360999941825867
YMR113W,YGL133W,0,-0.03515584,0.12801535427570343,0.9340000152587891,0.6362000107765198
YGL166W,YCR033W,0,-0.035196945,0.12799780070781708,0.9340000152587891,0.6363000273704529
YDR261C-C,YFL016C,0,-0.03531594,0.12798026204109192,0.9340000152587891,0.6363999843597412
YHR178W,YNL326C,0,-0.03541656,0.12796273827552795,0.9340000152587891,0.6365000009536743
YJL018W,YGR041W,0,-0.03551481,0.1279451996088028,0.9340000152587891,0.6366000175476074
YPL266W,YPL057C,0,-0.03551951,0.12792767584323883,0.9340000152587891,0.6366999745368958
YOR056C,YLR013W,0,-0.035568297,0.12791016697883606,0.9340000152587891,0.6367999911308289
YLR298C,YCL026C-A,0,-0.03560306,0.1278926432132721,0.9340000152587891,0.636900007724762
YBR018C,YOR077W,0,-0.03560839,0.12787513434886932,0.9340000152587891,0.6370000243186951
YCR028C-A,YML123C,0,-0.035635144,0.12785762548446655,0.9340000152587891,0.6370999813079834
YHR115C,YDR001C,0,-0.03584373,0.12784013152122498,0.9340000152587891,0.6371999979019165
YLR369W,YGL234W,0,-0.035879463,0.1278226375579834,0.9340000152587891,0.6373000144958496
YOR328W,YKL084W,0,-0.035895184,0.12780514359474182,0.9340000152587891,0.6373999714851379
YAR050W,YNL327W,0,-0.036112078,0.12778766453266144,0.9340000152587891,0.637499988079071
YOL119C,YLR378C,0,-0.036266625,0.12777017056941986,0.9340000152587891,0.6376000046730042
YKR010C,YDR186C,0,-0.036355346,0.12775270640850067,0.9340000152587891,0.6377000212669373
YDR006C,YDR267C,0,-0.036468327,0.1277352273464203,0.9340000152587891,0.6377999782562256
YBR235W,YGR280C,0,-0.036669582,0.1277177631855011,0.9340000152587891,0.6378999948501587
YBR127C,YPL003W,0,-0.036709443,0.1277002990245819,0.9340000152587891,0.6380000114440918
YPL046C,YLR117C,0,-0.036841676,0.1276828497648239,0.9340000152587891,0.6381000280380249
YGR067C,YGL179C,0,-0.03696867,0.12766538560390472,0.9340000152587891,0.6381999850273132
YOR328W,YLR216C,0,-0.037141234,0.12764793634414673,0.9340000152587891,0.6383000016212463
YBL102W,YDR210W-A,0,-0.037143223,0.12763050198554993,0.9340000152587891,0.6384000182151794
YGR092W,YJL036W,0,-0.03716941,0.12761306762695312,0.9340000152587891,0.6384999752044678
YKL113C,YMR251W-A,0,-0.03726717,0.12759563326835632,0.9340000152587891,0.6385999917984009
YLR069C,YHL009W-A,0,-0.03727418,0.12757819890975952,0.9340000152587891,0.638700008392334
YIR022W,YFL016C,0,-0.037389487,0.1275607794523239,0.9340000152587891,0.6388000249862671
YNL021W,YLR022C,0,-0.037467703,0.1275433599948883,0.9340000152587891,0.6388999819755554
YJR090C,YMR083W,0,-0.037471943,0.1275259405374527,0.9340000152587891,0.6389999985694885
YLR132C,YOL021C,0,-0.037685394,0.12750853598117828,0.9340000152587891,0.6391000151634216
YKL112W,YCR020W-B,0,-0.037707,0.12749113142490387,0.9340000152587891,0.63919997215271
YOR095C,YGL184C,0,-0.037723094,0.12747372686862946,0.9340000152587891,0.6392999887466431
YGR048W,YBR135W,0,-0.037775874,0.12745633721351624,0.9340000152587891,0.6394000053405762
YJR014W,YDL239C,0,-0.03782195,0.12743894755840302,0.9340000152587891,0.6395000219345093
YPL158C,YIL017C,0,-0.037914187,0.1274215579032898,0.9340000152587891,0.6395999789237976
YHR062C,YLL028W,0,-0.037993528,0.12740416824817657,0.9340000152587891,0.6396999955177307
YER146W,YOR130C,0,-0.037993558,0.12738679349422455,0.9340000152587891,0.6398000121116638
YCR027C,YFL003C,0,-0.03815648,0.12736941874027252,0.9340000152587891,0.6399000287055969
YCL062W,YOR064C,0,-0.038176768,0.1273520588874817,0.9340000152587891,0.6399999856948853
YHL022C,YGL013C,0,-0.038182564,0.12733469903469086,0.9340000152587891,0.6401000022888184
YDL194W,YDR210W-A,0,-0.0381926,0.12731733918190002,0.9340000152587891,0.6402000188827515
YPL246C,YDL239C,0,-0.03839186,0.1272999793291092,0.9340000152587891,0.6402999758720398
YBL040C,YPL241C,0,-0.038473368,0.12728263437747955,0.9340000152587891,0.6403999924659729
YCL062W,YOL017W,0,-0.038504377,0.12726528942584991,0.9340000152587891,0.640500009059906
YJL203W,YBR204C,0,-0.038667835,0.12724795937538147,0.9340000152587891,0.6406000256538391
YPR158W-A,YPL081W,0,-0.038714625,0.12723062932491302,0.9340000152587891,0.6406999826431274
YML130C,YPL242C,0,-0.038820714,0.12721329927444458,0.9340000152587891,0.6407999992370605
YFR009W,YHR034C,0,-0.038945243,0.12719596922397614,0.9340000152587891,0.6409000158309937
YLR035C,YOL077W-A,0,-0.03896468,0.12717865407466888,0.9340000152587891,0.640999972820282
YCR070W,YFL002C,0,-0.038965404,0.12716133892536163,0.9340000152587891,0.6410999894142151
YBR098W,YOR231W,0,-0.03896901,0.12714402377605438,0.9340000152587891,0.6412000060081482
YHR079C-A,YHR034C,0,-0.03899482,0.12712672352790833,0.9340000152587891,0.6413000226020813
YJL018W,YIL158W,0,-0.039055534,0.12710942327976227,0.9340000152587891,0.6413999795913696
YGR132C,YPL192C,0,-0.039123178,0.1270921230316162,0.9340000152587891,0.6414999961853027
YLR242C,YDR293C,0,-0.03915286,0.12707482278347015,0.9340000152587891,0.6416000127792358
YCR089W,YGR091W,0,-0.03923922,0.1270575374364853,0.9340000152587891,0.641700029373169
YPL060C-A,YER124C,0,-0.039294086,0.12704026699066162,0.9340000152587891,0.6417999863624573
YMR288W,YGR161C-C,0,-0.039365888,0.12702298164367676,0.9340000152587891,0.6419000029563904
YML033W,YOL044W,0,-0.039439,0.1270057111978531,0.9340000152587891,0.6420000195503235
YCL019W,YJR159W,0,-0.039501414,0.12698844075202942,0.9340000152587891,0.6420999765396118
YLR310C,YMR083W,0,-0.03951303,0.12697118520736694,0.9340000152587891,0.6421999931335449
YER069W,YGR038C-B,0,-0.039529137,0.12695391476154327,0.9340000152587891,0.642300009727478
YPL132W,YDR043C,0,-0.03953833,0.126936674118042,0.9340000152587891,0.6424000263214111
YBR298C,YPL249C,0,-0.039566338,0.12691941857337952,0.9340000152587891,0.6424999833106995
YPL268W,YMR189W,0,-0.03958734,0.12690217792987823,0.9340000152587891,0.6425999999046326
YLR157C-A,YDR324C,0,-0.039722823,0.12688493728637695,0.9340000152587891,0.6427000164985657
YJR099W,YNL321W,0,-0.039794818,0.12686769664287567,0.9340000152587891,0.642799973487854
YER073W,YPL187W,0,-0.039979994,0.12685047090053558,0.9340000152587891,0.6428999900817871
YLR069C,YMR113W,0,-0.039983995,0.1268332451581955,0.9340000152587891,0.6430000066757202
YIL127C,YOR329C,0,-0.04001365,0.1268160194158554,0.9340000152587891,0.6431000232696533
YGL130W,YDR324C,0,-0.040029585,0.1267988085746765,0.9340000152587891,0.6431999802589417
YKL209C,YDR307W,0,-0.0400773,0.12678159773349762,0.9340000152587891,0.6432999968528748
YKR067W,YBL046W,0,-0.040094636,0.12676438689231873,0.9340000152587891,0.6434000134468079
YNL264C,YGL012W,0,-0.040115945,0.12674719095230103,0.9340000152587891,0.6434999704360962
YOL146W,YFL055W,0,-0.04017804,0.12672998011112213,0.9340000152587891,0.6435999870300293
YMR323W,YHR042W,0,-0.040242597,0.12671279907226562,0.9340000152587891,0.6437000036239624
YGR220C,YNL227C,1,-0.04036653,0.12683124840259552,0.9350000023841858,0.6437000036239624
YKL139W,YOR360C,0,-0.04039491,0.12681405246257782,0.9350000023841858,0.6438000202178955
YBR253W,YDR322C-A,0,-0.040418938,0.12679685652256012,0.9350000023841858,0.6438999772071838
YBR179C,YGR256W,0,-0.04050693,0.12677966058254242,0.9350000023841858,0.6439999938011169
YMR119W,YMR280C,0,-0.040613003,0.1267624795436859,0.9350000023841858,0.64410001039505
YGL079W,YOR298C-A,0,-0.0406435,0.1267452836036682,0.9350000023841858,0.6442000269889832
YDR446W,YOL068C,0,-0.04067102,0.1267281174659729,0.9350000023841858,0.6442999839782715
YIL040W,YPL003W,0,-0.04074443,0.1267109364271164,0.9350000023841858,0.6444000005722046
YGL099W,YPR185W,0,-0.040877134,0.12669377028942108,0.9350000023841858,0.6445000171661377
YMR030W,YOR197W,0,-0.040887862,0.12667660415172577,0.9350000023841858,0.644599974155426
YIL117C,YPR103W,0,-0.04088997,0.12665943801403046,0.9350000023841858,0.6446999907493591
YGR278W,YNL177C,0,-0.040952504,0.12664228677749634,0.9350000023841858,0.6448000073432922
YIL066C,YHR091C,0,-0.04096566,0.12662513554096222,0.9350000023841858,0.6449000239372253
YPL170W,YIL129C,0,-0.04106827,0.1266079843044281,0.9350000023841858,0.6449999809265137
YBR239C,YPL081W,0,-0.041195095,0.12659084796905518,0.9350000023841858,0.6450999975204468
YHR001W,YJL104W,0,-0.041250765,0.12657371163368225,0.9350000023841858,0.6452000141143799
YKL125W,YHR176W,0,-0.041263,0.12655657529830933,0.9350000023841858,0.6452999711036682
YJL145W,YHR121W,0,-0.041269094,0.1265394538640976,0.9350000023841858,0.6453999876976013
YOR115C,YFR046C,0,-0.041357547,0.12652233242988586,0.9350000023841858,0.6455000042915344
YDR322C-A,YKR042W,0,-0.04143612,0.12650521099567413,0.9350000023841858,0.6456000208854675
YBR200W,YCL026C-A,0,-0.04145243,0.1264880895614624,0.9350000023841858,0.6456999778747559
YLR148W,YFL003C,0,-0.041452788,0.12647098302841187,0.9350000023841858,0.645799994468689
YPL045W,YHR134W,0,-0.04147879,0.12645387649536133,0.9350000023841858,0.6459000110626221
YML123C,YDR488C,0,-0.04149563,0.12643678486347198,0.9350000023841858,0.6460000276565552
YLR340W,YGR166W,0,-0.04152003,0.12641969323158264,0.9350000023841858,0.6460999846458435
YEL046C,YOL113W,0,-0.041582853,0.1264026015996933,0.9350000023841858,0.6462000012397766
YDL212W,YGR166W,0,-0.041627288,0.12638550996780396,0.9350000023841858,0.6463000178337097
YML118W,YPL192C,0,-0.041627802,0.1263684332370758,0.9350000023841858,0.646399974822998
YBL102W,YMR283C,0,-0.041655272,0.12635135650634766,0.9350000023841858,0.6464999914169312
YHR216W,YMR263W,0,-0.041926324,0.1263342797756195,0.9350000023841858,0.6466000080108643
YKL101W,YHR178W,0,-0.04194811,0.12631721794605255,0.9350000023841858,0.6467000246047974
YJL063C,YBR083W,0,-0.041962057,0.1263001412153244,0.9350000023841858,0.6467999815940857
YGR108W,YPL020C,0,-0.042028233,0.12628309428691864,0.9350000023841858,0.6468999981880188
YIL049W,YNL090W,0,-0.04209715,0.12626603245735168,0.9350000023841858,0.6470000147819519
YLR051C,YJL099W,0,-0.042208746,0.12624898552894592,0.9350000023841858,0.6470999717712402
YNL082W,YJL159W,0,-0.042219244,0.12623193860054016,0.9350000023841858,0.6471999883651733
YGL125W,YNL134C,0,-0.042310975,0.1262149065732956,0.9350000023841858,0.6473000049591064
YML064C,YIR022W,0,-0.042360254,0.12619787454605103,0.9350000023841858,0.6474000215530396
YHR094C,YOR030W,0,-0.04237455,0.12618084251880646,0.9350000023841858,0.6474999785423279
YGL017W,YGR027W-A,0,-0.042431764,0.1261638104915619,0.9350000023841858,0.647599995136261
YER011W,YBR008C,0,-0.042523563,0.12614679336547852,0.9350000023841858,0.6477000117301941
YNL197C,YOR077W,0,-0.042582765,0.12612977623939514,0.9350000023841858,0.6478000283241272
YBR258C,YNL087W,0,-0.0427631,0.12611275911331177,0.9350000023841858,0.6478999853134155
YNL021W,YGR013W,0,-0.042764902,0.1260957568883896,0.9350000023841858,0.6480000019073486
YMR214W,YNL224C,0,-0.042768143,0.1260787546634674,0.9350000023841858,0.6481000185012817
YNR026C,YHR016C,0,-0.042827204,0.12606175243854523,0.9350000023841858,0.6481999754905701
YOR354C,YOR007C,0,-0.042963,0.12604475021362305,0.9350000023841858,0.6482999920845032
YIL162W,YPL012W,0,-0.042995945,0.12602776288986206,0.9350000023841858,0.6484000086784363
YER054C,YHR200W,0,-0.043045864,0.12601077556610107,0.9350000023841858,0.6485000252723694
YBR154C,YIL122W,0,-0.04312241,0.12599380314350128,0.9350000023841858,0.6485999822616577
YBR210W,YHR043C,0,-0.043146275,0.1259768307209015,0.9350000023841858,0.6486999988555908
YHR112C,YOR088W,0,-0.04320462,0.1259598582983017,0.9350000023841858,0.6488000154495239
YPL005W,YKL139W,0,-0.04325062,0.1259428858757019,0.9350000023841858,0.6488999724388123
YML066C,YDR338C,0,-0.04326147,0.1259259283542633,0.9350000023841858,0.6489999890327454
YJL151C,YDR446W,0,-0.043320954,0.1259089708328247,0.9350000023841858,0.6491000056266785
YGR198W,YDR291W,0,-0.04338541,0.1258920133113861,0.9350000023841858,0.6492000222206116
YDL193W,YJR007W,0,-0.043498725,0.1258750706911087,0.9350000023841858,0.6492999792098999
YAL042W,YCR070W,0,-0.043521658,0.1258581280708313,0.9350000023841858,0.649399995803833
YNL064C,YLR084C,0,-0.043528333,0.1258411854505539,0.9350000023841858,0.6495000123977661
YPL256C,YOR005C,0,-0.043528743,0.1258242428302765,0.9350000023841858,0.6496000289916992
YLR274W,YKL012W,0,-0.04354734,0.12580731511116028,0.9350000023841858,0.6496999859809875
YGL048C,YDR084C,0,-0.04358066,0.12579038739204407,0.9350000023841858,0.6498000025749207
YPL255W,YEL047C,0,-0.04382848,0.12577347457408905,0.9350000023841858,0.6499000191688538
YIR021W,YDR020C,0,-0.04385657,0.12575656175613403,0.9350000023841858,0.6499999761581421
YIR021W,YKL160W,0,-0.04392779,0.12573964893817902,0.9350000023841858,0.6500999927520752
YJR152W,YJL118W,0,-0.043940507,0.125722736120224,0.9350000023841858,0.6502000093460083
YIL099W,YML025C,0,-0.043959454,0.12570583820343018,0.9350000023841858,0.6503000259399414
YNL257C,YPR121W,0,-0.044235855,0.12568894028663635,0.9350000023841858,0.6503999829292297
YGR247W,YAL042W,0,-0.04441525,0.12567204236984253,0.9350000023841858,0.6504999995231628
YJL047C,YOR255W,0,-0.04442247,0.1256551593542099,0.9350000023841858,0.650600016117096
YGR183C,YPL037C,0,-0.044521883,0.12563827633857727,0.9350000023841858,0.6506999731063843
YDR294C,YGR203W,0,-0.044638872,0.12562139332294464,0.9350000023841858,0.6507999897003174
YDR142C,YPL060C-A,0,-0.044643603,0.125604510307312,0.9350000023841858,0.6509000062942505
YGR166W,YCR083W,0,-0.04472573,0.12558764219284058,0.9350000023841858,0.6510000228881836
YDR221W,YPL230W,0,-0.04480338,0.12557077407836914,0.9350000023841858,0.6510999798774719
YDR365W-B,YKL167C,0,-0.044812575,0.1255539208650589,0.9350000023841858,0.651199996471405
YIL105C,YFL003C,0,-0.0448571,0.12553705275058746,0.9350000023841858,0.6513000130653381
YER183C,YGL150C,0,-0.044898063,0.12552019953727722,0.9350000023841858,0.6514000296592712
YKL163W,YCR048W,0,-0.044926032,0.12550336122512817,0.9350000023841858,0.6514999866485596
YKL184W,YKL167C,0,-0.04497385,0.12548650801181793,0.9350000023841858,0.6516000032424927
YGR161C-C,YDR210W-A,0,-0.044981867,0.12546966969966888,0.9350000023841858,0.6517000198364258
YLR106C,YLR022C,1,-0.045290977,0.12558701634407043,0.9359999895095825,0.6517000198364258
YDR365W-B,YGR013W,0,-0.04530026,0.1255701631307602,0.9359999895095825,0.6517999768257141
YNL245C,YDL222C,0,-0.045342855,0.12555332481861115,0.9359999895095825,0.6518999934196472
YPL045W,YKL167C,0,-0.045347594,0.1255364865064621,0.9359999895095825,0.6520000100135803
YKL137W,YNR046W,0,-0.045396253,0.12551964819431305,0.9359999895095825,0.6521000266075134
YJR095W,YPR121W,0,-0.04549621,0.125502809882164,0.9359999895095825,0.6521999835968018
YJR044C,YML024W,0,-0.045521446,0.12548598647117615,0.9359999895095825,0.6523000001907349
YJR064W,YDR352W,0,-0.045546338,0.1254691630601883,0.9359999895095825,0.652400016784668
YGR038C-B,YOL089C,0,-0.045586407,0.12545235455036163,0.9359999895095825,0.6524999737739563
YNL126W,YDL079C,0,-0.045695648,0.12543554604053497,0.9359999895095825,0.6525999903678894
YDR506C,YPL232W,0,-0.04570794,0.1254187375307083,0.9359999895095825,0.6527000069618225
YGR240C,YNL093W,0,-0.045715287,0.12540192902088165,0.9359999895095825,0.6528000235557556
YLR274W,YGR278W,0,-0.045846045,0.1253851354122162,0.9359999895095825,0.652899980545044
YGR133W,YLL032C,0,-0.045862958,0.12536834180355072,0.9359999895095825,0.652999997138977
YPL003W,YAL047C,0,-0.045868754,0.12535154819488525,0.9359999895095825,0.6531000137329102
YIR003W,YPL046C,0,-0.045924857,0.1253347545862198,0.9359999895095825,0.6531999707221985
YMR283C,YPL057C,0,-0.045937493,0.12531797587871552,0.9359999895095825,0.6532999873161316
YDR016C,YPL060C-A,0,-0.045942314,0.12530121207237244,0.9359999895095825,0.6534000039100647
YDR365W-B,YGL160W,0,-0.045969874,0.12528443336486816,0.9359999895095825,0.6535000205039978
YFR042W,YLR310C,0,-0.046014443,0.12526766955852509,0.9359999895095825,0.6535999774932861
YBR200W,YDR488C,0,-0.046023645,0.125250905752182,0.9359999895095825,0.6536999940872192
YGL134W,YKR086W,0,-0.04604207,0.12523414194583893,0.9359999895095825,0.6538000106811523
YHR091C,YDL236W,0,-0.046060324,0.12521739304065704,0.9359999895095825,0.6539000272750854
YCR089W,YHR200W,0,-0.046061315,0.12520064413547516,0.9359999895095825,0.6539999842643738
YLR157C-A,YMR170C,0,-0.046085462,0.12518389523029327,0.9359999895095825,0.6541000008583069
YER026C,YDR037W,0,-0.04611957,0.12516716122627258,0.9359999895095825,0.65420001745224
YIL162W,YOL148C,0,-0.046158493,0.1251504272222519,0.9359999895095825,0.6542999744415283
YBL016W,YPL230W,0,-0.04618311,0.1251336932182312,0.9359999895095825,0.6543999910354614
YDR348C,YCR028C-A,0,-0.04620079,0.1251169592142105,0.9359999895095825,0.6545000076293945
YNL316C,YFL016C,0,-0.046203196,0.125100240111351,0.9359999895095825,0.6546000242233276
YFL031W,YDR331W,0,-0.04640861,0.12508352100849152,0.9359999895095825,0.654699981212616
YLR157C-A,YNL090W,0,-0.04645236,0.12506680190563202,0.9359999895095825,0.6547999978065491
YIL023C,YGR087C,0,-0.04645721,0.12505009770393372,0.9359999895095825,0.6549000144004822
YEL063C,YMR280C,0,-0.04653129,0.1250333935022354,0.9359999895095825,0.6549999713897705
YKR080W,YKL148C,0,-0.046579413,0.1250166893005371,0.9359999895095825,0.6550999879837036
YHR124W,YOR307C,0,-0.046864823,0.125,0.9359999895095825,0.6552000045776367
YMR305C,YER074W-A,0,-0.046865046,0.12498331069946289,0.9359999895095825,0.6553000211715698
YPL023C,YOR197W,0,-0.046880156,0.12496662139892578,0.9359999895095825,0.6553999781608582
YBR216C,YMR293C,0,-0.0469186,0.12494993954896927,0.9359999895095825,0.6554999947547913
YLR157C-B,YNR032W,0,-0.047133274,0.12493326514959335,0.9359999895095825,0.6556000113487244
YPL232W,YDL191W,0,-0.047135055,0.12491659075021744,0.9359999895095825,0.6557000279426575
YER078C,YML033W,0,-0.04717882,0.12489991635084152,0.9359999895095825,0.6557999849319458
YBR057C,YKL148C,0,-0.047254227,0.1248832568526268,0.9359999895095825,0.6559000015258789
YDR034C-D,YGR125W,0,-0.04725668,0.12486659735441208,0.9359999895095825,0.656000018119812
YBR258C,YJL051W,0,-0.047280572,0.12484993785619736,0.9359999895095825,0.6560999751091003
YNR063W,YHL009W-A,0,-0.047291353,0.12483328580856323,0.9359999895095825,0.6561999917030334
YGL208W,YPL265W,0,-0.04735148,0.1248166412115097,0.9359999895095825,0.6563000082969666
YKL193C,YDR409W,0,-0.047375888,0.12479999661445618,0.9359999895095825,0.6564000248908997
YGR033C,YDR291W,0,-0.047455207,0.12478335946798325,0.9359999895095825,0.656499981880188
YGR161C-C,YNR046W,0,-0.047643505,0.12476672977209091,0.9359999895095825,0.6565999984741211
YIL067C,YOR083W,0,-0.047654137,0.12475010007619858,0.9359999895095825,0.6567000150680542
YDR119W,YPR185W,0,-0.04782431,0.12473347783088684,0.9359999895095825,0.6567999720573425
YPL255W,YOL001W,0,-0.047958672,0.1247168555855751,0.9359999895095825,0.6568999886512756
YMR216C,YER094C,0,-0.047986537,0.12470024079084396,0.9359999895095825,0.6570000052452087
YKL071W,YDL161W,0,-0.0480012,0.12468362599611282,0.9359999895095825,0.6571000218391418
YKL209C,YOR339C,0,-0.048059225,0.12466701865196228,0.9359999895095825,0.6571999788284302
YJL092W,YKR086W,0,-0.048138045,0.12465041875839233,0.9359999895095825,0.6572999954223633
YGR183C,YDR352W,0,-0.048142165,0.12463381886482239,0.9359999895095825,0.6574000120162964
YDR408C,YPL053C,0,-0.04814878,0.12461722642183304,0.9359999895095825,0.6575000286102295
YOR030W,YNL087W,0,-0.048220962,0.12460064142942429,0.9359999895095825,0.6575999855995178
YBR234C,YDR206W,0,-0.04842624,0.12458405643701553,0.9359999895095825,0.6577000021934509
YCL062W,YPR140W,0,-0.048555806,0.12456747144460678,0.9359999895095825,0.657800018787384
YKL101W,YKR025W,0,-0.048654243,0.12455090135335922,0.9359999895095825,0.6578999757766724
YOL068C,YPL270W,0,-0.04877007,0.12453432381153107,0.9359999895095825,0.6579999923706055
YML118W,YGL044C,0,-0.048807696,0.1245177611708641,0.9359999895095825,0.6581000089645386
YMR236W,YFL034C-A,0,-0.048819736,0.12450119853019714,0.9359999895095825,0.6582000255584717
YDR541C,YIL121W,0,-0.0488303,0.12448463588953018,0.9359999895095825,0.65829998254776
YLR262C,YIL127C,0,-0.04883326,0.12446808815002441,0.9359999895095825,0.6583999991416931
YDR221W,YMR067C,0,-0.04887131,0.12445153295993805,0.9359999895095825,0.6585000157356262
YBR253W,YMR170C,0,-0.048917755,0.12443499267101288,0.9359999895095825,0.6585999727249146
YNL169C,YMR121C,0,-0.04892356,0.12441845238208771,0.9359999895095825,0.6586999893188477
YLR034C,YIL082W-A,0,-0.04895711,0.12440191209316254,0.9359999895095825,0.6588000059127808
YNL071W,YER006W,0,-0.04898034,0.12438537925481796,0.9359999895095825,0.6589000225067139
YGL099W,YPL242C,0,-0.049027354,0.12436885386705399,0.9359999895095825,0.6589999794960022
YLR157C-A,YPR075C,0,-0.049047656,0.12435232847929001,0.9359999895095825,0.6590999960899353
YIL131C,YJR129C,0,-0.04909362,0.12433581054210663,0.9359999895095825,0.6592000126838684
YFL009W,YCR028C-A,0,-0.04913214,0.12431930005550385,0.9359999895095825,0.6593000292778015
YOR130C,YER166W,0,-0.049147204,0.12430278956890106,0.9359999895095825,0.6593999862670898
YIL041W,YDR484W,0,-0.049196243,0.12428628653287888,0.9359999895095825,0.659500002861023
YBR228W,YGR231C,0,-0.049215734,0.12426978349685669,0.9359999895095825,0.659600019454956
YDR365W-B,YDL188C,0,-0.04930967,0.1242532879114151,0.9359999895095825,0.6596999764442444
YHR216W,YDR156W,0,-0.04932578,0.12423679232597351,0.9359999895095825,0.6597999930381775
YPL029W,YBR110W,0,-0.049517468,0.12422030419111252,0.9359999895095825,0.6599000096321106
YNL082W,YER094C,0,-0.049574032,0.12420382350683212,0.9359999895095825,0.6600000262260437
YMR021C,YHR143W-A,0,-0.049580164,0.12418734282255173,0.9359999895095825,0.660099983215332
YGL134W,YGL234W,0,-0.049695075,0.12417086958885193,0.9359999895095825,0.6601999998092651
YPR107C,YDL150W,0,-0.049782693,0.12415439635515213,0.9359999895095825,0.6603000164031982
YJL028W,YMR231W,0,-0.049824476,0.12413793057203293,0.9359999895095825,0.6603999733924866
YIR007W,YJL118W,0,-0.050020993,0.12412147223949432,0.9359999895095825,0.6604999899864197
YNL083W,YDR267C,0,-0.05036588,0.12410501390695572,0.9359999895095825,0.6606000065803528
YJL115W,YHR166C,0,-0.05038309,0.12408855557441711,0.9359999895095825,0.6607000231742859
YMR119W,YIL158W,0,-0.05039251,0.1240721121430397,0.9359999895095825,0.6607999801635742
YDR214W,YJL111W,0,-0.050392777,0.12405566871166229,0.9359999895095825,0.6608999967575073
YNR056C,YBL036C,0,-0.050443143,0.12403922528028488,0.9359999895095825,0.6610000133514404
YDR097C,YKR087C,0,-0.05050116,0.12402278929948807,0.9359999895095825,0.6610999703407288
YNL300W,YGL134W,0,-0.05052443,0.12400636076927185,0.9359999895095825,0.6611999869346619
YDR058C,YGL234W,0,-0.050560117,0.12398993223905563,0.9359999895095825,0.661300003528595
YNR075W,YKR046C,0,-0.0505803,0.12397351115942001,0.9359999895095825,0.6614000201225281
YPR009W,YCR070W,0,-0.050592765,0.1239570900797844,0.9359999895095825,0.6614999771118164
YHR134W,YAL001C,0,-0.050789982,0.12394067645072937,0.9359999895095825,0.6615999937057495
YGL013C,YOR360C,0,-0.050855897,0.12392427027225494,0.9359999895095825,0.6617000102996826
YPL255W,YKL157W,0,-0.050917596,0.12390786409378052,0.9359999895095825,0.6618000268936157
YPR029C,YJL074C,0,-0.051034138,0.12389146536588669,0.9359999895095825,0.661899983882904
YGR161C-C,YGL257C,0,-0.051051192,0.12387506663799286,0.9359999895095825,0.6620000004768372
YDR084C,YHR034C,0,-0.051074862,0.12385867536067963,0.9359999895095825,0.6621000170707703
YGR161C-C,YMR305C,0,-0.051086433,0.1238422840833664,0.9359999895095825,0.6621999740600586
YHR216W,YFR046C,0,-0.051104873,0.12382590025663376,0.9359999895095825,0.6622999906539917
YJR086W,YNL256W,0,-0.051123127,0.12380952388048172,0.9359999895095825,0.6624000072479248
YDL042C,YGR277C,0,-0.05112859,0.12379314750432968,0.9359999895095825,0.6625000238418579
YER042W,YMR060C,0,-0.05119562,0.12377677857875824,0.9359999895095825,0.6625999808311462
YDR346C,YMR277W,0,-0.05121869,0.1237604096531868,0.9359999895095825,0.6626999974250793
YML008C,YMR106C,0,-0.051232517,0.12374404817819595,0.9359999895095825,0.6628000140190125
YGL166W,YIL015W,0,-0.05125253,0.1237276941537857,0.9359999895095825,0.6628999710083008
YGR275W,YBL005W-A,0,-0.051289737,0.12371134012937546,0.9359999895095825,0.6629999876022339
YOR371C,YHR203C,0,-0.051312752,0.1236949935555458,0.9359999895095825,0.663100004196167
YER183C,YHL020C,0,-0.05131939,0.12367864698171616,0.9359999895095825,0.6632000207901001
YBR200W,YMR266W,0,-0.051325776,0.1236623078584671,0.9359999895095825,0.6632999777793884
YJL137C,YJL118W,0,-0.051338598,0.12364596873521805,0.9359999895095825,0.6633999943733215
YGL201C,YFL052W,0,-0.051357545,0.12362963706254959,0.9359999895095825,0.6635000109672546
YJR056C,YCR097W,0,-0.051386684,0.12361331284046173,0.9359999895095825,0.6636000275611877
YOR144C,YBR244W,0,-0.051394135,0.12359698861837387,0.9359999895095825,0.6636999845504761
YBR258C,YPL015C,0,-0.051409826,0.12358067184686661,0.9359999895095825,0.6638000011444092
YJL210W,YDR302W,0,-0.051409908,0.12356435507535934,0.9359999895095825,0.6639000177383423
YKL107W,YLL032C,0,-0.05141695,0.12354804575443268,0.9359999895095825,0.6639999747276306
YCR067C,YOR133W,0,-0.051421255,0.12353174388408661,0.9359999895095825,0.6640999913215637
YPR158W-A,YHR166C,0,-0.051437363,0.12351544201374054,0.9359999895095825,0.6642000079154968
YPL045W,YGR098C,0,-0.05146317,0.12349914014339447,0.9359999895095825,0.6643000245094299
YHR200W,YDR001C,0,-0.051492468,0.1234828531742096,0.9359999895095825,0.6643999814987183
YOR362C,YDL049C,0,-0.051512375,0.12346655875444412,0.9359999895095825,0.6644999980926514
YOL137W,YLR022C,0,-0.051512584,0.12345027923583984,0.9359999895095825,0.6646000146865845
YNL064C,YBR039W,0,-0.05161488,0.12343399971723557,0.9359999895095825,0.6646999716758728
YPR101W,YDR307W,0,-0.051663592,0.12341772019863129,0.9359999895095825,0.6647999882698059
YHL009C,YPR183W,0,-0.05185616,0.1234014481306076,0.9359999895095825,0.664900004863739
YMR021C,YDL156W,0,-0.05204601,0.12338518351316452,0.9359999895095825,0.6650000214576721
YLR128W,YBL004W,0,-0.052092068,0.12336891889572144,0.9359999895095825,0.6650999784469604
YKR042W,YLR453C,0,-0.052195616,0.12335266172885895,0.9359999895095825,0.6651999950408936
YIL117C,YIL066C,0,-0.052209206,0.12333640456199646,0.9359999895095825,0.6653000116348267
YBR136W,YPL118W,0,-0.052301526,0.12332015484571457,0.9359999895095825,0.6654000282287598
YJL010C,YIL162W,0,-0.052341938,0.12330391258001328,0.9359999895095825,0.6654999852180481
YHR216W,YML111W,0,-0.05237875,0.12328767031431198,0.9359999895095825,0.6656000018119812
YAL005C,YDR051C,0,-0.052447148,0.12327143549919128,0.9359999895095825,0.6657000184059143
YAL005C,YIL121W,0,-0.05245454,0.12325520068407059,0.9359999895095825,0.6657999753952026
YLL052C,YER004W,0,-0.052462876,0.12323897331953049,0.9359999895095825,0.6658999919891357
YDR446W,YDR267C,0,-0.052514903,0.12322274595499039,0.9359999895095825,0.6660000085830688
YGR203W,YNR063W,0,-0.052557103,0.12320652604103088,0.9359999895095825,0.666100025177002
YOR231W,YHL009W-A,0,-0.05260478,0.12319031357765198,0.9359999895095825,0.6661999821662903
YGR220C,YPL193W,1,-0.052709162,0.12330570071935654,0.9369999766349792,0.6661999821662903
YKL101W,YEL055C,0,-0.052777447,0.12328947335481644,0.9369999766349792,0.6662999987602234
YDR034C-D,YLL039C,0,-0.052783117,0.12327325344085693,0.9369999766349792,0.6664000153541565
YCR069W,YKR022C,0,-0.052834958,0.12325704097747803,0.9369999766349792,0.6664999723434448
YDR488C,YPL192C,0,-0.05291,0.12324082851409912,0.9369999766349792,0.6665999889373779
YDR171W,YBR239C,0,-0.05294031,0.12322461605072021,0.9369999766349792,0.666700005531311
YOR371C,YBL003C,0,-0.053079978,0.1232084184885025,0.9369999766349792,0.6668000221252441
YCR073C,YLR368W,0,-0.05333613,0.1231922134757042,0.9369999766349792,0.6668999791145325
YNR012W,YDR363W,0,-0.053536996,0.12317602336406708,0.9369999766349792,0.6669999957084656
YJR090C,YJR007W,0,-0.053560227,0.12315983325242996,0.9369999766349792,0.6671000123023987
YKL176C,YLR421C,0,-0.053588882,0.12314364314079285,0.9369999766349792,0.6672000288963318
YPL237W,YNL270C,0,-0.053618684,0.12312746047973633,0.9369999766349792,0.6672999858856201
YNL275W,YDL066W,0,-0.05366057,0.1231112852692604,0.9369999766349792,0.6674000024795532
YCL011C,YNL275W,0,-0.05380164,0.12309511005878448,0.9369999766349792,0.6675000190734863
YBR179C,YPL228W,0,-0.053859487,0.12307894229888916,0.9369999766349792,0.6675999760627747
YMR021C,YHL009W-A,0,-0.054023944,0.12306278198957443,0.9369999766349792,0.6676999926567078
YDR365W-B,YNL134C,0,-0.05405166,0.1230466216802597,0.9369999766349792,0.6678000092506409
YGR240C,YIL157C,0,-0.054225266,0.12303046137094498,0.9369999766349792,0.667900025844574
YLR071C,YCR066W,0,-0.05425162,0.12301430851221085,0.9369999766349792,0.6679999828338623
YOR003W,YHR152W,0,-0.054277495,0.12299816310405731,0.9369999766349792,0.6680999994277954
YPL152W,YHR026W,0,-0.054369688,0.12298201769590378,0.9369999766349792,0.6682000160217285
YBR126C,YOR077W,0,-0.054435767,0.12296587973833084,0.9369999766349792,0.6682999730110168
YHL022C,YBR110W,0,-0.05454345,0.1229497417807579,0.9369999766349792,0.66839998960495
YBR084C-A,YPL084W,0,-0.05478075,0.12293361127376556,0.9369999766349792,0.6685000061988831
YLR388W,YLR119W,0,-0.054925084,0.12291748821735382,0.9369999766349792,0.6686000227928162
YBR018C,YOR153W,0,-0.054931782,0.12290136516094208,0.9369999766349792,0.6686999797821045
YGL002W,YFL053W,0,-0.054956615,0.12288524955511093,0.9369999766349792,0.6687999963760376
YBR126C,YBR179C,0,-0.055027142,0.12286913394927979,0.9369999766349792,0.6689000129699707
YGL100W,YDR143C,0,-0.05505131,0.12285302579402924,0.9369999766349792,0.6690000295639038
YDR163W,YDR264C,0,-0.055072576,0.12283691763877869,0.9369999766349792,0.6690999865531921
YJL204C,YOR255W,0,-0.055308297,0.12282081693410873,0.9369999766349792,0.6692000031471252
YNL305C,YKR001C,0,-0.05532725,0.12280471622943878,0.9369999766349792,0.6693000197410583
YGL145W,YGR249W,0,-0.055382065,0.12278862297534943,0.9369999766349792,0.6693999767303467
YCR102C,YLR022C,0,-0.05543627,0.12277253717184067,0.9369999766349792,0.6694999933242798
YLR298C,YNL272C,0,-0.055450648,0.12275645136833191,0.9369999766349792,0.6696000099182129
YLR406C,YPR121W,0,-0.05561173,0.12274037301540375,0.9369999766349792,0.669700026512146
YGR038W,YER169W,0,-0.05567974,0.12272429466247559,0.9369999766349792,0.6697999835014343
YLR157C-A,YDR485C,0,-0.05589895,0.12270822376012802,0.9369999766349792,0.6699000000953674
YGL099W,YDL161W,0,-0.05589945,0.12269216030836105,0.9369999766349792,0.6700000166893005
YIR035C,YML075C,0,-0.055955984,0.12267609685659409,0.9369999766349792,0.6700999736785889
YJL210W,YCR089W,0,-0.055978224,0.12266003340482712,0.9369999766349792,0.670199990272522
YPL045W,YBR154C,0,-0.05599758,0.12264397740364075,0.9369999766349792,0.6703000068664551
YGR227W,YCR089W,0,-0.056048006,0.12262792885303497,0.9369999766349792,0.6704000234603882
YOL027C,YMR167W,0,-0.056058943,0.1226118803024292,0.9369999766349792,0.6704999804496765
YMR280C,YJL154C,0,-0.056100182,0.12259583920240402,0.9369999766349792,0.6705999970436096
YFL002C,YML025C,1,-0.05618225,0.12271062284708023,0.9380000233650208,0.6705999970436096
YMR164C,YIL168W,0,-0.05620268,0.12269457429647446,0.9380000233650208,0.6707000136375427
YJL010C,YML001W,0,-0.05637545,0.12267852574586868,0.9380000233650208,0.670799970626831
YER048C,YDR123C,0,-0.056383424,0.1226624846458435,0.9380000233650208,0.6708999872207642
YPL217C,YOR030W,0,-0.056407034,0.12264644354581833,0.9380000233650208,0.6710000038146973
YDR462W,YLR376C,0,-0.056476653,0.12263040989637375,0.9380000233650208,0.6711000204086304
YBR302C,YGR198W,0,-0.056936413,0.12261437624692917,0.9380000233650208,0.6711999773979187
YOL033W,YML123C,0,-0.05714579,0.12259835004806519,0.9380000233650208,0.6712999939918518
YKL065C,YDR198C,0,-0.057156295,0.1225823312997818,0.9380000233650208,0.6714000105857849
YLR157C-B,YGR256W,0,-0.057215765,0.12256631255149841,0.9380000233650208,0.671500027179718
YIR008C,YLR178C,0,-0.05733049,0.12255030125379562,0.9380000233650208,0.6715999841690063
YDR538W,YGR027W-A,0,-0.05743836,0.12253428995609283,0.9380000233650208,0.6717000007629395
YPL053C,YKR039W,0,-0.057450056,0.12251828610897064,0.9380000233650208,0.6718000173568726
YOL128C,YFL055W,0,-0.057526633,0.12250228226184845,0.9380000233650208,0.6718999743461609
YLR393W,YOR088W,0,-0.057536595,0.12248628586530685,0.9380000233650208,0.671999990940094
YIL023C,YLR378C,0,-0.05758491,0.12247029691934586,0.9380000233650208,0.6721000075340271
YBR133C,YHL018W,0,-0.057624847,0.12245430797338486,0.9380000233650208,0.6722000241279602
YGR133W,YGR090W,0,-0.05765213,0.12243832647800446,0.9380000233650208,0.6722999811172485
YNR046W,YLL042C,0,-0.057863303,0.12242234498262405,0.9380000233650208,0.6723999977111816
YFL050C,YPL266W,0,-0.05800052,0.12240637093782425,0.9380000233650208,0.6725000143051147
YCL062W,YIL114C,0,-0.058011316,0.12239039689302444,0.9380000233650208,0.6725999712944031
YHR098C,YIR010W,0,-0.058028728,0.12237443029880524,0.9380000233650208,0.6726999878883362
YLR320W,YOR367W,0,-0.058048032,0.12235846370458603,0.9380000233650208,0.6728000044822693
YFL034C-B,YER169W,0,-0.058107115,0.12234250456094742,0.9380000233650208,0.6729000210762024
YPL256C,YFL024C,0,-0.0581401,0.1223265528678894,0.9380000233650208,0.6729999780654907
YCL011C,YJL093C,0,-0.05823417,0.12231060117483139,0.9380000233650208,0.6730999946594238
YDR311W,YDR156W,0,-0.05839529,0.12229465693235397,0.9380000233650208,0.6732000112533569
YEL046C,YKR086W,0,-0.058396854,0.12227871268987656,0.9380000233650208,0.67330002784729
YIL016W,YBR215W,0,-0.058401547,0.12226277589797974,0.9380000233650208,0.6733999848365784
YOL088C,YBR154C,0,-0.058418475,0.12224683910608292,0.9380000233650208,0.6735000014305115
YHR112C,YOR202W,0,-0.058501013,0.1222309097647667,0.9380000233650208,0.6736000180244446
YKL146W,YBL105C,0,-0.058645293,0.12221498042345047,0.9380000233650208,0.6736999750137329
YMR288W,YPR107C,0,-0.058681533,0.12219905853271484,0.9380000233650208,0.673799991607666
YKL101W,YJR017C,0,-0.058716387,0.12218314409255981,0.9380000233650208,0.6739000082015991
YJL204C,YPL088W,0,-0.058743693,0.12216722965240479,0.9380000233650208,0.6740000247955322
YGR074W,YOR035C,0,-0.05899217,0.12215132266283035,0.9380000233650208,0.6740999817848206
YOR210W,YGR038C-B,0,-0.05901061,0.12213541567325592,0.9380000233650208,0.6741999983787537
YDR485C,YER118C,0,-0.059063107,0.12211951613426208,0.9380000233650208,0.6743000149726868
YCL062W,YPR004C,0,-0.059148982,0.12210361659526825,0.9380000233650208,0.6743999719619751
YDR324C,YJL160C,0,-0.059231654,0.12208772450685501,0.9380000233650208,0.6744999885559082
YDR194C,YPL192C,0,-0.059401974,0.12207183986902237,0.9380000233650208,0.6746000051498413
YBR217W,YDL161W,0,-0.05941499,0.12205595523118973,0.9380000233650208,0.6747000217437744
YOR033C,YLR424W,0,-0.05946783,0.12204007059335709,0.9380000233650208,0.6747999787330627
YHR001W,YGL145W,0,-0.059496805,0.12202419340610504,0.9380000233650208,0.6748999953269958
YHR083W,YDL156W,0,-0.059536844,0.1220083236694336,0.9380000233650208,0.675000011920929
YDR113C,YDL049C,0,-0.059623927,0.12199245393276215,0.9380000233650208,0.6751000285148621
YGR121C,YIR010W,0,-0.059642375,0.1219765916466713,0.9380000233650208,0.6751999855041504
YDL002C,YJL091C,0,-0.0597815,0.12196073681116104,0.9380000233650208,0.6753000020980835
YKL082C,YML025C,1,-0.05988782,0.12207487970590591,0.9390000104904175,0.6753000020980835
YEL042W,YCR003W,0,-0.059890047,0.12205901741981506,0.9390000104904175,0.6754000186920166
YPR020W,YNL329C,0,-0.060006768,0.12204314768314362,0.9390000104904175,0.6754999756813049
YHR143W-A,YNR049C,0,-0.060027555,0.12202729284763336,0.9390000104904175,0.675599992275238
YDR034C-D,YOR033C,0,-0.060085706,0.12201143801212311,0.9390000104904175,0.6757000088691711
YKR022C,YIL114C,0,-0.06035772,0.12199558317661285,0.9390000104904175,0.6758000254631042
YKL125W,YJR095W,0,-0.060366437,0.1219797357916832,0.9390000104904175,0.6758999824523926
YBL016W,YJR161C,0,-0.06050539,0.12196388840675354,0.9390000104904175,0.6759999990463257
YPL170W,YMR113W,0,-0.06050595,0.12194804847240448,0.9390000104904175,0.6761000156402588
YDR349C,YLR136C,0,-0.060515866,0.12193221598863602,0.9390000104904175,0.6761999726295471
YER004W,YIL114C,0,-0.0605191,0.12191638350486755,0.9390000104904175,0.6762999892234802
YLR157C-A,YML019W,0,-0.060523316,0.12190055847167969,0.9390000104904175,0.6764000058174133
YDR311W,YCR089W,0,-0.060542412,0.12188473343849182,0.9390000104904175,0.6765000224113464
YGR257C,YOL130W,0,-0.060716733,0.12186891585588455,0.9390000104904175,0.6765999794006348
YPL255W,YPL057C,0,-0.060973406,0.12185309827327728,0.9390000104904175,0.6766999959945679
YMR278W,YHR200W,0,-0.060976125,0.12183728814125061,0.9390000104904175,0.676800012588501
YOR368W,YCR034W,0,-0.060999826,0.12182148545980453,0.9390000104904175,0.6769000291824341
YIL127C,YER124C,0,-0.06107104,0.12180568277835846,0.9390000104904175,0.6769999861717224
YKL188C,YGL065C,0,-0.061075993,0.12178988009691238,0.9390000104904175,0.6771000027656555
YFL016C,YOR303W,0,-0.06118597,0.1217740923166275,0.9390000104904175,0.6772000193595886
YJL074C,YOL044W,0,-0.061186045,0.12175829708576202,0.9390000104904175,0.677299976348877
YJL209W,YGR271C-A,0,-0.061188765,0.12174250930547714,0.9390000104904175,0.6773999929428101
YLR320W,YGR209C,0,-0.06119036,0.12172672897577286,0.9390000104904175,0.6775000095367432
YGL130W,YMR154C,0,-0.061200425,0.12171095609664917,0.9390000104904175,0.6776000261306763
YOR196C,YJR159W,0,-0.06139405,0.12169517576694489,0.9390000104904175,0.6776999831199646
YCR067C,YLR399C,0,-0.061433643,0.1216794103384018,0.9390000104904175,0.6777999997138977
YHR134W,YNL209W,0,-0.06145452,0.1216636449098587,0.9390000104904175,0.6779000163078308
YLR144C,YDR113C,0,-0.061468452,0.12164787948131561,0.9390000104904175,0.6779999732971191
YBL004W,YMR162C,0,-0.061537966,0.12163212150335312,0.9390000104904175,0.6780999898910522
YOR190W,YLR226W,0,-0.06154637,0.12161637097597122,0.9390000104904175,0.6782000064849854
YDL126C,YLR319C,0,-0.061636634,0.12160062044858932,0.9390000104904175,0.6783000230789185
YOR354C,YJR067C,0,-0.061691515,0.12158487737178802,0.9390000104904175,0.6783999800682068
YOR005C,YPL108W,0,-0.061775327,0.12156913429498672,0.9390000104904175,0.6784999966621399
YPR104C,YMR024W,0,-0.06183864,0.12155339866876602,0.9390000104904175,0.678600013256073
YAL061W,YBL027W,0,-0.06208086,0.12153766304254532,0.9390000104904175,0.6786999702453613
YGL201C,YDL222C,0,-0.062199764,0.12152193486690521,0.9390000104904175,0.6787999868392944
YBR234C,YOR153W,0,-0.062204093,0.1215062141418457,0.9390000104904175,0.6789000034332275
YDL126C,YNL279W,0,-0.062236995,0.1214904934167862,0.9390000104904175,0.6790000200271606
YNL224C,YNL099C,0,-0.06224087,0.12147477269172668,0.9390000104904175,0.679099977016449
YOR210W,YIL073C,0,-0.06228929,0.12145905941724777,0.9390000104904175,0.6791999936103821
YJL018W,YJR161C,0,-0.062328137,0.12144335359334946,0.9390000104904175,0.6793000102043152
YMR119W,YBR265W,0,-0.062330946,0.12142764776945114,0.9390000104904175,0.6794000267982483
YOR115C,YER124C,0,-0.06234829,0.12141194939613342,0.9390000104904175,0.6794999837875366
YDL092W,YGR098C,0,-0.06243267,0.1213962510228157,0.9390000104904175,0.6796000003814697
YGL038C,YJR067C,0,-0.062436685,0.12138056010007858,0.9390000104904175,0.6797000169754028
YDR385W,YPR020W,0,-0.06265847,0.12136486917734146,0.9390000104904175,0.6797999739646912
YLR410W,YOR058C,0,-0.06268478,0.12134918570518494,0.9390000104904175,0.6798999905586243
YBR021W,YER169W,0,-0.062796846,0.12133350223302841,0.9390000104904175,0.6800000071525574
YCR066W,YFR044C,0,-0.062872395,0.12131782621145248,0.9390000104904175,0.6801000237464905
YMR260C,YGR041W,0,-0.06297235,0.12130215764045715,0.9390000104904175,0.6801999807357788
YCL026C-A,YDL150W,0,-0.0630027,0.12128648906946182,0.9390000104904175,0.6802999973297119
YBR258C,YGR098C,0,-0.06302586,0.12127082794904709,0.9390000104904175,0.680400013923645
YML065W,YPL015C,0,-0.06307061,0.12125516682863235,0.9390000104904175,0.6804999709129333
YJR088C,YOR064C,0,-0.063112736,0.12123950570821762,0.9390000104904175,0.6805999875068665
YGL022W,YER172C,0,-0.06315501,0.12122385948896408,0.9390000104904175,0.6807000041007996
YOR017W,YPR103W,0,-0.06334105,0.12120821326971054,0.9390000104904175,0.6808000206947327
YGR192C,YKL101W,0,-0.06353974,0.121192567050457,0.9390000104904175,0.680899977684021
YEL011W,YBL097W,0,-0.06357847,0.12117692828178406,0.9390000104904175,0.6809999942779541
YJL091C,YGR261C,0,-0.06365119,0.12116128951311111,0.9390000104904175,0.6811000108718872
YJL145W,YOR007C,0,-0.06365976,0.12114565819501877,0.9390000104904175,0.6812000274658203
YML066C,YML007W,0,-0.063696146,0.12113003432750702,0.9390000104904175,0.6812999844551086
YJL160C,YOR171C,0,-0.06377669,0.12111441045999527,0.9390000104904175,0.6814000010490417
YPR103W,YPL079W,0,-0.063806444,0.12109878659248352,0.9390000104904175,0.6815000176429749
YDR365W-B,YLL015W,0,-0.06382221,0.12108317017555237,0.9390000104904175,0.6815999746322632
YOR095C,YLR307W,0,-0.06383886,0.12106756120920181,0.9390000104904175,0.6816999912261963
YGR027W-A,YGR289C,0,-0.06389783,0.12105195224285126,0.9390000104904175,0.6818000078201294
YOR022C,YEL003W,0,-0.063908026,0.1210363507270813,0.9390000104904175,0.6819000244140625
YGR240C,YCR070W,0,-0.06399307,0.12102074921131134,0.9390000104904175,0.6819999814033508
YLR369W,YBR171W,0,-0.0640727,0.12100515514612198,0.9390000104904175,0.6820999979972839
YDR073W,YGL043W,0,-0.064103186,0.12098956108093262,0.9390000104904175,0.682200014591217
YDL232W,YPL023C,0,-0.064158484,0.12097397446632385,0.9390000104904175,0.6822999715805054
YBR253W,YPL236C,0,-0.0642457,0.12095839530229568,0.9390000104904175,0.6823999881744385
YPL170W,YOL001W,0,-0.06425847,0.12094281613826752,0.9390000104904175,0.6825000047683716
YKL091C,YBR057C,0,-0.064401776,0.12092723697423935,0.9390000104904175,0.6826000213623047
YJR090C,YIR010W,0,-0.064443365,0.12091166526079178,0.9390000104904175,0.682699978351593
YGR049W,YML033W,0,-0.06456293,0.1208961009979248,0.9390000104904175,0.6827999949455261
YDR043C,YBL066C,0,-0.06480984,0.12088053673505783,0.9390000104904175,0.6829000115394592
YMR214W,YOR312C,0,-0.06490284,0.12086497247219086,0.9390000104904175,0.6830000281333923
YKL213C,YNL047C,0,-0.06495846,0.12084942311048508,0.9390000104904175,0.6830999851226807
YPL164C,YGR161C-C,0,-0.06501698,0.1208338662981987,0.9390000104904175,0.6832000017166138
YLR376C,YHL020C,0,-0.06504509,0.12081832438707352,0.9390000104904175,0.6833000183105469
YDR314C,YNL265C,0,-0.06507377,0.12080278247594833,0.9390000104904175,0.6833999752998352
YHR016C,YLR378C,0,-0.0652895,0.12078724056482315,0.9390000104904175,0.6834999918937683
YPL268W,YPR029C,0,-0.06538662,0.12077170610427856,0.9390000104904175,0.6836000084877014
YGR096W,YFL034C-A,0,-0.065388545,0.12075617164373398,0.9390000104904175,0.6837000250816345
YBL016W,YJR044C,0,-0.06552863,0.12074064463376999,0.9390000104904175,0.6837999820709229
YDR073W,YJL123C,0,-0.06554411,0.1207251250743866,0.9390000104904175,0.683899998664856
YIL131C,YGR065C,0,-0.065632455,0.1207096055150032,0.9390000104904175,0.6840000152587891
YHR032W,YIL017C,0,-0.06566007,0.12069408595561981,0.9390000104904175,0.6840999722480774
YOR284W,YCL030C,0,-0.06574572,0.12067857384681702,0.9390000104904175,0.6841999888420105
YPR094W,YFR044C,0,-0.06581835,0.12066306918859482,0.9390000104904175,0.6843000054359436
YJL063C,YOR022C,0,-0.06600632,0.12064756453037262,0.9390000104904175,0.6844000220298767
YLR013W,YDL161W,0,-0.0660985,0.12063206732273102,0.9390000104904175,0.684499979019165
YGR133W,YOR362C,0,-0.06614387,0.12061657011508942,0.9390000104904175,0.6845999956130981
YCL019W,YGL100W,0,-0.066233635,0.12060108035802841,0.9390000104904175,0.6847000122070312
YDR311W,YML022W,0,-0.06639588,0.12058559060096741,0.9390000104904175,0.6848000288009644
YDR363W,YGR231C,0,-0.06641519,0.120570108294487,0.9390000104904175,0.6848999857902527
YNL154C,YNL106C,0,-0.0664605,0.12055462598800659,0.9390000104904175,0.6850000023841858
YLR110C,YIR008C,0,-0.06646423,0.12053915113210678,0.9390000104904175,0.6851000189781189
YDR221W,YIL017C,0,-0.06648841,0.12052368372678757,0.9390000104904175,0.6851999759674072
YGR108W,YPL072W,0,-0.06650452,0.12050821632146835,0.9390000104904175,0.6852999925613403
YOR368W,YMR067C,0,-0.06650547,0.12049274891614914,0.9390000104904175,0.6854000091552734
YJL010C,YDR314C,0,-0.06656869,0.12047728896141052,0.9390000104904175,0.6855000257492065
YDR058C,YDR291W,0,-0.06661679,0.1204618364572525,0.9390000104904175,0.6855999827384949
YBR236C,YML024W,0,-0.06677129,0.12044638395309448,0.9390000104904175,0.685699999332428
YDR027C,YBR018C,0,-0.06680045,0.12043093144893646,0.9390000104904175,0.6858000159263611
YOL001W,YLL010C,0,-0.06688365,0.12041549384593964,0.9390000104904175,0.6858999729156494
YEL020C,YHR152W,0,-0.06689729,0.12040004879236221,0.9390000104904175,0.6859999895095825
YMR197C,YFR009W,0,-0.06690583,0.12038461863994598,0.9390000104904175,0.6861000061035156
YFL003C,YKL157W,0,-0.066943154,0.12036918103694916,0.9390000104904175,0.6862000226974487
YPR075C,YNR049C,0,-0.06700506,0.12035375833511353,0.9390000104904175,0.6862999796867371
YGR038C-A,YPL232W,0,-0.067158625,0.1203383281826973,0.9390000104904175,0.6863999962806702
YBR142W,YML025C,1,-0.06742677,0.12045104801654816,0.9399999976158142,0.6863999962806702
YHL001W,YOL060C,0,-0.06747618,0.12043561786413193,0.9399999976158142,0.6865000128746033
YFL024C,YHR178W,0,-0.06748025,0.1204201877117157,0.9399999976158142,0.6866000294685364
YPL132W,YDR485C,0,-0.06757461,0.12040476500988007,0.9399999976158142,0.6866999864578247
YDR331W,YLR178C,0,-0.06775954,0.12038934230804443,0.9399999976158142,0.6868000030517578
YKL221W,YJR144W,0,-0.06799626,0.1203739270567894,0.9399999976158142,0.6869000196456909
YLR336C,YLL028W,0,-0.067997396,0.12035851180553436,0.9399999976158142,0.6869999766349792
YGR128C,YMR154C,0,-0.06812315,0.12034310400485992,0.9399999976158142,0.6870999932289124
YHR065C,YPR124W,0,-0.06819154,0.12032770365476608,0.9399999976158142,0.6872000098228455
YCR102C,YBR018C,0,-0.06847285,0.12031230330467224,0.9399999976158142,0.6873000264167786
YPL232W,YPL128C,0,-0.068486065,0.1202969029545784,0.9399999976158142,0.6873999834060669
YLR095C,YCR043C,0,-0.068515986,0.12028151005506516,0.9399999976158142,0.6875
YNR056C,YMR024W,0,-0.06856085,0.12026611715555191,0.9399999976158142,0.6876000165939331
YHR072W,YMR162C,0,-0.06858077,0.12025073915719986,0.9399999976158142,0.6876999735832214
YML033W,YDR480W,0,-0.068617105,0.12023535370826721,0.9399999976158142,0.6877999901771545
YPL217C,YGL065C,0,-0.068716064,0.12021997570991516,0.9399999976158142,0.6879000067710876
YBR215W,YGL179C,0,-0.06884907,0.12020460516214371,0.9399999976158142,0.6880000233650208
YML025C,YOR272W,1,-0.06885577,0.12031709402799606,0.9409999847412109,0.6880000233650208
YLR070C,YGR109C,0,-0.06890446,0.12030171602964401,0.9409999847412109,0.6880999803543091
YIL091C,YPL236C,0,-0.06894705,0.12028633803129196,0.9409999847412109,0.6881999969482422
YHR191C,YGL201C,0,-0.069043584,0.12027096003293991,0.9409999847412109,0.6883000135421753
YKL018W,YOR245C,0,-0.069119036,0.12025558948516846,0.9409999847412109,0.6883999705314636
YGL124C,YDR409W,0,-0.069141716,0.1202402263879776,0.9409999847412109,0.6884999871253967
YCL045C,YML118W,0,-0.06924458,0.12022486329078674,0.9409999847412109,0.6886000037193298
YHL002W,YDR020C,0,-0.06925058,0.12020950764417648,0.9409999847412109,0.6887000203132629
YGL224C,YMR044W,0,-0.069280654,0.12019415199756622,0.9409999847412109,0.6887999773025513
YHR039C,YGR038C-A,0,-0.06964658,0.12017879635095596,0.9409999847412109,0.6888999938964844
YLR035C,YGL257C,0,-0.06967263,0.1201634556055069,0.9409999847412109,0.6890000104904175
YDR016C,YPL045W,0,-0.06971611,0.12014810740947723,0.9409999847412109,0.6891000270843506
YML066C,YKL084W,0,-0.0697429,0.12013277411460876,0.9409999847412109,0.6891999840736389
YPL072W,YLR421C,0,-0.06978569,0.1201174333691597,0.9409999847412109,0.689300000667572
YLR297W,YCL026C-A,0,-0.06984854,0.12010210752487183,0.9409999847412109,0.6894000172615051
YOR094W,YOL017W,0,-0.06985296,0.12008678168058395,0.9409999847412109,0.6894999742507935
YDR162C,YGR172C,0,-0.0698965,0.12007145583629608,0.9409999847412109,0.6895999908447266
YIL040W,YGR098C,0,-0.06990079,0.1200561374425888,0.9409999847412109,0.6897000074386597
YDL092W,YKL148C,0,-0.0699147,0.12004081904888153,0.9409999847412109,0.6898000240325928
YGR227W,YIR035C,0,-0.06998666,0.12002550810575485,0.9409999847412109,0.6898999810218811
YHL007C,YCR102C,0,-0.07005034,0.12001020461320877,0.9409999847412109,0.6899999976158142
YOL016C,YOR375C,0,-0.070176356,0.11999490112066269,0.9409999847412109,0.6901000142097473
YHR079C-A,YER146W,0,-0.07022189,0.11997959762811661,0.9409999847412109,0.6901999711990356
YBR234C,YPL249C-A,0,-0.0702233,0.11996430158615112,0.9409999847412109,0.6902999877929688
YMR288W,YAR003W,0,-0.070308775,0.11994901299476624,0.9409999847412109,0.6904000043869019
YJL028W,YDL150W,0,-0.07041454,0.11993372440338135,0.9409999847412109,0.690500020980835
YLR051C,YJR086W,0,-0.070457995,0.11991844326257706,0.9409999847412109,0.6905999779701233
YBL105C,YML065W,0,-0.07046995,0.11990316212177277,0.9409999847412109,0.6906999945640564
YLR132C,YGR038W,0,-0.07048356,0.11988788098096848,0.9409999847412109,0.6908000111579895
YGL255W,YFL062W,0,-0.070507854,0.11987261474132538,0.9409999847412109,0.6909000277519226
YLR064W,YGR249W,0,-0.07055007,0.11985734105110168,0.9409999847412109,0.6909999847412109
YBR298C,YDL207W,0,-0.07073656,0.11984207481145859,0.9409999847412109,0.691100001335144
YBR154C,YEL047C,0,-0.07078477,0.11982681602239609,0.9409999847412109,0.6912000179290771
YBL005W-A,YPL072W,0,-0.07079673,0.11981156468391418,0.9409999847412109,0.6912999749183655
YHR152W,YLL052C,0,-0.07080695,0.11979630589485168,0.9409999847412109,0.6913999915122986
YDL126C,YNL220W,0,-0.070984975,0.11978106200695038,0.9409999847412109,0.6915000081062317
YBR136W,YEL071W,0,-0.070989676,0.11976581066846848,0.9409999847412109,0.6916000247001648
YNR032W,YLR136C,0,-0.071249455,0.11975057423114777,0.9409999847412109,0.6916999816894531
YCL026C-A,YHR019C,0,-0.07144855,0.11973533779382706,0.9409999847412109,0.6917999982833862
YOR100C,YJR129C,0,-0.07152067,0.11972010135650635,0.9409999847412109,0.6919000148773193
YOR321W,YPL072W,0,-0.07157868,0.11970487236976624,0.9409999847412109,0.6919999718666077
YDR385W,YGR203W,0,-0.07176991,0.11968964338302612,0.9409999847412109,0.6920999884605408
YHR123W,YDL201W,0,-0.07202357,0.11967442184686661,0.9409999847412109,0.6922000050544739
YMR170C,YGR166W,0,-0.07202867,0.11965920776128769,0.9409999847412109,0.692300021648407
YGL134W,YDR210W-A,0,-0.07203093,0.11964399367570877,0.9409999847412109,0.6923999786376953
YKL125W,YOR100C,0,-0.072037846,0.11962877959012985,0.9409999847412109,0.6924999952316284
YOR312C,YBL105C,0,-0.07206067,0.11961357295513153,0.9409999847412109,0.6926000118255615
YDL188C,YHL001W,0,-0.07210637,0.1195983737707138,0.9409999847412109,0.6927000284194946
YMR104C,YNL256W,0,-0.07216385,0.11958317458629608,0.9409999847412109,0.692799985408783
YHR001W,YMR134W,0,-0.072209775,0.11956798285245895,0.9409999847412109,0.6929000020027161
YER172C,YPL008W,0,-0.07246661,0.11955279111862183,0.9409999847412109,0.6930000185966492
YDR099W,YIL067C,0,-0.072505325,0.1195375993847847,0.9409999847412109,0.6930999755859375
YEL034W,YBR021W,0,-0.07258889,0.11952241510152817,0.9409999847412109,0.6931999921798706
YGL255W,YML075C,0,-0.07274926,0.11950723826885223,0.9409999847412109,0.6933000087738037
YIR013C,YBR070C,0,-0.07278392,0.1194920614361763,0.9409999847412109,0.6934000253677368
YNL014W,YPL230W,0,-0.0728344,0.11947689205408096,0.9409999847412109,0.6934999823570251
YBR103W,YPL187W,0,-0.072836176,0.11946172267198563,0.9409999847412109,0.6935999989509583
YGR108W,YAL009W,0,-0.072917834,0.11944656074047089,0.9409999847412109,0.6937000155448914
YPR145W,YIL157C,0,-0.07296631,0.11943139880895615,0.9409999847412109,0.6937999725341797
YNR073C,YBR236C,0,-0.0729777,0.119416244328022,0.9409999847412109,0.6938999891281128
YMR236W,YLR035C,0,-0.07314131,0.11940108984708786,0.9409999847412109,0.6940000057220459
YPL047W,YGL020C,0,-0.073203325,0.11938594281673431,0.9409999847412109,0.694100022315979
YBR293W,YIL065C,0,-0.07320365,0.11937079578638077,0.9409999847412109,0.6941999793052673
YCR079W,YER172C,0,-0.073218554,0.11935565620660782,0.9409999847412109,0.6942999958992004
YJL123C,YKL071W,0,-0.073241666,0.11934051662683487,0.9409999847412109,0.6944000124931335
YLL036C,YKL167C,0,-0.07333605,0.11932538449764252,0.9409999847412109,0.6945000290870667
YFL024C,YMR323W,0,-0.07334064,0.11931025981903076,0.9409999847412109,0.694599986076355
YDL064W,YMR058W,0,-0.07367577,0.119295135140419,0.9409999847412109,0.6947000026702881
YNL139C,YOR077W,0,-0.073894486,0.11928001046180725,0.9409999847412109,0.6948000192642212
YBR186W,YPR004C,0,-0.07400897,0.11926489323377609,0.9409999847412109,0.6948999762535095
YGL134W,YIL040W,0,-0.074014515,0.11924977600574493,0.9409999847412109,0.6949999928474426
YIL066C,YFL034C-A,0,-0.074171975,0.11923466622829437,0.9409999847412109,0.6951000094413757
YGR192C,YDR097C,0,-0.0742029,0.11921956390142441,0.9409999847412109,0.6952000260353088
YCR020W-B,YGL245W,0,-0.07422672,0.11920446157455444,0.9409999847412109,0.6952999830245972
YDL005C,YNL099C,0,-0.074243814,0.11918935924768448,0.9409999847412109,0.6953999996185303
YOL021C,YGR163W,0,-0.0742629,0.11917426437139511,0.9409999847412109,0.6955000162124634
YML033W,YBR057C,0,-0.074284196,0.11915917694568634,0.9409999847412109,0.6955999732017517
YKR067W,YDR485C,0,-0.074524686,0.11914408951997757,0.9409999847412109,0.6956999897956848
YBR133C,YDR162C,0,-0.07452589,0.1191290020942688,0.9409999847412109,0.6958000063896179
YOR295W,YNL265C,0,-0.07475667,0.11911392211914062,0.9409999847412109,0.695900022983551
YCR033W,YAL047C,0,-0.074865595,0.11909884959459305,0.9409999847412109,0.6959999799728394
YGR090W,YHR178W,0,-0.07491115,0.11908377707004547,0.9409999847412109,0.6960999965667725
YGR166W,YDR450W,0,-0.074924305,0.1190687045454979,0.9409999847412109,0.6962000131607056
YLR138W,YAL009W,0,-0.07494952,0.11905364692211151,0.9409999847412109,0.6963000297546387
YNR073C,YLL042C,0,-0.074964255,0.11903858184814453,0.9409999847412109,0.696399986743927
YIL162W,YKR086W,0,-0.07511445,0.11902352422475815,0.9409999847412109,0.6965000033378601
YPR020W,YJL002C,0,-0.075185254,0.11900847405195236,0.9409999847412109,0.6966000199317932
YEL020C,YLR308W,0,-0.07527119,0.11899342387914658,0.9409999847412109,0.6966999769210815
YBR152W,YDR354W,0,-0.07534371,0.11897838115692139,0.9409999847412109,0.6967999935150146
YOL110W,YER065C,0,-0.07536435,0.1189633384346962,0.9409999847412109,0.6969000101089478
YKL046C,YOR130C,0,-0.07537544,0.1189483031630516,0.9409999847412109,0.6970000267028809
YOR022C,YIL114C,0,-0.075519696,0.11893326789140701,0.9409999847412109,0.6970999836921692
YOL128C,YGR206W,0,-0.07554367,0.11891823261976242,0.9409999847412109,0.6972000002861023
YHR072W,YOR064C,0,-0.07562499,0.11890321224927902,0.9409999847412109,0.6973000168800354
YGR287C,YOR375C,0,-0.07564625,0.11888818442821503,0.9409999847412109,0.6973999738693237
YDR043C,YIR035C,0,-0.0757066,0.11887317150831223,0.9409999847412109,0.6974999904632568
YDR006C,YKR001C,0,-0.07570791,0.11885815113782883,0.9409999847412109,0.6976000070571899
YKL025C,YDR331W,0,-0.0757462,0.11884314566850662,0.9409999847412109,0.697700023651123
YCL010C,YMR231W,0,-0.07585971,0.11882813274860382,0.9409999847412109,0.6977999806404114
YOL008W,YJR152W,0,-0.07599617,0.11881313472986221,0.9409999847412109,0.6978999972343445
YJR014W,YLR089C,0,-0.076226704,0.11879812926054001,0.9409999847412109,0.6980000138282776
YJL042W,YBR288C,0,-0.07653776,0.118783138692379,0.9409999847412109,0.6980999708175659
YOR210W,YGL013C,0,-0.0765447,0.11876814067363739,0.9409999847412109,0.698199987411499
YMR236W,YDR331W,0,-0.076561674,0.11875315755605698,0.9409999847412109,0.6983000040054321
YBR019C,YPL283C,0,-0.076727435,0.11873816698789597,0.9409999847412109,0.6984000205993652
YLR035C,YNL229C,0,-0.07681544,0.11872319132089615,0.9409999847412109,0.6984999775886536
YIL099W,YPR009W,0,-0.07704681,0.11870821565389633,0.9409999847412109,0.6985999941825867
YKR098C,YFL002C,0,-0.077168435,0.11869323998689651,0.9409999847412109,0.6987000107765198
YMR104C,YDL122W,0,-0.07718554,0.1186782717704773,0.9409999847412109,0.6988000273704529
YJR099W,YPR158W-A,0,-0.07744848,0.11866330355405807,0.9409999847412109,0.6988999843597412
YBR229C,YMR277W,0,-0.07765597,0.11864834278821945,0.9409999847412109,0.6990000009536743
YMR202W,YPL057C,0,-0.07774398,0.11863338202238083,0.9409999847412109,0.6991000175476074
YCL011C,YNL134C,0,-0.07774763,0.1186184287071228,0.9409999847412109,0.6991999745368958
YPL060C-A,YJR137C,0,-0.07776563,0.11860347539186478,0.9409999847412109,0.6992999911308289
YPR061C,YGR183C,0,-0.07794759,0.11858852952718735,0.9409999847412109,0.699400007724762
YJL028W,YOL088C,0,-0.07796386,0.11857359111309052,0.9409999847412109,0.6995000243186951
YNL002C,YGR277C,0,-0.07800384,0.11855865269899368,0.9409999847412109,0.6995999813079834
YPR020W,YDR480W,0,-0.07808027,0.11854371428489685,0.9409999847412109,0.6996999979019165
YOR017W,YCR024C-A,0,-0.07813801,0.11852878332138062,0.9409999847412109,0.6998000144958496
YNL323W,YER004W,0,-0.07814194,0.11851385235786438,0.9409999847412109,0.6998999714851379
YJL063C,YLR307W,0,-0.07814757,0.11849892884492874,0.9409999847412109,0.699999988079071
YML126C,YOR190W,0,-0.078177206,0.1184840127825737,0.9409999847412109,0.7001000046730042
YGL079W,YOR153W,0,-0.07830964,0.11846908926963806,0.9409999847412109,0.7002000212669373
YBR083W,YER160C,0,-0.07835114,0.11845418065786362,0.9409999847412109,0.7002999782562256
YDR488C,YJL036W,0,-0.078419626,0.11843927204608917,0.9409999847412109,0.7003999948501587
YOR141C,YKR001C,0,-0.07846509,0.11842436343431473,0.9409999847412109,0.7005000114440918
YPL152W,YGL065C,0,-0.078499705,0.11840946227312088,0.9409999847412109,0.7006000280380249
YCR097W,YLR453C,0,-0.07856153,0.11839456111192703,0.9409999847412109,0.7006999850273132
YFL008W,YPL230W,0,-0.078562036,0.11837966740131378,0.9409999847412109,0.7008000016212463
YLR310C,YJL036W,0,-0.07873775,0.11836478114128113,0.9409999847412109,0.7009000182151794
YLR027C,YLR399C,0,-0.078740776,0.11834989488124847,0.9409999847412109,0.7009999752044678
YBR210W,YAL055W,0,-0.0787496,0.11833500862121582,0.9409999847412109,0.7010999917984009
YGR049W,YNR046W,0,-0.07883835,0.11832012981176376,0.9409999847412109,0.701200008392334
YDR104C,YJL076W,0,-0.07890229,0.1183052584528923,0.9409999847412109,0.7013000249862671
YLR310C,YKL012W,0,-0.07893884,0.11829038709402084,0.9409999847412109,0.7013999819755554
YDL064W,YNL003C,0,-0.07901043,0.11827551573514938,0.9409999847412109,0.7014999985694885
YDR180W,YML062C,0,-0.07911445,0.11826065182685852,0.9409999847412109,0.7016000151634216
YGL134W,YDL132W,0,-0.07915154,0.11824578791856766,0.9409999847412109,0.70169997215271
YPR029C,YGL150C,0,-0.07919155,0.11823093146085739,0.9409999847412109,0.7017999887466431
YGL255W,YMR044W,0,-0.07921262,0.11821608245372772,0.9409999847412109,0.7019000053405762
YBR253W,YML046W,0,-0.07928563,0.11820123344659805,0.9409999847412109,0.7020000219345093
YKR045C,YDL049C,0,-0.079365656,0.11818638443946838,0.9409999847412109,0.7020999789237976
YGL017W,YOR295W,0,-0.07941838,0.11817154288291931,0.9409999847412109,0.7021999955177307
YFL031W,YKL211C,0,-0.07943538,0.11815670877695084,0.9409999847412109,0.7023000121116638
YHR187W,YGR140W,0,-0.079693936,0.11814186722040176,0.9409999847412109,0.7024000287055969
YFR046C,YLR410W,0,-0.079774566,0.11812704056501389,0.9409999847412109,0.7024999856948853
YNR056C,YGL124C,0,-0.07979257,0.11811221390962601,0.9409999847412109,0.7026000022888184
YPR094W,YML019W,0,-0.07979433,0.11809738725423813,0.9409999847412109,0.7027000188827515
YNL241C,YDR409W,0,-0.079839505,0.11808256804943085,0.9409999847412109,0.7027999758720398
YFR004W,YDL165W,0,-0.080153875,0.11806775629520416,0.9409999847412109,0.7028999924659729
YFL034C-B,YDR307W,0,-0.08016543,0.11805294454097748,0.9409999847412109,0.703000009059906
YCR079W,YMR167W,0,-0.08018404,0.1180381327867508,0.9409999847412109,0.7031000256538391
YGL130W,YBR154C,0,-0.080199644,0.1180233284831047,0.9409999847412109,0.7031999826431274
YDR016C,YOR010C,0,-0.080232486,0.11800852417945862,0.9409999847412109,0.7032999992370605
YIL085C,YPR075C,0,-0.080233395,0.11799372732639313,0.9409999847412109,0.7034000158309937
YGL255W,YDR186C,0,-0.08026404,0.11797893792390823,0.9409999847412109,0.703499972820282
YBR136W,YPR065W,0,-0.08032557,0.11796414852142334,0.9409999847412109,0.7035999894142151
YKL107W,YDR522C,0,-0.08037637,0.11794935911893845,0.9409999847412109,0.7037000060081482
YLR013W,YKL208W,0,-0.08043432,0.11793457716703415,0.9409999847412109,0.7038000226020813
YGL048C,YPL283C,0,-0.08072436,0.11791980266571045,0.9409999847412109,0.7038999795913696
YGR068C,YLR453C,0,-0.08075827,0.11790502071380615,0.9409999847412109,0.7039999961853027
YPR082C,YOL017W,0,-0.08077781,0.11789025366306305,0.9409999847412109,0.7041000127792358
YKL221W,YLR355C,0,-0.080978885,0.11787548661231995,0.9409999847412109,0.704200029373169
YML078W,YPL079W,0,-0.081076115,0.11786071956157684,0.9409999847412109,0.7042999863624573
YNL037C,YKL055C,0,-0.08108279,0.11784595996141434,0.9409999847412109,0.7044000029563904
YJL145W,YGR038C-A,0,-0.0811354,0.11783120781183243,0.9409999847412109,0.7045000195503235
YGL029W,YFR044C,0,-0.081204265,0.11781644821166992,0.9409999847412109,0.7045999765396118
YGR013W,YNL272C,0,-0.08121699,0.11780170351266861,0.9409999847412109,0.7046999931335449
YGL002W,YGR033C,0,-0.08141634,0.1177869588136673,0.9409999847412109,0.704800009727478
YGL124C,YLR071C,0,-0.081425816,0.11777221411466599,0.9409999847412109,0.7049000263214111
YDR006C,YFL031W,0,-0.081470594,0.11775747686624527,0.9409999847412109,0.7049999833106995
YDR147W,YKR065C,0,-0.08149629,0.11774273961782455,0.9409999847412109,0.7050999999046326
YGR152C,YPL003W,0,-0.08164273,0.11772800981998444,0.9409999847412109,0.7052000164985657
YBR217W,YGR249W,0,-0.081651285,0.11771328747272491,0.9409999847412109,0.705299973487854
YJL042W,YPR164W,0,-0.08165966,0.1176985651254654,0.9409999847412109,0.7053999900817871
YLR064W,YLR449W,0,-0.08166981,0.11768384277820587,0.9409999847412109,0.7055000066757202
YBR290W,YHR003C,0,-0.081716344,0.11766912788152695,0.9409999847412109,0.7056000232696533
YMR119W,YLR372W,0,-0.08171646,0.11765441298484802,0.9409999847412109,0.7056999802589417
YMR119W,YOR245C,0,-0.08185883,0.1176397055387497,0.9409999847412109,0.7057999968528748
YDR171W,YER172C,0,-0.081878155,0.11762499809265137,0.9409999847412109,0.7059000134468079
YJR056C,YNR032W,0,-0.0818983,0.11761029809713364,0.9409999847412109,0.7059999704360962
YFL055W,YLR002C,0,-0.08197981,0.1175955981016159,0.9409999847412109,0.7060999870300293
YER001W,YGR092W,0,-0.082001776,0.11758090555667877,0.9409999847412109,0.7062000036239624
YNL245C,YAR014C,0,-0.082082644,0.11756622046232224,0.9409999847412109,0.7063000202178955
YBR235W,YHR123W,0,-0.08222563,0.1175515279173851,0.9409999847412109,0.7063999772071838
YFL062W,YGL033W,0,-0.08233804,0.11753685027360916,0.9409999847412109,0.7064999938011169
YIL105C,YOL034W,0,-0.082385905,0.11752216517925262,0.9409999847412109,0.70660001039505
YJL042W,YHR183W,0,-0.0824133,0.11750749498605728,0.9409999847412109,0.7067000269889832
YDL193W,YIL103W,0,-0.082454376,0.11749281734228134,0.9409999847412109,0.7067999839782715
YLR332W,YKR039W,0,-0.08253982,0.1174781545996666,0.9409999847412109,0.7069000005722046
YKL055C,YPR052C,0,-0.08255312,0.11746348440647125,0.9409999847412109,0.7070000171661377
YJR088C,YLR133W,0,-0.08271666,0.1174488291144371,0.9409999847412109,0.707099974155426
YGL131C,YGR041W,0,-0.08275423,0.11743416637182236,0.9409999847412109,0.7071999907493591
YJL051W,YNL058C,0,-0.08277913,0.1174195185303688,0.9409999847412109,0.7073000073432922
YHR123W,YJR002W,0,-0.08281945,0.11740486323833466,0.9409999847412109,0.7074000239372253
YLR077W,YJL051W,0,-0.082854286,0.1173902228474617,0.9409999847412109,0.7074999809265137
YPR101W,YDR237W,0,-0.0829136,0.11737557500600815,0.9409999847412109,0.7075999975204468
YML131W,YML038C,0,-0.08303815,0.11736093461513519,0.9409999847412109,0.7077000141143799
YBR221C,YLL032C,0,-0.083204575,0.11734630167484283,0.9409999847412109,0.7077999711036682
YER069W,YBR127C,0,-0.08331189,0.11733166873455048,0.9409999847412109,0.7078999876976013
YDR034C-D,YPL072W,0,-0.083679,0.11731704324483871,0.9409999847412109,0.7080000042915344
YMR164C,YNL265C,0,-0.08389265,0.11730241775512695,0.9409999847412109,0.7081000208854675
YCR034W,YMR244C-A,0,-0.08390664,0.11728779971599579,0.9409999847412109,0.7081999778747559
YPL255W,YOR125C,0,-0.0840787,0.11727318167686462,0.9409999847412109,0.708299994468689
YLL036C,YOR295W,0,-0.08416703,0.11725856363773346,0.9409999847412109,0.7084000110626221
YCR066W,YLR138W,0,-0.08420351,0.11724396049976349,0.9409999847412109,0.7085000276565552
YJL047C,YDR037W,0,-0.084301725,0.11722934991121292,0.9409999847412109,0.7085999846458435
YHR079C-A,YMR162C,0,-0.08431762,0.11721474677324295,0.9409999847412109,0.7087000012397766
YGL255W,YFL016C,0,-0.08444877,0.11720015108585358,0.9409999847412109,0.7088000178337097
YLR148W,YDR488C,0,-0.08458021,0.1171855553984642,0.9409999847412109,0.708899974822998
YDL174C,YDR198C,0,-0.08471,0.11717095971107483,0.9409999847412109,0.7089999914169312
YPR121W,YOR028C,0,-0.08471483,0.11715637147426605,0.9409999847412109,0.7091000080108643
YAR003W,YGR038C-B,0,-0.0848911,0.11714179068803787,0.9409999847412109,0.7092000246047974
YFR044C,YOR083W,0,-0.084914014,0.11712720990180969,0.9409999847412109,0.7092999815940857
YPL029W,YDL165W,0,-0.08491643,0.11711262911558151,0.9409999847412109,0.7093999981880188
YNL323W,YOR030W,0,-0.08501139,0.11709805577993393,0.9409999847412109,0.7095000147819519
YBR290W,YGR121C,0,-0.08505955,0.11708348989486694,0.9409999847412109,0.7095999717712402
YNR056C,YCR033W,0,-0.08518565,0.11706892400979996,0.9409999847412109,0.7096999883651733
YJL145W,YLR308W,0,-0.08525833,0.11705435812473297,0.9409999847412109,0.7098000049591064
YGL011C,YJR067C,0,-0.085270286,0.11703979969024658,0.9409999847412109,0.7099000215530396
YHR094C,YDL236W,0,-0.08538472,0.11702524870634079,0.9409999847412109,0.7099999785423279
YDR085C,YHR183W,0,-0.0854232,0.1170106902718544,0.9409999847412109,0.710099995136261
YDL194W,YDR147W,0,-0.08554275,0.1169961467385292,0.9409999847412109,0.7102000117301941
YOR229W,YGR068C,0,-0.08562702,0.11698160320520401,0.9409999847412109,0.7103000283241272
YGR133W,YPR124W,0,-0.085642256,0.11696705967187881,0.9409999847412109,0.7103999853134155
YDR462W,YMR189W,0,-0.08566308,0.11695252358913422,0.9409999847412109,0.7105000019073486
YER048C,YLR013W,0,-0.08592396,0.11693798750638962,0.9409999847412109,0.7106000185012817
YMR134W,YNL327W,0,-0.08593735,0.11692345887422562,0.9409999847412109,0.7106999754905701
YMR047C,YJR144W,0,-0.08597791,0.11690893024206161,0.9409999847412109,0.7107999920845032
YNL082W,YNL030W,0,-0.08613883,0.11689440906047821,0.9409999847412109,0.7109000086784363
YDR156W,YBR201W,0,-0.08617477,0.1168798878788948,0.9409999847412109,0.7110000252723694
YLR174W,YHR084W,0,-0.0863428,0.116865374147892,0.9409999847412109,0.7110999822616577
YKL018W,YPL192C,0,-0.086361244,0.11685086041688919,0.9409999847412109,0.7111999988555908
YHR107C,YPL008W,0,-0.08650644,0.11683635413646698,0.9409999847412109,0.7113000154495239
YLR406C,YIL129C,0,-0.08654477,0.11682184785604477,0.9409999847412109,0.7113999724388123
YOR362C,YMR305C,0,-0.08656096,0.11680734902620316,0.9409999847412109,0.7114999890327454
YMR277W,YIL017C,0,-0.08673005,0.11679285019636154,0.9409999847412109,0.7116000056266785
YML064C,YOR255W,0,-0.08674912,0.11677835881710052,0.9409999847412109,0.7117000222206116
YPL152W,YNL148C,0,-0.08676797,0.11676386743783951,0.9409999847412109,0.7117999792098999
YML038C,YML075C,0,-0.08684802,0.11674937605857849,0.9409999847412109,0.711899995803833
YER026C,YPR112C,0,-0.08689079,0.11673489958047867,0.9409999847412109,0.7120000123977661
YML069W,YCR042C,0,-0.08696893,0.11672041565179825,0.9409999847412109,0.7121000289916992
YML066C,YMR068W,0,-0.08699907,0.11670593917369843,0.9409999847412109,0.7121999859809875
YPL023C,YJL138C,0,-0.08705192,0.1166914701461792,0.9409999847412109,0.7123000025749207
YPL242C,YNL321W,0,-0.087151885,0.11667700111865997,0.9409999847412109,0.7124000191688538
YEL034W,YBR135W,0,-0.087200604,0.11666253209114075,0.9409999847412109,0.7124999761581421
YDR027C,YHR026W,0,-0.087357536,0.11664807051420212,0.9409999847412109,0.7125999927520752
YEL020C,YIL040W,0,-0.08739814,0.11663361638784409,0.9409999847412109,0.7127000093460083
YKL027W,YAL014C,0,-0.08758053,0.11661916226148605,0.9409999847412109,0.7128000259399414
YOL008W,YLR081W,0,-0.08759255,0.11660470813512802,0.9409999847412109,0.7128999829292297
YBR056W,YJL118W,0,-0.08769305,0.11659026145935059,0.9409999847412109,0.7129999995231628
YOR017W,YCL026C-A,0,-0.08771325,0.11657581478357315,0.9409999847412109,0.713100016117096
YCR102C,YDR147W,0,-0.08772975,0.11656137555837631,0.9409999847412109,0.7131999731063843
YJR093C,YPL057C,0,-0.087748155,0.11654694378376007,0.9409999847412109,0.7132999897003174
YKR060W,YER170W,0,-0.087759085,0.11653250455856323,0.9409999847412109,0.7134000062942505
YKL073W,YOR030W,0,-0.08783749,0.11651808023452759,0.9409999847412109,0.7135000228881836
YLR077W,YDR266C,0,-0.08786979,0.11650365591049194,0.9409999847412109,0.7135999798774719
YEL077C,YFL034C-A,0,-0.08796263,0.1164892315864563,0.9409999847412109,0.713699996471405
YHL013C,YBR008C,0,-0.08801146,0.11647481471300125,0.9409999847412109,0.7138000130653381
YNR012W,YGR192C,0,-0.088019446,0.1164603978395462,0.9409999847412109,0.7139000296592712
YLR051C,YKR087C,0,-0.08810961,0.11644598096609116,0.9409999847412109,0.7139999866485596
YHR098C,YKR022C,0,-0.088141635,0.1164315789937973,0.9409999847412109,0.7141000032424927
YJL210W,YGL047W,0,-0.08815302,0.11641716957092285,0.9409999847412109,0.7142000198364258
YML026C,YPL158C,0,-0.0881737,0.116402767598629,0.9409999847412109,0.7142999768257141
YDL181W,YJL010C,0,-0.08818522,0.11638837307691574,0.9409999847412109,0.7143999934196472
YML064C,YLR275W,0,-0.08832368,0.11637397855520248,0.9409999847412109,0.7145000100135803
YPL275W,YKL120W,0,-0.08834232,0.11635959148406982,0.9409999847412109,0.7146000266075134
YGL121C,YBR044C,0,-0.08847706,0.11634520441293716,0.9409999847412109,0.7146999835968018
YLR013W,YML118W,0,-0.08862113,0.1163308173418045,0.9409999847412109,0.7148000001907349
YMR079W,YBR126C,0,-0.088827536,0.11631643772125244,0.9409999847412109,0.714900016784668
YOL119C,YJR137C,0,-0.08884689,0.11630206555128098,0.9409999847412109,0.7149999737739563
YMR164C,YIL158W,0,-0.08885907,0.11628769338130951,0.9409999847412109,0.7150999903678894
YGR152C,YLR155C,0,-0.08892934,0.11627332121133804,0.9409999847412109,0.7152000069618225
YDR191W,YPL088W,0,-0.08893445,0.11625895649194717,0.9409999847412109,0.7153000235557556
YMR119W,YOR077W,0,-0.088954166,0.1162445917725563,0.9409999847412109,0.715399980545044
YBR079C,YJL160C,0,-0.08898352,0.11623023450374603,0.9409999847412109,0.715499997138977
YML066C,YPL023C,0,-0.08902783,0.11621588468551636,0.9409999847412109,0.7156000137329102
YOR144C,YEL046C,0,-0.0891625,0.11620153486728668,0.9409999847412109,0.7156999707221985
YML118W,YDR477W,0,-0.0891998,0.116187185049057,0.9409999847412109,0.7157999873161316
YMR323W,YAR066W,0,-0.08932118,0.11617284268140793,0.9409999847412109,0.7159000039100647
YML025C,YPL211W,1,-0.08945197,0.11628194153308868,0.9419999718666077,0.7159000039100647
YOR329C,YPR075C,0,-0.089528546,0.11626759171485901,0.9419999718666077,0.7160000205039978
YLR310C,YKR001C,0,-0.089600734,0.11625324189662933,0.9419999718666077,0.7160999774932861
YPR033C,YDL165W,0,-0.08960694,0.11623889207839966,0.9419999718666077,0.7161999940872192
YNL067W,YCR088W,0,-0.0896112,0.11622454971075058,0.9419999718666077,0.7163000106811523
YJL137C,YLR275W,0,-0.08961925,0.1162102147936821,0.9419999718666077,0.7164000272750854
YBR126C,YLR066W,0,-0.089752406,0.11619587987661362,0.9419999718666077,0.7164999842643738
YPR025C,YPL029W,0,-0.08976789,0.11618155241012573,0.9419999718666077,0.7166000008583069
YPL009C,YGL033W,0,-0.08979525,0.11616722494363785,0.9419999718666077,0.71670001745224
YJL099W,YLR399C,0,-0.089854166,0.11615289747714996,0.9419999718666077,0.7167999744415283
YER039C,YPR061C,0,-0.08989464,0.11613857746124268,0.9419999718666077,0.7168999910354614
YDR446W,YGR203W,0,-0.09003491,0.11612425744533539,0.9419999718666077,0.7170000076293945
YDR194C,YGR027W-A,0,-0.09011504,0.1161099448800087,0.9419999718666077,0.7171000242233276
YOL110W,YKL221W,0,-0.09017333,0.1160956397652626,0.9419999718666077,0.717199981212616
YHL007C,YCR068W,0,-0.09025428,0.11608132719993591,0.9419999718666077,0.7172999978065491
YML118W,YLL036C,0,-0.09037238,0.11606702953577042,0.9419999718666077,0.7174000144004822
YMR277W,YKL193C,0,-0.090764165,0.11605273187160492,0.9419999718666077,0.7174999713897705
YKR010C,YPL181W,0,-0.09077379,0.11603843420743942,0.9419999718666077,0.7175999879837036
YDR348C,YMR271C,0,-0.090816155,0.11602414399385452,0.9419999718666077,0.7177000045776367
YIL091C,YBR102C,0,-0.09093437,0.11600985378026962,0.9419999718666077,0.7178000211715698
YOL128C,YBR057C,0,-0.09109082,0.11599556356668472,0.9419999718666077,0.7178999781608582
YDL181W,YOL017W,0,-0.0911797,0.11598128825426102,0.9419999718666077,0.7179999947547913
YIL162W,YPL283C,0,-0.09119781,0.11596700549125671,0.9419999718666077,0.7181000113487244
YHR187W,YPL283C,0,-0.09123282,0.11595273017883301,0.9419999718666077,0.7182000279426575
YLR132C,YML046W,0,-0.09124213,0.1159384623169899,0.9419999718666077,0.7182999849319458
YPL088W,YLR222C,0,-0.09125209,0.11592419445514679,0.9419999718666077,0.7184000015258789
YMR216C,YGL044C,0,-0.09127143,0.11590992659330368,0.9419999718666077,0.718500018119812
YER021W,YKL120W,0,-0.09133887,0.11589566618204117,0.9419999718666077,0.7185999751091003
YOR022C,YPL008W,0,-0.09140128,0.11588141322135925,0.9419999718666077,0.7186999917030334
YDR216W,YLR110C,0,-0.09141108,0.11586716026067734,0.9419999718666077,0.7188000082969666
YDL153C,YER124C,0,-0.09141508,0.11585290729999542,0.9419999718666077,0.7189000248908997
YBR290W,YFL008W,0,-0.09142953,0.1158386617898941,0.9419999718666077,0.718999981880188
YLR240W,YNL154C,0,-0.09146725,0.11582441627979279,0.9419999718666077,0.7190999984741211
YJL076W,YBR057C,0,-0.09149755,0.11581017822027206,0.9419999718666077,0.7192000150680542
YJR129C,YPL249C,0,-0.09152621,0.11579594016075134,0.9419999718666077,0.7192999720573425
YLR310C,YPL053C,0,-0.09154921,0.11578170955181122,0.9419999718666077,0.7193999886512756
YLR144C,YGR203W,0,-0.09162703,0.1157674789428711,0.9419999718666077,0.7195000052452087
YDR314C,YPL242C,0,-0.0916574,0.11575325578451157,0.9419999718666077,0.7196000218391418
YOL049W,YFL008W,0,-0.091694884,0.11573903262615204,0.9419999718666077,0.7196999788284302
YIL082W-A,YLR355C,0,-0.09175123,0.11572481691837311,0.9419999718666077,0.7197999954223633
YLR340W,YMR291W,0,-0.0918344,0.11571060121059418,0.9419999718666077,0.7199000120162964
YHL007C,YGR098C,0,-0.091860875,0.11569638550281525,0.9419999718666077,0.7200000286102295
YIL121W,YGR280C,0,-0.092013255,0.11568218469619751,0.9419999718666077,0.7200999855995178
YJL099W,YHR084W,0,-0.092114404,0.11566797643899918,0.9419999718666077,0.7202000021934509
YLL039C,YCR088W,0,-0.092157945,0.11565377563238144,0.9419999718666077,0.720300018787384
YBR004C,YPR066W,0,-0.092173696,0.1156395748257637,0.9419999718666077,0.7203999757766724
YMR135C,YOR010C,0,-0.09234232,0.11562538146972656,0.9419999718666077,0.7204999923706055
YDR314C,YLL052C,0,-0.09237625,0.11561119556427002,0.9419999718666077,0.7206000089645386
YPR151C,YDL165W,0,-0.092668526,0.11559700220823288,0.9419999718666077,0.7207000255584717
YDR182W,YNL072W,0,-0.09270679,0.11558282375335693,0.9419999718666077,0.72079998254776
YIR022W,YBR021W,0,-0.09280741,0.11556864529848099,0.9419999718666077,0.7208999991416931
YKL018W,YKL167C,0,-0.09285279,0.11555446684360504,0.9419999718666077,0.7210000157356262
YHR098C,YLR135W,0,-0.09295334,0.1155402883887291,0.9419999718666077,0.7210999727249146
YFL009W,YML058W,0,-0.09297159,0.11552612483501434,0.9419999718666077,0.7211999893188477
YKR067W,YMR244C-A,0,-0.09300558,0.115511953830719,0.9419999718666077,0.7213000059127808
YEL011W,YNR075W,0,-0.09301002,0.11549779027700424,0.9419999718666077,0.7214000225067139
YHR112C,YER048C,0,-0.09321118,0.11548363417387009,0.9419999718666077,0.7214999794960022
YJL093C,YNL270C,0,-0.09331189,0.11546947807073593,0.9419999718666077,0.7215999960899353
YDR365W-B,YJL100W,0,-0.093342215,0.11545532196760178,0.9419999718666077,0.7217000126838684
YFL031W,YDR163W,0,-0.09347465,0.11544117331504822,0.9419999718666077,0.7218000292778015
YGL166W,YPL275W,0,-0.09364073,0.11542703211307526,0.9419999718666077,0.7218999862670898
YIL066C,YKL157W,0,-0.09368548,0.1154128909111023,0.9419999718666077,0.722000002861023
YER078C,YPL081W,0,-0.09373887,0.11539874970912933,0.9419999718666077,0.722100019454956
YDR051C,YDR206W,0,-0.09384771,0.11538461595773697,0.9419999718666077,0.7221999764442444
YPR107C,YEL009C,0,-0.0938673,0.1153704822063446,0.9419999718666077,0.7222999930381775
YOR149C,YOR028C,0,-0.09388505,0.11535635590553284,0.9419999718666077,0.7224000096321106
YHR079C-A,YDR156W,0,-0.09417209,0.11534222960472107,0.9419999718666077,0.7225000262260437
YOR354C,YLR320W,0,-0.094342075,0.1153281107544899,0.9419999718666077,0.722599983215332
YPL020C,YAR003W,0,-0.094418176,0.11531399190425873,0.9419999718666077,0.7226999998092651
YCR028C-A,YPR124W,0,-0.09455061,0.11529988050460815,0.9419999718666077,0.7228000164031982
YNL075W,YHR166C,0,-0.09462677,0.11528576910495758,0.9419999718666077,0.7228999733924866
YOR125C,YMR067C,0,-0.09465277,0.115271657705307,0.9419999718666077,0.7229999899864197
YPL217C,YNL327W,0,-0.09482825,0.11525755375623703,0.9419999718666077,0.7231000065803528
YNL300W,YGL208W,0,-0.094865635,0.11524345725774765,0.9419999718666077,0.7232000231742859
YLR013W,YPR058W,0,-0.09491051,0.11522936075925827,0.9419999718666077,0.7232999801635742
YDR506C,YKR092C,0,-0.09502727,0.11521526426076889,0.9419999718666077,0.7233999967575073
YNR056C,YGR125W,0,-0.095260344,0.11520117521286011,0.9419999718666077,0.7235000133514404
YBR253W,YNL087W,0,-0.095264435,0.11518708616495132,0.9419999718666077,0.7235999703407288
YOL039W,YMR323W,0,-0.095283985,0.11517300456762314,0.9419999718666077,0.7236999869346619
YGL086W,YIR028W,0,-0.09532009,0.11515892297029495,0.9419999718666077,0.723800003528595
YBL016W,YDR316W,0,-0.09532312,0.11514484882354736,0.9419999718666077,0.7239000201225281
YJL177W,YKL012W,0,-0.095411554,0.11513077467679977,0.9419999718666077,0.7239999771118164
YGL208W,YBL100W-A,0,-0.095479935,0.11511670798063278,0.9419999718666077,0.7240999937057495
YJL028W,YOR202W,0,-0.095546275,0.11510264128446579,0.9419999718666077,0.7242000102996826
YPR104C,YBR210W,0,-0.095681526,0.1150885745882988,0.9419999718666077,0.7243000268936157
YBR290W,YCL030C,0,-0.095869005,0.1150745153427124,0.9419999718666077,0.724399983882904
YLR106C,YOR063W,1,-0.096115924,0.11518260836601257,0.9430000185966492,0.724399983882904
YOR354C,YER172C,0,-0.09613225,0.11516854166984558,0.9430000185966492,0.7245000004768372
YGL250W,YLR398C,0,-0.09625312,0.11515447497367859,0.9430000185966492,0.7246000170707703
YLR340W,YKL221W,0,-0.09634894,0.1151404157280922,0.9430000185966492,0.7246999740600586
YER119C,YML093W,0,-0.096371576,0.1151263564825058,0.9430000185966492,0.7247999906539917
YJR105W,YMR113W,0,-0.09638453,0.1151123046875,0.9430000185966492,0.7249000072479248
YNR023W,YER003C,0,-0.09650484,0.1150982528924942,0.9430000185966492,0.7250000238418579
YKL071W,YOR035C,0,-0.09650706,0.115084208548069,0.9430000185966492,0.7250999808311462
YNL154C,YPR023C,0,-0.096572146,0.1150701642036438,0.9430000185966492,0.7251999974250793
YJL063C,YGR133W,0,-0.096716374,0.1150561273097992,0.9430000185966492,0.7253000140190125
YOL128C,YCR083W,0,-0.096761435,0.11504209041595459,0.9430000185966492,0.7253999710083008
YIL041W,YJR095W,0,-0.096860394,0.11502805352210999,0.9430000185966492,0.7254999876022339
YIR021W,YOR130C,0,-0.09698063,0.11501402407884598,0.9430000185966492,0.725600004196167
YGR257C,YPR183W,0,-0.09721634,0.11500000208616257,0.9430000185966492,0.7257000207901001
YOR033C,YGR074W,0,-0.09733107,0.11498598009347916,0.9430000185966492,0.7257999777793884
YPL003W,YOL058W,0,-0.09736991,0.11497195810079575,0.9430000185966492,0.7258999943733215
YKL101W,YMR164C,0,-0.09740947,0.11495794355869293,0.9430000185966492,0.7260000109672546
YOL128C,YGL054C,0,-0.09746716,0.11494392901659012,0.9430000185966492,0.7261000275611877
YBR073W,YBL097W,0,-0.09773946,0.1149299219250679,0.9430000185966492,0.7261999845504761
YFL062W,YKL012W,0,-0.09781766,0.11491591483354568,0.9430000185966492,0.7263000011444092
YDR006C,YGR195W,0,-0.09788515,0.11490191519260406,0.9430000185966492,0.7264000177383423
YPL016W,YOR307C,0,-0.09817596,0.11488791555166245,0.9430000185966492,0.7264999747276306
YDR194C,YHR124W,0,-0.09828233,0.11487391591072083,0.9430000185966492,0.7265999913215637
YGR108W,YCR066W,0,-0.098669276,0.1148599237203598,0.9430000185966492,0.7267000079154968
YDR084C,YPL072W,0,-0.09873261,0.11484593898057938,0.9430000185966492,0.7268000245094299
YKL213C,YDL201W,0,-0.0988384,0.11483195424079895,0.9430000185966492,0.7268999814987183
YLR410W,YOR035C,0,-0.09885539,0.11481796950101852,0.9430000185966492,0.7269999980926514
YPL088W,YML001W,0,-0.09895755,0.1148039922118187,0.9430000185966492,0.7271000146865845
YBR201W,YIR008C,0,-0.099056214,0.11479001492261887,0.9430000185966492,0.7271999716758728
YPR103W,YNL321W,0,-0.09911893,0.11477604508399963,0.9430000185966492,0.7272999882698059
YMR288W,YLR064W,0,-0.099237636,0.1147620752453804,0.9430000185966492,0.727400004863739
YNL002C,YBL097W,0,-0.0993562,0.11474811285734177,0.9430000185966492,0.7275000214576721
YNL002C,YFL018C,0,-0.0994184,0.11473415046930313,0.9430000185966492,0.7275999784469604
YBL004W,YBR014C,0,-0.09954058,0.11472019553184509,0.9430000185966492,0.7276999950408936
YGL156W,YDL161W,0,-0.099546656,0.11470624059438705,0.9430000185966492,0.7278000116348267
YBL042C,YLR272C,0,-0.09955983,0.11469228565692902,0.9430000185966492,0.7279000282287598
YKL139W,YOR073W,0,-0.09973074,0.11467833817005157,0.9430000185966492,0.7279999852180481
YGR203W,YCL020W,0,-0.09986359,0.11466439813375473,0.9430000185966492,0.7281000018119812
YGL250W,YEL034W,0,-0.09995213,0.11465045809745789,0.9430000185966492,0.7282000184059143
YDR113C,YLR178C,0,-0.09998155,0.11463651806116104,0.9430000185966492,0.7282999753952026
YFL024C,YIL103W,0,-0.10014363,0.1146225854754448,0.9430000185966492,0.7283999919891357
YLR320W,YBL003C,0,-0.10024195,0.11460865288972855,0.9430000185966492,0.7285000085830688
YHL007C,YGR087C,0,-0.1002939,0.1145947277545929,0.9430000185966492,0.728600025177002
YBL097W,YDR266C,0,-0.10040492,0.11458080261945724,0.9430000185966492,0.7286999821662903
YBR073W,YML072C,0,-0.10047369,0.11456688493490219,0.9430000185966492,0.7287999987602234
YOR255W,YDR394W,0,-0.10047864,0.11455296725034714,0.9430000185966492,0.7289000153541565
YPL152W,YNL186W,0,-0.10050692,0.11453904956579208,0.9430000185966492,0.7289999723434448
YOL128C,YDL049C,0,-0.10090554,0.11452513933181763,0.9430000185966492,0.7290999889373779
YCR067C,YIL065C,0,-0.101190284,0.11451122909784317,0.9430000185966492,0.729200005531311
YAL047C,YIL044C,0,-0.101204544,0.11449732631444931,0.9430000185966492,0.7293000221252441
YBR179C,YLL042C,0,-0.101218715,0.11448343098163605,0.9430000185966492,0.7293999791145325
YPL016W,YOR005C,0,-0.10126705,0.11446952819824219,0.9430000185966492,0.7294999957084656
YIL041W,YGR261C,0,-0.10160555,0.11445564031600952,0.9430000185966492,0.7296000123023987
YGR186W,YKR042W,0,-0.10172137,0.11444174498319626,0.9430000185966492,0.7297000288963318
YER065C,YKL220C,0,-0.1018418,0.11442785710096359,0.9430000185966492,0.7297999858856201
YBR239C,YIL157C,0,-0.10186723,0.11441397666931152,0.9430000185966492,0.7299000024795532
YDR540C,YGR280C,0,-0.10196409,0.11440009623765945,0.9430000185966492,0.7300000190734863
YNL067W,YOR035C,0,-0.10198982,0.11438622325658798,0.9430000185966492,0.7300999760627747
YGR125W,YPR079W,0,-0.101992294,0.11437235027551651,0.9430000185966492,0.7301999926567078
YKR087C,YER001W,0,-0.10203046,0.11435847729444504,0.9430000185966492,0.7303000092506409
YER069W,YGL054C,0,-0.10210507,0.11434461176395416,0.9430000185966492,0.730400025844574
YGL011C,YOR360C,0,-0.10232502,0.11433074623346329,0.9430000185966492,0.7304999828338623
YNL014W,YOL021C,0,-0.10243209,0.11431688815355301,0.9430000185966492,0.7305999994277954
YJL139C,YOR234C,0,-0.1024466,0.11430303007364273,0.9430000185966492,0.7307000160217285
YAL032C,YJL092W,0,-0.10245314,0.11428917944431305,0.9430000185966492,0.7307999730110168
YDR488C,YOR022C,0,-0.10247064,0.11427532881498337,0.9430000185966492,0.73089998960495
YJL151C,YDR450W,0,-0.10252464,0.11426147818565369,0.9430000185966492,0.7310000061988831
YNL321W,YPL212C,0,-0.10282487,0.1142476350069046,0.9430000185966492,0.7311000227928162
YKL213C,YDR147W,0,-0.102960914,0.11423379927873611,0.9430000185966492,0.7311999797821045
YBR019C,YGL257C,0,-0.10296713,0.11421996355056763,0.9430000185966492,0.7312999963760376
YJL093C,YDL058W,0,-0.10303446,0.11420612782239914,0.9430000185966492,0.7314000129699707
YMR079W,YDR485C,0,-0.103048444,0.11419229954481125,0.9430000185966492,0.7315000295639038
YMR288W,YEL077C,0,-0.10308347,0.11417847126722336,0.9430000185966492,0.7315999865531921
YIL162W,YLR095C,0,-0.10324334,0.11416465044021606,0.9430000185966492,0.7317000031471252
YHR123W,YLR155C,0,-0.10328746,0.11415082961320877,0.9430000185966492,0.7318000197410583
YPR201W,YGL029W,0,-0.10336733,0.11413701623678207,0.9430000185966492,0.7318999767303467
YIR007W,YOR077W,0,-0.10346365,0.11412320286035538,0.9430000185966492,0.7319999933242798
YPL016W,YBR135W,0,-0.1034641,0.11410938948392868,0.9430000185966492,0.7321000099182129
YOR362C,YDL191W,0,-0.103629895,0.11409558355808258,0.9430000185966492,0.732200026512146
YOR190W,YNL152W,0,-0.10365677,0.11408177763223648,0.9430000185966492,0.7322999835014343
YNL090W,YMR190C,0,-0.10374531,0.11406797915697098,0.9430000185966492,0.7324000000953674
YER124C,YER073W,0,-0.10386744,0.11405418813228607,0.9430000185966492,0.7325000166893005
YDR462W,YBR008C,0,-0.10403678,0.11404038965702057,0.9430000185966492,0.7325999736785889
YGR220C,YHR052W,1,-0.10404163,0.11414752155542374,0.9440000057220459,0.7325999736785889
YJR014W,YER004W,0,-0.10410331,0.11413372308015823,0.9440000057220459,0.732699990272522
YGR157W,YKR045C,0,-0.10421741,0.11411992460489273,0.9440000057220459,0.7328000068664551
YDL020C,YJR067C,0,-0.10428448,0.11410612612962723,0.9440000057220459,0.7329000234603882
YIL023C,YER183C,0,-0.104361415,0.11409233510494232,0.9440000057220459,0.7329999804496765
YGL099W,YPR201W,0,-0.10437423,0.11407855153083801,0.9440000057220459,0.7330999970436096
YJL010C,YNL134C,0,-0.104595274,0.1140647679567337,0.9440000057220459,0.7332000136375427
YKR060W,YKR001C,0,-0.10464129,0.1140509843826294,0.9440000057220459,0.733299970626831
YKR067W,YKL127W,0,-0.10474025,0.11403720825910568,0.9440000057220459,0.7333999872207642
YMR293C,YJL051W,0,-0.10481346,0.11402343213558197,0.9440000057220459,0.7335000038146973
YOR118W,YBL027W,0,-0.104919076,0.11400966346263885,0.9440000057220459,0.7336000204086304
YPL003W,YGR249W,0,-0.1050196,0.11399589478969574,0.9440000057220459,0.7336999773979187
YIR003W,YBR265W,0,-0.10509616,0.11398213356733322,0.9440000057220459,0.7337999939918518
YAR071W,YHL020C,0,-0.105107486,0.1139683723449707,0.9440000057220459,0.7339000105857849
YBR221C,YJL122W,0,-0.10513632,0.11395461112260818,0.9440000057220459,0.734000027179718
YBR135W,YIL168W,0,-0.10516201,0.11394085735082626,0.9440000057220459,0.7340999841690063
YAR071W,YOR125C,0,-0.10520539,0.11392710357904434,0.9440000057220459,0.7342000007629395
YKR086W,YGL097W,0,-0.105226174,0.11391335725784302,0.9440000057220459,0.7343000173568726
YJL042W,YNL116W,0,-0.105240956,0.1138996109366417,0.9440000057220459,0.7343999743461609
YPL132W,YML022W,0,-0.10534608,0.11388587206602097,0.9440000057220459,0.734499990940094
YJR137C,YPL275W,0,-0.1054869,0.11387213319540024,0.9440000057220459,0.7346000075340271
YOR095C,YDR191W,0,-0.105560735,0.11385840177536011,0.9440000057220459,0.7347000241279602
YHR191C,YLR355C,0,-0.105664745,0.11384467035531998,0.9440000057220459,0.7347999811172485
YAR050W,YOL027C,0,-0.105726585,0.11383093893527985,0.9440000057220459,0.7348999977111816
YNL312W,YNR075W,0,-0.10574609,0.11381721496582031,0.9440000057220459,0.7350000143051147
YIL041W,YMR029C,0,-0.10578349,0.11380349844694138,0.9440000057220459,0.7350999712944031
YPR124W,YGL175C,0,-0.10585046,0.11378978192806244,0.9440000057220459,0.7351999878883362
YBR258C,YDR001C,0,-0.10585053,0.1137760654091835,0.9440000057220459,0.7353000044822693
YDR113C,YLL015W,0,-0.10597336,0.11376234889030457,0.9440000057220459,0.7354000210762024
YER003C,YGL133W,0,-0.106014565,0.11374864727258682,0.9440000057220459,0.7354999780654907
YHR216W,YCR088W,0,-0.10609421,0.11373493820428848,0.9440000057220459,0.7355999946594238
YNL257C,YGL043W,0,-0.1061455,0.11372123658657074,0.9440000057220459,0.7357000112533569
YGL224C,YFL024C,0,-0.10640305,0.1137075424194336,0.9440000057220459,0.73580002784729
YGL125W,YBR056W,0,-0.10652146,0.11369384825229645,0.9440000057220459,0.7358999848365784
YLR132C,YDR266C,0,-0.106714755,0.1136801540851593,0.9440000057220459,0.7360000014305115
YFL052W,YKL137W,0,-0.10672377,0.11366646736860275,0.9440000057220459,0.7361000180244446
YOR229W,YER019W,0,-0.10674456,0.1136527806520462,0.9440000057220459,0.7361999750137329
YER122C,YNL005C,0,-0.10690102,0.11363910138607025,0.9440000057220459,0.736299991607666
YKL008C,YCR083W,0,-0.107200444,0.1136254221200943,0.9440000057220459,0.7364000082015991
YDR506C,YOR083W,0,-0.107278556,0.11361174285411835,0.9440000057220459,0.7365000247955322
YPL283C,YER021W,0,-0.107361525,0.11359807103872299,0.9440000057220459,0.7365999817848206
YOR354C,YJR007W,0,-0.10749522,0.11358440667390823,0.9440000057220459,0.7366999983787537
YBL050W,YNL097C,0,-0.10753456,0.11357074230909348,0.9440000057220459,0.7368000149726868
YDL207W,YIR028W,0,-0.10765576,0.11355707794427872,0.9440000057220459,0.7368999719619751
YGR198W,YOR256C,0,-0.107682824,0.11354342103004456,0.9440000057220459,0.7369999885559082
YPR101W,YBR152W,0,-0.10775676,0.1135297641158104,0.9440000057220459,0.7371000051498413
YNL323W,YHR134W,0,-0.10781425,0.11351611465215683,0.9440000057220459,0.7372000217437744
YDR540C,YNL265C,0,-0.107832894,0.11350246518850327,0.9440000057220459,0.7372999787330627
YOR328W,YLL010C,0,-0.10798827,0.1134888157248497,0.9440000057220459,0.7373999953269958
YDR294C,YKR029C,0,-0.108011514,0.11347517371177673,0.9440000057220459,0.737500011920929
YOL091W,YAL001C,0,-0.108047396,0.11346153914928436,0.9440000057220459,0.7376000285148621
YAL005C,YOR083W,0,-0.10808836,0.11344790458679199,0.9440000057220459,0.7376999855041504
YCR023C,YPL192C,0,-0.108104765,0.11343427002429962,0.9440000057220459,0.7378000020980835
YML025C,YNL110C,1,-0.10814449,0.11354079097509384,0.9449999928474426,0.7378000020980835
YDL155W,YDR432W,0,-0.10858925,0.11352714896202087,0.9449999928474426,0.7379000186920166
YMR190C,YML024W,0,-0.1086041,0.1135135143995285,0.9449999928474426,0.7379999756813049
YIL065C,YOR198C,0,-0.10866442,0.11349987983703613,0.9449999928474426,0.738099992275238
YDL193W,YFR004W,0,-0.1086832,0.11348625272512436,0.9449999928474426,0.7382000088691711
YKL139W,YDL201W,0,-0.10869621,0.11347262561321259,0.9449999928474426,0.7383000254631042
YER054C,YMR047C,0,-0.10871427,0.11345899850130081,0.9449999928474426,0.7383999824523926
YHR121W,YDL122W,0,-0.108747244,0.11344537883996964,0.9449999928474426,0.7384999990463257
YBR258C,YOR094W,0,-0.10882713,0.11343175917863846,0.9449999928474426,0.7386000156402588
YGL145W,YPL015C,0,-0.10890256,0.11341814696788788,0.9449999928474426,0.7386999726295471
YFL009W,YOR064C,0,-0.10892013,0.1134045347571373,0.9449999928474426,0.7387999892234802
YBR039W,YJL014W,0,-0.10896309,0.11339092999696732,0.9449999928474426,0.7389000058174133
YPR025C,YBR014C,0,-0.108983785,0.11337732523679733,0.9449999928474426,0.7390000224113464
YJR090C,YEL046C,0,-0.10908294,0.11336372047662735,0.9449999928474426,0.7390999794006348
YHR045W,YER122C,0,-0.10909283,0.11335012316703796,0.9449999928474426,0.7391999959945679
YMR011W,YKL096W,0,-0.10926491,0.11333653330802917,0.9449999928474426,0.739300012588501
YLR423C,YBL005W-A,0,-0.10946417,0.11332294344902039,0.9449999928474426,0.7394000291824341
YDR085C,YLR256W,0,-0.10957281,0.1133093535900116,0.9449999928474426,0.7394999861717224
YBR280C,YPL232W,0,-0.1095936,0.1132957711815834,0.9449999928474426,0.7396000027656555
YOL027C,YLR341W,0,-0.10979287,0.11328218877315521,0.9449999928474426,0.7397000193595886
YKR067W,YFL009W,0,-0.10980305,0.11326860636472702,0.9449999928474426,0.739799976348877
YBR253W,YMR309C,0,-0.109821066,0.11325503140687943,0.9449999928474426,0.7398999929428101
YDR084C,YBL009W,0,-0.11000407,0.11324146389961243,0.9449999928474426,0.7400000095367432
YDL103C,YGR195W,0,-0.11019494,0.11322789639234543,0.9449999928474426,0.7401000261306763
YDR385W,YMR113W,0,-0.11030358,0.11321432888507843,0.9449999928474426,0.7401999831199646
YGR220C,YOL080C,1,-0.110360175,0.11332055926322937,0.9459999799728394,0.7401999831199646
YDR163W,YOR303W,0,-0.110363066,0.11330698430538177,0.9459999799728394,0.7402999997138977
YCR073C,YDL104C,0,-0.1104452,0.11329341679811478,0.9459999799728394,0.7404000163078308
YKL193C,YOR077W,0,-0.110667765,0.11327984929084778,0.9459999799728394,0.7404999732971191
YOR094W,YLR148W,0,-0.11100043,0.11326628178358078,0.9459999799728394,0.7405999898910522
YDR363W,YBR135W,0,-0.11103994,0.11325272172689438,0.9459999799728394,0.7407000064849854
YOL075C,YEL071W,0,-0.11125007,0.11323916912078857,0.9459999799728394,0.7408000230789185
YPL053C,YKL107W,0,-0.11131862,0.11322561651468277,0.9459999799728394,0.7408999800682068
YGL124C,YKL160W,0,-0.111322194,0.11321206390857697,0.9459999799728394,0.7409999966621399
YNR036C,YKR092C,0,-0.111578405,0.11319851875305176,0.9459999799728394,0.741100013256073
YDL181W,YBL040C,0,-0.11161162,0.11318497359752655,0.9459999799728394,0.7411999702453613
YDR163W,YKL073W,0,-0.11166218,0.11317142844200134,0.9459999799728394,0.7412999868392944
YKR098C,YGL055W,0,-0.11169867,0.11315789818763733,0.9459999799728394,0.7414000034332275
YPR145W,YIL082W-A,0,-0.112194255,0.11314436048269272,0.9459999799728394,0.7415000200271606
YBR236C,YGL166W,0,-0.11227676,0.1131308302283287,0.9459999799728394,0.741599977016449
YJL145W,YNL047C,0,-0.11231139,0.11311729997396469,0.9459999799728394,0.7416999936103821
YOL110W,YMR251W-A,0,-0.11240405,0.11310377717018127,0.9459999799728394,0.7418000102043152
YLL039C,YDR017C,0,-0.11255875,0.11309025436639786,0.9459999799728394,0.7419000267982483
YAR003W,YIL157C,0,-0.1125651,0.11307673901319504,0.9459999799728394,0.7419999837875366
YFR004W,YDL014W,0,-0.112567425,0.11306322365999222,0.9459999799728394,0.7421000003814697
YER019W,YLR431C,0,-0.112643346,0.11304971575737,0.9459999799728394,0.7422000169754028
YOR144C,YKR098C,0,-0.11344892,0.11303620785474777,0.9459999799728394,0.7422999739646912
YNL323W,YLR274W,0,-0.113481194,0.11302269995212555,0.9459999799728394,0.7423999905586243
YLR144C,YGR048W,0,-0.11355558,0.11300919950008392,0.9459999799728394,0.7425000071525574
YOR118W,YLR064W,0,-0.11372304,0.1129956990480423,0.9459999799728394,0.7426000237464905
YKL163W,YPL072W,0,-0.11375992,0.11298220604658127,0.9459999799728394,0.7426999807357788
YLR336C,YLR089C,0,-0.11383641,0.11296871304512024,0.9459999799728394,0.7427999973297119
YBL105C,YLR066W,0,-0.11386077,0.11295522749423981,0.9459999799728394,0.742900013923645
YLR272C,YKL139W,0,-0.11389804,0.11294174194335938,0.9459999799728394,0.7429999709129333
YJR056C,YDL104C,0,-0.11390923,0.11292825639247894,0.9459999799728394,0.7430999875068665
YIL114C,YER075C,0,-0.114072606,0.11291477829217911,0.9459999799728394,0.7432000041007996
YIL085C,YOL119C,0,-0.11411655,0.11290130019187927,0.9459999799728394,0.7433000206947327
YGL013C,YBR239C,0,-0.11429486,0.11288782954216003,0.9459999799728394,0.743399977684021
YHR079C-A,YOL021C,0,-0.11430387,0.1128743588924408,0.9459999799728394,0.7434999942779541
YMR119W,YML065W,0,-0.11452137,0.11286089569330215,0.9459999799728394,0.7436000108718872
YBR132C,YLR233C,0,-0.1147663,0.11284743249416351,0.9459999799728394,0.7437000274658203
YHR191C,YCR068W,0,-0.11482203,0.11283396929502487,0.9459999799728394,0.7437999844551086
YDR348C,YEL060C,0,-0.11501762,0.11282051354646683,0.9459999799728394,0.7439000010490417
YOR214C,YOR205C,0,-0.11514717,0.11280705779790878,0.9459999799728394,0.7440000176429749
YPL249C-A,YFL018C,0,-0.115232676,0.11279360949993134,0.9459999799728394,0.7440999746322632
YJL074C,YMR154C,0,-0.11524382,0.11278016120195389,0.9459999799728394,0.7441999912261963
YLR070C,YDR450W,0,-0.11533159,0.11276672035455704,0.9459999799728394,0.7443000078201294
YNL323W,YER157W,0,-0.11541423,0.11275327950716019,0.9459999799728394,0.7444000244140625
YBR217W,YGL099W,0,-0.115471214,0.11273983865976334,0.9459999799728394,0.7444999814033508
YDL212W,YOL075C,0,-0.11549097,0.11272640526294708,0.9459999799728394,0.7445999979972839
YIL041W,YPL237W,0,-0.11551009,0.11271297186613083,0.9459999799728394,0.744700014591217
YHR124W,YNL113W,0,-0.115590826,0.11269954591989517,0.9459999799728394,0.7447999715805054
YNR054C,YDR027C,0,-0.11559576,0.11268611997365952,0.9459999799728394,0.7448999881744385
YGR215W,YLR229C,0,-0.11579302,0.11267270147800446,0.9459999799728394,0.7450000047683716
YDR432W,YPL228W,0,-0.11584239,0.1126592829823494,0.9459999799728394,0.7451000213623047
YMR323W,YNL224C,0,-0.11588177,0.11264586448669434,0.9459999799728394,0.745199978351593
YBR152W,YGR172C,0,-0.11588849,0.11263245344161987,0.9459999799728394,0.7452999949455261
YNL037C,YOR339C,0,-0.11598785,0.11261904984712601,0.9459999799728394,0.7454000115394592
YGR240C,YDR099W,0,-0.11599094,0.11260563880205154,0.9459999799728394,0.7455000281333923
YPR018W,YDL165W,0,-0.11618394,0.11259224265813828,0.9459999799728394,0.7455999851226807
YOR033C,YML022W,0,-0.11622076,0.11257883906364441,0.9459999799728394,0.7457000017166138
YER048C,YOL089C,0,-0.11633308,0.11256544291973114,0.9459999799728394,0.7458000183105469
YGR271C-A,YPR124W,0,-0.11653553,0.11255205422639847,0.9459999799728394,0.7458999752998352
YDR522C,YJL122W,0,-0.116651624,0.1125386655330658,0.9459999799728394,0.7459999918937683
YOL115W,YER073W,0,-0.11692943,0.11252527683973312,0.9459999799728394,0.7461000084877014
YGL038C,YDL214C,0,-0.11695513,0.11251189559698105,0.9459999799728394,0.7462000250816345
YFR042W,YJR129C,0,-0.11716974,0.11249851435422897,0.9459999799728394,0.7462999820709229
YNL071W,YML022W,0,-0.11721164,0.1124851331114769,0.9459999799728394,0.746399998664856
YPL268W,YMR293C,0,-0.11752084,0.11247176676988602,0.9459999799728394,0.7465000152587891
YOL006C,YGR203W,0,-0.11754452,0.11245839297771454,0.9459999799728394,0.7465999722480774
YOR150W,YPL146C,1,-0.11761688,0.11256388574838638,0.9470000267028809,0.7465999722480774
YGR048W,YBR244W,0,-0.1176323,0.1125505119562149,0.9470000267028809,0.7466999888420105
YGL130W,YBL101C,0,-0.117771104,0.11253713816404343,0.9470000267028809,0.7468000054359436
YDL188C,YDR113C,0,-0.11785537,0.11252376437187195,0.9470000267028809,0.7469000220298767
YOL115W,YDR163W,0,-0.11795795,0.11251039803028107,0.9470000267028809,0.746999979019165
YLR410W,YER183C,0,-0.11803967,0.11249703168869019,0.9470000267028809,0.7470999956130981
YLR128W,YNL002C,0,-0.1180819,0.1124836653470993,0.9470000267028809,0.7472000122070312
YLR174W,YLR355C,0,-0.11826539,0.11247030645608902,0.9470000267028809,0.7473000288009644
YML046W,YDL104C,0,-0.11826661,0.11245695501565933,0.9470000267028809,0.7473999857902527
YCR102C,YDR208W,0,-0.118285924,0.11244360357522964,0.9470000267028809,0.7475000023841858
YNL299W,YKL157W,0,-0.11853272,0.11243025213479996,0.9470000267028809,0.7476000189781189
YDL049C,YKL018W,0,-0.11857031,0.11241690069437027,0.9470000267028809,0.7476999759674072
YGL255W,YLR089C,0,-0.118610114,0.11240356415510178,0.9470000267028809,0.7477999925613403
YIL066C,YBL005W-A,0,-0.119004935,0.11239022016525269,0.9470000267028809,0.7479000091552734
YLR431C,YOR133W,0,-0.119142145,0.11237688362598419,0.9470000267028809,0.7480000257492065
YIL065C,YPL187W,0,-0.119302645,0.1123635470867157,0.9470000267028809,0.7480999827384949
YLR240W,YPL069C,0,-0.11932555,0.1123502179980278,0.9470000267028809,0.748199999332428
YPL242C,YNL275W,0,-0.11934841,0.1123368889093399,0.9470000267028809,0.7483000159263611
YOR368W,YBR068C,0,-0.1194323,0.1123235672712326,0.9470000267028809,0.7483999729156494
YPL086C,YOR141C,0,-0.11944267,0.1123102456331253,0.9470000267028809,0.7484999895095825
YOR056C,YPL046C,0,-0.1196201,0.1122969314455986,0.9470000267028809,0.7486000061035156
YAL061W,YIL044C,0,-0.11969443,0.1122836172580719,0.9470000267028809,0.7487000226974487
YDL181W,YLR138W,0,-0.1198968,0.1122703030705452,0.9470000267028809,0.7487999796867371
YMR283C,YAL061W,0,-0.11996338,0.11225699633359909,0.9470000267028809,0.7488999962806702
YGR278W,YJR088C,0,-0.12007105,0.11224368959665298,0.9470000267028809,0.7490000128746033
YDL126C,YGL097W,0,-0.12009415,0.11223038285970688,0.9470000267028809,0.7491000294685364
YDR162C,YLR110C,0,-0.12009531,0.11221709102392197,0.9470000267028809,0.7491999864578247
YPL020C,YKL220C,0,-0.12025732,0.11220379173755646,0.9470000267028809,0.7493000030517578
YHR107C,YOR284W,0,-0.120296,0.11219049990177155,0.9470000267028809,0.7494000196456909
YOR064C,YPL187W,0,-0.12034649,0.11217720806598663,0.9470000267028809,0.7494999766349792
YGR038W,YMR121C,0,-0.12040326,0.11216392368078232,0.9470000267028809,0.7495999932289124
YPR075C,YBL009W,0,-0.12041789,0.112150639295578,0.9470000267028809,0.7497000098228455
YDR016C,YCR008W,0,-0.120496124,0.11213736236095428,0.9470000267028809,0.7498000264167786
YFR051C,YKL167C,0,-0.12055376,0.11212408542633057,0.9470000267028809,0.7498999834060669
YEL077C,YMR052W,0,-0.120588124,0.11211080849170685,0.9470000267028809,0.75
YNL090W,YLR069C,0,-0.12060827,0.11209753900766373,0.9470000267028809,0.7501000165939331
YKR013W,YMR293C,0,-0.12066433,0.1120842695236206,0.9470000267028809,0.7501999735832214
YER065C,YLR216C,0,-0.12069842,0.11207100749015808,0.9470000267028809,0.7502999901771545
YOR130C,YML111W,0,-0.12073091,0.11205774545669556,0.9470000267028809,0.7504000067710876
YDR385W,YOL068C,0,-0.12085596,0.11204448342323303,0.9470000267028809,0.7505000233650208
YPL283C,YIL082W-A,0,-0.120977715,0.1120312288403511,0.9470000267028809,0.7505999803543091
YJR064W,YBR057C,0,-0.12097821,0.11201798170804977,0.9470000267028809,0.7506999969482422
YHR034C,YMR309C,0,-0.1209847,0.11200473457574844,0.9470000267028809,0.7508000135421753
YNR073C,YFL016C,0,-0.12100881,0.11199148744344711,0.9470000267028809,0.7508999705314636
YBR258C,YMR280C,0,-0.12112856,0.11197824031114578,0.9470000267028809,0.7509999871253967
YIR003W,YKR001C,0,-0.12125191,0.11196500062942505,0.9470000267028809,0.7511000037193298
YOL128C,YNR032W,0,-0.121305004,0.11195176839828491,0.9470000267028809,0.7512000203132629
YOL110W,YDR119W,0,-0.121326014,0.11193853616714478,0.9470000267028809,0.7512999773025513
YDR322C-A,YCR088W,0,-0.12140173,0.11192530393600464,0.9470000267028809,0.7513999938964844
YBR171W,YBR044C,0,-0.12157872,0.1119120791554451,0.9470000267028809,0.7515000104904175
YDR477W,YPL108W,0,-0.12164128,0.11189885437488556,0.9470000267028809,0.7516000270843506
YFR042W,YDR156W,0,-0.12166682,0.11188562959432602,0.9470000267028809,0.7516999840736389
YCR071C,YDR208W,0,-0.12167674,0.11187241226434708,0.9470000267028809,0.751800000667572
YHR034C,YLR222C,0,-0.12170327,0.11185920238494873,0.9470000267028809,0.7519000172615051
YHR121W,YML019W,0,-0.12170735,0.11184599250555038,0.9470000267028809,0.7519999742507935
YLR138W,YNL169C,0,-0.121791035,0.11183278262615204,0.9470000267028809,0.7520999908447266
YGL020C,YDR307W,0,-0.121804684,0.11181958019733429,0.9470000267028809,0.7522000074386597
YJR095W,YPL266W,0,-0.121846884,0.11180637776851654,0.9470000267028809,0.7523000240325928
YDR338C,YBR104W,0,-0.12188217,0.11179317533969879,0.9470000267028809,0.7523999810218811
YMR021C,YOR256C,0,-0.12191293,0.11177998036146164,0.9470000267028809,0.7524999976158142
YJR144W,YDR001C,0,-0.12209445,0.11176678538322449,0.9470000267028809,0.7526000142097473
YGR068C,YML075C,0,-0.122135386,0.11175359785556793,0.9470000267028809,0.7526999711990356
YMR323W,YLR027C,0,-0.1222958,0.11174041032791138,0.9470000267028809,0.7527999877929688
YLR272C,YER058W,0,-0.122354954,0.11172723025083542,0.9470000267028809,0.7529000043869019
YDR522C,YOL021C,0,-0.122416124,0.11171405017375946,0.9470000267028809,0.753000020980835
YNL220W,YNL270C,0,-0.122538835,0.1117008700966835,0.9470000267028809,0.7530999779701233
YLR262C,YGR125W,0,-0.122623414,0.11168769747018814,0.9470000267028809,0.7531999945640564
YMR134W,YKR025W,0,-0.12268786,0.11167452484369278,0.9470000267028809,0.7533000111579895
YPR103W,YPL275W,0,-0.122708544,0.11166135966777802,0.9470000267028809,0.7534000277519226
YOR368W,YBL100W-A,0,-0.122739315,0.11164819449186325,0.9470000267028809,0.7534999847412109
YBR216C,YPL170W,0,-0.12291932,0.11163503676652908,0.9470000267028809,0.753600001335144
YGL124C,YIL044C,0,-0.122969165,0.11162187904119492,0.9470000267028809,0.7537000179290771
YDR155C,YEL004W,0,-0.12298375,0.11160872131586075,0.9470000267028809,0.7537999749183655
YHR079C-A,YBR217W,0,-0.12323873,0.11159557104110718,0.9470000267028809,0.7538999915122986
YER078C,YFL003C,0,-0.12331508,0.11158242076635361,0.9470000267028809,0.7540000081062317
YFL009W,YGL020C,0,-0.12336737,0.11156927794218063,0.9470000267028809,0.7541000247001648
YMR260C,YPL118W,0,-0.123457044,0.11155613511800766,0.9470000267028809,0.7541999816894531
YBL036C,YPL029W,0,-0.12366481,0.11154299229383469,0.9470000267028809,0.7542999982833862
YER183C,YDL161W,0,-0.12383802,0.11152985692024231,0.9470000267028809,0.7544000148773193
YBR132C,YML058W,0,-0.12387872,0.11151672154664993,0.9470000267028809,0.7544999718666077
YNL222W,YDL010W,0,-0.123882934,0.11150359362363815,0.9470000267028809,0.7545999884605408
YML025C,YNL227C,1,-0.12388405,0.11160819232463837,0.9480000138282776,0.7545999884605408
YHR121W,YAL047C,0,-0.12389384,0.11159505695104599,0.9480000138282776,0.7547000050544739
YHL009C,YGL032C,0,-0.12396641,0.11158192157745361,0.9480000138282776,0.754800021648407
YDR016C,YGL131C,0,-0.12423764,0.11156878620386124,0.9480000138282776,0.7548999786376953
YNL252C,YOL075C,0,-0.124508604,0.11155565828084946,0.9480000138282776,0.7549999952316284
YJR159W,YDR143C,0,-0.1245161,0.11154253780841827,0.9480000138282776,0.7551000118255615
YGL166W,YOR367W,0,-0.12452561,0.1115294098854065,0.9480000138282776,0.7552000284194946
YML025C,YGL175C,0,-0.12454817,0.11151628941297531,0.9480000138282776,0.755299985408783
YHR094C,YLL028W,0,-0.12460685,0.11150317639112473,0.9480000138282776,0.7554000020027161
YGL234W,YLL054C,0,-0.12461716,0.11149006336927414,0.9480000138282776,0.7555000185966492
YPR104C,YEL011W,0,-0.12478465,0.11147695034742355,0.9480000138282776,0.7555999755859375
YFR009W,YLR081W,0,-0.12486002,0.11146384477615356,0.9480000138282776,0.7556999921798706
YDL153C,YMR231W,0,-0.12491225,0.11145073920488358,0.9480000138282776,0.7558000087738037
YKR080W,YKL193C,0,-0.12492058,0.11143764108419418,0.9480000138282776,0.7559000253677368
YHR124W,YLR222C,0,-0.12494326,0.11142454296350479,0.9480000138282776,0.7559999823570251
YGR152C,YDR084C,0,-0.12499711,0.1114114448428154,0.9480000138282776,0.7560999989509583
YDR349C,YBR077C,0,-0.1251242,0.1113983541727066,0.9480000138282776,0.7562000155448914
YCR089W,YLR421C,0,-0.12543356,0.11138526350259781,0.9480000138282776,0.7562999725341797
YKL049C,YNR075W,0,-0.12553439,0.11137218028306961,0.9480000138282776,0.7563999891281128
YKL084W,YLR095C,0,-0.12554455,0.11135909706354141,0.9480000138282776,0.7565000057220459
YOR361C,YHL022C,0,-0.12556702,0.11134602129459381,0.9480000138282776,0.756600022315979
YDL239C,YKL065C,0,-0.12564489,0.11133294552564621,0.9480000138282776,0.7566999793052673
YER011W,YGR013W,0,-0.12568153,0.11131986975669861,0.9480000138282776,0.7567999958992004
YDL052C,YIL110W,0,-0.12569231,0.1113068014383316,0.9480000138282776,0.7569000124931335
YLR342W,YDR206W,0,-0.12573671,0.1112937331199646,0.9480000138282776,0.7570000290870667
YJR014W,YPL228W,0,-0.12580729,0.1112806648015976,0.9480000138282776,0.757099986076355
YNL002C,YOR153W,0,-0.1258129,0.11126760393381119,0.9480000138282776,0.7572000026702881
YJL139C,YPR164W,0,-0.1258816,0.11125455051660538,0.9480000138282776,0.7573000192642212
YOR141C,YOR197W,0,-0.12591879,0.11124148964881897,0.9480000138282776,0.7573999762535095
YLR064W,YJL118W,0,-0.12602866,0.11122844368219376,0.9480000138282776,0.7574999928474426
YGL020C,YCR020W-B,0,-0.12611853,0.11121539026498795,0.9480000138282776,0.7576000094413757
YGR231C,YDL239C,0,-0.1261626,0.11120234429836273,0.9480000138282776,0.7577000260353088
YDR206W,YGL175C,0,-0.12620154,0.11118930578231812,0.9480000138282776,0.7577999830245972
YLR406C,YPL181W,0,-0.12628551,0.1111762672662735,0.9480000138282776,0.7578999996185303
YNL323W,YNL256W,0,-0.12644295,0.11116322875022888,0.9480000138282776,0.7580000162124634
YCR102C,YBL105C,0,-0.12650558,0.11115019023418427,0.9480000138282776,0.7580999732017517
YER039C,YNL106C,0,-0.1265889,0.11113716661930084,0.9480000138282776,0.7581999897956848
YOR173W,YNL272C,0,-0.12672329,0.11112413555383682,0.9480000138282776,0.7583000063896179
YGR068C,YBR167C,0,-0.12689477,0.1111111119389534,0.9480000138282776,0.758400022983551
YMR104C,YDL165W,0,-0.12696713,0.11109808832406998,0.9480000138282776,0.7584999799728394
YML038C,YHR034C,0,-0.12701736,0.11108507215976715,0.9480000138282776,0.7585999965667725
YNL035C,YHR200W,0,-0.12702273,0.11107205599546432,0.9480000138282776,0.7587000131607056
YNL299W,YGR067C,0,-0.1272154,0.1110590472817421,0.9480000138282776,0.7588000297546387
YJL028W,YCL033C,0,-0.12728432,0.11104603856801987,0.9480000138282776,0.758899986743927
YER001W,YKR046C,0,-0.12730603,0.11103302985429764,0.9480000138282776,0.7590000033378601
YLR057W,YGL208W,0,-0.12738231,0.111020028591156,0.9480000138282776,0.7591000199317932
YLL015W,YCR043C,0,-0.12746596,0.11100702732801437,0.9480000138282776,0.7591999769210815
YOR229W,YIL105C,0,-0.12755704,0.11099402606487274,0.9480000138282776,0.7592999935150146
YKL008C,YOR100C,0,-0.12767828,0.1109810322523117,0.9480000138282776,0.7594000101089478
YML066C,YKL152C,0,-0.1276978,0.11096804589033127,0.9480000138282776,0.7595000267028809
YOR003W,YGL054C,0,-0.12773639,0.11095505952835083,0.9480000138282776,0.7595999836921692
YGL011C,YMR044W,0,-0.12774837,0.11094207316637039,0.9480000138282776,0.7597000002861023
YHL009C,YEL026W,0,-0.1280244,0.11092908680438995,0.9480000138282776,0.7598000168800354
YMR280C,YBR227C,0,-0.12803197,0.11091610789299011,0.9480000138282776,0.7598999738693237
YLR225C,YGL020C,0,-0.12808794,0.11090313643217087,0.9480000138282776,0.7599999904632568
YOR255W,YLR002C,0,-0.12816903,0.11089016497135162,0.9480000138282776,0.7601000070571899
YGR087C,YNL229C,0,-0.12823945,0.11087719351053238,0.9480000138282776,0.760200023651123
YHL020C,YBL105C,0,-0.12824503,0.11086422950029373,0.9480000138282776,0.7602999806404114
YLR071C,YIR003W,0,-0.1283986,0.11085126549005508,0.9480000138282776,0.7603999972343445
YPL088W,YGL008C,0,-0.12842411,0.11083830147981644,0.9480000138282776,0.7605000138282776
YPR020W,YDR266C,0,-0.12842831,0.11082534492015839,0.9480000138282776,0.7605999708175659
YIL040W,YLR405W,0,-0.12846527,0.11081238836050034,0.9480000138282776,0.760699987411499
YOR094W,YGL065C,0,-0.12848198,0.11079943925142288,0.9480000138282776,0.7608000040054321
YOL091W,YJR044C,0,-0.12878649,0.11078649014234543,0.9480000138282776,0.7609000205993652
YLR307W,YDL213C,0,-0.12894681,0.11077354848384857,0.9480000138282776,0.7609999775886536
YIL105C,YOL044W,0,-0.12899032,0.11076059937477112,0.9480000138282776,0.7610999941825867
YPR020W,YPL069C,0,-0.12916732,0.11074766516685486,0.9480000138282776,0.7612000107765198
YDR484W,YBR244W,0,-0.12919793,0.1107347309589386,0.9480000138282776,0.7613000273704529
YNR012W,YPL181W,0,-0.129322,0.11072179675102234,0.9480000138282776,0.7613999843597412
YMR116C,YPL057C,0,-0.1293405,0.11070886254310608,0.9480000138282776,0.7615000009536743
YER018C,YBR044C,0,-0.12961027,0.11069593578577042,0.9480000138282776,0.7616000175476074
YDL207W,YDR506C,0,-0.1296229,0.11068300902843475,0.9480000138282776,0.7616999745368958
YGR215W,YPL128C,0,-0.12964225,0.11067008972167969,0.9480000138282776,0.7617999911308289
YLR310C,YKL084W,0,-0.12971944,0.11065717041492462,0.9480000138282776,0.761900007724762
YLR242C,YOR022C,0,-0.12974177,0.11064425855875015,0.9480000138282776,0.7620000243186951
YBR302C,YLL032C,0,-0.12988481,0.11063134670257568,0.9480000138282776,0.7620999813079834
YPL020C,YGR256W,0,-0.12992269,0.11061843484640121,0.9480000138282776,0.7621999979019165
YOL033W,YGR067C,0,-0.13000226,0.11060553044080734,0.9480000138282776,0.7623000144958496
YGL184C,YBL005W-A,0,-0.13008276,0.11059262603521347,0.9480000138282776,0.7623999714851379
YDR346C,YDR162C,0,-0.13027304,0.1105797290802002,0.9480000138282776,0.762499988079071
YLR297W,YIL158W,0,-0.13032912,0.11056683212518692,0.9480000138282776,0.7626000046730042
YPL236C,YNL030W,0,-0.13038912,0.11055393517017365,0.9480000138282776,0.7627000212669373
YDR147W,YIL122W,0,-0.13043833,0.11054104566574097,0.9480000138282776,0.7627999782562256
YGR048W,YNL256W,0,-0.13046512,0.11052815616130829,0.9480000138282776,0.7628999948501587
YKR080W,YFL053W,0,-0.13048652,0.11051527410745621,0.9480000138282776,0.7630000114440918
YNL321W,YGL179C,0,-0.13053377,0.11050239205360413,0.9480000138282776,0.7631000280380249
YPR029C,YGR125W,0,-0.13056362,0.11048950999975204,0.9480000138282776,0.7631999850273132
YML001W,YGR256W,0,-0.13060082,0.11047663539648056,0.9480000138282776,0.7633000016212463
YMR280C,YLR133W,0,-0.13065188,0.11046376079320908,0.9480000138282776,0.7634000182151794
YER018C,YJL036W,0,-0.13069917,0.11045089364051819,0.9480000138282776,0.7634999752044678
YNL312W,YNL106C,0,-0.13077761,0.1104380264878273,0.9480000138282776,0.7635999917984009
YNL300W,YBR126C,0,-0.13081594,0.11042515933513641,0.9480000138282776,0.763700008392334
YGR059W,YBR235W,0,-0.13081726,0.11041229963302612,0.9480000138282776,0.7638000249862671
YKL008C,YML065W,0,-0.13084026,0.11039943993091583,0.9480000138282776,0.7638999819755554
YGR092W,YGL077C,0,-0.13088226,0.11038658767938614,0.9480000138282776,0.7639999985694885
YGR041W,YLR229C,0,-0.13093653,0.11037373542785645,0.9480000138282776,0.7641000151634216
YER011W,YML029W,0,-0.1309585,0.11036088317632675,0.9480000138282776,0.76419997215271
YOR150W,YOR063W,1,-0.13099736,0.1104644387960434,0.9490000009536743,0.76419997215271
YNL225C,YDL014W,0,-0.13106371,0.1104515865445137,0.9490000009536743,0.7642999887466431
YEL020C,YOL049W,0,-0.13108832,0.11043872684240341,0.9490000009536743,0.7644000053405762
YBR004C,YNL087W,0,-0.13126332,0.11042588204145432,0.9490000009536743,0.7645000219345093
YAR050W,YER021W,0,-0.13131623,0.11041302978992462,0.9490000009536743,0.7645999789237976
YER006W,YGL166W,0,-0.13153777,0.11040018498897552,0.9490000009536743,0.7646999955177307
YHR121W,YJR093C,0,-0.13172033,0.11038734763860703,0.9490000009536743,0.7648000121116638
YGR220C,YHR066W,1,-0.13190822,0.1104908138513565,0.949999988079071,0.7648000121116638
YER172C,YOR058C,0,-0.13200301,0.11047796159982681,0.949999988079071,0.7649000287055969
YNR026C,YLL054C,0,-0.13222387,0.11046511679887772,0.949999988079071,0.7649999856948853
YNL072W,YNL224C,0,-0.13246895,0.11045227199792862,0.949999988079071,0.7651000022888184
YEL004W,YCR043C,0,-0.1324704,0.11043943464756012,0.949999988079071,0.7652000188827515
YMR135C,YNR063W,0,-0.13268022,0.11042659729719162,0.949999988079071,0.7652999758720398
YJR067C,YGL175C,0,-0.13289618,0.11041375994682312,0.949999988079071,0.7653999924659729
YDL155W,YDL104C,0,-0.13290346,0.11040093004703522,0.949999988079071,0.765500009059906
YGR209C,YPL005W,0,-0.1330269,0.11038810014724731,0.949999988079071,0.7656000256538391
YLR310C,YDL191W,0,-0.13334347,0.11037527769804001,0.949999988079071,0.7656999826431274
YPL086C,YGR091W,0,-0.13338669,0.1103624552488327,0.949999988079071,0.7657999992370605
YBL099W,YJL002C,0,-0.13353333,0.1103496327996254,0.949999988079071,0.7659000158309937
YGL023C,YBR039W,0,-0.13353619,0.11033681780099869,0.949999988079071,0.765999972820282
YIL049W,YER006W,0,-0.13362747,0.11032400280237198,0.949999988079071,0.7660999894142151
YOR255W,YMR268C,0,-0.13366723,0.11031119525432587,0.949999988079071,0.7662000060081482
YLR242C,YDR488C,0,-0.13378426,0.11029838770627975,0.949999988079071,0.7663000226020813
YBR098W,YER018C,0,-0.13378663,0.11028558015823364,0.949999988079071,0.7663999795913696
YBL046W,YNR063W,0,-0.1340301,0.11027278006076813,0.949999988079071,0.7664999961853027
YLR376C,YGL121C,0,-0.1340751,0.11025997996330261,0.949999988079071,0.7666000127792358
YNL037C,YIL110W,0,-0.13409379,0.1102471873164177,0.949999988079071,0.766700029373169
YGR227W,YOR303W,0,-0.13410145,0.11023439466953278,0.949999988079071,0.7667999863624573
YJL160C,YBL100W-A,0,-0.13414803,0.11022160202264786,0.949999988079071,0.7669000029563904
YHR187W,YNL021W,0,-0.13425156,0.11020881682634354,0.949999988079071,0.7670000195503235
YJR017C,YDL222C,0,-0.13434972,0.11019603163003922,0.949999988079071,0.7670999765396118
YDR058C,YOR133W,0,-0.13448997,0.11018325388431549,0.949999988079071,0.7671999931335449
YGL130W,YER183C,0,-0.13450038,0.11017047613859177,0.949999988079071,0.767300009727478
YNR054C,YPR185W,0,-0.134606,0.11015769839286804,0.949999988079071,0.7674000263214111
YJL123C,YER054C,0,-0.13465653,0.11014492809772491,0.949999988079071,0.7674999833106995
YLR148W,YDR382W,0,-0.13482511,0.11013215780258179,0.949999988079071,0.7675999999046326
YOR298C-A,YHR084W,0,-0.13484916,0.11011939495801926,0.949999988079071,0.7677000164985657
YOR128C,YBR126C,0,-0.1350126,0.11010663211345673,0.949999988079071,0.767799973487854
YNL088W,YLL039C,0,-0.13514245,0.1100938692688942,0.949999988079071,0.7678999900817871
YJL051W,YGR249W,0,-0.13529009,0.11008111387491226,0.949999988079071,0.7680000066757202
YIR008C,YGL187C,0,-0.13533875,0.11006835848093033,0.949999988079071,0.7681000232696533
YNL209W,YAL055W,0,-0.13538095,0.11005561053752899,0.949999988079071,0.7681999802589417
YIL085C,YGL156W,0,-0.13539007,0.11004285514354706,0.949999988079071,0.7682999968528748
YDR480W,YLR022C,0,-0.13549906,0.11003011465072632,0.949999988079071,0.7684000134468079
YKR060W,YPL249C,0,-0.13550077,0.11001737415790558,0.949999988079071,0.7684999704360962
YPL016W,YDR119W,0,-0.13554427,0.11000463366508484,0.949999988079071,0.7685999870300293
YOL068C,YMR305C,0,-0.13584438,0.1099918931722641,0.949999988079071,0.7687000036239624
YCR027C,YOR362C,0,-0.13593891,0.10997916013002396,0.949999988079071,0.7688000202178955
YIL073C,YPL008W,0,-0.13599803,0.10996643453836441,0.949999988079071,0.7688999772071838
YMR278W,YBR152W,0,-0.13610208,0.10995370149612427,0.949999988079071,0.7689999938011169
YDR020C,YDR084C,0,-0.13614017,0.10994097590446472,0.949999988079071,0.76910001039505
YAR050W,YLR320W,0,-0.13619436,0.10992825776338577,0.949999988079071,0.7692000269889832
YBL042C,YOL033W,0,-0.1362997,0.10991553962230682,0.949999988079071,0.7692999839782715
YLR174W,YGR038W,0,-0.13636635,0.10990282148122787,0.949999988079071,0.7694000005722046
YGR125W,YGR096W,0,-0.13637742,0.10989011079072952,0.949999988079071,0.7695000171661377
YAL061W,YOR360C,0,-0.13645127,0.10987740010023117,0.949999988079071,0.769599974155426
YOR328W,YMR083W,0,-0.1365717,0.10986468940973282,0.949999988079071,0.7696999907493591
YBR215W,YHL018W,0,-0.13658133,0.10985198616981506,0.949999988079071,0.7698000073432922
YOL021C,YKL167C,0,-0.13678555,0.1098392903804779,0.949999988079071,0.7699000239372253
YPL237W,YNR039C,0,-0.1368646,0.10982658714056015,0.949999988079071,0.7699999809265137
YGL224C,YPR079W,0,-0.13695475,0.10981389135122299,0.949999988079071,0.7700999975204468
YJL063C,YBR079C,0,-0.13714002,0.10980120301246643,0.949999988079071,0.7702000141143799
YML123C,YCR097W,0,-0.13724726,0.10978851467370987,0.949999988079071,0.7702999711036682
YCR027C,YBR139W,0,-0.13732672,0.10977582633495331,0.949999988079071,0.7703999876976013
YKL027W,YOL013C,0,-0.13742727,0.10976314544677734,0.949999988079071,0.7705000042915344
YLR275W,YMR044W,0,-0.13760369,0.10975046455860138,0.949999988079071,0.7706000208854675
YNL222W,YNL097C,0,-0.13763198,0.10973778367042542,0.949999988079071,0.7706999778747559
YPL164C,YHR098C,0,-0.13784373,0.10972511023283005,0.949999988079071,0.770799994468689
YGR028W,YDR198C,0,-0.13787502,0.10971243679523468,0.949999988079071,0.7709000110626221
YOR371C,YMR277W,0,-0.13806728,0.10969977080821991,0.949999988079071,0.7710000276565552
YGR277C,YBR083W,0,-0.1380777,0.10968710482120514,0.949999988079071,0.7710999846458435
YKR013W,YGL048C,0,-0.13812536,0.10967443883419037,0.949999988079071,0.7712000012397766
YDR446W,YDR255C,0,-0.13835777,0.1096617802977562,0.949999988079071,0.7713000178337097
YBR152W,YOR298C-A,0,-0.1384145,0.10964912176132202,0.949999988079071,0.771399974822998
YHR007C,YOR214C,0,-0.13868108,0.10963647067546844,0.949999988079071,0.7714999914169312
YDR346C,YGL184C,0,-0.13872571,0.10962381958961487,0.949999988079071,0.7716000080108643
YMR197C,YNL279W,0,-0.13875721,0.10961116850376129,0.949999988079071,0.7717000246047974
YKR098C,YIR013C,0,-0.13884573,0.10959852486848831,0.949999988079071,0.7717999815940857
YER048C,YNL256W,0,-0.13892877,0.10958588123321533,0.949999988079071,0.7718999981880188
YNR069C,YDR037W,0,-0.13902712,0.10957323759794235,0.949999988079071,0.7720000147819519
YGL121C,YKR029C,0,-0.13902792,0.10956060141324997,0.949999988079071,0.7720999717712402
YJR043C,YNR069C,0,-0.13907602,0.10954797267913818,0.949999988079071,0.7721999883651733
YLR233C,YBR204C,0,-0.13923979,0.1095353364944458,0.949999988079071,0.7723000049591064
YLR320W,YOL027C,0,-0.13925998,0.10952271521091461,0.949999988079071,0.7724000215530396
YJL047C,YLR002C,0,-0.13933656,0.10951008647680283,0.949999988079071,0.7724999785423279
YJL207C,YPL170W,0,-0.13938016,0.10949746519327164,0.949999988079071,0.772599995136261
YGR287C,YOR153W,0,-0.13945296,0.10948484390974045,0.949999988079071,0.7727000117301941
YOR115C,YOR030W,0,-0.13947791,0.10947223007678986,0.949999988079071,0.7728000283241272
YKL101W,YER141W,0,-0.13960904,0.10945961624383926,0.949999988079071,0.7728999853134155
YNR056C,YBR102C,0,-0.13973463,0.10944700241088867,0.949999988079071,0.7730000019073486
YMR263W,YPL158C,0,-0.13997436,0.10943439602851868,0.949999988079071,0.7731000185012817
YKR060W,YBR077C,0,-0.14006126,0.10942178964614868,0.949999988079071,0.7731999754905701
YER141W,YPR052C,0,-0.14014551,0.10940919071435928,0.949999988079071,0.7732999920845032
YGL130W,YLL054C,0,-0.14015476,0.10939659178256989,0.949999988079071,0.7734000086784363
YDR363W,YMR199W,0,-0.14017802,0.10938399285078049,0.949999988079071,0.7735000252723694
YOL027C,YLL010C,0,-0.14038771,0.10937140136957169,0.949999988079071,0.7735999822616577
YGR203W,YDR017C,0,-0.14047599,0.10935880988836288,0.949999988079071,0.7736999988555908
YDR034C-D,YPR165W,0,-0.14054802,0.10934622585773468,0.949999988079071,0.7738000154495239
YGR109C,YPL228W,0,-0.14058387,0.10933364182710648,0.949999988079071,0.7738999724388123
YKL167C,YOR030W,0,-0.14074226,0.10932105779647827,0.949999988079071,0.7739999890327454
YLR369W,YDL191W,0,-0.14082861,0.10930848121643066,0.949999988079071,0.7741000056266785
YIL162W,YGL011C,0,-0.14088413,0.10929590463638306,0.949999988079071,0.7742000222206116
YML069W,YKL220C,0,-0.14097843,0.10928332805633545,0.949999988079071,0.7742999792098999
YDL239C,YOR171C,0,-0.14099781,0.10927075892686844,0.949999988079071,0.774399995803833
YJR091C,YHR026W,0,-0.14129566,0.10925819724798203,0.949999988079071,0.7745000123977661
YKR081C,YGL160W,0,-0.1416314,0.10924562811851501,0.949999988079071,0.7746000289916992
YOL075C,YPL030W,0,-0.14164592,0.1092330664396286,0.949999988079071,0.7746999859809875
YPL236C,YOR231W,0,-0.14176217,0.10922051221132278,0.949999988079071,0.7748000025749207
YPL032C,YPL015C,0,-0.14180592,0.10920795798301697,0.949999988079071,0.7749000191688538
YMR024W,YLL015W,0,-0.14180678,0.10919540375471115,0.949999988079071,0.7749999761581421
YJR105W,YDL079C,0,-0.14182204,0.10918284952640533,0.949999988079071,0.7750999927520752
YJL042W,YCL026C-A,0,-0.14189664,0.10917030274868011,0.949999988079071,0.7752000093460083
YDL079C,YHR102W,0,-0.14233264,0.10915776342153549,0.949999988079071,0.7753000259399414
YNL069C,YOL013C,0,-0.14233702,0.10914522409439087,0.949999988079071,0.7753999829292297
YHR107C,YAL047C,0,-0.14243075,0.10913268476724625,0.949999988079071,0.7754999995231628
YDR294C,YBL067C,0,-0.14253473,0.10912014544010162,0.949999988079071,0.775600016117096
YDR255C,YJR144W,0,-0.14255394,0.1091076135635376,0.949999988079071,0.7756999731063843
YKL073W,YDL174C,0,-0.1428369,0.10909508168697357,0.949999988079071,0.7757999897003174
YER011W,YHR043C,0,-0.1429655,0.10908255726099014,0.949999988079071,0.7759000062942505
YPL020C,YBR171W,0,-0.14299616,0.10907003283500671,0.949999988079071,0.7760000228881836
YJL010C,YMR067C,0,-0.14301775,0.10905751585960388,0.949999988079071,0.7760999798774719
YPR029C,YIR028W,0,-0.14304239,0.10904499888420105,0.949999988079071,0.776199996471405
YNL035C,YBR201W,0,-0.14309476,0.10903248190879822,0.949999988079071,0.7763000130653381
YLR226W,YJL099W,0,-0.14312308,0.10901996493339539,0.949999988079071,0.7764000296592712
YGL017W,YOL075C,0,-0.14320436,0.10900745540857315,0.949999988079071,0.7764999866485596
YJL010C,YAL055W,0,-0.1432986,0.10899495333433151,0.949999988079071,0.7766000032424927
YFL053W,YDR307W,0,-0.1433625,0.10898245126008987,0.949999988079071,0.7767000198364258
YGL124C,YKR045C,0,-0.14338729,0.10896994918584824,0.949999988079071,0.7767999768257141
YCL038C,YOR293W,0,-0.14346492,0.1089574471116066,0.949999988079071,0.7768999934196472
YML121W,YNL270C,0,-0.1434651,0.10894495248794556,0.949999988079071,0.7770000100135803
YLR075W,YML025C,1,-0.14357692,0.10904712975025177,0.9509999752044678,0.7770000100135803
YPL016W,YDL010W,0,-0.14364539,0.10903462767601013,0.9509999752044678,0.7771000266075134
YML130C,YGR109C,0,-0.14367783,0.1090221256017685,0.9509999752044678,0.7771999835968018
YOL060C,YIL067C,0,-0.14378516,0.10900963097810745,0.9509999752044678,0.7773000001907349
YDR522C,YLR275W,0,-0.14394568,0.10899713635444641,0.9509999752044678,0.777400016784668
YJR093C,YGR249W,0,-0.14410737,0.10898464173078537,0.9509999752044678,0.7774999737739563
YDR408C,YFR042W,0,-0.1441223,0.10897215455770493,0.9509999752044678,0.7775999903678894
YFL053W,YGL175C,0,-0.14412825,0.10895966738462448,0.9509999752044678,0.7777000069618225
YJL159W,YCR048W,0,-0.14413124,0.10894718766212463,0.9509999752044678,0.7778000235557556
YDR016C,YPL046C,0,-0.14414668,0.10893470793962479,0.9509999752044678,0.777899980545044
YPR029C,YCR028C-A,0,-0.14417717,0.10892222821712494,0.9509999752044678,0.777999997138977
YJR090C,YDL150W,0,-0.1442619,0.10890975594520569,0.9509999752044678,0.7781000137329102
YBL006C,YAR014C,0,-0.14426506,0.10889728367328644,0.9509999752044678,0.7781999707221985
YDR488C,YNL058C,0,-0.14429075,0.10888481885194778,0.9509999752044678,0.7782999873161316
YOL088C,YLR222C,0,-0.14447571,0.10887235403060913,0.9509999752044678,0.7784000039100647
YDL153C,YGR098C,0,-0.144521,0.10885988920927048,0.9509999752044678,0.7785000205039978
YDR123C,YER094C,0,-0.14456637,0.10884743183851242,0.9509999752044678,0.7785999774932861
YDL159W,YBR056W,0,-0.1446604,0.10883497446775436,0.9509999752044678,0.7786999940872192
YLR272C,YBL067C,0,-0.1449059,0.10882251709699631,0.9509999752044678,0.7788000106811523
YLR378C,YBL101C,0,-0.14508706,0.10881006717681885,0.9509999752044678,0.7789000272750854
YKR022C,YNL327W,0,-0.14522225,0.10879761725664139,0.9509999752044678,0.7789999842643738
YMR058W,YMR067C,0,-0.1452833,0.10878517478704453,0.9509999752044678,0.7791000008583069
YCR071C,YGR128C,0,-0.14532593,0.10877273231744766,0.9509999752044678,0.77920001745224
YEL060C,YLL032C,0,-0.14533117,0.1087602898478508,0.9509999752044678,0.7792999744415283
YCL011C,YJR044C,0,-0.14538601,0.10874785482883453,0.9509999752044678,0.7793999910354614
YER069W,YPL270W,0,-0.1455022,0.10873541980981827,0.9509999752044678,0.7795000076293945
YNR056C,YOR368W,0,-0.14570394,0.1087229922413826,0.9509999752044678,0.7796000242233276
YGL047W,YPL108W,0,-0.14574282,0.10871056467294693,0.9509999752044678,0.779699981212616
YLR003C,YOR367W,0,-0.14582467,0.10869813710451126,0.9509999752044678,0.7797999978065491
YMR161W,YPL046C,0,-0.1459945,0.10868571698665619,0.9509999752044678,0.7799000144004822
YGR271C-A,YML025C,0,-0.14600497,0.10867329686880112,0.9509999752044678,0.7799999713897705
YOL115W,YIL114C,0,-0.146072,0.10866087675094604,0.9509999752044678,0.7800999879837036
YNR056C,YCL010C,0,-0.14613988,0.10864846408367157,0.9509999752044678,0.7802000045776367
YOR115C,YMR167W,0,-0.14616835,0.1086360514163971,0.9509999752044678,0.7803000211715698
YBL066C,YOR339C,0,-0.14632547,0.10862364619970322,0.9509999752044678,0.7803999781608582
YGL255W,YOR171C,0,-0.14633368,0.10861124098300934,0.9509999752044678,0.7804999947547913
YDR214W,YBR244W,0,-0.14634499,0.10859883576631546,0.9509999752044678,0.7806000113487244
YFR051C,YJL047C,0,-0.147187,0.10858643800020218,0.9509999752044678,0.7807000279426575
YKL071W,YPL032C,0,-0.14727145,0.1085740402340889,0.9509999752044678,0.7807999849319458
YGR257C,YLR307W,0,-0.14736563,0.10856164246797562,0.9509999752044678,0.7809000015258789
YPL283C,YBL009W,0,-0.1474081,0.10854925215244293,0.9509999752044678,0.781000018119812
YNL124W,YLR136C,0,-0.14748883,0.10853686183691025,0.9509999752044678,0.7810999751091003
YNL124W,YKL208W,0,-0.14758602,0.10852447897195816,0.9509999752044678,0.7811999917030334
YNL069C,YNL009W,0,-0.14786679,0.10851209610700607,0.9509999752044678,0.7813000082969666
YBR265W,YFR004W,0,-0.14789513,0.10849971324205399,0.9509999752044678,0.7814000248908997
YFL052W,YPL069C,0,-0.1481384,0.1084873378276825,0.9509999752044678,0.781499981880188
YKR080W,YPR103W,0,-0.14814684,0.108474962413311,0.9509999752044678,0.7815999984741211
YPL211W,YML066C,0,-0.1481652,0.10846259444952011,0.9509999752044678,0.7817000150680542
YBR302C,YER144C,0,-0.14818895,0.10845021903514862,0.9509999752044678,0.7817999720573425
YER141W,YOR368W,0,-0.14822763,0.10843785852193832,0.9509999752044678,0.7818999886512756
YKL213C,YDR363W,0,-0.14822769,0.10842549055814743,0.9509999752044678,0.7820000052452087
YGL246C,YOR150W,1,-0.14828941,0.10852713137865067,0.9520000219345093,0.7820000052452087
YPL255W,YMR251W-A,0,-0.14834026,0.10851476341485977,0.9520000219345093,0.7821000218391418
YNL071W,YPL255W,0,-0.14843696,0.10850239545106888,0.9520000219345093,0.7821999788284302
YGR220C,YER002W,1,-0.14848234,0.10860399156808853,0.953000009059906,0.7821999788284302
YOR375C,YMR029C,0,-0.14849812,0.10859161615371704,0.953000009059906,0.7822999954223633
YKL146W,YAR071W,0,-0.14858949,0.10857924073934555,0.953000009059906,0.7824000120162964
YOR190W,YOR198C,0,-0.14869413,0.10856687277555466,0.953000009059906,0.7825000286102295
YOL110W,YER124C,0,-0.14872989,0.10855450481176376,0.953000009059906,0.7825999855995178
YPL241C,YMR030W,0,-0.14876002,0.10854214429855347,0.953000009059906,0.7827000021934509
YKL035W,YFR028C,0,-0.1488744,0.10852978378534317,0.953000009059906,0.782800018787384
YLR144C,YBR210W,0,-0.14891724,0.10851742327213287,0.953000009059906,0.7828999757766724
YPR022C,YOL113W,0,-0.14899766,0.10850507020950317,0.953000009059906,0.7829999923706055
YBR290W,YOL115W,0,-0.14902773,0.10849271714687347,0.953000009059906,0.7831000089645386
YIR033W,YEL071W,0,-0.14922895,0.10848036408424377,0.953000009059906,0.7832000255584717
YER170W,YOR303W,0,-0.14925301,0.10846801847219467,0.953000009059906,0.78329998254776
YAR071W,YBL019W,0,-0.14926443,0.10845567286014557,0.953000009059906,0.7833999991416931
YGR203W,YMR167W,0,-0.14927533,0.10844333469867706,0.953000009059906,0.7835000157356262
YMR161W,YER018C,0,-0.14931552,0.10843099653720856,0.953000009059906,0.7835999727249146
YJR007W,YBR014C,0,-0.1493243,0.10841865837574005,0.953000009059906,0.7836999893188477
YNL124W,YDL214C,0,-0.1493658,0.10840632766485214,0.953000009059906,0.7838000059127808
YNL323W,YIL063C,0,-0.14965796,0.10839399695396423,0.953000009059906,0.7839000225067139
YJL145W,YER018C,0,-0.14966732,0.10838166624307632,0.953000009059906,0.7839999794960022
YBR133C,YIL162W,0,-0.14968859,0.10836934298276901,0.953000009059906,0.7840999960899353
YNL222W,YOR064C,0,-0.14973085,0.1083570197224617,0.953000009059906,0.7842000126838684
YOR094W,YDL126C,0,-0.14986311,0.10834470391273499,0.953000009059906,0.7843000292778015
YCR067C,YPL012W,0,-0.14995268,0.10833238810300827,0.953000009059906,0.7843999862670898
YLL005C,YPR033C,0,-0.14996916,0.10832007229328156,0.953000009059906,0.784500002861023
YGR231C,YLR319C,0,-0.15006737,0.10830776393413544,0.953000009059906,0.784600019454956
YCR069W,YOR344C,0,-0.15011485,0.10829545557498932,0.953000009059906,0.7846999764442444
YLR174W,YJR002W,0,-0.15011778,0.1082831472158432,0.953000009059906,0.7847999930381775
YOR354C,YLR410W,0,-0.1501234,0.10827084630727768,0.953000009059906,0.7849000096321106
YMR014W,YDL044C,0,-0.15016201,0.10825854539871216,0.953000009059906,0.7850000262260437
YBR234C,YPL217C,0,-0.15022136,0.10824625194072723,0.953000009059906,0.785099983215332
YPL118W,YKR025W,0,-0.15023328,0.10823395848274231,0.953000009059906,0.7851999998092651
YMR266W,YOR368W,0,-0.15033618,0.10822166502475739,0.953000009059906,0.7853000164031982
YNR032W,YDR363W,0,-0.15047434,0.10820937901735306,0.953000009059906,0.7853999733924866
YNL125C,YBR201W,0,-0.15055002,0.10819709300994873,0.953000009059906,0.7854999899864197
YFR046C,YBR133C,0,-0.15061471,0.108184814453125,0.953000009059906,0.7856000065803528
YBR290W,YOL130W,0,-0.15064493,0.10817252844572067,0.953000009059906,0.7857000231742859
YPR082C,YER021W,0,-0.15066019,0.10816025733947754,0.953000009059906,0.7857999801635742
YIL158W,YNL229C,0,-0.1507474,0.10814797878265381,0.953000009059906,0.7858999967575073
YJL111W,YDL044C,0,-0.15079647,0.10813570767641068,0.953000009059906,0.7860000133514404
YDR186C,YNL099C,0,-0.1508481,0.10812343657016754,0.953000009059906,0.7860999703407288
YBR073W,YOR298C-A,0,-0.15089077,0.108111172914505,0.953000009059906,0.7861999869346619
YMR236W,YNL005C,0,-0.1509555,0.10809890925884247,0.953000009059906,0.786300003528595
YNR036C,YOR083W,0,-0.15114777,0.10808665305376053,0.953000009059906,0.7864000201225281
YDL005C,YOL088C,0,-0.15121524,0.10807439684867859,0.953000009059906,0.7864999771118164
YFR004W,YDR480W,0,-0.15134408,0.10806214064359665,0.953000009059906,0.7865999937057495
YIL117C,YOL058W,0,-0.15138325,0.10804988443851471,0.953000009059906,0.7867000102996826
YKL091C,YHR026W,0,-0.15155326,0.10803763568401337,0.953000009059906,0.7868000268936157
YGR203W,YJR159W,0,-0.15169045,0.10802539438009262,0.953000009059906,0.786899983882904
YGR085C,YML025C,1,-0.15169209,0.10812649130821228,0.9539999961853027,0.786899983882904
YKL008C,YIL050W,0,-0.15175265,0.10811423510313034,0.9539999961853027,0.7870000004768372
YPL187W,YGL187C,0,-0.15176196,0.108101986348629,0.9539999961853027,0.7871000170707703
YNL139C,YDR191W,0,-0.152022,0.10808973759412766,0.9539999961853027,0.7871999740600586
YJR086W,YNL148C,0,-0.15245266,0.10807748883962631,0.9539999961853027,0.7872999906539917
YKR060W,YGL124C,0,-0.15252952,0.10806524753570557,0.9539999961853027,0.7874000072479248
YKL213C,YPR104C,0,-0.15257584,0.10805300623178482,0.9539999961853027,0.7875000238418579
YDR147W,YPL187W,0,-0.15267888,0.10804077237844467,0.9539999961853027,0.7875999808311462
YCR102C,YDR291W,0,-0.15269722,0.10802853852510452,0.9539999961853027,0.7876999974250793
YHR007C,YDR394W,0,-0.15283619,0.10801630467176437,0.9539999961853027,0.7878000140190125
YJL154C,YNR075W,0,-0.15287784,0.10800407826900482,0.9539999961853027,0.7878999710083008
YER069W,YGR013W,0,-0.15288791,0.10799185186624527,0.9539999961853027,0.7879999876022339
YNL154C,YML029W,0,-0.15299597,0.10797962546348572,0.9539999961853027,0.788100004196167
YDL212W,YMR283C,0,-0.15302567,0.10796740651130676,0.9539999961853027,0.7882000207901001
YJL002C,YBL019W,0,-0.15316096,0.10795518755912781,0.9539999961853027,0.7882999777793884
YER021W,YGR098C,0,-0.15325585,0.10794297605752945,0.9539999961853027,0.7883999943733215
YDR104C,YOL041C,0,-0.15326843,0.10793076455593109,0.9539999961853027,0.7885000109672546
YDR477W,YKR024C,0,-0.1533983,0.10791855305433273,0.9539999961853027,0.7886000275611877
YAL005C,YHL013C,0,-0.1536785,0.10790634900331497,0.9539999961853027,0.7886999845504761
YMR202W,YCR066W,0,-0.15378278,0.10789414495229721,0.9539999961853027,0.7888000011444092
YPL045W,YNL321W,0,-0.15395081,0.10788194090127945,0.9539999961853027,0.7889000177383423
YDL207W,YEL071W,0,-0.1539544,0.10786974430084229,0.9539999961853027,0.7889999747276306
YBL084C,YLR340W,0,-0.15397903,0.10785754770040512,0.9539999961853027,0.7890999913215637
YDR210W,YFL003C,0,-0.1540239,0.10784535109996796,0.9539999961853027,0.7892000079154968
YMR104C,YHR083W,0,-0.15404488,0.10783316195011139,0.9539999961853027,0.7893000245094299
YOR173W,YLR013W,0,-0.15418245,0.10782097280025482,0.9539999961853027,0.7893999814987183
YKR022C,YML019W,0,-0.15419036,0.10780879110097885,0.9539999961853027,0.7894999980926514
YFL034C-A,YMR167W,0,-0.15419573,0.10779660940170288,0.9539999961853027,0.7896000146865845
YPR101W,YKL065C,0,-0.15419587,0.10778442770242691,0.9539999961853027,0.7896999716758728
YPR094W,YMR121C,0,-0.15419853,0.10777225345373154,0.9539999961853027,0.7897999882698059
YDR006C,YFL034C-B,0,-0.15424785,0.10776007920503616,0.9539999961853027,0.789900004863739
YOL017W,YJR064W,0,-0.15439859,0.10774791240692139,0.9539999961853027,0.7900000214576721
YKL113C,YGR028W,0,-0.15450463,0.10773574560880661,0.9539999961853027,0.7900999784469604
YDL212W,YDR489W,0,-0.15450656,0.10772357881069183,0.9539999961853027,0.7901999950408936
YLR051C,YDL103C,0,-0.15463126,0.10771141201257706,0.9539999961853027,0.7903000116348267
YOL075C,YMR162C,0,-0.15469155,0.10769925266504288,0.9539999961853027,0.7904000282287598
YKL091C,YDR156W,0,-0.1547054,0.1076871007680893,0.9539999961853027,0.7904999852180481
YJL063C,YGR240C,0,-0.15495005,0.10767494142055511,0.9539999961853027,0.7906000018119812
YLR274W,YJL137C,0,-0.15499945,0.10766278952360153,0.9539999961853027,0.7907000184059143
YHR043C,YBL105C,0,-0.15503137,0.10765064507722855,0.9539999961853027,0.7907999753952026
YPR104C,YDL165W,0,-0.15504535,0.10763850063085556,0.9539999961853027,0.7908999919891357
YGR033C,YPL192C,0,-0.1551201,0.10762635618448257,0.9539999961853027,0.7910000085830688
YLR229C,YNL270C,0,-0.15517022,0.10761421173810959,0.9539999961853027,0.791100025177002
YAR071W,YNL321W,0,-0.1553224,0.1076020747423172,0.9539999961853027,0.7911999821662903
YIR034C,YGL121C,0,-0.15553352,0.10758993774652481,0.9539999961853027,0.7912999987602234
YCR027C,YMR170C,0,-0.15557572,0.10757780820131302,0.9539999961853027,0.7914000153541565
YCR089W,YGR249W,0,-0.1556613,0.10756567865610123,0.9539999961853027,0.7914999723434448
YAL009W,YBL003C,0,-0.15568025,0.10755354911088943,0.9539999961853027,0.7915999889373779
YCR067C,YBR154C,0,-0.15576233,0.10754142701625824,0.9539999961853027,0.791700005531311
YBR210W,YER021W,0,-0.1559771,0.10752930492162704,0.9539999961853027,0.7918000221252441
YOR368W,YJL159W,0,-0.15600953,0.10751719027757645,0.9539999961853027,0.7918999791145325
YKL112W,YBR154C,0,-0.15602261,0.10750506818294525,0.9539999961853027,0.7919999957084656
YDR394W,YHR043C,0,-0.15609491,0.10749296098947525,0.9539999961853027,0.7921000123023987
YHR016C,YHR084W,0,-0.15619725,0.10748084634542465,0.9539999961853027,0.7922000288963318
YKL025C,YOR210W,0,-0.15621234,0.10746873915195465,0.9539999961853027,0.7922999858856201
YKR098C,YOR141C,0,-0.15630925,0.10745663195848465,0.9539999961853027,0.7924000024795532
YJL160C,YNL272C,0,-0.15637188,0.10744453221559525,0.9539999961853027,0.7925000190734863
YJL116C,YNL082W,0,-0.15652034,0.10743243247270584,0.9539999961853027,0.7925999760627747
YBR021W,YLR272C,0,-0.15696932,0.10742033272981644,0.9539999961853027,0.7926999926567078
YDL020C,YJR064W,0,-0.15701775,0.10740824043750763,0.9539999961853027,0.7928000092506409
YBR154C,YDR480W,0,-0.15704863,0.10739614814519882,0.9539999961853027,0.792900025844574
YIL023C,YJR088C,0,-0.15729618,0.10738406330347061,0.9539999961853027,0.7929999828338623
YGR125W,YJL091C,0,-0.15740314,0.1073719784617424,0.9539999961853027,0.7930999994277954
YOR361C,YLR399C,0,-0.1574542,0.10735989362001419,0.9539999961853027,0.7932000160217285
YFL034C-B,YOR122C,0,-0.15752316,0.10734780877828598,0.9539999961853027,0.7932999730110168
YPL170W,YOL049W,0,-0.15791646,0.10733573138713837,0.9539999961853027,0.79339998960495
YFL016C,YPR033C,0,-0.15806372,0.10732366144657135,0.9539999961853027,0.7935000061988831
YNL323W,YKL139W,0,-0.1581186,0.10731158405542374,0.9539999961853027,0.7936000227928162
YNL053W,YJL113W,0,-0.15826148,0.10729951411485672,0.9539999961853027,0.7936999797821045
YML131W,YMR161W,0,-0.15826708,0.1072874516248703,0.9539999961853027,0.7937999963760376
YLR138W,YGL145W,0,-0.15829259,0.10727538168430328,0.9539999961853027,0.7939000129699707
YGR028W,YOR339C,0,-0.15844385,0.10726332664489746,0.9539999961853027,0.7940000295639038
YIR033W,YKR087C,0,-0.15864973,0.10725126415491104,0.9539999961853027,0.7940999865531921
YBR152W,YIL129C,0,-0.15866524,0.10723920911550522,0.9539999961853027,0.7942000031471252
YDL004W,YDR186C,0,-0.15897268,0.1072271540760994,0.9539999961853027,0.7943000197410583
YIL122W,YMR083W,0,-0.15898967,0.10721510648727417,0.9539999961853027,0.7943999767303467
YER073W,YMR067C,0,-0.15904221,0.10720305889844894,0.9539999961853027,0.7944999933242798
YGR240C,YKR029C,0,-0.15909836,0.10719101130962372,0.9539999961853027,0.7946000099182129
YPR029C,YIL067C,0,-0.15916142,0.10717897117137909,0.9539999961853027,0.794700026512146
YIR021W,YMR283C,0,-0.1592553,0.10716693103313446,0.9539999961853027,0.7947999835014343
YDR322C-A,YBL009W,0,-0.15926708,0.10715489089488983,0.9539999961853027,0.7949000000953674
YKR067W,YNL148C,0,-0.15936309,0.1071428582072258,0.9539999961853027,0.7950000166893005
YML110C,YHR191C,0,-0.15943846,0.10713082551956177,0.9539999961853027,0.7950999736785889
YCL040W,YLR066W,0,-0.15955932,0.10711879283189774,0.9539999961853027,0.795199990272522
YPR151C,YLR274W,0,-0.15958923,0.1071067675948143,0.9539999961853027,0.7953000068664551
YNL256W,YKR001C,0,-0.15982404,0.10709474980831146,0.9539999961853027,0.7954000234603882
YPL045W,YGR140W,0,-0.15989058,0.10708272457122803,0.9539999961853027,0.7954999804496765
YDR307W,YEL071W,0,-0.16004765,0.10707070678472519,0.9539999961853027,0.7955999970436096
YLR138W,YPR140W,0,-0.16020861,0.10705868899822235,0.9539999961853027,0.7957000136375427
YMR134W,YPR140W,0,-0.1602449,0.10704667866230011,0.9539999961853027,0.795799970626831
YDR051C,YLR275W,0,-0.16025823,0.10703466832637787,0.9539999961853027,0.7958999872207642
YNL067W,YGR183C,0,-0.16044547,0.10702265799045563,0.9539999961853027,0.7960000038146973
YKL008C,YFL034C-A,0,-0.1605025,0.10701065510511398,0.9539999961853027,0.7961000204086304
YLR320W,YHR083W,0,-0.16050899,0.10699865221977234,0.9539999961853027,0.7961999773979187
YGL022W,YER035W,0,-0.16072312,0.10698665678501129,0.9539999961853027,0.7962999939918518
YLR144C,YHR043C,0,-0.16081128,0.10697466135025024,0.9539999961853027,0.7964000105857849
YPL069C,YDL236W,0,-0.1608304,0.1069626659154892,0.9539999961853027,0.796500027179718
YGR128C,YNL336W,0,-0.1609047,0.10695067048072815,0.9539999961853027,0.7965999841690063
YGR059W,YER075C,0,-0.16094771,0.1069386824965477,0.9539999961853027,0.7967000007629395
YHR104W,YLR229C,0,-0.16113538,0.10692669451236725,0.9539999961853027,0.7968000173568726
YNL312W,YBL003C,0,-0.16119894,0.1069147139787674,0.9539999961853027,0.7968999743461609
YGR068C,YJL036W,0,-0.16125631,0.10690273344516754,0.9539999961853027,0.796999990940094
YGR220C,YNL182C,1,-0.16127932,0.10700280219316483,0.9549999833106995,0.796999990940094
YER048C,YER075C,0,-0.16135366,0.10699081420898438,0.9549999833106995,0.7971000075340271
YBR133C,YGR231C,0,-0.16143443,0.10697882622480392,0.9549999833106995,0.7972000241279602
YDR237W,YJR093C,0,-0.16152504,0.10696684569120407,0.9549999833106995,0.7972999811172485
YMR104C,YDL156W,0,-0.16161379,0.10695486515760422,0.9549999833106995,0.7973999977111816
YGR028W,YNR069C,0,-0.16163534,0.10694289207458496,0.9549999833106995,0.7975000143051147
YOR141C,YJL203W,0,-0.161755,0.10693091154098511,0.9549999833106995,0.7975999712944031
YJR064W,YDL058W,0,-0.16184306,0.10691894590854645,0.9549999833106995,0.7976999878883362
YGR240C,YGL181W,0,-0.16189787,0.10690697282552719,0.9549999833106995,0.7978000044822693
YML025C,YKR024C,1,-0.16199306,0.10700693726539612,0.9559999704360962,0.7978000044822693
YIL091C,YIL157C,0,-0.1622394,0.10699496418237686,0.9559999704360962,0.7979000210762024
YKL137W,YOR295W,0,-0.16230129,0.1069829910993576,0.9559999704360962,0.7979999780654907
YKL086W,YCL040W,0,-0.1624112,0.10697101801633835,0.9559999704360962,0.7980999946594238
YOL110W,YMR189W,0,-0.16243714,0.10695905238389969,0.9559999704360962,0.7982000112533569
YPL241C,YDR540C,0,-0.16253448,0.10694708675146103,0.9559999704360962,0.79830002784729
YLR205C,YDR432W,0,-0.16254136,0.10693512111902237,0.9559999704360962,0.7983999848365784
YJR002W,YMR244C-A,0,-0.16258481,0.1069231629371643,0.9559999704360962,0.7985000014305115
YPL268W,YGR048W,0,-0.16260958,0.10691120475530624,0.9559999704360962,0.7986000180244446
YDR293C,YBR008C,0,-0.16272813,0.10689925402402878,0.9559999704360962,0.7986999750137329
YOL013C,YDL092W,0,-0.16293532,0.10688729584217072,0.9559999704360962,0.798799991607666
YGL250W,YML075C,0,-0.16296604,0.10687535256147385,0.9559999704360962,0.7989000082015991
YKL025C,YAR008W,0,-0.16296895,0.10686340183019638,0.9559999704360962,0.7990000247955322
YDR338C,YGR277C,0,-0.16302042,0.10685145854949951,0.9559999704360962,0.7990999817848206
YOR153W,YOR245C,0,-0.16302514,0.10683951526880264,0.9559999704360962,0.7991999983787537
YGR090W,YOR362C,0,-0.16305044,0.10682757943868637,0.9559999704360962,0.7993000149726868
YKL035W,YGL166W,0,-0.16324654,0.1068156436085701,0.9559999704360962,0.7993999719619751
YGR048W,YJR002W,0,-0.16324984,0.10680370777845383,0.9559999704360962,0.7994999885559082
YKR045C,YGL181W,0,-0.16325714,0.10679177939891815,0.9559999704360962,0.7996000051498413
YKR018C,YKL084W,0,-0.1633622,0.10677985101938248,0.9559999704360962,0.7997000217437744
YDR302W,YKR024C,0,-0.16343594,0.1067679226398468,0.9559999704360962,0.7997999787330627
YGL002W,YBL002W,0,-0.16347423,0.10675600171089172,0.9559999704360962,0.7998999953269958
YKL027W,YER048C,0,-0.16363174,0.10674408078193665,0.9559999704360962,0.800000011920929
YDL002C,YHR045W,0,-0.16368762,0.10673216730356216,0.9559999704360962,0.8001000285148621
YHR112C,YDR382W,0,-0.1638933,0.10672024637460709,0.9559999704360962,0.8001999855041504
YLR406C,YLR117C,0,-0.16396132,0.1067083403468132,0.9559999704360962,0.8003000020980835
YBR126C,YFL034C-B,0,-0.16406481,0.10669642686843872,0.9559999704360962,0.8004000186920166
YPL212C,YBL101C,0,-0.16407913,0.10668452084064484,0.9559999704360962,0.8004999756813049
YOR118W,YOL034W,0,-0.16435903,0.10667261481285095,0.9559999704360962,0.800599992275238
YKL160W,YGL121C,0,-0.16445799,0.10666071623563766,0.9559999704360962,0.8007000088691711
YOR095C,YBL099W,0,-0.16447659,0.10664881765842438,0.9559999704360962,0.8008000254631042
YBR142W,YOR150W,1,-0.16449183,0.10674846917390823,0.9570000171661377,0.8008000254631042
YBR068C,YMR083W,0,-0.16451909,0.10673656314611435,0.9570000171661377,0.8008999824523926
YIR022W,YPL069C,0,-0.1646108,0.10672465711832047,0.9570000171661377,0.8009999990463257
YMR214W,YAL014C,0,-0.16464499,0.10671275854110718,0.9570000171661377,0.8011000156402588
YLR027C,YOR344C,0,-0.16471455,0.10670085996389389,0.9570000171661377,0.8011999726295471
YOR118W,YKL008C,0,-0.16508064,0.1066889613866806,0.9570000171661377,0.8012999892234802
YGR152C,YGR125W,0,-0.16514099,0.10667707026004791,0.9570000171661377,0.8014000058174133
YKL086W,YDR194C,0,-0.16516618,0.10666517913341522,0.9570000171661377,0.8015000224113464
YGR125W,YPR164W,0,-0.16526042,0.10665329545736313,0.9570000171661377,0.8015999794006348
YGR257C,YNR075W,0,-0.16535631,0.10664141178131104,0.9570000171661377,0.8016999959945679
YLR410W,YLR066W,0,-0.1654292,0.10662952810525894,0.9570000171661377,0.801800012588501
YIR021W,YNL265C,0,-0.16548471,0.10661764442920685,0.9570000171661377,0.8019000291824341
YPL164C,YDR113C,0,-0.16577515,0.10660576820373535,0.9570000171661377,0.8019999861717224
YGR059W,YLR453C,0,-0.16579825,0.10659389942884445,0.9570000171661377,0.8021000027656555
YPL237W,YBR077C,0,-0.1658456,0.10658202320337296,0.9570000171661377,0.8022000193595886
YGL184C,YBR171W,0,-0.165981,0.10657015442848206,0.9570000171661377,0.802299976348877
YEL011W,YCL020W,0,-0.16623083,0.10655829310417175,0.9570000171661377,0.8023999929428101
YNL126W,YDR180W,0,-0.166249,0.10654642432928085,0.9570000171661377,0.8025000095367432
YFL024C,YGR013W,0,-0.16628475,0.10653456300497055,0.9570000171661377,0.8026000261306763
YML029W,YPL255W,0,-0.16629505,0.10652270913124084,0.9570000171661377,0.8026999831199646
YGL011C,YKL127W,0,-0.16634896,0.10651084780693054,0.9570000171661377,0.8027999997138977
YBR132C,YLL052C,0,-0.16652256,0.10649900138378143,0.9570000171661377,0.8029000163078308
YDR113C,YGL047W,0,-0.1665375,0.10648714751005173,0.9570000171661377,0.8029999732971191
YNL315C,YDR156W,0,-0.16670185,0.10647530108690262,0.9570000171661377,0.8030999898910522
YAL055W,YGR092W,0,-0.16671619,0.10646345466375351,0.9570000171661377,0.8032000064849854
YJL063C,YLR431C,0,-0.1668776,0.106451615691185,0.9570000171661377,0.8033000230789185
YBR234C,YLR405W,0,-0.16697788,0.10643977671861649,0.9570000171661377,0.8033999800682068
YFL024C,YPL029W,0,-0.1670755,0.10642793774604797,0.9570000171661377,0.8034999966621399
YLR372W,YNL148C,0,-0.16710837,0.10641609877347946,0.9570000171661377,0.803600013256073
YNR026C,YJR113C,0,-0.16711873,0.10640426725149155,0.9570000171661377,0.8036999702453613
YOL034W,YER058W,0,-0.16750668,0.10639244318008423,0.9570000171661377,0.8037999868392944
YGL033W,YOR073W,0,-0.16773432,0.10638061165809631,0.9570000171661377,0.8039000034332275
YML025C,YOR063W,1,-0.16817525,0.1064799353480339,0.9580000042915344,0.8039000034332275
YGR128C,YLR399C,0,-0.16821304,0.10646810382604599,0.9580000042915344,0.8040000200271606
YNL090W,YJR056C,0,-0.16836849,0.10645627230405807,0.9580000042915344,0.804099977016449
YDR540C,YPL187W,0,-0.16853027,0.10644444078207016,0.9580000042915344,0.8041999936103821
YLR362W,YGL257C,0,-0.16864336,0.10643261671066284,0.9580000042915344,0.8043000102043152
YFL009W,YPR124W,0,-0.1686469,0.10642079263925552,0.9580000042915344,0.8044000267982483
YLR128W,YER006W,0,-0.1687191,0.1064089760184288,0.9580000042915344,0.8044999837875366
YPR103W,YDR291W,0,-0.16872805,0.10639715939760208,0.9580000042915344,0.8046000003814697
YLR272C,YNL336W,0,-0.16884495,0.10638534277677536,0.9580000042915344,0.8047000169754028
YER016W,YOL027C,0,-0.16893671,0.10637352615594864,0.9580000042915344,0.8047999739646912
YML038C,YGL047W,0,-0.16893823,0.10636171698570251,0.9580000042915344,0.8048999905586243
YBR126C,YPL079W,0,-0.16908276,0.10634990781545639,0.9580000042915344,0.8050000071525574
YPL237W,YGL033W,0,-0.16915837,0.10633810609579086,0.9580000042915344,0.8051000237464905
YLR064W,YFL052W,0,-0.16917801,0.10632630437612534,0.9580000042915344,0.8051999807357788
YKL184W,YLR308W,0,-0.16952145,0.10631450265645981,0.9580000042915344,0.8052999973297119
YDL153C,YER141W,0,-0.16952287,0.10630270838737488,0.9580000042915344,0.805400013923645
YLR221C,YML025C,1,-0.16967736,0.10640186071395874,0.9589999914169312,0.805400013923645
YDR294C,YPR009W,0,-0.16981582,0.10639005899429321,0.9589999914169312,0.8054999709129333
YLR095C,YGR092W,0,-0.16983962,0.10637825727462769,0.9589999914169312,0.8055999875068665
YHR187W,YLR226W,0,-0.16987692,0.10636646300554276,0.9589999914169312,0.8057000041007996
YMR135C,YNL099C,0,-0.16989964,0.10635466128587723,0.9589999914169312,0.8058000206947327
YOL033W,YDL079C,0,-0.16990073,0.1063428670167923,0.9589999914169312,0.805899977684021
YDR485C,YGR087C,0,-0.16991553,0.10633108019828796,0.9589999914169312,0.8059999942779541
YNL009W,YDR409W,0,-0.17002651,0.10631929337978363,0.9589999914169312,0.8061000108718872
YHR034C,YJL203W,0,-0.17008927,0.1063075065612793,0.9589999914169312,0.8062000274658203
YDR171W,YGR163W,0,-0.17016114,0.10629571974277496,0.9589999914169312,0.8062999844551086
YBL018C,YDL239C,0,-0.17024565,0.10628394037485123,0.9589999914169312,0.8064000010490417
YGR108W,YDR237W,0,-0.17039338,0.10627216100692749,0.9589999914169312,0.8065000176429749
YER016W,YDR186C,0,-0.17046736,0.10626038908958435,0.9589999914169312,0.8065999746322632
YOL021C,YGR092W,0,-0.17048006,0.10624861717224121,0.9589999914169312,0.8066999912261963
YNL009W,YGL179C,0,-0.17062914,0.10623684525489807,0.9589999914169312,0.8068000078201294
YDR385W,YJL137C,0,-0.1707225,0.10622508078813553,0.9589999914169312,0.8069000244140625
YFL022C,YBR004C,0,-0.1707696,0.10621331632137299,0.9589999914169312,0.8069999814033508
YLR320W,YKL046C,0,-0.17085245,0.10620155185461044,0.9589999914169312,0.8070999979972839
YDL212W,YPL270W,0,-0.17087185,0.1061897873878479,0.9589999914169312,0.807200014591217
YJR093C,YGR256W,0,-0.17117919,0.10617803037166595,0.9589999914169312,0.8072999715805054
YKL188C,YKL152C,0,-0.17119387,0.1061662808060646,0.9589999914169312,0.8073999881744385
YDR104C,YNL220W,0,-0.17124957,0.10615452378988266,0.9589999914169312,0.8075000047683716
YKL086W,YDR186C,0,-0.17128947,0.10614278167486191,0.9589999914169312,0.8076000213623047
YLR034C,YDL092W,0,-0.17140633,0.10613103210926056,0.9589999914169312,0.807699978351593
YDR408C,YCR088W,0,-0.17153354,0.10611928999423981,0.9589999914169312,0.8077999949455261
YLR034C,YDL236W,0,-0.1715942,0.10610754787921906,0.9589999914169312,0.8079000115394592
YML025C,YGL246C,1,-0.17165647,0.10620643943548203,0.9599999785423279,0.8079000115394592
YPL055C,YPR056W,0,-0.17173141,0.10619468986988068,0.9599999785423279,0.8080000281333923
YHR134W,YBR227C,0,-0.17196995,0.10618294775485992,0.9599999785423279,0.8080999851226807
YIL117C,YJL010C,0,-0.17212677,0.10617119818925858,0.9599999785423279,0.8082000017166138
YFL034C-B,YER075C,0,-0.17220175,0.10615946352481842,0.9599999785423279,0.8083000183105469
YGR220C,YPR102C,1,-0.1724437,0.10625829547643661,0.9610000252723694,0.8083000183105469
YBL036C,YPR164W,0,-0.17260271,0.10624654591083527,0.9610000252723694,0.8083999752998352
YLL005C,YJL002C,0,-0.17265742,0.10623479634523392,0.9610000252723694,0.8084999918937683
YPR018W,YJL210W,0,-0.17300157,0.10622305423021317,0.9610000252723694,0.8086000084877014
YIR021W,YKL084W,0,-0.1730218,0.10621131956577301,0.9610000252723694,0.8087000250816345
YOR190W,YBR057C,0,-0.17309776,0.10619957745075226,0.9610000252723694,0.8087999820709229
YGR132C,YJL160C,0,-0.17315364,0.1061878427863121,0.9610000252723694,0.808899998664856
YLL005C,YNL058C,0,-0.17321084,0.10617611557245255,0.9610000252723694,0.8090000152587891
YBL046W,YNL021W,0,-0.17330499,0.10616438090801239,0.9610000252723694,0.8090999722480774
YBL100W-A,YCR043C,0,-0.17333113,0.10615265369415283,0.9610000252723694,0.8091999888420105
YML025C,YMR229C,1,-0.17338434,0.10625138133764267,0.9620000123977661,0.8091999888420105
YJL145W,YBR019C,0,-0.17398155,0.10623964667320251,0.9620000123977661,0.8093000054359436
YBL050W,YGL032C,0,-0.17401993,0.10622791200876236,0.9620000123977661,0.8094000220298767
YOR329C,YMR189W,0,-0.17409112,0.1062161847949028,0.9620000123977661,0.809499979019165
YLR240W,YOL088C,0,-0.17417262,0.10620445758104324,0.9620000123977661,0.8095999956130981
YDL232W,YOR328W,0,-0.17425206,0.10619273781776428,0.9620000123977661,0.8097000122070312
YGL125W,YKR018C,0,-0.17438778,0.10618101805448532,0.9620000123977661,0.8098000288009644
YER004W,YLR308W,0,-0.17460951,0.10616929829120636,0.9620000123977661,0.8098999857902527
YGR074W,YNL329C,0,-0.17480606,0.1061575785279274,0.9620000123977661,0.8100000023841858
YBR234C,YPL055C,0,-0.17498603,0.10614586621522903,0.9620000123977661,0.8101000189781189
YDR027C,YPL128C,0,-0.175129,0.10613415390253067,0.9620000123977661,0.8101999759674072
YOR005C,YPR004C,0,-0.17515503,0.1061224490404129,0.9620000123977661,0.8102999925613403
YNL254C,YGR249W,0,-0.17517722,0.10611074417829514,0.9620000123977661,0.8104000091552734
YOR255W,YDR477W,0,-0.1752581,0.10609903931617737,0.9620000123977661,0.8105000257492065
YNL126W,YIR013C,0,-0.17547145,0.1060873419046402,0.9620000123977661,0.8105999827384949
YGL150C,YOR171C,0,-0.17556985,0.10607564449310303,0.9620000123977661,0.810699999332428
YOR307C,YCR097W,0,-0.17566064,0.10606394708156586,0.9620000123977661,0.8108000159263611
YNL252C,YFL003C,0,-0.17569865,0.10605225712060928,0.9620000123977661,0.8108999729156494
YOR118W,YBR204C,0,-0.17582628,0.10604056715965271,0.9620000123977661,0.8109999895095825
YKL008C,YGR203W,0,-0.17591801,0.10602887719869614,0.9620000123977661,0.8111000061035156
YDL042C,YML058W,0,-0.1759701,0.10601719468832016,0.9620000123977661,0.8112000226974487
YER065C,YGL011C,0,-0.1759704,0.10600551217794418,0.9620000123977661,0.8112999796867371
YDL079C,YPR112C,0,-0.17607039,0.1059938296675682,0.9620000123977661,0.8113999962806702
YKL096W,YOR083W,0,-0.17607608,0.10598215460777283,0.9620000123977661,0.8115000128746033
YMR029C,YJR077C,0,-0.17607632,0.10597047954797745,0.9620000123977661,0.8116000294685364
YIL023C,YPL032C,0,-0.17622758,0.10595880448818207,0.9620000123977661,0.8116999864578247
YGR247W,YDL174C,0,-0.17629597,0.10594713687896729,0.9620000123977661,0.8118000030517578
YMR288W,YDR522C,0,-0.17632422,0.1059354692697525,0.9620000123977661,0.8119000196456909
YLR128W,YMR014W,0,-0.17636414,0.10592380166053772,0.9620000123977661,0.8119999766349792
YKL163W,YIL103W,0,-0.17636693,0.10591214150190353,0.9620000123977661,0.8120999932289124
YAR066W,YGR284C,0,-0.17640208,0.10590048134326935,0.9620000123977661,0.8122000098228455
YDL002C,YNL327W,0,-0.1765063,0.10588882863521576,0.9620000123977661,0.8123000264167786
YER001W,YGL153W,0,-0.17656957,0.10587717592716217,0.9620000123977661,0.8123999834060669
YML024W,YDR489W,0,-0.17658722,0.10586552321910858,0.9620000123977661,0.8125
YGL011C,YJR014W,0,-0.17668214,0.10585387051105499,0.9620000123977661,0.8126000165939331
YGL078C,YOR150W,1,-0.17670164,0.10595224797725677,0.9629999995231628,0.8126000165939331
YLR128W,YOR190W,0,-0.1768784,0.10594059526920319,0.9629999995231628,0.8126999735832214
YDR198C,YJL100W,0,-0.1769313,0.1059289425611496,0.9629999995231628,0.8127999901771545
YNL021W,YJL093C,0,-0.1771942,0.10591728985309601,0.9629999995231628,0.8129000067710876
YGL134W,YER183C,0,-0.17719975,0.10590564459562302,0.9629999995231628,0.8130000233650208
YBR098W,YOR303W,0,-0.17720322,0.10589399933815002,0.9629999995231628,0.8130999803543091
YLR034C,YKR024C,0,-0.17722765,0.10588235408067703,0.9629999995231628,0.8131999969482422
YKL091C,YBR127C,0,-0.17725155,0.10587070882320404,0.9629999995231628,0.8133000135421753
YHR079C-A,YBR098W,0,-0.1772964,0.10585907101631165,0.9629999995231628,0.8133999705314636
YER146W,YJL076W,0,-0.177316,0.10584744065999985,0.9629999995231628,0.8134999871253967
YLR423C,YPR065W,0,-0.17734578,0.10583580285310745,0.9629999995231628,0.8136000037193298
YHL020C,YDL236W,0,-0.17738654,0.10582417249679565,0.9629999995231628,0.8137000203132629
YPR145W,YCL010C,0,-0.17742528,0.10581254959106445,0.9629999995231628,0.8137999773025513
YKL211C,YPL249C,0,-0.1774314,0.10580091923475266,0.9629999995231628,0.8138999938964844
YLR307W,YDR450W,0,-0.17757267,0.10578930377960205,0.9629999995231628,0.8140000104904175
YMR167W,YGL077C,0,-0.17762649,0.10577768087387085,0.9629999995231628,0.8141000270843506
YGR068C,YJR086W,0,-0.17782882,0.10576606541872025,0.9629999995231628,0.8141999840736389
YNL323W,YEL071W,0,-0.17790383,0.10575444996356964,0.9629999995231628,0.814300000667572
YPR061C,YAR066W,0,-0.17801401,0.10574283450841904,0.9629999995231628,0.8144000172615051
YIL157C,YER073W,0,-0.17801684,0.10573122650384903,0.9629999995231628,0.8144999742507935
YDL025C,YOR153W,0,-0.17812406,0.10571961849927902,0.9629999995231628,0.8145999908447266
YIR013C,YOL148C,0,-0.17814553,0.10570801049470901,0.9629999995231628,0.8147000074386597
YPL217C,YDR191W,0,-0.17824042,0.1056964099407196,0.9629999995231628,0.8148000240325928
YDL168W,YNL225C,0,-0.17854014,0.1056848093867302,0.9629999995231628,0.8148999810218811
YKL113C,YGL032C,0,-0.17863755,0.10567321628332138,0.9629999995231628,0.8149999976158142
YBL045C,YLR424W,0,-0.1786451,0.10566162317991257,0.9629999995231628,0.8151000142097473
YBR179C,YCR088W,0,-0.1787061,0.10565003007650375,0.9629999995231628,0.8151999711990356
YBL046W,YDR171W,0,-0.17871101,0.10563843697309494,0.9629999995231628,0.8152999877929688
YGL184C,YNL279W,0,-0.1788196,0.10562685132026672,0.9629999995231628,0.8154000043869019
YGR033C,YOR231W,0,-0.17882232,0.10561526566743851,0.9629999995231628,0.815500020980835
YGL054C,YPL192C,0,-0.17893022,0.10560368746519089,0.9629999995231628,0.8155999779701233
YAR066W,YIL129C,0,-0.17894536,0.10559210181236267,0.9629999995231628,0.8156999945640564
YPR025C,YBR057C,0,-0.17897242,0.10558053106069565,0.9629999995231628,0.8158000111579895
YOR354C,YGR074W,0,-0.17902936,0.10556895285844803,0.9629999995231628,0.8159000277519226
YOL013C,YDR519W,0,-0.17906001,0.105557382106781,0.9629999995231628,0.8159999847412109
YDR294C,YGR108W,0,-0.17915204,0.10554581135511398,0.9629999995231628,0.816100001335144
YJR014W,YKL065C,0,-0.1792481,0.10553424805402756,0.9629999995231628,0.8162000179290771
YBR265W,YBR014C,0,-0.17930056,0.10552268475294113,0.9629999995231628,0.8162999749183655
YCL010C,YKR087C,0,-0.17930436,0.1055111214518547,0.9629999995231628,0.8163999915122986
YBR073W,YJR159W,0,-0.17942403,0.10549955815076828,0.9629999995231628,0.8165000081062317
YNL134C,YNL220W,0,-0.1794675,0.10548800230026245,0.9629999995231628,0.8166000247001648
YPL211W,YAL009W,0,-0.17956221,0.10547645390033722,0.9629999995231628,0.8166999816894531
YOR035C,YDR266C,0,-0.17982948,0.10546489804983139,0.9629999995231628,0.8167999982833862
YML118W,YFR009W,0,-0.17983243,0.10545334964990616,0.9629999995231628,0.8169000148773193
YGR068C,YOR210W,0,-0.17986515,0.10544180124998093,0.9629999995231628,0.8169999718666077
YGR203W,YOR022C,0,-0.1799132,0.10543026030063629,0.9629999995231628,0.8170999884605408
YER183C,YLR399C,0,-0.18004155,0.10541871935129166,0.9629999995231628,0.8172000050544739
YMR216C,YNL093W,0,-0.18005742,0.10540717840194702,0.9629999995231628,0.817300021648407
YHR200W,YJL100W,0,-0.18009226,0.10539564490318298,0.9629999995231628,0.8173999786376953
YER146W,YHL022C,0,-0.18014899,0.10538411140441895,0.9629999995231628,0.8174999952316284
YJL154C,YPR165W,0,-0.18015996,0.10537257790565491,0.9629999995231628,0.8176000118255615
YDR006C,YPR183W,0,-0.18017425,0.10536105185747147,0.9629999995231628,0.8177000284194946
YJL145W,YBR039W,0,-0.18025297,0.10534952580928802,0.9629999995231628,0.817799985408783
YOR214C,YPL108W,0,-0.1804632,0.10533799976110458,0.9629999995231628,0.8179000020027161
YOL110W,YDL155W,0,-0.18053152,0.10532648116350174,0.9629999995231628,0.8180000185966492
YLR388W,YOR214C,0,-0.18070862,0.1053149625658989,0.9629999995231628,0.8180999755859375
YOL146W,YGR183C,0,-0.18076606,0.10530344396829605,0.9629999995231628,0.8181999921798706
YDR346C,YLR393W,0,-0.18081228,0.1052919328212738,0.9629999995231628,0.8183000087738037
YGR121C,YKL221W,0,-0.18103233,0.10528042167425156,0.9629999995231628,0.8184000253677368
YMR197C,YGR041W,0,-0.18116058,0.10526891052722931,0.9629999995231628,0.8184999823570251
YGL133W,YDL236W,0,-0.18143071,0.10525740683078766,0.9629999995231628,0.8185999989509583
YDL212W,YLR081W,0,-0.1814673,0.10524590313434601,0.9629999995231628,0.8187000155448914
YLR205C,YLL010C,0,-0.1814975,0.10523439943790436,0.9629999995231628,0.8187999725341797
YKL213C,YNL030W,0,-0.1816107,0.1052229031920433,0.9629999995231628,0.8188999891281128
YDL064W,YDR237W,0,-0.18189093,0.10521140694618225,0.9629999995231628,0.8190000057220459
YDR266C,YLR119W,0,-0.18194334,0.1051999107003212,0.9629999995231628,0.819100022315979
YLR262C,YBR073W,0,-0.18198735,0.10518842190504074,0.9629999995231628,0.8191999793052673
YDL049C,YLR449W,0,-0.1820444,0.10517693310976028,0.9629999995231628,0.8192999958992004
YLR070C,YJL203W,0,-0.18206611,0.10516544431447983,0.9629999995231628,0.8194000124931335
YIR013C,YMR024W,0,-0.18207866,0.10515396296977997,0.9629999995231628,0.8195000290870667
YGR247W,YHR203C,0,-0.18215166,0.10514248162508011,0.9629999995231628,0.819599986076355
YDL126C,YHL033C,0,-0.18218936,0.10513100773096085,0.9629999995231628,0.8197000026702881
YEL020C,YGR098C,0,-0.1822353,0.10511952638626099,0.9629999995231628,0.8198000192642212
YJL151C,YGR140W,0,-0.18242076,0.10510805249214172,0.9629999995231628,0.8198999762535095
YLL036C,YKL193C,0,-0.18255174,0.10509658604860306,0.9629999995231628,0.8199999928474426
YBL045C,YDR541C,0,-0.182623,0.1050851121544838,0.9629999995231628,0.8201000094413757
YDL194W,YHR123W,0,-0.1826495,0.10507365316152573,0.9629999995231628,0.8202000260353088
YDR446W,YMR104C,0,-0.18278413,0.10506218671798706,0.9629999995231628,0.8202999830245972
YBL105C,YLR136C,0,-0.18283097,0.10505072772502899,0.9629999995231628,0.8203999996185303
YLR066W,YIR010W,0,-0.18295622,0.10503926873207092,0.9629999995231628,0.8205000162124634
YER048C,YML010W,0,-0.18320104,0.10502780973911285,0.9629999995231628,0.8205999732017517
YMR280C,YBR104W,0,-0.1833234,0.10501635819673538,0.9629999995231628,0.8206999897956848
YJL010C,YOR298C-A,0,-0.18343967,0.10500490665435791,0.9629999995231628,0.8208000063896179
YBR068C,YLR308W,0,-0.18347368,0.10499345511198044,0.9629999995231628,0.820900022983551
YKL107W,YBL019W,0,-0.18368658,0.10498201102018356,0.9629999995231628,0.8209999799728394
YMR058W,YDR267C,0,-0.18374185,0.10497056692838669,0.9629999995231628,0.8210999965667725
YBR132C,YMR047C,0,-0.1837703,0.10495913028717041,0.9629999995231628,0.8212000131607056
YGR287C,YDR302W,0,-0.18384051,0.10494768619537354,0.9629999995231628,0.8213000297546387
YBR098W,YCR034W,0,-0.18394187,0.10493625700473785,0.9629999995231628,0.821399986743927
YDR020C,YGL207W,0,-0.18396856,0.10492482036352158,0.9629999995231628,0.8215000033378601
YLR310C,YCR097W,0,-0.1841847,0.1049133911728859,0.9629999995231628,0.8216000199317932
YKL107W,YKL152C,0,-0.18426242,0.10490196198225021,0.9629999995231628,0.8216999769210815
YOL115W,YLR034C,0,-0.18434665,0.10489053279161453,0.9629999995231628,0.8217999935150146
YHR091C,YOR307C,0,-0.18441957,0.10487911105155945,0.9629999995231628,0.8219000101089478
YER073W,YHR176W,0,-0.1847493,0.10486768931150436,0.9629999995231628,0.8220000267028809
YLR319C,YGL077C,0,-0.18483463,0.10485627502202988,0.9629999995231628,0.8220999836921692
YER119C,YMR216C,0,-0.18506208,0.10484485328197479,0.9629999995231628,0.8222000002861023
YCL019W,YGR125W,0,-0.18519549,0.1048334389925003,0.9629999995231628,0.8223000168800354
YER078C,YBR239C,0,-0.18526533,0.10482203215360641,0.9629999995231628,0.8223999738693237
YFL050C,YGL077C,0,-0.18529683,0.10481062531471252,0.9629999995231628,0.8224999904632568
YNL315C,YGR198W,0,-0.18536735,0.10479921847581863,0.9629999995231628,0.8226000070571899
YGR275W,YGL125W,0,-0.18540493,0.10478781163692474,0.9629999995231628,0.822700023651123
YDR314C,YLR081W,0,-0.18550873,0.10477641224861145,0.9629999995231628,0.8227999806404114
YDR184C,YML029W,0,-0.18553668,0.10476501286029816,0.9629999995231628,0.8228999972343445
YOR354C,YHR143W-A,0,-0.18554774,0.10475361347198486,0.9629999995231628,0.8230000138282776
YDR119W,YDR258C,0,-0.18568239,0.10474222153425217,0.9629999995231628,0.8230999708175659
YKL096W,YPL249C-A,0,-0.18571994,0.10473082959651947,0.9629999995231628,0.823199987411499
YLR421C,YOR073W,0,-0.18592066,0.10471944510936737,0.9629999995231628,0.8233000040054321
YBR126C,YDL191W,0,-0.18607622,0.10470806062221527,0.9629999995231628,0.8234000205993652
YJR129C,YOR125C,0,-0.18623242,0.10469667613506317,0.9629999995231628,0.8234999775886536
YBR302C,YJL014W,0,-0.18624705,0.10468529164791107,0.9629999995231628,0.8235999941825867
YDR020C,YHR102W,0,-0.18629311,0.10467391461133957,0.9629999995231628,0.8237000107765198
YOL044W,YPL015C,0,-0.18634251,0.10466253757476807,0.9629999995231628,0.8238000273704529
YJR137C,YGL153W,0,-0.18647732,0.10465116053819656,0.9629999995231628,0.8238999843597412
YGR278W,YJR019C,0,-0.18648513,0.10463979095220566,0.9629999995231628,0.8240000009536743
YER019W,YDL191W,0,-0.1865435,0.10462842136621475,0.9629999995231628,0.8241000175476074
YAR050W,YOR197W,0,-0.18661737,0.10461705923080444,0.9629999995231628,0.8241999745368958
YLR242C,YJR044C,0,-0.18670733,0.10460568964481354,0.9629999995231628,0.8242999911308289
YGL099W,YOR058C,0,-0.1868902,0.10459432750940323,0.9629999995231628,0.824400007724762
YDR184C,YLR064W,0,-0.18704143,0.10458297282457352,0.9629999995231628,0.8245000243186951
YMR278W,YIL015W,0,-0.18710464,0.1045716181397438,0.9629999995231628,0.8245999813079834
YCL033C,YLR222C,0,-0.18715625,0.10456026345491409,0.9629999995231628,0.8246999979019165
YJL092W,YBR152W,0,-0.18717831,0.10454890877008438,0.9629999995231628,0.8248000144958496
YPL164C,YDL058W,0,-0.1872621,0.10453756153583527,0.9629999995231628,0.8248999714851379
YKL125W,YIR034C,0,-0.18734142,0.10452621430158615,0.9629999995231628,0.824999988079071
YDR058C,YNL323W,0,-0.18745008,0.10451486706733704,0.9629999995231628,0.8251000046730042
YER065C,YIL157C,0,-0.1874595,0.10450352728366852,0.9629999995231628,0.8252000212669373
YFL018C,YMR190C,0,-0.18754646,0.1044921875,0.9629999995231628,0.8252999782562256
YOR178C,YMR162C,0,-0.18762434,0.10448084771633148,0.9629999995231628,0.8253999948501587
YGR108W,YML029W,0,-0.18783644,0.10446951538324356,0.9629999995231628,0.8255000114440918
YGR215W,YJL111W,0,-0.1878904,0.10445818305015564,0.9629999995231628,0.8256000280380249
YMR216C,YGL032C,0,-0.18799734,0.10444685816764832,0.9629999995231628,0.8256999850273132
YPL020C,YBL002W,0,-0.18804586,0.1044355258345604,0.9629999995231628,0.8258000016212463
YEL034W,YJL100W,0,-0.18829349,0.10442420095205307,0.9629999995231628,0.8259000182151794
YNL053W,YIL105C,0,-0.18837044,0.10441288352012634,0.9629999995231628,0.8259999752044678
YHR187W,YHR200W,0,-0.18853265,0.10440155863761902,0.9629999995231628,0.8260999917984009
YML024W,YOR030W,0,-0.18859032,0.10439024120569229,0.9629999995231628,0.826200008392334
YEL055C,YHR178W,0,-0.18862888,0.10437893122434616,0.9629999995231628,0.8263000249862671
YGL145W,YOR028C,0,-0.18864144,0.10436761379241943,0.9629999995231628,0.8263999819755554
YBR204C,YMR154C,0,-0.18876478,0.1043563038110733,0.9629999995231628,0.8264999985694885
YBL006C,YOR371C,0,-0.1889171,0.10434500128030777,0.9629999995231628,0.8266000151634216
YOR190W,YBR199W,0,-0.18896142,0.10433369129896164,0.9629999995231628,0.82669997215271
YER035W,YJL122W,0,-0.18900779,0.1043223887681961,0.9629999995231628,0.8267999887466431
YGL023C,YNL315C,0,-0.18934284,0.10431109368801117,0.9629999995231628,0.8269000053405762
YJR047C,YDR156W,0,-0.1893924,0.10429979115724564,0.9629999995231628,0.8270000219345093
YBL042C,YIL122W,0,-0.1894083,0.1042884960770607,0.9629999995231628,0.8270999789237976
YPR075C,YAL047C,0,-0.18941042,0.10427720844745636,0.9629999995231628,0.8271999955177307
YER039C,YOR284W,0,-0.18949889,0.10426591336727142,0.9629999995231628,0.8273000121116638
YPR185W,YNL113W,0,-0.18961763,0.10425462573766708,0.9629999995231628,0.8274000287055969
YHL009C,YNL177C,0,-0.1896411,0.10424334555864334,0.9629999995231628,0.8274999856948853
YHR039C,YNL270C,0,-0.18970603,0.104232057929039,0.9629999995231628,0.8276000022888184
YDL155W,YHR034C,0,-0.18990907,0.10422077775001526,0.9629999995231628,0.8277000188827515
YKL112W,YOR312C,0,-0.19000424,0.10420949757099152,0.9629999995231628,0.8277999758720398
YNL299W,YGL187C,0,-0.19012995,0.10419822484254837,0.9629999995231628,0.8278999924659729
YLR406C,YNL088W,0,-0.19029091,0.10418695211410522,0.9629999995231628,0.828000009059906
YER169W,YDR331W,0,-0.19029504,0.10417567938566208,0.9629999995231628,0.8281000256538391
YIR013C,YJL050W,0,-0.19034071,0.10416441410779953,0.9629999995231628,0.8281999826431274
YMR154C,YLL010C,0,-0.19041564,0.10415314882993698,0.9629999995231628,0.8282999992370605
YML025C,YOR125C,0,-0.19043514,0.10414188355207443,0.9629999995231628,0.8284000158309937
YGR059W,YOR173W,0,-0.19054629,0.10413062572479248,0.9629999995231628,0.828499972820282
YML131W,YBR127C,0,-0.19059129,0.10411936789751053,0.9629999995231628,0.8285999894142151
YKR010C,YOL033W,0,-0.19065244,0.10410811007022858,0.9629999995231628,0.8287000060081482
YGR287C,YDL165W,0,-0.19071496,0.10409685224294662,0.9629999995231628,0.8288000226020813
YGR195W,YGL175C,0,-0.19078691,0.10408560186624527,0.9629999995231628,0.8288999795913696
YEL063C,YMR030W,0,-0.19081262,0.10407435148954391,0.9629999995231628,0.8289999961853027
YOL091W,YAL061W,0,-0.19083653,0.10406310856342316,0.9629999995231628,0.8291000127792358
YDR097C,YPL088W,0,-0.19084707,0.1040518656373024,0.9629999995231628,0.829200029373169
YMR236W,YEL009C,0,-0.19118443,0.10404062271118164,0.9629999995231628,0.8292999863624573
YLR233C,YOR010C,0,-0.19118908,0.10402937978506088,0.9629999995231628,0.8294000029563904
YIL117C,YLR116W,0,-0.19131996,0.10401814430952072,0.9629999995231628,0.8295000195503235
YPL256C,YEL060C,0,-0.19138555,0.10400690883398056,0.9629999995231628,0.8295999765396118
YML110C,YGR068C,0,-0.19147404,0.103995680809021,0.9629999995231628,0.8296999931335449
YGR183C,YOR202W,0,-0.19151299,0.10398445278406143,0.9629999995231628,0.829800009727478
YDL025C,YPL030W,0,-0.19151613,0.10397322475910187,0.9629999995231628,0.8299000263214111
YLR310C,YLR336C,0,-0.19157897,0.1039619967341423,0.9629999995231628,0.8299999833106995
YGL255W,YOR122C,0,-0.19161847,0.10395077615976334,0.9629999995231628,0.8300999999046326
YBR021W,YDL214C,0,-0.19163933,0.10393955558538437,0.9629999995231628,0.8302000164985657
YGR108W,YMR104C,0,-0.19180161,0.103928342461586,0.9629999995231628,0.830299973487854
YMR021C,YOR361C,0,-0.1918757,0.10391712188720703,0.9629999995231628,0.8303999900817871
YGR192C,YOR196C,0,-0.19192055,0.10390591621398926,0.9629999995231628,0.8305000066757202
YJR113C,YLR405W,0,-0.19195506,0.10389470309019089,0.9629999995231628,0.8306000232696533
YGR231C,YBR104W,0,-0.19199333,0.10388349741697311,0.9629999995231628,0.8306999802589417
YLL039C,YBL019W,0,-0.19204536,0.10387229174375534,0.9629999995231628,0.8307999968528748
YIR007W,YGR121C,0,-0.19206016,0.10386108607053757,0.9629999995231628,0.8309000134468079
YPL009C,YNL030W,0,-0.19213119,0.10384988784790039,0.9629999995231628,0.8309999704360962
YOR229W,YBR244W,0,-0.1921527,0.10383868962526321,0.9629999995231628,0.8310999870300293
YHR187W,YOR336W,0,-0.19218037,0.10382749140262604,0.9629999995231628,0.8312000036239624
YBR133C,YJR086W,0,-0.19221416,0.10381630063056946,0.9629999995231628,0.8313000202178955
YKR060W,YMR323W,0,-0.192398,0.10380510985851288,0.9629999995231628,0.8313999772071838
YIL016W,YPL270W,0,-0.19243881,0.1037939190864563,0.9629999995231628,0.8314999938011169
YNL186W,YCR089W,0,-0.19245127,0.10378273576498032,0.9629999995231628,0.83160001039505
YLR071C,YGR074W,0,-0.1924985,0.10377155244350433,0.9629999995231628,0.8317000269889832
YPL132W,YBL036C,0,-0.19253927,0.10376036912202835,0.9629999995231628,0.8317999839782715
YDR147W,YGR284C,0,-0.19265771,0.10374919325113297,0.9629999995231628,0.8319000005722046
YGR085C,YOR150W,1,-0.19271778,0.1038457378745079,0.9639999866485596,0.8319000005722046
YDL226C,YMR278W,0,-0.19272017,0.10383455455303192,0.9639999866485596,0.8320000171661377
YGR287C,YHR084W,0,-0.1928223,0.10382337123155594,0.9639999866485596,0.832099974155426
YML066C,YDL147W,0,-0.1928563,0.10381218791007996,0.9639999866485596,0.8321999907493591
YBR200W,YDR302W,0,-0.19293952,0.10380101203918457,0.9639999866485596,0.8323000073432922
YPR151C,YKR003W,0,-0.19295073,0.10378983616828918,0.9639999866485596,0.8324000239372253
YJR091C,YKR080W,0,-0.19304653,0.1037786602973938,0.9639999866485596,0.8324999809265137
YGR152C,YIL017C,0,-0.1931516,0.10376749187707901,0.9639999866485596,0.8325999975204468
YBL100W-A,YOR122C,0,-0.19320413,0.10375632345676422,0.9639999866485596,0.8327000141143799
YBR216C,YGR041W,0,-0.19322503,0.10374515503644943,0.9639999866485596,0.8327999711036682
YDR162C,YPL265W,0,-0.1932391,0.10373399406671524,0.9639999866485596,0.8328999876976013
YGL048C,YHR072W,0,-0.1933033,0.10372283309698105,0.9639999866485596,0.8330000042915344
YLR307W,YHR123W,0,-0.19364107,0.10371167212724686,0.9639999866485596,0.8331000208854675
YML025C,YLR009W,1,-0.19364391,0.10380809009075165,0.9649999737739563,0.8331000208854675
YBL084C,YIL040W,0,-0.19365533,0.10379692167043686,0.9649999737739563,0.8331999778747559
YOR115C,YPR066W,0,-0.19382428,0.10378576070070267,0.9649999737739563,0.833299994468689
YGR125W,YBR104W,0,-0.19398122,0.10377459973096848,0.9649999737739563,0.8334000110626221
YHL022C,YPL190C,0,-0.194009,0.10376343876123428,0.9649999737739563,0.8335000276565552
YDR293C,YPR124W,0,-0.1942849,0.10375228524208069,0.9649999737739563,0.8335999846458435
YOL088C,YIR003W,0,-0.19428888,0.1037411317229271,0.9649999737739563,0.8337000012397766
YMR119W,YGL184C,0,-0.19432405,0.1037299782037735,0.9649999737739563,0.8338000178337097
YGR140W,YIL010W,0,-0.19435969,0.1037188321352005,0.9649999737739563,0.833899974822998
YKR060W,YMR030W,0,-0.19440289,0.1037076860666275,0.9649999737739563,0.8339999914169312
YOL110W,YBR221C,0,-0.1944688,0.1036965399980545,0.9649999737739563,0.8341000080108643
YLL005C,YIR035C,0,-0.19457382,0.1036854013800621,0.9649999737739563,0.8342000246047974
YFL034C-B,YGL166W,0,-0.19491753,0.1036742553114891,0.9649999737739563,0.8342999815940857
YDL212W,YDR085C,0,-0.1949268,0.1036631241440773,0.9649999737739563,0.8343999981880188
YBR136W,YOL041C,0,-0.19499233,0.1036519855260849,0.9649999737739563,0.8345000147819519
YPL088W,YJR088C,0,-0.19521976,0.1036408543586731,0.9649999737739563,0.8345999717712402
YML025C,YHR085W,1,-0.19522321,0.10373711585998535,0.9660000205039978,0.8345999717712402
YDR184C,YNL093W,0,-0.19569585,0.10372597724199295,0.9660000205039978,0.8346999883651733
YML066C,YJR017C,0,-0.19571868,0.10371483862400055,0.9660000205039978,0.8348000049591064
YKR010C,YOR329C,0,-0.19610573,0.10370370000600815,0.9660000205039978,0.8349000215530396
YPL003W,YNL279W,0,-0.1961554,0.10369256883859634,0.9660000205039978,0.8349999785423279
YNL134C,YPR056W,0,-0.19633567,0.10368144512176514,0.9660000205039978,0.835099995136261
YPR201W,YJL093C,0,-0.19633916,0.10367031395435333,0.9660000205039978,0.8352000117301941
YJL010C,YPL170W,0,-0.19634604,0.10365919023752213,0.9660000205039978,0.8353000283241272
YER078C,YOR375C,0,-0.1964758,0.10364806652069092,0.9660000205039978,0.8353999853134155
YDR104C,YGL020C,0,-0.19650882,0.10363695025444031,0.9660000205039978,0.8355000019073486
YDR162C,YIL103W,0,-0.19651972,0.1036258339881897,0.9660000205039978,0.8356000185012817
YLR133W,YDR037W,0,-0.19654895,0.10361471772193909,0.9660000205039978,0.8356999754905701
YLR095C,YER122C,0,-0.19660375,0.10360360145568848,0.9660000205039978,0.8357999920845032
YKL101W,YOR360C,0,-0.19669196,0.10359249264001846,0.9660000205039978,0.8359000086784363
YOL033W,YLR449W,0,-0.19688128,0.10358138382434845,0.9660000205039978,0.8360000252723694
YJL063C,YLR051C,0,-0.19715048,0.10357028245925903,0.9660000205039978,0.8360999822616577
YCR079W,YDR266C,0,-0.1974451,0.10355917364358902,0.9660000205039978,0.8361999988555908
YDR058C,YGR109C,0,-0.19752294,0.1035480722784996,0.9660000205039978,0.8363000154495239
YIR034C,YNR063W,0,-0.1976695,0.10353697836399078,0.9660000205039978,0.8363999724388123
YMR263W,YDR307W,0,-0.19773397,0.10352588444948196,0.9660000205039978,0.8364999890327454
YLR069C,YNR069C,0,-0.19792707,0.10351479053497314,0.9660000205039978,0.8366000056266785
YOL013C,YER016W,0,-0.19799453,0.10350369662046432,0.9660000205039978,0.8367000222206116
YGR033C,YJR044C,0,-0.19806871,0.1034926101565361,0.9660000205039978,0.8367999792098999
YBL045C,YDR522C,0,-0.19837856,0.10348152369260788,0.9660000205039978,0.836899995803833
YCR066W,YNR063W,0,-0.19853057,0.10347043722867966,0.9660000205039978,0.8370000123977661
YHR007C,YNR051C,0,-0.19861364,0.10345935821533203,0.9660000205039978,0.8371000289916992
YBL040C,YJL137C,0,-0.1988166,0.1034482792019844,0.9660000205039978,0.8371999859809875
YOR234C,YLL032C,0,-0.19882247,0.10343720018863678,0.9660000205039978,0.8373000025749207
YOR115C,YEL003W,0,-0.19883053,0.10342612117528915,0.9660000205039978,0.8374000191688538
YKR022C,YCL040W,0,-0.19889158,0.10341504961252213,0.9660000205039978,0.8374999761581421
YBR280C,YCL026C-A,0,-0.19905281,0.1034039855003357,0.9660000205039978,0.8375999927520752
YKR010C,YLR119W,0,-0.19949394,0.10339291393756866,0.9660000205039978,0.8377000093460083
YJR014W,YPL158C,0,-0.19953729,0.10338184982538223,0.9660000205039978,0.8378000259399414
YCR089W,YBR135W,0,-0.19961852,0.1033707857131958,0.9660000205039978,0.8378999829292297
YBR126C,YKL101W,0,-0.19963633,0.10335972905158997,0.9660000205039978,0.8379999995231628
YPL246C,YCL026C-A,0,-0.19979957,0.10334866493940353,0.9660000205039978,0.838100016117096
YER048C,YOR312C,0,-0.19982795,0.1033376157283783,0.9660000205039978,0.8381999731063843
YKL137W,YMR154C,0,-0.19996005,0.10332655906677246,0.9660000205039978,0.8382999897003174
YIL122W,YGL077C,0,-0.20000121,0.10331550985574722,0.9660000205039978,0.8384000062942505
YER118C,YPR020W,0,-0.20003514,0.10330446064472198,0.9660000205039978,0.8385000228881836
YJR137C,YDR001C,0,-0.20015661,0.10329341143369675,0.9660000205039978,0.8385999798774719
YJL111W,YDL122W,0,-0.20027423,0.1032823696732521,0.9660000205039978,0.838699996471405
YLR138W,YML062C,0,-0.20033474,0.10327132791280746,0.9660000205039978,0.8388000130653381
YER039C,YDR354W,0,-0.20049855,0.10326028615236282,0.9660000205039978,0.8389000296592712
YKL176C,YGL153W,0,-0.20072034,0.10324925184249878,0.9660000205039978,0.8389999866485596
YLR388W,YDR480W,0,-0.20076159,0.10323821753263474,0.9660000205039978,0.8391000032424927
YHL013C,YKR029C,0,-0.20084226,0.10322718322277069,0.9660000205039978,0.8392000198364258
YFL003C,YER122C,0,-0.20087567,0.10321615636348724,0.9660000205039978,0.8392999768257141
YBL006C,YBR179C,0,-0.20089105,0.1032051295042038,0.9660000205039978,0.8393999934196472
YNL209W,YOL113W,0,-0.20091106,0.10319410264492035,0.9660000205039978,0.8395000100135803
YBR217W,YER118C,0,-0.20096362,0.1031830832362175,0.9660000205039978,0.8396000266075134
YBR088C,YIL050W,0,-0.20112112,0.10317206382751465,0.9660000205039978,0.8396999835968018
YOR017W,YDL191W,0,-0.201163,0.1031610444188118,0.9660000205039978,0.8398000001907349
YER069W,YGR247W,0,-0.20128584,0.10315002501010895,0.9660000205039978,0.839900016784668
YCR024C-A,YER094C,0,-0.20137738,0.1031390130519867,0.9660000205039978,0.8399999737739563
YDR324C,YIL122W,0,-0.20159668,0.10312800109386444,0.9660000205039978,0.8400999903678894
YJL002C,YIL129C,0,-0.2017688,0.10311699658632278,0.9660000205039978,0.8402000069618225
YBR103W,YML024W,0,-0.20181254,0.10310598462820053,0.9660000205039978,0.8403000235557556
YKL073W,YGL054C,0,-0.2019418,0.10309498757123947,0.9660000205039978,0.840399980545044
YBR235W,YJL002C,0,-0.20197116,0.10308398306369781,0.9660000205039978,0.840499997138977
YOL017W,YFR009W,0,-0.20205504,0.10307298600673676,0.9660000205039978,0.8406000137329102
YGR033C,YDR206W,0,-0.20208743,0.1030619889497757,0.9660000205039978,0.8406999707221985
YJL209W,YMR323W,0,-0.20220189,0.10305099189281464,0.9660000205039978,0.8407999873161316
YLR132C,YBL002W,0,-0.20224601,0.10304000228643417,0.9660000205039978,0.8409000039100647
YKL035W,YER042W,0,-0.2024049,0.10302901268005371,0.9660000205039978,0.8410000205039978
YNL072W,YML001W,0,-0.20243722,0.10301802307367325,0.9660000205039978,0.8410999774932861
YER144C,YLR110C,0,-0.20248772,0.10300704091787338,0.9660000205039978,0.8411999940872192
YJL209W,YLL028W,0,-0.20249747,0.10299605131149292,0.9660000205039978,0.8413000106811523
YGL099W,YIL157C,0,-0.20251012,0.10298507660627365,0.9660000205039978,0.8414000272750854
YOR229W,YBL102W,0,-0.20254149,0.10297409445047379,0.9660000205039978,0.8414999842643738
YOR298C-A,YOL041C,0,-0.20255485,0.10296311974525452,0.9660000205039978,0.8416000008583069
YLR136C,YML014W,0,-0.2025779,0.10295214504003525,0.9660000205039978,0.84170001745224
YDR489W,YNL270C,0,-0.20258564,0.10294117778539658,0.9660000205039978,0.8417999744415283
YIL016W,YOR190W,0,-0.2026094,0.1029302105307579,0.9660000205039978,0.8418999910354614
YDR322C-A,YML093W,0,-0.2026957,0.10291924327611923,0.9660000205039978,0.8420000076293945
YJR105W,YOR298C-A,0,-0.20277262,0.10290827602148056,0.9660000205039978,0.8421000242233276
YNL312W,YOR077W,0,-0.2030912,0.10289731621742249,0.9660000205039978,0.842199981212616
YDL153C,YER169W,0,-0.20317192,0.10288635641336441,0.9660000205039978,0.8422999978065491
YLR069C,YAR014C,0,-0.20329876,0.10287539660930634,0.9660000205039978,0.8424000144004822
YDL049C,YNL326C,0,-0.20332499,0.10286444425582886,0.9660000205039978,0.8424999713897705
YJR161C,YDL191W,0,-0.20351842,0.10285349190235138,0.9660000205039978,0.8425999879837036
YKL027W,YCL020W,0,-0.20353289,0.1028425395488739,0.9660000205039978,0.8427000045776367
YIL157C,YFL002C,0,-0.20354985,0.10283159464597702,0.9660000205039978,0.8428000211715698
YGR013W,YMR199W,0,-0.2035512,0.10282064974308014,0.9660000205039978,0.8428999781608582
YCR097W,YHR128W,0,-0.2036447,0.10280970484018326,0.9660000205039978,0.8429999947547913
YCL054W,YOR150W,1,-0.20388193,0.10290518403053284,0.9670000076293945,0.8429999947547913
YLR144C,YOR196C,0,-0.20393668,0.10289423167705536,0.9670000076293945,0.8431000113487244
YBR073W,YLR393W,0,-0.20412785,0.10288328677415848,0.9670000076293945,0.8432000279426575
YIL016W,YKL065C,0,-0.20416051,0.1028723418712616,0.9670000076293945,0.8432999849319458
YER048C,YBL009W,0,-0.2042202,0.10286139696836472,0.9670000076293945,0.8434000015258789
YDR104C,YDR184C,0,-0.20477434,0.10285045951604843,0.9670000076293945,0.843500018119812
YOR214C,YHR152W,0,-0.20485498,0.10283952206373215,0.9670000076293945,0.8435999751091003
YJR090C,YOL044W,0,-0.20488405,0.10282858461141586,0.9670000076293945,0.8436999917030334
YOR130C,YLR117C,0,-0.20498896,0.10281764715909958,0.9670000076293945,0.8438000082969666
YPR151C,YKR042W,0,-0.20509972,0.10280671715736389,0.9670000076293945,0.8439000248908997
YMR106C,YDL191W,0,-0.20511073,0.1027957871556282,0.9670000076293945,0.843999981880188
YER003C,YIL122W,0,-0.20520309,0.10278486460447311,0.9670000076293945,0.8440999984741211
YOL094C,YBL105C,0,-0.20528379,0.10277394205331802,0.9670000076293945,0.8442000150680542
YPL053C,YGR289C,0,-0.20560767,0.10276301950216293,0.9670000076293945,0.8442999720573425
YFL055W,YDL052C,0,-0.20571923,0.10275209695100784,0.9670000076293945,0.8443999886512756
YDR506C,YEL046C,0,-0.20576106,0.10274118185043335,0.9670000076293945,0.8445000052452087
YNL264C,YER048C,0,-0.20578763,0.10273026674985886,0.9670000076293945,0.8446000218391418
YGR271C-A,YDL156W,0,-0.20586382,0.10271935164928436,0.9670000076293945,0.8446999788284302
YNL275W,YPL255W,0,-0.20605665,0.10270844399929047,0.9670000076293945,0.8447999954223633
YPL241C,YJL137C,0,-0.20609234,0.10269753634929657,0.9670000076293945,0.8449000120162964
YDR506C,YER183C,0,-0.206128,0.10268662869930267,0.9670000076293945,0.8450000286102295
YOR362C,YGL156W,0,-0.20623817,0.10267572849988937,0.9670000076293945,0.8450999855995178
YBR068C,YOR198C,0,-0.20659563,0.10266482830047607,0.9670000076293945,0.8452000021934509
YJL028W,YFL050C,0,-0.2067577,0.10265392810106277,0.9670000076293945,0.845300018787384
YJR090C,YDR302W,0,-0.20692185,0.10264302790164948,0.9670000076293945,0.8453999757766724
YBL042C,YGR133W,0,-0.20710754,0.10263213515281677,0.9670000076293945,0.8454999923706055
YGR257C,YNL186W,0,-0.20714606,0.10262124240398407,0.9670000076293945,0.8456000089645386
YLR226W,YDR540C,0,-0.20717733,0.10261035710573196,0.9670000076293945,0.8457000255584717
YDL004W,YPL012W,0,-0.20720749,0.10259947180747986,0.9670000076293945,0.84579998254776
YGR087C,YOR171C,0,-0.2075291,0.10258858650922775,0.9670000076293945,0.8458999991416931
YKL188C,YBR239C,0,-0.20758347,0.10257770121097565,0.9670000076293945,0.8460000157356262
YJL116C,YMR268C,0,-0.20766248,0.10256682336330414,0.9670000076293945,0.8460999727249146
YLR066W,YPL181W,0,-0.20770152,0.10255594551563263,0.9670000076293945,0.8461999893188477
YPL088W,YAL014C,0,-0.20781171,0.10254506766796112,0.9670000076293945,0.8463000059127808
YDR097C,YEL020C,0,-0.20796637,0.10253419727087021,0.9670000076293945,0.8464000225067139
YNR032W,YBR057C,0,-0.20799723,0.1025233268737793,0.9670000076293945,0.8464999794960022
YPL211W,YMR244C-A,0,-0.20813246,0.10251245647668839,0.9670000076293945,0.8465999960899353
YER006W,YLL054C,0,-0.20819561,0.10250159353017807,0.9670000076293945,0.8467000126838684
YMR323W,YDL174C,0,-0.2082311,0.10249072313308716,0.9670000076293945,0.8468000292778015
YLR423C,YBR104W,0,-0.20861919,0.10247986763715744,0.9670000076293945,0.8468999862670898
YKL091C,YPL192C,0,-0.2087755,0.10246900469064713,0.9670000076293945,0.847000002861023
YMR162C,YDR266C,0,-0.20895928,0.10245814919471741,0.9670000076293945,0.847100019454956
YOL119C,YER016W,0,-0.20906943,0.10244729369878769,0.9670000076293945,0.8471999764442444
YMR214W,YIL131C,0,-0.20911488,0.10243643820285797,0.9670000076293945,0.8472999930381775
YHR143W-A,YGR132C,0,-0.20919631,0.10242559015750885,0.9670000076293945,0.8474000096321106
YDL002C,YML029W,0,-0.20922703,0.10241474211215973,0.9670000076293945,0.8475000262260437
YGL184C,YDR147W,0,-0.20927142,0.10240389406681061,0.9670000076293945,0.847599983215332
YER172C,YBR201W,0,-0.20929775,0.10239305347204208,0.9670000076293945,0.8476999998092651
YDR302W,YLR119W,0,-0.20935152,0.10238221287727356,0.9670000076293945,0.8478000164031982
YMR161W,YLL052C,0,-0.2093966,0.10237137228250504,0.9670000076293945,0.8478999733924866
YGL055W,YKL139W,0,-0.20941734,0.10236053913831711,0.9670000076293945,0.8479999899864197
YNL327W,YDL058W,0,-0.20941983,0.10234970599412918,0.9670000076293945,0.8481000065803528
YBR018C,YEL003W,0,-0.20952557,0.10233887284994125,0.9670000076293945,0.8482000231742859
YBR216C,YLL032C,0,-0.20957252,0.10232803970575333,0.9670000076293945,0.8482999801635742
YLR310C,YDR051C,0,-0.20958385,0.102317214012146,0.9670000076293945,0.8483999967575073
YKR092C,YPL023C,0,-0.20971581,0.10230638831853867,0.9670000076293945,0.8485000133514404
YAR066W,YER058W,0,-0.20982054,0.10229557007551193,0.9670000076293945,0.8485999703407288
YJL063C,YBR084C-A,0,-0.20982987,0.1022847443819046,0.9670000076293945,0.8486999869346619
YKL096W,YIL110W,0,-0.20997441,0.10227392613887787,0.9670000076293945,0.848800003528595
YNL075W,YPL124W,0,-0.21027657,0.10226311534643173,0.9670000076293945,0.8489000201225281
YDR191W,YBL009W,0,-0.21028298,0.102252297103405,0.9670000076293945,0.8489999771118164
YJL204C,YKR025W,0,-0.2104242,0.10224148631095886,0.9670000076293945,0.8490999937057495
YKR022C,YJL036W,0,-0.21073146,0.10223068296909332,0.9670000076293945,0.8492000102996826
YDR538W,YGR289C,0,-0.21081136,0.10221987217664719,0.9670000076293945,0.8493000268936157
YJL111W,YML007W,0,-0.21139388,0.10220906883478165,0.9670000076293945,0.849399983882904
YGL011C,YPR056W,0,-0.2114154,0.10219826549291611,0.9670000076293945,0.8495000004768372
YGL002W,YMR189W,0,-0.2114455,0.10218746960163116,0.9670000076293945,0.8496000170707703
YBR102C,YOL044W,0,-0.21150044,0.10217666625976562,0.9670000076293945,0.8496999740600586
YKL193C,YNL279W,0,-0.21151575,0.10216587781906128,0.9670000076293945,0.8497999906539917
YIL099W,YML007W,0,-0.2116412,0.10215508192777634,0.9670000076293945,0.8499000072479248
YFL018C,YHR203C,0,-0.21164179,0.10214429348707199,0.9670000076293945,0.8500000238418579
YER183C,YLR095C,0,-0.2118009,0.10213350504636765,0.9670000076293945,0.8500999808311462
YDR180W,YPR056W,0,-0.21193537,0.1021227166056633,0.9670000076293945,0.8501999974250793
YKL213C,YPR058W,0,-0.21201643,0.10211193561553955,0.9670000076293945,0.8503000140190125
YKL086W,YEL071W,0,-0.21204685,0.1021011471748352,0.9670000076293945,0.8503999710083008
YBR103W,YML066C,0,-0.21206751,0.10209037363529205,0.9670000076293945,0.8504999876022339
YPR061C,YPL128C,0,-0.21206762,0.1020795926451683,0.9670000076293945,0.850600004196167
YBL066C,YGL055W,0,-0.21244225,0.10206881910562515,0.9670000076293945,0.8507000207901001
YOL075C,YDR352W,0,-0.21276122,0.102058045566082,0.9670000076293945,0.8507999777793884
YDR171W,YMR260C,0,-0.21277063,0.10204727947711945,0.9670000076293945,0.8508999943733215
YHR107C,YML118W,0,-0.21289012,0.1020365059375763,0.9670000076293945,0.8510000109672546
YBL099W,YDR324C,0,-0.21290632,0.10202574729919434,0.9670000076293945,0.8511000275611877
YLR410W,YER016W,0,-0.21318612,0.10201498121023178,0.9670000076293945,0.8511999845504761
YLR320W,YOR321W,0,-0.21320516,0.10200422257184982,0.9670000076293945,0.8513000011444092
YEL060C,YGR240C,0,-0.21330792,0.10199346393346786,0.9670000076293945,0.8514000177383423
YDL025C,YAR014C,0,-0.21339999,0.10198270529508591,0.9670000076293945,0.8514999747276306
YGR033C,YMR106C,0,-0.2135491,0.10197194665670395,0.9670000076293945,0.8515999913215637
YFL024C,YLR274W,0,-0.2136283,0.10196119546890259,0.9670000076293945,0.8517000079154968
YGR059W,YJL115W,0,-0.21406567,0.10195045173168182,0.9670000076293945,0.8518000245094299
YDR363W,YBR288C,0,-0.21412282,0.10193970054388046,0.9670000076293945,0.8518999814987183
YML025C,YHR088W,1,-0.21421498,0.10203436017036438,0.9679999947547913,0.8518999814987183
YBR018C,YDR409W,0,-0.21422407,0.10202360898256302,0.9679999947547913,0.8519999980926514
YPL237W,YPL084W,0,-0.21426097,0.10201285779476166,0.9679999947547913,0.8521000146865845
YPL128C,YDL222C,0,-0.21426323,0.1020021066069603,0.9679999947547913,0.8521999716758728
YLR320W,YGR206W,0,-0.21430665,0.10199136286973953,0.9679999947547913,0.8522999882698059
YLR376C,YCL011C,0,-0.21433744,0.10198061168193817,0.9679999947547913,0.852400004863739
YOR128C,YHR104W,0,-0.21435848,0.101969875395298,0.9679999947547913,0.8525000214576721
YER016W,YLR256W,0,-0.21444997,0.10195913165807724,0.9679999947547913,0.8525999784469604
YMR164C,YNL254C,0,-0.21468991,0.10194839537143707,0.9679999947547913,0.8526999950408936
YJR067C,YDL239C,0,-0.21488976,0.1019376590847969,0.9679999947547913,0.8528000116348267
YDR322C-A,YNL169C,0,-0.21499324,0.10192692279815674,0.9679999947547913,0.8529000282287598
YLR310C,YGL044C,0,-0.21500462,0.10191619396209717,0.9679999947547913,0.8529999852180481
YOR190W,YBR088C,0,-0.21501857,0.1019054651260376,0.9679999947547913,0.8531000018119812
YBL046W,YPR079W,0,-0.2150517,0.10189473628997803,0.9679999947547913,0.8532000184059143
YML025C,YGL120C,1,-0.21533357,0.1019892618060112,0.968999981880188,0.8532000184059143
YDL042C,YMR280C,0,-0.21555695,0.10197853296995163,0.968999981880188,0.8532999753952026
YML131W,YMR309C,0,-0.21570875,0.10196779668331146,0.968999981880188,0.8533999919891357
YMR288W,YLR013W,0,-0.21586327,0.10195706784725189,0.968999981880188,0.8535000085830688
YKR086W,YDL150W,0,-0.21615615,0.10194634646177292,0.968999981880188,0.853600025177002
YGR049W,YJL036W,0,-0.21629843,0.10193561762571335,0.968999981880188,0.8536999821662903
YBR068C,YBL009W,0,-0.21632087,0.10192489624023438,0.968999981880188,0.8537999987602234
YHL009C,YKR086W,0,-0.21637729,0.1019141748547554,0.968999981880188,0.8539000153541565
YHR124W,YJL100W,0,-0.21637976,0.10190346091985703,0.968999981880188,0.8539999723434448
YKL049C,YFR051C,0,-0.21644379,0.10189274698495865,0.968999981880188,0.8540999889373779
YHR079C-A,YCR069W,0,-0.21645623,0.10188203305006027,0.968999981880188,0.854200005531311
YNL002C,YOL148C,0,-0.21650484,0.1018713191151619,0.968999981880188,0.8543000221252441
YOR328W,YJL184W,0,-0.21677437,0.10186061263084412,0.968999981880188,0.8543999791145325
YPL016W,YLR057W,0,-0.21689698,0.10184990614652634,0.968999981880188,0.8544999957084656
YJR113C,YDR186C,0,-0.21700208,0.10183919966220856,0.968999981880188,0.8546000123023987
YKL208W,YNL152W,0,-0.21706843,0.10182850062847137,0.968999981880188,0.8547000288963318
YMR135C,YLR066W,0,-0.21707535,0.10181780159473419,0.968999981880188,0.8547999858856201
YGR033C,YOR100C,0,-0.21709812,0.10180710256099701,0.968999981880188,0.8549000024795532
YJL104W,YPL066W,0,-0.21713206,0.10179640352725983,0.968999981880188,0.8550000190734863
YMR164C,YGL125W,0,-0.2171551,0.10178571194410324,0.968999981880188,0.8550999760627747
YOR190W,YGR163W,0,-0.21730496,0.10177502036094666,0.968999981880188,0.8551999926567078
YDR506C,YLR398C,0,-0.21734588,0.10176433622837067,0.968999981880188,0.8553000092506409
YDL226C,YGR067C,0,-0.21751225,0.10175365209579468,0.968999981880188,0.855400025844574
YNL014W,YEL003W,0,-0.21756947,0.10174296796321869,0.968999981880188,0.8554999828338623
YBR186W,YPL162C,0,-0.21796109,0.1017322838306427,0.968999981880188,0.8555999994277954
YDL103C,YIL158W,0,-0.21817443,0.10172160714864731,0.968999981880188,0.8557000160217285
YDR155C,YNL125C,0,-0.21822086,0.10171093046665192,0.968999981880188,0.8557999730110168
YDR060W,YOR150W,1,-0.21831203,0.1018052026629448,0.9700000286102295,0.8557999730110168
YDR113C,YMR067C,0,-0.21833593,0.1017945185303688,0.9700000286102295,0.85589998960495
YGL207W,YGL156W,0,-0.21839519,0.10178384184837341,0.9700000286102295,0.8560000061988831
YMR323W,YHR143W-A,0,-0.21840316,0.10177315771579742,0.9700000286102295,0.8561000227928162
YCL010C,YBR135W,0,-0.21842664,0.10176248103380203,0.9700000286102295,0.8561999797821045
YKL188C,YOL091W,0,-0.21850497,0.10175181180238724,0.9700000286102295,0.8562999963760376
YER016W,YNR039C,0,-0.21858788,0.10174113512039185,0.9700000286102295,0.8564000129699707
YBL045C,YGR198W,0,-0.21868077,0.10173046588897705,0.9700000286102295,0.8565000295639038
YJL123C,YGR091W,0,-0.21877025,0.10171979665756226,0.9700000286102295,0.8565999865531921
YDR097C,YIL010W,0,-0.21902323,0.10170913487672806,0.9700000286102295,0.8567000031471252
YDL150W,YGR013W,0,-0.21905261,0.10169846564531326,0.9700000286102295,0.8568000197410583
YOR150W,YKL014C,1,-0.2190644,0.10179264098405838,0.9710000157356262,0.8568000197410583
YAL005C,YKL209C,0,-0.21916895,0.10178197175264359,0.9710000157356262,0.8568999767303467
YDL226C,YKL065C,0,-0.21927784,0.10177130252122879,0.9710000157356262,0.8569999933242798
YNL186W,YDL214C,0,-0.21943828,0.10176064074039459,0.9710000157356262,0.8571000099182129
YDL181W,YGL179C,0,-0.21950199,0.1017499715089798,0.9710000157356262,0.857200026512146
YJL203W,YKL065C,0,-0.21961325,0.1017393097281456,0.9710000157356262,0.8572999835014343
YPR075C,YOL058W,0,-0.21966636,0.101728655397892,0.9710000157356262,0.8574000000953674
YOL088C,YLR310C,0,-0.21975584,0.1017179936170578,0.9710000157356262,0.8575000166893005
YGR186W,YDL052C,0,-0.21989982,0.1017073392868042,0.9710000157356262,0.8575999736785889
YPL232W,YHR196W,0,-0.22008185,0.1016966924071312,0.9710000157356262,0.857699990272522
YBR239C,YMR058W,0,-0.22017665,0.1016860380768776,0.9710000157356262,0.8578000068664551
YFL053W,YHR128W,0,-0.22042918,0.10167539119720459,0.9710000157356262,0.8579000234603882
YGR152C,YNL134C,0,-0.22062607,0.10166474431753159,0.9710000157356262,0.8579999804496765
YDL147W,YPL079W,0,-0.22066802,0.10165410488843918,0.9710000157356262,0.8580999970436096
YBR210W,YGR183C,0,-0.22116981,0.10164346545934677,0.9710000157356262,0.8582000136375427
YGR028W,YBR236C,0,-0.22121859,0.10163282603025436,0.9710000157356262,0.858299970626831
YDR432W,YCR083W,0,-0.22126037,0.10162218660116196,0.9710000157356262,0.8583999872207642
YDL042C,YPL187W,0,-0.2213245,0.10161155462265015,0.9710000157356262,0.8585000038146973
YBL040C,YDL174C,0,-0.22135597,0.10160092264413834,0.9710000157356262,0.8586000204086304
YJL209W,YLR368W,0,-0.22156215,0.10159029066562653,0.9710000157356262,0.8586999773979187
YJR125C,YNL220W,0,-0.22157338,0.10157966613769531,0.9710000157356262,0.8587999939918518
YDL014W,YCR003W,0,-0.22159147,0.1015690341591835,0.9710000157356262,0.8589000105857849
YPL088W,YMR231W,0,-0.2216946,0.10155841708183289,0.9710000157356262,0.859000027179718
YBL018C,YGL065C,0,-0.22180691,0.10154779255390167,0.9710000157356262,0.8590999841690063
YDR191W,YPL046C,0,-0.22191764,0.10153717547655106,0.9710000157356262,0.8592000007629395
YJR105W,YDR084C,0,-0.22219968,0.10152655839920044,0.9710000157356262,0.8593000173568726
YMR135C,YGR172C,0,-0.22243327,0.10151594132184982,0.9710000157356262,0.8593999743461609
YJR095W,YNL030W,0,-0.22251593,0.1015053316950798,0.9710000157356262,0.859499990940094
YNL323W,YGR231C,0,-0.2225279,0.10149472206830978,0.9710000157356262,0.8596000075340271
YDL232W,YGR280C,0,-0.22276878,0.10148411244153976,0.9710000157356262,0.8597000241279602
YKR081C,YJR019C,0,-0.22318394,0.10147351026535034,0.9710000157356262,0.8597999811172485
YJL074C,YDR186C,0,-0.22320966,0.10146290808916092,0.9710000157356262,0.8598999977111816
YGR247W,YBR088C,0,-0.22331633,0.1014523059129715,0.9710000157356262,0.8600000143051147
YKL176C,YHR123W,0,-0.22337985,0.10144170373678207,0.9710000157356262,0.8600999712944031
YGL125W,YLR002C,0,-0.22339278,0.10143110901117325,0.9710000157356262,0.8601999878883362
YDL226C,YKR029C,0,-0.22349384,0.10142051428556442,0.9710000157356262,0.8603000044822693
YHL022C,YBL027W,0,-0.22351244,0.1014099195599556,0.9710000157356262,0.8604000210762024
YGR271C-A,YGL207W,0,-0.2235939,0.10139933228492737,0.9710000157356262,0.8604999780654907
YDL002C,YPL266W,0,-0.22368382,0.10138874500989914,0.9710000157356262,0.8605999946594238
YAR014C,YML058W,0,-0.2238498,0.10137815773487091,0.9710000157356262,0.8607000112533569
YNL082W,YGL008C,0,-0.22388288,0.10136757791042328,0.9710000157356262,0.86080002784729
YPL005W,YBR154C,0,-0.22409442,0.10135699063539505,0.9710000157356262,0.8608999848365784
YDL049C,YBR154C,0,-0.22411194,0.10134641826152802,0.9710000157356262,0.8610000014305115
YPL152W,YFR055W,0,-0.22427195,0.10133583843708038,0.9710000157356262,0.8611000180244446
YPR151C,YFL034C-B,0,-0.22428907,0.10132526606321335,0.9710000157356262,0.8611999750137329
YER141W,YNL009W,0,-0.22440217,0.10131469368934631,0.9710000157356262,0.861299991607666
YLR166C,YFR009W,0,-0.22448531,0.10130412131547928,0.9710000157356262,0.8614000082015991
YML131W,YHR084W,0,-0.22451136,0.10129355639219284,0.9710000157356262,0.8615000247955322
YBR216C,YOL137W,0,-0.22452895,0.1012829840183258,0.9710000157356262,0.8615999817848206
YPR201W,YNR046W,0,-0.22453351,0.10127242654561996,0.9710000157356262,0.8616999983787537
YGL131C,YDR198C,0,-0.22464408,0.10126186162233353,0.9710000157356262,0.8618000149726868
YCR079W,YPL249C-A,0,-0.224689,0.10125130414962769,0.9710000157356262,0.8618999719619751
YJR113C,YBL019W,0,-0.22512266,0.10124074667692184,0.9710000157356262,0.8619999885559082
YGL234W,YKL167C,0,-0.22527649,0.101230189204216,0.9710000157356262,0.8621000051498413
YAR050W,YKL157W,0,-0.22539271,0.10121963918209076,0.9710000157356262,0.8622000217437744
YIL082W-A,YGR240C,0,-0.22564325,0.10120908915996552,0.9710000157356262,0.8622999787330627
YAR014C,YLR275W,0,-0.2256522,0.10119853913784027,0.9710000157356262,0.8623999953269958
YPL283C,YIR010W,0,-0.22618636,0.10118799656629562,0.9710000157356262,0.862500011920929
YPL088W,YLR002C,0,-0.22625323,0.10117745399475098,0.9710000157356262,0.8626000285148621
YML014W,YNL270C,0,-0.22626042,0.10116691142320633,0.9710000157356262,0.8626999855041504
YER146W,YJL099W,0,-0.22650187,0.10115636885166168,0.9710000157356262,0.8628000020980835
YGR074W,YLL005C,0,-0.22652861,0.10114583373069763,0.9710000157356262,0.8629000186920166
YOL016C,YDR291W,0,-0.22666049,0.10113529860973358,0.9710000157356262,0.8629999756813049
YNL245C,YOR028C,0,-0.22681801,0.10112476348876953,0.9710000157356262,0.863099992275238
YJR099W,YPR101W,0,-0.22694159,0.10111423581838608,0.9710000157356262,0.8632000088691711
YAL055W,YNL152W,0,-0.2270393,0.10110370814800262,0.9710000157356262,0.8633000254631042
YAR003W,YNL134C,0,-0.22712564,0.10109318047761917,0.9710000157356262,0.8633999824523926
YML075C,YBR008C,0,-0.22723264,0.10108266025781631,0.9710000157356262,0.8634999990463257
YBR179C,YMR162C,0,-0.22739798,0.10107213258743286,0.9710000157356262,0.8636000156402588
YNR051C,YPL187W,0,-0.22742179,0.10106161236763,0.9710000157356262,0.8636999726295471
YJR056C,YBR265W,0,-0.2275948,0.10105109959840775,0.9710000157356262,0.8637999892234802
YOR328W,YGR198W,0,-0.22765294,0.10104057937860489,0.9710000157356262,0.8639000058174133
YJL050W,YCR088W,0,-0.22776285,0.10103006660938263,0.9710000157356262,0.8640000224113464
YJL051W,YHR016C,0,-0.22792211,0.10101956129074097,0.9710000157356262,0.8640999794006348
YJL092W,YGR206W,0,-0.22800349,0.10100904852151871,0.9710000157356262,0.8641999959945679
YFR051C,YGL121C,0,-0.2281269,0.10099854320287704,0.9710000157356262,0.864300012588501
YNL082W,YGL011C,0,-0.22819816,0.10098803788423538,0.9710000157356262,0.8644000291824341
YMR236W,YKL184W,0,-0.22820918,0.10097754001617432,0.9710000157356262,0.8644999861717224
YJL051W,YOL119C,0,-0.2282385,0.10096703469753265,0.9710000157356262,0.8646000027656555
YIL162W,YHR134W,0,-0.22824553,0.10095653682947159,0.9710000157356262,0.8647000193595886
YPL170W,YKR025W,0,-0.2283442,0.10094604641199112,0.9710000157356262,0.864799976348877
YPL024W,YML072C,0,-0.22849748,0.10093554854393005,0.9710000157356262,0.8648999929428101
YJL051W,YGR048W,0,-0.22862932,0.10092505812644958,0.9710000157356262,0.8650000095367432
YDL042C,YBR293W,0,-0.22882888,0.10091456770896912,0.9710000157356262,0.8651000261306763
YGL250W,YGR068C,0,-0.22888495,0.10090408474206924,0.9710000157356262,0.8651999831199646
YIR013C,YLR155C,0,-0.22890648,0.10089360177516937,0.9710000157356262,0.8652999997138977
YNL336W,YBR135W,0,-0.22895251,0.1008831188082695,0.9710000157356262,0.8654000163078308
YDR363W,YNL106C,0,-0.22901674,0.10087263584136963,0.9710000157356262,0.8654999732971191
YJR105W,YLR119W,0,-0.22941834,0.10086216032505035,0.9710000157356262,0.8655999898910522
YHR123W,YGL245W,0,-0.22947198,0.10085168480873108,0.9710000157356262,0.8657000064849854
YJR086W,YGR280C,0,-0.22960275,0.1008412092924118,0.9710000157356262,0.8658000230789185
YKR010C,YLR148W,0,-0.22971073,0.10083073377609253,0.9710000157356262,0.8658999800682068
YGL048C,YMR291W,0,-0.22973242,0.10082026571035385,0.9710000157356262,0.8659999966621399
YIL103W,YOL044W,0,-0.22976583,0.10080979764461517,0.9710000157356262,0.866100013256073
YOR118W,YLR376C,0,-0.2298257,0.10079933702945709,0.9710000157356262,0.8661999702453613
YLR225C,YOL017W,0,-0.23011935,0.10078887641429901,0.9710000157356262,0.8662999868392944
YDL181W,YMR190C,0,-0.23017058,0.10077840834856033,0.9710000157356262,0.8664000034332275
YML058W,YEL003W,0,-0.23045328,0.10076795518398285,0.9710000157356262,0.8665000200271606
YEL011W,YGL079W,0,-0.23094061,0.10075749456882477,0.9710000157356262,0.866599977016449
YPR023C,YBR265W,0,-0.23101276,0.10074704140424728,0.9710000157356262,0.8666999936103821
YDL239C,YLR449W,0,-0.23104823,0.1007365882396698,0.9710000157356262,0.8668000102043152
YER169W,YNL093W,0,-0.23112676,0.10072614252567291,0.9710000157356262,0.8669000267982483
YDR462W,YBL100W-A,0,-0.23125088,0.10071569681167603,0.9710000157356262,0.8669999837875366
YKL184W,YIL122W,0,-0.23146316,0.10070525109767914,0.9710000157356262,0.8671000003814697
YNL329C,YNL099C,0,-0.231493,0.10069480538368225,0.9710000157356262,0.8672000169754028
YIL091C,YER018C,0,-0.23156959,0.10068435966968536,0.9710000157356262,0.8672999739646912
YER011W,YOL148C,0,-0.2318854,0.10067392140626907,0.9710000157356262,0.8673999905586243
YER144C,YLR136C,0,-0.23210338,0.10066349059343338,0.9710000157356262,0.8675000071525574
YLR132C,YKR024C,0,-0.23218518,0.10065305233001709,0.9710000157356262,0.8676000237464905
YGR074W,YPL023C,0,-0.23251235,0.1006426215171814,0.9710000157356262,0.8676999807357788
YDR294C,YGL029W,0,-0.23255649,0.1006321907043457,0.9710000157356262,0.8677999973297119
YGL011C,YGR240C,0,-0.23264754,0.10062175989151001,0.9710000157356262,0.867900013923645
YHL001W,YGL065C,0,-0.23277816,0.10061133652925491,0.9710000157356262,0.8679999709129333
YJR086W,YBL018C,0,-0.23290312,0.10060091316699982,0.9710000157356262,0.8680999875068665
YGL121C,YFL002C,0,-0.23305893,0.10059048980474472,0.9710000157356262,0.8682000041007996
YCR034W,YOR303W,0,-0.23311767,0.10058007389307022,0.9710000157356262,0.8683000206947327
YOR367W,YGL179C,0,-0.23313028,0.10056965053081512,0.9710000157356262,0.868399977684021
YEL034W,YGL047W,0,-0.23315337,0.10055923461914062,0.9710000157356262,0.8684999942779541
YIL085C,YGR028W,0,-0.23320231,0.10054882615804672,0.9710000157356262,0.8686000108718872
YKL188C,YNL186W,0,-0.23334816,0.10053841024637222,0.9710000157356262,0.8687000274658203
YDR097C,YJL137C,0,-0.233376,0.10052800178527832,0.9710000157356262,0.8687999844551086
YKL049C,YIR021W,0,-0.23340693,0.10051760077476501,0.9710000157356262,0.8689000010490417
YLR064W,YHR034C,0,-0.23344144,0.10050719231367111,0.9710000157356262,0.8690000176429749
YKL082C,YGR220C,1,-0.23403266,0.10060028731822968,0.972000002861023,0.8690000176429749
YOL008W,YBL066C,0,-0.2340393,0.10058987885713577,0.972000002861023,0.8690999746322632
YLR336C,YDR001C,0,-0.23416758,0.10057947039604187,0.972000002861023,0.8691999912261963
YBR139W,YHR084W,0,-0.23417169,0.10056906193494797,0.972000002861023,0.8693000078201294
YKL008C,YGR038W,0,-0.23418835,0.10055866092443466,0.972000002861023,0.8694000244140625
YGR172C,YBR204C,0,-0.23429948,0.10054825991392136,0.972000002861023,0.8694999814033508
YDR043C,YCL020W,0,-0.23440483,0.10053785890340805,0.972000002861023,0.8695999979972839
YBR132C,YER016W,0,-0.23453721,0.10052745789289474,0.972000002861023,0.869700014591217
YHR098C,YAL009W,0,-0.23472753,0.10051706433296204,0.972000002861023,0.8697999715805054
YEL060C,YMR309C,0,-0.23502117,0.10050667077302933,0.972000002861023,0.8698999881744385
YNR012W,YKL157W,0,-0.2352719,0.10049627721309662,0.972000002861023,0.8700000047683716
YGL002W,YDR119W,0,-0.23528132,0.1004858911037445,0.972000002861023,0.8701000213623047
YEL077C,YPL005W,0,-0.23551416,0.1004755049943924,0.972000002861023,0.870199978351593
YDR142C,YOR312C,0,-0.23585567,0.10046511888504028,0.972000002861023,0.8702999949455261
YDR020C,YER054C,0,-0.2359049,0.10045473277568817,0.972000002861023,0.8704000115394592
YHL002W,YNL197C,0,-0.23597404,0.10044435411691666,0.972000002861023,0.8705000281333923
YIR033W,YCR079W,0,-0.23629653,0.10043397545814514,0.972000002861023,0.8705999851226807
YLL036C,YGL187C,0,-0.23656833,0.10042359679937363,0.972000002861023,0.8707000017166138
YAL047C,YIL097W,0,-0.23658207,0.10041322559118271,0.972000002861023,0.8708000183105469
YLL028W,YGL097W,0,-0.2366823,0.10040285438299179,0.972000002861023,0.8708999752998352
YOR202W,YMR154C,0,-0.2367216,0.10039248317480087,0.972000002861023,0.8709999918937683
YNR063W,YKR065C,0,-0.23672816,0.10038211196660995,0.972000002861023,0.8711000084877014
YDR348C,YGL181W,0,-0.23683402,0.10037174820899963,0.972000002861023,0.8712000250816345
YLR405W,YMR113W,0,-0.2369104,0.10036138445138931,0.972000002861023,0.8712999820709229
YDR186C,YML058W,0,-0.23753968,0.10035102069377899,0.972000002861023,0.871399998664856
YJL207C,YNL014W,0,-0.23759493,0.10034066438674927,0.972000002861023,0.8715000152587891
YPL009C,YFL024C,0,-0.23779374,0.10033030807971954,0.972000002861023,0.8715999722480774
YNL299W,YLR399C,0,-0.2378144,0.10031995177268982,0.972000002861023,0.8716999888420105
YAR008W,YNL093W,0,-0.23790261,0.1003095954656601,0.972000002861023,0.8718000054359436
YEL046C,YGL153W,0,-0.23793542,0.10029924660921097,0.972000002861023,0.8719000220298767
YNL315C,YGL099W,0,-0.23795316,0.10028889775276184,0.972000002861023,0.871999979019165
YHL022C,YER006W,0,-0.23796949,0.10027854889631271,0.972000002861023,0.8720999956130981
YKL027W,YIL162W,0,-0.23798078,0.10026820749044418,0.972000002861023,0.8722000122070312
YNL224C,YMR199W,0,-0.2380706,0.10025786608457565,0.972000002861023,0.8723000288009644
YER035W,YLL005C,0,-0.23809162,0.10024752467870712,0.972000002861023,0.8723999857902527
YPL020C,YKR018C,0,-0.23818198,0.10023718327283859,0.972000002861023,0.8725000023841858
YHR042W,YKL065C,0,-0.23831564,0.10022684931755066,0.972000002861023,0.8726000189781189
YNL264C,YLR298C,0,-0.23841938,0.10021651536226273,0.972000002861023,0.8726999759674072
YJR105W,YDR255C,0,-0.23887387,0.10020618885755539,0.972000002861023,0.8727999925613403
YDR016C,YBL067C,0,-0.23917046,0.10019585490226746,0.972000002861023,0.8729000091552734
YLR240W,YGL145W,0,-0.23949042,0.10018552839756012,0.972000002861023,0.8730000257492065
YBR018C,YMR216C,0,-0.23959124,0.10017520189285278,0.972000002861023,0.8730999827384949
YER144C,YBR039W,0,-0.23981938,0.10016488283872604,0.972000002861023,0.873199999332428
YHR216W,YBR056W,0,-0.24000144,0.10015455633401871,0.972000002861023,0.8733000159263611
YDR085C,YGL079W,0,-0.24018726,0.10014423727989197,0.972000002861023,0.8733999729156494
YNR054C,YKR001C,0,-0.24019727,0.10013392567634583,0.972000002861023,0.8734999895095825
YHR062C,YFR044C,0,-0.24021819,0.10012360662221909,0.972000002861023,0.8736000061035156
YML007W,YLR424W,0,-0.24022236,0.10011329501867294,0.972000002861023,0.8737000226974487
YER146W,YMR323W,0,-0.24026251,0.1001029834151268,0.972000002861023,0.8737999796867371
YBR298C,YBR215W,0,-0.24028918,0.10009267926216125,0.972000002861023,0.8738999962806702
YKL071W,YKR025W,0,-0.24031061,0.10008237510919571,0.972000002861023,0.8740000128746033
YGR023W,YBR133C,0,-0.24043149,0.10007207095623016,0.972000002861023,0.8741000294685364
YGR271C-A,YLR095C,0,-0.2405394,0.10006176680326462,0.972000002861023,0.8741999864578247
YIR003W,YHR143W-A,0,-0.24070102,0.10005147010087967,0.972000002861023,0.8743000030517578
YLR410W,YBR288C,0,-0.24071327,0.10004116594791412,0.972000002861023,0.8744000196456909
YIL016W,YGL047W,0,-0.2407786,0.10003087669610977,0.972000002861023,0.8744999766349792
YLR275W,YDR307W,0,-0.24084166,0.10002057999372482,0.972000002861023,0.8745999932289124
YER172C,YDR409W,0,-0.2410365,0.10001029074192047,0.972000002861023,0.8747000098228455
YBR084C-A,YDR506C,0,-0.24117503,0.10000000149011612,0.972000002861023,0.8748000264167786
YGR271C-A,YER170W,0,-0.2413818,0.09998971223831177,0.972000002861023,0.8748999834060669
YDR184C,YFL052W,0,-0.24142936,0.09997943043708801,0.972000002861023,0.875
YPR023C,YPL266W,0,-0.24150398,0.09996914863586426,0.972000002861023,0.8751000165939331
YDL181W,YEL071W,0,-0.24167705,0.0999588668346405,0.972000002861023,0.8751999735832214
YBR280C,YGL008C,0,-0.24170294,0.09994858503341675,0.972000002861023,0.8752999901771545
YJR043C,YPL057C,0,-0.24192652,0.09993831068277359,0.972000002861023,0.8754000067710876
YKR067W,YKR025W,0,-0.24225473,0.09992803633213043,0.972000002861023,0.8755000233650208
YGR183C,YMR231W,0,-0.24236903,0.09991776198148727,0.972000002861023,0.8755999803543091
YNL047C,YLR133W,0,-0.24239174,0.09990749508142471,0.972000002861023,0.8756999969482422
YNL030W,YPL265W,0,-0.24269864,0.09989722818136215,0.972000002861023,0.8758000135421753
YOL033W,YBL018C,0,-0.24272028,0.09988696128129959,0.972000002861023,0.8758999705314636
YDR097C,YJL099W,0,-0.24274379,0.09987669438123703,0.972000002861023,0.8759999871253967
YHR039C,YMR067C,0,-0.24276409,0.09986643493175507,0.972000002861023,0.8761000037193298
YBR201W,YPL057C,0,-0.24280322,0.0998561754822731,0.972000002861023,0.8762000203132629
YOR196C,YPR023C,0,-0.243108,0.09984591603279114,0.972000002861023,0.8762999773025513
YLR297W,YFL034C-A,0,-0.24312961,0.09983566403388977,0.972000002861023,0.8763999938964844
YDR462W,YKL221W,0,-0.24343821,0.0998254045844078,0.972000002861023,0.8765000104904175
YNL169C,YGL187C,0,-0.24348298,0.09981516003608704,0.972000002861023,0.8766000270843506
YJR159W,YKR001C,0,-0.24356216,0.09980490803718567,0.972000002861023,0.8766999840736389
YGR059W,YLR084C,0,-0.24356902,0.0997946634888649,0.972000002861023,0.876800000667572
YMR030W,YKL216W,0,-0.24381408,0.09978441894054413,0.972000002861023,0.8769000172615051
YBR132C,YOR196C,0,-0.24404848,0.09977417439222336,0.972000002861023,0.8769999742507935
YDL226C,YNL053W,0,-0.24447045,0.09976392984390259,0.972000002861023,0.8770999908447266
YOR284W,YLL036C,0,-0.24459717,0.09975369274616241,0.972000002861023,0.8772000074386597
YGL065C,YGR140W,0,-0.2448844,0.09974345564842224,0.972000002861023,0.8773000240325928
YGL156W,YBL009W,0,-0.24492937,0.09973322600126266,0.972000002861023,0.8773999810218811
YHR063C,YDR307W,0,-0.24501985,0.09972298890352249,0.972000002861023,0.8774999976158142
YBR077C,YNL148C,0,-0.24530566,0.09971275925636292,0.972000002861023,0.8776000142097473
YHR016C,YML065W,0,-0.2453506,0.09970253705978394,0.972000002861023,0.8776999711990356
YDR184C,YGR132C,0,-0.2453669,0.09969230741262436,0.972000002861023,0.8777999877929688
YGR172C,YCR097W,0,-0.24560103,0.09968208521604538,0.972000002861023,0.8779000043869019
YNL254C,YCR033W,0,-0.24572703,0.0996718630194664,0.972000002861023,0.878000020980835
YGR090W,YPL057C,0,-0.24575484,0.09966164082288742,0.972000002861023,0.8780999779701233
YOR371C,YLR405W,0,-0.24579227,0.09965142607688904,0.972000002861023,0.8781999945640564
YEL077C,YFL003C,0,-0.24602118,0.09964121133089066,0.972000002861023,0.8783000111579895
YPL088W,YPL069C,0,-0.24612531,0.09963099658489227,0.972000002861023,0.8784000277519226
YJR043C,YHR121W,0,-0.24654087,0.09962078183889389,0.972000002861023,0.8784999847412109
YNR069C,YNL099C,0,-0.24654448,0.0996105745434761,0.972000002861023,0.878600001335144
YIL105C,YOR188W,0,-0.24654943,0.09960036724805832,0.972000002861023,0.8787000179290771
YIL099W,YOR312C,0,-0.24657372,0.09959016740322113,0.972000002861023,0.8787999749183655
YOR173W,YKL152C,0,-0.24659672,0.09957996010780334,0.972000002861023,0.8788999915122986
YLR135W,YOL113W,0,-0.2466467,0.09956976026296616,0.972000002861023,0.8790000081062317
YEL009C,YPL181W,0,-0.24669427,0.09955956041812897,0.972000002861023,0.8791000247001648
YML024W,YKL221W,0,-0.24689627,0.09954936802387238,0.972000002861023,0.8791999816894531
YNR073C,YEL071W,0,-0.24696323,0.09953916817903519,0.972000002861023,0.8792999982833862
YMR104C,YNL075W,0,-0.24721721,0.0995289757847786,0.972000002861023,0.8794000148773193
YOR115C,YBL046W,0,-0.24738023,0.0995187908411026,0.972000002861023,0.8794999718666077
YLR262C,YPL008W,0,-0.24759886,0.09950859844684601,0.972000002861023,0.8795999884605408
YGL011C,YPL030W,0,-0.2478813,0.09949841350317001,0.972000002861023,0.8797000050544739
YJR002W,YDR480W,0,-0.2479502,0.09948822855949402,0.972000002861023,0.879800021648407
YNL148C,YPR140W,0,-0.24811974,0.09947804361581802,0.972000002861023,0.8798999786376953
YHR019C,YDR291W,0,-0.24814904,0.09946786612272263,0.972000002861023,0.8799999952316284
YNL264C,YGR163W,0,-0.24830481,0.09945768862962723,0.972000002861023,0.8801000118255615
YER183C,YDR001C,0,-0.24837422,0.09944751113653183,0.972000002861023,0.8802000284194946
YDR191W,YML111W,0,-0.2484419,0.09943734109401703,0.972000002861023,0.880299985408783
YMR014W,YNL083W,0,-0.24853933,0.09942717105150223,0.972000002861023,0.8804000020027161
YJR067C,YNL305C,0,-0.24860409,0.09941700100898743,0.972000002861023,0.8805000185966492
YER146W,YKR039W,0,-0.24861589,0.09940683096647263,0.972000002861023,0.8805999755859375
YDL194W,YOL021C,0,-0.24891892,0.09939666837453842,0.972000002861023,0.8806999921798706
YCL038C,YGL029W,0,-0.24896643,0.09938650578260422,0.972000002861023,0.8808000087738037
YDR191W,YOR171C,0,-0.24939331,0.09937634319067001,0.972000002861023,0.8809000253677368
YHL022C,YGR198W,0,-0.24943253,0.09936618059873581,0.972000002861023,0.8809999823570251
YGR049W,YPL232W,0,-0.24943832,0.0993560254573822,0.972000002861023,0.8810999989509583
YHL007C,YIR013C,0,-0.24944082,0.0993458703160286,0.972000002861023,0.8812000155448914
YCR079W,YIL073C,0,-0.2497249,0.09933571517467499,0.972000002861023,0.8812999725341797
YHR112C,YOR371C,0,-0.24973187,0.09932556748390198,0.972000002861023,0.8813999891281128
YMR030W,YOL041C,0,-0.2497594,0.09931541979312897,0.972000002861023,0.8815000057220459
YBR084C-A,YGR067C,0,-0.25018978,0.09930527210235596,0.972000002861023,0.881600022315979
YKL084W,YMR060C,0,-0.2503981,0.09929512441158295,0.972000002861023,0.8816999793052673
YDR363W,YHR128W,0,-0.25039962,0.09928498417139053,0.972000002861023,0.8817999958992004
YIL158W,YPL190C,0,-0.2506318,0.09927484393119812,0.972000002861023,0.8819000124931335
YBR014C,YLR399C,0,-0.2507309,0.0992647036910057,0.972000002861023,0.8820000290870667
YBR133C,YMR030W,0,-0.250778,0.09925457090139389,0.972000002861023,0.882099986076355
YDL156W,YDR208W,0,-0.2507878,0.09924443811178207,0.972000002861023,0.8822000026702881
YPL275W,YJL138C,0,-0.25080082,0.09923430532217026,0.972000002861023,0.8823000192642212
YGL043W,YBR044C,0,-0.2508709,0.09922417253255844,0.972000002861023,0.8823999762535095
YKR010C,YLR369W,0,-0.250979,0.09921404719352722,0.972000002861023,0.8824999928474426
YJR044C,YML010W,0,-0.25103417,0.099203921854496,0.972000002861023,0.8826000094413757
YBL050W,YFL034C-A,0,-0.25119957,0.09919379651546478,0.972000002861023,0.8827000260353088
YGR049W,YDR506C,0,-0.25122106,0.09918367117643356,0.972000002861023,0.8827999830245972
YIL162W,YML093W,0,-0.2515719,0.09917355328798294,0.972000002861023,0.8828999996185303
YOR196C,YLR089C,0,-0.2516984,0.09916343539953232,0.972000002861023,0.8830000162124634
YDL153C,YMR244C-A,0,-0.25175962,0.0991533175110817,0.972000002861023,0.8830999732017517
YDR488C,YBR227C,0,-0.25231755,0.09914320707321167,0.972000002861023,0.8831999897956848
YLR388W,YPR201W,0,-0.25244465,0.09913309663534164,0.972000002861023,0.8833000063896179
YOL119C,YGR074W,0,-0.25261396,0.09912298619747162,0.972000002861023,0.883400022983551
YNL124W,YDL044C,0,-0.252938,0.09911287575960159,0.972000002861023,0.8834999799728394
YNR073C,YDL222C,0,-0.2529478,0.09910277277231216,0.972000002861023,0.8835999965667725
YKL049C,YOL001W,0,-0.25301713,0.09909266978502274,0.972000002861023,0.8837000131607056
YLR240W,YNL082W,0,-0.25325257,0.0990825667977333,0.972000002861023,0.8838000297546387
YGL029W,YLR089C,0,-0.25358233,0.09907247126102448,0.972000002861023,0.883899986743927
YNL222W,YJR161C,0,-0.25371107,0.09906237572431564,0.972000002861023,0.8840000033378601
YHR039C,YLR449W,0,-0.2537131,0.09905228018760681,0.972000002861023,0.8841000199317932
YDL126C,YGR096W,0,-0.25393507,0.09904218465089798,0.972000002861023,0.8841999769210815
YKL188C,YPL227C,0,-0.2539789,0.09903209656476974,0.972000002861023,0.8842999935150146
YIL066C,YBR179C,0,-0.25419423,0.09902200847864151,0.972000002861023,0.8844000101089478
YML130C,YKR065C,0,-0.25436878,0.09901192039251328,0.972000002861023,0.8845000267028809
YBR021W,YDL236W,0,-0.25438306,0.09900183230638504,0.972000002861023,0.8845999836921692
YPR101W,YGL181W,0,-0.25459316,0.0989917516708374,0.972000002861023,0.8847000002861023
YGL011C,YLL036C,0,-0.25468466,0.09898167103528976,0.972000002861023,0.8848000168800354
YIR021W,YOR030W,0,-0.25490993,0.09897159039974213,0.972000002861023,0.8848999738693237
YPL227C,YDR214W,0,-0.25497496,0.09896151721477509,0.972000002861023,0.8849999904632568
YDR541C,YHR178W,0,-0.25501546,0.09895144402980804,0.972000002861023,0.8851000070571899
YHR050W,YJL122W,0,-0.2551797,0.098941370844841,0.972000002861023,0.885200023651123
YLR423C,YGR172C,0,-0.25554562,0.09893129765987396,0.972000002861023,0.8852999806404114
YNL254C,YHR026W,0,-0.25576407,0.09892123192548752,0.972000002861023,0.8853999972343445
YHR187W,YMR271C,0,-0.25577602,0.09891116619110107,0.972000002861023,0.8855000138282776
YER078C,YER042W,0,-0.25577906,0.09890110045671463,0.972000002861023,0.8855999708175659
YCL011C,YLL054C,0,-0.25595897,0.09889103472232819,0.972000002861023,0.885699987411499
YOR035C,YBR106W,0,-0.25618395,0.09888097643852234,0.972000002861023,0.8858000040054321
YMR154C,YGL175C,0,-0.25631902,0.09887091815471649,0.972000002861023,0.8859000205993652
YBR133C,YDR001C,0,-0.25635055,0.09886085987091064,0.972000002861023,0.8859999775886536
YLR274W,YOR141C,0,-0.25654277,0.0988508090376854,0.972000002861023,0.8860999941825867
YIL016W,YCR079W,0,-0.2565898,0.09884075820446014,0.972000002861023,0.8862000107765198
YPL029W,YOR028C,0,-0.25687182,0.0988307073712349,0.972000002861023,0.8863000273704529
YGR220C,YFR001W,1,-0.25694254,0.09892232716083527,0.9729999899864197,0.8863000273704529
YPR145W,YDR293C,0,-0.25697383,0.09891226887702942,0.9729999899864197,0.8863999843597412
YDR462W,YLR210W,0,-0.25716877,0.09890221804380417,0.9729999899864197,0.8865000009536743
YDR147W,YER004W,0,-0.25720644,0.09889216721057892,0.9729999899864197,0.8866000175476074
YLR320W,YNR032W,0,-0.2573185,0.09888211637735367,0.9729999899864197,0.8866999745368958
YKL092C,YPL108W,0,-0.25735387,0.09887206554412842,0.9729999899864197,0.8867999911308289
YKL055C,YGL008C,0,-0.25738996,0.09886202216148376,0.9729999899864197,0.886900007724762
YMR268C,YJL100W,0,-0.25781277,0.09885197877883911,0.9729999899864197,0.8870000243186951
YJL010C,YGR247W,0,-0.25785086,0.09884193539619446,0.9729999899864197,0.8870999813079834
YOL006C,YHR152W,0,-0.2579347,0.0988318920135498,0.9729999899864197,0.8871999979019165
YOL091W,YIR028W,0,-0.2580859,0.09882185608148575,0.9729999899864197,0.8873000144958496
YBL097W,YCR083W,0,-0.25836614,0.09881182014942169,0.9729999899864197,0.8873999714851379
YCL011C,YGR098C,0,-0.25842637,0.09880178421735764,0.9729999899864197,0.887499988079071
YOR141C,YOR312C,0,-0.25849372,0.09879175573587418,0.9729999899864197,0.8876000046730042
YPL170W,YML072C,0,-0.2585138,0.09878172725439072,0.9729999899864197,0.8877000212669373
YGL121C,YHR094C,0,-0.2585313,0.09877169877290726,0.9729999899864197,0.8877999782562256
YIR013C,YOR293W,0,-0.25884703,0.0987616702914238,0.9729999899864197,0.8878999948501587
YPL057C,YER094C,0,-0.2589006,0.09875164926052094,0.9729999899864197,0.8880000114440918
YBR077C,YBL100W-A,0,-0.25897458,0.09874162822961807,0.9729999899864197,0.8881000280380249
YGR220C,YDL031W,1,-0.25909105,0.09883307665586472,0.9739999771118164,0.8881000280380249
YPL032C,YMR068W,0,-0.25937778,0.09882305562496185,0.9739999771118164,0.8881999850273132
YJR113C,YIL073C,0,-0.2593931,0.0988130271434784,0.9739999771118164,0.8883000016212463
YOR007C,YBR083W,0,-0.25997734,0.09880300611257553,0.9739999771118164,0.8884000182151794
YHR094C,YDL058W,0,-0.26001218,0.09879297763109207,0.9739999771118164,0.8884999752044678
YGR227W,YKL139W,0,-0.26011544,0.0987829640507698,0.9739999771118164,0.8885999917984009
YJL010C,YLR393W,0,-0.26038286,0.09877294301986694,0.9739999771118164,0.888700008392334
YHL013C,YNL265C,0,-0.26057097,0.09876292943954468,0.9739999771118164,0.8888000249862671
YHR216W,YJL159W,0,-0.26075736,0.09875291585922241,0.9739999771118164,0.8888999819755554
YNL275W,YPL012W,0,-0.2608455,0.09874290227890015,0.9739999771118164,0.8889999985694885
YML025C,YBR267W,1,-0.260962,0.09883426129817963,0.9750000238418579,0.8889999985694885
YER054C,YOR153W,0,-0.26100028,0.09882424771785736,0.9750000238418579,0.8891000151634216
YJL115W,YGL054C,0,-0.2610047,0.0988142266869545,0.9750000238418579,0.88919997215271
YPL032C,YPR025C,0,-0.26123717,0.09880421310663223,0.9750000238418579,0.8892999887466431
YBR179C,YOL001W,0,-0.26124296,0.09879420697689056,0.9750000238418579,0.8894000053405762
YDR522C,YJR002W,0,-0.2612836,0.0987841933965683,0.9750000238418579,0.8895000219345093
YLR310C,YMR305C,0,-0.26154444,0.09877418726682663,0.9750000238418579,0.8895999789237976
YDR385W,YNL093W,0,-0.26164865,0.09876418113708496,0.9750000238418579,0.8896999955177307
YGR038W,YDR043C,0,-0.26183364,0.09875417500734329,0.9750000238418579,0.8898000121116638
YDR006C,YLR035C,0,-0.2621294,0.09874417632818222,0.9750000238418579,0.8899000287055969
YPL023C,YGL234W,0,-0.26216498,0.09873417764902115,0.9750000238418579,0.8899999856948853
YDR338C,YIR022W,0,-0.2621926,0.09872417896986008,0.9750000238418579,0.8901000022888184
YMR058W,YJL100W,0,-0.26254067,0.0987141877412796,0.9750000238418579,0.8902000188827515
YGL001C,YLR117C,0,-0.2625907,0.09870418906211853,0.9750000238418579,0.8902999758720398
YLR057W,YLR178C,0,-0.26268202,0.09869419783353806,0.9750000238418579,0.8903999924659729
YPR104C,YGR038W,0,-0.2629179,0.09868421405553818,0.9750000238418579,0.890500009059906
YLR378C,YGR132C,0,-0.2631096,0.0986742228269577,0.9750000238418579,0.8906000256538391
YCR028C-A,YKL065C,0,-0.2631151,0.09866423904895782,0.9750000238418579,0.8906999826431274
YPL072W,YNL148C,0,-0.26326331,0.09865425527095795,0.9750000238418579,0.8907999992370605
YGL017W,YPL081W,0,-0.26380205,0.09864427149295807,0.9750000238418579,0.8909000158309937
YNL305C,YBR008C,0,-0.2638959,0.09863429516553879,0.9750000238418579,0.890999972820282
YGL032C,YMR271C,0,-0.26393968,0.0986243188381195,0.9750000238418579,0.8910999894142151
YER146W,YOR329C,0,-0.2639663,0.09861434251070023,0.9750000238418579,0.8912000060081482
YIL082W-A,YGL234W,0,-0.26416412,0.09860436618328094,0.9750000238418579,0.8913000226020813
YBR088C,YNL225C,0,-0.2643472,0.09859439730644226,0.9750000238418579,0.8913999795913696
YMR052W,YHR084W,0,-0.26434952,0.09858442842960358,0.9750000238418579,0.8914999961853027
YPL249C-A,YNR069C,0,-0.26439178,0.09857445955276489,0.9750000238418579,0.8916000127792358
YIR007W,YGL012W,0,-0.26470834,0.0985644981265068,0.9750000238418579,0.891700029373169
YKL049C,YMR164C,0,-0.26497602,0.09855453670024872,0.9750000238418579,0.8917999863624573
YHR121W,YNR075W,0,-0.26517445,0.09854457527399063,0.9750000238418579,0.8919000029563904
YML093W,YDR237W,0,-0.26521215,0.09853461384773254,0.9750000238418579,0.8920000195503235
YDR171W,YGL012W,0,-0.26526394,0.09852465987205505,0.9750000238418579,0.8920999765396118
YDR225W,YPL024W,0,-0.265301,0.09851469844579697,0.9750000238418579,0.8921999931335449
YLR128W,YJL092W,0,-0.26548776,0.09850475192070007,0.9750000238418579,0.892300009727478
YFL016C,YFL002C,0,-0.2654901,0.09849479794502258,0.9750000238418579,0.8924000263214111
YPL187W,YDL222C,0,-0.265498,0.09848485141992569,0.9750000238418579,0.8924999833106995
YKL091C,YOR033C,0,-0.26551303,0.0984749048948288,0.9750000238418579,0.8925999999046326
YGR128C,YLR133W,0,-0.2662451,0.0984649583697319,0.9750000238418579,0.8927000164985657
YIR003W,YJL076W,0,-0.26648828,0.09845501184463501,0.9750000238418579,0.892799973487854
YDR432W,YCL026C-A,0,-0.2665177,0.09844507277011871,0.9750000238418579,0.8928999900817871
YGR220C,YLR448W,1,-0.26653823,0.09853609651327133,0.9760000109672546,0.8928999900817871
YIL091C,YGL160W,0,-0.26654503,0.09852614253759384,0.9760000109672546,0.8930000066757202
YIL063C,YGL234W,0,-0.26654842,0.09851620346307755,0.9760000109672546,0.8931000232696533
YDR312W,YOR150W,1,-0.26658437,0.09860718250274658,0.9769999980926514,0.8931000232696533
YNL099C,YLR319C,0,-0.26705977,0.09859723597764969,0.9769999980926514,0.8931999802589417
YNL321W,YER183C,0,-0.2672348,0.0985872820019722,0.9769999980926514,0.8932999968528748
YOR056C,YDR522C,0,-0.26748988,0.0985773354768753,0.9769999980926514,0.8934000134468079
YJL151C,YHR141C,0,-0.2675502,0.09856739640235901,0.9769999980926514,0.8934999704360962
YGR090W,YDL159W,0,-0.26783738,0.09855744987726212,0.9769999980926514,0.8935999870300293
YKL071W,YPL255W,0,-0.26818874,0.09854751080274582,0.9769999980926514,0.8937000036239624
YIL082W-A,YNL014W,0,-0.26837647,0.09853757172822952,0.9769999980926514,0.8938000202178955
YFL018C,YOR125C,0,-0.26837772,0.09852763265371323,0.9769999980926514,0.8938999772071838
YML066C,YPR004C,0,-0.26842067,0.09851769357919693,0.9769999980926514,0.8939999938011169
YDR462W,YIL085C,0,-0.26855138,0.09850776195526123,0.9769999980926514,0.89410001039505
YFR046C,YMR121C,0,-0.2686628,0.09849783033132553,0.9769999980926514,0.8942000269889832
YER042W,YNL177C,0,-0.2689816,0.09848790615797043,0.9769999980926514,0.8942999839782715
YMR236W,YFL003C,0,-0.26899308,0.09847797453403473,0.9769999980926514,0.8944000005722046
YDR385W,YLR393W,0,-0.26902756,0.09846805036067963,0.9769999980926514,0.8945000171661377
YGR220C,YLL008W,1,-0.26907936,0.09855890274047852,0.9779999852180481,0.8945000171661377
YNR023W,YNR036C,0,-0.2691308,0.09854897111654282,0.9779999852180481,0.894599974155426
YKL221W,YJL122W,0,-0.26920423,0.09853903949260712,0.9779999852180481,0.8946999907493591
YER183C,YJL093C,0,-0.26922706,0.09852911531925201,0.9779999852180481,0.8948000073432922
YJR129C,YML072C,0,-0.26943374,0.09851919114589691,0.9779999852180481,0.8949000239372253
YIR013C,YBR239C,0,-0.26945242,0.09850926697254181,0.9779999852180481,0.8949999809265137
YER035W,YML075C,0,-0.26964033,0.0984993427991867,0.9779999852180481,0.8950999975204468
YMR162C,YEL047C,0,-0.26974866,0.0984894260764122,0.9779999852180481,0.8952000141143799
YGL250W,YJL115W,0,-0.2700115,0.0984795093536377,0.9779999852180481,0.8952999711036682
YFR051C,YOR307C,0,-0.2700226,0.09846959263086319,0.9779999852180481,0.8953999876976013
YGL043W,YMR231W,0,-0.27035818,0.09845968335866928,0.9779999852180481,0.8955000042915344
YNL090W,YLR064W,0,-0.27036753,0.09844976663589478,0.9779999852180481,0.8956000208854675
YMR014W,YPL003W,0,-0.27088112,0.09843985736370087,0.9779999852180481,0.8956999778747559
YFR051C,YBR152W,0,-0.2709835,0.09842994809150696,0.9779999852180481,0.895799994468689
YCL011C,YDR540C,0,-0.27117115,0.09842004626989365,0.9779999852180481,0.8959000110626221
YGR209C,YPR009W,0,-0.27120838,0.09841014444828033,0.9779999852180481,0.8960000276565552
YMR104C,YKL084W,0,-0.2712414,0.09840024262666702,0.9779999852180481,0.8960999846458435
YBR235W,YNL090W,0,-0.27166975,0.09839034080505371,0.9779999852180481,0.8962000012397766
YKR067W,YLR319C,0,-0.27185944,0.098380446434021,0.9779999852180481,0.8963000178337097
YOR231W,YLR110C,0,-0.27203658,0.09837055206298828,0.9779999852180481,0.896399974822998
YNR054C,YLR116W,0,-0.2720777,0.09836065769195557,0.9779999852180481,0.8964999914169312
YBR227C,YPL046C,0,-0.2722289,0.09835076332092285,0.9779999852180481,0.8966000080108643
YIL099W,YDR267C,0,-0.2722471,0.09834087640047073,0.9779999852180481,0.8967000246047974
YLR274W,YBL066C,0,-0.27229604,0.09833098948001862,0.9779999852180481,0.8967999815940857
YPL088W,YGR098C,0,-0.27231207,0.0983211025595665,0.9779999852180481,0.8968999981880188
YOR178C,YLR210W,0,-0.27265367,0.09831121563911438,0.9779999852180481,0.8970000147819519
YDL193W,YKR025W,0,-0.27272502,0.09830133616924286,0.9779999852180481,0.8970999717712402
YLR297W,YKR025W,0,-0.2730159,0.09829145669937134,0.9779999852180481,0.8971999883651733
YPL081W,YBR068C,0,-0.2732598,0.09828157722949982,0.9779999852180481,0.8973000049591064
YPR124W,YMR305C,0,-0.2734525,0.09827170521020889,0.9779999852180481,0.8974000215530396
YHR084W,YNL270C,0,-0.2734639,0.09826183319091797,0.9779999852180481,0.8974999785423279
YMR135C,YPR004C,0,-0.27357364,0.09825196117162704,0.9779999852180481,0.897599995136261
YOR153W,YJL100W,0,-0.27365705,0.09824208915233612,0.9779999852180481,0.8977000117301941
YML007W,YOR375C,0,-0.27368727,0.0982322245836258,0.9779999852180481,0.8978000283241272
YBR293W,YDL044C,0,-0.27369913,0.09822235256433487,0.9779999852180481,0.8978999853134155
YDR255C,YML065W,0,-0.27375007,0.09821249544620514,0.9779999852180481,0.8980000019073486
YGR249W,YPL046C,0,-0.2738727,0.09820263087749481,0.9779999852180481,0.8981000185012817
YKL146W,YPL212C,0,-0.274038,0.09819277375936508,0.9779999852180481,0.8981999754905701
YJL151C,YNL075W,0,-0.27411574,0.09818291664123535,0.9779999852180481,0.8982999920845032
YNL323W,YBR070C,0,-0.27413896,0.09817305952310562,0.9779999852180481,0.8984000086784363
YBL099W,YKL216W,0,-0.27424988,0.09816320240497589,0.9779999852180481,0.8985000252723694
YIL162W,YDR037W,0,-0.2746255,0.09815335273742676,0.9779999852180481,0.8985999822616577
YHR091C,YOR083W,0,-0.27463424,0.09814350306987762,0.9779999852180481,0.8986999988555908
YFL034C-B,YDR171W,0,-0.27474073,0.09813365340232849,0.9779999852180481,0.8988000154495239
YGL166W,YML026C,0,-0.2748144,0.09812381118535995,0.9779999852180481,0.8988999724388123
YHR079C-A,YNL315C,0,-0.27484423,0.09811396151781082,0.9779999852180481,0.8989999890327454
YGR132C,YLR022C,0,-0.2748957,0.09810411930084229,0.9779999852180481,0.8991000056266785
YGR148C,YHR091C,0,-0.27490476,0.09809428453445435,0.9779999852180481,0.8992000222206116
YGR257C,YNL075W,0,-0.2751684,0.09808444231748581,0.9779999852180481,0.8992999792098999
YHR063C,YPL270W,0,-0.27529773,0.09807460755109787,0.9779999852180481,0.899399995803833
YLR320W,YCR088W,0,-0.27542078,0.09806477278470993,0.9779999852180481,0.8995000123977661
YBR298C,YLR022C,0,-0.27556354,0.09805494546890259,0.9779999852180481,0.8996000289916992
YGL055W,YEL047C,0,-0.27571565,0.09804511070251465,0.9779999852180481,0.8996999859809875
YHR032W,YGL150C,0,-0.2757825,0.0980352833867073,0.9779999852180481,0.8998000025749207
YNL126W,YHR104W,0,-0.27594504,0.09802545607089996,0.9779999852180481,0.8999000191688538
YAR071W,YHR152W,0,-0.2762474,0.09801563620567322,0.9779999852180481,0.8999999761581421
YGL133W,YNL030W,0,-0.27630755,0.09800580888986588,0.9779999852180481,0.9000999927520752
YLR342W,YMR104C,0,-0.27670228,0.09799598902463913,0.9779999852180481,0.9002000093460083
YGR256W,YIL114C,0,-0.2767194,0.09798617660999298,0.9779999852180481,0.9003000259399414
YGR087C,YHR152W,0,-0.27672926,0.09797635674476624,0.9779999852180481,0.9003999829292297
YBR077C,YJL050W,0,-0.27685413,0.09796654433012009,0.9779999852180481,0.9004999995231628
YJL002C,YOR028C,0,-0.27685818,0.09795673191547394,0.9779999852180481,0.900600016117096
YFL009W,YKL137W,0,-0.27691975,0.09794691950082779,0.9779999852180481,0.9006999731063843
YHR216W,YHR123W,0,-0.27697754,0.09793711453676224,0.9779999852180481,0.9007999897003174
YOL016C,YER073W,0,-0.27702835,0.09792730212211609,0.9779999852180481,0.9009000062942505
YDR349C,YDR085C,0,-0.2775291,0.09791750460863113,0.9779999852180481,0.9010000228881836
YMR011W,YNL241C,0,-0.27758086,0.09790769964456558,0.9779999852180481,0.9010999798774719
YBR203W,YDL042C,0,-0.27795574,0.09789789468050003,0.9779999852180481,0.901199996471405
YKR022C,YPL124W,0,-0.2779638,0.09788809716701508,0.9779999852180481,0.9013000130653381
YIL050W,YPL192C,0,-0.2781134,0.09787829965353012,0.9779999852180481,0.9014000296592712
YBL006C,YDR255C,0,-0.2783257,0.09786850959062576,0.9779999852180481,0.9014999866485596
YDL188C,YIR035C,0,-0.27852976,0.09785871207714081,0.9779999852180481,0.9016000032424927
YGL121C,YOR017W,0,-0.27856436,0.09784892201423645,0.9779999852180481,0.9017000198364258
YOR115C,YPL057C,0,-0.27860785,0.09783913195133209,0.9779999852180481,0.9017999768257141
YOR255W,YGR280C,0,-0.2786309,0.09782934933900833,0.9779999852180481,0.9018999934196472
YIL023C,YHL033C,0,-0.2787893,0.09781956672668457,0.9779999852180481,0.9020000100135803
YMR266W,YNR032W,0,-0.27884457,0.09780978411436081,0.9779999852180481,0.9021000266075134
YBL016W,YBR227C,0,-0.2790834,0.09780000150203705,0.9779999852180481,0.9021999835968018
YDR294C,YBR021W,0,-0.27914956,0.09779021888971329,0.9779999852180481,0.9023000001907349
YIL085C,YDR522C,0,-0.2793953,0.09778044372797012,0.9779999852180481,0.902400016784668
YDL042C,YJL020C,0,-0.27944165,0.09777066856622696,0.9779999852180481,0.9024999737739563
YDR104C,YGL054C,0,-0.27949634,0.0977608934044838,0.9779999852180481,0.9025999903678894
YIR007W,YLR210W,0,-0.27957687,0.09775112569332123,0.9779999852180481,0.9027000069618225
YEL011W,YDR409W,0,-0.2796236,0.09774135798215866,0.9779999852180481,0.9028000235557556
YLR376C,YNL220W,0,-0.27962533,0.0977315902709961,0.9779999852180481,0.902899980545044
YPL256C,YNL225C,0,-0.27964193,0.09772182255983353,0.9779999852180481,0.902999997138977
YML066C,YGL048C,0,-0.28006056,0.09771206229925156,0.9779999852180481,0.9031000137329102
YKL221W,YML001W,0,-0.28012776,0.09770229458808899,0.9779999852180481,0.9031999707221985
YGR203W,YJL050W,0,-0.28022066,0.09769254177808762,0.9779999852180481,0.9032999873161316
YJL051W,YMR134W,0,-0.2802959,0.09768278151750565,0.9779999852180481,0.9034000039100647
YER006W,YOR130C,0,-0.28032044,0.09767302870750427,0.9779999852180481,0.9035000205039978
YDR202C,YOR083W,0,-0.28033456,0.0976632684469223,0.9779999852180481,0.9035999774932861
YCL033C,YLR355C,0,-0.2803509,0.09765352308750153,0.9779999852180481,0.9036999940872192
YIL049W,YJL207C,0,-0.2803746,0.09764377027750015,0.9779999852180481,0.9038000106811523
YGR287C,YNL090W,0,-0.28048107,0.09763402491807938,0.9779999852180481,0.9039000272750854
YBL006C,YHR178W,0,-0.28088948,0.0976242795586586,0.9779999852180481,0.9039999842643738
YEL046C,YOR153W,0,-0.28090963,0.09761453419923782,0.9779999852180481,0.9041000008583069
YBR127C,YIL122W,0,-0.28106537,0.09760478883981705,0.9779999852180481,0.90420001745224
YHR062C,YPR121W,0,-0.28108776,0.09759505093097687,0.9779999852180481,0.9042999744415283
YNL069C,YER170W,0,-0.2812898,0.09758531302213669,0.9779999852180481,0.9043999910354614
YPL164C,YGR041W,0,-0.2813779,0.09757557511329651,0.9779999852180481,0.9045000076293945
YLL039C,YJL050W,0,-0.28145117,0.09756584465503693,0.9779999852180481,0.9046000242233276
YJL010C,YOR256C,0,-0.2817096,0.09755610674619675,0.9779999852180481,0.904699981212616
YGL150C,YLL010C,0,-0.2818417,0.09754637628793716,0.9779999852180481,0.9047999978065491
YGL099W,YNL270C,0,-0.2819387,0.09753665328025818,0.9779999852180481,0.9049000144004822
YMR058W,YPL192C,0,-0.28202385,0.0975269228219986,0.9779999852180481,0.9049999713897705
YGL055W,YGR206W,0,-0.2821847,0.09751719981431961,0.9779999852180481,0.9050999879837036
YLR205C,YDR354W,0,-0.28221336,0.09750747680664062,0.9779999852180481,0.9052000045776367
YML114C,YPL265W,0,-0.2822424,0.09749775379896164,0.9779999852180481,0.9053000211715698
YPL072W,YIL114C,0,-0.2824037,0.09748803824186325,0.9779999852180481,0.9053999781608582
YLR051C,YDR237W,0,-0.28247586,0.09747832268476486,0.9779999852180481,0.9054999947547913
YDR156W,YCR083W,0,-0.28256637,0.09746860712766647,0.9779999852180481,0.9056000113487244
YGL150C,YHR026W,0,-0.28284863,0.09745889157056808,0.9779999852180481,0.9057000279426575
YJL091C,YBR068C,0,-0.2832024,0.09744918346405029,0.9779999852180481,0.9057999849319458
YDL052C,YMR161W,0,-0.2832066,0.0974394753575325,0.9779999852180481,0.9059000015258789
YDL132W,YGL166W,0,-0.28342932,0.09742976725101471,0.9779999852180481,0.906000018119812
YMR104C,YML065W,0,-0.28357023,0.09742005914449692,0.9779999852180481,0.9060999751091003
YLR307W,YOR360C,0,-0.28370562,0.09741035848855972,0.9779999852180481,0.9061999917030334
YLR174W,YKL120W,0,-0.2837286,0.09740065783262253,0.9779999852180481,0.9063000082969666
YHL022C,YKL127W,0,-0.28384247,0.09739095717668533,0.9779999852180481,0.9064000248908997
YOL128C,YNL082W,0,-0.28387102,0.09738126397132874,0.9779999852180481,0.906499981880188
YHR003C,YLR216C,0,-0.2838898,0.09737156331539154,0.9779999852180481,0.9065999984741211
YNR036C,YDL058W,0,-0.28428248,0.09736187011003494,0.9779999852180481,0.9067000150680542
YKR067W,YNL272C,0,-0.284314,0.09735217690467834,0.9779999852180481,0.9067999720573425
YKR010C,YHR091C,0,-0.28443062,0.09734249114990234,0.9779999852180481,0.9068999886512756
YPL270W,YNL220W,0,-0.28450236,0.09733280539512634,0.9779999852180481,0.9070000052452087
YDR294C,YPL128C,0,-0.2845397,0.09732311964035034,0.9779999852180481,0.9071000218391418
YLR340W,YNL252C,0,-0.28479257,0.09731343388557434,0.9779999852180481,0.9071999788284302
YPL012W,YMR067C,0,-0.28503767,0.09730374813079834,0.9779999852180481,0.9072999954223633
YDR294C,YJL076W,0,-0.2851118,0.09729406982660294,0.9779999852180481,0.9074000120162964
YPL009C,YDR198C,0,-0.2852501,0.09728439152240753,0.9779999852180481,0.9075000286102295
YML123C,YPL084W,0,-0.2855309,0.09727471321821213,0.9779999852180481,0.9075999855995178
YDR123C,YGR013W,0,-0.2856032,0.09726504236459732,0.9779999852180481,0.9077000021934509
YDL194W,YMR113W,0,-0.2858247,0.09725537151098251,0.9779999852180481,0.907800018787384
YEL026W,YGL047W,0,-0.2865639,0.0972457006573677,0.9779999852180481,0.9078999757766724
YMR190C,YNL220W,0,-0.28664404,0.0972360298037529,0.9779999852180481,0.9079999923706055
YDL005C,YGL022W,0,-0.28667593,0.09722636640071869,0.9779999852180481,0.9081000089645386
YPR023C,YMR260C,0,-0.28681186,0.09721670299768448,0.9779999852180481,0.9082000255584717
YPR094W,YGR195W,0,-0.28684548,0.09720703959465027,0.9779999852180481,0.90829998254776
YBR018C,YBR104W,0,-0.28697377,0.09719737619161606,0.9779999852180481,0.9083999991416931
YGL160W,YCL020W,0,-0.28704444,0.09718772023916245,0.9779999852180481,0.9085000157356262
YDL193W,YKR039W,0,-0.28729346,0.09717805683612823,0.9779999852180481,0.9085999727249146
YOL039W,YOR007C,0,-0.28764167,0.09716840833425522,0.9779999852180481,0.9086999893188477
YGR085C,YGR220C,1,-0.28770915,0.09725809842348099,0.9789999723434448,0.9086999893188477
YCL030C,YKL012W,0,-0.28831425,0.09724843502044678,0.9789999723434448,0.9088000059127808
YKL152C,YOR178C,0,-0.28839695,0.09723877906799316,0.9789999723434448,0.9089000225067139
YIL105C,YNL030W,0,-0.28853443,0.09722911566495895,0.9789999723434448,0.9089999794960022
YER144C,YDR450W,0,-0.2885585,0.09721946716308594,0.9789999723434448,0.9090999960899353
YNR032W,YMR231W,0,-0.28865653,0.09720981121063232,0.9789999723434448,0.9092000126838684
YER118C,YMR154C,0,-0.28972802,0.09720015525817871,0.9789999723434448,0.9093000292778015
YIL099W,YDR225W,0,-0.29003933,0.0971905067563057,0.9789999723434448,0.9093999862670898
YOR234C,YIL157C,0,-0.29008642,0.09718085825443268,0.9789999723434448,0.909500002861023
YMR277W,YKL157W,0,-0.29026335,0.09717121720314026,0.9789999723434448,0.909600019454956
YLR119W,YDL236W,0,-0.29027596,0.09716156870126724,0.9789999723434448,0.9096999764442444
YPL088W,YBR088C,0,-0.29033902,0.09715192764997482,0.9789999723434448,0.9097999930381775
YGR152C,YOR336W,0,-0.29043478,0.0971422865986824,0.9789999723434448,0.9099000096321106
YLR144C,YDL004W,0,-0.29081875,0.09713265299797058,0.9789999723434448,0.9100000262260437
YPR023C,YOR073W,0,-0.2908453,0.09712301939725876,0.9789999723434448,0.910099983215332
YGL255W,YHR124W,0,-0.2908853,0.09711337834596634,0.9789999723434448,0.9101999998092651
YPR029C,YLR051C,0,-0.29099676,0.09710375219583511,0.9789999723434448,0.9103000164031982
YKR081C,YDR338C,0,-0.29104483,0.09709411859512329,0.9789999723434448,0.9103999733924866
YGL224C,YNL009W,0,-0.2914594,0.09708449244499207,0.9789999723434448,0.9104999899864197
YKL127W,YOR028C,0,-0.29150155,0.09707486629486084,0.9789999723434448,0.9106000065803528
YDL126C,YOR083W,0,-0.29195353,0.09706524014472961,0.9789999723434448,0.9107000231742859
YPR103W,YPL266W,0,-0.29197422,0.09705561399459839,0.9789999723434448,0.9107999801635742
YIR003W,YBR152W,0,-0.29211894,0.09704599529504776,0.9789999723434448,0.9108999967575073
YGR195W,YKL220C,0,-0.29233363,0.09703637659549713,0.9789999723434448,0.9110000133514404
YGR227W,YBR200W,0,-0.29271492,0.0970267578959465,0.9789999723434448,0.9110999703407288
YDR489W,YPL066W,0,-0.292877,0.09701714664697647,0.9789999723434448,0.9111999869346619
YGR108W,YPR079W,0,-0.29304293,0.09700752794742584,0.9789999723434448,0.911300003528595
YKL092C,YHR176W,0,-0.2930735,0.09699791669845581,0.9789999723434448,0.9114000201225281
YNL275W,YOR303W,0,-0.29375833,0.09698831290006638,0.9789999723434448,0.9114999771118164
YOR095C,YMR190C,0,-0.2938099,0.09697870165109634,0.9789999723434448,0.9115999937057495
YML130C,YLR398C,0,-0.2942134,0.09696909785270691,0.9789999723434448,0.9117000102996826
YBR298C,YGR198W,0,-0.29428026,0.09695949405431747,0.9789999723434448,0.9118000268936157
YDL049C,YJL076W,0,-0.29453892,0.09694989025592804,0.9789999723434448,0.911899983882904
YER058W,YIL129C,0,-0.2947258,0.0969402939081192,0.9789999723434448,0.9120000004768372
YPL217C,YOL013C,0,-0.29488337,0.09693069010972977,0.9789999723434448,0.9121000170707703
YDR143C,YOR005C,0,-0.29502854,0.09692109376192093,0.9789999723434448,0.9121999740600586
YER054C,YCL011C,0,-0.29507098,0.09691150486469269,0.9789999723434448,0.9122999906539917
YOL097C,YLR408C,0,-0.29514042,0.09690190851688385,0.9789999723434448,0.9124000072479248
YNL002C,YMR113W,0,-0.29591003,0.09689231961965561,0.9789999723434448,0.9125000238418579
YGR271C-A,YER026C,0,-0.296032,0.09688273072242737,0.9789999723434448,0.9125999808311462
YJL028W,YJL154C,0,-0.29649058,0.09687314182519913,0.9789999723434448,0.9126999974250793
YLR051C,YGL181W,0,-0.2965447,0.09686356037855148,0.9789999723434448,0.9128000140190125
YER172C,YLR003C,0,-0.29661506,0.09685397893190384,0.9789999723434448,0.9128999710083008
YGL002W,YHR196W,0,-0.29688984,0.0968443974852562,0.9789999723434448,0.9129999876022339
YFR009W,YNR032W,0,-0.29709288,0.09683481603860855,0.9789999723434448,0.913100004196167
YDR043C,YPL187W,0,-0.29746607,0.0968252420425415,0.9789999723434448,0.9132000207901001
YPL227C,YLR240W,0,-0.29766408,0.09681566804647446,0.9789999723434448,0.9132999777793884
YLR002C,YJL159W,0,-0.29781827,0.09680609405040741,0.9789999723434448,0.9133999943733215
YJR152W,YKR024C,0,-0.2978194,0.09679652005434036,0.9789999723434448,0.9135000109672546
YPL237W,YDR293C,0,-0.2978879,0.09678695350885391,0.9789999723434448,0.9136000275611877
YKR067W,YDR339C,0,-0.29807314,0.09677737951278687,0.9789999723434448,0.9136999845504761
YNL139C,YMR170C,0,-0.2983013,0.09676781296730042,0.9789999723434448,0.9138000011444092
YFL052W,YMR083W,0,-0.29848287,0.09675825387239456,0.9789999723434448,0.9139000177383423
YBR070C,YDR538W,0,-0.2989585,0.09674868732690811,0.9789999723434448,0.9139999747276306
YIL131C,YGR067C,0,-0.29936644,0.09673912823200226,0.9789999723434448,0.9140999913215637
YMR288W,YDL161W,0,-0.2994517,0.0967295691370964,0.9789999723434448,0.9142000079154968
YDR184C,YCR003W,0,-0.29952157,0.09672001749277115,0.9789999723434448,0.9143000245094299
YKL055C,YNL256W,0,-0.2995825,0.0967104583978653,0.9789999723434448,0.9143999814987183
YOL008W,YBR215W,0,-0.2998664,0.09670090675354004,0.9789999723434448,0.9144999980926514
YPL016W,YHL022C,0,-0.29998797,0.09669135510921478,0.9789999723434448,0.9146000146865845
YHR141C,YIL097W,0,-0.300009,0.09668181091547012,0.9789999723434448,0.9146999716758728
YOL115W,YGR166W,0,-0.30059454,0.09667225927114487,0.9789999723434448,0.9147999882698059
YLR320W,YCR068W,0,-0.3006705,0.09666271507740021,0.9789999723434448,0.914900004863739
YJR152W,YBR057C,0,-0.30107942,0.09665317088365555,0.9789999723434448,0.9150000214576721
YGR275W,YOR375C,0,-0.30115303,0.09664363414049149,0.9789999723434448,0.9150999784469604
YDR058C,YOL097C,0,-0.30126613,0.09663408994674683,0.9789999723434448,0.9151999950408936
YJL210W,YHR065C,0,-0.30134258,0.09662455320358276,0.9789999723434448,0.9153000116348267
YLR423C,YDL014W,0,-0.30144334,0.0966150239109993,0.9789999723434448,0.9154000282287598
YJR056C,YDR450W,0,-0.3016501,0.09660548716783524,0.9789999723434448,0.9154999852180481
YKR060W,YPR107C,0,-0.30176008,0.09659595787525177,0.9789999723434448,0.9156000018119812
YJR125C,YBR135W,0,-0.30203298,0.09658642113208771,0.9789999723434448,0.9157000184059143
YOR202W,YGR041W,0,-0.30212638,0.09657689929008484,0.9789999723434448,0.9157999753952026
YGR287C,YAR008W,0,-0.30219063,0.09656736999750137,0.9789999723434448,0.9158999919891357
YAR008W,YNL265C,0,-0.30222666,0.0965578481554985,0.9789999723434448,0.9160000085830688
YBR019C,YGL055W,0,-0.30225298,0.09654832631349564,0.9789999723434448,0.916100025177002
YGL184C,YNL139C,0,-0.30231336,0.09653880447149277,0.9789999723434448,0.9161999821662903
YMR104C,YNL021W,0,-0.30235103,0.0965292826294899,0.9789999723434448,0.9162999987602234
YBL084C,YFL002C,0,-0.30240956,0.09651976823806763,0.9789999723434448,0.9164000153541565
YPL132W,YBL009W,0,-0.30255523,0.09651025384664536,0.9789999723434448,0.9164999723434448
YJL145W,YJR019C,0,-0.302637,0.09650073945522308,0.9789999723434448,0.9165999889373779
YLR369W,YPL081W,0,-0.3026581,0.09649122506380081,0.9789999723434448,0.916700005531311
YIL085C,YLR421C,0,-0.30285975,0.09648171812295914,0.9789999723434448,0.9168000221252441
YLL036C,YBR227C,0,-0.30314443,0.09647221118211746,0.9789999723434448,0.9168999791145325
YIL085C,YDL147W,0,-0.3032326,0.09646270424127579,0.9789999723434448,0.9169999957084656
YPR061C,YGR198W,0,-0.30349407,0.09645320475101471,0.9789999723434448,0.9171000123023987
YPR075C,YNL256W,0,-0.30353203,0.09644369781017303,0.9789999723434448,0.9172000288963318
YMR164C,YBR171W,0,-0.3036429,0.09643419831991196,0.9789999723434448,0.9172999858856201
YPL265W,YHR128W,0,-0.30442676,0.09642469882965088,0.9789999723434448,0.9174000024795532
YCL038C,YFL002C,0,-0.30465013,0.0964152067899704,0.9789999723434448,0.9175000190734863
YBR265W,YIL010W,0,-0.3048298,0.09640571475028992,0.9789999723434448,0.9175999760627747
YER042W,YGL166W,0,-0.30489084,0.09639621526002884,0.9789999723434448,0.9176999926567078
YDL042C,YJR161C,0,-0.3054514,0.09638673067092896,0.9789999723434448,0.9178000092506409
YLR225C,YIL091C,0,-0.30547687,0.09637723863124847,0.9789999723434448,0.917900025844574
YML025C,YPR102C,1,-0.30553576,0.09646619111299515,0.9800000190734863,0.917900025844574
YMR293C,YLR064W,0,-0.3056281,0.09645669162273407,0.9800000190734863,0.9179999828338623
YBR204C,YML026C,0,-0.30571005,0.09644719958305359,0.9800000190734863,0.9180999994277954
YBL102W,YGL029W,0,-0.30576104,0.09643770754337311,0.9800000190734863,0.9182000160217285
YML093W,YDL044C,0,-0.30581322,0.09642822295427322,0.9800000190734863,0.9182999730110168
YLR225C,YLR242C,0,-0.3059499,0.09641873091459274,0.9800000190734863,0.91839998960495
YER054C,YER170W,0,-0.30601513,0.09640924632549286,0.9800000190734863,0.9185000061988831
YJR159W,YKL209C,0,-0.30637452,0.09639976173639297,0.9800000190734863,0.9186000227928162
YNL256W,YBR014C,0,-0.30641684,0.09639028459787369,0.9800000190734863,0.9186999797821045
YIL105C,YLL042C,0,-0.30654505,0.0963808000087738,0.9800000190734863,0.9187999963760376
YBR239C,YPL072W,0,-0.3066439,0.09637132287025452,0.9800000190734863,0.9189000129699707
YJL184W,YNR069C,0,-0.30735037,0.09636184573173523,0.9800000190734863,0.9190000295639038
YER144C,YNL169C,0,-0.3073893,0.09635237604379654,0.9800000190734863,0.9190999865531921
YHL013C,YDR394W,0,-0.30755037,0.09634289890527725,0.9800000190734863,0.9192000031471252
YDL010W,YIR035C,0,-0.30765057,0.09633342921733856,0.9800000190734863,0.9193000197410583
YCR079W,YBL018C,0,-0.3076603,0.09632395952939987,0.9800000190734863,0.9193999767303467
YGL001C,YLR408C,0,-0.30814102,0.09631449729204178,0.9800000190734863,0.9194999933242798
YBR298C,YLR275W,0,-0.30819097,0.09630503505468369,0.9800000190734863,0.9196000099182129
YDR382W,YPL005W,0,-0.3082407,0.096295565366745,0.9800000190734863,0.919700026512146
YHR124W,YBL002W,0,-0.30848223,0.0962861105799675,0.9800000190734863,0.9197999835014343
YPR058W,YMR134W,0,-0.3086119,0.0962766483426094,0.9800000190734863,0.9199000000953674
YLR262C,YDR291W,0,-0.30869022,0.09626719355583191,0.9800000190734863,0.9200000166893005
YJL002C,YIL017C,0,-0.30880502,0.09625773131847382,0.9800000190734863,0.9200999736785889
YPR029C,YAL055W,0,-0.3090202,0.09624828398227692,0.9800000190734863,0.920199990272522
YNL300W,YGR247W,0,-0.30914873,0.09623882919549942,0.9800000190734863,0.9203000068664551
YEL026W,YCL026C-A,0,-0.30920073,0.09622938185930252,0.9800000190734863,0.9204000234603882
YBL040C,YOR307C,0,-0.30927047,0.09621993452310562,0.9800000190734863,0.9204999804496765
YBR021W,YFL031W,0,-0.30951992,0.09621048718690872,0.9800000190734863,0.9205999970436096
YER124C,YOR005C,0,-0.31028917,0.09620103985071182,0.9800000190734863,0.9207000136375427
YHL002W,YDL191W,0,-0.31041035,0.09619159996509552,0.9800000190734863,0.920799970626831
YKR010C,YGL002W,0,-0.31046805,0.09618216007947922,0.9800000190734863,0.9208999872207642
YGR240C,YER075C,0,-0.3106978,0.09617272019386292,0.9800000190734863,0.9210000038146973
YOL027C,YPL015C,0,-0.3111004,0.09616328030824661,0.9800000190734863,0.9211000204086304
YOR234C,YML118W,0,-0.31134078,0.09615384787321091,0.9800000190734863,0.9211999773979187
YLL036C,YPL270W,0,-0.3119639,0.0961444154381752,0.9800000190734863,0.9212999939918518
YBR136W,YLR155C,0,-0.31223077,0.0961349830031395,0.9800000190734863,0.9214000105857849
YHR019C,YPL118W,0,-0.31272873,0.09612555056810379,0.9800000190734863,0.921500027179718
YBR019C,YPL030W,0,-0.31274018,0.09611612558364868,0.9800000190734863,0.9215999841690063
YML025C,YJL122W,1,-0.313058,0.09620476514101028,0.9810000061988831,0.9215999841690063
YOL006C,YOR362C,0,-0.3133392,0.09619533270597458,0.9810000061988831,0.9217000007629395
YNL067W,YDL049C,0,-0.31340185,0.09618590027093887,0.9810000061988831,0.9218000173568726
YDR184C,YPL181W,0,-0.31355688,0.09617646783590317,0.9810000061988831,0.9218999743461609
YLR274W,YGR074W,0,-0.31367224,0.09616704285144806,0.9810000061988831,0.921999990940094
YOR328W,YMR113W,0,-0.31375086,0.09615761786699295,0.9810000061988831,0.9221000075340271
YCR027C,YDR171W,0,-0.31378758,0.09614819288253784,0.9810000061988831,0.9222000241279602
YHR200W,YMR305C,0,-0.3138015,0.09613876789808273,0.9810000061988831,0.9222999811172485
YDR147W,YIL168W,0,-0.31391725,0.09612935036420822,0.9810000061988831,0.9223999977111816
YJL151C,YHL001W,0,-0.31398493,0.09611993283033371,0.9810000061988831,0.9225000143051147
YJL209W,YBL045C,0,-0.31413803,0.0961105152964592,0.9810000061988831,0.9225999712944031
YGL234W,YLR362W,0,-0.31424236,0.09610109776258469,0.9810000061988831,0.9226999878883362
YHR107C,YIL157C,0,-0.31435144,0.09609168022871017,0.9810000061988831,0.9228000044822693
YLL032C,YKR025W,0,-0.31463864,0.09608227014541626,0.9810000061988831,0.9229000210762024
YOR178C,YLR002C,0,-0.3148654,0.09607286006212234,0.9810000061988831,0.9229999780654907
YEL009C,YMR154C,0,-0.3149392,0.09606345742940903,0.9810000061988831,0.9230999946594238
YGR152C,YHR176W,0,-0.31512085,0.09605404734611511,0.9810000061988831,0.9232000112533569
YLR320W,YER018C,0,-0.31532982,0.0960446447134018,0.9810000061988831,0.92330002784729
YDL193W,YBL018C,0,-0.3156175,0.09603524208068848,0.9810000061988831,0.9233999848365784
YNL177C,YGL055W,0,-0.31570786,0.09602583944797516,0.9810000061988831,0.9235000014305115
YPL084W,YNL113W,0,-0.31571853,0.09601644426584244,0.9810000061988831,0.9236000180244446
YKL049C,YOL008W,0,-0.31597665,0.09600704908370972,0.9810000061988831,0.9236999750137329
YNL002C,YML025C,1,-0.31616256,0.096095509827137,0.9819999933242798,0.9236999750137329
YOL097C,YPL084W,0,-0.31637767,0.09608610719442368,0.9819999933242798,0.923799991607666
YLL052C,YPL118W,0,-0.3164681,0.09607670456171036,0.9819999933242798,0.9239000082015991
YJL137C,YAL042W,0,-0.31666544,0.09606730937957764,0.9819999933242798,0.9240000247955322
YCL033C,YOL130W,0,-0.31682917,0.09605790674686432,0.9819999933242798,0.9240999817848206
YKL049C,YGL054C,0,-0.31715113,0.0960485115647316,0.9819999933242798,0.9241999983787537
YJL092W,YDL222C,0,-0.31718123,0.09603911638259888,0.9819999933242798,0.9243000149726868
YKR024C,YGL153W,0,-0.31721273,0.09602972865104675,0.9819999933242798,0.9243999719619751
YOR190W,YDL042C,0,-0.31738603,0.09602034091949463,0.9819999933242798,0.9244999885559082
YLR307W,YGR023W,0,-0.31742743,0.0960109531879425,0.9819999933242798,0.9246000051498413
YBL066C,YGL008C,0,-0.31752655,0.09600156545639038,0.9819999933242798,0.9247000217437744
YJR086W,YPR066W,0,-0.317653,0.09599217772483826,0.9819999933242798,0.9247999787330627
YPL164C,YCR028C-A,0,-0.318248,0.09598279744386673,0.9819999933242798,0.9248999953269958
YDR302W,YLL015W,0,-0.31830174,0.0959734171628952,0.9819999933242798,0.925000011920929
YFL024C,YEL046C,0,-0.31853804,0.09596403688192368,0.9819999933242798,0.9251000285148621
YIR034C,YDR225W,0,-0.31869322,0.09595466405153275,0.9819999933242798,0.9251999855041504
YDR214W,YLR136C,0,-0.31877524,0.09594528377056122,0.9819999933242798,0.9253000020980835
YDR020C,YPL232W,0,-0.31913218,0.09593591094017029,0.9819999933242798,0.9254000186920166
YIL099W,YDL201W,0,-0.31915763,0.09592653810977936,0.9819999933242798,0.9254999756813049
YMR021C,YNL154C,0,-0.31917927,0.09591717272996902,0.9819999933242798,0.925599992275238
YAR071W,YDR258C,0,-0.31923825,0.0959077998995781,0.9819999933242798,0.9257000088691711
YML126C,YOR028C,0,-0.319333,0.09589843451976776,0.9819999933242798,0.9258000254631042
YOR178C,YOR188W,0,-0.31935564,0.09588907659053802,0.9819999933242798,0.9258999824523926
YJL138C,YHR102W,0,-0.32047197,0.09587971121072769,0.9819999933242798,0.9259999990463257
YOR115C,YGL121C,0,-0.32087633,0.09587035328149796,0.9819999933242798,0.9261000156402588
YOR362C,YDR266C,0,-0.32112828,0.09586099535226822,0.9819999933242798,0.9261999726295471
YML131W,YPL108W,0,-0.32143503,0.09585163742303848,0.9819999933242798,0.9262999892234802
YNL299W,YIL121W,0,-0.3214621,0.09584227949380875,0.9819999933242798,0.9264000058174133
YJL204C,YPR022C,0,-0.32160836,0.0958329290151596,0.9819999933242798,0.9265000224113464
YPR104C,YNL125C,0,-0.3219215,0.09582357853651047,0.9819999933242798,0.9265999794006348
YDR085C,YDR037W,0,-0.32206383,0.09581422805786133,0.9819999933242798,0.9266999959945679
YLR066W,YDL222C,0,-0.32212996,0.09580487757921219,0.9819999933242798,0.926800012588501
YGL160W,YDR450W,0,-0.32258955,0.09579553455114365,0.9819999933242798,0.9269000291824341
YGL044C,YDR450W,0,-0.32273906,0.0957861915230751,0.9819999933242798,0.9269999861717224
YOR150W,YOL144W,1,-0.3228132,0.0958743765950203,0.9829999804496765,0.9269999861717224
YER169W,YLR066W,0,-0.32312027,0.09586502611637115,0.9829999804496765,0.9271000027656555
YJL177W,YEL047C,0,-0.32367095,0.09585568308830261,0.9829999804496765,0.9272000193595886
YLL036C,YLR362W,0,-0.3237467,0.09584633260965347,0.9829999804496765,0.927299976348877
YKL188C,YOL058W,0,-0.3238046,0.09583698958158493,0.9829999804496765,0.9273999929428101
YPR181C,YLR081W,0,-0.32405317,0.09582764655351639,0.9829999804496765,0.9275000095367432
YIL085C,YML025C,0,-0.32443196,0.09581830352544785,0.9829999804496765,0.9276000261306763
YNL021W,YOR100C,0,-0.3244615,0.0958089679479599,0.9829999804496765,0.9276999831199646
YHR141C,YPL270W,0,-0.32456088,0.09579963237047195,0.9829999804496765,0.9277999997138977
YDR097C,YNL265C,0,-0.32457414,0.09579029679298401,0.9829999804496765,0.9279000163078308
YGR096W,YBR152W,0,-0.32465914,0.09578096121549606,0.9829999804496765,0.9279999732971191
YDR051C,YNR051C,0,-0.32474658,0.09577162563800812,0.9829999804496765,0.9280999898910522
YBR077C,YDL156W,0,-0.3249564,0.09576229751110077,0.9829999804496765,0.9282000064849854
YOR208W,YML026C,0,-0.32523692,0.09575296938419342,0.9829999804496765,0.9283000230789185
YOL044W,YGL044C,0,-0.32545438,0.09574364125728607,0.9829999804496765,0.9283999800682068
YBR253W,YPL023C,0,-0.3255999,0.09573432058095932,0.9829999804496765,0.9284999966621399
YLL036C,YIL017C,0,-0.32560906,0.09572499990463257,0.9829999804496765,0.928600013256073
YKL107W,YLR066W,0,-0.32571492,0.09571567922830582,0.9829999804496765,0.9286999702453613
YGR048W,YAR008W,0,-0.32603422,0.09570635855197906,0.9829999804496765,0.9287999868392944
YMR214W,YAL032C,0,-0.32603553,0.09569703787565231,0.9829999804496765,0.9289000034332275
YJL177W,YMR029C,0,-0.32615927,0.09568772464990616,0.9829999804496765,0.9290000200271606
YLR423C,YPL158C,0,-0.32694337,0.09567841142416,0.9829999804496765,0.929099977016449
YNL139C,YDL161W,0,-0.32719913,0.09566909819841385,0.9829999804496765,0.9291999936103821
YJR043C,YLR399C,0,-0.32736716,0.09565979242324829,0.9829999804496765,0.9293000102043152
YLL010C,YJL100W,0,-0.3273782,0.09565047919750214,0.9829999804496765,0.9294000267982483
YIL158W,YDR084C,0,-0.3273869,0.09564117342233658,0.9829999804496765,0.9294999837875366
YCL038C,YPL255W,0,-0.32740334,0.09563186764717102,0.9829999804496765,0.9296000003814697
YJL210W,YER075C,0,-0.32749003,0.09562256932258606,0.9829999804496765,0.9297000169754028
YNL299W,YFL053W,0,-0.3275474,0.0956132635474205,0.9829999804496765,0.9297999739646912
YGR133W,YNL090W,0,-0.32757616,0.09560396522283554,0.9829999804496765,0.9298999905586243
YDR182W,YEL042W,0,-0.32804576,0.09559467434883118,0.9829999804496765,0.9300000071525574
YBR186W,YJL207C,0,-0.3282876,0.09558537602424622,0.9829999804496765,0.9301000237464905
YDL049C,YIL110W,0,-0.3290925,0.09557608515024185,0.9829999804496765,0.9301999807357788
YER183C,YGL153W,0,-0.32909465,0.09556678682565689,0.9829999804496765,0.9302999973297119
YGR068C,YNL099C,0,-0.3296535,0.09555750340223312,0.9829999804496765,0.930400013923645
YHL001W,YHR034C,0,-0.32981512,0.09554821252822876,0.9829999804496765,0.9304999709129333
YKL157W,YLR229C,0,-0.33001706,0.0955389216542244,0.9829999804496765,0.9305999875068665
YLR372W,YBR057C,0,-0.330019,0.09552963823080063,0.9829999804496765,0.9307000041007996
YCR071C,YNL035C,0,-0.3301054,0.09552035480737686,0.9829999804496765,0.9308000206947327
YDR216W,YDL236W,0,-0.3306789,0.09551107883453369,0.9829999804496765,0.930899977684021
YMR214W,YMR268C,0,-0.3314344,0.09550179541110992,0.9829999804496765,0.9309999942779541
YER146W,YFL003C,0,-0.33187246,0.09549251943826675,0.9829999804496765,0.9311000108718872
YGL048C,YKL176C,0,-0.33257452,0.09548324346542358,0.9829999804496765,0.9312000274658203
YBR088C,YMR154C,0,-0.3330411,0.09547396749258041,0.9829999804496765,0.9312999844551086
YPL012W,YIL050W,0,-0.333047,0.09546469897031784,0.9829999804496765,0.9314000010490417
YKL086W,YPL037C,0,-0.33343235,0.09545543044805527,0.9829999804496765,0.9315000176429749
YGR152C,YJR044C,0,-0.33348376,0.0954461619257927,0.9829999804496765,0.9315999746322632
YCR073C,YNL305C,0,-0.33354855,0.09543689340353012,0.9829999804496765,0.9316999912261963
YDR349C,YGL160W,0,-0.3337325,0.09542762488126755,0.9829999804496765,0.9318000078201294
YHL018W,YDL092W,0,-0.33382848,0.09541836380958557,0.9829999804496765,0.9319000244140625
YOR344C,YOR140W,0,-0.33394822,0.0954091027379036,0.9829999804496765,0.9319999814033508
YKL096W,YDL155W,0,-0.33411288,0.09539984166622162,0.9829999804496765,0.9320999979972839
YGL208W,YPR009W,0,-0.3341501,0.09539058804512024,0.9829999804496765,0.932200014591217
YNL116W,YEL003W,0,-0.33482942,0.09538133442401886,0.9829999804496765,0.9322999715805054
YKL025C,YLR051C,0,-0.33534625,0.09537208080291748,0.9829999804496765,0.9323999881744385
YNR032W,YPR022C,0,-0.33574685,0.0953628271818161,0.9829999804496765,0.9325000047683716
YGR128C,YML121W,0,-0.33613342,0.09535357356071472,0.9829999804496765,0.9326000213623047
YLR057W,YER035W,0,-0.33620837,0.09534432739019394,0.9829999804496765,0.932699978351593
YJL116C,YDR354W,0,-0.33639926,0.09533508121967316,0.9829999804496765,0.9327999949455261
YOR094W,YNL265C,0,-0.33656904,0.09532583504915237,0.9829999804496765,0.9329000115394592
YGL048C,YLR242C,0,-0.33686215,0.09531658887863159,0.9829999804496765,0.9330000281333923
YDR506C,YHR107C,0,-0.33689338,0.0953073501586914,0.9829999804496765,0.9330999851226807
YNL125C,YBR070C,0,-0.33691636,0.09529811143875122,0.9829999804496765,0.9332000017166138
YPL237W,YGR203W,0,-0.3370311,0.09528887271881104,0.9829999804496765,0.9333000183105469
YFR004W,YOR030W,0,-0.33706167,0.09527963399887085,0.9829999804496765,0.9333999752998352
YGR048W,YOR153W,0,-0.33732346,0.09527040272951126,0.9829999804496765,0.9334999918937683
YAR050W,YDR293C,0,-0.33750626,0.09526117146015167,0.9829999804496765,0.9336000084877014
YGR245C,YOR150W,1,-0.33781317,0.09534883499145508,0.984000027179718,0.9336000084877014
YBR057C,YIL168W,0,-0.33793098,0.09533959627151489,0.984000027179718,0.9337000250816345
YCR043C,YNL097C,0,-0.33849284,0.0953303650021553,0.984000027179718,0.9337999820709229
YLR077W,YOR328W,0,-0.3389419,0.09532112628221512,0.984000027179718,0.933899998664856
YCR073C,YDR314C,0,-0.33960173,0.09531189501285553,0.984000027179718,0.9340000152587891
YDL212W,YOR245C,0,-0.33988616,0.09530266374349594,0.984000027179718,0.9340999722480774
YBL097W,YBR014C,0,-0.34018686,0.09529343247413635,0.984000027179718,0.9341999888420105
YMR189W,YFL050C,0,-0.34043714,0.09528420865535736,0.984000027179718,0.9343000054359436
YBL040C,YLR210W,0,-0.34051073,0.09527497738599777,0.984000027179718,0.9344000220298767
YIL162W,YOL021C,0,-0.3407479,0.09526575356721878,0.984000027179718,0.934499979019165
YBR057C,YDL201W,0,-0.34106484,0.09525653719902039,0.984000027179718,0.9345999956130981
YMR113W,YLR003C,0,-0.34108865,0.0952473133802414,0.984000027179718,0.9347000122070312
YGL048C,YCR033W,0,-0.3412161,0.095238097012043,0.984000027179718,0.9348000288009644
YBR004C,YIL097W,0,-0.3412885,0.0952288806438446,0.984000027179718,0.9348999857902527
YMR052W,YDL150W,0,-0.34181336,0.09521966427564621,0.984000027179718,0.9350000023841858
YNL072W,YGR209C,0,-0.3421108,0.09521044790744781,0.984000027179718,0.9351000189781189
YNL264C,YLR308W,0,-0.34217182,0.09520123898983002,0.984000027179718,0.9351999759674072
YFL034C-A,YDL165W,0,-0.342254,0.09519203007221222,0.984000027179718,0.9352999925613403
YLR077W,YDR522C,0,-0.3423626,0.09518282115459442,0.984000027179718,0.9354000091552734
YNL072W,YDR202C,0,-0.34241742,0.09517361223697662,0.984000027179718,0.9355000257492065
YDR506C,YBR057C,0,-0.342696,0.09516441076993942,0.984000027179718,0.9355999827384949
YML019W,YHR102W,0,-0.34294674,0.09515520930290222,0.984000027179718,0.935699999332428
YBR056W,YPL128C,0,-0.3431364,0.09514600783586502,0.984000027179718,0.9358000159263611
YPL032C,YCL026C-A,0,-0.34327582,0.09513680636882782,0.984000027179718,0.9358999729156494
YNL139C,YEL071W,0,-0.3433208,0.09512761235237122,0.984000027179718,0.9359999895095825
YDR346C,YLR144C,0,-0.34352386,0.09511841833591461,0.984000027179718,0.9361000061035156
YJL115W,YGL181W,0,-0.3435704,0.09510922431945801,0.984000027179718,0.9362000226974487
YLR406C,YMR278W,0,-0.3437852,0.0951000303030014,0.984000027179718,0.9362999796867371
YKL213C,YHL020C,0,-0.34390262,0.0950908362865448,0.984000027179718,0.9363999962806702
YPR201W,YEL042W,0,-0.343968,0.09508164972066879,0.984000027179718,0.9365000128746033
YLR423C,YPL079W,0,-0.34397325,0.09507246315479279,0.984000027179718,0.9366000294685364
YIR008C,YNL270C,0,-0.34399387,0.09506327658891678,0.984000027179718,0.9366999864578247
YKR092C,YBR018C,0,-0.3443173,0.09505409747362137,0.984000027179718,0.9368000030517578
YMR263W,YGR249W,0,-0.34455833,0.09504491090774536,0.984000027179718,0.9369000196456909
YPR164W,YDR293C,0,-0.34456638,0.09503573179244995,0.984000027179718,0.9369999766349792
YCR066W,YMR162C,0,-0.34472087,0.09502656012773514,0.984000027179718,0.9370999932289124
YBR235W,YKL120W,0,-0.34535918,0.09501738101243973,0.984000027179718,0.9372000098228455
YIL121W,YGR074W,0,-0.34546196,0.09500820934772491,0.984000027179718,0.9373000264167786
YDL005C,YLR406C,0,-0.345462,0.0949990376830101,0.984000027179718,0.9373999834060669
YMR113W,YGR280C,0,-0.34559867,0.09498986601829529,0.984000027179718,0.9375
YKL091C,YML065W,0,-0.3456263,0.09498069435358047,0.984000027179718,0.9376000165939331
YHR104W,YNL299W,0,-0.34584814,0.09497153013944626,0.984000027179718,0.9376999735832214
YDR043C,YIL110W,0,-0.34607312,0.09496236592531204,0.984000027179718,0.9377999901771545
YMR277W,YDL147W,0,-0.34608957,0.09495320171117783,0.984000027179718,0.9379000067710876
YPL241C,YJL093C,0,-0.34670097,0.09494403749704361,0.984000027179718,0.9380000233650208
YER144C,YMR116C,0,-0.34676853,0.0949348732829094,0.984000027179718,0.9380999803543091
YGR192C,YDR338C,0,-0.34702438,0.09492571651935577,0.984000027179718,0.9381999969482422
YDR541C,YGL181W,0,-0.3472378,0.09491655975580215,0.984000027179718,0.9383000135421753
YCL040W,YER018C,0,-0.34731397,0.09490741044282913,0.984000027179718,0.9383999705314636
YFL050C,YOL039W,0,-0.3473627,0.09489825367927551,0.984000027179718,0.9384999871253967
YHL022C,YDR324C,0,-0.34754935,0.09488910436630249,0.984000027179718,0.9386000037193298
YMR021C,YJL177W,0,-0.34760782,0.09487995505332947,0.984000027179718,0.9387000203132629
YNL090W,YGL166W,0,-0.34776828,0.09487080574035645,0.984000027179718,0.9387999773025513
YDR171W,YLR424W,0,-0.34788772,0.09486165642738342,0.984000027179718,0.9388999938964844
YNL069C,YDR293C,0,-0.34801698,0.094852514564991,0.984000027179718,0.9390000104904175
YDR017C,YNL003C,0,-0.34825143,0.09484337270259857,0.984000027179718,0.9391000270843506
YHR104W,YMR058W,0,-0.34918264,0.09483423084020615,0.984000027179718,0.9391999840736389
YJL063C,YGL130W,0,-0.34929955,0.09482509642839432,0.984000027179718,0.939300000667572
YDR186C,YOR375C,0,-0.34938762,0.09481595456600189,0.984000027179718,0.9394000172615051
YLR216C,YHR084W,0,-0.3499306,0.09480682015419006,0.984000027179718,0.9394999742507935
YFL052W,YDR450W,0,-0.35020033,0.09479768574237823,0.984000027179718,0.9395999908447266
YKL112W,YNL014W,0,-0.35044912,0.094788558781147,0.984000027179718,0.9397000074386597
YDR293C,YGR172C,0,-0.35091287,0.09477942436933517,0.984000027179718,0.9398000240325928
YJR002W,YIL065C,0,-0.35092404,0.09477029740810394,0.984000027179718,0.9398999810218811
YMR119W,YMR121C,0,-0.35106254,0.09476117044687271,0.984000027179718,0.9399999976158142
YCR042C,YGR247W,0,-0.35116795,0.09475204348564148,0.984000027179718,0.9401000142097473
YDL005C,YMR024W,0,-0.35180625,0.09474292397499084,0.984000027179718,0.9401999711990356
YGR128C,YCR097W,0,-0.35212496,0.09473380446434021,0.984000027179718,0.9402999877929688
YGR249W,YEL009C,0,-0.35213086,0.09472468495368958,0.984000027179718,0.9404000043869019
YGR249W,YBR106W,0,-0.35231066,0.09471556544303894,0.984000027179718,0.940500020980835
YKL009W,YOR150W,1,-0.35292554,0.09480269253253937,0.9850000143051147,0.940500020980835
YBR280C,YJR144W,0,-0.35300538,0.09479357302188873,0.9850000143051147,0.9405999779701233
YJL177W,YBR057C,0,-0.35337898,0.0947844460606575,0.9850000143051147,0.9406999945640564
YOL110W,YKR060W,0,-0.35340056,0.09477532655000687,0.9850000143051147,0.9408000111579895
YLR378C,YKL148C,0,-0.3536686,0.09476621448993683,0.9850000143051147,0.9409000277519226
YML130C,YJR007W,0,-0.35369906,0.0947570949792862,0.9850000143051147,0.9409999847412109
YER016W,YJL020C,0,-0.35382605,0.09474798291921616,0.9850000143051147,0.941100001335144
YDR202C,YLR405W,0,-0.35386348,0.09473886340856552,0.9850000143051147,0.9412000179290771
YKR010C,YML110C,0,-0.35414118,0.09472975879907608,0.9850000143051147,0.9412999749183655
YGR256W,YLR022C,0,-0.35431042,0.09472064673900604,0.9850000143051147,0.9413999915122986
YGR087C,YNR032W,0,-0.35457197,0.0947115421295166,0.9850000143051147,0.9415000081062317
YDL178W,YLR308W,0,-0.354762,0.09470243006944656,0.9850000143051147,0.9416000247001648
YBR302C,YAR071W,0,-0.3549262,0.09469332545995712,0.9850000143051147,0.9416999816894531
YFL053W,YLR210W,0,-0.35508373,0.09468422830104828,0.9850000143051147,0.9417999982833862
YLR034C,YCR034W,0,-0.35557118,0.09467512369155884,0.9850000143051147,0.9419000148773193
YNR026C,YCR071C,0,-0.35624805,0.09466602653265,0.9850000143051147,0.9419999718666077
YCR071C,YBR239C,0,-0.35648468,0.09465692937374115,0.9850000143051147,0.9420999884605408
YLL005C,YNR046W,0,-0.35662246,0.0946478322148323,0.9850000143051147,0.9422000050544739
YER144C,YOR234C,0,-0.35676256,0.09463874250650406,0.9850000143051147,0.942300021648407
YDR027C,YNL316C,0,-0.35678786,0.09462964534759521,0.9850000143051147,0.9423999786376953
YMR280C,YHR183W,0,-0.35689193,0.09462055563926697,0.9850000143051147,0.9424999952316284
YBL042C,YGL002W,0,-0.35705614,0.09461146593093872,0.9850000143051147,0.9426000118255615
YPL241C,YGL208W,0,-0.3571936,0.09460238367319107,0.9850000143051147,0.9427000284194946
YPL212C,YBL066C,0,-0.3574206,0.09459329396486282,0.9850000143051147,0.942799985408783
YIR034C,YFL003C,0,-0.3578542,0.09458421170711517,0.9850000143051147,0.9429000020027161
YGR108W,YBR098W,0,-0.35813951,0.09457512944936752,0.9850000143051147,0.9430000185966492
YGR048W,YKL148C,0,-0.35822713,0.09456605464220047,0.9850000143051147,0.9430999755859375
YGL033W,YJL093C,0,-0.35822913,0.09455697238445282,0.9850000143051147,0.9431999921798706
YPL256C,YBR126C,0,-0.35841408,0.09454789757728577,0.9850000143051147,0.9433000087738037
YOR361C,YGL133W,0,-0.35867247,0.09453882277011871,0.9850000143051147,0.9434000253677368
YFL009W,YCR071C,0,-0.3590853,0.09452974796295166,0.9850000143051147,0.9434999823570251
YHL007C,YKL091C,0,-0.35914364,0.0945206806063652,0.9850000143051147,0.9435999989509583
YER039C,YAR066W,0,-0.35952514,0.09451161324977875,0.9850000143051147,0.9437000155448914
YGL099W,YPL072W,0,-0.35984457,0.09450254589319229,0.9850000143051147,0.9437999725341797
YFL053W,YBL100W-A,0,-0.35990542,0.09449347853660583,0.9850000143051147,0.9438999891281128
YKR060W,YDR293C,0,-0.3599273,0.09448441118001938,0.9850000143051147,0.9440000057220459
YBL040C,YIR033W,0,-0.3602161,0.09447535127401352,0.9850000143051147,0.944100022315979
YKL125W,YFL052W,0,-0.36098954,0.09446629136800766,0.9850000143051147,0.9441999793052673
YGL181W,YHR128W,0,-0.3610209,0.0944572314620018,0.9850000143051147,0.9442999958992004
YLR240W,YFL034C-A,0,-0.36125258,0.09444817155599594,0.9850000143051147,0.9444000124931335
YOR150W,YPR102C,1,-0.36129284,0.0945349931716919,0.9860000014305115,0.9444000124931335
YHL001W,YOR028C,0,-0.36131337,0.09452593326568604,0.9860000014305115,0.9445000290870667
YPL164C,YMR309C,0,-0.36140606,0.09451687335968018,0.9860000014305115,0.944599986076355
YDL188C,YGL033W,0,-0.36154506,0.09450781345367432,0.9860000014305115,0.9447000026702881
YDR202C,YHR042W,0,-0.36170673,0.09449875354766846,0.9860000014305115,0.9448000192642212
YJR099W,YPL012W,0,-0.36187506,0.0944897010922432,0.9860000014305115,0.9448999762535095
YDR339C,YOL075C,0,-0.3621364,0.09448064118623734,0.9860000014305115,0.9449999928474426
YMR161W,YOR344C,0,-0.36230913,0.09447158873081207,0.9860000014305115,0.9451000094413757
YNL312W,YOR030W,0,-0.362317,0.09446254372596741,0.9860000014305115,0.9452000260353088
YJL092W,YBR244W,0,-0.36256433,0.09445349127054214,0.9860000014305115,0.9452999830245972
YFR051C,YBR293W,0,-0.36298087,0.09444444626569748,0.9860000014305115,0.9453999996185303
YPL227C,YOL075C,0,-0.36302525,0.09443540126085281,0.9860000014305115,0.9455000162124634
YGL255W,YPL084W,0,-0.36316365,0.09442635625600815,0.9860000014305115,0.9455999732017517
YPR020W,YGL257C,0,-0.36341858,0.09441731125116348,0.9860000014305115,0.9456999897956848
YKR087C,YOR312C,0,-0.3635474,0.09440827369689941,0.9860000014305115,0.9458000063896179
YKL101W,YHR018C,0,-0.36359146,0.09439923614263535,0.9860000014305115,0.945900022983551
YDR237W,YOR312C,0,-0.36427864,0.09439019858837128,0.9860000014305115,0.9459999799728394
YKL046C,YER183C,0,-0.36443043,0.09438116103410721,0.9860000014305115,0.9460999965667725
YCR089W,YDL236W,0,-0.3645163,0.09437213093042374,0.9860000014305115,0.9462000131607056
YOR328W,YDL064W,0,-0.36457965,0.09436309337615967,0.9860000014305115,0.9463000297546387
YBR088C,YOL044W,0,-0.36464876,0.0943540632724762,0.9860000014305115,0.946399986743927
YAL005C,YGL055W,0,-0.3648288,0.09434504061937332,0.9860000014305115,0.9465000033378601
YOR095C,YOR058C,0,-0.36501548,0.09433601051568985,0.9860000014305115,0.9466000199317932
YOR150W,YKR024C,1,-0.36505157,0.09442265331745148,0.9869999885559082,0.9466000199317932
YPL241C,YNL097C,0,-0.36506435,0.094413623213768,0.9869999885559082,0.9466999769210815
YLR242C,YDR113C,0,-0.36540172,0.09440459311008453,0.9869999885559082,0.9467999935150146
YLR081W,YPL079W,0,-0.36557677,0.09439556300640106,0.9869999885559082,0.9469000101089478
YBL002W,YDL147W,0,-0.36568373,0.09438653290271759,0.9869999885559082,0.9470000267028809
YLR070C,YJR144W,0,-0.36580816,0.09437751024961472,0.9869999885559082,0.9470999836921692
YCR102C,YKR080W,0,-0.365837,0.09436848759651184,0.9869999885559082,0.9472000002861023
YBR018C,YNR046W,0,-0.3658876,0.09435946494340897,0.9869999885559082,0.9473000168800354
YMR014W,YDR314C,0,-0.36589837,0.09435044229030609,0.9869999885559082,0.9473999738693237
YNL275W,YGR098C,0,-0.3660235,0.09434142708778381,0.9869999885559082,0.9474999904632568
YHL033C,YDR001C,0,-0.36619985,0.09433241188526154,0.9869999885559082,0.9476000070571899
YBL099W,YMR268C,0,-0.3662704,0.09432339668273926,0.9869999885559082,0.947700023651123
YGR033C,YGL133W,0,-0.36703455,0.09431438148021698,0.9869999885559082,0.9477999806404114
YCL054W,YGR220C,1,-0.36711746,0.09440091997385025,0.9879999756813049,0.9477999806404114
YIL117C,YML024W,0,-0.36761448,0.09439189732074738,0.9879999756813049,0.9478999972343445
YKL146W,YPR164W,0,-0.3676914,0.0943828821182251,0.9879999756813049,0.9480000138282776
YIL103W,YGR231C,0,-0.36779127,0.09437386691570282,0.9879999756813049,0.9480999708175659
YML114C,YJL137C,0,-0.3696794,0.09436485171318054,0.9879999756813049,0.948199987411499
YOR150W,YHR170W,1,-0.36979586,0.09445134550333023,0.9890000224113464,0.948199987411499
YCL011C,YDL049C,0,-0.36994475,0.09444232285022736,0.9890000224113464,0.9483000040054321
YGR183C,YBR154C,0,-0.37003985,0.09443330764770508,0.9890000224113464,0.9484000205993652
YLR205C,YOR073W,0,-0.3705451,0.0944242849946022,0.9890000224113464,0.9484999775886536
YBR079C,YLR155C,0,-0.37069172,0.09441527724266052,0.9890000224113464,0.9485999941825867
YDR432W,YPL003W,0,-0.3708446,0.09440626204013824,0.9890000224113464,0.9487000107765198
YER119C,YDL213C,0,-0.37090808,0.09439725428819656,0.9890000224113464,0.9488000273704529
YFL034C-A,YMR251W-A,0,-0.37091312,0.09438823908567429,0.9890000224113464,0.9488999843597412
YJL028W,YER069W,0,-0.37092367,0.0943792313337326,0.9890000224113464,0.9490000009536743
YLR388W,YDL165W,0,-0.3710808,0.09437023103237152,0.9890000224113464,0.9491000175476074
YDR237W,YBR057C,0,-0.37111834,0.09436122328042984,0.9890000224113464,0.9491999745368958
YER146W,YPL236C,0,-0.37120646,0.09435222297906876,0.9890000224113464,0.9492999911308289
YEL026W,YGR132C,0,-0.37136278,0.09434322267770767,0.9890000224113464,0.949400007724762
YNL152W,YOR245C,0,-0.37149578,0.09433422237634659,0.9890000224113464,0.9495000243186951
YDR225W,YNL265C,0,-0.37163016,0.0943252295255661,0.9890000224113464,0.9495999813079834
YIL105C,YDL014W,0,-0.3717344,0.09431622922420502,0.9890000224113464,0.9496999979019165
YJL028W,YLR453C,0,-0.371748,0.09430723637342453,0.9890000224113464,0.9498000144958496
YJL204C,YGR195W,0,-0.37182465,0.09429824352264404,0.9890000224113464,0.9498999714851379
YOL119C,YHR128W,0,-0.37215295,0.09428925812244415,0.9890000224113464,0.949999988079071
YGR028W,YDR266C,0,-0.37219048,0.09428026527166367,0.9890000224113464,0.9501000046730042
YDR006C,YOL058W,0,-0.37282488,0.09427127987146378,0.9890000224113464,0.9502000212669373
YGR249W,YLR229C,0,-0.3730781,0.09426229447126389,0.9890000224113464,0.9502999782562256
YOR344C,YER170W,0,-0.37349573,0.094253309071064,0.9890000224113464,0.9503999948501587
YDL181W,YNR023W,0,-0.3735322,0.0942443311214447,0.9890000224113464,0.9505000114440918
YHR104W,YDR266C,0,-0.37466013,0.09423535317182541,0.9890000224113464,0.9506000280380249
YPR066W,YBL003C,0,-0.37513995,0.09422637522220612,0.9890000224113464,0.9506999850273132
YER026C,YGL055W,0,-0.3751609,0.09421739727258682,0.9890000224113464,0.9508000016212463
YGL032C,YDR409W,0,-0.37565547,0.09420841932296753,0.9890000224113464,0.9509000182151794
YOR328W,YGL175C,0,-0.37599757,0.09419944882392883,0.9890000224113464,0.9509999752044678
YDL079C,YBR227C,0,-0.3761366,0.09419047832489014,0.9890000224113464,0.9510999917984009
YHR072W,YHL018W,0,-0.3766191,0.09418150782585144,0.9890000224113464,0.951200008392334
YNL002C,YOR150W,1,-0.37677333,0.09426775574684143,0.9900000095367432,0.951200008392334
YGL245W,YDL239C,0,-0.37814534,0.09425878524780273,0.9900000095367432,0.9513000249862671
YDL014W,YER094C,0,-0.37816742,0.09424980729818344,0.9900000095367432,0.9513999819755554
YHR115C,YDL191W,0,-0.37844968,0.09424083679914474,0.9900000095367432,0.9514999985694885
YCR068W,YOL058W,0,-0.3787044,0.09423186630010605,0.9900000095367432,0.9516000151634216
YKL137W,YNL220W,0,-0.37876317,0.09422289580106735,0.9900000095367432,0.95169997215271
YCR066W,YNL075W,0,-0.37913233,0.09421393275260925,0.9900000095367432,0.9517999887466431
YNL209W,YCR069W,0,-0.3795264,0.09420496970415115,0.9900000095367432,0.9519000053405762
YPR020W,YJL115W,0,-0.3796023,0.09419600665569305,0.9900000095367432,0.9520000219345093
YBR217W,YOL017W,0,-0.38000473,0.09418704360723495,0.9900000095367432,0.9520999789237976
YNR032W,YGR163W,0,-0.38026175,0.09417808055877686,0.9900000095367432,0.9521999955177307
YNL305C,YJL014W,0,-0.3805261,0.09416912496089935,0.9900000095367432,0.9523000121116638
YKR086W,YHR128W,0,-0.3809177,0.09416016936302185,0.9900000095367432,0.9524000287055969
YER021W,YNL113W,0,-0.38103595,0.09415121376514435,0.9900000095367432,0.9524999856948853
YGR049W,YJL203W,0,-0.38109422,0.09414225816726685,0.9900000095367432,0.9526000022888184
YPR145W,YLR035C,0,-0.38154188,0.09413331001996994,0.9900000095367432,0.9527000188827515
YDR210W,YJR159W,0,-0.38202462,0.09412436187267303,0.9900000095367432,0.9527999758720398
YDL004W,YNL021W,0,-0.38216743,0.09411541372537613,0.9900000095367432,0.9528999924659729
YCL040W,YER157W,0,-0.38241294,0.09410646557807922,0.9900000095367432,0.953000009059906
YDL178W,YKR018C,0,-0.38262424,0.09409751743078232,0.9900000095367432,0.9531000256538391
YMR260C,YBR204C,0,-0.3829609,0.09408857673406601,0.9900000095367432,0.9531999826431274
YGL099W,YFL050C,0,-0.38316992,0.0940796360373497,0.9900000095367432,0.9532999992370605
YDL049C,YOR003W,0,-0.38355243,0.09407069534063339,0.9900000095367432,0.9534000158309937
YCL019W,YHR115C,0,-0.383685,0.09406175464391708,0.9900000095367432,0.953499972820282
YLR342W,YBR044C,0,-0.38381296,0.09405282139778137,0.9900000095367432,0.9535999894142151
YGL055W,YIL010W,0,-0.38428488,0.09404388815164566,0.9900000095367432,0.9537000060081482
YOL146W,YLR216C,0,-0.3846427,0.09403495490550995,0.9900000095367432,0.9538000226020813
YHR098C,YCR089W,0,-0.38542542,0.09402602165937424,0.9900000095367432,0.9538999795913696
YKR060W,YOR028C,0,-0.38550535,0.09401709586381912,0.9900000095367432,0.9539999961853027
YGR183C,YLR341W,0,-0.3862414,0.09400817006826401,0.9900000095367432,0.9541000127792358
YJR091C,YOR196C,0,-0.38648623,0.0939992368221283,0.9900000095367432,0.954200029373169
YNR056C,YGL156W,0,-0.38667446,0.09399031847715378,0.9900000095367432,0.9542999863624573
YOR115C,YDL044C,0,-0.38668296,0.09398139268159866,0.9900000095367432,0.9544000029563904
YMR030W,YBL100W-A,0,-0.38670358,0.09397247433662415,0.9900000095367432,0.9545000195503235
YBR079C,YIL168W,0,-0.38714308,0.09396355599164963,0.9900000095367432,0.9545999765396118
YBR203W,YGR280C,0,-0.38765156,0.09395463764667511,0.9900000095367432,0.9546999931335449
YBR088C,YJL100W,0,-0.38880208,0.09394571930170059,0.9900000095367432,0.954800009727478
YJL116C,YPL242C,0,-0.38903493,0.09393680840730667,0.9900000095367432,0.9549000263214111
YMR119W,YOR056C,0,-0.38916942,0.09392789006233215,0.9900000095367432,0.9549999833106995
YAL001C,YDL213C,0,-0.38940385,0.09391898661851883,0.9900000095367432,0.9550999999046326
YNL035C,YBR057C,0,-0.38963795,0.09391007572412491,0.9900000095367432,0.9552000164985657
YML024W,YKL193C,0,-0.38978395,0.09390116482973099,0.9900000095367432,0.955299973487854
YGR247W,YPL128C,0,-0.3900467,0.09389226138591766,0.9900000095367432,0.9553999900817871
YIL099W,YHR141C,0,-0.39029196,0.09388335794210434,0.9900000095367432,0.9555000066757202
YNL209W,YPR025C,0,-0.3903667,0.09387445449829102,0.9900000095367432,0.9556000232696533
YBR068C,YER001W,0,-0.3905312,0.09386555105447769,0.9900000095367432,0.9556999802589417
YDR307W,YDL014W,0,-0.39055964,0.09385665506124496,0.9900000095367432,0.9557999968528748
YOR205C,YNL093W,0,-0.3906295,0.09384775906801224,0.9900000095367432,0.9559000134468079
YPL217C,YEL020C,0,-0.39091536,0.09383886307477951,0.9900000095367432,0.9559999704360962
YFL024C,YOR231W,0,-0.3912005,0.09382996708154678,0.9900000095367432,0.9560999870300293
YGL043W,YAR066W,0,-0.39148468,0.09382107853889465,0.9900000095367432,0.9562000036239624
YLL015W,YBL100W-A,0,-0.39175382,0.09381218254566193,0.9900000095367432,0.9563000202178955
YGL130W,YAR003W,0,-0.39208576,0.0938032940030098,0.9900000095367432,0.9563999772071838
YDR171W,YBR021W,0,-0.39209852,0.09379441291093826,0.9900000095367432,0.9564999938011169
YDR432W,YCR089W,0,-0.39279762,0.09378552436828613,0.9900000095367432,0.95660001039505
YLR342W,YOL013C,0,-0.39308217,0.0937766432762146,0.9900000095367432,0.9567000269889832
YHR091C,YMR291W,0,-0.39313015,0.09376776218414307,0.9900000095367432,0.9567999839782715
YFL055W,YJL111W,0,-0.393711,0.09375888109207153,0.9900000095367432,0.9569000005722046
YCL030C,YDL222C,0,-0.39390472,0.09375,0.9900000095367432,0.9570000171661377
YNL090W,YDR538W,0,-0.39418122,0.09374112635850906,0.9900000095367432,0.957099974155426
YPL242C,YMR271C,0,-0.3945722,0.09373224526643753,0.9900000095367432,0.9571999907493591
YDR408C,YOR100C,0,-0.39489532,0.0937233716249466,0.9900000095367432,0.9573000073432922
YGL048C,YOR153W,0,-0.39532474,0.09371450543403625,0.9900000095367432,0.9574000239372253
YMR113W,YKR025W,0,-0.3955303,0.09370563179254532,0.9900000095367432,0.9574999809265137
YEL003W,YKR046C,0,-0.3959972,0.09369676560163498,0.9900000095367432,0.9575999975204468
YPL016W,YGR284C,0,-0.39600375,0.09368789941072464,0.9900000095367432,0.9577000141143799
YNL030W,YLL023C,0,-0.39634392,0.0936790332198143,0.9900000095367432,0.9577999711036682
YGL133W,YER001W,0,-0.39673525,0.09367016702890396,0.9900000095367432,0.9578999876976013
YGL033W,YJL076W,0,-0.3967531,0.09366130828857422,0.9900000095367432,0.9580000042915344
YLR095C,YER094C,0,-0.3969253,0.09365244209766388,0.9900000095367432,0.9581000208854675
YCL011C,YMR113W,0,-0.3971434,0.09364358335733414,0.9900000095367432,0.9581999778747559
YGL079W,YNL097C,0,-0.39725396,0.09363473206758499,0.9900000095367432,0.958299994468689
YOL146W,YGR038W,0,-0.39748374,0.09362587332725525,0.9900000095367432,0.9584000110626221
YPL016W,YLR275W,0,-0.39752093,0.0936170220375061,0.9900000095367432,0.9585000276565552
YBR132C,YEL042W,0,-0.39790878,0.09360817074775696,0.9900000095367432,0.9585999846458435
YPR056W,YBR014C,0,-0.39797056,0.09359931945800781,0.9900000095367432,0.9587000012397766
YDR522C,YDR293C,0,-0.3992306,0.09359046816825867,0.9900000095367432,0.9588000178337097
YGL134W,YMR190C,0,-0.39931652,0.09358162432909012,0.9900000095367432,0.958899974822998
YER003C,YIL097W,0,-0.39937764,0.09357278048992157,0.9900000095367432,0.9589999914169312
YNL299W,YNL321W,0,-0.39967582,0.09356393665075302,0.9900000095367432,0.9591000080108643
YHR200W,YOR010C,0,-0.40018895,0.09355509281158447,0.9900000095367432,0.9592000246047974
YPL030W,YKL065C,0,-0.40067968,0.09354625642299652,0.9900000095367432,0.9592999815940857
YNR039C,YGR098C,0,-0.4007318,0.09353741258382797,0.9900000095367432,0.9593999981880188
YER119C,YPL266W,0,-0.4007775,0.09352857619524002,0.9900000095367432,0.9595000147819519
YKL188C,YLR388W,0,-0.40103918,0.09351973980665207,0.9900000095367432,0.9595999717712402
YJL204C,YBL036C,0,-0.40176943,0.09351091086864471,0.9900000095367432,0.9596999883651733
YML126C,YNL125C,0,-0.40181434,0.09350207448005676,0.9900000095367432,0.9598000049591064
YBL084C,YER048C,0,-0.402176,0.09349324554204941,0.9900000095367432,0.9599000215530396
YJR056C,YER124C,0,-0.4029937,0.09348441660404205,0.9900000095367432,0.9599999785423279
YKR067W,YCR048W,0,-0.40409976,0.0934755951166153,0.9900000095367432,0.960099995136261
YPR107C,YEL055C,0,-0.40414244,0.09346676617860794,0.9900000095367432,0.9602000117301941
YJL091C,YHR102W,0,-0.40421233,0.09345794469118118,0.9900000095367432,0.9603000283241272
YER039C,YGR163W,0,-0.40466538,0.09344912320375443,0.9900000095367432,0.9603999853134155
YDR221W,YJR014W,0,-0.4050317,0.09344030171632767,0.9900000095367432,0.9605000019073486
YPR065W,YER094C,0,-0.40504405,0.09343148022890091,0.9900000095367432,0.9606000185012817
YNR036C,YBL009W,0,-0.40592164,0.09342266619205475,0.9900000095367432,0.9606999754905701
YFL052W,YKL073W,0,-0.40609747,0.09341385215520859,0.9900000095367432,0.9607999920845032
YDL156W,YNL241C,0,-0.406412,0.09340503811836243,0.9900000095367432,0.9609000086784363
YPL072W,YJL122W,0,-0.40738395,0.09339622408151627,0.9900000095367432,0.9610000252723694
YPL084W,YBR088C,0,-0.40762088,0.0933874174952507,0.9900000095367432,0.9610999822616577
YNL071W,YGL175C,0,-0.4082134,0.09337861090898514,0.9900000095367432,0.9611999988555908
YML062C,YNL035C,0,-0.4087929,0.09336980432271957,0.9900000095367432,0.9613000154495239
YOR095C,YMR162C,0,-0.40887454,0.09336099773645401,0.9900000095367432,0.9613999724388123
YGL099W,YFL053W,0,-0.40891266,0.09335219115018845,0.9900000095367432,0.9614999890327454
YPL029W,YHR123W,0,-0.40927964,0.09334339201450348,0.9900000095367432,0.9616000056266785
YDL079C,YEL046C,0,-0.409752,0.09333459287881851,0.9900000095367432,0.9617000222206116
YPR058W,YGL156W,0,-0.4098876,0.09332579374313354,0.9900000095367432,0.9617999792098999
YGR087C,YBR014C,0,-0.410695,0.09331699460744858,0.9900000095367432,0.961899995803833
YLR372W,YLL023C,0,-0.4108018,0.09330820292234421,0.9900000095367432,0.9620000123977661
YBR203W,YMR199W,0,-0.4109603,0.09329940378665924,0.9900000095367432,0.9621000289916992
YDR123C,YJL100W,0,-0.4110755,0.09329061210155487,0.9900000095367432,0.9621999859809875
YLR057W,YCR097W,0,-0.4113939,0.0932818278670311,0.9900000095367432,0.9623000025749207
YLR393W,YIR035C,0,-0.41289964,0.09327303618192673,0.9900000095367432,0.9624000191688538
YIL091C,YDR051C,0,-0.41353112,0.09326425194740295,0.9900000095367432,0.9624999761581421
YLR216C,YLR003C,0,-0.41612855,0.09325546026229858,0.9900000095367432,0.9625999927520752
YOL097C,YKR087C,0,-0.4162687,0.09324668347835541,0.9900000095367432,0.9627000093460083
YJR095W,YGL150C,0,-0.4162938,0.09323789924383163,0.9900000095367432,0.9628000259399414
YDR462W,YOR293W,0,-0.41642454,0.09322911500930786,0.9900000095367432,0.9628999829292297
YIR007W,YOR188W,0,-0.41699457,0.09322033822536469,0.9900000095367432,0.9629999995231628
YDR194C,YHR043C,0,-0.41749045,0.09321156144142151,0.9900000095367432,0.963100016117096
YDR324C,YLL032C,0,-0.41756794,0.09320278465747833,0.9900000095367432,0.9631999731063843
YLR242C,YML007W,0,-0.41759136,0.09319401532411575,0.9900000095367432,0.9632999897003174
YKL027W,YDR506C,0,-0.41796124,0.09318523854017258,0.9900000095367432,0.9634000062942505
YNL002C,YGR220C,1,-0.4179668,0.09327058494091034,0.9909999966621399,0.9634000062942505
YGR109C,YDR171W,0,-0.4181055,0.09326180815696716,0.9909999966621399,0.9635000228881836
YBL004W,YGR289C,0,-0.4181977,0.09325303137302399,0.9909999966621399,0.9635999798774719
YNL088W,YJL020C,0,-0.4184308,0.09324426203966141,0.9909999966621399,0.963699996471405
YFR042W,YOL039W,0,-0.41844842,0.09323548525571823,0.9909999966621399,0.9638000130653381
YMR116C,YPR025C,0,-0.41886225,0.09322671592235565,0.9909999966621399,0.9639000296592712
YPL162C,YER172C,0,-0.41931888,0.09321794658899307,0.9909999966621399,0.9639999866485596
YKL146W,YNL256W,0,-0.41965196,0.0932091772556305,0.9909999966621399,0.9641000032424927
YNL067W,YKL148C,0,-0.41992012,0.09320041537284851,0.9909999966621399,0.9642000198364258
YDR293C,YMR083W,0,-0.42006233,0.09319164603948593,0.9909999966621399,0.9642999768257141
YDR119W,YLL023C,0,-0.42048034,0.09318288415670395,0.9909999966621399,0.9643999934196472
YLR275W,YOR256C,0,-0.420971,0.09317412227392197,0.9909999966621399,0.9645000100135803
YOR094W,YGR125W,0,-0.4210579,0.09316536784172058,0.9909999966621399,0.9646000266075134
YNL075W,YDR293C,0,-0.42118314,0.0931566059589386,0.9909999966621399,0.9646999835968018
YEL042W,YGR231C,0,-0.42159572,0.09314785152673721,0.9909999966621399,0.9648000001907349
YCR073C,YJR088C,0,-0.42160514,0.09313909709453583,0.9909999966621399,0.964900016784668
YFL034C-B,YDR522C,0,-0.4216314,0.09313034266233444,0.9909999966621399,0.9649999737739563
YJR095W,YMR277W,0,-0.42221123,0.09312159568071365,0.9909999966621399,0.9650999903678894
YHL002W,YOR361C,0,-0.42262098,0.09311284124851227,0.9909999966621399,0.9652000069618225
YMR309C,YIL017C,0,-0.4227668,0.09310409426689148,0.9909999966621399,0.9653000235557556
YDR184C,YDR314C,0,-0.4228326,0.09309534728527069,0.9909999966621399,0.965399980545044
YLR342W,YDR484W,0,-0.42301443,0.0930866077542305,0.9909999966621399,0.965499997138977
YKR087C,YNL336W,0,-0.42312062,0.09307786077260971,0.9909999966621399,0.9656000137329102
YPL211W,YPR103W,0,-0.4232153,0.09306912124156952,0.9909999966621399,0.9656999707221985
YOR150W,YGL120C,1,-0.42328504,0.09315428882837296,0.9919999837875366,0.9656999707221985
YNL002C,YGL038C,0,-0.42336303,0.09314554184675217,0.9919999837875366,0.9657999873161316
YML022W,YPL270W,0,-0.4240418,0.09313679486513138,0.9919999837875366,0.9659000039100647
YNL030W,YKL157W,0,-0.42500094,0.09312804788351059,0.9919999837875366,0.9660000205039978
YBR302C,YNL220W,0,-0.42505607,0.0931193083524704,0.9919999837875366,0.9660999774932861
YKL221W,YML026C,0,-0.42521366,0.0931105688214302,0.9919999837875366,0.9661999940872192
YEL026W,YGR231C,0,-0.4253887,0.09310182929039001,0.9919999837875366,0.9663000106811523
YHR034C,YER183C,0,-0.42565072,0.09309308975934982,0.9919999837875366,0.9664000272750854
YMR014W,YPR201W,0,-0.42571104,0.09308435767889023,0.9919999837875366,0.9664999842643738
YFL008W,YIL097W,0,-0.4258515,0.09307562559843063,0.9919999837875366,0.9666000008583069
YER118C,YJL099W,0,-0.42603186,0.09306689351797104,0.9919999837875366,0.96670001745224
YLR071C,YDR506C,0,-0.42683485,0.09305816143751144,0.9919999837875366,0.9667999744415283
YDL020C,YAL042W,0,-0.42691618,0.09304942935705185,0.9919999837875366,0.9668999910354614
YDR324C,YKL193C,0,-0.42735535,0.09304070472717285,0.9919999837875366,0.9670000076293945
YJR099W,YDL201W,0,-0.42738983,0.09303198009729385,0.9919999837875366,0.9671000242233276
YIR007W,YOR293W,0,-0.42789397,0.09302325546741486,0.9919999837875366,0.967199981212616
YNL323W,YNL316C,0,-0.42836288,0.09301453083753586,0.9919999837875366,0.9672999978065491
YML025C,YHR066W,1,-0.42894465,0.09309957176446915,0.9929999709129333,0.9672999978065491
YBR136W,YNR046W,0,-0.43020648,0.09309083968400955,0.9929999709129333,0.9674000144004822
YOR173W,YML008C,0,-0.43025815,0.09308211505413055,0.9929999709129333,0.9674999713897705
YLR336C,YER094C,0,-0.43051445,0.09307339042425156,0.9929999709129333,0.9675999879837036
YJL074C,YOR005C,0,-0.43066657,0.09306466579437256,0.9929999709129333,0.9677000045776367
YBR132C,YPL128C,0,-0.4313073,0.09305594861507416,0.9929999709129333,0.9678000211715698
YBR132C,YLR453C,0,-0.43330628,0.09304722398519516,0.9929999709129333,0.9678999781608582
YJR152W,YGR280C,0,-0.43333682,0.09303850680589676,0.9929999709129333,0.9679999947547913
YBL006C,YOR030W,0,-0.43375227,0.09302978962659836,0.9929999709129333,0.9681000113487244
YGL020C,YKL157W,0,-0.4339042,0.09302107989788055,0.9929999709129333,0.9682000279426575
YOR033C,YMR154C,0,-0.43414748,0.09301236271858215,0.9929999709129333,0.9682999849319458
YFL062W,YJR002W,0,-0.43424734,0.09300365298986435,0.9929999709129333,0.9684000015258789
YGL208W,YHR183W,0,-0.43441117,0.09299494326114655,0.9929999709129333,0.968500018119812
YOR094W,YDR043C,0,-0.43466958,0.09298623353242874,0.9929999709129333,0.9685999751091003
YBR280C,YEL026W,0,-0.43481433,0.09297753125429153,0.9929999709129333,0.9686999917030334
YDR485C,YDR432W,0,-0.43511933,0.09296882152557373,0.9929999709129333,0.9688000082969666
YBR132C,YLR336C,0,-0.43613076,0.09296011924743652,0.9929999709129333,0.9689000248908997
YDR210W,YBR179C,0,-0.43614808,0.09295141696929932,0.9929999709129333,0.968999981880188
YDR097C,YOR371C,0,-0.4361572,0.09294271469116211,0.9929999709129333,0.9690999984741211
YFL050C,YOR073W,0,-0.4364713,0.0929340198636055,0.9929999709129333,0.9692000150680542
YIL041W,YGR271C-A,0,-0.43656126,0.09292532503604889,0.9929999709129333,0.9692999720573425
YEL011W,YBR127C,0,-0.43668613,0.09291663020849228,0.9929999709129333,0.9693999886512756
YGR049W,YLR089C,0,-0.43681797,0.09290793538093567,0.9929999709129333,0.9695000052452087
YDR346C,YOR022C,0,-0.4369981,0.09289924055337906,0.9929999709129333,0.9696000218391418
YMR030W,YER160C,0,-0.43820485,0.09289055317640305,0.9929999709129333,0.9696999788284302
YKL188C,YJL122W,0,-0.43846625,0.09288186579942703,0.9929999709129333,0.9697999954223633
YJL145W,YIL099W,0,-0.4387494,0.09287317842245102,0.9929999709129333,0.9699000120162964
YNL090W,YDR017C,0,-0.43943003,0.092864491045475,0.9929999709129333,0.9700000286102295
YLR066W,YIL097W,0,-0.43968466,0.09285580366849899,0.9929999709129333,0.9700999855995178
YGR220C,YJL122W,1,-0.4406826,0.09294062852859497,0.9940000176429749,0.9700999855995178
YER054C,YBL027W,0,-0.44087163,0.09293193370103836,0.9940000176429749,0.9702000021934509
YDR462W,YBL003C,0,-0.44088146,0.09292324632406235,0.9940000176429749,0.970300018787384
YDR210W,YMR029C,0,-0.44109294,0.09291456639766693,0.9940000176429749,0.9703999757766724
YBR126C,YKL073W,0,-0.4415355,0.09290587902069092,0.9940000176429749,0.9704999923706055
YLL036C,YNL106C,0,-0.44156238,0.0928971990942955,0.9940000176429749,0.9706000089645386
YBR203W,YBR152W,0,-0.4415694,0.09288851171731949,0.9940000176429749,0.9707000255584717
YKL049C,YJR064W,0,-0.44157973,0.09287983924150467,0.9940000176429749,0.97079998254776
YOR312C,YBR204C,0,-0.44198754,0.09287115931510925,0.9940000176429749,0.9708999991416931
YLR132C,YHR196W,0,-0.4421056,0.09286247938871384,0.9940000176429749,0.9710000157356262
YHL013C,YKL157W,0,-0.44221023,0.09285380691289902,0.9940000176429749,0.9710999727249146
YBR216C,YJL050W,0,-0.44266808,0.0928451344370842,0.9940000176429749,0.9711999893188477
YPR061C,YBR127C,0,-0.44274262,0.09283646196126938,0.9940000176429749,0.9713000059127808
YLR205C,YKL120W,0,-0.44291082,0.09282778948545456,0.9940000176429749,0.9714000225067139
YHL009C,YDR113C,0,-0.4434587,0.09281912446022034,0.9940000176429749,0.9714999794960022
YBR084C-A,YKL167C,0,-0.44349945,0.09281045943498611,0.9940000176429749,0.9715999960899353
YDL153C,YGL156W,0,-0.4436995,0.09280179440975189,0.9940000176429749,0.9717000126838684
YCR072C,YOR150W,1,-0.44390383,0.09288648515939713,0.9950000047683716,0.9717000126838684
YCL040W,YDL201W,0,-0.444285,0.0928778126835823,0.9950000047683716,0.9718000292778015
YDR452W,YBL018C,0,-0.44487527,0.09286914020776749,0.9950000047683716,0.9718999862670898
YLR369W,YMR305C,0,-0.4451765,0.09286047518253326,0.9950000047683716,0.972000002861023
YGL250W,YML019W,0,-0.44580624,0.09285181015729904,0.9950000047683716,0.972100019454956
YGL145W,YJL100W,0,-0.4459053,0.09284314513206482,0.9950000047683716,0.9721999764442444
YMR309C,YLR216C,0,-0.44691578,0.0928344875574112,0.9950000047683716,0.9722999930381775
YOR095C,YHR124W,0,-0.44754472,0.09282582253217697,0.9950000047683716,0.9724000096321106
YCR024C-A,YLR178C,0,-0.44825032,0.09281716495752335,0.9950000047683716,0.9725000262260437
YER035W,YCL030C,0,-0.44876096,0.09280850738286972,0.9950000047683716,0.972599983215332
YOR033C,YKL222C,0,-0.44887233,0.0927998498082161,0.9950000047683716,0.9726999998092651
YPL015C,YLR229C,0,-0.44891804,0.09279119968414307,0.9950000047683716,0.9728000164031982
YLR423C,YPL032C,0,-0.44940808,0.09278254210948944,0.9950000047683716,0.9728999733924866
YKR067W,YGL008C,0,-0.44961536,0.09277389198541641,0.9950000047683716,0.9729999899864197
YDL188C,YHR107C,0,-0.44968036,0.09276524186134338,0.9950000047683716,0.9731000065803528
YBR084C-A,YFL050C,0,-0.45056102,0.09275659918785095,0.9950000047683716,0.9732000231742859
YKR067W,YIR033W,0,-0.45056507,0.09274794906377792,0.9950000047683716,0.9732999801635742
YGR090W,YKL163W,0,-0.45172617,0.09273930639028549,0.9950000047683716,0.9733999967575073
YLR081W,YML014W,0,-0.45174456,0.09273066371679306,0.9950000047683716,0.9735000133514404
YJL104W,YJL100W,0,-0.45215148,0.09272202104330063,0.9950000047683716,0.9735999703407288
YDR324C,YGR289C,0,-0.45216063,0.0927133783698082,0.9950000047683716,0.9736999869346619
YIL117C,YLR341W,0,-0.4525465,0.09270474314689636,0.9950000047683716,0.973800003528595
YCR067C,YPL237W,0,-0.45302865,0.09269610792398453,0.9950000047683716,0.9739000201225281
YMR047C,YGL121C,0,-0.45307162,0.09268747270107269,0.9950000047683716,0.9739999771118164
YMR280C,YLR003C,0,-0.45335022,0.09267883747816086,0.9950000047683716,0.9740999937057495
YDR099W,YGR280C,0,-0.4548259,0.09267020225524902,0.9950000047683716,0.9742000102996826
YER058W,YPR112C,0,-0.45496404,0.09266157448291779,0.9950000047683716,0.9743000268936157
YLL039C,YOR073W,0,-0.45506656,0.09265294671058655,0.9950000047683716,0.974399983882904
YDR099W,YNL256W,0,-0.45513567,0.09264431893825531,0.9950000047683716,0.9745000004768372
YER039C,YBL002W,0,-0.45564365,0.09263569861650467,0.9950000047683716,0.9746000170707703
YHR123W,YKR024C,0,-0.45670816,0.09262707084417343,0.9950000047683716,0.9746999740600586
YOR150W,YFR001W,1,-0.45672515,0.09271153062582016,0.9959999918937683,0.9746999740600586
YDR097C,YKL065C,0,-0.45704266,0.09270290285348892,0.9959999918937683,0.9747999906539917
YMR030W,YDR267C,0,-0.4570972,0.09269427508115768,0.9959999918937683,0.9749000072479248
YPL241C,YLR393W,0,-0.45716473,0.09268564730882645,0.9959999918937683,0.9750000238418579
YGL001C,YLR136C,0,-0.45733282,0.0926770269870758,0.9959999918937683,0.9750999808311462
YLR297W,YDR225W,0,-0.45734328,0.09266840666532516,0.9959999918937683,0.9751999974250793
YHR016C,YHR128W,0,-0.45764127,0.09265977889299393,0.9959999918937683,0.9753000140190125
YAL001C,YGL234W,0,-0.45813927,0.09265116602182388,0.9959999918937683,0.9753999710083008
YDL049C,YNL275W,0,-0.4582732,0.09264254570007324,0.9959999918937683,0.9754999876022339
YHR187W,YDL010W,0,-0.45875975,0.0926339253783226,0.9959999918937683,0.975600004196167
YKR086W,YHR019C,0,-0.4591879,0.09262531250715256,0.9959999918937683,0.9757000207901001
YBR203W,YOR198C,0,-0.45927924,0.09261669963598251,0.9959999918937683,0.9757999777793884
YKR098C,YGL097W,0,-0.45943794,0.09260808676481247,0.9959999918937683,0.9758999943733215
YGR198W,YMR029C,0,-0.4607434,0.09259948134422302,0.9959999918937683,0.9760000109672546
YLR064W,YHR107C,0,-0.46134025,0.09259086847305298,0.9959999918937683,0.9761000275611877
YBR228W,YOL148C,0,-0.46190304,0.09258226305246353,0.9959999918937683,0.9761999845504761
YMR014W,YKL107W,0,-0.46240848,0.09257365763187408,0.9959999918937683,0.9763000011444092
YLR081W,YDL014W,0,-0.46248916,0.09256505221128464,0.9959999918937683,0.9764000177383423
YHR098C,YOR058C,0,-0.46253067,0.09255645424127579,0.9959999918937683,0.9764999747276306
YPL024W,YER124C,0,-0.46405858,0.09254785627126694,0.9959999918937683,0.9765999913215637
YKL188C,YHL013C,0,-0.46512976,0.09253925830125809,0.9959999918937683,0.9767000079154968
YGL145W,YDR099W,0,-0.4652838,0.09253066033124924,0.9959999918937683,0.9768000245094299
YGR152C,YJR091C,0,-0.46914712,0.09252206236124039,0.9959999918937683,0.9768999814987183
YOR150W,YHR088W,1,-0.469593,0.09260635077953339,0.996999979019165,0.9768999814987183
YHR063C,YDL079C,0,-0.4697388,0.09259775280952454,0.996999979019165,0.9769999980926514
YLR408C,YLR002C,0,-0.47045204,0.09258915483951569,0.996999979019165,0.9771000146865845
YGL166W,YJL014W,0,-0.47049615,0.09258055686950684,0.996999979019165,0.9771999716758728
YNL069C,YDR141C,0,-0.47206232,0.09257195889949799,0.996999979019165,0.9772999882698059
YGL048C,YPR112C,0,-0.47208682,0.09256336092948914,0.996999979019165,0.977400004863739
YDR202C,YJR002W,0,-0.4725238,0.09255477041006088,0.996999979019165,0.9775000214576721
YLR210W,YER004W,0,-0.47268134,0.09254617989063263,0.996999979019165,0.9775999784469604
YNL254C,YLR229C,0,-0.47298923,0.09253758937120438,0.996999979019165,0.9776999950408936
YCR079W,YJL014W,0,-0.4733333,0.09252899885177612,0.996999979019165,0.9778000116348267
YHR065C,YNL134C,0,-0.47384232,0.09252041578292847,0.996999979019165,0.9779000282287598
YKL146W,YER073W,0,-0.47428694,0.09251183271408081,0.996999979019165,0.9779999852180481
YDL212W,YMR170C,0,-0.47646436,0.09250324964523315,0.996999979019165,0.9781000018119812
YDR216W,YLR066W,0,-0.4773949,0.0924946665763855,0.996999979019165,0.9782000184059143
YER141W,YLR275W,0,-0.4784254,0.09248608350753784,0.996999979019165,0.9782999753952026
YKL096W,YLR453C,0,-0.4787144,0.09247750788927078,0.996999979019165,0.9783999919891357
YLR002C,YPL181W,0,-0.47915784,0.09246893227100372,0.996999979019165,0.9785000085830688
YGL250W,YNL090W,0,-0.47922173,0.09246035665273666,0.996999979019165,0.978600025177002
YBR019C,YJL207C,0,-0.4792852,0.0924517810344696,0.996999979019165,0.9786999821662903
YIL127C,YBL050W,0,-0.4807156,0.09244320541620255,0.996999979019165,0.9787999987602234
YPR151C,YML093W,0,-0.4812657,0.09243463724851608,0.996999979019165,0.9789000153541565
YDL049C,YHR083W,0,-0.4825224,0.09242606908082962,0.996999979019165,0.9789999723434448
YIL097W,YNL279W,0,-0.48271236,0.09241750091314316,0.996999979019165,0.9790999889373779
YFL024C,YFR055W,0,-0.48315158,0.0924089327454567,0.996999979019165,0.979200005531311
YJL145W,YGR289C,0,-0.4834133,0.09240037202835083,0.996999979019165,0.9793000221252441
YML110C,YGL099W,0,-0.48370007,0.09239181131124496,0.996999979019165,0.9793999791145325
YBR073W,YGR163W,0,-0.48422888,0.0923832431435585,0.996999979019165,0.9794999957084656
YOL115W,YKL184W,0,-0.48508748,0.09237468987703323,0.996999979019165,0.9796000123023987
YHR091C,YCR034W,0,-0.48703673,0.09236612915992737,0.996999979019165,0.9797000288963318
YPL030W,YIL010W,0,-0.48769805,0.0923575758934021,0.996999979019165,0.9797999858856201
YPL023C,YGR240C,0,-0.48770788,0.09234901517629623,0.996999979019165,0.9799000024795532
YGL131C,YPL081W,0,-0.48874965,0.09234046190977097,0.996999979019165,0.9800000190734863
YMR202W,YFL055W,0,-0.49097624,0.0923319160938263,0.996999979019165,0.9800999760627747
YJL010C,YOR173W,0,-0.49164924,0.09232336282730103,0.996999979019165,0.9801999926567078
YBR171W,YGL181W,0,-0.49170116,0.09231481701135635,0.996999979019165,0.9803000092506409
YGR087C,YML062C,0,-0.4920303,0.09230627119541168,0.996999979019165,0.980400025844574
YGL255W,YGL187C,0,-0.4935409,0.09229772537946701,0.996999979019165,0.9804999828338623
YCL033C,YPL032C,0,-0.49424174,0.09228917956352234,0.996999979019165,0.9805999994277954
YDL025C,YLL052C,0,-0.49435154,0.09228063374757767,0.996999979019165,0.9807000160217285
YBR203W,YDL014W,0,-0.495371,0.09227209538221359,0.996999979019165,0.9807999730110168
YOR371C,YJR144W,0,-0.4956173,0.09226355701684952,0.996999979019165,0.98089998960495
YHL018W,YBR179C,0,-0.49628595,0.09225501865148544,0.996999979019165,0.9810000061988831
YER004W,YLR341W,0,-0.49699095,0.09224648773670197,0.996999979019165,0.9811000227928162
YNL222W,YFL053W,0,-0.49785492,0.09223794937133789,0.996999979019165,0.9811999797821045
YPL211W,YDR394W,0,-0.49822202,0.09222941845655441,0.996999979019165,0.9812999963760376
YGL048C,YDL150W,0,-0.4991357,0.09222088754177094,0.996999979019165,0.9814000129699707
YJL207C,YOR190W,0,-0.49941006,0.09221235662698746,0.996999979019165,0.9815000295639038
YHR112C,YGR280C,0,-0.4999489,0.09220382571220398,0.996999979019165,0.9815999865531921
YNL275W,YER018C,0,-0.50077474,0.0921953022480011,0.996999979019165,0.9817000031471252
YHR063C,YDL174C,0,-0.50106776,0.09218677878379822,0.996999979019165,0.9818000197410583
YOR115C,YBR132C,0,-0.5011183,0.09217825531959534,0.996999979019165,0.9818999767303467
YDR191W,YDL079C,0,-0.5014038,0.09216973185539246,0.996999979019165,0.9819999933242798
YGR059W,YGR108W,0,-0.50201106,0.09216121584177017,0.996999979019165,0.9821000099182129
YOL115W,YIL049W,0,-0.50352407,0.09215269237756729,0.996999979019165,0.982200026512146
YMR161W,YGR215W,0,-0.50427127,0.09214417636394501,0.996999979019165,0.9822999835014343
YGR198W,YNL093W,0,-0.5045612,0.09213566035032272,0.996999979019165,0.9824000000953674
YHR176W,YNL099C,0,-0.504784,0.09212715178728104,0.996999979019165,0.9825000166893005
YOL119C,YDR382W,0,-0.505234,0.09211863577365875,0.996999979019165,0.9825999736785889
YBR088C,YNR069C,0,-0.5062399,0.09211012721061707,0.996999979019165,0.982699990272522
YBL102W,YLR002C,0,-0.5064515,0.09210161864757538,0.996999979019165,0.9828000068664551
YOR150W,YOR272W,1,-0.5064554,0.09218548238277435,0.9980000257492065,0.9828000068664551
YOL013C,YDL014W,0,-0.50690126,0.09217696636915207,0.9980000257492065,0.9829000234603882
YER146W,YLR368W,0,-0.5077402,0.09216845035552979,0.9980000257492065,0.9829999804496765
YOR196C,YJL036W,0,-0.50797385,0.0921599417924881,0.9980000257492065,0.9830999970436096
YPL016W,YJL091C,0,-0.5085094,0.09215143322944641,0.9980000257492065,0.9832000136375427
YBR253W,YOL044W,0,-0.5099754,0.09214292466640472,0.9980000257492065,0.983299970626831
YGL047W,YKL127W,0,-0.5131027,0.09213441610336304,0.9980000257492065,0.9833999872207642
YDR216W,YGR128C,0,-0.51313686,0.09212591499090195,0.9980000257492065,0.9835000038146973
YER146W,YGR287C,0,-0.513317,0.09211740642786026,0.9980000257492065,0.9836000204086304
YOR234C,YER004W,0,-0.5139177,0.09210890531539917,0.9980000257492065,0.9836999773979187
YOR095C,YGR125W,0,-0.5155302,0.09210040420293808,0.9980000257492065,0.9837999939918518
YOR005C,YLR066W,0,-0.5158844,0.09209191054105759,0.9980000257492065,0.9839000105857849
YCR102C,YCL010C,0,-0.51625645,0.0920834094285965,0.9980000257492065,0.984000027179718
YLR362W,YDR037W,0,-0.51777387,0.092074915766716,0.9980000257492065,0.9840999841690063
YDL025C,YML046W,0,-0.5189347,0.09206642210483551,0.9980000257492065,0.9842000007629395
YIR035C,YPL230W,0,-0.51907545,0.09205792844295502,0.9980000257492065,0.9843000173568726
YKR080W,YGR013W,0,-0.5195384,0.09204943478107452,0.9980000257492065,0.9843999743461609
YGR198W,YFL052W,0,-0.5206702,0.09204094856977463,0.9980000257492065,0.984499990940094
YJL002C,YGR249W,0,-0.5210581,0.09203246235847473,0.9980000257492065,0.9846000075340271
YGR059W,YKL211C,0,-0.5218624,0.09202397614717484,0.9980000257492065,0.9847000241279602
YKL086W,YGL079W,0,-0.52295744,0.09201548993587494,0.9980000257492065,0.9847999811172485
YPL086C,YIL105C,0,-0.5251247,0.09200700372457504,0.9980000257492065,0.9848999977111816
YDL226C,YGL156W,0,-0.52592915,0.09199852496385574,0.9980000257492065,0.9850000143051147
YGR013W,YBL027W,0,-0.52621436,0.09199004620313644,0.9980000257492065,0.9850999712944031
YMR135C,YJR064W,0,-0.52626604,0.09198156744241714,0.9980000257492065,0.9851999878883362
YDR043C,YOR339C,0,-0.5263958,0.09197308868169785,0.9980000257492065,0.9853000044822693
YIR007W,YOL058W,0,-0.5269996,0.09196461737155914,0.9980000257492065,0.9854000210762024
YHR141C,YMR271C,0,-0.5299442,0.09195613861083984,0.9980000257492065,0.9854999780654907
YJL050W,YLR216C,0,-0.53134054,0.09194766730070114,0.9980000257492065,0.9855999946594238
YNL241C,YDR037W,0,-0.5357928,0.09193919599056244,0.9980000257492065,0.9857000112533569
YLR174W,YIL158W,0,-0.53593314,0.09193073213100433,0.9980000257492065,0.98580002784729
YDR058C,YPL086C,0,-0.536338,0.09192226082086563,0.9980000257492065,0.9858999848365784
YNL075W,YGL181W,0,-0.5364366,0.09191379696130753,0.9980000257492065,0.9860000014305115
YLL023C,YFL002C,0,-0.5390594,0.09190533310174942,0.9980000257492065,0.9861000180244446
YMR135C,YOL039W,0,-0.53965974,0.09189686924219131,0.9980000257492065,0.9861999750137329
YKR080W,YEL060C,0,-0.54098153,0.09188840538263321,0.9980000257492065,0.986299991607666
YLR372W,YIL122W,0,-0.542399,0.0918799489736557,0.9980000257492065,0.9864000082015991
YJL042W,YPR056W,0,-0.5426593,0.09187149256467819,0.9980000257492065,0.9865000247955322
YLR307W,YGL054C,0,-0.5436549,0.09186303615570068,0.9980000257492065,0.9865999817848206
YBR018C,YKR024C,0,-0.54444927,0.09185457974672318,0.9980000257492065,0.9866999983787537
YFL062W,YOL041C,0,-0.54586416,0.09184612333774567,0.9980000257492065,0.9868000149726868
YKR024C,YIL017C,0,-0.5482403,0.09183767437934875,0.9980000257492065,0.9868999719619751
YDL226C,YIL097W,0,-0.549878,0.09182922542095184,0.9980000257492065,0.9869999885559082
YKR018C,YJL076W,0,-0.5499321,0.09182077646255493,0.9980000257492065,0.9871000051498413
YDR171W,YPR056W,0,-0.55047524,0.09181232750415802,0.9980000257492065,0.9872000217437744
YER054C,YGL097W,0,-0.55227023,0.09180387854576111,0.9980000257492065,0.9872999787330627
YBR132C,YDR450W,0,-0.5527072,0.0917954370379448,0.9980000257492065,0.9873999953269958
YIL117C,YJR002W,0,-0.5528033,0.09178699553012848,0.9980000257492065,0.987500011920929
YDR210W,YNL241C,0,-0.5538117,0.09177855402231216,0.9980000257492065,0.9876000285148621
YER118C,YLR148W,0,-0.5543111,0.09177011251449585,0.9980000257492065,0.9876999855041504
YNL256W,YKL065C,0,-0.554751,0.09176167845726013,0.9980000257492065,0.9878000020980835
YGL160W,YBR104W,0,-0.55513,0.09175324440002441,0.9980000257492065,0.9879000186920166
YGL255W,YDR316W,0,-0.5563969,0.0917448028922081,0.9980000257492065,0.9879999756813049
YPL081W,YLR362W,0,-0.5565331,0.09173637628555298,0.9980000257492065,0.988099992275238
YKR067W,YCR043C,0,-0.5572657,0.09172794222831726,0.9980000257492065,0.9882000088691711
YHR203C,YDR316W,0,-0.55965406,0.09171950817108154,0.9980000257492065,0.9883000254631042
YAL061W,YIL114C,0,-0.55987257,0.09171108156442642,0.9980000257492065,0.9883999824523926
YFL024C,YPR033C,0,-0.5614215,0.0917026549577713,0.9980000257492065,0.9884999990463257
YBL101C,YOR073W,0,-0.56168807,0.09169422835111618,0.9980000257492065,0.9886000156402588
YOR173W,YLR341W,0,-0.5622974,0.09168580919504166,0.9980000257492065,0.9886999726295471
YFR004W,YKL216W,0,-0.562408,0.09167738258838654,0.9980000257492065,0.9887999892234802
YHR183W,YBR293W,0,-0.5631263,0.09166896343231201,0.9980000257492065,0.9889000058174133
YIL050W,YDL201W,0,-0.5633384,0.09166054427623749,0.9980000257492065,0.9890000224113464
YIL158W,YLR119W,0,-0.5638308,0.09165212512016296,0.9980000257492065,0.9890999794006348
YML093W,YJR161C,0,-0.56439215,0.09164371341466904,0.9980000257492065,0.9891999959945679
YNL002C,YBR018C,0,-0.56473064,0.09163529425859451,0.9980000257492065,0.989300012588501
YLR128W,YCL010C,0,-0.5652801,0.09162688255310059,0.9980000257492065,0.9894000291824341
YJL145W,YIL157C,0,-0.5652832,0.09161847084760666,0.9980000257492065,0.9894999861717224
YPL152W,YPL081W,0,-0.5653717,0.09161005914211273,0.9980000257492065,0.9896000027656555
YJR105W,YBL101C,0,-0.56651556,0.0916016548871994,0.9980000257492065,0.9897000193595886
YLR081W,YFL034C-A,0,-0.5669905,0.09159324318170547,0.9980000257492065,0.989799976348877
YML131W,YBR021W,0,-0.5673,0.09158483892679214,0.9980000257492065,0.9898999929428101
YIR007W,YHR128W,0,-0.5685209,0.09157643467187881,0.9980000257492065,0.9900000095367432
YAL061W,YLR453C,0,-0.5687945,0.09156803041696548,0.9980000257492065,0.9901000261306763
YER118C,YIL050W,0,-0.569782,0.09155963361263275,0.9980000257492065,0.9901999831199646
YER006W,YGL121C,0,-0.57000524,0.09155123680830002,0.9980000257492065,0.9902999997138977
YOR150W,YJL122W,1,-0.57088923,0.09163456410169601,0.9990000128746033,0.9902999997138977
YPL266W,YDR484W,0,-0.5722009,0.09162615984678268,0.9990000128746033,0.9904000163078308
YJR019C,YHR128W,0,-0.5729018,0.09161775559186935,0.9990000128746033,0.9904999732971191
YPL217C,YDR214W,0,-0.5746142,0.09160935133695602,0.9990000128746033,0.9905999898910522
YJL050W,YGR013W,0,-0.57672286,0.09160095453262329,0.9990000128746033,0.9907000064849854
YOR118W,YLL042C,0,-0.5767524,0.09159255772829056,0.9990000128746033,0.9908000230789185
YLL039C,YOR153W,0,-0.5768434,0.09158416092395782,0.9990000128746033,0.9908999800682068
YER146W,YOR328W,0,-0.57786626,0.09157576411962509,0.9990000128746033,0.9909999966621399
YDR162C,YBR004C,0,-0.57923716,0.09156736731529236,0.9990000128746033,0.991100013256073
YBR056W,YOR073W,0,-0.5796504,0.09155897796154022,0.9990000128746033,0.9911999702453613
YLR216C,YOR188W,0,-0.58138645,0.09155058860778809,0.9990000128746033,0.9912999868392944
YGL065C,YJR088C,0,-0.5832248,0.09154219925403595,0.9990000128746033,0.9914000034332275
YOL027C,YGL097W,0,-0.5845928,0.09153380990028381,0.9990000128746033,0.9915000200271606
YLR081W,YMR309C,0,-0.5852767,0.09152542054653168,0.9990000128746033,0.991599977016449
YNL067W,YJL099W,0,-0.5856159,0.09151703864336014,0.9990000128746033,0.9916999936103821
YMR278W,YGL055W,0,-0.5882843,0.0915086567401886,0.9990000128746033,0.9918000102043152
YDR302W,YGL133W,0,-0.58861625,0.09150027483701706,0.9990000128746033,0.9919000267982483
YPL045W,YDL004W,0,-0.58867455,0.09149189293384552,0.9990000128746033,0.9919999837875366
YKR013W,YGR256W,0,-0.59056306,0.09148351848125458,0.9990000128746033,0.9921000003814697
YKL146W,YOL058W,0,-0.591843,0.09147513657808304,0.9990000128746033,0.9922000169754028
YGR013W,YGL029W,0,-0.5921383,0.0914667621254921,0.9990000128746033,0.9922999739646912
YHR112C,YER075C,0,-0.59226197,0.09145838767290115,0.9990000128746033,0.9923999905586243
YGL250W,YGL255W,0,-0.5925062,0.09145002067089081,0.9990000128746033,0.9925000071525574
YGR280C,YMR271C,0,-0.59298635,0.09144164621829987,0.9990000128746033,0.9926000237464905
YLR051C,YHR016C,0,-0.60067,0.09143327921628952,0.9990000128746033,0.9926999807357788
YKL193C,YMR305C,0,-0.60164535,0.09142491221427917,0.9990000128746033,0.9927999973297119
YGR108W,YEL060C,0,-0.60303766,0.09141654521226883,0.9990000128746033,0.992900013923645
YGL001C,YDL020C,0,-0.60450435,0.09140817821025848,0.9990000128746033,0.9929999709129333
YPL055C,YPR004C,0,-0.6055411,0.09139981865882874,0.9990000128746033,0.9930999875068665
YCR079W,YML123C,0,-0.60586977,0.09139145910739899,0.9990000128746033,0.9932000041007996
YKL146W,YDL201W,0,-0.605978,0.09138309210538864,0.9990000128746033,0.9933000206947327
YKR067W,YLR022C,0,-0.60647357,0.09137474000453949,0.9990000128746033,0.993399977684021
YLR216C,YGL029W,0,-0.6070321,0.09136638045310974,0.9990000128746033,0.9934999942779541
YOR196C,YPR103W,0,-0.6080458,0.09135802835226059,0.9990000128746033,0.9936000108718872
YEL055C,YKR018C,0,-0.6103453,0.09134966880083084,0.9990000128746033,0.9937000274658203
YLL008W,YOR150W,1,-0.6104864,0.09143275022506714,1.0,0.9937000274658203
YNL069C,YNL134C,0,-0.6128916,0.09142439067363739,1.0,0.9937999844551086
YDR294C,YGL175C,0,-0.61327636,0.09141603112220764,1.0,0.9939000010490417
YPL217C,YJR161C,0,-0.6158653,0.09140767902135849,1.0,0.9940000176429749
YER048C,YDL239C,0,-0.61601806,0.09139932692050934,1.0,0.9940999746322632
YDR085C,YML046W,0,-0.6172757,0.09139096736907959,1.0,0.9941999912261963
YKL188C,YNL090W,0,-0.6179497,0.09138262271881104,1.0,0.9943000078201294
YPL086C,YDR099W,0,-0.62450224,0.09137427061796188,1.0,0.9944000244140625
YLR051C,YNL134C,0,-0.6254461,0.09136591851711273,1.0,0.9944999814033508
YER054C,YJL050W,0,-0.62635684,0.09135757386684418,1.0,0.9945999979972839
YGL250W,YNL256W,0,-0.6271593,0.09134922921657562,1.0,0.994700014591217
YDR385W,YIL050W,0,-0.6275461,0.09134088456630707,1.0,0.9947999715805054
YFL052W,YOR133W,0,-0.62878937,0.09133253991603851,1.0,0.9948999881744385
YLR205C,YOR010C,0,-0.63360804,0.09132420271635056,1.0,0.9950000047683716
YBR298C,YLR003C,0,-0.6336517,0.091315858066082,1.0,0.9951000213623047
YKL113C,YGR256W,0,-0.6353607,0.09130752086639404,1.0,0.995199978351593
YMR052W,YBR088C,0,-0.63552344,0.09129919111728668,1.0,0.9952999949455261
YAR071W,YGL156W,0,-0.6359272,0.09129085391759872,1.0,0.9954000115394592
YDR171W,YBL002W,0,-0.6433252,0.09128251671791077,1.0,0.9955000281333923
YDR225W,YBR056W,0,-0.6454245,0.0912741869688034,1.0,0.9955999851226807
YDL025C,YGR128C,0,-0.6472441,0.09126585721969604,1.0,0.9957000017166138
YPL212C,YJL036W,0,-0.648197,0.09125752747058868,1.0,0.9958000183105469
YKL027W,YLR216C,0,-0.6496743,0.09124920517206192,1.0,0.9958999752998352
YBR088C,YDR255C,0,-0.65127516,0.09124087542295456,1.0,0.9959999918937683
YML131W,YDR210W,0,-0.6542085,0.0912325531244278,1.0,0.9961000084877014
YLR405W,YKL065C,0,-0.65499806,0.09122423082590103,1.0,0.9962000250816345
YGR087C,YNL177C,0,-0.65526974,0.09121590852737427,1.0,0.9962999820709229
YDR104C,YHR098C,0,-0.6552857,0.0912075862288475,1.0,0.996399998664856
YNL002C,YDR237W,0,-0.6579844,0.09119927138090134,1.0,0.9965000152587891
YHR062C,YBR139W,0,-0.65859413,0.09119095653295517,1.0,0.9965999722480774
YCR034W,YLR178C,0,-0.6586827,0.091182641685009,1.0,0.9966999888420105
YDR184C,YDR085C,0,-0.6653911,0.09117432683706284,1.0,0.9968000054359436
YDR184C,YBR139W,0,-0.66787326,0.09116601198911667,1.0,0.9969000220298767
YLR210W,YOR003W,0,-0.6686222,0.0911577045917511,1.0,0.996999979019165
YJL137C,YCL026C-A,0,-0.6733791,0.09114939719438553,1.0,0.9970999956130981
YER054C,YBR088C,0,-0.67548376,0.09114108979701996,1.0,0.9972000122070312
YGR023W,YLR388W,0,-0.6797757,0.09113278239965439,1.0,0.9973000288009644
YHR007C,YLR216C,0,-0.68423563,0.09112447500228882,1.0,0.9973999857902527
YMR116C,YNL265C,0,-0.6975292,0.09111617505550385,1.0,0.9975000023841858
YCR043C,YOR245C,0,-0.70160466,0.09110787510871887,1.0,0.9976000189781189
YMR170C,YML014W,0,-0.70605475,0.0910995751619339,1.0,0.9976999759674072
YNL090W,YDL020C,0,-0.7085513,0.09109127521514893,1.0,0.9977999925613403
YNL090W,YLR408C,0,-0.71124625,0.09108297526836395,1.0,0.9979000091552734
YBR106W,YIL050W,0,-0.7265816,0.09107468277215958,1.0,0.9980000257492065
YKL146W,YKL216W,0,-0.73624545,0.0910663902759552,1.0,0.9980999827384949
YBR132C,YOR056C,0,-0.7379206,0.09105809777975082,1.0,0.998199999332428
YEL011W,YNL256W,0,-0.7436862,0.09104980528354645,1.0,0.9983000159263611
YFL053W,YDR324C,0,-0.74736834,0.09104151278734207,1.0,0.9983999729156494
YKL035W,YML093W,0,-0.7522471,0.09103322774171829,1.0,0.9984999895095825
YDR043C,YHR062C,0,-0.757857,0.09102494269609451,1.0,0.9986000061035156
YLR002C,YCR097W,0,-0.7712156,0.09101665765047073,1.0,0.9987000226974487
YKR080W,YGR209C,0,-0.77739114,0.09100837260484695,1.0,0.9987999796867371
YMR278W,YPL266W,0,-0.80057114,0.09100008755922318,1.0,0.9988999962806702
YGL208W,YBL002W,0,-0.80498755,0.09099180996417999,1.0,0.9990000128746033
YDR382W,YJR161C,0,-0.8147272,0.09098353236913681,1.0,0.9991000294685364
YCL040W,YGR128C,0,-0.83073217,0.09097525477409363,1.0,0.9991999864578247
YCR043C,YJL100W,0,-0.8389148,0.09096697717905045,1.0,0.9993000030517578
YEL011W,YLR002C,0,-0.8511168,0.09095870703458786,1.0,0.9994000196456909
YML110C,YAR071W,0,-0.8629007,0.09095042943954468,1.0,0.9994999766349792
YKR013W,YIL097W,0,-0.8669174,0.09094215929508209,1.0,0.9995999932289124
YGR048W,YLR002C,0,-0.8974027,0.0909338891506195,1.0,0.9997000098228455
YBR132C,YGR280C,0,-0.9049875,0.09092562645673752,1.0,0.9998000264167786
YNL075W,YHR016C,0,-0.9081793,0.09091735631227493,1.0,0.9998999834060669
YER183C,YDR258C,0,-0.9277909,0.09090909361839294,1.0,1.0
