Gene A,Gene B,Label,Score,Precision,Recall,False Positive Rate
YFR050C,YMR314W,1,5.5760856,1.0,0.0011074197245761752,0.0
YMR314W,YER021W,1,5.132851,1.0,0.0022148394491523504,0.0
YFR050C,YER021W,1,4.7913575,1.0,0.003322259057313204,0.0
YIL007C,YFR050C,1,4.4293904,1.0,0.004429678898304701,0.0
YKL213C,YFR050C,1,4.1300178,1.0,0.005537098739296198,0.0
YIL007C,YER021W,1,3.9437318,1.0,0.006644518114626408,0.0
YGR135W,YGR253C,1,3.936801,1.0,0.007751937955617905,0.0
YIL007C,YGR135W,1,3.8912034,1.0,0.008859357796609402,0.0
YKL213C,YER021W,1,3.7957048,1.0,0.009966777637600899,0.0
YFR050C,YOR117W,1,3.7679055,1.0,0.011074197478592396,0.0
YFR050C,YFR052W,1,3.5728652,1.0,0.012181616388261318,0.0
YFR050C,YGR135W,1,3.5319386,1.0,0.013289036229252815,0.0
YFR052W,YER021W,1,3.5292122,1.0,0.014396456070244312,0.0
YIL007C,YMR314W,1,3.5242577,1.0,0.01550387591123581,0.0
YIL007C,YFR052W,1,3.5155804,1.0,0.016611294820904732,0.0
YFR050C,YGL011C,1,3.3402019,1.0,0.017718715593218803,0.0
YMR314W,YOL038W,1,3.3160505,1.0,0.018826134502887726,0.0
YKL213C,YGR135W,1,3.2897725,1.0,0.019933555275201797,0.0
YOL038W,YOR117W,1,3.2017572,1.0,0.02104097418487072,0.0
YIL007C,YPR108W,1,3.1751835,1.0,0.02214839495718479,0.0
YGR253C,YMR067C,1,3.1603322,1.0,0.023255813866853714,0.0
YOL038W,YER021W,1,3.1174092,1.0,0.024363232776522636,0.0
YIL007C,YOR117W,1,3.107578,1.0,0.025470653548836708,0.0
YFR052W,YOR117W,1,3.0830188,1.0,0.02657807245850563,0.0
YMR314W,YGL011C,1,3.0718586,1.0,0.027685493230819702,0.0
YFR050C,YPR108W,1,3.0194907,1.0,0.028792912140488625,0.0
YMR314W,YGR253C,1,2.9498644,1.0,0.029900332912802696,0.0
YFR050C,YGR253C,1,2.9096591,1.0,0.03100775182247162,0.0
YER021W,YOR117W,1,2.8890347,1.0,0.03211517259478569,0.0
YMR314W,YOR117W,1,2.8580189,1.0,0.033222589641809464,0.0
YER021W,YPR108W,1,2.8455815,1.0,0.034330010414123535,0.0
YGR135W,YER021W,1,2.828543,1.0,0.03543743118643761,0.0
YGR253C,YER021W,1,2.685035,1.0,0.03654485195875168,0.0
YGR253C,YOR117W,1,2.6657772,1.0,0.03765226900577545,0.0
YKL213C,YGL011C,1,2.6395473,1.0,0.03875968977808952,0.0
YKL213C,YOR117W,1,2.6207125,1.0,0.039867110550403595,0.0
YGR253C,YEL037C,1,2.580776,1.0,0.04097452759742737,0.0
YKL213C,YFR052W,1,2.569779,1.0,0.04208194836974144,0.0
YGL011C,YMR067C,1,2.5459466,1.0,0.04318936914205551,0.0
YOL038W,YGR135W,1,2.3874407,1.0,0.04429678991436958,0.0
YFR052W,YPR108W,1,2.2266436,1.0,0.045404206961393356,0.0
YOR117W,YMR067C,1,2.1889517,1.0,0.04651162773370743,0.0
YKL213C,YMR314W,1,2.1601548,1.0,0.0476190485060215,0.0
YFR050C,YOL038W,1,2.019347,1.0,0.04872646555304527,0.0
YPR108W,YOR117W,1,2.0077164,1.0,0.049833886325359344,0.0
YOR117W,YLR025W,1,1.9733391,1.0,0.050941307097673416,0.0
YER021W,YGL011C,1,1.9383378,1.0,0.05204872786998749,0.0
YMR314W,YMR067C,1,1.8660545,1.0,0.05315614491701126,0.0
YMR314W,YGR135W,1,1.8436022,1.0,0.05426356568932533,0.0
YMR314W,YEL037C,1,1.8168783,1.0,0.055370986461639404,0.0
YGR253C,YPR108W,1,1.8011112,1.0,0.05647840350866318,0.0
YOL038W,YFR052W,1,1.6832701,1.0,0.05758582428097725,0.0
YOL038W,YGR253C,1,1.6521816,1.0,0.05869324505329132,0.0
YMR314W,YFR052W,1,1.6263154,1.0,0.05980066582560539,0.0
YOL038W,YLR208W,1,1.5981987,1.0,0.060908082872629166,0.0
YFR050C,YMR067C,1,1.5845441,1.0,0.06201550364494324,0.0
YOL038W,YPR108W,1,1.5574164,1.0,0.06312292069196701,0.0
YGR253C,YFR052W,1,1.5435085,1.0,0.06423034518957138,0.0
YFR052W,YGL011C,1,1.5408646,1.0,0.06533776223659515,0.0
YHR200W,YER021W,1,1.4556233,1.0,0.06644517928361893,0.0
YER021W,YMR067C,1,1.4280896,1.0,0.0675526037812233,0.0
YHR200W,YMR067C,1,1.4274421,1.0,0.06866002082824707,0.0
YFR052W,YBR273C,1,1.4239409,1.0,0.06976744532585144,0.0
YPR108W,YGL011C,1,1.4012626,1.0,0.07087486237287521,0.0
YMR314W,YBR273C,1,1.368506,1.0,0.07198227941989899,0.0
YFR050C,YBR273C,1,1.3621248,1.0,0.07308970391750336,0.0
YFR052W,YMR067C,1,1.3502806,1.0,0.07419712096452713,0.0
YPR108W,YBR273C,1,1.3136376,1.0,0.0753045380115509,0.0
YLR025W,YBR273C,1,1.3069828,1.0,0.07641196250915527,0.0
YHR200W,YFR052W,1,1.2997106,1.0,0.07751937955617905,0.0
YGR253C,YDR057W,1,1.285868,1.0,0.07862679660320282,0.0
YKL213C,YPR108W,1,1.2213033,1.0,0.07973422110080719,0.0
YCL044C,YDR246W,0,1.1444613,0.9863013625144958,0.07973422110080719,0.00011074197391280904
YMR314W,YHR200W,1,1.1354103,0.9864864945411682,0.08084163814783096,0.00011074197391280904
YER021W,YLR025W,1,1.1177156,0.9866666793823242,0.08194905519485474,0.00011074197391280904
YFR050C,YMR022W,1,1.1062534,0.9868420958518982,0.0830564796924591,0.00011074197391280904
YGR135W,YGL011C,1,1.0309086,0.9870129823684692,0.08416389673948288,0.00011074197391280904
YKL213C,YGR253C,1,1.0130106,0.9871794581413269,0.08527132123708725,0.00011074197391280904
YOL038W,YMR067C,1,1.0085115,0.9873417615890503,0.08637873828411102,0.00011074197391280904
YOR117W,YGL011C,1,1.0058368,0.987500011920929,0.0874861553311348,0.00011074197391280904
YGR135W,YOR117W,1,0.9374106,0.9876543283462524,0.08859357982873917,0.00011074197391280904
YIL007C,YOL038W,1,0.93263316,0.9878048896789551,0.08970099687576294,0.00011074197391280904
YOR117W,YBR273C,1,0.92295015,0.9879518151283264,0.09080841392278671,0.00011074197391280904
YIL007C,YMR067C,1,0.9048536,0.988095223903656,0.09191583842039108,0.00011074197391280904
YMR022W,YFR052W,1,0.904709,0.9882352948188782,0.09302325546741486,0.00011074197391280904
YFR050C,YLR025W,1,0.8458779,0.9883720874786377,0.09413067251443863,0.00011074197391280904
YIL007C,YHR200W,1,0.811942,0.9885057210922241,0.095238097012043,0.00011074197391280904
YIL007C,YGR253C,1,0.80456114,0.9886363744735718,0.09634551405906677,0.00011074197391280904
YGR253C,YHR200W,1,0.7912196,0.9887640476226807,0.09745293110609055,0.00011074197391280904
YGL011C,YBR273C,1,0.75291634,0.9888888597488403,0.09856035560369492,0.00011074197391280904
YHR200W,YOR117W,1,0.7432356,0.9890109896659851,0.09966777265071869,0.00011074197391280904
YOR117W,YKL041W,1,0.7325108,0.989130437374115,0.10077519714832306,0.00011074197391280904
YOL038W,YGL011C,1,0.69662476,0.9892473220825195,0.10188261419534683,0.00011074197391280904
YGL011C,YLR025W,1,0.67166805,0.9893617033958435,0.1029900312423706,0.00011074197391280904
YEL037C,YGL011C,1,0.6558172,0.9894737005233765,0.10409745573997498,0.00011074197391280904
YER021W,YBR273C,1,0.64412177,0.9895833134651184,0.10520487278699875,0.00011074197391280904
YGR135W,YFR052W,1,0.63747597,0.9896907210350037,0.10631228983402252,0.00011074197391280904
YOL038W,YBR273C,1,0.5995991,0.9897959232330322,0.10741971433162689,0.00011074197391280904
YGR135W,YPR108W,1,0.58658934,0.9898989796638489,0.10852713137865067,0.00011074197391280904
YIL007C,YDR057W,1,0.5489356,0.9900000095367432,0.10963454842567444,0.00011074197391280904
YKL213C,YLR025W,1,0.46644354,0.9900990128517151,0.11074197292327881,0.00011074197391280904
YOL038W,YMR022W,1,0.44103956,0.9901960492134094,0.11184938997030258,0.00011074197391280904
YFR050C,YKL041W,1,0.42124593,0.9902912378311157,0.11295680701732635,0.00011074197391280904
YGR135W,YMR022W,1,0.4148609,0.9903846383094788,0.11406423151493073,0.00011074197391280904
YOL038W,YLR025W,1,0.38160563,0.9904761910438538,0.1151716485619545,0.00011074197391280904
YMR314W,YCL008C,1,0.35784507,0.9905660152435303,0.11627907305955887,0.00011074197391280904
YGR253C,YGL011C,1,0.34200406,0.9906542301177979,0.11738649010658264,0.00011074197391280904
YGR253C,YLR025W,1,0.33630228,0.9907407164573669,0.11849390715360641,0.00011074197391280904
YOL038W,YHR200W,1,0.3223505,0.9908257126808167,0.11960133165121078,0.00011074197391280904
YER021W,YLR208W,1,0.3108592,0.9909090995788574,0.12070874869823456,0.00011074197391280904
YKL213C,YOL038W,1,0.29204857,0.9909909963607788,0.12181616574525833,0.00011074197391280904
YFR050C,YCL008C,1,0.29110003,0.9910714030265808,0.1229235902428627,0.00011074197391280904
YGR253C,YLR208W,1,0.28848243,0.991150438785553,0.12403100728988647,0.00011074197391280904
YGR253C,YCL008C,1,0.28355438,0.9912280440330505,0.12513843178749084,0.00011074197391280904
YKL213C,YMR067C,1,0.28015292,0.991304337978363,0.12624584138393402,0.00011074197391280904
YGR135W,YLR208W,1,0.2782231,0.9913793206214905,0.1273532658815384,0.00011074197391280904
YEL037C,YFR052W,1,0.2571237,0.9914529919624329,0.12846069037914276,0.00011074197391280904
YGL011C,YDR057W,1,0.24887764,0.991525411605835,0.12956809997558594,0.00011074197391280904
YOL038W,YEL037C,1,0.21429098,0.9915966391563416,0.1306755244731903,0.00011074197391280904
YFR052W,YLR208W,1,0.16083848,0.9916666746139526,0.13178294897079468,0.00011074197391280904
YGR135W,YLR025W,1,0.13933063,0.9917355179786682,0.13289035856723785,0.00011074197391280904
YOL038W,YKL041W,1,0.12698817,0.9918032884597778,0.13399778306484222,0.00011074197391280904
YMR314W,YLR208W,1,0.12337625,0.9918699264526367,0.1351052075624466,0.00011074197391280904
YKL213C,YBR273C,1,0.117323756,0.9919354915618896,0.13621261715888977,0.00011074197391280904
YGR135W,YEL037C,1,0.1144315,0.9919999837875366,0.13732004165649414,0.00011074197391280904
YGL011C,YLR208W,1,0.10883093,0.9920634627342224,0.1384274661540985,0.00011074197391280904
YKL213C,YHR200W,1,0.09395826,0.9921259880065918,0.13953489065170288,0.00011074197391280904
YPR108W,YEL012W,1,0.06850898,0.9921875,0.14064230024814606,0.00011074197391280904
YFR052W,YLR025W,1,0.0001860857,0.9922480583190918,0.14174972474575043,0.00011074197391280904
YIL007C,YLR025W,1,-0.0025542974,0.9923076629638672,0.1428571492433548,0.00011074197391280904
YGR135W,YHR200W,1,-0.014749169,0.9923664331436157,0.14396455883979797,0.00011074197391280904
YNL159C,YFR050C,1,-0.030321479,0.9924242496490479,0.14507198333740234,0.00011074197391280904
YGL011C,YKL041W,1,-0.06042981,0.9924812316894531,0.1461794078350067,0.00011074197391280904
YDL100C,YCL043C,0,-0.08326149,0.9850746393203735,0.1461794078350067,0.0002214839478256181
YNL159C,YER021W,1,-0.08387518,0.9851852059364319,0.1472868174314499,0.0002214839478256181
YHR200W,YCL008C,1,-0.108774185,0.9852941036224365,0.14839424192905426,0.0002214839478256181
YGR135W,YMR067C,1,-0.16313612,0.985401451587677,0.14950166642665863,0.0002214839478256181
YFR050C,YLR208W,1,-0.18461347,0.9855072498321533,0.1506090760231018,0.0002214839478256181
YGR253C,YEL012W,1,-0.21627903,0.9856114983558655,0.15171650052070618,0.0002214839478256181
YKL213C,YIL007C,1,-0.22604823,0.9857142567634583,0.15282392501831055,0.0002214839478256181
YNL159C,YMR314W,1,-0.25038886,0.9858155846595764,0.15393133461475372,0.0002214839478256181
YGR135W,YBR273C,1,-0.2538526,0.98591548204422,0.1550387591123581,0.0002214839478256181
YMR314W,YLR025W,1,-0.26555264,0.9860140085220337,0.15614618360996246,0.0002214839478256181
YLR025W,YEL012W,1,-0.27297848,0.9861111044883728,0.15725359320640564,0.0002214839478256181
YPR108W,YLR025W,1,-0.2806679,0.9862068891525269,0.15836101770401,0.0002214839478256181
YKL213C,YLR208W,1,-0.3055563,0.9863013625144958,0.15946844220161438,0.0002214839478256181
YPR108W,YCL008C,1,-0.3439088,0.9863945841789246,0.16057585179805756,0.0002214839478256181
YMR314W,YPR108W,1,-0.34772992,0.9864864945411682,0.16168327629566193,0.0002214839478256181
YIL007C,YGL011C,1,-0.3815993,0.9865771532058716,0.1627907007932663,0.0002214839478256181
YLR028C,YOL082W,0,-0.42508125,0.9800000190734863,0.1627907007932663,0.0003322258999105543
YGR253C,YBR273C,1,-0.43930125,0.9801324605941772,0.16389811038970947,0.0003322258999105543
YEL037C,YMR067C,1,-0.45863163,0.9802631735801697,0.16500553488731384,0.0003322258999105543
YGR253C,YKL041W,1,-0.46074128,0.9803921580314636,0.1661129593849182,0.0003322258999105543
YLR025W,YDR057W,1,-0.46506262,0.9805194735527039,0.16722038388252258,0.0003322258999105543
YGL011C,YCL008C,1,-0.48176372,0.9806451797485352,0.16832779347896576,0.0003322258999105543
YOL038W,YDR057W,1,-0.48530877,0.9807692170143127,0.16943521797657013,0.0003322258999105543
YFR050C,YEL012W,1,-0.51770985,0.9808917045593262,0.1705426424741745,0.0003322258999105543
YKR038C,YKR001C,0,-0.5197327,0.9746835231781006,0.1705426424741745,0.0004429678956512362
YPR108W,YMR067C,1,-0.5255588,0.9748427867889404,0.17165005207061768,0.0004429678956512362
YOR117W,YLR208W,1,-0.5325136,0.9750000238418579,0.17275747656822205,0.0004429678956512362
YNL159C,YKL213C,1,-0.5432768,0.9751552939414978,0.17386490106582642,0.0004429678956512362
YLR208W,YBR082C,1,-0.5516138,0.9753086566925049,0.1749723106622696,0.0004429678956512362
YDR246W,YDR059C,0,-0.57201195,0.9693251252174377,0.1749723106622696,0.0005537098622880876
YMR022W,YER021W,1,-0.6155219,0.9695122241973877,0.17607973515987396,0.0005537098622880876
YIL062C,YPL045W,0,-0.64178836,0.9636363387107849,0.17607973515987396,0.0006644517998211086
YMR022W,YOR117W,1,-0.65402085,0.9638554453849792,0.17718715965747833,0.0006644517998211086
YKL213C,YPL096W,1,-0.6598267,0.9640718698501587,0.1782945692539215,0.0006644517998211086
YFR052W,YKL041W,1,-0.6700647,0.9642857313156128,0.17940199375152588,0.0006644517998211086
YHR200W,YPR108W,1,-0.70602965,0.9644970297813416,0.18050941824913025,0.0006644517998211086
YER017C,YDR513W,0,-0.708886,0.9588235020637512,0.18050941824913025,0.0007751937955617905
YPR108W,YKL041W,1,-0.71483564,0.9590643048286438,0.18161682784557343,0.0007751937955617905
YGR135W,YKL041W,1,-0.72009385,0.9593023061752319,0.1827242523431778,0.0007751937955617905
YNL094W,YOL082W,0,-0.7304375,0.9537572264671326,0.1827242523431778,0.0008859357913024724
YEL037C,YHR200W,1,-0.7305218,0.954023003578186,0.18383167684078217,0.0008859357913024724
YNL159C,YGR253C,1,-0.7423116,0.954285740852356,0.18493908643722534,0.0008859357913024724
YGR135W,YCL008C,1,-0.7440103,0.9545454382896423,0.1860465109348297,0.0008859357913024724
YEL037C,YER021W,1,-0.7655742,0.9548022747039795,0.18715393543243408,0.0008859357913024724
YHR200W,YLR208W,1,-0.7661519,0.9550561904907227,0.18826134502887726,0.0008859357913024724
YFR050C,YHR200W,1,-0.7670356,0.9553072452545166,0.18936876952648163,0.0008859357913024724
YHR200W,YGL011C,1,-0.7713635,0.9555555582046509,0.190476194024086,0.0008859357913024724
YNL159C,YOL038W,1,-0.7744856,0.9558011293411255,0.19158360362052917,0.0008859357913024724
YKL213C,YEL037C,1,-0.7746353,0.9560439586639404,0.19269102811813354,0.0008859357913024724
YGR253C,YIL017C,1,-0.7891773,0.9562841653823853,0.19379845261573792,0.0008859357913024724
YDR069C,YGR253C,1,-0.8017311,0.95652174949646,0.1949058622121811,0.0008859357913024724
YHR200W,YBR273C,1,-0.8022722,0.9567567706108093,0.19601328670978546,0.0008859357913024724
YEL037C,YBR082C,1,-0.8034748,0.9569892287254333,0.19712071120738983,0.0008859357913024724
YIL007C,YEL012W,1,-0.8336501,0.9572192430496216,0.1982281357049942,0.0008859357913024724
YNL159C,YPR108W,1,-0.8379773,0.957446813583374,0.19933554530143738,0.0008859357913024724
YLR210W,YAL016W,0,-0.8587158,0.9523809552192688,0.19933554530143738,0.0009966777870431542
YMR022W,YPR108W,1,-0.86822116,0.9526315927505493,0.20044296979904175,0.0009966777870431542
YNL097C,YMR313C,0,-0.89097214,0.9476439952850342,0.20044296979904175,0.0011074197245761752
YOR117W,YCL008C,1,-0.90720403,0.9479166865348816,0.20155039429664612,0.0011074197245761752
YJR052W,YIL008W,0,-0.9300138,0.9430052042007446,0.20155039429664612,0.0012181616621091962
YNL159C,YDR057W,1,-0.93972015,0.9432989954948425,0.2026578038930893,0.0012181616621091962
YNL101W,YNL097C,0,-0.9400362,0.9384615421295166,0.2026578038930893,0.0013289035996422172
YLR025W,YIL017C,1,-0.9669895,0.9387755393981934,0.20376522839069366,0.0013289035996422172
YEL037C,YPR108W,1,-1.0157272,0.9390863180160522,0.20487265288829803,0.0013289035996422172
YBR273C,YDR057W,1,-1.0517787,0.939393937587738,0.2059800624847412,0.0013289035996422172
YPL244C,YMR095C,0,-1.054853,0.9346733689308167,0.2059800624847412,0.00143964565359056
YPR108W,YLR208W,1,-1.0549872,0.9350000023841858,0.20708748698234558,0.00143964565359056
YOR036W,YOR027W,0,-1.0550141,0.93034827709198,0.20708748698234558,0.001550387591123581
YMR314W,YBR082C,1,-1.0695168,0.9306930899620056,0.20819491147994995,0.001550387591123581
YDR069C,YBR082C,1,-1.0698156,0.931034505367279,0.20930232107639313,0.001550387591123581
YLR246W,YGL212W,0,-1.0745432,0.9264705777168274,0.20930232107639313,0.001661129528656602
YNL159C,YFR052W,1,-1.1012177,0.9268292784690857,0.2104097455739975,0.001661129528656602
YGR135W,YEL012W,1,-1.1126623,0.9271844625473022,0.21151717007160187,0.001661129528656602
YOL082W,YGL045W,0,-1.1135702,0.9227052927017212,0.21151717007160187,0.0017718715826049447
YHR200W,YLR025W,1,-1.118118,0.9230769276618958,0.21262457966804504,0.0017718715826049447
YPL096W,YGR253C,1,-1.1264484,0.9234449863433838,0.21373200416564941,0.0017718715826049447
YFR052W,YEL012W,1,-1.153616,0.9238095283508301,0.21483942866325378,0.0017718715826049447
YNL286W,YJL128C,0,-1.156274,0.9194312691688538,0.21483942866325378,0.0018826135201379657
YDR129C,YKL196C,0,-1.1596458,0.9150943160057068,0.21483942866325378,0.0019933555740863085
YNL159C,YGL011C,1,-1.1620624,0.9154929518699646,0.21594683825969696,0.0019933555740863085
YMR314W,YKL041W,1,-1.169594,0.9158878326416016,0.21705426275730133,0.0019933555740863085
YKL213C,YDR057W,1,-1.1731976,0.9162790775299072,0.2181616872549057,0.0019933555740863085
YFR036W,YIL007C,1,-1.1861715,0.9166666865348816,0.21926909685134888,0.0019933555740863085
YOR057W,YKR001C,0,-1.1962199,0.9124423861503601,0.21926909685134888,0.0021040975116193295
YPR185W,YJR052W,0,-1.1979487,0.9082568883895874,0.21926909685134888,0.0022148394491523504
YPL096W,YFR052W,1,-1.2187108,0.9086757898330688,0.22037652134895325,0.0022148394491523504
YJR125C,YDR481C,0,-1.2403455,0.9045454263687134,0.22037652134895325,0.0023255813866853714
YER053C,YKR001C,0,-1.2475753,0.9004524946212769,0.22037652134895325,0.0024363233242183924
YPL096W,YMR314W,1,-1.2563082,0.9009009003639221,0.22148394584655762,0.0024363233242183924
YMR314W,YEL012W,1,-1.2737635,0.9013453125953674,0.2225913554430008,0.0024363233242183924
YKL213C,YMR022W,1,-1.2859839,0.9017857313156128,0.22369877994060516,0.0024363233242183924
YJR001W,YNL041C,0,-1.2920681,0.897777795791626,0.22369877994060516,0.0025470652617514133
YNL159C,YIL007C,1,-1.2968116,0.8982300758361816,0.22480620443820953,0.0025470652617514133
YNL159C,YKL041W,1,-1.3088433,0.8986784219741821,0.2259136140346527,0.0025470652617514133
YNL094W,YKR022C,0,-1.3218666,0.8947368264198303,0.2259136140346527,0.0026578071992844343
YDL099W,YCL044C,0,-1.3330847,0.8908296823501587,0.2259136140346527,0.002768549369648099
YOL082W,YML062C,0,-1.337711,0.886956512928009,0.2259136140346527,0.00287929130718112
YGR113W,YJR052W,0,-1.3495178,0.8831169009208679,0.2259136140346527,0.002990033244714141
YGR253C,YMR022W,1,-1.3572499,0.8836206793785095,0.22702103853225708,0.002990033244714141
YLR170C,YMR298W,0,-1.3730135,0.8798283338546753,0.22702103853225708,0.003100775182247162
YBL102W,YMR313C,0,-1.375577,0.8760683536529541,0.22702103853225708,0.003211517119780183
YJL024C,YKL196C,0,-1.3851014,0.8723404407501221,0.22702103853225708,0.003322259057313204
YER021W,YEL012W,1,-1.3862811,0.8728813529014587,0.22812846302986145,0.003322259057313204
YFR050C,YEL037C,1,-1.3877132,0.8734177350997925,0.22923588752746582,0.003322259057313204
YER021W,YCL008C,1,-1.405283,0.8739495873451233,0.230343297123909,0.003322259057313204
YNL097C,YKL108W,0,-1.4138728,0.8702929019927979,0.230343297123909,0.003433000994846225
YER021W,YDR057W,1,-1.4178283,0.8708333373069763,0.23145072162151337,0.003433000994846225
YEL037C,YOR117W,1,-1.4239557,0.8713693022727966,0.23255814611911774,0.003433000994846225
YDR071C,YGL115W,0,-1.4273913,0.8677685856819153,0.23255814611911774,0.0035437431652098894
YIL065C,YDR162C,0,-1.4408027,0.8641975522041321,0.23255814611911774,0.0036544851027429104
YNL159C,YCL008C,1,-1.4468079,0.8647540807723999,0.2336655557155609,0.0036544851027429104
YIL062C,YJL128C,0,-1.4546778,0.8612244725227356,0.2336655557155609,0.0037652270402759314
YMR022W,YGL011C,1,-1.4569131,0.8617886304855347,0.23477298021316528,0.0037652270402759314
YNL159C,YGR135W,1,-1.4626589,0.862348198890686,0.23588040471076965,0.0037652270402759314
YCL008C,YDR057W,1,-1.4636565,0.8629032373428345,0.23698781430721283,0.0037652270402759314
YPL202C,YOR245C,0,-1.4882183,0.8594377636909485,0.23698781430721283,0.0038759689778089523
YGL181W,YKL126W,0,-1.4892718,0.8560000061988831,0.23698781430721283,0.003986711148172617
YPL096W,YFR050C,1,-1.4899737,0.8565737009048462,0.2380952388048172,0.003986711148172617
YMR314W,YDR057W,1,-1.4924793,0.8571428656578064,0.23920266330242157,0.003986711148172617
YJL014W,YDR162C,0,-1.4931719,0.8537549376487732,0.23920266330242157,0.004097452852874994
YPL096W,YLR025W,1,-1.5033889,0.8543307185173035,0.24031007289886475,0.004097452852874994
YNL059C,YGR104C,0,-1.5407373,0.8509804010391235,0.24031007289886475,0.004208195023238659
YPL203W,YDR246W,0,-1.5442952,0.84765625,0.24031007289886475,0.004318936727941036
YOR245C,YKL196C,0,-1.5450307,0.844357967376709,0.24031007289886475,0.004429678898304701
YDR069C,YGR135W,1,-1.5492346,0.8449612259864807,0.24141749739646912,0.004429678898304701
YMR067C,YKL041W,1,-1.558388,0.84555983543396,0.2425249218940735,0.004429678898304701
YJR125C,YCL044C,0,-1.5584905,0.8423076868057251,0.2425249218940735,0.004540420603007078
YPL096W,YOL038W,1,-1.5585368,0.8429118990898132,0.24363233149051666,0.004540420603007078
YGL011C,YEL012W,1,-1.5639637,0.8435114622116089,0.24473975598812103,0.004540420603007078
YJR125C,YKR022C,0,-1.5655749,0.8403041958808899,0.24473975598812103,0.004651162773370743
YKL213C,YKL041W,1,-1.5749551,0.8409090638160706,0.2458471804857254,0.004651162773370743
YNL159C,YLR025W,1,-1.5820613,0.8415094614028931,0.24695459008216858,0.004651162773370743
YKL208W,YOL008W,0,-1.5827478,0.8383458852767944,0.24695459008216858,0.004761904943734407
YMR314W,YMR022W,1,-1.5887856,0.8389512896537781,0.24806201457977295,0.004761904943734407
YMR047C,YOL066C,0,-1.5907683,0.8358209133148193,0.24806201457977295,0.004872646648436785
YKL041W,YDR057W,1,-1.6086407,0.8364312052726746,0.24916943907737732,0.004872646648436785
YDR054C,YBR082C,1,-1.6182268,0.8370370268821716,0.2502768635749817,0.004872646648436785
YLR208W,YLR025W,1,-1.6197578,0.8376383781433105,0.25138428807258606,0.004872646648436785
YCL055W,YML127W,0,-1.6226301,0.8345588445663452,0.25138428807258606,0.004983388818800449
YPL244C,YDR460W,0,-1.6422081,0.831501841545105,0.25138428807258606,0.005094130523502827
YOR061W,YKR003W,0,-1.6446704,0.8284671306610107,0.25138428807258606,0.005204872693866491
YPL096W,YCL008C,1,-1.6459686,0.8290908932685852,0.25249168276786804,0.005204872693866491
YIL002C,YBL102W,0,-1.6527474,0.8260869383811951,0.25249168276786804,0.005315614398568869
YLR028C,YGR008C,0,-1.6542802,0.8231046795845032,0.25249168276786804,0.005426356568932533
YOL038W,YCL008C,1,-1.6566362,0.8237410187721252,0.2535991072654724,0.005426356568932533
YPL096W,YOR117W,1,-1.658685,0.8243727684020996,0.2547065317630768,0.005426356568932533
YIR009W,YPR107C,0,-1.6605006,0.8214285969734192,0.2547065317630768,0.005537098739296198
YDR202C,YPL045W,0,-1.6696874,0.8185053467750549,0.2547065317630768,0.005647840443998575
YER021W,YKL041W,1,-1.6725392,0.8191489577293396,0.25581395626068115,0.005647840443998575
YCR086W,YPL214C,0,-1.6782138,0.8162544369697571,0.25581395626068115,0.00575858261436224
YKL022C,YGR135W,1,-1.6822424,0.8169013857841492,0.2569213807582855,0.00575858261436224
YLL060C,YPR107C,0,-1.684643,0.8140350580215454,0.2569213807582855,0.005869324319064617
YIL062C,YOR185C,0,-1.687892,0.811188817024231,0.2569213807582855,0.005980066489428282
YMR022W,YLR025W,1,-1.7021621,0.8118466734886169,0.2580288052558899,0.005980066489428282
YGR135W,YDR057W,1,-1.7086656,0.8125,0.2591361999511719,0.005980066489428282
YIL007C,YKL041W,1,-1.7226413,0.8131487965583801,0.26024362444877625,0.005980066489428282
YDR162C,YNR032W,0,-1.7249606,0.8103448152542114,0.26024362444877625,0.006090808194130659
YPL096W,YGR135W,1,-1.7336532,0.8109965920448303,0.2613510489463806,0.006090808194130659
YPL096W,YEL012W,1,-1.7439945,0.8116438388824463,0.262458473443985,0.006090808194130659
YNL049C,YOR081C,0,-1.7737097,0.80887371301651,0.262458473443985,0.006201550364494324
YJL128C,YBL102W,0,-1.7891791,0.8061224222183228,0.262458473443985,0.006312292534857988
YLR208W,YEL012W,1,-1.789233,0.806779682636261,0.26356589794158936,0.006312292534857988
YNL159C,YMR067C,1,-1.797584,0.8074324131011963,0.2646733224391937,0.006312292534857988
YKL135C,YDL230W,0,-1.8002964,0.804713785648346,0.2646733224391937,0.006423034239560366
YDR388W,YDR470C,0,-1.8030062,0.8020133972167969,0.2646733224391937,0.00653377640992403
YLR052W,YJL124C,0,-1.8072169,0.7993311285972595,0.2646733224391937,0.006644518114626408
YJR052W,YDR362C,0,-1.8098667,0.79666668176651,0.2646733224391937,0.006755260284990072
YDR162C,YPL233W,0,-1.8200909,0.7940199375152588,0.2646733224391937,0.00686600198969245
YKR066C,YNL149C,0,-1.8205221,0.7913907170295715,0.2646733224391937,0.006976744160056114
YEL018W,YOR371C,0,-1.8237009,0.7887789011001587,0.2646733224391937,0.007087486330419779
YDL044C,YLR248W,0,-1.8240453,0.7861841917037964,0.2646733224391937,0.007198228035122156
YFR050C,YDR057W,1,-1.8244932,0.7868852615356445,0.2657807171344757,0.007198228035122156
YNL149C,YPR107C,0,-1.8272809,0.7843137383460999,0.2657807171344757,0.007308970205485821
YOR109W,YJL042W,0,-1.8277714,0.7817589640617371,0.2657807171344757,0.007419711910188198
YKR022C,YLR360W,0,-1.8331597,0.7792207598686218,0.2657807171344757,0.007530454080551863
YER017C,YPR083W,0,-1.8396152,0.7766990065574646,0.2657807171344757,0.00764119578525424
YNL094W,YDR202C,0,-1.8460681,0.774193525314331,0.2657807171344757,0.007751937955617905
YJR001W,YJL102W,0,-1.8467331,0.7717041969299316,0.2657807171344757,0.007862679660320282
YER021W,YBR082C,1,-1.8495682,0.7724359035491943,0.2668881416320801,0.007862679660320282
YBR102C,YFL008W,0,-1.8568515,0.7699680328369141,0.2668881416320801,0.007973422296345234
YLL060C,YJR052W,0,-1.8573525,0.7675158977508545,0.2668881416320801,0.008084164001047611
YDR335W,YDR059C,0,-1.8609304,0.7650793790817261,0.2668881416320801,0.008194905705749989
YPR165W,YJL141C,0,-1.86574,0.7626582384109497,0.2668881416320801,0.008305647410452366
YDR164C,YOL006C,0,-1.8728484,0.7602523565292358,0.2668881416320801,0.008416390046477318
YNL159C,YOR117W,1,-1.8753866,0.7610062956809998,0.26799556612968445,0.008416390046477318
YBR102C,YFL005W,0,-1.8818307,0.7586206793785095,0.26799556612968445,0.008527131751179695
YPL232W,YMR313C,0,-1.8879873,0.7562500238418579,0.26799556612968445,0.008637873455882072
YNL230C,YKL041W,1,-1.8990965,0.7570093274116516,0.2691029906272888,0.008637873455882072
YIL065C,YBL050W,0,-1.9001826,0.7546584010124207,0.2691029906272888,0.008748616091907024
YPL096W,YPR108W,1,-1.9013469,0.7554179430007935,0.2702104151248932,0.008748616091907024
YDR069C,YFR050C,1,-1.9017206,0.7561728358268738,0.27131783962249756,0.008748616091907024
YPL096W,YMR067C,1,-1.9058915,0.7569230794906616,0.27242523431777954,0.008748616091907024
YDL058W,YKL196C,0,-1.909383,0.754601240158081,0.27242523431777954,0.008859357796609402
YNL159C,YHR200W,1,-1.9210595,0.7553516626358032,0.2735326588153839,0.008859357796609402
YIL062C,YMR298W,0,-1.9294987,0.7530487775802612,0.2735326588153839,0.008970099501311779
YOR057W,YPL214C,0,-1.933968,0.7507598996162415,0.2735326588153839,0.009080841206014156
YLR361C,YDR473C,0,-1.9352361,0.7484848499298096,0.2735326588153839,0.009191583842039108
YNL094W,YPL022W,0,-1.9435724,0.7462235689163208,0.2735326588153839,0.009302325546741486
YKL213C,YBR082C,1,-1.9463508,0.7469879388809204,0.2746400833129883,0.009302325546741486
YDL100C,YOL042W,0,-1.9484854,0.7447447180747986,0.2746400833129883,0.009413067251443863
YDR513W,YBL103C,0,-1.9485021,0.742514967918396,0.2746400833129883,0.009523809887468815
YKL179C,YIL013C,0,-1.9543672,0.7402985095977783,0.2746400833129883,0.009634551592171192
YOL008W,YKL188C,0,-1.9642134,0.738095223903656,0.2746400833129883,0.00974529329687357
YHL002W,YPR054W,0,-1.9843372,0.7359050512313843,0.2746400833129883,0.009856035001575947
YBR201W,YER021W,1,-1.9893601,0.7366864085197449,0.27574750781059265,0.009856035001575947
YNR030W,YOR027W,0,-1.9900101,0.7345132827758789,0.27574750781059265,0.009966777637600899
YGR003W,YGL011C,1,-1.9932588,0.7352941036224365,0.276854932308197,0.009966777637600899
YBR278W,YDL159W,0,-1.9938675,0.733137845993042,0.276854932308197,0.010077519342303276
YOR245C,YOR185C,0,-1.9950863,0.7309941649436951,0.276854932308197,0.010188261047005653
YCR086W,YPR107C,0,-2.001646,0.728863000869751,0.276854932308197,0.010299003683030605
YGL181W,YPL203W,0,-2.0079312,0.7267441749572754,0.276854932308197,0.010409745387732983
YPL096W,YHR200W,1,-2.0093288,0.7275362610816956,0.2779623568058014,0.010409745387732983
YOR185C,YBR024W,0,-2.0151792,0.7254335284233093,0.2779623568058014,0.01052048709243536
YLR208W,YMR067C,1,-2.0270126,0.7262247800827026,0.27906978130340576,0.01052048709243536
YAL031C,YDR162C,0,-2.030159,0.7241379022598267,0.27906978130340576,0.010631228797137737
YIL007C,YPL096W,1,-2.031671,0.7249283790588379,0.28017717599868774,0.010631228797137737
YNL230C,YPR108W,1,-2.0353673,0.7257142663002014,0.2812846004962921,0.010631228797137737
YOR372C,YCR027C,0,-2.035933,0.7236467003822327,0.2812846004962921,0.01074197143316269
YGL112C,YOR089C,0,-2.045357,0.7215909361839294,0.2812846004962921,0.010852713137865067
YER119C,YDR481C,0,-2.0464158,0.7195467352867126,0.2812846004962921,0.010963454842567444
YPL011C,YNR048W,0,-2.0521631,0.7175140976905823,0.2812846004962921,0.011074197478592396
YFR052W,YIL017C,1,-2.0590758,0.7183098793029785,0.2823920249938965,0.011074197478592396
YKR066C,YFL005W,0,-2.0629838,0.716292142868042,0.2823920249938965,0.011184939183294773
YIL062C,YML031W,0,-2.0693672,0.7142857313156128,0.2823920249938965,0.01129568088799715
YLR284C,YIL095W,0,-2.0694337,0.7122905254364014,0.2823920249938965,0.011406422592699528
YMR067C,YBR273C,1,-2.0743518,0.7130919098854065,0.28349944949150085,0.011406422592699528
YPL137C,YDL093W,0,-2.0749774,0.7111111283302307,0.28349944949150085,0.01151716522872448
YDR069C,YER021W,1,-2.0770028,0.7119113802909851,0.2846068739891052,0.01151716522872448
YER167W,YLR246W,0,-2.0782013,0.7099447250366211,0.2846068739891052,0.011627906933426857
YKR001C,YGL095C,0,-2.0817175,0.707988977432251,0.2846068739891052,0.011738648638129234
YIR037W,YNL253W,0,-2.0828218,0.7060439586639404,0.2846068739891052,0.011849391274154186
YLL031C,YPL146C,0,-2.0853047,0.7041096091270447,0.2846068739891052,0.011960132978856564
YKL135C,YMR004W,0,-2.0872676,0.7021858096122742,0.2846068739891052,0.012070874683558941
YFR052W,YNR026C,1,-2.0958824,0.7029972672462463,0.2857142984867096,0.012070874683558941
YBR201W,YMR314W,1,-2.0993793,0.7038043737411499,0.2868216931819916,0.012070874683558941
YLR026C,YKR001C,0,-2.1059408,0.7018970251083374,0.2868216931819916,0.012181616388261318
YOL042W,YFL004W,0,-2.107245,0.699999988079071,0.2868216931819916,0.01229235902428627
YOR372C,YMR313C,0,-2.1134777,0.698113203048706,0.2868216931819916,0.012403100728988647
YPL096W,YIL017C,1,-2.1296825,0.698924720287323,0.28792911767959595,0.012403100728988647
YNL294C,YKL196C,0,-2.1446195,0.697050929069519,0.28792911767959595,0.012513842433691025
YPL096W,YGL011C,1,-2.1449256,0.6978609561920166,0.2890365421772003,0.012513842433691025
YDR284C,YMR313C,0,-2.154561,0.6959999799728394,0.2890365421772003,0.012624585069715977
YLR025W,YBR082C,1,-2.1607656,0.6968085169792175,0.2901439666748047,0.012624585069715977
YJR052W,YLR362W,0,-2.1692934,0.6949602365493774,0.2901439666748047,0.012735326774418354
YAL058W,YBR082C,1,-2.1875958,0.6957672238349915,0.29125139117240906,0.012735326774418354
YNL177C,YPL203W,0,-2.1887217,0.6939314007759094,0.29125139117240906,0.012846068479120731
YFR036W,YBR273C,1,-2.2011333,0.6947368383407593,0.2923588156700134,0.012846068479120731
YDR054C,YOR117W,1,-2.208157,0.6955380439758301,0.2934662103652954,0.012846068479120731
YJR013W,YNL201C,0,-2.2112997,0.6937173008918762,0.2934662103652954,0.012956810183823109
YEL012W,YKL041W,1,-2.2191968,0.6945169568061829,0.2945736348628998,0.012956810183823109
YMR022W,YEL037C,1,-2.2249124,0.6953125,0.29568105936050415,0.012956810183823109
YJL115W,YFL013C,0,-2.2314777,0.6935064792633057,0.29568105936050415,0.01306755281984806
YNL159C,YBR273C,1,-2.2382638,0.6943005323410034,0.2967884838581085,0.01306755281984806
YGL174W,YDR082W,0,-2.2459216,0.6925064325332642,0.2967884838581085,0.013178294524550438
YPL096W,YDR057W,1,-2.2461214,0.6932989954948425,0.2978959083557129,0.013178294524550438
YMR022W,YKL041W,1,-2.2464628,0.6940873861312866,0.29900333285331726,0.013178294524550438
YKL135C,YPL243W,0,-2.2470295,0.692307710647583,0.29900333285331726,0.013289036229252815
YEL061C,YDR071C,0,-2.2516398,0.6905370950698853,0.29900333285331726,0.013399778865277767
YPL096W,YBR273C,1,-2.253608,0.6913265585899353,0.30011072754859924,0.013399778865277767
YPR108W,YIL017C,1,-2.2604504,0.6921119689941406,0.3012181520462036,0.013399778865277767
YIL007C,YMR022W,1,-2.263917,0.692893385887146,0.302325576543808,0.013399778865277767
YNL149C,YGL210W,0,-2.2640743,0.6911392211914062,0.302325576543808,0.013510520569980145
YFL009W,YBR201W,1,-2.2844858,0.691919207572937,0.30343300104141235,0.013510520569980145
YMR314W,YIL017C,1,-2.2890525,0.6926952004432678,0.3045404255390167,0.013510520569980145
YMR172W,YOR332W,0,-2.291628,0.6909547448158264,0.3045404255390167,0.013621262274682522
YHR200W,YIL017C,1,-2.296253,0.6917293071746826,0.3056478500366211,0.013621262274682522
YLR028C,YIL013C,0,-2.3024316,0.6899999976158142,0.3056478500366211,0.0137320039793849
YDL192W,YOL158C,0,-2.308721,0.6882793307304382,0.3056478500366211,0.013842746615409851
YGR135W,YBR082C,1,-2.3160186,0.6890547275543213,0.30675527453422546,0.013842746615409851
YLR206W,YDR515W,0,-2.3198912,0.6873449087142944,0.30675527453422546,0.013953488320112228
YAL058W,YBR273C,1,-2.3231752,0.6881188154220581,0.30786266922950745,0.013953488320112228
YBR273C,YIL017C,1,-2.3267298,0.6888889074325562,0.3089700937271118,0.013953488320112228
YPL174C,YHR006W,0,-2.3293593,0.6871921420097351,0.3089700937271118,0.014064230024814606
YFL025C,YKL213C,1,-2.331285,0.687960684299469,0.3100775182247162,0.014064230024814606
YDR411C,YDR470C,0,-2.3377104,0.686274528503418,0.3100775182247162,0.014174972660839558
YGR086C,YPL152W,0,-2.3395262,0.684596598148346,0.3100775182247162,0.014285714365541935
YDR202C,YGR104C,0,-2.3425918,0.6829268336296082,0.3100775182247162,0.014396456070244312
YDR099W,YDR246W,0,-2.3453803,0.6812652349472046,0.3100775182247162,0.01450719777494669
YFR036W,YMR022W,1,-2.3486028,0.6820388436317444,0.31118494272232056,0.01450719777494669
YFR052W,YCL008C,1,-2.3500192,0.6828086972236633,0.3122923672199249,0.01450719777494669
YLR361C,YFL005W,0,-2.358548,0.6811594367027283,0.3122923672199249,0.014617940410971642
YOR245C,YPL204W,0,-2.3605132,0.6795180439949036,0.3122923672199249,0.014728682115674019
YNL073W,YDR529C,0,-2.363888,0.6778846383094788,0.3122923672199249,0.014839423820376396
YGL178W,YNL099C,0,-2.3644574,0.6762589812278748,0.3122923672199249,0.014950166456401348
YLR459W,YBL102W,0,-2.3709047,0.6746411323547363,0.3122923672199249,0.015060908161103725
YFR050C,YIL017C,1,-2.3711452,0.6754176616668701,0.3133997917175293,0.015060908161103725
YPR108W,YDR057W,1,-2.3725,0.6761904954910278,0.3145071864128113,0.015060908161103725
YPR036W,YOR270C,0,-2.373504,0.6745843291282654,0.3145071864128113,0.015171649865806103
YOR109W,YPL190C,0,-2.3771462,0.6729857921600342,0.3145071864128113,0.01528239157050848
YNL261W,YDR311W,0,-2.3909824,0.6713948249816895,0.3145071864128113,0.015393134206533432
YMR208W,YNR023W,0,-2.3915331,0.6698113083839417,0.3145071864128113,0.01550387591123581
YGR231C,YNL294C,0,-2.4056144,0.6682353019714355,0.3145071864128113,0.015614617615938187
YKL022C,YGR253C,1,-2.406923,0.6690140962600708,0.31561461091041565,0.015614617615938187
YPL233W,YNL294C,0,-2.407579,0.6674473285675049,0.31561461091041565,0.015725359320640564
YNL230C,YCL008C,1,-2.411991,0.6682242751121521,0.31672203540802,0.015725359320640564
YFR050C,YBR082C,1,-2.4139676,0.6689976453781128,0.3178294599056244,0.015725359320640564
YDR069C,YOL038W,1,-2.416179,0.669767439365387,0.31893688440322876,0.015725359320640564
YLR170C,YLR429W,0,-2.4195344,0.6682134866714478,0.31893688440322876,0.01583610102534294
YER053C,YDR473C,0,-2.4254236,0.6666666865348816,0.31893688440322876,0.015946844592690468
YOR036W,YDL093W,0,-2.4405622,0.6651270389556885,0.31893688440322876,0.016057586297392845
YJR135C,YLR032W,0,-2.4424522,0.6635944843292236,0.31893688440322876,0.016168328002095222
YDR069C,YLR208W,1,-2.450244,0.6643677949905396,0.32004430890083313,0.016168328002095222
YPL152W,YDR495C,0,-2.451029,0.6628440618515015,0.32004430890083313,0.0162790697067976
YKL046C,YJL204C,0,-2.4574122,0.6613272428512573,0.32004430890083313,0.016389811411499977
YDL099W,YDR160W,0,-2.462584,0.6598173379898071,0.32004430890083313,0.016500553116202354
YER154W,YPL016W,0,-2.4642267,0.6583143472671509,0.32004430890083313,0.016611294820904732
YKL054C,YOL038W,1,-2.46426,0.6590909361839294,0.3211517035961151,0.016611294820904732
YDR264C,YDL028C,0,-2.4693217,0.6575963497161865,0.3211517035961151,0.01672203838825226
YLR032W,YJR052W,0,-2.4693623,0.6561086177825928,0.3211517035961151,0.016832780092954636
YFL009W,YGR253C,1,-2.4713511,0.6568848490715027,0.3222591280937195,0.016832780092954636
YFR036W,YOL038W,1,-2.4725647,0.6576576828956604,0.32336655259132385,0.016832780092954636
YKL213C,YDR069C,1,-2.4739027,0.6584269404411316,0.3244739770889282,0.016832780092954636
YGR003W,YBR201W,1,-2.4749,0.6591928005218506,0.3255814015865326,0.016832780092954636
YMR022W,YLR208W,1,-2.486745,0.6599552631378174,0.32668882608413696,0.016832780092954636
YMR314W,YNR026C,1,-2.489613,0.6607142686843872,0.32779622077941895,0.016832780092954636
YGL181W,YEL031W,0,-2.491815,0.6592427492141724,0.32779622077941895,0.016943521797657013
YFL009W,YBR273C,1,-2.493784,0.6600000262260437,0.3289036452770233,0.016943521797657013
YJL024C,YJR001W,0,-2.4952927,0.6585366129875183,0.3289036452770233,0.01705426350235939
YIL150C,YKR097W,0,-2.5060456,0.6570796370506287,0.3289036452770233,0.017165005207061768
YKL213C,YEL012W,1,-2.508267,0.6578366160392761,0.3300110697746277,0.017165005207061768
YKL054C,YFR050C,1,-2.510589,0.6585903167724609,0.33111849427223206,0.017165005207061768
YFR036W,YKL213C,1,-2.5143363,0.6593406796455383,0.3322259187698364,0.017165005207061768
YOR117W,YEL012W,1,-2.5144491,0.6600877046585083,0.3333333432674408,0.017165005207061768
YKL022C,YOL038W,1,-2.5161712,0.6608315110206604,0.33444076776504517,0.017165005207061768
YHR200W,YEL012W,1,-2.5182443,0.6615720391273499,0.33554816246032715,0.017165005207061768
YFR052W,YDR057W,1,-2.5202565,0.6623093485832214,0.3366555869579315,0.017165005207061768
YJR059W,YAL016W,0,-2.521019,0.6608695387840271,0.3366555869579315,0.017275746911764145
YPL031C,YNL257C,0,-2.5246885,0.6594359874725342,0.3366555869579315,0.017386488616466522
YMR298W,YNR023W,0,-2.5312967,0.6580086350440979,0.3366555869579315,0.01749723218381405
YBR201W,YOR117W,1,-2.533571,0.6587473154067993,0.3377630114555359,0.01749723218381405
YPL055C,YPL190C,0,-2.5372367,0.6573275923728943,0.3377630114555359,0.017607973888516426
YAL041W,YOR089C,0,-2.5389278,0.6559139490127563,0.3377630114555359,0.017718715593218803
YNL159C,YBR201W,1,-2.539805,0.6566523313522339,0.33887043595314026,0.017718715593218803
YNL118C,YJR135C,0,-2.5411334,0.6552462577819824,0.33887043595314026,0.01782945729792118
YDR069C,YGL011C,1,-2.5453193,0.6559829115867615,0.33997786045074463,0.01782945729792118
YKL054C,YGR253C,1,-2.5474436,0.6567164063453674,0.341085284948349,0.01782945729792118
YDL028C,YOR359W,0,-2.5486872,0.6553191542625427,0.341085284948349,0.017940199002623558
YNL221C,YPR036W,0,-2.5492368,0.6539278030395508,0.341085284948349,0.018050940707325935
YDL230W,YNL054W,0,-2.5539536,0.6525423526763916,0.341085284948349,0.018161682412028313
YPL097W,YNL169C,0,-2.5572963,0.6511628031730652,0.341085284948349,0.01827242597937584
YDR069C,YOR117W,1,-2.5653946,0.6518987417221069,0.342192679643631,0.01827242597937584
YGR003W,YMR314W,1,-2.5695667,0.6526315808296204,0.34330010414123535,0.01827242597937584
YDR473C,YJR052W,0,-2.5717444,0.651260495185852,0.34330010414123535,0.018383167684078217
YBR035C,YHR012W,0,-2.572497,0.649895191192627,0.34330010414123535,0.018493909388780594
YML062C,YGR231C,0,-2.5765066,0.6485355496406555,0.34330010414123535,0.01860465109348297
YOL045W,YDR202C,0,-2.5771077,0.6471816301345825,0.34330010414123535,0.01871539279818535
YML061C,YNL126W,0,-2.5831156,0.6458333134651184,0.34330010414123535,0.018826134502887726
YMR067C,YDR057W,1,-2.5834723,0.6465696692466736,0.3444075286388397,0.018826134502887726
YIL007C,YNR026C,1,-2.5860317,0.6473029255867004,0.3455149531364441,0.018826134502887726
YMR012W,YGL115W,0,-2.587805,0.6459627151489258,0.3455149531364441,0.018936876207590103
YGL174W,YOR057W,0,-2.5915287,0.64462810754776,0.3455149531364441,0.01904761977493763
YKL149C,YKR003W,0,-2.591689,0.6432989835739136,0.3455149531364441,0.019158361479640007
YIL062C,YOR316C,0,-2.5919058,0.6419752836227417,0.3455149531364441,0.019269103184342384
YDR069C,YMR314W,1,-2.5939445,0.6427104473114014,0.34662237763404846,0.019269103184342384
YLR246W,YDR416W,0,-2.6060996,0.6413934230804443,0.34662237763404846,0.01937984488904476
YOR023C,YIL002C,0,-2.606122,0.6400818228721619,0.34662237763404846,0.01949058659374714
YIL076W,YBL102W,0,-2.6105523,0.6387755274772644,0.34662237763404846,0.019601328298449516
YIL033C,YGL035C,0,-2.613522,0.637474536895752,0.34662237763404846,0.019712070003151894
YER052C,YAR002W,0,-2.6144137,0.6361788511276245,0.34662237763404846,0.01982281357049942
YPL100W,YPL015C,0,-2.6189988,0.6348884105682373,0.34662237763404846,0.019933555275201797
YIL002C,YOR109W,0,-2.6193209,0.6336032152175903,0.34662237763404846,0.020044296979904175
YEL031W,YDR246W,0,-2.6195433,0.6323232054710388,0.34662237763404846,0.020155038684606552
YNL159C,YMR022W,1,-2.6209989,0.6330645084381104,0.34772980213165283,0.020155038684606552
YNL232W,YDL028C,0,-2.6231747,0.6317907571792603,0.34772980213165283,0.02026578038930893
YGR003W,YER021W,1,-2.6245568,0.6325300931930542,0.3488371968269348,0.02026578038930893
YFL025C,YBR082C,1,-2.6252232,0.6332665085792542,0.3499446213245392,0.02026578038930893
YNR035C,YNL118C,0,-2.6271687,0.6320000290870667,0.3499446213245392,0.020376522094011307
YDR162C,YIL095W,0,-2.636155,0.6307384967803955,0.3499446213245392,0.020487263798713684
YIL007C,YEL037C,1,-2.6398964,0.6314740777015686,0.35105204582214355,0.020487263798713684
YLL019C,YER005W,0,-2.6406105,0.6302186846733093,0.35105204582214355,0.02059800736606121
YPR025C,YLR248W,0,-2.6422253,0.6289682388305664,0.35105204582214355,0.020708749070763588
YHR012W,YGL104C,0,-2.6455407,0.6277227997779846,0.35105204582214355,0.020819490775465965
YOR245C,YPL152W,0,-2.648231,0.6264821887016296,0.35105204582214355,0.020930232480168343
YFR036W,YDR057W,1,-2.6488864,0.6272189617156982,0.3521594703197479,0.020930232480168343
YNL097C,YBL102W,0,-2.6506214,0.625984251499176,0.3521594703197479,0.02104097418487072
YBR102C,YAL031C,0,-2.6553583,0.6247544288635254,0.3521594703197479,0.021151715889573097
YKL213C,YNR026C,1,-2.6828675,0.6254901885986328,0.3532668948173523,0.021151715889573097
YKL074C,YNL253W,0,-2.684051,0.6242661476135254,0.3532668948173523,0.021262457594275475
YPR185W,YCL044C,0,-2.6895866,0.623046875,0.3532668948173523,0.021373201161623
YDR423C,YLR394W,0,-2.69125,0.6218323707580566,0.3532668948173523,0.02148394286632538
YPL096W,YER021W,1,-2.6926165,0.6225680708885193,0.35437431931495667,0.02148394286632538
YNL230C,YOL038W,1,-2.6929383,0.6233009696006775,0.35548171401023865,0.02148394286632538
YNL118C,YOR110W,0,-2.6954103,0.6220930218696594,0.35548171401023865,0.021594684571027756
YKL160W,YNL135C,0,-2.6982708,0.6208897233009338,0.35548171401023865,0.021705426275730133
YGR003W,YOR117W,1,-2.6986127,0.6216216087341309,0.356589138507843,0.021705426275730133
YNL286W,YIL112W,0,-2.7006903,0.6204239130020142,0.356589138507843,0.02181616798043251
YDR054C,YDR069C,1,-2.7031598,0.6211538314819336,0.3576965630054474,0.02181616798043251
YNR026C,YCL008C,1,-2.703415,0.6218810081481934,0.35880398750305176,0.02181616798043251
YOL033W,YOL006C,0,-2.704061,0.6206896305084229,0.35880398750305176,0.021926909685134888
YIL007C,YBR273C,1,-2.7056208,0.6214148998260498,0.35991141200065613,0.021926909685134888
YFR036W,YFR050C,1,-2.7141902,0.6221374273300171,0.3610188364982605,0.021926909685134888
YER017C,YGR231C,0,-2.716093,0.6209523677825928,0.3610188364982605,0.022037651389837265
YPL152W,YPL214C,0,-2.723733,0.6197718381881714,0.3610188364982605,0.02214839495718479
YNL286W,YDR473C,0,-2.7251353,0.6185958385467529,0.3610188364982605,0.02225913666188717
YHR086W,YKL196C,0,-2.7296667,0.6174242496490479,0.3610188364982605,0.022369878366589546
YPR185W,YMR313C,0,-2.7337542,0.6162570714950562,0.3610188364982605,0.022480620071291924
YNL041C,YNR010W,0,-2.7379403,0.6150943636894226,0.3610188364982605,0.0225913617759943
YHR086W,YOL072W,0,-2.7393074,0.6139359474182129,0.3610188364982605,0.022702103480696678
YGR003W,YPR108W,1,-2.7394142,0.6146616339683533,0.3621262311935425,0.022702103480696678
YEL018W,YNL054W,0,-2.7454329,0.6135084629058838,0.3621262311935425,0.022812845185399055
YGR003W,YFR050C,1,-2.745864,0.6142321825027466,0.36323365569114685,0.022812845185399055
YCL043C,YDL058W,0,-2.751182,0.6130841374397278,0.36323365569114685,0.022923588752746582
YNR010W,YLR424W,0,-2.7536924,0.611940324306488,0.36323365569114685,0.02303433045744896
YKL135C,YOL097C,0,-2.7550611,0.6108007431030273,0.36323365569114685,0.023145072162151337
YKL002W,YOR117W,1,-2.7555323,0.6115241646766663,0.3643410801887512,0.023145072162151337
YDR129C,YOR057W,0,-2.7581043,0.6103895902633667,0.3643410801887512,0.023255813866853714
YDL024C,YDL100C,0,-2.758163,0.6092592477798462,0.3643410801887512,0.02336655557155609
YLR028C,YMR047C,0,-2.7591321,0.60813307762146,0.3643410801887512,0.02347729727625847
YMR022W,YHR200W,1,-2.7600522,0.6088560819625854,0.3654485046863556,0.02347729727625847
YKL054C,YBR273C,1,-2.7666163,0.609576404094696,0.36655592918395996,0.02347729727625847
YAL031C,YOR057W,0,-2.7697816,0.6084558963775635,0.36655592918395996,0.023588038980960846
YEL037C,YKL041W,1,-2.7714214,0.6091743111610413,0.36766335368156433,0.023588038980960846
YJR013W,YPL214C,0,-2.771924,0.6080586314201355,0.36766335368156433,0.023698782548308372
YNL149C,YPL152W,0,-2.7734785,0.6069470047950745,0.36766335368156433,0.02380952425301075
YAL031C,YLR347C,0,-2.78223,0.6058394312858582,0.36766335368156433,0.023920265957713127
YDL100C,YDR164C,0,-2.7851276,0.6047359108924866,0.36766335368156433,0.024031007662415504
YMR298W,YPL190C,0,-2.7898116,0.6036363840103149,0.36766335368156433,0.024141749367117882
YOR117W,YIL017C,1,-2.7933898,0.6043556928634644,0.3687707781791687,0.024141749367117882
YKL004W,YCR053W,0,-2.794543,0.60326087474823,0.3687707781791687,0.02425249107182026
YBR201W,YGL011C,1,-2.7947783,0.6039782762527466,0.3698781728744507,0.02425249107182026
YLR025W,YMR067C,1,-2.796216,0.6046931147575378,0.37098559737205505,0.02425249107182026
YPL167C,YDR246W,0,-2.7964454,0.6036036014556885,0.37098559737205505,0.024363232776522636
YDR086C,YDR311W,0,-2.797043,0.6025179624557495,0.37098559737205505,0.024473976343870163
YNR026C,YMR067C,1,-2.8047433,0.6032316088676453,0.3720930218696594,0.024473976343870163
YDL028C,YOR089C,0,-2.8111036,0.602150559425354,0.3720930218696594,0.02458471804857254
YOL082W,YIL013C,0,-2.815576,0.6010733246803284,0.3720930218696594,0.024695459753274918
YDR503C,YNL012W,0,-2.816595,0.6000000238418579,0.3720930218696594,0.024806201457977295
YCR026C,YDR388W,0,-2.8182464,0.5989304780960083,0.3720930218696594,0.024916943162679672
YBR201W,YKL041W,1,-2.821867,0.599644124507904,0.3732004463672638,0.024916943162679672
YKL170W,YKR003W,0,-2.8224263,0.5985790491104126,0.3732004463672638,0.02502768486738205
YDR069C,YNL230C,1,-2.8232446,0.5992907881736755,0.37430787086486816,0.02502768486738205
YKR066C,YGL094C,0,-2.8306434,0.5982300639152527,0.37430787086486816,0.025138426572084427
YLR425W,YPR107C,0,-2.8331327,0.5971731543540955,0.37430787086486816,0.025249170139431953
YGL181W,YNL054W,0,-2.8337526,0.5961199402809143,0.37430787086486816,0.02535991184413433
YDR069C,YMR022W,1,-2.8344445,0.5968309640884399,0.37541529536247253,0.02535991184413433
YGR216C,YDR198C,0,-2.8370955,0.5957821011543274,0.37541529536247253,0.025470653548836708
YHL031C,YNL253W,0,-2.8374057,0.5947368144989014,0.37541529536247253,0.025581395253539085
YNR032W,YPL022W,0,-2.838426,0.5936952829360962,0.37541529536247253,0.025692136958241463
YOL051W,YBR024W,0,-2.8396897,0.5926573276519775,0.37541529536247253,0.02580287866294384
YFL009W,YFR050C,1,-2.8414507,0.5933682322502136,0.3765226900577545,0.02580287866294384
YMR004W,YDR416W,0,-2.8447511,0.592334508895874,0.3765226900577545,0.025913620367646217
YDR054C,YMR022W,1,-2.845515,0.5930435061454773,0.3776301145553589,0.025913620367646217
YKL022C,YKL213C,1,-2.8456678,0.59375,0.37873753905296326,0.025913620367646217
YDR470C,YGL095C,0,-2.8458834,0.5927209854125977,0.37873753905296326,0.026024363934993744
YKR003W,YOR110W,0,-2.8475666,0.5916954874992371,0.37873753905296326,0.02613510563969612
YKL135C,YOL123W,0,-2.8498778,0.590673565864563,0.37873753905296326,0.0262458473443985
YCR026C,YMR137C,0,-2.8518198,0.5896551609039307,0.37873753905296326,0.026356589049100876
YIL076W,YOR057W,0,-2.855138,0.5886402726173401,0.37873753905296326,0.026467330753803253
YKL074C,YLR362W,0,-2.8570838,0.5876288414001465,0.37873753905296326,0.02657807245850563
YOL038W,YNR026C,1,-2.8608835,0.588336169719696,0.3798449635505676,0.02657807245850563
YPR037C,YPR083W,0,-2.8637407,0.5873287916183472,0.3798449635505676,0.026688814163208008
YER061C,YCR020C-A,0,-2.864081,0.5863248109817505,0.3798449635505676,0.026799557730555534
YGR113W,YMR216C,0,-2.8648782,0.585324227809906,0.3798449635505676,0.02691029943525791
YKL139W,YGL243W,0,-2.868266,0.5843271017074585,0.3798449635505676,0.02702104113996029
YOR079C,YPL008W,0,-2.86829,0.5833333134651184,0.3798449635505676,0.027131782844662666
YPL100W,YPL174C,0,-2.8690412,0.5823429822921753,0.3798449635505676,0.027242524549365044
YGL011C,YNR026C,1,-2.87005,0.5830508470535278,0.380952388048172,0.027242524549365044
YGL071W,YPR155C,0,-2.871714,0.5820642709732056,0.380952388048172,0.02735326625406742
YFR036W,YMR314W,1,-2.8733387,0.5827702879905701,0.38205981254577637,0.02735326625406742
YEL037C,YCL008C,1,-2.8751204,0.5834738612174988,0.38316720724105835,0.02735326625406742
YNL230C,YDR057W,1,-2.8756738,0.5841751098632812,0.3842746317386627,0.02735326625406742
YDR054C,YGL011C,1,-2.8825245,0.5848739743232727,0.3853820562362671,0.02735326625406742
YOL158C,YER173W,0,-2.8827376,0.5838926434516907,0.3853820562362671,0.0274640079587698
YMR022W,YMR067C,1,-2.8841405,0.5845896005630493,0.38648948073387146,0.0274640079587698
YOR113W,YOL072W,0,-2.884783,0.5836120247840881,0.38648948073387146,0.027574751526117325
YPR165W,YFL004W,0,-2.8864403,0.5826377272605896,0.38648948073387146,0.027685493230819702
YDR202C,YIL056W,0,-2.8889568,0.5816666483879089,0.38648948073387146,0.02779623493552208
YGR003W,YFR052W,1,-2.8922439,0.582362711429596,0.38759690523147583,0.02779623493552208
YFL009W,YPL096W,1,-2.8987522,0.5830564498901367,0.3887043297290802,0.02779623493552208
YGR003W,YGR135W,1,-2.9030762,0.583747923374176,0.3898117244243622,0.02779623493552208
YMR004W,YBR231C,0,-2.9102004,0.5827814340591431,0.3898117244243622,0.027906976640224457
YBL084C,YKL213C,1,-2.9120872,0.5834710597991943,0.39091914892196655,0.027906976640224457
YIL062C,YOR109W,0,-2.915338,0.5825082659721375,0.39091914892196655,0.028017718344926834
YGR135W,YIL017C,1,-2.9185207,0.5831960439682007,0.3920265734195709,0.028017718344926834
YDL093W,YPL232W,0,-2.9214218,0.5822368264198303,0.3920265734195709,0.02812846004962921
YJL014W,YGL181W,0,-2.9217775,0.5812807679176331,0.3920265734195709,0.02823920175433159
YNR010W,YBL102W,0,-2.9240437,0.5803278684616089,0.3920265734195709,0.028349945321679115
YOR109W,YPR155C,0,-2.9279318,0.579378068447113,0.3920265734195709,0.028460687026381493
YOR245C,YOL072W,0,-2.9291058,0.5784313678741455,0.3920265734195709,0.02857142873108387
YFR019W,YLR034C,0,-2.931146,0.5774877667427063,0.3920265734195709,0.028682170435786247
YIL017C,YDR057W,1,-2.9328263,0.5781759023666382,0.3931339979171753,0.028682170435786247
YGR216C,YPL190C,0,-2.9344895,0.577235758304596,0.3931339979171753,0.028792912140488625
YNL049C,YLR383W,0,-2.9360664,0.576298713684082,0.3931339979171753,0.028903653845191002
YBR201W,YFR050C,1,-2.941028,0.5769854187965393,0.39424142241477966,0.028903653845191002
YFL009W,YMR314W,1,-2.9426343,0.5776699185371399,0.39534884691238403,0.028903653845191002
YEL012W,YMR067C,1,-2.9427094,0.578352153301239,0.3964562714099884,0.028903653845191002
YBR020W,YNL055C,0,-2.95117,0.5774193406105042,0.3964562714099884,0.02901439554989338
YLR098C,YJL128C,0,-2.9522605,0.5764895081520081,0.3964562714099884,0.029125139117240906
YBR102C,YCR028C,0,-2.9537563,0.5755627155303955,0.3964562714099884,0.029235880821943283
YIR037W,YCR026C,0,-2.9590926,0.574638843536377,0.3964562714099884,0.02934662252664566
YLR418C,YML127W,0,-2.961287,0.5737179517745972,0.3964562714099884,0.029457364231348038
YDR460W,YLR181C,0,-2.9619472,0.5727999806404114,0.3964562714099884,0.029568105936050415
YLR459W,YDR311W,0,-2.9627337,0.5718849897384644,0.3964562714099884,0.029678847640752792
YER017C,YHR086W,0,-2.9632282,0.5709728598594666,0.3964562714099884,0.02978958934545517
YKL170W,YGR129W,0,-2.9633684,0.5700637102127075,0.3964562714099884,0.029900332912802696
YDR434W,YGL104C,0,-2.9641645,0.5691574215888977,0.3964562714099884,0.030011074617505074
YLR189C,YGL243W,0,-2.9670608,0.5682539939880371,0.3964562714099884,0.03012181632220745
YNR035C,YNL054W,0,-2.968586,0.5673534274101257,0.3964562714099884,0.030232558026909828
YLR163C,YMR016C,0,-2.9694173,0.5664557218551636,0.3964562714099884,0.030343299731612206
YER107C,YBR089C-A,0,-2.9726393,0.5655608177185059,0.3964562714099884,0.030454041436314583
YIL140W,YDL099W,0,-2.9745202,0.5646687746047974,0.3964562714099884,0.03056478314101696
YOR109W,YJL102W,0,-2.9770446,0.5637795329093933,0.3964562714099884,0.030675526708364487
YKL139W,YCL055W,0,-2.9780254,0.5628930926322937,0.3964562714099884,0.030786268413066864
YCR020C-A,YAL016W,0,-2.9846277,0.5620093941688538,0.3964562714099884,0.03089701011776924
YMR285C,YOR081C,0,-2.985845,0.5611284971237183,0.3964562714099884,0.03100775182247162
YFR036W,YDR069C,1,-2.9866734,0.5618153214454651,0.3975636661052704,0.03100775182247162
YDR284C,YLR362W,0,-2.9873834,0.5609375238418579,0.3975636661052704,0.031118493527173996
YLR354C,YKL196C,0,-2.987686,0.5600624084472656,0.3975636661052704,0.031229235231876373
YNL135C,YOL042W,0,-2.991563,0.559190034866333,0.3975636661052704,0.03133997693657875
YNL230C,YBR273C,1,-2.9930305,0.5598756074905396,0.39867109060287476,0.03133997693657875
YJR082C,YDR325W,0,-2.9940035,0.5590062141418457,0.39867109060287476,0.03145071864128113
YMR022W,YCL008C,1,-2.9948742,0.5596899390220642,0.3997785151004791,0.03145071864128113
YOR112W,YLR429W,0,-2.9988513,0.5588235259056091,0.3997785151004791,0.031561460345983505
YEL015W,YOR081C,0,-3.0004606,0.557959794998169,0.3997785151004791,0.03167220205068588
YBR278W,YKL173W,0,-3.0017457,0.5570987462997437,0.3997785151004791,0.03178294748067856
YBL085W,YLR043C,0,-3.003098,0.5562403798103333,0.3997785151004791,0.031893689185380936
YLR459W,YDR460W,0,-3.0036614,0.555384635925293,0.3997785151004791,0.03200443089008331
YKL002W,YLR025W,1,-3.006221,0.5560675859451294,0.4008859395980835,0.03200443089008331
YAR008W,YGR033C,0,-3.006731,0.5552147030830383,0.4008859395980835,0.03211517259478569
YIL007C,YLR208W,1,-3.007533,0.5558958649635315,0.40199336409568787,0.03211517259478569
YIL140W,YPL174C,0,-3.0085664,0.5550458431243896,0.40199336409568787,0.03222591429948807
YIR037W,YPR032W,0,-3.0088015,0.5541984438896179,0.40199336409568787,0.032336656004190445
YKL022C,YPR108W,1,-3.0095644,0.5548780560493469,0.40310078859329224,0.032336656004190445
YPL100W,YPL115C,0,-3.0171318,0.5540334582328796,0.40310078859329224,0.03244739770889282
YKL135C,YOR061W,0,-3.018599,0.5531914830207825,0.40310078859329224,0.0325581394135952
YKL016C,YOR039W,0,-3.0200825,0.5523520708084106,0.40310078859329224,0.03266888111829758
YGR145W,YOR372C,0,-3.0210578,0.5515151619911194,0.40310078859329224,0.032779622822999954
YBR201W,YNR026C,1,-3.0261207,0.5521936416625977,0.4042081832885742,0.032779622822999954
YJR013W,YPL045W,0,-3.0278249,0.5513595342636108,0.4042081832885742,0.03289036452770233
YBR177C,YMR004W,0,-3.031674,0.5505279302597046,0.4042081832885742,0.03300110623240471
YIR019C,YDR202C,0,-3.0352094,0.5496987700462341,0.4042081832885742,0.033111847937107086
YKL022C,YFR050C,1,-3.0356054,0.5503759384155273,0.4053156077861786,0.033111847937107086
YML012W,YDL235C,0,-3.0396628,0.5495495200157166,0.4053156077861786,0.033222589641809464
YPR183W,YMR186W,0,-3.0397496,0.5487256646156311,0.4053156077861786,0.03333333507180214
YNL201C,YMR142C,0,-3.042944,0.5479041934013367,0.4053156077861786,0.03344407677650452
YDL099W,YKR022C,0,-3.0448925,0.5470852255821228,0.4053156077861786,0.033554818481206894
YDR069C,YBR273C,1,-3.0545058,0.5477612018585205,0.40642303228378296,0.033554818481206894
YLR418C,YMR298W,0,-3.0570436,0.5469448566436768,0.40642303228378296,0.03366556018590927
YKL022C,YMR022W,1,-3.0633783,0.5476190447807312,0.40753045678138733,0.03366556018590927
YMR129W,YDR129C,0,-3.0646143,0.5468053221702576,0.40753045678138733,0.03377630189061165
YEL018W,YGR086C,0,-3.067325,0.5459940433502197,0.40753045678138733,0.033887043595314026
YIL002C,YOL045W,0,-3.0695343,0.5451852083206177,0.40753045678138733,0.0339977853000164
YOR109W,YDL230W,0,-3.075097,0.5443786978721619,0.40753045678138733,0.03410852700471878
YDR513W,YJR052W,0,-3.076886,0.5435745716094971,0.40753045678138733,0.03421926870942116
YGR003W,YCL008C,1,-3.076922,0.5442478060722351,0.4086378812789917,0.03421926870942116
YMR128W,YOR057W,0,-3.0771976,0.5434462428092957,0.4086378812789917,0.034330010414123535
YMR285C,YGR013W,0,-3.0787878,0.5426470637321472,0.4086378812789917,0.03444075211882591
YNL281W,YAL016W,0,-3.081151,0.541850209236145,0.4086378812789917,0.03455149382352829
YPL262W,YLL031C,0,-3.082356,0.5410557389259338,0.4086378812789917,0.03466223552823067
YLR080W,YKL129C,0,-3.082703,0.5402635335922241,0.4086378812789917,0.034772977232933044
YDR245W,YMR004W,0,-3.0869665,0.5394737124443054,0.4086378812789917,0.03488372266292572
YGR238C,YNR023W,0,-3.0909872,0.5386861562728882,0.4086378812789917,0.0349944643676281
YDR054C,YIL007C,1,-3.0914516,0.5393586158752441,0.40974530577659607,0.0349944643676281
YDR069C,YPR108W,1,-3.092361,0.5400291085243225,0.41085270047187805,0.0349944643676281
YEL012W,YDR057W,1,-3.0933027,0.5406976938247681,0.4119601249694824,0.0349944643676281
YAL058W,YIL007C,1,-3.0951326,0.541364312171936,0.4130675494670868,0.0349944643676281
YGL011C,YIL017C,1,-3.0954757,0.5420289635658264,0.41417497396469116,0.0349944643676281
YKL022C,YMR314W,1,-3.0991714,0.5426917672157288,0.41528239846229553,0.0349944643676281
YDR036C,YGL095C,0,-3.0999577,0.5419074892997742,0.41528239846229553,0.035105206072330475
YFL009W,YGL011C,1,-3.1018715,0.542568564414978,0.4163898229598999,0.035105206072330475
YIL112W,YJR052W,0,-3.1025066,0.5417867302894592,0.4163898229598999,0.03521594777703285
YPL015C,YDR443C,0,-3.1058578,0.5410072207450867,0.4163898229598999,0.03532668948173523
YKL022C,YDR069C,1,-3.1106668,0.5416666865348816,0.4174972176551819,0.03532668948173523
YOR117W,YDR057W,1,-3.1182761,0.5423242449760437,0.41860464215278625,0.03532668948173523
YLR052W,YPR107C,0,-3.122614,0.5415472984313965,0.41860464215278625,0.03543743118643761
YCL024W,YOR057W,0,-3.1266942,0.540772557258606,0.41860464215278625,0.035548172891139984
YEL037C,YLR208W,1,-3.1276426,0.5414285659790039,0.4197120666503906,0.035548172891139984
YDL164C,YLR330W,0,-3.1314027,0.5406562089920044,0.4197120666503906,0.03565891459584236
YDR443C,YLR181C,0,-3.132243,0.5398860573768616,0.4197120666503906,0.03576965630054474
YFL009W,YOR117W,1,-3.1330981,0.5405405163764954,0.420819491147995,0.03576965630054474
YML057W,YGR013W,0,-3.1354806,0.5397727489471436,0.420819491147995,0.035880398005247116
YGR238C,YNL241C,0,-3.1359746,0.5390070676803589,0.420819491147995,0.03599113970994949
YJR125C,YOR185C,0,-3.1368556,0.5382436513900757,0.420819491147995,0.03610188141465187
YBR023C,YKR022C,0,-3.1382744,0.5374823212623596,0.420819491147995,0.03621262311935425
YLR189C,YPL152W,0,-3.1392138,0.5367231369018555,0.420819491147995,0.036323364824056625
YML065W,YKR003W,0,-3.1396801,0.535966157913208,0.420819491147995,0.0364341102540493
YAL058W,YLR025W,1,-3.1403816,0.5366197228431702,0.42192691564559937,0.0364341102540493
YPR108W,YBR082C,1,-3.1445608,0.5372714400291443,0.42303434014320374,0.0364341102540493
YDR284C,YMR285C,0,-3.1465561,0.5365168452262878,0.42303434014320374,0.03654485195875168
YJR105W,YKL055C,0,-3.1466455,0.5357643961906433,0.42303434014320374,0.036655593663454056
YDR264C,YDR162C,0,-3.1482296,0.5350140333175659,0.42303434014320374,0.03676633536815643
YMR004W,YML127W,0,-3.1496933,0.5342657566070557,0.42303434014320374,0.03687707707285881
YOR245C,YIL112W,0,-3.1501822,0.5335195660591125,0.42303434014320374,0.03698781877756119
YLR361C,YIL008W,0,-3.1502383,0.5327754616737366,0.42303434014320374,0.037098560482263565
YPL202C,YKL126W,0,-3.153126,0.5320334434509277,0.42303434014320374,0.03720930218696594
YKL054C,YLR025W,1,-3.1531494,0.5326842665672302,0.4241417348384857,0.03720930218696594
YKL208W,YJL156C,0,-3.1531856,0.5319444537162781,0.4241417348384857,0.03732004389166832
YKL135C,YBR272C,0,-3.1547737,0.5312066674232483,0.4241417348384857,0.0374307855963707
YJL196C,YNL054W,0,-3.1570442,0.5304709076881409,0.4241417348384857,0.037541527301073074
YOL042W,YMR140W,0,-3.1585467,0.5297372341156006,0.4241417348384857,0.03765226900577545
YOR244W,YNR048W,0,-3.158838,0.5290055274963379,0.4241417348384857,0.03776301071047783
YJL196C,YML062C,0,-3.1643136,0.5282758474349976,0.4241417348384857,0.037873752415180206
YGL047W,YLR246W,0,-3.164734,0.5275481939315796,0.4241417348384857,0.03798449784517288
YKL002W,YEL012W,1,-3.1663263,0.5281980633735657,0.4252491593360901,0.03798449784517288
YOL067C,YGR002C,0,-3.1670668,0.5274725556373596,0.4252491593360901,0.03809523954987526
YNL073W,YPL063W,0,-3.1755319,0.5267489552497864,0.4252491593360901,0.03820598125457764
YIL002C,YDR246W,0,-3.1809595,0.5260273814201355,0.4252491593360901,0.038316722959280014
YAL058W,YBR201W,1,-3.181406,0.5266757607460022,0.42635658383369446,0.038316722959280014
YLR189C,YMR004W,0,-3.182333,0.5259562730789185,0.42635658383369446,0.03842746466398239
YER021W,YNR026C,1,-3.18778,0.5266029834747314,0.42746400833129883,0.03842746466398239
YML115C,YLR272C,0,-3.1892383,0.5258855819702148,0.42746400833129883,0.03853820636868477
YGR261C,YPL153C,0,-3.1905854,0.525170087814331,0.42746400833129883,0.038648948073387146
YER018C,YBR127C,0,-3.1930413,0.5244565010070801,0.42746400833129883,0.03875968977808952
YML067C,YCL024W,0,-3.1930995,0.5237449407577515,0.42746400833129883,0.0388704314827919
YNR030W,YDR162C,0,-3.1942513,0.5230352282524109,0.42746400833129883,0.03898117318749428
YML057W,YOL129W,0,-3.1959224,0.5223274827003479,0.42746400833129883,0.039091914892196655
YPL152W,YGR186W,0,-3.19658,0.5216216444969177,0.42746400833129883,0.03920265659689903
YNL159C,YBR082C,1,-3.1977942,0.52226722240448,0.4285714328289032,0.03920265659689903
YKL002W,YCL008C,1,-3.2003868,0.5229110717773438,0.42967885732650757,0.03920265659689903
YBR272C,YPL153C,0,-3.2010713,0.5222072601318359,0.42967885732650757,0.03931339830160141
YLR163C,YML104C,0,-3.2013745,0.5215053558349609,0.42967885732650757,0.03942414000630379
YOR244W,YPL204W,0,-3.201685,0.5208053588867188,0.42967885732650757,0.03953488543629646
YDL100C,YDL058W,0,-3.203724,0.5201072096824646,0.42967885732650757,0.03964562714099884
YER167W,YBR161W,0,-3.2052093,0.5194109678268433,0.42967885732650757,0.03975636884570122
YAL058W,YMR314W,1,-3.2052236,0.5200534462928772,0.43078628182411194,0.03975636884570122
YLR361C,YGL243W,0,-3.2060003,0.5193591713905334,0.43078628182411194,0.039867110550403595
YCL044C,YEL031W,0,-3.2065191,0.518666684627533,0.43078628182411194,0.03997785225510597
YPR133C,YGL104C,0,-3.207051,0.5179760456085205,0.43078628182411194,0.04008859395980835
YIR037W,YPR107C,0,-3.2101226,0.5172872543334961,0.43078628182411194,0.04019933566451073
YGR104C,YPL045W,0,-3.2128286,0.5166002511978149,0.43078628182411194,0.040310077369213104
YBR102C,YNL054W,0,-3.215639,0.5159150958061218,0.43078628182411194,0.04042081907391548
YPR185W,YKR003W,0,-3.2157211,0.5152317881584167,0.43078628182411194,0.04053156077861786
YKL004W,YMR065W,0,-3.2189772,0.5145502686500549,0.43078628182411194,0.040642302483320236
YHR086W,YMR095C,0,-3.219563,0.5138705372810364,0.43078628182411194,0.040753044188022614
YOL038W,YEL012W,1,-3.2199383,0.5145118832588196,0.4318936765193939,0.040753044188022614
YPR057W,YBR102C,0,-3.2204313,0.5138339996337891,0.4318936765193939,0.04086378589272499
YNR026C,YKL041W,1,-3.2227035,0.5144736766815186,0.4330011010169983,0.04086378589272499
YDR182W,YKL108W,0,-3.2265499,0.5137976408004761,0.4330011010169983,0.04097452759742737
YKL074C,YPR168W,0,-3.2268116,0.5131233334541321,0.4330011010169983,0.041085273027420044
YIL002C,YBL033C,0,-3.2291412,0.5124508738517761,0.4330011010169983,0.04119601473212242
YKL135C,YCR060W,0,-3.2305417,0.5117800831794739,0.4330011010169983,0.0413067564368248
YER021W,YIL017C,1,-3.2309542,0.5124183297157288,0.43410852551460266,0.0413067564368248
YLR246W,YIL063C,0,-3.2322574,0.5117493271827698,0.43410852551460266,0.041417498141527176
YML012W,YDR369C,0,-3.2347014,0.511082112789154,0.43410852551460266,0.04152823984622955
YGR057C,YBL102W,0,-3.238347,0.5104166865348816,0.43410852551460266,0.04163898155093193
YKL074C,YGL045W,0,-3.239174,0.5097529292106628,0.43410852551460266,0.04174972325563431
YNL159C,YNL230C,1,-3.2464736,0.5103896260261536,0.43521595001220703,0.04174972325563431
YMR022W,YDR057W,1,-3.2475154,0.5110246539115906,0.4363233745098114,0.04174972325563431
YIL062C,YJR135C,0,-3.2487211,0.5103626847267151,0.4363233745098114,0.041860464960336685
YDR054C,YGR135W,1,-3.2505116,0.5109961032867432,0.43743079900741577,0.041860464960336685
YLR210W,YML055W,0,-3.2513058,0.5103359222412109,0.43743079900741577,0.04197120666503906
YDR054C,YMR314W,1,-3.255695,0.5109677314758301,0.43853819370269775,0.04197120666503906
YDL028C,YNL149C,0,-3.2558072,0.5103092789649963,0.43853819370269775,0.04208194836974144
YLR248W,YJL012C,0,-3.2580857,0.5096524953842163,0.43853819370269775,0.04219269007444382
YNL261W,YPR018W,0,-3.2595115,0.5089974403381348,0.43853819370269775,0.042303431779146194
YHR001W,YDR362C,0,-3.2617934,0.5083440542221069,0.43853819370269775,0.04241417348384857
YOR216C,YGR009C,0,-3.2642112,0.5076923370361328,0.43853819370269775,0.04252491518855095
YIL007C,YCL008C,1,-3.2648978,0.5083226561546326,0.4396456182003021,0.04252491518855095
YOR316C,YMR075W,0,-3.265426,0.5076726078987122,0.4396456182003021,0.042635660618543625
YNL253W,YPL214C,0,-3.265799,0.5070242881774902,0.4396456182003021,0.042746402323246
YDR099W,YIL063C,0,-3.2659433,0.5063775777816772,0.4396456182003021,0.04285714402794838
YDR071C,YDL093W,0,-3.2690485,0.5057324767112732,0.4396456182003021,0.04296788573265076
YNL253W,YDR135C,0,-3.2696314,0.5050890445709229,0.4396456182003021,0.043078627437353134
YOL149W,YDR388W,0,-3.2703125,0.5044472813606262,0.4396456182003021,0.04318936914205551
YMR172W,YLR052W,0,-3.2747693,0.5038071274757385,0.4396456182003021,0.04330011084675789
YNL159C,YFL009W,1,-3.2819695,0.5044360160827637,0.4407530426979065,0.04330011084675789
YBR272C,YDL093W,0,-3.282115,0.5037974715232849,0.4407530426979065,0.043410852551460266
YCL008C,YBR273C,1,-3.2850833,0.5044247508049011,0.44186046719551086,0.043410852551460266
YNL073W,YDR162C,0,-3.2868993,0.5037878751754761,0.44186046719551086,0.04352159425616264
YFR052W,YBR082C,1,-3.2893634,0.5044136047363281,0.44296789169311523,0.04352159425616264
YDR423C,YDR325W,0,-3.2905326,0.503778338432312,0.44296789169311523,0.04363233596086502
YGR003W,YOL038W,1,-3.2910872,0.5044025182723999,0.4440753161907196,0.04363233596086502
YGR261C,YER053C,0,-3.2911944,0.5037688612937927,0.4440753161907196,0.0437430776655674
YGL168W,YPL063W,0,-3.3002057,0.5031367540359497,0.4440753161907196,0.043853819370269775
YDR202C,YAL011W,0,-3.3015008,0.5025062561035156,0.4440753161907196,0.04396456107497215
YEL037C,YBR273C,1,-3.3015833,0.5031288862228394,0.4451827108860016,0.04396456107497215
YOL135C,YNL054W,0,-3.3043718,0.5024999976158142,0.4451827108860016,0.04407530277967453
YOL026C,YOR137C,0,-3.3091898,0.5018726587295532,0.4451827108860016,0.044186048209667206
YNL118C,YNL253W,0,-3.3096647,0.5012468695640564,0.4451827108860016,0.04429678991436958
YPR168W,YLR105C,0,-3.3125424,0.5006226897239685,0.4451827108860016,0.04440753161907196
YOL008W,YMR137C,0,-3.312952,0.5,0.4451827108860016,0.04451827332377434
YBR201W,YNL230C,1,-3.3129728,0.5006211400032043,0.44629013538360596,0.04451827332377434
YKL135C,YLR386W,0,-3.315863,0.5,0.44629013538360596,0.044629015028476715
YKL022C,YHR200W,1,-3.3185704,0.5006195902824402,0.4473975598812103,0.044629015028476715
YEL036C,YPL097W,0,-3.3193955,0.5,0.4473975598812103,0.04473975673317909
YOR245C,YLR362W,0,-3.3214254,0.499381959438324,0.4473975598812103,0.04485049843788147
YNR035C,YNL097C,0,-3.3235826,0.4987654387950897,0.4473975598812103,0.04496124014258385
YGR231C,YPL235W,0,-3.3243535,0.49815043807029724,0.4473975598812103,0.045071981847286224
YJR049C,YNR039C,0,-3.3247094,0.49753695726394653,0.4473975598812103,0.0451827235519886
YGL178W,YDR164C,0,-3.325725,0.4969249665737152,0.4473975598812103,0.04529346525669098
YML067C,YMR004W,0,-3.326285,0.49631449580192566,0.4473975598812103,0.045404206961393356
YAL041W,YCR083W,0,-3.3311381,0.4957055151462555,0.4473975598812103,0.045514948666095734
YPL026C,YIL063C,0,-3.334283,0.4950980246067047,0.4473975598812103,0.04562569037079811
YGR186W,YHR012W,0,-3.340323,0.4944920539855957,0.4473975598812103,0.04573643580079079
YDR264C,YAR002W,0,-3.341021,0.4938875436782837,0.4473975598812103,0.045847177505493164
YPL096W,YNR026C,1,-3.342682,0.49450549483299255,0.4485049843788147,0.045847177505493164
YBR102C,YDL085W,0,-3.34482,0.49390244483947754,0.4485049843788147,0.04595791921019554
YPR018W,YDR292C,0,-3.34533,0.4933008551597595,0.4485049843788147,0.04606866091489792
YBR201W,YCL008C,1,-3.3468902,0.4939172863960266,0.44961240887641907,0.04606866091489792
YHR006W,YGR129W,0,-3.3481784,0.4933171272277832,0.44961240887641907,0.046179402619600296
YLR163C,YFL008W,0,-3.3486974,0.4927184581756592,0.44961240887641907,0.04629014432430267
YGR145W,YDL028C,0,-3.3493648,0.49212121963500977,0.44961240887641907,0.04640088602900505
YML095C,YDR388W,0,-3.3509088,0.49152541160583496,0.44961240887641907,0.04651162773370743
YJL013C,YEL050C,0,-3.351547,0.49093106389045715,0.44961240887641907,0.046622369438409805
YNL281W,YMR137C,0,-3.3533142,0.49033817648887634,0.44961240887641907,0.04673311114311218
YPR037C,YPL210C,0,-3.3539286,0.48974668979644775,0.44961240887641907,0.04684385284781456
YMR298W,YKL203C,0,-3.354367,0.4891566336154938,0.44961240887641907,0.04695459455251694
YAL058W,YPL096W,1,-3.3563385,0.48977136611938477,0.45071983337402344,0.04695459455251694
YDR198C,YPL232W,0,-3.3579082,0.4891826808452606,0.45071983337402344,0.047065336257219315
YKL213C,YIL017C,1,-3.3589444,0.4897959232330322,0.4518272280693054,0.047065336257219315
YKL022C,YBR082C,1,-3.35898,0.49040767550468445,0.4529346525669098,0.047065336257219315
YPR133C,YDR135C,0,-3.3595614,0.48982036113739014,0.4529346525669098,0.04717607796192169
YDL100C,YGR008C,0,-3.3611054,0.48923444747924805,0.4529346525669098,0.04728682339191437
YLR078C,YEL061C,0,-3.3612998,0.4886499345302582,0.4529346525669098,0.047397565096616745
YDR099W,YDL099W,0,-3.363716,0.48806682229042053,0.4529346525669098,0.04750830680131912
YFR028C,YCR086W,0,-3.3663855,0.4874851107597351,0.4529346525669098,0.0476190485060215
YDR198C,YLR130C,0,-3.3725803,0.4869047701358795,0.4529346525669098,0.04772979021072388
YLR284C,YJR013W,0,-3.372622,0.48632580041885376,0.4529346525669098,0.047840531915426254
YHL002W,YNL054W,0,-3.3730814,0.4857482314109802,0.4529346525669098,0.04795127362012863
YJR082C,YOR195W,0,-3.3735857,0.48517200350761414,0.4529346525669098,0.04806201532483101
YBR023C,YNL049C,0,-3.3736703,0.4845971465110779,0.4529346525669098,0.048172757029533386
YMR022W,YNR026C,1,-3.374341,0.48520711064338684,0.45404207706451416,0.048172757029533386
YKR082W,YPL152W,0,-3.3751595,0.48463356494903564,0.45404207706451416,0.048283498734235764
YKL022C,YDR057W,1,-3.3763826,0.4852420389652252,0.45514950156211853,0.048283498734235764
YOL008W,YGR180C,0,-3.3767283,0.4846698045730591,0.45514950156211853,0.04839424043893814
YOL051W,YGL195W,0,-3.3776045,0.4840989410877228,0.45514950156211853,0.04850498214364052
YDR264C,YCR071C,0,-3.3787827,0.4835294187068939,0.45514950156211853,0.048615723848342896
YNL101W,YGL035C,0,-3.3793702,0.4829612076282501,0.45514950156211853,0.04872646555304527
YOL038W,YBR082C,1,-3.3795118,0.48356807231903076,0.4562569260597229,0.04872646555304527
YOR076C,YPL232W,0,-3.382226,0.483001172542572,0.4562569260597229,0.04883721098303795
YFL009W,YBR082C,1,-3.3826466,0.4836065471172333,0.45736435055732727,0.04883721098303795
YOL038W,YDR306C,1,-3.3831487,0.4842105209827423,0.45847177505493164,0.04883721098303795
YDL024C,YDL044C,0,-3.384396,0.48364487290382385,0.45847177505493164,0.048947952687740326
YDR473C,YNL253W,0,-3.3871386,0.48308050632476807,0.45847177505493164,0.0490586943924427
YFL009W,YGR135W,1,-3.3876152,0.4836829900741577,0.4595791697502136,0.0490586943924427
YFR036W,YIL017C,1,-3.3878732,0.48428404331207275,0.460686594247818,0.0490586943924427
YGR009C,YOR089C,0,-3.3881574,0.48372092843055725,0.460686594247818,0.04916943609714508
YML057W,YER142C,0,-3.3931155,0.4831591248512268,0.460686594247818,0.04928017780184746
YDL200C,YDR335W,0,-3.3937216,0.48259860277175903,0.460686594247818,0.049390919506549835
YOR245C,YMR137C,0,-3.3947966,0.4820393919944763,0.460686594247818,0.04950166121125221
YLR170C,YDR411C,0,-3.3949137,0.48148149251937866,0.460686594247818,0.04961240291595459
YOR117W,YNR026C,1,-3.3963223,0.48208093643188477,0.46179401874542236,0.04961240291595459
YLR394W,YKL055C,0,-3.3980103,0.481524258852005,0.46179401874542236,0.04972314462065697
YPR018W,YHR050W,0,-3.3984227,0.4809688627719879,0.46179401874542236,0.049833886325359344
YER017C,YBR231C,0,-3.3984985,0.4804147481918335,0.46179401874542236,0.04994462803006172
YNL099C,YPR018W,0,-3.399032,0.47986191511154175,0.46179401874542236,0.0500553697347641
YGR261C,YAL041W,0,-3.3993483,0.4793103337287903,0.46179401874542236,0.050166111439466476
YDR174W,YGL115W,0,-3.4001446,0.4787600338459015,0.46179401874542236,0.050276853144168854
YKL074C,YOL011W,0,-3.4012008,0.47821101546287537,0.46179401874542236,0.05038759857416153
YGR188C,YOR270C,0,-3.4052892,0.47766321897506714,0.46179401874542236,0.05049834027886391
YCL043C,YOL006C,0,-3.407553,0.4771167039871216,0.46179401874542236,0.050609081983566284
YER017C,YOR185C,0,-3.4076948,0.4765714406967163,0.46179401874542236,0.05071982368826866
YDR513W,YOR254C,0,-3.408277,0.47602739930152893,0.46179401874542236,0.05083056539297104
YKL179C,YFR019W,0,-3.4087148,0.47548460960388184,0.46179401874542236,0.050941307097673416
YKR082W,YLR425W,0,-3.4092658,0.47494304180145264,0.46179401874542236,0.05105204880237579
YHR200W,YKL041W,1,-3.4098158,0.4755403995513916,0.46290144324302673,0.05105204880237579
YNR032W,YPL011C,0,-3.412218,0.4749999940395355,0.46290144324302673,0.05116279050707817
YKL054C,YFR052W,1,-3.4161973,0.4755959212779999,0.4640088677406311,0.05116279050707817
YGR003W,YHR200W,1,-3.4165196,0.4761904776096344,0.4651162922382355,0.05116279050707817
YBR102C,YIL026C,0,-3.4171228,0.47565117478370667,0.4651162922382355,0.05127353221178055
YDR256C,YPL190C,0,-3.417479,0.4751131236553192,0.4651162922382355,0.051384273916482925
YDR129C,YDR393W,0,-3.4202576,0.47457626461982727,0.4651162922382355,0.0514950156211853
YKL135C,YPR018W,0,-3.4222057,0.4740406274795532,0.4651162922382355,0.05160575732588768
YPL031C,YKR001C,0,-3.4228964,0.47350621223449707,0.4651162922382355,0.05171649903059006
YKL002W,YER021W,1,-3.4234657,0.4740990996360779,0.46622368693351746,0.05171649903059006
YFR036W,YFR052W,1,-3.4235086,0.47469067573547363,0.4673311114311218,0.05171649903059006
YJL005W,YGR009C,0,-3.4260604,0.47415730357170105,0.4673311114311218,0.051827240735292435
YER061C,YBR196C,0,-3.4269156,0.47362515330314636,0.4673311114311218,0.05193798616528511
YGL246C,YLR362W,0,-3.427394,0.4730941653251648,0.4673311114311218,0.05204872786998749
YLR354C,YLR425W,0,-3.4301822,0.4725643992424011,0.4673311114311218,0.052159469574689865
YOL129W,YGL104C,0,-3.4333084,0.47203579545021057,0.4673311114311218,0.05227021127939224
YEL061C,YKL160W,0,-3.4354024,0.4715083837509155,0.4673311114311218,0.05238095298409462
YMR004W,YGL045W,0,-3.4372358,0.4709821343421936,0.4673311114311218,0.052491694688797
YKL054C,YGL011C,1,-3.4400167,0.4715718924999237,0.4684385359287262,0.052491694688797
YNL094W,YOR279C,0,-3.4417696,0.4710467755794525,0.4684385359287262,0.052602436393499374
YDR036C,YMR004W,0,-3.4435797,0.47052279114723206,0.4684385359287262,0.05271317809820175
YNL159C,YEL037C,1,-3.4456344,0.47111111879348755,0.46954596042633057,0.05271317809820175
YBR274W,YPL121C,0,-3.4460065,0.47058823704719543,0.46954596042633057,0.05282391980290413
YMR022W,YBR082C,1,-3.4467072,0.4711751639842987,0.47065338492393494,0.05282391980290413
YDR202C,YMR218C,0,-3.4470701,0.47065338492393494,0.47065338492393494,0.052934661507606506
YER116C,YHR012W,0,-3.4521844,0.4701327383518219,0.47065338492393494,0.053045403212308884
YER061C,YPR107C,0,-3.454001,0.469613254070282,0.47065338492393494,0.05315614491701126
YAL058W,YER021W,1,-3.4544644,0.4701986610889435,0.4717608094215393,0.05315614491701126
YLR206W,YBR165W,0,-3.4560454,0.4696802794933319,0.4717608094215393,0.05326688662171364
YKL135C,YOL094C,0,-3.4562588,0.4691630005836487,0.4717608094215393,0.053377628326416016
YFL025C,YGL011C,1,-3.458055,0.46974697709083557,0.4728682041168213,0.053377628326416016
YDL099W,YER107C,0,-3.4587297,0.4692307710647583,0.4728682041168213,0.05348837375640869
YNL059C,YNL049C,0,-3.459453,0.46871569752693176,0.4728682041168213,0.05359911546111107
YEL018W,YGL104C,0,-3.45968,0.46820175647735596,0.4728682041168213,0.053709857165813446
YMR095C,YHR012W,0,-3.460298,0.4676889479160309,0.4728682041168213,0.05382059887051582
YOL012C,YPR094W,0,-3.4624305,0.46717724204063416,0.4728682041168213,0.0539313405752182
YPL059W,YPL233W,0,-3.4630451,0.46666666865348816,0.4728682041168213,0.05404208227992058
YBR201W,YFR052W,1,-3.4645061,0.46724891662597656,0.47397562861442566,0.05404208227992058
YKL022C,YPL096W,1,-3.4653463,0.4678298830986023,0.47508305311203003,0.05404208227992058
YDR236C,YNL009W,0,-3.4667532,0.4673202633857727,0.47508305311203003,0.054152823984622955
YDR037W,YML028W,0,-3.4670942,0.46681174635887146,0.47508305311203003,0.05426356568932533
YER061C,YCL016C,0,-3.4675128,0.46630436182022095,0.47508305311203003,0.05437430739402771
YKL213C,YNL230C,1,-3.4718485,0.4668838083744049,0.4761904776096344,0.05437430739402771
YIR009W,YOR216C,0,-3.4735641,0.4663774371147156,0.4761904776096344,0.05448504909873009
YDL093W,YJL025W,0,-3.4751964,0.4658721685409546,0.4761904776096344,0.054595790803432465
YLL035W,YOL109W,0,-3.4756415,0.46536797285079956,0.4761904776096344,0.05470653250813484
YGL071W,YKL134C,0,-3.4765882,0.4648648500442505,0.4761904776096344,0.05481727421283722
YPL262W,YBR037C,0,-3.480547,0.46436285972595215,0.4761904776096344,0.0549280159175396
YLR418C,YHL002W,0,-3.4806566,0.4638619124889374,0.4761904776096344,0.05503876134753227
YJL042W,YBR231C,0,-3.482733,0.46336206793785095,0.4761904776096344,0.05514950305223465
YER019W,YPL233W,0,-3.4844363,0.4628632962703705,0.4761904776096344,0.05526024475693703
YDR069C,YNR026C,1,-3.4874449,0.463440865278244,0.47729790210723877,0.05526024475693703
YDR317W,YKL196C,0,-3.4887831,0.46294307708740234,0.47729790210723877,0.055370986461639404
YNR026C,YLR025W,1,-3.4904933,0.46351930499076843,0.47840532660484314,0.055370986461639404
YOR023C,YJL005W,0,-3.4912295,0.46302250027656555,0.47840532660484314,0.05548172816634178
YGR216C,YJR068W,0,-3.491665,0.46252676844596863,0.47840532660484314,0.05559246987104416
YLR025W,YCL008C,1,-3.4921944,0.4631015956401825,0.4795127213001251,0.05559246987104416
YKR038C,YLR134W,0,-3.4936328,0.46260684728622437,0.4795127213001251,0.055703211575746536
YDR069C,YDR057W,1,-3.4939666,0.4631803631782532,0.4806201457977295,0.055703211575746536
YMR285C,YBR127C,0,-3.496416,0.46268656849861145,0.4806201457977295,0.055813953280448914
YPL096W,YMR022W,1,-3.4969587,0.4632587730884552,0.48172757029533386,0.055813953280448914
YMR022W,YBR273C,1,-3.4999375,0.46382978558540344,0.48283499479293823,0.055813953280448914
YOR245C,YJR125C,0,-3.5001836,0.46333688497543335,0.48283499479293823,0.05592469498515129
YGR145W,YAL010C,0,-3.5013497,0.46284499764442444,0.48283499479293823,0.05603543668985367
YKL160W,YGR099W,0,-3.5014389,0.4623541831970215,0.48283499479293823,0.056146178394556046
YDL013W,YDR135C,0,-3.5063066,0.4618644118309021,0.48283499479293823,0.05625692009925842
YFR036W,YBR201W,1,-3.5090842,0.4624338746070862,0.4839424192905426,0.05625692009925842
YLR248W,YML028W,0,-3.5094733,0.4619450271129608,0.4839424192905426,0.0563676618039608
YMR216C,YJL156C,0,-3.5104885,0.461457222700119,0.4839424192905426,0.05647840350866318
YLR208W,YBR273C,1,-3.5121055,0.46202531456947327,0.485049843788147,0.05647840350866318
YIL062C,YLL060C,0,-3.5122328,0.4615384638309479,0.485049843788147,0.05658914893865585
YNR035C,YDR515W,0,-3.5125885,0.46105262637138367,0.485049843788147,0.05669989064335823
YLR303W,YER019C-A,0,-3.513468,0.460567831993103,0.485049843788147,0.05681063234806061
YFL009W,YLR208W,1,-3.5150294,0.4611344635486603,0.48615726828575134,0.05681063234806061
YNL159C,YAL058W,1,-3.5154073,0.461699903011322,0.4872646629810333,0.05681063234806061
YOR109W,YLR362W,0,-3.5191152,0.46121594309806824,0.4872646629810333,0.056921374052762985
YKL054C,YMR022W,1,-3.5206757,0.4617801010608673,0.4883720874786377,0.056921374052762985
YOR371C,YJL141C,0,-3.5210118,0.46129706501960754,0.4883720874786377,0.05703211575746536
YAL016W,YGL212W,0,-3.5213876,0.46081504225730896,0.4883720874786377,0.05714285746216774
YDR054C,YGR253C,1,-3.5214434,0.4613778591156006,0.48947951197624207,0.05714285746216774
YJL115W,YLR206W,0,-3.5220208,0.460896760225296,0.48947951197624207,0.05725359916687012
YDR160W,YPL203W,0,-3.5223114,0.46041667461395264,0.48947951197624207,0.057364340871572495
YGL035C,YGL210W,0,-3.5229273,0.45993757247924805,0.48947951197624207,0.05747508257627487
YEL056W,YPL031C,0,-3.525326,0.45945945382118225,0.48947951197624207,0.05758582428097725
YJR001W,YCR086W,0,-3.5261695,0.45898234844207764,0.48947951197624207,0.057696565985679626
YCL008C,YMR067C,1,-3.530646,0.4595435559749603,0.49058693647384644,0.057696565985679626
YKL139W,YLR361C,0,-3.531394,0.45906734466552734,0.49058693647384644,0.057807307690382004
YBR037C,YAL011W,0,-3.5314817,0.45859214663505554,0.49058693647384644,0.05791804939508438
YCL044C,YCL043C,0,-3.5334005,0.45811790227890015,0.49058693647384644,0.05802879109978676
YNL118C,YCL051W,0,-3.537002,0.45764464139938354,0.49058693647384644,0.058139536529779434
YDL159W,YKL196C,0,-3.5382023,0.45717233419418335,0.49058693647384644,0.05825027823448181
YLR376C,YGR104C,0,-3.5389683,0.45670104026794434,0.49058693647384644,0.05836101993918419
YJR082C,YNR048W,0,-3.54185,0.45623070001602173,0.49058693647384644,0.058471761643886566
YGL071W,YPR083W,0,-3.542167,0.4557613134384155,0.49058693647384644,0.058582503348588943
YPR025C,YPL203W,0,-3.543738,0.4552929103374481,0.49058693647384644,0.05869324505329132
YNR010W,YBR102C,0,-3.5440493,0.4548254609107971,0.49058693647384644,0.0588039867579937
YAL058W,YGR135W,1,-3.545455,0.45538461208343506,0.4916943609714508,0.0588039867579937
YML081C-A,YPL262W,0,-3.545672,0.4549180269241333,0.4916943609714508,0.058914728462696075
YDR388W,YGL115W,0,-3.5458179,0.45445239543914795,0.4916943609714508,0.05902547016739845
YDR335W,YNL049C,0,-3.5459716,0.453987717628479,0.4916943609714508,0.05913621187210083
YGR238C,YPL190C,0,-3.5460424,0.45352399349212646,0.4916943609714508,0.05924695357680321
YLL031C,YML028W,0,-3.546086,0.45306122303009033,0.4916943609714508,0.059357695281505585
YLR052W,YNL049C,0,-3.546298,0.4525993764400482,0.4916943609714508,0.05946843698620796
YNL230C,YGR253C,1,-3.5499043,0.45315682888031006,0.4928017854690552,0.05946843698620796
YDR515W,YER123W,0,-3.5520582,0.4526958167552948,0.4928017854690552,0.05957917869091034
YBR201W,YGR135W,1,-3.5602329,0.45325204730033875,0.49390918016433716,0.05957917869091034
YKR027W,YNL294C,0,-3.5614877,0.45279186964035034,0.49390918016433716,0.059689924120903015
YDL013W,YPL015C,0,-3.5624142,0.45233264565467834,0.49390918016433716,0.05980066582560539
YKL179C,YDL024C,0,-3.5648642,0.45187437534332275,0.49390918016433716,0.05991140753030777
YNL230C,YIL017C,1,-3.565024,0.4524291455745697,0.49501660466194153,0.05991140753030777
YDR079W,YOR018W,0,-3.5663285,0.4519716799259186,0.49501660466194153,0.06002214923501015
YGL112C,YDR246W,0,-3.5663698,0.4515151381492615,0.49501660466194153,0.060132890939712524
YOR116C,YPL232W,0,-3.5676813,0.4510595500469208,0.49501660466194153,0.0602436326444149
YML067C,YDR135C,0,-3.5681758,0.4506048262119293,0.49501660466194153,0.06035437434911728
YCR020C-A,YMR216C,0,-3.5700524,0.4501510560512543,0.49501660466194153,0.060465116053819656
YDL198C,YFR033C,0,-3.5701132,0.44969817996025085,0.49501660466194153,0.060575857758522034
YBR274W,YLL019C,0,-3.5724897,0.44924622774124146,0.49501660466194153,0.06068659946322441
YHL031C,YKL126W,0,-3.57339,0.4487951695919037,0.49501660466194153,0.06079734116792679
YPL262W,YNR023W,0,-3.576875,0.44834503531455994,0.49501660466194153,0.060908082872629166
YLR039C,YNL257C,0,-3.5770512,0.4478957951068878,0.49501660466194153,0.06101882457733154
YDR099W,YML065W,0,-3.5777552,0.44744744896888733,0.49501660466194153,0.06112956628203392
YKL149C,YOR381W,0,-3.5795317,0.44699999690055847,0.49501660466194153,0.061240311712026596
YEL015W,YMR186W,0,-3.5796938,0.44655343890190125,0.49501660466194153,0.06135105341672897
YIL007C,YDR306C,1,-3.579851,0.4471057951450348,0.4961240291595459,0.06135105341672897
YFL009W,YKL213C,1,-3.5804648,0.4476570188999176,0.49723145365715027,0.06135105341672897
YMR042W,YEL015W,0,-3.5822554,0.4472111463546753,0.49723145365715027,0.06146179512143135
YDL099W,YOR018W,0,-3.5878437,0.4467661678791046,0.49723145365715027,0.06157253682613373
YKR082W,YKL108W,0,-3.5893497,0.4463220536708832,0.49723145365715027,0.061683278530836105
YLR028C,YBR231C,0,-3.590444,0.4458788335323334,0.49723145365715027,0.06179402023553848
YPR067W,YGL201C,0,-3.5915463,0.4454365074634552,0.49723145365715027,0.06190476194024086
YDL099W,YMR047C,0,-3.593359,0.44499504566192627,0.49723145365715027,0.06201550364494324
YCR083W,YGL104C,0,-3.5939293,0.4445544481277466,0.49723145365715027,0.062126245349645615
YDL226C,YDR470C,0,-3.5955,0.4441147446632385,0.49723145365715027,0.06223698705434799
YIL076W,YGL210W,0,-3.5980592,0.4436758756637573,0.49723145365715027,0.06234772875905037
YDL099W,YCR020C-A,0,-3.5990217,0.44323790073394775,0.49723145365715027,0.06245847046375275
YAL055W,YJL089W,0,-3.5991018,0.4428007900714874,0.49723145365715027,0.06256921589374542
YFR033C,YOR087W,0,-3.6001816,0.44236454367637634,0.49723145365715027,0.0626799538731575
YJL025W,YKR053C,0,-3.60039,0.4419291317462921,0.49723145365715027,0.06279069930315018
YDL226C,YOR279C,0,-3.6024966,0.44149458408355713,0.49723145365715027,0.06290143728256226
YOR112W,YNL097C,0,-3.603696,0.4410609006881714,0.49723145365715027,0.06301218271255493
YAL015C,YKL188C,0,-3.6040573,0.4406280815601349,0.49723145365715027,0.06312292069196701
YLR459W,YOR089C,0,-3.6048965,0.44019606709480286,0.49723145365715027,0.06323366612195969
YNL059C,YLR039C,0,-3.6076448,0.43976494669914246,0.49723145365715027,0.06334440410137177
YDR437W,YKL108W,0,-3.6084576,0.4393346309661865,0.49723145365715027,0.06345514953136444
YKL149C,YKL113C,0,-3.6084604,0.43890517950057983,0.49723145365715027,0.06356589496135712
YOR120W,YLR362W,0,-3.6109672,0.4384765625,0.49723145365715027,0.0636766329407692
YGL168W,YPL244C,0,-3.6126895,0.438048779964447,0.49723145365715027,0.06378737837076187
YKL022C,YFR036W,1,-3.6140418,0.4385964870452881,0.49833887815475464,0.06378737837076187
YOR316C,YCR071C,0,-3.614143,0.4381694197654724,0.49833887815475464,0.06389811635017395
YNL159C,YPL096W,1,-3.6165428,0.43871596455574036,0.499446302652359,0.06389811635017395
YDL198C,YOR150W,0,-3.6185496,0.438289612531662,0.499446302652359,0.06400886178016663
YIR009W,YER149C,0,-3.62033,0.4378640651702881,0.499446302652359,0.0641195997595787
YNR010W,YFL004W,0,-3.6208272,0.4374393820762634,0.499446302652359,0.06423034518957138
YNR035C,YPR041W,0,-3.6218581,0.43701550364494324,0.499446302652359,0.06434108316898346
YPL015C,YFL008W,0,-3.6244392,0.4365924596786499,0.499446302652359,0.06445182859897614
YKL046C,YML031W,0,-3.625414,0.43617022037506104,0.499446302652359,0.06456256657838821
YOR061W,YLR246W,0,-3.6261969,0.43574878573417664,0.499446302652359,0.06467331200838089
YKL135C,YIL112W,0,-3.6263936,0.4353281855583191,0.499446302652359,0.06478404998779297
YOR120W,YDR460W,0,-3.6269193,0.434908390045166,0.499446302652359,0.06489479541778564
YML057W,YPR037C,0,-3.6279826,0.4344893991947174,0.499446302652359,0.06500553339719772
YFL024C,YDR335W,0,-3.629096,0.43407121300697327,0.499446302652359,0.0651162788271904
YAL041W,YBL103C,0,-3.6306758,0.4336538314819336,0.499446302652359,0.06522702425718307
YML023C,YHR001W,0,-3.6317844,0.4332372844219208,0.499446302652359,0.06533776223659515
YJR001W,YNL241C,0,-3.6342793,0.43282148241996765,0.499446302652359,0.06544850766658783
YOR058C,YPR041W,0,-3.6367216,0.4324065148830414,0.499446302652359,0.06555924564599991
YNL169C,YGL115W,0,-3.6370516,0.4319923520088196,0.499446302652359,0.06566999107599258
YJL012C,YJL141C,0,-3.6383955,0.43157893419265747,0.499446302652359,0.06578072905540466
YPL137C,YOL011W,0,-3.640306,0.4311663508415222,0.499446302652359,0.06589147448539734
YEL018W,YOL006C,0,-3.6427336,0.43075454235076904,0.499446302652359,0.06600221246480942
YNL259C,YAR014C,0,-3.6433067,0.43034350872039795,0.499446302652359,0.0661129578948021
YDR423C,YOR120W,0,-3.6438103,0.4299332797527313,0.499446302652359,0.06622369587421417
YPR057W,YJL204C,0,-3.645451,0.4295237958431244,0.499446302652359,0.06633444130420685
YLR105C,YGR212W,0,-3.6462028,0.4291151165962219,0.499446302652359,0.06644517928361893
YGR113W,YHR050W,0,-3.6465883,0.42870721220970154,0.499446302652359,0.0665559247136116
YLR248W,YJL156C,0,-3.6485188,0.42830008268356323,0.499446302652359,0.06666667014360428
YNL259C,YOR018W,0,-3.6496537,0.427893728017807,0.499446302652359,0.06677740812301636
YFR036W,YGR253C,1,-3.6504166,0.4284360110759735,0.5005537271499634,0.06677740812301636
YDL051W,YHR012W,0,-3.651638,0.4280303120613098,0.5005537271499634,0.06688815355300903
YMR140W,YLR130C,0,-3.6519234,0.4276253581047058,0.5005537271499634,0.06699889153242111
YBR023C,YER028C,0,-3.6523697,0.4272211790084839,0.5005537271499634,0.06710963696241379
YLR170C,YPR167C,0,-3.6531758,0.42681774497032166,0.5005537271499634,0.06722037494182587
YOL086C,YBR035C,0,-3.6544442,0.4264150857925415,0.5005537271499634,0.06733112037181854
YIR009W,YGR129W,0,-3.655035,0.42601320147514343,0.5005537271499634,0.06744185835123062
YPR057W,YBR035C,0,-3.6554632,0.42561206221580505,0.5005537271499634,0.0675526037812233
YDR513W,YBL080C,0,-3.6556208,0.42521166801452637,0.5005537271499634,0.06766334176063538
YGL035C,YGL095C,0,-3.6558306,0.4248120188713074,0.5005537271499634,0.06777408719062805
YNL230C,YLR208W,1,-3.655849,0.4253521263599396,0.5016611218452454,0.06777408719062805
YML104C,YLR034C,0,-3.656032,0.4249531030654907,0.5016611218452454,0.06788482517004013
YCL008C,YKL041W,1,-3.6580286,0.4254920482635498,0.5027685761451721,0.06788482517004013
YKL022C,YIL007C,1,-3.658712,0.4260299503803253,0.5038759708404541,0.06788482517004013
YPL100W,YIL013C,0,-3.6597278,0.42563143372535706,0.5038759708404541,0.0679955706000328
YKL016C,YJR013W,0,-3.6608353,0.4252336323261261,0.5038759708404541,0.06810630857944489
YMR213W,YBR022W,0,-3.6612592,0.4248366057872772,0.5038759708404541,0.06821705400943756
YKL002W,YIL007C,1,-3.6613107,0.4253731369972229,0.5049833655357361,0.06821705400943756
YGL178W,YLR248W,0,-3.6616464,0.4249767065048218,0.5049833655357361,0.06832779943943024
YFR036W,YGL011C,1,-3.6616879,0.4255121052265167,0.5060908198356628,0.06832779943943024
YNL059C,YAL016W,0,-3.6632247,0.42511627078056335,0.5060908198356628,0.06843853741884232
YBR201W,YDR069C,1,-3.6637297,0.42565056681632996,0.5071982145309448,0.06843853741884232
YPL218W,YML085C,0,-3.6643715,0.42525532841682434,0.5071982145309448,0.06854928284883499
YPL115C,YHL031C,0,-3.6648397,0.4248608648777008,0.5071982145309448,0.06866002082824707
YMR047C,YDR202C,0,-3.666404,0.4244670867919922,0.5071982145309448,0.06877076625823975
YKL046C,YAL010C,0,-3.6666126,0.42407408356666565,0.5071982145309448,0.06888150423765182
YEL012W,YBR273C,1,-3.6699972,0.4246068596839905,0.5083056688308716,0.06888150423765182
YIL062C,YPL235W,0,-3.673171,0.4242144227027893,0.5083056688308716,0.0689922496676445
YJR082C,YFL005W,0,-3.6734111,0.42382270097732544,0.5083056688308716,0.06910298764705658
YER017C,YPR168W,0,-3.6754737,0.42343172430992126,0.5083056688308716,0.06921373307704926
YML127W,YIL056W,0,-3.6755214,0.4230414628982544,0.5083056688308716,0.06932447105646133
YDR411C,YDR205W,0,-3.675661,0.4226519465446472,0.5083056688308716,0.06943521648645401
YKL022C,YBR273C,1,-3.6767824,0.4231830835342407,0.5094130635261536,0.06943521648645401
YMR216C,YDR246W,0,-3.6785505,0.4227941036224365,0.5094130635261536,0.06954595446586609
YOR057W,YIL173W,0,-3.6789155,0.422405868768692,0.5094130635261536,0.06965669989585876
YPR032W,YLR425W,0,-3.679192,0.4220183491706848,0.5094130635261536,0.06976744532585144
YJL013C,YPR036W,0,-3.6815646,0.4216315448284149,0.5094130635261536,0.06987818330526352
YJL196C,YPL059W,0,-3.6825163,0.42124542593955994,0.5094130635261536,0.0699889287352562
YGL169W,YOR270C,0,-3.6825812,0.42086002230644226,0.5094130635261536,0.07009966671466827
YFL009W,YMR067C,1,-3.6846743,0.4213894009590149,0.5105204582214355,0.07009966671466827
YHL002W,YGR013W,0,-3.6856604,0.4210045635700226,0.5105204582214355,0.07021041214466095
YJR135C,YPL153C,0,-3.6859255,0.4206204414367676,0.5105204582214355,0.07032115012407303
YGR159C,YLR048W,0,-3.6859477,0.4202370047569275,0.5105204582214355,0.0704318955540657
YML057W,YER107C,0,-3.6862335,0.4198542833328247,0.5105204582214355,0.07054263353347778
YLR078C,YDL230W,0,-3.686703,0.41947224736213684,0.5105204582214355,0.07065337896347046
YBR273C,YKL041W,1,-3.6874743,0.41999998688697815,0.5116279125213623,0.07065337896347046
YDR284C,YPL203W,0,-3.6877375,0.41961851716041565,0.5116279125213623,0.07076411694288254
YDR054C,YFR050C,1,-3.6878061,0.420145183801651,0.5127353072166443,0.07076411694288254
YGL011C,YBR082C,1,-3.6888907,0.42067089676856995,0.513842761516571,0.07076411694288254
YPR094W,YHR012W,0,-3.6908095,0.4202898442745209,0.513842761516571,0.07087486237287521
YJR059W,YDL159W,0,-3.6911445,0.4199095070362091,0.513842761516571,0.07098560035228729
YMR004W,YAL055W,0,-3.691326,0.41952982544898987,0.513842761516571,0.07109634578227997
YEL031W,YDR135C,0,-3.6930609,0.41915085911750793,0.513842761516571,0.07120708376169205
YLR028C,YKL134C,0,-3.6943402,0.41877254843711853,0.513842761516571,0.07131782919168472
YHR012W,YLR181C,0,-3.6954496,0.41839495301246643,0.513842761516571,0.0714285746216774
YHR200W,YDR057W,1,-3.6957088,0.4189189076423645,0.514950156211853,0.0714285746216774
YPL096W,YEL037C,1,-3.6965072,0.41944193840026855,0.5160576105117798,0.0714285746216774
YPL059W,YDR060W,0,-3.6993084,0.4190647602081299,0.5160576105117798,0.07153931260108948
YER019C-A,YOR110W,0,-3.6995983,0.41868823766708374,0.5160576105117798,0.07165005803108215
YGL047W,YOR076C,0,-3.7009492,0.4183124005794525,0.5160576105117798,0.07176079601049423
YBR102C,YKL188C,0,-3.7034478,0.4179372191429138,0.5160576105117798,0.07187154144048691
YKL160W,YMR208W,0,-3.7035859,0.41756272315979004,0.5160576105117798,0.07198227941989899
YJR004C,YGR099W,0,-3.707684,0.4171889126300812,0.5160576105117798,0.07209302484989166
YIL007C,YIL017C,1,-3.7082436,0.41771018505096436,0.5171650052070618,0.07209302484989166
YGR253C,YNR026C,1,-3.710685,0.4182305634021759,0.5182723999023438,0.07209302484989166
YPR154W,YDR077W,0,-3.7111006,0.4178571403026581,0.5182723999023438,0.07220376282930374
YNL286W,YER116C,0,-3.7118165,0.4174844026565552,0.5182723999023438,0.07231450825929642
YOR109W,YDR205W,0,-3.7123995,0.4171122908592224,0.5182723999023438,0.0724252462387085
YER167W,YMR140W,0,-3.7131503,0.41674086451530457,0.5182723999023438,0.07253599166870117
YFL005W,YDR135C,0,-3.714117,0.41637009382247925,0.5182723999023438,0.07264672964811325
YJR013W,YIL095W,0,-3.716446,0.41600000858306885,0.5182723999023438,0.07275747507810593
YBR201W,YLR208W,1,-3.7198005,0.4165186583995819,0.5193798542022705,0.07275747507810593
YML095C,YOL072W,0,-3.7199578,0.4161490797996521,0.5193798542022705,0.0728682205080986
YNL221C,YDR473C,0,-3.720436,0.41578012704849243,0.5193798542022705,0.07297895848751068
YJR013W,YDR335W,0,-3.720934,0.4154118597507477,0.5193798542022705,0.07308970391750336
YFR028C,YPL059W,0,-3.7221196,0.41504424810409546,0.5193798542022705,0.07320044189691544
YHL002W,YLR386W,0,-3.722278,0.4146772623062134,0.5193798542022705,0.07331118732690811
YPR189W,YLR447C,0,-3.7231278,0.4143109619617462,0.5193798542022705,0.07342192530632019
YDL028C,YDR292C,0,-3.726385,0.4139452874660492,0.5193798542022705,0.07353267073631287
YGR220C,YPR133C,0,-3.7303834,0.4135802388191223,0.5193798542022705,0.07364340871572495
YKL054C,YGR135W,1,-3.7313046,0.4140969216823578,0.5204872488975525,0.07364340871572495
YKL170W,YLR383W,0,-3.7325118,0.4137323796749115,0.5204872488975525,0.07375415414571762
YOL130W,YLR429W,0,-3.7343407,0.4133685231208801,0.5204872488975525,0.0738648921251297
YLR384C,YOR372C,0,-3.7353272,0.4130052626132965,0.5204872488975525,0.07397563755512238
YKL054C,YHR200W,1,-3.7369194,0.4135206341743469,0.5215947031974792,0.07397563755512238
YIL033C,YML098W,0,-3.7370124,0.4131578803062439,0.5215947031974792,0.07408637553453445
YOL130W,YML067C,0,-3.737656,0.4127957820892334,0.5215947031974792,0.07419712096452713
YNL073W,YGR033C,0,-3.7378373,0.41243433952331543,0.5215947031974792,0.0743078663945198
YKL179C,YEL015W,0,-3.7417874,0.4120734930038452,0.5215947031974792,0.07441860437393188
YLR078C,YLR425W,0,-3.7422905,0.41171327233314514,0.5215947031974792,0.07452934980392456
YNL094W,YAR014C,0,-3.7427077,0.4113537073135376,0.5215947031974792,0.07464008778333664
YNR035C,YLR361C,0,-3.744244,0.4109947681427002,0.5215947031974792,0.07475083321332932
YPL204W,YER149C,0,-3.7475219,0.41063645482063293,0.5215947031974792,0.0748615711927414
YBR201W,YGR253C,1,-3.7479973,0.4111498296260834,0.5227020978927612,0.0748615711927414
YDR256C,YGR238C,0,-3.7480855,0.4107919931411743,0.5227020978927612,0.07497231662273407
YKL002W,YGR253C,1,-3.749164,0.4113043546676636,0.523809552192688,0.07497231662273407
YKL002W,YIL017C,1,-3.7494402,0.4118158221244812,0.52491694688797,0.07497231662273407
YGR113W,YLR361C,0,-3.7497346,0.4114583432674408,0.52491694688797,0.07508305460214615
YBR274W,YPL153C,0,-3.750717,0.41110146045684814,0.52491694688797,0.07519380003213882
YGL095C,YLR181C,0,-3.7540755,0.410745233297348,0.52491694688797,0.0753045380115509
YNL177C,YGR099W,0,-3.7556531,0.41038960218429565,0.52491694688797,0.07541528344154358
YDR264C,YPL011C,0,-3.7559981,0.4100345969200134,0.52491694688797,0.07552602142095566
YGR003W,YGR253C,1,-3.7589035,0.4105445146560669,0.526024341583252,0.07552602142095566
YJL072C,YGR211W,0,-3.7592106,0.41018998622894287,0.526024341583252,0.07563676685094833
YNL257C,YGL243W,0,-3.7598364,0.4098360538482666,0.526024341583252,0.07574750483036041
YER061C,YMR247C,0,-3.760266,0.4094827473163605,0.526024341583252,0.07585825026035309
YML127W,YDR246W,0,-3.7608693,0.4091300666332245,0.526024341583252,0.07596899569034576
YGR003W,YEL037C,1,-3.762188,0.40963855385780334,0.5271317958831787,0.07596899569034576
YPL153C,YNL253W,0,-3.7638502,0.4092863202095032,0.5271317958831787,0.07607973366975784
YLR429W,YAL031C,0,-3.7642934,0.40893471240997314,0.5271317958831787,0.07619047909975052
YNL097C,YDR311W,0,-3.7648013,0.40858370065689087,0.5271317958831787,0.0763012170791626
YDR202C,YOL006C,0,-3.766244,0.40823328495025635,0.5271317958831787,0.07641196250915527
YDR284C,YDR292C,0,-3.7697854,0.4078834652900696,0.5271317958831787,0.07652270048856735
YNL041C,YDR473C,0,-3.7728963,0.40753424167633057,0.5271317958831787,0.07663344591856003
YER149C,YBL102W,0,-3.7770023,0.4071856141090393,0.5271317958831787,0.0767441838979721
YOR244W,YDR416W,0,-3.777381,0.4068376123905182,0.5271317958831787,0.07685492932796478
YDR256C,YKL074C,0,-3.7777317,0.40649017691612244,0.5271317958831787,0.07696566730737686
YKL135C,YDR495C,0,-3.779674,0.40614333748817444,0.5271317958831787,0.07707641273736954
YDR054C,YKL213C,1,-3.7799928,0.4066496193408966,0.5282391905784607,0.07707641273736954
YGL174W,YJL072C,0,-3.78423,0.4063032269477844,0.5282391905784607,0.07718715071678162
YJR042W,YBR127C,0,-3.7862642,0.4059574604034424,0.5282391905784607,0.07729789614677429
YDL100C,YLR043C,0,-3.786563,0.4056122303009033,0.5282391905784607,0.07740864157676697
YCR027C,YDR470C,0,-3.7872005,0.4052676260471344,0.5282391905784607,0.07751937955617905
YGR003W,YPL096W,1,-3.7890472,0.40577250719070435,0.5293466448783875,0.07751937955617905
YOR137C,YDL235C,0,-3.7923183,0.40542832016944885,0.5293466448783875,0.07763012498617172
YBL050W,YER123W,0,-3.7926693,0.4050847589969635,0.5293466448783875,0.0777408629655838
YCR086W,YIL048W,0,-3.7969892,0.40474173426628113,0.5293466448783875,0.07785160839557648
YJR082C,YJR059W,0,-3.797186,0.4043993353843689,0.5293466448783875,0.07796234637498856
YOR244W,YBR035C,0,-3.7973742,0.40405747294425964,0.5293466448783875,0.07807309180498123
YGL084C,YDR388W,0,-3.7980642,0.40371620655059814,0.5293466448783875,0.07818382978439331
YIL048W,YNL253W,0,-3.7992675,0.4033755362033844,0.5293466448783875,0.07829457521438599
YOR150W,YAR008W,0,-3.799677,0.40303540229797363,0.5293466448783875,0.07840531319379807
YPR065W,YKR059W,0,-3.7996864,0.4026958644390106,0.5293466448783875,0.07851605862379074
YOL086C,YLR429W,0,-3.8006463,0.402356892824173,0.5293466448783875,0.07862679660320282
YLR316C,YML115C,0,-3.800878,0.4020185172557831,0.5293466448783875,0.0787375420331955
YNL207W,YPR107C,0,-3.8021715,0.40168067812919617,0.5293466448783875,0.07884828001260757
YNL001W,YPR165W,0,-3.8057756,0.4013434052467346,0.5293466448783875,0.07895902544260025
YPL178W,YNR039C,0,-3.8081102,0.40100669860839844,0.5293466448783875,0.07906977087259293
YBR201W,YEL012W,1,-3.8084483,0.40150880813598633,0.5304540395736694,0.07906977087259293
YLR248W,YLR043C,0,-3.8087182,0.4011725187301636,0.5304540395736694,0.079180508852005
YNL110C,YOL011W,0,-3.8088822,0.4008368253707886,0.5304540395736694,0.07929125428199768
YLR347C,YCL055W,0,-3.809122,0.40050166845321655,0.5304540395736694,0.07940199226140976
YOL158C,YPL153C,0,-3.8110876,0.4001670777797699,0.5304540395736694,0.07951273769140244
YJR001W,YOL006C,0,-3.8124862,0.3998330533504486,0.5304540395736694,0.07962347567081451
YAL015C,YPL218W,0,-3.8146167,0.3994995951652527,0.5304540395736694,0.07973422110080719
YAL031C,YDL093W,0,-3.8157535,0.39916667342185974,0.5304540395736694,0.07984495908021927
YJR089W,YPL190C,0,-3.818795,0.39883431792259216,0.5304540395736694,0.07995570451021194
YGL047W,YLR425W,0,-3.820077,0.39850249886512756,0.5304540395736694,0.08006644248962402
YPL227C,YMR298W,0,-3.8235369,0.39817124605178833,0.5304540395736694,0.0801771879196167
YJR001W,YPL126W,0,-3.8236313,0.3978405296802521,0.5304540395736694,0.08028792589902878
YPL078C,YMR012W,0,-3.8261285,0.3975103795528412,0.5304540395736694,0.08039867132902145
YNL097C,YFL008W,0,-3.82627,0.3971807658672333,0.5304540395736694,0.08050941675901413
YKL002W,YGL011C,1,-3.8268018,0.3976801931858063,0.5315614342689514,0.08050941675901413
YDR099W,YML031W,0,-3.827584,0.3973509967327118,0.5315614342689514,0.08062015473842621
YKL049C,YGL104C,0,-3.8298726,0.3970223367214203,0.5315614342689514,0.08073090016841888
YJR001W,YLR045C,0,-3.8304496,0.39669421315193176,0.5315614342689514,0.08084163814783096
YFL025C,YPL096W,1,-3.8305078,0.3971923887729645,0.5326688885688782,0.08084163814783096
YPL096W,YDR306C,1,-3.830625,0.3976897597312927,0.5337762832641602,0.08084163814783096
YKL054C,YOR117W,1,-3.8316922,0.3981863260269165,0.5348837375640869,0.08084163814783096
YKL179C,YML095C,0,-3.8317316,0.39785832166671753,0.5348837375640869,0.08095238357782364
YGL045W,YBL050W,0,-3.8332744,0.39753085374832153,0.5348837375640869,0.08106312155723572
YGR007W,YDR011W,0,-3.8344634,0.3972039520740509,0.5348837375640869,0.0811738669872284
YIL007C,YBR082C,1,-3.8395722,0.3976992666721344,0.5359911322593689,0.0811738669872284
YFL005W,YDR369C,0,-3.8411613,0.3973727524280548,0.5359911322593689,0.08128460496664047
YPR168W,YJR052W,0,-3.841354,0.3970467448234558,0.5359911322593689,0.08139535039663315
YOR036W,YGR013W,0,-3.8415117,0.3967213034629822,0.5359911322593689,0.08150608837604523
YDL200C,YDR246W,0,-3.8421278,0.3963963985443115,0.5359911322593689,0.0816168338060379
YNL009W,YEL031W,0,-3.8443975,0.39607200026512146,0.5359911322593689,0.08172757178544998
YHR001W,YDR443C,0,-3.8449206,0.39574816823005676,0.5359911322593689,0.08183831721544266
YHL002W,YPL174C,0,-3.8477974,0.39542484283447266,0.5359911322593689,0.08194905519485474
YMR075W,YIL063C,0,-3.8487537,0.39510205388069153,0.5359911322593689,0.08205980062484741
YKR027W,YPL153C,0,-3.8506289,0.394779771566391,0.5359911322593689,0.08217054605484009
YOR112W,YJL157C,0,-3.8518066,0.39445802569389343,0.5359911322593689,0.08228128403425217
YBR201W,YMR067C,1,-3.8522367,0.39495113492012024,0.5370985865592957,0.08228128403425217
YCL024W,YKL203C,0,-3.854979,0.3946297764778137,0.5370985865592957,0.08239202946424484
YCL043C,YBR035C,0,-3.85507,0.3943089544773102,0.5370985865592957,0.08250276744365692
YDR434W,YIL002C,0,-3.855092,0.39398863911628723,0.5370985865592957,0.0826135128736496
YGL212W,YPR107C,0,-3.8554015,0.3936688303947449,0.5370985865592957,0.08272425085306168
YKL054C,YKL213C,1,-3.857201,0.39416059851646423,0.5382059812545776,0.08272425085306168
YGL174W,YMR065W,0,-3.8585937,0.3938411772251129,0.5382059812545776,0.08283499628305435
YCL008C,YBR082C,1,-3.859785,0.39433199167251587,0.5393133759498596,0.08283499628305435
YDL099W,YIL037C,0,-3.8607268,0.3940129578113556,0.5393133759498596,0.08294573426246643
YCL008C,YIL017C,1,-3.8617468,0.39450281858444214,0.5404208302497864,0.08294573426246643
YKL002W,YNR026C,1,-3.863511,0.394991934299469,0.5415282249450684,0.08294573426246643
YFR028C,YPL016W,0,-3.8649354,0.39467310905456543,0.5415282249450684,0.0830564796924591
YDL235C,YKL126W,0,-3.8653007,0.39435485005378723,0.5415282249450684,0.08316721767187119
YNL177C,YBL102W,0,-3.8656368,0.39403706789016724,0.5415282249450684,0.08327796310186386
YOR386W,YBR024W,0,-3.867476,0.39371979236602783,0.5415282249450684,0.08338870108127594
YJL006C,YAL016W,0,-3.867596,0.3934030532836914,0.5415282249450684,0.08349944651126862
YOR112W,YHR006W,0,-3.8695605,0.39308682084083557,0.5415282249450684,0.08361019194126129
YER017C,YLR248W,0,-3.8710032,0.3927710950374603,0.5415282249450684,0.08372092992067337
YAR002W,YLR181C,0,-3.8728487,0.3924558460712433,0.5415282249450684,0.08383167535066605
YPL190C,YBR165W,0,-3.873344,0.3921411335468292,0.5415282249450684,0.08394241333007812
YPL204W,YDR160W,0,-3.8743804,0.39182692766189575,0.5415282249450684,0.0840531587600708
YPR179C,YBL033C,0,-3.8746078,0.3915131986141205,0.5415282249450684,0.08416389673948288
YDL200C,YBR165W,0,-3.8746686,0.3912000060081482,0.5415282249450684,0.08427464216947556
YLR189C,YCR086W,0,-3.8753536,0.3908872902393341,0.5415282249450684,0.08438538014888763
YPL096W,YLR208W,1,-3.8759832,0.39137381315231323,0.5426356792449951,0.08438538014888763
YOR061W,YDR388W,0,-3.8777528,0.3910614550113678,0.5426356792449951,0.08449612557888031
YPR006C,YDR246W,0,-3.8779612,0.39074960350990295,0.5426356792449951,0.08460686355829239
YPL231W,YER107C,0,-3.8786678,0.3904382586479187,0.5426356792449951,0.08471760898828506
YNL230C,YMR022W,1,-3.878753,0.39092355966567993,0.5437430739402771,0.08471760898828506
YPL202C,YLR376C,0,-3.8796291,0.39061257243156433,0.5437430739402771,0.08482834696769714
YJL196C,YDR429C,0,-3.8816853,0.39030206203460693,0.5437430739402771,0.08493909239768982
YKL134C,YIL008W,0,-3.8817363,0.3899920582771301,0.5437430739402771,0.0850498303771019
YDR284C,YGR104C,0,-3.8823524,0.3896825313568115,0.5437430739402771,0.08516057580709457
YKL002W,YBR082C,1,-3.8829854,0.3901665210723877,0.5448504686355591,0.08516057580709457
YDR296W,YOL072W,0,-3.88547,0.38985738158226013,0.5448504686355591,0.08527132123708725
YER119C,YLR039C,0,-3.8855708,0.3895486891269684,0.5448504686355591,0.08538205921649933
YFR050C,YNR026C,1,-3.8861017,0.390031635761261,0.5459579229354858,0.08538205921649933
YLL009C,YDR194C,0,-3.886148,0.3897233307361603,0.5459579229354858,0.085492804646492
YNL118C,YNL173C,0,-3.8881176,0.3894154727458954,0.5459579229354858,0.08560354262590408
YKR066C,YOR316C,0,-3.8910594,0.3891081213951111,0.5459579229354858,0.08571428805589676
YDL197C,YDL099W,0,-3.8920593,0.3888012766838074,0.5459579229354858,0.08582502603530884
YEL053C,YNL126W,0,-3.8936126,0.3884948790073395,0.5459579229354858,0.08593577146530151
YLR170C,YPL045W,0,-3.8947897,0.3881889879703522,0.5459579229354858,0.08604650944471359
YKR066C,YBR118W,0,-3.896328,0.3878835439682007,0.5459579229354858,0.08615725487470627
YBR288C,YGL174W,0,-3.8971114,0.3875786066055298,0.5459579229354858,0.08626799285411835
YPL190C,YBL103C,0,-3.8997717,0.3872741460800171,0.5459579229354858,0.08637873828411102
YGL181W,YMR095C,0,-3.9013789,0.3869701623916626,0.5459579229354858,0.0864894762635231
YJL210W,YGL045W,0,-3.9045224,0.3866666555404663,0.5459579229354858,0.08660022169351578
YDR030C,YDR404C,0,-3.9067574,0.3863636255264282,0.5459579229354858,0.08671096712350845
YKL022C,YNL230C,1,-3.906995,0.3868441581726074,0.5470653176307678,0.08671096712350845
YMR065W,YKL099C,0,-3.9086242,0.386541485786438,0.5470653176307678,0.08682170510292053
YKL022C,YLR208W,1,-3.909357,0.38702112436294556,0.5481727719306946,0.08682170510292053
YOL086C,YGL030W,0,-3.9097397,0.38671875,0.5481727719306946,0.08693245053291321
YIL017C,YKL041W,1,-3.9149215,0.38719749450683594,0.5492801666259766,0.08693245053291321
YDR264C,YML067C,0,-3.9153185,0.38689547777175903,0.5492801666259766,0.08704318851232529
YIR037W,YPR133C,0,-3.9175987,0.38659390807151794,0.5492801666259766,0.08715393394231796
YBR217W,YPL190C,0,-3.9178083,0.38629284501075745,0.5492801666259766,0.08726467192173004
YPL008W,YNL054W,0,-3.920692,0.38599222898483276,0.5492801666259766,0.08737541735172272
YAL010C,YDL028C,0,-3.9223332,0.3856920599937439,0.5492801666259766,0.0874861553311348
YNL159C,YNR026C,1,-3.9235663,0.3861693739891052,0.5503876209259033,0.0874861553311348
YDR335W,YGR009C,0,-3.9289029,0.385869562625885,0.5503876209259033,0.08759690076112747
YDR335W,YLR105C,0,-3.9297643,0.3855701982975006,0.5503876209259033,0.08770763874053955
YAL058W,YGR253C,1,-3.9303842,0.38604649901390076,0.5514950156211853,0.08770763874053955
YNR026C,YEL012W,1,-3.9309409,0.3865220844745636,0.5526024103164673,0.08770763874053955
YDL093W,YOR137C,0,-3.9322581,0.3862228989601135,0.5526024103164673,0.08781838417053223
YDR071C,YKL126W,0,-3.9334908,0.38592422008514404,0.5526024103164673,0.0879291221499443
YPR185W,YPL078C,0,-3.9335384,0.385625958442688,0.5526024103164673,0.08803986757993698
YPR057W,YGR086C,0,-3.9339836,0.38532817363739014,0.5526024103164673,0.08815060555934906
YGR253C,YBR082C,1,-3.9341645,0.3858024775981903,0.553709864616394,0.08815060555934906
YLR429W,YML062C,0,-3.9343061,0.3855050206184387,0.553709864616394,0.08826135098934174
YLR034C,YKL014C,0,-3.9348388,0.38520801067352295,0.553709864616394,0.08837209641933441
YGL071W,YOR081C,0,-3.935152,0.3849114775657654,0.553709864616394,0.08848283439874649
YPL204W,YER031C,0,-3.9373388,0.38461539149284363,0.553709864616394,0.08859357982873917
YNL221C,YDR082W,0,-3.9382231,0.3843197524547577,0.553709864616394,0.08870431780815125
YPL100W,YDR037W,0,-3.9395084,0.38402459025382996,0.553709864616394,0.08881506323814392
YAL054C,YOL008W,0,-3.9419868,0.38372984528541565,0.553709864616394,0.088925801217556
YGR261C,YGL035C,0,-3.9430504,0.38343557715415955,0.553709864616394,0.08903654664754868
YKL213C,YCL008C,1,-3.9440184,0.3839080333709717,0.554817259311676,0.08903654664754868
YKL016C,YPL218W,0,-3.9474518,0.38361409306526184,0.554817259311676,0.08914728462696075
YIR009W,YNL012W,0,-3.9475763,0.38332056999206543,0.554817259311676,0.08925803005695343
YDR194C,YBR089C-A,0,-3.950713,0.3830275237560272,0.554817259311676,0.08936876803636551
YGR249W,YNL201C,0,-3.950857,0.38273492455482483,0.554817259311676,0.08947951346635818
YML067C,YLR362W,0,-3.9525983,0.38244274258613586,0.554817259311676,0.08959025144577026
YFL008W,YPR107C,0,-3.9526658,0.3821510374546051,0.554817259311676,0.08970099687576294
YIL150C,YDR030C,0,-3.9530482,0.38185974955558777,0.554817259311676,0.08981174230575562
YNL271C,YDR437W,0,-3.953939,0.38156893849372864,0.554817259311676,0.0899224802851677
YCR020W-B,YNL221C,0,-3.955755,0.38127854466438293,0.554817259311676,0.09003322571516037
YER167W,YIL065C,0,-3.9572277,0.38098859786987305,0.554817259311676,0.09014396369457245
YBR274W,YGL210W,0,-3.9572992,0.380699098110199,0.554817259311676,0.09025470912456512
YKR003W,YNR032W,0,-3.9585977,0.38041001558303833,0.554817259311676,0.0903654471039772
YFL009W,YEL037C,1,-3.9593863,0.38088011741638184,0.5559247136116028,0.0903654471039772
YJL112W,YPL063W,0,-3.9626188,0.38059136271476746,0.5559247136116028,0.09047619253396988
YNL159C,YEL012W,1,-3.9636183,0.3810606002807617,0.5570321083068848,0.09047619253396988
YFL009W,YER021W,1,-3.9645815,0.38152915239334106,0.5581395626068115,0.09047619253396988
YDL226C,YMR065W,0,-3.965509,0.3812405467033386,0.5581395626068115,0.09058693051338196
YDR202C,YER103W,0,-3.9701064,0.380952388048172,0.5581395626068115,0.09069767594337463
YPL137C,YPL233W,0,-3.9702868,0.3806646466255188,0.5581395626068115,0.09080841392278671
YGL181W,YGR180C,0,-3.972764,0.3803773522377014,0.5581395626068115,0.09091915935277939
YJL115W,YNL167C,0,-3.973259,0.38009050488471985,0.5581395626068115,0.09102989733219147
YPR067W,YFL004W,0,-3.9752524,0.3798040747642517,0.5581395626068115,0.09114064276218414
YIL002C,YGL112C,0,-3.975921,0.379518061876297,0.5581395626068115,0.09125138074159622
YOL051W,YIL095W,0,-3.9771452,0.3792324960231781,0.5581395626068115,0.0913621261715889
YPL008W,YKL126W,0,-3.9799829,0.378947377204895,0.5581395626068115,0.09147287160158157
YDR174W,YIL008W,0,-3.9801807,0.378662645816803,0.5581395626068115,0.09158360958099365
YIL095W,YPL063W,0,-3.9805825,0.37837839126586914,0.5581395626068115,0.09169435501098633
YDL192W,YKR038C,0,-3.9847102,0.37809452414512634,0.5581395626068115,0.09180509299039841
YHR026W,YHR070W,0,-3.987657,0.37781110405921936,0.5581395626068115,0.09191583842039108
YOL051W,YNR023W,0,-3.9881754,0.3775281012058258,0.5581395626068115,0.09202657639980316
YKL054C,YDR057W,1,-3.9900274,0.37799400091171265,0.5592469573020935,0.09202657639980316
YKL016C,YMR065W,0,-3.9919777,0.37771129608154297,0.5592469573020935,0.09213732182979584
YBR210W,YPL232W,0,-3.9933214,0.3774290084838867,0.5592469573020935,0.09224805980920792
YML034W,YKR001C,0,-3.997016,0.3771471381187439,0.5592469573020935,0.09235880523920059
YAL058W,YMR067C,1,-3.9994934,0.3776119351387024,0.5603543519973755,0.09235880523920059
YAL012W,YMR313C,0,-3.9997153,0.37733036279678345,0.5603543519973755,0.09246954321861267
YMR208W,YMR004W,0,-4.0004663,0.37704917788505554,0.5603543519973755,0.09258028864860535
YPL059W,YDR122W,0,-4.001203,0.37676844000816345,0.5603543519973755,0.09269102662801743
YFL013C,YOR018W,0,-4.0022583,0.3764880895614624,0.5603543519973755,0.0928017720580101
YCL025C,YGL212W,0,-4.0023913,0.37620818614959717,0.5603543519973755,0.09291251748800278
YKL049C,YDR481C,0,-4.0041842,0.375928670167923,0.5603543519973755,0.09302325546741486
YMR022W,YEL012W,1,-4.004898,0.3763919770717621,0.5614618062973022,0.09302325546741486
YKL002W,YGR135W,1,-4.0068636,0.3768545985221863,0.5625692009925842,0.09302325546741486
YKL135C,YBR210W,0,-4.008236,0.376575231552124,0.5625692009925842,0.09313400089740753
YPL078C,YDR194C,0,-4.0089474,0.3762962818145752,0.5625692009925842,0.09324473887681961
YNR032W,YNR039C,0,-4.0090637,0.3760177791118622,0.5625692009925842,0.09335548430681229
YDR082W,YOR359W,0,-4.0091734,0.3757396340370178,0.5625692009925842,0.09346622228622437
YGL030W,YCR033W,0,-4.0098233,0.3754619359970093,0.5625692009925842,0.09357696771621704
YER149C,YLR032W,0,-4.0101705,0.3751846253871918,0.5625692009925842,0.09368770569562912
YHR200W,YBR082C,1,-4.0106883,0.3756457567214966,0.563676655292511,0.09368770569562912
YNL059C,YML104C,0,-4.011507,0.37536874413490295,0.563676655292511,0.0937984511256218
YBR082C,YDR057W,1,-4.012187,0.3758290410041809,0.564784049987793,0.0937984511256218
YNL099C,YGR013W,0,-4.013211,0.37555229663848877,0.564784049987793,0.09390918910503387
YOL033W,YER005W,0,-4.013563,0.37527593970298767,0.564784049987793,0.09401993453502655
YDR460W,YKL126W,0,-4.016055,0.375,0.564784049987793,0.09413067251443863
YPR032W,YOR332W,0,-4.016839,0.37472447752952576,0.564784049987793,0.0942414179444313
YPR057W,YNR048W,0,-4.0176945,0.37444934248924255,0.564784049987793,0.09435215592384338
YOR057W,YPL232W,0,-4.0178747,0.3741746246814728,0.564784049987793,0.09446290135383606
YFR036W,YEL012W,1,-4.0179,0.37463343143463135,0.565891444683075,0.09446290135383606
YBR243C,YDR198C,0,-4.018285,0.37435898184776306,0.565891444683075,0.09457364678382874
YML062C,YMR285C,0,-4.020653,0.3740849196910858,0.565891444683075,0.09468438476324081
YOL011W,YGR002C,0,-4.0216866,0.373811274766922,0.565891444683075,0.09479513019323349
YGL226C-A,YHR012W,0,-4.0236034,0.3735380172729492,0.565891444683075,0.09490586817264557
YBR243C,YER019C-A,0,-4.023847,0.3732651472091675,0.565891444683075,0.09501661360263824
YDL093W,YKL188C,0,-4.024296,0.37299269437789917,0.565891444683075,0.09512735158205032
YNL230C,YNR026C,1,-4.027402,0.37345004081726074,0.5669988989830017,0.09512735158205032
YDR256C,YOL006C,0,-4.027997,0.3731778562068939,0.5669988989830017,0.095238097012043
YDR069C,YMR067C,1,-4.0294847,0.37363436818122864,0.5681062936782837,0.095238097012043
YOR150W,YLR435W,0,-4.031353,0.3733624517917633,0.5681062936782837,0.09534883499145508
YJR125C,YDL200C,0,-4.0319633,0.373090922832489,0.5681062936782837,0.09545958042144775
YMR067C,YIL017C,1,-4.0337253,0.3735465109348297,0.5692137479782104,0.09545958042144775
YDR122W,YDR473C,0,-4.034259,0.3732752501964569,0.5692137479782104,0.09557031840085983
YNL159C,YFR036W,1,-4.0344176,0.37373003363609314,0.5703211426734924,0.09557031840085983
YNL230C,YIL007C,1,-4.0370045,0.37418419122695923,0.5714285969734192,0.09557031840085983
YLL019C,YJR004C,0,-4.0373073,0.373913049697876,0.5714285969734192,0.09568106383085251
YLR248W,YNL241C,0,-4.0406847,0.37364229559898376,0.5714285969734192,0.09579180181026459
YOL082W,YLR272C,0,-4.040722,0.3733719289302826,0.5714285969734192,0.09590254724025726
YNR026C,YBR082C,1,-4.0420103,0.3738250136375427,0.5725359916687012,0.09590254724025726
YLL009C,YML067C,0,-4.0445933,0.37355491518974304,0.5725359916687012,0.09601329267024994
YNL110C,YOL109W,0,-4.0447435,0.3732852041721344,0.5725359916687012,0.09612403064966202
YNL055C,YPL167C,0,-4.0451393,0.3730158805847168,0.5725359916687012,0.0962347760796547
YBR082C,YMR067C,1,-4.046594,0.37346792221069336,0.5736433863639832,0.0962347760796547
YDL099W,YOL008W,0,-4.0473413,0.37319883704185486,0.5736433863639832,0.09634551405906677
YFL009W,YIL007C,1,-4.0476875,0.37365010380744934,0.5747508406639099,0.09634551405906677
YGR113W,YBL050W,0,-4.047761,0.37338128685951233,0.5747508406639099,0.09645625948905945
YNL230C,YGL011C,1,-4.0481334,0.37383177876472473,0.5758582353591919,0.09645625948905945
YGR003W,YMR067C,1,-4.048651,0.3742816150188446,0.5769656896591187,0.09645625948905945
YLR208W,YIL017C,1,-4.0490084,0.37473079562187195,0.5780730843544006,0.09645625948905945
YKL139W,YKR003W,0,-4.049651,0.37446197867393494,0.5780730843544006,0.09656699746847153
YFR036W,YKL041W,1,-4.050404,0.3749103844165802,0.5791805386543274,0.09656699746847153
YAL058W,YGL011C,1,-4.0506234,0.3753581643104553,0.5802879333496094,0.09656699746847153
YOL123W,YDR037W,0,-4.051914,0.37508946657180786,0.5802879333496094,0.0966777428984642
YFR036W,YGR135W,1,-4.0532694,0.3755364716053009,0.5813953280448914,0.0966777428984642
YLR052W,YCR053W,0,-4.055937,0.37526804208755493,0.5813953280448914,0.09678848087787628
YBR020W,YGR244C,0,-4.0560465,0.375,0.5813953280448914,0.09689922630786896
YPL015C,YNR039C,0,-4.0564084,0.3747323453426361,0.5813953280448914,0.09700996428728104
YDR016C,YGR195W,0,-4.057096,0.37446504831314087,0.5813953280448914,0.09712070971727371
YJL196C,YCR075C,0,-4.05798,0.37419813871383667,0.5813953280448914,0.09723144769668579
YCR075C,YOL042W,0,-4.0604415,0.3739316165447235,0.5813953280448914,0.09734219312667847
YNL059C,YJR001W,0,-4.0610924,0.3736654818058014,0.5813953280448914,0.09745293110609055
YMR213W,YML034W,0,-4.061469,0.3733997046947479,0.5813953280448914,0.09756367653608322
YLR098C,YNL149C,0,-4.0615177,0.3731343150138855,0.5813953280448914,0.0976744219660759
YDR423C,YOR046C,0,-4.0619946,0.3728693127632141,0.5813953280448914,0.09778515994548798
YLR028C,YLR210W,0,-4.0620737,0.37260469794273376,0.5813953280448914,0.09789590537548065
YKL022C,YER021W,1,-4.0626445,0.37304964661598206,0.5825027823448181,0.09789590537548065
YDR254W,YBL080C,0,-4.062832,0.3727852702140808,0.5825027823448181,0.09800664335489273
YDL030W,YBR165W,0,-4.06343,0.3725212514400482,0.5825027823448181,0.0981173887848854
YNL232W,YNL286W,0,-4.0647254,0.37225762009620667,0.5825027823448181,0.09822812676429749
YDR101C,YNL261W,0,-4.06502,0.37199434638023376,0.5825027823448181,0.09833887219429016
YDR069C,YKL041W,1,-4.0661273,0.3724381625652313,0.5836101770401001,0.09833887219429016
YKL046C,YJL106W,0,-4.06663,0.3721751272678375,0.5836101770401001,0.09844961017370224
YPL227C,YPR183W,0,-4.0668755,0.37191247940063477,0.5836101770401001,0.09856035560369492
YMR012W,YDR071C,0,-4.067656,0.37165021896362305,0.5836101770401001,0.098671093583107
YAL010C,YIR009W,0,-4.0713506,0.37138831615448,0.5836101770401001,0.09878183901309967
YER017C,YOR372C,0,-4.0714254,0.37112677097320557,0.5836101770401001,0.09889257699251175
YGR135W,YNR026C,1,-4.0721774,0.37156930565834045,0.5847176313400269,0.09889257699251175
YPR083W,YNL257C,0,-4.0735717,0.37130802869796753,0.5847176313400269,0.09900332242250443
YMR047C,YOR076C,0,-4.073622,0.37104707956314087,0.5847176313400269,0.0991140678524971
YPR179C,YMR095C,0,-4.075195,0.37078651785850525,0.5847176313400269,0.09922480583190918
YDL192W,YOL127W,0,-4.075474,0.3705263137817383,0.5847176313400269,0.09933555126190186
YDR054C,YFR052W,1,-4.0760436,0.3709677457809448,0.5858250260353088,0.09933555126190186
YMR016C,YML034W,0,-4.0765676,0.37070778012275696,0.5858250260353088,0.09944628924131393
YPR108W,YNR026C,1,-4.077371,0.3711484670639038,0.5869324207305908,0.09944628924131393
YER149C,YLR039C,0,-4.079068,0.37088873982429504,0.5869324207305908,0.09955703467130661
YDR069C,YCL008C,1,-4.0801435,0.3713286817073822,0.5880398750305176,0.09955703467130661
YDL200C,YBR022W,0,-4.0819707,0.37106919288635254,0.5880398750305176,0.09966777265071869
YAL058W,YOL038W,1,-4.082459,0.37150838971138,0.5891472697257996,0.09966777265071869
YFL025C,YGR135W,1,-4.0829372,0.37194696068763733,0.5902547240257263,0.09966777265071869
YLR284C,YOR057W,0,-4.08545,0.3716875910758972,0.5902547240257263,0.09977851808071136
YFR036W,YMR067C,1,-4.0882673,0.37212544679641724,0.5913621187210083,0.09977851808071136
YER107C,YJL210W,0,-4.090301,0.37186628580093384,0.5913621187210083,0.09988925606012344
YGR231C,YOR076C,0,-4.0907083,0.3716075122356415,0.5913621187210083,0.10000000149011612
YNL094W,YPL078C,0,-4.0910316,0.3713490962982178,0.5913621187210083,0.1001107394695282
YBR131W,YMR137C,0,-4.0914865,0.3710910379886627,0.5913621187210083,0.10022148489952087
YNL259C,YLR272C,0,-4.09378,0.3708333373069763,0.5913621187210083,0.10033222287893295
YGR216C,YPL011C,0,-4.094376,0.37057599425315857,0.5913621187210083,0.10044296830892563
YCR014C,YKL188C,0,-4.094538,0.3703190088272095,0.5913621187210083,0.10055370628833771
YLR080W,YFL013C,0,-4.09556,0.37006238102912903,0.5913621187210083,0.10066445171833038
YDR411C,YPL059W,0,-4.096205,0.36980608105659485,0.5913621187210083,0.10077519714832306
YMR047C,YLR181C,0,-4.096369,0.3695501685142517,0.5913621187210083,0.10088593512773514
YMR208W,YOL051W,0,-4.0966425,0.3692946135997772,0.5913621187210083,0.10099668055772781
YML067C,YLR043C,0,-4.098906,0.369039386510849,0.5913621187210083,0.10110741853713989
YLR078C,YNL281W,0,-4.099876,0.36878451704978943,0.5913621187210083,0.10121816396713257
YDR515W,YPR041W,0,-4.10108,0.3685300350189209,0.5913621187210083,0.10132890194654465
YBL084C,YBR201W,1,-4.1012383,0.3689655065536499,0.5924695730209351,0.10132890194654465
YDR254W,YLR206W,0,-4.101913,0.3687112331390381,0.5924695730209351,0.10143964737653732
YBR274W,YNR001C,0,-4.1020484,0.36845728754997253,0.5924695730209351,0.1015503853559494
YOL149W,YMR216C,0,-4.1023536,0.368203729391098,0.5924695730209351,0.10166113078594208
YDL099W,YNL261W,0,-4.1042194,0.3679504692554474,0.5924695730209351,0.10177186876535416
YNL099C,YOL109W,0,-4.1042595,0.3676975965499878,0.5924695730209351,0.10188261419534683
YLR189C,YLR459W,0,-4.1044683,0.36744505167007446,0.5924695730209351,0.10199335217475891
YBR231C,YOL006C,0,-4.1066823,0.3671928644180298,0.5924695730209351,0.10210409760475159
YNL041C,YGR231C,0,-4.1069,0.36694100499153137,0.5924695730209351,0.10221484303474426
YPL152W,YGR002C,0,-4.1070814,0.3666895031929016,0.5924695730209351,0.10232558101415634
YLR206W,YNL177C,0,-4.1072536,0.3664383590221405,0.5924695730209351,0.10243632644414902
YPL008W,YNL149C,0,-4.1076536,0.36618754267692566,0.5924695730209351,0.1025470644235611
YFL009W,YCL008C,1,-4.1077867,0.36662107706069946,0.593576967716217,0.1025470644235611
YCL008C,YEL012W,1,-4.108413,0.3670539855957031,0.594684362411499,0.1025470644235611
YNL012W,YGL210W,0,-4.1101503,0.36680328845977783,0.594684362411499,0.10265780985355377
YPR057W,YNR023W,0,-4.1104865,0.3665528893470764,0.594684362411499,0.10276854783296585
YDR198C,YPL214C,0,-4.110622,0.36630287766456604,0.594684362411499,0.10287929326295853
YNL230C,YMR314W,1,-4.111381,0.3667348325252533,0.5957918167114258,0.10287929326295853
YIL033C,YPR025C,0,-4.1124344,0.36648499965667725,0.5957918167114258,0.1029900312423706
YMR285C,YOR195W,0,-4.1140523,0.36623552441596985,0.5957918167114258,0.10310077667236328
YER017C,YKL049C,0,-4.114359,0.3659864068031311,0.5957918167114258,0.10321151465177536
YOR267C,YPL190C,0,-4.1152368,0.36573758721351624,0.5957918167114258,0.10332226008176804
YBL050W,YLR316C,0,-4.1170254,0.36548912525177,0.5957918167114258,0.10343299806118011
YCR014C,YER103W,0,-4.119311,0.36524099111557007,0.5957918167114258,0.10354374349117279
YFL025C,YER021W,1,-4.1201468,0.36567163467407227,0.5968992114067078,0.10354374349117279
YKL054C,YMR314W,1,-4.12443,0.3661016821861267,0.5980066657066345,0.10354374349117279
YNL023C,YLR163C,0,-4.1251683,0.3658536672592163,0.5980066657066345,0.10365448147058487
YJR004C,YDR082W,0,-4.125696,0.3656059503555298,0.5980066657066345,0.10376522690057755
YLR210W,YDR335W,0,-4.126249,0.3653585910797119,0.5980066657066345,0.10387597233057022
YLR206W,YPR032W,0,-4.12685,0.3651115596294403,0.5980066657066345,0.1039867103099823
YLR098C,YGL201C,0,-4.126935,0.36486485600471497,0.5980066657066345,0.10409745573997498
YLR246W,YPL012W,0,-4.127759,0.3646185100078583,0.5980066657066345,0.10420819371938705
YLL009C,YDR129C,0,-4.1282425,0.36437246203422546,0.5980066657066345,0.10431893914937973
YKL135C,YOR254C,0,-4.1287766,0.3641267716884613,0.5980066657066345,0.10442967712879181
YCR014C,YBR237W,0,-4.1290026,0.3638814091682434,0.5980066657066345,0.10454042255878448
YKL139W,YJL204C,0,-4.1314516,0.3636363744735718,0.5980066657066345,0.10465116053819656
YNR035C,YOR109W,0,-4.132139,0.3633916676044464,0.5980066657066345,0.10476190596818924
YAL055W,YNL055C,0,-4.132588,0.3631472885608673,0.5980066657066345,0.10487264394760132
YOL082W,YBR024W,0,-4.1338496,0.3629032373428345,0.5980066657066345,0.104983389377594
YDR202C,YNL294C,0,-4.134482,0.3626595139503479,0.5980066657066345,0.10509412735700607
YNL135C,YGR231C,0,-4.135076,0.3624161183834076,0.5980066657066345,0.10520487278699875
YMR208W,YFR033C,0,-4.135301,0.36217305064201355,0.5980066657066345,0.10531561821699142
YGL115W,YLR316C,0,-4.1372375,0.3619302809238434,0.5980066657066345,0.1054263561964035
YGL181W,YER031C,0,-4.1373453,0.36168786883354187,0.5980066657066345,0.10553710162639618
YOR039W,YGL212W,0,-4.137729,0.3614457845687866,0.5980066657066345,0.10564783960580826
YJL124C,YMR080C,0,-4.1378126,0.36120402812957764,0.5980066657066345,0.10575858503580093
YLR210W,YBL050W,0,-4.1395,0.36096256971359253,0.5980066657066345,0.10586932301521301
YKL129C,YDL235C,0,-4.1396947,0.3607214391231537,0.5980066657066345,0.10598006844520569
YNR035C,YGR002C,0,-4.1402144,0.3604806363582611,0.5980066657066345,0.10609080642461777
YCR028C,YGL257C,0,-4.140722,0.3602401614189148,0.5980066657066345,0.10620155185461044
YER017C,YJR074W,0,-4.1408815,0.36000001430511475,0.5980066657066345,0.10631228983402252
YNL094W,YLR459W,0,-4.141177,0.3597601652145386,0.5980066657066345,0.1064230352640152
YBL099W,YOR373W,0,-4.142717,0.35952064394950867,0.5980066657066345,0.10653377324342728
YBR288C,YHL009C,0,-4.14434,0.359281450510025,0.5980066657066345,0.10664451867341995
YNR032C-A,YCR071C,0,-4.144432,0.35904255509376526,0.5980066657066345,0.10675525665283203
YGL236C,YPL190C,0,-4.1451297,0.35880398750305176,0.5980066657066345,0.10686600208282471
YNL230C,YHR200W,1,-4.145209,0.3592297434806824,0.5991140604019165,0.10686600208282471
YHR006W,YML115C,0,-4.1457925,0.3589913845062256,0.5991140604019165,0.10697674751281738
YNL294C,YDL058W,0,-4.146335,0.3587533235549927,0.5991140604019165,0.10708748549222946
YJL196C,YFR033C,0,-4.1464124,0.35851556062698364,0.5991140604019165,0.10719823092222214
YJL112W,YOR110W,0,-4.1483254,0.35827815532684326,0.5991140604019165,0.10730896890163422
YIL002C,YDR311W,0,-4.1492867,0.35804101824760437,0.5991140604019165,0.10741971433162689
YNR030W,YMR298W,0,-4.1498,0.35780423879623413,0.5991140604019165,0.10753045231103897
YDR016C,YLR052W,0,-4.1500974,0.35756775736808777,0.5991140604019165,0.10764119774103165
YMR208W,YOL012C,0,-4.1502943,0.3573315739631653,0.5991140604019165,0.10775193572044373
YLR025W,YKL041W,1,-4.1504903,0.35775578022003174,0.6002214550971985,0.10775193572044373
YPL026C,YOR027W,0,-4.151035,0.3575197756290436,0.6002214550971985,0.1078626811504364
YJL106W,YMR234W,0,-4.1535954,0.3572840988636017,0.6002214550971985,0.10797341912984848
YCL055W,YNL261W,0,-4.1536193,0.35704874992370605,0.6002214550971985,0.10808416455984116
YDR205W,YDR481C,0,-4.1550527,0.3568136990070343,0.6002214550971985,0.10819490253925323
YOR109W,YFR037C,0,-4.155561,0.3565789461135864,0.6002214550971985,0.10830564796924591
YCR053W,YDL058W,0,-4.1566367,0.3563445210456848,0.6002214550971985,0.10841639339923859
YPL268W,YNL055C,0,-4.1578355,0.3561103940010071,0.6002214550971985,0.10852713137865067
YPL115C,YLR303W,0,-4.1592135,0.3558765649795532,0.6002214550971985,0.10863787680864334
YPL115C,YBR231C,0,-4.1592464,0.35564303398132324,0.6002214550971985,0.10874861478805542
YJL115W,YLL031C,0,-4.1601744,0.3554098308086395,0.6002214550971985,0.1088593602180481
YOR112W,YOR372C,0,-4.160659,0.3551769256591797,0.6002214550971985,0.10897009819746017
YCL025C,YML062C,0,-4.16093,0.3549443483352661,0.6002214550971985,0.10908084362745285
YDR174W,YDL081C,0,-4.1624236,0.35471203923225403,0.6002214550971985,0.10919158160686493
YNL173C,YDL058W,0,-4.1635675,0.3544800579547882,0.6002214550971985,0.1093023270368576
YIL065C,YHR012W,0,-4.1652904,0.35424837470054626,0.6002214550971985,0.10941306501626968
YBL084C,YNR026C,1,-4.167728,0.35467013716697693,0.6013289093971252,0.10941306501626968
YOR023C,YDR284C,0,-4.1686997,0.3544386327266693,0.6013289093971252,0.10952381044626236
YJL005W,YOR036W,0,-4.17053,0.35420742630958557,0.6013289093971252,0.10963454842567444
YCR027C,YKL099C,0,-4.1706114,0.3539765179157257,0.6013289093971252,0.10974529385566711
YPL244C,YKL188C,0,-4.1721053,0.3537459373474121,0.6013289093971252,0.1098560318350792
YLL060C,YDL093W,0,-4.172862,0.353515625,0.6013289093971252,0.10996677726507187
YFR036W,YPL096W,1,-4.1729064,0.35393622517585754,0.6024363040924072,0.10996677726507187
YFL025C,YHR200W,1,-4.173385,0.3543563187122345,0.603543758392334,0.10996677726507187
YGL043W,YPL152W,0,-4.1735067,0.35412606596946716,0.603543758392334,0.11007752269506454
YDR054C,YKL041W,1,-4.174812,0.3545454442501068,0.604651153087616,0.11007752269506454
YPR067W,YOR216C,0,-4.1759567,0.3543153703212738,0.604651153087616,0.11018826067447662
YLR163C,YJR004C,0,-4.176576,0.3540855944156647,0.604651153087616,0.1102990061044693
YNL149C,YKL108W,0,-4.1781487,0.3538561165332794,0.604651153087616,0.11040974408388138
YJL128C,YOL109W,0,-4.1786737,0.35362693667411804,0.604651153087616,0.11052048951387405
YLR052W,YPR083W,0,-4.178825,0.35339805483818054,0.604651153087616,0.11063122749328613
YDR129C,YLR026C,0,-4.179229,0.3531694710254669,0.604651153087616,0.11074197292327881
YDR202C,YDR470C,0,-4.1800675,0.3529411852359772,0.604651153087616,0.11085271090269089
YDL226C,YBR127C,0,-4.1804953,0.3527131676673889,0.604651153087616,0.11096345633268356
YFL009W,YMR022W,1,-4.1805496,0.3531310558319092,0.6057586073875427,0.11096345633268356
YDR054C,YEL012W,1,-4.1810665,0.3535483777523041,0.6068660020828247,0.11096345633268356
YLR078C,YDL024C,0,-4.184344,0.353320449590683,0.6068660020828247,0.11107419431209564
YIL033C,YPR133C,0,-4.1846423,0.3530927896499634,0.6068660020828247,0.11118493974208832
YEL018W,YOL135C,0,-4.1871624,0.35286542773246765,0.6068660020828247,0.1112956777215004
YDR099W,YDR473C,0,-4.1898665,0.3526383638381958,0.6068660020828247,0.11140642315149307
YCR086W,YBR102C,0,-4.190953,0.35241156816482544,0.6068660020828247,0.11151716858148575
YMR227C,YPL045W,0,-4.191543,0.35218510031700134,0.6068660020828247,0.11162790656089783
YDL085W,YGL210W,0,-4.192265,0.35195890069007874,0.6068660020828247,0.1117386519908905
YBL050W,YDR082W,0,-4.192337,0.35173299908638,0.6068660020828247,0.11184938997030258
YER061C,YNL009W,0,-4.1924,0.35150736570358276,0.6068660020828247,0.11196013540029526
YER061C,YKL214C,0,-4.1928406,0.3512820601463318,0.6068660020828247,0.11207087337970734
YGR009C,YGR033C,0,-4.195039,0.3510570228099823,0.6068660020828247,0.11218161880970001
YNL073W,YOR036W,0,-4.197121,0.3508322536945343,0.6068660020828247,0.11229235678911209
YAL058W,YDR057W,1,-4.1992745,0.3512476086616516,0.6079733967781067,0.11229235678911209
YMR035W,YLR181C,0,-4.20017,0.35102301836013794,0.6079733967781067,0.11240310221910477
YCR086W,YDL200C,0,-4.201512,0.35079872608184814,0.6079733967781067,0.11251384019851685
YFR019W,YIL065C,0,-4.2015715,0.35057470202445984,0.6079733967781067,0.11262458562850952
YMR213W,YOL109W,0,-4.202678,0.3503509759902954,0.6079733967781067,0.1127353236079216
YKL022C,YDR054C,1,-4.202749,0.35076531767845154,0.6090808510780334,0.1127353236079216
YJR089W,YBL102W,0,-4.204428,0.35054174065589905,0.6090808510780334,0.11284606903791428
YDL028C,YAR002W,0,-4.2054315,0.35031846165657043,0.6090808510780334,0.11295680701732635
YBL008W,YJL013C,0,-4.2059264,0.3500954806804657,0.6090808510780334,0.11306755244731903
YKL170W,YKL203C,0,-4.2059326,0.34987276792526245,0.6090808510780334,0.1131782978773117
YDR054C,YMR067C,1,-4.2066917,0.350286066532135,0.6101882457733154,0.1131782978773117
YPL167C,YOR327C,0,-4.207027,0.3500635325908661,0.6101882457733154,0.11328903585672379
YPR025C,YCL051W,0,-4.207458,0.34984126687049866,0.6101882457733154,0.11339978128671646
YMR004W,YOL011W,0,-4.2119236,0.3496192991733551,0.6101882457733154,0.11351051926612854
YJL115W,YIR009W,0,-4.213707,0.34939759969711304,0.6101882457733154,0.11362126469612122
YDL013W,YIL063C,0,-4.2139297,0.34917616844177246,0.6101882457733154,0.1137320026755333
YDR515W,YDR292C,0,-4.2139673,0.34895503520965576,0.6101882457733154,0.11384274810552597
YGR013W,YNR039C,0,-4.2140517,0.34873417019844055,0.6101882457733154,0.11395348608493805
YBR278W,YPR065W,0,-4.2142334,0.3485136032104492,0.6101882457733154,0.11406423151493073
YMR080C,YBL080C,0,-4.21645,0.3482933044433594,0.6101882457733154,0.1141749694943428
YDL164C,YKL126W,0,-4.218064,0.348073273897171,0.6101882457733154,0.11428571492433548
YDR388W,YOL006C,0,-4.218156,0.34785354137420654,0.6101882457733154,0.11439645290374756
YJR105W,YKR003W,0,-4.218471,0.34763407707214355,0.6101882457733154,0.11450719833374023
YGL043W,YNL221C,0,-4.2187476,0.34741488099098206,0.6101882457733154,0.11461794376373291
YGR003W,YLR025W,1,-4.221745,0.3478260934352875,0.6112957000732422,0.11461794376373291
YBR272C,YMR234W,0,-4.2229476,0.3476070463657379,0.6112957000732422,0.11472868174314499
YBR274W,YJL102W,0,-4.2232947,0.34738829731941223,0.6112957000732422,0.11483942717313766
YLR418C,YER052C,0,-4.2237043,0.34716981649398804,0.6112957000732422,0.11495016515254974
YFL009W,YHR200W,1,-4.225943,0.3475801348686218,0.6124030947685242,0.11495016515254974
YLR189C,YJR135C,0,-4.2260756,0.34736180305480957,0.6124030947685242,0.11506091058254242
YNL230C,YEL012W,1,-4.226474,0.3477714955806732,0.6135105490684509,0.11506091058254242
YOR061W,YGR042W,0,-4.2266183,0.3475533127784729,0.6135105490684509,0.1151716485619545
YAL010C,YPL268W,0,-4.2267747,0.34733542799949646,0.6135105490684509,0.11528239399194717
YER017C,YDR202C,0,-4.228187,0.3471177816390991,0.6135105490684509,0.11539313197135925
YER019C-A,YKL154W,0,-4.2287016,0.34690043330192566,0.6135105490684509,0.11550387740135193
YAL058W,YPR108W,1,-4.2293158,0.3473091423511505,0.6146179437637329,0.11550387740135193
YBL009W,YML081C-A,0,-4.2304583,0.347091943025589,0.6146179437637329,0.11561461538076401
YBR274W,YDR079C-A,0,-4.232031,0.34687501192092896,0.6146179437637329,0.11572536081075668
YOL042W,YLR248W,0,-4.2353034,0.3466583490371704,0.6146179437637329,0.11583609879016876
YKL054C,YPR108W,1,-4.236431,0.34706616401672363,0.6157253384590149,0.11583609879016876
YPL015C,YPR007C,0,-4.2365184,0.346849650144577,0.6157253384590149,0.11594684422016144
YOR039W,YGR211W,0,-4.2370534,0.3466334044933319,0.6157253384590149,0.11605758219957352
YDL197C,YGR145W,0,-4.237273,0.34641745686531067,0.6157253384590149,0.11616832762956619
YDR069C,YEL037C,1,-4.2397976,0.34682440757751465,0.6168327927589417,0.11616832762956619
YPL015C,YER001W,0,-4.2406125,0.34660857915878296,0.6168327927589417,0.11627907305955887
YDR254W,YOR076C,0,-4.241197,0.34639304876327515,0.6168327927589417,0.11638981103897095
YPL268W,YOL045W,0,-4.2412605,0.34617775678634644,0.6168327927589417,0.11650055646896362
YOL158C,YPL016W,0,-4.2415895,0.3459627330303192,0.6168327927589417,0.1166112944483757
YLR078C,YNL232W,0,-4.242652,0.3457479774951935,0.6168327927589417,0.11672203987836838
YOR110W,YER031C,0,-4.242879,0.34553349018096924,0.6168327927589417,0.11683277785778046
YOR327C,YFL004W,0,-4.2434564,0.3453192710876465,0.6168327927589417,0.11694352328777313
YAL041W,YGR057C,0,-4.244432,0.3451053202152252,0.6168327927589417,0.11705426126718521
YNL135C,YLR354C,0,-4.245746,0.34489163756370544,0.6168327927589417,0.11716500669717789
YOR386W,YDR082W,0,-4.246576,0.34467822313308716,0.6168327927589417,0.11727574467658997
YOL026C,YML028W,0,-4.247412,0.344465047121048,0.6168327927589417,0.11738649010658264
YDR335W,YLR034C,0,-4.2486053,0.34425216913223267,0.6168327927589417,0.11749722808599472
YJR068W,YBL103C,0,-4.2497997,0.34403952956199646,0.6168327927589417,0.1176079735159874
YNL261W,YBR118W,0,-4.250041,0.34382715821266174,0.6168327927589417,0.11771871894598007
YNL177C,YGR007W,0,-4.2513075,0.3436150550842285,0.6168327927589417,0.11782945692539215
YPL059W,YMR016C,0,-4.251798,0.3434032201766968,0.6168327927589417,0.11794020235538483
YNL230C,YFR050C,1,-4.251927,0.34380775690078735,0.6179401874542236,0.11794020235538483
YJL116C,YPL167C,0,-4.2521043,0.34359607100486755,0.6179401874542236,0.1180509403347969
YPL174C,YPL268W,0,-4.2523484,0.34338462352752686,0.6179401874542236,0.11816168576478958
YHL002W,YPL011C,0,-4.25286,0.34317344427108765,0.6179401874542236,0.11827242374420166
YLR098C,YKL196C,0,-4.2545,0.34296250343322754,0.6179401874542236,0.11838316917419434
YDR054C,YBR273C,1,-4.25475,0.3433660864830017,0.6190476417541504,0.11838316917419434
YJL014W,YDR246W,0,-4.2549467,0.3431553244590759,0.6190476417541504,0.11849390715360641
YFL005W,YLR026C,0,-4.256087,0.34294477105140686,0.6190476417541504,0.11860465258359909
YJL124C,YLR272C,0,-4.2567086,0.34273451566696167,0.6190476417541504,0.11871539056301117
YDR515W,YDL058W,0,-4.2604823,0.3425244987010956,0.6190476417541504,0.11882613599300385
YEL037C,YNR026C,1,-4.260501,0.34292712807655334,0.6201550364494324,0.11882613599300385
YHL031C,YNR023W,0,-4.26117,0.3427172601222992,0.6201550364494324,0.11893687397241592
YPR183W,YMR004W,0,-4.261867,0.34250763058662415,0.6201550364494324,0.1190476194024086
YGL071W,YDL235C,0,-4.2630973,0.342298299074173,0.6201550364494324,0.11915835738182068
YLR206W,YOL135C,0,-4.263573,0.3420891761779785,0.6201550364494324,0.11926910281181335
YJR074W,YPR155C,0,-4.265448,0.34188035130500793,0.6201550364494324,0.11937984824180603
YDR264C,YPL095C,0,-4.265789,0.34167176485061646,0.6201550364494324,0.11949058622121811
YLR078C,YMR095C,0,-4.2661443,0.3414634168148041,0.6201550364494324,0.11960133165121078
YKL022C,YLR025W,1,-4.2676864,0.3418647050857544,0.6212624311447144,0.11960133165121078
YEL053C,YKR022C,0,-4.267712,0.34165650606155396,0.6212624311447144,0.11971206963062286
YDL013W,YMR313C,0,-4.2689857,0.341448575258255,0.6212624311447144,0.11982281506061554
YNL009W,YJL013C,0,-4.270268,0.34124088287353516,0.6212624311447144,0.11993355304002762
YIL114C,YDL058W,0,-4.272459,0.3410334289073944,0.6212624311447144,0.1200442984700203
YKL179C,YER116C,0,-4.273192,0.34082624316215515,0.6212624311447144,0.12015503644943237
YDR236C,YDL093W,0,-4.273736,0.340619295835495,0.6212624311447144,0.12026578187942505
YMR065W,YOL006C,0,-4.2743344,0.34041261672973633,0.6212624311447144,0.12037651985883713
YDR254W,YDL028C,0,-4.2745585,0.34020617604255676,0.6212624311447144,0.1204872652888298
YLR189C,YLR354C,0,-4.274669,0.3400000035762787,0.6212624311447144,0.12059800326824188
YHR042W,YAL016W,0,-4.274718,0.3397940695285797,0.6212624311447144,0.12070874869823456
YKL002W,YMR314W,1,-4.2767234,0.3401937186717987,0.6223698854446411,0.12070874869823456
YDR264C,YMR234W,0,-4.278294,0.3399879038333893,0.6223698854446411,0.12081949412822723
YPR005C,YIL013C,0,-4.278938,0.33978235721588135,0.6223698854446411,0.12093023210763931
YDR069C,YHR200W,1,-4.2807107,0.34018126130104065,0.6234772801399231,0.12093023210763931
YIL112W,YPR018W,0,-4.284975,0.33997583389282227,0.6234772801399231,0.12104097753763199
YHR152W,YGL104C,0,-4.286158,0.33977067470550537,0.6234772801399231,0.12115171551704407
YPR057W,YMR134W,0,-4.2886343,0.3395657539367676,0.6234772801399231,0.12126246094703674
YDL044C,YPL268W,0,-4.28869,0.3393610715866089,0.6234772801399231,0.12137319892644882
YAR019C,YLR248W,0,-4.288739,0.3391566276550293,0.6234772801399231,0.1214839443564415
YDR122W,YPL268W,0,-4.288854,0.3389524519443512,0.6234772801399231,0.12159468233585358
YEL053C,YOL066C,0,-4.2892594,0.3387484848499298,0.6234772801399231,0.12170542776584625
YCL051W,YGR002C,0,-4.2896943,0.3385447859764099,0.6234772801399231,0.12181616574525833
YKL002W,YLR208W,1,-4.2903404,0.3389423191547394,0.6245847344398499,0.12181616574525833
YGR261C,YLL031C,0,-4.291412,0.33873873949050903,0.6245847344398499,0.12192691117525101
YKR022C,YPL022W,0,-4.291662,0.3385354280471802,0.6245847344398499,0.12203764915466309
YCR028C,YNL246W,0,-4.2930884,0.33833232522010803,0.6245847344398499,0.12214839458465576
YLR163C,YBL079W,0,-4.2950497,0.3381294906139374,0.6245847344398499,0.12225913256406784
YML067C,YOL067C,0,-4.2961392,0.3379268944263458,0.6245847344398499,0.12236987799406052
YMR208W,YOR185C,0,-4.298541,0.3377245366573334,0.6245847344398499,0.12248062342405319
YPL190C,YML098W,0,-4.2985744,0.3375224471092224,0.6245847344398499,0.12259136140346527
YGR057C,YER001W,0,-4.299649,0.33732056617736816,0.6245847344398499,0.12270210683345795
YML065W,YPL011C,0,-4.30002,0.3371189534664154,0.6245847344398499,0.12281284481287003
YJR082C,YJL072C,0,-4.3002687,0.33691754937171936,0.6245847344398499,0.1229235902428627
YKR066C,YLR248W,0,-4.301018,0.3367164134979248,0.6245847344398499,0.12303432822227478
YMR208W,YJL012C,0,-4.3011346,0.33651551604270935,0.6245847344398499,0.12314507365226746
YPR083W,YBR035C,0,-4.301705,0.336314857006073,0.6245847344398499,0.12325581163167953
YOL042W,YPR165W,0,-4.301708,0.33611443638801575,0.6245847344398499,0.12336655706167221
YER107C,YDR515W,0,-4.3019824,0.3359142243862152,0.6245847344398499,0.12347729504108429
YGR113W,YER052C,0,-4.303731,0.33571428060531616,0.6245847344398499,0.12358804047107697
YDR122W,YER103W,0,-4.304135,0.3355145752429962,0.6245847344398499,0.12369877845048904
YLR052W,YGL104C,0,-4.305511,0.33531510829925537,0.6245847344398499,0.12380952388048172
YEL053C,YDR082W,0,-4.306535,0.33511584997177124,0.6245847344398499,0.1239202693104744
YDR495C,YER123W,0,-4.3071094,0.3349168598651886,0.6245847344398499,0.12403100728988647
YER061C,YCR084C,0,-4.308082,0.33471810817718506,0.6245847344398499,0.12414175271987915
YHR092C,YMR129W,0,-4.3083587,0.33451956510543823,0.6245847344398499,0.12425249069929123
YDR174W,YIL150C,0,-4.3091054,0.3343212902545929,0.6245847344398499,0.1243632361292839
YBR201W,YKL213C,1,-4.309877,0.3347156345844269,0.6256921291351318,0.1243632361292839
YLR026C,YPL234C,0,-4.3123016,0.3345174789428711,0.6256921291351318,0.12447397410869598
YHR001W,YDL058W,0,-4.312692,0.334319531917572,0.6256921291351318,0.12458471953868866
YKL022C,YKL041W,1,-4.315578,0.3347131907939911,0.6267995834350586,0.12458471953868866
YKL022C,YBL084C,1,-4.3156185,0.33510637283325195,0.6279069781303406,0.12458471953868866
YBR201W,YPR108W,1,-4.3168564,0.335499107837677,0.6290143728256226,0.12458471953868866
YKR027W,YOR332W,0,-4.316936,0.33530107140541077,0.6290143728256226,0.12469545751810074
YER061C,YOR327C,0,-4.317594,0.33510324358940125,0.6290143728256226,0.12480620294809341
YDR069C,YFR052W,1,-4.3190374,0.3354952931404114,0.6301218271255493,0.12480620294809341
YML031W,YOR036W,0,-4.31967,0.3352975845336914,0.6301218271255493,0.1249169409275055
YML115C,YOR359W,0,-4.320923,0.33510011434555054,0.6301218271255493,0.12502768635749817
YKL049C,YKL134C,0,-4.3225226,0.33490288257598877,0.6301218271255493,0.12513843178749084
YDL197C,YDR312W,0,-4.323385,0.3347058892250061,0.6301218271255493,0.12524916231632233
YKR066C,YNL294C,0,-4.3238263,0.33450910449028015,0.6301218271255493,0.125359907746315
YLR347C,YMR298W,0,-4.323899,0.3343125879764557,0.6301218271255493,0.12547065317630768
YDR036C,YOL026C,0,-4.32422,0.33411628007888794,0.6301218271255493,0.12558139860630035
YGR041W,YMR129W,0,-4.324754,0.3339201807975769,0.6301218271255493,0.12569214403629303
YBL097W,YCL051W,0,-4.325269,0.33372434973716736,0.6301218271255493,0.1258028745651245
YDR198C,YDR059C,0,-4.3255215,0.3335287272930145,0.6301218271255493,0.1259136199951172
YOL082W,YLR181C,0,-4.32554,0.3333333432674408,0.6301218271255493,0.12602436542510986
YPL244C,YOL129W,0,-4.326981,0.3331381678581238,0.6301218271255493,0.12613511085510254
YDR116C,YNR023W,0,-4.32706,0.33294323086738586,0.6301218271255493,0.12624584138393402
YOL038W,YIL017C,1,-4.327082,0.3333333432674408,0.6312292218208313,0.12624584138393402
YDL099W,YGR118W,0,-4.327133,0.33313852548599243,0.6312292218208313,0.1263565868139267
YFL024C,YDR116C,0,-4.3278,0.3329439163208008,0.6312292218208313,0.12646733224391937
YIL065C,YIR009W,0,-4.331978,0.3327495753765106,0.6312292218208313,0.12657807767391205
YIL150C,YHR006W,0,-4.332255,0.3325554132461548,0.6312292218208313,0.12668880820274353
YLR459W,YDR473C,0,-4.333627,0.33236151933670044,0.6312292218208313,0.1267995536327362
YGL174W,YMR095C,0,-4.33599,0.3321678340435028,0.6312292218208313,0.12691029906272888
YAL058W,YNR026C,1,-4.337617,0.3325567841529846,0.6323366761207581,0.12691029906272888
YPR037C,YPR133C,0,-4.3383174,0.33236321806907654,0.6323366761207581,0.12702104449272156
YLR080W,YDR481C,0,-4.339782,0.33216986060142517,0.6323366761207581,0.12713178992271423
YIR017C,YLR105C,0,-4.340491,0.3319767415523529,0.6323366761207581,0.12724252045154572
YNL230C,YMR067C,1,-4.3407483,0.33236491680145264,0.63344407081604,0.12724252045154572
YBR102C,YLL060C,0,-4.3416176,0.33217188715934753,0.63344407081604,0.1273532658815384
YIL002C,YDR013W,0,-4.3434668,0.33197909593582153,0.63344407081604,0.12746401131153107
YAL058W,YKL213C,1,-4.344316,0.33236658573150635,0.634551465511322,0.12746401131153107
YBR131W,YOR061W,0,-4.344693,0.3321739137172699,0.634551465511322,0.12757475674152374
YEL036C,YNL118C,0,-4.345352,0.33198145031929016,0.634551465511322,0.12768548727035522
YHL031C,YJR068W,0,-4.347342,0.3317892253398895,0.634551465511322,0.1277962327003479
YNL094W,YMR313C,0,-4.3477063,0.3315972089767456,0.634551465511322,0.12790697813034058
YAL001C,YDL058W,0,-4.3495097,0.3314054310321808,0.634551465511322,0.12801772356033325
YDL044C,YBL079W,0,-4.349833,0.3312138617038727,0.634551465511322,0.12812845408916473
YDR404C,YKL014C,0,-4.3504252,0.3310225307941437,0.634551465511322,0.1282391995191574
YFL025C,YBL084C,1,-4.351584,0.3314087688922882,0.6356589198112488,0.1282391995191574
YBR035C,YPL237W,0,-4.352018,0.33121752738952637,0.6356589198112488,0.12834994494915009
YKR097W,YEL031W,0,-4.3526406,0.33102652430534363,0.6356589198112488,0.12846069037914276
YOR119C,YDR160W,0,-4.352787,0.3308357298374176,0.6356589198112488,0.12857143580913544
YMR212C,YLR043C,0,-4.353201,0.3306451737880707,0.6356589198112488,0.12868216633796692
YBR288C,YLR130C,0,-4.353379,0.3304547965526581,0.6356589198112488,0.1287929117679596
YBR022W,YNL292W,0,-4.355123,0.3302646577358246,0.6356589198112488,0.12890365719795227
YBR272C,YKL099C,0,-4.355355,0.3300747573375702,0.6356589198112488,0.12901440262794495
YML065W,YAL011W,0,-4.355779,0.3298850655555725,0.6356589198112488,0.12912513315677643
YHR042W,YNL049C,0,-4.3579817,0.32969558238983154,0.6356589198112488,0.1292358785867691
YAL058W,YKL041W,1,-4.3581595,0.3300803601741791,0.6367663145065308,0.1292358785867691
YPR083W,YLR376C,0,-4.358558,0.32989099621772766,0.6367663145065308,0.12934662401676178
YLR208W,YDR057W,1,-4.358677,0.3302752375602722,0.6378737688064575,0.12934662401676178
YJL071W,YDR423C,0,-4.359389,0.33008596301078796,0.6378737688064575,0.12945736944675446
YKL022C,YBR201W,1,-4.3596797,0.33046963810920715,0.6389811635017395,0.12945736944675446
YKL022C,YMR067C,1,-4.3608236,0.3308528959751129,0.6400886178016663,0.12945736944675446
YJL106W,YCL043C,0,-4.3633676,0.33066362142562866,0.6400886178016663,0.12956809997558594
YCR086W,YDR205W,0,-4.363828,0.3304745554924011,0.6400886178016663,0.1296788454055786
YML067C,YBR102C,0,-4.3641834,0.3302857279777527,0.6400886178016663,0.1297895908355713
YFL025C,YFR052W,1,-4.365536,0.330668181180954,0.6411960124969482,0.1297895908355713
YBR217W,YLR361C,0,-4.3679624,0.3304794430732727,0.6411960124969482,0.12990033626556396
YNL259C,YHR086W,0,-4.368686,0.33029094338417053,0.6411960124969482,0.13001106679439545
YBR201W,YHR200W,1,-4.370114,0.3306727409362793,0.6423034071922302,0.13001106679439545
YIL026C,YPR032W,0,-4.3718805,0.3304843306541443,0.6423034071922302,0.13012181222438812
YDL164C,YOR185C,0,-4.3723493,0.330296128988266,0.6423034071922302,0.1302325576543808
YDR284C,YJR082C,0,-4.373133,0.3301081359386444,0.6423034071922302,0.13034330308437347
YAL058W,YNL230C,1,-4.3741384,0.3304891884326935,0.643410861492157,0.13034330308437347
YDL100C,YOR270C,0,-4.3764563,0.33030131459236145,0.643410861492157,0.13045404851436615
YGR261C,YDR393W,0,-4.3771276,0.33011364936828613,0.643410861492157,0.13056477904319763
YJL005W,YDR202C,0,-4.377185,0.32992619276046753,0.643410861492157,0.1306755244731903
YMR204C,YPR036W,0,-4.377229,0.32973894476890564,0.643410861492157,0.13078626990318298
YDL200C,YFL004W,0,-4.378527,0.32955190539360046,0.643410861492157,0.13089701533317566
YFR036W,YKL002W,1,-4.3787193,0.32993197441101074,0.644518256187439,0.13089701533317566
YOR267C,YFL013C,0,-4.379319,0.3297450542449951,0.644518256187439,0.13100774586200714
YER021W,YDR306C,1,-4.3821044,0.3301245868206024,0.6456257104873657,0.13100774586200714
YLR039C,YGR099W,0,-4.3823986,0.32993775606155396,0.6456257104873657,0.13111849129199982
YBL009W,YBR037C,0,-4.382481,0.3297511339187622,0.6456257104873657,0.1312292367219925
YJL013C,YDR160W,0,-4.3835444,0.3295647203922272,0.6456257104873657,0.13133998215198517
YPL137C,YJR103W,0,-4.385698,0.32937854528427124,0.6456257104873657,0.13145071268081665
YJR001W,YLR360W,0,-4.386491,0.32919254899024963,0.6456257104873657,0.13156145811080933
YJL024C,YIL002C,0,-4.387828,0.32900676131248474,0.6456257104873657,0.131672203540802
YFL022C,YJR052W,0,-4.388341,0.32882121205329895,0.6456257104873657,0.13178294897079468
YGL183C,YDR285W,0,-4.388408,0.3286358416080475,0.6456257104873657,0.13189369440078735
YIR017C,YGL246C,0,-4.391661,0.3284507095813751,0.6456257104873657,0.13200442492961884
YOR023C,YJL025W,0,-4.391807,0.3282657563686371,0.6456257104873657,0.1321151703596115
YLR418C,YMR129W,0,-4.391908,0.32808104157447815,0.6456257104873657,0.1322259157896042
YIL002C,YBR237W,0,-4.393113,0.32789650559425354,0.6456257104873657,0.13233666121959686
YNL094W,YNR027W,0,-4.3944216,0.32771220803260803,0.6456257104873657,0.13244739174842834
YKL022C,YOR117W,1,-4.394757,0.3280898928642273,0.6467331051826477,0.13244739174842834
YAL058W,YKL002W,1,-4.394987,0.32846716046333313,0.6478405594825745,0.13244739174842834
YKL054C,YPL096W,1,-4.3959365,0.32884398102760315,0.6489479541778564,0.13244739174842834
YIR009W,YBL079W,0,-4.3959947,0.3286595642566681,0.6489479541778564,0.13255813717842102
YPR083W,YGL115W,0,-4.3965793,0.32847532629966736,0.6489479541778564,0.1326688826084137
YDR036C,YFL013C,0,-4.3966966,0.3282913267612457,0.6489479541778564,0.13277962803840637
YPL235W,YPL274W,0,-4.3967376,0.3281075060367584,0.6489479541778564,0.13289035856723785
YPL031C,YOR254C,0,-4.397325,0.32792389392852783,0.6489479541778564,0.13300110399723053
YJL013C,YHR050W,0,-4.397874,0.32774049043655396,0.6489479541778564,0.1331118494272232
YIL095W,YPR165W,0,-4.399032,0.3275572955608368,0.6489479541778564,0.13322259485721588
YOR381W,YER123W,0,-4.3993497,0.32737430930137634,0.6489479541778564,0.13333334028720856
YNR026C,YBR273C,1,-4.399423,0.3277498483657837,0.6500553488731384,0.13333334028720856
YNL221C,YOL045W,0,-4.4051447,0.3275669515132904,0.6500553488731384,0.13344407081604004
YOL008W,YNL221C,0,-4.4068913,0.32738426327705383,0.6500553488731384,0.13355481624603271
YDR138W,YCR014C,0,-4.407969,0.327201783657074,0.6500553488731384,0.1336655616760254
YGR002C,YOR087W,0,-4.407985,0.32701951265335083,0.6500553488731384,0.13377630710601807
YIL095W,YNL246W,0,-4.4082093,0.326837420463562,0.6500553488731384,0.13388703763484955
YEL015W,YBL103C,0,-4.4082336,0.3266555368900299,0.6500553488731384,0.13399778306484222
YGR041W,YKL014C,0,-4.408989,0.3264738619327545,0.6500553488731384,0.1341085284948349
YKL002W,YPR108W,1,-4.4115224,0.32684823870658875,0.6511628031730652,0.1341085284948349
YKL054C,YIL007C,1,-4.412093,0.32722222805023193,0.6522701978683472,0.1341085284948349
YHL002W,YDR292C,0,-4.412768,0.32704052329063416,0.6522701978683472,0.13421927392482758
YJL157C,YLR134W,0,-4.4143624,0.3268590569496155,0.6522701978683472,0.13433000445365906
YLR433C,YDR164C,0,-4.415091,0.32667776942253113,0.6522701978683472,0.13444074988365173
YDR296W,YOL042W,0,-4.415768,0.3264966607093811,0.6522701978683472,0.1345514953136444
YDR054C,YPR108W,1,-4.416768,0.32686981558799744,0.6533776521682739,0.1345514953136444
YOR112W,YOR270C,0,-4.4174757,0.32668882608413696,0.6533776521682739,0.13466224074363708
YLL031C,YLR435W,0,-4.418302,0.3265080153942108,0.6533776521682739,0.13477298617362976
YDR513W,YIL048W,0,-4.4215245,0.32632744312286377,0.6533776521682739,0.13488371670246124
YFL025C,YPR108W,1,-4.4227166,0.326699823141098,0.6544850468635559,0.13488371670246124
YFR053C,YIL013C,0,-4.423871,0.32651934027671814,0.6544850468635559,0.13499446213245392
YKL002W,YNL230C,1,-4.4268613,0.3268912136554718,0.6555924415588379,0.13499446213245392
YML062C,YER028C,0,-4.4276705,0.3267108201980591,0.6555924415588379,0.1351052075624466
YPL015C,YBR165W,0,-4.4286404,0.3265306055545807,0.6555924415588379,0.13521595299243927
YER052C,YMR142C,0,-4.428977,0.326350599527359,0.6555924415588379,0.13532668352127075
YLR105C,YHR060W,0,-4.429416,0.32617080211639404,0.6555924415588379,0.13543742895126343
YDR481C,YGL212W,0,-4.430521,0.3259911835193634,0.6555924415588379,0.1355481743812561
YIL033C,YGR013W,0,-4.4322996,0.3258117735385895,0.6555924415588379,0.13565891981124878
YER001W,YNL167C,0,-4.4333324,0.32563257217407227,0.6555924415588379,0.13576965034008026
YKL016C,YLR418C,0,-4.433974,0.3254535496234894,0.6555924415588379,0.13588039577007294
YLL060C,YLR360W,0,-4.434462,0.3252747356891632,0.6555924415588379,0.1359911412000656
YNR032W,YLR272C,0,-4.434509,0.32509610056877136,0.6555924415588379,0.1361018866300583
YDR256C,YDR198C,0,-4.43549,0.32491767406463623,0.6555924415588379,0.13621261715888977
YNL099C,YLR130C,0,-4.4361134,0.3247394263744354,0.6555924415588379,0.13632336258888245
YDR054C,YDR057W,1,-4.437993,0.32510966062545776,0.6566998958587646,0.13632336258888245
YPL137C,YPL031C,0,-4.438456,0.3249315023422241,0.6566998958587646,0.13643410801887512
YPL061W,YOR112W,0,-4.4384704,0.3247535526752472,0.6566998958587646,0.1365448534488678
YNL286W,YDL188C,0,-4.4388156,0.324575811624527,0.6566998958587646,0.13665559887886047
YLR418C,YDL100C,0,-4.4398494,0.3243982493877411,0.6566998958587646,0.13676632940769196
YDL159W,YJL141C,0,-4.441786,0.3242208957672119,0.6566998958587646,0.13687707483768463
YOR061W,YER053C,0,-4.4441104,0.32404372096061707,0.6566998958587646,0.1369878202676773
YDL099W,YMR239C,0,-4.447301,0.32386672496795654,0.6566998958587646,0.13709856569766998
YBL084C,YIL007C,1,-4.450202,0.32423579692840576,0.6578072905540466,0.13709856569766998
YHR099W,YDR325W,0,-4.4507504,0.3240589201450348,0.6578072905540466,0.13720929622650146
YGL043W,YPL045W,0,-4.4507995,0.32388222217559814,0.6578072905540466,0.13732004165649414
YBL093C,YPL214C,0,-4.4516683,0.3237057328224182,0.6578072905540466,0.13743078708648682
YIR037W,YJL112W,0,-4.4524355,0.3235294222831726,0.6578072905540466,0.1375415325164795
YBR082C,YBR273C,1,-4.4524803,0.32389765977859497,0.6589147448539734,0.1375415325164795
YNL261W,YKL173W,0,-4.4529223,0.32372143864631653,0.6589147448539734,0.13765226304531097
YDR481C,YDR473C,0,-4.453033,0.3235453963279724,0.6589147448539734,0.13776300847530365
YHR098C,YPL016W,0,-4.455604,0.323369562625885,0.6589147448539734,0.13787375390529633
YCR083W,YIL056W,0,-4.455697,0.32319390773773193,0.6589147448539734,0.137984499335289
YEL053C,YPL274W,0,-4.456837,0.32301846146583557,0.6589147448539734,0.13809524476528168
YBR131W,YDR129C,0,-4.4584327,0.32284319400787354,0.6589147448539734,0.13820597529411316
YNL149C,YOR254C,0,-4.4610724,0.3226681053638458,0.6589147448539734,0.13831672072410583
YPL202C,YCL051W,0,-4.461716,0.32249322533607483,0.6589147448539734,0.1384274661540985
YNL059C,YNL177C,0,-4.462358,0.32231852412223816,0.6589147448539734,0.1385382115840912
YPL167C,YLR360W,0,-4.4629126,0.3221440315246582,0.6589147448539734,0.13864894211292267
YJL128C,YML055W,0,-4.463227,0.3219696879386902,0.6589147448539734,0.13875968754291534
YNR035C,YDL044C,0,-4.4641347,0.3217955529689789,0.6589147448539734,0.13887043297290802
YDR283C,YAL015C,0,-4.465115,0.3216216266155243,0.6589147448539734,0.1389811784029007
YKL173W,YFL004W,0,-4.468397,0.32144787907600403,0.6589147448539734,0.13909190893173218
YDR264C,YNL245C,0,-4.46899,0.3212743103504181,0.6589147448539734,0.13920265436172485
YBL102W,YKL203C,0,-4.470338,0.3211009204387665,0.6589147448539734,0.13931339979171753
YDL014W,YDR129C,0,-4.472572,0.3209277093410492,0.6589147448539734,0.1394241452217102
YFL009W,YKL002W,1,-4.4728813,0.32129380106925964,0.6600221395492554,0.1394241452217102
YMR213W,YNR023W,0,-4.473541,0.3211206793785095,0.6600221395492554,0.13953489065170288
YGR086C,YGR013W,0,-4.4757113,0.3209477663040161,0.6600221395492554,0.13964562118053436
YGR003W,YBR273C,1,-4.47694,0.3213132321834564,0.6611295938491821,0.13964562118053436
YHR014W,YPL045W,0,-4.477223,0.3211404085159302,0.6611295938491821,0.13975636661052704
YPL022W,YGR099W,0,-4.4779906,0.32096773386001587,0.6611295938491821,0.13986711204051971
YJR049C,YOL129W,0,-4.478676,0.3207952678203583,0.6611295938491821,0.1399778574705124
YFL024C,YDR164C,0,-4.479879,0.320622980594635,0.6611295938491821,0.14008858799934387
YOR254C,YOL109W,0,-4.480419,0.32045087218284607,0.6611295938491821,0.14019933342933655
YGR188C,YKR097W,0,-4.4817276,0.32027897238731384,0.6611295938491821,0.14031007885932922
YKL055C,YMR313C,0,-4.485516,0.32010725140571594,0.6611295938491821,0.1404208242893219
YMR065W,YPL045W,0,-4.4855924,0.31993567943573,0.6611295938491821,0.14053155481815338
YIL095W,YBL093C,0,-4.4859667,0.31976431608200073,0.6611295938491821,0.14064230024814606
YNL292W,YLR139C,0,-4.4861865,0.3195931613445282,0.6611295938491821,0.14075304567813873
YDR054C,YER021W,1,-4.486262,0.3199571967124939,0.6622369885444641,0.14075304567813873
YPL078C,YDR284C,0,-4.486766,0.31978610157966614,0.6622369885444641,0.1408637911081314
YML104C,YDR388W,0,-4.4874005,0.3196151852607727,0.6622369885444641,0.14097453653812408
YBL008W,YDR470C,0,-4.48762,0.3194444477558136,0.6622369885444641,0.14108526706695557
YOL135C,YNL241C,0,-4.4877977,0.3192738890647888,0.6622369885444641,0.14119601249694824
YDR495C,YER005W,0,-4.4882793,0.31910350918769836,0.6622369885444641,0.14130675792694092
YDR016C,YKL149C,0,-4.4887753,0.3189333379268646,0.6622369885444641,0.1414175033569336
YNL094W,YJL156C,0,-4.4895825,0.3187633156776428,0.6622369885444641,0.14152823388576508
YDR256C,YLR384C,0,-4.4899087,0.31859350204467773,0.6622369885444641,0.14163897931575775
YER017C,YFR019W,0,-4.4899945,0.318423867225647,0.6622369885444641,0.14174972474575043
YGL174W,YNL241C,0,-4.490816,0.31825438141822815,0.6622369885444641,0.1418604701757431
YDR054C,YLR208W,1,-4.4910254,0.3186170160770416,0.6633443832397461,0.1418604701757431
YCR026C,YGR186W,0,-4.492066,0.31844761967658997,0.6633443832397461,0.14197120070457458
YPR067W,YBL050W,0,-4.4921885,0.318278431892395,0.6633443832397461,0.14208194613456726
YAL058W,YMR022W,1,-4.4922576,0.31864047050476074,0.6644518375396729,0.14208194613456726
YIR017C,YAL055W,0,-4.4939427,0.31847134232521057,0.6644518375396729,0.14219269156455994
YPL015C,YCR037C,0,-4.498398,0.3183023929595947,0.6644518375396729,0.1423034369945526
YER019C-A,YBL102W,0,-4.499355,0.3181336224079132,0.6644518375396729,0.1424141675233841
YDR069C,YLR025W,1,-4.5032473,0.318494975566864,0.6655592322349548,0.1424141675233841
YGL071W,YCR026C,0,-4.5032573,0.31832626461982727,0.6655592322349548,0.14252491295337677
YJL102W,YDR325W,0,-4.504937,0.31815776228904724,0.6655592322349548,0.14263565838336945
YLR248W,YBL050W,0,-4.5050454,0.31798940896987915,0.6655592322349548,0.14274640381336212
YGL201C,YHR091C,0,-4.50588,0.3178212642669678,0.6655592322349548,0.1428571492433548
YMR186W,YPL214C,0,-4.5069337,0.31765326857566833,0.6655592322349548,0.14296787977218628
YBR089C-A,YDR129C,0,-4.507035,0.3174854815006256,0.6655592322349548,0.14307862520217896
YFL009W,YDR057W,1,-4.5070376,0.31784582138061523,0.6666666865348816,0.14307862520217896
YKL002W,YFR052W,1,-4.5074644,0.3182058036327362,0.6677740812301636,0.14307862520217896
YCR028C,YGL195W,0,-4.5083,0.3180379867553711,0.6677740812301636,0.14318937063217163
YMR172W,YKL154W,0,-4.5090785,0.3178703188896179,0.6677740812301636,0.1433001160621643
YLR362W,YOR143C,0,-4.509669,0.31770285964012146,0.6677740812301636,0.1434108465909958
YMR065W,YMR305C,0,-4.509824,0.31753554940223694,0.6677740812301636,0.14352159202098846
YNL001W,YLR052W,0,-4.510551,0.31736841797828674,0.6677740812301636,0.14363233745098114
YMR298W,YDR245W,0,-4.510825,0.3172014653682709,0.6677740812301636,0.14374308288097382
YPR165W,YPL218W,0,-4.5112286,0.31703469157218933,0.6677740812301636,0.1438538134098053
YMR216C,YKR001C,0,-4.5122943,0.3168680965900421,0.6677740812301636,0.14396455883979797
YJL179W,YNR048W,0,-4.513779,0.3167016804218292,0.6677740812301636,0.14407530426979065
YPL243W,YPL214C,0,-4.5150685,0.31653544306755066,0.6677740812301636,0.14418604969978333
YKL129C,YLR043C,0,-4.515244,0.31636935472488403,0.6677740812301636,0.144296795129776
YOL011W,YDL030W,0,-4.515908,0.3162034749984741,0.6677740812301636,0.14440752565860748
YDL200C,YER018C,0,-4.5163646,0.31603774428367615,0.6677740812301636,0.14451827108860016
YBL085W,YJR052W,0,-4.51716,0.3158721923828125,0.6677740812301636,0.14462901651859283
YLR429W,YPR179C,0,-4.5182543,0.3157068192958832,0.6677740812301636,0.1447397619485855
YBR177C,YOR254C,0,-4.518301,0.3155415952205658,0.6677740812301636,0.144850492477417
YAL041W,YBL093C,0,-4.518906,0.3153765797615051,0.6677740812301636,0.14496123790740967
YHR001W,YOR216C,0,-4.519032,0.3152117133140564,0.6677740812301636,0.14507198333740234
YLR361C,YGR238C,0,-4.5191603,0.315047025680542,0.6677740812301636,0.14518272876739502
YDR296W,YGL095C,0,-4.5204363,0.3148825168609619,0.6677740812301636,0.1452934592962265
YLR424W,YGR002C,0,-4.5211487,0.3147181570529938,0.6677740812301636,0.14540420472621918
YIL140W,YDR423C,0,-4.5214324,0.31455397605895996,0.6677740812301636,0.14551495015621185
YKL046C,YNL073W,0,-4.521634,0.31439000368118286,0.6677740812301636,0.14562569558620453
YOR279C,YGL115W,0,-4.521802,0.3142261505126953,0.6677740812301636,0.1457364410161972
YDR164C,YDR369C,0,-4.522222,0.3140625059604645,0.6677740812301636,0.1458471715450287
YBL085W,YGR007W,0,-4.5262413,0.3138990104198456,0.6677740812301636,0.14595791697502136
YJR068W,YML055W,0,-4.526738,0.313735693693161,0.6677740812301636,0.14606866240501404
YML065W,YER053C,0,-4.5275564,0.31357255578041077,0.6677740812301636,0.1461794078350067
YBR004C,YDR388W,0,-4.5279307,0.31340956687927246,0.6677740812301636,0.1462901383638382
YJL124C,YGR257C,0,-4.5286827,0.3132467567920685,0.6677740812301636,0.14640088379383087
YNL230C,YGR135W,1,-4.5300226,0.31360331177711487,0.6688815355300903,0.14640088379383087
YOR267C,YEL004W,0,-4.530328,0.31344059109687805,0.6688815355300903,0.14651162922382355
YNL230C,YLR025W,1,-4.530995,0.31379666924476624,0.6699889302253723,0.14651162922382355
YJR074W,YHR060W,0,-4.532964,0.3136340081691742,0.6699889302253723,0.14662237465381622
YBR243C,YMR212C,0,-4.5341077,0.3134714961051941,0.6699889302253723,0.1467331051826477
YDR412W,YOR087W,0,-4.5350966,0.3133091628551483,0.6699889302253723,0.14684385061264038
YKL049C,YLR354C,0,-4.5354867,0.31314700841903687,0.6699889302253723,0.14695459604263306
YIR009W,YDL230W,0,-4.535771,0.31298500299453735,0.6699889302253723,0.14706534147262573
YOR112W,YGR257C,0,-4.5366087,0.31282317638397217,0.6699889302253723,0.1471760869026184
YIL026C,YKL214C,0,-4.5376344,0.3126614987850189,0.6699889302253723,0.1472868174314499
YLR206W,YPR165W,0,-4.538093,0.3125,0.6699889302253723,0.14739756286144257
YOR058C,YML127W,0,-4.538144,0.3123386800289154,0.6699889302253723,0.14750830829143524
YEL015W,YNL201C,0,-4.5386662,0.31217750906944275,0.6699889302253723,0.14761905372142792
YIL140W,YML023C,0,-4.539048,0.3120165169239044,0.6699889302253723,0.1477297842502594
YGL195W,YDR517W,0,-4.540082,0.311855673789978,0.6699889302253723,0.14784052968025208
YGR007W,YDR515W,0,-4.5401125,0.31169500946998596,0.6699889302253723,0.14795127511024475
YGR186W,YHR099W,0,-4.5407624,0.31153449416160583,0.6699889302253723,0.14806202054023743
YMR035W,YDR335W,0,-4.541529,0.31137415766716003,0.6699889302253723,0.1481727510690689
YMR172W,YDR473C,0,-4.543328,0.31121399998664856,0.6699889302253723,0.14828349649906158
YDR099W,YIR017C,0,-4.5433803,0.311053991317749,0.6699889302253723,0.14839424192905426
YMR095C,YLR362W,0,-4.543409,0.3108941316604614,0.6699889302253723,0.14850498735904694
YNL281W,YOR254C,0,-4.5434556,0.31073445081710815,0.6699889302253723,0.1486157327890396
YOL011W,YDR202C,0,-4.54361,0.3105749487876892,0.6699889302253723,0.1487264633178711
YDR054C,YBR201W,1,-4.543795,0.31092867255210876,0.6710963249206543,0.1487264633178711
YFL025C,YDR069C,1,-4.5439343,0.31128203868865967,0.672203779220581,0.1487264633178711
YJR052W,YIL016W,0,-4.544313,0.31112250685691833,0.672203779220581,0.14883720874786377
YBR023C,YNL232W,0,-4.545669,0.31096312403678894,0.672203779220581,0.14894795417785645
YGR231C,YJR026W,0,-4.5473876,0.3108038902282715,0.672203779220581,0.14905869960784912
YMR208W,YOR140W,0,-4.5477386,0.31064483523368835,0.672203779220581,0.1491694301366806
YDR099W,YGL246C,0,-4.5479,0.31048592925071716,0.672203779220581,0.14928017556667328
YER154W,YOR140W,0,-4.5481706,0.3103272020816803,0.672203779220581,0.14939092099666595
YDR317W,YLR354C,0,-4.5495725,0.31016862392425537,0.672203779220581,0.14950166642665863
YNL159C,YDR054C,1,-4.549642,0.3105209469795227,0.673311173915863,0.14950166642665863
YNL009W,YOR279C,0,-4.549834,0.31036242842674255,0.673311173915863,0.1496123969554901
YDR054C,YLR025W,1,-4.550194,0.3107142746448517,0.6744186282157898,0.1496123969554901
YKR027W,YJR059W,0,-4.5514665,0.3105558454990387,0.6744186282157898,0.1497231423854828
YDR216W,YER013W,0,-4.55379,0.31039756536483765,0.6744186282157898,0.14983388781547546
YDR517W,YNL246W,0,-4.5540576,0.31023943424224854,0.6744186282157898,0.14994463324546814
YDR011W,YGR099W,0,-4.554773,0.31008145213127136,0.6744186282157898,0.15005536377429962
YDL099W,YEL054C,0,-4.5562053,0.3099236786365509,0.6744186282157898,0.1501661092042923
YPL059W,YIL114C,0,-4.5566926,0.30976602435112,0.6744186282157898,0.15027685463428497
YKL134C,YJL210W,0,-4.5567284,0.3096085488796234,0.6744186282157898,0.15038760006427765
YJR089W,YPL055C,0,-4.557565,0.30945122241973877,0.6744186282157898,0.15049834549427032
YNL099C,YCL043C,0,-4.5591745,0.30929404497146606,0.6744186282157898,0.1506090760231018
YPL100W,YKL188C,0,-4.5597177,0.3091370463371277,0.6744186282157898,0.15071982145309448
YGR003W,YBR082C,1,-4.5604806,0.30948758125305176,0.6755260229110718,0.15071982145309448
YOR039W,YLR425W,0,-4.56095,0.30933064222335815,0.6755260229110718,0.15083056688308716
YKR022C,YBR127C,0,-4.5627575,0.3091738522052765,0.6755260229110718,0.15094131231307983
YKL149C,YPR007C,0,-4.563448,0.30901721119880676,0.6755260229110718,0.15105204284191132
YNL177C,YPL153C,0,-4.564039,0.30886074900627136,0.6755260229110718,0.151162788271904
YNR035C,YJR068W,0,-4.5641584,0.3087044656276703,0.6755260229110718,0.15127353370189667
YNL023C,YFL005W,0,-4.5644298,0.30854830145835876,0.6755260229110718,0.15138427913188934
YKL149C,YIL063C,0,-4.564916,0.30839231610298157,0.6755260229110718,0.15149500966072083
YOL011W,YMR095C,0,-4.5664144,0.3082364797592163,0.6755260229110718,0.1516057550907135
YKL139W,YDR138W,0,-4.566971,0.3080808222293854,0.6755260229110718,0.15171650052070618
YJL196C,YMR285C,0,-4.56778,0.307925283908844,0.6755260229110718,0.15182724595069885
YPL078C,YOR185C,0,-4.568773,0.30776992440223694,0.6755260229110718,0.15193799138069153
YBR278W,YBL050W,0,-4.5698667,0.3076147139072418,0.6755260229110718,0.152048721909523
YDL099W,YOR279C,0,-4.5701966,0.30745968222618103,0.6755260229110718,0.15215946733951569
YGL191W,YOR371C,0,-4.5707073,0.3073047995567322,0.6755260229110718,0.15227021276950836
YDL226C,YDR513W,0,-4.571275,0.3071500360965729,0.6755260229110718,0.15238095819950104
YNR027W,YCR020W-B,0,-4.571489,0.3069954812526703,0.6755260229110718,0.15249168872833252
YLR039C,YLR105C,0,-4.571963,0.30684104561805725,0.6755260229110718,0.1526024341583252
YKR038C,YMR004W,0,-4.5728116,0.30668678879737854,0.6755260229110718,0.15271317958831787
YKL138C-A,YOR003W,0,-4.5739117,0.3065326511859894,0.6755260229110718,0.15282392501831055
YKL054C,YBR082C,1,-4.5749755,0.3068809509277344,0.6766334176063538,0.15282392501831055
YDR481C,YPL153C,0,-4.5764804,0.3067269027233124,0.6766334176063538,0.15293465554714203
YOR061W,YPR005C,0,-4.576529,0.3065730035305023,0.6766334176063538,0.1530454009771347
YJR074W,YKR082W,0,-4.577093,0.3064192533493042,0.6766334176063538,0.15315614640712738
YDR178W,YPL019C,0,-4.577563,0.306265652179718,0.6766334176063538,0.15326689183712006
YMR162C,YNL177C,0,-4.578301,0.30611222982406616,0.6766334176063538,0.15337763726711273
YDL044C,YER053C,0,-4.57842,0.30595892667770386,0.6766334176063538,0.1534883677959442
YGL243W,YOR110W,0,-4.5790763,0.3058058023452759,0.6766334176063538,0.1535991132259369
YDR122W,YPL011C,0,-4.579494,0.30565282702445984,0.6766334176063538,0.15370985865592957
YAL041W,YGL201C,0,-4.579805,0.30550000071525574,0.6766334176063538,0.15382060408592224
YML067C,YBR196C,0,-4.5814276,0.3053473234176636,0.6766334176063538,0.15393133461475372
YDR513W,YHR099W,0,-4.5824637,0.30519479513168335,0.6766334176063538,0.1540420800447464
YLL019C,YLR034C,0,-4.58254,0.30504244565963745,0.6766334176063538,0.15415282547473907
YER019C-A,YLR045C,0,-4.5831723,0.3048902153968811,0.6766334176063538,0.15426357090473175
YBR201W,YIL017C,1,-4.583509,0.30523690581321716,0.6777408719062805,0.15426357090473175
YBR024W,YPL063W,0,-4.583649,0.3050847351551056,0.6777408719062805,0.15437430143356323
YFL025C,YFR036W,1,-4.584,0.30543097853660583,0.6788482666015625,0.15437430143356323
YIL048W,YDR246W,0,-4.58421,0.3052788972854614,0.6788482666015625,0.1544850468635559
YBL084C,YCL008C,1,-4.585275,0.30562469363212585,0.6799557209014893,0.1544850468635559
YPR041W,YGL104C,0,-4.586959,0.30547264218330383,0.6799557209014893,0.15459579229354858
YBR161W,YDR362C,0,-4.5870137,0.30532073974609375,0.6799557209014893,0.15470653772354126
YJL024C,YLR360W,0,-4.5871015,0.3051689863204956,0.6799557209014893,0.15481728315353394
YDR254W,YNR048W,0,-4.587277,0.3050173819065094,0.6799557209014893,0.15492801368236542
YOR245C,YDR434W,0,-4.5879307,0.30486592650413513,0.6799557209014893,0.1550387591123581
YKL022C,YKL054C,1,-4.5881543,0.3052109181880951,0.6810631155967712,0.1550387591123581
YLL035W,YGL115W,0,-4.5889645,0.3050595223903656,0.6810631155967712,0.15514950454235077
YJL156C,YNL253W,0,-4.5896726,0.30490827560424805,0.6810631155967712,0.15526024997234344
YOL011W,YDR443C,0,-4.590544,0.30475717782974243,0.6810631155967712,0.15537098050117493
YNL097C,YDL093W,0,-4.5914187,0.30460622906684875,0.6810631155967712,0.1554817259311676
YDR194C,YNL149C,0,-4.592505,0.3044554591178894,0.6810631155967712,0.15559247136116028
YDR011W,YDL058W,0,-4.59279,0.3043048083782196,0.6810631155967712,0.15570321679115295
YPL153C,YHR012W,0,-4.5927973,0.30415430665016174,0.6810631155967712,0.15581394731998444
YBL103C,YDR292C,0,-4.5929227,0.3040039539337158,0.6810631155967712,0.1559246927499771
YAL058W,YEL037C,1,-4.5939236,0.30434781312942505,0.682170569896698,0.1559246927499771
YHL002W,YJL210W,0,-4.5945187,0.3041975200176239,0.682170569896698,0.1560354381799698
YMR172W,YGR007W,0,-4.5952153,0.3040473759174347,0.682170569896698,0.15614618360996246
YLR418C,YPL008W,0,-4.595326,0.3038973808288574,0.682170569896698,0.15625691413879395
YLR330W,YER053C,0,-4.595779,0.3037475347518921,0.682170569896698,0.15636765956878662
YAR002C-A,YJL013C,0,-4.5958486,0.3035978376865387,0.682170569896698,0.1564784049987793
YDR434W,YOR083W,0,-4.59815,0.30344828963279724,0.682170569896698,0.15658915042877197
YOR185C,YFL058W,0,-4.598521,0.30329886078834534,0.682170569896698,0.15669989585876465
YFR036W,YHR200W,1,-4.599444,0.30364173650741577,0.68327796459198,0.15669989585876465
YKL139W,YMR065W,0,-4.5995073,0.30349236726760864,0.68327796459198,0.15681062638759613
YPL268W,YLR447C,0,-4.600711,0.30334317684173584,0.68327796459198,0.1569213718175888
YMR016C,YHR099W,0,-4.6013346,0.3031941056251526,0.68327796459198,0.15703211724758148
YOR267C,YKL196C,0,-4.6016307,0.3030451834201813,0.68327796459198,0.15714286267757416
YDR164C,YGR009C,0,-4.602283,0.3028964102268219,0.68327796459198,0.15725359320640564
YOL042W,YOR036W,0,-4.602651,0.30274778604507446,0.68327796459198,0.15736433863639832
YDR216W,YCL016C,0,-4.603023,0.30259931087493896,0.68327796459198,0.157475084066391
YPL218W,YJR103W,0,-4.605169,0.3024509847164154,0.68327796459198,0.15758582949638367
YGR002C,YIL063C,0,-4.6090417,0.3023028075695038,0.68327796459198,0.15769656002521515
YNL201C,YML028W,0,-4.6099834,0.3021547496318817,0.68327796459198,0.15780730545520782
YEL009C,YBR083W,0,-4.6100183,0.3020068407058716,0.68327796459198,0.1579180508852005
YJR059W,YER005W,0,-4.6106524,0.3018591105937958,0.68327796459198,0.15802879631519318
YKL022C,YGL011C,1,-4.6113877,0.3022004961967468,0.684385359287262,0.15802879631519318
YDR284C,YGL195W,0,-4.612199,0.3020527958869934,0.684385359287262,0.15813954174518585
YMR186W,YOL042W,0,-4.6122804,0.30190521478652954,0.684385359287262,0.15825027227401733
YER052C,YGR118W,0,-4.6139145,0.3017578125,0.684385359287262,0.15836101770401
YDL197C,YKL074C,0,-4.6147914,0.30161052942276,0.684385359287262,0.15847176313400269
YBL008W,YNL257C,0,-4.616382,0.30146342515945435,0.684385359287262,0.15858250856399536
YDR082W,YOR089C,0,-4.616613,0.30131644010543823,0.684385359287262,0.15869323909282684
YDR296W,YKR082W,0,-4.6166663,0.30116960406303406,0.684385359287262,0.15880398452281952
YCL055W,YOR087W,0,-4.618089,0.30102288722991943,0.684385359287262,0.1589147299528122
YAR019C,YAL031C,0,-4.61811,0.30087634921073914,0.684385359287262,0.15902547538280487
YNL073W,YKR003W,0,-4.6198087,0.3007299304008484,0.684385359287262,0.15913620591163635
YPR006C,YAL015C,0,-4.619928,0.3005836606025696,0.684385359287262,0.15924695134162903
YDR162C,YKL212W,0,-4.620667,0.3004375398159027,0.684385359287262,0.1593576967716217
YAL031C,YOL028C,0,-4.62074,0.3002915382385254,0.684385359287262,0.15946844220161438
YNL126W,YAL011W,0,-4.6208553,0.3001457154750824,0.684385359287262,0.15957918763160706
YLR078C,YDR079W,0,-4.621083,0.30000001192092896,0.684385359287262,0.15968991816043854
YNL261W,YAR008W,0,-4.6211953,0.29985442757606506,0.684385359287262,0.1598006635904312
YLR208W,YKL041W,1,-4.6212134,0.30019399523735046,0.6854928135871887,0.1598006635904312
YNR027W,YDR037W,0,-4.621333,0.30004847049713135,0.6854928135871887,0.1599114090204239
YER001W,YJR074W,0,-4.6220856,0.29990309476852417,0.6854928135871887,0.16002215445041656
YML031W,YJL156C,0,-4.622168,0.29975786805152893,0.6854928135871887,0.16013288497924805
YEL009C,YPL016W,0,-4.622682,0.29961279034614563,0.6854928135871887,0.16024363040924072
YLR425W,YHR012W,0,-4.624573,0.2994678318500519,0.6854928135871887,0.1603543758392334
YPL152W,YIL056W,0,-4.625027,0.29932302236557007,0.6854928135871887,0.16046512126922607
YKL054C,YNR026C,1,-4.6251874,0.29966166615486145,0.6866002082824707,0.16046512126922607
YDR393W,YNL054W,0,-4.6266828,0.2995169162750244,0.6866002082824707,0.16057585179805756
YHL002W,YAR008W,0,-4.6274533,0.29937228560447693,0.6866002082824707,0.16068659722805023
YMR004W,YGL212W,0,-4.6285186,0.2992278039455414,0.6866002082824707,0.1607973426580429
YJL005W,YOR109W,0,-4.628918,0.2990834414958954,0.6866002082824707,0.16090808808803558
YER173W,YGL212W,0,-4.6297436,0.2989392578601837,0.6866002082824707,0.16101883351802826
YGR113W,YMR172W,0,-4.630033,0.2987951934337616,0.6866002082824707,0.16112956404685974
YNL118C,YOR381W,0,-4.6301675,0.29865124821662903,0.6866002082824707,0.16124030947685242
YKL138C-A,YPL031C,0,-4.630426,0.2985074520111084,0.6866002082824707,0.1613510549068451
YBR207W,YEL053C,0,-4.630444,0.2983638048171997,0.6866002082824707,0.16146180033683777
YBR161W,YPL174C,0,-4.6319056,0.29822030663490295,0.6866002082824707,0.16157253086566925
YIL065C,YML062C,0,-4.635106,0.29807692766189575,0.6866002082824707,0.16168327629566193
YDR057W,YDR306C,1,-4.635462,0.2984142303466797,0.6877076625823975,0.16168327629566193
YDL200C,YGR013W,0,-4.635874,0.2982708811759949,0.6877076625823975,0.1617940217256546
YER126C,YDR129C,0,-4.6366506,0.2981277108192444,0.6877076625823975,0.16190476715564728
YML095C,YGR008C,0,-4.636991,0.29798465967178345,0.6877076625823975,0.16201549768447876
YGR253C,YDR306C,1,-4.6371255,0.29832133650779724,0.6888150572776794,0.16201549768447876
YBR243C,YEL054C,0,-4.637246,0.2981783449649811,0.6888150572776794,0.16212624311447144
YOR061W,YDL200C,0,-4.638004,0.2980354428291321,0.6888150572776794,0.1622369885444641
YBR201W,YMR022W,1,-4.639149,0.29837164282798767,0.6899224519729614,0.1622369885444641
YOL149W,YNL054W,0,-4.6394153,0.29822883009910583,0.6899224519729614,0.1623477339744568
YPL160W,YKL108W,0,-4.6394944,0.29808613657951355,0.6899224519729614,0.16245846450328827
YBR243C,YIL002C,0,-4.639564,0.2979435622692108,0.6899224519729614,0.16256920993328094
YOL042W,YER019C-A,0,-4.640895,0.29780113697052,0.6899224519729614,0.16267995536327362
YBL084C,YMR314W,1,-4.641912,0.2981366515159607,0.6910299062728882,0.16267995536327362
YDL188C,YMR137C,0,-4.6432447,0.2979942560195923,0.6910299062728882,0.1627907007932663
YDL085W,YNL149C,0,-4.644692,0.2978520393371582,0.6910299062728882,0.16290144622325897
YKR066C,YNL023C,0,-4.645413,0.2977099120616913,0.6910299062728882,0.16301217675209045
YNL149C,YBR037C,0,-4.648852,0.2975679636001587,0.6910299062728882,0.16312292218208313
YPL137C,YJL128C,0,-4.648936,0.29742613434791565,0.6910299062728882,0.1632336676120758
YMR172W,YML104C,0,-4.6498904,0.29728442430496216,0.6910299062728882,0.16334441304206848
YGR003W,YLR208W,1,-4.651011,0.2976190447807312,0.6921373009681702,0.16334441304206848
YOR061W,YDR079W,0,-4.652126,0.2974773943424225,0.6921373009681702,0.16345514357089996
YLR429W,YKR038C,0,-4.6537676,0.2973358631134033,0.6921373009681702,0.16356588900089264
YPL190C,YNR023W,0,-4.655312,0.2971944808959961,0.6921373009681702,0.16367663443088531
YIL112W,YGL236C,0,-4.656465,0.2970532178878784,0.6921373009681702,0.163787379860878
YOR039W,YPR032W,0,-4.657019,0.2969121038913727,0.6921373009681702,0.16389811038970947
YBR237W,YGL243W,0,-4.657042,0.2967711389064789,0.6921373009681702,0.16400885581970215
YMR075W,YDR443C,0,-4.657709,0.29663029313087463,0.6921373009681702,0.16411960124969482
YAL010C,YPL045W,0,-4.6603374,0.29648956656455994,0.6921373009681702,0.1642303466796875
YLR043C,YDR470C,0,-4.66067,0.2963489890098572,0.6921373009681702,0.16434109210968018
YIL150C,YNR023W,0,-4.661019,0.29620853066444397,0.6921373009681702,0.16445182263851166
YDL226C,YDR378C,0,-4.661741,0.2960682213306427,0.6921373009681702,0.16456256806850433
YOR074C,YJR013W,0,-4.6618915,0.295928031206131,0.6921373009681702,0.164673313498497
YKL046C,YLL061W,0,-4.662313,0.2957879900932312,0.6921373009681702,0.16478405892848969
YHR098C,YOR027W,0,-4.662498,0.29564806818962097,0.6921373009681702,0.16489478945732117
YML055W,YPL210C,0,-4.6625705,0.2955082654953003,0.6921373009681702,0.16500553488731384
YJL102W,YIR009W,0,-4.6626573,0.29536861181259155,0.6921373009681702,0.16511628031730652
YPL262W,YER123W,0,-4.663413,0.29522910714149475,0.6921373009681702,0.1652270257472992
YBL008W,YFR037C,0,-4.666242,0.2950897216796875,0.6921373009681702,0.16533775627613068
YDL031W,YBR207W,0,-4.6681705,0.2949504554271698,0.6921373009681702,0.16544850170612335
YPL095C,YPL019C,0,-4.6682076,0.29481130838394165,0.6921373009681702,0.16555924713611603
YOR244W,YPL121C,0,-4.6696773,0.29467231035232544,0.6921373009681702,0.1656699925661087
YOR036W,YOR018W,0,-4.671264,0.29453346133232117,0.6921373009681702,0.16578073799610138
YKL212W,YDR135C,0,-4.671574,0.29439473152160645,0.6921373009681702,0.16589146852493286
YER142C,YPL174C,0,-4.6728654,0.2942561209201813,0.6921373009681702,0.16600221395492554
YDR513W,YER031C,0,-4.6730413,0.29411765933036804,0.6921373009681702,0.1661129593849182
YAR019C,YGR086C,0,-4.6732893,0.29397931694984436,0.6921373009681702,0.1662237048149109
YGL047W,YMR239C,0,-4.673307,0.29384109377861023,0.6921373009681702,0.16633443534374237
YEL061C,YDR434W,0,-4.673344,0.29370301961898804,0.6921373009681702,0.16644518077373505
YHR086W,YBL093C,0,-4.6744165,0.2935650646686554,0.6921373009681702,0.16655592620372772
YBR023C,YGL195W,0,-4.6758122,0.2934272289276123,0.6921373009681702,0.1666666716337204
YEL037C,YIL017C,1,-4.677165,0.2937588095664978,0.6932447552680969,0.1666666716337204
YLR284C,YKL134C,0,-4.677499,0.2936210036277771,0.6932447552680969,0.16677740216255188
YBL009W,YJL102W,0,-4.6777964,0.29348334670066833,0.6932447552680969,0.16688814759254456
YOR112W,YOL026C,0,-4.6808553,0.2933458387851715,0.6932447552680969,0.16699889302253723
YCL024W,YER019C-A,0,-4.6808887,0.29320842027664185,0.6932447552680969,0.1671096384525299
YHR001W,YGR231C,0,-4.681231,0.2930711507797241,0.6932447552680969,0.16722038388252258
YGL257C,YAR008W,0,-4.6834946,0.29293403029441833,0.6932447552680969,0.16733111441135406
YNR058W,YBL093C,0,-4.6835523,0.2927969992160797,0.6932447552680969,0.16744185984134674
YIL114C,YLR043C,0,-4.685701,0.292660117149353,0.6932447552680969,0.16755260527133942
YLR347C,YHR001W,0,-4.6861157,0.2925233542919159,0.6932447552680969,0.1676633507013321
YEL036C,YMR313C,0,-4.686593,0.2923867404460907,0.6932447552680969,0.16777408123016357
YBR196C,YAL016W,0,-4.687218,0.29225024580955505,0.6932447552680969,0.16788482666015625
YFR019W,YPR032W,0,-4.6875362,0.29211387038230896,0.6932447552680969,0.16799557209014893
YPL204W,YOL042W,0,-4.689506,0.2919776141643524,0.6932447552680969,0.1681063175201416
YJL214W,YOR076C,0,-4.6899133,0.2918414771556854,0.6932447552680969,0.16821704804897308
YNR027W,YPL167C,0,-4.6918283,0.29170548915863037,0.6932447552680969,0.16832779347896576
YPR005C,YDR460W,0,-4.692259,0.29156962037086487,0.6932447552680969,0.16843853890895844
YDL188C,YPL152W,0,-4.6928844,0.2914339005947113,0.6932447552680969,0.1685492843389511
YIL095W,YIL016W,0,-4.6929917,0.2912982702255249,0.6932447552680969,0.1686600148677826
YMR172W,YBR127C,0,-4.694101,0.29116278886795044,0.6932447552680969,0.16877076029777527
YDR082W,YKR001C,0,-4.694814,0.2910274267196655,0.6932447552680969,0.16888150572776794
YML012W,YDL044C,0,-4.695535,0.29089218378067017,0.6932447552680969,0.16899225115776062
YEL009C,YOR109W,0,-4.695724,0.29075708985328674,0.6932447552680969,0.1691029965877533
YBR243C,YKL016C,0,-4.6966696,0.2906220853328705,0.6932447552680969,0.16921372711658478
YKL160W,YMR129W,0,-4.6970587,0.29048722982406616,0.6932447552680969,0.16932447254657745
YIR037W,YER019C-A,0,-4.6973195,0.2903524935245514,0.6932447552680969,0.16943521797657013
YPL202C,YDL013W,0,-4.698129,0.29021790623664856,0.6932447552680969,0.1695459634065628
YKL108W,YGR074W,0,-4.698131,0.2900834083557129,0.6932447552680969,0.1696566939353943
YDR503C,YDR325W,0,-4.6987743,0.28994905948638916,0.6932447552680969,0.16976743936538696
YJR089W,YCL044C,0,-4.6995807,0.2898148000240326,0.6932447552680969,0.16987818479537964
YEL056W,YPR165W,0,-4.700174,0.28968068957328796,0.6932447552680969,0.16998893022537231
YKL179C,YEL004W,0,-4.7006707,0.2895467281341553,0.6932447552680969,0.1700996607542038
YDR194C,YMR260C,0,-4.700832,0.28941285610198975,0.6932447552680969,0.17021040618419647
YDL200C,YGL035C,0,-4.701223,0.28927910327911377,0.6932447552680969,0.17032115161418915
YHR086W,YOR386W,0,-4.7012596,0.28914549946784973,0.6932447552680969,0.17043189704418182
YJR089W,YPR154W,0,-4.701755,0.28901201486587524,0.6932447552680969,0.1705426424741745
YBL084C,YGR253C,1,-4.702342,0.2893401086330414,0.6943521499633789,0.1705426424741745
YMR298W,YOR328W,0,-4.702543,0.2892066538333893,0.6943521499633789,0.17065337300300598
YGR098C,YMR285C,0,-4.702666,0.28907331824302673,0.6943521499633789,0.17076411843299866
YGL035C,YCR083W,0,-4.7031226,0.28894010186195374,0.6943521499633789,0.17087486386299133
YDR443C,YJL156C,0,-4.703525,0.2888070046901703,0.6943521499633789,0.170985609292984
YNR010W,YGL045W,0,-4.7044115,0.2886740267276764,0.6943521499633789,0.1710963398218155
YIL008W,YBR127C,0,-4.7044683,0.28854119777679443,0.6943521499633789,0.17120708525180817
YPR155C,YDR071C,0,-4.7047253,0.28840845823287964,0.6943521499633789,0.17131783068180084
YPL078C,YBR024W,0,-4.704729,0.2882758677005768,0.6943521499633789,0.17142857611179352
YDR264C,YFL004W,0,-4.704877,0.2881433963775635,0.6943521499633789,0.171539306640625
YJL024C,YEL050C,0,-4.7050915,0.28801101446151733,0.6943521499633789,0.17165005207061768
YIL062C,YOR224C,0,-4.70645,0.28787878155708313,0.6943521499633789,0.17176079750061035
YNR001C,YOL072W,0,-4.7064624,0.2877466678619385,0.6943521499633789,0.17187154293060303
YIL150C,YOR036W,0,-4.7069373,0.2876146733760834,0.6943521499633789,0.1719822883605957
YCL016C,YIL114C,0,-4.7074194,0.2874827980995178,0.6943521499633789,0.17209301888942719
YAL041W,YNL004W,0,-4.708326,0.2873510420322418,0.6943521499633789,0.17220376431941986
YBR231C,YOR087W,0,-4.7095494,0.28721943497657776,0.6943521499633789,0.17231450974941254
YLR284C,YNR023W,0,-4.7119975,0.28708791732788086,0.6943521499633789,0.1724252551794052
YGR057C,YCR060W,0,-4.7144494,0.2869565188884735,0.6943521499633789,0.1725359857082367
YGL115W,YPL234C,0,-4.714484,0.2868252396583557,0.6943521499633789,0.17264673113822937
YHR200W,YNR026C,1,-4.71458,0.2871513366699219,0.6954596042633057,0.17264673113822937
YAL010C,YER005W,0,-4.715097,0.28702011704444885,0.6954596042633057,0.17275747656822205
YLR362W,YOL028C,0,-4.715382,0.286888986825943,0.6954596042633057,0.17286822199821472
YBL097W,YGL211W,0,-4.716022,0.2867580056190491,0.6954596042633057,0.1729789525270462
YAL016W,YNR048W,0,-4.716023,0.2866271138191223,0.6954596042633057,0.17308969795703888
YGL243W,YLR136C,0,-4.7163534,0.2864963412284851,0.6954596042633057,0.17320044338703156
YJL102W,YLR105C,0,-4.716404,0.28636571764945984,0.6954596042633057,0.17331118881702423
YIL114C,YGR129W,0,-4.7166953,0.28623518347740173,0.6954596042633057,0.1734219342470169
YKL135C,YFR019W,0,-4.7175913,0.28610479831695557,0.6954596042633057,0.1735326647758484
YLR208W,YCL008C,1,-4.7178345,0.28642988204956055,0.6965669989585876,0.1735326647758484
YNL221C,YDR059C,0,-4.7184443,0.2862994968891144,0.6965669989585876,0.17364341020584106
YOR057W,YLR045C,0,-4.718447,0.28616923093795776,0.6965669989585876,0.17375415563583374
YPR005C,YMR234W,0,-4.7186,0.2860391139984131,0.6965669989585876,0.17386490106582642
YDR054C,YOL038W,1,-4.7190747,0.2863636314868927,0.6976743936538696,0.17386490106582642
YAL016W,YJR049C,0,-4.7192564,0.2862335443496704,0.6976743936538696,0.1739756315946579
YLR330W,YLR424W,0,-4.7194705,0.2861035466194153,0.6976743936538696,0.17408637702465057
YKL139W,YPR189W,0,-4.721208,0.2859736680984497,0.6976743936538696,0.17419712245464325
YPL167C,YIL016W,0,-4.721324,0.2858439087867737,0.6976743936538696,0.17430786788463593
YDR122W,YOL006C,0,-4.7230697,0.2857142984867096,0.6976743936538696,0.1744185984134674
YIR041W,YDL159W,0,-4.7232447,0.28558477759361267,0.6976743936538696,0.17452934384346008
YNL286W,YAR002W,0,-4.7255273,0.2854553759098053,0.6976743936538696,0.17464008927345276
YPR182W,YNL241C,0,-4.7261386,0.2853260934352875,0.6976743936538696,0.17475083470344543
YJL013C,YNL012W,0,-4.726286,0.2851969301700592,0.6976743936538696,0.17486156523227692
YIR019C,YDR393W,0,-4.726853,0.2850678861141205,0.6976743936538696,0.1749723106622696
YNL059C,YNL246W,0,-4.7271895,0.2849389314651489,0.6976743936538696,0.17508305609226227
YNL232W,YGR113W,0,-4.727519,0.2848101258277893,0.6976743936538696,0.17519380152225494
YLR028C,YLR181C,0,-4.72819,0.28468143939971924,0.6976743936538696,0.17530454695224762
YPL055C,YKL075C,0,-4.7282057,0.28455284237861633,0.6976743936538696,0.1754152774810791
YPL237W,YHR012W,0,-4.7284245,0.284424364566803,0.6976743936538696,0.17552602291107178
YNL230C,YPL096W,1,-4.7292657,0.28474730253219604,0.6987818479537964,0.17552602291107178
YLR246W,YJR068W,0,-4.729614,0.2846188545227051,0.6987818479537964,0.17563676834106445
YKL002W,YEL037C,1,-4.7298465,0.2849413752555847,0.6998892426490784,0.17563676834106445
YDR054C,YEL037C,1,-4.730492,0.28526362776756287,0.7009966969490051,0.17563676834106445
YDR284C,YPL096C-A,0,-4.73064,0.2851351499557495,0.7009966969490051,0.17574751377105713
YDR393W,YEL031W,0,-4.7311645,0.2850067615509033,0.7009966969490051,0.1758582442998886
YBL084C,YLR208W,1,-4.7318797,0.28532853722572327,0.7021040916442871,0.1758582442998886
YHL031C,YKL134C,0,-4.7337785,0.28520017862319946,0.7021040916442871,0.1759689897298813
YPL214C,YIL173W,0,-4.734407,0.2850719392299652,0.7021040916442871,0.17607973515987396
YMR142C,YOL072W,0,-4.734667,0.2849438190460205,0.7021040916442871,0.17619048058986664
YNL001W,YOR057W,0,-4.734811,0.28481581807136536,0.7021040916442871,0.17630121111869812
YOR120W,YLR039C,0,-4.735809,0.28468790650367737,0.7021040916442871,0.1764119565486908
YDR423C,YPL174C,0,-4.735899,0.2845601439476013,0.7021040916442871,0.17652270197868347
YFR019W,YNL167C,0,-4.73611,0.28443247079849243,0.7021040916442871,0.17663344740867615
YOR039W,YIL048W,0,-4.7361274,0.2843049466609955,0.7021040916442871,0.17674419283866882
YFR036W,YCL008C,1,-4.7362375,0.28462573885917664,0.7032115459442139,0.17674419283866882
YPR185W,YLR433C,0,-4.737598,0.2844982147216797,0.7032115459442139,0.1768549233675003
YHR001W,YAL055W,0,-4.7396555,0.2843708097934723,0.7032115459442139,0.17696566879749298
YKL004W,YGR086C,0,-4.7397876,0.28424352407455444,0.7032115459442139,0.17707641422748566
YFR019W,YGL104C,0,-4.740565,0.28411632776260376,0.7032115459442139,0.17718715965747833
YMR012W,YLR163C,0,-4.74062,0.283989280462265,0.7032115459442139,0.17729789018630981
YOL130W,YER142C,0,-4.742334,0.28386232256889343,0.7032115459442139,0.1774086356163025
YOR034C,YDL226C,0,-4.742435,0.2837354838848114,0.7032115459442139,0.17751938104629517
YLR303W,YCR055C,0,-4.742839,0.2836087644100189,0.7032115459442139,0.17763012647628784
YKL002W,YFR050C,1,-4.7429423,0.2839285731315613,0.7043189406394958,0.17763012647628784
YDR481C,YDR030C,0,-4.7437367,0.2838018834590912,0.7043189406394958,0.17774085700511932
YDR054C,YKL054C,1,-4.7441053,0.2841213345527649,0.7054263353347778,0.17774085700511932
YJL024C,YOR036W,0,-4.745374,0.2839946448802948,0.7054263353347778,0.177851602435112
YFR036W,YEL037C,1,-4.745549,0.28431373834609985,0.7065337896347046,0.177851602435112
YGL094C,YDR515W,0,-4.745793,0.28418707847595215,0.7065337896347046,0.17796234786510468
YNL129W,YLR362W,0,-4.745954,0.284060537815094,0.7065337896347046,0.17807309329509735
YDR194C,YHR152W,0,-4.7460113,0.2839341461658478,0.7065337896347046,0.17818383872509003
YDR174W,YOR270C,0,-4.7462287,0.2838078439235687,0.7065337896347046,0.1782945692539215
YPR037C,YGR159C,0,-4.747786,0.28368163108825684,0.7065337896347046,0.17840531468391418
YPR057W,YJL014W,0,-4.7478514,0.2835555672645569,0.7065337896347046,0.17851606011390686
YLR189C,YNL167C,0,-4.7479777,0.2834295928478241,0.7065337896347046,0.17862680554389954
YGL257C,YNL073W,0,-4.748464,0.28330373764038086,0.7065337896347046,0.17873753607273102
YFL009W,YFR052W,1,-4.749928,0.2836218476295471,0.7076411843299866,0.17873753607273102
YLR170C,YLR080W,0,-4.7504554,0.2834959924221039,0.7076411843299866,0.1788482815027237
YLR433C,YNL257C,0,-4.751901,0.2833702862262726,0.7076411843299866,0.17895902693271637
YER183C,YLL031C,0,-4.752009,0.28324466943740845,0.7076411843299866,0.17906977236270905
YJL115W,YNR058W,0,-4.7524624,0.28311917185783386,0.7076411843299866,0.17918050289154053
YAL058W,YIL017C,1,-4.7534947,0.28343665599823,0.7087486386299133,0.17918050289154053
YPR005C,YPL204W,0,-4.7547193,0.2833111882209778,0.7087486386299133,0.1792912483215332
YKL208W,YOL045W,0,-4.75494,0.28318583965301514,0.7087486386299133,0.17940199375152588
YNL135C,YNL292W,0,-4.7561135,0.28306058049201965,0.7087486386299133,0.17951273918151855
YJL013C,YPR165W,0,-4.756267,0.2829354405403137,0.7087486386299133,0.17962348461151123
YBL093C,YOR076C,0,-4.7568603,0.28281041979789734,0.7087486386299133,0.1797342151403427
YKR082W,YBR022W,0,-4.75716,0.2826855182647705,0.7087486386299133,0.1798449605703354
YML078W,YPR133C,0,-4.757199,0.28256070613861084,0.7087486386299133,0.17995570600032806
YOL082W,YKL004W,0,-4.757367,0.2824360132217407,0.7087486386299133,0.18006645143032074
YOL011W,YIL056W,0,-4.7595005,0.28231143951416016,0.7087486386299133,0.18017718195915222
YBL103C,YHR050W,0,-4.7598968,0.28218695521354675,0.7087486386299133,0.1802879273891449
YOR058C,YGL181W,0,-4.7600656,0.2820625901222229,0.7087486386299133,0.18039867281913757
YOR081C,YHR060W,0,-4.761062,0.2819383144378662,0.7087486386299133,0.18050941824913025
YOR117W,YBR082C,1,-4.761184,0.28225451707839966,0.7098560333251953,0.18050941824913025
YKL046C,YJR042W,0,-4.7628317,0.28213027119636536,0.7098560333251953,0.18062014877796173
YNL001W,YCR020C-A,0,-4.762849,0.2820061445236206,0.7098560333251953,0.1807308942079544
YHR001W,YPR133C,0,-4.76318,0.2818821370601654,0.7098560333251953,0.18084163963794708
YLR394W,YNL294C,0,-4.764483,0.28175824880599976,0.7098560333251953,0.18095238506793976
YGR225W,YOR279C,0,-4.764861,0.28163444995880127,0.7098560333251953,0.18106311559677124
YNL159C,YDR069C,1,-4.76514,0.2819499373435974,0.7109634280204773,0.18106311559677124
YCL025C,YCR020W-B,0,-4.7657022,0.2818261682987213,0.7109634280204773,0.18117386102676392
YKL004W,YML062C,0,-4.7665734,0.2817024886608124,0.7109634280204773,0.1812846064567566
YOR074C,YEL053C,0,-4.7683873,0.2815789580345154,0.7109634280204773,0.18139535188674927
YNR035C,YER061C,0,-4.768504,0.28145551681518555,0.7109634280204773,0.18150609731674194
YJL210W,YDL030W,0,-4.768885,0.2813321650028229,0.7109634280204773,0.18161682784557343
YLR433C,YMR208W,0,-4.769735,0.28120893239974976,0.7109634280204773,0.1817275732755661
YBR278W,YLR034C,0,-4.7706666,0.2810858190059662,0.7109634280204773,0.18183831870555878
YDR030C,YER018C,0,-4.771732,0.2809627950191498,0.7109634280204773,0.18194906413555145
YDR443C,YDR120C,0,-4.771809,0.2808398902416229,0.7109634280204773,0.18205979466438293
YFL025C,YMR314W,1,-4.7734756,0.2811543643474579,0.712070882320404,0.18205979466438293
YDR099W,YBL046W,0,-4.7748275,0.28103145956993103,0.712070882320404,0.1821705400943756
YPL244C,YLR347C,0,-4.7748966,0.2809087038040161,0.712070882320404,0.1822812855243683
YKL049C,YOL028C,0,-4.7762446,0.28078603744506836,0.712070882320404,0.18239203095436096
YCL016C,YCR026C,0,-4.7764387,0.28066346049308777,0.712070882320404,0.18250276148319244
YNL271C,YNL099C,0,-4.7768073,0.28054100275039673,0.712070882320404,0.18261350691318512
YDL164C,YAL015C,0,-4.7783203,0.28041866421699524,0.712070882320404,0.1827242523431778
YLR284C,YMR016C,0,-4.778445,0.2802964150905609,0.712070882320404,0.18283499777317047
YDL164C,YPR005C,0,-4.778857,0.28017428517341614,0.712070882320404,0.18294574320316315
YDR513W,YOR267C,0,-4.779233,0.2800522744655609,0.712070882320404,0.18305647373199463
YDR236C,YOR003W,0,-4.779382,0.27993035316467285,0.712070882320404,0.1831672191619873
YNL009W,YAL001C,0,-4.7796082,0.27980852127075195,0.712070882320404,0.18327796459197998
YPL178W,YKR059W,0,-4.7804775,0.2796868085861206,0.712070882320404,0.18338871002197266
YIL114C,YGL095C,0,-4.7809434,0.2795652151107788,0.712070882320404,0.18349944055080414
YOR027W,YOR089C,0,-4.781274,0.2794437110424042,0.712070882320404,0.18361018598079681
YOL033W,YPL012W,0,-4.78163,0.2793223261833191,0.712070882320404,0.1837209314107895
YKL139W,YMR137C,0,-4.7823524,0.27920103073120117,0.712070882320404,0.18383167684078217
YHL003C,YLR026C,0,-4.7830763,0.2790798544883728,0.712070882320404,0.18394240736961365
YCL024W,YKR053C,0,-4.7833223,0.278958797454834,0.712070882320404,0.18405315279960632
YPL210C,YGR099W,0,-4.78392,0.27883780002593994,0.712070882320404,0.184163898229599
YNR026C,YIL017C,1,-4.7851357,0.27915042638778687,0.713178277015686,0.184163898229599
YDR254W,YDR296W,0,-4.7858396,0.2790294587612152,0.713178277015686,0.18427464365959167
YER119C,YLR394W,0,-4.7861753,0.2789086103439331,0.713178277015686,0.18438538908958435
YLR034C,YOR083W,0,-4.786754,0.27878788113594055,0.713178277015686,0.18449611961841583
YMR314W,YDR306C,1,-4.7871947,0.2790999710559845,0.7142857313156128,0.18449611961841583
YML065W,YPR165W,0,-4.7891145,0.27897924184799194,0.7142857313156128,0.1846068650484085
YDL197C,YNL012W,0,-4.789452,0.27885863184928894,0.7142857313156128,0.18471761047840118
YDL100C,YNL279W,0,-4.7895966,0.2787381112575531,0.7142857313156128,0.18482835590839386
YJR082C,YKL057C,0,-4.7897034,0.2786177098751068,0.7142857313156128,0.18493908643722534
YPL012W,YCR060W,0,-4.7900724,0.2784973978996277,0.7142857313156128,0.18504983186721802
YGR009C,YER018C,0,-4.7909408,0.2783772051334381,0.7142857313156128,0.1851605772972107
YJR001W,YML060W,0,-4.7909527,0.2782571315765381,0.7142857313156128,0.18527132272720337
YDL028C,YPR018W,0,-4.791177,0.27813711762428284,0.7142857313156128,0.18538205325603485
YHR152W,YML085C,0,-4.7916646,0.2780172526836395,0.7142857313156128,0.18549279868602753
YOR150W,YLL011W,0,-4.791927,0.277897447347641,0.7142857313156128,0.1856035441160202
YDR054C,YIL017C,1,-4.7920427,0.2782084345817566,0.7153931260108948,0.1856035441160202
YEL053C,YKL113C,0,-4.7925467,0.27808868885040283,0.7153931260108948,0.18571428954601288
YMR172W,YDL093W,0,-4.7928033,0.27796903252601624,0.7153931260108948,0.18582503497600555
YDL093W,YLR425W,0,-4.793119,0.2778494656085968,0.7153931260108948,0.18593576550483704
YGR220C,YGL226C-A,0,-4.7943983,0.2777300179004669,0.7153931260108948,0.1860465109348297
YLR189C,YDR099W,0,-4.7962527,0.2776106595993042,0.7153931260108948,0.1861572563648224
YPR057W,YOL028C,0,-4.7967687,0.27749142050743103,0.7153931260108948,0.18626800179481506
YBR159W,YBL102W,0,-4.796807,0.277372270822525,0.7153931260108948,0.18637873232364655
YAL016W,YIL056W,0,-4.7968135,0.2772532105445862,0.7153931260108948,0.18648947775363922
YDR182W,YOR332W,0,-4.7971582,0.2771342694759369,0.7153931260108948,0.1866002231836319
YFL009W,YOL038W,1,-4.798326,0.2774442434310913,0.7165005803108215,0.1866002231836319
YKL022C,YNR026C,1,-4.7996907,0.2777539789676666,0.7176079750061035,0.1866002231836319
YLR098C,YPL015C,0,-4.8010297,0.27763494849205017,0.7176079750061035,0.18671096861362457
YFL013C,YDR076W,0,-4.8029027,0.27751606702804565,0.7176079750061035,0.18682169914245605
YGL047W,YBR023C,0,-4.803776,0.2773972749710083,0.7176079750061035,0.18693244457244873
YOR058C,YDL164C,0,-4.804388,0.2772785723209381,0.7176079750061035,0.1870431900024414
YJR125C,YBR237W,0,-4.804451,0.2771599590778351,0.7176079750061035,0.18715393543243408
YLR429W,YPL210C,0,-4.804567,0.2770414650440216,0.7176079750061035,0.18726466596126556
YNR026C,YDR057W,1,-4.8060384,0.27735042572021484,0.7187153697013855,0.18726466596126556
YML104C,YMR305C,0,-4.806708,0.27723196148872375,0.7187153697013855,0.18737541139125824
YMR208W,YKR082W,0,-4.8074594,0.27711358666419983,0.7187153697013855,0.18748615682125092
YHR091C,YPR032W,0,-4.807875,0.27699530124664307,0.7187153697013855,0.1875969022512436
YJL005W,YLR034C,0,-4.8083725,0.27687713503837585,0.7187153697013855,0.18770764768123627
YER017C,YPL022W,0,-4.8084407,0.2767590582370758,0.7187153697013855,0.18781837821006775
YBR288C,YPL045W,0,-4.809249,0.2766411006450653,0.7187153697013855,0.18792912364006042
YOL026C,YNL049C,0,-4.8096194,0.276523232460022,0.7187153697013855,0.1880398690700531
YPL061W,YMR208W,0,-4.810289,0.2764054536819458,0.7187153697013855,0.18815061450004578
YLR433C,YPL190C,0,-4.8102946,0.2762877941131592,0.7187153697013855,0.18826134502887726
YKL002W,YKL213C,1,-4.8108325,0.27659574151039124,0.7198228240013123,0.18826134502887726
YCR071C,YHR001W,0,-4.81189,0.2764780819416046,0.7198228240013123,0.18837209045886993
YMR208W,YML127W,0,-4.8126864,0.27636054158210754,0.7198228240013123,0.1884828358888626
YMR162C,YDR011W,0,-4.8131995,0.27624309062957764,0.7198228240013123,0.18859358131885529
YGR003W,YIL007C,1,-4.8136125,0.2765505611896515,0.7209302186965942,0.18859358131885529
YGR159C,YDR515W,0,-4.8139586,0.2764331102371216,0.7209302186965942,0.18870431184768677
YML062C,YGL094C,0,-4.814715,0.2763157784938812,0.7209302186965942,0.18881505727767944
YDR194C,YOL127W,0,-4.815037,0.2761985659599304,0.7209302186965942,0.18892580270767212
YKL149C,YNR039C,0,-4.815747,0.2760814130306244,0.7209302186965942,0.1890365481376648
YOL130W,YLR455W,0,-4.8161073,0.2759643793106079,0.7209302186965942,0.18914729356765747
YKR082W,YNL261W,0,-4.817379,0.275847464799881,0.7209302186965942,0.18925802409648895
YDR529C,YOR279C,0,-4.8180737,0.27573060989379883,0.7209302186965942,0.18936876952648163
YCR020C-A,YHR001W-A,0,-4.818754,0.2756138741970062,0.7209302186965942,0.1894795149564743
YLR384C,YDR429C,0,-4.8189344,0.2754972577095032,0.7209302186965942,0.18959026038646698
YKL149C,YPL045W,0,-4.8191953,0.2753807008266449,0.7209302186965942,0.18970099091529846
YFR033C,YNL246W,0,-4.8195767,0.27526426315307617,0.7209302186965942,0.18981173634529114
YPR007C,YOR083W,0,-4.822589,0.2751479148864746,0.7209302186965942,0.1899224817752838
YGR188C,YNL339C,0,-4.8229117,0.2750316858291626,0.7209302186965942,0.1900332272052765
YAR002C-A,YIL026C,0,-4.8237967,0.27491554617881775,0.7209302186965942,0.19014395773410797
YOL051W,YMR285C,0,-4.8238263,0.27479949593544006,0.7209302186965942,0.19025470316410065
YMR247C,YLR048W,0,-4.824039,0.27468353509902954,0.7209302186965942,0.19036544859409332
YLR163C,YNR023W,0,-4.826754,0.27456769347190857,0.7209302186965942,0.190476194024086
YOR058C,YCL024W,0,-4.826801,0.27445194125175476,0.7209302186965942,0.19058693945407867
YML104C,YAL055W,0,-4.8272123,0.2743362784385681,0.7209302186965942,0.19069766998291016
YML081C-A,YPL178W,0,-4.827642,0.274220734834671,0.7209302186965942,0.19080841541290283
YBL099W,YBR118W,0,-4.8279085,0.2741052508354187,0.7209302186965942,0.1909191608428955
YPR179C,YNL292W,0,-4.828832,0.27398988604545593,0.7209302186965942,0.19102990627288818
YNL261W,YNL279W,0,-4.8301063,0.2738746404647827,0.7209302186965942,0.19114063680171967
YDL013W,YDL044C,0,-4.830227,0.2737594544887543,0.7209302186965942,0.19125138223171234
YGL174W,YML055W,0,-4.8304787,0.2736443877220154,0.7209302186965942,0.19136212766170502
YDR254W,YDR071C,0,-4.830606,0.27352941036224365,0.7209302186965942,0.1914728730916977
YBR201W,YKL002W,1,-4.8307443,0.2738345265388489,0.722037672996521,0.1914728730916977
YBL097W,YJL080C,0,-4.831033,0.27371954917907715,0.722037672996521,0.19158360362052917
YIL062C,YLR424W,0,-4.8311524,0.27360469102859497,0.722037672996521,0.19169434905052185
YGR231C,YPL234C,0,-4.83242,0.27348992228507996,0.722037672996521,0.19180509448051453
YKR001C,YLR130C,0,-4.832612,0.2733752727508545,0.722037672996521,0.1919158399105072
YJL012C,YDL235C,0,-4.832709,0.2732606828212738,0.722037672996521,0.19202658534049988
YDL118W,YGL039W,0,-4.832896,0.27314621210098267,0.722037672996521,0.19213731586933136
YCR075C,YDR283C,0,-4.833139,0.2730318307876587,0.722037672996521,0.19224806129932404
YBR127C,YHR012W,0,-4.8364534,0.2729175388813019,0.722037672996521,0.1923588067293167
YCR038C,YJL025W,0,-4.8368883,0.27280333638191223,0.722037672996521,0.1924695521593094
YOL033W,YHR031C,0,-4.836972,0.27268925309181213,0.722037672996521,0.19258028268814087
YCR075C,YKL113C,0,-4.8381157,0.2725752592086792,0.722037672996521,0.19269102811813354
YAL058W,YDR069C,1,-4.8383517,0.2728792428970337,0.723145067691803,0.19269102811813354
YJL115W,YJL013C,0,-4.8385744,0.27276524901390076,0.723145067691803,0.19280177354812622
YGL183C,YHR091C,0,-4.8404503,0.272651344537735,0.723145067691803,0.1929125189781189
YBR207W,YMR172W,0,-4.8410687,0.27253755927085876,0.723145067691803,0.19302324950695038
YOR216C,YGR099W,0,-4.8412642,0.2724238634109497,0.723145067691803,0.19313399493694305
YPL210C,YKR053C,0,-4.8415866,0.2723102569580078,0.723145067691803,0.19324474036693573
YOR023C,YDR182W,0,-4.842094,0.2721967399120331,0.723145067691803,0.1933554857969284
YBL085W,YFL004W,0,-4.842569,0.2720833420753479,0.723145067691803,0.1934662163257599
YDR423C,YDR393W,0,-4.8430533,0.2719700038433075,0.723145067691803,0.19357696175575256
YOR244W,YDR473C,0,-4.844267,0.27185678482055664,0.723145067691803,0.19368770718574524
YKL022C,YEL012W,1,-4.845285,0.2721598148345947,0.724252462387085,0.19368770718574524
YNL286W,YEL056W,0,-4.8457117,0.27204659581184387,0.724252462387085,0.19379845261573792
YPR185W,YKR082W,0,-4.845717,0.2719334661960602,0.724252462387085,0.1939091980457306
YJL024C,YDR198C,0,-4.845886,0.27182045578956604,0.724252462387085,0.19401992857456207
YHR070W,YOL109W,0,-4.846633,0.2717075049877167,0.724252462387085,0.19413067400455475
YBR161W,YNR048W,0,-4.847537,0.27159467339515686,0.724252462387085,0.19424141943454742
YJL115W,YMR313C,0,-4.848152,0.2714819312095642,0.724252462387085,0.1943521648645401
YPL121C,YDL028C,0,-4.8484488,0.2713693082332611,0.724252462387085,0.19446289539337158
YNL009W,YPL233W,0,-4.84888,0.2712567448616028,0.724252462387085,0.19457364082336426
YGR256W,YGR057C,0,-4.8492055,0.2711442708969116,0.724252462387085,0.19468438625335693
YNL207W,YOL109W,0,-4.850059,0.27103191614151,0.724252462387085,0.1947951316833496
YPR005C,YGL201C,0,-4.851214,0.2709196209907532,0.724252462387085,0.1949058622121811
YBR131W,YEL018W,0,-4.8520293,0.2708074450492859,0.724252462387085,0.19501660764217377
YMR047C,YKL108W,0,-4.852257,0.27069535851478577,0.724252462387085,0.19512735307216644
YMR162C,YHR152W,0,-4.853787,0.2705833613872528,0.724252462387085,0.19523809850215912
YCL043C,YOR110W,0,-4.855649,0.270471453666687,0.724252462387085,0.1953488439321518
YGL174W,YDL024C,0,-4.8567286,0.27035966515541077,0.724252462387085,0.19545957446098328
YOR279C,YEL031W,0,-4.8567524,0.2702479362487793,0.724252462387085,0.19557031989097595
YNR027W,YCR033W,0,-4.8567967,0.270136296749115,0.724252462387085,0.19568106532096863
YJL128C,YDR079C-A,0,-4.8576403,0.27002477645874023,0.724252462387085,0.1957918107509613
YKL002W,YOL038W,1,-4.86045,0.27032604813575745,0.7253599166870117,0.1957918107509613
YMR213W,YGL181W,0,-4.861449,0.2702145278453827,0.7253599166870117,0.19590254127979279
YKL188C,YHR031C,0,-4.862251,0.2701030969619751,0.7253599166870117,0.19601328670978546
YHL002W,YJR135C,0,-4.8652186,0.26999175548553467,0.7253599166870117,0.19612403213977814
YLL035W,YHR026W,0,-4.8668914,0.2698805034160614,0.7253599166870117,0.1962347775697708
YDR099W,YFR019W,0,-4.867129,0.2697693705558777,0.7253599166870117,0.1963455080986023
YDR324C,YBR127C,0,-4.867615,0.26965829730033875,0.7253599166870117,0.19645625352859497
YPL190C,YKL099C,0,-4.8697386,0.26954731345176697,0.7253599166870117,0.19656699895858765
YFL024C,YPR107C,0,-4.870191,0.26943644881248474,0.7253599166870117,0.19667774438858032
YNL023C,YCR027C,0,-4.871287,0.2693256437778473,0.7253599166870117,0.196788489818573
YOL149W,YOR359W,0,-4.872007,0.2692149579524994,0.7253599166870117,0.19689922034740448
YDL200C,YER013W,0,-4.8724074,0.26910436153411865,0.7253599166870117,0.19700996577739716
YKL126W,YGL210W,0,-4.8725634,0.2689938545227051,0.7253599166870117,0.19712071120738983
YNL201C,YNL167C,0,-4.8745975,0.2688834071159363,0.7253599166870117,0.1972314566373825
YMR162C,YNL135C,0,-4.8751235,0.26877307891845703,0.7253599166870117,0.197342187166214
YML095C,YGR104C,0,-4.875545,0.26866284012794495,0.7253599166870117,0.19745293259620667
YOR103C,YBR127C,0,-4.8766103,0.2685526907444,0.7253599166870117,0.19756367802619934
YDR054C,YNR026C,1,-4.877544,0.26885247230529785,0.7264673113822937,0.19756367802619934
YIL140W,YMR186W,0,-4.8785625,0.26874232292175293,0.7264673113822937,0.19767442345619202
YAL012W,YGL168W,0,-4.8794665,0.26863226294517517,0.7264673113822937,0.1977851539850235
YDR292C,YLR447C,0,-4.880299,0.26852232217788696,0.7264673113822937,0.19789589941501617
YOL135C,YPL097W,0,-4.8804383,0.26841244101524353,0.7264673113822937,0.19800664484500885
YOR079C,YFR037C,0,-4.880709,0.26830264925956726,0.7264673113822937,0.19811739027500153
YKL179C,YAR008W,0,-4.8807297,0.26819297671318054,0.7264673113822937,0.1982281357049942
YPL022W,YMR087W,0,-4.8812633,0.2680833637714386,0.7264673113822937,0.19833886623382568
YIL095W,YGR186W,0,-4.881331,0.2679738700389862,0.7264673113822937,0.19844961166381836
YEL009C,YPL059W,0,-4.8813725,0.2678644359111786,0.7264673113822937,0.19856035709381104
YCL016C,YMR172W,0,-4.881568,0.26775509119033813,0.7264673113822937,0.1986711025238037
YNL041C,YPL045W,0,-4.882112,0.26764586567878723,0.7264673113822937,0.1987818330526352
YCR014C,YLR360W,0,-4.883319,0.2675366997718811,0.7264673113822937,0.19889257848262787
YLR206W,YDR283C,0,-4.8838916,0.2674276530742645,0.7264673113822937,0.19900332391262054
YEL009C,YDR245W,0,-4.88401,0.2673186659812927,0.7264673113822937,0.19911406934261322
YDL099W,YJL012C,0,-4.8865523,0.2672097682952881,0.7264673113822937,0.1992247998714447
YIL033C,YOR381W,0,-4.8869085,0.267100989818573,0.7264673113822937,0.19933554530143738
YDR388W,YOR140W,0,-4.8880315,0.2669922709465027,0.7264673113822937,0.19944629073143005
YKL002W,YMR067C,1,-4.888283,0.26729047298431396,0.7275747656822205,0.19944629073143005
YOR267C,YBL093C,0,-4.8886247,0.26718178391456604,0.7275747656822205,0.19955703616142273
YMR199W,YER154W,0,-4.8902183,0.2670731842517853,0.7275747656822205,0.1996677666902542
YLR425W,YJR103W,0,-4.890832,0.2669646441936493,0.7275747656822205,0.1997785121202469
YKL188C,YPL218W,0,-4.891133,0.26685622334480286,0.7275747656822205,0.19988925755023956
YAL058W,YHR200W,1,-4.8911395,0.26715388894081116,0.7286821603775024,0.19988925755023956
YBL097W,YML104C,0,-4.891209,0.2670454680919647,0.7286821603775024,0.20000000298023224
YMR162C,YDR513W,0,-4.8915,0.26693710684776306,0.7286821603775024,0.20011074841022491
YOL080C,YJR068W,0,-4.892973,0.26682886481285095,0.7286821603775024,0.2002214789390564
YPL121C,YBR024W,0,-4.893206,0.266720712184906,0.7286821603775024,0.20033222436904907
YEL031W,YGR099W,0,-4.893373,0.2666126489639282,0.7286821603775024,0.20044296979904175
YLR163C,YDR443C,0,-4.8940377,0.2665046453475952,0.7286821603775024,0.20055371522903442
YFR036W,YBR082C,1,-4.8941274,0.2668016254901886,0.7297896146774292,0.20055371522903442
YGR257C,YAL016W,0,-4.8942966,0.266693651676178,0.7297896146774292,0.2006644457578659
YPL153C,YJL156C,0,-4.8947425,0.2665857672691345,0.7297896146774292,0.20077519118785858
YBR243C,YJL014W,0,-4.8964915,0.2664779722690582,0.7297896146774292,0.20088593661785126
YNR035C,YML034W,0,-4.896631,0.2663702368736267,0.7297896146774292,0.20099668204784393
YKR038C,YJL204C,0,-4.899449,0.26626262068748474,0.7297896146774292,0.20110741257667542
YFR052W,YDR306C,1,-4.8995085,0.266558974981308,0.7308970093727112,0.20110741257667542
YBR161W,YDR404C,0,-4.8996816,0.266451358795166,0.7308970093727112,0.2012181580066681
YFL022C,YDL235C,0,-4.901194,0.2663438320159912,0.7308970093727112,0.20132890343666077
YKL049C,YCL044C,0,-4.9017596,0.26623639464378357,0.7308970093727112,0.20143964886665344
YMR128W,YPR155C,0,-4.9022517,0.2661290466785431,0.7308970093727112,0.20155039429664612
YJR001W,YDR198C,0,-4.9025435,0.2660217583179474,0.7308970093727112,0.2016611248254776
YPR183W,YOR057W,0,-4.9027247,0.26591458916664124,0.7308970093727112,0.20177187025547028
YOL072W,YHR070W,0,-4.9028373,0.26580747961997986,0.7308970093727112,0.20188261568546295
YLR048W,YNL241C,0,-4.9029217,0.26570048928260803,0.7308970093727112,0.20199336111545563
YLL035W,YKL196C,0,-4.9033723,0.265593558549881,0.7308970093727112,0.2021040916442871
YKL108W,YLR386W,0,-4.904238,0.2654867172241211,0.7308970093727112,0.20221483707427979
YGL084C,YDR378C,0,-4.904283,0.26537996530532837,0.7308970093727112,0.20232558250427246
YHR098C,YOL006C,0,-4.904591,0.2652733027935028,0.7308970093727112,0.20243632793426514
YER107C,YOR270C,0,-4.905071,0.2651667296886444,0.7308970093727112,0.20254705846309662
YBL084C,YBR082C,1,-4.9053693,0.26546186208724976,0.7320044040679932,0.20254705846309662
YJL214W,YML095C,0,-4.905412,0.26535528898239136,0.7320044040679932,0.2026578038930893
YOR112W,YHR165C,0,-4.905465,0.2652488052845001,0.7320044040679932,0.20276854932308197
YOR036W,YGR099W,0,-4.9057107,0.26514241099357605,0.7320044040679932,0.20287929475307465
YCR033W,YNL253W,0,-4.906018,0.26503607630729675,0.7320044040679932,0.20299004018306732
YPR144C,YER019C-A,0,-4.9068666,0.264929860830307,0.7320044040679932,0.2031007707118988
YNL177C,YGL210W,0,-4.907329,0.26482370495796204,0.7320044040679932,0.20321151614189148
YDR296W,YIL008W,0,-4.9073315,0.2647176682949066,0.7320044040679932,0.20332226157188416
YNR027W,YIR017C,0,-4.907997,0.26461169123649597,0.7320044040679932,0.20343300700187683
YGR003W,YKL041W,1,-4.908419,0.2649059593677521,0.7331118583679199,0.20343300700187683
YKL074C,YMR313C,0,-4.9086533,0.2648000121116638,0.7331118583679199,0.2035437375307083
YDR388W,YKR059W,0,-4.909034,0.26469412446022034,0.7331118583679199,0.203654482960701
YPR185W,YLR052W,0,-4.910146,0.264588326215744,0.7331118583679199,0.20376522839069366
YLR429W,YPR032W,0,-4.910698,0.26448261737823486,0.7331118583679199,0.20387597382068634
YPR185W,YIL037C,0,-4.9113536,0.26437699794769287,0.7331118583679199,0.20398670434951782
YBR278W,YOR103C,0,-4.9114194,0.26427146792411804,0.7331118583679199,0.2040974497795105
YNL055C,YLR039C,0,-4.911484,0.264165997505188,0.7331118583679199,0.20420819520950317
YKL054C,YCL008C,1,-4.911801,0.2644595205783844,0.7342192530632019,0.20420819520950317
YIL095W,YDR388W,0,-4.911824,0.26435407996177673,0.7342192530632019,0.20431894063949585
YEL037C,YLR025W,1,-4.912193,0.2646472752094269,0.7353267073631287,0.20431894063949585
YMR234W,YLR383W,0,-4.9124904,0.2645418345928192,0.7353267073631287,0.20442968606948853
YLR078C,YJL106W,0,-4.9135184,0.2644364833831787,0.7353267073631287,0.20454041659832
YML055W,YDR362C,0,-4.91618,0.26433122158050537,0.7353267073631287,0.20465116202831268
YIR009W,YOL042W,0,-4.916352,0.2642260193824768,0.7353267073631287,0.20476190745830536
YBL097W,YPL268W,0,-4.9168105,0.2641209363937378,0.7353267073631287,0.20487265288829803
YMR208W,YBL050W,0,-4.9169955,0.26401591300964355,0.7353267073631287,0.20498338341712952
YDL100C,YMR247C,0,-4.918034,0.2639109790325165,0.7353267073631287,0.2050941288471222
YLR361C,YIL114C,0,-4.9187536,0.2638061046600342,0.7353267073631287,0.20520487427711487
YKL149C,YGR002C,0,-4.91922,0.26370134949684143,0.7353267073631287,0.20531561970710754
YKR066C,YOR087W,0,-4.9193163,0.26359665393829346,0.7353267073631287,0.20542635023593903
YBL084C,YEL037C,1,-4.9194293,0.2638888955116272,0.7364341020584106,0.20542635023593903
YBR102C,YML034W,0,-4.91958,0.2637841999530792,0.7364341020584106,0.2055370956659317
YDR016C,YKR053C,0,-4.9203453,0.2636796236038208,0.7364341020584106,0.20564784109592438
YIR019C,YDR311W,0,-4.920599,0.26357510685920715,0.7364341020584106,0.20575858652591705
YNL221C,YGR212W,0,-4.921702,0.26347067952156067,0.7364341020584106,0.20586931705474854
YER154W,YOL097C,0,-4.9217873,0.26336634159088135,0.7364341020584106,0.2059800624847412
YGL090W,YLR425W,0,-4.9219923,0.2632620632648468,0.7364341020584106,0.2060908079147339
YDR369C,YLR272C,0,-4.922159,0.2631579041481018,0.7364341020584106,0.20620155334472656
YDR182W,YOR109W,0,-4.922322,0.2630538046360016,0.7364341020584106,0.20631229877471924
YDR296W,YNL169C,0,-4.923237,0.26294979453086853,0.7364341020584106,0.20642302930355072
YCR107W,YPL167C,0,-4.9234834,0.26284584403038025,0.7364341020584106,0.2065337747335434
YPL204W,YBR272C,0,-4.923629,0.2627420127391815,0.7364341020584106,0.20664452016353607
YBR274W,YJL013C,0,-4.923988,0.26263824105262756,0.7364341020584106,0.20675526559352875
YNR010W,YJL072C,0,-4.9240623,0.26253455877304077,0.7364341020584106,0.20686599612236023
YNL094W,YMR129W,0,-4.924379,0.26243093609809875,0.7364341020584106,0.2069767415523529
YCR020C-A,YKR059W,0,-4.9244857,0.2623274028301239,0.7364341020584106,0.20708748698234558
YMR129W,YGL070C,0,-4.925202,0.2622239887714386,0.7364341020584106,0.20719823241233826
YJR145C,YML085C,0,-4.9252024,0.2621206045150757,0.7364341020584106,0.20730896294116974
YGR057C,YGR033C,0,-4.9263268,0.2620173394680023,0.7364341020584106,0.20741970837116241
YIL002C,YML061C,0,-4.926377,0.26191413402557373,0.7364341020584106,0.2075304538011551
YER032W,YDR437W,0,-4.926705,0.2618110179901123,0.7364341020584106,0.20764119923114777
YPL178W,YJL128C,0,-4.9268713,0.26170799136161804,0.7364341020584106,0.20775194466114044
YLR459W,YML061C,0,-4.927152,0.26160502433776855,0.7364341020584106,0.20786267518997192
YCL043C,YDR369C,0,-4.9276547,0.2615021765232086,0.7364341020584106,0.2079734206199646
YBR023C,YIR037W,0,-4.928672,0.26139935851097107,0.7364341020584106,0.20808416604995728
YDR071C,YBR055C,0,-4.929356,0.26129665970802307,0.7364341020584106,0.20819491147994995
YBR243C,YBL103C,0,-4.9296727,0.26119402050971985,0.7364341020584106,0.20830564200878143
YDR503C,YIL048W,0,-4.931364,0.2610914707183838,0.7364341020584106,0.2084163874387741
YDL100C,YLR045C,0,-4.9316964,0.2609890103340149,0.7364341020584106,0.20852713286876678
YBR161W,YLR316C,0,-4.93185,0.26088660955429077,0.7364341020584106,0.20863787829875946
YOL130W,YKR022C,0,-4.9322987,0.2607843279838562,0.7364341020584106,0.20874860882759094
YKR022C,YBR035C,0,-4.9326067,0.260682076215744,0.7364341020584106,0.20885935425758362
YAL058W,YFR052W,1,-4.932957,0.2609717845916748,0.7375415563583374,0.20885935425758362
YBR196C,YML115C,0,-4.9339175,0.260869562625885,0.7375415563583374,0.2089700996875763
YGL181W,YKL057C,0,-4.9347816,0.2607674300670624,0.7375415563583374,0.20908084511756897
YEL012W,YDR306C,1,-4.936176,0.2610567510128021,0.7386489510536194,0.20908084511756897
YDR529C,YCR027C,0,-4.936478,0.2609546184539795,0.7386489510536194,0.20919159054756165
YLR045C,YDR362C,0,-4.9370375,0.260852575302124,0.7386489510536194,0.20930232107639313
YPR183W,YDR194C,0,-4.9373264,0.26075059175491333,0.7386489510536194,0.2094130665063858
YLR284C,YPL190C,0,-4.9373527,0.2606486976146698,0.7386489510536194,0.20952381193637848
YMR234W,YOL129W,0,-4.9375563,0.26054686307907104,0.7386489510536194,0.20963455736637115
YPL100W,YNL279W,0,-4.9376616,0.26044514775276184,0.7386489510536194,0.20974528789520264
YMR247C,YKR001C,0,-4.940737,0.2603434920310974,0.7386489510536194,0.2098560333251953
YER107C,YNL247W,0,-4.942564,0.26024189591407776,0.7386489510536194,0.209966778755188
YIL002C,YPR067W,0,-4.943355,0.26014041900634766,0.7386489510536194,0.21007752418518066
YDL188C,YLR248W,0,-4.943602,0.26003897190093994,0.7386489510536194,0.21018825471401215
YLL019C,YOR027W,0,-4.9441104,0.2599376440048218,0.7386489510536194,0.21029900014400482
YPL095C,YHR012W,0,-4.9452457,0.2598363757133484,0.7386489510536194,0.2104097455739975
YJR052W,YKL099C,0,-4.946134,0.25973519682884216,0.7386489510536194,0.21052049100399017
YML065W,YNL221C,0,-4.9463725,0.2596341073513031,0.7386489510536194,0.21063123643398285
YGR003W,YKL213C,1,-4.9467406,0.25992217659950256,0.7397563457489014,0.21063123643398285
YFL025C,YDR054C,1,-4.9471793,0.2602100372314453,0.7408638000488281,0.21063123643398285
YKL041W,YDR306C,1,-4.9473224,0.26049765944480896,0.7419711947441101,0.21063123643398285
YFL025C,YGR253C,1,-4.947598,0.2607850730419159,0.7430786490440369,0.21063123643398285
YBR177C,YPL214C,0,-4.9480696,0.2606837749481201,0.7430786490440369,0.21074196696281433
YMR204C,YIL063C,0,-4.950396,0.2605825364589691,0.7430786490440369,0.210852712392807
YGL257C,YBR037C,0,-4.9506702,0.2604813575744629,0.7430786490440369,0.21096345782279968
YLR039C,YMR218C,0,-4.950957,0.2603802978992462,0.7430786490440369,0.21107420325279236
YKL022C,YEL037C,1,-4.9535913,0.26066717505455017,0.7441860437393188,0.21107420325279236
YOR036W,YMR218C,0,-4.9539657,0.2605661153793335,0.7441860437393188,0.21118493378162384
YBR004C,YMR218C,0,-4.95456,0.2604651153087616,0.7441860437393188,0.21129567921161652
YNL230C,YFR052W,1,-4.954951,0.2607516348361969,0.7452934384346008,0.21129567921161652
YCL051W,YPL268W,0,-4.9556384,0.2606506645679474,0.7452934384346008,0.2114064246416092
YKL022C,YFR052W,1,-4.9560876,0.2609368860721588,0.7464008927345276,0.2114064246416092
YLL031C,YKL099C,0,-4.956331,0.2608359158039093,0.7464008927345276,0.21151717007160187
YEL061C,YFL022C,0,-4.956907,0.26073500514030457,0.7464008927345276,0.21162790060043335
YPL097W,YAL055W,0,-4.9574246,0.260634183883667,0.7464008927345276,0.21173864603042603
YLR105C,YOR332W,0,-4.957973,0.2605334222316742,0.7464008927345276,0.2118493914604187
YPL061W,YGR186W,0,-4.959126,0.26043277978897095,0.7464008927345276,0.21196013689041138
YOR137C,YLR424W,0,-4.959558,0.2603321671485901,0.7464008927345276,0.21207086741924286
YOL082W,YGR257C,0,-4.959694,0.2602316737174988,0.7464008927345276,0.21218161284923553
YBR131W,YMR227C,0,-4.959783,0.26013121008872986,0.7464008927345276,0.2122923582792282
YDR513W,YFL014W,0,-4.9616494,0.2600308656692505,0.7464008927345276,0.2124031037092209
YNR026C,YDR306C,1,-4.9617457,0.26031622290611267,0.7475082874298096,0.2124031037092209
YFL025C,YOL038W,1,-4.962758,0.2606014013290405,0.7486157417297363,0.2124031037092209
YLL031C,YOR359W,0,-4.9644823,0.260500967502594,0.7486157417297363,0.21251384913921356
YPL227C,YNL177C,0,-4.964595,0.2604006230831146,0.7486157417297363,0.21262457966804504
YFR036W,YER021W,1,-4.9662013,0.26068541407585144,0.7497231364250183,0.21262457966804504
YNL118C,YDR079W,0,-4.9662457,0.26058506965637207,0.7497231364250183,0.21273532509803772
YGL181W,YNL261W,0,-4.9683304,0.26048481464385986,0.7497231364250183,0.2128460705280304
YIL140W,YOL158C,0,-4.9683394,0.26038461923599243,0.7497231364250183,0.21295681595802307
YML057W,YOR003W,0,-4.9684854,0.26028451323509216,0.7497231364250183,0.21306754648685455
YPR189W,YHL009C,0,-4.968693,0.26018446683883667,0.7497231364250183,0.21317829191684723
YBL084C,YER021W,1,-4.9687123,0.2604686915874481,0.7508305907249451,0.21317829191684723
YEL031W,YPL214C,0,-4.9687467,0.260368674993515,0.7508305907249451,0.2132890373468399
YDR164C,YDR059C,0,-4.9690843,0.2602687180042267,0.7508305907249451,0.21339978277683258
YNR032C-A,YLL011W,0,-4.969132,0.2601688504219055,0.7508305907249451,0.21351051330566406
YOR279C,YDL159W,0,-4.9693666,0.2600690424442291,0.7508305907249451,0.21362125873565674
YER017C,YEL009C,0,-4.970086,0.2599693238735199,0.7508305907249451,0.21373200416564941
YOR023C,YPL055C,0,-4.9705997,0.25986969470977783,0.7508305907249451,0.2138427495956421
YIL095W,YOR254C,0,-4.9712987,0.25977012515068054,0.7508305907249451,0.21395349502563477
YDL013W,YKL086W,0,-4.97202,0.259670615196228,0.7508305907249451,0.21406422555446625
YNL094W,YIL173W,0,-4.9720416,0.25957122445106506,0.7508305907249451,0.21417497098445892
YHL031C,YML095C,0,-4.972185,0.2594718635082245,0.7508305907249451,0.2142857164144516
YGL084C,YOR254C,0,-4.9724965,0.25937262177467346,0.7508305907249451,0.21439646184444427
YOL045W,YGL243W,0,-4.9727645,0.2592734098434448,0.7508305907249451,0.21450719237327576
YDR423C,YPL167C,0,-4.9729557,0.25917431712150574,0.7508305907249451,0.21461793780326843
YKL054C,YNL230C,1,-4.9745746,0.25945737957954407,0.751937985420227,0.21461793780326843
YGL084C,YER173W,0,-4.975008,0.259358286857605,0.751937985420227,0.2147286832332611
YPR057W,YBL046W,0,-4.9759836,0.25925925374031067,0.751937985420227,0.21483942866325378
YIL112W,YJL072C,0,-4.9765873,0.2591603100299835,0.751937985420227,0.21495015919208527
YCR071C,YMR016C,0,-4.978019,0.25906142592430115,0.751937985420227,0.21506090462207794
YLR284C,YDR205W,0,-4.9790998,0.25896263122558594,0.751937985420227,0.21517165005207062
YNL101W,YML115C,0,-4.9796124,0.2588638961315155,0.751937985420227,0.2152823954820633
YCR020C-A,YNL246W,0,-4.982425,0.25876525044441223,0.751937985420227,0.21539314091205597
YJR059W,YBL103C,0,-4.9830604,0.25866666436195374,0.751937985420227,0.21550387144088745
YER154W,YER165W,0,-4.983167,0.2585681676864624,0.751937985420227,0.21561461687088013
YDR411C,YPR133C,0,-4.983793,0.25846973061561584,0.751937985420227,0.2157253623008728
YPR155C,YPL218W,0,-4.9839215,0.25837138295173645,0.751937985420227,0.21583610773086548
YMR129W,YDR135C,0,-4.9840875,0.25827309489250183,0.751937985420227,0.21594683825969696
YDL028C,YNL110C,0,-4.9846406,0.2581748962402344,0.751937985420227,0.21605758368968964
YFR028C,YDR246W,0,-4.984675,0.2580767869949341,0.751937985420227,0.2161683291196823
YPR037C,YBR272C,0,-4.9888825,0.25797873735427856,0.751937985420227,0.216279074549675
YDR343C,YFL004W,0,-4.988908,0.2578807473182678,0.751937985420227,0.21638980507850647
YHL031C,YGL201C,0,-4.9899507,0.25778284668922424,0.751937985420227,0.21650055050849915
YDL226C,YFL008W,0,-4.990011,0.25768500566482544,0.751937985420227,0.21661129593849182
YHR086W,YNL257C,0,-4.9909787,0.2575872540473938,0.751937985420227,0.2167220413684845
YDL028C,YML031W,0,-4.9916587,0.25748956203460693,0.751937985420227,0.21683278679847717
YOR140W,YHR152W,0,-4.992603,0.25739195942878723,0.751937985420227,0.21694351732730865
YGR238C,YNL099C,0,-4.9930415,0.2572944164276123,0.751937985420227,0.21705426275730133
YPR189W,YMR095C,0,-4.9931207,0.25719696283340454,0.751937985420227,0.217165008187294
YBR082C,YEL012W,1,-4.993705,0.2574782371520996,0.753045380115509,0.217165008187294
YGL070C,YLR362W,0,-4.994222,0.25738078355789185,0.753045380115509,0.21727575361728668
YBR185C,YPL232W,0,-4.995635,0.25728338956832886,0.753045380115509,0.21738648414611816
YOL012C,YMR129W,0,-4.995725,0.25718608498573303,0.753045380115509,0.21749722957611084
YGR004W,YPR189W,0,-4.996033,0.257088840007782,0.753045380115509,0.21760797500610352
YIL033C,YMR016C,0,-4.9961023,0.2569916844367981,0.753045380115509,0.2177187204360962
YOR244W,YJL124C,0,-4.9962935,0.256894588470459,0.753045380115509,0.21782945096492767
YGL071W,YPR041W,0,-4.996613,0.25679758191108704,0.753045380115509,0.21794019639492035
YLL009C,YKR038C,0,-4.9967194,0.25670063495635986,0.753045380115509,0.21805094182491302
YEL015W,YOR018W,0,-4.9976916,0.25660377740859985,0.753045380115509,0.2181616872549057
YNL149C,YDR529C,0,-4.9982986,0.2565069794654846,0.753045380115509,0.21827243268489838
YDL013W,YER173W,0,-4.9985,0.25641027092933655,0.753045380115509,0.21838316321372986
YGL115W,YDR292C,0,-4.998923,0.25631362199783325,0.753045380115509,0.21849390864372253
YJR150C,YKL108W,0,-4.99908,0.25621703267097473,0.753045380115509,0.2186046540737152
YPL262W,YOL109W,0,-4.999274,0.2561205327510834,0.753045380115509,0.21871539950370789
YHL031C,YER019W,0,-4.9993157,0.2560240924358368,0.753045380115509,0.21882613003253937
YNR001C,YDL198C,0,-4.999372,0.2559277415275574,0.753045380115509,0.21893687546253204
YBL033C,YLR181C,0,-4.999894,0.25583145022392273,0.753045380115509,0.21904762089252472
YNL230C,YOR117W,1,-5.0001235,0.2561113238334656,0.7541528344154358,0.21904762089252472
YML012W,YML094W,0,-5.0006967,0.25601503252983093,0.7541528344154358,0.2191583663225174
YDR412W,YPR107C,0,-5.000959,0.25591883063316345,0.7541528344154358,0.21926909685134888
YKL054C,YER021W,1,-5.0012717,0.25619834661483765,0.7552602291107178,0.21926909685134888
YNR026C,YLR208W,1,-5.002007,0.2564776539802551,0.7563676834106445,0.21926909685134888
YJL194W,YDR256C,0,-5.002504,0.25638139247894287,0.7563676834106445,0.21937984228134155
YCL051W,YPL210C,0,-5.002704,0.2562851905822754,0.7563676834106445,0.21949058771133423
YIL037C,YNL169C,0,-5.003055,0.2561890482902527,0.7563676834106445,0.2196013331413269
YEL015W,YMR172W,0,-5.003758,0.25609299540519714,0.7563676834106445,0.2197120636701584
YML023C,YOR328W,0,-5.0037627,0.2559970021247864,0.7563676834106445,0.21982280910015106
YKL046C,YGL211W,0,-5.003821,0.2559010982513428,0.7563676834106445,0.21993355453014374
YNL232W,YJR135C,0,-5.004963,0.25580525398254395,0.7563676834106445,0.2200442999601364
YEL009C,YGR078C,0,-5.006789,0.2557094693183899,0.7563676834106445,0.2201550453901291
YNL173C,YBR127C,0,-5.007194,0.255613774061203,0.7563676834106445,0.22026577591896057
YAL055W,YGL212W,0,-5.0073485,0.2555181384086609,0.7563676834106445,0.22037652134895325
YIL140W,YLR045C,0,-5.00911,0.25542259216308594,0.7563676834106445,0.22048726677894592
YPL160W,YKL170W,0,-5.009189,0.25532710552215576,0.7563676834106445,0.2205980122089386
YGR113W,YHR086W,0,-5.0101504,0.25523167848587036,0.7563676834106445,0.22070874273777008
YDL030W,YPL218W,0,-5.011432,0.2551363408565521,0.7563676834106445,0.22081948816776276
YPR165W,YCR033W,0,-5.011669,0.25504106283187866,0.7563676834106445,0.22093023359775543
YGL011C,YDR306C,1,-5.012359,0.25531914830207825,0.7574750781059265,0.22093023359775543
YLL061W,YGR220C,0,-5.012408,0.2552238702774048,0.7574750781059265,0.2210409790277481
YOR039W,YMR204C,0,-5.0129094,0.2551286816596985,0.7574750781059265,0.2211517095565796
YOL045W,YHR050W,0,-5.013558,0.25503355264663696,0.7574750781059265,0.22126245498657227
YOR079C,YJL106W,0,-5.015049,0.2549385130405426,0.7574750781059265,0.22137320041656494
YNL201C,YLR376C,0,-5.015406,0.25484350323677063,0.7574750781059265,0.22148394584655762
YER167W,YOR267C,0,-5.015559,0.2547486126422882,0.7574750781059265,0.2215946912765503
YOL149W,YOR110W,0,-5.0155835,0.2546537518501282,0.7574750781059265,0.22170542180538177
YGL047W,YMR218C,0,-5.016169,0.2545589804649353,0.7574750781059265,0.22181616723537445
YML061C,YER018C,0,-5.016191,0.2544642984867096,0.7574750781059265,0.22192691266536713
YPL096C-A,YMR285C,0,-5.016793,0.2543696463108063,0.7574750781059265,0.2220376580953598
YOR116C,YBL050W,0,-5.0168986,0.2542750835418701,0.7574750781059265,0.22214838862419128
YNL259C,YPL031C,0,-5.0169964,0.2541806101799011,0.7574750781059265,0.22225913405418396
YNL159C,YLR208W,1,-5.017628,0.25445765256881714,0.7585825324058533,0.22225913405418396
YPL126W,YDR082W,0,-5.0188413,0.25436314940452576,0.7585825324058533,0.22236987948417664
YIL065C,YNR032W,0,-5.0198684,0.25426873564720154,0.7585825324058533,0.2224806249141693
YOL051W,YGL104C,0,-5.020024,0.2541744112968445,0.7585825324058533,0.2225913554430008
YGR261C,YGR098C,0,-5.0201325,0.2540801167488098,0.7585825324058533,0.22270210087299347
YLR134W,YGR251W,0,-5.02033,0.2539859116077423,0.7585825324058533,0.22281284630298615
YOR018W,YGL104C,0,-5.020546,0.2538917660713196,0.7585825324058533,0.22292359173297882
YPL126W,YBR127C,0,-5.0205545,0.253797709941864,0.7585825324058533,0.2230343371629715
YBL099W,YMR305C,0,-5.0207553,0.2537037134170532,0.7585825324058533,0.22314506769180298
YOR109W,YGR249W,0,-5.020894,0.2536097764968872,0.7585825324058533,0.22325581312179565
YLR210W,YPR067W,0,-5.0216956,0.25351592898368835,0.7585825324058533,0.22336655855178833
YPR007C,YKL126W,0,-5.0225763,0.2534221112728119,0.7585825324058533,0.223477303981781
YML081C-A,YLR045C,0,-5.0228333,0.253328412771225,0.7585825324058533,0.2235880345106125
YBR102C,YDL051W,0,-5.023124,0.25323474407196045,0.7585825324058533,0.22369877994060516
YGL195W,YAL055W,0,-5.0236216,0.2531411647796631,0.7585825324058533,0.22380952537059784
YNL118C,YBR210W,0,-5.0240273,0.2530476450920105,0.7585825324058533,0.22392027080059052
YLL031C,YPL268W,0,-5.024327,0.2529542148113251,0.7585825324058533,0.224031001329422
YLR028C,YER126C,0,-5.024367,0.2528608441352844,0.7585825324058533,0.22414174675941467
YAR019C,YGL210W,0,-5.024399,0.25276753306388855,0.7585825324058533,0.22425249218940735
YLR098C,YDR325W,0,-5.025415,0.25267428159713745,0.7585825324058533,0.22436323761940002
YOR178C,YJL210W,0,-5.0263276,0.2525811195373535,0.7585825324058533,0.2244739830493927
YBR243C,YKR066C,0,-5.0269966,0.25248801708221436,0.7585825324058533,0.22458471357822418
YMR301C,YKL108W,0,-5.027206,0.25239497423171997,0.7585825324058533,0.22469545900821686
YGR261C,YPR067W,0,-5.027411,0.25230202078819275,0.7585825324058533,0.22480620443820953
YOL130W,YML060W,0,-5.028649,0.2522091269493103,0.7585825324058533,0.2249169498682022
YGR041W,YML115C,0,-5.0302815,0.25211629271507263,0.7585825324058533,0.2250276803970337
YDR256C,YPL203W,0,-5.0313516,0.2520235478878021,0.7585825324058533,0.22513842582702637
YDL230W,YDR393W,0,-5.032096,0.2519308626651764,0.7585825324058533,0.22524917125701904
YPL100W,YLR384C,0,-5.0329328,0.25183823704719543,0.7585825324058533,0.22535991668701172
YCR020C-A,YOR057W,0,-5.0336976,0.25174567103385925,0.7585825324058533,0.2254706472158432
YPL202C,YKL075C,0,-5.033935,0.25165319442749023,0.7585825324058533,0.22558139264583588
YLL061W,YML065W,0,-5.03444,0.251560777425766,0.7585825324058533,0.22569213807582855
YER053C,YPL045W,0,-5.0351443,0.2514684200286865,0.7585825324058533,0.22580288350582123
YGL195W,YHR042W,0,-5.035459,0.2513761520385742,0.7585825324058533,0.2259136140346527
YDR517W,YCR084C,0,-5.036058,0.2512839436531067,0.7585825324058533,0.22602435946464539
YDR388W,YMR095C,0,-5.0366025,0.25119179487228394,0.7585825324058533,0.22613510489463806
YPL234C,YLR360W,0,-5.037019,0.25109970569610596,0.7585825324058533,0.22624585032463074
YKL212W,YLR447C,0,-5.0377936,0.25100770592689514,0.7585825324058533,0.2263565957546234
YJL196C,YDR513W,0,-5.0380244,0.2509157657623291,0.7585825324058533,0.2264673262834549
YBR089C-A,YMR047C,0,-5.0381866,0.25082388520240784,0.7585825324058533,0.22657807171344757
YPR083W,YDL188C,0,-5.0384803,0.25073206424713135,0.7585825324058533,0.22668881714344025
YPR155C,YBL079W,0,-5.038666,0.250640332698822,0.7585825324058533,0.22679956257343292
YNL257C,YNL167C,0,-5.038844,0.25054866075515747,0.7585825324058533,0.2269102931022644
YDR423C,YDR473C,0,-5.0391216,0.2504570484161377,0.7585825324058533,0.22702103853225708
YGR041W,YNL279W,0,-5.0398126,0.2503654956817627,0.7585825324058533,0.22713178396224976
YGL201C,YOR279C,0,-5.0412326,0.25027403235435486,0.7585825324058533,0.22724252939224243
YKL108W,YBR118W,0,-5.041567,0.2501826286315918,0.7585825324058533,0.2273532599210739
YCR037C,YDR086C,0,-5.042633,0.2500912845134735,0.7585825324058533,0.2274640053510666
YKL139W,YCL043C,0,-5.0431924,0.25,0.7585825324058533,0.22757475078105927
YBR207W,YOR081C,0,-5.044224,0.24990878999233246,0.7585825324058533,0.22768549621105194
YPR185W,YNL009W,0,-5.044702,0.2498176544904709,0.7585825324058533,0.22779624164104462
YJR125C,YPR144C,0,-5.045633,0.2497265785932541,0.7585825324058533,0.2279069721698761
YDR054C,YGR003W,1,-5.046148,0.25,0.7596899271011353,0.2279069721698761
YPR057W,YOL012C,0,-5.0470195,0.2499089241027832,0.7596899271011353,0.22801771759986877
YGR238C,YKL196C,0,-5.0500684,0.24981792271137238,0.7596899271011353,0.22812846302986145
YJL196C,YDR335W,0,-5.050261,0.24972698092460632,0.7596899271011353,0.22823920845985413
YJL106W,YOR076C,0,-5.0510674,0.24963609874248505,0.7596899271011353,0.2283499389886856
YPR054W,YOR087W,0,-5.0518565,0.24954529106616974,0.7596899271011353,0.22846068441867828
YAR019C,YNL167C,0,-5.0520678,0.2494545429944992,0.7596899271011353,0.22857142984867096
YNL118C,YLL011W,0,-5.053782,0.24936386942863464,0.7596899271011353,0.22868217527866364
YBR201W,YOL038W,1,-5.053803,0.24963663518428802,0.7607973217964172,0.22868217527866364
YHR031C,YER123W,0,-5.055309,0.24954594671726227,0.7607973217964172,0.22879290580749512
YBR102C,YPR182W,0,-5.056358,0.24945533275604248,0.7607973217964172,0.2289036512374878
YPL244C,YPL210C,0,-5.0581856,0.24936479330062866,0.7607973217964172,0.22901439666748047
YIR009W,YDR311W,0,-5.059335,0.24927431344985962,0.7607973217964172,0.22912514209747314
YOR328W,YGL104C,0,-5.0608487,0.24918389320373535,0.7607973217964172,0.22923588752746582
YML061C,YMR075W,0,-5.061481,0.24909354746341705,0.7607973217964172,0.2293466180562973
YOR178C,YIL002C,0,-5.061684,0.24900326132774353,0.7607973217964172,0.22945736348628998
YER167W,YER053C,0,-5.0619144,0.24891304969787598,0.7607973217964172,0.22956810891628265
YKR003W,YGL104C,0,-5.0621495,0.2488228976726532,0.7607973217964172,0.22967885434627533
YDR060W,YAL001C,0,-5.063132,0.2487328052520752,0.7607973217964172,0.2297895848751068
YJL005W,YDR393W,0,-5.0636477,0.24864277243614197,0.7607973217964172,0.2299003303050995
YCL016C,YCR020C-A,0,-5.064232,0.2485528290271759,0.7607973217964172,0.23001107573509216
YLR242C,YIL114C,0,-5.06529,0.24846293032169342,0.7607973217964172,0.23012182116508484
YDL188C,YPL243W,0,-5.0667443,0.2483731061220169,0.7607973217964172,0.23023255169391632
YPL096W,YBR082C,1,-5.0687947,0.24864473938941956,0.761904776096344,0.23023255169391632
YPL015C,YDL188C,0,-5.068819,0.24855491518974304,0.761904776096344,0.230343297123909
YML057W,YNR023W,0,-5.0704436,0.2484651505947113,0.761904776096344,0.23045404255390167
YLL035W,YLR376C,0,-5.070737,0.24837544560432434,0.761904776096344,0.23056478798389435
YKL084W,YEL053C,0,-5.0711083,0.24828581511974335,0.761904776096344,0.23067553341388702
YFL025C,YLR025W,1,-5.07153,0.24855700135231018,0.763012170791626,0.23067553341388702
YOR185C,YOR057W,0,-5.071948,0.2484673708677292,0.763012170791626,0.2307862639427185
YOR254C,YLR360W,0,-5.0721974,0.24837779998779297,0.763012170791626,0.23089700937271118
YJL124C,YNL261W,0,-5.072211,0.24828828871250153,0.763012170791626,0.23100775480270386
YPL204W,YCR083W,0,-5.0725927,0.24819885194301605,0.763012170791626,0.23111850023269653
YKL135C,YOL011W,0,-5.0726986,0.24810947477817535,0.763012170791626,0.23122923076152802
YKR027W,YDR285W,0,-5.07601,0.24802015721797943,0.763012170791626,0.2313399761915207
YPL233W,YJL025W,0,-5.076221,0.24793091416358948,0.763012170791626,0.23145072162151337
YOR120W,YHR152W,0,-5.0765567,0.2478417307138443,0.763012170791626,0.23156146705150604
YDR437W,YEL056W,0,-5.0770545,0.2477526068687439,0.763012170791626,0.23167219758033752
YGR013W,YDR059C,0,-5.0775867,0.24766355752944946,0.763012170791626,0.2317829430103302
YBL033C,YNL294C,0,-5.07772,0.2475745528936386,0.763012170791626,0.23189368844032288
YPL244C,YDL188C,0,-5.078169,0.24748563766479492,0.763012170791626,0.23200443387031555
YPL137C,YCR014C,0,-5.0785623,0.24739676713943481,0.763012170791626,0.23211516439914703
YHR039C,YPR165W,0,-5.0791335,0.24730797111988068,0.763012170791626,0.2322259098291397
YOR117W,YDR306C,1,-5.079926,0.24757803976535797,0.7641196250915527,0.2322259098291397
YPL078C,YDR254W,0,-5.0805254,0.24748924374580383,0.7641196250915527,0.23233665525913239
YGL168W,YMR247C,0,-5.080559,0.24740050733089447,0.7641196250915527,0.23244740068912506
YDR122W,YNL169C,0,-5.0806737,0.24731183052062988,0.7641196250915527,0.23255814611911774
YGR086C,YGL212W,0,-5.082516,0.24722321331501007,0.7641196250915527,0.23266887664794922
YPR144C,YMR129W,0,-5.0826216,0.24713467061519623,0.7641196250915527,0.2327796220779419
YGR129W,YDL235C,0,-5.084885,0.24704618752002716,0.7641196250915527,0.23289036750793457
YKL129C,YBR237W,0,-5.0854006,0.24695776402950287,0.7641196250915527,0.23300111293792725
YNR027W,YEL015W,0,-5.0861883,0.24686941504478455,0.7641196250915527,0.23311184346675873
YBR243C,YDR099W,0,-5.0862746,0.2467811107635498,0.7641196250915527,0.2332225888967514
YAL015C,YDR160W,0,-5.086981,0.24669288098812103,0.7641196250915527,0.23333333432674408
YMR305C,YML034W,0,-5.0871253,0.24660471081733704,0.7641196250915527,0.23344407975673676
YKL108W,YAL016W,0,-5.087236,0.246516615152359,0.7641196250915527,0.23355481028556824
YKL055C,YAL016W,0,-5.087315,0.24642856419086456,0.7641196250915527,0.2336655557155609
YAL055W,YOR018W,0,-5.0879745,0.2463405877351761,0.7641196250915527,0.2337763011455536
YER183C,YLL019C,0,-5.0880585,0.24625267088413239,0.7641196250915527,0.23388704657554626
YDR116C,YJR068W,0,-5.088061,0.24616482853889465,0.7641196250915527,0.23399779200553894
YNL001W,YHR026W,0,-5.0888977,0.2460770308971405,0.7641196250915527,0.23410852253437042
YDR016C,YGL253W,0,-5.0891266,0.24598930776119232,0.7641196250915527,0.2342192679643631
YPL096C-A,YAL016W,0,-5.0896516,0.24590164422988892,0.7641196250915527,0.23433001339435577
YPR007C,YDR285W,0,-5.089946,0.24581404030323029,0.7641196250915527,0.23444075882434845
YDL093W,YGR002C,0,-5.094416,0.24572649598121643,0.7641196250915527,0.23455148935317993
YML031W,YDR079C-A,0,-5.094473,0.24563901126384735,0.7641196250915527,0.2346622347831726
YKR022C,YGR082W,0,-5.0947604,0.24555160105228424,0.7641196250915527,0.23477298021316528
YJL194W,YDR515W,0,-5.0948434,0.2454642504453659,0.7641196250915527,0.23488372564315796
YPL237W,YOL072W,0,-5.0964284,0.24537695944309235,0.7641196250915527,0.23499445617198944
YNR032C-A,YML023C,0,-5.0964437,0.24528972804546356,0.7641196250915527,0.23510520160198212
YIL095W,YDR160W,0,-5.097351,0.24520255625247955,0.7641196250915527,0.2352159470319748
YDL226C,YNL201C,0,-5.0973597,0.2451154589653015,0.7641196250915527,0.23532669246196747
YDL031W,YML028W,0,-5.098025,0.24502840638160706,0.7641196250915527,0.23543743789196014
YNL059C,YER142C,0,-5.098152,0.24494142830371857,0.7641196250915527,0.23554816842079163
YDL226C,YOR076C,0,-5.0991683,0.24485450983047485,0.7641196250915527,0.2356589138507843
YNL059C,YPR185W,0,-5.099433,0.24476765096187592,0.7641196250915527,0.23576965928077698
YMR227C,YDR362C,0,-5.1007247,0.24468085169792175,0.7641196250915527,0.23588040471076965
YLR246W,YPL016W,0,-5.1007524,0.24459411203861237,0.7641196250915527,0.23599113523960114
YGR074W,YLR045C,0,-5.101176,0.24450744688510895,0.7641196250915527,0.2361018806695938
YNL041C,YPL055C,0,-5.1014915,0.2444208264350891,0.7641196250915527,0.2362126260995865
YLR060W,YPR036W,0,-5.101869,0.24433428049087524,0.7641196250915527,0.23632337152957916
YDR446W,YGL089C,0,-5.1022353,0.24424779415130615,0.7641196250915527,0.23643410205841064
YDL230W,YDR059C,0,-5.102761,0.24416135251522064,0.7641196250915527,0.23654484748840332
YBR201W,YLR025W,1,-5.1048923,0.24442872405052185,0.7652270197868347,0.23654484748840332
YDR036C,YER013W,0,-5.1053157,0.24434229731559753,0.7652270197868347,0.236655592918396
YAL058W,YOR117W,1,-5.1055284,0.24460940062999725,0.7663344144821167,0.236655592918396
YGL195W,YER019W,0,-5.1057954,0.24452297389507294,0.7663344144821167,0.23676633834838867
YIL002C,YPL097W,0,-5.1064343,0.2444365918636322,0.7663344144821167,0.23687708377838135
YPL244C,YLR034C,0,-5.1065736,0.24435028433799744,0.7663344144821167,0.23698781430721283
YKL046C,YNR023W,0,-5.1066303,0.24426403641700745,0.7663344144821167,0.2370985597372055
YNR032W,YGL104C,0,-5.10677,0.24417783319950104,0.7663344144821167,0.23720930516719818
YMR285C,YPR165W,0,-5.10983,0.2440917044878006,0.7663344144821167,0.23732005059719086
YGR074W,YLR354C,0,-5.111194,0.24400563538074493,0.7663344144821167,0.23743078112602234
YAL055W,YDR460W,0,-5.111383,0.24391964077949524,0.7663344144821167,0.23754152655601501
YLR330W,YDL093W,0,-5.111809,0.24383369088172913,0.7663344144821167,0.2376522719860077
YJL112W,YDL028C,0,-5.113051,0.2437478005886078,0.7663344144821167,0.23776301741600037
YDR513W,YIR009W,0,-5.1154046,0.24366196990013123,0.7663344144821167,0.23787374794483185
YDR256C,YKL196C,0,-5.1154165,0.24357619881629944,0.7663344144821167,0.23798449337482452
YPL243W,YPL045W,0,-5.115542,0.24349050223827362,0.7663344144821167,0.2380952388048172
YGL257C,YIL114C,0,-5.1172895,0.24340485036373138,0.7663344144821167,0.23820598423480988
YGR239C,YJR004C,0,-5.1173973,0.24331927299499512,0.7663344144821167,0.23831671476364136
YBR055C,YJL025W,0,-5.118555,0.24323374032974243,0.7663344144821167,0.23842746019363403
YKL002W,YKL041W,1,-5.118767,0.24349965155124664,0.7674418687820435,0.23842746019363403
YOL033W,YHR001W,0,-5.119158,0.24341411888599396,0.7674418687820435,0.2385382056236267
YIR041W,YOR279C,0,-5.119413,0.24332864582538605,0.7674418687820435,0.23864895105361938
YDR503C,YGL183C,0,-5.120553,0.2432432472705841,0.7674418687820435,0.23875969648361206
YOR112W,YCR026C,0,-5.120592,0.24315789341926575,0.7674418687820435,0.23887042701244354
YKR022C,YPR065W,0,-5.1224732,0.24307259917259216,0.7674418687820435,0.23898117244243622
YOR039W,YDR236C,0,-5.122826,0.24298737943172455,0.7674418687820435,0.2390919178724289
YFL009W,YEL012W,1,-5.1240096,0.2432527095079422,0.7685492634773254,0.2390919178724289
YKR038C,YDR503C,0,-5.125199,0.24316748976707458,0.7685492634773254,0.23920266330242157
YHL003C,YDR079W,0,-5.126189,0.24308231472969055,0.7685492634773254,0.23931339383125305
YPR154W,YPR189W,0,-5.1262703,0.2429971992969513,0.7685492634773254,0.23942413926124573
YJR013W,YDR378C,0,-5.1271667,0.2429121434688568,0.7685492634773254,0.2395348846912384
YCL016C,YNL281W,0,-5.1278977,0.2428271472454071,0.7685492634773254,0.23964563012123108
YKR082W,YNL099C,0,-5.1279893,0.24274221062660217,0.7685492634773254,0.23975636065006256
YJR103W,YNL246W,0,-5.128708,0.2426573485136032,0.7685492634773254,0.23986710608005524
YOR381W,YNR048W,0,-5.128943,0.24257253110408783,0.7685492634773254,0.2399778515100479
YLR170C,YDR076W,0,-5.1298146,0.24248777329921722,0.7685492634773254,0.2400885969400406
YKL170W,YOR119C,0,-5.1300607,0.2424030750989914,0.7685492634773254,0.24019934237003326
YER154W,YIL114C,0,-5.1300616,0.24231843650341034,0.7685492634773254,0.24031007289886475
YDL188C,YMR218C,0,-5.1312695,0.24223385751247406,0.7685492634773254,0.24042081832885742
YBR243C,YDR312W,0,-5.1329904,0.24214933812618256,0.7685492634773254,0.2405315637588501
YLR078C,YLR080W,0,-5.133364,0.24206487834453583,0.7685492634773254,0.24064230918884277
YBR288C,YOR089C,0,-5.134789,0.24198047816753387,0.7685492634773254,0.24075303971767426
YFR028C,YKL170W,0,-5.135386,0.2418961375951767,0.7685492634773254,0.24086378514766693
YGL209W,YIL095W,0,-5.135998,0.2418118417263031,0.7685492634773254,0.2409745305776596
YCR075C,YJL106W,0,-5.1365666,0.24172762036323547,0.7685492634773254,0.24108527600765228
YMR216C,YIL063C,0,-5.1366963,0.24164345860481262,0.7685492634773254,0.24119600653648376
YNR032C-A,YMR047C,0,-5.1367598,0.24155934154987335,0.7685492634773254,0.24130675196647644
YAR019C,YHL002W,0,-5.1368246,0.24147529900074005,0.7685492634773254,0.24141749739646912
YFL009W,YNL230C,1,-5.1371446,0.24173912405967712,0.7696567177772522,0.24141749739646912
YMR212C,YBR272C,0,-5.137211,0.24165508151054382,0.7696567177772522,0.2415282428264618
YJL071W,YBL102W,0,-5.1385636,0.2415710836648941,0.7696567177772522,0.24163898825645447
YLR210W,YDL230W,0,-5.1396847,0.24148714542388916,0.7696567177772522,0.24174971878528595
YDL227C,YDR378C,0,-5.1407695,0.241403266787529,0.7696567177772522,0.24186046421527863
YGL191W,YDR481C,0,-5.1409473,0.2413194477558136,0.7696567177772522,0.2419712096452713
YJL194W,YOR270C,0,-5.1419935,0.24123568832874298,0.7696567177772522,0.24208195507526398
YGL071W,YOR109W,0,-5.1429596,0.24115197360515594,0.7696567177772522,0.24219268560409546
YLR246W,YDL227C,0,-5.1434855,0.24106833338737488,0.7696567177772522,0.24230343103408813
YCR107W,YDR079W,0,-5.1452713,0.2409847378730774,0.7696567177772522,0.2424141764640808
YKL082C,YPR054W,0,-5.1456676,0.24090121686458588,0.7696567177772522,0.2425249218940735
YKL004W,YDR513W,0,-5.146212,0.24081774055957794,0.7696567177772522,0.24263565242290497
YBR207W,YOL028C,0,-5.1462197,0.24073432385921478,0.7696567177772522,0.24274639785289764
YDL085W,YIL048W,0,-5.1467977,0.2406509667634964,0.7696567177772522,0.24285714328289032
YGL174W,YDR388W,0,-5.1471505,0.2405676692724228,0.7696567177772522,0.242967888712883
YPL202C,YJR052W,0,-5.148522,0.24048443138599396,0.7696567177772522,0.24307863414287567
YJR135C,YOR140W,0,-5.149322,0.2404012382030487,0.7696567177772522,0.24318936467170715
YPL117C,YJL124C,0,-5.150379,0.24031811952590942,0.7696567177772522,0.24330011010169983
YKR082W,YKL188C,0,-5.1508546,0.24023504555225372,0.7696567177772522,0.2434108555316925
YJL204C,YBR231C,0,-5.1517043,0.240152046084404,0.7696567177772522,0.24352160096168518
YDR283C,YGL090W,0,-5.152501,0.24006909132003784,0.7696567177772522,0.24363233149051666
YHR086W,YOR140W,0,-5.153213,0.23998618125915527,0.7696567177772522,0.24374307692050934
YPR006C,YGL183C,0,-5.154182,0.23990334570407867,0.7696567177772522,0.24385382235050201
YKL129C,YGR086C,0,-5.154863,0.23982056975364685,0.7696567177772522,0.2439645677804947
YDL227C,YBR127C,0,-5.1550727,0.2397378385066986,0.7696567177772522,0.24407529830932617
YMR042W,YDR013W,0,-5.155845,0.23965516686439514,0.7696567177772522,0.24418604373931885
YNL286W,YOL033W,0,-5.1559377,0.23957255482673645,0.7696567177772522,0.24429678916931152
YJR089W,YLR361C,0,-5.1562166,0.23949000239372253,0.7696567177772522,0.2444075345993042
YFL025C,YMR022W,1,-5.1562552,0.23975197970867157,0.7707641124725342,0.2444075345993042
YDR054C,YFL009W,1,-5.1574273,0.24001377820968628,0.7718715667724609,0.2444075345993042
YNR035C,YFR019W,0,-5.1577134,0.2399311512708664,0.7718715667724609,0.24451826512813568
YOR109W,YFL008W,0,-5.1587157,0.23984858393669128,0.7718715667724609,0.24462901055812836
YPL117C,YDR529C,0,-5.159411,0.23976607620716095,0.7718715667724609,0.24473975598812103
YBR185C,YBL102W,0,-5.1597877,0.2396836280822754,0.7718715667724609,0.2448505014181137
YGR231C,YBR024W,0,-5.1604424,0.2396012395620346,0.7718715667724609,0.24496124684810638
YFL008W,YPL203W,0,-5.160519,0.2395188957452774,0.7718715667724609,0.24507197737693787
YGL071W,YMR260C,0,-5.161051,0.23943662643432617,0.7718715667724609,0.24518272280693054
YDL230W,YCR053W,0,-5.1611276,0.23935440182685852,0.7718715667724609,0.24529346823692322
YDR036C,YNL201C,0,-5.1617403,0.23927222192287445,0.7718715667724609,0.2454042136669159
YGL084C,YJR145C,0,-5.165412,0.23919011652469635,0.7718715667724609,0.24551494419574738
YCL016C,YPR006C,0,-5.1654243,0.23910805583000183,0.7718715667724609,0.24562568962574005
YDR205W,YJL128C,0,-5.1654677,0.23902606964111328,0.7718715667724609,0.24573643505573273
YOR244W,YKR003W,0,-5.1661086,0.23894411325454712,0.7718715667724609,0.2458471804857254
YGL246C,YPR094W,0,-5.1662407,0.23886223137378693,0.7718715667724609,0.24595791101455688
YPL008W,YPL097W,0,-5.167152,0.2387804090976715,0.7718715667724609,0.24606865644454956
YGR261C,YLR262C,0,-5.167207,0.23869863152503967,0.7718715667724609,0.24617940187454224
YJL128C,YGR002C,0,-5.168113,0.2386169135570526,0.7718715667724609,0.2462901473045349
YCL055W,YBR185C,0,-5.1684895,0.23853525519371033,0.7718715667724609,0.2464008927345276
YLR116W,YNL202W,0,-5.168578,0.23845364153385162,0.7718715667724609,0.24651162326335907
YGL183C,YGL094C,0,-5.168899,0.2383720874786377,0.7718715667724609,0.24662236869335175
YBR210W,YPR083W,0,-5.1689663,0.23829059302806854,0.7718715667724609,0.24673311412334442
YLR433C,YNL118C,0,-5.169388,0.23820915818214417,0.7718715667724609,0.2468438595533371
YMR247C,YNL241C,0,-5.1698484,0.23812778294086456,0.7718715667724609,0.24695459008216858
YNR030W,YBR165W,0,-5.1704497,0.23804645240306854,0.7718715667724609,0.24706533551216125
YCR033W,YBR117C,0,-5.17174,0.2379651814699173,0.7718715667724609,0.24717608094215393
YHL002W,YPR154W,0,-5.1724143,0.23788395524024963,0.7718715667724609,0.2472868263721466
YNL073W,YOR137C,0,-5.1729703,0.23780280351638794,0.7718715667724609,0.2473975569009781
YMR212C,YMR095C,0,-5.1741767,0.23772169649600983,0.7718715667724609,0.24750830233097076
YDR099W,YER032W,0,-5.1746464,0.2376406341791153,0.7718715667724609,0.24761904776096344
YDR411C,YNL201C,0,-5.1748185,0.23755964636802673,0.7718715667724609,0.24772979319095612
YBL050W,YOR270C,0,-5.175316,0.23747870326042175,0.7718715667724609,0.2478405386209488
YNL041C,YBR024W,0,-5.1766953,0.23739781975746155,0.7718715667724609,0.24795126914978027
YMR065W,YCR020C-A,0,-5.1779947,0.23731699585914612,0.7718715667724609,0.24806201457977295
YOR244W,YNL246W,0,-5.1789308,0.23723621666431427,0.7718715667724609,0.24817276000976562
YKL160W,YPR037C,0,-5.1798368,0.2371554970741272,0.7718715667724609,0.2482835054397583
YKL208W,YOR359W,0,-5.18033,0.2370748370885849,0.7718715667724609,0.24839423596858978
YBR201W,YDR057W,1,-5.1816454,0.2373342365026474,0.7729789614677429,0.24839423596858978
YCR107W,YPR189W,0,-5.182382,0.2372535616159439,0.7729789614677429,0.24850498139858246
YPL097W,YOL094C,0,-5.1828585,0.2371729463338852,0.7729789614677429,0.24861572682857513
YPL262W,YBR022W,0,-5.183066,0.23709239065647125,0.7729789614677429,0.2487264722585678
YKR027W,YOR087W,0,-5.1835017,0.2370118796825409,0.7729789614677429,0.2488372027873993
YKL016C,YCL024W,0,-5.1838145,0.2369314283132553,0.7729789614677429,0.24894794821739197
YBL085W,YKR059W,0,-5.184528,0.2368510365486145,0.7729789614677429,0.24905869364738464
YEL061C,YKL149C,0,-5.185816,0.23677068948745728,0.7729789614677429,0.24916943907737732
YNL232W,YPL174C,0,-5.186085,0.23669040203094482,0.7729789614677429,0.24928018450737
YBR272C,YCL024W,0,-5.187293,0.23661017417907715,0.7729789614677429,0.24939091503620148
YBR207W,YDR198C,0,-5.1878123,0.23652999103069305,0.7729789614677429,0.24950166046619415
YOR109W,YGR251W,0,-5.1879797,0.23644986748695374,0.7729789614677429,0.24961240589618683
YEL009C,YNL261W,0,-5.188187,0.236369788646698,0.7729789614677429,0.2497231513261795
YOR245C,YNL169C,0,-5.1884894,0.23628976941108704,0.7729789614677429,0.249833881855011
YGR216C,YPR036W,0,-5.1887374,0.23620980978012085,0.7729789614677429,0.24994462728500366
YGL094C,YML098W,0,-5.188746,0.23612990975379944,0.7729789614677429,0.25005537271499634
YHL031C,YKL084W,0,-5.188963,0.2360500544309616,0.7729789614677429,0.250166118144989
YPL203W,YML085C,0,-5.18922,0.23597024381160736,0.7729789614677429,0.2502768635749817
YJL191W,YKR059W,0,-5.192309,0.23589050769805908,0.7729789614677429,0.25038760900497437
YPR037C,YDL118W,0,-5.1923275,0.23581081628799438,0.7729789614677429,0.25049832463264465
YNL094W,YNR039C,0,-5.192563,0.23573116958141327,0.7729789614677429,0.25060907006263733
YPL008W,YDR284C,0,-5.1943574,0.23565158247947693,0.7729789614677429,0.25071981549263
YLR394W,YDR174W,0,-5.195015,0.23557205498218536,0.7729789614677429,0.2508305609226227
YNL230C,YDR306C,1,-5.195727,0.23582996428012848,0.7740863561630249,0.2508305609226227
YBR159W,YOL129W,0,-5.1970444,0.23575042188167572,0.7740863561630249,0.25094130635261536
YGL084C,YER005W,0,-5.1973653,0.23567093908786774,0.7740863561630249,0.25105205178260803
YOR039W,YGR220C,0,-5.197479,0.23559150099754333,0.7740863561630249,0.2511627972126007
YGL047W,YOR109W,0,-5.1982365,0.2355121225118637,0.7740863561630249,0.2512735426425934
YOL042W,YDR481C,0,-5.1985545,0.23543280363082886,0.7740863561630249,0.25138428807258606
YNR001C,YOL033W,0,-5.199808,0.2353535294532776,0.7740863561630249,0.25149500370025635
YEL036C,YCR014C,0,-5.2005844,0.2352743148803711,0.7740863561630249,0.251605749130249
YIL033C,YOR076C,0,-5.2014356,0.23519515991210938,0.7740863561630249,0.2517164945602417
YJR068W,YJR028W,0,-5.2028694,0.23511604964733124,0.7740863561630249,0.2518272399902344
YAL058W,YGR003W,1,-5.2029886,0.23537322878837585,0.7751938104629517,0.2518272399902344
YGL243W,YJL141C,0,-5.203845,0.23529411852359772,0.7751938104629517,0.25193798542022705
YGR239C,YOR279C,0,-5.2042146,0.23521505296230316,0.7751938104629517,0.2520487308502197
YMR213W,YKL113C,0,-5.2046556,0.23513604700565338,0.7751938104629517,0.2521594762802124
YFR036W,YOR117W,1,-5.2053223,0.23539288341999054,0.7763012051582336,0.2521594762802124
YMR305C,YML028W,0,-5.205404,0.23531386256217957,0.7763012051582336,0.2522702217102051
YOR195W,YOL072W,0,-5.2060266,0.23523490130901337,0.7763012051582336,0.25238096714019775
YMR140W,YDR362C,0,-5.2064195,0.23515598475933075,0.7763012051582336,0.25249168276786804
YNL059C,YDR412W,0,-5.20642,0.2350771278142929,0.7763012051582336,0.2526024281978607
YHR026W,YDR311W,0,-5.206649,0.23499833047389984,0.7763012051582336,0.2527131736278534
YNR035C,YNL169C,0,-5.2072225,0.23491957783699036,0.7763012051582336,0.25282391905784607
YJL013C,YPL210C,0,-5.2090116,0.23484086990356445,0.7763012051582336,0.25293466448783875
YNR032C-A,YKL009W,0,-5.2104816,0.23476222157478333,0.7763012051582336,0.2530454099178314
YEL009C,YGL181W,0,-5.2118945,0.23468363285064697,0.7763012051582336,0.2531561553478241
YOL149W,YHR099W,0,-5.2123423,0.2346050888299942,0.7763012051582336,0.2532669007778168
YPL015C,YPL235W,0,-5.213036,0.2345266044139862,0.7763012051582336,0.25337761640548706
YDR036C,YMR016C,0,-5.214024,0.2344481647014618,0.7763012051582336,0.25348836183547974
YMR042W,YIR037W,0,-5.2141004,0.23436976969242096,0.7763012051582336,0.2535991072654724
YLR098C,YGL211W,0,-5.214923,0.2342914491891861,0.7763012051582336,0.2537098526954651
YMR298W,YPR041W,0,-5.217624,0.23421315848827362,0.7763012051582336,0.25382059812545776
YBL099W,YLR045C,0,-5.218768,0.23413494229316711,0.7763012051582336,0.25393134355545044
YEL015W,YMR035W,0,-5.219207,0.234056755900383,0.7763012051582336,0.2540420889854431
YNL167C,YFL008W,0,-5.219703,0.23397864401340485,0.7763012051582336,0.2541528344154358
YKL179C,YDL044C,0,-5.221096,0.23390056192874908,0.7763012051582336,0.25426357984542847
YOR023C,YNL167C,0,-5.2211795,0.2338225543498993,0.7763012051582336,0.25437429547309875
YKL046C,YER032W,0,-5.221302,0.2337445765733719,0.7763012051582336,0.25448504090309143
YLR032W,YJL204C,0,-5.2213864,0.23366667330265045,0.7763012051582336,0.2545957863330841
YLR106C,YFL005W,0,-5.221462,0.2335887998342514,0.7763012051582336,0.2547065317630768
YJL102W,YER018C,0,-5.2216296,0.23351098597049713,0.7763012051582336,0.25481727719306946
YBL099W,YPR067W,0,-5.2220044,0.23343323171138763,0.7763012051582336,0.25492802262306213
YCR053W,YKL126W,0,-5.224122,0.23335552215576172,0.7763012051582336,0.2550387680530548
YCR033W,YLR222C,0,-5.224294,0.23327787220478058,0.7763012051582336,0.2551495134830475
YDR264C,YHL031C,0,-5.2243314,0.23320026695728302,0.7763012051582336,0.2552602291107178
YDR529C,YMR134W,0,-5.225221,0.23312270641326904,0.7763012051582336,0.25537097454071045
YJL214W,YOR027W,0,-5.225473,0.23304520547389984,0.7763012051582336,0.2554817199707031
YPL210C,YOR110W,0,-5.2260737,0.23296776413917542,0.7763012051582336,0.2555924654006958
YDL200C,YOL109W,0,-5.2265286,0.23289036750793457,0.7763012051582336,0.2557032108306885
YPR183W,YER031C,0,-5.227304,0.2328130155801773,0.7763012051582336,0.25581395626068115
YBR210W,YMR142C,0,-5.2280602,0.23273572325706482,0.7763012051582336,0.25592470169067383
YNL159C,YIL017C,1,-5.228353,0.23299036920070648,0.7774086594581604,0.25592470169067383
YGR249W,YBR024W,0,-5.2294607,0.232913076877594,0.7774086594581604,0.2560354471206665
YEL015W,YPL274W,0,-5.2309384,0.2328358143568039,0.7774086594581604,0.2561461925506592
YMR095C,YKR053C,0,-5.231256,0.23275862634181976,0.7774086594581604,0.25625690817832947
YJL214W,YML034W,0,-5.232057,0.23268146812915802,0.7774086594581604,0.25636765360832214
YFL009W,YLR025W,1,-5.232199,0.23293571174144745,0.7785160541534424,0.25636765360832214
YDR292C,YDR545W,0,-5.23268,0.2328585684299469,0.7785160541534424,0.2564783990383148
YJL014W,YDR086C,0,-5.233605,0.23278145492076874,0.7785160541534424,0.2565891444683075
YDR517W,YKL126W,0,-5.233848,0.23270440101623535,0.7785160541534424,0.25669988989830017
YAL031C,YDR292C,0,-5.2339454,0.23262739181518555,0.7785160541534424,0.25681063532829285
YLR026C,YBR127C,0,-5.2347436,0.23255044221878052,0.7785160541534424,0.2569213807582855
YJR089W,YOR371C,0,-5.234805,0.23247355222702026,0.7785160541534424,0.2570321261882782
YCR027C,YLR383W,0,-5.23599,0.2323966920375824,0.7785160541534424,0.2571428716182709
YGR003W,YDR069C,1,-5.236155,0.23265036940574646,0.7796234488487244,0.2571428716182709
YER167W,YDL164C,0,-5.2362037,0.2325735092163086,0.7796234488487244,0.25725358724594116
YER167W,YER005W,0,-5.236518,0.2324966937303543,0.7796234488487244,0.25736433267593384
YMR162C,YOR279C,0,-5.2367263,0.2324199378490448,0.7796234488487244,0.2574750781059265
YKR066C,YBR055C,0,-5.2370253,0.23234324157238007,0.7796234488487244,0.2575858235359192
YKL054C,YKL041W,1,-5.2374196,0.2325965017080307,0.7807309031486511,0.2575858235359192
YGL045W,YGL112C,0,-5.2374473,0.23251979053020477,0.7807309031486511,0.25769656896591187
YNL059C,YIR017C,0,-5.237639,0.23244312405586243,0.7807309031486511,0.25780731439590454
YIL140W,YJR068W,0,-5.2382064,0.23236651718616486,0.7807309031486511,0.2579180598258972
YNL054W,YDR325W,0,-5.2386403,0.23228995501995087,0.7807309031486511,0.2580288052558899
YNR058W,YIR009W,0,-5.2393866,0.23221343755722046,0.7807309031486511,0.2581395208835602
YCR028C,YDR513W,0,-5.239993,0.23213697969913483,0.7807309031486511,0.25825026631355286
YER107C,YLR386W,0,-5.2405233,0.23206056654453278,0.7807309031486511,0.25836101174354553
YDR508C,YKR059W,0,-5.2417245,0.2319841980934143,0.7807309031486511,0.2584717571735382
YKL108W,YMR260C,0,-5.2427077,0.2319078892469406,0.7807309031486511,0.2585825026035309
YPL061W,YPL097W,0,-5.2428246,0.2318316400051117,0.7807309031486511,0.25869324803352356
YJR068W,YNL253W,0,-5.242871,0.23175542056560516,0.7807309031486511,0.25880399346351624
YJR105W,YOR150W,0,-5.243301,0.2316792607307434,0.7807309031486511,0.2589147388935089
YOR119C,YHR070W,0,-5.2434273,0.23160316050052643,0.7807309031486511,0.2590254843235016
YBR177C,YBR055C,0,-5.2438464,0.23152709007263184,0.7807309031486511,0.2591361999511719
YGR118W,YBR165W,0,-5.2439885,0.23145107924938202,0.7807309031486511,0.25924694538116455
YCR028C,YOR081C,0,-5.2441907,0.23137512803077698,0.7807309031486511,0.2593576908111572
YLR459W,YER154W,0,-5.2445025,0.23129920661449432,0.7807309031486511,0.2594684362411499
YJL115W,YBL103C,0,-5.2445188,0.23122334480285645,0.7807309031486511,0.2595791816711426
YIL026C,YNL049C,0,-5.244671,0.23114754259586334,0.7807309031486511,0.25968992710113525
YJL116C,YOL042W,0,-5.2461715,0.23107178509235382,0.7807309031486511,0.25980067253112793
YPL268W,YBR237W,0,-5.2467804,0.23099607229232788,0.7807309031486511,0.2599114179611206
YFL024C,YPR037C,0,-5.2468424,0.23092040419578552,0.7807309031486511,0.2600221335887909
YGL205W,YLR105C,0,-5.2470894,0.23084479570388794,0.7807309031486511,0.26013287901878357
YHR086W,YOR137C,0,-5.247896,0.23076923191547394,0.7807309031486511,0.26024362444877625
YPL019C,YCL019W,0,-5.249204,0.23069371283054352,0.7807309031486511,0.2603543698787689
YGR009C,YJR028W,0,-5.2494493,0.23061825335025787,0.7807309031486511,0.2604651153087616
YCL016C,YHR086W,0,-5.25029,0.2305428385734558,0.7807309031486511,0.2605758607387543
YKL139W,YHL002W,0,-5.250568,0.23046746850013733,0.7807309031486511,0.26068660616874695
YGL181W,YJL012C,0,-5.250978,0.23039215803146362,0.7807309031486511,0.2607973515987396
YGR098C,YDR412W,0,-5.25155,0.2303168922662735,0.7807309031486511,0.2609080970287323
YKL179C,YDL028C,0,-5.251731,0.23024167120456696,0.7807309031486511,0.2610188126564026
YGR216C,YLR262C,0,-5.2526736,0.2301665097475052,0.7807309031486511,0.26112955808639526
YKR066C,YPR168W,0,-5.2536306,0.2300913780927658,0.7807309031486511,0.26124030351638794
YNL055C,YOL040C,0,-5.2552304,0.2300163060426712,0.7807309031486511,0.2613510489463806
YDR162C,YHR031C,0,-5.256782,0.22994129359722137,0.7807309031486511,0.2614617943763733
YGL084C,YER006W,0,-5.257795,0.22986632585525513,0.7807309031486511,0.26157253980636597
YHR026W,YNL049C,0,-5.2583838,0.22979138791561127,0.7807309031486511,0.26168328523635864
YML057W,YDR446W,0,-5.2588086,0.22971652448177338,0.7807309031486511,0.2617940306663513
YAL041W,YOL094C,0,-5.2596884,0.22964169085025787,0.7807309031486511,0.261904776096344
YGR113W,YDR404C,0,-5.260409,0.22956691682338715,0.7807309031486511,0.2620154917240143
YOL094C,YPR036W,0,-5.2626066,0.2294921875,0.7807309031486511,0.26212623715400696
YPL231W,YLR347C,0,-5.263559,0.22941750288009644,0.7807309031486511,0.26223698258399963
YGL168W,YDR011W,0,-5.263827,0.22934287786483765,0.7807309031486511,0.2623477280139923
YCR075C,YNL257C,0,-5.2646785,0.22926829755306244,0.7807309031486511,0.262458473443985
YOR079C,YDL093W,0,-5.2658305,0.2291937619447708,0.7807309031486511,0.26256921887397766
YDR162C,YDL030W,0,-5.2662477,0.22911927103996277,0.7807309031486511,0.26267996430397034
YBR131W,YPR005C,0,-5.266697,0.2290448397397995,0.7807309031486511,0.262790709733963
YGL236C,YPR191W,0,-5.2678175,0.22897043824195862,0.7807309031486511,0.2629014253616333
YDR016C,YGR152C,0,-5.2680674,0.2288961112499237,0.7807309031486511,0.263012170791626
YBR288C,YDR076W,0,-5.2682586,0.22882181406021118,0.7807309031486511,0.26312291622161865
YBL084C,YKL002W,1,-5.2684264,0.22907203435897827,0.7818382978439331,0.26312291622161865
YER061C,YGR113W,0,-5.2687397,0.22899772226810455,0.7818382978439331,0.26323366165161133
YDR054C,YCL008C,1,-5.268859,0.22924773395061493,0.7829457521438599,0.26323366165161133
YAL001C,YMR260C,0,-5.269102,0.2291734218597412,0.7829457521438599,0.263344407081604
YMR204C,YGL039W,0,-5.2695737,0.22909915447235107,0.7829457521438599,0.2634551525115967
YOL011W,YOR254C,0,-5.2699127,0.2290249466896057,0.7829457521438599,0.26356589794158936
YJL089W,YKR001C,0,-5.270298,0.22895078361034393,0.7829457521438599,0.26367664337158203
YDR473C,YPR032W,0,-5.2704887,0.22887666523456573,0.7829457521438599,0.2637873888015747
YIL140W,YER013W,0,-5.270852,0.22880259156227112,0.7829457521438599,0.263898104429245
YBR023C,YOL042W,0,-5.2711864,0.22872856259346008,0.7829457521438599,0.26400884985923767
YLR170C,YDR276C,0,-5.27154,0.22865459322929382,0.7829457521438599,0.26411959528923035
YKR022C,YOR195W,0,-5.272588,0.22858066856861115,0.7829457521438599,0.264230340719223
YMR186W,YGR104C,0,-5.273805,0.22850678861141205,0.7829457521438599,0.2643410861492157
YIL112W,YDR495C,0,-5.2738624,0.22843295335769653,0.7829457521438599,0.2644518315792084
YLR080W,YKR022C,0,-5.2747293,0.2283591777086258,0.7829457521438599,0.26456257700920105
YDR411C,YML131W,0,-5.276386,0.22828543186187744,0.7829457521438599,0.2646733224391937
YJL071W,YNR010W,0,-5.276994,0.22821174561977386,0.7829457521438599,0.2647840678691864
YDL230W,YDL235C,0,-5.277102,0.22813810408115387,0.7829457521438599,0.2648947834968567
YLR155C,YPL153C,0,-5.278833,0.22806452214717865,0.7829457521438599,0.26500552892684937
YHR055C,YGR042W,0,-5.279095,0.22799097001552582,0.7829457521438599,0.26511627435684204
YJR004C,YOR081C,0,-5.279494,0.22791747748851776,0.7829457521438599,0.2652270197868347
YLR163C,YPL011C,0,-5.2799034,0.2278440147638321,0.7829457521438599,0.2653377652168274
YDR515W,YER082C,0,-5.280318,0.2277706116437912,0.7829457521438599,0.26544851064682007
YLR316C,YAL016W,0,-5.28073,0.22769726812839508,0.7829457521438599,0.26555925607681274
YOL127W,YDR129C,0,-5.2810054,0.22762395441532135,0.7829457521438599,0.2656700015068054
YCR020C-A,YMR047C,0,-5.2813067,0.2275506854057312,0.7829457521438599,0.2657807171344757
YGL090W,YPR182W,0,-5.282909,0.22747747600078583,0.7829457521438599,0.2658914625644684
YOR316C,YCR060W,0,-5.2834907,0.22740431129932404,0.7829457521438599,0.26600220799446106
YJL024C,YPL096C-A,0,-5.2843957,0.22733119130134583,0.7829457521438599,0.26611295342445374
YOL051W,YPL167C,0,-5.2852917,0.2272581160068512,0.7829457521438599,0.2662236988544464
YKR066C,YNL135C,0,-5.2858963,0.22718508541584015,0.7829457521438599,0.2663344442844391
YEL053C,YGR220C,0,-5.2861233,0.22711211442947388,0.7829457521438599,0.26644518971443176
YFR019W,YPL153C,0,-5.2861447,0.22703917324543,0.7829457521438599,0.26655593514442444
YJL112W,YLR039C,0,-5.2861876,0.22696629166603088,0.7829457521438599,0.2666666805744171
YNL059C,YDR174W,0,-5.288598,0.22689345479011536,0.7829457521438599,0.2667773962020874
YJL071W,YPL237W,0,-5.291718,0.2268206626176834,0.7829457521438599,0.2668881416320801
YNL135C,YMR313C,0,-5.291982,0.22674791514873505,0.7829457521438599,0.26699888706207275
YKL134C,YOL094C,0,-5.2922626,0.22667521238327026,0.7829457521438599,0.26710963249206543
YER183C,YOR120W,0,-5.2938175,0.22660256922245026,0.7829457521438599,0.2672203779220581
YDR473C,YOR018W,0,-5.296512,0.22652995586395264,0.7829457521438599,0.2673311233520508
YER017C,YGL243W,0,-5.2966185,0.2264574021100998,0.7829457521438599,0.26744186878204346
YPL100W,YML098W,0,-5.297004,0.22638489305973053,0.7829457521438599,0.26755261421203613
YFR033C,YNL253W,0,-5.299237,0.22631241381168365,0.7829457521438599,0.2676633298397064
YKL139W,YGL168W,0,-5.299874,0.22623999416828156,0.7829457521438599,0.2677740752696991
YDR174W,YBL103C,0,-5.301023,0.22616761922836304,0.7829457521438599,0.2678848206996918
YDR292C,YJL012C,0,-5.3017044,0.2260953038930893,0.7829457521438599,0.26799556612968445
YGL257C,YIR019C,0,-5.3023286,0.22602301836013794,0.7829457521438599,0.2681063115596771
YJR125C,YOL010W,0,-5.3046145,0.22595077753067017,0.7829457521438599,0.2682170569896698
YGL257C,YLR181C,0,-5.3061194,0.22587859630584717,0.7829457521438599,0.2683278024196625
YKL004W,YLR435W,0,-5.3068914,0.22580644488334656,0.7829457521438599,0.26843854784965515
YKL049C,YPL019C,0,-5.307332,0.22573435306549072,0.7829457521438599,0.2685492932796478
YGR113W,YDR059C,0,-5.307773,0.22566230595111847,0.7829457521438599,0.2686600089073181
YGL084C,YKL113C,0,-5.3081136,0.2255903035402298,0.7829457521438599,0.2687707543373108
YLR210W,YBR004C,0,-5.308727,0.2255183458328247,0.7829457521438599,0.26888149976730347
YCR028C,YBL103C,0,-5.3091025,0.2254464328289032,0.7829457521438599,0.26899224519729614
YGR003W,YDR057W,1,-5.3091307,0.22569333016872406,0.7840531468391418,0.26899224519729614
YER019W,YPL214C,0,-5.309422,0.22562141716480255,0.7840531468391418,0.2691029906272888
YNL041C,YOL045W,0,-5.3097825,0.22554953396320343,0.7840531468391418,0.2692137360572815
YLR418C,YCR026C,0,-5.3100605,0.22547771036624908,0.7840531468391418,0.26932448148727417
YJL024C,YOL011W,0,-5.3101635,0.22540591657161713,0.7840531468391418,0.26943522691726685
YPR108W,YDR306C,1,-5.3104844,0.22565245628356934,0.7851606011390686,0.26943522691726685
YMR136W,YDR079W,0,-5.310676,0.22558066248893738,0.7851606011390686,0.2695459723472595
YGR186W,YGL095C,0,-5.311849,0.2255088984966278,0.7851606011390686,0.2696566879749298
YML012W,YNR032C-A,0,-5.3119016,0.2254372090101242,0.7851606011390686,0.2697674334049225
YOL066C,YPL235W,0,-5.312159,0.225365549325943,0.7851606011390686,0.26987817883491516
YNL177C,YGL212W,0,-5.3121963,0.22529393434524536,0.7851606011390686,0.26998892426490784
YFL058W,YKL196C,0,-5.3124137,0.2252223640680313,0.7851606011390686,0.2700996696949005
YOL042W,YKL134C,0,-5.3129435,0.22515083849430084,0.7851606011390686,0.2702104151248932
YBR196C,YPL232W,0,-5.313103,0.22507937252521515,0.7851606011390686,0.27032116055488586
YJL194W,YPR037C,0,-5.3132553,0.22500793635845184,0.7851606011390686,0.27043190598487854
YPL203W,YLR262C,0,-5.313289,0.22493654489517212,0.7851606011390686,0.27054262161254883
YJL124C,YMR047C,0,-5.313345,0.22486521303653717,0.7851606011390686,0.2706533670425415
YPL117C,YPR018W,0,-5.3144817,0.2247939109802246,0.7851606011390686,0.2707641124725342
YPR065W,YER103W,0,-5.314655,0.22472266852855682,0.7851606011390686,0.27087485790252686
YBR231C,YJR026W,0,-5.315118,0.22465145587921143,0.7851606011390686,0.27098560333251953
YEL018W,YOL123W,0,-5.3156433,0.2245803028345108,0.7851606011390686,0.2710963487625122
YGL047W,YAL041W,0,-5.3161883,0.22450917959213257,0.7851606011390686,0.2712070941925049
YDR513W,YKL108W,0,-5.3165007,0.2244381159543991,0.7851606011390686,0.27131783962249756
YOL086C,YDL235C,0,-5.3166,0.22436708211898804,0.7851606011390686,0.27142858505249023
YML081C-A,YBR055C,0,-5.3180113,0.22429610788822174,0.7851606011390686,0.2715393006801605
YGR225W,YDL028C,0,-5.318388,0.22422517836093903,0.7851606011390686,0.2716500461101532
YMR208W,YGR231C,0,-5.3186088,0.2241542786359787,0.7851606011390686,0.2717607915401459
YDR069C,YIL007C,1,-5.31928,0.22439949214458466,0.7862679958343506,0.2717607915401459
YLR433C,YPL016W,0,-5.319466,0.22432859241962433,0.7862679958343506,0.27187153697013855
YOL127W,YPL218W,0,-5.31957,0.22425773739814758,0.7862679958343506,0.2719822824001312
YOL086C,YJL191W,0,-5.3207335,0.22418692708015442,0.7862679958343506,0.2720930278301239
YKR038C,YPL274W,0,-5.3209424,0.22411616146564484,0.7862679958343506,0.2722037732601166
YKL170W,YOR018W,0,-5.321215,0.22404544055461884,0.7862679958343506,0.27231451869010925
YDR473C,YGL212W,0,-5.321839,0.22397476434707642,0.7862679958343506,0.27242523431777954
YCL043C,YOR279C,0,-5.324247,0.22390413284301758,0.7862679958343506,0.2725359797477722
YNL257C,YEL004W,0,-5.32474,0.22383354604244232,0.7862679958343506,0.2726467251777649
YEL050C,YOR076C,0,-5.3247943,0.22376300394535065,0.7862679958343506,0.27275747060775757
YLR106C,YDL188C,0,-5.3254147,0.22369250655174255,0.7862679958343506,0.27286821603775024
YMR172W,YDR335W,0,-5.326465,0.22362205386161804,0.7862679958343506,0.2729789614677429
YOR316C,YJL141C,0,-5.326851,0.22355163097381592,0.7862679958343506,0.2730897068977356
YGL168W,YOR386W,0,-5.3271613,0.22348126769065857,0.7862679958343506,0.27320045232772827
YBL093C,YDR160W,0,-5.327645,0.2234109491109848,0.7862679958343506,0.27331119775772095
YJL214W,YHR012W,0,-5.3278756,0.22334067523479462,0.7862679958343506,0.27342191338539124
YGR216C,YDR369C,0,-5.329191,0.223270446062088,0.7862679958343506,0.2735326588153839
YPL227C,YJR052W,0,-5.3292565,0.2232002466917038,0.7862679958343506,0.2736434042453766
YBR165W,YER005W,0,-5.3293734,0.22313010692596436,0.7862679958343506,0.27375414967536926
YOL033W,YGR186W,0,-5.329849,0.2230600118637085,0.7862679958343506,0.27386489510536194
YCL040W,YGL094C,0,-5.3298917,0.22298994660377502,0.7862679958343506,0.2739756405353546
YJL156C,YPL016W,0,-5.330321,0.22291994094848633,0.7862679958343506,0.2740863859653473
YOL135C,YMR216C,0,-5.3303776,0.22284996509552002,0.7862679958343506,0.27419713139533997
YOL011W,YDR515W,0,-5.330497,0.2227800488471985,0.7862679958343506,0.27430787682533264
YBL079W,YDR076W,0,-5.330607,0.22271016240119934,0.7862679958343506,0.27441859245300293
YPL190C,YOL097C,0,-5.330838,0.22264032065868378,0.7862679958343506,0.2745293378829956
YDR264C,YPR154W,0,-5.331393,0.222570538520813,0.7862679958343506,0.2746400833129883
YOR079C,YML034W,0,-5.331538,0.2225007861852646,0.7862679958343506,0.27475082874298096
YOR003W,YKL075C,0,-5.3319774,0.22243107855319977,0.7862679958343506,0.27486157417297363
YOL067C,YOR359W,0,-5.332731,0.22236141562461853,0.7862679958343506,0.2749723196029663
YDR264C,YDR082W,0,-5.333794,0.22229179739952087,0.7862679958343506,0.275083065032959
YKL160W,YCL024W,0,-5.3338428,0.2222222238779068,0.7862679958343506,0.27519381046295166
YKR027W,YER019W,0,-5.334164,0.2221526950597763,0.7862679958343506,0.27530452609062195
YJR089W,YML028W,0,-5.334855,0.2220831960439682,0.7862679958343506,0.2754152715206146
YML065W,YLR425W,0,-5.335391,0.22201375663280487,0.7862679958343506,0.2755260169506073
YFL009W,YDR069C,1,-5.3356967,0.22225695848464966,0.7873753905296326,0.2755260169506073
YMR042W,YKR001C,0,-5.335966,0.22218750417232513,0.7873753905296326,0.2756367623806
YLR433C,YCR086W,0,-5.3361278,0.2221180945634842,0.7873753905296326,0.27574750781059265
YML095C,YER116C,0,-5.3384833,0.22204871475696564,0.7873753905296326,0.2758582532405853
YOR150W,YOL072W,0,-5.3394876,0.22197939455509186,0.7873753905296326,0.275968998670578
YOR046C,YGR211W,0,-5.3395143,0.22191011905670166,0.7873753905296326,0.2760797441005707
YOR074C,YNR010W,0,-5.3400846,0.22184087336063385,0.7873753905296326,0.27619048953056335
YOR039W,YER019W,0,-5.3417435,0.22177167236804962,0.7873753905296326,0.27630120515823364
YPL244C,YBR118W,0,-5.3420887,0.22170253098011017,0.7873753905296326,0.2764119505882263
YNL259C,YMR208W,0,-5.3432517,0.2216334193944931,0.7873753905296326,0.276522696018219
YPL097W,YCR084C,0,-5.3445973,0.22156435251235962,0.7873753905296326,0.27663344144821167
YBL102W,YPL045W,0,-5.345246,0.22149533033370972,0.7873753905296326,0.27674418687820435
YNL261W,YDR324C,0,-5.3452506,0.2214263528585434,0.7873753905296326,0.276854932308197
YBL084C,YMR067C,1,-5.345673,0.22166873514652252,0.7884828448295593,0.276854932308197
YLR080W,YGR238C,0,-5.3464594,0.2215997576713562,0.7884828448295593,0.2769656777381897
YJL013C,YOR057W,0,-5.3470798,0.22153080999851227,0.7884828448295593,0.2770764231681824
YER052C,YKL009W,0,-5.3482785,0.22146189212799072,0.7884828448295593,0.27718716859817505
YBR055C,YDR129C,0,-5.348779,0.22139303386211395,0.7884828448295593,0.27729788422584534
YJL005W,YGL205W,0,-5.348989,0.22132422029972076,0.7884828448295593,0.277408629655838
YLL019C,YNR048W,0,-5.3494,0.22125543653964996,0.7884828448295593,0.2775193750858307
YPR007C,YLR043C,0,-5.3501167,0.22118669748306274,0.7884828448295593,0.27763012051582336
YEL024W,YBR037C,0,-5.3516498,0.2211180180311203,0.7884828448295593,0.27774086594581604
YOL042W,YNL261W,0,-5.351935,0.22104936838150024,0.7884828448295593,0.2778516113758087
YDL192W,YOL109W,0,-5.3522916,0.22098076343536377,0.7884828448295593,0.2779623568058014
YGL168W,YLR034C,0,-5.3533936,0.22091218829154968,0.7884828448295593,0.27807310223579407
YDL164C,YAR002W,0,-5.3534417,0.22084367275238037,0.7884828448295593,0.27818381786346436
YNL286W,YMR212C,0,-5.353893,0.22077518701553345,0.7884828448295593,0.27829456329345703
YFL009W,YPR108W,1,-5.3542624,0.22101673483848572,0.7895902395248413,0.27829456329345703
YOR034C,YOR087W,0,-5.3544745,0.2209482491016388,0.7895902395248413,0.2784053087234497
YLR025W,YDR306C,1,-5.355025,0.22118958830833435,0.7906976938247681,0.2784053087234497
YBR131W,YOR195W,0,-5.355124,0.22112108767032623,0.7906976938247681,0.2785160541534424
YDR276C,YDL235C,0,-5.3561616,0.2210526317358017,0.7906976938247681,0.27862679958343506
YJL128C,YGR251W,0,-5.3561788,0.22098422050476074,0.7906976938247681,0.27873754501342773
YOR039W,YGL169W,0,-5.356881,0.22091583907604218,0.7906976938247681,0.2788482904434204
YIL112W,YLR026C,0,-5.3576684,0.22084751725196838,0.7906976938247681,0.2789590358734131
YGR152C,YOR327C,0,-5.357947,0.22077922523021698,0.7906976938247681,0.27906978130340576
YKL049C,YBL093C,0,-5.358669,0.22071097791194916,0.7906976938247681,0.27918049693107605
YFR050C,YDR306C,1,-5.358874,0.22095179557800293,0.79180508852005,0.27918049693107605
YMR162C,YDR013W,0,-5.359105,0.2208835333585739,0.79180508852005,0.2792912423610687
YNL245C,YBR272C,0,-5.3605413,0.22081531584262848,0.79180508852005,0.2794019877910614
YKL049C,YNL009W,0,-5.361233,0.22074714303016663,0.79180508852005,0.2795127332210541
YHR091C,YMR227C,0,-5.363236,0.22067901492118835,0.79180508852005,0.27962347865104675
YML023C,YGL243W,0,-5.363419,0.22061091661453247,0.79180508852005,0.27973422408103943
YDR434W,YLR163C,0,-5.3637223,0.22054287791252136,0.79180508852005,0.2798449695110321
YOR081C,YGL212W,0,-5.3647923,0.22047486901283264,0.79180508852005,0.2799557149410248
YKL084W,YPL022W,0,-5.36519,0.2204069048166275,0.79180508852005,0.28006643056869507
YIL008W,YCL075W,0,-5.3657827,0.22033898532390594,0.79180508852005,0.28017717599868774
YJL194W,YFL024C,0,-5.365983,0.22027109563350677,0.79180508852005,0.2802879214286804
YHL003C,YIL150C,0,-5.3661246,0.22020326554775238,0.79180508852005,0.2803986668586731
YOR061W,YCR028C,0,-5.366171,0.22013546526432037,0.79180508852005,0.28050941228866577
YLR098C,YML098W,0,-5.3665843,0.22006770968437195,0.79180508852005,0.28062015771865845
YOL086C,YBL085W,0,-5.366882,0.2199999988079071,0.79180508852005,0.2807309031486511
YGL174W,YDR446W,0,-5.367075,0.21993233263492584,0.79180508852005,0.2808416485786438
YOR185C,YDL235C,0,-5.3673368,0.21986469626426697,0.79180508852005,0.2809523940086365
YGL174W,YGR004W,0,-5.3677807,0.21979710459709167,0.79180508852005,0.28106310963630676
YNL101W,YKL113C,0,-5.367894,0.21972955763339996,0.79180508852005,0.28117385506629944
YHR042W,YJR028W,0,-5.368282,0.21966205537319183,0.79180508852005,0.2812846004962921
YCR107W,YNL041C,0,-5.369209,0.21959459781646729,0.79180508852005,0.2813953459262848
YKL016C,YLR262C,0,-5.3694572,0.21952717006206512,0.79180508852005,0.28150609135627747
YHR001W-A,YML131W,0,-5.3696337,0.21945978701114655,0.79180508852005,0.28161683678627014
YFL008W,YOR087W,0,-5.3700824,0.21939244866371155,0.79180508852005,0.2817275822162628
YDR122W,YHR099W,0,-5.370154,0.21932515501976013,0.79180508852005,0.2818383276462555
YJL013C,YDR178W,0,-5.370271,0.2192578911781311,0.79180508852005,0.28194907307624817
YDR517W,YLR272C,0,-5.3714294,0.21919068694114685,0.79180508852005,0.28205978870391846
YGR078C,YDR079C-A,0,-5.371567,0.21912351250648499,0.79180508852005,0.28217053413391113
YLR080W,YMR140W,0,-5.3718867,0.2190563678741455,0.79180508852005,0.2822812795639038
YKL022C,YCL008C,1,-5.3720965,0.21929556131362915,0.7929125428199768,0.2822812795639038
YCR038C,YNL167C,0,-5.3728595,0.21922841668128967,0.7929125428199768,0.2823920249938965
YIL048W,YGR129W,0,-5.3745856,0.21916131675243378,0.7929125428199768,0.28250277042388916
YJR074W,YKL113C,0,-5.376703,0.21909424662590027,0.7929125428199768,0.28261351585388184
YNL149C,YGR251W,0,-5.3769765,0.21902722120285034,0.7929125428199768,0.2827242612838745
YBL008W,YHR086W,0,-5.377106,0.218960240483284,0.7929125428199768,0.2828350067138672
YDR205W,YOR143C,0,-5.377279,0.21889330446720123,0.7929125428199768,0.2829457223415375
YML080W,YLR045C,0,-5.377304,0.21882641315460205,0.7929125428199768,0.28305646777153015
YKL086W,YJR049C,0,-5.378206,0.21875955164432526,0.7929125428199768,0.2831672132015228
YHR065C,YMR134W,0,-5.378954,0.21869273483753204,0.7929125428199768,0.2832779586315155
YML060W,YJL210W,0,-5.3792763,0.21862594783306122,0.7929125428199768,0.2833887040615082
YPR155C,YPL016W,0,-5.379334,0.21855922043323517,0.7929125428199768,0.28349944949150085
YPL121C,YGR033C,0,-5.3801246,0.2184925228357315,0.7929125428199768,0.28361019492149353
YML080W,YNL097C,0,-5.380168,0.21842586994171143,0.7929125428199768,0.2837209403514862
YKL054C,YLR208W,1,-5.380424,0.2186642289161682,0.7940199375152588,0.2837209403514862
YLR032W,YDR079C-A,0,-5.3812222,0.21859756112098694,0.7940199375152588,0.2838316857814789
YBR161W,YMR075W,0,-5.3818197,0.21853093802928925,0.7940199375152588,0.28394240140914917
YIL150C,YLR181C,0,-5.3822975,0.21846434473991394,0.7940199375152588,0.28405314683914185
YOR112W,YDR473C,0,-5.382399,0.2183978110551834,0.7940199375152588,0.2841638922691345
YPR144C,YOR270C,0,-5.382759,0.21833130717277527,0.7940199375152588,0.2842746376991272
YMR022W,YDR306C,1,-5.38372,0.21856924891471863,0.7951273322105408,0.2842746376991272
YNL173C,YDR311W,0,-5.3841863,0.21850274503231049,0.7951273322105408,0.2843853831291199
YKL135C,YCL040W,0,-5.3846164,0.21843627095222473,0.7951273322105408,0.28449612855911255
YLL019C,YMR087W,0,-5.3851223,0.21836982667446136,0.7951273322105408,0.2846068739891052
YOR034C,YER107C,0,-5.3851686,0.21830344200134277,0.7951273322105408,0.2847176194190979
YER183C,YER005W,0,-5.385739,0.21823708713054657,0.7951273322105408,0.2848283350467682
YIL033C,YOR372C,0,-5.3875237,0.21817076206207275,0.7951273322105408,0.28493908047676086
YGR113W,YCR071C,0,-5.3880305,0.2181044965982437,0.7951273322105408,0.28504982590675354
YKL208W,YOR110W,0,-5.388458,0.21803826093673706,0.7951273322105408,0.2851605713367462
YPR006C,YML062C,0,-5.3885665,0.217972069978714,0.7951273322105408,0.2852713167667389
YNL023C,YIL115C,0,-5.388696,0.2179059237241745,0.7951273322105408,0.28538206219673157
YBR243C,YEL009C,0,-5.389295,0.2178398072719574,0.7951273322105408,0.28549280762672424
YLR459W,YMR065W,0,-5.389478,0.21777373552322388,0.7951273322105408,0.2856035530567169
YBR201W,YDR306C,1,-5.389703,0.21801091730594635,0.7962347865104675,0.2856035530567169
YPL178W,YEL018W,0,-5.3899326,0.21794483065605164,0.7962347865104675,0.2857142984867096
YMR137C,YOL006C,0,-5.390325,0.2178787887096405,0.7962347865104675,0.2858250141143799
YDR054C,YNL230C,1,-5.3907924,0.21811571717262268,0.7973421812057495,0.2858250141143799
YCL043C,YNR048W,0,-5.390804,0.21804966032505035,0.7973421812057495,0.28593575954437256
YAR002C-A,YFL004W,0,-5.391305,0.2179836481809616,0.7973421812057495,0.28604650497436523
YGL089C,YPR154W,0,-5.3914294,0.21791768074035645,0.7973421812057495,0.2861572504043579
YKL170W,YNL097C,0,-5.392989,0.21785174310207367,0.7973421812057495,0.2862679958343506
YMR140W,YHR099W,0,-5.3933573,0.21778585016727448,0.7973421812057495,0.28637874126434326
YML080W,YJR013W,0,-5.3935866,0.21771998703479767,0.7973421812057495,0.28648948669433594
YAL054C,YBR278W,0,-5.393651,0.21765416860580444,0.7973421812057495,0.2866002321243286
YNL292W,YGR009C,0,-5.3937087,0.2175883948802948,0.7973421812057495,0.2867109775543213
YBR161W,YBR004C,0,-5.3944054,0.21752266585826874,0.7973421812057495,0.2868216931819916
YLR078C,YLL061W,0,-5.3948455,0.21745696663856506,0.7973421812057495,0.28693243861198425
YPR183W,YJL080C,0,-5.394846,0.21739129722118378,0.7973421812057495,0.28704318404197693
YNL281W,YCL044C,0,-5.396247,0.21732568740844727,0.7973421812057495,0.2871539294719696
YPL232W,YER005W,0,-5.396381,0.21726010739803314,0.7973421812057495,0.2872646749019623
YPR054W,YMR095C,0,-5.3968177,0.2171945720911026,0.7973421812057495,0.28737542033195496
YKL160W,YGL039W,0,-5.3971276,0.21712906658649445,0.7973421812057495,0.28748616576194763
YDL197C,YPL012W,0,-5.398167,0.21706360578536987,0.7973421812057495,0.2875969111919403
YBR159W,YML104C,0,-5.3983645,0.21699818968772888,0.7973421812057495,0.2877076268196106
YGR211W,YLR130C,0,-5.398866,0.21693281829357147,0.7973421812057495,0.28781837224960327
YOR112W,YOR120W,0,-5.3993983,0.21686747670173645,0.7973421812057495,0.28792911767959595
YBR131W,YML055W,0,-5.400214,0.21680216491222382,0.7973421812057495,0.2880398631095886
YNL135C,YER025W,0,-5.4007945,0.21673691272735596,0.7973421812057495,0.2881506085395813
YDR470C,YER031C,0,-5.401651,0.2166716754436493,0.7973421812057495,0.288261353969574
YKL173W,YDR285W,0,-5.4027705,0.2166064977645874,0.7973421812057495,0.28837209939956665
YMR047C,YDR013W,0,-5.402905,0.2165413498878479,0.7973421812057495,0.2884828448295593
YNL232W,YDR086C,0,-5.4033036,0.21647624671459198,0.7973421812057495,0.288593590259552
YNL159C,YKL022C,1,-5.4035745,0.21671175956726074,0.7984496355056763,0.288593590259552
YMR213W,YIL063C,0,-5.404463,0.21664664149284363,0.7984496355056763,0.2887043058872223
YML012W,YER018C,0,-5.4059134,0.2165815532207489,0.7984496355056763,0.28881505131721497
YIL016W,YMR045C,0,-5.40661,0.21651650965213776,0.7984496355056763,0.28892579674720764
YIL115C,YML115C,0,-5.407373,0.2164515107870102,0.7984496355056763,0.2890365421772003
YER116C,YMR218C,0,-5.4077106,0.2163865566253662,0.7984496355056763,0.289147287607193
YOR079C,YHR001W,0,-5.4077873,0.21632163226604462,0.7984496355056763,0.28925803303718567
YDL099W,YGL070C,0,-5.4079437,0.2162567526102066,0.7984496355056763,0.28936877846717834
YLR361C,YCR027C,0,-5.4096427,0.21619190275669098,0.7984496355056763,0.289479523897171
YNL041C,YAL010C,0,-5.410252,0.21612709760665894,0.7984496355056763,0.2895902693271637
YCL016C,YAR010C,0,-5.410371,0.21606233716011047,0.7984496355056763,0.289700984954834
YJL128C,YDR164C,0,-5.4110026,0.2159976065158844,0.7984496355056763,0.28981173038482666
YGR220C,YML034W,0,-5.4122148,0.2159329205751419,0.7984496355056763,0.28992247581481934
YPR144C,YIL114C,0,-5.412645,0.2158682644367218,0.7984496355056763,0.290033221244812
YOR023C,YBR022W,0,-5.413042,0.21580365300178528,0.7984496355056763,0.2901439666748047
YNL099C,YJR049C,0,-5.4140196,0.21573907136917114,0.7984496355056763,0.29025471210479736
YPL244C,YHR006W,0,-5.4144754,0.21567454934120178,0.7984496355056763,0.29036545753479004
YCL055W,YKR082W,0,-5.414654,0.21561004221439362,0.7984496355056763,0.2904762029647827
YAR002C-A,YGR249W,0,-5.415191,0.21554559469223022,0.7984496355056763,0.290586918592453
YLR447C,YER005W,0,-5.4159446,0.21548117697238922,0.7984496355056763,0.2906976640224457
YKL084W,YIL076W,0,-5.416099,0.2154167890548706,0.7984496355056763,0.29080840945243835
YKL054C,YMR067C,1,-5.4161625,0.21565113961696625,0.7995570302009583,0.29080840945243835
YGR002C,YOR143C,0,-5.4173884,0.21558673679828644,0.7995570302009583,0.29091915488243103
YER119C,YPL167C,0,-5.4179792,0.2155223935842514,0.7995570302009583,0.2910299003124237
YAL041W,YAL010C,0,-5.4184566,0.21545806527137756,0.7995570302009583,0.2911406457424164
YPL115C,YBR159W,0,-5.4189143,0.2153937965631485,0.7995570302009583,0.29125139117240906
YHL009C,YDR135C,0,-5.4191947,0.21532955765724182,0.7995570302009583,0.29136213660240173
YPL126W,YML055W,0,-5.419531,0.21526534855365753,0.7995570302009583,0.2914728820323944
YKL084W,YMR065W,0,-5.4203525,0.21520119905471802,0.7995570302009583,0.2915835976600647
YLR347C,YNL169C,0,-5.421185,0.2151370644569397,0.7995570302009583,0.2916943430900574
YLR170C,YLR154C,0,-5.421775,0.21507297456264496,0.7995570302009583,0.29180508852005005
YNL281W,YJL089W,0,-5.422258,0.2150089293718338,0.7995570302009583,0.2919158339500427
YLL019C,YOR373W,0,-5.4222674,0.21494492888450623,0.7995570302009583,0.2920265793800354
YGR231C,YIL173W,0,-5.4225593,0.21488095819950104,0.7995570302009583,0.2921373248100281
YNL001W,YML045W,0,-5.422949,0.21481701731681824,0.7995570302009583,0.29224807024002075
YPR183W,YJR013W,0,-5.423297,0.21475312113761902,0.7995570302009583,0.2923588156700134
YJR105W,YNL259C,0,-5.4235644,0.21468926966190338,0.7995570302009583,0.2924695312976837
YGL226C-A,YCR027C,0,-5.424148,0.21462544798851013,0.7995570302009583,0.2925802767276764
YDR122W,YGL211W,0,-5.424875,0.21456167101860046,0.7995570302009583,0.29269102215766907
YBL084C,YHR200W,1,-5.4251285,0.21479500830173492,0.8006644248962402,0.29269102215766907
YML094W,YCR060W,0,-5.4256616,0.21473121643066406,0.8006644248962402,0.29280176758766174
YPR201W,YDR202C,0,-5.4257646,0.2146674543619156,0.8006644248962402,0.2929125130176544
YMR042W,YNL207W,0,-5.42577,0.2146037369966507,0.8006644248962402,0.2930232584476471
YML081C-A,YOL109W,0,-5.427069,0.21454006433486938,0.8006644248962402,0.29313400387763977
YER028C,YGR212W,0,-5.427314,0.21447642147541046,0.8006644248962402,0.29324474930763245
YBR020W,YGR104C,0,-5.4274325,0.21441280841827393,0.8006644248962402,0.2933554947376251
YMR016C,YLR447C,0,-5.427508,0.21434924006462097,0.8006644248962402,0.2934662103652954
YPL174C,YKR003W,0,-5.428036,0.2142857164144516,0.8006644248962402,0.2935769557952881
YMR162C,YBR089C-A,0,-5.428181,0.21422222256660461,0.8006644248962402,0.29368770122528076
YNL004W,YLL019C,0,-5.4296126,0.2141587734222412,0.8006644248962402,0.29379844665527344
YJL106W,YPL243W,0,-5.4298296,0.2140953540802002,0.8006644248962402,0.2939091920852661
YDR205W,YDR529C,0,-5.429893,0.21403196454048157,0.8006644248962402,0.2940199375152588
YPL137C,YDR312W,0,-5.43155,0.21396863460540771,0.8006644248962402,0.29413068294525146
YBR196C,YFL005W,0,-5.432303,0.21390531957149506,0.8006644248962402,0.29424142837524414
YPL126W,YDR545W,0,-5.4325395,0.21384206414222717,0.8006644248962402,0.2943521738052368
YML028W,YIL173W,0,-5.43348,0.21377882361412048,0.8006644248962402,0.2944628894329071
YIL095W,YPL274W,0,-5.4347444,0.21371564269065857,0.8006644248962402,0.2945736348628998
YOR039W,YER116C,0,-5.4353857,0.21365247666835785,0.8006644248962402,0.29468438029289246
YJR082C,YOL042W,0,-5.4356484,0.2135893702507019,0.8006644248962402,0.29479512572288513
YFL005W,YNL012W,0,-5.4356813,0.21352627873420715,0.8006644248962402,0.2949058711528778
YBR131W,YML067C,0,-5.435885,0.21346324682235718,0.8006644248962402,0.2950166165828705
YML062C,YNL167C,0,-5.4373574,0.2134002298116684,0.8006644248962402,0.29512736201286316
YDL226C,YGR099W,0,-5.437877,0.2133372724056244,0.8006644248962402,0.29523810744285583
YOR074C,YCR075C,0,-5.4380584,0.21327432990074158,0.8006644248962402,0.2953488230705261
YOL158C,YMR016C,0,-5.4383535,0.21321144700050354,0.8006644248962402,0.2954595685005188
YCR028C,YPL045W,0,-5.440565,0.2131485790014267,0.8006644248962402,0.2955703139305115
YCL043C,YDR416W,0,-5.440569,0.21308577060699463,0.8006644248962402,0.29568105936050415
YNL261W,YNR032W,0,-5.4410543,0.21302297711372375,0.8006644248962402,0.2957918047904968
YNL294C,YIL056W,0,-5.441225,0.21296022832393646,0.8006644248962402,0.2959025502204895
YBR217W,YPR054W,0,-5.4420652,0.21289752423763275,0.8006644248962402,0.2960132956504822
YGR078C,YNL049C,0,-5.442862,0.21283484995365143,0.8006644248962402,0.29612404108047485
YOR074C,YHR099W,0,-5.4428897,0.2127722203731537,0.8006644248962402,0.29623478651046753
YGR231C,YHR031C,0,-5.443045,0.21270962059497833,0.8006644248962402,0.2963455021381378
YJL115W,YMR045C,0,-5.443916,0.21264706552028656,0.8006644248962402,0.2964562475681305
YPL202C,YJR103W,0,-5.4439635,0.21258454024791718,0.8006644248962402,0.29656699299812317
YJR125C,YER173W,0,-5.4454427,0.21252204477787018,0.8006644248962402,0.29667773842811584
YKL016C,YCR038C,0,-5.4458804,0.21245959401130676,0.8006644248962402,0.2967884838581085
YGL174W,YER031C,0,-5.445925,0.21239717304706573,0.8006644248962402,0.2968992292881012
YKL170W,YDR412W,0,-5.4459286,0.2123347967863083,0.8006644248962402,0.29700997471809387
YBR288C,YER142C,0,-5.4466066,0.21227246522903442,0.8006644248962402,0.29712072014808655
YLR242C,YJR031C,0,-5.4466743,0.21221014857292175,0.8006644248962402,0.2972314655780792
YER107C,YLR043C,0,-5.4470186,0.21214789152145386,0.8006644248962402,0.2973421812057495
YNL059C,YLR425W,0,-5.4472423,0.21208564937114716,0.8006644248962402,0.2974529266357422
YJL124C,YDR205W,0,-5.447599,0.21202346682548523,0.8006644248962402,0.29756367206573486
YDR086C,YDR416W,0,-5.449754,0.2119612991809845,0.8006644248962402,0.29767441749572754
YOL033W,YGR212W,0,-5.4498467,0.21189917623996735,0.8006644248962402,0.2977851629257202
YLR376C,YHR060W,0,-5.450526,0.21183709800243378,0.8006644248962402,0.2978959083557129
YGR220C,YOL010W,0,-5.450585,0.2117750495672226,0.8006644248962402,0.29800665378570557
YBL084C,YKL054C,1,-5.4515147,0.2120058536529541,0.801771879196167,0.29800665378570557
YJR042W,YBL102W,0,-5.452076,0.21194379031658173,0.801771879196167,0.29811739921569824
YDR423C,YPL274W,0,-5.4522843,0.21188177168369293,0.801771879196167,0.29822811484336853
YML061C,YLR455W,0,-5.452511,0.21181978285312653,0.801771879196167,0.2983388602733612
YOL130W,YKL179C,0,-5.453257,0.2117578238248825,0.801771879196167,0.2984496057033539
YLR136C,YNR039C,0,-5.453651,0.21169590950012207,0.801771879196167,0.29856035113334656
YBR020W,YPL190C,0,-5.454931,0.21163402497768402,0.801771879196167,0.29867109656333923
YNL281W,YKL057C,0,-5.456338,0.21157218515872955,0.801771879196167,0.2987818419933319
YDR264C,YPR183W,0,-5.456382,0.21151037514209747,0.801771879196167,0.2988925874233246
YJL024C,YNL101W,0,-5.456468,0.21144859492778778,0.801771879196167,0.29900333285331726
YDL188C,YJL204C,0,-5.4567227,0.21138685941696167,0.801771879196167,0.29911407828330994
YDL188C,YGL030W,0,-5.4567413,0.21132515370845795,0.801771879196167,0.2992247939109802
YLR206W,YOR373W,0,-5.4585752,0.2112634927034378,0.801771879196167,0.2993355393409729
YPR083W,YDL030W,0,-5.4586744,0.21120186150074005,0.801771879196167,0.2994462847709656
YOL010W,YML098W,0,-5.458851,0.21114027500152588,0.801771879196167,0.29955703020095825
YGL257C,YLR105C,0,-5.460052,0.2110787183046341,0.801771879196167,0.2996677756309509
YOL130W,YCL051W,0,-5.461567,0.2110171914100647,0.801771879196167,0.2997785210609436
YBR004C,YMR313C,0,-5.46195,0.21095570921897888,0.801771879196167,0.2998892664909363
YDR378C,YNL201C,0,-5.462465,0.21089425683021545,0.801771879196167,0.30000001192092896
YOR381W,YGR231C,0,-5.4625926,0.2108328491449356,0.801771879196167,0.30011072754859924
YGL236C,YKR003W,0,-5.464695,0.21077147126197815,0.801771879196167,0.3002214729785919
YJL013C,YCR020C-A,0,-5.4647655,0.21071012318134308,0.801771879196167,0.3003322184085846
YOL123W,YJR049C,0,-5.4649525,0.2106488198041916,0.801771879196167,0.30044296383857727
YOR245C,YIL048W,0,-5.4650636,0.2105875462293625,0.801771879196167,0.30055370926856995
YJL042W,YDL044C,0,-5.466342,0.21052631735801697,0.801771879196167,0.3006644546985626
YGL201C,YCR060W,0,-5.466616,0.21046511828899384,0.801771879196167,0.3007752001285553
YAL058W,YLR208W,1,-5.4667706,0.2106945663690567,0.802879273891449,0.3007752001285553
YGR008C,YBR127C,0,-5.4677653,0.21063335239887238,0.802879273891449,0.300885945558548
YFL004W,YER005W,0,-5.4682307,0.21057216823101044,0.802879273891449,0.30099669098854065
YGL178W,YML098W,0,-5.4684615,0.21051102876663208,0.802879273891449,0.30110740661621094
YHL003C,YBL102W,0,-5.4693813,0.2104499340057373,0.802879273891449,0.3012181520462036
YPR094W,YPR107C,0,-5.4695497,0.21038885414600372,0.802879273891449,0.3013288974761963
YFL008W,YLR360W,0,-5.4702544,0.21032781898975372,0.802879273891449,0.30143964290618896
YKL212W,YDR292C,0,-5.4703803,0.2102668285369873,0.802879273891449,0.30155038833618164
YFL024C,YIL056W,0,-5.470773,0.21020585298538208,0.802879273891449,0.3016611337661743
YOL130W,YBL046W,0,-5.471348,0.21014492213726044,0.802879273891449,0.301771879196167
YLL060C,YDR285W,0,-5.4719257,0.21008403599262238,0.802879273891449,0.30188262462615967
YMR012W,YKL173W,0,-5.47285,0.2100231796503067,0.802879273891449,0.30199337005615234
YNR030W,YBR161W,0,-5.473931,0.20996235311031342,0.802879273891449,0.30210408568382263
YOL082W,YAL055W,0,-5.4749994,0.20990155637264252,0.802879273891449,0.3022148311138153
YKL173W,YHL009C,0,-5.4750085,0.2098408043384552,0.802879273891449,0.302325576543808
YLR429W,YOR327C,0,-5.475659,0.20978009700775146,0.802879273891449,0.30243632197380066
YNR035C,YDR060W,0,-5.47601,0.20971940457820892,0.802879273891449,0.30254706740379333
YLR433C,YKL134C,0,-5.476145,0.20965875685214996,0.802879273891449,0.302657812833786
YDR205W,YGR211W,0,-5.4767165,0.20959815382957458,0.802879273891449,0.3027685582637787
YBL046W,YBR231C,0,-5.4769225,0.2095375657081604,0.802879273891449,0.30287930369377136
YAL015C,YPR032W,0,-5.477424,0.209477037191391,0.802879273891449,0.30299001932144165
YPR083W,YOR373W,0,-5.4781127,0.20941652357578278,0.802879273891449,0.3031007647514343
YGR225W,YKL084W,0,-5.478207,0.20935605466365814,0.802879273891449,0.303211510181427
YGL257C,YMR047C,0,-5.478512,0.2092956155538559,0.802879273891449,0.3033222556114197
YJL106W,YNL073W,0,-5.478913,0.20923520624637604,0.802879273891449,0.30343300104141235
YBR055C,YHR006W,0,-5.4794345,0.20917484164237976,0.802879273891449,0.30354374647140503
YDR254W,YNL257C,0,-5.4796524,0.20911450684070587,0.802879273891449,0.3036544919013977
YBR296C,YKR001C,0,-5.4805255,0.20905421674251556,0.802879273891449,0.3037652373313904
YDL044C,YDR285W,0,-5.4824767,0.20899394154548645,0.802879273891449,0.30387598276138306
YLR242C,YPL063W,0,-5.483334,0.20893371105194092,0.802879273891449,0.30398669838905334
YCR071C,YER142C,0,-5.484032,0.20887352526187897,0.802879273891449,0.304097443819046
YOR061W,YOR195W,0,-5.484485,0.2088133692741394,0.802879273891449,0.3042081892490387
YKL208W,YHR042W,0,-5.484815,0.20875324308872223,0.802879273891449,0.30431893467903137
YAL058W,YFR050C,1,-5.4856377,0.2089810073375702,0.8039867281913757,0.30431893467903137
YLR155C,YOL026C,0,-5.485764,0.20892086625099182,0.8039867281913757,0.30442968010902405
YER018C,YGR002C,0,-5.485824,0.20886075496673584,0.8039867281913757,0.3045404255390167
YAR014C,YNL247W,0,-5.486777,0.20880068838596344,0.8039867281913757,0.3046511709690094
YLR163C,YPR144C,0,-5.486976,0.20874065160751343,0.8039867281913757,0.3047619163990021
YKL134C,YBR127C,0,-5.4871964,0.208680659532547,0.8039867281913757,0.30487263202667236
YBR278W,YDR276C,0,-5.487674,0.20862068235874176,0.8039867281913757,0.30498337745666504
YHR026W,YHR031C,0,-5.4885993,0.2085607647895813,0.8039867281913757,0.3050941228866577
YGL090W,YDL200C,0,-5.488975,0.20850086212158203,0.8039867281913757,0.3052048683166504
YPL097W,YOL010W,0,-5.4905496,0.20844100415706635,0.8039867281913757,0.30531561374664307
YPL167C,YER031C,0,-5.490587,0.20838117599487305,0.8039867281913757,0.30542635917663574
YLR284C,YPL174C,0,-5.490911,0.20832137763500214,0.8039867281913757,0.3055371046066284
YGR256W,YER123W,0,-5.4915004,0.2082616239786148,0.8039867281913757,0.3056478500366211
YKL002W,YDR306C,1,-5.4922056,0.20848867297172546,0.8050941228866577,0.3056478500366211
YGR086C,YPR036W,0,-5.4930606,0.20842890441417694,0.8050941228866577,0.30575859546661377
YER028C,YDL028C,0,-5.4936595,0.2083691656589508,0.8050941228866577,0.30586931109428406
YLR433C,YLR362W,0,-5.4940386,0.20830945670604706,0.8050941228866577,0.30598005652427673
YPL078C,YJL116C,0,-5.494524,0.2082497924566269,0.8050941228866577,0.3060908019542694
YDR254W,YLR080W,0,-5.494564,0.20819014310836792,0.8050941228866577,0.3062015473842621
YBR274W,YBR207W,0,-5.495617,0.20813055336475372,0.8050941228866577,0.30631229281425476
YEL056W,YNL169C,0,-5.496356,0.20807097852230072,0.8050941228866577,0.30642303824424744
YPL187W,YDR443C,0,-5.496714,0.2080114483833313,0.8050941228866577,0.3065337836742401
YNL259C,YDR030C,0,-5.4970117,0.20795194804668427,0.8050941228866577,0.3066445291042328
YOL130W,YGR013W,0,-5.497065,0.20789247751235962,0.8050941228866577,0.30675527453422546
YGR195W,YLR424W,0,-5.497442,0.20783305168151855,0.8050941228866577,0.30686599016189575
YJL214W,YCR014C,0,-5.497587,0.20777365565299988,0.8050941228866577,0.3069767355918884
YEL061C,YHR026W,0,-5.4984355,0.2077142894268036,0.8050941228866577,0.3070874810218811
YFL025C,YKL002W,1,-5.4987116,0.20794059336185455,0.8062015771865845,0.3070874810218811
YLR208W,YDR306C,1,-5.4987135,0.20816676318645477,0.8073089718818665,0.3070874810218811
YPL061W,YDR079W,0,-5.498739,0.2081073373556137,0.8073089718818665,0.3071982264518738
YNL009W,YGL115W,0,-5.499958,0.20804794132709503,0.8073089718818665,0.30730897188186646
YOL082W,YGR188C,0,-5.500432,0.20798859000205994,0.8073089718818665,0.30741971731185913
YMR137C,YDR285W,0,-5.500664,0.20792926847934723,0.8073089718818665,0.3075304627418518
YNL221C,YLL011W,0,-5.5009565,0.2078699767589569,0.8073089718818665,0.3076412081718445
YML065W,YOR386W,0,-5.5013523,0.20781071484088898,0.8073089718818665,0.30775192379951477
YDL192W,YLR078C,0,-5.504542,0.20775149762630463,0.8073089718818665,0.30786266922950745
YKR027W,YNL271C,0,-5.505008,0.20769231021404266,0.8073089718818665,0.3079734146595001
YJR125C,YLR106C,0,-5.505041,0.2076331526041031,0.8073089718818665,0.3080841600894928
YBR210W,YCR071C,0,-5.505592,0.2075740247964859,0.8073089718818665,0.3081949055194855
YDL028C,YCL043C,0,-5.5056767,0.2075149416923523,0.8073089718818665,0.30830565094947815
YJR089W,YBR117C,0,-5.5061393,0.20745588839054108,0.8073089718818665,0.3084163963794708
YBR177C,YGL257C,0,-5.5071454,0.20739686489105225,0.8073089718818665,0.3085271418094635
YGR188C,YPR032W,0,-5.507313,0.207337886095047,0.8073089718818665,0.3086378872394562
YGR098C,YJL128C,0,-5.5086513,0.20727893710136414,0.8073089718818665,0.30874860286712646
YBR288C,YLR459W,0,-5.5094233,0.20722001791000366,0.8073089718818665,0.30885934829711914
YER154W,YMR129W,0,-5.5097556,0.20716112852096558,0.8073089718818665,0.3089700937271118
YLR078C,YBR296C,0,-5.5098467,0.20710226893424988,0.8073089718818665,0.3090808391571045
YGL205W,YPL214C,0,-5.509869,0.20704345405101776,0.8073089718818665,0.30919158458709717
YGR078C,YKL126W,0,-5.509895,0.20698466897010803,0.8073089718818665,0.30930233001708984
YFL009W,YKL054C,1,-5.510481,0.2072097659111023,0.8084163665771484,0.30930233001708984
YOR245C,YKL134C,0,-5.511005,0.20715096592903137,0.8084163665771484,0.3094130754470825
YJL106W,YIL048W,0,-5.511192,0.20709219574928284,0.8084163665771484,0.3095238208770752
YML095C,YBL093C,0,-5.512772,0.20703347027301788,0.8084163665771484,0.30963456630706787
YJR135C,YFL008W,0,-5.5134835,0.20697475969791412,0.8084163665771484,0.30974528193473816
YLR242C,YDR416W,0,-5.513605,0.20691609382629395,0.8084163665771484,0.30985602736473083
YKL016C,YML095C,0,-5.513823,0.20685747265815735,0.8084163665771484,0.3099667727947235
YPR067W,YNL049C,0,-5.51691,0.20679886639118195,0.8084163665771484,0.3100775182247162
YEL018W,YBL033C,0,-5.5170884,0.20674030482769012,0.8084163665771484,0.31018826365470886
YPR057W,YBL093C,0,-5.517297,0.2066817730665207,0.8084163665771484,0.31029900908470154
YNL012W,YJR049C,0,-5.5179887,0.20662327110767365,0.8084163665771484,0.3104097545146942
YDR503C,YLL016W,0,-5.518375,0.206564798951149,0.8084163665771484,0.3105204999446869
YNL012W,YML085C,0,-5.518741,0.2065063714981079,0.8084163665771484,0.3106312155723572
YDL164C,YPL203W,0,-5.5190067,0.20644795894622803,0.8084163665771484,0.31074196100234985
YMR128W,YOL072W,0,-5.519071,0.20638959109783173,0.8084163665771484,0.31085270643234253
YOR373W,YGR231C,0,-5.519183,0.206331267952919,0.8084163665771484,0.3109634518623352
YKL002W,YMR022W,1,-5.519217,0.2065555304288864,0.8095238208770752,0.3109634518623352
YOR381W,YGR104C,0,-5.5195403,0.2064971774816513,0.8095238208770752,0.3110741972923279
YAR002C-A,YGL226C-A,0,-5.5195904,0.2064388543367386,0.8095238208770752,0.31118494272232056
YKR027W,YBL050W,0,-5.51975,0.20638057589530945,0.8095238208770752,0.31129568815231323
YEL061C,YCR028C,0,-5.5200777,0.2063223272562027,0.8095238208770752,0.3114064335823059
YLR034C,YPR036W,0,-5.5202065,0.20626410841941833,0.8095238208770752,0.3115171790122986
YKL002W,YPL096W,1,-5.5204706,0.2064880132675171,0.8106312155723572,0.3115171790122986
YKL086W,YFL058W,0,-5.521024,0.20642977952957153,0.8106312155723572,0.31162789463996887
YOR381W,YGR042W,0,-5.521284,0.20637157559394836,0.8106312155723572,0.31173864006996155
YHR165C,YHR050W,0,-5.521892,0.20631341636180878,0.8106312155723572,0.3118493854999542
YCR028C,YLR424W,0,-5.5225377,0.20625528693199158,0.8106312155723572,0.3119601309299469
YOR216C,YOL129W,0,-5.5229115,0.20619718730449677,0.8106312155723572,0.3120708763599396
YCR060W,YPL234C,0,-5.5235543,0.20613911747932434,0.8106312155723572,0.31218162178993225
YOR140W,YGR099W,0,-5.5239964,0.2060810774564743,0.8106312155723572,0.3122923672199249
YBL097W,YCR075C,0,-5.5245614,0.20602308213710785,0.8106312155723572,0.3124031126499176
YNR001C,YDR481C,0,-5.5246706,0.20596511662006378,0.8106312155723572,0.3125138282775879
YGL181W,YPL237W,0,-5.52469,0.2059071660041809,0.8106312155723572,0.31262457370758057
YBL033C,YLR425W,0,-5.524998,0.2058492749929428,0.8106312155723572,0.31273531913757324
YOL033W,YLR045C,0,-5.525751,0.2057913988828659,0.8106312155723572,0.3128460645675659
YPL204W,YGL030W,0,-5.52588,0.2057335525751114,0.8106312155723572,0.3129568099975586
YFR036W,YDR054C,1,-5.525928,0.20595672726631165,0.8117386698722839,0.3129568099975586
YNL001W,YGL043W,0,-5.526191,0.20589888095855713,0.8117386698722839,0.31306755542755127
YLR048W,YNL339C,0,-5.5262976,0.2058410495519638,0.8117386698722839,0.31317830085754395
YFL005W,YDL235C,0,-5.5293093,0.20578326284885406,0.8117386698722839,0.3132890462875366
YLR429W,YDR369C,0,-5.529368,0.2057255059480667,0.8117386698722839,0.3133997917175293
YIL140W,YEL004W,0,-5.5307717,0.20566779375076294,0.8117386698722839,0.3135105073451996
YOL067C,YCL075W,0,-5.5313506,0.20561009645462036,0.8117386698722839,0.31362125277519226
YMR213W,YDR079C-A,0,-5.531404,0.20555244386196136,0.8117386698722839,0.31373199820518494
YPL227C,YCR053W,0,-5.5320168,0.20549480617046356,0.8117386698722839,0.3138427436351776
YOL082W,YGR231C,0,-5.532067,0.20543721318244934,0.8117386698722839,0.3139534890651703
YNL281W,YGL115W,0,-5.532204,0.2053796648979187,0.8117386698722839,0.31406423449516296
YDL085W,YDR246W,0,-5.5324893,0.20532213151454926,0.8117386698722839,0.31417497992515564
YNL159C,YDR306C,1,-5.532803,0.20554466545581818,0.8128460645675659,0.31417497992515564
YER028C,YBR024W,0,-5.533672,0.20548711717128754,0.8128460645675659,0.3142857253551483
YOR245C,YHR086W,0,-5.533973,0.20542961359024048,0.8128460645675659,0.314396470785141
YBL084C,YOR117W,1,-5.534214,0.2056519240140915,0.8139534592628479,0.314396470785141
YNL286W,YJR059W,0,-5.534739,0.20559440553188324,0.8139534592628479,0.3145071864128113
YOL042W,YGL205W,0,-5.5352163,0.20553691685199738,0.8139534592628479,0.31461793184280396
YEL015W,YGL094C,0,-5.535559,0.2054794579744339,0.8139534592628479,0.31472867727279663
YNL149C,YDR416W,0,-5.5365386,0.2054220288991928,0.8139534592628479,0.3148394227027893
YBR004C,YPR107C,0,-5.536928,0.2053646296262741,0.8139534592628479,0.314950168132782
YGL195W,YCR026C,0,-5.5378747,0.2053072601556778,0.8139534592628479,0.31506091356277466
YGR086C,YBL102W,0,-5.537987,0.20524993538856506,0.8139534592628479,0.31517165899276733
YPR165W,YOR027W,0,-5.5391974,0.20519262552261353,0.8139534592628479,0.31528240442276
YDR194C,YIL056W,0,-5.539307,0.20513536036014557,0.8139534592628479,0.3153931200504303
YPR179C,YNR032W,0,-5.539949,0.205078125,0.8139534592628479,0.315503865480423
YKR066C,YOL080C,0,-5.540698,0.20502091944217682,0.8139534592628479,0.31561461091041565
YDR037W,YOR279C,0,-5.5411305,0.20496374368667603,0.8139534592628479,0.3157253563404083
YHR001W-A,YNL253W,0,-5.54194,0.2049066126346588,0.8139534592628479,0.315836101770401
YGR225W,YLR455W,0,-5.5420127,0.2048494964838028,0.8139534592628479,0.3159468472003937
YNL257C,YLR222C,0,-5.542085,0.20479242503643036,0.8139534592628479,0.31605759263038635
YGL181W,YMR186W,0,-5.5426416,0.2047353833913803,0.8139534592628479,0.31616833806037903
YFL024C,YOL109W,0,-5.5426545,0.20467835664749146,0.8139534592628479,0.3162790834903717
YIR009W,YDR079C-A,0,-5.543282,0.20462137460708618,0.8139534592628479,0.316389799118042
YDR513W,YJL072C,0,-5.5436563,0.2045644372701645,0.8139534592628479,0.31650054454803467
YGL043W,YKR022C,0,-5.543856,0.204507514834404,0.8139534592628479,0.31661128997802734
YKL149C,YIL173W,0,-5.543875,0.20445062220096588,0.8139534592628479,0.31672203540802
YAL041W,YNL247W,0,-5.545078,0.20439377427101135,0.8139534592628479,0.3168327808380127
YMR142C,YPL234C,0,-5.5450807,0.20433694124221802,0.8139534592628479,0.31694352626800537
YNL097C,YIL008W,0,-5.5457497,0.20428015291690826,0.8139534592628479,0.31705427169799805
YER017C,YBR127C,0,-5.54579,0.2042233943939209,0.8139534592628479,0.3171650171279907
YML104C,YJL072C,0,-5.5458884,0.20416666567325592,0.8139534592628479,0.317275732755661
YER183C,YOR371C,0,-5.5459485,0.20410996675491333,0.8139534592628479,0.3173864781856537
YPL231W,YNL177C,0,-5.5474944,0.20405329763889313,0.8139534592628479,0.31749722361564636
YNL177C,YPL012W,0,-5.547627,0.2039966732263565,0.8139534592628479,0.31760796904563904
YNL023C,YMR016C,0,-5.547918,0.20394006371498108,0.8139534592628479,0.3177187144756317
YBR201W,YEL037C,1,-5.548671,0.2041608840227127,0.8150609135627747,0.3177187144756317
YOR245C,YJL196C,0,-5.548921,0.20410427451133728,0.8150609135627747,0.3178294599056244
YOR109W,YPR036W,0,-5.54925,0.20404767990112305,0.8150609135627747,0.31794020533561707
YPL167C,YMR134W,0,-5.549315,0.2039911299943924,0.8150609135627747,0.31805095076560974
YNL159C,YKL002W,1,-5.5502,0.20421169698238373,0.8161683082580566,0.31805095076560974
YPR057W,YKL149C,0,-5.5504794,0.2041551172733307,0.8161683082580566,0.3181616961956024
YCR086W,YDR076W,0,-5.5515065,0.20409858226776123,0.8161683082580566,0.3182724118232727
YGR041W,YOR143C,0,-5.551661,0.20404207706451416,0.8161683082580566,0.3183831572532654
YNR058W,YLR078C,0,-5.5516725,0.20398560166358948,0.8161683082580566,0.31849390268325806
YHR001W,YOR137C,0,-5.5527015,0.20392917096614838,0.8161683082580566,0.31860464811325073
YGR007W,YPL210C,0,-5.5531034,0.20387275516986847,0.8161683082580566,0.3187153935432434
YIL112W,YDR529C,0,-5.553349,0.20381636917591095,0.8161683082580566,0.3188261389732361
YNL001W,YNL023C,0,-5.5541234,0.203760027885437,0.8161683082580566,0.31893688440322876
YNL101W,YJL012C,0,-5.5544715,0.20370370149612427,0.8161683082580566,0.31904762983322144
YNL232W,YIR009W,0,-5.5546765,0.2036474198102951,0.8161683082580566,0.3191583752632141
YPL059W,YIL013C,0,-5.5550337,0.20359115302562714,0.8161683082580566,0.3192690908908844
YJR105W,YNR032W,0,-5.5552797,0.20353493094444275,0.8161683082580566,0.3193798363208771
YGL201C,YAL055W,0,-5.5553145,0.20347873866558075,0.8161683082580566,0.31949058175086975
YNL261W,YPL045W,0,-5.5555525,0.20342257618904114,0.8161683082580566,0.3196013271808624
YBL085W,YPL097W,0,-5.556014,0.2033664435148239,0.8161683082580566,0.3197120726108551
YGL089C,YDL118W,0,-5.556598,0.20331034064292908,0.8161683082580566,0.3198228180408478
YNL135C,YML131W,0,-5.556656,0.20325426757335663,0.8161683082580566,0.31993356347084045
YLR330W,YDL014W,0,-5.5572696,0.20319823920726776,0.8161683082580566,0.32004430890083313
YOR058C,YNL073W,0,-5.557772,0.2031422257423401,0.8161683082580566,0.3201550245285034
YJL014W,YOR061W,0,-5.5587506,0.203086256980896,0.8161683082580566,0.3202657699584961
YML078W,YGR007W,0,-5.5595365,0.2030303031206131,0.8161683082580566,0.32037651538848877
YJL116C,YBR196C,0,-5.5596137,0.20297439396381378,0.8161683082580566,0.32048726081848145
YIL140W,YDR311W,0,-5.5600595,0.20291849970817566,0.8161683082580566,0.3205980062484741
YIL095W,YOR224C,0,-5.5607343,0.20286265015602112,0.8161683082580566,0.3207087516784668
YLR394W,YGR009C,0,-5.5615697,0.20280683040618896,0.8161683082580566,0.3208194971084595
YNL282W,YMR095C,0,-5.561746,0.202751025557518,0.8161683082580566,0.32093024253845215
YPL235W,YOR027W,0,-5.561944,0.20269526541233063,0.8161683082580566,0.3210409879684448
YAR019C,YOR112W,0,-5.562226,0.20263953506946564,0.8161683082580566,0.3211517035961151
YMR035W,YDR164C,0,-5.5638094,0.20258383452892303,0.8161683082580566,0.3212624490261078
YNR035C,YBR210W,0,-5.563892,0.20252816379070282,0.8161683082580566,0.32137319445610046
YMR213W,YJR074W,0,-5.564578,0.202472522854805,0.8161683082580566,0.32148393988609314
YIL115C,YOR110W,0,-5.5651965,0.20241691172122955,0.8161683082580566,0.3215946853160858
YOR216C,YCR053W,0,-5.5658364,0.2023613452911377,0.8161683082580566,0.3217054307460785
YPR167C,YMR134W,0,-5.565898,0.20230579376220703,0.8161683082580566,0.32181617617607117
YOR034C,YPL244C,0,-5.5675883,0.20225027203559875,0.8161683082580566,0.32192692160606384
YNL173C,YGL205W,0,-5.567829,0.20219478011131287,0.8161683082580566,0.3220376670360565
YPL097W,YPR189W,0,-5.5683866,0.20213933289051056,0.8161683082580566,0.3221483826637268
YGR257C,YDR013W,0,-5.5684733,0.20208390057086945,0.8161683082580566,0.3222591280937195
YDR164C,YGR212W,0,-5.568632,0.20202851295471191,0.8161683082580566,0.32236987352371216
YKL139W,YML131W,0,-5.568788,0.20197314023971558,0.8161683082580566,0.32248061895370483
YJL124C,YOR328W,0,-5.568973,0.20191781222820282,0.8161683082580566,0.3225913643836975
YDR116C,YIL082W-A,0,-5.569012,0.20186249911785126,0.8161683082580566,0.3227021098136902
YOR244W,YGL090W,0,-5.5707364,0.20180723071098328,0.8161683082580566,0.32281285524368286
YGL211W,YMR045C,0,-5.571589,0.20175199210643768,0.8161683082580566,0.32292360067367554
YHR026W,YDR079C-A,0,-5.5720577,0.20169676840305328,0.8161683082580566,0.3230343163013458
YNL126W,YGR002C,0,-5.5737405,0.20164158940315247,0.8161683082580566,0.3231450617313385
YBR023C,YLR196W,0,-5.574708,0.20158644020557404,0.8161683082580566,0.3232558071613312
YMR129W,YFL008W,0,-5.5747933,0.2015313059091568,0.8161683082580566,0.32336655259132385
YCR020C-A,YML065W,0,-5.5761447,0.20147621631622314,0.8161683082580566,0.32347729802131653
YHR092C,YLR154C,0,-5.5761676,0.20142115652561188,0.8161683082580566,0.3235880434513092
YCR027C,YNL167C,0,-5.576652,0.201366126537323,0.8161683082580566,0.3236987888813019
YFL025C,YAL058W,1,-5.5768514,0.20158426463603973,0.8172757625579834,0.3236987888813019
YFR036W,YDR306C,1,-5.5771217,0.2018022984266281,0.8183831572532654,0.3236987888813019
YER183C,YGR212W,0,-5.577145,0.20174720883369446,0.8183831572532654,0.32380953431129456
YLR303W,YLR383W,0,-5.5772805,0.201692134141922,0.8183831572532654,0.32392027974128723
YML062C,YNL073W,0,-5.5775967,0.20163710415363312,0.8183831572532654,0.3240309953689575
YER052C,YDR013W,0,-5.5778646,0.20158210396766663,0.8183831572532654,0.3241417407989502
YPL100W,YML065W,0,-5.5787377,0.20152713358402252,0.8183831572532654,0.32425248622894287
YDR245W,YOR087W,0,-5.57964,0.2014721930027008,0.8183831572532654,0.32436323165893555
YNL041C,YMR247C,0,-5.5804496,0.20141728222370148,0.8183831572532654,0.3244739770889282
YOL158C,YDR508C,0,-5.581289,0.20136240124702454,0.8183831572532654,0.3245847225189209
YER173W,YBR231C,0,-5.581841,0.20130755007266998,0.8183831572532654,0.3246954679489136
YBL099W,YBR020W,0,-5.582001,0.20125272870063782,0.8183831572532654,0.32480621337890625
YOR076C,YAL001C,0,-5.5828547,0.20119793713092804,0.8183831572532654,0.32491692900657654
YDR174W,YOR224C,0,-5.584543,0.20114317536354065,0.8183831572532654,0.3250276744365692
YKL002W,YDR057W,1,-5.584954,0.2013605386018753,0.8194906115531921,0.3250276744365692
YJR074W,YOR373W,0,-5.5866814,0.20130576193332672,0.8194906115531921,0.3251384198665619
YPR018W,YOR137C,0,-5.5868535,0.20125101506710052,0.8194906115531921,0.32524916529655457
YMR012W,YJL013C,0,-5.5869384,0.20119629800319672,0.8194906115531921,0.32535991072654724
YOR185C,YDR296W,0,-5.587189,0.2011416107416153,0.8194906115531921,0.3254706561565399
YAL041W,YMR162C,0,-5.590279,0.20108695328235626,0.8194906115531921,0.3255814015865326
YOL067C,YKL196C,0,-5.590513,0.20103232562541962,0.8194906115531921,0.32569214701652527
YDR393W,YDR246W,0,-5.592068,0.20097772777080536,0.8194906115531921,0.32580289244651794
YPL233W,YPR190C,0,-5.5923276,0.2009231597185135,0.8194906115531921,0.32591360807418823
YOL082W,YDR513W,0,-5.592936,0.200868621468544,0.8194906115531921,0.3260243535041809
YER119C,YMR035W,0,-5.593535,0.2008141130208969,0.8194906115531921,0.3261350989341736
YLL031C,YNL167C,0,-5.593903,0.2007596343755722,0.8194906115531921,0.32624584436416626
YLL060C,YGR004W,0,-5.5944796,0.20070518553256989,0.8194906115531921,0.32635658979415894
YPL097W,YBR118W,0,-5.596915,0.20065076649188995,0.8194906115531921,0.3264673352241516
YKL046C,YDR077W,0,-5.597781,0.20059636235237122,0.8194906115531921,0.3265780806541443
YCR107W,YKR022C,0,-5.5982594,0.20054200291633606,0.8194906115531921,0.32668882608413696
YDR071C,YNL012W,0,-5.5983667,0.2004876732826233,0.8194906115531921,0.32679957151412964
YGR216C,YDR443C,0,-5.598451,0.2004333734512329,0.8194906115531921,0.3269102871417999
YBR035C,YGR211W,0,-5.598589,0.20037908852100372,0.8194906115531921,0.3270210325717926
YKL057C,YMR016C,0,-5.598869,0.20032484829425812,0.8194906115531921,0.3271317780017853
YER006W,YMR140W,0,-5.5995884,0.2002706378698349,0.8194906115531921,0.32724252343177795
YOL051W,YDR325W,0,-5.60078,0.20021645724773407,0.8194906115531921,0.32735326886177063
YGR188C,YKL139W,0,-5.601003,0.20016229152679443,0.8194906115531921,0.3274640142917633
YGR135W,YDR306C,1,-5.601836,0.20037858188152313,0.8205980062484741,0.3274640142917633
YGR009C,YPL234C,0,-5.602122,0.2003244161605835,0.8205980062484741,0.327574759721756
YER082C,YJR141W,0,-5.6022134,0.20027026534080505,0.8205980062484741,0.32768550515174866
YBL102W,YER118C,0,-5.6035633,0.2002161592245102,0.8205980062484741,0.32779622077941895
YGL094C,YLL016W,0,-5.6037602,0.20016206800937653,0.8205980062484741,0.3279069662094116
YPR167C,YKL075C,0,-5.6040716,0.20010802149772644,0.8205980062484741,0.3280177116394043
YJR135C,YDR178W,0,-5.6045604,0.20005398988723755,0.8205980062484741,0.328128457069397
YBR278W,YOR254C,0,-5.6048484,0.20000000298023224,0.8205980062484741,0.32823920249938965
YNL101W,YOR061W,0,-5.605055,0.19994603097438812,0.8205980062484741,0.3283499479293823
YCR027C,YLR026C,0,-5.605207,0.1998920887708664,0.8205980062484741,0.328460693359375
YIL150C,YDR011W,0,-5.6052303,0.19983819127082825,0.8205980062484741,0.3285714387893677
YGL181W,YHR060W,0,-5.6053066,0.1997843086719513,0.8205980062484741,0.32868218421936035
YPR144C,YCR084C,0,-5.605461,0.19973045587539673,0.8205980062484741,0.32879289984703064
YAR014C,YGR002C,0,-5.60611,0.19967663288116455,0.8205980062484741,0.3289036452770233
YIL008W,YGL212W,0,-5.606388,0.19962283968925476,0.8205980062484741,0.329014390707016
YPL218W,YBR024W,0,-5.6066384,0.19956907629966736,0.8205980062484741,0.32912513613700867
YLR189C,YPL146C,0,-5.6066937,0.19951534271240234,0.8205980062484741,0.32923588156700134
YMR042W,YDR122W,0,-5.606731,0.19946163892745972,0.8205980062484741,0.329346626996994
YPL244C,YJR141W,0,-5.607074,0.19940796494483948,0.8205980062484741,0.3294573724269867
YCR038C,YJL124C,0,-5.6070886,0.19935432076454163,0.8205980062484741,0.32956811785697937
YDR296W,YJR059W,0,-5.6075625,0.19930070638656616,0.8205980062484741,0.32967883348464966
YDR069C,YDR306C,1,-5.6077266,0.19951599836349487,0.8217054009437561,0.32967883348464966
YLR189C,YCL051W,0,-5.6078744,0.19946236908435822,0.8217054009437561,0.32978957891464233
YJR135C,YAL015C,0,-5.60799,0.19940875470638275,0.8217054009437561,0.329900324344635
YJL210W,YPR189W,0,-5.608152,0.19935518503189087,0.8217054009437561,0.3300110697746277
YOR195W,YDL159W,0,-5.608167,0.19930164515972137,0.8217054009437561,0.33012181520462036
YGR009C,YDR443C,0,-5.609595,0.19924812018871307,0.8217054009437561,0.33023256063461304
YCL044C,YPL218W,0,-5.6107755,0.19919462502002716,0.8217054009437561,0.3303433060646057
YLR043C,YOR270C,0,-5.611253,0.19914117455482483,0.8217054009437561,0.3304540514945984
YBR102C,YGR238C,0,-5.611668,0.1990877389907837,0.8217054009437561,0.33056479692459106
YML012W,YCR026C,0,-5.6116815,0.19903433322906494,0.8217054009437561,0.33067551255226135
YOR034C,YPL031C,0,-5.61283,0.19898095726966858,0.8217054009437561,0.33078625798225403
YLR347C,YHL009C,0,-5.612842,0.1989276111125946,0.8217054009437561,0.3308970034122467
YCR038C,YCR026C,0,-5.612912,0.19887429475784302,0.8217054009437561,0.3310077488422394
YDL197C,YMR047C,0,-5.6130457,0.19882100820541382,0.8217054009437561,0.33111849427223206
YDR138W,YOR332W,0,-5.6130824,0.198767751455307,0.8217054009437561,0.33122923970222473
YGR118W,YPL016W,0,-5.6139154,0.1987145096063614,0.8217054009437561,0.3313399851322174
YMR075W,YIL008W,0,-5.614191,0.19866131246089935,0.8217054009437561,0.3314507305622101
YOR103C,YPR007C,0,-5.6142054,0.1986081302165985,0.8217054009437561,0.33156147599220276
YCR020C-A,YDL081C,0,-5.614244,0.19855499267578125,0.8217054009437561,0.33167219161987305
YBR237W,YKL203C,0,-5.614328,0.19850187003612518,0.8217054009437561,0.3317829370498657
YOL042W,YLL016W,0,-5.614822,0.1984487771987915,0.8217054009437561,0.3318936824798584
YMR042W,YDR236C,0,-5.6156383,0.1983957290649414,0.8217054009437561,0.3320044279098511
YLR376C,YER031C,0,-5.6158123,0.1983426958322525,0.8217054009437561,0.33211517333984375
YOR113W,YOL008W,0,-5.61685,0.1982896775007248,0.8217054009437561,0.3322259187698364
YMR212C,YBR210W,0,-5.61705,0.19823670387268066,0.8217054009437561,0.3323366641998291
YBR288C,YOL066C,0,-5.617571,0.19818376004695892,0.8217054009437561,0.3324474096298218
YBR272C,YIL101C,0,-5.6183486,0.19813084602355957,0.8217054009437561,0.33255812525749207
YML060W,YNL054W,0,-5.6183577,0.1980779469013214,0.8217054009437561,0.33266887068748474
YMR172W,YLR136C,0,-5.6187825,0.19802509248256683,0.8217054009437561,0.3327796161174774
YNL004W,YAR010C,0,-5.6188207,0.19797225296497345,0.8217054009437561,0.3328903615474701
YOR074C,YLR455W,0,-5.619022,0.19791944324970245,0.8217054009437561,0.33300110697746277
YDR388W,YDR059C,0,-5.619401,0.19786666333675385,0.8217054009437561,0.33311185240745544
YJL089W,YOR089C,0,-5.6196914,0.19781391322612762,0.8217054009437561,0.3332225978374481
YNL259C,YDR076W,0,-5.6198106,0.1977611929178238,0.8217054009437561,0.3333333432674408
YOR185C,YPL174C,0,-5.6206737,0.19770850241184235,0.8217054009437561,0.33344408869743347
YHL002W,YDR055W,0,-5.621009,0.1976558268070221,0.8217054009437561,0.33355480432510376
YMR239C,YJR103W,0,-5.6217265,0.19760319590568542,0.8217054009437561,0.33366554975509644
YLR284C,YPL153C,0,-5.6222806,0.19755057990550995,0.8217054009437561,0.3337762951850891
YAL015C,YGR082W,0,-5.622421,0.19749800860881805,0.8217054009437561,0.3338870406150818
YGR104C,YLR447C,0,-5.6229186,0.19744545221328735,0.8217054009437561,0.33399778604507446
YDR120C,YMR134W,0,-5.6232553,0.19739292562007904,0.8217054009437561,0.33410853147506714
YMR012W,YHR012W,0,-5.6232753,0.19734042882919312,0.8217054009437561,0.3342192769050598
YBL097W,YLR032W,0,-5.623319,0.19728796184062958,0.8217054009437561,0.3343300223350525
YGL043W,YLR354C,0,-5.625876,0.19723550975322723,0.8217054009437561,0.33444076776504517
YGR009C,YGR082W,0,-5.6260037,0.19718310236930847,0.8217054009437561,0.33455148339271545
YGR261C,YPL244C,0,-5.6260695,0.1971307098865509,0.8217054009437561,0.33466222882270813
YGL174W,YPR007C,0,-5.626257,0.19707834720611572,0.8217054009437561,0.3347729742527008
YCR028C,YNL282W,0,-5.6266947,0.19702602922916412,0.8217054009437561,0.3348837196826935
YCR027C,YOL109W,0,-5.62674,0.19697372615337372,0.8217054009437561,0.33499446511268616
YKL208W,YJL089W,0,-5.6274147,0.1969214379787445,0.8217054009437561,0.33510521054267883
YIL140W,YNR048W,0,-5.6288366,0.19686919450759888,0.8217054009437561,0.3352159559726715
YGR004W,YOL109W,0,-5.629951,0.19681698083877563,0.8217054009437561,0.3353267014026642
YNL101W,YDR079C-A,0,-5.6307945,0.1967647820711136,0.8217054009437561,0.3354374170303345
YDR492W,YJL191W,0,-5.6309786,0.19671261310577393,0.8217054009437561,0.33554816246032715
YPL061W,YJR004C,0,-5.63144,0.19666048884391785,0.8217054009437561,0.3356589078903198
YNL059C,YLR246W,0,-5.632754,0.19660837948322296,0.8217054009437561,0.3357696533203125
YDR284C,YDL198C,0,-5.6330323,0.19655628502368927,0.8217054009437561,0.3358803987503052
YPL115C,YKR022C,0,-5.634688,0.19650423526763916,0.8217054009437561,0.33599114418029785
YMR065W,YDR443C,0,-5.635056,0.19645221531391144,0.8217054009437561,0.3361018896102905
YBL103C,YGR211W,0,-5.635715,0.1964002102613449,0.8217054009437561,0.3362126350402832
YPL190C,YHR098C,0,-5.6358476,0.19634823501110077,0.8217054009437561,0.3363233804702759
YMR162C,YDR284C,0,-5.636261,0.19629628956317902,0.8217054009437561,0.33643409609794617
YGR098C,YGR033C,0,-5.636769,0.19624437391757965,0.8217054009437561,0.33654484152793884
YBR102C,YOL067C,0,-5.6372795,0.19619248807430267,0.8217054009437561,0.3366555869579315
YJL006C,YKL113C,0,-5.63826,0.19614063203334808,0.8217054009437561,0.3367663323879242
YDL031W,YDR079C-A,0,-5.6385884,0.1960887908935547,0.8217054009437561,0.33687707781791687
YGL211W,YAL001C,0,-5.6391683,0.19603699445724487,0.8217054009437561,0.33698782324790955
YJL115W,YKL203C,0,-5.6392016,0.19598521292209625,0.8217054009437561,0.3370985686779022
YGL174W,YDL085W,0,-5.640057,0.19593346118927002,0.8217054009437561,0.3372093141078949
YML081C-A,YPL012W,0,-5.6414113,0.19588172435760498,0.8217054009437561,0.3373200297355652
YML078W,YMR080C,0,-5.6417937,0.19583003222942352,0.8217054009437561,0.33743077516555786
YNL110C,YKR053C,0,-5.6419473,0.19577836990356445,0.8217054009437561,0.33754152059555054
YAR002C-A,YLR459W,0,-5.6420302,0.19572672247886658,0.8217054009437561,0.3376522660255432
YOL082W,YDR205W,0,-5.6422877,0.1956751048564911,0.8217054009437561,0.3377630114555359
YLL009C,YGL168W,0,-5.6431065,0.195623517036438,0.8217054009437561,0.33787375688552856
YKL134C,YDL093W,0,-5.6431146,0.19557195901870728,0.8217054009437561,0.33798450231552124
YPR179C,YFL004W,0,-5.643155,0.19552041590213776,0.8217054009437561,0.3380952477455139
YJL179W,YKL108W,0,-5.6435475,0.19546891748905182,0.8217054009437561,0.3382059931755066
YDR099W,YJL006C,0,-5.6435504,0.19541743397712708,0.8217054009437561,0.3383167088031769
YKL179C,YPL019C,0,-5.6436014,0.19536598026752472,0.8217054009437561,0.33842745423316956
YML078W,YNL286W,0,-5.6438174,0.19531455636024475,0.8217054009437561,0.33853819966316223
YDR317W,YGR211W,0,-5.644298,0.19526316225528717,0.8217054009437561,0.3386489450931549
YOR316C,YKL049C,0,-5.644566,0.19521178305149078,0.8217054009437561,0.3387596905231476
YLR361C,YIL026C,0,-5.6447024,0.19516044855117798,0.8217054009437561,0.33887043595314026
YLR330W,YOL135C,0,-5.6449294,0.19510912895202637,0.8217054009437561,0.33898118138313293
YJL042W,YPR054W,0,-5.6449733,0.19505783915519714,0.8217054009437561,0.3390919268131256
YKL135C,YLR424W,0,-5.6463084,0.1950065642595291,0.8217054009437561,0.3392026722431183
YOL130W,YLR078C,0,-5.6463947,0.19495533406734467,0.8217054009437561,0.3393133878707886
YKL212W,YGR008C,0,-5.646745,0.1949041187763214,0.8217054009437561,0.33942413330078125
YMR199W,YDL081C,0,-5.647881,0.19485294818878174,0.8217054009437561,0.3395348787307739
YDR216W,YLR383W,0,-5.648098,0.19480179250240326,0.8217054009437561,0.3396456241607666
YPL059W,YJL012C,0,-5.6484704,0.19475065171718597,0.8217054009437561,0.3397563695907593
YAL058W,YEL012W,1,-5.6487527,0.19496195018291473,0.8228128552436829,0.3397563695907593
YMR212C,YPL233W,0,-5.6495404,0.19491080939769745,0.8228128552436829,0.33986711502075195
YDL100C,YAL015C,0,-5.649803,0.19485968351364136,0.8228128552436829,0.33997786045074463
YPL126W,YOR018W,0,-5.650642,0.19480860233306885,0.8228128552436829,0.3400886058807373
YMR047C,YAL001C,0,-5.6507454,0.19475753605365753,0.8228128552436829,0.3401993215084076
YBR207W,YOL067C,0,-5.650763,0.1947064995765686,0.8228128552436829,0.34031006693840027
YPL275W,YKL170W,0,-5.650986,0.19465549290180206,0.8228128552436829,0.34042081236839294
YML081C-A,YDL081C,0,-5.6509953,0.19460450112819672,0.8228128552436829,0.3405315577983856
YOR058C,YFL013C,0,-5.6512413,0.19455355405807495,0.8228128552436829,0.3406423032283783
YMR186W,YIL114C,0,-5.6518874,0.19450262188911438,0.8228128552436829,0.34075304865837097
YPL096C-A,YLR154C,0,-5.6528325,0.1944517195224762,0.8228128552436829,0.34086379408836365
YGL043W,YIL063C,0,-5.6532273,0.1944008320569992,0.8228128552436829,0.3409745395183563
YDR054C,YDR306C,1,-5.653464,0.1946115642786026,0.8239202499389648,0.3409745395183563
YEL018W,YNR048W,0,-5.654618,0.1945606768131256,0.8239202499389648,0.341085284948349
YPR155C,YEL054C,0,-5.6551356,0.19450980424880981,0.8239202499389648,0.3411960005760193
YHR026W,YKR001C,0,-5.6551814,0.1944589614868164,0.8239202499389648,0.34130674600601196
YDL030W,YDR086C,0,-5.655298,0.19440814852714539,0.8239202499389648,0.34141749143600464
YER017C,YMR095C,0,-5.6556687,0.19435736536979675,0.8239202499389648,0.3415282368659973
YOR112W,YLR134W,0,-5.656734,0.1943066120147705,0.8239202499389648,0.34163898229599
YBR272C,YGL090W,0,-5.6568446,0.19425587356090546,0.8239202499389648,0.34174972772598267
YCR075C,YML028W,0,-5.6579213,0.1942051649093628,0.8239202499389648,0.34186047315597534
YDL227C,YGL210W,0,-5.6594768,0.19415448606014252,0.8239202499389648,0.341971218585968
YOR113W,YLR052W,0,-5.659546,0.19410383701324463,0.8239202499389648,0.3420819342136383
YML057W,YLR129W,0,-5.6622534,0.19405320286750793,0.8239202499389648,0.342192679643631
YNL246W,YER031C,0,-5.6623855,0.19400261342525482,0.8239202499389648,0.34230342507362366
YJR082C,YBR237W,0,-5.662432,0.1939520388841629,0.8239202499389648,0.34241417050361633
YCR026C,YDR055W,0,-5.6630583,0.19390147924423218,0.8239202499389648,0.342524915933609
YML115C,YNL247W,0,-5.6654634,0.19385096430778503,0.8239202499389648,0.3426356613636017
YDR060W,YIL082W-A,0,-5.666244,0.19380046427249908,0.8239202499389648,0.34274640679359436
YEL015W,YKL113C,0,-5.6667266,0.19374999403953552,0.8239202499389648,0.34285715222358704
YAR010C,YPR158W-B,0,-5.6670346,0.19369955360889435,0.8239202499389648,0.3429678976535797
YOR113W,YJL025W,0,-5.667171,0.19364914298057556,0.8239202499389648,0.34307861328125
YPL262W,YGL257C,0,-5.6675267,0.19359874725341797,0.8239202499389648,0.3431893587112427
YEL012W,YIL017C,1,-5.668151,0.19380852580070496,0.8250277042388916,0.3431893587112427
YAL011W,YNR048W,0,-5.6684823,0.19375813007354736,0.8250277042388916,0.34330010414123535
YOR112W,YPL063W,0,-5.668942,0.19370774924755096,0.8250277042388916,0.343410849571228
YIL033C,YBR020W,0,-5.6690407,0.19365739822387695,0.8250277042388916,0.3435215950012207
YOL158C,YJR068W,0,-5.6701546,0.19360706210136414,0.8250277042388916,0.3436323404312134
YLL035W,YML055W,0,-5.6705027,0.1935567706823349,0.8250277042388916,0.34374308586120605
YNL173C,YER031C,0,-5.6705766,0.19350649416446686,0.8250277042388916,0.34385383129119873
YJL024C,YML061C,0,-5.6711946,0.1934562474489212,0.8250277042388916,0.3439645767211914
YJR059W,YPL045W,0,-5.6715875,0.19340601563453674,0.8250277042388916,0.3440752923488617
YDL031W,YJL102W,0,-5.671992,0.19335582852363586,0.8250277042388916,0.34418603777885437
YFR036W,YIL017W,1,-5.6727242,0.19356513023376465,0.8261350989341736,0.34418603777885437
YLR052W,YDL118W,0,-5.672978,0.19351491332054138,0.8261350989341736,0.34429678320884705
YDR202C,YGR033C,0,-5.673349,0.1934647262096405,0.8261350989341736,0.3444075286388397
YDR495C,YGR042W,0,-5.673392,0.193414568901062,0.8261350989341736,0.3445182740688324
YPL015C,YER154W,0,-5.6743636,0.1933644413948059,0.8261350989341736,0.3446290194988251
YKL179C,YCR020W-B,0,-5.6743875,0.193314328789711,0.8261350989341736,0.34473976492881775
YBR131W,YER173W,0,-5.6746593,0.19326424598693848,0.8261350989341736,0.3448505103588104
YNL281W,YMR080C,0,-5.6750746,0.19321419298648834,0.8261350989341736,0.3449612259864807
YBL009W,YIL016W,0,-5.675752,0.1931641697883606,0.8261350989341736,0.3450719714164734
YBR020W,YOR359W,0,-5.675969,0.19311416149139404,0.8261350989341736,0.34518271684646606
YDR529C,YDR545W,0,-5.6776133,0.19306418299674988,0.8261350989341736,0.34529346227645874
YMR260C,YDL235C,0,-5.677633,0.1930142343044281,0.8261350989341736,0.3454042077064514
YIL033C,YPL059W,0,-5.6776433,0.19296430051326752,0.8261350989341736,0.3455149531364441
YPL137C,YGL211W,0,-5.677898,0.19291439652442932,0.8261350989341736,0.34562569856643677
YDL013W,YKL188C,0,-5.67802,0.1928645223379135,0.8261350989341736,0.34573644399642944
YFR033C,YML131W,0,-5.6781116,0.1928146779537201,0.8261350989341736,0.3458471894264221
YIR017C,YLR360W,0,-5.67812,0.19276486337184906,0.8261350989341736,0.3459579050540924
YOR034C,YPL187W,0,-5.6783266,0.19271506369113922,0.8261350989341736,0.3460686504840851
YNL129W,YJR068W,0,-5.678786,0.19266529381275177,0.8261350989341736,0.34617939591407776
YGL090W,YNL201C,0,-5.6791673,0.1926155388355255,0.8261350989341736,0.34629014134407043
YER061C,YNL257C,0,-5.6795983,0.19256582856178284,0.8261350989341736,0.3464008867740631
YGR238C,YBR165W,0,-5.6798053,0.19251613318920135,0.8261350989341736,0.3465116322040558
YJL128C,YKL086W,0,-5.6805544,0.19246646761894226,0.8261350989341736,0.34662237763404846
YDR178W,YDR079C-A,0,-5.6818595,0.19241681694984436,0.8261350989341736,0.34673312306404114
YML078W,YPR032W,0,-5.6819043,0.19236719608306885,0.8261350989341736,0.3468438684940338
YPR183W,YML127W,0,-5.682108,0.19231760501861572,0.8261350989341736,0.3469545841217041
YLR028C,YMR087W,0,-5.68239,0.19226804375648499,0.8261350989341736,0.3470653295516968
YHR006W,YIL008W,0,-5.6839204,0.19221849739551544,0.8261350989341736,0.34717607498168945
YPL096W,YKL041W,1,-5.68393,0.19242657721042633,0.8272425532341003,0.34717607498168945
YBR023C,YLR222C,0,-5.683932,0.1923770308494568,0.8272425532341003,0.34728682041168213
YOL008W,YOR372C,0,-5.684175,0.19232749938964844,0.8272425532341003,0.3473975658416748
YJR049C,YGL039W,0,-5.684258,0.19227799773216248,0.8272425532341003,0.3475083112716675
YBR177C,YDL044C,0,-5.684405,0.1922285109758377,0.8272425532341003,0.34761905670166016
YCR033W,YLR043C,0,-5.684419,0.19217905402183533,0.8272425532341003,0.34772980213165283
YGR188C,YDR030C,0,-5.6844754,0.19212962687015533,0.8272425532341003,0.3478405177593231
YGR003W,YEL012W,1,-5.6847625,0.19233736395835876,0.8283499479293823,0.3478405177593231
YKL135C,YPL098C,0,-5.6848483,0.19228792190551758,0.8283499479293823,0.3479512631893158
YOR112W,YJR028W,0,-5.6854005,0.19223849475383759,0.8283499479293823,0.34806200861930847
YPR057W,YDL024C,0,-5.685463,0.19218911230564117,0.8283499479293823,0.34817275404930115
YCR071C,YGR186W,0,-5.6858764,0.19213974475860596,0.8283499479293823,0.3482834994792938
YPL117C,YDR296W,0,-5.6874404,0.19209039211273193,0.8283499479293823,0.3483942449092865
YBL084C,YDR069C,1,-5.687651,0.1922978162765503,0.8294573426246643,0.3483942449092865
YHR001W,YCL075W,0,-5.68788,0.19224846363067627,0.8294573426246643,0.3485049903392792
YDL197C,YOR089C,0,-5.6882367,0.19219912588596344,0.8294573426246643,0.34861573576927185
YCL024W,YDR470C,0,-5.68825,0.192149817943573,0.8294573426246643,0.3487264811992645
YJL024C,YGL183C,0,-5.6887503,0.19210053980350494,0.8294573426246643,0.3488371968269348
YDL031W,YPL274W,0,-5.6887774,0.19205127656459808,0.8294573426246643,0.3489479422569275
YLR116W,YOL129W,0,-5.692103,0.1920020580291748,0.8294573426246643,0.34905868768692017
YLR376C,YMR247C,0,-5.6924715,0.19195283949375153,0.8294573426246643,0.34916943311691284
YFR033C,YGR099W,0,-5.6929455,0.19190366566181183,0.8294573426246643,0.3492801785469055
YOL130W,YLR272C,0,-5.6932845,0.19185450673103333,0.8294573426246643,0.3493909239768982
YPR201W,YGL070C,0,-5.6936316,0.1918053776025772,0.8294573426246643,0.34950166940689087
YLL061W,YAL001C,0,-5.693912,0.19175627827644348,0.8294573426246643,0.34961241483688354
YPL174C,YHR098C,0,-5.694116,0.19170719385147095,0.8294573426246643,0.34972313046455383
YPL117C,YPL031C,0,-5.694506,0.1916581392288208,0.8294573426246643,0.3498338758945465
YCR028C,YPL137C,0,-5.695184,0.19160911440849304,0.8294573426246643,0.3499446213245392
YDL013W,YPL121C,0,-5.695255,0.19156010448932648,0.8294573426246643,0.35005536675453186
YGL045W,YOL072W,0,-5.6955814,0.1915111243724823,0.8294573426246643,0.35016611218452454
YGL030W,YBL102W,0,-5.6959004,0.1914621740579605,0.8294573426246643,0.3502768576145172
YER183C,YOR027W,0,-5.6962247,0.19141323864459991,0.8294573426246643,0.3503876030445099
YBR210W,YIL056W,0,-5.696358,0.1913643330335617,0.8294573426246643,0.35049834847450256
YGL070C,YOR270C,0,-5.6966624,0.1913154572248459,0.8294573426246643,0.35060909390449524
YGR216C,YOL072W,0,-5.6967645,0.19126659631729126,0.8294573426246643,0.3507198095321655
YKL016C,YDR515W,0,-5.6970243,0.19121776521205902,0.8294573426246643,0.3508305549621582
YBL085W,YGR098C,0,-5.6975694,0.19116896390914917,0.8294573426246643,0.3509413003921509
YCL024W,YMR134W,0,-5.6979327,0.1911201775074005,0.8294573426246643,0.35105204582214355
YCL055W,YDR122W,0,-5.6990714,0.19107143580913544,0.8294573426246643,0.35116279125213623
YIL048W,YBR196C,0,-5.699725,0.19102269411087036,0.8294573426246643,0.3512735366821289
YPR037C,YMR234W,0,-5.700644,0.19097399711608887,0.8294573426246643,0.3513842821121216
YNL099C,YLR383W,0,-5.70101,0.19092531502246857,0.8294573426246643,0.35149502754211426
YML078W,YCL043C,0,-5.701124,0.19087666273117065,0.8294573426246643,0.35160577297210693
YDR036C,YDR205W,0,-5.7012424,0.19082802534103394,0.8294573426246643,0.3517164885997772
YDR245W,YBL102W,0,-5.7012506,0.1907794177532196,0.8294573426246643,0.3518272340297699
YOL080C,YJR141W,0,-5.701651,0.19073083996772766,0.8294573426246643,0.3519379794597626
YCR075C,YGL195W,0,-5.7027946,0.1906822770833969,0.8294573426246643,0.35204872488975525
YML057W,YNL169C,0,-5.70294,0.19063374400138855,0.8294573426246643,0.3521594703197479
YPL115C,YKL179C,0,-5.704027,0.19058524072170258,0.8294573426246643,0.3522702157497406
YPL078C,YOR254C,0,-5.7047057,0.1905367523431778,0.8294573426246643,0.3523809611797333
YJL157C,YBL102W,0,-5.705939,0.1904882937669754,0.8294573426246643,0.35249170660972595
YDL200C,YGR104C,0,-5.7061796,0.1904398649930954,0.8294573426246643,0.35260242223739624
YHR070W,YJR103W,0,-5.7064476,0.19039146602153778,0.8294573426246643,0.3527131676673889
YPR182W,YDR545W,0,-5.7065806,0.19034308195114136,0.8294573426246643,0.3528239130973816
YLL016W,YNL253W,0,-5.7069345,0.19029471278190613,0.8294573426246643,0.35293465852737427
YGR244C,YGL035C,0,-5.7086687,0.1902463734149933,0.8294573426246643,0.35304540395736694
YNL135C,YGL039W,0,-5.7087255,0.19019806385040283,0.8294573426246643,0.3531561493873596
YNR058W,YLR039C,0,-5.7090974,0.19014978408813477,0.8294573426246643,0.3532668948173523
YKL054C,YEL012W,1,-5.7099743,0.1903553307056427,0.8305647969245911,0.3532668948173523
YIL063C,YDR545W,0,-5.710078,0.19030703604221344,0.8305647969245911,0.35337764024734497
YFL009W,YDR306C,1,-5.7112927,0.19051243364810944,0.831672191619873,0.35337764024734497
YEL009C,YPL152W,0,-5.711559,0.1904641091823578,0.831672191619873,0.35348838567733765
YDL188C,YJL025W,0,-5.7116446,0.19041581451892853,0.831672191619873,0.35359910130500793
YJL196C,YLR039C,0,-5.712649,0.19036754965782166,0.831672191619873,0.3537098467350006
YGR216C,YNL247W,0,-5.712794,0.19031931459903717,0.831672191619873,0.3538205921649933
YNL221C,YNL163C,0,-5.7132196,0.19027109444141388,0.831672191619873,0.35393133759498596
YGR041W,YGR074W,0,-5.7134337,0.19022290408611298,0.831672191619873,0.35404208302497864
YHR099W,YJR026W,0,-5.7139688,0.19017472863197327,0.831672191619873,0.3541528284549713
YLR170C,YHR026W,0,-5.7142453,0.19012658298015594,0.831672191619873,0.354263573884964
YKL084W,YIL048W,0,-5.7146072,0.190078467130661,0.831672191619873,0.35437431931495667
YNR030W,YOR057W,0,-5.715384,0.19003036618232727,0.831672191619873,0.35448503494262695
YIL150C,YOL135C,0,-5.7167225,0.18998229503631592,0.831672191619873,0.35459578037261963
YBR185C,YPL274W,0,-5.717411,0.18993423879146576,0.831672191619873,0.3547065258026123
YJR074W,YOL040C,0,-5.7175207,0.18988622725009918,0.831672191619873,0.354817271232605
YNL094W,YPR041W,0,-5.717772,0.1898382157087326,0.831672191619873,0.35492801666259766
YHR026W,YOR143C,0,-5.7178273,0.1897902488708496,0.831672191619873,0.35503876209259033
YKR027W,YBL100W-B,0,-5.718556,0.1897422969341278,0.831672191619873,0.355149507522583
YNL059C,YOR027W,0,-5.7198257,0.1896943598985672,0.831672191619873,0.3552602529525757
YBR177C,YKL075C,0,-5.7202063,0.18964646756649017,0.831672191619873,0.35537099838256836
YCR075C,YPR168W,0,-5.7203145,0.18959859013557434,0.831672191619873,0.35548171401023865
YLL061W,YIL016W,0,-5.720635,0.1895507276058197,0.831672191619873,0.3555924594402313
YPL015C,YGL257C,0,-5.7207828,0.18950289487838745,0.831672191619873,0.355703204870224
YJR001W,YPR182W,0,-5.7208095,0.1894550919532776,0.831672191619873,0.3558139503002167
YGR113W,YJR074W,0,-5.7210836,0.1894073188304901,0.831672191619873,0.35592469573020935
YPR037C,YGL045W,0,-5.7213445,0.18935956060886383,0.831672191619873,0.356035441160202
YDR079C-A,YCR084C,0,-5.7221746,0.18931181728839874,0.831672191619873,0.3561461865901947
YKL022C,YAL058W,1,-5.722522,0.1895161271095276,0.8327796459197998,0.3561461865901947
YMR042W,YJL157C,0,-5.7229786,0.1894683837890625,0.8327796459197998,0.3562569320201874
YJR150C,YCR071C,0,-5.7230396,0.1894206553697586,0.8327796459197998,0.35636767745018005
YCR075C,YOR305W,0,-5.723532,0.1893729567527771,0.8327796459197998,0.35647839307785034
YAL010C,YLR116W,0,-5.7247877,0.1893252730369568,0.8327796459197998,0.356589138507843
YML067C,YHR026W,0,-5.725163,0.18927761912345886,0.8327796459197998,0.3566998839378357
YGR238C,YJL089W,0,-5.725185,0.18922999501228333,0.8327796459197998,0.35681062936782837
YGL178W,YER103W,0,-5.725214,0.18918238580226898,0.8327796459197998,0.35692137479782104
YOL042W,YJL025W,0,-5.7254376,0.18913480639457703,0.8327796459197998,0.3570321202278137
YLR242C,YEL056W,0,-5.7254605,0.18908725678920746,0.8327796459197998,0.3571428656578064
YGL090W,YKL014C,0,-5.7264686,0.18903972208499908,0.8327796459197998,0.3572536110877991
YOR058C,YPL268W,0,-5.726914,0.1889922022819519,0.8327796459197998,0.35736432671546936
YBR131W,YGL112C,0,-5.7270865,0.1889447271823883,0.8327796459197998,0.35747507214546204
YIR009W,YIR041W,0,-5.7272315,0.1888972669839859,0.8327796459197998,0.3575858175754547
YMR301C,YDR164C,0,-5.727872,0.1888498216867447,0.8327796459197998,0.3576965630054474
YDR198C,YNL247W,0,-5.7281146,0.18880240619182587,0.8327796459197998,0.35780730843544006
YOR270C,YJL141C,0,-5.729303,0.18875502049922943,0.8327796459197998,0.35791805386543274
YDR529C,YBR231C,0,-5.729487,0.1887076497077942,0.8327796459197998,0.3580287992954254
YBR217W,YGL210W,0,-5.7297606,0.18866030871868134,0.8327796459197998,0.3581395447254181
YDR236C,YPR007C,0,-5.7300434,0.18861299753189087,0.8327796459197998,0.35825029015541077
YBL103C,YLR383W,0,-5.7306867,0.1885657012462616,0.8327796459197998,0.35836100578308105
YLR210W,YGL090W,0,-5.7308784,0.18851841986179352,0.8327796459197998,0.35847175121307373
YDR529C,YDR470C,0,-5.7309494,0.18847118318080902,0.8327796459197998,0.3585824966430664
YPR041W,YBL100W-B,0,-5.7310677,0.18842394649982452,0.8327796459197998,0.3586932420730591
YNL201C,YIL076W,0,-5.7343616,0.1883767545223236,0.8327796459197998,0.35880398750305176
YKR003W,YGR099W,0,-5.7344418,0.1883295774459839,0.8327796459197998,0.35891473293304443
YGL084C,YML062C,0,-5.7345395,0.18828243017196655,0.8327796459197998,0.3590254783630371
YLR098C,YLR032W,0,-5.73661,0.1882352977991104,0.8327796459197998,0.3591362237930298
YLR170C,YKL108W,0,-5.736734,0.18818819522857666,0.8327796459197998,0.35924696922302246
YPR201W,YPL100W,0,-5.73784,0.1881411075592041,0.8327796459197998,0.35935768485069275
YGR003W,YNR026C,1,-5.7380996,0.18834416568279266,0.8338870406150818,0.35935768485069275
YIR017C,YBR022W,0,-5.738319,0.1882970780134201,0.8338870406150818,0.3594684302806854
YCR071C,YNL054W,0,-5.739061,0.18825000524520874,0.8338870406150818,0.3595791757106781
YGL183C,YPR032W,0,-5.7398286,0.18820294737815857,0.8338870406150818,0.3596899211406708
YBR274W,YOR061W,0,-5.740068,0.1881559193134308,0.8338870406150818,0.35980066657066345
YPL233W,YOL066C,0,-5.740967,0.1881089210510254,0.8338870406150818,0.35991141200065613
YFL009W,YNR026C,1,-5.7420993,0.18831168115139008,0.8349944353103638,0.35991141200065613
YNL177C,YJR141W,0,-5.7434635,0.1882646679878235,0.8349944353103638,0.3600221574306488
YEL034W,YLR383W,0,-5.7436814,0.1882176697254181,0.8349944353103638,0.3601329028606415
YDL192W,YBR131W,0,-5.743726,0.18817070126533508,0.8349944353103638,0.36024361848831177
YPL235W,YDL235C,0,-5.7443414,0.18812374770641327,0.8349944353103638,0.36035436391830444
YML098W,YEL004W,0,-5.7456822,0.18807682394981384,0.8349944353103638,0.3604651093482971
YBR131W,YOR216C,0,-5.7457585,0.1880299299955368,0.8349944353103638,0.3605758547782898
YMR128W,YOL067C,0,-5.7460546,0.18798305094242096,0.8349944353103638,0.36068660020828247
YIL062C,YCR020W-B,0,-5.7461095,0.1879361867904663,0.8349944353103638,0.36079734563827515
YOR373W,YER018C,0,-5.746114,0.18788935244083405,0.8349944353103638,0.3609080910682678
YLR284C,YGR239C,0,-5.746307,0.18784254789352417,0.8349944353103638,0.3610188364982605
YEL031W,YOR332W,0,-5.746695,0.18779577314853668,0.8349944353103638,0.3611295819282532
YBL080C,YGL205W,0,-5.74814,0.1877489984035492,0.8349944353103638,0.36124029755592346
YDR254W,YNL004W,0,-5.7525954,0.1877022683620453,0.8349944353103638,0.36135104298591614
YDL031W,YML045W,0,-5.7528334,0.18765555322170258,0.8349944353103638,0.3614617884159088
YMR140W,YDR011W,0,-5.753218,0.18760885298252106,0.8349944353103638,0.3615725338459015
YOR371C,YER116C,0,-5.7532296,0.18756218254566193,0.8349944353103638,0.36168327927589417
YOL008W,YNL241C,0,-5.7532563,0.18751554191112518,0.8349944353103638,0.36179402470588684
YIL062C,YAL012W,0,-5.753397,0.18746891617774963,0.8349944353103638,0.3619047701358795
YDR030C,YBL100W-B,0,-5.7540784,0.18742232024669647,0.8349944353103638,0.3620155155658722
YBR243C,YDL044C,0,-5.7545323,0.1873757392168045,0.8349944353103638,0.3621262311935425
YOR087W,YNL313C,0,-5.7567906,0.18732918798923492,0.8349944353103638,0.36223697662353516
YEL054C,YJR028W,0,-5.7574415,0.18728266656398773,0.8349944353103638,0.36234772205352783
YAR002C-A,YIL048W,0,-5.7575836,0.18723616003990173,0.8349944353103638,0.3624584674835205
YJL005W,YNR023W,0,-5.7576184,0.18718966841697693,0.8349944353103638,0.3625692129135132
YNL292W,YJL156C,0,-5.758457,0.1871432065963745,0.8349944353103638,0.36267995834350586
YJL025W,YCR033W,0,-5.7590985,0.18709677457809448,0.8349944353103638,0.36279070377349854
YGL257C,YML115C,0,-5.759439,0.18705035746097565,0.8349944353103638,0.3629014492034912
YPR057W,YOL051W,0,-5.759662,0.1870039701461792,0.8349944353103638,0.3630121946334839
YLR060W,YIL048W,0,-5.7600837,0.18695759773254395,0.8349944353103638,0.3631229102611542
YDL099W,YML060W,0,-5.760753,0.18691125512123108,0.8349944353103638,0.36323365569114685
YFL009W,YIL017C,1,-5.760816,0.18711276352405548,0.8361018896102905,0.36323365569114685
YBR207W,YMR035W,0,-5.761976,0.18706640601158142,0.8361018896102905,0.3633444011211395
YDR446W,YOL127W,0,-5.7620378,0.18702006340026855,0.8361018896102905,0.3634551465511322
YNL286W,YPL026C,0,-5.763108,0.18697375059127808,0.8361018896102905,0.3635658919811249
YOR244W,YFL058W,0,-5.763142,0.1869274526834488,0.8361018896102905,0.36367663741111755
YOL080C,YIL076W,0,-5.7639265,0.1868811845779419,0.8361018896102905,0.36378738284111023
YPR167C,YPL045W,0,-5.7648516,0.18683494627475739,0.8361018896102905,0.3638981282711029
YCL025C,YDR174W,0,-5.764973,0.18678872287273407,0.8361018896102905,0.3640088737010956
YJR105W,YMR140W,0,-5.765976,0.18674251437187195,0.8361018896102905,0.36411958932876587
YLR394W,YKL099C,0,-5.766156,0.18669633567333221,0.8361018896102905,0.36423033475875854
YLR394W,YNR032C-A,0,-5.7665987,0.18665018677711487,0.8361018896102905,0.3643410801887512
YJR074W,YDL081C,0,-5.7667103,0.18660405278205872,0.8361018896102905,0.3644518256187439
YBL080C,YJR028W,0,-5.766812,0.18655794858932495,0.8361018896102905,0.3645625710487366
YCL040W,YDR443C,0,-5.767339,0.18651185929775238,0.8361018896102905,0.36467331647872925
YJR068W,YNL247W,0,-5.7673755,0.1864657998085022,0.8361018896102905,0.3647840619087219
YDR099W,YKL154W,0,-5.769009,0.1864197552204132,0.8361018896102905,0.3648948073387146
YGR231C,YER103W,0,-5.769984,0.1863737404346466,0.8361018896102905,0.3650055229663849
YOR372C,YGR251W,0,-5.7700505,0.1863277405500412,0.8361018896102905,0.36511626839637756
YMR301C,YJL141C,0,-5.771175,0.18628177046775818,0.8361018896102905,0.36522701382637024
YLR384C,YDR473C,0,-5.7713504,0.18623581528663635,0.8361018896102905,0.3653377592563629
YNL245C,YLR080W,0,-5.7716393,0.18618988990783691,0.8361018896102905,0.3654485046863556
YKL208W,YPR189W,0,-5.7718043,0.18614397943019867,0.8361018896102905,0.36555925011634827
YOR245C,YMR227C,0,-5.771852,0.1860980987548828,0.8361018896102905,0.36566999554634094
YPL204W,YBR231C,0,-5.7723904,0.18605224788188934,0.8361018896102905,0.3657807409763336
YOR372C,YGL095C,0,-5.772595,0.18600641191005707,0.8361018896102905,0.3658914864063263
YLR060W,YJL124C,0,-5.7727995,0.185960590839386,0.8361018896102905,0.3660022020339966
YKL057C,YDR393W,0,-5.772935,0.1859147995710373,0.8361018896102905,0.36611294746398926
YML012W,YDR311W,0,-5.7738833,0.1858690232038498,0.8361018896102905,0.36622369289398193
YNL292W,YPR165W,0,-5.7739534,0.18582327663898468,0.8361018896102905,0.3663344383239746
YPL055C,YMR313C,0,-5.774304,0.18577755987644196,0.8361018896102905,0.3664451837539673
YDL227C,YDR388W,0,-5.774585,0.18573185801506042,0.8361018896102905,0.36655592918395996
YOR254C,YMR045C,0,-5.77497,0.1856861710548401,0.8361018896102905,0.36666667461395264
YMR080C,YER005W,0,-5.77585,0.18564051389694214,0.8361018896102905,0.3667774200439453
YOR076C,YLR272C,0,-5.7767787,0.18559488654136658,0.8361018896102905,0.366888165473938
YPL202C,YPR094W,0,-5.7772717,0.1855492740869522,0.8361018896102905,0.3669988811016083
YIL016W,YNL054W,0,-5.7778163,0.18550369143486023,0.8361018896102905,0.36710962653160095
YMR016C,YJL141C,0,-5.7781453,0.18545812368392944,0.8361018896102905,0.36722037196159363
YPR168W,YKL134C,0,-5.7782235,0.18541257083415985,0.8361018896102905,0.3673311173915863
YIL062C,YEL034W,0,-5.7785354,0.18536704778671265,0.8361018896102905,0.367441862821579
YER052C,YLR360W,0,-5.7791114,0.18532155454158783,0.8361018896102905,0.36755260825157166
YPL275W,YML045W,0,-5.779365,0.1852760761976242,0.8361018896102905,0.36766335368156433
YDL099W,YMR260C,0,-5.7797856,0.18523061275482178,0.8361018896102905,0.367774099111557
YGL209W,YDR082W,0,-5.779816,0.18518517911434174,0.8361018896102905,0.3678848147392273
YML067C,YOR305W,0,-5.7800736,0.18513977527618408,0.8361018896102905,0.36799556016921997
YOL127W,YDR443C,0,-5.7804227,0.18509438633918762,0.8361018896102905,0.36810630559921265
YNL041C,YPR182W,0,-5.7810445,0.18504901230335236,0.8361018896102905,0.3682170510292053
YHR001W,YBR055C,0,-5.781367,0.18500368297100067,0.8361018896102905,0.368327796459198
YIR019C,YKR003W,0,-5.7815666,0.184958353638649,0.8361018896102905,0.3684385418891907
YGL191W,YMR004W,0,-5.7817454,0.1849130541086197,0.8361018896102905,0.36854928731918335
YDR016C,YGR007W,0,-5.7817883,0.1848677694797516,0.8361018896102905,0.368660032749176
YPR083W,YOR305W,0,-5.7825465,0.18482251465320587,0.8361018896102905,0.3687707781791687
YML127W,YML055W,0,-5.7830167,0.18477728962898254,0.8361018896102905,0.368881493806839
YDR174W,YJL112W,0,-5.783595,0.1847320795059204,0.8361018896102905,0.36899223923683167
YML057W,YLR043C,0,-5.783662,0.18468688428401947,0.8361018896102905,0.36910298466682434
YKL134C,YGR129W,0,-5.7845316,0.18464171886444092,0.8361018896102905,0.369213730096817
YDR284C,YCR075C,0,-5.7868032,0.18459658324718475,0.8361018896102905,0.3693244755268097
YOR327C,YBR162C,0,-5.7875223,0.1845514476299286,0.8361018896102905,0.36943522095680237
YFL025C,YNL230C,1,-5.7878666,0.1847507357597351,0.8372092843055725,0.36943522095680237
YPL275W,YML104C,0,-5.788651,0.18470560014247894,0.8372092843055725,0.36954596638679504
YCL051W,YBL050W,0,-5.790113,0.18466047942638397,0.8372092843055725,0.3696567118167877
YOL008W,YHR065C,0,-5.790659,0.1846153885126114,0.8372092843055725,0.369767427444458
YCR107W,YKR038C,0,-5.792483,0.1845703125,0.8372092843055725,0.3698781728744507
YER019C-A,YDR362C,0,-5.79274,0.184525266289711,0.8372092843055725,0.36998891830444336
YOR185C,YOR018W,0,-5.7931495,0.1844802349805832,0.8372092843055725,0.37009966373443604
YML081C-A,YNL246W,0,-5.794527,0.18443523347377777,0.8372092843055725,0.3702104091644287
YOR150W,YJR145C,0,-5.794753,0.18439024686813354,0.8372092843055725,0.3703211545944214
YJR125C,YLR376C,0,-5.7953167,0.1843452751636505,0.8372092843055725,0.37043190002441406
YLR026C,YGL210W,0,-5.795516,0.18430034816265106,0.8372092843055725,0.37054264545440674
YOR373W,YKL126W,0,-5.796181,0.1842554211616516,0.8372092843055725,0.3706533908843994
YHL031C,YBL046W,0,-5.79629,0.18421052396297455,0.8372092843055725,0.3707641065120697
YMR172W,YHR098C,0,-5.7964625,0.18416565656661987,0.8372092843055725,0.3708748519420624
YDR116C,YEL031W,0,-5.7973266,0.1841208040714264,0.8372092843055725,0.37098559737205505
YDR182W,YGL115W,0,-5.797447,0.1840759664773941,0.8372092843055725,0.37109634280204773
YBR247C,YJL013C,0,-5.7980037,0.1840311586856842,0.8372092843055725,0.3712070882320404
YOR279C,YGR186W,0,-5.798409,0.1839863657951355,0.8372092843055725,0.3713178336620331
YPR006C,YOR109W,0,-5.7984934,0.18394160270690918,0.8372092843055725,0.37142857909202576
YGR261C,YJR074W,0,-5.7990475,0.18389686942100525,0.8372092843055725,0.37153932452201843
YCR020C-A,YPL190C,0,-5.7990966,0.18385213613510132,0.8372092843055725,0.3716500699520111
YNL163C,YGR251W,0,-5.7994094,0.18380743265151978,0.8372092843055725,0.3717607855796814
YBL085W,YMR129W,0,-5.799445,0.18376275897026062,0.8372092843055725,0.3718715310096741
YNR032W,YDR416W,0,-5.800224,0.18371810019016266,0.8372092843055725,0.37198227643966675
YGR216C,YDR393W,0,-5.8005733,0.18367347121238708,0.8372092843055725,0.3720930218696594
YLL060C,YDL028C,0,-5.8015447,0.1836288571357727,0.8372092843055725,0.3722037672996521
YIR019C,YPR133C,0,-5.8017716,0.18358425796031952,0.8372092843055725,0.3723145127296448
YPL061W,YKR066C,0,-5.801896,0.18353968858718872,0.8372092843055725,0.37242525815963745
YMR067C,YDR306C,1,-5.802531,0.1837378591299057,0.8383167386054993,0.37242525815963745
YNL001W,YKL212W,0,-5.8025875,0.1836932748556137,0.8383167386054993,0.3725360035896301
YGR009C,YNL202W,0,-5.8028455,0.1836487203836441,0.8383167386054993,0.3726467192173004
YGR186W,YLR043C,0,-5.802902,0.1836041659116745,0.8383167386054993,0.3727574646472931
YPR005C,YER005W,0,-5.803353,0.18355965614318848,0.8383167386054993,0.37286821007728577
YJL157C,YOR372C,0,-5.803461,0.18351514637470245,0.8383167386054993,0.37297895550727844
YNR058W,YOR109W,0,-5.804084,0.18347066640853882,0.8383167386054993,0.3730897009372711
YKL055C,YBR024W,0,-5.8043323,0.18342621624469757,0.8383167386054993,0.3732004463672638
YPL231W,YPL059W,0,-5.8045,0.18338178098201752,0.8383167386054993,0.37331119179725647
YBL097W,YKL149C,0,-5.805487,0.18333737552165985,0.8383167386054993,0.37342193722724915
YPL167C,YEL024W,0,-5.8055406,0.18329298496246338,0.8383167386054993,0.3735326826572418
YGR003W,YDR306C,1,-5.805567,0.18349067866802216,0.8394241333007812,0.3735326826572418
YGL174W,YDR529C,0,-5.8055773,0.1834462732076645,0.8394241333007812,0.3736433982849121
YOR109W,YNL173C,0,-5.806521,0.18340188264846802,0.8394241333007812,0.3737541437149048
YDR216W,YDR404C,0,-5.8068814,0.18335752189159393,0.8394241333007812,0.37386488914489746
YKR082W,YOR036W,0,-5.8070416,0.18331317603588104,0.8394241333007812,0.37397563457489014
YDR276C,YER018C,0,-5.807454,0.18326885998249054,0.8394241333007812,0.3740863800048828
YMR199W,YML034W,0,-5.8080583,0.18322455883026123,0.8394241333007812,0.3741971254348755
YML094W,YNL110C,0,-5.809023,0.1831802874803543,0.8394241333007812,0.37430787086486816
YDR036C,YDL227C,0,-5.809194,0.1831360161304474,0.8394241333007812,0.37441861629486084
YLR330W,YMR162C,0,-5.8096614,0.18309178948402405,0.8394241333007812,0.37452933192253113
YOR113W,YBR024W,0,-5.810283,0.1830475777387619,0.8394241333007812,0.3746400773525238
YOR386W,YGL205W,0,-5.8106527,0.18300338089466095,0.8394241333007812,0.3747508227825165
YFL005W,YGR074W,0,-5.8107343,0.18295921385288239,0.8394241333007812,0.37486156821250916
YOR113W,YML057W,0,-5.811482,0.18291506171226501,0.8394241333007812,0.37497231364250183
YMR186W,YMR285C,0,-5.811579,0.18287092447280884,0.8394241333007812,0.3750830590724945
YCR026C,YBL093C,0,-5.812383,0.18282681703567505,0.8394241333007812,0.3751938045024872
YNR027W,YEL018W,0,-5.812652,0.18278273940086365,0.8394241333007812,0.37530454993247986
YOR034C,YGR256W,0,-5.8129244,0.18273867666721344,0.8394241333007812,0.37541529536247253
YMR301C,YJR068W,0,-5.813476,0.18269462883472443,0.8394241333007812,0.3755260109901428
YDL099W,YMR211W,0,-5.8136525,0.1826505959033966,0.8394241333007812,0.3756367564201355
YEL015W,YER173W,0,-5.8144383,0.18260660767555237,0.8394241333007812,0.3757475018501282
YDR245W,YGR195W,0,-5.8144603,0.18256261944770813,0.8394241333007812,0.37585824728012085
YCR038C,YAL011W,0,-5.8157706,0.18251866102218628,0.8394241333007812,0.3759689927101135
YJL124C,YNL149C,0,-5.815862,0.18247471749782562,0.8394241333007812,0.3760797381401062
YOL094C,YML045W,0,-5.8164682,0.18243080377578735,0.8394241333007812,0.3761904835700989
YPL117C,YBR035C,0,-5.817363,0.18238690495491028,0.8394241333007812,0.37630122900009155
YNR032W,YER031C,0,-5.8177905,0.1823430359363556,0.8394241333007812,0.37641197443008423
YDR236C,YBL093C,0,-5.8182406,0.1822991818189621,0.8394241333007812,0.3765226900577545
YGL071W,YLR034C,0,-5.819411,0.1822553426027298,0.8394241333007812,0.3766334354877472
YFL025C,YBR273C,1,-5.820658,0.18245191872119904,0.840531587600708,0.3766334354877472
YDR194C,YPL063W,0,-5.8210063,0.18240807950496674,0.840531587600708,0.37674418091773987
YFR036W,YNL230C,1,-5.821387,0.18260452151298523,0.84163898229599,0.37674418091773987
YPR007C,YPL232W,0,-5.8214784,0.18256065249443054,0.84163898229599,0.37685492634773254
YDR256C,YMR140W,0,-5.8222523,0.18251681327819824,0.84163898229599,0.3769656717777252
YKL208W,YNL055C,0,-5.822708,0.18247298896312714,0.84163898229599,0.3770764172077179
YHR055C,YLR386W,0,-5.8227353,0.18242919445037842,0.84163898229599,0.37718716263771057
YAR014C,YDR429C,0,-5.823217,0.1823854148387909,0.84163898229599,0.37729790806770325
YLR242C,YLR262C,0,-5.823338,0.18234165012836456,0.84163898229599,0.37740862369537354
YIL112W,YDL093W,0,-5.8241043,0.18229791522026062,0.84163898229599,0.3775193691253662
YDR198C,YPR133C,0,-5.8246865,0.18225419521331787,0.84163898229599,0.3776301145553589
YER173W,YFL004W,0,-5.826267,0.1822105050086975,0.84163898229599,0.37774085998535156
YPL100W,YNL232W,0,-5.826278,0.18216682970523834,0.84163898229599,0.37785160541534424
YJR001W,YKL057C,0,-5.8268666,0.18212316930294037,0.84163898229599,0.3779623508453369
YAR002W,YLR386W,0,-5.827433,0.18207953870296478,0.84163898229599,0.3780730962753296
YML081C-A,YNR039C,0,-5.8279977,0.1820359230041504,0.84163898229599,0.37818384170532227
YIL062C,YHL003C,0,-5.8292966,0.1819923371076584,0.84163898229599,0.37829458713531494
YJL115W,YDR246W,0,-5.83108,0.18194876611232758,0.84163898229599,0.37840530276298523
YLR116W,YML065W,0,-5.831973,0.18190522491931915,0.84163898229599,0.3785160481929779
YGL043W,YOR057W,0,-5.8332944,0.18186168372631073,0.84163898229599,0.3786267936229706
YPL227C,YHR012W,0,-5.833361,0.1818181872367859,0.84163898229599,0.37873753905296326
YBR161W,YER032W,0,-5.8334837,0.18177469074726105,0.84163898229599,0.37884828448295593
YBL079W,YCR033W,0,-5.834814,0.1817312240600586,0.84163898229599,0.3789590299129486
YKL016C,YML060W,0,-5.8351054,0.18168778717517853,0.84163898229599,0.3790697753429413
YKL139W,YDL024C,0,-5.835307,0.18164436519145966,0.84163898229599,0.37918052077293396
YLR052W,YCR026C,0,-5.835365,0.18160095810890198,0.84163898229599,0.37929126620292664
YHR092C,YKL196C,0,-5.8356705,0.1815575659275055,0.84163898229599,0.3794019818305969
YNL135C,YER123W,0,-5.8367276,0.1815142035484314,0.84163898229599,0.3795127272605896
YJL014W,YKL057C,0,-5.8382387,0.1814708709716797,0.84163898229599,0.3796234726905823
YMR162C,YLR136C,0,-5.8391933,0.18142755329608917,0.84163898229599,0.37973421812057495
YLR034C,YGR013W,0,-5.84076,0.18138425052165985,0.84163898229599,0.3798449635505676
YIL140W,YJL204C,0,-5.8407683,0.18134096264839172,0.84163898229599,0.3799557089805603
YBR217W,YIL150C,0,-5.8410463,0.18129770457744598,0.84163898229599,0.380066454410553
YDL226C,YBR024W,0,-5.8410926,0.18125447630882263,0.84163898229599,0.38017719984054565
YDR082W,YKL214C,0,-5.841317,0.18121124804019928,0.84163898229599,0.38028791546821594
YML078W,YBR118W,0,-5.8418026,0.1811680644750595,0.84163898229599,0.3803986608982086
YNL230C,YBR082C,1,-5.8418617,0.18136321008205414,0.842746376991272,0.3803986608982086
YAR019C,YOR039W,0,-5.842568,0.18131999671459198,0.842746376991272,0.3805094063282013
YHL003C,YCL043C,0,-5.844092,0.18127679824829102,0.842746376991272,0.38062015175819397
YKL046C,YDL024C,0,-5.844642,0.18123362958431244,0.842746376991272,0.38073089718818665
YDL227C,YNL129W,0,-5.8452816,0.18119047582149506,0.842746376991272,0.3808416426181793
YBR035C,YGR042W,0,-5.8464513,0.18114735186100006,0.842746376991272,0.380952388048172
YEL015W,YMR234W,0,-5.846493,0.18110424280166626,0.842746376991272,0.3810631334781647
YBL097W,YMR087W,0,-5.846605,0.18106114864349365,0.842746376991272,0.38117387890815735
YDL200C,YLR316C,0,-5.847386,0.18101808428764343,0.842746376991272,0.38128459453582764
YEL036C,YJR026W,0,-5.8475337,0.1809750348329544,0.842746376991272,0.3813953399658203
YCR038C,YNL245C,0,-5.847552,0.18093200027942657,0.842746376991272,0.381506085395813
YDL028C,YDR429C,0,-5.848683,0.18088899552822113,0.842746376991272,0.38161683082580566
YDR388W,YJR141W,0,-5.8491564,0.18084600567817688,0.842746376991272,0.38172757625579834
YPR137W,YBR127C,0,-5.849292,0.18080304563045502,0.842746376991272,0.381838321685791
YOL086C,YLR105C,0,-5.849776,0.18076010048389435,0.842746376991272,0.3819490671157837
YKR027W,YOR074C,0,-5.849957,0.18071717023849487,0.842746376991272,0.38205981254577637
YNL173C,YOR110W,0,-5.850674,0.18067426979541779,0.842746376991272,0.38217052817344666
YPL153C,YLR354C,0,-5.850686,0.1806313842535019,0.842746376991272,0.38228127360343933
YOR057W,YMR087W,0,-5.850752,0.1805885136127472,0.842746376991272,0.382392019033432
YCL051W,YLR139C,0,-5.851459,0.18054567277431488,0.842746376991272,0.3825027644634247
YGL094C,YOL006C,0,-5.851525,0.18050284683704376,0.842746376991272,0.38261350989341736
YMR199W,YOL149W,0,-5.8522663,0.18046003580093384,0.842746376991272,0.38272425532341003
YKR027W,YPL011C,0,-5.8523655,0.1804172545671463,0.842746376991272,0.3828350007534027
YBR177C,YER019C-A,0,-5.8525834,0.18037450313568115,0.842746376991272,0.3829457461833954
YLR106C,YKL108W,0,-5.8526506,0.180331751704216,0.842746376991272,0.38305649161338806
YBR161W,YPR155C,0,-5.8533707,0.18028903007507324,0.842746376991272,0.38316720724105835
YPR032W,YBR118W,0,-5.8540006,0.18024632334709167,0.842746376991272,0.383277952671051
YBR177C,YPR065W,0,-5.8542123,0.1802036464214325,0.842746376991272,0.3833886981010437
YHR050W,YBR083W,0,-5.8551354,0.1801609843969345,0.842746376991272,0.3834994435310364
YEL037C,YEL012W,1,-5.8553762,0.1803550273180008,0.8438538312911987,0.3834994435310364
YGR216C,YDL030W,0,-5.8554516,0.1803123503923416,0.8438538312911987,0.38361018896102905
YBR082C,YKL041W,1,-5.855785,0.18050627410411835,0.8449612259864807,0.38361018896102905
YJR082C,YPR083W,0,-5.855855,0.18046358227729797,0.8449612259864807,0.38372093439102173
YKL049C,YPL096C-A,0,-5.8558617,0.1804209053516388,0.8449612259864807,0.3838316798210144
YML055W,YKL203C,0,-5.855928,0.1803782433271408,0.8449612259864807,0.3839424252510071
YNL097C,YBL093C,0,-5.8562956,0.1803356111049652,0.8449612259864807,0.38405317068099976
YOR120W,YDR437W,0,-5.856932,0.180293008685112,0.8449612259864807,0.38416388630867004
YER028C,YCR083W,0,-5.8572583,0.1802504062652588,0.8449612259864807,0.3842746317386627
YLR433C,YJL214W,0,-5.857689,0.18020784854888916,0.8449612259864807,0.3843853771686554
YLR181C,YML131W,0,-5.857783,0.18016529083251953,0.8449612259864807,0.38449612259864807
YNR027W,YMR140W,0,-5.858018,0.1801227629184723,0.8449612259864807,0.38460686802864075
YKR066C,YOR137C,0,-5.858521,0.18008024990558624,0.8449612259864807,0.3847176134586334
YKL022C,YGR003W,1,-5.85867,0.18027371168136597,0.8460686802864075,0.3847176134586334
YGR212W,YDL118W,0,-5.8589087,0.18023118376731873,0.8460686802864075,0.3848283588886261
YLR206W,YLR383W,0,-5.858989,0.18018868565559387,0.8460686802864075,0.3849391043186188
YOL066C,YOR057W,0,-5.8589945,0.18014618754386902,0.8460686802864075,0.38504981994628906
YCL016C,YML045W,0,-5.8592563,0.18010371923446655,0.8460686802864075,0.38516056537628174
YCR028C,YNL055C,0,-5.8599396,0.18006128072738647,0.8460686802864075,0.3852713108062744
YNL232W,YIL063C,0,-5.8612494,0.1800188571214676,0.8460686802864075,0.3853820562362671
YDR335W,YGR251W,0,-5.862293,0.1799764484167099,0.8460686802864075,0.38549280166625977
YML031W,YPL218W,0,-5.862424,0.1799340546131134,0.8460686802864075,0.38560354709625244
YKR059W,YPR036W,0,-5.86257,0.1798916906118393,0.8460686802864075,0.3857142925262451
YNL009W,YLR376C,0,-5.8629055,0.17984934151172638,0.8460686802864075,0.3858250379562378
YNL230C,YER021W,1,-5.862981,0.1800423562526703,0.8471760749816895,0.3858250379562378
YOR039W,YDL235C,0,-5.863897,0.18000000715255737,0.8471760749816895,0.38593578338623047
YDL226C,YNL097C,0,-5.863958,0.17995765805244446,0.8471760749816895,0.38604649901390076
YKL022C,YIL017C,1,-5.8641744,0.18015052378177643,0.8482834696769714,0.38604649901390076
YKR027W,YPL243W,0,-5.8643475,0.18010815978050232,0.8482834696769714,0.38615724444389343
YOR316C,YNL261W,0,-5.8648467,0.1800658255815506,0.8482834696769714,0.3862679898738861
YNL245C,YDL044C,0,-5.8651853,0.18002350628376007,0.8482834696769714,0.3863787353038788
YMR305C,YPR189W,0,-5.8652897,0.17998120188713074,0.8482834696769714,0.38648948073387146
YLR106C,YNL241C,0,-5.8659506,0.1799389272928238,0.8482834696769714,0.38660022616386414
YBR185C,YDR362C,0,-5.8659873,0.17989666759967804,0.8482834696769714,0.3867109715938568
YMR199W,YIL114C,0,-5.8662972,0.17985442280769348,0.8482834696769714,0.3868217170238495
YKL054C,YIL017C,1,-5.8664746,0.180046945810318,0.8493909239768982,0.3868217170238495
YNL059C,YMR212C,0,-5.866571,0.18000470101833344,0.8493909239768982,0.3869324326515198
YLR376C,YGR013W,0,-5.8666744,0.17996245622634888,0.8493909239768982,0.38704317808151245
YLR098C,YBL100W-B,0,-5.8667893,0.1799202412366867,0.8493909239768982,0.3871539235115051
YDL181W,YPL274W,0,-5.8678665,0.17987805604934692,0.8493909239768982,0.3872646689414978
YDR503C,YER082C,0,-5.867887,0.17983587086200714,0.8493909239768982,0.3873754143714905
YER019W,YER019C-A,0,-5.8680577,0.17979371547698975,0.8493909239768982,0.38748615980148315
YDR254W,YOR332W,0,-5.8700633,0.17975157499313354,0.8493909239768982,0.38759690523147583
YER052C,YBL080C,0,-5.8702826,0.17970946431159973,0.8493909239768982,0.3877076506614685
YBL046W,YCL075W,0,-5.871241,0.1796673685312271,0.8493909239768982,0.3878183960914612
YNL294C,YML127W,0,-5.8716645,0.17962528765201569,0.8493909239768982,0.38792911171913147
YDL013W,YNL202W,0,-5.8717055,0.17958323657512665,0.8493909239768982,0.38803985714912415
YGL212W,YKL075C,0,-5.871844,0.1795412003993988,0.8493909239768982,0.3881506025791168
YMR172W,YCR020C-A,0,-5.872041,0.17949917912483215,0.8493909239768982,0.3882613480091095
YJR105W,YAR014C,0,-5.872703,0.1794571876525879,0.8493909239768982,0.3883720934391022
YJL116C,YKL055C,0,-5.872906,0.17941521108150482,0.8493909239768982,0.38848283886909485
YMR211W,YJR068W,0,-5.874003,0.17937324941158295,0.8493909239768982,0.3885935842990875
YOR109W,YDR404C,0,-5.8741727,0.17933130264282227,0.8493909239768982,0.3887043297290802
YOR140W,YMR313C,0,-5.874223,0.17928938567638397,0.8493909239768982,0.3888150751590729
YER167W,YDR517W,0,-5.874583,0.17924748361110687,0.8493909239768982,0.38892579078674316
YDR162C,YAR010C,0,-5.8749623,0.17920561134815216,0.8493909239768982,0.38903653621673584
YJL102W,YOR150W,0,-5.876554,0.17916375398635864,0.8493909239768982,0.3891472816467285
YGR216C,YHR026W,0,-5.876823,0.17912191152572632,0.8493909239768982,0.3892580270767212
YGL035C,YLR455W,0,-5.877991,0.1790800839662552,0.8493909239768982,0.38936877250671387
YPL187W,YDR071C,0,-5.878099,0.17903828620910645,0.8493909239768982,0.38947951793670654
YKR059W,YDR135C,0,-5.878758,0.1789965033531189,0.8493909239768982,0.3895902633666992
YLR433C,YPL204W,0,-5.880076,0.17895473539829254,0.8493909239768982,0.3897010087966919
YBR131W,YDL013W,0,-5.880138,0.17891299724578857,0.8493909239768982,0.3898117244243622
YGR004W,YOR327C,0,-5.880179,0.1788712739944458,0.8493909239768982,0.38992246985435486
YDR077W,YOL072W,0,-5.880297,0.17882956564426422,0.8493909239768982,0.39003321528434753
YOL066C,YLR045C,0,-5.880361,0.17878787219524384,0.8493909239768982,0.3901439607143402
YOR371C,YGR257C,0,-5.88053,0.17874620854854584,0.8493909239768982,0.3902547061443329
YGR098C,YIR019C,0,-5.8806186,0.17870455980300903,0.8493909239768982,0.39036545157432556
YGR257C,YJR042W,0,-5.881041,0.17866294085979462,0.8493909239768982,0.39047619700431824
YCL055W,YOL109W,0,-5.8811965,0.1786213368177414,0.8493909239768982,0.3905869424343109
YGR074W,YOR305W,0,-5.881287,0.17857974767684937,0.8493909239768982,0.3906976878643036
YGR220C,YOR195W,0,-5.8820043,0.17853817343711853,0.8493909239768982,0.3908084034919739
YEL034W,YIL013C,0,-5.8833804,0.17849662899971008,0.8493909239768982,0.39091914892196655
YPL061W,YML055W,0,-5.884438,0.17845509946346283,0.8493909239768982,0.39102989435195923
YPL095C,YIL115C,0,-5.8844876,0.17841358482837677,0.8493909239768982,0.3911406397819519
YML104C,YGR042W,0,-5.884499,0.1783720999956131,0.8493909239768982,0.3912513852119446
YLR078C,YGL253W,0,-5.884595,0.17833061516284943,0.8493909239768982,0.39136213064193726
YOR113W,YDL226C,0,-5.884822,0.17828917503356934,0.8493909239768982,0.39147287607192993
YDR182W,YLR210W,0,-5.885141,0.17824773490428925,0.8493909239768982,0.3915836215019226
YLR170C,YKL214C,0,-5.8855143,0.17820632457733154,0.8493909239768982,0.3916943669319153
YNL271C,YNL201C,0,-5.8859773,0.17816492915153503,0.8493909239768982,0.39180508255958557
YEL053C,YOL011W,0,-5.8863425,0.17812354862689972,0.8493909239768982,0.39191582798957825
YKL149C,YLR105C,0,-5.8864408,0.1780821979045868,0.8493909239768982,0.3920265734195709
YOL123W,YML045W,0,-5.8866143,0.17804084718227386,0.8493909239768982,0.3921373188495636
YJR042W,YLR425W,0,-5.8880053,0.17799954116344452,0.8493909239768982,0.3922480642795563
YPR179C,YDL235C,0,-5.888641,0.17795823514461517,0.8493909239768982,0.39235880970954895
YPR185W,YDR030C,0,-5.8894753,0.17791695892810822,0.8493909239768982,0.3924695551395416
YOR244W,YIL008W,0,-5.890242,0.17787569761276245,0.8493909239768982,0.3925803005695343
YDR036C,YLR347C,0,-5.8902516,0.17783445119857788,0.8493909239768982,0.3926910161972046
YDR296W,YPL022W,0,-5.890848,0.1777932345867157,0.8493909239768982,0.39280176162719727
YKL022C,YKL002W,1,-5.891221,0.17798377573490143,0.8504983186721802,0.39280176162719727
YFL013C,YNL169C,0,-5.89125,0.17794254422187805,0.8504983186721802,0.39291250705718994
YLR136C,YBL100W-B,0,-5.8916106,0.17790132761001587,0.8504983186721802,0.3930232524871826
YCR038C,YGR220C,0,-5.893046,0.17786012589931488,0.8504983186721802,0.3931339979171753
YKL004W,YCR072C,0,-5.8936443,0.17781893908977509,0.8504983186721802,0.39324474334716797
YDR060W,YHR099W,0,-5.8941264,0.17777778208255768,0.8504983186721802,0.39335548877716064
YBR288C,YAR019C,0,-5.89542,0.17773663997650146,0.8504983186721802,0.3934662342071533
YNL201C,YDL058W,0,-5.8956,0.17769551277160645,0.8504983186721802,0.393576979637146
YDR276C,YBL103C,0,-5.8958406,0.17765440046787262,0.8504983186721802,0.3936876952648163
YLR242C,YNL009W,0,-5.8961406,0.17761331796646118,0.8504983186721802,0.39379844069480896
YAL041W,YAR002C-A,0,-5.8965,0.17757225036621094,0.8504983186721802,0.39390918612480164
YDR174W,YDR481C,0,-5.8966155,0.17753121256828308,0.8504983186721802,0.3940199315547943
YPR167C,YNL167C,0,-5.896886,0.17749017477035522,0.8504983186721802,0.394130676984787
YPR054W,YLR316C,0,-5.8976083,0.17744916677474976,0.8504983186721802,0.39424142241477966
YPR167C,YKR022C,0,-5.89761,0.17740817368030548,0.8504983186721802,0.39435216784477234
YEL036C,YNL049C,0,-5.898714,0.1773672103881836,0.8504983186721802,0.394462913274765
YKL055C,YKR053C,0,-5.8994126,0.1773262470960617,0.8504983186721802,0.3945736289024353
YHL031C,YPL268W,0,-5.899528,0.1772853136062622,0.8504983186721802,0.394684374332428
YOR023C,YJR074W,0,-5.899747,0.1772444099187851,0.8504983186721802,0.39479511976242065
YNL173C,YDR116C,0,-5.8998227,0.17720350623130798,0.8504983186721802,0.39490586519241333
YEL050C,YGL030W,0,-5.8999715,0.17716263234615326,0.8504983186721802,0.395016610622406
YML031W,YOR076C,0,-5.90045,0.17712177336215973,0.8504983186721802,0.3951273560523987
YBL009W,YGL181W,0,-5.9009037,0.1770809292793274,0.8504983186721802,0.39523810148239136
YOL008W,YDR174W,0,-5.9012036,0.17704011499881744,0.8504983186721802,0.39534884691238403
YGR082W,YOL129W,0,-5.902023,0.1769993156194687,0.8504983186721802,0.3954595923423767
YLR155C,YOR079C,0,-5.9023604,0.17695853114128113,0.8504983186721802,0.395570307970047
YGL094C,YNL012W,0,-5.9039187,0.17691776156425476,0.8504983186721802,0.3956810534000397
YCR028C,YDL028C,0,-5.9044013,0.17687702178955078,0.8504983186721802,0.39579179883003235
YLR210W,YCR055C,0,-5.9044585,0.1768362820148468,0.8504983186721802,0.395902544260025
YGR104C,YOL109W,0,-5.9050694,0.1767955869436264,0.8504983186721802,0.3960132896900177
YLR376C,YLR039C,0,-5.905396,0.176754891872406,0.8504983186721802,0.3961240351200104
YJR125C,YBR210W,0,-5.905676,0.176714226603508,0.8504983186721802,0.39623478055000305
YOR381W,YOR081C,0,-5.9060397,0.17667356133460999,0.8504983186721802,0.3963455259799957
YOR224C,YFL002W-A,0,-5.90635,0.17663294076919556,0.8504983186721802,0.3964562714099884
YPR154W,YER013W,0,-5.906588,0.17659232020378113,0.8504983186721802,0.3965669870376587
YDR129C,YMR134W,0,-5.907697,0.1765517294406891,0.8504983186721802,0.39667773246765137
YMR186W,YJR103W,0,-5.9078183,0.17651115357875824,0.8504983186721802,0.39678847789764404
YPL227C,YFL013C,0,-5.9080853,0.1764705926179886,0.8504983186721802,0.3968992233276367
YOR244W,YNL163C,0,-5.908657,0.17643004655838013,0.8504983186721802,0.3970099687576294
YKR053C,YDL118W,0,-5.9087977,0.17638953030109406,0.8504983186721802,0.39712071418762207
YDR205W,YNL292W,0,-5.9089637,0.17634902894496918,0.8504983186721802,0.39723145961761475
YER017C,YGR074W,0,-5.909247,0.1763085424900055,0.8504983186721802,0.3973422050476074
YML080W,YLL019C,0,-5.909412,0.176268070936203,0.8504983186721802,0.3974529206752777
YJR082C,YML055W,0,-5.909537,0.1762276291847229,0.8504983186721802,0.3975636661052704
YLR028C,YDR079C-A,0,-5.9096084,0.176187202334404,0.8504983186721802,0.39767441153526306
YMR186W,YDR116C,0,-5.9098654,0.17614679038524628,0.8504983186721802,0.39778515696525574
YPR067W,YDL159W,0,-5.9113936,0.17610639333724976,0.8504983186721802,0.3978959023952484
YPR201W,YER116C,0,-5.911736,0.17606602609157562,0.8504983186721802,0.3980066478252411
YDR296W,YNL163C,0,-5.9118824,0.17602567374706268,0.8504983186721802,0.39811739325523376
YPL232W,YLR386W,0,-5.91208,0.17598533630371094,0.8504983186721802,0.39822813868522644
YLR034C,YLR435W,0,-5.9132085,0.17594501376152039,0.8504983186721802,0.3983388841152191
YPL061W,YKL139W,0,-5.9133368,0.17590472102165222,0.8504983186721802,0.3984495997428894
YDR055W,YOR027W,0,-5.913917,0.17586444318294525,0.8504983186721802,0.3985603451728821
YMR022W,YIL017C,1,-5.9139433,0.17605310678482056,0.8516057729721069,0.3985603451728821
YPR183W,YGL236C,0,-5.9140835,0.1760128140449524,0.8516057729721069,0.39867109060287476
YKL054C,YEL037C,1,-5.9143186,0.17620137333869934,0.8527131676673889,0.39867109060287476
YDL085W,YMR218C,0,-5.915005,0.17616106569766998,0.8527131676673889,0.39878183603286743
YLR155C,YNL241C,0,-5.916078,0.17612077295780182,0.8527131676673889,0.3988925814628601
YOR034C,YOR039W,0,-5.917024,0.17608049511909485,0.8527131676673889,0.3990033268928528
YPL095C,YGR220C,0,-5.917204,0.17604023218154907,0.8527131676673889,0.39911407232284546
YGR009C,YOR195W,0,-5.918038,0.17599999904632568,0.8527131676673889,0.39922481775283813
YFR028C,YGR180C,0,-5.9192142,0.1759597808122635,0.8527131676673889,0.3993355333805084
YPR025C,YDL081C,0,-5.919529,0.1759195774793625,0.8527131676673889,0.3994462788105011
YDR264C,YLR106C,0,-5.920878,0.17587940394878387,0.8527131676673889,0.3995570242404938
YDR236C,YHR050W,0,-5.921095,0.17583923041820526,0.8527131676673889,0.39966776967048645
YJL042W,YKR059W,0,-5.9212723,0.17579908668994904,0.8527131676673889,0.3997785151004791
YGL209W,YNL261W,0,-5.9212747,0.175758957862854,0.8527131676673889,0.3998892605304718
YOR143C,YDL058W,0,-5.921322,0.17571884393692017,0.8527131676673889,0.4000000059604645
YKL016C,YDR423C,0,-5.921331,0.17567875981330872,0.8527131676673889,0.40011075139045715
YBL085W,YDR036C,0,-5.921331,0.17563869059085846,0.8527131676673889,0.40022149682044983
YKL139W,YMR208W,0,-5.9225984,0.1755986362695694,0.8527131676673889,0.4003322124481201
YCL024W,YDR071C,0,-5.9228835,0.17555859684944153,0.8527131676673889,0.4004429578781128
YDR101C,YBL100W-B,0,-5.9239354,0.17551857233047485,0.8527131676673889,0.40055370330810547
YKL139W,YPL117C,0,-5.9243026,0.17547857761383057,0.8527131676673889,0.40066444873809814
YDL013W,YJR026W,0,-5.9254203,0.17543859779834747,0.8527131676673889,0.4007751941680908
YFR019W,YGL115W,0,-5.925448,0.17539863288402557,0.8527131676673889,0.4008859395980835
YLR028C,YJR068W,0,-5.9270515,0.17535868287086487,0.8527131676673889,0.40099668502807617
YOL026C,YJR103W,0,-5.927546,0.17531876266002655,0.8527131676673889,0.40110743045806885
YNR030W,YIL140W,0,-5.9282885,0.17527885735034943,0.8527131676673889,0.4012181758880615
YAR019C,YPL098C,0,-5.9284496,0.1752389669418335,0.8527131676673889,0.4013288915157318
YBL099W,YPL218W,0,-5.928538,0.17519909143447876,0.8527131676673889,0.4014396369457245
YNL177C,YDL083C,0,-5.929159,0.17515923082828522,0.8527131676673889,0.40155038237571716
YLR429W,YIL013C,0,-5.9293633,0.17511940002441406,0.8527131676673889,0.40166112780570984
YDR473C,YIL101C,0,-5.9296627,0.1750795841217041,0.8527131676673889,0.4017718732357025
YDL014W,YDR388W,0,-5.930093,0.17503978312015533,0.8527131676673889,0.4018826186656952
YGR113W,YDR086C,0,-5.9305525,0.17499999701976776,0.8527131676673889,0.40199336409568787
YBR004C,YER123W,0,-5.9309335,0.17496024072170258,0.8527131676673889,0.40210410952568054
YMR047C,YDR276C,0,-5.9310656,0.1749204844236374,0.8527131676673889,0.40221482515335083
YGL178W,YPR189W,0,-5.931091,0.1748807579278946,0.8527131676673889,0.4023255705833435
YIR037W,YPL045W,0,-5.9311194,0.174841046333313,0.8527131676673889,0.4024363160133362
YPR005C,YNL247W,0,-5.9311776,0.17480136454105377,0.8527131676673889,0.40254706144332886
YDR513W,YLR384C,0,-5.9313664,0.17476168274879456,0.8527131676673889,0.40265780687332153
YHR050W,YGR104C,0,-5.9318852,0.17472203075885773,0.8527131676673889,0.4027685523033142
YBL080C,YOR027W,0,-5.931953,0.1746823936700821,0.8527131676673889,0.4028792977333069
YHR091C,YML045W,0,-5.9333243,0.17464277148246765,0.8527131676673889,0.40299004316329956
YGL090W,YLR360W,0,-5.9334345,0.1746031790971756,0.8527131676673889,0.40310078859329224
YMR016C,YDR311W,0,-5.9334745,0.17456358671188354,0.8527131676673889,0.4032115042209625
YKL160W,YCL043C,0,-5.9342456,0.17452402412891388,0.8527131676673889,0.4033222496509552
YBR159W,YHL003C,0,-5.935232,0.1744844764471054,0.8527131676673889,0.4034329950809479
YML023C,YEL031W,0,-5.935972,0.17444494366645813,0.8527131676673889,0.40354374051094055
YCR028C,YNL099C,0,-5.9364085,0.17440544068813324,0.8527131676673889,0.4036544859409332
YNL059C,YLL011W,0,-5.9367433,0.17436593770980835,0.8527131676673889,0.4037652313709259
YBL008W,YMR134W,0,-5.936754,0.17432646453380585,0.8527131676673889,0.4038759768009186
YOR057W,YKL203C,0,-5.9371076,0.17428700625896454,0.8527131676673889,0.40398672223091125
YOR058C,YDR082W,0,-5.9372473,0.17424756288528442,0.8527131676673889,0.40409746766090393
YBL102W,YEL004W,0,-5.9379344,0.1742081493139267,0.8527131676673889,0.4042081832885742
YGL043W,YGR238C,0,-5.9382935,0.17416873574256897,0.8527131676673889,0.4043189287185669
YMR172W,YGR002C,0,-5.938419,0.17412935197353363,0.8527131676673889,0.40442967414855957
YJL102W,YJL204C,0,-5.938439,0.17408998310565948,0.8527131676673889,0.40454041957855225
YOL033W,YCR053W,0,-5.9389052,0.17405062913894653,0.8527131676673889,0.4046511650085449
YOR316C,YOR359W,0,-5.9396214,0.17401130497455597,0.8527131676673889,0.4047619104385376
YOR061W,YOL097C,0,-5.9397225,0.1739719808101654,0.8527131676673889,0.4048726558685303
YDL227C,YPL237W,0,-5.940193,0.17393268644809723,0.8527131676673889,0.40498340129852295
YDL083C,YML045W,0,-5.9406166,0.17389340698719025,0.8527131676673889,0.40509411692619324
YDR423C,YLR154C,0,-5.940946,0.17385414242744446,0.8527131676673889,0.4052048623561859
YHL002W,YNL202W,0,-5.941433,0.17381489276885986,0.8527131676673889,0.4053156077861786
YFL013C,YCR055C,0,-5.942464,0.17377567291259766,0.8527131676673889,0.40542635321617126
YOR061W,YPL210C,0,-5.9424767,0.17373646795749664,0.8527131676673889,0.40553709864616394
YNL004W,YKL129C,0,-5.943131,0.17369727790355682,0.8527131676673889,0.4056478440761566
YGR238C,YKL099C,0,-5.943546,0.1736581027507782,0.8527131676673889,0.4057585895061493
YLR163C,YOR083W,0,-5.9439316,0.17361894249916077,0.8527131676673889,0.40586933493614197
YER019W,YNL282W,0,-5.943935,0.17357979714870453,0.8527131676673889,0.40598008036613464
YNL232W,YOR018W,0,-5.9445934,0.17354068160057068,0.8527131676673889,0.40609079599380493
YGR216C,YDR437W,0,-5.945393,0.17350158095359802,0.8527131676673889,0.4062015414237976
YDR411C,YKL138C-A,0,-5.9454308,0.17346249520778656,0.8527131676673889,0.4063122868537903
YLR189C,YNR010W,0,-5.946234,0.1734234243631363,0.8527131676673889,0.40642303228378296
YDR099W,YPR190C,0,-5.946882,0.17338436841964722,0.8527131676673889,0.40653377771377563
YDR517W,YDR292C,0,-5.948101,0.17334534227848053,0.8527131676673889,0.4066445231437683
YGL090W,YOL072W,0,-5.9487023,0.17330633103847504,0.8527131676673889,0.406755268573761
YCL040W,YLR105C,0,-5.949701,0.17326731979846954,0.8527131676673889,0.40686601400375366
YER001W,YOR270C,0,-5.9499764,0.17322835326194763,0.8527131676673889,0.40697672963142395
YNL261W,YDR362C,0,-5.950054,0.17318938672542572,0.8527131676673889,0.4070874750614166
YCR107W,YLR391W,0,-5.950666,0.173150435090065,0.8527131676673889,0.4071982204914093
YNL232W,YBR207W,0,-5.9515944,0.17311151325702667,0.8527131676673889,0.407308965921402
YHR012W,YJR141W,0,-5.9524274,0.17307260632514954,0.8527131676673889,0.40741971135139465
YGR220C,YLL011W,0,-5.952824,0.1730337142944336,0.8527131676673889,0.40753045678138733
YOR373W,YPL022W,0,-5.9528975,0.17299483716487885,0.8527131676673889,0.40764120221138
YGL045W,YLR447C,0,-5.95377,0.1729559749364853,0.8527131676673889,0.4077519476413727
YNL118C,YGL039W,0,-5.9538074,0.17291712760925293,0.8527131676673889,0.40786269307136536
YLR136C,YML045W,0,-5.9544206,0.17287831008434296,0.8527131676673889,0.40797340869903564
YIL033C,YNL245C,0,-5.95464,0.17283950746059418,0.8527131676673889,0.4080841541290283
YAL068C,YML028W,0,-5.956389,0.1728007197380066,0.8527131676673889,0.408194899559021
YGR256W,YGL035C,0,-5.9566054,0.1727619469165802,0.8527131676673889,0.40830564498901367
YDR116C,YPL146C,0,-5.957089,0.172723188996315,0.8527131676673889,0.40841639041900635
YPL202C,YGL168W,0,-5.9573464,0.1726844608783722,0.8527131676673889,0.408527135848999
YGR212W,YOL006C,0,-5.9577184,0.17264573276042938,0.8527131676673889,0.4086378812789917
YOL051W,YNL221C,0,-5.958019,0.17260703444480896,0.8527131676673889,0.4087486267089844
YPL095C,YDR460W,0,-5.9589114,0.17256835103034973,0.8527131676673889,0.40885937213897705
YMR301C,YML067C,0,-5.9594254,0.1725296825170517,0.8527131676673889,0.40897008776664734
YEL036C,YCL040W,0,-5.9608126,0.17249104380607605,0.8527131676673889,0.40908083319664
YPR185W,YMR285C,0,-5.961222,0.1724524050951004,0.8527131676673889,0.4091915786266327
YJR082C,YGR212W,0,-5.9619107,0.17241379618644714,0.8527131676673889,0.40930232405662537
YBL080C,YIL056W,0,-5.962334,0.17237520217895508,0.8527131676673889,0.40941306948661804
YNL023C,YAL016W,0,-5.9626746,0.1723366230726242,0.8527131676673889,0.4095238149166107
YPL059W,YKL129C,0,-5.962852,0.17229805886745453,0.8527131676673889,0.4096345603466034
YGL168W,YDR470C,0,-5.9632716,0.17225950956344604,0.8527131676673889,0.40974530577659607
YEL031W,YDR079C-A,0,-5.9646125,0.17222097516059875,0.8527131676673889,0.40985602140426636
YJL115W,YPL167C,0,-5.966271,0.17218247056007385,0.8527131676673889,0.40996676683425903
YMR199W,YMR212C,0,-5.966461,0.17214398086071014,0.8527131676673889,0.4100775122642517
YLR163C,YOR195W,0,-5.966812,0.17210549116134644,0.8527131676673889,0.4101882576942444
YJL112W,YGR231C,0,-5.966988,0.1720670461654663,0.8527131676673889,0.41029900312423706
YFL013C,YCL051W,0,-5.967,0.17202860116958618,0.8527131676673889,0.41040974855422974
YNL041C,YDL235C,0,-5.967281,0.17199017107486725,0.8527131676673889,0.4105204939842224
YFL024C,YFL014W,0,-5.967644,0.1719517707824707,0.8527131676673889,0.4106312394142151
YPL121C,YGL211W,0,-5.968562,0.17191337049007416,0.8527131676673889,0.41074198484420776
YBL084C,YNL230C,1,-5.968681,0.17209821939468384,0.8538206219673157,0.41074198484420776
YPL121C,YNL221C,0,-5.9688644,0.1720598042011261,0.8538206219673157,0.41085270047187805
YJL025W,YHR152W,0,-5.9701214,0.17202141880989075,0.8538206219673157,0.4109634459018707
YPL096C-A,YFL004W,0,-5.970589,0.1719830483198166,0.8538206219673157,0.4110741913318634
YOL082W,YNR032C-A,0,-5.971395,0.17194469273090363,0.8538206219673157,0.4111849367618561
YHR165C,YKL203C,0,-5.971768,0.17190635204315186,0.8538206219673157,0.41129568219184875
YOR058C,YMR035W,0,-5.9724574,0.17186804115772247,0.8538206219673157,0.41140642762184143
YOR373W,YBL100W-B,0,-5.9726887,0.1718297302722931,0.8538206219673157,0.4115171730518341
YHL031C,YDR079W,0,-5.9728036,0.1717914491891861,0.8538206219673157,0.4116279184818268
YNR035C,YGL039W,0,-5.972835,0.1717531681060791,0.8538206219673157,0.41173863410949707
YFL005W,YOR008C-A,0,-5.97408,0.1717149168252945,0.8538206219673157,0.41184937953948975
YER167W,YKL203C,0,-5.9742208,0.17167668044567108,0.8538206219673157,0.4119601249694824
YMR199W,YBR020W,0,-5.974472,0.17163847386837006,0.8538206219673157,0.4120708703994751
YDR054C,YAL058W,1,-5.9747014,0.17182283103466034,0.8549280166625977,0.4120708703994751
YLR028C,YBL046W,0,-5.9751763,0.17178459465503693,0.8549280166625977,0.4121816158294678
YDR508C,YOL033W,0,-5.975455,0.1717463880777359,0.8549280166625977,0.41229236125946045
YEL056W,YGR129W,0,-5.9756427,0.17170818150043488,0.8549280166625977,0.4124031066894531
YBR185C,YLR134W,0,-5.9762053,0.17167000472545624,0.8549280166625977,0.4125138521194458
YPL015C,YPL237W,0,-5.976665,0.1716318428516388,0.8549280166625977,0.4126245975494385
YIL076W,YML045W,0,-5.9776464,0.17159368097782135,0.8549280166625977,0.41273531317710876
YKL084W,YOL135C,0,-5.97817,0.1715555489063263,0.8549280166625977,0.41284605860710144
YCR028C,YDR416W,0,-5.978269,0.17151744663715363,0.8549280166625977,0.4129568040370941
YNL129W,YPL152W,0,-5.9792504,0.17147934436798096,0.8549280166625977,0.4130675494670868
YBR161W,YAL001C,0,-5.979486,0.17144125699996948,0.8549280166625977,0.41317829489707947
YFL009W,YKL041W,1,-5.9796824,0.17162522673606873,0.8560354113578796,0.41317829489707947
YAL058W,YIL017W,1,-5.9805207,0.1718091070652008,0.8571428656578064,0.41317829489707947
YIL150C,YOR254C,0,-5.9806685,0.17177097499370575,0.8571428656578064,0.41328904032707214
YOR340C,YML028W,0,-5.981393,0.1717328578233719,0.8571428656578064,0.4133997857570648
YOL012C,YDR055W,0,-5.98181,0.1716947704553604,0.8571428656578064,0.4135105311870575
YCL055W,YLR354C,0,-5.982318,0.17165668308734894,0.8571428656578064,0.41362127661705017
YBL099W,YDL226C,0,-5.9825253,0.17161862552165985,0.8571428656578064,0.41373199224472046
YCL055W,YOR305W,0,-5.9831333,0.17158058285713196,0.8571428656578064,0.41384273767471313
YBR022W,YCR055C,0,-5.983239,0.17154255509376526,0.8571428656578064,0.4139534831047058
YPR189W,YJR141W,0,-5.9833894,0.17150454223155975,0.8571428656578064,0.4140642285346985
YGR057C,YDR393W,0,-5.9840207,0.17146654427051544,0.8571428656578064,0.41417497396469116
YJR001W,YKR059W,0,-5.9855266,0.17142857611179352,0.8571428656578064,0.41428571939468384
YPL174C,YMR260C,0,-5.9864035,0.1713906079530716,0.8571428656578064,0.4143964648246765
YOR027W,YNR039C,0,-5.986444,0.17135266959667206,0.8571428656578064,0.4145072102546692
YPR201W,YGL257C,0,-5.986754,0.17131474614143372,0.8571428656578064,0.4146179258823395
YEL037C,YDR057W,1,-5.9876733,0.1714981198310852,0.8582502603530884,0.4146179258823395
YKL009W,YPL237W,0,-5.988042,0.17146018147468567,0.8582502603530884,0.41472867131233215
YBR159W,YGR057C,0,-5.989577,0.17142225801944733,0.8582502603530884,0.41483941674232483
YGR186W,YJR049C,0,-5.9897575,0.17138434946537018,0.8582502603530884,0.4149501621723175
YBR020W,YNR039C,0,-5.9905047,0.17134645581245422,0.8582502603530884,0.4150609076023102
YKL016C,YJL208C,0,-5.9906297,0.17130857706069946,0.8582502603530884,0.41517165303230286
YDR503C,YKL154W,0,-5.990657,0.1712707132101059,0.8582502603530884,0.41528239846229553
YLR026C,YJR049C,0,-5.99087,0.17123287916183472,0.8582502603530884,0.4153931438922882
YIL140W,YCL075W,0,-5.991131,0.17119504511356354,0.8582502603530884,0.4155038893222809
YBL084C,YDR057W,1,-5.9912972,0.17137809097766876,0.8593577146530151,0.4155038893222809
YOR046C,YDR311W,0,-5.9915237,0.17134025692939758,0.8593577146530151,0.41561460494995117
YIR019C,YIR041W,0,-5.991624,0.1713024228811264,0.8593577146530151,0.41572535037994385
YLR028C,YDR245W,0,-5.9916987,0.1712646186351776,0.8593577146530151,0.4158360958099365
YBL084C,YPR108W,1,-5.991823,0.1714474856853485,0.8604651093482971,0.4158360958099365
YGL183C,YEL050C,0,-5.992333,0.17140966653823853,0.8604651093482971,0.4159468412399292
YDR317W,YIL150C,0,-5.9924817,0.17137186229228973,0.8604651093482971,0.4160575866699219
YOL086C,YJR135C,0,-5.994448,0.17133407294750214,0.8604651093482971,0.41616833209991455
YGL236C,YIL095W,0,-5.9945817,0.17129629850387573,0.8604651093482971,0.4162790775299072
YER053C,YCL075W,0,-5.994586,0.17125853896141052,0.8604651093482971,0.4163898229598999
YPL167C,YPL218W,0,-5.9947658,0.1712208092212677,0.8604651093482971,0.4165005683898926
YKR066C,YER052C,0,-5.995284,0.17118307948112488,0.8604651093482971,0.41661128401756287
YPL008W,YGR220C,0,-5.9961815,0.17114537954330444,0.8604651093482971,0.41672202944755554
YPL275W,YHR039C,0,-5.996696,0.171107679605484,0.8604651093482971,0.4168327748775482
YNL177C,YDL118W,0,-5.996712,0.17107000946998596,0.8604651093482971,0.4169435203075409
YCR107W,YOR018W,0,-5.996761,0.1710323542356491,0.8604651093482971,0.41705426573753357
YJL106W,YLR032W,0,-5.996762,0.17099471390247345,0.8604651093482971,0.41716501116752625
YNR030W,YGL191W,0,-5.997391,0.17095708847045898,0.8604651093482971,0.4172757565975189
YER052C,YOR076C,0,-5.9986467,0.1709194928407669,0.8604651093482971,0.4173865020275116
YPL115C,YPL262W,0,-5.998836,0.17088189721107483,0.8604651093482971,0.4174972176551819
YFL013C,YOR328W,0,-5.9992843,0.17084433138370514,0.8604651093482971,0.41760796308517456
YDR174W,YMR095C,0,-5.9997163,0.17080676555633545,0.8604651093482971,0.41771870851516724
YPL100W,YGL209W,0,-6.000465,0.17076922953128815,0.8604651093482971,0.4178294539451599
YOR381W,YCL075W,0,-6.000627,0.17073170840740204,0.8604651093482971,0.4179401993751526
YMR075W,YGR013W,0,-6.0007925,0.17069420218467712,0.8604651093482971,0.41805094480514526
YMR234W,YIL101C,0,-6.0011387,0.1706567108631134,0.8604651093482971,0.41816169023513794
YBL097W,YBR177C,0,-6.0014234,0.17061923444271088,0.8604651093482971,0.4182724356651306
YBR201W,YBR082C,1,-6.0015097,0.1708013117313385,0.8615725636482239,0.4182724356651306
YMR204C,YOR373W,0,-6.002232,0.17076383531093597,0.8615725636482239,0.4183831810951233
YNL118C,YER173W,0,-6.0028358,0.17072635889053345,0.8615725636482239,0.4184938967227936
YKL108W,YJL012C,0,-6.0030427,0.17068889737129211,0.8615725636482239,0.41860464215278625
YLL060C,YAR008W,0,-6.003572,0.17065146565437317,0.8615725636482239,0.41871538758277893
YPR025C,YBR022W,0,-6.0037827,0.17061403393745422,0.8615725636482239,0.4188261330127716
YJL208C,YOL040C,0,-6.004114,0.17057663202285767,0.8615725636482239,0.4189368784427643
YPR025C,YLR272C,0,-6.0042443,0.1705392301082611,0.8615725636482239,0.41904762387275696
YJL194W,YPL015C,0,-6.0052166,0.17050185799598694,0.8615725636482239,0.41915836930274963
YER107C,YKL074C,0,-6.0054007,0.17046450078487396,0.8615725636482239,0.4192691147327423
YER025W,YMR134W,0,-6.005691,0.17042715847492218,0.8615725636482239,0.4193798303604126
YKL049C,YOL026C,0,-6.0060353,0.1703898310661316,0.8615725636482239,0.4194905757904053
YGR078C,YAL016W,0,-6.008597,0.1703525334596634,0.8615725636482239,0.41960132122039795
YBR207W,YCL019W,0,-6.008629,0.1703152358531952,0.8615725636482239,0.4197120666503906
YMR065W,YHL009C,0,-6.008796,0.17027795314788818,0.8615725636482239,0.4198228120803833
YGR118W,YGR008C,0,-6.009023,0.17024070024490356,0.8615725636482239,0.419933557510376
YOR185C,YML131W,0,-6.009442,0.17020346224308014,0.8615725636482239,0.42004430294036865
YEL061C,YIL115C,0,-6.0108457,0.1701662242412567,0.8615725636482239,0.42015504837036133
YOL130W,YPL126W,0,-6.0113807,0.17012901604175568,0.8615725636482239,0.420265793800354
YLR424W,YLR447C,0,-6.0136175,0.17009182274341583,0.8615725636482239,0.4203765094280243
YDR016C,YKL108W,0,-6.014012,0.17005464434623718,0.8615725636482239,0.42048725485801697
YLR034C,YGL104C,0,-6.0143723,0.17001748085021973,0.8615725636482239,0.42059800028800964
YKL154W,YDR443C,0,-6.014581,0.16998033225536346,0.8615725636482239,0.4207087457180023
YOR381W,YOR332W,0,-6.015576,0.1699432134628296,0.8615725636482239,0.420819491147995
YDR099W,YNL221C,0,-6.0158477,0.16990609467029572,0.8615725636482239,0.42093023657798767
YLR032W,YIL008W,0,-6.0159097,0.16986899077892303,0.8615725636482239,0.42104098200798035
YNR026C,YIL017W,1,-6.015937,0.17005020380020142,0.8626799583435059,0.42104098200798035
YKL054C,YDR069C,1,-6.0164094,0.17023134231567383,0.8637873530387878,0.42104098200798035
YGR003W,YMR022W,1,-6.016555,0.17041239142417908,0.8648948073387146,0.42104098200798035
YPR037C,YGL112C,0,-6.0170197,0.17037521302700043,0.8648948073387146,0.421151727437973
YMR301C,YDR079W,0,-6.017161,0.17033806443214417,0.8648948073387146,0.4212624728679657
YEL050C,YMR087W,0,-6.0175934,0.1703009158372879,0.8648948073387146,0.421373188495636
YHR042W,YJR141W,0,-6.0180306,0.17026378214359283,0.8648948073387146,0.42148393392562866
YDR446W,YLR447C,0,-6.019035,0.17022667825222015,0.8648948073387146,0.42159467935562134
YGR003W,YKL054C,1,-6.019913,0.1704074889421463,0.8660022020339966,0.42159467935562134
YER028C,YML061C,0,-6.0201526,0.17037037014961243,0.8660022020339966,0.421705424785614
YLR418C,YGL035C,0,-6.0203314,0.17033326625823975,0.8660022020339966,0.4218161702156067
YCR026C,YIL076W,0,-6.0204425,0.17029616236686707,0.8660022020339966,0.42192691564559937
YLR163C,YPL045W,0,-6.021108,0.17025908827781677,0.8660022020339966,0.42203766107559204
YPL008W,YOR027W,0,-6.021603,0.17022202908992767,0.8660022020339966,0.4221484065055847
YDL164C,YNL221C,0,-6.021642,0.17018498480319977,0.8660022020339966,0.422259122133255
YPL121C,YLR435W,0,-6.022389,0.17014795541763306,0.8660022020339966,0.4223698675632477
YNL173C,YIL082W-A,0,-6.022861,0.17011094093322754,0.8660022020339966,0.42248061299324036
YCR027C,YJR049C,0,-6.023949,0.17007394134998322,0.8660022020339966,0.42259135842323303
YHL031C,YCR014C,0,-6.025266,0.17003697156906128,0.8660022020339966,0.4227021038532257
YKL179C,YJR103W,0,-6.025327,0.17000000178813934,0.8660022020339966,0.4228128492832184
YER028C,YHR031C,0,-6.0268426,0.1699630469083786,0.8660022020339966,0.42292359471321106
YGL211W,YOR116C,0,-6.0269246,0.16992612183094025,0.8660022020339966,0.42303434014320374
YNL163C,YMR227C,0,-6.0271235,0.1698891967535019,0.8660022020339966,0.4231450855731964
YER107C,YPR179C,0,-6.0272574,0.16985230147838593,0.8660022020339966,0.4232558012008667
YOR109W,YJR026W,0,-6.0280743,0.16981542110443115,0.8660022020339966,0.4233665466308594
YLR242C,YMR004W,0,-6.0281215,0.16977855563163757,0.8660022020339966,0.42347729206085205
YPR065W,YDR324C,0,-6.028398,0.169741690158844,0.8660022020339966,0.4235880374908447
YGL211W,YJR049C,0,-6.0285306,0.1697048544883728,0.8660022020339966,0.4236987829208374
YDR311W,YDR429C,0,-6.029242,0.1696680337190628,0.8660022020339966,0.4238095283508301
YNL041C,YJR141W,0,-6.0299377,0.1696312427520752,0.8660022020339966,0.42392027378082275
YIL033C,YCR020W-B,0,-6.0307827,0.16959445178508759,0.8660022020339966,0.42403101921081543
YGL174W,YAL001C,0,-6.0321026,0.16955767571926117,0.8660022020339966,0.4241417348384857
YOR112W,YDR236C,0,-6.0321765,0.16952091455459595,0.8660022020339966,0.4242524802684784
YBR207W,YOL127W,0,-6.032299,0.1694841831922531,0.8660022020339966,0.42436322569847107
YBR055C,YKL099C,0,-6.0327744,0.16944745182991028,0.8660022020339966,0.42447397112846375
YNL099C,YIL173W,0,-6.0331798,0.16941075026988983,0.8660022020339966,0.4245847165584564
YNL023C,YCL024W,0,-6.0336175,0.16937404870986938,0.8660022020339966,0.4246954619884491
YNR030W,YLR337W,0,-6.0337987,0.16933737695217133,0.8660022020339966,0.4248062074184418
YDL188C,YLR262C,0,-6.0343685,0.16930072009563446,0.8660022020339966,0.42491695284843445
YOR081C,YMR045C,0,-6.0354643,0.1692640632390976,0.8660022020339966,0.4250276982784271
YDL044C,YNL055C,0,-6.0354757,0.16922743618488312,0.8660022020339966,0.4251384139060974
YCL051W,YDR335W,0,-6.0362806,0.16919082403182983,0.8660022020339966,0.4252491593360901
YOR046C,YPL045W,0,-6.036297,0.16915422677993774,0.8660022020339966,0.42535990476608276
YNR058W,YGL210W,0,-6.036757,0.16911764442920685,0.8660022020339966,0.42547065019607544
YER142C,YDR393W,0,-6.0369706,0.16908107697963715,0.8660022020339966,0.4255813956260681
YFR033C,YLR360W,0,-6.0369773,0.16904452443122864,0.8660022020339966,0.4256921410560608
YLR039C,YDR312W,0,-6.037122,0.16900800168514252,0.8660022020339966,0.42580288648605347
YEL053C,YOR083W,0,-6.038097,0.1689714789390564,0.8660022020339966,0.42591363191604614
YHL003C,YPR083W,0,-6.0381665,0.16893497109413147,0.8660022020339966,0.4260243773460388
YIL037C,YCR083W,0,-6.038236,0.16889849305152893,0.8660022020339966,0.4261350929737091
YOR046C,YDR362C,0,-6.039088,0.1688620150089264,0.8660022020339966,0.4262458384037018
YAL031C,YDR529C,0,-6.039431,0.16882556676864624,0.8660022020339966,0.42635658383369446
YLR394W,YGL084C,0,-6.0396457,0.1687891185283661,0.8660022020339966,0.42646732926368713
YPR201W,YNL023C,0,-6.0397005,0.16875270009040833,0.8660022020339966,0.4265780746936798
YOR267C,YPL232W,0,-6.039788,0.16871629655361176,0.8660022020339966,0.4266888201236725
YFR019W,YML104C,0,-6.040067,0.16867989301681519,0.8660022020339966,0.42679956555366516
YMR208W,YGR244C,0,-6.0401626,0.168643519282341,0.8660022020339966,0.42691031098365784
YJR074W,YAL015C,0,-6.040739,0.16860716044902802,0.8660022020339966,0.4270210266113281
YDR311W,YOL097C,0,-6.0409203,0.16857081651687622,0.8660022020339966,0.4271317720413208
YDL099W,YNR048W,0,-6.0413013,0.16853448748588562,0.8660022020339966,0.4272425174713135
YDR182W,YKL170W,0,-6.0419664,0.1684981733560562,0.8660022020339966,0.42735326290130615
YOR074C,YDL198C,0,-6.0430226,0.168461874127388,0.8660022020339966,0.42746400833129883
YMR212C,YBR162C,0,-6.0437055,0.16842558979988098,0.8660022020339966,0.4275747537612915
YDR429C,YDL235C,0,-6.044295,0.16838932037353516,0.8660022020339966,0.4276854991912842
YLR376C,YFL058W,0,-6.0447345,0.16835306584835052,0.8660022020339966,0.42779624462127686
YML115C,YML045W,0,-6.0457463,0.1683168262243271,0.8660022020339966,0.42790699005126953
YMR065W,YPL060C-A,0,-6.0459146,0.16828061640262604,0.8660022020339966,0.4280177056789398
YNL339C,YJR026W,0,-6.046291,0.168244406580925,0.8660022020339966,0.4281284511089325
YML095C,YLL011W,0,-6.046584,0.16820821166038513,0.8660022020339966,0.42823919653892517
YLR032W,YDR246W,0,-6.046866,0.16817204654216766,0.8660022020339966,0.42834994196891785
YML057W,YGR244C,0,-6.0471883,0.1681358814239502,0.8660022020339966,0.4284606873989105
YCR086W,YKR082W,0,-6.0475087,0.16809974610805511,0.8660022020339966,0.4285714328289032
YDL031W,YOR373W,0,-6.0497065,0.16806361079216003,0.8660022020339966,0.4286821782588959
YFR019W,YPL137C,0,-6.0498185,0.16802750527858734,0.8660022020339966,0.42879292368888855
YAR002C-A,YIL082W-A,0,-6.050155,0.16799139976501465,0.8660022020339966,0.4289036691188812
YLR303W,YLR354C,0,-6.0503783,0.16795532405376434,0.8660022020339966,0.4290143847465515
YDR216W,YJR028W,0,-6.050693,0.16791926324367523,0.8660022020339966,0.4291251301765442
YOR245C,YIL115C,0,-6.052133,0.16788321733474731,0.8660022020339966,0.42923587560653687
YKR097W,YCL075W,0,-6.0526834,0.1678471714258194,0.8660022020339966,0.42934662103652954
YJR089W,YDR404C,0,-6.052954,0.16781115531921387,0.8660022020339966,0.4294573664665222
YNL259C,YDL044C,0,-6.0532284,0.16777515411376953,0.8660022020339966,0.4295681118965149
YLR210W,YGR195W,0,-6.0545774,0.1677391678094864,0.8660022020339966,0.42967885732650757
YOR036W,YNR048W,0,-6.0548825,0.16770319640636444,0.8660022020339966,0.42978960275650024
YGL030W,YKR059W,0,-6.0550957,0.1676672399044037,0.8660022020339966,0.42990031838417053
YJL112W,YPL146C,0,-6.0552187,0.16763129830360413,0.8660022020339966,0.4300110638141632
YGR041W,YER142C,0,-6.0554547,0.16759537160396576,0.8660022020339966,0.4301218092441559
YKL208W,YEL034W,0,-6.0555997,0.1675594598054886,0.8660022020339966,0.43023255467414856
YEL053C,YOL072W,0,-6.055872,0.1675235629081726,0.8660022020339966,0.43034330010414124
YLL061W,YGR007W,0,-6.0562053,0.16748768091201782,0.8660022020339966,0.4304540455341339
YDL198C,YMR080C,0,-6.057226,0.16745181381702423,0.8660022020339966,0.4305647909641266
YEL053C,YOL135C,0,-6.05749,0.16741597652435303,0.8660022020339966,0.43067553639411926
YBL084C,YGL011C,1,-6.057618,0.16759417951107025,0.8671096563339233,0.43067553639411926
YDR182W,YMR065W,0,-6.060263,0.16755831241607666,0.8671096563339233,0.43078628182411194
YLR424W,YJR028W,0,-6.0603814,0.16752246022224426,0.8671096563339233,0.4308969974517822
YPL078C,YOR089C,0,-6.060696,0.16748663783073425,0.8671096563339233,0.4310077428817749
YML060W,YDR495C,0,-6.0606976,0.16745081543922424,0.8671096563339233,0.4311184883117676
YPL275W,YMR186W,0,-6.061925,0.16741500794887543,0.8671096563339233,0.43122923374176025
YAR008W,YJR026W,0,-6.062002,0.1673792153596878,0.8671096563339233,0.43133997917175293
YDR071C,YGL205W,0,-6.0620065,0.16734345257282257,0.8671096563339233,0.4314507246017456
YML062C,YML095C,0,-6.0624757,0.16730768978595734,0.8671096563339233,0.4315614700317383
YNR023W,YGL169W,0,-6.062603,0.1672719568014145,0.8671096563339233,0.43167221546173096
YNL009W,YGR008C,0,-6.062773,0.16723622381687164,0.8671096563339233,0.43178293108940125
YEL056W,YML045W,0,-6.06298,0.16720050573349,0.8671096563339233,0.4318936765193939
YGR216C,YLR106C,0,-6.0629973,0.16716481745243073,0.8671096563339233,0.4320044219493866
YAR019C,YNL177C,0,-6.0630317,0.16712912917137146,0.8671096563339233,0.4321151673793793
YJL179W,YNR039C,0,-6.063481,0.16709347069263458,0.8671096563339233,0.43222591280937195
YDR194C,YJL179W,0,-6.063598,0.1670578122138977,0.8671096563339233,0.4323366582393646
YDL192W,YNL149C,0,-6.0642653,0.16702218353748322,0.8671096563339233,0.4324474036693573
YML060W,YOR224C,0,-6.0643744,0.16698656976222992,0.8671096563339233,0.43255814909935
YOR150W,YKR022C,0,-6.0649285,0.16695095598697662,0.8671096563339233,0.43266889452934265
YIR017C,YML034W,0,-6.065984,0.16691537201404572,0.8671096563339233,0.43277961015701294
YPR183W,YIL082W-A,0,-6.066158,0.1668797880411148,0.8671096563339233,0.4328903555870056
YDL093W,YGL205W,0,-6.0664644,0.1668442338705063,0.8671096563339233,0.4330011010169983
YJR001W,YLR455W,0,-6.0665507,0.16680869460105896,0.8671096563339233,0.43311184644699097
YJR074W,YHR050W,0,-6.0673532,0.16677317023277283,0.8671096563339233,0.43322259187698364
YMR186W,YLR034C,0,-6.0691233,0.1667376458644867,0.8671096563339233,0.4333333373069763
YCR026C,YML098W,0,-6.069206,0.16670215129852295,0.8671096563339233,0.433444082736969
YLR242C,YDR079C-A,0,-6.0695395,0.1666666716337204,0.8671096563339233,0.43355482816696167
YMR213W,YDR292C,0,-6.070144,0.16663119196891785,0.8671096563339233,0.43366557359695435
YHR042W,YJR068W,0,-6.071134,0.16659574210643768,0.8671096563339233,0.43377628922462463
YLR170C,YGR256W,0,-6.0716567,0.1665603071451187,0.8671096563339233,0.4338870346546173
YNL159C,YKL054C,1,-6.07295,0.16673755645751953,0.8682170510292053,0.4338870346546173
YAR002C-A,YOR089C,0,-6.073159,0.16670210659503937,0.8682170510292053,0.43399778008461
YGR152C,YJR026W,0,-6.0732884,0.1666666716337204,0.8682170510292053,0.43410852551460266
YOR061W,YPL275W,0,-6.073416,0.16663123667240143,0.8682170510292053,0.43421927094459534
YML081C-A,YEL015W,0,-6.073865,0.16659583151340485,0.8682170510292053,0.434330016374588
YFR036W,YLR025W,1,-6.0740867,0.16677288711071014,0.8693244457244873,0.434330016374588
YAL058W,YCL008C,1,-6.074665,0.16694986820220947,0.8704319000244141,0.434330016374588
YDL030W,YJR026W,0,-6.0747533,0.1669144183397293,0.8704319000244141,0.4344407618045807
YGL253W,YBL093C,0,-6.0752807,0.16687898337841034,0.8704319000244141,0.43455150723457336
YEL018W,YOR110W,0,-6.0753355,0.16684356331825256,0.8704319000244141,0.43466222286224365
YJR105W,YDL188C,0,-6.075583,0.1668081432580948,0.8704319000244141,0.43477296829223633
YLR139C,YKL196C,0,-6.0755973,0.1667727530002594,0.8704319000244141,0.434883713722229
YCL008C,YDR306C,1,-6.075707,0.16694951057434082,0.871539294719696,0.434883713722229
YNL173C,YPL174C,0,-6.0760074,0.16691410541534424,0.871539294719696,0.4349944591522217
YOR381W,YMR065W,0,-6.0762506,0.16687871515750885,0.871539294719696,0.43510520458221436
YLR098C,YLR116W,0,-6.0769134,0.16684333980083466,0.871539294719696,0.43521595001220703
YLL035W,YBR118W,0,-6.077722,0.16680796444416046,0.871539294719696,0.4353266954421997
YLR026C,YLR360W,0,-6.077913,0.16677261888980865,0.871539294719696,0.4354374408721924
YER183C,YGR009C,0,-6.078076,0.16673728823661804,0.871539294719696,0.43554818630218506
YGR257C,YMR218C,0,-6.078233,0.16670197248458862,0.871539294719696,0.43565890192985535
YNL129W,YPL022W,0,-6.0782413,0.1666666716337204,0.871539294719696,0.435769647359848
YOR116C,YHR050W,0,-6.0788445,0.16663138568401337,0.871539294719696,0.4358803927898407
YNL101W,YGL094C,0,-6.0792136,0.16659609973430634,0.871539294719696,0.4359911382198334
YDR393W,YIL082W-A,0,-6.079795,0.1665608435869217,0.871539294719696,0.43610188364982605
YPL137C,YLR455W,0,-6.080341,0.16652560234069824,0.871539294719696,0.4362126290798187
YPL275W,YIL065C,0,-6.0806565,0.166490375995636,0.871539294719696,0.4363233745098114
YLR078C,YJL204C,0,-6.0807633,0.16645516455173492,0.871539294719696,0.4364341199398041
YPL274W,YER123W,0,-6.0807815,0.16641996800899506,0.871539294719696,0.43654486536979675
YGR098C,YGL201C,0,-6.0810084,0.1663847714662552,0.871539294719696,0.43665558099746704
YOR061W,YLL060C,0,-6.0817184,0.1663496047258377,0.871539294719696,0.4367663264274597
YKL203C,YBL100W-B,0,-6.0818477,0.16631445288658142,0.871539294719696,0.4368770718574524
YLR106C,YLR045C,0,-6.0819535,0.16627931594848633,0.871539294719696,0.43698781728744507
YJL025W,YGR042W,0,-6.082355,0.16624419391155243,0.871539294719696,0.43709856271743774
YPL275W,YNL202W,0,-6.082538,0.16620908677577972,0.871539294719696,0.4372093081474304
YKR003W,YNL012W,0,-6.082667,0.16617397964000702,0.871539294719696,0.4373200535774231
YDR138W,YNL261W,0,-6.082681,0.1661389023065567,0.871539294719696,0.43743079900741577
YKL160W,YOL158C,0,-6.0828815,0.16610383987426758,0.871539294719696,0.43754151463508606
YMR208W,YJL214W,0,-6.0830894,0.16606879234313965,0.871539294719696,0.43765226006507874
YKL138C-A,YBL102W,0,-6.083898,0.1660337597131729,0.871539294719696,0.4377630054950714
YLR242C,YPL045W,0,-6.0845447,0.16599872708320618,0.871539294719696,0.4378737509250641
YPR144C,YDR079C-A,0,-6.084557,0.16596372425556183,0.871539294719696,0.43798449635505676
YCR083W,YML115C,0,-6.086187,0.16592873632907867,0.871539294719696,0.43809524178504944
YGR186W,YER005W,0,-6.0864005,0.1658937633037567,0.871539294719696,0.4382059872150421
YPL227C,YGR009C,0,-6.0870285,0.16585880517959595,0.871539294719696,0.4383167326450348
YNL101W,YOR083W,0,-6.087203,0.16582384705543518,0.871539294719696,0.43842747807502747
YHR091C,YAR002W,0,-6.0874805,0.1657889187335968,0.871539294719696,0.43853819370269775
YPL096C-A,YLR045C,0,-6.0875525,0.16575400531291962,0.871539294719696,0.43864893913269043
YPL059W,YLR130C,0,-6.088737,0.16571909189224243,0.871539294719696,0.4387596845626831
YPL078C,YKL004W,0,-6.0889077,0.16568420827388763,0.871539294719696,0.4388704299926758
YGR086C,YDL159W,0,-6.0889487,0.16564933955669403,0.871539294719696,0.43898117542266846
YMR239C,YJR141W,0,-6.0896554,0.16561447083950043,0.871539294719696,0.43909192085266113
YJL042W,YKL196C,0,-6.0897202,0.1655796319246292,0.871539294719696,0.4392026662826538
YDR423C,YIL063C,0,-6.0903907,0.1655448079109192,0.871539294719696,0.4393134117126465
YML065W,YPR007C,0,-6.090527,0.16550998389720917,0.871539294719696,0.4394241273403168
YLL019C,YLR045C,0,-6.0908437,0.16547518968582153,0.871539294719696,0.43953487277030945
YPL008W,YPL232W,0,-6.0914373,0.1654404103755951,0.871539294719696,0.4396456182003021
YCR014C,YLR354C,0,-6.091742,0.16540563106536865,0.871539294719696,0.4397563636302948
YMR136W,YER123W,0,-6.0920596,0.1653708815574646,0.871539294719696,0.4398671090602875
YBL084C,YDR054C,1,-6.0921936,0.1655462235212326,0.8726467490196228,0.4398671090602875
YLR098C,YOR140W,0,-6.0922856,0.16551144421100616,0.8726467490196228,0.43997785449028015
YLR170C,YGR078C,0,-6.0923467,0.1654766947031021,0.8726467490196228,0.4400885999202728
YER019C-A,YER018C,0,-6.092631,0.16544194519519806,0.8726467490196228,0.4401993453502655
YPL265W,YJR026W,0,-6.092811,0.1654072254896164,0.8726467490196228,0.4403100907802582
YOR328W,YJR004C,0,-6.0934973,0.16537250578403473,0.8726467490196228,0.44042080640792847
YJL013C,YKL203C,0,-6.0936127,0.16533781588077545,0.8726467490196228,0.44053155183792114
YHR099W,YER005W,0,-6.093652,0.16530312597751617,0.8726467490196228,0.4406422972679138
YMR260C,YPL045W,0,-6.0944715,0.1652684509754181,0.8726467490196228,0.4407530426979065
YFL013C,YCR084C,0,-6.0950828,0.1652338057756424,0.8726467490196228,0.44086378812789917
YAL001C,YPR107C,0,-6.09615,0.1651991605758667,0.8726467490196228,0.44097453355789185
YPL015C,YDL058W,0,-6.097352,0.1651645302772522,0.8726467490196228,0.4410852789878845
YLR028C,YGR249W,0,-6.09809,0.16512992978096008,0.8726467490196228,0.4411960244178772
YHR065C,YJR141W,0,-6.098759,0.16509532928466797,0.8726467490196228,0.4413067698478699
YFL022C,YNR039C,0,-6.099609,0.16506074368953705,0.8726467490196228,0.44141748547554016
YGR041W,YJL014W,0,-6.0998864,0.16502617299556732,0.8726467490196228,0.44152823090553284
YMR075W,YNL294C,0,-6.1003456,0.16499163210391998,0.8726467490196228,0.4416389763355255
YDL093W,YOR087W,0,-6.101271,0.16495709121227264,0.8726467490196228,0.4417497217655182
YAR008W,YNL247W,0,-6.102532,0.1649225652217865,0.8726467490196228,0.44186046719551086
YIL115C,YLR130C,0,-6.1026263,0.16488805413246155,0.8726467490196228,0.44197121262550354
YPL117C,YMR216C,0,-6.1033115,0.1648535579442978,0.8726467490196228,0.4420819580554962
YNL271C,YOR061W,0,-6.1033874,0.16481907665729523,0.8726467490196228,0.4421927034854889
YOL149W,YDL013W,0,-6.1034946,0.16478461027145386,0.8726467490196228,0.4423034191131592
YDR069C,YPL096W,1,-6.103787,0.16495923697948456,0.8737541437149048,0.4423034191131592
YMR047C,YOR216C,0,-6.1045327,0.164924755692482,0.8737541437149048,0.44241416454315186
YKR022C,YKR097W,0,-6.104668,0.16489028930664062,0.8737541437149048,0.44252490997314453
YCR107W,YKL074C,0,-6.1050844,0.16485582292079926,0.8737541437149048,0.4426356554031372
YNL009W,YNR048W,0,-6.106297,0.16482138633728027,0.8737541437149048,0.4427464008331299
YOR245C,YIL016W,0,-6.1066823,0.16478696465492249,0.8737541437149048,0.44285714626312256
YLL019C,YDR311W,0,-6.10682,0.1647525578737259,0.8737541437149048,0.44296789169311523
YBR131W,YLR043C,0,-6.107071,0.1647181659936905,0.8737541437149048,0.4430786371231079
YML094W,YJL012C,0,-6.107163,0.16468378901481628,0.8737541437149048,0.4431893825531006
YMR208W,YOR076C,0,-6.10887,0.16464941203594208,0.8737541437149048,0.4433000981807709
YIL062C,YER082C,0,-6.1091313,0.16461506485939026,0.8737541437149048,0.44341084361076355
YLR052W,YDR481C,0,-6.109149,0.16458073258399963,0.8737541437149048,0.4435215890407562
YDR284C,YGL209W,0,-6.109526,0.164546400308609,0.8737541437149048,0.4436323344707489
YDR071C,YPR054W,0,-6.1099305,0.16451209783554077,0.8737541437149048,0.4437430799007416
YEL009C,YOL026C,0,-6.1100645,0.16447779536247253,0.8737541437149048,0.44385382533073425
YLR134W,YJL156C,0,-6.1102033,0.16444352269172668,0.8737541437149048,0.44396457076072693
YER142C,YGR180C,0,-6.1110067,0.16440925002098083,0.8737541437149048,0.4440753161907196
YLR106C,YPL153C,0,-6.111099,0.16437500715255737,0.8737541437149048,0.4441860318183899
YPR201W,YLR425W,0,-6.1112976,0.1643407642841339,0.8737541437149048,0.44429677724838257
YMR204C,YKR056W,0,-6.1113305,0.16430653631687164,0.8737541437149048,0.44440752267837524
YFR036W,YBL084C,1,-6.1114926,0.1644805371761322,0.8748615980148315,0.44440752267837524
YNL101W,YPR057W,0,-6.1121044,0.16444629430770874,0.8748615980148315,0.4445182681083679
YJL071W,YBR055C,0,-6.1123457,0.16441206634044647,0.8748615980148315,0.4446290135383606
YJL071W,YKL188C,0,-6.11311,0.1643778681755066,0.8748615980148315,0.44473975896835327
YDR160W,YPL019C,0,-6.113741,0.1643436700105667,0.8748615980148315,0.44485050439834595
YPL235W,YNR048W,0,-6.115235,0.16430948674678802,0.8748615980148315,0.4449612498283386
YPL098C,YFR033C,0,-6.115853,0.16427531838417053,0.8748615980148315,0.4450719952583313
YJL014W,YNL099C,0,-6.115996,0.16424116492271423,0.8748615980148315,0.4451827108860016
YML060W,YKL126W,0,-6.116217,0.16420702636241913,0.8748615980148315,0.44529345631599426
YCR037C,YOR119C,0,-6.117244,0.16417290270328522,0.8748615980148315,0.44540420174598694
YOL129W,YML131W,0,-6.11766,0.1641387939453125,0.8748615980148315,0.4455149471759796
YCR014C,YNL169C,0,-6.1184173,0.16410470008850098,0.8748615980148315,0.4456256926059723
YPR025C,YDL227C,0,-6.1197,0.16407060623168945,0.8748615980148315,0.44573643803596497
YBL046W,YOR008C-A,0,-6.1210647,0.16403654217720032,0.8748615980148315,0.44584718346595764
YKL188C,YAL011W,0,-6.121112,0.16400249302387238,0.8748615980148315,0.4459579288959503
YLR078C,YPL231W,0,-6.121138,0.16396845877170563,0.8748615980148315,0.446068674325943
YNL118C,YLR262C,0,-6.1216826,0.16393442451953888,0.8748615980148315,0.4461793899536133
YDR473C,YCR060W,0,-6.1220055,0.16390042006969452,0.8748615980148315,0.44629013538360596
YDR296W,YCR014C,0,-6.122974,0.16386641561985016,0.8748615980148315,0.44640088081359863
YKR056W,YFL002W-A,0,-6.1231704,0.16383244097232819,0.8748615980148315,0.4465116262435913
YML057W,YLR116W,0,-6.1232505,0.1637984663248062,0.8748615980148315,0.446622371673584
YFL025C,YLR208W,1,-6.123966,0.16397181153297424,0.8759689927101135,0.446622371673584
YAL012W,YPL218W,0,-6.12405,0.16393782198429108,0.8759689927101135,0.44673311710357666
YMR162C,YEL050C,0,-6.124638,0.1639038473367691,0.8759689927101135,0.44684386253356934
YML080W,YEL053C,0,-6.1256413,0.16386990249156952,0.8759689927101135,0.446954607963562
YLR060W,YDR011W,0,-6.1263785,0.16383595764636993,0.8759689927101135,0.4470653235912323
YGL047W,YBR210W,0,-6.1266074,0.16380202770233154,0.8759689927101135,0.447176069021225
YOR279C,YLR354C,0,-6.1269827,0.16376811265945435,0.8759689927101135,0.44728681445121765
YOR386W,YDR416W,0,-6.12719,0.16373421251773834,0.8759689927101135,0.4473975598812103
YGR180C,YLR136C,0,-6.1272583,0.16370032727718353,0.8759689927101135,0.447508305311203
YGR086C,YML127W,0,-6.1291623,0.16366645693778992,0.8759689927101135,0.4476190507411957
YPR201W,YGL191W,0,-6.129478,0.1636326014995575,0.8759689927101135,0.44772979617118835
YPL137C,YMR234W,0,-6.1307063,0.16359876096248627,0.8759689927101135,0.44784054160118103
YER032W,YMR047C,0,-6.131269,0.16356493532657623,0.8759689927101135,0.4479512870311737
YDR138W,YGL178W,0,-6.1317,0.1635311096906662,0.8759689927101135,0.448062002658844
YJR105W,YOR023C,0,-6.131794,0.16349731385707855,0.8759689927101135,0.44817274808883667
YFL025C,YBR201W,1,-6.131915,0.16367018222808838,0.8770763874053955,0.44817274808883667
YNL135C,YMR134W,0,-6.1320605,0.16363635659217834,0.8770763874053955,0.44828349351882935
YJL194W,YOR254C,0,-6.132495,0.1636025607585907,0.8770763874053955,0.448394238948822
YLR284C,YOR327C,0,-6.132572,0.16356877982616425,0.8770763874053955,0.4485049843788147
YOL026C,YNL163C,0,-6.132735,0.1635349988937378,0.8770763874053955,0.4486157298088074
YNR035C,YPR154W,0,-6.133812,0.16350123286247253,0.8770763874053955,0.44872647523880005
YJR031C,YMR234W,0,-6.134047,0.16346749663352966,0.8770763874053955,0.4488372206687927
YLR459W,YMR218C,0,-6.1341567,0.1634337604045868,0.8770763874053955,0.4489479660987854
YNL041C,YOR386W,0,-6.134744,0.16340003907680511,0.8770763874053955,0.4490586817264557
YLL019C,YOL066C,0,-6.135081,0.16336633265018463,0.8770763874053955,0.44916942715644836
YOR079C,YGL043W,0,-6.1351323,0.16333264112472534,0.8770763874053955,0.44928017258644104
YBR023C,YOR039W,0,-6.135348,0.16329896450042725,0.8770763874053955,0.4493909180164337
YIL037C,YOR081C,0,-6.135681,0.16326530277729034,0.8770763874053955,0.4495016634464264
YIR017C,YCR014C,0,-6.1364017,0.16323165595531464,0.8770763874053955,0.44961240887641907
YLL060C,YKL082C,0,-6.136761,0.16319802403450012,0.8770763874053955,0.44972315430641174
YDR317W,YDR086C,0,-6.137446,0.1631644070148468,0.8770763874053955,0.4498338997364044
YNL118C,YPR190C,0,-6.137748,0.16313078999519348,0.8770763874053955,0.4499446153640747
YDR311W,YNR048W,0,-6.139116,0.16309720277786255,0.8770763874053955,0.4500553607940674
YDR362C,YLR272C,0,-6.139134,0.16306361556053162,0.8770763874053955,0.45016610622406006
YOL158C,YER019W,0,-6.1395564,0.16303005814552307,0.8770763874053955,0.45027685165405273
YKL004W,YLR262C,0,-6.1398573,0.16299650073051453,0.8770763874053955,0.4503875970840454
YAL011W,YKL214C,0,-6.140299,0.16296295821666718,0.8770763874053955,0.4504983425140381
YPR025C,YER019C-A,0,-6.140396,0.1629294455051422,0.8770763874053955,0.45060908794403076
YPR179C,YDR404C,0,-6.140408,0.16289593279361725,0.8770763874053955,0.45071983337402344
YIR019C,YBR237W,0,-6.1410227,0.16286243498325348,0.8770763874053955,0.4508305788040161
YPL160W,YJL006C,0,-6.141475,0.1628289520740509,0.8770763874053955,0.4509412944316864
YML060W,YGL210W,0,-6.141955,0.16279548406600952,0.8770763874053955,0.4510520398616791
YOR036W,YJR004C,0,-6.1429663,0.16276201605796814,0.8770763874053955,0.45116278529167175
YFL014W,YNL097C,0,-6.1432805,0.16272857785224915,0.8770763874053955,0.45127353072166443
YMR012W,YDR245W,0,-6.1435,0.16269515454769135,0.8770763874053955,0.4513842761516571
YJL071W,YIL063C,0,-6.1437964,0.16266173124313354,0.8770763874053955,0.4514950215816498
YDR236C,YEL034W,0,-6.144245,0.16262833774089813,0.8770763874053955,0.45160576701164246
YPL274W,YML045W,0,-6.144867,0.16259494423866272,0.8770763874053955,0.45171651244163513
YJL124C,YBL046W,0,-6.145015,0.1625615805387497,0.8770763874053955,0.4518272280693054
YOL130W,YCL016C,0,-6.1462,0.16252821683883667,0.8770763874053955,0.4519379734992981
YIL114C,YDR082W,0,-6.14624,0.16249486804008484,0.8770763874053955,0.45204871892929077
YPR155C,YOR216C,0,-6.1462803,0.1624615341424942,0.8770763874053955,0.45215946435928345
YPL095C,YGL104C,0,-6.1472363,0.16242821514606476,0.8770763874053955,0.4522702097892761
YOR113W,YLR429W,0,-6.1481953,0.1623949110507965,0.8770763874053955,0.4523809552192688
YJR082C,YIL101C,0,-6.1484885,0.16236162185668945,0.8770763874053955,0.4524917006492615
YJR052W,YBR127C,0,-6.148942,0.1623283475637436,0.8770763874053955,0.45260244607925415
YMR216C,YDR160W,0,-6.1493645,0.16229508817195892,0.8770763874053955,0.4527131915092468
YDR016C,YBR055C,0,-6.1509185,0.16226182878017426,0.8770763874053955,0.4528239071369171
YFL022C,YPL117C,0,-6.1512523,0.16222859919071198,0.8770763874053955,0.4529346525669098
YNL177C,YLR139C,0,-6.1515965,0.1621953696012497,0.8770763874053955,0.45304539799690247
YDR473C,YER018C,0,-6.151605,0.1621621549129486,0.8770763874053955,0.45315614342689514
YNL232W,YPL137C,0,-6.152402,0.1621289700269699,0.8770763874053955,0.4532668888568878
YNL135C,YCL019W,0,-6.1527863,0.1620957851409912,0.8770763874053955,0.4533776342868805
YCR055C,YNL163C,0,-6.153209,0.1620626151561737,0.8770763874053955,0.45348837971687317
YLR170C,YIL114C,0,-6.1536155,0.1620294600725174,0.8770763874053955,0.45359912514686584
YAR002C-A,YMR186W,0,-6.154672,0.16199631989002228,0.8770763874053955,0.4537098705768585
YJL013C,YGL246C,0,-6.1548753,0.16196319460868835,0.8770763874053955,0.4538205862045288
YDL227C,YMR016C,0,-6.155254,0.16193006932735443,0.8770763874053955,0.4539313316345215
YDR362C,YLR455W,0,-6.155315,0.1618969738483429,0.8770763874053955,0.45404207706451416
YFR036W,YLR208W,1,-6.1554313,0.16206826269626617,0.8781838417053223,0.45404207706451416
YGL226C-A,YPR054W,0,-6.1554904,0.16203515231609344,0.8781838417053223,0.45415282249450684
YOL158C,YER005W,0,-6.1559887,0.16200204193592072,0.8781838417053223,0.4542635679244995
YBR161W,YMR172W,0,-6.156791,0.16196896135807037,0.8781838417053223,0.4543743133544922
YLR391W,YCR053W,0,-6.156963,0.16193588078022003,0.8781838417053223,0.45448505878448486
YOL045W,YOR305W,0,-6.1570497,0.16190281510353088,0.8781838417053223,0.45459580421447754
YER149C,YMR234W,0,-6.1572146,0.16186976432800293,0.8781838417053223,0.4547065198421478
YOR039W,YER052C,0,-6.157331,0.16183672845363617,0.8781838417053223,0.4548172652721405
YKR027W,YLR032W,0,-6.157417,0.1618037074804306,0.8781838417053223,0.4549280107021332
YCR026C,YDR079C-A,0,-6.157537,0.16177070140838623,0.8781838417053223,0.45503875613212585
YDR055W,YPR094W,0,-6.1593413,0.16173771023750305,0.8781838417053223,0.45514950156211853
YPL153C,YFL058W,0,-6.1595273,0.16170473396778107,0.8781838417053223,0.4552602469921112
YDR264C,YDR079C-A,0,-6.1596413,0.16167175769805908,0.8781838417053223,0.4553709924221039
YLR045C,YKL099C,0,-6.1600447,0.16163881123065948,0.8781838417053223,0.45548173785209656
YLR386W,YBL100W-B,0,-6.16017,0.1616058647632599,0.8781838417053223,0.45559248328208923
YBL009W,YDL192W,0,-6.1602015,0.16157294809818268,0.8781838417053223,0.4557031989097595
YNL261W,YOR254C,0,-6.160531,0.16154003143310547,0.8781838417053223,0.4558139443397522
YPR067W,YPL126W,0,-6.161478,0.16150712966918945,0.8781838417053223,0.4559246897697449
YPL178W,YJL194W,0,-6.1617646,0.16147424280643463,0.8781838417053223,0.45603543519973755
YKL213C,YDR306C,1,-6.1618886,0.16164495050907135,0.8792912364006042,0.45603543519973755
YCR072C,YBL100W-B,0,-6.162243,0.16161204874515533,0.8792912364006042,0.4561461806297302
YOR245C,YFL002W-A,0,-6.162923,0.1615791618824005,0.8792912364006042,0.4562569260597229
YLR155C,YDR284C,0,-6.163022,0.16154628992080688,0.8792912364006042,0.4563676714897156
YPR018W,YFL002W-A,0,-6.1631274,0.16151343286037445,0.8792912364006042,0.45647841691970825
YKL004W,YGR231C,0,-6.1632943,0.16148057579994202,0.8792912364006042,0.45658913254737854
YPL095C,YOL072W,0,-6.1636024,0.16144774854183197,0.8792912364006042,0.4566998779773712
YBR243C,YNL177C,0,-6.163687,0.16141492128372192,0.8792912364006042,0.4568106234073639
YDR515W,YLR455W,0,-6.1641774,0.16138210892677307,0.8792912364006042,0.45692136883735657
YGL112C,YMR045C,0,-6.1642814,0.1613493263721466,0.8792912364006042,0.45703211426734924
YBR201W,YPL096W,1,-6.164336,0.16151970624923706,0.880398690700531,0.45703211426734924
YGL047W,YFR037C,0,-6.16478,0.1614868938922882,0.880398690700531,0.4571428596973419
YIL013C,YML115C,0,-6.165977,0.16145409643650055,0.880398690700531,0.4572536051273346
YLR098C,YIL082W-A,0,-6.1669087,0.16142131388187408,0.880398690700531,0.45736435055732727
YJR070C,YKL212W,0,-6.1670365,0.1613885462284088,0.880398690700531,0.45747509598731995
YGL226C-A,YOL109W,0,-6.167357,0.16135579347610474,0.880398690700531,0.45758581161499023
YHR026W,YGL030W,0,-6.167669,0.16132305562496185,0.880398690700531,0.4576965570449829
YIR009W,YOR270C,0,-6.167794,0.16129031777381897,0.880398690700531,0.4578073024749756
YCR053W,YOL028C,0,-6.167889,0.16125760972499847,0.880398690700531,0.45791804790496826
YER028C,YDR495C,0,-6.168312,0.16122490167617798,0.880398690700531,0.45802879333496094
YDR378C,YNL055C,0,-6.1689625,0.16119220852851868,0.880398690700531,0.4581395387649536
YEL018W,YOR305W,0,-6.169303,0.16115954518318176,0.880398690700531,0.4582502841949463
YCR027C,YLR048W,0,-6.169869,0.16112688183784485,0.880398690700531,0.45836102962493896
YEL024W,YMR227C,0,-6.169928,0.16109421849250793,0.880398690700531,0.45847177505493164
YAL012W,YPL031C,0,-6.170211,0.1610615849494934,0.880398690700531,0.45858249068260193
YEL015W,YBR037C,0,-6.170872,0.16102896630764008,0.880398690700531,0.4586932361125946
YMR172W,YNL257C,0,-6.1720996,0.16099634766578674,0.880398690700531,0.4588039815425873
YGL043W,YDR495C,0,-6.172644,0.1609637588262558,0.880398690700531,0.45891472697257996
YOR254C,YJL141C,0,-6.17346,0.16093116998672485,0.880398690700531,0.45902547240257263
YCR038C,YBL033C,0,-6.1737003,0.1608986109495163,0.880398690700531,0.4591362178325653
YEL024W,YNL167C,0,-6.1738043,0.16086605191230774,0.880398690700531,0.459246963262558
YBR055C,YDR393W,0,-6.174336,0.16083350777626038,0.880398690700531,0.45935770869255066
YNL241C,YBL100W-B,0,-6.1746416,0.160800963640213,0.880398690700531,0.45946842432022095
YGL181W,YML031W,0,-6.175513,0.16076844930648804,0.880398690700531,0.4595791697502136
YCR038C,YIR041W,0,-6.1762295,0.16073594987392426,0.880398690700531,0.4596899151802063
YKR038C,YAL055W,0,-6.176322,0.16070345044136047,0.880398690700531,0.459800660610199
YNL163C,YLL016W,0,-6.1771073,0.16067098081111908,0.880398690700531,0.45991140604019165
YOR112W,YER031C,0,-6.17744,0.16063851118087769,0.880398690700531,0.4600221514701843
YPL167C,YBL093C,0,-6.1775875,0.16060605645179749,0.880398690700531,0.460132896900177
YJL204C,YPR133C,0,-6.178477,0.16057361662387848,0.880398690700531,0.4602436423301697
YPR054W,YIL016W,0,-6.178944,0.16054119169712067,0.880398690700531,0.46035438776016235
YEL054C,YPL232W,0,-6.1790924,0.16050878167152405,0.880398690700531,0.46046510338783264
YOR178C,YMR087W,0,-6.1806827,0.16047638654708862,0.880398690700531,0.4605758488178253
YNL232W,YOR089C,0,-6.1821785,0.1604439914226532,0.880398690700531,0.460686594247818
YGR057C,YGL210W,0,-6.182231,0.16041162610054016,0.880398690700531,0.46079733967781067
YEL018W,YKL099C,0,-6.182504,0.16037926077842712,0.880398690700531,0.46090808510780334
YEL018W,YOL028C,0,-6.1832786,0.16034691035747528,0.880398690700531,0.461018830537796
YOR245C,YOR216C,0,-6.1833334,0.16031457483768463,0.880398690700531,0.4611295759677887
YGR257C,YGR007W,0,-6.1833854,0.16028225421905518,0.880398690700531,0.46124032139778137
YER167W,YLL060C,0,-6.1835217,0.16024994850158691,0.880398690700531,0.46135106682777405
YEL034W,YJL128C,0,-6.1842036,0.16021765768527985,0.880398690700531,0.46146178245544434
YLL060C,YCR020W-B,0,-6.184299,0.16018536686897278,0.880398690700531,0.461572527885437
YJR135C,YOL097C,0,-6.184976,0.1601531058549881,0.880398690700531,0.4616832733154297
YLR181C,YDR545W,0,-6.186196,0.16012084484100342,0.880398690700531,0.46179401874542236
YGL201C,YAR002W,0,-6.186937,0.16008859872817993,0.880398690700531,0.46190476417541504
YOR120W,YJL214W,0,-6.1872478,0.16005636751651764,0.880398690700531,0.4620155096054077
YGR257C,YOL011W,0,-6.1873116,0.16002415120601654,0.880398690700531,0.4621262550354004
YJL204C,YOR003W,0,-6.187647,0.15999194979667664,0.880398690700531,0.46223700046539307
YDL227C,YMR080C,0,-6.1876855,0.15995976328849792,0.880398690700531,0.46234771609306335
YPR189W,YGR099W,0,-6.1879373,0.1599275767803192,0.880398690700531,0.46245846152305603
YDL227C,YPR067W,0,-6.1885104,0.1598954200744629,0.880398690700531,0.4625692069530487
YEL053C,YPR032W,0,-6.188987,0.15986326336860657,0.880398690700531,0.4626799523830414
YJL157C,YFL022C,0,-6.1892924,0.15983112156391144,0.880398690700531,0.46279069781303406
YLR361C,YPL095C,0,-6.189715,0.1597989946603775,0.880398690700531,0.46290144324302673
YCR053W,YJR028W,0,-6.189961,0.15976688265800476,0.880398690700531,0.4630121886730194
YDL030W,YPL235W,0,-6.190001,0.1597347855567932,0.880398690700531,0.4631229341030121
YDR122W,YML131W,0,-6.1901126,0.15970268845558167,0.880398690700531,0.46323367953300476
YER183C,YBR127C,0,-6.1907005,0.1596706211566925,0.880398690700531,0.46334439516067505
YNL159C,YFL025C,1,-6.1911535,0.15983936190605164,0.881506085395813,0.46334439516067505
YOR046C,YML085C,0,-6.192122,0.1598072648048401,0.881506085395813,0.4634551405906677
YKL149C,YBL100W-B,0,-6.1930103,0.15977519750595093,0.881506085395813,0.4635658860206604
YDR194C,YNL129W,0,-6.1933517,0.15974313020706177,0.881506085395813,0.4636766314506531
YDL118W,YGR251W,0,-6.193356,0.1597110778093338,0.881506085395813,0.46378737688064575
YMR301C,YCL075W,0,-6.195091,0.15967904031276703,0.881506085395813,0.4638981223106384
YPL121C,YPR168W,0,-6.1954794,0.15964701771736145,0.881506085395813,0.4640088677406311
YFL025C,YFR050C,1,-6.1965528,0.15981552004814148,0.8826135396957397,0.4640088677406311
YIL033C,YOL045W,0,-6.1972985,0.1597834825515747,0.8826135396957397,0.4641196131706238
YPR037C,YDR388W,0,-6.197322,0.15975145995616913,0.8826135396957397,0.46423032879829407
YOR110W,YKL203C,0,-6.1973596,0.15971943736076355,0.8826135396957397,0.46434107422828674
YLR394W,YNL163C,0,-6.197922,0.15968744456768036,0.8826135396957397,0.4644518196582794
YCR107W,YJL071W,0,-6.1980877,0.15965545177459717,0.8826135396957397,0.4645625650882721
YML094W,YFR033C,0,-6.19814,0.15962347388267517,0.8826135396957397,0.46467331051826477
YOL006C,YIL101C,0,-6.1983466,0.15959151089191437,0.8826135396957397,0.46478405594825745
YPL055C,YOR386W,0,-6.1994586,0.15955956280231476,0.8826135396957397,0.4648948013782501
YMR142C,YLL016W,0,-6.1994586,0.15952761471271515,0.8826135396957397,0.4650055468082428
YFL024C,YGR042W,0,-6.1998496,0.15949569642543793,0.8826135396957397,0.4651162922382355
YGR003W,YIL017C,1,-6.2012215,0.1596638709306717,0.8837209343910217,0.4651162922382355
YFL025C,YOR117W,1,-6.2018,0.1598319709300995,0.8848283290863037,0.4651162922382355
YJR105W,YLR262C,0,-6.204116,0.1597999930381775,0.8848283290863037,0.46522700786590576
YKL179C,YGR009C,0,-6.204183,0.15976804494857788,0.8848283290863037,0.46533775329589844
YMR162C,YOR244W,0,-6.204846,0.15973611176013947,0.8848283290863037,0.4654484987258911
YDL192W,YBR210W,0,-6.204986,0.15970417857170105,0.8848283290863037,0.4655592441558838
YGR113W,YGR152C,0,-6.2052817,0.15967226028442383,0.8848283290863037,0.46566998958587646
YDR508C,YJR042W,0,-6.205734,0.1596403568983078,0.8848283290863037,0.46578073501586914
YPR025C,YHR039C,0,-6.206618,0.15960846841335297,0.8848283290863037,0.4658914804458618
YCL016C,YER183C,0,-6.207078,0.15957659482955933,0.8848283290863037,0.4660022258758545
YKL160W,YNL207W,0,-6.20833,0.15954472124576569,0.8848283290863037,0.46611297130584717
YPL233W,YDR393W,0,-6.208775,0.15951287746429443,0.8848283290863037,0.46622368693351746
YNL041C,YEL024W,0,-6.209481,0.15948103368282318,0.8848283290863037,0.46633443236351013
YJL071W,YIL115C,0,-6.2101145,0.15944920480251312,0.8848283290863037,0.4664451777935028
YBR207W,YBR296C,0,-6.2103963,0.15941739082336426,0.8848283290863037,0.4665559232234955
YOR039W,YHR006W,0,-6.210419,0.1593855917453766,0.8848283290863037,0.46666666865348816
YMR012W,YPR094W,0,-6.2108064,0.1593538075685501,0.8848283290863037,0.46677741408348083
YLR459W,YJL208C,0,-6.2110744,0.15932203829288483,0.8848283290863037,0.4668881595134735
YLL060C,YMR218C,0,-6.212363,0.15929026901721954,0.8848283290863037,0.4669989049434662
YPL202C,YPL022W,0,-6.212798,0.15925851464271545,0.8848283290863037,0.4671096205711365
YOR061W,YER032W,0,-6.2142215,0.15922679007053375,0.8848283290863037,0.46722036600112915
YHR039C,YHR060W,0,-6.214715,0.15919506549835205,0.8848283290863037,0.4673311114311218
YER165W,YKL203C,0,-6.214912,0.15916334092617035,0.8848283290863037,0.4674418568611145
YAR014C,YGL211W,0,-6.215797,0.15913164615631104,0.8848283290863037,0.4675526022911072
YNL009W,YHR014W,0,-6.2160306,0.15909996628761292,0.8848283290863037,0.46766334772109985
YER018C,YPR133C,0,-6.2162466,0.1590682864189148,0.8848283290863037,0.46777409315109253
YDR194C,YPL126W,0,-6.2172365,0.15903662145137787,0.8848283290863037,0.4678848385810852
YBR004C,YOR327C,0,-6.2176576,0.15900497138500214,0.8848283290863037,0.4679955840110779
YOL045W,YOR140W,0,-6.2179017,0.1589733362197876,0.8848283290863037,0.46810629963874817
YOL123W,YJR141W,0,-6.2182636,0.15894171595573425,0.8848283290863037,0.46821704506874084
YNL207W,YLR043C,0,-6.218476,0.1589101105928421,0.8848283290863037,0.4683277904987335
YFL025C,YMR067C,1,-6.2186174,0.15907734632492065,0.8859357833862305,0.4683277904987335
YDR076W,YAR010C,0,-6.2189217,0.1590457260608673,0.8859357833862305,0.4684385359287262
YKL149C,YGR074W,0,-6.2191763,0.15901410579681396,0.8859357833862305,0.46854928135871887
YPL152W,YDL118W,0,-6.219627,0.158982515335083,0.8859357833862305,0.46866002678871155
YBR217W,YPL178W,0,-6.2197957,0.15895092487335205,0.8859357833862305,0.4687707722187042
YKL149C,YOL094C,0,-6.220444,0.1589193493127823,0.8859357833862305,0.4688815176486969
YIL013C,YGR002C,0,-6.220464,0.15888778865337372,0.8859357833862305,0.4689922332763672
YGR220C,YNL110C,0,-6.2206316,0.15885622799396515,0.8859357833862305,0.46910297870635986
YKR038C,YPL097W,0,-6.220746,0.15882469713687897,0.8859357833862305,0.46921372413635254
YNL232W,YMR162C,0,-6.221007,0.15879316627979279,0.8859357833862305,0.4693244695663452
YHR152W,YPR158W-B,0,-6.2218595,0.158761665225029,0.8859357833862305,0.4694352149963379
YPL063W,YFL004W,0,-6.2231064,0.1587301641702652,0.8859357833862305,0.46954596042633057
YPL227C,YDR411C,0,-6.223556,0.1586986780166626,0.8859357833862305,0.46965670585632324
YBL097W,YKL075C,0,-6.224008,0.15866719186306,0.8859357833862305,0.4697674512863159
YDR099W,YEL050C,0,-6.224539,0.15863573551177979,0.8859357833862305,0.4698781967163086
YBR217W,YAR014C,0,-6.22454,0.15860427916049957,0.8859357833862305,0.4699889123439789
YPL204W,YCL075W,0,-6.2255006,0.15857283771038055,0.8859357833862305,0.47009965777397156
YDR256C,YJR028W,0,-6.225608,0.15854142606258392,0.8859357833862305,0.47021040320396423
YJR001W,YBL033C,0,-6.226729,0.1585099995136261,0.8859357833862305,0.4703211486339569
YGL043W,YKL188C,0,-6.227014,0.15847860276699066,0.8859357833862305,0.4704318940639496
YPL233W,YML045W,0,-6.227077,0.15844722092151642,0.8859357833862305,0.47054263949394226
YBR177C,YIR017C,0,-6.227102,0.15841583907604218,0.8859357833862305,0.47065338492393494
YGR098C,YDR205W,0,-6.227292,0.15838447213172913,0.8859357833862305,0.4707641303539276
YOR267C,YNL049C,0,-6.2272954,0.15835312008857727,0.8859357833862305,0.4708748757839203
YFR037C,YKL203C,0,-6.2274914,0.1583217829465866,0.8859357833862305,0.4709855914115906
YNR035C,YER032W,0,-6.2275577,0.15829046070575714,0.8859357833862305,0.47109633684158325
YGL071W,YBR035C,0,-6.2275887,0.15825915336608887,0.8859357833862305,0.4712070822715759
YBL046W,YLR130C,0,-6.227929,0.1582278460264206,0.8859357833862305,0.4713178277015686
YDR013W,YPR094W,0,-6.2289166,0.1581965535879135,0.8859357833862305,0.4714285731315613
YDR324C,YOR008C-A,0,-6.229114,0.15816527605056763,0.8859357833862305,0.47153931856155396
YHR055C,YBR237W,0,-6.2296863,0.15813401341438293,0.8859357833862305,0.47165006399154663
YJL106W,YGR033C,0,-6.2296925,0.15810276567935944,0.8859357833862305,0.4717608094215393
YER103W,YML115C,0,-6.2306657,0.15807153284549713,0.8859357833862305,0.4718715250492096
YGR086C,YER118C,0,-6.2312727,0.15804030001163483,0.8859357833862305,0.47198227047920227
YJR074W,YOR143C,0,-6.2313523,0.15800908207893372,0.8859357833862305,0.47209301590919495
YML062C,YMR247C,0,-6.2314706,0.1579778790473938,0.8859357833862305,0.4722037613391876
YDR312W,YMR045C,0,-6.233027,0.15794669091701508,0.8859357833862305,0.4723145067691803
YCR027C,YKL173W,0,-6.2330456,0.15791551768779755,0.8859357833862305,0.472425252199173
YKR027W,YFL024C,0,-6.233768,0.15788434445858002,0.8859357833862305,0.47253599762916565
YML062C,YGR249W,0,-6.233783,0.15785320103168488,0.8859357833862305,0.4726467430591583
YOL042W,YCL075W,0,-6.2344565,0.15782205760478973,0.8859357833862305,0.472757488489151
YBR237W,YAL016W,0,-6.2347093,0.1577909290790558,0.8859357833862305,0.4728682041168213
YDL100C,YDR037W,0,-6.235167,0.15775981545448303,0.8859357833862305,0.47297894954681396
YOL158C,YCR020C-A,0,-6.2356734,0.15772870182991028,0.8859357833862305,0.47308969497680664
YJL005W,YGL104C,0,-6.2369113,0.1576976180076599,0.8859357833862305,0.4732004404067993
YKL004W,YJR103W,0,-6.2371087,0.15766653418540955,0.8859357833862305,0.473311185836792
YCR014C,YJR028W,0,-6.2374597,0.15763546526432037,0.8859357833862305,0.47342193126678467
YLR105C,YMR134W,0,-6.2375035,0.1576044112443924,0.8859357833862305,0.47353267669677734
YPL097W,YLR386W,0,-6.2376676,0.1575733721256256,0.8859357833862305,0.47364342212677
YPR185W,YML065W,0,-6.2377644,0.15754233300685883,0.8859357833862305,0.4737541675567627
YGL168W,YKL212W,0,-6.2378135,0.15751132369041443,0.8859357833862305,0.473864883184433
YPR201W,YOR119C,0,-6.2381544,0.15748031437397003,0.8859357833862305,0.47397562861442566
YGL168W,YCL044C,0,-6.2385964,0.15744931995868683,0.8859357833862305,0.47408637404441833
YJL005W,YNL246W,0,-6.2387156,0.15741834044456482,0.8859357833862305,0.474197119474411
YGL094C,YER123W,0,-6.2389235,0.157387375831604,0.8859357833862305,0.4743078649044037
YMR211W,YPR094W,0,-6.238948,0.1573564112186432,0.8859357833862305,0.47441861033439636
YCR020C-A,YJL102W,0,-6.240166,0.15732546150684357,0.8859357833862305,0.47452935576438904
YDR162C,YML085C,0,-6.2406454,0.15729452669620514,0.8859357833862305,0.4746401011943817
YGL084C,YER142C,0,-6.240838,0.1572636067867279,0.8859357833862305,0.474750816822052
YHL002W,YCR055C,0,-6.241709,0.15723270177841187,0.8859357833862305,0.4748615622520447
YPR185W,YBL100W-B,0,-6.24235,0.15720181167125702,0.8859357833862305,0.47497230768203735
YGR098C,YEL056W,0,-6.242507,0.15717092156410217,0.8859357833862305,0.47508305311203003
YDL230W,YKL086W,0,-6.242582,0.15714004635810852,0.8859357833862305,0.4751937985420227
YPL031C,YDR198C,0,-6.2432947,0.15710918605327606,0.8859357833862305,0.4753045439720154
YKL208W,YJL112W,0,-6.244379,0.1570783406496048,0.8859357833862305,0.47541528940200806
YKL049C,YGR249W,0,-6.2447715,0.15704751014709473,0.8859357833862305,0.47552603483200073
YFR019W,YBL033C,0,-6.245249,0.15701667964458466,0.8859357833862305,0.4756367802619934
YOR244W,YFL005W,0,-6.2464776,0.15698586404323578,0.8859357833862305,0.4757474958896637
YML067C,YDR324C,0,-6.246494,0.1569550782442093,0.8859357833862305,0.47585824131965637
YIR009W,YGR082W,0,-6.246554,0.1569242775440216,0.8859357833862305,0.47596898674964905
YNL201C,YER019C-A,0,-6.246758,0.1568935066461563,0.8859357833862305,0.4760797321796417
YML067C,YOR224C,0,-6.2468553,0.1568627506494522,0.8859357833862305,0.4761904776096344
YFR036W,YFL009W,1,-6.2470465,0.15702803432941437,0.8870431780815125,0.4761904776096344
YOL086C,YAR010C,0,-6.248041,0.15699724853038788,0.8870431780815125,0.4763012230396271
YPR094W,YOR008C-A,0,-6.249531,0.15696649253368378,0.8870431780815125,0.47641196846961975
YPL275W,YFL058W,0,-6.250821,0.15693573653697968,0.8870431780815125,0.4765227138996124
YFL025C,YEL037C,1,-6.250959,0.1571008861064911,0.8881506323814392,0.4765227138996124
YML094W,YOR036W,0,-6.2527213,0.1570701152086258,0.8881506323814392,0.4766334295272827
YDR284C,YLR134W,0,-6.2528734,0.1570393592119217,0.8881506323814392,0.4767441749572754
YOR327C,YLR424W,0,-6.254249,0.15700861811637878,0.8881506323814392,0.47685492038726807
YHR042W,YPL237W,0,-6.254398,0.15697787702083588,0.8881506323814392,0.47696566581726074
YGR003W,YNL230C,1,-6.2550974,0.15714286267757416,0.8892580270767212,0.47696566581726074
YDR254W,YMR136W,0,-6.2553253,0.15711210668087006,0.8892580270767212,0.4770764112472534
YER183C,YDR285W,0,-6.255607,0.15708138048648834,0.8892580270767212,0.4771871566772461
YGR188C,YBR272C,0,-6.255623,0.15705065429210663,0.8892580270767212,0.47729790210723877
YNL221C,YML098W,0,-6.256108,0.1570199429988861,0.8892580270767212,0.47740864753723145
YOR046C,YJL106W,0,-6.256994,0.15698924660682678,0.8892580270767212,0.4775193929672241
YER001W,YFL004W,0,-6.257163,0.15695856511592865,0.8892580270767212,0.4776301085948944
YGL174W,YDR116C,0,-6.258503,0.15692788362503052,0.8892580270767212,0.4777408540248871
YBR288C,YLR262C,0,-6.2586436,0.15689723193645477,0.8892580270767212,0.47785159945487976
YDR036C,YLL011W,0,-6.259086,0.15686658024787903,0.8892580270767212,0.47796234488487244
YAR014C,YML012W,0,-6.259113,0.15683594346046448,0.8892580270767212,0.4780730903148651
YOR039W,YER103W,0,-6.259768,0.15680530667304993,0.8892580270767212,0.4781838357448578
YPL117C,YML131W,0,-6.260124,0.15677469968795776,0.8892580270767212,0.47829458117485046
YOR244W,YDR317W,0,-6.260281,0.1567440927028656,0.8892580270767212,0.47840532660484314
YML067C,YBL080C,0,-6.260923,0.15671350061893463,0.8892580270767212,0.4785160720348358
YPL190C,YDR362C,0,-6.261109,0.15668292343616486,0.8892580270767212,0.4786267876625061
YML057W,YKL212W,0,-6.2618523,0.15665236115455627,0.8892580270767212,0.4787375330924988
YKL004W,YHR099W,0,-6.2621455,0.1566217988729477,0.8892580270767212,0.47884827852249146
YPR025C,YGL178W,0,-6.262633,0.1565912663936615,0.8892580270767212,0.47895902395248413
YCL043C,YOL011W,0,-6.262676,0.1565607339143753,0.8892580270767212,0.4790697693824768
YAR002W,YKL082C,0,-6.263022,0.1565302163362503,0.8892580270767212,0.4791805148124695
YJL024C,YML080W,0,-6.2632318,0.1564997136592865,0.8892580270767212,0.47929126024246216
YPR185W,YBR037C,0,-6.263435,0.1564692109823227,0.8892580270767212,0.47940200567245483
YJR059W,YDR076W,0,-6.263862,0.15643872320652008,0.8892580270767212,0.4795127213001251
YPL137C,YLR222C,0,-6.264046,0.15640826523303986,0.8892580270767212,0.4796234667301178
YGL071W,YDR362C,0,-6.2641797,0.15637779235839844,0.8892580270767212,0.4797342121601105
YLR154C,YKL196C,0,-6.264199,0.1563473492860794,0.8892580270767212,0.47984495759010315
YGR180C,YHR050W,0,-6.2643085,0.15631692111492157,0.8892580270767212,0.4799557030200958
YCL044C,YFL004W,0,-6.264904,0.15628649294376373,0.8892580270767212,0.4800664484500885
YIR019C,YKR082W,0,-6.2651415,0.1562560796737671,0.8892580270767212,0.4801771938800812
YBR102C,YDR296W,0,-6.265651,0.15622568130493164,0.8892580270767212,0.48028793931007385
YCR071C,YPL235W,0,-6.267054,0.15619529783725739,0.8892580270767212,0.48039868474006653
YJL204C,YMR134W,0,-6.26751,0.15616491436958313,0.8892580270767212,0.4805094003677368
YDR160W,YML115C,0,-6.2685804,0.15613454580307007,0.8892580270767212,0.4806201457977295
YJR089W,YHR055C,0,-6.2685876,0.1561041921377182,0.8892580270767212,0.48073089122772217
YDR129C,YAL001C,0,-6.2686543,0.15607385337352753,0.8892580270767212,0.48084163665771484
YLR433C,YGL257C,0,-6.269102,0.15604352951049805,0.8892580270767212,0.4809523820877075
YBR161W,YGL112C,0,-6.2691894,0.15601320564746857,0.8892580270767212,0.4810631275177002
YFL014W,YOL067C,0,-6.269362,0.15598291158676147,0.8892580270767212,0.48117387294769287
YNL159C,YBL084C,1,-6.2695594,0.1561468243598938,0.8903654217720032,0.48117387294769287
YDR473C,YER118C,0,-6.2696366,0.15611650049686432,0.8903654217720032,0.48128461837768555
YDR016C,YKL055C,0,-6.271734,0.15608619153499603,0.8903654217720032,0.48139533400535583
YJR042W,YBL080C,0,-6.27241,0.15605589747428894,0.8903654217720032,0.4815060794353485
YIL140W,YGR251W,0,-6.272492,0.15602561831474304,0.8903654217720032,0.4816168248653412
YCL043C,YJR026W,0,-6.2725754,0.15599533915519714,0.8903654217720032,0.48172757029533386
YEL061C,YGL257C,0,-6.2728553,0.15596508979797363,0.8903654217720032,0.48183831572532654
YPL059W,YCR014C,0,-6.274129,0.15593484044075012,0.8903654217720032,0.4819490611553192
YPL137C,YGR033C,0,-6.2746334,0.1559045910835266,0.8903654217720032,0.4820598065853119
YOR267C,YKR001C,0,-6.2756953,0.1558743715286255,0.8903654217720032,0.48217055201530457
YIR009W,YDR443C,0,-6.276131,0.15584415197372437,0.8903654217720032,0.48228129744529724
YDR202C,YPR007C,0,-6.276423,0.15581394731998444,0.8903654217720032,0.48239201307296753
YHR042W,YFR037C,0,-6.2770057,0.1557837575674057,0.8903654217720032,0.4825027585029602
YJL006C,YGR013W,0,-6.2770057,0.15575358271598816,0.8903654217720032,0.4826135039329529
YPL098C,YGL112C,0,-6.2770615,0.1557234227657318,0.8903654217720032,0.48272424936294556
YAR008W,YPR032W,0,-6.277127,0.15569326281547546,0.8903654217720032,0.48283499479293823
YFR053C,YCR033W,0,-6.2778897,0.1556631177663803,0.8903654217720032,0.4829457402229309
YLL035W,YOR216C,0,-6.277945,0.15563298761844635,0.8903654217720032,0.4830564856529236
YGL212W,YNL339C,0,-6.278192,0.1556028574705124,0.8903654217720032,0.48316723108291626
YGL047W,YJL012C,0,-6.2783666,0.15557275712490082,0.8903654217720032,0.48327797651290894
YER028C,YOL033W,0,-6.2805057,0.15554265677928925,0.8903654217720032,0.4833886921405792
YOL135C,YBL100W-B,0,-6.2806497,0.15551257133483887,0.8903654217720032,0.4834994375705719
YLR384C,YGR099W,0,-6.2816486,0.15548250079154968,0.8903654217720032,0.4836101830005646
YDL030W,YPL237W,0,-6.2826214,0.1554524302482605,0.8903654217720032,0.48372092843055725
YGR216C,YOL135C,0,-6.284102,0.1554223895072937,0.8903654217720032,0.4838316738605499
YLR129W,YBR004C,0,-6.2841926,0.1553923487663269,0.8903654217720032,0.4839424192905426
YOR120W,YPL121C,0,-6.284261,0.1553623229265213,0.8903654217720032,0.4840531647205353
YDL099W,YHR091C,0,-6.284493,0.1553322970867157,0.8903654217720032,0.48416391015052795
YDR517W,YPL153C,0,-6.2845426,0.15530230104923248,0.8903654217720032,0.48427462577819824
YER119C,YIL063C,0,-6.2846756,0.15527230501174927,0.8903654217720032,0.4843853712081909
YJL194W,YKL149C,0,-6.2847743,0.15524232387542725,0.8903654217720032,0.4844961166381836
YCL025C,YOR270C,0,-6.2855167,0.15521235764026642,0.8903654217720032,0.48460686206817627
YPR067W,YFL002W-A,0,-6.2855415,0.1551823914051056,0.8903654217720032,0.48471760749816895
YIR019C,YPL153C,0,-6.2865143,0.15515245497226715,0.8903654217720032,0.4848283529281616
YER001W,YLR425W,0,-6.2871556,0.1551225185394287,0.8903654217720032,0.4849390983581543
YJR031C,YCR020W-B,0,-6.2871966,0.15509259700775146,0.8903654217720032,0.485049843788147
YML055W,YCR084C,0,-6.2872496,0.15506267547607422,0.8903654217720032,0.48516058921813965
YDR122W,YCL051W,0,-6.287746,0.15503278374671936,0.8903654217720032,0.48527130484580994
YDL230W,YOR008C-A,0,-6.287874,0.1550028920173645,0.8903654217720032,0.4853820502758026
YGL195W,YJR103W,0,-6.2913585,0.15497301518917084,0.8903654217720032,0.4854927957057953
YGL195W,YDL083C,0,-6.2916226,0.15494315326213837,0.8903654217720032,0.48560354113578796
YCL055W,YNL129W,0,-6.292525,0.1549132913351059,0.8903654217720032,0.48571428656578064
YGR257C,YNL163C,0,-6.2927675,0.1548834592103958,0.8903654217720032,0.4858250319957733
YNL001W,YDR135C,0,-6.2931223,0.15485362708568573,0.8903654217720032,0.485935777425766
YMR212C,YCL043C,0,-6.29408,0.15482379496097565,0.8903654217720032,0.48604652285575867
YIR019C,YOR328W,0,-6.2944865,0.15479399263858795,0.8903654217720032,0.48615726828575134
YIL140W,YDL200C,0,-6.294753,0.15476419031620026,0.8903654217720032,0.48626798391342163
YGL178W,YNL012W,0,-6.2948155,0.15473441779613495,0.8903654217720032,0.4863787293434143
YNL230C,YEL037C,1,-6.295101,0.1548970490694046,0.8914728760719299,0.4863787293434143
YGL183C,YPR155C,0,-6.2951903,0.1548672616481781,0.8914728760719299,0.486489474773407
YAR014C,YNL241C,0,-6.2955775,0.1548374742269516,0.8914728760719299,0.48660022020339966
YMR213W,YPL231W,0,-6.2959228,0.1548076868057251,0.8914728760719299,0.48671096563339233
YMR199W,YPR083W,0,-6.295999,0.15477792918682098,0.8914728760719299,0.486821711063385
YMR298W,YCR084C,0,-6.2974057,0.15474817156791687,0.8914728760719299,0.4869324564933777
YBR023C,YOL059W,0,-6.2980046,0.15471842885017395,0.8914728760719299,0.48704320192337036
YGR244C,YPL274W,0,-6.2980256,0.15468870103359222,0.8914728760719299,0.48715391755104065
YGR098C,YLR130C,0,-6.2984314,0.1546589881181717,0.8914728760719299,0.4872646629810333
YGL168W,YDR343C,0,-6.299192,0.15462927520275116,0.8914728760719299,0.487375408411026
YGR244C,YNL097C,0,-6.3004923,0.15459957718849182,0.8914728760719299,0.4874861538410187
YDR256C,YER154W,0,-6.3008714,0.15456989407539368,0.8914728760719299,0.48759689927101135
YNL279W,YGL212W,0,-6.3012633,0.15454022586345673,0.8914728760719299,0.48770764470100403
YDL044C,YCR055C,0,-6.3021417,0.15451055765151978,0.8914728760719299,0.4878183901309967
YOL123W,YMR004W,0,-6.302154,0.15448090434074402,0.8914728760719299,0.4879291355609894
YML067C,YGR231C,0,-6.303073,0.15445126593112946,0.8914728760719299,0.48803988099098206
YOR023C,YJL112W,0,-6.3038054,0.1544216424226761,0.8914728760719299,0.48815059661865234
YDR446W,YJR028W,0,-6.304214,0.15439201891422272,0.8914728760719299,0.488261342048645
YGR225W,YDL093W,0,-6.307133,0.15436241030693054,0.8914728760719299,0.4883720874786377
YJL210W,YMR016C,0,-6.3080983,0.15433281660079956,0.8914728760719299,0.48848283290863037
YDR378C,YGL070C,0,-6.309114,0.15430323779582977,0.8914728760719299,0.48859357833862305
YDR122W,YDR120C,0,-6.3094573,0.15427367389202118,0.8914728760719299,0.4887043237686157
YDR082W,YLR447C,0,-6.3096585,0.15424410998821259,0.8914728760719299,0.4888150691986084
YML034W,YDR443C,0,-6.3097134,0.15421456098556519,0.8914728760719299,0.4889258146286011
YML104C,YLR116W,0,-6.3103504,0.15418502688407898,0.8914728760719299,0.48903653025627136
YNR032C-A,YJL080C,0,-6.3110003,0.15415549278259277,0.8914728760719299,0.48914727568626404
YHR050W,YLR262C,0,-6.3114405,0.15412598848342896,0.8914728760719299,0.4892580211162567
YBL099W,YMR172W,0,-6.311732,0.15409648418426514,0.8914728760719299,0.4893687665462494
YPL244C,YER019W,0,-6.3118296,0.15406697988510132,0.8914728760719299,0.48947951197624207
YLR163C,YBR185C,0,-6.312656,0.1540375053882599,0.8914728760719299,0.48959025740623474
YPL146C,YDR470C,0,-6.31315,0.15400803089141846,0.8914728760719299,0.4897010028362274
YDR122W,YPR094W,0,-6.3133082,0.15397857129573822,0.8914728760719299,0.4898117482662201
YBR201W,YIL007C,1,-6.3143687,0.15414036810398102,0.8925802707672119,0.4898117482662201
YGL035C,YMR234W,0,-6.314919,0.1541108936071396,0.8925802707672119,0.48992249369621277
YAR014C,YNL201C,0,-6.315186,0.15408143401145935,0.8925802707672119,0.49003320932388306
YJL128C,YPR007C,0,-6.315514,0.1540519893169403,0.8925802707672119,0.49014395475387573
YNL169C,YOR076C,0,-6.315617,0.15402254462242126,0.8925802707672119,0.4902547001838684
YKL022C,YDR306C,1,-6.316002,0.15418417751789093,0.8936877250671387,0.4902547001838684
YLR129W,YBR035C,0,-6.3160176,0.1541547328233719,0.8936877250671387,0.4903654456138611
YER107C,YDL044C,0,-6.316094,0.15412528812885284,0.8936877250671387,0.49047619104385376
YMR142C,YMR087W,0,-6.3166275,0.154095858335495,0.8936877250671387,0.49058693647384644
YDL192W,YNL023C,0,-6.316937,0.15406644344329834,0.8936877250671387,0.4906976819038391
YIL101C,YJR026W,0,-6.3171625,0.15403702855110168,0.8936877250671387,0.4908084273338318
YER053C,YLR435W,0,-6.317354,0.15400762856006622,0.8936877250671387,0.49091917276382446
YDL093W,YGL030W,0,-6.31739,0.15397824347019196,0.8936877250671387,0.49102988839149475
YGR238C,YLR045C,0,-6.3174343,0.15394887328147888,0.8936877250671387,0.4911406338214874
YEL036C,YDR135C,0,-6.318439,0.153919517993927,0.8936877250671387,0.4912513792514801
YLR222C,YLR337W,0,-6.318929,0.15389016270637512,0.8936877250671387,0.4913621246814728
YNR010W,YFR019W,0,-6.3193426,0.15386082231998444,0.8936877250671387,0.49147287011146545
YPR006C,YCR060W,0,-6.319387,0.15383149683475494,0.8936877250671387,0.49158361554145813
YJL210W,YDR481C,0,-6.3200893,0.15380217134952545,0.8936877250671387,0.4916943609714508
YMR204C,YPL232W,0,-6.3205886,0.15377286076545715,0.8936877250671387,0.4918051064014435
YDR055W,YPL218W,0,-6.320651,0.15374356508255005,0.8936877250671387,0.49191582202911377
YMR172W,YOR386W,0,-6.3212237,0.15371428430080414,0.8936877250671387,0.49202656745910645
YPL235W,YOR195W,0,-6.321597,0.15368501842021942,0.8936877250671387,0.4921373128890991
YLL016W,YOR359W,0,-6.322634,0.1536557525396347,0.8936877250671387,0.4922480583190918
YER165W,YLR034C,0,-6.322771,0.15362650156021118,0.8936877250671387,0.4923588037490845
YGL094C,YIL114C,0,-6.32301,0.15359726548194885,0.8936877250671387,0.49246954917907715
YER019W,YPL167C,0,-6.3231196,0.15356802940368652,0.8936877250671387,0.4925802946090698
YJL072C,YPL210C,0,-6.323275,0.1535388082265854,0.8936877250671387,0.4926910400390625
YPR183W,YDL230W,0,-6.3233833,0.15350960195064545,0.8936877250671387,0.4928017854690552
YPL227C,YNL279W,0,-6.3243794,0.1534804105758667,0.8936877250671387,0.49291250109672546
YPR094W,YDL083C,0,-6.3245406,0.15345121920108795,0.8936877250671387,0.49302324652671814
YHL031C,YLR105C,0,-6.3250556,0.1534220576286316,0.8936877250671387,0.4931339919567108
YFL009W,YGR003W,1,-6.3260384,0.15358297526836395,0.8947951197624207,0.4931339919567108
YDR503C,YPL098C,0,-6.3263392,0.1535537838935852,0.8947951197624207,0.4932447373867035
YLR210W,YJL005W,0,-6.3270917,0.15352460741996765,0.8947951197624207,0.49335548281669617
YPL231W,YDR129C,0,-6.327367,0.1534954458475113,0.8947951197624207,0.49346622824668884
YLR032W,YKR053C,0,-6.3276353,0.15346628427505493,0.8947951197624207,0.4935769736766815
YOR140W,YJL089W,0,-6.3282475,0.15343713760375977,0.8947951197624207,0.4936877191066742
YOR081C,YKL126W,0,-6.328993,0.1534080058336258,0.8947951197624207,0.4937984347343445
YLR181C,YJR026W,0,-6.3300743,0.15337888896465302,0.8947951197624207,0.49390918016433716
YLL031C,YMR218C,0,-6.330423,0.15334978699684143,0.8947951197624207,0.49401992559432983
YNL099C,YFL002W-A,0,-6.3305454,0.15332068502902985,0.8947951197624207,0.4941306710243225
YLR242C,YMR208W,0,-6.3337464,0.15329159796237946,0.8947951197624207,0.4942414164543152
YBR131W,YGR042W,0,-6.334155,0.15326252579689026,0.8947951197624207,0.49435216188430786
YEL036C,YOL082W,0,-6.335051,0.15323345363140106,0.8947951197624207,0.49446290731430054
YIL002C,YPL146C,0,-6.335096,0.15320439636707306,0.8947951197624207,0.4945736527442932
YKL208W,YGL168W,0,-6.3357124,0.15317535400390625,0.8947951197624207,0.4946843981742859
YDR529C,YOR027W,0,-6.336099,0.15314632654190063,0.8947951197624207,0.4947951138019562
YLR045C,YGL039W,0,-6.336251,0.15311729907989502,0.8947951197624207,0.49490585923194885
YHR014W,YPL203W,0,-6.3364754,0.1530882865190506,0.8947951197624207,0.49501660466194153
YHL003C,YJL102W,0,-6.3368526,0.15305928885936737,0.8947951197624207,0.4951273500919342
YKR027W,YJR004C,0,-6.336905,0.15303030610084534,0.8947951197624207,0.4952380955219269
YIR041W,YCL003W,0,-6.337222,0.1530013233423233,0.8947951197624207,0.49534884095191956
YPL100W,YLR154C,0,-6.3378053,0.15297235548496246,0.8947951197624207,0.49545958638191223
YCR020C-A,YPR083W,0,-6.33791,0.15294340252876282,0.8947951197624207,0.4955703318119049
YMR186W,YIL101C,0,-6.3379445,0.15291446447372437,0.8947951197624207,0.4956810772418976
YLR139C,YGR251W,0,-6.3380313,0.1528855264186859,0.8947951197624207,0.49579179286956787
YPL126W,YMR045C,0,-6.338828,0.15285660326480865,0.8947951197624207,0.49590253829956055
YJR013W,YPR154W,0,-6.338883,0.1528276950120926,0.8947951197624207,0.4960132837295532
YGL094C,YOR305W,0,-6.3397894,0.15279878675937653,0.8947951197624207,0.4961240291595459
YLR242C,YGL211W,0,-6.33995,0.15276989340782166,0.8947951197624207,0.4962347745895386
YNR032C-A,YOL127W,0,-6.3400636,0.15274101495742798,0.8947951197624207,0.49634552001953125
YAL012W,YLL031C,0,-6.3403783,0.1527121514081955,0.8947951197624207,0.4964562654495239
YNL281W,YOL094C,0,-6.340489,0.1526833027601242,0.8947951197624207,0.4965670108795166
YGR057C,YKL154W,0,-6.3409467,0.15265445411205292,0.8947951197624207,0.4966777265071869
YGR118W,YLR447C,0,-6.341169,0.15262562036514282,0.8947951197624207,0.49678847193717957
YCR060W,YML085C,0,-6.341692,0.15259678661823273,0.8947951197624207,0.49689921736717224
YDR198C,YKL075C,0,-6.342839,0.15256798267364502,0.8947951197624207,0.4970099627971649
YGR104C,YKL086W,0,-6.3436847,0.1525391787290573,0.8947951197624207,0.4971207082271576
YOR058C,YPL275W,0,-6.344104,0.1525103747844696,0.8947951197624207,0.49723145365715027
YOR058C,YMR247C,0,-6.3441315,0.15248160064220428,0.8947951197624207,0.49734219908714294
YPL078C,YHR060W,0,-6.3444123,0.15245282649993896,0.8947951197624207,0.4974529445171356
YOL033W,YBR055C,0,-6.3449383,0.15242406725883484,0.8947951197624207,0.4975636899471283
YOR140W,YNR048W,0,-6.345285,0.1523953229188919,0.8947951197624207,0.4976744055747986
YMR247C,YHR050W,0,-6.345501,0.15236657857894897,0.8947951197624207,0.49778515100479126
YGR188C,YLR248W,0,-6.3464437,0.15233786404132843,0.8947951197624207,0.49789589643478394
YOR039W,YDR335W,0,-6.347017,0.15230914950370789,0.8947951197624207,0.4980066418647766
YDL192W,YHL031C,0,-6.347039,0.15228043496608734,0.8947951197624207,0.4981173872947693
YEL034W,YNR032W,0,-6.347247,0.15225175023078918,0.8947951197624207,0.49822813272476196
YLR080W,YMR045C,0,-6.348362,0.15222306549549103,0.8947951197624207,0.49833887815475464
YGL043W,YLR181C,0,-6.3488245,0.15219438076019287,0.8947951197624207,0.4984496235847473
YNL101W,YOR373W,0,-6.35034,0.1521657258272171,0.8947951197624207,0.49856036901474
YER017C,YCL055W,0,-6.351238,0.15213707089424133,0.8947951197624207,0.4986710846424103
YCR033W,YCL075W,0,-6.3518376,0.15210843086242676,0.8947951197624207,0.49878183007240295
YGR009C,YCL075W,0,-6.352074,0.15207980573177338,0.8947951197624207,0.49889257550239563
YIR019C,YDL188C,0,-6.3521876,0.15205118060112,0.8947951197624207,0.4990033209323883
YJL080C,YDL118W,0,-6.352222,0.1520225703716278,0.8947951197624207,0.499114066362381
YJL112W,YPL097W,0,-6.352688,0.15199397504329681,0.8947951197624207,0.49922481179237366
YJL196C,YFL022C,0,-6.3532996,0.15196539461612701,0.8947951197624207,0.49933555722236633
YDR182W,YPR182W,0,-6.353349,0.15193681418895721,0.8947951197624207,0.499446302652359
YCR084C,YPL045W,0,-6.3536487,0.1519082486629486,0.8947951197624207,0.4995570182800293
YPR083W,YGR004W,0,-6.3542643,0.1518796980381012,0.8947951197624207,0.499667763710022
YML012W,YBL100W-B,0,-6.354331,0.15185116231441498,0.8947951197624207,0.49977850914001465
YGR238C,YPL011C,0,-6.354592,0.15182262659072876,0.8947951197624207,0.4998892545700073
YPL268W,YNL202W,0,-6.3558393,0.15179410576820374,0.8947951197624207,0.5
YBR159W,YLR026C,0,-6.3569665,0.1517655849456787,0.8947951197624207,0.5001107454299927
YDR492W,YLL061W,0,-6.356999,0.15173709392547607,0.8947951197624207,0.5002214908599854
YMR211W,YOL109W,0,-6.3591685,0.15170860290527344,0.8947951197624207,0.500332236289978
YCL055W,YMR134W,0,-6.3601594,0.151680126786232,0.8947951197624207,0.5004429817199707
YMR199W,YGL178W,0,-6.3603873,0.15165165066719055,0.8947951197624207,0.5005537271499634
YOR371C,YJR028W,0,-6.3608603,0.1516231894493103,0.8947951197624207,0.500664472579956
YLR418C,YLL016W,0,-6.3608804,0.15159474313259125,0.8947951197624207,0.5007752180099487
YDR254W,YGR099W,0,-6.360971,0.1515663117170334,0.8947951197624207,0.5008859634399414
YCR027C,YGR009C,0,-6.361155,0.15153788030147552,0.8947951197624207,0.5009966492652893
YHL031C,YPR137W,0,-6.3613157,0.15150946378707886,0.8947951197624207,0.501107394695282
YCL016C,YDR443C,0,-6.361402,0.15148106217384338,0.8947951197624207,0.5012181401252747
YDR411C,YLL031C,0,-6.361932,0.1514526754617691,0.8947951197624207,0.5013288855552673
YDL192W,YMR239C,0,-6.3624215,0.15142428874969482,0.8947951197624207,0.50143963098526
YER032W,YNL247W,0,-6.364471,0.15139591693878174,0.8947951197624207,0.5015503764152527
YNL049C,YHR070W,0,-6.364508,0.15136756002902985,0.8947951197624207,0.5016611218452454
YBL099W,YMR045C,0,-6.364545,0.15133920311927795,0.8947951197624207,0.501771867275238
YOL010W,YOR081C,0,-6.364645,0.15131086111068726,0.8947951197624207,0.5018826127052307
YOR110W,YOL097C,0,-6.3650146,0.15128253400325775,0.8947951197624207,0.5019933581352234
YCR026C,YIL173W,0,-6.3652606,0.15125420689582825,0.8947951197624207,0.5021041035652161
YMR042W,YGR078C,0,-6.3654957,0.15122590959072113,0.8947951197624207,0.5022148489952087
YHR006W,YGR099W,0,-6.3655386,0.15119759738445282,0.8947951197624207,0.5023255944252014
YGR249W,YHR152W,0,-6.365696,0.1511693149805069,0.8947951197624207,0.5024363398551941
YPL095C,YER053C,0,-6.3657584,0.15114104747772217,0.8947951197624207,0.5025470852851868
YPL096C-A,YGR257C,0,-6.365781,0.15111277997493744,0.8947951197624207,0.5026578307151794
YPL233W,YCR033W,0,-6.3662004,0.1510845124721527,0.8947951197624207,0.5027685761451721
YJR150C,YBR083W,0,-6.366369,0.15105627477169037,0.8947951197624207,0.50287926197052
YMR280C,YEL053C,0,-6.3663898,0.15102803707122803,0.8947951197624207,0.5029900074005127
YKL046C,YKL099C,0,-6.3670473,0.15099981427192688,0.8947951197624207,0.5031007528305054
YPL202C,YJR059W,0,-6.3671746,0.15097160637378693,0.8947951197624207,0.503211498260498
YPR037C,YLR116W,0,-6.3672175,0.15094339847564697,0.8947951197624207,0.5033222436904907
YKL043W,YPR158C-D,0,-6.367522,0.1509152054786682,0.8947951197624207,0.5034329891204834
YCR071C,YGL089C,0,-6.367724,0.15088702738285065,0.8947951197624207,0.5035437345504761
YBR217W,YGR188C,0,-6.3682065,0.15085884928703308,0.8947951197624207,0.5036544799804688
YLR206W,YGR244C,0,-6.368591,0.1508306860923767,0.8947951197624207,0.5037652254104614
YDR416W,YCL075W,0,-6.368797,0.15080253779888153,0.8947951197624207,0.5038759708404541
YDR182W,YOR074C,0,-6.36949,0.15077440440654755,0.8947951197624207,0.5039867162704468
YPL126W,YNL339C,0,-6.369769,0.15074627101421356,0.8947951197624207,0.5040974617004395
YIL013C,YNL149C,0,-6.3699183,0.15071815252304077,0.8947951197624207,0.5042082071304321
YGR041W,YJR070C,0,-6.3709264,0.15069003403186798,0.8947951197624207,0.5043189525604248
YJR105W,YJR052W,0,-6.371296,0.15066194534301758,0.8947951197624207,0.5044296979904175
YER107C,YDR086C,0,-6.3713317,0.15063385665416718,0.8947951197624207,0.5045404434204102
YDR460W,YFL002W-A,0,-6.3717723,0.15060578286647797,0.8947951197624207,0.5046511888504028
YNR001C,YMR012W,0,-6.3718276,0.15057770907878876,0.8947951197624207,0.5047619342803955
YCR083W,YIL082W-A,0,-6.3718762,0.15054965019226074,0.8947951197624207,0.5048726201057434
YGR007W,YJR141W,0,-6.372011,0.15052160620689392,0.8947951197624207,0.5049833655357361
YGR249W,YKR056W,0,-6.3730326,0.1504935771226883,0.8947951197624207,0.5050941109657288
YLR078C,YKR059W,0,-6.374491,0.15046554803848267,0.8947951197624207,0.5052048563957214
YLL035W,YIL026C,0,-6.3749223,0.15043753385543823,0.8947951197624207,0.5053156018257141
YDR515W,YDR079C-A,0,-6.375366,0.150409534573555,0.8947951197624207,0.5054263472557068
YBL009W,YBL033C,0,-6.3775325,0.15038153529167175,0.8947951197624207,0.5055370926856995
YML081C-A,YDR246W,0,-6.3778195,0.1503535509109497,0.8947951197624207,0.5056478381156921
YLR447C,YLR455W,0,-6.3783803,0.15032558143138885,0.8947951197624207,0.5057585835456848
YCR071C,YCR026C,0,-6.379159,0.150297611951828,0.8947951197624207,0.5058693289756775
YPL097W,YPL174C,0,-6.3792586,0.15026967227458954,0.8947951197624207,0.5059800744056702
YMR172W,YIL056W,0,-6.379314,0.15024173259735107,0.8947951197624207,0.5060908198356628
YPR189W,YKR056W,0,-6.379829,0.1502137929201126,0.8947951197624207,0.5062015652656555
YGL236C,YBL100W-B,0,-6.3810873,0.15018586814403534,0.8947951197624207,0.5063123106956482
YDR513W,YMR204C,0,-6.3813787,0.15015795826911926,0.8947951197624207,0.5064230561256409
YDR384C,YNL261W,0,-6.3815675,0.15013006329536438,0.8947951197624207,0.5065338015556335
YPL115C,YNL012W,0,-6.3822255,0.1501021683216095,0.8947951197624207,0.5066445469856262
YOL011W,YPL011C,0,-6.382873,0.1500742882490158,0.8947951197624207,0.5067552328109741
YAR014C,YCL024W,0,-6.3829203,0.1500464230775833,0.8947951197624207,0.5068659782409668
YHL003C,YDR160W,0,-6.382943,0.150018572807312,0.8947951197624207,0.5069767236709595
YCL040W,YER028C,0,-6.382951,0.1499907225370407,0.8947951197624207,0.5070874691009521
YOR058C,YCR071C,0,-6.383142,0.1499628871679306,0.8947951197624207,0.5071982145309448
YJL018W,YHR165C,0,-6.3833323,0.1499350517988205,0.8947951197624207,0.5073089599609375
YNL001W,YLL060C,0,-6.383748,0.14990723133087158,0.8947951197624207,0.5074197053909302
YMR140W,YBR165W,0,-6.384309,0.14987942576408386,0.8947951197624207,0.5075304508209229
YCL040W,YPL204W,0,-6.3844733,0.14985163509845734,0.8947951197624207,0.5076411962509155
YBR274W,YOL059W,0,-6.3846097,0.1498238444328308,0.8947951197624207,0.5077519416809082
YDR194C,YAL001C,0,-6.384809,0.14979606866836548,0.8947951197624207,0.5078626871109009
YKL170W,YDR285W,0,-6.3858967,0.14976830780506134,0.8947951197624207,0.5079734325408936
YPL202C,YNL247W,0,-6.3859134,0.1497405469417572,0.8947951197624207,0.5080841779708862
YGR216C,YLL011W,0,-6.3859267,0.14971280097961426,0.8947951197624207,0.5081949234008789
YJR105W,YDR198C,0,-6.3862405,0.1496850699186325,0.8947951197624207,0.5083056688308716
YPL008W,YOR103C,0,-6.3868966,0.14965733885765076,0.8947951197624207,0.5084164142608643
YOR061W,YPR167C,0,-6.3872657,0.1496296226978302,0.8947951197624207,0.5085271596908569
YKL002W,YBR273C,1,-6.3874383,0.1497870832681656,0.8959025740623474,0.5085271596908569
YPL146C,YOR008C-A,0,-6.387606,0.14975935220718384,0.8959025740623474,0.5086378455162048
YGL226C-A,YNR039C,0,-6.3880944,0.14973163604736328,0.8959025740623474,0.5087485909461975
YLR429W,YDR365W-A,0,-6.388769,0.14970391988754272,0.8959025740623474,0.5088593363761902
YAL001C,YLR447C,0,-6.3894496,0.14967621862888336,0.8959025740623474,0.5089700818061829
YNL099C,YJL179W,0,-6.38946,0.1496485322713852,0.8959025740623474,0.5090808272361755
YER165W,YOR089C,0,-6.390141,0.14962086081504822,0.8959025740623474,0.5091915726661682
YOL045W,YNL246W,0,-6.390518,0.14959318935871124,0.8959025740623474,0.5093023180961609
YDR174W,YLR134W,0,-6.390669,0.14956553280353546,0.8959025740623474,0.5094130635261536
YOR120W,YBR022W,0,-6.3910055,0.14953789114952087,0.8959025740623474,0.5095238089561462
YCL025C,YPR065W,0,-6.391419,0.1495102494955063,0.8959025740623474,0.5096345543861389
YOR113W,YKL154W,0,-6.3914337,0.1494826376438141,0.8959025740623474,0.5097452998161316
YBL099W,YHR060W,0,-6.391791,0.1494550108909607,0.8959025740623474,0.5098560452461243
YOR109W,YNL163C,0,-6.391939,0.1494274139404297,0.8959025740623474,0.5099667906761169
YGR057C,YOR305W,0,-6.392414,0.14939981698989868,0.8959025740623474,0.5100775361061096
YLR376C,YDR443C,0,-6.392575,0.14937223494052887,0.8959025740623474,0.5101882815361023
YEL034W,YGL039W,0,-6.3936725,0.14934465289115906,0.8959025740623474,0.510299026966095
YGR220C,YDR369C,0,-6.3943744,0.14931708574295044,0.8959025740623474,0.5104097723960876
YGR257C,YOL129W,0,-6.394883,0.14928953349590302,0.8959025740623474,0.5105204582214355
YKL086W,YOL028C,0,-6.394959,0.14926199615001678,0.8959025740623474,0.5106312036514282
YDL085W,YOR008C-A,0,-6.395043,0.14923445880413055,0.8959025740623474,0.5107419490814209
YBR004C,YOR332W,0,-6.3951225,0.14920693635940552,0.8959025740623474,0.5108526945114136
YDL226C,YLR424W,0,-6.395206,0.14917941391468048,0.8959025740623474,0.5109634399414062
YNL009W,YCR027C,0,-6.395208,0.14915192127227783,0.8959025740623474,0.5110741853713989
YGR159C,YDR429C,0,-6.395765,0.14912442862987518,0.8959025740623474,0.5111849308013916
YDL099W,YLR129W,0,-6.395897,0.14909693598747253,0.8959025740623474,0.5112956762313843
YPR094W,YDR079C-A,0,-6.3962827,0.14906947314739227,0.8959025740623474,0.511406421661377
YKL108W,YKR056W,0,-6.3972573,0.149042010307312,0.8959025740623474,0.5115171670913696
YNL245C,YNL292W,0,-6.397955,0.14901454746723175,0.8959025740623474,0.5116279125213623
YCR028C,YGR212W,0,-6.398227,0.14898711442947388,0.8959025740623474,0.511738657951355
YNL135C,YOR185C,0,-6.398672,0.148959681391716,0.8959025740623474,0.5118494033813477
YCR020C-A,YFR037C,0,-6.400093,0.14893224835395813,0.8959025740623474,0.5119601488113403
YCL016C,YER149C,0,-6.400534,0.14890484511852264,0.8959025740623474,0.512070894241333
YBR022W,YDR082W,0,-6.4005866,0.14887744188308716,0.8959025740623474,0.5121816396713257
YDR503C,YDL118W,0,-6.400973,0.14885003864765167,0.8959025740623474,0.5122923851013184
YAL001C,YLR222C,0,-6.40175,0.14882266521453857,0.8959025740623474,0.512403130531311
YER119C,YKL055C,0,-6.401895,0.14879529178142548,0.8959025740623474,0.5125138163566589
YDL198C,YML065W,0,-6.4021587,0.14876793324947357,0.8959025740623474,0.5126245617866516
YJL005W,YOR116C,0,-6.403993,0.14874057471752167,0.8959025740623474,0.5127353072166443
YNL055C,YIL037C,0,-6.405333,0.14871323108673096,0.8959025740623474,0.512846052646637
YDR236C,YDL118W,0,-6.4054856,0.14868590235710144,0.8959025740623474,0.5129567980766296
YMR260C,YGR161W-A,0,-6.4059224,0.14865858852863312,0.8959025740623474,0.5130675435066223
YCR028C,YGR086C,0,-6.4061723,0.1486312747001648,0.8959025740623474,0.513178288936615
YJL214W,YDL159W,0,-6.4061804,0.14860396087169647,0.8959025740623474,0.5132890343666077
YMR065W,YDR030C,0,-6.4065676,0.14857667684555054,0.8959025740623474,0.5133997797966003
YOR120W,YOL042W,0,-6.406924,0.1485493928194046,0.8959025740623474,0.513510525226593
YCR020W-B,YGL112C,0,-6.4069433,0.14852212369441986,0.8959025740623474,0.5136212706565857
YJR042W,YJR028W,0,-6.406974,0.14849485456943512,0.8959025740623474,0.5137320160865784
YCL051W,YOR119C,0,-6.4075246,0.14846761524677277,0.8959025740623474,0.513842761516571
YPL233W,YOL124C,0,-6.408096,0.14844036102294922,0.8959025740623474,0.5139535069465637
YLR189C,YGL039W,0,-6.408118,0.14841313660144806,0.8959025740623474,0.5140642523765564
YDR283C,YGR256W,0,-6.4091163,0.1483859121799469,0.8959025740623474,0.5141749978065491
YHR050W,YFL002W-A,0,-6.4094377,0.14835870265960693,0.8959025740623474,0.5142857432365417
YFL013C,YJL204C,0,-6.410419,0.14833149313926697,0.8959025740623474,0.5143964290618896
YKL138C-A,YKL126W,0,-6.410476,0.1483043134212494,0.8959025740623474,0.5145071744918823
YDR129C,YCL075W,0,-6.4106455,0.14827711880207062,0.8959025740623474,0.514617919921875
YKL149C,YPL174C,0,-6.410795,0.14824995398521423,0.8959025740623474,0.5147286653518677
YER031C,YJR028W,0,-6.4114003,0.14822278916835785,0.8959025740623474,0.5148394107818604
YPL022W,YJL089W,0,-6.41221,0.14819563925266266,0.8959025740623474,0.514950156211853
YBR055C,YGL210W,0,-6.4125376,0.14816850423812866,0.8959025740623474,0.5150609016418457
YDR393W,YKL086W,0,-6.413118,0.14814136922359467,0.8959025740623474,0.5151716470718384
YDR473C,YCL075W,0,-6.4138064,0.14811424911022186,0.8959025740623474,0.515282392501831
YGL174W,YDR335W,0,-6.4140534,0.14808712899684906,0.8959025740623474,0.5153931379318237
YHL031C,YIR041W,0,-6.414714,0.14806002378463745,0.8959025740623474,0.5155038833618164
YGR057C,YDR443C,0,-6.4150753,0.14803293347358704,0.8959025740623474,0.5156146287918091
YNL286W,YBR185C,0,-6.4156265,0.14800585806369781,0.8959025740623474,0.5157253742218018
YIR037W,YDR545W,0,-6.415795,0.1479787826538086,0.8959025740623474,0.5158361196517944
YDR434W,YGR251W,0,-6.4159646,0.14795172214508057,0.8959025740623474,0.5159468650817871
YNL023C,YMR035W,0,-6.416287,0.14792466163635254,0.8959025740623474,0.5160576105117798
YEL037C,YDR306C,1,-6.416926,0.14808043837547302,0.8970099687576294,0.5160576105117798
YLR210W,YOR381W,0,-6.4169297,0.148053377866745,0.8970099687576294,0.5161683559417725
YDR037W,YLR362W,0,-6.4174356,0.14802631735801697,0.8970099687576294,0.5162790417671204
YKL160W,YLR034C,0,-6.4179535,0.14799927175045013,0.8970099687576294,0.516389787197113
YNL259C,YOL051W,0,-6.4186177,0.1479722261428833,0.8970099687576294,0.5165005326271057
YGR257C,YKL196C,0,-6.418635,0.14794521033763885,0.8970099687576294,0.5166112780570984
YBR022W,YOR119C,0,-6.4189143,0.1479181945323944,0.8970099687576294,0.5167220234870911
YGL195W,YIL115C,0,-6.418961,0.14789117872714996,0.8970099687576294,0.5168327689170837
YMR172W,YJL080C,0,-6.4200816,0.1478641778230667,0.8970099687576294,0.5169435143470764
YPL031C,YML115C,0,-6.420401,0.14783719182014465,0.8970099687576294,0.5170542597770691
YDR460W,YER031C,0,-6.420688,0.1478102207183838,0.8970099687576294,0.5171650052070618
YOL011W,YLR455W,0,-6.422019,0.14778324961662292,0.8970099687576294,0.5172757506370544
YLR163C,YLL016W,0,-6.4225554,0.14775629341602325,0.8970099687576294,0.5173864960670471
YDR245W,YDR205W,0,-6.4233875,0.14772935211658478,0.8970099687576294,0.5174972414970398
YBR185C,YJR141W,0,-6.423609,0.1477024108171463,0.8970099687576294,0.5176079869270325
YIL007C,YIL017W,1,-6.42378,0.14785780012607574,0.8981173634529114,0.5176079869270325
YPR182W,YHR099W,0,-6.424527,0.14783084392547607,0.8981173634529114,0.5177187323570251
YNL173C,YER149C,0,-6.425727,0.1478039026260376,0.8981173634529114,0.5178294777870178
YGL169W,YNL253W,0,-6.4262967,0.14777696132659912,0.8981173634529114,0.5179402232170105
YPL153C,YPR158W-B,0,-6.426356,0.14775004982948303,0.8981173634529114,0.5180509686470032
YJR004C,YLR362W,0,-6.4266624,0.14772313833236694,0.8981173634529114,0.5181616544723511
YBL050W,YDL058W,0,-6.426843,0.14769622683525085,0.8981173634529114,0.5182723999023438
YER149C,YPL274W,0,-6.4273267,0.14766933023929596,0.8981173634529114,0.5183831453323364
YOR112W,YPR065W,0,-6.4286985,0.14764244854450226,0.8981173634529114,0.5184938907623291
YMR129W,YBL033C,0,-6.428762,0.14761558175086975,0.8981173634529114,0.5186046361923218
YPL227C,YKL055C,0,-6.4289584,0.14758871495723724,0.8981173634529114,0.5187153816223145
YLL035W,YPR133C,0,-6.430059,0.14756186306476593,0.8981173634529114,0.5188261270523071
YGL035C,YKL057C,0,-6.430718,0.1475350260734558,0.8981173634529114,0.5189368724822998
YNR032C-A,YOR270C,0,-6.4319053,0.1475081890821457,0.8981173634529114,0.5190476179122925
YNL232W,YML045W,0,-6.432097,0.14748136699199677,0.8981173634529114,0.5191583633422852
YOR074C,YPR067W,0,-6.432402,0.14745454490184784,0.8981173634529114,0.5192691087722778
YEL053C,YMR285C,0,-6.4324765,0.1474277377128601,0.8981173634529114,0.5193798542022705
YBL084C,YIL017C,1,-6.4327006,0.14758269488811493,0.8992248177528381,0.5193798542022705
YAL068C,YBL100W-B,0,-6.433209,0.147555872797966,0.8992248177528381,0.5194905996322632
YGR004W,YOL127W,0,-6.43374,0.14752906560897827,0.8992248177528381,0.5196013450622559
YIL150C,YOR305W,0,-6.4338055,0.14750227332115173,0.8992248177528381,0.5197120904922485
YBR296C,YOR008C-A,0,-6.4341354,0.1474754810333252,0.8992248177528381,0.5198228359222412
YMR035W,YER149C,0,-6.4345336,0.14744870364665985,0.8992248177528381,0.5199335813522339
YJL115W,YMR075W,0,-6.435041,0.1474219262599945,0.8992248177528381,0.5200442671775818
YCL025C,YAL010C,0,-6.4351373,0.14739517867565155,0.8992248177528381,0.5201550126075745
YGR256W,YOR386W,0,-6.4351735,0.1473684161901474,0.8992248177528381,0.5202657580375671
YPL061W,YMR162C,0,-6.436667,0.14734168350696564,0.8992248177528381,0.5203765034675598
YFL004W,YPR158W-B,0,-6.4370117,0.14731495082378387,0.8992248177528381,0.5204872488975525
YDL030W,YJL089W,0,-6.437143,0.1472882330417633,0.8992248177528381,0.5205979943275452
YDL230W,YIL056W,0,-6.4376416,0.14726151525974274,0.8992248177528381,0.5207087397575378
YNL094W,YPL098C,0,-6.43765,0.14723481237888336,0.8992248177528381,0.5208194851875305
YER001W,YDL030W,0,-6.43822,0.14720812439918518,0.8992248177528381,0.5209302306175232
YER167W,YOL129W,0,-6.4382987,0.147181436419487,0.8992248177528381,0.5210409760475159
YKL208W,YBL093C,0,-6.438416,0.14715476334095,0.8992248177528381,0.5211517214775085
YGR261C,YAL068C,0,-6.439185,0.14712810516357422,0.8992248177528381,0.5212624669075012
YEL015W,YLR043C,0,-6.439302,0.14710144698619843,0.8992248177528381,0.5213732123374939
YGL226C-A,YER123W,0,-6.440191,0.14707480370998383,0.8992248177528381,0.5214839577674866
YLR347C,YOR103C,0,-6.441523,0.14704817533493042,0.8992248177528381,0.5215947031974792
YBL008W,YDR138W,0,-6.441554,0.14702154695987701,0.8992248177528381,0.5217054486274719
YDR311W,YKL075C,0,-6.442408,0.1469949334859848,0.8992248177528381,0.5218161940574646
YBR243C,YAL068C,0,-6.4429283,0.1469683200120926,0.8992248177528381,0.5219269394874573
YJL106W,YEL053C,0,-6.444676,0.14694173634052277,0.8992248177528381,0.5220376253128052
YHR200W,YDR306C,1,-6.445558,0.14709606766700745,0.9003322124481201,0.5220376253128052
YIL013C,YKL113C,0,-6.4456735,0.14706946909427643,0.9003322124481201,0.5221483707427979
YMR212C,YNR023W,0,-6.4463496,0.1470428705215454,0.9003322124481201,0.5222591161727905
YOL008W,YGR195W,0,-6.446952,0.1470162719488144,0.9003322124481201,0.5223698616027832
YOR327C,YHL009C,0,-6.447101,0.14698968827724457,0.9003322124481201,0.5224806070327759
YOR079C,YLR455W,0,-6.447352,0.14696311950683594,0.9003322124481201,0.5225913524627686
YDR434W,YCL075W,0,-6.4474473,0.1469365656375885,0.9003322124481201,0.5227020978927612
YML062C,YJL208C,0,-6.447595,0.14691001176834106,0.9003322124481201,0.5228128433227539
YLR386W,YIL173W,0,-6.4476457,0.14688347280025482,0.9003322124481201,0.5229235887527466
YPL235W,YMR305C,0,-6.4494014,0.14685693383216858,0.9003322124481201,0.5230343341827393
YGL090W,YOR137C,0,-6.451736,0.14683040976524353,0.9003322124481201,0.5231450796127319
YPR185W,YLR106C,0,-6.4520903,0.14680390059947968,0.9003322124481201,0.5232558250427246
YOR178C,YCL003W,0,-6.452485,0.14677739143371582,0.9003322124481201,0.5233665704727173
YKL049C,YDR369C,0,-6.4534173,0.14675089716911316,0.9003322124481201,0.52347731590271
YGL226C-A,YOL040C,0,-6.4538875,0.1467244178056717,0.9003322124481201,0.5235880613327026
YDR423C,YGR008C,0,-6.4543805,0.14669793844223022,0.9003322124481201,0.5236988067626953
YLR246W,YOR381W,0,-6.4548974,0.14667147397994995,0.9003322124481201,0.523809552192688
YNL271C,YJR082C,0,-6.454908,0.14664502441883087,0.9003322124481201,0.5239202380180359
YJR089W,YDR285W,0,-6.4554453,0.1466185748577118,0.9003322124481201,0.5240309834480286
YEL034W,YDR079W,0,-6.4554634,0.1465921401977539,0.9003322124481201,0.5241417288780212
YOR113W,YBR004C,0,-6.455756,0.14656570553779602,0.9003322124481201,0.5242524743080139
YDR296W,YDR412W,0,-6.456602,0.14653930068016052,0.9003322124481201,0.5243632197380066
YGL071W,YGR013W,0,-6.4572453,0.14651288092136383,0.9003322124481201,0.5244739651679993
YML098W,YER031C,0,-6.457425,0.14648649096488953,0.9003322124481201,0.5245847105979919
YLR039C,YHR031C,0,-6.457911,0.14646010100841522,0.9003322124481201,0.5246954560279846
YKR027W,YDR369C,0,-6.4580398,0.14643371105194092,0.9003322124481201,0.5248062014579773
YHR086W,YGR042W,0,-6.458315,0.146407350897789,0.9003322124481201,0.52491694688797
YJL157C,YCR053W,0,-6.4585896,0.14638099074363708,0.9003322124481201,0.5250276923179626
YJR031C,YGR002C,0,-6.458675,0.14635463058948517,0.9003322124481201,0.5251384377479553
YKL149C,YBR035C,0,-6.458904,0.14632830023765564,0.9003322124481201,0.525249183177948
YNL159C,YIL017W,1,-6.460291,0.14648191630840302,0.9014396667480469,0.525249183177948
YER119C,YNR032C-A,0,-6.460522,0.1464555561542511,0.9014396667480469,0.5253599286079407
YDR138W,YIR019C,0,-6.460686,0.14642921090126038,0.9014396667480469,0.5254706740379333
YBR247C,YPL233W,0,-6.460814,0.14640288054943085,0.9014396667480469,0.525581419467926
YDR016C,YBL050W,0,-6.4609113,0.14637655019760132,0.9014396667480469,0.5256921648979187
YDL159W,YML045W,0,-6.4613576,0.14635023474693298,0.9014396667480469,0.5258028507232666
YBR272C,YGR251W,0,-6.4614244,0.14632391929626465,0.9014396667480469,0.5259135961532593
YPR165W,YMR134W,0,-6.4617295,0.1462976336479187,0.9014396667480469,0.526024341583252
YCR028C,YDR545W,0,-6.4619455,0.14627133309841156,0.9014396667480469,0.5261350870132446
YBL084C,YFR050C,1,-6.4634132,0.14642472565174103,0.9025470614433289,0.5261350870132446
YFR028C,YPL008W,0,-6.4634857,0.1463984251022339,0.9025470614433289,0.5262458324432373
YGR216C,YBR118W,0,-6.4638066,0.14637212455272675,0.9025470614433289,0.52635657787323
YNL221C,YER103W,0,-6.464988,0.1463458389043808,0.9025470614433289,0.5264673233032227
YKL055C,YPL268W,0,-6.465759,0.14631956815719604,0.9025470614433289,0.5265780687332153
YOL158C,YDR285W,0,-6.468137,0.1462932974100113,0.9025470614433289,0.526688814163208
YOR386W,YPL153C,0,-6.4682627,0.14626705646514893,0.9025470614433289,0.5267995595932007
YGR104C,YCR060W,0,-6.4698462,0.14624080061912537,0.9025470614433289,0.5269103050231934
YAR014C,YLR105C,0,-6.4703736,0.1462145745754242,0.9025470614433289,0.527021050453186
YDL198C,YOR008C-A,0,-6.4703965,0.14618833363056183,0.9025470614433289,0.5271317958831787
YDR446W,YFR037C,0,-6.4710436,0.14616212248802185,0.9025470614433289,0.5272425413131714
YOR079C,YJR150C,0,-6.4710875,0.14613591134548187,0.9025470614433289,0.5273532867431641
YPL274W,YNL012W,0,-6.4711,0.1461097151041031,0.9025470614433289,0.5274640321731567
YMR213W,YMR129W,0,-6.4711146,0.1460835337638855,0.9025470614433289,0.5275747776031494
YGR113W,YDL235C,0,-6.472631,0.1460573524236679,0.9025470614433289,0.5276854634284973
YNL059C,YCL019W,0,-6.472664,0.14603117108345032,0.9025470614433289,0.52779620885849
YKL208W,YOR195W,0,-6.47286,0.14600501954555511,0.9025470614433289,0.5279069542884827
YDL164C,YPL262W,0,-6.473102,0.1459788680076599,0.9025470614433289,0.5280176997184753
YDR013W,YLR424W,0,-6.4734025,0.1459527164697647,0.9025470614433289,0.528128445148468
YIL062C,YPL078C,0,-6.473941,0.1459265947341919,0.9025470614433289,0.5282391905784607
YDL031W,YNL253W,0,-6.475192,0.14590045809745789,0.9025470614433289,0.5283499360084534
YNL292W,YER173W,0,-6.4752226,0.14587435126304626,0.9025470614433289,0.528460681438446
YDR236C,YOL010W,0,-6.475244,0.14584824442863464,0.9025470614433289,0.5285714268684387
YDL030W,YOR305W,0,-6.4753537,0.14582215249538422,0.9025470614433289,0.5286821722984314
YMR012W,YML057W,0,-6.4755225,0.1457960605621338,0.9025470614433289,0.5287929177284241
YOL149W,YDR276C,0,-6.4766593,0.14576998353004456,0.9025470614433289,0.5289036631584167
YDR079W,YPR154W,0,-6.476934,0.14574392139911652,0.9025470614433289,0.5290144085884094
YGR249W,YGL183C,0,-6.4773383,0.14571785926818848,0.9025470614433289,0.5291251540184021
YBR165W,YIL008W,0,-6.4773583,0.14569181203842163,0.9025470614433289,0.5292358994483948
YLR080W,YDL200C,0,-6.478196,0.14566577970981598,0.9025470614433289,0.5293466448783875
YPL167C,YOR116C,0,-6.4782863,0.14563974738121033,0.9025470614433289,0.5294573903083801
YLR170C,YBR237W,0,-6.478749,0.14561371505260468,0.9025470614433289,0.5295681357383728
YBL050W,YAR008W,0,-6.479059,0.1455877125263214,0.9025470614433289,0.5296788215637207
YDL028C,YLR360W,0,-6.4795947,0.14556171000003815,0.9025470614433289,0.5297895669937134
YER107C,YCL075W,0,-6.4797077,0.14553570747375488,0.9025470614433289,0.529900312423706
YCL003W,YLR386W,0,-6.4797845,0.145509734749794,0.9025470614433289,0.5300110578536987
YBL084C,YGR135W,1,-6.479989,0.14566226303577423,0.9036544561386108,0.5300110578536987
YDL159W,YFL004W,0,-6.480121,0.14563626050949097,0.9036544561386108,0.5301218032836914
YMR042W,YIL082W-A,0,-6.480552,0.1456102728843689,0.9036544561386108,0.5302325487136841
YDL044C,YGR195W,0,-6.4808903,0.14558430016040802,0.9036544561386108,0.5303432941436768
YCR038C,YGR145W,0,-6.4815803,0.14555832743644714,0.9036544561386108,0.5304540395736694
YDR037W,YCR083W,0,-6.4816947,0.14553236961364746,0.9036544561386108,0.5305647850036621
YPR191W,YHR065C,0,-6.4819627,0.14550642669200897,0.9036544561386108,0.5306755304336548
YMR208W,YCR020C-A,0,-6.4828477,0.14548048377037048,0.9036544561386108,0.5307862758636475
YER167W,YLR376C,0,-6.4836965,0.145454540848732,0.9036544561386108,0.5308970212936401
YNL221C,YNL279W,0,-6.4846716,0.1454286277294159,0.9036544561386108,0.5310077667236328
YKL160W,YGL257C,0,-6.4858947,0.1454027146100998,0.9036544561386108,0.5311185121536255
YPR005C,YPL174C,0,-6.485924,0.1453768014907837,0.9036544561386108,0.5312292575836182
YOR316C,YJR013W,0,-6.486179,0.14535090327262878,0.9036544561386108,0.5313400030136108
YPR133C,YJR103W,0,-6.4861946,0.14532501995563507,0.9036544561386108,0.5314507484436035
YBL084C,YFR052W,1,-6.4862647,0.14547720551490784,0.9047619104385376,0.5314507484436035
YJR042W,YDR416W,0,-6.4867682,0.14545130729675293,0.9047619104385376,0.5315614342689514
YDR182W,YCL024W,0,-6.486874,0.14542542397975922,0.9047619104385376,0.5316721796989441
YMR186W,YER019C-A,0,-6.487252,0.1453995406627655,0.9047619104385376,0.5317829251289368
YHR055C,YGL212W,0,-6.4874563,0.14537367224693298,0.9047619104385376,0.5318936705589294
YGR098C,YMR172W,0,-6.487634,0.14534780383110046,0.9047619104385376,0.5320044159889221
YGL035C,YPR054W,0,-6.4877214,0.14532195031642914,0.9047619104385376,0.5321151614189148
YOR109W,YGL169W,0,-6.4879446,0.145296111702919,0.9047619104385376,0.5322259068489075
YEL015W,YBR089C-A,0,-6.4889326,0.14527027308940887,0.9047619104385376,0.5323366522789001
YDR378C,YDL014W,0,-6.4890676,0.14524444937705994,0.9047619104385376,0.5324473977088928
YPL095C,YJR026W,0,-6.48908,0.145218625664711,0.9047619104385376,0.5325581431388855
YDR245W,YBR162C,0,-6.4912353,0.14519281685352325,0.9047619104385376,0.5326688885688782
YPL275W,YNL099C,0,-6.4914927,0.1451670229434967,0.9047619104385376,0.5327796339988708
YBR022W,YHR026W,0,-6.4917154,0.14514122903347015,0.9047619104385376,0.5328903794288635
YFR028C,YMR035W,0,-6.4923334,0.1451154500246048,0.9047619104385376,0.5330011248588562
YGL210W,YLR130C,0,-6.4928365,0.14508968591690063,0.9047619104385376,0.5331118702888489
YKL113C,YIL056W,0,-6.4929976,0.14506392180919647,0.9047619104385376,0.5332226157188416
YOR061W,YAR002W,0,-6.493231,0.1450381726026535,0.9047619104385376,0.5333333611488342
YOR216C,YFL002W-A,0,-6.4935713,0.14501242339611053,0.9047619104385376,0.5334440469741821
YLR098C,YFL002W-A,0,-6.4940214,0.14498668909072876,0.9047619104385376,0.5335547924041748
YBR023C,YOR018W,0,-6.4940534,0.14496096968650818,0.9047619104385376,0.5336655378341675
YOL045W,YLL016W,0,-6.4941516,0.1449352502822876,0.9047619104385376,0.5337762832641602
YDR404C,YPL274W,0,-6.495191,0.1449095457792282,0.9047619104385376,0.5338870286941528
YNL059C,YOL094C,0,-6.495195,0.14488384127616882,0.9047619104385376,0.5339977741241455
YOL066C,YOL124C,0,-6.4955487,0.14485815167427063,0.9047619104385376,0.5341085195541382
YKL084W,YGL039W,0,-6.495763,0.14483247697353363,0.9047619104385376,0.5342192649841309
YJL124C,YDR335W,0,-6.4961505,0.14480680227279663,0.9047619104385376,0.5343300104141235
YDL031W,YOL040C,0,-6.4962726,0.14478114247322083,0.9047619104385376,0.5344407558441162
YOR224C,YDL159W,0,-6.4965158,0.1447554975748062,0.9047619104385376,0.5345515012741089
YPL061W,YPL022W,0,-6.497195,0.1447298526763916,0.9047619104385376,0.5346622467041016
YHR165C,YLR447C,0,-6.4975486,0.14470422267913818,0.9047619104385376,0.5347729921340942
YJR026W,YJR141W,0,-6.497681,0.14467859268188477,0.9047619104385376,0.5348837375640869
YEL018W,YKL086W,0,-6.4978786,0.14465297758579254,0.9047619104385376,0.5349944829940796
YPR083W,YER082C,0,-6.498364,0.14462736248970032,0.9047619104385376,0.5351052284240723
YKL173W,YJR028W,0,-6.4986787,0.14460177719593048,0.9047619104385376,0.5352159738540649
YEL053C,YPL045W,0,-6.498978,0.14457617700099945,0.9047619104385376,0.5353266596794128
YDR513W,YNL221C,0,-6.499423,0.1445506066083908,0.9047619104385376,0.5354374051094055
YOR079C,YNL241C,0,-6.499811,0.14452503621578217,0.9047619104385376,0.5355481505393982
YDR182W,YOL127W,0,-6.4999895,0.14449946582317352,0.9047619104385376,0.5356588959693909
YMR211W,YPL095C,0,-6.5013013,0.14447391033172607,0.9047619104385376,0.5357696413993835
YPR168W,YIL008W,0,-6.501559,0.14444836974143982,0.9047619104385376,0.5358803868293762
YOL051W,YBR272C,0,-6.5019307,0.14442284405231476,0.9047619104385376,0.5359911322593689
YEL009C,YER028C,0,-6.5024486,0.1443973183631897,0.9047619104385376,0.5361018776893616
YER019W,YCL075W,0,-6.5025897,0.14437179267406464,0.9047619104385376,0.5362126231193542
YPR190C,YAR010C,0,-6.503191,0.14434629678726196,0.9047619104385376,0.5363233685493469
YNL271C,YBR237W,0,-6.5033565,0.1443207859992981,0.9047619104385376,0.5364341139793396
YER061C,YDR120C,0,-6.5036554,0.14429530501365662,0.9047619104385376,0.5365448594093323
YDL024C,YCR026C,0,-6.503677,0.14426982402801514,0.9047619104385376,0.536655604839325
YOR372C,YMR045C,0,-6.5043936,0.14424434304237366,0.9047619104385376,0.5367663502693176
YBR288C,YPL265W,0,-6.505787,0.14421889185905457,0.9047619104385376,0.5368770956993103
YBL009W,YJR082C,0,-6.5063157,0.14419344067573547,0.9047619104385376,0.536987841129303
YEL009C,YKL113C,0,-6.506547,0.14416798949241638,0.9047619104385376,0.5370985865592957
YGL195W,YFL008W,0,-6.507036,0.14414255321025848,0.9047619104385376,0.5372093319892883
YGL071W,YDR416W,0,-6.5078387,0.14411713182926178,0.9047619104385376,0.5373200178146362
YJL072C,YEL050C,0,-6.5081873,0.14409171044826508,0.9047619104385376,0.5374307632446289
YGL183C,YER018C,0,-6.508433,0.14406630396842957,0.9047619104385376,0.5375415086746216
YOL059W,YPL235W,0,-6.50888,0.14404089748859406,0.9047619104385376,0.5376522541046143
YDR429C,YOR008C-A,0,-6.509004,0.14401550590991974,0.9047619104385376,0.5377629995346069
YJL106W,YPL203W,0,-6.5091405,0.14399012923240662,0.9047619104385376,0.5378737449645996
YFL025C,YCL008C,1,-6.5115476,0.14414097368717194,0.9058693051338196,0.5378737449645996
YJR105W,YER019W,0,-6.511624,0.14411556720733643,0.9058693051338196,0.5379844903945923
YEL036C,YBL079W,0,-6.511952,0.1440901905298233,0.9058693051338196,0.538095235824585
YMR080C,YDR079C-A,0,-6.51216,0.14406481385231018,0.9058693051338196,0.5382059812545776
YIR019C,YDR077W,0,-6.512294,0.14403943717479706,0.9058693051338196,0.5383167266845703
YDR443C,YDR079C-A,0,-6.5124207,0.14401409029960632,0.9058693051338196,0.538427472114563
YHR070W,YCL075W,0,-6.513366,0.1439887285232544,0.9058693051338196,0.5385382175445557
YPL187W,YBL050W,0,-6.5139494,0.14396339654922485,0.9058693051338196,0.5386489629745483
YML104C,YLL016W,0,-6.5146303,0.1439380645751953,0.9058693051338196,0.538759708404541
YIR037W,YGR103W,0,-6.5146317,0.14391273260116577,0.9058693051338196,0.5388704538345337
YOR254C,YNL012W,0,-6.51483,0.14388743042945862,0.9058693051338196,0.5389811992645264
YFR036W,YKL054C,1,-6.515013,0.14403799176216125,0.9069767594337463,0.5389811992645264
YLR433C,YOR150W,0,-6.516228,0.1440126597881317,0.9069767594337463,0.539091944694519
YBR022W,YHR031C,0,-6.516817,0.14398734271526337,0.9069767594337463,0.5392026305198669
YOR185C,YKR003W,0,-6.5170813,0.14396202564239502,0.9069767594337463,0.5393133759498596
YNR058W,YMR227C,0,-6.5174155,0.14393673837184906,0.9069767594337463,0.5394241213798523
YLR134W,YJR028W,0,-6.51754,0.1439114362001419,0.9069767594337463,0.539534866809845
YPR190C,YGR186W,0,-6.5177794,0.14388614892959595,0.9069767594337463,0.5396456122398376
YOR061W,YPR107C,0,-6.517917,0.14386087656021118,0.9069767594337463,0.5397563576698303
YLR028C,YPR007C,0,-6.5182776,0.1438356190919876,0.9069767594337463,0.539867103099823
YCL016C,YER032W,0,-6.518475,0.14381036162376404,0.9069767594337463,0.5399778485298157
YIL063C,YCL075W,0,-6.5191436,0.14378511905670166,0.9069767594337463,0.5400885939598083
YHR055C,YOL012C,0,-6.519215,0.14375987648963928,0.9069767594337463,0.540199339389801
YJL018W,YGL030W,0,-6.51923,0.1437346488237381,0.9069767594337463,0.5403100848197937
YPR144C,YCL075W,0,-6.5205164,0.14370942115783691,0.9069767594337463,0.5404208302497864
YJL179W,YHR099W,0,-6.520607,0.14368420839309692,0.9069767594337463,0.540531575679779
YJL005W,YLR424W,0,-6.5208697,0.14365901052951813,0.9069767594337463,0.5406423211097717
YDL227C,YPL190C,0,-6.521006,0.14363381266593933,0.9069767594337463,0.5407530665397644
YKL004W,YBL080C,0,-6.521192,0.14360862970352173,0.9069767594337463,0.5408638119697571
YFL024C,YPR041W,0,-6.521417,0.14358344674110413,0.9069767594337463,0.5409745573997498
YER001W,YHR152W,0,-6.5216107,0.14355827867984772,0.9069767594337463,0.5410852432250977
YDR434W,YNL261W,0,-6.522411,0.1435331255197525,0.9069767594337463,0.5411959886550903
YER107C,YBR162C,0,-6.5226507,0.1435079723596573,0.9069767594337463,0.541306734085083
YPR191W,YHR070W,0,-6.523619,0.14348283410072327,0.9069767594337463,0.5414174795150757
YNL059C,YJL025W,0,-6.524716,0.14345769584178925,0.9069767594337463,0.5415282249450684
YNR030W,YGL043W,0,-6.52523,0.14343257248401642,0.9069767594337463,0.541638970375061
YIL062C,YLR139C,0,-6.525561,0.14340746402740479,0.9069767594337463,0.5417497158050537
YML031W,YLR337W,0,-6.525786,0.14338235557079315,0.9069767594337463,0.5418604612350464
YKL182W,YDR129C,0,-6.526774,0.1433572620153427,0.9069767594337463,0.5419712066650391
YJL106W,YHR042W,0,-6.5268207,0.14333216845989227,0.9069767594337463,0.5420819520950317
YOR034C,YCL044C,0,-6.5268474,0.14330708980560303,0.9069767594337463,0.5421926975250244
YCL016C,YLR272C,0,-6.527246,0.14328201115131378,0.9069767594337463,0.5423034429550171
YJL196C,YOL123W,0,-6.5276866,0.14325694739818573,0.9069767594337463,0.5424141883850098
YCR028C,YOR254C,0,-6.527743,0.14323189854621887,0.9069767594337463,0.5425249338150024
YPL015C,YHR050W,0,-6.528974,0.14320684969425201,0.9069767594337463,0.5426356792449951
YMR212C,YAL015C,0,-6.529354,0.14318181574344635,0.9069767594337463,0.5427464246749878
YBR288C,YDR079W,0,-6.5296555,0.14315679669380188,0.9069767594337463,0.5428571701049805
YMR199W,YJR026W,0,-6.52988,0.1431317776441574,0.9069767594337463,0.5429678559303284
YPL055C,YDR205W,0,-6.530465,0.14310675859451294,0.9069767594337463,0.543078601360321
YAL031C,YPL012W,0,-6.530779,0.14308175444602966,0.9069767594337463,0.5431893467903137
YKL182W,YML023C,0,-6.5312104,0.14305676519870758,0.9069767594337463,0.5433000922203064
YKL208W,YCL075W,0,-6.5321794,0.1430317908525467,0.9069767594337463,0.5434108376502991
YHR039C,YBL102W,0,-6.5324273,0.1430068165063858,0.9069767594337463,0.5435215830802917
YDR256C,YFR019W,0,-6.532506,0.14298184216022491,0.9069767594337463,0.5436323285102844
YGL181W,YGR042W,0,-6.53332,0.14295688271522522,0.9069767594337463,0.5437430739402771
YOL067C,YFL058W,0,-6.5333295,0.14293193817138672,0.9069767594337463,0.5438538193702698
YOR381W,YOR103C,0,-6.5340276,0.14290699362754822,0.9069767594337463,0.5439645648002625
YNL282W,YOR089C,0,-6.5342093,0.1428820639848709,0.9069767594337463,0.5440753102302551
YEL015W,YLR154C,0,-6.5346503,0.1428571492433548,0.9069767594337463,0.5441860556602478
YIL026C,YML098W,0,-6.5346894,0.14283223450183868,0.9069767594337463,0.5442968010902405
YAR002C-A,YPL231W,0,-6.5352917,0.14280731976032257,0.9069767594337463,0.5444075465202332
YOR083W,YLR455W,0,-6.5367503,0.14278241991996765,0.9069767594337463,0.5445182919502258
YGL071W,YOR327C,0,-6.5371385,0.14275753498077393,0.9069767594337463,0.5446290373802185
YNL055C,YOR332W,0,-6.5388417,0.1427326649427414,0.9069767594337463,0.5447397828102112
YMR301C,YDR030C,0,-6.5400643,0.14270779490470886,0.9069767594337463,0.5448504686355591
YHR099W,YML085C,0,-6.540526,0.14268292486667633,0.9069767594337463,0.5449612140655518
YLR386W,YPR036W,0,-6.540803,0.142658069729805,0.9069767594337463,0.5450719594955444
YJL014W,YNL169C,0,-6.5409923,0.14263322949409485,0.9069767594337463,0.5451827049255371
YDR037W,YPL190C,0,-6.541181,0.1426083892583847,0.9069767594337463,0.5452934503555298
YMR162C,YOL129W,0,-6.541385,0.14258356392383575,0.9069767594337463,0.5454041957855225
YLR394W,YHR050W,0,-6.541471,0.142558753490448,0.9069767594337463,0.5455149412155151
YLR210W,YIL008W,0,-6.5422707,0.14253394305706024,0.9069767594337463,0.5456256866455078
YIR041W,YHR012W,0,-6.542531,0.14250913262367249,0.9069767594337463,0.5457364320755005
YJL208C,YKL173W,0,-6.5426435,0.14248433709144592,0.9069767594337463,0.5458471775054932
YKL134C,YAL068C,0,-6.542901,0.14245955646038055,0.9069767594337463,0.5459579229354858
YER018C,YLR337W,0,-6.5430593,0.14243477582931519,0.9069767594337463,0.5460686683654785
YIL002C,YER082C,0,-6.5431743,0.142410010099411,0.9069767594337463,0.5461794137954712
YFL008W,YOR327C,0,-6.5437284,0.14238525927066803,0.9069767594337463,0.5462901592254639
YDR513W,YJR026W,0,-6.544386,0.14236050844192505,0.9069767594337463,0.5464009046554565
YDR013W,YEL050C,0,-6.544887,0.14233577251434326,0.9069767594337463,0.5465116500854492
YER017C,YER183C,0,-6.545392,0.14231103658676147,0.9069767594337463,0.5466223955154419
YBL080C,YKL075C,0,-6.5454354,0.14228631556034088,0.9069767594337463,0.5467331409454346
YGR086C,YLR360W,0,-6.545446,0.1422615945339203,0.9069767594337463,0.5468438267707825
YML094W,YDR443C,0,-6.547139,0.1422368884086609,0.9069767594337463,0.5469545722007751
YJL024C,YMR212C,0,-6.5473437,0.1422121822834015,0.9069767594337463,0.5470653176307678
YKL055C,YCL003W,0,-6.5473723,0.14218750596046448,0.9069767594337463,0.5471760630607605
YLR028C,YNL279W,0,-6.548423,0.14216281473636627,0.9069767594337463,0.5472868084907532
YNR030W,YMR227C,0,-6.5488625,0.14213815331459045,0.9069767594337463,0.5473975539207458
YDR404C,YGL115W,0,-6.549579,0.14211347699165344,0.9069767594337463,0.5475082993507385
YER142C,YLR045C,0,-6.550017,0.14208883047103882,0.9069767594337463,0.5476190447807312
YHL003C,YDR164C,0,-6.550266,0.1420641839504242,0.9069767594337463,0.5477297902107239
YDR194C,YNL126W,0,-6.550319,0.14203953742980957,0.9069767594337463,0.5478405356407166
YIL140W,YDR517W,0,-6.5505877,0.14201490581035614,0.9069767594337463,0.5479512810707092
YLR394W,YPR165W,0,-6.5506577,0.1419902890920639,0.9069767594337463,0.5480620265007019
YPL243W,YKL203C,0,-6.5513926,0.14196567237377167,0.9069767594337463,0.5481727719306946
YPR168W,YDL030W,0,-6.5514693,0.14194107055664062,0.9069767594337463,0.5482835173606873
YPR065W,YOR359W,0,-6.551995,0.14191648364067078,0.9069767594337463,0.5483942627906799
YDL031W,YHR006W,0,-6.552686,0.14189189672470093,0.9069767594337463,0.5485050082206726
YDL198C,YMR234W,0,-6.552815,0.14186730980873108,0.9069767594337463,0.5486157536506653
YPL275W,YDR517W,0,-6.5528326,0.14184273779392242,0.9069767594337463,0.5487264394760132
YJL006C,YOR216C,0,-6.5531263,0.14181818068027496,0.9069767594337463,0.5488371849060059
YKL074C,YPR133C,0,-6.553622,0.1417936235666275,0.9069767594337463,0.5489479303359985
YNR032C-A,YOR373W,0,-6.553633,0.14176908135414124,0.9069767594337463,0.5490586757659912
YMR216C,YER005W,0,-6.5554385,0.14174455404281616,0.9069767594337463,0.5491694211959839
YDL013W,YFL002W-A,0,-6.5563345,0.1417200267314911,0.9069767594337463,0.5492801666259766
YCL003W,YOL066C,0,-6.5565357,0.14169549942016602,0.9069767594337463,0.5493909120559692
YJL042W,YOR008C-A,0,-6.5572324,0.14167098701000214,0.9069767594337463,0.5495016574859619
YJL071W,YPR167C,0,-6.5573745,0.14164648950099945,0.9069767594337463,0.5496124029159546
YFL025C,YDR057W,1,-6.5577407,0.14179491996765137,0.9080841541290283,0.5496124029159546
YEL012W,YIL017W,1,-6.5579114,0.1419432908296585,0.9091916084289551,0.5496124029159546
YNL261W,YLL011W,0,-6.5582848,0.14191874861717224,0.9091916084289551,0.5497231483459473
YHR070W,YER005W,0,-6.5587077,0.14189422130584717,0.9091916084289551,0.5498338937759399
YMR216C,YGR042W,0,-6.5587344,0.1418697088956833,0.9091916084289551,0.5499446392059326
YLR028C,YCL075W,0,-6.5592966,0.1418451964855194,0.9091916084289551,0.5500553846359253
YDR138W,YJR059W,0,-6.5596185,0.14182069897651672,0.9091916084289551,0.550166130065918
YMR080C,YLR196W,0,-6.559775,0.14179620146751404,0.9091916084289551,0.5502768754959106
YCR028C,YDR011W,0,-6.560325,0.14177171885967255,0.9091916084289551,0.5503876209259033
YBR247C,YDR545W,0,-6.560673,0.14174723625183105,0.9091916084289551,0.550498366355896
YCL051W,YJL179W,0,-6.560922,0.14172276854515076,0.9091916084289551,0.5506090521812439
YMR162C,YJR141W,0,-6.56101,0.14169831573963165,0.9091916084289551,0.5507197976112366
YBL099W,YGL205W,0,-6.5630164,0.14167386293411255,0.9091916084289551,0.5508305430412292
YJL005W,YCR020W-B,0,-6.564354,0.14164941012859344,0.9091916084289551,0.5509412884712219
YJL196C,YOR270C,0,-6.564421,0.14162497222423553,0.9091916084289551,0.5510520339012146
YNL173C,YOR195W,0,-6.5648875,0.14160054922103882,0.9091916084289551,0.5511627793312073
YFR019W,YDR545W,0,-6.566172,0.1415761411190033,0.9091916084289551,0.5512735247612
YOR061W,YJR049C,0,-6.5665355,0.14155171811580658,0.9091916084289551,0.5513842701911926
YER119C,YGR098C,0,-6.5673833,0.14152732491493225,0.9091916084289551,0.5514950156211853
YOR119C,YDR369C,0,-6.5675707,0.14150293171405792,0.9091916084289551,0.551605761051178
YPR067W,YOR036W,0,-6.5675817,0.1414785385131836,0.9091916084289551,0.5517165064811707
YJL128C,YJL179W,0,-6.5682826,0.14145417511463165,0.9091916084289551,0.5518272519111633
YOL040C,YHR214C-C,0,-6.5701237,0.14142979681491852,0.9091916084289551,0.551937997341156
YLR045C,YGR002C,0,-6.5704446,0.14140544831752777,0.9091916084289551,0.5520487427711487
YAL031C,YLR222C,0,-6.571179,0.14138108491897583,0.9091916084289551,0.5521594882011414
YDR254W,YOR373W,0,-6.57204,0.14135675132274628,0.9091916084289551,0.552270233631134
YBL033C,YMR140W,0,-6.572094,0.14133241772651672,0.9091916084289551,0.5523809790611267
YPL227C,YPL060C-A,0,-6.573378,0.14130808413028717,0.9091916084289551,0.5524916648864746
YPL160W,YKL139W,0,-6.5735364,0.1412837654352188,0.9091916084289551,0.5526024103164673
YDR284C,YCR055C,0,-6.5740237,0.14125946164131165,0.9091916084289551,0.55271315574646
YLR330W,YGR098C,0,-6.574379,0.14123515784740448,0.9091916084289551,0.5528239011764526
YJL194W,YGR099W,0,-6.576086,0.1412108689546585,0.9091916084289551,0.5529346466064453
YLR459W,YOR076C,0,-6.576679,0.14118658006191254,0.9091916084289551,0.553045392036438
YDR076W,YER031C,0,-6.576916,0.14116230607032776,0.9091916084289551,0.5531561374664307
YKL004W,YER053C,0,-6.577356,0.14113804697990417,0.9091916084289551,0.5532668828964233
YDR264C,YPR191W,0,-6.577396,0.1411137878894806,0.9091916084289551,0.553377628326416
YNL023C,YJL156C,0,-6.5774026,0.141089528799057,0.9091916084289551,0.5534883737564087
YMR199W,YLR026C,0,-6.5774236,0.1410652995109558,0.9091916084289551,0.5535991191864014
YAR010C,YIL082W-A,0,-6.577681,0.14104105532169342,0.9091916084289551,0.553709864616394
YMR012W,YHR055C,0,-6.577984,0.14101682603359222,0.9091916084289551,0.5538206100463867
YAR008W,YFL058W,0,-6.578918,0.14099261164665222,0.9091916084289551,0.5539313554763794
YPL187W,YGL089C,0,-6.57976,0.1409684121608734,0.9091916084289551,0.5540421009063721
YJL141C,YNL313C,0,-6.580371,0.1409442126750946,0.9091916084289551,0.5541528463363647
YOR381W,YPL214C,0,-6.580974,0.1409200131893158,0.9091916084289551,0.5542635917663574
YBR055C,YOL127W,0,-6.581783,0.14089582860469818,0.9091916084289551,0.5543743371963501
YHL002W,YLR455W,0,-6.5820093,0.14087165892124176,0.9091916084289551,0.554485023021698
YJL124C,YOR140W,0,-6.582051,0.14084748923778534,0.9091916084289551,0.5545957684516907
YPL100W,YOR116C,0,-6.5821548,0.1408233344554901,0.9091916084289551,0.5547065138816833
YEL018W,YJL018W,0,-6.5830665,0.14079917967319489,0.9091916084289551,0.554817259311676
YOR245C,YOR008C-A,0,-6.583765,0.14077503979206085,0.9091916084289551,0.5549280047416687
YCR055C,YBR127C,0,-6.5837846,0.14075089991092682,0.9091916084289551,0.5550387501716614
YPL059W,YKL173W,0,-6.5843873,0.14072677493095398,0.9091916084289551,0.555149495601654
YOL038W,YIL017W,1,-6.585239,0.14087404310703278,0.9102990031242371,0.555149495601654
YGL070C,YGL095C,0,-6.5853724,0.14084990322589874,0.9102990031242371,0.5552602410316467
YLL035W,YDL181W,0,-6.58649,0.1408257633447647,0.9102990031242371,0.5553709864616394
YOR039W,YIL101C,0,-6.586563,0.14080163836479187,0.9102990031242371,0.5554817318916321
YPL115C,YMR075W,0,-6.5869546,0.14077752828598022,0.9102990031242371,0.5555924773216248
YKL057C,YPR182W,0,-6.588203,0.14075341820716858,0.9102990031242371,0.5557032227516174
YCR055C,YMR140W,0,-6.589105,0.14072932302951813,0.9102990031242371,0.5558139681816101
YNR035C,YOR119C,0,-6.589449,0.14070524275302887,0.9102990031242371,0.5559247136116028
YER149C,YFL002W-A,0,-6.589498,0.1406811624765396,0.9102990031242371,0.5560354590415955
YDL024C,YIL173W,0,-6.58987,0.14065708220005035,0.9102990031242371,0.5561462044715881
YKL212W,YBR024W,0,-6.590268,0.1406330168247223,0.9102990031242371,0.5562569499015808
YCR028C,YPR005C,0,-6.590349,0.14060896635055542,0.9102990031242371,0.5563676357269287
YCL025C,YDL024C,0,-6.590439,0.14058491587638855,0.9102990031242371,0.5564783811569214
YLL035W,YPR168W,0,-6.59078,0.14056088030338287,0.9102990031242371,0.5565891265869141
YCR071C,YOR332W,0,-6.590801,0.1405368447303772,0.9102990031242371,0.5566998720169067
YGL253W,YOR279C,0,-6.591366,0.14051282405853271,0.9102990031242371,0.5568106174468994
YDL099W,YGL236C,0,-6.5915027,0.14048880338668823,0.9102990031242371,0.5569213628768921
YFL024C,YHR001W-A,0,-6.5936694,0.14046479761600494,0.9102990031242371,0.5570321083068848
YJL204C,YPR065W,0,-6.5941086,0.14044080674648285,0.9102990031242371,0.5571428537368774
YOL008W,YAR010C,0,-6.5942726,0.14041681587696075,0.9102990031242371,0.5572535991668701
YCR075C,YAR010C,0,-6.595265,0.14039282500743866,0.9102990031242371,0.5573643445968628
YJL214W,YBR117C,0,-6.5957136,0.14036884903907776,0.9102990031242371,0.5574750900268555
YNL169C,YLR043C,0,-6.5958743,0.14034488797187805,0.9102990031242371,0.5575858354568481
YPR108W,YIL017W,1,-6.5963683,0.14049163460731506,0.911406397819519,0.5575858354568481
YHL031C,YJR141W,0,-6.596604,0.14046765863895416,0.911406397819519,0.5576965808868408
YDR086C,YNL054W,0,-6.5983233,0.14044368267059326,0.911406397819519,0.5578073263168335
YFL014W,YCL019W,0,-6.5987177,0.14041972160339355,0.911406397819519,0.5579180717468262
YDR343C,YHR099W,0,-6.598721,0.14039577543735504,0.911406397819519,0.5580288171768188
YLR391W,YJR059W,0,-6.6006484,0.14037182927131653,0.911406397819519,0.5581395626068115
YER061C,YAR008W,0,-6.601018,0.14034788310527802,0.911406397819519,0.5582502484321594
YMR213W,YDR011W,0,-6.601758,0.1403239518404007,0.911406397819519,0.5583609938621521
YDR194C,YDR429C,0,-6.6018276,0.14030003547668457,0.911406397819519,0.5584717392921448
YLR394W,YGL183C,0,-6.601828,0.14027611911296844,0.911406397819519,0.5585824847221375
YFR019W,YMR045C,0,-6.6023493,0.1402522176504135,0.911406397819519,0.5586932301521301
YOL130W,YNL271C,0,-6.6024966,0.14022831618785858,0.911406397819519,0.5588039755821228
YPR057W,YGL084C,0,-6.6033206,0.14020442962646484,0.911406397819519,0.5589147210121155
YLR170C,YOR081C,0,-6.6050687,0.1401805430650711,0.911406397819519,0.5590254664421082
YDL081C,YGR186W,0,-6.6052184,0.14015667140483856,0.911406397819519,0.5591362118721008
YOR023C,YDR276C,0,-6.6053166,0.1401328146457672,0.911406397819519,0.5592469573020935
YER167W,YLR052W,0,-6.6055465,0.14010895788669586,0.911406397819519,0.5593577027320862
YPL244C,YHR031C,0,-6.60563,0.1400851011276245,0.911406397819519,0.5594684481620789
YNR001C,YNL009W,0,-6.605924,0.14006125926971436,0.911406397819519,0.5595791935920715
YBR024W,YJR141W,0,-6.606343,0.1400374323129654,0.911406397819519,0.5596899390220642
YLR170C,YOR381W,0,-6.607253,0.14001360535621643,0.911406397819519,0.5598006844520569
YBR210W,YMR186W,0,-6.6078467,0.13998979330062866,0.911406397819519,0.5599114298820496
YDR481C,YDR285W,0,-6.609981,0.1399659812450409,0.911406397819519,0.5600221753120422
YER032W,YLL016W,0,-6.61044,0.13994218409061432,0.911406397819519,0.5601328611373901
YAR002C-A,YBR055C,0,-6.6104445,0.13991840183734894,0.911406397819519,0.5602436065673828
YFR036W,YNR026C,1,-6.610685,0.14006459712982178,0.9125138521194458,0.5602436065673828
YPL137C,YOR143C,0,-6.6114726,0.140040785074234,0.9125138521194458,0.5603543519973755
YJR089W,YKR053C,0,-6.611689,0.14001698791980743,0.9125138521194458,0.5604650974273682
YOR359W,YDL235C,0,-6.6123424,0.13999320566654205,0.9125138521194458,0.5605758428573608
YGL178W,YOR116C,0,-6.612374,0.13996942341327667,0.9125138521194458,0.5606865882873535
YLL019C,YPR094W,0,-6.6124578,0.13994565606117249,0.9125138521194458,0.5607973337173462
YKL170W,YKL108W,0,-6.612655,0.1399218887090683,0.9125138521194458,0.5609080791473389
YLR361C,YPL016W,0,-6.6127696,0.1398981362581253,0.9125138521194458,0.5610188245773315
YLR052W,YKR097W,0,-6.6134167,0.1398743838071823,0.9125138521194458,0.5611295700073242
YNR032W,YMR142C,0,-6.614011,0.1398506462574005,0.9125138521194458,0.5612403154373169
YLR154C,YDR393W,0,-6.614152,0.1398269087076187,0.9125138521194458,0.5613510608673096
YDR446W,YAR002W,0,-6.6142898,0.1398031860589981,0.9125138521194458,0.5614618062973022
YBR217W,YIL173W,0,-6.6146746,0.1397794783115387,0.9125138521194458,0.5615725517272949
YPL098C,YFL002W-A,0,-6.6152115,0.13975577056407928,0.9125138521194458,0.5616832971572876
YPL275W,YCR037C,0,-6.615274,0.13973206281661987,0.9125138521194458,0.5617940425872803
YCR028C,YPR158W-B,0,-6.6154447,0.13970836997032166,0.9125138521194458,0.561904788017273
YCL055W,YML065W,0,-6.6154714,0.13968469202518463,0.9125138521194458,0.5620155334472656
YDL031W,YGR161W-A,0,-6.6158075,0.1396610140800476,0.9125138521194458,0.5621262192726135
YDL031W,YDL188C,0,-6.6158624,0.13963735103607178,0.9125138521194458,0.5622369647026062
YNL001W,YPL096C-A,0,-6.6158795,0.13961368799209595,0.9125138521194458,0.5623477101325989
YGL071W,YDR037W,0,-6.6161885,0.1395900398492813,0.9125138521194458,0.5624584555625916
YER013W,YCR033W,0,-6.6164546,0.13956639170646667,0.9125138521194458,0.5625692009925842
YDR335W,YFR033C,0,-6.6164937,0.13954275846481323,0.9125138521194458,0.5626799464225769
YPL121C,YPR133C,0,-6.6168666,0.13951914012432098,0.9125138521194458,0.5627906918525696
YNL294C,YLR272C,0,-6.6169906,0.13949550688266754,0.9125138521194458,0.5629014372825623
YLR139C,YMR045C,0,-6.617021,0.1394719034433365,0.9125138521194458,0.5630121827125549
YJR105W,YOL082W,0,-6.6171985,0.13944830000400543,0.9125138521194458,0.5631229281425476
YLR391W,YHR055C,0,-6.6178093,0.13942469656467438,0.9125138521194458,0.5632336735725403
YOR244W,YPL012W,0,-6.6183486,0.1394011229276657,0.9125138521194458,0.563344419002533
YKL004W,YLR376C,0,-6.619413,0.13937753438949585,0.9125138521194458,0.5634551644325256
YER028C,YPL031C,0,-6.6198955,0.13935396075248718,0.9125138521194458,0.5635659098625183
YJR150C,YPL011C,0,-6.62029,0.1393304020166397,0.9125138521194458,0.563676655292511
YDR099W,YNL313C,0,-6.620804,0.13930684328079224,0.9125138521194458,0.5637874007225037
YDR276C,YJR141W,0,-6.6211047,0.13928329944610596,0.9125138521194458,0.5638981461524963
YPL098C,YLL016W,0,-6.621142,0.13925975561141968,0.9125138521194458,0.5640088319778442
YJL115W,YJR135C,0,-6.6211495,0.1392362266778946,0.9125138521194458,0.5641195774078369
YPL126W,YMR216C,0,-6.6213965,0.1392126977443695,0.9125138521194458,0.5642303228378296
YFR028C,YML045W,0,-6.6214557,0.13918918371200562,0.9125138521194458,0.5643410682678223
YBL084C,YFL009W,1,-6.6216063,0.139334574341774,0.9136212468147278,0.5643410682678223
YGR261C,YBL099W,0,-6.6216645,0.1393110454082489,0.9136212468147278,0.5644518136978149
YCR107W,YPR158W-B,0,-6.6219535,0.13928751647472382,0.9136212468147278,0.5645625591278076
YCR055C,YDR495C,0,-6.622193,0.13926401734352112,0.9136212468147278,0.5646733045578003
YPL204W,YLL011W,0,-6.6228223,0.13924050331115723,0.9136212468147278,0.564784049987793
YGL094C,YKL075C,0,-6.623277,0.13921700417995453,0.9136212468147278,0.5648947954177856
YOR079C,YBR196C,0,-6.624019,0.13919351994991302,0.9136212468147278,0.5650055408477783
YOR113W,YGR033C,0,-6.624153,0.13917003571987152,0.9136212468147278,0.565116286277771
YIL048W,YER103W,0,-6.6242185,0.1391465663909912,0.9136212468147278,0.5652270317077637
YDR284C,YLR139C,0,-6.625077,0.1391230970621109,0.9136212468147278,0.5653377771377563
YLR391W,YPL274W,0,-6.6259847,0.13909964263439178,0.9136212468147278,0.565448522567749
YNL271C,YCL075W,0,-6.626161,0.13907620310783386,0.9136212468147278,0.5655592679977417
YNL163C,YKL173W,0,-6.6261826,0.13905274868011475,0.9136212468147278,0.5656700134277344
YNL177C,YDR086C,0,-6.626262,0.13902932405471802,0.9136212468147278,0.565780758857727
YMR213W,YKL129C,0,-6.6264787,0.1390058994293213,0.9136212468147278,0.565891444683075
YLR433C,YKL049C,0,-6.626866,0.13898247480392456,0.9136212468147278,0.5660021901130676
YGR152C,YDR160W,0,-6.627457,0.13895906507968903,0.9136212468147278,0.5661129355430603
YML060W,YDR311W,0,-6.6278863,0.13893567025661469,0.9136212468147278,0.566223680973053
YJL210W,YCL019W,0,-6.6313205,0.13891227543354034,0.9136212468147278,0.5663344264030457
YAL031C,YOR119C,0,-6.631387,0.1388888955116272,0.9136212468147278,0.5664451718330383
YKR082W,YDR011W,0,-6.6319594,0.13886551558971405,0.9136212468147278,0.566555917263031
YPR167C,YGL039W,0,-6.632628,0.1388421356678009,0.9136212468147278,0.5666666626930237
YGR188C,YDR292C,0,-6.6328382,0.13881878554821014,0.9136212468147278,0.5667774081230164
YOR113W,YMR172W,0,-6.6329904,0.1387954205274582,0.9136212468147278,0.566888153553009
YJL115W,YAR002C-A,0,-6.632995,0.13877207040786743,0.9136212468147278,0.5669988989830017
YKL138C-A,YGL115W,0,-6.633867,0.13874873518943787,0.9136212468147278,0.5671096444129944
YPR067W,YBR296C,0,-6.634728,0.1387254148721695,0.9136212468147278,0.5672203898429871
YER167W,YDR284C,0,-6.635253,0.13870207965373993,0.9136212468147278,0.5673311352729797
YLR303W,YIL056W,0,-6.6356335,0.13867877423763275,0.9136212468147278,0.5674418807029724
YLR043C,YLR435W,0,-6.6356964,0.13865546882152557,0.9136212468147278,0.5675526261329651
YLR376C,YNL049C,0,-6.636191,0.1386321634054184,0.9136212468147278,0.5676633715629578
YIL065C,YOL059W,0,-6.636807,0.1386088728904724,0.9136212468147278,0.5677740573883057
YBR231C,YFL058W,0,-6.6390734,0.13858558237552643,0.9136212468147278,0.5678848028182983
YGL181W,YER118C,0,-6.6396413,0.13856230676174164,0.9136212468147278,0.567995548248291
YKL182W,YER032W,0,-6.6400313,0.13853904604911804,0.9136212468147278,0.5681062936782837
YKL084W,YMR016C,0,-6.6408467,0.13851578533649445,0.9136212468147278,0.5682170391082764
YLL009C,YCR055C,0,-6.6415243,0.13849252462387085,0.9136212468147278,0.568327784538269
YDR205W,YNL163C,0,-6.6416955,0.13846927881240845,0.9136212468147278,0.5684385299682617
YJL072C,YGR074W,0,-6.641873,0.13844604790210724,0.9136212468147278,0.5685492753982544
YKR097W,YGR129W,0,-6.642349,0.13842281699180603,0.9136212468147278,0.5686600208282471
YFR036W,YAL058W,1,-6.642655,0.13856735825538635,0.9147287011146545,0.5686600208282471
YCR014C,YPL243W,0,-6.642752,0.13854411244392395,0.9147287011146545,0.5687707662582397
YMR301C,YKL129C,0,-6.6431174,0.13852088153362274,0.9147287011146545,0.5688815116882324
YGL195W,YDR429C,0,-6.643169,0.13849765062332153,0.9147287011146545,0.5689922571182251
YHR092C,YJL080C,0,-6.644155,0.13847443461418152,0.9147287011146545,0.5691030025482178
YGL183C,YBR037C,0,-6.6444335,0.1384512186050415,0.9147287011146545,0.5692137479782104
YOR113W,YIL082W-A,0,-6.644551,0.13842801749706268,0.9147287011146545,0.5693244934082031
YJL072C,YPR133C,0,-6.6451354,0.13840483129024506,0.9147287011146545,0.5694352388381958
YLR028C,YGL226C-A,0,-6.645206,0.13838164508342743,0.9147287011146545,0.5695459842681885
YEL061C,YMR080C,0,-6.645898,0.1383584588766098,0.9147287011146545,0.5696566700935364
YGL246C,YFL002W-A,0,-6.6464124,0.13833528757095337,0.9147287011146545,0.569767415523529
YOL123W,YOL006C,0,-6.6464868,0.13831211626529694,0.9147287011146545,0.5698781609535217
YNL279W,YPR032W,0,-6.6464925,0.1382889598608017,0.9147287011146545,0.5699889063835144
YLR116W,YKL074C,0,-6.6468115,0.13826581835746765,0.9147287011146545,0.5700996518135071
YPL100W,YFL002W-A,0,-6.6471934,0.1382426768541336,0.9147287011146545,0.5702103972434998
YPL095C,YER052C,0,-6.6473002,0.13821955025196075,0.9147287011146545,0.5703211426734924
YBL099W,YOR119C,0,-6.64734,0.1381964236497879,0.9147287011146545,0.5704318881034851
YDL192W,YER126C,0,-6.647368,0.13817329704761505,0.9147287011146545,0.5705426335334778
YBR159W,YCL024W,0,-6.648204,0.1381501853466034,0.9147287011146545,0.5706533789634705
YOR109W,YMR134W,0,-6.6484947,0.13812708854675293,0.9147287011146545,0.5707641243934631
YBR177C,YPR041W,0,-6.6488805,0.13810399174690247,0.9147287011146545,0.5708748698234558
YLR347C,YNL261W,0,-6.6492453,0.1380809098482132,0.9147287011146545,0.5709856152534485
YLR418C,YDR138W,0,-6.6509013,0.13805782794952393,0.9147287011146545,0.5710963606834412
YCL040W,YDR122W,0,-6.651467,0.13803476095199585,0.9147287011146545,0.5712071061134338
YEL053C,YOR081C,0,-6.6532826,0.13801169395446777,0.9147287011146545,0.5713178515434265
YML081C-A,YOR359W,0,-6.6538606,0.1379886418581009,0.9147287011146545,0.5714285969734192
YLR034C,YDR545W,0,-6.6542478,0.137965589761734,0.9147287011146545,0.5715393424034119
YCL040W,YER103W,0,-6.6545677,0.13794255256652832,0.9147287011146545,0.5716500282287598
YDL058W,YPL019C,0,-6.654739,0.13791951537132263,0.9147287011146545,0.5717607736587524
YGR220C,YJR068W,0,-6.6548934,0.13789649307727814,0.9147287011146545,0.5718715190887451
YPR165W,YJL025W,0,-6.65626,0.13787347078323364,0.9147287011146545,0.5719822645187378
YIL140W,YJL179W,0,-6.65685,0.13785046339035034,0.9147287011146545,0.5720930099487305
YCL016C,YGL115W,0,-6.658097,0.13782747089862823,0.9147287011146545,0.5722037553787231
YGL205W,YKL196C,0,-6.6583056,0.13780447840690613,0.9147287011146545,0.5723145008087158
YDL044C,YBR296C,0,-6.658464,0.13778148591518402,0.9147287011146545,0.5724252462387085
YDR060W,YDL159W,0,-6.658639,0.1377585083246231,0.9147287011146545,0.5725359916687012
YFL009W,YAL058W,1,-6.6588078,0.13790228962898254,0.9158360958099365,0.5725359916687012
YPL227C,YGL178W,0,-6.659088,0.13787929713726044,0.9158360958099365,0.5726467370986938
YKL182W,YOR267C,0,-6.6594453,0.13785630464553833,0.9158360958099365,0.5727574825286865
YNR030W,YHR014W,0,-6.659542,0.13783332705497742,0.9158360958099365,0.5728682279586792
YBR127C,YDR365W-A,0,-6.6595693,0.1378103643655777,0.9158360958099365,0.5729789733886719
YPR094W,YPR032W,0,-6.660439,0.13778740167617798,0.9158360958099365,0.5730897188186646
YLR242C,YDR284C,0,-6.6615515,0.13776445388793945,0.9158360958099365,0.5732004642486572
YGR007W,YHR006W,0,-6.6615767,0.13774150609970093,0.9158360958099365,0.5733112096786499
YJL124C,YHR014W,0,-6.662132,0.1377185732126236,0.9158360958099365,0.5734219551086426
YPR057W,YDR060W,0,-6.6621327,0.13769564032554626,0.9158360958099365,0.5735326409339905
YNR035C,YJL072C,0,-6.662869,0.13767272233963013,0.9158360958099365,0.5736433863639832
YMR204C,YKL082C,0,-6.6629505,0.137649804353714,0.9158360958099365,0.5737541317939758
YNR035C,YHR165C,0,-6.663007,0.13762688636779785,0.9158360958099365,0.5738648772239685
YOR034C,YCR055C,0,-6.6644387,0.1376039981842041,0.9158360958099365,0.5739756226539612
YDL188C,YAR010C,0,-6.665762,0.13758109509944916,0.9158360958099365,0.5740863680839539
YDR245W,YOR008C-A,0,-6.665911,0.1375582218170166,0.9158360958099365,0.5741971135139465
YPR185W,YER149C,0,-6.666363,0.13753533363342285,0.9158360958099365,0.5743078589439392
YLR316C,YLR181C,0,-6.6668086,0.1375124752521515,0.9158360958099365,0.5744186043739319
YBL084C,YMR022W,1,-6.667023,0.1376558542251587,0.9169435501098633,0.5744186043739319
YJL214W,YPL016W,0,-6.6685233,0.13763298094272614,0.9169435501098633,0.5745293498039246
YIL065C,YPL234C,0,-6.668625,0.13761010766029358,0.9169435501098633,0.5746400952339172
YBR185C,YJR042W,0,-6.668828,0.13758723437786102,0.9169435501098633,0.5747508406639099
YHL003C,YBR024W,0,-6.669758,0.13756437599658966,0.9169435501098633,0.5748615860939026
YKR038C,YGR129W,0,-6.670165,0.1375415325164795,0.9169435501098633,0.5749723315238953
YDR517W,YPR137W,0,-6.6702847,0.13751868903636932,0.9169435501098633,0.5750830769538879
YDR481C,YML034W,0,-6.6717386,0.13749584555625916,0.9169435501098633,0.5751938223838806
YGL257C,YNL246W,0,-6.671753,0.13747301697731018,0.9169435501098633,0.5753045678138733
YOR109W,YHR042W,0,-6.6720147,0.1374502032995224,0.9169435501098633,0.5754152536392212
YLL060C,YAR010C,0,-6.6721387,0.13742738962173462,0.9169435501098633,0.5755259990692139
YOR103C,YIR041W,0,-6.6732016,0.13740457594394684,0.9169435501098633,0.5756367444992065
YLL060C,YPR154W,0,-6.675465,0.13738177716732025,0.9169435501098633,0.5757474899291992
YPR005C,YNL012W,0,-6.6755886,0.13735899329185486,0.9169435501098633,0.5758582353591919
YNL281W,YKR056W,0,-6.677257,0.13733620941638947,0.9169435501098633,0.5759689807891846
YGR118W,YLR455W,0,-6.677693,0.13731342554092407,0.9169435501098633,0.5760797262191772
YJR082C,YJL102W,0,-6.6778474,0.13729067146778107,0.9169435501098633,0.5761904716491699
YJL196C,YBR210W,0,-6.678214,0.13726790249347687,0.9169435501098633,0.5763012170791626
YDR174W,YAL068C,0,-6.6784444,0.13724514842033386,0.9169435501098633,0.5764119625091553
YLL011W,YHR152W,0,-6.678463,0.13722240924835205,0.9169435501098633,0.576522707939148
YEL056W,YHR165C,0,-6.678846,0.13719967007637024,0.9169435501098633,0.5766334533691406
YER165W,YIL095W,0,-6.679686,0.13717694580554962,0.9169435501098633,0.5767441987991333
YKR027W,YMR075W,0,-6.6799045,0.137154221534729,0.9169435501098633,0.576854944229126
YAL015C,YCL003W,0,-6.6801295,0.1371314972639084,0.9169435501098633,0.5769656896591187
YPR201W,YMR095C,0,-6.6801677,0.13710878789424896,0.9169435501098633,0.5770764350891113
YGR188C,YDL200C,0,-6.6807256,0.13708609342575073,0.9169435501098633,0.577187180519104
YLL016W,YOL072W,0,-6.681007,0.1370633989572525,0.9169435501098633,0.5772978663444519
YHL003C,YHR050W,0,-6.6814313,0.13704071938991547,0.9169435501098633,0.5774086117744446
YAL010C,YGR152C,0,-6.6817803,0.13701803982257843,0.9169435501098633,0.5775193572044373
YMR234W,YOL006C,0,-6.6833625,0.1369953602552414,0.9169435501098633,0.5776301026344299
YAR002C-A,YPR036W,0,-6.683474,0.13697271049022675,0.9169435501098633,0.5777408480644226
YCR028C,YDL093W,0,-6.683908,0.1369500458240509,0.9169435501098633,0.5778515934944153
YDR076W,YPR182W,0,-6.6850696,0.13692739605903625,0.9169435501098633,0.577962338924408
YOL012C,YCR053W,0,-6.6852202,0.1369047611951828,0.9169435501098633,0.5780730843544006
YLR391W,YOL006C,0,-6.6852355,0.13688212633132935,0.9169435501098633,0.5781838297843933
YER019W,YOL129W,0,-6.6852975,0.13685950636863708,0.9169435501098633,0.578294575214386
YOL033W,YJL012C,0,-6.687456,0.13683688640594482,0.9169435501098633,0.5784053206443787
YML065W,YCL003W,0,-6.6876383,0.13681428134441376,0.9169435501098633,0.5785160660743713
YCR086W,YLR337W,0,-6.688359,0.1367916762828827,0.9169435501098633,0.578626811504364
YBR217W,YCR071C,0,-6.688937,0.13676907122135162,0.9169435501098633,0.5787375569343567
YMR213W,YNR001C,0,-6.688957,0.13674649596214294,0.9169435501098633,0.5788483023643494
YOR373W,YMR016C,0,-6.689244,0.13672390580177307,0.9169435501098633,0.578959047794342
YDR205W,YBR162C,0,-6.6907477,0.1367013305425644,0.9169435501098633,0.5790697932243347
YBL046W,YKL075C,0,-6.691839,0.1366787701845169,0.9169435501098633,0.5791805386543274
YML081C-A,YBR083W,0,-6.6923575,0.13665620982646942,0.9169435501098633,0.5792912244796753
YAR002C-A,YDR086C,0,-6.692712,0.13663366436958313,0.9169435501098633,0.579401969909668
YOR316C,YAR002W,0,-6.6927185,0.13661111891269684,0.9169435501098633,0.5795127153396606
YOR195W,YHR014W,0,-6.692859,0.13658858835697174,0.9169435501098633,0.5796234607696533
YJR001W,YLL011W,0,-6.6934824,0.13656605780124664,0.9169435501098633,0.579734206199646
YEL050C,YPL011C,0,-6.693839,0.13654354214668274,0.9169435501098633,0.5798449516296387
YBL099W,YOR372C,0,-6.6938953,0.13652102649211884,0.9169435501098633,0.5799556970596313
YER142C,YOR119C,0,-6.6939096,0.13649851083755493,0.9169435501098633,0.580066442489624
YEL061C,YJL102W,0,-6.6939216,0.13647602498531342,0.9169435501098633,0.5801771879196167
YBR243C,YDR011W,0,-6.694226,0.1364535242319107,0.9169435501098633,0.5802879333496094
YPR018W,YCR033W,0,-6.6952796,0.1364310383796692,0.9169435501098633,0.580398678779602
YIL150C,YDR515W,0,-6.69574,0.13640856742858887,0.9169435501098633,0.5805094242095947
YBR237W,YER173W,0,-6.696836,0.13638609647750854,0.9169435501098633,0.5806201696395874
YOR316C,YFR053C,0,-6.6969857,0.13636364042758942,0.9169435501098633,0.5807309150695801
YHR031C,YCL019W,0,-6.697202,0.1363411843776703,0.9169435501098633,0.5808416604995728
YJL116C,YMR218C,0,-6.6972632,0.13631872832775116,0.9169435501098633,0.5809524059295654
YPR179C,YBR165W,0,-6.6975336,0.13629630208015442,0.9169435501098633,0.5810631513595581
YOL012C,YOR008C-A,0,-6.698258,0.13627386093139648,0.9169435501098633,0.581173837184906
YOL086C,YLR155C,0,-6.698668,0.13625143468379974,0.9169435501098633,0.5812845826148987
YML104C,YML034W,0,-6.6987243,0.1362290233373642,0.9169435501098633,0.5813953280448914
YBR274W,YJR028W,0,-6.6990323,0.13620661199092865,0.9169435501098633,0.581506073474884
YNL259C,YPL096C-A,0,-6.699922,0.1361842155456543,0.9169435501098633,0.5816168189048767
YKR066C,YMR298W,0,-6.700209,0.13616181910037994,0.9169435501098633,0.5817275643348694
YPR154W,YHR060W,0,-6.700289,0.1361394226551056,0.9169435501098633,0.5818383097648621
YBR243C,YMR280C,0,-6.700393,0.13611704111099243,0.9169435501098633,0.5819490551948547
YJL018W,YGL045W,0,-6.7005897,0.13609467446804047,0.9169435501098633,0.5820598006248474
YOL059W,YPL237W,0,-6.701002,0.1360723078250885,0.9169435501098633,0.5821705460548401
YBL079W,YGR195W,0,-6.7012997,0.13604995608329773,0.9169435501098633,0.5822812914848328
YGL183C,YBR055C,0,-6.703616,0.13602760434150696,0.9169435501098633,0.5823920369148254
YGR238C,YOR332W,0,-6.7042046,0.1360052525997162,0.9169435501098633,0.5825027823448181
YPL214C,YOR305W,0,-6.7045517,0.1359829157590866,0.9169435501098633,0.5826135277748108
YOR316C,YDR312W,0,-6.705664,0.13596059381961823,0.9169435501098633,0.5827242732048035
YLR391W,YOL135C,0,-6.7057204,0.13593827188014984,0.9169435501098633,0.5828350186347961
YCR071C,YIL056W,0,-6.707293,0.13591594994068146,0.9169435501098633,0.5829457640647888
YML080W,YMR298W,0,-6.707721,0.13589364290237427,0.9169435501098633,0.5830564498901367
YGL115W,YDR365W-A,0,-6.708293,0.13587135076522827,0.9169435501098633,0.5831671953201294
YOL130W,YEL004W,0,-6.708518,0.13584905862808228,0.9169435501098633,0.5832779407501221
YPL243W,YML098W,0,-6.7090077,0.13582676649093628,0.9169435501098633,0.5833886861801147
YOR058C,YBR131W,0,-6.710262,0.13580448925495148,0.9169435501098633,0.5834994316101074
YDR517W,YGR152C,0,-6.7106767,0.13578222692012787,0.9169435501098633,0.5836101770401001
YNL118C,YIL037C,0,-6.7107277,0.13575996458530426,0.9169435501098633,0.5837209224700928
YGR188C,YCR037C,0,-6.7110286,0.13573770225048065,0.9169435501098633,0.5838316679000854
YPL146C,YOR027W,0,-6.7110395,0.13571545481681824,0.9169435501098633,0.5839424133300781
YDR138W,YOL094C,0,-6.7113805,0.13569322228431702,0.9169435501098633,0.5840531587600708
YDR473C,YJL025W,0,-6.7115464,0.1356709748506546,0.9169435501098633,0.5841639041900635
YNL149C,YBR083W,0,-6.7116103,0.13564875721931458,0.9169435501098633,0.5842746496200562
YER154W,YLR134W,0,-6.713055,0.13562653958797455,0.9169435501098633,0.5843853950500488
YLR429W,YIL150C,0,-6.71326,0.13560432195663452,0.9169435501098633,0.5844961404800415
YDL014W,YHR165C,0,-6.7133293,0.1355821192264557,0.9169435501098633,0.5846068859100342
YBR278W,YJL156C,0,-6.7144046,0.13555991649627686,0.9169435501098633,0.5847176313400269
YHR031C,YGR211W,0,-6.714582,0.13553772866725922,0.9169435501098633,0.5848283767700195
YAL055W,YMR260C,0,-6.714594,0.13551554083824158,0.9169435501098633,0.5849390625953674
YJL080C,YGR161W-A,0,-6.71475,0.13549336791038513,0.9169435501098633,0.5850498080253601
YBL099W,YFL013C,0,-6.7152586,0.13547120988368988,0.9169435501098633,0.5851605534553528
YBL099W,YCR014C,0,-6.715406,0.13544903695583344,0.9169435501098633,0.5852712988853455
YDR182W,YGR118W,0,-6.7160993,0.13542689383029938,0.9169435501098633,0.5853820443153381
YPR133C,YKL075C,0,-6.716475,0.13540473580360413,0.9169435501098633,0.5854927897453308
YCL008C,YIL017W,1,-6.718524,0.13554610311985016,0.9180509448051453,0.5854927897453308
YPL096W,YIL017W,1,-6.718619,0.1356874257326126,0.9191583395004272,0.5854927897453308
YOL051W,YDR416W,0,-6.7196307,0.13566525280475616,0.9191583395004272,0.5856035351753235
YPL227C,YNL245C,0,-6.7199497,0.13564307987689972,0.9191583395004272,0.5857142806053162
YNL246W,YBL100W-B,0,-6.720839,0.13562092185020447,0.9191583395004272,0.5858250260353088
YLR170C,YLR424W,0,-6.721439,0.13559876382350922,0.9191583395004272,0.5859357714653015
YHR065C,YER103W,0,-6.721894,0.13557660579681396,0.9191583395004272,0.5860465168952942
YML012W,YJR059W,0,-6.722472,0.1355544626712799,0.9191583395004272,0.5861572623252869
YNL135C,YIL150C,0,-6.723354,0.13553233444690704,0.9191583395004272,0.5862680077552795
YER025W,YIR009W,0,-6.723396,0.13551020622253418,0.9191583395004272,0.5863787531852722
YLR330W,YER018C,0,-6.7234106,0.13548807799816132,0.9191583395004272,0.5864894986152649
YJL204C,YJL141C,0,-6.723826,0.13546596467494965,0.9191583395004272,0.5866002440452576
YDL013W,YBR185C,0,-6.723981,0.13544386625289917,0.9191583395004272,0.5867109894752502
YPL174C,YNL129W,0,-6.7244425,0.1354217678308487,0.9191583395004272,0.5868217349052429
YDR216W,YLR391W,0,-6.7253003,0.13539966940879822,0.9191583395004272,0.5869324207305908
YNL094W,YIL115C,0,-6.725412,0.13537758588790894,0.9191583395004272,0.5870431661605835
YGL090W,YIL063C,0,-6.7260575,0.13535551726818085,0.9191583395004272,0.5871539115905762
YOL067C,YOL097C,0,-6.7266583,0.13533344864845276,0.9191583395004272,0.5872646570205688
YLR337W,YDR285W,0,-6.7284946,0.13531138002872467,0.9191583395004272,0.5873754024505615
YGL071W,YHR099W,0,-6.7286696,0.13528932631015778,0.9191583395004272,0.5874861478805542
YMR239C,YDR082W,0,-6.729259,0.13526727259159088,0.9191583395004272,0.5875968933105469
YMR172W,YGL226C-A,0,-6.730012,0.13524523377418518,0.9191583395004272,0.5877076387405396
YHR039C,YOL067C,0,-6.730318,0.13522319495677948,0.9191583395004272,0.5878183841705322
YHL003C,YGL039W,0,-6.73049,0.13520117104053497,0.9191583395004272,0.5879291296005249
YCR020W-B,YPL210C,0,-6.730677,0.13517914712429047,0.9191583395004272,0.5880398750305176
YOR058C,YDR460W,0,-6.7310896,0.13515713810920715,0.9191583395004272,0.5881506204605103
YOR305W,YPL060C-A,0,-6.7313395,0.13513512909412384,0.9191583395004272,0.5882613658905029
YEL009C,YLR181C,0,-6.7319655,0.13511313498020172,0.9191583395004272,0.5883721113204956
YDR264C,YOR081C,0,-6.732238,0.1350911408662796,0.9191583395004272,0.5884828567504883
YLR134W,YGR002C,0,-6.732402,0.13506916165351868,0.9191583395004272,0.588593602180481
YLR034C,YBR162C,0,-6.733117,0.13504718244075775,0.9191583395004272,0.5887043476104736
YJL191W,YKL212W,0,-6.7339416,0.13502521812915802,0.9191583395004272,0.5888150334358215
YOR039W,YIL173W,0,-6.733962,0.1350032538175583,0.9191583395004272,0.5889257788658142
YML080W,YEL015W,0,-6.7344003,0.13498130440711975,0.9191583395004272,0.5890365242958069
YMR208W,YCL019W,0,-6.7377653,0.1349593549966812,0.9191583395004272,0.5891472697257996
YGR007W,YBL079W,0,-6.738397,0.13493740558624268,0.9191583395004272,0.5892580151557922
YPL121C,YML034W,0,-6.739091,0.13491547107696533,0.9191583395004272,0.5893687605857849
YKL055C,YJL179W,0,-6.7393627,0.13489355146884918,0.9191583395004272,0.5894795060157776
YOR178C,YML131W,0,-6.73983,0.13487163186073303,0.9191583395004272,0.5895902514457703
YHR086W,YJL208C,0,-6.7404094,0.13484971225261688,0.9191583395004272,0.5897009968757629
YJL194W,YCL003W,0,-6.740695,0.13482780754566193,0.9191583395004272,0.5898117423057556
YCR014C,YDL188C,0,-6.740783,0.13480591773986816,0.9191583395004272,0.5899224877357483
YBR210W,YKL082C,0,-6.740972,0.1347840279340744,0.9191583395004272,0.590033233165741
YLR391W,YOL033W,0,-6.742286,0.13476213812828064,0.9191583395004272,0.5901439785957336
YMR042W,YOL124C,0,-6.742321,0.13474026322364807,0.9191583395004272,0.5902547240257263
YLR170C,YPR179C,0,-6.742541,0.1347183883190155,0.9191583395004272,0.590365469455719
YFR019W,YMR016C,0,-6.7436028,0.13469652831554413,0.9191583395004272,0.5904762148857117
YIL026C,YGR161W-A,0,-6.7444167,0.13467466831207275,0.9191583395004272,0.5905869603157043
YOL130W,YPL012W,0,-6.745665,0.13465282320976257,0.9191583395004272,0.5906976461410522
YDR182W,YIR019C,0,-6.745774,0.1346309781074524,0.9191583395004272,0.5908083915710449
YDR254W,YDR016C,0,-6.746531,0.1346091479063034,0.9191583395004272,0.5909191370010376
YPR179C,YOR254C,0,-6.74763,0.13458731770515442,0.9191583395004272,0.5910298824310303
YKL084W,YDR178W,0,-6.7483273,0.13456550240516663,0.9191583395004272,0.591140627861023
YFL024C,YMR218C,0,-6.7496314,0.13454368710517883,0.9191583395004272,0.5912513732910156
YDR236C,YIL016W,0,-6.7497797,0.13452188670635223,0.9191583395004272,0.5913621187210083
YGR244C,YJR049C,0,-6.750874,0.13450008630752563,0.9191583395004272,0.591472864151001
YDR178W,YML034W,0,-6.751059,0.13447828590869904,0.9191583395004272,0.5915836095809937
YLL009C,YGR098C,0,-6.7513003,0.13445650041103363,0.9191583395004272,0.5916943550109863
YGR161W-A,YPL060C-A,0,-6.7515264,0.13443472981452942,0.9191583395004272,0.591805100440979
YDR324C,YOR332W,0,-6.7515674,0.1344129592180252,0.9191583395004272,0.5919158458709717
YPL202C,YGL191W,0,-6.752189,0.134391188621521,0.9191583395004272,0.5920265913009644
YOL127W,YDL235C,0,-6.752346,0.13436943292617798,0.9191583395004272,0.592137336730957
YMR042W,YAR002C-A,0,-6.7526946,0.13434769213199615,0.9191583395004272,0.5922480821609497
YPL204W,YLR034C,0,-6.7533355,0.13432593643665314,0.9191583395004272,0.5923588275909424
YKR082W,YDR198C,0,-6.7536745,0.1343042105436325,0.9191583395004272,0.5924695730209351
YHR026W,YIL037C,0,-6.7539816,0.13428248465061188,0.9191583395004272,0.592580258846283
YGL094C,YLR154C,0,-6.754087,0.13426075875759125,0.9191583395004272,0.5926910042762756
YPR083W,YDR013W,0,-6.7541356,0.1342390477657318,0.9191583395004272,0.5928017497062683
YML095C,YDR178W,0,-6.7546763,0.13421733677387238,0.9191583395004272,0.592912495136261
YLR242C,YMR134W,0,-6.754824,0.13419564068317413,0.9191583395004272,0.5930232405662537
YOR381W,YJL210W,0,-6.755581,0.1341739445924759,0.9191583395004272,0.5931339859962463
YLR242C,YGR161W-A,0,-6.7556596,0.13415224850177765,0.9191583395004272,0.593244731426239
YGL195W,YOR103C,0,-6.755727,0.1341305822134018,0.9191583395004272,0.5933554768562317
YER013W,YPL235W,0,-6.7563386,0.13410890102386475,0.9191583395004272,0.5934662222862244
YLR391W,YOR119C,0,-6.7584615,0.1340872347354889,0.9191583395004272,0.593576967716217
YCR020W-B,YHL009C,0,-6.758944,0.13406558334827423,0.9191583395004272,0.5936877131462097
YJL194W,YGR009C,0,-6.759008,0.13404393196105957,0.9191583395004272,0.5937984585762024
YGL174W,YNL126W,0,-6.7594733,0.1340222805738449,0.9191583395004272,0.5939092040061951
YMR208W,YPR154W,0,-6.7600994,0.13400064408779144,0.9191583395004272,0.5940199494361877
YBL009W,YGL090W,0,-6.7601066,0.13397902250289917,0.9191583395004272,0.5941306948661804
YGL210W,YOR087W,0,-6.7604184,0.1339573860168457,0.9191583395004272,0.5942414402961731
YPL204W,YMR045C,0,-6.7605977,0.13393577933311462,0.9191583395004272,0.5943521857261658
YML062C,YCL019W,0,-6.7616057,0.13391417264938354,0.9191583395004272,0.5944629311561584
YLR098C,YER118C,0,-6.761653,0.13389256596565247,0.9191583395004272,0.5945736169815063
YML060W,YFL058W,0,-6.763163,0.13387097418308258,0.9191583395004272,0.594684362411499
YGL209W,YMR080C,0,-6.763369,0.1338493824005127,0.9191583395004272,0.5947951078414917
YOL026C,YER154W,0,-6.7634864,0.1338277906179428,0.9191583395004272,0.5949058532714844
YLR303W,YGL112C,0,-6.7635026,0.1338062286376953,0.9191583395004272,0.595016598701477
YEL009C,YMR305C,0,-6.76425,0.13378465175628662,0.9191583395004272,0.5951273441314697
YAR014C,YPL026C,0,-6.7646585,0.13376308977603912,0.9191583395004272,0.5952380895614624
YPL265W,YNL004W,0,-6.7648406,0.13374154269695282,0.9191583395004272,0.5953488349914551
YOL042W,YFL002W-A,0,-6.7649207,0.13371999561786652,0.9191583395004272,0.5954595804214478
YHR055C,YHR006W,0,-6.765489,0.1336984485387802,0.9191583395004272,0.5955703258514404
YLR376C,YPL063W,0,-6.765728,0.1336769163608551,0.9191583395004272,0.5956810712814331
YCL003W,YOL094C,0,-6.766568,0.1336553990840912,0.9191583395004272,0.5957918167114258
YGR231C,YNL279W,0,-6.7669625,0.13363388180732727,0.9191583395004272,0.5959025621414185
YNL279W,YHR214C-C,0,-6.7676826,0.13361236453056335,0.9191583395004272,0.5960133075714111
YPL237W,YOR008C-A,0,-6.7683015,0.13359086215496063,0.9191583395004272,0.5961240530014038
YML080W,YMR212C,0,-6.768409,0.1335693597793579,0.9191583395004272,0.5962347984313965
YJL194W,YMR140W,0,-6.7686505,0.13354787230491638,0.9191583395004272,0.5963455438613892
YPL097W,YHR026W,0,-6.7687163,0.13352638483047485,0.9191583395004272,0.5964562296867371
YDL013W,YCL003W,0,-6.7688794,0.13350491225719452,0.9191583395004272,0.5965669751167297
YDR311W,YIL082W-A,0,-6.768889,0.13348343968391418,0.9191583395004272,0.5966777205467224
YEL036C,YGR082W,0,-6.7690587,0.13346196711063385,0.9191583395004272,0.5967884659767151
YPL121C,YMR239C,0,-6.7690673,0.1334405094385147,0.9191583395004272,0.5968992114067078
YLR330W,YER173W,0,-6.7693267,0.13341906666755676,0.9191583395004272,0.5970099568367004
YLR043C,YNL246W,0,-6.7698135,0.13339762389659882,0.9191583395004272,0.5971207022666931
YFL058W,YLR337W,0,-6.770449,0.13337618112564087,0.9191583395004272,0.5972314476966858
YDR443C,YKR059W,0,-6.770468,0.13335475325584412,0.9191583395004272,0.5973421931266785
YDR284C,YPR158C-D,0,-6.770687,0.13333334028720856,0.9191583395004272,0.5974529385566711
YPL078C,YJL214W,0,-6.7712235,0.1333119124174118,0.9191583395004272,0.5975636839866638
YER165W,YOR119C,0,-6.772,0.13329051434993744,0.9191583395004272,0.5976744294166565
YOR328W,YGR212W,0,-6.7723393,0.13326910138130188,0.9191583395004272,0.5977851748466492
YDR182W,YNR032C-A,0,-6.772759,0.1332477182149887,0.9191583395004272,0.5978959202766418
YPL100W,YDR365W-A,0,-6.7729416,0.13322632014751434,0.9191583395004272,0.5980066657066345
YMR042W,YLR386W,0,-6.773599,0.13320493698120117,0.9191583395004272,0.5981174111366272
YBR159W,YKL170W,0,-6.7738223,0.1331835687160492,0.9191583395004272,0.5982281565666199
YDR508C,YLR163C,0,-6.774138,0.13316220045089722,0.9191583395004272,0.5983388423919678
YLR032W,YMR045C,0,-6.774344,0.13314084708690643,0.9191583395004272,0.5984495878219604
YMR128W,YNR048W,0,-6.7744217,0.13311949372291565,0.9191583395004272,0.5985603332519531
YJR031C,YNL055C,0,-6.774715,0.13309814035892487,0.9191583395004272,0.5986710786819458
YGL191W,YCL003W,0,-6.774737,0.13307680189609528,0.9191583395004272,0.5987818241119385
YOR109W,YDR086C,0,-6.7750773,0.13305546343326569,0.9191583395004272,0.5988925695419312
YAL055W,YLR043C,0,-6.775845,0.1330341398715973,0.9191583395004272,0.5990033149719238
YCL051W,YGR180C,0,-6.7759376,0.1330128163099289,0.9191583395004272,0.5991140604019165
YDL200C,YNL099C,0,-6.7763414,0.1329915076494217,0.9191583395004272,0.5992248058319092
YDR317W,YJL018W,0,-6.7767525,0.1329701989889145,0.9191583395004272,0.5993355512619019
YPR167C,YAL001C,0,-6.777036,0.13294890522956848,0.9191583395004272,0.5994462966918945
YIL002C,YIL101C,0,-6.7776127,0.13292761147022247,0.9191583395004272,0.5995570421218872
YPL190C,YMR216C,0,-6.778695,0.13290631771087646,0.9191583395004272,0.5996677875518799
YAR008W,YOR195W,0,-6.7791486,0.13288505375385284,0.9191583395004272,0.5997785329818726
YML098W,YGR251W,0,-6.779761,0.13286377489566803,0.9191583395004272,0.5998892784118652
YPR165W,YOR140W,0,-6.7800307,0.1328425109386444,0.9191583395004272,0.6000000238418579
YFL024C,YHR031C,0,-6.7801194,0.1328212469816208,0.9191583395004272,0.6001107692718506
YJL102W,YDR481C,0,-6.780392,0.13279999792575836,0.9191583395004272,0.6002214550971985
YOL086C,YOR195W,0,-6.78106,0.13277874886989594,0.9191583395004272,0.6003322005271912
YGR007W,YGL205W,0,-6.7813025,0.1327575147151947,0.9191583395004272,0.6004429459571838
YBR118W,YNL241C,0,-6.78196,0.13273628056049347,0.9191583395004272,0.6005536913871765
YPL059W,YDL081C,0,-6.782102,0.13271506130695343,0.9191583395004272,0.6006644368171692
YOR079C,YLR222C,0,-6.7821445,0.1326938420534134,0.9191583395004272,0.6007751822471619
YFR053C,YLR052W,0,-6.783629,0.13267263770103455,0.9191583395004272,0.6008859276771545
YPL268W,YLR337W,0,-6.7838135,0.1326514333486557,0.9191583395004272,0.6009966731071472
YDR256C,YLR337W,0,-6.7840424,0.13263022899627686,0.9191583395004272,0.6011074185371399
YOR039W,YGR256W,0,-6.784303,0.1326090395450592,0.9191583395004272,0.6012181639671326
YNL232W,YBR237W,0,-6.784403,0.13258786499500275,0.9191583395004272,0.6013289093971252
YMR208W,YER019W,0,-6.784563,0.1325666755437851,0.9191583395004272,0.6014396548271179
YFL025C,YDR306C,1,-6.784687,0.1327052116394043,0.920265793800354,0.6014396548271179
YML012W,YJL089W,0,-6.7856407,0.13268402218818665,0.920265793800354,0.6015504002571106
YMR204C,YLR337W,0,-6.7867084,0.132662832736969,0.920265793800354,0.6016611456871033
YBR210W,YKL084W,0,-6.786779,0.13264165818691254,0.920265793800354,0.601771891117096
YOL086C,YMR204C,0,-6.786783,0.13262049853801727,0.920265793800354,0.6018826365470886
YLR459W,YCR014C,0,-6.786861,0.13259932398796082,0.920265793800354,0.6019933819770813
YDL031W,YCR026C,0,-6.7869477,0.13257817924022675,0.920265793800354,0.6021040678024292
YKL212W,YLR337W,0,-6.7872667,0.13255701959133148,0.920265793800354,0.6022148132324219
YLR354C,YDR365W-A,0,-6.788153,0.1325358897447586,0.920265793800354,0.6023255586624146
YJL042W,YOR089C,0,-6.788382,0.13251474499702454,0.920265793800354,0.6024363040924072
YOR178C,YGL205W,0,-6.7888675,0.13249361515045166,0.920265793800354,0.6025470495223999
YER013W,YLR447C,0,-6.790475,0.13247250020503998,0.920265793800354,0.6026577949523926
YAL041W,YPL233W,0,-6.790482,0.1324513852596283,0.920265793800354,0.6027685403823853
YKL134C,YBL050W,0,-6.790654,0.1324302852153778,0.920265793800354,0.6028792858123779
YNL292W,YEL004W,0,-6.7908053,0.13240918517112732,0.920265793800354,0.6029900312423706
YML055W,YDR086C,0,-6.7919087,0.13238808512687683,0.920265793800354,0.6031007766723633
YDR503C,YIL016W,0,-6.7925,0.13236699998378754,0.920265793800354,0.603211522102356
YER183C,YDL235C,0,-6.793031,0.13234591484069824,0.920265793800354,0.6033222675323486
YBR161W,YLR337W,0,-6.793116,0.13232484459877014,0.920265793800354,0.6034330129623413
YKL084W,YDR460W,0,-6.793936,0.13230377435684204,0.920265793800354,0.603543758392334
YKL002W,YDR069C,1,-6.7940407,0.13244189321994781,0.921373188495636,0.603543758392334
YLR060W,YLL031C,0,-6.794256,0.13242082297801971,0.921373188495636,0.6036545038223267
YGL211W,YLR222C,0,-6.794481,0.1323997527360916,0.921373188495636,0.6037652492523193
YBR082C,YIL017W,1,-6.795182,0.13253778219223022,0.9224806427955627,0.6037652492523193
YPL015C,YPR041W,0,-6.795387,0.13251669704914093,0.9224806427955627,0.603875994682312
YML081C-A,YDL164C,0,-6.7954707,0.13249562680721283,0.9224806427955627,0.6039867401123047
YDR037W,YKL188C,0,-6.796068,0.13247455656528473,0.9224806427955627,0.6040974259376526
YGR256W,YMR087W,0,-6.796075,0.13245348632335663,0.9224806427955627,0.6042081713676453
YLR418C,YPL231W,0,-6.796135,0.13243243098258972,0.9224806427955627,0.6043189167976379
YAL068C,YJR028W,0,-6.796435,0.13241137564182281,0.9224806427955627,0.6044296622276306
YKL004W,YPR191W,0,-6.7974043,0.1323903352022171,0.9224806427955627,0.6045404076576233
YGL084C,YLR425W,0,-6.7975883,0.1323692947626114,0.9224806427955627,0.604651153087616
YGL070C,YDR416W,0,-6.7977467,0.13234826922416687,0.9224806427955627,0.6047618985176086
YLR154C,YPL234C,0,-6.7991805,0.13232724368572235,0.9224806427955627,0.6048726439476013
YLR386W,YGL039W,0,-6.7996907,0.13230623304843903,0.9224806427955627,0.604983389377594
YLL061W,YHR050W,0,-6.799768,0.1322852224111557,0.9224806427955627,0.6050941348075867
YIL095W,YOR340C,0,-6.8000364,0.13226421177387238,0.9224806427955627,0.6052048802375793
YBR243C,YJL128C,0,-6.8001966,0.13224321603775024,0.9224806427955627,0.605315625667572
YOL149W,YNL135C,0,-6.800287,0.1322222203016281,0.9224806427955627,0.6054263710975647
YKL149C,YBL093C,0,-6.800616,0.13220123946666718,0.9224806427955627,0.6055371165275574
YMR305C,YJR141W,0,-6.801234,0.13218025863170624,0.9224806427955627,0.60564786195755
YDL192W,YGL181W,0,-6.8012433,0.1321592926979065,0.9224806427955627,0.6057586073875427
YCL051W,YOR373W,0,-6.8012486,0.13213832676410675,0.9224806427955627,0.6058693528175354
YEL036C,YPR037C,0,-6.801941,0.132117360830307,0.9224806427955627,0.6059800386428833
YML080W,YML098W,0,-6.803781,0.13209640979766846,0.9224806427955627,0.606090784072876
YKL213C,YIL017W,1,-6.804956,0.13223402202129364,0.9235880374908447,0.606090784072876
YFL024C,YJL080C,0,-6.805504,0.1322130560874939,0.9235880374908447,0.6062015295028687
YBR185C,YDR198C,0,-6.805621,0.13219210505485535,0.9235880374908447,0.6063122749328613
YOL130W,YOR332W,0,-6.806681,0.1321711540222168,0.9235880374908447,0.606423020362854
YDR284C,YOR081C,0,-6.8068233,0.13215021789073944,0.9235880374908447,0.6065337657928467
YIL115C,YDR470C,0,-6.8071885,0.13212928175926208,0.9235880374908447,0.6066445112228394
YGR152C,YOL129W,0,-6.808008,0.13210834562778473,0.9235880374908447,0.606755256652832
YGL183C,YER019C-A,0,-6.808434,0.13208742439746857,0.9235880374908447,0.6068660020828247
YBL084C,YLR025W,1,-6.808745,0.13222485780715942,0.9246954321861267,0.6068660020828247
YDL227C,YDR198C,0,-6.8098865,0.13220392167568207,0.9246954321861267,0.6069767475128174
YBL009W,YIL056W,0,-6.809936,0.1321830004453659,0.9246954321861267,0.6070874929428101
YHR086W,YHR026W,0,-6.810464,0.13216207921504974,0.9246954321861267,0.6071982383728027
YGR118W,YNL313C,0,-6.810559,0.13214115798473358,0.9246954321861267,0.6073089838027954
YGR098C,YJL112W,0,-6.8106284,0.1321202516555786,0.9246954321861267,0.6074197292327881
YFR052W,YIL017W,1,-6.810703,0.13225755095481873,0.9258028864860535,0.6074197292327881
YKL182W,YHR152W,0,-6.810836,0.13223662972450256,0.9258028864860535,0.6075304746627808
YJR145C,YGR211W,0,-6.8119435,0.1322157233953476,0.9258028864860535,0.6076412200927734
YER183C,YDL159W,0,-6.8123236,0.13219481706619263,0.9258028864860535,0.6077519655227661
YBR159W,YOR103C,0,-6.812972,0.13217391073703766,0.9258028864860535,0.607862651348114
YGL090W,YCL044C,0,-6.8129783,0.13215301930904388,0.9258028864860535,0.6079733967781067
YPR179C,YPR036W,0,-6.813747,0.1321321278810501,0.9258028864860535,0.6080841422080994
YOR061W,YMR075W,0,-6.8139744,0.13211125135421753,0.9258028864860535,0.608194887638092
YDR060W,YML104C,0,-6.814627,0.13209037482738495,0.9258028864860535,0.6083056330680847
YFL025C,YIL017W,1,-6.8160214,0.13222749531269073,0.9269102811813354,0.6083056330680847
YDR122W,YGR180C,0,-6.816852,0.13220660388469696,0.9269102811813354,0.6084163784980774
YDL188C,YFR037C,0,-6.817914,0.13218572735786438,0.9269102811813354,0.6085271239280701
YNR010W,YDL227C,0,-6.817987,0.1321648508310318,0.9269102811813354,0.6086378693580627
YBR023C,YLR435W,0,-6.819361,0.1321439892053604,0.9269102811813354,0.6087486147880554
YJR013W,YPR191W,0,-6.8195615,0.13212312757968903,0.9269102811813354,0.6088593602180481
YLR391W,YMR305C,0,-6.819613,0.13210226595401764,0.9269102811813354,0.6089701056480408
YBL093C,YIL101C,0,-6.819636,0.13208141922950745,0.9269102811813354,0.6090808510780334
YOR359W,YCR062W,0,-6.819843,0.13206058740615845,0.9269102811813354,0.6091915965080261
YIL112W,YNL012W,0,-6.8199525,0.13203975558280945,0.9269102811813354,0.6093023419380188
YOR279C,YDR324C,0,-6.8206897,0.13201892375946045,0.9269102811813354,0.6094130873680115
YCR020W-B,YNL279W,0,-6.8207817,0.13199810683727264,0.9269102811813354,0.6095238327980042
YGR098C,YGR099W,0,-6.820993,0.13197728991508484,0.9269102811813354,0.6096345782279968
YDR317W,YJR028W,0,-6.8217216,0.13195648789405823,0.9269102811813354,0.6097452640533447
YHR092C,YBR055C,0,-6.8220534,0.13193568587303162,0.9269102811813354,0.6098560094833374
YER019W,YHR006W,0,-6.822563,0.1319148987531662,0.9269102811813354,0.6099667549133301
YCR055C,YPL218W,0,-6.8229537,0.13189411163330078,0.9269102811813354,0.6100775003433228
YOL135C,YKL043W,0,-6.8229604,0.13187332451343536,0.9269102811813354,0.6101882457733154
YPL234C,YKR053C,0,-6.823555,0.13185255229473114,0.9269102811813354,0.6102989912033081
YDR198C,YDR388W,0,-6.8238654,0.13183178007602692,0.9269102811813354,0.6104097366333008
YBR185C,YML131W,0,-6.823932,0.1318110227584839,0.9269102811813354,0.6105204820632935
YNL282W,YGR161W-A,0,-6.824313,0.13179026544094086,0.9269102811813354,0.6106312274932861
YJR105W,YDR245W,0,-6.825256,0.13176952302455902,0.9269102811813354,0.6107419729232788
YBL009W,YGR239C,0,-6.8254714,0.13174878060817719,0.9269102811813354,0.6108527183532715
YDR423C,YOL028C,0,-6.8255267,0.13172803819179535,0.9269102811813354,0.6109634637832642
YGL183C,YPR036W,0,-6.826045,0.1317073106765747,0.9269102811813354,0.6110742092132568
YER149C,YLR130C,0,-6.8265414,0.13168659806251526,0.9269102811813354,0.6111849546432495
YNL282W,YPL060C-A,0,-6.8266826,0.1316658854484558,0.9269102811813354,0.6112957000732422
YMR004W,YGR159C,0,-6.827481,0.13164517283439636,0.9269102811813354,0.6114064455032349
YHR086W,YCL075W,0,-6.8276334,0.1316244751214981,0.9269102811813354,0.6115171909332275
YAL068C,YGL212W,0,-6.828106,0.13160377740859985,0.9269102811813354,0.6116279363632202
YBL097W,YOR359W,0,-6.8285217,0.1315830796957016,0.9269102811813354,0.6117386221885681
YMR212C,YNL054W,0,-6.828961,0.13156239688396454,0.9269102811813354,0.6118493676185608
YMR247C,YOL097C,0,-6.8293443,0.13154172897338867,0.9269102811813354,0.6119601130485535
YJL071W,YJR070C,0,-6.83094,0.1315210610628128,0.9269102811813354,0.6120708584785461
YPR201W,YGL226C-A,0,-6.831011,0.13150039315223694,0.9269102811813354,0.6121816039085388
YDR335W,YOR008C-A,0,-6.832523,0.13147974014282227,0.9269102811813354,0.6122923493385315
YCR107W,YOL012C,0,-6.8327622,0.1314590871334076,0.9269102811813354,0.6124030947685242
YBL084C,YOL038W,1,-6.834348,0.13159547746181488,0.9280177354812622,0.6124030947685242
YLR163C,YBR037C,0,-6.8344946,0.131574809551239,0.9280177354812622,0.6125138401985168
YOR074C,YOL124C,0,-6.836889,0.13155415654182434,0.9280177354812622,0.6126245856285095
YLR210W,YMR234W,0,-6.8371778,0.13153351843357086,0.9280177354812622,0.6127353310585022
YOL008W,YLL011W,0,-6.8372073,0.1315128654241562,0.9280177354812622,0.6128460764884949
YDR412W,YGR042W,0,-6.8373632,0.1314922273159027,0.9280177354812622,0.6129568219184875
YDR470C,YPR158W-B,0,-6.8373737,0.13147160410881042,0.9280177354812622,0.6130675673484802
YDR071C,YCR060W,0,-6.8378415,0.13145098090171814,0.9280177354812622,0.6131783127784729
YJL025W,YHR214C-C,0,-6.8379583,0.13143035769462585,0.9280177354812622,0.6132890582084656
YML031W,YKL075C,0,-6.8381567,0.13140974938869476,0.9280177354812622,0.6133998036384583
YLR391W,YPR036W,0,-6.8387775,0.13138915598392487,0.9280177354812622,0.6135105490684509
YOR178C,YFL002W-A,0,-6.838797,0.13136854767799377,0.9280177354812622,0.6136212348937988
YNL012W,YHR152W,0,-6.839497,0.13134796917438507,0.9280177354812622,0.6137319803237915
YGR257C,YHR070W,0,-6.840676,0.13132737576961517,0.9280177354812622,0.6138427257537842
YGL201C,YDR416W,0,-6.8407097,0.13130679726600647,0.9280177354812622,0.6139534711837769
YEL034W,YOL006C,0,-6.8410516,0.13128623366355896,0.9280177354812622,0.6140642166137695
YLR189C,YOR008C-A,0,-6.842306,0.13126567006111145,0.9280177354812622,0.6141749620437622
YDR264C,YMR045C,0,-6.8423753,0.13124510645866394,0.9280177354812622,0.6142857074737549
YLL019C,YGR152C,0,-6.842566,0.13122455775737762,0.9280177354812622,0.6143964529037476
YPL061W,YGR098C,0,-6.8428397,0.1312040090560913,0.9280177354812622,0.6145071983337402
YEL061C,YKL049C,0,-6.8433366,0.1311834752559662,0.9280177354812622,0.6146179437637329
YAR002W,YLL016W,0,-6.8436813,0.13116294145584106,0.9280177354812622,0.6147286891937256
YOR150W,YER123W,0,-6.8438783,0.13114240765571594,0.9280177354812622,0.6148394346237183
YLR155C,YML131W,0,-6.844027,0.13112188875675201,0.9280177354812622,0.6149501800537109
YGL070C,YDR365W-A,0,-6.844305,0.13110136985778809,0.9280177354812622,0.6150609254837036
YJR135C,YPR167C,0,-6.8447385,0.13108086585998535,0.9280177354812622,0.6151716709136963
YLR060W,YNL241C,0,-6.845538,0.13106036186218262,0.9280177354812622,0.615282416343689
YPL218W,YML115C,0,-6.8460565,0.13103987276554108,0.9280177354812622,0.6153931617736816
YJL018W,YGL205W,0,-6.84743,0.13101938366889954,0.9280177354812622,0.6155038475990295
YPL275W,YIL112W,0,-6.8481007,0.1309989094734192,0.9280177354812622,0.6156145930290222
YBL099W,YLR060W,0,-6.848468,0.13097843527793884,0.9280177354812622,0.6157253384590149
YJL013C,YKL082C,0,-6.848647,0.1309579610824585,0.9280177354812622,0.6158360838890076
YHR042W,YPL060C-A,0,-6.848707,0.13093750178813934,0.9280177354812622,0.6159468293190002
YGL226C-A,YPR137W,0,-6.8493104,0.1309170424938202,0.9280177354812622,0.6160575747489929
YLR418C,YKL084W,0,-6.849897,0.13089659810066223,0.9280177354812622,0.6161683201789856
YKL022C,YIL017W,1,-6.850513,0.131032332777977,0.9291251301765442,0.6161683201789856
YGR135W,YIL017W,1,-6.850544,0.13116802275180817,0.930232584476471,0.6161683201789856
YDR054C,YKL002W,1,-6.851183,0.13130366802215576,0.9313399791717529,0.6161683201789856
YOR018W,YLR337W,0,-6.8523097,0.13128317892551422,0.9313399791717529,0.6162790656089783
YCL003W,YPL063W,0,-6.85394,0.1312626749277115,0.9313399791717529,0.616389811038971
YGL209W,YGR002C,0,-6.8544536,0.13124220073223114,0.9313399791717529,0.6165005564689636
YOR036W,YCR060W,0,-6.8556848,0.1312217265367508,0.9313399791717529,0.6166113018989563
YJR074W,YOL028C,0,-6.8565063,0.13120125234127045,0.9313399791717529,0.616722047328949
YGL257C,YPL243W,0,-6.8565226,0.1311807781457901,0.9313399791717529,0.6168327927589417
YIL008W,YHL009C,0,-6.857014,0.13116031885147095,0.9313399791717529,0.6169435381889343
YOR113W,YHR031C,0,-6.857358,0.131139874458313,0.9313399791717529,0.617054283618927
YBR217W,YML028W,0,-6.858011,0.13111943006515503,0.9313399791717529,0.6171650290489197
YER173W,YKL214C,0,-6.858997,0.13109898567199707,0.9313399791717529,0.6172757744789124
YKL188C,YGR152C,0,-6.85908,0.1310785561800003,0.9313399791717529,0.6173864603042603
YGR113W,YCR084C,0,-6.8590913,0.13105812668800354,0.9313399791717529,0.6174972057342529
YKL055C,YPL022W,0,-6.8591714,0.13103771209716797,0.9313399791717529,0.6176079511642456
YDR343C,YER005W,0,-6.859261,0.1310172975063324,0.9313399791717529,0.6177186965942383
YOR113W,YHR214C-C,0,-6.8593354,0.13099688291549683,0.9313399791717529,0.617829442024231
YAR014C,YBR020W,0,-6.8598094,0.13097648322582245,0.9313399791717529,0.6179401874542236
YDR236C,YJR028W,0,-6.8602157,0.13095608353614807,0.9313399791717529,0.6180509328842163
YAL031C,YER126C,0,-6.8604875,0.1309356987476349,0.9313399791717529,0.618161678314209
YGR007W,YPR007C,0,-6.860604,0.1309153139591217,0.9313399791717529,0.6182724237442017
YOR244W,YGR078C,0,-6.86124,0.13089494407176971,0.9313399791717529,0.6183831691741943
YGR103W,YOL080C,0,-6.861276,0.13087457418441772,0.9313399791717529,0.618493914604187
YLR394W,YJL208C,0,-6.8623414,0.13085420429706573,0.9313399791717529,0.6186046600341797
YDR378C,YFR037C,0,-6.8640256,0.13083384931087494,0.9313399791717529,0.6187154054641724
YFR036W,YPR108W,1,-6.8640714,0.13096904754638672,0.9324473738670349,0.6187154054641724
YEL050C,YPR182W,0,-6.8647466,0.13094867765903473,0.9324473738670349,0.618826150894165
YDR264C,YPR144C,0,-6.864915,0.13092832267284393,0.9324473738670349,0.6189368963241577
YLR196W,YOR008C-A,0,-6.866186,0.13090795278549194,0.9324473738670349,0.6190476417541504
YJL128C,YIL016W,0,-6.866255,0.13088761270046234,0.9324473738670349,0.6191583871841431
YFL025C,YFL009W,1,-6.866443,0.13102269172668457,0.9335548281669617,0.6191583871841431
YBR161W,YPR036W,0,-6.866615,0.13100233674049377,0.9335548281669617,0.6192691326141357
YDR178W,YJR026W,0,-6.866817,0.13098198175430298,0.9335548281669617,0.6193798184394836
YDL085W,YMR305C,0,-6.866887,0.13096162676811218,0.9335548281669617,0.6194905638694763
YGR261C,YFR037C,0,-6.8669434,0.13094128668308258,0.9335548281669617,0.619601309299469
YPR155C,YJL012C,0,-6.867277,0.13092094659805298,0.9335548281669617,0.6197120547294617
YDL226C,YCR062W,0,-6.867355,0.13090062141418457,0.9335548281669617,0.6198228001594543
YDL197C,YOR046C,0,-6.867748,0.13088029623031616,0.9335548281669617,0.619933545589447
YDR246W,YPR158W-B,0,-6.8678145,0.13085998594760895,0.9335548281669617,0.6200442910194397
YLR060W,YPR165W,0,-6.868159,0.13083967566490173,0.9335548281669617,0.6201550364494324
YGR113W,YPL095C,0,-6.8682857,0.13081936538219452,0.9335548281669617,0.620265781879425
YML127W,YJL089W,0,-6.868681,0.1307990700006485,0.9335548281669617,0.6203765273094177
YDL028C,YML131W,0,-6.8689666,0.13077877461910248,0.9335548281669617,0.6204872727394104
YKL002W,YIL017W,1,-6.869127,0.1309136003255844,0.9346622228622437,0.6204872727394104
YLR248W,YOR359W,0,-6.8693695,0.1308933049440384,0.9346622228622437,0.6205980181694031
YHR165C,YPL060C-A,0,-6.8699565,0.13087300956249237,0.9346622228622437,0.6207087635993958
YOR386W,YLR043C,0,-6.870478,0.13085271418094635,0.9346622228622437,0.6208195090293884
YNL055C,YNL201C,0,-6.870873,0.13083243370056152,0.9346622228622437,0.6209302544593811
YNL202W,YDL159W,0,-6.8709326,0.1308121532201767,0.9346622228622437,0.6210409998893738
YML094W,YPR182W,0,-6.8716106,0.13079187273979187,0.9346622228622437,0.6211517453193665
YKL212W,YKL196C,0,-6.8717284,0.13077160716056824,0.9346622228622437,0.6212624311447144
YKL203C,YIL173W,0,-6.871825,0.1307513564825058,0.9346622228622437,0.621373176574707
YER019W,YHR214C-C,0,-6.872273,0.13073110580444336,0.9346622228622437,0.6214839220046997
YJL179W,YER103W,0,-6.8728833,0.13071085512638092,0.9346622228622437,0.6215946674346924
YML078W,YER018C,0,-6.874166,0.13069061934947968,0.9346622228622437,0.6217054128646851
YER167W,YAL010C,0,-6.8742886,0.13067038357257843,0.9346622228622437,0.6218161582946777
YBR210W,YKL009W,0,-6.8743324,0.13065014779567719,0.9346622228622437,0.6219269037246704
YGR244C,YDL235C,0,-6.8749204,0.13062992691993713,0.9346622228622437,0.6220376491546631
YAL041W,YOL012C,0,-6.8751373,0.13060972094535828,0.9346622228622437,0.6221483945846558
YPL160W,YML034W,0,-6.875496,0.13058951497077942,0.9346622228622437,0.6222591400146484
YPL097W,YEL031W,0,-6.8755746,0.13056930899620056,0.9346622228622437,0.6223698854446411
YPR183W,YPL262W,0,-6.8756604,0.1305491179227829,0.9346622228622437,0.6224806308746338
YKL074C,YNL169C,0,-6.876632,0.13052892684936523,0.9346622228622437,0.6225913763046265
YOL123W,YMR305C,0,-6.877657,0.13050873577594757,0.9346622228622437,0.6227021217346191
YLR384C,YDR365W-A,0,-6.878094,0.1304885596036911,0.9346622228622437,0.6228128671646118
YKL170W,YIL173W,0,-6.8785996,0.13046838343143463,0.9346622228622437,0.6229236125946045
YCR086W,YHR098C,0,-6.878718,0.13044822216033936,0.9346622228622437,0.6230343580245972
YNL101W,YDR404C,0,-6.879048,0.13042806088924408,0.9346622228622437,0.6231450438499451
YKL002W,YHR200W,1,-6.8790603,0.130562424659729,0.9357696771621704,0.6231450438499451
YLL035W,YCL003W,0,-6.8805194,0.13054224848747253,0.9357696771621704,0.6232557892799377
YLL009C,YPR183W,0,-6.880614,0.13052208721637726,0.9357696771621704,0.6233665347099304
YLL016W,YML085C,0,-6.8811584,0.13050192594528198,0.9357696771621704,0.6234772801399231
YNL159C,YGR003W,1,-6.8832927,0.13063620030879974,0.9368770718574524,0.6234772801399231
YPL231W,YER019W,0,-6.8853703,0.13061602413654327,0.9368770718574524,0.6235880255699158
YIL140W,YCR060W,0,-6.8862786,0.130595862865448,0.9368770718574524,0.6236987709999084
YNL245C,YDR036C,0,-6.886288,0.13057570159435272,0.9368770718574524,0.6238095164299011
YIL150C,YBR162C,0,-6.8863053,0.13055555522441864,0.9368770718574524,0.6239202618598938
YDR071C,YNL339C,0,-6.886704,0.13053540885448456,0.9368770718574524,0.6240310072898865
YML078W,YPR182W,0,-6.886804,0.13051527738571167,0.9368770718574524,0.6241417527198792
YKR059W,YPR107C,0,-6.8868985,0.13049514591693878,0.9368770718574524,0.6242524981498718
YHR091C,YDR202C,0,-6.887284,0.1304750144481659,0.9368770718574524,0.6243632435798645
YLR447C,YOL028C,0,-6.8880167,0.1304548978805542,0.9368770718574524,0.6244739890098572
YNL173C,YLR139C,0,-6.8882003,0.1304347813129425,0.9368770718574524,0.6245847344398499
YNL259C,YMR247C,0,-6.888809,0.130414679646492,0.9368770718574524,0.6246954798698425
YNL230C,YIL017W,1,-6.88925,0.13054870069026947,0.9379844665527344,0.6246954798698425
YLR433C,YLR032W,0,-6.8898,0.13052858412265778,0.9379844665527344,0.6248062252998352
YCL003W,YDR285W,0,-6.8898654,0.13050846755504608,0.9379844665527344,0.6249169707298279
YHR060W,YGR211W,0,-6.889898,0.13048836588859558,0.9379844665527344,0.6250276565551758
YPL059W,YCL051W,0,-6.8910785,0.13046826422214508,0.9379844665527344,0.6251384019851685
YGL209W,YNL097C,0,-6.8914447,0.13044817745685577,0.9379844665527344,0.6252491474151611
YDR138W,YKL055C,0,-6.8915153,0.13042809069156647,0.9379844665527344,0.6253598928451538
YDR054C,YPL096W,1,-6.891889,0.1305619776248932,0.9390919208526611,0.6253598928451538
YLR391W,YFR019W,0,-6.8920197,0.1305418759584427,0.9390919208526611,0.6254706382751465
YPR183W,YLR337W,0,-6.8924317,0.1305217742919922,0.9390919208526611,0.6255813837051392
YNL023C,YDR324C,0,-6.892615,0.13050168752670288,0.9390919208526611,0.6256921291351318
YPL275W,YAL010C,0,-6.8926497,0.13048161566257477,0.9390919208526611,0.6258028745651245
YOL008W,YKL170W,0,-6.8938107,0.13046154379844666,0.9390919208526611,0.6259136199951172
YJR150C,YDR404C,0,-6.8939724,0.13044147193431854,0.9390919208526611,0.6260243654251099
YOR112W,YFL002W-A,0,-6.894489,0.13042141497135162,0.9390919208526611,0.6261351108551025
YMR129W,YOL010W,0,-6.8952727,0.1304013580083847,0.9390919208526611,0.6262458562850952
YDL197C,YJR150C,0,-6.895421,0.13038130104541779,0.9390919208526611,0.6263566017150879
YNL232W,YGL212W,0,-6.8954887,0.13036125898361206,0.9390919208526611,0.6264673471450806
YLR361C,YHR214C-C,0,-6.8959584,0.13034121692180634,0.9390919208526611,0.6265780925750732
YPL210C,YLR447C,0,-6.8959584,0.1303211897611618,0.9390919208526611,0.6266888380050659
YFL002W-A,YGR042W,0,-6.8964233,0.13030116260051727,0.9390919208526611,0.6267995834350586
YEL009C,YPL187W,0,-6.896593,0.13028115034103394,0.9390919208526611,0.6269102692604065
YKL043W,YGR195W,0,-6.8970428,0.1302611380815506,0.9390919208526611,0.6270210146903992
YMR035W,YKR059W,0,-6.8973584,0.13024112582206726,0.9390919208526611,0.6271317601203918
YDL051W,YNL177C,0,-6.8976693,0.13022112846374512,0.9390919208526611,0.6272425055503845
YMR016C,YOL129W,0,-6.8979287,0.13020113110542297,0.9390919208526611,0.6273532509803772
YOR120W,YLL031C,0,-6.898561,0.13018114864826202,0.9390919208526611,0.6274639964103699
YCR071C,YEL054C,0,-6.8989973,0.13016116619110107,0.9390919208526611,0.6275747418403625
YLL019C,YOR008C-A,0,-6.8993893,0.13014118373394012,0.9390919208526611,0.6276854872703552
YNR053C,YPL060C-A,0,-6.9004498,0.13012121617794037,0.9390919208526611,0.6277962327003479
YER154W,YOR089C,0,-6.9007716,0.1301012635231018,0.9390919208526611,0.6279069781303406
YDR429C,YPR158C-D,0,-6.901179,0.13008129596710205,0.9390919208526611,0.6280177235603333
YDR378C,YLR130C,0,-6.901467,0.1300613433122635,0.9390919208526611,0.6281284689903259
YER028C,YER149C,0,-6.9017005,0.13004140555858612,0.9390919208526611,0.6282392144203186
YJR150C,YDR365W-A,0,-6.9022517,0.13002146780490875,0.9390919208526611,0.6283499598503113
YJR105W,YDL230W,0,-6.902991,0.13000153005123138,0.9390919208526611,0.628460705280304
YNL135C,YGL211W,0,-6.9031467,0.1299816071987152,0.9390919208526611,0.6285714507102966
YAL055W,YDL159W,0,-6.9033427,0.12996168434619904,0.9390919208526611,0.6286821961402893
YFR033C,YGR129W,0,-6.9039993,0.12994177639484406,0.9390919208526611,0.628792941570282
YAL001C,YOR305W,0,-6.9043317,0.12992186844348907,0.9390919208526611,0.6289036273956299
YNL023C,YHL009C,0,-6.904366,0.1299019604921341,0.9390919208526611,0.6290143728256226
YLR347C,YGL236C,0,-6.9046545,0.1298820674419403,0.9390919208526611,0.6291251182556152
YJL214W,YOL033W,0,-6.9047227,0.12986217439174652,0.9390919208526611,0.6292358636856079
YLR170C,YDR378C,0,-6.905487,0.12984229624271393,0.9390919208526611,0.6293466091156006
YOR373W,YPL234C,0,-6.9057255,0.12982241809368134,0.9390919208526611,0.6294573545455933
YPL214C,YOL124C,0,-6.9063263,0.12980253994464874,0.9390919208526611,0.6295680999755859
YBR201W,YIL017W,1,-6.9070506,0.12993572652339935,0.9401993155479431,0.6295680999755859
YMR047C,YML060W,0,-6.907068,0.12991583347320557,0.9401993155479431,0.6296788454055786
YDL226C,YPR158W-B,0,-6.907293,0.12989595532417297,0.9401993155479431,0.6297895908355713
YAL054C,YJR026W,0,-6.907321,0.12987609207630157,0.9401993155479431,0.629900336265564
YMR142C,YAL001C,0,-6.9074016,0.12985622882843018,0.9401993155479431,0.6300110816955566
YJL116C,YKR022C,0,-6.9074597,0.12983636558055878,0.9401993155479431,0.6301218271255493
YPR191W,YDL159W,0,-6.9077544,0.12981651723384857,0.9401993155479431,0.630232572555542
YIL017C,YDR306C,1,-6.9089317,0.12994955480098724,0.9413067698478699,0.630232572555542
YDL197C,YJL112W,0,-6.909418,0.12992969155311584,0.9413067698478699,0.6303433179855347
YBL097W,YPL055C,0,-6.909447,0.12990982830524445,0.9413067698478699,0.6304540634155273
YLR272C,YPR158C-D,0,-6.909504,0.12988997995853424,0.9413067698478699,0.63056480884552
YKR022C,YDR312W,0,-6.909621,0.12987013161182404,0.9413067698478699,0.6306755542755127
YCL055W,YLR043C,0,-6.909713,0.12985028326511383,0.9413067698478699,0.6307862401008606
YKL082C,YNR039C,0,-6.909785,0.12983044981956482,0.9413067698478699,0.6308969855308533
YPR006C,YJR059W,0,-6.9103847,0.129810631275177,0.9413067698478699,0.631007730960846
YNL261W,YHL009C,0,-6.9104323,0.12979081273078918,0.9413067698478699,0.6311184763908386
YNL279W,YJR068W,0,-6.9104385,0.12977099418640137,0.9413067698478699,0.6312292218208313
YJL157C,YBR296C,0,-6.912209,0.12975117564201355,0.9413067698478699,0.631339967250824
YJR059W,YHR060W,0,-6.912358,0.12973138689994812,0.9413067698478699,0.6314507126808167
YGR086C,YGR008C,0,-6.9129558,0.1297115832567215,0.9413067698478699,0.6315614581108093
YBR037C,YPR189W,0,-6.9130692,0.12969179451465607,0.9413067698478699,0.631672203540802
YLR376C,YKL154W,0,-6.9134765,0.12967200577259064,0.9413067698478699,0.6317829489707947
YOL135C,YFL004W,0,-6.9136395,0.1296522319316864,0.9413067698478699,0.6318936944007874
YNL292W,YGR211W,0,-6.9140077,0.12963245809078217,0.9413067698478699,0.63200443983078
YBL050W,YHR214C-C,0,-6.91495,0.12961268424987793,0.9413067698478699,0.6321151852607727
YNL259C,YGL236C,0,-6.915426,0.1295929253101349,0.9413067698478699,0.6322259306907654
YGR238C,YJR068W,0,-6.915776,0.12957316637039185,0.9413067698478699,0.6323366761207581
YOL158C,YPL274W,0,-6.915873,0.12955342233181,0.9413067698478699,0.6324474215507507
YPL227C,YLR206W,0,-6.9164805,0.12953367829322815,0.9413067698478699,0.6325581669807434
YBL085W,YGR074W,0,-6.917366,0.1295139491558075,0.9413067698478699,0.6326688528060913
YEL036C,YNR001C,0,-6.917366,0.12949420511722565,0.9413067698478699,0.632779598236084
YIL037C,YOL072W,0,-6.917426,0.1294744908809662,0.9413067698478699,0.6328903436660767
YER032W,YCR026C,0,-6.917436,0.12945476174354553,0.9413067698478699,0.6330010890960693
YCR107W,YCR038C,0,-6.9175334,0.12943504750728607,0.9413067698478699,0.633111834526062
YPR154W,YDR079C-A,0,-6.917612,0.1294153481721878,0.9413067698478699,0.6332225799560547
YLR391W,YPL011C,0,-6.9177485,0.12939564883708954,0.9413067698478699,0.6333333253860474
YPL167C,YGR161W-A,0,-6.917846,0.12937594950199127,0.9413067698478699,0.63344407081604
YNR032W,YIL016W,0,-6.91789,0.1293562650680542,0.9413067698478699,0.6335548162460327
YDR099W,YKR059W,0,-6.918363,0.12933658063411713,0.9413067698478699,0.6336655616760254
YAL055W,YGR086C,0,-6.9183745,0.12931689620018005,0.9413067698478699,0.6337763071060181
YKL046C,YOL011W,0,-6.91849,0.12929722666740417,0.9413067698478699,0.6338870525360107
YLR134W,YML045W,0,-6.918721,0.1292775720357895,0.9413067698478699,0.6339977979660034
YJR052W,YOR140W,0,-6.9197836,0.1292579025030136,0.9413067698478699,0.6341085433959961
YPL137C,YPR168W,0,-6.9200015,0.12923824787139893,0.9413067698478699,0.6342192888259888
YHR091C,YGR161W-A,0,-6.920947,0.12921860814094543,0.9413067698478699,0.6343300342559814
YPL218W,YPL237W,0,-6.9220977,0.12919896841049194,0.9413067698478699,0.6344407796859741
YLR391W,YIR017C,0,-6.9235945,0.12917932868003845,0.9413067698478699,0.634551465511322
YNL073W,YOR008C-A,0,-6.924024,0.12915970385074615,0.9413067698478699,0.6346622109413147
YKL057C,YNL099C,0,-6.9265947,0.12914007902145386,0.9413067698478699,0.6347729563713074
YIL112W,YPL237W,0,-6.9269805,0.12912046909332275,0.9413067698478699,0.6348837018013
YLR025W,YIL017W,1,-6.9273486,0.12925273180007935,0.9424141645431519,0.6348837018013
YJL156C,YDL118W,0,-6.927594,0.12923310697078705,0.9424141645431519,0.6349944472312927
YJR145C,YLR272C,0,-6.9279485,0.12921348214149475,0.9424141645431519,0.6351051926612854
YGL191W,YDL024C,0,-6.928277,0.12919387221336365,0.9424141645431519,0.6352159380912781
YKL082C,YER118C,0,-6.9289756,0.12917426228523254,0.9424141645431519,0.6353266835212708
YMR016C,YPR158C-D,0,-6.9294004,0.12915465235710144,0.9424141645431519,0.6354374289512634
YPR190C,YHR214C-C,0,-6.930046,0.12913505733013153,0.9424141645431519,0.6355481743812561
YNL059C,YMR140W,0,-6.930077,0.12911546230316162,0.9424141645431519,0.6356589198112488
YNL201C,YEL031W,0,-6.9304233,0.1290958672761917,0.9424141645431519,0.6357696652412415
YCR075C,YDL044C,0,-6.9304333,0.129076287150383,0.9424141645431519,0.6358804106712341
YBR004C,YDR076W,0,-6.9305263,0.12905672192573547,0.9424141645431519,0.6359911561012268
YCL040W,YPR158C-D,0,-6.9306517,0.12903715670108795,0.9424141645431519,0.6361019015312195
YNL073W,YPL060C-A,0,-6.9308276,0.12901759147644043,0.9424141645431519,0.6362126469612122
YGL071W,YGL035C,0,-6.9309525,0.1289980262517929,0.9424141645431519,0.6363233923912048
YPL244C,YOR103C,0,-6.9309974,0.12897847592830658,0.9424141645431519,0.6364341378211975
YDR101C,YGR042W,0,-6.9321055,0.12895894050598145,0.9424141645431519,0.6365448236465454
YFL022C,YMR227C,0,-6.93217,0.12893939018249512,0.9424141645431519,0.6366555690765381
YMR186W,YGR220C,0,-6.9322515,0.12891985476016998,0.9424141645431519,0.6367663145065308
YOR120W,YBR004C,0,-6.932402,0.12890033423900604,0.9424141645431519,0.6368770599365234
YPR005C,YIL082W-A,0,-6.9324365,0.1288808137178421,0.9424141645431519,0.6369878053665161
YDR404C,YPR158W-B,0,-6.933869,0.12886129319667816,0.9424141645431519,0.6370985507965088
YHR165C,YOR018W,0,-6.9340253,0.12884178757667542,0.9424141645431519,0.6372092962265015
YNL041C,YDL226C,0,-6.934212,0.12882228195667267,0.9424141645431519,0.6373200416564941
YER123W,YNL241C,0,-6.93453,0.12880279123783112,0.9424141645431519,0.6374307870864868
YPR183W,YDL030W,0,-6.9350705,0.12878328561782837,0.9424141645431519,0.6375415325164795
YML078W,YNR032C-A,0,-6.9350715,0.128763809800148,0.9424141645431519,0.6376522779464722
YLR105C,YBR118W,0,-6.935694,0.12874433398246765,0.9424141645431519,0.6377630233764648
YGL035C,YGL045W,0,-6.935934,0.1287248581647873,0.9424141645431519,0.6378737688064575
YMR136W,YJR103W,0,-6.9364038,0.12870538234710693,0.9424141645431519,0.6379845142364502
YGR004W,YML028W,0,-6.93689,0.12868592143058777,0.9424141645431519,0.6380952596664429
YJL115W,YPR158C-D,0,-6.937981,0.1286664605140686,0.9424141645431519,0.6382060050964355
YJL018W,YML098W,0,-6.9384193,0.12864701449871063,0.9424141645431519,0.6383167505264282
YBR159W,YKL009W,0,-6.9386497,0.12862756848335266,0.9424141645431519,0.6384274363517761
YAR002W,YDR365W-A,0,-6.9401093,0.12860813736915588,0.9424141645431519,0.6385381817817688
YNR023W,YCR033W,0,-6.940266,0.1285886913537979,0.9424141645431519,0.6386489272117615
YDR311W,YPR158C-D,0,-6.9404263,0.12856927514076233,0.9424141645431519,0.6387596726417542
YDR037W,YCL003W,0,-6.942496,0.12854984402656555,0.9424141645431519,0.6388704180717468
YDL099W,YLR391W,0,-6.942819,0.12853042781352997,0.9424141645431519,0.6389811635017395
YIL016W,YHR214C-C,0,-6.943173,0.12851102650165558,0.9424141645431519,0.6390919089317322
YNL232W,YCL051W,0,-6.9440174,0.1284916251897812,0.9424141645431519,0.6392026543617249
YDR276C,YJL204C,0,-6.9440765,0.1284722238779068,0.9424141645431519,0.6393133997917175
YMR186W,YDR365W-A,0,-6.944088,0.1284528374671936,0.9424141645431519,0.6394241452217102
YNR058W,YMR035W,0,-6.9443793,0.1284334510564804,0.9424141645431519,0.6395348906517029
YNR035C,YDR343C,0,-6.945022,0.1284140646457672,0.9424141645431519,0.6396456360816956
YOR061W,YKL203C,0,-6.945436,0.1283946931362152,0.9424141645431519,0.6397563815116882
YHL003C,YAL055W,0,-6.9460454,0.1283753216266632,0.9424141645431519,0.6398671269416809
YFL025C,YKL022C,1,-6.946276,0.12850679457187653,0.9435216188430786,0.6398671269416809
YLL009C,YMR234W,0,-6.9464583,0.12848740816116333,0.9435216188430786,0.6399778723716736
YKL138C-A,YLR384C,0,-6.946468,0.12846803665161133,0.9435216188430786,0.6400886178016663
YPR036W,YMR087W,0,-6.9466696,0.12844866514205933,0.9435216188430786,0.6401993632316589
YGL209W,YKR022C,0,-6.9471364,0.12842930853366852,0.9435216188430786,0.6403100490570068
YLR210W,YPL019C,0,-6.947373,0.1284099519252777,0.9435216188430786,0.6404207944869995
YDR335W,YBL100W-B,0,-6.9476123,0.1283905953168869,0.9435216188430786,0.6405315399169922
YDR446W,YDR055W,0,-6.9476376,0.1283712536096573,0.9435216188430786,0.6406422853469849
YDL024C,YOR267C,0,-6.9482656,0.12835191190242767,0.9435216188430786,0.6407530307769775
YCL051W,YJL102W,0,-6.948668,0.12833258509635925,0.9435216188430786,0.6408637762069702
YIL140W,YPR133C,0,-6.9488482,0.12831325829029083,0.9435216188430786,0.6409745216369629
YDL100C,YKL009W,0,-6.948946,0.1282939314842224,0.9435216188430786,0.6410852670669556
YCR026C,YNL126W,0,-6.9501843,0.12827461957931519,0.9435216188430786,0.6411960124969482
YGL174W,YDR393W,0,-6.9505296,0.12825530767440796,0.9435216188430786,0.6413067579269409
YOR112W,YPL274W,0,-6.9519005,0.12823599576950073,0.9435216188430786,0.6414175033569336
YPL265W,YDR545W,0,-6.951963,0.1282166987657547,0.9435216188430786,0.6415282487869263
YNL313C,YPR158W-B,0,-6.952477,0.12819741666316986,0.9435216188430786,0.641638994216919
YPR144C,YGR002C,0,-6.9528728,0.12817811965942383,0.9435216188430786,0.6417497396469116
YML062C,YPL237W,0,-6.953477,0.128158837556839,0.9435216188430786,0.6418604850769043
YDR086C,YKR001C,0,-6.953963,0.12813957035541534,0.9435216188430786,0.641971230506897
YDR384C,YBR162C,0,-6.9552507,0.1281203031539917,0.9435216188430786,0.6420819759368896
YNR058W,YPL022W,0,-6.956102,0.12810103595256805,0.9435216188430786,0.6421926617622375
YNR032C-A,YDR164C,0,-6.957269,0.1280817836523056,0.9435216188430786,0.6423034071922302
YBR082C,YIL017C,1,-6.9577093,0.1282128393650055,0.9446290135383606,0.6423034071922302
YDR446W,YJR013W,0,-6.959133,0.12819357216358185,0.9446290135383606,0.6424141526222229
YNL271C,YDR077W,0,-6.959866,0.1281743049621582,0.9446290135383606,0.6425248980522156
YDR515W,YOL097C,0,-6.96057,0.12815505266189575,0.9446290135383606,0.6426356434822083
YGR009C,YFL002W-A,0,-6.961142,0.1281358003616333,0.9446290135383606,0.6427463889122009
YDL100C,YER118C,0,-6.9612446,0.12811654806137085,0.9446290135383606,0.6428571343421936
YOR018W,YHR214C-C,0,-6.9619384,0.1280973106622696,0.9446290135383606,0.6429678797721863
YOR023C,YML080W,0,-6.962724,0.12807807326316833,0.9446290135383606,0.643078625202179
YMR186W,YDL200C,0,-6.9629397,0.12805885076522827,0.9446290135383606,0.6431893706321716
YDL085W,YGR161W-A,0,-6.9630404,0.1280396282672882,0.9446290135383606,0.6433001160621643
YLL009C,YNL241C,0,-6.963786,0.12802040576934814,0.9446290135383606,0.643410861492157
YFL024C,YKL154W,0,-6.96531,0.12800119817256927,0.9446290135383606,0.6435216069221497
YBR020W,YMR172W,0,-6.9653316,0.1279819905757904,0.9446290135383606,0.6436323523521423
YPR190C,YDR059C,0,-6.9657016,0.12796279788017273,0.9446290135383606,0.643743097782135
YOL149W,YNL246W,0,-6.9677615,0.12794360518455505,0.9446290135383606,0.6438538432121277
YFL022C,YCR014C,0,-6.9680214,0.12792441248893738,0.9446290135383606,0.6439645886421204
YJL006C,YBL050W,0,-6.96825,0.1279052346944809,0.9446290135383606,0.644075334072113
YAL012W,YLR262C,0,-6.96904,0.12788605690002441,0.9446290135383606,0.6441860198974609
YMR162C,YGR161W-A,0,-6.9694514,0.12786687910556793,0.9446290135383606,0.6442967653274536
YDR412W,YGR195W,0,-6.9699855,0.12784771621227264,0.9446290135383606,0.6444075107574463
YGR004W,YCL019W,0,-6.9700284,0.12782856822013855,0.9446290135383606,0.644518256187439
YBL084C,YPL096W,1,-6.9702973,0.1279592514038086,0.9457364082336426,0.644518256187439
YJL025W,YLR045C,0,-6.97082,0.1279400736093521,0.9457364082336426,0.6446290016174316
YKL049C,YPL233W,0,-6.971007,0.12792091071605682,0.9457364082336426,0.6447397470474243
YDR276C,YMR016C,0,-6.9716,0.12790174782276154,0.9457364082336426,0.644850492477417
YKR082W,YNR048W,0,-6.972055,0.12788259983062744,0.9457364082336426,0.6449612379074097
YDR284C,YAL068C,0,-6.972403,0.12786345183849335,0.9457364082336426,0.6450719833374023
YLL009C,YDL044C,0,-6.97247,0.12784431874752045,0.9457364082336426,0.645182728767395
YKL138C-A,YPR167C,0,-6.9731507,0.12782517075538635,0.9457364082336426,0.6452934741973877
YOR113W,YFR037C,0,-6.9731884,0.12780605256557465,0.9457364082336426,0.6454042196273804
YPR179C,YDR276C,0,-6.9731975,0.12778691947460175,0.9457364082336426,0.645514965057373
YJL208C,YPL153C,0,-6.973294,0.12776780128479004,0.9457364082336426,0.6456257104873657
YBR201W,YBR273C,1,-6.973452,0.12789827585220337,0.9468438625335693,0.6456257104873657
YGR103W,YOR140W,0,-6.9736505,0.12787915766239166,0.9468438625335693,0.6457364559173584
YDR529C,YOR008C-A,0,-6.9753003,0.12786002457141876,0.9468438625335693,0.6458472013473511
YLR391W,YDL058W,0,-6.9759297,0.12784090638160706,0.9468438625335693,0.6459579467773438
YML057W,YOR150W,0,-6.976187,0.12782180309295654,0.9468438625335693,0.6460686326026917
YKL138C-A,YJR004C,0,-6.9763627,0.12780268490314484,0.9468438625335693,0.6461793780326843
YDL227C,YDL044C,0,-6.9766474,0.12778359651565552,0.9468438625335693,0.646290123462677
YBL093C,YHR214C-C,0,-6.9769115,0.127764493227005,0.9468438625335693,0.6464008688926697
YMR128W,YDR311W,0,-6.977106,0.12774540483951569,0.9468438625335693,0.6465116143226624
YLL035W,YFL008W,0,-6.977309,0.12772631645202637,0.9468438625335693,0.646622359752655
YOL135C,YER001W,0,-6.9780073,0.12770724296569824,0.9468438625335693,0.6467331051826477
YPR179C,YEL050C,0,-6.978584,0.12768816947937012,0.9468438625335693,0.6468438506126404
YNL097C,YLR222C,0,-6.9789333,0.12766911089420319,0.9468438625335693,0.6469545960426331
YEL053C,YDR460W,0,-6.9792,0.12765003740787506,0.9468438625335693,0.6470653414726257
YMR128W,YNL097C,0,-6.9794936,0.12763099372386932,0.9468438625335693,0.6471760869026184
YER018C,YGL243W,0,-6.9796834,0.1276119351387024,0.9468438625335693,0.6472868323326111
YLR098C,YPL274W,0,-6.979719,0.12759289145469666,0.9468438625335693,0.6473975777626038
YNL001W,YCR062W,0,-6.9801617,0.1275738626718521,0.9468438625335693,0.6475083231925964
YKL138C-A,YOR224C,0,-6.9807067,0.12755481898784637,0.9468438625335693,0.6476190686225891
YOR112W,YOL008W,0,-6.980978,0.12753580510616302,0.9468438625335693,0.6477298140525818
YGR253C,YIL017W,1,-6.9814396,0.1276659220457077,0.9479512572288513,0.6477298140525818
YPL078C,YEL056W,0,-6.981467,0.12764687836170197,0.9479512572288513,0.6478405594825745
YNL001W,YDR086C,0,-6.9814982,0.12762784957885742,0.9479512572288513,0.6479512453079224
YIR037W,YDR135C,0,-6.981904,0.12760882079601288,0.9479512572288513,0.648061990737915
YBR024W,YNL247W,0,-6.983145,0.12758980691432953,0.9479512572288513,0.6481727361679077
YPL190C,YER006W,0,-6.9837575,0.12757079303264618,0.9479512572288513,0.6482834815979004
YOL012C,YJL018W,0,-6.9842267,0.12755177915096283,0.9479512572288513,0.6483942270278931
YCL016C,YML085C,0,-6.984895,0.12753278017044067,0.9479512572288513,0.6485049724578857
YLR418C,YPL055C,0,-6.985019,0.12751378118991852,0.9479512572288513,0.6486157178878784
YKR053C,YDR365W-A,0,-6.9853206,0.12749478220939636,0.9479512572288513,0.6487264633178711
YMR239C,YDR365W-A,0,-6.985437,0.1274757981300354,0.9479512572288513,0.6488372087478638
YEL034W,YGR186W,0,-6.9857078,0.12745681405067444,0.9479512572288513,0.6489479541778564
YMR042W,YHR214C-C,0,-6.986142,0.12743784487247467,0.9479512572288513,0.6490586996078491
YKL046C,YDR378C,0,-6.9862256,0.1274188756942749,0.9479512572288513,0.6491694450378418
YOL080C,YOL028C,0,-6.986736,0.12739990651607513,0.9479512572288513,0.6492801904678345
YMR012W,YLR362W,0,-6.9869347,0.12738095223903656,0.9479512572288513,0.6493909358978271
YKL203C,YHR214C-C,0,-6.986945,0.12736199796199799,0.9479512572288513,0.6495016813278198
YMR172W,YLR043C,0,-6.9871364,0.1273430585861206,0.9479512572288513,0.6496124267578125
YML060W,YGR033C,0,-6.9877763,0.12732410430908203,0.9479512572288513,0.6497231721878052
YPL096C-A,YOR224C,0,-6.989151,0.12730517983436584,0.9479512572288513,0.6498338580131531
YJR105W,YBR231C,0,-6.989195,0.12728624045848846,0.9479512572288513,0.6499446034431458
YHR039C,YDR011W,0,-6.9894753,0.12726731598377228,0.9479512572288513,0.6500553488731384
YGR004W,YPR158C-D,0,-6.9894958,0.12724840641021729,0.9479512572288513,0.6501660943031311
YHR091C,YFR037C,0,-6.9899154,0.1272294819355011,0.9479512572288513,0.6502768397331238
YNL149C,YNL339C,0,-6.9904027,0.1272105872631073,0.9479512572288513,0.6503875851631165
YBR089C-A,YPL234C,0,-6.991112,0.1271916776895523,0.9479512572288513,0.6504983305931091
YGL236C,YOR305W,0,-6.9913826,0.1271727830171585,0.9479512572288513,0.6506090760231018
YER183C,YOR109W,0,-6.991818,0.1271538883447647,0.9479512572288513,0.6507198214530945
YDL200C,YJL018W,0,-6.9918485,0.1271350085735321,0.9479512572288513,0.6508305668830872
YDR055W,YPR158W-B,0,-6.992074,0.1271161288022995,0.9479512572288513,0.6509413123130798
YKL054C,YIL017W,1,-6.9947114,0.1272457242012024,0.9490587115287781,0.6509413123130798
YDL031W,YDR393W,0,-6.9948173,0.1272268444299698,0.9490587115287781,0.6510520577430725
YKL135C,YPL275W,0,-6.9954977,0.127207949757576,0.9490587115287781,0.6511628031730652
YOR074C,YOL097C,0,-6.995652,0.12718906998634338,0.9490587115287781,0.6512735486030579
YDR256C,YPR154W,0,-6.9963784,0.12717020511627197,0.9490587115287781,0.6513842940330505
YPL160W,YDR120C,0,-6.996597,0.12715134024620056,0.9490587115287781,0.6514950394630432
YMR301C,YKR059W,0,-6.997235,0.12713247537612915,0.9490587115287781,0.6516057848930359
YFR019W,YDR285W,0,-6.997604,0.12711361050605774,0.9490587115287781,0.6517165303230286
YBR273C,YDR306C,1,-6.998326,0.1272430717945099,0.9501661062240601,0.6517165303230286
YML060W,YPL060C-A,0,-6.9984827,0.12722419202327728,0.9501661062240601,0.6518272161483765
YNL012W,YCL075W,0,-6.999007,0.12720534205436707,0.9501661062240601,0.6519379615783691
YER001W,YGR161W-A,0,-7.00026,0.12718647718429565,0.9501661062240601,0.6520487070083618
YDL164C,YER019C-A,0,-7.0006404,0.12716762721538544,0.9501661062240601,0.6521594524383545
YNL118C,YKL082C,0,-7.0008836,0.1271487921476364,0.9501661062240601,0.6522701978683472
YNL073W,YPR158C-D,0,-7.0012393,0.1271299421787262,0.9501661062240601,0.6523809432983398
YKL004W,YER028C,0,-7.0014806,0.12711110711097717,0.9501661062240601,0.6524916887283325
YLR106C,YPR107C,0,-7.001557,0.12709228694438934,0.9501661062240601,0.6526024341583252
YJL018W,YHR050W,0,-7.0020537,0.1270734667778015,0.9501661062240601,0.6527131795883179
YBR274W,YGR251W,0,-7.002137,0.12705464661121368,0.9501661062240601,0.6528239250183105
YGL174W,YML065W,0,-7.002574,0.12703582644462585,0.9501661062240601,0.6529346704483032
YBR102C,YDL081C,0,-7.002659,0.12701702117919922,0.9501661062240601,0.6530454158782959
YOR372C,YGR161W-A,0,-7.0035224,0.12699823081493378,0.9501661062240601,0.6531561613082886
YEL053C,YHL009C,0,-7.003922,0.12697942554950714,0.9501661062240601,0.6532669067382812
YOR112W,YNR053C,0,-7.0044966,0.1269606351852417,0.9501661062240601,0.6533776521682739
YLR116W,YDR365W-A,0,-7.0050673,0.12694185972213745,0.9501661062240601,0.6534883975982666
YBR237W,YDR365W-A,0,-7.005818,0.1269230842590332,0.9501661062240601,0.6535991430282593
YBR185C,YDR296W,0,-7.0058317,0.12690430879592896,0.9501661062240601,0.6537098288536072
YPR179C,YPR158C-D,0,-7.0068007,0.1268855333328247,0.9501661062240601,0.6538205742835999
YDR378C,YPR158W-B,0,-7.0068774,0.12686677277088165,0.9501661062240601,0.6539313197135925
YJL018W,YPL022W,0,-7.007362,0.1268480122089386,0.9501661062240601,0.6540420651435852
YJL214W,YJL018W,0,-7.007921,0.12682926654815674,0.9501661062240601,0.6541528105735779
YGL043W,YPR158C-D,0,-7.0081506,0.12681052088737488,0.9501661062240601,0.6542635560035706
YLR032W,YEL004W,0,-7.0082884,0.1267917901277542,0.9501661062240601,0.6543743014335632
YER013W,YMR247C,0,-7.008385,0.12677304446697235,0.9501661062240601,0.6544850468635559
YPL153C,YPL060C-A,0,-7.008476,0.12675432860851288,0.9501661062240601,0.6545957922935486
YPR154W,YCR062W,0,-7.008577,0.1267355978488922,0.9501661062240601,0.6547065377235413
YCR014C,YDR404C,0,-7.009057,0.12671688199043274,0.9501661062240601,0.6548172831535339
YCR053W,YDR365W-A,0,-7.0093875,0.12669816613197327,0.9501661062240601,0.6549280285835266
YIL076W,YDR120C,0,-7.009437,0.126679465174675,0.9501661062240601,0.6550387740135193
YPL022W,YGL112C,0,-7.009478,0.1266607642173767,0.9501661062240601,0.655149519443512
YCR060W,YDR365W-A,0,-7.009519,0.12664206326007843,0.9501661062240601,0.6552602648735046
YNR001C,YGR161W-A,0,-7.0111833,0.12662337720394135,0.9501661062240601,0.6553710103034973
YER149C,YDR365W-A,0,-7.0119996,0.12660469114780426,0.9501661062240601,0.65548175573349
YDL197C,YHR214C-C,0,-7.0131745,0.12658601999282837,0.9501661062240601,0.6555924415588379
YER031C,YHR214C-C,0,-7.013565,0.12656733393669128,0.9501661062240601,0.6557031869888306
YFR019W,YDR198C,0,-7.014376,0.1265486776828766,0.9501661062240601,0.6558139324188232
YLR391W,YLL035W,0,-7.0149665,0.1265300065279007,0.9501661062240601,0.6559246778488159
YNL009W,YPR083W,0,-7.0150294,0.126511350274086,0.9501661062240601,0.6560354232788086
YGL209W,YGR161W-A,0,-7.0153604,0.1264927089214325,0.9501661062240601,0.6561461687088013
YLR391W,YMR080C,0,-7.016171,0.1264740526676178,0.9501661062240601,0.656256914138794
YDR060W,YLR337W,0,-7.016654,0.1264554113149643,0.9501661062240601,0.6563676595687866
YGR007W,YCL043C,0,-7.0172257,0.12643678486347198,0.9501661062240601,0.6564784049987793
YKL074C,YER149C,0,-7.017727,0.12641815841197968,0.9501661062240601,0.656589150428772
YML028W,YPL060C-A,0,-7.017801,0.12639953196048737,0.9501661062240601,0.6566998958587646
YDR160W,YIL082W-A,0,-7.018421,0.12638090550899506,0.9501661062240601,0.6568106412887573
YBR247C,YNL253W,0,-7.018428,0.12636229395866394,0.9501661062240601,0.65692138671875
YOR279C,YHR214C-C,0,-7.0186396,0.12634369730949402,0.9501661062240601,0.6570321321487427
YBR278W,YLR222C,0,-7.018926,0.1263250857591629,0.9501661062240601,0.6571428775787354
YEL050C,YKL099C,0,-7.0190864,0.12630648910999298,0.9501661062240601,0.657253623008728
YJL080C,YNL246W,0,-7.0191007,0.12628790736198425,0.9501661062240601,0.6573643684387207
YMR208W,YEL004W,0,-7.0194993,0.12626931071281433,0.9501661062240601,0.6574750542640686
YMR004W,YMR305C,0,-7.0199637,0.1262507289648056,0.9501661062240601,0.6575857996940613
YBR102C,YDR492W,0,-7.0201535,0.12623216211795807,0.9501661062240601,0.657696545124054
YDR283C,YPR067W,0,-7.0203676,0.12621359527111053,0.9501661062240601,0.6578072905540466
YML057W,YGR118W,0,-7.021151,0.126195028424263,0.9501661062240601,0.6579180359840393
YGL226C-A,YLR455W,0,-7.021457,0.12617647647857666,0.9501661062240601,0.658028781414032
YPL115C,YML094W,0,-7.0218644,0.12615792453289032,0.9501661062240601,0.6581395268440247
YPR167C,YMR087W,0,-7.021891,0.12613937258720398,0.9501661062240601,0.6582502722740173
YNL282W,YNL241C,0,-7.022162,0.12612083554267883,0.9501661062240601,0.65836101770401
YDR086C,YDR470C,0,-7.0228505,0.1261022984981537,0.9501661062240601,0.6584717631340027
YDR317W,YCR020C-A,0,-7.0231466,0.12608376145362854,0.9501661062240601,0.6585825085639954
YJR042W,YER116C,0,-7.0235534,0.1260652393102646,0.9501661062240601,0.658693253993988
YNL271C,YGL209W,0,-7.024206,0.12604671716690063,0.9501661062240601,0.6588039994239807
YKL113C,YHR031C,0,-7.0246477,0.12602819502353668,0.9501661062240601,0.6589147448539734
YNR058W,YER142C,0,-7.0248857,0.12600968778133392,0.9501661062240601,0.6590254902839661
YBR274W,YDR245W,0,-7.0249014,0.12599119544029236,0.9501661062240601,0.6591362357139587
YLL035W,YLL060C,0,-7.0251427,0.1259726881980896,0.9501661062240601,0.6592469811439514
YCR060W,YGR042W,0,-7.02552,0.12595419585704803,0.9501661062240601,0.6593576669692993
YGL104C,YGR251W,0,-7.026836,0.12593571841716766,0.9501661062240601,0.659468412399292
YJR013W,YER116C,0,-7.0274296,0.1259172260761261,0.9501661062240601,0.6595791578292847
YJR125C,YDR365W-A,0,-7.027628,0.12589874863624573,0.9501661062240601,0.6596899032592773
YCR020W-B,YJL106W,0,-7.0277247,0.12588028609752655,0.9501661062240601,0.65980064868927
YER052C,YOR328W,0,-7.028126,0.12586180865764618,0.9501661062240601,0.6599113941192627
YER142C,YDL118W,0,-7.0291657,0.1258433610200882,0.9501661062240601,0.6600221395492554
YPL016W,YLR360W,0,-7.029221,0.12582489848136902,0.9501661062240601,0.660132884979248
YKL170W,YGR161W-A,0,-7.0297527,0.12580645084381104,0.9501661062240601,0.6602436304092407
YER052C,YNR053C,0,-7.030377,0.12578800320625305,0.9501661062240601,0.6603543758392334
YPR041W,YPR158C-D,0,-7.0303893,0.12576957046985626,0.9501661062240601,0.6604651212692261
YEL009C,YML098W,0,-7.030677,0.12575113773345947,0.9501661062240601,0.6605758666992188
YGL047W,YOR195W,0,-7.032003,0.12573270499706268,0.9501661062240601,0.6606866121292114
YDL044C,YLR354C,0,-7.0320067,0.1257142871618271,0.9501661062240601,0.6607973575592041
YJL194W,YCR062W,0,-7.032122,0.1256958693265915,0.9501661062240601,0.6609081029891968
YKL113C,YGR161W-A,0,-7.0323644,0.1256774514913559,0.9501661062240601,0.6610188484191895
YPR083W,YDR325W,0,-7.032609,0.1256590485572815,0.9501661062240601,0.6611295938491821
YER142C,YGL039W,0,-7.032841,0.1256406456232071,0.9501661062240601,0.6612403392791748
YIL140W,YBR161W,0,-7.0329003,0.12562225759029388,0.9501661062240601,0.6613510251045227
YBL046W,YAR008W,0,-7.0332465,0.12560386955738068,0.9501661062240601,0.6614617705345154
YOR373W,YBL079W,0,-7.0334744,0.12558548152446747,0.9501661062240601,0.6615725159645081
YLR134W,YPR158C-D,0,-7.03453,0.12556709349155426,0.9501661062240601,0.6616832613945007
YIL033C,YKL043W,0,-7.034704,0.12554872035980225,0.9501661062240601,0.6617940068244934
YLR391W,YPR167C,0,-7.0349207,0.12553036212921143,0.9501661062240601,0.6619047522544861
YDR069C,YEL012W,1,-7.0350337,0.12565827369689941,0.9512735605239868,0.6619047522544861
YMR137C,YMR075W,0,-7.035579,0.1256399005651474,0.9512735605239868,0.6620154976844788
YGR078C,YCR053W,0,-7.035611,0.12562152743339539,0.9512735605239868,0.6621262431144714
YDL192W,YGR195W,0,-7.0356812,0.12560315430164337,0.9512735605239868,0.6622369885444641
YOL006C,YPR158W-B,0,-7.0362997,0.12558479607105255,0.9512735605239868,0.6623477339744568
YNL281W,YDR138W,0,-7.0366244,0.12556643784046173,0.9512735605239868,0.6624584794044495
YML094W,YGR161W-A,0,-7.03689,0.1255480796098709,0.9512735605239868,0.6625692248344421
YOR117W,YIL017W,1,-7.0372367,0.12567587196826935,0.9523809552192688,0.6625692248344421
YPR006C,YER001W,0,-7.038372,0.12565751373767853,0.9523809552192688,0.6626799702644348
YDR079W,YER103W,0,-7.0385137,0.1256391555070877,0.9523809552192688,0.6627907156944275
YJL112W,YDR365W-A,0,-7.03859,0.1256207972764969,0.9523809552192688,0.6629014611244202
YAR002W,YER154W,0,-7.0394917,0.12560245394706726,0.9523809552192688,0.6630122065544128
YPL160W,YOL080C,0,-7.0395536,0.12558411061763763,0.9523809552192688,0.6631229519844055
YGL257C,YER019C-A,0,-7.0399165,0.1255657821893692,0.9523809552192688,0.6632336378097534
YOR036W,YDL118W,0,-7.0399194,0.12554743885993958,0.9523809552192688,0.6633443832397461
YKL154W,YDR365W-A,0,-7.0406966,0.12552912533283234,0.9523809552192688,0.6634551286697388
YPR168W,YPR190C,0,-7.0410666,0.1255107969045639,0.9523809552192688,0.6635658740997314
YCL043C,YBR237W,0,-7.0414777,0.12549248337745667,0.9523809552192688,0.6636766195297241
YLL009C,YBR247C,0,-7.0415297,0.12547416985034943,0.9523809552192688,0.6637873649597168
YLR136C,YPR158W-B,0,-7.0416474,0.12545587122440338,0.9523809552192688,0.6638981103897095
YPL096C-A,YPL275W,0,-7.041651,0.12543757259845734,0.9523809552192688,0.6640088558197021
YPR168W,YIR041W,0,-7.0420203,0.1254192739725113,0.9523809552192688,0.6641196012496948
YBR083W,YHR214C-C,0,-7.04329,0.12540099024772644,0.9523809552192688,0.6642303466796875
YGL090W,YML045W,0,-7.0434117,0.1253827065229416,0.9523809552192688,0.6643410921096802
YBR243C,YLR129W,0,-7.0434723,0.12536443769931793,0.9523809552192688,0.6644518375396729
YGR188C,YPL060C-A,0,-7.0437827,0.12534615397453308,0.9523809552192688,0.6645625829696655
YDR060W,YIR017C,0,-7.043799,0.12532790005207062,0.9523809552192688,0.6646733283996582
YKL179C,YDL227C,0,-7.0446477,0.12530963122844696,0.9523809552192688,0.6647840738296509
YML055W,YPR158W-B,0,-7.0448976,0.1252913773059845,0.9523809552192688,0.6648948192596436
YGL212W,YPR158C-D,0,-7.046519,0.12527312338352203,0.9523809552192688,0.6650055646896362
YOR074C,YMR128W,0,-7.047032,0.12525488436222076,0.9523809552192688,0.6651162505149841
YMR208W,YPR158C-D,0,-7.0475497,0.1252366453409195,0.9523809552192688,0.6652269959449768
YMR080C,YPL235W,0,-7.0475945,0.12521840631961823,0.9523809552192688,0.6653377413749695
YNR010W,YFL002W-A,0,-7.0475974,0.12520016729831696,0.9523809552192688,0.6654484868049622
YDR036C,YER154W,0,-7.0478754,0.12518194317817688,0.9523809552192688,0.6655592322349548
YOL086C,YCR062W,0,-7.0497103,0.125163733959198,0.9523809552192688,0.6656699776649475
YBL099W,YGR239C,0,-7.0499616,0.12514552474021912,0.9523809552192688,0.6657807230949402
YDR423C,YMR216C,0,-7.050271,0.12512731552124023,0.9523809552192688,0.6658914685249329
YBL084C,YAL058W,1,-7.050387,0.1252545863389969,0.9534883499145508,0.6658914685249329
YPL097W,YPR158W-B,0,-7.050612,0.1252363622188568,0.9534883499145508,0.6660022139549255
YBR020W,YKR038C,0,-7.0507283,0.12521815299987793,0.9534883499145508,0.6661129593849182
YMR239C,YOR327C,0,-7.0509086,0.12519994378089905,0.9534883499145508,0.6662237048149109
YML085C,YHR214C-C,0,-7.0511646,0.12518173456192017,0.9534883499145508,0.6663344502449036
YMR172W,YPL060C-A,0,-7.052095,0.12516354024410248,0.9534883499145508,0.6664451956748962
YLR039C,YPR137W,0,-7.052102,0.1251453459262848,0.9534883499145508,0.6665559411048889
YMR216C,YPR032W,0,-7.052309,0.1251271665096283,0.9534883499145508,0.6666666865348816
YKL086W,YDR160W,0,-7.052483,0.1251089870929718,0.9534883499145508,0.6667774319648743
YOR112W,YMR142C,0,-7.052509,0.1250908076763153,0.9534883499145508,0.6668881773948669
YER006W,YLR455W,0,-7.0526643,0.1250726282596588,0.9534883499145508,0.6669988632202148
YPL063W,YGR161W-A,0,-7.0529246,0.1250544637441635,0.9534883499145508,0.6671096086502075
YNL259C,YHR214C-C,0,-7.0535483,0.1250362992286682,0.9534883499145508,0.6672203540802002
YCR060W,YHR214C-C,0,-7.0535936,0.1250181496143341,0.9534883499145508,0.6673310995101929
YLR376C,YOL028C,0,-7.053932,0.125,0.9534883499145508,0.6674418449401855
YKL138C-A,YLR455W,0,-7.0542817,0.12498185783624649,0.9534883499145508,0.6675525903701782
YPR154W,YPR036W-A,0,-7.0542817,0.12496371567249298,0.9534883499145508,0.6676633358001709
YCR062W,YOR008C-A,0,-7.0542817,0.12494558095932007,0.9534883499145508,0.6677740812301636
YMR285C,YPR036W-A,0,-7.0542817,0.12492745369672775,0.9534883499145508,0.6678848266601562
YOR083W,YPR036W-A,0,-7.0542817,0.12490932643413544,0.9534883499145508,0.6679955720901489
YBR237W,YBL101W-A,0,-7.0542817,0.12489120662212372,0.9534883499145508,0.6681063175201416
YDR210W-D,YGR042W,0,-7.0542817,0.1248730942606926,0.9534883499145508,0.6682170629501343
YOL124C,YDR210W-D,0,-7.0542817,0.12485498934984207,0.9534883499145508,0.668327808380127
YDL093W,YBL101W-A,0,-7.0542817,0.12483688443899155,0.9534883499145508,0.6684385538101196
YGL236C,YPR036W-A,0,-7.0542817,0.12481878697872162,0.9534883499145508,0.6685492992401123
YML078W,YPR036W-A,0,-7.0542817,0.12480069696903229,0.9534883499145508,0.668660044670105
YDR495C,YDR210W-D,0,-7.0542817,0.12478260695934296,0.9534883499145508,0.6687707901000977
YIL095W,YBL101W-A,0,-7.0542817,0.12476452440023422,0.9534883499145508,0.6688815355300903
YKL179C,YBL101W-A,0,-7.0542817,0.12474644929170609,0.9534883499145508,0.6689922213554382
YOL130W,YPR036W-A,0,-7.0542817,0.12472838163375854,0.9534883499145508,0.6691029667854309
YGL030W,YBL101W-A,0,-7.0542817,0.124710313975811,0.9534883499145508,0.6692137122154236
YNL129W,YPR036W-A,0,-7.0542817,0.12469225376844406,0.9534883499145508,0.6693244576454163
YOR267C,YPR036W-A,0,-7.0542817,0.12467419356107712,0.9534883499145508,0.6694352030754089
YDR210W-D,YOR008C-A,0,-7.0542817,0.12465614825487137,0.9534883499145508,0.6695459485054016
YGR113W,YBL101W-A,0,-7.0542817,0.12463810294866562,0.9534883499145508,0.6696566939353943
YOR270C,YBL101W-A,0,-7.0542817,0.12462005764245987,0.9534883499145508,0.669767439365387
YLL035W,YDR210W-D,0,-7.0542817,0.12460202723741531,0.9534883499145508,0.6698781847953796
YDR210W-D,YDR365W-A,0,-7.0542817,0.12458399683237076,0.9534883499145508,0.6699889302253723
YCR055C,YFL002W-A,0,-7.0542817,0.1245659738779068,0.9534883499145508,0.670099675655365
YPL146C,YBL101W-A,0,-7.0542817,0.12454795092344284,0.9534883499145508,0.6702104210853577
YKL138C-A,YGR042W,0,-7.0542817,0.12452994287014008,0.9534883499145508,0.6703211665153503
YDR202C,YBL101W-A,0,-7.0542817,0.12451192736625671,0.9534883499145508,0.670431911945343
YDL230W,YPR036W-A,0,-7.0542817,0.12449392676353455,0.9534883499145508,0.6705426573753357
YJL018W,YJR026W,0,-7.0542817,0.12447592616081238,0.9534883499145508,0.6706534028053284
YDL197C,YPR036W-A,0,-7.0542817,0.1244579330086708,0.9534883499145508,0.670764148235321
YBR162C,YPR036W-A,0,-7.0542817,0.12443994730710983,0.9534883499145508,0.670874834060669
YMR065W,YDR210W-D,0,-7.0542817,0.12442196160554886,0.9534883499145508,0.6709855794906616
YMR280C,YPR036W-A,0,-7.0542817,0.12440399080514908,0.9534883499145508,0.6710963249206543
YMR213W,YBL101W-A,0,-7.0542817,0.1243860125541687,0.9534883499145508,0.671207070350647
YHR099W,YPR036W-A,0,-7.0542817,0.12436804920434952,0.9534883499145508,0.6713178157806396
YOR034C,YBL101W-A,0,-7.0542817,0.12435008585453033,0.9534883499145508,0.6714285612106323
YGR008C,YBL101W-A,0,-7.0542817,0.12433212995529175,0.9534883499145508,0.671539306640625
YOR371C,YDR210W-D,0,-7.0542817,0.12431418150663376,0.9534883499145508,0.6716500520706177
YCR072C,YBL101W-A,0,-7.0542817,0.12429623305797577,0.9534883499145508,0.6717607975006104
YPL243W,YDR210W-D,0,-7.0542817,0.12427829205989838,0.9534883499145508,0.671871542930603
YJL214W,YBL101W-A,0,-7.0542817,0.12426035851240158,0.9534883499145508,0.6719822883605957
YOL006C,YBL101W-A,0,-7.0542817,0.12424242496490479,0.9534883499145508,0.6720930337905884
YIL114C,YDR210W-D,0,-7.0542817,0.12422449886798859,0.9534883499145508,0.672203779220581
YDR099W,YDR210W-D,0,-7.0542817,0.12420658022165298,0.9534883499145508,0.6723145246505737
YDL197C,YDR210W-D,0,-7.0542817,0.12418866157531738,0.9534883499145508,0.6724252700805664
YER018C,YBL101W-A,0,-7.0542817,0.12417075037956238,0.9534883499145508,0.6725360155105591
YMR140W,YDR210W-D,0,-7.0542817,0.12415284663438797,0.9534883499145508,0.6726467609405518
YBR127C,YDR210W-D,0,-7.0542817,0.12413495033979416,0.9534883499145508,0.6727574467658997
YCR055C,YPL060C-A,0,-7.0542817,0.12411705404520035,0.9534883499145508,0.6728681921958923
YOR178C,YBL101W-A,0,-7.0542817,0.12409916520118713,0.9534883499145508,0.672978937625885
YBL050W,YPR036W-A,0,-7.0542817,0.12408127635717392,0.9534883499145508,0.6730896830558777
YAL011W,YDR210W-D,0,-7.0542817,0.1240634024143219,0.9534883499145508,0.6732004284858704
YKL004W,YPL060C-A,0,-7.0542817,0.12404552847146988,0.9534883499145508,0.673311173915863
YKR059W,YBL101W-A,0,-7.0542817,0.12402765452861786,0.9534883499145508,0.6734219193458557
YDL051W,YPR036W-A,0,-7.0542817,0.12400979548692703,0.9534883499145508,0.6735326647758484
YEL036C,YBL101W-A,0,-7.0542817,0.1239919364452362,0.9534883499145508,0.6736434102058411
YLL035W,YBL101W-A,0,-7.0542817,0.12397408485412598,0.9534883499145508,0.6737541556358337
YPL098C,YBL101W-A,0,-7.0542817,0.12395623326301575,0.9534883499145508,0.6738649010658264
YDL100C,YDR210W-D,0,-7.0542817,0.12393838912248611,0.9534883499145508,0.6739756464958191
YIL017W,YDR306C,1,-7.0542817,0.12406447529792786,0.9545958042144775,0.6739756464958191
YDR429C,YDR210W-D,0,-7.0542817,0.12404662370681763,0.9545958042144775,0.6740863919258118
YDR470C,YBL101W-A,0,-7.0542817,0.124028779566288,0.9545958042144775,0.6741971373558044
YDR256C,YBL101W-A,0,-7.0542817,0.12401093542575836,0.9545958042144775,0.6743078827857971
YMR227C,YDR210W-D,0,-7.0542817,0.12399309873580933,0.9545958042144775,0.6744186282157898
YNL281W,YPR036W-A,0,-7.0542817,0.12397526204586029,0.9545958042144775,0.6745293736457825
YCR083W,YDR210W-D,0,-7.0542817,0.12395743280649185,0.9545958042144775,0.6746400594711304
YOL149W,YDR210W-D,0,-7.0542817,0.12393961101770401,0.9545958042144775,0.674750804901123
YMR137C,YBL101W-A,0,-7.0542817,0.12392179667949677,0.9545958042144775,0.6748615503311157
YLR337W,YKL075C,0,-7.0542817,0.12390398234128952,0.9545958042144775,0.6749722957611084
YDL230W,YBL101W-A,0,-7.0542817,0.12388617545366287,0.9545958042144775,0.6750830411911011
YFL005W,YBL101W-A,0,-7.0542817,0.12386836856603622,0.9545958042144775,0.6751937866210938
YAR008W,YPR036W-A,0,-7.0542817,0.12385057657957077,0.9545958042144775,0.6753045320510864
YKL138C-A,YGR161W-A,0,-7.0542817,0.12383278459310532,0.9545958042144775,0.6754152774810791
YOL124C,YPR036W-A,0,-7.0542817,0.12381499260663986,0.9545958042144775,0.6755260229110718
YBR231C,YBL101W-A,0,-7.0542817,0.1237972155213356,0.9545958042144775,0.6756367683410645
YKR082W,YPR036W-A,0,-7.0542817,0.12377943843603134,0.9545958042144775,0.6757475137710571
YJL018W,YML131W,0,-7.0542817,0.12376166880130768,0.9545958042144775,0.6758582592010498
YLR447C,YBL101W-A,0,-7.0542817,0.12374389916658401,0.9545958042144775,0.6759690046310425
YAL001C,YPL060C-A,0,-7.0542817,0.12372613698244095,0.9545958042144775,0.6760797500610352
YFR033C,YPR036W-A,0,-7.0542817,0.12370838224887848,0.9545958042144775,0.6761904954910278
YOL040C,YBL101W-A,0,-7.0542817,0.12369062751531601,0.9545958042144775,0.6763012409210205
YNL023C,YDR210W-D,0,-7.0542817,0.12367288023233414,0.9545958042144775,0.6764119863510132
YOL051W,YDR210W-D,0,-7.0542817,0.12365514039993286,0.9545958042144775,0.6765227317810059
YKR082W,YHR001W-A,0,-7.05445,0.12363740801811218,0.9545958042144775,0.6766334176063538
YPL218W,YCR062W,0,-7.0556374,0.1236196756362915,0.9545958042144775,0.6767441630363464
YDL024C,YJR074W,0,-7.0565076,0.12360195070505142,0.9545958042144775,0.6768549084663391
YKL179C,YPR158C-D,0,-7.0566087,0.12358422577381134,0.9545958042144775,0.6769656538963318
YBL009W,YGR161W-A,0,-7.0566087,0.12356651574373245,0.9545958042144775,0.6770763993263245
YOL033W,YPR158C-D,0,-7.0570087,0.12354880571365356,0.9545958042144775,0.6771871447563171
YOR244W,YPR158C-D,0,-7.0571465,0.12353109568357468,0.9545958042144775,0.6772978901863098
YIR019C,YLR045C,0,-7.0573545,0.12351340055465698,0.9545958042144775,0.6774086356163025
YIL056W,YDR365W-A,0,-7.0578337,0.12349570542573929,0.9545958042144775,0.6775193810462952
YOR185C,YCR062W,0,-7.0581093,0.1234780102968216,0.9545958042144775,0.6776301264762878
YCR071C,YNL241C,0,-7.058991,0.1234603300690651,0.9545958042144775,0.6777408719062805
YBR161W,YPL244C,0,-7.0591507,0.1234426498413086,0.9545958042144775,0.6778516173362732
YBR161W,YGR161W-A,0,-7.059526,0.1234249696135521,0.9545958042144775,0.6779623627662659
YOR023C,YPR155C,0,-7.0599427,0.12340730428695679,0.9545958042144775,0.6780731081962585
YER123W,YGR251W,0,-7.060623,0.12338963896036148,0.9545958042144775,0.6781838536262512
YPL096C-A,YCR027C,0,-7.06112,0.12337197363376617,0.9545958042144775,0.6782945990562439
YHR098C,YPL060C-A,0,-7.0613165,0.12335432320833206,0.9545958042144775,0.6784053444862366
YPL117C,YPR158W-B,0,-7.061499,0.12333667278289795,0.9545958042144775,0.6785160303115845
YPL097W,YDR365W-A,0,-7.0615225,0.12331902980804443,0.9545958042144775,0.6786267757415771
YGR002C,YPL060C-A,0,-7.061708,0.12330138683319092,0.9545958042144775,0.6787375211715698
YML127W,YPL060C-A,0,-7.061745,0.123283751308918,0.9545958042144775,0.6788482666015625
YHR165C,YPR158C-D,0,-7.061978,0.12326612323522568,0.9545958042144775,0.6789590120315552
YEL036C,YHR214C-C,0,-7.0621567,0.12324849516153336,0.9545958042144775,0.6790697574615479
YER018C,YPR158W-B,0,-7.062261,0.12323088198900223,0.9545958042144775,0.6791805028915405
YHR086W,YPR158C-D,0,-7.062605,0.1232132613658905,0.9545958042144775,0.6792912483215332
YJL191W,YDR365W-A,0,-7.062799,0.12319565564393997,0.9545958042144775,0.6794019937515259
YDR343C,YIL150C,0,-7.0628543,0.12317804992198944,0.9545958042144775,0.6795127391815186
YJL106W,YMR129W,0,-7.065438,0.1231604516506195,0.9545958042144775,0.6796234846115112
YGL212W,YNL313C,0,-7.0654674,0.12314286082983017,0.9545958042144775,0.6797342300415039
YPL095C,YDL181W,0,-7.067612,0.12312527000904083,0.9545958042144775,0.6798449754714966
YDR194C,YCR062W,0,-7.0676956,0.12310768663883209,0.9545958042144775,0.6799557209014893
YLR139C,YIL101C,0,-7.0680656,0.12309010326862335,0.9545958042144775,0.6800664663314819
YBL097W,YHR014W,0,-7.0683284,0.12307252734899521,0.9545958042144775,0.6801772117614746
YGR212W,YOL129W,0,-7.068785,0.12305495887994766,0.9545958042144775,0.6802879571914673
YPL126W,YDL030W,0,-7.0691476,0.12303739786148071,0.9545958042144775,0.6803986430168152
YML057W,YPR167C,0,-7.069765,0.12301983684301376,0.9545958042144775,0.6805093884468079
YIL150C,YOR195W,0,-7.070091,0.12300228327512741,0.9545958042144775,0.6806201338768005
YPL115C,YER103W,0,-7.0703325,0.12298473715782166,0.9545958042144775,0.6807308793067932
YNL271C,YDR284C,0,-7.0704703,0.1229671910405159,0.9545958042144775,0.6808416247367859
YBR037C,YNL339C,0,-7.0714498,0.12294965237379074,0.9545958042144775,0.6809523701667786
YKL113C,YGR118W,0,-7.0722666,0.12293211370706558,0.9545958042144775,0.6810631155967712
YIL017W,YKL041W,1,-7.07229,0.12305717915296555,0.9557031989097595,0.6810631155967712
YJL018W,YHR001W-A,0,-7.0726123,0.12303963303565979,0.9557031989097595,0.6811738610267639
YDR503C,YER118C,0,-7.072702,0.12302209436893463,0.9557031989097595,0.6812846064567566
YPL137C,YER173W,0,-7.0732217,0.12300456315279007,0.9557031989097595,0.6813953518867493
YPL011C,YKL203C,0,-7.0734615,0.12298703193664551,0.9557031989097595,0.6815060973167419
YCR026C,YOR140W,0,-7.0739713,0.12296950817108154,0.9557031989097595,0.6816168427467346
YJL194W,YJL018W,0,-7.074046,0.12295198440551758,0.9557031989097595,0.6817275881767273
YCR071C,YDR296W,0,-7.074193,0.12293447554111481,0.9557031989097595,0.68183833360672
YPR191W,YEL024W,0,-7.074223,0.12291696667671204,0.9557031989097595,0.6819490790367126
YGL195W,YMR035W,0,-7.07429,0.12289945781230927,0.9557031989097595,0.6820598244667053
YLR394W,YML085C,0,-7.074776,0.12288195639848709,0.9557031989097595,0.682170569896698
YPL059W,YOR359W,0,-7.074996,0.12286446243524551,0.9557031989097595,0.6822812557220459
YDL013W,YNR032C-A,0,-7.0751305,0.12284697592258453,0.9557031989097595,0.6823920011520386
YER052C,YMR137C,0,-7.0752034,0.12282948940992355,0.9557031989097595,0.6825027465820312
YGR078C,YER123W,0,-7.0772896,0.12281201034784317,0.9557031989097595,0.6826134920120239
YDL192W,YMR035W,0,-7.0776014,0.12279453873634338,0.9557031989097595,0.6827242374420166
YBL103C,YPL237W,0,-7.0776496,0.1227770671248436,0.9557031989097595,0.6828349828720093
YLR284C,YDR086C,0,-7.078753,0.12275960296392441,0.9557031989097595,0.682945728302002
YKR038C,YER123W,0,-7.0790076,0.12274213880300522,0.9557031989097595,0.6830564737319946
YPR037C,YER126C,0,-7.079161,0.12272468954324722,0.9557031989097595,0.6831672191619873
YMR142C,YPL210C,0,-7.080067,0.12270724028348923,0.9557031989097595,0.68327796459198
YPL204W,YDL118W,0,-7.0801272,0.12268979102373123,0.9557031989097595,0.6833887100219727
YKL022C,YFL009W,1,-7.0801272,0.12281449884176254,0.9568106532096863,0.6833887100219727
YEL004W,YLR262C,0,-7.0802317,0.12279704213142395,0.9568106532096863,0.6834994554519653
YOL082W,YDR079C-A,0,-7.0803323,0.12277959287166595,0.9568106532096863,0.683610200881958
YDL226C,YGL090W,0,-7.0812197,0.12276215106248856,0.9568106532096863,0.6837209463119507
YCL051W,YDR077W,0,-7.0814233,0.12274470925331116,0.9568106532096863,0.6838316917419434
YGR041W,YOR340C,0,-7.0817113,0.12272727489471436,0.9568106532096863,0.683942437171936
YCR075C,YJR028W,0,-7.0834837,0.12270984053611755,0.9568106532096863,0.6840531826019287
YNL173C,YLR272C,0,-7.083495,0.12269241362810135,0.9568106532096863,0.6841638684272766
YKL170W,YKL129C,0,-7.0835757,0.12267499417066574,0.9568106532096863,0.6842746138572693
YGR249W,YNL167C,0,-7.084225,0.12265758216381073,0.9568106532096863,0.684385359287262
YBL099W,YOR140W,0,-7.0843396,0.12264017015695572,0.9568106532096863,0.6844961047172546
YLR208W,YIL017W,1,-7.0868573,0.1227646917104721,0.9579180479049683,0.6844961047172546
YDR030C,YDR393W,0,-7.0882096,0.1227472648024559,0.9579180479049683,0.6846068501472473
YER154W,YOR116C,0,-7.0885463,0.12272985279560089,0.9579180479049683,0.68471759557724
YOL130W,YJL018W,0,-7.08912,0.12271244078874588,0.9579180479049683,0.6848283410072327
YNR032C-A,YCR083W,0,-7.0898347,0.12269503623247147,0.9579180479049683,0.6849390864372253
YBL099W,YKR056W,0,-7.090054,0.12267763167619705,0.9579180479049683,0.685049831867218
YBR159W,YHR086W,0,-7.090265,0.12266023457050323,0.9579180479049683,0.6851605772972107
YGR249W,YGR186W,0,-7.0903425,0.12264284491539001,0.9579180479049683,0.6852713227272034
YER028C,YBL033C,0,-7.0905414,0.12262546271085739,0.9579180479049683,0.685382068157196
YGR086C,YBR037C,0,-7.0914063,0.12260808050632477,0.9579180479049683,0.6854928135871887
YDL188C,YPL234C,0,-7.091587,0.12259070575237274,0.9579180479049683,0.6856035590171814
YLR391W,YNL073W,0,-7.092242,0.12257333099842072,0.9579180479049683,0.6857143044471741
YMR012W,YAR002W,0,-7.092394,0.12255596369504929,0.9579180479049683,0.6858250498771667
YGR082W,YLR337W,0,-7.0924983,0.12253860384225845,0.9579180479049683,0.6859357953071594
YLR418C,YMR045C,0,-7.0926595,0.12252124398946762,0.9579180479049683,0.6860465407371521
YBR024W,YER082C,0,-7.0927963,0.12250389158725739,0.9579180479049683,0.6861572265625
YDR198C,YNL241C,0,-7.0938215,0.12248654663562775,0.9579180479049683,0.6862679719924927
YHR086W,YBR237W,0,-7.094894,0.1224692091345787,0.9579180479049683,0.6863787174224854
YFR050C,YIL017W,1,-7.094972,0.12259343266487122,0.9590254426002502,0.6863787174224854
YMR208W,YLR424W,0,-7.095991,0.12257608026266098,0.9590254426002502,0.686489462852478
YPR083W,YNL126W,0,-7.0962167,0.12255873531103134,0.9590254426002502,0.6866002082824707
YEL054C,YOR087W,0,-7.096724,0.1225413903594017,0.9590254426002502,0.6867109537124634
YOL082W,YOL149W,0,-7.097894,0.12252405285835266,0.9590254426002502,0.686821699142456
YNR032C-A,YPL268W,0,-7.1005206,0.12250672280788422,0.9590254426002502,0.6869324445724487
YFR028C,YPL234C,0,-7.100765,0.12248939275741577,0.9590254426002502,0.6870431900024414
YML061C,YFL058W,0,-7.100946,0.12247207015752792,0.9590254426002502,0.6871539354324341
YCR071C,YGL211W,0,-7.103849,0.12245474755764008,0.9590254426002502,0.6872646808624268
YPL237W,YNR048W,0,-7.1063914,0.12243743985891342,0.9590254426002502,0.6873754262924194
YBR102C,YGR211W,0,-7.109171,0.12242013216018677,0.9590254426002502,0.6874861717224121
YHR091C,YML028W,0,-7.1099935,0.12240282446146011,0.9590254426002502,0.6875969171524048
YJL071W,YCR038C,0,-7.1131606,0.12238553166389465,0.9590254426002502,0.6877076625823975
YLL011W,YPR107C,0,-7.113238,0.1223682314157486,0.9590254426002502,0.6878184080123901
YGR239C,YJR052W,0,-7.113622,0.12235094606876373,0.9590254426002502,0.6879291534423828
YER052C,YLL019C,0,-7.113666,0.12233366072177887,0.9590254426002502,0.6880398392677307
YCL025C,YLR246W,0,-7.1138215,0.1223163828253746,0.9590254426002502,0.6881505846977234
YJL115W,YJL208C,0,-7.114258,0.12229911237955093,0.9590254426002502,0.6882613301277161
YLL035W,YIR017C,0,-7.114995,0.12228184193372726,0.9590254426002502,0.6883720755577087
YDR216W,YKL149C,0,-7.1160803,0.12226457893848419,0.9590254426002502,0.6884828209877014
YJL196C,YML060W,0,-7.1167817,0.12224731594324112,0.9590254426002502,0.6885935664176941
YJL208C,YOR279C,0,-7.1168327,0.12223006039857864,0.9590254426002502,0.6887043118476868
YDL200C,YNL126W,0,-7.1168504,0.12221281230449677,0.9590254426002502,0.6888150572776794
YCL024W,YNR039C,0,-7.1169267,0.12219557166099548,0.9590254426002502,0.6889258027076721
YFL025C,YIL007C,1,-7.117783,0.12231941521167755,0.960132896900177,0.6889258027076721
YNL041C,YEL018W,0,-7.1180606,0.12230215966701508,0.960132896900177,0.6890365481376648
YJL018W,YPR191W,0,-7.119101,0.1222849115729332,0.960132896900177,0.6891472935676575
YDR216W,YJL018W,0,-7.1197486,0.12226766347885132,0.960132896900177,0.6892580389976501
YLR155C,YOR113W,0,-7.1201024,0.12225042283535004,0.960132896900177,0.6893687844276428
YEL053C,YCL043C,0,-7.121192,0.12223318964242935,0.960132896900177,0.6894795298576355
YCR084C,YDR495C,0,-7.1217585,0.12221595644950867,0.960132896900177,0.6895902752876282
YEL050C,YMR095C,0,-7.122641,0.12219873070716858,0.960132896900177,0.6897010207176208
YMR305C,YDR059C,0,-7.1235785,0.12218151241540909,0.960132896900177,0.6898117661476135
YNL129W,YDR285W,0,-7.124851,0.1221642941236496,0.960132896900177,0.6899224519729614
YER019W,YNL177C,0,-7.125527,0.1221470832824707,0.960132896900177,0.6900331974029541
YPL137C,YPL126W,0,-7.12631,0.1221298798918724,0.960132896900177,0.6901439428329468
YMR204C,YKL009W,0,-7.127072,0.12211267650127411,0.960132896900177,0.6902546882629395
YAR019C,YNL129W,0,-7.127711,0.12209548056125641,0.960132896900177,0.6903654336929321
YGL178W,YER006W,0,-7.128151,0.12207828462123871,0.960132896900177,0.6904761791229248
YPL121C,YCR084C,0,-7.128437,0.1220611035823822,0.960132896900177,0.6905869245529175
YBL080C,YDL083C,0,-7.129674,0.1220439225435257,0.960132896900177,0.6906976699829102
YIR009W,YGR074W,0,-7.1310554,0.12202674150466919,0.960132896900177,0.6908084154129028
YNL281W,YDR393W,0,-7.131182,0.12200956791639328,0.960132896900177,0.6909191608428955
YPR067W,YDR116C,0,-7.131227,0.12199240177869797,0.960132896900177,0.6910299062728882
YCR027C,YNL163C,0,-7.131464,0.12197523564100266,0.960132896900177,0.6911406517028809
YNL055C,YPR133C,0,-7.1327796,0.12195808440446854,0.960132896900177,0.6912513971328735
YML055W,YDR135C,0,-7.1332603,0.12194092571735382,0.960132896900177,0.6913621425628662
YDR138W,YOR143C,0,-7.134218,0.1219237819314003,0.960132896900177,0.6914728879928589
YBR102C,YNL247W,0,-7.1349015,0.12190663814544678,0.960132896900177,0.6915836334228516
YGR003W,YIL017W,1,-7.135059,0.12203008681535721,0.961240291595459,0.6915836334228516
YPL235W,YDR369C,0,-7.135074,0.12201293557882309,0.961240291595459,0.6916943788528442
YMR213W,YJL089W,0,-7.135147,0.12199578434228897,0.961240291595459,0.6918050646781921
YMR213W,YGL226C-A,0,-7.1370645,0.12197864055633545,0.961240291595459,0.6919158101081848
YPL214C,YIL101C,0,-7.137532,0.12196150422096252,0.961240291595459,0.6920265555381775
YGR220C,YNL202W,0,-7.1376357,0.1219443678855896,0.961240291595459,0.6921373009681702
YOR279C,YPL235W,0,-7.137732,0.12192723900079727,0.961240291595459,0.6922480463981628
YKL138C-A,YLR347C,0,-7.1385317,0.12191011011600494,0.961240291595459,0.6923587918281555
YCL003W,YJL191W,0,-7.139074,0.12189299613237381,0.961240291595459,0.6924695372581482
YBR243C,YDR416W,0,-7.139361,0.12187587469816208,0.961240291595459,0.6925802826881409
YGR041W,YLR347C,0,-7.139682,0.12185876816511154,0.961240291595459,0.6926910281181335
YDR216W,YDR495C,0,-7.140504,0.121841661632061,0.961240291595459,0.6928017735481262
YKR082W,YJR103W,0,-7.140637,0.12182456254959106,0.961240291595459,0.6929125189781189
YLR060W,YGR013W,0,-7.1409736,0.12180746346712112,0.961240291595459,0.6930232644081116
YGR244C,YHR042W,0,-7.1411653,0.12179037183523178,0.961240291595459,0.6931340098381042
YKR097W,YPR154W,0,-7.1412024,0.12177328765392303,0.961240291595459,0.6932447552680969
YKR066C,YOL149W,0,-7.1413445,0.12175620347261429,0.961240291595459,0.6933555006980896
YNR053C,YLR034C,0,-7.1448007,0.12173912674188614,0.961240291595459,0.6934662461280823
YML060W,YPL203W,0,-7.1451416,0.12172205746173859,0.961240291595459,0.693576991558075
YKL212W,YDL235C,0,-7.1451745,0.12170498818159103,0.961240291595459,0.6936877369880676
YNL292W,YDR164C,0,-7.1471076,0.12168792635202408,0.961240291595459,0.6937984228134155
YCL040W,YDR434W,0,-7.147236,0.12167087197303772,0.961240291595459,0.6939091682434082
YKL004W,YGR004W,0,-7.1477394,0.12165381759405136,0.961240291595459,0.6940199136734009
YGR216C,YKR038C,0,-7.147838,0.1216367706656456,0.961240291595459,0.6941306591033936
YML067C,YKL082C,0,-7.147968,0.12161973118782043,0.961240291595459,0.6942414045333862
YJL208C,YDR079W,0,-7.147972,0.12160269170999527,0.961240291595459,0.6943521499633789
YGR159C,YOR008C-A,0,-7.148171,0.1215856596827507,0.961240291595459,0.6944628953933716
YOR371C,YPL097W,0,-7.1493073,0.12156862765550613,0.961240291595459,0.6945736408233643
YBR131W,YGL209W,0,-7.150635,0.12155160307884216,0.961240291595459,0.6946843862533569
YMR301C,YMR087W,0,-7.151241,0.12153458595275879,0.961240291595459,0.6947951316833496
YOL086C,YOL082W,0,-7.1528106,0.12151756882667542,0.961240291595459,0.6949058771133423
YNL055C,YDR404C,0,-7.153422,0.12150055915117264,0.961240291595459,0.695016622543335
YPR154W,YHR006W,0,-7.157766,0.12148355692625046,0.961240291595459,0.6951273679733276
YMR137C,YER082C,0,-7.158419,0.12146655470132828,0.961240291595459,0.6952381134033203
YNL232W,YDR236C,0,-7.1590996,0.1214495599269867,0.961240291595459,0.695348858833313
YPR185W,YPL274W,0,-7.1595697,0.12143256515264511,0.961240291595459,0.6954596042633057
YIL140W,YOR327C,0,-7.1601286,0.12141558527946472,0.961240291595459,0.6955703496932983
YDR284C,YDR492W,0,-7.1612296,0.12139859795570374,0.961240291595459,0.6956810355186462
YOL040C,YPL274W,0,-7.1613617,0.12138162553310394,0.961240291595459,0.6957917809486389
YPL026C,YBR165W,0,-7.1614304,0.12136465311050415,0.961240291595459,0.6959025263786316
YDR216W,YML028W,0,-7.162159,0.12134768813848495,0.961240291595459,0.6960132718086243
YCR026C,YDR412W,0,-7.1622276,0.12133072316646576,0.961240291595459,0.6961240172386169
YJL194W,YDR036C,0,-7.162377,0.12131376564502716,0.961240291595459,0.6962347626686096
YHL002W,YDR311W,0,-7.163035,0.12129681557416916,0.961240291595459,0.6963455080986023
YDR216W,YER001W,0,-7.163133,0.12127986550331116,0.961240291595459,0.696456253528595
YNL129W,YLR272C,0,-7.165241,0.12126292288303375,0.961240291595459,0.6965669989585876
YCR055C,YPL022W,0,-7.166296,0.12124598771333694,0.961240291595459,0.6966777443885803
YMR204C,YDR276C,0,-7.1671977,0.12122905254364014,0.961240291595459,0.696788489818573
YNL041C,YFL002W-A,0,-7.1676483,0.12121212482452393,0.961240291595459,0.6968992352485657
YHR055C,YCL051W,0,-7.1679187,0.12119519710540771,0.961240291595459,0.6970099806785583
YGR098C,YPR190C,0,-7.1684484,0.1211782768368721,0.961240291595459,0.697120726108551
YLR078C,YFR053C,0,-7.168854,0.12116136401891708,0.961240291595459,0.6972314715385437
YNL101W,YOR018W,0,-7.169077,0.12114445120096207,0.961240291595459,0.6973422169685364
YNR010W,YLR134W,0,-7.170317,0.12112754583358765,0.961240291595459,0.697452962398529
YGR002C,YDL118W,0,-7.17116,0.12111064791679382,0.961240291595459,0.697563648223877
YGR225W,YCR027C,0,-7.171928,0.12109375,0.961240291595459,0.6976743936538696
YDR055W,YPR191W,0,-7.172651,0.12107685953378677,0.961240291595459,0.6977851390838623
YGL035C,YJL141C,0,-7.1729884,0.12105996906757355,0.961240291595459,0.697895884513855
YLR384C,YBL102W,0,-7.1730375,0.12104309350252151,0.961240291595459,0.6980066299438477
YGL183C,YCR062W,0,-7.1730833,0.12102621048688889,0.961240291595459,0.6981173753738403
YMR012W,YOR137C,0,-7.1743255,0.12100934237241745,0.961240291595459,0.698228120803833
YKL179C,YDL081C,0,-7.174329,0.12099247425794601,0.961240291595459,0.6983388662338257
YPL265W,YGR008C,0,-7.175985,0.12097560614347458,0.961240291595459,0.6984496116638184
YJR089W,YOR061W,0,-7.1761675,0.12095875293016434,0.961240291595459,0.698560357093811
YGR003W,YKL002W,1,-7.17648,0.12108123302459717,0.9623477458953857,0.698560357093811
YOR150W,YJL191W,0,-7.1767945,0.12106436491012573,0.9623477458953857,0.6986711025238037
YMR067C,YIL017W,1,-7.1777034,0.12118679285049438,0.9634551405906677,0.6986711025238037
YKL208W,YLR347C,0,-7.1780515,0.12116991728544235,0.9634551405906677,0.6987818479537964
YFL022C,YPL218W,0,-7.1783414,0.12115304172039032,0.9634551405906677,0.6988925933837891
YOR112W,YDR245W,0,-7.1784286,0.12113617360591888,0.9634551405906677,0.6990033388137817
YKL057C,YIL115C,0,-7.179296,0.12111931294202805,0.9634551405906677,0.6991140842437744
YGR145W,YNR032C-A,0,-7.1798306,0.12110245227813721,0.9634551405906677,0.6992248296737671
YDL051W,YMR140W,0,-7.179848,0.12108559161424637,0.9634551405906677,0.6993355751037598
YBR159W,YAL001C,0,-7.179942,0.12106874585151672,0.9634551405906677,0.6994462609291077
YMR280C,YDR473C,0,-7.1800838,0.12105190008878708,0.9634551405906677,0.6995570063591003
YLR129W,YNL281W,0,-7.180663,0.12103506177663803,0.9634551405906677,0.699667751789093
YNR035C,YOR178C,0,-7.1811843,0.12101822346448898,0.9634551405906677,0.6997784972190857
YDL044C,YCL075W,0,-7.181747,0.12100139260292053,0.9634551405906677,0.6998892426490784
YNL232W,YCR055C,0,-7.182017,0.12098456174135208,0.9634551405906677,0.699999988079071
YDL051W,YJR026W,0,-7.182532,0.12096773833036423,0.9634551405906677,0.7001107335090637
YPL115C,YDL031W,0,-7.183641,0.12095092236995697,0.9634551405906677,0.7002214789390564
YBL084C,YKL041W,1,-7.18372,0.12107311934232712,0.9645625948905945,0.7002214789390564
YAL011W,YOR008C-A,0,-7.1837316,0.12105628848075867,0.9645625948905945,0.7003322243690491
YMR016C,YMR045C,0,-7.1839323,0.12103946506977081,0.9645625948905945,0.7004429697990417
YDR101C,YML131W,0,-7.184855,0.12102264910936356,0.9645625948905945,0.7005537152290344
YPL146C,YOL129W,0,-7.1856885,0.1210058331489563,0.9645625948905945,0.7006644606590271
YER019C-A,YPL214C,0,-7.186623,0.12098902463912964,0.9645625948905945,0.7007752060890198
YGR195W,YGL104C,0,-7.1873655,0.12097222357988358,0.9645625948905945,0.7008859515190125
YDL031W,YGR212W,0,-7.188514,0.12095542252063751,0.9645625948905945,0.7009966969490051
YNL118C,YAR008W,0,-7.1888433,0.12093862891197205,0.9645625948905945,0.7011074423789978
YBR131W,YML085C,0,-7.189177,0.12092183530330658,0.9645625948905945,0.7012181878089905
YBL099W,YGR007W,0,-7.189324,0.12090504914522171,0.9645625948905945,0.7013289332389832
YBR177C,YNL009W,0,-7.189463,0.12088827043771744,0.9645625948905945,0.701439619064331
YDL013W,YJL089W,0,-7.1898193,0.12087149918079376,0.9645625948905945,0.7015503644943237
YHR070W,YOR008C-A,0,-7.1906457,0.12085472792387009,0.9645625948905945,0.7016611099243164
YLR134W,YER053C,0,-7.1907744,0.12083795666694641,0.9645625948905945,0.7017718553543091
YLR316C,YJR103W,0,-7.1913476,0.12082119286060333,0.9645625948905945,0.7018826007843018
YOR036W,YBR237W,0,-7.191703,0.12080443650484085,0.9645625948905945,0.7019933462142944
YKR066C,YJL072C,0,-7.1917872,0.12078768759965897,0.9645625948905945,0.7021040916442871
YPR006C,YDR076W,0,-7.1919312,0.12077093869447708,0.9645625948905945,0.7022148370742798
YPL210C,YNL247W,0,-7.192191,0.1207541972398758,0.9645625948905945,0.7023255825042725
YIL062C,YLR391W,0,-7.193444,0.1207374557852745,0.9645625948905945,0.7024363279342651
YGL236C,YLR362W,0,-7.193677,0.12072072178125381,0.9645625948905945,0.7025470733642578
YDR517W,YDR296W,0,-7.1937356,0.12070398777723312,0.9645625948905945,0.7026578187942505
YIL017W,YDR057W,1,-7.1942353,0.12082582712173462,0.9656699895858765,0.7026578187942505
YJR150C,YGR129W,0,-7.19443,0.12080908566713333,0.9656699895858765,0.7027685642242432
YNR058W,YGL112C,0,-7.194773,0.12079235166311264,0.9656699895858765,0.7028793096542358
YGR057C,YPL268W,0,-7.194877,0.12077562510967255,0.9656699895858765,0.7029900550842285
YPR201W,YLR337W,0,-7.195598,0.12075889855623245,0.9656699895858765,0.7031008005142212
YNL129W,YKL188C,0,-7.196563,0.12074217945337296,0.9656699895858765,0.7032115459442139
YKL016C,YGL253W,0,-7.196698,0.12072546035051346,0.9656699895858765,0.7033222317695618
YBR161W,YNL135C,0,-7.196934,0.12070874869823456,0.9656699895858765,0.7034329771995544
YKL138C-A,YNL294C,0,-7.197606,0.12069204449653625,0.9656699895858765,0.7035437226295471
YCL051W,YCR033W,0,-7.197866,0.12067534029483795,0.9656699895858765,0.7036544680595398
YIL140W,YFL058W,0,-7.1991186,0.12065864354372025,0.9656699895858765,0.7037652134895325
YNR032C-A,YER001W,0,-7.199181,0.12064194679260254,0.9656699895858765,0.7038759589195251
YDR236C,YCL075W,0,-7.1994843,0.12062525749206543,0.9656699895858765,0.7039867043495178
YOR076C,YBR118W,0,-7.1996536,0.12060857564210892,0.9656699895858765,0.7040974497795105
YPR025C,YMR142C,0,-7.201134,0.1205918937921524,0.9656699895858765,0.7042081952095032
YKL170W,YNL221C,0,-7.201361,0.12057521939277649,0.9656699895858765,0.7043189406394958
YDR198C,YKL214C,0,-7.2015266,0.12055855244398117,0.9656699895858765,0.7044296860694885
YPL227C,YAL041W,0,-7.20182,0.12054188549518585,0.9656699895858765,0.7045404314994812
YMR314W,YIL017W,1,-7.2038856,0.12066344171762466,0.9667773842811584,0.7045404314994812
YNL054W,YIL082W-A,0,-7.204168,0.12064676731824875,0.9667773842811584,0.7046511769294739
YOR245C,YDL024C,0,-7.204451,0.12063009291887283,0.9667773842811584,0.7047619223594666
YHR006W,YLR262C,0,-7.2055497,0.12061342597007751,0.9667773842811584,0.7048726677894592
YNL286W,YBR247C,0,-7.206912,0.12059676647186279,0.9667773842811584,0.7049834132194519
YKR082W,YGR212W,0,-7.2072077,0.12058010697364807,0.9667773842811584,0.7050941586494446
YOR178C,YDR460W,0,-7.2074113,0.12056345492601395,0.9667773842811584,0.7052048444747925
YLR039C,YIL008W,0,-7.2075505,0.12054681032896042,0.9667773842811584,0.7053155899047852
YML065W,YCR060W,0,-7.2075677,0.12053016573190689,0.9667773842811584,0.7054263353347778
YIL033C,YKL113C,0,-7.2076735,0.12051352858543396,0.9667773842811584,0.7055370807647705
YOR178C,YPL268W,0,-7.20783,0.12049689143896103,0.9667773842811584,0.7056478261947632
YDL198C,YKL154W,0,-7.2090793,0.1204802617430687,0.9667773842811584,0.7057585716247559
YPL231W,YDR116C,0,-7.209153,0.12046363949775696,0.9667773842811584,0.7058693170547485
YBR207W,YGR180C,0,-7.20994,0.12044701725244522,0.9667773842811584,0.7059800624847412
YJL214W,YER103W,0,-7.2106147,0.12043040245771408,0.9667773842811584,0.7060908079147339
YLR391W,YPL235W,0,-7.2118,0.12041379511356354,0.9667773842811584,0.7062015533447266
YLR347C,YBL046W,0,-7.211927,0.120397187769413,0.9667773842811584,0.7063122987747192
YKL074C,YKR056W,0,-7.2128444,0.12038058787584305,0.9667773842811584,0.7064230442047119
YPL227C,YKL129C,0,-7.215567,0.1203639879822731,0.9667773842811584,0.7065337896347046
YIR019C,YBR118W,0,-7.215738,0.12034739553928375,0.9667773842811584,0.7066445350646973
YLR424W,YHR070W,0,-7.215835,0.1203308030962944,0.9667773842811584,0.7067552804946899
YDR343C,YJR026W,0,-7.216409,0.12031422555446625,0.9667773842811584,0.7068660259246826
YOR023C,YLL061W,0,-7.2173214,0.1202976405620575,0.9667773842811584,0.7069767713546753
YGL253W,YHR092C,0,-7.2175484,0.12028107047080994,0.9667773842811584,0.7070874571800232
YLL035W,YGL070C,0,-7.218262,0.12026450037956238,0.9667773842811584,0.7071982026100159
YLR052W,YCL075W,0,-7.218275,0.12024793028831482,0.9667773842811584,0.7073089480400085
YBL008W,YAL001C,0,-7.218804,0.12023137509822845,0.9667773842811584,0.7074196934700012
YHR165C,YDR412W,0,-7.219069,0.12021481990814209,0.9667773842811584,0.7075304388999939
YKL054C,YDR306C,1,-7.2192087,0.12033595144748688,0.9678848385810852,0.7075304388999939
YFL009W,YIL017W,1,-7.2193704,0.12045704573392868,0.9689922332763672,0.7075304388999939
YGL195W,YJR042W,0,-7.219719,0.12044046819210052,0.9689922332763672,0.7076411843299866
YFR028C,YDR174W,0,-7.219888,0.12042389065027237,0.9689922332763672,0.7077519297599792
YNR058W,YAL015C,0,-7.2199087,0.12040732055902481,0.9689922332763672,0.7078626751899719
YIL002C,YLR337W,0,-7.2199197,0.12039075046777725,0.9689922332763672,0.7079734206199646
YDR174W,YJL214W,0,-7.2200828,0.12037419527769089,0.9689922332763672,0.7080841660499573
YBR288C,YLR106C,0,-7.220096,0.12035763263702393,0.9689922332763672,0.70819491147995
YCR075C,YDR162C,0,-7.2204943,0.12034107744693756,0.9689922332763672,0.7083056569099426
YJR150C,YOR120W,0,-7.2217307,0.1203245297074318,0.9689922332763672,0.7084164023399353
YNL207W,YGL169W,0,-7.2235603,0.12030798941850662,0.9689922332763672,0.708527147769928
YPR065W,YHR014W,0,-7.2238307,0.12029144912958145,0.9689922332763672,0.7086378931999207
YMR016C,YOR332W,0,-7.2241654,0.12027491629123688,0.9689922332763672,0.7087486386299133
YBR273C,YIL017W,1,-7.2247815,0.12039582431316376,0.970099687576294,0.7087486386299133
YGL071W,YOL130W,0,-7.225059,0.12037927657365799,0.970099687576294,0.708859384059906
YKL129C,YGL115W,0,-7.2252603,0.12036273628473282,0.970099687576294,0.7089700698852539
YMR136W,YIL150C,0,-7.225346,0.12034620344638824,0.970099687576294,0.7090808153152466
YIL140W,YIR041W,0,-7.2265987,0.12032967060804367,0.970099687576294,0.7091915607452393
YBL079W,YGR013W,0,-7.2275543,0.1203131452202797,0.970099687576294,0.7093023061752319
YKR082W,YJL210W,0,-7.228168,0.12029661983251572,0.970099687576294,0.7094130516052246
YLR129W,YJR068W,0,-7.2301283,0.12028010189533234,0.970099687576294,0.7095237970352173
YGR041W,YMR047C,0,-7.2325826,0.12026359140872955,0.970099687576294,0.70963454246521
YDR016C,YOR046C,0,-7.2334056,0.12024708092212677,0.970099687576294,0.7097452878952026
YDR423C,YOR143C,0,-7.233796,0.12023057788610458,0.970099687576294,0.7098560333251953
YFL013C,YGL039W,0,-7.233916,0.120214082300663,0.970099687576294,0.709966778755188
YJR150C,YPL152W,0,-7.2341423,0.1201975867152214,0.970099687576294,0.7100775241851807
YDR508C,YGR238C,0,-7.234192,0.12018109112977982,0.970099687576294,0.7101882696151733
YCR020W-B,YKL057C,0,-7.2344575,0.12016461044549942,0.970099687576294,0.710299015045166
YNL135C,YNL177C,0,-7.23493,0.12014812976121902,0.970099687576294,0.7104097604751587
YJL157C,YPL203W,0,-7.236008,0.12013164907693863,0.970099687576294,0.7105205059051514
YBL084C,YIL017W,1,-7.2361093,0.12025229632854462,0.9712070822715759,0.7105205059051514
YNR058W,YDR254W,0,-7.236237,0.12023580819368362,0.9712070822715759,0.710631251335144
YBR296C,YNL221C,0,-7.23698,0.12021932750940323,0.9712070822715759,0.7107419967651367
YKL004W,YKL134C,0,-7.237346,0.12020285427570343,0.9712070822715759,0.7108527421951294
YML081C-A,YML085C,0,-7.23807,0.12018638104200363,0.9712070822715759,0.7109634280204773
YKL009W,YCR062W,0,-7.238607,0.12016990780830383,0.9712070822715759,0.71107417345047
YML078W,YOR120W,0,-7.238916,0.12015344202518463,0.9712070822715759,0.7111849188804626
YMR301C,YFR037C,0,-7.239032,0.12013698369264603,0.9712070822715759,0.7112956643104553
YEL036C,YGR251W,0,-7.241281,0.12012053281068802,0.9712070822715759,0.711406409740448
YFL013C,YOR327C,0,-7.2422743,0.12010408192873001,0.9712070822715759,0.7115171551704407
YLR098C,YDR016C,0,-7.2429156,0.1200876384973526,0.9712070822715759,0.7116279006004333
YDR120C,YGR251W,0,-7.243082,0.12007119506597519,0.9712070822715759,0.711738646030426
YER032W,YIL063C,0,-7.2431216,0.12005475908517838,0.9712070822715759,0.7118493914604187
YGR007W,YIR041W,0,-7.243309,0.12003832310438156,0.9712070822715759,0.7119601368904114
YPL233W,YHR070W,0,-7.2438083,0.12002189457416534,0.9712070822715759,0.712070882320404
YDR245W,YLR337W,0,-7.2443795,0.12000547349452972,0.9712070822715759,0.7121816277503967
YJR150C,YCL055W,0,-7.245771,0.1199890524148941,0.9712070822715759,0.7122923731803894
YOR113W,YKL082C,0,-7.2460427,0.11997263878583908,0.9712070822715759,0.7124031186103821
YKL212W,YFL008W,0,-7.2463512,0.11995623260736465,0.9712070822715759,0.7125138640403748
YHL003C,YPL126W,0,-7.247355,0.11993982642889023,0.9712070822715759,0.7126246094703674
YOR185C,YJL013C,0,-7.2474046,0.1199234277009964,0.9712070822715759,0.7127353549003601
YGR244C,YCL019W,0,-7.2477813,0.11990702897310257,0.9712070822715759,0.712846040725708
YER183C,YCR026C,0,-7.249453,0.11989063769578934,0.9712070822715759,0.7129567861557007
YAL068C,YHR070W,0,-7.251453,0.1198742464184761,0.9712070822715759,0.7130675315856934
YGL035C,YJL089W,0,-7.2516026,0.11985786259174347,0.9712070822715759,0.713178277015686
YFL058W,YML085C,0,-7.2520623,0.11984148621559143,0.9712070822715759,0.7132890224456787
YLR155C,YLR189C,0,-7.2525916,0.11982510983943939,0.9712070822715759,0.7133997678756714
YLR246W,YKR056W,0,-7.252788,0.11980874091386795,0.9712070822715759,0.7135105133056641
YOL127W,YLR272C,0,-7.2528615,0.1197923794388771,0.9712070822715759,0.7136212587356567
YGL168W,YMR087W,0,-7.254892,0.11977601796388626,0.9712070822715759,0.7137320041656494
YML081C-A,YER126C,0,-7.2557673,0.11975966393947601,0.9712070822715759,0.7138427495956421
YNL169C,YPL153C,0,-7.2563,0.11974330991506577,0.9712070822715759,0.7139534950256348
YGR113W,YCR062W,0,-7.2563596,0.11972696334123611,0.9712070822715759,0.7140642404556274
YDR296W,YCR062W,0,-7.2571545,0.11971061676740646,0.9712070822715759,0.7141749858856201
YMR012W,YBR272C,0,-7.257274,0.119694285094738,0.9712070822715759,0.7142857313156128
YGR225W,YKR056W,0,-7.2577057,0.11967794597148895,0.9712070822715759,0.7143964767456055
YDL099W,YEL050C,0,-7.258281,0.11966162174940109,0.9712070822715759,0.7145072221755981
YIL095W,YMR260C,0,-7.258631,0.11964529007673264,0.9712070822715759,0.7146179676055908
YAR019C,YIL063C,0,-7.2586665,0.11962897330522537,0.9712070822715759,0.7147286534309387
YNL232W,YMR216C,0,-7.2587934,0.11961265653371811,0.9712070822715759,0.7148393988609314
YKL135C,YKL086W,0,-7.258923,0.11959634721279144,0.9712070822715759,0.7149501442909241
YLR032W,YCR060W,0,-7.258962,0.11958003789186478,0.9712070822715759,0.7150608897209167
YMR075W,YHR152W,0,-7.259151,0.11956373602151871,0.9712070822715759,0.7151716351509094
YPL121C,YPR036W,0,-7.259757,0.11954743415117264,0.9712070822715759,0.7152823805809021
YEL018W,YDR404C,0,-7.2607427,0.11953114718198776,0.9712070822715759,0.7153931260108948
YDR411C,YLR106C,0,-7.26168,0.11951485276222229,0.9712070822715759,0.7155038714408875
YBR210W,YOR103C,0,-7.2616906,0.11949856579303741,0.9712070822715759,0.7156146168708801
YKL046C,YCR075C,0,-7.261835,0.11948228627443314,0.9712070822715759,0.7157253623008728
YPL115C,YIL082W-A,0,-7.2620854,0.11946601420640945,0.9712070822715759,0.7158361077308655
YDR284C,YNL313C,0,-7.2629523,0.11944974213838577,0.9712070822715759,0.7159468531608582
YMR065W,YKL009W,0,-7.2645235,0.11943347752094269,0.9712070822715759,0.7160575985908508
YOL011W,YLR386W,0,-7.2657695,0.1194172129034996,0.9712070822715759,0.7161683440208435
YLR032W,YOL080C,0,-7.2665253,0.11940095573663712,0.9712070822715759,0.7162790894508362
YEL053C,YKL214C,0,-7.2676744,0.11938469856977463,0.9712070822715759,0.7163898348808289
YFR053C,YML065W,0,-7.268494,0.11936844885349274,0.9712070822715759,0.7165005803108215
YMR080C,YJL080C,0,-7.268887,0.11935220658779144,0.9712070822715759,0.7166112661361694
YLR039C,YML085C,0,-7.269686,0.11933596432209015,0.9712070822715759,0.7167220115661621
YMR129W,YDR077W,0,-7.2704043,0.11931972950696945,0.9712070822715759,0.7168327569961548
YDR384C,YAL011W,0,-7.2706137,0.11930349469184875,0.9712070822715759,0.7169435024261475
YCR086W,YHR039C,0,-7.2727513,0.11928726732730865,0.9712070822715759,0.7170542478561401
YNR032C-A,YJL102W,0,-7.2731605,0.11927104741334915,0.9712070822715759,0.7171649932861328
YOR371C,YAL001C,0,-7.2731757,0.11925482749938965,0.9712070822715759,0.7172757387161255
YER061C,YOR386W,0,-7.2737765,0.11923861503601074,0.9712070822715759,0.7173864841461182
YIL008W,YCR062W,0,-7.274735,0.11922240257263184,0.9712070822715759,0.7174972295761108
YMR212C,YLR106C,0,-7.2752404,0.11920619755983353,0.9712070822715759,0.7176079750061035
YPL137C,YPL235W,0,-7.2764153,0.11918999999761581,0.9712070822715759,0.7177187204360962
YAL058W,YDR306C,1,-7.2767367,0.1193096861243248,0.9723145365715027,0.7177187204360962
YCR072C,YDR495C,0,-7.2769637,0.11929348111152649,0.9723145365715027,0.7178294658660889
YBR159W,YKR059W,0,-7.277142,0.11927726864814758,0.9723145365715027,0.7179402112960815
YOL082W,YLR316C,0,-7.278297,0.11926107108592987,0.9723145365715027,0.7180509567260742
YJL024C,YLR136C,0,-7.2784886,0.11924487352371216,0.9723145365715027,0.7181617021560669
YDR312W,YOR008C-A,0,-7.2785916,0.11922868341207504,0.9723145365715027,0.7182724475860596
YBL084C,YDR306C,1,-7.2791066,0.11934826523065567,0.9734219312667847,0.7182724475860596
YOR150W,YMR016C,0,-7.280429,0.11933206766843796,0.9734219312667847,0.7183831930160522
YGR041W,YDR283C,0,-7.2805343,0.11931587010622025,0.9734219312667847,0.7184939384460449
YDL051W,YAL016W,0,-7.281677,0.11929967254400253,0.9734219312667847,0.7186046242713928
YLL009C,YJR031C,0,-7.284352,0.11928348243236542,0.9734219312667847,0.7187153697013855
YLR391W,YMR247C,0,-7.2854314,0.1192672997713089,0.9734219312667847,0.7188261151313782
YDL181W,YDR312W,0,-7.285775,0.11925111711025238,0.9734219312667847,0.7189368605613708
YDL024C,YBR296C,0,-7.2881465,0.11923494189977646,0.9734219312667847,0.7190476059913635
YER173W,YPL218W,0,-7.288588,0.11921877413988113,0.9734219312667847,0.7191583514213562
YNL118C,YIL115C,0,-7.2889576,0.11920260637998581,0.9734219312667847,0.7192690968513489
YMR162C,YDR495C,0,-7.28946,0.11918643862009048,0.9734219312667847,0.7193798422813416
YER173W,YPR182W,0,-7.289486,0.11917027831077576,0.9734219312667847,0.7194905877113342
YPL096C-A,YKR082W,0,-7.2898765,0.11915412545204163,0.9734219312667847,0.7196013331413269
YER103W,YGR251W,0,-7.290097,0.11913798004388809,0.9734219312667847,0.7197120785713196
YGR145W,YOR119C,0,-7.290114,0.11912183463573456,0.9734219312667847,0.7198228240013123
YPR190C,YNL054W,0,-7.2903543,0.11910568922758102,0.9734219312667847,0.7199335694313049
YLL060C,YMR305C,0,-7.2915716,0.11908955127000809,0.9734219312667847,0.7200443148612976
YDL192W,YBR102C,0,-7.2934647,0.11907342076301575,0.9734219312667847,0.7201550602912903
YDL093W,YPR065W,0,-7.2944307,0.11905729025602341,0.9734219312667847,0.720265805721283
YPL268W,YPR189W,0,-7.2944627,0.11904116719961166,0.9734219312667847,0.7203765511512756
YLL061W,YGR195W,0,-7.2945814,0.11902505159378052,0.9734219312667847,0.7204872369766235
YLR459W,YGR129W,0,-7.29546,0.11900893598794937,0.9734219312667847,0.7205979824066162
YGL236C,YGR074W,0,-7.29557,0.11899282783269882,0.9734219312667847,0.7207087278366089
YBR159W,YOL011W,0,-7.296506,0.11897671967744827,0.9734219312667847,0.7208194732666016
YCL055W,YDR393W,0,-7.2973695,0.11896061897277832,0.9734219312667847,0.7209302186965942
YNL041C,YKL009W,0,-7.29848,0.11894451826810837,0.9734219312667847,0.7210409641265869
YAL012W,YML098W,0,-7.298629,0.11892842501401901,0.9734219312667847,0.7211517095565796
YPL126W,YML060W,0,-7.299337,0.11891233921051025,0.9734219312667847,0.7212624549865723
YLR210W,YPL117C,0,-7.2996864,0.1188962534070015,0.9734219312667847,0.7213732004165649
YOL026C,YKL009W,0,-7.300386,0.11888017505407333,0.9734219312667847,0.7214839458465576
YML098W,YML085C,0,-7.3015227,0.11886409670114517,0.9734219312667847,0.7215946912765503
YOR120W,YOR328W,0,-7.301866,0.11884802579879761,0.9734219312667847,0.721705436706543
YLL060C,YMR087W,0,-7.3023257,0.11883196234703064,0.9734219312667847,0.7218161821365356
YER053C,YAR010C,0,-7.3033137,0.11881589889526367,0.9734219312667847,0.7219269275665283
YMR162C,YKL057C,0,-7.3038054,0.1187998354434967,0.9734219312667847,0.722037672996521
YNL282W,YCR062W,0,-7.3040557,0.11878378689289093,0.9734219312667847,0.7221484184265137
YBR037C,YFL058W,0,-7.3044257,0.11876773089170456,0.9734219312667847,0.7222591638565063
YDL051W,YLR425W,0,-7.3045545,0.11875168979167938,0.9734219312667847,0.7223698496818542
YDR071C,YKL113C,0,-7.305931,0.1187356486916542,0.9734219312667847,0.7224805951118469
YML081C-A,YAL068C,0,-7.30627,0.11871960759162903,0.9734219312667847,0.7225913405418396
YDR069C,YIL017W,1,-7.306748,0.11883862316608429,0.9745293259620667,0.7225913405418396
YJL112W,YGR004W,0,-7.307138,0.11882257461547852,0.9745293259620667,0.7227020859718323
YGL043W,YIL048W,0,-7.3075147,0.11880653351545334,0.9745293259620667,0.722812831401825
YKL182W,YFR033C,0,-7.3075747,0.11879049986600876,0.9745293259620667,0.7229235768318176
YPL235W,YLL011W,0,-7.308285,0.11877446621656418,0.9745293259620667,0.7230343222618103
YDL181W,YJL018W,0,-7.308714,0.1187584325671196,0.9745293259620667,0.723145067691803
YAL054C,YML012W,0,-7.30895,0.11874240636825562,0.9745293259620667,0.7232558131217957
YNL292W,YJL012C,0,-7.3091617,0.11872638761997223,0.9745293259620667,0.7233665585517883
YAL068C,YJR052W,0,-7.3095937,0.11871037632226944,0.9745293259620667,0.723477303981781
YLR394W,YNL055C,0,-7.3114953,0.11869436502456665,0.9745293259620667,0.7235880494117737
YJR031C,YDR245W,0,-7.312142,0.11867835372686386,0.9745293259620667,0.7236987948417664
YDR030C,YMR216C,0,-7.3128543,0.11866234987974167,0.9745293259620667,0.723809540271759
YEL036C,YFL024C,0,-7.3129244,0.11864635348320007,0.9745293259620667,0.7239202857017517
YKL016C,YHR098C,0,-7.3137164,0.11863035708665848,0.9745293259620667,0.7240310311317444
YDR256C,YDR205W,0,-7.3144403,0.11861436814069748,0.9745293259620667,0.7241417765617371
YKL212W,YML055W,0,-7.315002,0.11859837919473648,0.9745293259620667,0.724252462387085
YJR074W,YMR087W,0,-7.3156095,0.11858239769935608,0.9745293259620667,0.7243632078170776
YKL179C,YML131W,0,-7.3159356,0.11856642365455627,0.9745293259620667,0.7244739532470703
YKL129C,YNL279W,0,-7.316774,0.11855044960975647,0.9745293259620667,0.724584698677063
YKL016C,YCR055C,0,-7.3181534,0.11853448301553726,0.9745293259620667,0.7246954441070557
YPR007C,YPL243W,0,-7.320584,0.11851851642131805,0.9745293259620667,0.7248061895370483
YMR280C,YKL173W,0,-7.320988,0.11850255727767944,0.9745293259620667,0.724916934967041
YBR023C,YNL201C,0,-7.3219,0.11848660558462143,0.9745293259620667,0.7250276803970337
YML078W,YAL010C,0,-7.322023,0.11847065389156342,0.9745293259620667,0.7251384258270264
YER107C,YJR026W,0,-7.323269,0.1184547021985054,0.9745293259620667,0.725249171257019
YKL134C,YPL274W,0,-7.325282,0.11843876540660858,0.9745293259620667,0.7253599166870117
YOL097C,YDR285W,0,-7.325413,0.11842282116413116,0.9745293259620667,0.7254706621170044
YDR054C,YHR200W,1,-7.325448,0.11854144185781479,0.9756367802619934,0.7254706621170044
YPR201W,YJL124C,0,-7.325503,0.11852549761533737,0.9756367802619934,0.7255814075469971
YDL181W,YGL226C-A,0,-7.3258443,0.11850955337285995,0.9756367802619934,0.7256921529769897
YNL110C,YGL104C,0,-7.326275,0.11849360913038254,0.9756367802619934,0.7258028984069824
YGL169W,YDR059C,0,-7.326865,0.11847767978906631,0.9756367802619934,0.7259136438369751
YPL160W,YLR337W,0,-7.3274593,0.1184617429971695,0.9756367802619934,0.7260243892669678
YPL137C,YGL236C,0,-7.328165,0.11844582110643387,0.9756367802619934,0.7261351346969604
YLR078C,YLR116W,0,-7.328708,0.11842989921569824,0.9756367802619934,0.7262458205223083
YOR079C,YLR129W,0,-7.3312516,0.11841397732496262,0.9756367802619934,0.726356565952301
YOL011W,YML034W,0,-7.331615,0.11839806288480759,0.9756367802619934,0.7264673113822937
YIL033C,YKL099C,0,-7.3319106,0.11838215589523315,0.9756367802619934,0.7265780568122864
YKL208W,YPR005C,0,-7.3320274,0.11836624890565872,0.9756367802619934,0.726688802242279
YOR340C,YHR014W,0,-7.332091,0.11835034936666489,0.9756367802619934,0.7267995476722717
YGL174W,YER018C,0,-7.3334103,0.11833444982767105,0.9756367802619934,0.7269102931022644
YPR006C,YOL135C,0,-7.334204,0.11831855773925781,0.9756367802619934,0.7270210385322571
YER006W,YJL204C,0,-7.3354344,0.11830267310142517,0.9756367802619934,0.7271317839622498
YLL019C,YDR120C,0,-7.335704,0.11828678846359253,0.9756367802619934,0.7272425293922424
YER001W,YDR198C,0,-7.3357797,0.11827091127634048,0.9756367802619934,0.7273532748222351
YJR031C,YAL055W,0,-7.336011,0.11825503408908844,0.9756367802619934,0.7274640202522278
YBR196C,YDR495C,0,-7.3362174,0.11823916435241699,0.9756367802619934,0.7275747656822205
YER183C,YHR026W,0,-7.336244,0.11822329461574554,0.9756367802619934,0.7276855111122131
YMR075W,YOR003W,0,-7.336328,0.1182074323296547,0.9756367802619934,0.7277962565422058
YAR014C,YGR082W,0,-7.3364406,0.11819157749414444,0.9756367802619934,0.7279070019721985
YIL140W,YJL141C,0,-7.337574,0.11817572265863419,0.9756367802619934,0.7280177474021912
YMR186W,YNL292W,0,-7.338066,0.11815986782312393,0.9756367802619934,0.7281284332275391
YPR006C,YNL012W,0,-7.33916,0.11814402788877487,0.9756367802619934,0.7282391786575317
YJR150C,YEL015W,0,-7.339848,0.11812818795442581,0.9756367802619934,0.7283499240875244
YKR038C,YIL115C,0,-7.340598,0.11811234802007675,0.9756367802619934,0.7284606695175171
YOR216C,YLR337W,0,-7.342095,0.11809651553630829,0.9756367802619934,0.7285714149475098
YDR411C,YDR037W,0,-7.3429313,0.11808068305253983,0.9756367802619934,0.7286821603775024
YNL261W,YCR055C,0,-7.34294,0.11806486546993256,0.9756367802619934,0.7287929058074951
YEL024W,YDR443C,0,-7.343182,0.11804904043674469,0.9756367802619934,0.7289036512374878
YER032W,YLR360W,0,-7.343907,0.11803322285413742,0.9756367802619934,0.7290143966674805
YER167W,YLR429W,0,-7.344156,0.11801741272211075,0.9756367802619934,0.7291251420974731
YFL022C,YHR042W,0,-7.3445883,0.11800161004066467,0.9756367802619934,0.7292358875274658
YKL138C-A,YHR042W,0,-7.345039,0.1179858073592186,0.9756367802619934,0.7293466329574585
YGR188C,YKL149C,0,-7.345173,0.11797000467777252,0.9756367802619934,0.7294573783874512
YLR391W,YDR254W,0,-7.345857,0.11795420944690704,0.9756367802619934,0.7295681238174438
YNL023C,YMR047C,0,-7.346611,0.11793842166662216,0.9756367802619934,0.7296788692474365
YER025W,YDL093W,0,-7.3470798,0.11792263388633728,0.9756367802619934,0.7297896146774292
YLR134W,YLR337W,0,-7.3471093,0.117906853556633,0.9756367802619934,0.7299003601074219
YDR182W,YKL113C,0,-7.347219,0.11789107322692871,0.9756367802619934,0.7300110459327698
YDL028C,YAL068C,0,-7.347893,0.11787530034780502,0.9756367802619934,0.7301217913627625
YER019W,YHR031C,0,-7.3498383,0.11785953491926193,0.9756367802619934,0.7302325367927551
YGL035C,YIL076W,0,-7.3498797,0.11784376949071884,0.9756367802619934,0.7303432822227478
YCL044C,YOR270C,0,-7.350749,0.11782800406217575,0.9756367802619934,0.7304540276527405
YLR394W,YDR311W,0,-7.3522186,0.11781224608421326,0.9756367802619934,0.7305647730827332
YGR216C,YOR340C,0,-7.3525896,0.11779649555683136,0.9756367802619934,0.7306755185127258
YGL183C,YDR079W,0,-7.3535404,0.11778074502944946,0.9756367802619934,0.7307862639427185
YPR154W,YMR087W,0,-7.353742,0.11776500195264816,0.9756367802619934,0.7308970093727112
YDL197C,YER001W,0,-7.3541584,0.11774926632642746,0.9756367802619934,0.7310077548027039
YDL028C,YDL083C,0,-7.354844,0.11773353070020676,0.9756367802619934,0.7311185002326965
YPL275W,YGL115W,0,-7.35531,0.11771779507398605,0.9756367802619934,0.7312292456626892
YGR212W,YOR305W,0,-7.3559527,0.11770207434892654,0.9756367802619934,0.7313399910926819
YLL009C,YJL042W,0,-7.35653,0.11768634617328644,0.9756367802619934,0.7314507365226746
YER021W,YIL017W,1,-7.3571134,0.11780419200658798,0.9767441749572754,0.7314507365226746
YOR079C,YER018C,0,-7.3586946,0.11778846383094788,0.9767441749572754,0.7315614819526672
YJL208C,YLR337W,0,-7.359188,0.11777273565530777,0.9767441749572754,0.7316722273826599
YKL160W,YBR231C,0,-7.3593698,0.11775700747966766,0.9767441749572754,0.7317829728126526
YBR237W,YDR077W,0,-7.360868,0.11774128675460815,0.9767441749572754,0.7318936586380005
YDR378C,YGR103W,0,-7.361091,0.11772557348012924,0.9767441749572754,0.7320044040679932
YPL011C,YOR003W,0,-7.3611765,0.11770986020565033,0.9767441749572754,0.7321151494979858
YML023C,YDR178W,0,-7.361582,0.11769415438175201,0.9767441749572754,0.7322258949279785
YCL025C,YGR041W,0,-7.3618646,0.1176784560084343,0.9767441749572754,0.7323366403579712
YKL149C,YOR081C,0,-7.361957,0.11766275018453598,0.9767441749572754,0.7324473857879639
YBR185C,YNL163C,0,-7.362215,0.11764705926179886,0.9767441749572754,0.7325581312179565
YML060W,YOL129W,0,-7.362247,0.11763136833906174,0.9767441749572754,0.7326688766479492
YOL080C,YPL237W,0,-7.3631635,0.11761568486690521,0.9767441749572754,0.7327796220779419
YNL004W,YLR337W,0,-7.363745,0.11760000139474869,0.9767441749572754,0.7328903675079346
YKR038C,YGL201C,0,-7.3639917,0.11758432537317276,0.9767441749572754,0.7330011129379272
YML104C,YDR071C,0,-7.36419,0.11756864935159683,0.9767441749572754,0.7331118583679199
YLR189C,YGL183C,0,-7.364748,0.1175529807806015,0.9767441749572754,0.7332226037979126
YLR394W,YKL154W,0,-7.3649335,0.11753731220960617,0.9767441749572754,0.7333333492279053
YFL025C,YKL041W,1,-7.3650393,0.11765489727258682,0.9778516292572021,0.7333333492279053
YOR373W,YNL169C,0,-7.36626,0.1176392212510109,0.9778516292572021,0.733444094657898
YJL204C,YHR006W,0,-7.366708,0.11762355268001556,0.9778516292572021,0.7335548400878906
YHR091C,YOL097C,0,-7.367238,0.11760788410902023,0.9778516292572021,0.7336655855178833
YMR080C,YER149C,0,-7.3676324,0.1175922229886055,0.9778516292572021,0.733776330947876
YLR052W,YPL045W,0,-7.368029,0.11757656186819077,0.9778516292572021,0.7338870167732239
YDR245W,YLR316C,0,-7.3683057,0.11756090819835663,0.9778516292572021,0.7339977622032166
YPL011C,YBR165W,0,-7.3704634,0.11754526197910309,0.9778516292572021,0.7341085076332092
YMR301C,YKL074C,0,-7.3705325,0.11752961575984955,0.9778516292572021,0.7342192530632019
YHR001W,YKR053C,0,-7.370648,0.1175139769911766,0.9778516292572021,0.7343299984931946
YCR053W,YBL100W-B,0,-7.37109,0.11749833822250366,0.9778516292572021,0.7344407439231873
YLL061W,YDR473C,0,-7.3711085,0.11748270690441132,0.9778516292572021,0.7345514893531799
YMR199W,YLR196W,0,-7.3711715,0.11746707558631897,0.9778516292572021,0.7346622347831726
YOR245C,YGL169W,0,-7.3712463,0.11745145171880722,0.9778516292572021,0.7347729802131653
YHR039C,YDR086C,0,-7.3713374,0.11743582785129547,0.9778516292572021,0.734883725643158
YML067C,YPL231W,0,-7.372516,0.11742021143436432,0.9778516292572021,0.7349944710731506
YDR069C,YIL017C,1,-7.372599,0.11753755807876587,0.9789590239524841,0.7349944710731506
YMR136W,YNL054W,0,-7.372644,0.11752193421125412,0.9789590239524841,0.7351052165031433
YDR404C,YML131W,0,-7.373616,0.11750631034374237,0.9789590239524841,0.735215961933136
YLL031C,YBL079W,0,-7.373903,0.11749069392681122,0.9789590239524841,0.7353267073631287
YLR361C,YLR435W,0,-7.374143,0.11747508496046066,0.9789590239524841,0.7354374527931213
YDL085W,YIL082W-A,0,-7.374784,0.11745947599411011,0.9789590239524841,0.735548198223114
YCR055C,YHR070W,0,-7.375918,0.11744386702775955,0.9789590239524841,0.7356589436531067
YLR134W,YJR004C,0,-7.376104,0.1174282655119896,0.9789590239524841,0.7357696294784546
YCL024W,YDR312W,0,-7.376231,0.11741267144680023,0.9789590239524841,0.7358803749084473
YLR429W,YJR103W,0,-7.376539,0.11739707738161087,0.9789590239524841,0.7359911203384399
YOR327C,YLR435W,0,-7.3768377,0.1173814907670021,0.9789590239524841,0.7361018657684326
YLR129W,YIR037W,0,-7.377915,0.11736590415239334,0.9789590239524841,0.7362126111984253
YML055W,YOR003W,0,-7.3788304,0.11735032498836517,0.9789590239524841,0.736323356628418
YDR138W,YPL187W,0,-7.378915,0.117334745824337,0.9789590239524841,0.7364341020584106
YPL115C,YER025W,0,-7.379354,0.11731917411088943,0.9789590239524841,0.7365448474884033
YBR089C-A,YDR202C,0,-7.379355,0.11730360984802246,0.9789590239524841,0.736655592918396
YDL081C,YBL103C,0,-7.3797183,0.11728804558515549,0.9789590239524841,0.7367663383483887
YKL086W,YOR089C,0,-7.3803644,0.11727248877286911,0.9789590239524841,0.7368770837783813
YDR016C,YPL059W,0,-7.3806353,0.11725693196058273,0.9789590239524841,0.736987829208374
YDR256C,YDR317W,0,-7.3816485,0.11724138259887695,0.9789590239524841,0.7370985746383667
YEL037C,YIL017W,1,-7.381833,0.11735843867063522,0.9800664186477661,0.7370985746383667
YPL160W,YAL001C,0,-7.3836083,0.11734288185834885,0.9800664186477661,0.7372093200683594
YPL202C,YPR036W,0,-7.3839183,0.11732732504606247,0.9800664186477661,0.737320065498352
YGL089C,YPR032W,0,-7.384358,0.11731176823377609,0.9800664186477661,0.7374308109283447
YBL009W,YNL201C,0,-7.384751,0.11729622632265091,0.9800664186477661,0.7375415563583374
YEL050C,YOR224C,0,-7.384927,0.11728067696094513,0.9800664186477661,0.7376522421836853
YLR391W,YHR091C,0,-7.3849435,0.11726513504981995,0.9800664186477661,0.737762987613678
YDL085W,YMR137C,0,-7.3855734,0.11724960058927536,0.9800664186477661,0.7378737330436707
YBR177C,YBR118W,0,-7.386099,0.11723407357931137,0.9800664186477661,0.7379844784736633
YGR103W,YGL030W,0,-7.3863316,0.11721854656934738,0.9800664186477661,0.738095223903656
YMR137C,YLR034C,0,-7.3869443,0.11720301955938339,0.9800664186477661,0.7382059693336487
YER119C,YFL014W,0,-7.3881364,0.1171875,0.9800664186477661,0.7383167147636414
YDR311W,YIL101C,0,-7.3890424,0.1171719878911972,0.9800664186477661,0.738427460193634
YDL051W,YBR118W,0,-7.389487,0.11715647578239441,0.9800664186477661,0.7385382056236267
YPR185W,YPL235W,0,-7.3895116,0.11714096367359161,0.9800664186477661,0.7386489510536194
YOL008W,YMR305C,0,-7.3903904,0.11712546646595001,0.9800664186477661,0.7387596964836121
YCL040W,YMR239C,0,-7.3913527,0.11710996180772781,0.9800664186477661,0.7388704419136047
YJL024C,YLR060W,0,-7.391992,0.11709447205066681,0.9800664186477661,0.7389811873435974
YDR116C,YOL045W,0,-7.392186,0.1170789822936058,0.9800664186477661,0.7390919327735901
YKL139W,YER031C,0,-7.392301,0.1170634925365448,0.9800664186477661,0.7392026782035828
YML094W,YGL045W,0,-7.3926663,0.11704801023006439,0.9800664186477661,0.7393134236335754
YML081C-A,YAR002W,0,-7.3936176,0.11703252792358398,0.9800664186477661,0.7394241690635681
YOL082W,YLR383W,0,-7.3938556,0.11701705306768417,0.9800664186477661,0.739534854888916
YMR022W,YIL017W,1,-7.3940244,0.11713378876447678,0.9811738729476929,0.739534854888916
YDL198C,YGR152C,0,-7.394154,0.11711830645799637,0.9811738729476929,0.7396456003189087
YNL126W,YMR227C,0,-7.39513,0.11710283160209656,0.9811738729476929,0.7397563457489014
YCR075C,YLR384C,0,-7.395386,0.11708734929561615,0.9811738729476929,0.739867091178894
YEL053C,YML060W,0,-7.3960648,0.11707188189029694,0.9811738729476929,0.7399778366088867
YGR180C,YLR181C,0,-7.396677,0.11705641448497772,0.9811738729476929,0.7400885820388794
YDR030C,YNL167C,0,-7.3968663,0.1170409545302391,0.9811738729476929,0.7401993274688721
YFL013C,YIL115C,0,-7.3969646,0.11702549457550049,0.9811738729476929,0.7403100728988647
YLR039C,YPL063W,0,-7.3970704,0.11701003462076187,0.9811738729476929,0.7404208183288574
YOR373W,YPL026C,0,-7.3970847,0.11699458956718445,0.9811738729476929,0.7405315637588501
YKL057C,YLR447C,0,-7.3973446,0.11697913706302643,0.9811738729476929,0.7406423091888428
YKL086W,YGL104C,0,-7.3981137,0.1169636994600296,0.9811738729476929,0.7407530546188354
YGL257C,YIR041W,0,-7.3996778,0.11694825440645218,0.9811738729476929,0.7408638000488281
YER119C,YPL274W,0,-7.399877,0.11693282425403595,0.9811738729476929,0.7409745454788208
YNR032C-A,YDR362C,0,-7.402165,0.11691739410161972,0.9811738729476929,0.7410852909088135
YDR296W,YNL099C,0,-7.4023623,0.11690196394920349,0.9811738729476929,0.7411960363388062
YLR361C,YOL135C,0,-7.4027057,0.11688654124736786,0.9811738729476929,0.7413067817687988
YPL026C,YMR095C,0,-7.4028306,0.11687112599611282,0.9811738729476929,0.7414174675941467
YFL024C,YOR137C,0,-7.403011,0.11685571074485779,0.9811738729476929,0.7415282130241394
YJL115W,YGL178W,0,-7.4048905,0.11684030294418335,0.9811738729476929,0.7416389584541321
YML065W,YMR087W,0,-7.4058547,0.11682489514350891,0.9811738729476929,0.7417497038841248
YLR170C,YNL073W,0,-7.406583,0.11680949479341507,0.9811738729476929,0.7418604493141174
YBR185C,YMR285C,0,-7.4073358,0.11679409444332123,0.9811738729476929,0.7419711947441101
YGR041W,YBR022W,0,-7.4083753,0.11677870154380798,0.9811738729476929,0.7420819401741028
YNL094W,YDR508C,0,-7.408439,0.11676330864429474,0.9811738729476929,0.7421926856040955
YGL195W,YML098W,0,-7.409321,0.11674792319536209,0.9811738729476929,0.7423034310340881
YGL011C,YIL017W,1,-7.4103975,0.11686429381370544,0.9822812676429749,0.7423034310340881
YNL055C,YDR460W,0,-7.4117427,0.1168489009141922,0.9822812676429749,0.7424141764640808
YBR082C,YDR306C,1,-7.411924,0.11696522682905197,0.9833887219429016,0.7424141764640808
YJR031C,YMR080C,0,-7.4121027,0.11694981902837753,0.9833887219429016,0.7425249218940735
YJL106W,YDR312W,0,-7.4123893,0.11693441867828369,0.9833887219429016,0.7426356673240662
YBR083W,YBR127C,0,-7.412455,0.11691902577877045,0.9833887219429016,0.7427464127540588
YNR027W,YKL113C,0,-7.413827,0.1169036328792572,0.9833887219429016,0.7428571581840515
YMR239C,YPR032W,0,-7.4139776,0.11688824743032455,0.9833887219429016,0.7429679036140442
YOL008W,YCR055C,0,-7.4141,0.1168728619813919,0.9833887219429016,0.7430786490440369
YER167W,YBL093C,0,-7.4148593,0.11685748398303986,0.9833887219429016,0.7431893944740295
YDR178W,YHR060W,0,-7.414887,0.1168421059846878,0.9833887219429016,0.7433001399040222
YNL101W,YJL124C,0,-7.4153495,0.11682673543691635,0.9833887219429016,0.7434108257293701
YPL244C,YKL055C,0,-7.4156756,0.1168113648891449,0.9833887219429016,0.7435215711593628
YPL019C,YML131W,0,-7.4162936,0.11679600179195404,0.9833887219429016,0.7436323165893555
YEL056W,YCR062W,0,-7.416676,0.11678063869476318,0.9833887219429016,0.7437430620193481
YOL059W,YNL313C,0,-7.416741,0.11676528304815292,0.9833887219429016,0.7438538074493408
YDR416W,YML045W,0,-7.4179807,0.11674993485212326,0.9833887219429016,0.7439645528793335
YOL086C,YOR332W,0,-7.4183793,0.1167345866560936,0.9833887219429016,0.7440752983093262
YER173W,YDR160W,0,-7.421126,0.11671924591064453,0.9833887219429016,0.7441860437393188
YEL009C,YNL163C,0,-7.4211497,0.11670390516519547,0.9833887219429016,0.7442967891693115
YPR065W,YCR072C,0,-7.422119,0.1166885644197464,0.9833887219429016,0.7444075345993042
YKL129C,YMR142C,0,-7.4234676,0.11667323857545853,0.9833887219429016,0.7445182800292969
YBR278W,YGR239C,0,-7.423472,0.11665790528059006,0.9833887219429016,0.7446290254592896
YML031W,YPL153C,0,-7.424076,0.11664258688688278,0.9833887219429016,0.7447397708892822
YOR058C,YOR076C,0,-7.42527,0.1166272684931755,0.9833887219429016,0.7448505163192749
YDL198C,YGR004W,0,-7.4255166,0.11661195009946823,0.9833887219429016,0.7449612617492676
YPL100W,YBR117C,0,-7.426097,0.11659663915634155,0.9833887219429016,0.7450720071792603
YNL099C,YLL016W,0,-7.426703,0.11658132821321487,0.9833887219429016,0.7451827526092529
YER183C,YPL174C,0,-7.426951,0.11656602472066879,0.9833887219429016,0.7452934384346008
YNL221C,YCL075W,0,-7.4272084,0.11655072867870331,0.9833887219429016,0.7454041838645935
YDL051W,YCR062W,0,-7.428519,0.11653543263673782,0.9833887219429016,0.7455149292945862
YDR276C,YDR202C,0,-7.4297667,0.11652014404535294,0.9833887219429016,0.7456256747245789
YPL178W,YDR076W,0,-7.430487,0.11650485545396805,0.9833887219429016,0.7457364201545715
YAL068C,YDR076W,0,-7.431622,0.11648957431316376,0.9833887219429016,0.7458471655845642
YGL035C,YFR033C,0,-7.432222,0.11647429317235947,0.9833887219429016,0.7459579110145569
YEL036C,YER082C,0,-7.4334364,0.11645901948213577,0.9833887219429016,0.7460686564445496
YJR089W,YJL194W,0,-7.4335656,0.11644374579191208,0.9833887219429016,0.7461794018745422
YNL149C,YNL169C,0,-7.434549,0.11642847955226898,0.9833887219429016,0.7462901473045349
YNR035C,YLR383W,0,-7.434773,0.11641321331262589,0.9833887219429016,0.7464008927345276
YOL130W,YDL197C,0,-7.435491,0.11639795452356339,0.9833887219429016,0.7465116381645203
YLL061W,YHR012W,0,-7.435745,0.11638270318508148,0.9833887219429016,0.7466223835945129
YDR138W,YKL086W,0,-7.437136,0.11636745184659958,0.9833887219429016,0.7467331290245056
YOR381W,YER149C,0,-7.4377966,0.11635220050811768,0.9833887219429016,0.7468438744544983
YJL194W,YJR135C,0,-7.4390035,0.11633695662021637,0.9833887219429016,0.746954619884491
YNR053C,YJL210W,0,-7.439676,0.11632172018289566,0.9833887219429016,0.7470653653144836
YAL015C,YDR178W,0,-7.4400907,0.11630648374557495,0.9833887219429016,0.7471760511398315
YHR200W,YIL017W,1,-7.440708,0.11642221361398697,0.9844961166381836,0.7471760511398315
YJL214W,YLR043C,0,-7.4409423,0.11640696972608566,0.9844961166381836,0.7472867965698242
YKL212W,YDR082W,0,-7.4409604,0.11639172583818436,0.9844961166381836,0.7473975419998169
YLL016W,YCR062W,0,-7.442098,0.11637648940086365,0.9844961166381836,0.7475082874298096
YGR238C,YLR130C,0,-7.443133,0.11636125296354294,0.9844961166381836,0.7476190328598022
YKL086W,YKL099C,0,-7.443808,0.11634603142738342,0.9844961166381836,0.7477297782897949
YER154W,YJL089W,0,-7.4439344,0.11633080244064331,0.9844961166381836,0.7478405237197876
YLR116W,YLR376C,0,-7.445091,0.1163155809044838,0.9844961166381836,0.7479512691497803
YJR125C,YGL039W,0,-7.446344,0.11630036681890488,0.9844961166381836,0.748062014579773
YLR106C,YDR473C,0,-7.448301,0.11628515273332596,0.9844961166381836,0.7481727600097656
YBR243C,YDR393W,0,-7.4507823,0.11626994609832764,0.9844961166381836,0.7482835054397583
YFL014W,YCR055C,0,-7.4514384,0.11625473946332932,0.9844961166381836,0.748394250869751
YJL106W,YJL018W,0,-7.4517636,0.11623954027891159,0.9844961166381836,0.7485049962997437
YJL006C,YOR195W,0,-7.452715,0.11622434109449387,0.9844961166381836,0.7486157417297363
YPL055C,YHR060W,0,-7.452849,0.11620914936065674,0.9844961166381836,0.748726487159729
YLR154C,YKL014C,0,-7.4535685,0.11619396507740021,0.9844961166381836,0.7488372325897217
YLR189C,YOL097C,0,-7.4537096,0.11617877334356308,0.9844961166381836,0.7489479780197144
YFL013C,YCR037C,0,-7.453925,0.11616359651088715,0.9844961166381836,0.7490586638450623
YLR303W,YJL018W,0,-7.4559865,0.11614841967821121,0.9844961166381836,0.7491694092750549
YDR473C,YPL153C,0,-7.45621,0.11613324284553528,0.9844961166381836,0.7492801547050476
YDR296W,YGR002C,0,-7.457254,0.11611808091402054,0.9844961166381836,0.7493909001350403
YCL025C,YHR091C,0,-7.457438,0.1161029115319252,0.9844961166381836,0.749501645565033
YML031W,YER082C,0,-7.4577994,0.11608774960041046,0.9844961166381836,0.7496123909950256
YNL259C,YDR508C,0,-7.457926,0.11607259511947632,0.9844961166381836,0.7497231364250183
YIL062C,YHR165C,0,-7.458031,0.11605744063854218,0.9844961166381836,0.749833881855011
YGL209W,YDR030C,0,-7.45878,0.11604229360818863,0.9844961166381836,0.7499446272850037
YER025W,YKL113C,0,-7.4605365,0.11602714657783508,0.9844961166381836,0.7500553727149963
YNL041C,YGL089C,0,-7.4618835,0.11601200699806213,0.9844961166381836,0.750166118144989
YJL115W,YDR369C,0,-7.462914,0.11599686741828918,0.9844961166381836,0.7502768635749817
YDR254W,YOL066C,0,-7.463507,0.11598173528909683,0.9844961166381836,0.7503876090049744
YBR185C,YLR435W,0,-7.4639597,0.11596660315990448,0.9844961166381836,0.750498354434967
YNL055C,YGL210W,0,-7.465014,0.11595147848129272,0.9844961166381836,0.7506090998649597
YKL179C,YAR002W,0,-7.4655313,0.11593636125326157,0.9844961166381836,0.7507198452949524
YLR394W,YPR137W,0,-7.46675,0.11592124402523041,0.9844961166381836,0.7508305907249451
YMR212C,YGL070C,0,-7.466905,0.11590612679719925,0.9844961166381836,0.7509413361549377
YEL053C,YJL204C,0,-7.466944,0.11589101701974869,0.9844961166381836,0.7510520219802856
YAL054C,YLR316C,0,-7.4672647,0.11587591469287872,0.9844961166381836,0.7511627674102783
YCL055W,YJL208C,0,-7.4674563,0.11586081236600876,0.9844961166381836,0.751273512840271
YJR105W,YCR020W-B,0,-7.467775,0.1158457100391388,0.9844961166381836,0.7513842582702637
YDR317W,YNL241C,0,-7.469582,0.11583062261343002,0.9844961166381836,0.7514950037002563
YPR154W,YIL016W,0,-7.469802,0.11581552773714066,0.9844961166381836,0.751605749130249
YNL101W,YBR131W,0,-7.4698157,0.11580044031143188,0.9844961166381836,0.7517164945602417
YFR053C,YJR049C,0,-7.4719653,0.11578536033630371,0.9844961166381836,0.7518272399902344
YFL022C,YCR072C,0,-7.4720745,0.11577028036117554,0.9844961166381836,0.751937985420227
YGL174W,YDL227C,0,-7.4726534,0.11575520783662796,0.9844961166381836,0.7520487308502197
YJR070C,YGR249W,0,-7.472844,0.11574013531208038,0.9844961166381836,0.7521594762802124
YBR196C,YPL012W,0,-7.4735513,0.1157250702381134,0.9844961166381836,0.7522702217102051
YPL146C,YGR074W,0,-7.473608,0.11571001261472702,0.9844961166381836,0.7523809671401978
YBR247C,YNL167C,0,-7.474344,0.11569494754076004,0.9844961166381836,0.7524917125701904
YAR008W,YDR059C,0,-7.474458,0.11567989736795425,0.9844961166381836,0.7526024580001831
YNR030W,YPL227C,0,-7.475098,0.11566484719514847,0.9844961166381836,0.7527132034301758
YPR154W,YOL010W,0,-7.475307,0.11564979702234268,0.9844961166381836,0.7528239488601685
YPR168W,YPR065W,0,-7.47534,0.11563475430011749,0.9844961166381836,0.7529346346855164
YOL086C,YJL018W,0,-7.475514,0.1156197190284729,0.9844961166381836,0.753045380115509
YLR116W,YMR129W,0,-7.476383,0.11560468375682831,0.9844961166381836,0.7531561255455017
YGR129W,YMR218C,0,-7.4765363,0.11558964848518372,0.9844961166381836,0.7532668709754944
YGL089C,YML034W,0,-7.4768505,0.11557462066411972,0.9844961166381836,0.7533776164054871
YBL009W,YFL058W,0,-7.476999,0.11555960029363632,0.9844961166381836,0.7534883618354797
YKR027W,YFR053C,0,-7.477484,0.11554457992315292,0.9844961166381836,0.7535991072654724
YOR079C,YER001W,0,-7.480437,0.11552956700325012,0.9844961166381836,0.7537098526954651
YOL086C,YLR376C,0,-7.483938,0.11551455408334732,0.9844961166381836,0.7538205981254578
YJL071W,YNL245C,0,-7.484495,0.11549954861402512,0.9844961166381836,0.7539313435554504
YJL194W,YJL208C,0,-7.4849753,0.11548454314470291,0.9844961166381836,0.7540420889854431
YDR216W,YGL112C,0,-7.4855423,0.1154695451259613,0.9844961166381836,0.7541528344154358
YKL182W,YDR470C,0,-7.4861465,0.1154545471072197,0.9844961166381836,0.7542635798454285
YGR188C,YDR245W,0,-7.4866424,0.11543955653905869,0.9844961166381836,0.7543743252754211
YKL043W,YCR014C,0,-7.48675,0.11542456597089767,0.9844961166381836,0.7544850707054138
YNR030W,YGR013W,0,-7.488225,0.11540958285331726,0.9844961166381836,0.7545958161354065
YDR101C,YNR027W,0,-7.489145,0.11539459973573685,0.9844961166381836,0.7547065615653992
YOR245C,YBR196C,0,-7.489701,0.11537962406873703,0.9844961166381836,0.7548172473907471
YPL231W,YHL009C,0,-7.4898863,0.11536464840173721,0.9844961166381836,0.7549279928207397
YCR038C,YER006W,0,-7.4913845,0.115349680185318,0.9844961166381836,0.7550387382507324
YOR244W,YEL024W,0,-7.4919696,0.11533471941947937,0.9844961166381836,0.7551494836807251
YPL243W,YOR003W,0,-7.492954,0.11531975865364075,0.9844961166381836,0.7552602291107178
YNR032C-A,YGL045W,0,-7.4931064,0.11530479788780212,0.9844961166381836,0.7553709745407104
YOL040C,YLR262C,0,-7.4948473,0.1152898445725441,0.9844961166381836,0.7554817199707031
YPL265W,YNL201C,0,-7.496391,0.11527489870786667,0.9844961166381836,0.7555924654006958
YML078W,YKL074C,0,-7.496439,0.11525995284318924,0.9844961166381836,0.7557032108306885
YDR099W,YAL012W,0,-7.4965405,0.11524500697851181,0.9844961166381836,0.7558139562606812
YNL259C,YGR009C,0,-7.4965615,0.11523006856441498,0.9844961166381836,0.7559247016906738
YDL164C,YLR303W,0,-7.496878,0.11521513760089874,0.9844961166381836,0.7560354471206665
YHR026W,YGL210W,0,-7.498003,0.11520020663738251,0.9844961166381836,0.7561461925506592
YEL036C,YBR089C-A,0,-7.498962,0.11518528312444687,0.9844961166381836,0.7562569379806519
YGR007W,YJL072C,0,-7.50155,0.11517035961151123,0.9844961166381836,0.7563676834106445
YLR222C,YKR001C,0,-7.501899,0.11515544354915619,0.9844961166381836,0.7564784288406372
YPL152W,YGR251W,0,-7.5023246,0.11514052748680115,0.9844961166381836,0.7565891742706299
YER013W,YJL025W,0,-7.503833,0.1151256114244461,0.9844961166381836,0.7566998600959778
YPR037C,YBL079W,0,-7.5041704,0.11511071026325226,0.9844961166381836,0.7568106055259705
YLR394W,YPL187W,0,-7.5047493,0.11509580165147781,0.9844961166381836,0.7569213509559631
YGR098C,YMR035W,0,-7.505185,0.11508090794086456,0.9844961166381836,0.7570320963859558
YHR165C,YOL040C,0,-7.5060887,0.11506601423025131,0.9844961166381836,0.7571428418159485
YOR185C,YPR094W,0,-7.5067225,0.11505112051963806,0.9844961166381836,0.7572535872459412
YDR283C,YEL024W,0,-7.5080934,0.11503623425960541,0.9844961166381836,0.7573643326759338
YDR296W,YLR196W,0,-7.508578,0.11502134799957275,0.9844961166381836,0.7574750781059265
YMR208W,YBR296C,0,-7.509662,0.1150064691901207,0.9844961166381836,0.7575858235359192
YJL214W,YHR039C,0,-7.5097375,0.11499159038066864,0.9844961166381836,0.7576965689659119
YML080W,YDR545W,0,-7.5099244,0.11497671902179718,0.9844961166381836,0.7578073143959045
YML080W,YJL214W,0,-7.5101523,0.11496185511350632,0.9844961166381836,0.7579180598258972
YJL071W,YOL040C,0,-7.510244,0.11494698375463486,0.9844961166381836,0.7580288052558899
YPR065W,YJL191W,0,-7.511055,0.11493212729692459,0.9844961166381836,0.7581395506858826
YOR057W,YLR435W,0,-7.511117,0.11491727083921432,0.9844961166381836,0.7582502961158752
YJL157C,YMR035W,0,-7.5113807,0.11490241438150406,0.9844961166381836,0.7583610415458679
YIL026C,YOL097C,0,-7.5119066,0.11488756537437439,0.9844961166381836,0.7584717869758606
YDR138W,YIL173W,0,-7.5121174,0.11487272381782532,0.9844961166381836,0.7585825324058533
YBL099W,YPL244C,0,-7.513276,0.11485788226127625,0.9844961166381836,0.7586932182312012
YER028C,YBL093C,0,-7.5134187,0.11484304070472717,0.9844961166381836,0.7588039636611938
YKL049C,YKL182W,0,-7.5142803,0.1148282065987587,0.9844961166381836,0.7589147090911865
YOL051W,YIR041W,0,-7.5145817,0.11481337994337082,0.9844961166381836,0.7590254545211792
YDR254W,YGR113W,0,-7.514591,0.11479855328798294,0.9844961166381836,0.7591361999511719
YDR256C,YJR031C,0,-7.515512,0.11478373408317566,0.9844961166381836,0.7592469453811646
YHR001W,YOR332W,0,-7.5166163,0.11476891487836838,0.9844961166381836,0.7593576908111572
YLR303W,YGR013W,0,-7.516705,0.1147540956735611,0.9844961166381836,0.7594684362411499
YIL063C,YGR211W,0,-7.516963,0.11473928391933441,0.9844961166381836,0.7595791816711426
YPL262W,YGR078C,0,-7.517002,0.11472447961568832,0.9844961166381836,0.7596899271011353
YEL034W,YMR227C,0,-7.5173073,0.11470967531204224,0.9844961166381836,0.7598006725311279
YIR037W,YER126C,0,-7.521029,0.11469487845897675,0.9844961166381836,0.7599114179611206
YNR030W,YNL207W,0,-7.5215125,0.11468008160591125,0.9844961166381836,0.7600221633911133
YDR205W,YGL169W,0,-7.521785,0.11466529220342636,0.9844961166381836,0.760132908821106
YHR001W,YDR529C,0,-7.522404,0.11465050280094147,0.9844961166381836,0.7602436542510986
YKR038C,YER165W,0,-7.5226383,0.11463572084903717,0.9844961166381836,0.7603543996810913
YPR167C,YPR032W,0,-7.522653,0.11462093889713287,0.9844961166381836,0.760465145111084
YFL014W,YBR159W,0,-7.5237517,0.11460616439580917,0.9844961166381836,0.7605758309364319
YAL054C,YMR087W,0,-7.524463,0.11459138989448547,0.9844961166381836,0.7606865763664246
YDR054C,YIL017W,1,-7.5245056,0.11470550298690796,0.9856035709381104,0.7606865763664246
YDR077W,YOR305W,0,-7.525409,0.11469072103500366,0.9856035709381104,0.7607973217964172
YOL082W,YBR196C,0,-7.525764,0.11467594653367996,0.9856035709381104,0.7609080672264099
YOL158C,YOR381W,0,-7.527241,0.11466117203235626,0.9856035709381104,0.7610188126564026
YJL116C,YLR360W,0,-7.527719,0.11464639753103256,0.9856035709381104,0.7611295580863953
YNL149C,YNL055C,0,-7.528369,0.11463163048028946,0.9856035709381104,0.7612403035163879
YJL042W,YPR036W,0,-7.5293508,0.11461687088012695,0.9856035709381104,0.7613510489463806
YOL066C,YNL202W,0,-7.52951,0.11460211127996445,0.9856035709381104,0.7614617943763733
YCR027C,YKL086W,0,-7.529646,0.11458735913038254,0.9856035709381104,0.761572539806366
YAL058W,YKL054C,1,-7.5299354,0.11470133811235428,0.9867109656333923,0.761572539806366
YKL016C,YNR027W,0,-7.5300155,0.11468657851219177,0.9867109656333923,0.7616832852363586
YLR130C,YGR251W,0,-7.531857,0.11467181146144867,0.9867109656333923,0.7617940306663513
YNL271C,YOL109W,0,-7.5322227,0.11465705931186676,0.9867109656333923,0.761904776096344
YDR503C,YGL030W,0,-7.535008,0.11464230716228485,0.9867109656333923,0.7620155215263367
YGL191W,YJL208C,0,-7.535113,0.11462755501270294,0.9867109656333923,0.7621262669563293
YPL187W,YOR195W,0,-7.538113,0.11461281031370163,0.9867109656333923,0.762237012386322
YOR120W,YPR165W,0,-7.540863,0.11459807306528091,0.9867109656333923,0.7623477578163147
YBL097W,YLR330W,0,-7.5413513,0.1145833358168602,0.9867109656333923,0.7624584436416626
YKL084W,YDR194C,0,-7.5414386,0.11456859856843948,0.9867109656333923,0.7625691890716553
YDR285W,YOR305W,0,-7.543181,0.11455386877059937,0.9867109656333923,0.762679934501648
YCL055W,YGL030W,0,-7.54462,0.11453914642333984,0.9867109656333923,0.7627906799316406
YBR159W,YDR296W,0,-7.5447145,0.11452442407608032,0.9867109656333923,0.7629014253616333
YHR098C,YJL012C,0,-7.546264,0.1145097017288208,0.9867109656333923,0.763012170791626
YDL197C,YOR270C,0,-7.547582,0.11449498683214188,0.9867109656333923,0.7631229162216187
YLR394W,YER028C,0,-7.548426,0.11448027938604355,0.9867109656333923,0.7632336616516113
YBL085W,YGR145W,0,-7.549784,0.11446557193994522,0.9867109656333923,0.763344407081604
YFR053C,YNL294C,0,-7.5502343,0.1144508644938469,0.9867109656333923,0.7634551525115967
YGL047W,YOL026C,0,-7.550613,0.11443616449832916,0.9867109656333923,0.7635658979415894
YPL167C,YPR137W,0,-7.5506406,0.11442147195339203,0.9867109656333923,0.763676643371582
YMR186W,YKL099C,0,-7.5514894,0.1144067794084549,0.9867109656333923,0.7637873888015747
YGR118W,YKR053C,0,-7.553331,0.11439209431409836,0.9867109656333923,0.7638981342315674
YDR182W,YFL014W,0,-7.5534835,0.11437740921974182,0.9867109656333923,0.7640088796615601
YOR103C,YJL156C,0,-7.553516,0.11436272412538528,0.9867109656333923,0.7641196250915527
YER107C,YHL003C,0,-7.5558944,0.11434804648160934,0.9867109656333923,0.7642303705215454
YMR042W,YPR007C,0,-7.556607,0.114333376288414,0.9867109656333923,0.7643410563468933
YER017C,YPL026C,0,-7.556807,0.11431870609521866,0.9867109656333923,0.764451801776886
YPL008W,YOL059W,0,-7.5568686,0.11430404335260391,0.9867109656333923,0.7645625472068787
YKR082W,YLR316C,0,-7.557116,0.11428938060998917,0.9867109656333923,0.7646732926368713
YML060W,YLR272C,0,-7.55828,0.11427471786737442,0.9867109656333923,0.764784038066864
YCR072C,YHR014W,0,-7.558599,0.11426007002592087,0.9867109656333923,0.7648947834968567
YFL013C,YGL169W,0,-7.558684,0.11424541473388672,0.9867109656333923,0.7650055289268494
YOL059W,YHR065C,0,-7.559635,0.11423076689243317,0.9867109656333923,0.765116274356842
YLL019C,YGL035C,0,-7.559656,0.11421612650156021,0.9867109656333923,0.7652270197868347
YMR129W,YBL046W,0,-7.5599337,0.11420148611068726,0.9867109656333923,0.7653377652168274
YBL085W,YPL095C,0,-7.5600457,0.1141868531703949,0.9867109656333923,0.7654485106468201
YNR032C-A,YPL117C,0,-7.560688,0.11417222023010254,0.9867109656333923,0.7655592560768127
YCL025C,YKL212W,0,-7.560718,0.11415759474039078,0.9867109656333923,0.7656700015068054
YCR038C,YHR042W,0,-7.56113,0.11414296925067902,0.9867109656333923,0.7657807469367981
YDL200C,YOL080C,0,-7.5620103,0.11412834376096725,0.9867109656333923,0.7658914923667908
YGR249W,YJL089W,0,-7.562059,0.11411373317241669,0.9867109656333923,0.7660022377967834
YDR245W,YNL201C,0,-7.5638967,0.11409911513328552,0.9867109656333923,0.7661129832267761
YOR046C,YER173W,0,-7.5639167,0.11408450454473495,0.9867109656333923,0.766223669052124
YCR014C,YOR327C,0,-7.564924,0.11406990140676498,0.9867109656333923,0.7663344144821167
YPL055C,YMR305C,0,-7.565165,0.11405529826879501,0.9867109656333923,0.7664451599121094
YGL257C,YFR037C,0,-7.5651855,0.11404070258140564,0.9867109656333923,0.766555905342102
YML062C,YLL011W,0,-7.5653467,0.11402610689401627,0.9867109656333923,0.7666666507720947
YPL095C,YPL121C,0,-7.5660768,0.11401151865720749,0.9867109656333923,0.7667773962020874
YGR103W,YBL103C,0,-7.5664234,0.11399693042039871,0.9867109656333923,0.7668881416320801
YER001W,YLR316C,0,-7.56652,0.11398234963417053,0.9867109656333923,0.7669988870620728
YKL009W,YOL042W,0,-7.5666146,0.11396776884794235,0.9867109656333923,0.7671096324920654
YER107C,YJL042W,0,-7.5670447,0.11395318806171417,0.9867109656333923,0.7672203779220581
YDR446W,YML060W,0,-7.567739,0.11393862217664719,0.9867109656333923,0.7673311233520508
YDR517W,YOR305W,0,-7.567741,0.1139240488409996,0.9867109656333923,0.7674418687820435
YPL026C,YIL056W,0,-7.567768,0.11390948295593262,0.9867109656333923,0.7675526142120361
YPL160W,YNR048W,0,-7.5699315,0.11389492452144623,0.9867109656333923,0.7676633596420288
YLR303W,YCR060W,0,-7.5709186,0.11388036608695984,0.9867109656333923,0.7677741050720215
YNR027W,YOR116C,0,-7.575765,0.11386581510305405,0.9867109656333923,0.7678848505020142
YPL031C,YOR119C,0,-7.576612,0.11385126411914825,0.9867109656333923,0.7679955959320068
YDR076W,YPL167C,0,-7.5766163,0.11383672058582306,0.9867109656333923,0.7681063413619995
YPL202C,YKL208W,0,-7.576711,0.11382217705249786,0.9867109656333923,0.7682170271873474
YBL097W,YNL149C,0,-7.576966,0.11380764096975327,0.9867109656333923,0.7683277726173401
YPR190C,YOR076C,0,-7.5773416,0.11379310488700867,0.9867109656333923,0.7684385180473328
YNR032C-A,YPR165W,0,-7.5773854,0.11377856880426407,0.9867109656333923,0.7685492634773254
YDR311W,YCL075W,0,-7.578093,0.11376404762268066,0.9867109656333923,0.7686600089073181
YKL129C,YGL205W,0,-7.578653,0.11374951899051666,0.9867109656333923,0.7687707543373108
YOL094C,YLR386W,0,-7.5788493,0.11373499780893326,0.9867109656333923,0.7688814997673035
YMR212C,YMR239C,0,-7.5795054,0.11372048407793045,0.9867109656333923,0.7689922451972961
YKL182W,YCR020W-B,0,-7.5810776,0.11370597034692764,0.9867109656333923,0.7691029906272888
YAL012W,YDR446W,0,-7.581493,0.11369146406650543,0.9867109656333923,0.7692137360572815
YNL004W,YBL033C,0,-7.5830493,0.11367695778608322,0.9867109656333923,0.7693244814872742
YGL253W,YLR045C,0,-7.5832324,0.11366245895624161,0.9867109656333923,0.7694352269172668
YPR189W,YML131W,0,-7.5837984,0.1136479601264,0.9867109656333923,0.7695459723472595
YDR011W,YDR429C,0,-7.584437,0.11363346874713898,0.9867109656333923,0.7696567177772522
YLL061W,YGR239C,0,-7.586929,0.11361897736787796,0.9867109656333923,0.7697674632072449
YAR002W,YOR359W,0,-7.588143,0.11360448598861694,0.9867109656333923,0.7698782086372375
YJL072C,YPR036W,0,-7.589401,0.11359000205993652,0.9867109656333923,0.7699889540672302
YLR098C,YEL034W,0,-7.5895987,0.1135755255818367,0.9867109656333923,0.7700996398925781
YDL164C,YOR143C,0,-7.5896297,0.11356104910373688,0.9867109656333923,0.7702103853225708
YDL031W,YDR194C,0,-7.5897694,0.11354658007621765,0.9867109656333923,0.7703211307525635
YKR097W,YDR079W,0,-7.589887,0.11353211104869843,0.9867109656333923,0.7704318761825562
YBL099W,YDR292C,0,-7.5898933,0.1135176420211792,0.9867109656333923,0.7705426216125488
YBR159W,YEL050C,0,-7.5899878,0.11350318789482117,0.9867109656333923,0.7706533670425415
YLR429W,YML131W,0,-7.590976,0.11348872631788254,0.9867109656333923,0.7707641124725342
YMR042W,YOL012C,0,-7.591485,0.1134742721915245,0.9867109656333923,0.7708748579025269
YLR098C,YOR340C,0,-7.592342,0.11345982551574707,0.9867109656333923,0.7709856033325195
YPL078C,YPL244C,0,-7.594662,0.11344537883996964,0.9867109656333923,0.7710963487625122
YAR008W,YDR369C,0,-7.5948043,0.1134309321641922,0.9867109656333923,0.7712070941925049
YIL112W,YLR136C,0,-7.594958,0.11341650038957596,0.9867109656333923,0.7713178396224976
YPL202C,YCR020C-A,0,-7.597451,0.11340206116437912,0.9867109656333923,0.7714285850524902
YBR243C,YPR037C,0,-7.59925,0.11338762938976288,0.9867109656333923,0.7715393304824829
YPR025C,YPL098C,0,-7.5992727,0.11337320506572723,0.9867109656333923,0.7716500759124756
YPR179C,YDR369C,0,-7.5997725,0.11335878074169159,0.9867109656333923,0.7717608213424683
YAL054C,YOR103C,0,-7.599789,0.11334435641765594,0.9867109656333923,0.7718715667724609
YNL012W,YNL247W,0,-7.6012774,0.1133299395442009,0.9867109656333923,0.7719822525978088
YGL209W,YER103W,0,-7.6014147,0.11331553012132645,0.9867109656333923,0.7720929980278015
YOR058C,YLR222C,0,-7.6019053,0.113301120698452,0.9867109656333923,0.7722037434577942
YER107C,YGL112C,0,-7.60206,0.11328671127557755,0.9867109656333923,0.7723144888877869
YJL157C,YAR008W,0,-7.604315,0.11327230930328369,0.9867109656333923,0.7724252343177795
YEL061C,YOR178C,0,-7.6044703,0.11325791478157043,0.9867109656333923,0.7725359797477722
YOR023C,YDR529C,0,-7.6046753,0.11324352025985718,0.9867109656333923,0.7726467251777649
YER019W,YPL235W,0,-7.605763,0.11322912573814392,0.9867109656333923,0.7727574706077576
YPR201W,YBR185C,0,-7.6058283,0.11321473866701126,0.9867109656333923,0.7728682160377502
YPL231W,YLR435W,0,-7.6068296,0.1132003590464592,0.9867109656333923,0.7729789614677429
YMR313C,YML131W,0,-7.6073318,0.11318597197532654,0.9867109656333923,0.7730897068977356
YER142C,YOR373W,0,-7.607667,0.11317159980535507,0.9867109656333923,0.7732004523277283
YCR075C,YML045W,0,-7.608289,0.1131572276353836,0.9867109656333923,0.773311197757721
YLR246W,YPL063W,0,-7.609325,0.11314285546541214,0.9867109656333923,0.7734219431877136
YNL073W,YOL010W,0,-7.609441,0.11312849074602127,0.9867109656333923,0.7735326886177063
YAL012W,YDR517W,0,-7.6102414,0.1131141260266304,0.9867109656333923,0.773643434047699
YNR035C,YDL083C,0,-7.6108274,0.11309976875782013,0.9867109656333923,0.7737541794776917
YOR224C,YOL129W,0,-7.610932,0.11308541893959045,0.9867109656333923,0.7738648653030396
YDR182W,YNL207W,0,-7.613661,0.11307106912136078,0.9867109656333923,0.7739756107330322
YML062C,YMR234W,0,-7.6145816,0.1130567193031311,0.9867109656333923,0.7740863561630249
YJR059W,YGL030W,0,-7.6156335,0.11304237693548203,0.9867109656333923,0.7741971015930176
YPR083W,YDR245W,0,-7.6167865,0.11302803456783295,0.9867109656333923,0.7743078470230103
YDL226C,YFL013C,0,-7.6171474,0.11301369965076447,0.9867109656333923,0.7744185924530029
YNL201C,YGR008C,0,-7.617459,0.11299936473369598,0.9867109656333923,0.7745293378829956
YBR231C,YBR118W,0,-7.618329,0.1129850372672081,0.9867109656333923,0.7746400833129883
YAL054C,YGL104C,0,-7.619239,0.11297070980072021,0.9867109656333923,0.774750828742981
YML061C,YDL118W,0,-7.6207023,0.11295638978481293,0.9867109656333923,0.7748615741729736
YGL181W,YJL089W,0,-7.621553,0.11294206976890564,0.9867109656333923,0.7749723196029663
YHR055C,YCL016C,0,-7.6230626,0.11292775720357895,0.9867109656333923,0.775083065032959
YOR150W,YJR068W,0,-7.6251364,0.11291344463825226,0.9867109656333923,0.7751938104629517
YDR198C,YJL012C,0,-7.6252055,0.11289913952350616,0.9867109656333923,0.7753045558929443
YPR183W,YML062C,0,-7.625508,0.11288483440876007,0.9867109656333923,0.775415301322937
YKL004W,YML065W,0,-7.6268897,0.11287053674459457,0.9867109656333923,0.7755260467529297
YGL253W,YHR001W,0,-7.6294675,0.11285623908042908,0.9867109656333923,0.7756367921829224
YPL160W,YIL065C,0,-7.6303926,0.11284194886684418,0.9867109656333923,0.775747537612915
YNL169C,YPR133C,0,-7.6306453,0.11282765865325928,0.9867109656333923,0.7758582234382629
YHR065C,YGR074W,0,-7.6319933,0.11281336843967438,0.9867109656333923,0.7759689688682556
YLL035W,YNL054W,0,-7.6324086,0.11279908567667007,0.9867109656333923,0.7760797142982483
YGR238C,YGR078C,0,-7.636028,0.11278481036424637,0.9867109656333923,0.776190459728241
YLL011W,YPR032W,0,-7.636081,0.11277053505182266,0.9867109656333923,0.7763012051582336
YOR254C,YHR060W,0,-7.636216,0.11275626718997955,0.9867109656333923,0.7764119505882263
YOR381W,YNL177C,0,-7.636334,0.11274199932813644,0.9867109656333923,0.776522696018219
YGR098C,YBL093C,0,-7.637277,0.11272773146629333,0.9867109656333923,0.7766334414482117
YDR138W,YER154W,0,-7.6374393,0.11271347105503082,0.9867109656333923,0.7767441868782043
YBL099W,YJR049C,0,-7.6380563,0.11269921809434891,0.9867109656333923,0.776854932308197
YNL282W,YOR027W,0,-7.640031,0.11268496513366699,0.9867109656333923,0.7769656777381897
YAL010C,YDR285W,0,-7.6404457,0.11267071217298508,0.9867109656333923,0.7770764231681824
YNR053C,YBL050W,0,-7.6406426,0.11265646666288376,0.9867109656333923,0.777187168598175
YDR013W,YBL033C,0,-7.640986,0.11264222860336304,0.9867109656333923,0.7772979140281677
YMR204C,YNL207W,0,-7.6410747,0.11262798309326172,0.9867109656333923,0.7774086594581604
YGR249W,YLR425W,0,-7.6436296,0.1126137524843216,0.9867109656333923,0.7775194048881531
YPL178W,YKL129C,0,-7.6441765,0.11259952187538147,0.9867109656333923,0.7776301503181458
YLL011W,YGL095C,0,-7.644473,0.11258529126644135,0.9867109656333923,0.7777408361434937
YER165W,YOR216C,0,-7.6467767,0.11257106810808182,0.9867109656333923,0.7778515815734863
YIL115C,YGR152C,0,-7.6474357,0.11255684494972229,0.9867109656333923,0.777962327003479
YBL085W,YOR120W,0,-7.648162,0.11254262924194336,0.9867109656333923,0.7780730724334717
YLR433C,YLR447C,0,-7.648207,0.11252841353416443,0.9867109656333923,0.7781838178634644
YER028C,YGL210W,0,-7.649947,0.1125142052769661,0.9867109656333923,0.778294563293457
YER025W,YBL093C,0,-7.652254,0.11249999701976776,0.9867109656333923,0.7784053087234497
YHR065C,YPR032W,0,-7.6555333,0.11248579621315002,0.9867109656333923,0.7785160541534424
YGR074W,YGR104C,0,-7.657288,0.11247159540653229,0.9867109656333923,0.7786267995834351
YML080W,YBL046W,0,-7.6577444,0.11245740205049515,0.9867109656333923,0.7787375450134277
YEL056W,YKL203C,0,-7.657858,0.11244320869445801,0.9867109656333923,0.7788482904434204
YAR019C,YNL207W,0,-7.658131,0.11242902278900146,0.9867109656333923,0.7789590358734131
YML081C-A,YOR372C,0,-7.6590557,0.11241483688354492,0.9867109656333923,0.7790697813034058
YOL066C,YJL089W,0,-7.6595197,0.11240065842866898,0.9867109656333923,0.7791805267333984
YOR120W,YDR013W,0,-7.659541,0.11238647997379303,0.9867109656333923,0.7792912721633911
YJL208C,YKR097W,0,-7.660239,0.11237230151891708,0.9867109656333923,0.7794020175933838
YMR212C,YPR005C,0,-7.66167,0.11235813051462173,0.9867109656333923,0.7795127630233765
YDL227C,YGL090W,0,-7.6640396,0.11234396696090698,0.9867109656333923,0.7796234488487244
YCR033W,YLR316C,0,-7.666205,0.11232980340719223,0.9867109656333923,0.779734194278717
YOR340C,YDR470C,0,-7.6663766,0.11231563985347748,0.9867109656333923,0.7798449397087097
YLR080W,YML023C,0,-7.6667657,0.11230148375034332,0.9867109656333923,0.7799556851387024
YJL112W,YNL221C,0,-7.6669865,0.11228733509778976,0.9867109656333923,0.7800664305686951
YOR195W,YDR325W,0,-7.6675916,0.1122731864452362,0.9867109656333923,0.7801771759986877
YKL113C,YER019C-A,0,-7.667892,0.11225903779268265,0.9867109656333923,0.7802879214286804
YBL079W,YNL126W,0,-7.668018,0.11224489659070969,0.9867109656333923,0.7803986668586731
YKL134C,YNL012W,0,-7.669687,0.11223076283931732,0.9867109656333923,0.7805094122886658
YOL086C,YLL019C,0,-7.6698084,0.11221662163734436,0.9867109656333923,0.7806201577186584
YLL060C,YAL010C,0,-7.6700277,0.11220249533653259,0.9867109656333923,0.7807309031486511
YNL094W,YLR196W,0,-7.670056,0.11218836903572083,0.9867109656333923,0.7808416485786438
YCR086W,YOL010W,0,-7.671104,0.11217424273490906,0.9867109656333923,0.7809523940086365
YER001W,YKL113C,0,-7.6717634,0.11216012388467789,0.9867109656333923,0.7810631394386292
YML055W,YDR369C,0,-7.672115,0.11214600503444672,0.9867109656333923,0.7811738848686218
YDR283C,YLR384C,0,-7.67273,0.11213189363479614,0.9867109656333923,0.7812846302986145
YER061C,YNL055C,0,-7.6743016,0.11211778223514557,0.9867109656333923,0.7813953757286072
YKL084W,YBR237W,0,-7.6746325,0.112103670835495,0.9867109656333923,0.7815060615539551
YCR075C,YOL123W,0,-7.6750293,0.11208957433700562,0.9867109656333923,0.7816168069839478
YOL094C,YLR154C,0,-7.676024,0.11207547038793564,0.9867109656333923,0.7817275524139404
YGR041W,YMR216C,0,-7.676544,0.11206137388944626,0.9867109656333923,0.7818382978439331
YPL202C,YDL085W,0,-7.676608,0.11204728484153748,0.9867109656333923,0.7819490432739258
YJR105W,YNL097C,0,-7.6773524,0.11203319579362869,0.9867109656333923,0.7820597887039185
YML080W,YNL004W,0,-7.677467,0.11201910674571991,0.9867109656333923,0.7821705341339111
YHR031C,YIL082W-A,0,-7.678397,0.11200502514839172,0.9867109656333923,0.7822812795639038
YNL245C,YGR118W,0,-7.6792846,0.11199095100164413,0.9867109656333923,0.7823920249938965
YOR116C,YPL045W,0,-7.6793227,0.11197687685489655,0.9867109656333923,0.7825027704238892
YNR035C,YAL001C,0,-7.6798873,0.11196280270814896,0.9867109656333923,0.7826135158538818
YEL036C,YOR112W,0,-7.679994,0.11194873601198196,0.9867109656333923,0.7827242612838745
YPL061W,YML023C,0,-7.680391,0.11193467676639557,0.9867109656333923,0.7828350067138672
YIR009W,YGR159C,0,-7.6820016,0.11192061007022858,0.9867109656333923,0.7829457521438599
YOR340C,YER005W,0,-7.6831307,0.11190655827522278,0.9867109656333923,0.7830564975738525
YDR296W,YGR082W,0,-7.6832194,0.11189250648021698,0.9867109656333923,0.7831672430038452
YOL051W,YGR212W,0,-7.6858582,0.11187845468521118,0.9867109656333923,0.7832779884338379
YGL030W,YNL126W,0,-7.6872444,0.11186441034078598,0.9867109656333923,0.7833887338638306
YOL135C,YNL129W,0,-7.6876726,0.11185036599636078,0.9867109656333923,0.7834994196891785
YLR429W,YER116C,0,-7.689268,0.11183632165193558,0.9867109656333923,0.7836101651191711
YOR120W,YAL001C,0,-7.689899,0.11182229220867157,0.9867109656333923,0.7837209105491638
YHR026W,YJR141W,0,-7.690072,0.11180825531482697,0.9867109656333923,0.7838316559791565
YLL011W,YPL063W,0,-7.6910596,0.11179422587156296,0.9867109656333923,0.7839424014091492
YPL244C,YJL042W,0,-7.6914988,0.11178020387887955,0.9867109656333923,0.7840531468391418
YOL033W,YLR048W,0,-7.692491,0.11176618188619614,0.9867109656333923,0.7841638922691345
YDR194C,YGL070C,0,-7.6935534,0.11175215989351273,0.9867109656333923,0.7842746376991272
YDR492W,YNL169C,0,-7.6977477,0.11173814535140991,0.9867109656333923,0.7843853831291199
YER149C,YEL050C,0,-7.698387,0.1117241382598877,0.9867109656333923,0.7844961285591125
YGR159C,YKL188C,0,-7.6985297,0.11171013116836548,0.9867109656333923,0.7846068739891052
YNR030W,YKL154W,0,-7.699754,0.11169612407684326,0.9867109656333923,0.7847176194190979
YNL282W,YML028W,0,-7.700385,0.11168212443590164,0.9867109656333923,0.7848283648490906
YPL218W,YJR141W,0,-7.70209,0.11166813224554062,0.9867109656333923,0.7849391102790833
YML061C,YBR117C,0,-7.7042007,0.111654132604599,0.9867109656333923,0.7850498557090759
YER001W,YPL012W,0,-7.704591,0.11164014786481857,0.9867109656333923,0.7851606011390686
YOR113W,YLR316C,0,-7.704615,0.11162615567445755,0.9867109656333923,0.7852713465690613
YOR267C,YMR080C,0,-7.705752,0.11161217838525772,0.9867109656333923,0.7853820323944092
YDR411C,YKR082W,0,-7.705994,0.1115981936454773,0.9867109656333923,0.7854927778244019
YLR362W,YIL101C,0,-7.707579,0.11158422380685806,0.9867109656333923,0.7856035232543945
YMR075W,YKR053C,0,-7.7086215,0.11157024651765823,0.9867109656333923,0.7857142686843872
YHR092C,YKR053C,0,-7.709842,0.111556276679039,0.9867109656333923,0.7858250141143799
YJL204C,YPR182W,0,-7.7098756,0.11154231429100037,0.9867109656333923,0.7859357595443726
YNL279W,YKL086W,0,-7.710569,0.11152835190296173,0.9867109656333923,0.7860465049743652
YBL097W,YPL274W,0,-7.7108035,0.1115143895149231,0.9867109656333923,0.7861572504043579
YAL012W,YPL190C,0,-7.7109456,0.11150043457746506,0.9867109656333923,0.7862679958343506
YGR216C,YER126C,0,-7.711099,0.11148648709058762,0.9867109656333923,0.7863787412643433
YIL140W,YGL209W,0,-7.7112737,0.11147253960371017,0.9867109656333923,0.7864894866943359
YNR035C,YHR065C,0,-7.7116637,0.11145859211683273,0.9867109656333923,0.7866002321243286
YBR102C,YGL253W,0,-7.711798,0.11144465208053589,0.9867109656333923,0.7867109775543213
YNL023C,YPR006C,0,-7.711914,0.11143071204423904,0.9867109656333923,0.786821722984314
YLR043C,YOL109W,0,-7.7128654,0.1114167794585228,0.9867109656333923,0.7869324684143066
YBR247C,YPL045W,0,-7.7129292,0.11140285432338715,0.9867109656333923,0.7870432138442993
YCR038C,YMR260C,0,-7.713157,0.1113889217376709,0.9867109656333923,0.787153959274292
YGL169W,YLR262C,0,-7.714687,0.11137499660253525,0.9867109656333923,0.7872646450996399
YDL192W,YER018C,0,-7.715099,0.1113610789179802,0.9867109656333923,0.7873753905296326
YMR136W,YDR285W,0,-7.7163544,0.11134716123342514,0.9867109656333923,0.7874861359596252
YBR217W,YOR074C,0,-7.716498,0.11133325099945068,0.9867109656333923,0.7875968813896179
YOL059W,YKL154W,0,-7.7177763,0.11131934076547623,0.9867109656333923,0.7877076268196106
YBL102W,YGL039W,0,-7.7185683,0.11130543053150177,0.9867109656333923,0.7878183722496033
YDL013W,YGL090W,0,-7.718866,0.11129152774810791,0.9867109656333923,0.787929117679596
YPL231W,YPR154W,0,-7.720117,0.11127763241529465,0.9867109656333923,0.7880398631095886
YBL085W,YKR056W,0,-7.720214,0.11126373708248138,0.9867109656333923,0.7881506085395813
YBR159W,YPR083W,0,-7.7205315,0.11124984174966812,0.9867109656333923,0.788261353969574
YGR152C,YDR443C,0,-7.720602,0.11123595386743546,0.9867109656333923,0.7883720993995667
YGR256W,YDL030W,0,-7.720843,0.11122206598520279,0.9867109656333923,0.7884828448295593
YLR394W,YDL181W,0,-7.721836,0.11120818555355072,0.9867109656333923,0.788593590259552
YGR145W,YML098W,0,-7.722749,0.11119431257247925,0.9867109656333923,0.7887043356895447
YGL168W,YPR007C,0,-7.7228537,0.11118043214082718,0.9867109656333923,0.7888150811195374
YHR099W,YIL101C,0,-7.7239084,0.1111665591597557,0.9867109656333923,0.78892582654953
YJR001W,YPL274W,0,-7.724055,0.11115269362926483,0.9867109656333923,0.7890365719795227
YDR101C,YLR052W,0,-7.7252274,0.11113882809877396,0.9867109656333923,0.7891472578048706
YLR210W,YLR424W,0,-7.7264323,0.11112497001886368,0.9867109656333923,0.7892580032348633
YJL194W,YLR384C,0,-7.726603,0.1111111119389534,0.9867109656333923,0.789368748664856
YDR283C,YKR053C,0,-7.7276816,0.11109725385904312,0.9867109656333923,0.7894794940948486
YJL204C,YGL070C,0,-7.727743,0.11108340322971344,0.9867109656333923,0.7895902395248413
YBR004C,YPR182W,0,-7.7296495,0.11106956005096436,0.9867109656333923,0.789700984954834
YLR098C,YML078W,0,-7.73017,0.11105571687221527,0.9867109656333923,0.7898117303848267
YLR242C,YOL028C,0,-7.7312913,0.11104187369346619,0.9867109656333923,0.7899224758148193
YPR190C,YML098W,0,-7.732152,0.1110280379652977,0.9867109656333923,0.790033221244812
YLR048W,YPL063W,0,-7.7327766,0.11101420223712921,0.9867109656333923,0.7901439666748047
YNL245C,YNR032C-A,0,-7.733977,0.11100037395954132,0.9867109656333923,0.7902547121047974
YDR016C,YBR117C,0,-7.734167,0.11098654568195343,0.9867109656333923,0.79036545753479
YBL084C,YEL012W,1,-7.735085,0.11109726876020432,0.9878183603286743,0.79036545753479
YCL025C,YNL173C,0,-7.7355294,0.11108344048261642,0.9878183603286743,0.7904762029647827
YDR055W,YFR033C,0,-7.7368336,0.11106960475444794,0.9878183603286743,0.7905869483947754
YDR545W,YGL039W,0,-7.7379646,0.11105577647686005,0.9878183603286743,0.7906976938247681
YAL041W,YPR144C,0,-7.73814,0.11104195564985275,0.9878183603286743,0.7908084392547607
YPL022W,YHR099W,0,-7.739412,0.11102812737226486,0.9878183603286743,0.7909191846847534
YNR027W,YKL014C,0,-7.7415986,0.11101431399583817,0.9878183603286743,0.7910299301147461
YDL085W,YGR099W,0,-7.7418756,0.11100050061941147,0.9878183603286743,0.791140615940094
YNR032C-A,YBR024W,0,-7.7421813,0.11098668724298477,0.9878183603286743,0.7912513613700867
YDR101C,YJL080C,0,-7.743729,0.11097288131713867,0.9878183603286743,0.7913621068000793
YNL129W,YDR481C,0,-7.743777,0.11095907539129257,0.9878183603286743,0.791472852230072
YER126C,YDL230W,0,-7.744396,0.11094527691602707,0.9878183603286743,0.7915835976600647
YBR131W,YPR144C,0,-7.745224,0.11093147844076157,0.9878183603286743,0.7916943430900574
YLR106C,YNL099C,0,-7.7459035,0.11091767996549606,0.9878183603286743,0.79180508852005
YOR267C,YGR251W,0,-7.7460475,0.11090388894081116,0.9878183603286743,0.7919158339500427
YKL054C,YKL002W,1,-7.746425,0.11101441830396652,0.9889258146286011,0.7919158339500427
YDL024C,YGL168W,0,-7.7465653,0.11100061982870102,0.9889258146286011,0.7920265793800354
YGR186W,YEL004W,0,-7.7467346,0.11098682880401611,0.9889258146286011,0.7921373248100281
YKR066C,YKR097W,0,-7.7486267,0.11097303032875061,0.9889258146286011,0.7922480702400208
YPR057W,YNR001C,0,-7.749013,0.1109592467546463,0.9889258146286011,0.7923588156700134
YPR183W,YOR036W,0,-7.751228,0.1109454557299614,0.9889258146286011,0.7924695611000061
YNL245C,YGL253W,0,-7.7512918,0.11093167960643768,0.9889258146286011,0.7925803065299988
YER118C,YIL056W,0,-7.7514443,0.11091789603233337,0.9889258146286011,0.7926910519599915
YGL047W,YOR058C,0,-7.7521615,0.11090411990880966,0.9889258146286011,0.7928017973899841
YGL191W,YLR106C,0,-7.753108,0.11089035123586655,0.9889258146286011,0.7929125428199768
YBL079W,YDR178W,0,-7.7535844,0.11087658256292343,0.9889258146286011,0.7930232286453247
YER173W,YJL080C,0,-7.7538023,0.11086282134056091,0.9889258146286011,0.7931339740753174
YPR005C,YGL236C,0,-7.754148,0.1108490601181984,0.9889258146286011,0.7932447195053101
YGL045W,YLR222C,0,-7.7553797,0.11083529889583588,0.9889258146286011,0.7933554649353027
YOR079C,YKL043W,0,-7.755616,0.11082154512405396,0.9889258146286011,0.7934662103652954
YPR083W,YGR129W,0,-7.755736,0.11080779135227203,0.9889258146286011,0.7935769557952881
YHL003C,YOR372C,0,-7.756243,0.11079404503107071,0.9889258146286011,0.7936877012252808
YGR211W,YML131W,0,-7.7562566,0.11078029870986938,0.9889258146286011,0.7937984466552734
YAR002W,YPR133C,0,-7.756924,0.11076655983924866,0.9889258146286011,0.7939091920852661
YKL009W,YPL218W,0,-7.757101,0.11075282096862793,0.9889258146286011,0.7940199375152588
YLL019C,YHL003C,0,-7.7582498,0.1107390895485878,0.9889258146286011,0.7941306829452515
YKR038C,YDL085W,0,-7.7588267,0.11072535812854767,0.9889258146286011,0.7942414283752441
YDL051W,YKL212W,0,-7.7624,0.11071162670850754,0.9889258146286011,0.7943521738052368
YJL006C,YPL146C,0,-7.7637935,0.110697902739048,0.9889258146286011,0.7944629192352295
YOR120W,YJL089W,0,-7.7650876,0.11068418622016907,0.9889258146286011,0.7945736646652222
YOL082W,YDL081C,0,-7.7665887,0.11067046970129013,0.9889258146286011,0.7946844100952148
YAL068C,YKR056W,0,-7.767068,0.1106567531824112,0.9889258146286011,0.7947951555252075
YKL149C,YJL080C,0,-7.768289,0.11064304411411285,0.9889258146286011,0.7949058413505554
YDL031W,YNL201C,0,-7.7706995,0.11062933504581451,0.9889258146286011,0.7950165867805481
YOR023C,YDR116C,0,-7.772619,0.11061563342809677,0.9889258146286011,0.7951273322105408
YHR065C,YML098W,0,-7.7729716,0.11060193181037903,0.9889258146286011,0.7952380776405334
YKL214C,YDL118W,0,-7.773384,0.11058823764324188,0.9889258146286011,0.7953488230705261
YDR284C,YEL034W,0,-7.773581,0.11057454347610474,0.9889258146286011,0.7954595685005188
YPL078C,YJL194W,0,-7.773892,0.11056084930896759,0.9889258146286011,0.7955703139305115
YLR155C,YPL268W,0,-7.7742796,0.11054716259241104,0.9889258146286011,0.7956810593605042
YJL208C,YDR369C,0,-7.774792,0.11053348332643509,0.9889258146286011,0.7957918047904968
YAL012W,YKL099C,0,-7.7749505,0.11051980406045914,0.9889258146286011,0.7959025502204895
YKL086W,YGR099W,0,-7.7760878,0.11050612479448318,0.9889258146286011,0.7960132956504822
YML062C,YDL081C,0,-7.7796783,0.11049245297908783,0.9889258146286011,0.7961240410804749
YJL080C,YEL031W,0,-7.780252,0.11047878116369247,0.9889258146286011,0.7962347865104675
YOR150W,YHR098C,0,-7.781846,0.11046511679887772,0.9889258146286011,0.7963455319404602
YPL121C,YGL246C,0,-7.782777,0.11045145243406296,0.9889258146286011,0.7964562773704529
YER052C,YKL043W,0,-7.7833295,0.1104377955198288,0.9889258146286011,0.7965670228004456
YAR002C-A,YML131W,0,-7.783919,0.11042413860559464,0.9889258146286011,0.7966777682304382
YJR105W,YPL098C,0,-7.784659,0.11041048169136047,0.9889258146286011,0.7967884540557861
YOR137C,YOR083W,0,-7.7865825,0.11039683222770691,0.9889258146286011,0.7968991994857788
YLR433C,YDL081C,0,-7.787487,0.11038319021463394,0.9889258146286011,0.7970099449157715
YEL009C,YGR008C,0,-7.788285,0.11036954820156097,0.9889258146286011,0.7971206903457642
YER107C,YJR103W,0,-7.789326,0.110355906188488,0.9889258146286011,0.7972314357757568
YMR247C,YLR435W,0,-7.789511,0.11034227162599564,0.9889258146286011,0.7973421812057495
YOR373W,YDR120C,0,-7.789681,0.11032863706350327,0.9889258146286011,0.7974529266357422
YOR373W,YBR196C,0,-7.7898564,0.11031500995159149,0.9889258146286011,0.7975636720657349
YPL115C,YDR312W,0,-7.7903085,0.11030138283967972,0.9889258146286011,0.7976744174957275
YBL099W,YIL008W,0,-7.7914577,0.11028776317834854,0.9889258146286011,0.7977851629257202
YBR217W,YJR150C,0,-7.7915015,0.11027414351701736,0.9889258146286011,0.7978959083557129
YAL054C,YOR036W,0,-7.791522,0.11026052385568619,0.9889258146286011,0.7980066537857056
YPL115C,YNL232W,0,-7.7943654,0.11024691164493561,0.9889258146286011,0.7981173992156982
YAR014C,YOR140W,0,-7.795074,0.11023330688476562,0.9889258146286011,0.7982281446456909
YDR216W,YOR110W,0,-7.7951384,0.11021970212459564,0.9889258146286011,0.7983388900756836
YOR113W,YBR237W,0,-7.7954865,0.11020609736442566,0.9889258146286011,0.7984496355056763
YPL231W,YGR008C,0,-7.7957363,0.11019250005483627,0.9889258146286011,0.798560380935669
YEL024W,YMR134W,0,-7.797461,0.11017890274524689,0.9889258146286011,0.7986710667610168
YGR057C,YBR117C,0,-7.7985864,0.1101653128862381,0.9889258146286011,0.7987818121910095
YML055W,YNL313C,0,-7.7985983,0.11015172302722931,0.9889258146286011,0.7988925576210022
YJL071W,YMR045C,0,-7.7992854,0.11013813316822052,0.9889258146286011,0.7990033030509949
YOR328W,YGR180C,0,-7.8016562,0.11012455075979233,0.9889258146286011,0.7991140484809875
YOL040C,YOR089C,0,-7.801668,0.11011097580194473,0.9889258146286011,0.7992247939109802
YLL009C,YER032W,0,-7.8029513,0.11009740084409714,0.9889258146286011,0.7993355393409729
YDL031W,YPL026C,0,-7.8035536,0.11008382588624954,0.9889258146286011,0.7994462847709656
YJL194W,YPR018W,0,-7.804523,0.11007025837898254,0.9889258146286011,0.7995570302009583
YNL129W,YDR071C,0,-7.804886,0.11005669087171555,0.9889258146286011,0.7996677756309509
YLR060W,YPR179C,0,-7.8062677,0.11004313081502914,0.9889258146286011,0.7997785210609436
YBR237W,YPL235W,0,-7.8063912,0.11002957075834274,0.9889258146286011,0.7998892664909363
YDR216W,YJL112W,0,-7.8077254,0.11001601815223694,0.9889258146286011,0.800000011920929
YHR001W-A,YOL067C,0,-7.8082027,0.11000246554613113,0.9889258146286011,0.8001107573509216
YKR059W,YHL009C,0,-7.8085685,0.10998891294002533,0.9889258146286011,0.8002215027809143
YPL268W,YNL292W,0,-7.8090577,0.10997536778450012,0.9889258146286011,0.800332248210907
YAL068C,YDR429C,0,-7.809287,0.10996183007955551,0.9889258146286011,0.8004429936408997
YPL235W,YER116C,0,-7.810038,0.1099482849240303,0.9889258146286011,0.8005537390708923
YGL094C,YDL083C,0,-7.811128,0.10993475466966629,0.9889258146286011,0.8006644248962402
YPL152W,YLR435W,0,-7.8115716,0.10992122441530228,0.9889258146286011,0.8007751703262329
YGL236C,YJL141C,0,-7.81183,0.10990769416093826,0.9889258146286011,0.8008859157562256
YER167W,YGL112C,0,-7.8127594,0.10989416390657425,0.9889258146286011,0.8009966611862183
YDR236C,YDR492W,0,-7.8155074,0.10988064110279083,0.9889258146286011,0.8011074066162109
YNL004W,YLR116W,0,-7.8163953,0.10986712574958801,0.9889258146286011,0.8012181520462036
YJL141C,YGL039W,0,-7.8168283,0.10985361039638519,0.9889258146286011,0.8013288974761963
YMR212C,YOL045W,0,-7.8170657,0.10984009504318237,0.9889258146286011,0.801439642906189
YNL009W,YER142C,0,-7.8171964,0.10982658714056015,0.9889258146286011,0.8015503883361816
YBR020W,YHR070W,0,-7.8172364,0.10981308668851852,0.9889258146286011,0.8016611337661743
YBL085W,YLL011W,0,-7.81733,0.1097995787858963,0.9889258146286011,0.801771879196167
YHL009C,YLR262C,0,-7.8189044,0.10978608578443527,0.9889258146286011,0.8018826246261597
YBL099W,YFL022C,0,-7.8190694,0.10977258533239365,0.9889258146286011,0.8019933700561523
YGL191W,YGL257C,0,-7.819137,0.10975909233093262,0.9889258146286011,0.802104115486145
YLR155C,YPR189W,0,-7.8192987,0.10974560678005219,0.9889258146286011,0.8022148609161377
YCL025C,YPL237W,0,-7.8204393,0.10973212122917175,0.9889258146286011,0.8023256063461304
YNL073W,YHR065C,0,-7.8206897,0.10971863567829132,0.9889258146286011,0.802436351776123
YER028C,YBR196C,0,-7.822906,0.10970515757799149,0.9889258146286011,0.802547037601471
YDL197C,YIL076W,0,-7.8232875,0.10969168692827225,0.9889258146286011,0.8026577830314636
YER028C,YML031W,0,-7.8237214,0.10967820882797241,0.9889258146286011,0.8027685284614563
YER017C,YJR031C,0,-7.824463,0.10966474562883377,0.9889258146286011,0.802879273891449
YBL009W,YDR429C,0,-7.825223,0.10965127497911453,0.9889258146286011,0.8029900193214417
YKL004W,YMR218C,0,-7.8254933,0.10963781177997589,0.9889258146286011,0.8031007647514343
YPL031C,YKR056W,0,-7.8255353,0.10962435603141785,0.9889258146286011,0.803211510181427
YOR023C,YFL058W,0,-7.825575,0.1096109002828598,0.9889258146286011,0.8033222556114197
YLR048W,YLR447C,0,-7.8256993,0.10959744453430176,0.9889258146286011,0.8034330010414124
YNL259C,YEL031W,0,-7.8272634,0.10958399623632431,0.9889258146286011,0.803543746471405
YGR239C,YLR026C,0,-7.8280635,0.10957055538892746,0.9889258146286011,0.8036544919013977
YCL044C,YHR026W,0,-7.8292947,0.10955710709095001,0.9889258146286011,0.8037652373313904
YAL016W,YOR083W,0,-7.8303657,0.10954367369413376,0.9889258146286011,0.8038759827613831
YPL117C,YCR072C,0,-7.830445,0.10953023284673691,0.9889258146286011,0.8039867281913757
YGR220C,YNR039C,0,-7.830566,0.10951679944992065,0.9889258146286011,0.8040974736213684
YNR053C,YOR087W,0,-7.8305836,0.109503373503685,0.9889258146286011,0.8042082190513611
YNL023C,YKL057C,0,-7.831049,0.10948994755744934,0.9889258146286011,0.8043189644813538
YOR023C,YHR065C,0,-7.8312926,0.10947652161121368,0.9889258146286011,0.8044296503067017
YCR107W,YDL083C,0,-7.832,0.10946310311555862,0.9889258146286011,0.8045403957366943
YGL211W,YLR447C,0,-7.8331447,0.10944968461990356,0.9889258146286011,0.804651141166687
YBR247C,YJL179W,0,-7.835113,0.1094362735748291,0.9889258146286011,0.8047618865966797
YDL081C,YFL005W,0,-7.8355374,0.10942286252975464,0.9889258146286011,0.8048726320266724
YER126C,YOL040C,0,-7.835751,0.10940945893526077,0.9889258146286011,0.804983377456665
YOR061W,YDL226C,0,-7.837204,0.1093960553407669,0.9889258146286011,0.8050941228866577
YKL208W,YOR178C,0,-7.8374467,0.10938265919685364,0.9889258146286011,0.8052048683166504
YIL033C,YHR031C,0,-7.838814,0.10936925560235977,0.9889258146286011,0.8053156137466431
YHL003C,YDR362C,0,-7.8393025,0.1093558669090271,0.9889258146286011,0.8054263591766357
YNL279W,YOR254C,0,-7.8395643,0.10934247821569443,0.9889258146286011,0.8055371046066284
YML085C,YER082C,0,-7.839914,0.10932908952236176,0.9889258146286011,0.8056478500366211
YDR362C,YKL214C,0,-7.8402886,0.10931570827960968,0.9889258146286011,0.8057585954666138
YPL011C,YNR039C,0,-7.840469,0.1093023270368576,0.9889258146286011,0.8058693408966064
YKL179C,YDR178W,0,-7.840989,0.10928894579410553,0.9889258146286011,0.8059800863265991
YPR179C,YGR004W,0,-7.841047,0.10927557200193405,0.9889258146286011,0.8060908317565918
YPL231W,YEL004W,0,-7.8421226,0.10926220566034317,0.9889258146286011,0.8062015771865845
YNR032C-A,YGR082W,0,-7.84219,0.10924883931875229,0.9889258146286011,0.8063122630119324
YBR247C,YDR011W,0,-7.8446093,0.10923547297716141,0.9889258146286011,0.806423008441925
YLR459W,YHR006W,0,-7.8450103,0.10922211408615112,0.9889258146286011,0.8065337538719177
YPL235W,YDR312W,0,-7.846238,0.10920875519514084,0.9889258146286011,0.8066444993019104
YCR028C,YOR216C,0,-7.852503,0.10919540375471115,0.9889258146286011,0.8067552447319031
YLR039C,YDR324C,0,-7.8539963,0.10918205231428146,0.9889258146286011,0.8068659901618958
YCL051W,YJR004C,0,-7.854197,0.10916870087385178,0.9889258146286011,0.8069767355918884
YOL012C,YGL209W,0,-7.855021,0.10915535688400269,0.9889258146286011,0.8070874810218811
YHL003C,YBR196C,0,-7.855106,0.10914202034473419,0.9889258146286011,0.8071982264518738
YLR384C,YJL013C,0,-7.855182,0.1091286838054657,0.9889258146286011,0.8073089718818665
YMR260C,YGR033C,0,-7.855905,0.1091153472661972,0.9889258146286011,0.8074197173118591
YLR155C,YER107C,0,-7.8568153,0.10910201817750931,0.9889258146286011,0.8075304627418518
YNL094W,YOR113W,0,-7.8575535,0.10908868908882141,0.9889258146286011,0.8076412081718445
YDL031W,YOR340C,0,-7.8577104,0.10907536000013351,0.9889258146286011,0.8077519536018372
YDR481C,YJL025W,0,-7.8596754,0.10906203836202621,0.9889258146286011,0.8078626990318298
YJR150C,YLR316C,0,-7.8599124,0.10904872417449951,0.9889258146286011,0.8079734444618225
YBL084C,YBR273C,1,-7.860176,0.1091575101017952,0.9900332093238831,0.8079734444618225
YMR260C,YDR246W,0,-7.860526,0.1091441810131073,0.9900332093238831,0.8080841898918152
YHR165C,YGL030W,0,-7.8605733,0.109130859375,0.9900332093238831,0.8081949353218079
YLR433C,YLR129W,0,-7.8606296,0.1091175377368927,0.9900332093238831,0.8083056211471558
YDR079W,YCR037C,0,-7.861845,0.109104223549366,0.9900332093238831,0.8084163665771484
YKR056W,YLR262C,0,-7.8624935,0.1090909093618393,0.9900332093238831,0.8085271120071411
YMR305C,YGR186W,0,-7.862674,0.10907759517431259,0.9900332093238831,0.8086378574371338
YER107C,YOR386W,0,-7.8635716,0.10906428843736649,0.9900332093238831,0.8087486028671265
YKL043W,YLL016W,0,-7.8638763,0.10905098915100098,0.9900332093238831,0.8088593482971191
YML031W,YPL243W,0,-7.865326,0.10903768986463547,0.9900332093238831,0.8089700937271118
YCR033W,YIL056W,0,-7.8658667,0.10902439057826996,0.9900332093238831,0.8090808391571045
YHR031C,YLR026C,0,-7.866629,0.10901109874248505,0.9900332093238831,0.8091915845870972
YLR433C,YGL226C-A,0,-7.866713,0.10899780690670013,0.9900332093238831,0.8093023300170898
YPL012W,YML127W,0,-7.867982,0.10898451507091522,0.9900332093238831,0.8094130754470825
YGL169W,YOL072W,0,-7.8708797,0.10897123068571091,0.9900332093238831,0.8095238208770752
YGL089C,YBR024W,0,-7.8716636,0.10895795375108719,0.9900332093238831,0.8096345663070679
YMR199W,YHR070W,0,-7.871859,0.10894467681646347,0.9900332093238831,0.8097453117370605
YHL002W,YDR296W,0,-7.8731008,0.10893139988183975,0.9900332093238831,0.8098560571670532
YGR008C,YER082C,0,-7.8736987,0.10891813039779663,0.9900332093238831,0.8099668025970459
YNL101W,YPL012W,0,-7.875334,0.10890486091375351,0.9900332093238831,0.8100775480270386
YDR216W,YAR008W,0,-7.875982,0.10889159888029099,0.9900332093238831,0.8101882338523865
YER025W,YBR159W,0,-7.8760056,0.10887833684682846,0.9900332093238831,0.8102989792823792
YHR001W-A,YGL095C,0,-7.876729,0.10886507481336594,0.9900332093238831,0.8104097247123718
YPR067W,YLL011W,0,-7.878137,0.10885182023048401,0.9900332093238831,0.8105204701423645
YBR207W,YDR079W,0,-7.8781924,0.10883856564760208,0.9900332093238831,0.8106312155723572
YNL232W,YIL065C,0,-7.8783584,0.10882531851530075,0.9900332093238831,0.8107419610023499
YFR053C,YCR084C,0,-7.8801637,0.10881207138299942,0.9900332093238831,0.8108527064323425
YKR059W,YOR003W,0,-7.881302,0.10879883170127869,0.9900332093238831,0.8109634518623352
YDR473C,YDL030W,0,-7.88162,0.10878559201955795,0.9900332093238831,0.8110741972923279
YHR065C,YCR053W,0,-7.8816347,0.10877235978841782,0.9900332093238831,0.8111849427223206
YFR053C,YDR246W,0,-7.882336,0.10875912755727768,0.9900332093238831,0.8112956881523132
YOL123W,YKL082C,0,-7.882615,0.10874589532613754,0.9900332093238831,0.8114064335823059
YJR070C,YDR116C,0,-7.882802,0.108732670545578,0.9900332093238831,0.8115171790122986
YMR128W,YPL262W,0,-7.8834515,0.10871944576501846,0.9900332093238831,0.8116279244422913
YPR185W,YNL339C,0,-7.8850117,0.10870622843503952,0.9900332093238831,0.8117386698722839
YDL014W,YDR443C,0,-7.8852797,0.10869301110506058,0.9900332093238831,0.8118494153022766
YGR261C,YGL169W,0,-7.885591,0.10867979377508163,0.9900332093238831,0.8119601607322693
YPR065W,YPR182W,0,-7.885999,0.10866658389568329,0.9900332093238831,0.8120708465576172
YGR113W,YGR195W,0,-7.886094,0.10865338146686554,0.9900332093238831,0.8121815919876099
YGL191W,YBR118W,0,-7.887961,0.1086401715874672,0.9900332093238831,0.8122923374176025
YKL139W,YGL039W,0,-7.88893,0.10862697660923004,0.9900332093238831,0.8124030828475952
YOR254C,YKL154W,0,-7.8895135,0.10861377418041229,0.9900332093238831,0.8125138282775879
YAL041W,YGR195W,0,-7.891951,0.10860058665275574,0.9900332093238831,0.8126245737075806
YPL235W,YLR026C,0,-7.892297,0.10858739167451859,0.9900332093238831,0.8127353191375732
YOR120W,YER154W,0,-7.893899,0.10857420414686203,0.9900332093238831,0.8128460645675659
YMR204C,YHR026W,0,-7.8955774,0.10856101661920547,0.9900332093238831,0.8129568099975586
YHL003C,YPR041W,0,-7.8961873,0.10854783654212952,0.9900332093238831,0.8130675554275513
YCL040W,YML127W,0,-7.897081,0.10853466391563416,0.9900332093238831,0.813178300857544
YML078W,YJR004C,0,-7.8970866,0.1085214838385582,0.9900332093238831,0.8132890462875366
YNL135C,YJR103W,0,-7.8972344,0.10850831121206284,0.9900332093238831,0.8133997917175293
YGL201C,YJL042W,0,-7.8973346,0.10849514603614807,0.9900332093238831,0.813510537147522
YPL231W,YDR362C,0,-7.898447,0.1084819808602333,0.9900332093238831,0.8136212825775146
YOR034C,YPL126W,0,-7.89855,0.10846881568431854,0.9900332093238831,0.8137320280075073
YPR006C,YPL016W,0,-7.898812,0.10845565795898438,0.9900332093238831,0.8138427734375
YGL115W,YFL058W,0,-7.89937,0.10844250023365021,0.9900332093238831,0.8139534592628479
YFR028C,YPR005C,0,-7.8997216,0.10842934995889664,0.9900332093238831,0.8140642046928406
YBL046W,YPR041W,0,-7.900042,0.10841619968414307,0.9900332093238831,0.8141749501228333
YAL012W,YCL019W,0,-7.90006,0.10840305685997009,0.9900332093238831,0.8142856955528259
YMR301C,YGR180C,0,-7.9013057,0.10838991403579712,0.9900332093238831,0.8143964409828186
YGR098C,YLR106C,0,-7.9014935,0.10837677121162415,0.9900332093238831,0.8145071864128113
YGL211W,YOL127W,0,-7.902466,0.10836363583803177,0.9900332093238831,0.814617931842804
YLR080W,YGR186W,0,-7.903403,0.10835050046443939,0.9900332093238831,0.8147286772727966
YGR159C,YLR026C,0,-7.90509,0.10833737254142761,0.9900332093238831,0.8148394227027893
YLL019C,YNL247W,0,-7.905306,0.10832424461841583,0.9900332093238831,0.814950168132782
YJL042W,YAR008W,0,-7.905832,0.10831112414598465,0.9900332093238831,0.8150609135627747
YPR185W,YLR045C,0,-7.9073114,0.10829800367355347,0.9900332093238831,0.8151716589927673
YKL074C,YLR048W,0,-7.908524,0.10828488320112228,0.9900332093238831,0.81528240442276
YOR074C,YDR460W,0,-7.9085307,0.1082717701792717,0.9900332093238831,0.8153931498527527
YBL099W,YCR083W,0,-7.90878,0.10825865715742111,0.9900332093238831,0.8155038952827454
YNL110C,YDR086C,0,-7.9093566,0.10824555158615112,0.9900332093238831,0.815614640712738
YNL041C,YKL043W,0,-7.90999,0.10823244601488113,0.9900332093238831,0.8157253861427307
YKL084W,YNL221C,0,-7.9111366,0.10821934044361115,0.9900332093238831,0.8158361315727234
YMR012W,YPL268W,0,-7.911952,0.10820624232292175,0.9900332093238831,0.8159468173980713
YDL227C,YIR017C,0,-7.9122024,0.10819315165281296,0.9900332093238831,0.816057562828064
YLR105C,YLR262C,0,-7.9130354,0.10818006098270416,0.9900332093238831,0.8161683082580566
YIL013C,YGL112C,0,-7.914313,0.10816697031259537,0.9900332093238831,0.8162790536880493
YDR446W,YDR481C,0,-7.9147196,0.10815388709306717,0.9900332093238831,0.816389799118042
YDL044C,YMR260C,0,-7.916441,0.10814080387353897,0.9900332093238831,0.8165005445480347
YEL009C,YML085C,0,-7.916748,0.10812772065401077,0.9900332093238831,0.8166112899780273
YBR083W,YPR107C,0,-7.9178615,0.10811464488506317,0.9900332093238831,0.81672203540802
YOL130W,YPL210C,0,-7.9195523,0.10810156911611557,0.9900332093238831,0.8168327808380127
YLR384C,YNR048W,0,-7.919751,0.10808850079774857,0.9900332093238831,0.8169435262680054
YBL033C,YOR340C,0,-7.9205236,0.10807543247938156,0.9900332093238831,0.817054271697998
YOL082W,YMR162C,0,-7.92133,0.10806237161159515,0.9900332093238831,0.8171650171279907
YOR178C,YDR296W,0,-7.922347,0.10804931074380875,0.9900332093238831,0.8172757625579834
YPL231W,YLR424W,0,-7.922916,0.10803625732660294,0.9900332093238831,0.8173865079879761
YBR247C,YGR257C,0,-7.9235196,0.10802319645881653,0.9900332093238831,0.8174972534179688
YPR201W,YEL056W,0,-7.924458,0.10801015049219131,0.9900332093238831,0.8176079988479614
YDL013W,YHL003C,0,-7.9274297,0.1079970970749855,0.9900332093238831,0.8177187442779541
YCR053W,YMR087W,0,-7.927681,0.10798405855894089,0.9900332093238831,0.817829430103302
YAL055W,YPL012W,0,-7.927789,0.10797101259231567,0.9900332093238831,0.8179401755332947
YGR195W,YFL058W,0,-7.9279447,0.10795797407627106,0.9900332093238831,0.8180509209632874
YMR301C,YJR145C,0,-7.931914,0.10794494301080704,0.9900332093238831,0.81816166639328
YDR411C,YHR026W,0,-7.9320416,0.10793191194534302,0.9900332093238831,0.8182724118232727
YOR150W,YPR036W,0,-7.9321613,0.107918880879879,0.9900332093238831,0.8183831572532654
YKL043W,YFL058W,0,-7.9324656,0.10790585726499557,0.9900332093238831,0.8184939026832581
YGR103W,YJL080C,0,-7.932653,0.10789283365011215,0.9900332093238831,0.8186046481132507
YAL015C,YPL063W,0,-7.934392,0.10787981003522873,0.9900332093238831,0.8187153935432434
YNL173C,YML060W,0,-7.935167,0.1078667938709259,0.9900332093238831,0.8188261389732361
YDR030C,YJR103W,0,-7.936044,0.10785378515720367,0.9900332093238831,0.8189368844032288
YBR102C,YLR303W,0,-7.9384284,0.10784076899290085,0.9900332093238831,0.8190476298332214
YNL271C,YCR086W,0,-7.9386115,0.10782776772975922,0.9900332093238831,0.8191583752632141
YIL114C,YMR260C,0,-7.9389434,0.10781475901603699,0.9900332093238831,0.8192691206932068
YDR283C,YHR042W,0,-7.94134,0.10780175775289536,0.9900332093238831,0.8193798661231995
YPR025C,YER001W,0,-7.9416003,0.10778876394033432,0.9900332093238831,0.8194906115531921
YBR217W,YGR249W,0,-7.9440722,0.10777577012777328,0.9900332093238831,0.8196013569831848
YFL025C,YEL012W,1,-7.944166,0.10788331925868988,0.9911406636238098,0.8196013569831848
YAL012W,YDL083C,0,-7.944856,0.10787031799554825,0.9911406636238098,0.8197120428085327
YPR201W,YDR099W,0,-7.9464974,0.10785731673240662,0.9911406636238098,0.8198227882385254
YGR249W,YPL210C,0,-7.946802,0.10784431546926498,0.9911406636238098,0.8199335336685181
YOL094C,YFL058W,0,-7.9488564,0.10783132165670395,0.9911406636238098,0.8200442790985107
YIL065C,YHR026W,0,-7.9512334,0.10781833529472351,0.9911406636238098,0.8201550245285034
YJL157C,YIL112W,0,-7.952035,0.10780534893274307,0.9911406636238098,0.8202657699584961
YPL153C,YAR008W,0,-7.952231,0.10779236257076263,0.9911406636238098,0.8203765153884888
YEL034W,YOL040C,0,-7.9527826,0.10777938365936279,0.9911406636238098,0.8204872608184814
YML094W,YPL045W,0,-7.9542575,0.10776640474796295,0.9911406636238098,0.8205980062484741
YBL085W,YKL082C,0,-7.955439,0.10775343328714371,0.9911406636238098,0.8207087516784668
YHR092C,YNL163C,0,-7.9562416,0.10774046182632446,0.9911406636238098,0.8208194971084595
YDL051W,YPL233W,0,-7.9570756,0.10772749036550522,0.9911406636238098,0.8209302425384521
YHR039C,YDR013W,0,-7.959371,0.10771452635526657,0.9911406636238098,0.8210409879684448
YDL024C,YMR136W,0,-7.960194,0.10770156234502792,0.9911406636238098,0.8211517333984375
YGL174W,YDR325W,0,-7.9605823,0.10768860578536987,0.9911406636238098,0.8212624788284302
YCR038C,YPL265W,0,-7.96195,0.10767564922571182,0.9911406636238098,0.8213732242584229
YCL055W,YPR191W,0,-7.961989,0.10766270011663437,0.9911406636238098,0.8214839696884155
YER183C,YPR168W,0,-7.962827,0.10764975100755692,0.9911406636238098,0.8215946555137634
YPL078C,YMR204C,0,-7.963579,0.10763680189847946,0.9911406636238098,0.8217054009437561
YOR381W,YDR325W,0,-7.9637876,0.1076238602399826,0.9911406636238098,0.8218161463737488
YLR433C,YML023C,0,-7.9658656,0.10761091858148575,0.9911406636238098,0.8219268918037415
YML081C-A,YCR083W,0,-7.9689507,0.10759797692298889,0.9911406636238098,0.8220376372337341
YOR316C,YPL231W,0,-7.970687,0.10758504271507263,0.9911406636238098,0.8221483826637268
YKL182W,YFL008W,0,-7.9713864,0.10757211595773697,0.9911406636238098,0.8222591280937195
YLR189C,YBL079W,0,-7.9714384,0.1075591892004013,0.9911406636238098,0.8223698735237122
YOR103C,YJL080C,0,-7.972525,0.10754626244306564,0.9911406636238098,0.8224806189537048
YJR150C,YDL044C,0,-7.9727025,0.10753334313631058,0.9911406636238098,0.8225913643836975
YDL093W,YLR435W,0,-7.973094,0.10752042382955551,0.9911406636238098,0.8227021098136902
YCR037C,YEL054C,0,-7.973394,0.10750750452280045,0.9911406636238098,0.8228128552436829
YMR298W,YLL011W,0,-7.9734445,0.10749459266662598,0.9911406636238098,0.8229236006736755
YKR066C,YML131W,0,-7.973497,0.1074816882610321,0.9911406636238098,0.8230343461036682
YPL098C,YKL188C,0,-7.9739985,0.10746877640485764,0.9911406636238098,0.8231450915336609
YMR012W,YIL114C,0,-7.974534,0.10745587944984436,0.9911406636238098,0.8232558369636536
YGL183C,YGR009C,0,-7.9747643,0.10744297504425049,0.9911406636238098,0.8233665823936462
YBL009W,YJL042W,0,-7.977361,0.10743007808923721,0.9911406636238098,0.8234772682189941
YLR361C,YGL205W,0,-7.9776692,0.10741718858480453,0.9911406636238098,0.8235880136489868
YEL036C,YJL025W,0,-7.9778543,0.10740429908037186,0.9911406636238098,0.8236987590789795
YBR247C,YDR245W,0,-7.9783726,0.10739140957593918,0.9911406636238098,0.8238095045089722
YKL113C,YCR083W,0,-7.9789577,0.1073785275220871,0.9911406636238098,0.8239202499389648
YPL160W,YLR136C,0,-7.980085,0.10736564546823502,0.9911406636238098,0.8240309953689575
YGR057C,YDR324C,0,-7.9804325,0.10735276341438293,0.9911406636238098,0.8241417407989502
YDR317W,YKL170W,0,-7.9805207,0.10733988881111145,0.9911406636238098,0.8242524862289429
YDR138W,YCR083W,0,-7.980561,0.10732701420783997,0.9911406636238098,0.8243632316589355
YLR384C,YEL053C,0,-7.9816446,0.10731414705514908,0.9911406636238098,0.8244739770889282
YNL281W,YDL014W,0,-7.9838076,0.10730127990245819,0.9911406636238098,0.8245847225189209
YOL040C,YBR165W,0,-7.983948,0.1072884202003479,0.9911406636238098,0.8246954679489136
YMR212C,YKL082C,0,-7.983962,0.10727556049823761,0.9911406636238098,0.8248062133789062
YLR039C,YPR036W,0,-7.984839,0.10726270079612732,0.9911406636238098,0.8249169588088989
YEL034W,YPR007C,0,-7.9851227,0.10724984854459763,0.9911406636238098,0.8250277042388916
YNL245C,YDR037W,0,-7.9866157,0.10723699629306793,0.9911406636238098,0.8251384496688843
YER028C,YOL097C,0,-7.987305,0.10722415149211884,0.9911406636238098,0.825249195098877
YAL012W,YLL035W,0,-7.992293,0.10721130669116974,0.9911406636238098,0.8253599405288696
YLR210W,YDR492W,0,-7.9924088,0.10719846934080124,0.9911406636238098,0.8254706263542175
YGL047W,YNL245C,0,-7.9937615,0.10718563199043274,0.9911406636238098,0.8255813717842102
YNL292W,YIL101C,0,-7.994179,0.10717279464006424,0.9911406636238098,0.8256921172142029
YKR027W,YDR446W,0,-7.9948955,0.10715996474027634,0.9911406636238098,0.8258028626441956
YCR020W-B,YDR060W,0,-7.9953933,0.10714713484048843,0.9911406636238098,0.8259136080741882
YLR034C,YML055W,0,-7.9956074,0.10713430494070053,0.9911406636238098,0.8260243535041809
YDR384C,YPR054W,0,-7.9960275,0.10712148249149323,0.9911406636238098,0.8261350989341736
YNL245C,YDR160W,0,-7.996807,0.10710866749286652,0.9911406636238098,0.8262458443641663
YER119C,YPL210C,0,-7.9972434,0.10709584504365921,0.9911406636238098,0.8263565897941589
YHR039C,YDL230W,0,-7.997631,0.1070830374956131,0.9911406636238098,0.8264673352241516
YER019W,YPL098C,0,-7.9980464,0.10707022249698639,0.9911406636238098,0.8265780806541443
YDR429C,YNL247W,0,-8.0008335,0.10705741494894028,0.9911406636238098,0.826688826084137
YLR098C,YGR249W,0,-8.000915,0.10704461485147476,0.9911406636238098,0.8267995715141296
YML081C-A,YBR272C,0,-8.001664,0.10703180730342865,0.9911406636238098,0.8269103169441223
YGL070C,YML055W,0,-8.00211,0.10701901465654373,0.9911406636238098,0.827021062374115
YMR142C,YOR116C,0,-8.002361,0.10700621455907822,0.9911406636238098,0.8271318078041077
YGL035C,YPL274W,0,-8.003828,0.1069934219121933,0.9911406636238098,0.8272425532341003
YIL115C,YHR031C,0,-8.004553,0.10698063671588898,0.9911406636238098,0.8273532390594482
YPR083W,YGR152C,0,-8.004803,0.10696785151958466,0.9911406636238098,0.8274639844894409
YDL051W,YGR042W,0,-8.007029,0.10695506632328033,0.9911406636238098,0.8275747299194336
YKR066C,YOL124C,0,-8.007353,0.10694228857755661,0.9911406636238098,0.8276854753494263
YOR244W,YBR165W,0,-8.007853,0.10692951083183289,0.9911406636238098,0.827796220779419
YEL009C,YGR159C,0,-8.008919,0.10691673308610916,0.9911406636238098,0.8279069662094116
YPR167C,YNR039C,0,-8.011326,0.10690396279096603,0.9911406636238098,0.8280177116394043
YNL232W,YOR371C,0,-8.013149,0.1068911999464035,0.9911406636238098,0.828128457069397
YLR032W,YOR359W,0,-8.017198,0.10687842965126038,0.9911406636238098,0.8282392024993896
YPL265W,YLL060C,0,-8.019347,0.10686567425727844,0.9911406636238098,0.8283499479293823
YGL090W,YBL093C,0,-8.019541,0.10685291141271591,0.9911406636238098,0.828460693359375
YEL050C,YCR072C,0,-8.021683,0.10684015601873398,0.9911406636238098,0.8285714387893677
YKL086W,YOR332W,0,-8.024722,0.10682740807533264,0.9911406636238098,0.8286821842193604
YMR172W,YDL051W,0,-8.025288,0.10681465268135071,0.9911406636238098,0.828792929649353
YPR032W,YAL001C,0,-8.025684,0.10680191218852997,0.9911406636238098,0.8289036750793457
YPR144C,YIL076W,0,-8.027203,0.10678916424512863,0.9911406636238098,0.8290144205093384
YER053C,YBL033C,0,-8.028229,0.10677642375230789,0.9911406636238098,0.829125165939331
YPR155C,YER116C,0,-8.028759,0.10676369071006775,0.9911406636238098,0.829235851764679
YDR254W,YJR103W,0,-8.028925,0.1067509576678276,0.9911406636238098,0.8293465971946716
YCR038C,YDR508C,0,-8.029457,0.10673822462558746,0.9911406636238098,0.8294573426246643
YKR059W,YER082C,0,-8.029739,0.10672549158334732,0.9911406636238098,0.829568088054657
YNL245C,YDL014W,0,-8.030897,0.10671277344226837,0.9911406636238098,0.8296788334846497
YDL014W,YCL019W,0,-8.031227,0.10670004785060883,0.9911406636238098,0.8297895789146423
YGL253W,YGR042W,0,-8.031774,0.10668732970952988,0.9911406636238098,0.829900324344635
YDR086C,YPR041W,0,-8.032049,0.10667461156845093,0.9911406636238098,0.8300110697746277
YOR112W,YJL208C,0,-8.03208,0.10666190087795258,0.9911406636238098,0.8301218152046204
YDL192W,YLL060C,0,-8.032977,0.10664919018745422,0.9911406636238098,0.830232560634613
YJL025W,YLL011W,0,-8.035097,0.10663647949695587,0.9911406636238098,0.8303433060646057
YOR245C,YOR116C,0,-8.03764,0.10662377625703812,0.9911406636238098,0.8304540514945984
YJR042W,YHR014W,0,-8.038069,0.10661108046770096,0.9911406636238098,0.8305647969245911
YCR084C,YNL241C,0,-8.039124,0.1065983772277832,0.9911406636238098,0.8306755423545837
YJR070C,YNL241C,0,-8.039518,0.10658568888902664,0.9911406636238098,0.8307862877845764
YFL058W,YPL063W,0,-8.04003,0.10657299309968948,0.9911406636238098,0.8308970332145691
YJR042W,YKR053C,0,-8.040966,0.10656030476093292,0.9911406636238098,0.8310077786445618
YJL072C,YCR083W,0,-8.043207,0.10654761642217636,0.9911406636238098,0.8311184644699097
YOL051W,YDR492W,0,-8.043613,0.1065349355340004,0.9911406636238098,0.8312292098999023
YNL173C,YOL033W,0,-8.044432,0.10652225464582443,0.9911406636238098,0.831339955329895
YAL068C,YER082C,0,-8.044444,0.10650958120822906,0.9911406636238098,0.8314507007598877
YHR050W,YPR054W,0,-8.045174,0.1064969077706337,0.9911406636238098,0.8315614461898804
YMR075W,YMR218C,0,-8.045277,0.10648423433303833,0.9911406636238098,0.831672191619873
YEL056W,YKL043W,0,-8.046101,0.10647156834602356,0.9911406636238098,0.8317829370498657
YPR005C,YHR070W,0,-8.0461235,0.10645890235900879,0.9911406636238098,0.8318936824798584
YMR012W,YPL167C,0,-8.046625,0.10644624382257462,0.9911406636238098,0.8320044279098511
YDR198C,YER118C,0,-8.050011,0.10643358528614044,0.9911406636238098,0.8321151733398438
YOL124C,YDL235C,0,-8.05012,0.10642092674970627,0.9911406636238098,0.8322259187698364
YOR046C,YKL134C,0,-8.051138,0.10640827566385269,0.9911406636238098,0.8323366641998291
YOL045W,YHR099W,0,-8.05122,0.10639562457799911,0.9911406636238098,0.8324474096298218
YJL196C,YHR006W,0,-8.052147,0.10638298094272614,0.9911406636238098,0.8325581550598145
YKL139W,YEL050C,0,-8.052789,0.10637033730745316,0.9911406636238098,0.8326689004898071
YGR244C,YOR089C,0,-8.053793,0.10635769367218018,0.9911406636238098,0.8327796459197998
YGR225W,YKR066C,0,-8.055012,0.10634505748748779,0.9911406636238098,0.8328903913497925
YNL163C,YIL008W,0,-8.055431,0.10633242130279541,0.9911406636238098,0.8330011367797852
YDR055W,YJL025W,0,-8.05673,0.10631979256868362,0.9911406636238098,0.8331118226051331
YKL016C,YDR071C,0,-8.057274,0.10630716383457184,0.9911406636238098,0.8332225680351257
YAR002W,YOR216C,0,-8.059416,0.10629453510046005,0.9911406636238098,0.8333333134651184
YPR094W,YKL203C,0,-8.0610695,0.10628191381692886,0.9911406636238098,0.8334440588951111
YJL006C,YJL208C,0,-8.061678,0.10626929253339767,0.9911406636238098,0.8335548043251038
YLR032W,YCR072C,0,-8.062017,0.10625667870044708,0.9911406636238098,0.8336655497550964
YOR386W,YNL207W,0,-8.0623455,0.10624406486749649,0.9911406636238098,0.8337762951850891
YJL106W,YKL188C,0,-8.06242,0.1062314510345459,0.9911406636238098,0.8338870406150818
YIL150C,YHR001W-A,0,-8.063048,0.1062188446521759,0.9911406636238098,0.8339977860450745
YLR459W,YHR001W-A,0,-8.063538,0.10620623826980591,0.9911406636238098,0.8341085314750671
YOL011W,YOR081C,0,-8.064716,0.10619363933801651,0.9911406636238098,0.8342192769050598
YJR052W,YMR305C,0,-8.064806,0.10618104040622711,0.9911406636238098,0.8343300223350525
YMR204C,YJR145C,0,-8.064814,0.10616844892501831,0.9911406636238098,0.8344407677650452
YNL281W,YML085C,0,-8.065369,0.10615584999322891,0.9911406636238098,0.8345515131950378
YLR080W,YGR103W,0,-8.066507,0.10614326596260071,0.9911406636238098,0.8346622586250305
YDR076W,YOL129W,0,-8.067677,0.1061306744813919,0.9911406636238098,0.8347730040550232
YDR101C,YDR011W,0,-8.067814,0.1061180904507637,0.9911406636238098,0.8348837494850159
YGR057C,YPR137W,0,-8.068388,0.1061055138707161,0.9911406636238098,0.8349944353103638
YPL227C,YNL313C,0,-8.072274,0.10609293729066849,0.9911406636238098,0.8351051807403564
YEL056W,YJL191W,0,-8.072441,0.10608036071062088,0.9911406636238098,0.8352159261703491
YLL009C,YKR053C,0,-8.077343,0.10606779158115387,0.9911406636238098,0.8353266716003418
YDR129C,YOR003W,0,-8.077469,0.10605522245168686,0.9911406636238098,0.8354374170303345
YER052C,YBR165W,0,-8.078642,0.10604265332221985,0.9911406636238098,0.8355481624603271
YIR017C,YKL188C,0,-8.079151,0.10603009164333344,0.9911406636238098,0.8356589078903198
YPL235W,YDR292C,0,-8.079557,0.10601752996444702,0.9911406636238098,0.8357696533203125
YOL086C,YLR098C,0,-8.079863,0.1060049757361412,0.9911406636238098,0.8358803987503052
YBR247C,YDR164C,0,-8.080345,0.10599242150783539,0.9911406636238098,0.8359911441802979
YDR079W,YNL207W,0,-8.08078,0.10597986727952957,0.9911406636238098,0.8361018896102905
YAR002C-A,YOR185C,0,-8.080917,0.10596732050180435,0.9911406636238098,0.8362126350402832
YPL265W,YKL074C,0,-8.081379,0.10595477372407913,0.9911406636238098,0.8363233804702759
YPR006C,YOR116C,0,-8.083019,0.10594223439693451,0.9911406636238098,0.8364341259002686
YJR105W,YNL281W,0,-8.083643,0.10592969506978989,0.9911406636238098,0.8365448713302612
YGL084C,YOL124C,0,-8.084013,0.10591716319322586,0.9911406636238098,0.8366556167602539
YOR046C,YFL013C,0,-8.084158,0.10590462386608124,0.9911406636238098,0.8367663621902466
YOL130W,YKL057C,0,-8.086428,0.10589209944009781,0.9911406636238098,0.8368770480155945
YHR055C,YIL076W,0,-8.086525,0.10587956756353378,0.9911406636238098,0.8369877934455872
YLR189C,YGL253W,0,-8.0868225,0.10586704313755035,0.9911406636238098,0.8370985388755798
YPL061W,YNL245C,0,-8.087294,0.10585452616214752,0.9911406636238098,0.8372092843055725
YGL205W,YLR039C,0,-8.087519,0.10584200918674469,0.9911406636238098,0.8373200297355652
YPL055C,YNL246W,0,-8.088205,0.10582949221134186,0.9911406636238098,0.8374307751655579
YGL090W,YKL082C,0,-8.0928,0.10581697523593903,0.9911406636238098,0.8375415205955505
YGL246C,YLR048W,0,-8.093348,0.10580446571111679,0.9911406636238098,0.8376522660255432
YOR178C,YER103W,0,-8.094019,0.10579196363687515,0.9911406636238098,0.8377630114555359
YJR068W,YOR224C,0,-8.097347,0.10577946156263351,0.9911406636238098,0.8378737568855286
YDR513W,YPR007C,0,-8.098007,0.10576695948839188,0.9911406636238098,0.8379845023155212
YDR492W,YKL134C,0,-8.098265,0.10575445741415024,0.9911406636238098,0.8380952477455139
YBL085W,YNL163C,0,-8.099653,0.1057419627904892,0.9911406636238098,0.8382059931755066
YNL101W,YHR091C,0,-8.101482,0.10572947561740875,0.9911406636238098,0.8383167386054993
YPR201W,YHR039C,0,-8.102812,0.10571698844432831,0.9911406636238098,0.8384274840354919
YJL102W,YJL141C,0,-8.103466,0.10570450127124786,0.9911406636238098,0.8385382294654846
YGR098C,YPL153C,0,-8.105299,0.10569201409816742,0.9911406636238098,0.8386489748954773
YDR205W,YFL058W,0,-8.105341,0.10567953437566757,0.9911406636238098,0.8387596607208252
YHR070W,YNL054W,0,-8.105463,0.10566706210374832,0.9911406636238098,0.8388704061508179
YGL070C,YMR227C,0,-8.105698,0.10565458983182907,0.9911406636238098,0.8389811515808105
YOL130W,YGR188C,0,-8.105803,0.10564211755990982,0.9911406636238098,0.8390918970108032
YLL019C,YPR007C,0,-8.106215,0.10562964528799057,0.9911406636238098,0.8392026424407959
YPL078C,YCL055W,0,-8.106575,0.10561718046665192,0.9911406636238098,0.8393133878707886
YCR026C,YKL099C,0,-8.107004,0.10560472309589386,0.9911406636238098,0.8394241333007812
YDR178W,YDR429C,0,-8.107864,0.1055922582745552,0.9911406636238098,0.8395348787307739
YOR079C,YDR335W,0,-8.110237,0.10557980090379715,0.9911406636238098,0.8396456241607666
YPR185W,YGR078C,0,-8.11153,0.10556735098361969,0.9911406636238098,0.8397563695907593
YDR292C,YOR143C,0,-8.111971,0.10555490106344223,0.9911406636238098,0.839867115020752
YPL153C,YLR139C,0,-8.112236,0.10554245114326477,0.9911406636238098,0.8399778604507446
YBR089C-A,YDR076W,0,-8.112518,0.10553000867366791,0.9911406636238098,0.8400886058807373
YDL200C,YKR053C,0,-8.114281,0.10551756620407104,0.9911406636238098,0.84019935131073
YGL178W,YGR159C,0,-8.114531,0.10550513118505478,0.9911406636238098,0.8403100967407227
YML065W,YCR053W,0,-8.115799,0.10549268871545792,0.9911406636238098,0.8404208421707153
YAR019C,YKL129C,0,-8.117468,0.10548026114702225,0.9911406636238098,0.840531587600708
YDR434W,YGL169W,0,-8.118746,0.10546782612800598,0.9911406636238098,0.8406423330307007
YJR059W,YLR045C,0,-8.119499,0.10545540601015091,0.9911406636238098,0.8407530188560486
YDL024C,YNL055C,0,-8.12042,0.10544297844171524,0.9911406636238098,0.8408637642860413
YPL078C,YBR159W,0,-8.123678,0.10543055832386017,0.9911406636238098,0.8409745097160339
YLL035W,YHR065C,0,-8.128601,0.1054181382060051,0.9911406636238098,0.8410852551460266
YHR055C,YEL056W,0,-8.129179,0.10540572553873062,0.9911406636238098,0.8411960005760193
YBL085W,YMR260C,0,-8.129345,0.10539331287145615,0.9911406636238098,0.841306746006012
YDL014W,YKR082W,0,-8.132111,0.10538090020418167,0.9911406636238098,0.8414174914360046
YFL022C,YEL050C,0,-8.132587,0.10536849498748779,0.9911406636238098,0.8415282368659973
YER025W,YOL045W,0,-8.132744,0.10535608977079391,0.9911406636238098,0.84163898229599
YJL115W,YLR262C,0,-8.132769,0.10534369200468063,0.9911406636238098,0.8417497277259827
YGL246C,YDR416W,0,-8.133738,0.10533129423856735,0.9911406636238098,0.8418604731559753
YLR248W,YFR037C,0,-8.134018,0.10531889647245407,0.9911406636238098,0.841971218585968
YPL190C,YLR048W,0,-8.135429,0.10530650615692139,0.9911406636238098,0.8420819640159607
YMR199W,YGR099W,0,-8.136295,0.1052941158413887,0.9911406636238098,0.8421927094459534
YGL178W,YIL056W,0,-8.137362,0.10528173297643661,0.9911406636238098,0.842303454875946
YKL139W,YJL208C,0,-8.137548,0.10526935011148453,0.9911406636238098,0.8424142003059387
YBL080C,YHR065C,0,-8.138554,0.10525696724653244,0.9911406636238098,0.8425249457359314
YJL210W,YBR162C,0,-8.138981,0.10524459183216095,0.9911406636238098,0.8426356315612793
YDL083C,YGL212W,0,-8.140017,0.10523221641778946,0.9911406636238098,0.842746376991272
YDR216W,YNL054W,0,-8.142132,0.10521984845399857,0.9911406636238098,0.8428571224212646
YML081C-A,YGL104C,0,-8.143782,0.10520747303962708,0.9911406636238098,0.8429678678512573
YGL205W,YPL167C,0,-8.144035,0.10519511252641678,0.9911406636238098,0.84307861328125
YLL060C,YOR003W,0,-8.146135,0.10518274456262589,0.9911406636238098,0.8431893587112427
YLR134W,YFL008W,0,-8.146584,0.10517039149999619,0.9911406636238098,0.8433001041412354
YNL279W,YIL101C,0,-8.14867,0.10515803098678589,0.9911406636238098,0.843410849571228
YJR031C,YOL123W,0,-8.148672,0.10514567792415619,0.9911406636238098,0.8435215950012207
YBR177C,YBR117C,0,-8.14879,0.10513332486152649,0.9911406636238098,0.8436323404312134
YMR080C,YMR216C,0,-8.149557,0.10512097924947739,0.9911406636238098,0.843743085861206
YMR305C,YDR160W,0,-8.149828,0.10510863363742828,0.9911406636238098,0.8438538312911987
YOL080C,YDR388W,0,-8.149988,0.10509628802537918,0.9911406636238098,0.8439645767211914
YKL212W,YGR099W,0,-8.15185,0.10508394986391068,0.9911406636238098,0.8440753221511841
YLR060W,YNL207W,0,-8.152039,0.10507161170244217,0.9911406636238098,0.8441860675811768
YGR249W,YDL085W,0,-8.155243,0.10505928099155426,0.9911406636238098,0.8442968130111694
YNL110C,YER165W,0,-8.158653,0.10504695028066635,0.9911406636238098,0.8444075584411621
YJR013W,YBR083W,0,-8.162025,0.10503461956977844,0.9911406636238098,0.84451824426651
YBR217W,YFL004W,0,-8.162506,0.10502229630947113,0.9911406636238098,0.8446289896965027
YER013W,YMR239C,0,-8.162668,0.10500997304916382,0.9911406636238098,0.8447397351264954
YBL084C,YGR003W,1,-8.162882,0.10511496663093567,0.9922480583190918,0.8447397351264954
YOL086C,YPL187W,0,-8.163689,0.10510263592004776,0.9922480583190918,0.844850480556488
YKL084W,YHR092C,0,-8.163897,0.10509031265974045,0.9922480583190918,0.8449612259864807
YOL059W,YKR053C,0,-8.165754,0.10507798939943314,0.9922480583190918,0.8450719714164734
YLR098C,YDR343C,0,-8.166185,0.10506566613912582,0.9922480583190918,0.8451827168464661
YKL138C-A,YBR083W,0,-8.166267,0.10505335032939911,0.9922480583190918,0.8452934622764587
YLL060C,YCR053W,0,-8.167315,0.1050410345196724,0.9922480583190918,0.8454042077064514
YMR186W,YOL124C,0,-8.167736,0.10502871870994568,0.9922480583190918,0.8455149531364441
YNR032W,YHR001W-A,0,-8.168028,0.10501641035079956,0.9922480583190918,0.8456256985664368
YLR330W,YKR097W,0,-8.168909,0.10500410199165344,0.9922480583190918,0.8457364439964294
YMR280C,YIL101C,0,-8.171837,0.10499180108308792,0.9922480583190918,0.8458471894264221
YKL182W,YAL010C,0,-8.173315,0.1049794927239418,0.9922480583190918,0.8459579348564148
YGL169W,YIL063C,0,-8.17334,0.10496719926595688,0.9922480583190918,0.8460686802864075
YDR384C,YPL011C,0,-8.175478,0.10495490580797195,0.9922480583190918,0.8461794257164001
YBL097W,YLR048W,0,-8.175917,0.10494261234998703,0.9922480583190918,0.8462901711463928
YDL083C,YIL063C,0,-8.176071,0.1049303188920021,0.9922480583190918,0.8464008569717407
YDR481C,YJR004C,0,-8.176424,0.10491803288459778,0.9922480583190918,0.8465116024017334
YPR201W,YPR057W,0,-8.176575,0.10490574687719345,0.9922480583190918,0.8466223478317261
YNL129W,YIL013C,0,-8.17664,0.10489346832036972,0.9922480583190918,0.8467330932617188
YHR065C,YML085C,0,-8.179159,0.10488118976354599,0.9922480583190918,0.8468438386917114
YER025W,YOR216C,0,-8.179312,0.10486891120672226,0.9922480583190918,0.8469545841217041
YPL167C,YPL237W,0,-8.180647,0.10485664010047913,0.9922480583190918,0.8470653295516968
YGL047W,YHR031C,0,-8.182245,0.10484436899423599,0.9922480583190918,0.8471760749816895
YHR070W,YLR447C,0,-8.183466,0.10483210533857346,0.9922480583190918,0.8472868204116821
YPL011C,YLR262C,0,-8.184229,0.10481984168291092,0.9922480583190918,0.8473975658416748
YFL025C,YGR003W,1,-8.184526,0.10492455214262009,0.9933554530143738,0.8473975658416748
YPL244C,YLR106C,0,-8.18561,0.10491228103637695,0.9933554530143738,0.8475083112716675
YDR384C,YLR386W,0,-8.185688,0.10490000993013382,0.9933554530143738,0.8476190567016602
YLR155C,YOR039W,0,-8.187218,0.10488774627447128,0.9933554530143738,0.8477298021316528
YBR131W,YMR239C,0,-8.187305,0.10487548261880875,0.9933554530143738,0.8478405475616455
YPL203W,YJR103W,0,-8.187969,0.10486321896314621,0.9933554530143738,0.8479512929916382
YNL169C,YGR180C,0,-8.188948,0.10485096275806427,0.9933554530143738,0.8480620384216309
YOL135C,YHR039C,0,-8.188961,0.10483870655298233,0.9933554530143738,0.8481727838516235
YLR060W,YML055W,0,-8.189058,0.10482645779848099,0.9933554530143738,0.8482834696769714
YLR106C,YJL089W,0,-8.189234,0.10481420904397964,0.9933554530143738,0.8483942151069641
YGL253W,YMR216C,0,-8.191675,0.1048019602894783,0.9933554530143738,0.8485049605369568
YCR053W,YCL019W,0,-8.194492,0.10478971898555756,0.9933554530143738,0.8486157059669495
YJL204C,YGR118W,0,-8.194817,0.10477747768163681,0.9933554530143738,0.8487264513969421
YMR080C,YJL089W,0,-8.196327,0.10476524382829666,0.9933554530143738,0.8488371968269348
YER165W,YER149C,0,-8.197771,0.10475300997495651,0.9933554530143738,0.8489479422569275
YMR012W,YMR095C,0,-8.19874,0.10474077612161636,0.9933554530143738,0.8490586876869202
YKL009W,YKL203C,0,-8.199276,0.10472854971885681,0.9933554530143738,0.8491694331169128
YHR026W,YLR181C,0,-8.199329,0.10471632331609726,0.9933554530143738,0.8492801785469055
YDR411C,YLR129W,0,-8.199644,0.10470409691333771,0.9933554530143738,0.8493909239768982
YOR224C,YPL063W,0,-8.203089,0.10469187796115875,0.9933554530143738,0.8495016694068909
YBR243C,YDR481C,0,-8.203907,0.1046796590089798,0.9933554530143738,0.8496124148368835
YJL208C,YLR026C,0,-8.204876,0.10466744750738144,0.9933554530143738,0.8497231602668762
YHR165C,YHR001W-A,0,-8.206949,0.10465523600578308,0.9933554530143738,0.8498339056968689
YOR079C,YDR055W,0,-8.2080765,0.10464302450418472,0.9933554530143738,0.8499446511268616
YLR189C,YJL080C,0,-8.20846,0.10463082045316696,0.9933554530143738,0.8500553965568542
YLR206W,YGL039W,0,-8.211691,0.1046186164021492,0.9933554530143738,0.8501661419868469
YFR033C,YOR137C,0,-8.212408,0.10460641235113144,0.9933554530143738,0.8502768278121948
YAR002C-A,YJL025W,0,-8.212475,0.10459421575069427,0.9933554530143738,0.8503875732421875
YGL169W,YEL004W,0,-8.212524,0.10458201915025711,0.9933554530143738,0.8504983186721802
YPR094W,YNL339C,0,-8.21298,0.10456983000040054,0.9933554530143738,0.8506090641021729
YKL182W,YGR220C,0,-8.213375,0.10455764085054398,0.9933554530143738,0.8507198095321655
YPR025C,YJR145C,0,-8.213383,0.10454545170068741,0.9933554530143738,0.8508305549621582
YJR031C,YPL055C,0,-8.215429,0.10453327000141144,0.9933554530143738,0.8509413003921509
YGL043W,YGL035C,0,-8.215954,0.10452108830213547,0.9933554530143738,0.8510520458221436
YNL004W,YOL010W,0,-8.216759,0.1045089140534401,0.9933554530143738,0.8511627912521362
YCR107W,YGL084C,0,-8.217775,0.10449673980474472,0.9933554530143738,0.8512735366821289
YNL292W,YDR059C,0,-8.219135,0.10448456555604935,0.9933554530143738,0.8513842821121216
YMR211W,YDL226C,0,-8.223185,0.10447239875793457,0.9933554530143738,0.8514950275421143
YDR284C,YDL051W,0,-8.223314,0.1044602319598198,0.9933554530143738,0.8516057729721069
YPL275W,YCL044C,0,-8.224106,0.10444806516170502,0.9933554530143738,0.8517165184020996
YKL208W,YOR074C,0,-8.224276,0.10443590581417084,0.9933554530143738,0.8518272638320923
YBL009W,YNR032W,0,-8.225246,0.10442374646663666,0.9933554530143738,0.851938009262085
YIL114C,YEL054C,0,-8.226946,0.10441159456968307,0.9933554530143738,0.8520487546920776
YNR032C-A,YPR168W,0,-8.23036,0.10439944267272949,0.9933554530143738,0.8521594405174255
YPR155C,YPR065W,0,-8.230808,0.10438729077577591,0.9933554530143738,0.8522701859474182
YBR185C,YJL042W,0,-8.231001,0.10437514632940292,0.9933554530143738,0.8523809313774109
YDL198C,YKL084W,0,-8.231424,0.10436300188302994,0.9933554530143738,0.8524916768074036
YOR058C,YER082C,0,-8.232187,0.10435085743665695,0.9933554530143738,0.8526024222373962
YML060W,YKR056W,0,-8.235151,0.10433872044086456,0.9933554530143738,0.8527131676673889
YKL170W,YER103W,0,-8.237085,0.10432659089565277,0.9933554530143738,0.8528239130973816
YBR243C,YLR116W,0,-8.237633,0.10431445389986038,0.9933554530143738,0.8529346585273743
YEL036C,YDR013W,0,-8.238249,0.10430232435464859,0.9933554530143738,0.8530454039573669
YER006W,YER173W,0,-8.238455,0.1042902022600174,0.9933554530143738,0.8531561493873596
YMR213W,YLR136C,0,-8.238852,0.1042780727148056,0.9933554530143738,0.8532668948173523
YMR199W,YDL100C,0,-8.240637,0.10426595062017441,0.9933554530143738,0.853377640247345
YEL056W,YDR071C,0,-8.24085,0.10425383597612381,0.9933554530143738,0.8534883856773376
YCL051W,YGR244C,0,-8.242083,0.10424172133207321,0.9933554530143738,0.8535991311073303
YNL009W,YLR347C,0,-8.242285,0.10422960668802261,0.9933554530143738,0.853709876537323
YMR012W,YGL090W,0,-8.243002,0.10421749949455261,0.9933554530143738,0.8538206219673157
YOR185C,YJR074W,0,-8.243155,0.10420539230108261,0.9933554530143738,0.8539313673973083
YGR188C,YKR022C,0,-8.243919,0.10419328510761261,0.9933554530143738,0.8540420532226562
YOL124C,YLR425W,0,-8.244656,0.1041811853647232,0.9933554530143738,0.8541527986526489
YOR267C,YCL051W,0,-8.24531,0.1041690856218338,0.9933554530143738,0.8542635440826416
YLR242C,YPL078C,0,-8.246481,0.104156993329525,0.9933554530143738,0.8543742895126343
YDR384C,YOR113W,0,-8.246769,0.10414489358663559,0.9933554530143738,0.854485034942627
YPR179C,YDR285W,0,-8.247931,0.10413280874490738,0.9933554530143738,0.8545957803726196
YHR001W-A,YPR007C,0,-8.2488575,0.10412071645259857,0.9933554530143738,0.8547065258026123
YLR154C,YDL118W,0,-8.248903,0.10410863161087036,0.9933554530143738,0.854817271232605
YCR028C,YER025W,0,-8.249113,0.10409655421972275,0.9933554530143738,0.8549280166625977
YEL034W,YGL246C,0,-8.25078,0.10408447682857513,0.9933554530143738,0.8550387620925903
YDR162C,YMR216C,0,-8.253424,0.10407239943742752,0.9933554530143738,0.855149507522583
YMR137C,YLR136C,0,-8.254656,0.10406032204627991,0.9933554530143738,0.8552602529525757
YGR104C,YLR316C,0,-8.255283,0.10404825210571289,0.9933554530143738,0.8553709983825684
YOL012C,YHR086W,0,-8.255489,0.10403618961572647,0.9933554530143738,0.855481743812561
YEL054C,YOL124C,0,-8.2565975,0.10402411967515945,0.9933554530143738,0.8555924892425537
YEL053C,YOL040C,0,-8.257044,0.10401205718517303,0.9933554530143738,0.8557032346725464
YBL103C,YDL118W,0,-8.257559,0.10400000214576721,0.9933554530143738,0.8558139801025391
YGL169W,YOL124C,0,-8.257582,0.10398794710636139,0.9933554530143738,0.855924665927887
YLR429W,YPL146C,0,-8.260923,0.10397589206695557,0.9933554530143738,0.8560354113578796
YOL051W,YNL292W,0,-8.262646,0.10396383702754974,0.9933554530143738,0.8561461567878723
YBR196C,YOR327C,0,-8.263319,0.10395178943872452,0.9933554530143738,0.856256902217865
YDL083C,YLR026C,0,-8.265486,0.10393974184989929,0.9933554530143738,0.8563676476478577
YNL207W,YGR251W,0,-8.2656975,0.10392770171165466,0.9933554530143738,0.8564783930778503
YJL196C,YMR136W,0,-8.265717,0.10391566157341003,0.9933554530143738,0.856589138507843
YGR098C,YDR079W,0,-8.266117,0.103903628885746,0.9933554530143738,0.8566998839378357
YPL097W,YDL085W,0,-8.266968,0.10389158874750137,0.9933554530143738,0.8568106293678284
YOR112W,YBR004C,0,-8.27021,0.10387956351041794,0.9933554530143738,0.856921374797821
YCL044C,YPR007C,0,-8.27062,0.1038675308227539,0.9933554530143738,0.8570321202278137
YMR213W,YHR165C,0,-8.272133,0.10385550558567047,0.9933554530143738,0.8571428656578064
YDR412W,YGR099W,0,-8.273581,0.10384348034858704,0.9933554530143738,0.8572536110877991
YBR131W,YNR001C,0,-8.27371,0.1038314625620842,0.9933554530143738,0.8573643565177917
YDR077W,YHR070W,0,-8.27478,0.10381944477558136,0.9933554530143738,0.8574751019477844
YIL112W,YPR190C,0,-8.277998,0.10380742698907852,0.9933554530143738,0.8575858473777771
YGL195W,YDL198C,0,-8.279083,0.10379541665315628,0.9933554530143738,0.8576965928077698
YGR098C,YJR070C,0,-8.280184,0.10378340631723404,0.9933554530143738,0.8578073382377625
YMR136W,YPR190C,0,-8.280472,0.1037714034318924,0.9933554530143738,0.8579180240631104
YJL116C,YNL167C,0,-8.282799,0.10375940054655075,0.9933554530143738,0.858028769493103
YER183C,YKR038C,0,-8.288355,0.1037473976612091,0.9933554530143738,0.8581395149230957
YDR216W,YER118C,0,-8.289076,0.10373540222644806,0.9933554530143738,0.8582502603530884
YDL197C,YJL106W,0,-8.289135,0.10372340679168701,0.9933554530143738,0.858361005783081
YHR039C,YDR077W,0,-8.29044,0.10371141135692596,0.9933554530143738,0.8584717512130737
YOL086C,YPL167C,0,-8.290646,0.10369942337274551,0.9933554530143738,0.8585824966430664
YJL116C,YML065W,0,-8.290991,0.10368743538856506,0.9933554530143738,0.8586932420730591
YMR280C,YMR035W,0,-8.293875,0.10367544740438461,0.9933554530143738,0.8588039875030518
YER025W,YLR222C,0,-8.294325,0.10366346687078476,0.9933554530143738,0.8589147329330444
YDR120C,YEL004W,0,-8.294546,0.1036514937877655,0.9933554530143738,0.8590254783630371
YGL209W,YIL016W,0,-8.295164,0.10363951325416565,0.9933554530143738,0.8591362237930298
YGL253W,YNL099C,0,-8.295481,0.10362754017114639,0.9933554530143738,0.8592469692230225
YEL054C,YFL008W,0,-8.303284,0.10361557453870773,0.9933554530143738,0.8593577146530151
YNL049C,YJL089W,0,-8.303402,0.10360360145568848,0.9933554530143738,0.8594684600830078
YDL014W,YGL246C,0,-8.304663,0.10359163582324982,0.9933554530143738,0.8595792055130005
YGR216C,YDR077W,0,-8.30538,0.10357967764139175,0.9933554530143738,0.8596899509429932
YFR053C,YLR134W,0,-8.308056,0.10356771945953369,0.9933554530143738,0.8598006367683411
YEL024W,YLR383W,0,-8.308731,0.10355576127767563,0.9933554530143738,0.8599113821983337
YDL227C,YMR305C,0,-8.31041,0.10354381054639816,0.9933554530143738,0.8600221276283264
YBR237W,YER019C-A,0,-8.311508,0.1035318523645401,0.9933554530143738,0.8601328730583191
YFL025C,YIL017C,1,-8.313984,0.10363531112670898,0.9944629073143005,0.8601328730583191
YEL015W,YBR020W,0,-8.314692,0.10362335294485092,0.9944629073143005,0.8602436184883118
YER107C,YKL014C,0,-8.315586,0.10361140221357346,0.9944629073143005,0.8603543639183044
YNL294C,YMR016C,0,-8.316874,0.1035994440317154,0.9944629073143005,0.8604651093482971
YDL085W,YDL058W,0,-8.318001,0.10358749330043793,0.9944629073143005,0.8605758547782898
YGR239C,YNL055C,0,-8.318737,0.10357555001974106,0.9944629073143005,0.8606866002082825
YDR116C,YEL050C,0,-8.319126,0.10356359928846359,0.9944629073143005,0.8607973456382751
YMR128W,YDR135C,0,-8.319426,0.10355166345834732,0.9944629073143005,0.8609080910682678
YGR007W,YLR134W,0,-8.320116,0.10353972017765045,0.9944629073143005,0.8610188364982605
YER013W,YMR142C,0,-8.322609,0.10352778434753418,0.9944629073143005,0.8611295819282532
YNL099C,YNL207W,0,-8.324221,0.10351584851741791,0.9944629073143005,0.8612403273582458
YGR244C,YPL210C,0,-8.324707,0.10350392013788223,0.9944629073143005,0.8613510727882385
YDR324C,YER005W,0,-8.327562,0.10349199175834656,0.9944629073143005,0.8614618182182312
YOL010W,YLR447C,0,-8.328503,0.10348006337881088,0.9944629073143005,0.8615725636482239
YMR129W,YHR098C,0,-8.328732,0.1034681424498558,0.9944629073143005,0.8616832494735718
YLR210W,YPL187W,0,-8.329027,0.10345622152090073,0.9944629073143005,0.8617939949035645
YOR034C,YPL078C,0,-8.332293,0.10344430059194565,0.9944629073143005,0.8619047403335571
YER032W,YNL241C,0,-8.332478,0.10343238711357117,0.9944629073143005,0.8620154857635498
YKL043W,YDR077W,0,-8.332497,0.10342047363519669,0.9944629073143005,0.8621262311935425
YGL205W,YOR216C,0,-8.332592,0.1034085676074028,0.9944629073143005,0.8622369766235352
YLL061W,YCR072C,0,-8.33419,0.10339666157960892,0.9944629073143005,0.8623477220535278
YLR354C,YNL339C,0,-8.336439,0.10338475555181503,0.9944629073143005,0.8624584674835205
YLR139C,YPL019C,0,-8.337276,0.10337285697460175,0.9944629073143005,0.8625692129135132
YNL009W,YNL282W,0,-8.339689,0.10336095839738846,0.9944629073143005,0.8626799583435059
YNL292W,YGL210W,0,-8.340912,0.10334905982017517,0.9944629073143005,0.8627907037734985
YLR376C,YBR162C,0,-8.341812,0.10333716869354248,0.9944629073143005,0.8629014492034912
YLR116W,YCR060W,0,-8.341881,0.10332527756690979,0.9944629073143005,0.8630121946334839
YLR189C,YHR001W-A,0,-8.346521,0.1033133938908577,0.9944629073143005,0.8631229400634766
YCR086W,YHR042W,0,-8.347515,0.1033015102148056,0.9944629073143005,0.8632336854934692
YPR190C,YPR032W,0,-8.349085,0.10328962653875351,0.9944629073143005,0.8633444309234619
YIL033C,YNL110C,0,-8.351051,0.10327774286270142,0.9944629073143005,0.8634551763534546
YLL035W,YDL081C,0,-8.353163,0.10326586663722992,0.9944629073143005,0.8635658621788025
YFR036W,YGR003W,1,-8.353369,0.10336897522211075,0.9955703020095825,0.8635658621788025
YER017C,YMR298W,0,-8.354,0.10335709154605865,0.9955703020095825,0.8636766076087952
YJR001W,YOR267C,0,-8.354692,0.10334521532058716,0.9955703020095825,0.8637873530387878
YMR280C,YLL009C,0,-8.355297,0.10333333164453506,0.9955703020095825,0.8638980984687805
YJR150C,YNL294C,0,-8.356016,0.10332145541906357,0.9955703020095825,0.8640088438987732
YDL024C,YER031C,0,-8.35626,0.10330958664417267,0.9955703020095825,0.8641195893287659
YOR046C,YCL040W,0,-8.35882,0.10329771041870117,0.9955703020095825,0.8642303347587585
YDR122W,YPL235W,0,-8.359091,0.10328584909439087,0.9955703020095825,0.8643410801887512
YDL013W,YGR118W,0,-8.361191,0.10327398031949997,0.9955703020095825,0.8644518256187439
YOL010W,YOL129W,0,-8.361776,0.10326211899518967,0.9955703020095825,0.8645625710487366
YER119C,YML034W,0,-8.363218,0.10325025767087936,0.9955703020095825,0.8646733164787292
YNL271C,YGL226C-A,0,-8.3634205,0.10323840379714966,0.9955703020095825,0.8647840619087219
YOL051W,YLR116W,0,-8.364555,0.10322654992341995,0.9955703020095825,0.8648948073387146
YOR110W,YPL019C,0,-8.36561,0.10321469604969025,0.9955703020095825,0.8650055527687073
YJL042W,YKL173W,0,-8.365948,0.10320284962654114,0.9955703020095825,0.8651162981987
YLL009C,YPR067W,0,-8.365995,0.10319100320339203,0.9955703020095825,0.8652270436286926
YOR185C,YHL003C,0,-8.366962,0.10317915678024292,0.9955703020095825,0.8653377890586853
YER154W,YLR032W,0,-8.368162,0.10316731780767441,0.9955703020095825,0.865448534488678
YNL110C,YJL156C,0,-8.369802,0.1031554788351059,0.9955703020095825,0.8655592203140259
YOR023C,YGR244C,0,-8.373985,0.10314364731311798,0.9955703020095825,0.8656699657440186
YER149C,YNL279W,0,-8.376707,0.10313180834054947,0.9955703020095825,0.8657807111740112
YIL114C,YEL050C,0,-8.377291,0.10311998426914215,0.9955703020095825,0.8658914566040039
YDR245W,YJL089W,0,-8.37845,0.10310815274715424,0.9955703020095825,0.8660022020339966
YJL191W,YLR447C,0,-8.380293,0.10309632867574692,0.9955703020095825,0.8661129474639893
YIL056W,YOR083W,0,-8.381268,0.1030845120549202,0.9955703020095825,0.8662236928939819
YOR113W,YLR080W,0,-8.381437,0.10307268798351288,0.9955703020095825,0.8663344383239746
YBR296C,YLR424W,0,-8.381685,0.10306087136268616,0.9955703020095825,0.8664451837539673
YLL009C,YDR246W,0,-8.384298,0.10304906219244003,0.9955703020095825,0.86655592918396
YGL089C,YDR495C,0,-8.384447,0.10303724557161331,0.9955703020095825,0.8666666746139526
YER183C,YPR041W,0,-8.388243,0.10302544385194778,0.9955703020095825,0.8667774200439453
YOR023C,YJL042W,0,-8.388933,0.10301363468170166,0.9955703020095825,0.866888165473938
YOR023C,YOR224C,0,-8.389282,0.10300183296203613,0.9955703020095825,0.8669989109039307
YGL253W,YBR118W,0,-8.389563,0.1029900312423706,0.9955703020095825,0.8671096563339233
YGR009C,YDR429C,0,-8.390402,0.10297823697328568,0.9955703020095825,0.867220401763916
YDR378C,YGL209W,0,-8.39044,0.10296644270420074,0.9955703020095825,0.8673311471939087
YLR045C,YIL063C,0,-8.390894,0.10295464843511581,0.9955703020095825,0.8674418330192566
YDR245W,YOL097C,0,-8.391422,0.10294286161661148,0.9955703020095825,0.8675525784492493
YPL137C,YCL024W,0,-8.392498,0.10293107479810715,0.9955703020095825,0.8676633238792419
YBR207W,YOR150W,0,-8.393665,0.10291928797960281,0.9955703020095825,0.8677740693092346
YNL245C,YDR116C,0,-8.398621,0.10290750861167908,0.9955703020095825,0.8678848147392273
YOR373W,YLR222C,0,-8.401098,0.10289572924375534,0.9955703020095825,0.86799556016922
YAL054C,YEL061C,0,-8.401424,0.1028839573264122,0.9955703020095825,0.8681063055992126
YOL086C,YLL061W,0,-8.401493,0.10287218540906906,0.9955703020095825,0.8682170510292053
YMR080C,YDR285W,0,-8.402479,0.10286041349172592,0.9955703020095825,0.868327796459198
YJL071W,YFL014W,0,-8.403404,0.10284864157438278,0.9955703020095825,0.8684385418891907
YJL208C,YGL210W,0,-8.403772,0.10283687710762024,0.9955703020095825,0.8685492873191833
YDL198C,YGR159C,0,-8.406704,0.1028251200914383,0.9955703020095825,0.868660032749176
YJL089W,YAL001C,0,-8.409784,0.10281335562467575,0.9955703020095825,0.8687707781791687
YBR196C,YPR007C,0,-8.410023,0.1028015986084938,0.9955703020095825,0.8688815236091614
YMR137C,YLR222C,0,-8.410868,0.10278984904289246,0.9955703020095825,0.868992269039154
YOR113W,YDR434W,0,-8.411171,0.10277809202671051,0.9955703020095825,0.8691030144691467
YGL168W,YPL019C,0,-8.411514,0.10276634991168976,0.9955703020095825,0.8692137598991394
YPR154W,YMR142C,0,-8.412123,0.10275460034608841,0.9955703020095825,0.8693244457244873
YFL014W,YGL243W,0,-8.413845,0.10274285823106766,0.9955703020095825,0.86943519115448
YPL015C,YBR196C,0,-8.414337,0.1027311161160469,0.9955703020095825,0.8695459365844727
YEL050C,YJL012C,0,-8.414499,0.10271938145160675,0.9955703020095825,0.8696566820144653
YGR225W,YHR001W,0,-8.414589,0.1027076467871666,0.9955703020095825,0.869767427444458
YGR152C,YDR393W,0,-8.418482,0.10269591212272644,0.9955703020095825,0.8698781728744507
YKL208W,YLR134W,0,-8.418667,0.10268417745828629,0.9955703020095825,0.8699889183044434
YDR060W,YFL004W,0,-8.41927,0.10267245024442673,0.9955703020095825,0.870099663734436
YDL024C,YKR053C,0,-8.419399,0.10266073048114777,0.9955703020095825,0.8702104091644287
YPR190C,YOR216C,0,-8.42137,0.10264900326728821,0.9955703020095825,0.8703211545944214
YBR131W,YER126C,0,-8.421648,0.10263729095458984,0.9955703020095825,0.8704319000244141
YJL071W,YJR145C,0,-8.421658,0.10262557119131088,0.9955703020095825,0.8705426454544067
YPL202C,YBR161W,0,-8.421978,0.10261385887861252,0.9955703020095825,0.8706533908843994
YCR014C,YKL099C,0,-8.424173,0.10260214656591415,0.9955703020095825,0.8707641363143921
YKL135C,YBR117C,0,-8.426294,0.10259043425321579,0.9955703020095825,0.8708748817443848
YBR131W,YBR296C,0,-8.427567,0.10257872939109802,0.9955703020095825,0.8709856271743774
YPL026C,YAL001C,0,-8.428377,0.10256702452898026,0.9955703020095825,0.8710963726043701
YBR131W,YPL160W,0,-8.431221,0.10255532711744308,0.9955703020095825,0.871207058429718
YKL084W,YPL011C,0,-8.431347,0.10254362970590591,0.9955703020095825,0.8713178038597107
YDR492W,YDR122W,0,-8.43244,0.10253193229436874,0.9955703020095825,0.8714285492897034
YDL085W,YGR251W,0,-8.432665,0.10252024233341217,0.9955703020095825,0.871539294719696
YLR196W,YDR545W,0,-8.435085,0.1025085523724556,0.9955703020095825,0.8716500401496887
YJL179W,YBR165W,0,-8.435223,0.10249686241149902,0.9955703020095825,0.8717607855796814
YJR068W,YBR162C,0,-8.435747,0.10248517990112305,0.9955703020095825,0.8718715310096741
YDR384C,YBL099W,0,-8.436825,0.10247349739074707,0.9955703020095825,0.8719822764396667
YGR256W,YBR037C,0,-8.436836,0.10246182233095169,0.9955703020095825,0.8720930218696594
YOR254C,YDR393W,0,-8.43684,0.10245013982057571,0.9955703020095825,0.8722037672996521
YJR070C,YGR231C,0,-8.437023,0.10243847221136093,0.9955703020095825,0.8723145127296448
YJR070C,YGR057C,0,-8.438255,0.10242679715156555,0.9955703020095825,0.8724252581596375
YMR285C,YPL237W,0,-8.439558,0.10241512954235077,0.9955703020095825,0.8725360035896301
YKL082C,YLR272C,0,-8.4402485,0.10240346193313599,0.9955703020095825,0.8726467490196228
YKR056W,YLR130C,0,-8.443716,0.1023918017745018,0.9955703020095825,0.8727574944496155
YHR001W-A,YER031C,0,-8.44375,0.10238014161586761,0.9955703020095825,0.8728682398796082
YDL024C,YPL243W,0,-8.444834,0.10236848145723343,0.9955703020095825,0.8729789853096008
YKL179C,YMR260C,0,-8.44495,0.10235682874917984,0.9955703020095825,0.8730897307395935
YDL099W,YLR303W,0,-8.4487705,0.10234517604112625,0.9955703020095825,0.8732004165649414
YBR196C,YLR039C,0,-8.449802,0.10233352333307266,0.9955703020095825,0.8733111619949341
YOL123W,YOR195W,0,-8.451794,0.10232187807559967,0.9955703020095825,0.8734219074249268
YFR019W,YKL182W,0,-8.45215,0.10231023281812668,0.9955703020095825,0.8735326528549194
YOR328W,YKL014C,0,-8.452347,0.10229858756065369,0.9955703020095825,0.8736433982849121
YPL204W,YER126C,0,-8.452763,0.10228694975376129,0.9955703020095825,0.8737541437149048
YOL006C,YDR325W,0,-8.453541,0.1022753119468689,0.9955703020095825,0.8738648891448975
YKR022C,YDR412W,0,-8.454319,0.1022636815905571,0.9955703020095825,0.8739756345748901
YGR256W,YLR262C,0,-8.455227,0.1022520437836647,0.9955703020095825,0.8740863800048828
YOR113W,YMR280C,0,-8.455879,0.1022404208779335,0.9955703020095825,0.8741971254348755
YKL212W,YPL243W,0,-8.458742,0.1022287905216217,0.9955703020095825,0.8743078708648682
YGR152C,YGR211W,0,-8.464361,0.1022171676158905,0.9955703020095825,0.8744186162948608
YBR131W,YLR222C,0,-8.465895,0.1022055447101593,0.9955703020095825,0.8745293617248535
YOR373W,YGR078C,0,-8.468418,0.1021939292550087,0.9955703020095825,0.8746401071548462
YNL201C,YNL202W,0,-8.468607,0.1021823137998581,0.9955703020095825,0.8747508525848389
YAR014C,YOR178C,0,-8.469505,0.10217069834470749,0.9955703020095825,0.8748615980148315
YKL074C,YEL054C,0,-8.47142,0.10215909034013748,0.9955703020095825,0.8749723434448242
YNR001C,YLR048W,0,-8.4723,0.10214748233556747,0.9955703020095825,0.8750830292701721
YHR031C,YGR074W,0,-8.472689,0.10213588178157806,0.9955703020095825,0.8751937747001648
YNR053C,YHR050W,0,-8.474281,0.10212427377700806,0.9955703020095825,0.8753045201301575
YIL016W,YER082C,0,-8.474432,0.10211267322301865,0.9955703020095825,0.8754152655601501
YKL134C,YDR086C,0,-8.476057,0.10210108011960983,0.9955703020095825,0.8755260109901428
YDR423C,YLL011W,0,-8.477459,0.10208948701620102,0.9955703020095825,0.8756367564201355
YKL084W,YKL082C,0,-8.477798,0.1020778939127922,0.9955703020095825,0.8757475018501282
YLR394W,YLR303W,0,-8.479679,0.10206630080938339,0.9955703020095825,0.8758582472801208
YOR267C,YHR091C,0,-8.480419,0.10205471515655518,0.9955703020095825,0.8759689927101135
YJR105W,YNL279W,0,-8.481033,0.10204312950372696,0.9955703020095825,0.8760797381401062
YGL191W,YDR202C,0,-8.481165,0.10203155130147934,0.9955703020095825,0.8761904835700989
YOR034C,YDL014W,0,-8.481817,0.10201997309923172,0.9955703020095825,0.8763012290000916
YOR061W,YGR004W,0,-8.481888,0.1020083948969841,0.9955703020095825,0.8764119744300842
YGL201C,YPL187W,0,-8.483347,0.10199682414531708,0.9955703020095825,0.8765227198600769
YPL095C,YDR086C,0,-8.483969,0.10198525339365005,0.9955703020095825,0.8766334652900696
YGL236C,YLR130C,0,-8.484653,0.10197368264198303,0.9955703020095825,0.8767442107200623
YPL187W,YMR080C,0,-8.487095,0.1019621193408966,0.9955703020095825,0.8768549561500549
YNR058W,YPR167C,0,-8.488266,0.10195055603981018,0.9955703020095825,0.8769656419754028
YPL063W,YDR325W,0,-8.48921,0.10193899273872375,0.9955703020095825,0.8770763874053955
YLR129W,YBL008W,0,-8.490702,0.10192743688821793,0.9955703020095825,0.8771871328353882
YAR019C,YDR060W,0,-8.491606,0.1019158810377121,0.9955703020095825,0.8772978782653809
YMR080C,YKL086W,0,-8.495958,0.10190433263778687,0.9955703020095825,0.8774086236953735
YMR186W,YNL163C,0,-8.496084,0.10189277678728104,0.9955703020095825,0.8775193691253662
YNR027W,YKL009W,0,-8.496176,0.1018812358379364,0.9955703020095825,0.8776301145553589
YLR189C,YPL016W,0,-8.496443,0.10186968743801117,0.9955703020095825,0.8777408599853516
YGL257C,YGR152C,0,-8.497965,0.10185814648866653,0.9955703020095825,0.8778516054153442
YGR257C,YKR059W,0,-8.499788,0.1018466055393219,0.9955703020095825,0.8779623508453369
YMR095C,YGR186W,0,-8.500397,0.10183507204055786,0.9955703020095825,0.8780730962753296
YPL026C,YKL203C,0,-8.503288,0.10182353854179382,0.9955703020095825,0.8781838417053223
YLL061W,YOR083W,0,-8.503735,0.10181200504302979,0.9955703020095825,0.8782945871353149
YML094W,YER107C,0,-8.504042,0.10180047899484634,0.9955703020095825,0.8784053325653076
YER006W,YGR212W,0,-8.504372,0.1017889529466629,0.9955703020095825,0.8785160779953003
YCR086W,YPL231W,0,-8.5052395,0.10177742689847946,0.9955703020095825,0.878626823425293
YDL051W,YCL051W,0,-8.506111,0.10176590085029602,0.9955703020095825,0.8787375688552856
YNL009W,YER006W,0,-8.506338,0.10175438225269318,0.9955703020095825,0.8788482546806335
YNL099C,YBR083W,0,-8.506632,0.10174287110567093,0.9955703020095825,0.8789590001106262
YOL086C,YNL059C,0,-8.506903,0.10173135995864868,0.9955703020095825,0.8790697455406189
YDL200C,YGR118W,0,-8.508219,0.10171984881162643,0.9955703020095825,0.8791804909706116
YDR079W,YKL212W,0,-8.508282,0.10170833766460419,0.9955703020095825,0.8792912364006042
YOR112W,YOR328W,0,-8.508646,0.10169683396816254,0.9955703020095825,0.8794019818305969
YMR012W,YMR136W,0,-8.508854,0.10168533027172089,0.9955703020095825,0.8795127272605896
YML080W,YPL268W,0,-8.509289,0.10167382657527924,0.9955703020095825,0.8796234726905823
YOR119C,YPR018W,0,-8.509367,0.10166233032941818,0.9955703020095825,0.879734218120575
YDR317W,YLR034C,0,-8.512394,0.10165083408355713,0.9955703020095825,0.8798449635505676
YDR016C,YIL173W,0,-8.514526,0.10163934528827667,0.9955703020095825,0.8799557089805603
YPR005C,YBR083W,0,-8.514925,0.10162785649299622,0.9955703020095825,0.880066454410553
YEL036C,YCR072C,0,-8.516245,0.10161636769771576,0.9955703020095825,0.8801771998405457
YGL209W,YER019C-A,0,-8.517311,0.1016048789024353,0.9955703020095825,0.8802879452705383
YOR373W,YGR211W,0,-8.52038,0.10159339755773544,0.9955703020095825,0.880398690700531
YHR086W,YOL124C,0,-8.521954,0.10158192366361618,0.9955703020095825,0.8805094361305237
YER119C,YJL141C,0,-8.52574,0.10157044231891632,0.9955703020095825,0.8806201815605164
YJR070C,YKL014C,0,-8.527622,0.10155896842479706,0.9955703020095825,0.8807308673858643
YDR182W,YOL010W,0,-8.5280285,0.1015474945306778,0.9955703020095825,0.8808416128158569
YKL099C,YOL097C,0,-8.530933,0.10153602808713913,0.9955703020095825,0.8809523582458496
YOL123W,YLR316C,0,-8.531668,0.10152456164360046,0.9955703020095825,0.8810631036758423
YDR492W,YBR117C,0,-8.533548,0.1015130952000618,0.9955703020095825,0.881173849105835
YKL074C,YER165W,0,-8.534426,0.10150163620710373,0.9955703020095825,0.8812845945358276
YEL056W,YOR372C,0,-8.5373745,0.10149017721414566,0.9955703020095825,0.8813953399658203
YNL259C,YNL279W,0,-8.53792,0.10147872567176819,0.9955703020095825,0.881506085395813
YLL060C,YHR026W,0,-8.538315,0.10146726667881012,0.9955703020095825,0.8816168308258057
YLL061W,YLR136C,0,-8.538498,0.10145581513643265,0.9955703020095825,0.8817275762557983
YDR254W,YGR195W,0,-8.5417595,0.10144437104463577,0.9955703020095825,0.881838321685791
YER149C,YPR191W,0,-8.541985,0.1014329269528389,0.9955703020095825,0.8819490671157837
YNL202W,YOR083W,0,-8.542427,0.10142148286104202,0.9955703020095825,0.8820598125457764
YJR042W,YBR165W,0,-8.5432625,0.10141003876924515,0.9955703020095825,0.882170557975769
YGR256W,YJL089W,0,-8.543911,0.10139860212802887,0.9955703020095825,0.8822813034057617
YDL085W,YOR340C,0,-8.544573,0.10138716548681259,0.9955703020095825,0.8823920488357544
YGL209W,YGR103W,0,-8.545118,0.10137573629617691,0.9955703020095825,0.8825027942657471
YAL054C,YPR182W,0,-8.547005,0.10136429965496063,0.9955703020095825,0.8826135396957397
YBR207W,YKL212W,0,-8.550087,0.10135287791490555,0.9955703020095825,0.8827242255210876
YEL031W,YIL008W,0,-8.550173,0.10134144872426987,0.9955703020095825,0.8828349709510803
YJL025W,YGL039W,0,-8.55018,0.10133002698421478,0.9955703020095825,0.882945716381073
YPR168W,YOR143C,0,-8.551647,0.1013186052441597,0.9955703020095825,0.8830564618110657
YBR278W,YPR182W,0,-8.553307,0.10130719095468521,0.9955703020095825,0.8831672072410583
YOL123W,YDR325W,0,-8.556076,0.10129577666521072,0.9955703020095825,0.883277952671051
YER154W,YPR154W,0,-8.558153,0.10128436237573624,0.9955703020095825,0.8833886981010437
YOR074C,YGL045W,0,-8.558155,0.10127295553684235,0.9955703020095825,0.8834994435310364
YIL115C,YGL246C,0,-8.558504,0.10126154869794846,0.9955703020095825,0.883610188961029
YOL130W,YOL059W,0,-8.559809,0.10125014185905457,0.9955703020095825,0.8837209343910217
YDR256C,YOL149W,0,-8.560423,0.10123873502016068,0.9955703020095825,0.8838316798210144
YPL265W,YHR026W,0,-8.560591,0.10122733563184738,0.9955703020095825,0.8839424252510071
YBR274W,YGR103W,0,-8.561464,0.10121594369411469,0.9955703020095825,0.8840531706809998
YPR201W,YIL026C,0,-8.571531,0.10120454430580139,0.9955703020095825,0.8841639161109924
YMR280C,YAR019C,0,-8.575741,0.10119315981864929,0.9955703020095825,0.8842746615409851
YJR070C,YER005W,0,-8.576384,0.1011817678809166,0.9955703020095825,0.8843854069709778
YDL024C,YNL163C,0,-8.57662,0.1011703833937645,0.9955703020095825,0.8844961524009705
YOR061W,YDL159W,0,-8.577244,0.1011589989066124,0.9955703020095825,0.8846068382263184
YJL194W,YML080W,0,-8.577454,0.1011476144194603,0.9955703020095825,0.884717583656311
YKR097W,YOR327C,0,-8.57876,0.1011362373828888,0.9955703020095825,0.8848283290863037
YJR082C,YFL022C,0,-8.579815,0.10112486034631729,0.9955703020095825,0.8849390745162964
YPL160W,YIR019C,0,-8.580456,0.10111348330974579,0.9955703020095825,0.8850498199462891
YJL208C,YIL076W,0,-8.580832,0.10110211372375488,0.9955703020095825,0.8851605653762817
YDR101C,YOR332W,0,-8.581257,0.10109074413776398,0.9955703020095825,0.8852713108062744
YER006W,YDR071C,0,-8.581934,0.10107938200235367,0.9955703020095825,0.8853820562362671
YMR234W,YBL093C,0,-8.583254,0.10106801241636276,0.9955703020095825,0.8854928016662598
YNR010W,YOR381W,0,-8.584898,0.10105665773153305,0.9955703020095825,0.8856035470962524
YDL051W,YNL097C,0,-8.585072,0.10104529559612274,0.9955703020095825,0.8857142925262451
YEL036C,YJL196C,0,-8.585119,0.10103394091129303,0.9955703020095825,0.8858250379562378
YGR256W,YNL167C,0,-8.58614,0.10102258622646332,0.9955703020095825,0.8859357833862305
YPR144C,YJR103W,0,-8.588358,0.1010112389922142,0.9955703020095825,0.8860465288162231
YGL253W,YEL034W,0,-8.588398,0.10099988430738449,0.9955703020095825,0.8861572742462158
YDR411C,YER118C,0,-8.593998,0.10098854452371597,0.9955703020095825,0.8862680196762085
YML062C,YPR137W,0,-8.594128,0.10097719728946686,0.9955703020095825,0.8863787651062012
YOR113W,YPL008W,0,-8.594574,0.10096585750579834,0.9955703020095825,0.8864894509315491
YAL054C,YLL009C,0,-8.596666,0.10095451772212982,0.9955703020095825,0.8866001963615417
YML081C-A,YLR316C,0,-8.597843,0.1009431853890419,0.9955703020095825,0.8867109417915344
YPL227C,YPR168W,0,-8.599167,0.10093185305595398,0.9955703020095825,0.8868216872215271
YGR249W,YGR078C,0,-8.599445,0.10092052072286606,0.9955703020095825,0.8869324326515198
YDR013W,YOR340C,0,-8.599813,0.10090919584035873,0.9955703020095825,0.8870431780815125
YHR042W,YMR260C,0,-8.602201,0.10089787095785141,0.9955703020095825,0.8871539235115051
YJL191W,YPR189W,0,-8.603075,0.10088654607534409,0.9955703020095825,0.8872646689414978
YGR086C,YDR178W,0,-8.603813,0.10087522119283676,0.9955703020095825,0.8873754143714905
YOR373W,YKR056W,0,-8.604025,0.10086390376091003,0.9955703020095825,0.8874861598014832
YDL197C,YPL078C,0,-8.604349,0.1008525937795639,0.9955703020095825,0.8875969052314758
YEL034W,YHR098C,0,-8.605625,0.10084127634763718,0.9955703020095825,0.8877076506614685
YAL068C,YDL058W,0,-8.605818,0.10082996636629105,0.9955703020095825,0.8878183960914612
YLR098C,YBR296C,0,-8.605831,0.10081866383552551,0.9955703020095825,0.8879291415214539
YPL265W,YPR005C,0,-8.605974,0.10080735385417938,0.9955703020095825,0.8880398869514465
YMR280C,YDR194C,0,-8.606928,0.10079605132341385,0.9955703020095825,0.8881506323814392
YGL236C,YKL188C,0,-8.607719,0.10078475624322891,0.9955703020095825,0.8882613778114319
YLR433C,YIL037C,0,-8.608688,0.10077345371246338,0.9955703020095825,0.8883720636367798
YPL016W,YCR083W,0,-8.609385,0.10076215863227844,0.9955703020095825,0.8884828090667725
YML080W,YER031C,0,-8.610748,0.1007508710026741,0.9955703020095825,0.8885935544967651
YPR006C,YBR127C,0,-8.611103,0.10073957592248917,0.9955703020095825,0.8887042999267578
YEL036C,YBR162C,0,-8.612284,0.10072828829288483,0.9955703020095825,0.8888150453567505
YIL033C,YOR081C,0,-8.61504,0.10071700811386108,0.9955703020095825,0.8889257907867432
YGL209W,YOL011W,0,-8.615343,0.10070572048425674,0.9955703020095825,0.8890365362167358
YMR042W,YPL095C,0,-8.615639,0.1006944477558136,0.9955703020095825,0.8891472816467285
YOR245C,YDR178W,0,-8.617821,0.10068316757678986,0.9955703020095825,0.8892580270767212
YPL204W,YLR048W,0,-8.618597,0.10067189484834671,0.9955703020095825,0.8893687725067139
YJL116C,YOL129W,0,-8.61931,0.10066062211990356,0.9955703020095825,0.8894795179367065
YDL200C,YDL083C,0,-8.619556,0.10064934939146042,0.9955703020095825,0.8895902633666992
YER001W,YJL204C,0,-8.620684,0.10063808411359787,0.9955703020095825,0.8897010087966919
YGR078C,YBR196C,0,-8.621647,0.10062681883573532,0.9955703020095825,0.8898117542266846
YOR058C,YFL004W,0,-8.621658,0.10061555355787277,0.9955703020095825,0.8899224996566772
YCR083W,YPR036W,0,-8.622623,0.10060429573059082,0.9955703020095825,0.8900332450866699
YCL025C,YOR381W,0,-8.622713,0.10059303790330887,0.9955703020095825,0.8901439905166626
YPR191W,YJR141W,0,-8.626949,0.10058178752660751,0.9955703020095825,0.8902547359466553
YNR001C,YGR249W,0,-8.628658,0.10057053714990616,0.9955703020095825,0.8903654217720032
YLL035W,YHR042W,0,-8.629889,0.1005592867732048,0.9955703020095825,0.8904761672019958
YDR362C,YOL124C,0,-8.630157,0.10054803639650345,0.9955703020095825,0.8905869126319885
YPL235W,YLR447C,0,-8.632771,0.10053679347038269,0.9955703020095825,0.8906976580619812
YDR079W,YLR435W,0,-8.633995,0.10052555054426193,0.9955703020095825,0.8908084034919739
YCL025C,YOR089C,0,-8.634945,0.10051430761814117,0.9955703020095825,0.8909191489219666
YDR384C,YOR381W,0,-8.635433,0.10050307214260101,0.9955703020095825,0.8910298943519592
YDR194C,YKL154W,0,-8.635595,0.10049183666706085,0.9955703020095825,0.8911406397819519
YBR159W,YBL046W,0,-8.640863,0.10048060864210129,0.9955703020095825,0.8912513852119446
YJR089W,YPL012W,0,-8.64352,0.10046938061714172,0.9955703020095825,0.8913621306419373
YNL294C,YLR435W,0,-8.645239,0.10045815259218216,0.9955703020095825,0.8914728760719299
YOL059W,YHR001W-A,0,-8.645958,0.1004469245672226,0.9955703020095825,0.8915836215019226
YDR256C,YPL231W,0,-8.647259,0.10043570399284363,0.9955703020095825,0.8916943669319153
YGR225W,YEL024W,0,-8.647482,0.10042448341846466,0.9955703020095825,0.891805112361908
YGR004W,YOR359W,0,-8.651348,0.10041327029466629,0.9955703020095825,0.8919158577919006
YJR013W,YGR118W,0,-8.65152,0.10040205717086792,0.9955703020095825,0.8920266032218933
YDL013W,YKR056W,0,-8.65222,0.10039084404706955,0.9955703020095825,0.892137348651886
YBL085W,YGL112C,0,-8.652515,0.10037963092327118,0.9955703020095825,0.8922480344772339
YLL060C,YGR103W,0,-8.652739,0.1003684252500534,0.9955703020095825,0.8923587799072266
YGR256W,YDR202C,0,-8.65333,0.10035721957683563,0.9955703020095825,0.8924695253372192
YDR198C,YKL086W,0,-8.653742,0.10034602135419846,0.9955703020095825,0.8925802707672119
YPL061W,YKL099C,0,-8.654634,0.10033482313156128,0.9955703020095825,0.8926910161972046
YKR038C,YOL097C,0,-8.655832,0.1003236249089241,0.9955703020095825,0.8928017616271973
YOL008W,YHR055C,0,-8.656496,0.10031242668628693,0.9955703020095825,0.8929125070571899
YDR037W,YNL246W,0,-8.656584,0.10030123591423035,0.9955703020095825,0.8930232524871826
YOL124C,YLR181C,0,-8.656885,0.10029005259275436,0.9955703020095825,0.8931339979171753
YKR027W,YPR007C,0,-8.656971,0.10027886182069778,0.9955703020095825,0.893244743347168
YDL014W,YER123W,0,-8.65847,0.1002676784992218,0.9955703020095825,0.8933554887771606
YDR384C,YHR050W,0,-8.659119,0.10025649517774582,0.9955703020095825,0.8934662342071533
YDR245W,YDR059C,0,-8.659187,0.10024531930685043,0.9955703020095825,0.893576979637146
YOR110W,YKR056W,0,-8.659342,0.10023414343595505,0.9955703020095825,0.8936877250671387
YGL094C,YLR272C,0,-8.6609955,0.10022296756505966,0.9955703020095825,0.8937984704971313
YPL078C,YOR340C,0,-8.6610775,0.10021179169416428,0.9955703020095825,0.893909215927124
YDR312W,YER082C,0,-8.662298,0.10020062327384949,0.9955703020095825,0.8940199613571167
YPR185W,YDL198C,0,-8.663437,0.1001894548535347,0.9955703020095825,0.8941306471824646
YLR303W,YDR369C,0,-8.664331,0.1001782938838005,0.9955703020095825,0.8942413926124573
YPR190C,YHR031C,0,-8.665701,0.10016713291406631,0.9955703020095825,0.89435213804245
YML062C,YGL209W,0,-8.666994,0.10015597194433212,0.9955703020095825,0.8944628834724426
YDL200C,YDR369C,0,-8.668289,0.10014481097459793,0.9955703020095825,0.8945736289024353
YLR189C,YOL158C,0,-8.669979,0.10013365745544434,0.9955703020095825,0.894684374332428
YJL072C,YOL127W,0,-8.670294,0.10012251138687134,0.9955703020095825,0.8947951197624207
YHR055C,YMR218C,0,-8.671686,0.10011135786771774,0.9955703020095825,0.8949058651924133
YJL006C,YER103W,0,-8.672142,0.10010021179914474,0.9955703020095825,0.895016610622406
YAR002C-A,YOR116C,0,-8.67289,0.10008906573057175,0.9955703020095825,0.8951273560523987
YPL265W,YOL072W,0,-8.67506,0.10007792711257935,0.9955703020095825,0.8952381014823914
YLR060W,YDR138W,0,-8.677795,0.10006678849458694,0.9955703020095825,0.895348846912384
YGL089C,YDR515W,0,-8.6789055,0.10005564987659454,0.9955703020095825,0.8954595923423767
YKL009W,YJL128C,0,-8.679844,0.10004451125860214,0.9955703020095825,0.8955703377723694
YPL078C,YMR035W,0,-8.683708,0.10003338009119034,0.9955703020095825,0.8956810832023621
YFR019W,YDR343C,0,-8.688957,0.10002224892377853,0.9955703020095825,0.8957918286323547
YCR086W,YER118C,0,-8.689251,0.10001112520694733,0.9955703020095825,0.8959025740623474
YLR106C,YDL044C,0,-8.692284,0.10000000149011612,0.9955703020095825,0.8960132598876953
YDR343C,YML127W,0,-8.692745,0.09998887777328491,0.9955703020095825,0.896124005317688
YGL089C,YDR404C,0,-8.692831,0.0999777615070343,0.9955703020095825,0.8962347507476807
YJR013W,YDL051W,0,-8.693722,0.0999666377902031,0.9955703020095825,0.8963454961776733
YOL135C,YBR162C,0,-8.695835,0.09995552897453308,0.9955703020095825,0.896456241607666
YHR165C,YPR190C,0,-8.697176,0.09994441270828247,0.9955703020095825,0.8965669870376587
YGL183C,YKR056W,0,-8.70355,0.09993330389261246,0.9955703020095825,0.8966777324676514
YOL149W,YJL106W,0,-8.704638,0.09992219507694244,0.9955703020095825,0.896788477897644
YGR145W,YER006W,0,-8.705925,0.09991109371185303,0.9955703020095825,0.8968992233276367
YJL116C,YBL103C,0,-8.709623,0.09989999234676361,0.9955703020095825,0.8970099687576294
YOR046C,YOR137C,0,-8.709944,0.0998888909816742,0.9955703020095825,0.8971207141876221
YPL012W,YGL212W,0,-8.714111,0.09987778961658478,0.9955703020095825,0.8972314596176147
YOR178C,YNL246W,0,-8.714273,0.09986669570207596,0.9955703020095825,0.8973422050476074
YGR159C,YFL005W,0,-8.715187,0.09985560178756714,0.9955703020095825,0.8974529504776001
YHR042W,YGR099W,0,-8.715492,0.09984451532363892,0.9955703020095825,0.8975636959075928
YBR159W,YPL243W,0,-8.715807,0.0998334288597107,0.9955703020095825,0.8976744413375854
YDR116C,YBR117C,0,-8.716082,0.09982234239578247,0.9955703020095825,0.8977851867675781
YKR038C,YDR055W,0,-8.719412,0.09981125593185425,0.9955703020095825,0.8978959321975708
YDL197C,YBR162C,0,-8.719538,0.09980017691850662,0.9955703020095825,0.8980066180229187
YDL198C,YFR037C,0,-8.719761,0.099789097905159,0.9955703020095825,0.8981173634529114
YDR101C,YCL016C,0,-8.720715,0.09977802634239197,0.9955703020095825,0.898228108882904
YNR027W,YMR012W,0,-8.723976,0.09976695477962494,0.9955703020095825,0.8983388543128967
YBR247C,YGR249W,0,-8.724272,0.09975588321685791,0.9955703020095825,0.8984495997428894
YHR042W,YGR251W,0,-8.725025,0.09974481165409088,0.9955703020095825,0.8985603451728821
YNR001C,YPL190C,0,-8.725769,0.09973374754190445,0.9955703020095825,0.8986710906028748
YLR129W,YIL150C,0,-8.727604,0.09972268342971802,0.9955703020095825,0.8987818360328674
YLR026C,YOL124C,0,-8.728983,0.09971162676811218,0.9955703020095825,0.8988925814628601
YPL202C,YPL160W,0,-8.7364235,0.09970056265592575,0.9955703020095825,0.8990033268928528
YKL160W,YHR165C,0,-8.736834,0.09968951344490051,0.9955703020095825,0.8991140723228455
YJR070C,YPR107C,0,-8.737108,0.09967845678329468,0.9955703020095825,0.8992248177528381
YBR161W,YPL237W,0,-8.738802,0.09966740757226944,0.9955703020095825,0.8993355631828308
YKR097W,YPL152W,0,-8.742825,0.0996563583612442,0.9955703020095825,0.8994463086128235
YEL034W,YOR003W,0,-8.743769,0.09964530915021896,0.9955703020095825,0.8995570540428162
YBR161W,YJR145C,0,-8.745638,0.09963426738977432,0.9955703020095825,0.8996677994728088
YJR074W,YDR545W,0,-8.745787,0.09962322562932968,0.9955703020095825,0.8997785449028015
YDR101C,YNL279W,0,-8.747082,0.09961219131946564,0.9955703020095825,0.8998892307281494
YGL191W,YDL181W,0,-8.74736,0.099601149559021,0.9955703020095825,0.8999999761581421
YCR053W,YPL019C,0,-8.7490635,0.09959011524915695,0.9955703020095825,0.9001107215881348
YMR212C,YKL009W,0,-8.749081,0.0995790883898735,0.9955703020095825,0.9002214670181274
YGL168W,YOR340C,0,-8.749365,0.09956806153059006,0.9955703020095825,0.9003322124481201
YKL139W,YNL339C,0,-8.749817,0.09955703467130661,0.9955703020095825,0.9004429578781128
YER025W,YCL040W,0,-8.749886,0.09954600781202316,0.9955703020095825,0.9005537033081055
YML104C,YKR059W,0,-8.750946,0.09953498840332031,0.9955703020095825,0.9006644487380981
YJL115W,YGR195W,0,-8.75095,0.09952396899461746,0.9955703020095825,0.9007751941680908
YDR116C,YPL243W,0,-8.751455,0.09951294958591461,0.9955703020095825,0.9008859395980835
YPL146C,YOR143C,0,-8.751867,0.09950193762779236,0.9955703020095825,0.9009966850280762
YGL195W,YGL169W,0,-8.7540245,0.0994909256696701,0.9955703020095825,0.9011074304580688
YJR042W,YBR083W,0,-8.754566,0.09947991371154785,0.9955703020095825,0.9012181758880615
YPR083W,YNL282W,0,-8.754812,0.0994689092040062,0.9955703020095825,0.9013289213180542
YIL037C,YHR065C,0,-8.756752,0.09945790469646454,0.9955703020095825,0.9014396667480469
YLR384C,YGL205W,0,-8.757198,0.09944690018892288,0.9955703020095825,0.9015504121780396
YLR284C,YOR119C,0,-8.759638,0.09943590313196182,0.9955703020095825,0.9016611576080322
YDR060W,YLR272C,0,-8.759916,0.09942490607500076,0.9955703020095825,0.9017718434333801
YDR284C,YDR508C,0,-8.760574,0.0994139090180397,0.9955703020095825,0.9018825888633728
YGR225W,YDL197C,0,-8.761539,0.09940291941165924,0.9955703020095825,0.9019933342933655
YPL160W,YDL164C,0,-8.76338,0.09939192980527878,0.9955703020095825,0.9021040797233582
YGR145W,YDR311W,0,-8.763451,0.09938094019889832,0.9955703020095825,0.9022148251533508
YPR154W,YDR292C,0,-8.765209,0.09936995804309845,0.9955703020095825,0.9023255705833435
YDR216W,YGL246C,0,-8.770082,0.09935897588729858,0.9955703020095825,0.9024363160133362
YOL086C,YJL013C,0,-8.773815,0.09934799373149872,0.9955703020095825,0.9025470614433289
YAR008W,YER103W,0,-8.774494,0.09933701902627945,0.9955703020095825,0.9026578068733215
YPR201W,YLR080W,0,-8.775034,0.09932604432106018,0.9955703020095825,0.9027685523033142
YOR316C,YOL010W,0,-8.7766285,0.09931506961584091,0.9955703020095825,0.9028792977333069
YDR162C,YOR340C,0,-8.782042,0.09930409491062164,0.9955703020095825,0.9029900431632996
YPL202C,YLR196W,0,-8.783152,0.09929312765598297,0.9955703020095825,0.9031007885932922
YJR089W,YLR196W,0,-8.783829,0.0992821678519249,0.9955703020095825,0.9032115340232849
YPL265W,YML098W,0,-8.785299,0.09927120059728622,0.9955703020095825,0.9033222794532776
YPR144C,YOL080C,0,-8.786575,0.09926024079322815,0.9955703020095825,0.9034330248832703
YER167W,YKL154W,0,-8.787859,0.09924928098917007,0.9955703020095825,0.9035437703132629
YGL209W,YPR137W,0,-8.787964,0.0992383286356926,0.9955703020095825,0.9036544561386108
YHL003C,YHR039C,0,-8.788622,0.09922737628221512,0.9955703020095825,0.9037652015686035
YDL024C,YOR373W,0,-8.792074,0.09921642392873764,0.9955703020095825,0.9038759469985962
YML080W,YJR059W,0,-8.792353,0.09920547157526016,0.9955703020095825,0.9039866924285889
YER006W,YNL055C,0,-8.793016,0.09919452667236328,0.9955703020095825,0.9040974378585815
YPR025C,YJR068W,0,-8.795364,0.0991835817694664,0.9955703020095825,0.9042081832885742
YEL050C,YMR142C,0,-8.796976,0.09917264431715012,0.9955703020095825,0.9043189287185669
YMR136W,YER149C,0,-8.799347,0.09916169941425323,0.9955703020095825,0.9044296741485596
YLR039C,YPR190C,0,-8.800295,0.09915076941251755,0.9955703020095825,0.9045404195785522
YGL246C,YJL191W,0,-8.800707,0.09913983196020126,0.9955703020095825,0.9046511650085449
YLR129W,YIL026C,0,-8.801378,0.09912890195846558,0.9955703020095825,0.9047619104385376
YGR225W,YJL080C,0,-8.802563,0.09911797195672989,0.9955703020095825,0.9048726558685303
YNL004W,YPL126W,0,-8.802589,0.0991070419549942,0.9955703020095825,0.904983401298523
YDR013W,YKL082C,0,-8.803547,0.09909611940383911,0.9955703020095825,0.9050941467285156
YPL061W,YOR371C,0,-8.804144,0.09908519685268402,0.9955703020095825,0.9052048921585083
YDR492W,YOL067C,0,-8.80649,0.09907428175210953,0.9955703020095825,0.905315637588501
YML094W,YIL037C,0,-8.814444,0.09906335920095444,0.9955703020095825,0.9054263830184937
YPR191W,YNR039C,0,-8.816166,0.09905244410037994,0.9955703020095825,0.9055370688438416
YAR019C,YDL083C,0,-8.818209,0.09904153645038605,0.9955703020095825,0.9056478142738342
YGR004W,YGR129W,0,-8.818253,0.09903062134981155,0.9955703020095825,0.9057585597038269
YDL081C,YLR262C,0,-8.822359,0.09901971369981766,0.9955703020095825,0.9058693051338196
YDR423C,YJR070C,0,-8.823713,0.09900881350040436,0.9955703020095825,0.9059800505638123
YKL113C,YNL202W,0,-8.824995,0.09899790585041046,0.9955703020095825,0.9060907959938049
YHR042W,YGR002C,0,-8.826874,0.09898700565099716,0.9955703020095825,0.9062015414237976
YGR041W,YLR130C,0,-8.827629,0.09897611290216446,0.9955703020095825,0.9063122868537903
YAL054C,YHR006W,0,-8.82843,0.09896521270275116,0.9955703020095825,0.906423032283783
YDR245W,YGR008C,0,-8.82852,0.09895431995391846,0.9955703020095825,0.9065337777137756
YOL059W,YNL110C,0,-8.832018,0.09894342720508575,0.9955703020095825,0.9066445231437683
YDR517W,YDR013W,0,-8.834103,0.09893254190683365,0.9955703020095825,0.906755268573761
YGR188C,YER018C,0,-8.83429,0.09892165660858154,0.9955703020095825,0.9068660140037537
YJL102W,YLR424W,0,-8.835047,0.09891077131032944,0.9955703020095825,0.9069767594337463
YJL112W,YOR103C,0,-8.837,0.09889989346265793,0.9955703020095825,0.907087504863739
YMR280C,YDL181W,0,-8.838863,0.09888900816440582,0.9955703020095825,0.9071982502937317
YPL233W,YJL080C,0,-8.8401165,0.09887813776731491,0.9955703020095825,0.9073089957237244
YPR018W,YOL097C,0,-8.84267,0.0988672599196434,0.9955703020095825,0.907419741153717
YLR129W,YGR145W,0,-8.844646,0.09885638952255249,0.9955703020095825,0.9075304269790649
YOR061W,YOL135C,0,-8.845032,0.09884551912546158,0.9955703020095825,0.9076411724090576
YCR033W,YGL039W,0,-8.847059,0.09883465617895126,0.9955703020095825,0.9077519178390503
YGR041W,YPL268W,0,-8.847631,0.09882378578186035,0.9955703020095825,0.907862663269043
YJL006C,YGR008C,0,-8.848391,0.09881292283535004,0.9955703020095825,0.9079734086990356
YPR185W,YPL243W,0,-8.849375,0.09880206733942032,0.9955703020095825,0.9080841541290283
YDR182W,YJR070C,0,-8.849987,0.0987912118434906,0.9955703020095825,0.908194899559021
YDR178W,YKL075C,0,-8.85004,0.09878035634756088,0.9955703020095825,0.9083056449890137
YNR010W,YOR081C,0,-8.852089,0.09876950085163116,0.9955703020095825,0.9084163904190063
YPL231W,YDL235C,0,-8.8536625,0.09875865280628204,0.9955703020095825,0.908527135848999
YLR155C,YJR031C,0,-8.8544235,0.09874780476093292,0.9955703020095825,0.9086378812789917
YNR030W,YBL046W,0,-8.85693,0.0987369567155838,0.9955703020095825,0.9087486267089844
YLR134W,YJL191W,0,-8.8569565,0.09872611612081528,0.9955703020095825,0.908859372138977
YGL084C,YGL226C-A,0,-8.857437,0.09871527552604675,0.9955703020095825,0.9089701175689697
YMR162C,YCL043C,0,-8.858219,0.09870443493127823,0.9955703020095825,0.9090808629989624
YDR508C,YDR434W,0,-8.859442,0.0986936017870903,0.9955703020095825,0.9091916084289551
YDR077W,YOR110W,0,-8.863167,0.09868276864290237,0.9955703020095825,0.9093023538589478
YOL010W,YGL104C,0,-8.86364,0.09867193549871445,0.9955703020095825,0.9094130396842957
YNR058W,YJR042W,0,-8.867899,0.09866110980510712,0.9955703020095825,0.9095237851142883
YEL036C,YPR137W,0,-8.869188,0.09865027666091919,0.9955703020095825,0.909634530544281
YPL265W,YIR017C,0,-8.869703,0.09863945841789246,0.9955703020095825,0.9097452759742737
YGL089C,YDL028C,0,-8.874783,0.09862863272428513,0.9955703020095825,0.9098560214042664
YMR212C,YKR056W,0,-8.875626,0.09861781448125839,0.9955703020095825,0.909966766834259
YFL025C,YNR026C,1,-8.876705,0.09871668368577957,0.9966777563095093,0.909966766834259
YER154W,YGR239C,0,-8.880289,0.09870585799217224,0.9966777563095093,0.9100775122642517
YPR183W,YDR393W,0,-8.880371,0.09869503229856491,0.9966777563095093,0.9101882576942444
YIR019C,YGR159C,0,-8.880724,0.09868421405553818,0.9966777563095093,0.9102990031242371
YDR508C,YKL126W,0,-8.881849,0.09867338836193085,0.9966777563095093,0.9104097485542297
YMR136W,YHR031C,0,-8.883158,0.09866257756948471,0.9966777563095093,0.9105204939842224
YHR039C,YJL012C,0,-8.886225,0.09865175932645798,0.9966777563095093,0.9106312394142151
YAL010C,YGR129W,0,-8.887089,0.09864094853401184,0.9966777563095093,0.9107419848442078
YGR103W,YLR272C,0,-8.887856,0.0986301377415657,0.9966777563095093,0.9108527302742004
YHR091C,YER006W,0,-8.889978,0.09861932694911957,0.9966777563095093,0.9109634757041931
YJR070C,YOR087W,0,-8.890041,0.09860852360725403,0.9966777563095093,0.9110742211341858
YPL152W,YLR139C,0,-8.891167,0.09859772026538849,0.9966777563095093,0.9111849665641785
YAL054C,YNL059C,0,-8.892292,0.09858692437410355,0.9966777563095093,0.9112956523895264
YPL265W,YLL035W,0,-8.892349,0.098576121032238,0.9966777563095093,0.911406397819519
YDR055W,YPL210C,0,-8.894644,0.09856532514095306,0.9966777563095093,0.9115171432495117
YJL115W,YEL024W,0,-8.894724,0.09855453670024872,0.9966777563095093,0.9116278886795044
YBL099W,YNL281W,0,-8.89539,0.09854374080896378,0.9966777563095093,0.9117386341094971
YDL198C,YKL043W,0,-8.900179,0.09853295236825943,0.9966777563095093,0.9118493795394897
YER165W,YLR424W,0,-8.901596,0.09852216392755508,0.9966777563095093,0.9119601249694824
YAL041W,YKL009W,0,-8.901865,0.09851138293743134,0.9966777563095093,0.9120708703994751
YNL073W,YOR340C,0,-8.902025,0.09850060194730759,0.9966777563095093,0.9121816158294678
YDR216W,YCR084C,0,-8.902775,0.09848982095718384,0.9966777563095093,0.9122923612594604
YJR031C,YDR077W,0,-8.904707,0.09847904741764069,0.9966777563095093,0.9124031066894531
YMR136W,YPL063W,0,-8.905176,0.09846827387809753,0.9966777563095093,0.9125138521194458
YOR185C,YOL028C,0,-8.905895,0.09845750033855438,0.9966777563095093,0.9126245975494385
YJR105W,YGL045W,0,-8.906939,0.09844672679901123,0.9966777563095093,0.9127353429794312
YGR159C,YKL055C,0,-8.907131,0.09843596071004868,0.9966777563095093,0.9128460884094238
YNL055C,YIL008W,0,-8.908905,0.09842519462108612,0.9966777563095093,0.9129568338394165
YPL115C,YBR296C,0,-8.913744,0.09841443598270416,0.9966777563095093,0.9130675792694092
YDL024C,YLR272C,0,-8.913874,0.0984036773443222,0.9966777563095093,0.9131782650947571
YGL089C,YIL048W,0,-8.915834,0.09839291870594025,0.9966777563095093,0.9132890105247498
YBR247C,YOR137C,0,-8.917063,0.09838216006755829,0.9966777563095093,0.9133997559547424
YFR028C,YDR055W,0,-8.91873,0.09837140887975693,0.9966777563095093,0.9135105013847351
YDR508C,YDR545W,0,-8.920166,0.09836065769195557,0.9966777563095093,0.9136212468147278
YDR256C,YLR048W,0,-8.923479,0.0983499065041542,0.9966777563095093,0.9137319922447205
YPL095C,YOR340C,0,-8.924271,0.09833916276693344,0.9966777563095093,0.9138427376747131
YMR211W,YKL086W,0,-8.925329,0.09832841902971268,0.9966777563095093,0.9139534831047058
YDL197C,YPL019C,0,-8.925436,0.09831767529249191,0.9966777563095093,0.9140642285346985
YPR183W,YPL268W,0,-8.926931,0.09830693900585175,0.9966777563095093,0.9141749739646912
YPR032W,YMR227C,0,-8.928925,0.09829620271921158,0.9966777563095093,0.9142857193946838
YEL034W,YOL045W,0,-8.930534,0.09828546643257141,0.9966777563095093,0.9143964648246765
YJL106W,YLR196W,0,-8.931498,0.09827473014593124,0.9966777563095093,0.9145072102546692
YIL037C,YLL011W,0,-8.931999,0.09826400130987167,0.9966777563095093,0.9146179556846619
YMR012W,YIL115C,0,-8.933308,0.0982532724738121,0.9966777563095093,0.9147287011146545
YML080W,YPR167C,0,-8.936354,0.09824255108833313,0.9966777563095093,0.9148394465446472
YBR296C,YDR545W,0,-8.937147,0.09823182970285416,0.9966777563095093,0.9149501919746399
YPL204W,YDR492W,0,-8.937716,0.09822110831737518,0.9966777563095093,0.9150609374046326
YPL204W,YGL253W,0,-8.939291,0.09821038693189621,0.9966777563095093,0.9151716232299805
YFL025C,YKL054C,1,-8.941221,0.09830878674983978,0.9977851510047913,0.9151716232299805
YBL009W,YJL025W,0,-8.941517,0.09829805791378021,0.9977851510047913,0.9152823686599731
YOR245C,YOL127W,0,-8.949022,0.09828733652830124,0.9977851510047913,0.9153931140899658
YDR283C,YGL205W,0,-8.950901,0.09827661514282227,0.9977851510047913,0.9155038595199585
YNR032C-A,YLR248W,0,-8.954845,0.09826589375734329,0.9977851510047913,0.9156146049499512
YBR274W,YKL009W,0,-8.955284,0.09825517982244492,0.9977851510047913,0.9157253503799438
YGR078C,YLL011W,0,-8.957037,0.09824446588754654,0.9977851510047913,0.9158360958099365
YDR492W,YIL076W,0,-8.959961,0.09823375195264816,0.9977851510047913,0.9159468412399292
YMR305C,YPL237W,0,-8.960432,0.09822304546833038,0.9977851510047913,0.9160575866699219
YHR055C,YKL134C,0,-8.96232,0.0982123389840126,0.9977851510047913,0.9161683320999146
YEL024W,YML115C,0,-8.964516,0.09820163249969482,0.9977851510047913,0.9162790775299072
YKL129C,YPR190C,0,-8.966267,0.09819093346595764,0.9977851510047913,0.9163898229598999
YGR098C,YPL218W,0,-8.966276,0.09818023443222046,0.9977851510047913,0.9165005683898926
YGR078C,YPL019C,0,-8.967972,0.09816953539848328,0.9977851510047913,0.9166113138198853
YER006W,YMR234W,0,-8.968651,0.09815884381532669,0.9977851510047913,0.9167220592498779
YOL010W,YJR103W,0,-8.972071,0.09814814478158951,0.9977851510047913,0.9168328046798706
YOL086C,YJL115W,0,-8.9721985,0.09813746064901352,0.9977851510047913,0.9169435501098633
YKL135C,YMR280C,0,-8.97275,0.09812676906585693,0.9977851510047913,0.9170542359352112
YJL012C,YOL097C,0,-8.97447,0.09811608493328094,0.9977851510047913,0.9171649813652039
YDR412W,YOL124C,0,-8.974598,0.09810540080070496,0.9977851510047913,0.9172757267951965
YDR481C,YOR216C,0,-8.975775,0.09809471666812897,0.9977851510047913,0.9173864722251892
YLR330W,YDR086C,0,-8.978554,0.09808403998613358,0.9977851510047913,0.9174972176551819
YDR101C,YMR095C,0,-8.983114,0.09807336330413818,0.9977851510047913,0.9176079630851746
YER126C,YPL274W,0,-8.983374,0.09806269407272339,0.9977851510047913,0.9177187085151672
YOL086C,YNL167C,0,-8.984335,0.098052017390728,0.9977851510047913,0.9178294539451599
YER165W,YOL010W,0,-8.993183,0.0980413481593132,0.9977851510047913,0.9179401993751526
YBL009W,YOL059W,0,-8.995821,0.09803067892789841,0.9977851510047913,0.9180509448051453
YIL115C,YDL081C,0,-8.995876,0.09802001714706421,0.9977851510047913,0.9181616902351379
YJR004C,YDR120C,0,-8.996479,0.09800935536623001,0.9977851510047913,0.9182724356651306
YOL086C,YDR324C,0,-8.998117,0.09799869358539581,0.9977851510047913,0.9183831810951233
YOL135C,YDR055W,0,-8.9986,0.09798803925514221,0.9977851510047913,0.918493926525116
YPL160W,YOL059W,0,-8.999193,0.09797738492488861,0.9977851510047913,0.9186046719551086
YBR131W,YKL014C,0,-8.999985,0.09796673059463501,0.9977851510047913,0.9187154173851013
YGL174W,YNL169C,0,-9.000401,0.09795607626438141,0.9977851510047913,0.918826162815094
YDL024C,YEL034W,0,-9.001022,0.0979454293847084,0.9977851510047913,0.9189368486404419
YEL061C,YDL081C,0,-9.001135,0.0979347825050354,0.9977851510047913,0.9190475940704346
YOL123W,YGR118W,0,-9.001921,0.0979241356253624,0.9977851510047913,0.9191583395004272
YAR002W,YPR137W,0,-9.002066,0.09791349619626999,0.9977851510047913,0.9192690849304199
YGR004W,YOL097C,0,-9.003065,0.09790285676717758,0.9977851510047913,0.9193798303604126
YDR013W,YLR316C,0,-9.003172,0.09789221733808517,0.9977851510047913,0.9194905757904053
YPL190C,YDL014W,0,-9.004576,0.09788158535957336,0.9977851510047913,0.919601321220398
YNL004W,YBR162C,0,-9.005358,0.09787095338106155,0.9977851510047913,0.9197120666503906
YPR201W,YMR280C,0,-9.005964,0.09786032140254974,0.9977851510047913,0.9198228120803833
YNL232W,YPL243W,0,-9.009859,0.09784969687461853,0.9977851510047913,0.919933557510376
YOR316C,YPR190C,0,-9.010174,0.09783907234668732,0.9977851510047913,0.9200443029403687
YOL010W,YMR247C,0,-9.010942,0.0978284478187561,0.9977851510047913,0.9201550483703613
YLL035W,YGL201C,0,-9.018242,0.09781782329082489,0.9977851510047913,0.920265793800354
YDR311W,YKR056W,0,-9.018801,0.09780720621347427,0.9977851510047913,0.9203765392303467
YNL135C,YGR244C,0,-9.022154,0.09779658913612366,0.9977851510047913,0.9204872846603394
YDR437W,YML060W,0,-9.025551,0.09778597950935364,0.9977851510047913,0.920598030090332
YGL169W,YBR117C,0,-9.026556,0.09777536988258362,0.9977851510047913,0.9207087755203247
YKL082C,YDR460W,0,-9.026825,0.0977647602558136,0.9977851510047913,0.9208194613456726
YPR005C,YPL234C,0,-9.028191,0.09775415062904358,0.9977851510047913,0.9209302067756653
YHR065C,YPR189W,0,-9.030233,0.09774354845285416,0.9977851510047913,0.921040952205658
YKR097W,YNL012W,0,-9.03528,0.09773294627666473,0.9977851510047913,0.9211516976356506
YOR137C,YIL016W,0,-9.035402,0.09772234410047531,0.9977851510047913,0.9212624430656433
YJL196C,YER006W,0,-9.03566,0.09771174192428589,0.9977851510047913,0.921373188495636
YPL078C,YGL045W,0,-9.037268,0.09770114719867706,0.9977851510047913,0.9214839339256287
YML080W,YBR296C,0,-9.038033,0.09769055992364883,0.9977851510047913,0.9215946793556213
YIL101C,YNL339C,0,-9.03941,0.09767996519804001,0.9977851510047913,0.921705424785614
YHR070W,YLR435W,0,-9.041807,0.09766937792301178,0.9977851510047913,0.9218161702156067
YML067C,YDR529C,0,-9.0443,0.09765879064798355,0.9977851510047913,0.9219269156455994
YAL068C,YPL235W,0,-9.046709,0.09764820337295532,0.9977851510047913,0.922037661075592
YPL265W,YPL210C,0,-9.047926,0.09763762354850769,0.9977851510047913,0.9221484065055847
YDR283C,YBR118W,0,-9.051521,0.09762704372406006,0.9977851510047913,0.9222591519355774
YIL026C,YKL086W,0,-9.051874,0.09761647135019302,0.9977851510047913,0.9223698973655701
YPR144C,YEL004W,0,-9.052517,0.09760589152574539,0.9977851510047913,0.9224806427955627
YOR185C,YPL012W,0,-9.056677,0.09759531915187836,0.9977851510047913,0.9225913882255554
YER061C,YFR037C,0,-9.058693,0.09758474677801132,0.9977851510047913,0.9227021336555481
YDR256C,YNL163C,0,-9.059019,0.09757418185472488,0.9977851510047913,0.922812819480896
YPL078C,YNL294C,0,-9.060104,0.09756361693143845,0.9977851510047913,0.9229235649108887
YFR028C,YLR447C,0,-9.060791,0.09755305200815201,0.9977851510047913,0.9230343103408813
YDR077W,YAR008W,0,-9.061497,0.09754249453544617,0.9977851510047913,0.923145055770874
YLL019C,YJR068W,0,-9.061649,0.09753192961215973,0.9977851510047913,0.9232558012008667
YEL054C,YDR285W,0,-9.0649185,0.09752137959003448,0.9977851510047913,0.9233665466308594
YPL244C,YNL009W,0,-9.066536,0.09751082211732864,0.9977851510047913,0.923477292060852
YPR182W,YPL019C,0,-9.067999,0.0975002720952034,0.9977851510047913,0.9235880374908447
YDR077W,YPL232W,0,-9.068172,0.09748972207307816,0.9977851510047913,0.9236987829208374
YPL012W,YPL218W,0,-9.06958,0.09747917205095291,0.9977851510047913,0.9238095283508301
YNL245C,YNL339C,0,-9.070911,0.09746862947940826,0.9977851510047913,0.9239202737808228
YDL164C,YDR060W,0,-9.072231,0.09745808690786362,0.9977851510047913,0.9240310192108154
YLR155C,YBR055C,0,-9.073275,0.09744754433631897,0.9977851510047913,0.9241417646408081
YFR053C,YOR254C,0,-9.073708,0.09743700921535492,0.9977851510047913,0.9242525100708008
YGR041W,YPR133C,0,-9.074318,0.09742647409439087,0.9977851510047913,0.9243632555007935
YMR280C,YOR119C,0,-9.080833,0.09741593897342682,0.9977851510047913,0.9244740009307861
YNL118C,YNL126W,0,-9.080984,0.09740540385246277,0.9977851510047913,0.9245847463607788
YLR303W,YKL129C,0,-9.084766,0.09739487618207932,0.9977851510047913,0.9246954321861267
YOR381W,YLR048W,0,-9.085537,0.09738434851169586,0.9977851510047913,0.9248061776161194
YEL054C,YOL028C,0,-9.086554,0.097373828291893,0.9977851510047913,0.9249169230461121
YGL209W,YOR116C,0,-9.0870495,0.09736330062150955,0.9977851510047913,0.9250276684761047
YPL265W,YCR020W-B,0,-9.087433,0.0973527804017067,0.9977851510047913,0.9251384139060974
YBR022W,YJL089W,0,-9.087973,0.09734226763248444,0.9977851510047913,0.9252491593360901
YMR142C,YHR050W,0,-9.088633,0.09733174741268158,0.9977851510047913,0.9253599047660828
YGL183C,YMR260C,0,-9.095373,0.09732123464345932,0.9977851510047913,0.9254706501960754
YGR078C,YGR033C,0,-9.098307,0.09731072187423706,0.9977851510047913,0.9255813956260681
YCL043C,YDR545W,0,-9.098562,0.0973002165555954,0.9977851510047913,0.9256921410560608
YPR005C,YBR162C,0,-9.098795,0.09728971123695374,0.9977851510047913,0.9258028864860535
YKL082C,YDL159W,0,-9.101683,0.09727920591831207,0.9977851510047913,0.9259136319160461
YDL031W,YNL055C,0,-9.102232,0.09726870059967041,0.9977851510047913,0.9260243773460388
YPL078C,YOR103C,0,-9.102835,0.09725820273160934,0.9977851510047913,0.9261351227760315
YHR055C,YDR492W,0,-9.106873,0.09724770486354828,0.9977851510047913,0.9262458682060242
YGL253W,YLR106C,0,-9.10774,0.09723721444606781,0.9977851510047913,0.9263566136360168
YLR080W,YCR072C,0,-9.1100025,0.09722671657800674,0.9977851510047913,0.9264673590660095
YBR243C,YIR019C,0,-9.11009,0.09721622616052628,0.9977851510047913,0.9265780448913574
YGL089C,YKL057C,0,-9.112286,0.0972057431936264,0.9977851510047913,0.9266887903213501
YFL013C,YLR384C,0,-9.114843,0.09719525277614594,0.9977851510047913,0.9267995357513428
YDR122W,YDR312W,0,-9.118971,0.09718476980924606,0.9977851510047913,0.9269102811813354
YJL014W,YOR003W,0,-9.120644,0.09717428684234619,0.9977851510047913,0.9270210266113281
YIR019C,YLL011W,0,-9.122877,0.09716381132602692,0.9977851510047913,0.9271317720413208
YDR343C,YDL083C,0,-9.1240425,0.09715332835912704,0.9977851510047913,0.9272425174713135
YMR260C,YGR251W,0,-9.125938,0.09714286029338837,0.9977851510047913,0.9273532629013062
YBR274W,YOR340C,0,-9.126545,0.09713238477706909,0.9977851510047913,0.9274640083312988
YKL182W,YFL013C,0,-9.128103,0.09712191671133041,0.9977851510047913,0.9275747537612915
YPR006C,YDR515W,0,-9.128721,0.09711144864559174,0.9977851510047913,0.9276854991912842
YIL048W,YMR305C,0,-9.128742,0.09710098057985306,0.9977851510047913,0.9277962446212769
YBR055C,YDR412W,0,-9.128799,0.09709051996469498,0.9977851510047913,0.9279069900512695
YGR256W,YLR316C,0,-9.132336,0.0970800593495369,0.9977851510047913,0.9280177354812622
YOL124C,YDR495C,0,-9.134541,0.09706959873437881,0.9977851510047913,0.9281284809112549
YGR041W,YOL059W,0,-9.135645,0.09705913811922073,0.9977851510047913,0.9282392263412476
YGR188C,YDR198C,0,-9.13633,0.09704868495464325,0.9977851510047913,0.9283499717712402
YHR065C,YDR059C,0,-9.13866,0.09703823179006577,0.9977851510047913,0.9284606575965881
YBR117C,YLR043C,0,-9.14323,0.09702778607606888,0.9977851510047913,0.9285714030265808
YDR178W,YCR084C,0,-9.145842,0.0970173329114914,0.9977851510047913,0.9286821484565735
YCR028C,YER103W,0,-9.148354,0.0970068871974945,0.9977851510047913,0.9287928938865662
YDR317W,YGR244C,0,-9.152914,0.09699644893407822,0.9977851510047913,0.9289036393165588
YNL110C,YOR340C,0,-9.154875,0.09698600322008133,0.9977851510047913,0.9290143847465515
YNR058W,YHR026W,0,-9.155159,0.09697556495666504,0.9977851510047913,0.9291251301765442
YGL201C,YNL207W,0,-9.158922,0.09696513414382935,0.9977851510047913,0.9292358756065369
YNL271C,YER001W,0,-9.162342,0.09695469588041306,0.9977851510047913,0.9293466210365295
YOR267C,YHR001W-A,0,-9.166004,0.09694426506757736,0.9977851510047913,0.9294573664665222
YAR019C,YER006W,0,-9.167301,0.09693383425474167,0.9977851510047913,0.9295681118965149
YOL123W,YDL081C,0,-9.16902,0.09692341089248657,0.9977851510047913,0.9296788573265076
YEL018W,YDL051W,0,-9.169374,0.09691298007965088,0.9977851510047913,0.9297896027565002
YOL094C,YKL086W,0,-9.171608,0.09690255671739578,0.9977851510047913,0.9299003481864929
YEL034W,YGR004W,0,-9.172653,0.09689214080572128,0.9977851510047913,0.9300110936164856
YJL005W,YJL191W,0,-9.173756,0.09688171744346619,0.9977851510047913,0.9301218390464783
YDR284C,YJR070C,0,-9.174015,0.09687130153179169,0.9977851510047913,0.930232584476471
YKL170W,YJL116C,0,-9.175459,0.09686089307069778,0.9977851510047913,0.9303433299064636
YBR237W,YLR048W,0,-9.176249,0.09685047715902328,0.9977851510047913,0.9304540157318115
YMR199W,YLR032W,0,-9.176788,0.09684006869792938,0.9977851510047913,0.9305647611618042
YMR035W,YNL207W,0,-9.180168,0.09682966023683548,0.9977851510047913,0.9306755065917969
YML080W,YGL209W,0,-9.180225,0.09681925922632217,0.9977851510047913,0.9307862520217896
YCL044C,YOL127W,0,-9.183523,0.09680885076522827,0.9977851510047913,0.9308969974517822
YLR210W,YGL089C,0,-9.184847,0.09679844975471497,0.9977851510047913,0.9310077428817749
YHR055C,YDR343C,0,-9.188946,0.09678805619478226,0.9977851510047913,0.9311184883117676
YPL265W,YNL282W,0,-9.193598,0.09677765518426895,0.9977851510047913,0.9312292337417603
YGL226C-A,YBR117C,0,-9.194935,0.09676726162433624,0.9977851510047913,0.9313399791717529
YOR023C,YPR137W,0,-9.195103,0.09675687551498413,0.9977851510047913,0.9314507246017456
YLR048W,YDL159W,0,-9.19536,0.09674648195505142,0.9977851510047913,0.9315614700317383
YLR433C,YDL085W,0,-9.19548,0.09673609584569931,0.9977851510047913,0.931672215461731
YNL207W,YEL004W,0,-9.196655,0.0967257097363472,0.9977851510047913,0.9317829608917236
YNR001C,YLR060W,0,-9.196854,0.09671533107757568,0.9977851510047913,0.9318937063217163
YER119C,YDR086C,0,-9.1970215,0.09670494496822357,0.9977851510047913,0.932004451751709
YBR037C,YOL124C,0,-9.199022,0.09669456630945206,0.9977851510047913,0.9321151971817017
YNR058W,YBR207W,0,-9.201754,0.09668419510126114,0.9977851510047913,0.9322259426116943
YLR129W,YDR296W,0,-9.2020645,0.09667381644248962,0.9977851510047913,0.9323366284370422
YER082C,YGL210W,0,-9.203587,0.0966634452342987,0.9977851510047913,0.9324473738670349
YER025W,YBR231C,0,-9.205315,0.09665308147668839,0.9977851510047913,0.9325581192970276
YCL025C,YLR189C,0,-9.2059555,0.09664271026849747,0.9977851510047913,0.9326688647270203
YDR343C,YMR227C,0,-9.206625,0.09663234651088715,0.9977851510047913,0.9327796101570129
YKL016C,YKL188C,0,-9.208336,0.09662198275327682,0.9977851510047913,0.9328903555870056
YGR225W,YPL160W,0,-9.210608,0.0966116264462471,0.9977851510047913,0.9330011010169983
YER173W,YLR424W,0,-9.21316,0.09660126268863678,0.9977851510047913,0.933111846446991
YML081C-A,YHR092C,0,-9.214691,0.09659090638160706,0.9977851510047913,0.9332225918769836
YDL227C,YKL188C,0,-9.215063,0.09658055752515793,0.9977851510047913,0.9333333373069763
YOL059W,YGL226C-A,0,-9.217381,0.0965702012181282,0.9977851510047913,0.933444082736969
YEL034W,YDR296W,0,-9.218061,0.09655985236167908,0.9977851510047913,0.9335548281669617
YOR074C,YJL089W,0,-9.226532,0.09654950350522995,0.9977851510047913,0.9336655735969543
YJR013W,YER126C,0,-9.226656,0.09653916209936142,0.9977851510047913,0.933776319026947
YPL095C,YKL108W,0,-9.230465,0.09652882069349289,0.9977851510047913,0.9338870644569397
YFR033C,YHR006W,0,-9.231771,0.09651847928762436,0.9977851510047913,0.9339978098869324
YGR239C,YOR116C,0,-9.235371,0.09650813788175583,0.9977851510047913,0.934108555316925
YGR244C,YDR060W,0,-9.236179,0.0964978039264679,0.9977851510047913,0.934219241142273
YOL051W,YDR508C,0,-9.236992,0.09648746997117996,0.9977851510047913,0.9343299865722656
YGL191W,YDR508C,0,-9.245968,0.09647713601589203,0.9977851510047913,0.9344407320022583
YER107C,YDR412W,0,-9.247648,0.09646680951118469,0.9977851510047913,0.934551477432251
YEL009C,YLR196W,0,-9.2481785,0.09645648300647736,0.9977851510047913,0.9346622228622437
YLR418C,YOR178C,0,-9.24914,0.09644615650177002,0.9977851510047913,0.9347729682922363
YOL149W,YFR037C,0,-9.249243,0.09643583744764328,0.9977851510047913,0.934883713722229
YGR103W,YKR053C,0,-9.253302,0.09642551094293594,0.9977851510047913,0.9349944591522217
YER126C,YLR045C,0,-9.254522,0.0964151918888092,0.9977851510047913,0.9351052045822144
YPL167C,YLR048W,0,-9.255156,0.09640488028526306,0.9977851510047913,0.935215950012207
YLR052W,YDL081C,0,-9.25651,0.09639456868171692,0.9977851510047913,0.9353266954421997
YDR254W,YHR042W,0,-9.258827,0.09638424962759018,0.9977851510047913,0.9354374408721924
YIL065C,YPR041W,0,-9.26211,0.09637394547462463,0.9977851510047913,0.9355481863021851
YMR136W,YGL070C,0,-9.262629,0.09636363387107849,0.9977851510047913,0.9356589317321777
YDR037W,YDL093W,0,-9.262964,0.09635332971811295,0.9977851510047913,0.9357696771621704
YJL156C,YDR324C,0,-9.263552,0.0963430255651474,0.9977851510047913,0.9358804225921631
YGL226C-A,YHR065C,0,-9.265249,0.09633272886276245,0.9977851510047913,0.9359911680221558
YHR086W,YLR196W,0,-9.265343,0.0963224321603775,0.9977851510047913,0.9361018538475037
YML078W,YNL135C,0,-9.26646,0.09631213545799255,0.9977851510047913,0.9362125992774963
YDR101C,YHR070W,0,-9.267544,0.0963018387556076,0.9977851510047913,0.936323344707489
YBR296C,YGL205W,0,-9.272581,0.09629154950380325,0.9977851510047913,0.9364340901374817
YJL115W,YMR260C,0,-9.276478,0.0962812602519989,0.9977851510047913,0.9365448355674744
YDR312W,YDR325W,0,-9.277433,0.09627097100019455,0.9977851510047913,0.936655580997467
YNL110C,YLR447C,0,-9.2785,0.0962606817483902,0.9977851510047913,0.9367663264274597
YGR180C,YOR340C,0,-9.279476,0.09625039994716644,0.9977851510047913,0.9368770718574524
YJL208C,YOR089C,0,-9.280172,0.09624011814594269,0.9977851510047913,0.9369878172874451
YDR216W,YJL025W,0,-9.280493,0.09622984379529953,0.9977851510047913,0.9370985627174377
YMR128W,YNL279W,0,-9.2808075,0.09621956199407578,0.9977851510047913,0.9372093081474304
YJR059W,YNL207W,0,-9.280954,0.09620928764343262,0.9977851510047913,0.9373200535774231
YDR099W,YLR222C,0,-9.281181,0.09619902074337006,0.9977851510047913,0.9374307990074158
YNR053C,YAL011W,0,-9.284977,0.0961887463927269,0.9977851510047913,0.9375415444374084
YLR098C,YGL226C-A,0,-9.286276,0.09617847949266434,0.9977851510047913,0.9376522898674011
YDL081C,YFL004W,0,-9.289206,0.09616821259260178,0.9977851510047913,0.9377630352973938
YGR007W,YJR145C,0,-9.291811,0.09615795314311981,0.9977851510047913,0.9378737807273865
YPL063W,YNL247W,0,-9.294271,0.09614768624305725,0.9977851510047913,0.9379844665527344
YER167W,YLR316C,0,-9.295189,0.09613743424415588,0.9977851510047913,0.938095211982727
YLR060W,YNL073W,0,-9.29685,0.09612717479467392,0.9977851510047913,0.9382059574127197
YOR267C,YJL208C,0,-9.298239,0.09611692279577255,0.9977851510047913,0.9383167028427124
YGR152C,YNL339C,0,-9.301525,0.09610666334629059,0.9977851510047913,0.9384274482727051
YDR384C,YER149C,0,-9.304178,0.09609641879796982,0.9977851510047913,0.9385381937026978
YJR004C,YPL214C,0,-9.3048935,0.09608616679906845,0.9977851510047913,0.9386489391326904
YGL195W,YMR227C,0,-9.306393,0.09607592225074768,0.9977851510047913,0.9387596845626831
YDR216W,YLR043C,0,-9.308624,0.09606567770242691,0.9977851510047913,0.9388704299926758
YML080W,YDR508C,0,-9.309475,0.09605544060468674,0.9977851510047913,0.9389811754226685
YOR386W,YLR435W,0,-9.312204,0.09604519605636597,0.9977851510047913,0.9390919208526611
YEL009C,YEL056W,0,-9.312405,0.0960349589586258,0.9977851510047913,0.9392026662826538
YLR210W,YPL098C,0,-9.312725,0.09602472186088562,0.9977851510047913,0.9393134117126465
YER167W,YOR359W,0,-9.312874,0.09601449221372604,0.9977851510047913,0.9394241571426392
YJL102W,YNL099C,0,-9.315802,0.09600426256656647,0.9977851510047913,0.9395349025726318
YJL042W,YNL202W,0,-9.3168545,0.09599403291940689,0.9977851510047913,0.9396456480026245
YDL013W,YDL181W,0,-9.318306,0.09598381072282791,0.9977851510047913,0.9397563934326172
YMR136W,YOR267C,0,-9.31926,0.09597358107566833,0.9977851510047913,0.9398671388626099
YKL004W,YER119C,0,-9.320374,0.09596335887908936,0.9977851510047913,0.9399778246879578
YKR097W,YKL014C,0,-9.320837,0.09595314413309097,0.9977851510047913,0.9400885701179504
YGL209W,YLR222C,0,-9.32225,0.095942921936512,0.9977851510047913,0.9401993155479431
YDR060W,YGL236C,0,-9.324114,0.09593270719051361,0.9977851510047913,0.9403100609779358
YNR058W,YDR412W,0,-9.324406,0.09592249244451523,0.9977851510047913,0.9404208064079285
YPL015C,YPR036W,0,-9.324657,0.09591228514909744,0.9977851510047913,0.9405315518379211
YPR083W,YGL246C,0,-9.328894,0.09590207785367966,0.9977851510047913,0.9406422972679138
YOR328W,YCR033W,0,-9.331509,0.09589187055826187,0.9977851510047913,0.9407530426979065
YEL054C,YOR359W,0,-9.333122,0.09588166326284409,0.9977851510047913,0.9408637881278992
YOL040C,YMR305C,0,-9.3358135,0.0958714634180069,0.9977851510047913,0.9409745335578918
YDL024C,YGR239C,0,-9.336809,0.09586126357316971,0.9977851510047913,0.9410852789878845
YEL054C,YDL159W,0,-9.337866,0.09585106372833252,0.9977851510047913,0.9411960244178772
YNL073W,YPL237W,0,-9.33886,0.09584087133407593,0.9977851510047913,0.9413067698478699
YPR006C,YGR180C,0,-9.339361,0.09583067148923874,0.9977851510047913,0.9414175152778625
YGR239C,YMR095C,0,-9.3394375,0.09582048654556274,0.9977851510047913,0.9415282607078552
YGR249W,YKL057C,0,-9.339848,0.09581029415130615,0.9977851510047913,0.9416390061378479
YGR244C,YOR340C,0,-9.341326,0.09580010920763016,0.9977851510047913,0.9417497515678406
YJL116C,YMR285C,0,-9.341326,0.09578992426395416,0.9977851510047913,0.9418604373931885
YPL178W,YPR154W,0,-9.341682,0.09577973932027817,0.9977851510047913,0.9419711828231812
YDR013W,YJR145C,0,-9.342136,0.09576955437660217,0.9977851510047913,0.9420819282531738
YPL265W,YDR011W,0,-9.342796,0.09575937688350677,0.9977851510047913,0.9421926736831665
YER126C,YGL045W,0,-9.34639,0.09574919939041138,0.9977851510047913,0.9423034191131592
YGL183C,YLR196W,0,-9.349014,0.09573902934789658,0.9977851510047913,0.9424141645431519
YKL182W,YKL188C,0,-9.355001,0.09572885930538177,0.9977851510047913,0.9425249099731445
YKL086W,YGR082W,0,-9.355234,0.09571868926286697,0.9977851510047913,0.9426356554031372
YMR199W,YDL024C,0,-9.355793,0.09570851922035217,0.9977851510047913,0.9427464008331299
YFL014W,YDL058W,0,-9.355988,0.09569835662841797,0.9977851510047913,0.9428571462631226
YAR014C,YDR481C,0,-9.357096,0.09568819403648376,0.9977851510047913,0.9429678916931152
YHR001W-A,YGR013W,0,-9.3582535,0.09567803144454956,0.9977851510047913,0.9430786371231079
YER118C,YDR285W,0,-9.361378,0.09566786885261536,0.9977851510047913,0.9431893825531006
YPR191W,YNL049C,0,-9.366035,0.09565771371126175,0.9977851510047913,0.9433001279830933
YLR080W,YGR257C,0,-9.367601,0.09564755856990814,0.9977851510047913,0.9434108734130859
YPL244C,YOR116C,0,-9.3686695,0.09563740342855453,0.9977851510047913,0.9435216188430786
YLR384C,YDR013W,0,-9.370075,0.09562725573778152,0.9977851510047913,0.9436323642730713
YDL014W,YOL006C,0,-9.371248,0.09561710804700851,0.9977851510047913,0.9437430500984192
YHR092C,YJR070C,0,-9.37356,0.0956069603562355,0.9977851510047913,0.9438537955284119
YGL205W,YDR324C,0,-9.374441,0.09559682011604309,0.9977851510047913,0.9439645409584045
YFR053C,YOR328W,0,-9.37929,0.09558667242527008,0.9977851510047913,0.9440752863883972
YOL082W,YDR312W,0,-9.380093,0.09557653218507767,0.9977851510047913,0.9441860318183899
YLR394W,YPR183W,0,-9.385401,0.09556639939546585,0.9977851510047913,0.9442967772483826
YGL178W,YBR022W,0,-9.386084,0.09555625915527344,0.9977851510047913,0.9444075226783752
YDL192W,YER119C,0,-9.387539,0.09554612636566162,0.9977851510047913,0.9445182681083679
YIL115C,YEL054C,0,-9.38781,0.0955360010266304,0.9977851510047913,0.9446290135383606
YDL181W,YGR103W,0,-9.391411,0.09552586823701859,0.9977851510047913,0.9447397589683533
YDR343C,YNL294C,0,-9.391594,0.09551574289798737,0.9977851510047913,0.944850504398346
YJR089W,YDR120C,0,-9.393826,0.09550561755895615,0.9977851510047913,0.9449612498283386
YPL244C,YGR239C,0,-9.4038105,0.09549549221992493,0.9977851510047913,0.9450719952583313
YBR247C,YOL051W,0,-9.404835,0.0954853743314743,0.9977851510047913,0.945182740688324
YER167W,YPR144C,0,-9.408003,0.09547525644302368,0.9977851510047913,0.9452934861183167
YMR285C,YLR435W,0,-9.409185,0.09546513855457306,0.9977851510047913,0.9454042315483093
YPR137W,YKR053C,0,-9.4136505,0.09545502811670303,0.9977851510047913,0.945514976978302
YJL208C,YPL019C,0,-9.41716,0.09544491767883301,0.9977851510047913,0.9456256628036499
YJR135C,YMR260C,0,-9.423748,0.09543480724096298,0.9977851510047913,0.9457364082336426
YML081C-A,YNR058W,0,-9.428835,0.09542469680309296,0.9977851510047913,0.9458471536636353
YJL102W,YOR332W,0,-9.434105,0.09541459381580353,0.9977851510047913,0.9459578990936279
YKL129C,YKL082C,0,-9.436407,0.0954044908285141,0.9977851510047913,0.9460686445236206
YMR208W,YGL089C,0,-9.43788,0.09539438784122467,0.9977851510047913,0.9461793899536133
YPL008W,YDL181W,0,-9.439276,0.09538429230451584,0.9977851510047913,0.946290135383606
YGL070C,YJR049C,0,-9.442425,0.09537418931722641,0.9977851510047913,0.9464008808135986
YLR435W,YKL014C,0,-9.447611,0.09536410123109818,0.9977851510047913,0.9465116262435913
YML055W,YKL014C,0,-9.452009,0.09535400569438934,0.9977851510047913,0.946622371673584
YPL244C,YGR129W,0,-9.455463,0.09534391760826111,0.9977851510047913,0.9467331171035767
YOL011W,YHR001W-A,0,-9.457054,0.09533382952213287,0.9977851510047913,0.9468438625335693
YKL054C,YBR201W,1,-9.463064,0.09542953968048096,0.998892605304718,0.9468438625335693
YPL235W,YKR056W,0,-9.466063,0.09541944414377213,0.998892605304718,0.946954607963562
YDL031W,YNL282W,0,-9.470608,0.0954093486070633,0.998892605304718,0.9470653533935547
YGL211W,YKL057C,0,-9.47303,0.09539926052093506,0.998892605304718,0.9471760988235474
YPL265W,YLR181C,0,-9.474058,0.09538917243480682,0.998892605304718,0.94728684425354
YLR384C,YKL173W,0,-9.480688,0.09537908434867859,0.998892605304718,0.9473975896835327
YDR122W,YDL051W,0,-9.483601,0.09536899626255035,0.998892605304718,0.9475083351135254
YPL187W,YPR137W,0,-9.4935875,0.09535891562700272,0.998892605304718,0.9476190209388733
YIL026C,YGR103W,0,-9.495304,0.09534883499145508,0.998892605304718,0.947729766368866
YEL034W,YNR053C,0,-9.496887,0.09533876180648804,0.998892605304718,0.9478405117988586
YDL227C,YGR008C,0,-9.497028,0.0953286811709404,0.998892605304718,0.9479512572288513
YFR028C,YJL116C,0,-9.501398,0.09531860798597336,0.998892605304718,0.948062002658844
YNR053C,YDR369C,0,-9.502359,0.09530853480100632,0.998892605304718,0.9481727480888367
YDL181W,YDR030C,0,-9.507727,0.09529846906661987,0.998892605304718,0.9482834935188293
YGL253W,YKR082W,0,-9.510986,0.09528840333223343,0.998892605304718,0.948394238948822
YML060W,YPL243W,0,-9.511642,0.09527833759784698,0.998892605304718,0.9485049843788147
YPR182W,YGL212W,0,-9.516645,0.09526827186346054,0.998892605304718,0.9486157298088074
YHR001W-A,YOR224C,0,-9.517153,0.0952582135796547,0.998892605304718,0.9487264752388
YKL113C,YEL024W,0,-9.519625,0.09524815529584885,0.998892605304718,0.9488372206687927
YCL025C,YCR060W,0,-9.520802,0.095238097012043,0.998892605304718,0.9489479660987854
YJL014W,YLR106C,0,-9.524858,0.09522803872823715,0.998892605304718,0.9490587115287781
YEL015W,YML094W,0,-9.527994,0.0952179878950119,0.998892605304718,0.9491694569587708
YPR007C,YOL127W,0,-9.52947,0.09520793706178665,0.998892605304718,0.9492802023887634
YMR136W,YLR447C,0,-9.532131,0.0951978862285614,0.998892605304718,0.9493909478187561
YMR211W,YNL292W,0,-9.540575,0.09518784284591675,0.998892605304718,0.949501633644104
YIL150C,YGR239C,0,-9.541891,0.0951777994632721,0.998892605304718,0.9496123790740967
YJL102W,YNR053C,0,-9.544249,0.09516775608062744,0.998892605304718,0.9497231245040894
YER116C,YDR324C,0,-9.544859,0.09515772014856339,0.998892605304718,0.949833869934082
YJL014W,YPL265W,0,-9.54608,0.09514767676591873,0.998892605304718,0.9499446153640747
YJL014W,YLL035W,0,-9.552252,0.09513764083385468,0.998892605304718,0.9500553607940674
YER142C,YDR429C,0,-9.559223,0.09512761235237122,0.998892605304718,0.9501661062240601
YOL051W,YKL099C,0,-9.560745,0.09511757642030716,0.998892605304718,0.9502768516540527
YGL253W,YKL014C,0,-9.5617695,0.0951075479388237,0.998892605304718,0.9503875970840454
YNL135C,YJR049C,0,-9.56484,0.09509751945734024,0.998892605304718,0.9504983425140381
YDR384C,YDR135C,0,-9.567074,0.09508749842643738,0.998892605304718,0.9506090879440308
YPL031C,YBR162C,0,-9.574198,0.09507747739553452,0.998892605304718,0.9507198333740234
YCR014C,YPL237W,0,-9.5760765,0.09506745636463165,0.998892605304718,0.9508305788040161
YCL024W,YPL019C,0,-9.585644,0.09505743533372879,0.998892605304718,0.9509413242340088
YER107C,YOL094C,0,-9.588087,0.09504742175340652,0.998892605304718,0.9510520696640015
YNL055C,YHR014W,0,-9.592966,0.09503740072250366,0.998892605304718,0.9511628150939941
YLR189C,YDR077W,0,-9.593575,0.095027394592762,0.998892605304718,0.9512735605239868
YDR101C,YKL214C,0,-9.593645,0.09501738101243973,0.998892605304718,0.9513842463493347
YBR023C,YMR128W,0,-9.594769,0.09500737488269806,0.998892605304718,0.9514949917793274
YLR303W,YKR059W,0,-9.5973015,0.09499736875295639,0.998892605304718,0.9516057372093201
YLR206W,YEL054C,0,-9.598227,0.09498736262321472,0.998892605304718,0.9517164826393127
YHR001W-A,YDR059C,0,-9.605396,0.09497736394405365,0.998892605304718,0.9518272280693054
YDR384C,YJR004C,0,-9.606363,0.09496736526489258,0.998892605304718,0.9519379734992981
YJL157C,YBL033C,0,-9.607405,0.0949573665857315,0.998892605304718,0.9520487189292908
YKL149C,YFL014W,0,-9.610704,0.09494736790657043,0.998892605304718,0.9521594643592834
YKL009W,YNL099C,0,-9.611244,0.09493737667798996,0.998892605304718,0.9522702097892761
YER126C,YLR316C,0,-9.619547,0.09492738544940948,0.998892605304718,0.9523809552192688
YJL080C,YFL008W,0,-9.623184,0.09491739422082901,0.998892605304718,0.9524917006492615
YKL016C,YGR103W,0,-9.626795,0.09490741044282913,0.998892605304718,0.9526024460792542
YMR212C,YDR529C,0,-9.632988,0.09489741921424866,0.998892605304718,0.9527131915092468
YEL024W,YDR285W,0,-9.634869,0.09488744288682938,0.998892605304718,0.9528239369392395
YAR014C,YPR190C,0,-9.635538,0.0948774591088295,0.998892605304718,0.9529346823692322
YJL042W,YGR078C,0,-9.637468,0.09486748278141022,0.998892605304718,0.9530454277992249
YHR092C,YDR059C,0,-9.642071,0.09485750645399094,0.998892605304718,0.9531561732292175
YDR101C,YJR145C,0,-9.648493,0.09484753012657166,0.998892605304718,0.9532668590545654
YGR129W,YKR056W,0,-9.650669,0.09483755379915237,0.998892605304718,0.9533776044845581
YDR059C,YOR270C,0,-9.652782,0.09482758492231369,0.998892605304718,0.9534883499145508
YJL116C,YBR162C,0,-9.656368,0.094817616045475,0.998892605304718,0.9535990953445435
YMR227C,YMR260C,0,-9.657328,0.09480765461921692,0.998892605304718,0.9537098407745361
YPL231W,YIR041W,0,-9.660597,0.09479768574237823,0.998892605304718,0.9538205862045288
YDL014W,YGR078C,0,-9.660913,0.09478772431612015,0.998892605304718,0.9539313316345215
YPL008W,YDR343C,0,-9.672447,0.09477776288986206,0.998892605304718,0.9540420770645142
YDR101C,YKR082W,0,-9.67247,0.09476780891418457,0.998892605304718,0.9541528224945068
YDL164C,YPL237W,0,-9.672901,0.09475785493850708,0.998892605304718,0.9542635679244995
YBR288C,YDR101C,0,-9.67347,0.09474790096282959,0.998892605304718,0.9543743133544922
YPL061W,YOR178C,0,-9.676252,0.0947379469871521,0.998892605304718,0.9544850587844849
YBR296C,YLR362W,0,-9.681671,0.0947280004620552,0.998892605304718,0.9545958042144775
YDL198C,YDL188C,0,-9.682161,0.09471805393695831,0.998892605304718,0.9547065496444702
YDL181W,YPR155C,0,-9.6860695,0.09470810741186142,0.998892605304718,0.9548172950744629
YOR137C,YCR053W,0,-9.691,0.09469816088676453,0.998892605304718,0.9549280405044556
YGL094C,YMR142C,0,-9.69293,0.09468822181224823,0.998892605304718,0.9550387859344482
YPL026C,YLR222C,0,-9.695183,0.09467828273773193,0.998892605304718,0.9551495313644409
YGL174W,YLR196W,0,-9.697586,0.09466834366321564,0.998892605304718,0.9552602171897888
YDL083C,YDR246W,0,-9.705402,0.09465841203927994,0.998892605304718,0.9553709626197815
YOR046C,YKL043W,0,-9.705854,0.09464848041534424,0.998892605304718,0.9554817080497742
YER173W,YLR222C,0,-9.706923,0.09463854879140854,0.998892605304718,0.9555924534797668
YPR190C,YPL203W,0,-9.71818,0.09462861716747284,0.998892605304718,0.9557031989097595
YKL129C,YER165W,0,-9.719822,0.09461869299411774,0.998892605304718,0.9558139443397522
YNL097C,YOL097C,0,-9.727697,0.09460876882076263,0.998892605304718,0.9559246897697449
YOL080C,YDR292C,0,-9.72974,0.09459884464740753,0.998892605304718,0.9560354351997375
YLR129W,YMR065W,0,-9.735441,0.09458892792463303,0.998892605304718,0.9561461806297302
YAL054C,YOR074C,0,-9.737497,0.09457901120185852,0.998892605304718,0.9562569260597229
YGL253W,YGL236C,0,-9.738554,0.09456909447908401,0.998892605304718,0.9563676714897156
YNL009W,YPR041W,0,-9.739193,0.09455917775630951,0.998892605304718,0.9564784169197083
YPL274W,YBR083W,0,-9.740097,0.0945492684841156,0.998892605304718,0.9565891623497009
YDL197C,YJR070C,0,-9.7410965,0.09453935921192169,0.998892605304718,0.9566999077796936
YNL097C,YPR190C,0,-9.744793,0.09452944993972778,0.998892605304718,0.9568106532096863
YGL253W,YGR195W,0,-9.74921,0.09451954066753387,0.998892605304718,0.956921398639679
YJL116C,YKL113C,0,-9.749989,0.09450963884592056,0.998892605304718,0.9570321440696716
YPL274W,YKR053C,0,-9.751316,0.09449973702430725,0.998892605304718,0.9571428298950195
YOL123W,YKL014C,0,-9.75354,0.09448983520269394,0.998892605304718,0.9572535753250122
YER118C,YBR117C,0,-9.758348,0.09447994083166122,0.998892605304718,0.9573643207550049
YGR078C,YPL210C,0,-9.766146,0.09447004646062851,0.998892605304718,0.9574750661849976
YER053C,YGL030W,0,-9.771658,0.0944601520895958,0.998892605304718,0.9575858116149902
YML080W,YDL198C,0,-9.7717,0.09445026516914368,0.998892605304718,0.9576965570449829
YGL191W,YNL294C,0,-9.775745,0.09444037079811096,0.998892605304718,0.9578073024749756
YOL086C,YJL071W,0,-9.776981,0.09443048387765884,0.998892605304718,0.9579180479049683
YLR129W,YCR083W,0,-9.781012,0.09442060440778732,0.998892605304718,0.9580287933349609
YMR218C,YNL339C,0,-9.783943,0.0944107174873352,0.998892605304718,0.9581395387649536
YGR159C,YOL124C,0,-9.788084,0.09440083801746368,0.998892605304718,0.9582502841949463
YOL080C,YBR037C,0,-9.789862,0.09439095854759216,0.998892605304718,0.958361029624939
YPR201W,YDR443C,0,-9.791334,0.09438107907772064,0.998892605304718,0.9584717750549316
YNR027W,YDL198C,0,-9.796993,0.09437120705842972,0.998892605304718,0.9585825204849243
YER126C,YLR136C,0,-9.797274,0.0943613350391388,0.998892605304718,0.958693265914917
YEL061C,YDR245W,0,-9.802296,0.09435146301984787,0.998892605304718,0.9588040113449097
YAL055W,YOL040C,0,-9.803854,0.09434159845113754,0.998892605304718,0.9589147567749023
YGL043W,YDL198C,0,-9.806599,0.09433172643184662,0.998892605304718,0.9590254426002502
YPR167C,YER165W,0,-9.808912,0.09432186186313629,0.998892605304718,0.9591361880302429
YOL080C,YDR120C,0,-9.814281,0.09431200474500656,0.998892605304718,0.9592469334602356
YDL051W,YLR303W,0,-9.820877,0.09430214017629623,0.998892605304718,0.9593576788902283
YPR190C,YFL004W,0,-9.829588,0.0942922830581665,0.998892605304718,0.959468424320221
YOR328W,YDR077W,0,-9.835514,0.09428242594003677,0.998892605304718,0.9595791697502136
YPL244C,YPR190C,0,-9.839369,0.09427257627248764,0.998892605304718,0.9596899151802063
YGR239C,YHR014W,0,-9.839939,0.09426272660493851,0.998892605304718,0.959800660610199
YNR027W,YGR239C,0,-9.841387,0.09425287693738937,0.998892605304718,0.9599114060401917
YOL158C,YGR211W,0,-9.847372,0.09424302726984024,0.998892605304718,0.9600221514701843
YNL279W,YEL054C,0,-9.849386,0.09423317760229111,0.998892605304718,0.960132896900177
YEL034W,YNL202W,0,-9.852774,0.09422333538532257,0.998892605304718,0.9602436423301697
YGR145W,YCR075C,0,-9.855915,0.09421349316835403,0.998892605304718,0.9603543877601624
YBR243C,YJL116C,0,-9.857721,0.0942036584019661,0.998892605304718,0.960465133190155
YNL163C,YEL050C,0,-9.864933,0.09419381618499756,0.998892605304718,0.9605758786201477
YFL022C,YGR256W,0,-9.868336,0.09418398141860962,0.998892605304718,0.9606866240501404
YPR155C,YBR196C,0,-9.870741,0.09417414665222168,0.998892605304718,0.9607973694801331
YDL085W,YJR042W,0,-9.87553,0.09416431933641434,0.998892605304718,0.960908055305481
YDR216W,YER082C,0,-9.876694,0.094154492020607,0.998892605304718,0.9610188007354736
YNL055C,YKL086W,0,-9.884056,0.09414466470479965,0.998892605304718,0.9611295461654663
YLR196W,YIL056W,0,-9.885086,0.09413483738899231,0.998892605304718,0.961240291595459
YGL089C,YBR035C,0,-9.887432,0.09412501007318497,0.998892605304718,0.9613510370254517
YEL034W,YNL110C,0,-9.892113,0.09411519020795822,0.998892605304718,0.9614617824554443
YOL127W,YOL124C,0,-9.895493,0.09410537034273148,0.998892605304718,0.961572527885437
YJR013W,YPL237W,0,-9.8971615,0.09409555792808533,0.998892605304718,0.9616832733154297
YKL009W,YDR276C,0,-9.897354,0.09408573806285858,0.998892605304718,0.9617940187454224
YMR035W,YLR222C,0,-9.902109,0.09407592564821243,0.998892605304718,0.961904764175415
YGR188C,YOR119C,0,-9.905272,0.09406612068414688,0.998892605304718,0.9620155096054077
YKL009W,YJL179W,0,-9.9080925,0.09405630826950073,0.998892605304718,0.9621262550354004
YDR216W,YGR239C,0,-9.908289,0.09404650330543518,0.998892605304718,0.9622370004653931
YER001W,YBR237W,0,-9.909458,0.09403669834136963,0.998892605304718,0.9623477458953857
YNR058W,YGR098C,0,-9.909845,0.09402689337730408,0.998892605304718,0.9624584913253784
YMR162C,YPR144C,0,-9.917252,0.09401709586381912,0.998892605304718,0.9625692367553711
YCR086W,YBR196C,0,-9.920111,0.09400729835033417,0.998892605304718,0.9626799821853638
YMR280C,YNL129W,0,-9.921997,0.09399750083684921,0.998892605304718,0.9627906680107117
YCL025C,YLR424W,0,-9.9223995,0.09398770332336426,0.998892605304718,0.9629014134407043
YOR185C,YHR092C,0,-9.92448,0.0939779132604599,0.998892605304718,0.963012158870697
YPL115C,YMR128W,0,-9.92524,0.09396812319755554,0.998892605304718,0.9631229043006897
YER167W,YDL051W,0,-9.92701,0.09395833313465118,0.998892605304718,0.9632336497306824
YMR280C,YPR094W,0,-9.931313,0.09394855052232742,0.998892605304718,0.963344395160675
YHR065C,YKR056W,0,-9.935799,0.09393876045942307,0.998892605304718,0.9634551405906677
YFR019W,YJL191W,0,-9.939165,0.0939289778470993,0.998892605304718,0.9635658860206604
YER183C,YPL098C,0,-9.942888,0.09391920268535614,0.998892605304718,0.9636766314506531
YER025W,YDR120C,0,-9.944874,0.09390942007303238,0.998892605304718,0.9637873768806458
YBR023C,YOR328W,0,-9.945412,0.09389964491128922,0.998892605304718,0.9638981223106384
YPL008W,YJR070C,0,-9.946896,0.09388986974954605,0.998892605304718,0.9640088677406311
YFR053C,YGR009C,0,-9.948128,0.09388010203838348,0.998892605304718,0.9641196131706238
YFL013C,YGL030W,0,-9.949629,0.09387032687664032,0.998892605304718,0.9642303586006165
YJR070C,YCR026C,0,-9.950607,0.09386055916547775,0.998892605304718,0.9643411040306091
YLR303W,YOR328W,0,-9.9561825,0.09385079890489578,0.998892605304718,0.9644518494606018
YDR254W,YDL014W,0,-9.956915,0.09384103119373322,0.998892605304718,0.9645625948905945
YDL085W,YDR312W,0,-9.958118,0.09383127093315125,0.998892605304718,0.9646733403205872
YNR058W,YPL274W,0,-9.960909,0.09382151067256927,0.998892605304718,0.9647840261459351
YDL031W,YOL006C,0,-9.961079,0.0938117504119873,0.998892605304718,0.9648947715759277
YGR004W,YNL126W,0,-9.966433,0.09380199760198593,0.998892605304718,0.9650055170059204
YLR196W,YOR332W,0,-9.967091,0.09379224479198456,0.998892605304718,0.9651162624359131
YMR212C,YDL014W,0,-9.968807,0.09378249198198318,0.998892605304718,0.9652270078659058
YNL110C,YEL004W,0,-9.971277,0.09377273917198181,0.998892605304718,0.9653377532958984
YHR001W-A,YJR052W,0,-9.977066,0.09376299381256104,0.998892605304718,0.9654484987258911
YDL031W,YPL126W,0,-9.979057,0.09375324845314026,0.998892605304718,0.9655592441558838
YBR185C,YPL026C,0,-9.979153,0.09374350309371948,0.998892605304718,0.9656699895858765
YEL036C,YNL207W,0,-9.979446,0.0937337651848793,0.998892605304718,0.9657807350158691
YOR178C,YML031W,0,-9.981157,0.09372401982545853,0.998892605304718,0.9658914804458618
YCL025C,YDR060W,0,-9.98391,0.09371428936719894,0.998892605304718,0.9660022258758545
YJL024C,YJR145C,0,-9.984053,0.09370455145835876,0.998892605304718,0.9661129713058472
YJL006C,YNL279W,0,-9.98785,0.09369481354951859,0.998892605304718,0.9662237167358398
YBR102C,YLR048W,0,-9.991449,0.093685083091259,0.998892605304718,0.9663344621658325
YKL009W,YGR009C,0,-9.994991,0.09367535263299942,0.998892605304718,0.9664452075958252
YDR077W,YLR316C,0,-9.997692,0.09366562962532043,0.998892605304718,0.9665559530258179
YPL061W,YGR078C,0,-9.998327,0.09365589916706085,0.998892605304718,0.9666666388511658
YGL089C,YPR137W,0,-10.006929,0.09364617615938187,0.998892605304718,0.9667773842811584
YMR012W,YER103W,0,-10.011126,0.09363646060228348,0.998892605304718,0.9668881297111511
YDR037W,YJL116C,0,-10.014671,0.09362673759460449,0.998892605304718,0.9669988751411438
YFR053C,YMR137C,0,-10.025776,0.0936170220375061,0.998892605304718,0.9671096205711365
YJR004C,YPL274W,0,-10.0259285,0.09360730648040771,0.998892605304718,0.9672203660011292
YJR004C,YDR324C,0,-10.029142,0.09359759092330933,0.998892605304718,0.9673311114311218
YPL210C,YPL237W,0,-10.029253,0.09358788281679153,0.998892605304718,0.9674418568611145
YLR196W,YKR001C,0,-10.0324135,0.09357817471027374,0.998892605304718,0.9675526022911072
YJR042W,YGL205W,0,-10.032793,0.09356846660375595,0.998892605304718,0.9676633477210999
YDR254W,YLR435W,0,-10.033129,0.09355875849723816,0.998892605304718,0.9677740931510925
YER165W,YJL128C,0,-10.036362,0.09354905784130096,0.998892605304718,0.9678848385810852
YJL157C,YOL010W,0,-10.042017,0.09353935718536377,0.998892605304718,0.9679955840110779
YIR041W,YDR129C,0,-10.048,0.09352965652942657,0.998892605304718,0.9681063294410706
YDR508C,YBL093C,0,-10.048456,0.09351995587348938,0.998892605304718,0.9682170748710632
YER167W,YPL095C,0,-10.054844,0.09351026266813278,0.998892605304718,0.9683278203010559
YER001W,YJL191W,0,-10.062746,0.09350056946277618,0.998892605304718,0.9684385657310486
YAR008W,YLL011W,0,-10.064283,0.09349087625741959,0.998892605304718,0.9685492515563965
YPL265W,YER126C,0,-10.067457,0.09348119050264359,0.998892605304718,0.9686599969863892
YBR118W,YOL097C,0,-10.073181,0.09347150474786758,0.998892605304718,0.9687707424163818
YLR048W,YKL014C,0,-10.07337,0.09346181899309158,0.998892605304718,0.9688814878463745
YBR247C,YLR134W,0,-10.07799,0.09345213323831558,0.998892605304718,0.9689922332763672
YOL059W,YDR492W,0,-10.078634,0.09344245493412018,0.998892605304718,0.9691029787063599
YLR196W,YFL008W,0,-10.079374,0.09343277662992477,0.998892605304718,0.9692137241363525
YER107C,YKL009W,0,-10.086346,0.09342309832572937,0.998892605304718,0.9693244695663452
YGL089C,YEL024W,0,-10.090763,0.09341342002153397,0.998892605304718,0.9694352149963379
YDR529C,YCR083W,0,-10.0924,0.09340374916791916,0.998892605304718,0.9695459604263306
YDR492W,YHR070W,0,-10.097723,0.09339407831430435,0.998892605304718,0.9696567058563232
YBR020W,YML094W,0,-10.103571,0.09338440746068954,0.998892605304718,0.9697674512863159
YNL286W,YCR033W,0,-10.104891,0.09337474405765533,0.998892605304718,0.9698781967163086
YPL012W,YKL173W,0,-10.106134,0.09336507320404053,0.998892605304718,0.9699889421463013
YDL181W,YMR218C,0,-10.112463,0.09335540980100632,0.998892605304718,0.970099687576294
YGR239C,YNL279W,0,-10.115261,0.0933457538485527,0.998892605304718,0.9702104330062866
YLR129W,YPL262W,0,-10.118145,0.0933360904455185,0.998892605304718,0.9703211784362793
YPR006C,YFR033C,0,-10.119305,0.09332643449306488,0.998892605304718,0.9704318642616272
YDL181W,YGL243W,0,-10.130573,0.09331677854061127,0.998892605304718,0.9705426096916199
YOR036W,YOR224C,0,-10.133186,0.09330713003873825,0.998892605304718,0.9706533551216125
YAL054C,YML127W,0,-10.136658,0.09329747408628464,0.998892605304718,0.9707641005516052
YPL063W,YDR285W,0,-10.163422,0.09328782558441162,0.998892605304718,0.9708748459815979
YBL093C,YGL169W,0,-10.165733,0.0932781770825386,0.998892605304718,0.9709855914115906
YFL014W,YJL080C,0,-10.165798,0.09326853603124619,0.998892605304718,0.9710963368415833
YKL074C,YJR145C,0,-10.168112,0.09325889497995377,0.998892605304718,0.9712070822715759
YOL124C,YJL012C,0,-10.1688175,0.09324925392866135,0.998892605304718,0.9713178277015686
YDL081C,YKL086W,0,-10.169674,0.09323961287736893,0.998892605304718,0.9714285731315613
YKR056W,YOR359W,0,-10.170277,0.09322997182607651,0.998892605304718,0.971539318561554
YDR492W,YJR049C,0,-10.173166,0.09322033822536469,0.998892605304718,0.9716500639915466
YLR106C,YKL082C,0,-10.182457,0.09321070462465286,0.998892605304718,0.9717608094215393
YOR178C,YDR011W,0,-10.185886,0.09320107102394104,0.998892605304718,0.971871554851532
YKL182W,YGR211W,0,-10.189665,0.09319144487380981,0.998892605304718,0.9719823002815247
YMR213W,YLR384C,0,-10.190701,0.09318181872367859,0.998892605304718,0.9720930457115173
YNL004W,YGR129W,0,-10.191364,0.09317219257354736,0.998892605304718,0.97220379114151
YNL149C,YLR196W,0,-10.1954365,0.09316256642341614,0.998892605304718,0.9723145365715027
YLR155C,YGR082W,0,-10.199554,0.09315294772386551,0.998892605304718,0.9724252223968506
YJR074W,YJR049C,0,-10.200277,0.09314332902431488,0.998892605304718,0.9725359678268433
YPR144C,YKR082W,0,-10.210632,0.09313371032476425,0.998892605304718,0.9726467132568359
YNL202W,YLR045C,0,-10.212526,0.09312409907579422,0.998892605304718,0.9727574586868286
YNL135C,YPL026C,0,-10.215897,0.09311448037624359,0.998892605304718,0.9728682041168213
YOR254C,YMR260C,0,-10.217703,0.09310486912727356,0.998892605304718,0.972978949546814
YNL009W,YKR053C,0,-10.219229,0.09309526532888412,0.998892605304718,0.9730896949768066
YBR247C,YHR065C,0,-10.220682,0.09308565407991409,0.998892605304718,0.9732004404067993
YGR159C,YMR016C,0,-10.232241,0.09307605028152466,0.998892605304718,0.973311185836792
YPL098C,YJR068W,0,-10.234756,0.09306644648313522,0.998892605304718,0.9734219312667847
YML060W,YPL210C,0,-10.235628,0.09305684268474579,0.998892605304718,0.9735326766967773
YFR037C,YCR083W,0,-10.240807,0.09304724633693695,0.998892605304718,0.97364342212677
YBR296C,YHR026W,0,-10.24432,0.09303764998912811,0.998892605304718,0.9737541675567627
YPL095C,YGR256W,0,-10.246025,0.09302805364131927,0.998892605304718,0.9738649129867554
YFR019W,YPR154W,0,-10.255749,0.09301845729351044,0.998892605304718,0.973975658416748
YDR216W,YNL001W,0,-10.259226,0.0930088683962822,0.998892605304718,0.9740864038467407
YOR112W,YGL070C,0,-10.261309,0.09299927949905396,0.998892605304718,0.9741971492767334
YPL146C,YPL063W,0,-10.263437,0.09298969060182571,0.998892605304718,0.9743078351020813
YPL160W,YGL236C,0,-10.264515,0.09298010170459747,0.998892605304718,0.974418580532074
YLR316C,YBR117C,0,-10.272741,0.09297052025794983,0.998892605304718,0.9745293259620667
YDR079W,YKR053C,0,-10.276154,0.09296093881130219,0.998892605304718,0.9746400713920593
YBR089C-A,YLR222C,0,-10.288567,0.09295135736465454,0.998892605304718,0.974750816822052
YPL227C,YCL044C,0,-10.288897,0.0929417833685875,0.998892605304718,0.9748615622520447
YOR185C,YDL083C,0,-10.303886,0.09293220937252045,0.998892605304718,0.9749723076820374
YOL082W,YLR048W,0,-10.305862,0.0929226353764534,0.998892605304718,0.97508305311203
YDR343C,YDR198C,0,-10.309504,0.09291306138038635,0.998892605304718,0.9751937985420227
YMR047C,YDR120C,0,-10.309956,0.0929034948348999,0.998892605304718,0.9753045439720154
YJL194W,YGR103W,0,-10.311808,0.09289392083883286,0.998892605304718,0.9754152894020081
YGL030W,YGR129W,0,-10.31266,0.0928843542933464,0.998892605304718,0.9755260348320007
YGL205W,YKL212W,0,-10.316225,0.09287479519844055,0.998892605304718,0.9756367802619934
YDR412W,YOR137C,0,-10.320616,0.0928652286529541,0.998892605304718,0.9757475256919861
YDR492W,YIL115C,0,-10.320713,0.09285566955804825,0.998892605304718,0.9758582711219788
YDR101C,YER126C,0,-10.324392,0.09284611791372299,0.998892605304718,0.9759690165519714
YDR513W,YGL089C,0,-10.325298,0.09283655881881714,0.998892605304718,0.9760797619819641
YOL094C,YER118C,0,-10.3368225,0.09282700717449188,0.998892605304718,0.976190447807312
YLR196W,YPR041W,0,-10.342863,0.09281745553016663,0.998892605304718,0.9763011932373047
YDL013W,YGR159C,0,-10.343449,0.09280790388584137,0.998892605304718,0.9764119386672974
YPL126W,YJL116C,0,-10.344988,0.09279835224151611,0.998892605304718,0.97652268409729
YLR134W,YBR231C,0,-10.358364,0.09278880804777145,0.998892605304718,0.9766334295272827
YPR025C,YPL026C,0,-10.366745,0.0927792638540268,0.998892605304718,0.9767441749572754
YLR435W,YDR325W,0,-10.37063,0.09276971966028214,0.998892605304718,0.9768549203872681
YDR492W,YNL055C,0,-10.37281,0.09276018291711807,0.998892605304718,0.9769656658172607
YGR257C,YER082C,0,-10.375074,0.09275064617395401,0.998892605304718,0.9770764112472534
YGR007W,YOL080C,0,-10.377464,0.09274110943078995,0.998892605304718,0.9771871566772461
YNL009W,YDL085W,0,-10.381941,0.09273157268762589,0.998892605304718,0.9772979021072388
YLR384C,YPL055C,0,-10.389473,0.09272203594446182,0.998892605304718,0.9774086475372314
YBL099W,YJL204C,0,-10.389639,0.09271250665187836,0.998892605304718,0.9775193929672241
YBR296C,YCR072C,0,-10.396231,0.09270297735929489,0.998892605304718,0.9776301383972168
YPR133C,YMR260C,0,-10.398687,0.09269345551729202,0.998892605304718,0.9777408838272095
YKR022C,YLR222C,0,-10.41478,0.09268392622470856,0.998892605304718,0.9778516292572021
YGL089C,YDR388W,0,-10.417143,0.09267440438270569,0.998892605304718,0.9779623746871948
YNL110C,YNL129W,0,-10.41761,0.09266488254070282,0.998892605304718,0.9780730605125427
YGL236C,YKR056W,0,-10.417698,0.09265536814928055,0.998892605304718,0.9781838059425354
YPL160W,YML023C,0,-10.418407,0.09264585375785828,0.998892605304718,0.9782945513725281
YNR053C,YLR136C,0,-10.431778,0.09263633191585541,0.998892605304718,0.9784052968025208
YLR435W,YER082C,0,-10.4351635,0.09262682497501373,0.998892605304718,0.9785160422325134
YDR060W,YGR152C,0,-10.435497,0.09261731058359146,0.998892605304718,0.9786267876625061
YKL057C,YKL086W,0,-10.436935,0.09260780364274979,0.998892605304718,0.9787375330924988
YJL191W,YDR160W,0,-10.451744,0.09259829670190811,0.998892605304718,0.9788482785224915
YNL286W,YDR508C,0,-10.451986,0.09258878976106644,0.998892605304718,0.9789590239524841
YER107C,YPL126W,0,-10.452173,0.09257929027080536,0.998892605304718,0.9790697693824768
YBR020W,YKR056W,0,-10.455696,0.09256978332996368,0.998892605304718,0.9791805148124695
YOR046C,YKR097W,0,-10.457893,0.0925602838397026,0.998892605304718,0.9792912602424622
YGR188C,YCR072C,0,-10.465158,0.09255079180002213,0.998892605304718,0.9794020056724548
YGR041W,YFR053C,0,-10.476858,0.09254129230976105,0.998892605304718,0.9795127511024475
YCL024W,YOR137C,0,-10.489281,0.09253180027008057,0.998892605304718,0.9796234965324402
YBR117C,YHR070W,0,-10.489689,0.09252230823040009,0.998892605304718,0.9797342419624329
YLR155C,YJL005W,0,-10.489971,0.0925128236413002,0.998892605304718,0.9798449873924255
YDR055W,YOL010W,0,-10.490952,0.09250333160161972,0.998892605304718,0.9799557328224182
YER126C,YER013W,0,-10.498541,0.09249384701251984,0.998892605304718,0.9800664186477661
YDR343C,YKL074C,0,-10.500563,0.09248436242341995,0.998892605304718,0.9801771640777588
YDL164C,YDL051W,0,-10.502665,0.09247488528490067,0.998892605304718,0.9802879095077515
YKR066C,YLR134W,0,-10.508339,0.09246540069580078,0.998892605304718,0.9803986549377441
YGL191W,YJL191W,0,-10.510048,0.0924559235572815,0.998892605304718,0.9805094003677368
YPR067W,YHR014W,0,-10.518879,0.09244644641876221,0.998892605304718,0.9806201457977295
YMR065W,YDL081C,0,-10.519783,0.09243697673082352,0.998892605304718,0.9807308912277222
YDL014W,YPL022W,0,-10.521086,0.09242749959230423,0.998892605304718,0.9808416366577148
YJL042W,YGR103W,0,-10.528967,0.09241802990436554,0.998892605304718,0.9809523820877075
YGL089C,YNL257C,0,-10.536522,0.09240856766700745,0.998892605304718,0.9810631275177002
YBR288C,YDL051W,0,-10.53796,0.09239909797906876,0.998892605304718,0.9811738729476929
YOL082W,YKL009W,0,-10.54825,0.09238963574171066,0.998892605304718,0.9812846183776855
YPR191W,YIL101C,0,-10.554825,0.09238017350435257,0.998892605304718,0.9813953638076782
YPL160W,YOR267C,0,-10.564432,0.09237071126699448,0.998892605304718,0.9815061092376709
YLR196W,YGR099W,0,-10.570425,0.09236125648021698,0.998892605304718,0.9816168546676636
YLL061W,YDR030C,0,-10.575783,0.09235179424285889,0.998892605304718,0.9817276000976562
YDR343C,YJL179W,0,-10.592337,0.09234233945608139,0.998892605304718,0.9818383455276489
YGR256W,YNL169C,0,-10.601316,0.09233289211988449,0.998892605304718,0.9819490313529968
YDR317W,YGL205W,0,-10.605543,0.092323437333107,0.998892605304718,0.9820597767829895
YER183C,YDL014W,0,-10.618114,0.0923139899969101,0.998892605304718,0.9821705222129822
YGR256W,YKR097W,0,-10.623913,0.0923045426607132,0.998892605304718,0.9822812676429749
YDR492W,YDR082W,0,-10.638002,0.0922950953245163,0.998892605304718,0.9823920130729675
YAL015C,YLR424W,0,-10.639402,0.0922856554389,0.998892605304718,0.9825027585029602
YMR142C,YJR103W,0,-10.643885,0.09227621555328369,0.998892605304718,0.9826135039329529
YJL214W,YGR159C,0,-10.645313,0.09226677566766739,0.998892605304718,0.9827242493629456
YLR433C,YJL116C,0,-10.654276,0.09225733578205109,0.998892605304718,0.9828349947929382
YDR492W,YAL011W,0,-10.655968,0.09224790334701538,0.998892605304718,0.9829457402229309
YMR136W,YDL230W,0,-10.656477,0.09223847091197968,0.998892605304718,0.9830564856529236
YJL214W,YOL040C,0,-10.682283,0.09222903847694397,0.998892605304718,0.9831672310829163
YNL163C,YOR224C,0,-10.684973,0.09221960604190826,0.998892605304718,0.9832779765129089
YOL127W,YKL086W,0,-10.696758,0.09221018105745316,0.998892605304718,0.9833887219429016
YGL209W,YDL230W,0,-10.703312,0.09220075607299805,0.998892605304718,0.9834994673728943
YPL265W,YNL009W,0,-10.705238,0.09219133108854294,0.998892605304718,0.983610212802887
YDR292C,YLR222C,0,-10.70686,0.09218191355466843,0.998892605304718,0.9837209582328796
YPR144C,YKL014C,0,-10.715933,0.09217248857021332,0.998892605304718,0.9838316440582275
YHR092C,YNL110C,0,-10.7172165,0.0921630710363388,0.998892605304718,0.9839423894882202
YLR429W,YFL014W,0,-10.718943,0.09215366095304489,0.998892605304718,0.9840531349182129
YGL253W,YOR143C,0,-10.721382,0.09214424341917038,0.998892605304718,0.9841638803482056
YJR150C,YER006W,0,-10.723541,0.09213483333587646,0.998892605304718,0.9842746257781982
YPL187W,YNL221C,0,-10.727335,0.09212542325258255,0.998892605304718,0.9843853712081909
YDR343C,YHR065C,0,-10.738804,0.09211601316928864,0.998892605304718,0.9844961166381836
YEL024W,YPR137W,0,-10.751059,0.09210660308599472,0.998892605304718,0.9846068620681763
YER183C,YJL191W,0,-10.75259,0.0920972004532814,0.998892605304718,0.984717607498169
YGL043W,YIL013C,0,-10.763969,0.09208779782056808,0.998892605304718,0.9848283529281616
YGL257C,YEL054C,0,-10.766907,0.09207840263843536,0.998892605304718,0.9849390983581543
YPL160W,YCL016C,0,-10.767317,0.09206900000572205,0.998892605304718,0.985049843788147
YNR032C-A,YER103W,0,-10.768845,0.09205960482358932,0.998892605304718,0.9851605892181396
YMR042W,YLL009C,0,-10.772858,0.0920502096414566,0.998892605304718,0.9852713346481323
YMR035W,YMR142C,0,-10.7841,0.09204081445932388,0.998892605304718,0.985382080078125
YMR065W,YGR159C,0,-10.78702,0.09203142672777176,0.998892605304718,0.9854928255081177
YDR423C,YKL009W,0,-10.790915,0.09202203899621964,0.998892605304718,0.9856035709381104
YKL139W,YEL054C,0,-10.7927,0.09201265126466751,0.998892605304718,0.9857142567634583
YDR077W,YJL089W,0,-10.802357,0.09200326353311539,0.998892605304718,0.9858250021934509
YDR384C,YPR133C,0,-10.817301,0.09199388325214386,0.998892605304718,0.9859357476234436
YPL265W,YKL188C,0,-10.828175,0.09198450297117233,0.998892605304718,0.9860464930534363
YNL232W,YFR053C,0,-10.837534,0.0919751226902008,0.998892605304718,0.986157238483429
YLR129W,YMR218C,0,-10.843908,0.09196574240922928,0.998892605304718,0.9862679839134216
YOR381W,YER165W,0,-10.854252,0.09195636957883835,0.998892605304718,0.9863787293434143
YCL044C,YDL081C,0,-10.858778,0.09194698929786682,0.998892605304718,0.986489474773407
YNL055C,YOL080C,0,-10.880674,0.09193762391805649,0.998892605304718,0.9866002202033997
YDR101C,YGL201C,0,-10.88233,0.09192825108766556,0.998892605304718,0.9867109656333923
YGR159C,YGR033C,0,-10.885014,0.09191888570785522,0.998892605304718,0.986821711063385
YPL061W,YKL082C,0,-10.915485,0.09190952032804489,0.998892605304718,0.9869324564933777
YNL281W,YFR053C,0,-10.927736,0.09190015494823456,0.998892605304718,0.9870432019233704
YNL110C,YDR495C,0,-10.92914,0.09189078956842422,0.998892605304718,0.987153947353363
YDL024C,YGL030W,0,-10.937561,0.09188143163919449,0.998892605304718,0.9872646927833557
YER013W,YLR435W,0,-10.9394245,0.09187207370996475,0.998892605304718,0.9873754382133484
YHR042W,YJL089W,0,-10.954454,0.09186271578073502,0.998892605304718,0.9874861836433411
YDL081C,YHR098C,0,-10.9663105,0.09185335785150528,0.998892605304718,0.987596869468689
YOR316C,YKL009W,0,-10.968937,0.09184400737285614,0.998892605304718,0.9877076148986816
YPL061W,YGR152C,0,-10.974455,0.091834656894207,0.998892605304718,0.9878183603286743
YER149C,YDR324C,0,-10.986715,0.09182530641555786,0.998892605304718,0.987929105758667
YGR159C,YGR129W,0,-10.992039,0.09181596338748932,0.998892605304718,0.9880398511886597
YJL204C,YGR152C,0,-11.01096,0.09180661290884018,0.998892605304718,0.9881505966186523
YLR383W,YOL097C,0,-11.026468,0.09179726988077164,0.998892605304718,0.988261342048645
YDR384C,YPR067W,0,-11.0317745,0.09178793430328369,0.998892605304718,0.9883720874786377
YNL129W,YKL082C,0,-11.0361595,0.09177859127521515,0.998892605304718,0.9884828329086304
YDL013W,YDR245W,0,-11.046036,0.0917692556977272,0.998892605304718,0.988593578338623
YMR212C,YGR145W,0,-11.048014,0.09175992012023926,0.998892605304718,0.9887043237686157
YNL004W,YNL207W,0,-11.051777,0.09175058454275131,0.998892605304718,0.9888150691986084
YOL086C,YEL024W,0,-11.07933,0.09174125641584396,0.998892605304718,0.9889258146286011
YPL202C,YDL181W,0,-11.107409,0.09173192083835602,0.998892605304718,0.9890365600585938
YDR384C,YOR143C,0,-11.114439,0.09172259271144867,0.998892605304718,0.9891473054885864
YCL025C,YNL286W,0,-11.115133,0.09171327203512192,0.998892605304718,0.9892580509185791
YJL191W,YML127W,0,-11.119789,0.09170394390821457,0.998892605304718,0.9893687963485718
YDR178W,YNL202W,0,-11.143045,0.09169462323188782,0.998892605304718,0.9894795417785645
YDR013W,YJL191W,0,-11.145987,0.09168530255556107,0.998892605304718,0.9895902276039124
YGR239C,YOR270C,0,-11.146404,0.09167598187923431,0.998892605304718,0.989700973033905
YJL006C,YJL191W,0,-11.156557,0.09166666865348816,0.998892605304718,0.9898117184638977
YFR028C,YPR137W,0,-11.185507,0.091657355427742,0.998892605304718,0.9899224638938904
YGL246C,YKL099C,0,-11.194761,0.09164804220199585,0.998892605304718,0.9900332093238831
YKL009W,YDR059C,0,-11.206421,0.0916387289762497,0.998892605304718,0.9901439547538757
YGL201C,YDR412W,0,-11.213547,0.09162941575050354,0.998892605304718,0.9902547001838684
YAL054C,YBR162C,0,-11.220289,0.09162010997533798,0.998892605304718,0.9903654456138611
YKL170W,YIR041W,0,-11.236298,0.09161080420017242,0.998892605304718,0.9904761910438538
YDR384C,YDR292C,0,-11.242561,0.09160150587558746,0.998892605304718,0.9905869364738464
YGR103W,YPR133C,0,-11.251804,0.0915922001004219,0.998892605304718,0.9906976819038391
YLR116W,YJL080C,0,-11.26885,0.09158290177583694,0.998892605304718,0.9908084273338318
YPL160W,YLR222C,0,-11.28256,0.09157360345125198,0.998892605304718,0.9909191727638245
YGR188C,YJR070C,0,-11.291264,0.09156430512666702,0.998892605304718,0.9910299181938171
YKL016C,YDL083C,0,-11.296951,0.09155501425266266,0.998892605304718,0.9911406636238098
YJR145C,YDR416W,0,-11.303354,0.0915457233786583,0.998892605304718,0.9912514090538025
YPL202C,YDL083C,0,-11.306774,0.09153643250465393,0.998892605304718,0.9913621544837952
YJR070C,YPL026C,0,-11.315969,0.09152714163064957,0.998892605304718,0.9914728403091431
YOR178C,YDR324C,0,-11.341507,0.0915178582072258,0.998892605304718,0.9915835857391357
YPL026C,YCR053W,0,-11.361237,0.09150857478380203,0.998892605304718,0.9916943311691284
YKL009W,YDR481C,0,-11.382418,0.09149929136037827,0.998892605304718,0.9918050765991211
YAL054C,YPL235W,0,-11.399849,0.0914900079369545,0.998892605304718,0.9919158220291138
YJL005W,YOL097C,0,-11.413723,0.09148073196411133,0.998892605304718,0.9920265674591064
YLR155C,YBL046W,0,-11.4151535,0.09147145599126816,0.998892605304718,0.9921373128890991
YNR058W,YJL157C,0,-11.43548,0.09146218001842499,0.998892605304718,0.9922480583190918
YGR225W,YPR067W,0,-11.4486885,0.09145290404558182,0.998892605304718,0.9923588037490845
YGL253W,YML127W,0,-11.457216,0.09144363552331924,0.998892605304718,0.9924695491790771
YAL054C,YOR270C,0,-11.479759,0.09143436700105667,0.998892605304718,0.9925802946090698
YDR492W,YDR460W,0,-11.491962,0.0914250984787941,0.998892605304718,0.9926910400390625
YDR060W,YDR055W,0,-11.505796,0.09141582995653152,0.998892605304718,0.9928017854690552
YPL061W,YOR046C,0,-11.514034,0.09140656888484955,0.998892605304718,0.9929125308990479
YGL246C,YDR120C,0,-11.526493,0.09139730781316757,0.998892605304718,0.9930232763290405
YAR019C,YPR183W,0,-11.541363,0.0913880467414856,0.998892605304718,0.9931340217590332
YPR191W,YNL012W,0,-11.546368,0.09137878566980362,0.998892605304718,0.9932447671890259
YDR492W,YOR027W,0,-11.57292,0.09136953204870224,0.998892605304718,0.9933554530143738
YGR195W,YBR162C,0,-11.58989,0.09136027842760086,0.998892605304718,0.9934661984443665
YOR178C,YDR245W,0,-11.592535,0.09135102480649948,0.998892605304718,0.9935769438743591
YCR014C,YJR145C,0,-11.604767,0.0913417711853981,0.998892605304718,0.9936876893043518
YDR055W,YOL097C,0,-11.609016,0.09133252501487732,0.998892605304718,0.9937984347343445
YLR048W,YJL141C,0,-11.626579,0.09132327884435654,0.998892605304718,0.9939091801643372
YLR060W,YDR178W,0,-11.629055,0.09131403267383575,0.998892605304718,0.9940199255943298
YKL009W,YPL243W,0,-11.67477,0.09130478650331497,0.998892605304718,0.9941306710243225
YJL191W,YAR008W,0,-11.688183,0.09129554778337479,0.998892605304718,0.9942414164543152
YPL210C,YKR056W,0,-11.692144,0.0912863090634346,0.998892605304718,0.9943521618843079
YLR129W,YDR343C,0,-11.81016,0.09127707034349442,0.998892605304718,0.9944629073143005
YLR316C,YGL210W,0,-11.855778,0.09126783162355423,0.998892605304718,0.9945736527442932
YBR004C,YDL181W,0,-11.879023,0.09125860035419464,0.998892605304718,0.9946843981742859
YFR053C,YNR053C,0,-11.882996,0.09124936908483505,0.998892605304718,0.9947951436042786
YDR492W,YGR186W,0,-11.896313,0.09124013781547546,0.998892605304718,0.9949058890342712
YOL149W,YNR053C,0,-11.936281,0.09123090654611588,0.998892605304718,0.9950166344642639
YBR162C,YLR386W,0,-11.947023,0.09122168272733688,0.998892605304718,0.9951273798942566
YLR048W,YKL214C,0,-11.973064,0.09121245890855789,0.998892605304718,0.9952380657196045
YDL181W,YBL093C,0,-11.978893,0.0912032350897789,0.998892605304718,0.9953488111495972
YER032W,YDL014W,0,-11.984037,0.09119401127099991,0.998892605304718,0.9954595565795898
YPL231W,YER103W,0,-11.986677,0.09118479490280151,0.998892605304718,0.9955703020095825
YIL017W,YIL017C,1,-11.992928,0.09127666056156158,1.0,0.9955703020095825
YPL265W,YLL011W,0,-12.062935,0.09126743674278259,1.0,0.9956810474395752
YCL025C,YKL016C,0,-12.092096,0.0912582129240036,1.0,0.9957917928695679
YBL008W,YJR070C,0,-12.114872,0.09124898910522461,1.0,0.9959025382995605
YGL089C,YPL243W,0,-12.146061,0.09123977273702621,1.0,0.9960132837295532
YML080W,YKL057C,0,-12.166412,0.09123054891824722,1.0,0.9961240291595459
YOL158C,YGR256W,0,-12.178404,0.09122133255004883,1.0,0.9962347745895386
YBR196C,YCR014C,0,-12.2233925,0.09121212363243103,1.0,0.9963455200195312
YDR384C,YDR460W,0,-12.256132,0.09120290726423264,1.0,0.9964562654495239
YDL083C,YCR072C,0,-12.282892,0.09119369834661484,1.0,0.9965670108795166
YOL086C,YGR231C,0,-12.322947,0.09118448942899704,1.0,0.9966777563095093
YNL110C,YML065W,0,-12.431673,0.09117528051137924,1.0,0.996788501739502
YNR053C,YDR325W,0,-12.469269,0.09116607904434204,1.0,0.9968992471694946
YAL054C,YGR118W,0,-12.507334,0.09115687757730484,1.0,0.9970099925994873
YJL014W,YJL191W,0,-12.5685005,0.09114767611026764,1.0,0.99712073802948
YKL182W,YHR065C,0,-12.603062,0.09113847464323044,1.0,0.9972314238548279
YDL192W,YMR136W,0,-12.62241,0.09112927317619324,1.0,0.9973421692848206
YDR178W,YOL097C,0,-12.662495,0.09112007915973663,1.0,0.9974529147148132
YDR384C,YFL022C,0,-12.750143,0.09111088514328003,1.0,0.9975636601448059
YEL015W,YFR053C,0,-12.758965,0.09110169857740402,1.0,0.9976744055747986
YER167W,YKL009W,0,-12.773783,0.09109250456094742,1.0,0.9977851510047913
YNL245C,YBR083W,0,-12.773836,0.09108331799507141,1.0,0.9978958964347839
YDR492W,YNL221C,0,-12.892874,0.0910741314291954,1.0,0.9980066418647766
YLR129W,YDR178W,0,-12.939371,0.0910649448633194,1.0,0.9981173872947693
YOR178C,YLR435W,0,-13.041061,0.09105576574802399,1.0,0.998228132724762
YNR053C,YKL113C,0,-13.047247,0.09104657918214798,1.0,0.9983388781547546
YDR202C,YJL191W,0,-13.1161175,0.09103740006685257,1.0,0.9984496235847473
YDR384C,YDR060W,0,-13.187513,0.09102822840213776,1.0,0.99856036901474
YNL286W,YLR048W,0,-13.243471,0.09101904928684235,1.0,0.9986711144447327
YGR145W,YOL097C,0,-13.24732,0.09100987762212753,1.0,0.9987818598747253
YDL181W,YIL076W,0,-13.372261,0.09100070595741272,1.0,0.998892605304718
YKR097W,YLR048W,0,-13.550413,0.0909915342926979,1.0,0.9990033507347107
YGL253W,YBR117C,0,-13.571356,0.09098237007856369,1.0,0.9991140365600586
YER118C,YKR056W,0,-13.677149,0.09097319841384888,1.0,0.9992247819900513
YGR145W,YPL243W,0,-13.689358,0.09096403419971466,1.0,0.999335527420044
YAL054C,YNR001C,0,-13.7937565,0.09095487743616104,1.0,0.9994462728500366
YGR159C,YDR481C,0,-13.985659,0.09094571322202682,1.0,0.9995570182800293
YDR216W,YPR041W,0,-14.169548,0.0909365564584732,1.0,0.999667763710022
YDR216W,YNR053C,0,-14.234165,0.09092739969491959,1.0,0.9997785091400146
YDR492W,YGR195W,0,-14.2658825,0.09091824293136597,1.0,0.9998892545700073
YGR145W,YLR060W,0,-14.844534,0.09090909361839294,1.0,1.0
