Gene A,Gene B,Label,Score,Precision,Recall,False Positive Rate
YLR155C,YLR158C,1,-6.682248,1.0,0.012820512987673283,0.0
YOR194C,YLR262C,0,-7.0379133,0.5,0.012820512987673283,0.0012820513220503926
YPR067W,YGL068W,0,-7.1216707,0.3333333432674408,0.012820512987673283,0.0025641026441007853
YAL029C,YCR035C,0,-7.132932,0.25,0.012820512987673283,0.003846153849735856
YDL029W,YPL249C,0,-7.362349,0.20000000298023224,0.012820512987673283,0.0051282052882015705
YER110C,YLR430W,0,-7.3853517,0.1666666716337204,0.012820512987673283,0.006410256493836641
YLR158C,YPL154C,1,-7.459546,0.2857142984867096,0.025641025975346565,0.006410256493836641
YKL160W,YLR147C,0,-7.4685497,0.25,0.025641025975346565,0.007692307699471712
YLR102C,YLR284C,0,-7.4758654,0.2222222238779068,0.025641025975346565,0.00897435937076807
YPL146C,YPL128C,0,-7.5045915,0.20000000298023224,0.025641025975346565,0.010256410576403141
YGL047W,YNR035C,0,-7.542472,0.1818181872367859,0.025641025975346565,0.011538461782038212
YDR040C,YCR026C,1,-7.5592313,0.25,0.03846153989434242,0.011538461782038212
YDR517W,YGL008C,0,-7.5865846,0.23076923191547394,0.03846153989434242,0.012820512987673283
YCR026C,YMR140W,1,-7.587677,0.2857142984867096,0.05128205195069313,0.012820512987673283
YJL042W,YBL011W,0,-7.613093,0.2666666805744171,0.05128205195069313,0.014102564193308353
YOL142W,YDR260C,0,-7.6295667,0.25,0.05128205195069313,0.015384615398943424
YPR143W,YJR086W,0,-7.6298747,0.23529411852359772,0.05128205195069313,0.01666666753590107
YJR064W,YPR173C,0,-7.6360087,0.2222222238779068,0.05128205195069313,0.01794871874153614
YPL154C,YGL208W,1,-7.638891,0.2631579041481018,0.06410256773233414,0.01794871874153614
YGL153W,YKL088W,0,-7.653233,0.25,0.06410256773233414,0.01923076994717121
YLR451W,YMR308C,0,-7.6634912,0.2380952388048172,0.06410256773233414,0.020512821152806282
YPL271W,YOR354C,0,-7.673692,0.22727273404598236,0.06410256773233414,0.021794872358441353
YOR307C,YGR072W,0,-7.729195,0.21739129722118378,0.06410256773233414,0.023076923564076424
YEL060C,YGL208W,1,-7.7322006,0.25,0.07692307978868484,0.023076923564076424
YOR204W,YLR116W,0,-7.735831,0.23999999463558197,0.07692307978868484,0.024358974769711494
YDR331W,YPL032C,0,-7.739577,0.23076923191547394,0.07692307978868484,0.025641025975346565
YPR137W,YLR033W,0,-7.7501526,0.2222222238779068,0.07692307978868484,0.026923077180981636
YPL015C,YGR296W,0,-7.7533736,0.2142857164144516,0.07692307978868484,0.028205128386616707
YGL208W,YMR140W,1,-7.768788,0.24137930572032928,0.08974359184503555,0.028205128386616707
YGL035C,YGL075C,0,-7.780639,0.23333333432674408,0.08974359184503555,0.029487179592251778
YDL147W,YGL145W,0,-7.7900643,0.22580644488334656,0.08974359184503555,0.03076923079788685
YLR158C,YCR026C,1,-7.8029056,0.25,0.10256410390138626,0.03076923079788685
YGL003C,YCR067C,0,-7.811739,0.24242424964904785,0.10256410390138626,0.03205128386616707
YDL175C,YJL085W,0,-7.8194823,0.23529411852359772,0.10256410390138626,0.03333333507180214
YKL114C,YGL155W,0,-7.8196397,0.22857142984867096,0.10256410390138626,0.03461538627743721
YFR034C,YMR140W,1,-7.846559,0.25,0.11538461595773697,0.03461538627743721
YDL143W,YOL124C,0,-7.8795485,0.2432432472705841,0.11538461595773697,0.03589743748307228
YNL027W,YBR084W,0,-7.8801365,0.2368421107530594,0.11538461595773697,0.03717948868870735
YNR011C,YBR049C,0,-7.888684,0.23076923191547394,0.11538461595773697,0.03846153989434242
YLR155C,YDR040C,1,-7.922502,0.25,0.12820513546466827,0.03846153989434242
YGL063W,YDL064W,0,-7.9226136,0.24390244483947754,0.12820513546466827,0.03974359109997749
YKR067W,YOL129W,0,-7.936932,0.2380952388048172,0.12820513546466827,0.041025642305612564
YGR230W,YCR040W,0,-7.9441447,0.23255814611911774,0.12820513546466827,0.042307693511247635
YER145C,YBR017C,0,-7.9470882,0.22727273404598236,0.12820513546466827,0.043589744716882706
YAL035W,YPL212C,0,-7.9497504,0.2222222238779068,0.12820513546466827,0.044871795922517776
YLR158C,YEL060C,1,-7.952825,0.239130437374115,0.14102564752101898,0.044871795922517776
YOR113W,YML048W,0,-7.9851027,0.23404255509376526,0.14102564752101898,0.04615384712815285
YLR318W,YBL014C,0,-7.988926,0.2291666716337204,0.14102564752101898,0.04743589833378792
YJL138C,YKL166C,0,-7.990426,0.22448979318141937,0.14102564752101898,0.04871794953942299
YLL022C,YMR047C,0,-7.9906354,0.2199999988079071,0.14102564752101898,0.05000000074505806
YCR026C,YDR477W,1,-7.991098,0.23529411852359772,0.1538461595773697,0.05000000074505806
YDR294C,YGL208W,1,-7.9926653,0.25,0.1666666716337204,0.05000000074505806
YGL014W,YNR046W,0,-7.9940763,0.24528302252292633,0.1666666716337204,0.05128205195069313
YDR040C,YEL060C,1,-7.9964128,0.25925925374031067,0.1794871836900711,0.05128205195069313
YMR277W,YGR109W-B,0,-8.01603,0.2545454502105713,0.1794871836900711,0.0525641031563282
YML048W,YLR023C,0,-8.018743,0.25,0.1794871836900711,0.05384615436196327
YJR092W,YKL139W,0,-8.030914,0.24561403691768646,0.1794871836900711,0.05512820556759834
YER016W,YPL008W,0,-8.03461,0.24137930572032928,0.1794871836900711,0.056410256773233414
YNL307C,YOR043W,0,-8.039666,0.23728813230991364,0.1794871836900711,0.057692307978868484
YKR022C,YBR276C,0,-8.048543,0.23333333432674408,0.1794871836900711,0.058974359184503555
YMR140W,YDR477W,1,-8.0531225,0.24590164422988892,0.19230769574642181,0.058974359184503555
YDL220C,YCL040W,0,-8.053845,0.24193547666072845,0.19230769574642181,0.060256410390138626
YEL029C,YMR005W,0,-8.059755,0.2380952388048172,0.19230769574642181,0.0615384615957737
YOL017W,YJR090C,0,-8.063173,0.234375,0.19230769574642181,0.06282051652669907
YBL004W,YDR261W-B,0,-8.070247,0.23076923191547394,0.19230769574642181,0.06410256773233414
YDR040C,YMR140W,1,-8.077823,0.24242424964904785,0.20512820780277252,0.06410256773233414
YOL165C,YDR138W,0,-8.077984,0.23880596458911896,0.20512820780277252,0.06538461893796921
YBL005W,YML040W,0,-8.078538,0.23529411852359772,0.20512820780277252,0.06666667014360428
YBR009C,YPR080W,0,-8.078761,0.23188406229019165,0.20512820780277252,0.06794872134923935
YDR040C,YFR034C,1,-8.07953,0.24285714328289032,0.21794871985912323,0.06794872134923935
YJR158W,YGL229C,0,-8.082355,0.23943662643432617,0.21794871985912323,0.06923077255487442
YFR034C,YEL060C,1,-8.088382,0.25,0.23076923191547394,0.06923077255487442
YAR019C,YIL046W,0,-8.088556,0.24657534062862396,0.23076923191547394,0.07051282376050949
YEL061C,YDR097C,0,-8.089837,0.2432432472705841,0.23076923191547394,0.07179487496614456
YGR133W,YGL210W,0,-8.09816,0.23999999463558197,0.23076923191547394,0.07307692617177963
YDR040C,YBR093C,1,-8.110613,0.25,0.24358974397182465,0.07307692617177963
YDR329C,YCL062W,0,-8.112247,0.2467532455921173,0.24358974397182465,0.0743589773774147
YCR002C,YBR207W,0,-8.112249,0.24358974397182465,0.24358974397182465,0.07564102858304977
YGL210W,YOR272W,0,-8.122145,0.2405063360929489,0.24358974397182465,0.07692307978868484
YPL100W,YGL233W,0,-8.124803,0.23749999701976776,0.24358974397182465,0.07820513099431992
YJR093C,YGR296W,0,-8.1268,0.23456789553165436,0.24358974397182465,0.07948718219995499
YPL008W,YKL042W,0,-8.128397,0.23170731961727142,0.24358974397182465,0.08076923340559006
YNL257C,YDR308C,0,-8.136009,0.22891566157341003,0.24358974397182465,0.08205128461122513
YPL231W,YOL026C,0,-8.137895,0.2261904776096344,0.24358974397182465,0.0833333358168602
YNL206C,YPR086W,0,-8.144695,0.2235294133424759,0.24358974397182465,0.08461538702249527
YCR040W,YPR158W-A,0,-8.151928,0.22093023359775543,0.24358974397182465,0.08589743822813034
YJL065C,YGR272C,0,-8.157422,0.2183908075094223,0.24358974397182465,0.08717948943376541
YMR168C,YBR245C,0,-8.159341,0.21590909361839294,0.24358974397182465,0.08846154063940048
YPL061W,YPL221W,0,-8.163738,0.21348313987255096,0.24358974397182465,0.08974359184503555
YGR217W,YIL056W,0,-8.16995,0.21111111342906952,0.24358974397182465,0.09102564305067062
YPR100W,YOL090W,0,-8.170802,0.20879121124744415,0.24358974397182465,0.0923076942563057
YPL093W,YDR065W,0,-8.174857,0.20652173459529877,0.24358974397182465,0.09358974546194077
YLR158C,YDR040C,1,-8.176845,0.2150537669658661,0.25641027092933655,0.09358974546194077
YHR072W-A,YLR193C,0,-8.182517,0.21276596188545227,0.25641027092933655,0.09487179666757584
YGR284C,YPL192C,0,-8.183866,0.21052631735801697,0.25641027092933655,0.09615384787321091
YLR158C,YDR294C,1,-8.184972,0.21875,0.26923078298568726,0.09615384787321091
YKL200C,YHR050W,0,-8.194055,0.2164948433637619,0.26923078298568726,0.09743589907884598
YJR097W,YJR141W,0,-8.195899,0.2142857164144516,0.26923078298568726,0.09871795028448105
YPR018W,YFL018W-A,0,-8.200376,0.21212121844291687,0.26923078298568726,0.10000000149011612
YJR031C,YPR073C,0,-8.206293,0.20999999344348907,0.26923078298568726,0.10128205269575119
YLR155C,YPL154C,1,-8.206828,0.21782177686691284,0.28205129504203796,0.10128205269575119
YPL129W,YER159C-A,0,-8.208723,0.21568627655506134,0.28205129504203796,0.10256410390138626
YCR020C,YDL006W,0,-8.213853,0.21359223127365112,0.28205129504203796,0.10384615510702133
YDL244W,YAR010C,0,-8.222198,0.21153846383094788,0.28205129504203796,0.1051282063126564
YIL155C,YJR026W,0,-8.224347,0.20952381193637848,0.28205129504203796,0.10641025751829147
YIL046W,YHR034C,0,-8.225195,0.2075471729040146,0.28205129504203796,0.10769230872392654
YDR054C,YLR337W,0,-8.225767,0.20560747385025024,0.28205129504203796,0.10897435992956161
YOR171C,YML065W,0,-8.229067,0.20370370149612427,0.28205129504203796,0.11025641113519669
YER142C,YKL035W,0,-8.234971,0.20183485746383667,0.28205129504203796,0.11153846234083176
YCR026C,YPL154C,1,-8.23916,0.20909090340137482,0.29487180709838867,0.11153846234083176
YDR040C,YPL154C,1,-8.253077,0.21621622145175934,0.3076923191547394,0.11153846234083176
YOL090W,YAL015C,0,-8.253942,0.2142857164144516,0.3076923191547394,0.11282051354646683
YLR158C,YMR140W,1,-8.257485,0.22123894095420837,0.3205128312110901,0.11282051354646683
YFL011W-A,YBR100W,0,-8.260293,0.21929824352264404,0.3205128312110901,0.1141025647521019
YDR040C,YDR477W,1,-8.260727,0.22608695924282074,0.3333333432674408,0.1141025647521019
YCR075C,YNL102W,0,-8.263167,0.22413793206214905,0.3333333432674408,0.11538461595773697
YGR109C,YMR032W,0,-8.266609,0.2222222238779068,0.3333333432674408,0.11666666716337204
YGR218W,YGL112C,0,-8.274877,0.22033898532390594,0.3333333432674408,0.11794871836900711
YNL166C,YPL157W,0,-8.278195,0.21848739683628082,0.3333333432674408,0.11923076957464218
YCR026C,YEL060C,1,-8.280034,0.22499999403953552,0.3461538553237915,0.11923076957464218
YOR112W,YJL018W,0,-8.286328,0.22314049303531647,0.3461538553237915,0.12051282078027725
YMR237W,YOR298C-A,0,-8.288753,0.22131147980690002,0.3461538553237915,0.12179487198591232
YLR158C,YGL208W,1,-8.296298,0.22764228284358978,0.3589743673801422,0.12179487198591232
YEL027W,YGR161C-C,0,-8.298347,0.22580644488334656,0.3589743673801422,0.1230769231915474
YKL200C,YBR095C,0,-8.299578,0.2240000069141388,0.3589743673801422,0.12435897439718246
YGL249W,YOL103W-A,0,-8.3023615,0.2222222238779068,0.3589743673801422,0.12564103305339813
YNL172W,YOR343C-A,0,-8.3023615,0.22047244012355804,0.3589743673801422,0.1269230842590332
YNL169C,YOR343C-A,0,-8.3023615,0.21875,0.3589743673801422,0.12820513546466827
YBL056W,YNL284C-A,0,-8.3023615,0.21705426275730133,0.3589743673801422,0.12948718667030334
YGL183C,YHL009W-A,0,-8.3023615,0.2153846174478531,0.3589743673801422,0.13076923787593842
YMR056C,YPR036W-A,0,-8.3023615,0.21374045312404633,0.3589743673801422,0.1320512890815735
YDR369C,YHL009W-A,0,-8.3023615,0.21212121844291687,0.3589743673801422,0.13333334028720856
YOL034W,YNL284C-A,0,-8.3023615,0.21052631735801697,0.3589743673801422,0.13461539149284363
YHR118C,YOR343C-B,0,-8.3023615,0.20895522832870483,0.3589743673801422,0.1358974426984787
YNL139C,YNL284C-A,0,-8.3023615,0.2074074000120163,0.3589743673801422,0.13717949390411377
YGL112C,YOL103W-B,0,-8.3026285,0.20588235557079315,0.3589743673801422,0.13846154510974884
YGL065C,YLR066W,0,-8.304389,0.20437955856323242,0.3589743673801422,0.1397435963153839
YGL192W,YPR137C-B,0,-8.311788,0.2028985470533371,0.3589743673801422,0.14102564752101898
YMR070W,YKL041W,0,-8.312981,0.20143884420394897,0.3589743673801422,0.14230769872665405
YAL029C,YKL178C,0,-8.3163,0.20000000298023224,0.3589743673801422,0.14358974993228912
YLR347C,YBR061C,0,-8.318585,0.19858156144618988,0.3589743673801422,0.1448718011379242
YER118C,YAL002W,0,-8.319464,0.19718310236930847,0.3589743673801422,0.14615385234355927
YPL178W,YDR225W,0,-8.3219385,0.1958041936159134,0.3589743673801422,0.14743590354919434
YMR213W,YGR038C-B,0,-8.327874,0.1944444477558136,0.3589743673801422,0.1487179547548294
YKL085W,YEL041W,0,-8.329306,0.19310344755649567,0.3589743673801422,0.15000000596046448
YCR077C,YOR380W,0,-8.329504,0.19178082048892975,0.3589743673801422,0.15128205716609955
YOR245C,YML039W,0,-8.331516,0.190476194024086,0.3589743673801422,0.15256410837173462
YEL060C,YMR140W,1,-8.333429,0.19594594836235046,0.3717948794364929,0.15256410837173462
YEL029C,YBR215W,0,-8.333648,0.19463087618350983,0.3717948794364929,0.1538461595773697
YBL084C,YJR093C,0,-8.334165,0.19333332777023315,0.3717948794364929,0.15512821078300476
YBR023C,YLR126C,0,-8.342838,0.19205297529697418,0.3717948794364929,0.15641026198863983
YLR459W,YER190W,0,-8.34439,0.19078947603702545,0.3717948794364929,0.1576923131942749
YPR082C,YDR030C,0,-8.346227,0.1895424872636795,0.3717948794364929,0.15897436439990997
YMR182C,YKR053C,0,-8.352987,0.18831168115139008,0.3717948794364929,0.16025641560554504
YKL049C,YNL164C,0,-8.355034,0.18709677457809448,0.3717948794364929,0.16153846681118011
YHR058C,YER137C-A,0,-8.355525,0.18589743971824646,0.3717948794364929,0.16282051801681519
YPL096C-A,YGR166W,0,-8.357565,0.18471337854862213,0.3717948794364929,0.16410256922245026
YBL082C,YLR166C,0,-8.359021,0.1835443079471588,0.3717948794364929,0.16538462042808533
YMR311C,YDL147W,0,-8.360799,0.18238992989063263,0.3717948794364929,0.1666666716337204
YKL200C,YGR119C,0,-8.361632,0.18125000596046448,0.3717948794364929,0.16794872283935547
YLR231C,YHR214C-B,0,-8.36279,0.1801242232322693,0.3717948794364929,0.16923077404499054
YCL012W,YPL086C,0,-8.36284,0.17901234328746796,0.3717948794364929,0.1705128252506256
YMR109W,YLR227W-A,0,-8.366261,0.1779141128063202,0.3717948794364929,0.17179487645626068
YDR040C,YHR186C,1,-8.368849,0.18292683362960815,0.38461539149284363,0.17179487645626068
YGL047W,YDR365W-B,0,-8.369058,0.1818181872367859,0.38461539149284363,0.17307692766189575
YNL045W,YPR137C-B,0,-8.370295,0.1807228922843933,0.38461539149284363,0.17435897886753082
YLL038C,YCR081W,0,-8.373724,0.1796407252550125,0.38461539149284363,0.1756410300731659
YNR052C,YML058W,0,-8.373886,0.1785714328289032,0.38461539149284363,0.17692308127880096
YDR294C,YFR034C,1,-8.375791,0.1834319531917572,0.39743590354919434,0.17692308127880096
YLR158C,YHR186C,1,-8.37659,0.1882352977991104,0.41025641560554504,0.17692308127880096
YOR206W,YDR311W,0,-8.378354,0.1871345043182373,0.41025641560554504,0.17820513248443604
YKL005C,YDL005C,0,-8.378911,0.1860465109348297,0.41025641560554504,0.1794871836900711
YOR094W,YKL015W,0,-8.379286,0.18497109413146973,0.41025641560554504,0.18076923489570618
YEL065W,YKL070W,0,-8.381549,0.18390804529190063,0.41025641560554504,0.18205128610134125
YDR195W,YDR131C,0,-8.384567,0.18285714089870453,0.41025641560554504,0.18333333730697632
YPR103W,YBR082C,0,-8.387576,0.1818181872367859,0.41025641560554504,0.1846153885126114
YPL202C,YKL079W,0,-8.392242,0.1807909607887268,0.41025641560554504,0.18589743971824646
YPR144C,YGR133W,0,-8.39248,0.17977528274059296,0.41025641560554504,0.18717949092388153
YAL068C,YDR259C,0,-8.394365,0.17877094447612762,0.41025641560554504,0.1884615421295166
YNR075W,YGR128C,0,-8.395636,0.17777778208255768,0.41025641560554504,0.18974359333515167
YNL084C,YPL060C-A,0,-8.396384,0.1767955869436264,0.41025641560554504,0.19102564454078674
YDR244W,YAR010C,0,-8.397385,0.17582418024539948,0.41025641560554504,0.19230769574642181
YJL183W,YLR312C-B,0,-8.401984,0.17486338317394257,0.41025641560554504,0.19358974695205688
YMR092C,YKL060C,0,-8.407083,0.17391304671764374,0.41025641560554504,0.19487179815769196
YGR042W,YPL060C-A,0,-8.410112,0.17297297716140747,0.41025641560554504,0.19615384936332703
YKR026C,YMR266W,0,-8.412326,0.17204301059246063,0.41025641560554504,0.1974359005689621
YMR213W,YHR088W,0,-8.415905,0.17112299799919128,0.41025641560554504,0.19871795177459717
YPR122W,YFR027W,0,-8.421375,0.1702127605676651,0.41025641560554504,0.20000000298023224
YIL095W,YKL125W,0,-8.429869,0.16931216418743134,0.41025641560554504,0.2012820541858673
YDL040C,YMR089C,0,-8.431271,0.16842105984687805,0.41025641560554504,0.20256410539150238
YNL130C,YGR046W,0,-8.432391,0.16753926873207092,0.41025641560554504,0.20384615659713745
YJR093C,YHR062C,0,-8.432525,0.1666666716337204,0.41025641560554504,0.20512820780277252
YBR093C,YDR477W,1,-8.433753,0.17098446190357208,0.42307692766189575,0.20512820780277252
YBL004W,YDR316W-A,0,-8.4339905,0.17010308802127838,0.42307692766189575,0.2064102590084076
YNR030W,YMR192W,0,-8.435916,0.16923077404499054,0.42307692766189575,0.20769231021404266
YKR035W-A,YGR098C,0,-8.436619,0.16836734116077423,0.42307692766189575,0.20897436141967773
YLR190W,YPL011C,0,-8.436821,0.1675126850605011,0.42307692766189575,0.2102564126253128
YJL214W,YLR227W-B,0,-8.439845,0.1666666716337204,0.42307692766189575,0.21153846383094788
YPL145C,YOR014W,0,-8.441197,0.1658291518688202,0.42307692766189575,0.21282051503658295
YHR088W,YHR135C,0,-8.445365,0.16500000655651093,0.42307692766189575,0.21410256624221802
YDR191W,YNL267W,0,-8.447168,0.16417910158634186,0.42307692766189575,0.2153846174478531
YOR162C,YBL100W-B,0,-8.452077,0.16336633265018463,0.42307692766189575,0.21666666865348816
YDR294C,YCR026C,1,-8.452126,0.16748768091201782,0.43589743971824646,0.21666666865348816
YER075C,YOL103W-A,0,-8.453378,0.1666666716337204,0.43589743971824646,0.21794871985912323
YKL191W,YOL045W,0,-8.462226,0.16585366427898407,0.43589743971824646,0.2192307710647583
YOR267C,YDR481C,0,-8.464747,0.1650485396385193,0.43589743971824646,0.22051282227039337
YLR186W,YKL088W,0,-8.475167,0.1642512083053589,0.43589743971824646,0.22179487347602844
YBL099W,YLL015W,0,-8.481739,0.16346153616905212,0.43589743971824646,0.2230769246816635
YBL042C,YGR122W,0,-8.483678,0.16267941892147064,0.43589743971824646,0.22435897588729858
YLR165C,YER018C,0,-8.484493,0.16190476715564728,0.43589743971824646,0.22564102709293365
YDL154W,YIL105C,0,-8.487067,0.1611374467611313,0.43589743971824646,0.22692307829856873
YBR237W,YKL122C,0,-8.488692,0.1603773534297943,0.43589743971824646,0.2282051295042038
YCR026C,YGL208W,1,-8.489255,0.16431924700737,0.44871795177459717,0.2282051295042038
YGL046W,YJL148W,0,-8.490342,0.16355140507221222,0.44871795177459717,0.22948718070983887
YOR334W,YER013W,0,-8.491509,0.1627907007932663,0.44871795177459717,0.23076923191547394
YDR016C,YIL002C,0,-8.493281,0.16203702986240387,0.44871795177459717,0.232051283121109
YPR131C,YCR055C,0,-8.494068,0.16129031777381897,0.44871795177459717,0.23333333432674408
YIL044C,YBR195C,0,-8.499549,0.16055046021938324,0.44871795177459717,0.23461538553237915
YMR192W,YLL003W,0,-8.502865,0.15981735289096832,0.44871795177459717,0.23589743673801422
YHR150W,YGL104C,0,-8.502887,0.15909090638160706,0.44871795177459717,0.2371794879436493
YDR075W,YOR081C,0,-8.505815,0.15837104618549347,0.44871795177459717,0.23846153914928436
YJL041W,YER162C,0,-8.510114,0.157657653093338,0.44871795177459717,0.23974359035491943
YDR294C,YEL060C,1,-8.513037,0.16143497824668884,0.4615384638309479,0.23974359035491943
YIL038C,YNR006W,0,-8.521071,0.1607142835855484,0.4615384638309479,0.2410256415605545
YFL018W-A,YGR033C,0,-8.522879,0.1599999964237213,0.4615384638309479,0.24230769276618958
YBR215W,YPL043W,0,-8.524695,0.1592920422554016,0.4615384638309479,0.24358974397182465
YGL174W,YGR178C,0,-8.535102,0.15859030187129974,0.4615384638309479,0.24487179517745972
YHR188C,YER180C-A,0,-8.538872,0.15789473056793213,0.4615384638309479,0.2461538463830948
YHR175W,YKL045W,0,-8.5423355,0.1572052389383316,0.4615384638309479,0.24743589758872986
YFR019W,YGR213C,0,-8.54418,0.156521737575531,0.4615384638309479,0.24871794879436493
YDR294C,YDR477W,1,-8.548306,0.16017316281795502,0.4743589758872986,0.24871794879436493
YER065C,YDR255C,0,-8.549722,0.15948276221752167,0.4743589758872986,0.25
YDL101C,YER027C,0,-8.550088,0.15879827737808228,0.4743589758872986,0.25128206610679626
YOR033C,YGR109W-B,0,-8.551231,0.15811966359615326,0.4743589758872986,0.25256410241127014
YMR288W,YCL001W,0,-8.554618,0.15744680166244507,0.4743589758872986,0.2538461685180664
YER030W,YLL011W,0,-8.555438,0.15677966177463531,0.4743589758872986,0.2551282048225403
YLR155C,YMR140W,1,-8.556143,0.16033755242824554,0.4871794879436493,0.2551282048225403
YOR341W,YGR054W,0,-8.561636,0.1596638709306717,0.4871794879436493,0.25641027092933655
YNL075W,YDL052C,0,-8.563369,0.1589958220720291,0.4871794879436493,0.2576923072338104
YJL209W,YNL045W,0,-8.563559,0.15833333134651184,0.4871794879436493,0.2589743733406067
YKR028W,YBL100W-A,0,-8.564899,0.1576763540506363,0.4871794879436493,0.26025640964508057
YPL131W,YPR137C-B,0,-8.566327,0.1570248007774353,0.4871794879436493,0.26153847575187683
YPL209C,YGR179C,0,-8.566867,0.1563785970211029,0.4871794879436493,0.2628205120563507
YMR117C,YNL213C,0,-8.570001,0.15573769807815552,0.4871794879436493,0.264102578163147
YPR193C,YJL074C,0,-8.572032,0.15510204434394836,0.4871794879436493,0.26538461446762085
YFL011W-A,YOR043W,0,-8.572495,0.15447154641151428,0.4871794879436493,0.2666666805744171
YGR144W,YKL058W,0,-8.573035,0.1538461595773697,0.4871794879436493,0.267948716878891
YDR446W,YJL191W,0,-8.57345,0.15322580933570862,0.4871794879436493,0.26923078298568726
YDR335W,YKL141W,0,-8.575721,0.1526104360818863,0.4871794879436493,0.27051281929016113
YER146W,YMR308C,0,-8.591228,0.15199999511241913,0.4871794879436493,0.2717948853969574
YCR026C,YFR034C,1,-8.591987,0.15537849068641663,0.5,0.2717948853969574
YHL025W,YLR360W,0,-8.592311,0.1547619104385376,0.5,0.2730769217014313
YKR097W,YGL162W,0,-8.595084,0.15415020287036896,0.5,0.27435898780822754
YDR025W,YGL210W,0,-8.596318,0.15354330837726593,0.5,0.2756410241127014
YBL019W,YOL088C,0,-8.597663,0.15294118225574493,0.5,0.2769230902194977
YMR047C,YGL048C,0,-8.599006,0.15234375,0.5,0.27820512652397156
YGR097W,YPL179W,0,-8.602453,0.15175096690654755,0.5,0.2794871926307678
YPR122W,YKL166C,0,-8.604767,0.151162788271904,0.5,0.2807692289352417
YJL031C,YPR162C,0,-8.605342,0.15057915449142456,0.5,0.28205129504203796
YDL165W,YDR129C,0,-8.606948,0.15000000596046448,0.5,0.28333333134651184
YDR310C,YBR111W-A,0,-8.610896,0.14942528307437897,0.5,0.2846153974533081
YBL026W,YNR023W,0,-8.612697,0.14885495603084564,0.5,0.285897433757782
YNR052C,YHR062C,0,-8.617333,0.14828898012638092,0.5,0.28717949986457825
YGL021W,YKL041W,0,-8.6179495,0.14772726595401764,0.5,0.2884615361690521
YBR093C,YMR140W,1,-8.618259,0.15094339847564697,0.5128205418586731,0.2884615361690521
YJL024C,YAL034W-A,0,-8.621131,0.15037593245506287,0.5128205418586731,0.2897436022758484
YOL095C,YOR253W,0,-8.628744,0.1498127281665802,0.5128205418586731,0.29102563858032227
YKR048C,YLR324W,0,-8.631141,0.1492537260055542,0.5128205418586731,0.29230770468711853
YKL004W,YHR059W,0,-8.632167,0.14869888126850128,0.5128205418586731,0.2935897409915924
YLR100W,YDR331W,0,-8.63438,0.14814814925193787,0.5128205418586731,0.29487180709838867
YGL208W,YDR477W,1,-8.635558,0.15129151940345764,0.5256410241127014,0.29487180709838867
YFR019W,YDR311W,0,-8.636419,0.1507352888584137,0.5256410241127014,0.29615384340286255
YIR023W,YHL020C,0,-8.636495,0.15018315613269806,0.5256410241127014,0.2974359095096588
YLR274W,YLR318W,0,-8.640024,0.14963503181934357,0.5256410241127014,0.2987179458141327
YIL034C,YJR158W,0,-8.642344,0.14909091591835022,0.5256410241127014,0.30000001192092896
YKL170W,YNL099C,0,-8.642886,0.14855071902275085,0.5256410241127014,0.30128204822540283
YNR033W,YDR004W,0,-8.645045,0.14801444113254547,0.5256410241127014,0.3025641143321991
YCR010C,YJL094C,0,-8.645301,0.1474820077419281,0.5256410241127014,0.303846150636673
YML041C,YMR051C,0,-8.645479,0.14695340394973755,0.5256410241127014,0.30512821674346924
YKR035W-A,YBL018C,0,-8.646919,0.14642857015132904,0.5256410241127014,0.3064102530479431
YLR353W,YOL105C,0,-8.651191,0.1459074765443802,0.5256410241127014,0.3076923191547394
YHR143W,YOR211C,0,-8.653995,0.14539006352424622,0.5256410241127014,0.30897435545921326
YDR440W,YDR359C,0,-8.6554365,0.14487633109092712,0.5256410241127014,0.3102564215660095
YGL035C,YLR154C,0,-8.655959,0.14436618983745575,0.5256410241127014,0.3115384578704834
YCR028C,YBL106C,0,-8.658269,0.1438596546649933,0.5256410241127014,0.31282052397727966
YOR113W,YNL117W,0,-8.66159,0.14335663616657257,0.5256410241127014,0.31410256028175354
YGL105W,YDR235W,0,-8.663315,0.1428571492433548,0.5256410241127014,0.3153846263885498
YLR240W,YPL041C,0,-8.664039,0.1423611044883728,0.5256410241127014,0.3166666626930237
YPL082C,YFL017W-A,0,-8.6655445,0.14186851680278778,0.5256410241127014,0.31794872879981995
YKL054C,YOR341W,0,-8.667453,0.14137931168079376,0.5256410241127014,0.3192307651042938
YLR158C,YFR034C,1,-8.670026,0.14432989060878754,0.5384615659713745,0.3192307651042938
YGL190C,YGR082W,0,-8.670697,0.1438356190919876,0.5384615659713745,0.3205128312110901
YDR069C,YBR253W,0,-8.674557,0.1433447152376175,0.5384615659713745,0.32179486751556396
YEL060C,YDR477W,1,-8.675372,0.14625850319862366,0.5512820482254028,0.32179486751556396
YDR096W,YOL042W,0,-8.676418,0.14576271176338196,0.5512820482254028,0.32307693362236023
YOR038C,YLR424W,0,-8.677382,0.14527027308940887,0.5512820482254028,0.3243589699268341
YMR204C,YIR041W,0,-8.679657,0.14478114247322083,0.5512820482254028,0.32564103603363037
YMR207C,YJL012C-A,0,-8.679944,0.14429530501365662,0.5512820482254028,0.32692307233810425
YDL008W,YOR185C,0,-8.68043,0.14381271600723267,0.5512820482254028,0.3282051384449005
YAL042W,YDR062W,0,-8.680601,0.1433333307504654,0.5512820482254028,0.3294871747493744
YNL014W,YGR272C,0,-8.681258,0.1428571492433548,0.5512820482254028,0.33076924085617065
YHR118C,YCR014C,0,-8.682805,0.1423841118812561,0.5512820482254028,0.33205127716064453
YPR128C,YPR183W,0,-8.683845,0.14191418886184692,0.5512820482254028,0.3333333432674408
YER087C-A,YMR125W,0,-8.685157,0.14144736528396606,0.5512820482254028,0.3346153795719147
YPL267W,YER087C-B,0,-8.687675,0.14098361134529114,0.5512820482254028,0.33589744567871094
YAR015W,YKL194C,0,-8.688477,0.14052288234233856,0.5512820482254028,0.3371794819831848
YLR452C,YPL020C,0,-8.68863,0.14006514847278595,0.5512820482254028,0.3384615480899811
YMR072W,YFR037C,0,-8.689673,0.1396103948354721,0.5512820482254028,0.33974358439445496
YPL242C,YBL058W,0,-8.689697,0.13915857672691345,0.5512820482254028,0.3410256505012512
YLR398C,YJL114W,0,-8.690906,0.1387096792459488,0.5512820482254028,0.3423076868057251
YGR188C,YJR033C,0,-8.693501,0.13826367259025574,0.5512820482254028,0.34358975291252136
YIL009W,YGL167C,0,-8.696007,0.1378205120563507,0.5512820482254028,0.34487178921699524
YJR025C,YPL110C,0,-8.69748,0.1373801976442337,0.5512820482254028,0.3461538553237915
YPR105C,YJL002C,0,-8.698081,0.13694266974925995,0.5512820482254028,0.3474358916282654
YHR082C,YJL026W,0,-8.698466,0.13650794327259064,0.5512820482254028,0.34871795773506165
YMR162C,YGR143W,0,-8.700053,0.1360759437084198,0.5512820482254028,0.3499999940395355
YDR113C,YOR069W,0,-8.703126,0.13564668595790863,0.5512820482254028,0.3512820601463318
YDR040C,YGL208W,1,-8.705302,0.138364776968956,0.5641025900840759,0.3512820601463318
YGR156W,YNL330C,0,-8.705512,0.13793103396892548,0.5641025900840759,0.35256409645080566
YGR238C,YGR274C,0,-8.709628,0.13750000298023224,0.5641025900840759,0.35384616255760193
YEL066W,YHR160C,0,-8.711421,0.1370716542005539,0.5641025900840759,0.3551281988620758
YDR060W,YJL186W,0,-8.712605,0.13664595782756805,0.5641025900840759,0.35641026496887207
YHR167W,YNL213C,0,-8.717292,0.13622291386127472,0.5641025900840759,0.35769230127334595
YOL116W,YOR346W,0,-8.717334,0.1358024626970291,0.5641025900840759,0.3589743673801422
YDR168W,YDR465C,0,-8.717412,0.13538461923599243,0.5641025900840759,0.3602564036846161
YOR279C,YOL066C,0,-8.718156,0.1349693238735199,0.5641025900840759,0.36153846979141235
YIL037C,YMR077C,0,-8.719937,0.1345565766096115,0.5641025900840759,0.36282050609588623
YML078W,YAL026C,0,-8.720279,0.13414634764194489,0.5641025900840759,0.3641025722026825
YOR239W,YDR400W,0,-8.721875,0.13373860716819763,0.5641025900840759,0.36538460850715637
YFR034C,YGL208W,1,-8.722936,0.13636364042758942,0.5769230723381042,0.36538460850715637
YLR158C,YDR477W,1,-8.725181,0.13897280395030975,0.5897436141967773,0.36538460850715637
YLR155C,YCR026C,1,-8.726865,0.14156626164913177,0.6025640964508057,0.36538460850715637
YHR186C,YDR477W,1,-8.729217,0.14414414763450623,0.6153846383094788,0.36538460850715637
YGR113W,YLR224W,0,-8.732362,0.14371258020401,0.6153846383094788,0.36666667461395264
YBL019W,YHR039C-A,0,-8.74129,0.14328357577323914,0.6153846383094788,0.3679487109184265
YGL071W,YNL229C,0,-8.743297,0.1428571492433548,0.6153846383094788,0.3692307770252228
YKR063C,YGR179C,0,-8.746868,0.14243324100971222,0.6153846383094788,0.37051281332969666
YPR188C,YHR026W,0,-8.748631,0.1420118361711502,0.6153846383094788,0.3717948794364929
YPL006W,YHR012W,0,-8.749389,0.14159291982650757,0.6153846383094788,0.3730769157409668
YDL095W,YPL208W,0,-8.750865,0.1411764770746231,0.6153846383094788,0.37435898184776306
YGR119C,YHR075C,0,-8.751256,0.14076246321201324,0.6153846383094788,0.37564101815223694
YHL019C,YCR055C,0,-8.755718,0.14035087823867798,0.6153846383094788,0.3769230842590332
YMR162C,YER171W,0,-8.758499,0.13994169235229492,0.6153846383094788,0.3782051205635071
YNR033W,YPR173C,0,-8.764503,0.13953489065170288,0.6153846383094788,0.37948718667030334
YDR138W,YIL077C,0,-8.766763,0.13913042843341827,0.6153846383094788,0.3807692229747772
YER068W,YPR078C,0,-8.767987,0.1387283205986023,0.6153846383094788,0.3820512890815735
YDR294C,YDR040C,1,-8.76938,0.1412103772163391,0.6282051205635071,0.3820512890815735
YDR294C,YMR140W,1,-8.770442,0.14367815852165222,0.6410256624221802,0.3820512890815735
YLR096W,YER160C,0,-8.774727,0.1432664692401886,0.6410256624221802,0.38333332538604736
YHR176W,YOL065C,0,-8.774735,0.1428571492433548,0.6410256624221802,0.38461539149284363
YNL147W,YMR021C,0,-8.775474,0.14245013892650604,0.6410256624221802,0.3858974277973175
YIL044C,YNL038W,0,-8.776942,0.14204545319080353,0.6410256624221802,0.38717949390411377
YPR185W,YGL137W,0,-8.780353,0.14164306223392487,0.6410256624221802,0.38846153020858765
YMR072W,YEL051W,0,-8.784877,0.14124293625354767,0.6410256624221802,0.3897435963153839
YDL178W,YGR191W,0,-8.786122,0.14084507524967194,0.6410256624221802,0.3910256326198578
YMR292W,YOR001W,0,-8.7867,0.1404494345188141,0.6410256624221802,0.39230769872665405
YKL059C,YGL100W,0,-8.78673,0.14005602896213531,0.6410256624221802,0.39358973503112793
YDR265W,YJR156C,0,-8.788498,0.13966479897499084,0.6410256624221802,0.3948718011379242
YPL060W,YPL258C,0,-8.791495,0.13927575945854187,0.6410256624221802,0.39615383744239807
YML065W,YDR379W,0,-8.791595,0.1388888955116272,0.6410256624221802,0.39743590354919434
YBR002C,YBR097W,0,-8.791997,0.13850416243076324,0.6410256624221802,0.3987179398536682
YML059C,YKL086W,0,-8.792714,0.13812154531478882,0.6410256624221802,0.4000000059604645
YLR431C,YER044C-A,0,-8.792873,0.13774104416370392,0.6410256624221802,0.40128204226493835
YCL025C,YMR192W,0,-8.794372,0.13736264407634735,0.6410256624221802,0.4025641083717346
YOR028C,YOR136W,0,-8.796901,0.13698630034923553,0.6410256624221802,0.4038461446762085
YCR091W,YML007W,0,-8.807769,0.13661202788352966,0.6410256624221802,0.40512821078300476
YHL020C,YNR046W,0,-8.808252,0.13623978197574615,0.6410256624221802,0.40641024708747864
YJR068W,YGL212W,0,-8.810209,0.135869562625885,0.6410256624221802,0.4076923131942749
YFL048C,YPL235W,0,-8.811642,0.13550135493278503,0.6410256624221802,0.4089743494987488
YBR102C,YMR285C,0,-8.816456,0.13513512909412384,0.6410256624221802,0.41025641560554504
YNL230C,YOR151C,0,-8.820033,0.13477088510990143,0.6410256624221802,0.4115384519100189
YOL077W-A,YMR165C,0,-8.822476,0.1344086080789566,0.6410256624221802,0.4128205180168152
YMR023C,YLR453C,0,-8.823027,0.1340482532978058,0.6410256624221802,0.41410255432128906
YBL047C,YDL055C,0,-8.824573,0.13368983566761017,0.6410256624221802,0.4153846204280853
YMR060C,YML039W,0,-8.82656,0.13333334028720856,0.6410256624221802,0.4166666567325592
YDL175C,YAR007C,0,-8.826966,0.13297872245311737,0.6410256624221802,0.41794872283935547
YMR001C,YPL283C,0,-8.827111,0.1326259970664978,0.6410256624221802,0.41923075914382935
YNL241C,YGR122W,0,-8.828676,0.13227513432502747,0.6410256624221802,0.4205128252506256
YLR172C,YML001W,0,-8.829556,0.13192611932754517,0.6410256624221802,0.4217948615550995
YHR152W,YJR066W,0,-8.829827,0.1315789520740509,0.6410256624221802,0.42307692766189575
YBL015W,YCR038C,0,-8.832344,0.1312336027622223,0.6410256624221802,0.42435896396636963
YNL039W,YPR046W,0,-8.833421,0.13089005649089813,0.6410256624221802,0.4256410300731659
YBL045C,YFR019W,0,-8.834309,0.13054829835891724,0.6410256624221802,0.42692306637763977
YNL016W,YMR093W,0,-8.838269,0.1302083283662796,0.6410256624221802,0.42820513248443604
YPL154C,YFR034C,1,-8.839042,0.13246753811836243,0.6538461446762085,0.42820513248443604
YHR115C,YOR237W,0,-8.841422,0.13212434947490692,0.6538461446762085,0.4294871687889099
YKR085C,YGR111W,0,-8.842238,0.13178294897079468,0.6538461446762085,0.4307692348957062
YCR063W,YFL036W,0,-8.847172,0.13144329190254211,0.6538461446762085,0.43205127120018005
YCR026C,YBR093C,1,-8.847846,0.13367609679698944,0.6666666865348816,0.43205127120018005
YOR136W,YBL100W-A,0,-8.850532,0.13333334028720856,0.6666666865348816,0.4333333373069763
YDR221W,YLR285W,0,-8.850867,0.13299232721328735,0.6666666865348816,0.4346153736114502
YHL002W,YDR469W,0,-8.851531,0.13265305757522583,0.6666666865348816,0.43589743971824646
YLR006C,YDR407C,0,-8.855266,0.1323155164718628,0.6666666865348816,0.43717947602272034
YLR097C,YHR152W,0,-8.855863,0.13197968900203705,0.6666666865348816,0.4384615421295166
YFR048W,YGR033C,0,-8.858392,0.1316455751657486,0.6666666865348816,0.4397435784339905
YHR170W,YKL154W,0,-8.859346,0.13131313025951385,0.6666666865348816,0.44102564454078674
YJR118C,YJR073C,0,-8.861471,0.13098236918449402,0.6666666865348816,0.4423076808452606
YHR186C,YMR140W,1,-8.867267,0.13316583633422852,0.6794871687889099,0.4423076808452606
YBR260C,YPL123C,0,-8.868767,0.13283208012580872,0.6794871687889099,0.4435897469520569
YOR068C,YPR107C,0,-8.87003,0.13249999284744263,0.6794871687889099,0.44487178325653076
YDL115C,YLR240W,0,-8.87015,0.13216957449913025,0.6794871687889099,0.446153849363327
YFL010W-A,YDL143W,0,-8.87063,0.1318407952785492,0.6794871687889099,0.4474358856678009
YJR002W,YPL058C,0,-8.873732,0.13151364028453827,0.6794871687889099,0.44871795177459717
YBR009C,YDR515W,0,-8.873787,0.13118812441825867,0.6794871687889099,0.44999998807907104
YKL170W,YJL204C,0,-8.87955,0.1308642029762268,0.6794871687889099,0.4512820541858673
YMR204C,YCR014C,0,-8.879622,0.1305418759584427,0.6794871687889099,0.4525640904903412
YDR054C,YOL115W,0,-8.881113,0.13022112846374512,0.6794871687889099,0.45384615659713745
YNR067C,YPL118W,0,-8.882298,0.1299019604921341,0.6794871687889099,0.45512819290161133
YLR172C,YMR202W,0,-8.88404,0.12958435714244843,0.6794871687889099,0.4564102590084076
YLR155C,YFR034C,1,-8.884818,0.1317073106765747,0.692307710647583,0.4564102590084076
YJR053W,YDL231C,0,-8.885343,0.131386861205101,0.692307710647583,0.45769229531288147
YPR185W,YLR007W,0,-8.886782,0.13106796145439148,0.692307710647583,0.45897436141967773
YAL056W,YPL192C,0,-8.887407,0.1307506114244461,0.692307710647583,0.4602563977241516
YBL056W,YDR200C,0,-8.89298,0.1304347813129425,0.692307710647583,0.4615384638309479
YPL118W,YDR288W,0,-8.899469,0.13012048602104187,0.692307710647583,0.46282050013542175
YGL065C,YBR168W,0,-8.900836,0.12980769574642181,0.692307710647583,0.464102566242218
YNL327W,YDL003W,0,-8.90808,0.12949639558792114,0.692307710647583,0.4653846025466919
YCR020W-B,YPL258C,0,-8.909137,0.12918660044670105,0.692307710647583,0.46666666865348816
YKR052C,YDR532C,0,-8.913148,0.12887828052043915,0.692307710647583,0.46794870495796204
YNL006W,YKR052C,0,-8.916333,0.12857143580913544,0.692307710647583,0.4692307710647583
YJL062W,YDR078C,0,-8.916747,0.12826603651046753,0.692307710647583,0.4705128073692322
YML116W,YBL098W,0,-8.919679,0.12796208262443542,0.692307710647583,0.47179487347602844
YGR085C,YHR012W,0,-8.919755,0.12765957415103912,0.692307710647583,0.4730769097805023
YLR190W,YDR145W,0,-8.924403,0.12735849618911743,0.692307710647583,0.4743589758872986
YGR057C,YKR055W,0,-8.925311,0.12705881893634796,0.692307710647583,0.47564101219177246
YPR131C,YDR310C,0,-8.927557,0.1267605572938919,0.692307710647583,0.4769230782985687
YGR166W,YDL244W,0,-8.930965,0.12646369636058807,0.692307710647583,0.4782051146030426
YPR133C,YLR249W,0,-8.936651,0.12616822123527527,0.692307710647583,0.47948718070983887
YDR456W,YIL143C,0,-8.937612,0.1258741319179535,0.692307710647583,0.48076921701431274
YGR170W,YPL022W,0,-8.939435,0.12558139860630035,0.692307710647583,0.482051283121109
YBR048W,YLR354C,0,-8.942425,0.12529002130031586,0.692307710647583,0.4833333194255829
YCR002C,YML097C,0,-8.942485,0.125,0.692307710647583,0.48461538553237915
YDR294C,YHR186C,1,-8.94258,0.12702079117298126,0.7051281929016113,0.48461538553237915
YGR133W,YIL118W,0,-8.943442,0.1267281174659729,0.7051281929016113,0.485897421836853
YKL141W,YPL176C,0,-8.943815,0.12643678486347198,0.7051281929016113,0.4871794879436493
YOR361C,YOR270C,0,-8.945731,0.12614679336547852,0.7051281929016113,0.48846152424812317
YDL006W,YKL079W,0,-8.946412,0.1258581280708313,0.7051281929016113,0.48974359035491943
YNR057C,YDL085W,0,-8.946815,0.12557077407836914,0.7051281929016113,0.4910256266593933
YER020W,YJR042W,0,-8.9536295,0.12528473138809204,0.7051281929016113,0.4923076927661896
YDL099W,YHR111W,0,-8.955617,0.125,0.7051281929016113,0.49358972907066345
YPL015C,YJL029C,0,-8.956161,0.12471655011177063,0.7051281929016113,0.4948717951774597
YHR167W,YIL023C,0,-8.958053,0.12443438917398453,0.7051281929016113,0.4961538314819336
YPR112C,YBR152W,0,-8.9600725,0.1241535022854805,0.7051281929016113,0.49743589758872986
YLR330W,YBR213W,0,-8.960496,0.12387387454509735,0.7051281929016113,0.49871793389320374
YFL034C-B,YKR087C,0,-8.962574,0.12359550595283508,0.7051281929016113,0.5
YAL010C,YML001W,0,-8.96345,0.1233183890581131,0.7051281929016113,0.5012820363044739
YDR216W,YDR138W,0,-8.971028,0.1230425089597702,0.7051281929016113,0.5025641322135925
YIR023W,YDL195W,0,-8.972319,0.1227678582072258,0.7051281929016113,0.5038461685180664
YDR130C,YOL027C,0,-8.972421,0.12249442934989929,0.7051281929016113,0.5051282048225403
YHR188C,YPL145C,0,-8.97549,0.12222222238779068,0.7051281929016113,0.5064102411270142
YDR037W,YLR427W,0,-8.975492,0.12195122241973877,0.7051281929016113,0.5076923370361328
YCL044C,YDR457W,0,-8.976305,0.12168141454458237,0.7051281929016113,0.5089743733406067
YMR225C,YOR043W,0,-8.977619,0.12141280621290207,0.7051281929016113,0.5102564096450806
YDL005C,YPL085W,0,-8.97799,0.12114537507295609,0.7051281929016113,0.5115384459495544
YDR446W,YNL047C,0,-8.982141,0.12087912112474442,0.7051281929016113,0.5128205418586731
YLL015W,YLR353W,0,-8.983453,0.12061403691768646,0.7051281929016113,0.514102578163147
YJL116C,YDR425W,0,-8.988766,0.12035010755062103,0.7051281929016113,0.5153846144676208
YDL175C,YBR152W,0,-8.99078,0.12008733302354813,0.7051281929016113,0.5166666507720947
YML094W,YML098W,0,-8.996069,0.11982570588588715,0.7051281929016113,0.5179487466812134
YOL135C,YJR132W,0,-8.996078,0.1195652186870575,0.7051281929016113,0.5192307829856873
YPL154C,YMR140W,1,-8.996556,0.12147505581378937,0.7179487347602844,0.5192307829856873
YJL085W,YDR115W,0,-8.99735,0.12121212482452393,0.7179487347602844,0.5205128192901611
YDR174W,YGR004W,0,-8.997392,0.12095032632350922,0.7179487347602844,0.521794855594635
YGR121C,YGL172W,0,-9.0027,0.12068965286016464,0.7179487347602844,0.5230769515037537
YGR078C,YPL206C,0,-9.010255,0.1204301044344902,0.7179487347602844,0.5243589878082275
YBR041W,YEL004W,0,-9.013998,0.1201716735959053,0.7179487347602844,0.5256410241127014
YDR224C,YBL007C,0,-9.014768,0.11991434544324875,0.7179487347602844,0.5269230604171753
YDL015C,YLL012W,0,-9.017171,0.11965811997652054,0.7179487347602844,0.528205156326294
YPR082C,YER027C,0,-9.018943,0.11940298229455948,0.7179487347602844,0.5294871926307678
YPR110C,YDR545W,0,-9.019123,0.11914893984794617,0.7179487347602844,0.5307692289352417
YIL009W,YGL229C,0,-9.019565,0.11889596283435822,0.7179487347602844,0.5320512652397156
YKL092C,YOR267C,0,-9.019992,0.11864406615495682,0.7179487347602844,0.5333333611488342
YLR229C,YAL005C,0,-9.023017,0.11839323490858078,0.7179487347602844,0.5346153974533081
YJL203W,YKL173W,0,-9.026374,0.1181434616446495,0.7179487347602844,0.535897433757782
YLR276C,YGL162W,0,-9.026719,0.1178947389125824,0.7179487347602844,0.5371794700622559
YDR036C,YLR396C,0,-9.031502,0.11764705926179886,0.7179487347602844,0.5384615659713745
YMR097C,YGL229C,0,-9.031603,0.11740042269229889,0.7179487347602844,0.5397436022758484
YFR055W,YHR066W,0,-9.032708,0.1171548143029213,0.7179487347602844,0.5410256385803223
YPL231W,YMR272C,0,-9.034401,0.11691022664308548,0.7179487347602844,0.5423076748847961
YLR411W,YGL200C,0,-9.040168,0.11666666716337204,0.7179487347602844,0.5435897707939148
YLR155C,YHR186C,1,-9.040181,0.11850311607122421,0.7307692170143127,0.5435897707939148
YBR257W,YHR020W,0,-9.040833,0.11825726181268692,0.7307692170143127,0.5448718070983887
YLR144C,YJR139C,0,-9.043387,0.11801242083311081,0.7307692170143127,0.5461538434028625
YDR294C,YPL154C,1,-9.045938,0.11983471363782883,0.7435897588729858,0.5461538434028625
YDL134C,YJR110W,0,-9.045982,0.11958763003349304,0.7435897588729858,0.5474358797073364
YHR006W,YBR058C,0,-9.046098,0.11934156715869904,0.7435897588729858,0.5487179756164551
YGL247W,YPR008W,0,-9.047098,0.11909651011228561,0.7435897588729858,0.550000011920929
YDR302W,YML029W,0,-9.0474,0.11885245889425278,0.7435897588729858,0.5512820482254028
YMR281W,YIL002C,0,-9.048044,0.11860940605401993,0.7435897588729858,0.5525640845298767
YER103W,YOR162C,0,-9.048973,0.11836734414100647,0.7435897588729858,0.5538461804389954
YFR046C,YJR090C,0,-9.050546,0.1181262731552124,0.7435897588729858,0.5551282167434692
YBR236C,YIL173W,0,-9.053689,0.11788617819547653,0.7435897588729858,0.5564102530479431
YAL024C,YIL105C,0,-9.059318,0.11764705926179886,0.7435897588729858,0.557692289352417
YDR384C,YLR086W,0,-9.062971,0.11740890890359879,0.7435897588729858,0.5589743852615356
YGR070W,YIL061C,0,-9.075387,0.11717171967029572,0.7435897588729858,0.5602564215660095
YNL325C,YPR088C,0,-9.079762,0.11693548411130905,0.7435897588729858,0.5615384578704834
YDR314C,YLR383W,0,-9.084238,0.1167002022266388,0.7435897588729858,0.5628204941749573
YLR155C,YEL060C,1,-9.084441,0.11847389489412308,0.7564102411270142,0.5628204941749573
YGR163W,YLR059C,0,-9.086518,0.1182364746928215,0.7564102411270142,0.5641025900840759
YLR376C,YGL175C,0,-9.086615,0.11800000071525574,0.7564102411270142,0.5653846263885498
YPR199C,YDR416W,0,-9.088243,0.11776447296142578,0.7564102411270142,0.5666666626930237
YBR201W,YNL222W,0,-9.088718,0.11752988398075104,0.7564102411270142,0.5679486989974976
YHR186C,YFR034C,1,-9.090915,0.11928429454565048,0.7692307829856873,0.5679486989974976
YOR123C,YMR077C,0,-9.0934515,0.1190476194024086,0.7692307829856873,0.5692307949066162
YNL098C,YGL144C,0,-9.0952635,0.11881188303232193,0.7692307829856873,0.5705128312110901
YNL027W,YBR034C,0,-9.097368,0.11857707798480988,0.7692307829856873,0.571794867515564
YPR122W,YJL092W,0,-9.100017,0.11834319680929184,0.7692307829856873,0.5730769038200378
YPL078C,YMR212C,0,-9.101484,0.11811023950576782,0.7692307829856873,0.5743589997291565
YDL014W,YCR072C,0,-9.103034,0.11787819117307663,0.7692307829856873,0.5756410360336304
YDR512C,YER109C,0,-9.108613,0.11764705926179886,0.7692307829856873,0.5769230723381042
YDL126C,YEL024W,0,-9.110208,0.11741682887077332,0.7692307829856873,0.5782051086425781
YML051W,YMR225C,0,-9.110738,0.1171875,0.7692307829856873,0.5794872045516968
YKL143W,YEL032W,0,-9.11469,0.11695906519889832,0.7692307829856873,0.5807692408561707
YNL214W,YBL088C,0,-9.115122,0.11673151701688766,0.7692307829856873,0.5820512771606445
YGR278W,YER024W,0,-9.121391,0.11650485545396805,0.7692307829856873,0.5833333134651184
YPL154C,YEL060C,1,-9.122426,0.11821705102920532,0.7820512652397156,0.5833333134651184
YKL195W,YNL243W,0,-9.125705,0.11798839271068573,0.7820512652397156,0.5846154093742371
YDR174W,YLR010C,0,-9.138922,0.11776062101125717,0.7820512652397156,0.5858974456787109
YPL095C,YDR308C,0,-9.144771,0.11753372102975845,0.7820512652397156,0.5871794819831848
YDR508C,YBR195C,0,-9.144851,0.11730769276618958,0.7820512652397156,0.5884615182876587
YDR163W,YJL054W,0,-9.154784,0.11708253622055054,0.7820512652397156,0.5897436141967773
YER016W,YHR012W,0,-9.1586275,0.11685823649168015,0.7820512652397156,0.5910256505012512
YBR041W,YHR069C,0,-9.158937,0.116634801030159,0.7820512652397156,0.5923076868057251
YPL101W,YPL130W,0,-9.1624975,0.1164122149348259,0.7820512652397156,0.593589723110199
YMR092C,YCR089W,0,-9.164371,0.11619047820568085,0.7820512652397156,0.5948718190193176
YDR106W,YER015W,0,-9.165169,0.11596958339214325,0.7820512652397156,0.5961538553237915
YDR465C,YGR099W,0,-9.165379,0.11574952304363251,0.7820512652397156,0.5974358916282654
YMR208W,YNL214W,0,-9.1677885,0.11553030461072922,0.7820512652397156,0.5987179279327393
YNL230C,YDR463W,0,-9.174867,0.11531190574169159,0.7820512652397156,0.6000000238418579
YML069W,YLR249W,0,-9.177255,0.11509434133768082,0.7820512652397156,0.6012820601463318
YHR186C,YEL060C,1,-9.177845,0.11676082760095596,0.7948718070983887,0.6012820601463318
YML062C,YLR382C,0,-9.181739,0.11654135584831238,0.7948718070983887,0.6025640964508057
YHR186C,YBR093C,1,-9.182835,0.11819887161254883,0.807692289352417,0.6025640964508057
YNL327W,YOR069W,0,-9.185014,0.11797752976417542,0.807692289352417,0.6038461327552795
YDR503C,YER146W,0,-9.188548,0.11775700747966766,0.807692289352417,0.6051282286643982
YDR385W,YOR237W,0,-9.189284,0.11753731220960617,0.807692289352417,0.6064102649688721
YFR046C,YHR116W,0,-9.19398,0.11731843650341034,0.807692289352417,0.607692301273346
YLR085C,YGR284C,0,-9.194167,0.11710037291049957,0.807692289352417,0.6089743375778198
YPL050C,YLR435W,0,-9.19638,0.11688311398029327,0.807692289352417,0.6102564334869385
YDL243C,YPR201W,0,-9.196429,0.11666666716337204,0.807692289352417,0.6115384697914124
YLR192C,YDL015C,0,-9.200846,0.11645101755857468,0.807692289352417,0.6128205060958862
YGL005C,YML034W,0,-9.201806,0.11623616516590118,0.807692289352417,0.6141025424003601
YBR088C,YNR026C,0,-9.205017,0.11602210253477097,0.807692289352417,0.6153846383094788
YNL135C,YJL013C,0,-9.213533,0.11580882221460342,0.807692289352417,0.6166666746139526
YGL045W,YDR427W,0,-9.214032,0.11559633165597916,0.807692289352417,0.6179487109184265
YBR245C,YBL025W,0,-9.214335,0.11538461595773697,0.807692289352417,0.6192307472229004
YGR145W,YDR337W,0,-9.216044,0.11517367511987686,0.807692289352417,0.620512843132019
YLR330W,YGR082W,0,-9.216657,0.11496350169181824,0.807692289352417,0.6217948794364929
YNL210W,YMR182C,0,-9.219215,0.1147540956735611,0.807692289352417,0.6230769157409668
YHR169W,YPL211W,0,-9.219316,0.11454545706510544,0.807692289352417,0.6243589520454407
YPL145C,YLR260W,0,-9.219983,0.11433757096529007,0.807692289352417,0.6256410479545593
YGR078C,YHR006W,0,-9.2246275,0.11413043737411499,0.807692289352417,0.6269230842590332
YMR301C,YFR052W,0,-9.227443,0.1139240488409996,0.807692289352417,0.6282051205635071
YAR018C,YKR055W,0,-9.234731,0.1137184128165245,0.807692289352417,0.629487156867981
YMR065W,YOL125W,0,-9.237253,0.1135135143995285,0.807692289352417,0.6307692527770996
YOR239W,YKL021C,0,-9.23869,0.1133093535900116,0.807692289352417,0.6320512890815735
YNL233W,YLR354C,0,-9.239272,0.11310592293739319,0.807692289352417,0.6333333253860474
YMR184W,YML102W,0,-9.241346,0.11290322244167328,0.807692289352417,0.6346153616905212
YDR478W,YPL106C,0,-9.251266,0.11270125210285187,0.807692289352417,0.6358974575996399
YGR006W,YBR228W,0,-9.254289,0.11249999701976776,0.807692289352417,0.6371794939041138
YBR050C,YKL082C,0,-9.25772,0.11229946464300156,0.807692289352417,0.6384615302085876
YGL195W,YNR023W,0,-9.260257,0.11209964752197266,0.807692289352417,0.6397435665130615
YDR284C,YBL056W,0,-9.262763,0.11190053075551987,0.807692289352417,0.6410256624221802
YLR190W,YBR218C,0,-9.26278,0.11170212924480438,0.807692289352417,0.642307698726654
YHR143W,YEL024W,0,-9.263181,0.11150442808866501,0.807692289352417,0.6435897350311279
YEL018W,YHL031C,0,-9.265702,0.11130741983652115,0.807692289352417,0.6448717713356018
YGL119W,YPL115C,0,-9.273385,0.1111111119389534,0.807692289352417,0.6461538672447205
YER162C,YNL131W,0,-9.274652,0.11091548949480057,0.807692289352417,0.6474359035491943
YDL039C,YDR460W,0,-9.275461,0.11072055995464325,0.807692289352417,0.6487179398536682
YDR256C,YPL083C,0,-9.277078,0.11052631586790085,0.807692289352417,0.6499999761581421
YOR340C,YDR285W,0,-9.2772,0.11033274978399277,0.807692289352417,0.6512820720672607
YDR162C,YGL172W,0,-9.28025,0.110139861702919,0.807692289352417,0.6525641083717346
YIL051C,YML019W,0,-9.284583,0.10994764417409897,0.807692289352417,0.6538461446762085
YDR423C,YLR298C,0,-9.288522,0.10975609719753265,0.807692289352417,0.6551281809806824
YJL170C,YPR046W,0,-9.289205,0.10956522077322006,0.807692289352417,0.656410276889801
YPL078C,YLR071C,0,-9.292384,0.109375,0.807692289352417,0.6576923131942749
YGR279C,YNL273W,0,-9.293588,0.10918544232845306,0.807692289352417,0.6589743494987488
YDR516C,YLR190W,0,-9.297763,0.10899654030799866,0.807692289352417,0.6602563858032227
YNL201C,YIL030C,0,-9.299641,0.10880828648805618,0.807692289352417,0.6615384817123413
YOR037W,YOL143C,0,-9.300552,0.10862068831920624,0.807692289352417,0.6628205180168152
YJL089W,YML088W,0,-9.300969,0.10843373835086823,0.807692289352417,0.6641025543212891
YGL219C,YPL180W,0,-9.303566,0.10824742168188095,0.807692289352417,0.6653845906257629
YJR053W,YDR126W,0,-9.305242,0.10806175321340561,0.807692289352417,0.6666666865348816
YML077W,YJR013W,0,-9.306203,0.10787671059370041,0.807692289352417,0.6679487228393555
YDL019C,YBL061C,0,-9.307904,0.10769230872392654,0.807692289352417,0.6692307591438293
YOR030W,YLR186W,0,-9.307921,0.10750853270292282,0.807692289352417,0.6705127954483032
YOR157C,YDR164C,0,-9.316166,0.10732538253068924,0.807692289352417,0.6717948913574219
YMR026C,YGL213C,0,-9.317115,0.1071428582072258,0.807692289352417,0.6730769276618958
YPL117C,YER154W,0,-9.321118,0.1069609522819519,0.807692289352417,0.6743589639663696
YLR109W,YKR085C,0,-9.323583,0.10677965730428696,0.807692289352417,0.6756410002708435
YGL105W,YDR484W,0,-9.325034,0.10659898817539215,0.807692289352417,0.6769230961799622
YPL217C,YOR132W,0,-9.328207,0.1064189225435257,0.807692289352417,0.678205132484436
YGL174W,YPR086W,0,-9.330708,0.10623946040868759,0.807692289352417,0.6794871687889099
YCR031C,YBL058W,0,-9.333182,0.10606060922145844,0.807692289352417,0.6807692050933838
YNR035C,YDR416W,0,-9.336979,0.10588235408067703,0.807692289352417,0.6820513010025024
YFR034C,YBR093C,1,-9.340661,0.10738255083560944,0.8205128312110901,0.6820513010025024
YPR138C,YLL011W,0,-9.3453245,0.1072026789188385,0.8205128312110901,0.6833333373069763
YGL087C,YBL061C,0,-9.346787,0.10702341049909592,0.8205128312110901,0.6846153736114502
YNR044W,YOR133W,0,-9.350725,0.10684473812580109,0.8205128312110901,0.6858974099159241
YOR191W,YCR033W,0,-9.356414,0.1066666692495346,0.8205128312110901,0.6871795058250427
YKR061W,YBL088C,0,-9.357674,0.10648918151855469,0.8205128312110901,0.6884615421295166
YIL065C,YPR131C,0,-9.358033,0.10631228983402252,0.8205128312110901,0.6897435784339905
YNR032W,YDR310C,0,-9.368064,0.10613598674535751,0.8205128312110901,0.6910256147384644
YAL043C,YDR469W,0,-9.373242,0.10596026480197906,0.8205128312110901,0.692307710647583
YOR269W,YML052W,0,-9.376451,0.10578512400388718,0.8205128312110901,0.6935897469520569
YLR303W,YLR453C,0,-9.37654,0.10561056435108185,0.8205128312110901,0.6948717832565308
YHR186C,YCR026C,1,-9.376647,0.10708402097225189,0.8333333134651184,0.6948717832565308
YBL018C,YOR003W,0,-9.388001,0.10690789669752121,0.8333333134651184,0.6961538195610046
YOL059W,YNL222W,0,-9.388711,0.10673234611749649,0.8333333134651184,0.6974359154701233
YOR351C,YGR253C,0,-9.392766,0.10655737668275833,0.8333333134651184,0.6987179517745972
YBL009W,YJR002W,0,-9.393421,0.10638298094272614,0.8333333134651184,0.699999988079071
YNR027W,YHR038W,0,-9.39532,0.1062091514468193,0.8333333134651184,0.7012820243835449
YLL018C-A,YPR138C,0,-9.410449,0.10603588819503784,0.8333333134651184,0.7025641202926636
YLR382C,YJR066W,0,-9.413118,0.10586319118738174,0.8333333134651184,0.7038461565971375
YMR316W,YGL153W,0,-9.414905,0.10569106042385101,0.8333333134651184,0.7051281929016113
YFL013C,YMR203W,0,-9.415544,0.10551948100328445,0.8333333134651184,0.7064102292060852
YOR261C,YOL124C,0,-9.417344,0.10534846037626266,0.8333333134651184,0.7076923251152039
YGL247W,YPL021W,0,-9.421163,0.10517799109220505,0.8333333134651184,0.7089743614196777
YGR041W,YDR449C,0,-9.421834,0.1050080806016922,0.8333333134651184,0.7102563977241516
YPR104C,YGR202C,0,-9.422021,0.10483870655298233,0.8333333134651184,0.7115384340286255
YKL014C,YNL044W,0,-9.422595,0.10466988384723663,0.8333333134651184,0.7128205299377441
YKR038C,YJL116C,0,-9.423305,0.10450160503387451,0.8333333134651184,0.714102566242218
YLR155C,YGL208W,1,-9.423429,0.10593900829553604,0.8461538553237915,0.714102566242218
YGR038W,YGR085C,0,-9.432275,0.10576923191547394,0.8461538553237915,0.7153846025466919
YMR060C,YMR272C,0,-9.43513,0.10559999942779541,0.8461538553237915,0.7166666388511658
YBL046W,YML055W,0,-9.436633,0.10543131083250046,0.8461538553237915,0.7179487347602844
YCR044C,YMR117C,0,-9.438684,0.10526315867900848,0.8461538553237915,0.7192307710647583
YNL061W,YJL204C,0,-9.440348,0.10509554296731949,0.8461538553237915,0.7205128073692322
YDR022C,YOR229W,0,-9.440736,0.10492845624685287,0.8461538553237915,0.721794843673706
YMR234W,YBR105C,0,-9.440764,0.10476190596818924,0.8461538553237915,0.7230769395828247
YOR058C,YLR023C,0,-9.442959,0.10459587723016739,0.8461538553237915,0.7243589758872986
YOR191W,YPR054W,0,-9.445504,0.10443037748336792,0.8461538553237915,0.7256410121917725
YJL095W,YDR508C,0,-9.449187,0.10426539927721024,0.8461538553237915,0.7269230484962463
YJL085W,YDL135C,0,-9.4501505,0.10410095006227493,0.8461538553237915,0.728205144405365
YOR136W,YDL006W,0,-9.453069,0.10393700748682022,0.8461538553237915,0.7294871807098389
YER017C,YAL025C,0,-9.455628,0.1037735864520073,0.8461538553237915,0.7307692170143127
YLR158C,YBR093C,1,-9.458499,0.1051805317401886,0.8589743375778198,0.7307692170143127
YNL147W,YBL090W,0,-9.459646,0.10501567274332047,0.8589743375778198,0.7320512533187866
YOR033C,YDL052C,0,-9.460844,0.10485132783651352,0.8589743375778198,0.7333333492279053
YOR144C,YLR256W,0,-9.468047,0.10468749701976776,0.8589743375778198,0.7346153855323792
YLR155C,YDR477W,1,-9.4690695,0.10608424246311188,0.8717948794364929,0.7346153855323792
YPR033C,YDR322C-A,0,-9.472892,0.1059190034866333,0.8717948794364929,0.735897421836853
YJR104C,YPR088C,0,-9.475675,0.10575427860021591,0.8717948794364929,0.7371794581413269
YER166W,YML041C,0,-9.477721,0.10559006035327911,0.8717948794364929,0.7384615540504456
YBR034C,YBR165W,0,-9.479301,0.1054263561964035,0.8717948794364929,0.7397435903549194
YLR431C,YOR020C,0,-9.481364,0.10526315867900848,0.8717948794364929,0.7410256266593933
YFR029W,YOR216C,0,-9.483096,0.10510046035051346,0.8717948794364929,0.7423076629638672
YJR002W,YIL160C,0,-9.485028,0.10493826866149902,0.8717948794364929,0.7435897588729858
YJR121W,YGR008C,0,-9.489388,0.10477657616138458,0.8717948794364929,0.7448717951774597
YLR399C,YDL059C,0,-9.489602,0.10461538285017014,0.8717948794364929,0.7461538314819336
YDL175C,YLR113W,0,-9.49036,0.10445468872785568,0.8717948794364929,0.7474358677864075
YHR116W,YJL176C,0,-9.494232,0.10429447889328003,0.8717948794364929,0.7487179636955261
YPR200C,YDR071C,0,-9.495473,0.10413476079702377,0.8717948794364929,0.75
YDL149W,YBL093C,0,-9.498556,0.10397553443908691,0.8717948794364929,0.7512820363044739
YGR121C,YHR004C,0,-9.504345,0.10381679236888885,0.8717948794364929,0.7525641322135925
YKL045W,YNL229C,0,-9.506377,0.1036585345864296,0.8717948794364929,0.7538461685180664
YGR157W,YOL126C,0,-9.510276,0.10350076109170914,0.8717948794364929,0.7551282048225403
YER029C,YCR073W-A,0,-9.511012,0.10334346443414688,0.8717948794364929,0.7564102411270142
YOR040W,YHL007C,0,-9.512608,0.10318664461374283,0.8717948794364929,0.7576923370361328
YOR321W,YJL108C,0,-9.512851,0.10303030163049698,0.8717948794364929,0.7589743733406067
YMR266W,YFL058W,0,-9.514757,0.10287443548440933,0.8717948794364929,0.7602564096450806
YJL013C,YDR078C,0,-9.519401,0.1027190312743187,0.8717948794364929,0.7615384459495544
YHR186C,YGL208W,1,-9.521159,0.10407239943742752,0.8846153616905212,0.7615384459495544
YLL013C,YDR394W,0,-9.523723,0.10391566157341003,0.8846153616905212,0.7628205418586731
YFR034C,YDR477W,1,-9.527693,0.10526315867900848,0.8974359035491943,0.7628205418586731
YLR231C,YGR247W,0,-9.529179,0.10510510206222534,0.8974359035491943,0.764102578163147
YJL014W,YCR057C,0,-9.53123,0.104947529733181,0.8974359035491943,0.7653846144676208
YPL133C,YBR289W,0,-9.533828,0.10479041934013367,0.8974359035491943,0.7666666507720947
YCR038C,YAL025C,0,-9.533936,0.10463377833366394,0.8974359035491943,0.7679487466812134
YFR041C,YBR083W,0,-9.538486,0.10447761416435242,0.8974359035491943,0.7692307829856873
YPL154C,YBR093C,1,-9.547856,0.10581222176551819,0.9102563858032227,0.7692307829856873
YPL266W,YDR176W,0,-9.549819,0.1056547611951828,0.9102563858032227,0.7705128192901611
YMR023C,YKL035W,0,-9.559919,0.10549777001142502,0.9102563858032227,0.771794855594635
YDR295C,YKL059C,0,-9.561433,0.10534124821424484,0.9102563858032227,0.7730769515037537
YGL075C,YDR172W,0,-9.570836,0.10518518835306168,0.9102563858032227,0.7743589878082275
YBR004C,YLR148W,0,-9.581458,0.10502958297729492,0.9102563858032227,0.7756410241127014
YJL209W,YLR246W,0,-9.584851,0.10487444698810577,0.9102563858032227,0.7769230604171753
YER162C,YOR332W,0,-9.589021,0.10471976548433304,0.9102563858032227,0.778205156326294
YDL079C,YNL126W,0,-9.593282,0.10456553846597672,0.9102563858032227,0.7794871926307678
YBR023C,YNL314W,0,-9.59582,0.1044117659330368,0.9102563858032227,0.7807692289352417
YEL069C,YHR170W,0,-9.595982,0.10425844043493271,0.9102563858032227,0.7820512652397156
YGL106W,YHR172W,0,-9.600735,0.10410556942224503,0.9102563858032227,0.7833333611488342
YMR296C,YER022W,0,-9.605247,0.10395314544439316,0.9102563858032227,0.7846153974533081
YPR093C,YGL130W,0,-9.608245,0.1038011685013771,0.9102563858032227,0.785897433757782
YER094C,YML027W,0,-9.610072,0.10364963859319687,0.9102563858032227,0.7871794700622559
YDL099W,YOL020W,0,-9.6139555,0.10349854081869125,0.9102563858032227,0.7884615659713745
YGR254W,YDL230W,0,-9.623679,0.10334789007902145,0.9102563858032227,0.7897436022758484
YOR112W,YFL013C,0,-9.627246,0.10319767147302628,0.9102563858032227,0.7910256385803223
YLR401C,YHR196W,0,-9.628128,0.10304789245128632,0.9102563858032227,0.7923076748847961
YJL006C,YGL020C,0,-9.629206,0.10289855301380157,0.9102563858032227,0.7935897707939148
YLR330W,YPL049C,0,-9.631885,0.10274963825941086,0.9102563858032227,0.7948718070983887
YDR464W,YOR054C,0,-9.636052,0.10260115563869476,0.9102563858032227,0.7961538434028625
YOR298C-A,YGL094C,0,-9.64006,0.10245310515165329,0.9102563858032227,0.7974358797073364
YLR233C,YGR253C,0,-9.64053,0.10230547189712524,0.9102563858032227,0.7987179756164551
YJR108W,YAR002C-A,0,-9.6434355,0.10215827077627182,0.9102563858032227,0.800000011920929
YHR186C,YPL154C,1,-9.644,0.1034482792019844,0.9230769276618958,0.800000011920929
YBR236C,YMR280C,0,-9.647136,0.10329985618591309,0.9230769276618958,0.8012820482254028
YBR167C,YBR273C,0,-9.648412,0.10315186530351639,0.9230769276618958,0.8025640845298767
YBR258C,YIL126W,0,-9.659354,0.10300429165363312,0.9230769276618958,0.8038461804389954
YMR116C,YIL016W,0,-9.662461,0.10285714268684387,0.9230769276618958,0.8051282167434692
YLR155C,YBR093C,1,-9.671425,0.10413694381713867,0.9358974099159241,0.8051282167434692
YJL124C,YJR009C,0,-9.6721945,0.10398860275745392,0.9358974099159241,0.8064102530479431
YGR109C,YDR492W,0,-9.686314,0.10384068638086319,0.9358974099159241,0.807692289352417
YBL105C,YGR104C,0,-9.692677,0.10369317978620529,0.9358974099159241,0.8089743852615356
YJR118C,YPL042C,0,-9.69519,0.10354609787464142,0.9358974099159241,0.8102564215660095
YDR142C,YIL068C,0,-9.696189,0.10339943319559097,0.9358974099159241,0.8115384578704834
YLR310C,YNL279W,0,-9.701664,0.10325318574905396,0.9358974099159241,0.8128204941749573
YGL005C,YKL020C,0,-9.703469,0.10310734808444977,0.9358974099159241,0.8141025900840759
YDR258C,YNL147W,0,-9.715837,0.10296192020177841,0.9358974099159241,0.8153846263885498
YMR314W,YKL035W,0,-9.716701,0.10281690210103989,0.9358974099159241,0.8166666626930237
YPL213W,YGL097W,0,-9.716934,0.10267229378223419,0.9358974099159241,0.8179486989974976
YGL223C,YAR007C,0,-9.720761,0.10252808779478073,0.9358974099159241,0.8192307949066162
YMR033W,YOR279C,0,-9.728033,0.1023842915892601,0.9358974099159241,0.8205128312110901
YLR155C,YDR294C,1,-9.729621,0.10364145785570145,0.9487179517745972,0.8205128312110901
YGL111W,YIL075C,0,-9.730163,0.1034965068101883,0.9487179517745972,0.821794867515564
YMR280C,YGL058W,0,-9.73159,0.10335195809602737,0.9487179517745972,0.8230769038200378
YGL167C,YOR380W,0,-9.733956,0.10320781171321869,0.9487179517745972,0.8243589997291565
YJL095W,YPL217C,0,-9.74142,0.10306406766176224,0.9487179517745972,0.8256410360336304
YER020W,YLR148W,0,-9.742514,0.10292072594165802,0.9487179517745972,0.8269230723381042
YGR113W,YNL075W,0,-9.746015,0.10277777910232544,0.9487179517745972,0.8282051086425781
YLR103C,YNL241C,0,-9.747883,0.1026352271437645,0.9487179517745972,0.8294872045516968
YOL065C,YPR046W,0,-9.750974,0.10249307751655579,0.9487179517745972,0.8307692408561707
YKL008C,YDL235C,0,-9.751346,0.10235131531953812,0.9487179517745972,0.8320512771606445
YGR238C,YPL129W,0,-9.751418,0.10220994800329208,0.9487179517745972,0.8333333134651184
YNL325C,YGR279C,0,-9.758639,0.10206896811723709,0.9487179517745972,0.8346154093742371
YDL098C,YJL004C,0,-9.7590475,0.10192837566137314,0.9487179517745972,0.8358974456787109
YDR121W,YML088W,0,-9.762614,0.10178817063570023,0.9487179517745972,0.8371794819831848
YDR298C,YOR208W,0,-9.77329,0.10164835304021835,0.9487179517745972,0.8384615182876587
YMR127C,YPL203W,0,-9.778874,0.10150891542434692,0.9487179517745972,0.8397436141967773
YDR168W,YLR200W,0,-9.784242,0.10136986523866653,0.9487179517745972,0.8410256505012512
YCR072C,YGL100W,0,-9.787017,0.10123118758201599,0.9487179517745972,0.8423076868057251
YAL012W,YML076C,0,-9.787226,0.10109289735555649,0.9487179517745972,0.843589723110199
YDR151C,YNR011C,0,-9.793104,0.10095497965812683,0.9487179517745972,0.8448718190193176
YDR328C,YBL004W,0,-9.79383,0.10081744194030762,0.9487179517745972,0.8461538553237915
YDR487C,YPR133C,0,-9.794595,0.10068026930093765,0.9487179517745972,0.8474358916282654
YJR076C,YKL178C,0,-9.794969,0.10054347664117813,0.9487179517745972,0.8487179279327393
YNR044W,YHR135C,0,-9.796187,0.10040705651044846,0.9487179517745972,0.8500000238418579
YHR150W,YBR250W,0,-9.798672,0.10027100145816803,0.9487179517745972,0.8512820601463318
YGL251C,YPL234C,0,-9.804082,0.10013531893491745,0.9487179517745972,0.8525640964508057
YPL118W,YPR182W,0,-9.821778,0.10000000149011612,0.9487179517745972,0.8538461327552795
YLL026W,YGL093W,0,-9.825167,0.09986504912376404,0.9487179517745972,0.8551282286643982
YKR052C,YLR165C,0,-9.829324,0.0997304618358612,0.9487179517745972,0.8564102649688721
YMR091C,YNL160W,0,-9.832448,0.09959623217582703,0.9487179517745972,0.857692301273346
YPR144C,YKL014C,0,-9.832796,0.0994623675942421,0.9487179517745972,0.8589743375778198
YDR423C,YOL001W,0,-9.848527,0.09932886064052582,0.9487179517745972,0.8602564334869385
YKR035W-A,YIL160C,0,-9.849378,0.09919571131467819,0.9487179517745972,0.8615384697914124
YDL090C,YIL039W,0,-9.849816,0.09906291961669922,0.9487179517745972,0.8628205060958862
YCL035C,YOR188W,0,-9.852061,0.0989304780960083,0.9487179517745972,0.8641025424003601
YJL042W,YOR354C,0,-9.8709955,0.09879839420318604,0.9487179517745972,0.8653846383094788
YFL031W,YBR142W,0,-9.871261,0.09866666793823242,0.9487179517745972,0.8666666746139526
YFL018C,YLL021W,0,-9.882766,0.09853528439998627,0.9487179517745972,0.8679487109184265
YDR245W,YLR435W,0,-9.882947,0.09840425848960876,0.9487179517745972,0.8692307472229004
YBL078C,YKL085W,0,-9.882997,0.09827357530593872,0.9487179517745972,0.870512843132019
YNR026C,YOR194C,0,-9.898122,0.09814323484897614,0.9487179517745972,0.8717948794364929
YOR038C,YGR171C,0,-9.902257,0.0980132445693016,0.9487179517745972,0.8730769157409668
YLL038C,YDR378C,0,-9.904191,0.09788359701633453,0.9487179517745972,0.8743589520454407
YML112W,YKL201C,0,-9.913004,0.09775429219007492,0.9487179517745972,0.8756410479545593
YGR028W,YHR197W,0,-9.921051,0.09762533009052277,0.9487179517745972,0.8769230842590332
YLR192C,YPL159C,0,-9.929871,0.09749670326709747,0.9487179517745972,0.8782051205635071
YPR183W,YHR176W,0,-9.931683,0.09736841917037964,0.9487179517745972,0.879487156867981
YPL100W,YGR119C,0,-9.931693,0.09724047034978867,0.9487179517745972,0.8807692527770996
YNL008C,YLR448W,0,-9.93205,0.09711286425590515,0.9487179517745972,0.8820512890815735
YLR167W,YKR101W,0,-9.93978,0.0969855859875679,0.9487179517745972,0.8833333253860474
YJR137C,YFR029W,0,-9.942241,0.09685863554477692,0.9487179517745972,0.8846153616905212
YJR092W,YHR092C,0,-9.9478,0.09673202782869339,0.9487179517745972,0.8858974575996399
YOR028C,YBR221C,0,-9.948584,0.09660574048757553,0.9487179517745972,0.8871794939041138
YJR093C,YOL128C,0,-9.95494,0.09647978842258453,0.9487179517745972,0.8884615302085876
YDR294C,YBR093C,1,-9.955378,0.09765625,0.9615384340286255,0.8884615302085876
YGL038C,YDL030W,0,-9.972759,0.09752926230430603,0.9615384340286255,0.8897435665130615
YMR161W,YLR167W,0,-9.973956,0.09740259498357773,0.9615384340286255,0.8910256624221802
YHR116W,YGL137W,0,-9.982757,0.09727626293897629,0.9615384340286255,0.892307698726654
YGR225W,YHR197W,0,-9.985313,0.09715025871992111,0.9615384340286255,0.8935897350311279
YNL027W,YLR305C,0,-9.990744,0.0970245823264122,0.9615384340286255,0.8948717713356018
YHR116W,YLR116W,0,-9.991511,0.09689922630786896,0.9615384340286255,0.8961538672447205
YJR078W,YOR129C,0,-9.992459,0.09677419066429138,0.9615384340286255,0.8974359035491943
YOR142W,YLR020C,0,-9.995917,0.09664948284626007,0.9615384340286255,0.8987179398536682
YML058W-A,YBL005W,0,-9.999294,0.09652509540319443,0.9615384340286255,0.8999999761581421
YBR093C,YGL208W,1,-10.011563,0.09768637269735336,0.9743589758872986,0.8999999761581421
YOL086C,YBR152W,0,-10.039783,0.09756097197532654,0.9743589758872986,0.9012820720672607
YPR070W,YIR011C,0,-10.047111,0.09743589907884598,0.9743589758872986,0.9025641083717346
YIR006C,YNL206C,0,-10.062629,0.09731113910675049,0.9743589758872986,0.9038461446762085
YMR314W,YJR156C,0,-10.072299,0.09718669950962067,0.9743589758872986,0.9051281809806824
YOR260W,YJL164C,0,-10.076982,0.09706258028745651,0.9743589758872986,0.906410276889801
YOR168W,YOR380W,0,-10.078151,0.09693877398967743,0.9743589758872986,0.9076923131942749
YIL155C,YHR170W,0,-10.080781,0.09681528806686401,0.9743589758872986,0.9089743494987488
YDR295C,YKR087C,0,-10.085556,0.09669211506843567,0.9743589758872986,0.9102563858032227
YPL131W,YGR005C,0,-10.090132,0.0965692475438118,0.9743589758872986,0.9115384817123413
YPL097W,YDR156W,0,-10.104417,0.0964467003941536,0.9743589758872986,0.9128205180168152
YDL031W,YJL048C,0,-10.134295,0.09632445871829987,0.9743589758872986,0.9141025543212891
YLR085C,YMR197C,0,-10.137447,0.09620252996683121,0.9743589758872986,0.9153845906257629
YDR302W,YDL085W,0,-10.146311,0.09608090668916702,0.9743589758872986,0.9166666865348816
YHR024C,YPL159C,0,-10.147832,0.09595959633588791,0.9743589758872986,0.9179487228393555
YHR170W,YPL159C,0,-10.151498,0.09583858400583267,0.9743589758872986,0.9192307591438293
YER145C,YDR145W,0,-10.153605,0.0957178846001625,0.9743589758872986,0.9205127954483032
YIL155C,YPL129W,0,-10.164968,0.09559748321771622,0.9743589758872986,0.9217948913574219
YDR108W,YML041C,0,-10.165944,0.0954773873090744,0.9743589758872986,0.9230769276618958
YLL009C,YLR378C,0,-10.181298,0.09535758942365646,0.9743589758872986,0.9243589639663696
YPL154C,YDR477W,1,-10.193215,0.09649122506380081,0.9871794581413269,0.9243589639663696
YDR423C,YLR100W,0,-10.194272,0.09637046605348587,0.9871794581413269,0.9256410002708435
YIL034C,YMR199W,0,-10.202743,0.09624999761581421,0.9871794581413269,0.9269230961799622
YGL130W,YOR304W,0,-10.206429,0.09612983465194702,0.9871794581413269,0.928205132484436
YOL110W,YLR079W,0,-10.215893,0.09600997716188431,0.9871794581413269,0.9294871687889099
YBR093C,YEL060C,1,-10.216839,0.09713573753833771,1.0,0.9294871687889099
YOR188W,YPL092W,0,-10.226969,0.09701492637395859,1.0,0.9307692050933838
YJL042W,YGL145W,0,-10.237403,0.09689441323280334,1.0,0.9320513010025024
YOR316C,YBR247C,0,-10.239253,0.09677419066429138,1.0,0.9333333373069763
YDR281C,YDR058C,0,-10.2413435,0.09665427356958389,1.0,0.9346153736114502
YGL192W,YPR046W,0,-10.27116,0.09653465449810028,1.0,0.9358974099159241
YFL022C,YDR437W,0,-10.275958,0.09641532599925995,1.0,0.9371795058250427
YGR268C,YDL059C,0,-10.294891,0.0962962955236435,1.0,0.9384615421295166
YHL002W,YLR264W,0,-10.303503,0.09617755562067032,1.0,0.9397435784339905
YBR177C,YDR342C,0,-10.314633,0.09605911374092102,1.0,0.9410256147384644
YOR185C,YNL090W,0,-10.317682,0.095940962433815,1.0,0.942307710647583
YLL060C,YGR104C,0,-10.337273,0.09582309424877167,1.0,0.9435897469520569
YBR200W,YBR214W,0,-10.344817,0.09570552408695221,1.0,0.9448717832565308
YMR065W,YLL019C,0,-10.354914,0.09558823704719543,1.0,0.9461538195610046
YNL016W,YMR322C,0,-10.359597,0.09547123312950134,1.0,0.9474359154701233
YML008C,YMR218C,0,-10.360687,0.09535451978445053,1.0,0.9487179517745972
YBR213W,YNL160W,0,-10.39994,0.095238097012043,1.0,0.949999988079071
YGL180W,YGR200C,0,-10.400252,0.09512194991111755,1.0,0.9512820243835449
YLR318W,YMR200W,0,-10.413107,0.09500609338283539,1.0,0.9525641202926636
YEL065W,YBR183W,0,-10.41566,0.09489051252603531,1.0,0.9538461565971375
YOR023C,YML008C,0,-10.418481,0.09477521479129791,1.0,0.9551281929016113
YNR060W,YGL244W,0,-10.42381,0.0946601927280426,1.0,0.9564102292060852
YHR001W-A,YOL097C,0,-10.429511,0.09454545378684998,1.0,0.9576923251152039
YOR310C,YLL041C,0,-10.4383955,0.09443099051713943,1.0,0.9589743614196777
YNR060W,YGL167C,0,-10.452723,0.09431681036949158,1.0,0.9602563977241516
YEL024W,YOR047C,0,-10.454576,0.09420289844274521,1.0,0.9615384340286255
YOR037W,YDL079C,0,-10.456359,0.09408926218748093,1.0,0.9628205299377441
YLR216C,YHR188C,0,-10.464566,0.09397590160369873,1.0,0.964102566242218
YHR008C,YOL097C,0,-10.492482,0.09386281669139862,1.0,0.9653846025466919
YER095W,YDR058C,0,-10.560752,0.09375,1.0,0.9666666388511658
YFR041C,YHR034C,0,-10.572495,0.09363745152950287,1.0,0.9679487347602844
YPL126W,YDR449C,0,-10.573982,0.09352517873048782,1.0,0.9692307710647583
YMR015C,YPR088C,0,-10.588158,0.09341317415237427,1.0,0.9705128073692322
YGR278W,YOR348C,0,-10.6548395,0.0933014377951622,1.0,0.971794843673706
YJL013C,YGR171C,0,-10.668689,0.09318996220827103,1.0,0.9730769395828247
YGR147C,YNR023W,0,-10.690026,0.09307876229286194,1.0,0.9743589758872986
YHL036W,YDR515W,0,-10.6927395,0.09296781569719315,1.0,0.9756410121917725
YOR269W,YDL065C,0,-10.705161,0.09285714477300644,1.0,0.9769230484962463
YPL015C,YPR033C,0,-10.714955,0.09274672716856003,1.0,0.978205144405365
YDL165W,YDR359C,0,-10.735806,0.0926365777850151,1.0,0.9794871807098389
YER119C,YER082C,0,-10.745166,0.09252668917179108,1.0,0.9807692170143127
YPR132W,YEL004W,0,-10.761509,0.09241706132888794,1.0,0.9820512533187866
YMR301C,YML123C,0,-10.770741,0.0923076942563057,1.0,0.9833333492279053
YGR147C,YPL122C,0,-10.7720995,0.09219858050346375,1.0,0.9846153855323792
YDR365C,YPL042C,0,-10.774348,0.09208972752094269,1.0,0.985897421836853
YPR065W,YMR089C,0,-10.78675,0.09198113530874252,1.0,0.9871794581413269
YOR207C,YKL051W,0,-10.819947,0.09187278896570206,1.0,0.9884615540504456
YGL099W,YGR161C,0,-10.827683,0.09176470339298248,1.0,0.9897435903549194
YML121W,YKL020C,0,-10.834449,0.0916568711400032,1.0,0.9910256266593933
YBR088C,YGL255W,0,-10.865211,0.09154929220676422,1.0,0.9923076629638672
YIL155C,YPL042C,0,-10.884277,0.09144196659326553,1.0,0.9935897588729858
YOR267C,YHR148W,0,-10.960939,0.09133489429950714,1.0,0.9948717951774597
YBR092C,YHR008C,0,-11.061435,0.09122806787490845,1.0,0.9961538314819336
YHR096C,YGR193C,0,-11.076287,0.09112149477005005,1.0,0.9974358677864075
YCL034W,YPL126W,0,-11.133805,0.09101516753435135,1.0,0.9987179636955261
YML112W,YBR280C,0,-11.401546,0.09090909361839294,1.0,1.0
