Gene A,Gene B,Label,Score,Precision,Recall,False Positive Rate
YEL061C,YDR325W,1,-0.5670508,1.0,0.0018939394503831863,0.0
YIL026C,YLR272C,1,-0.9265475,1.0,0.0037878789007663727,0.0
YDR325W,YLR272C,1,-1.1000419,1.0,0.005681818351149559,0.0
YMR172W,YOR279C,0,-1.2006509,0.75,0.005681818351149559,0.00018939393339678645
YBL097W,YEL061C,1,-1.4126492,0.800000011920929,0.007575757801532745,0.00018939393339678645
YPR007C,YHR014W,1,-1.4869366,0.8333333134651184,0.009469697251915932,0.00018939393339678645
YJL115W,YPL153C,0,-1.6101785,0.7142857313156128,0.009469697251915932,0.0003787878667935729
YMR137C,YMR227C,0,-1.642515,0.625,0.009469697251915932,0.0005681818001903594
YBL097W,YCR086W,1,-1.7503979,0.6666666865348816,0.011363636702299118,0.0005681818001903594
YKL022C,YEL061C,1,-1.8125114,0.699999988079071,0.013257576152682304,0.0005681818001903594
YPL008W,YLR272C,1,-1.8232231,0.7272727489471436,0.01515151560306549,0.0005681818001903594
YEL061C,YJR135C,1,-1.9267287,0.75,0.017045455053448677,0.0005681818001903594
YJR089W,YEL061C,1,-1.9342544,0.7692307829856873,0.018939394503831863,0.0005681818001903594
YNL279W,YLR316C,0,-2.0369432,0.7142857313156128,0.018939394503831863,0.0007575757335871458
YKL108W,YER116C,0,-2.0935135,0.6666666865348816,0.018939394503831863,0.0009469697251915932
YDR013W,YAL011W,0,-2.1842957,0.625,0.018939394503831863,0.0011363636003807187
YEL061C,YAL031C,1,-2.2087648,0.6470588445663452,0.02083333395421505,0.0011363636003807187
YCR086W,YIL026C,1,-2.2091,0.6666666865348816,0.022727273404598236,0.0011363636003807187
YBL097W,YDR325W,1,-2.2211676,0.6842105388641357,0.024621212854981422,0.0011363636003807187
YFL008W,YML034W,1,-2.2308245,0.699999988079071,0.02651515230536461,0.0011363636003807187
YCR086W,YJR135C,1,-2.2323198,0.7142857313156128,0.028409091755747795,0.0011363636003807187
YKL049C,YML034W,1,-2.2392929,0.7272727489471436,0.03030303120613098,0.0011363636003807187
YBL009W,YPL153C,0,-2.2684987,0.695652186870575,0.03030303120613098,0.001325757591985166
YDR254W,YDR325W,1,-2.2694438,0.7083333134651184,0.03219696879386902,0.001325757591985166
YOR018W,YLR383W,0,-2.2757533,0.6800000071525574,0.03219696879386902,0.0015151514671742916
YPL008W,YIL026C,1,-2.280174,0.692307710647583,0.034090910106897354,0.0015151514671742916
YIL026C,YPR007C,1,-2.2812452,0.7037037014961243,0.03598484769463539,0.0015151514671742916
YBL097W,YIL026C,1,-2.311849,0.7142857313156128,0.03787878900766373,0.0015151514671742916
YFL008W,YLR272C,1,-2.340498,0.7241379022598267,0.039772726595401764,0.0015151514671742916
YJL194W,YJL204C,0,-2.3853517,0.699999988079071,0.039772726595401764,0.001704545458778739
YKL208W,YLR154C,0,-2.3927972,0.6774193644523621,0.039772726595401764,0.0018939394503831863
YCR086W,YCL016C,1,-2.4420805,0.6875,0.0416666679084301,0.0018939394503831863
YGR098C,YDR325W,1,-2.516521,0.6969696879386902,0.04356060549616814,0.0018939394503831863
YEL061C,YIL026C,1,-2.5474174,0.7058823704719543,0.04545454680919647,0.0018939394503831863
YAL031C,YLR272C,1,-2.577601,0.7142857313156128,0.04734848439693451,0.0018939394503831863
YKL022C,YCL016C,1,-2.5809212,0.7222222089767456,0.049242425709962845,0.0018939394503831863
YAL058W,YDR446W,0,-2.58963,0.7027027010917664,0.049242425709962845,0.0020833334419876337
YDR205W,YLR032W,0,-2.591902,0.6842105388641357,0.049242425709962845,0.0022727272007614374
YIL026C,YHR014W,1,-2.6156292,0.692307710647583,0.05113636329770088,0.0022727272007614374
YBL097W,YPL008W,1,-2.677459,0.699999988079071,0.05303030461072922,0.0022727272007614374
YDL044C,YHL009C,0,-2.6776924,0.6829268336296082,0.05303030461072922,0.0024621211923658848
YKL049C,YCL016C,1,-2.6893299,0.6904761791229248,0.054924242198467255,0.0024621211923658848
YGR188C,YMR285C,0,-2.7025526,0.6744186282157898,0.054924242198467255,0.002651515183970332
YJL194W,YLR383W,0,-2.7035048,0.6590909361839294,0.054924242198467255,0.0028409091755747795
YJL024C,YIL150C,0,-2.705586,0.644444465637207,0.054924242198467255,0.0030303029343485832
YOL067C,YMR016C,0,-2.7200103,0.6304348111152649,0.054924242198467255,0.0032196969259530306
YML034W,YLR272C,1,-2.7205014,0.6382978558540344,0.05681818351149559,0.0032196969259530306
YDR076W,YGR104C,0,-2.723905,0.625,0.05681818351149559,0.003409090917557478
YPL008W,YEL061C,1,-2.726779,0.6326530575752258,0.05871212109923363,0.003409090917557478
YGL174W,YAL015C,0,-2.7343836,0.6200000047683716,0.05871212109923363,0.0035984849091619253
YCR014C,YDR013W,0,-2.7504365,0.6078431606292725,0.05871212109923363,0.0037878789007663727
YCR086W,YDR325W,1,-2.7628,0.6153846383094788,0.06060606241226196,0.0037878789007663727
YDL024C,YEL004W,0,-2.7642918,0.6037735939025879,0.06060606241226196,0.003977272659540176
YBL097W,YPR007C,1,-2.7672918,0.6111111044883728,0.0625,0.003977272659540176
YCL024W,YOL135C,0,-2.7817626,0.6000000238418579,0.0625,0.004166666883975267
YPR083W,YDR246W,0,-2.783722,0.5892857313156128,0.0625,0.004356060642749071
YOR074C,YGR099W,0,-2.788863,0.5789473652839661,0.0625,0.004545454401522875
YBR210W,YMR065W,0,-2.809158,0.568965494632721,0.0625,0.004734848625957966
YDR473C,YER031C,0,-2.8171966,0.5593220591545105,0.0625,0.0049242423847317696
YCL016C,YLR272C,1,-2.837586,0.5666666626930237,0.06439393758773804,0.0049242423847317696
YGR113W,YKL046C,0,-2.8413117,0.5573770403862,0.06439393758773804,0.005113636143505573
YNR023W,YJL156C,0,-2.8515613,0.5483871102333069,0.06439393758773804,0.005303030367940664
YEL061C,YLR272C,1,-2.8528433,0.5555555820465088,0.06628787517547607,0.005303030367940664
YCR075C,YLR386W,0,-2.857266,0.546875,0.06628787517547607,0.005492424126714468
YBL009W,YAR002W,0,-2.860415,0.5384615659713745,0.06628787517547607,0.005681818351149559
YIL026C,YML034W,1,-2.8793974,0.5454545617103577,0.06818182021379471,0.005681818351149559
YGR225W,YJL194W,0,-2.8826332,0.5373134613037109,0.06818182021379471,0.005871212109923363
YEL061C,YCR086W,1,-2.899285,0.5441176295280457,0.07007575780153275,0.005871212109923363
YBL084C,YML034W,1,-2.8993127,0.5507246255874634,0.07196969538927078,0.005871212109923363
YLL031C,YER142C,0,-2.9061375,0.5428571701049805,0.07196969538927078,0.0060606058686971664
YLR433C,YNL049C,0,-2.9230733,0.5352112650871277,0.07196969538927078,0.0062500000931322575
YBL097W,YHR014W,1,-2.954997,0.5416666865348816,0.07386363297700882,0.0062500000931322575
YIL026C,YPL233W,1,-2.9710913,0.5479452013969421,0.07575757801532745,0.0062500000931322575
YGR261C,YAL058W,0,-2.9788847,0.5405405163764954,0.07575757801532745,0.006439393851906061
YCR038C,YOR244W,0,-2.9793253,0.5333333611488342,0.07575757801532745,0.006628788076341152
YCL016C,YFL008W,1,-2.9822986,0.5394737124443054,0.07765151560306549,0.006628788076341152
YAR002W,YJR004C,0,-2.983965,0.5324675440788269,0.07765151560306549,0.006818181835114956
YBL050W,YDR416W,0,-2.995832,0.5256410241127014,0.07765151560306549,0.00700757559388876
YBL085W,YAR002C-A,0,-2.9967542,0.5189873576164246,0.07765151560306549,0.007196969818323851
YBR131W,YAR008W,0,-2.999219,0.512499988079071,0.07765151560306549,0.007386363577097654
YGR098C,YFL008W,1,-3.0059903,0.5185185074806213,0.07954545319080353,0.007386363577097654
YCR086W,YHR014W,1,-3.0338838,0.5243902206420898,0.08143939077854156,0.007386363577097654
YDR423C,YAL015C,0,-3.041905,0.5180723071098328,0.08143939077854156,0.007575757801532745
YPL204W,YPL233W,1,-3.0450065,0.523809552192688,0.0833333358168602,0.007575757801532745
YGL257C,YEL004W,0,-3.0549753,0.5176470875740051,0.0833333358168602,0.007765151560306549
YBR210W,YDL030W,0,-3.0568614,0.5116279125213623,0.0833333358168602,0.007954545319080353
YAR008W,YGL212W,0,-3.0573149,0.5057471394538879,0.0833333358168602,0.008143939077854156
YPL121C,YMR004W,0,-3.0594664,0.5,0.0833333358168602,0.008333333767950535
YFR019W,YKL108W,0,-3.0645728,0.49438202381134033,0.0833333358168602,0.008522727526724339
YOR023C,YBR022W,0,-3.067224,0.4888888895511627,0.0833333358168602,0.008712121285498142
YPL121C,YLR039C,0,-3.078123,0.48351648449897766,0.0833333358168602,0.008901515044271946
YKL022C,YBL084C,1,-3.0785866,0.489130437374115,0.08522727340459824,0.008901515044271946
YKL049C,YER018C,1,-3.079053,0.49462366104125977,0.08712121099233627,0.008901515044271946
YCL024W,YOR195W,0,-3.0803318,0.4893617033958435,0.08712121099233627,0.00909090880304575
YCL016C,YPR007C,1,-3.0870924,0.49473685026168823,0.08901514858007431,0.00909090880304575
YJL006C,YGL210W,0,-3.0920184,0.4895833432674408,0.08901514858007431,0.009280303493142128
YPR179C,YLR425W,0,-3.0930724,0.4845360815525055,0.08901514858007431,0.009469697251915932
YAR002C-A,YDL028C,0,-3.1031153,0.47959184646606445,0.08901514858007431,0.009659091010689735
YAR002C-A,YKL203C,0,-3.1052637,0.4747474789619446,0.08901514858007431,0.009848484769463539
YCL016C,YHR014W,1,-3.121692,0.47999998927116394,0.09090909361839294,0.009848484769463539
YMR137C,YEL004W,0,-3.128242,0.4752475321292877,0.09090909361839294,0.010037878528237343
YER032W,YJR052W,0,-3.128734,0.47058823704719543,0.09090909361839294,0.010227272287011147
YJL214W,YHR050W,0,-3.1334085,0.4660194218158722,0.09090909361839294,0.010416666977107525
YBL097W,YML034W,1,-3.1454728,0.4711538553237915,0.09280303120613098,0.010416666977107525
YEL061C,YGR098C,1,-3.1459877,0.4761904776096344,0.09469696879386902,0.010416666977107525
YIL026C,YFL008W,1,-3.1498928,0.4811320900917053,0.09659090638160706,0.010416666977107525
YPL233W,YML034W,1,-3.15284,0.4859813153743744,0.09848485141992569,0.010416666977107525
YDL044C,YDR515W,0,-3.1620274,0.48148149251937866,0.09848485141992569,0.010606060735881329
YOL026C,YKL108W,0,-3.1654744,0.47706422209739685,0.09848485141992569,0.010795454494655132
YKL049C,YJR135C,1,-3.1670346,0.48181816935539246,0.10037878900766373,0.010795454494655132
YPL174C,YNL126W,0,-3.1708074,0.477477490901947,0.10037878900766373,0.010984848253428936
YMR172W,YMR313C,0,-3.1733415,0.4732142984867096,0.10037878900766373,0.01117424201220274
YJR089W,YJR135C,1,-3.1839375,0.47787609696388245,0.10227272659540176,0.01117424201220274
YBR278W,YAL015C,0,-3.193086,0.4736842215061188,0.10227272659540176,0.011363636702299118
YNL201C,YDR311W,0,-3.197548,0.469565212726593,0.10227272659540176,0.011553030461072922
YEL061C,YER018C,1,-3.2073708,0.47413793206214905,0.1041666641831398,0.011553030461072922
YCR086W,YPR007C,1,-3.2294974,0.47863247990608215,0.10606060922145844,0.011553030461072922
YDL044C,YDR079W,0,-3.241688,0.47457626461982727,0.10606060922145844,0.011742424219846725
YLR242C,YML023C,0,-3.2451344,0.47058823704719543,0.10606060922145844,0.01193181797862053
YCR086W,YPL233W,1,-3.257169,0.4749999940395355,0.10795454680919647,0.01193181797862053
YNL149C,YNL201C,0,-3.2632651,0.4710743725299835,0.10795454680919647,0.012121211737394333
YPL096W,YPR182W,0,-3.2817159,0.46721312403678894,0.10795454680919647,0.012310606427490711
YLR360W,YOR087W,0,-3.2955422,0.46341463923454285,0.10795454680919647,0.012500000186264515
YOR074C,YLR383W,0,-3.2958863,0.45967742800712585,0.10795454680919647,0.012689393945038319
YPR054W,YPR032W,0,-3.297441,0.4560000002384186,0.10795454680919647,0.012878787703812122
YJR135C,YLR272C,1,-3.3046465,0.460317462682724,0.10984848439693451,0.012878787703812122
YML062C,YLR026C,0,-3.3083367,0.4566929042339325,0.10984848439693451,0.013068181462585926
YOR279C,YJR004C,0,-3.3150837,0.453125,0.10984848439693451,0.013257576152682304
YFR036W,YPL233W,1,-3.3200521,0.45736435055732727,0.11174242198467255,0.013257576152682304
YBL097W,YFL008W,1,-3.3202047,0.4615384638309479,0.11363636702299118,0.013257576152682304
YGR004W,YDR164C,0,-3.3269014,0.4580152630805969,0.11363636702299118,0.013446969911456108
YLR098C,YKL134C,0,-3.3292003,0.4545454680919647,0.11363636702299118,0.013636363670229912
YDR446W,YML095C,0,-3.341176,0.451127827167511,0.11363636702299118,0.013825757429003716
YNL271C,YDR311W,0,-3.3498273,0.447761207818985,0.11363636702299118,0.01401515118777752
YGL174W,YER013W,0,-3.3570242,0.4444444477558136,0.11363636702299118,0.014204545877873898
YBR243C,YKL203C,0,-3.3712645,0.44117647409439087,0.11363636702299118,0.014393939636647701
YJR150C,YDL093W,0,-3.3784697,0.43795621395111084,0.11363636702299118,0.014583333395421505
YPL121C,YKR022C,0,-3.4065962,0.43478259444236755,0.11363636702299118,0.014772727154195309
YER107C,YBR165W,0,-3.4098659,0.4316546618938446,0.11363636702299118,0.014962120912969112
YER107C,YFL013C,0,-3.410958,0.4285714328289032,0.11363636702299118,0.01515151560306549
YCL016C,YIL026C,1,-3.4182448,0.43262410163879395,0.11553030461072922,0.01515151560306549
YOL149W,YER001W,0,-3.4255185,0.42957746982574463,0.11553030461072922,0.015340909361839294
YEL061C,YFL008W,1,-3.4304633,0.4335664212703705,0.11742424219846725,0.015340909361839294
YIL048W,YHR152W,0,-3.4306064,0.4305555522441864,0.11742424219846725,0.015530303120613098
YDR362C,YDR369C,0,-3.435975,0.4275861978530884,0.11742424219846725,0.015719696879386902
YFR036W,YIL026C,1,-3.4381688,0.43150684237480164,0.11931817978620529,0.015719696879386902
YML031W,YPL011C,0,-3.4426656,0.4285714328289032,0.11931817978620529,0.015909090638160706
YKL049C,YLR272C,1,-3.4485986,0.4324324429035187,0.12121212482452393,0.015909090638160706
YIR009W,YPL153C,0,-3.4567018,0.42953020334243774,0.12121212482452393,0.01609848439693451
YFL024C,YIL048W,0,-3.457427,0.4266666769981384,0.12121212482452393,0.016287878155708313
YPR168W,YLR045C,0,-3.4587512,0.42384105920791626,0.12121212482452393,0.016477271914482117
YBL097W,YKL049C,1,-3.4647741,0.42763158679008484,0.12310606241226196,0.016477271914482117
YFR036W,YCR086W,1,-3.4651558,0.4313725531101227,0.125,0.016477271914482117
YNL169C,YPL167C,0,-3.465224,0.4285714328289032,0.125,0.01666666753590107
YJL006C,YPR168W,0,-3.4654112,0.42580646276474,0.125,0.016856061294674873
YJR031C,YAL011W,0,-3.4696865,0.42307692766189575,0.125,0.017045455053448677
YCR086W,YER018C,1,-3.4720268,0.42675158381462097,0.12689393758773804,0.017045455053448677
YOL094C,YHR014W,1,-3.483052,0.4303797483444214,0.12878787517547607,0.017045455053448677
YLR459W,YLR376C,0,-3.4905767,0.42767295241355896,0.12878787517547607,0.01723484881222248
YJR089W,YPL008W,1,-3.4952693,0.4312500059604645,0.1306818127632141,0.01723484881222248
YIL026C,YJR135C,1,-3.4953432,0.43478259444236755,0.13257575035095215,0.01723484881222248
YDR423C,YHR042W,0,-3.4954562,0.43209877610206604,0.13257575035095215,0.017424242570996284
YJR089W,YKL022C,1,-3.506084,0.43558281660079956,0.13446970283985138,0.017424242570996284
YLL035W,YPL011C,0,-3.5135555,0.43292683362960815,0.13446970283985138,0.017613636329770088
YJL024C,YGL174W,0,-3.5137086,0.43030303716659546,0.13446970283985138,0.017803030088543892
YCR086W,YLR272C,1,-3.5171294,0.4337349534034729,0.13636364042758942,0.017803030088543892
YPR185W,YOR018W,0,-3.5191445,0.43113771080970764,0.13636364042758942,0.017992423847317696
YKL108W,YLR316C,0,-3.5211957,0.4285714328289032,0.13636364042758942,0.0181818176060915
YLR242C,YPL153C,0,-3.5219197,0.42603549361228943,0.13636364042758942,0.018371211364865303
YPR168W,YPL153C,0,-3.5236864,0.42352941632270813,0.13636364042758942,0.018560606986284256
YBL097W,YER018C,1,-3.5248828,0.42690059542655945,0.13825757801532745,0.018560606986284256
YGR188C,YGR074W,0,-3.5302224,0.4244185984134674,0.13825757801532745,0.01875000074505806
YML065W,YCR060W,0,-3.5353167,0.4219653308391571,0.13825757801532745,0.018939394503831863
YNL245C,YER019W,0,-3.5365067,0.4195402264595032,0.13825757801532745,0.019128788262605667
YIL026C,YML085C,1,-3.5435174,0.4228571355342865,0.1401515156030655,0.019128788262605667
YMR042W,YBL046W,0,-3.5443983,0.4204545319080353,0.1401515156030655,0.01931818202137947
YGR098C,YLR272C,1,-3.5486784,0.4237288236618042,0.14204545319080353,0.01931818202137947
YFL008W,YML085C,1,-3.5488367,0.42696627974510193,0.14393939077854156,0.01931818202137947
YMR172W,YKR082W,0,-3.5513735,0.42458099126815796,0.14393939077854156,0.019507575780153275
YOL045W,YCR084C,0,-3.5566063,0.42222222685813904,0.14393939077854156,0.019696969538927078
YDR434W,YDR416W,0,-3.5629911,0.41988950967788696,0.14393939077854156,0.019886363297700882
YER018C,YLR272C,1,-3.5659266,0.42307692766189575,0.1458333283662796,0.019886363297700882
YJR089W,YKL049C,1,-3.5672202,0.4262295067310333,0.14772726595401764,0.019886363297700882
YML081C-A,YOR244W,0,-3.5732489,0.42391303181648254,0.14772726595401764,0.020075757056474686
YPL233W,YFL008W,1,-3.5804539,0.42702701687812805,0.14962121844291687,0.020075757056474686
YPL008W,YCL016C,1,-3.5831783,0.4301075339317322,0.1515151560306549,0.020075757056474686
YKL022C,YCR086W,1,-3.5851693,0.4331550896167755,0.15340909361839294,0.020075757056474686
YBL097W,YJR135C,1,-3.5859685,0.43617022037506104,0.15530303120613098,0.020075757056474686
YFR028C,YAR002W,0,-3.5870266,0.43386244773864746,0.15530303120613098,0.02026515081524849
YNL245C,YNL292W,0,-3.5898776,0.43157893419265747,0.15530303120613098,0.020454544574022293
YPR018W,YIL076W,0,-3.5921173,0.4293193817138672,0.15530303120613098,0.020643940195441246
YPR057W,YIL008W,0,-3.5965853,0.4270833432674408,0.15530303120613098,0.02083333395421505
YGR098C,YIL026C,1,-3.604509,0.4300518035888672,0.15719696879386902,0.02083333395421505
YML085C,YDR325W,1,-3.6050968,0.4329896867275238,0.15909090638160706,0.02083333395421505
YDL028C,YPL234C,0,-3.6069803,0.4307692348957062,0.15909090638160706,0.021022727712988853
YDR079W,YEL004W,0,-3.6096876,0.4285714328289032,0.15909090638160706,0.021212121471762657
YAL010C,YOR386W,0,-3.6131885,0.4263959527015686,0.15909090638160706,0.02140151523053646
YDR254W,YCL016C,1,-3.617558,0.4292929172515869,0.1609848439693451,0.02140151523053646
YBR023C,YPL167C,0,-3.620245,0.4271356761455536,0.1609848439693451,0.021590908989310265
YER017C,YPR018W,0,-3.6240952,0.42500001192092896,0.1609848439693451,0.02178030274808407
YGL174W,YFR028C,0,-3.6251948,0.42288556694984436,0.1609848439693451,0.021969696506857872
YGR074W,YDR416W,0,-3.627269,0.4207920730113983,0.1609848439693451,0.022159090265631676
YGL094C,YMR075W,0,-3.6287298,0.41871920228004456,0.1609848439693451,0.02234848402440548
YER032W,YEL056W,0,-3.6363003,0.4166666567325592,0.1609848439693451,0.022537879645824432
YLR376C,YML098W,0,-3.6403143,0.4146341383457184,0.1609848439693451,0.022727273404598236
YCR086W,YJR068W,1,-3.6404297,0.41747573018074036,0.16287878155708313,0.022727273404598236
YJR135C,YPL233W,1,-3.6421638,0.4202898442745209,0.16477273404598236,0.022727273404598236
YBL084C,YDR254W,1,-3.6443424,0.42307692766189575,0.1666666716337204,0.022727273404598236
YOL072W,YDR369C,0,-3.645463,0.42105263471603394,0.1666666716337204,0.02291666716337204
YDL227C,YDR076W,0,-3.6511946,0.41904762387275696,0.1666666716337204,0.023106060922145844
YHR165C,YPR054W,0,-3.651424,0.41706159710884094,0.1666666716337204,0.023295454680919647
YIL150C,YGL226C-A,0,-3.6542833,0.4150943458080292,0.1666666716337204,0.02348484843969345
YOR244W,YHR060W,0,-3.654502,0.4131455421447754,0.1666666716337204,0.023674242198467255
YOR074C,YGR113W,0,-3.6582854,0.4112149477005005,0.1666666716337204,0.02386363595724106
YJR089W,YLR272C,1,-3.6586123,0.4139534831047058,0.16856060922145844,0.02386363595724106
YLR105C,YLR383W,0,-3.6590548,0.41203704476356506,0.16856060922145844,0.024053029716014862
YJR013W,YBL008W,0,-3.665564,0.41013824939727783,0.16856060922145844,0.024242423474788666
YOL033W,YLR424W,0,-3.6698003,0.4082568883895874,0.16856060922145844,0.02443181909620762
YNR010W,YHR014W,1,-3.669839,0.4109589159488678,0.17045454680919647,0.02443181909620762
YDL093W,YPR054W,0,-3.6704092,0.40909090638160706,0.17045454680919647,0.024621212854981422
YDR393W,YDR460W,0,-3.6742868,0.4072398245334625,0.17045454680919647,0.024810606613755226
YGR057C,YIL013C,0,-3.6762362,0.4054054021835327,0.17045454680919647,0.02500000037252903
YCL016C,YML034W,1,-3.6811452,0.40807175636291504,0.1723484843969345,0.02500000037252903
YOR216C,YLR045C,0,-3.6824565,0.40625,0.1723484843969345,0.025189394131302834
YKL055C,YAR008W,0,-3.6845946,0.40444445610046387,0.1723484843969345,0.025378787890076637
YDR216W,YPL100W,0,-3.6856596,0.40265485644340515,0.1723484843969345,0.02556818164885044
YBL097W,YPL233W,1,-3.6883502,0.40528634190559387,0.17424242198467255,0.02556818164885044
YBR288C,YGL168W,0,-3.692091,0.4035087823867798,0.17424242198467255,0.025757575407624245
YJL006C,YPR054W,0,-3.6927938,0.4017467200756073,0.17424242198467255,0.02594696916639805
YIL037C,YGR099W,0,-3.6987615,0.4000000059604645,0.17424242198467255,0.026136362925171852
YJL013C,YDR162C,0,-3.699514,0.3982684016227722,0.17424242198467255,0.026325756683945656
YOR372C,YGL226C-A,0,-3.7033353,0.3965517282485962,0.17424242198467255,0.02651515230536461
YNL009W,YKL203C,0,-3.704321,0.3948497772216797,0.17424242198467255,0.026704546064138412
YBR055C,YNL126W,0,-3.7046146,0.39316239953041077,0.17424242198467255,0.026893939822912216
YML034W,YDR325W,1,-3.7088735,0.3957446813583374,0.17613635957241058,0.026893939822912216
YCR020W-B,YAR002W,0,-3.7091954,0.39406779408454895,0.17613635957241058,0.02708333358168602
YDR254W,YHR014W,1,-3.7096684,0.39662447571754456,0.17803029716014862,0.02708333358168602
YBR004C,YNL004W,0,-3.7101405,0.3949579894542694,0.17803029716014862,0.027272727340459824
YPR083W,YCR026C,0,-3.717882,0.3933054506778717,0.17803029716014862,0.027462121099233627
YCL016C,YDR325W,1,-3.7183018,0.3958333432674408,0.17992424964904785,0.027462121099233627
YAL058W,YMR065W,0,-3.7213914,0.39419087767601013,0.17992424964904785,0.02765151485800743
YNL009W,YOR327C,0,-3.725443,0.39256197214126587,0.17992424964904785,0.027840908616781235
YBL008W,YDR082W,0,-3.7265444,0.39094650745391846,0.17992424964904785,0.02803030237555504
YER116C,YDR495C,0,-3.7290146,0.3893442749977112,0.17992424964904785,0.028219696134328842
YGL071W,YGR007W,0,-3.734056,0.3877550959587097,0.17992424964904785,0.028409091755747795
YKL022C,YPL233W,1,-3.7341292,0.39024388790130615,0.1818181872367859,0.028409091755747795
YJR089W,YGR098C,1,-3.735358,0.3927125632762909,0.18371212482452393,0.028409091755747795
YPL096C-A,YML028W,0,-3.7359428,0.3911290466785431,0.18371212482452393,0.0285984855145216
YKL049C,YCR086W,1,-3.7380137,0.3935742974281311,0.18560606241226196,0.0285984855145216
YLR210W,YOL072W,0,-3.7405157,0.3919999897480011,0.18560606241226196,0.028787879273295403
YDR254W,YEL061C,1,-3.7470865,0.394422322511673,0.1875,0.028787879273295403
YMR204C,YPL167C,0,-3.748779,0.3928571343421936,0.1875,0.028977273032069206
YEL015W,YER028C,0,-3.749686,0.3913043439388275,0.1875,0.02916666679084301
YDR254W,YLR272C,1,-3.7531972,0.3937007784843445,0.18939393758773804,0.02916666679084301
YPL008W,YGR098C,1,-3.7534726,0.3960784375667572,0.19128787517547607,0.02916666679084301
YDR037W,YDR011W,0,-3.7545323,0.39453125,0.19128787517547607,0.029356060549616814
YML060W,YDR416W,0,-3.754692,0.3929961025714874,0.19128787517547607,0.029545454308390617
YFR036W,YFL008W,1,-3.757717,0.39534884691238403,0.1931818127632141,0.029545454308390617
YPL008W,YML034W,1,-3.760065,0.39768341183662415,0.19507575035095215,0.029545454308390617
YLR045C,YKL203C,0,-3.7656393,0.39615383744239807,0.19507575035095215,0.02973484806716442
YPL115C,YPR057W,0,-3.768742,0.39463600516319275,0.19507575035095215,0.029924241825938225
YDR256C,YOR018W,0,-3.7781034,0.39312976598739624,0.19507575035095215,0.03011363558471203
YNL023C,YNL126W,0,-3.7803583,0.3916349709033966,0.19507575035095215,0.03030303120613098
YKL022C,YGR098C,1,-3.7809231,0.39393940567970276,0.19696970283985138,0.03030303120613098
YDR416W,YGR099W,0,-3.7822394,0.39245283603668213,0.19696970283985138,0.030492424964904785
YNL271C,YLR210W,0,-3.7841964,0.3909774422645569,0.19696970283985138,0.03068181872367859
YDR116C,YPR182W,0,-3.7853825,0.3895131051540375,0.19696970283985138,0.030871212482452393
YJR135C,YFL008W,1,-3.7860322,0.39179104566574097,0.19886364042758942,0.030871212482452393
YMR172W,YER173W,0,-3.790459,0.3903345763683319,0.19886364042758942,0.031060606241226196
YFR036W,YOL006C,1,-3.790559,0.39259257912635803,0.20075757801532745,0.031060606241226196
YJR089W,YCL016C,1,-3.7911046,0.3948339521884918,0.2026515156030655,0.031060606241226196
YDR393W,YMR218C,0,-3.791194,0.39338234066963196,0.2026515156030655,0.03125
YER165W,YKL203C,0,-3.7934818,0.3919413983821869,0.2026515156030655,0.031439393758773804
YPR007C,YLR272C,1,-3.7955492,0.39416059851646423,0.20454545319080353,0.031439393758773804
YLR032W,YDR369C,0,-3.8029532,0.3927272856235504,0.20454545319080353,0.03162878751754761
YBL097W,YDR254W,1,-3.8042889,0.3949275314807892,0.20643939077854156,0.03162878751754761
YNR010W,YJR135C,1,-3.8046699,0.3971119225025177,0.2083333283662796,0.03162878751754761
YBR274W,YML104C,0,-3.806837,0.3956834673881531,0.2083333283662796,0.03181818127632141
YLR242C,YKL108W,0,-3.809062,0.39426523447036743,0.2083333283662796,0.032007575035095215
YJR001W,YMR075W,0,-3.8115919,0.3928571343421936,0.2083333283662796,0.03219696879386902
YPR179C,YKR082W,0,-3.8121443,0.39145907759666443,0.2083333283662796,0.03238636255264282
YDL164C,YMR199W,0,-3.818447,0.39007091522216797,0.2083333283662796,0.032575756311416626
YPL096C-A,YOL045W,0,-3.8191025,0.38869258761405945,0.2083333283662796,0.03276515007019043
YKL022C,YLR272C,1,-3.8217993,0.39084506034851074,0.21022726595401764,0.03276515007019043
YHR014W,YLR272C,1,-3.825322,0.39298245310783386,0.21212121844291687,0.03276515007019043
YKL049C,YFL008W,1,-3.8255339,0.39510488510131836,0.2140151560306549,0.03276515007019043
YAR014C,YPR054W,0,-3.825534,0.39372822642326355,0.2140151560306549,0.03295454382896423
YJL115W,YMR137C,0,-3.8305733,0.3923611044883728,0.2140151560306549,0.03314393758773804
YIL062C,YNL097C,0,-3.831922,0.39100345969200134,0.2140151560306549,0.03333333507180214
YJR089W,YBL097W,1,-3.8356845,0.3931034505367279,0.21590909361839294,0.03333333507180214
YCR107W,YMR234W,0,-3.8386564,0.39175257086753845,0.21590909361839294,0.03352272883057594
YPR179C,YHL009C,0,-3.8403156,0.3904109597206116,0.21590909361839294,0.03371212258934975
YPL121C,YBR165W,0,-3.842318,0.3890784978866577,0.21590909361839294,0.03390151634812355
YBR237W,YLR386W,0,-3.8434024,0.3877550959587097,0.21590909361839294,0.034090910106897354
YHR014W,YDR325W,1,-3.845255,0.38983049988746643,0.21780303120613098,0.034090910106897354
YKR022C,YKL041W,0,-3.8476553,0.3885135054588318,0.21780303120613098,0.03428030386567116
YLR418C,YPL096W,0,-3.849473,0.3872053921222687,0.21780303120613098,0.03446969762444496
YJR089W,YOL094C,1,-3.8520334,0.38926175236701965,0.21969696879386902,0.03446969762444496
YML062C,YIL008W,0,-3.853469,0.38795986771583557,0.21969696879386902,0.034659091383218765
YMR313C,YPR107C,0,-3.859408,0.3866666555404663,0.21969696879386902,0.03484848514199257
YJL194W,YBR165W,0,-3.8633008,0.3853820562362671,0.21969696879386902,0.03503787890076637
YHR031C,YDR362C,0,-3.8639882,0.38410595059394836,0.21969696879386902,0.035227272659540176
YGR041W,YER107C,0,-3.8641074,0.38283827900886536,0.21969696879386902,0.03541666641831398
YML065W,YPR133C,0,-3.8651156,0.3815789520740509,0.21969696879386902,0.035606060177087784
YKL022C,YDR325W,1,-3.8726163,0.38360655307769775,0.22159090638160706,0.035606060177087784
YNR027W,YPL045W,0,-3.8809495,0.38235294818878174,0.22159090638160706,0.03579545393586159
YBL046W,YML095C,0,-3.8844285,0.38110747933387756,0.22159090638160706,0.03598484769463539
YLR116W,YML095C,0,-3.885138,0.37987011671066284,0.22159090638160706,0.036174241453409195
YPL008W,YHR014W,1,-3.8851748,0.38187703490257263,0.2234848439693451,0.036174241453409195
YDR182W,YKR001C,0,-3.8867536,0.38064515590667725,0.2234848439693451,0.036363635212183
YCL016C,YAL031C,1,-3.8902164,0.3826366662979126,0.22537878155708313,0.036363635212183
YKL022C,YBL079W,1,-3.8905184,0.38461539149284363,0.22727273404598236,0.036363635212183
YMR065W,YEL031W,0,-3.8909745,0.3833865821361542,0.22727273404598236,0.0365530289709568
YBL097W,YLR272C,1,-3.8921175,0.3853503167629242,0.2291666716337204,0.0365530289709568
YJR068W,YOL094C,1,-3.8922596,0.38730159401893616,0.23106060922145844,0.0365530289709568
YDR254W,YPL233W,1,-3.8934546,0.3892405033111572,0.23295454680919647,0.0365530289709568
YAL031C,YPL233W,1,-3.894373,0.39116719365119934,0.2348484843969345,0.0365530289709568
YAL041W,YAL058W,0,-3.8958912,0.3899371027946472,0.2348484843969345,0.036742422729730606
YDR254W,YER018C,1,-3.8967848,0.3918495178222656,0.23674242198467255,0.036742422729730606
YKL208W,YAR008W,0,-3.8985057,0.390625,0.23674242198467255,0.03693181648850441
YDR079W,YNR048W,0,-3.9052787,0.3894081115722656,0.23674242198467255,0.03712121397256851
YNL259C,YBR165W,0,-3.9070866,0.38819876313209534,0.23674242198467255,0.037310607731342316
YKL049C,YIL026C,1,-3.9071796,0.3900928795337677,0.23863635957241058,0.037310607731342316
YDR411C,YMR218C,0,-3.9072633,0.3888888955116272,0.23863635957241058,0.03750000149011612
YJR135C,YER018C,1,-3.9108567,0.39076924324035645,0.24053029716014862,0.03750000149011612
YOL149W,YMR234W,0,-3.9122846,0.38957056403160095,0.24053029716014862,0.03768939524888992
YBR131W,YML023C,0,-3.917056,0.38837921619415283,0.24053029716014862,0.03787878900766373
YJR089W,YIL026C,1,-3.9185493,0.39024388790130615,0.24242424964904785,0.03787878900766373
YER018C,YML034W,1,-3.920061,0.39209726452827454,0.2443181872367859,0.03787878900766373
YPR054W,YNR048W,0,-3.9222543,0.3909091055393219,0.2443181872367859,0.03806818276643753
YMR162C,YJR013W,0,-3.9233265,0.3897280991077423,0.2443181872367859,0.038257576525211334
YLR354C,YPL045W,0,-3.9241219,0.3885542154312134,0.2443181872367859,0.03844697028398514
YBL009W,YCL055W,0,-3.924172,0.38738739490509033,0.2443181872367859,0.03863636404275894
YKL049C,YPL233W,1,-3.9247308,0.38922154903411865,0.24621212482452393,0.03863636404275894
YMR012W,YPR179C,0,-3.926643,0.38805970549583435,0.24621212482452393,0.038825757801532745
YMR212C,YML065W,0,-3.9278774,0.386904776096344,0.24621212482452393,0.03901515156030655
YCL016C,YJR068W,1,-3.9279847,0.38872402906417847,0.24810606241226196,0.03901515156030655
YLR316C,YCR084C,0,-3.928053,0.3875739574432373,0.24810606241226196,0.03920454531908035
YOL042W,YGL243W,0,-3.9291587,0.38643068075180054,0.24810606241226196,0.039393939077854156
YKL208W,YCR020W-B,0,-3.9309642,0.385294109582901,0.24810606241226196,0.03958333283662796
YPL174C,YFL004W,0,-3.9313674,0.3841642141342163,0.24810606241226196,0.039772726595401764
YJL214W,YOR087W,0,-3.9323754,0.3830409348011017,0.24810606241226196,0.03996212035417557
YNL245C,YNR048W,0,-3.934956,0.38192421197891235,0.24810606241226196,0.04015151411294937
YPL160W,YPL096C-A,0,-3.9353256,0.38081395626068115,0.24810606241226196,0.040340907871723175
YGR249W,YIL056W,0,-3.9355588,0.3797101378440857,0.24810606241226196,0.04053030163049698
YDL099W,YDR404C,0,-3.9383228,0.3786127269268036,0.24810606241226196,0.04071969538927078
YDR254W,YJR135C,1,-3.940005,0.38040345907211304,0.25,0.04071969538927078
YJR089W,YBL079W,1,-3.940323,0.38218390941619873,0.25189393758773804,0.04071969538927078
YJL089W,YGR099W,0,-3.9405017,0.38108882308006287,0.25189393758773804,0.040909089148044586
YPR007C,YFL008W,1,-3.9412608,0.38285714387893677,0.2537878751754761,0.040909089148044586
YCR086W,YML034W,1,-3.9415011,0.38461539149284363,0.2556818127632141,0.040909089148044586
YER107C,YDL058W,0,-3.9441257,0.38352271914482117,0.2556818127632141,0.04109848663210869
YNR010W,YIL026C,1,-3.9443278,0.3852691352367401,0.25757575035095215,0.04109848663210869
YIL026C,YDR325W,1,-3.9453194,0.38700565695762634,0.2594696879386902,0.04109848663210869
YML034W,YOL006C,1,-3.9487514,0.3887324035167694,0.2613636255264282,0.04109848663210869
YKR027W,YBR102C,0,-3.9501421,0.38764044642448425,0.2613636255264282,0.04128788039088249
YOL038W,YDR393W,0,-3.95116,0.38655462861061096,0.2613636255264282,0.041477274149656296
YDR292C,YDR460W,0,-3.953083,0.3854748606681824,0.2613636255264282,0.0416666679084301
YIL140W,YPL174C,0,-3.9535704,0.3844011127948761,0.2613636255264282,0.0418560616672039
YAL031C,YIL026C,1,-3.9582045,0.3861111104488373,0.26325756311416626,0.0418560616672039
YGL090W,YNL246W,0,-3.9594054,0.38504156470298767,0.26325756311416626,0.04204545542597771
YML085C,YLR272C,1,-3.95992,0.3867403268814087,0.2651515007019043,0.04204545542597771
YJL072C,YMR016C,0,-3.959937,0.38567492365837097,0.2651515007019043,0.04223484918475151
YKL134C,YJL210W,0,-3.9599445,0.38461539149284363,0.2651515007019043,0.042424242943525314
YIL026C,YBL079W,1,-3.9623964,0.3863013684749603,0.2670454680919647,0.042424242943525314
YLR210W,YER001W,0,-3.9632964,0.3852458894252777,0.2670454680919647,0.04261363670229912
YBL009W,YML080W,0,-3.9637728,0.3841961920261383,0.2670454680919647,0.04280303046107292
YNR010W,YPL233W,1,-3.9651134,0.385869562625885,0.26893940567970276,0.04280303046107292
YPL115C,YOR386W,0,-3.9656444,0.38482385873794556,0.26893940567970276,0.042992424219846725
YCL016C,YOL094C,1,-3.966075,0.3864865005016327,0.2708333432674408,0.042992424219846725
YDR423C,YOR117W,0,-3.966375,0.3854447305202484,0.2708333432674408,0.04318181797862053
YPR168W,YDR292C,0,-3.9668236,0.3844085931777954,0.2708333432674408,0.04337121173739433
YNL279W,YDR164C,0,-3.9699137,0.3833780288696289,0.2708333432674408,0.04356060549616814
YMR065W,YNL054W,0,-3.9732478,0.38235294818878174,0.2708333432674408,0.04374999925494194
YER107C,YOR371C,0,-3.9733317,0.3813333213329315,0.2708333432674408,0.043939393013715744
YJL024C,YJL156C,0,-3.9748764,0.38031914830207825,0.2708333432674408,0.04412878677248955
YJR089W,YJR068W,1,-3.9780228,0.3819628655910492,0.27272728085517883,0.04412878677248955
YHR050W,YGL095C,0,-3.980494,0.380952388048172,0.27272728085517883,0.04431818053126335
YLR316C,YLR181C,0,-3.9807775,0.3799472153186798,0.27272728085517883,0.044507574290037155
YLL060C,YGL183C,0,-3.985018,0.378947377204895,0.27272728085517883,0.04469696804881096
YKL046C,YDL058W,0,-3.986057,0.3779527544975281,0.27272728085517883,0.04488636180758476
YPL008W,YKL049C,1,-3.9868827,0.37958115339279175,0.27462121844291687,0.04488636180758476
YMR313C,YBR127C,0,-3.9882088,0.37859007716178894,0.27462121844291687,0.045075759291648865
YPL096C-A,YKR097W,0,-3.9883275,0.3776041567325592,0.27462121844291687,0.04526515305042267
YNL177C,YBR022W,0,-3.9899192,0.37662336230278015,0.27462121844291687,0.04545454680919647
YCR075C,YCL024W,0,-3.9927719,0.3756476640701294,0.27462121844291687,0.045643940567970276
YCR038C,YMR218C,0,-3.992877,0.37467700242996216,0.27462121844291687,0.04583333432674408
YPL008W,YDR325W,1,-3.9948545,0.37628865242004395,0.2765151560306549,0.04583333432674408
YKL022C,YFR036W,1,-3.995154,0.37789201736450195,0.27840909361839294,0.04583333432674408
YDL230W,YLR386W,0,-3.995405,0.3769230842590332,0.27840909361839294,0.04602272808551788
YLR242C,YGL243W,0,-3.9997692,0.3759590685367584,0.27840909361839294,0.04621212184429169
YNL099C,YGR195W,0,-4.001254,0.375,0.27840909361839294,0.04640151560306549
YJL024C,YPR168W,0,-4.001328,0.37404578924179077,0.27840909361839294,0.046590909361839294
YDL024C,YPR037C,0,-4.001689,0.37309643626213074,0.27840909361839294,0.0467803031206131
YGR098C,YER018C,1,-4.0042768,0.37468355894088745,0.280303031206131,0.0467803031206131
YCL055W,YPR189W,0,-4.0046206,0.3737373650074005,0.280303031206131,0.0469696968793869
YCR038C,YMR137C,0,-4.0096154,0.372795969247818,0.280303031206131,0.047159090638160706
YPL174C,YNL049C,0,-4.012035,0.37185928225517273,0.280303031206131,0.04734848439693451
YDR016C,YLR425W,0,-4.0141506,0.3709273040294647,0.280303031206131,0.04753787815570831
YBR274W,YNL169C,0,-4.0176425,0.3700000047683716,0.280303031206131,0.04772727191448212
YCL016C,YJR135C,1,-4.0234733,0.37157106399536133,0.282196968793869,0.04772727191448212
YNL129W,YPL268W,0,-4.0235295,0.37064677476882935,0.282196968793869,0.04791666567325592
YDR076W,YDR515W,0,-4.0238323,0.3697270452976227,0.282196968793869,0.048106059432029724
YKL074C,YPL016W,0,-4.025644,0.36881187558174133,0.282196968793869,0.04829545319080353
YNL282W,YLR139C,0,-4.026855,0.3679012358188629,0.282196968793869,0.04848484694957733
YEL053C,YML061C,0,-4.02712,0.36699506640434265,0.282196968793869,0.048674240708351135
YER116C,YGL115W,0,-4.0301065,0.36609336733818054,0.282196968793869,0.04886363819241524
YKR027W,YPL096W,0,-4.03329,0.3651960790157318,0.282196968793869,0.04905303195118904
YFR019W,YLR386W,0,-4.0335307,0.3643031716346741,0.282196968793869,0.049242425709962845
YJR013W,YDR079C-A,0,-4.0344906,0.3634146451950073,0.282196968793869,0.04943181946873665
YAL011W,YML098W,0,-4.0444,0.3625304102897644,0.282196968793869,0.04962121322751045
YAL015C,YML095C,0,-4.044906,0.3616504967212677,0.282196968793869,0.049810606986284256
YGR104C,YDR160W,0,-4.0495577,0.36077481508255005,0.282196968793869,0.05000000074505806
YIL026C,YOL006C,1,-4.0503106,0.36231884360313416,0.28409090638160706,0.05000000074505806
YOR244W,YPL016W,0,-4.053094,0.3614457845687866,0.28409090638160706,0.05018939450383186
YKL049C,YDR325W,1,-4.054406,0.36298078298568726,0.2859848439693451,0.05018939450383186
YJR089W,YHR014W,1,-4.0591593,0.36450839042663574,0.28787878155708313,0.05018939450383186
YNL097C,YNL257C,0,-4.0645876,0.3636363744735718,0.28787878155708313,0.05037878826260567
YLR078C,YAL010C,0,-4.064954,0.3627685010433197,0.28787878155708313,0.05056818202137947
YFR028C,YFR052W,0,-4.065036,0.3619047701358795,0.28787878155708313,0.050757575780153275
YML062C,YMR075W,0,-4.0669966,0.36104512214660645,0.28787878155708313,0.05094696953892708
YDR079W,YCR014C,0,-4.069219,0.3601895868778229,0.28787878155708313,0.05113636329770088
YNL245C,YPL174C,0,-4.0716248,0.35933807492256165,0.28787878155708313,0.051325757056474686
YJR089W,YPL233W,1,-4.0722036,0.3608490526676178,0.28977271914482117,0.051325757056474686
YLR242C,YOL066C,0,-4.073517,0.36000001430511475,0.28977271914482117,0.05151515081524849
YHL002W,YLR386W,0,-4.0754986,0.35915493965148926,0.28977271914482117,0.05170454457402229
YCR086W,YML085C,1,-4.0782547,0.3606557250022888,0.2916666567325592,0.05170454457402229
YFL008W,YDR325W,1,-4.0837865,0.36214953660964966,0.29356059432029724,0.05170454457402229
YBR272C,YJL156C,0,-4.0852833,0.3613053560256958,0.29356059432029724,0.0518939383327961
YEL061C,YCL016C,1,-4.0855017,0.36279070377349854,0.2954545319080353,0.0518939383327961
YKL049C,YPR007C,1,-4.086812,0.3642691373825073,0.2973484992980957,0.0518939383327961
YPR005C,YPL098C,0,-4.0885406,0.36342594027519226,0.2973484992980957,0.0520833320915699
YGL115W,YDR082W,0,-4.0888186,0.3625866174697876,0.2973484992980957,0.052272725850343704
YGR104C,YKL041W,0,-4.093638,0.36175113916397095,0.2973484992980957,0.05246211960911751
YLL061W,YEL004W,0,-4.097204,0.3609195351600647,0.2973484992980957,0.05265151336789131
YBL097W,YPL204W,1,-4.097262,0.3623853325843811,0.29924243688583374,0.05265151336789131
YKL179C,YAR008W,0,-4.0976706,0.3615560531616211,0.29924243688583374,0.052840910851955414
YLR330W,YER116C,0,-4.098884,0.3607305884361267,0.29924243688583374,0.05303030461072922
YJL156C,YLR262C,0,-4.101674,0.3599088788032532,0.29924243688583374,0.05321969836950302
YDL164C,YNL118C,0,-4.1048098,0.3590908944606781,0.29924243688583374,0.053409092128276825
YIL150C,YDR473C,0,-4.105563,0.3582766354084015,0.29924243688583374,0.05359848588705063
YGL257C,YKL203C,0,-4.1065006,0.35746607184410095,0.29924243688583374,0.05378787964582443
YBL084C,YLR272C,1,-4.106779,0.3589164912700653,0.3011363744735718,0.05378787964582443
YGR098C,YPR007C,1,-4.1069508,0.36036035418510437,0.3030303120613098,0.05378787964582443
YOL042W,YDR079C-A,0,-4.1070147,0.3595505654811859,0.3030303120613098,0.053977273404598236
YLR386W,YKR001C,0,-4.1073904,0.35874438285827637,0.3030303120613098,0.05416666716337204
YPL227C,YIL095W,0,-4.1099997,0.3579418361186981,0.3030303120613098,0.054356060922145844
YML062C,YNL126W,0,-4.1101317,0.3571428656578064,0.3030303120613098,0.05454545468091965
YBR201W,YKL134C,0,-4.1116524,0.3563474416732788,0.3030303120613098,0.05473484843969345
YML104C,YAL055W,0,-4.112951,0.35555556416511536,0.3030303120613098,0.054924242198467255
YJR001W,YLR116W,0,-4.114562,0.35476717352867126,0.3030303120613098,0.05511363595724106
YMR022W,YML095C,0,-4.114628,0.3539822995662689,0.3030303120613098,0.05530302971601486
YGR098C,YOL094C,1,-4.119127,0.3554084002971649,0.30492424964904785,0.05530302971601486
YKL022C,YML034W,1,-4.121055,0.3568281829357147,0.3068181872367859,0.05530302971601486
YJR135C,YML085C,1,-4.123109,0.3582417666912079,0.3087121248245239,0.05530302971601486
YMR172W,YMR137C,0,-4.1267595,0.35745614767074585,0.3087121248245239,0.055492423474788666
YJL214W,YGL243W,0,-4.1279035,0.3566739559173584,0.3087121248245239,0.05568181723356247
YDR174W,YLR424W,0,-4.1283107,0.35589519143104553,0.3087121248245239,0.05587121099233627
YFL009W,YLR098C,0,-4.136768,0.35511982440948486,0.3087121248245239,0.05606060475111008
YMR172W,YJR004C,0,-4.1376176,0.354347825050354,0.3087121248245239,0.05624999850988388
YPL233W,YDR325W,1,-4.1384516,0.35574838519096375,0.31060606241226196,0.05624999850988388
YDR473C,YFL005W,0,-4.138517,0.3549783527851105,0.31060606241226196,0.056439392268657684
YJR089W,YBL084C,1,-4.1412964,0.3563714921474457,0.3125,0.056439392268657684
YBR035C,YER116C,0,-4.1436024,0.3556034564971924,0.3125,0.05662878602743149
YDR162C,YLR262C,0,-4.1440783,0.35483869910240173,0.3125,0.05681818351149559
YEL061C,YKL049C,1,-4.144991,0.3562231659889221,0.31439393758773804,0.05681818351149559
YBR207W,YAL010C,0,-4.1513553,0.35546037554740906,0.31439393758773804,0.057007577270269394
YOR112W,YOL042W,0,-4.1514707,0.35470086336135864,0.31439393758773804,0.0571969710290432
YJR105W,YGR113W,0,-4.152442,0.3539445698261261,0.31439393758773804,0.057386364787817
YCR038C,YBR231C,0,-4.155296,0.3531914949417114,0.31439393758773804,0.057575758546590805
YJR068W,YFL008W,1,-4.1566973,0.35456475615501404,0.3162878751754761,0.057575758546590805
YPR025C,YIL076W,0,-4.157342,0.3538135588169098,0.3162878751754761,0.05776515230536461
YMR204C,YNL294C,0,-4.158596,0.353065550327301,0.3162878751754761,0.05795454606413841
YLR170C,YIR009W,0,-4.1594043,0.35232067108154297,0.3162878751754761,0.058143939822912216
YDR393W,YDL058W,0,-4.159793,0.351578950881958,0.3162878751754761,0.05833333358168602
YAL031C,YOL094C,1,-4.1651144,0.3529411852359772,0.3181818127632141,0.05833333358168602
YDL227C,YDR393W,0,-4.166007,0.3522012531757355,0.3181818127632141,0.058522727340459824
YPR054W,YPL210C,0,-4.1681037,0.3514644205570221,0.3181818127632141,0.05871212109923363
YDL044C,YDR276C,0,-4.1687937,0.35073068737983704,0.3181818127632141,0.05890151485800743
YEL061C,YML085C,1,-4.170146,0.35208332538604736,0.32007575035095215,0.05890151485800743
YOR113W,YGR129W,0,-4.171814,0.3513513505458832,0.32007575035095215,0.059090908616781235
YPL015C,YEL004W,0,-4.1721344,0.35062241554260254,0.32007575035095215,0.05928030237555504
YBL097W,YOL094C,1,-4.172565,0.35196688771247864,0.3219696879386902,0.05928030237555504
YGL191W,YPL096W,0,-4.1741104,0.3512396812438965,0.3219696879386902,0.05946969613432884
YER018C,YDR325W,1,-4.174185,0.3525773286819458,0.3238636255264282,0.05946969613432884
YEL061C,YOL006C,1,-4.1745706,0.3539094626903534,0.32575756311416626,0.05946969613432884
YNL049C,YPL011C,0,-4.174741,0.35318276286125183,0.32575756311416626,0.059659089893102646
YKL134C,YDR135C,0,-4.1775894,0.35245901346206665,0.32575756311416626,0.05984848365187645
YDR069C,YPR179C,0,-4.178651,0.35173824429512024,0.32575756311416626,0.06003787741065025
YDR138W,YNR048W,0,-4.179185,0.3510203957557678,0.32575756311416626,0.06022727116942406
YCR075C,YBR210W,0,-4.1794467,0.3503054976463318,0.32575756311416626,0.06041666492819786
YBL097W,YOL006C,1,-4.1827955,0.3516260087490082,0.3276515007019043,0.06041666492819786
YLL031C,YDL044C,0,-4.183718,0.35091277956962585,0.3276515007019043,0.06060606241226196
YBL009W,YLR418C,0,-4.1842513,0.35020244121551514,0.3276515007019043,0.06079545617103577
YER149C,YMR137C,0,-4.185498,0.34949496388435364,0.3276515007019043,0.06098484992980957
YEL056W,YJL072C,0,-4.186329,0.34879031777381897,0.3276515007019043,0.061174243688583374
YNL279W,YJL025W,0,-4.187168,0.3480885326862335,0.3276515007019043,0.06136363744735718
YHL031C,YKL041W,0,-4.1880016,0.3473895490169525,0.3276515007019043,0.06155303120613098
YBR210W,YPL097W,0,-4.1908655,0.34669339656829834,0.3276515007019043,0.061742424964904785
YMR162C,YMR247C,0,-4.1984324,0.34599998593330383,0.3276515007019043,0.06193181872367859
YJL071W,YER013W,0,-4.1990023,0.34530937671661377,0.3276515007019043,0.06212121248245239
YGR135W,YKL108W,0,-4.1990867,0.3446215093135834,0.3276515007019043,0.062310606241226196
YIL062C,YDR054C,0,-4.202151,0.34393638372421265,0.3276515007019043,0.0625
YPL008W,YOL094C,1,-4.203405,0.3452380895614624,0.3295454680919647,0.0625
YJR135C,YPR007C,1,-4.204155,0.3465346395969391,0.33143940567970276,0.0625
YBL097W,YFR036W,1,-4.2053747,0.3478260934352875,0.3333333432674408,0.0625
YAL058W,YER028C,0,-4.2057357,0.34714004397392273,0.3333333432674408,0.0626893937587738
YNL292W,YMR075W,0,-4.2102776,0.34645670652389526,0.3333333432674408,0.06287878751754761
YFR019W,YOR373W,0,-4.211055,0.3457760214805603,0.3333333432674408,0.06306818127632141
YJR089W,YFR036W,1,-4.211341,0.34705883264541626,0.33522728085517883,0.06306818127632141
YJL013C,YHR152W,0,-4.2116933,0.3463796377182007,0.33522728085517883,0.06325757503509521
YOR216C,YDR057W,0,-4.212233,0.345703125,0.33522728085517883,0.06344696879386902
YDR205W,YNL097C,0,-4.214094,0.34502923488616943,0.33522728085517883,0.06363636255264282
YIL150C,YBL046W,0,-4.2178087,0.344357967376709,0.33522728085517883,0.06382575631141663
YIR019C,YDR057W,0,-4.218062,0.34368932247161865,0.33522728085517883,0.06401515007019043
YJR089W,YER018C,1,-4.2182636,0.3449612259864807,0.33712121844291687,0.06401515007019043
YJR089W,YCR086W,1,-4.2201495,0.3462282419204712,0.3390151560306549,0.06401515007019043
YFR036W,YJR135C,1,-4.22615,0.3474903404712677,0.34090909361839294,0.06401515007019043
YJR089W,YAL031C,1,-4.2272086,0.348747581243515,0.342803031206131,0.06401515007019043
YCL016C,YPL233W,1,-4.2275696,0.3499999940395355,0.344696968793869,0.06401515007019043
YMR065W,YJL204C,0,-4.228266,0.3493282198905945,0.344696968793869,0.06420454382896423
YLR154C,YKL086W,0,-4.231139,0.3486590087413788,0.344696968793869,0.06439393758773804
YPL233W,YER018C,1,-4.232901,0.3499043881893158,0.34659090638160706,0.06439393758773804
YGL257C,YKL129C,0,-4.23307,0.3492366373538971,0.34659090638160706,0.06458333134651184
YNL245C,YLR105C,0,-4.2354984,0.34857141971588135,0.34659090638160706,0.06477272510528564
YFR028C,YPL218W,0,-4.2355695,0.34790873527526855,0.34659090638160706,0.06496211886405945
YDR503C,YDR135C,0,-4.235881,0.3472485840320587,0.34659090638160706,0.06515151262283325
YPL096C-A,YIL063C,0,-4.236864,0.34659090638160706,0.34659090638160706,0.06534090638160706
YNL261W,YIL173W,0,-4.238809,0.34593573212623596,0.34659090638160706,0.06553030014038086
YJL006C,YDR393W,0,-4.240494,0.34528303146362305,0.34659090638160706,0.06571969389915466
YEL015W,YDR362C,0,-4.241159,0.3446327745914459,0.34659090638160706,0.06590908765792847
YBL085W,YAL015C,0,-4.2418256,0.3439849615097046,0.34659090638160706,0.06609848141670227
YER028C,YJL179W,0,-4.2469873,0.34333959221839905,0.34659090638160706,0.06628787517547607
YBL097W,YAL031C,1,-4.24773,0.34456929564476013,0.3484848439693451,0.06628787517547607
YOR058C,YJL204C,0,-4.248431,0.34392523765563965,0.3484848439693451,0.06647727638483047
YML081C-A,YLR181C,0,-4.2489467,0.34328359365463257,0.3484848439693451,0.06666667014360428
YKL173W,YGL243W,0,-4.248959,0.3426443338394165,0.3484848439693451,0.06685606390237808
YJL013C,YDR473C,0,-4.250123,0.34200742840766907,0.3484848439693451,0.06704545766115189
YMR172W,YPR133C,0,-4.250204,0.34137290716171265,0.3484848439693451,0.06723485141992569
YFL008W,YHR014W,1,-4.250515,0.34259259700775146,0.35037878155708313,0.06723485141992569
YGL115W,YIL173W,0,-4.2528086,0.3419593274593353,0.35037878155708313,0.0674242451786995
YPL167C,YOR137C,0,-4.2532253,0.3413284122943878,0.35037878155708313,0.0676136389374733
YBR217W,YKR027W,0,-4.2567444,0.34069982171058655,0.35037878155708313,0.0678030326962471
YCR020W-B,YER019C-A,0,-4.257001,0.34007352590560913,0.35037878155708313,0.0679924264550209
YDL013W,YEL004W,0,-4.257188,0.33944955468177795,0.35037878155708313,0.06818182021379471
YBL046W,YPL016W,0,-4.257582,0.33882784843444824,0.35037878155708313,0.06837121397256851
YGR004W,YBR231C,0,-4.2590404,0.33820840716362,0.35037878155708313,0.06856060773134232
YNL009W,YGL210W,0,-4.259297,0.3375912308692932,0.35037878155708313,0.06875000149011612
YFR036W,YHR014W,1,-4.2601075,0.33879780769348145,0.35227271914482117,0.06875000149011612
YGR041W,YPR179C,0,-4.260774,0.33818182349205017,0.35227271914482117,0.06893939524888992
YDR254W,YIL026C,1,-4.2638025,0.33938294649124146,0.3541666567325592,0.06893939524888992
YBL084C,YGR098C,1,-4.2656384,0.34057971835136414,0.35606059432029724,0.06893939524888992
YOR381W,YPR054W,0,-4.2666597,0.3399638235569,0.35606059432029724,0.06912878900766373
YOR036W,YEL004W,0,-4.2680135,0.3393501937389374,0.35606059432029724,0.06931818276643753
YPL174C,YIL115C,0,-4.2682695,0.33873873949050903,0.35606059432029724,0.06950757652521133
YPL115C,YHL009C,0,-4.2688403,0.3381294906139374,0.35606059432029724,0.06969697028398514
YOR327C,YEL004W,0,-4.2705083,0.3375224471092224,0.35606059432029724,0.06988636404275894
YOL051W,YPL022W,0,-4.270611,0.33691754937171936,0.35606059432029724,0.07007575780153275
YGR216C,YOR216C,0,-4.2727265,0.336314857006073,0.35606059432029724,0.07026515156030655
YCR083W,YIL056W,0,-4.274329,0.33571428060531616,0.35606059432029724,0.07045454531908035
YBL097W,YCL016C,1,-4.276309,0.3368983864784241,0.3579545319080353,0.07045454531908035
YCL016C,YML085C,1,-4.2764235,0.3380782902240753,0.3598484992980957,0.07045454531908035
YMR137C,YDR082W,0,-4.2764707,0.33747780323028564,0.3598484992980957,0.07064393907785416
YJR135C,YDR325W,1,-4.277437,0.33865249156951904,0.36174243688583374,0.07064393907785416
YGR098C,YJR135C,1,-4.280389,0.33982300758361816,0.3636363744735718,0.07064393907785416
YKL086W,YLR045C,0,-4.2811947,0.33922260999679565,0.3636363744735718,0.07083333283662796
YDR446W,YDL227C,0,-4.284912,0.33862432837486267,0.3636363744735718,0.07102272659540176
YBL084C,YKL049C,1,-4.285922,0.3397887349128723,0.3655303120613098,0.07102272659540176
YPR201W,YIL095W,0,-4.2895174,0.3391915559768677,0.3655303120613098,0.07121212035417557
YPR007C,YML085C,1,-4.2897058,0.340350866317749,0.36742424964904785,0.07121212035417557
YIL007C,YMR095C,0,-4.289755,0.3397548198699951,0.36742424964904785,0.07140151411294937
YGR098C,YPL233W,1,-4.2908235,0.34090909361839294,0.3693181872367859,0.07140151411294937
YNL023C,YJL072C,0,-4.291759,0.3403141498565674,0.3693181872367859,0.07159090787172318
YKL149C,YDR135C,0,-4.2923555,0.3397212624549866,0.3693181872367859,0.07178030163049698
YNL282W,YOL067C,0,-4.295603,0.3391304314136505,0.3693181872367859,0.07196969538927078
YPL178W,YPR168W,0,-4.2964835,0.3385416567325592,0.3693181872367859,0.07215908914804459
YNR026C,YLR105C,0,-4.3002844,0.33795493841171265,0.3693181872367859,0.07234848290681839
YPR108W,YKL203C,0,-4.3022065,0.33737024664878845,0.3693181872367859,0.0725378766655922
YNL261W,YHR001W,0,-4.3041353,0.33678755164146423,0.3693181872367859,0.072727270424366
YGR057C,YNL149C,0,-4.305607,0.3362068831920624,0.3693181872367859,0.0729166641831398
YGL071W,YKL108W,0,-4.3056297,0.3356282413005829,0.3693181872367859,0.0731060579419136
YPL233W,YLR272C,1,-4.3058195,0.3367697596549988,0.3712121248245239,0.0731060579419136
YBR165W,YLR360W,0,-4.308158,0.3361921012401581,0.3712121248245239,0.07329545170068741
YKL139W,YJL204C,0,-4.311054,0.33561643958091736,0.3712121248245239,0.07348484545946121
YOR112W,YCR033W,0,-4.311455,0.3350427448749542,0.3712121248245239,0.07367423921823502
YGR261C,YIL095W,0,-4.312859,0.3344709873199463,0.3712121248245239,0.07386363297700882
YHR165C,YLR032W,0,-4.3144393,0.33390119671821594,0.3712121248245239,0.07405302673578262
YKR038C,YKL108W,0,-4.3152924,0.3333333432674408,0.3712121248245239,0.07424242794513702
YIL115C,YGL226C-A,0,-4.3155117,0.33276739716529846,0.3712121248245239,0.07443182170391083
YFL024C,YKL055C,0,-4.322931,0.33220338821411133,0.3712121248245239,0.07462121546268463
YPL008W,YCR086W,1,-4.323266,0.3333333432674408,0.37310606241226196,0.07462121546268463
YKR027W,YDR285W,0,-4.3267584,0.3327702581882477,0.37310606241226196,0.07481060922145844
YBR161W,YER116C,0,-4.327634,0.33220911026000977,0.37310606241226196,0.07500000298023224
YKL149C,YOR386W,0,-4.3317447,0.3316498398780823,0.37310606241226196,0.07518939673900604
YER173W,YOR143C,0,-4.335116,0.3310924470424652,0.37310606241226196,0.07537879049777985
YDR254W,YGR098C,1,-4.335824,0.3322147727012634,0.375,0.07537879049777985
YGL191W,YER021W,0,-4.338847,0.3316583037376404,0.375,0.07556818425655365
YJL194W,YDR434W,0,-4.340831,0.33110368251800537,0.375,0.07575757801532745
YOR244W,YPL268W,0,-4.34369,0.3305509090423584,0.375,0.07594697177410126
YBL085W,YKL054C,0,-4.3453064,0.33000001311302185,0.375,0.07613636553287506
YJR089W,YFL008W,1,-4.3459854,0.331114798784256,0.37689393758773804,0.07613636553287506
YDR182W,YIL150C,0,-4.3475304,0.33056479692459106,0.37689393758773804,0.07632575929164886
YGR188C,YGL236C,0,-4.3490324,0.3300165832042694,0.37689393758773804,0.07651515305042267
YJR089W,YPR007C,1,-4.349721,0.33112582564353943,0.3787878751754761,0.07651515305042267
YJR135C,YOL006C,1,-4.3504133,0.33223140239715576,0.3806818127632141,0.07651515305042267
YCL024W,YLR208W,0,-4.3519754,0.3316831588745117,0.3806818127632141,0.07670454680919647
YMR172W,YLR116W,0,-4.3528666,0.3311367332935333,0.3806818127632141,0.07689394056797028
YAL041W,YDL227C,0,-4.354494,0.3305920958518982,0.3806818127632141,0.07708333432674408
YGR003W,YIR019C,0,-4.3549976,0.3300492465496063,0.3806818127632141,0.07727272808551788
YFR028C,YPR108W,0,-4.3555403,0.3295081853866577,0.3806818127632141,0.07746212184429169
YIL112W,YMR137C,0,-4.356551,0.32896891236305237,0.3806818127632141,0.07765151560306549
YOR386W,YHR152W,0,-4.3583117,0.3284313678741455,0.3806818127632141,0.0778409093618393
YGR082W,YDR470C,0,-4.3589516,0.3278955817222595,0.3806818127632141,0.0780303031206131
YGR098C,YML034W,1,-4.3605204,0.32899022102355957,0.38257575035095215,0.0780303031206131
YGR099W,YOR110W,0,-4.3609657,0.3284552991390228,0.38257575035095215,0.0782196968793869
YGR041W,YGR212W,0,-4.3648477,0.3279220759868622,0.38257575035095215,0.0784090906381607
YLR284C,YLR154C,0,-4.3669257,0.3273906111717224,0.38257575035095215,0.07859848439693451
YJL214W,YOR216C,0,-4.3676333,0.32686084508895874,0.38257575035095215,0.07878787815570831
YKL055C,YOR140W,0,-4.3696413,0.32633280754089355,0.38257575035095215,0.07897727191448212
YJL214W,YPR094W,0,-4.370414,0.3258064389228821,0.38257575035095215,0.07916666567325592
YOL123W,YDR285W,0,-4.370724,0.3252817988395691,0.38257575035095215,0.07935605943202972
YGR261C,YBR089C-A,0,-4.3708744,0.3247588276863098,0.38257575035095215,0.07954545319080353
YDR437W,YMR172W,0,-4.3746524,0.32423755526542664,0.38257575035095215,0.07973484694957733
YML080W,YGR013W,0,-4.374915,0.32371795177459717,0.38257575035095215,0.07992424070835114
YBR185C,YMR067C,0,-4.376342,0.323199987411499,0.38257575035095215,0.08011363446712494
YKL139W,YNL169C,0,-4.37636,0.3226836919784546,0.38257575035095215,0.08030302822589874
YGR057C,YKL173W,0,-4.379402,0.32216906547546387,0.38257575035095215,0.08049242198467255
YCR020C-A,YPR032W,0,-4.3817677,0.3216560482978821,0.38257575035095215,0.08068181574344635
YOL006C,YDR325W,1,-4.382541,0.3227345049381256,0.3844696879386902,0.08068181574344635
YLR206W,YLR154C,0,-4.383045,0.3222222328186035,0.3844696879386902,0.08087120950222015
YPL137C,YBL079W,1,-4.3875494,0.32329636812210083,0.3863636255264282,0.08087120950222015
YOR195W,YGL243W,0,-4.390388,0.32278481125831604,0.3863636255264282,0.08106060326099396
YAL010C,YDR013W,0,-4.392122,0.3222748935222626,0.3863636255264282,0.08124999701976776
YGL174W,YGL070C,0,-4.3964586,0.32176655530929565,0.3863636255264282,0.08143939077854156
YIR017C,YKR022C,0,-4.3989615,0.32125985622406006,0.3863636255264282,0.08162878453731537
YCR038C,YGL035C,0,-4.4010997,0.3207547068595886,0.3863636255264282,0.08181817829608917
YLR098C,YER183C,0,-4.403496,0.3202511668205261,0.3863636255264282,0.08200757205486298
YFL005W,YML098W,0,-4.404178,0.31974920630455017,0.3863636255264282,0.08219697326421738
YNL271C,YMR065W,0,-4.406721,0.31924882531166077,0.3863636255264282,0.08238636702299118
YMR247C,YBR231C,0,-4.4067364,0.3187499940395355,0.3863636255264282,0.08257576078176498
YBR288C,YAR008W,0,-4.4071164,0.3182527422904968,0.3863636255264282,0.08276515454053879
YPR185W,YNL261W,0,-4.4080663,0.3177570104598999,0.3863636255264282,0.08295454829931259
YEL061C,YPL233W,1,-4.40861,0.31881803274154663,0.38825756311416626,0.08295454829931259
YEL061C,YPR007C,1,-4.409259,0.3198757767677307,0.3901515007019043,0.08295454829931259
YDR011W,YDL159W,0,-4.4104104,0.3193798363208771,0.3901515007019043,0.0831439420580864
YEL056W,YOR224C,0,-4.4107094,0.3188854455947876,0.3901515007019043,0.0833333358168602
YNL099C,YNR023W,0,-4.41129,0.3183925747871399,0.3901515007019043,0.083522729575634
YPL268W,YHR050W,0,-4.4139,0.31790122389793396,0.3901515007019043,0.0837121233344078
YML062C,YPR018W,0,-4.4140105,0.3174113929271698,0.3901515007019043,0.08390151709318161
YAL058W,YPR018W,0,-4.415458,0.3169230818748474,0.3901515007019043,0.08409091085195541
YGR225W,YDR285W,0,-4.4187107,0.3164362609386444,0.3901515007019043,0.08428030461072922
YAR019C,YML094W,0,-4.419345,0.3159509301185608,0.3901515007019043,0.08446969836950302
YGL084C,YGL205W,0,-4.419692,0.31546708941459656,0.3901515007019043,0.08465909212827682
YDR162C,YDR369C,0,-4.420726,0.3149847090244293,0.3901515007019043,0.08484848588705063
YOR244W,YOL012C,0,-4.4232993,0.31450381875038147,0.3901515007019043,0.08503787964582443
YKL135C,YNL073W,0,-4.423926,0.3140243887901306,0.3901515007019043,0.08522727340459824
YPL204W,YOL094C,1,-4.4247465,0.31506848335266113,0.3920454680919647,0.08522727340459824
YLR433C,YCR027C,0,-4.4252357,0.3145896792411804,0.3920454680919647,0.08541666716337204
YDR460W,YNR048W,0,-4.4266357,0.3141123056411743,0.3920454680919647,0.08560606092214584
YGR007W,YBR022W,0,-4.4270635,0.3136363625526428,0.3920454680919647,0.08579545468091965
YGR188C,YDR481C,0,-4.4276867,0.3131618797779083,0.3920454680919647,0.08598484843969345
YNL221C,YNL282W,0,-4.429716,0.31268882751464844,0.3920454680919647,0.08617424219846725
YIL026C,YER018C,1,-4.4315515,0.3137255012989044,0.39393940567970276,0.08617424219846725
YAR019C,YPR037C,0,-4.432315,0.3132530152797699,0.39393940567970276,0.08636363595724106
YNL059C,YLR210W,0,-4.434643,0.31278195977211,0.39393940567970276,0.08655302971601486
YHR014W,YML085C,1,-4.435723,0.31381380558013916,0.3958333432674408,0.08655302971601486
YKR003W,YGL094C,0,-4.437353,0.3133433163166046,0.3958333432674408,0.08674242347478867
YHR091C,YDR515W,0,-4.442196,0.3128742575645447,0.3958333432674408,0.08693181723356247
YKL049C,YJR068W,1,-4.4455566,0.3139013350009918,0.39772728085517883,0.08693181723356247
YLR376C,YDR079C-A,0,-4.445919,0.31343284249305725,0.39772728085517883,0.08712121099233627
YML104C,YNL261W,0,-4.4461765,0.3129657208919525,0.39772728085517883,0.08731060475111008
YGR003W,YKL014C,0,-4.448603,0.3125,0.39772728085517883,0.08749999850988388
YJL071W,YDR030C,0,-4.448933,0.3120356500148773,0.39772728085517883,0.08768939226865768
YIR019C,YGR004W,0,-4.44896,0.31157270073890686,0.39772728085517883,0.08787878602743149
YJL006C,YLR154C,0,-4.4489903,0.31111112236976624,0.39772728085517883,0.08806817978620529
YOL012C,YDR160W,0,-4.4493036,0.31065088510513306,0.39772728085517883,0.0882575735449791
YER018C,YHR014W,1,-4.4497576,0.31166914105415344,0.39962121844291687,0.0882575735449791
YBL085W,YDR503C,0,-4.450758,0.31120944023132324,0.39962121844291687,0.0884469673037529
YJR089W,YPL137C,1,-4.4543514,0.3122238516807556,0.4015151560306549,0.0884469673037529
YOR371C,YHR165C,0,-4.4569664,0.3117647171020508,0.4015151560306549,0.0886363610625267
YPL008W,YPR007C,1,-4.4579563,0.3127753436565399,0.40340909361839294,0.0886363610625267
YDL230W,YPL016W,0,-4.4620857,0.3123167157173157,0.40340909361839294,0.0888257548213005
YDL013W,YDL227C,0,-4.4624233,0.3118594288825989,0.40340909361839294,0.08901514858007431
YOR381W,YBL050W,0,-4.4625893,0.3114035129547119,0.40340909361839294,0.08920454233884811
YLR154C,YDR443C,0,-4.462609,0.31094890832901,0.40340909361839294,0.08939393609762192
YKL022C,YIL026C,1,-4.4654098,0.3119533658027649,0.405303031206131,0.08939393609762192
YDR198C,YDR369C,0,-4.4693794,0.3114992678165436,0.405303031206131,0.08958332985639572
YEL061C,YBL079W,1,-4.470048,0.3125,0.407196968793869,0.08958332985639572
YDR503C,YLR383W,0,-4.4710016,0.31204643845558167,0.407196968793869,0.08977272361516953
YKL149C,YGR082W,0,-4.4740367,0.3115941882133484,0.407196968793869,0.08996212482452393
YGL174W,YNL049C,0,-4.4745445,0.31114327907562256,0.407196968793869,0.09015151858329773
YJR068W,YHR014W,1,-4.4768176,0.31213873624801636,0.40909090638160706,0.09015151858329773
YHL002W,YKL113C,0,-4.4771576,0.31168830394744873,0.40909090638160706,0.09034091234207153
YJL089W,YOR110W,0,-4.4773474,0.31123918294906616,0.40909090638160706,0.09053030610084534
YFR036W,YKL049C,1,-4.4814157,0.3122302293777466,0.4109848439693451,0.09053030610084534
YPR007C,YDR325W,1,-4.4821754,0.3132183849811554,0.41287878155708313,0.09053030610084534
YHL003C,YDR079C-A,0,-4.4822054,0.31276899576187134,0.41287878155708313,0.09071969985961914
YLR361C,YAL011W,0,-4.483615,0.31232091784477234,0.41287878155708313,0.09090909361839294
YMR128W,YOL067C,0,-4.484446,0.3118740916252136,0.41287878155708313,0.09109848737716675
YEL061C,YOL094C,1,-4.484609,0.31285715103149414,0.41477271914482117,0.09109848737716675
YDR254W,YFL008W,1,-4.4864173,0.3138373792171478,0.4166666567325592,0.09109848737716675
YKL208W,YDR473C,0,-4.4870815,0.31339031457901,0.4166666567325592,0.09128788113594055
YJR089W,YDR325W,1,-4.4883633,0.31436699628829956,0.41856059432029724,0.09128788113594055
YGR004W,YOR332W,0,-4.4894314,0.3139204680919647,0.41856059432029724,0.09147727489471436
YLR154C,YKL214C,0,-4.4912767,0.31347519159317017,0.41856059432029724,0.09166666865348816
YOL094C,YLR272C,1,-4.492911,0.3144475817680359,0.4204545319080353,0.09166666865348816
YMR042W,YGR009C,0,-4.494714,0.3140028417110443,0.4204545319080353,0.09185606241226196
YKL138C-A,YNL246W,0,-4.4965367,0.31355932354927063,0.4204545319080353,0.09204545617103577
YBL085W,YPR094W,0,-4.496698,0.31311705708503723,0.4204545319080353,0.09223484992980957
YOL059W,YAR002W,0,-4.4970026,0.3126760423183441,0.4204545319080353,0.09242424368858337
YPR155C,YEL050C,0,-4.499467,0.3122362792491913,0.4204545319080353,0.09261363744735718
YKR001C,YDR285W,0,-4.500713,0.31179773807525635,0.4204545319080353,0.09280303120613098
YPL008W,YJR135C,1,-4.5026827,0.312762975692749,0.4223484992980957,0.09280303120613098
YOR034C,YLR242C,0,-4.503129,0.3123249411582947,0.4223484992980957,0.09299242496490479
YDR030C,YGL243W,0,-4.503886,0.31188809871673584,0.4223484992980957,0.09318181872367859
YNR010W,YML085C,1,-4.505782,0.31284916400909424,0.42424243688583374,0.09318181872367859
YPL204W,YER018C,1,-4.5065775,0.31380751729011536,0.4261363744735718,0.09318181872367859
YNL149C,YPR107C,0,-4.507965,0.3133704662322998,0.4261363744735718,0.09337121248245239
YCR028C,YCR014C,0,-4.508085,0.31293463706970215,0.4261363744735718,0.0935606062412262
YKL022C,YPL204W,1,-4.508638,0.31388887763023376,0.4280303120613098,0.0935606062412262
YKR097W,YPR032W,0,-4.5089974,0.3134535253047943,0.4280303120613098,0.09375
YCL024W,YCR026C,0,-4.5092473,0.31301939487457275,0.4280303120613098,0.0939393937587738
YOR381W,YMR075W,0,-4.511704,0.3125864565372467,0.4280303120613098,0.09412878751754761
YGR098C,YPL204W,1,-4.512247,0.3135358989238739,0.42992424964904785,0.09412878751754761
YMR004W,YAR008W,0,-4.512307,0.31310343742370605,0.42992424964904785,0.09431818127632141
YIR019C,YHR086W,0,-4.512906,0.3126721680164337,0.42992424964904785,0.09450757503509521
YGL195W,YPL153C,0,-4.5131907,0.3122420907020569,0.42992424964904785,0.09469696879386902
YNL126W,YKL154W,0,-4.51462,0.3118131756782532,0.42992424964904785,0.09488636255264282
YPL137C,YIL026C,1,-4.514703,0.3127571940422058,0.4318181872367859,0.09488636255264282
YKL022C,YPL137C,1,-4.515905,0.3136986196041107,0.4337121248245239,0.09488636255264282
YOR074C,YPL203W,0,-4.5163546,0.3132694959640503,0.4337121248245239,0.09507575631141663
YKL016C,YJL106W,0,-4.5179305,0.312841534614563,0.4337121248245239,0.09526515007019043
YPL227C,YMR075W,0,-4.5180845,0.3124147355556488,0.4337121248245239,0.09545454382896423
YLR429W,YDL028C,0,-4.5205564,0.31198909878730774,0.4337121248245239,0.09564393758773804
YPL244C,YOR373W,0,-4.521364,0.3115646243095398,0.4337121248245239,0.09583333134651184
YBL046W,YLR360W,0,-4.521861,0.31114131212234497,0.4337121248245239,0.09602272510528564
YPR168W,YLR105C,0,-4.522373,0.3107191324234009,0.4337121248245239,0.09621211886405945
YMR172W,YKL173W,0,-4.523012,0.3102981150150299,0.4337121248245239,0.09640151262283325
YPL061W,YDR446W,0,-4.5232277,0.3098782002925873,0.4337121248245239,0.09659090638160706
YAL015C,YPL167C,0,-4.5243435,0.3094594478607178,0.4337121248245239,0.09678030014038086
YOR074C,YHR060W,0,-4.525086,0.309041827917099,0.4337121248245239,0.09696969389915466
YCR086W,YAL031C,1,-4.525582,0.3099730312824249,0.43560606241226196,0.09696969389915466
YKR022C,YNL246W,0,-4.528884,0.30955585837364197,0.43560606241226196,0.09715908765792847
YNL257C,YDR246W,0,-4.529236,0.30913978815078735,0.43560606241226196,0.09734848141670227
YKL046C,YMR234W,0,-4.5316515,0.3087248206138611,0.43560606241226196,0.09753787517547607
YML062C,YNL169C,0,-4.53337,0.30831098556518555,0.43560606241226196,0.09772727638483047
YFR052W,YKL173W,0,-4.5373983,0.30789825320243835,0.43560606241226196,0.09791667014360428
YGL226C-A,YER013W,0,-4.537408,0.3074866235256195,0.43560606241226196,0.09810606390237808
YIL150C,YGR253C,0,-4.5434537,0.307076096534729,0.43560606241226196,0.09829545766115189
YKL055C,YLR025W,0,-4.5455904,0.30666667222976685,0.43560606241226196,0.09848485141992569
YBR201W,YMR204C,0,-4.546732,0.30625832080841064,0.43560606241226196,0.0986742451786995
YGR257C,YLR105C,0,-4.5501075,0.3058510720729828,0.43560606241226196,0.0988636389374733
YJL214W,YML061C,0,-4.550434,0.3054448962211609,0.43560606241226196,0.0990530326962471
YGR113W,YBR127C,0,-4.5511513,0.30503979325294495,0.43560606241226196,0.0992424264550209
YPL096C-A,YDL230W,0,-4.556244,0.30463576316833496,0.43560606241226196,0.09943182021379471
YOR113W,YGL115W,0,-4.5565615,0.30423280596733093,0.43560606241226196,0.09962121397256851
YLL060C,YGR257C,0,-4.558311,0.30383092164993286,0.43560606241226196,0.09981060773134232
YNL259C,YPR005C,0,-4.5589056,0.30343008041381836,0.43560606241226196,0.10000000149011612
YDR099W,YKL108W,0,-4.5612125,0.3030303120613098,0.43560606241226196,0.10018939524888992
YMR204C,YER013W,0,-4.563321,0.30263158679008484,0.43560606241226196,0.10037878900766373
YOL130W,YKL046C,0,-4.565167,0.30223390460014343,0.43560606241226196,0.10056818276643753
YMR095C,YGR013W,0,-4.568062,0.3018372654914856,0.43560606241226196,0.10075757652521133
YEL061C,YHR014W,1,-4.5698113,0.302752286195755,0.4375,0.10075757652521133
YML095C,YKR001C,0,-4.5729303,0.3023560345172882,0.4375,0.10094697028398514
YHR086W,YNR048W,0,-4.575813,0.3019607961177826,0.4375,0.10113636404275894
YDR443C,YLR045C,0,-4.5783386,0.30156657099723816,0.4375,0.10132575780153275
YDL197C,YPR107C,0,-4.579631,0.3011733889579773,0.4375,0.10151515156030655
YFR036W,YPL204W,1,-4.580761,0.3020833432674408,0.43939393758773804,0.10151515156030655
YGR135W,YGL115W,0,-4.581687,0.3016905188560486,0.43939393758773804,0.10170454531908035
YNL245C,YGR152C,0,-4.5826073,0.30129870772361755,0.43939393758773804,0.10189393907785416
YOR381W,YGR152C,0,-4.584058,0.3009079098701477,0.43939393758773804,0.10208333283662796
YKL208W,YHL002W,0,-4.5845504,0.30051812529563904,0.43939393758773804,0.10227272659540176
YNR010W,YDR325W,1,-4.584591,0.30142301321029663,0.4412878751754761,0.10227272659540176
YCR028C,YEL004W,0,-4.5860567,0.3010335862636566,0.4412878751754761,0.10246212035417557
YKL170W,YOL033W,0,-4.5866003,0.3006451725959778,0.4412878751754761,0.10265151411294937
YJL115W,YNL126W,0,-4.5876017,0.30025774240493774,0.4412878751754761,0.10284090787172318
YBL009W,YML012W,0,-4.5876985,0.2998712956905365,0.4412878751754761,0.10303030163049698
YEL018W,YGL070C,0,-4.5880084,0.29948586225509644,0.4412878751754761,0.10321969538927078
YDR013W,YKL014C,0,-4.5889626,0.29910141229629517,0.4412878751754761,0.10340908914804459
YPL115C,YOR057W,0,-4.589526,0.2987179458141327,0.4412878751754761,0.10359848290681839
YOL006C,YLR272C,1,-4.5898438,0.29961588978767395,0.4431818127632141,0.10359848290681839
YNL253W,YDR079C-A,0,-4.5903525,0.29923275113105774,0.4431818127632141,0.1037878766655922
YNR026C,YDR515W,0,-4.5921736,0.29885056614875793,0.4431818127632141,0.103977270424366
YOL094C,YFL008W,1,-4.5925198,0.2997449040412903,0.44507575035095215,0.103977270424366
YGR003W,YHR006W,0,-4.59569,0.29936304688453674,0.44507575035095215,0.1041666641831398
YJL006C,YOR018W,0,-4.5964937,0.2989822030067444,0.44507575035095215,0.1043560579419136
YAR019C,YMR065W,0,-4.5965605,0.29860228300094604,0.44507575035095215,0.10454545170068741
YJR150C,YER019W,0,-4.596984,0.2982233464717865,0.44507575035095215,0.10473484545946121
YEL015W,YHR012W,0,-4.599185,0.29784536361694336,0.44507575035095215,0.10492423921823502
YBL084C,YER018C,1,-4.6005354,0.298734188079834,0.4469696879386902,0.10492423921823502
YLR459W,YLR154C,0,-4.6009755,0.2983565032482147,0.4469696879386902,0.10511363297700882
YKL022C,YKL049C,1,-4.6038527,0.29924243688583374,0.4488636255264282,0.10511363297700882
YIL002C,YOL028C,0,-4.6039667,0.29886507987976074,0.4488636255264282,0.10530302673578262
YMR213W,YGL090W,0,-4.6047907,0.29848867654800415,0.4488636255264282,0.10549242794513702
YOR057W,YDR369C,0,-4.605786,0.2981131970882416,0.4488636255264282,0.10568182170391083
YIR019C,YNL012W,0,-4.606328,0.2977387011051178,0.4488636255264282,0.10587121546268463
YLR032W,YLR045C,0,-4.606868,0.29736512899398804,0.4488636255264282,0.10606060922145844
YER017C,YPL115C,0,-4.6084414,0.2969924807548523,0.4488636255264282,0.10625000298023224
YJR135C,YJR068W,1,-4.610836,0.2978723347187042,0.45075756311416626,0.10625000298023224
YKL135C,YOR150W,0,-4.6129427,0.29750001430511475,0.45075756311416626,0.10643939673900604
YPL268W,YJR049C,0,-4.6139336,0.2971285879611969,0.45075756311416626,0.10662879049777985
YFR036W,YLR272C,1,-4.614751,0.29800498485565186,0.4526515007019043,0.10662879049777985
YFL009W,YJL156C,0,-4.614897,0.2976338863372803,0.4526515007019043,0.10681818425655365
YKL041W,YLR262C,0,-4.616559,0.2972636818885803,0.4526515007019043,0.10700757801532745
YFR036W,YEL061C,1,-4.617089,0.2981366515159607,0.4545454680919647,0.10700757801532745
YGR003W,YNL282W,0,-4.6177025,0.2977667450904846,0.4545454680919647,0.10719697177410126
YIL076W,YGR013W,0,-4.6208954,0.29739776253700256,0.4545454680919647,0.10738636553287506
YAL058W,YBR161W,0,-4.621133,0.2970297038555145,0.4545454680919647,0.10757575929164886
YDR037W,YOL067C,0,-4.622552,0.2966625392436981,0.4545454680919647,0.10776515305042267
YBR020W,YGL011C,0,-4.6267056,0.29629629850387573,0.4545454680919647,0.10795454680919647
YBL079W,YLR272C,1,-4.6270175,0.2971639931201935,0.45643940567970276,0.10795454680919647
YBR082C,YLR360W,0,-4.6273313,0.2967980206012726,0.45643940567970276,0.10814394056797028
YGL183C,YDR082W,0,-4.631791,0.2964329719543457,0.45643940567970276,0.10833333432674408
YGR257C,YKL173W,0,-4.633244,0.29606878757476807,0.45643940567970276,0.10852272808551788
YPL008W,YAL031C,1,-4.633532,0.29693251848220825,0.4583333432674408,0.10852272808551788
YGR098C,YHR014W,1,-4.6335764,0.2977941036224365,0.46022728085517883,0.10852272808551788
YBR217W,YGL090W,0,-4.6345415,0.297429621219635,0.46022728085517883,0.10871212184429169
YCR028C,YPR018W,0,-4.6351633,0.29706600308418274,0.46022728085517883,0.10890151560306549
YJR105W,YHL002W,0,-4.6366677,0.2967033088207245,0.46022728085517883,0.1090909093618393
YOL123W,YHR099W,0,-4.6372304,0.2963414490222931,0.46022728085517883,0.1092803031206131
YDR283C,YMR227C,0,-4.63764,0.2959805130958557,0.46022728085517883,0.1094696968793869
YJR135C,YHR014W,1,-4.63813,0.2968369722366333,0.46212121844291687,0.1094696968793869
YPL233W,YJL080C,1,-4.6386013,0.29769137501716614,0.4640151560306549,0.1094696968793869
YBR217W,YCL051W,0,-4.6396666,0.2973301112651825,0.4640151560306549,0.1096590906381607
YDR254W,YCR086W,1,-4.6416225,0.29818183183670044,0.46590909361839294,0.1096590906381607
YER061C,YNL282W,0,-4.6419954,0.2978208363056183,0.46590909361839294,0.10984848439693451
YCR014C,YPR133C,0,-4.6434994,0.2974607050418854,0.46590909361839294,0.11003787815570831
YHR042W,YPL011C,0,-4.645124,0.2971014380455017,0.46590909361839294,0.11022727191448212
YNL009W,YGL243W,0,-4.645464,0.2967430651187897,0.46590909361839294,0.11041666567325592
YPR005C,YPL187W,0,-4.647752,0.2963855564594269,0.46590909361839294,0.11060605943202972
YJR150C,YIL048W,0,-4.649247,0.29602888226509094,0.46590909361839294,0.11079545319080353
YOL012C,YPR168W,0,-4.651515,0.29567307233810425,0.46590909361839294,0.11098484694957733
YOR034C,YFR019W,0,-4.6518817,0.2953181266784668,0.46590909361839294,0.11117424070835114
YLR330W,YGR249W,0,-4.653747,0.2949640154838562,0.46590909361839294,0.11136363446712494
YLR418C,YJL112W,0,-4.654899,0.29461076855659485,0.46590909361839294,0.11155302822589874
YKL022C,YJR135C,1,-4.6577926,0.2954545319080353,0.467803031206131,0.11155302822589874
YLR098C,YCR033W,0,-4.6587796,0.2951015532016754,0.467803031206131,0.11174242198467255
YDR423C,YLR459W,0,-4.65993,0.2947494089603424,0.467803031206131,0.11193181574344635
YLR039C,YAL011W,0,-4.660058,0.29439809918403625,0.467803031206131,0.11212120950222015
YMR212C,YER032W,0,-4.661627,0.29404762387275696,0.467803031206131,0.11231060326099396
YBR272C,YHR086W,0,-4.662569,0.2936979830265045,0.467803031206131,0.11249999701976776
YGR098C,YPL137C,1,-4.664258,0.294536828994751,0.469696968793869,0.11249999701976776
YAL016W,YLR360W,0,-4.664278,0.29418742656707764,0.469696968793869,0.11268939077854156
YDL197C,YKL154W,0,-4.664561,0.29383885860443115,0.469696968793869,0.11287878453731537
YPL204W,YJR135C,1,-4.6680174,0.2946745455265045,0.47159090638160706,0.11287878453731537
YER149C,YPL011C,0,-4.6706004,0.2943262457847595,0.47159090638160706,0.11306817829608917
YPL190C,YDR416W,0,-4.6722546,0.293978750705719,0.47159090638160706,0.11325757205486298
YBL009W,YOL028C,0,-4.6726913,0.2936320900917053,0.47159090638160706,0.11344697326421738
YLR242C,YGR257C,0,-4.6733937,0.29328620433807373,0.47159090638160706,0.11363636702299118
YBR004C,YOL045W,0,-4.67421,0.2929411828517914,0.47159090638160706,0.11382576078176498
YFR036W,YCL016C,1,-4.6751394,0.29377204179763794,0.4734848439693451,0.11382576078176498
YNR010W,YPR007C,1,-4.676843,0.2946009337902069,0.47537878155708313,0.11382576078176498
YMR065W,YNR039C,0,-4.680668,0.2942555546760559,0.47537878155708313,0.11401515454053879
YLR246W,YBL050W,0,-4.681089,0.29391101002693176,0.47537878155708313,0.11420454829931259
YPL187W,YGL236C,0,-4.6811123,0.2935672402381897,0.47537878155708313,0.1143939420580864
YJR135C,YOL094C,1,-4.681655,0.29439252614974976,0.47727271914482117,0.1143939420580864
YOR113W,YNL253W,0,-4.6817636,0.2940489947795868,0.47727271914482117,0.1145833358168602
YEL015W,YKL055C,0,-4.68182,0.2937062978744507,0.47727271914482117,0.114772729575634
YJL071W,YLL060C,0,-4.6829963,0.29336437582969666,0.47727271914482117,0.1149621233344078
YMR280C,YGR099W,0,-4.6837373,0.2930232584476471,0.47727271914482117,0.11515151709318161
YLR098C,YBR272C,0,-4.6853514,0.2926829159259796,0.47727271914482117,0.11534091085195541
YFR036W,YGR098C,1,-4.68769,0.2935034930706024,0.4791666567325592,0.11534091085195541
YDR236C,YOR386W,0,-4.6889586,0.29316338896751404,0.4791666567325592,0.11553030461072922
YFL024C,YER013W,0,-4.68946,0.29282405972480774,0.4791666567325592,0.11571969836950302
YLR394W,YOL038W,0,-4.6902475,0.2924855351448059,0.4791666567325592,0.11590909212827682
YFR036W,YDR325W,1,-4.6905684,0.2933025360107422,0.48106059432029724,0.11590909212827682
YMR227C,YMR067C,0,-4.6916547,0.29296424984931946,0.48106059432029724,0.11609848588705063
YLR098C,YCR027C,0,-4.6920652,0.2926267385482788,0.48106059432029724,0.11628787964582443
YPR006C,YOR003W,0,-4.6926804,0.29229000210762024,0.48106059432029724,0.11647727340459824
YPL097W,YDR135C,0,-4.692825,0.29195401072502136,0.48106059432029724,0.11666666716337204
YFL025C,YMR128W,0,-4.6944313,0.29161882400512695,0.48106059432029724,0.11685606092214584
YLR361C,YBL080C,0,-4.6944523,0.2912844121456146,0.48106059432029724,0.11704545468091965
YNR030W,YKR027W,0,-4.6968265,0.290950745344162,0.48106059432029724,0.11723484843969345
YBR089C-A,YDR160W,0,-4.6974444,0.29061785340309143,0.48106059432029724,0.11742424219846725
YDR205W,YCL008C,0,-4.699553,0.29028570652008057,0.48106059432029724,0.11761363595724106
YKL179C,YOL042W,0,-4.7001204,0.2899543344974518,0.48106059432029724,0.11780302971601486
YAL010C,YNL246W,0,-4.7017956,0.2896237075328827,0.48106059432029724,0.11799242347478867
YDR317W,YAL011W,0,-4.702654,0.2892938554286957,0.48106059432029724,0.11818181723356247
YAL012W,YOL028C,0,-4.703556,0.28896471858024597,0.48106059432029724,0.11837121099233627
YOR245C,YNL126W,0,-4.705409,0.28863635659217834,0.48106059432029724,0.11856060475111008
YBR024W,YGR212W,0,-4.707406,0.2883087396621704,0.48106059432029724,0.11874999850988388
YFR036W,YBL084C,1,-4.7076244,0.28911563754081726,0.4829545319080353,0.11874999850988388
YOR079C,YDR082W,0,-4.7095594,0.28878822922706604,0.4829545319080353,0.11893939226865768
YOR150W,YLR032W,0,-4.7100725,0.2884615361690521,0.4829545319080353,0.11912878602743149
YLL031C,YIL112W,0,-4.7105865,0.2881355881690979,0.4829545319080353,0.11931817978620529
YNL261W,YKL203C,0,-4.711708,0.28781038522720337,0.4829545319080353,0.1195075735449791
YBL085W,YJL210W,0,-4.712019,0.28748589754104614,0.4829545319080353,0.1196969673037529
YER154W,YDR160W,0,-4.712077,0.2871621549129486,0.4829545319080353,0.1198863610625267
YAL058W,YPL210C,0,-4.712391,0.28683915734291077,0.4829545319080353,0.1200757548213005
YKL129C,YHR026W,0,-4.712749,0.28651684522628784,0.4829545319080353,0.12026514858007431
YDR473C,YGR082W,0,-4.7137165,0.2861952781677246,0.4829545319080353,0.12045454233884811
YMR234W,YOR254C,0,-4.714852,0.2858744263648987,0.4829545319080353,0.12064393609762192
YMR213W,YPL097W,0,-4.717686,0.28555431962013245,0.4829545319080353,0.12083332985639572
YOR279C,YPR108W,0,-4.718619,0.28523489832878113,0.4829545319080353,0.12102272361516953
YJL014W,YER013W,0,-4.7188687,0.2849161922931671,0.4829545319080353,0.12121212482452393
YJL071W,YDR285W,0,-4.7189965,0.2845982015132904,0.4829545319080353,0.12140151858329773
YOL006C,YML085C,1,-4.7205577,0.2853957712650299,0.4848484992980957,0.12140151858329773
YOR018W,YLR360W,0,-4.721447,0.2850779592990875,0.4848484992980957,0.12159091234207153
YJL214W,YML028W,0,-4.721735,0.28476083278656006,0.4848484992980957,0.12178030610084534
YCR028C,YKL055C,0,-4.723982,0.2844444513320923,0.4848484992980957,0.12196969985961914
YBL085W,YGL253W,0,-4.7244616,0.28412875533103943,0.4848484992980957,0.12215909361839294
YGL181W,YLR116W,0,-4.7245216,0.2838137447834015,0.4848484992980957,0.12234848737716675
YKL057C,YPL016W,0,-4.7253757,0.28349944949150085,0.4848484992980957,0.12253788113594055
YIL002C,YGL243W,0,-4.728456,0.28318583965301514,0.4848484992980957,0.12272727489471436
YOR112W,YPL190C,0,-4.731167,0.28287291526794434,0.4848484992980957,0.12291666865348816
YGR152C,YDR311W,0,-4.731732,0.28256070613861084,0.4848484992980957,0.12310606241226196
YDR116C,YIR019C,0,-4.7320824,0.28224918246269226,0.4848484992980957,0.12329545617103577
YBR237W,YOR083W,0,-4.732135,0.2819383144378662,0.4848484992980957,0.12348484992980957
YER061C,YAL011W,0,-4.7332444,0.28162816166877747,0.4848484992980957,0.12367424368858337
YBR288C,YOR381W,0,-4.737063,0.28131869435310364,0.4848484992980957,0.12386363744735718
YCL051W,YLR248W,0,-4.7373185,0.28100988268852234,0.4848484992980957,0.12405303120613098
YOR074C,YDR205W,0,-4.7373204,0.28070175647735596,0.4848484992980957,0.12424242496490479
YPL008W,YJR068W,1,-4.7390738,0.2814895808696747,0.48674243688583374,0.12424242496490479
YOR076C,YDR086C,0,-4.7395043,0.2811816334724426,0.48674243688583374,0.12443181872367859
YLR361C,YER149C,0,-4.739744,0.2808743119239807,0.48674243688583374,0.12462121248245239
YNL041C,YDR515W,0,-4.740553,0.2805676758289337,0.48674243688583374,0.1248106062412262
YOL008W,YDL044C,0,-4.7405663,0.28026172518730164,0.48674243688583374,0.125
YDR423C,YJR074W,0,-4.740665,0.2799564301967621,0.48674243688583374,0.1251893937587738
YDR423C,YDR079C-A,0,-4.7411213,0.27965179085731506,0.48674243688583374,0.1253787875175476
YGL174W,YPL015C,0,-4.7415576,0.27934783697128296,0.48674243688583374,0.1255681812763214
YAL031C,YPR007C,1,-4.74327,0.2801302969455719,0.4886363744735718,0.1255681812763214
YNL129W,YJR004C,0,-4.7439065,0.27982646226882935,0.4886363744735718,0.12575757503509521
YKL138C-A,YGR099W,0,-4.7448277,0.2795232832431793,0.4886363744735718,0.12594696879386902
YPL117C,YJL112W,0,-4.74489,0.2792207896709442,0.4886363744735718,0.12613636255264282
YKL138C-A,YBR185C,0,-4.745015,0.27891892194747925,0.4886363744735718,0.12632575631141663
YGL094C,YGR180C,0,-4.7451477,0.2786177098751068,0.4886363744735718,0.12651515007019043
YKL022C,YER018C,1,-4.747017,0.2793959081172943,0.4905303120613098,0.12651515007019043
YNL001W,YJR042W,0,-4.7508907,0.2790948152542114,0.4905303120613098,0.12670454382896423
YIL065C,YNL097C,0,-4.752346,0.27879440784454346,0.4905303120613098,0.12689393758773804
YCR027C,YGR104C,0,-4.753422,0.27849462628364563,0.4905303120613098,0.12708333134651184
YDL058W,YKR001C,0,-4.7540436,0.27819550037384033,0.4905303120613098,0.12727272510528564
YLR248W,YLR386W,0,-4.7549367,0.2778970003128052,0.4905303120613098,0.12746211886405945
YDL227C,YKL170W,0,-4.755512,0.27759915590286255,0.4905303120613098,0.12765151262283325
YKL138C-A,YPR083W,0,-4.756399,0.27730193734169006,0.4905303120613098,0.12784090638160706
YDR283C,YOR083W,0,-4.757977,0.2770053446292877,0.4905303120613098,0.12803030014038086
YPR036W,YPL045W,0,-4.7584634,0.2767094075679779,0.4905303120613098,0.12821969389915466
YGL084C,YKL108W,0,-4.75947,0.27641409635543823,0.4905303120613098,0.12840908765792847
YEL056W,YOR018W,0,-4.7613263,0.2761194109916687,0.4905303120613098,0.12859848141670227
YLR242C,YLL061W,0,-4.7616124,0.2758253514766693,0.4905303120613098,0.12878787517547607
YOL042W,YKL113C,0,-4.7619057,0.27553191781044006,0.4905303120613098,0.12897726893424988
YOL158C,YGR004W,0,-4.7629256,0.27523910999298096,0.4905303120613098,0.12916666269302368
YER142C,YGL183C,0,-4.763336,0.274946928024292,0.4905303120613098,0.12935605645179749
YJL115W,YNL041C,0,-4.7637315,0.2746553421020508,0.4905303120613098,0.1295454502105713
YFR036W,YJR068W,1,-4.765501,0.27542373538017273,0.49242424964904785,0.1295454502105713
YCR086W,YGR098C,1,-4.7672033,0.27619048953056335,0.4943181872367859,0.1295454502105713
YBR020W,YOR036W,0,-4.7693644,0.2758985161781311,0.4943181872367859,0.1297348439693451
YHR031C,YJL089W,0,-4.770235,0.275607168674469,0.4943181872367859,0.1299242377281189
YMR022W,YOL067C,0,-4.7706766,0.275316447019577,0.4943181872367859,0.1301136314868927
YDR138W,YGL070C,0,-4.771285,0.2750263512134552,0.4943181872367859,0.1303030252456665
YNL012W,YDR443C,0,-4.7732573,0.27473685145378113,0.4943181872367859,0.1304924190044403
YCR020C-A,YGR249W,0,-4.775071,0.2744479477405548,0.4943181872367859,0.1306818127632141
YBL084C,YIL026C,1,-4.7767696,0.27521008253097534,0.4962121248245239,0.1306818127632141
YFR036W,YER018C,1,-4.778589,0.27597060799598694,0.49810606241226196,0.1306818127632141
YFR028C,YPL244C,0,-4.7788973,0.27568134665489197,0.49810606241226196,0.13087120652198792
YPL262W,YJL106W,0,-4.779341,0.27539268136024475,0.49810606241226196,0.13106060028076172
YNR030W,YIL037C,0,-4.7804008,0.2751046121120453,0.49810606241226196,0.13124999403953552
YPL096C-A,YER005W,0,-4.781049,0.2748171389102936,0.49810606241226196,0.13143938779830933
YEL061C,YML034W,1,-4.781067,0.27557411789894104,0.5,0.13143938779830933
YDR138W,YCR026C,0,-4.781893,0.2752867639064789,0.5,0.13162878155708313
YPL167C,YLR025W,0,-4.78211,0.2750000059604645,0.5,0.13181817531585693
YCR086W,YOL094C,1,-4.783947,0.2757544219493866,0.501893937587738,0.13181817531585693
YAL041W,YGL205W,0,-4.786602,0.27546778321266174,0.501893937587738,0.13200756907463074
YPL202C,YOR327C,0,-4.7875843,0.27518171072006226,0.501893937587738,0.13219696283340454
YGR041W,YDR515W,0,-4.7883415,0.2748962640762329,0.501893937587738,0.13238635659217834
YOR386W,YGL212W,0,-4.789407,0.2746114134788513,0.501893937587738,0.13257575035095215
YAL015C,YDR178W,0,-4.789669,0.2743271291255951,0.501893937587738,0.13276514410972595
YLR098C,YBL103C,0,-4.789794,0.2740434408187866,0.501893937587738,0.13295455276966095
YOR074C,YOR140W,0,-4.791445,0.2737603187561035,0.501893937587738,0.13314394652843475
YCR107W,YDR513W,0,-4.7922306,0.27347782254219055,0.501893937587738,0.13333334028720856
YNL118C,YER149C,0,-4.7924213,0.27319586277008057,0.501893937587738,0.13352273404598236
YGL090W,YOR117W,0,-4.7927065,0.2729145288467407,0.501893937587738,0.13371212780475616
YNL009W,YDR011W,0,-4.7927675,0.27263373136520386,0.501893937587738,0.13390152156352997
YLR080W,YBL050W,0,-4.7928047,0.27235355973243713,0.501893937587738,0.13409091532230377
YOR023C,YNL246W,0,-4.792818,0.2720739245414734,0.501893937587738,0.13428030908107758
YBL046W,YLR262C,0,-4.7940245,0.2717948853969574,0.501893937587738,0.13446970283985138
YJR089W,YOL006C,1,-4.794992,0.27254098653793335,0.5037878751754761,0.13446970283985138
YBL084C,YPL233W,1,-4.797198,0.27328556776046753,0.5056818127632141,0.13446970283985138
YGL257C,YDR362C,0,-4.7990546,0.2730061411857605,0.5056818127632141,0.13465909659862518
YNL282W,YLR105C,0,-4.7995815,0.27272728085517883,0.5056818127632141,0.134848490357399
YKR027W,YDR013W,0,-4.8017282,0.27244898676872253,0.5056818127632141,0.1350378841161728
YOR023C,YLR078C,0,-4.8028345,0.2721712589263916,0.5056818127632141,0.1352272778749466
YOR113W,YNL261W,0,-4.8052025,0.27189409732818604,0.5056818127632141,0.1354166716337204
YLR106C,YNL261W,0,-4.8067856,0.27161750197410583,0.5056818127632141,0.1356060653924942
YDR164C,YJL156C,0,-4.8079524,0.271341472864151,0.5056818127632141,0.135795459151268
YER028C,YMR247C,0,-4.8088317,0.27106598019599915,0.5056818127632141,0.1359848529100418
YGR261C,YDL197C,0,-4.809458,0.27079108357429504,0.5056818127632141,0.1361742466688156
YER149C,YLR025W,0,-4.8143153,0.2705167233943939,0.5056818127632141,0.13636364042758942
YLR210W,YNL135C,0,-4.8143463,0.27024292945861816,0.5056818127632141,0.13655303418636322
YAL031C,YJR135C,1,-4.815104,0.2709807753562927,0.5075757503509521,0.13655303418636322
YDL099W,YGL094C,0,-4.8151455,0.27070707082748413,0.5075757503509521,0.13674242794513702
YNL059C,YBR278W,0,-4.8154073,0.2704339027404785,0.5075757503509521,0.13693182170391083
YFL022C,YKL173W,0,-4.8154464,0.27016130089759827,0.5075757503509521,0.13712121546268463
YNL257C,YLR424W,0,-4.816284,0.269889235496521,0.5075757503509521,0.13731060922145844
YCL055W,YML104C,0,-4.817169,0.2696177065372467,0.5075757503509521,0.13750000298023224
YLR208W,YCL008C,0,-4.8175144,0.2693467438220978,0.5075757503509521,0.13768939673900604
YOR372C,YDR129C,0,-4.817535,0.26907631754875183,0.5075757503509521,0.13787879049777985
YDL044C,YGR231C,0,-4.8183417,0.26880642771720886,0.5075757503509521,0.13806818425655365
YBR161W,YPR168W,0,-4.8192997,0.26853707432746887,0.5075757503509521,0.13825757801532745
YGR003W,YIR017C,0,-4.81992,0.26826825737953186,0.5075757503509521,0.13844697177410126
YDR236C,YKL057C,0,-4.8237534,0.2680000066757202,0.5075757503509521,0.13863636553287506
YJR074W,YDR369C,0,-4.824316,0.26773226261138916,0.5075757503509521,0.13882575929164886
YKL135C,YBR278W,0,-4.8263545,0.2674650549888611,0.5075757503509521,0.13901515305042267
YMR213W,YLR208W,0,-4.8266673,0.2671984136104584,0.5075757503509521,0.13920454680919647
YLR206W,YOR216C,0,-4.828186,0.26693227887153625,0.5075757503509521,0.13939394056797028
YIL013C,YNL279W,0,-4.8295565,0.2666666805744171,0.5075757503509521,0.13958333432674408
YOL033W,YDL093W,0,-4.829872,0.26640158891677856,0.5075757503509521,0.13977272808551788
YDR393W,YDR079C-A,0,-4.8300414,0.266137033700943,0.5075757503509521,0.1399621218442917
YDL044C,YBR022W,0,-4.8330574,0.2658730149269104,0.5075757503509521,0.1401515156030655
YNL097C,YDR013W,0,-4.8331685,0.2656095027923584,0.5075757503509521,0.1403409093618393
YDR446W,YLR262C,0,-4.833226,0.2653465270996094,0.5075757503509521,0.1405303031206131
YLR384C,YCR055C,0,-4.834178,0.26508408784866333,0.5075757503509521,0.1407196968793869
YDR312W,YGL212W,0,-4.8351107,0.2648221254348755,0.5075757503509521,0.1409090906381607
YDR198C,YGR002C,0,-4.8371725,0.2645606994628906,0.5075757503509521,0.1410984843969345
YER142C,YHR086W,0,-4.837555,0.26429980993270874,0.5075757503509521,0.1412878781557083
YDR116C,YNL253W,0,-4.8393173,0.26403939723968506,0.5075757503509521,0.14147727191448212
YOL051W,YBR035C,0,-4.8437066,0.26377952098846436,0.5075757503509521,0.14166666567325592
YKL179C,YNL177C,0,-4.843882,0.26352015137672424,0.5075757503509521,0.14185605943202972
YFL013C,YPL174C,0,-4.8441353,0.2632612884044647,0.5075757503509521,0.14204545319080353
YLR394W,YOR089C,0,-4.844287,0.2630029320716858,0.5075757503509521,0.14223484694957733
YBR210W,YOR216C,0,-4.848674,0.26274511218070984,0.5075757503509521,0.14242424070835114
YGR238C,YOL038W,0,-4.851224,0.2624877691268921,0.5075757503509521,0.14261363446712494
YPR165W,YOL109W,0,-4.8516264,0.26223093271255493,0.5075757503509521,0.14280302822589874
YGR216C,YLR039C,0,-4.851657,0.261974573135376,0.5075757503509521,0.14299242198467255
YGR098C,YOL006C,1,-4.853683,0.2626953125,0.5094696879386902,0.14299242198467255
YNL259C,YGR220C,0,-4.853727,0.2624390125274658,0.5094696879386902,0.14318181574344635
YDR423C,YDR135C,0,-4.855838,0.2621832489967346,0.5094696879386902,0.14337120950222015
YDL164C,YGR249W,0,-4.85642,0.26192793250083923,0.5094696879386902,0.14356060326099396
YAR002C-A,YOR110W,0,-4.857379,0.2616731524467468,0.5094696879386902,0.14374999701976776
YDR503C,YPR182W,0,-4.8589277,0.2614188492298126,0.5094696879386902,0.14393939077854156
YDL058W,YDR285W,0,-4.859029,0.261165052652359,0.5094696879386902,0.14412878453731537
YDR138W,YOR195W,0,-4.8590417,0.2609117329120636,0.5094696879386902,0.14431817829608917
YBR217W,YNL253W,0,-4.862112,0.2606589198112488,0.5094696879386902,0.14450757205486298
YBL009W,YGR211W,0,-4.8625355,0.26040658354759216,0.5094696879386902,0.14469696581363678
YPL031C,YNL012W,0,-4.8629303,0.26015472412109375,0.5094696879386902,0.14488635957241058
YJR089W,YML085C,1,-4.8642216,0.260869562625885,0.5113636255264282,0.14488635957241058
YBL097W,YGR098C,1,-4.86513,0.26158300042152405,0.5132575631141663,0.14488635957241058
YJL006C,YOR254C,0,-4.8668823,0.2613307535648346,0.5132575631141663,0.1450757533311844
YDR245W,YPR054W,0,-4.867012,0.26107898354530334,0.5132575631141663,0.1452651470899582
YPL178W,YGL201C,0,-4.8703327,0.2608277201652527,0.5132575631141663,0.145454540848732
YNL271C,YMR087W,0,-4.8713393,0.26057693362236023,0.5132575631141663,0.1456439346075058
YBL080C,YOL072W,0,-4.8721404,0.260326623916626,0.5132575631141663,0.1458333283662796
YMR280C,YJL025W,0,-4.872891,0.26007676124572754,0.5132575631141663,0.1460227221250534
YOL012C,YGL035C,0,-4.8751926,0.2598274350166321,0.5132575631141663,0.1462121158838272
YDR503C,YBL050W,0,-4.876787,0.25957855582237244,0.5132575631141663,0.146401509642601
YIL140W,YDL085W,0,-4.879081,0.259330153465271,0.5132575631141663,0.14659090340137482
YNR032W,YGR253C,0,-4.879159,0.25908222794532776,0.5132575631141663,0.14678029716014862
YOR373W,YFL004W,0,-4.879618,0.2588347792625427,0.5132575631141663,0.14696969091892242
YDL099W,YLR262C,0,-4.8810353,0.2585877776145935,0.5132575631141663,0.14715908467769623
YLR284C,YBL080C,0,-4.8818192,0.2583412826061249,0.5132575631141663,0.14734847843647003
YOL086C,YGL089C,0,-4.881955,0.25809523463249207,0.5132575631141663,0.14753787219524384
YJL071W,YGR013W,0,-4.8828077,0.25784966349601746,0.5132575631141663,0.14772726595401764
YDL028C,YKL126W,0,-4.8830767,0.25760456919670105,0.5132575631141663,0.14791665971279144
YEL018W,YDR160W,0,-4.884033,0.25735992193222046,0.5132575631141663,0.14810605347156525
YGR078C,YLR045C,0,-4.886811,0.25711575150489807,0.5132575631141663,0.14829544723033905
YLR078C,YOL135C,0,-4.8879623,0.2568720281124115,0.5132575631141663,0.14848485589027405
YJL106W,YLR026C,0,-4.890378,0.25662878155708313,0.5132575631141663,0.14867424964904785
YBL097W,YKL022C,1,-4.891411,0.25733208656311035,0.5151515007019043,0.14867424964904785
YDR254W,YKL049C,1,-4.891958,0.25803402066230774,0.5170454382896423,0.14867424964904785
YGR098C,YML085C,1,-4.893781,0.25873464345932007,0.5189393758773804,0.14867424964904785
YOL012C,YLR105C,0,-4.894065,0.25849056243896484,0.5189393758773804,0.14886364340782166
YGR074W,YDR082W,0,-4.8957796,0.25824692845344543,0.5189393758773804,0.14905303716659546
YCL016C,YOL006C,1,-4.8968315,0.25894537568092346,0.5208333134651184,0.14905303716659546
YLR170C,YLR242C,0,-4.897333,0.25870180130004883,0.5208333134651184,0.14924243092536926
YKL138C-A,YMR218C,0,-4.898218,0.2584586441516876,0.5208333134651184,0.14943182468414307
YDL227C,YPL210C,0,-4.8994913,0.2582159638404846,0.5208333134651184,0.14962121844291687
YOL026C,YDL085W,0,-4.90032,0.25797373056411743,0.5208333134651184,0.14981061220169067
YEL036C,YER031C,0,-4.9036374,0.25773194432258606,0.5208333134651184,0.15000000596046448
YHL002W,YDL159W,0,-4.904918,0.2574906349182129,0.5208333134651184,0.15018939971923828
YLR394W,YGR033C,0,-4.9066105,0.25724977254867554,0.5208333134651184,0.15037879347801208
YGL212W,YIL063C,0,-4.9078617,0.257009357213974,0.5208333134651184,0.1505681872367859
YJR089W,YDR254W,1,-4.908246,0.25770309567451477,0.5227272510528564,0.1505681872367859
YPL008W,YML085C,1,-4.9107056,0.2583955228328705,0.5246211886405945,0.1505681872367859
YNL073W,YDR160W,0,-4.9109073,0.2581547200679779,0.5246211886405945,0.1507575809955597
YJR068W,YDR325W,1,-4.9162636,0.2588454484939575,0.5265151262283325,0.1507575809955597
YGR195W,YIL173W,0,-4.9187794,0.25860464572906494,0.5265151262283325,0.1509469747543335
YAL041W,YGL094C,0,-4.9216914,0.25836431980133057,0.5265151262283325,0.1511363685131073
YLL031C,YJR103W,0,-4.9249926,0.2581244111061096,0.5265151262283325,0.1513257622718811
YDR036C,YNL009W,0,-4.925031,0.2578849792480469,0.5265151262283325,0.1515151560306549
YDR481C,YPR032W,0,-4.925443,0.25764596462249756,0.5265151262283325,0.1517045497894287
YKL149C,YGL169W,0,-4.9265995,0.25740739703178406,0.5265151262283325,0.15189394354820251
YPL204W,YDR325W,1,-4.9268837,0.2580943703651428,0.5284090638160706,0.15189394354820251
YMR016C,YER005W,0,-4.930324,0.2578558325767517,0.5284090638160706,0.15208333730697632
YIL076W,YOR057W,0,-4.9316134,0.2576177418231964,0.5284090638160706,0.15227273106575012
YLR242C,YNL001W,0,-4.931957,0.25738006830215454,0.5284090638160706,0.15246212482452393
YJR135C,YML034W,1,-4.932976,0.25806450843811035,0.5303030014038086,0.15246212482452393
YOR372C,YNL261W,0,-4.934057,0.25782689452171326,0.5303030014038086,0.15265151858329773
YGL084C,YKR001C,0,-4.9342985,0.2575896978378296,0.5303030014038086,0.15284091234207153
YLR052W,YPL274W,0,-4.935031,0.25735294818878174,0.5303030014038086,0.15303030610084534
YBR020W,YEL031W,0,-4.9355583,0.2571166157722473,0.5303030014038086,0.15321969985961914
YPR083W,YOL135C,0,-4.936934,0.2568807303905487,0.5303030014038086,0.15340909361839294
YML081C-A,YOR039W,0,-4.9372196,0.2566452920436859,0.5303030014038086,0.15359848737716675
YBR278W,YNL177C,0,-4.9379926,0.25641027092933655,0.5303030014038086,0.15378788113594055
YPR185W,YBR022W,0,-4.9385204,0.2561756670475006,0.5303030014038086,0.15397727489471436
YGL047W,YML095C,0,-4.938775,0.2559415102005005,0.5303030014038086,0.15416666865348816
YER017C,YOL028C,0,-4.9397264,0.2557077705860138,0.5303030014038086,0.15435606241226196
YLR208W,YOR195W,0,-4.9399424,0.2554744482040405,0.5303030014038086,0.15454545617103577
YJL071W,YLR210W,0,-4.94039,0.2552415728569031,0.5303030014038086,0.15473484992980957
YOL094C,YDR325W,1,-4.9407444,0.25591984391212463,0.5321969985961914,0.15473484992980957
YIL007C,YNL012W,0,-4.940992,0.25568699836730957,0.5321969985961914,0.15492424368858337
YGR113W,YLR361C,0,-4.9423313,0.25545454025268555,0.5321969985961914,0.15511363744735718
YPL008W,YBL079W,1,-4.943419,0.25613078474998474,0.5340909361839294,0.15511363744735718
YIL095W,YGL169W,0,-4.9438915,0.2558983564376831,0.5340909361839294,0.15530303120613098
YML031W,YPL268W,0,-4.945338,0.2556663751602173,0.5340909361839294,0.15549242496490479
YFL025C,YCR075C,0,-4.9455395,0.2554347813129425,0.5340909361839294,0.1556818187236786
YOR058C,YAL041W,0,-4.9463854,0.25520363450050354,0.5340909361839294,0.1558712124824524
YDR236C,YGR099W,0,-4.9465246,0.2549728751182556,0.5340909361839294,0.1560606062412262
YJL214W,YNL257C,0,-4.9496813,0.2547425329685211,0.5340909361839294,0.15625
YMR075W,YIL008W,0,-4.9521837,0.25451263785362244,0.5340909361839294,0.1564393937587738
YJL106W,YOR003W,0,-4.9522276,0.2542831301689148,0.5340909361839294,0.1566287875175476
YDL013W,YKL138C-A,0,-4.953184,0.2540540397167206,0.5340909361839294,0.1568181812763214
YHL003C,YOR386W,0,-4.9543667,0.2538253962993622,0.5340909361839294,0.15700757503509521
YPL117C,YHR050W,0,-4.9575596,0.25359711050987244,0.5340909361839294,0.15719696879386902
YOL011W,YER005W,0,-4.9592724,0.2533692717552185,0.5340909361839294,0.15738636255264282
YAL010C,YDR335W,0,-4.9606934,0.2531418204307556,0.5340909361839294,0.15757575631141663
YMR204C,YMR234W,0,-4.961771,0.25291478633880615,0.5340909361839294,0.15776515007019043
YPL100W,YPL262W,0,-4.961857,0.2526881694793701,0.5340909361839294,0.15795454382896423
YFL013C,YGL090W,0,-4.964918,0.2524619400501251,0.5340909361839294,0.15814393758773804
YAL058W,YJL124C,0,-4.967856,0.25223612785339355,0.5340909361839294,0.15833333134651184
YBR022W,YMR313C,0,-4.968509,0.2520107328891754,0.5340909361839294,0.15852272510528564
YAL058W,YPR155C,0,-4.971863,0.2517857253551483,0.5340909361839294,0.15871211886405945
YML081C-A,YGR129W,0,-4.9727745,0.25156110525131226,0.5340909361839294,0.15890151262283325
YMR035W,YER142C,0,-4.9732933,0.2513369023799896,0.5340909361839294,0.15909090638160706
YAL031C,YML034W,1,-4.9739084,0.25200355052948,0.5359848737716675,0.15909090638160706
YNL201C,YIL016W,0,-4.9747334,0.25177934765815735,0.5359848737716675,0.15928030014038086
YPR032W,YGR082W,0,-4.9761286,0.25155556201934814,0.5359848737716675,0.15946969389915466
YJL080C,YML034W,1,-4.9761763,0.2522202432155609,0.5378788113594055,0.15946969389915466
YPL008W,YFL008W,1,-4.977798,0.25288376212120056,0.5397727489471436,0.15946969389915466
YJL006C,YGL115W,0,-4.9781675,0.2526595890522003,0.5397727489471436,0.15965908765792847
YJL006C,YLR455W,0,-4.979775,0.2524357736110687,0.5397727489471436,0.15984848141670227
YOL135C,YNL241C,0,-4.9800663,0.25221237540245056,0.5397727489471436,0.16003787517547607
YHL031C,YLR181C,0,-4.9823775,0.2519893944263458,0.5397727489471436,0.16022726893424988
YMR162C,YGR013W,0,-4.983502,0.25176677107810974,0.5397727489471436,0.16041666269302368
YDL099W,YOR076C,0,-4.9879427,0.2515445649623871,0.5397727489471436,0.16060605645179749
YML104C,YMR313C,0,-4.989342,0.25132274627685547,0.5397727489471436,0.1607954502105713
YPL031C,YPL022W,0,-4.9904757,0.2511013150215149,0.5397727489471436,0.1609848439693451
YBR161W,YJL156C,0,-4.991026,0.25088027119636536,0.5397727489471436,0.1611742377281189
YER032W,YPL243W,0,-4.992216,0.25065964460372925,0.5397727489471436,0.1613636314868927
YGR216C,YIL007C,0,-4.9932847,0.2504393756389618,0.5397727489471436,0.1615530252456665
YPL117C,YNL202W,0,-4.9943104,0.2502194941043854,0.5397727489471436,0.1617424190044403
YML080W,YPR179C,0,-4.9960976,0.25,0.5397727489471436,0.1619318127632141
YOR061W,YPR032W,0,-4.996342,0.24978089332580566,0.5397727489471436,0.16212120652198792
YPR037C,YDR393W,0,-4.9967885,0.24956217408180237,0.5397727489471436,0.16231060028076172
YBL079W,YJR068W,1,-4.9971247,0.2502187192440033,0.5416666865348816,0.16231060028076172
YML023C,YDR473C,0,-4.9983807,0.25,0.5416666865348816,0.16249999403953552
YPR057W,YJL006C,0,-4.998972,0.24978165328502655,0.5416666865348816,0.16268938779830933
YNL286W,YAR008W,0,-4.9993696,0.24956369400024414,0.5416666865348816,0.16287878155708313
YPL096W,YOR195W,0,-4.9994674,0.24934612214565277,0.5416666865348816,0.16306817531585693
YPL153C,YPL218W,0,-5.000419,0.24912892282009125,0.5416666865348816,0.16325756907463074
YJL194W,YCR072C,0,-5.00158,0.24891209602355957,0.5416666865348816,0.16344696283340454
YFL004W,YER123W,0,-5.002903,0.24869565665721893,0.5416666865348816,0.16363635659217834
YPL137C,YOL094C,1,-5.005866,0.24934838712215424,0.5435606241226196,0.16363635659217834
YMR042W,YGR004W,0,-5.0062604,0.2491319477558136,0.5435606241226196,0.16382575035095215
YBR243C,YHR060W,0,-5.006647,0.2489158660173416,0.5435606241226196,0.16401514410972595
YOR058C,YBR159W,0,-5.0071325,0.24870017170906067,0.5435606241226196,0.16420455276966095
YGL090W,YNR039C,0,-5.0110836,0.24848484992980957,0.5435606241226196,0.16439394652843475
YLR242C,YOR279C,0,-5.011467,0.24826990067958832,0.5435606241226196,0.16458334028720856
YOR150W,YGL212W,0,-5.0123606,0.24805530905723572,0.5435606241226196,0.16477273404598236
YEL037C,YMR095C,0,-5.0123816,0.24784110486507416,0.5435606241226196,0.16496212780475616
YJL214W,YDR013W,0,-5.014239,0.24762725830078125,0.5435606241226196,0.16515152156352997
YDL093W,YNL282W,0,-5.0184345,0.24741379916667938,0.5435606241226196,0.16534091532230377
YNL279W,YMR016C,0,-5.019116,0.24720068275928497,0.5435606241226196,0.16553030908107758
YKL049C,YGR098C,1,-5.020155,0.2478485405445099,0.5454545617103577,0.16553030908107758
YCR086W,YFL008W,1,-5.0212374,0.24849526584148407,0.5473484992980957,0.16553030908107758
YKL138C-A,YDR404C,0,-5.0215645,0.248281791806221,0.5473484992980957,0.16571970283985138
YLR106C,YDR011W,0,-5.0242133,0.2480686753988266,0.5473484992980957,0.16590909659862518
YGL183C,YMR004W,0,-5.0269136,0.24785591661930084,0.5473484992980957,0.166098490357399
YJR074W,YMR137C,0,-5.0270357,0.24764353036880493,0.5473484992980957,0.1662878841161728
YDR388W,YPR054W,0,-5.028083,0.24743150174617767,0.5473484992980957,0.1664772778749466
YDR503C,YMR129W,0,-5.028303,0.24721984565258026,0.5473484992980957,0.1666666716337204
YKL160W,YMR204C,0,-5.02931,0.2470085471868515,0.5473484992980957,0.1668560653924942
YKL022C,YML085C,1,-5.029317,0.2476515769958496,0.5492424368858337,0.1668560653924942
YPL100W,YLR347C,0,-5.030222,0.24744027853012085,0.5492424368858337,0.167045459151268
YPL008W,YPL233W,1,-5.030614,0.24808184802532196,0.5511363744735718,0.167045459151268
YDR362C,YFL004W,0,-5.031722,0.247870534658432,0.5511363744735718,0.1672348529100418
YJL071W,YMR067C,0,-5.033056,0.2476595789194107,0.5511363744735718,0.1674242466688156
YKR001C,YIL173W,0,-5.0332136,0.24744898080825806,0.5511363744735718,0.16761364042758942
YML057W,YGL112C,0,-5.035512,0.24723874032497406,0.5511363744735718,0.16780303418636322
YGR135W,YGL212W,0,-5.0362415,0.24702885746955872,0.5511363744735718,0.16799242794513702
YER032W,YIL017C,0,-5.036792,0.24681933224201202,0.5511363744735718,0.16818182170391083
YDR205W,YDR276C,0,-5.0377855,0.24661016464233398,0.5511363744735718,0.16837121546268463
YGR007W,YMR137C,0,-5.038004,0.2464013546705246,0.5511363744735718,0.16856060922145844
YGL174W,YGR013W,0,-5.0383024,0.24619288742542267,0.5511363744735718,0.16875000298023224
YBL084C,YOL094C,1,-5.0394325,0.24683009088039398,0.5530303120613098,0.16875000298023224
YMR065W,YDR393W,0,-5.039483,0.24662162363529205,0.5530303120613098,0.16893939673900604
YGR003W,YEL015W,0,-5.041355,0.24641349911689758,0.5530303120613098,0.16912879049777985
YLR098C,YGL257C,0,-5.0418243,0.24620573222637177,0.5530303120613098,0.16931818425655365
YNL261W,YDR135C,0,-5.0435085,0.2459983080625534,0.5530303120613098,0.16950757801532745
YOL094C,YML034W,1,-5.0442333,0.24663299322128296,0.5549242496490479,0.16950757801532745
YPL233W,YPR007C,1,-5.044499,0.24726660549640656,0.5568181872367859,0.16950757801532745
YFR036W,YML085C,1,-5.048053,0.2478991597890854,0.5587121248245239,0.16950757801532745
YLR242C,YDR069C,0,-5.0490093,0.24769102036952972,0.5587121248245239,0.16969697177410126
YOR110W,YOL028C,0,-5.0492964,0.24748322367668152,0.5587121248245239,0.16988636553287506
YHR039C,YMR218C,0,-5.0502787,0.24727576971054077,0.5587121248245239,0.17007575929164886
YOL067C,YPL203W,0,-5.050536,0.24706867337226868,0.5587121248245239,0.17026515305042267
YGR041W,YLR361C,0,-5.052745,0.24686191976070404,0.5587121248245239,0.17045454680919647
YIR009W,YKL188C,0,-5.055213,0.24665552377700806,0.5587121248245239,0.17064394056797028
YBL085W,YMR140W,0,-5.0555925,0.24644945561885834,0.5587121248245239,0.17083333432674408
YFL022C,YPL153C,0,-5.0557046,0.24624374508857727,0.5587121248245239,0.17102272808551788
YBL079W,YML034W,1,-5.0558558,0.24687239527702332,0.560606062412262,0.17102272808551788
YJR150C,YPL214C,0,-5.0567985,0.24666666984558105,0.560606062412262,0.1712121218442917
YMR128W,YCR028C,0,-5.058056,0.24646128714084625,0.560606062412262,0.1714015156030655
YGL071W,YJL106W,0,-5.061516,0.24625623226165771,0.560606062412262,0.1715909093618393
YLR206W,YLR032W,0,-5.0623245,0.24605153501033783,0.560606062412262,0.1717803031206131
YOL008W,YAL001C,0,-5.062767,0.2458471804857254,0.560606062412262,0.1719696968793869
YBL008W,YPL011C,0,-5.0628996,0.24564315378665924,0.560606062412262,0.1721590906381607
YGL043W,YPL274W,0,-5.063008,0.24543946981430054,0.560606062412262,0.1723484843969345
YLR080W,YPR054W,0,-5.06456,0.2452361285686493,0.560606062412262,0.1725378781557083
YAL015C,YDR160W,0,-5.0646067,0.2450331151485443,0.560606062412262,0.17272727191448212
YKL057C,YPL167C,0,-5.0654697,0.2448304444551468,0.560606062412262,0.17291666567325592
YGL226C-A,YDL235C,0,-5.0675273,0.24462810158729553,0.560606062412262,0.17310605943202972
YOR381W,YOL135C,0,-5.0681195,0.24442610144615173,0.560606062412262,0.17329545319080353
YDR460W,YCR053W,0,-5.068534,0.2442244291305542,0.560606062412262,0.17348484694957733
YBR207W,YDR283C,0,-5.069251,0.24402308464050293,0.560606062412262,0.17367424070835114
YOL086C,YGR180C,0,-5.0731525,0.24382208287715912,0.560606062412262,0.17386363446712494
YJR150C,YPR036W,0,-5.0748987,0.24362139403820038,0.560606062412262,0.17405302822589874
YDL164C,YOL123W,0,-5.0770884,0.2434210479259491,0.560606062412262,0.17424242198467255
YLR459W,YOR081C,0,-5.0778065,0.24322102963924408,0.560606062412262,0.17443181574344635
YBR288C,YEL004W,0,-5.0792184,0.24302133917808533,0.560606062412262,0.17462120950222015
YAL058W,YLR026C,0,-5.0798836,0.24282199144363403,0.560606062412262,0.17481060326099396
YHR086W,YIL017C,0,-5.0799675,0.2426229566335678,0.560606062412262,0.17499999701976776
YDR076W,YJR052W,0,-5.08012,0.24242424964904785,0.560606062412262,0.17518939077854156
YPL115C,YHR026W,0,-5.0807295,0.24222585558891296,0.560606062412262,0.17537878453731537
YIL140W,YLR360W,0,-5.082732,0.24202780425548553,0.560606062412262,0.17556817829608917
YMR035W,YDR443C,0,-5.083151,0.24183006584644318,0.560606062412262,0.17575757205486298
YGR261C,YLR362W,0,-5.083759,0.24163265526294708,0.560606062412262,0.17594696581363678
YLL031C,YER116C,0,-5.084488,0.24143555760383606,0.560606062412262,0.17613635957241058
YNL221C,YDR369C,0,-5.085063,0.2412387877702713,0.560606062412262,0.1763257533311844
YDR254W,YML034W,1,-5.085632,0.2418566793203354,0.5625,0.1763257533311844
YLR424W,YLR181C,0,-5.0864143,0.24165987968444824,0.5625,0.1765151470899582
YPR006C,YOR137C,0,-5.086418,0.24146340787410736,0.5625,0.176704540848732
YCR055C,YPL232W,0,-5.0865755,0.24126726388931274,0.5625,0.1768939346075058
YDR236C,YMR022W,0,-5.0879207,0.2410714328289032,0.5625,0.1770833283662796
YOR245C,YPL187W,0,-5.088601,0.24087591469287872,0.5625,0.1772727221250534
YOL135C,YBR022W,0,-5.0889297,0.24068070948123932,0.5625,0.1774621158838272
YDR404C,YPR032W,0,-5.088936,0.24048583209514618,0.5625,0.177651509642601
YLR210W,YKL138C-A,0,-5.090637,0.2402912676334381,0.5625,0.17784090340137482
YMR211W,YNR039C,0,-5.0909224,0.2400970160961151,0.5625,0.17803029716014862
YER052C,YGR057C,0,-5.0926704,0.239903062582016,0.5625,0.17821969091892242
YPR007C,YOL094C,1,-5.093048,0.2405165433883667,0.564393937587738,0.17821969091892242
YMR204C,YMR313C,0,-5.0934124,0.24032257497310638,0.564393937587738,0.17840908467769623
YML095C,YAL016W,0,-5.0953326,0.24012893438339233,0.564393937587738,0.17859847843647003
YKR038C,YOR076C,0,-5.0967884,0.23993559181690216,0.564393937587738,0.17878787219524384
YPL078C,YGR082W,0,-5.0969386,0.23974256217479706,0.564393937587738,0.17897726595401764
YGL043W,YKL173W,0,-5.0974092,0.23954984545707703,0.564393937587738,0.17916665971279144
YDR079C-A,YOR081C,0,-5.0974503,0.23935742676258087,0.564393937587738,0.17935605347156525
YDR254W,YJR068W,1,-5.0981073,0.23996789753437042,0.5662878751754761,0.17935605347156525
YIL026C,YJR068W,1,-5.098323,0.24057738482952118,0.5681818127632141,0.17935605347156525
YEL056W,YOR143C,0,-5.0986595,0.24038460850715637,0.5681818127632141,0.17954544723033905
YOR058C,YGR238C,0,-5.0987506,0.24019216001033783,0.5681818127632141,0.17973485589027405
YCR014C,YNL202W,0,-5.0992727,0.23999999463558197,0.5681818127632141,0.17992424964904785
YEL056W,YLR026C,0,-5.0996413,0.23980815708637238,0.5681818127632141,0.18011364340782166
YGL174W,YGL169W,0,-5.1014395,0.23961661756038666,0.5681818127632141,0.18030303716659546
YDR292C,YLR316C,0,-5.1018353,0.23942537605762482,0.5681818127632141,0.18049243092536926
YML104C,YDR276C,0,-5.105873,0.23923444747924805,0.5681818127632141,0.18068182468414307
YMR213W,YIL017W,0,-5.108296,0.23904383182525635,0.5681818127632141,0.18087121844291687
YEL018W,YOR216C,0,-5.1091213,0.23885349929332733,0.5681818127632141,0.18106061220169067
YPR179C,YLR026C,0,-5.109148,0.2386634796857834,0.5681818127632141,0.18125000596046448
YGR041W,YMR128W,0,-5.1092362,0.2384737730026245,0.5681818127632141,0.18143939971923828
YCR020C-A,YNL054W,0,-5.1111994,0.23828434944152832,0.5681818127632141,0.18162879347801208
YLR330W,YCR014C,0,-5.111244,0.2380952388048172,0.5681818127632141,0.1818181872367859
YCL008C,YDR057W,0,-5.111849,0.23790642619132996,0.5681818127632141,0.1820075809955597
YKL138C-A,YNL253W,0,-5.1128025,0.2377179116010666,0.5681818127632141,0.1821969747543335
YNR010W,YKL049C,1,-5.114835,0.238321453332901,0.5700757503509521,0.1821969747543335
YGR188C,YOR109W,0,-5.1148643,0.23813290894031525,0.5700757503509521,0.1823863685131073
YPR067W,YIL095W,0,-5.1155863,0.23794466257095337,0.5700757503509521,0.1825757622718811
YLR330W,YJL128C,0,-5.1159425,0.23775671422481537,0.5700757503509521,0.1827651560306549
YAL031C,YHR014W,1,-5.116087,0.23835833370685577,0.5719696879386902,0.1827651560306549
YMR247C,YER019C-A,0,-5.1190133,0.2381703406572342,0.5719696879386902,0.1829545497894287
YDR245W,YNL163C,0,-5.121975,0.23798266053199768,0.5719696879386902,0.18314394354820251
YGR257C,YML065W,0,-5.1226563,0.23779527842998505,0.5719696879386902,0.18333333730697632
YDR099W,YCR026C,0,-5.123404,0.2376081794500351,0.5719696879386902,0.18352273106575012
YDR236C,YNL097C,0,-5.1246414,0.23742137849330902,0.5719696879386902,0.18371212482452393
YDR296W,YOL067C,0,-5.1248527,0.23723487555980682,0.5719696879386902,0.18390151858329773
YOR381W,YGL211W,0,-5.125818,0.2370486706495285,0.5719696879386902,0.18409091234207153
YPR168W,YLR386W,0,-5.126847,0.23686274886131287,0.5719696879386902,0.18428030610084534
YJL006C,YLR080W,0,-5.128639,0.2366771101951599,0.5719696879386902,0.18446969985961914
YMR204C,YOR216C,0,-5.1289253,0.23649178445339203,0.5719696879386902,0.18465909361839294
YDR446W,YDR037W,0,-5.130704,0.23630672693252563,0.5719696879386902,0.18484848737716675
YML057W,YNL012W,0,-5.1307297,0.23612196743488312,0.5719696879386902,0.18503788113594055
YJL014W,YKL134C,0,-5.1309843,0.23593750596046448,0.5719696879386902,0.18522727489471436
YMR204C,YNL049C,0,-5.131595,0.23575331270694733,0.5719696879386902,0.18541666865348816
YGR003W,YHL002W,0,-5.1326303,0.23556941747665405,0.5719696879386902,0.18560606241226196
YDR503C,YDL030W,0,-5.1342335,0.23538582026958466,0.5719696879386902,0.18579545617103577
YNR032C-A,YKL041W,0,-5.134465,0.23520249128341675,0.5719696879386902,0.18598484992980957
YMR065W,YMR239C,0,-5.1358056,0.23501946032047272,0.5719696879386902,0.18617424368858337
YDL230W,YHR060W,0,-5.136568,0.23483669757843018,0.5719696879386902,0.18636363744735718
YPL137C,YPL233W,1,-5.136634,0.2354312390089035,0.5738636255264282,0.18636363744735718
YDR236C,YNL202W,0,-5.1369085,0.23524844646453857,0.5738636255264282,0.18655303120613098
YNL271C,YKL203C,0,-5.137436,0.23506593704223633,0.5738636255264282,0.18674242496490479
YNL292W,YDR011W,0,-5.137449,0.23488372564315796,0.5738636255264282,0.1869318187236786
YFR036W,YML034W,1,-5.1384273,0.23547637462615967,0.5757575631141663,0.1869318187236786
YIL095W,YPR133C,0,-5.1388044,0.23529411852359772,0.5757575631141663,0.1871212124824524
YKL135C,YCR038C,0,-5.140426,0.23511214554309845,0.5757575631141663,0.1873106062412262
YCL055W,YOR018W,0,-5.140442,0.23493044078350067,0.5757575631141663,0.1875
YBR237W,YIL016W,0,-5.140792,0.23474903404712677,0.5757575631141663,0.1876893937587738
YER021W,YMR313C,0,-5.141081,0.23456789553165436,0.5757575631141663,0.1878787875175476
YOL008W,YDR473C,0,-5.1416235,0.23438704013824463,0.5757575631141663,0.1880681812763214
YAR008W,YKL126W,0,-5.1428185,0.23420646786689758,0.5757575631141663,0.18825757503509521
YJL072C,YPR032W,0,-5.143036,0.23402617871761322,0.5757575631141663,0.18844696879386902
YMR080C,YOL080C,0,-5.1430926,0.23384615778923035,0.5757575631141663,0.18863636255264282
YDR393W,YHR152W,0,-5.1446505,0.23366640508174896,0.5757575631141663,0.18882575631141663
YGL045W,YLR424W,0,-5.145552,0.23348695039749146,0.5757575631141663,0.18901515007019043
YPL055C,YPL268W,0,-5.14639,0.23330774903297424,0.5757575631141663,0.18920454382896423
YHR060W,YNR048W,0,-5.147168,0.23312883079051971,0.5757575631141663,0.18939393758773804
YJR082C,YGR249W,0,-5.1472306,0.23295019567012787,0.5757575631141663,0.18958333134651184
YDR404C,YAR008W,0,-5.14985,0.2327718287706375,0.5757575631141663,0.18977272510528564
YKL046C,YNL167C,0,-5.1500397,0.23259373009204865,0.5757575631141663,0.18996211886405945
YGL226C-A,YIL095W,0,-5.150132,0.23241589963436127,0.5757575631141663,0.19015151262283325
YNL245C,YOL109W,0,-5.150964,0.23223835229873657,0.5757575631141663,0.19034090638160706
YOL158C,YPR054W,0,-5.151888,0.23206107318401337,0.5757575631141663,0.19053030014038086
YLR098C,YNL241C,0,-5.152154,0.23188406229019165,0.5757575631141663,0.19071969389915466
YNL001W,YDL159W,0,-5.1533985,0.23170731961727142,0.5757575631141663,0.19090908765792847
YOR267C,YPR083W,0,-5.154971,0.23153084516525269,0.5757575631141663,0.19109848141670227
YGL047W,YOL135C,0,-5.1562395,0.23135463893413544,0.5757575631141663,0.19128787517547607
YPL137C,YER018C,1,-5.156584,0.2319391667842865,0.5776515007019043,0.19128787517547607
YKR066C,YDR160W,0,-5.156722,0.23176291584968567,0.5776515007019043,0.19147726893424988
YLR210W,YGL043W,0,-5.1575904,0.23158693313598633,0.5776515007019043,0.19166666269302368
YOR381W,YHL009C,0,-5.160573,0.23141123354434967,0.5776515007019043,0.19185605645179749
YMR067C,YDR545W,0,-5.1607513,0.2312357872724533,0.5776515007019043,0.1920454502105713
YPL096C-A,YFL013C,0,-5.1607785,0.23106060922145844,0.5776515007019043,0.1922348439693451
YGL174W,YDR470C,0,-5.161471,0.23088569939136505,0.5776515007019043,0.1924242377281189
YBR020W,YCL043C,0,-5.1627517,0.23071104288101196,0.5776515007019043,0.1926136314868927
YBL085W,YKL188C,0,-5.1634116,0.23053665459156036,0.5776515007019043,0.1928030252456665
YPR168W,YBL093C,0,-5.166012,0.23036253452301025,0.5776515007019043,0.1929924190044403
YDR492W,YKL055C,0,-5.1682577,0.23018868267536163,0.5776515007019043,0.1931818127632141
YLR210W,YKL002W,0,-5.169342,0.2300150841474533,0.5776515007019043,0.19337120652198792
YBL102W,YKR053C,0,-5.171316,0.22984175384044647,0.5776515007019043,0.19356060028076172
YEL018W,YGL095C,0,-5.1718273,0.22966867685317993,0.5776515007019043,0.19374999403953552
YNR010W,YGR098C,1,-5.1726933,0.23024830222129822,0.5795454382896423,0.19374999403953552
YER017C,YEL018W,0,-5.1728497,0.2300751805305481,0.5795454382896423,0.19393938779830933
YDR446W,YEL053C,0,-5.172885,0.22990232706069946,0.5795454382896423,0.19412878155708313
YPR201W,YGR257C,0,-5.1735115,0.22972972691059113,0.5795454382896423,0.19431817531585693
YKL016C,YPR032W,0,-5.173901,0.22955739498138428,0.5795454382896423,0.19450756907463074
YOR178C,YHR012W,0,-5.174833,0.22938530147075653,0.5795454382896423,0.19469696283340454
YOR057W,YLR262C,0,-5.17564,0.22921347618103027,0.5795454382896423,0.19488635659217834
YGL211W,YMR234W,0,-5.1760387,0.2290419191122055,0.5795454382896423,0.19507575035095215
YDR404C,YFR052W,0,-5.179454,0.22887060046195984,0.5795454382896423,0.19526514410972595
YBR217W,YLR330W,0,-5.1804175,0.22869955003261566,0.5795454382896423,0.19545455276966095
YKL129C,YCR060W,0,-5.1810794,0.22852875292301178,0.5795454382896423,0.19564394652843475
YGL174W,YDR503C,0,-5.1822057,0.2283582091331482,0.5795454382896423,0.19583334028720856
YOL067C,YPL274W,0,-5.1823416,0.2281879186630249,0.5795454382896423,0.19602273404598236
YOR150W,YDR205W,0,-5.183547,0.2280178815126419,0.5795454382896423,0.19621212780475616
YJL014W,YJR004C,0,-5.185502,0.2278480976819992,0.5795454382896423,0.19640152156352997
YOL094C,YML085C,1,-5.1894135,0.228422611951828,0.5814393758773804,0.19640152156352997
YNL245C,YKL182W,0,-5.1902504,0.22825278341770172,0.5814393758773804,0.19659091532230377
YJL194W,YOR117W,0,-5.190582,0.22808320820331573,0.5814393758773804,0.19678030908107758
YPL233W,YML085C,1,-5.191641,0.22865627706050873,0.5833333134651184,0.19678030908107758
YDL197C,YJR052W,0,-5.191935,0.22848664224147797,0.5833333134651184,0.19696970283985138
YBL079W,YDR325W,1,-5.192524,0.22905856370925903,0.5852272510528564,0.19696970283985138
YBR159W,YML065W,0,-5.192564,0.2288888841867447,0.5852272510528564,0.19715909659862518
YIL150C,YPL210C,0,-5.194213,0.22871947288513184,0.5852272510528564,0.197348490357399
YOR112W,YBR165W,0,-5.194518,0.22855030000209808,0.5852272510528564,0.1975378841161728
YOR381W,YBR024W,0,-5.1956635,0.22838138043880463,0.5852272510528564,0.1977272778749466
YFR050C,YPL045W,0,-5.1959014,0.22821269929409027,0.5852272510528564,0.1979166716337204
YGL094C,YPL203W,0,-5.197216,0.2280442863702774,0.5852272510528564,0.1981060653924942
YKL055C,YMR095C,0,-5.1979723,0.22787611186504364,0.5852272510528564,0.198295459151268
YLR242C,YDR079C-A,0,-5.1990414,0.22770817577838898,0.5852272510528564,0.1984848529100418
YJR082C,YJL179W,0,-5.201408,0.2275405079126358,0.5852272510528564,0.1986742466688156
YGR041W,YPR032W,0,-5.20253,0.22737306356430054,0.5852272510528564,0.19886364042758942
YBR217W,YNL049C,0,-5.202735,0.22720588743686676,0.5852272510528564,0.19905303418636322
YOL059W,YGL178W,0,-5.203393,0.2270389348268509,0.5852272510528564,0.19924242794513702
YOL008W,YGL070C,0,-5.203489,0.2268722504377365,0.5852272510528564,0.19943182170391083
YGR098C,YAL031C,1,-5.203911,0.22743947803974152,0.5871211886405945,0.19943182170391083
YPL061W,YHL002W,0,-5.204076,0.22727273404598236,0.5871211886405945,0.19962121546268463
YGR041W,YOR270C,0,-5.205307,0.2271062284708023,0.5871211886405945,0.19981060922145844
YLR418C,YDR138W,0,-5.205984,0.22693997621536255,0.5871211886405945,0.20000000298023224
YML055W,YPR133C,0,-5.2062025,0.2267739623785019,0.5871211886405945,0.20018939673900604
YER061C,YEL050C,0,-5.2072735,0.22660818696022034,0.5871211886405945,0.20037879049777985
YLR330W,YLR337W,0,-5.207695,0.22644266486167908,0.5871211886405945,0.20056818425655365
YBR037C,YCR060W,0,-5.2078543,0.22627736628055573,0.5871211886405945,0.20075757801532745
YOR018W,YCL008C,0,-5.2080445,0.22611232101917267,0.5871211886405945,0.20094697177410126
YNL201C,YER118C,0,-5.2087836,0.2259475290775299,0.5871211886405945,0.20113636553287506
YHR014W,YML034W,1,-5.209024,0.22651128470897675,0.5890151262283325,0.20113636553287506
YPR179C,YGR239C,0,-5.2097225,0.2263464331626892,0.5890151262283325,0.20132575929164886
YLL019C,YBR024W,0,-5.209791,0.22618182003498077,0.5890151262283325,0.20151515305042267
YEL056W,YPL218W,0,-5.2100487,0.22601744532585144,0.5890151262283325,0.20170454680919647
YGR041W,YDR079C-A,0,-5.210335,0.2258533090353012,0.5890151262283325,0.20189394056797028
YMR213W,YKR097W,0,-5.210959,0.22568941116333008,0.5890151262283325,0.20208333432674408
YPL274W,YPR054W,0,-5.211309,0.22552573680877686,0.5890151262283325,0.20227272808551788
YPR057W,YER107C,0,-5.2118816,0.22536231577396393,0.5890151262283325,0.2024621218442917
YMR204C,YFR033C,0,-5.2130823,0.2251991331577301,0.5890151262283325,0.2026515156030655
YDR162C,YOL067C,0,-5.2149353,0.22503617405891418,0.5890151262283325,0.2028409093618393
YMR128W,YDL058W,0,-5.2176437,0.22487346827983856,0.5890151262283325,0.2030303031206131
YNL023C,YCR028C,0,-5.217713,0.22471098601818085,0.5890151262283325,0.2032196968793869
YPL202C,YBR278W,0,-5.219323,0.22454874217510223,0.5890151262283325,0.2034090906381607
YNL271C,YDR517W,0,-5.2193413,0.22438672184944153,0.5890151262283325,0.2035984843969345
YNL001W,YOR244W,0,-5.219526,0.22422493994235992,0.5890151262283325,0.2037878781557083
YKL046C,YJR042W,0,-5.219874,0.22406339645385742,0.5890151262283325,0.20397727191448212
YLL031C,YML061C,0,-5.2220592,0.22390209138393402,0.5890151262283325,0.20416666567325592
YOR113W,YOR117W,0,-5.2229843,0.22374100983142853,0.5890151262283325,0.20435605943202972
YCL044C,YNL167C,0,-5.2248516,0.22358015179634094,0.5890151262283325,0.20454545319080353
YLR429W,YDR393W,0,-5.2254915,0.22341954708099365,0.5890151262283325,0.20473484694957733
YOR386W,YKR001C,0,-5.2265015,0.22325915098190308,0.5890151262283325,0.20492424070835114
YOL026C,YNR048W,0,-5.227683,0.2230989933013916,0.5890151262283325,0.20511363446712494
YLR424W,YOR270C,0,-5.228034,0.22293907403945923,0.5890151262283325,0.20530302822589874
YMR280C,YDR369C,0,-5.2288113,0.22277936339378357,0.5890151262283325,0.20549242198467255
YGR003W,YDR082W,0,-5.2292156,0.2226199060678482,0.5890151262283325,0.20568181574344635
YNL230C,YMR285C,0,-5.23003,0.22246065735816956,0.5890151262283325,0.20587120950222015
YLR303W,YNL054W,0,-5.231513,0.22230164706707,0.5890151262283325,0.20606060326099396
YNL173C,YOL042W,0,-5.2324896,0.22214286029338837,0.5890151262283325,0.20624999701976776
YHL031C,YOR087W,0,-5.234023,0.22198429703712463,0.5890151262283325,0.20643939077854156
YJR004C,YKL203C,0,-5.234683,0.2218259572982788,0.5890151262283325,0.20662878453731537
YGR216C,YOR137C,0,-5.236832,0.22166785597801208,0.5890151262283325,0.20681817829608917
YNR010W,YML034W,1,-5.2369437,0.2222222238779068,0.5909090638160706,0.20681817829608917
YPL137C,YJR135C,1,-5.236993,0.22277580201625824,0.5928030014038086,0.20681817829608917
YDL226C,YML055W,0,-5.238205,0.22261735796928406,0.5928030014038086,0.20700757205486298
YNR030W,YLR210W,0,-5.238888,0.22245913743972778,0.5928030014038086,0.20719696581363678
YMR204C,YHR050W,0,-5.2404256,0.22230114042758942,0.5928030014038086,0.20738635957241058
YBL099W,YDR071C,0,-5.2405243,0.22214336693286896,0.5928030014038086,0.2075757533311844
YBL008W,YHR152W,0,-5.240938,0.2219858169555664,0.5928030014038086,0.2077651470899582
YDR174W,YNL149C,0,-5.2432156,0.22182849049568176,0.5928030014038086,0.207954540848732
YJL196C,YBL046W,0,-5.2449603,0.22167138755321503,0.5928030014038086,0.2081439346075058
YCL024W,YCL008C,0,-5.245126,0.2215145081281662,0.5928030014038086,0.2083333283662796
YMR204C,YLR347C,0,-5.2458596,0.22135785222053528,0.5928030014038086,0.2085227221250534
YML081C-A,YJL013C,0,-5.24601,0.22120141983032227,0.5928030014038086,0.2087121158838272
YOR381W,YIL114C,0,-5.2470036,0.22104519605636597,0.5928030014038086,0.208901509642601
YOL067C,YOR143C,0,-5.2471485,0.22088919579982758,0.5928030014038086,0.20909090340137482
YLR206W,YDR393W,0,-5.2474203,0.2207334339618683,0.5928030014038086,0.20928029716014862
YPR185W,YDR202C,0,-5.2484255,0.22057786583900452,0.5928030014038086,0.20946969091892242
YOL008W,YGL205W,0,-5.249951,0.22042253613471985,0.5928030014038086,0.20965908467769623
YLL031C,YOL012C,0,-5.250176,0.2202674150466919,0.5928030014038086,0.20984847843647003
YBR272C,YDR285W,0,-5.2502337,0.22011251747608185,0.5928030014038086,0.21003787219524384
YIL115C,YCR027C,0,-5.250922,0.21995782852172852,0.5928030014038086,0.21022726595401764
YBR272C,YDR162C,0,-5.252516,0.21980337798595428,0.5928030014038086,0.21041665971279144
YCL024W,YBL102W,0,-5.253194,0.21964912116527557,0.5928030014038086,0.21060605347156525
YBR210W,YHR006W,0,-5.254178,0.21949508786201477,0.5928030014038086,0.21079544723033905
YBL097W,YJR068W,1,-5.2584133,0.22004204988479614,0.5946969985961914,0.21079544723033905
YDR245W,YOL109W,0,-5.25889,0.21988795697689056,0.5946969985961914,0.21098485589027405
YLR246W,YGL183C,0,-5.259262,0.2197340726852417,0.5946969985961914,0.21117424964904785
YIL033C,YGR188C,0,-5.2600737,0.21958042681217194,0.5946969985961914,0.21136364340782166
YLR386W,YDR545W,0,-5.260438,0.2194269746541977,0.5946969985961914,0.21155303716659546
YAL058W,YIL017C,0,-5.261259,0.21927374601364136,0.5946969985961914,0.21174243092536926
YOR023C,YKL014C,0,-5.2618,0.21912072598934174,0.5946969985961914,0.21193182468414307
YML078W,YMR313C,0,-5.262567,0.21896791458129883,0.5946969985961914,0.21212121844291687
YBL102W,YDR057W,0,-5.2626095,0.21881532669067383,0.5946969985961914,0.21231061220169067
YJR001W,YGR099W,0,-5.2628107,0.21866294741630554,0.5946969985961914,0.21250000596046448
YDR205W,YPL031C,0,-5.263918,0.21851079165935516,0.5946969985961914,0.21268939971923828
YBL084C,YJR068W,1,-5.2649555,0.2190542370080948,0.5965909361839294,0.21268939971923828
YNL094W,YDL028C,0,-5.267231,0.21890202164649963,0.5965909361839294,0.21287879347801208
YPL190C,YHR026W,0,-5.2682314,0.21875,0.5965909361839294,0.2130681872367859
YNL177C,YPR168W,0,-5.268609,0.21859820187091827,0.5965909361839294,0.2132575809955597
YKL022C,YDR254W,1,-5.2695518,0.21914008259773254,0.5984848737716675,0.2132575809955597
YPR025C,YOR110W,0,-5.2702746,0.21898822486400604,0.5984848737716675,0.2134469747543335
YOR058C,YDR388W,0,-5.2720118,0.21883656084537506,0.5984848737716675,0.2136363685131073
YAL011W,YLR435W,0,-5.2725053,0.218685120344162,0.5984848737716675,0.2138257622718811
YLR170C,YEL050C,0,-5.2727413,0.21853388845920563,0.5984848737716675,0.2140151560306549
YPL008W,YOL006C,1,-5.2734876,0.21907395124435425,0.6003788113594055,0.2140151560306549
YBL097W,YNR010W,1,-5.2735457,0.21961325407028198,0.6022727489471436,0.2140151560306549
YNL118C,YNL246W,0,-5.274035,0.21946169435977936,0.6022727489471436,0.2142045497894287
YKL135C,YMR095C,0,-5.2745295,0.21931034326553345,0.6022727489471436,0.21439394354820251
YFR036W,YPR007C,1,-5.274622,0.2198483794927597,0.6041666865348816,0.21439394354820251
YJL115W,YGL201C,0,-5.2747316,0.21969696879386902,0.6041666865348816,0.21458333730697632
YKL084W,YGL011C,0,-5.2785535,0.21954576671123505,0.6041666865348816,0.21477273106575012
YPR007C,YER018C,1,-5.2788982,0.22008253633975983,0.6060606241226196,0.21477273106575012
YMR204C,YPL210C,0,-5.2791367,0.21993127465248108,0.6060606241226196,0.21496212482452393
YPL218W,YKR053C,0,-5.2792244,0.21978022158145905,0.6060606241226196,0.21515151858329773
YJL042W,YKL108W,0,-5.279545,0.21962937712669373,0.6060606241226196,0.21534091234207153
YNL286W,YIL007C,0,-5.2808986,0.21947874128818512,0.6060606241226196,0.21553030610084534
YLR028C,YIL056W,0,-5.281491,0.21932831406593323,0.6060606241226196,0.21571969985961914
YGL212W,YOR270C,0,-5.281747,0.21917808055877686,0.6060606241226196,0.21590909361839294
YNR010W,YER018C,1,-5.2823944,0.2197125256061554,0.6079545617103577,0.21590909361839294
YBR207W,YJL112W,0,-5.2825775,0.21956224739551544,0.6079545617103577,0.21609848737716675
YDL099W,YDL083C,0,-5.2828894,0.219412162899971,0.6079545617103577,0.21628788113594055
YDR194C,YOR087W,0,-5.2829275,0.21926230192184448,0.6079545617103577,0.21647727489471436
YKR097W,YBR024W,0,-5.2842097,0.21911263465881348,0.6079545617103577,0.21666666865348816
YIL013C,YJL025W,0,-5.285265,0.218963161110878,0.6079545617103577,0.21685606241226196
YMR213W,YOR178C,0,-5.2854104,0.2188139110803604,0.6079545617103577,0.21704545617103577
YNL159C,YNL230C,0,-5.285477,0.21866485476493835,0.6079545617103577,0.21723484992980957
YCR020C-A,YKL041W,0,-5.2857256,0.21851599216461182,0.6079545617103577,0.21742424368858337
YPL227C,YPL100W,0,-5.2862306,0.21836735308170319,0.6079545617103577,0.21761363744735718
YOL086C,YDR079C-A,0,-5.2867694,0.21821889281272888,0.6079545617103577,0.21780303120613098
YDL227C,YPR041W,0,-5.28683,0.21807065606117249,0.6079545617103577,0.21799242496490479
YIL150C,YDL085W,0,-5.2869434,0.2179226130247116,0.6079545617103577,0.2181818187236786
YOR109W,YLR347C,0,-5.2889123,0.21777476370334625,0.6079545617103577,0.2183712124824524
YDR055W,YOL072W,0,-5.2906466,0.2176271229982376,0.6079545617103577,0.2185606062412262
YOL012C,YGL070C,0,-5.2911124,0.2174796760082245,0.6079545617103577,0.21875
YDR099W,YHL002W,0,-5.29219,0.21733243763446808,0.6079545617103577,0.2189393937587738
YOR023C,YKL179C,0,-5.2934666,0.2171853929758072,0.6079545617103577,0.2191287875175476
YBR004C,YDL227C,0,-5.29433,0.21703854203224182,0.6079545617103577,0.2193181812763214
YMR247C,YKR053C,0,-5.296276,0.21689188480377197,0.6079545617103577,0.21950757503509521
YEL018W,YIL112W,0,-5.296418,0.21674543619155884,0.6079545617103577,0.21969696879386902
YCL051W,YPR018W,0,-5.2969437,0.21659919619560242,0.6079545617103577,0.21988636255264282
YMR080C,YML060W,0,-5.2970033,0.21645313501358032,0.6079545617103577,0.22007575631141663
YFL025C,YJR150C,0,-5.297411,0.21630728244781494,0.6079545617103577,0.22026515007019043
YPL121C,YHR060W,0,-5.2983346,0.21616162359714508,0.6079545617103577,0.22045454382896423
YJR105W,YDR030C,0,-5.299228,0.21601614356040955,0.6079545617103577,0.22064393758773804
YIL002C,YCR055C,0,-5.3001094,0.21587088704109192,0.6079545617103577,0.22083333134651184
YBL085W,YJL194W,0,-5.3014965,0.21572580933570862,0.6079545617103577,0.22102272510528564
YML104C,YHR165C,0,-5.301939,0.21558092534542084,0.6079545617103577,0.22121211886405945
YGR261C,YMR022W,0,-5.301979,0.21543623507022858,0.6079545617103577,0.22140151262283325
YDR079W,YNL257C,0,-5.3036866,0.21529175341129303,0.6079545617103577,0.22159090638160706
YML060W,YHR006W,0,-5.3064804,0.2151474505662918,0.6079545617103577,0.22178030014038086
YOL038W,YJL072C,0,-5.3072963,0.2150033563375473,0.6079545617103577,0.22196969389915466
YPL008W,YDR254W,1,-5.308211,0.21552878618240356,0.6098484992980957,0.22196969389915466
YGR188C,YGL043W,0,-5.308794,0.2153846174478531,0.6098484992980957,0.22215908765792847
YLR028C,YCL008C,0,-5.310564,0.21524064242839813,0.6098484992980957,0.22234848141670227
YOR058C,YDR016C,0,-5.3113823,0.2150968611240387,0.6098484992980957,0.22253787517547607
YBL084C,YBL079W,1,-5.3132305,0.21562083065509796,0.6117424368858337,0.22253787517547607
YMR080C,YCR062W,0,-5.313374,0.21547698974609375,0.6117424368858337,0.22272726893424988
YDR054C,YOL042W,0,-5.314025,0.21533332765102386,0.6117424368858337,0.22291666269302368
YMR285C,YML023C,0,-5.3143554,0.2151898741722107,0.6117424368858337,0.22310605645179749
YHL003C,YMR129W,0,-5.3160005,0.21504659950733185,0.6117424368858337,0.2232954502105713
YER019W,YOR116C,0,-5.316702,0.21490353345870972,0.6117424368858337,0.2234848439693451
YCR038C,YPL098C,0,-5.3172216,0.21476063132286072,0.6117424368858337,0.2236742377281189
YKL135C,YLR361C,0,-5.317875,0.21461793780326843,0.6117424368858337,0.2238636314868927
YNR032C-A,YOL028C,0,-5.31804,0.21447543799877167,0.6117424368858337,0.2240530252456665
YIL002C,YIL173W,0,-5.318763,0.21433311700820923,0.6117424368858337,0.2242424190044403
YPL190C,YFR052W,0,-5.319637,0.21419097483158112,0.6117424368858337,0.2244318127632141
YJR031C,YOR372C,0,-5.3203926,0.21404904127120972,0.6117424368858337,0.22462120652198792
YMR204C,YLR447C,0,-5.3204,0.21390728652477264,0.6117424368858337,0.22481060028076172
YKL016C,YLR386W,0,-5.320801,0.2137657254934311,0.6117424368858337,0.22499999403953552
YOL130W,YNR048W,0,-5.322363,0.21362434327602386,0.6117424368858337,0.22518938779830933
YDL188C,YDR135C,0,-5.3224225,0.21348313987255096,0.6117424368858337,0.22537878155708313
YNL129W,YGR099W,0,-5.3228507,0.21334214508533478,0.6117424368858337,0.22556817531585693
YLR284C,YDR473C,0,-5.3230376,0.21320131421089172,0.6117424368858337,0.22575756907463074
YKR027W,YPL152W,0,-5.32349,0.21306069195270538,0.6117424368858337,0.22594696283340454
YML104C,YGL178W,0,-5.32509,0.21292023360729218,0.6117424368858337,0.22613635659217834
YBL079W,YFL008W,1,-5.325463,0.2134387344121933,0.6136363744735718,0.22613635659217834
YDR077W,YLR455W,0,-5.325509,0.21329821646213531,0.6136363744735718,0.22632575035095215
YML062C,YLR447C,0,-5.325657,0.21315789222717285,0.6136363744735718,0.22651514410972595
YMR213W,YPL055C,0,-5.325746,0.21301774680614471,0.6136363744735718,0.22670455276966095
YOR034C,YIL173W,0,-5.328034,0.2128777951002121,0.6136363744735718,0.22689394652843475
YGL094C,YNL282W,0,-5.3283386,0.2127380222082138,0.6136363744735718,0.22708334028720856
YBR024W,YFL004W,0,-5.32858,0.21259842813014984,0.6136363744735718,0.22727273404598236
YJL115W,YLR139C,0,-5.329216,0.2124590128660202,0.6136363744735718,0.22746212780475616
YOR074C,YLR376C,0,-5.3323436,0.21231979131698608,0.6136363744735718,0.22765152156352997
YDR446W,YNL202W,0,-5.332925,0.2121807485818863,0.6136363744735718,0.22784091532230377
YLR394W,YCR026C,0,-5.332986,0.21204188466072083,0.6136363744735718,0.22803030908107758
YPL078C,YDL093W,0,-5.333097,0.21190319955348969,0.6136363744735718,0.22821970283985138
YHL031C,YFR052W,0,-5.3338146,0.21176470816135406,0.6136363744735718,0.22840909659862518
YHR086W,YGR212W,0,-5.3349094,0.21162638068199158,0.6136363744735718,0.228598490357399
YOR371C,YOR140W,0,-5.335796,0.2114882469177246,0.6136363744735718,0.2287878841161728
YKL203C,YDR285W,0,-5.340327,0.21135029196739197,0.6136363744735718,0.2289772778749466
YOL011W,YLR105C,0,-5.341815,0.21121251583099365,0.6136363744735718,0.2291666716337204
YFL013C,YHR001W,0,-5.3435507,0.21107491850852966,0.6136363744735718,0.2293560653924942
YOR061W,YPR083W,0,-5.3446283,0.2109375,0.6136363744735718,0.229545459151268
YOL094C,YER018C,1,-5.34464,0.21145087480545044,0.6155303120613098,0.229545459151268
YKL022C,YOL094C,1,-5.344828,0.21196359395980835,0.6174242496490479,0.229545459151268
YML031W,YDR443C,0,-5.3452797,0.21182586252689362,0.6174242496490479,0.2297348529100418
YFL005W,YNL253W,0,-5.346756,0.2116883099079132,0.6174242496490479,0.2299242466688156
YDR030C,YDR129C,0,-5.347074,0.21155093610286713,0.6174242496490479,0.23011364042758942
YJR082C,YER118C,0,-5.3474903,0.21141374111175537,0.6174242496490479,0.23030303418636322
YPR133C,YNR048W,0,-5.348469,0.21127673983573914,0.6174242496490479,0.23049242794513702
YJR089W,YML034W,1,-5.349638,0.21178756654262543,0.6193181872367859,0.23049242794513702
YLR429W,YPR167C,0,-5.351146,0.21165049076080322,0.6193181872367859,0.23068182170391083
YOR244W,YDR443C,0,-5.351492,0.21151357889175415,0.6193181872367859,0.23087121546268463
YLR210W,YJL005W,0,-5.3515015,0.2113768607378006,0.6193181872367859,0.23106060922145844
YGR257C,YDR470C,0,-5.3519554,0.21124030649662018,0.6193181872367859,0.23125000298023224
YKL046C,YPR006C,0,-5.352166,0.21110393106937408,0.6193181872367859,0.23143939673900604
YKL049C,YOL006C,1,-5.3523417,0.21161291003227234,0.6212121248245239,0.23143939673900604
YKR027W,YGL183C,0,-5.3525925,0.21147646009922028,0.6212121248245239,0.23162879049777985
YPR057W,YGR074W,0,-5.3539677,0.21134020388126373,0.6212121248245239,0.23181818425655365
YGL047W,YMR065W,0,-5.354658,0.21120412647724152,0.6212121248245239,0.23200757801532745
YEL015W,YNL135C,0,-5.3568816,0.21106821298599243,0.6212121248245239,0.23219697177410126
YNL230C,YPR191W,0,-5.356935,0.21093247830867767,0.6212121248245239,0.23238636553287506
YBR161W,YGL226C-A,0,-5.35758,0.21079692244529724,0.6212121248245239,0.23257575929164886
YDR205W,YMR305C,0,-5.358658,0.21066153049468994,0.6212121248245239,0.23276515305042267
YPR185W,YMR075W,0,-5.3600245,0.21052631735801697,0.6212121248245239,0.23295454680919647
YKL208W,YMR140W,0,-5.3604727,0.21039128303527832,0.6212121248245239,0.23314394056797028
YER142C,YBR296C,0,-5.3625965,0.2102564126253128,0.6212121248245239,0.23333333432674408
YMR080C,YOL067C,0,-5.362756,0.21012172102928162,0.6212121248245239,0.23352272808551788
YMR140W,YMR095C,0,-5.3635225,0.20998719334602356,0.6212121248245239,0.2337121218442917
YCR027C,YOR076C,0,-5.3646593,0.20985284447669983,0.6212121248245239,0.2339015156030655
YFR019W,YKL214C,0,-5.364811,0.20971867442131042,0.6212121248245239,0.2340909093618393
YIL076W,YHR060W,0,-5.3656416,0.20958466827869415,0.6212121248245239,0.2342803031206131
YIL114C,YDR086C,0,-5.365695,0.209450826048851,0.6212121248245239,0.2344696968793869
YEL037C,YOR110W,0,-5.3662643,0.2093171626329422,0.6212121248245239,0.2346590906381607
YKL213C,YOL066C,0,-5.366593,0.2091836780309677,0.6212121248245239,0.2348484843969345
YNR032C-A,YHR086W,0,-5.3672056,0.20905035734176636,0.6212121248245239,0.2350378781557083
YMR285C,YNL129W,0,-5.367303,0.20891720056533813,0.6212121248245239,0.23522727191448212
YDR013W,YGR253C,0,-5.367498,0.20878420770168304,0.6212121248245239,0.23541666567325592
YBL084C,YCL016C,1,-5.368815,0.20928753912448883,0.623106062412262,0.23541666567325592
YDL230W,YCR084C,0,-5.369683,0.20915448665618896,0.623106062412262,0.23560605943202972
YDR508C,YIL114C,0,-5.3713284,0.20902159810066223,0.623106062412262,0.23579545319080353
YCL051W,YER154W,0,-5.372205,0.20888888835906982,0.623106062412262,0.23598484694957733
YNL059C,YHR060W,0,-5.372713,0.20875634253025055,0.623106062412262,0.23617424070835114
YNL099C,YMR016C,0,-5.3729362,0.2086239755153656,0.623106062412262,0.23636363446712494
YDR423C,YJR004C,0,-5.3739295,0.2084917575120926,0.623106062412262,0.23655302822589874
YGL183C,YOR137C,0,-5.375389,0.2083597183227539,0.623106062412262,0.23674242198467255
YDR164C,YIL017C,0,-5.375845,0.20822784304618835,0.623106062412262,0.23693181574344635
YJL106W,YCR020C-A,0,-5.3763466,0.20809614658355713,0.623106062412262,0.23712120950222015
YGL043W,YNR039C,0,-5.377698,0.20796459913253784,0.623106062412262,0.23731060326099396
YBR217W,YNL230C,0,-5.377758,0.20783323049545288,0.623106062412262,0.23749999701976776
YDR099W,YLL060C,0,-5.37799,0.20770202577114105,0.623106062412262,0.23768939077854156
YNL259C,YAL011W,0,-5.378043,0.20757098495960236,0.623106062412262,0.23787878453731537
YKR003W,YDR362C,0,-5.378204,0.2074401080608368,0.623106062412262,0.23806817829608917
YDR283C,YBR196C,0,-5.3785825,0.20730939507484436,0.623106062412262,0.23825757205486298
YFL013C,YDL085W,0,-5.3786063,0.20717884600162506,0.623106062412262,0.23844696581363678
YIR037W,YPR054W,0,-5.378728,0.2070484608411789,0.623106062412262,0.23863635957241058
YPR189W,YMR313C,0,-5.3787546,0.20691823959350586,0.623106062412262,0.2388257533311844
YLR032W,YJR052W,0,-5.3791323,0.20678818225860596,0.623106062412262,0.2390151470899582
YLR459W,YBR162C,0,-5.3825917,0.2066582888364792,0.623106062412262,0.239204540848732
YMR016C,YAL001C,0,-5.383459,0.20652855932712555,0.623106062412262,0.2393939346075058
YJL071W,YLR337W,0,-5.3861103,0.20639899373054504,0.623106062412262,0.2395833283662796
YMR285C,YMR134W,0,-5.3870544,0.20626959204673767,0.623106062412262,0.2397727221250534
YDR411C,YFR019W,0,-5.3878927,0.20614035427570343,0.623106062412262,0.2399621158838272
YNL118C,YGR212W,0,-5.387989,0.20601126551628113,0.623106062412262,0.240151509642601
YNL230C,YML012W,0,-5.3885193,0.20588235557079315,0.623106062412262,0.24034090340137482
YLL031C,YCL003W,0,-5.388756,0.20575359463691711,0.623106062412262,0.24053029716014862
YDR254W,YML085C,1,-5.3889675,0.20624999701976776,0.625,0.24053029716014862
YKR027W,YDR245W,0,-5.389084,0.20612117648124695,0.625,0.24071969091892242
YPR168W,YGR231C,0,-5.389409,0.20599250495433807,0.625,0.24090908467769623
YLR242C,YGR145W,0,-5.3902926,0.20586401224136353,0.625,0.24109847843647003
YDR495C,YLR360W,0,-5.390571,0.20573565363883972,0.625,0.24128787219524384
YJL006C,YGR152C,0,-5.3908567,0.20560747385025024,0.625,0.24147726595401764
YNL257C,YKL086W,0,-5.390889,0.2054794579744339,0.625,0.24166665971279144
YKL055C,YCR083W,0,-5.392541,0.2053515911102295,0.625,0.24185605347156525
YPL100W,YOR103C,0,-5.392598,0.20522387325763702,0.625,0.24204544723033905
YPL117C,YGR078C,0,-5.39387,0.20509633421897888,0.625,0.24223485589027405
YAR002C-A,YLR337W,0,-5.3970747,0.20496894419193268,0.625,0.24242424964904785
YOL082W,YCL003W,0,-5.3988867,0.2048417180776596,0.625,0.24261364340782166
YAL041W,YEL053C,0,-5.3999295,0.20471464097499847,0.625,0.24280303716659546
YOR109W,YIL013C,0,-5.400349,0.20458772778511047,0.625,0.24299243092536926
YPR057W,YKL074C,0,-5.4008007,0.2044609636068344,0.625,0.24318182468414307
YBR022W,YGL212W,0,-5.402068,0.20433436334133148,0.625,0.24337121844291687
YLR459W,YDL093W,0,-5.4029098,0.20420792698860168,0.625,0.24356061220169067
YFL013C,YBL103C,0,-5.403447,0.20408163964748383,0.625,0.24375000596046448
YLR206W,YKL126W,0,-5.4038296,0.2039555013179779,0.625,0.24393939971923828
YDR388W,YNL012W,0,-5.404371,0.20382952690124512,0.625,0.24412879347801208
YOL066C,YLR208W,0,-5.4045515,0.20370370149612427,0.625,0.2443181872367859
YFL009W,YLR425W,0,-5.4056306,0.20357804000377655,0.625,0.2445075809955597
YDR343C,YKL173W,0,-5.406464,0.20345252752304077,0.625,0.2446969747543335
YBR161W,YDR503C,0,-5.406676,0.20332717895507812,0.625,0.2448863685131073
YGL094C,YBR118W,0,-5.407301,0.20320196449756622,0.625,0.2450757622718811
YBL084C,YAL031C,1,-5.407402,0.20369230210781097,0.626893937587738,0.2450757622718811
YBR272C,YOR372C,0,-5.4074965,0.2035670429468155,0.626893937587738,0.2452651560306549
YDR069C,YNL012W,0,-5.408517,0.20344191789627075,0.626893937587738,0.2454545497894287
YBL102W,YMR227C,0,-5.409308,0.20331695675849915,0.626893937587738,0.24564394354820251
YNR032C-A,YNL169C,0,-5.4094496,0.20319214463233948,0.626893937587738,0.24583333730697632
YBL084C,YOL006C,1,-5.4107685,0.20368097722530365,0.6287878751754761,0.24583333730697632
YDR054C,YBR055C,0,-5.4114237,0.2035561054944992,0.6287878751754761,0.24602273106575012
YER173W,YCL008C,0,-5.412259,0.2034313678741455,0.6287878751754761,0.24621212482452393
YDR378C,YPL190C,0,-5.4125013,0.20330679416656494,0.6287878751754761,0.24640151858329773
YKL022C,YFL008W,1,-5.412713,0.20379437506198883,0.6306818127632141,0.24640151858329773
YJL196C,YIL017W,0,-5.412841,0.2036697268486023,0.6306818127632141,0.24659091234207153
YKL138C-A,YLR181C,0,-5.4130135,0.2035452276468277,0.6306818127632141,0.24678030610084534
YBR004C,YIL048W,0,-5.4133925,0.20342089235782623,0.6306818127632141,0.24696969985961914
YFL009W,YOL026C,0,-5.4140406,0.2032967060804367,0.6306818127632141,0.24715909361839294
YDR205W,YER154W,0,-5.4147325,0.20317266881465912,0.6306818127632141,0.24734848737716675
YDL192W,YBR023C,0,-5.4150867,0.20304878056049347,0.6306818127632141,0.24753788113594055
YOR245C,YLR080W,0,-5.4154687,0.20292504131793976,0.6306818127632141,0.24772727489471436
YLR026C,YNR048W,0,-5.4158087,0.20280146598815918,0.6306818127632141,0.24791666865348816
YML034W,YML085C,1,-5.4163218,0.20328667759895325,0.6325757503509521,0.24791666865348816
YDR254W,YJL018W,1,-5.416395,0.20377129316329956,0.6344696879386902,0.24791666865348816
YPL096W,YFR052W,0,-5.4169607,0.2036474198102951,0.6344696879386902,0.24810606241226196
YPL137C,YPR007C,1,-5.4178267,0.20413123071193695,0.6363636255264282,0.24810606241226196
YDR284C,YMR067C,0,-5.4186287,0.20400728285312653,0.6363636255264282,0.24829545617103577
YDR202C,YDR079C-A,0,-5.4192986,0.20388349890708923,0.6363636255264282,0.24848484992980957
YNR010W,YOL094C,1,-5.421693,0.2043662816286087,0.6382575631141663,0.24848484992980957
YKR027W,YIL114C,0,-5.422411,0.20424242317676544,0.6382575631141663,0.24867424368858337
YDR423C,YBL050W,0,-5.4264193,0.20411871373653412,0.6382575631141663,0.24886363744735718
YKL173W,YCR053W,0,-5.426903,0.20399515330791473,0.6382575631141663,0.24905303120613098
YOR046C,YHL002W,0,-5.428638,0.2038717418909073,0.6382575631141663,0.24924242496490479
YJL018W,YJL080C,1,-5.4287624,0.20435307919979095,0.6401515007019043,0.24924242496490479
YPL100W,YFR033C,0,-5.429064,0.20422960817813873,0.6401515007019043,0.2494318187236786
YDR404C,YOL028C,0,-5.4306574,0.20410628616809845,0.6401515007019043,0.2496212124824524
YJL006C,YOL028C,0,-5.4307694,0.2039830982685089,0.6401515007019043,0.2498106062412262
YHR031C,YPL210C,0,-5.4310417,0.2038600742816925,0.6401515007019043,0.25
YOR081C,YIL017W,0,-5.432437,0.20373718440532684,0.6401515007019043,0.2501893937587738
YGR238C,YOR137C,0,-5.4336743,0.20361445844173431,0.6401515007019043,0.2503787875175476
YPL100W,YOR110W,0,-5.4344993,0.20349186658859253,0.6401515007019043,0.2505681812763214
YMR211W,YOR279C,0,-5.4349985,0.20336943864822388,0.6401515007019043,0.2507575750350952
YML012W,YPL055C,0,-5.43509,0.20324714481830597,0.6401515007019043,0.250946968793869
YMR227C,YGL210W,0,-5.435716,0.203125,0.6401515007019043,0.2511363625526428
YKL022C,YAL031C,1,-5.437684,0.2036036103963852,0.6420454382896423,0.2511363625526428
YEL036C,YGL236C,0,-5.437739,0.20348139107227325,0.6420454382896423,0.2513257563114166
YPL096C-A,YKL212W,0,-5.43902,0.20335932075977325,0.6420454382896423,0.25151515007019043
YPR165W,YGR180C,0,-5.4402275,0.2032374143600464,0.6420454382896423,0.25170454382896423
YIL062C,YJL179W,0,-5.4411926,0.20311564207077026,0.6420454382896423,0.25189393758773804
YGL191W,YER123W,0,-5.44188,0.20299401879310608,0.6420454382896423,0.25208333134651184
YCR055C,YDR369C,0,-5.4418964,0.20287252962589264,0.6420454382896423,0.25227272510528564
YAL031C,YDR325W,1,-5.4421587,0.2033492773771286,0.6439393758773804,0.25227272510528564
YPL274W,YER005W,0,-5.4445457,0.20322772860527039,0.6439393758773804,0.25246211886405945
YDR182W,YLR034C,0,-5.447686,0.2031063288450241,0.6439393758773804,0.25265151262283325
YPR065W,YPL232W,0,-5.4497213,0.20298507809638977,0.6439393758773804,0.25284090638160706
YPL233W,YHR014W,1,-5.4499626,0.20346061885356903,0.6458333134651184,0.25284090638160706
YBL097W,YML085C,1,-5.4501657,0.20393559336662292,0.6477272510528564,0.25284090638160706
YDL024C,YOL026C,0,-5.451123,0.2038140594959259,0.6477272510528564,0.25303030014038086
YFL013C,YHR006W,0,-5.4522123,0.20369267463684082,0.6477272510528564,0.25321969389915466
YFL025C,YKL074C,0,-5.4527373,0.20357142388820648,0.6477272510528564,0.25340908765792847
YLR129W,YPR054W,0,-5.452962,0.20345032215118408,0.6477272510528564,0.25359848141670227
YPL218W,YPR189W,0,-5.4532595,0.20332936942577362,0.6477272510528564,0.2537878751754761
YML061C,YPR094W,0,-5.4532967,0.2032085508108139,0.6477272510528564,0.2539772689342499
YDR013W,YPR165W,0,-5.4550147,0.20308788120746613,0.6477272510528564,0.2541666626930237
YAL031C,YJR068W,1,-5.4550843,0.20356082916259766,0.6496211886405945,0.2541666626930237
YOR103C,YPL268W,0,-5.45517,0.2034400999546051,0.6496211886405945,0.2543560564517975
YDL227C,YDL159W,0,-5.4555454,0.2033195048570633,0.6496211886405945,0.2545454502105713
YPL233W,YBL079W,1,-5.4557123,0.20379146933555603,0.6515151262283325,0.2545454502105713
YMR298W,YLR139C,0,-5.456125,0.20367081463336945,0.6515151262283325,0.2547348439693451
YBL097W,YBL084C,1,-5.4578295,0.2041420191526413,0.6534090638160706,0.2547348439693451
YGR098C,YJR068W,1,-5.458606,0.20461265742778778,0.6553030014038086,0.2547348439693451
YGR057C,YGR099W,0,-5.459057,0.2044917196035385,0.6553030014038086,0.2549242377281189
YOL051W,YPL187W,0,-5.4594593,0.20437094569206238,0.6553030014038086,0.2551136314868927
YNL177C,YPL097W,0,-5.4595575,0.2042502909898758,0.6553030014038086,0.2553030252456665
YBR243C,YOR143C,0,-5.4595647,0.20412980020046234,0.6553030014038086,0.2554924190044403
YPL202C,YOR140W,0,-5.4610605,0.20400942862033844,0.6553030014038086,0.2556818127632141
YFR036W,YOL094C,1,-5.461279,0.20447848737239838,0.6571969985961914,0.2556818127632141
YBL084C,YEL061C,1,-5.4621954,0.20494699478149414,0.6590909361839294,0.2556818127632141
YBL085W,YDL013W,0,-5.4623556,0.20482636988162994,0.6590909361839294,0.2558712065219879
YFR036W,YAL031C,1,-5.46396,0.20529411733150482,0.6609848737716675,0.2558712065219879
YER013W,YCR084C,0,-5.4642863,0.20517343282699585,0.6609848737716675,0.2560606002807617
YER154W,YMR234W,0,-5.464325,0.20505288243293762,0.6609848737716675,0.2562499940395355
YEL036C,YNL012W,0,-5.4643326,0.20493246614933014,0.6609848737716675,0.2564393877983093
YNL059C,YNL163C,0,-5.4654074,0.2048122137784958,0.6609848737716675,0.25662878155708313
YFL009W,YDL235C,0,-5.465703,0.204692080616951,0.6609848737716675,0.25681817531585693
YGR057C,YGL201C,0,-5.468367,0.20457209646701813,0.6609848737716675,0.25700756907463074
YDR434W,YDR470C,0,-5.468866,0.2044522613286972,0.6609848737716675,0.25719696283340454
YAR014C,YGL089C,0,-5.4698477,0.20433254539966583,0.6609848737716675,0.25738635659217834
YIL095W,YBR237W,0,-5.471954,0.2042129933834076,0.6609848737716675,0.25757575035095215
YOL026C,YLR105C,0,-5.4726286,0.2040935605764389,0.6609848737716675,0.25776514410972595
YML095C,YMR305C,0,-5.4726524,0.20397427678108215,0.6609848737716675,0.25795453786849976
YLR052W,YOL045W,0,-5.474331,0.20385514199733734,0.6609848737716675,0.25814393162727356
YHR042W,YNL163C,0,-5.474516,0.20373614132404327,0.6609848737716675,0.25833332538604736
YKL138C-A,YER019W,0,-5.4749546,0.20361727476119995,0.6609848737716675,0.25852271914482117
YLR210W,YPL126W,0,-5.475011,0.20349854230880737,0.6609848737716675,0.25871211290359497
YCR026C,YNL253W,0,-5.4751234,0.20337995886802673,0.6609848737716675,0.2589015066623688
YKL022C,YPL008W,1,-5.477189,0.20384390652179718,0.6628788113594055,0.2589015066623688
YBR131W,YKL214C,0,-5.4772625,0.20372526347637177,0.6628788113594055,0.2590909004211426
YDR205W,YGL169W,0,-5.477641,0.2036067545413971,0.6628788113594055,0.2592802941799164
YNL101W,YBR022W,0,-5.4779234,0.20348836481571198,0.6628788113594055,0.2594696879386902
YAL041W,YDL188C,0,-5.479332,0.2033701390028,0.6628788113594055,0.259659081697464
YGL174W,YAR002C-A,0,-5.479582,0.20325203239917755,0.6628788113594055,0.2598484754562378
YPL167C,YPR182W,0,-5.480986,0.20313407480716705,0.6628788113594055,0.2600378692150116
YAL031C,YER018C,1,-5.4837627,0.203596293926239,0.6647727489471436,0.2600378692150116
YKR027W,YCR053W,0,-5.4842167,0.20347826182842255,0.6647727489471436,0.2602272629737854
YPL061W,YJL006C,0,-5.4842486,0.20336036384105682,0.6647727489471436,0.2604166567325592
YPL008W,YJL080C,1,-5.4851127,0.20382165908813477,0.6666666865348816,0.2604166567325592
YLR433C,YFL024C,0,-5.486188,0.20370370149612427,0.6666666865348816,0.260606050491333
YBR201W,YGL084C,0,-5.486992,0.2035858929157257,0.6666666865348816,0.2607954442501068
YPR168W,YCL043C,0,-5.487176,0.2034682035446167,0.6666666865348816,0.2609848380088806
YJR052W,YML098W,0,-5.487429,0.20335066318511963,0.6666666865348816,0.2611742317676544
YKR082W,YER173W,0,-5.4885397,0.2032332569360733,0.6666666865348816,0.2613636255264282
YNR030W,YMR075W,0,-5.4891515,0.20311598479747772,0.6666666865348816,0.261553019285202
YBL046W,YDR246W,0,-5.4894943,0.20299884676933289,0.6666666865348816,0.26174241304397583
YJR135C,YBL079W,1,-5.4908905,0.20345821976661682,0.6685606241226196,0.26174241304397583
YPR108W,YMR227C,0,-5.490913,0.20334100723266602,0.6685606241226196,0.26193180680274963
YNL101W,YKL057C,0,-5.494035,0.20322394371032715,0.6685606241226196,0.26212120056152344
YBR055C,YGR180C,0,-5.494628,0.20310701429843903,0.6685606241226196,0.26231059432029724
YLR459W,YDR335W,0,-5.4950867,0.20299021899700165,0.6685606241226196,0.26249998807907104
YCR027C,YMR313C,0,-5.4953356,0.20287355780601501,0.6685606241226196,0.26268938183784485
YBR020W,YJR004C,0,-5.4960976,0.20275703072547913,0.6685606241226196,0.26287877559661865
YJL115W,YNR027W,0,-5.496445,0.20264063775539398,0.6685606241226196,0.26306816935539246
YMR047C,YML065W,0,-5.49732,0.20252437889575958,0.6685606241226196,0.26325756311416626
YDL227C,YIL007C,0,-5.4974504,0.20240825414657593,0.6685606241226196,0.26344695687294006
YLR129W,YOR373W,0,-5.497574,0.20229226350784302,0.6685606241226196,0.26363635063171387
YMR301C,YER173W,0,-5.4977407,0.20217640697956085,0.6685606241226196,0.26382574439048767
YMR199W,YDR378C,0,-5.4996862,0.20206066966056824,0.6685606241226196,0.2640151381492615
YIL002C,YHR152W,0,-5.50012,0.20194508135318756,0.6685606241226196,0.2642045319080353
YPL055C,YMR067C,0,-5.5015483,0.20182961225509644,0.6685606241226196,0.2643939256668091
YIL033C,YDL024C,0,-5.5020833,0.20171429216861725,0.6685606241226196,0.2645833194255829
YPL078C,YDR446W,0,-5.5024133,0.2015990912914276,0.6685606241226196,0.2647727131843567
YGR231C,YNL054W,0,-5.502841,0.20148402452468872,0.6685606241226196,0.2649621069431305
YBL084C,YFL008W,1,-5.5036545,0.20193953812122345,0.6704545617103577,0.2649621069431305
YBR161W,YCL051W,0,-5.5045834,0.2018243968486786,0.6704545617103577,0.2651515007019043
YIR037W,YKL113C,0,-5.506972,0.20170940458774567,0.6704545617103577,0.2653408944606781
YNL292W,YMR216C,0,-5.507518,0.2015945315361023,0.6704545617103577,0.2655302882194519
YOR373W,YNR032W,0,-5.507755,0.20147979259490967,0.6704545617103577,0.2657197117805481
YER119C,YDR129C,0,-5.508026,0.20136518776416779,0.6704545617103577,0.2659091055393219
YLR354C,YER005W,0,-5.5091,0.20125071704387665,0.6704545617103577,0.2660984992980957
YMR004W,YJL128C,0,-5.5091715,0.20113636553287506,0.6704545617103577,0.2662878930568695
YKL108W,YLR354C,0,-5.510298,0.20102214813232422,0.6704545617103577,0.2664772868156433
YNL286W,YJL214W,0,-5.5119343,0.20090806484222412,0.6704545617103577,0.2666666805744171
YPL121C,YDR312W,0,-5.513096,0.20079410076141357,0.6704545617103577,0.2668560743331909
YPL244C,YNL253W,0,-5.5150886,0.20068027079105377,0.6704545617103577,0.2670454680919647
YOR113W,YGL090W,0,-5.5151167,0.20056657493114471,0.6704545617103577,0.2672348618507385
YML127W,YNL049C,0,-5.5153503,0.2004529982805252,0.6704545617103577,0.26742425560951233
YOR074C,YNL241C,0,-5.51546,0.20033955574035645,0.6704545617103577,0.26761364936828613
YPL121C,YLR034C,0,-5.515577,0.20022624731063843,0.6704545617103577,0.26780304312705994
YOL045W,YPR108W,0,-5.516117,0.20011305809020996,0.6704545617103577,0.26799243688583374
YCL003W,YDR529C,0,-5.516961,0.20000000298023224,0.6704545617103577,0.26818183064460754
YBL079W,YOL006C,1,-5.518031,0.20045171678066254,0.6723484992980957,0.26818183064460754
YOR058C,YEL018W,0,-5.5180573,0.20033860206604004,0.6723484992980957,0.26837122440338135
YML055W,YDR443C,0,-5.518531,0.2002256065607071,0.6723484992980957,0.26856061816215515
YDR411C,YFR033C,0,-5.518878,0.2001127451658249,0.6723484992980957,0.26875001192092896
YER032W,YCR055C,0,-5.5190763,0.20000000298023224,0.6723484992980957,0.26893940567970276
YOR371C,YPR005C,0,-5.519825,0.19988738000392914,0.6723484992980957,0.26912879943847656
YDR513W,YML031W,0,-5.5211277,0.19977490603923798,0.6723484992980957,0.26931819319725037
YMR162C,YDR036C,0,-5.521744,0.19966253638267517,0.6723484992980957,0.26950758695602417
YAL055W,YDR129C,0,-5.5219893,0.1995503157377243,0.6723484992980957,0.269696980714798
YML057W,YDR205W,0,-5.5223837,0.1994381994009018,0.6723484992980957,0.2698863744735718
YPL214C,YML115C,0,-5.522704,0.19932621717453003,0.6723484992980957,0.2700757682323456
YNL271C,YPR107C,0,-5.523588,0.199214369058609,0.6723484992980957,0.2702651619911194
YDR079C-A,YPL234C,0,-5.5236244,0.19910264015197754,0.6723484992980957,0.2704545557498932
YDL013W,YPL016W,0,-5.523924,0.19899103045463562,0.6723484992980957,0.270643949508667
YHR091C,YER123W,0,-5.5245776,0.19887955486774445,0.6723484992980957,0.2708333432674408
YOL135C,YHR086W,0,-5.5249205,0.19876819849014282,0.6723484992980957,0.2710227370262146
YPL204W,YBL079W,1,-5.525462,0.1992165595293045,0.6742424368858337,0.2710227370262146
YGL257C,YNL261W,0,-5.526354,0.1991051435470581,0.6742424368858337,0.2712121307849884
YJR082C,YHL003C,0,-5.526599,0.19899384677410126,0.6742424368858337,0.2714015245437622
YML023C,YHR050W,0,-5.52971,0.19888268411159515,0.6742424368858337,0.271590918302536
YEL015W,YAL016W,0,-5.5306177,0.1987716406583786,0.6742424368858337,0.2717803120613098
YGR216C,YDR317W,0,-5.531016,0.1986607164144516,0.6742424368858337,0.2719697058200836
YJL014W,YKL149C,0,-5.5317426,0.19854991137981415,0.6742424368858337,0.2721590995788574
YER017C,YGR239C,0,-5.532089,0.19843924045562744,0.6742424368858337,0.2723484933376312
YJR150C,YPR183W,0,-5.5325036,0.19832868874073029,0.6742424368858337,0.27253788709640503
YDR059C,YDL058W,0,-5.5328097,0.19821825623512268,0.6742424368858337,0.27272728085517883
YER019W,YBR024W,0,-5.5337954,0.19810795783996582,0.6742424368858337,0.27291667461395264
YMR204C,YDR481C,0,-5.53481,0.1979977786540985,0.6742424368858337,0.27310606837272644
YJL115W,YMR075W,0,-5.5348787,0.19788771867752075,0.6742424368858337,0.27329546213150024
YPR182W,YPL045W,0,-5.5386515,0.19777777791023254,0.6742424368858337,0.27348485589027405
YFL024C,YKL138C-A,0,-5.5396605,0.1976679563522339,0.6742424368858337,0.27367424964904785
YPL231W,YLL031C,0,-5.540204,0.19755826890468597,0.6742424368858337,0.27386364340782166
YJL194W,YPL095C,0,-5.540392,0.1974487006664276,0.6742424368858337,0.27405303716659546
YAL031C,YOL006C,1,-5.5418034,0.19789357483386993,0.6761363744735718,0.27405303716659546
YGL201C,YFL005W,0,-5.544286,0.1977839320898056,0.6761363744735718,0.27424243092536926
YGL084C,YGR004W,0,-5.5453477,0.19767442345619202,0.6761363744735718,0.27443182468414307
YPL190C,YOR386W,0,-5.5456514,0.1975650191307068,0.6761363744735718,0.27462121844291687
YDR069C,YPR155C,0,-5.545976,0.1974557489156723,0.6761363744735718,0.2748106122016907
YOR039W,YOL149W,0,-5.5467052,0.19734659790992737,0.6761363744735718,0.2750000059604645
YJR150C,YPL187W,0,-5.549667,0.19723756611347198,0.6761363744735718,0.2751893997192383
YFL013C,YGR251W,0,-5.5498767,0.19712865352630615,0.6761363744735718,0.2753787934780121
YLR043C,YDL058W,0,-5.5505133,0.19701986014842987,0.6761363744735718,0.2755681872367859
YHR092C,YJR004C,0,-5.5513153,0.19691120088100433,0.6761363744735718,0.2757575809955597
YNR035C,YAL041W,0,-5.5516233,0.19680264592170715,0.6761363744735718,0.2759469747543335
YKL208W,YMR298W,0,-5.5524483,0.19669421017169952,0.6761363744735718,0.2761363685131073
YFL009W,YKL154W,0,-5.553301,0.19658590853214264,0.6761363744735718,0.2763257622718811
YGL094C,YLR208W,0,-5.554288,0.1964777112007141,0.6761363744735718,0.2765151560306549
YDL099W,YDR205W,0,-5.554542,0.19636963307857513,0.6761363744735718,0.2767045497894287
YOR372C,YPL234C,0,-5.5547476,0.1962616890668869,0.6761363744735718,0.2768939435482025
YOR244W,YDR236C,0,-5.5556164,0.19615384936332703,0.6761363744735718,0.2770833373069763
YGR225W,YML012W,0,-5.5572505,0.1960461288690567,0.6761363744735718,0.2772727310657501
YOL082W,YMR075W,0,-5.557479,0.19593852758407593,0.6761363744735718,0.2774621248245239
YNL004W,YHR042W,0,-5.5591784,0.1958310455083847,0.6761363744735718,0.27765151858329773
YMR314W,YIL101C,0,-5.559517,0.19572368264198303,0.6761363744735718,0.27784091234207153
YOL066C,YGL030W,0,-5.5599604,0.1956164389848709,0.6761363744735718,0.27803030610084534
YMR211W,YDR138W,0,-5.560005,0.19550931453704834,0.6761363744735718,0.27821969985961914
YPL178W,YMR208W,0,-5.5600767,0.19540229439735413,0.6761363744735718,0.27840909361839294
YNR010W,YAL031C,1,-5.560896,0.195842444896698,0.6780303120613098,0.27840909361839294
YMR012W,YHL009C,0,-5.5609627,0.1957353800535202,0.6780303120613098,0.27859848737716675
YER154W,YLR039C,0,-5.5613775,0.19562841951847076,0.6780303120613098,0.27878788113594055
YCL025C,YGL246C,0,-5.562803,0.19552157819271088,0.6780303120613098,0.27897727489471436
YGL191W,YMR137C,0,-5.5631127,0.19541484117507935,0.6780303120613098,0.27916666865348816
YHR165C,YKL075C,0,-5.5636005,0.19530823826789856,0.6780303120613098,0.27935606241226196
YFL008W,YER018C,1,-5.5645285,0.1957470029592514,0.6799242496490479,0.27935606241226196
YAR014C,YOR381W,0,-5.566206,0.19564032554626465,0.6799242496490479,0.27954545617103577
YOR036W,YLR139C,0,-5.5662656,0.19553376734256744,0.6799242496490479,0.27973484992980957
YER061C,YDR311W,0,-5.566731,0.1954273283481598,0.6799242496490479,0.2799242436885834
YLR246W,YIL017C,0,-5.567032,0.1953209936618805,0.6799242496490479,0.2801136374473572
YOR245C,YJR059W,0,-5.567442,0.19521479308605194,0.6799242496490479,0.280303031206131
YDR069C,YMR016C,0,-5.5682564,0.19510869681835175,0.6799242496490479,0.2804924249649048
YEL056W,YOL072W,0,-5.568576,0.1950027197599411,0.6799242496490479,0.2806818187236786
YGL246C,YDR404C,0,-5.5713696,0.1948968470096588,0.6799242496490479,0.2808712124824524
YOR113W,YML127W,0,-5.571479,0.19479110836982727,0.6799242496490479,0.2810606062412262
YNL292W,YMR134W,0,-5.5716844,0.1946854591369629,0.6799242496490479,0.28125
YCL051W,YKL188C,0,-5.5718937,0.19457994401454926,0.6799242496490479,0.2814393937587738
YPL008W,YER018C,1,-5.57211,0.19501625001430511,0.6818181872367859,0.2814393937587738
YEL036C,YDR283C,0,-5.57215,0.1949106603860855,0.6818181872367859,0.2816287875175476
YPL137C,YFL008W,1,-5.574689,0.19534632563591003,0.6837121248245239,0.2816287875175476
YJL214W,YJL128C,0,-5.5751977,0.19524067640304565,0.6837121248245239,0.2818181812763214
YIL095W,YGL104C,0,-5.575937,0.19513513147830963,0.6837121248245239,0.2820075750350952
YLR418C,YDR306C,0,-5.5769787,0.19502972066402435,0.6837121248245239,0.282196968793869
YNL101W,YNL294C,0,-5.577304,0.19492439925670624,0.6837121248245239,0.2823863625526428
YJL128C,YKL086W,0,-5.5776405,0.19481921195983887,0.6837121248245239,0.2825757563114166
YBR023C,YBR210W,0,-5.577938,0.19471412897109985,0.6837121248245239,0.28276515007019043
YPL178W,YDL058W,0,-5.5781918,0.1946091651916504,0.6837121248245239,0.28295454382896423
YOR034C,YBR127C,0,-5.5788126,0.19450430572032928,0.6837121248245239,0.28314393758773804
YFL013C,YER123W,0,-5.579034,0.19439956545829773,0.6837121248245239,0.28333333134651184
YDR343C,YHR060W,0,-5.5804634,0.19429494440555573,0.6837121248245239,0.28352272510528564
YKL022C,YOL006C,1,-5.580714,0.19472834467887878,0.685606062412262,0.28352272510528564
YMR213W,YOL045W,0,-5.58145,0.1946236491203308,0.685606062412262,0.28371211886405945
YKL022C,YJL018W,1,-5.583688,0.19505642354488373,0.6875,0.28371211886405945
YMR140W,YGL112C,0,-5.585966,0.19495166838169098,0.6875,0.28390151262283325
YDR335W,YDR079C-A,0,-5.5866003,0.1948470175266266,0.6875,0.28409090638160706
YJL196C,YPL234C,0,-5.5890703,0.19474248588085175,0.6875,0.28428030014038086
YMR080C,YBR237W,0,-5.5893526,0.19463807344436646,0.6875,0.28446969389915466
YBR243C,YHR001W,0,-5.589355,0.19453376531600952,0.6875,0.28465908765792847
YMR208W,YKL129C,0,-5.589951,0.19442956149578094,0.6875,0.28484848141670227
YER173W,YHR099W,0,-5.590495,0.19432547688484192,0.6875,0.2850378751754761
YPL015C,YDR164C,0,-5.591078,0.19422151148319244,0.6875,0.2852272689342499
YAR014C,YNL054W,0,-5.5912914,0.19411765038967133,0.6875,0.2854166626930237
YER167W,YLR039C,0,-5.5917716,0.19401389360427856,0.6875,0.2856060564517975
YOL094C,YOL006C,1,-5.5925035,0.1944444477558136,0.689393937587738,0.2856060564517975
YOL067C,YPR032W,0,-5.593523,0.19434063136577606,0.689393937587738,0.2857954502105713
YOR386W,YLR034C,0,-5.593691,0.19423691928386688,0.689393937587738,0.2859848439693451
YDR311W,YKL203C,0,-5.593811,0.19413332641124725,0.689393937587738,0.2861742377281189
YCL016C,YER018C,1,-5.594344,0.1945628970861435,0.6912878751754761,0.2861742377281189
YFL024C,YOR359W,0,-5.594469,0.1944592446088791,0.6912878751754761,0.2863636314868927
YNL135C,YKL014C,0,-5.5949802,0.19435569643974304,0.6912878751754761,0.2865530252456665
YKL016C,YPL268W,0,-5.595589,0.19425226747989655,0.6912878751754761,0.2867424190044403
YBL008W,YDR129C,0,-5.596187,0.1941489428281784,0.6912878751754761,0.2869318127632141
YLR034C,YDL159W,0,-5.5962763,0.19404572248458862,0.6912878751754761,0.2871212065219879
YOR372C,YML127W,0,-5.59633,0.1939426213502884,0.6912878751754761,0.2873106002807617
YJR089W,YNR010W,1,-5.5967035,0.19437068700790405,0.6931818127632141,0.2873106002807617
YKR027W,YGL212W,0,-5.599374,0.19426751136779785,0.6931818127632141,0.2874999940395355
YDR423C,YGL094C,0,-5.600508,0.1941644549369812,0.6931818127632141,0.2876893877983093
YNL059C,YML057W,0,-5.6015315,0.1940615028142929,0.6931818127632141,0.28787878155708313
YER017C,YLR052W,0,-5.602934,0.19395866990089417,0.6931818127632141,0.28806817531585693
YCL055W,YML127W,0,-5.604984,0.19385592639446259,0.6931818127632141,0.28825756907463074
YAR002W,YHR006W,0,-5.60546,0.19375330209732056,0.6931818127632141,0.28844696283340454
YOR081C,YOR008C-A,0,-5.6056867,0.19365079700946808,0.6931818127632141,0.28863635659217834
YOR023C,YNL055C,0,-5.607646,0.19354838132858276,0.6931818127632141,0.28882575035095215
YDL093W,YPL016W,0,-5.6082077,0.193446084856987,0.6931818127632141,0.28901514410972595
YBR102C,YJL013C,0,-5.610263,0.1933438926935196,0.6931818127632141,0.28920453786849976
YKL160W,YCR071C,0,-5.6104393,0.19324181973934174,0.6931818127632141,0.28939393162727356
YGL253W,YNL253W,0,-5.6108084,0.19313983619213104,0.6931818127632141,0.28958332538604736
YOR371C,YAL010C,0,-5.611063,0.1930379718542099,0.6931818127632141,0.28977271914482117
YGR244C,YGL095C,0,-5.613452,0.19293621182441711,0.6931818127632141,0.28996211290359497
YGR113W,YNL313C,0,-5.613597,0.19283455610275269,0.6931818127632141,0.2901515066623688
YDR182W,YGR220C,0,-5.613941,0.1927330195903778,0.6931818127632141,0.2903409004211426
YCR020W-B,YKR053C,0,-5.6156416,0.1926315724849701,0.6931818127632141,0.2905302941799164
YCL055W,YPL187W,0,-5.6170073,0.19253024458885193,0.6931818127632141,0.2907196879386902
YOR061W,YNL004W,0,-5.6171827,0.19242902100086212,0.6931818127632141,0.290909081697464
YNL101W,YHR039C,0,-5.6172075,0.19232790172100067,0.6931818127632141,0.2910984754562378
YPL031C,YPL016W,0,-5.620229,0.19222688674926758,0.6931818127632141,0.2912878692150116
YJL018W,YFL008W,1,-5.623583,0.1926509141921997,0.6950757503509521,0.2912878692150116
YER017C,YKL179C,0,-5.6237087,0.19254983961582184,0.6950757503509521,0.2914772629737854
YOL026C,YML065W,0,-5.624139,0.19244886934757233,0.6950757503509521,0.2916666567325592
YDR517W,YPR165W,0,-5.6242313,0.19234800338745117,0.6950757503509521,0.291856050491333
YJR068W,YJL080C,1,-5.624654,0.1927710771560669,0.6969696879386902,0.291856050491333
YOR112W,YLL019C,0,-5.626028,0.19267015159130096,0.6969696879386902,0.2920454442501068
YBL084C,YPL204W,1,-5.6264186,0.19309261441230774,0.6988636255264282,0.2920454442501068
YAL015C,YLR043C,0,-5.627634,0.19299162924289703,0.6988636255264282,0.2922348380088806
YER031C,YNR039C,0,-5.6277933,0.19289074838161469,0.6988636255264282,0.2924242317676544
YAR014C,YDR335W,0,-5.6294203,0.1927899718284607,0.6988636255264282,0.2926136255264282
YPL096C-A,YOR109W,0,-5.629901,0.19268929958343506,0.6988636255264282,0.292803019285202
YLR303W,YLR136C,0,-5.6303434,0.19258873164653778,0.6988636255264282,0.29299241304397583
YPR067W,YPR065W,0,-5.63056,0.19248826801776886,0.6988636255264282,0.29318180680274963
YPL121C,YIL076W,0,-5.6317863,0.1923879086971283,0.6988636255264282,0.29337120056152344
YGR113W,YMR314W,0,-5.6328897,0.1922876536846161,0.6988636255264282,0.29356059432029724
YLR394W,YIL063C,0,-5.6330323,0.19218750298023224,0.6988636255264282,0.29374998807907104
YNL059C,YBR020W,0,-5.6332283,0.19208745658397675,0.6988636255264282,0.29393938183784485
YAL031C,YFL008W,1,-5.634061,0.192507803440094,0.7007575631141663,0.29393938183784485
YAR002C-A,YEL037C,0,-5.6343412,0.19240769743919373,0.7007575631141663,0.29412877559661865
YCL025C,YNL099C,0,-5.634451,0.19230769574642181,0.7007575631141663,0.29431816935539246
YJR004C,YLR262C,0,-5.6349516,0.19220779836177826,0.7007575631141663,0.29450756311416626
YJL204C,YOR279C,0,-5.63509,0.19210799038410187,0.7007575631141663,0.29469695687294006
YEL036C,YIL112W,0,-5.6355762,0.19200830161571503,0.7007575631141663,0.29488635063171387
YPL262W,YNL257C,0,-5.635962,0.19190871715545654,0.7007575631141663,0.29507574439048767
YDR216W,YPL167C,0,-5.6362414,0.19180922210216522,0.7007575631141663,0.2952651381492615
YGL174W,YHR070W,0,-5.636595,0.19170984625816345,0.7007575631141663,0.2954545319080353
YBR020W,YNR048W,0,-5.6382036,0.19161055982112885,0.7007575631141663,0.2956439256668091
YKL135C,YDR529C,0,-5.6383376,0.1915113925933838,0.7007575631141663,0.2958333194255829
YPR168W,YGL030W,0,-5.639786,0.1914123147726059,0.7007575631141663,0.2960227131843567
YDR079W,YHR060W,0,-5.6400533,0.19131334125995636,0.7007575631141663,0.2962121069431305
YDR434W,YMR140W,0,-5.642273,0.19121447205543518,0.7007575631141663,0.2964015007019043
YAR019C,YDR016C,0,-5.642845,0.19111570715904236,0.7007575631141663,0.2965908944606781
YPL231W,YDR470C,0,-5.6433625,0.1910170316696167,0.7007575631141663,0.2967802882194519
YGL168W,YNL202W,0,-5.644276,0.1909184753894806,0.7007575631141663,0.2969697117805481
YMR298W,YJL156C,0,-5.644369,0.19082000851631165,0.7007575631141663,0.2971591055393219
YOR373W,YLR360W,0,-5.6447554,0.19072164595127106,0.7007575631141663,0.2973484992980957
YLR418C,YLR361C,0,-5.644863,0.19062338769435883,0.7007575631141663,0.2975378930568695
YKL113C,YER123W,0,-5.645605,0.19052523374557495,0.7007575631141663,0.2977272868156433
YER032W,YDL093W,0,-5.6456275,0.19042716920375824,0.7007575631141663,0.2979166805744171
YJL018W,YBL079W,1,-5.6465054,0.1908436268568039,0.7026515007019043,0.2979166805744171
YGL168W,YPL022W,0,-5.6476803,0.1907455027103424,0.7026515007019043,0.2981060743331909
YKL041W,YGL095C,0,-5.6481776,0.19064748287200928,0.7026515007019043,0.2982954680919647
YJR001W,YCR020W-B,0,-5.648859,0.1905495673418045,0.7026515007019043,0.2984848618507385
YPL214C,YLR337W,0,-5.649435,0.1904517412185669,0.7026515007019043,0.29867425560951233
YPL153C,YBL050W,0,-5.649562,0.19035403430461884,0.7026515007019043,0.29886364936828613
YGR239C,YDR495C,0,-5.64972,0.19025641679763794,0.7026515007019043,0.29905304312705994
YDR256C,YPL274W,0,-5.6499763,0.1901588886976242,0.7026515007019043,0.29924243688583374
YIR037W,YDR285W,0,-5.6512346,0.19006147980690002,0.7026515007019043,0.29943183064460754
YHL031C,YNL073W,0,-5.65205,0.189964160323143,0.7026515007019043,0.29962122440338135
YHR031C,YKR053C,0,-5.6525536,0.18986694514751434,0.7026515007019043,0.29981061816215515
YNL271C,YHR098C,0,-5.656497,0.18976981937885284,0.7026515007019043,0.30000001192092896
YPR154W,YGL039W,0,-5.657355,0.1896727979183197,0.7026515007019043,0.30018940567970276
YJL014W,YER173W,0,-5.659031,0.18957588076591492,0.7026515007019043,0.30037879943847656
YJR013W,YOL026C,0,-5.659031,0.1894790530204773,0.7026515007019043,0.30056819319725037
YPR165W,YER123W,0,-5.6599813,0.18938234448432922,0.7026515007019043,0.30075758695602417
YNL167C,YHR099W,0,-5.6613913,0.18928571045398712,0.7026515007019043,0.300946980714798
YNR027W,YJL006C,0,-5.661413,0.18918919563293457,0.7026515007019043,0.3011363744735718
YOR113W,YPL218W,0,-5.6616597,0.189092755317688,0.7026515007019043,0.3013257682323456
YOL051W,YNL313C,0,-5.6620836,0.18899643421173096,0.7026515007019043,0.3015151619911194
YPL233W,YOL006C,1,-5.6641536,0.18940937519073486,0.7045454382896423,0.3015151619911194
YJR150C,YKL196C,0,-5.665822,0.18931297957897186,0.7045454382896423,0.3017045557498932
YPL059W,YKL196C,0,-5.665962,0.18921668827533722,0.7045454382896423,0.301893949508667
YLR418C,YJL102W,0,-5.6691194,0.18912048637866974,0.7045454382896423,0.3020833432674408
YLR080W,YCL024W,0,-5.6698217,0.18902438879013062,0.7045454382896423,0.3022727370262146
YER061C,YMR140W,0,-5.6698666,0.18892839550971985,0.7045454382896423,0.3024621307849884
YCR026C,YFR033C,0,-5.670286,0.18883249163627625,0.7045454382896423,0.3026515245437622
YOR150W,YDR079C-A,0,-5.6710196,0.1887366771697998,0.7045454382896423,0.302840918302536
YDR054C,YIL065C,0,-5.6713114,0.18864096701145172,0.7045454382896423,0.3030303120613098
YHL031C,YLR376C,0,-5.6739736,0.188545361161232,0.7045454382896423,0.3032197058200836
YFR036W,YBL079W,1,-5.6741376,0.18895643949508667,0.7064393758773804,0.3032197058200836
YKL138C-A,YDR292C,0,-5.6744504,0.18886075913906097,0.7064393758773804,0.3034090995788574
YML094W,YNL054W,0,-5.6747527,0.18876518309116364,0.7064393758773804,0.3035984933376312
YPL244C,YDR460W,0,-5.675165,0.18866969645023346,0.7064393758773804,0.30378788709640503
YMR314W,YMR137C,0,-5.6754055,0.18857431411743164,0.7064393758773804,0.30397728085517883
YMR186W,YFL005W,0,-5.6755733,0.18847903609275818,0.7064393758773804,0.30416667461395264
YOL149W,YAL016W,0,-5.677004,0.18838383257389069,0.7064393758773804,0.30435606837272644
YGL191W,YDR011W,0,-5.677306,0.18828874826431274,0.7064393758773804,0.30454546213150024
YIL112W,YKR097W,0,-5.6779537,0.18819373846054077,0.7064393758773804,0.30473485589027405
YDL188C,YPR094W,0,-5.678049,0.18809883296489716,0.7064393758773804,0.30492424964904785
YGL090W,YCL051W,0,-5.678999,0.1880040317773819,0.7064393758773804,0.30511364340782166
YJL208C,YOR328W,0,-5.6791162,0.1879093199968338,0.7064393758773804,0.30530303716659546
YOR381W,YJL112W,0,-5.6806135,0.18781469762325287,0.7064393758773804,0.30549243092536926
YDL024C,YIL065C,0,-5.6807833,0.1877201795578003,0.7064393758773804,0.30568182468414307
YDR284C,YNL246W,0,-5.681849,0.18762575089931488,0.7064393758773804,0.30587121844291687
YLR163C,YOR216C,0,-5.682809,0.18753142654895782,0.7064393758773804,0.3060606122016907
YBR023C,YML095C,0,-5.682811,0.18743719160556793,0.7064393758773804,0.3062500059604645
YLR106C,YOL045W,0,-5.683098,0.1873430460691452,0.7064393758773804,0.3064393997192383
YOL026C,YIL048W,0,-5.6838217,0.18724898993968964,0.7064393758773804,0.3066287934780121
YER028C,YNL054W,0,-5.683942,0.18715503811836243,0.7064393758773804,0.3068181872367859
YHL002W,YER028C,0,-5.6839747,0.18706119060516357,0.7064393758773804,0.3070075809955597
YBR177C,YER123W,0,-5.684192,0.1869674175977707,0.7064393758773804,0.3071969747543335
YJR013W,YOR089C,0,-5.684369,0.18687374889850616,0.7064393758773804,0.3073863685131073
YMR213W,YKR022C,0,-5.6868534,0.1867801696062088,0.7064393758773804,0.3075757622718811
YDL226C,YOR087W,0,-5.6878166,0.1866866797208786,0.7064393758773804,0.3077651560306549
YGL084C,YGR099W,0,-5.6878858,0.18659329414367676,0.7064393758773804,0.3079545497894287
YLR170C,YKL173W,0,-5.6884203,0.18649999797344208,0.7064393758773804,0.3081439435482025
YPL100W,YNL207W,0,-5.6889915,0.18640679121017456,0.7064393758773804,0.3083333373069763
YGR098C,YBL079W,1,-5.6902204,0.18681319057941437,0.7083333134651184,0.3083333373069763
YHR001W,YMR234W,0,-5.6905637,0.18671992421150208,0.7083333134651184,0.3085227310657501
YGL094C,YHR001W-A,0,-5.691557,0.18662674725055695,0.7083333134651184,0.3087121248245239
YPL268W,YLR208W,0,-5.691943,0.18653365969657898,0.7083333134651184,0.30890151858329773
YCL016C,YJL018W,1,-5.6942415,0.18693917989730835,0.7102272510528564,0.30890151858329773
YCR107W,YNL230C,0,-5.6952505,0.1868460327386856,0.7102272510528564,0.30909091234207153
YLL016W,YBR118W,0,-5.695608,0.18675298988819122,0.7102272510528564,0.30928030610084534
YBR161W,YNL286W,0,-5.6995225,0.186660036444664,0.7102272510528564,0.30946969985961914
YFR050C,YCR027C,0,-5.7009106,0.18656715750694275,0.7102272510528564,0.30965909361839294
YKL138C-A,YNR039C,0,-5.7013583,0.18647439777851105,0.7102272510528564,0.30984848737716675
YIL076W,YER123W,0,-5.7014284,0.18638171255588531,0.7102272510528564,0.31003788113594055
YMR004W,YPR108W,0,-5.701853,0.18628911674022675,0.7102272510528564,0.31022727489471436
YER154W,YKL041W,0,-5.701949,0.18619662523269653,0.7102272510528564,0.31041666865348816
YDR460W,YHR070W,0,-5.704148,0.18610422313213348,0.7102272510528564,0.31060606241226196
YER173W,YGR195W,0,-5.704518,0.1860119104385376,0.7102272510528564,0.31079545617103577
YML094W,YOL028C,0,-5.705657,0.18591968715190887,0.7102272510528564,0.31098484992980957
YPL204W,YHR014W,1,-5.7060266,0.18632309138774872,0.7121211886405945,0.31098484992980957
YLR459W,YKR038C,0,-5.706897,0.18623080849647522,0.7121211886405945,0.3111742436885834
YDR013W,YDR404C,0,-5.708097,0.18613861501216888,0.7121211886405945,0.3113636374473572
YHR055C,YJL214W,0,-5.7081165,0.1860465109348297,0.7121211886405945,0.311553031206131
YKL049C,YHR014W,1,-5.7084827,0.1864490658044815,0.7140151262283325,0.311553031206131
YBR210W,YLR337W,0,-5.709325,0.18635690212249756,0.7140151262283325,0.3117424249649048
YNL230C,YLR208W,0,-5.7104135,0.18626482784748077,0.7140151262283325,0.3119318187236786
YCL055W,YOR110W,0,-5.7114916,0.18617284297943115,0.7140151262283325,0.3121212124824524
YIR009W,YKR082W,0,-5.711667,0.1860809475183487,0.7140151262283325,0.3123106062412262
YDR054C,YPR190C,0,-5.714529,0.1859891414642334,0.7140151262283325,0.3125
YDR473C,YOR081C,0,-5.715439,0.18589743971824646,0.7140151262283325,0.3126893937587738
YPR201W,YOR143C,0,-5.7163806,0.1858058124780655,0.7140151262283325,0.3128787875175476
YDR069C,YMR247C,0,-5.7178736,0.18571428954601288,0.7140151262283325,0.3130681812763214
YNL221C,YJL204C,0,-5.7181454,0.18562284111976624,0.7140151262283325,0.3132575750350952
YOR039W,YGL104C,0,-5.71829,0.18553149700164795,0.7140151262283325,0.313446968793869
YNR027W,YNL054W,0,-5.7189617,0.18544024229049683,0.7140151262283325,0.3136363625526428
YDR362C,YER082C,0,-5.7193975,0.18534906208515167,0.7140151262283325,0.3138257563114166
YPL268W,YLR025W,0,-5.7206097,0.18525798618793488,0.7140151262283325,0.31401515007019043
YKR082W,YOL080C,0,-5.721428,0.18516699969768524,0.7140151262283325,0.31420454382896423
YIL017W,YLR337W,0,-5.7219863,0.18507608771324158,0.7140151262283325,0.31439393758773804
YEL034W,YJR052W,0,-5.7229757,0.18498528003692627,0.7140151262283325,0.31458333134651184
YFR052W,YGL112C,0,-5.7236795,0.18489456176757812,0.7140151262283325,0.31477272510528564
YJR089W,YJL018W,1,-5.724784,0.18529412150382996,0.7159090638160706,0.31477272510528564
YJL024C,YIL114C,0,-5.7249694,0.18520332872867584,0.7159090638160706,0.31496211886405945
YMR162C,YGL178W,0,-5.725539,0.18511264026165009,0.7159090638160706,0.31515151262283325
YNR010W,YCR086W,1,-5.725877,0.1855114996433258,0.7178030014038086,0.31515151262283325
YDL181W,YLR181C,0,-5.7263637,0.18542073667049408,0.7178030014038086,0.31534090638160706
YPL235W,YLR025W,0,-5.726969,0.1853300780057907,0.7178030014038086,0.31553030014038086
YDR429C,YIL017W,0,-5.7275,0.1852394938468933,0.7178030014038086,0.31571969389915466
YGL094C,YGR253C,0,-5.729622,0.18514899909496307,0.7178030014038086,0.31590908765792847
YCR026C,YDR135C,0,-5.7298203,0.18505859375,0.7178030014038086,0.31609848141670227
YPL137C,YJL018W,1,-5.730247,0.185456320643425,0.7196969985961914,0.31609848141670227
YER118C,YOR076C,0,-5.730835,0.18536585569381714,0.7196969985961914,0.3162878751754761
YBR022W,YOR018W,0,-5.7310166,0.18527548015117645,0.7196969985961914,0.3164772689342499
YBR296C,YLR386W,0,-5.731282,0.18518517911434174,0.7196969985961914,0.3166666626930237
YPL022W,YPL218W,0,-5.7321424,0.18509498238563538,0.7196969985961914,0.3168560564517975
YLR032W,YNL207W,0,-5.7341347,0.18500487506389618,0.7196969985961914,0.3170454502105713
YOL051W,YNL177C,0,-5.7342935,0.18491484224796295,0.7196969985961914,0.3172348439693451
YDR162C,YOR116C,0,-5.7345076,0.1848248988389969,0.7196969985961914,0.3174242377281189
YBR117C,YGL212W,0,-5.734515,0.18473504483699799,0.7196969985961914,0.3176136314868927
YLR394W,YGR244C,0,-5.7346234,0.18464528024196625,0.7196969985961914,0.3178030252456665
YGR003W,YPR083W,0,-5.7349024,0.18455560505390167,0.7196969985961914,0.3179924190044403
YKL134C,YOR328W,0,-5.735746,0.18446601927280426,0.7196969985961914,0.3181818127632141
YPL153C,YFL058W,0,-5.736614,0.184376522898674,0.7196969985961914,0.3183712065219879
YIL007C,YHR060W,0,-5.7371306,0.18428710103034973,0.7196969985961914,0.3185606002807617
YLR246W,YOR018W,0,-5.7399683,0.18419776856899261,0.7196969985961914,0.3187499940395355
YHR086W,YBR089C-A,0,-5.740673,0.18410852551460266,0.7196969985961914,0.3189393877983093
YPL055C,YPL210C,0,-5.7421055,0.18401937186717987,0.7196969985961914,0.31912878155708313
YJL102W,YJL128C,0,-5.742715,0.18393029272556305,0.7196969985961914,0.31931817531585693
YNL245C,YML012W,0,-5.7427444,0.18384131789207458,0.7196969985961914,0.31950756907463074
YLR347C,YMR134W,0,-5.7432065,0.1837524175643921,0.7196969985961914,0.31969696283340454
YPL275W,YNL253W,0,-5.7438383,0.18366360664367676,0.7196969985961914,0.31988635659217834
YBR274W,YKL075C,0,-5.7439227,0.1835748851299286,0.7196969985961914,0.32007575035095215
YBR243C,YPL063W,0,-5.744562,0.1834862381219864,0.7196969985961914,0.32026514410972595
YGL071W,YMR129W,0,-5.7457943,0.18339768052101135,0.7196969985961914,0.32045453786849976
YLR418C,YKL075C,0,-5.746581,0.18330921232700348,0.7196969985961914,0.32064393162727356
YGL183C,YCL043C,0,-5.7476044,0.18322083353996277,0.7196969985961914,0.32083332538604736
YMR042W,YBR210W,0,-5.7481647,0.18313252925872803,0.7196969985961914,0.32102271914482117
YJR001W,YGR007W,0,-5.749919,0.18304431438446045,0.7196969985961914,0.32121211290359497
YGL045W,YGR008C,0,-5.7509384,0.18295618891716003,0.7196969985961914,0.3214015066623688
YAL010C,YNL313C,0,-5.7533913,0.1828681379556656,0.7196969985961914,0.3215909004211426
YMR080C,YHR050W,0,-5.753476,0.1827801764011383,0.7196969985961914,0.3217802941799164
YNL177C,YDR129C,0,-5.756403,0.18269230425357819,0.7196969985961914,0.3219696879386902
YPR144C,YGL094C,0,-5.756816,0.18260452151298523,0.7196969985961914,0.322159081697464
YKL002W,YJL196C,0,-5.7578106,0.18251681327819824,0.7196969985961914,0.3223484754562378
YPL152W,YDR292C,0,-5.759163,0.18242919445037842,0.7196969985961914,0.3225378692150116
YGL257C,YDR011W,0,-5.7591763,0.18234165012836456,0.7196969985961914,0.3227272629737854
YKL049C,YAL031C,1,-5.7600574,0.18273381888866425,0.7215909361839294,0.3227272629737854
YBR243C,YIR019C,0,-5.7604704,0.18264621496200562,0.7215909361839294,0.3229166567325592
YJL106W,YDR292C,0,-5.762101,0.18255870044231415,0.7215909361839294,0.323106050491333
YKL084W,YIL037C,0,-5.762691,0.18247126042842865,0.7215909361839294,0.3232954442501068
YCR086W,YJL018W,1,-5.7637625,0.18286260962486267,0.7234848737716675,0.3232954442501068
YDR129C,YMR067C,0,-5.7643156,0.1827751249074936,0.7234848737716675,0.3234848380088806
YJR068W,YOL006C,1,-5.7646627,0.18316595256328583,0.7253788113594055,0.3234848380088806
YAL058W,YCL043C,0,-5.765108,0.18307839334011078,0.7253788113594055,0.3236742317676544
YGR007W,YOR076C,0,-5.765419,0.1829909235239029,0.7253788113594055,0.3238636255264282
YOR079C,YER183C,0,-5.7657437,0.18290352821350098,0.7253788113594055,0.324053019285202
YMR065W,YIL115C,0,-5.767724,0.18281622231006622,0.7253788113594055,0.32424241304397583
YOR057W,YDR079C-A,0,-5.768125,0.18272900581359863,0.7253788113594055,0.32443180680274963
YJL005W,YOR117W,0,-5.7684784,0.182641863822937,0.7253788113594055,0.32462120056152344
YMR285C,YOR076C,0,-5.7689114,0.18255481123924255,0.7253788113594055,0.32481059432029724
YKR003W,YCR055C,0,-5.769045,0.18246784806251526,0.7253788113594055,0.32499998807907104
YDL031W,YPR133C,0,-5.7716637,0.18238095939159393,0.7253788113594055,0.32518938183784485
YCL016C,YBL079W,1,-5.7727156,0.18277010321617126,0.7272727489471436,0.32518938183784485
YJL179W,YNL202W,0,-5.7730026,0.18268315494060516,0.7272727489471436,0.32537877559661865
YPL055C,YMR313C,0,-5.773588,0.18259629607200623,0.7272727489471436,0.32556816935539246
YER142C,YHR099W,0,-5.7748203,0.18250951170921326,0.7272727489471436,0.32575756311416626
YCL016C,YPL137C,1,-5.775419,0.18289786577224731,0.7291666865348816,0.32575756311416626
YDR069C,YLR262C,0,-5.777484,0.18281102180480957,0.7291666865348816,0.32594695687294006
YNR035C,YCR027C,0,-5.7785892,0.1827242523431778,0.7291666865348816,0.32613635063171387
YOR150W,YNL261W,0,-5.7807293,0.18263757228851318,0.7291666865348816,0.32632574439048767
YJL018W,YML034W,1,-5.781618,0.18302513659000397,0.7310606241226196,0.32632574439048767
YJL024C,YER005W,0,-5.7836084,0.1829383820295334,0.7310606241226196,0.3265151381492615
YCR071C,YEL031W,0,-5.783622,0.18285173177719116,0.7310606241226196,0.3267045319080353
YKR027W,YPR036W,0,-5.783726,0.1827651560306549,0.7310606241226196,0.3268939256668091
YPR025C,YBR023C,0,-5.7838583,0.18267865478992462,0.7310606241226196,0.3270833194255829
YPL204W,YJL080C,1,-5.783903,0.1830652803182602,0.7329545617103577,0.3270833194255829
YOR039W,YOR279C,0,-5.7839875,0.18297871947288513,0.7329545617103577,0.3272727131843567
YLR206W,YIL016W,0,-5.785405,0.18289224803447723,0.7329545617103577,0.3274621069431305
YCL055W,YDR076W,0,-5.7859926,0.1828058511018753,0.7329545617103577,0.3276515007019043
YPL121C,YOR081C,0,-5.7860074,0.18271954357624054,0.7329545617103577,0.3278408944606781
YPR201W,YDR256C,0,-5.7860785,0.18263331055641174,0.7329545617103577,0.3280302882194519
YOR039W,YLR384C,0,-5.786111,0.1825471669435501,0.7329545617103577,0.3282197117805481
YAR014C,YHL003C,0,-5.7880507,0.18246109783649445,0.7329545617103577,0.3284091055393219
YGL035C,YLR181C,0,-5.7882957,0.18237511813640594,0.7329545617103577,0.3285984992980957
YJL018W,YHR014W,1,-5.7887774,0.18276023864746094,0.7348484992980957,0.3285984992980957
YER142C,YOR137C,0,-5.7897277,0.18267419934272766,0.7348484992980957,0.3287878930568695
YPR201W,YPL234C,0,-5.7900124,0.18258823454380035,0.7348484992980957,0.3289772868156433
YKL049C,YOL094C,1,-5.79148,0.182972714304924,0.7367424368858337,0.3289772868156433
YML104C,YMR067C,0,-5.791607,0.18288668990135193,0.7367424368858337,0.3291666805744171
YJL214W,YMR035W,0,-5.792869,0.182800754904747,0.7367424368858337,0.3293560743331909
YGL071W,YJL194W,0,-5.792994,0.18271489441394806,0.7367424368858337,0.3295454680919647
YIL017C,YER123W,0,-5.7948213,0.18262910842895508,0.7367424368858337,0.3297348618507385
YDR164C,YNL167C,0,-5.7956834,0.18254341185092926,0.7367424368858337,0.32992425560951233
YKL149C,YER021W,0,-5.7962494,0.1824577897787094,0.7367424368858337,0.33011364936828613
YMR199W,YNL173C,0,-5.7963033,0.18237224221229553,0.7367424368858337,0.33030304312705994
YDL093W,YEL012W,0,-5.797206,0.18228678405284882,0.7367424368858337,0.33049243688583374
YHR055C,YOR244W,0,-5.7982817,0.18220140039920807,0.7367424368858337,0.33068183064460754
YPL095C,YDR312W,0,-5.7984157,0.18211610615253448,0.7367424368858337,0.33087122440338135
YAL031C,YBL079W,1,-5.7989492,0.18249882757663727,0.7386363744735718,0.33087122440338135
YKL084W,YOR372C,0,-5.802535,0.1824134737253189,0.7386363744735718,0.33106061816215515
YPL204W,YML085C,1,-5.803076,0.1827957034111023,0.7405303120613098,0.33106061816215515
YNL177C,YDR057W,0,-5.8031044,0.18271027505397797,0.7405303120613098,0.33125001192092896
YNR058W,YDR079W,0,-5.803425,0.1826249361038208,0.7405303120613098,0.33143940567970276
YPR182W,YDL058W,0,-5.804079,0.1825396865606308,0.7405303120613098,0.33162879943847656
YKR003W,YKR053C,0,-5.804352,0.18245449662208557,0.7405303120613098,0.33181819319725037
YNL271C,YFL024C,0,-5.8044233,0.1823693960905075,0.7405303120613098,0.33200758695602417
YHR086W,YOR195W,0,-5.8052053,0.1822843849658966,0.7405303120613098,0.332196980714798
YJL112W,YER173W,0,-5.806859,0.18219943344593048,0.7405303120613098,0.3323863744735718
YER118C,YGR002C,0,-5.807006,0.18211457133293152,0.7405303120613098,0.3325757682323456
YGR057C,YDR116C,0,-5.807332,0.18202979862689972,0.7405303120613098,0.3327651619911194
YJL006C,YJL025W,0,-5.8074265,0.1819450855255127,0.7405303120613098,0.3329545557498932
YLR447C,YNR039C,0,-5.807515,0.18186046183109283,0.7405303120613098,0.333143949508667
YNL261W,YPL235W,0,-5.8076987,0.18177591264247894,0.7405303120613098,0.3333333432674408
YML060W,YLR154C,0,-5.809662,0.18169145286083221,0.7405303120613098,0.3335227370262146
YDL227C,YPL121C,0,-5.8104486,0.18160705268383026,0.7405303120613098,0.3337121307849884
YMR213W,YMR239C,0,-5.8104777,0.18152274191379547,0.7405303120613098,0.3339015245437622
YPR025C,YMR208W,0,-5.8109293,0.18143852055072784,0.7405303120613098,0.334090918302536
YGR098C,YJL080C,1,-5.813551,0.1818181872367859,0.7424242496490479,0.334090918302536
YDR198C,YFR052W,0,-5.813567,0.1817338913679123,0.7424242496490479,0.3342803120613098
YPL061W,YPR168W,0,-5.815785,0.18164967000484467,0.7424242496490479,0.3344697058200836
YEL054C,YLR386W,0,-5.815813,0.1815655380487442,0.7424242496490479,0.3346590995788574
YPR201W,YDR030C,0,-5.8161154,0.1814814805984497,0.7424242496490479,0.3348484933376312
YOR244W,YER028C,0,-5.8183537,0.18139749765396118,0.7424242496490479,0.33503788709640503
YCR026C,YFR052W,0,-5.8184695,0.18131360411643982,0.7424242496490479,0.33522728085517883
YML104C,YDR312W,0,-5.81995,0.18122977018356323,0.7424242496490479,0.33541667461395264
YBL084C,YJL018W,1,-5.8207445,0.1816081404685974,0.7443181872367859,0.33541667461395264
YLR459W,YGR180C,0,-5.8217697,0.18152424693107605,0.7443181872367859,0.33560606837272644
YDR446W,YER031C,0,-5.822883,0.18144044280052185,0.7443181872367859,0.33579546213150024
YAR002C-A,YGL090W,0,-5.8233705,0.18135671317577362,0.7443181872367859,0.33598485589027405
YLR242C,YMR004W,0,-5.824183,0.18127305805683136,0.7443181872367859,0.33617424964904785
YNR032W,YDL058W,0,-5.825665,0.18118949234485626,0.7443181872367859,0.33636364340782166
YEL053C,YAL016W,0,-5.82593,0.18110598623752594,0.7443181872367859,0.33655303716659546
YDR335W,YIL056W,0,-5.826001,0.18102256953716278,0.7443181872367859,0.33674243092536926
YDR411C,YER123W,0,-5.826329,0.1809392273426056,0.7443181872367859,0.33693182468414307
YBL099W,YOR140W,0,-5.8269825,0.18085595965385437,0.7443181872367859,0.33712121844291687
YPL096C-A,YOL124C,0,-5.8271117,0.18077276647090912,0.7443181872367859,0.3373106122016907
YOL011W,YDR515W,0,-5.827621,0.18068964779376984,0.7443181872367859,0.3375000059604645
YKL054C,YDL030W,0,-5.8287773,0.18060661852359772,0.7443181872367859,0.3376893997192383
YNL173C,YJL072C,0,-5.829467,0.18052366375923157,0.7443181872367859,0.3378787934780121
YPR201W,YDR495C,0,-5.829663,0.1804407685995102,0.7443181872367859,0.3380681872367859
YNL159C,YLR337W,0,-5.830407,0.18035796284675598,0.7443181872367859,0.3382575809955597
YCR020W-B,YML131W,0,-5.832361,0.18027523159980774,0.7443181872367859,0.3384469747543335
YPR006C,YFL004W,0,-5.832658,0.18019257485866547,0.7443181872367859,0.3386363685131073
YER183C,YPR190C,0,-5.8328714,0.18010999262332916,0.7443181872367859,0.3388257622718811
YML065W,YMR095C,0,-5.8329,0.18002748489379883,0.7443181872367859,0.3390151560306549
YNL059C,YDR437W,0,-5.832954,0.17994505167007446,0.7443181872367859,0.3392045497894287
YOR371C,YDR296W,0,-5.83374,0.17986269295215607,0.7443181872367859,0.3393939435482025
YJL214W,YCL003W,0,-5.8347063,0.17978042364120483,0.7443181872367859,0.3395833373069763
YJR150C,YML095C,0,-5.8350635,0.17969821393489838,0.7443181872367859,0.3397727310657501
YML094W,YDL044C,0,-5.837348,0.17961609363555908,0.7443181872367859,0.3399621248245239
YDR099W,YNL118C,0,-5.838034,0.17953403294086456,0.7443181872367859,0.34015151858329773
YAL055W,YJL025W,0,-5.838521,0.1794520616531372,0.7443181872367859,0.34034091234207153
YKL135C,YGR002C,0,-5.8389573,0.17937014997005463,0.7443181872367859,0.34053030610084534
YLR330W,YLR026C,0,-5.8394146,0.1792883276939392,0.7443181872367859,0.34071969985961914
YFL024C,YBR082C,0,-5.8398995,0.17920656502246857,0.7443181872367859,0.34090909361839294
YAR019C,YPR083W,0,-5.840044,0.1791248917579651,0.7443181872367859,0.34109848737716675
YFR036W,YPL008W,1,-5.840304,0.17949886620044708,0.7462121248245239,0.34109848737716675
YAR002W,YNL282W,0,-5.840493,0.17941711843013763,0.7462121248245239,0.34128788113594055
YPL218W,YER031C,0,-5.84059,0.17933546006679535,0.7462121248245239,0.34147727489471436
YDR404C,YLR316C,0,-5.84134,0.17925386130809784,0.7462121248245239,0.34166666865348816
YKL208W,YIL002C,0,-5.841451,0.1791723519563675,0.7462121248245239,0.34185606241226196
YGL168W,YIR041W,0,-5.842121,0.17909090220928192,0.7462121248245239,0.34204545617103577
YCR038C,YML012W,0,-5.8423986,0.1790095418691635,0.7462121248245239,0.34223484992980957
YGL112C,YPL063W,0,-5.842636,0.17892824113368988,0.7462121248245239,0.3424242436885834
YGL178W,YOR081C,0,-5.84298,0.1788470298051834,0.7462121248245239,0.3426136374473572
YCR028C,YHR012W,0,-5.843917,0.17876587808132172,0.7462121248245239,0.342803031206131
YPL012W,YPR054W,0,-5.8440084,0.178684800863266,0.7462121248245239,0.3429924249649048
YNR030W,YGR251W,0,-5.844105,0.17860381305217743,0.7462121248245239,0.3431818187236786
YCR055C,YKL099C,0,-5.844752,0.17852288484573364,0.7462121248245239,0.3433712124824524
YGL169W,YFL004W,0,-5.8449097,0.17844203114509583,0.7462121248245239,0.3435606062412262
YAL031C,YJL018W,1,-5.84547,0.17881394922733307,0.748106062412262,0.3435606062412262
YPL095C,YDL235C,0,-5.84659,0.17873303592205048,0.748106062412262,0.34375
YNL271C,YCR062W,0,-5.846779,0.17865219712257385,0.748106062412262,0.3439393937587738
YCR107W,YNL281W,0,-5.847312,0.1785714328289032,0.748106062412262,0.3441287875175476
YLR106C,YER082C,0,-5.848314,0.1784907430410385,0.748106062412262,0.3443181812763214
YNL271C,YGR057C,0,-5.848572,0.1784101128578186,0.748106062412262,0.3445075750350952
YPR057W,YCL008C,0,-5.849618,0.17832957208156586,0.748106062412262,0.344696968793869
YDL085W,YNL253W,0,-5.850454,0.17824909090995789,0.748106062412262,0.3448863625526428
YDR069C,YIL008W,0,-5.85052,0.17816869914531708,0.748106062412262,0.3450757563114166
YLR136C,YEL004W,0,-5.8521824,0.17808836698532104,0.748106062412262,0.34526515007019043
YPL234C,YNL246W,0,-5.8529043,0.17800810933113098,0.748106062412262,0.34545454382896423
YNL004W,YIL095W,0,-5.8533716,0.1779279261827469,0.748106062412262,0.34564393758773804
YMR280C,YMR285C,0,-5.8534207,0.17784781754016876,0.748106062412262,0.34583333134651184
YLR189C,YDR335W,0,-5.8544335,0.1777677834033966,0.748106062412262,0.34602272510528564
YFR052W,YDR082W,0,-5.8549232,0.17768780887126923,0.748106062412262,0.34621211886405945
YNL271C,YNL167C,0,-5.8551283,0.17760790884494781,0.748106062412262,0.34640151262283325
YKL022C,YJR068W,1,-5.855155,0.1779775321483612,0.75,0.34640151262283325
YOL045W,YDL159W,0,-5.8551736,0.17789757251739502,0.75,0.34659090638160706
YMR199W,YOL072W,0,-5.8557253,0.1778176873922348,0.75,0.34678030014038086
YPL059W,YDR116C,0,-5.8564906,0.17773787677288055,0.75,0.34696969389915466
YHR165C,YDR460W,0,-5.8571587,0.17765814065933228,0.75,0.34715908765792847
YPL262W,YBR024W,0,-5.8577414,0.17757847905158997,0.75,0.34734848141670227
YAL041W,YOR270C,0,-5.8582087,0.17749887704849243,0.75,0.3475378751754761
YOR316C,YAR008W,0,-5.8588457,0.17741934955120087,0.75,0.3477272689342499
YGL112C,YKL214C,0,-5.85933,0.17733989655971527,0.75,0.3479166626930237
YDL100C,YJL156C,0,-5.8618717,0.17726051807403564,0.75,0.3481060564517975
YOR244W,YJL141C,0,-5.8619165,0.177181214094162,0.75,0.3482954502105713
YGR003W,YGR195W,0,-5.861933,0.1771019697189331,0.75,0.3484848439693451
YBR165W,YJL012C,0,-5.8620834,0.1770227998495102,0.75,0.3486742377281189
YJL179W,YLR337W,0,-5.8621845,0.17694370448589325,0.75,0.3488636314868927
YER032W,YMR045C,0,-5.8626585,0.17686466872692108,0.75,0.3490530252456665
YIL026C,YJL018W,1,-5.8632717,0.17723214626312256,0.751893937587738,0.3490530252456665
YJL115W,YMR298W,0,-5.863344,0.17715305089950562,0.751893937587738,0.3492424190044403
YCL016C,YGR098C,1,-5.8652086,0.17752006649971008,0.7537878751754761,0.3492424190044403
YOL123W,YOL072W,0,-5.867732,0.17744092643260956,0.7537878751754761,0.3494318127632141
YML078W,YKL149C,0,-5.867856,0.177361860871315,0.7537878751754761,0.3496212065219879
YJR042W,YMR129W,0,-5.8711843,0.17728285491466522,0.7537878751754761,0.3498106002807617
YBR278W,YIL095W,0,-5.871354,0.1772039234638214,0.7537878751754761,0.3499999940395355
YLL019C,YMR067C,0,-5.8744903,0.17712505161762238,0.7537878751754761,0.3501893877983093
YCR033W,YGL095C,0,-5.874649,0.1770462691783905,0.7537878751754761,0.35037878155708313
YJL089W,YDR285W,0,-5.8759394,0.1769675463438034,0.7537878751754761,0.35056817531585693
YIR037W,YKL188C,0,-5.877944,0.17688888311386108,0.7537878751754761,0.35075756907463074
YKL160W,YMR234W,0,-5.8787956,0.17681030929088593,0.7537878751754761,0.35094696283340454
YAL054C,YNL012W,0,-5.87951,0.17673179507255554,0.7537878751754761,0.35113635659217834
YKL129C,YJR052W,0,-5.879791,0.17665335536003113,0.7537878751754761,0.35132575035095215
YMR065W,YPR065W,0,-5.881962,0.1765749752521515,0.7537878751754761,0.35151514410972595
YNL001W,YER142C,0,-5.8828926,0.17649666965007782,0.7537878751754761,0.35170453786849976
YBR288C,YHL031C,0,-5.88365,0.17641843855381012,0.7537878751754761,0.35189393162727356
YKL004W,YNL221C,0,-5.883904,0.1763402819633484,0.7537878751754761,0.35208332538604736
YPL008W,YPL204W,1,-5.8859787,0.17670504748821259,0.7556818127632141,0.35208332538604736
YOR087W,YOR008C-A,0,-5.886097,0.17662683129310608,0.7556818127632141,0.35227271914482117
YMR128W,YPL022W,0,-5.886121,0.17654867470264435,0.7556818127632141,0.35246211290359497
YLR039C,YJL012C,0,-5.8864374,0.1764705926179886,0.7556818127632141,0.3526515066623688
YNL012W,YML115C,0,-5.8872232,0.1763925701379776,0.7556818127632141,0.3528409004211426
YKR027W,YLR034C,0,-5.887821,0.17631462216377258,0.7556818127632141,0.3530302941799164
YAR014C,YFR028C,0,-5.8879895,0.17623674869537354,0.7556818127632141,0.3532196879386902
YGL205W,YOL038W,0,-5.889142,0.17615893483161926,0.7556818127632141,0.353409081697464
YOR061W,YBR207W,0,-5.8892913,0.17608119547367096,0.7556818127632141,0.3535984754562378
YJL071W,YER021W,0,-5.8902435,0.17600353062152863,0.7556818127632141,0.3537878692150116
YLR129W,YMR216C,0,-5.890301,0.17592592537403107,0.7556818127632141,0.3539772629737854
YFL025C,YCR055C,0,-5.8911047,0.17584839463233948,0.7556818127632141,0.3541666567325592
YLR418C,YLR136C,0,-5.8916664,0.17577092349529266,0.7556818127632141,0.354356050491333
YLR347C,YOL033W,0,-5.892636,0.17569352686405182,0.7556818127632141,0.3545454442501068
YGL174W,YLR429W,0,-5.8938866,0.17561618983745575,0.7556818127632141,0.3547348380088806
YPL227C,YLR034C,0,-5.8944664,0.17553894221782684,0.7556818127632141,0.3549242317676544
YAR019C,YCL075W,0,-5.8959045,0.17546173930168152,0.7556818127632141,0.3551136255264282
YGR009C,YOR332W,0,-5.8967814,0.17538461089134216,0.7556818127632141,0.355303019285202
YMR012W,YPL055C,0,-5.897071,0.17530755698680878,0.7556818127632141,0.35549241304397583
YEL037C,YGR082W,0,-5.898574,0.17523056268692017,0.7556818127632141,0.35568180680274963
YER061C,YHR060W,0,-5.8988295,0.17515364289283752,0.7556818127632141,0.35587120056152344
YGR041W,YJL112W,0,-5.899397,0.17507678270339966,0.7556818127632141,0.35606059432029724
YER173W,YDR164C,0,-5.899802,0.17499999701976776,0.7556818127632141,0.35624998807907104
YGR118W,YLR045C,0,-5.8998823,0.17492328584194183,0.7556818127632141,0.35643938183784485
YGL236C,YCR055C,0,-5.900689,0.1748466193675995,0.7556818127632141,0.35662877559661865
YGL236C,YJL179W,0,-5.9007244,0.1747700423002243,0.7556818127632141,0.35681816935539246
YDR264C,YJL204C,0,-5.9009204,0.1746935248374939,0.7556818127632141,0.35700756311416626
YPR057W,YNL041C,0,-5.9013224,0.17461706697940826,0.7556818127632141,0.35719695687294006
YNL292W,YER173W,0,-5.901827,0.1745406836271286,0.7556818127632141,0.35738635063171387
YNR010W,YCL016C,1,-5.9023557,0.17490161955356598,0.7575757503509521,0.35738635063171387
YDR174W,YPR155C,0,-5.902767,0.17482517659664154,0.7575757503509521,0.35757574439048767
YCR027C,YOR027W,0,-5.9042006,0.17474879324436188,0.7575757503509521,0.3577651381492615
YOR372C,YMR227C,0,-5.904523,0.17467248439788818,0.7575757503509521,0.3579545319080353
YGL183C,YNL221C,0,-5.9053345,0.17459625005722046,0.7575757503509521,0.3581439256668091
YLR052W,YKL188C,0,-5.9057274,0.1745200753211975,0.7575757503509521,0.3583333194255829
YNR010W,YJL018W,1,-5.9057565,0.17488007247447968,0.7594696879386902,0.3583333194255829
YDR254W,YOL094C,1,-5.9057617,0.17523975670337677,0.7613636255264282,0.3583333194255829
YJL018W,YPL233W,1,-5.906168,0.1755991280078888,0.7632575631141663,0.3583333194255829
YPL121C,YMR140W,0,-5.906575,0.17552265524864197,0.7632575631141663,0.3585227131843567
YLL016W,YNL247W,0,-5.907389,0.17544622719287872,0.7632575631141663,0.3587121069431305
YKL160W,YAR008W,0,-5.9077654,0.17536988854408264,0.7632575631141663,0.3589015007019043
YLR347C,YDR030C,0,-5.9091644,0.17529360949993134,0.7632575631141663,0.3590908944606781
YIL065C,YOR150W,0,-5.9112334,0.1752173900604248,0.7632575631141663,0.3592802882194519
YJR042W,YOR018W,0,-5.913285,0.17514124512672424,0.7632575631141663,0.3594697117805481
YKR038C,YDR013W,0,-5.9149284,0.17506515979766846,0.7632575631141663,0.3596591055393219
YJR031C,YKR097W,0,-5.9151936,0.17498914897441864,0.7632575631141663,0.3598484992980957
YPR167C,YML065W,0,-5.9161963,0.1749131977558136,0.7632575631141663,0.3600378930568695
YMR199W,YDR069C,0,-5.9162493,0.17483730614185333,0.7632575631141663,0.3602272868156433
YPL078C,YGL257C,0,-5.9168434,0.17476148903369904,0.7632575631141663,0.3604166805744171
YMR211W,YLR039C,0,-5.9175224,0.1746857464313507,0.7632575631141663,0.3606060743331909
YNL041C,YNL245C,0,-5.9178047,0.17461004853248596,0.7632575631141663,0.3607954680919647
YDL099W,YLR039C,0,-5.918014,0.17453442513942719,0.7632575631141663,0.3609848618507385
YPR094W,YOR143C,0,-5.9180403,0.17445887625217438,0.7632575631141663,0.36117425560951233
YOR039W,YMR035W,0,-5.9183884,0.17438338696956635,0.7632575631141663,0.36136364936828613
YJR031C,YNL073W,0,-5.9189553,0.1743079572916031,0.7632575631141663,0.36155304312705994
YDR284C,YHR001W,0,-5.920461,0.1742326021194458,0.7632575631141663,0.36174243688583374
YMR234W,YGR195W,0,-5.9213758,0.1741573065519333,0.7632575631141663,0.36193183064460754
YLR424W,YOL129W,0,-5.921647,0.17408207058906555,0.7632575631141663,0.36212122440338135
YGR257C,YCR037C,0,-5.9219265,0.17400690913200378,0.7632575631141663,0.36231061816215515
YNL259C,YLR032W,0,-5.9219327,0.1739318072795868,0.7632575631141663,0.36250001192092896
YDR071C,YDR079C-A,0,-5.921935,0.17385677993297577,0.7632575631141663,0.36268940567970276
YGL236C,YMR239C,0,-5.922406,0.17378179728984833,0.7632575631141663,0.36287879943847656
YPR094W,YDR470C,0,-5.9229307,0.17370688915252686,0.7632575631141663,0.36306819319725037
YPL061W,YBL033C,0,-5.9230976,0.17363205552101135,0.7632575631141663,0.36325758695602417
YDR460W,YPL045W,0,-5.9237866,0.17355728149414062,0.7632575631141663,0.363446980714798
YGR249W,YGL035C,0,-5.924245,0.17348256707191467,0.7632575631141663,0.3636363744735718
YER165W,YLR376C,0,-5.9248314,0.1734079122543335,0.7632575631141663,0.3638257682323456
YNL009W,YIL002C,0,-5.925334,0.1733333319425583,0.7632575631141663,0.3640151619911194
YFL025C,YPL178W,0,-5.925759,0.17325881123542786,0.7632575631141663,0.3642045557498932
YDR162C,YBR273C,0,-5.926011,0.1731843501329422,0.7632575631141663,0.364393949508667
YIL056W,YGR251W,0,-5.926284,0.1731099635362625,0.7632575631141663,0.3645833432674408
YEL056W,YOR117W,0,-5.9275193,0.1730356365442276,0.7632575631141663,0.3647727370262146
YPL031C,YOR081C,0,-5.9291406,0.17296136915683746,0.7632575631141663,0.3649621307849884
YBR102C,YOR279C,0,-5.930464,0.1728871762752533,0.7632575631141663,0.3651515245437622
YBR159W,YOR195W,0,-5.9304695,0.1728130429983139,0.7632575631141663,0.365340918302536
YDR122W,YKL057C,0,-5.931876,0.1727389693260193,0.7632575631141663,0.3655303120613098
YBL080C,YDR460W,0,-5.9319277,0.17266495525836945,0.7632575631141663,0.3657197058200836
YOL011W,YNL202W,0,-5.932361,0.17259100079536438,0.7632575631141663,0.3659090995788574
YJL204C,YMR247C,0,-5.9327626,0.17251712083816528,0.7632575631141663,0.3660984933376312
YBR272C,YNL201C,0,-5.9333277,0.17244330048561096,0.7632575631141663,0.36628788709640503
YFR036W,YNR010W,1,-5.933342,0.17279726266860962,0.7651515007019043,0.36628788709640503
YMR129W,YMR247C,0,-5.934351,0.17272338271141052,0.7651515007019043,0.36647728085517883
YPL202C,YOL045W,0,-5.936022,0.1726495772600174,0.7651515007019043,0.36666667461395264
YKL135C,YNL094W,0,-5.93612,0.17257581651210785,0.7651515007019043,0.36685606837272644
YOR079C,YAL012W,0,-5.9375024,0.17250213027000427,0.7651515007019043,0.36704546213150024
YJR105W,YJL005W,0,-5.93999,0.17242850363254547,0.7651515007019043,0.36723485589027405
YMR065W,YNL313C,0,-5.941037,0.17235495150089264,0.7651515007019043,0.36742424964904785
YPR189W,YCL008C,0,-5.9411964,0.1722814440727234,0.7651515007019043,0.36761364340782166
YDR254W,YNR010W,1,-5.941447,0.1726342737674713,0.7670454382896423,0.36761364340782166
YPL078C,YGR009C,0,-5.941623,0.17256072163581848,0.7670454382896423,0.36780303716659546
YMR012W,YHR006W,0,-5.9421153,0.17248722910881042,0.7670454382896423,0.36799243092536926
YNR023W,YPL210C,0,-5.9453287,0.17241379618644714,0.7670454382896423,0.36818182468414307
YHR031C,YKL014C,0,-5.9467993,0.17234042286872864,0.7670454382896423,0.36837121844291687
YDR284C,YJL204C,0,-5.946847,0.1722671240568161,0.7670454382896423,0.3685606122016907
YGR256W,YBL050W,0,-5.946972,0.17219388484954834,0.7670454382896423,0.3687500059604645
YOR036W,YOR119C,0,-5.948159,0.17212069034576416,0.7670454382896423,0.3689393997192383
YPL244C,YNR026C,0,-5.94843,0.17204758524894714,0.7670454382896423,0.3691287934780121
YJL116C,YNR048W,0,-5.949192,0.1719745248556137,0.7670454382896423,0.3693181872367859
YDR205W,YJL089W,0,-5.9493003,0.17190152406692505,0.7670454382896423,0.3695075809955597
YJL214W,YBR035C,0,-5.9499216,0.17182859778404236,0.7670454382896423,0.3696969747543335
YBR131W,YPL275W,0,-5.949972,0.17175573110580444,0.7670454382896423,0.3698863685131073
YOR023C,YAR019C,0,-5.9505606,0.1716829091310501,0.7670454382896423,0.3700757622718811
YKL138C-A,YDR164C,0,-5.950852,0.17161017656326294,0.7670454382896423,0.3702651560306549
YPL204W,YJL018W,1,-5.9519787,0.17196103930473328,0.7689393758773804,0.3702651560306549
YIL140W,YER154W,0,-5.9523144,0.17188823223114014,0.7689393758773804,0.3704545497894287
YNR010W,YFL008W,1,-5.953403,0.17223867774009705,0.7708333134651184,0.3704545497894287
YEL061C,YJL018W,1,-5.9547358,0.17258882522583008,0.7727272510528564,0.3704545497894287
YDR256C,YNL246W,0,-5.954792,0.1725158542394638,0.7727272510528564,0.3706439435482025
YFL013C,YLR447C,0,-5.9557796,0.1724429428577423,0.7727272510528564,0.3708333373069763
YLR418C,YLR034C,0,-5.9564233,0.1723700910806656,0.7727272510528564,0.3710227310657501
YJL124C,YOL080C,0,-5.9575467,0.17229729890823364,0.7727272510528564,0.3712121248245239
YDR411C,YDR446W,0,-5.957993,0.17222456634044647,0.7727272510528564,0.37140151858329773
YBL084C,YCR086W,1,-5.9583263,0.17257383465766907,0.7746211886405945,0.37140151858329773
YPL233W,YJR068W,1,-5.9591365,0.17292281985282898,0.7765151262283325,0.37140151858329773
YDR037W,YPL045W,0,-5.959345,0.17284990847110748,0.7765151262283325,0.37159091234207153
YJL112W,YCR037C,0,-5.9593782,0.17277707159519196,0.7765151262283325,0.37178030610084534
YFL022C,YIL002C,0,-5.9600334,0.1727042943239212,0.7765151262283325,0.37196969985961914
YOR185C,YDR246W,0,-5.960478,0.17263157665729523,0.7765151262283325,0.37215909361839294
YAR008W,YMR134W,0,-5.960818,0.17255891859531403,0.7765151262283325,0.37234848737716675
YDR245W,YPR133C,0,-5.960824,0.1724863201379776,0.7765151262283325,0.37253788113594055
YNL294C,YKL108W,0,-5.9608994,0.17241379618644714,0.7765151262283325,0.37272727489471436
YDL028C,YLL016W,0,-5.960966,0.17234131693840027,0.7765151262283325,0.37291666865348816
YKL022C,YNR010W,1,-5.9619493,0.17268908023834229,0.7784090638160706,0.37291666865348816
YPL275W,YMR065W,0,-5.9620214,0.17261654138565063,0.7784090638160706,0.37310606241226196
YDR122W,YGL212W,0,-5.96243,0.17254407703876495,0.7784090638160706,0.37329545617103577
YDR317W,YHR060W,0,-5.96383,0.17247167229652405,0.7784090638160706,0.37348484992980957
YNL012W,YGL104C,0,-5.965048,0.17239932715892792,0.7784090638160706,0.3736742436885834
YMR301C,YML062C,0,-5.9650645,0.17232704162597656,0.7784090638160706,0.3738636374473572
YNL169C,YPL152W,0,-5.965252,0.17225481569766998,0.7784090638160706,0.374053031206131
YFR036W,YJL080C,1,-5.9653144,0.1726015955209732,0.7803030014038086,0.374053031206131
YMR301C,YLR052W,0,-5.9663534,0.17252930998802185,0.7803030014038086,0.3742424249649048
YDL188C,YNR023W,0,-5.967376,0.17245709896087646,0.7803030014038086,0.3744318187236786
YEL056W,YDL058W,0,-5.9678154,0.17238493263721466,0.7803030014038086,0.3746212124824524
YEL036C,YLL035W,0,-5.96811,0.17231284081935883,0.7803030014038086,0.3748106062412262
YLR242C,YNL004W,0,-5.96863,0.17224080860614777,0.7803030014038086,0.375
YGL226C-A,YER053C,0,-5.969519,0.1721688210964203,0.7803030014038086,0.3751893937587738
YDR101C,YDR138W,0,-5.9698477,0.17209690809249878,0.7803030014038086,0.3753787875175476
YBL099W,YEL009C,0,-5.9699845,0.17202505469322205,0.7803030014038086,0.3755681812763214
YBR004C,YLR181C,0,-5.9712453,0.1719532608985901,0.7803030014038086,0.3757575750350952
YNL282W,YGR212W,0,-5.9728317,0.1718815118074417,0.7803030014038086,0.375946968793869
YML127W,YDR388W,0,-5.9736433,0.1718098372220993,0.7803030014038086,0.3761363625526428
YGR261C,YCR027C,0,-5.9741793,0.17173822224140167,0.7803030014038086,0.3763257563114166
YMR004W,YER123W,0,-5.975527,0.17166666686534882,0.7803030014038086,0.37651515007019043
YDR254W,YAL031C,1,-5.976184,0.17201165854930878,0.7821969985961914,0.37651515007019043
YCL044C,YDR160W,0,-5.9770474,0.17194004356861115,0.7821969985961914,0.37670454382896423
YGR257C,YER005W,0,-5.978118,0.17186850309371948,0.7821969985961914,0.37689393758773804
YHR099W,YCL075W,0,-5.978508,0.1717970073223114,0.7821969985961914,0.37708333134651184
YKL134C,YCL043C,0,-5.980171,0.1717255711555481,0.7821969985961914,0.37727272510528564
YJL018W,YER018C,1,-5.980426,0.17206983268260956,0.7840909361839294,0.37727272510528564
YDL099W,YDL100C,0,-5.9813647,0.17199833691120148,0.7840909361839294,0.37746211886405945
YPL231W,YOR327C,0,-5.9816446,0.17192691564559937,0.7840909361839294,0.37765151262283325
YDR529C,YPL232W,0,-5.9818425,0.17185553908348083,0.7840909361839294,0.37784090638160706
YPR057W,YJR103W,0,-5.9820786,0.17178423702716827,0.7840909361839294,0.37803030014038086
YPR182W,YGL095C,0,-5.982764,0.1717129796743393,0.7840909361839294,0.37821969389915466
YFL008W,YOL006C,1,-5.98396,0.1720563918352127,0.7859848737716675,0.37821969389915466
YOL082W,YHL009C,0,-5.9839816,0.17198507487773895,0.7859848737716675,0.37840908765792847
YDR099W,YJR004C,0,-5.9849815,0.17191383242607117,0.7859848737716675,0.37859848141670227
YML012W,YJL013C,0,-5.9850807,0.17184264957904816,0.7859848737716675,0.3787878751754761
YOR150W,YOR386W,0,-5.9854383,0.17177152633666992,0.7859848737716675,0.3789772689342499
YEL034W,YPL096W,0,-5.9857116,0.17170044779777527,0.7859848737716675,0.3791666626930237
YPL100W,YEL031W,0,-5.9858103,0.17162944376468658,0.7859848737716675,0.3793560564517975
YER154W,YOR327C,0,-5.986352,0.17155849933624268,0.7859848737716675,0.3795454502105713
YLR391W,YGR003W,0,-5.9875526,0.17148759961128235,0.7859848737716675,0.3797348439693451
YPL243W,YLR425W,0,-5.987568,0.171416774392128,0.7859848737716675,0.3799242377281189
YJL208C,YJL072C,0,-5.988025,0.17134599387645721,0.7859848737716675,0.3801136314868927
YGL257C,YKL196C,0,-5.9884157,0.1712752729654312,0.7859848737716675,0.3803030252456665
YJR082C,YDR378C,0,-5.9890776,0.17120462656021118,0.7859848737716675,0.3804924190044403
YML060W,YDR285W,0,-5.9898434,0.17113402485847473,0.7859848737716675,0.3806818127632141
YCR038C,YNL282W,0,-5.9922733,0.17106348276138306,0.7859848737716675,0.3808712065219879
YOR267C,YOR372C,0,-5.9926434,0.17099300026893616,0.7859848737716675,0.3810606002807617
YGR078C,YEL037C,0,-5.9929495,0.17092257738113403,0.7859848737716675,0.3812499940395355
YJL106W,YKR082W,0,-5.9938164,0.1708521991968155,0.7859848737716675,0.3814393877983093
YBR023C,YCR084C,0,-5.994562,0.17078189551830292,0.7859848737716675,0.38162878155708313
YOL149W,YOR359W,0,-5.9948244,0.17071163654327393,0.7859848737716675,0.38181817531585693
YLR155C,YKR097W,0,-5.9956384,0.1706414520740509,0.7859848737716675,0.38200756907463074
YLR189C,YFR028C,0,-5.9968166,0.17057131230831146,0.7859848737716675,0.38219696283340454
YBR288C,YEL053C,0,-5.998955,0.1705012321472168,0.7859848737716675,0.38238635659217834
YNL261W,YLR425W,0,-5.999401,0.1704312115907669,0.7859848737716675,0.38257575035095215
YBR274W,YFL024C,0,-5.9995475,0.1703612506389618,0.7859848737716675,0.38276514410972595
YKL054C,YOR372C,0,-6.0000277,0.17029133439064026,0.7859848737716675,0.38295453786849976
YMR216C,YPL243W,0,-6.00019,0.1702214926481247,0.7859848737716675,0.38314393162727356
YIL095W,YGL070C,0,-6.000983,0.1701516956090927,0.7859848737716675,0.38333332538604736
YBL084C,YDR325W,1,-6.001219,0.1704917997121811,0.7878788113594055,0.38333332538604736
YNL097C,YIL076W,0,-6.0016103,0.17042195796966553,0.7878788113594055,0.38352271914482117
YKL043W,YHR152W,0,-6.0024586,0.17035217583179474,0.7878788113594055,0.38371211290359497
YPR165W,YOL072W,0,-6.002821,0.17028243839740753,0.7878788113594055,0.3839015066623688
YIL112W,YPL022W,0,-6.0032253,0.1702127605676651,0.7878788113594055,0.3840909004211426
YAL001C,YLR181C,0,-6.0041947,0.17014314234256744,0.7878788113594055,0.3842802941799164
YLR078C,YNR027W,0,-6.0043163,0.17007358372211456,0.7878788113594055,0.3844696879386902
YLR242C,YGL011C,0,-6.006591,0.17000408470630646,0.7878788113594055,0.384659081697464
YNR058W,YML023C,0,-6.006591,0.16993464529514313,0.7878788113594055,0.3848484754562378
YDL093W,YNR032W,0,-6.0066385,0.16986525058746338,0.7878788113594055,0.3850378692150116
YNL271C,YOR195W,0,-6.0066547,0.1697959154844284,0.7878788113594055,0.3852272629737854
YLR116W,YOR117W,0,-6.006799,0.1697266399860382,0.7878788113594055,0.3854166567325592
YDR515W,YKR056W,0,-6.007189,0.16965742409229279,0.7878788113594055,0.385606050491333
YDR016C,YJL025W,0,-6.0075846,0.16958825290203094,0.7878788113594055,0.3857954442501068
YOL042W,YDR311W,0,-6.0080433,0.16951915621757507,0.7878788113594055,0.3859848380088806
YDR254W,YPR007C,1,-6.008182,0.1698574274778366,0.7897727489471436,0.3859848380088806
YLR116W,YLL016W,0,-6.0082397,0.16978827118873596,0.7897727489471436,0.3861742317676544
YHR006W,YNL313C,0,-6.0089755,0.1697191745042801,0.7897727489471436,0.3863636255264282
YHR099W,YDR057W,0,-6.009505,0.1696501225233078,0.7897727489471436,0.386553019285202
YIL140W,YGR013W,0,-6.010228,0.16958113014698029,0.7897727489471436,0.38674241304397583
YMR314W,YIL082W-A,0,-6.010557,0.16951219737529755,0.7897727489471436,0.38693180680274963
YGL174W,YFL058W,0,-6.0113964,0.1694433093070984,0.7897727489471436,0.38712120056152344
YNL135C,YCR014C,0,-6.011755,0.1693744957447052,0.7897727489471436,0.38731059432029724
YNL230C,YMR216C,0,-6.012193,0.1693057268857956,0.7897727489471436,0.38749998807907104
YER126C,YIL095W,0,-6.012265,0.16923701763153076,0.7897727489471436,0.38768938183784485
YDR423C,YHR031C,0,-6.0127068,0.1691683530807495,0.7897727489471436,0.38787877559661865
YMR004W,YCR083W,0,-6.013283,0.16909976303577423,0.7897727489471436,0.38806816935539246
YML012W,YJR074W,0,-6.014775,0.16903121769428253,0.7897727489471436,0.38825756311416626
YFR036W,YJL018W,1,-6.014957,0.16936790943145752,0.7916666865348816,0.38825756311416626
YFL025C,YMR218C,0,-6.015304,0.16929930448532104,0.7916666865348816,0.38844695687294006
YKR082W,YCL019W,0,-6.015477,0.16923077404499054,0.7916666865348816,0.38863635063171387
YBL097W,YPL137C,1,-6.015487,0.16956697404384613,0.7935606241226196,0.38863635063171387
YAR014C,YIL114C,0,-6.0161514,0.16949838399887085,0.7935606241226196,0.38882574439048767
YGR004W,YHR065C,0,-6.016839,0.16942983865737915,0.7935606241226196,0.3890151381492615
YBL097W,YBL079W,1,-6.0168552,0.16976556181907654,0.7954545617103577,0.3890151381492615
YFL025C,YDL024C,0,-6.017457,0.16969697177410126,0.7954545617103577,0.3892045319080353
YJL196C,YDR362C,0,-6.0182104,0.16962842643260956,0.7954545617103577,0.3893939256668091
YGL178W,YIL056W,0,-6.0192184,0.16955995559692383,0.7954545617103577,0.3895833194255829
YOR178C,YAL011W,0,-6.0197315,0.16949152946472168,0.7954545617103577,0.3897727131843567
YGR225W,YCL003W,0,-6.020738,0.1694231480360031,0.7954545617103577,0.3899621069431305
YEL061C,YPL137C,1,-6.022662,0.16975806653499603,0.7973484992980957,0.3899621069431305
YML065W,YDR164C,0,-6.0226707,0.16968964040279388,0.7973484992980957,0.3901515007019043
YNR032C-A,YGL115W,0,-6.0228386,0.1696212738752365,0.7973484992980957,0.3903408944606781
YLR429W,YML095C,0,-6.0231075,0.1695529669523239,0.7973484992980957,0.3905302882194519
YLR418C,YBR177C,0,-6.0245166,0.1694847047328949,0.7973484992980957,0.3907197117805481
YBR272C,YGR231C,0,-6.0257425,0.16941650211811066,0.7973484992980957,0.3909091055393219
YHR165C,YMR239C,0,-6.0271373,0.16934834420681,0.7973484992980957,0.3910984992980957
YBL097W,YJL018W,1,-6.027814,0.1696823537349701,0.7992424368858337,0.3910984992980957
YDL013W,YFL058W,0,-6.0297804,0.16961415112018585,0.7992424368858337,0.3912878930568695
YML078W,YOR137C,0,-6.030407,0.1695460081100464,0.7992424368858337,0.3914772868156433
YJL102W,YFR033C,0,-6.0309453,0.1694779098033905,0.7992424368858337,0.3916666805744171
YNL094W,YNL261W,0,-6.032799,0.1694098711013794,0.7992424368858337,0.3918560743331909
YOR137C,YKR001C,0,-6.0328093,0.16934189200401306,0.7992424368858337,0.3920454680919647
YNR010W,YLR272C,1,-6.0336313,0.1696750968694687,0.8011363744735718,0.3920454680919647
YDR434W,YCR020W-B,0,-6.0341544,0.16960705816745758,0.8011363744735718,0.3922348618507385
YIL062C,YDR285W,0,-6.034788,0.16953907907009125,0.8011363744735718,0.39242425560951233
YOR057W,YER118C,0,-6.0361366,0.1694711595773697,0.8011363744735718,0.39261364936828613
YDL164C,YDR256C,0,-6.0361805,0.1694032847881317,0.8011363744735718,0.39280304312705994
YBR035C,YOR110W,0,-6.037486,0.1693354696035385,0.8011363744735718,0.39299243688583374
YBR288C,YOL033W,0,-6.038172,0.1692677140235901,0.8011363744735718,0.39318183064460754
YPR057W,YDR245W,0,-6.0389814,0.16920000314712524,0.8011363744735718,0.39337122440338135
YNL023C,YGR104C,0,-6.040177,0.16913235187530518,0.8011363744735718,0.39356061816215515
YGR261C,YLR337W,0,-6.040854,0.1690647453069687,0.8011363744735718,0.39375001192092896
YOR113W,YCR020W-B,0,-6.041273,0.16899719834327698,0.8011363744735718,0.39393940567970276
YAL041W,YJL005W,0,-6.043475,0.16892971098423004,0.8011363744735718,0.39412879943847656
YML057W,YDR393W,0,-6.043542,0.1688622683286667,0.8011363744735718,0.39431819319725037
YBR207W,YBR237W,0,-6.0438485,0.1687948852777481,0.8011363744735718,0.39450758695602417
YDR182W,YOR327C,0,-6.044311,0.1687275618314743,0.8011363744735718,0.394696980714798
YCL051W,YDR311W,0,-6.0446777,0.16866028308868408,0.8011363744735718,0.3948863744735718
YGL071W,YDR517W,0,-6.0472775,0.16859306395053864,0.8011363744735718,0.3950757682323456
YLR105C,YLR362W,0,-6.04772,0.16852588951587677,0.8011363744735718,0.3952651619911194
YMR301C,YOR117W,0,-6.0477743,0.16845877468585968,0.8011363744735718,0.3954545557498932
YPR065W,YML131W,0,-6.0486655,0.16839171946048737,0.8011363744735718,0.395643949508667
YBR272C,YDR343C,0,-6.048669,0.16832470893859863,0.8011363744735718,0.3958333432674408
YER017C,YHR091C,0,-6.048728,0.16825775802135468,0.8011363744735718,0.3960227370262146
YLR459W,YHR165C,0,-6.0497026,0.1681908518075943,0.8011363744735718,0.3962121307849884
YGL181W,YNL054W,0,-6.050351,0.1681240051984787,0.8011363744735718,0.3964015245437622
YCL003W,YBL033C,0,-6.051156,0.16805721819400787,0.8011363744735718,0.396590918302536
YGR261C,YGR008C,0,-6.051401,0.16799047589302063,0.8011363744735718,0.3967803120613098
YER165W,YOR076C,0,-6.051941,0.16792377829551697,0.8011363744735718,0.3969697058200836
YPR185W,YOR081C,0,-6.0524006,0.16785714030265808,0.8011363744735718,0.3971590995788574
YHL031C,YEL034W,0,-6.0539656,0.16779056191444397,0.8011363744735718,0.3973484933376312
YCR026C,YCL003W,0,-6.0540895,0.16772402822971344,0.8011363744735718,0.39753788709640503
YMR301C,YMR208W,0,-6.054241,0.16765755414962769,0.8011363744735718,0.39772728085517883
YOL158C,YGR186W,0,-6.0548058,0.1675911247730255,0.8011363744735718,0.39791667461395264
YLR391W,YJR125C,0,-6.055548,0.16752475500106812,0.8011363744735718,0.39810606837272644
YLR459W,YGL169W,0,-6.056777,0.1674584299325943,0.8011363744735718,0.39829546213150024
YIL062C,YDR529C,0,-6.0572233,0.16739216446876526,0.8011363744735718,0.39848485589027405
YIL115C,YGL169W,0,-6.0575247,0.1673259437084198,0.8011363744735718,0.39867424964904785
YDL085W,YLR354C,0,-6.057646,0.16725978255271912,0.8011363744735718,0.39886364340782166
YPL231W,YLR337W,0,-6.0578747,0.1671936810016632,0.8011363744735718,0.39905303716659546
YBR278W,YIL002C,0,-6.0580444,0.16712762415409088,0.8011363744735718,0.39924243092536926
YOR270C,YDR306C,0,-6.0586095,0.16706161201000214,0.8011363744735718,0.39943182468414307
YJL204C,YER021W,0,-6.0589743,0.16699565947055817,0.8011363744735718,0.39962121844291687
YOL072W,YNL313C,0,-6.0593944,0.16692975163459778,0.8011363744735718,0.3998106122016907
YIL013C,YCR060W,0,-6.0601387,0.16686390340328217,0.8011363744735718,0.4000000059604645
YKR097W,YOR117W,0,-6.0615826,0.16679809987545013,0.8011363744735718,0.4001893997192383
YPL008W,YJL018W,1,-6.0616016,0.16712652146816254,0.8030303120613098,0.4001893997192383
YDL028C,YDR429C,0,-6.0617986,0.16706067323684692,0.8030303120613098,0.4003787934780121
YGR238C,YOR036W,0,-6.0619974,0.1669948846101761,0.8030303120613098,0.4005681872367859
YLL009C,YOR137C,0,-6.0636067,0.16692914068698883,0.8030303120613098,0.4007575809955597
YGR135W,YDR057W,0,-6.0636396,0.16686344146728516,0.8030303120613098,0.4009469747543335
YJR031C,YMR095C,0,-6.064331,0.16679780185222626,0.8030303120613098,0.4011363685131073
YGL071W,YER013W,0,-6.064487,0.16673220694065094,0.8030303120613098,0.4013257622718811
YDR164C,YGR082W,0,-6.065807,0.1666666716337204,0.8030303120613098,0.4015151560306549
YBR037C,YLR025W,0,-6.0658484,0.16660118103027344,0.8030303120613098,0.4017045497894287
YGR098C,YJL018W,1,-6.0668783,0.1669285148382187,0.8049242496490479,0.4017045497894287
YNL041C,YDR245W,0,-6.0670958,0.16686297953128815,0.8049242496490479,0.4018939435482025
YNL094W,YNL004W,0,-6.068206,0.1667974889278412,0.8049242496490479,0.4020833373069763
YER052C,YOL067C,0,-6.0693135,0.166732057929039,0.8049242496490479,0.4022727310657501
YDR335W,YIL082W-A,0,-6.069601,0.1666666716337204,0.8049242496490479,0.4024621248245239
YPL233W,YOL094C,1,-6.0696983,0.16699333488941193,0.8068181872367859,0.4024621248245239
YGL084C,YJL214W,0,-6.069855,0.16692790389060974,0.8068181872367859,0.40265151858329773
YFL024C,YDL058W,0,-6.0703664,0.16686251759529114,0.8068181872367859,0.40284091234207153
YPR006C,YLR026C,0,-6.070687,0.16679717600345612,0.8068181872367859,0.40303030610084534
YBL009W,YNR035C,0,-6.0724716,0.16673189401626587,0.8068181872367859,0.40321969985961914
YJL018W,YOL006C,1,-6.0736623,0.16705790162086487,0.8087121248245239,0.40321969985961914
YPL096C-A,YLL016W,0,-6.074154,0.16699257493019104,0.8087121248245239,0.40340909361839294
YAR019C,YDR054C,0,-6.074158,0.1669272929430008,0.8087121248245239,0.40359848737716675
YEL037C,YFL005W,0,-6.0750265,0.16686205565929413,0.8087121248245239,0.40378788113594055
YNL163C,YOR057W,0,-6.0764236,0.16679687798023224,0.8087121248245239,0.40397727489471436
YLR155C,YLR455W,0,-6.077259,0.16673174500465393,0.8087121248245239,0.40416666865348816
YFR037C,YDR246W,0,-6.077293,0.1666666716337204,0.8087121248245239,0.40435606241226196
YDR174W,YDL200C,0,-6.0782795,0.16660164296627045,0.8087121248245239,0.40454545617103577
YIL002C,YBR024W,0,-6.08006,0.16653665900230408,0.8087121248245239,0.40473484992980957
YJR013W,YHR086W,0,-6.0801387,0.16647173464298248,0.8087121248245239,0.4049242436885834
YDR388W,YKR001C,0,-6.080784,0.16640685498714447,0.8087121248245239,0.4051136374473572
YMR301C,YCR026C,0,-6.0809984,0.16634203493595123,0.8087121248245239,0.405303031206131
YJR125C,YKL086W,0,-6.081024,0.16627725958824158,0.8087121248245239,0.4054924249649048
YFL024C,YDL227C,0,-6.082471,0.1662125289440155,0.8087121248245239,0.4056818187236786
YKL016C,YHR200W,0,-6.0845165,0.1661478579044342,0.8087121248245239,0.4058712124824524
YLR181C,YDL235C,0,-6.086148,0.1660832315683365,0.8087121248245239,0.4060606062412262
YOR081C,YLR043C,0,-6.0863066,0.16601866483688354,0.8087121248245239,0.40625
YCL016C,YPL204W,1,-6.0871925,0.16634279489517212,0.810606062412262,0.40625
YDL099W,YJR150C,0,-6.087247,0.1662781685590744,0.810606062412262,0.4064393937587738
YJL018W,YOL094C,1,-6.0887756,0.16660194098949432,0.8125,0.4064393937587738
YML127W,YJR049C,0,-6.0908012,0.16653726994991302,0.8125,0.4066287875175476
YML078W,YEL056W,0,-6.0912766,0.1664726436138153,0.8125,0.4068181812763214
YOL051W,YHR200W,0,-6.0914583,0.16640806198120117,0.8125,0.4070075750350952
YFL024C,YJL210W,0,-6.091554,0.1663435399532318,0.8125,0.407196968793869
YNL004W,YDR164C,0,-6.091741,0.16627906262874603,0.8125,0.4073863625526428
YKL212W,YGR186W,0,-6.0926895,0.16621464490890503,0.8125,0.4075757563114166
YGL236C,YMR134W,0,-6.0930185,0.1661502718925476,0.8125,0.40776515007019043
YBR022W,YLR026C,0,-6.093585,0.16608594357967377,0.8125,0.40795454382896423
YLL035W,YKL084W,0,-6.094329,0.1660216748714447,0.8125,0.40814393758773804
YGR225W,YDL013W,0,-6.094331,0.16595745086669922,0.8125,0.40833333134651184
YOR112W,YGR195W,0,-6.095132,0.16589327156543732,0.8125,0.40852272510528564
YFR050C,YFL058W,0,-6.09592,0.1658291518688202,0.8125,0.40871211886405945
YJL112W,YOL129W,0,-6.0959888,0.16576507687568665,0.8125,0.40890151262283325
YKL054C,YKR001C,0,-6.097149,0.16570104658603668,0.8125,0.40909090638160706
YLR210W,YOL011W,0,-6.0978804,0.1656370609998703,0.8125,0.40928030014038086
YEL018W,YBR037C,0,-6.0988455,0.1655731350183487,0.8125,0.40946969389915466
YNR058W,YBR231C,0,-6.099125,0.16550925374031067,0.8125,0.40965908765792847
YPL178W,YJL025W,0,-6.1006174,0.16544543206691742,0.8125,0.40984848141670227
YGL115W,YBL100W-B,0,-6.102692,0.16538165509700775,0.8125,0.4100378751754761
YPL227C,YEL056W,0,-6.103056,0.16531792283058167,0.8125,0.4102272689342499
YNL221C,YPR032W,0,-6.1052628,0.16525423526763916,0.8125,0.4104166626930237
YDL099W,YHR006W,0,-6.1062884,0.16519060730934143,0.8125,0.4106060564517975
YNR035C,YDR378C,0,-6.106596,0.16512702405452728,0.8125,0.4107954502105713
YMR022W,YCR060W,0,-6.107622,0.16506348550319672,0.8125,0.4109848439693451
YNL118C,YDR517W,0,-6.108427,0.16500000655651093,0.8125,0.4111742377281189
YKL179C,YDR285W,0,-6.1101475,0.16493655741214752,0.8125,0.4113636314868927
YPL061W,YOL066C,0,-6.1103506,0.1648731678724289,0.8125,0.4115530252456665
YBL099W,YNR039C,0,-6.111247,0.16480983793735504,0.8125,0.4117424190044403
YNL041C,YCR083W,0,-6.1118526,0.16474653780460358,0.8125,0.4119318127632141
YDL044C,YGR251W,0,-6.112183,0.1646832972764969,0.8125,0.4121212065219879
YHL031C,YOR057W,0,-6.1126976,0.16462010145187378,0.8125,0.4123106002807617
YHR001W,YDR011W,0,-6.112704,0.16455696523189545,0.8125,0.4124999940395355
YNR035C,YBL008W,0,-6.11436,0.1644938588142395,0.8125,0.4126893877983093
YKL049C,YBL079W,1,-6.114518,0.16481409966945648,0.814393937587738,0.4126893877983093
YJL005W,YJL128C,0,-6.1165943,0.16475096344947815,0.814393937587738,0.41287878155708313
YGL195W,YKL074C,0,-6.1170554,0.1646878570318222,0.814393937587738,0.41306817531585693
YDR437W,YCL003W,0,-6.1179285,0.16462481021881104,0.814393937587738,0.41325756907463074
YAL054C,YDR317W,0,-6.1191382,0.16456180810928345,0.814393937587738,0.41344696283340454
YNL094W,YDL030W,0,-6.119438,0.16449885070323944,0.814393937587738,0.41363635659217834
YDR054C,YCR037C,0,-6.119552,0.1644359529018402,0.814393937587738,0.41382575035095215
YJR082C,YKR082W,0,-6.1209345,0.16437308490276337,0.814393937587738,0.41401514410972595
YER167W,YMR216C,0,-6.1214476,0.1643102765083313,0.814393937587738,0.41420453786849976
YIL095W,YGL246C,0,-6.121503,0.1642475128173828,0.814393937587738,0.41439393162727356
YDR162C,YHR099W,0,-6.121726,0.1641848087310791,0.814393937587738,0.41458332538604736
YPR190C,YAR010C,0,-6.1218157,0.16412213444709778,0.814393937587738,0.41477271914482117
YIL037C,YOR076C,0,-6.1219654,0.16405951976776123,0.814393937587738,0.41496211290359497
YNL294C,YOR083W,0,-6.123953,0.16399694979190826,0.814393937587738,0.4151515066623688
YNL118C,YPR037C,0,-6.1246405,0.16393442451953888,0.814393937587738,0.4153409004211426
YOR137C,YGR212W,0,-6.12642,0.16387194395065308,0.814393937587738,0.4155302941799164
YOR244W,YNL292W,0,-6.1270676,0.16380952298641205,0.814393937587738,0.4157196879386902
YOR267C,YGR238C,0,-6.1280847,0.1637471467256546,0.814393937587738,0.415909081697464
YJL071W,YML127W,0,-6.1282606,0.16368481516838074,0.814393937587738,0.4160984754562378
YPR005C,YML098W,0,-6.128767,0.16362252831459045,0.814393937587738,0.4162878692150116
YDR312W,YJL012C,0,-6.1288843,0.16356028616428375,0.814393937587738,0.4164772629737854
YGL035C,YKR056W,0,-6.1289673,0.16349810361862183,0.814393937587738,0.4166666567325592
YJR105W,YMR065W,0,-6.129099,0.1634359508752823,0.814393937587738,0.416856050491333
YPR057W,YPL022W,0,-6.129278,0.16337385773658752,0.814393937587738,0.4170454442501068
YER183C,YKL129C,0,-6.131108,0.16331180930137634,0.814393937587738,0.4172348380088806
YLR347C,YGL112C,0,-6.134013,0.16324980556964874,0.814393937587738,0.4174242317676544
YMR211W,YJR004C,0,-6.1342564,0.16318786144256592,0.814393937587738,0.4176136255264282
YJR031C,YJL141C,0,-6.1343384,0.16312594711780548,0.814393937587738,0.417803019285202
YJR105W,YEL036C,0,-6.135214,0.16306409239768982,0.814393937587738,0.41799241304397583
YOR140W,YMR087W,0,-6.1364965,0.16300226747989655,0.814393937587738,0.41818180680274963
YNR027W,YHR026W,0,-6.136754,0.16294050216674805,0.814393937587738,0.41837120056152344
YKL134C,YIL017W,0,-6.1392374,0.16287878155708313,0.814393937587738,0.41856059432029724
YOR328W,YDL030W,0,-6.141139,0.162817120552063,0.814393937587738,0.41874998807907104
YFL024C,YLR303W,0,-6.141334,0.16275548934936523,0.814393937587738,0.41893938183784485
YDR378C,YDR324C,0,-6.1421604,0.16269390285015106,0.814393937587738,0.41912877559661865
YIR019C,YBL100W-B,0,-6.143236,0.16263237595558167,0.814393937587738,0.41931816935539246
YGL168W,YAL055W,0,-6.143502,0.16257089376449585,0.814393937587738,0.41950756311416626
YBR237W,YNL169C,0,-6.1441727,0.16250944137573242,0.814393937587738,0.41969695687294006
YJL080C,YOL006C,1,-6.145279,0.1628258377313614,0.8162878751754761,0.41969695687294006
YGL226C-A,YML045W,0,-6.14536,0.16276435554027557,0.8162878751754761,0.41988635063171387
YLL035W,YAL068C,0,-6.1461906,0.16270290315151215,0.8162878751754761,0.42007574439048767
YKL016C,YOR112W,0,-6.148122,0.1626415103673935,0.8162878751754761,0.4202651381492615
YMR162C,YBR159W,0,-6.148922,0.16258016228675842,0.8162878751754761,0.4204545319080353
YKL126W,YCR062W,0,-6.1490293,0.16251885890960693,0.8162878751754761,0.4206439256668091
YBR237W,YDR164C,0,-6.149255,0.16245760023593903,0.8162878751754761,0.4208333194255829
YJR125C,YPR168W,0,-6.1502643,0.1623963862657547,0.8162878751754761,0.4210227131843567
YJL018W,YJR068W,1,-6.15092,0.16271185874938965,0.8181818127632141,0.4210227131843567
YNR023W,YOL072W,0,-6.152609,0.16265060007572174,0.8181818127632141,0.4212121069431305
YDR160W,YJR141W,0,-6.1529646,0.16258938610553741,0.8181818127632141,0.4214015007019043
YML055W,YFL004W,0,-6.15376,0.16252821683883667,0.8181818127632141,0.4215908944606781
YHR026W,YGR009C,0,-6.1540017,0.1624670922756195,0.8181818127632141,0.4217802882194519
YGL174W,YDR182W,0,-6.154517,0.16240601241588593,0.8181818127632141,0.4219697117805481
YIL095W,YMR260C,0,-6.155549,0.16234497725963593,0.8181818127632141,0.4221591055393219
YBR274W,YIL016W,0,-6.155728,0.1622840017080307,0.8181818127632141,0.4223484992980957
YGR238C,YNL173C,0,-6.1561346,0.16222305595874786,0.8181818127632141,0.4225378930568695
YPL274W,YDR011W,0,-6.156457,0.1621621549129486,0.8181818127632141,0.4227272868156433
YJL018W,YML085C,1,-6.156851,0.1624765545129776,0.8200757503509521,0.4227272868156433
YML081C-A,YKL188C,0,-6.157485,0.16241560876369476,0.8200757503509521,0.4229166805744171
YIL026C,YJL080C,1,-6.1580124,0.1627296656370163,0.8219696879386902,0.4229166805744171
YNL012W,YCL008C,0,-6.1587725,0.16266866028308868,0.8219696879386902,0.4231060743331909
YNL232W,YDR324C,0,-6.158965,0.16260771453380585,0.8219696879386902,0.4232954680919647
YOR061W,YLR316C,0,-6.1603255,0.1625468134880066,0.8219696879386902,0.4234848618507385
YGR256W,YBL102W,0,-6.1612215,0.16248595714569092,0.8219696879386902,0.42367425560951233
YLR303W,YDR529C,0,-6.161562,0.16242514550685883,0.8219696879386902,0.42386364936828613
YKL055C,YIL017W,0,-6.1620235,0.16236437857151031,0.8219696879386902,0.42405304312705994
YAL012W,YDR437W,0,-6.1637163,0.16230367124080658,0.8219696879386902,0.42424243688583374
YPR183W,YIL016W,0,-6.165106,0.16224299371242523,0.8219696879386902,0.42443183064460754
YKL149C,YIL063C,0,-6.1652503,0.16218236088752747,0.8219696879386902,0.42462122440338135
YPL015C,YKL074C,0,-6.165525,0.16212177276611328,0.8219696879386902,0.42481061816215515
YNL129W,YOR216C,0,-6.16603,0.16206124424934387,0.8219696879386902,0.42500001192092896
YDL227C,YPL098C,0,-6.1665754,0.16200074553489685,0.8219696879386902,0.42518940567970276
YJL025W,YGR042W,0,-6.1668863,0.1619402915239334,0.8219696879386902,0.42537879943847656
YPR054W,YBL100W-B,0,-6.167324,0.16187989711761475,0.8219696879386902,0.42556819319725037
YJR089W,YPL204W,1,-6.1677666,0.16219238936901093,0.8238636255264282,0.42556819319725037
YGR186W,YOL124C,0,-6.1684113,0.16213193535804749,0.8238636255264282,0.42575758695602417
YGR249W,YGR033C,0,-6.1691628,0.16207154095172882,0.8238636255264282,0.425946980714798
YLR391W,YMR211W,0,-6.169523,0.16201117634773254,0.8238636255264282,0.4261363744735718
YJL018W,YLR272C,1,-6.1732802,0.16232316195964813,0.8257575631141663,0.4261363744735718
YCR086W,YOL006C,1,-6.1735706,0.16263490915298462,0.8276515007019043,0.4261363744735718
YDR515W,YPR036W,0,-6.174399,0.1625744104385376,0.8276515007019043,0.4263257682323456
YMR012W,YGR231C,0,-6.1746483,0.16251394152641296,0.8276515007019043,0.4265151619911194
YOR103C,YPR094W,0,-6.1754875,0.1624535322189331,0.8276515007019043,0.4267045557498932
YMR247C,YBR127C,0,-6.176072,0.16239316761493683,0.8276515007019043,0.426893949508667
YNR030W,YPL268W,0,-6.176374,0.16233283281326294,0.8276515007019043,0.4270833432674408
YPR190C,YIL082W-A,0,-6.1767254,0.16227255761623383,0.8276515007019043,0.4272727370262146
YPL174C,YJL141C,0,-6.1774397,0.1622123271226883,0.8276515007019043,0.4274621307849884
YOL127W,YHR012W,0,-6.1776695,0.16215212643146515,0.8276515007019043,0.4276515245437622
YGR253C,YDR362C,0,-6.178149,0.16209198534488678,0.8276515007019043,0.427840918302536
YNL099C,YGR033C,0,-6.178235,0.162031888961792,0.8276515007019043,0.4280303120613098
YER006W,YFL002W-A,0,-6.1800776,0.1619718372821808,0.8276515007019043,0.4282197058200836
YEL036C,YDR284C,0,-6.1805544,0.16191181540489197,0.8276515007019043,0.4284090995788574
YPL152W,YDR079C-A,0,-6.181214,0.16185185313224792,0.8276515007019043,0.4285984933376312
YDL164C,YDR086C,0,-6.1828356,0.16179193556308746,0.8276515007019043,0.42878788709640503
YLR248W,YBR082C,0,-6.183193,0.1617320477962494,0.8276515007019043,0.42897728085517883
YOR185C,YDR545W,0,-6.1832013,0.1616722196340561,0.8276515007019043,0.42916667461395264
YNR032C-A,YKL173W,0,-6.183399,0.16161242127418518,0.8276515007019043,0.42935606837272644
YOR178C,YIL112W,0,-6.183815,0.16155268251895905,0.8276515007019043,0.42954546213150024
YOR039W,YLR284C,0,-6.185337,0.1614929735660553,0.8276515007019043,0.42973485589027405
YNR035C,YDL188C,0,-6.185751,0.16143332421779633,0.8276515007019043,0.42992424964904785
YPR201W,YLR429W,0,-6.1865654,0.16137370467185974,0.8276515007019043,0.43011364340782166
YJL124C,YDR306C,0,-6.1887608,0.16131414473056793,0.8276515007019043,0.43030303716659546
YLR391W,YNL232W,0,-6.1892385,0.1612546145915985,0.8276515007019043,0.43049243092536926
YLR384C,YGL112C,0,-6.1895175,0.16119512915611267,0.8276515007019043,0.43068182468414307
YJR001W,YGR253C,0,-6.19014,0.1611356884241104,0.8276515007019043,0.43087121844291687
YHL031C,YDR311W,0,-6.1908135,0.16107629239559174,0.8276515007019043,0.4310606122016907
YGL178W,YIL095W,0,-6.1912985,0.16101695597171783,0.8276515007019043,0.4312500059604645
YGL090W,YMR087W,0,-6.192016,0.16095764935016632,0.8276515007019043,0.4314393997192383
YMR162C,YIL076W,0,-6.192195,0.1608983725309372,0.8276515007019043,0.4316287934780121
YJL071W,YMR216C,0,-6.192297,0.16083915531635284,0.8276515007019043,0.4318181872367859
YOL086C,YNL245C,0,-6.192318,0.16077998280525208,0.8276515007019043,0.4320075809955597
YDR443C,YPL011C,0,-6.1932287,0.1607208549976349,0.8276515007019043,0.4321969747543335
YJL204C,YOR003W,0,-6.19335,0.16066177189350128,0.8276515007019043,0.4323863685131073
YGR145W,YHR031C,0,-6.1941404,0.16060271859169006,0.8276515007019043,0.4325757622718811
YMR186W,YHR060W,0,-6.194701,0.16054372489452362,0.8276515007019043,0.4327651560306549
YHR091C,YCL019W,0,-6.1951275,0.16048476099967957,0.8276515007019043,0.4329545497894287
YGR152C,YCL075W,0,-6.1966333,0.1604258418083191,0.8276515007019043,0.4331439435482025
YGR257C,YPL096W,0,-6.1974506,0.1603669673204422,0.8276515007019043,0.4333333373069763
YGL178W,YDR335W,0,-6.197774,0.1603081375360489,0.8276515007019043,0.4335227310657501
YPL210C,YER005W,0,-6.1982136,0.16024935245513916,0.8276515007019043,0.4337121248245239
YDL198C,YDL227C,0,-6.1982317,0.160190612077713,0.8276515007019043,0.43390151858329773
YLR045C,YPL237W,0,-6.1982803,0.16013191640377045,0.8276515007019043,0.43409091234207153
YOR244W,YDR077W,0,-6.1989975,0.16007326543331146,0.8276515007019043,0.43428030610084534
YKL179C,YNL149C,0,-6.1990232,0.16001464426517487,0.8276515007019043,0.43446969985961914
YOR058C,YOR195W,0,-6.1991158,0.15995608270168304,0.8276515007019043,0.43465909361839294
YLR078C,YBR023C,0,-6.1995616,0.1598975509405136,0.8276515007019043,0.43484848737716675
YKL160W,YDR202C,0,-6.200434,0.15983906388282776,0.8276515007019043,0.43503788113594055
YPR005C,YBR162C,0,-6.2015667,0.1597806215286255,0.8276515007019043,0.43522727489471436
YCR071C,YCR026C,0,-6.202407,0.1597222238779068,0.8276515007019043,0.43541666865348816
YGL011C,YLR034C,0,-6.202797,0.1596638709306717,0.8276515007019043,0.43560606241226196
YJL124C,YKL075C,0,-6.2028337,0.15960554778575897,0.8276515007019043,0.43579545617103577
YML080W,YBL046W,0,-6.2034044,0.15954728424549103,0.8276515007019043,0.43598484992980957
YKL129C,YIL095W,0,-6.204014,0.15948905050754547,0.8276515007019043,0.4361742436885834
YPR144C,YPR133C,0,-6.204031,0.1594308614730835,0.8276515007019043,0.4363636374473572
YGL071W,YPR190C,0,-6.2040386,0.1593727171421051,0.8276515007019043,0.436553031206131
YML067C,YGL168W,0,-6.2040977,0.1593146175146103,0.8276515007019043,0.4367424249649048
YGR256W,YBR083W,0,-6.2045484,0.15925656259059906,0.8276515007019043,0.4369318187236786
YOL086C,YIL037C,0,-6.2047462,0.15919853746891022,0.8276515007019043,0.4371212124824524
YKR097W,YCR062W,0,-6.2048306,0.15914057195186615,0.8276515007019043,0.4373106062412262
YCR020W-B,YGR249W,0,-6.2051864,0.15908263623714447,0.8276515007019043,0.4375
YAR014C,YHR200W,0,-6.205657,0.15902474522590637,0.8276515007019043,0.4376893937587738
YOL066C,YPL218W,0,-6.2061157,0.15896689891815186,0.8276515007019043,0.4378787875175476
YBR131W,YDR443C,0,-6.2067633,0.15890909731388092,0.8276515007019043,0.4380681812763214
YEL034W,YPL232W,0,-6.207268,0.15885132551193237,0.8276515007019043,0.4382575750350952
YCL025C,YCL003W,0,-6.2087545,0.1587935984134674,0.8276515007019043,0.438446968793869
YFL025C,YNL169C,0,-6.2102757,0.15873593091964722,0.8276515007019043,0.4386363625526428
YNR030W,YHR099W,0,-6.2107134,0.15867829322814941,0.8276515007019043,0.4388257563114166
YDR343C,YJL013C,0,-6.2110453,0.158620685338974,0.8276515007019043,0.43901515007019043
YNL129W,YOL066C,0,-6.2115774,0.15856313705444336,0.8276515007019043,0.43920454382896423
YER001W,YDR079C-A,0,-6.2116337,0.1585056185722351,0.8276515007019043,0.43939393758773804
YIL076W,YOR089C,0,-6.2124977,0.15844814479351044,0.8276515007019043,0.43958333134651184
YER019W,YAL015C,0,-6.2136,0.15839071571826935,0.8276515007019043,0.43977272510528564
YOR109W,YPL121C,0,-6.213953,0.15833333134651184,0.8276515007019043,0.43996211886405945
YHR001W,YEL024W,0,-6.2142,0.15827599167823792,0.8276515007019043,0.44015151262283325
YML081C-A,YKL214C,0,-6.215625,0.15821868181228638,0.8276515007019043,0.44034090638160706
YDL226C,YLR105C,0,-6.2158957,0.15816141664981842,0.8276515007019043,0.44053030014038086
YHR042W,YDR160W,0,-6.2168856,0.15810419619083405,0.8276515007019043,0.44071969389915466
YLR384C,YGL212W,0,-6.216963,0.15804702043533325,0.8276515007019043,0.44090908765792847
YKL022C,YPR007C,1,-6.2171106,0.15835140645503998,0.8295454382896423,0.44090908765792847
YMR172W,YOR008C-A,0,-6.217228,0.1582941859960556,0.8295454382896423,0.44109848141670227
YLR391W,YKR056W,0,-6.218104,0.15823699533939362,0.8295454382896423,0.4412878751754761
YJL024C,YLR391W,0,-6.22011,0.1581798493862152,0.8295454382896423,0.4414772689342499
YFL024C,YIL076W,0,-6.2202616,0.15812274813652039,0.8295454382896423,0.4416666626930237
YMR285C,YDR460W,0,-6.2204895,0.15806567668914795,0.8295454382896423,0.4418560564517975
YPR057W,YJL014W,0,-6.2213693,0.1580086648464203,0.8295454382896423,0.4420454502105713
YBR247C,YOR057W,0,-6.2215,0.15795168280601501,0.8295454382896423,0.4422348439693451
YPL137C,YPL204W,1,-6.2221704,0.15825523436069489,0.8314393758773804,0.4422348439693451
YJL102W,YPL045W,0,-6.223543,0.15819819271564484,0.8314393758773804,0.4424242377281189
YML065W,YGR118W,0,-6.2240667,0.15814121067523956,0.8314393758773804,0.4426136314868927
YPR155C,YGL011C,0,-6.2242613,0.15808425843715668,0.8314393758773804,0.4428030252456665
YIR019C,YDL085W,0,-6.2249045,0.15802735090255737,0.8314393758773804,0.4429924190044403
YCR020C-A,YKL086W,0,-6.226345,0.15797048807144165,0.8314393758773804,0.4431818127632141
YDR470C,YJR141W,0,-6.226949,0.1579136699438095,0.8314393758773804,0.4433712065219879
YOR143C,YDR285W,0,-6.2291546,0.15785688161849976,0.8314393758773804,0.4435606002807617
YOR267C,YDR205W,0,-6.2296658,0.15780013799667358,0.8314393758773804,0.4437499940395355
YJR068W,YML034W,1,-6.2298183,0.15810276567935944,0.8333333134651184,0.4437499940395355
YPR185W,YCR062W,0,-6.2301044,0.15804597735404968,0.8333333134651184,0.4439393877983093
YKL160W,YDL028C,0,-6.231949,0.1579892337322235,0.8333333134651184,0.44412878155708313
YLR391W,YML115C,0,-6.2321787,0.15793251991271973,0.8333333134651184,0.44431817531585693
YPR037C,YPL098C,0,-6.2322826,0.15787585079669952,0.8333333134651184,0.44450756907463074
YFR052W,YNL049C,0,-6.2328444,0.1578192263841629,0.8333333134651184,0.44469696283340454
YOR079C,YNL257C,0,-6.2330084,0.15776263177394867,0.8333333134651184,0.44488635659217834
YEL018W,YDR079W,0,-6.23384,0.1577060967683792,0.8333333134651184,0.44507575035095215
YDR423C,YPL243W,0,-6.2348156,0.15764959156513214,0.8333333134651184,0.44526514410972595
YOR103C,YGR002C,0,-6.23508,0.15759311616420746,0.8333333134651184,0.44545453786849976
YKL188C,YML028W,0,-6.2365255,0.15753670036792755,0.8333333134651184,0.44564393162727356
YBR020W,YGR256W,0,-6.236977,0.15748031437397003,0.8333333134651184,0.44583332538604736
YGR261C,YBL033C,0,-6.237603,0.1574239730834961,0.8333333134651184,0.44602271914482117
YPL026C,YNR048W,0,-6.2384734,0.15736766159534454,0.8333333134651184,0.44621211290359497
YDR036C,YAL011W,0,-6.2386265,0.15731140971183777,0.8333333134651184,0.4464015066623688
YDR194C,YPR189W,0,-6.238876,0.15725518763065338,0.8333333134651184,0.4465909004211426
YJL196C,YBR024W,0,-6.2389917,0.15719899535179138,0.8333333134651184,0.4467802941799164
YGR225W,YPL234C,0,-6.239645,0.15714286267757416,0.8333333134651184,0.4469696879386902
YGR041W,YKL129C,0,-6.2397633,0.15708675980567932,0.8333333134651184,0.447159081697464
YDL192W,YBR201W,0,-6.2403893,0.15703068673610687,0.8333333134651184,0.4473484754562378
YML081C-A,YLL031C,0,-6.2410717,0.1569746732711792,0.8333333134651184,0.4475378692150116
YLR391W,YLR386W,0,-6.241786,0.1569186896085739,0.8333333134651184,0.4477272629737854
YML094W,YLR032W,0,-6.242135,0.1568627506494522,0.8333333134651184,0.4479166567325592
YLR391W,YGL243W,0,-6.2423058,0.1568068414926529,0.8333333134651184,0.448106050491333
YKL135C,YGR180C,0,-6.2425237,0.15675097703933716,0.8333333134651184,0.4482954442501068
YKL002W,YNL201C,0,-6.2427263,0.156695157289505,0.8333333134651184,0.4484848380088806
YJL024C,YOR340C,0,-6.2463903,0.15663936734199524,0.8333333134651184,0.4486742317676544
YLR394W,YMR080C,0,-6.246746,0.15658363699913025,0.8333333134651184,0.4488636255264282
YMR186W,YNL279W,0,-6.2477093,0.15652792155742645,0.8333333134651184,0.449053019285202
YLR106C,YCL019W,0,-6.248223,0.15647226572036743,0.8333333134651184,0.44924241304397583
YJR049C,YLR181C,0,-6.248849,0.1564166396856308,0.8333333134651184,0.44943180680274963
YNL221C,YOR279C,0,-6.249322,0.15636105835437775,0.8333333134651184,0.44962120056152344
YOR034C,YDL044C,0,-6.2498493,0.15630550682544708,0.8333333134651184,0.44981059432029724
YKL049C,YJL080C,1,-6.2505445,0.15660510957241058,0.8352272510528564,0.44981059432029724
YER126C,YGL243W,0,-6.2511196,0.15654951333999634,0.8352272510528564,0.44999998807907104
YPL202C,YNL339C,0,-6.251479,0.15649396181106567,0.8352272510528564,0.45018938183784485
YCR020C-A,YBR037C,0,-6.2517986,0.1564384549856186,0.8352272510528564,0.45037877559661865
YMR162C,YOR008C-A,0,-6.252471,0.1563829779624939,0.8352272510528564,0.45056816935539246
YDR099W,YCR027C,0,-6.2525873,0.15632754564285278,0.8352272510528564,0.45075756311416626
YJL024C,YOR328W,0,-6.2553587,0.15627214312553406,0.8352272510528564,0.45094695687294006
YBL008W,YOR150W,0,-6.256152,0.1562167853116989,0.8352272510528564,0.45113635063171387
YPL204W,YML034W,1,-6.256639,0.15651558339595795,0.8371211886405945,0.45113635063171387
YBR201W,YDL085W,0,-6.2566905,0.15646018087863922,0.8371211886405945,0.45132574439048767
YGL168W,YNL313C,0,-6.259567,0.15640480816364288,0.8371211886405945,0.4515151381492615
YDR283C,YEL009C,0,-6.259901,0.15634948015213013,0.8371211886405945,0.4517045319080353
YFL013C,YGL209W,0,-6.260906,0.15629419684410095,0.8371211886405945,0.4518939256668091
YNL245C,YCR075C,0,-6.260912,0.15623895823955536,0.8371211886405945,0.4520833194255829
YDR194C,YPL022W,0,-6.2612224,0.15618374943733215,0.8371211886405945,0.4522727131843567
YMR298W,YIL013C,0,-6.261305,0.15612857043743134,0.8371211886405945,0.4524621069431305
YPL098C,YEL037C,0,-6.2622995,0.1560734510421753,0.8371211886405945,0.4526515007019043
YJL214W,YGL178W,0,-6.2627125,0.15601836144924164,0.8371211886405945,0.4528408944606781
YMR012W,YMR045C,0,-6.263997,0.15596330165863037,0.8371211886405945,0.4530302882194519
YLR028C,YCL075W,0,-6.2659974,0.15590828657150269,0.8371211886405945,0.4532197117805481
YCR028C,YJR026W,0,-6.2693415,0.15585331618785858,0.8371211886405945,0.4534091055393219
YOR267C,YDR276C,0,-6.269644,0.15579837560653687,0.8371211886405945,0.4535984992980957
YJL018W,YDR325W,1,-6.2697506,0.15609584748744965,0.8390151262283325,0.4535984992980957
YDR060W,YGR135W,0,-6.270681,0.15604086220264435,0.8390151262283325,0.4537878930568695
YMR204C,YGR042W,0,-6.270688,0.15598592162132263,0.8390151262283325,0.4539772868156433
YDL030W,YDR306C,0,-6.2708807,0.1559310108423233,0.8390151262283325,0.4541666805744171
YPL137C,YJL080C,1,-6.2709723,0.15622800588607788,0.8409090638160706,0.4541666805744171
YIL112W,YLR034C,0,-6.2715497,0.15617305040359497,0.8409090638160706,0.4543560743331909
YBL008W,YDR059C,0,-6.271556,0.15611813962459564,0.8409090638160706,0.4545454680919647
YDL044C,YDL118W,0,-6.2726965,0.1560632735490799,0.8409090638160706,0.4547348618507385
YLR052W,YGR231C,0,-6.27291,0.15600843727588654,0.8409090638160706,0.45492425560951233
YPL022W,YBR231C,0,-6.275462,0.15595363080501556,0.8409090638160706,0.45511364936828613
YDR216W,YMR095C,0,-6.2757716,0.15589886903762817,0.8409090638160706,0.45530304312705994
YKL129C,YML065W,0,-6.2764497,0.15584415197372437,0.8409090638160706,0.45549243688583374
YBR161W,YGL039W,0,-6.2765594,0.15578947961330414,0.8409090638160706,0.45568183064460754
YPR054W,YHR060W,0,-6.277999,0.1557348370552063,0.8409090638160706,0.45587122440338135
YLR391W,YLL011W,0,-6.279502,0.15568022429943085,0.8409090638160706,0.45606061816215515
YOL149W,YOR270C,0,-6.279972,0.15562565624713898,0.8409090638160706,0.45625001192092896
YMR129W,YOL038W,0,-6.2799835,0.1555711328983307,0.8409090638160706,0.45643940567970276
YLR429W,YJL013C,0,-6.2802916,0.1555166393518448,0.8409090638160706,0.45662879943847656
YJL024C,YDR470C,0,-6.2804217,0.15546219050884247,0.8409090638160706,0.45681819319725037
YIR041W,YKL041W,0,-6.2817307,0.15540777146816254,0.8409090638160706,0.45700758695602417
YHL002W,YNL054W,0,-6.2822924,0.1553533971309662,0.8409090638160706,0.457196980714798
YPL100W,YER082C,0,-6.284134,0.15529905259609222,0.8409090638160706,0.4573863744735718
YPL262W,YEL056W,0,-6.2868853,0.15524475276470184,0.8409090638160706,0.4575757682323456
YIL002C,YPL031C,0,-6.2873898,0.15519049763679504,0.8409090638160706,0.4577651619911194
YLR129W,YDR317W,0,-6.2884684,0.15513627231121063,0.8409090638160706,0.4579545557498932
YJL128C,YJL156C,0,-6.2885222,0.1550820767879486,0.8409090638160706,0.458143949508667
YOL012C,YGL045W,0,-6.288736,0.15502792596817017,0.8409090638160706,0.4583333432674408
YER173W,YCR062W,0,-6.2899218,0.1549738198518753,0.8409090638160706,0.4585227370262146
YJR013W,YBR159W,0,-6.292295,0.15491974353790283,0.8409090638160706,0.4587121307849884
YPR190C,YJR141W,0,-6.2928915,0.15486571192741394,0.8409090638160706,0.4589015245437622
YKL139W,YPL218W,0,-6.2931757,0.15481171011924744,0.8409090638160706,0.459090918302536
YNL245C,YMR260C,0,-6.293678,0.15475775301456451,0.8409090638160706,0.4592803120613098
YAL054C,YGL115W,0,-6.2943287,0.15470382571220398,0.8409090638160706,0.4594697058200836
YLR163C,YDR443C,0,-6.294728,0.15464994311332703,0.8409090638160706,0.4596590995788574
YOL067C,YJL156C,0,-6.2959166,0.15459610521793365,0.8409090638160706,0.4598484933376312
YPL244C,YDR443C,0,-6.296194,0.15454229712486267,0.8409090638160706,0.46003788709640503
YKR066C,YDR236C,0,-6.2967014,0.15448851883411407,0.8409090638160706,0.46022728085517883
YBL084C,YPL008W,1,-6.296866,0.15478260815143585,0.8428030014038086,0.46022728085517883
YBR161W,YFL013C,0,-6.299513,0.15472878515720367,0.8428030014038086,0.46041667461395264
YLR163C,YBR231C,0,-6.2996454,0.15467500686645508,0.8428030014038086,0.46060606837272644
YMR208W,YMR186W,0,-6.3001056,0.15462125837802887,0.8428030014038086,0.46079546213150024
YHR001W-A,YOL067C,0,-6.3005266,0.15456755459308624,0.8428030014038086,0.46098485589027405
YGL201C,YHR091C,0,-6.302802,0.1545138955116272,0.8428030014038086,0.46117424964904785
YNL279W,YNL257C,0,-6.3030787,0.15446025133132935,0.8428030014038086,0.46136364340782166
YGL043W,YJR141W,0,-6.303667,0.15440666675567627,0.8428030014038086,0.46155303716659546
YPL275W,YCR071C,0,-6.304266,0.1543530970811844,0.8428030014038086,0.46174243092536926
YGR212W,YNL241C,0,-6.3049746,0.15429958701133728,0.8428030014038086,0.46193182468414307
YOL135C,YOR036W,0,-6.305402,0.15424610674381256,0.8428030014038086,0.46212121844291687
YIL095W,YPL019C,0,-6.3056135,0.15419265627861023,0.8428030014038086,0.4623106122016907
YNL259C,YCR037C,0,-6.306796,0.15413925051689148,0.8428030014038086,0.4625000059604645
YNL059C,YLL061W,0,-6.3073506,0.15408587455749512,0.8428030014038086,0.4626893997192383
YAR002C-A,YKL057C,0,-6.307583,0.15403254330158234,0.8428030014038086,0.4628787934780121
YOR081C,YIL101C,0,-6.3078737,0.15397924184799194,0.8428030014038086,0.4630681872367859
YJL157C,YHR165C,0,-6.308317,0.15392597019672394,0.8428030014038086,0.4632575809955597
YIL095W,YDR388W,0,-6.30864,0.1538727581501007,0.8428030014038086,0.4634469747543335
YGL168W,YDR122W,0,-6.30871,0.15381956100463867,0.8428030014038086,0.4636363685131073
YIL033C,YGR238C,0,-6.308868,0.15376640856266022,0.8428030014038086,0.4638257622718811
YLL061W,YDR135C,0,-6.309435,0.15371330082416534,0.8428030014038086,0.4640151560306549
YGL168W,YPL268W,0,-6.3095713,0.15366022288799286,0.8428030014038086,0.4642045497894287
YNR035C,YML078W,0,-6.3109365,0.15360717475414276,0.8428030014038086,0.4643939435482025
YML098W,YKR056W,0,-6.311436,0.15355417132377625,0.8428030014038086,0.4645833373069763
YDR099W,YBL008W,0,-6.3116803,0.1535012125968933,0.8428030014038086,0.4647727310657501
YHR098C,YCR033W,0,-6.3126354,0.15344826877117157,0.8428030014038086,0.4649621248245239
YJR082C,YCR062W,0,-6.313006,0.1533953845500946,0.8428030014038086,0.46515151858329773
YPL098C,YBR273C,0,-6.313406,0.15334251523017883,0.8428030014038086,0.46534091234207153
YLR026C,YDR059C,0,-6.3137684,0.15328970551490784,0.8428030014038086,0.46553030610084534
YPR185W,YDR122W,0,-6.3139095,0.15323691070079803,0.8428030014038086,0.46571969985961914
YJL024C,YER021W,0,-6.314321,0.15318416059017181,0.8428030014038086,0.46590909361839294
YJL080C,YML085C,1,-6.314974,0.1534755676984787,0.8446969985961914,0.46590909361839294
YJL124C,YDR057W,0,-6.316345,0.1534227728843689,0.8446969985961914,0.46609848737716675
YER118C,YGR104C,0,-6.3174295,0.15337000787258148,0.8446969985961914,0.46628788113594055
YOR113W,YDR086C,0,-6.3205395,0.15331728756427765,0.8446969985961914,0.46647727489471436
YJL210W,YML115C,0,-6.3208337,0.1532646119594574,0.8446969985961914,0.46666666865348816
YOR046C,YBL100W-B,0,-6.321679,0.15321195125579834,0.8446969985961914,0.46685606241226196
YEL061C,YPL204W,1,-6.3218737,0.15350274741649628,0.8465909361839294,0.46685606241226196
YNL001W,YOL072W,0,-6.322162,0.15345005691051483,0.8465909361839294,0.46704545617103577
YPL275W,YBR082C,0,-6.322407,0.15339739620685577,0.8465909361839294,0.46723484992980957
YNL004W,YMR016C,0,-6.3227882,0.1533447653055191,0.8465909361839294,0.4674242436885834
YLR391W,YFL022C,0,-6.323656,0.15329217910766602,0.8465909361839294,0.4676136374473572
YPL061W,YER019C-A,0,-6.3239455,0.15323962271213531,0.8465909361839294,0.467803031206131
YGL257C,YLR043C,0,-6.32458,0.1531871110200882,0.8465909361839294,0.4679924249649048
YML098W,YKL075C,0,-6.3256454,0.15313462913036346,0.8465909361839294,0.4681818187236786
YNL167C,YBL100W-B,0,-6.327961,0.15308219194412231,0.8465909361839294,0.4683712124824524
YML078W,YPR183W,0,-6.329113,0.15302978456020355,0.8465909361839294,0.4685606062412262
YLR330W,YDL200C,0,-6.329527,0.15297740697860718,0.8465909361839294,0.46875
YEL018W,YBR159W,0,-6.329674,0.15292507410049438,0.8465909361839294,0.4689393937587738
YKL049C,YJL018W,1,-6.329717,0.15321476757526398,0.8484848737716675,0.4689393937587738
YAL041W,YDR284C,0,-6.3320637,0.1531623899936676,0.8484848737716675,0.4691287875175476
YFR028C,YCR020C-A,0,-6.3327503,0.15311004221439362,0.8484848737716675,0.4693181812763214
YHR006W,YDR246W,0,-6.3327904,0.1530577391386032,0.8484848737716675,0.4695075750350952
YGR135W,YJL012C,0,-6.3333387,0.1530054658651352,0.8484848737716675,0.469696968793869
YPL115C,YLR391W,0,-6.3334,0.15295322239398956,0.8484848737716675,0.4698863625526428
YPR183W,YDR283C,0,-6.333732,0.15290102362632751,0.8484848737716675,0.4700757563114166
YOL149W,YGL178W,0,-6.3342857,0.15284885466098785,0.8484848737716675,0.47026515007019043
YPL146C,YDR011W,0,-6.334793,0.15279673039913177,0.8484848737716675,0.47045454382896423
YCR075C,YIL017W,0,-6.334842,0.15274463593959808,0.8484848737716675,0.47064393758773804
YDR162C,YDR011W,0,-6.335045,0.15269257128238678,0.8484848737716675,0.47083333134651184
YKR001C,YER005W,0,-6.3354907,0.15264055132865906,0.8484848737716675,0.47102272510528564
YPR057W,YCR053W,0,-6.336673,0.15258856117725372,0.8484848737716675,0.47121211886405945
YGR225W,YPR108W,0,-6.337249,0.15253660082817078,0.8484848737716675,0.47140151262283325
YPL117C,YFR050C,0,-6.3375025,0.1524846851825714,0.8484848737716675,0.47159090638160706
YNL230C,YDR429C,0,-6.3380117,0.15243279933929443,0.8484848737716675,0.47178030014038086
YKL134C,YJL012C,0,-6.3389044,0.15238095819950104,0.8484848737716675,0.47196969389915466
YFL024C,YOL040C,0,-6.339548,0.15232914686203003,0.8484848737716675,0.47215908765792847
YHR042W,YFL002W-A,0,-6.3409653,0.1522773653268814,0.8484848737716675,0.47234848141670227
YBR159W,YBR231C,0,-6.3416705,0.15222561359405518,0.8484848737716675,0.4725378751754761
YJR001W,YGR074W,0,-6.342264,0.15217390656471252,0.8484848737716675,0.4727272689342499
YOL011W,YOL038W,0,-6.3426595,0.15212224423885345,0.8484848737716675,0.4729166626930237
YJL214W,YDR055W,0,-6.3437557,0.15207059681415558,0.8484848737716675,0.4731060564517975
YOR381W,YMR129W,0,-6.3442154,0.15201900899410248,0.8484848737716675,0.4732954502105713
YLR170C,YGR074W,0,-6.344626,0.15196743607521057,0.8484848737716675,0.4734848439693451
YER052C,YIL017W,0,-6.346054,0.15191590785980225,0.8484848737716675,0.4736742377281189
YHR165C,YFL058W,0,-6.3460627,0.1518644094467163,0.8484848737716675,0.4738636314868927
YOR120W,YKL055C,0,-6.347788,0.15181294083595276,0.8484848737716675,0.4740530252456665
YCR075C,YDL227C,0,-6.3478127,0.1517615169286728,0.8484848737716675,0.4742424190044403
YOR079C,YGR129W,0,-6.347815,0.1517101228237152,0.8484848737716675,0.4744318127632141
YNL135C,YGR007W,0,-6.3482857,0.1516587734222412,0.8484848737716675,0.4746212065219879
YJR135C,YJL018W,1,-6.34881,0.15194585919380188,0.8503788113594055,0.4746212065219879
YDR182W,YOR110W,0,-6.349022,0.1518944501876831,0.8503788113594055,0.4748106002807617
YDL051W,YBL103C,0,-6.349554,0.1518430858850479,0.8503788113594055,0.4749999940395355
YPL153C,YNL241C,0,-6.3522425,0.1517917513847351,0.8503788113594055,0.4751893877983093
YJR125C,YKL084W,0,-6.352362,0.1517404466867447,0.8503788113594055,0.47537878155708313
YDR054C,YDL024C,0,-6.3539925,0.15168918669223785,0.8503788113594055,0.47556817531585693
YDL024C,YBR127C,0,-6.3543005,0.1516379565000534,0.8503788113594055,0.47575756907463074
YGR003W,YJL005W,0,-6.354835,0.15158677101135254,0.8503788113594055,0.47594696283340454
YOL130W,YPL210C,0,-6.3555584,0.15153560042381287,0.8503788113594055,0.47613635659217834
YKL213C,YOR057W,0,-6.355999,0.15148447453975677,0.8503788113594055,0.47632575035095215
YEL036C,YPR182W,0,-6.3568907,0.15143339335918427,0.8503788113594055,0.47651514410972595
YNR026C,YFL005W,0,-6.3569307,0.15138232707977295,0.8503788113594055,0.47670453786849976
YFL013C,YCL003W,0,-6.357213,0.15133130550384521,0.8503788113594055,0.47689393162727356
YJL179W,YPR165W,0,-6.357415,0.15128032863140106,0.8503788113594055,0.47708332538604736
YOR112W,YLL060C,0,-6.358239,0.1512293666601181,0.8503788113594055,0.47727271914482117
YDR202C,YIL076W,0,-6.359146,0.15117844939231873,0.8503788113594055,0.47746211290359497
YLR391W,YPR190C,0,-6.3591704,0.15112756192684174,0.8503788113594055,0.4776515066623688
YDR416W,YPL019C,0,-6.359352,0.15107671916484833,0.8503788113594055,0.4778409004211426
YDR079W,YDR057W,0,-6.3599772,0.1510259062051773,0.8503788113594055,0.4780302941799164
YMR140W,YGR074W,0,-6.3605394,0.15097512304782867,0.8503788113594055,0.4782196879386902
YGR104C,YCR062W,0,-6.362985,0.15092436969280243,0.8503788113594055,0.478409081697464
YDR216W,YML081C-A,0,-6.3635426,0.15087366104125977,0.8503788113594055,0.4785984754562378
YOL008W,YGL201C,0,-6.364017,0.1508229821920395,0.8503788113594055,0.4787878692150116
YPR201W,YCR055C,0,-6.3642006,0.1507723331451416,0.8503788113594055,0.4789772629737854
YLR248W,YGL039W,0,-6.365302,0.1507217139005661,0.8503788113594055,0.4791666567325592
YLR376C,YLR248W,0,-6.365313,0.15067113935947418,0.8503788113594055,0.479356050491333
YOL026C,YHR200W,0,-6.365465,0.15062059462070465,0.8503788113594055,0.4795454442501068
YML055W,YMR087W,0,-6.3660574,0.1505700945854187,0.8503788113594055,0.4797348380088806
YDR423C,YHL003C,0,-6.366175,0.15051960945129395,0.8503788113594055,0.4799242317676544
YEL034W,YDR037W,0,-6.367683,0.15046916902065277,0.8503788113594055,0.4801136255264282
YKL057C,YHR152W,0,-6.368025,0.15041875839233398,0.8503788113594055,0.480303019285202
YKL004W,YGL178W,0,-6.3694153,0.15036839246749878,0.8503788113594055,0.48049241304397583
YMR199W,YBR177C,0,-6.36995,0.15031804144382477,0.8503788113594055,0.48068180680274963
YDL230W,YPL234C,0,-6.37096,0.15026773512363434,0.8503788113594055,0.48087120056152344
YIL150C,YIL013C,0,-6.371337,0.1502174586057663,0.8503788113594055,0.48106059432029724
YEL009C,YGR004W,0,-6.3728685,0.15016722679138184,0.8503788113594055,0.48124998807907104
YKL134C,YLR136C,0,-6.37304,0.15011702477931976,0.8503788113594055,0.48143938183784485
YCL044C,YCL019W,0,-6.3735027,0.15006683766841888,0.8503788113594055,0.48162877559661865
YPL098C,YML065W,0,-6.373624,0.15001671016216278,0.8503788113594055,0.48181816935539246
YDL197C,YLR425W,0,-6.3747187,0.14996659755706787,0.8503788113594055,0.48200756311416626
YDR178W,YDR285W,0,-6.376198,0.14991652965545654,0.8503788113594055,0.48219695687294006
YLR163C,YDR529C,0,-6.377116,0.1498664915561676,0.8503788113594055,0.48238635063171387
YER119C,YJL128C,0,-6.3773265,0.14981648325920105,0.8503788113594055,0.48257574439048767
YLR459W,YDR071C,0,-6.377861,0.14976650476455688,0.8503788113594055,0.4827651381492615
YPR179C,YPL243W,0,-6.3782196,0.1497165709733963,0.8503788113594055,0.4829545319080353
YNL159C,YFL024C,0,-6.379012,0.1496666669845581,0.8503788113594055,0.4831439256668091
YAL012W,YOR089C,0,-6.3796163,0.1496167927980423,0.8503788113594055,0.4833333194255829
YMR022W,YPL214C,0,-6.3797774,0.14956694841384888,0.8503788113594055,0.4835227131843567
YDR515W,YGR008C,0,-6.3801303,0.14951714873313904,0.8503788113594055,0.4837121069431305
YKL134C,YHR026W,0,-6.3808374,0.1494673788547516,0.8503788113594055,0.4839015007019043
YKL002W,YOL045W,0,-6.380887,0.14941763877868652,0.8503788113594055,0.4840908944606781
YHR091C,YLR025W,0,-6.381007,0.14936792850494385,0.8503788113594055,0.4842802882194519
YPR025C,YPL031C,0,-6.3811226,0.14931826293468475,0.8503788113594055,0.4844697117805481
YMR047C,YDR306C,0,-6.381485,0.14926861226558685,0.8503788113594055,0.4846591055393219
YJL208C,YBR024W,0,-6.3818936,0.14921900629997253,0.8503788113594055,0.4848484992980957
YBR217W,YIL033C,0,-6.38274,0.1491694301366806,0.8503788113594055,0.4850378930568695
YOR245C,YMR208W,0,-6.382768,0.14911989867687225,0.8503788113594055,0.4852272868156433
YMR042W,YKL016C,0,-6.3832355,0.1490703821182251,0.8503788113594055,0.4854166805744171
YPR007C,YJR068W,1,-6.3835793,0.1493528038263321,0.8522727489471436,0.4854166805744171
YPR057W,YPL210C,0,-6.3836,0.14930325746536255,0.8522727489471436,0.4856060743331909
YNL094W,YML028W,0,-6.3842993,0.1492537260055542,0.8522727489471436,0.4857954680919647
YLR025W,YML098W,0,-6.3844166,0.14920423924922943,0.8522727489471436,0.4859848618507385
YMR305C,YIL056W,0,-6.3846664,0.14915478229522705,0.8522727489471436,0.48617425560951233
YIL048W,YBR231C,0,-6.384741,0.14910537004470825,0.8522727489471436,0.48636364936828613
YLR284C,YDR416W,0,-6.3849425,0.14905597269535065,0.8522727489471436,0.48655304312705994
YPR067W,YPR133C,0,-6.385482,0.14900662004947662,0.8522727489471436,0.48674243688583374
YPR154W,YPL153C,0,-6.38663,0.148957297205925,0.8522727489471436,0.48693183064460754
YNL163C,YLR362W,0,-6.3869267,0.14890800416469574,0.8522727489471436,0.48712122440338135
YKL160W,YPL268W,0,-6.389385,0.14885875582695007,0.8522727489471436,0.48731061816215515
YCR028C,YCL075W,0,-6.3901496,0.1488095223903656,0.8522727489471436,0.48750001192092896
YLR347C,YCL075W,0,-6.3902597,0.1487603336572647,0.8522727489471436,0.48768940567970276
YAL068C,YKL196C,0,-6.392274,0.1487111747264862,0.8522727489471436,0.48787879943847656
YPL098C,YCR062W,0,-6.3923163,0.1486620455980301,0.8522727489471436,0.48806819319725037
YBR288C,YDR246W,0,-6.392636,0.14861294627189636,0.8522727489471436,0.48825758695602417
YDL024C,YLR337W,0,-6.394164,0.14856387674808502,0.8522727489471436,0.488446980714798
YKL057C,YML127W,0,-6.3951716,0.14851485192775726,0.8522727489471436,0.4886363744735718
YLL031C,YCR071C,0,-6.395454,0.1484658569097519,0.8522727489471436,0.4888257682323456
YBR243C,YOL123W,0,-6.3958936,0.1484168916940689,0.8522727489471436,0.4890151619911194
YMR204C,YIL017W,0,-6.3961067,0.1483679562807083,0.8522727489471436,0.4892045557498932
YNL201C,YMR239C,0,-6.396532,0.1483190506696701,0.8522727489471436,0.489393949508667
YDR492W,YDR055W,0,-6.3974314,0.14827017486095428,0.8522727489471436,0.4895833432674408
YDR378C,YGL183C,0,-6.397632,0.14822134375572205,0.8522727489471436,0.4897727370262146
YMR213W,YHR165C,0,-6.3983617,0.1481725424528122,0.8522727489471436,0.4899621307849884
YGL115W,YDR086C,0,-6.399699,0.14812377095222473,0.8522727489471436,0.4901515245437622
YHR031C,YPL274W,0,-6.4009724,0.14807502925395966,0.8522727489471436,0.490340918302536
YER154W,YNL012W,0,-6.401182,0.14802631735801697,0.8522727489471436,0.4905303120613098
YNR035C,YPL022W,0,-6.401725,0.14797763526439667,0.8522727489471436,0.4907197058200836
YKR097W,YLR425W,0,-6.4019628,0.14792899787425995,0.8522727489471436,0.4909090995788574
YPL268W,YOR018W,0,-6.403274,0.14788037538528442,0.8522727489471436,0.4910984933376312
YBR210W,YNL281W,0,-6.4037066,0.14783179759979248,0.8522727489471436,0.49128788709640503
YBL046W,YOL124C,0,-6.4039135,0.14778324961662292,0.8522727489471436,0.49147728085517883
YCR026C,YPR041W,0,-6.403945,0.14773473143577576,0.8522727489471436,0.49166667461395264
YGR145W,YJR042W,0,-6.4042435,0.14768624305725098,0.8522727489471436,0.49185606837272644
YDR138W,YGL089C,0,-6.404294,0.14763779938220978,0.8522727489471436,0.49204546213150024
YJL124C,YLR425W,0,-6.404565,0.14758937060832977,0.8522727489471436,0.49223485589027405
YJL071W,YNL118C,0,-6.4046,0.14754098653793335,0.8522727489471436,0.49242424964904785
YJL080C,YFL008W,1,-6.4051538,0.147820383310318,0.8541666865348816,0.49242424964904785
YJL014W,YMR016C,0,-6.405506,0.147771954536438,0.8541666865348816,0.49261364340782166
YPL274W,YHL009C,0,-6.407044,0.14772355556488037,0.8541666865348816,0.49280303716659546
YJL214W,YKL075C,0,-6.4071646,0.14767518639564514,0.8541666865348816,0.49299243092536926
YGL035C,YJR103W,0,-6.407994,0.1476268470287323,0.8541666865348816,0.49318182468414307
YPR037C,YER021W,0,-6.408884,0.14757853746414185,0.8541666865348816,0.49337121844291687
YAL012W,YGL035C,0,-6.4093895,0.14753025770187378,0.8541666865348816,0.4935606122016907
YNL282W,YDR055W,0,-6.4100533,0.1474820077419281,0.8541666865348816,0.4937500059604645
YLR391W,YBR278W,0,-6.4123445,0.147433802485466,0.8541666865348816,0.4939393997192383
YDL024C,YNL313C,0,-6.4126334,0.1473856270313263,0.8541666865348816,0.4941287934780121
YBR288C,YJR059W,0,-6.412653,0.14733746647834778,0.8541666865348816,0.4943181872367859
YBR237W,YJL141C,0,-6.412739,0.14728935062885284,0.8541666865348816,0.4945075809955597
YDR517W,YDR416W,0,-6.415324,0.1472412645816803,0.8541666865348816,0.4946969747543335
YKL022C,YHR014W,1,-6.417487,0.14751958847045898,0.8560606241226196,0.4946969747543335
YNL286W,YER183C,0,-6.417929,0.14747145771980286,0.8560606241226196,0.4948863685131073
YBR102C,YIL114C,0,-6.418448,0.14742335677146912,0.8560606241226196,0.4950757622718811
YCL003W,YBL093C,0,-6.418646,0.14737528562545776,0.8560606241226196,0.4952651560306549
YKL054C,YLR284C,0,-6.419205,0.1473272442817688,0.8560606241226196,0.4954545497894287
YMR211W,YNL207W,0,-6.419881,0.14727924764156342,0.8560606241226196,0.4956439435482025
YOR058C,YKL099C,0,-6.42004,0.14723126590251923,0.8560606241226196,0.4958333373069763
YHR086W,YDR071C,0,-6.4202375,0.14718332886695862,0.8560606241226196,0.4960227310657501
YGR249W,YMR140W,0,-6.4206305,0.1471354216337204,0.8560606241226196,0.4962121248245239
YDR036C,YBR237W,0,-6.421221,0.14708752930164337,0.8560606241226196,0.49640151858329773
YDR416W,YOR008C-A,0,-6.4213133,0.14703968167304993,0.8560606241226196,0.49659091234207153
YNR035C,YMR095C,0,-6.4216146,0.14699186384677887,0.8560606241226196,0.49678030610084534
YDR216W,YKL057C,0,-6.4228287,0.1469440758228302,0.8560606241226196,0.49696969985961914
YOR245C,YHR060W,0,-6.4228573,0.1468963325023651,0.8560606241226196,0.49715909361839294
YLR208W,YOR008C-A,0,-6.4243574,0.14684860408306122,0.8560606241226196,0.49734848737716675
YMR080C,YDR129C,0,-6.425889,0.1468009054660797,0.8560606241226196,0.49753788113594055
YNL259C,YLR316C,0,-6.4271617,0.1467532515525818,0.8560606241226196,0.49772727489471436
YMR305C,YIL082W-A,0,-6.4277344,0.14670561254024506,0.8560606241226196,0.49791666865348816
YAR019C,YOL067C,0,-6.4282207,0.1466580182313919,0.8560606241226196,0.49810606241226196
YAR002C-A,YGR129W,0,-6.428603,0.14661043882369995,0.8560606241226196,0.49829545617103577
YPR007C,YML034W,1,-6.429092,0.1468871533870697,0.8579545617103577,0.49829545617103577
YDR284C,YAR008W,0,-6.4292216,0.14683954417705536,0.8579545617103577,0.49848484992980957
YBR278W,YMR136W,0,-6.43281,0.1467919647693634,0.8579545617103577,0.4986742436885834
YLR394W,YCL043C,0,-6.433384,0.14674441516399384,0.8579545617103577,0.4988636374473572
YER019W,YGL209W,0,-6.434597,0.14669689536094666,0.8579545617103577,0.499053031206131
YHL031C,YGR129W,0,-6.4356318,0.14664940536022186,0.8579545617103577,0.4992424249649048
YMR199W,YOR103C,0,-6.43693,0.14660194516181946,0.8579545617103577,0.4994318187236786
YCL075W,YIL082W-A,0,-6.4372625,0.14655451476573944,0.8579545617103577,0.4996212124824524
YCR038C,YHR060W,0,-6.438732,0.1465071141719818,0.8579545617103577,0.4998106062412262
YER183C,YGL084C,0,-6.4391346,0.14645974338054657,0.8579545617103577,0.5
YLL031C,YOL123W,0,-6.439542,0.1464124172925949,0.8579545617103577,0.5001894235610962
YOR081C,YOL072W,0,-6.439848,0.14636510610580444,0.8579545617103577,0.5003787875175476
YOR074C,YGR003W,0,-6.4403944,0.14631782472133636,0.8579545617103577,0.5005682110786438
YBR231C,YOR110W,0,-6.442271,0.14627058804035187,0.8579545617103577,0.5007575750350952
YOR074C,YOL124C,0,-6.443004,0.14622336626052856,0.8579545617103577,0.5009469985961914
YNR035C,YFL009W,0,-6.443612,0.14617618918418884,0.8579545617103577,0.5011363625526428
YGL035C,YDR129C,0,-6.4441543,0.14612902700901031,0.8579545617103577,0.501325786113739
YIL037C,YBR273C,0,-6.444585,0.14608190953731537,0.8579545617103577,0.5015151500701904
YNL281W,YJL128C,0,-6.4446764,0.1460348218679428,0.8579545617103577,0.5017045736312866
YJR068W,YLR272C,1,-6.44492,0.1463100165128708,0.8598484992980957,0.5017045736312866
YGR231C,YKL196C,0,-6.4451733,0.14626288414001465,0.8598484992980957,0.501893937587738
YPL055C,YPL098C,0,-6.445187,0.1462157815694809,0.8598484992980957,0.5020833611488342
YLR060W,YNL221C,0,-6.44531,0.14616870880126953,0.8598484992980957,0.5022727251052856
YNL169C,YHR200W,0,-6.4464893,0.14612166583538055,0.8598484992980957,0.5024621486663818
YGR238C,YJL042W,0,-6.446764,0.14607465267181396,0.8598484992980957,0.5026515126228333
YNL230C,YER123W,0,-6.448851,0.14602765440940857,0.8598484992980957,0.5028409361839294
YKR097W,YJL210W,0,-6.448981,0.14598070085048676,0.8598484992980957,0.5030303001403809
YBL033C,YPL016W,0,-6.4495783,0.14593377709388733,0.8598484992980957,0.503219723701477
YER017C,YFL002W-A,0,-6.4515877,0.1458868831396103,0.8598484992980957,0.5034090876579285
YDR036C,YMR140W,0,-6.452275,0.14584001898765564,0.8598484992980957,0.5035985112190247
YGL205W,YLR386W,0,-6.452341,0.14579318463802338,0.8598484992980957,0.5037878751754761
YPL126W,YFR052W,0,-6.4526587,0.1457463949918747,0.8598484992980957,0.5039772987365723
YCR075C,YBR159W,0,-6.4536686,0.1456996202468872,0.8598484992980957,0.5041666626930237
YPR189W,YJR026W,0,-6.4542885,0.1456528753042221,0.8598484992980957,0.5043560862541199
YHR055C,YPL235W,0,-6.4546795,0.1456061601638794,0.8598484992980957,0.5045454502105713
YDL192W,YPL055C,0,-6.455803,0.14555947482585907,0.8598484992980957,0.5047348737716675
YBL080C,YGR074W,0,-6.457363,0.14551281929016113,0.8598484992980957,0.5049242377281189
YPL275W,YMR035W,0,-6.4577556,0.14546619355678558,0.8598484992980957,0.5051136612892151
YAR014C,YCL008C,0,-6.4582353,0.14541959762573242,0.8598484992980957,0.5053030252456665
YPL227C,YPR037C,0,-6.4586134,0.14537303149700165,0.8598484992980957,0.5054924488067627
YJR150C,YML045W,0,-6.459451,0.14532651007175446,0.8598484992980957,0.5056818127632141
YLL060C,YOR332W,0,-6.4595795,0.14528000354766846,0.8598484992980957,0.5058712363243103
YGL047W,YLR262C,0,-6.459734,0.14523352682590485,0.8598484992980957,0.5060606002807617
YPL274W,YGR013W,0,-6.460211,0.14518707990646362,0.8598484992980957,0.5062500238418579
YNR027W,YJR082C,0,-6.4620066,0.1451406627893448,0.8598484992980957,0.5064393877983093
YGR086C,YMR247C,0,-6.462559,0.14509427547454834,0.8598484992980957,0.5066288113594055
YGL181W,YDR404C,0,-6.4646654,0.14504791796207428,0.8598484992980957,0.5068181753158569
YLR210W,YPR167C,0,-6.46607,0.1450015902519226,0.8598484992980957,0.5070075988769531
YBR243C,YLR248W,0,-6.466835,0.14495530724525452,0.8598484992980957,0.5071969628334045
YLR155C,YDL099W,0,-6.469081,0.14490903913974762,0.8598484992980957,0.5073863863945007
YPR185W,YOR112W,0,-6.469406,0.1448628008365631,0.8598484992980957,0.5075757503509521
YLR045C,YML131W,0,-6.470462,0.144816592335701,0.8598484992980957,0.5077651739120483
YJL013C,YIL017W,0,-6.4717197,0.14477041363716125,0.8598484992980957,0.5079545378684998
YEL018W,YLR080W,0,-6.472626,0.1447242647409439,0.8598484992980957,0.508143961429596
YDR194C,YGR099W,0,-6.4743013,0.14467814564704895,0.8598484992980957,0.5083333253860474
YMR199W,YIL082W-A,0,-6.4744563,0.14463204145431519,0.8598484992980957,0.5085227489471436
YDL100C,YFL002W-A,0,-6.4753294,0.144585981965065,0.8598484992980957,0.508712112903595
YPL174C,YPL026C,0,-6.475334,0.1445399522781372,0.8598484992980957,0.5089015364646912
YFR036W,YDR254W,1,-6.4754744,0.1448122262954712,0.8617424368858337,0.5089015364646912
YCR028C,YOL129W,0,-6.4755077,0.14476615190505981,0.8617424368858337,0.5090909004211426
YGR086C,YDR082W,0,-6.47565,0.14472010731697083,0.8617424368858337,0.5092803239822388
YIL033C,YLL016W,0,-6.477802,0.14467409253120422,0.8617424368858337,0.5094696879386902
YAL031C,YML085C,1,-6.4783545,0.14494596421718597,0.8636363744735718,0.5094696879386902
YGR238C,YJL156C,0,-6.4784727,0.1448999047279358,0.8636363744735718,0.5096591114997864
YGR078C,YNL201C,0,-6.479574,0.144853875041008,0.8636363744735718,0.5098484754562378
YBR159W,YAL055W,0,-6.4813643,0.1448078751564026,0.8636363744735718,0.510037899017334
YPL115C,YLL011W,0,-6.4822364,0.14476190507411957,0.8636363744735718,0.5102272629737854
YKR038C,YJR042W,0,-6.4826684,0.14471596479415894,0.8636363744735718,0.5104166865348816
YOR079C,YHR006W,0,-6.4839215,0.1446700543165207,0.8636363744735718,0.510606050491333
YBL084C,YHR014W,1,-6.4868975,0.1449413299560547,0.8655303120613098,0.510606050491333
YLR242C,YIL017W,0,-6.489561,0.14489537477493286,0.8655303120613098,0.5107954740524292
YGR159C,YMR045C,0,-6.492779,0.14484944939613342,0.8655303120613098,0.5109848380088806
YIL095W,YJL072C,0,-6.4947186,0.14480355381965637,0.8655303120613098,0.5111742615699768
YOR079C,YKL134C,0,-6.49619,0.1447576880455017,0.8655303120613098,0.5113636255264282
YMR012W,YGR244C,0,-6.4985514,0.14471183717250824,0.8655303120613098,0.5115530490875244
YGL070C,YIL008W,0,-6.4988313,0.14466603100299835,0.8655303120613098,0.5117424130439758
YPR190C,YHR031C,0,-6.498995,0.14462025463581085,0.8655303120613098,0.511931836605072
YDR362C,YDR429C,0,-6.4996114,0.14457450807094574,0.8655303120613098,0.5121212005615234
YKL182W,YPR165W,0,-6.5013456,0.14452877640724182,0.8655303120613098,0.5123106241226196
YNL004W,YBL050W,0,-6.5017376,0.14448308944702148,0.8655303120613098,0.512499988079071
YIL112W,YLR362W,0,-6.5017514,0.14443741738796234,0.8655303120613098,0.5126894116401672
YLR418C,YNL073W,0,-6.5020666,0.14439179003238678,0.8655303120613098,0.5128787755966187
YPL096W,YMR247C,0,-6.5027447,0.1443461775779724,0.8655303120613098,0.5130681991577148
YER052C,YOL010W,0,-6.502928,0.14430059492588043,0.8655303120613098,0.5132575631141663
YBR207W,YOR110W,0,-6.504037,0.14425505697727203,0.8655303120613098,0.5134469866752625
YJL042W,YDR460W,0,-6.504547,0.14420953392982483,0.8655303120613098,0.5136363506317139
YFR019W,YOR083W,0,-6.5051007,0.1441640406847,0.8655303120613098,0.5138257741928101
YOR061W,YER001W,0,-6.505642,0.14411857724189758,0.8655303120613098,0.5140151381492615
YPL190C,YPR032W,0,-6.5066023,0.14407314360141754,0.8655303120613098,0.5142045617103577
YJL072C,YNL247W,0,-6.5074806,0.1440277397632599,0.8655303120613098,0.5143939256668091
YOL051W,YOR036W,0,-6.5080695,0.14398235082626343,0.8655303120613098,0.5145833492279053
YER028C,YPR107C,0,-6.5089164,0.14393700659275055,0.8655303120613098,0.5147727131843567
YLR284C,YGL045W,0,-6.5089283,0.14389169216156006,0.8655303120613098,0.5149621367454529
YBR102C,YKR022C,0,-6.5095377,0.14384639263153076,0.8655303120613098,0.5151515007019043
YPR007C,YOL006C,1,-6.510322,0.14411579072475433,0.8674242496490479,0.5151515007019043
YDR284C,YDR437W,0,-6.5108337,0.14407046139240265,0.8674242496490479,0.5153409242630005
YOR178C,YGL205W,0,-6.511121,0.14402516186237335,0.8674242496490479,0.5155302882194519
YPL100W,YPR168W,0,-6.5112405,0.14397987723350525,0.8674242496490479,0.5157197117805481
YOR113W,YPL244C,0,-6.511446,0.14393463730812073,0.8674242496490479,0.5159090757369995
YER154W,YKR053C,0,-6.5118647,0.1438894122838974,0.8674242496490479,0.5160984992980957
YOR279C,YBR273C,0,-6.5122533,0.14384421706199646,0.8674242496490479,0.5162878632545471
YGL226C-A,YML028W,0,-6.512387,0.1437990516424179,0.8674242496490479,0.5164772868156433
YDR216W,YGR008C,0,-6.5126677,0.14375391602516174,0.8674242496490479,0.5166666507720947
YNR027W,YLR130C,0,-6.5133953,0.14370881021022797,0.8674242496490479,0.5168560743331909
YEL034W,YDL235C,0,-6.515344,0.14366373419761658,0.8674242496490479,0.5170454382896423
YBR161W,YPL031C,0,-6.5157394,0.14361868798732758,0.8674242496490479,0.5172348618507385
YPR083W,YGR086C,0,-6.515998,0.14357367157936096,0.8674242496490479,0.5174242258071899
YOL045W,YOR305W,0,-6.5161204,0.14352867007255554,0.8674242496490479,0.5176136493682861
YKL057C,YFR033C,0,-6.5163145,0.1434837132692337,0.8674242496490479,0.5178030133247375
YGR004W,YOR119C,0,-6.5169067,0.14343877136707306,0.8674242496490479,0.5179924368858337
YMR022W,YPL243W,0,-6.5179586,0.1433938592672348,0.8674242496490479,0.5181818008422852
YLR189C,YDR481C,0,-6.5214357,0.14334897696971893,0.8674242496490479,0.5183712244033813
YOL026C,YPL268W,0,-6.524251,0.14330412447452545,0.8674242496490479,0.5185605883598328
YLL009C,YPL167C,0,-6.524503,0.14325930178165436,0.8674242496490479,0.518750011920929
YLL011W,YPL045W,0,-6.5265694,0.14321450889110565,0.8674242496490479,0.5189393758773804
YPL262W,YGL090W,0,-6.5266867,0.14316974580287933,0.8674242496490479,0.5191287994384766
YMR012W,YGR239C,0,-6.528352,0.1431249976158142,0.8674242496490479,0.519318163394928
YJL106W,YHR039C,0,-6.5291877,0.14308029413223267,0.8674242496490479,0.5195075869560242
YML104C,YKL154W,0,-6.5293818,0.14303560554981232,0.8674242496490479,0.5196969509124756
YBL084C,YPR007C,1,-6.5298896,0.14330315589904785,0.8693181872367859,0.5196969509124756
YBR177C,YIL063C,0,-6.530861,0.14325842261314392,0.8693181872367859,0.5198863744735718
YDL230W,YOR143C,0,-6.5309854,0.14321373403072357,0.8693181872367859,0.5200757384300232
YMR208W,YHR165C,0,-6.5320816,0.14316906034946442,0.8693181872367859,0.5202651619911194
YPL015C,YML028W,0,-6.532238,0.14312441647052765,0.8693181872367859,0.5204545259475708
YNR030W,YIL082W-A,0,-6.532802,0.14307980239391327,0.8693181872367859,0.520643949508667
YPL117C,YGL035C,0,-6.5331807,0.14303521811962128,0.8693181872367859,0.5208333134651184
YBR196C,YPL016W,0,-6.534071,0.14299064874649048,0.8693181872367859,0.5210227370262146
YCR053W,YDR545W,0,-6.5340996,0.14294612407684326,0.8693181872367859,0.521212100982666
YOL008W,YER149C,0,-6.534498,0.14290161430835724,0.8693181872367859,0.5214015245437622
YGL071W,YFR033C,0,-6.535425,0.1428571492433548,0.8693181872367859,0.5215908885002136
YJR074W,YEL050C,0,-6.5354395,0.14281269907951355,0.8693181872367859,0.5217803120613098
YGL195W,YCL055W,0,-6.535703,0.1427682787179947,0.8693181872367859,0.5219696760177612
YOL010W,YDR369C,0,-6.535715,0.14272387325763702,0.8693181872367859,0.5221590995788574
YGR231C,YDR057W,0,-6.537015,0.14267951250076294,0.8693181872367859,0.5223484635353088
YLR189C,YOR076C,0,-6.5380616,0.14263518154621124,0.8693181872367859,0.522537887096405
YDL024C,YIL114C,0,-6.53821,0.14259086549282074,0.8693181872367859,0.5227272510528564
YPL202C,YNL023C,0,-6.5382185,0.14254657924175262,0.8693181872367859,0.5229166746139526
YCL003W,YDR545W,0,-6.538932,0.1425023227930069,0.8693181872367859,0.523106038570404
YDR515W,YJR026W,0,-6.539042,0.14245809614658356,0.8693181872367859,0.5232954621315002
YLL061W,YJR052W,0,-6.5404315,0.1424138993024826,0.8693181872367859,0.5234848260879517
YHR086W,YPL274W,0,-6.540699,0.14236973226070404,0.8693181872367859,0.5236742496490479
YCR086W,YBL079W,1,-6.5408764,0.14263565838336945,0.8712121248245239,0.5236742496490479
YGL011C,YOR076C,0,-6.5411577,0.1425914466381073,0.8712121248245239,0.5238636136054993
YLR028C,YJL072C,0,-6.542492,0.14254726469516754,0.8712121248245239,0.5240530371665955
YBR177C,YBL093C,0,-6.542978,0.14250309765338898,0.8712121248245239,0.5242424011230469
YGR257C,YIL007C,0,-6.543932,0.1424589604139328,0.8712121248245239,0.5244318246841431
YJR125C,YER019C-A,0,-6.5458045,0.1424148678779602,0.8712121248245239,0.5246211886405945
YGL047W,YCR026C,0,-6.546546,0.1423707902431488,0.8712121248245239,0.5248106122016907
YGL094C,YOL080C,0,-6.5467634,0.1423267275094986,0.8712121248245239,0.5249999761581421
YDR099W,YNL339C,0,-6.547286,0.14228270947933197,0.8712121248245239,0.5251893997192383
YDR216W,YHR039C,0,-6.548996,0.14223870635032654,0.8712121248245239,0.5253787636756897
YML055W,YHR060W,0,-6.5500593,0.1421947479248047,0.8712121248245239,0.5255681872367859
YIL062C,YDL100C,0,-6.550431,0.14215080440044403,0.8712121248245239,0.5257575511932373
YGL071W,YGL035C,0,-6.550611,0.14210689067840576,0.8712121248245239,0.5259469747543335
YIL026C,YOL094C,1,-6.5512486,0.14237183332443237,0.873106062412262,0.5259469747543335
YGL226C-A,YOL109W,0,-6.551263,0.14232787489891052,0.873106062412262,0.5261363387107849
YOL080C,YCL075W,0,-6.552147,0.14228394627571106,0.873106062412262,0.5263257622718811
YNL246W,YPR158C-D,0,-6.5523424,0.14224004745483398,0.873106062412262,0.5265151262283325
YPR037C,YER013W,0,-6.5534935,0.1421961784362793,0.873106062412262,0.5267045497894287
YIL002C,YGR249W,0,-6.5539646,0.1421523243188858,0.873106062412262,0.5268939137458801
YPR006C,YBL033C,0,-6.5543833,0.1421085149049759,0.873106062412262,0.5270833373069763
YOL059W,YJR028W,0,-6.5545464,0.14206472039222717,0.873106062412262,0.5272727012634277
YOR112W,YJL102W,0,-6.554881,0.14202095568180084,0.873106062412262,0.5274621248245239
YDR178W,YHR214C-C,0,-6.5549946,0.1419772058725357,0.873106062412262,0.5276514887809753
YBL079W,YPR007C,1,-6.5559325,0.14224137365818024,0.875,0.5276514887809753
YIR017C,YOR008C-A,0,-6.555955,0.1421975940465927,0.875,0.5278409123420715
YKL126W,YNR039C,0,-6.5559783,0.14215384423732758,0.875,0.528030276298523
YFL004W,YMR045C,0,-6.555997,0.14211012423038483,0.875,0.5282196998596191
YKL154W,YML131W,0,-6.5563617,0.14206641912460327,0.875,0.5284090638160706
YML023C,YLR262C,0,-6.557329,0.1420227438211441,0.875,0.5285984873771667
YNR010W,YJR068W,1,-6.557398,0.14228641986846924,0.876893937587738,0.5285984873771667
YNL073W,YNL201C,0,-6.5576234,0.1422426998615265,0.876893937587738,0.5287878513336182
YFL025C,YBR117C,0,-6.558424,0.14219902455806732,0.876893937587738,0.5289772748947144
YOR316C,YBL100W-B,0,-6.558757,0.14215536415576935,0.876893937587738,0.5291666388511658
YJL106W,YDR178W,0,-6.559001,0.14211171865463257,0.876893937587738,0.529356062412262
YAR019C,YDR086C,0,-6.5594697,0.14206811785697937,0.876893937587738,0.5295454263687134
YNL163C,YOR089C,0,-6.560652,0.14202454686164856,0.876893937587738,0.5297348499298096
YDR129C,YJR028W,0,-6.5606627,0.14198099076747894,0.876893937587738,0.529924213886261
YNR027W,YDL188C,0,-6.561017,0.1419374644756317,0.876893937587738,0.5301136374473572
YJL014W,YLR034C,0,-6.561821,0.14189396798610687,0.876893937587738,0.5303030014038086
YBR185C,YOR150W,0,-6.5619593,0.14185048639774323,0.876893937587738,0.5304924249649048
YDR473C,YCR084C,0,-6.5632267,0.14180704951286316,0.876893937587738,0.5306817889213562
YDR254W,YOL006C,1,-6.563726,0.14206981658935547,0.8787878751754761,0.5306817889213562
YNL004W,YNL177C,0,-6.566601,0.14202632009983063,0.8787878751754761,0.5308712124824524
YPL204W,YIL026C,1,-6.567403,0.14228886365890503,0.8806818127632141,0.5308712124824524
YMR162C,YER082C,0,-6.569026,0.1422453373670578,0.8806818127632141,0.5310605764389038
YAL010C,YIL008W,0,-6.5702496,0.14220184087753296,0.8806818127632141,0.53125
YMR211W,YOL010W,0,-6.5708485,0.1421583592891693,0.8806818127632141,0.5314394235610962
YKL004W,YLL016W,0,-6.570998,0.14211490750312805,0.8806818127632141,0.5316287875175476
YLR262C,YFL002W-A,0,-6.571112,0.14207150042057037,0.8806818127632141,0.5318182110786438
YOR112W,YGL253W,0,-6.571512,0.1420280933380127,0.8806818127632141,0.5320075750350952
YML055W,YDR312W,0,-6.571677,0.1419847309589386,0.8806818127632141,0.5321969985961914
YDR016C,YOR008C-A,0,-6.5719357,0.1419413983821869,0.8806818127632141,0.5323863625526428
YCR014C,YER031C,0,-6.572096,0.14189808070659637,0.8806818127632141,0.532575786113739
YPL190C,YDR198C,0,-6.572442,0.14185479283332825,0.8806818127632141,0.5327651500701904
YPL137C,YML085C,1,-6.5729175,0.1421165019273758,0.8825757503509521,0.5327651500701904
YBL079W,YOL094C,1,-6.574255,0.1423780471086502,0.8844696879386902,0.5327651500701904
YGL174W,YPR041W,0,-6.5742846,0.14233465492725372,0.8844696879386902,0.5329545736312866
YGL030W,YLL016W,0,-6.5748663,0.14229129254817963,0.8844696879386902,0.533143937587738
YHR001W,YHR099W,0,-6.574937,0.14224794507026672,0.8844696879386902,0.5333333611488342
YOL123W,YGR186W,0,-6.576086,0.1422046273946762,0.8844696879386902,0.5335227251052856
YOR034C,YHR070W,0,-6.5773463,0.14216133952140808,0.8844696879386902,0.5337121486663818
YDL031W,YGL011C,0,-6.5783176,0.14211808145046234,0.8844696879386902,0.5339015126228333
YNL232W,YOR140W,0,-6.5790277,0.1420748382806778,0.8844696879386902,0.5340909361839294
YMR042W,YMR047C,0,-6.580228,0.14203162491321564,0.8844696879386902,0.5342803001403809
YPR067W,YOR305W,0,-6.580297,0.14198844134807587,0.8844696879386902,0.534469723701477
YEL053C,YDR116C,0,-6.5818133,0.14194528758525848,0.8844696879386902,0.5346590876579285
YGR082W,YPR158C-D,0,-6.5818663,0.1419021636247635,0.8844696879386902,0.5348485112190247
YDR256C,YLR362W,0,-6.5819197,0.1418590545654297,0.8844696879386902,0.5350378751754761
YGL212W,YGL104C,0,-6.5826826,0.14181597530841827,0.8844696879386902,0.5352272987365723
YBR177C,YOR137C,0,-6.5843735,0.14177292585372925,0.8844696879386902,0.5354166626930237
YNL173C,YPR168W,0,-6.5846767,0.14172989130020142,0.8844696879386902,0.5356060862541199
YFR033C,YFL002W-A,0,-6.5850205,0.14168688654899597,0.8844696879386902,0.5357954502105713
YPL244C,YOR089C,0,-6.5869074,0.14164391160011292,0.8844696879386902,0.5359848737716675
YNL149C,YGR009C,0,-6.5872316,0.14160096645355225,0.8844696879386902,0.5361742377281189
YNL001W,YJL204C,0,-6.587321,0.14155805110931396,0.8844696879386902,0.5363636612892151
YPL234C,YOR008C-A,0,-6.5873547,0.14151515066623688,0.8844696879386902,0.5365530252456665
YNL135C,YGL178W,0,-6.587763,0.14147228002548218,0.8844696879386902,0.5367424488067627
YBL099W,YNL012W,0,-6.5900536,0.14142943918704987,0.8844696879386902,0.5369318127632141
YDR481C,YOL129W,0,-6.5915174,0.14138661324977875,0.8844696879386902,0.5371212363243103
YGL212W,YJR026W,0,-6.591714,0.1413438320159912,0.8844696879386902,0.5373106002807617
YLL060C,YGL201C,0,-6.592148,0.14130106568336487,0.8844696879386902,0.5375000238418579
YMR035W,YIR017C,0,-6.592844,0.14125831425189972,0.8844696879386902,0.5376893877983093
YER025W,YNL207W,0,-6.593105,0.14121560752391815,0.8844696879386902,0.5378788113594055
YGR180C,YDR515W,0,-6.59342,0.14117291569709778,0.8844696879386902,0.5380681753158569
YKL160W,YBR273C,0,-6.593802,0.1411302536725998,0.8844696879386902,0.5382575988769531
YMR004W,YHR214C-C,0,-6.5947914,0.141087606549263,0.8844696879386902,0.5384469628334045
YOR195W,YOR327C,0,-6.5954485,0.1410450041294098,0.8844696879386902,0.5386363863945007
YPR179C,YJR026W,0,-6.5959573,0.14100241661071777,0.8844696879386902,0.5388257503509521
YJL018W,YPR007C,1,-6.5969443,0.14126169681549072,0.8863636255264282,0.5388257503509521
YKL016C,YDR306C,0,-6.59717,0.14121906459331512,0.8863636255264282,0.5390151739120483
YNL023C,YOR372C,0,-6.5977745,0.1411764770746231,0.8863636255264282,0.5392045378684998
YHR055C,YHR214C-C,0,-6.598591,0.1411338895559311,0.8863636255264282,0.539393961429596
YDL188C,YBR165W,0,-6.599656,0.14109134674072266,0.8863636255264282,0.5395833253860474
YKL135C,YJL102W,0,-6.6005135,0.14104881882667542,0.8863636255264282,0.5397727489471436
YIL101C,YHR214C-C,0,-6.6014843,0.14100632071495056,0.8863636255264282,0.539962112903595
YGR244C,YDL159W,0,-6.60438,0.1409638524055481,0.8863636255264282,0.5401515364646912
YNL135C,YHR012W,0,-6.6047773,0.14092141389846802,0.8863636255264282,0.5403409004211426
YLR080W,YMR234W,0,-6.6050406,0.14087899029254913,0.8863636255264282,0.5405303239822388
YHR060W,YOL028C,0,-6.605613,0.14083659648895264,0.8863636255264282,0.5407196879386902
YDR101C,YGR195W,0,-6.605813,0.14079421758651733,0.8863636255264282,0.5409091114997864
YIL095W,YDR529C,0,-6.606586,0.1407518833875656,0.8863636255264282,0.5410984754562378
YDR182W,YOL135C,0,-6.6067967,0.14070956408977509,0.8863636255264282,0.541287899017334
YDR529C,YDR292C,0,-6.6078377,0.14066727459430695,0.8863636255264282,0.5414772629737854
YBR247C,YDR369C,0,-6.607878,0.140625,0.8863636255264282,0.5416666865348816
YNL159C,YLR155C,0,-6.6114717,0.14058275520801544,0.8863636255264282,0.541856050491333
YOR381W,YKL043W,0,-6.6128325,0.14054054021835327,0.8863636255264282,0.5420454740524292
YOL094C,YJL080C,1,-6.6130533,0.14079855382442474,0.8882575631141663,0.5420454740524292
YKL160W,YPR133C,0,-6.613468,0.14075630903244019,0.8882575631141663,0.5422348380088806
YNL246W,YOL109W,0,-6.6136694,0.14071406424045563,0.8882575631141663,0.5424242615699768
YDR246W,YOR008C-A,0,-6.614872,0.14067186415195465,0.8882575631141663,0.5426136255264282
YKL160W,YPL262W,0,-6.616706,0.14062967896461487,0.8882575631141663,0.5428030490875244
YFR033C,YML028W,0,-6.6183405,0.14058752357959747,0.8882575631141663,0.5429924130439758
YDR503C,YNL247W,0,-6.618581,0.14054539799690247,0.8882575631141663,0.543181836605072
YGL178W,YLL016W,0,-6.6199694,0.14050330221652985,0.8882575631141663,0.5433712005615234
YPL235W,YEL004W,0,-6.620103,0.14046122133731842,0.8882575631141663,0.5435606241226196
YNL173C,YGR251W,0,-6.621073,0.1404191553592682,0.8882575631141663,0.543749988079071
YER154W,YDL235C,0,-6.6216717,0.14037713408470154,0.8882575631141663,0.5439394116401672
YHR042W,YFL058W,0,-6.621785,0.14033512771129608,0.8882575631141663,0.5441287755966187
YGL226C-A,YDL230W,0,-6.6218586,0.140293151140213,0.8882575631141663,0.5443181991577148
YLR303W,YPL274W,0,-6.622247,0.14025118947029114,0.8882575631141663,0.5445075631141663
YOL033W,YBR037C,0,-6.623575,0.14020927250385284,0.8882575631141663,0.5446969866752625
YJR150C,YJL124C,0,-6.623619,0.14016737043857574,0.8882575631141663,0.5448863506317139
YOR371C,YCR020C-A,0,-6.623845,0.14012548327445984,0.8882575631141663,0.5450757741928101
YGL191W,YLR248W,0,-6.6242228,0.14008362591266632,0.8882575631141663,0.5452651381492615
YNL286W,YPL174C,0,-6.6250668,0.1400417983531952,0.8882575631141663,0.5454545617103577
YBL097W,YJL080C,1,-6.625436,0.1402985006570816,0.8901515007019043,0.5454545617103577
YDR116C,YKL057C,0,-6.6276717,0.14025664329528809,0.8901515007019043,0.5456439256668091
YPL214C,YPL060C-A,0,-6.628682,0.14021480083465576,0.8901515007019043,0.5458333492279053
YDR077W,YOR305W,0,-6.628703,0.14017297327518463,0.8901515007019043,0.5460227131843567
YCR020W-B,YFL002W-A,0,-6.6309905,0.14013119041919708,0.8901515007019043,0.5462121367454529
YAL058W,YOL123W,0,-6.6312566,0.14008942246437073,0.8901515007019043,0.5464015007019043
YJR125C,YBR272C,0,-6.631384,0.14004766941070557,0.8901515007019043,0.5465909242630005
YNL247W,YPR158C-D,0,-6.6321473,0.140005961060524,0.8901515007019043,0.5467802882194519
YLR262C,YCL075W,0,-6.632292,0.1399642676115036,0.8901515007019043,0.5469697117805481
YPR183W,YDL188C,0,-6.63243,0.1399225890636444,0.8901515007019043,0.5471590757369995
YLR129W,YML104C,0,-6.6328316,0.1398809552192688,0.8901515007019043,0.5473484992980957
YJL157C,YGR129W,0,-6.633963,0.13983933627605438,0.8901515007019043,0.5475378632545471
YGR253C,YOR083W,0,-6.6344767,0.13979773223400116,0.8901515007019043,0.5477272868156433
YCR086W,YPL137C,1,-6.634725,0.14005352556705475,0.8920454382896423,0.5477272868156433
YLL011W,YLR262C,0,-6.6348124,0.14001189172267914,0.8920454382896423,0.5479166507720947
YDR182W,YER028C,0,-6.634923,0.13997028768062592,0.8920454382896423,0.5481060743331909
YLR052W,YLR262C,0,-6.6349363,0.1399286985397339,0.8920454382896423,0.5482954382896423
YGR225W,YOL011W,0,-6.6351657,0.13988713920116425,0.8920454382896423,0.5484848618507385
YJR001W,YLR429W,0,-6.638112,0.139845609664917,0.8920454382896423,0.5486742258071899
YNR027W,YGL209W,0,-6.638495,0.13980409502983093,0.8920454382896423,0.5488636493682861
YHR152W,YLR447C,0,-6.6390004,0.13976261019706726,0.8920454382896423,0.5490530133247375
YKL139W,YJR103W,0,-6.6390514,0.13972115516662598,0.8920454382896423,0.5492424368858337
YBR023C,YOR332W,0,-6.639781,0.1396797150373459,0.8920454382896423,0.5494318008422852
YBR055C,YDR470C,0,-6.639864,0.13963830471038818,0.8920454382896423,0.5496212244033813
YJR013W,YNL257C,0,-6.640952,0.13959692418575287,0.8920454382896423,0.5498105883598328
YBR159W,YML095C,0,-6.641211,0.13955555856227875,0.8920454382896423,0.550000011920929
YLR080W,YMR208W,0,-6.641285,0.13951422274112701,0.8920454382896423,0.5501893758773804
YOR224C,YDR393W,0,-6.6418257,0.13947290182113647,0.8920454382896423,0.5503787994384766
YOR061W,YDR071C,0,-6.64248,0.13943161070346832,0.8920454382896423,0.550568163394928
YDR384C,YJR026W,0,-6.643772,0.13939034938812256,0.8920454382896423,0.5507575869560242
YGL174W,YER123W,0,-6.6437893,0.13934911787509918,0.8920454382896423,0.5509469509124756
YJL013C,YER173W,0,-6.64559,0.139307901263237,0.8920454382896423,0.5511363744735718
YBR243C,YNL221C,0,-6.645948,0.139266699552536,0.8920454382896423,0.5513257384300232
YIL114C,YGR161W-A,0,-6.6465178,0.1392255425453186,0.8920454382896423,0.5515151619911194
YLR391W,YER052C,0,-6.646743,0.1391844004392624,0.8920454382896423,0.5517045259475708
YGR244C,YER021W,0,-6.6468363,0.13914327323436737,0.8920454382896423,0.551893949508667
YDR503C,YLR337W,0,-6.6475334,0.13910219073295593,0.8920454382896423,0.5520833134651184
YDR205W,YGR008C,0,-6.6475754,0.1390611231327057,0.8920454382896423,0.5522727370262146
YDL198C,YNL253W,0,-6.6477766,0.13902007043361664,0.8920454382896423,0.552462100982666
YGL205W,YAR010C,0,-6.64779,0.13897904753684998,0.8920454382896423,0.5526515245437622
YBL084C,YNR010W,1,-6.6481733,0.1392330378293991,0.8939393758773804,0.5526515245437622
YNL202W,YCL008C,0,-6.648303,0.13919198513031006,0.8939393758773804,0.5528408885002136
YCL025C,YGR003W,0,-6.6505003,0.1391509473323822,0.8939393758773804,0.5530303120613098
YLR242C,YNR053C,0,-6.651305,0.13910993933677673,0.8939393758773804,0.5532196760177612
YGL094C,YDR057W,0,-6.652193,0.13906894624233246,0.8939393758773804,0.5534090995788574
YEL009C,YML127W,0,-6.652385,0.13902798295021057,0.8939393758773804,0.5535984635353088
YGR099W,YBL100W-B,0,-6.652932,0.13898704946041107,0.8939393758773804,0.553787887096405
YEL009C,YPL096W,0,-6.6529512,0.13894613087177277,0.8939393758773804,0.5539772510528564
YDL164C,YGR251W,0,-6.653487,0.13890524208545685,0.8939393758773804,0.5541666746139526
YOR178C,YPL060C-A,0,-6.654294,0.13886436820030212,0.8939393758773804,0.554356038570404
YLR459W,YFL002W-A,0,-6.655675,0.1388235241174698,0.8939393758773804,0.5545454621315002
YOR109W,YNL292W,0,-6.658161,0.13878270983695984,0.8939393758773804,0.5547348260879517
YKL134C,YDR545W,0,-6.658429,0.13874191045761108,0.8939393758773804,0.5549242496490479
YPL098C,YHR214C-C,0,-6.6590843,0.13870114088058472,0.8939393758773804,0.5551136136054993
YPR094W,YKR056W,0,-6.6598,0.13866040110588074,0.8939393758773804,0.5553030371665955
YLR248W,YMR313C,0,-6.6599016,0.13861967623233795,0.8939393758773804,0.5554924011230469
YOR027W,YPL060C-A,0,-6.660141,0.13857898116111755,0.8939393758773804,0.5556818246841431
YPR155C,YPR158W-B,0,-6.661097,0.13853830099105835,0.8939393758773804,0.5558711886405945
YOR046C,YGR186W,0,-6.661388,0.13849765062332153,0.8939393758773804,0.5560606122016907
YLR303W,YIL056W,0,-6.662904,0.1384570300579071,0.8939393758773804,0.5562499761581421
YBR162C,YPR158C-D,0,-6.6637626,0.13841642439365387,0.8939393758773804,0.5564393997192383
YLR284C,YFL005W,0,-6.664544,0.13837584853172302,0.8939393758773804,0.5566287636756897
YPL146C,YMR314W,0,-6.6661887,0.13833528757095337,0.8939393758773804,0.5568181872367859
YIR009W,YER082C,0,-6.6683254,0.1382947564125061,0.8939393758773804,0.5570075511932373
YGR013W,YKL196C,0,-6.668507,0.13825424015522003,0.8939393758773804,0.5571969747543335
YPR144C,YGL226C-A,0,-6.6702137,0.13821376860141754,0.8939393758773804,0.5573863387107849
YOR371C,YHR086W,0,-6.671193,0.13817329704761505,0.8939393758773804,0.5575757622718811
YGR188C,YDL181W,0,-6.671815,0.13813287019729614,0.8939393758773804,0.5577651262283325
YNL232W,YER173W,0,-6.672278,0.13809245824813843,0.8939393758773804,0.5579545497894287
YBL008W,YPR158W-B,0,-6.672393,0.1380520612001419,0.8939393758773804,0.5581439137458801
YDR284C,YEL056W,0,-6.672636,0.13801169395446777,0.8939393758773804,0.5583333373069763
YFL025C,YJR059W,0,-6.6731014,0.13797135651111603,0.8939393758773804,0.5585227012634277
YJL071W,YGR211W,0,-6.6735706,0.13793103396892548,0.8939393758773804,0.5587121248245239
YBL084C,YJR135C,1,-6.674613,0.1381828784942627,0.8958333134651184,0.5587121248245239
YER167W,YGR251W,0,-6.674989,0.13814252614974976,0.8958333134651184,0.5589014887809753
YMR285C,YBL080C,0,-6.676567,0.138102188706398,0.8958333134651184,0.5590909123420715
YML095C,YCR084C,0,-6.6791015,0.13806188106536865,0.8958333134651184,0.559280276298523
YGL089C,YCL075W,0,-6.6792793,0.1380215883255005,0.8958333134651184,0.5594696998596191
YGL209W,YBR083W,0,-6.6796837,0.1379813253879547,0.8958333134651184,0.5596590638160706
YBR243C,YPR036W,0,-6.6797457,0.13794109225273132,0.8958333134651184,0.5598484873771667
YIL062C,YBR024W,0,-6.679869,0.13790087401866913,0.8958333134651184,0.5600378513336182
YER142C,YPL234C,0,-6.680913,0.13786068558692932,0.8958333134651184,0.5602272748947144
YPR201W,YJL014W,0,-6.68209,0.1378205120563507,0.8958333134651184,0.5604166388511658
YNL232W,YGL183C,0,-6.682702,0.13778036832809448,0.8958333134651184,0.560606062412262
YKR027W,YFL002W-A,0,-6.683214,0.13774023950099945,0.8958333134651184,0.5607954263687134
YNR058W,YGL094C,0,-6.68589,0.1377001404762268,0.8958333134651184,0.5609848499298096
YLR078C,YGL181W,0,-6.6860895,0.13766007125377655,0.8958333134651184,0.561174213886261
YJL196C,YDR135C,0,-6.6875353,0.1376200169324875,0.8958333134651184,0.5613636374473572
YCR071C,YLR354C,0,-6.687601,0.1375799924135208,0.8958333134651184,0.5615530014038086
YDR036C,YDR194C,0,-6.688846,0.13753998279571533,0.8958333134651184,0.5617424249649048
YOR112W,YPR158W-B,0,-6.6892276,0.13750000298023224,0.8958333134651184,0.5619317889213562
YER165W,YNR048W,0,-6.6910944,0.13746003806591034,0.8958333134651184,0.5621212124824524
YKL139W,YKL212W,0,-6.691369,0.13742010295391083,0.8958333134651184,0.5623105764389038
YLR196W,YAR008W,0,-6.69155,0.1373801976442337,0.8958333134651184,0.5625
YPL126W,YOR328W,0,-6.6931,0.13734030723571777,0.8958333134651184,0.5626894235610962
YMR022W,YPR182W,0,-6.693218,0.13730043172836304,0.8958333134651184,0.5628787875175476
YHR001W,YNL292W,0,-6.693355,0.1372605860233307,0.8958333134651184,0.5630682110786438
YPL137C,YDR325W,1,-6.6939654,0.13751088082790375,0.8977272510528564,0.5630682110786438
YGR261C,YPR158W-B,0,-6.6942997,0.13747099041938782,0.8977272510528564,0.5632575750350952
YEL061C,YNR010W,1,-6.694847,0.13772107660770416,0.8996211886405945,0.5632575750350952
YIL065C,YMR247C,0,-6.6952734,0.13768115639686584,0.8996211886405945,0.5634469985961914
YPL137C,YML034W,1,-6.696492,0.13793103396892548,0.9015151262283325,0.5634469985961914
YPL097W,YBR296C,0,-6.6967964,0.13789108395576477,0.9015151262283325,0.5636363625526428
YPR083W,YMR134W,0,-6.6973753,0.13785114884376526,0.9015151262283325,0.563825786113739
YIR037W,YMR234W,0,-6.6980333,0.13781122863292694,0.9015151262283325,0.5640151500701904
YPL204W,YLR272C,1,-6.6992903,0.1380607783794403,0.9034090638160706,0.5640151500701904
YOL130W,YDR393W,0,-6.7004886,0.1380208283662796,0.9034090638160706,0.5642045736312866
YER021W,YNL054W,0,-6.7008386,0.13798090815544128,0.9034090638160706,0.564393937587738
YJR150C,YGR103W,0,-6.701337,0.13794100284576416,0.9034090638160706,0.5645833611488342
YBL080C,YML045W,0,-6.702796,0.13790112733840942,0.9034090638160706,0.5647727251052856
YNL292W,YGR212W,0,-6.7030945,0.13786126673221588,0.9034090638160706,0.5649621486663818
YAL055W,YML131W,0,-6.7040997,0.13782143592834473,0.9034090638160706,0.5651515126228333
YML023C,YPR158C-D,0,-6.7046638,0.13778163492679596,0.9034090638160706,0.5653409361839294
YGL183C,YHR214C-C,0,-6.7050953,0.1377418488264084,0.9034090638160706,0.5655303001403809
YEL015W,YNL129W,0,-6.705649,0.137702077627182,0.9034090638160706,0.565719723701477
YNR035C,YFR052W,0,-6.7060184,0.13766233623027802,0.9034090638160706,0.5659090876579285
YCL055W,YPR158W-B,0,-6.7061157,0.1376226246356964,0.9034090638160706,0.5660985112190247
YKR059W,YAR010C,0,-6.706952,0.137582927942276,0.9034090638160706,0.5662878751754761
YKR066C,YLL060C,0,-6.7075977,0.13754324615001678,0.9034090638160706,0.5664772987365723
YKR003W,YNR048W,0,-6.7076516,0.13750360906124115,0.9034090638160706,0.5666666626930237
YKL049C,YML085C,1,-6.7089567,0.13775216042995453,0.9053030014038086,0.5666666626930237
YEL004W,YGL039W,0,-6.709079,0.1377124786376953,0.9053030014038086,0.5668560862541199
YOR224C,YDR082W,0,-6.7121444,0.1376728117465973,0.9053030014038086,0.5670454502105713
YBR159W,YDR481C,0,-6.7125006,0.13763317465782166,0.9053030014038086,0.5672348737716675
YFR019W,YGL181W,0,-6.7126555,0.13759355247020721,0.9053030014038086,0.5674242377281189
YLR284C,YOR140W,0,-6.7127914,0.13755396008491516,0.9053030014038086,0.5676136612892151
YPL098C,YPR158C-D,0,-6.713138,0.1375143826007843,0.9053030014038086,0.5678030252456665
YNR053C,YDR365W-A,0,-6.713412,0.13747483491897583,0.9053030014038086,0.5679924488067627
YLR361C,YHR042W,0,-6.714494,0.13743530213832855,0.9053030014038086,0.5681818127632141
YPL274W,YMR140W,0,-6.7145658,0.13739579916000366,0.9053030014038086,0.5683712363243103
YOL080C,YOR216C,0,-6.7151413,0.13735632598400116,0.9053030014038086,0.5685606002807617
YGR261C,YML057W,0,-6.715513,0.13731686770915985,0.9053030014038086,0.5687500238418579
YGR253C,YBR231C,0,-6.716107,0.13727742433547974,0.9053030014038086,0.5689393877983093
YBL084C,YPL137C,1,-6.7165737,0.13752512633800507,0.9071969985961914,0.5689393877983093
YNL055C,YJR052W,0,-6.7188206,0.13748565316200256,0.9071969985961914,0.5691288113594055
YJL006C,YHR214C-C,0,-6.7193203,0.13744619488716125,0.9071969985961914,0.5693181753158569
YML098W,YDR365W-A,0,-6.7193613,0.13740676641464233,0.9071969985961914,0.5695075988769531
YPR183W,YBR117C,0,-6.720387,0.1373673677444458,0.9071969985961914,0.5696969628334045
YLR242C,YLR060W,0,-6.720434,0.13732798397541046,0.9071969985961914,0.5698863863945007
YHL003C,YPR167C,0,-6.7206826,0.13728861510753632,0.9071969985961914,0.5700757503509521
YIL002C,YKL075C,0,-6.7209787,0.13724929094314575,0.9071969985961914,0.5702651739120483
YMR095C,YDR365W-A,0,-6.7214723,0.1372099667787552,0.9071969985961914,0.5704545378684998
YOR120W,YGR238C,0,-6.7215595,0.137170672416687,0.9071969985961914,0.570643961429596
YDR513W,YOL028C,0,-6.721677,0.13713140785694122,0.9071969985961914,0.5708333253860474
YKL099C,YDL118W,0,-6.722151,0.13709215819835663,0.9071969985961914,0.5710227489471436
YJL210W,YKL188C,0,-6.7244153,0.13705293834209442,0.9071969985961914,0.571212112903595
YDR388W,YNR048W,0,-6.724796,0.1370137333869934,0.9071969985961914,0.5714015364646912
YLR206W,YLR026C,0,-6.7247996,0.1369745433330536,0.9071969985961914,0.5715909004211426
YPL262W,YBR035C,0,-6.7251453,0.13693539798259735,0.9071969985961914,0.5717803239822388
YJL042W,YGR161W-A,0,-6.7252336,0.1368962526321411,0.9071969985961914,0.5719696879386902
YCL044C,YML095C,0,-6.725308,0.13685713708400726,0.9071969985961914,0.5721591114997864
YKL149C,YGL178W,0,-6.7253957,0.1368180513381958,0.9071969985961914,0.5723484754562378
YNL118C,YER028C,0,-6.7255716,0.13677898049354553,0.9071969985961914,0.572537899017334
YKL049C,YPL137C,1,-6.7255945,0.1370254009962082,0.9090909361839294,0.572537899017334
YGL071W,YDL227C,0,-6.7257857,0.13698630034923553,0.9090909361839294,0.5727272629737854
YJL115W,YOR332W,0,-6.7259865,0.13694721460342407,0.9090909361839294,0.5729166865348816
YNL221C,YDR311W,0,-6.72801,0.136908158659935,0.9090909361839294,0.573106050491333
YFL024C,YDL100C,0,-6.7280855,0.13686911761760712,0.9090909361839294,0.5732954740524292
YOR316C,YNL246W,0,-6.728225,0.13683010637760162,0.9090909361839294,0.5734848380088806
YJL204C,YNL247W,0,-6.728722,0.13679111003875732,0.9090909361839294,0.5736742615699768
YML055W,YFL002W-A,0,-6.728879,0.1367521435022354,0.9090909361839294,0.5738636255264282
YOL158C,YFR037C,0,-6.7297325,0.1367131918668747,0.9090909361839294,0.5740530490875244
YDR054C,YPL055C,0,-6.7298765,0.13667425513267517,0.9090909361839294,0.5742424130439758
YDR182W,YIL082W-A,0,-6.7299433,0.13663534820079803,0.9090909361839294,0.574431836605072
YGL253W,YPL060C-A,0,-6.7317595,0.1365964710712433,0.9090909361839294,0.5746212005615234
YDR077W,YLR045C,0,-6.733353,0.13655760884284973,0.9090909361839294,0.5748106241226196
YNR030W,YHR214C-C,0,-6.7348347,0.13651877641677856,0.9090909361839294,0.574999988079071
YOR079C,YPR158W-B,0,-6.7373414,0.1364799588918686,0.9090909361839294,0.5751894116401672
YPR185W,YOL045W,0,-6.7375727,0.1364411562681198,0.9090909361839294,0.5753787755966187
YDL198C,YER019W,0,-6.7376823,0.13640238344669342,0.9090909361839294,0.5755681991577148
YKL170W,YOR119C,0,-6.737851,0.13636364042758942,0.9090909361839294,0.5757575631141663
YIL115C,YHR026W,0,-6.7379503,0.1363249123096466,0.9090909361839294,0.5759469866752625
YLL061W,YLR034C,0,-6.7383366,0.136286199092865,0.9090909361839294,0.5761363506317139
YAL015C,YPR158W-B,0,-6.7386217,0.13624751567840576,0.9090909361839294,0.5763257741928101
YNL177C,YHR214C-C,0,-6.738897,0.13620884716510773,0.9090909361839294,0.5765151381492615
YDR216W,YPL153C,0,-6.739341,0.13617020845413208,0.9090909361839294,0.5767045617103577
YOL127W,YDR365W-A,0,-6.739416,0.13613159954547882,0.9090909361839294,0.5768939256668091
YCR033W,YNL253W,0,-6.7404566,0.13609299063682556,0.9090909361839294,0.5770833492279053
YKR022C,YGR161W-A,0,-6.7409563,0.13605442643165588,0.9090909361839294,0.5772727131843567
YCL040W,YOL033W,0,-6.741109,0.1360158622264862,0.9090909361839294,0.5774621367454529
YGL047W,YMR136W,0,-6.7421293,0.1359773427248001,0.9090909361839294,0.5776515007019043
YOR244W,YPR158C-D,0,-6.742482,0.135938823223114,0.9090909361839294,0.5778409242630005
YGR238C,YOR270C,0,-6.7425528,0.1359003335237503,0.9090909361839294,0.5780302882194519
YBR185C,YLR425W,0,-6.7430124,0.13586187362670898,0.9090909361839294,0.5782197117805481
YPR005C,YOR103C,0,-6.743156,0.13582342863082886,0.9090909361839294,0.5784090757369995
YHR098C,YER005W,0,-6.7439957,0.13578501343727112,0.9090909361839294,0.5785984992980957
YJR105W,YGR225W,0,-6.744727,0.13574661314487457,0.9090909361839294,0.5787878632545471
YJL128C,YPR133C,0,-6.744872,0.13570822775363922,0.9090909361839294,0.5789772868156433
YOR254C,YLR026C,0,-6.7454386,0.13566987216472626,0.9090909361839294,0.5791666507720947
YKL084W,YMR298W,0,-6.7457447,0.1356315314769745,0.9090909361839294,0.5793560743331909
YNR001C,YPR036W-A,0,-6.746332,0.1355932205915451,0.9090909361839294,0.5795454382896423
YFL005W,YPR036W-A,0,-6.746332,0.13555492460727692,0.9090909361839294,0.5797348618507385
YAL055W,YPR036W-A,0,-6.746332,0.13551665842533112,0.9090909361839294,0.5799242258071899
YER001W,YPR036W-A,0,-6.746332,0.1354784071445465,0.9090909361839294,0.5801136493682861
YBR118W,YDR210W-D,0,-6.746332,0.1354401856660843,0.9090909361839294,0.5803030133247375
YDR317W,YBL101W-A,0,-6.746332,0.13540197908878326,0.9090909361839294,0.5804924368858337
YJL089W,YPR036W-A,0,-6.746332,0.13536378741264343,0.9090909361839294,0.5806818008422852
YPR037C,YBL101W-A,0,-6.746332,0.135325625538826,0.9090909361839294,0.5808712244033813
YER031C,YPR036W-A,0,-6.746332,0.13528747856616974,0.9090909361839294,0.5810605883598328
YGR129W,YDR210W-D,0,-6.746332,0.13524936139583588,0.9090909361839294,0.581250011920929
YDR317W,YDR210W-D,0,-6.746332,0.1352112740278244,0.9090909361839294,0.5814393758773804
YDR384C,YDR210W-D,0,-6.746332,0.13517318665981293,0.9090909361839294,0.5816287994384766
YIL017W,YBL101W-A,0,-6.746332,0.13513512909412384,0.9090909361839294,0.581818163394928
YNL261W,YBL101W-A,0,-6.746332,0.13509710133075714,0.9090909361839294,0.5820075869560242
YJR004C,YDR210W-D,0,-6.746332,0.13505908846855164,0.9090909361839294,0.5821969509124756
YBL008W,YBL101W-A,0,-6.746332,0.13502109050750732,0.9090909361839294,0.5823863744735718
YGR082W,YPR036W-A,0,-6.746332,0.1349831223487854,0.9090909361839294,0.5825757384300232
YDR317W,YPR036W-A,0,-6.746332,0.13494518399238586,0.9090909361839294,0.5827651619911194
YLR383W,YBL101W-A,0,-6.746332,0.13490724563598633,0.9090909361839294,0.5829545259475708
YPL096C-A,YDL118W,0,-6.746332,0.13486935198307037,0.9090909361839294,0.583143949508667
YER126C,YDR210W-D,0,-6.746332,0.13483145833015442,0.9090909361839294,0.5833333134651184
YML061C,YPR036W-A,0,-6.746332,0.13479359447956085,0.9090909361839294,0.5835227370262146
YML028W,YBL101W-A,0,-6.746332,0.13475576043128967,0.9090909361839294,0.583712100982666
YPL202C,YBL101W-A,0,-6.746332,0.1347179412841797,0.9090909361839294,0.5839015245437622
YDR384C,YPR158C-D,0,-6.746332,0.1346801370382309,0.9090909361839294,0.5840908885002136
YPR041W,YDR210W-D,0,-6.746332,0.1346423625946045,0.9090909361839294,0.5842803120613098
YGR007W,YBL101W-A,0,-6.746332,0.13460460305213928,0.9090909361839294,0.5844696760177612
YGL195W,YDR210W-D,0,-6.746332,0.13456685841083527,0.9090909361839294,0.5846590995788574
YGR118W,YPR036W-A,0,-6.746332,0.13452914357185364,0.9090909361839294,0.5848484635353088
YHL031C,YDR210W-D,0,-6.746332,0.1344914585351944,0.9090909361839294,0.585037887096405
YBL008W,YDR210W-D,0,-6.746332,0.13445378839969635,0.9090909361839294,0.5852272510528564
YPL097W,YJL204C,0,-6.7467546,0.1344161331653595,0.9090909361839294,0.5854166746139526
YGR253C,YJR026W,0,-6.7475863,0.13437849283218384,0.9090909361839294,0.585606038570404
YNL118C,YPR158W-B,0,-6.74781,0.13434089720249176,0.9090909361839294,0.5857954621315002
YPR191W,YDR470C,0,-6.748948,0.13430330157279968,0.9090909361839294,0.5859848260879517
YDR411C,YPR189W,0,-6.7502003,0.13426573574543,0.9090909361839294,0.5861742496490479
YBR247C,YDR306C,0,-6.750695,0.1342281848192215,0.9090909361839294,0.5863636136054993
YLR170C,YHR214C-C,0,-6.7511673,0.1341906636953354,0.9090909361839294,0.5865530371665955
YJR074W,YHR099W,0,-6.7521935,0.13415315747261047,0.9090909361839294,0.5867424011230469
YGR009C,YBL102W,0,-6.752738,0.13411568105220795,0.9090909361839294,0.5869318246841431
YAR019C,YOR081C,0,-6.7530856,0.1340782195329666,0.9090909361839294,0.5871211886405945
YJL072C,YPL060C-A,0,-6.7548685,0.13404077291488647,0.9090909361839294,0.5873106122016907
YGL045W,YPR189W,0,-6.7549543,0.13400335609912872,0.9090909361839294,0.5874999761581421
YMR140W,YPL011C,0,-6.755329,0.13396595418453217,0.9090909361839294,0.5876893997192383
YGL181W,YNL049C,0,-6.75612,0.1339285671710968,0.9090909361839294,0.5878787636756897
YER183C,YPL235W,0,-6.7568502,0.13389120995998383,0.9090909361839294,0.5880681872367859
YKR003W,YCL019W,0,-6.7569714,0.13385388255119324,0.9090909361839294,0.5882575511932373
YER167W,YGR078C,0,-6.757034,0.13381655514240265,0.9090909361839294,0.5884469747543335
YOR109W,YGL039W,0,-6.757746,0.13377925753593445,0.9090909361839294,0.5886363387107849
YPL178W,YFL004W,0,-6.758694,0.13374198973178864,0.9090909361839294,0.5888257622718811
YBR024W,YCR033W,0,-6.7588043,0.13370473682880402,0.9090909361839294,0.5890151262283325
YLR208W,YDR160W,0,-6.759526,0.1336674988269806,0.9090909361839294,0.5892045497894287
YDL024C,YPR190C,0,-6.760884,0.13363029062747955,0.9090909361839294,0.5893939137458801
YCR084C,YDR365W-A,0,-6.7625027,0.1335930973291397,0.9090909361839294,0.5895833373069763
YPR018W,YPL060C-A,0,-6.7633066,0.13355593383312225,0.9090909361839294,0.5897727012634277
YJL196C,YGR257C,0,-6.764637,0.1335187703371048,0.9090909361839294,0.5899621248245239
YFL002W-A,YPL060C-A,0,-6.764765,0.13348165154457092,0.9090909361839294,0.5901514887809753
YCR086W,YJL080C,1,-6.7665176,0.13372254371643066,0.9109848737716675,0.5901514887809753
YMR047C,YLR136C,0,-6.7674556,0.1336853802204132,0.9109848737716675,0.5903409123420715
YOL123W,YPR158W-B,0,-6.7685795,0.13364823162555695,0.9109848737716675,0.590530276298523
YDR264C,YKL084W,0,-6.7689915,0.13361111283302307,0.9109848737716675,0.5907196998596191
YMR301C,YGR042W,0,-6.7698393,0.1335740089416504,0.9109848737716675,0.5909090638160706
YLR418C,YOR109W,0,-6.7713814,0.1335369199514389,0.9109848737716675,0.5910984873771667
YFL024C,YHR165C,0,-6.773385,0.1334998607635498,0.9109848737716675,0.5912878513336182
YHR031C,YMR134W,0,-6.7740602,0.1334628164768219,0.9109848737716675,0.5914772748947144
YBR196C,YJR052W,0,-6.7740784,0.13342580199241638,0.9109848737716675,0.5916666388511658
YIL008W,YPR158W-B,0,-6.775522,0.13338880240917206,0.9109848737716675,0.591856062412262
YOL042W,YOR081C,0,-6.7757597,0.13335181772708893,0.9109848737716675,0.5920454263687134
YPR183W,YDR365W-A,0,-6.7762413,0.13331486284732819,0.9109848737716675,0.5922348499298096
YBL080C,YLL016W,0,-6.777008,0.13327792286872864,0.9109848737716675,0.592424213886261
YJR001W,YCL019W,0,-6.777352,0.13324099779129028,0.9109848737716675,0.5926136374473572
YBR288C,YGL011C,0,-6.7778816,0.13320410251617432,0.9109848737716675,0.5928030014038086
YJL025W,YKL075C,0,-6.778386,0.13316722214221954,0.9109848737716675,0.5929924249649048
YBR082C,YOL109W,0,-6.7796793,0.13313035666942596,0.9109848737716675,0.5931817889213562
YKR066C,YJL156C,0,-6.7800336,0.13309352099895477,0.9109848737716675,0.5933712124824524
YMR016C,YKL014C,0,-6.7802825,0.13305671513080597,0.9109848737716675,0.5935605764389038
YPL203W,YDR545W,0,-6.7807207,0.13301990926265717,0.9109848737716675,0.59375
YAL012W,YPR032W,0,-6.7856236,0.13298313319683075,0.9109848737716675,0.5939394235610962
YPL016W,YOL124C,0,-6.7866154,0.13294637203216553,0.9109848737716675,0.5941287875175476
YGL089C,YMR095C,0,-6.7884445,0.1329096406698227,0.9109848737716675,0.5943182110786438
YDR016C,YIR017C,0,-6.788521,0.13287292420864105,0.9109848737716675,0.5945075750350952
YBR131W,YLR043C,0,-6.7886095,0.1328362375497818,0.9109848737716675,0.5946969985961914
YPL097W,YIL056W,0,-6.7886515,0.13279955089092255,0.9109848737716675,0.5948863625526428
YDR384C,YMR134W,0,-6.788657,0.13276290893554688,0.9109848737716675,0.595075786113739
YDR460W,YDR365W-A,0,-6.7888803,0.1327262669801712,0.9109848737716675,0.5952651500701904
YKL179C,YFL013C,0,-6.7889376,0.13268965482711792,0.9109848737716675,0.5954545736312866
YNL059C,YDR481C,0,-6.789877,0.13265305757522583,0.9109848737716675,0.595643937587738
YHR014W,YOL006C,1,-6.790349,0.1328921914100647,0.9128788113594055,0.595643937587738
YPL012W,YJR028W,0,-6.791867,0.13285556435585022,0.9128788113594055,0.5958333611488342
YNL118C,YHR214C-C,0,-6.791959,0.13281895220279694,0.9128788113594055,0.5960227251052856
YLR129W,YCR027C,0,-6.792515,0.13278236985206604,0.9128788113594055,0.5962121486663818
YKL022C,YJL080C,1,-6.7931414,0.13302120566368103,0.9147727489471436,0.5962121486663818
YOR113W,YOR305W,0,-6.7959204,0.13298457860946655,0.9147727489471436,0.5964015126228333
YOR046C,YCR020W-B,0,-6.796076,0.13294798135757446,0.9147727489471436,0.5965909361839294
YAL015C,YOL080C,0,-6.798599,0.13291139900684357,0.9147727489471436,0.5967803001403809
YGR238C,YPR158W-B,0,-6.7991242,0.13287483155727386,0.9147727489471436,0.596969723701477
YEL053C,YHR099W,0,-6.7996507,0.13283827900886536,0.9147727489471436,0.5971590876579285
YGL104C,YDR365W-A,0,-6.800868,0.13280175626277924,0.9147727489471436,0.5973485112190247
YBR288C,YIL112W,0,-6.8011,0.1327652484178543,0.9147727489471436,0.5975378751754761
YLR060W,YOR332W,0,-6.80308,0.13272877037525177,0.9147727489471436,0.5977272987365723
YCR107W,YKL043W,0,-6.8032627,0.13269230723381042,0.9147727489471436,0.5979166626930237
YDR245W,YDR429C,0,-6.804414,0.13265585899353027,0.9147727489471436,0.5981060862541199
YLR206W,YPR094W,0,-6.80468,0.1326194405555725,0.9147727489471436,0.5982954502105713
YLR284C,YJL124C,0,-6.804739,0.13258303701877594,0.9147727489471436,0.5984848737716675
YPL061W,YGR078C,0,-6.8065953,0.13254664838314056,0.9147727489471436,0.5986742377281189
YNR030W,YGL084C,0,-6.8072996,0.13251028954982758,0.9147727489471436,0.5988636612892151
YDL044C,YNL202W,0,-6.8084517,0.13247394561767578,0.9147727489471436,0.5990530252456665
YCL024W,YGR161W-A,0,-6.8085995,0.13243761658668518,0.9147727489471436,0.5992424488067627
YMR280C,YER006W,0,-6.8086705,0.13240131735801697,0.9147727489471436,0.5994318127632141
YDR030C,YIL008W,0,-6.808935,0.13236503303050995,0.9147727489471436,0.5996212363243103
YBR243C,YPL059W,0,-6.8103495,0.13232876360416412,0.9147727489471436,0.5998106002807617
YCR020W-B,YGL178W,0,-6.8115544,0.13229252398014069,0.9147727489471436,0.6000000238418579
YKL179C,YJL208C,0,-6.812005,0.13225629925727844,0.9147727489471436,0.6001893877983093
YLL061W,YFL005W,0,-6.8127146,0.1322200894355774,0.9147727489471436,0.6003788113594055
YLR028C,YDR055W,0,-6.81281,0.13218390941619873,0.9147727489471436,0.6005681753158569
YKL188C,YPL019C,0,-6.813719,0.13214774429798126,0.9147727489471436,0.6007575988769531
YDR160W,YOR008C-A,0,-6.8140993,0.132111594080925,0.9147727489471436,0.6009469628334045
YMR016C,YBR082C,0,-6.814178,0.1320754736661911,0.9147727489471436,0.6011363863945007
YAR002W,YMR247C,0,-6.8143497,0.1320393681526184,0.9147727489471436,0.6013257503509521
YPL100W,YGR195W,0,-6.8152514,0.1320032775402069,0.9147727489471436,0.6015151739120483
YHL002W,YDR076W,0,-6.8155193,0.1319672167301178,0.9147727489471436,0.6017045378684998
YLR210W,YLL019C,0,-6.8157015,0.13193117082118988,0.9147727489471436,0.601893961429596
YNL118C,YNL049C,0,-6.815845,0.13189513981342316,0.9147727489471436,0.6020833253860474
YHR031C,YNL313C,0,-6.8164644,0.13185913860797882,0.9147727489471436,0.6022727489471436
YPL026C,YCL019W,0,-6.8166623,0.13182313740253448,0.9147727489471436,0.602462112903595
YDR054C,YKR038C,0,-6.817605,0.13178718090057373,0.9147727489471436,0.6026515364646912
YDR423C,YDR202C,0,-6.8185463,0.13175122439861298,0.9147727489471436,0.6028409004211426
YFR019W,YPL237W,0,-6.8195343,0.1317152976989746,0.9147727489471436,0.6030303239822388
YNL173C,YDR362C,0,-6.820333,0.13167938590049744,0.9147727489471436,0.6032196879386902
YPR108W,YLR025W,0,-6.8213053,0.13164350390434265,0.9147727489471436,0.6034091114997864
YKL002W,YDR365W-A,0,-6.8218465,0.13160763680934906,0.9147727489471436,0.6035984754562378
YDR036C,YOR003W,0,-6.8223667,0.13157178461551666,0.9147727489471436,0.603787899017334
YDL083C,YIL063C,0,-6.822815,0.13153594732284546,0.9147727489471436,0.6039772629737854
YGL011C,YER118C,0,-6.8230057,0.13150013983249664,0.9147727489471436,0.6041666865348816
YDL024C,YLR106C,0,-6.8233027,0.13146434724330902,0.9147727489471436,0.604356050491333
YPR165W,YGR211W,0,-6.8240833,0.1314285695552826,0.9147727489471436,0.6045454740524292
YBR210W,YLR208W,0,-6.8258533,0.13139282166957855,0.9147727489471436,0.6047348380088806
YOR244W,YJR042W,0,-6.8261166,0.1313570886850357,0.9147727489471436,0.6049242615699768
YPL031C,YPR158C-D,0,-6.82612,0.13132137060165405,0.9147727489471436,0.6051136255264282
YIL140W,YLR347C,0,-6.8263597,0.1312856823205948,0.9147727489471436,0.6053030490875244
YMR199W,YPL237W,0,-6.826376,0.13124999403953552,0.9147727489471436,0.6054924130439758
YGL181W,YOL135C,0,-6.8269033,0.13121435046195984,0.9147727489471436,0.605681836605072
YOR083W,YPR158W-B,0,-6.827916,0.13117870688438416,0.9147727489471436,0.6058712005615234
YJL013C,YCL075W,0,-6.828146,0.13114309310913086,0.9147727489471436,0.6060606241226196
YDR292C,YGR033C,0,-6.82903,0.13110749423503876,0.9147727489471436,0.606249988079071
YBR055C,YCL075W,0,-6.8306623,0.13107191026210785,0.9147727489471436,0.6064394116401672
YFL009W,YOR224C,0,-6.8308353,0.13103635609149933,0.9147727489471436,0.6066287755966187
YPL190C,YMR080C,0,-6.83368,0.131000816822052,0.9147727489471436,0.6068181991577148
YJR105W,YMR016C,0,-6.834516,0.13096529245376587,0.9147727489471436,0.6070075631141663
YLL009C,YGR253C,0,-6.8352804,0.13092979788780212,0.9147727489471436,0.6071969866752625
YOR119C,YDR365W-A,0,-6.8352947,0.13089430332183838,0.9147727489471436,0.6073863506317139
YJL214W,YPR154W,0,-6.836381,0.13085883855819702,0.9147727489471436,0.6075757741928101
YFL024C,YDL200C,0,-6.8378854,0.13082340359687805,0.9147727489471436,0.6077651381492615
YIL095W,YJR028W,0,-6.8379507,0.13078798353672028,0.9147727489471436,0.6079545617103577
YOR074C,YLR447C,0,-6.838102,0.1307525783777237,0.9147727489471436,0.6081439256668091
YOL086C,YFR028C,0,-6.838219,0.1307171881198883,0.9147727489471436,0.6083333492279053
YKL057C,YMR129W,0,-6.83891,0.1306818127632141,0.9147727489471436,0.6085227131843567
YPL078C,YDR069C,0,-6.8397846,0.1306464672088623,0.9147727489471436,0.6087121367454529
YKR022C,YPL060C-A,0,-6.840247,0.1306111365556717,0.9147727489471436,0.6089015007019043
YMR172W,YGR008C,0,-6.841884,0.13057583570480347,0.9147727489471436,0.6090909242630005
YPR185W,YPL234C,0,-6.8434534,0.13054053485393524,0.9147727489471436,0.6092802882194519
YLR026C,YBR273C,0,-6.844322,0.1305052638053894,0.9147727489471436,0.6094697117805481
YIL140W,YER061C,0,-6.8445187,0.13047002255916595,0.9147727489471436,0.6096590757369995
YDL100C,YDR245W,0,-6.8463144,0.1304347813129425,0.9147727489471436,0.6098484992980957
YMR213W,YGR161W-A,0,-6.8475456,0.13039956986904144,0.9147727489471436,0.6100378632545471
YLR242C,YHR042W,0,-6.847584,0.13036437332630157,0.9147727489471436,0.6102272868156433
YJL124C,YKL129C,0,-6.847869,0.1303291916847229,0.9147727489471436,0.6104166507720947
YBR159W,YGL226C-A,0,-6.848163,0.1302940398454666,0.9147727489471436,0.6106060743331909
YJL112W,YGR239C,0,-6.8492703,0.13025890290737152,0.9147727489471436,0.6107954382896423
YAR014C,YGR104C,0,-6.8499804,0.13022378087043762,0.9147727489471436,0.6109848618507385
YGR186W,YCL019W,0,-6.851156,0.13018867373466492,0.9147727489471436,0.6111742258071899
YJL024C,YHR055C,0,-6.851715,0.1301535964012146,0.9147727489471436,0.6113636493682861
YJR068W,YER018C,1,-6.8526173,0.13038793206214905,0.9166666865348816,0.6113636493682861
YBL085W,YBR247C,0,-6.8531275,0.13035281002521515,0.9166666865348816,0.6115530133247375
YDL024C,YIL048W,0,-6.8537736,0.13031771779060364,0.9166666865348816,0.6117424368858337
YBL046W,YOR305W,0,-6.8542643,0.13028264045715332,0.9166666865348816,0.6119318008422852
YPL275W,YLR424W,0,-6.857016,0.1302475780248642,0.9166666865348816,0.6121212244033813
YHR042W,YGR042W,0,-6.8570194,0.13021253049373627,0.9166666865348816,0.6123105883598328
YLR303W,YKL086W,0,-6.8573723,0.13017751276493073,0.9166666865348816,0.612500011920929
YAL031C,YPL204W,1,-6.8574944,0.13041140139102936,0.9185606241226196,0.612500011920929
YJL042W,YPL022W,0,-6.858515,0.13037633895874023,0.9185606241226196,0.6126893758773804
YOR074C,YPR191W,0,-6.8588963,0.1303413063287735,0.9185606241226196,0.6128787994384766
YPL190C,YPL152W,0,-6.8589926,0.13030628859996796,0.9185606241226196,0.613068163394928
YJL115W,YDR365W-A,0,-6.859595,0.1302712857723236,0.9185606241226196,0.6132575869560242
YKL188C,YHR070W,0,-6.8597918,0.13023629784584045,0.9185606241226196,0.6134469509124756
YER018C,YOL006C,1,-6.860302,0.13046979904174805,0.9204545617103577,0.6134469509124756
YIL112W,YDR412W,0,-6.8612604,0.1304347813129425,0.9204545617103577,0.6136363744735718
YAR002C-A,YPL015C,0,-6.861989,0.13039977848529816,0.9204545617103577,0.6138257384300232
YBR131W,YLR284C,0,-6.862192,0.1303648054599762,0.9204545617103577,0.6140151619911194
YOR245C,YDR292C,0,-6.862276,0.13032984733581543,0.9204545617103577,0.6142045259475708
YNL207W,YLR222C,0,-6.863143,0.13029490411281586,0.9204545617103577,0.614393949508667
YOR046C,YGL011C,0,-6.8633432,0.13025999069213867,0.9204545617103577,0.6145833134651184
YGL181W,YMR285C,0,-6.863454,0.1302250772714615,0.9204545617103577,0.6147727370262146
YHR065C,YHR214C-C,0,-6.8643894,0.1301901936531067,0.9204545617103577,0.614962100982666
YAL010C,YHR098C,0,-6.8644123,0.13015532493591309,0.9204545617103577,0.6151515245437622
YJR068W,YML085C,1,-6.8648043,0.13038821518421173,0.9223484992980957,0.6151515245437622
YDL192W,YHR200W,0,-6.86521,0.13035331666469574,0.9223484992980957,0.6153408885002136
YML067C,YOR143C,0,-6.8653917,0.13031843304634094,0.9223484992980957,0.6155303120613098
YBR210W,YDR517W,0,-6.8664365,0.13028357923030853,0.9223484992980957,0.6157196760177612
YLL011W,YDR311W,0,-6.867113,0.13024872541427612,0.9223484992980957,0.6159090995788574
YKR003W,YBR162C,0,-6.86935,0.1302139014005661,0.9223484992980957,0.6160984635353088
YDR055W,YIL063C,0,-6.8699217,0.13017909228801727,0.9223484992980957,0.616287887096405
YMR186W,YPR165W,0,-6.870248,0.13014431297779083,0.9223484992980957,0.6164772510528564
YKL016C,YDR116C,0,-6.8712244,0.1301095336675644,0.9223484992980957,0.6166666746139526
YIL062C,YNL281W,0,-6.8712687,0.13007478415966034,0.9223484992980957,0.616856038570404
YPL078C,YER001W,0,-6.8713636,0.13004004955291748,0.9223484992980957,0.6170454621315002
YGL071W,YDR276C,0,-6.871848,0.130005344748497,0.9223484992980957,0.6172348260879517
YAR019C,YPR158C-D,0,-6.8719306,0.12997063994407654,0.9223484992980957,0.6174242496490479
YPL160W,YCR027C,0,-6.8719645,0.12993596494197845,0.9223484992980957,0.6176136136054993
YBL079W,YHR014W,1,-6.872142,0.13016805052757263,0.9242424368858337,0.6176136136054993
YOR119C,YML045W,0,-6.874673,0.13013333082199097,0.9242424368858337,0.6178030371665955
YIL037C,YJR141W,0,-6.875139,0.1300986409187317,0.9242424368858337,0.6179924011230469
YPR137W,YJR141W,0,-6.878247,0.1300639659166336,0.9242424368858337,0.6181818246841431
YHR031C,YBL050W,0,-6.8783836,0.13002930581569672,0.9242424368858337,0.6183711886405945
YLR060W,YJL204C,0,-6.878706,0.12999467551708221,0.9242424368858337,0.6185606122016907
YOL149W,YKR097W,0,-6.879944,0.1299600601196289,0.9242424368858337,0.6187499761581421
YDR384C,YJR059W,0,-6.881325,0.1299254596233368,0.9242424368858337,0.6189393997192383
YDR264C,YEL012W,0,-6.883707,0.12989087402820587,0.9242424368858337,0.6191287636756897
YPL231W,YDL159W,0,-6.883958,0.12985630333423615,0.9242424368858337,0.6193181872367859
YNL097C,YIL114C,0,-6.8870583,0.1298217624425888,0.9242424368858337,0.6195075511932373
YPR018W,YHR098C,0,-6.889255,0.12978723645210266,0.9242424368858337,0.6196969747543335
YLR106C,YKL057C,0,-6.8898554,0.1297527253627777,0.9242424368858337,0.6198863387107849
YKL182W,YPL203W,0,-6.8919067,0.12971822917461395,0.9242424368858337,0.6200757622718811
YPL012W,YOR140W,0,-6.8924026,0.12968376278877258,0.9242424368858337,0.6202651262283325
YOL080C,YML045W,0,-6.8931985,0.1296493113040924,0.9242424368858337,0.6204545497894287
YDL100C,YBR296C,0,-6.8947506,0.12961487472057343,0.9242424368858337,0.6206439137458801
YKL182W,YBR272C,0,-6.89478,0.12958045303821564,0.9242424368858337,0.6208333373069763
YLR429W,YIR041W,0,-6.894927,0.12954606115818024,0.9242424368858337,0.6210227012634277
YBR210W,YAL016W,0,-6.895426,0.12951168417930603,0.9242424368858337,0.6212121248245239
YDR423C,YLR098C,0,-6.89557,0.12947732210159302,0.9242424368858337,0.6214014887809753
YOL059W,YOL011W,0,-6.895883,0.1294429749250412,0.9242424368858337,0.6215909123420715
YDR245W,YIL063C,0,-6.8961325,0.12940864264965057,0.9242424368858337,0.621780276298523
YGL246C,YHR214C-C,0,-6.8983927,0.12937434017658234,0.9242424368858337,0.6219696998596191
YOL059W,YCR026C,0,-6.8986406,0.1293400526046753,0.9242424368858337,0.6221590638160706
YJR070C,YGR004W,0,-6.8989735,0.12930577993392944,0.9242424368858337,0.6223484873771667
YKL212W,YDR443C,0,-6.899291,0.1292715221643448,0.9242424368858337,0.6225378513336182
YGR257C,YPR189W,0,-6.899823,0.12923729419708252,0.9242424368858337,0.6227272748947144
YOR279C,YFL002W-A,0,-6.899904,0.12920306622982025,0.9242424368858337,0.6229166388511658
YPL055C,YER165W,0,-6.900139,0.12916886806488037,0.9242424368858337,0.623106062412262
YDL197C,YIL017C,0,-6.9010673,0.12913468480110168,0.9242424368858337,0.6232954263687134
YGL201C,YCR037C,0,-6.9036756,0.12910053133964539,0.9242424368858337,0.6234848499298096
YOR036W,YLL016W,0,-6.9038224,0.1290663778781891,0.9242424368858337,0.623674213886261
YKL135C,YGL246C,0,-6.9039984,0.12903225421905518,0.9242424368858337,0.6238636374473572
YNL261W,YDR429C,0,-6.905481,0.12899814546108246,0.9242424368858337,0.6240530014038086
YDR423C,YNL163C,0,-6.905796,0.12896406650543213,0.9242424368858337,0.6242424249649048
YLR246W,YBL093C,0,-6.905886,0.1289299875497818,0.9242424368858337,0.6244317889213562
YPR065W,YBL100W-B,0,-6.905972,0.12889593839645386,0.9242424368858337,0.6246212124824524
YDR517W,YBR082C,0,-6.907069,0.12886188924312592,0.9242424368858337,0.6248105764389038
YNL059C,YDR036C,0,-6.9078693,0.12882788479328156,0.9242424368858337,0.625
YKL004W,YHL031C,0,-6.908973,0.1287938803434372,0.9242424368858337,0.6251894235610962
YDR182W,YLR043C,0,-6.9091206,0.12875989079475403,0.9242424368858337,0.6253787875175476
YFL025C,YBL100W-B,0,-6.909582,0.12872593104839325,0.9242424368858337,0.6255682110786438
YNL073W,YDL118W,0,-6.9097805,0.12869198620319366,0.9242424368858337,0.6257575750350952
YPL019C,YGR161W-A,0,-6.9098744,0.12865805625915527,0.9242424368858337,0.6259469985961914
YLR210W,YNL173C,0,-6.910049,0.12862414121627808,0.9242424368858337,0.6261363625526428
YCL051W,YJR145C,0,-6.911008,0.12859025597572327,0.9242424368858337,0.626325786113739
YLL061W,YBL080C,0,-6.911435,0.12855637073516846,0.9242424368858337,0.6265151500701904
YKR066C,YNL135C,0,-6.912054,0.12852251529693604,0.9242424368858337,0.6267045736312866
YDR236C,YMR067C,0,-6.9133863,0.1284886747598648,0.9242424368858337,0.626893937587738
YPL234C,YPL063W,0,-6.914109,0.12845484912395477,0.9242424368858337,0.6270833611488342
YBR207W,YNR026C,0,-6.915848,0.12842105329036713,0.9242424368858337,0.6272727251052856
YLR347C,YKL057C,0,-6.9180236,0.12838727235794067,0.9242424368858337,0.6274621486663818
YBR207W,YOR083W,0,-6.9184227,0.12835349142551422,0.9242424368858337,0.6276515126228333
YDR055W,YGR104C,0,-6.918932,0.12831974029541016,0.9242424368858337,0.6278409361839294
YFL024C,YNL221C,0,-6.9207907,0.12828601896762848,0.9242424368858337,0.6280303001403809
YDR411C,YNL281W,0,-6.921672,0.1282522976398468,0.9242424368858337,0.628219723701477
YPR191W,YPR032W,0,-6.92247,0.1282186061143875,0.9242424368858337,0.6284090876579285
YJL005W,YHR039C,0,-6.922825,0.12818492949008942,0.9242424368858337,0.6285985112190247
YNL009W,YJR026W,0,-6.9229345,0.12815126776695251,0.9242424368858337,0.6287878751754761
YGL045W,YOR057W,0,-6.924241,0.1281176209449768,0.9242424368858337,0.6289772987365723
YPR185W,YDR086C,0,-6.92659,0.1280839890241623,0.9242424368858337,0.6291666626930237
YDR529C,YGR042W,0,-6.928275,0.12805038690567017,0.9242424368858337,0.6293560862541199
YJL106W,YNL055C,0,-6.9284773,0.12801678478717804,0.9242424368858337,0.6295454502105713
YBL009W,YNL281W,0,-6.928497,0.1279832124710083,0.9242424368858337,0.6297348737716675
YDR076W,YLL011W,0,-6.9291916,0.12794965505599976,0.9242424368858337,0.6299242377281189
YHR050W,YGL039W,0,-6.9294243,0.1279161274433136,0.9242424368858337,0.6301136612892151
YNL163C,YLR222C,0,-6.930553,0.12788259983062744,0.9242424368858337,0.6303030252456665
YJL080C,YHR014W,1,-6.9306464,0.1281110793352127,0.9261363744735718,0.6303030252456665
YKL126W,YFL002W-A,0,-6.931945,0.12807752192020416,0.9261363744735718,0.6304924488067627
YLL016W,YBR083W,0,-6.9329877,0.128043994307518,0.9261363744735718,0.6306818127632141
YKL014C,YJR049C,0,-6.9337215,0.12801046669483185,0.9261363744735718,0.6308712363243103
YNL149C,YBR165W,0,-6.9338646,0.12797696888446808,0.9261363744735718,0.6310606002807617
YKL160W,YPR094W,0,-6.935373,0.1279434859752655,0.9261363744735718,0.6312500238418579
YOR332W,YGL104C,0,-6.9354033,0.12791001796722412,0.9261363744735718,0.6314393877983093
YNL230C,YER001W,0,-6.93705,0.12787656486034393,0.9261363744735718,0.6316288113594055
YOL158C,YGR212W,0,-6.9372935,0.12784314155578613,0.9261363744735718,0.6318181753158569
YCL051W,YGR195W,0,-6.9385943,0.12780971825122833,0.9261363744735718,0.6320075988769531
YGL168W,YKL099C,0,-6.939267,0.12777632474899292,0.9261363744735718,0.6321969628334045
YLL060C,YGL211W,0,-6.940024,0.1277429461479187,0.9261363744735718,0.6323863863945007
YPL262W,YJR059W,0,-6.9404945,0.12770958244800568,0.9261363744735718,0.6325757503509521
YPR167C,YDR162C,0,-6.9405804,0.12767623364925385,0.9261363744735718,0.6327651739120483
YCL025C,YML065W,0,-6.942954,0.1276429146528244,0.9261363744735718,0.6329545378684998
YER126C,YPR168W,0,-6.943218,0.12760961055755615,0.9261363744735718,0.633143961429596
YJR031C,YLL011W,0,-6.9448752,0.1275763064622879,0.9261363744735718,0.6333333253860474
YDL024C,YGL089C,0,-6.9452705,0.12754303216934204,0.9261363744735718,0.6335227489471436
YNL207W,YPL234C,0,-6.9454994,0.12750977277755737,0.9261363744735718,0.633712112903595
YPL059W,YHR006W,0,-6.946108,0.1274765431880951,0.9261363744735718,0.6339015364646912
YGL043W,YGR007W,0,-6.9469213,0.1274433135986328,0.9261363744735718,0.6340909004211426
YPR083W,YOL045W,0,-6.9478445,0.12741011381149292,0.9261363744735718,0.6342803239822388
YOL012C,YNL246W,0,-6.9483204,0.12737691402435303,0.9261363744735718,0.6344696879386902
YDR013W,YJL141C,0,-6.9486284,0.12734374403953552,0.9261363744735718,0.6346591114997864
YKR097W,YJL204C,0,-6.949732,0.1273105889558792,0.9261363744735718,0.6348484754562378
YFL024C,YOR371C,0,-6.953044,0.1272774636745453,0.9261363744735718,0.635037899017334
YER173W,YJR004C,0,-6.954442,0.12724433839321136,0.9261363744735718,0.6352272629737854
YFR033C,YKL099C,0,-6.954815,0.12721124291419983,0.9261363744735718,0.6354166865348816
YLR248W,YBL100W-B,0,-6.957508,0.1271781474351883,0.9261363744735718,0.635606050491333
YJL005W,YPR167C,0,-6.9589696,0.12714508175849915,0.9261363744735718,0.6357954740524292
YCR014C,YML028W,0,-6.959541,0.1271120309829712,0.9261363744735718,0.6359848380088806
YGL047W,YOR328W,0,-6.960139,0.12707899510860443,0.9261363744735718,0.6361742615699768
YDR120C,YJL012C,0,-6.9603004,0.12704598903656006,0.9261363744735718,0.6363636255264282
YIL115C,YKL154W,0,-6.9605055,0.12701298296451569,0.9261363744735718,0.6365530490875244
YKL016C,YEL009C,0,-6.961157,0.1269800066947937,0.9261363744735718,0.6367424130439758
YPL262W,YOR373W,0,-6.961953,0.1269470453262329,0.9261363744735718,0.636931836605072
YNL073W,YEL012W,0,-6.961995,0.1269140988588333,0.9261363744735718,0.6371212005615234
YBR288C,YLR129W,0,-6.962125,0.1268811672925949,0.9261363744735718,0.6373106241226196
YDR513W,YDR162C,0,-6.9626493,0.1268482506275177,0.9261363744735718,0.637499988079071
YER017C,YEL012W,0,-6.9631176,0.12681534886360168,0.9261363744735718,0.6376894116401672
YJL194W,YAR010C,0,-6.9644585,0.12678247690200806,0.9261363744735718,0.6378787755966187
YNL059C,YLR222C,0,-6.9656067,0.12674960494041443,0.9261363744735718,0.6380681991577148
YGR212W,YPR182W,0,-6.9657803,0.1267167627811432,0.9261363744735718,0.6382575631141663
YDR388W,YDL118W,0,-6.9674535,0.12668393552303314,0.9261363744735718,0.6384469866752625
YIR037W,YHR039C,0,-6.967661,0.1266511231660843,0.9261363744735718,0.6386363506317139
YGR231C,YLR034C,0,-6.967676,0.12661832571029663,0.9261363744735718,0.6388257741928101
YAL055W,YOR224C,0,-6.968941,0.12658555805683136,0.9261363744735718,0.6390151381492615
YGR003W,YFR019W,0,-6.9690146,0.1265527904033661,0.9261363744735718,0.6392045617103577
YPR154W,YPL167C,0,-6.9690447,0.1265200525522232,0.9261363744735718,0.6393939256668091
YGL257C,YPL235W,0,-6.969217,0.12648732960224152,0.9261363744735718,0.6395833492279053
YIL062C,YNL009W,0,-6.9696226,0.12645462155342102,0.9261363744735718,0.6397727131843567
YLL061W,YKL075C,0,-6.96991,0.12642192840576172,0.9261363744735718,0.6399621367454529
YPL190C,YHR060W,0,-6.9703255,0.1263892501592636,0.9261363744735718,0.6401515007019043
YOR137C,YGR104C,0,-6.971657,0.1263565868139267,0.9261363744735718,0.6403409242630005
YKR066C,YDL093W,0,-6.971687,0.12632395327091217,0.9261363744735718,0.6405302882194519
YJL204C,YOR224C,0,-6.9722733,0.12629131972789764,0.9261363744735718,0.6407197117805481
YPL262W,YEL050C,0,-6.9731083,0.1262587159872055,0.9261363744735718,0.6409090757369995
YDL031W,YPL055C,0,-6.9733925,0.12622612714767456,0.9261363744735718,0.6410984992980957
YDR283C,YLL011W,0,-6.9740486,0.1261935532093048,0.9261363744735718,0.6412878632545471
YPL204W,YFL008W,1,-6.974869,0.12641899287700653,0.9280303120613098,0.6412878632545471
YGL236C,YAL016W,0,-6.9765368,0.1263863742351532,0.9280303120613098,0.6414772868156433
YGL169W,YNL339C,0,-6.9768867,0.12635378539562225,0.9280303120613098,0.6416666507720947
YPR201W,YML012W,0,-6.977707,0.1263212114572525,0.9280303120613098,0.6418560743331909
YBR177C,YBL103C,0,-6.978608,0.12628865242004395,0.9280303120613098,0.6420454382896423
YOR027W,YGR042W,0,-6.979054,0.12625612318515778,0.9280303120613098,0.6422348618507385
YBR278W,YPL232W,0,-6.979311,0.1262235939502716,0.9280303120613098,0.6424242258071899
YNL023C,YCR033W,0,-6.9796925,0.12619109451770782,0.9280303120613098,0.6426136493682861
YLR242C,YKR066C,0,-6.981017,0.12615859508514404,0.9280303120613098,0.6428030133247375
YLR246W,YLL035W,0,-6.983003,0.12612612545490265,0.9280303120613098,0.6429924368858337
YAR010C,YOR305W,0,-6.983209,0.12609367072582245,0.9280303120613098,0.6431818008422852
YIR019C,YDR529C,0,-6.9834685,0.12606123089790344,0.9280303120613098,0.6433712244033813
YCL008C,YGR033C,0,-6.9840555,0.12602880597114563,0.9280303120613098,0.6435605883598328
YCR037C,YOR359W,0,-6.984846,0.125996395945549,0.9280303120613098,0.643750011920929
YPR025C,YPR037C,0,-6.9869413,0.12596401572227478,0.9280303120613098,0.6439393758773804
YNL163C,YGL011C,0,-6.9869995,0.12593163549900055,0.9280303120613098,0.6441287994384766
YNR032W,YML028W,0,-6.988263,0.1258992850780487,0.9280303120613098,0.644318163394928
YNR010W,YJL080C,1,-6.988401,0.1261238157749176,0.9299242496490479,0.644318163394928
YER107C,YOL123W,0,-6.9892254,0.12609142065048218,0.9299242496490479,0.6445075869560242
YJL179W,YDR443C,0,-6.990226,0.12605905532836914,0.9299242496490479,0.6446969509124756
YJR125C,YGL112C,0,-6.9905133,0.1260266900062561,0.9299242496490479,0.6448863744735718
YPL117C,YHR001W-A,0,-6.9931602,0.12599435448646545,0.9299242496490479,0.6450757384300232
YLR459W,YNL004W,0,-6.9938974,0.125962033867836,0.9299242496490479,0.6452651619911194
YKL054C,YKR082W,0,-6.996792,0.12592972815036774,0.9299242496490479,0.6454545259475708
YLR424W,YML131W,0,-6.9978933,0.12589743733406067,0.9299242496490479,0.645643949508667
YNL054W,YIL017C,0,-6.9990845,0.1258651614189148,0.9299242496490479,0.6458333134651184
YNL094W,YBL100W-B,0,-6.999111,0.12583290040493011,0.9299242496490479,0.6460227370262146
YDR054C,YIL101C,0,-6.999298,0.12580066919326782,0.9299242496490479,0.646212100982666
YOL086C,YDR312W,0,-6.99963,0.12576843798160553,0.9299242496490479,0.6464015245437622
YDR495C,YDR365W-A,0,-6.9997954,0.12573623657226562,0.9299242496490479,0.6465908885002136
YGL181W,YMR095C,0,-7.000125,0.12570405006408691,0.9299242496490479,0.6467803120613098
YGR113W,YBL033C,0,-7.001414,0.1256718635559082,0.9299242496490479,0.6469696760177612
YJR059W,YER005W,0,-7.002242,0.12563970685005188,0.9299242496490479,0.6471590995788574
YBR207W,YGL045W,0,-7.0023994,0.12560756504535675,0.9299242496490479,0.6473484635353088
YGR145W,YAL001C,0,-7.0026665,0.125575453042984,0.9299242496490479,0.647537887096405
YNL202W,YOL129W,0,-7.0032134,0.12554334104061127,0.9299242496490479,0.6477272510528564
YGR152C,YOR083W,0,-7.0033903,0.12551124393939972,0.9299242496490479,0.6479166746139526
YJL042W,YDR388W,0,-7.003496,0.12547917664051056,0.9299242496490479,0.648106038570404
YCL051W,YLL011W,0,-7.003601,0.1254471093416214,0.9299242496490479,0.6482954621315002
YBL079W,YER018C,1,-7.004836,0.12567049264907837,0.9318181872367859,0.6482954621315002
YOR316C,YGL205W,0,-7.005188,0.12563841044902802,0.9318181872367859,0.6484848260879517
YPL012W,YPR133C,0,-7.0065145,0.12560632824897766,0.9318181872367859,0.6486742496490479
YOR120W,YKL203C,0,-7.007267,0.1255742758512497,0.9318181872367859,0.6488636136054993
YIL037C,YGR118W,0,-7.0079393,0.12554222345352173,0.9318181872367859,0.6490530371665955
YPR005C,YIL048W,0,-7.0079827,0.12551020085811615,0.9318181872367859,0.6492424011230469
YKR066C,YLR246W,0,-7.0085363,0.12547819316387177,0.9318181872367859,0.6494318246841431
YDR036C,YGR086C,0,-7.008774,0.12544620037078857,0.9318181872367859,0.6496211886405945
YER119C,YHR091C,0,-7.009609,0.12541422247886658,0.9318181872367859,0.6498106122016907
YML080W,YFR033C,0,-7.009714,0.12538225948810577,0.9318181872367859,0.6499999761581421
YDR099W,YCL055W,0,-7.0097895,0.12535031139850616,0.9318181872367859,0.6501893997192383
YJL124C,YKL188C,0,-7.009864,0.12531839311122894,0.9318181872367859,0.6503787636756897
YPR037C,YOL066C,0,-7.0101514,0.12528647482395172,0.9318181872367859,0.6505681872367859
YDR174W,YDR292C,0,-7.011236,0.1252545863389969,0.9318181872367859,0.6507575511932373
YNL169C,YOL097C,0,-7.0122232,0.12522269785404205,0.9318181872367859,0.6509469747543335
YML057W,YDL030W,0,-7.0124373,0.1251908391714096,0.9318181872367859,0.6511363387107849
YHR012W,YKL196C,0,-7.013876,0.12515899538993835,0.9318181872367859,0.6513257622718811
YLR242C,YGR253C,0,-7.014223,0.1251271665096283,0.9318181872367859,0.6515151262283325
YIR041W,YJR052W,0,-7.014286,0.12509535253047943,0.9318181872367859,0.6517045497894287
YBR022W,YMR022W,0,-7.0148315,0.12506355345249176,0.9318181872367859,0.6518939137458801
YEL012W,YMR134W,0,-7.0151997,0.12503176927566528,0.9318181872367859,0.6520833373069763
YMR280C,YCR020W-B,0,-7.016794,0.125,0.9318181872367859,0.6522727012634277
YDL226C,YOR137C,0,-7.0181084,0.12496825307607651,0.9318181872367859,0.6524621248245239
YIR041W,YNL221C,0,-7.018689,0.12493651360273361,0.9318181872367859,0.6526514887809753
YOR113W,YNL055C,0,-7.0190387,0.12490479648113251,0.9318181872367859,0.6528409123420715
YNL135C,YCL075W,0,-7.0190544,0.1248730942606926,0.9318181872367859,0.653030276298523
YDL197C,YPR158C-D,0,-7.019105,0.12484141439199448,0.9318181872367859,0.6532196998596191
YOR023C,YGR008C,0,-7.019616,0.12480974197387695,0.9318181872367859,0.6534090638160706
YPL095C,YHR001W-A,0,-7.019654,0.12477808445692062,0.9318181872367859,0.6535984873771667
YJL179W,YFL058W,0,-7.019877,0.12474644929170609,0.9318181872367859,0.6537878513336182
YBR022W,YNL292W,0,-7.020033,0.12471482902765274,0.9318181872367859,0.6539772748947144
YBL093C,YNL339C,0,-7.020461,0.12468322366476059,0.9318181872367859,0.6541666388511658
YLL060C,YHL003C,0,-7.0213375,0.12465163320302963,0.9318181872367859,0.654356062412262
YCR072C,YNL253W,0,-7.0213833,0.12462005764245987,0.9318181872367859,0.6545454263687134
YLR284C,YBR024W,0,-7.022382,0.1245885044336319,0.9318181872367859,0.6547348499298096
YPL232W,YDR470C,0,-7.0236855,0.12455695867538452,0.9318181872367859,0.654924213886261
YOL086C,YMR260C,0,-7.0253773,0.12452543526887894,0.9318181872367859,0.6551136374473572
YLR139C,YOL124C,0,-7.0264816,0.12449392676353455,0.9318181872367859,0.6553030014038086
YOL123W,YML031W,0,-7.026606,0.12446243315935135,0.9318181872367859,0.6554924249649048
YBR288C,YGL089C,0,-7.0266523,0.12443095445632935,0.9318181872367859,0.6556817889213562
YDR473C,YBL033C,0,-7.0267735,0.12439949065446854,0.9318181872367859,0.6558712124824524
YCL040W,YLL016W,0,-7.027034,0.12436804920434952,0.9318181872367859,0.6560605764389038
YOR316C,YBL033C,0,-7.0276904,0.1243366152048111,0.9318181872367859,0.65625
YJR089W,YJL080C,1,-7.0280075,0.12455786019563675,0.9337121248245239,0.65625
YOR381W,YDR412W,0,-7.028588,0.12452639639377594,0.9337121248245239,0.6564394235610962
YPL178W,YMR285C,0,-7.0286164,0.12449494749307632,0.9337121248245239,0.6566287875175476
YER001W,YIL115C,0,-7.029651,0.1244635209441185,0.9337121248245239,0.6568182110786438
YBR288C,YHR001W,0,-7.029768,0.12443210184574127,0.9337121248245239,0.6570075750350952
YJR013W,YPL274W,0,-7.0302067,0.12440070509910583,0.9337121248245239,0.6571969985961914
YBR161W,YJL012C,0,-7.030681,0.12436932325363159,0.9337121248245239,0.6573863625526428
YJL210W,YMR260C,0,-7.0308437,0.12433795630931854,0.9337121248245239,0.657575786113739
YFL009W,YDR256C,0,-7.031576,0.12430660426616669,0.9337121248245239,0.6577651500701904
YPL011C,YGR251W,0,-7.0317917,0.12427527457475662,0.9337121248245239,0.6579545736312866
YJL179W,YEL024W,0,-7.0325594,0.12424395233392715,0.9337121248245239,0.658143937587738
YFL024C,YIL082W-A,0,-7.0328207,0.12421264499425888,0.9337121248245239,0.6583333611488342
YML078W,YMR087W,0,-7.033947,0.1241813600063324,0.9337121248245239,0.6585227251052856
YDR122W,YHR026W,0,-7.0341797,0.12415008991956711,0.9337121248245239,0.6587121486663818
YMR212C,YAR010C,0,-7.034629,0.12411883473396301,0.9337121248245239,0.6589015126228333
YJL208C,YKL214C,0,-7.0346994,0.12408759444952011,0.9337121248245239,0.6590909361839294
YOL086C,YGL246C,0,-7.035378,0.1240563690662384,0.9337121248245239,0.6592803001403809
YOR254C,YPL019C,0,-7.036269,0.12402515858411789,0.9337121248245239,0.659469723701477
YNL173C,YJR141W,0,-7.038717,0.12399396300315857,0.9337121248245239,0.6596590876579285
YEL036C,YMR142C,0,-7.039369,0.12396278232336044,0.9337121248245239,0.6598485112190247
YLR189C,YLR210W,0,-7.0406256,0.12393162399530411,0.9337121248245239,0.6600378751754761
YOR023C,YBR207W,0,-7.0438232,0.12390048056840897,0.9337121248245239,0.6602272987365723
YKL170W,YDR086C,0,-7.044011,0.12386934459209442,0.9337121248245239,0.6604166626930237
YBR022W,YPR191W,0,-7.0452585,0.12383823096752167,0.9337121248245239,0.6606060862541199
YNL101W,YPL178W,0,-7.0465636,0.12380713224411011,0.9337121248245239,0.6607954502105713
YKL182W,YDR517W,0,-7.0472975,0.12377604842185974,0.9337121248245239,0.6609848737716675
YLR155C,YIL048W,0,-7.048369,0.12374497950077057,0.9337121248245239,0.6611742377281189
YER052C,YAR002W,0,-7.0489473,0.12371392548084259,0.9337121248245239,0.6613636612892151
YGL089C,YMR087W,0,-7.0498238,0.1236828938126564,0.9337121248245239,0.6615530252456665
YDR434W,YBL093C,0,-7.049966,0.12365186959505081,0.9337121248245239,0.6617424488067627
YBR196C,YDL235C,0,-7.050121,0.12362086027860641,0.9337121248245239,0.6619318127632141
YJR125C,YIL082W-A,0,-7.0508556,0.12358987331390381,0.9337121248245239,0.6621212363243103
YDR246W,YIL082W-A,0,-7.0518417,0.1235588937997818,0.9337121248245239,0.6623106002807617
YGL047W,YPR018W,0,-7.0536785,0.12352793663740158,0.9337121248245239,0.6625000238418579
YER052C,YMR218C,0,-7.0540657,0.12349699437618256,0.9337121248245239,0.6626893877983093
YER001W,YDR429C,0,-7.0550623,0.12346606701612473,0.9337121248245239,0.6628788113594055
YOR140W,YGL115W,0,-7.055959,0.12343515455722809,0.9337121248245239,0.6630681753158569
YER032W,YLR060W,0,-7.0560174,0.12340425699949265,0.9337121248245239,0.6632575988769531
YBR102C,YKL041W,0,-7.056603,0.1233733743429184,0.9337121248245239,0.6634469628334045
YJL116C,YLR316C,0,-7.0578346,0.12334250658750534,0.9337121248245239,0.6636363863945007
YML061C,YIL063C,0,-7.0589175,0.12331165373325348,0.9337121248245239,0.6638257503509521
YOR267C,YJL214W,0,-7.0631723,0.12328082323074341,0.9337121248245239,0.6640151739120483
YGR249W,YNL292W,0,-7.063409,0.12325000017881393,0.9337121248245239,0.6642045378684998
YPL095C,YJR074W,0,-7.064349,0.12321919202804565,0.9337121248245239,0.664393961429596
YLL031C,YAR010C,0,-7.0656404,0.12318840622901917,0.9337121248245239,0.6645833253860474
YMR142C,YKL196C,0,-7.067293,0.12315763533115387,0.9337121248245239,0.6647727489471436
YDR404C,YGR211W,0,-7.068071,0.12312687188386917,0.9337121248245239,0.664962112903595
YBR296C,YDR292C,0,-7.069662,0.12309613078832626,0.9337121248245239,0.6651515364646912
YHR165C,YOR216C,0,-7.0704794,0.12306540459394455,0.9337121248245239,0.6653409004211426
YJL006C,YAR010C,0,-7.0708437,0.12303468585014343,0.9337121248245239,0.6655303239822388
YPL078C,YDR292C,0,-7.071002,0.1230039894580841,0.9337121248245239,0.6657196879386902
YOL158C,YDR198C,0,-7.07141,0.12297330796718597,0.9337121248245239,0.6659091114997864
YPL227C,YJL005W,0,-7.0733314,0.12294264137744904,0.9337121248245239,0.6660984754562378
YGL071W,YOR137C,0,-7.0742564,0.12291198968887329,0.9337121248245239,0.666287899017334
YNR032W,YGR074W,0,-7.074387,0.12288135290145874,0.9337121248245239,0.6664772629737854
YOL086C,YGR186W,0,-7.0755954,0.12285073846578598,0.9337121248245239,0.6666666865348816
YNL241C,YJR026W,0,-7.07594,0.12282013148069382,0.9337121248245239,0.666856050491333
YJL014W,YML055W,0,-7.0762033,0.12278953939676285,0.9337121248245239,0.6670454740524292
YLL009C,YLR459W,0,-7.076685,0.12275896221399307,0.9337121248245239,0.6672348380088806
YPR168W,YMR045C,0,-7.0774446,0.12272840738296509,0.9337121248245239,0.6674242615699768
YBR023C,YKL002W,0,-7.078351,0.1226978600025177,0.9337121248245239,0.6676136255264282
YEL037C,YMR016C,0,-7.0794606,0.1226673275232315,0.9337121248245239,0.6678030490875244
YLR116W,YAL055W,0,-7.081747,0.1226368173956871,0.9337121248245239,0.6679924130439758
YHR006W,YCR053W,0,-7.082178,0.1226063147187233,0.9337121248245239,0.668181836605072
YDR411C,YPL235W,0,-7.082737,0.12257583439350128,0.9337121248245239,0.6683712005615234
YKR053C,YGL039W,0,-7.0831485,0.12254536151885986,0.9337121248245239,0.6685606241226196
YDR384C,YFL013C,0,-7.0842056,0.12251491099596024,0.9337121248245239,0.668749988079071
YDR256C,YFL002W-A,0,-7.0842094,0.1224844753742218,0.9337121248245239,0.6689394116401672
YER001W,YOR103C,0,-7.0843024,0.12245404720306396,0.9337121248245239,0.6691287755966187
YER103W,YCL019W,0,-7.0844173,0.12242364138364792,0.9337121248245239,0.6693181991577148
YDR513W,YNL054W,0,-7.0853977,0.12239325046539307,0.9337121248245239,0.6695075631141663
YHR055C,YKR022C,0,-7.0868673,0.12236286699771881,0.9337121248245239,0.6696969866752625
YOR113W,YGL043W,0,-7.0871797,0.12233250588178635,0.9337121248245239,0.6698863506317139
YLR155C,YIL114C,0,-7.0877056,0.12230215966701508,0.9337121248245239,0.6700757741928101
YCR075C,YEL050C,0,-7.088156,0.122271828353405,0.9337121248245239,0.6702651381492615
YNL286W,YOR178C,0,-7.088368,0.12224150449037552,0.9337121248245239,0.6704545617103577
YFL025C,YNL110C,0,-7.0883884,0.12221120297908783,0.9337121248245239,0.6706439256668091
YPL202C,YMR218C,0,-7.088395,0.12218091636896133,0.9337121248245239,0.6708333492279053
YMR227C,YDL118W,0,-7.088834,0.12215064465999603,0.9337121248245239,0.6710227131843567
YJL014W,YDR036C,0,-7.0888534,0.12212038785219193,0.9337121248245239,0.6712121367454529
YKL084W,YNR032C-A,0,-7.089444,0.12209014594554901,0.9337121248245239,0.6714015007019043
YDL099W,YOR386W,0,-7.0899086,0.12205991894006729,0.9337121248245239,0.6715909242630005
YDL197C,YER001W,0,-7.0905867,0.12202969938516617,0.9337121248245239,0.6717802882194519
YGR261C,YGL104C,0,-7.0906878,0.12199950218200684,0.9337121248245239,0.6719697117805481
YOL082W,YML067C,0,-7.0907006,0.1219693198800087,0.9337121248245239,0.6721590757369995
YER053C,YFL005W,0,-7.0920515,0.12193915247917175,0.9337121248245239,0.6723484992980957
YDR174W,YGL210W,0,-7.0921097,0.121908999979496,0.9337121248245239,0.6725378632545471
YDR384C,YJR125C,0,-7.092443,0.12187886238098145,0.9337121248245239,0.6727272868156433
YLL016W,YPL234C,0,-7.093731,0.12184873968362808,0.9337121248245239,0.6729166507720947
YNR058W,YKL160W,0,-7.093811,0.12181863188743591,0.9337121248245239,0.6731060743331909
YEL009C,YDR202C,0,-7.094905,0.12178853899240494,0.9337121248245239,0.6732954382896423
YLL060C,YFR037C,0,-7.0976267,0.12175846099853516,0.9337121248245239,0.6734848618507385
YNR030W,YAR010C,0,-7.098399,0.12172839790582657,0.9337121248245239,0.6736742258071899
YKL213C,YJR141W,0,-7.0992703,0.12169834971427917,0.9337121248245239,0.6738636493682861
YDR460W,YDL118W,0,-7.099741,0.12166830897331238,0.9337121248245239,0.6740530133247375
YOL149W,YEL024W,0,-7.1004066,0.12163829058408737,0.9337121248245239,0.6742424368858337
YPL160W,YPL244C,0,-7.100676,0.12160828709602356,0.9337121248245239,0.6744318008422852
YLR196W,YGR129W,0,-7.1013474,0.12157829850912094,0.9337121248245239,0.6746212244033813
YBR274W,YHR042W,0,-7.1027217,0.12154832482337952,0.9337121248245239,0.6748105883598328
YJL194W,YNR001C,0,-7.1030836,0.12151836603879929,0.9337121248245239,0.675000011920929
YFL022C,YCL044C,0,-7.1032977,0.12148841470479965,0.9337121248245239,0.6751893758773804
YMR208W,YER001W,0,-7.1036816,0.12145848572254181,0.9337121248245239,0.6753787994384766
YPL015C,YNL247W,0,-7.1050673,0.12142857164144516,0.9337121248245239,0.675568163394928
YGR261C,YNL294C,0,-7.10569,0.1213986724615097,0.9337121248245239,0.6757575869560242
YOR023C,YNL271C,0,-7.105913,0.12136878073215485,0.9337121248245239,0.6759469509124756
YGR231C,YPL234C,0,-7.1096325,0.12133891135454178,0.9337121248245239,0.6761363744735718
YDR481C,YAR010C,0,-7.1098094,0.1213090568780899,0.9337121248245239,0.6763257384300232
YPR065W,YCR060W,0,-7.1104817,0.12127920985221863,0.9337121248245239,0.6765151619911194
YDR508C,YEL056W,0,-7.1124673,0.12124938517808914,0.9337121248245239,0.6767045259475708
YJL115W,YDR404C,0,-7.114973,0.12121957540512085,0.9337121248245239,0.676893949508667
YGL168W,YDR037W,0,-7.115342,0.12118977308273315,0.9337121248245239,0.6770833134651184
YDL081C,YDL235C,0,-7.11736,0.12115999311208725,0.9337121248245239,0.6772727370262146
YBR159W,YPR155C,0,-7.117368,0.12113022059202194,0.9337121248245239,0.677462100982666
YNL159C,YPL275W,0,-7.1182337,0.12110047042369843,0.9337121248245239,0.6776515245437622
YNL259C,YPR133C,0,-7.119171,0.1210707277059555,0.9337121248245239,0.6778408885002136
YFR028C,YNL313C,0,-7.1229,0.12104099988937378,0.9337121248245239,0.6780303120613098
YCR028C,YBL093C,0,-7.1229677,0.12101129442453384,0.9337121248245239,0.6782196760177612
YMR280C,YIL017C,0,-7.124786,0.1209815964102745,0.9337121248245239,0.6784090995788574
YDR335W,YNL055C,0,-7.1267467,0.12095191329717636,0.9337121248245239,0.6785984635353088
YGR033C,YOR359W,0,-7.128891,0.12092224508523941,0.9337121248245239,0.678787887096405
YDL013W,YER165W,0,-7.129202,0.12089259177446365,0.9337121248245239,0.6789772510528564
YOR372C,YJL012C,0,-7.131831,0.12086295336484909,0.9337121248245239,0.6791666746139526
YDL192W,YML061C,0,-7.13256,0.12083332985639572,0.9337121248245239,0.679356038570404
YJR135C,YJL080C,1,-7.132689,0.12104876339435577,0.935606062412262,0.679356038570404
YLR248W,YAL011W,0,-7.132862,0.12101911008358002,0.935606062412262,0.6795454621315002
YPL031C,YBR083W,0,-7.1332936,0.12098947167396545,0.935606062412262,0.6797348260879517
YMR095C,YMR134W,0,-7.134862,0.12095984071493149,0.935606062412262,0.6799242496490479
YHR026W,YLL011W,0,-7.135849,0.12093023210763931,0.935606062412262,0.6801136136054993
YKL170W,YDL230W,0,-7.1361184,0.12090063840150833,0.935606062412262,0.6803030371665955
YDL198C,YMR285C,0,-7.1371994,0.12087105214595795,0.935606062412262,0.6804924011230469
YGR244C,YBR082C,0,-7.1389737,0.12084148824214935,0.935606062412262,0.6806818246841431
YOR245C,YMR004W,0,-7.1403832,0.12081193178892136,0.935606062412262,0.6808711886405945
YAL016W,YER005W,0,-7.140403,0.12078239768743515,0.935606062412262,0.6810606122016907
YOL008W,YNL313C,0,-7.1408463,0.12075287103652954,0.935606062412262,0.6812499761581421
YDR138W,YJL128C,0,-7.1414075,0.12072335928678513,0.935606062412262,0.6814393997192383
YEL050C,YHR006W,0,-7.143088,0.1206938698887825,0.935606062412262,0.6816287636756897
YPL187W,YIL076W,0,-7.1460743,0.12066438794136047,0.935606062412262,0.6818181872367859
YKR097W,YGR211W,0,-7.1482315,0.12063492089509964,0.935606062412262,0.6820075511932373
YPL234C,YDR306C,0,-7.148278,0.12060546875,0.935606062412262,0.6821969747543335
YMR285C,YGR253C,0,-7.1483574,0.12057603150606155,0.935606062412262,0.6823863387107849
YDR434W,YEL050C,0,-7.149293,0.1205466091632843,0.935606062412262,0.6825757622718811
YNL271C,YAL068C,0,-7.149609,0.12051720172166824,0.935606062412262,0.6827651262283325
YDL227C,YNL169C,0,-7.1509523,0.12048780173063278,0.935606062412262,0.6829545497894287
YIL002C,YDR120C,0,-7.1513853,0.12045842409133911,0.935606062412262,0.6831439137458801
YHR001W-A,YDL118W,0,-7.15196,0.12042906135320663,0.935606062412262,0.6833333373069763
YCR033W,YJR028W,0,-7.1530395,0.12039970606565475,0.935606062412262,0.6835227012634277
YBR272C,YGR180C,0,-7.1551924,0.12037037312984467,0.935606062412262,0.6837121248245239
YPL137C,YAL031C,1,-7.15719,0.1205846518278122,0.9375,0.6837121248245239
YGL226C-A,YPL026C,0,-7.157951,0.12055528163909912,0.9375,0.6839014887809753
YNR035C,YMR087W,0,-7.158071,0.12052593380212784,0.9375,0.6840909123420715
YLL060C,YPL055C,0,-7.1601,0.12049659341573715,0.9375,0.684280276298523
YBR118W,YGR186W,0,-7.161631,0.12046726793050766,0.9375,0.6844696998596191
YOR112W,YJL208C,0,-7.1616793,0.12043795734643936,0.9375,0.6846590638160706
YKL016C,YAL068C,0,-7.1616817,0.12040866166353226,0.9375,0.6848484873771667
YOL086C,YMR239C,0,-7.163409,0.12037938088178635,0.9375,0.6850378513336182
YGL191W,YNL247W,0,-7.16467,0.12035010755062103,0.9375,0.6852272748947144
YNR035C,YAR014C,0,-7.1659775,0.12032085657119751,0.9375,0.6854166388511658
YKR082W,YNL149C,0,-7.1667194,0.12029161304235458,0.9375,0.685606062412262
YKL002W,YCR037C,0,-7.1675577,0.12026239186525345,0.9375,0.6857954263687134
YEL056W,YLR435W,0,-7.168367,0.12023317813873291,0.9375,0.6859848499298096
YDL013W,YEL053C,0,-7.170655,0.12020397931337357,0.9375,0.686174213886261
YBR022W,YAL016W,0,-7.1720243,0.12017480283975601,0.9375,0.6863636374473572
YPR037C,YDR055W,0,-7.172202,0.12014563381671906,0.9375,0.6865530014038086
YML080W,YOL109W,0,-7.1727467,0.12011647969484329,0.9375,0.6867424249649048
YML060W,YBR162C,0,-7.1729145,0.12008733302354813,0.9375,0.6869317889213562
YGR238C,YKL043W,0,-7.1731405,0.12005820870399475,0.9375,0.6871212124824524
YOL123W,YDR086C,0,-7.173851,0.12002909928560257,0.9375,0.6873105764389038
YGR118W,YPR182W,0,-7.1743107,0.11999999731779099,0.9375,0.6875
YLR170C,YOL080C,0,-7.1743393,0.11997091770172119,0.9375,0.6876894235610962
YLR155C,YKL196C,0,-7.176878,0.119941845536232,0.9375,0.6878787875175476
YDL024C,YGL195W,0,-7.1781034,0.11991278827190399,0.9375,0.6880682110786438
YLR303W,YJR059W,0,-7.178502,0.11988374590873718,0.9375,0.6882575750350952
YEL053C,YGR103W,0,-7.179449,0.11985471844673157,0.9375,0.6884469985961914
YDL081C,YGL212W,0,-7.179922,0.11982570588588715,0.9375,0.6886363625526428
YPL187W,YDR086C,0,-7.1808133,0.11979670822620392,0.9375,0.688825786113739
YNL118C,YDL081C,0,-7.181836,0.11976772546768188,0.9375,0.6890151500701904
YAL041W,YLR222C,0,-7.182047,0.11973875015974045,0.9375,0.6892045736312866
YDR060W,YML098W,0,-7.182993,0.1197097972035408,0.9375,0.689393937587738
YIL114C,YHR065C,0,-7.183071,0.11968085169792175,0.9375,0.6895833611488342
YKL134C,YPL019C,0,-7.183594,0.1196519210934639,0.9375,0.6897727251052856
YBR131W,YOR178C,0,-7.1853,0.11962300539016724,0.9375,0.6899621486663818
YGL043W,YER053C,0,-7.186738,0.11959410458803177,0.9375,0.6901515126228333
YOL086C,YER116C,0,-7.1897035,0.1195652186870575,0.9375,0.6903409361839294
YDR236C,YDL083C,0,-7.190382,0.11953634023666382,0.9375,0.6905303001403809
YER006W,YOL067C,0,-7.1904964,0.11950748413801193,0.9375,0.690719723701477
YML057W,YGL089C,0,-7.1906676,0.11947863548994064,0.9375,0.6909090876579285
YLR206W,YNL241C,0,-7.1921186,0.11944980919361115,0.9375,0.6910985112190247
YML067C,YLL035W,0,-7.194311,0.11942099034786224,0.9375,0.6912878751754761
YPL204W,YPR007C,1,-7.196694,0.11963338404893875,0.939393937587738,0.6912878751754761
YOL158C,YNL241C,0,-7.197261,0.11960453540086746,0.939393937587738,0.6914772987365723
YPL265W,YDL235C,0,-7.198016,0.11957570165395737,0.939393937587738,0.6916666626930237
YGL178W,YGL045W,0,-7.198081,0.11954687535762787,0.939393937587738,0.6918560862541199
YNL023C,YLR208W,0,-7.1992702,0.11951807141304016,0.939393937587738,0.6920454502105713
YJL191W,YLR360W,0,-7.199795,0.11948928236961365,0.939393937587738,0.6922348737716675
YGL090W,YPL019C,0,-7.2002907,0.11946050077676773,0.939393937587738,0.6924242377281189
YLR330W,YGL205W,0,-7.2007465,0.11943173408508301,0.939393937587738,0.6926136612892151
YIL007C,YNL313C,0,-7.2012095,0.11940298229455948,0.939393937587738,0.6928030252456665
YGR239C,YNL313C,0,-7.201394,0.11937424540519714,0.939393937587738,0.6929924488067627
YEL061C,YJL080C,1,-7.2025867,0.11958613991737366,0.9412878751754761,0.6929924488067627
YOR267C,YOR332W,0,-7.2057586,0.11955737322568893,0.9412878751754761,0.6931818127632141
YNL041C,YKR056W,0,-7.207384,0.1195286214351654,0.9412878751754761,0.6933712363243103
YLR052W,YCL019W,0,-7.20992,0.11949987709522247,0.9412878751754761,0.6935606002807617
YMR212C,YPL203W,0,-7.210677,0.11947115510702133,0.9412878751754761,0.6937500238418579
YMR234W,YDL083C,0,-7.2112837,0.11944244056940079,0.9412878751754761,0.6939393877983093
YHR039C,YKL129C,0,-7.2126937,0.11941374093294144,0.9412878751754761,0.6941288113594055
YER119C,YOR216C,0,-7.214079,0.11938505619764328,0.9412878751754761,0.6943181753158569
YCR060W,YJR026W,0,-7.215369,0.11935638636350632,0.9412878751754761,0.6945075988769531
YGL205W,YPL234C,0,-7.215722,0.11932773143053055,0.9412878751754761,0.6946969628334045
YDR245W,YKL126W,0,-7.2158275,0.11929909139871597,0.9412878751754761,0.6948863863945007
YMR301C,YBR159W,0,-7.216997,0.119270458817482,0.9412878751754761,0.6950757503509521
YNL094W,YLL019C,0,-7.21791,0.11924184113740921,0.9412878751754761,0.6952651739120483
YAL041W,YMR142C,0,-7.219992,0.11921323835849762,0.9412878751754761,0.6954545378684998
YPR025C,YFL022C,0,-7.2200203,0.11918465048074722,0.9412878751754761,0.695643961429596
YNL094W,YJR141W,0,-7.2212887,0.11915607750415802,0.9412878751754761,0.6958333253860474
YBL102W,YBR083W,0,-7.2213593,0.11912751942873001,0.9412878751754761,0.6960227489471436
YJR105W,YKR082W,0,-7.221431,0.1190989688038826,0.9412878751754761,0.696212112903595
YDL100C,YNR032C-A,0,-7.2219677,0.11907043308019638,0.9412878751754761,0.6964015364646912
YAL031C,YJL080C,1,-7.222276,0.11928143352270126,0.9431818127632141,0.6964015364646912
YBR278W,YDR055W,0,-7.222809,0.11925287544727325,0.9431818127632141,0.6965909004211426
YJR031C,YJR028W,0,-7.2235227,0.11922432482242584,0.9431818127632141,0.6967803239822388
YGL181W,YNL279W,0,-7.2253895,0.11919578909873962,0.9431818127632141,0.6969696879386902
YIR017C,YOR150W,0,-7.2262516,0.1191672682762146,0.9431818127632141,0.6971591114997864
YDR437W,YPR191W,0,-7.226962,0.11913875490427017,0.9431818127632141,0.6973484754562378
YDR434W,YAL001C,0,-7.2271214,0.11911026388406754,0.9431818127632141,0.697537899017334
YML081C-A,YKL160W,0,-7.22948,0.1190817803144455,0.9431818127632141,0.6977272629737854
YDR069C,YDR513W,0,-7.230255,0.11905331164598465,0.9431818127632141,0.6979166865348816
YHR055C,YHR065C,0,-7.2325077,0.119024857878685,0.9431818127632141,0.698106050491333
YDR492W,YKR001C,0,-7.2330484,0.11899641901254654,0.9431818127632141,0.6982954740524292
YGR057C,YOR003W,0,-7.2330594,0.11896798759698868,0.9431818127632141,0.6984848380088806
YPL121C,YBR162C,0,-7.236199,0.11893957853317261,0.9431818127632141,0.6986742615699768
YMR208W,YDL181W,0,-7.2375746,0.11891117691993713,0.9431818127632141,0.6988636255264282
YLR210W,YML028W,0,-7.2382994,0.11888279020786285,0.9431818127632141,0.6990530490875244
YGL205W,YKR059W,0,-7.238397,0.11885441839694977,0.9431818127632141,0.6992424130439758
YBR278W,YLR303W,0,-7.238743,0.11882605403661728,0.9431818127632141,0.699431836605072
YJL157C,YLR347C,0,-7.23888,0.11879771202802658,0.9431818127632141,0.6996212005615234
YNR058W,YIR037W,0,-7.238894,0.11876937747001648,0.9431818127632141,0.6998106241226196
YCR026C,YPL019C,0,-7.239606,0.11874105781316757,0.9431818127632141,0.699999988079071
YNL001W,YNL012W,0,-7.2409277,0.11871275305747986,0.9431818127632141,0.7001894116401672
YJL080C,YDR325W,1,-7.2409697,0.11892278492450714,0.9450757503509521,0.7001894116401672
YFR028C,YBR296C,0,-7.2410893,0.11889445036649704,0.9450757503509521,0.7003787755966187
YKL135C,YKL170W,0,-7.24213,0.11886612325906754,0.9450757503509521,0.7005681991577148
YKL134C,YKL099C,0,-7.2440166,0.11883781850337982,0.9450757503509521,0.7007575631141663
YAL068C,YBL100W-B,0,-7.2441177,0.1188095211982727,0.9450757503509521,0.7009469866752625
YPL100W,YOR027W,0,-7.244275,0.11878124624490738,0.9450757503509521,0.7011363506317139
YDR036C,YCR028C,0,-7.2448454,0.11875297129154205,0.9450757503509521,0.7013257741928101
YIL016W,YBR117C,0,-7.2468586,0.11872471868991852,0.9450757503509521,0.7015151381492615
YLR347C,YHR026W,0,-7.2476315,0.11869648098945618,0.9450757503509521,0.7017045617103577
YGR082W,YKL126W,0,-7.247872,0.11866825073957443,0.9450757503509521,0.7018939256668091
YNL135C,YJL124C,0,-7.24792,0.11864003539085388,0.9450757503509521,0.7020833492279053
YBR177C,YPR065W,0,-7.250206,0.11861183494329453,0.9450757503509521,0.7022727131843567
YGL195W,YMR016C,0,-7.250703,0.11858364939689636,0.9450757503509521,0.7024621367454529
YMR301C,YKL099C,0,-7.2511835,0.1185554787516594,0.9450757503509521,0.7026515007019043
YER142C,YOR270C,0,-7.251563,0.11852731555700302,0.9450757503509521,0.7028409242630005
YAL068C,YLR154C,0,-7.252605,0.11849916726350784,0.9450757503509521,0.7030302882194519
YER017C,YJL102W,0,-7.2537365,0.11847103387117386,0.9450757503509521,0.7032197117805481
YPL031C,YGR042W,0,-7.2556677,0.11844291538000107,0.9450757503509521,0.7034090757369995
YER006W,YLR455W,0,-7.255904,0.11841480433940887,0.9450757503509521,0.7035984992980957
YNL004W,YGR211W,0,-7.256079,0.11838671565055847,0.9450757503509521,0.7037878632545471
YKL084W,YGR152C,0,-7.256303,0.11835863441228867,0.9450757503509521,0.7039772868156433
YMR204C,YLR435W,0,-7.2569814,0.11833056807518005,0.9450757503509521,0.7041666507720947
YCR086W,YPL204W,1,-7.2574883,0.11853959411382675,0.9469696879386902,0.7041666507720947
YPL117C,YJL013C,0,-7.259223,0.11851149797439575,0.9469696879386902,0.7043560743331909
YDR162C,YOR224C,0,-7.259663,0.11848340928554535,0.9469696879386902,0.7045454382896423
YER017C,YHL002W,0,-7.260086,0.11845534294843674,0.9469696879386902,0.7047348618507385
YLR330W,YJL210W,0,-7.2606106,0.11842728406190872,0.9469696879386902,0.7049242258071899
YDR312W,YDR324C,0,-7.261805,0.1183992400765419,0.9469696879386902,0.7051136493682861
YMR212C,YLR080W,0,-7.262205,0.11837121099233627,0.9469696879386902,0.7053030133247375
YGR253C,YCR033W,0,-7.2625685,0.11834319680929184,0.9469696879386902,0.7054924368858337
YNR030W,YMR042W,0,-7.264065,0.118315190076828,0.9469696879386902,0.7056818008422852
YNL118C,YBR210W,0,-7.2641945,0.11828719824552536,0.9469696879386902,0.7058712244033813
YEL061C,YJR068W,1,-7.2646246,0.11849573999643326,0.9488636255264282,0.7058712244033813
YNL173C,YGR212W,0,-7.2647934,0.11846772581338882,0.9488636255264282,0.7060605883598328
YOR003W,YJR026W,0,-7.2650733,0.11843971908092499,0.9488636255264282,0.706250011920929
YPL008W,YNR010W,1,-7.2655973,0.11864807456731796,0.9507575631141663,0.706250011920929
YER025W,YOL135C,0,-7.266054,0.11862003803253174,0.9507575631141663,0.7064393758773804
YCL055W,YJR059W,0,-7.266165,0.11859201639890671,0.9507575631141663,0.7066287994384766
YAR019C,YOL127W,0,-7.2662354,0.11856400221586227,0.9507575631141663,0.706818163394928
YLR189C,YDR393W,0,-7.267306,0.11853601038455963,0.9507575631141663,0.7070075869560242
YGR145W,YNL279W,0,-7.268293,0.11850802600383759,0.9507575631141663,0.7071969509124756
YCL016C,YJL080C,1,-7.2719183,0.11871607601642609,0.9526515007019043,0.7071969509124756
YLL009C,YML031W,0,-7.273226,0.11868806183338165,0.9526515007019043,0.7073863744735718
YDR055W,YHR060W,0,-7.2753778,0.11866006255149841,0.9526515007019043,0.7075757384300232
YOR079C,YDL083C,0,-7.278175,0.11863207817077637,0.9526515007019043,0.7077651619911194
YGL174W,YML131W,0,-7.2783194,0.11860410124063492,0.9526515007019043,0.7079545259475708
YPL008W,YPL137C,1,-7.2786283,0.11881188303232193,0.9545454382896423,0.7079545259475708
YHR001W,YLR362W,0,-7.279233,0.1187838762998581,0.9545454382896423,0.708143949508667
YNL167C,YMR045C,0,-7.2797217,0.11875589191913605,0.9545454382896423,0.7083333134651184
YAR010C,YNL247W,0,-7.2806015,0.1187279149889946,0.9545454382896423,0.7085227370262146
YDR129C,YDR057W,0,-7.280851,0.11869995296001434,0.9545454382896423,0.708712100982666
YGR238C,YDR312W,0,-7.2810936,0.11867200583219528,0.9545454382896423,0.7089015245437622
YPL078C,YNL292W,0,-7.2815027,0.11864406615495682,0.9545454382896423,0.7090908885002136
YPR005C,YPR065W,0,-7.2815228,0.11861614137887955,0.9545454382896423,0.7092803120613098
YLR362W,YGL039W,0,-7.283601,0.11858823895454407,0.9545454382896423,0.7094696760177612
YPL126W,YLL016W,0,-7.2856455,0.11856033653020859,0.9545454382896423,0.7096590995788574
YDL226C,YOR270C,0,-7.285696,0.1185324564576149,0.9545454382896423,0.7098484635353088
YPL031C,YOR027W,0,-7.286541,0.1185045838356018,0.9545454382896423,0.710037887096405
YKL170W,YDR202C,0,-7.2869425,0.11847672611474991,0.9545454382896423,0.7102272510528564
YNL259C,YLR347C,0,-7.2872005,0.1184488832950592,0.9545454382896423,0.7104166746139526
YKR066C,YGL084C,0,-7.287379,0.1184210553765297,0.9545454382896423,0.710606038570404
YNL282W,YJR141W,0,-7.288319,0.11839323490858078,0.9545454382896423,0.7107954621315002
YBR207W,YCL019W,0,-7.289318,0.11836542934179306,0.9545454382896423,0.7109848260879517
YHR031C,YBR082C,0,-7.2903104,0.11833763867616653,0.9545454382896423,0.7111742496490479
YAR014C,YDR312W,0,-7.2903385,0.1183098554611206,0.9545454382896423,0.7113636136054993
YPL115C,YAL068C,0,-7.2905636,0.11828209459781647,0.9545454382896423,0.7115530371665955
YDR404C,YCL075W,0,-7.291185,0.11825434118509293,0.9545454382896423,0.7117424011230469
YKL160W,YJL141C,0,-7.2925177,0.11822660267353058,0.9545454382896423,0.7119318246841431
YBR023C,YPR154W,0,-7.2928333,0.11819887161254883,0.9545454382896423,0.7121211886405945
YOR057W,YCL019W,0,-7.293062,0.11817116290330887,0.9545454382896423,0.7123106122016907
YBR161W,YDR412W,0,-7.2941422,0.1181434616446495,0.9545454382896423,0.7124999761581421
YJL191W,YDR079C-A,0,-7.2946615,0.11811577528715134,0.9545454382896423,0.7126893997192383
YAL011W,YML045W,0,-7.294714,0.11808809638023376,0.9545454382896423,0.7128787636756897
YDR492W,YGR212W,0,-7.2952213,0.11806043237447739,0.9545454382896423,0.7130681872367859
YER006W,YBR022W,0,-7.2956715,0.1180327832698822,0.9545454382896423,0.7132575511932373
YIL056W,YKL041W,0,-7.2983804,0.11800514906644821,0.9545454382896423,0.7134469747543335
YPR185W,YOR150W,0,-7.2991695,0.11797752976417542,0.9545454382896423,0.7136363387107849
YJL006C,YML028W,0,-7.301342,0.11794991791248322,0.9545454382896423,0.7138257622718811
YER017C,YMR305C,0,-7.3026733,0.11792232096195221,0.9545454382896423,0.7140151262283325
YOL010W,YMR075W,0,-7.302962,0.1178947389125824,0.9545454382896423,0.7142045497894287
YDL081C,YLR105C,0,-7.303136,0.11786716431379318,0.9545454382896423,0.7143939137458801
YGL191W,YGR249W,0,-7.30366,0.11783960461616516,0.9545454382896423,0.7145833373069763
YML012W,YOL045W,0,-7.3053703,0.11781205981969833,0.9545454382896423,0.7147727012634277
YFL014W,YFL058W,0,-7.3055143,0.1177845299243927,0.9545454382896423,0.7149621248245239
YKR082W,YAL068C,0,-7.3071,0.11775700747966766,0.9545454382896423,0.7151514887809753
YLL061W,YOL066C,0,-7.3072925,0.11772949993610382,0.9545454382896423,0.7153409123420715
YLR060W,YDL230W,0,-7.307339,0.11770200729370117,0.9545454382896423,0.715530276298523
YCR020C-A,YPL235W,0,-7.3073688,0.11767452955245972,0.9545454382896423,0.7157196998596191
YEL053C,YGR211W,0,-7.3089504,0.11764705926179886,0.9545454382896423,0.7159090638160706
YGR103W,YDR545W,0,-7.309383,0.1176196038722992,0.9545454382896423,0.7160984873771667
YDL083C,YDR311W,0,-7.3102508,0.11759216338396072,0.9545454382896423,0.7162878513336182
YEL031W,YCR084C,0,-7.310791,0.11756473034620285,0.9545454382896423,0.7164772748947144
YLR376C,YMR087W,0,-7.3118143,0.11753731220960617,0.9545454382896423,0.7166666388511658
YDL100C,YER118C,0,-7.3119626,0.11750990897417068,0.9545454382896423,0.716856062412262
YBL099W,YPL234C,0,-7.3127394,0.11748252063989639,0.9545454382896423,0.7170454263687134
YGL191W,YML012W,0,-7.313176,0.1174551397562027,0.9545454382896423,0.7172348499298096
YLR155C,YDR393W,0,-7.314639,0.1174277737736702,0.9545454382896423,0.717424213886261
YKR022C,YGR008C,0,-7.3146534,0.11740042269229889,0.9545454382896423,0.7176136374473572
YKL016C,YLR136C,0,-7.3147326,0.11737307906150818,0.9545454382896423,0.7178030014038086
YJL156C,YMR045C,0,-7.3161716,0.11734575033187866,0.9545454382896423,0.7179924249649048
YHR099W,YIL017C,0,-7.318295,0.11731843650341034,0.9545454382896423,0.7181817889213562
YMR285C,YDR178W,0,-7.3201265,0.11729113012552261,0.9545454382896423,0.7183712124824524
YPL100W,YER025W,0,-7.3226213,0.11726384609937668,0.9545454382896423,0.7185605764389038
YPR185W,YOR185C,0,-7.3234563,0.11723656952381134,0.9545454382896423,0.71875
YGL168W,YPL152W,0,-7.3245044,0.1172093003988266,0.9545454382896423,0.7189394235610962
YKL074C,YBL080C,0,-7.325117,0.11718205362558365,0.9545454382896423,0.7191287875175476
YBR004C,YNL169C,0,-7.3257146,0.1171548143029213,0.9545454382896423,0.7193182110786438
YER053C,YOL011W,0,-7.326688,0.11712758243083954,0.9545454382896423,0.7195075750350952
YBR288C,YDR256C,0,-7.3283744,0.11710037291049957,0.9545454382896423,0.7196969985961914
YOL059W,YPL126W,0,-7.3286867,0.1170731708407402,0.9545454382896423,0.7198863625526428
YNL259C,YGR244C,0,-7.329735,0.11704598367214203,0.9545454382896423,0.720075786113739
YBL099W,YDR312W,0,-7.330495,0.11701880395412445,0.9545454382896423,0.7202651500701904
YPL274W,YIL101C,0,-7.3311954,0.11699164658784866,0.9545454382896423,0.7204545736312866
YMR035W,YNL202W,0,-7.333359,0.11696448922157288,0.9545454382896423,0.720643937587738
YBR196C,YOR270C,0,-7.333416,0.11693735420703888,0.9545454382896423,0.7208333611488342
YOR046C,YBR207W,0,-7.333436,0.11691022664308548,0.9545454382896423,0.7210227251052856
YHL003C,YPR190C,0,-7.334239,0.11688311398029327,0.9545454382896423,0.7212121486663818
YKL188C,YMR045C,0,-7.3348,0.11685601621866226,0.9545454382896423,0.7214015126228333
YDR099W,YDR306C,0,-7.3355136,0.11682892590761185,0.9545454382896423,0.7215909361839294
YBR177C,YMR208W,0,-7.3355594,0.11680185049772263,0.9545454382896423,0.7217803001403809
YPL204W,YJR068W,1,-7.3363514,0.11700648814439774,0.9564393758773804,0.7217803001403809
YNR030W,YCL055W,0,-7.336538,0.11697938293218613,0.9564393758773804,0.721969723701477
YNL023C,YGL115W,0,-7.3367143,0.11695229262113571,0.9564393758773804,0.7221590876579285
YJL204C,YPL063W,0,-7.337014,0.11692521721124649,0.9564393758773804,0.7223485112190247
YOR083W,YLR262C,0,-7.337828,0.11689814925193787,0.9564393758773804,0.7225378751754761
YPR182W,YBR162C,0,-7.338462,0.11687109619379044,0.9564393758773804,0.7227272987365723
YGL174W,YER165W,0,-7.3385525,0.1168440505862236,0.9564393758773804,0.7229166626930237
YJL005W,YKR022C,0,-7.3385687,0.11681702733039856,0.9564393758773804,0.7231060862541199
YPR037C,YHR006W,0,-7.3409357,0.11679001152515411,0.9564393758773804,0.7232954502105713
YDR343C,YPL234C,0,-7.3412695,0.11676300317049026,0.9564393758773804,0.7234848737716675
YPR005C,YHR092C,0,-7.3413796,0.1167360171675682,0.9564393758773804,0.7236742377281189
YBR102C,YJR145C,0,-7.3426685,0.11670903861522675,0.9564393758773804,0.7238636612892151
YNL292W,YLR105C,0,-7.34317,0.11668206751346588,0.9564393758773804,0.7240530252456665
YCL051W,YER126C,0,-7.3438783,0.11665511876344681,0.9564393758773804,0.7242424488067627
YCR020C-A,YGL115W,0,-7.344218,0.11662817746400833,0.9564393758773804,0.7244318127632141
YNR030W,YFL058W,0,-7.3451357,0.11660124361515045,0.9564393758773804,0.7246212363243103
YMR012W,YIL048W,0,-7.3451905,0.11657433211803436,0.9564393758773804,0.7248106002807617
YKR003W,YOR140W,0,-7.3459477,0.11654742807149887,0.9564393758773804,0.7250000238418579
YKL016C,YJL116C,0,-7.3467216,0.11652053892612457,0.9564393758773804,0.7251893877983093
YOL130W,YPR191W,0,-7.347679,0.11649365723133087,0.9564393758773804,0.7253788113594055
YDL058W,YOL097C,0,-7.3482375,0.11646679043769836,0.9564393758773804,0.7255681753158569
YER013W,YPL237W,0,-7.348326,0.11643993854522705,0.9564393758773804,0.7257575988769531
YDR245W,YKL154W,0,-7.348867,0.11641309410333633,0.9564393758773804,0.7259469628334045
YPL022W,YBL033C,0,-7.3496146,0.11638626456260681,0.9564393758773804,0.7261363863945007
YGL047W,YDR343C,0,-7.351322,0.11635944992303848,0.9564393758773804,0.7263257503509521
YIR037W,YBL046W,0,-7.3513517,0.11633264273405075,0.9564393758773804,0.7265151739120483
YDR317W,YFL058W,0,-7.3515196,0.11630585044622421,0.9564393758773804,0.7267045378684998
YKL049C,YPL204W,1,-7.35188,0.1165093258023262,0.9583333134651184,0.7267045378684998
YNL177C,YDL085W,0,-7.352196,0.11648250371217728,0.9583333134651184,0.726893961429596
YLR242C,YLR284C,0,-7.3529925,0.11645569652318954,0.9583333134651184,0.7270833253860474
YJL191W,YML131W,0,-7.3539133,0.11642889678478241,0.9583333134651184,0.7272727489471436
YNR035C,YJL157C,0,-7.354002,0.11640211939811707,0.9583333134651184,0.727462112903595
YOL149W,YOL080C,0,-7.355856,0.11637534201145172,0.9583333134651184,0.7276515364646912
YOL086C,YEL018W,0,-7.35616,0.11634858697652817,0.9583333134651184,0.7278409004211426
YPR067W,YIL056W,0,-7.357102,0.11632183939218521,0.9583333134651184,0.7280303239822388
YLR025W,YCR033W,0,-7.3579416,0.11629510670900345,0.9583333134651184,0.7282196879386902
YCL040W,YOL011W,0,-7.3586054,0.11626838147640228,0.9583333134651184,0.7284091114997864
YGR238C,YEL053C,0,-7.359012,0.11624167114496231,0.9583333134651184,0.7285984754562378
YOL082W,YIL065C,0,-7.359737,0.11621497571468353,0.9583333134651184,0.728787899017334
YML055W,YBR162C,0,-7.360261,0.11618828773498535,0.9583333134651184,0.7289772629737854
YBR177C,YIL115C,0,-7.360428,0.11616161465644836,0.9583333134651184,0.7291666865348816
YML060W,YCR072C,0,-7.3604765,0.11613495647907257,0.9583333134651184,0.729356050491333
YPR201W,YAL068C,0,-7.360482,0.11610830575227737,0.9583333134651184,0.7295454740524292
YLR330W,YNL023C,0,-7.362283,0.11608166992664337,0.9583333134651184,0.7297348380088806
YAR019C,YOR359W,0,-7.362573,0.11605504900217056,0.9583333134651184,0.7299242615699768
YNR027W,YNL241C,0,-7.3634753,0.11602843552827835,0.9583333134651184,0.7301136255264282
YNL221C,YKL041W,0,-7.363725,0.11600183695554733,0.9583333134651184,0.7303030490875244
YDR443C,YGR211W,0,-7.3640356,0.11597524583339691,0.9583333134651184,0.7304924130439758
YCR027C,YAR010C,0,-7.3643055,0.11594866961240768,0.9583333134651184,0.730681836605072
YJL157C,YML127W,0,-7.3649817,0.11592210829257965,0.9583333134651184,0.7308712005615234
YLR080W,YJL102W,0,-7.367545,0.11589555442333221,0.9583333134651184,0.7310606241226196
YPL231W,YDR513W,0,-7.370769,0.11586901545524597,0.9583333134651184,0.731249988079071
YDL031W,YML098W,0,-7.3730516,0.11584249138832092,0.9583333134651184,0.7314394116401672
YJL128C,YHR006W,0,-7.373478,0.11581597477197647,0.9583333134651184,0.7316287755966187
YDL085W,YMR045C,0,-7.3735323,0.11578947305679321,0.9583333134651184,0.7318181991577148
YDR384C,YBR037C,0,-7.375473,0.11576298624277115,0.9583333134651184,0.7320075631141663
YCR020W-B,YBR117C,0,-7.3755393,0.11573650687932968,0.9583333134651184,0.7321969866752625
YLR361C,YIL101C,0,-7.3759317,0.11571004241704941,0.9583333134651184,0.7323863506317139
YDR101C,YAL068C,0,-7.3761253,0.11568358540534973,0.9583333134651184,0.7325757741928101
YPR025C,YDR517W,0,-7.3762865,0.11565714329481125,0.9583333134651184,0.7327651381492615
YOL059W,YOR027W,0,-7.3768163,0.11563071608543396,0.9583333134651184,0.7329545617103577
YOR267C,YPL187W,0,-7.3770103,0.11560429632663727,0.9583333134651184,0.7331439256668091
YPR201W,YAL016W,0,-7.3793097,0.11557789146900177,0.9583333134651184,0.7333333492279053
YKL054C,YOR224C,0,-7.380336,0.11555149406194687,0.9583333134651184,0.7335227131843567
YGR216C,YCL008C,0,-7.3805294,0.11552511155605316,0.9583333134651184,0.7337121367454529
YGR004W,YML131W,0,-7.381244,0.11549874395132065,0.9583333134651184,0.7339015007019043
YER142C,YHR001W,0,-7.383339,0.11547238379716873,0.9583333134651184,0.7340909242630005
YNL110C,YBR165W,0,-7.384094,0.11544603854417801,0.9583333134651184,0.7342802882194519
YAL054C,YFL002W-A,0,-7.3847947,0.11541970819234848,0.9583333134651184,0.7344697117805481
YNR010W,YPL137C,1,-7.384929,0.11562144011259079,0.9602272510528564,0.7344697117805481
YNL004W,YDR059C,0,-7.3851376,0.11559507250785828,0.9602272510528564,0.7346590757369995
YFL024C,YKL084W,0,-7.3861303,0.11556872725486755,0.9602272510528564,0.7348484992980957
YML012W,YBR159W,0,-7.386647,0.11554238945245743,0.9602272510528564,0.7350378632545471
YPR067W,YHR012W,0,-7.3893595,0.1155160665512085,0.9602272510528564,0.7352272868156433
YIL140W,YLR196W,0,-7.389926,0.11548975110054016,0.9602272510528564,0.7354166507720947
YLR028C,YLR025W,0,-7.390621,0.11546345055103302,0.9602272510528564,0.7356060743331909
YDR276C,YMR022W,0,-7.392206,0.11543715745210648,0.9602272510528564,0.7357954382896423
YJL080C,YLR272C,1,-7.3927984,0.11563851684331894,0.9621211886405945,0.7357954382896423
YML078W,YOR140W,0,-7.393063,0.1156122013926506,0.9621211886405945,0.7359848618507385
YGR216C,YBR089C-A,0,-7.3942084,0.11558589339256287,0.9621211886405945,0.7361742258071899
YGR159C,YKL086W,0,-7.3955703,0.11555960029363632,0.9621211886405945,0.7363636493682861
YOL082W,YDR378C,0,-7.396384,0.11553331464529037,0.9621211886405945,0.7365530133247375
YER154W,YLR043C,0,-7.397812,0.11550705134868622,0.9621211886405945,0.7367424368858337
YPL137C,YHR014W,1,-7.3988867,0.1157081127166748,0.9640151262283325,0.7367424368858337
YIL114C,YCR072C,0,-7.4014654,0.11568181961774826,0.9640151262283325,0.7369318008422852
YNL049C,YAL001C,0,-7.4018025,0.11565553396940231,0.9640151262283325,0.7371212244033813
YAL068C,YLR383W,0,-7.402062,0.11562925577163696,0.9640151262283325,0.7373105883598328
YPR183W,YHR165C,0,-7.4038925,0.1156029999256134,0.9640151262283325,0.737500011920929
YDR254W,YBL079W,1,-7.4053373,0.11580381542444229,0.9659090638160706,0.737500011920929
YDR317W,YOR116C,0,-7.4102473,0.11577752232551575,0.9659090638160706,0.7376893758773804
YDR256C,YGL030W,0,-7.411758,0.115751251578331,0.9659090638160706,0.7378787994384766
YLR246W,YHR098C,0,-7.412198,0.11572498083114624,0.9659090638160706,0.738068163394928
YBR185C,YNL163C,0,-7.4127016,0.11569873243570328,0.9659090638160706,0.7382575869560242
YPR185W,YBR162C,0,-7.413303,0.11567249149084091,0.9659090638160706,0.7384469509124756
YOR140W,YPL203W,0,-7.4133253,0.11564625799655914,0.9659090638160706,0.7386363744735718
YLR028C,YPR025C,0,-7.4167805,0.11562003940343857,0.9659090638160706,0.7388257384300232
YGR256W,YCL051W,0,-7.417412,0.11559383571147919,0.9659090638160706,0.7390151619911194
YDR284C,YJR028W,0,-7.4175067,0.1155676394701004,0.9659090638160706,0.7392045259475708
YJR013W,YOR116C,0,-7.417712,0.11554145812988281,0.9659090638160706,0.739393949508667
YBR217W,YBL100W-B,0,-7.418047,0.11551529169082642,0.9659090638160706,0.7395833134651184
YDR312W,YKR059W,0,-7.4225326,0.11548913270235062,0.9659090638160706,0.7397727370262146
YMR012W,YNR032W,0,-7.422706,0.11546298116445541,0.9659090638160706,0.739962100982666
YCL040W,YLR208W,0,-7.4239545,0.115436851978302,0.9659090638160706,0.7401515245437622
YKL160W,YDR283C,0,-7.424383,0.11541072279214859,0.9659090638160706,0.7403408885002136
YER018C,YML085C,1,-7.426734,0.11561086028814316,0.9678030014038086,0.7403408885002136
YDR037W,YIL114C,0,-7.427701,0.11558470875024796,0.9678030014038086,0.7405303120613098
YLR170C,YNL232W,0,-7.428054,0.11555857211351395,0.9678030014038086,0.7407196760177612
YDL100C,YDR202C,0,-7.4283476,0.11553244292736053,0.9678030014038086,0.7409090995788574
YGR211W,YDL118W,0,-7.428785,0.11550632864236832,0.9678030014038086,0.7410984635353088
YCL025C,YCR020C-A,0,-7.428885,0.11548022925853729,0.9678030014038086,0.741287887096405
YER154W,YIL076W,0,-7.4296446,0.11545413732528687,0.9678030014038086,0.7414772510528564
YOR027W,YOL109W,0,-7.429678,0.11542805284261703,0.9678030014038086,0.7416666746139526
YKL016C,YGR078C,0,-7.4323683,0.115401990711689,0.9678030014038086,0.741856038570404
YDR160W,YBR162C,0,-7.4329977,0.11537592858076096,0.9678030014038086,0.7420454621315002
YML094W,YHR086W,0,-7.433419,0.11534988880157471,0.9678030014038086,0.7422348260879517
YDL085W,YDR529C,0,-7.4335465,0.11532385647296906,0.9678030014038086,0.7424242496490479
YGL209W,YLR032W,0,-7.4348392,0.115297831594944,0.9678030014038086,0.7426136136054993
YGL043W,YNL230C,0,-7.434967,0.11527182161808014,0.9678030014038086,0.7428030371665955
YOR245C,YLR105C,0,-7.4355445,0.11524582654237747,0.9678030014038086,0.7429924011230469
YHR001W-A,YNR039C,0,-7.436056,0.1152198389172554,0.9678030014038086,0.7431818246841431
YNL101W,YLR248W,0,-7.437953,0.11519386619329453,0.9678030014038086,0.7433711886405945
YDR284C,YMR227C,0,-7.440075,0.11516790837049484,0.9678030014038086,0.7435606122016907
YJR125C,YJL128C,0,-7.441627,0.11514195799827576,0.9678030014038086,0.7437499761581421
YGL035C,YOL038W,0,-7.4420033,0.11511601507663727,0.9678030014038086,0.7439393997192383
YLR242C,YBR273C,0,-7.4442906,0.11509008705615997,0.9678030014038086,0.7441287636756897
YOR386W,YOR143C,0,-7.4444795,0.11506417393684387,0.9678030014038086,0.7443181872367859
YIL076W,YCR033W,0,-7.446463,0.11503826826810837,0.9678030014038086,0.7445075511932373
YER183C,YLR248W,0,-7.4489098,0.11501237750053406,0.9678030014038086,0.7446969747543335
YPR185W,YNL232W,0,-7.449177,0.11498650163412094,0.9678030014038086,0.7448863387107849
YOR039W,YGL030W,0,-7.449254,0.11496063321828842,0.9678030014038086,0.7450757622718811
YKR066C,YOL033W,0,-7.4508104,0.1149347722530365,0.9678030014038086,0.7452651262283325
YPL098C,YNL339C,0,-7.4510946,0.11490892618894577,0.9678030014038086,0.7454545497894287
YNL001W,YOR089C,0,-7.4516106,0.11488309502601624,0.9678030014038086,0.7456439137458801
YDR254W,YJL080C,1,-7.4525356,0.1150820404291153,0.9696969985961914,0.7456439137458801
YOL130W,YDR129C,0,-7.453033,0.11505617946386337,0.9696969985961914,0.7458333373069763
YML094W,YFR050C,0,-7.453561,0.11503033339977264,0.9696969985961914,0.7460227012634277
YMR298W,YPL274W,0,-7.456463,0.11500449478626251,0.9696969985961914,0.7462121248245239
YKL016C,YDR069C,0,-7.457512,0.11497866362333298,0.9696969985961914,0.7464014887809753
YML057W,YKL074C,0,-7.457963,0.11495285481214523,0.9696969985961914,0.7465909123420715
YCL025C,YJL179W,0,-7.4580393,0.11492704600095749,0.9696969985961914,0.746780276298523
YFR052W,YBR231C,0,-7.460161,0.11490125954151154,0.9696969985961914,0.7469696998596191
YDL024C,YGL201C,0,-7.462042,0.11487547308206558,0.9696969985961914,0.7471590638160706
YLR105C,YLR354C,0,-7.4626284,0.11484970897436142,0.9696969985961914,0.7473484873771667
YOR372C,YMR260C,0,-7.4628515,0.11482395231723785,0.9696969985961914,0.7475378513336182
YAL041W,YOL080C,0,-7.4672527,0.11479820311069489,0.9696969985961914,0.7477272748947144
YLR394W,YPR167C,0,-7.4688597,0.11477247625589371,0.9696969985961914,0.7479166388511658
YLR361C,YER165W,0,-7.473625,0.11474674940109253,0.9696969985961914,0.748106062412262
YDL192W,YPR041W,0,-7.4766054,0.11472103744745255,0.9696969985961914,0.7482954263687134
YOR178C,YLR026C,0,-7.4766827,0.11469534039497375,0.9696969985961914,0.7484848499298096
YDR429C,YDR495C,0,-7.479106,0.11466965079307556,0.9696969985961914,0.748674213886261
YPR025C,YPR165W,0,-7.4800663,0.11464397609233856,0.9696969985961914,0.7488636374473572
YJR059W,YFL058W,0,-7.4804573,0.11461830884218216,0.9696969985961914,0.7490530014038086
YPR057W,YBR102C,0,-7.4810805,0.11459265649318695,0.9696969985961914,0.7492424249649048
YHR055C,YBR035C,0,-7.4825053,0.11456701904535294,0.9696969985961914,0.7494317889213562
YMR140W,YDR285W,0,-7.4830427,0.11454138904809952,0.9696969985961914,0.7496212124824524
YDL226C,YDR517W,0,-7.4841614,0.1145157665014267,0.9696969985961914,0.7498105764389038
YPL178W,YCR033W,0,-7.4850864,0.11449015885591507,0.9696969985961914,0.75
YJL042W,YGL011C,0,-7.4860964,0.11446456611156464,0.9696969985961914,0.7501894235610962
YLR106C,YKR053C,0,-7.4863324,0.1144389808177948,0.9696969985961914,0.7503787875175476
YLR155C,YJR028W,0,-7.4874787,0.11441341042518616,0.9696969985961914,0.7505682110786438
YDR254W,YPL204W,1,-7.4878006,0.11461126059293747,0.9715909361839294,0.7505682110786438
YDR312W,YAL016W,0,-7.4882517,0.11458566039800644,0.9715909361839294,0.7507575750350952
YKL170W,YPL234C,0,-7.490345,0.1145600751042366,0.9715909361839294,0.7509469985961914
YOL130W,YPL214C,0,-7.491097,0.11453449726104736,0.9715909361839294,0.7511363625526428
YML081C-A,YGR220C,0,-7.4918547,0.11450892686843872,0.9715909361839294,0.751325786113739
YKL208W,YER053C,0,-7.4920197,0.11448337137699127,0.9715909361839294,0.7515151500701904
YAL058W,YNL247W,0,-7.49469,0.11445783078670502,0.9715909361839294,0.7517045736312866
YFL024C,YGR186W,0,-7.497963,0.11443229764699936,0.9715909361839294,0.751893937587738
YKL135C,YGL045W,0,-7.4986324,0.1144067794084549,0.9715909361839294,0.7520833611488342
YFR033C,YGR008C,0,-7.5011935,0.11438126862049103,0.9715909361839294,0.7522727251052856
YLR330W,YMR186W,0,-7.501307,0.11435577273368835,0.9715909361839294,0.7524621486663818
YDR101C,YJR150C,0,-7.501337,0.11433028429746628,0.9715909361839294,0.7526515126228333
YNR027W,YKL196C,0,-7.5070047,0.1143048107624054,0.9715909361839294,0.7528409361839294
YJL042W,YNR023W,0,-7.5076656,0.1142793521285057,0.9715909361839294,0.7530303001403809
YKL043W,YHR026W,0,-7.507918,0.11425390094518661,0.9715909361839294,0.753219723701477
YOR150W,YOL109W,0,-7.511244,0.11422845721244812,0.9715909361839294,0.7534090876579285
YBR118W,YLR447C,0,-7.5123944,0.11420302838087082,0.9715909361839294,0.7535985112190247
YPL117C,YPR191W,0,-7.5132484,0.11417760699987411,0.9715909361839294,0.7537878751754761
YNL281W,YFL004W,0,-7.5146236,0.1141522005200386,0.9715909361839294,0.7539772987365723
YDR174W,YIL115C,0,-7.51556,0.11412680894136429,0.9715909361839294,0.7541666626930237
YPL203W,YOL129W,0,-7.516658,0.11410142481327057,0.9715909361839294,0.7543560862541199
YLR080W,YER019C-A,0,-7.518153,0.11407604813575745,0.9715909361839294,0.7545454502105713
YDR059C,YFL004W,0,-7.5184135,0.11405068635940552,0.9715909361839294,0.7547348737716675
YER061C,YHR026W,0,-7.5189457,0.11402533948421478,0.9715909361839294,0.7549242377281189
YAL015C,YKL188C,0,-7.5202265,0.11400000005960464,0.9715909361839294,0.7551136612892151
YBR273C,YMR134W,0,-7.520795,0.1139746755361557,0.9715909361839294,0.7553030252456665
YJR042W,YMR305C,0,-7.5208673,0.11394935846328735,0.9715909361839294,0.7554924488067627
YNL094W,YLL060C,0,-7.5213423,0.1139240488409996,0.9715909361839294,0.7556818127632141
YPL262W,YEL053C,0,-7.522355,0.11389875411987305,0.9715909361839294,0.7558712363243103
YMR199W,YPL152W,0,-7.5227904,0.11387347429990768,0.9715909361839294,0.7560606002807617
YBR237W,YPL237W,0,-7.5233126,0.11384820193052292,0.9715909361839294,0.7562500238418579
YNL135C,YPL237W,0,-7.52448,0.11382294446229935,0.9715909361839294,0.7564393877983093
YFL022C,YNL129W,0,-7.5268545,0.11379769444465637,0.9715909361839294,0.7566288113594055
YDL024C,YPR144C,0,-7.5268764,0.113772451877594,0.9715909361839294,0.7568181753158569
YDR162C,YJL191W,0,-7.5281916,0.11374723166227341,0.9715909361839294,0.7570075988769531
YKL149C,YHR042W,0,-7.529223,0.11372201144695282,0.9715909361839294,0.7571969628334045
YPL031C,YOR119C,0,-7.53052,0.11369680613279343,0.9715909361839294,0.7573863863945007
YKL009W,YGL212W,0,-7.531103,0.11367161571979523,0.9715909361839294,0.7575757503509521
YIL033C,YDL181W,0,-7.532369,0.11364643275737762,0.9715909361839294,0.7577651739120483
YPL096W,YPL019C,0,-7.5324435,0.11362126469612122,0.9715909361839294,0.7579545378684998
YCR028C,YDR160W,0,-7.5326777,0.1135961040854454,0.9715909361839294,0.758143961429596
YML078W,YFR050C,0,-7.5336995,0.11357095092535019,0.9715909361839294,0.7583333253860474
YMR162C,YOL011W,0,-7.533971,0.11354582011699677,0.9715909361839294,0.7585227489471436
YDR256C,YGR152C,0,-7.534361,0.11352068930864334,0.9715909361839294,0.758712112903595
YNL163C,YPR182W,0,-7.535119,0.11349557340145111,0.9715909361839294,0.7589015364646912
YKL054C,YIL002C,0,-7.536983,0.11347047239542007,0.9715909361839294,0.7590909004211426
YGL071W,YDR245W,0,-7.5375767,0.11344537883996964,0.9715909361839294,0.7592803239822388
YDR069C,YKL188C,0,-7.5379124,0.11342029273509979,0.9715909361839294,0.7594696879386902
YOR039W,YPR037C,0,-7.539662,0.11339522898197174,0.9715909361839294,0.7596591114997864
YFL025C,YKL170W,0,-7.542962,0.11337016522884369,0.9715909361839294,0.7598484754562378
YNL073W,YNL313C,0,-7.5447197,0.11334511637687683,0.9715909361839294,0.760037899017334
YBR159W,YMR016C,0,-7.54538,0.11332008242607117,0.9715909361839294,0.7602272629737854
YOL051W,YMR298W,0,-7.546797,0.1132950559258461,0.9715909361839294,0.7604166865348816
YGL178W,YKL113C,0,-7.548513,0.11327003687620163,0.9715909361839294,0.760606050491333
YML104C,YPR041W,0,-7.551005,0.11324503272771835,0.9715909361839294,0.7607954740524292
YDR508C,YDL081C,0,-7.5521693,0.11322003602981567,0.9715909361839294,0.7609848380088806
YLL016W,YPL214C,0,-7.552401,0.11319505423307419,0.9715909361839294,0.7611742615699768
YBL099W,YML060W,0,-7.552742,0.1131700873374939,0.9715909361839294,0.7613636255264282
YNR035C,YDL181W,0,-7.554309,0.1131451278924942,0.9715909361839294,0.7615530490875244
YDR276C,YML131W,0,-7.5546417,0.1131201758980751,0.9715909361839294,0.7617424130439758
YMR136W,YDR202C,0,-7.5547504,0.1130952388048172,0.9715909361839294,0.761931836605072
YBR185C,YJL102W,0,-7.556391,0.11307030916213989,0.9715909361839294,0.7621212005615234
YGL168W,YPR065W,0,-7.5568,0.11304539442062378,0.9715909361839294,0.7623106241226196
YLR246W,YKL086W,0,-7.5570393,0.11302048712968826,0.9715909361839294,0.762499988079071
YPR190C,YOR254C,0,-7.557786,0.11299559473991394,0.9715909361839294,0.7626894116401672
YKL139W,YBL093C,0,-7.5586567,0.11297070980072021,0.9715909361839294,0.7628787755966187
YEL053C,YMR142C,0,-7.559808,0.11294583976268768,0.9715909361839294,0.7630681991577148
YEL012W,YIL101C,0,-7.562832,0.11292097717523575,0.9715909361839294,0.7632575631141663
YER025W,YOL109W,0,-7.5641026,0.11289612948894501,0.9715909361839294,0.7634469866752625
YOR119C,YPR182W,0,-7.5649214,0.11287128925323486,0.9715909361839294,0.7636363506317139
YGR231C,YEL037C,0,-7.5649524,0.11284645646810532,0.9715909361839294,0.7638257741928101
YML067C,YDR174W,0,-7.565339,0.11282163858413696,0.9715909361839294,0.7640151381492615
YGR225W,YDR120C,0,-7.567817,0.1127968356013298,0.9715909361839294,0.7642045617103577
YLR303W,YGL070C,0,-7.5678306,0.11277204006910324,0.9715909361839294,0.7643939256668091
YJL141C,YDR285W,0,-7.568071,0.11274725198745728,0.9715909361839294,0.7645833492279053
YDL024C,YLR206W,0,-7.568868,0.1127224788069725,0.9715909361839294,0.7647727131843567
YGR225W,YOR140W,0,-7.569679,0.11269771307706833,0.9715909361839294,0.7649621367454529
YPL097W,YPR065W,0,-7.571858,0.11267296224832535,0.9715909361839294,0.7651515007019043
YPL137C,YJR068W,1,-7.5731235,0.1128678098320961,0.9734848737716675,0.7651515007019043
YLR028C,YML131W,0,-7.573561,0.11284302920103073,0.9734848737716675,0.7653409242630005
YDR296W,YKR053C,0,-7.574255,0.11281826347112656,0.9734848737716675,0.7655302882194519
YFL022C,YCR053W,0,-7.576197,0.11279350519180298,0.9734848737716675,0.7657197117805481
YPL153C,YPL026C,0,-7.5762553,0.1127687618136406,0.9734848737716675,0.7659090757369995
YKL135C,YLR136C,0,-7.5763216,0.11274402588605881,0.9734848737716675,0.7660984992980957
YMR301C,YGL115W,0,-7.5773716,0.11271929740905762,0.9734848737716675,0.7662878632545471
YNL294C,YPR189W,0,-7.579463,0.11269458383321762,0.9734848737716675,0.7664772868156433
YOR150W,YJR049C,0,-7.581106,0.11266988515853882,0.9734848737716675,0.7666666507720947
YOR381W,YOR224C,0,-7.5813513,0.11264518648386002,0.9734848737716675,0.7668560743331909
YMR012W,YDR055W,0,-7.5815916,0.112620510160923,0.9734848737716675,0.7670454382896423
YLR163C,YBR089C-A,0,-7.581922,0.11259584128856659,0.9734848737716675,0.7672348618507385
YPL160W,YIR009W,0,-7.5825653,0.11257117986679077,0.9734848737716675,0.7674242258071899
YPL031C,YHR012W,0,-7.5834713,0.11254652589559555,0.9734848737716675,0.7676136493682861
YMR128W,YER001W,0,-7.5856676,0.11252189427614212,0.9734848737716675,0.7678030133247375
YPL187W,YGL169W,0,-7.586108,0.11249726265668869,0.9734848737716675,0.7679924368858337
YOR112W,YLR060W,0,-7.58719,0.11247264593839645,0.9734848737716675,0.7681818008422852
YCR020C-A,YLR048W,0,-7.5882673,0.11244804412126541,0.9734848737716675,0.7683712244033813
YOR046C,YPL096W,0,-7.588801,0.11242344975471497,0.9734848737716675,0.7685605883598328
YKL046C,YLR134W,0,-7.5908484,0.11239886283874512,0.9734848737716675,0.768750011920929
YER082C,YKL196C,0,-7.590996,0.11237429082393646,0.9734848737716675,0.7689393758773804
YBL093C,YAR010C,0,-7.591606,0.1123497262597084,0.9734848737716675,0.7691287994384766
YOL124C,YML028W,0,-7.5925274,0.11232517659664154,0.9734848737716675,0.769318163394928
YKR038C,YAR010C,0,-7.5948424,0.11230063438415527,0.9734848737716675,0.7695075869560242
YJL128C,YDR388W,0,-7.5950356,0.1122760996222496,0.9734848737716675,0.7696969509124756
YDR236C,YDR362C,0,-7.595042,0.11225157976150513,0.9734848737716675,0.7698863744735718
YJL080C,YER018C,1,-7.5972996,0.1124454140663147,0.9753788113594055,0.7698863744735718
YLL035W,YGR253C,0,-7.5974216,0.11242087185382843,0.9753788113594055,0.7700757384300232
YBR159W,YLR181C,0,-7.5993795,0.11239633709192276,0.9753788113594055,0.7702651619911194
YKL135C,YKL043W,0,-7.599784,0.11237180978059769,0.9753788113594055,0.7704545259475708
YBR272C,YGL253W,0,-7.600201,0.11234729737043381,0.9753788113594055,0.770643949508667
YLR105C,YPL063W,0,-7.601293,0.11232279241085052,0.9753788113594055,0.7708333134651184
YNL001W,YBR185C,0,-7.6025867,0.11229830235242844,0.9753788113594055,0.7710227370262146
YPL146C,YER116C,0,-7.6040554,0.11227381974458694,0.9753788113594055,0.771212100982666
YDL197C,YJL116C,0,-7.6046066,0.11224934458732605,0.9753788113594055,0.7714015245437622
YLR189C,YGL095C,0,-7.604768,0.11222488433122635,0.9753788113594055,0.7715908885002136
YJL116C,YOR327C,0,-7.6052837,0.11220043897628784,0.9753788113594055,0.7717803120613098
YHR092C,YBL093C,0,-7.6065245,0.11217599362134933,0.9753788113594055,0.7719696760177612
YKR066C,YKL075C,0,-7.6069617,0.11215157061815262,0.9753788113594055,0.7721590995788574
YCR107W,YPR065W,0,-7.6071773,0.1121271476149559,0.9753788113594055,0.7723484635353088
YPL231W,YEL009C,0,-7.608289,0.11210273951292038,0.9753788113594055,0.772537887096405
YAL055W,YOL080C,0,-7.6092677,0.11207834631204605,0.9753788113594055,0.7727272510528564
YNL163C,YKL099C,0,-7.609666,0.11205396056175232,0.9753788113594055,0.7729166746139526
YDL192W,YOR143C,0,-7.6098194,0.11202958226203918,0.9753788113594055,0.773106038570404
YJL210W,YLR025W,0,-7.6106405,0.11200521886348724,0.9753788113594055,0.7732954621315002
YGR188C,YDR077W,0,-7.612076,0.1119808629155159,0.9753788113594055,0.7734848260879517
YML080W,YIL063C,0,-7.6121287,0.11195652186870575,0.9753788113594055,0.7736742496490479
YDR174W,YDR429C,0,-7.615326,0.1119321882724762,0.9753788113594055,0.7738636136054993
YKL212W,YGL169W,0,-7.6168985,0.11190786957740784,0.9753788113594055,0.7740530371665955
YBL084C,YJL080C,1,-7.618553,0.11210080236196518,0.9772727489471436,0.7740530371665955
YPL022W,YOL109W,0,-7.6197033,0.11207645386457443,0.9772727489471436,0.7742424011230469
YML057W,YIL013C,0,-7.6209474,0.11205212026834488,0.9772727489471436,0.7744318246841431
YBR004C,YER001W,0,-7.62109,0.11202778667211533,0.9772727489471436,0.7746211886405945
YJL157C,YAL001C,0,-7.6253834,0.11200347542762756,0.9772727489471436,0.7748106122016907
YER119C,YCR027C,0,-7.625931,0.1119791641831398,0.9772727489471436,0.7749999761581421
YDR099W,YBR207W,0,-7.6268406,0.11195486783981323,0.9772727489471436,0.7751893997192383
YER167W,YDL198C,0,-7.628565,0.11193058639764786,0.9772727489471436,0.7753787636756897
YDR101C,YJR141W,0,-7.6285787,0.11190631240606308,0.9772727489471436,0.7755681872367859
YKL182W,YGR249W,0,-7.629031,0.1118820458650589,0.9772727489471436,0.7757575511932373
YPR154W,YBR083W,0,-7.6297436,0.11185779422521591,0.9772727489471436,0.7759469747543335
YDR283C,YER053C,0,-7.6304827,0.11183355003595352,0.9772727489471436,0.7761363387107849
YJL005W,YNL173C,0,-7.6316376,0.11180932074785233,0.9772727489471436,0.7763257622718811
YLR129W,YHL003C,0,-7.6329727,0.11178509891033173,0.9772727489471436,0.7765151262283325
YDR013W,YPR065W,0,-7.63608,0.11176088452339172,0.9772727489471436,0.7767045497894287
YFR019W,YER005W,0,-7.6373568,0.11173668503761292,0.9772727489471436,0.7768939137458801
YOR245C,YPL234C,0,-7.6379566,0.1117124930024147,0.9772727489471436,0.7770833373069763
YER006W,YGR195W,0,-7.6387854,0.11168830841779709,0.9772727489471436,0.7772727012634277
YDR446W,YBL033C,0,-7.640201,0.11166413873434067,0.9772727489471436,0.7774621248245239
YGL089C,YOR057W,0,-7.6403966,0.11163998395204544,0.9772727489471436,0.7776514887809753
YOL051W,YAL055W,0,-7.641263,0.11161583662033081,0.9772727489471436,0.7778409123420715
YNL271C,YJL042W,0,-7.641635,0.11159169673919678,0.9772727489471436,0.778030276298523
YMR136W,YOR018W,0,-7.641992,0.11156756430864334,0.9772727489471436,0.7782196998596191
YGL209W,YKL126W,0,-7.6422014,0.1115434467792511,0.9772727489471436,0.7784090638160706
YGL191W,YIR009W,0,-7.644808,0.11151934415102005,0.9772727489471436,0.7785984873771667
YJL115W,YER019C-A,0,-7.645552,0.1114952489733696,0.9772727489471436,0.7787878513336182
YJR059W,YLR039C,0,-7.6457825,0.11147116124629974,0.9772727489471436,0.7789772748947144
YGR186W,YDR057W,0,-7.646131,0.11144708096981049,0.9772727489471436,0.7791666388511658
YML060W,YMR140W,0,-7.6468925,0.11142301559448242,0.9772727489471436,0.779356062412262
YOR137C,YGR251W,0,-7.6486464,0.11139896512031555,0.9772727489471436,0.7795454263687134
YOL086C,YKL179C,0,-7.648715,0.11137492209672928,0.9772727489471436,0.7797348499298096
YNL004W,YNL247W,0,-7.650425,0.1113508865237236,0.9772727489471436,0.779924213886261
YJR125C,YGR257C,0,-7.6506467,0.11132685840129852,0.9772727489471436,0.7801136374473572
YER142C,YMR260C,0,-7.65141,0.11130284518003464,0.9772727489471436,0.7803030014038086
YDR378C,YDR059C,0,-7.6520104,0.11127884685993195,0.9772727489471436,0.7804924249649048
YDR335W,YMR239C,0,-7.653066,0.11125484853982925,0.9772727489471436,0.7806817889213562
YIL140W,YJL116C,0,-7.6536436,0.11123086512088776,0.9772727489471436,0.7808712124824524
YGR007W,YMR239C,0,-7.6540203,0.11120689660310745,0.9772727489471436,0.7810605764389038
YMR199W,YOR316C,0,-7.65407,0.11118293553590775,0.9772727489471436,0.78125
YKL016C,YLL035W,0,-7.6543484,0.11115898191928864,0.9772727489471436,0.7814394235610962
YER118C,YLR447C,0,-7.655143,0.11113504320383072,0.9772727489471436,0.7816287875175476
YMR004W,YAL016W,0,-7.655881,0.1111111119389534,0.9772727489471436,0.7818182110786438
YLR361C,YGL246C,0,-7.660609,0.11108718812465668,0.9772727489471436,0.7820075750350952
YPL167C,YOR224C,0,-7.6610327,0.11106327921152115,0.9772727489471436,0.7821969985961914
YPR183W,YNR026C,0,-7.662201,0.11103937774896622,0.9772727489471436,0.7823863625526428
YDR016C,YLR136C,0,-7.6623106,0.11101549118757248,0.9772727489471436,0.782575786113739
YER052C,YFL004W,0,-7.6630526,0.11099161207675934,0.9772727489471436,0.7827651500701904
YGR261C,YML131W,0,-7.6632953,0.1109677404165268,0.9772727489471436,0.7829545736312866
YOR039W,YGR195W,0,-7.663887,0.11094388365745544,0.9772727489471436,0.783143937587738
YGR231C,YHR165C,0,-7.6640587,0.11092003434896469,0.9772727489471436,0.7833333611488342
YNL159C,YDR011W,0,-7.66421,0.11089619249105453,0.9772727489471436,0.7835227251052856
YDL100C,YNL129W,0,-7.664519,0.11087236553430557,0.9772727489471436,0.7837121486663818
YEL015W,YJR042W,0,-7.6681547,0.1108485534787178,0.9772727489471436,0.7839015126228333
YKR038C,YPL232W,0,-7.6692886,0.11082474142313004,0.9772727489471436,0.7840909361839294
YAL010C,YPL237W,0,-7.6710997,0.11080094426870346,0.9772727489471436,0.7842803001403809
YNR027W,YEL050C,0,-7.671656,0.11077715456485748,0.9772727489471436,0.784469723701477
YNL159C,YGL195W,0,-7.672477,0.1107533797621727,0.9772727489471436,0.7846590876579285
YPL244C,YDR202C,0,-7.6730847,0.11072961241006851,0.9772727489471436,0.7848485112190247
YDL198C,YML104C,0,-7.6742063,0.11070585995912552,0.9772727489471436,0.7850378751754761
YOR046C,YJL210W,0,-7.6753683,0.11068210750818253,0.9772727489471436,0.7852272987365723
YPL265W,YNR039C,0,-7.6756816,0.11065837740898132,0.9772727489471436,0.7854166626930237
YGL043W,YGR253C,0,-7.676979,0.11063464730978012,0.9772727489471436,0.7856060862541199
YDL013W,YIL101C,0,-7.679918,0.11061093211174011,0.9772727489471436,0.7857954502105713
YAL012W,YIL016W,0,-7.679923,0.1105872243642807,0.9772727489471436,0.7859848737716675
YAR014C,YNL246W,0,-7.6804447,0.11056353151798248,0.9772727489471436,0.7861742377281189
YBR217W,YPL274W,0,-7.6819367,0.11053984612226486,0.9772727489471436,0.7863636612892151
YGL201C,YPL097W,0,-7.6830163,0.11051616817712784,0.9772727489471436,0.7865530252456665
YBR035C,YNL292W,0,-7.6843343,0.11049250513315201,0.9772727489471436,0.7867424488067627
YNL110C,YNR026C,0,-7.6878433,0.11046884953975677,0.9772727489471436,0.7869318127632141
YPL227C,YPL218W,0,-7.688622,0.11044520884752274,0.9772727489471436,0.7871212363243103
YEL031W,YKL099C,0,-7.6890717,0.1104215681552887,0.9772727489471436,0.7873106002807617
YOR039W,YKL160W,0,-7.6937675,0.11039794236421585,0.9772727489471436,0.7875000238418579
YER001W,YDR120C,0,-7.6941004,0.1103743314743042,0.9772727489471436,0.7876893877983093
YLL061W,YJL179W,0,-7.6951933,0.11035072803497314,0.9772727489471436,0.7878788113594055
YDR388W,YDR515W,0,-7.696945,0.11032713204622269,0.9772727489471436,0.7880681753158569
YGR257C,YAR002W,0,-7.7002573,0.11030355095863342,0.9772727489471436,0.7882575988769531
YDR036C,YHR001W-A,0,-7.7026978,0.11027997732162476,0.9772727489471436,0.7884469628334045
YKL054C,YNL281W,0,-7.703211,0.11025641113519669,0.9772727489471436,0.7886363863945007
YFL022C,YHR086W,0,-7.7040806,0.11023285984992981,0.9772727489471436,0.7888257503509521
YML081C-A,YOL123W,0,-7.705687,0.11020930856466293,0.9772727489471436,0.7890151739120483
YNL023C,YOL072W,0,-7.705868,0.11018577963113785,0.9772727489471436,0.7892045378684998
YGL181W,YPL012W,0,-7.7068596,0.11016225814819336,0.9772727489471436,0.789393961429596
YNR035C,YOL082W,0,-7.7069464,0.11013874411582947,0.9772727489471436,0.7895833253860474
YKR027W,YMR239C,0,-7.708735,0.11011523753404617,0.9772727489471436,0.7897727489471436
YKL182W,YMR067C,0,-7.7093234,0.11009174585342407,0.9772727489471436,0.789962112903595
YMR186W,YJL102W,0,-7.7096252,0.11006826162338257,0.9772727489471436,0.7901515364646912
YGR186W,YBR165W,0,-7.7102904,0.11004478484392166,0.9772727489471436,0.7903409004211426
YGR103W,YMR095C,0,-7.710596,0.11002132296562195,0.9772727489471436,0.7905303239822388
YDR182W,YPR190C,0,-7.7118974,0.10999786853790283,0.9772727489471436,0.7907196879386902
YNL101W,YPL015C,0,-7.712453,0.10997442156076431,0.9772727489471436,0.7909091114997864
YIR009W,YNL110C,0,-7.712942,0.10995098948478699,0.9772727489471436,0.7910984754562378
YJL005W,YDL230W,0,-7.7185774,0.10992756485939026,0.9772727489471436,0.791287899017334
YNL135C,YBL103C,0,-7.7198405,0.10990415513515472,0.9772727489471436,0.7914772629737854
YER019W,YGR195W,0,-7.720668,0.10988075286149979,0.9772727489471436,0.7916666865348816
YLR155C,YDR292C,0,-7.721104,0.10985735803842545,0.9772727489471436,0.791856050491333
YDR412W,YKR059W,0,-7.722493,0.1098339706659317,0.9772727489471436,0.7920454740524292
YKL082C,YPR041W,0,-7.7231493,0.10981059819459915,0.9772727489471436,0.7922348380088806
YLR078C,YIL065C,0,-7.723586,0.1097872331738472,0.9772727489471436,0.7924242615699768
YPL078C,YJR103W,0,-7.726409,0.10976388305425644,0.9772727489471436,0.7926136255264282
YKL129C,YOL066C,0,-7.7266912,0.10974053293466568,0.9772727489471436,0.7928030490875244
YGR244C,YER013W,0,-7.7275877,0.10971720516681671,0.9772727489471436,0.7929924130439758
YLR155C,YGL104C,0,-7.7287683,0.10969387739896774,0.9772727489471436,0.793181836605072
YKL041W,YAR010C,0,-7.729358,0.10967056453227997,0.9772727489471436,0.7933712005615234
YPL137C,YLR272C,1,-7.730053,0.10985975712537766,0.9791666865348816,0.7933712005615234
YBR243C,YLR034C,0,-7.732929,0.10983641445636749,0.9791666865348816,0.7935606241226196
YNL159C,YDR411C,0,-7.733805,0.10981308668851852,0.9791666865348816,0.793749988079071
YPR025C,YCR053W,0,-7.734914,0.10978976637125015,0.9791666865348816,0.7939394116401672
YDR216W,YLR034C,0,-7.736184,0.10976645350456238,0.9791666865348816,0.7941287755966187
YOR046C,YKL075C,0,-7.7384562,0.1097431555390358,0.9791666865348816,0.7943181991577148
YPR185W,YLL011W,0,-7.7402854,0.10971986502408981,0.9791666865348816,0.7945075631141663
YER082C,YFL004W,0,-7.74576,0.10969658195972443,0.9791666865348816,0.7946969866752625
YBL099W,YAR008W,0,-7.746438,0.10967331379652023,0.9791666865348816,0.7948863506317139
YJL194W,YJR070C,0,-7.7469683,0.10965005308389664,0.9791666865348816,0.7950757741928101
YPL126W,YML131W,0,-7.749987,0.10962679982185364,0.9791666865348816,0.7952651381492615
YHL002W,YGR002C,0,-7.751724,0.10960356146097183,0.9791666865348816,0.7954545617103577
YHR055C,YDR312W,0,-7.7517266,0.10958033055067062,0.9791666865348816,0.7956439256668091
YGR118W,YPL232W,0,-7.751737,0.10955710709095001,0.9791666865348816,0.7958333492279053
YDR086C,YJR141W,0,-7.7525806,0.1095338985323906,0.9791666865348816,0.7960227131843567
YML031W,YNL339C,0,-7.752717,0.10951069742441177,0.9791666865348816,0.7962121367454529
YCL025C,YEL056W,0,-7.753462,0.10948750376701355,0.9791666865348816,0.7964015007019043
YJR013W,YDR412W,0,-7.7549205,0.10946432501077652,0.9791666865348816,0.7965909242630005
YGL089C,YCR053W,0,-7.7550263,0.10944115370512009,0.9791666865348816,0.7967802882194519
YDL051W,YHR031C,0,-7.755664,0.10941798985004425,0.9791666865348816,0.7969697117805481
YOL010W,YPL016W,0,-7.756544,0.10939483344554901,0.9791666865348816,0.7971590757369995
YGL191W,YER107C,0,-7.757136,0.10937169194221497,0.9791666865348816,0.7973484992980957
YGR003W,YER031C,0,-7.7573233,0.10934856534004211,0.9791666865348816,0.7975378632545471
YJR070C,YPL232W,0,-7.7576537,0.10932543873786926,0.9791666865348816,0.7977272868156433
YOR178C,YER149C,0,-7.75924,0.1093023270368576,0.9791666865348816,0.7979166507720947
YFR028C,YMR095C,0,-7.759531,0.10927922278642654,0.9791666865348816,0.7981060743331909
YBL099W,YIL056W,0,-7.760977,0.10925612598657608,0.9791666865348816,0.7982954382896423
YDR508C,YLR222C,0,-7.7620215,0.10923304408788681,0.9791666865348816,0.7984848618507385
YER167W,YOR195W,0,-7.763809,0.10920996963977814,0.9791666865348816,0.7986742258071899
YGL089C,YBR035C,0,-7.7651215,0.10918690264225006,0.9791666865348816,0.7988636493682861
YPL265W,YFL024C,0,-7.767762,0.10916385054588318,0.9791666865348816,0.7990530133247375
YER183C,YDR443C,0,-7.773031,0.1091408059000969,0.9791666865348816,0.7992424368858337
YJL014W,YER052C,0,-7.773341,0.1091177687048912,0.9791666865348816,0.7994318008422852
YJL128C,YHR098C,0,-7.7735424,0.10909474641084671,0.9791666865348816,0.7996212244033813
YPR179C,YDL081C,0,-7.7739544,0.10907173156738281,0.9791666865348816,0.7998105883598328
YOR079C,YDL014W,0,-7.7740593,0.10904872417449951,0.9791666865348816,0.800000011920929
YNL135C,YOR089C,0,-7.7757387,0.10902572423219681,0.9791666865348816,0.8001893758773804
YLR181C,YGR211W,0,-7.777237,0.1090027391910553,0.9791666865348816,0.8003787994384766
YKL046C,YJR028W,0,-7.777384,0.10897976160049438,0.9791666865348816,0.800568163394928
YIR009W,YAL068C,0,-7.778017,0.10895679891109467,0.9791666865348816,0.8007575869560242
YML057W,YFR052W,0,-7.7800407,0.10893383622169495,0.9791666865348816,0.8009469509124756
YKL054C,YLL061W,0,-7.7805605,0.10891088843345642,0.9791666865348816,0.8011363744735718
YHR001W-A,YBR231C,0,-7.7807984,0.10888795554637909,0.9791666865348816,0.8013257384300232
YPL187W,YLR447C,0,-7.7827883,0.10886502265930176,0.9791666865348816,0.8015151619911194
YER025W,YNL163C,0,-7.7839537,0.10884210467338562,0.9791666865348816,0.8017045259475708
YDR198C,YGR180C,0,-7.7856255,0.10881919413805008,0.9791666865348816,0.801893949508667
YDR099W,YMR129W,0,-7.786847,0.10879629850387573,0.9791666865348816,0.8020833134651184
YML094W,YFL005W,0,-7.7884235,0.10877340286970139,0.9791666865348816,0.8022727370262146
YBL079W,YML085C,1,-7.792699,0.10896087437868118,0.9810606241226196,0.8022727370262146
YPL022W,YPR190C,0,-7.79377,0.10893795639276505,0.9810606241226196,0.802462100982666
YBL033C,YLR447C,0,-7.7953978,0.1089150533080101,0.9810606241226196,0.8026515245437622
YGL181W,YER103W,0,-7.796077,0.10889215767383575,0.9810606241226196,0.8028408885002136
YPL061W,YER053C,0,-7.7967362,0.108869269490242,0.9810606241226196,0.8030303120613098
YDR434W,YIL017C,0,-7.796934,0.10884639620780945,0.9810606241226196,0.8032196760177612
YHR055C,YGR211W,0,-7.7997503,0.10882353037595749,0.9810606241226196,0.8034090995788574
YDR284C,YJL124C,0,-7.802949,0.10880067199468613,0.9810606241226196,0.8035984635353088
YMR213W,YPL019C,0,-7.8049374,0.10877782106399536,0.9810606241226196,0.803787887096405
YKL188C,YOR057W,0,-7.806175,0.10875498503446579,0.9810606241226196,0.8039772510528564
YOR061W,YPR154W,0,-7.8067055,0.10873215645551682,0.9810606241226196,0.8041666746139526
YDR216W,YML115C,0,-7.807906,0.10870933532714844,0.9810606241226196,0.804356038570404
YMR247C,YLR181C,0,-7.808844,0.10868652909994125,0.9810606241226196,0.8045454621315002
YFL058W,YKL099C,0,-7.8114495,0.10866373032331467,0.9810606241226196,0.8047348260879517
YNL282W,YFL004W,0,-7.814329,0.10864093899726868,0.9810606241226196,0.8049242496490479
YOL008W,YLL061W,0,-7.8145204,0.10861816257238388,0.9810606241226196,0.8051136136054993
YJL072C,YGR118W,0,-7.814996,0.10859538614749908,0.9810606241226196,0.8053030371665955
YNR058W,YMR298W,0,-7.817733,0.10857262462377548,0.9810606241226196,0.8054924011230469
YLR134W,YMR247C,0,-7.8199124,0.10854987055063248,0.9810606241226196,0.8056818246841431
YCR071C,YPR144C,0,-7.820775,0.10852713137865067,0.9810606241226196,0.8058711886405945
YIL017C,YJL012C,0,-7.8226686,0.10850439965724945,0.9810606241226196,0.8060606122016907
YNR058W,YDL230W,0,-7.822713,0.10848167538642883,0.9810606241226196,0.8062499761581421
YLL060C,YJL116C,0,-7.823295,0.10845895856618881,0.9810606241226196,0.8064393997192383
YGR057C,YIL082W-A,0,-7.824498,0.10843625664710999,0.9810606241226196,0.8066287636756897
YOR332W,YGR211W,0,-7.8319006,0.10841356217861176,0.9810606241226196,0.8068181872367859
YLR129W,YIL076W,0,-7.832943,0.10839087516069412,0.9810606241226196,0.8070075511932373
YNL177C,YLR248W,0,-7.8340626,0.10836820304393768,0.9810606241226196,0.8071969747543335
YEL036C,YER025W,0,-7.835822,0.10834553092718124,0.9810606241226196,0.8073863387107849
YKL182W,YML115C,0,-7.8368025,0.1083228811621666,0.9810606241226196,0.8075757622718811
YCL025C,YPL268W,0,-7.8397255,0.10830023139715195,0.9810606241226196,0.8077651262283325
YKR038C,YDR122W,0,-7.8418245,0.1082775890827179,0.9810606241226196,0.8079545497894287
YGL043W,YGL183C,0,-7.843517,0.10825496166944504,0.9810606241226196,0.8081439137458801
YPR190C,YHR060W,0,-7.844718,0.10823234170675278,0.9810606241226196,0.8083333373069763
YBR161W,YDR202C,0,-7.8461456,0.10820973664522171,0.9810606241226196,0.8085227012634277
YAL068C,YLR376C,0,-7.846155,0.10818713158369064,0.9810606241226196,0.8087121248245239
YLL060C,YOR270C,0,-7.848242,0.10816454142332077,0.9810606241226196,0.8089014887809753
YPL262W,YFR033C,0,-7.8497524,0.1081419587135315,0.9810606241226196,0.8090909123420715
YGL043W,YBR035C,0,-7.8498077,0.10811939090490341,0.9810606241226196,0.809280276298523
YLR347C,YEL031W,0,-7.851546,0.10809683054685593,0.9810606241226196,0.8094696998596191
YKL086W,YDR160W,0,-7.852531,0.10807427763938904,0.9810606241226196,0.8096590638160706
YDR434W,YER053C,0,-7.8545046,0.10805173218250275,0.9810606241226196,0.8098484873771667
YPL178W,YML028W,0,-7.854811,0.10802919417619705,0.9810606241226196,0.8100378513336182
YLR034C,YOR027W,0,-7.85518,0.10800667107105255,0.9810606241226196,0.8102272748947144
YCR071C,YLR222C,0,-7.8556876,0.10798415541648865,0.9810606241226196,0.8104166388511658
YOL045W,YBR273C,0,-7.8576264,0.10796164721250534,0.9810606241226196,0.810606062412262
YOR061W,YMR211W,0,-7.859661,0.10793915390968323,0.9810606241226196,0.8107954263687134
YNR030W,YNL163C,0,-7.8600125,0.10791666805744171,0.9810606241226196,0.8109848499298096
YOL080C,YLR208W,0,-7.8626637,0.10789418965578079,0.9810606241226196,0.811174213886261
YPL231W,YFL004W,0,-7.8666315,0.10787171870470047,0.9810606241226196,0.8113636374473572
YOR103C,YOR327C,0,-7.867626,0.10784926265478134,0.9810606241226196,0.8115530014038086
YBR055C,YMR022W,0,-7.869111,0.10782681405544281,0.9810606241226196,0.8117424249649048
YBL033C,YJL156C,0,-7.870037,0.10780437290668488,0.9810606241226196,0.8119317889213562
YDR198C,YOR137C,0,-7.870778,0.10778193920850754,0.9810606241226196,0.8121212124824524
YJL071W,YJR070C,0,-7.8709154,0.1077595204114914,0.9810606241226196,0.8123105764389038
YKL082C,YML045W,0,-7.871691,0.10773710161447525,0.9810606241226196,0.8125
YLL031C,YEL024W,0,-7.8720884,0.1077147051692009,0.9810606241226196,0.8126894235610962
YIL033C,YLR130C,0,-7.8738136,0.10769230872392654,0.9810606241226196,0.8128787875175476
YBL009W,YBR117C,0,-7.8740044,0.10766991972923279,0.9810606241226196,0.8130682110786438
YDR037W,YLR316C,0,-7.8763223,0.10764754563570023,0.9810606241226196,0.8132575750350952
YGL209W,YFR037C,0,-7.8786745,0.10762517899274826,0.9810606241226196,0.8134469985961914
YPL160W,YDR517W,0,-7.880849,0.10760282725095749,0.9810606241226196,0.8136363625526428
YGL047W,YFR050C,0,-7.8828225,0.10758047550916672,0.9810606241226196,0.813825786113739
YOL127W,YMR067C,0,-7.8840976,0.10755813866853714,0.9810606241226196,0.8140151500701904
YDL198C,YDR335W,0,-7.8848243,0.10753580927848816,0.9810606241226196,0.8142045736312866
YLR189C,YHR165C,0,-7.885561,0.10751349478960037,0.9810606241226196,0.814393937587738
YEL034W,YIL048W,0,-7.8858905,0.10749118030071259,0.9810606241226196,0.8145833611488342
YJR070C,YNL279W,0,-7.8869777,0.10746888071298599,0.9810606241226196,0.8147727251052856
YAR002W,YPR182W,0,-7.888455,0.10744658857584,0.9810606241226196,0.8149621486663818
YER103W,YML045W,0,-7.8901215,0.1074243038892746,0.9810606241226196,0.8151515126228333
YGR180C,YER116C,0,-7.8905163,0.10740203410387039,0.9810606241226196,0.8153409361839294
YOL040C,YMR016C,0,-7.8909416,0.10737976431846619,0.9810606241226196,0.8155303001403809
YKL043W,YLR025W,0,-7.8918805,0.10735750943422318,0.9810606241226196,0.815719723701477
YNR001C,YJL196C,0,-7.892412,0.10733526945114136,0.9810606241226196,0.8159090876579285
YBR243C,YER001W,0,-7.8928423,0.10731302946805954,0.9810606241226196,0.8160985112190247
YNL055C,YGL112C,0,-7.894578,0.10729080438613892,0.9810606241226196,0.8162878751754761
YDR036C,YDL100C,0,-7.901515,0.10726858675479889,0.9810606241226196,0.8164772987365723
YDL031W,YOL045W,0,-7.902234,0.10724637657403946,0.9810606241226196,0.8166666626930237
YER119C,YAR014C,0,-7.9025154,0.10722417384386063,0.9810606241226196,0.8168560862541199
YDL200C,YOL127W,0,-7.904249,0.10720198601484299,0.9810606241226196,0.8170454502105713
YGR159C,YML131W,0,-7.91166,0.10717980563640594,0.9810606241226196,0.8172348737716675
YBR131W,YGL253W,0,-7.9123955,0.1071576327085495,0.9810606241226196,0.8174242377281189
YJR031C,YOR027W,0,-7.91498,0.10713546723127365,0.9810606241226196,0.8176136612892151
YNR010W,YOL006C,1,-7.9167933,0.10732010006904602,0.9829545617103577,0.8176136612892151
YKL160W,YML023C,0,-7.917012,0.10729791224002838,0.9829545617103577,0.8178030252456665
YJL204C,YPR182W,0,-7.9176135,0.10727573186159134,0.9829545617103577,0.8179924488067627
YJL157C,YBR024W,0,-7.918661,0.10725356638431549,0.9829545617103577,0.8181818127632141
YDR515W,YNL339C,0,-7.9196424,0.10723140835762024,0.9829545617103577,0.8183712363243103
YLR347C,YPL146C,0,-7.9196987,0.10720925778150558,0.9829545617103577,0.8185606002807617
YAL041W,YGL089C,0,-7.921134,0.10718711465597153,0.9829545617103577,0.8187500238418579
YNR032C-A,YHR065C,0,-7.923219,0.10716497898101807,0.9829545617103577,0.8189393877983093
YMR301C,YJL102W,0,-7.923835,0.1071428582072258,0.9829545617103577,0.8191288113594055
YDR256C,YKL154W,0,-7.9239693,0.10712074488401413,0.9829545617103577,0.8193181753158569
YDR517W,YPL031C,0,-7.928132,0.10709863901138306,0.9829545617103577,0.8195075988769531
YLR196W,YPL045W,0,-7.928847,0.10707654058933258,0.9829545617103577,0.8196969628334045
YJR052W,YOL010W,0,-7.934417,0.1070544570684433,0.9829545617103577,0.8198863863945007
YMR136W,YDR122W,0,-7.934447,0.10703238099813461,0.9829545617103577,0.8200757503509521
YDR317W,YDR202C,0,-7.9350224,0.10701031237840652,0.9829545617103577,0.8202651739120483
YJL116C,YHR042W,0,-7.935635,0.10698825120925903,0.9829545617103577,0.8204545378684998
YPL126W,YOL042W,0,-7.936088,0.10696619749069214,0.9829545617103577,0.820643961429596
YOR023C,YOR076C,0,-7.938689,0.10694415867328644,0.9829545617103577,0.8208333253860474
YAR002W,YGL030W,0,-7.940176,0.10692212730646133,0.9829545617103577,0.8210227489471436
YOR034C,YNL055C,0,-7.941352,0.10690010339021683,0.9829545617103577,0.821212112903595
YLL019C,YBR237W,0,-7.941418,0.10687808692455292,0.9829545617103577,0.8214015364646912
YOR112W,YOR027W,0,-7.941552,0.1068560853600502,0.9829545617103577,0.8215909004211426
YGL253W,YGR078C,0,-7.9420533,0.10683409124612808,0.9829545617103577,0.8217803239822388
YHL002W,YJR145C,0,-7.9422274,0.10681210458278656,0.9829545617103577,0.8219696879386902
YKL170W,YJL012C,0,-7.9465966,0.10679012537002563,0.9829545617103577,0.8221591114997864
YML067C,YLR303W,0,-7.9483366,0.1067681536078453,0.9829545617103577,0.8223484754562378
YML080W,YEL031W,0,-7.95249,0.10674619674682617,0.9829545617103577,0.822537899017334
YDL181W,YOL026C,0,-7.9538794,0.10672424733638763,0.9829545617103577,0.8227272629737854
YGL201C,YNL202W,0,-7.954482,0.1067023053765297,0.9829545617103577,0.8229166865348816
YLR429W,YLR196W,0,-7.9568963,0.10668037086725235,0.9829545617103577,0.823106050491333
YKL016C,YDR174W,0,-7.958663,0.1066584438085556,0.9829545617103577,0.8232954740524292
YDR216W,YDL118W,0,-7.9599924,0.10663653165102005,0.9829545617103577,0.8234848380088806
YNL073W,YLR208W,0,-7.9608846,0.1066146269440651,0.9829545617103577,0.8236742615699768
YOL158C,YOR057W,0,-7.961387,0.10659272968769073,0.9829545617103577,0.8238636255264282
YOL086C,YDR013W,0,-7.962991,0.10657083988189697,0.9829545617103577,0.8240530490875244
YER052C,YLR455W,0,-7.967556,0.1065489649772644,0.9829545617103577,0.8242424130439758
YNR027W,YFR050C,0,-7.9677095,0.10652709007263184,0.9829545617103577,0.824431836605072
YKL016C,YJL006C,0,-7.9692554,0.10650523006916046,0.9829545617103577,0.8246212005615234
YMR199W,YOL045W,0,-7.9699526,0.10648337751626968,0.9829545617103577,0.8248106241226196
YJL005W,YML080W,0,-7.9701447,0.1064615398645401,0.9829545617103577,0.824999988079071
YDL197C,YNL004W,0,-7.9721975,0.10643970221281052,0.9829545617103577,0.8251894116401672
YGL089C,YER021W,0,-7.972743,0.10641787946224213,0.9829545617103577,0.8253787755966187
YNR058W,YER001W,0,-7.9785423,0.10639606416225433,0.9829545617103577,0.8255681991577148
YFR050C,YJR049C,0,-7.979169,0.10637425631284714,0.9829545617103577,0.8257575631141663
YIL033C,YLR210W,0,-7.9814997,0.10635245591402054,0.9829545617103577,0.8259469866752625
YJL014W,YDL051W,0,-7.9847383,0.10633067041635513,0.9829545617103577,0.8261363506317139
YDL198C,YOR057W,0,-7.9876404,0.10630889236927032,0.9829545617103577,0.8263257741928101
YGL191W,YEL031W,0,-7.987996,0.10628712177276611,0.9829545617103577,0.8265151381492615
YJR042W,YDR129C,0,-7.9887514,0.1062653586268425,0.9829545617103577,0.8267045617103577
YIL008W,YJR026W,0,-7.9937353,0.10624360293149948,0.9829545617103577,0.8268939256668091
YJL006C,YLR248W,0,-7.9961295,0.10622185468673706,0.9829545617103577,0.8270833492279053
YGR225W,YHR065C,0,-7.997378,0.10620012134313583,0.9829545617103577,0.8272727131843567
YKL149C,YNL055C,0,-7.998068,0.1061783954501152,0.9829545617103577,0.8274621367454529
YJL157C,YCR020C-A,0,-8.003733,0.10615667700767517,0.9829545617103577,0.8276515007019043
YIL033C,YBR159W,0,-8.004403,0.10613496601581573,0.9829545617103577,0.8278409242630005
YOR120W,YNL201C,0,-8.004963,0.10611326992511749,0.9829545617103577,0.8280302882194519
YDR164C,YKL196C,0,-8.008859,0.10609158128499985,0.9829545617103577,0.8282197117805481
YBR237W,YKL099C,0,-8.011305,0.1060698926448822,0.9829545617103577,0.8284090757369995
YPR006C,YPL016W,0,-8.012484,0.10604821890592575,0.9829545617103577,0.8285984992980957
YBR243C,YPL095C,0,-8.016638,0.1060265600681305,0.9829545617103577,0.8287878632545471
YLR045C,YBR083W,0,-8.017237,0.10600490123033524,0.9829545617103577,0.8289772868156433
YGL070C,YGR118W,0,-8.022056,0.10598325729370117,0.9829545617103577,0.8291666507720947
YDR174W,YMR216C,0,-8.022421,0.10596161335706711,0.9829545617103577,0.8293560743331909
YKL170W,YDR388W,0,-8.022971,0.10593998432159424,0.9829545617103577,0.8295454382896423
YJR059W,YJL025W,0,-8.024723,0.10591837018728256,0.9829545617103577,0.8297348618507385
YLL061W,YPR189W,0,-8.024833,0.10589675605297089,0.9829545617103577,0.8299242258071899
YPR201W,YGL178W,0,-8.0260515,0.10587514936923981,0.9829545617103577,0.8301136493682861
YJL196C,YOL123W,0,-8.027632,0.10585355758666992,0.9829545617103577,0.8303030133247375
YNL232W,YDR285W,0,-8.028049,0.10583197325468063,0.9829545617103577,0.8304924368858337
YJL208C,YOR003W,0,-8.02807,0.10581039637327194,0.9829545617103577,0.8306818008422852
YAL058W,YNR053C,0,-8.035411,0.10578882694244385,0.9829545617103577,0.8308712244033813
YDR324C,YER005W,0,-8.035758,0.10576727241277695,0.9829545617103577,0.8310605883598328
YDR508C,YBR196C,0,-8.036984,0.10574571788311005,0.9829545617103577,0.831250011920929
YEL034W,YDR276C,0,-8.038227,0.10572417825460434,0.9829545617103577,0.8314393758773804
YPL160W,YBL093C,0,-8.038295,0.10570264607667923,0.9829545617103577,0.8316287994384766
YCL025C,YOL012C,0,-8.038727,0.10568112134933472,0.9829545617103577,0.831818163394928
YOL080C,YJL012C,0,-8.039961,0.1056596115231514,0.9829545617103577,0.8320075869560242
YJR105W,YIL017C,0,-8.040946,0.10563810169696808,0.9829545617103577,0.8321969509124756
YBR278W,YGL084C,0,-8.041089,0.10561660677194595,0.9829545617103577,0.8323863744735718
YPR144C,YPR018W,0,-8.041916,0.10559511929750443,0.9829545617103577,0.8325757384300232
YPR185W,YGL209W,0,-8.042123,0.1055736392736435,0.9829545617103577,0.8327651619911194
YLR034C,YAL001C,0,-8.042531,0.10555216670036316,0.9829545617103577,0.8329545259475708
YFR036W,YPL137C,1,-8.042685,0.10573403537273407,0.9848484992980957,0.8329545259475708
YGL191W,YNL232W,0,-8.047371,0.10571254044771194,0.9848484992980957,0.833143949508667
YOR150W,YML115C,0,-8.047744,0.10569106042385101,0.9848484992980957,0.8333333134651184
YGL089C,YMR016C,0,-8.047845,0.10566958039999008,0.9848484992980957,0.8335227370262146
YML055W,YOL097C,0,-8.049445,0.10564810782670975,0.9848484992980957,0.833712100982666
YOL082W,YNR023W,0,-8.049986,0.1056266501545906,0.9848484992980957,0.8339015245437622
YNL049C,YMR045C,0,-8.050741,0.10560519993305206,0.9848484992980957,0.8340908885002136
YOL040C,YJR004C,0,-8.051541,0.10558375716209412,0.9848484992980957,0.8342803120613098
YJL116C,YDL188C,0,-8.052645,0.10556232184171677,0.9848484992980957,0.8344696760177612
YMR012W,YGL236C,0,-8.052662,0.10554089397192001,0.9848484992980957,0.8346590995788574
YPR144C,YJL012C,0,-8.054172,0.10551948100328445,0.9848484992980957,0.8348484635353088
YPL019C,YML045W,0,-8.054538,0.10549807548522949,0.9848484992980957,0.835037887096405
YIR017C,YPL026C,0,-8.054925,0.10547666996717453,0.9848484992980957,0.8352272510528564
YAL041W,YMR136W,0,-8.056213,0.10545527935028076,0.9848484992980957,0.8354166746139526
YNL041C,YER053C,0,-8.061631,0.10543390363454819,0.9848484992980957,0.835606038570404
YBR201W,YNL294C,0,-8.061726,0.10541252791881561,0.9848484992980957,0.8357954621315002
YNR053C,YAL001C,0,-8.062493,0.10539115965366364,0.9848484992980957,0.8359848260879517
YNL253W,YOL124C,0,-8.064699,0.10536980628967285,0.9848484992980957,0.8361742496490479
YPR191W,YOR057W,0,-8.065898,0.10534846037626266,0.9848484992980957,0.8363636136054993
YGR220C,YDR481C,0,-8.066478,0.10532712191343307,0.9848484992980957,0.8365530371665955
YMR285C,YGL104C,0,-8.068635,0.10530579090118408,0.9848484992980957,0.8367424011230469
YPR154W,YDR285W,0,-8.069975,0.10528446733951569,0.9848484992980957,0.8369318246841431
YNL001W,YAR002C-A,0,-8.076492,0.10526315867900848,0.9848484992980957,0.8371211886405945
YML080W,YBR272C,0,-8.077362,0.10524185746908188,0.9848484992980957,0.8373106122016907
YDR116C,YDR311W,0,-8.077832,0.10522055625915527,0.9848484992980957,0.8374999761581421
YGR159C,YJL210W,0,-8.07944,0.10519926995038986,0.9848484992980957,0.8376893997192383
YMR162C,YJR070C,0,-8.084785,0.10517799109220505,0.9848484992980957,0.8378787636756897
YOR103C,YDR306C,0,-8.085669,0.10515672713518143,0.9848484992980957,0.8380681872367859
YPL015C,YOR224C,0,-8.089987,0.1051354631781578,0.9848484992980957,0.8382575511932373
YCR038C,YCL040W,0,-8.091499,0.10511421412229538,0.9848484992980957,0.8384469747543335
YGL030W,YLR455W,0,-8.095188,0.10509296506643295,0.9848484992980957,0.8386363387107849
YPR065W,YDR412W,0,-8.095442,0.10507173091173172,0.9848484992980957,0.8388257622718811
YLL061W,YFL004W,0,-8.096254,0.10505050420761108,0.9848484992980957,0.8390151262283325
YNL173C,YJR049C,0,-8.098246,0.10502928495407104,0.9848484992980957,0.8392045497894287
YPR190C,YDR412W,0,-8.100833,0.1050080806016922,0.9848484992980957,0.8393939137458801
YBR089C-A,YJR103W,0,-8.104004,0.10498687624931335,0.9848484992980957,0.8395833373069763
YNL245C,YGL205W,0,-8.10438,0.1049656867980957,0.9848484992980957,0.8397727012634277
YPR167C,YDR276C,0,-8.104643,0.10494449734687805,0.9848484992980957,0.8399621248245239
YKR038C,YGL045W,0,-8.105465,0.1049233227968216,0.9848484992980957,0.8401514887809753
YFL022C,YPL117C,0,-8.107128,0.10490215569734573,0.9848484992980957,0.8403409123420715
YFR050C,YBR117C,0,-8.107308,0.10488100349903107,0.9848484992980957,0.840530276298523
YDR296W,YLL061W,0,-8.109663,0.1048598513007164,0.9848484992980957,0.8407196998596191
YPR201W,YML078W,0,-8.109844,0.10483870655298233,0.9848484992980957,0.8409090638160706
YOR245C,YPL203W,0,-8.110277,0.10481757670640945,0.9848484992980957,0.8410984873771667
YOR267C,YBR272C,0,-8.110687,0.10479645431041718,0.9848484992980957,0.8412878513336182
YPR165W,YGL169W,0,-8.1146755,0.1047753393650055,0.9848484992980957,0.8414772748947144
YLR384C,YPL237W,0,-8.114727,0.10475423187017441,0.9848484992980957,0.8416666388511658
YCR071C,YLR248W,0,-8.116624,0.10473313182592392,0.9848484992980957,0.841856062412262
YBR089C-A,YGR002C,0,-8.1188135,0.10471203923225403,0.9848484992980957,0.8420454263687134
YCR037C,YOL040C,0,-8.12078,0.10469096153974533,0.9848484992980957,0.8422348499298096
YGL174W,YDR202C,0,-8.1212635,0.10466988384723663,0.9848484992980957,0.842424213886261
YLR043C,YEL012W,0,-8.122927,0.10464882105588913,0.9848484992980957,0.8426136374473572
YJL112W,YLR134W,0,-8.123083,0.10462776571512222,0.9848484992980957,0.8428030014038086
YNL009W,YMR298W,0,-8.127064,0.10460671782493591,0.9848484992980957,0.8429924249649048
YKL160W,YOR195W,0,-8.127362,0.1045856773853302,0.9848484992980957,0.8431817889213562
YER103W,YOL109W,0,-8.1280365,0.10456465184688568,0.9848484992980957,0.8433712124824524
YER006W,YGR002C,0,-8.131556,0.10454362630844116,0.9848484992980957,0.8435605764389038
YBL033C,YGL039W,0,-8.132304,0.10452261567115784,0.9848484992980957,0.84375
YBR089C-A,YPR191W,0,-8.133268,0.10450160503387451,0.9848484992980957,0.8439394235610962
YKL139W,YOR120W,0,-8.133717,0.10448060929775238,0.9848484992980957,0.8441287875175476
YNL261W,YLR134W,0,-8.134441,0.10445962101221085,0.9848484992980957,0.8443182110786438
YOR034C,YFR033C,0,-8.134563,0.10443864017724991,0.9848484992980957,0.8445075750350952
YGL183C,YOL028C,0,-8.138044,0.10441767424345016,0.9848484992980957,0.8446969985961914
YLR330W,YAL016W,0,-8.138556,0.10439670830965042,0.9848484992980957,0.8448863625526428
YLR026C,YDR306C,0,-8.139271,0.10437574982643127,0.9848484992980957,0.845075786113739
YPL244C,YFL005W,0,-8.14081,0.10435480624437332,0.9848484992980957,0.8452651500701904
YKL004W,YOR110W,0,-8.141087,0.10433387011289597,0.9848484992980957,0.8454545736312866
YFL013C,YDR412W,0,-8.143646,0.1043129414319992,0.9848484992980957,0.845643937587738
YDR037W,YGR253C,0,-8.146608,0.10429202020168304,0.9848484992980957,0.8458333611488342
YDL192W,YGR086C,0,-8.149545,0.10427110642194748,0.9848484992980957,0.8460227251052856
YLR384C,YNL012W,0,-8.150188,0.10425020009279251,0.9848484992980957,0.8462121486663818
YNL207W,YKR001C,0,-8.150856,0.10422930121421814,0.9848484992980957,0.8464015126228333
YKR066C,YLR105C,0,-8.15182,0.10420841723680496,0.9848484992980957,0.8465909361839294
YIR037W,YLR026C,0,-8.154238,0.10418754070997238,0.9848484992980957,0.8467803001403809
YPL012W,YDR160W,0,-8.1551485,0.1041666641831398,0.9848484992980957,0.846969723701477
YDR122W,YER118C,0,-8.157529,0.10414580255746841,0.9848484992980957,0.8471590876579285
YDR254W,YPL137C,1,-8.158724,0.10432519018650055,0.9867424368858337,0.8471590876579285
YBL008W,YBL093C,0,-8.158938,0.10430430620908737,0.9867424368858337,0.8473485112190247
YDR317W,YPL019C,0,-8.159069,0.10428342968225479,0.9867424368858337,0.8475378751754761
YDR508C,YNL294C,0,-8.159089,0.10426256060600281,0.9867424368858337,0.8477272987365723
YPL190C,YPL012W,0,-8.159798,0.10424169898033142,0.9867424368858337,0.8479166626930237
YLR026C,YPL063W,0,-8.164396,0.10422084480524063,0.9867424368858337,0.8481060862541199
YIL114C,YOR003W,0,-8.165393,0.10419999808073044,0.9867424368858337,0.8482954502105713
YDL226C,YDR296W,0,-8.16625,0.10417916625738144,0.9867424368858337,0.8484848737716675
YMR095C,YGR251W,0,-8.166618,0.10415833443403244,0.9867424368858337,0.8486742377281189
YPL244C,YJR070C,0,-8.167418,0.10413751751184464,0.9867424368858337,0.8488636612892151
YER154W,YDR312W,0,-8.169054,0.10411670804023743,0.9867424368858337,0.8490530252456665
YMR035W,YDR311W,0,-8.171236,0.10409590601921082,0.9867424368858337,0.8492424488067627
YGL181W,YNR039C,0,-8.17198,0.1040751114487648,0.9867424368858337,0.8494318127632141
YER019C-A,YPR041W,0,-8.174685,0.10405432432889938,0.9867424368858337,0.8496212363243103
YER019C-A,YGL169W,0,-8.1754675,0.10403354465961456,0.9867424368858337,0.8498106002807617
YOL082W,YBR035C,0,-8.177385,0.10401277989149094,0.9867424368858337,0.8500000238418579
YHR031C,YKR059W,0,-8.177634,0.10399201512336731,0.9867424368858337,0.8501893877983093
YIL037C,YER103W,0,-8.178127,0.10397126525640488,0.9867424368858337,0.8503788113594055
YOL086C,YOR340C,0,-8.178827,0.10395051538944244,0.9867424368858337,0.8505681753158569
YGR145W,YOR254C,0,-8.178876,0.1039297804236412,0.9867424368858337,0.8507575988769531
YOR178C,YPR036W,0,-8.180353,0.10390905290842056,0.9867424368858337,0.8509469628334045
YLR043C,YOL129W,0,-8.181549,0.10388833284378052,0.9867424368858337,0.8511363863945007
YER025W,YLR136C,0,-8.184667,0.10386762022972107,0.9867424368858337,0.8513257503509521
YBR023C,YDL181W,0,-8.186664,0.10384692251682281,0.9867424368858337,0.8515151739120483
YDR036C,YJR004C,0,-8.187992,0.10382622480392456,0.9867424368858337,0.8517045378684998
YER017C,YGL209W,0,-8.188121,0.1038055419921875,0.9867424368858337,0.851893961429596
YER025W,YOL026C,0,-8.189108,0.10378485918045044,0.9867424368858337,0.8520833253860474
YEL034W,YER006W,0,-8.19017,0.10376419126987457,0.9867424368858337,0.8522727489471436
YDR101C,YER167W,0,-8.192135,0.1037435308098793,0.9867424368858337,0.852462112903595
YGR225W,YDR429C,0,-8.195236,0.10372287780046463,0.9867424368858337,0.8526515364646912
YBR201W,YBR273C,0,-8.196255,0.10370223224163055,0.9867424368858337,0.8528409004211426
YEL056W,YNL110C,0,-8.199791,0.10368159413337708,0.9867424368858337,0.8530303239822388
YPR137W,YMR227C,0,-8.202124,0.1036609634757042,0.9867424368858337,0.8532196879386902
YOR267C,YJR141W,0,-8.203701,0.10364034026861191,0.9867424368858337,0.8534091114997864
YDR256C,YNL149C,0,-8.206041,0.10361973196268082,0.9867424368858337,0.8535984754562378
YLR163C,YGR086C,0,-8.20668,0.10359912365674973,0.9867424368858337,0.853787899017334
YEL024W,YBR118W,0,-8.206873,0.10357853025197983,0.9867424368858337,0.8539772629737854
YBL084C,YML085C,1,-8.207583,0.10375671088695526,0.9886363744735718,0.8539772629737854
YKL170W,YML060W,0,-8.210583,0.10373608767986298,0.9886363744735718,0.8541666865348816
YDR099W,YKR066C,0,-8.211309,0.10371547937393188,0.9886363744735718,0.854356050491333
YGL236C,YCR026C,0,-8.215607,0.10369487851858139,0.9886363744735718,0.8545454740524292
YHR055C,YDR446W,0,-8.216703,0.1036742776632309,0.9886363744735718,0.8547348380088806
YBR023C,YEL012W,0,-8.218311,0.1036536917090416,0.9886363744735718,0.8549242615699768
YGR256W,YKL214C,0,-8.223463,0.10363311320543289,0.9886363744735718,0.8551136255264282
YLR196W,YER005W,0,-8.224402,0.10361254215240479,0.9886363744735718,0.8553030490875244
YDL031W,YGL236C,0,-8.224968,0.10359198600053787,0.9886363744735718,0.8554924130439758
YJL196C,YBR159W,0,-8.225178,0.10357142984867096,0.9886363744735718,0.855681836605072
YDL192W,YOR003W,0,-8.226105,0.10355088114738464,0.9886363744735718,0.8558712005615234
YGR225W,YER126C,0,-8.228248,0.10353034734725952,0.9886363744735718,0.8560606241226196
YMR136W,YCL024W,0,-8.228623,0.1035098135471344,0.9886363744735718,0.856249988079071
YER006W,YDR460W,0,-8.229302,0.10348929464817047,0.9886363744735718,0.8564394116401672
YPL204W,YOL006C,1,-8.229431,0.1036669984459877,0.9905303120613098,0.8564394116401672
YDR513W,YGL246C,0,-8.234814,0.10364644974470139,0.9905303120613098,0.8566287755966187
YOR244W,YAR002W,0,-8.235013,0.10362591594457626,0.9905303120613098,0.8568181991577148
YKL043W,YLR360W,0,-8.236261,0.10360538959503174,0.9905303120613098,0.8570075631141663
YMR162C,YJL042W,0,-8.237822,0.10358487069606781,0.9905303120613098,0.8571969866752625
YPR201W,YKL009W,0,-8.238226,0.10356435924768448,0.9905303120613098,0.8573863506317139
YML078W,YGL104C,0,-8.240647,0.10354385524988174,0.9905303120613098,0.8575757741928101
YDR174W,YPL274W,0,-8.24328,0.1035233587026596,0.9905303120613098,0.8577651381492615
YMR301C,YLR447C,0,-8.244692,0.10350286960601807,0.9905303120613098,0.8579545617103577
YGL115W,YCR033W,0,-8.247488,0.10348238795995712,0.9905303120613098,0.8581439256668091
YLR196W,YLR025W,0,-8.252385,0.10346192121505737,0.9905303120613098,0.8583333492279053
YNL232W,YHR001W-A,0,-8.25264,0.10344145447015762,0.9905303120613098,0.8585227131843567
YPL095C,YDR434W,0,-8.254696,0.10342100262641907,0.9905303120613098,0.8587121367454529
YPR154W,YDR057W,0,-8.256775,0.10340055078268051,0.9905303120613098,0.8589015007019043
YJL042W,YOL127W,0,-8.2572365,0.10338011384010315,0.9905303120613098,0.8590909242630005
YDL031W,YOR103C,0,-8.259127,0.10335968434810638,0.9905303120613098,0.8592802882194519
YKL082C,YNL257C,0,-8.259602,0.10333926230669022,0.9905303120613098,0.8594697117805481
YLR080W,YLR136C,0,-8.262576,0.10331884771585464,0.9905303120613098,0.8596590757369995
YBR162C,YBR082C,0,-8.262733,0.10329844057559967,0.9905303120613098,0.8598484992980957
YPL262W,YIL008W,0,-8.264906,0.10327804088592529,0.9905303120613098,0.8600378632545471
YGR145W,YOR359W,0,-8.267189,0.10325764864683151,0.9905303120613098,0.8602272868156433
YLR208W,YJR103W,0,-8.268614,0.10323727130889893,0.9905303120613098,0.8604166507720947
YGL253W,YJL156C,0,-8.26868,0.10321689397096634,0.9905303120613098,0.8606060743331909
YCL025C,YJL208C,0,-8.2695875,0.10319652408361435,0.9905303120613098,0.8607954382896423
YGR244C,YPL063W,0,-8.269972,0.10317616909742355,0.9905303120613098,0.8609848618507385
YDR517W,YPL203W,0,-8.2707615,0.10315582156181335,0.9905303120613098,0.8611742258071899
YJL112W,YKR053C,0,-8.271954,0.10313547402620316,0.9905303120613098,0.8613636493682861
YGL191W,YGL045W,0,-8.272915,0.10311514139175415,0.9905303120613098,0.8615530133247375
YDR508C,YDL044C,0,-8.273954,0.10309481620788574,0.9905303120613098,0.8617424368858337
YDR256C,YBR196C,0,-8.274377,0.10307449847459793,0.9905303120613098,0.8619318008422852
YPR006C,YCR084C,0,-8.279383,0.10305418819189072,0.9905303120613098,0.8621212244033813
YDR101C,YGL195W,0,-8.280832,0.1030338853597641,0.9905303120613098,0.8623105883598328
YNR010W,YBL079W,1,-8.280926,0.10321056097745895,0.9924242496490479,0.8623105883598328
YNL177C,YKL014C,0,-8.281637,0.10319023579359055,0.9924242496490479,0.862500011920929
YBL079W,YJL080C,1,-8.282094,0.10336680710315704,0.9943181872367859,0.862500011920929
YHR165C,YOR332W,0,-8.284906,0.10334645956754684,0.9943181872367859,0.8626893758773804
YJL128C,YDR429C,0,-8.288069,0.10332611948251724,0.9943181872367859,0.8628787994384766
YMR136W,YPL015C,0,-8.288972,0.10330578684806824,0.9943181872367859,0.863068163394928
YBL033C,YDL083C,0,-8.289515,0.10328546166419983,0.9943181872367859,0.8632575869560242
YDL014W,YNL257C,0,-8.291868,0.10326514393091202,0.9943181872367859,0.8634469509124756
YHR026W,YKL214C,0,-8.292036,0.1032448410987854,0.9943181872367859,0.8636363744735718
YPL146C,YPL022W,0,-8.292858,0.10322453826665878,0.9943181872367859,0.8638257384300232
YFL014W,YOL012C,0,-8.296647,0.10320424288511276,0.9943181872367859,0.8640151619911194
YKL134C,YMR260C,0,-8.298781,0.10318396240472794,0.9943181872367859,0.8642045259475708
YDR423C,YDR306C,0,-8.300152,0.1031636893749237,0.9943181872367859,0.864393949508667
YDL230W,YJR103W,0,-8.302401,0.10314341634511948,0.9943181872367859,0.8645833134651184
YKL046C,YJR145C,0,-8.3059635,0.10312315821647644,0.9943181872367859,0.8647727370262146
YOR027W,YOL028C,0,-8.308449,0.103102907538414,0.9943181872367859,0.864962100982666
YIR017C,YCR083W,0,-8.31083,0.10308266431093216,0.9943181872367859,0.8651515245437622
YGL181W,YNL207W,0,-8.311867,0.10306242853403091,0.9943181872367859,0.8653408885002136
YDL181W,YGL104C,0,-8.313819,0.10304220020771027,0.9943181872367859,0.8655303120613098
YPL117C,YGL178W,0,-8.314018,0.10302197933197021,0.9943181872367859,0.8657196760177612
YPL265W,YLR424W,0,-8.314226,0.10300176590681076,0.9943181872367859,0.8659090995788574
YJL042W,YCR053W,0,-8.314507,0.1029815599322319,0.9943181872367859,0.8660984635353088
YGR257C,YPL126W,0,-8.315233,0.10296136140823364,0.9943181872367859,0.866287887096405
YKL043W,YHR070W,0,-8.31719,0.10294117778539658,0.9943181872367859,0.8664772510528564
YER119C,YDR178W,0,-8.318209,0.10292099416255951,0.9943181872367859,0.8666666746139526
YNL292W,YJL089W,0,-8.318661,0.10290082544088364,0.9943181872367859,0.866856038570404
YGR135W,YBR083W,0,-8.32122,0.10288065671920776,0.9943181872367859,0.8670454621315002
YKL160W,YOR057W,0,-8.326139,0.10286050289869308,0.9943181872367859,0.8672348260879517
YMR012W,YPR037C,0,-8.327155,0.1028403490781784,0.9943181872367859,0.8674242496490479
YMR204C,YOL097C,0,-8.328878,0.10282021015882492,0.9943181872367859,0.8676136136054993
YKL086W,YOL124C,0,-8.330313,0.10280007869005203,0.9943181872367859,0.8678030371665955
YNL055C,YNL339C,0,-8.330404,0.10277995467185974,0.9943181872367859,0.8679924011230469
YDR513W,YDR059C,0,-8.335564,0.10275983810424805,0.9943181872367859,0.8681818246841431
YEL037C,YDL083C,0,-8.33898,0.10273972898721695,0.9943181872367859,0.8683711886405945
YOR046C,YNR048W,0,-8.339746,0.10271962732076645,0.9943181872367859,0.8685606122016907
YBR083W,YNL241C,0,-8.343418,0.10269953310489655,0.9943181872367859,0.8687499761581421
YMR260C,YMR067C,0,-8.347534,0.10267944633960724,0.9943181872367859,0.8689393997192383
YPL098C,YDR312W,0,-8.350767,0.10265936702489853,0.9943181872367859,0.8691287636756897
YJR001W,YJR070C,0,-8.3524475,0.10263929516077042,0.9943181872367859,0.8693181872367859
YFR033C,YCR053W,0,-8.353601,0.1026192307472229,0.9943181872367859,0.8695075511932373
YDL200C,YOL124C,0,-8.354638,0.10259918123483658,0.9943181872367859,0.8696969747543335
YKL129C,YDR312W,0,-8.356525,0.10257913172245026,0.9943181872367859,0.8698863387107849
YFL022C,YDL014W,0,-8.356666,0.10255909711122513,0.9943181872367859,0.8700757622718811
YDR076W,YJL012C,0,-8.360744,0.1025390625,0.9943181872367859,0.8702651262283325
YDL227C,YGL089C,0,-8.361538,0.10251904278993607,0.9943181872367859,0.8704545497894287
YJL157C,YLR435W,0,-8.364684,0.10249902307987213,0.9943181872367859,0.8706439137458801
YML067C,YDR412W,0,-8.364685,0.10247901827096939,0.9943181872367859,0.8708333373069763
YOR185C,YPR107C,0,-8.3666725,0.10245901346206665,0.9943181872367859,0.8710227012634277
YPL265W,YOL028C,0,-8.373411,0.1024390235543251,0.9943181872367859,0.8712121248245239
YBR185C,YPL203W,0,-8.374715,0.10241904109716415,0.9943181872367859,0.8714014887809753
YJL157C,YDR057W,0,-8.375063,0.1023990660905838,0.9943181872367859,0.8715909123420715
YDR101C,YGR238C,0,-8.375103,0.10237909853458405,0.9943181872367859,0.871780276298523
YNR001C,YNR026C,0,-8.376593,0.10235913097858429,0.9943181872367859,0.8719696998596191
YDR060W,YOR359W,0,-8.3770895,0.10233917832374573,0.9943181872367859,0.8721590638160706
YLR248W,YPL016W,0,-8.383867,0.10231923311948776,0.9943181872367859,0.8723484873771667
YCR083W,YOR359W,0,-8.384155,0.1022992953658104,0.9943181872367859,0.8725378513336182
YJL013C,YER165W,0,-8.38681,0.10227937251329422,0.9943181872367859,0.8727272748947144
YDR101C,YBL050W,0,-8.388015,0.10225944966077805,0.9943181872367859,0.8729166388511658
YLL035W,YMR239C,0,-8.390215,0.10223953425884247,0.9943181872367859,0.873106062412262
YPR154W,YGR135W,0,-8.390897,0.10221962630748749,0.9943181872367859,0.8732954263687134
YMR285C,YKR003W,0,-8.391829,0.1021997258067131,0.9943181872367859,0.8734848499298096
YPR155C,YLR447C,0,-8.392715,0.10217984020709991,0.9943181872367859,0.873674213886261
YLR347C,YJR028W,0,-8.393242,0.10215995460748672,0.9943181872367859,0.8738636374473572
YHR055C,YMR016C,0,-8.3933,0.10214007645845413,0.9943181872367859,0.8740530014038086
YOR316C,YDR178W,0,-8.394428,0.10212021321058273,0.9943181872367859,0.8742424249649048
YAL058W,YAL012W,0,-8.395134,0.10210034996271133,0.9943181872367859,0.8744317889213562
YLR196W,YPR065W,0,-8.395628,0.10208049416542053,0.9943181872367859,0.8746212124824524
YPL265W,YMR227C,0,-8.396476,0.10206065326929092,0.9943181872367859,0.8748105764389038
YPL061W,YBR083W,0,-8.396812,0.10204081982374191,0.9943181872367859,0.875
YMR285C,YDR429C,0,-8.397618,0.1020209863781929,0.9943181872367859,0.8751894235610962
YPR025C,YER082C,0,-8.40057,0.10200116783380508,0.9943181872367859,0.8753787875175476
YLL011W,YNL012W,0,-8.402642,0.10198134928941727,0.9943181872367859,0.8755682110786438
YOL130W,YOL082W,0,-8.403531,0.10196154564619064,0.9943181872367859,0.8757575750350952
YDR284C,YDR194C,0,-8.405948,0.10194174945354462,0.9943181872367859,0.8759469985961914
YJR070C,YGR104C,0,-8.413581,0.10192195326089859,0.9943181872367859,0.8761363625526428
YOL123W,YLR130C,0,-8.414526,0.10190217196941376,0.9943181872367859,0.876325786113739
YDR384C,YIL048W,0,-8.415059,0.10188239812850952,0.9943181872367859,0.8765151500701904
YDR101C,YFR019W,0,-8.417234,0.10186263173818588,0.9943181872367859,0.8767045736312866
YGL089C,YOL124C,0,-8.420267,0.10184287279844284,0.9943181872367859,0.876893937587738
YEL053C,YDL081C,0,-8.420795,0.1018231213092804,0.9943181872367859,0.8770833611488342
YOL012C,YHR026W,0,-8.421092,0.10180337727069855,0.9943181872367859,0.8772727251052856
YER103W,YBR118W,0,-8.422324,0.1017836406826973,0.9943181872367859,0.8774621486663818
YLR303W,YML023C,0,-8.423413,0.10176390409469604,0.9943181872367859,0.8776515126228333
YDR423C,YGL209W,0,-8.424931,0.10174418240785599,0.9943181872367859,0.8778409361839294
YPL265W,YGL011C,0,-8.428685,0.10172447562217712,0.9943181872367859,0.8780303001403809
YOR079C,YNL339C,0,-8.429802,0.10170476883649826,0.9943181872367859,0.878219723701477
YOL010W,YDR077W,0,-8.433304,0.1016850695014,0.9943181872367859,0.8784090876579285
YOR023C,YMR140W,0,-8.435291,0.10166537761688232,0.9943181872367859,0.8785985112190247
YNR001C,YHR050W,0,-8.43643,0.10164569318294525,0.9943181872367859,0.8787878751754761
YOR150W,YOR103C,0,-8.437061,0.10162601619958878,0.9943181872367859,0.8789772987365723
YGL205W,YOL028C,0,-8.437969,0.1016063466668129,0.9943181872367859,0.8791666626930237
YNL055C,YJL025W,0,-8.438169,0.10158668458461761,0.9943181872367859,0.8793560862541199
YHR055C,YLR163C,0,-8.443914,0.10156703740358353,0.9943181872367859,0.8795454502105713
YNL207W,YDL083C,0,-8.446202,0.10154739022254944,0.9943181872367859,0.8797348737716675
YER107C,YPL237W,0,-8.44666,0.10152775049209595,0.9943181872367859,0.8799242377281189
YER154W,YGR008C,0,-8.448603,0.10150811821222305,0.9943181872367859,0.8801136612892151
YFL009W,YJR145C,0,-8.45222,0.10148850083351135,0.9943181872367859,0.8803030252456665
YOL040C,YGR074W,0,-8.45322,0.10146888345479965,0.9943181872367859,0.8804924488067627
YAL068C,YJR004C,0,-8.454758,0.10144927352666855,0.9943181872367859,0.8806818127632141
YBR207W,YCR072C,0,-8.454874,0.10142967849969864,0.9943181872367859,0.8808712363243103
YLR196W,YJR052W,0,-8.457294,0.10141008347272873,0.9943181872367859,0.8810606002807617
YDR202C,YOL028C,0,-8.457636,0.10139049589633942,0.9943181872367859,0.8812500238418579
YBR037C,YDR077W,0,-8.45837,0.1013709232211113,0.9943181872367859,0.8814393877983093
YPR155C,YKR053C,0,-8.46103,0.10135135054588318,0.9943181872367859,0.8816288113594055
YGR145W,YNL257C,0,-8.461593,0.10133179277181625,0.9943181872367859,0.8818181753158569
YIR041W,YMR134W,0,-8.461638,0.10131223499774933,0.9943181872367859,0.8820075988769531
YAL012W,YKL212W,0,-8.466043,0.101292684674263,0.9943181872367859,0.8821969628334045
YPR025C,YCR033W,0,-8.46907,0.10127314925193787,0.9943181872367859,0.8823863863945007
YPR190C,YEL012W,0,-8.469252,0.10125361382961273,0.9943181872367859,0.8825757503509521
YOL086C,YJL112W,0,-8.469564,0.10123409330844879,0.9943181872367859,0.8827651739120483
YPL015C,YCL043C,0,-8.474342,0.10121457278728485,0.9943181872367859,0.8829545378684998
YOL086C,YOL051W,0,-8.47554,0.1011950671672821,0.9943181872367859,0.883143961429596
YJL112W,YAL068C,0,-8.476078,0.10117556154727936,0.9943181872367859,0.8833333253860474
YKL016C,YMR022W,0,-8.480035,0.1011560708284378,0.9943181872367859,0.8835227489471436
YKL213C,YKL014C,0,-8.482468,0.10113658010959625,0.9943181872367859,0.883712112903595
YGR261C,YOR340C,0,-8.483015,0.1011171042919159,0.9943181872367859,0.8839015364646912
YGL043W,YPL262W,0,-8.483572,0.10109762847423553,0.9943181872367859,0.8840909004211426
YJR105W,YGR082W,0,-8.484697,0.10107816755771637,0.9943181872367859,0.8842803239822388
YAL054C,YDR030C,0,-8.486112,0.1010587066411972,0.9943181872367859,0.8844696879386902
YOR150W,YBR162C,0,-8.489764,0.10103926062583923,0.9943181872367859,0.8846591114997864
YNL279W,YPL063W,0,-8.490344,0.10101982206106186,0.9943181872367859,0.8848484754562378
YEL024W,YMR239C,0,-8.490655,0.10100038349628448,0.9943181872367859,0.885037899017334
YPL100W,YIR041W,0,-8.491926,0.1009809598326683,0.9943181872367859,0.8852272629737854
YLR129W,YPL214C,0,-8.493891,0.10096153616905212,0.9943181872367859,0.8854166865348816
YJL191W,YLR034C,0,-8.494907,0.10094212740659714,0.9943181872367859,0.885606050491333
YGR159C,YIL013C,0,-8.496159,0.10092271864414215,0.9943181872367859,0.8857954740524292
YGR244C,YFR037C,0,-8.501723,0.10090332478284836,0.9943181872367859,0.8859848380088806
YKL057C,YOR359W,0,-8.504308,0.10088393837213516,0.9943181872367859,0.8861742615699768
YPL227C,YNL232W,0,-8.504488,0.10086455196142197,0.9943181872367859,0.8863636255264282
YLL060C,YGL209W,0,-8.507125,0.10084518045186996,0.9943181872367859,0.8865530490875244
YER165W,YPL274W,0,-8.511633,0.10082580894231796,0.9943181872367859,0.8867424130439758
YLR129W,YDR412W,0,-8.512803,0.10080645233392715,0.9943181872367859,0.886931836605072
YDL085W,YIL008W,0,-8.514681,0.10078709572553635,0.9943181872367859,0.8871212005615234
YER167W,YMR305C,0,-8.51881,0.10076775401830673,0.9943181872367859,0.8873106241226196
YDR099W,YKL014C,0,-8.519105,0.10074841976165771,0.9943181872367859,0.887499988079071
YER025W,YDR174W,0,-8.520433,0.1007290855050087,0.9943181872367859,0.8876894116401672
YDR099W,YNL055C,0,-8.522104,0.10070976614952087,0.9943181872367859,0.8878787755966187
YNL202W,YJL141C,0,-8.522787,0.10069044679403305,0.9943181872367859,0.8880681991577148
YLR246W,YGR042W,0,-8.5228405,0.10067114233970642,0.9943181872367859,0.8882575631141663
YGR152C,YLR130C,0,-8.523281,0.10065183788537979,0.9943181872367859,0.8884469866752625
YJR042W,YOL097C,0,-8.527058,0.10063254833221436,0.9943181872367859,0.8886363506317139
YGR253C,YCR053W,0,-8.528312,0.10061325877904892,0.9943181872367859,0.8888257741928101
YMR129W,YKL154W,0,-8.529613,0.10059398412704468,0.9943181872367859,0.8890151381492615
YPL095C,YCR053W,0,-8.531524,0.10057470947504044,0.9943181872367859,0.8892045617103577
YLR418C,YGR249W,0,-8.533178,0.10055544972419739,0.9943181872367859,0.8893939256668091
YOR185C,YEL037C,0,-8.536091,0.10053618997335434,0.9943181872367859,0.8895833492279053
YMR260C,YDR429C,0,-8.538706,0.10051694512367249,0.9943181872367859,0.8897727131843567
YDL200C,YPR191W,0,-8.538877,0.10049770027399063,0.9943181872367859,0.8899621367454529
YPL227C,YER025W,0,-8.540051,0.10047847032546997,0.9943181872367859,0.8901515007019043
YJL116C,YER149C,0,-8.540502,0.10045924037694931,0.9943181872367859,0.8903409242630005
YDR434W,YDL014W,0,-8.540677,0.10044002532958984,0.9943181872367859,0.8905302882194519
YCR038C,YPL265W,0,-8.543571,0.10042081028223038,0.9943181872367859,0.8907197117805481
YNL282W,YGL104C,0,-8.544136,0.1004016101360321,0.9943181872367859,0.8909090757369995
YKL134C,YKR097W,0,-8.545265,0.10038240998983383,0.9943181872367859,0.8910984992980957
YER167W,YDR037W,0,-8.547342,0.10036321729421616,0.9943181872367859,0.8912878632545471
YMR136W,YJL112W,0,-8.547508,0.10034403949975967,0.9943181872367859,0.8914772868156433
YGR238C,YBL093C,0,-8.548103,0.10032486170530319,0.9943181872367859,0.8916666507720947
YPL146C,YDR443C,0,-8.549589,0.10030569136142731,0.9943181872367859,0.8918560743331909
YIL114C,YDL188C,0,-8.550634,0.10028653591871262,0.9943181872367859,0.8920454382896423
YMR136W,YDR283C,0,-8.550888,0.10026738047599792,0.9943181872367859,0.8922348618507385
YIL062C,YNR039C,0,-8.55376,0.10024823248386383,0.9943181872367859,0.8924242258071899
YGR257C,YER006W,0,-8.554224,0.10022909194231033,0.9943181872367859,0.8926136493682861
YKL009W,YKL041W,0,-8.55863,0.10020996630191803,0.9943181872367859,0.8928030133247375
YNR001C,YCR071C,0,-8.559092,0.10019084066152573,0.9943181872367859,0.8929924368858337
YJR145C,YPL234C,0,-8.560144,0.10017172247171402,0.9943181872367859,0.8931818008422852
YGR225W,YLR384C,0,-8.563801,0.10015261173248291,0.9943181872367859,0.8933712244033813
YPL231W,YLL060C,0,-8.56782,0.1001335084438324,0.9943181872367859,0.8935605883598328
YGL043W,YOR036W,0,-8.572102,0.10011442005634308,0.9943181872367859,0.893750011920929
YPR144C,YLR136C,0,-8.572453,0.10009533166885376,0.9943181872367859,0.8939393758773804
YNL173C,YBR024W,0,-8.572607,0.10007625073194504,0.9943181872367859,0.8941287994384766
YNL230C,YDR492W,0,-8.5745125,0.10005717724561691,0.9943181872367859,0.894318163394928
YGR145W,YLR048W,0,-8.575153,0.10003811120986938,0.9943181872367859,0.8945075869560242
YDR529C,YKL203C,0,-8.57947,0.10001905262470245,0.9943181872367859,0.8946969509124756
YMR212C,YLR354C,0,-8.580811,0.10000000149011612,0.9943181872367859,0.8948863744735718
YKL016C,YGL181W,0,-8.585528,0.09998095780611038,0.9943181872367859,0.8950757384300232
YDL198C,YNL281W,0,-8.586724,0.09996192157268524,0.9943181872367859,0.8952651619911194
YOR267C,YJL072C,0,-8.591393,0.0999428927898407,0.9943181872367859,0.8954545259475708
YPL262W,YBL093C,0,-8.596495,0.09992386400699615,0.9943181872367859,0.895643949508667
YJR001W,YLL061W,0,-8.59787,0.0999048501253128,0.9943181872367859,0.8958333134651184
YOL086C,YDR256C,0,-8.601875,0.09988584369421005,0.9943181872367859,0.8960227370262146
YFL022C,YEL009C,0,-8.606215,0.0998668447136879,0.9943181872367859,0.896212100982666
YPR006C,YPR137W,0,-8.607034,0.09984785318374634,0.9943181872367859,0.8964015245437622
YOL033W,YBR117C,0,-8.607566,0.09982886165380478,0.9943181872367859,0.8965908885002136
YKL170W,YNL110C,0,-8.607763,0.09980988502502441,0.9943181872367859,0.8967803120613098
YPL202C,YBL033C,0,-8.60944,0.09979091584682465,0.9943181872367859,0.8969696760177612
YER053C,YOR254C,0,-8.611065,0.09977194666862488,0.9943181872367859,0.8971590995788574
YIL013C,YGR008C,0,-8.611536,0.0997529923915863,0.9943181872367859,0.8973484635353088
YPL202C,YGR159C,0,-8.611844,0.09973404556512833,0.9943181872367859,0.897537887096405
YEL054C,YKL126W,0,-8.612083,0.09971509873867035,0.9943181872367859,0.8977272510528564
YAR014C,YPL063W,0,-8.617029,0.09969616681337357,0.9943181872367859,0.8979166746139526
YGR249W,YGL104C,0,-8.619553,0.09967723488807678,0.9943181872367859,0.898106038570404
YGR253C,YGR211W,0,-8.6206875,0.09965831786394119,0.9943181872367859,0.8982954621315002
YIR037W,YLR163C,0,-8.622741,0.0996394008398056,0.9943181872367859,0.8984848260879517
YML067C,YPR154W,0,-8.626411,0.09962049126625061,0.9943181872367859,0.8986742496490479
YKL014C,YNL246W,0,-8.627163,0.09960159659385681,0.9943181872367859,0.8988636136054993
YOL080C,YKL014C,0,-8.627869,0.09958270192146301,0.9943181872367859,0.8990530371665955
YML127W,YLR435W,0,-8.630529,0.09956381469964981,0.9943181872367859,0.8992424011230469
YOR057W,YNR039C,0,-8.631185,0.0995449349284172,0.9943181872367859,0.8994318246841431
YMR065W,YOL040C,0,-8.632807,0.0995260700583458,0.9943181872367859,0.8996211886405945
YML081C-A,YHR042W,0,-8.633249,0.09950720518827438,0.9943181872367859,0.8998106122016907
YGL253W,YPR167C,0,-8.635149,0.09948834776878357,0.9943181872367859,0.8999999761581421
YLR284C,YNL294C,0,-8.635176,0.09946949779987335,0.9943181872367859,0.9001893997192383
YKL016C,YJL005W,0,-8.636745,0.09945065528154373,0.9943181872367859,0.9003787636756897
YOR185C,YOR117W,0,-8.637046,0.09943182021379471,0.9943181872367859,0.9005681872367859
YDR101C,YNR048W,0,-8.637564,0.09941299259662628,0.9943181872367859,0.9007575511932373
YLR134W,YBR035C,0,-8.638209,0.09939417243003845,0.9943181872367859,0.9009469747543335
YDL083C,YPL243W,0,-8.640159,0.09937535226345062,0.9943181872367859,0.9011363387107849
YPL231W,YDR174W,0,-8.643877,0.09935654699802399,0.9943181872367859,0.9013257622718811
YPL115C,YNR053C,0,-8.651577,0.09933774918317795,0.9943181872367859,0.9015151262283325
YPL214C,YOL124C,0,-8.651707,0.0993189588189125,0.9943181872367859,0.9017045497894287
YPL059W,YOL097C,0,-8.652266,0.09930016845464706,0.9943181872367859,0.9018939137458801
YBR037C,YDR120C,0,-8.653778,0.09928139299154282,0.9943181872367859,0.9020833373069763
YJL013C,YPR041W,0,-8.655195,0.09926261752843857,0.9943181872367859,0.9022727012634277
YJL005W,YNL279W,0,-8.6559305,0.09924385696649551,0.9943181872367859,0.9024621248245239
YDL192W,YEL050C,0,-8.656442,0.09922509640455246,0.9943181872367859,0.9026514887809753
YGR249W,YLR026C,0,-8.657098,0.0992063507437706,0.9943181872367859,0.9028409123420715
YNR010W,YPL204W,1,-8.662043,0.09937653690576553,0.9962121248245239,0.9028409123420715
YNL271C,YCL040W,0,-8.663467,0.09935776144266129,0.9962121248245239,0.903030276298523
YCL025C,YPL012W,0,-8.664461,0.09933900088071823,0.9962121248245239,0.9032196998596191
YBR288C,YDR492W,0,-8.676504,0.09932024031877518,0.9962121248245239,0.9034090638160706
YCL025C,YNL230C,0,-8.677695,0.09930149465799332,0.9962121248245239,0.9035984873771667
YER053C,YNL202W,0,-8.677759,0.09928274899721146,0.9962121248245239,0.9037878513336182
YLR429W,YDR178W,0,-8.679522,0.09926401078701019,0.9962121248245239,0.9039772748947144
YIL007C,YDR077W,0,-8.682138,0.09924528002738953,0.9962121248245239,0.9041666388511658
YDR343C,YPL063W,0,-8.682505,0.09922656416893005,0.9962121248245239,0.904356062412262
YPR190C,YPL274W,0,-8.683424,0.09920784831047058,0.9962121248245239,0.9045454263687134
YBR247C,YMR140W,0,-8.6840725,0.0991891399025917,0.9962121248245239,0.9047348499298096
YIR041W,YML028W,0,-8.686379,0.09917043894529343,0.9962121248245239,0.904924213886261
YBR024W,YKL099C,0,-8.6881485,0.09915174543857574,0.9962121248245239,0.9051136374473572
YLR129W,YNL257C,0,-8.688971,0.09913305938243866,0.9962121248245239,0.9053030014038086
YER103W,YGR042W,0,-8.68993,0.09911438077688217,0.9962121248245239,0.9054924249649048
YEL015W,YOR027W,0,-8.690687,0.09909570217132568,0.9962121248245239,0.9056817889213562
YLL060C,YMR047C,0,-8.692621,0.09907703846693039,0.9962121248245239,0.9058712124824524
YKL139W,YBR273C,0,-8.697184,0.09905838221311569,0.9962121248245239,0.9060605764389038
YMR216C,YOR027W,0,-8.698645,0.099039725959301,0.9962121248245239,0.90625
YNR053C,YNL149C,0,-8.701362,0.09902108460664749,0.9962121248245239,0.9064394235610962
YNL101W,YHR001W-A,0,-8.705525,0.09900244325399399,0.9962121248245239,0.9066287875175476
YDR122W,YPR144C,0,-8.708885,0.09898381680250168,0.9962121248245239,0.9068182110786438
YBR089C-A,YPL234C,0,-8.711994,0.09896519035100937,0.9962121248245239,0.9070075750350952
YOR003W,YDR306C,0,-8.712236,0.09894657880067825,0.9962121248245239,0.9071969985961914
YGR057C,YJR145C,0,-8.714716,0.09892796725034714,0.9962121248245239,0.9073863625526428
YOR103C,YPR041W,0,-8.71848,0.09890936315059662,0.9962121248245239,0.907575786113739
YPL262W,YPL244C,0,-8.7193575,0.0988907665014267,0.9962121248245239,0.9077651500701904
YKL004W,YDR284C,0,-8.721328,0.09887217730283737,0.9962121248245239,0.9079545736312866
YKL082C,YIL056W,0,-8.723803,0.09885359555482864,0.9962121248245239,0.908143937587738
YPL203W,YGR211W,0,-8.725671,0.09883502125740051,0.9962121248245239,0.9083333611488342
YPR137W,YER118C,0,-8.726402,0.09881645441055298,0.9962121248245239,0.9085227251052856
YAL054C,YOL158C,0,-8.726984,0.09879789501428604,0.9962121248245239,0.9087121486663818
YOR046C,YNR032W,0,-8.731676,0.0987793430685997,0.9962121248245239,0.9089015126228333
YDR202C,YGR002C,0,-8.732401,0.09876079857349396,0.9962121248245239,0.9090909361839294
YDR099W,YDR411C,0,-8.736586,0.09874225407838821,0.9962121248245239,0.9092803001403809
YGL211W,YGL104C,0,-8.737183,0.09872372448444366,0.9962121248245239,0.909469723701477
YPL146C,YBR055C,0,-8.739309,0.09870519489049911,0.9962121248245239,0.9096590876579285
YER119C,YBR201W,0,-8.741742,0.09868668019771576,0.9962121248245239,0.9098485112190247
YKL129C,YCR072C,0,-8.744567,0.0986681655049324,0.9962121248245239,0.9100378751754761
YNL282W,YOL124C,0,-8.744936,0.09864966571331024,0.9962121248245239,0.9102272987365723
YPR167C,YDR443C,0,-8.747426,0.09863116592168808,0.9962121248245239,0.9104166626930237
YHR065C,YGR033C,0,-8.748406,0.09861267358064651,0.9962121248245239,0.9106060862541199
YPR037C,YLR196W,0,-8.750717,0.09859418869018555,0.9962121248245239,0.9107954502105713
YPR167C,YPL097W,0,-8.752557,0.09857571125030518,0.9962121248245239,0.9109848737716675
YDL227C,YGR180C,0,-8.753937,0.0985572412610054,0.9962121248245239,0.9111742377281189
YIL114C,YLR196W,0,-8.75613,0.09853877872228622,0.9962121248245239,0.9113636612892151
YGL253W,YPL146C,0,-8.756292,0.09852032363414764,0.9962121248245239,0.9115530252456665
YDR245W,YPR155C,0,-8.762841,0.09850187599658966,0.9962121248245239,0.9117424488067627
YOR386W,YOR027W,0,-8.764378,0.09848342835903168,0.9962121248245239,0.9119318127632141
YJR001W,YPL026C,0,-8.766741,0.09846499562263489,0.9962121248245239,0.9121212363243103
YJR105W,YGL169W,0,-8.76789,0.0984465628862381,0.9962121248245239,0.9123106002807617
YPL235W,YKR056W,0,-8.782444,0.0984281450510025,0.9962121248245239,0.9125000238418579
YHL031C,YKL009W,0,-8.783779,0.0984097272157669,0.9962121248245239,0.9126893877983093
YOL010W,YOR359W,0,-8.784757,0.0983913242816925,0.9962121248245239,0.9128788113594055
YGR244C,YER028C,0,-8.786554,0.0983729213476181,0.9962121248245239,0.9130681753158569
YGR103W,YBR162C,0,-8.789906,0.0983545258641243,0.9962121248245239,0.9132575988769531
YGL174W,YNL055C,0,-8.791552,0.09833613783121109,0.9962121248245239,0.9134469628334045
YLR189C,YMR301C,0,-8.792768,0.09831775724887848,0.9962121248245239,0.9136363863945007
YAL054C,YHR091C,0,-8.793839,0.09829938411712646,0.9962121248245239,0.9138257503509521
YNL135C,YPL187W,0,-8.793853,0.09828101843595505,0.9962121248245239,0.9140151739120483
YNL159C,YDR194C,0,-8.795065,0.09826265275478363,0.9962121248245239,0.9142045378684998
YIL007C,YER165W,0,-8.79837,0.09824430197477341,0.9962121248245239,0.914393961429596
YCL043C,YJL089W,0,-8.798525,0.09822595864534378,0.9962121248245239,0.9145833253860474
YNR030W,YNR053C,0,-8.805,0.09820761531591415,0.9962121248245239,0.9147727489471436
YNL159C,YBR185C,0,-8.806591,0.09818928688764572,0.9962121248245239,0.914962112903595
YML057W,YGR195W,0,-8.809007,0.09817095845937729,0.9962121248245239,0.9151515364646912
YGL211W,YPL019C,0,-8.811363,0.09815263748168945,0.9962121248245239,0.9153409004211426
YDR116C,YCR053W,0,-8.813063,0.09813433140516281,0.9962121248245239,0.9155303239822388
YNL232W,YNL202W,0,-8.815453,0.09811602532863617,0.9962121248245239,0.9157196879386902
YER119C,YPR182W,0,-8.815676,0.09809772670269012,0.9962121248245239,0.9159091114997864
YMR136W,YKR082W,0,-8.822717,0.09807943552732468,0.9962121248245239,0.9160984754562378
YER013W,YPR191W,0,-8.822857,0.09806115180253983,0.9962121248245239,0.916287899017334
YDL083C,YHL009C,0,-8.823595,0.09804286807775497,0.9962121248245239,0.9164772629737854
YDL051W,YCR037C,0,-8.825953,0.09802459925413132,0.9962121248245239,0.9166666865348816
YBR127C,YLR455W,0,-8.826417,0.09800633788108826,0.9962121248245239,0.916856050491333
YPL012W,YKL212W,0,-8.826658,0.0979880765080452,0.9962121248245239,0.9170454740524292
YPL265W,YBR082C,0,-8.827995,0.09796983003616333,0.9962121248245239,0.9172348380088806
YHR055C,YPR191W,0,-8.828032,0.09795158356428146,0.9962121248245239,0.9174242615699768
YLL061W,YHR152W,0,-8.828368,0.0979333445429802,0.9962121248245239,0.9176136255264282
YDL051W,YAL015C,0,-8.830482,0.09791511297225952,0.9962121248245239,0.9178030490875244
YGL253W,YGR135W,0,-8.831108,0.09789688885211945,0.9962121248245239,0.9179924130439758
YOL124C,YKR001C,0,-8.833349,0.09787867218255997,0.9962121248245239,0.918181836605072
YPR067W,YKL212W,0,-8.836046,0.09786046296358109,0.9962121248245239,0.9183712005615234
YLR170C,YDR508C,0,-8.838291,0.0978422611951828,0.9962121248245239,0.9185606241226196
YOR254C,YPL063W,0,-8.8392105,0.09782406687736511,0.9962121248245239,0.918749988079071
YPL078C,YOR340C,0,-8.839421,0.09780587255954742,0.9962121248245239,0.9189394116401672
YDL192W,YLR196W,0,-8.845398,0.09778769314289093,0.9962121248245239,0.9191287755966187
YGR244C,YML115C,0,-8.847683,0.09776951372623444,0.9962121248245239,0.9193181991577148
YPR006C,YDL083C,0,-8.851019,0.09775134921073914,0.9962121248245239,0.9195075631141663
YOR081C,YGL104C,0,-8.851751,0.09773318469524384,0.9962121248245239,0.9196969866752625
YLR080W,YGR078C,0,-8.856325,0.09771502763032913,0.9962121248245239,0.9198863506317139
YDL188C,YPR137W,0,-8.856903,0.09769687801599503,0.9962121248245239,0.9200757741928101
YDR216W,YDR434W,0,-8.859646,0.09767873585224152,0.9962121248245239,0.9202651381492615
YDL192W,YJL102W,0,-8.866634,0.0976606011390686,0.9962121248245239,0.9204545617103577
YPL097W,YDR324C,0,-8.870825,0.09764247387647629,0.9962121248245239,0.9206439256668091
YOR061W,YGR145W,0,-8.870985,0.09762435406446457,0.9962121248245239,0.9208333492279053
YKL004W,YFL022C,0,-8.8727255,0.09760623425245285,0.9962121248245239,0.9210227131843567
YNR053C,YLR105C,0,-8.874477,0.09758812934160233,0.9962121248245239,0.9212121367454529
YLR284C,YOL127W,0,-8.876047,0.0975700244307518,0.9962121248245239,0.9214015007019043
YER119C,YGL209W,0,-8.878289,0.09755192697048187,0.9962121248245239,0.9215909242630005
YGL253W,YDL200C,0,-8.889261,0.09753383696079254,0.9962121248245239,0.9217802882194519
YOL123W,YNL149C,0,-8.890909,0.0975157618522644,0.9962121248245239,0.9219697117805481
YLR433C,YOR185C,0,-8.892799,0.09749768674373627,0.9962121248245239,0.9221590757369995
YCL040W,YHR042W,0,-8.892914,0.09747961163520813,0.9962121248245239,0.9223484992980957
YER025W,YDR037W,0,-8.902349,0.09746155142784119,0.9962121248245239,0.9225378632545471
YCR075C,YNL241C,0,-8.905302,0.09744349867105484,0.9962121248245239,0.9227272868156433
YJL210W,YPL019C,0,-8.909693,0.0974254459142685,0.9962121248245239,0.9229166507720947
YGL209W,YER053C,0,-8.910832,0.09740740805864334,0.9962121248245239,0.9231060743331909
YER103W,YDR416W,0,-8.91225,0.09738937020301819,0.9962121248245239,0.9232954382896423
YDR384C,YOL123W,0,-8.914976,0.09737134724855423,0.9962121248245239,0.9234848618507385
YNL282W,YNL246W,0,-8.916549,0.09735332429409027,0.9962121248245239,0.9236742258071899
YDL083C,YGL212W,0,-8.923324,0.09733530879020691,0.9962121248245239,0.9238636493682861
YPL100W,YLR196W,0,-8.923664,0.09731730073690414,0.9962121248245239,0.9240530133247375
YGR239C,YMR239C,0,-8.927631,0.09729930013418198,0.9962121248245239,0.9242424368858337
YDR060W,YGR231C,0,-8.930323,0.09728129953145981,0.9962121248245239,0.9244318008422852
YMR211W,YPR036W,0,-8.930827,0.09726331382989883,0.9962121248245239,0.9246212244033813
YPR154W,YGL115W,0,-8.9326,0.09724533557891846,0.9962121248245239,0.9248105883598328
YHR001W-A,YOL010W,0,-8.935104,0.09722735732793808,0.9962121248245239,0.925000011920929
YOR061W,YDL198C,0,-8.936528,0.0972093865275383,0.9962121248245239,0.9251893758773804
YJL116C,YLR424W,0,-8.938283,0.09719142317771912,0.9962121248245239,0.9253787994384766
YBR201W,YPR065W,0,-8.938808,0.09717347472906113,0.9962121248245239,0.925568163394928
YNL101W,YBR196C,0,-8.941552,0.09715552628040314,0.9962121248245239,0.9257575869560242
YNL292W,YKR056W,0,-8.945383,0.09713757783174515,0.9962121248245239,0.9259469509124756
YLR330W,YCR072C,0,-8.946167,0.09711964428424835,0.9962121248245239,0.9261363744735718
YDR245W,YOR327C,0,-8.948613,0.09710171818733215,0.9962121248245239,0.9263257384300232
YMR204C,YNR053C,0,-8.951488,0.09708379209041595,0.9962121248245239,0.9265151619911194
YPR137W,YDR388W,0,-8.95223,0.09706588089466095,0.9962121248245239,0.9267045259475708
YJL157C,YDL013W,0,-8.953426,0.09704796969890594,0.9962121248245239,0.926893949508667
YLL035W,YLR386W,0,-8.953727,0.09703006595373154,0.9962121248245239,0.9270833134651184
YLR376C,YJL191W,0,-8.963809,0.09701216965913773,0.9962121248245239,0.9272727370262146
YGR253C,YOR116C,0,-8.969968,0.09699428081512451,0.9962121248245239,0.927462100982666
YNR001C,YIL013C,0,-8.975012,0.0969763994216919,0.9962121248245239,0.9276515245437622
YLL031C,YPL012W,0,-8.975493,0.09695852547883987,0.9962121248245239,0.9278408885002136
YDL031W,YCR071C,0,-8.975917,0.09694065898656845,0.9962121248245239,0.9280303120613098
YCL043C,YPR154W,0,-8.976705,0.09692279249429703,0.9962121248245239,0.9282196760177612
YOL082W,YPL063W,0,-8.978312,0.0969049409031868,0.9962121248245239,0.9284090995788574
YGL205W,YML127W,0,-8.978502,0.09688708931207657,0.9962121248245239,0.9285984635353088
YLL009C,YGR195W,0,-8.97876,0.09686924517154694,0.9962121248245239,0.928787887096405
YOR185C,YNL009W,0,-8.979439,0.0968514084815979,0.9962121248245239,0.9289772510528564
YCR075C,YLL011W,0,-8.983783,0.09683357924222946,0.9962121248245239,0.9291666746139526
YBR196C,YIL101C,0,-8.988791,0.09681575745344162,0.9962121248245239,0.929356038570404
YDR384C,YBR210W,0,-8.989747,0.09679793566465378,0.9962121248245239,0.9295454621315002
YGR244C,YOR359W,0,-8.991159,0.09678012877702713,0.9962121248245239,0.9297348260879517
YBL099W,YDR343C,0,-8.992875,0.09676232188940048,0.9962121248245239,0.9299242496490479
YNR058W,YKR038C,0,-8.993284,0.09674452990293503,0.9962121248245239,0.9301136136054993
YBR296C,YPL152W,0,-8.999955,0.09672673791646957,0.9962121248245239,0.9303030371665955
YCL040W,YDR306C,0,-9.001581,0.09670895338058472,0.9962121248245239,0.9304924011230469
YOR046C,YDR036C,0,-9.005098,0.09669117629528046,0.9962121248245239,0.9306818246841431
YKL182W,YDR296W,0,-9.007041,0.0966734066605568,0.9962121248245239,0.9308711886405945
YJL024C,YJL191W,0,-9.011827,0.09665564447641373,0.9962121248245239,0.9310606122016907
YJL112W,YLR435W,0,-9.02479,0.09663788229227066,0.9962121248245239,0.9312499761581421
YPR007C,YJL080C,1,-9.029539,0.09680382162332535,0.998106062412262,0.9312499761581421
YJL157C,YPL237W,0,-9.030565,0.09678604453802109,0.998106062412262,0.9314393997192383
YGR159C,YBR162C,0,-9.034446,0.09676826745271683,0.998106062412262,0.9316287636756897
YDL013W,YPL146C,0,-9.044158,0.09675050526857376,0.998106062412262,0.9318181872367859
YDR079W,YKL014C,0,-9.050547,0.0967327430844307,0.998106062412262,0.9320075511932373
YER126C,YNL012W,0,-9.053575,0.09671499580144882,0.998106062412262,0.9321969747543335
YPL160W,YOR018W,0,-9.055746,0.09669724851846695,0.998106062412262,0.9323863387107849
YOR027W,YPL214C,0,-9.059324,0.09667950868606567,0.998106062412262,0.9325757622718811
YDR037W,YGR159C,0,-9.060304,0.096661776304245,0.998106062412262,0.9327651262283325
YGL084C,YOR359W,0,-9.0650215,0.09664405137300491,0.998106062412262,0.9329545497894287
YEL034W,YBL093C,0,-9.065198,0.09662632644176483,0.998106062412262,0.9331439137458801
YBR247C,YDR071C,0,-9.065646,0.09660861641168594,0.998106062412262,0.9333333373069763
YKR066C,YDR120C,0,-9.06976,0.09659090638160706,0.998106062412262,0.9335227012634277
YMR128W,YOL033W,0,-9.071039,0.09657321125268936,0.998106062412262,0.9337121248245239
YDR384C,YDL031W,0,-9.071223,0.09655551612377167,0.998106062412262,0.9339014887809753
YOR185C,YKL126W,0,-9.07358,0.09653782844543457,0.998106062412262,0.9340909123420715
YGR135W,YEL054C,0,-9.077637,0.09652014821767807,0.998106062412262,0.934280276298523
YLL061W,YNL169C,0,-9.078103,0.09650247544050217,0.998106062412262,0.9344696998596191
YNL232W,YPR191W,0,-9.079891,0.09648480266332626,0.998106062412262,0.9346590638160706
YJR145C,YKR053C,0,-9.086159,0.09646714478731155,0.998106062412262,0.9348484873771667
YLR028C,YOL097C,0,-9.087296,0.09644948691129684,0.998106062412262,0.9350378513336182
YOL059W,YJR103W,0,-9.087332,0.09643183648586273,0.998106062412262,0.9352272748947144
YLR129W,YPL237W,0,-9.088538,0.09641419351100922,0.998106062412262,0.9354166388511658
YER017C,YCR053W,0,-9.089004,0.0963965579867363,0.998106062412262,0.935606062412262
YDR284C,YNL163C,0,-9.090221,0.09637892991304398,0.998106062412262,0.9357954263687134
YDR182W,YER052C,0,-9.094015,0.09636130928993225,0.998106062412262,0.9359848499298096
YKR066C,YLL035W,0,-9.095149,0.09634369611740112,0.998106062412262,0.936174213886261
YJL124C,YGR033C,0,-9.101431,0.09632608294487,0.998106062412262,0.9363636374473572
YDR384C,YNL292W,0,-9.103403,0.09630847722291946,0.998106062412262,0.9365530014038086
YPL117C,YER126C,0,-9.106571,0.09629087895154953,0.998106062412262,0.9367424249649048
YMR012W,YER052C,0,-9.107088,0.09627329558134079,0.998106062412262,0.9369317889213562
YPL115C,YGR103W,0,-9.11494,0.09625570476055145,0.998106062412262,0.9371212124824524
YGL035C,YPR154W,0,-9.119376,0.09623812884092331,0.998106062412262,0.9373105764389038
YEL009C,YDL226C,0,-9.1228,0.09622056037187576,0.998106062412262,0.9375
YNR027W,YNL313C,0,-9.133631,0.09620299190282822,0.998106062412262,0.9376894235610962
YML094W,YIL017C,0,-9.135768,0.09618543833494186,0.998106062412262,0.9378787875175476
YDR429C,YCR083W,0,-9.139288,0.09616788476705551,0.998106062412262,0.9380682110786438
YDL014W,YBR055C,0,-9.139444,0.09615033864974976,0.998106062412262,0.9382575750350952
YGR249W,YGR103W,0,-9.141701,0.0961327999830246,0.998106062412262,0.9384469985961914
YHR055C,YPL146C,0,-9.143455,0.09611526876688004,0.998106062412262,0.9386363625526428
YPR201W,YDL083C,0,-9.147118,0.09609773755073547,0.998106062412262,0.938825786113739
YGL181W,YNL221C,0,-9.147623,0.0960802212357521,0.998106062412262,0.9390151500701904
YJL072C,YDL081C,0,-9.153146,0.09606270492076874,0.998106062412262,0.9392045736312866
YMR035W,YER053C,0,-9.1544075,0.09604519605636597,0.998106062412262,0.939393937587738
YPL265W,YBR278W,0,-9.159371,0.09602769464254379,0.998106062412262,0.9395833611488342
YDR492W,YER154W,0,-9.165595,0.09601020067930222,0.998106062412262,0.9397727251052856
YLR196W,YDR057W,0,-9.166652,0.09599271416664124,0.998106062412262,0.9399621486663818
YPL137C,YOL006C,1,-9.175943,0.09615734964609146,1.0,0.9399621486663818
YEL053C,YIR041W,0,-9.179951,0.09613984078168869,1.0,0.9401515126228333
YPL160W,YBR089C-A,0,-9.179956,0.09612233936786652,1.0,0.9403409361839294
YML080W,YHR086W,0,-9.180605,0.09610483795404434,1.0,0.9405303001403809
YLR246W,YNL207W,0,-9.182297,0.09608735144138336,1.0,0.940719723701477
YLR048W,YPL218W,0,-9.182682,0.09606987237930298,1.0,0.9409090876579285
YKR003W,YGL169W,0,-9.1840315,0.0960523933172226,1.0,0.9410985112190247
YNR053C,YPL167C,0,-9.184476,0.09603492170572281,1.0,0.9412878751754761
YBR177C,YGR256W,0,-9.185415,0.09601745754480362,1.0,0.9414772987365723
YBR201W,YDL083C,0,-9.187756,0.09600000083446503,1.0,0.9416666626930237
YPL126W,YML028W,0,-9.187892,0.09598255157470703,1.0,0.9418560862541199
YDR030C,YBR083W,0,-9.189323,0.09596510231494904,1.0,0.9420454502105713
YFR050C,YDL083C,0,-9.190899,0.09594766795635223,1.0,0.9422348737716675
YGL178W,YGR159C,0,-9.197315,0.09593023359775543,1.0,0.9424242377281189
YGR244C,YKL043W,0,-9.198849,0.09591280668973923,1.0,0.9426136612892151
YMR022W,YDR429C,0,-9.200982,0.09589538723230362,1.0,0.9428030252456665
YPR191W,YBR273C,0,-9.201085,0.09587797522544861,1.0,0.9429924488067627
YDR412W,YLR181C,0,-9.205092,0.0958605632185936,1.0,0.9431818127632141
YOR381W,YAL068C,0,-9.205287,0.09584316611289978,1.0,0.9433712363243103
YCL025C,YJR049C,0,-9.214476,0.09582576900720596,1.0,0.9435606002807617
YNL163C,YJR145C,0,-9.216076,0.09580838680267334,1.0,0.9437500238418579
YBR207W,YLR196W,0,-9.216218,0.09579100459814072,1.0,0.9439393877983093
YKL160W,YLL011W,0,-9.218891,0.0957736223936081,1.0,0.9441288113594055
YPL146C,YPL210C,0,-9.220797,0.09575625509023666,1.0,0.9443181753158569
YDR194C,YLR196W,0,-9.222679,0.09573889523744583,1.0,0.9445075988769531
YAL054C,YHR042W,0,-9.222866,0.095721535384655,1.0,0.9446969628334045
YKL002W,YDR492W,0,-9.232117,0.09570419043302536,1.0,0.9448863863945007
YDR492W,YLR435W,0,-9.2327175,0.09568684548139572,1.0,0.9450757503509521
YAL068C,YDR246W,0,-9.236162,0.09566950798034668,1.0,0.9452651739120483
YMR128W,YOL080C,0,-9.239657,0.09565217047929764,1.0,0.9454545378684998
YAL012W,YBR210W,0,-9.241722,0.09563484787940979,1.0,0.945643961429596
YOR027W,YKL014C,0,-9.253252,0.09561753273010254,1.0,0.9458333253860474
YDR508C,YDR434W,0,-9.254578,0.09560021758079529,1.0,0.9460227489471436
YIL048W,YDR178W,0,-9.25713,0.09558290988206863,1.0,0.946212112903595
YDR429C,YNL241C,0,-9.260942,0.09556560963392258,1.0,0.9464015364646912
YLL060C,YHR092C,0,-9.262144,0.09554831683635712,1.0,0.9465909004211426
YDR016C,YNL221C,0,-9.269989,0.09553103148937225,1.0,0.9467803239822388
YNL129W,YGL205W,0,-9.276562,0.09551374614238739,1.0,0.9469696879386902
YJL005W,YMR305C,0,-9.283119,0.09549647569656372,1.0,0.9471591114997864
YMR035W,YPL152W,0,-9.28529,0.09547920525074005,1.0,0.9473484754562378
YLL061W,YPL022W,0,-9.28886,0.09546194225549698,1.0,0.947537899017334
YML080W,YFL022C,0,-9.2900305,0.0954446867108345,1.0,0.9477272629737854
YGL089C,YNR053C,0,-9.294527,0.09542743861675262,1.0,0.9479166865348816
YLR155C,YPL265W,0,-9.297852,0.09541019052267075,1.0,0.948106050491333
YDR216W,YKR038C,0,-9.298119,0.09539295732975006,1.0,0.9482954740524292
YER006W,YER013W,0,-9.301571,0.09537572413682938,1.0,0.9484848380088806
YOL040C,YCR060W,0,-9.302975,0.09535849839448929,1.0,0.9486742615699768
YDR060W,YOL080C,0,-9.306047,0.0953412801027298,1.0,0.9488636255264282
YDR071C,YDR198C,0,-9.310382,0.0953240692615509,1.0,0.9490530490875244
YMR142C,YDR312W,0,-9.32085,0.09530685842037201,1.0,0.9492424130439758
YLR189C,YFL022C,0,-9.32411,0.09528966248035431,1.0,0.949431836605072
YPL061W,YLR129W,0,-9.333336,0.09527246654033661,1.0,0.9496212005615234
YLR163C,YDL083C,0,-9.3361,0.0952552780508995,1.0,0.9498106241226196
YDR343C,YLR384C,0,-9.346487,0.095238097012043,1.0,0.949999988079071
YGL071W,YPL237W,0,-9.348925,0.09522092342376709,1.0,0.9501894116401672
YML067C,YNL055C,0,-9.351335,0.09520374983549118,1.0,0.9503787755966187
YAL041W,YPR144C,0,-9.357943,0.09518658369779587,1.0,0.9505681991577148
YEL018W,YJR145C,0,-9.37272,0.09516943246126175,1.0,0.9507575631141663
YER165W,YDR079W,0,-9.376671,0.09515228122472763,1.0,0.9509469866752625
YJL204C,YER103W,0,-9.380161,0.09513513743877411,1.0,0.9511363506317139
YPR006C,YNL054W,0,-9.380358,0.09511799365282059,1.0,0.9513257741928101
YDR529C,YDR429C,0,-9.384871,0.09510086476802826,1.0,0.9515151381492615
YLR163C,YGL104C,0,-9.3870735,0.09508373588323593,1.0,0.9517045617103577
YPL214C,YGR042W,0,-9.388868,0.0950666218996048,1.0,0.9518939256668091
YIL033C,YPL146C,0,-9.390452,0.09504950791597366,1.0,0.9520833492279053
YCR072C,YLR043C,0,-9.391334,0.09503239393234253,1.0,0.9522727131843567
YGL047W,YOR359W,0,-9.394512,0.09501529484987259,1.0,0.9524621367454529
YPL160W,YNL163C,0,-9.404069,0.09499820321798325,1.0,0.9526515007019043
YDR492W,YGL226C-A,0,-9.406357,0.0949811115860939,1.0,0.9528409242630005
YKL082C,YDR086C,0,-9.412347,0.09496402740478516,1.0,0.9530302882194519
YDL085W,YAL068C,0,-9.416082,0.094946950674057,1.0,0.9532197117805481
YDR343C,YOR340C,0,-9.418319,0.09492988139390945,1.0,0.9534090757369995
YKL054C,YHR039C,0,-9.433281,0.0949128195643425,1.0,0.9535984992980957
YDR492W,YKL113C,0,-9.44404,0.09489575773477554,1.0,0.9537878632545471
YNL232W,YMR305C,0,-9.455465,0.09487870335578918,1.0,0.9539772868156433
YGR078C,YER082C,0,-9.460419,0.09486165642738342,1.0,0.9541666507720947
YDR296W,YPL146C,0,-9.461523,0.09484461694955826,1.0,0.9543560743331909
YDR182W,YDR513W,0,-9.464441,0.09482758492231369,1.0,0.9545454382896423
YDR037W,YHR070W,0,-9.464706,0.09481056034564972,1.0,0.9547348618507385
YCL025C,YPL235W,0,-9.469986,0.09479353576898575,1.0,0.9549242258071899
YHL031C,YLR196W,0,-9.47107,0.09477651864290237,1.0,0.9551136493682861
YDR492W,YGL246C,0,-9.475443,0.0947595089673996,1.0,0.9553030133247375
YMR022W,YML131W,0,-9.475689,0.09474250674247742,1.0,0.9554924368858337
YPR065W,YDR443C,0,-9.477934,0.09472551196813583,1.0,0.9556818008422852
YPL012W,YDR129C,0,-9.48638,0.09470851719379425,1.0,0.9558712244033813
YLR060W,YHR001W,0,-9.488032,0.09469153732061386,1.0,0.9560605883598328
YNR053C,YML095C,0,-9.494202,0.09467455744743347,1.0,0.956250011920929
YLR206W,YMR142C,0,-9.500437,0.09465758502483368,1.0,0.9564393758773804
YLR429W,YDL085W,0,-9.504057,0.09464062005281448,1.0,0.9566287994384766
YDR411C,YJR145C,0,-9.505415,0.09462365508079529,1.0,0.956818163394928
YNL129W,YHR070W,0,-9.538149,0.09460670500993729,1.0,0.9570075869560242
YOL082W,YBL033C,0,-9.5582485,0.09458975493907928,1.0,0.9571969509124756
YCL040W,YLR139C,0,-9.565639,0.09457281231880188,1.0,0.9573863744735718
YMR305C,YDR086C,0,-9.5699215,0.09455587714910507,1.0,0.9575757384300232
YDR060W,YOR027W,0,-9.571154,0.09453894197940826,1.0,0.9577651619911194
YKL149C,YOR185C,0,-9.574282,0.09452202171087265,1.0,0.9579545259475708
YPL265W,YBR273C,0,-9.577016,0.09450510144233704,1.0,0.958143949508667
YIR041W,YDR324C,0,-9.580369,0.09448818862438202,1.0,0.9583333134651184
YLR134W,YER013W,0,-9.593151,0.0944712832570076,1.0,0.9585227370262146
YLR060W,YKL214C,0,-9.593769,0.09445438534021378,1.0,0.958712100982666
YBR117C,YBR162C,0,-9.594729,0.09443748742341995,1.0,0.9589015245437622
YML104C,YJR145C,0,-9.602494,0.09442060440778732,1.0,0.9590908885002136
YGR231C,YKL212W,0,-9.612345,0.0944037213921547,1.0,0.9592803120613098
YBL099W,YMR199W,0,-9.616475,0.09438684582710266,1.0,0.9594696760177612
YLR032W,YER103W,0,-9.624492,0.09436997026205063,1.0,0.9596590995788574
YDR423C,YOR340C,0,-9.630767,0.09435310959815979,1.0,0.9598484635353088
YPL214C,YKL099C,0,-9.634441,0.09433624893426895,1.0,0.960037887096405
YJL014W,YCL040W,0,-9.639526,0.0943194031715393,1.0,0.9602272510528564
YHR092C,YOL038W,0,-9.640398,0.09430255740880966,1.0,0.9604166746139526
YLR155C,YKL086W,0,-9.649502,0.09428571164608002,1.0,0.960606038570404
YGR086C,YDL081C,0,-9.653157,0.09426888078451157,1.0,0.9607954621315002
YMR204C,YER103W,0,-9.655299,0.09425204992294312,1.0,0.9609848260879517
YDR481C,YDR324C,0,-9.658447,0.09423523396253586,1.0,0.9611742496490479
YOL149W,YOR120W,0,-9.661361,0.0942184180021286,1.0,0.9613636136054993
YCL040W,YFL004W,0,-9.664177,0.09420160204172134,1.0,0.9615530371665955
YKL149C,YGL209W,0,-9.669846,0.09418480098247528,1.0,0.9617424011230469
YNL110C,YLR425W,0,-9.677452,0.09416800737380981,1.0,0.9619318246841431
YNL282W,YBR162C,0,-9.691004,0.09415121376514435,1.0,0.9621211886405945
YNL135C,YOL123W,0,-9.703079,0.09413442760705948,1.0,0.9623106122016907
YGR244C,YOR103C,0,-9.705797,0.0941176488995552,1.0,0.9624999761581421
YNL101W,YDR060W,0,-9.718733,0.09410087019205093,1.0,0.9626893997192383
YFR053C,YGR008C,0,-9.72637,0.09408410638570786,1.0,0.9628787636756897
YGR244C,YOL010W,0,-9.738127,0.09406734257936478,1.0,0.9630681872367859
YPR137W,YAL016W,0,-9.742725,0.0940505862236023,1.0,0.9632575511932373
YNL110C,YPR191W,0,-9.74578,0.09403383731842041,1.0,0.9634469747543335
YGL169W,YOL097C,0,-9.753731,0.09401709586381912,1.0,0.9636363387107849
YGR256W,YIL114C,0,-9.755268,0.09400035440921783,1.0,0.9638257622718811
YDL081C,YDR412W,0,-9.75735,0.09398362040519714,1.0,0.9640151262283325
YPL146C,YPL274W,0,-9.765348,0.09396690130233765,1.0,0.9642045497894287
YGR041W,YNR001C,0,-9.767566,0.09395017474889755,1.0,0.9643939137458801
YEL054C,YEL004W,0,-9.768224,0.09393346309661865,1.0,0.9645833373069763
YEL012W,YKL099C,0,-9.772144,0.09391675889492035,1.0,0.9647727012634277
YLR394W,YHR065C,0,-9.778845,0.09390005469322205,1.0,0.9649621248245239
YKL082C,YPR137W,0,-9.788143,0.09388335794210434,1.0,0.9651514887809753
YGR103W,YJR004C,0,-9.790373,0.09386666864156723,1.0,0.9653409123420715
YJR125C,YGR159C,0,-9.796205,0.09384997934103012,1.0,0.965530276298523
YER025W,YEL024W,0,-9.798334,0.0938333049416542,1.0,0.9657196998596191
YOR116C,YBR037C,0,-9.79892,0.09381663054227829,1.0,0.9659090638160706
YOR046C,YPL146C,0,-9.801511,0.09379996359348297,1.0,0.9660984873771667
YKL057C,YLR222C,0,-9.811736,0.09378330409526825,1.0,0.9662878513336182
YNR058W,YDR378C,0,-9.812143,0.09376665204763412,1.0,0.9664772748947144
YLR129W,YLL035W,0,-9.814396,0.09375,1.0,0.9666666388511658
YOR178C,YLR134W,0,-9.81847,0.09373335540294647,1.0,0.966856062412262
YBL099W,YHR092C,0,-9.81989,0.09371671825647354,1.0,0.9670454263687134
YKL082C,YHR098C,0,-9.824106,0.09370008856058121,1.0,0.9672348499298096
YNL294C,YCR083W,0,-9.8383665,0.09368346631526947,1.0,0.967424213886261
YFR050C,YLR196W,0,-9.858918,0.09366684406995773,1.0,0.9676136374473572
YPL095C,YDL014W,0,-9.861486,0.09365022927522659,1.0,0.9678030014038086
YDL100C,YLR134W,0,-9.865687,0.09363362193107605,1.0,0.9679924249649048
YJR070C,YMR285C,0,-9.870901,0.0936170220375061,1.0,0.9681817889213562
YOR267C,YER118C,0,-9.878046,0.09360042214393616,1.0,0.9683712124824524
YOL082W,YDR529C,0,-9.881346,0.0935838371515274,1.0,0.9685605764389038
YNL110C,YDL230W,0,-9.881444,0.09356725215911865,1.0,0.96875
YLR155C,YCR060W,0,-9.883753,0.0935506746172905,1.0,0.9689394235610962
YER052C,YJR059W,0,-9.885906,0.09353410452604294,1.0,0.9691287875175476
YGL047W,YPL146C,0,-9.887259,0.09351753443479538,1.0,0.9693182110786438
YJL042W,YER082C,0,-9.887758,0.09350097179412842,1.0,0.9695075750350952
YPL026C,YLR435W,0,-9.902597,0.09348441660404205,1.0,0.9696969985961914
YJL196C,YLR048W,0,-9.908134,0.09346786886453629,1.0,0.9698863625526428
YLR155C,YKL004W,0,-9.915884,0.09345132857561111,1.0,0.970075786113739
YFL014W,YLR248W,0,-9.916838,0.09343478828668594,1.0,0.9702651500701904
YNL055C,YOR116C,0,-9.917454,0.09341825544834137,1.0,0.9704545736312866
YNR001C,YLR106C,0,-9.920683,0.09340173006057739,1.0,0.970643937587738
YEL034W,YPR167C,0,-9.937092,0.09338521212339401,1.0,0.9708333611488342
YNR001C,YNL163C,0,-9.953097,0.09336870163679123,1.0,0.9710227251052856
YMR035W,YDL083C,0,-9.955414,0.09335219115018845,1.0,0.9712121486663818
YDR508C,YFR033C,0,-9.962025,0.09333568811416626,1.0,0.9714015126228333
YBR247C,YGL095C,0,-9.969842,0.09331919252872467,1.0,0.9715909361839294
YOR316C,YGR103W,0,-9.971299,0.09330270439386368,1.0,0.9717803001403809
YBR196C,YHR065C,0,-9.976638,0.09328621625900269,1.0,0.971969723701477
YDL181W,YER082C,0,-9.9909,0.09326974302530289,1.0,0.9721590876579285
YGL209W,YGR135W,0,-9.993628,0.09325326979160309,1.0,0.9723485112190247
YMR136W,YJL072C,0,-9.99971,0.09323679655790329,1.0,0.9725378751754761
YPR155C,YLR435W,0,-10.000362,0.09322033822536469,1.0,0.9727272987365723
YGR225W,YDL083C,0,-10.009405,0.09320387989282608,1.0,0.9729166626930237
YAL054C,YBR082C,0,-10.018751,0.09318743646144867,1.0,0.9731060862541199
YOL033W,YER103W,0,-10.0208,0.09317099303007126,1.0,0.9732954502105713
YIR037W,YEL024W,0,-10.02523,0.09315454959869385,1.0,0.9734848737716675
YNL149C,YBR083W,0,-10.04598,0.09313812106847763,1.0,0.9736742377281189
YDR037W,YGL169W,0,-10.047558,0.09312169253826141,1.0,0.9738636612892151
YNL101W,YIL008W,0,-10.05316,0.0931052714586258,1.0,0.9740530252456665
YCL040W,YBR089C-A,0,-10.061699,0.09308885782957077,1.0,0.9742424488067627
YCL025C,YGR159C,0,-10.064302,0.09307245165109634,1.0,0.9744318127632141
YDL083C,YGL169W,0,-10.073898,0.09305604547262192,1.0,0.9746212363243103
YLR129W,YNL129W,0,-10.0810375,0.09303964674472809,1.0,0.9748106002807617
YOR185C,YOR372C,0,-10.083338,0.09302325546741486,1.0,0.9750000238418579
YDR324C,YOR087W,0,-10.086962,0.09300687164068222,1.0,0.9751893877983093
YCL040W,YGL236C,0,-10.094426,0.09299048781394958,1.0,0.9753788113594055
YJL005W,YBR162C,0,-10.097271,0.09297411143779755,1.0,0.9755681753158569
YER006W,YGL115W,0,-10.11225,0.0929577499628067,1.0,0.9757575988769531
YDR513W,YOL129W,0,-10.1138,0.09294138103723526,1.0,0.9759469628334045
YOR316C,YHR055C,0,-10.120447,0.09292502701282501,1.0,0.9761363863945007
YJR070C,YGL011C,0,-10.123863,0.09290867298841476,1.0,0.9763257503509521
YAL054C,YMR022W,0,-10.135712,0.09289232641458511,1.0,0.9765151739120483
YHL002W,YER103W,0,-10.140464,0.09287598729133606,1.0,0.9767045378684998
YDL197C,YKL009W,0,-10.145628,0.0928596556186676,1.0,0.976893961429596
YJR059W,YLR222C,0,-10.1507015,0.09284332394599915,1.0,0.9770833253860474
YOL040C,YCR083W,0,-10.162379,0.09282700717449188,1.0,0.9772727489471436
YPL160W,YDR443C,0,-10.173996,0.09281069040298462,1.0,0.977462112903595
YML080W,YOR386W,0,-10.176376,0.09279437363147736,1.0,0.9776515364646912
YHR026W,YEL024W,0,-10.182966,0.09277807176113129,1.0,0.9778409004211426
YER053C,YLR222C,0,-10.186787,0.09276176989078522,1.0,0.9780303239822388
YOR113W,YKL212W,0,-10.19574,0.09274547547101974,1.0,0.9782196879386902
YPR167C,YDL081C,0,-10.202936,0.09272918850183487,1.0,0.9784091114997864
YJL124C,YER103W,0,-10.207593,0.09271290898323059,1.0,0.9785984754562378
YLR129W,YJL089W,0,-10.236842,0.09269662946462631,1.0,0.978787899017334
YNR001C,YNL221C,0,-10.244974,0.09268035739660263,1.0,0.9789772629737854
YDL014W,YOR359W,0,-10.25021,0.09266409277915955,1.0,0.9791666865348816
YGR103W,YML028W,0,-10.251698,0.09264783561229706,1.0,0.979356050491333
YCR053W,YDR059C,0,-10.255341,0.09263157844543457,1.0,0.9795454740524292
YDR492W,YNL292W,0,-10.258236,0.09261532872915268,1.0,0.9797348380088806
YNR053C,YGR082W,0,-10.264145,0.09259908646345139,1.0,0.9799242615699768
YFR050C,YBR273C,0,-10.268398,0.09258285164833069,1.0,0.9801136255264282
YMR128W,YPL012W,0,-10.2806015,0.09256661683320999,1.0,0.9803030490875244
YER118C,YPL026C,0,-10.3043995,0.09255039691925049,1.0,0.9804924130439758
YLL009C,YDR508C,0,-10.308012,0.09253417700529099,1.0,0.980681836605072
YGL209W,YLR043C,0,-10.32236,0.09251795709133148,1.0,0.9808712005615234
YNL135C,YFL014W,0,-10.328357,0.09250175207853317,1.0,0.9810606241226196
YFL014W,YPL011C,0,-10.328446,0.09248554706573486,1.0,0.981249988079071
YNR032W,YPL152W,0,-10.334873,0.09246934950351715,1.0,0.9814394116401672
YNR058W,YOL040C,0,-10.335889,0.09245315939188004,1.0,0.9816287755966187
YPL146C,YNL241C,0,-10.341955,0.09243697673082352,1.0,0.9818181991577148
YKL182W,YGL045W,0,-10.3438015,0.092420794069767,1.0,0.9820075631141663
YHR042W,YMR260C,0,-10.35186,0.09240461885929108,1.0,0.9821969866752625
YJL112W,YIL114C,0,-10.35284,0.09238845109939575,1.0,0.9823863506317139
YAR014C,YER103W,0,-10.372281,0.09237229079008102,1.0,0.9825757741928101
YLR155C,YFL022C,0,-10.378667,0.0923561304807663,1.0,0.9827651381492615
YLR284C,YMR285C,0,-10.383419,0.09233997762203217,1.0,0.9829545617103577
YDR069C,YKR097W,0,-10.403272,0.09232383221387863,1.0,0.9831439256668091
YLR134W,YBR083W,0,-10.410433,0.0923076942563057,1.0,0.9833333492279053
YHR098C,YDR120C,0,-10.437231,0.09229155629873276,1.0,0.9835227131843567
YMR162C,YKL009W,0,-10.448965,0.09227542579174042,1.0,0.9837121367454529
YGR256W,YER019W,0,-10.487127,0.09225930273532867,1.0,0.9839015007019043
YBR089C-A,YJR145C,0,-10.494277,0.09224318712949753,1.0,0.9840909242630005
YOR027W,YAL001C,0,-10.507959,0.09222707152366638,1.0,0.9842802882194519
YAL012W,YEL012W,0,-10.508994,0.09221097081899643,1.0,0.9844697117805481
YLR129W,YPL265W,0,-10.509399,0.09219487011432648,1.0,0.9846590757369995
YOR109W,YOL010W,0,-10.520007,0.09217876940965652,1.0,0.9848484992980957
YPL178W,YDR492W,0,-10.536976,0.09216268360614777,1.0,0.9850378632545471
YOL082W,YNL173C,0,-10.541358,0.09214659780263901,1.0,0.9852272868156433
YCR072C,YGR082W,0,-10.546906,0.09213051944971085,1.0,0.9854166507720947
YDR174W,YJL116C,0,-10.550668,0.09211444854736328,1.0,0.9856060743331909
YJL191W,YAL016W,0,-10.580189,0.09209837764501572,1.0,0.9857954382896423
YCR072C,YKL099C,0,-10.595344,0.09208231419324875,1.0,0.9859848618507385
YDR245W,YKR097W,0,-10.600642,0.09206625819206238,1.0,0.9861742258071899
YER025W,YGL205W,0,-10.6082325,0.0920502096414566,1.0,0.9863636493682861
YPL012W,YDR120C,0,-10.608495,0.09203416109085083,1.0,0.9865530133247375
YGL047W,YDR101C,0,-10.6244,0.09201812744140625,1.0,0.9867424368858337
YNL159C,YDR429C,0,-10.647144,0.09200209379196167,1.0,0.9869318008422852
YDR216W,YHR065C,0,-10.665843,0.09198606014251709,1.0,0.9871212244033813
YNL055C,YPL203W,0,-10.682087,0.0919700413942337,1.0,0.9873105883598328
YJR070C,YJL112W,0,-10.688954,0.09195402264595032,1.0,0.987500011920929
YMR012W,YOL080C,0,-10.694088,0.09193801134824753,1.0,0.9876893758773804
YPL078C,YNR001C,0,-10.70051,0.09192200750112534,1.0,0.9878787994384766
YFR053C,YLR424W,0,-10.702582,0.09190600365400314,1.0,0.988068163394928
YER006W,YER165W,0,-10.703497,0.09189000725746155,1.0,0.9882575869560242
YDR276C,YDR412W,0,-10.750761,0.09187401831150055,1.0,0.9884469509124756
YOR061W,YDL051W,0,-10.751726,0.09185803681612015,1.0,0.9886363744735718
YOR185C,YMR022W,0,-10.790123,0.09184206277132034,1.0,0.9888257384300232
YDR284C,YNR053C,0,-10.794882,0.09182608872652054,1.0,0.9890151619911194
YPR191W,YLR362W,0,-10.805443,0.09181012213230133,1.0,0.9892045259475708
YJL106W,YLR196W,0,-10.822479,0.09179415553808212,1.0,0.989393949508667
YPR154W,YEL024W,0,-10.854248,0.09177820384502411,1.0,0.9895833134651184
YCR072C,YHR098C,0,-10.881746,0.0917622521519661,1.0,0.9897727370262146
YFR053C,YPL016W,0,-10.882961,0.09174630790948868,1.0,0.989962100982666
YFR053C,YCR053W,0,-10.886406,0.09173037111759186,1.0,0.9901515245437622
YGR145W,YPL012W,0,-10.913659,0.09171443432569504,1.0,0.9903408885002136
YOR046C,YJR103W,0,-10.916043,0.09169850498437881,1.0,0.9905303120613098
YPR067W,YJR145C,0,-10.919485,0.09168258309364319,1.0,0.9907196760177612
YEL054C,YOL127W,0,-10.937994,0.09166666865348816,1.0,0.9909090995788574
YJL042W,YOR340C,0,-10.944954,0.09165075421333313,1.0,0.9910984635353088
YHR042W,YPL019C,0,-10.96277,0.0916348472237587,1.0,0.991287887096405
YGR231C,YOL040C,0,-10.978319,0.09161894768476486,1.0,0.9914772510528564
YLR303W,YKR056W,0,-11.038105,0.09160305559635162,1.0,0.9916666746139526
YGR159C,YJL025W,0,-11.062389,0.09158716350793839,1.0,0.991856038570404
YAL054C,YDR324C,0,-11.080653,0.09157127887010574,1.0,0.9920454621315002
YOR120W,YDR060W,0,-11.11232,0.0915554016828537,1.0,0.9922348260879517
YKL043W,YJR145C,0,-11.113131,0.09153953194618225,1.0,0.9924242496490479
YJL191W,YBR117C,0,-11.142001,0.0915236622095108,1.0,0.9926136136054993
YPR094W,YBR083W,0,-11.162001,0.09150779992341995,1.0,0.9928030371665955
YER126C,YGR118W,0,-11.169844,0.0914919450879097,1.0,0.9929924011230469
YCL040W,YPL019C,0,-11.175459,0.09147609025239944,1.0,0.9931818246841431
YML067C,YJL191W,0,-11.189066,0.09146024286746979,1.0,0.9933711886405945
YPL012W,YKR056W,0,-11.189983,0.09144440293312073,1.0,0.9935606122016907
YGL209W,YOL127W,0,-11.191086,0.09142857044935226,1.0,0.9937499761581421
YCL040W,YKL082C,0,-11.229752,0.0914127454161644,1.0,0.9939393997192383
YJL005W,YER006W,0,-11.238625,0.09139692038297653,1.0,0.9941287636756897
YCR028C,YFR053C,0,-11.245338,0.09138110280036926,1.0,0.9943181872367859
YFR053C,YEL012W,0,-11.312704,0.091365285217762,1.0,0.9945075511932373
YPL187W,YLR048W,0,-11.453188,0.09134948253631592,1.0,0.9946969747543335
YLL011W,YIL017C,0,-11.506351,0.09133367985486984,1.0,0.9948863387107849
YPL160W,YPL026C,0,-11.507978,0.09131788462400436,1.0,0.9950757622718811
YBL099W,YNR001C,0,-11.522073,0.09130208939313889,1.0,0.9952651262283325
YGR159C,YOR003W,0,-11.615694,0.0912863090634346,1.0,0.9954545497894287
YFL014W,YKL134C,0,-11.653607,0.09127052873373032,1.0,0.9956439137458801
YLR196W,YCR083W,0,-11.656291,0.09125475585460663,1.0,0.9958333373069763
YCL025C,YDR529C,0,-11.712795,0.09123898297548294,1.0,0.9960227012634277
YHR092C,YDR178W,0,-11.733725,0.09122321754693985,1.0,0.9962121248245239
YAL054C,YEL024W,0,-11.785622,0.09120745956897736,1.0,0.9964014887809753
YFR053C,YGR239C,0,-11.800427,0.09119170904159546,1.0,0.9965909123420715
YER119C,YDR060W,0,-11.819841,0.09117596596479416,1.0,0.996780276298523
YJR070C,YEL050C,0,-11.859652,0.09116022288799286,1.0,0.9969696998596191
YFR053C,YGR152C,0,-11.958508,0.09114448726177216,1.0,0.9971590638160706
YCL025C,YGL104C,0,-12.060688,0.09112875163555145,1.0,0.9973484873771667
YDL014W,YBR037C,0,-12.08725,0.09111303091049194,1.0,0.9975378513336182
YOR185C,YDR324C,0,-12.150041,0.09109731018543243,1.0,0.9977272748947144
YFL014W,YLR034C,0,-12.25848,0.09108159691095352,1.0,0.9979166388511658
YGL030W,YER103W,0,-12.266098,0.09106588363647461,1.0,0.998106062412262
YMR136W,YDL081C,0,-12.339703,0.0910501778125763,1.0,0.9982954263687134
YMR136W,YGL030W,0,-12.430134,0.09103447943925858,1.0,0.9984848499298096
YEL050C,YOL097C,0,-12.465443,0.09101878851652145,1.0,0.998674213886261
YFL014W,YIL048W,0,-12.492172,0.09100310504436493,1.0,0.9988636374473572
YNL232W,YFR053C,0,-12.613494,0.0909874215722084,1.0,0.9990530014038086
YFR053C,YNL294C,0,-12.638309,0.09097174555063248,1.0,0.9992424249649048
YER053C,YEL054C,0,-12.732481,0.09095606952905655,1.0,0.9994317889213562
YGR256W,YOL040C,0,-12.890007,0.09094040840864182,1.0,0.9996212124824524
YBR185C,YDL081C,0,-13.383812,0.09092474728822708,1.0,0.9998105764389038
YPL126W,YPL012W,0,-13.700619,0.09090909361839294,1.0,1.0
