Gene A,Gene B,Label,Score,Precision,Recall,False Positive Rate
YHR052W,YNL182C,1,-1.2137642,1.0,0.0012820513220503926,0.0
YNL182C,YGR103W,1,-1.4241966,1.0,0.0025641026441007853,0.0
YIR012W,YOR272W,1,-1.4857988,1.0,0.003846153849735856,0.0
YPL211W,YGR103W,1,-1.5046477,1.0,0.0051282052882015705,0.0
YHR052W,YOR272W,1,-1.5289645,1.0,0.006410256493836641,0.0
YJL122W,YOR272W,1,-1.5443549,1.0,0.007692307699471712,0.0
YNL182C,YOR272W,1,-1.5528874,1.0,0.00897435937076807,0.0
YHR052W,YKR024C,1,-1.5588342,1.0,0.010256410576403141,0.0
YHR052W,YGL111W,1,-1.5959024,1.0,0.011538461782038212,0.0
YHR085W,YNL182C,1,-1.6141201,1.0,0.012820512987673283,0.0
YNL182C,YOL144W,1,-1.6336889,1.0,0.014102564193308353,0.0
YJL122W,YNL182C,1,-1.6611534,1.0,0.015384615398943424,0.0
YKL009W,YOR272W,1,-1.6661127,1.0,0.01666666753590107,0.0
YHR052W,YHR085W,1,-1.6853428,1.0,0.01794871874153614,0.0
YHR052W,YHR088W,1,-1.6928914,1.0,0.01923076994717121,0.0
YNL182C,YHR088W,1,-1.7071569,1.0,0.020512821152806282,0.0
YKR024C,YNL182C,1,-1.7122711,1.0,0.021794872358441353,0.0
YJL122W,YKL009W,1,-1.7715921,1.0,0.023076923564076424,0.0
YHR052W,YNL002C,1,-1.8077252,1.0,0.024358974769711494,0.0
YHR085W,YOL144W,1,-1.8133444,1.0,0.025641025975346565,0.0
YHR052W,YPL211W,1,-1.8230991,1.0,0.026923077180981636,0.0
YHR052W,YGL120C,1,-1.8260481,1.0,0.028205128386616707,0.0
YDR101C,YHR052W,1,-1.8261831,1.0,0.029487179592251778,0.0
YNL182C,YKL009W,1,-1.8428795,1.0,0.03076923079788685,0.0
YNL182C,YIR012W,1,-1.8677596,1.0,0.03205128386616707,0.0
YHR052W,YIR012W,1,-1.8836668,1.0,0.03333333507180214,0.0
YJL122W,YKR024C,1,-1.891356,1.0,0.03461538627743721,0.0
YHR052W,YGR103W,1,-1.8960413,1.0,0.03589743748307228,0.0
YGL078C,YGL120C,1,-1.9230131,1.0,0.03717948868870735,0.0
YHR052W,YLR009W,1,-1.9243929,1.0,0.03846153989434242,0.0
YHR052W,YOL144W,1,-1.9323703,1.0,0.03974359109997749,0.0
YNR038W,YOR272W,1,-1.9355092,1.0,0.041025642305612564,0.0
YHR052W,YKL009W,1,-1.9456034,1.0,0.042307693511247635,0.0
YDR091C,YOR272W,1,-1.9673567,1.0,0.043589744716882706,0.0
YNL182C,YNL002C,1,-1.9913282,1.0,0.044871795922517776,0.0
YNL182C,YPL211W,1,-2.0012732,1.0,0.04615384712815285,0.0
YKR024C,YLR009W,1,-2.0068064,1.0,0.04743589833378792,0.0
YKR024C,YBR267W,1,-2.0119154,1.0,0.04871794953942299,0.0
YGL078C,YNL182C,1,-2.0235279,1.0,0.05000000074505806,0.0
YLR009W,YHR088W,1,-2.0253398,1.0,0.05128205195069313,0.0
YKL009W,YPL211W,1,-2.0339694,1.0,0.0525641031563282,0.0
YGL120C,YOR272W,1,-2.0371912,1.0,0.05384615436196327,0.0
YHR052W,YGL078C,1,-2.046872,1.0,0.05512820556759834,0.0
YHR085W,YHR088W,1,-2.0489583,1.0,0.056410256773233414,0.0
YJL122W,YLR009W,1,-2.0589528,1.0,0.057692307978868484,0.0
YGL078C,YKR024C,1,-2.0591059,1.0,0.058974359184503555,0.0
YNL182C,YLR009W,1,-2.0617437,1.0,0.060256410390138626,0.0
YNR038W,YNL182C,1,-2.0744789,1.0,0.0615384615957737,0.0
YGR103W,YLR009W,1,-2.0908384,1.0,0.06282051652669907,0.0
YHR085W,YIR012W,1,-2.119307,1.0,0.06410256773233414,0.0
YGL111W,YOR272W,1,-2.121262,1.0,0.06538461893796921,0.0
YJL122W,YER002W,1,-2.1233795,1.0,0.06666667014360428,0.0
YJL122W,YHR052W,1,-2.1358986,1.0,0.06794872134923935,0.0
YKR024C,YOR272W,1,-2.1526346,1.0,0.06923077255487442,0.0
YOL077C,YGL078C,1,-2.157666,1.0,0.07051282376050949,0.0
YDR101C,YGL078C,1,-2.166804,1.0,0.07179487496614456,0.0
YKL009W,YLR009W,1,-2.190205,1.0,0.07307692617177963,0.0
YKR024C,YGL111W,1,-2.1921687,1.0,0.0743589773774147,0.0
YGL078C,YLR009W,1,-2.2086487,1.0,0.07564102858304977,0.0
YKR024C,YHR088W,1,-2.2130055,1.0,0.07692307978868484,0.0
YHR088W,YOR272W,1,-2.2136438,1.0,0.07820513099431992,0.0
YOL144W,YHR088W,1,-2.217877,1.0,0.07948718219995499,0.0
YLR009W,YOR272W,1,-2.2225773,1.0,0.08076923340559006,0.0
YBR267W,YIR012W,1,-2.2329645,1.0,0.08205128461122513,0.0
YPL211W,YLR009W,1,-2.2331061,1.0,0.0833333358168602,0.0
YJL122W,YOL144W,1,-2.233122,1.0,0.08461538702249527,0.0
YHR085W,YOR272W,1,-2.238151,1.0,0.08589743822813034,0.0
YGR103W,YEL054C,1,-2.2384012,1.0,0.08717948943376541,0.0
YKL009W,YOL144W,1,-2.2404819,1.0,0.08846154063940048,0.0
YGL120C,YNL002C,1,-2.2442112,1.0,0.08974359184503555,0.0
YGL078C,YOR272W,1,-2.2498157,1.0,0.09102564305067062,0.0
YHR052W,YDR091C,1,-2.2539842,1.0,0.0923076942563057,0.0
YFR001W,YPL211W,1,-2.2541847,1.0,0.09358974546194077,0.0
YFR001W,YNL002C,1,-2.2684696,1.0,0.09487179666757584,0.0
YNL182C,YGL120C,1,-2.2689805,1.0,0.09615384787321091,0.0
YGL111W,YLR009W,1,-2.2721288,1.0,0.09743589907884598,0.0
YDR101C,YKR024C,1,-2.2744954,1.0,0.09871795028448105,0.0
YFR001W,YOR272W,1,-2.2770126,1.0,0.10000000149011612,0.0
YGR103W,YIR012W,1,-2.2816086,1.0,0.10128205269575119,0.0
YDL051W,YMR260C,0,-2.2824671,0.987500011920929,0.10128205269575119,0.00012820512347389013
YNL182C,YGL111W,1,-2.2912126,0.9876543283462524,0.10256410390138626,0.00012820512347389013
YGL078C,YNL002C,1,-2.2914612,0.9878048896789551,0.10384615510702133,0.00012820512347389013
YGL078C,YKL009W,1,-2.3089826,0.9879518151283264,0.1051282063126564,0.00012820512347389013
YGL120C,YLR009W,1,-2.3127751,0.988095223903656,0.10641025751829147,0.00012820512347389013
YKR024C,YIR012W,1,-2.314046,0.9882352948188782,0.10769230872392654,0.00012820512347389013
YPL211W,YNL002C,1,-2.3273156,0.9883720874786377,0.10897435992956161,0.00012820512347389013
YJL122W,YBR267W,1,-2.328792,0.9885057210922241,0.11025641113519669,0.00012820512347389013
YGR103W,YGL120C,1,-2.3368936,0.9886363744735718,0.11153846234083176,0.00012820512347389013
YKR024C,YKL009W,1,-2.337695,0.9887640476226807,0.11282051354646683,0.00012820512347389013
YKL009W,YER002W,1,-2.3379989,0.9888888597488403,0.1141025647521019,0.00012820512347389013
YKL009W,YGR103W,1,-2.3381011,0.9890109896659851,0.11538461595773697,0.00012820512347389013
YDR101C,YOR272W,1,-2.338442,0.989130437374115,0.11666666716337204,0.00012820512347389013
YGL078C,YIR012W,1,-2.3396924,0.9892473220825195,0.11794871836900711,0.00012820512347389013
YOL077C,YHR052W,1,-2.341651,0.9893617033958435,0.11923076957464218,0.00012820512347389013
YPL211W,YEL054C,1,-2.3438056,0.9894737005233765,0.12051282078027725,0.00012820512347389013
YHR088W,YKL082C,1,-2.344333,0.9895833134651184,0.12179487198591232,0.00012820512347389013
YJL122W,YIR012W,1,-2.349267,0.9896907210350037,0.1230769231915474,0.00012820512347389013
YER002W,YLR009W,1,-2.3520854,0.9897959232330322,0.12435897439718246,0.00012820512347389013
YOL144W,YIR012W,1,-2.3538396,0.9898989796638489,0.12564103305339813,0.00012820512347389013
YNR038W,YNL002C,1,-2.3566835,0.9900000095367432,0.1269230842590332,0.00012820512347389013
YHR052W,YBR267W,1,-2.3641198,0.9900990128517151,0.12820513546466827,0.00012820512347389013
YNL182C,YFR001W,1,-2.3654606,0.9901960492134094,0.12948718667030334,0.00012820512347389013
YPL211W,YOR272W,1,-2.3802755,0.9902912378311157,0.13076923787593842,0.00012820512347389013
YGL078C,YPL211W,1,-2.3830316,0.9903846383094788,0.1320512890815735,0.00012820512347389013
YKL009W,YGL111W,1,-2.3847282,0.9904761910438538,0.13333334028720856,0.00012820512347389013
YKL009W,YHR088W,1,-2.3870277,0.9905660152435303,0.13461539149284363,0.00012820512347389013
YJL122W,YPL211W,1,-2.3876696,0.9906542301177979,0.1358974426984787,0.00012820512347389013
YGR103W,YML073C,1,-2.392062,0.9907407164573669,0.13717949390411377,0.00012820512347389013
YGR103W,YOR272W,1,-2.3939087,0.9908257126808167,0.13846154510974884,0.00012820512347389013
YJL122W,YGR103W,1,-2.3958936,0.9909090995788574,0.1397435963153839,0.00012820512347389013
YDR101C,YNL182C,1,-2.3965416,0.9909909963607788,0.14102564752101898,0.00012820512347389013
YGL078C,YGR103W,1,-2.3973935,0.9910714030265808,0.14230769872665405,0.00012820512347389013
YPL211W,YER002W,1,-2.3977535,0.991150438785553,0.14358974993228912,0.00012820512347389013
YPL211W,YIR012W,1,-2.401436,0.9912280440330505,0.1448718011379242,0.00012820512347389013
YOL144W,YLR009W,1,-2.4019344,0.991304337978363,0.14615385234355927,0.00012820512347389013
YHR085W,YKL009W,1,-2.40525,0.9913793206214905,0.14743590354919434,0.00012820512347389013
YFR001W,YKL009W,1,-2.4081712,0.9914529919624329,0.1487179547548294,0.00012820512347389013
YGL111W,YIR012W,1,-2.4199655,0.991525411605835,0.15000000596046448,0.00012820512347389013
YFR001W,YKL082C,1,-2.4209063,0.9915966391563416,0.15128205716609955,0.00012820512347389013
YOL144W,YOR272W,1,-2.425673,0.9916666746139526,0.15256410837173462,0.00012820512347389013
YOL077C,YNL002C,1,-2.4298377,0.9917355179786682,0.1538461595773697,0.00012820512347389013
YKR024C,YGL120C,1,-2.4301512,0.9918032884597778,0.15512821078300476,0.00012820512347389013
YKL009W,YBR267W,1,-2.4302204,0.9918699264526367,0.15641026198863983,0.00012820512347389013
YER002W,YOL144W,1,-2.4369311,0.9919354915618896,0.1576923131942749,0.00012820512347389013
YKR024C,YGR103W,1,-2.4539087,0.9919999837875366,0.15897436439990997,0.00012820512347389013
YOL077C,YPL211W,1,-2.456848,0.9920634627342224,0.16025641560554504,0.00012820512347389013
YNL119W,YMR093W,0,-2.4611244,0.9842519760131836,0.16025641560554504,0.00025641024694778025
YOL144W,YNL002C,1,-2.4614842,0.984375,0.16153846681118011,0.00025641024694778025
YJL122W,YOL077C,1,-2.4618595,0.9844961166381836,0.16282051801681519,0.00025641024694778025
YGR103W,YNL002C,1,-2.4687889,0.9846153855323792,0.16410256922245026,0.00025641024694778025
YJL122W,YHR088W,1,-2.4729211,0.9847328066825867,0.16538462042808533,0.00025641024694778025
YKR024C,YOL144W,1,-2.4821835,0.9848484992980957,0.1666666716337204,0.00025641024694778025
YNR038W,YIR012W,1,-2.4833186,0.9849624037742615,0.16794872283935547,0.00025641024694778025
YHR052W,YEL054C,1,-2.4874322,0.9850746393203735,0.16923077404499054,0.00025641024694778025
YNL182C,YBR267W,1,-2.4876196,0.9851852059364319,0.1705128252506256,0.00025641024694778025
YHR052W,YFR001W,1,-2.492058,0.9852941036224365,0.17179487645626068,0.00025641024694778025
YGL078C,YGL111W,1,-2.4963837,0.985401451587677,0.17307692766189575,0.00025641024694778025
YJL122W,YGL111W,1,-2.49652,0.9855072498321533,0.17435897886753082,0.00025641024694778025
YOL144W,YKL082C,1,-2.4988391,0.9856114983558655,0.1756410300731659,0.00025641024694778025
YDR101C,YNL002C,1,-2.5027654,0.9857142567634583,0.17692308127880096,0.00025641024694778025
YKR024C,YHR085W,1,-2.50745,0.9858155846595764,0.17820513248443604,0.00025641024694778025
YJL122W,YNL002C,1,-2.509439,0.98591548204422,0.1794871836900711,0.00025641024694778025
YGR103W,YDR091C,1,-2.5121982,0.9860140085220337,0.18076923489570618,0.00025641024694778025
YOL144W,YGL120C,1,-2.5147412,0.9861111044883728,0.18205128610134125,0.00025641024694778025
YPL211W,YOL144W,1,-2.5174673,0.9862068891525269,0.18333333730697632,0.00025641024694778025
YPL211W,YDR091C,1,-2.525303,0.9863013625144958,0.1846153885126114,0.00025641024694778025
YKR024C,YNL002C,1,-2.5265877,0.9863945841789246,0.18589743971824646,0.00025641024694778025
YFR001W,YOL144W,1,-2.5350947,0.9864864945411682,0.18717949092388153,0.00025641024694778025
YFR001W,YHR088W,1,-2.53856,0.9865771532058716,0.1884615421295166,0.00025641024694778025
YJL122W,YDR101C,1,-2.5386841,0.9866666793823242,0.18974359333515167,0.00025641024694778025
YFR001W,YLR009W,1,-2.5431478,0.9867549538612366,0.19102564454078674,0.00025641024694778025
YCR057C,YMR146C,0,-2.5443552,0.9802631735801697,0.19102564454078674,0.0003846153849735856
YNR038W,YGL120C,1,-2.5508082,0.9803921580314636,0.19230769574642181,0.0003846153849735856
YJL122W,YKL082C,1,-2.551661,0.9805194735527039,0.19358974695205688,0.0003846153849735856
YLR009W,YNL002C,1,-2.5573244,0.9806451797485352,0.19487179815769196,0.0003846153849735856
YEL054C,YML073C,1,-2.5594392,0.9807692170143127,0.19615384936332703,0.0003846153849735856
YNL002C,YIR012W,1,-2.560078,0.9808917045593262,0.1974359005689621,0.0003846153849735856
YJL122W,YEL054C,1,-2.560443,0.9810126423835754,0.19871795177459717,0.0003846153849735856
YKR024C,YPL211W,1,-2.5624692,0.9811320900917053,0.20000000298023224,0.0003846153849735856
YBR267W,YKL082C,1,-2.5687783,0.981249988079071,0.2012820541858673,0.0003846153849735856
YKL009W,YGL120C,1,-2.5693371,0.9813664555549622,0.20256410539150238,0.0003846153849735856
YGR103W,YOL144W,1,-2.5757835,0.9814814925193787,0.20384615659713745,0.0003846153849735856
YHR052W,YML073C,1,-2.5822358,0.9815950989723206,0.20512820780277252,0.0003846153849735856
YFR001W,YIR012W,1,-2.5890384,0.9817073345184326,0.2064102590084076,0.0003846153849735856
YNR038W,YGR103W,1,-2.5894103,0.9818181991577148,0.20769231021404266,0.0003846153849735856
YDR101C,YKL009W,1,-2.5940435,0.9819276928901672,0.20897436141967773,0.0003846153849735856
YPL086C,YLR003C,0,-2.6035342,0.976047933101654,0.20897436141967773,0.0005128204938955605
YKR024C,YDR091C,1,-2.6101515,0.976190447807312,0.2102564126253128,0.0005128204938955605
YHR052W,YKL082C,1,-2.6176903,0.976331353187561,0.21153846383094788,0.0005128204938955605
YBR267W,YLR009W,1,-2.6218965,0.9764705896377563,0.21282051503658295,0.0005128204938955605
YKL009W,YKL082C,1,-2.6232426,0.9766082167625427,0.21410256624221802,0.0005128204938955605
YHR085W,YBR267W,1,-2.635166,0.9767441749572754,0.2153846174478531,0.0005128204938955605
YOL077C,YEL054C,1,-2.6359818,0.9768785834312439,0.21666666865348816,0.0005128204938955605
YHR088W,YFL002C,1,-2.6378899,0.977011501789093,0.21794871985912323,0.0005128204938955605
YJL122W,YGL120C,1,-2.6401844,0.977142870426178,0.2192307710647583,0.0005128204938955605
YHR085W,YPL211W,1,-2.6406915,0.9772727489471436,0.22051282227039337,0.0005128204938955605
YPL211W,YML073C,1,-2.6519291,0.9774011373519897,0.22179487347602844,0.0005128204938955605
YOL077C,YGL120C,1,-2.652081,0.9775280952453613,0.2230769246816635,0.0005128204938955605
YPL211W,YGL111W,1,-2.6656435,0.9776536226272583,0.22435897588729858,0.0005128204938955605
YDR101C,YIR012W,1,-2.670732,0.9777777791023254,0.22564102709293365,0.0005128204938955605
YFR001W,YER002W,1,-2.6717947,0.9779005646705627,0.22692307829856873,0.0005128204938955605
YJL122W,YNR038W,1,-2.6732438,0.9780219793319702,0.2282051295042038,0.0005128204938955605
YNL163C,YOR272W,1,-2.677125,0.9781420826911926,0.22948718070983887,0.0005128204938955605
YNL182C,YDR091C,1,-2.6794431,0.97826087474823,0.23076923191547394,0.0005128204938955605
YGL111W,YHR088W,1,-2.6870396,0.9783783555030823,0.232051283121109,0.0005128204938955605
YHR052W,YDR418W,1,-2.6878102,0.9784946441650391,0.23333333432674408,0.0005128204938955605
YDR101C,YGL120C,1,-2.6913311,0.9786096215248108,0.23461538553237915,0.0005128204938955605
YER002W,YHR088W,1,-2.6939056,0.978723406791687,0.23589743673801422,0.0005128204938955605
YHR052W,YER002W,1,-2.6986516,0.9788359999656677,0.2371794879436493,0.0005128204938955605
YFR001W,YGR103W,1,-2.7018175,0.9789473414421082,0.23846153914928436,0.0005128204938955605
YKL009W,YNL002C,1,-2.7061703,0.9790576100349426,0.23974359035491943,0.0005128204938955605
YFR001W,YDR418W,1,-2.7100296,0.9791666865348816,0.2410256415605545,0.0005128204938955605
YBR267W,YOR272W,1,-2.716524,0.9792746305465698,0.24230769276618958,0.0005128204938955605
YKR024C,YKL082C,1,-2.721215,0.9793814420700073,0.24358974397182465,0.0005128204938955605
YJL122W,YGL078C,1,-2.7297513,0.9794871807098389,0.24487179517745972,0.0005128204938955605
YDR091C,YLR009W,1,-2.7319956,0.9795918464660645,0.2461538463830948,0.0005128204938955605
YHR052W,YNR038W,1,-2.7373722,0.9796954393386841,0.24743589758872986,0.0005128204938955605
YOL077C,YGR103W,1,-2.7388325,0.9797979593276978,0.24871794879436493,0.0005128204938955605
YHR052W,YFL002C,1,-2.7415304,0.979899525642395,0.25,0.0005128204938955605
YNL182C,YFL002C,1,-2.7499106,0.9800000190734863,0.25128206610679626,0.0005128204938955605
YLR009W,YEL054C,1,-2.760327,0.9800994992256165,0.25256410241127014,0.0005128204938955605
YPL211W,YDR418W,1,-2.7638223,0.9801980257034302,0.2538461685180664,0.0005128204938955605
YNL182C,YKL082C,1,-2.7714167,0.9802955389022827,0.2551282048225403,0.0005128204938955605
YFR001W,YBR267W,1,-2.7758238,0.9803921580314636,0.25641027092933655,0.0005128204938955605
YGR103W,YHR088W,1,-2.7773993,0.9804878234863281,0.2576923072338104,0.0005128204938955605
YJL122W,YFR001W,1,-2.8013816,0.9805825352668762,0.2589743733406067,0.0005128204938955605
YER002W,YNL002C,1,-2.8029928,0.9806763529777527,0.26025640964508057,0.0005128204938955605
YKR024C,YFR001W,1,-2.803314,0.9807692170143127,0.26153847575187683,0.0005128204938955605
YKL009W,YIR012W,1,-2.8071856,0.980861246585846,0.2628205120563507,0.0005128204938955605
YHR085W,YFR001W,1,-2.8089182,0.9809523820877075,0.264102578163147,0.0005128204938955605
YJR063W,YPR163C,0,-2.8104994,0.9763033390045166,0.264102578163147,0.0006410256610251963
YGR103W,YPR102C,1,-2.8130343,0.9764150977134705,0.26538461446762085,0.0006410256610251963
YGL120C,YFL002C,1,-2.8134725,0.9765258431434631,0.2666666805744171,0.0006410256610251963
YHR088W,YIR012W,1,-2.8188448,0.9766355156898499,0.267948716878891,0.0006410256610251963
YDR091C,YIR012W,1,-2.8222895,0.9767441749572754,0.26923078298568726,0.0006410256610251963
YER002W,YOR272W,1,-2.8226888,0.9768518805503845,0.27051281929016113,0.0006410256610251963
YHR085W,YDR091C,1,-2.8248222,0.9769585132598877,0.2717948853969574,0.0006410256610251963
YKL009W,YPR102C,1,-2.827267,0.9770641922950745,0.2730769217014313,0.0006410256610251963
YGL078C,YFR001W,1,-2.82785,0.9771689772605896,0.27435898780822754,0.0006410256610251963
YNR038W,YNL163C,1,-2.8325214,0.9772727489471436,0.2756410241127014,0.0006410256610251963
YGR118W,YLR197W,0,-2.836158,0.9728506803512573,0.2756410241127014,0.0007692307699471712
YOL077C,YKL009W,1,-2.8444784,0.9729729890823364,0.2769230902194977,0.0007692307699471712
YDR101C,YGR103W,1,-2.8501089,0.9730941653251648,0.27820512652397156,0.0007692307699471712
YGL078C,YOL144W,1,-2.8503041,0.9732142686843872,0.2794871926307678,0.0007692307699471712
YOL077C,YKR024C,1,-2.852844,0.9733333587646484,0.2807692289352417,0.0007692307699471712
YGL078C,YHR085W,1,-2.866576,0.9734513163566589,0.28205129504203796,0.0007692307699471712
YGL120C,YEL054C,1,-2.8740532,0.9735682606697083,0.28333333134651184,0.0007692307699471712
YJL122W,YPR102C,1,-2.878009,0.9736841917037964,0.2846153974533081,0.0007692307699471712
YFR001W,YML073C,1,-2.882907,0.9737991094589233,0.285897433757782,0.0007692307699471712
YBR267W,YHR088W,1,-2.8862886,0.9739130139350891,0.28717949986457825,0.0007692307699471712
YHR052W,YNL163C,1,-2.895317,0.9740259647369385,0.2884615361690521,0.0007692307699471712
YER025W,YER127W,0,-2.8965404,0.9698275923728943,0.2884615361690521,0.0008974358788691461
YDL166C,YER006W,0,-2.8971002,0.9656652212142944,0.2884615361690521,0.001025640987791121
YOL077C,YNR038W,1,-2.8992722,0.9658119678497314,0.2897436022758484,0.001025640987791121
YOL077C,YNL182C,1,-2.9090588,0.9659574627876282,0.29102563858032227,0.001025640987791121
YEL054C,YOR063W,1,-2.9100082,0.9661017060279846,0.29230770468711853,0.001025640987791121
YNL002C,YKL082C,1,-2.911539,0.9662446975708008,0.2935897409915924,0.001025640987791121
YDR465C,YER082C,0,-2.911584,0.9621848464012146,0.2935897409915924,0.0011538461549207568
YGL078C,YNR038W,1,-2.9141178,0.9623430967330933,0.29487180709838867,0.0011538461549207568
YPL211W,YHR088W,1,-2.9147608,0.9624999761581421,0.29615384340286255,0.0011538461549207568
YNR038W,YKR024C,1,-2.9184277,0.9626556038856506,0.2974359095096588,0.0011538461549207568
YGR103W,YFL002C,1,-2.9191778,0.9628099203109741,0.2987179458141327,0.0011538461549207568
YNR038W,YHR085W,1,-2.9193842,0.9629629850387573,0.30000001192092896,0.0011538461549207568
YJL122W,YHR085W,1,-2.9208872,0.9631147384643555,0.30128204822540283,0.0011538461549207568
YJL125C,YPL237W,0,-2.92258,0.9591836929321289,0.30128204822540283,0.0012820513220503926
YGL111W,YFL002C,1,-2.9226959,0.9593495726585388,0.3025641143321991,0.0012820513220503926
YPL211W,YPL131W,1,-2.9360507,0.9595141410827637,0.303846150636673,0.0012820513220503926
YOL077C,YFR001W,1,-2.9364557,0.9596773982048035,0.30512821674346924,0.0012820513220503926
YGL111W,YGL120C,1,-2.936502,0.9598393440246582,0.3064102530479431,0.0012820513220503926
YNR038W,YKL009W,1,-2.9373264,0.9599999785423279,0.3076923191547394,0.0012820513220503926
YGL120C,YDR091C,1,-2.9384716,0.9601593613624573,0.30897435545921326,0.0012820513220503926
YDR300C,YPR163C,0,-2.9392874,0.9563491940498352,0.30897435545921326,0.0014102563727647066
YKR024C,YNL163C,1,-2.9414694,0.95652174949646,0.3102564215660095,0.0014102563727647066
YOR361C,YDR412W,0,-2.9477308,0.9527559280395508,0.3102564215660095,0.0015384615398943424
YPL211W,YGL120C,1,-2.9538555,0.9529411792755127,0.3115384578704834,0.0015384615398943424
YGL120C,YML073C,1,-2.960532,0.953125,0.31282052397727966,0.0015384615398943424
YLR009W,YML073C,1,-2.9762475,0.9533073902130127,0.31410256028175354,0.0015384615398943424
YHR085W,YGR103W,1,-2.978418,0.9534883499145508,0.3153846263885498,0.0015384615398943424
YGL078C,YDR091C,1,-2.9817235,0.953667938709259,0.3166666626930237,0.0015384615398943424
YFR001W,YEL054C,1,-2.9834049,0.9538461565971375,0.31794872879981995,0.0015384615398943424
YPL086C,YMR239C,0,-2.9860008,0.9501915574073792,0.31794872879981995,0.0016666667070239782
YNL002C,YHR088W,1,-2.9879274,0.9503816962242126,0.3192307651042938,0.0016666667070239782
YNL182C,YDR418W,1,-2.9885266,0.9505703449249268,0.3205128312110901,0.0016666667070239782
YGR103W,YNL163C,1,-2.9941745,0.9507575631141663,0.32179486751556396,0.0016666667070239782
YDR091C,YHR088W,1,-2.9955099,0.9509434103965759,0.32307693362236023,0.0016666667070239782
YHR052W,YPR102C,1,-2.997573,0.951127827167511,0.3243589699268341,0.0016666667070239782
YIL019W,YJR063W,0,-2.9990094,0.9475655555725098,0.3243589699268341,0.0017948717577382922
YGL078C,YKL082C,1,-3.004381,0.9477611780166626,0.32564103603363037,0.0017948717577382922
YLR009W,YPR102C,1,-3.0054405,0.9479553699493408,0.32692307233810425,0.0017948717577382922
YOL144W,YDR091C,1,-3.007351,0.9481481313705444,0.3282051384449005,0.0017948717577382922
YGL120C,YIR012W,1,-3.0083773,0.9483394622802734,0.3294871747493744,0.0017948717577382922
YNR038W,YGL111W,1,-3.0125082,0.9485294222831726,0.33076924085617065,0.0017948717577382922
YJL122W,YDR091C,1,-3.0166566,0.9487179517745972,0.33205127716064453,0.0017948717577382922
YER002W,YBR267W,1,-3.017759,0.9489051103591919,0.3333333432674408,0.0017948717577382922
YNL182C,YNL163C,1,-3.0190876,0.9490908980369568,0.3346153795719147,0.0017948717577382922
YKL009W,YEL054C,1,-3.0261064,0.9492753744125366,0.33589744567871094,0.0017948717577382922
YOL077C,YIR012W,1,-3.0298617,0.9494584798812866,0.3371794819831848,0.0017948717577382922
YER002W,YKL082C,1,-3.03021,0.9496402740478516,0.3384615480899811,0.0017948717577382922
YPL211W,YOR063W,1,-3.035412,0.9498208165168762,0.33974358439445496,0.0017948717577382922
YNR038W,YFL002C,1,-3.0364087,0.949999988079071,0.3410256505012512,0.0017948717577382922
YER002W,YGL111W,1,-3.0365837,0.9501779079437256,0.3423076868057251,0.0017948717577382922
YNL163C,YHR088W,1,-3.037021,0.9503546357154846,0.34358975291252136,0.0017948717577382922
YGL078C,YHR088W,1,-3.0410364,0.9505300521850586,0.34487178921699524,0.0017948717577382922
YOL077C,YLR009W,1,-3.0529068,0.9507042169570923,0.3461538553237915,0.0017948717577382922
YDR101C,YNR038W,1,-3.0600855,0.9508771896362305,0.3474358916282654,0.0017948717577382922
YFR001W,YPR102C,1,-3.0607235,0.9510489702224731,0.34871795773506165,0.0017948717577382922
YKR024C,YFL002C,1,-3.0651076,0.9512194991111755,0.3499999940395355,0.0017948717577382922
YNL182C,YER002W,1,-3.0680072,0.9513888955116272,0.3512820601463318,0.0017948717577382922
YDR101C,YPL211W,1,-3.0728266,0.9515570998191833,0.35256409645080566,0.0017948717577382922
YHR085W,YLR009W,1,-3.079046,0.951724112033844,0.35384616255760193,0.0017948717577382922
YFR001W,YGL120C,1,-3.0802844,0.9518900513648987,0.3551281988620758,0.0017948717577382922
YHR052W,YLR022C,1,-3.0833511,0.9520547986030579,0.35641026496887207,0.0017948717577382922
YNR038W,YDR091C,1,-3.0865195,0.9522184133529663,0.35769230127334595,0.0017948717577382922
YPL211W,YPR102C,1,-3.0922046,0.9523809552192688,0.3589743673801422,0.0017948717577382922
YBR267W,YDR091C,1,-3.0942202,0.9525423645973206,0.3602564036846161,0.0017948717577382922
YDR101C,YLR009W,1,-3.097029,0.9527027010917664,0.36153846979141235,0.0017948717577382922
YDR101C,YEL054C,1,-3.1000502,0.9528619647026062,0.36282050609588623,0.0017948717577382922
YDL112W,YBL039C,0,-3.1010668,0.9496644139289856,0.36282050609588623,0.001923076924867928
YOL077C,YPL131W,1,-3.1031554,0.9498327970504761,0.3641025722026825,0.001923076924867928
YKL009W,YDR091C,1,-3.1103356,0.949999988079071,0.36538460850715637,0.001923076924867928
YKR024C,YER002W,1,-3.1110017,0.9501661062240601,0.36666667461395264,0.001923076924867928
YDR101C,YGL111W,1,-3.1115944,0.9503311514854431,0.3679487109184265,0.001923076924867928
YGR103W,YGL111W,1,-3.1127534,0.9504950642585754,0.3692307770252228,0.001923076924867928
YGR103W,YKL082C,1,-3.1132743,0.9506579041481018,0.37051281332969666,0.001923076924867928
YHR052W,YOR063W,1,-3.1180007,0.9508196711540222,0.3717948794364929,0.001923076924867928
YKL009W,YML073C,1,-3.1183326,0.9509803652763367,0.3730769157409668,0.001923076924867928
YNR038W,YPL211W,1,-3.1185534,0.9511400461196899,0.37435898184776306,0.001923076924867928
YDR091C,YEL054C,1,-3.1286666,0.951298713684082,0.37564101815223694,0.001923076924867928
YGL078C,YML073C,1,-3.1315482,0.9514563083648682,0.3769230842590332,0.001923076924867928
YGL111W,YBR267W,1,-3.1331313,0.9516128897666931,0.3782051205635071,0.001923076924867928
YHR085W,YLR022C,1,-3.140109,0.9517685174942017,0.37948718667030334,0.001923076924867928
YNR038W,YOL144W,1,-3.1415317,0.9519230723381042,0.3807692229747772,0.001923076924867928
YGR123C,YHR021C,0,-3.1436684,0.9488818049430847,0.3807692229747772,0.002051281975582242
YOL144W,YGL111W,1,-3.1441982,0.9490445852279663,0.3820512890815735,0.002051281975582242
YBR267W,YNL002C,1,-3.147412,0.9492063522338867,0.38333332538604736,0.002051281975582242
YOL144W,YFL002C,1,-3.157626,0.949367105960846,0.38461539149284363,0.002051281975582242
YOL144W,YEL054C,1,-3.1647546,0.9495267868041992,0.3858974277973175,0.002051281975582242
YOL077C,YOR272W,1,-3.1751695,0.9496855139732361,0.38717949390411377,0.002051281975582242
YGR103W,YDR418W,1,-3.187022,0.9498432874679565,0.38846153020858765,0.002051281975582242
YFR001W,YGL111W,1,-3.1870673,0.949999988079071,0.3897435963153839,0.002051281975582242
YHR085W,YNL002C,1,-3.1900885,0.9501557350158691,0.3910256326198578,0.002051281975582242
YGR103W,YOL127W,1,-3.192765,0.9503105878829956,0.39230769872665405,0.002051281975582242
YNR038W,YEL054C,1,-3.1982524,0.9504643678665161,0.39358973503112793,0.002051281975582242
YDR101C,YFL002C,1,-3.202228,0.9506173133850098,0.3948718011379242,0.002051281975582242
YGR103W,YLR022C,1,-3.2036526,0.9507692456245422,0.39615383744239807,0.002051281975582242
YGL078C,YER002W,1,-3.2045658,0.9509202241897583,0.39743590354919434,0.002051281975582242
YPL211W,YKL082C,1,-3.2188041,0.9510703086853027,0.3987179398536682,0.002051281975582242
YOL077C,YML073C,1,-3.2251215,0.9512194991111755,0.4000000059604645,0.002051281975582242
YNL002C,YOR272W,1,-3.2264585,0.9513677954673767,0.40128204226493835,0.002051281975582242
YOL144W,YBR267W,1,-3.230747,0.9515151381492615,0.4025641083717346,0.002051281975582242
YLR009W,YKL082C,1,-3.2309103,0.9516616463661194,0.4038461446762085,0.002051281975582242
YNR038W,YLR009W,1,-3.2323802,0.9518072009086609,0.40512821078300476,0.002051281975582242
YNL182C,YEL054C,1,-3.2444575,0.9519519805908203,0.40641024708747864,0.002051281975582242
YGL111W,YDR091C,1,-3.2528212,0.9520958065986633,0.4076923131942749,0.002051281975582242
YDR101C,YOL077C,1,-3.2557304,0.9522387981414795,0.4089743494987488,0.002051281975582242
YGL111W,YKL082C,1,-3.2613127,0.9523809552192688,0.41025641560554504,0.002051281975582242
YDR120C,YDL112W,0,-3.262757,0.9495549201965332,0.41025641560554504,0.002179487142711878
YNL002C,YEL054C,1,-3.266959,0.9497041702270508,0.4115384519100189,0.002179487142711878
YNL227C,YLR009W,1,-3.2715025,0.9498525261878967,0.4128205180168152,0.002179487142711878
YDR091C,YNL002C,1,-3.2722886,0.949999988079071,0.41410255432128906,0.002179487142711878
YGL111W,YNL002C,1,-3.2746456,0.9501466155052185,0.4153846204280853,0.002179487142711878
YHR052W,YPL131W,1,-3.2787044,0.9502924084663391,0.4166666567325592,0.002179487142711878
YKL082C,YFL002C,1,-3.284191,0.9504373073577881,0.41794872283935547,0.002179487142711878
YGL120C,YNL163C,1,-3.2900317,0.9505813717842102,0.41923075914382935,0.002179487142711878
YNL227C,YHR088W,1,-3.2902405,0.9507246613502502,0.4205128252506256,0.002179487142711878
YNL227C,YKL082C,1,-3.290468,0.9508670568466187,0.4217948615550995,0.002179487142711878
YHR089C,YMR239C,0,-3.2916572,0.9481267929077148,0.4217948615550995,0.0023076923098415136
YGL120C,YBR267W,1,-3.2941031,0.9482758641242981,0.42307692766189575,0.0023076923098415136
YBR267W,YLR022C,1,-3.3032293,0.9484240412712097,0.42435896396636963,0.0023076923098415136
YOL144W,YLR022C,1,-3.3074296,0.9485714435577393,0.4256410300731659,0.0023076923098415136
YFL002C,YIR012W,1,-3.3102307,0.9487179517745972,0.42692306637763977,0.0023076923098415136
YOR063W,YML073C,1,-3.3105834,0.9488636255264282,0.42820513248443604,0.0023076923098415136
YNL002C,YPR102C,1,-3.315406,0.9490085244178772,0.4294871687889099,0.0023076923098415136
YFR001W,YFL002C,1,-3.3197496,0.9491525292396545,0.4307692348957062,0.0023076923098415136
YBR154C,YMR093W,0,-3.3198683,0.9464788436889648,0.4307692348957062,0.0024358974769711494
YGL078C,YNL163C,1,-3.3227723,0.9466292262077332,0.43205127120018005,0.0024358974769711494
YLR068W,YOR056C,0,-3.3270433,0.9439775943756104,0.43205127120018005,0.0025641026441007853
YHR085W,YKL082C,1,-3.3284986,0.9441340565681458,0.4333333373069763,0.0025641026441007853
YNL227C,YGR103W,1,-3.3305151,0.9442896842956543,0.4346153736114502,0.0025641026441007853
YNL232W,YNR054C,0,-3.3455737,0.9416666626930237,0.4346153736114502,0.0026923075783997774
YGR118W,YLL011W,0,-3.3459036,0.9390581846237183,0.4346153736114502,0.0028205127455294132
YPR102C,YML073C,1,-3.3463619,0.939226508140564,0.43589743971824646,0.0028205127455294132
YNR038W,YBR267W,1,-3.3467226,0.939393937587738,0.43717947602272034,0.0028205127455294132
YGL120C,YHR088W,1,-3.3467476,0.9395604133605957,0.4384615421295166,0.0028205127455294132
YJL122W,YML073C,1,-3.3494022,0.9397260546684265,0.4397435784339905,0.0028205127455294132
YJL122W,YLR022C,1,-3.349799,0.9398906826972961,0.44102564454078674,0.0028205127455294132
YER002W,YGL120C,1,-3.3539732,0.9400544762611389,0.4423076808452606,0.0028205127455294132
YPR102C,YOR063W,1,-3.3572757,0.9402173757553101,0.4435897469520569,0.0028205127455294132
YER002W,YIR012W,1,-3.3603575,0.9403793811798096,0.44487178325653076,0.0028205127455294132
YDR101C,YHR088W,1,-3.3641655,0.9405405521392822,0.446153849363327,0.0028205127455294132
YNL182C,YML073C,1,-3.364894,0.9407008290290833,0.4474358856678009,0.0028205127455294132
YDR418W,YML073C,1,-3.3705504,0.9408602118492126,0.44871795177459717,0.0028205127455294132
YKL009W,YOL127W,1,-3.372771,0.9410187602043152,0.44999998807907104,0.0028205127455294132
YOL077C,YHR088W,1,-3.3756886,0.9411764740943909,0.4512820541858673,0.0028205127455294132
YNR038W,YHR088W,1,-3.3786871,0.9413333535194397,0.4525640904903412,0.0028205127455294132
YLR009W,YFL002C,1,-3.380366,0.9414893388748169,0.45384615659713745,0.0028205127455294132
YDR101C,YHR085W,1,-3.3830268,0.941644549369812,0.45512819290161133,0.0028205127455294132
YLR009W,YIR012W,1,-3.3906415,0.9417989253997803,0.4564102590084076,0.0028205127455294132
YOL144W,YML073C,1,-3.3908436,0.9419525265693665,0.45769229531288147,0.0028205127455294132
YNL163C,YIR012W,1,-3.3932178,0.942105233669281,0.45897436141967773,0.0028205127455294132
YFL045C,YKL056C,0,-3.396972,0.9396325349807739,0.45897436141967773,0.002948717912659049
YER002W,YFL002C,1,-3.397055,0.9397905468940735,0.4602563977241516,0.002948717912659049
YNL182C,YLR022C,1,-3.4009573,0.939947783946991,0.4615384638309479,0.002948717912659049
YKL009W,YFL002C,1,-3.403766,0.9401041865348816,0.46282050013542175,0.002948717912659049
YDR101C,YDR091C,1,-3.4052181,0.9402597546577454,0.464102566242218,0.002948717912659049
YGL078C,YEL054C,1,-3.4058452,0.9404144883155823,0.4653846025466919,0.002948717912659049
YOL077C,YOR063W,1,-3.4081368,0.9405684471130371,0.46666666865348816,0.002948717912659049
YGL078C,YPL131W,1,-3.411678,0.9407216310501099,0.46794870495796204,0.002948717912659049
YJL122W,YNL163C,1,-3.415981,0.9408740401268005,0.4692307710647583,0.002948717912659049
YGL120C,YKL082C,1,-3.4170449,0.9410256147384644,0.4705128073692322,0.002948717912659049
YGL078C,YFL002C,1,-3.417226,0.9411764740943909,0.47179487347602844,0.002948717912659049
YJL122W,YNL227C,1,-3.419273,0.9413265585899353,0.4730769097805023,0.002948717912659049
YOL077C,YBR267W,1,-3.422574,0.9414758086204529,0.4743589758872986,0.002948717912659049
YDR418W,YOR063W,1,-3.4274044,0.9416243433952332,0.47564101219177246,0.002948717912659049
YKL009W,YNL163C,1,-3.4329398,0.9417721629142761,0.4769230782985687,0.002948717912659049
YHR052W,YOL127W,1,-3.4372938,0.941919207572937,0.4782051146030426,0.002948717912659049
YPL211W,YBR267W,1,-3.4378607,0.9420654773712158,0.47948718070983887,0.002948717912659049
YHR085W,YFL002C,1,-3.4402416,0.9422110319137573,0.48076921701431274,0.002948717912659049
YHR085W,YGL111W,1,-3.4405367,0.9423558712005615,0.482051283121109,0.002948717912659049
YGR103W,YOR063W,1,-3.4459813,0.9424999952316284,0.4833333194255829,0.002948717912659049
YDL208W,YGR118W,0,-3.4468858,0.9401496052742004,0.4833333194255829,0.003076923079788685
YKL082C,YOR272W,1,-3.4471047,0.9402984976768494,0.48461538553237915,0.003076923079788685
YDR101C,YOL144W,1,-3.4524207,0.940446674823761,0.485897421836853,0.003076923079788685
YNR038W,YML073C,1,-3.4529588,0.9405940771102905,0.4871794879436493,0.003076923079788685
YER006W,YLR048W,0,-3.4586842,0.9382715821266174,0.4871794879436493,0.0032051282469183207
YDR101C,YBR267W,1,-3.4592216,0.9384236335754395,0.48846152424812317,0.0032051282469183207
YGR103W,YBR267W,1,-3.4608467,0.9385749101638794,0.48974359035491943,0.0032051282469183207
YKL082C,YIR012W,1,-3.4681835,0.938725471496582,0.4910256266593933,0.0032051282469183207
YLR009W,YPL131W,1,-3.4719152,0.9388753175735474,0.4923076927661896,0.0032051282469183207
YHR085W,YNL163C,1,-3.478801,0.9390243887901306,0.49358972907066345,0.0032051282469183207
YLR397C,YNL062C,0,-3.4810765,0.9367396831512451,0.49358972907066345,0.0033333334140479565
YFR001W,YDR091C,1,-3.482239,0.9368932247161865,0.4948717951774597,0.0033333334140479565
YJR132W,YMR243C,0,-3.48316,0.9346246719360352,0.4948717951774597,0.0034615383483469486
YNL163C,YLR009W,1,-3.483308,0.9347826242446899,0.4961538314819336,0.0034615383483469486
YDR101C,YFR001W,1,-3.4974463,0.9349397420883179,0.49743589758872986,0.0034615383483469486
YNL182C,YPL131W,1,-3.4983995,0.9350961446762085,0.49871793389320374,0.0034615383483469486
YLR009W,YDR418W,1,-3.5039947,0.935251772403717,0.5,0.0034615383483469486
YOL144W,YNL163C,1,-3.5104134,0.9354066848754883,0.5012820363044739,0.0034615383483469486
YOR098C,YOR361C,0,-3.5112202,0.9331742525100708,0.5012820363044739,0.0035897435154765844
YNL002C,YML073C,1,-3.5146353,0.9333333373069763,0.5025641322135925,0.0035897435154765844
YNL227C,YFR001W,1,-3.5167172,0.9334917068481445,0.5038461685180664,0.0035897435154765844
YHR052W,YNL227C,1,-3.5223498,0.9336493015289307,0.5051282048225403,0.0035897435154765844
YHR089C,YBL024W,0,-3.5248117,0.9314420819282532,0.5051282048225403,0.0037179486826062202
YNR038W,YFR001W,1,-3.528505,0.9316037893295288,0.5064102411270142,0.0037179486826062202
YOL077C,YPR102C,1,-3.5292785,0.9317647218704224,0.5076923370361328,0.0037179486826062202
YFR001W,YLR022C,1,-3.5340836,0.9319248795509338,0.5089743733406067,0.0037179486826062202
YKL009W,YLR022C,1,-3.5346189,0.932084321975708,0.5102564096450806,0.0037179486826062202
YOL077C,YKL082C,1,-3.5356574,0.9322429895401001,0.5115384459495544,0.0037179486826062202
YNL182C,YPL193W,1,-3.5445235,0.9324009418487549,0.5128205418586731,0.0037179486826062202
YPL211W,YNL163C,1,-3.545088,0.9325581192970276,0.514102578163147,0.0037179486826062202
YGL078C,YOL127W,1,-3.5475256,0.9327146410942078,0.5153846144676208,0.0037179486826062202
YPR102C,YEL054C,1,-3.5479064,0.9328703880310059,0.5166666507720947,0.0037179486826062202
YLR009W,YOR063W,1,-3.5489423,0.9330254197120667,0.5179487466812134,0.0037179486826062202
YOL077C,YGL111W,1,-3.554658,0.9331797361373901,0.5192307829856873,0.0037179486826062202
YEL054C,YDR418W,1,-3.5570242,0.9333333373069763,0.5205128192901611,0.0037179486826062202
YER002W,YGR103W,1,-3.5621471,0.9334862232208252,0.521794855594635,0.0037179486826062202
YGL120C,YOR063W,1,-3.5634067,0.9336384534835815,0.5230769515037537,0.0037179486826062202
YOL077C,YDR091C,1,-3.5687537,0.9337899684906006,0.5243589878082275,0.0037179486826062202
YNL002C,YFL002C,1,-3.5721805,0.9339407682418823,0.5256410241127014,0.0037179486826062202
YHR085W,YGL120C,1,-3.575476,0.9340909123420715,0.5269230604171753,0.0037179486826062202
YEL054C,YPL131W,1,-3.576427,0.9342403411865234,0.528205156326294,0.0037179486826062202
YJL122W,YFL002C,1,-3.5918748,0.9343891143798828,0.5294871926307678,0.0037179486826062202
YFL002C,YOR272W,1,-3.5989468,0.9345372319221497,0.5307692289352417,0.0037179486826062202
YOL077C,YER002W,1,-3.601939,0.934684693813324,0.5320512652397156,0.0037179486826062202
YJL122W,YOL127W,1,-3.6066654,0.934831440448761,0.5333333611488342,0.0037179486826062202
YNR038W,YNL227C,1,-3.6116972,0.9349775910377502,0.5346153974533081,0.0037179486826062202
YOR063W,YPL131W,1,-3.614658,0.9351230263710022,0.535897433757782,0.0037179486826062202
YGL078C,YDR418W,1,-3.6178792,0.9352678656578064,0.5371794700622559,0.0037179486826062202
YHR085W,YER002W,1,-3.6188834,0.9354120492935181,0.5384615659713745,0.0037179486826062202
YHR085W,YNL227C,1,-3.6212633,0.9355555772781372,0.5397436022758484,0.0037179486826062202
YDR361C,YDR083W,0,-3.6227133,0.9334811568260193,0.5397436022758484,0.003846153849735856
YAL003W,YOL061W,0,-3.6286628,0.9314159154891968,0.5397436022758484,0.003974359016865492
YNL182C,YPR102C,1,-3.6292152,0.9315673112869263,0.5410256385803223,0.003974359016865492
YFR001W,YOL127W,1,-3.629471,0.9317180514335632,0.5423076748847961,0.003974359016865492
YDR101C,YML073C,1,-3.6349742,0.9318681359291077,0.5435897707939148,0.003974359016865492
YNL182C,YNL227C,1,-3.6404889,0.9320175647735596,0.5448718070983887,0.003974359016865492
YJL122W,YDR418W,1,-3.6422658,0.9321662783622742,0.5461538434028625,0.003974359016865492
YOL077C,YOL144W,1,-3.645718,0.932314395904541,0.5474358797073364,0.003974359016865492
YDR091C,YOR063W,1,-3.6463816,0.9324618577957153,0.5487179756164551,0.003974359016865492
YDR101C,YNL163C,1,-3.6512911,0.9326087236404419,0.550000011920929,0.003974359016865492
YER127W,YBR143C,0,-3.6538103,0.9305856823921204,0.550000011920929,0.004102563951164484
YHR088W,YPL193W,1,-3.6540785,0.9307359457015991,0.5512820482254028,0.004102563951164484
YNL163C,YNL002C,1,-3.667,0.9308855533599854,0.5525640845298767,0.004102563951164484
YGL111W,YNL163C,1,-3.6721241,0.931034505367279,0.5538461804389954,0.004102563951164484
YGL078C,YPR102C,1,-3.6730678,0.9311828017234802,0.5551282167434692,0.004102563951164484
YPL131W,YML073C,1,-3.6798656,0.9313304424285889,0.5564102530479431,0.004102563951164484
YEL054C,YOR272W,1,-3.681142,0.9314774870872498,0.557692289352417,0.004102563951164484
YPR102C,YKL082C,1,-3.6891992,0.9316239356994629,0.5589743852615356,0.004102563951164484
YPR102C,YOR272W,1,-3.7007287,0.9317697286605835,0.5602564215660095,0.004102563951164484
YPL211W,YLR075W,1,-3.7035553,0.9319148659706116,0.5615384578704834,0.004102563951164484
YGL078C,YLR022C,1,-3.703834,0.9320594668388367,0.5628204941749573,0.004102563951164484
YGL120C,YPL131W,1,-3.7053196,0.9322034120559692,0.5641025900840759,0.004102563951164484
YHR088W,YPR102C,1,-3.7076013,0.9323467016220093,0.5653846263885498,0.004102563951164484
YJL050W,YER165W,0,-3.709432,0.9303797483444214,0.5653846263885498,0.0042307693511247635
YBR267W,YPR102C,1,-3.7096965,0.9305263161659241,0.5666666626930237,0.0042307693511247635
YOL077C,YOL127W,1,-3.710535,0.930672287940979,0.5679486989974976,0.0042307693511247635
YPL211W,YLR022C,1,-3.7115335,0.9308176040649414,0.5692307949066162,0.0042307693511247635
YER002W,YDR091C,1,-3.723864,0.930962324142456,0.5705128312110901,0.0042307693511247635
YLR009W,YOL127W,1,-3.7252758,0.931106448173523,0.571794867515564,0.0042307693511247635
YPL217C,YKL110C,0,-3.7296855,0.9291666746139526,0.571794867515564,0.004358974285423756
YER002W,YML073C,1,-3.7358146,0.9293139576911926,0.5730769038200378,0.004358974285423756
YLR397C,YHR196W,0,-3.7394614,0.9273858666419983,0.5730769038200378,0.004487179685384035
YGR103W,YPL131W,1,-3.7417634,0.9275362491607666,0.5743589997291565,0.004487179685384035
YNR038W,YDR418W,1,-3.746347,0.9276859760284424,0.5756410360336304,0.004487179685384035
YML073C,YOR272W,1,-3.7505229,0.9278350472450256,0.5769230723381042,0.004487179685384035
YPL212C,YML014W,0,-3.7572644,0.9259259104728699,0.5769230723381042,0.004615384619683027
YOL077C,YFL002C,1,-3.7575095,0.9260780215263367,0.5782051086425781,0.004615384619683027
YNL002C,YDR418W,1,-3.7610626,0.9262295365333557,0.5794872045516968,0.004615384619683027
YOR116C,YDR412W,0,-3.7655578,0.9243353605270386,0.5794872045516968,0.004743589553982019
YLR009W,YLR022C,1,-3.770343,0.9244897961616516,0.5807692408561707,0.004743589553982019
YHR085W,YDR418W,1,-3.7815602,0.9246435761451721,0.5820512771606445,0.004743589553982019
YDR418W,YOR272W,1,-3.7890122,0.9247967600822449,0.5833333134651184,0.004743589553982019
YOL144W,YPR102C,1,-3.7929394,0.9249492883682251,0.5846154093742371,0.004743589553982019
YDR101C,YER002W,1,-3.7934253,0.9251012206077576,0.5858974456787109,0.004743589553982019
YKR024C,YEL054C,1,-3.7981577,0.9252524971961975,0.5871794819831848,0.004743589553982019
YER002W,YPR102C,1,-3.8011541,0.9254032373428345,0.5884615182876587,0.004743589553982019
YPL211W,YOL127W,1,-3.804204,0.9255533218383789,0.5897436141967773,0.004743589553982019
YNL227C,YGL111W,1,-3.8047473,0.9257028102874756,0.5910256505012512,0.004743589553982019
YOL077C,YNL163C,1,-3.8124182,0.9258517026901245,0.5923076868057251,0.004743589553982019
YDR110W,YJR132W,0,-3.8159945,0.9240000247955322,0.5923076868057251,0.004871794953942299
YNR038W,YPL131W,1,-3.819649,0.9241517186164856,0.593589723110199,0.004871794953942299
YGL078C,YBR267W,1,-3.8229477,0.9243028163909912,0.5948718190193176,0.004871794953942299
YOL077C,YHR085W,1,-3.8306553,0.9244532585144043,0.5961538553237915,0.004871794953942299
YBR267W,YDR418W,1,-3.831902,0.9246031641960144,0.5974358916282654,0.004871794953942299
YPL211W,YFL002C,1,-3.8412993,0.9247524738311768,0.5987179279327393,0.004871794953942299
YGL120C,YLR022C,1,-3.8425112,0.9249011874198914,0.6000000238418579,0.004871794953942299
YHR085W,YEL054C,1,-3.8456712,0.9250493049621582,0.6012820601463318,0.004871794953942299
YOL144W,YPL131W,1,-3.846884,0.9251968264579773,0.6025640964508057,0.004871794953942299
YOL127W,YLR022C,1,-3.8478725,0.9253438115119934,0.6038461327552795,0.004871794953942299
YHR088W,YLR022C,1,-3.8495998,0.9254902005195618,0.6051282286643982,0.004871794953942299
YNL227C,YKL009W,1,-3.8522298,0.9256359934806824,0.6064102649688721,0.004871794953942299
YDR091C,YFL002C,1,-3.855191,0.92578125,0.607692301273346,0.004871794953942299
YEL054C,YFL002C,1,-3.8582954,0.9259259104728699,0.6089743375778198,0.004871794953942299
YPL241C,YOR115C,0,-3.8595753,0.924124538898468,0.6089743375778198,0.004999999888241291
YNL227C,YGL120C,1,-3.8631775,0.924271821975708,0.6102564334869385,0.004999999888241291
YNR038W,YER002W,1,-3.8681076,0.9244186282157898,0.6115384697914124,0.004999999888241291
YLR022C,YOR272W,1,-3.868839,0.924564778804779,0.6128205060958862,0.004999999888241291
YNL299W,YGR090W,0,-3.8695996,0.92277991771698,0.6128205060958862,0.0051282052882015705
YKR024C,YNL227C,1,-3.8702056,0.9229286909103394,0.6141025424003601,0.0051282052882015705
YNL163C,YDR091C,1,-3.87347,0.9230769276618958,0.6153846383094788,0.0051282052882015705
YNL002C,YPL193W,1,-3.882527,0.9232245683670044,0.6166666746139526,0.0051282052882015705
YDR091C,YPL131W,1,-3.8828812,0.9233716726303101,0.6179487109184265,0.0051282052882015705
YDR101C,YPR102C,1,-3.8836746,0.923518180847168,0.6192307472229004,0.0051282052882015705
YEL042W,YPR074C,0,-3.8905094,0.9217557311058044,0.6192307472229004,0.005256410222500563
YNL227C,YER002W,1,-3.891537,0.9219047427177429,0.620512843132019,0.005256410222500563
YGL120C,YPL193W,1,-3.8957736,0.9220532178878784,0.6217948794364929,0.005256410222500563
YGL111W,YEL054C,1,-3.8972847,0.9222011566162109,0.6230769157409668,0.005256410222500563
YKR025W,YGR162W,0,-3.9010053,0.9204545617103577,0.6230769157409668,0.005384615156799555
YNL227C,YNL002C,1,-3.9021127,0.920604944229126,0.6243589520454407,0.005384615156799555
YLR022C,YIR012W,1,-3.9038436,0.9207547307014465,0.6256410479545593,0.005384615156799555
YPR102C,YIR012W,1,-3.9078672,0.9209039807319641,0.6269230842590332,0.005384615156799555
YGL078C,YOR063W,1,-3.9102654,0.9210526347160339,0.6282051205635071,0.005384615156799555
YNR038W,YKL082C,1,-3.9156778,0.9212007522583008,0.629487156867981,0.005384615156799555
YCR071C,YPL097W,0,-3.9158752,0.9194756746292114,0.629487156867981,0.005512820556759834
YHR085W,YPR102C,1,-3.9233525,0.9196261763572693,0.6307692527770996,0.005512820556759834
YKL082C,YLR022C,1,-3.9235654,0.9197761416435242,0.6320512890815735,0.005512820556759834
YDR211W,YHR081W,0,-3.9265912,0.9180633425712585,0.6320512890815735,0.0056410254910588264
YPL037C,YOR004W,0,-3.9285033,0.9163568615913391,0.6320512890815735,0.005769230891019106
YNR038W,YOR063W,1,-3.9286168,0.9165120720863342,0.6333333253860474,0.005769230891019106
YOL144W,YDR418W,1,-3.9292715,0.9166666865348816,0.6346153616905212,0.005769230891019106
YIL035C,YDL092W,0,-3.930976,0.9149722456932068,0.6346153616905212,0.005897435825318098
YHR203C,YDR395W,0,-3.932581,0.9132841229438782,0.6346153616905212,0.0060256412252783775
YJL122W,YPL131W,1,-3.936071,0.9134438037872314,0.6358974575996399,0.0060256412252783775
YER002W,YOL127W,1,-3.9378834,0.9136029481887817,0.6371794939041138,0.0060256412252783775
YIL110W,YCR031C,0,-3.9395916,0.9119266271591187,0.6371794939041138,0.00615384615957737
YMR116C,YMR243C,0,-3.9560697,0.9102563858032227,0.6371794939041138,0.006282051093876362
YDR091C,YDR418W,1,-3.9562242,0.9104204773902893,0.6384615302085876,0.006282051093876362
YEL054C,YLR022C,1,-3.9733684,0.9105839133262634,0.6397435665130615,0.006282051093876362
YBR234C,YGR080W,0,-3.9745939,0.9089252948760986,0.6397435665130615,0.006410256493836641
YGR103W,YPL193W,1,-3.9816382,0.9090909361839294,0.6410256624221802,0.006410256493836641
YGL111W,YPR102C,1,-3.9836292,0.9092559218406677,0.642307698726654,0.006410256493836641
YKL082C,YPL193W,1,-3.986975,0.9094203114509583,0.6435897350311279,0.006410256493836641
YOL127W,YOR063W,1,-3.988352,0.909584105014801,0.6448717713356018,0.006410256493836641
YML128C,YHR001W-A,0,-3.9907057,0.9079422354698181,0.6448717713356018,0.0065384614281356335
YGL208W,YMR104C,0,-4.001978,0.9063063263893127,0.6448717713356018,0.006666666828095913
YKR024C,YML073C,1,-4.0059996,0.9064748287200928,0.6461538672447205,0.006666666828095913
YBR267W,YEL054C,1,-4.006509,0.906642735004425,0.6474359035491943,0.006666666828095913
YBR267W,YFL002C,1,-4.013483,0.9068100452423096,0.6487179398536682,0.006666666828095913
YNL182C,YOL127W,1,-4.014347,0.9069767594337463,0.6499999761581421,0.006666666828095913
YLR192C,YMR146C,0,-4.019009,0.9053571224212646,0.6499999761581421,0.006794871762394905
YDR101C,YPL131W,1,-4.0312448,0.9055258631706238,0.6512820720672607,0.006794871762394905
YDR101C,YKL082C,1,-4.0404205,0.9056939482688904,0.6525641083717346,0.006794871762394905
YDR091C,YML073C,1,-4.04049,0.9058614373207092,0.6538461446762085,0.006794871762394905
YGR103W,YLR075W,1,-4.0447197,0.9060283899307251,0.6551281809806824,0.006794871762394905
YER002W,YLR022C,1,-4.04476,0.9061946868896484,0.656410276889801,0.006794871762394905
YBR106W,YGR214W,0,-4.047076,0.9045936465263367,0.656410276889801,0.006923076696693897
YNL292W,YLR316C,0,-4.047778,0.9029982089996338,0.656410276889801,0.007051282096654177
YMR277W,YPR190C,0,-4.049533,0.9014084339141846,0.656410276889801,0.007179487030953169
YBR267W,YPL193W,1,-4.049589,0.9015817046165466,0.6576923131942749,0.007179487030953169
YBR267W,YNL163C,1,-4.0553036,0.9017543792724609,0.6589743494987488,0.007179487030953169
YNL227C,YFL002C,1,-4.061777,0.9019264578819275,0.6602563858032227,0.007179487030953169
YNL002C,YPL131W,1,-4.06279,0.9020978808403015,0.6615384817123413,0.007179487030953169
YPR102C,YDR418W,1,-4.0629234,0.9022687673568726,0.6628205180168152,0.007179487030953169
YNL227C,YBR267W,1,-4.067098,0.9024389982223511,0.6641025543212891,0.007179487030953169
YGL111W,YPL193W,1,-4.0736823,0.9026086926460266,0.6653845906257629,0.007179487030953169
YBR121C,YDR346C,0,-4.07646,0.9010416865348816,0.6653845906257629,0.007307692430913448
YHR052W,YLR075W,1,-4.0798674,0.9012131690979004,0.6666666865348816,0.007307692430913448
YDR091C,YKL082C,1,-4.081025,0.9013840556144714,0.6679487228393555,0.007307692430913448
YGL111W,YDR418W,1,-4.0816193,0.9015544056892395,0.6692307591438293,0.007307692430913448
YGL111W,YML073C,1,-4.0859547,0.9017241597175598,0.6705127954483032,0.007307692430913448
YGL078C,YNL227C,1,-4.0880423,0.9018932580947876,0.6717948913574219,0.007307692430913448
YDR101C,YLR022C,1,-4.0934467,0.9020618796348572,0.6730769276618958,0.007307692430913448
YDR299W,YDR450W,0,-4.0940895,0.9005146026611328,0.6730769276618958,0.0074358973652124405
YPL193W,YFL002C,1,-4.094348,0.9006849527359009,0.6743589639663696,0.0074358973652124405
YMR235C,YDR025W,0,-4.0957937,0.8991453051567078,0.6743589639663696,0.00756410276517272
YNL002C,YLR022C,1,-4.096199,0.8993173837661743,0.6756410002708435,0.00756410276517272
YKL009W,YPL131W,1,-4.100631,0.8994889259338379,0.6769230961799622,0.00756410276517272
YPL217C,YOL142W,0,-4.102894,0.8979591727256775,0.6769230961799622,0.007692307699471712
YMR309C,YOR116C,0,-4.104271,0.8964346647262573,0.6769230961799622,0.007820513099431992
YNL227C,YOL144W,1,-4.1057644,0.8966101408004761,0.678205132484436,0.007820513099431992
YPL043W,YPL239W,0,-4.1068535,0.8950930833816528,0.678205132484436,0.007948718033730984
YNL182C,YOR063W,1,-4.1079264,0.8952702879905701,0.6794871687889099,0.007948718033730984
YHR088W,YDR418W,1,-4.1162777,0.8954468965530396,0.6807692050933838,0.007948718033730984
YOL077C,YNL227C,1,-4.1179156,0.8956229090690613,0.6820513010025024,0.007948718033730984
YGL111W,YOL127W,1,-4.120348,0.8957983255386353,0.6833333373069763,0.007948718033730984
YLR075W,YOR063W,1,-4.12362,0.8959731459617615,0.6846153736114502,0.007948718033730984
YKR024C,YPR102C,1,-4.1340046,0.8961474299430847,0.6858974099159241,0.007948718033730984
YER002W,YDR418W,1,-4.1369276,0.8963210582733154,0.6871795058250427,0.007948718033730984
YHR085W,YOL127W,1,-4.140541,0.8964941501617432,0.6884615421295166,0.007948718033730984
YEL054C,YIR012W,1,-4.1412,0.8966666460037231,0.6897435784339905,0.007948718033730984
YNL163C,YPL193W,1,-4.143737,0.8968386054039001,0.6910256147384644,0.007948718033730984
YNR038W,YPR102C,1,-4.1445513,0.8970099687576294,0.692307710647583,0.007948718033730984
YFR001W,YPL193W,1,-4.1540403,0.8971807360649109,0.6935897469520569,0.007948718033730984
YML073C,YIR012W,1,-4.155039,0.8973509669303894,0.6948717832565308,0.007948718033730984
YHR187W,YDL201W,0,-4.155936,0.8958677649497986,0.6948717832565308,0.008076922968029976
YDL150W,YMR260C,0,-4.160454,0.8943894505500793,0.6948717832565308,0.008205127902328968
YOL144W,YPL193W,1,-4.161561,0.8945634365081787,0.6961538195610046,0.008205127902328968
YPR102C,YLR022C,1,-4.162087,0.8947368264198303,0.6974359154701233,0.008205127902328968
YFR001W,YPL131W,1,-4.1646876,0.894909679889679,0.6987179517745972,0.008205127902328968
YGL078C,YPL193W,1,-4.1663465,0.8950819969177246,0.699999988079071,0.008205127902328968
YDR091C,YPR102C,1,-4.167652,0.8952536582946777,0.7012820243835449,0.008205127902328968
YPL227C,YGR123C,0,-4.168412,0.8937908411026001,0.7012820243835449,0.008333333767950535
YNL227C,YIR012W,1,-4.169503,0.8939641118049622,0.7025641202926636,0.008333333767950535
YHR088W,YEL054C,1,-4.188573,0.8941367864608765,0.7038461565971375,0.008333333767950535
YDR418W,YIR012W,1,-4.1966105,0.8943089246749878,0.7051281929016113,0.008333333767950535
YDR101C,YOL127W,1,-4.1969395,0.8944805264472961,0.7064102292060852,0.008333333767950535
YNR038W,YOL127W,1,-4.198902,0.8946515321731567,0.7076923251152039,0.008333333767950535
YML094W,YPR187W,0,-4.19973,0.893203854560852,0.7076923251152039,0.008461538702249527
YML073C,YKL082C,1,-4.205724,0.8933764100074768,0.7089743614196777,0.008461538702249527
YDR172W,YER082C,0,-4.2068806,0.8919354677200317,0.7089743614196777,0.00858974363654852
YLR068W,YER118C,0,-4.2076206,0.8904991745948792,0.7089743614196777,0.008717948570847511
YPR102C,YPL131W,1,-4.2095623,0.8906752467155457,0.7102563977241516,0.008717948570847511
YGR078C,YNL248C,0,-4.2116547,0.8892455697059631,0.7102563977241516,0.008846153505146503
YOL077C,YDR418W,1,-4.2159967,0.8894230723381042,0.7115384340286255,0.008846153505146503
YPR143W,YOR143C,0,-4.2182207,0.8880000114440918,0.7115384340286255,0.00897435937076807
YOL077C,YLR022C,1,-4.230893,0.8881788849830627,0.7128205299377441,0.00897435937076807
YOL144W,YOL127W,1,-4.2309732,0.8883572816848755,0.714102566242218,0.00897435937076807
YGL111W,YPL131W,1,-4.2309747,0.8885350227355957,0.7153846025466919,0.00897435937076807
YHR085W,YML073C,1,-4.2356706,0.8887122273445129,0.7166666388511658,0.00897435937076807
YML073C,YLR022C,1,-4.2542696,0.8888888955116272,0.7179487347602844,0.00897435937076807
YGR214W,YOR143C,0,-4.2612476,0.8874801993370056,0.7179487347602844,0.009102564305067062
YML073C,YFL002C,1,-4.270091,0.8876582384109497,0.7192307710647583,0.009102564305067062
YBR121C,YJL087C,0,-4.2718573,0.8862559199333191,0.7192307710647583,0.009230769239366055
YNL163C,YML073C,1,-4.2772646,0.886435329914093,0.7205128073692322,0.009230769239366055
YGR140W,YDR097C,0,-4.2793484,0.8850393891334534,0.7205128073692322,0.009358974173665047
YKR024C,YPL193W,1,-4.2846813,0.8852201104164124,0.721794843673706,0.009358974173665047
YLR075W,YEL054C,1,-4.2904177,0.8854002952575684,0.7230769395828247,0.009358974173665047
YOR361C,YML105C,0,-4.29045,0.8840125203132629,0.7230769395828247,0.009487179107964039
YPL131W,YOR272W,1,-4.2905455,0.8841940760612488,0.7243589758872986,0.009487179107964039
YDR091C,YLR022C,1,-4.2936115,0.8843749761581421,0.7256410121917725,0.009487179107964039
YGL120C,YPR102C,1,-4.2953997,0.8845553994178772,0.7269230484962463,0.009487179107964039
YLR009W,YLR075W,1,-4.298114,0.8847352266311646,0.728205144405365,0.009487179107964039
YOL077C,YLR075W,1,-4.3035507,0.8849144577980042,0.7294871807098389,0.009487179107964039
YOR119C,YNL248C,0,-4.313631,0.8835403919219971,0.7294871807098389,0.009615384973585606
YKR024C,YLR022C,1,-4.3164663,0.8837209343910217,0.7307692170143127,0.009615384973585606
YNL002C,YOR063W,1,-4.318927,0.8839009404182434,0.7320512533187866,0.009615384973585606
YNL227C,YNL163C,1,-4.320178,0.8840803503990173,0.7333333492279053,0.009615384973585606
YLR009W,YPL193W,1,-4.329303,0.8842592835426331,0.7346153855323792,0.009615384973585606
YDR101C,YNL227C,1,-4.3301325,0.884437620639801,0.735897421836853,0.009615384973585606
YLR196W,YGR074W,0,-4.3398294,0.8830769062042236,0.735897421836853,0.009743589907884598
YIL008W,YMR093W,0,-4.3500023,0.8817204236984253,0.735897421836853,0.00987179484218359
YMR212C,YCL054W,0,-4.3526134,0.8803681135177612,0.735897421836853,0.009999999776482582
YNL113W,YHR039C-A,0,-4.354226,0.8790199160575867,0.735897421836853,0.010128204710781574
YDR101C,YDR418W,1,-4.355548,0.8792048692703247,0.7371794581413269,0.010128204710781574
YML074C,YJL033W,0,-4.3563833,0.8778625726699829,0.7371794581413269,0.010256410576403141
YNR038W,YLR075W,1,-4.371415,0.8780487775802612,0.7384615540504456,0.010256410576403141
YGL120C,YDR418W,1,-4.3723984,0.8782343864440918,0.7397435903549194,0.010256410576403141
YER002W,YEL054C,1,-4.3739996,0.8784194588661194,0.7410256266593933,0.010256410576403141
YER165W,YCR035C,0,-4.3770037,0.8770865201950073,0.7410256266593933,0.010384615510702133
YDL208W,YGR078C,0,-4.3868217,0.8757575750350952,0.7410256266593933,0.010512820445001125
YDR418W,YOL127W,1,-4.390444,0.875945508480072,0.7423076629638672,0.010512820445001125
YPL131W,YIR012W,1,-4.40123,0.8761329054832458,0.7435897588729858,0.010512820445001125
YOL127W,YOR272W,1,-4.409951,0.8763197660446167,0.7448717951774597,0.010512820445001125
YOR233W,YPL043W,0,-4.4125834,0.875,0.7448717951774597,0.010641025379300117
YER025W,YDR302W,0,-4.416175,0.8736842274665833,0.7448717951774597,0.01076923031359911
YDR091C,YPL193W,1,-4.4163265,0.8738738894462585,0.7461538314819336,0.01076923031359911
YPL086C,YMR288W,0,-4.4171333,0.8725637197494507,0.7461538314819336,0.010897436179220676
YOL127W,YKL082C,1,-4.422905,0.8727545142173767,0.7474358677864075,0.010897436179220676
YKL009W,YOR063W,1,-4.424674,0.872944712638855,0.7487179636955261,0.010897436179220676
YLR022C,YFL002C,1,-4.4270277,0.8731343150138855,0.75,0.010897436179220676
YOL065C,YAL030W,0,-4.431052,0.871833086013794,0.75,0.011025641113519669
YBR267W,YML073C,1,-4.4313984,0.8720238208770752,0.7512820363044739,0.011025641113519669
YHR088W,YML073C,1,-4.432519,0.8722139596939087,0.7525641322135925,0.011025641113519669
YGL092W,YLR197W,0,-4.4432554,0.8709198832511902,0.7525641322135925,0.01115384604781866
YOL144W,YLR075W,1,-4.4433765,0.8711110949516296,0.7538461685180664,0.01115384604781866
YDR101C,YPL193W,1,-4.444458,0.8713017702102661,0.7551282048225403,0.01115384604781866
YKL009W,YDR418W,1,-4.4499865,0.8714918494224548,0.7564102411270142,0.01115384604781866
YOL077C,YPL193W,1,-4.452304,0.8716813921928406,0.7576923370361328,0.01115384604781866
YMR140W,YHR161C,0,-4.4533854,0.8703976273536682,0.7576923370361328,0.011282050982117653
YLR002C,YGR214W,0,-4.4586105,0.8691176176071167,0.7576923370361328,0.01141025684773922
YGL078C,YLR075W,1,-4.464466,0.8693098425865173,0.7589743733406067,0.01141025684773922
YDL150W,YMR146C,0,-4.4644804,0.8680351972579956,0.7589743733406067,0.011538461782038212
YNL227C,YOR272W,1,-4.464713,0.8682283759117126,0.7602564096450806,0.011538461782038212
YBR267W,YPL131W,1,-4.4649935,0.8684210777282715,0.7615384459495544,0.011538461782038212
YDR418W,YKL082C,1,-4.4717636,0.8686131238937378,0.7628205418586731,0.011538461782038212
YDR101C,YOR063W,1,-4.473009,0.8688046932220459,0.764102578163147,0.011538461782038212
YGR078C,YNR003C,0,-4.47721,0.8675400018692017,0.764102578163147,0.011666666716337204
YNL163C,YEL054C,1,-4.4794664,0.867732584476471,0.7653846144676208,0.011666666716337204
YKL009W,YLR075W,1,-4.4823074,0.8679245114326477,0.7666666507720947,0.011666666716337204
YKR024C,YOR063W,1,-4.48254,0.8681159615516663,0.7679487466812134,0.011666666716337204
YNL163C,YKL082C,1,-4.4828377,0.8683068156242371,0.7692307829856873,0.011666666716337204
YOR253W,YMR243C,0,-4.4834356,0.8670520186424255,0.7692307829856873,0.011794871650636196
YGL120C,YOL127W,1,-4.4864855,0.8672438859939575,0.7705128192901611,0.011794871650636196
YNL182C,YLR075W,1,-4.488682,0.8674351572990417,0.771794855594635,0.011794871650636196
YER002W,YOR063W,1,-4.5169973,0.867625892162323,0.7730769515037537,0.011794871650636196
YPL193W,YOR272W,1,-4.517679,0.8678160905838013,0.7743589878082275,0.011794871650636196
YGL068W,YMR203W,0,-4.5177565,0.8665710091590881,0.7743589878082275,0.011923076584935188
YPL193W,YIR012W,1,-4.520295,0.8667621612548828,0.7756410241127014,0.011923076584935188
YNL227C,YPL211W,1,-4.528599,0.8669527769088745,0.7769230604171753,0.011923076584935188
YDL166C,YML105C,0,-4.529129,0.8657143115997314,0.7769230604171753,0.012051282450556755
YJL122W,YPL193W,1,-4.5316143,0.8659058213233948,0.778205156326294,0.012051282450556755
YBR205W,YER165W,0,-4.541727,0.8646723628044128,0.778205156326294,0.012179487384855747
YLR002C,YOR224C,0,-4.5452766,0.8634423613548279,0.778205156326294,0.01230769231915474
YNL227C,YDR091C,1,-4.5565567,0.8636363744735718,0.7794871926307678,0.01230769231915474
YDR091C,YLR075W,1,-4.556857,0.8638297915458679,0.7807692289352417,0.01230769231915474
YPR102C,YOL127W,1,-4.55801,0.8640226721763611,0.7820512652397156,0.01230769231915474
YJL011C,YAR008W,0,-4.5614214,0.8628005385398865,0.7820512652397156,0.012435897253453732
YDR190C,YDR324C,0,-4.564969,0.8615819215774536,0.7820512652397156,0.012564102187752724
YNL163C,YFL002C,1,-4.565732,0.861777126789093,0.7833333611488342,0.012564102187752724
YHR169W,YNL066W,0,-4.5657578,0.8605633974075317,0.7833333611488342,0.01269230805337429
YDR418W,YPL131W,1,-4.5747356,0.8607594966888428,0.7846153974533081,0.01269230805337429
YDR171W,YIL125W,0,-4.5752487,0.8595505356788635,0.7846153974533081,0.012820512987673283
YDR296W,YEL020W-A,0,-4.5771723,0.8583450317382812,0.7846153974533081,0.012948717921972275
YER002W,YPL193W,1,-4.581193,0.8585433959960938,0.785897433757782,0.012948717921972275
YPR190C,YLR200W,0,-4.5893126,0.8573426604270935,0.785897433757782,0.013076922856271267
YBR267W,YOL127W,1,-4.5913916,0.8575419187545776,0.7871794700622559,0.013076922856271267
YNL221C,YLR014C,0,-4.5940323,0.8563458919525146,0.7871794700622559,0.013205127790570259
YNL002C,YOL127W,1,-4.5990505,0.8565459847450256,0.7884615659713745,0.013205127790570259
YDR091C,YOL127W,1,-4.6035767,0.8567454814910889,0.7897436022758484,0.013205127790570259
YHR085W,YPL193W,1,-4.6100044,0.8569444417953491,0.7910256385803223,0.013205127790570259
YIL008W,YLR200W,0,-4.612314,0.8557558655738831,0.7910256385803223,0.013333333656191826
YDR120C,YPL239W,0,-4.612849,0.8545706272125244,0.7910256385803223,0.013461538590490818
YOL127W,YML073C,1,-4.6167936,0.8547717928886414,0.7923076748847961,0.013461538590490818
YOR063W,YOR272W,1,-4.62416,0.8549723625183105,0.7935897707939148,0.013461538590490818
YNR038W,YPL193W,1,-4.6303453,0.8551723957061768,0.7948718070983887,0.013461538590490818
YOR326W,YNL088W,0,-4.636402,0.8539944887161255,0.7948718070983887,0.01358974352478981
YHR001W-A,YKL141W,0,-4.6367464,0.8528198003768921,0.7948718070983887,0.013717948459088802
YFR001W,YOR063W,1,-4.641157,0.8530219793319702,0.7961538434028625,0.013717948459088802
YOR048C,YCL031C,0,-4.6447554,0.8518518805503845,0.7961538434028625,0.013846153393387794
YIR010W,YDR201W,0,-4.646035,0.8506849408149719,0.7961538434028625,0.013974359259009361
YHR013C,YMR296C,0,-4.6476297,0.8495212197303772,0.7961538434028625,0.014102564193308353
YER002W,YNL163C,1,-4.6590223,0.8497267961502075,0.7974358797073364,0.014102564193308353
YBR283C,YDR346C,0,-4.679682,0.848567545413971,0.7974358797073364,0.014230769127607346
YPL050C,YOR073W,0,-4.679906,0.8474114537239075,0.7974358797073364,0.014358974061906338
YPR102C,YFL002C,1,-4.6808796,0.8476190567016602,0.7987179756164551,0.014358974061906338
YNL163C,YDR418W,1,-4.686141,0.8478260636329651,0.800000011920929,0.014358974061906338
YGR195W,YNL299W,0,-4.688325,0.8466756939888,0.800000011920929,0.014487179927527905
YHR052W,YPL193W,1,-4.689829,0.8468834757804871,0.8012820482254028,0.014487179927527905
YHR088W,YOL127W,1,-4.7023783,0.8470906615257263,0.8025640845298767,0.014487179927527905
YBR087W,YHR065C,0,-4.703288,0.8459459543228149,0.8025640845298767,0.014615384861826897
YJL190C,YDR381W,0,-4.708206,0.8448043465614319,0.8025640845298767,0.014743589796125889
YEL054C,YOL127W,1,-4.7121744,0.8450134992599487,0.8038461804389954,0.014743589796125889
YOL144W,YOR063W,1,-4.7319736,0.8452220559120178,0.8051282167434692,0.014743589796125889
YBL024W,YBL052C,0,-4.7340536,0.8440860509872437,0.8051282167434692,0.014871794730424881
YOR046C,YHR084W,0,-4.742815,0.8429530262947083,0.8051282167434692,0.014999999664723873
YHR187W,YPL243W,0,-4.7524595,0.8418230414390564,0.8051282167434692,0.01512820553034544
YPR162C,YPR161C,0,-4.754678,0.8406960964202881,0.8051282167434692,0.015256410464644432
YNL188W,YGR123C,0,-4.758835,0.8395721912384033,0.8051282167434692,0.015384615398943424
YOR144C,YLL034C,0,-4.7596874,0.8384512662887573,0.8051282167434692,0.015512820333242416
YLR075W,YML073C,1,-4.762005,0.8386666774749756,0.8064102530479431,0.015512820333242416
YDR045C,YKR025W,0,-4.762512,0.8375499248504639,0.8064102530479431,0.015641026198863983
YMR091C,YPR187W,0,-4.7644463,0.8364361524581909,0.8064102530479431,0.0157692302018404
YNL163C,YLR075W,1,-4.7713175,0.8366534113883972,0.807692289352417,0.0157692302018404
YHR193C,YDR045C,0,-4.774535,0.8355437517166138,0.807692289352417,0.015897436067461967
YPL131W,YLR022C,1,-4.776186,0.8357616066932678,0.8089743852615356,0.015897436067461967
YKL053C-A,YMR302C,0,-4.776991,0.8346560597419739,0.8089743852615356,0.016025641933083534
YDR361C,YJR031C,0,-4.7787237,0.8335534930229187,0.8089743852615356,0.016153845936059952
YKR024C,YPL131W,1,-4.78337,0.8337730765342712,0.8102564215660095,0.016153845936059952
YIL018W,YOR294W,0,-4.7887936,0.8326745629310608,0.8102564215660095,0.01628205180168152
YLR075W,YPR102C,1,-4.7903185,0.8328947424888611,0.8115384578704834,0.01628205180168152
YFR001W,YNL163C,1,-4.790675,0.8331143260002136,0.8128204941749573,0.01628205180168152
YHR088W,YLR075W,1,-4.7911367,0.8333333134651184,0.8141025900840759,0.01628205180168152
YHR133C,YDR303C,0,-4.7966795,0.8322411775588989,0.8141025900840759,0.016410255804657936
YNL163C,YPR102C,1,-4.798355,0.8324607610702515,0.8153846263885498,0.016410255804657936
YFL022C,YMR079W,0,-4.801833,0.8313725590705872,0.8153846263885498,0.016538461670279503
YKL143W,YHR084W,0,-4.808325,0.8302872180938721,0.8153846263885498,0.01666666753590107
YKR024C,YOL127W,1,-4.810158,0.8305084705352783,0.8166666626930237,0.01666666753590107
YOL151W,YBR126C,0,-4.818639,0.8294270634651184,0.8166666626930237,0.016794871538877487
YGL111W,YOR063W,1,-4.824786,0.8296489119529724,0.8179486989974976,0.016794871538877487
YEL054C,YKL082C,1,-4.830309,0.8298701047897339,0.8192307949066162,0.016794871538877487
YJL003W,YDL181W,0,-4.831252,0.8287937641143799,0.8192307949066162,0.016923077404499054
YML094W,YER118C,0,-4.8321085,0.8277202248573303,0.8192307949066162,0.01705128140747547
YCL038C,YBR214W,0,-4.83554,0.8266494274139404,0.8192307949066162,0.01717948727309704
YOR182C,YNL209W,0,-4.838582,0.8255813717842102,0.8192307949066162,0.017307693138718605
YOR116C,YGR285C,0,-4.8450775,0.8245161175727844,0.8192307949066162,0.017435897141695023
YHR085W,YPL131W,1,-4.8638535,0.8247422575950623,0.8205128312110901,0.017435897141695023
YPR051W,YOL039W,0,-4.864603,0.8236808180809021,0.8205128312110901,0.01756410300731659
YLR075W,YOR272W,1,-4.8706408,0.8239074349403381,0.821794867515564,0.01756410300731659
YPL131W,YFL002C,1,-4.8726826,0.8241335153579712,0.8230769038200378,0.01756410300731659
YPL083C,YDR395W,0,-4.8760157,0.8230769038200378,0.8230769038200378,0.017692307010293007
YLR075W,YKL082C,1,-4.8767023,0.8233034610748291,0.8243589997291565,0.017692307010293007
YJL010C,YML023C,0,-4.8781557,0.8222506642341614,0.8243589997291565,0.017820512875914574
YLR075W,YPL131W,1,-4.883896,0.8224776387214661,0.8256410360336304,0.017820512875914574
YDR188W,YCR094W,0,-4.892523,0.8214285969734192,0.8256410360336304,0.01794871874153614
YNL299W,YER151C,0,-4.8928013,0.8203821778297424,0.8256410360336304,0.018076922744512558
YNL163C,YPL131W,1,-4.8937016,0.8206107020378113,0.8269230723381042,0.018076922744512558
YDR172W,YDR167W,0,-4.9068975,0.8195679783821106,0.8269230723381042,0.018205128610134125
YGR120C,YFR009W,0,-4.908821,0.8185279369354248,0.8269230723381042,0.018333332613110542
YOL127W,YFL002C,1,-4.9172306,0.8187578916549683,0.8282051086425781,0.018333332613110542
YPR017C,YDR414C,0,-4.921133,0.8177215456962585,0.8282051086425781,0.01846153847873211
YCR034W,YBL032W,0,-4.9231863,0.8166877627372742,0.8282051086425781,0.018589744344353676
YHR107C,YGR123C,0,-4.923271,0.8156565427780151,0.8282051086425781,0.018717948347330093
YIL131C,YHR061C,0,-4.9236574,0.814628005027771,0.8282051086425781,0.01884615421295166
YDR190C,YFR005C,0,-4.9246464,0.8136020302772522,0.8282051086425781,0.018974358215928078
YJL122W,YLR075W,1,-4.931383,0.8138364553451538,0.8294872045516968,0.018974358215928078
YLR068W,YOR047C,0,-4.932414,0.8128140568733215,0.8294872045516968,0.019102564081549644
YBL064C,YMR322C,0,-4.9365244,0.8117942214012146,0.8294872045516968,0.01923076994717121
YOR063W,YIR012W,1,-4.9408913,0.8120300769805908,0.8307692408561707,0.01923076994717121
YNL002C,YLR075W,1,-4.942829,0.8122653365135193,0.8320512771606445,0.01923076994717121
YGL120C,YLR075W,1,-4.945739,0.8125,0.8333333134651184,0.01923076994717121
YER002W,YPL131W,1,-4.9540415,0.812734067440033,0.8346154093742371,0.01923076994717121
YKL206C,YBR171W,0,-4.9605894,0.8117206692695618,0.8346154093742371,0.01935897395014763
YNL227C,YPL193W,1,-4.9617586,0.8119551539421082,0.8358974456787109,0.01935897395014763
YGR074W,YGR285C,0,-4.9619646,0.8109452724456787,0.8358974456787109,0.019487179815769196
YLR192C,YKL205W,0,-4.968133,0.8099378943443298,0.8358974456787109,0.019615383818745613
YGR179C,YDL058W,0,-4.970105,0.8089330196380615,0.8358974456787109,0.01974358968436718
YIL038C,YLR272C,0,-4.972683,0.807930588722229,0.8358974456787109,0.019871795549988747
YHR088W,YPL131W,1,-4.9744663,0.8081682920455933,0.8371794819831848,0.019871795549988747
YOL127W,YPL131W,1,-4.9747105,0.8084054589271545,0.8384615182876587,0.019871795549988747
YPL117C,YLL011W,0,-4.978118,0.8074073791503906,0.8384615182876587,0.019999999552965164
YNL227C,YEL054C,1,-4.9976234,0.8076449036598206,0.8397436141967773,0.019999999552965164
YBR288C,YMR212C,0,-5.000269,0.8066502213478088,0.8397436141967773,0.02012820541858673
YHR072W-A,YJL072C,0,-5.0008774,0.8056580424308777,0.8397436141967773,0.02025640942156315
YBR267W,YLR075W,1,-5.0088415,0.8058968186378479,0.8410256505012512,0.02025640942156315
YDR172W,YLR200W,0,-5.01019,0.8049079775810242,0.8410256505012512,0.020384615287184715
YMR296C,YGR162W,0,-5.012024,0.8039215803146362,0.8410256505012512,0.020512821152806282
YMR049C,YHL007C,0,-5.013361,0.8029375672340393,0.8410256505012512,0.0206410251557827
YJR127C,YHR050W,0,-5.0181866,0.8019559979438782,0.8410256505012512,0.020769231021404266
YPR161C,YGL049C,0,-5.0231676,0.8009768128395081,0.8410256505012512,0.020897435024380684
YDL164C,YGL257C,0,-5.024431,0.800000011920929,0.8410256505012512,0.02102564089000225
YNL021W,YNL085W,0,-5.034713,0.7990255951881409,0.8410256505012512,0.021153846755623817
YHR085W,YLR075W,1,-5.0366526,0.7992700934410095,0.8423076868057251,0.021153846755623817
YDR101C,YLR075W,1,-5.038829,0.7995139956474304,0.843589723110199,0.021153846755623817
YJL122W,YOR063W,1,-5.0407305,0.7997573018074036,0.8448718190193176,0.021153846755623817
YAR002W,YGR245C,0,-5.042982,0.7987878918647766,0.8448718190193176,0.021282050758600235
YLR324W,YOR329C,0,-5.0445566,0.7978208065032959,0.8448718190193176,0.021410256624221802
YOR067C,YMR149W,0,-5.0448847,0.7968561053276062,0.8448718190193176,0.02153846062719822
YDR418W,YLR022C,1,-5.0483475,0.7971014380455017,0.8461538553237915,0.02153846062719822
YER002W,YLR075W,1,-5.0512714,0.7973461747169495,0.8474358916282654,0.02153846062719822
YNR038W,YLR022C,1,-5.053809,0.7975903749465942,0.8487179279327393,0.02153846062719822
YBR106W,YDR025W,0,-5.0541964,0.7966305613517761,0.8487179279327393,0.021666666492819786
YJL115W,YNL290W,0,-5.0589542,0.7956730723381042,0.8487179279327393,0.021794872358441353
YOR063W,YFL002C,1,-5.0660124,0.795918345451355,0.8500000238418579,0.021794872358441353
YNL123W,YBR106W,0,-5.066517,0.7949640154838562,0.8500000238418579,0.02192307636141777
YDR216W,YMR140W,0,-5.0730333,0.7940119504928589,0.8500000238418579,0.022051282227039337
YKR024C,YDR418W,1,-5.0752106,0.7942583560943604,0.8512820601463318,0.022051282227039337
YJR065C,YJL005W,0,-5.077404,0.7933094501495361,0.8512820601463318,0.022179488092660904
YDL194W,YDR247W,0,-5.0779247,0.7923627495765686,0.8512820601463318,0.02230769209563732
YOL127W,YIR012W,1,-5.080949,0.792610228061676,0.8525640964508057,0.02230769209563732
YML004C,YLL006W,0,-5.089574,0.7916666865348816,0.8525640964508057,0.022435897961258888
YBR188C,YHR203C,0,-5.1052732,0.7907253503799438,0.8525640964508057,0.022564101964235306
YCR034W,YML094W,0,-5.1058874,0.7897862195968628,0.8525640964508057,0.022692307829856873
YDL051W,YIL139C,0,-5.1160707,0.7888493537902832,0.8525640964508057,0.02282051369547844
YDR148C,YLR382C,0,-5.118474,0.7879146933555603,0.8525640964508057,0.022948717698454857
YDR513W,YEL041W,0,-5.1278152,0.7869822382926941,0.8525640964508057,0.023076923564076424
YDR465C,YHR084W,0,-5.1334276,0.7860519886016846,0.8525640964508057,0.02320512756705284
YDR188W,YOL040C,0,-5.13659,0.7851239442825317,0.8525640964508057,0.023333333432674408
YNL164C,YKL205W,0,-5.1452255,0.7841981053352356,0.8525640964508057,0.023461539298295975
YNL227C,YOL127W,1,-5.147068,0.7844523191452026,0.8538461327552795,0.023461539298295975
YDL198C,YKL080W,0,-5.1595926,0.7835294008255005,0.8538461327552795,0.023589743301272392
YNL164C,YPL011C,0,-5.1601505,0.782608687877655,0.8538461327552795,0.02371794916689396
YJL094C,YOR018W,0,-5.1602697,0.7816901206970215,0.8538461327552795,0.023846153169870377
YDR077W,YNL138W,0,-5.1618166,0.7807737588882446,0.8538461327552795,0.023974359035491943
YDR245W,YLR048W,0,-5.1750917,0.7798594832420349,0.8538461327552795,0.02410256490111351
YBR079C,YFR037C,0,-5.1753426,0.7789473533630371,0.8538461327552795,0.024230768904089928
YPL178W,YLR405W,0,-5.17597,0.7780373692512512,0.8538461327552795,0.024358974769711494
YLR075W,YDR418W,1,-5.178259,0.7782964110374451,0.8551282286643982,0.024358974769711494
YBR135W,YAL007C,0,-5.189993,0.7773892879486084,0.8551282286643982,0.024487178772687912
YLR370C,YBR080C,0,-5.1900663,0.7764843106269836,0.8551282286643982,0.02461538463830948
YCL039W,YLR337C,0,-5.1905384,0.775581419467926,0.8551282286643982,0.024743590503931046
YGL190C,YKR089C,0,-5.191783,0.7746806144714355,0.8551282286643982,0.024871794506907463
YJL112W,YNL177C,0,-5.1973906,0.7737818956375122,0.8551282286643982,0.02500000037252903
YMR301C,YNR003C,0,-5.201988,0.772885262966156,0.8551282286643982,0.025128204375505447
YPR186C,YOR359W,0,-5.205062,0.7719907164573669,0.8551282286643982,0.025256410241127014
YGL200C,YGR279C,0,-5.208335,0.771098256111145,0.8551282286643982,0.02538461610674858
YDR085C,YJR052W,0,-5.2085075,0.7702078819274902,0.8551282286643982,0.025512820109725
YMR004W,YJR102C,0,-5.212494,0.769319474697113,0.8551282286643982,0.025641025975346565
YKR057W,YPL239W,0,-5.215829,0.768433153629303,0.8551282286643982,0.025769229978322983
YEL018W,YDL208W,0,-5.2164307,0.7675489187240601,0.8551282286643982,0.02589743584394455
YJL111W,YBR283C,0,-5.2227526,0.7666666507720947,0.8551282286643982,0.026025641709566116
YGL111W,YLR075W,1,-5.224202,0.7669345736503601,0.8564102649688721,0.026025641709566116
YFR004W,YLR119W,0,-5.225086,0.7660550475120544,0.8564102649688721,0.026153845712542534
YNL206C,YNR015W,0,-5.2254286,0.7651775479316711,0.8564102649688721,0.0262820515781641
YNL085W,YML010W,0,-5.230961,0.7643020749092102,0.8564102649688721,0.026410255581140518
YPL217C,YDL043C,0,-5.232111,0.7634285688400269,0.8564102649688721,0.026538461446762085
YLR429W,YMR231W,0,-5.2358894,0.7625570893287659,0.8564102649688721,0.02666666731238365
YPR033C,YDL130W,0,-5.238366,0.7616875767707825,0.8564102649688721,0.02679487131536007
YDR432W,YDL052C,0,-5.2421083,0.7608200311660767,0.8564102649688721,0.026923077180981636
YMR204C,YGL229C,0,-5.2437544,0.7599545121192932,0.8564102649688721,0.027051281183958054
YLR382C,YDR494W,0,-5.2460976,0.7590909004211426,0.8564102649688721,0.02717948704957962
YOR150W,YML025C,1,-5.2517233,0.7593643665313721,0.857692301273346,0.02717948704957962
YML036W,YKR057W,0,-5.251725,0.7585033774375916,0.857692301273346,0.027307692915201187
YOL115W,YNL064C,0,-5.2526903,0.7576444149017334,0.857692301273346,0.027435896918177605
YBR177C,YDR178W,0,-5.25375,0.7567873597145081,0.857692301273346,0.02756410278379917
YDL100C,YOL031C,0,-5.2605286,0.7559322118759155,0.857692301273346,0.02769230678677559
YNL163C,YOR063W,1,-5.262415,0.7562077045440674,0.8589743375778198,0.02769230678677559
YHR061C,YGL225W,0,-5.264595,0.7553551197052002,0.8589743375778198,0.027820512652397156
YHR085W,YOR063W,1,-5.267498,0.755630612373352,0.8602564334869385,0.027820512652397156
YBR132C,YFL021W,0,-5.2688675,0.754780650138855,0.8602564334869385,0.027948718518018723
YPR055W,YJL029C,0,-5.2785044,0.7539325952529907,0.8602564334869385,0.02807692252099514
YNL227C,YDR418W,1,-5.2903833,0.7542087435722351,0.8615384697914124,0.02807692252099514
YDR143C,YBR069C,0,-5.2907295,0.7533632516860962,0.8615384697914124,0.028205128386616707
YNL094W,YJL094C,0,-5.2914944,0.7525196075439453,0.8615384697914124,0.028333334252238274
YIL019W,YIL016W,0,-5.292198,0.7516778707504272,0.8615384697914124,0.02846153825521469
YML036W,YOL080C,0,-5.3048515,0.7508379817008972,0.8615384697914124,0.028589744120836258
YLR075W,YFL002C,1,-5.3076267,0.7511160969734192,0.8628205060958862,0.028589744120836258
YIL062C,YBR024W,0,-5.311369,0.7502787113189697,0.8628205060958862,0.028717948123812675
YDL143W,YDL148C,0,-5.31176,0.7494432330131531,0.8628205060958862,0.028846153989434242
YGL111W,YLR022C,1,-5.313895,0.749721884727478,0.8641025424003601,0.028846153989434242
YCL024W,YHR154W,0,-5.3173237,0.7488889098167419,0.8641025424003601,0.02897435985505581
YBL035C,YDR172W,0,-5.317795,0.7480577230453491,0.8641025424003601,0.029102563858032227
YJR092W,YKL081W,0,-5.3177986,0.7472283840179443,0.8641025424003601,0.029230769723653793
YHR074W,YMR053C,0,-5.318755,0.7464008927345276,0.8641025424003601,0.02935897372663021
YBR276C,YDR207C,0,-5.3226576,0.7455752491950989,0.8641025424003601,0.029487179592251778
YNL227C,YPR102C,1,-5.3235283,0.7458563446998596,0.8653846383094788,0.029487179592251778
YML032C,YOR259C,0,-5.324687,0.7450330853462219,0.8653846383094788,0.029615385457873344
YKL191W,YIL009W,0,-5.32705,0.7442116737365723,0.8653846383094788,0.029743589460849762
YGL004C,YGR080W,0,-5.327299,0.7433920502662659,0.8653846383094788,0.02987179532647133
YKL179C,YGL145W,0,-5.330327,0.7425742745399475,0.8653846383094788,0.029999999329447746
YLR075W,YOL127W,1,-5.332843,0.7428571581840515,0.8666666746139526,0.029999999329447746
YPL212C,YDR002W,0,-5.3388805,0.7420417070388794,0.8666666746139526,0.030128205195069313
YHR108W,YKL081W,0,-5.339775,0.7412280440330505,0.8666666746139526,0.03025641106069088
YNL227C,YLR022C,1,-5.3410053,0.7415115237236023,0.8679487109184265,0.03025641106069088
YBL008W,YDR227W,0,-5.342286,0.7407002449035645,0.8679487109184265,0.030384615063667297
YBR112C,YLR410W,0,-5.343197,0.7398906946182251,0.8679487109184265,0.030512820929288864
YNL159C,YBR214W,0,-5.3481684,0.7390829920768738,0.8679487109184265,0.03064102493226528
YBL039C,YOR287C,0,-5.3499002,0.738277018070221,0.8679487109184265,0.03076923079788685
YKL009W,YPL193W,1,-5.351451,0.7385621070861816,0.8692307472229004,0.03076923079788685
YDR302W,YOR206W,0,-5.3543777,0.737758457660675,0.8692307472229004,0.030897436663508415
YEL036C,YJL025W,0,-5.3576403,0.7369565367698669,0.8692307472229004,0.031025640666484833
YIL131C,YOR116C,0,-5.3584747,0.7361563444137573,0.8692307472229004,0.0311538465321064
YNL290W,YNL151C,0,-5.367569,0.735357940196991,0.8692307472229004,0.031282052397727966
YBR026C,YBR240C,0,-5.3684464,0.7345612049102783,0.8692307472229004,0.03141025826334953
YER088C,YOR351C,0,-5.3766594,0.7337662577629089,0.8692307472229004,0.0315384604036808
YDL078C,YNR006W,0,-5.3776064,0.7329729795455933,0.8692307472229004,0.03166666626930237
YPL131W,YKL082C,1,-5.381529,0.7332613468170166,0.870512843132019,0.03166666626930237
YJL102W,YDR077W,0,-5.3870716,0.7324703335762024,0.870512843132019,0.031794872134923935
YDR270W,YKR067W,0,-5.38787,0.7316810488700867,0.870512843132019,0.0319230780005455
YIL103W,YOR232W,0,-5.388712,0.7308934330940247,0.870512843132019,0.03205128386616707
YKL144C,YAR008W,0,-5.3912287,0.7301075458526611,0.870512843132019,0.03217948600649834
YLR183C,YOL097C,0,-5.394436,0.7293233275413513,0.870512843132019,0.032307691872119904
YGR123C,YDR086C,0,-5.3968334,0.7285407781600952,0.870512843132019,0.03243589773774147
YNL188W,YDR086C,0,-5.397832,0.7277598977088928,0.870512843132019,0.03256410360336304
YIR005W,YOR049C,0,-5.3981123,0.7269807457923889,0.870512843132019,0.032692309468984604
YLR310C,YMR054W,0,-5.4008236,0.726203203201294,0.870512843132019,0.03282051160931587
YMR211W,YAL033W,0,-5.4014845,0.7254273295402527,0.870512843132019,0.03294871747493744
YEL061C,YLR210W,0,-5.4082766,0.7246531248092651,0.870512843132019,0.033076923340559006
YJL111W,YOR253W,0,-5.4109917,0.7238805890083313,0.870512843132019,0.03320512920618057
YLR075W,YIR012W,1,-5.4155903,0.7241746783256531,0.8717948794364929,0.03320512920618057
YFR001W,YLR075W,1,-5.415799,0.7244681119918823,0.8730769157409668,0.03320512920618057
YNL232W,YDL036C,0,-5.4169464,0.7236981987953186,0.8730769157409668,0.03333333507180214
YKL034W,YKL126W,0,-5.4240875,0.7229299545288086,0.8730769157409668,0.03346153721213341
YOR005C,YOR178C,0,-5.4253025,0.7221633195877075,0.8730769157409668,0.033589743077754974
YMR139W,YIL135C,0,-5.4258165,0.7213982939720154,0.8730769157409668,0.03371794894337654
YOR063W,YKL082C,1,-5.4262733,0.7216930985450745,0.8743589520454407,0.03371794894337654
YBR171W,YMR260C,0,-5.4276342,0.7209302186965942,0.8743589520454407,0.03384615480899811
YML132W,YDR513W,0,-5.4279976,0.720168948173523,0.8743589520454407,0.033974360674619675
YPR186C,YLR262C,0,-5.42822,0.7194092869758606,0.8743589520454407,0.03410256281495094
YGR056W,YOR043W,0,-5.428709,0.7186512351036072,0.8743589520454407,0.03423076868057251
YOR061W,YLR405W,0,-5.4292355,0.7178947329521179,0.8743589520454407,0.03435897454619408
YML036W,YPR052C,0,-5.429634,0.7171398401260376,0.8743589520454407,0.03448718041181564
YLR453C,YHR048W,0,-5.432169,0.7163865566253662,0.8743589520454407,0.03461538627743721
YBL032W,YNL206C,0,-5.4324474,0.715634822845459,0.8743589520454407,0.03474358841776848
YDR418W,YFL002C,1,-5.437998,0.7159329056739807,0.8756410479545593,0.03474358841776848
YDL087C,YGR288W,0,-5.4415483,0.7151832580566406,0.8756410479545593,0.034871794283390045
YBR164C,YLR292C,0,-5.4421253,0.7144351601600647,0.8756410479545593,0.03500000014901161
YNL163C,YOL127W,1,-5.443083,0.7147335410118103,0.8769230842590332,0.03500000014901161
YBL071W-A,YKL144C,0,-5.44361,0.7139874696731567,0.8769230842590332,0.03512820601463318
YBL023C,YER105C,0,-5.446478,0.7132429480552673,0.8769230842590332,0.035256411880254745
YKR025W,YHR167W,0,-5.4479904,0.7124999761581421,0.8769230842590332,0.035384614020586014
YML105C,YOR359W,0,-5.4529867,0.7117586135864258,0.8769230842590332,0.03551281988620758
YLR337C,YGR296W,0,-5.4531937,0.7110186815261841,0.8769230842590332,0.03564102575182915
YOL130W,YDR126W,0,-5.4533653,0.7102803587913513,0.8769230842590332,0.035769231617450714
YBR257W,YFL017W-A,0,-5.457328,0.7095435857772827,0.8769230842590332,0.03589743748307228
YGR070W,YKL034W,0,-5.4573298,0.7088083028793335,0.8769230842590332,0.03602563962340355
YPR183W,YNR046W,0,-5.4582653,0.7080745100975037,0.8769230842590332,0.036153845489025116
YPL157W,YDR381W,0,-5.460314,0.707342267036438,0.8769230842590332,0.03628205135464668
YCL039W,YDL130W-A,0,-5.4613247,0.7066115736961365,0.8769230842590332,0.03641025722026825
YGL200C,YLR183C,0,-5.4654055,0.7058823704719543,0.8769230842590332,0.036538463085889816
YLR067C,YHR196W,0,-5.4666357,0.7051546573638916,0.8769230842590332,0.036666665226221085
YOR063W,YLR022C,1,-5.4685297,0.7054582834243774,0.8782051205635071,0.036666665226221085
YIL004C,YJL074C,0,-5.4756317,0.7047325372695923,0.8782051205635071,0.03679487109184265
YGL227W,YJL154C,0,-5.477872,0.7040082216262817,0.8782051205635071,0.03692307695746422
YHR107C,YLR264W,0,-5.4781218,0.7032853960990906,0.8782051205635071,0.037051282823085785
YDR303C,YPL243W,0,-5.4822226,0.7025641202926636,0.8782051205635071,0.03717948868870735
YKL143W,YLR292C,0,-5.4857693,0.7018442749977112,0.8782051205635071,0.03730769082903862
YBL009W,YAR008W,0,-5.4864683,0.7011259198188782,0.8782051205635071,0.03743589669466019
YMR225C,YGL129C,0,-5.4902954,0.7004089951515198,0.8782051205635071,0.037564102560281754
YHR088W,YOR063W,1,-5.4917994,0.7007150053977966,0.879487156867981,0.037564102560281754
YNL227C,YML073C,1,-5.4931965,0.7010204195976257,0.8807692527770996,0.037564102560281754
YDR013W,YOR210W,0,-5.4946012,0.7003058195114136,0.8807692527770996,0.03769230842590332
YLR080W,YJL048C,0,-5.4949446,0.699592649936676,0.8807692527770996,0.03782051429152489
YMR092C,YLR337C,0,-5.4951878,0.6988809704780579,0.8807692527770996,0.037948716431856155
YNL298W,YMR212C,0,-5.498888,0.6981707215309143,0.8807692527770996,0.03807692229747772
YPL083C,YDL201W,0,-5.500537,0.6974619030952454,0.8807692527770996,0.03820512816309929
YMR298W,YLR119W,0,-5.5008116,0.6967545747756958,0.8807692527770996,0.038333334028720856
YOL038W,YER021W,0,-5.5053844,0.6960486173629761,0.8807692527770996,0.03846153989434242
YOR329C,YMR050C,0,-5.508663,0.6953441500663757,0.8807692527770996,0.03858974203467369
YOR317W,YBR214W,0,-5.509816,0.6946410536766052,0.8807692527770996,0.03871794790029526
YDR219C,YGR248W,0,-5.510105,0.6939393877983093,0.8807692527770996,0.038846153765916824
YBR234C,YGR111W,0,-5.510606,0.693239152431488,0.8807692527770996,0.03897435963153839
YAR008W,YDR356W,0,-5.512495,0.6925403475761414,0.8807692527770996,0.03910256549715996
YDL108W,YHR072W-A,0,-5.5125914,0.6918429136276245,0.8807692527770996,0.039230767637491226
YBL023C,YOR048C,0,-5.513236,0.6911469101905823,0.8807692527770996,0.03935897350311279
YCL014W,YLR154C,0,-5.5133886,0.6904522776603699,0.8807692527770996,0.03948717936873436
YDR488C,YPL016W,0,-5.5134754,0.6897590160369873,0.8807692527770996,0.039615385234355927
YKR036C,YGL232W,0,-5.5144663,0.6890671849250793,0.8807692527770996,0.03974359109997749
YPR034W,YNL313C,0,-5.5165443,0.6883767247200012,0.8807692527770996,0.03987179324030876
YNR001C,YLR382C,0,-5.5202475,0.6876876950263977,0.8807692527770996,0.03999999910593033
YJL024C,YDR412W,0,-5.5246706,0.6869999766349792,0.8807692527770996,0.040128204971551895
YDR123C,YER110C,0,-5.524868,0.6863136887550354,0.8807692527770996,0.04025641083717346
YDR339C,YOR212W,0,-5.5263214,0.6856287717819214,0.8807692527770996,0.04038461670279503
YDL046W,YOR007C,0,-5.52794,0.6849451661109924,0.8807692527770996,0.0405128188431263
YMR001C,YBR156C,0,-5.528677,0.6842629313468933,0.8807692527770996,0.040641024708747864
YLR399C,YOR123C,0,-5.529011,0.683582067489624,0.8807692527770996,0.04076923057436943
YIL132C,YDR414C,0,-5.530304,0.6829025745391846,0.8807692527770996,0.040897436439991
YOR061W,YOR133W,0,-5.5308647,0.682224452495575,0.8807692527770996,0.041025642305612564
YAL034W-A,YJL104W,0,-5.536643,0.6815476417541504,0.8807692527770996,0.04115384444594383
YAR002W,YPL011C,0,-5.537552,0.6808721423149109,0.8807692527770996,0.0412820503115654
YHR107C,YJL190C,0,-5.540372,0.6801980137825012,0.8807692527770996,0.041410256177186966
YBL071W-A,YLR430W,0,-5.5434704,0.6795251965522766,0.8807692527770996,0.04153846204280853
YDL209C,YDR450W,0,-5.5446663,0.6788537502288818,0.8807692527770996,0.0416666679084301
YBR267W,YOR063W,1,-5.5447283,0.6791707873344421,0.8820512890815735,0.0416666679084301
YKL068W,YER120W,0,-5.5455074,0.6785010099411011,0.8820512890815735,0.04179487004876137
YDR205W,YKL055C,0,-5.5456553,0.6778324842453003,0.8820512890815735,0.041923075914382935
YKR065C,YJR045C,0,-5.545867,0.6771653294563293,0.8820512890815735,0.0420512817800045
YHR176W,YNL173C,0,-5.546708,0.6764994859695435,0.8820512890815735,0.04217948764562607
YGL253W,YFR051C,0,-5.5471115,0.6758349537849426,0.8820512890815735,0.042307693511247635
YFL017W-A,YGR285C,0,-5.5472956,0.6751717329025269,0.8820512890815735,0.0424358956515789
YGL070C,YHR152W,0,-5.548011,0.6745098233222961,0.8820512890815735,0.04256410151720047
YKL192C,YDR363W-A,0,-5.5490065,0.6738491654396057,0.8820512890815735,0.04269230738282204
YLR226W,YGR083C,0,-5.551092,0.6731898188591003,0.8820512890815735,0.042820513248443604
YML105C,YBR030W,0,-5.551258,0.67253178358078,0.8820512890815735,0.04294871911406517
YGL171W,YOL102C,0,-5.5521364,0.671875,0.8820512890815735,0.04307692125439644
YPL177C,YLR254C,0,-5.553171,0.671219527721405,0.8820512890815735,0.043205127120018005
YKL194C,YCR044C,0,-5.553197,0.6705653071403503,0.8820512890815735,0.04333333298563957
YJL024C,YIR008C,0,-5.556693,0.6699123382568359,0.8820512890815735,0.04346153885126114
YDR143C,YLR316C,0,-5.558569,0.6692606806755066,0.8820512890815735,0.043589744716882706
YEL053C,YOR232W,0,-5.5604706,0.6686102747917175,0.8820512890815735,0.043717946857213974
YOR245C,YOL071W,0,-5.5609674,0.6679611802101135,0.8820512890815735,0.04384615272283554
YBR105C,YGR122W,0,-5.563596,0.667313277721405,0.8820512890815735,0.04397435858845711
YJR092W,YER025W,0,-5.5646114,0.6666666865348816,0.8820512890815735,0.044102564454078674
YLR075W,YLR022C,1,-5.5652914,0.6669893264770508,0.8833333253860474,0.044102564454078674
YMR164C,YHR161C,0,-5.5675325,0.6663442850112915,0.8833333253860474,0.04423077031970024
YDR251W,YLR119W,0,-5.5676966,0.6657004952430725,0.8833333253860474,0.04435897618532181
YLR105C,YER049W,0,-5.5704613,0.665057897567749,0.8833333253860474,0.044487178325653076
YDR364C,YFR002W,0,-5.5709686,0.6644166111946106,0.8833333253860474,0.04461538419127464
YIL079C,YGR063C,0,-5.5710487,0.6637765169143677,0.8833333253860474,0.04474359005689621
YIL097W,YJR033C,0,-5.5713196,0.6631376147270203,0.8833333253860474,0.044871795922517776
YFL025C,YPL076W,0,-5.573241,0.6625000238418579,0.8833333253860474,0.04500000178813934
YGL181W,YDR490C,0,-5.5776806,0.6618635654449463,0.8833333253860474,0.04512820392847061
YHR092C,YOR270C,0,-5.5784693,0.6612284183502197,0.8833333253860474,0.04525640979409218
YGL065C,YML001W,0,-5.581091,0.6605944633483887,0.8833333253860474,0.045384615659713745
YBR084W,YDR212W,0,-5.5826283,0.6599617004394531,0.8833333253860474,0.04551282152533531
YHR041C,YOR332W,0,-5.5841208,0.6593301296234131,0.8833333253860474,0.04564102739095688
YHR172W,YDL229W,0,-5.584236,0.6586998105049133,0.8833333253860474,0.04576922953128815
YLR447C,YOR087W,0,-5.5854225,0.6580706834793091,0.8833333253860474,0.045897435396909714
YMR301C,YNL206C,0,-5.587454,0.6574427485466003,0.8833333253860474,0.04602564126253128
YEL016C,YLR272C,0,-5.5877676,0.6568160057067871,0.8833333253860474,0.04615384712815285
YPR105C,YDR052C,0,-5.590396,0.6561904549598694,0.8833333253860474,0.046282052993774414
YNL206C,YML097C,0,-5.5954895,0.6555661559104919,0.8833333253860474,0.04641025513410568
YDL074C,YLR215C,0,-5.5955696,0.6549429893493652,0.8833333253860474,0.04653846099972725
YOR067C,YDR450W,0,-5.5995216,0.654321014881134,0.8833333253860474,0.046666666865348816
YPR049C,YIL129C,0,-5.6008177,0.6537001729011536,0.8833333253860474,0.04679487273097038
YNL049C,YPL045W,0,-5.6010237,0.6530805826187134,0.8833333253860474,0.04692307859659195
YIR010W,YBL052C,0,-5.605833,0.6524621248245239,0.8833333253860474,0.04705128073692322
YOR326W,YBR118W,0,-5.6062326,0.65184485912323,0.8833333253860474,0.047179486602544785
YMR211W,YDL201W,0,-5.609087,0.6512287259101868,0.8833333253860474,0.04730769246816635
YKL064W,YBR117C,0,-5.6117,0.6506137847900391,0.8833333253860474,0.04743589833378792
YDL130W,YKL130C,0,-5.612116,0.6499999761581421,0.8833333253860474,0.047564104199409485
YLR002C,YMR241W,0,-5.61409,0.6493873596191406,0.8833333253860474,0.04769230633974075
YGR134W,YER013W,0,-5.614951,0.6487758755683899,0.8833333253860474,0.04782051220536232
YOR204W,YBL024W,0,-5.6185083,0.6481655836105347,0.8833333253860474,0.04794871807098389
YER114C,YLR409C,0,-5.62082,0.6475563645362854,0.8833333253860474,0.048076923936605453
YCR082W,YDR486C,0,-5.6213055,0.6469483375549316,0.8833333253860474,0.04820512980222702
YPL211W,YPL193W,1,-5.6221113,0.6472795605659485,0.8846153616905212,0.04820512980222702
YDR299W,YOR123C,0,-5.6224737,0.6466729044914246,0.8846153616905212,0.04833333194255829
YJR121W,YCR028C-A,0,-5.625802,0.6460674405097961,0.8846153616905212,0.048461537808179855
YDL166C,YGR272C,0,-5.629775,0.6454630494117737,0.8846153616905212,0.04858974367380142
YER171W,YKL056C,0,-5.629903,0.644859790802002,0.8846153616905212,0.04871794953942299
YGR177C,YHR007C,0,-5.631057,0.6442577242851257,0.8846153616905212,0.048846155405044556
YPL227C,YOR039W,0,-5.631115,0.6436567306518555,0.8846153616905212,0.048974357545375824
YFR021W,YMR106C,0,-5.632182,0.6430568695068359,0.8846153616905212,0.04910256341099739
YMR143W,YML055W,0,-5.6327906,0.6424580812454224,0.8846153616905212,0.04923076927661896
YOL039W,YKL212W,0,-5.634036,0.6418604850769043,0.8846153616905212,0.049358975142240524
YGR108W,YMR179W,0,-5.6388273,0.6412639617919922,0.8846153616905212,0.04948718100786209
YLR430W,YIL173W,0,-5.63883,0.640668511390686,0.8846153616905212,0.04961538314819336
YJL011C,YFR037C,0,-5.639535,0.6400741934776306,0.8846153616905212,0.049743589013814926
YOR204W,YOR229W,0,-5.6449013,0.6394810080528259,0.8846153616905212,0.04987179487943649
YDR075W,YER029C,0,-5.647089,0.6388888955116272,0.8846153616905212,0.05000000074505806
YDR097C,YBL024W,0,-5.648077,0.6382978558540344,0.8846153616905212,0.050128206610679626
YNR035C,YNL084C,0,-5.6494093,0.6377079486846924,0.8846153616905212,0.050256408751010895
YOR040W,YFL016C,0,-5.655965,0.6371191143989563,0.8846153616905212,0.05038461461663246
YJL095W,YIL129C,0,-5.656083,0.6365313529968262,0.8846153616905212,0.05051282048225403
YGL178W,YDR251W,0,-5.6588364,0.6359447240829468,0.8846153616905212,0.050641026347875595
YBR006W,YIL077C,0,-5.6603956,0.6353591084480286,0.8846153616905212,0.05076923221349716
YJR053W,YGL211W,0,-5.66164,0.6347746253013611,0.8846153616905212,0.05089743435382843
YEL036C,YDL051W,0,-5.6618986,0.6341911554336548,0.8846153616905212,0.05102564021945
YLR363C,YML088W,0,-5.666544,0.6336088180541992,0.8846153616905212,0.051153846085071564
YER171W,YOR047C,0,-5.6676207,0.6330274939537048,0.8846153616905212,0.05128205195069313
YJL005W,YKL140W,0,-5.6693735,0.6324473023414612,0.8846153616905212,0.0514102578163147
YOR089C,YLR346C,0,-5.6705847,0.6318681240081787,0.8846153616905212,0.051538459956645966
YBR243C,YOL090W,0,-5.6707945,0.6312900185585022,0.8846153616905212,0.05166666582226753
YKL101W,YJR144W,0,-5.6767817,0.6307129859924316,0.8846153616905212,0.0517948716878891
YKL013C,YDR059C,0,-5.6821604,0.6301369667053223,0.8846153616905212,0.051923077553510666
YPL228W,YPL152W,0,-5.6871223,0.6295620203018188,0.8846153616905212,0.05205128341913223
YLR219W,YAR035W,0,-5.6878834,0.6289881467819214,0.8846153616905212,0.0521794855594635
YJL134W,YFL018W-A,0,-5.690282,0.6284152865409851,0.8846153616905212,0.05230769142508507
YPL117C,YGR033C,0,-5.6914854,0.6278434991836548,0.8846153616905212,0.052435897290706635
YKL143W,YDR416W,0,-5.695503,0.6272727251052856,0.8846153616905212,0.0525641031563282
YBR132C,YLL024C,0,-5.6961374,0.6267030239105225,0.8846153616905212,0.05269230902194977
YDR219C,YMR188C,0,-5.696782,0.6261342763900757,0.8846153616905212,0.052820511162281036
YDL093W,YCR053W,0,-5.6968813,0.6255666613578796,0.8846153616905212,0.0529487170279026
YNR007C,YOL110W,0,-5.697027,0.625,0.8846153616905212,0.05307692289352417
YFL002W-A,YIL082W-A,0,-5.6973047,0.6244344115257263,0.8846153616905212,0.05320512875914574
YAL034W-A,YDR412W,0,-5.6979113,0.623869776725769,0.8846153616905212,0.0533333346247673
YJL112W,YHL024W,0,-5.6984196,0.6233062148094177,0.8846153616905212,0.05346153676509857
YDL209C,YGL210W-A,0,-5.699072,0.6227436661720276,0.8846153616905212,0.05358974263072014
YJR132W,YBL035C,0,-5.6990833,0.6221821308135986,0.8846153616905212,0.053717948496341705
YGL035C,YBR057C,0,-5.7002897,0.6216216087341309,0.8846153616905212,0.05384615436196327
YLR035C,YJL048C,0,-5.700966,0.6210620999336243,0.8846153616905212,0.05397436022758484
YNL333W,YLR346C,0,-5.7040367,0.6205036044120789,0.8846153616905212,0.05410256236791611
YMR255W,YLR011W,0,-5.707094,0.6199460625648499,0.8846153616905212,0.054230768233537674
YDL084W,YMR149W,0,-5.707592,0.6193895936012268,0.8846153616905212,0.05435897409915924
YDR055W,YMR045C,0,-5.712018,0.6188340783119202,0.8846153616905212,0.05448717996478081
YGR158C,YHR205W,0,-5.7127066,0.6182795763015747,0.8846153616905212,0.054615385830402374
YAL021C,YDR213W,0,-5.7189274,0.6177260279655457,0.8846153616905212,0.05474358797073364
YOR351C,YGR249W,0,-5.71908,0.6171735525131226,0.8846153616905212,0.05487179383635521
YDR121W,YOL028C,0,-5.7192774,0.6166219711303711,0.8846153616905212,0.054999999701976776
YIR037W,YGR028W,0,-5.7214108,0.6160714030265808,0.8846153616905212,0.05512820556759834
YOR002W,YKL213C,0,-5.7253456,0.6155218482017517,0.8846153616905212,0.05525641143321991
YHR116W,YBR207W,0,-5.727973,0.614973247051239,0.8846153616905212,0.05538461357355118
YKL022C,YBL005W-B,0,-5.7282133,0.6144256591796875,0.8846153616905212,0.055512819439172745
YDL194W,YHR138C,0,-5.7321014,0.6138790249824524,0.8846153616905212,0.05564102530479431
YPR122W,YPL283C,0,-5.7349844,0.6133333444595337,0.8846153616905212,0.05576923117041588
YDR268W,YIL017C,0,-5.735877,0.6127886176109314,0.8846153616905212,0.055897437036037445
YPL059W,YBL056W,0,-5.736413,0.6122449040412903,0.8846153616905212,0.05602563917636871
YGL106W,YJL117W,0,-5.7366476,0.6117021441459656,0.8846153616905212,0.05615384504199028
YGR120C,YHR172W,0,-5.7378645,0.6111603379249573,0.8846153616905212,0.05628205090761185
YOL095C,YDL077C,0,-5.7391195,0.6106194853782654,0.8846153616905212,0.056410256773233414
YJR069C,YGL253W,0,-5.7426767,0.6100795865058899,0.8846153616905212,0.05653846263885498
YMR277W,YLR181C,0,-5.743333,0.6095406413078308,0.8846153616905212,0.05666666850447655
YDR251W,YAR031W,0,-5.744521,0.6090026497840881,0.8846153616905212,0.056794870644807816
YOR020C,YHR001W-A,0,-5.7454214,0.6084656119346619,0.8846153616905212,0.05692307651042938
YDR273W,YIL097W,0,-5.7472105,0.607929527759552,0.8846153616905212,0.05705128237605095
YPR120C,YBR069C,0,-5.749938,0.6073943376541138,0.8846153616905212,0.057179488241672516
YGL206C,YGL012W,0,-5.7505693,0.6068601608276367,0.8846153616905212,0.05730769410729408
YOR046C,YLR272C,0,-5.75099,0.6063268780708313,0.8846153616905212,0.05743589624762535
YPL231W,YHR203C,0,-5.7523623,0.6057945489883423,0.8846153616905212,0.05756410211324692
YLR189C,YOR109W,0,-5.753622,0.6052631735801697,0.8846153616905212,0.057692307978868484
YPL059W,YLR301W,0,-5.7540617,0.6047326922416687,0.8846153616905212,0.05782051384449005
YHR036W,YDR447C,0,-5.7543144,0.6042031645774841,0.8846153616905212,0.05794871971011162
YNL062C,YHR005C-A,0,-5.754491,0.6036745309829712,0.8846153616905212,0.058076921850442886
YDL247W,YNL329C,0,-5.7582073,0.6031468510627747,0.8846153616905212,0.05820512771606445
YPL195W,YJR139C,0,-5.7610846,0.6026200652122498,0.8846153616905212,0.05833333358168602
YPR176C,YGL206C,0,-5.7628117,0.6020942330360413,0.8846153616905212,0.05846153944730759
YML094W,YOR315W,0,-5.763384,0.6015692949295044,0.8846153616905212,0.05858974531292915
YGL096W,YGR122W,0,-5.7643948,0.6010453104972839,0.8846153616905212,0.05871794745326042
YDR138W,YLL027W,0,-5.7658243,0.6005222201347351,0.8846153616905212,0.05884615331888199
YMR237W,YPR024W,0,-5.7661963,0.6000000238418579,0.8846153616905212,0.058974359184503555
YHR001W-A,YJL113W,0,-5.7666435,0.5994787216186523,0.8846153616905212,0.05910256505012512
YJR073C,YNL098C,0,-5.7676086,0.5989583134651184,0.8846153616905212,0.05923077091574669
YOL090W,YGR179C,0,-5.768409,0.5984388589859009,0.8846153616905212,0.05935897305607796
YNR017W,YDL040C,0,-5.7686586,0.597920298576355,0.8846153616905212,0.059487178921699524
YHR176W,YMR139W,0,-5.768717,0.5974025726318359,0.8846153616905212,0.05961538478732109
YOL060C,YNL202W,0,-5.7689686,0.5968858003616333,0.8846153616905212,0.05974359065294266
YLR080W,YFL059W,0,-5.7690954,0.5963699221611023,0.8846153616905212,0.059871796518564224
YOL133W,YGL053W,0,-5.769102,0.5958549380302429,0.8846153616905212,0.05999999865889549
YCR027C,YDR280W,0,-5.7691355,0.5953407883644104,0.8846153616905212,0.06012820452451706
YNL262W,YNR015W,0,-5.769373,0.5948275923728943,0.8846153616905212,0.060256410390138626
YNL227C,YPL131W,1,-5.770135,0.5951765775680542,0.8858974575996399,0.060256410390138626
YCR052W,YLR200W,0,-5.7706175,0.5946643948554993,0.8858974575996399,0.06038461625576019
YFR008W,YDL216C,0,-5.771282,0.5941530466079712,0.8858974575996399,0.06051282212138176
YHR072W-A,YNL186W,0,-5.77213,0.5936425924301147,0.8858974575996399,0.06064102426171303
YKR024C,YLR075W,1,-5.772444,0.5939913988113403,0.8871794939041138,0.06064102426171303
YIL139C,YDR450W,0,-5.7750273,0.5934820175170898,0.8871794939041138,0.060769230127334595
YMR033W,YGR152C,0,-5.7758408,0.5929734110832214,0.8871794939041138,0.06089743599295616
YDR302W,YPL126W,0,-5.7775736,0.5924657583236694,0.8871794939041138,0.06102564185857773
YDL093W,YDL084W,0,-5.7790833,0.5919589400291443,0.8871794939041138,0.061153847724199295
YGR262C,YFL022C,0,-5.783038,0.5914530158042908,0.8871794939041138,0.06128204986453056
YJL008C,YDR381W,0,-5.783512,0.5909479260444641,0.8871794939041138,0.06141025573015213
YCR047C,YGR074W,0,-5.785713,0.5904436707496643,0.8871794939041138,0.0615384615957737
YDR170W-A,YLR035C-A,0,-5.791479,0.5899403095245361,0.8871794939041138,0.061666667461395264
YPL032C,YKR079C,0,-5.792794,0.5894378423690796,0.8871794939041138,0.06179487332701683
YIL139C,YNL302C,0,-5.793007,0.5889361500740051,0.8871794939041138,0.0619230754673481
YIL085C,YMR036C,0,-5.7940845,0.5884353518486023,0.8871794939041138,0.062051281332969666
YCL043C,YDR055W,0,-5.7941523,0.5879354476928711,0.8871794939041138,0.06217948719859123
YPL091W,YGR248W,0,-5.7979803,0.587436318397522,0.8871794939041138,0.0623076930642128
YAR008W,YDL201W,0,-5.8010178,0.5869380831718445,0.8871794939041138,0.062435898929834366
YMR006C,YHL028W,0,-5.8016043,0.5864406824111938,0.8871794939041138,0.06256410479545593
YPL010W,YGR152C,0,-5.802841,0.5859441161155701,0.8871794939041138,0.0626923069357872
YDL033C,YNL197C,0,-5.80367,0.5854483842849731,0.8871794939041138,0.06282051652669907
YGR204W,YNL004W,0,-5.8057003,0.5849534869194031,0.8871794939041138,0.06294871866703033
YER107C,YJL190C,0,-5.806135,0.5844594836235046,0.8871794939041138,0.0630769208073616
YPR120C,YJL125C,0,-5.8084993,0.5839662551879883,0.8871794939041138,0.06320513039827347
YDL209C,YBL003C,0,-5.808609,0.5834738612174988,0.8871794939041138,0.06333333253860474
YPL154C,YAL005C,0,-5.8106575,0.5829823017120361,0.8871794939041138,0.0634615421295166
YLR088W,YML123C,0,-5.810711,0.5824915766716003,0.8871794939041138,0.06358974426984787
YLR051C,YER151C,0,-5.813469,0.5820016860961914,0.8871794939041138,0.06371794641017914
YEL054C,YPL193W,1,-5.8142395,0.5823529362678528,0.8884615302085876,0.06371794641017914
YKL026C,YDR170W-A,0,-5.816716,0.5818639993667603,0.8884615302085876,0.063846156001091
YDR137W,YBR216C,0,-5.817149,0.5813758373260498,0.8884615302085876,0.06397435814142227
YLR382C,YPR002W,0,-5.823694,0.5808885097503662,0.8884615302085876,0.06410256773233414
YIL004C,YHR039C-A,0,-5.8290386,0.5804020166397095,0.8884615302085876,0.0642307698726654
YCR031C,YKL212W,0,-5.8296814,0.5799162983894348,0.8884615302085876,0.06435897201299667
YGL155W,YMR220W,0,-5.831375,0.579431414604187,0.8884615302085876,0.06448718160390854
YPL231W,YAL053W,0,-5.832571,0.5789473652839661,0.8884615302085876,0.06461538374423981
YGL210W-A,YBR069C,0,-5.833046,0.5784640908241272,0.8884615302085876,0.06474359333515167
YHL048W,YOL117W,0,-5.8342934,0.5779816508293152,0.8884615302085876,0.06487179547548294
YGR155W,YJR029W,0,-5.837145,0.5774999856948853,0.8884615302085876,0.06499999761581421
YDR180W,YIL030C,0,-5.840022,0.5770191550254822,0.8884615302085876,0.06512820720672607
YIL128W,YDR400W,0,-5.840044,0.5765390992164612,0.8884615302085876,0.06525640934705734
YGR225W,YMR104C,0,-5.8455667,0.576059877872467,0.8884615302085876,0.06538461893796921
YIL004C,YOL012C,0,-5.846401,0.5755813717842102,0.8884615302085876,0.06551282107830048
YIL030C,YPL176C,0,-5.8498344,0.575103759765625,0.8884615302085876,0.06564102321863174
YGR256W,YGR249W,0,-5.8515005,0.5746268630027771,0.8884615302085876,0.06576923280954361
YOL078W,YMR213W,0,-5.8518276,0.574150800704956,0.8884615302085876,0.06589743494987488
YPR025C,YMR204C,0,-5.8551455,0.5736755132675171,0.8884615302085876,0.06602564454078674
YBL009W,YBL034C,0,-5.8562365,0.5732010006904602,0.8884615302085876,0.06615384668111801
YOL139C,YER120W,0,-5.8570642,0.5727272629737854,0.8884615302085876,0.06628204882144928
YBR095C,YML097C,0,-5.857733,0.5722543597221375,0.8884615302085876,0.06641025841236115
YDR432W,YLR035C-A,0,-5.858161,0.5717821717262268,0.8884615302085876,0.06653846055269241
YER142C,YGR171C,0,-5.8588114,0.571310818195343,0.8884615302085876,0.06666667014360428
YBR257W,YNL248C,0,-5.8599644,0.5708401799201965,0.8884615302085876,0.06679487228393555
YFR008W,YPL055C,0,-5.8623114,0.5703703761100769,0.8884615302085876,0.06692307442426682
YJR055W,YHR154W,0,-5.8649263,0.5699012875556946,0.8884615302085876,0.06705128401517868
YMR203W,YMR273C,0,-5.8650103,0.5694330334663391,0.8884615302085876,0.06717948615550995
YDR081C,YML014W,0,-5.866434,0.568965494632721,0.8884615302085876,0.06730769574642181
YIL085C,YLR181C,0,-5.866603,0.5684987902641296,0.8884615302085876,0.06743589788675308
YPL209C,YJR021C,0,-5.8666573,0.5680328011512756,0.8884615302085876,0.06756410002708435
YGL240W,YOL044W,0,-5.8682375,0.5675675868988037,0.8884615302085876,0.06769230961799622
YNR053C,YOL045W,0,-5.86829,0.5671030879020691,0.8884615302085876,0.06782051175832748
YOR210W,YOL006C,0,-5.868573,0.5666394233703613,0.8884615302085876,0.06794872134923935
YDR265W,YMR313C,0,-5.87084,0.5661764740943909,0.8884615302085876,0.06807692348957062
YMR078C,YGR054W,0,-5.8715277,0.5657142996788025,0.8884615302085876,0.06820512562990189
YFL039C,YLL050C,0,-5.8734217,0.5652528405189514,0.8884615302085876,0.06833333522081375
YDR190C,YLR055C,0,-5.8757515,0.5647921562194824,0.8884615302085876,0.06846153736114502
YGR080W,YMR087W,0,-5.875839,0.5643322467803955,0.8884615302085876,0.06858974695205688
YBR010W,YDR499W,0,-5.876075,0.5638730525970459,0.8884615302085876,0.06871794909238815
YGL245W,YCR027C,0,-5.8766394,0.5634146332740784,0.8884615302085876,0.06884615123271942
YHR073W,YJL093C,0,-5.8770676,0.5629569292068481,0.8884615302085876,0.06897436082363129
YJR143C,YBR254C,0,-5.8779488,0.5625,0.8884615302085876,0.06910256296396255
YGL004C,YDR443C,0,-5.878787,0.5620437860488892,0.8884615302085876,0.06923077255487442
YOL130W,YER049W,0,-5.8790846,0.5615883469581604,0.8884615302085876,0.06935897469520569
YML078W,YFR052W,0,-5.8812513,0.561133623123169,0.8884615302085876,0.06948717683553696
YIR005W,YIL029C,0,-5.8833294,0.5606796145439148,0.8884615302085876,0.06961538642644882
YLR264W,YDR303C,0,-5.886118,0.5602263808250427,0.8884615302085876,0.06974358856678009
YFL016C,YMR273C,0,-5.886195,0.5597738027572632,0.8884615302085876,0.06987179815769196
YOR018W,YDR486C,0,-5.8871555,0.5593220591545105,0.8884615302085876,0.07000000029802322
YJL178C,YDL052C,0,-5.8873053,0.5588709712028503,0.8884615302085876,0.07012820243835449
YGL068W,YMR142C,0,-5.8910284,0.5584206581115723,0.8884615302085876,0.07025641202926636
YHR167W,YOR338W,0,-5.892583,0.5579710006713867,0.8884615302085876,0.07038461416959763
YBL039C,YJR029W,0,-5.8950005,0.5575221180915833,0.8884615302085876,0.07051282376050949
YPL195W,YGR261C,0,-5.8978643,0.5570739507675171,0.8884615302085876,0.07064102590084076
YDR435C,YKL148C,0,-5.8983545,0.5566264986991882,0.8884615302085876,0.07076922804117203
YHR013C,YNL068C,0,-5.900634,0.5561797618865967,0.8884615302085876,0.07089743763208389
YGR044C,YPL214C,0,-5.902376,0.5557337403297424,0.8884615302085876,0.07102563977241516
YER183C,YNL151C,0,-5.9034977,0.5552884340286255,0.8884615302085876,0.07115384936332703
YER006W,YMR183C,0,-5.903535,0.5548439025878906,0.8884615302085876,0.0712820515036583
YLR205C,YJL042W,0,-5.903861,0.5544000267982483,0.8884615302085876,0.07141025364398956
YDR216W,YBR136W,0,-5.906332,0.5539568066596985,0.8884615302085876,0.07153846323490143
YPR191W,YML040W,0,-5.9086275,0.5535143613815308,0.8884615302085876,0.0716666653752327
YDR499W,YLR312C-B,0,-5.9093084,0.5530726313591003,0.8884615302085876,0.07179487496614456
YGR177C,YFR037C,0,-5.9093304,0.5526315569877625,0.8884615302085876,0.07192307710647583
YBR135W,YLR059C,0,-5.9098806,0.5521912574768066,0.8884615302085876,0.0720512792468071
YPR122W,YGR238C,0,-5.910879,0.5517516136169434,0.8884615302085876,0.07217948883771896
YPL178W,YPR017C,0,-5.911256,0.5513126254081726,0.8884615302085876,0.07230769097805023
YNL206C,YGL145W,0,-5.9115696,0.5508744120597839,0.8884615302085876,0.0724359005689621
YGR092W,YER094C,0,-5.912472,0.5504368543624878,0.8884615302085876,0.07256410270929337
YBL023C,YDR389W,0,-5.914113,0.550000011920929,0.8884615302085876,0.07269230484962463
YIL035C,YLR398C,0,-5.914464,0.5495638251304626,0.8884615302085876,0.0728205144405365
YBL069W,YJL014W,0,-5.915653,0.5491283535957336,0.8884615302085876,0.07294871658086777
YDR425W,YOR172W,0,-5.915683,0.5486935973167419,0.8884615302085876,0.07307692617177963
YLL019C,YLR371W,0,-5.9167786,0.5482594966888428,0.8884615302085876,0.0732051283121109
YOL060C,YGR044C,0,-5.917184,0.5478261113166809,0.8884615302085876,0.07333333045244217
YIL150C,YOR115C,0,-5.9193983,0.5473933815956116,0.8884615302085876,0.07346154004335403
YKR009C,YGR197C,0,-5.9203453,0.5469613075256348,0.8884615302085876,0.0735897421836853
YPL244C,YCL054W,0,-5.9218826,0.5465299487113953,0.8884615302085876,0.07371795177459717
YDL149W,YOR132W,0,-5.9256907,0.5460993051528931,0.8884615302085876,0.07384615391492844
YHL002W,YKL012W,0,-5.927185,0.5456693172454834,0.8884615302085876,0.0739743560552597
YKL112W,YOR259C,0,-5.9273033,0.5452399849891663,0.8884615302085876,0.07410256564617157
YOR326W,YJL156C,0,-5.9279213,0.5448113083839417,0.8884615302085876,0.07423076778650284
YGR225W,YCL039W,0,-5.9282684,0.5443833470344543,0.8884615302085876,0.0743589773774147
YNL021W,YOR048C,0,-5.9286814,0.5439560413360596,0.8884615302085876,0.07448717951774597
YNL290W,YBR058C-A,0,-5.934065,0.5435293912887573,0.8884615302085876,0.07461538165807724
YCL059C,YDR143C,0,-5.935364,0.5431034564971924,0.8884615302085876,0.0747435912489891
YBR205W,YKR060W,0,-5.936693,0.54267817735672,0.8884615302085876,0.07487179338932037
YIL002C,YDL028C,0,-5.936698,0.5422534942626953,0.8884615302085876,0.07500000298023224
YNL278W,YMR273C,0,-5.9373016,0.541829526424408,0.8884615302085876,0.07512820512056351
YMR263W,YLR197W,0,-5.9374485,0.5414062738418579,0.8884615302085876,0.07525640726089478
YJR050W,YGL096W,0,-5.938143,0.5409836173057556,0.8884615302085876,0.07538461685180664
YKR095W-A,YFR037C,0,-5.9397926,0.5405616164207458,0.8884615302085876,0.07551281899213791
YGR044C,YAL001C,0,-5.9401274,0.5401402711868286,0.8884615302085876,0.07564102858304977
YHR203C,YLR181C,0,-5.9404154,0.5397196412086487,0.8884615302085876,0.07576923072338104
YFR008W,YBR119W,0,-5.9411364,0.5392996072769165,0.8884615302085876,0.07589743286371231
YFL035C,YDL201W,0,-5.9432497,0.5388802289962769,0.8884615302085876,0.07602564245462418
YJL001W,YEL020W-A,0,-5.945957,0.5384615659713745,0.8884615302085876,0.07615384459495544
YLR015W,YBR275C,0,-5.946371,0.5380434989929199,0.8884615302085876,0.07628205418586731
YJL143W,YBR058C-A,0,-5.9470806,0.5376260876655579,0.8884615302085876,0.07641025632619858
YBL006C,YFL035C-A,0,-5.9493084,0.5372093319892883,0.8884615302085876,0.07653845846652985
YPR025C,YGL075C,0,-5.949918,0.5367931723594666,0.8884615302085876,0.07666666805744171
YIL149C,YDR412W,0,-5.950012,0.5363777279853821,0.8884615302085876,0.07679487019777298
YMR224C,YGL205W,0,-5.95111,0.5359628796577454,0.8884615302085876,0.07692307978868484
YDR423C,YGL229C,0,-5.951378,0.5355486869812012,0.8884615302085876,0.07705128192901611
YOL017W,YDR027C,0,-5.956257,0.5351351499557495,0.8884615302085876,0.07717948406934738
YLR195C,YPR125W,0,-5.956606,0.5347222089767456,0.8884615302085876,0.07730769366025925
YNL004W,YLR195C,0,-5.961486,0.5343099236488342,0.8884615302085876,0.07743589580059052
YGL143C,YCL017C,0,-5.961562,0.5338982939720154,0.8884615302085876,0.07756410539150238
YNL223W,YOR156C,0,-5.963133,0.5334873199462891,0.8884615302085876,0.07769230753183365
YDL243C,YHR082C,0,-5.965296,0.5330769419670105,0.8884615302085876,0.07782050967216492
YDR457W,YGR141W,0,-5.966076,0.5326671600341797,0.8884615302085876,0.07794871926307678
YOR322C,YHR079C-B,0,-5.9673023,0.5322580933570862,0.8884615302085876,0.07807692140340805
YFL035C-A,YNL282W,0,-5.9673023,0.5318495631217957,0.8884615302085876,0.07820513099431992
YDR069C,YIL082W-A,0,-5.9676065,0.5314416885375977,0.8884615302085876,0.07833333313465118
YDR009W,YER160C,0,-5.9685116,0.5310344696044922,0.8884615302085876,0.07846153527498245
YHR023W,YDR324C,0,-5.969695,0.5306278467178345,0.8884615302085876,0.07858974486589432
YJL204C,YMR283C,0,-5.971035,0.5302218794822693,0.8884615302085876,0.07871794700622559
YGL207W,YDR353W,0,-5.9719763,0.5298165082931519,0.8884615302085876,0.07884615659713745
YGL106W,YOL146W,0,-5.972007,0.529411792755127,0.8884615302085876,0.07897435873746872
YIL009C-A,YMR065W,0,-5.97441,0.529007613658905,0.8884615302085876,0.07910256087779999
YGL018C,YGL046W,0,-5.9748774,0.5286040902137756,0.8884615302085876,0.07923077046871185
YNR035C,YHR161C,0,-5.975357,0.5282012224197388,0.8884615302085876,0.07935897260904312
YPR073C,YJL192C,0,-5.9759035,0.5277989506721497,0.8884615302085876,0.07948718219995499
YNL135C,YFL037W,0,-5.976261,0.5273972749710083,0.8884615302085876,0.07961538434028625
YJL167W,YPR073C,0,-5.9767313,0.5269961953163147,0.8884615302085876,0.07974358648061752
YML012W,YOR073W,0,-5.977666,0.5265957713127136,0.8884615302085876,0.07987179607152939
YOR178C,YDL245C,0,-5.980317,0.5261958837509155,0.8884615302085876,0.07999999821186066
YPL171C,YOL067C,0,-5.9805336,0.52579665184021,0.8884615302085876,0.08012820780277252
YCR028C-A,YPL237W,0,-5.9813356,0.5253980159759521,0.8884615302085876,0.08025640994310379
YNL068C,YNL038W,0,-5.9865217,0.5249999761581421,0.8884615302085876,0.08038461208343506
YHL024W,YDR160W,0,-5.9871655,0.5246025919914246,0.8884615302085876,0.08051282167434692
YFL037W,YPR139C,0,-5.9873,0.52420574426651,0.8884615302085876,0.08064102381467819
YDR052C,YER120W,0,-5.9883623,0.523809552192688,0.8884615302085876,0.08076923340559006
YOR188W,YKR090W,0,-5.9888086,0.523413896560669,0.8884615302085876,0.08089743554592133
YPR054W,YCR062W,0,-5.9890575,0.5230188965797424,0.8884615302085876,0.0810256376862526
YMR128W,YBR156C,0,-5.9898596,0.5226244330406189,0.8884615302085876,0.08115384727716446
YEL030W,YGR122W,0,-5.99004,0.5222305655479431,0.8884615302085876,0.08128204941749573
YNL166C,YNL031C,0,-5.9914494,0.5218373537063599,0.8884615302085876,0.08141025900840759
YPR030W,YIL073C,0,-5.9935083,0.5214446783065796,0.8884615302085876,0.08153846114873886
YFL045C,YOR073W,0,-5.994134,0.5210526585578918,0.8884615302085876,0.08166666328907013
YLR144C,YNR019W,0,-5.9944143,0.5206611752510071,0.8884615302085876,0.081794872879982
YBL047C,YGR270W,0,-5.9947815,0.5202702879905701,0.8884615302085876,0.08192307502031326
YOL031C,YFL037W,0,-5.9958506,0.5198799967765808,0.8884615302085876,0.08205128461122513
YGL247W,YBL008W,0,-5.997937,0.5194902420043945,0.8884615302085876,0.0821794867515564
YKR003W,YKR031C,0,-5.99858,0.5191011428833008,0.8884615302085876,0.08230768889188766
YJL170C,YBR090C-A,0,-5.9986076,0.51871258020401,0.8884615302085876,0.08243589848279953
YMR163C,YIL101C,0,-5.9995413,0.518324613571167,0.8884615302085876,0.0825641006231308
YMR301C,YEL029C,0,-6.0020037,0.5179372429847717,0.8884615302085876,0.08269231021404266
YOL042W,YDR330W,0,-6.002816,0.5175504088401794,0.8884615302085876,0.08282051235437393
YOR080W,YIL009W,0,-6.00309,0.5171641707420349,0.8884615302085876,0.0829487144947052
YDR168W,YGL244W,0,-6.00313,0.5167785286903381,0.8884615302085876,0.08307692408561707
YGR289C,YLR035C-A,0,-6.0035458,0.5163934230804443,0.8884615302085876,0.08320512622594833
YDR400W,YDL038C,0,-6.003559,0.5160089135169983,0.8884615302085876,0.0833333358168602
YGR030C,YPR101W,0,-6.0047207,0.515625,0.8884615302085876,0.08346153795719147
YNL307C,YGR056W,0,-6.005683,0.5152416229248047,0.8884615302085876,0.08358974009752274
YIR013C,YNL119W,0,-6.0061646,0.5148588418960571,0.8884615302085876,0.0837179496884346
YLR363C,YML127W,0,-6.006852,0.5144765973091125,0.8884615302085876,0.08384615182876587
YCR028C-A,YJL109C,0,-6.00714,0.5140949487686157,0.8884615302085876,0.08397436141967773
YOR363C,YOR256C,0,-6.007842,0.5137138366699219,0.8884615302085876,0.084102563560009
YIL128W,YNL247W,0,-6.008156,0.5133333206176758,0.8884615302085876,0.08423076570034027
YGL211W,YJL072C,0,-6.0097647,0.5129533410072327,0.8884615302085876,0.08435897529125214
YML103C,YOR315W,0,-6.009857,0.5125739574432373,0.8884615302085876,0.0844871774315834
YJR046W,YCL062W,0,-6.0116034,0.5121951103210449,0.8884615302085876,0.08461538702249527
YJR047C,YLR449W,0,-6.0128336,0.5118168592453003,0.8884615302085876,0.08474358916282654
YCL029C,YGL145W,0,-6.013095,0.5114390850067139,0.8884615302085876,0.0848717913031578
YPR135W,YOR287C,0,-6.013932,0.51106196641922,0.8884615302085876,0.08500000089406967
YDR224C,YBR253W,0,-6.0151396,0.5106853246688843,0.8884615302085876,0.08512820303440094
YPL154C,YDR160W,0,-6.0159216,0.5103092789649963,0.8884615302085876,0.0852564126253128
YBL020W,YMR127C,0,-6.0167093,0.5099337697029114,0.8884615302085876,0.08538461476564407
YBR015C,YAL033W,0,-6.017558,0.5095587968826294,0.8884615302085876,0.08551281690597534
YNL223W,YIL084C,0,-6.018153,0.5091844201087952,0.8884615302085876,0.08564102649688721
YLR229C,YDR201W,0,-6.018984,0.5088105797767639,0.8884615302085876,0.08576922863721848
YHR142W,YGL137W,0,-6.019127,0.5084372758865356,0.8884615302085876,0.08589743822813034
YOR094W,YMR211W,0,-6.020442,0.5080645084381104,0.8884615302085876,0.08602564036846161
YNL302C,YDL042C,0,-6.020602,0.5076923370361328,0.8884615302085876,0.08615384250879288
YPR154W,YFR029W,0,-6.021036,0.5073206424713135,0.8884615302085876,0.08628205209970474
YOL080C,YNL247W,0,-6.021489,0.5069495439529419,0.8884615302085876,0.08641025424003601
YHR107C,YDR385W,0,-6.0248756,0.5065789222717285,0.8884615302085876,0.08653846383094788
YER044C-A,YHR062C,0,-6.0273256,0.5062088966369629,0.8884615302085876,0.08666666597127914
YJL112W,YPL196W,0,-6.0286245,0.5058394074440002,0.8884615302085876,0.08679486811161041
YDR137W,YDR034C-C,0,-6.0297766,0.5054704546928406,0.8884615302085876,0.08692307770252228
YNL242W,YNL101W,0,-6.030015,0.5051020383834839,0.8884615302085876,0.08705127984285355
YKL146W,YPR005C,0,-6.0315323,0.5047341585159302,0.8884615302085876,0.08717948943376541
YOR347C,YOL122C,0,-6.032056,0.5043668150901794,0.8884615302085876,0.08730769157409668
YPL262W,YML045W,0,-6.03271,0.5040000081062317,0.8884615302085876,0.08743589371442795
YBR200W,YFL002W-A,0,-6.0333376,0.5036337375640869,0.8884615302085876,0.08756410330533981
YGL136C,YHR214C-B,0,-6.0346327,0.5032680034637451,0.8884615302085876,0.08769230544567108
YNR006W,YPR158W-B,0,-6.036273,0.5029027462005615,0.8884615302085876,0.08782051503658295
YGR092W,YGL096W,0,-6.037017,0.5025380849838257,0.8884615302085876,0.08794871717691422
YOR232W,YHR041C,0,-6.0380096,0.502173900604248,0.8884615302085876,0.08807692676782608
YKR066C,YNL173C,0,-6.0381594,0.5018102526664734,0.8884615302085876,0.08820512890815735
YPR049C,YLR157C-B,0,-6.0386314,0.5014472007751465,0.8884615302085876,0.08833333104848862
YDR254W,YKR014C,0,-6.0387316,0.5010846257209778,0.8884615302085876,0.08846154063940048
YMR045C,YOR343W-A,0,-6.0387764,0.5007225275039673,0.8884615302085876,0.08858974277973175
YHR007C,YDR261W-B,0,-6.0401726,0.5003610253334045,0.8884615302085876,0.08871795237064362
YGR278W,YIL144W,0,-6.0409374,0.5,0.8884615302085876,0.08884615451097488
YFR047C,YMR135C,0,-6.0446205,0.49963951110839844,0.8884615302085876,0.08897435665130615
YHR061C,YFL035C-A,0,-6.0448008,0.49927952885627747,0.8884615302085876,0.08910256624221802
YDR013W,YER022W,0,-6.04543,0.4989200830459595,0.8884615302085876,0.08923076838254929
YAR042W,YDR210W-B,0,-6.0460777,0.49856114387512207,0.8884615302085876,0.08935897797346115
YDL150W,YDL042C,0,-6.0461407,0.49820274114608765,0.8884615302085876,0.08948718011379242
YIL077C,YMR087W,0,-6.0465965,0.4978448152542114,0.8884615302085876,0.08961538225412369
YJR009C,YIL017W,0,-6.0477953,0.4974874258041382,0.8884615302085876,0.08974359184503555
YIL034C,YPR107C,0,-6.0490456,0.4971305727958679,0.8884615302085876,0.08987179398536682
YDR513W,YGR161C-D,0,-6.049794,0.49677419662475586,0.8884615302085876,0.09000000357627869
YBR026C,YER012W,0,-6.0500174,0.4964183270931244,0.8884615302085876,0.09012820571660995
YNL042W,YNL284C-B,0,-6.050215,0.4960629940032959,0.8884615302085876,0.09025640785694122
YER040W,YIR041W,0,-6.0503635,0.495708167552948,0.8884615302085876,0.09038461744785309
YBR177C,YOR142W-A,0,-6.051915,0.4953538179397583,0.8884615302085876,0.09051281958818436
YGL005C,YML088W,0,-6.0520496,0.4950000047683716,0.8884615302085876,0.09064102917909622
YJL005W,YDR409W,0,-6.0527534,0.49464666843414307,0.8884615302085876,0.09076923131942749
YHR187W,YBR172C,0,-6.0529785,0.49429386854171753,0.8884615302085876,0.09089743345975876
YIL128W,YNR015W,0,-6.0542784,0.4939415454864502,0.8884615302085876,0.09102564305067062
YBR084W,YBR156C,0,-6.054469,0.49358972907066345,0.8884615302085876,0.09115384519100189
YMR298W,YMR005W,0,-6.0550976,0.4932384192943573,0.8884615302085876,0.09128205478191376
YNL038W,YCR024C-A,0,-6.055131,0.49288761615753174,0.8884615302085876,0.09141025692224503
YFR014C,YIL135C,0,-6.056514,0.49253731966018677,0.8884615302085876,0.0915384590625763
YJL099W,YEL013W,0,-6.057167,0.4921875,0.8884615302085876,0.09166666865348816
YPR034W,YHR031C,0,-6.0586004,0.4918381869792938,0.8884615302085876,0.09179487079381943
YHR082C,YPL060W,0,-6.0589867,0.49148935079574585,0.8884615302085876,0.09192308038473129
YGL029W,YGR161W-A,0,-6.059249,0.49114102125167847,0.8884615302085876,0.09205128252506256
YMR033W,YOR079C,0,-6.060152,0.4907931983470917,0.8884615302085876,0.09217948466539383
YGL004C,YFL060C,0,-6.060334,0.4904458522796631,0.8884615302085876,0.0923076942563057
YOR137C,YGR161C-D,0,-6.06147,0.4900990128517151,0.8884615302085876,0.09243589639663696
YNL225C,YHR023W,0,-6.061965,0.4897526502609253,0.8884615302085876,0.09256410598754883
YOR157C,YGL163C,0,-6.062519,0.4894067943096161,0.8884615302085876,0.0926923081278801
YOR106W,YDR210C-D,0,-6.065234,0.4890613853931427,0.8884615302085876,0.09282051026821136
YOR233W,YOR232W,0,-6.06575,0.4887165129184723,0.8884615302085876,0.09294871985912323
YCL029C,YOR361C,0,-6.0688496,0.4883720874786377,0.8884615302085876,0.0930769219994545
YFL009W,YDL108W,0,-6.070137,0.4880281686782837,0.8884615302085876,0.09320513159036636
YBR090C-A,YGL053W,0,-6.0701456,0.4876847267150879,0.8884615302085876,0.09333333373069763
YLL019C,YOL117W,0,-6.071063,0.4873417615890503,0.8884615302085876,0.0934615358710289
YOR249C,YOL089C,0,-6.071145,0.4869993031024933,0.8884615302085876,0.09358974546194077
YGL155W,YJL025W,0,-6.0719347,0.4866572916507721,0.8884615302085876,0.09371794760227203
YKR082W,YPL016W,0,-6.0722494,0.4863157868385315,0.8884615302085876,0.0938461571931839
YNL111C,YKL075C,0,-6.072797,0.4859747588634491,0.8884615302085876,0.09397435933351517
YLR293C,YNL206C,0,-6.073579,0.4856342077255249,0.8884615302085876,0.09410256147384644
YKL026C,YLR369W,0,-6.0753508,0.4852941036224365,0.8884615302085876,0.0942307710647583
YJL095W,YGR161W-A,0,-6.0758314,0.48495450615882874,0.8884615302085876,0.09435897320508957
YAL041W,YDR213W,0,-6.0761642,0.48461538553237915,0.8884615302085876,0.09448718279600143
YPR183W,YPR037C,0,-6.076782,0.48427674174308777,0.8884615302085876,0.0946153849363327
YCR055C,YLR005W,0,-6.0773325,0.4839385449886322,0.8884615302085876,0.09474358707666397
YPL032C,YHR039C-A,0,-6.078725,0.48360082507133484,0.8884615302085876,0.09487179666757584
YGR218W,YNL186W,0,-6.078762,0.48326361179351807,0.8884615302085876,0.0949999988079071
YLR391W-A,YBL103C,0,-6.078785,0.4829268157482147,0.8884615302085876,0.09512820839881897
YLR310C,YFL035C,0,-6.0796623,0.48259052634239197,0.8884615302085876,0.09525641053915024
YOR137C,YJL029C,0,-6.0815735,0.48225468397140503,0.8884615302085876,0.0953846126794815
YDR295C,YBL103C,0,-6.0827627,0.4819193184375763,0.8884615302085876,0.09551282227039337
YPL137C,YKL055C,0,-6.0835,0.48158442974090576,0.8884615302085876,0.09564102441072464
YKL192C,YPL065W,0,-6.0835247,0.48124998807907104,0.8884615302085876,0.0957692340016365
YNL016W,YER120W,0,-6.083699,0.48091602325439453,0.8884615302085876,0.09589743614196777
YHR106W,YMR293C,0,-6.0843363,0.4805825352668762,0.8884615302085876,0.09602563828229904
YPR168W,YBL017C,0,-6.0846443,0.4802494943141937,0.8884615302085876,0.09615384787321091
YBL024W,YLR312C-B,0,-6.084982,0.47991690039634705,0.8884615302085876,0.09628205001354218
YGR152C,YDR210W-B,0,-6.0853148,0.47958478331565857,0.8884615302085876,0.09641025960445404
YIL150C,YBL100W-B,0,-6.0869246,0.4792531132698059,0.8884615302085876,0.09653846174478531
YOR207C,YGR038C-B,0,-6.0870953,0.47892192006111145,0.8884615302085876,0.09666666388511658
YMR175W,YGR161W-B,0,-6.087435,0.4785911738872528,0.8884615302085876,0.09679487347602844
YBR130C,YDR320C,0,-6.0890007,0.47826087474823,0.8884615302085876,0.09692307561635971
YBL009W,YDR159W,0,-6.0896654,0.47793102264404297,0.8884615302085876,0.09705128520727158
YNL166C,YDL165W,0,-6.0908422,0.47760164737701416,0.8884615302085876,0.09717948734760284
YOL121C,YOR305W,0,-6.0910454,0.47727271914482117,0.8884615302085876,0.09730768948793411
YOR254C,YFL018W-A,0,-6.0913763,0.4769442677497864,0.8884615302085876,0.09743589907884598
YPR017C,YIL085C,0,-6.0927887,0.476616233587265,0.8884615302085876,0.09756410121917725
YLR133W,YER166W,0,-6.093707,0.47628864645957947,0.8884615302085876,0.09769231081008911
YOL123W,YDL038C,0,-6.0937653,0.4759615361690521,0.8884615302085876,0.09782051295042038
YJL112W,YIL120W,0,-6.0953064,0.4756348729133606,0.8884615302085876,0.09794871509075165
YDR465C,YHL009W-B,0,-6.0968456,0.4753086566925049,0.8884615302085876,0.09807692468166351
YDR080W,YGR161W-A,0,-6.0976076,0.4749828577041626,0.8884615302085876,0.09820512682199478
YBR136W,YMR089C,0,-6.098009,0.4746575355529785,0.8884615302085876,0.09833333641290665
YJR065C,YAL015C,0,-6.098176,0.47433266043663025,0.8884615302085876,0.09846153855323792
YGR142W,YGR161C-D,0,-6.0984545,0.4740082025527954,0.8884615302085876,0.09858974069356918
YPL194W,YIL017W,0,-6.0984936,0.4736842215061188,0.8884615302085876,0.09871795028448105
YDL143W,YNL302C,0,-6.098506,0.47336065769195557,0.8884615302085876,0.09884615242481232
YDL165W,YDR235W,0,-6.099143,0.4730375409126282,0.8884615302085876,0.09897436201572418
YBR055C,YNL054W-B,0,-6.0992155,0.4727148711681366,0.8884615302085876,0.09910256415605545
YOR257W,YKR048C,0,-6.099351,0.47239264845848083,0.8884615302085876,0.09923076629638672
YNR032C-A,YCL075W,0,-6.1007633,0.4720708429813385,0.8884615302085876,0.09935897588729858
YDL175C,YHR169W,0,-6.1008034,0.471749484539032,0.8884615302085876,0.09948717802762985
YIL042C,YFR029W,0,-6.103676,0.4714285731315613,0.8884615302085876,0.09961538761854172
YPL060W,YPR158W-B,0,-6.1044636,0.471108078956604,0.8884615302085876,0.09974358975887299
YJL021C,YLR354C,0,-6.105015,0.47078803181648254,0.8884615302085876,0.09987179189920425
YGL099W,YPR158W-A,0,-6.1051397,0.4704684317111969,0.8884615302085876,0.10000000149011612
YDR320C-A,YKR035W-A,0,-6.1065426,0.4701492488384247,0.8884615302085876,0.10012820363044739
YBR048W,YER137C-A,0,-6.10658,0.4698305130004883,0.8884615302085876,0.10025641322135925
YOR207C,YDR316W-B,0,-6.1075363,0.4695121943950653,0.8884615302085876,0.10038461536169052
YLL001W,YOR122C,0,-6.108241,0.46919432282447815,0.8884615302085876,0.10051281750202179
YOL089C,YOL044W,0,-6.108515,0.4688768684864044,0.8884615302085876,0.10064102709293365
YLR274W,YHL009W-B,0,-6.109068,0.4685598313808441,0.8884615302085876,0.10076922923326492
YOR194C,YDR316W-B,0,-6.109248,0.46824324131011963,0.8884615302085876,0.10089743882417679
YHR169W,YMR241W,0,-6.109784,0.46792706847190857,0.8884615302085876,0.10102564096450806
YCL012W,YGR276C,0,-6.1100817,0.4676113426685333,0.8884615302085876,0.10115384310483932
YFL035C-A,YLR467W,0,-6.1105566,0.4672960340976715,0.8884615302085876,0.10128205269575119
YJL048C,YMR050C,0,-6.111718,0.4669811427593231,0.8884615302085876,0.10141025483608246
YDL212W,YBR175W,0,-6.112671,0.46666666865348816,0.8884615302085876,0.10153846442699432
YGR007W,YPR158W-B,0,-6.112672,0.4663526117801666,0.8884615302085876,0.10166666656732559
YLR435W,YOL028C,0,-6.113658,0.4660390019416809,0.8884615302085876,0.10179486870765686
YEL024W,YFL002W-A,0,-6.114025,0.4657258093357086,0.8884615302085876,0.10192307829856873
YGR036C,YFR024C,0,-6.114105,0.46541303396224976,0.8884615302085876,0.1020512804389
YLR391W-A,YHR193C,0,-6.115698,0.4651006758213043,0.8884615302085876,0.10217949002981186
YPR140W,YDR316W-A,0,-6.115736,0.4647887349128723,0.8884615302085876,0.10230769217014313
YJR091C,YNL003C,0,-6.1158485,0.46447721123695374,0.8884615302085876,0.1024358943104744
YPR191W,YDR098C-A,0,-6.1159163,0.4641661047935486,0.8884615302085876,0.10256410390138626
YJL106W,YNL093W,0,-6.1162014,0.46385541558265686,0.8884615302085876,0.10269230604171753
YGR179C,YDR261W-A,0,-6.116456,0.46354514360427856,0.8884615302085876,0.1028205156326294
YHR190W,YPR155C,0,-6.1168327,0.4632352888584137,0.8884615302085876,0.10294871777296066
YOL086C,YOR320C,0,-6.1178885,0.46292585134506226,0.8884615302085876,0.10307691991329193
YLR154C,YDR034C-D,0,-6.1182337,0.46261683106422424,0.8884615302085876,0.1032051295042038
YOR221C,YDR432W,0,-6.1182556,0.46230819821357727,0.8884615302085876,0.10333333164453506
YLR147C,YNL310C,0,-6.119239,0.4620000123977661,0.8884615302085876,0.10346154123544693
YJL125C,YCR037C,0,-6.119609,0.461692214012146,0.8884615302085876,0.1035897433757782
YLR103C,YPL212C,0,-6.1197557,0.4613848328590393,0.8884615302085876,0.10371794551610947
YFL024C,YKL075C,0,-6.1199884,0.46107783913612366,0.8884615302085876,0.10384615510702133
YGL046W,YOR212W,0,-6.1204453,0.46077126264572144,0.8884615302085876,0.1039743572473526
YJL156C,YPL087W,0,-6.1204863,0.46046510338783264,0.8884615302085876,0.10410256683826447
YER177W,YNL241C,0,-6.121977,0.4601593613624573,0.8884615302085876,0.10423076897859573
YPL212C,YGR054W,0,-6.122135,0.45985400676727295,0.8884615302085876,0.104358971118927
YER154W,YOR305W,0,-6.1221876,0.45954906940460205,0.8884615302085876,0.10448718070983887
YPR102C,YPL193W,1,-6.122739,0.4599072337150574,0.8897435665130615,0.10448718070983887
YKL053C-A,YLR035C-A,0,-6.123165,0.4596026539802551,0.8897435665130615,0.10461538285017014
YDR189W,YPR139C,0,-6.1231747,0.4592984914779663,0.8897435665130615,0.104743592441082
YJL041W,YGR080W,0,-6.123227,0.45899471640586853,0.8897435665130615,0.10487179458141327
YLR259C,YOL060C,0,-6.1233397,0.4586913287639618,0.8897435665130615,0.10499999672174454
YBR087W,YLR447C,0,-6.124467,0.45838838815689087,0.8897435665130615,0.1051282063126564
YCL043C,YFR050C,0,-6.124611,0.4580858051776886,0.8897435665130615,0.10525640845298767
YBL042C,YDR450W,0,-6.125516,0.45778363943099976,0.8897435665130615,0.10538461804389954
YLR066W,YLR426W,0,-6.126112,0.45748186111450195,0.8897435665130615,0.1055128201842308
YKR014C,YGR161C-D,0,-6.1273203,0.4571805000305176,0.8897435665130615,0.10564102232456207
YBR240C,YLR410W-A,0,-6.1278934,0.45687952637672424,0.8897435665130615,0.10576923191547394
YOL011W,YGR109W-A,0,-6.128275,0.45657894015312195,0.8897435665130615,0.1058974340558052
YPR103W,YDR034C-D,0,-6.1287527,0.4562787711620331,0.8897435665130615,0.10602564364671707
YOL011W,YJL114W,0,-6.128973,0.45597898960113525,0.8897435665130615,0.10615384578704834
YDR205W,YHR075C,0,-6.1294317,0.4556795656681061,0.8897435665130615,0.10628204792737961
YPR065W,YPR158W-B,0,-6.1297083,0.4553805887699127,0.8897435665130615,0.10641025751829147
YNL126W,YPR158W-B,0,-6.1299,0.455081969499588,0.8897435665130615,0.10653845965862274
YGL019W,YGL005C,0,-6.130398,0.45478373765945435,0.8897435665130615,0.1066666692495346
YDR188W,YCL062W,0,-6.132248,0.4544859230518341,0.8897435665130615,0.10679487138986588
YLR028C,YCR061W,0,-6.1324368,0.4541884958744049,0.8897435665130615,0.10692307353019714
YDL145C,YER108C,0,-6.13245,0.45389142632484436,0.8897435665130615,0.10705128312110901
YDR384C,YBL100W-B,0,-6.1325474,0.45359477400779724,0.8897435665130615,0.10717948526144028
YDR507C,YGL201C,0,-6.1330566,0.45329850912094116,0.8897435665130615,0.10730769485235214
YER051W,YDR316W-A,0,-6.1331472,0.45300260186195374,0.8897435665130615,0.10743589699268341
YNL259C,YNL046W,0,-6.133252,0.45270711183547974,0.8897435665130615,0.10756409913301468
YDL165W,YGR056W,0,-6.134861,0.4524120092391968,0.8897435665130615,0.10769230872392654
YHL007C,YOR192C-A,0,-6.135249,0.45211726427078247,0.8897435665130615,0.10782051086425781
YER108C,YOR356W,0,-6.1360016,0.4518229067325592,0.8897435665130615,0.10794872045516968
YFR014C,YKL200C,0,-6.13669,0.45152896642684937,0.8897435665130615,0.10807692259550095
YGL112C,YOL125W,0,-6.137086,0.4512353837490082,0.8897435665130615,0.10820512473583221
YLR391W-A,YLR067C,0,-6.1383076,0.45094215869903564,0.8897435665130615,0.10833333432674408
YML004C,YGR038C-B,0,-6.1383533,0.45064935088157654,0.8897435665130615,0.10846153646707535
YOR315W,YDR098C-A,0,-6.138401,0.4503569006919861,0.8897435665130615,0.10858974605798721
YJL095W,YBL035C,0,-6.138441,0.45006483793258667,0.8897435665130615,0.10871794819831848
YEL053C,YKR042W,0,-6.1385937,0.4497731626033783,0.8897435665130615,0.10884615033864975
YFR014C,YPR158W-B,0,-6.1386404,0.44948187470436096,0.8897435665130615,0.10897435992956161
YLR304C,YEL013W,0,-6.139202,0.4491909444332123,0.8897435665130615,0.10910256206989288
YMR089C,YOL103W-A,0,-6.140216,0.44890040159225464,0.8897435665130615,0.10923077166080475
YPR111W,YPL196W,0,-6.1410313,0.44861021637916565,0.8897435665130615,0.10935897380113602
YGR157W,YPL179W,0,-6.1432037,0.4483204185962677,0.8897435665130615,0.10948717594146729
YGR254W,YOR192C-A,0,-6.1432734,0.4480309784412384,0.8897435665130615,0.10961538553237915
YLL019C,YDR210W-B,0,-6.1452312,0.44774192571640015,0.8897435665130615,0.10974358767271042
YER107C,YDR365W-A,0,-6.1458044,0.44745326042175293,0.8897435665130615,0.10987179726362228
YDR420W,YER137C-A,0,-6.146043,0.44716495275497437,0.8897435665130615,0.10999999940395355
YCR091W,YFR024C,0,-6.146126,0.44687700271606445,0.8897435665130615,0.11012820154428482
YNL227C,YLR075W,1,-6.1464653,0.4472329616546631,0.8910256624221802,0.11012820154428482
YAR042W,YGR111W,0,-6.1478615,0.44694533944129944,0.8910256624221802,0.11025641113519669
YGL092W,YDR365W-A,0,-6.1484985,0.44665810465812683,0.8910256624221802,0.11038461327552795
YDL116W,YBL093C,0,-6.1506414,0.4463712275028229,0.8910256624221802,0.11051282286643982
YIL150C,YCR028C-A,0,-6.150836,0.44608473777770996,0.8910256624221802,0.11064102500677109
YGL150C,YBR240C,0,-6.151572,0.4457985758781433,0.8910256624221802,0.11076922714710236
YNL201C,YDR365W-A,0,-6.152005,0.4455128312110901,0.8910256624221802,0.11089743673801422
YMR301C,YCL062W,0,-6.152093,0.44522741436958313,0.8910256624221802,0.11102563887834549
YHR190W,YGR193C,0,-6.152178,0.4449423849582672,0.8910256624221802,0.11115384846925735
YLR189C,YLR368W,0,-6.1522446,0.44465771317481995,0.8910256624221802,0.11128205060958862
YDR126W,YDR170W-A,0,-6.1523094,0.44437339901924133,0.8910256624221802,0.11141025274991989
YML078W,YBR118W,0,-6.152524,0.44408944249153137,0.8910256624221802,0.11153846234083176
YKL052C,YGL210W-A,0,-6.153474,0.44380587339401245,0.8910256624221802,0.11166666448116302
YDL178W,YBR079C,0,-6.15351,0.4435226619243622,0.8910256624221802,0.11179487407207489
YPR201W,YDR098C-B,0,-6.153862,0.44323980808258057,0.8910256624221802,0.11192307621240616
YOR160W,YGL167C,0,-6.1541023,0.4429573118686676,0.8910256624221802,0.11205127835273743
YMR044W,YCR080W,0,-6.154333,0.4426751732826233,0.8910256624221802,0.11217948794364929
YLR102C,YNR007C,0,-6.154484,0.44239339232444763,0.8910256624221802,0.11230769008398056
YGR288W,YFL049W,0,-6.155137,0.4421119689941406,0.8910256624221802,0.11243589967489243
YKL204W,YDR210C-D,0,-6.1553574,0.44183090329170227,0.8910256624221802,0.1125641018152237
YCL062W,YLR467W,0,-6.155363,0.44155019521713257,0.8910256624221802,0.11269231140613556
YDL077C,YCR062W,0,-6.156067,0.4412698447704315,0.8910256624221802,0.11282051354646683
YBR257W,YML105C,0,-6.1561623,0.4409898519515991,0.8910256624221802,0.1129487156867981
YPL195W,YDR365W-A,0,-6.1569567,0.4407102167606354,0.8910256624221802,0.11307692527770996
YNL016W,YPL257W-B,0,-6.1576786,0.4404309391975403,0.8910256624221802,0.11320512741804123
YLR051C,YFR024C,0,-6.1577473,0.44015198945999146,0.8910256624221802,0.1133333370089531
YJR082C,YDL244W,0,-6.1579466,0.43987342715263367,0.8910256624221802,0.11346153914928436
YDR409W,YAR042W,0,-6.158223,0.43959519267082214,0.8910256624221802,0.11358974128961563
YNL159C,YOR290C,0,-6.1585026,0.4393173158168793,0.8910256624221802,0.1137179508805275
YLR193C,YLR301W,0,-6.158557,0.43903979659080505,0.8910256624221802,0.11384615302085876
YGL200C,YDR261W-A,0,-6.158968,0.4387626349925995,0.8910256624221802,0.11397436261177063
YGR275W,YPL237W,0,-6.159499,0.4384858012199402,0.8910256624221802,0.1141025647521019
YJR135W-A,YOR343W-B,0,-6.159689,0.43820932507514954,0.8910256624221802,0.11423076689243317
YEL018W,YLR048W,0,-6.159837,0.43793320655822754,0.8910256624221802,0.11435897648334503
YJL074C,YNL284C-B,0,-6.160205,0.4376574158668518,0.8910256624221802,0.1144871786236763
YPL094C,YPR137C-A,0,-6.160308,0.4373820126056671,0.8910256624221802,0.11461538821458817
YCR066W,YLR312C-B,0,-6.16144,0.4371069073677063,0.8910256624221802,0.11474359035491943
YCR094W,YLR167W,0,-6.161545,0.4368321895599365,0.8910256624221802,0.1148717924952507
YBL055C,YHR020W,0,-6.161927,0.436557799577713,0.8910256624221802,0.11500000208616257
YNL085W,YHL009W-B,0,-6.163145,0.43628373742103577,0.8910256624221802,0.11512820422649384
YAL034W-A,YDR034C-D,0,-6.1634026,0.4360100328922272,0.8910256624221802,0.1152564138174057
YBR156C,YLR410W-A,0,-6.164073,0.43573668599128723,0.8910256624221802,0.11538461595773697
YGR276C,YLR321C,0,-6.1644163,0.43546366691589355,0.8910256624221802,0.11551281809806824
YAL054C,YDR079W,0,-6.1648493,0.43519097566604614,0.8910256624221802,0.1156410276889801
YOL112W,YLR157C-B,0,-6.1664963,0.4349186420440674,0.8910256624221802,0.11576922982931137
YIR013C,YFL035C,0,-6.166747,0.4346466660499573,0.8910256624221802,0.11589743942022324
YJR066W,YGR027W-B,0,-6.1672707,0.43437498807907104,0.8910256624221802,0.1160256415605545
YDR259C,YDL038C,0,-6.167633,0.43410369753837585,0.8910256624221802,0.11615384370088577
YNL079C,YGR272C,0,-6.1677265,0.43383270502090454,0.8910256624221802,0.11628205329179764
YKR066C,YFL002W-A,0,-6.1680355,0.4335620701313019,0.8910256624221802,0.1164102554321289
YPL218W,YDL235C,0,-6.168948,0.4332917630672455,0.8910256624221802,0.11653846502304077
YDR394W,YPR158C-D,0,-6.169076,0.43302181363105774,0.8910256624221802,0.11666666716337204
YHR005C,YPL233W,0,-6.1701326,0.43275219202041626,0.8910256624221802,0.11679486930370331
YPL228W,YDR316W-A,0,-6.170932,0.43248289823532104,0.8910256624221802,0.11692307889461517
YER178W,YPR158W-B,0,-6.171138,0.4322139322757721,0.8910256624221802,0.11705128103494644
YER030W,YJL072C,0,-6.171915,0.4319452941417694,0.8910256624221802,0.1171794906258583
YLR215C,YLR008C,0,-6.1723337,0.4316770136356354,0.8910256624221802,0.11730769276618958
YOR210W,YLL021W,0,-6.1733427,0.4314090609550476,0.8910256624221802,0.11743589490652084
YHR006W,YGR109W-A,0,-6.1742325,0.4311414361000061,0.8910256624221802,0.11756410449743271
YGL019W,YOR356W,0,-6.1743097,0.43087413907051086,0.8910256624221802,0.11769230663776398
YJR078W,YDL170W,0,-6.176194,0.4306071996688843,0.8910256624221802,0.11782051622867584
YHR015W,YDR098C-A,0,-6.176244,0.43034055829048157,0.8910256624221802,0.11794871836900711
YIL017C,YER024W,0,-6.1770697,0.4300742447376251,0.8910256624221802,0.11807692050933838
YLL050C,YDR296W,0,-6.177187,0.42980828881263733,0.8910256624221802,0.11820513010025024
YBL015W,YFR047C,0,-6.1777544,0.4295426309108734,0.8910256624221802,0.11833333224058151
YNL188W,YPR158W-A,0,-6.178152,0.42927733063697815,0.8910256624221802,0.11846154183149338
YMR113W,YOR110W,0,-6.1802034,0.42901235818862915,0.8910256624221802,0.11858974397182465
YFR004W,YPR055W,0,-6.1802387,0.42874768376350403,0.8910256624221802,0.11871794611215591
YBR257W,YOR343W-A,0,-6.180624,0.42848336696624756,0.8910256624221802,0.11884615570306778
YGR036C,YER180C-A,0,-6.1806955,0.42821934819221497,0.8910256624221802,0.11897435784339905
YGL133W,YGR161C-C,0,-6.1811876,0.42795565724372864,0.8910256624221802,0.11910256743431091
YDL004W,YCL003W,0,-6.1820135,0.4276922941207886,0.8910256624221802,0.11923076957464218
YER143W,YCR102C,0,-6.1821165,0.42742928862571716,0.8910256624221802,0.11935897171497345
YLR259C,YDR170W-A,0,-6.1825666,0.42716655135154724,0.8910256624221802,0.11948718130588531
YLR052W,YPL235W,0,-6.183058,0.42690417170524597,0.8910256624221802,0.11961538344621658
YPR051W,YER148W,0,-6.1830807,0.42664211988449097,0.8910256624221802,0.11974359303712845
YLR260W,YJL141C,0,-6.1840544,0.42638036608695984,0.8910256624221802,0.11987179517745972
YJL102W,YDL106C,0,-6.1840925,0.426118940114975,0.8910256624221802,0.11999999731779099
YGL065C,YBL103C,0,-6.184558,0.4258578419685364,0.8910256624221802,0.12012820690870285
YHR005C,YPR186C,0,-6.185334,0.42559707164764404,0.8910256624221802,0.12025640904903412
YGL106W,YHR070W,0,-6.185418,0.4253365993499756,0.8910256624221802,0.12038461863994598
YBR243C,YIL140W,0,-6.1859884,0.4250764548778534,0.8910256624221802,0.12051282078027725
YCR020C,YDR261C-C,0,-6.1865835,0.42481663823127747,0.8910256624221802,0.12064102292060852
YNR011C,YCR052W,0,-6.1869507,0.4245571196079254,0.8910256624221802,0.12076923251152039
YCR055C,YBR218C,0,-6.1881866,0.42429792881011963,0.8910256624221802,0.12089743465185165
YNR031C,YOR256C,0,-6.188689,0.4240390360355377,0.8910256624221802,0.12102564424276352
YBR110W,YER159C-A,0,-6.188734,0.42378050088882446,0.8910256624221802,0.12115384638309479
YPR033C,YBL071W-A,0,-6.189063,0.4235222339630127,0.8910256624221802,0.12128204852342606
YJL127C,YGR027W-B,0,-6.189822,0.4232643246650696,0.8910256624221802,0.12141025811433792
YKL134C,YNL167C,0,-6.1906757,0.42300668358802795,0.8910256624221802,0.12153846025466919
YNR075W,YGR038C-A,0,-6.1908836,0.422749400138855,0.8910256624221802,0.12166666984558105
YMR032W,YBR198C,0,-6.191865,0.4224924147129059,0.8910256624221802,0.12179487198591232
YMR035W,YLR312C-B,0,-6.1922855,0.42223572731018066,0.8910256624221802,0.12192307412624359
YOL090W,YOL031C,0,-6.192337,0.4219793677330017,0.8910256624221802,0.12205128371715546
YDL142C,YJL045W,0,-6.192622,0.42172330617904663,0.8910256624221802,0.12217948585748672
YPR140W,YJL139C,0,-6.194641,0.42146754264831543,0.8910256624221802,0.12230769544839859
YOL043C,YNL128W,0,-6.194689,0.4212121069431305,0.8910256624221802,0.12243589758872986
YLR268W,YDR261W-A,0,-6.1950254,0.4209569990634918,0.8910256624221802,0.12256409972906113
YDL235C,YGR109W-B,0,-6.1951847,0.420702189207077,0.8910256624221802,0.12269230931997299
YGL190C,YOR110W,0,-6.195567,0.4204476773738861,0.8910256624221802,0.12282051146030426
YIR017C,YGR161C-C,0,-6.1959543,0.42019346356391907,0.8910256624221802,0.12294872105121613
YIR002C,YDR027C,0,-6.195961,0.4199395775794983,0.8910256624221802,0.1230769231915474
YPL259C,YMR263W,0,-6.1960897,0.4196859896183014,0.8910256624221802,0.12320512533187866
YPR122W,YMR061W,0,-6.1967735,0.41943269968032837,0.8910256624221802,0.12333333492279053
YMR268C,YEL037C,0,-6.196864,0.4191797375679016,0.8910256624221802,0.1234615370631218
YOL021C,YER137C-A,0,-6.1973085,0.41892707347869873,0.8910256624221802,0.12358974665403366
YJR144W,YGR161C-C,0,-6.197467,0.4186747074127197,0.8910256624221802,0.12371794879436493
YFR024C,YPL171C,0,-6.1975756,0.4184226393699646,0.8910256624221802,0.1238461509346962
YJL061W,YLR035C-A,0,-6.197956,0.41817086935043335,0.8910256624221802,0.12397436052560806
YJR150C,YIL029C,0,-6.1985397,0.41791942715644836,0.8910256624221802,0.12410256266593933
YMR096W,YNL284C-B,0,-6.1991396,0.41766828298568726,0.8910256624221802,0.1242307722568512
YGR276C,YPL257W-B,0,-6.199273,0.41741740703582764,0.8910256624221802,0.12435897439718246
YLR015W,YOL021C,0,-6.199291,0.4171668589115143,0.8910256624221802,0.12448717653751373
YOR388C,YLR157C-B,0,-6.199724,0.4169166088104248,0.8910256624221802,0.1246153861284256
YHR001W,YOR018W,0,-6.2001266,0.4166666567325592,0.8910256624221802,0.12474358826875687
YML012W,YDR261W-B,0,-6.2001753,0.4164170026779175,0.8910256624221802,0.12487179785966873
YEL019C,YOR192C-A,0,-6.2015553,0.416167676448822,0.8910256624221802,0.125
YMR073C,YAL068C,0,-6.2017813,0.41591861844062805,0.8910256624221802,0.12512820959091187
YAL005C,YJR009C,0,-6.201871,0.41566985845565796,0.8910256624221802,0.12525640428066254
YIL131C,YFR024C,0,-6.201907,0.41542139649391174,0.8910256624221802,0.1253846138715744
YOR011W,YJR140C,0,-6.2019634,0.4151732325553894,0.8910256624221802,0.12551282346248627
YPR162C,YJL087C,0,-6.202401,0.41492536664009094,0.8910256624221802,0.12564103305339813
YJL209W,YOL097C,0,-6.202737,0.41467779874801636,0.8910256624221802,0.1257692277431488
YER151C,YPR137C-A,0,-6.203573,0.41443052887916565,0.8910256624221802,0.12589743733406067
YDR457W,YGR161C-D,0,-6.2037315,0.4141835570335388,0.8910256624221802,0.12602564692497253
YMR153W,YDR210C-C,0,-6.205405,0.4139368534088135,0.8910256624221802,0.1261538416147232
YPR108W,YCL074W,0,-6.2055407,0.4136904776096344,0.8910256624221802,0.12628205120563507
YDR160W,YLR410W-A,0,-6.205617,0.4134443700313568,0.8910256624221802,0.12641026079654694
YMR275C,YNL192W,0,-6.2056427,0.4131985604763031,0.8910256624221802,0.1265384554862976
YER133W,YPR158W-A,0,-6.2064133,0.41295304894447327,0.8910256624221802,0.12666666507720947
YLR362W,YDR170W-A,0,-6.2068653,0.4127078354358673,0.8910256624221802,0.12679487466812134
YMR298W,YCR062W,0,-6.2074795,0.41246291995048523,0.8910256624221802,0.1269230842590332
YPL249C,YKR089C,0,-6.2074842,0.41221827268600464,0.8910256624221802,0.12705127894878387
YCL062W,YDR002W,0,-6.2090445,0.4119739234447479,0.8910256624221802,0.12717948853969574
YML031W,YDR365W-A,0,-6.209135,0.4117298722267151,0.8910256624221802,0.1273076981306076
YFL033C,YGR109W-A,0,-6.209402,0.41148608922958374,0.8910256624221802,0.12743589282035828
YER015W,YIL073C,0,-6.2094316,0.41124260425567627,0.8910256624221802,0.12756410241127014
YKL013C,YKR035W-A,0,-6.2096853,0.4109994173049927,0.8910256624221802,0.127692312002182
YHR194W,YNL003C,0,-6.209692,0.41075649857521057,0.8910256624221802,0.12782050669193268
YML023C,YBL100W-B,0,-6.2102137,0.41051387786865234,0.8910256624221802,0.12794871628284454
YMR136W,YGL046W,0,-6.2112074,0.410271555185318,0.8910256624221802,0.1280769258737564
YIL035C,YBL093C,0,-6.2114525,0.41002950072288513,0.8910256624221802,0.12820513546466827
YMR004W,YOR018W,0,-6.211648,0.40978774428367615,0.8910256624221802,0.12833333015441895
YML057W,YCL010C,0,-6.2122383,0.40954625606536865,0.8910256624221802,0.1284615397453308
YNL064C,YDR261C-C,0,-6.212264,0.40930506587028503,0.8910256624221802,0.12858974933624268
YDR465C,YDR261W-B,0,-6.2124786,0.4090641438961029,0.8910256624221802,0.12871794402599335
YDR057W,YLR157C-B,0,-6.2129364,0.40882351994514465,0.8910256624221802,0.1288461536169052
YBL045C,YGR231C,0,-6.21439,0.4085831940174103,0.8910256624221802,0.12897436320781708
YDL013W,YKL138C-A,0,-6.2144423,0.4083431363105774,0.8910256624221802,0.12910255789756775
YPL195W,YNL307C,0,-6.2146654,0.408103346824646,0.8910256624221802,0.12923076748847961
YFR005C,YFL018W-A,0,-6.2148733,0.4078638553619385,0.8910256624221802,0.12935897707939148
YLR329W,YIL153W,0,-6.214917,0.40762463212013245,0.8910256624221802,0.12948718667030334
YGL229C,YJR102C,0,-6.215228,0.4073857069015503,0.8910256624221802,0.12961538136005402
YPL161C,YDR210W-A,0,-6.2154636,0.40714704990386963,0.8910256624221802,0.12974359095096588
YOR321W,YDR261W-A,0,-6.2155437,0.40690866112709045,0.8910256624221802,0.12987180054187775
YMR213W,YDR087C,0,-6.2155848,0.40667057037353516,0.8910256624221802,0.12999999523162842
YDR121W,YER137C-A,0,-6.215679,0.40643274784088135,0.8910256624221802,0.13012820482254028
YLR039C,YDR170W-A,0,-6.2160482,0.40619519352912903,0.8910256624221802,0.13025641441345215
YGR163W,YGR272C,0,-6.216338,0.4059579372406006,0.8910256624221802,0.13038460910320282
YFL018C,YDR098C-A,0,-6.2173996,0.40572094917297363,0.8910256624221802,0.13051281869411469
YPL195W,YPL164C,0,-6.21741,0.40548425912857056,0.8910256624221802,0.13064102828502655
YPR041W,YCL062W,0,-6.2174673,0.4052478075027466,0.8910256624221802,0.13076923787593842
YGL062W,YML091C,0,-6.2181845,0.4050116539001465,0.8910256624221802,0.1308974325656891
YBR023C,YLR435W,0,-6.218363,0.4047757685184479,0.8910256624221802,0.13102564215660095
YDL126C,YJR049C,0,-6.2183886,0.40454015135765076,0.8910256624221802,0.13115385174751282
YBL074C,YER159C-A,0,-6.219699,0.4043048322200775,0.8910256624221802,0.1312820464372635
YGR099W,YPR158W-A,0,-6.21986,0.40406978130340576,0.8910256624221802,0.13141025602817535
YDR288W,YNL097C,0,-6.2212257,0.4038349688053131,0.8910256624221802,0.13153846561908722
YFR002W,YDR210W-A,0,-6.2227373,0.40360045433044434,0.8910256624221802,0.1316666603088379
YMR037C,YKL126W,0,-6.2231236,0.40336620807647705,0.8910256624221802,0.13179486989974976
YPL228W,YER157W,0,-6.2234774,0.40313225984573364,0.8910256624221802,0.13192307949066162
YGL247W,YJL209W,0,-6.223692,0.40289855003356934,0.8910256624221802,0.1320512890815735
YBL015W,YNL334C,0,-6.2244234,0.4026651084423065,0.8910256624221802,0.13217948377132416
YCR088W,YDR434W,0,-6.225189,0.4024319648742676,0.8910256624221802,0.13230769336223602
YBR102C,YHR214C-C,0,-6.225255,0.40219905972480774,0.8910256624221802,0.1324359029531479
YDR043C,YGR161C-C,0,-6.2253428,0.4019664525985718,0.8910256624221802,0.13256409764289856
YPL082C,YBR275C,0,-6.2255945,0.4017341136932373,0.8910256624221802,0.13269230723381042
YNR060W,YFR024C,0,-6.226264,0.40150201320648193,0.8910256624221802,0.1328205168247223
YNL314W,YMR293C,0,-6.226491,0.40127021074295044,0.8910256624221802,0.13294871151447296
YBR188C,YOR192C-A,0,-6.2270937,0.40103864669799805,0.8910256624221802,0.13307692110538483
YNL331C,YDR210C-C,0,-6.2271366,0.40080738067626953,0.8910256624221802,0.1332051306962967
YAR018C,YPR137C-A,0,-6.227544,0.4005763828754425,0.8910256624221802,0.13333334028720856
YDR320C-A,YML058W-A,0,-6.229254,0.4003456234931946,0.8910256624221802,0.13346153497695923
YJR083C,YDR034C-D,0,-6.2294493,0.40011513233184814,0.8910256624221802,0.1335897445678711
YJL021C,YGR033C,0,-6.22956,0.3998849391937256,0.8910256624221802,0.13371795415878296
YIL140W,YDR261C-C,0,-6.2298384,0.39965498447418213,0.8910256624221802,0.13384614884853363
YDL105W,YML010W,0,-6.2307463,0.39942529797554016,0.8910256624221802,0.1339743584394455
YCR024C-A,YPL060C-A,0,-6.231207,0.3991958498954773,0.8910256624221802,0.13410256803035736
YIL098C,YNL274C,0,-6.23133,0.3989666998386383,0.8910256624221802,0.13423076272010803
YOL133W,YPR158W-B,0,-6.231436,0.3987378180027008,0.8910256624221802,0.1343589723110199
YLR005W,YNL284C-B,0,-6.232212,0.3985091745853424,0.8910256624221802,0.13448718190193176
YOL006C,YHR070W,0,-6.2326117,0.3982807993888855,0.8910256624221802,0.13461539149284363
YFL009W,YER159C-A,0,-6.232626,0.3980526924133301,0.8910256624221802,0.1347435861825943
YBL006C,YGR181W,0,-6.233016,0.39782485365867615,0.8910256624221802,0.13487179577350616
YJR069C,YNL021W,0,-6.2332926,0.3975972533226013,0.8910256624221802,0.13500000536441803
YGR279C,YMR050C,0,-6.233449,0.397369921207428,0.8910256624221802,0.1351282000541687
YML094W,YPR094W,0,-6.233698,0.39714285731315613,0.8910256624221802,0.13525640964508057
YMR032W,YOR301W,0,-6.2339983,0.39691606163978577,0.8910256624221802,0.13538461923599243
YAL068C,YJR103W,0,-6.234294,0.3966895043849945,0.8910256624221802,0.1355128139257431
YBR254C,YGR109W-B,0,-6.234908,0.39646321535110474,0.8910256624221802,0.13564102351665497
YPR036W,YMR134W,0,-6.2350082,0.39623716473579407,0.8910256624221802,0.13576923310756683
YPL078C,YNL009W,0,-6.235012,0.3960113823413849,0.8910256624221802,0.1358974426984787
YGR140W,YDR316W-A,0,-6.2352533,0.3957858681678772,0.8910256624221802,0.13602563738822937
YGL122C,YHR079C-B,0,-6.236106,0.395560622215271,0.8910256624221802,0.13615384697914124
YER040W,YNR047W,0,-6.236596,0.3953356146812439,0.8910256624221802,0.1362820565700531
YLR048W,YGR161C-C,0,-6.237499,0.3951108455657959,0.8910256624221802,0.13641025125980377
YKL146W,YGL190C,0,-6.2376337,0.3948863744735718,0.8910256624221802,0.13653846085071564
YBR102C,YPR158W-A,0,-6.2376337,0.39466211199760437,0.8910256624221802,0.1366666704416275
YGL049C,YER137C-A,0,-6.2380524,0.39443814754486084,0.8910256624221802,0.13679486513137817
YLR182W,YFL002W-A,0,-6.238433,0.3942144215106964,0.8910256624221802,0.13692307472229004
YOR244W,YDR210C-C,0,-6.2388496,0.3939909338951111,0.8910256624221802,0.1370512843132019
YFR024C,YMR236W,0,-6.2393827,0.39376771450042725,0.8910256624221802,0.13717949390411377
YFL035C-A,YML045W,0,-6.2395325,0.3935447335243225,0.8910256624221802,0.13730768859386444
YNL073W,YDR210W-C,0,-6.2395325,0.39332202076911926,0.8910256624221802,0.1374358981847763
YFR024C,YLR157C-B,0,-6.2395325,0.3930995464324951,0.8910256624221802,0.13756410777568817
YIL135C,YPR036W-A,0,-6.2395325,0.39287734031677246,0.8910256624221802,0.13769230246543884
YEL016C,YLR157C-A,0,-6.2395325,0.3926553726196289,0.8910256624221802,0.1378205120563507
YCR062W,YGR109W-A,0,-6.2395325,0.39243364334106445,0.8910256624221802,0.13794872164726257
YFL035C-A,YMR087W,0,-6.2395325,0.3922121822834015,0.8910256624221802,0.13807691633701324
YLR039C,YOR343C-B,0,-6.2395325,0.39199098944664,0.8910256624221802,0.1382051259279251
YMR220W,YLR157C-A,0,-6.2395325,0.39177000522613525,0.8910256624221802,0.13833333551883698
YGR133W,YLR157C-A,0,-6.2395325,0.391549289226532,0.8910256624221802,0.13846154510974884
YLR014C,YBL101W-B,0,-6.2395325,0.3913288414478302,0.8910256624221802,0.1385897397994995
YFL037W,YDR210W-C,0,-6.2395325,0.39110860228538513,0.8910256624221802,0.13871794939041138
YBL101W-B,YGR054W,0,-6.2395325,0.39088863134384155,0.8910256624221802,0.13884615898132324
YOR031W,YBL101W-A,0,-6.2395325,0.39066892862319946,0.8910256624221802,0.1389743536710739
YFR050C,YDR210W-D,0,-6.2395325,0.3904494345188141,0.8910256624221802,0.13910256326198578
YPR143W,YDR210W-C,0,-6.2395325,0.3902302086353302,0.8910256624221802,0.13923077285289764
YDR453C,YLR157C-A,0,-6.2395325,0.3900112211704254,0.8910256624221802,0.13935896754264832
YCR081W,YBL101W-B,0,-6.2395325,0.38979247212409973,0.8910256624221802,0.13948717713356018
YER001W,YOR343C-A,0,-6.2395325,0.38957399129867554,0.8910256624221802,0.13961538672447205
YDR481C,YDR210W-D,0,-6.2395325,0.38935574889183044,0.8910256624221802,0.1397435963153839
YMR093W,YLR157C-A,0,-6.2395325,0.38913774490356445,0.8910256624221802,0.13987179100513458
YJL018W,YJL114W,0,-6.2395325,0.38891997933387756,0.8910256624221802,0.14000000059604645
YOL044W,YDR210C-D,0,-6.2395325,0.3887024521827698,0.8910256624221802,0.1401282101869583
YGR192C,YPR036W-A,0,-6.2395325,0.3884851932525635,0.8910256624221802,0.14025640487670898
YER183C,YDR014W-A,0,-6.2395325,0.3882681429386139,0.8910256624221802,0.14038461446762085
YGR116W,YGR161C-D,0,-6.2395325,0.3880513608455658,0.8910256624221802,0.14051282405853271
YPR034W,YOR343C-B,0,-6.2395325,0.3878348171710968,0.8910256624221802,0.1406410187482834
YDR014W-A,YOR160W,0,-6.2395325,0.3876185119152069,0.8910256624221802,0.14076922833919525
YKL138C-A,YMR134W,0,-6.2395325,0.3874024450778961,0.8910256624221802,0.14089743793010712
YNL286W,YLR157C-A,0,-6.2395325,0.38718661665916443,0.8910256624221802,0.14102564752101898
YER179W,YOR343C-A,0,-6.2395325,0.38697105646133423,0.8910256624221802,0.14115384221076965
YML001W,YOR343C-B,0,-6.2395325,0.38675570487976074,0.8910256624221802,0.14128205180168152
YGR281W,YDR316W-A,0,-6.2395325,0.38654059171676636,0.8910256624221802,0.14141026139259338
YNR017W,YBL101W-B,0,-6.2395325,0.38632574677467346,0.8910256624221802,0.14153845608234406
YDR167W,YPR036W-A,0,-6.2395325,0.3861111104488373,0.8910256624221802,0.14166666567325592
YKL200C,YER159C-A,0,-6.2395325,0.3858967125415802,0.8910256624221802,0.14179487526416779
YHR021C,YBL101W-B,0,-6.2395325,0.3856825828552246,0.8910256624221802,0.14192306995391846
YCR062W,YDR034C-C,0,-6.2395325,0.38546866178512573,0.8910256624221802,0.14205127954483032
YDL038C,YDR210W-B,0,-6.2395325,0.38525497913360596,0.8910256624221802,0.1421794891357422
YBR089C-A,YHL009W-A,0,-6.2395325,0.38504156470298767,0.8910256624221802,0.14230769872665405
YDR014W-A,YDR450W,0,-6.2395325,0.3848283588886261,0.8910256624221802,0.14243589341640472
YDR014W-A,YJL134W,0,-6.2395325,0.38461539149284363,0.8910256624221802,0.1425641030073166
YGR170W,YOR343C-A,0,-6.2395325,0.38440266251564026,0.8910256624221802,0.14269231259822845
YDR432W,YOR343C-A,0,-6.2395325,0.384190171957016,0.8910256624221802,0.14282050728797913
YBR091C,YDR210W-D,0,-6.2395325,0.38397789001464844,0.8910256624221802,0.142948716878891
YIL167W,YDR034C-D,0,-6.2395325,0.3837658762931824,0.8910256624221802,0.14307692646980286
YNR019W,YDR014W-A,0,-6.2395325,0.383554071187973,0.8910256624221802,0.14320512115955353
YCL044C,YHL009W-A,0,-6.2395325,0.38334253430366516,0.8910256624221802,0.1433333307504654
YDR308C,YDR210W-D,0,-6.2395325,0.383131206035614,0.8910256624221802,0.14346154034137726
YPL060W,YHL009W-A,0,-6.2395325,0.38292011618614197,0.8910256624221802,0.14358974993228912
YDR014W-A,YLR264W,0,-6.2395325,0.382709264755249,0.8910256624221802,0.1437179446220398
YJR131W,YDR210W-D,0,-6.2395325,0.3824986219406128,0.8910256624221802,0.14384615421295166
YJR050W,YOR343C-B,0,-6.2395325,0.38228821754455566,0.8910256624221802,0.14397436380386353
YOR088W,YER138C,0,-6.2395325,0.38207805156707764,0.8910256624221802,0.1441025584936142
YDR217C,YBL101W-A,0,-6.2395325,0.3818681240081787,0.8910256624221802,0.14423076808452606
YHR056C,YDR210W-D,0,-6.2395325,0.3816584348678589,0.8910256624221802,0.14435897767543793
YDR043C,YPR036W-A,0,-6.2395325,0.3814489543437958,0.8910256624221802,0.1444871723651886
YKL192C,YOR343C-B,0,-6.2395325,0.38123971223831177,0.8910256624221802,0.14461538195610046
YPR178W,YDR210W-C,0,-6.2395325,0.38103070855140686,0.8910256624221802,0.14474359154701233
YAL017W,YHL009W-A,0,-6.2395325,0.38082191348075867,0.8910256624221802,0.1448718011379242
YGL062W,YPR036W-A,0,-6.2395325,0.3806133568286896,0.8910256624221802,0.14499999582767487
YBL035C,YBL101W-A,0,-6.2395325,0.3804050385951996,0.8910256624221802,0.14512820541858673
YDL100C,YHL009W-A,0,-6.2395325,0.3801969289779663,0.8910256624221802,0.1452564150094986
YOR319W,YPR036W-A,0,-6.2395325,0.37998905777931213,0.8910256624221802,0.14538460969924927
YDR422C,YPR036W-A,0,-6.2395325,0.37978142499923706,0.8910256624221802,0.14551281929016113
YPL177C,YOR343C-B,0,-6.2395325,0.3795740008354187,0.8910256624221802,0.145641028881073
YCL004W,YOR343C-B,0,-6.2395325,0.37936681509017944,0.8910256624221802,0.14576922357082367
YFR024C,YOR338W,0,-6.2395325,0.3791598379611969,0.8910256624221802,0.14589743316173553
YJR126C,YDR210W-C,0,-6.2395325,0.37895309925079346,0.8910256624221802,0.1460256427526474
YGR152C,YML045W-A,0,-6.2395325,0.3787465989589691,0.8910256624221802,0.14615385234355927
YNR059W,YGR109W-A,0,-6.2395325,0.3785403072834015,0.8910256624221802,0.14628204703330994
YGR272C,YHL009W-A,0,-6.2395325,0.37833425402641296,0.8910256624221802,0.1464102566242218
YDR339C,YLR157C-A,0,-6.2395325,0.37812840938568115,0.8910256624221802,0.14653846621513367
YLR319C,YDR014W-A,0,-6.2395325,0.37792277336120605,0.8910256624221802,0.14666666090488434
YNL169C,YPR036W-A,0,-6.2395325,0.37771740555763245,0.8910256624221802,0.1467948704957962
YPL240C,YGR013W,0,-6.239582,0.37751221656799316,0.8910256624221802,0.14692308008670807
YLR418C,YDR210W-A,0,-6.2400694,0.377307265996933,0.8910256624221802,0.14705127477645874
YEL002C,YLR256W-A,0,-6.240203,0.3771025538444519,0.8910256624221802,0.1471794843673706
YNL327W,YBR283C,0,-6.240238,0.37689805030822754,0.8910256624221802,0.14730769395828247
YDR353W,YFL002W-A,0,-6.241152,0.3766937553882599,0.8910256624221802,0.14743590354919434
YLR007W,YPR137C-B,0,-6.2414465,0.37648969888687134,0.8910256624221802,0.147564098238945
YDR261W-B,YIL080W,0,-6.241482,0.3762858808040619,0.8910256624221802,0.14769230782985687
YPL001W,YHR060W,0,-6.242568,0.37608224153518677,0.8910256624221802,0.14782051742076874
YDR069C,YKL026C,0,-6.2426558,0.37587884068489075,0.8910256624221802,0.1479487121105194
YDL220C,YDR210W-A,0,-6.2428856,0.37567567825317383,0.8910256624221802,0.14807692170143127
YDL079C,YBR090C-A,0,-6.243286,0.3754727244377136,0.8910256624221802,0.14820513129234314
YMR231W,YJL089W,0,-6.243822,0.37526997923851013,0.8910256624221802,0.1483333259820938
YNL094W,YDR098C-B,0,-6.2439327,0.37506747245788574,0.8910256624221802,0.14846153557300568
YGL112C,YBR030W,0,-6.2442007,0.3748651444911957,0.8910256624221802,0.14858974516391754
YBR042C,YJR150C,0,-6.244385,0.3746630847454071,0.8910256624221802,0.1487179547548294
YBR218C,YGR038C-B,0,-6.244478,0.37446120381355286,0.8910256624221802,0.14884614944458008
YCL012W,YDR218C,0,-6.2450914,0.3742595613002777,0.8910256624221802,0.14897435903549194
YNL267W,YHR206W,0,-6.245385,0.3740581274032593,0.8910256624221802,0.1491025686264038
YLR360W,YGR161W-B,0,-6.2459345,0.37385690212249756,0.8910256624221802,0.14923076331615448
YDR320C-A,YKL088W,0,-6.2461376,0.37365591526031494,0.8910256624221802,0.14935897290706635
YGR037C,YDR210W-A,0,-6.246464,0.37345513701438904,0.8910256624221802,0.1494871824979782
YBR171W,YDR365W-A,0,-6.246622,0.37325456738471985,0.8910256624221802,0.14961537718772888
YPR131C,YGL213C,0,-6.2467813,0.3730542063713074,0.8910256624221802,0.14974358677864075
YPL231W,YPL126W,0,-6.2468567,0.372854083776474,0.8910256624221802,0.1498717963695526
YNL262W,YNL304W,0,-6.247549,0.37265416979789734,0.8910256624221802,0.15000000596046448
YHR188C,YNL284C-B,0,-6.24792,0.372454434633255,0.8910256624221802,0.15012820065021515
YKL034W,YAR010C,0,-6.2486706,0.37225496768951416,0.8910256624221802,0.15025641024112701
YDL040C,YGR161W-A,0,-6.2492905,0.37205567955970764,0.8910256624221802,0.15038461983203888
YBR040W,YLR312C-B,0,-6.2497406,0.37185660004615784,0.8910256624221802,0.15051281452178955
YDL118W,YHR138C,0,-6.249934,0.37165775895118713,0.8910256624221802,0.15064102411270142
YBR132C,YCR102C,0,-6.250576,0.37145912647247314,0.8910256624221802,0.15076923370361328
YER116C,YAR010C,0,-6.2505894,0.3712606728076935,0.8910256624221802,0.15089744329452515
YPL051W,YMR039C,0,-6.25103,0.3710624575614929,0.8910256624221802,0.15102563798427582
YDR177W,YPL139C,0,-6.2513237,0.3708644509315491,0.8910256624221802,0.15115384757518768
YBR024W,YPR137C-A,0,-6.251361,0.37066665291786194,0.8910256624221802,0.15128205716609955
YLR134W,YPL257W-A,0,-6.2514467,0.3704690933227539,0.8910256624221802,0.15141025185585022
YFR048W,YER123W,0,-6.2517414,0.3702717125415802,0.8910256624221802,0.15153846144676208
YPL026C,YPL276W,0,-6.25175,0.3700745403766632,0.8910256624221802,0.15166667103767395
YLR260W,YDR261W-B,0,-6.252469,0.3698776066303253,0.8910256624221802,0.15179486572742462
YML127W,YDR210W-A,0,-6.2533207,0.36968085169792175,0.8910256624221802,0.1519230753183365
YNL274C,YDL245C,0,-6.2542944,0.3694843053817749,0.8910256624221802,0.15205128490924835
YDR318W,YOR343W-A,0,-6.2546864,0.36928799748420715,0.8910256624221802,0.15217949450016022
YOL089C,YGR161C-D,0,-6.2546997,0.36909186840057373,0.8910256624221802,0.1523076891899109
YCL003W,YOR261C,0,-6.254895,0.3688959777355194,0.8910256624221802,0.15243589878082275
YKR072C,YDR170W-A,0,-6.2549696,0.3687002658843994,0.8910256624221802,0.15256410837173462
YHR043C,YDR098C-A,0,-6.255603,0.36850476264953613,0.8910256624221802,0.1526923030614853
YMR023C,YDR210W-A,0,-6.255642,0.36830949783325195,0.8910256624221802,0.15282051265239716
YNL271C,YIL017W,0,-6.2557526,0.3681144118309021,0.8910256624221802,0.15294872224330902
YIL010W,YOR142W-A,0,-6.2557745,0.36791953444480896,0.8910256624221802,0.1530769169330597
YDR284C,YFL002W-A,0,-6.255927,0.36772486567497253,0.8910256624221802,0.15320512652397156
YOR362C,YGR112W,0,-6.256012,0.3675304055213928,0.8910256624221802,0.15333333611488342
YAL023C,YMR234W,0,-6.2565536,0.3673361539840698,0.8910256624221802,0.1534615457057953
YDL160C,YCR009C,0,-6.2566996,0.36714211106300354,0.8910256624221802,0.15358974039554596
YDL216C,YOR148C,0,-6.256753,0.3669482469558716,0.8910256624221802,0.15371794998645782
YDR423C,YNL274C,0,-6.257083,0.3667546212673187,0.8910256624221802,0.1538461595773697
YPR188C,YFR003C,0,-6.258027,0.3665611743927002,0.8910256624221802,0.15397435426712036
YML046W,YLR256W-A,0,-6.258031,0.3663679361343384,0.8910256624221802,0.15410256385803223
YER172C,YGL245W,0,-6.258506,0.3661749064922333,0.8910256624221802,0.1542307734489441
YMR078C,YLR410W-A,0,-6.258814,0.3659820854663849,0.8910256624221802,0.15435896813869476
YOR089C,YIL101C,0,-6.2591085,0.3657894730567932,0.8910256624221802,0.15448717772960663
YDR261C-C,YIL039W,0,-6.2592516,0.36559703946113586,0.8910256624221802,0.1546153873205185
YAL010C,YBR083W,0,-6.2593613,0.3654048442840576,0.8910256624221802,0.15474359691143036
YDR081C,YPR088C,0,-6.259595,0.3652128279209137,0.8910256624221802,0.15487179160118103
YBR153W,YPR158W-B,0,-6.260008,0.3650210201740265,0.8910256624221802,0.1550000011920929
YFL023W,YFL035C-A,0,-6.260235,0.3648293912410736,0.8910256624221802,0.15512821078300476
YAL030W,YOL055C,0,-6.260668,0.36463797092437744,0.8910256624221802,0.15525640547275543
YKL201C,YEL041W,0,-6.26175,0.3644467890262604,0.8910256624221802,0.1553846150636673
YOR080W,YAR018C,0,-6.261751,0.36425575613975525,0.8910256624221802,0.15551282465457916
YDR173C,YBR223C,0,-6.2618923,0.3640649616718292,0.8910256624221802,0.15564101934432983
YLR182W,YNL284C-B,0,-6.26346,0.3638743460178375,0.8910256624221802,0.1557692289352417
YMR224C,YNL310C,0,-6.2639666,0.36368393898010254,0.8910256624221802,0.15589743852615356
YDR529C,YGR044C,0,-6.265068,0.3634937107563019,0.8910256624221802,0.15602564811706543
YDR329C,YPR158W-B,0,-6.2652884,0.3633037209510803,0.8910256624221802,0.1561538428068161
YMR058W,YML115C,0,-6.265662,0.3631139099597931,0.8910256624221802,0.15628205239772797
YMR076C,YHR214C-C,0,-6.2663164,0.3629242777824402,0.8910256624221802,0.15641026198863983
YCL017C,YPR088C,0,-6.2667265,0.362734854221344,0.8910256624221802,0.1565384566783905
YBR160W,YNL106C,0,-6.2672358,0.3625456392765045,0.8910256624221802,0.15666666626930237
YFL035C-A,YIL052C,0,-6.2674417,0.36235663294792175,0.8910256624221802,0.15679487586021423
YGR289C,YGR027W-B,0,-6.267455,0.3621678054332733,0.8910256624221802,0.1569230705499649
YPL187W,YER180C-A,0,-6.2674837,0.3619791567325592,0.8910256624221802,0.15705128014087677
YGL225W,YDR261C-C,0,-6.2681437,0.3617907464504242,0.8910256624221802,0.15717948973178864
YGR092W,YCR077C,0,-6.268734,0.3616024851799011,0.8910256624221802,0.1573076993227005
YFL045C,YML014W,0,-6.268835,0.36141446232795715,0.8910256624221802,0.15743589401245117
YKL212W,YBR111W-A,0,-6.2690115,0.3612266182899475,0.8910256624221802,0.15756410360336304
YAL005C,YJR066W,0,-6.2691517,0.3610389530658722,0.8910256624221802,0.1576923131942749
YOR117W,YKL126W,0,-6.2691746,0.3608514964580536,0.8910256624221802,0.15782050788402557
YJL021C,YNL186W,0,-6.269454,0.3606642484664917,0.8910256624221802,0.15794871747493744
YIL034C,YDR316W-B,0,-6.2695465,0.36047717928886414,0.8910256624221802,0.1580769270658493
YKL029C,YCR028C-A,0,-6.269887,0.3602903187274933,0.8910256624221802,0.15820512175559998
YCL029C,YHR072W-A,0,-6.2705574,0.36010363698005676,0.8910256624221802,0.15833333134651184
YBL084C,YKR095W-A,0,-6.271061,0.35991713404655457,0.8910256624221802,0.1584615409374237
YNL103W,YHL009W-B,0,-6.2715073,0.3597308397293091,0.8910256624221802,0.15858975052833557
YLR183C,YDL038C,0,-6.273488,0.3595447540283203,0.8910256624221802,0.15871794521808624
YKR035W-A,YOR018W,0,-6.2753286,0.35935884714126587,0.8910256624221802,0.1588461548089981
YNL107W,YNL054W-B,0,-6.2753735,0.35917311906814575,0.8910256624221802,0.15897436439990997
YOR204W,YER180C-A,0,-6.27575,0.35898759961128235,0.8910256624221802,0.15910255908966064
YGL130W,YLR240W,0,-6.2760963,0.35880225896835327,0.8910256624221802,0.1592307686805725
YJL157C,YHR020W,0,-6.276165,0.3586171269416809,0.8910256624221802,0.15935897827148438
YNL113W,YDR261C-C,0,-6.276539,0.35843217372894287,0.8910256624221802,0.15948717296123505
YMR137C,YOR172W,0,-6.276761,0.35824742913246155,0.8910256624221802,0.1596153825521469
YKR056W,YDR365W-A,0,-6.277625,0.35806286334991455,0.8910256624221802,0.15974359214305878
YBL003C,YJL069C,0,-6.2777786,0.3578784763813019,0.8910256624221802,0.15987180173397064
YOR181W,YLR182W,0,-6.2781267,0.3576942980289459,0.8910256624221802,0.1599999964237213
YLR319C,YML115C,0,-6.278311,0.3575102984905243,0.8910256624221802,0.16012820601463318
YJL018W,YOR353C,0,-6.279004,0.357326477766037,0.8910256624221802,0.16025641560554504
YKL084W,YJR010C-A,0,-6.279217,0.3571428656578064,0.8910256624221802,0.16038461029529572
YEL036C,YDR261W-A,0,-6.280526,0.35695943236351013,0.8910256624221802,0.16051281988620758
YPL091W,YNL055C,0,-6.2817106,0.3567761778831482,0.8910256624221802,0.16064102947711945
YLR293C,YOL102C,0,-6.2818146,0.35659313201904297,0.8910256624221802,0.16076922416687012
YCR080W,YMR203W,0,-6.2820835,0.35641026496887207,0.8910256624221802,0.16089743375778198
YMR150C,YPL083C,0,-6.282118,0.3562275767326355,0.8910256624221802,0.16102564334869385
YML110C,YLR410W-A,0,-6.2822666,0.35604506731033325,0.8910256624221802,0.1611538529396057
YPL244C,YDR365W-A,0,-6.2823753,0.3558627665042877,0.8910256624221802,0.16128204762935638
YHR143W,YPR158W-A,0,-6.282403,0.3556806445121765,0.8910256624221802,0.16141025722026825
YAL068C,YNL054W-B,0,-6.2825384,0.355498731136322,0.8910256624221802,0.16153846681118011
YCR102C,YLR426W,0,-6.2835236,0.35531696677207947,0.8910256624221802,0.1616666615009308
YDR188W,YHR070W,0,-6.2838116,0.35513541102409363,0.8910256624221802,0.16179487109184265
YJL018W,YMR241W,0,-6.2847633,0.3549540340900421,0.8910256624221802,0.16192308068275452
YER180C-A,YOL122C,0,-6.285344,0.3547728359699249,0.8910256624221802,0.1620512753725052
YDR334W,YDR261W-B,0,-6.2859106,0.35459184646606445,0.8910256624221802,0.16217948496341705
YBR036C,YDR425W,0,-6.287387,0.3544110059738159,0.8910256624221802,0.16230769455432892
YJL061W,YPR132W,0,-6.287841,0.3542303740978241,0.8910256624221802,0.16243590414524078
YHR079C-B,YMR093W,0,-6.2881756,0.3540499210357666,0.8910256624221802,0.16256409883499146
YPR131C,YEL016C,0,-6.288576,0.35386964678764343,0.8910256624221802,0.16269230842590332
YMR001C,YFL008W,0,-6.2886124,0.353689581155777,0.8910256624221802,0.16282051801681519
YGR024C,YER138C,0,-6.2891483,0.35350966453552246,0.8910256624221802,0.16294871270656586
YGL232W,YDR098C-B,0,-6.2895,0.35332995653152466,0.8910256624221802,0.16307692229747772
YGL145W,YDL038C,0,-6.290761,0.3531503975391388,0.8910256624221802,0.1632051318883896
YER157W,YOR321W,0,-6.2908726,0.35297104716300964,0.8910256624221802,0.16333332657814026
YKR008W,YMR313C,0,-6.2914257,0.3527918756008148,0.8910256624221802,0.16346153616905212
YCR093W,YOR083W,0,-6.2914543,0.3526128828525543,0.8910256624221802,0.163589745759964
YFR024C-A,YLR256W-A,0,-6.2921114,0.35243406891822815,0.8910256624221802,0.16371795535087585
YDR256C,YER137C-A,0,-6.2925186,0.3522554337978363,0.8910256624221802,0.16384615004062653
YJL052W,YLR157C-B,0,-6.2934303,0.35207700729370117,0.8910256624221802,0.1639743596315384
YMR014W,YHR026W,0,-6.293638,0.351898729801178,0.8910256624221802,0.16410256922245026
YGR244C,YPR158W-B,0,-6.293643,0.3517206609249115,0.8910256624221802,0.16423076391220093
YBR154C,YCR062W,0,-6.2940245,0.35154274106025696,0.8910256624221802,0.1643589735031128
YFL009W,YBR080C,0,-6.2943945,0.35136502981185913,0.8910256624221802,0.16448718309402466
YBR020W,YPL060C-A,0,-6.294649,0.35118746757507324,0.8910256624221802,0.16461537778377533
YDR459C,YOR064C,0,-6.2950315,0.35101011395454407,0.8910256624221802,0.1647435873746872
YNL280C,YNL284C-B,0,-6.2953377,0.35083290934562683,0.8910256624221802,0.16487179696559906
YHR175W,YDR365W-A,0,-6.2955494,0.3506559133529663,0.8910256624221802,0.16500000655651093
YLR131C,YGR166W,0,-6.295702,0.3504790663719177,0.8910256624221802,0.1651282012462616
YCL062W,YMR241W,0,-6.2957115,0.35030242800712585,0.8910256624221802,0.16525641083717346
YKR095W-A,YOR254C,0,-6.296073,0.3501259386539459,0.8910256624221802,0.16538462042808533
YPR122W,YGR027W-B,0,-6.296133,0.3499496579170227,0.8910256624221802,0.165512815117836
YDR017C,YKR095W-A,0,-6.2968817,0.3497735261917114,0.8910256624221802,0.16564102470874786
YJR091C,YNL054W-B,0,-6.2972994,0.3495975732803345,0.8910256624221802,0.16576923429965973
YGR218W,YKR031C,0,-6.2974625,0.34942182898521423,0.8910256624221802,0.1658974289894104
YAR018C,YML043C,0,-6.298131,0.34924623370170593,0.8910256624221802,0.16602563858032227
YKL141W,YMR134W,0,-6.2990007,0.34907081723213196,0.8910256624221802,0.16615384817123413
YMR037C,YLR035C-A,0,-6.2990437,0.3488955795764923,0.8910256624221802,0.166282057762146
YFL011W-A,YBR136W,0,-6.2995777,0.348720520734787,0.8910256624221802,0.16641025245189667
YER159C-A,YPL041C,0,-6.2996845,0.348545640707016,0.8910256624221802,0.16653846204280853
YBR090C-A,YNR047W,0,-6.29984,0.3483709394931793,0.8910256624221802,0.1666666716337204
YDL145C,YPL045W,0,-6.299879,0.3481963872909546,0.8910256624221802,0.16679486632347107
YLR385C,YOR142W-A,0,-6.3000555,0.3480220437049866,0.8910256624221802,0.16692307591438293
YHR055C,YLR298C,0,-6.300458,0.3478478491306305,0.8910256624221802,0.1670512855052948
YDR087C,YPR139C,0,-6.300544,0.34767383337020874,0.8910256624221802,0.16717948019504547
YBL078C,YFR052W,0,-6.3010187,0.3474999964237213,0.8910256624221802,0.16730768978595734
YBR169C,YBR012W-A,0,-6.301244,0.3473263382911682,0.8910256624221802,0.1674358993768692
YFL011W-A,YKL006C-A,0,-6.3013954,0.34715285897254944,0.8910256624221802,0.16756410896778107
YNL173C,YCL062W,0,-6.302471,0.3469795286655426,0.8910256624221802,0.16769230365753174
YDR499W,YDR261W-A,0,-6.302759,0.3468063771724701,0.8910256624221802,0.1678205132484436
YDR272W,YDR079C-A,0,-6.3028126,0.3466334044933319,0.8910256624221802,0.16794872283935547
YNL267W,YJR052W,0,-6.3030586,0.34646061062812805,0.8910256624221802,0.16807691752910614
YDR153C,YGR109W-A,0,-6.3033943,0.3462879955768585,0.8910256624221802,0.168205127120018
YEL036C,YAL033W,0,-6.30389,0.3461155295372009,0.8910256624221802,0.16833333671092987
YIL002C,YJL056C,0,-6.304352,0.34594324231147766,0.8910256624221802,0.16846153140068054
YJL047C,YOL034W,0,-6.3048954,0.3457711338996887,0.8910256624221802,0.1685897409915924
YMR218C,YBR012W-B,0,-6.3050337,0.3455992043018341,0.8910256624221802,0.16871795058250427
YLR045C,YLR256W-A,0,-6.3051443,0.34542742371559143,0.8910256624221802,0.16884616017341614
YER108C,YPR103W,0,-6.3057995,0.34525585174560547,0.8910256624221802,0.1689743548631668
YLR113W,YOR160W,0,-6.3065777,0.34508439898490906,0.8910256624221802,0.16910256445407867
YJL033W,YOR142W-A,0,-6.306628,0.34491315484046936,0.8910256624221802,0.16923077404499054
YML104C,YOR343W-A,0,-6.3074236,0.3447420597076416,0.8910256624221802,0.1693589687347412
YER112W,YOR343W-B,0,-6.3079004,0.34457114338874817,0.8910256624221802,0.16948717832565308
YDR121W,YPR158C-D,0,-6.3086424,0.34440040588378906,0.8910256624221802,0.16961538791656494
YKL080W,YGR161W-B,0,-6.308961,0.3442298173904419,0.8910256624221802,0.1697435826063156
YNL051W,YHR091C,0,-6.309147,0.34405940771102905,0.8910256624221802,0.16987179219722748
YMR026C,YGR109W-B,0,-6.309331,0.34388917684555054,0.8910256624221802,0.17000000178813934
YHR007C,YDR097C,0,-6.309409,0.34371909499168396,0.8910256624221802,0.1701282113790512
YNR026C,YNL054W-B,0,-6.3098087,0.3435491919517517,0.8910256624221802,0.17025640606880188
YHL002W,YNL054W-B,0,-6.310074,0.3433794379234314,0.8910256624221802,0.17038461565971375
YMR241W,YGR161C-D,0,-6.310074,0.3432098627090454,0.8910256624221802,0.1705128252506256
YPR185W,YFL018C,0,-6.3101664,0.34304046630859375,0.8910256624221802,0.17064101994037628
YDR043C,YFR003C,0,-6.3106937,0.3428712487220764,0.8910256624221802,0.17076922953128815
YDR480W,YPL041C,0,-6.310873,0.342702180147171,0.8910256624221802,0.1708974391222
YMR163C,YCR018C,0,-6.311102,0.34253326058387756,0.8910256624221802,0.17102563381195068
YGR098C,YGR161W-A,0,-6.311187,0.34236451983451843,0.8910256624221802,0.17115384340286255
YPR175W,YBL100W-B,0,-6.311529,0.34219595789909363,0.8910256624221802,0.17128205299377441
YIR015W,YER180C-A,0,-6.3115788,0.34202754497528076,0.8910256624221802,0.17141026258468628
YLR293C,YNL079C,0,-6.312192,0.3418593108654022,0.8910256624221802,0.17153845727443695
YBR156C,YGL049C,0,-6.3134193,0.341691255569458,0.8910256624221802,0.17166666686534882
YGR158C,YGR109W-A,0,-6.313466,0.34152334928512573,0.8910256624221802,0.17179487645626068
YMR026C,YGR038C-A,0,-6.314102,0.3413555920124054,0.8910256624221802,0.17192307114601135
YLR268W,YGR162W,0,-6.314102,0.3411880135536194,0.8910256624221802,0.17205128073692322
YDL044C,YDR261W-A,0,-6.314685,0.3410206139087677,0.8910256624221802,0.17217949032783508
YDR120C,YLR157C-B,0,-6.3147917,0.34085336327552795,0.8910256624221802,0.17230768501758575
YKL134C,YDR175C,0,-6.314806,0.34068626165390015,0.8910256624221802,0.17243589460849762
YCL069W,YER137C-A,0,-6.3151627,0.34051933884620667,0.8910256624221802,0.17256410419940948
YGL223C,YER138C,0,-6.3163567,0.3403525948524475,0.8910256624221802,0.17269231379032135
YPL195W,YGR296W,0,-6.3165197,0.3401859998703003,0.8910256624221802,0.17282050848007202
YDR013W,YHR020W,0,-6.316579,0.3400195837020874,0.8910256624221802,0.1729487180709839
YKL062W,YNL054W-B,0,-6.316593,0.33985328674316406,0.8910256624221802,0.17307692766189575
YKL032C,YKL143W,0,-6.316698,0.33968719840049744,0.8910256624221802,0.17320512235164642
YFL033C,YMR322C,0,-6.3168592,0.33952125906944275,0.8910256624221802,0.1733333319425583
YKR046C,YGR042W,0,-6.3172684,0.33935546875,0.8910256624221802,0.17346154153347015
YJL058C,YKR035W-A,0,-6.317436,0.3391898572444916,0.8910256624221802,0.17358973622322083
YIL008W,YPL257W-A,0,-6.317707,0.3390243947505951,0.8910256624221802,0.1737179458141327
YPL028W,YBR012W-B,0,-6.3189783,0.33885908126831055,0.8910256624221802,0.17384615540504456
YPL241C,YPR088C,0,-6.3201523,0.3386939465999603,0.8910256624221802,0.17397436499595642
YGL143C,YOR343W-B,0,-6.320463,0.33852899074554443,0.8910256624221802,0.1741025596857071
YDR423C,YAL021C,0,-6.3206005,0.3383641541004181,0.8910256624221802,0.17423076927661896
YCR034W,YDR123C,0,-6.3209105,0.33819952607154846,0.8910256624221802,0.17435897886753082
YCL026C-A,YGR074W,0,-6.321513,0.3380350172519684,0.8910256624221802,0.1744871735572815
YOR157C,YKL126W,0,-6.321884,0.33787068724632263,0.8910256624221802,0.17461538314819336
YML127W,YMR216C,0,-6.322854,0.3377065062522888,0.8910256624221802,0.17474359273910522
YOR195W,YOR192C-A,0,-6.3233023,0.33754250407218933,0.8910256624221802,0.1748717874288559
YBR272C,YPR103W,0,-6.323679,0.3373786509037018,0.8910256624221802,0.17499999701976776
YFL018W-A,YLR354C,0,-6.323965,0.33721494674682617,0.8910256624221802,0.17512820661067963
YPR005C,YLR240W,0,-6.3239822,0.3370513916015625,0.8910256624221802,0.1752564162015915
YBL015W,YDL020C,0,-6.3242226,0.33688801527023315,0.8910256624221802,0.17538461089134216
YMR113W,YBL071W-A,0,-6.3249826,0.33672481775283813,0.8910256624221802,0.17551282048225403
YER044C-A,YOR188W,0,-6.3256893,0.33656173944473267,0.8910256624221802,0.1756410300731659
YGR206W,YGR133W,0,-6.325821,0.3363988399505615,0.8910256624221802,0.17576922476291656
YBR121C,YCL019W,0,-6.3262854,0.3362360894680023,0.8910256624221802,0.17589743435382843
YHR186C,YDR210C-D,0,-6.3272047,0.33607348799705505,0.8910256624221802,0.1760256439447403
YPL254W,YLR385C,0,-6.327317,0.3359110653400421,0.8910256624221802,0.17615385353565216
YPL253C,YDR210W-B,0,-6.3282356,0.3357487916946411,0.8910256624221802,0.17628204822540283
YDR459C,YDR210C-D,0,-6.329048,0.33558666706085205,0.8910256624221802,0.1764102578163147
YLR429W,YNL121C,0,-6.329295,0.3354247212409973,0.8910256624221802,0.17653846740722656
YOR039W,YIL021W,0,-6.3296185,0.33526289463043213,0.8910256624221802,0.17666666209697723
YIR010W,YHL007C,0,-6.3296585,0.33510124683380127,0.8910256624221802,0.1767948716878891
YGL150C,YGR122W,0,-6.3299007,0.33493974804878235,0.8910256624221802,0.17692308127880096
YDR184C,YDR316W-B,0,-6.3299694,0.33477842807769775,0.8910256624221802,0.17705127596855164
YEL056W,YOR008C-A,0,-6.329974,0.3346172273159027,0.8910256624221802,0.1771794855594635
YKL038W,YDL147W,0,-6.330653,0.334456205368042,0.8910256624221802,0.17730769515037537
YJL063C,YBR090C-A,0,-6.330676,0.3342953324317932,0.8910256624221802,0.17743590474128723
YLR268W,YKL122C,0,-6.3309317,0.33413460850715637,0.8910256624221802,0.1775640994310379
YOR144C,YJL168C,0,-6.3338537,0.33397406339645386,0.8910256624221802,0.17769230902194977
YPL149W,YGR161C-D,0,-6.3340855,0.3338136374950409,0.8910256624221802,0.17782051861286163
YGR171C,YBR090C-A,0,-6.335022,0.33365339040756226,0.8910256624221802,0.1779487133026123
YOR067C,YJR028W,0,-6.335348,0.33349329233169556,0.8910256624221802,0.17807692289352417
YAR002C-A,YOL123W,0,-6.3362875,0.3333333432674408,0.8910256624221802,0.17820513248443604
YCR024C-A,YOR207C,0,-6.336301,0.333173543214798,0.8910256624221802,0.1783333271741867
YNL103W,YLR263W,0,-6.3366833,0.3330138921737671,0.8910256624221802,0.17846153676509857
YDR076W,YER137C-A,0,-6.3371887,0.33285441994667053,0.8910256624221802,0.17858974635601044
YHR115C,YPR162C,0,-6.3376923,0.3326950669288635,0.8910256624221802,0.1787179559469223
YDL213C,YKR022C,0,-6.3384447,0.33253589272499084,0.8910256624221802,0.17884615063667297
YGR256W,YJL018W,0,-6.338993,0.3323768675327301,0.8910256624221802,0.17897436022758484
YGR109W-B,YKL088W,0,-6.3390493,0.3322179615497589,0.8910256624221802,0.1791025698184967
YDR283C,YNL085W,0,-6.3391333,0.33205923438072205,0.8910256624221802,0.17923076450824738
YKL149C,YPL257W-A,0,-6.3393316,0.3319006562232971,0.8910256624221802,0.17935897409915924
YDR221W,YGR122W,0,-6.340007,0.3317422568798065,0.8910256624221802,0.1794871836900711
YJL141C,YPR158W-A,0,-6.341983,0.33158397674560547,0.8910256624221802,0.17961537837982178
YPR190C,YOR142W-A,0,-6.3426037,0.33142584562301636,0.8910256624221802,0.17974358797073364
YER083C,YCR044C,0,-6.3428574,0.3312678635120392,0.8910256624221802,0.1798717975616455
YML110C,YER159C-A,0,-6.34328,0.33111006021499634,0.8910256624221802,0.18000000715255737
YJR077C,YGR038C-A,0,-6.343336,0.33095237612724304,0.8910256624221802,0.18012820184230804
YFL058W,YEL057C,0,-6.3435373,0.3307948708534241,0.8910256624221802,0.1802564114332199
YKL029C,YCL003W,0,-6.343642,0.33063748478889465,0.8910256624221802,0.18038462102413177
YGL247W,YGR006W,0,-6.343953,0.33048027753829956,0.8910256624221802,0.18051281571388245
YOL078W,YGR070W,0,-6.345027,0.330323189496994,0.8910256624221802,0.1806410253047943
YLR069C,YLR183C,0,-6.3454,0.3301662802696228,0.8910256624221802,0.18076923489570618
YLR418C,YOL103W-A,0,-6.345875,0.33000949025154114,0.8910256624221802,0.18089742958545685
YJR083C,YNL030W,0,-6.34612,0.3298528790473938,0.8910256624221802,0.1810256391763687
YGR218W,YJR084W,0,-6.346322,0.329696387052536,0.8910256624221802,0.18115384876728058
YCR026C,YDR481C,0,-6.3474283,0.32954007387161255,0.8910256624221802,0.18128205835819244
YBL003C,YOR233W,0,-6.3478746,0.32938387989997864,0.8910256624221802,0.18141025304794312
YNL053W,YDR075W,0,-6.3480186,0.32922786474227905,0.8910256624221802,0.18153846263885498
YCR077C,YCL003W,0,-6.348198,0.329071968793869,0.8910256624221802,0.18166667222976685
YDL045C,YGR253C,0,-6.349616,0.3289162218570709,0.8910256624221802,0.18179486691951752
YDR363W-A,YGR008C,0,-6.3497343,0.32876065373420715,0.8910256624221802,0.18192307651042938
YFR047C,YGL012W,0,-6.350108,0.32860520482063293,0.8910256624221802,0.18205128610134125
YCL038C,YKR031C,0,-6.3504543,0.32844990491867065,0.8910256624221802,0.18217948079109192
YLR467W,YGR272C,0,-6.3504667,0.3282947540283203,0.8910256624221802,0.18230769038200378
YFL038C,YGR038C-A,0,-6.35112,0.3281397521495819,0.8910256624221802,0.18243589997291565
YMR208W,YGL210W-A,0,-6.3514824,0.32798489928245544,0.8910256624221802,0.18256410956382751
YIL052C,YDR353W,0,-6.351514,0.3278301954269409,0.8910256624221802,0.18269230425357819
YIL120W,YDR129C,0,-6.351568,0.32767561078071594,0.8910256624221802,0.18282051384449005
YKL053C-A,YGR027W-B,0,-6.3525867,0.3275212049484253,0.8910256624221802,0.18294872343540192
YPR065W,YJL114W,0,-6.3535995,0.3273669481277466,0.8910256624221802,0.1830769181251526
YPR082C,YGR161W-B,0,-6.354166,0.3272128105163574,0.8910256624221802,0.18320512771606445
YDR308C,YMR218C,0,-6.355357,0.3270588219165802,0.8910256624221802,0.18333333730697632
YOR274W,YPL033C,0,-6.355423,0.3269049823284149,0.8910256624221802,0.183461531996727
YIR013C,YDL208W,0,-6.3561754,0.3267512917518616,0.8910256624221802,0.18358974158763885
YDR167W,YOR295W,0,-6.3567057,0.32659775018692017,0.8910256624221802,0.18371795117855072
YOL044W,YHR056C,0,-6.3578825,0.3264443278312683,0.8910256624221802,0.18384616076946259
YNL068C,YMR046C,0,-6.358328,0.3262910842895508,0.8910256624221802,0.18397435545921326
YIL079C,YBL100W-B,0,-6.3584423,0.3261379599571228,0.8910256624221802,0.18410256505012512
YFL018W-A,YOR083W,0,-6.358778,0.32598498463630676,0.8910256624221802,0.184230774641037
YLR133W,YLR386W,0,-6.3589706,0.32583215832710266,0.8910256624221802,0.18435896933078766
YJL047C,YCR080W,0,-6.359536,0.3256794810295105,0.8910256624221802,0.18448717892169952
YOL049W,YNL098C,0,-6.359743,0.3255269229412079,0.8910256624221802,0.1846153885126114
YBR254C,YGR122W,0,-6.3607674,0.3253745436668396,0.8910256624221802,0.18474358320236206
YLR431C,YGR038C-A,0,-6.3609047,0.32522228360176086,0.8910256624221802,0.18487179279327393
YDL004W,YDR494W,0,-6.361185,0.32507017254829407,0.8910256624221802,0.1850000023841858
YHR026W,YGL070C,0,-6.3614817,0.3249181807041168,0.8910256624221802,0.18512821197509766
YKL054C,YLR398C,0,-6.361974,0.3247663676738739,0.8910256624221802,0.18525640666484833
YPL050C,YMR285C,0,-6.3622227,0.32461467385292053,0.8910256624221802,0.1853846162557602
YJL110C,YOR356W,0,-6.362421,0.3244631290435791,0.8910256624221802,0.18551282584667206
YGR170W,YKL140W,0,-6.3625784,0.3243117034435272,0.8910256624221802,0.18564102053642273
YOL146W,YMR134W,0,-6.362874,0.32416045665740967,0.8910256624221802,0.1857692301273346
YDR473C,YDL059C,0,-6.3629494,0.32400932908058167,0.8910256624221802,0.18589743971824646
YNL080C,YBR091C,0,-6.365309,0.3238583505153656,0.8910256624221802,0.18602563440799713
YBL078C,YAR035W,0,-6.3653364,0.3237074911594391,0.8910256624221802,0.186153843998909
YOR109W,YDL038C,0,-6.36541,0.3235568106174469,0.8910256624221802,0.18628205358982086
YHL003C,YJL054W,0,-6.365777,0.32340624928474426,0.8910256624221802,0.18641026318073273
YBL017C,YMR087W,0,-6.366702,0.3232558071613312,0.8910256624221802,0.1865384578704834
YHR042W,YDR210W-B,0,-6.366907,0.3231055438518524,0.8910256624221802,0.18666666746139526
YOL042W,YBR012W-B,0,-6.3676357,0.3229553997516632,0.8910256624221802,0.18679487705230713
YNL094W,YDR273W,0,-6.3680477,0.32280537486076355,0.8910256624221802,0.1869230717420578
YCR026C,YPR086W,0,-6.369466,0.3226555287837982,0.8910256624221802,0.18705128133296967
YCL012W,YLR417W,0,-6.3702497,0.32250580191612244,0.8910256624221802,0.18717949092388153
YPL152W,YLR410W-A,0,-6.3709087,0.3223562240600586,0.8910256624221802,0.1873076856136322
YJR078W,YPL135W,0,-6.3726387,0.3222067654132843,0.8910256624221802,0.18743589520454407
YKR038C,YOL043C,0,-6.372753,0.32205745577812195,0.8910256624221802,0.18756410479545593
YLR431C,YER103W,0,-6.373887,0.32190829515457153,0.8910256624221802,0.1876923143863678
YNL007C,YER151C,0,-6.3740635,0.32175925374031067,0.8910256624221802,0.18782050907611847
YPL127C,YNL054W-B,0,-6.374323,0.32161036133766174,0.8910256624221802,0.18794871866703033
YFL048C,YDR261W-A,0,-6.37444,0.32146161794662476,0.8910256624221802,0.1880769282579422
YIL030C,YMR243C,0,-6.374483,0.3213129937648773,0.8910256624221802,0.18820512294769287
YDR148C,YPR158W-A,0,-6.3746758,0.3211645185947418,0.8910256624221802,0.18833333253860474
YBR188C,YMR079W,0,-6.3750486,0.3210161626338959,0.8910256624221802,0.1884615421295166
YHR188C,YOR156C,0,-6.375247,0.32086795568466187,0.8910256624221802,0.18858973681926727
YNR001C,YER137C-A,0,-6.375264,0.3207198977470398,0.8910256624221802,0.18871794641017914
YMR067C,YBR012W-B,0,-6.3755198,0.3205719590187073,0.8910256624221802,0.188846156001091
YML110C,YCR071C,0,-6.3760815,0.3204241693019867,0.8910256624221802,0.18897436559200287
YLR139C,YPL257W-B,0,-6.3762054,0.32027649879455566,0.8910256624221802,0.18910256028175354
YKL012W,YOR259C,0,-6.3763304,0.3201289772987366,0.8910256624221802,0.1892307698726654
YJL041W,YCR062W,0,-6.3763647,0.31998157501220703,0.8910256624221802,0.18935897946357727
YML027W,YBL005W-A,0,-6.376542,0.31983432173728943,0.8910256624221802,0.18948717415332794
YKL012W,YDR137W,0,-6.376852,0.31968721747398376,0.8910256624221802,0.1896153837442398
YOL027C,YER180C-A,0,-6.3773775,0.31954023241996765,0.8910256624221802,0.18974359333515167
YNL331C,YML057W,0,-6.3776407,0.3193933963775635,0.8910256624221802,0.18987178802490234
YNL169C,YDL212W,0,-6.37768,0.31924667954444885,0.8910256624221802,0.1899999976158142
YDR205W,YBL005W,0,-6.3778706,0.3191000819206238,0.8910256624221802,0.19012820720672607
YLR227W-A,YOR343W-B,0,-6.378623,0.31895366311073303,0.8910256624221802,0.19025641679763794
YGL144C,YDR210C-D,0,-6.3787527,0.31880733370780945,0.8910256624221802,0.1903846114873886
YDR308C,YPL243W,0,-6.378969,0.3186611533164978,0.8910256624221802,0.19051282107830048
YBR130C,YGR054W,0,-6.3796473,0.3185151219367981,0.8910256624221802,0.19064103066921234
YDR453C,YER137C-A,0,-6.379921,0.31836920976638794,0.8910256624221802,0.190769225358963
YMR022W,YLR455W,0,-6.379963,0.3182234466075897,0.8910256624221802,0.19089743494987488
YPR006C,YMR046C,0,-6.3802586,0.31807780265808105,0.8910256624221802,0.19102564454078674
YBR036C,YMR134W,0,-6.3813906,0.3179323077201843,0.8910256624221802,0.19115383923053741
YLR025W,YPL060C-A,0,-6.3815966,0.31778693199157715,0.8910256624221802,0.19128204882144928
YMR312W,YKL006C-A,0,-6.381778,0.3176416754722595,0.8910256624221802,0.19141025841236115
YIL042C,YOR191W,0,-6.382271,0.31749656796455383,0.8910256624221802,0.191538468003273
YIL097W,YCR014C,0,-6.382427,0.3173516094684601,0.8910256624221802,0.19166666269302368
YIL010W,YGR161C-C,0,-6.3824863,0.3172067403793335,0.8910256624221802,0.19179487228393555
YML058W-A,YGL066W,0,-6.3829737,0.31706205010414124,0.8910256624221802,0.1919230818748474
YOR212W,YPR137C-B,0,-6.3837585,0.3169174790382385,0.8910256624221802,0.19205127656459808
YJR091C,YGL004C,0,-6.3848486,0.31677302718162537,0.8910256624221802,0.19217948615550995
YPL127C,YDR210C-D,0,-6.38554,0.31662869453430176,0.8910256624221802,0.19230769574642181
YAL026C,YPL269W,0,-6.385663,0.3164845108985901,0.8910256624221802,0.19243589043617249
YOR351C,YHR072W-A,0,-6.3856916,0.31634047627449036,0.8910256624221802,0.19256410002708435
YKR061W,YLR301W,0,-6.3857584,0.3161965310573578,0.8910256624221802,0.19269230961799622
YMR112C,YNL282W,0,-6.3863306,0.31605276465415955,0.8910256624221802,0.19282051920890808
YLR219W,YDL038C,0,-6.388139,0.31590908765792847,0.8910256624221802,0.19294871389865875
YAL068C,YLR227W-A,0,-6.3885927,0.3157655596733093,0.8910256624221802,0.19307692348957062
YKL117W,YJL093C,0,-6.3886814,0.31562215089797974,0.8910256624221802,0.19320513308048248
YNL079C,YDR210W-B,0,-6.389866,0.3154788911342621,0.8910256624221802,0.19333332777023315
YGR135W,YOL103W-A,0,-6.390629,0.315335750579834,0.8910256624221802,0.19346153736114502
YMR211W,YHR061C,0,-6.39139,0.31519272923469543,0.8910256624221802,0.19358974695205688
YML024W,YOR008C-A,0,-6.3915615,0.3150498569011688,0.8910256624221802,0.19371794164180756
YDR451C,YNL284C-B,0,-6.3919,0.31490710377693176,0.8910256624221802,0.19384615123271942
YJR093C,YNL247W,0,-6.39252,0.31476449966430664,0.8910256624221802,0.1939743608236313
YGL240W,YDR314C,0,-6.3940506,0.31462201476097107,0.8910256624221802,0.19410257041454315
YJR082C,YDL038C,0,-6.394537,0.31447964906692505,0.8910256624221802,0.19423076510429382
YLR391W-A,YDR228C,0,-6.3953733,0.3143374025821686,0.8910256624221802,0.1943589746952057
YGL130W,YMR140W,0,-6.395871,0.31419530510902405,0.8910256624221802,0.19448718428611755
YOR259C,YDR159W,0,-6.3970184,0.31405332684516907,0.8910256624221802,0.19461537897586823
YKL032C,YER159C-A,0,-6.397625,0.31391146779060364,0.8910256624221802,0.1947435885667801
YNL288W,YAL032C,0,-6.398019,0.31376975774765015,0.8910256624221802,0.19487179815769196
YNL048W,YML052W,0,-6.399604,0.3136281669139862,0.8910256624221802,0.19499999284744263
YBL035C,YPL257W-A,0,-6.3999157,0.3134866952896118,0.8910256624221802,0.1951282024383545
YKR065C,YEL012W,0,-6.40001,0.313345342874527,0.8910256624221802,0.19525641202926636
YHR013C,YNL199C,0,-6.400074,0.3132041394710541,0.8910256624221802,0.19538462162017822
YKR054C,YBR089C-A,0,-6.4032164,0.3130630552768707,0.8910256624221802,0.1955128163099289
YMR091C,YPR139C,0,-6.403261,0.3129221200942993,0.8910256624221802,0.19564102590084076
YIR008C,YLR035C-A,0,-6.4036217,0.31278127431869507,0.8910256624221802,0.19576923549175262
YDR288W,YNL257C,0,-6.405058,0.31264057755470276,0.8910256624221802,0.1958974301815033
YOR085W,YGR054W,0,-6.4051123,0.3125,0.8910256624221802,0.19602563977241516
YFL035C-A,YMR070W,0,-6.405469,0.3123595416545868,0.8910256624221802,0.19615384936332703
YPR132W,YGR181W,0,-6.4059353,0.3122192323207855,0.8910256624221802,0.1962820440530777
YLR117C,YLR147C,0,-6.406005,0.3120790421962738,0.8910256624221802,0.19641025364398956
YDL046W,YMR046C,0,-6.4060316,0.31193897128105164,0.8910256624221802,0.19653846323490143
YDL105W,YBR058C-A,0,-6.406251,0.311799019575119,0.8910256624221802,0.1966666728258133
YJR104C,YBR012W-A,0,-6.4066553,0.31165918707847595,0.8910256624221802,0.19679486751556396
YBL033C,YDR425W,0,-6.4066763,0.3115195035934448,0.8910256624221802,0.19692307710647583
YLR380W,YPR137C-A,0,-6.4070396,0.31137993931770325,0.8910256624221802,0.1970512866973877
YMR232W,YLR346C,0,-6.4070835,0.3112404942512512,0.8910256624221802,0.19717948138713837
YJR076C,YFL038C,0,-6.407158,0.31110116839408875,0.8910256624221802,0.19730769097805023
YMR022W,YNL054W-B,0,-6.4071674,0.3109619617462158,0.8910256624221802,0.1974359005689621
YOL043C,YEL012W,0,-6.4075947,0.31082290410995483,0.8910256624221802,0.19756409525871277
YGL075C,YJR052W,0,-6.407943,0.3106839656829834,0.8910256624221802,0.19769230484962463
YGR227W,YBR111W-A,0,-6.4080067,0.3105451166629791,0.8910256624221802,0.1978205144405365
YDR116C,YOR142W-A,0,-6.4100933,0.3104064166545868,0.8910256624221802,0.19794872403144836
YKR035W-A,YMR029C,0,-6.4110403,0.3102678656578064,0.8910256624221802,0.19807691872119904
YJL146W,YDR470C,0,-6.4112473,0.31012940406799316,0.8910256624221802,0.1982051283121109
YDR188W,YNR075W,0,-6.412528,0.30999109148979187,0.8910256624221802,0.19833333790302277
YNL085W,YOR088W,0,-6.412755,0.30985286831855774,0.8910256624221802,0.19846153259277344
YMR220W,YMR146C,0,-6.4127655,0.30971479415893555,0.8910256624221802,0.1985897421836853
YKL062W,YOR290C,0,-6.4130507,0.3095768392086029,0.8910256624221802,0.19871795177459717
YOR298W,YDR027C,0,-6.4130793,0.3094390034675598,0.8910256624221802,0.19884614646434784
YGL206C,YJL207C,0,-6.4133825,0.3093012869358063,0.8910256624221802,0.1989743560552597
YOL016C,YOR032C,0,-6.4134264,0.3091636896133423,0.8910256624221802,0.19910256564617157
YGL047W,YDL161W,0,-6.413621,0.30902624130249023,0.8910256624221802,0.19923077523708344
YPL178W,YIL039W,0,-6.4138746,0.30888888239860535,0.8910256624221802,0.1993589699268341
YDR040C,YDR131C,0,-6.4139338,0.3087516725063324,0.8910256624221802,0.19948717951774597
YKR038C,YMR059W,0,-6.4141016,0.3086145520210266,0.8910256624221802,0.19961538910865784
YLR023C,YHR214C-C,0,-6.414418,0.30847758054733276,0.8910256624221802,0.1997435837984085
YGL206C,YPR137C-B,0,-6.414546,0.30834072828292847,0.8910256624221802,0.19987179338932037
YGL115W,YCR080W,0,-6.4148617,0.3082039952278137,0.8910256624221802,0.20000000298023224
YPR179C,YGR002C,0,-6.4151726,0.3080673813819885,0.8910256624221802,0.2001282125711441
YBR192W,YKL006C-A,0,-6.415757,0.3079308867454529,0.8910256624221802,0.20025640726089478
YJR082C,YDR295C,0,-6.416809,0.3077945113182068,0.8910256624221802,0.20038461685180664
YOR206W,YHL012W,0,-6.417083,0.30765825510025024,0.8910256624221802,0.2005128264427185
YOR274W,YGR212W,0,-6.4178667,0.30752211809158325,0.8910256624221802,0.20064102113246918
YLR075W,YPL193W,1,-6.418129,0.3078283965587616,0.892307698726654,0.20064102113246918
YNL151C,YHR205W,0,-6.4185724,0.3076923191547394,0.892307698726654,0.20076923072338104
YBL025W,YJL168C,0,-6.4189634,0.3075563311576843,0.892307698726654,0.2008974403142929
YJL099W,YDR210C-C,0,-6.41938,0.3074204921722412,0.892307698726654,0.20102563500404358
YPL149W,YER018C,0,-6.419545,0.30728477239608765,0.892307698726654,0.20115384459495544
YIR013C,YDR447C,0,-6.4196024,0.30714917182922363,0.892307698726654,0.2012820541858673
YGR231C,YCL062W,0,-6.4196367,0.3070136606693268,0.892307698726654,0.20141026377677917
YJR094C,YJL018W,0,-6.420416,0.30687829852104187,0.892307698726654,0.20153845846652985
YIL038C,YNL213C,0,-6.420472,0.3067430555820465,0.892307698726654,0.2016666680574417
YOR178C,YFL035C,0,-6.420789,0.3066079318523407,0.892307698726654,0.20179487764835358
YPL218W,YLR312C-B,0,-6.420805,0.30647292733192444,0.892307698726654,0.20192307233810425
YJR127C,YIL029C,0,-6.421008,0.30633804202079773,0.892307698726654,0.2020512819290161
YMR224C,YGR056W,0,-6.4211206,0.3062032461166382,0.892307698726654,0.20217949151992798
YCR086W,YJL018W,0,-6.4212284,0.3060685992240906,0.892307698726654,0.20230768620967865
YIL112W,YBR058C,0,-6.421665,0.3059340715408325,0.892307698726654,0.20243589580059052
YLL019C,YGR161W-A,0,-6.4220514,0.305799663066864,0.892307698726654,0.20256410539150238
YFR030W,YOR290C,0,-6.4238224,0.30566534399986267,0.892307698726654,0.20269231498241425
YLR312C-B,YHL007C,0,-6.423916,0.30553117394447327,0.892307698726654,0.20282050967216492
YPL121C,YOR359W,0,-6.42395,0.305397093296051,0.892307698726654,0.20294871926307678
YOR115C,YER160C,0,-6.4246197,0.3052631616592407,0.892307698726654,0.20307692885398865
YMR083W,YDR483W,0,-6.425255,0.3051293194293976,0.892307698726654,0.20320512354373932
YBR132C,YJL045W,0,-6.425889,0.3049956262111664,0.892307698726654,0.20333333313465118
YDR040C,YLR275W,0,-6.4262342,0.30486202239990234,0.892307698726654,0.20346154272556305
YGR171C,YCL017C,0,-6.426257,0.30472853779792786,0.892307698726654,0.20358973741531372
YLR214W,YJL113W,0,-6.4263487,0.3045951724052429,0.892307698726654,0.20371794700622559
YER105C,YLL013C,0,-6.426984,0.3044619560241699,0.892307698726654,0.20384615659713745
YBL046W,YPL065W,0,-6.4272013,0.3043288290500641,0.892307698726654,0.20397436618804932
YMR033W,YAR018C,0,-6.427229,0.3041957914829254,0.892307698726654,0.2041025608778
YDR153C,YFL038C,0,-6.4281654,0.3040629029273987,0.892307698726654,0.20423077046871185
YIL110W,YLR139C,0,-6.4283276,0.3039301335811615,0.892307698726654,0.20435898005962372
YNR033W,YOL049W,0,-6.428342,0.3037974536418915,0.892307698726654,0.2044871747493744
YML102W,YML014W,0,-6.4288826,0.3036649227142334,0.892307698726654,0.20461538434028625
YGR078C,YCR028C-A,0,-6.430729,0.3035324811935425,0.892307698726654,0.20474359393119812
YDL160C,YNL074C,0,-6.4318094,0.3034001886844635,0.892307698726654,0.2048717886209488
YAR015W,YHR023W,0,-6.432418,0.3032679855823517,0.892307698726654,0.20499999821186066
YNL065W,YJR084W,0,-6.4324408,0.3031359016895294,0.892307698726654,0.20512820780277252
YCL044C,YOR343W-B,0,-6.4328775,0.3030039072036743,0.892307698726654,0.2052564173936844
YLR197W,YOR343W-B,0,-6.4330044,0.30287206172943115,0.892307698726654,0.20538461208343506
YER183C,YFL008W,0,-6.4331455,0.30274033546447754,0.892307698726654,0.20551282167434692
YJR040W,YNL264C,0,-6.433194,0.3026086986064911,0.892307698726654,0.2056410312652588
YGL155W,YBL034C,0,-6.4347744,0.3024771809577942,0.892307698726654,0.20576922595500946
YOR377W,YLR132C,0,-6.43589,0.30234578251838684,0.892307698726654,0.20589743554592133
YKL179C,YMR043W,0,-6.4365997,0.30221450328826904,0.892307698726654,0.2060256451368332
YLR353W,YBR034C,0,-6.4374037,0.3020833432674408,0.892307698726654,0.20615383982658386
YKL130C,YKL075C,0,-6.4390354,0.3019522726535797,0.892307698726654,0.20628204941749573
YMR138W,YLR275W,0,-6.4392424,0.3018213212490082,0.892307698726654,0.2064102590084076
YGR177C,YDR459C,0,-6.439492,0.3016905188560486,0.892307698726654,0.20653846859931946
YOR120W,YGR027W-B,0,-6.439518,0.30155980587005615,0.892307698726654,0.20666666328907013
YML073C,YPL193W,1,-6.439659,0.30186226963996887,0.8935897350311279,0.20666666328907013
YER120W,YDR023W,0,-6.439745,0.3017316162586212,0.8935897350311279,0.206794872879982
YPR186C,YGR042W,0,-6.4410124,0.3016010522842407,0.8935897350311279,0.20692308247089386
YPL262W,YPR158W-A,0,-6.441433,0.3014705777168274,0.8935897350311279,0.20705127716064453
YDL084W,YDR210C-D,0,-6.4424553,0.301340252161026,0.8935897350311279,0.2071794867515564
YFR024C,YAL009W,0,-6.4431486,0.3012100160121918,0.8935897350311279,0.20730769634246826
YFR024C,YLR277C,0,-6.4431677,0.3010798990726471,0.8935897350311279,0.20743589103221893
YOL065C,YDR207C,0,-6.4434023,0.30094990134239197,0.8935897350311279,0.2075641006231308
YMR041C,YHR214C-C,0,-6.4437323,0.3008200228214264,0.8935897350311279,0.20769231021404266
YGR029W,YDR013W,0,-6.443964,0.30069026350975037,0.8935897350311279,0.20782051980495453
YDR002W,YDR261W-B,0,-6.4443703,0.3005605936050415,0.8935897350311279,0.2079487144947052
YPR055W,YNR064C,0,-6.444661,0.3004310429096222,0.8935897350311279,0.20807692408561707
YBR107C,YAL015C,0,-6.445629,0.30030158162117004,0.8935897350311279,0.20820513367652893
YFR014C,YGR165W,0,-6.447113,0.30017226934432983,0.8935897350311279,0.2083333283662796
YCR093W,YOR008C-A,0,-6.4481974,0.3000430464744568,0.8935897350311279,0.20846153795719147
YGL195W,YKR048C,0,-6.4484797,0.2999139428138733,0.8935897350311279,0.20858974754810333
YHR206W,YOR353C,0,-6.4487906,0.29978495836257935,0.8935897350311279,0.208717942237854
YOL039W,YHL012W,0,-6.448902,0.29965606331825256,0.8935897350311279,0.20884615182876587
YOR011W,YPL274W,0,-6.4499283,0.29952728748321533,0.8935897350311279,0.20897436141967773
YPR030W,YCL020W,0,-6.4512224,0.29939863085746765,0.8935897350311279,0.2091025710105896
YIR004W,YIL085C,0,-6.451499,0.29927006363868713,0.8935897350311279,0.20923076570034027
YNL214W,YKL034W,0,-6.4515915,0.29914164543151855,0.8935897350311279,0.20935897529125214
YIL106W,YNL267W,0,-6.4516144,0.29901328682899475,0.8935897350311279,0.209487184882164
YDL052C,YDL120W,0,-6.4517183,0.2988850772380829,0.8935897350311279,0.20961537957191467
YBL014C,YGL232W,0,-6.452241,0.2987569570541382,0.8935897350311279,0.20974358916282654
YCL014W,YBL100W-B,0,-6.452818,0.29862895607948303,0.8935897350311279,0.2098717987537384
YPL195W,YGR072W,0,-6.4538937,0.29850107431411743,0.8935897350311279,0.20999999344348907
YDR116C,YPR158W-B,0,-6.453948,0.298373281955719,0.8935897350311279,0.21012820303440094
YER006W,YLR035C-A,0,-6.4540825,0.2982456088066101,0.8935897350311279,0.2102564126253128
YPL161C,YFR024C-A,0,-6.4541473,0.29811805486679077,0.8935897350311279,0.21038462221622467
YER166W,YOR301W,0,-6.4543514,0.2979905903339386,0.8935897350311279,0.21051281690597534
YBR260C,YDR088C,0,-6.4544544,0.297863245010376,0.8935897350311279,0.2106410264968872
YCL061C,YGR089W,0,-6.4558992,0.2977360188961029,0.8935897350311279,0.21076923608779907
YMR272C,YPL057C,0,-6.456873,0.297608882188797,0.8935897350311279,0.21089743077754974
YBR215W,YML010W,0,-6.4573803,0.29748186469078064,0.8935897350311279,0.2110256403684616
YML058W-A,YER031C,0,-6.457778,0.29735493659973145,0.8935897350311279,0.21115384995937347
YGR279C,YJR010C-A,0,-6.458252,0.2972281575202942,0.8935897350311279,0.21128204464912415
YJL102W,YBL005W-B,0,-6.4583054,0.2971014380455017,0.8935897350311279,0.211410254240036
YPL121C,YFL002W-A,0,-6.4590635,0.29697486758232117,0.8935897350311279,0.21153846383094788
YPL228W,YIL085C,0,-6.459119,0.2968483865261078,0.8935897350311279,0.21166667342185974
YKL051W,YNL213C,0,-6.459421,0.2967219948768616,0.8935897350311279,0.2117948681116104
YFL056C,YBR276C,0,-6.459673,0.2965957522392273,0.8935897350311279,0.21192307770252228
YDR037W,YDR170W-A,0,-6.460904,0.2964695990085602,0.8935897350311279,0.21205128729343414
YHR186C,YPR024W,0,-6.462574,0.29634353518486023,0.8935897350311279,0.21217948198318481
YPL140C,YLR132C,0,-6.4634047,0.29621759057044983,0.8935897350311279,0.21230769157409668
YOL027C,YLR362W,0,-6.4639187,0.296091765165329,0.8935897350311279,0.21243590116500854
YPL016W,YDR381W,0,-6.465576,0.2959660291671753,0.8935897350311279,0.21256409585475922
YIL007C,YLR298C,0,-6.4660635,0.29584041237831116,0.8935897350311279,0.21269230544567108
YBL016W,YOL115W,0,-6.4673433,0.2957148849964142,0.8935897350311279,0.21282051503658295
YNL071W,YKL034W,0,-6.4687605,0.29558947682380676,0.8935897350311279,0.2129487246274948
YCL024W,YHL003C,0,-6.4695606,0.2954641878604889,0.8935897350311279,0.21307691931724548
YIL014W,YOR004W,0,-6.4695845,0.2953389883041382,0.8935897350311279,0.21320512890815735
YDR420W,YDR079C-A,0,-6.469697,0.29521387815475464,0.8935897350311279,0.2133333384990692
YBR081C,YPL020C,0,-6.469722,0.29508891701698303,0.8935897350311279,0.21346153318881989
YLR405W,YGR038C-B,0,-6.470166,0.2949640154838562,0.8935897350311279,0.21358974277973175
YLR386W,YJL056C,0,-6.4704895,0.2948392629623413,0.8935897350311279,0.21371795237064362
YDL165W,YGR274C,0,-6.4707947,0.2947145998477936,0.8935897350311279,0.2138461470603943
YDR440W,YAR010C,0,-6.4709797,0.294590026140213,0.8935897350311279,0.21397435665130615
YPR049C,YJR026W,0,-6.4722376,0.294465571641922,0.8935897350311279,0.21410256624221802
YMR255W,YPL031C,0,-6.472562,0.29434120655059814,0.8935897350311279,0.21423077583312988
YGR213C,YGR161W-A,0,-6.4732304,0.29421696066856384,0.8935897350311279,0.21435897052288055
YMR177W,YGR104C,0,-6.4732904,0.2940928339958191,0.8935897350311279,0.21448718011379242
YPR111W,YLR011W,0,-6.4735193,0.2939687967300415,0.8935897350311279,0.21461538970470428
YGR261C,YKL176C,0,-6.4742403,0.2938448488712311,0.8935897350311279,0.21474358439445496
YCL029C,YOR182C,0,-6.475336,0.2937210202217102,0.8935897350311279,0.21487179398536682
YHR039C,YMR079W,0,-6.4754667,0.2935973107814789,0.8935897350311279,0.2150000035762787
YOL117W,YKL141W,0,-6.476677,0.2934736907482147,0.8935897350311279,0.21512819826602936
YFL039C,YDR077W,0,-6.477232,0.2933501601219177,0.8935897350311279,0.21525640785694122
YBR109C,YGR272C,0,-6.477298,0.2932267487049103,0.8935897350311279,0.2153846174478531
YBR112C,YMR308C,0,-6.477376,0.2931034564971924,0.8935897350311279,0.21551282703876495
YDR490C,YDL080C,0,-6.477601,0.29298025369644165,0.8935897350311279,0.21564102172851562
YBR160W,YER007W,0,-6.4777412,0.2928571403026581,0.8935897350311279,0.2157692313194275
YLR051C,YDR316W-B,0,-6.4794836,0.29273414611816406,0.8935897350311279,0.21589744091033936
YOL078W,YKL146W,0,-6.479622,0.2926112413406372,0.8935897350311279,0.21602563560009003
YJL104W,YLR268W,0,-6.4799337,0.2924884557723999,0.8935897350311279,0.2161538451910019
YGR179C,YBR216C,0,-6.479966,0.29236575961112976,0.8935897350311279,0.21628205478191376
YJR031C,YBR081C,0,-6.48104,0.29224318265914917,0.8935897350311279,0.21641024947166443
YFR005C,YBL005W-A,0,-6.4813128,0.29212069511413574,0.8935897350311279,0.2165384590625763
YGR155W,YAR010C,0,-6.481518,0.29199832677841187,0.8935897350311279,0.21666666865348816
YKR002W,YLR039C,0,-6.481642,0.29187604784965515,0.8935897350311279,0.21679487824440002
YLR435W,YCL075W,0,-6.4822655,0.2917538583278656,0.8935897350311279,0.2169230729341507
YCL012W,YDR407C,0,-6.4824495,0.2916317880153656,0.8935897350311279,0.21705128252506256
YPR178W,YGR272C,0,-6.483117,0.29150983691215515,0.8935897350311279,0.21717949211597443
YOL091W,YDR079C-A,0,-6.4833784,0.2913879454135895,0.8935897350311279,0.2173076868057251
YHR188C,YIL129C,0,-6.484168,0.29126620292663574,0.8935897350311279,0.21743589639663696
YPL076W,YBR111W-A,0,-6.484248,0.2911445200443268,0.8935897350311279,0.21756410598754883
YPR135W,YER166W,0,-6.4855843,0.2910229563713074,0.8935897350311279,0.2176923006772995
YGR155W,YDL229W,0,-6.486885,0.2909015119075775,0.8935897350311279,0.21782051026821136
YGL210W-A,YBR276C,0,-6.4872932,0.29078012704849243,0.8935897350311279,0.21794871985912323
YGR118W,YOR088W,0,-6.487914,0.2906588912010193,0.8935897350311279,0.2180769294500351
YBR109C,YNL041C,0,-6.4884243,0.2905377149581909,0.8935897350311279,0.21820512413978577
YOL095C,YPL118W,0,-6.4886446,0.2904166579246521,0.8935897350311279,0.21833333373069763
YKR036C,YJL041W,0,-6.4887094,0.29029572010040283,0.8935897350311279,0.2184615433216095
YBR215W,YGL232W,0,-6.488986,0.29017484188079834,0.8935897350311279,0.21858973801136017
YLR391W-A,YJL048C,0,-6.4890175,0.2900541126728058,0.8935897350311279,0.21871794760227203
YGR104C,YDR172W,0,-6.489234,0.289933443069458,0.8935897350311279,0.2188461571931839
YKL046C,YBR090C-A,0,-6.4893084,0.2898128926753998,0.8935897350311279,0.21897435188293457
YDR423C,YDR254W,0,-6.4893427,0.2896924316883087,0.8935897350311279,0.21910256147384644
YGR261C,YJL222W,0,-6.4898605,0.2895720899105072,0.8935897350311279,0.2192307710647583
YML132W,YDR076W,0,-6.4900055,0.28945183753967285,0.8935897350311279,0.21935898065567017
YLR026C,YMR203W,0,-6.4911623,0.28933167457580566,0.8935897350311279,0.21948717534542084
YBR090C-A,YDL170W,0,-6.491253,0.289211630821228,0.8935897350311279,0.2196153849363327
YLR157C,YGR111W,0,-6.491887,0.28909167647361755,0.8935897350311279,0.21974359452724457
YPL190C,YLR240W,0,-6.49218,0.28897181153297424,0.8935897350311279,0.21987178921699524
YCL017C,YHR214C-C,0,-6.4923058,0.2888520658016205,0.8935897350311279,0.2199999988079071
YBR112C,YPL001W,0,-6.492326,0.2887323796749115,0.8935897350311279,0.22012820839881897
YHR163W,YOR287C,0,-6.4929295,0.28861284255981445,0.8935897350311279,0.22025640308856964
YPL118W,YMR179W,0,-6.4932966,0.2884933650493622,0.8935897350311279,0.2203846126794815
YGR156W,YML014W,0,-6.4940147,0.28837400674819946,0.8935897350311279,0.22051282227039337
YMR263W,YDR316W-B,0,-6.4950523,0.2882547676563263,0.8935897350311279,0.22064103186130524
YGL163C,YDL020C,0,-6.495661,0.2881355881690979,0.8935897350311279,0.2207692265510559
YDL004W,YNL312W,0,-6.4959373,0.28801652789115906,0.8935897350311279,0.22089743614196777
YLR127C,YPL041C,0,-6.496416,0.2878975570201874,0.8935897350311279,0.22102564573287964
YFL048C,YLR459W,0,-6.4973803,0.28777870535850525,0.8935897350311279,0.2211538404226303
YDL142C,YKL117W,0,-6.4987764,0.2876599133014679,0.8935897350311279,0.22128205001354218
YPL262W,YER065C,0,-6.4988585,0.2875412404537201,0.8935897350311279,0.22141025960445404
YCL039W,YLR312C-B,0,-6.4997444,0.28742268681526184,0.8935897350311279,0.2215384542942047
YPR190C,YHR135C,0,-6.5001736,0.28730419278144836,0.8935897350311279,0.22166666388511658
YPL268W,YOR043W,0,-6.5008154,0.28718581795692444,0.8935897350311279,0.22179487347602844
YOR133W,YOR119C,0,-6.5008545,0.2870675325393677,0.8935897350311279,0.2219230830669403
YDR268W,YJL002C,0,-6.5017576,0.28694936633110046,0.8935897350311279,0.22205127775669098
YMR220W,YHR020W,0,-6.5024347,0.2868312895298004,0.8935897350311279,0.22217948734760284
YHR072W-A,YDR389W,0,-6.50288,0.28671327233314514,0.8935897350311279,0.2223076969385147
YMR135C,YDL038C,0,-6.5032396,0.2865954041481018,0.8935897350311279,0.22243589162826538
YOL076W,YGR172C,0,-6.503706,0.28647759556770325,0.8935897350311279,0.22256410121917725
YOL112W,YOR290C,0,-6.503953,0.28635990619659424,0.8935897350311279,0.2226923108100891
YNL302C,YOR064C,0,-6.504137,0.2862423062324524,0.8935897350311279,0.22282050549983978
YNL031C,YDR245W,0,-6.5049133,0.2861247956752777,0.8935897350311279,0.22294871509075165
YBL019W,YGR288W,0,-6.505992,0.2860073745250702,0.8935897350311279,0.2230769246816635
YLR226W,YDR040C,0,-6.506673,0.2858900725841522,0.8935897350311279,0.22320513427257538
YLR015W,YCL014W,0,-6.5069885,0.2857728600502014,0.8935897350311279,0.22333332896232605
YDR235W,YDR346C,0,-6.507538,0.2856557369232178,0.8935897350311279,0.22346153855323792
YML036W,YNR003C,0,-6.507698,0.2855387032032013,0.8935897350311279,0.22358974814414978
YNL221C,YJL127C,0,-6.5083427,0.28542178869247437,0.8935897350311279,0.22371794283390045
YPL018W,YIL082W-A,0,-6.5083427,0.2853049635887146,0.8935897350311279,0.22384615242481232
YJL214W,YDL130W-A,0,-6.5088577,0.285188227891922,0.8935897350311279,0.22397436201572418
YMR267W,YER160C,0,-6.5099792,0.28507158160209656,0.8935897350311279,0.22410255670547485
YBR041W,YPL001W,0,-6.5106583,0.2849550247192383,0.8935897350311279,0.22423076629638672
YDR188W,YGR006W,0,-6.511033,0.28483858704566956,0.8935897350311279,0.22435897588729858
YNL275W,YNL197C,0,-6.511099,0.2847222089767456,0.8935897350311279,0.22448718547821045
YPL116W,YCR066W,0,-6.5112934,0.2846059501171112,0.8935897350311279,0.22461538016796112
YCL014W,YBR102C,0,-6.51134,0.28448981046676636,0.8935897350311279,0.22474358975887299
YER143W,YER106W,0,-6.512062,0.2843737304210663,0.8935897350311279,0.22487179934978485
YDR299W,YOL028C,0,-6.512621,0.2842577397823334,0.8935897350311279,0.22499999403953552
YHL002W,YGR289C,0,-6.51342,0.28414186835289,0.8935897350311279,0.2251282036304474
YMR138W,YDR211W,0,-6.5140038,0.2840260863304138,0.8935897350311279,0.22525641322135925
YJL018W,YDR303C,0,-6.5145025,0.2839103937149048,0.8935897350311279,0.22538462281227112
YBL025W,YNL107W,0,-6.515004,0.2837947905063629,0.8935897350311279,0.2255128175020218
YHR200W,YER116C,0,-6.51521,0.2836792767047882,0.8935897350311279,0.22564102709293365
YPL078C,YDR483W,0,-6.5160713,0.28356388211250305,0.8935897350311279,0.22576923668384552
YGR098C,YDR422C,0,-6.5164194,0.28344854712486267,0.8935897350311279,0.2258974313735962
YPR034W,YAR002C-A,0,-6.5166264,0.28333333134651184,0.8935897350311279,0.22602564096450806
YOL112W,YJL114W,0,-6.517956,0.2832182049751282,0.8935897350311279,0.22615385055541992
YJL095W,YKL080W,0,-6.5183706,0.28310316801071167,0.8935897350311279,0.2262820452451706
YGR075C,YGL030W,0,-6.5189037,0.28298822045326233,0.8935897350311279,0.22641025483608246
YLR088W,YEL017C-A,0,-6.519086,0.28287336230278015,0.8935897350311279,0.22653846442699432
YLR433C,YNL186W,0,-6.519575,0.2827586233615875,0.8935897350311279,0.2266666740179062
YGL092W,YDL052C,0,-6.520898,0.2826439440250397,0.8935897350311279,0.22679486870765686
YHR133C,YGL046W,0,-6.521287,0.28252938389778137,0.8935897350311279,0.22692307829856873
YLR116W,YDL170W,0,-6.5214157,0.28241491317749023,0.8935897350311279,0.2270512878894806
YDR298C,YOR008C-A,0,-6.521922,0.28230053186416626,0.8935897350311279,0.22717948257923126
YOR355W,YER105C,0,-6.5226316,0.28218623995780945,0.8935897350311279,0.22730769217014313
YKL191W,YOR274W,0,-6.522791,0.2820720374584198,0.8935897350311279,0.227435901761055
YDL074C,YPL047W,0,-6.523346,0.2819579243659973,0.8935897350311279,0.22756409645080566
YDL013W,YIL061C,0,-6.5233574,0.281843900680542,0.8935897350311279,0.22769230604171753
YBR158W,YMR128W,0,-6.5238705,0.2817299962043762,0.8935897350311279,0.2278205156326294
YOR117W,YKR050W,0,-6.5260086,0.2816161513328552,0.8935897350311279,0.22794872522354126
YDR448W,YLR309C,0,-6.5265007,0.2815024256706238,0.8935897350311279,0.22807691991329193
YER129W,YER138C,0,-6.527214,0.2813887894153595,0.8935897350311279,0.2282051295042038
YBR093C,YJR135W-A,0,-6.5274286,0.28127521276474,0.8935897350311279,0.22833333909511566
YNL192W,YIL037C,0,-6.5275183,0.28116175532341003,0.8935897350311279,0.22846153378486633
YNR010W,YOR174W,0,-6.5276194,0.28104838728904724,0.8935897350311279,0.2285897433757782
YKL081W,YLR410W-A,0,-6.5276756,0.2809351086616516,0.8935897350311279,0.22871795296669006
YLR116W,YIL077C,0,-6.528245,0.28082191944122314,0.8935897350311279,0.22884614765644073
YNL227C,YOR063W,1,-6.5296907,0.28111156821250916,0.8948717713356018,0.22884614765644073
YBR286W,YJL106W,0,-6.5298586,0.2809983789920807,0.8948717713356018,0.2289743572473526
YDR129C,YIL017W,0,-6.5298653,0.2808853089809418,0.8948717713356018,0.22910256683826447
YNR032C-A,YGR074W,0,-6.530366,0.28077232837677,0.8948717713356018,0.22923077642917633
YDR022C,YBR105C,0,-6.530545,0.28065943717956543,0.8948717713356018,0.229358971118927
YHR183W,YBR143C,0,-6.530924,0.280546635389328,0.8948717713356018,0.22948718070983887
YHR015W,YEL020W-A,0,-6.531782,0.28043392300605774,0.8948717713356018,0.22961539030075073
YNL202W,YKL178C,0,-6.5318747,0.28032130002975464,0.8948717713356018,0.2297435849905014
YDR037W,YOR297C,0,-6.5320444,0.2802087366580963,0.8948717713356018,0.22987179458141327
YBR038W,YKR035W-A,0,-6.532489,0.2800963222980499,0.8948717713356018,0.23000000417232513
YOR011W,YHR143W,0,-6.532769,0.2799839675426483,0.8948717713356018,0.2301281988620758
YAL026C,YER173W,0,-6.532797,0.27987170219421387,0.8948717713356018,0.23025640845298767
YER114C,YBL051C,0,-6.533469,0.2797595262527466,0.8948717713356018,0.23038461804389954
YLR330W,YIL035C,0,-6.5337467,0.27964743971824646,0.8948717713356018,0.2305128276348114
YGL062W,YIL077C,0,-6.5346537,0.2795354425907135,0.8948717713356018,0.23064102232456207
YOR319W,YOR269W,0,-6.534671,0.2794235348701477,0.8948717713356018,0.23076923191547394
YJR053W,YLR467W,0,-6.534713,0.2793117165565491,0.8948717713356018,0.2308974415063858
YJL095W,YDR310C,0,-6.53483,0.2791999876499176,0.8948717713356018,0.23102563619613647
YIL150C,YNR048W,0,-6.535244,0.2790883779525757,0.8948717713356018,0.23115384578704834
YKL055C,YNL313C,0,-6.5363007,0.27897682785987854,0.8948717713356018,0.2312820553779602
YDR323C,YER173W,0,-6.536602,0.27886536717414856,0.8948717713356018,0.23141025006771088
YGR140W,YLR181C,0,-6.5367546,0.27875399589538574,0.8948717713356018,0.23153845965862274
YKR019C,YFL003C,0,-6.5367594,0.2786427140235901,0.8948717713356018,0.2316666692495346
YGR134W,YDR138W,0,-6.5370045,0.2785315215587616,0.8948717713356018,0.23179487884044647
YER006W,YPL016W,0,-6.537159,0.27842041850090027,0.8948717713356018,0.23192307353019714
YPL241C,YBR112C,0,-6.5373697,0.2783094048500061,0.8948717713356018,0.232051283121109
YKL015W,YCR062W,0,-6.5386124,0.2781984806060791,0.8948717713356018,0.23217949271202087
YOR367W,YDR322C-A,0,-6.539094,0.27808764576911926,0.8948717713356018,0.23230768740177155
YLR008C,YHR020W,0,-6.539282,0.2779769003391266,0.8948717713356018,0.2324358969926834
YPL015C,YML045W,0,-6.540065,0.2778662443161011,0.8948717713356018,0.23256410658359528
YMR167W,YDR135C,0,-6.5402107,0.2777556777000427,0.8948717713356018,0.23269230127334595
YJL166W,YMR050C,0,-6.5408287,0.27764520049095154,0.8948717713356018,0.2328205108642578
YKL073W,YNR026C,0,-6.541692,0.2775347828865051,0.8948717713356018,0.23294872045516968
YOR381W,YMR313C,0,-6.542897,0.27742448449134827,0.8948717713356018,0.23307693004608154
YPL176C,YLR467W,0,-6.5435877,0.27731427550315857,0.8948717713356018,0.23320512473583221
YMR029C,YJR045C,0,-6.5435915,0.27720412611961365,0.8948717713356018,0.23333333432674408
YBR090C-A,YOL040C,0,-6.5446224,0.2770940959453583,0.8948717713356018,0.23346154391765594
YDR036C,YMR190C,0,-6.5452614,0.2769841253757477,0.8948717713356018,0.23358973860740662
YOR079C,YLR449W,0,-6.545745,0.27687424421310425,0.8948717713356018,0.23371794819831848
YPL267W,YJL192C,0,-6.5463467,0.27676448225975037,0.8948717713356018,0.23384615778923035
YHR007C,YAL053W,0,-6.5467167,0.27665477991104126,0.8948717713356018,0.23397435247898102
YDR518W,YGL210W-A,0,-6.549782,0.2765451669692993,0.8948717713356018,0.23410256206989288
YDR110W,YGR122W,0,-6.5500107,0.27643564343452454,0.8948717713356018,0.23423077166080475
YLR133W,YMR293C,0,-6.5501556,0.2763262093067169,0.8948717713356018,0.2343589812517166
YPL171C,YPL159C,0,-6.550273,0.27621686458587646,0.8948717713356018,0.23448717594146729
YAR002C-A,YDL105W,0,-6.551549,0.2761076092720032,0.8948717713356018,0.23461538553237915
YPL082C,YML052W,0,-6.5517607,0.27599841356277466,0.8948717713356018,0.23474359512329102
YPL086C,YGL162W,0,-6.551939,0.2758893370628357,0.8948717713356018,0.2348717898130417
YLR167W,YDL058W,0,-6.552475,0.2757803201675415,0.8948717713356018,0.23499999940395355
YLR071C,YOR315W,0,-6.55262,0.2756713926792145,0.8948717713356018,0.23512820899486542
YHR082C,YDR388W,0,-6.552638,0.275562584400177,0.8948717713356018,0.2352564036846161
YBR106W,YGR161C-D,0,-6.55305,0.2754538357257843,0.8948717713356018,0.23538461327552795
YPL051W,YPR017C,0,-6.5536137,0.27534517645835876,0.8948717713356018,0.23551282286643982
YFL033C,YBL088C,0,-6.5542717,0.2752366065979004,0.8948717713356018,0.23564103245735168
YDR385W,YNL284C-B,0,-6.5551243,0.2751280963420868,0.8948717713356018,0.23576922714710236
YOR308C,YGR013W,0,-6.5554533,0.27501970529556274,0.8948717713356018,0.23589743673801422
YFL048C,YOR117W,0,-6.555807,0.27491137385368347,0.8948717713356018,0.2360256463289261
YDR188W,YKL088W,0,-6.5558357,0.27480316162109375,0.8948717713356018,0.23615384101867676
YLR312C-B,YCR053W,0,-6.5558853,0.2746950089931488,0.8948717713356018,0.23628205060958862
YDL074C,YLL038C,0,-6.556571,0.274586945772171,0.8948717713356018,0.2364102602005005
YJR082C,YHR143W-A,0,-6.557246,0.2744789719581604,0.8948717713356018,0.23653845489025116
YLR119W,YNL046W,0,-6.55737,0.27437105774879456,0.8948717713356018,0.23666666448116302
YKR035W-A,YMR143W,0,-6.558715,0.27426326274871826,0.8948717713356018,0.2367948740720749
YGL190C,YDR205W,0,-6.5592175,0.27415552735328674,0.8948717713356018,0.23692308366298676
YPR201W,YAR042W,0,-6.5593576,0.2740479111671448,0.8948717713356018,0.23705127835273743
YKL068W,YER019C-A,0,-6.5593843,0.2739403545856476,0.8948717713356018,0.2371794879436493
YML058W-A,YLR447C,0,-6.5607014,0.27383288741111755,0.8948717713356018,0.23730769753456116
YKL052C,YPL055C,0,-6.5616255,0.2737254798412323,0.8948717713356018,0.23743589222431183
YOR034C,YNR057C,0,-6.562907,0.2736181914806366,0.8948717713356018,0.2375641018152237
YHR056C,YBL011W,0,-6.563031,0.27351096272468567,0.8948717713356018,0.23769231140613556
YPL232W,YGR122W,0,-6.5632954,0.2734038531780243,0.8948717713356018,0.23782050609588623
YIR037W,YDL109C,0,-6.5633717,0.2732968032360077,0.8948717713356018,0.2379487156867981
YPR168W,YFR004W,0,-6.5636616,0.27318981289863586,0.8948717713356018,0.23807692527770996
YDL161W,YLR163C,0,-6.5641212,0.2730829417705536,0.8948717713356018,0.23820513486862183
YEL071W,YKR020W,0,-6.5649967,0.2729761302471161,0.8948717713356018,0.2383333295583725
YML112W,YLR291C,0,-6.5652704,0.27286943793296814,0.8948717713356018,0.23846153914928436
YMR035W,YML107C,0,-6.5654354,0.27276280522346497,0.8948717713356018,0.23858974874019623
YPL193W,YLR022C,1,-6.5656157,0.2730468809604645,0.8961538672447205,0.23858974874019623
YNR032C-A,YER127W,0,-6.566078,0.2729402482509613,0.8961538672447205,0.2387179434299469
YOR256C,YCR102C,0,-6.566105,0.2728337347507477,0.8961538672447205,0.23884615302085876
YOL145C,YBR188C,0,-6.566125,0.27272728085517883,0.8961538672447205,0.23897436261177063
YJR140C,YCR081W,0,-6.5668154,0.27262091636657715,0.8961538672447205,0.2391025573015213
YER166W,YLR045C,0,-6.5668287,0.27251461148262024,0.8961538672447205,0.23923076689243317
YER155C,YGR238C,0,-6.5670633,0.2724084258079529,0.8961538672447205,0.23935897648334503
YDR078C,YLR301W,0,-6.5672474,0.2723022997379303,0.8961538672447205,0.2394871860742569
YBR038W,YIL138C,0,-6.5681705,0.2721962630748749,0.8961538672447205,0.23961538076400757
YBR106W,YJL176C,0,-6.56833,0.2720903158187866,0.8961538672447205,0.23974359035491943
YIL095W,YCL031C,0,-6.568928,0.27198442816734314,0.8961538672447205,0.2398717999458313
YIL046W,YDR310C,0,-6.569439,0.2718786597251892,0.8961538672447205,0.23999999463558197
YOR130C,YBL017C,0,-6.569659,0.27177295088768005,0.8961538672447205,0.24012820422649384
YAL033W,YLR181C,0,-6.570114,0.2716673016548157,0.8961538672447205,0.2402564138174057
YPR111W,YFL033C,0,-6.5709887,0.27156177163124084,0.8961538672447205,0.24038460850715637
YJR092W,YNL299W,0,-6.5719233,0.2714563012123108,0.8961538672447205,0.24051281809806824
YGR218W,YDR160W,0,-6.5723658,0.2713509202003479,0.8961538672447205,0.2406410276889801
YDR268W,YKL088W,0,-6.5726004,0.2712456285953522,0.8961538672447205,0.24076923727989197
YBR084W,YJL117W,0,-6.5737267,0.2711404263973236,0.8961538672447205,0.24089743196964264
YKR089C,YDR457W,0,-6.5745716,0.2710352838039398,0.8961538672447205,0.2410256415605545
YOR149C,YHR138C,0,-6.5757895,0.2709302306175232,0.8961538672447205,0.24115385115146637
YJL104W,YMR059W,0,-6.575797,0.27082526683807373,0.8961538672447205,0.24128204584121704
YDR263C,YPR094W,0,-6.576207,0.27072036266326904,0.8961538672447205,0.2414102554321289
YJL167W,YIR037W,0,-6.576605,0.2706155776977539,0.8961538672447205,0.24153846502304077
YPR025C,YIL097W,0,-6.5778923,0.27051082253456116,0.8961538672447205,0.24166665971279144
YGR057C,YPR073C,0,-6.5780163,0.27040618658065796,0.8961538672447205,0.2417948693037033
YGR261C,YOR088W,0,-6.5780735,0.27030161023139954,0.8961538672447205,0.24192307889461517
YHR055C,YJR055W,0,-6.578577,0.27019715309143066,0.8961538672447205,0.24205128848552704
YOR085W,YNL126W,0,-6.578644,0.2700927257537842,0.8961538672447205,0.2421794831752777
YGL092W,YML109W,0,-6.5790186,0.26998841762542725,0.8961538672447205,0.24230769276618958
YBR212W,YCL043C,0,-6.579261,0.2698841691017151,0.8961538672447205,0.24243590235710144
YNL164C,YLR355C,0,-6.579422,0.2697800099849701,0.8961538672447205,0.2425640970468521
YMR288W,YER112W,0,-6.5799255,0.26967594027519226,0.8961538672447205,0.24269230663776398
YML016C,YGL053W,0,-6.5802164,0.2695719301700592,0.8961538672447205,0.24282051622867584
YGR169C,YCR035C,0,-6.580757,0.2694680094718933,0.8961538672447205,0.2429487109184265
YEL042W,YNL121C,0,-6.58076,0.2693641483783722,0.8961538672447205,0.24307692050933838
YDR318W,YGL067W,0,-6.580858,0.2692604064941406,0.8961538672447205,0.24320513010025024
YBR041W,YGR268C,0,-6.581209,0.26915672421455383,0.8961538672447205,0.2433333396911621
YLR098C,YCR055C,0,-6.582527,0.2690531313419342,0.8961538672447205,0.24346153438091278
YIL112W,YGL173C,0,-6.583087,0.26894959807395935,0.8961538672447205,0.24358974397182465
YDR329C,YNR034W,0,-6.5840025,0.26884615421295166,0.8961538672447205,0.2437179535627365
YDL028C,YHR196W,0,-6.5850573,0.26874279975891113,0.8961538672447205,0.24384614825248718
YPR025C,YER051W,0,-6.5857496,0.2686395049095154,0.8961538672447205,0.24397435784339905
YDR040C,YLL043W,0,-6.5858297,0.2685362994670868,0.8961538672447205,0.2441025674343109
YER032W,YAL033W,0,-6.58624,0.26843318343162537,0.8961538672447205,0.24423076212406158
YMR143W,YGL115W,0,-6.586418,0.2683301270008087,0.8961538672447205,0.24435897171497345
YKL182W,YKL143W,0,-6.5871754,0.26822715997695923,0.8961538672447205,0.24448718130588531
YOR354C,YPR002W,0,-6.588127,0.2681242823600769,0.8961538672447205,0.24461539089679718
YBR090C-A,YMR079W,0,-6.588352,0.26802146434783936,0.8961538672447205,0.24474358558654785
YCR052W,YJR029W,0,-6.589369,0.26791873574256897,0.8961538672447205,0.24487179517745972
YDR206W,YGR172C,0,-6.589575,0.26781609654426575,0.8961538672447205,0.24500000476837158
YNL020C,YJR049C,0,-6.5902243,0.2677135169506073,0.8961538672447205,0.24512819945812225
YDR263C,YNL145W,0,-6.5925817,0.267611026763916,0.8961538672447205,0.24525640904903412
YMR029C,YML032C,0,-6.592615,0.2675085961818695,0.8961538672447205,0.24538461863994598
YDL165W,YLR321C,0,-6.5927734,0.26740628480911255,0.8961538672447205,0.24551281332969666
YPR082C,YFR005C,0,-6.593199,0.267304003238678,0.8961538672447205,0.24564102292060852
YGL166W,YOR245C,0,-6.5932083,0.26720184087753296,0.8961538672447205,0.24576923251152039
YBR201W,YDL038C,0,-6.593609,0.2670997381210327,0.8961538672447205,0.24589744210243225
YML132W,YBR058C,0,-6.59441,0.26699769496917725,0.8961538672447205,0.24602563679218292
YPR006C,YNL012W,0,-6.59589,0.26689577102661133,0.8961538672447205,0.2461538463830948
YOR085W,YIL126W,0,-6.5961084,0.2667939066886902,0.8961538672447205,0.24628205597400665
YGR157W,YMR220W,0,-6.596262,0.2666921019554138,0.8961538672447205,0.24641025066375732
YNL147W,YMR236W,0,-6.5962963,0.2665903866291046,0.8961538672447205,0.2465384602546692
YHR067W,YIL075C,0,-6.5965414,0.2664887607097626,0.8961538672447205,0.24666666984558105
YKR031C,YNL339C,0,-6.5971622,0.2663871943950653,0.8961538672447205,0.24679486453533173
YOL023W,YOR330C,0,-6.5972977,0.2662857174873352,0.8961538672447205,0.2469230741262436
YOR381W,YBR175W,0,-6.5976715,0.2661843001842499,0.8961538672447205,0.24705128371715546
YBL093C,YBL088C,0,-6.5980234,0.2660829722881317,0.8961538672447205,0.24717949330806732
YJR017C,YDR077W,0,-6.598053,0.2659817337989807,0.8961538672447205,0.247307687997818
YDR300C,YMR039C,0,-6.598773,0.2658805549144745,0.8961538672447205,0.24743589758872986
YHR107C,YGL029W,0,-6.599272,0.2657794654369354,0.8961538672447205,0.24756410717964172
YLL050C,YLR200W,0,-6.599868,0.26567843556404114,0.8961538672447205,0.2476923018693924
YNL206C,YDR115W,0,-6.6004944,0.265577495098114,0.8961538672447205,0.24782051146030426
YDR400W,YJL114W,0,-6.6008997,0.26547664403915405,0.8961538672447205,0.24794872105121613
YNL071W,YOR256C,0,-6.601162,0.26537585258483887,0.8961538672447205,0.2480769157409668
YBR253W,YCL019W,0,-6.601179,0.26527515053749084,0.8961538672447205,0.24820512533187866
YIL114C,YOR361C,0,-6.6012344,0.2651745080947876,0.8961538672447205,0.24833333492279053
YOR274W,YER190W,0,-6.601739,0.2650739550590515,0.8961538672447205,0.2484615445137024
YOL045W,YMR061W,0,-6.601864,0.2649734616279602,0.8961538672447205,0.24858973920345306
YMR316W,YGR080W,0,-6.602502,0.26487305760383606,0.8961538672447205,0.24871794879436493
YLR214W,YOR168W,0,-6.60425,0.2647727131843567,0.8961538672447205,0.2488461583852768
YBR158W,YDR382W,0,-6.60489,0.2646724581718445,0.8961538672447205,0.24897435307502747
YLR165C,YEL012W,0,-6.6057186,0.26457229256629944,0.8961538672447205,0.24910256266593933
YPR073C,YIL021W,0,-6.605732,0.26447218656539917,0.8961538672447205,0.2492307722568512
YPL217C,YBL051C,0,-6.607175,0.26437216997146606,0.8961538672447205,0.24935896694660187
YMR023C,YPL283C,0,-6.6072655,0.26427221298217773,0.8961538672447205,0.24948717653751373
YPL213W,YGR112W,0,-6.6073456,0.26417234539985657,0.8961538672447205,0.2496153861284256
YBL042C,YDL118W,0,-6.609688,0.2640725374221802,0.8961538672447205,0.24974359571933746
YML071C,YLR410W,0,-6.6100416,0.26397281885147095,0.8961538672447205,0.24987179040908813
YJR017C,YIL017W,0,-6.610176,0.2638731598854065,0.8961538672447205,0.25
YPR042C,YJR004C,0,-6.6104193,0.2637735903263092,0.8961538672447205,0.25012820959091187
YDR323C,YHL012W,0,-6.610469,0.2636740803718567,0.8961538672447205,0.25025641918182373
YLR433C,YLR426W,0,-6.6105385,0.26357465982437134,0.8961538672447205,0.2503846287727356
YAL020C,YBR090C-A,0,-6.6111603,0.26347529888153076,0.8961538672447205,0.2505128085613251
YEL056W,YER138C,0,-6.611459,0.26337602734565735,0.8961538672447205,0.25064101815223694
YIR004W,YOR362C,0,-6.6119404,0.2632768452167511,0.8961538672447205,0.2507692277431488
YCR107W,YJR140C,0,-6.6122103,0.2631777226924896,0.8961538672447205,0.25089743733406067
YCR071C,YIL029C,0,-6.613489,0.2630786597728729,0.8961538672447205,0.25102564692497253
YEL037C,YIL018W,0,-6.614089,0.2629796862602234,0.8961538672447205,0.2511538565158844
YBR236C,YJL222W,0,-6.615012,0.26288077235221863,0.8961538672447205,0.25128206610679626
YNL259C,YBR192W,0,-6.6162157,0.26278194785118103,0.8961538672447205,0.25141024589538574
YHR056C,YAL030W,0,-6.6168165,0.2626832127571106,0.8961538672447205,0.2515384554862976
YDL149W,YER167W,0,-6.6168337,0.26258453726768494,0.8961538672447205,0.2516666650772095
YNL123W,YMR227C,0,-6.616954,0.26248592138290405,0.8961538672447205,0.25179487466812134
YIL101C,YOR088W,0,-6.6179094,0.26238739490509033,0.8961538672447205,0.2519230842590332
YPL051W,YFL008W,0,-6.6184225,0.2622889280319214,0.8961538672447205,0.25205129384994507
YLR382C,YMR050C,0,-6.618682,0.2621905505657196,0.8961538672447205,0.25217947363853455
YDR418W,YML025C,1,-6.618723,0.2624672055244446,0.8974359035491943,0.25217947363853455
YIL106W,YPR165W,0,-6.6191206,0.2623688280582428,0.8974359035491943,0.2523076832294464
YKR101W,YNL339C,0,-6.619978,0.2622705101966858,0.8974359035491943,0.2524358928203583
YPL269W,YIL017W,0,-6.6205225,0.26217228174209595,0.8974359035491943,0.25256410241127014
YDR440W,YER148W,0,-6.620843,0.26207414269447327,0.8974359035491943,0.252692312002182
YDR419W,YKL175W,0,-6.622181,0.261976033449173,0.8974359035491943,0.25282052159309387
YDR418W,YPL193W,1,-6.6230907,0.26225215196609497,0.8987179398536682,0.25282052159309387
YDR320C-A,YOL044W,0,-6.62348,0.26215407252311707,0.8987179398536682,0.25294873118400574
YHR074W,YGL096W,0,-6.6235514,0.2620560824871063,0.8987179398536682,0.2530769109725952
YGR121C,YMR026C,0,-6.624214,0.26195815205574036,0.8987179398536682,0.2532051205635071
YLR110C,YPR163C,0,-6.624668,0.26186028122901917,0.8987179398536682,0.25333333015441895
YJL134W,YBR061C,0,-6.6247807,0.26176249980926514,0.8987179398536682,0.2534615397453308
YFL004W,YGR122W,0,-6.625185,0.26166480779647827,0.8987179398536682,0.2535897493362427
YDR052C,YDR465C,0,-6.6274548,0.2615671753883362,0.8987179398536682,0.25371795892715454
YOL082W,YKL070W,0,-6.6286316,0.26146960258483887,0.8987179398536682,0.2538461685180664
YDR216W,YLR206W,0,-6.6293135,0.2613721191883087,0.8987179398536682,0.2539743483066559
YOL034W,YCR062W,0,-6.6320915,0.26127469539642334,0.8987179398536682,0.25410255789756775
YGL005C,YGL006W,0,-6.6322155,0.2611773610115051,0.8987179398536682,0.2542307674884796
YMR128W,YCR052W,0,-6.632409,0.2610800862312317,0.8987179398536682,0.2543589770793915
YER164W,YHL007C,0,-6.633111,0.260982871055603,0.8987179398536682,0.25448718667030334
YDL142C,YOR156C,0,-6.633749,0.26088574528694153,0.8987179398536682,0.2546153962612152
YPR094W,YGR181W,0,-6.6338243,0.2607886791229248,0.8987179398536682,0.2547435760498047
YGR091W,YIL144W,0,-6.6343784,0.26069170236587524,0.8987179398536682,0.25487178564071655
YJL111W,YHR183W,0,-6.6345367,0.26059478521347046,0.8987179398536682,0.2549999952316284
YNL094W,YAL009W,0,-6.6356115,0.26049795746803284,0.8987179398536682,0.2551282048225403
YBR093C,YJL192C,0,-6.6358356,0.26040118932724,0.8987179398536682,0.25525641441345215
YPR183W,YML105C,0,-6.6359987,0.2603044807910919,0.8987179398536682,0.255384624004364
YLR109W,YBL100W-B,0,-6.636841,0.260207861661911,0.8987179398536682,0.2555128335952759
YNL072W,YML014W,0,-6.6370363,0.26011133193969727,0.8987179398536682,0.25564101338386536
YOR253W,YMR050C,0,-6.6373796,0.2600148320198059,0.8987179398536682,0.2557692229747772
YJR076C,YEL056W,0,-6.637924,0.2599184215068817,0.8987179398536682,0.2558974325656891
YNL111C,YLL036C,0,-6.639323,0.2598221004009247,0.8987179398536682,0.25602564215660095
YPL152W,YAL002W,0,-6.639513,0.2597258388996124,0.8987179398536682,0.2561538517475128
YIL038C,YLR378C,0,-6.639904,0.25962963700294495,0.8987179398536682,0.2562820613384247
YNL059C,YMR260C,0,-6.63992,0.25953349471092224,0.8987179398536682,0.25641027092933655
YCR014C,YML040W,0,-6.640094,0.2594374418258667,0.8987179398536682,0.256538450717926
YNL307C,YDL002C,0,-6.640152,0.2593414783477783,0.8987179398536682,0.2566666603088379
YDR236C,YDR302W,0,-6.6404123,0.2592455744743347,0.8987179398536682,0.25679486989974976
YFR021W,YLR319C,0,-6.6414967,0.2591497302055359,0.8987179398536682,0.2569230794906616
YAL021C,YJL087C,0,-6.642147,0.25905394554138184,0.8987179398536682,0.2570512890815735
YER027C,YNL253W,0,-6.6433363,0.25895825028419495,0.8987179398536682,0.25717949867248535
YER073W,YKL200C,0,-6.6434584,0.25886261463165283,0.8987179398536682,0.25730767846107483
YPR165W,YFL004W,0,-6.6435823,0.2587670683860779,0.8987179398536682,0.2574358880519867
YBL013W,YCR091W,0,-6.6438437,0.2586715817451477,0.8987179398536682,0.25756409764289856
YER007W,YGL162W,0,-6.644212,0.2585761845111847,0.8987179398536682,0.2576923072338104
YPL132W,YGR029W,0,-6.644664,0.25848081707954407,0.8987179398536682,0.2578205168247223
YPL259C,YBR098W,0,-6.6447744,0.2583855390548706,0.8987179398536682,0.25794872641563416
YMR001C,YFR009W,0,-6.6451864,0.2582903504371643,0.8987179398536682,0.258076936006546
YKL149C,YPR179C,0,-6.6452255,0.2581952214241028,0.8987179398536682,0.2582051157951355
YGR217W,YBL024W,0,-6.6460276,0.25810015201568604,0.8987179398536682,0.25833332538604736
YML130C,YFR050C,0,-6.6479797,0.25800514221191406,0.8987179398536682,0.25846153497695923
YPL091W,YPL092W,0,-6.6480675,0.25791022181510925,0.8987179398536682,0.2585897445678711
YJL099W,YGL172W,0,-6.6492405,0.2578153610229492,0.8987179398536682,0.25871795415878296
YMR264W,YNL213C,0,-6.649908,0.25772058963775635,0.8987179398536682,0.2588461637496948
YNL218W,YDL043C,0,-6.649908,0.25762587785720825,0.8987179398536682,0.2589743733406067
YHR021C,YDR393W,0,-6.6500587,0.25753122568130493,0.8987179398536682,0.25910255312919617
YDL033C,YMR046C,0,-6.6504574,0.2574366629123688,0.8987179398536682,0.25923076272010803
YGR166W,YKR056W,0,-6.6506786,0.257342129945755,0.8987179398536682,0.2593589723110199
YBR192W,YBL034C,0,-6.6509295,0.2572477161884308,0.8987179398536682,0.25948718190193176
YGR142W,YDL244W,0,-6.6516867,0.25715333223342896,0.8987179398536682,0.25961539149284363
YOR067C,YLR453C,0,-6.6517353,0.2570590376853943,0.8987179398536682,0.2597436010837555
YPL171C,YDL059C,0,-6.652315,0.2569648027420044,0.8987179398536682,0.25987178087234497
YDR385W,YIL139C,0,-6.654727,0.25687065720558167,0.8987179398536682,0.25999999046325684
YER040W,YJL139C,0,-6.6549473,0.2567765712738037,0.8987179398536682,0.2601282000541687
YGL173C,YDL147W,0,-6.6552,0.25668254494667053,0.8987179398536682,0.26025640964508057
YGR091W,YGR275W,0,-6.655631,0.25658857822418213,0.8987179398536682,0.26038461923599243
YKR095W-A,YOR362C,0,-6.6559896,0.2564947009086609,0.8987179398536682,0.2605128288269043
YDL160C,YDR115W,0,-6.6564074,0.2564008831977844,0.8987179398536682,0.26064103841781616
YJL033W,YPR173C,0,-6.656789,0.25630712509155273,0.8987179398536682,0.26076921820640564
YER167W,YGL163C,0,-6.6570597,0.2562134563922882,0.8987179398536682,0.2608974277973175
YLL031C,YER118C,0,-6.6575756,0.25611984729766846,0.8987179398536682,0.26102563738822937
YKL101W,YDR386W,0,-6.6577206,0.2560262978076935,0.8987179398536682,0.26115384697914124
YOL065C,YKL195W,0,-6.6582603,0.2559328079223633,0.8987179398536682,0.2612820565700531
YPR171W,YOR195W,0,-6.659116,0.25583940744400024,0.8987179398536682,0.26141026616096497
YLR114C,YDR079C-A,0,-6.6592646,0.255746066570282,0.8987179398536682,0.26153847575187683
YLR055C,YJR026W,0,-6.660406,0.2556528151035309,0.8987179398536682,0.2616666555404663
YPL241C,YDR079C-A,0,-6.6604958,0.2555595934391022,0.8987179398536682,0.2617948651313782
YDR116C,YEL002C,0,-6.6606627,0.2554664611816406,0.8987179398536682,0.26192307472229004
YNL163C,YLR022C,1,-6.661233,0.25573769211769104,0.8999999761581421,0.26192307472229004
YDL022W,YDL120W,0,-6.662719,0.2556445598602295,0.8999999761581421,0.2620512843132019
YPL057C,YOR305W,0,-6.663227,0.2555515170097351,0.8999999761581421,0.26217949390411377
YBR090C-A,YOR212W,0,-6.663229,0.2554585039615631,0.8999999761581421,0.26230770349502563
YPL195W,YDR421W,0,-6.663517,0.2553655803203583,0.8999999761581421,0.2624358832836151
YPR131C,YPR041W,0,-6.6638517,0.2552727162837982,0.8999999761581421,0.262564092874527
YNR030W,YPL170W,0,-6.6640396,0.2551799416542053,0.8999999761581421,0.26269230246543884
YOR058C,YKL125W,0,-6.6641426,0.2550871968269348,0.8999999761581421,0.2628205120563507
YLL038C,YMR046C,0,-6.6642246,0.25499454140663147,0.8999999761581421,0.2629487216472626
YBR196C,YCR024C-A,0,-6.664528,0.2549019753932953,0.8999999761581421,0.26307693123817444
YDR073W,YBR012W-B,0,-6.664915,0.2548094391822815,0.8999999761581421,0.2632051408290863
YBR295W,YDR078C,0,-6.665452,0.25471699237823486,0.8999999761581421,0.2633333206176758
YCR024C-A,YOR295W,0,-6.665472,0.254624605178833,0.8999999761581421,0.26346153020858765
YOR211C,YOL069W,0,-6.6657495,0.2545322775840759,0.8999999761581421,0.2635897397994995
YPL051W,YOR372C,0,-6.6657743,0.2544400095939636,0.8999999761581421,0.2637179493904114
YDR164C,YML039W,0,-6.6670847,0.2543478310108185,0.8999999761581421,0.26384615898132324
YMR232W,YDR485C,0,-6.668026,0.2542557120323181,0.8999999761581421,0.2639743685722351
YCL003W,YNL088W,0,-6.668565,0.2541636526584625,0.8999999761581421,0.264102578163147
YHR068W,YML114C,0,-6.668953,0.2540716528892517,0.8999999761581421,0.26423075795173645
YBL002W,YDR116C,0,-6.6691666,0.25397974252700806,0.8999999761581421,0.2643589675426483
YCL032W,YBL005W-B,0,-6.6698847,0.2538878917694092,0.8999999761581421,0.2644871771335602
YMR012W,YPL116W,0,-6.6699486,0.2537961006164551,0.8999999761581421,0.26461538672447205
YDR377W,YMR238W,0,-6.670145,0.25370436906814575,0.8999999761581421,0.2647435963153839
YPL213W,YDL038C,0,-6.670411,0.2536127269268036,0.8999999761581421,0.2648718059062958
YFR021W,YCR092C,0,-6.6704483,0.2535211145877838,0.8999999761581421,0.26499998569488525
YML103C,YLR455W,0,-6.6723595,0.2534295916557312,0.8999999761581421,0.2651281952857971
YNL220W,YAR010C,0,-6.6727266,0.25333815813064575,0.8999999761581421,0.265256404876709
YLL031C,YER151C,0,-6.6728725,0.2532467544078827,0.8999999761581421,0.26538461446762085
YDR040C,YDL170W,0,-6.673316,0.2531554400920868,0.8999999761581421,0.2655128240585327
YBR049C,YMR046C,0,-6.6734734,0.2530641555786133,0.8999999761581421,0.2656410336494446
YBR274W,YKR031C,0,-6.6736355,0.25297296047210693,0.8999999761581421,0.26576924324035645
YPR005C,YBR293W,0,-6.6736603,0.25288185477256775,0.8999999761581421,0.2658974230289459
YML058W-A,YMR036C,0,-6.6746674,0.25279077887535095,0.8999999761581421,0.2660256326198578
YMR044W,YJL114W,0,-6.674861,0.2526997923851013,0.8999999761581421,0.26615384221076965
YLR430W,YMR218C,0,-6.675193,0.25260886549949646,0.8999999761581421,0.2662820518016815
YFL039C,YNL263C,0,-6.675276,0.2525179982185364,0.8999999761581421,0.2664102613925934
YER106W,YDL130W-A,0,-6.675414,0.25242719054222107,0.8999999761581421,0.26653847098350525
YOR239W,YKL057C,0,-6.6760483,0.25233644247055054,0.8999999761581421,0.2666666805744171
YHR077C,YLR417W,0,-6.676265,0.25224578380584717,0.8999999761581421,0.2667948603630066
YNL121C,YNL213C,0,-6.6764364,0.2521551847457886,0.8999999761581421,0.26692306995391846
YPR134W,YDR077W,0,-6.6764746,0.25206464529037476,0.8999999761581421,0.2670512795448303
YJL091C,YGR135W,0,-6.677168,0.2519741654396057,0.8999999761581421,0.2671794891357422
YDR254W,YDR343C,0,-6.6773167,0.25188374519348145,0.8999999761581421,0.26730769872665405
YKR035W-A,YPL033C,0,-6.6776686,0.25179341435432434,0.8999999761581421,0.2674359083175659
YBR200W,YOR098C,0,-6.6782627,0.2517031133174896,0.8999999761581421,0.2675640881061554
YGL012W,YDR170W-A,0,-6.678384,0.25161290168762207,0.8999999761581421,0.26769229769706726
YCL061C,YPL016W,0,-6.6784277,0.2515227496623993,0.8999999761581421,0.2678205072879791
YGL168W,YNL113W,0,-6.678437,0.2514326572418213,0.8999999761581421,0.267948716878891
YIL117C,YPL045W,0,-6.6797857,0.25134265422821045,0.8999999761581421,0.26807692646980286
YNL312W,YML055W,0,-6.680087,0.251252681016922,0.8999999761581421,0.2682051360607147
YNL119W,YMR216C,0,-6.6806097,0.2511627972126007,0.8999999761581421,0.2683333456516266
YKL144C,YPR139C,0,-6.680622,0.2510729730129242,0.8999999761581421,0.26846152544021606
YJR076C,YFL048C,0,-6.6812143,0.25098320841789246,0.8999999761581421,0.26858973503112793
YBR110W,YML107C,0,-6.681406,0.2508935034275055,0.8999999761581421,0.2687179446220398
YGL065C,YLR039C,0,-6.6818123,0.2508038580417633,0.8999999761581421,0.26884615421295166
YGR098C,YPL269W,0,-6.6823406,0.2507142722606659,0.8999999761581421,0.2689743638038635
YBR231C,YMR284W,0,-6.682376,0.25062477588653564,0.8999999761581421,0.2691025733947754
YML061C,YDR023W,0,-6.6828756,0.25053533911705017,0.8999999761581421,0.26923078298568726
YLR304C,YDL178W,0,-6.6831694,0.2504459619522095,0.8999999761581421,0.26935896277427673
YNL119W,YLR265C,0,-6.6848164,0.25035664439201355,0.8999999761581421,0.2694871723651886
YDL220C,YDR434W,0,-6.6859446,0.2502673864364624,0.8999999761581421,0.26961538195610046
YCR067C,YPR078C,0,-6.686822,0.25017818808555603,0.8999999761581421,0.26974359154701233
YGR163W,YNL297C,0,-6.6872606,0.25008904933929443,0.8999999761581421,0.2698718011379242
YJL156C,YJR029W,0,-6.687355,0.25,0.8999999761581421,0.27000001072883606
YDL105W,YPR132W,0,-6.687604,0.24991099536418915,0.8999999761581421,0.27012819051742554
YOR136W,YBR212W,0,-6.687607,0.24982206523418427,0.8999999761581421,0.2702564001083374
YAL026C,YBR175W,0,-6.6879425,0.24973319470882416,0.8999999761581421,0.27038460969924927
YJR158W,YMR101C,0,-6.688101,0.24964438378810883,0.8999999761581421,0.27051281929016113
YBR278W,YDR388W,0,-6.688237,0.24955563247203827,0.8999999761581421,0.270641028881073
YKL012W,YPR161C,0,-6.6893597,0.24946695566177368,0.8999999761581421,0.27076923847198486
YIL132C,YGL067W,0,-6.6898165,0.24937832355499268,0.8999999761581421,0.27089744806289673
YKL213C,YNL128W,0,-6.690796,0.24928976595401764,0.8999999761581421,0.2710256278514862
YDR384C,YIL080W,0,-6.6909485,0.24920128285884857,0.8999999761581421,0.27115383744239807
YDL044C,YDR447C,0,-6.692396,0.24911284446716309,0.8999999761581421,0.27128204703330994
YNL218W,YDR180W,0,-6.692627,0.24902448058128357,0.8999999761581421,0.2714102566242218
YPL075W,YMR075W,0,-6.6926565,0.24893617630004883,0.8999999761581421,0.27153846621513367
YNL298W,YHR165C,0,-6.6931667,0.24884793162345886,0.8999999761581421,0.27166667580604553
YDR118W,YMR204C,0,-6.6944466,0.24875974655151367,0.8999999761581421,0.2717948853969574
YIL044C,YJL192C,0,-6.6948204,0.24867162108421326,0.8999999761581421,0.2719230651855469
YBL040C,YJL208C,0,-6.6950884,0.2485835701227188,0.8999999761581421,0.27205127477645874
YDR160W,YNL253W,0,-6.695672,0.24849557876586914,0.8999999761581421,0.2721794843673706
YML110C,YJR029W,0,-6.6961107,0.24840764701366425,0.8999999761581421,0.27230769395828247
YDR179C,YKR025W,0,-6.6966524,0.24831977486610413,0.8999999761581421,0.27243590354919434
YNL059C,YMR045C,0,-6.6970253,0.24823196232318878,0.8999999761581421,0.2725641131401062
YKR022C,YLR264W,0,-6.6971874,0.2481442242860794,0.8999999761581421,0.2726922929286957
YGL006W,YLR119W,0,-6.697324,0.2480565309524536,0.8999999761581421,0.27282050251960754
YBL024W,YNL072W,0,-6.699685,0.2479689121246338,0.8999999761581421,0.2729487121105194
YOL034W,YLR181C,0,-6.699724,0.24788135290145874,0.8999999761581421,0.2730769217014313
YGL124C,YHR091C,0,-6.6998053,0.24779385328292847,0.8999999761581421,0.27320513129234314
YMR264W,YIL080W,0,-6.699953,0.24770642817020416,0.8999999761581421,0.273333340883255
YLR384C,YPL058C,0,-6.700201,0.24761904776096344,0.8999999761581421,0.27346155047416687
YML126C,YGR078C,0,-6.702524,0.2475317418575287,0.8999999761581421,0.27358973026275635
YML094W,YDR194C,0,-6.7025356,0.24744448065757751,0.8999999761581421,0.2737179398536682
YGL137W,YEL020W-A,0,-6.702647,0.2473572939634323,0.8999999761581421,0.2738461494445801
YLR309C,YDR268W,0,-6.7030087,0.24727016687393188,0.8999999761581421,0.27397435903549194
YPL060W,YOR172W,0,-6.703533,0.24718309938907623,0.8999999761581421,0.2741025686264038
YNL051W,YNL149C,0,-6.703575,0.24709609150886536,0.8999999761581421,0.2742307782173157
YOL133W,YGR024C,0,-6.703787,0.24700914323329926,0.8999999761581421,0.27435898780822754
YKL005C,YOR110W,0,-6.704917,0.24692226946353912,0.8999999761581421,0.274487167596817
YOR002W,YKL070W,0,-6.7050343,0.24683544039726257,0.8999999761581421,0.2746153771877289
YMR052W,YGR212W,0,-6.705413,0.246748685836792,0.8999999761581421,0.27474358677864075
YIL084C,YLR386W,0,-6.7057543,0.246661975979805,0.8999999761581421,0.2748717963695526
YMR052W,YDR013W,0,-6.7058563,0.24657534062862396,0.8999999761581421,0.2750000059604645
YIL167W,YHR020W,0,-6.707142,0.2464887648820877,0.8999999761581421,0.27512821555137634
YNL068C,YOR330C,0,-6.7092886,0.24640224874019623,0.8999999761581421,0.2752564251422882
YOL027C,YLL036C,0,-6.7094946,0.24631579220294952,0.8999999761581421,0.2753846049308777
YDR480W,YER018C,0,-6.7120323,0.2462293952703476,0.8999999761581421,0.27551281452178955
YHR194W,YOR084W,0,-6.712042,0.24614305794239044,0.8999999761581421,0.2756410241127014
YCR077C,YDR469W,0,-6.712061,0.24605678021907806,0.8999999761581421,0.2757692337036133
YHR188C,YBR058C-A,0,-6.7121496,0.24597056210041046,0.8999999761581421,0.27589744329452515
YOL086C,YGL256W,0,-6.7123547,0.24588441848754883,0.8999999761581421,0.276025652885437
YJL099W,YKR061W,0,-6.7123775,0.24579831957817078,0.8999999761581421,0.2761538326740265
YKL022C,YLR360W,0,-6.71257,0.2457122802734375,0.8999999761581421,0.27628204226493835
YMR049C,YCR028C-A,0,-6.714098,0.2456263154745102,0.8999999761581421,0.2764102518558502
YKL049C,YJL004C,0,-6.71529,0.24554039537906647,0.8999999761581421,0.2765384614467621
YOR040W,YIL014W,0,-6.715726,0.2454545497894287,0.8999999761581421,0.27666667103767395
YFL029C,YJL001W,0,-6.7160883,0.24536874890327454,0.8999999761581421,0.2767948806285858
YOR002W,YML132W,0,-6.716462,0.24528302252292633,0.8999999761581421,0.2769230902194977
YDR153C,YFR034C,0,-6.716651,0.2451973408460617,0.8999999761581421,0.27705127000808716
YHR175W,YLL016W,0,-6.717038,0.24511173367500305,0.8999999761581421,0.277179479598999
YDR178W,YNL310C,0,-6.7173834,0.24502617120742798,0.8999999761581421,0.2773076891899109
YDR137W,YGL244W,0,-6.7179117,0.24494068324565887,0.8999999761581421,0.27743589878082275
YNR075W,YBR103W,0,-6.718034,0.24485525488853455,0.8999999761581421,0.2775641083717346
YHR053C,YNL164C,0,-6.718068,0.2447698712348938,0.8999999761581421,0.2776923179626465
YNL020C,YPL248C,0,-6.7183285,0.24468456208705902,0.8999999761581421,0.27782052755355835
YLR081W,YLR132C,0,-6.719116,0.24459929764270782,0.8999999761581421,0.2779487073421478
YGL210W-A,YOR353C,0,-6.719466,0.2445141077041626,0.8999999761581421,0.2780769169330597
YOL127W,YPL193W,1,-6.7195377,0.2447771579027176,0.9012820720672607,0.2780769169330597
YLR459W,YDL042C,0,-6.7208176,0.24469195306301117,0.9012820720672607,0.27820512652397156
YER120W,YLR003C,0,-6.721243,0.24460682272911072,0.9012820720672607,0.2783333361148834
YER174C,YKR095W,0,-6.722234,0.24452173709869385,0.9012820720672607,0.2784615457057953
YDL093W,YPL063W,0,-6.7222977,0.24443671107292175,0.9012820720672607,0.27858975529670715
YLR430W,YBR152W,0,-6.7236767,0.24435175955295563,0.9012820720672607,0.27871793508529663
YGR224W,YBL016W,0,-6.724086,0.24426685273647308,0.9012820720672607,0.2788461446762085
YLR286C,YPR088C,0,-6.726203,0.24418200552463531,0.9012820720672607,0.27897435426712036
YPL008W,YPL276W,0,-6.7265186,0.24409721791744232,0.9012820720672607,0.2791025638580322
YPL152W,YIL084C,0,-6.7266064,0.2440124899148941,0.9012820720672607,0.2792307734489441
YBR296C,YMR095C,0,-6.7277784,0.24392782151699066,0.9012820720672607,0.27935898303985596
YML126C,YKL165C,0,-6.7279634,0.243843212723732,0.9012820720672607,0.2794871926307678
YER093C,YIL029C,0,-6.728073,0.2437586635351181,0.9012820720672607,0.2796153724193573
YPR037C,YIL135C,0,-6.7287292,0.243674173951149,0.9012820720672607,0.27974358201026917
YHR186C,YDR164C,0,-6.7301607,0.24358974397182465,0.9012820720672607,0.27987179160118103
YLR132C,YNL213C,0,-6.7324314,0.24350537359714508,0.9012820720672607,0.2800000011920929
YMR059W,YGL213C,0,-6.73252,0.2434210479259491,0.9012820720672607,0.28012821078300476
YOR279C,YDR259C,0,-6.7340536,0.24333679676055908,0.9012820720672607,0.2802564203739166
YIL110W,YOL090W,0,-6.734523,0.24325259029865265,0.9012820720672607,0.2803846299648285
YDL056W,YBR098W,0,-6.734579,0.24316845834255219,0.9012820720672607,0.28051280975341797
YPL154C,YDR486C,0,-6.7348366,0.2430843710899353,0.9012820720672607,0.28064101934432983
YLR167W,YPR125W,0,-6.73507,0.2430003434419632,0.9012820720672607,0.2807692289352417
YIL044C,YLR360W,0,-6.7355328,0.24291637539863586,0.9012820720672607,0.28089743852615356
YOR226C,YAR010C,0,-6.735791,0.2428324669599533,0.9012820720672607,0.28102564811706543
YGL181W,YML041C,0,-6.7364826,0.24274861812591553,0.9012820720672607,0.2811538577079773
YLR081W,YPR075C,0,-6.737015,0.24266482889652252,0.9012820720672607,0.2812820374965668
YER104W,YKL088W,0,-6.737074,0.2425810843706131,0.9012820720672607,0.28141024708747864
YDL036C,YMR061W,0,-6.737216,0.24249741435050964,0.9012820720672607,0.2815384566783905
YOL071W,YNR072W,0,-6.737502,0.24241378903388977,0.9012820720672607,0.28166666626930237
YDR224C,YOL111C,0,-6.737938,0.24233023822307587,0.9012820720672607,0.28179487586021423
YDR235W,YOR270C,0,-6.737959,0.24224673211574554,0.9012820720672607,0.2819230854511261
YDR359C,YBR216C,0,-6.739067,0.24216328561306,0.9012820720672607,0.28205129504203796
YFR047C,YKR048C,0,-6.7391357,0.24207988381385803,0.9012820720672607,0.28217947483062744
YCL010C,YGR116W,0,-6.7391653,0.24199655652046204,0.9012820720672607,0.2823076844215393
YJL085W,YDL100C,0,-6.73934,0.24191328883171082,0.9012820720672607,0.28243589401245117
YKL051W,YMR067C,0,-6.7396555,0.24183006584644318,0.9012820720672607,0.28256410360336304
YDR295C,YOL117W,0,-6.7397156,0.2417469024658203,0.9012820720672607,0.2826923131942749
YBL009W,YKR085C,0,-6.7398996,0.24166379868984222,0.9012820720672607,0.28282052278518677
YMR182C,YLR316C,0,-6.740078,0.2415807545185089,0.9012820720672607,0.28294873237609863
YDR123C,YHR039C,0,-6.740741,0.24149776995182037,0.9012820720672607,0.2830769121646881
YDR079C-A,YLR003C,0,-6.741046,0.24141483008861542,0.9012820720672607,0.2832051217556
YKL046C,YDR388W,0,-6.7433195,0.24133196473121643,0.9012820720672607,0.28333333134651184
YDR365C,YNL268W,0,-6.7437162,0.24124914407730103,0.9012820720672607,0.2834615409374237
YDR188W,YOR144C,0,-6.7440205,0.2411663830280304,0.9012820720672607,0.28358975052833557
YAL043C,YNL088W,0,-6.7446527,0.24108368158340454,0.9012820720672607,0.28371796011924744
YDR299W,YMR247C,0,-6.7447853,0.24100102484226227,0.9012820720672607,0.2838461399078369
YDR284C,YPR024W,0,-6.745038,0.24091844260692596,0.9012820720672607,0.2839743494987488
YBR132C,YHR164C,0,-6.7451982,0.24083590507507324,0.9012820720672607,0.28410255908966064
YLR051C,YIL126W,0,-6.745819,0.2407534271478653,0.9012820720672607,0.2842307686805725
YCR066W,YDR392W,0,-6.7461357,0.24067100882530212,0.9012820720672607,0.2843589782714844
YMR138W,YCR062W,0,-6.746153,0.24058863520622253,0.9012820720672607,0.28448718786239624
YLR163C,YDR247W,0,-6.74679,0.2405063360929489,0.9012820720672607,0.2846153974533081
YDR292C,YBR175W,0,-6.74691,0.24042408168315887,0.9012820720672607,0.2847435772418976
YMR240C,YDR164C,0,-6.7480564,0.2403418868780136,0.9012820720672607,0.28487178683280945
YPL231W,YML031W,0,-6.74942,0.24025973677635193,0.9012820720672607,0.2849999964237213
YLR260W,YIR041W,0,-6.7498484,0.24017766118049622,0.9012820720672607,0.2851282060146332
YER044C-A,YER003C,0,-6.7502823,0.24009563028812408,0.9012820720672607,0.28525641560554504
YOR321W,YDR189W,0,-6.7507534,0.24001365900039673,0.9012820720672607,0.2853846251964569
YER155C,YPL164C,0,-6.751009,0.23993174731731415,0.9012820720672607,0.2855128347873688
YLR353W,YJL196C,0,-6.7512503,0.23984988033771515,0.9012820720672607,0.28564101457595825
YDR513W,YML127W,0,-6.7512627,0.23976807296276093,0.9012820720672607,0.2857692241668701
YLR431C,YPL001W,0,-6.751378,0.23968632519245148,0.9012820720672607,0.285897433757782
YPL078C,YKR009C,0,-6.751857,0.2396046370267868,0.9012820720672607,0.28602564334869385
YJL214W,YML118W,0,-6.7523584,0.2395229935646057,0.9012820720672607,0.2861538529396057
YNL078W,YNR015W,0,-6.7535467,0.2394414097070694,0.9012820720672607,0.2862820625305176
YKL049C,YDR346C,0,-6.753709,0.23935988545417786,0.9012820720672607,0.28641024231910706
YLR115W,YKR090W,0,-6.7538347,0.2392784208059311,0.9012820720672607,0.2865384519100189
YER088C,YOL151W,0,-6.7544622,0.2391970008611679,0.9012820720672607,0.2866666615009308
YDL160C,YOR297C,0,-6.754608,0.2391156405210495,0.9012820720672607,0.28679487109184265
YJL106W,YPL033C,0,-6.7548676,0.23903433978557587,0.9012820720672607,0.2869230806827545
YJR140C,YIL017W,0,-6.756468,0.238953098654747,0.9012820720672607,0.2870512902736664
YLL022C,YBR106W,0,-6.7570286,0.23887190222740173,0.9012820720672607,0.28717949986457825
YKL117W,YIL101C,0,-6.757415,0.23879076540470123,0.9012820720672607,0.2873076796531677
YLL031C,YJL117W,0,-6.757519,0.23870967328548431,0.9012820720672607,0.2874358892440796
YLR131C,YPL228W,0,-6.757722,0.23862865567207336,0.9012820720672607,0.28756409883499146
YGR218W,YGR075C,0,-6.7579355,0.238547682762146,0.9012820720672607,0.2876923084259033
YJL063C,YGR222W,0,-6.758502,0.2384667545557022,0.9012820720672607,0.2878205180168152
YCR008W,YOR187W,0,-6.7586136,0.2383859008550644,0.9012820720672607,0.28794872760772705
YBR098W,YLL002W,0,-6.758808,0.23830509185791016,0.9012820720672607,0.2880769371986389
YMR100W,YJL029C,0,-6.759342,0.2382243275642395,0.9012820720672607,0.2882051169872284
YOR040W,YKL053C-A,0,-6.761448,0.23814363777637482,0.9012820720672607,0.28833332657814026
YHR041C,YCL074W,0,-6.761595,0.2380629926919937,0.9012820720672607,0.2884615361690521
YKL073W,YER105C,0,-6.7616863,0.2379823923110962,0.9012820720672607,0.288589745759964
YJL101C,YGR005C,0,-6.7617836,0.23790186643600464,0.9012820720672607,0.28871795535087585
YLR114C,YOR076C,0,-6.7622786,0.23782138526439667,0.9012820720672607,0.2888461649417877
YGR155W,YCL074W,0,-6.764207,0.23774094879627228,0.9012820720672607,0.2889743447303772
YDR069C,YJL166W,0,-6.764799,0.23766058683395386,0.9012820720672607,0.28910255432128906
YDL044C,YMR218C,0,-6.7649403,0.23758026957511902,0.9012820720672607,0.2892307639122009
YLR384C,YIL061C,0,-6.7653904,0.23749999701976776,0.9012820720672607,0.2893589735031128
YLR433C,YNL021W,0,-6.766219,0.23741978406906128,0.9012820720672607,0.28948718309402466
YBL063W,YBR050C,0,-6.7663393,0.23733963072299957,0.9012820720672607,0.2896153926849365
YJR050W,YBL100W-B,0,-6.766424,0.23725953698158264,0.9012820720672607,0.2897436022758484
YNR033W,YPR029C,0,-6.7665844,0.2371794879436493,0.9012820720672607,0.28987178206443787
YLR380W,YDL042C,0,-6.7670355,0.23709949851036072,0.9012820720672607,0.28999999165534973
YFR047C,YKR054C,0,-6.7671194,0.23701955378055573,0.9012820720672607,0.2901282012462616
YDL004W,YHL003C,0,-6.768668,0.2369396686553955,0.9012820720672607,0.29025641083717346
YML051W,YNR015W,0,-6.7688255,0.23685984313488007,0.9012820720672607,0.2903846204280853
YNL307C,YPL096W,0,-6.769001,0.2367800623178482,0.9012820720672607,0.2905128300189972
YCL067C,YOL045W,0,-6.7695227,0.23670034110546112,0.9012820720672607,0.29064103960990906
YKL064W,YMR050C,0,-6.770767,0.23662066459655762,0.9012820720672607,0.29076921939849854
YDR301W,YBR084W,0,-6.7716293,0.2365410476922989,0.9012820720672607,0.2908974289894104
YBR211C,YKL070W,0,-6.7722244,0.23646149039268494,0.9012820720672607,0.29102563858032227
YLR103C,YNL004W,0,-6.7729454,0.23638197779655457,0.9012820720672607,0.29115384817123413
YFR013W,YDR356W,0,-6.773279,0.23630252480506897,0.9012820720672607,0.291282057762146
YCL029C,YHR107C,0,-6.7741127,0.23622311651706696,0.9012820720672607,0.29141026735305786
YBR081C,YBR082C,0,-6.7742596,0.23614376783370972,0.9012820720672607,0.29153844714164734
YCR039C,YLR265C,0,-6.7753572,0.23606447875499725,0.9012820720672607,0.2916666567325592
YMR096W,YML076C,0,-6.7754545,0.23598523437976837,0.9012820720672607,0.29179486632347107
YMR280C,YOR136W,0,-6.775545,0.23590603470802307,0.9012820720672607,0.29192307591438293
YPR161C,YPL157W,0,-6.775752,0.23582690954208374,0.9012820720672607,0.2920512855052948
YDR168W,YDR164C,0,-6.7759924,0.2357478141784668,0.9012820720672607,0.29217949509620667
YPR201W,YJL139C,0,-6.7765474,0.23566879332065582,0.9012820720672607,0.29230770468711853
YGL004C,YHR050W,0,-6.776663,0.23558981716632843,0.9012820720672607,0.292435884475708
YPR201W,YDR088C,0,-6.7768307,0.23551088571548462,0.9012820720672607,0.2925640940666199
YNL290W,YKL028W,0,-6.7768965,0.23543201386928558,0.9012820720672607,0.29269230365753174
YAL020C,YFR046C,0,-6.7772646,0.23535320162773132,0.9012820720672607,0.2928205132484436
YOR198C,YGL171W,0,-6.7778225,0.23527443408966064,0.9012820720672607,0.29294872283935547
YMR052W,YMR096W,0,-6.7780333,0.23519571125507355,0.9012820720672607,0.29307693243026733
YDL231C,YOL125W,0,-6.7782173,0.23511706292629242,0.9012820720672607,0.2932051420211792
YIL097W,YFR050C,0,-6.778267,0.23503844439983368,0.9012820720672607,0.2933333218097687
YKL213C,YER190W,0,-6.7785215,0.2349599003791809,0.9012820720672607,0.29346153140068054
YMR055C,YLL006W,0,-6.7806253,0.23488138616085052,0.9012820720672607,0.2935897409915924
YPL227C,YNL046W,0,-6.7812595,0.2348029464483261,0.9012820720672607,0.2937179505825043
YDL118W,YMR293C,0,-6.7814474,0.23472453653812408,0.9012820720672607,0.29384616017341614
YJL003W,YOL116W,0,-6.7818565,0.23464620113372803,0.9012820720672607,0.293974369764328
YGL166W,YGL240W,0,-6.7818613,0.23456789553165436,0.9012820720672607,0.2941025495529175
YDL181W,YPL040C,0,-6.7821846,0.23448966443538666,0.9012820720672607,0.29423075914382935
YLL031C,YNR064C,0,-6.782305,0.23441146314144135,0.9012820720672607,0.2943589687347412
YBR215W,YOR281C,0,-6.7832794,0.234333336353302,0.9012820720672607,0.2944871783256531
YLR433C,YDL130W,0,-6.7834196,0.23425525426864624,0.9012820720672607,0.29461538791656494
YMR273C,YNL045W,0,-6.7837067,0.23417721688747406,0.9012820720672607,0.2947435975074768
YMR237W,YCL032W,0,-6.7839804,0.23409923911094666,0.9012820720672607,0.29487180709838867
YML071C,YLR313C,0,-6.784008,0.23402130603790283,0.9012820720672607,0.29499998688697815
YLL031C,YOR259C,0,-6.784651,0.23394343256950378,0.9012820720672607,0.29512819647789
YGR247W,YMR264W,0,-6.7847424,0.23386560380458832,0.9012820720672607,0.2952564060688019
YIR023W,YLR139C,0,-6.7859735,0.23378783464431763,0.9012820720672607,0.29538461565971375
YAL026C,YDL150W,0,-6.786336,0.23371011018753052,0.9012820720672607,0.2955128252506256
YPL178W,YGR218W,0,-6.786496,0.233632430434227,0.9012820720672607,0.2956410348415375
YMR235C,YML052W,0,-6.7870083,0.23355481028556824,0.9012820720672607,0.29576924443244934
YMR296C,YMR016C,0,-6.787095,0.23347724974155426,0.9012820720672607,0.2958974242210388
YLR131C,YJR091C,0,-6.7872458,0.23339973390102386,0.9012820720672607,0.2960256338119507
YGR036C,YLL016W,0,-6.787611,0.23332226276397705,0.9012820720672607,0.29615384340286255
YDL116W,YMR142C,0,-6.787813,0.233244851231575,0.9012820720672607,0.2962820529937744
YCR044C,YOR217W,0,-6.788,0.23316749930381775,0.9012820720672607,0.2964102625846863
YBL006C,YKR020W,0,-6.788041,0.23309019207954407,0.9012820720672607,0.29653847217559814
YML073C,YML025C,1,-6.788125,0.23334437608718872,0.9025641083717346,0.29653847217559814
YFL024C,YGL173C,0,-6.788225,0.23326706886291504,0.9025641083717346,0.2966666519641876
YBR119W,YGR104C,0,-6.7882433,0.23318979144096375,0.9025641083717346,0.2967948615550995
YEL056W,YJR028W,0,-6.788533,0.23311258852481842,0.9025641083717346,0.29692307114601135
YLR059C,YNL088W,0,-6.789777,0.23303541541099548,0.9025641083717346,0.2970512807369232
YIL044C,YLR272C,0,-6.790058,0.23295830190181732,0.9025641083717346,0.2971794903278351
YOR326W,YOR157C,0,-6.7909126,0.23288124799728394,0.9025641083717346,0.29730769991874695
YMR238W,YNL073W,0,-6.791298,0.23280423879623413,0.9025641083717346,0.2974359095096588
YER030W,YFR046C,0,-6.7914953,0.2327272742986679,0.9025641083717346,0.2975640892982483
YOR349W,YPR168W,0,-6.7941675,0.23265036940574646,0.9025641083717346,0.29769229888916016
YGR222W,YBR284W,0,-6.794756,0.2325735092163086,0.9025641083717346,0.297820508480072
YPR191W,YJR033C,0,-6.7955074,0.2324966937303543,0.9025641083717346,0.2979487180709839
YGL029W,YJL134W,0,-6.796735,0.2324199378490448,0.9025641083717346,0.29807692766189575
YOL111C,YMR197C,0,-6.796774,0.23234324157238007,0.9025641083717346,0.2982051372528076
YDR320C-A,YDR272W,0,-6.796876,0.23226657509803772,0.9025641083717346,0.2983333468437195
YAR014C,YDR123C,0,-6.7969093,0.23218996822834015,0.9025641083717346,0.29846152663230896
YAL015C,YOL066C,0,-6.796919,0.23211342096328735,0.9025641083717346,0.2985897362232208
YJR049C,YOL028C,0,-6.7977123,0.23203691840171814,0.9025641083717346,0.2987179458141327
YPR176C,YGR099W,0,-6.7982273,0.2319604605436325,0.9025641083717346,0.29884615540504456
YLR011W,YJL045W,0,-6.7983885,0.23188406229019165,0.9025641083717346,0.2989743649959564
YGL205W,YEL020W-A,0,-6.798442,0.23180770874023438,0.9025641083717346,0.2991025745868683
YOR122C,YDR451C,0,-6.799449,0.23173139989376068,0.9025641083717346,0.29923075437545776
YKL032C,YNR031C,0,-6.799694,0.23165515065193176,0.9025641083717346,0.29935896396636963
YLR284C,YKL088W,0,-6.8005095,0.23157894611358643,0.9025641083717346,0.2994871735572815
YDR093W,YGL212W,0,-6.801014,0.23150280117988586,0.9025641083717346,0.29961538314819336
YDR098C,YMR163C,0,-6.801407,0.2314266860485077,0.9025641083717346,0.2997435927391052
YER108C,YCL063W,0,-6.8023844,0.23135064542293549,0.9025641083717346,0.2998718023300171
YBL040C,YMR314W,0,-6.803034,0.23127463459968567,0.9025641083717346,0.30000001192092896
YNL071W,YNL262W,0,-6.803337,0.23119868338108063,0.9025641083717346,0.30012819170951843
YGR036C,YLR427W,0,-6.8036203,0.23112277686595917,0.9025641083717346,0.3002564013004303
YNL078W,YJR127C,0,-6.8040466,0.23104692995548248,0.9025641083717346,0.30038461089134216
YEL036C,YHR135C,0,-6.804206,0.23097112774848938,0.9025641083717346,0.30051282048225403
YNL225C,YKL070W,0,-6.8043547,0.23089537024497986,0.9025641083717346,0.3006410300731659
YJL110C,YOR182C,0,-6.8044243,0.2308196723461151,0.9025641083717346,0.30076923966407776
YBL051C,YBR152W,0,-6.805133,0.23074401915073395,0.9025641083717346,0.3008974492549896
YML061C,YCL019W,0,-6.8059626,0.23066841065883636,0.9025641083717346,0.3010256290435791
YBL082C,YCL024W,0,-6.806363,0.23059286177158356,0.9025641083717346,0.30115383863449097
YMR190C,YDR495C,0,-6.806384,0.23051735758781433,0.9025641083717346,0.30128204822540283
YDR481C,YIR018W,0,-6.8068123,0.2304418981075287,0.9025641083717346,0.3014102578163147
YPL267W,YJL190C,0,-6.8070602,0.23036649823188782,0.9025641083717346,0.30153846740722656
YOL045W,YMR227C,0,-6.807127,0.23029112815856934,0.9025641083717346,0.3016666769981384
YOR063W,YML025C,1,-6.807171,0.2305428385734558,0.9038461446762085,0.3016666769981384
YDL200C,YMR313C,0,-6.8073616,0.23046746850013733,0.9038461446762085,0.3017948865890503
YGR063C,YBL005W-B,0,-6.8079634,0.23039215803146362,0.9038461446762085,0.30192306637763977
YLR052W,YGR165W,0,-6.8085537,0.2303168922662735,0.9038461446762085,0.30205127596855164
YLR102C,YDL165W,0,-6.808917,0.23024167120456696,0.9038461446762085,0.3021794855594635
YGL247W,YDR200C,0,-6.8089542,0.2301665097475052,0.9038461446762085,0.30230769515037537
YHR115C,YBR298C,0,-6.809037,0.2300913780927658,0.9038461446762085,0.30243590474128723
YPL202C,YOL117W,0,-6.80917,0.2300163060426712,0.9038461446762085,0.3025641143321991
YPL121C,YLR447C,0,-6.8093224,0.22994129359722137,0.9038461446762085,0.3026922941207886
YER001W,YOR254C,0,-6.8099003,0.22986632585525513,0.9038461446762085,0.30282050371170044
YMR075W,YDR082W,0,-6.8107595,0.22979138791561127,0.9038461446762085,0.3029487133026123
YER177W,YNL177C,0,-6.8108444,0.22971652448177338,0.9038461446762085,0.30307692289352417
YMR116C,YKR036C,0,-6.810954,0.22964169085025787,0.9038461446762085,0.30320513248443604
YIL132C,YCR102C,0,-6.811117,0.22956691682338715,0.9038461446762085,0.3033333420753479
YPL061W,YCL020W,0,-6.8125143,0.2294921875,0.9038461446762085,0.30346155166625977
YDR075W,YNL016W,0,-6.8131914,0.22941750288009644,0.9038461446762085,0.30358973145484924
YKL149C,YBR012W-B,0,-6.814142,0.22934287786483765,0.9038461446762085,0.3037179410457611
YDR151C,YHR050W,0,-6.8143864,0.22926829755306244,0.9038461446762085,0.303846150636673
YML004C,YGL062W,0,-6.8146267,0.2291937619447708,0.9038461446762085,0.30397436022758484
YCR037C,YPR055W,0,-6.814828,0.22911927103996277,0.9038461446762085,0.3041025698184967
YOR381W,YDL106C,0,-6.8162193,0.2290448397397995,0.9038461446762085,0.30423077940940857
YML058W-A,YLL011W,0,-6.8165627,0.22897043824195862,0.9038461446762085,0.30435898900032043
YGL167C,YOR083W,0,-6.8173294,0.2288961112499237,0.9038461446762085,0.3044871687889099
YGL168W,YHR163W,0,-6.817404,0.22882181406021118,0.9038461446762085,0.3046153783798218
YGL018C,YDL217C,0,-6.817543,0.22874756157398224,0.9038461446762085,0.30474358797073364
YCR094W,YGL253W,0,-6.8175898,0.22867336869239807,0.9038461446762085,0.3048717975616455
YPL050C,YOR045W,0,-6.8178415,0.22859922051429749,0.9038461446762085,0.3050000071525574
YFR014C,YDR079W,0,-6.8181,0.22852511703968048,0.9038461446762085,0.30512821674346924
YLR405W,YJR026W,0,-6.8188963,0.22845107316970825,0.9038461446762085,0.3052563965320587
YPL231W,YNL216W,0,-6.8211565,0.2283770591020584,0.9038461446762085,0.3053846061229706
YGL172W,YBR153W,0,-6.82117,0.22830310463905334,0.9038461446762085,0.30551281571388245
YFL039C,YBR214W,0,-6.821805,0.22822919487953186,0.9038461446762085,0.3056410253047943
YKL051W,YIL073C,0,-6.822448,0.22815534472465515,0.9038461446762085,0.3057692348957062
YNL047C,YNL202W,0,-6.822706,0.22808152437210083,0.9038461446762085,0.30589744448661804
YCR063W,YDR081C,0,-6.8231783,0.22800776362419128,0.9038461446762085,0.3060256540775299
YDR440W,YLR032W,0,-6.823454,0.22793404757976532,0.9038461446762085,0.3061538338661194
YDL148C,YPL218W,0,-6.8239393,0.22786037623882294,0.9038461446762085,0.30628204345703125
YBL005W-A,YNR047W,0,-6.8247347,0.22778674960136414,0.9038461446762085,0.3064102530479431
YGL150C,YER123W,0,-6.824785,0.2277131825685501,0.9038461446762085,0.306538462638855
YCR020C-A,YBR153W,0,-6.825159,0.22763964533805847,0.9038461446762085,0.30666667222976685
YDL035C,YKL201C,0,-6.825342,0.2275661677122116,0.9038461446762085,0.3067948818206787
YLR394W,YMR037C,0,-6.825383,0.22749273478984833,0.9038461446762085,0.3069230914115906
YGR055W,YKL070W,0,-6.8253984,0.22741936147212982,0.9038461446762085,0.30705127120018005
YIL160C,YDR320C,0,-6.825798,0.2273460179567337,0.9038461446762085,0.3071794807910919
YIL075C,YBR231C,0,-6.825919,0.22727273404598236,0.9038461446762085,0.3073076903820038
YPR164W,YMR273C,0,-6.8259554,0.2271994799375534,0.9038461446762085,0.30743589997291565
YNL229C,YLR181C,0,-6.826007,0.22712628543376923,0.9038461446762085,0.3075641095638275
YGL143C,YLR371W,0,-6.826044,0.22705313563346863,0.9038461446762085,0.3076923191547394
YOR100C,YOL091W,0,-6.8265924,0.2269800454378128,0.9038461446762085,0.30782049894332886
YOR188W,YMR061W,0,-6.826618,0.22690698504447937,0.9038461446762085,0.3079487085342407
YNR001C,YJL166W,0,-6.8266687,0.2268339842557907,0.9038461446762085,0.3080769181251526
YOR119C,YER123W,0,-6.826791,0.22676101326942444,0.9038461446762085,0.30820512771606445
YDR483W,YOR224C,0,-6.8269806,0.22668810188770294,0.9038461446762085,0.3083333373069763
YPL131W,YPL193W,1,-6.8272963,0.2269366830587387,0.9051281809806824,0.3083333373069763
YDR263C,YGL168W,0,-6.8280754,0.22686375677585602,0.9051281809806824,0.3084615468978882
YDR108W,YPR186C,0,-6.8282003,0.2267908751964569,0.9051281809806824,0.30858975648880005
YMR208W,YIL082W-A,0,-6.8285904,0.22671805322170258,0.9051281809806824,0.3087179362773895
YLR116W,YJR004C,0,-6.829035,0.22664526104927063,0.9051281809806824,0.3088461458683014
YPR183W,YBR089C-A,0,-6.829424,0.22657252848148346,0.9051281809806824,0.30897435545921326
YDR138W,YDR083W,0,-6.829508,0.22649984061717987,0.9051281809806824,0.3091025650501251
YMR032W,YDR235W,0,-6.8295746,0.22642719745635986,0.9051281809806824,0.309230774641037
YDR273W,YFR029W,0,-6.8300676,0.22635459899902344,0.9051281809806824,0.30935898423194885
YBR102C,YFL026W,0,-6.8301525,0.2262820452451706,0.9051281809806824,0.3094871938228607
YBL017C,YMR266W,0,-6.830516,0.22620955109596252,0.9051281809806824,0.3096153736114502
YHR043C,YPL060W,0,-6.8306646,0.22613708674907684,0.9051281809806824,0.30974358320236206
YDR284C,YER190W,0,-6.8307514,0.22606468200683594,0.9051281809806824,0.3098717927932739
YDL137W,YDR451C,0,-6.83113,0.2259923219680786,0.9051281809806824,0.3100000023841858
YDR379W,YMR175W,0,-6.831832,0.22592000663280487,0.9051281809806824,0.31012821197509766
YHL003C,YDL150W,0,-6.832279,0.2258477360010147,0.9051281809806824,0.3102564215660095
YDR314C,YEL020W-A,0,-6.8323717,0.22577551007270813,0.9051281809806824,0.310384601354599
YOR191W,YCL074W,0,-6.832403,0.22570332884788513,0.9051281809806824,0.31051281094551086
YGR155W,YBR172C,0,-6.833954,0.22563119232654572,0.9051281809806824,0.31064102053642273
YGL005C,YNR047W,0,-6.834882,0.22555910050868988,0.9051281809806824,0.3107692301273346
YCR089W,YLR398C,0,-6.835041,0.22548706829547882,0.9051281809806824,0.31089743971824646
YLR429W,YDR381W,0,-6.8360023,0.22541506588459015,0.9051281809806824,0.3110256493091583
YHR158C,YBR080C,0,-6.836153,0.22534312307834625,0.9051281809806824,0.3111538589000702
YER065C,YOL027C,0,-6.837303,0.22527122497558594,0.9051281809806824,0.31128203868865967
YKL026C,YOR259C,0,-6.837755,0.225199356675148,0.9051281809806824,0.31141024827957153
YOR351C,YKL019W,0,-6.8383484,0.22512754797935486,0.9051281809806824,0.3115384578704834
YBR035C,YBR058C-A,0,-6.8400583,0.2250557839870453,0.9051281809806824,0.31166666746139526
YBL019W,YHR102W,0,-6.8401985,0.2249840646982193,0.9051281809806824,0.31179487705230713
YMR164C,YMR137C,0,-6.8403645,0.2249123901128769,0.9051281809806824,0.311923086643219
YCL039W,YGL093W,0,-6.840804,0.22484076023101807,0.9051281809806824,0.31205129623413086
YML099C,YPL232W,0,-6.8410187,0.22476917505264282,0.9051281809806824,0.31217947602272034
YJL050W,YPL011C,0,-6.841153,0.22469764947891235,0.9051281809806824,0.3123076856136322
YLL038C,YIL014W,0,-6.8412113,0.22462615370750427,0.9051281809806824,0.31243589520454407
YGR289C,YCR102C,0,-6.8415394,0.22455470263957977,0.9051281809806824,0.31256410479545593
YOR018W,YNL257C,0,-6.8418455,0.22448331117630005,0.9051281809806824,0.3126923143863678
YNL111C,YHL003C,0,-6.8421783,0.2244119495153427,0.9051281809806824,0.31282052397727966
YOL076W,YIL017W,0,-6.8421946,0.22434064745903015,0.9051281809806824,0.31294870376586914
YJR144W,YDL105W,0,-6.843791,0.22426937520503998,0.9051281809806824,0.313076913356781
YOL042W,YDR459C,0,-6.8447,0.22419816255569458,0.9051281809806824,0.31320512294769287
YJL194W,YJL090C,0,-6.8452444,0.22412697970867157,0.9051281809806824,0.31333333253860474
YNR053C,YLR268W,0,-6.845767,0.22405585646629333,0.9051281809806824,0.3134615421295166
YBR201W,YDR013W,0,-6.846366,0.22398477792739868,0.9051281809806824,0.31358975172042847
YNL059C,YNL290W,0,-6.847521,0.22391372919082642,0.9051281809806824,0.31371796131134033
YNL275W,YOR085W,0,-6.8484154,0.22384274005889893,0.9051281809806824,0.3138461410999298
YAL035W,YBL063W,0,-6.8486433,0.22377179563045502,0.9051281809806824,0.3139743506908417
YBR110W,YBR109C,0,-6.8489475,0.2237008810043335,0.9051281809806824,0.31410256028175354
YKL149C,YHR214C-B,0,-6.8491488,0.22363002598285675,0.9051281809806824,0.3142307698726654
YNL210W,YCR057C,0,-6.849267,0.2235592156648636,0.9051281809806824,0.31435897946357727
YML104C,YDL213C,0,-6.8497953,0.223488450050354,0.9051281809806824,0.31448718905448914
YJR125C,YOR326W,0,-6.8508835,0.2234177142381668,0.9051281809806824,0.314615398645401
YGR007W,YMR022W,0,-6.85155,0.2233470380306244,0.9051281809806824,0.3147435784339905
YGR171C,YLR386W,0,-6.8516884,0.22327640652656555,0.9051281809806824,0.31487178802490234
YLR153C,YGR227W,0,-6.8520594,0.2232058197259903,0.9051281809806824,0.3149999976158142
YGL150C,YER104W,0,-6.852187,0.22313527762889862,0.9051281809806824,0.3151282072067261
YFL025C,YLR048W,0,-6.85264,0.22306476533412933,0.9051281809806824,0.31525641679763794
YDL149W,YHR091C,0,-6.8527813,0.22299431264400482,0.9051281809806824,0.3153846263885498
YHR161C,YNL046W,0,-6.853511,0.2229239046573639,0.9051281809806824,0.3155128061771393
YOR109W,YDL118W,0,-6.8536196,0.22285354137420654,0.9051281809806824,0.31564101576805115
YNR053C,YGR156W,0,-6.8548117,0.22278320789337158,0.9051281809806824,0.315769225358963
YKL112W,YIR013C,0,-6.855096,0.2227129340171814,0.9051281809806824,0.3158974349498749
YGR037C,YDR434W,0,-6.855335,0.2226427048444748,0.9051281809806824,0.31602564454078674
YER125W,YOR172W,0,-6.8554935,0.22257250547409058,0.9051281809806824,0.3161538541316986
YCR033W,YPR036W,0,-6.8575106,0.22250236570835114,0.9051281809806824,0.3162820637226105
YBR212W,YCR081W,0,-6.8575153,0.22243225574493408,0.9051281809806824,0.31641024351119995
YOL059W,YCR026C,0,-6.8575983,0.2223622053861618,0.9051281809806824,0.3165384531021118
YKR036C,YML036W,0,-6.8581715,0.22229218482971191,0.9051281809806824,0.3166666626930237
YJR091C,YNL197C,0,-6.8584623,0.2222222238779068,0.9051281809806824,0.31679487228393555
YML132W,YDR246W,0,-6.8587484,0.22215229272842407,0.9051281809806824,0.3169230818748474
YIL031W,YPL065W,0,-6.8590984,0.22208242118358612,0.9051281809806824,0.3170512914657593
YMR238W,YJL106W,0,-6.8597403,0.22201257944107056,0.9051281809806824,0.31717950105667114
YLL002W,YJL145W,0,-6.860078,0.22194278240203857,0.9051281809806824,0.3173076808452606
YGR192C,YMR260C,0,-6.8601923,0.22187303006649017,0.9051281809806824,0.3174358904361725
YLR080W,YBL100W-B,0,-6.860546,0.22180333733558655,0.9051281809806824,0.31756410002708435
YIR006C,YDR059C,0,-6.8612947,0.2217336744070053,0.9051281809806824,0.3176923096179962
YPL160W,YGL257C,0,-6.862175,0.22166405618190765,0.9051281809806824,0.3178205192089081
YAL020C,YJL054W,0,-6.8622236,0.22159448266029358,0.9051281809806824,0.31794872879981995
YKL197C,YMR022W,0,-6.862568,0.2215249389410019,0.9051281809806824,0.3180769085884094
YBR295W,YCL074W,0,-6.8626623,0.22145545482635498,0.9051281809806824,0.3182051181793213
YBL071W-A,YEL013W,0,-6.863164,0.22138601541519165,0.9051281809806824,0.31833332777023315
YKR036C,YNL302C,0,-6.863611,0.2213166207075119,0.9051281809806824,0.318461537361145
YDR081C,YML043C,0,-6.863847,0.22124725580215454,0.9051281809806824,0.3185897469520569
YJR050W,YBR153W,0,-6.864354,0.22117795050144196,0.9051281809806824,0.31871795654296875
YLR399C,YMR112C,0,-6.865329,0.22110867500305176,0.9051281809806824,0.3188461661338806
YGL233W,YOR115C,0,-6.865369,0.22103944420814514,0.9051281809806824,0.3189743459224701
YBR145W,YJR065C,0,-6.865407,0.2209702730178833,0.9051281809806824,0.31910255551338196
YDR284C,YDR135C,0,-6.8654375,0.22090113162994385,0.9051281809806824,0.3192307651042938
YLR451W,YML010W,0,-6.8660774,0.22083203494548798,0.9051281809806824,0.3193589746952057
YBR020W,YIL046W,0,-6.866189,0.22076298296451569,0.9051281809806824,0.31948718428611755
YNL242W,YBR109C,0,-6.866482,0.22069396078586578,0.9051281809806824,0.3196153938770294
YLR256W,YDR420W,0,-6.8670387,0.22062499821186066,0.9051281809806824,0.3197436034679413
YLL021W,YKL056C,0,-6.867115,0.2205560803413391,0.9051281809806824,0.31987178325653076
YPR017C,YJR050W,0,-6.8673573,0.22048719227313995,0.9051281809806824,0.3199999928474426
YCR073W-A,YNL213C,0,-6.8680544,0.22041836380958557,0.9051281809806824,0.3201282024383545
YDR295C,YGR091W,0,-6.8683834,0.22034956514835358,0.9051281809806824,0.32025641202926636
YCR014C,YDR164C,0,-6.868553,0.22028081119060516,0.9051281809806824,0.3203846216201782
YMR072W,YDR138W,0,-6.869179,0.22021210193634033,0.9051281809806824,0.3205128312110901
YMR070W,YNL279W,0,-6.8697577,0.22014343738555908,0.9051281809806824,0.32064101099967957
YGR108W,YPR073C,0,-6.8698673,0.2200748175382614,0.9051281809806824,0.32076922059059143
YJR084W,YLR455W,0,-6.8704453,0.22000622749328613,0.9051281809806824,0.3208974301815033
YBR207W,YEL004W,0,-6.8705235,0.21993769705295563,0.9051281809806824,0.32102563977241516
YDR513W,YDR379W,0,-6.871399,0.2198691964149475,0.9051281809806824,0.321153849363327
YGL055W,YNL126W,0,-6.871436,0.21980074048042297,0.9051281809806824,0.3212820589542389
YMR055C,YAL022C,0,-6.8716345,0.2197323441505432,0.9051281809806824,0.32141026854515076
YLR170C,YNL135C,0,-6.8723364,0.21966396272182465,0.9051281809806824,0.32153844833374023
YFR021W,YER161C,0,-6.873111,0.21959564089775085,0.9051281809806824,0.3216666579246521
YPL259C,YOR137C,0,-6.8731966,0.21952736377716064,0.9051281809806824,0.32179486751556396
YOL089C,YOR057W,0,-6.8735867,0.21945911645889282,0.9051281809806824,0.32192307710647583
YOR206W,YHR205W,0,-6.874236,0.21939092874526978,0.9051281809806824,0.3220512866973877
YJR017C,YNL079C,0,-6.874358,0.21932277083396912,0.9051281809806824,0.32217949628829956
YKL055C,YER082C,0,-6.87446,0.21925465762615204,0.9051281809806824,0.3223077058792114
YHR013C,YER044C-A,0,-6.8751745,0.21918658912181854,0.9051281809806824,0.3224358856678009
YMR281W,YNR072W,0,-6.875187,0.21911856532096863,0.9051281809806824,0.32256409525871277
YOR032C,YDL134C,0,-6.875333,0.2190505713224411,0.9051281809806824,0.32269230484962463
YDL059C,YOR275C,0,-6.875414,0.21898263692855835,0.9051281809806824,0.3228205144405365
YLR459W,YLR222C,0,-6.875471,0.21891473233699799,0.9051281809806824,0.32294872403144836
YGL233W,YER123W,0,-6.8759956,0.2188468724489212,0.9051281809806824,0.32307693362236023
YHR102W,YDR081C,0,-6.8771276,0.218779057264328,0.9051281809806824,0.3232051134109497
YOR371C,YBR058C,0,-6.877784,0.2187112718820572,0.9051281809806824,0.3233333230018616
YHR055C,YGL098W,0,-6.8778915,0.21864354610443115,0.9051281809806824,0.32346153259277344
YCL032W,YLR132C,0,-6.878886,0.2185758501291275,0.9051281809806824,0.3235897421836853
YDR432W,YKL145W,0,-6.8797874,0.21850819885730743,0.9051281809806824,0.32371795177459717
YKL208W,YJL018W,0,-6.8811464,0.21844059228897095,0.9051281809806824,0.32384616136550903
YCL029C,YGR042W,0,-6.8811913,0.21837303042411804,0.9051281809806824,0.3239743709564209
YEL022W,YLR312C-B,0,-6.882162,0.21830549836158752,0.9051281809806824,0.3241025507450104
YBL056W,YBR049C,0,-6.8823147,0.21823802590370178,0.9051281809806824,0.32423076033592224
YJL111W,YDR393W,0,-6.8826914,0.21817058324813843,0.9051281809806824,0.3243589699268341
YKL054C,YCL003W,0,-6.8827524,0.21810318529605865,0.9051281809806824,0.32448717951774597
YGL049C,YLR467W,0,-6.884197,0.21803581714630127,0.9051281809806824,0.32461538910865784
YOR239W,YDL047W,0,-6.884856,0.21796850860118866,0.9051281809806824,0.3247435986995697
YOR109W,YDL080C,0,-6.884941,0.21790122985839844,0.9051281809806824,0.32487180829048157
YDR334W,YOR068C,0,-6.8855534,0.2178339958190918,0.9051281809806824,0.32499998807907104
YPR033C,YCL020W,0,-6.886894,0.21776680648326874,0.9051281809806824,0.3251281976699829
YKL182W,YIR022W,0,-6.8877964,0.21769966185092926,0.9051281809806824,0.3252564072608948
YPR075C,YDR059C,0,-6.888212,0.21763254702091217,0.9051281809806824,0.32538461685180664
YFL048C,YMR234W,0,-6.8892546,0.21756549179553986,0.9051281809806824,0.3255128264427185
YKL006C-A,YFL038C,0,-6.8895025,0.21749846637248993,0.9051281809806824,0.32564103603363037
YER183C,YDR164C,0,-6.890231,0.2174314707517624,0.9051281809806824,0.32576924562454224
YPL262W,YOR256C,0,-6.890605,0.21736453473567963,0.9051281809806824,0.3258974254131317
YNL288W,YBR283C,0,-6.891053,0.21729762852191925,0.9051281809806824,0.3260256350040436
YGL004C,YJR029W,0,-6.891388,0.21723076701164246,0.9051281809806824,0.32615384459495544
YEL022W,YDR392W,0,-6.8922863,0.21716395020484924,0.9051281809806824,0.3262820541858673
YDR023W,YOR195W,0,-6.892703,0.2170971781015396,0.9051281809806824,0.3264102637767792
YPL149W,YKL126W,0,-6.893009,0.21703043580055237,0.9051281809806824,0.32653847336769104
YBR171W,YCR033W,0,-6.8930645,0.2169637382030487,0.9051281809806824,0.3266666531562805
YFR008W,YHR090C,0,-6.893076,0.21689708530902863,0.9051281809806824,0.3267948627471924
YDR072C,YOR084W,0,-6.893876,0.21683046221733093,0.9051281809806824,0.32692307233810425
YGL243W,YDR057W,0,-6.8938875,0.21676389873027802,0.9051281809806824,0.3270512819290161
YBR158W,YER172C,0,-6.8948927,0.21669736504554749,0.9051281809806824,0.327179491519928
YDR292C,YMR045C,0,-6.8957453,0.21663086116313934,0.9051281809806824,0.32730770111083984
YHR001W-A,YKL020C,0,-6.896002,0.21656441688537598,0.9051281809806824,0.3274359107017517
YMR280C,YJL092W,0,-6.896083,0.216498002409935,0.9051281809806824,0.3275640904903412
YDL142C,YMR073C,0,-6.8962526,0.2164316326379776,0.9051281809806824,0.32769230008125305
YDL161W,YER075C,0,-6.896447,0.21636530756950378,0.9051281809806824,0.3278205096721649
YPL091W,YGR147C,0,-6.896513,0.21629901230335236,0.9051281809806824,0.3279487192630768
YDR303C,YDR131C,0,-6.8968353,0.2162327766418457,0.9051281809806824,0.32807692885398865
YPR086W,YOL138C,0,-6.897538,0.21616657078266144,0.9051281809806824,0.3282051384449005
YNL229C,YDR131C,0,-6.8976755,0.21610039472579956,0.9051281809806824,0.3283333480358124
YBL080C,YBL100W-B,0,-6.8977175,0.21603427827358246,0.9051281809806824,0.32846152782440186
YHR124W,YIR011C,0,-6.8984957,0.21596819162368774,0.9051281809806824,0.3285897374153137
YJR139C,YOR281C,0,-6.8985558,0.21590213477611542,0.9051281809806824,0.3287179470062256
YLR330W,YDR189W,0,-6.8986177,0.21583613753318787,0.9051281809806824,0.32884615659713745
YKL201C,YNL167C,0,-6.9001274,0.2157701700925827,0.9051281809806824,0.3289743661880493
YGL187C,YBR207W,0,-6.9003496,0.21570424735546112,0.9051281809806824,0.3291025757789612
YNL329C,YNL197C,0,-6.901331,0.21563836932182312,0.9051281809806824,0.32923075556755066
YMR198W,YIL008W,0,-6.901701,0.2155725210905075,0.9051281809806824,0.3293589651584625
YGL207W,YLR369W,0,-6.902322,0.21550671756267548,0.9051281809806824,0.3294871747493744
YBR272C,YKR095W-A,0,-6.902791,0.21544095873832703,0.9051281809806824,0.32961538434028625
YGL065C,YDL198C,0,-6.9035425,0.21537522971630096,0.9051281809806824,0.3297435939311981
YLR363C,YKL019W,0,-6.903699,0.21530954539775848,0.9051281809806824,0.32987180352211
YMR268C,YBR012W-B,0,-6.904272,0.21524390578269958,0.9051281809806824,0.33000001311302185
YOR001W,YJR009C,0,-6.9046125,0.21517829596996307,0.9051281809806824,0.33012819290161133
YCR094W,YGL172W,0,-6.9047146,0.21511273086071014,0.9051281809806824,0.3302564024925232
YOR178C,YGR238C,0,-6.9047747,0.2150472104549408,0.9051281809806824,0.33038461208343506
YJR143C,YDR243C,0,-6.904846,0.21498173475265503,0.9051281809806824,0.3305128216743469
YMR276W,YJL091C,0,-6.906292,0.21491628885269165,0.9051281809806824,0.3306410312652588
YNL015W,YLR092W,0,-6.9063883,0.21485088765621185,0.9051281809806824,0.33076924085617065
YHR108W,YLR426W,0,-6.9065895,0.21478551626205444,0.9051281809806824,0.3308974504470825
YDR081C,YBL051C,0,-6.907484,0.21472018957138062,0.9051281809806824,0.331025630235672
YGR028W,YJR126C,0,-6.9075365,0.21465490758419037,0.9051281809806824,0.33115383982658386
YPR006C,YKR065C,0,-6.9075594,0.2145896703004837,0.9051281809806824,0.3312820494174957
YOR178C,YMR004W,0,-6.908002,0.21452446281909943,0.9051281809806824,0.3314102590084076
YOR031W,YPL137C,0,-6.9081383,0.21445930004119873,0.9051281809806824,0.33153846859931946
YLR216C,YDL142C,0,-6.9081564,0.21439416706562042,0.9051281809806824,0.3316666781902313
YEL066W,YOR057W,0,-6.9083424,0.2143290787935257,0.9051281809806824,0.3317948579788208
YOR116C,YBR152W,0,-6.908781,0.21426403522491455,0.9051281809806824,0.33192306756973267
YOR244W,YLR219W,0,-6.908903,0.214199036359787,0.9051281809806824,0.33205127716064453
YPR176C,YPL179W,0,-6.910473,0.2141340672969818,0.9051281809806824,0.3321794867515564
YDR206W,YBR021W,0,-6.911228,0.21406912803649902,0.9051281809806824,0.33230769634246826
YGL068W,YML105C,0,-6.9118376,0.214004248380661,0.9051281809806824,0.3324359059333801
YER083C,YDL028C,0,-6.912781,0.21393939852714539,0.9051281809806824,0.332564115524292
YDR147W,YOR201C,0,-6.9128904,0.21387457847595215,0.9051281809806824,0.33269229531288147
YLR195C,YDL190C,0,-6.9141235,0.2138098180294037,0.9051281809806824,0.33282050490379333
YGL168W,YKL068W,0,-6.9144726,0.2137450873851776,0.9051281809806824,0.3329487144947052
YKR101W,YHR020W,0,-6.9147186,0.21368038654327393,0.9051281809806824,0.33307692408561707
YPL209C,YBR284W,0,-6.9149914,0.21361573040485382,0.9051281809806824,0.33320513367652893
YMR061W,YJL074C,0,-6.915139,0.2135511189699173,0.9051281809806824,0.3333333432674408
YDL087C,YDR175C,0,-6.916299,0.21348653733730316,0.9051281809806824,0.33346155285835266
YGR171C,YOR060C,0,-6.916445,0.2134220004081726,0.9051281809806824,0.33358973264694214
YBR286W,YPL274W,0,-6.916527,0.21335750818252563,0.9051281809806824,0.333717942237854
YMR204C,YNL307C,0,-6.917699,0.21329304575920105,0.9051281809806824,0.33384615182876587
YPR105C,YDR025W,0,-6.9182186,0.21322862803936005,0.9051281809806824,0.33397436141967773
YDR202C,YJR028W,0,-6.918852,0.21316425502300262,0.9051281809806824,0.3341025710105896
YMR112C,YOR308C,0,-6.9191084,0.2130999118089676,0.9051281809806824,0.33423078060150146
YNR049C,YLR132C,0,-6.9191236,0.21303561329841614,0.9051281809806824,0.33435896039009094
YGL035C,YDL109C,0,-6.9191875,0.21297134459018707,0.9051281809806824,0.3344871699810028
YDR251W,YPL152W,0,-6.919443,0.2129071205854416,0.9051281809806824,0.3346153795719147
YEL042W,YCL066W,0,-6.920789,0.2128429263830185,0.9051281809806824,0.33474358916282654
YGL099W,YBR012W-B,0,-6.9213495,0.21277877688407898,0.9051281809806824,0.3348717987537384
YML103C,YML123C,0,-6.921459,0.21271467208862305,0.9051281809806824,0.33500000834465027
YNR033W,YIL097W,0,-6.9215946,0.2126505970954895,0.9051281809806824,0.33512821793556213
YFL050C,YDR076W,0,-6.9217234,0.21258656680583954,0.9051281809806824,0.3352563977241516
YML112W,YGR296W,0,-6.9225073,0.21252258121967316,0.9051281809806824,0.3353846073150635
YBR057C,YEL004W,0,-6.923048,0.21245862543582916,0.9051281809806824,0.33551281690597534
YMR316W,YHR070W,0,-6.9230967,0.21239469945430756,0.9051281809806824,0.3356410264968872
YER157W,YBR193C,0,-6.9231176,0.21233083307743073,0.9051281809806824,0.3357692360877991
YLR011W,YGR209C,0,-6.9239655,0.2122669816017151,0.9051281809806824,0.33589744567871094
YKR048C,YHR072W-A,0,-6.924021,0.21220318973064423,0.9051281809806824,0.3360256552696228
YLR385C,YNL121C,0,-6.9242554,0.21213942766189575,0.9051281809806824,0.3361538350582123
YPR054W,YIL061C,0,-6.924429,0.21207569539546967,0.9051281809806824,0.33628204464912415
YPR201W,YBR107C,0,-6.925557,0.21201200783252716,0.9051281809806824,0.336410254240036
YGL092W,YOR301W,0,-6.9256725,0.21194836497306824,0.9051281809806824,0.3365384638309479
YDR343C,YNL307C,0,-6.9258432,0.2118847519159317,0.9051281809806824,0.33666667342185974
YOR269W,YIL031W,0,-6.925913,0.21182118356227875,0.9051281809806824,0.3367948830127716
YLR160C,YGR172C,0,-6.9260006,0.21175764501094818,0.9051281809806824,0.3369230628013611
YDL227C,YPL045W,0,-6.9261303,0.2116941511631012,0.9051281809806824,0.33705127239227295
YDR052C,YGL178W,0,-6.92735,0.2116307020187378,0.9051281809806824,0.3371794819831848
YMR041C,YIL062C,0,-6.928294,0.21156728267669678,0.9051281809806824,0.3373076915740967
YEL022W,YOR367W,0,-6.928336,0.21150389313697815,0.9051281809806824,0.33743590116500854
YLR085C,YOR362C,0,-6.9292145,0.2114405483007431,0.9051281809806824,0.3375641107559204
YDR320C-A,YNL323W,0,-6.929556,0.21137724816799164,0.9051281809806824,0.3376923203468323
YMR055C,YCL075W,0,-6.9297266,0.21131397783756256,0.9051281809806824,0.33782050013542175
YML110C,YDR194C,0,-6.929739,0.21125075221061707,0.9051281809806824,0.3379487097263336
YGR217W,YLR263W,0,-6.9298344,0.21118755638599396,0.9051281809806824,0.3380769193172455
YDR252W,YDL165W,0,-6.9301167,0.21112440526485443,0.9051281809806824,0.33820512890815735
YLR075W,YML025C,1,-6.9309635,0.21136024594306946,0.906410276889801,0.33820512890815735
YGR024C,YJR135W-A,0,-6.931636,0.21129706501960754,0.906410276889801,0.3383333384990692
YJR140C,YLR240W,0,-6.931798,0.2112339437007904,0.906410276889801,0.3384615480899811
YMR190C,YBR169C,0,-6.932024,0.21117085218429565,0.906410276889801,0.33858975768089294
YOR288C,YGR044C,0,-6.932431,0.2111077904701233,0.906410276889801,0.3387179374694824
YDR489W,YDR443C,0,-6.9328194,0.2110447734594345,0.906410276889801,0.3388461470603943
YMR113W,YDL109C,0,-6.932824,0.2109818011522293,0.906410276889801,0.33897435665130615
YJR074W,YBR012W-B,0,-6.9335127,0.2109188586473465,0.906410276889801,0.339102566242218
YDR183W,YML014W,0,-6.9335155,0.21085594594478607,0.906410276889801,0.3392307758331299
YIR015W,YKL126W,0,-6.9336996,0.21079307794570923,0.906410276889801,0.33935898542404175
YML008C,YKL108W,0,-6.933814,0.21073025465011597,0.906410276889801,0.3394871652126312
YGR097W,YPL015C,0,-6.9345083,0.2106674611568451,0.906410276889801,0.3396153748035431
YKL206C,YLR026C,0,-6.934743,0.2106047123670578,0.906410276889801,0.33974358439445496
YML038C,YMR046C,0,-6.935272,0.2105419933795929,0.906410276889801,0.3398717939853668
YJR137C,YOR122C,0,-6.9355946,0.21047930419445038,0.906410276889801,0.3400000035762787
YMR119W,YML001W,0,-6.9357634,0.21041665971279144,0.906410276889801,0.34012821316719055
YER083C,YDL235C,0,-6.936105,0.2103540599346161,0.906410276889801,0.3402564227581024
YLL043W,YOL089C,0,-6.9361143,0.21029148995876312,0.906410276889801,0.3403846025466919
YHR163W,YMR054W,0,-6.936228,0.21022896468639374,0.906410276889801,0.34051281213760376
YIL101C,YGR296W,0,-6.936409,0.21016646921634674,0.906410276889801,0.3406410217285156
YMR240C,YNL282W,0,-6.9364386,0.21010401844978333,0.906410276889801,0.3407692313194275
YBR010W,YDR013W,0,-6.936556,0.2100415974855423,0.906410276889801,0.34089744091033936
YIL010W,YNR032C-A,0,-6.936611,0.20997920632362366,0.906410276889801,0.3410256505012512
YER108C,YJL146W,0,-6.9375896,0.2099168598651886,0.906410276889801,0.3411538600921631
YBR095C,YDR489W,0,-6.9377327,0.20985455811023712,0.906410276889801,0.34128203988075256
YML058W-A,YJL093C,0,-6.9379005,0.20979228615760803,0.906410276889801,0.34141024947166443
YMR255W,YPL232W,0,-6.9388037,0.20973004400730133,0.906410276889801,0.3415384590625763
YAL032C,YDR409W,0,-6.9389677,0.2096678465604782,0.906410276889801,0.34166666865348816
YDR416W,YHL012W,0,-6.9392757,0.20960569381713867,0.906410276889801,0.3417948782444
YOR147W,YJL054W,0,-6.9395905,0.20954357087612152,0.906410276889801,0.3419230878353119
YNL059C,YDR487C,0,-6.940119,0.20948147773742676,0.906410276889801,0.34205126762390137
YJL021C,YFR013W,0,-6.940263,0.20941942930221558,0.906410276889801,0.34217947721481323
YJL196C,YDR055W,0,-6.9409246,0.20935741066932678,0.906410276889801,0.3423076868057251
YNL325C,YCL020W,0,-6.94254,0.20929543673992157,0.906410276889801,0.34243589639663696
YOR299W,YHR178W,0,-6.9426947,0.20923350751399994,0.906410276889801,0.34256410598754883
YPL131W,YML025C,1,-6.9428787,0.20946745574474335,0.9076923131942749,0.34256410598754883
YFL009W,YGR090W,0,-6.9432173,0.20940549671649933,0.9076923131942749,0.3426923155784607
YPL153C,YMR247C,0,-6.9435167,0.2093435823917389,0.9076923131942749,0.34282052516937256
YLR433C,YGR055W,0,-6.9435234,0.20928169786930084,0.9076923131942749,0.34294870495796204
YLR192C,YLR354C,0,-6.9435444,0.20921985805034637,0.9076923131942749,0.3430769145488739
YKL005C,YLR384C,0,-6.943653,0.2091580480337143,0.9076923131942749,0.34320512413978577
YJR108W,YER021W,0,-6.943926,0.2090962827205658,0.9076923131942749,0.34333333373069763
YGR171C,YML028W,0,-6.94495,0.20903454720973969,0.9076923131942749,0.3434615433216095
YER110C,YML021C,0,-6.945689,0.20897284150123596,0.9076923131942749,0.34358975291252136
YDR296W,YDR362C,0,-6.946165,0.20891118049621582,0.9076923131942749,0.3437179625034332
YGL223C,YKR022C,0,-6.9472713,0.20884956419467926,0.9076923131942749,0.3438461422920227
YNL262W,YDR392W,0,-6.9474754,0.2087879627943039,0.9076923131942749,0.34397435188293457
YDR459C,YCR102C,0,-6.947954,0.2087264209985733,0.9076923131942749,0.34410256147384644
YML127W,YPR139C,0,-6.9485044,0.2086648941040039,0.9076923131942749,0.3442307710647583
YDR329C,YER024W,0,-6.9485397,0.2086034119129181,0.9076923131942749,0.34435898065567017
YKL208W,YMR167W,0,-6.9491615,0.20854197442531586,0.9076923131942749,0.34448719024658203
YFR052W,YLR346C,0,-6.949277,0.208480566740036,0.9076923131942749,0.3446153700351715
YJR021C,YGR213C,0,-6.9492836,0.20841918885707855,0.9076923131942749,0.3447435796260834
YDL247W,YHR079C-A,0,-6.949917,0.20835785567760468,0.9076923131942749,0.34487178921699524
YGL212W,YOR088W,0,-6.9500074,0.20829655230045319,0.9076923131942749,0.3449999988079071
YDR038C,YKL051W,0,-6.950655,0.20823529362678528,0.9076923131942749,0.34512820839881897
YEL016C,YDR079C-A,0,-6.951477,0.20817406475543976,0.9076923131942749,0.34525641798973083
YPR139C,YLR277C,0,-6.952652,0.20811288058757782,0.9076923131942749,0.3453846275806427
YOR275C,YOR008C-A,0,-6.9532967,0.20805172622203827,0.9076923131942749,0.3455128073692322
YDL017W,YEL013W,0,-6.9533195,0.2079906016588211,0.9076923131942749,0.34564101696014404
YER094C,YJR029W,0,-6.953952,0.20792952179908752,0.9076923131942749,0.3457692265510559
YER040W,YDR059C,0,-6.9541063,0.20786847174167633,0.9076923131942749,0.3458974361419678
YDL145C,YDR147W,0,-6.9547443,0.20780745148658752,0.9076923131942749,0.34602564573287964
YOL045W,YAR042W,0,-6.9554033,0.2077464759349823,0.9076923131942749,0.3461538553237915
YDR393W,YKR079C,0,-6.955675,0.20768554508686066,0.9076923131942749,0.34628206491470337
YPL007C,YIL080W,0,-6.9559164,0.2076246291399002,0.9076923131942749,0.34641024470329285
YGR155W,YDR363W,0,-6.955945,0.20756375789642334,0.9076923131942749,0.3465384542942047
YPR068C,YPR168W,0,-6.9563656,0.20750293135643005,0.9076923131942749,0.3466666638851166
YPL177C,YBR207W,0,-6.956477,0.20744213461875916,0.9076923131942749,0.34679487347602844
YMR213W,YBL032W,0,-6.9565773,0.20738136768341064,0.9076923131942749,0.3469230830669403
YDR083W,YDL217C,0,-6.956856,0.20732064545154572,0.9076923131942749,0.3470512926578522
YFR041C,YHR187W,0,-6.957032,0.20725995302200317,0.9076923131942749,0.34717947244644165
YBR274W,YNR039C,0,-6.95704,0.20719929039478302,0.9076923131942749,0.3473076820373535
YKL017C,YCR066W,0,-6.9578905,0.20713867247104645,0.9076923131942749,0.3474358916282654
YDR343C,YML127W,0,-6.9588766,0.20707809925079346,0.9076923131942749,0.34756410121917725
YPL233W,YNL334C,0,-6.9588804,0.20701754093170166,0.9076923131942749,0.3476923108100891
YBR143C,YGR181W,0,-6.958931,0.20695702731609344,0.9076923131942749,0.347820520401001
YDL079C,YNL097C,0,-6.959017,0.2068965584039688,0.9076923131942749,0.34794872999191284
YML104C,YOR338W,0,-6.9593515,0.20683610439300537,0.9076923131942749,0.3480769097805023
YML102W,YNL287W,0,-6.959749,0.2067756950855255,0.9076923131942749,0.3482051193714142
YKL179C,YHR108W,0,-6.959876,0.20671533048152924,0.9076923131942749,0.34833332896232605
YDR046C,YOL101C,0,-6.960354,0.20665499567985535,0.9076923131942749,0.3484615385532379
YOR322C,YOR048C,0,-6.9605846,0.20659469068050385,0.9076923131942749,0.3485897481441498
YNL053W,YDR025W,0,-6.960943,0.20653441548347473,0.9076923131942749,0.34871795773506165
YFL039C,YPR036W,0,-6.96095,0.2064741849899292,0.9076923131942749,0.3488461673259735
YPL118W,YDR228C,0,-6.961439,0.20641399919986725,0.9076923131942749,0.348974347114563
YHR169W,YER160C,0,-6.961793,0.2063538283109665,0.9076923131942749,0.34910255670547485
YDR213W,YOR305W,0,-6.962125,0.20629370212554932,0.9076923131942749,0.3492307662963867
YGR191W,YNL279W,0,-6.96231,0.20623362064361572,0.9076923131942749,0.3493589758872986
YMR044W,YBR058C-A,0,-6.9627237,0.20617355406284332,0.9076923131942749,0.34948718547821045
YHR036W,YDR334W,0,-6.963846,0.2061135321855545,0.9076923131942749,0.3496153950691223
YIL042C,YAL001C,0,-6.9638557,0.20605355501174927,0.9076923131942749,0.3497435748577118
YDR099W,YPL137C,0,-6.9641514,0.20599359273910522,0.9076923131942749,0.34987178444862366
YNL004W,YPL274W,0,-6.9656467,0.20593367516994476,0.9076923131942749,0.3499999940395355
YMR012W,YOR136W,0,-6.9659157,0.20587380230426788,0.9076923131942749,0.3501282036304474
YGR038W,YML055W,0,-6.9661884,0.2058139592409134,0.9076923131942749,0.35025641322135925
YMR182C,YBR256C,0,-6.9663277,0.2057541459798813,0.9076923131942749,0.3503846228122711
YNL098C,YBL005W-B,0,-6.9665318,0.20569436252117157,0.9076923131942749,0.350512832403183
YDL017W,YHR124W,0,-6.966649,0.20563462376594543,0.9076923131942749,0.35064101219177246
YPL008W,YOR133W,0,-6.96717,0.2055749148130417,0.9076923131942749,0.3507692217826843
YJR140C,YDL093W,0,-6.967723,0.20551523566246033,0.9076923131942749,0.3508974313735962
YJL133W,YJL156C,0,-6.968029,0.20545560121536255,0.9076923131942749,0.35102564096450806
YOR039W,YPR055W,0,-6.9683905,0.20539599657058716,0.9076923131942749,0.3511538505554199
YGL005C,YOR351C,0,-6.9686966,0.20533642172813416,0.9076923131942749,0.3512820601463318
YJL063C,YDR394W,0,-6.968771,0.20527689158916473,0.9076923131942749,0.35141026973724365
YKL054C,YER022W,0,-6.9688473,0.2052173912525177,0.9076923131942749,0.35153844952583313
YBR093C,YKL130C,0,-6.9689665,0.20515792071819305,0.9076923131942749,0.351666659116745
YOR320C,YDR213W,0,-6.969057,0.205098494887352,0.9076923131942749,0.35179486870765686
YDL150W,YMR046C,0,-6.969248,0.2050390988588333,0.9076923131942749,0.3519230782985687
YKL101W,YJL145W,0,-6.9693813,0.20497973263263702,0.9076923131942749,0.3520512878894806
YBR023C,YPL083C,0,-6.9698925,0.20492041110992432,0.9076923131942749,0.35217949748039246
YDR419W,YCL074W,0,-6.969948,0.2048611044883728,0.9076923131942749,0.3523077070713043
YJL021C,YOL068C,0,-6.970477,0.20480185747146606,0.9076923131942749,0.3524358868598938
YLR197W,YFL002W-A,0,-6.9706974,0.20474262535572052,0.9076923131942749,0.35256409645080566
YOR123C,YHR023W,0,-6.9710655,0.20468343794345856,0.9076923131942749,0.35269230604171753
YGR188C,YGL163C,0,-6.9712687,0.20462428033351898,0.9076923131942749,0.3528205156326294
YOR080W,YDL028C,0,-6.9713774,0.2045651525259018,0.9076923131942749,0.35294872522354126
YDR206W,YNL206C,0,-6.971691,0.2045060694217682,0.9076923131942749,0.3530769348144531
YGR072W,YHL009C,0,-6.971879,0.20444701611995697,0.9076923131942749,0.3532051146030426
YOR067C,YGR195W,0,-6.972185,0.20438799262046814,0.9076923131942749,0.35333332419395447
YDR216W,YLR455W,0,-6.972416,0.2043289989233017,0.9076923131942749,0.35346153378486633
YAL041W,YIL037C,0,-6.97314,0.20427004992961884,0.9076923131942749,0.3535897433757782
YPR168W,YMR247C,0,-6.973856,0.20421113073825836,0.9076923131942749,0.35371795296669006
YNR033W,YNL009W,0,-6.9738655,0.20415225625038147,0.9076923131942749,0.35384616255760193
YKL052C,YDR227W,0,-6.974269,0.20409339666366577,0.9076923131942749,0.3539743721485138
YAL009W,YPL011C,0,-6.97484,0.20403458178043365,0.9076923131942749,0.35410255193710327
YPL195W,YGL126W,0,-6.9750137,0.20397579669952393,0.9076923131942749,0.35423076152801514
YMR016C,YDR320C,0,-6.9758015,0.20391705632209778,0.9076923131942749,0.354358971118927
YLR117C,YLR116W,0,-6.9761343,0.20385833084583282,0.9076923131942749,0.35448718070983887
YNL161W,YJL085W,0,-6.9762487,0.20379965007305145,0.9076923131942749,0.35461539030075073
YLR394W,YBR015C,0,-6.9766912,0.20374101400375366,0.9076923131942749,0.3547435998916626
YGL035C,YPR107C,0,-6.9770117,0.20368239283561707,0.9076923131942749,0.35487180948257446
YGR113W,YLR442C,0,-6.9770794,0.20362381637096405,0.9076923131942749,0.35499998927116394
YHR107C,YLL027W,0,-6.9773083,0.20356526970863342,0.9076923131942749,0.3551281988620758
YDR219C,YDR288W,0,-6.9774837,0.20350675284862518,0.9076923131942749,0.35525640845298767
YEL017C-A,YOR290C,0,-6.9777355,0.20344828069210052,0.9076923131942749,0.35538461804389954
YER040W,YMR247C,0,-6.9782333,0.20338982343673706,0.9076923131942749,0.3555128276348114
YKL092C,YLL043W,0,-6.978691,0.20333142578601837,0.9076923131942749,0.35564103722572327
YER166W,YBR102C,0,-6.9794865,0.20327304303646088,0.9076923131942749,0.35576921701431274
YBR283C,YLR426W,0,-6.98013,0.20321469008922577,0.9076923131942749,0.3558974266052246
YMR167W,YKR085C,0,-6.9802637,0.20315638184547424,0.9076923131942749,0.3560256361961365
YOR381W,YCR044C,0,-6.9804344,0.2030981034040451,0.9076923131942749,0.35615384578704834
YNL318C,YER154W,0,-6.9807587,0.20303986966609955,0.9076923131942749,0.3562820553779602
YPR186C,YNL309W,0,-6.9807596,0.20298165082931519,0.9076923131942749,0.35641026496887207
YKL205W,YDR488C,0,-6.980917,0.2029234766960144,0.9076923131942749,0.35653847455978394
YOL128C,YPR078C,0,-6.9815063,0.202865332365036,0.9076923131942749,0.3566666543483734
YKR034W,YMR052W,0,-6.981888,0.20280721783638,0.9076923131942749,0.3567948639392853
YNL288W,YLR066W,0,-6.982026,0.20274914801120758,0.9076923131942749,0.35692307353019714
YKL182W,YFL021W,0,-6.982112,0.20269109308719635,0.9076923131942749,0.357051283121109
YJR083C,YDR386W,0,-6.9826374,0.2026330828666687,0.9076923131942749,0.3571794927120209
YER044C,YHL034C,0,-6.9831085,0.20257510244846344,0.9076923131942749,0.35730770230293274
YKL135C,YGR222W,0,-6.985821,0.20251716673374176,0.9076923131942749,0.3574359118938446
YNL218W,YJR029W,0,-6.9867153,0.20245924592018127,0.9076923131942749,0.3575640916824341
YLL013C,YPR161C,0,-6.9875574,0.20240136981010437,0.9076923131942749,0.35769230127334595
YJL041W,YMR039C,0,-6.9878807,0.20234352350234985,0.9076923131942749,0.3578205108642578
YGL018C,YNL247W,0,-6.9879904,0.20228570699691772,0.9076923131942749,0.3579487204551697
YKL049C,YDL208W,0,-6.9881563,0.20222793519496918,0.9076923131942749,0.35807693004608154
YDL220C,YCL051W,0,-6.988261,0.20217019319534302,0.9076923131942749,0.3582051396369934
YNR072W,YER008C,0,-6.988389,0.20211248099803925,0.9076923131942749,0.3583333194255829
YDR040C,YER111C,0,-6.9888296,0.20205479860305786,0.9076923131942749,0.35846152901649475
YNL318C,YER110C,0,-6.9893427,0.20199714601039886,0.9076923131942749,0.3585897386074066
YER008C,YGR054W,0,-6.9894,0.20193953812122345,0.9076923131942749,0.3587179481983185
YLR254C,YHR072W-A,0,-6.990014,0.20188194513320923,0.9076923131942749,0.35884615778923035
YNL258C,YOR294W,0,-6.9904222,0.2018243968486786,0.9076923131942749,0.3589743673801422
YGL173C,YNL091W,0,-6.9907217,0.20176687836647034,0.9076923131942749,0.3591025769710541
YER167W,YEL053C,0,-6.991002,0.20170940458774567,0.9076923131942749,0.35923075675964355
YOL016C,YOR147W,0,-6.991104,0.2016519457101822,0.9076923131942749,0.3593589663505554
YPR164W,YOR253W,0,-6.9921436,0.2015945315361023,0.9076923131942749,0.3594871759414673
YGR140W,YIR041W,0,-6.9922056,0.2015371471643448,0.9076923131942749,0.35961538553237915
YOR085W,YLR467W,0,-6.994075,0.20147979259490967,0.9076923131942749,0.359743595123291
YBR020W,YPL120W,0,-6.994191,0.20142246782779694,0.9076923131942749,0.3598718047142029
YMR112C,YLR014C,0,-6.9947977,0.20136518776416779,0.9076923131942749,0.36000001430511475
YDL017W,YKR046C,0,-6.995364,0.20130793750286102,0.9076923131942749,0.3601281940937042
YLR449W,YNL107W,0,-6.995488,0.20125071704387665,0.9076923131942749,0.3602564036846161
YGR202C,YOL006C,0,-6.995867,0.20119352638721466,0.9076923131942749,0.36038461327552795
YBL005W-A,YDR115W,0,-6.995963,0.20113636553287506,0.9076923131942749,0.3605128228664398
YPL231W,YHR172W,0,-6.9964905,0.20107923448085785,0.9076923131942749,0.3606410324573517
YER044C-A,YLR363C,0,-6.996566,0.20102214813232422,0.9076923131942749,0.36076924204826355
YCL044C,YPR036W,0,-6.9967833,0.20096509158611298,0.9076923131942749,0.360897421836853
YOL069W,YDR131C,0,-6.9976826,0.20090806484222412,0.9076923131942749,0.3610256314277649
YHR107C,YPR105C,0,-6.998189,0.20085106790065765,0.9076923131942749,0.36115384101867676
YMR053C,YLR092W,0,-6.9982777,0.20079410076141357,0.9076923131942749,0.3612820506095886
YCR052W,YNL222W,0,-6.9992447,0.20073716342449188,0.9076923131942749,0.3614102602005005
YPL137C,YOR329C,0,-6.9994154,0.20068027079105377,0.9076923131942749,0.36153846979141235
YIL103W,YMR016C,0,-6.999469,0.20062340795993805,0.9076923131942749,0.3616666793823242
YNR011C,YCL069W,0,-6.999732,0.20056657493114471,0.9076923131942749,0.3617948591709137
YPL194W,YHR164C,0,-7.001094,0.20050977170467377,0.9076923131942749,0.36192306876182556
YOR004W,YJR026W,0,-7.00146,0.2004529982805252,0.9076923131942749,0.3620512783527374
YCR047C,YKL070W,0,-7.0016975,0.20039626955986023,0.9076923131942749,0.3621794879436493
YGL043W,YJL127C,0,-7.001807,0.20033955574035645,0.9076923131942749,0.36230769753456116
YPR155C,YKL020C,0,-7.0023413,0.20028288662433624,0.9076923131942749,0.362435907125473
YHR187W,YOL109W,0,-7.002578,0.20022624731063843,0.9076923131942749,0.3625641167163849
YLL001W,YNL263C,0,-7.002838,0.200169637799263,0.9076923131942749,0.36269229650497437
YMR220W,YDR409W,0,-7.0031786,0.20011305809020996,0.9076923131942749,0.36282050609588623
YNL156C,YIL119C,0,-7.003335,0.2000565081834793,0.9076923131942749,0.3629487156867981
YBR201W,YCL010C,0,-7.0039845,0.20000000298023224,0.9076923131942749,0.36307692527770996
YEL034W,YOR346W,0,-7.003996,0.19994351267814636,0.9076923131942749,0.3632051348686218
YPL248C,YKR061W,0,-7.0042706,0.19988706707954407,0.9076923131942749,0.3633333444595337
YLR431C,YPL033C,0,-7.0043974,0.19983065128326416,0.9076923131942749,0.36346152424812317
YKL017C,YJL029C,0,-7.0045433,0.19977426528930664,0.9076923131942749,0.36358973383903503
YKL032C,YBL005W,0,-7.005266,0.1997179090976715,0.9076923131942749,0.3637179434299469
YFR004W,YDL190C,0,-7.0052958,0.19966159760951996,0.9076923131942749,0.36384615302085876
YMR275C,YDR320C-A,0,-7.0054655,0.1996053010225296,0.9076923131942749,0.36397436261177063
YAL054C,YDR481C,0,-7.005473,0.19954904913902283,0.9076923131942749,0.3641025722026825
YER165W,YNL267W,0,-7.005639,0.19949281215667725,0.9076923131942749,0.36423078179359436
YLR102C,YGL252C,0,-7.005845,0.19943661987781525,0.9076923131942749,0.36435896158218384
YBR041W,YGL195W,0,-7.0061502,0.19938045740127563,0.9076923131942749,0.3644871711730957
YOR269W,YNL330C,0,-7.0066786,0.1993243247270584,0.9076923131942749,0.36461538076400757
YBR280C,YGL212W,0,-7.0070086,0.19926822185516357,0.9076923131942749,0.36474359035491943
YKL135C,YKR046C,0,-7.009104,0.19921214878559113,0.9076923131942749,0.3648717999458313
YGR098C,YBR231C,0,-7.010604,0.19915612041950226,0.9076923131942749,0.36500000953674316
YPL010W,YNL107W,0,-7.01077,0.19910010695457458,0.9076923131942749,0.36512821912765503
YIL079C,YFL009W,0,-7.011306,0.1990441381931305,0.9076923131942749,0.3652563989162445
YGL106W,YNL138W,0,-7.011488,0.1989881992340088,0.9076923131942749,0.36538460850715637
YGR286C,YDR227W,0,-7.012128,0.19893229007720947,0.9076923131942749,0.36551281809806824
YMR316W,YBR114W,0,-7.0122194,0.19887641072273254,0.9076923131942749,0.3656410276889801
YOR237W,YPL212C,0,-7.013175,0.198820561170578,0.9076923131942749,0.36576923727989197
YJR076C,YEL016C,0,-7.013299,0.19876474142074585,0.9076923131942749,0.36589744687080383
YOR346W,YFL004W,0,-7.0137568,0.19870895147323608,0.9076923131942749,0.3660256266593933
YGR202C,YBR293W,0,-7.0138693,0.1986531913280487,0.9076923131942749,0.3661538362503052
YJL210W,YNL304W,0,-7.014285,0.1985974758863449,0.9076923131942749,0.36628204584121704
YOR049C,YPR024W,0,-7.0143166,0.1985417902469635,0.9076923131942749,0.3664102554321289
YDL002C,YMR045C,0,-7.0157633,0.1984861195087433,0.9076923131942749,0.36653846502304077
YMR022W,YGR296W,0,-7.016327,0.19843049347400665,0.9076923131942749,0.36666667461395264
YOR046C,YDL093W,0,-7.016425,0.1983748972415924,0.9076923131942749,0.3667948842048645
YFL018C,YGR296W,0,-7.0164337,0.19831933081150055,0.9076923131942749,0.366923063993454
YCL031C,YDR353W,0,-7.0167046,0.19826379418373108,0.9076923131942749,0.36705127358436584
YBR295W,YER104W,0,-7.017289,0.198208287358284,0.9076923131942749,0.3671794831752777
YNL314W,YMR190C,0,-7.017514,0.1981528103351593,0.9076923131942749,0.3673076927661896
YLR098C,YER133W,0,-7.017741,0.198097363114357,0.9076923131942749,0.36743590235710144
YCR073C,YIR018W,0,-7.0183277,0.19804196059703827,0.9076923131942749,0.3675641119480133
YLR196W,YLR045C,0,-7.018862,0.19798657298088074,0.9076923131942749,0.36769232153892517
YML071C,YHR203C,0,-7.01904,0.1979312300682068,0.9076923131942749,0.36782050132751465
YPR124W,YGR209C,0,-7.0193005,0.19787590205669403,0.9076923131942749,0.3679487109184265
YBR207W,YJL166W,0,-7.019409,0.19782061874866486,0.9076923131942749,0.3680769205093384
YIL014W,YGL115W,0,-7.0202274,0.19776536524295807,0.9076923131942749,0.36820513010025024
YLR226W,YDR473C,0,-7.0203485,0.19771014153957367,0.9076923131942749,0.3683333396911621
YIL155C,YER160C,0,-7.0203514,0.19765494763851166,0.9076923131942749,0.368461549282074
YBR256C,YKR101W,0,-7.020425,0.19759978353977203,0.9076923131942749,0.36858972907066345
YER129W,YAR008W,0,-7.020713,0.1975446492433548,0.9076923131942749,0.3687179386615753
YNL232W,YCR102C,0,-7.0208035,0.19748954474925995,0.9076923131942749,0.3688461482524872
YAL003W,YBR083W,0,-7.021554,0.1974344700574875,0.9076923131942749,0.36897435784339905
YOR274W,YOL006C,0,-7.0220556,0.19737942516803741,0.9076923131942749,0.3691025674343109
YJR091C,YMR023C,0,-7.022583,0.19732441008090973,0.9076923131942749,0.3692307770252228
YKR046C,YDL194W,0,-7.022587,0.19726943969726562,0.9076923131942749,0.36935898661613464
YGL233W,YPL047W,0,-7.023431,0.19721448421478271,0.9076923131942749,0.3694871664047241
YGL245W,YBR058C,0,-7.023554,0.1971595585346222,0.9076923131942749,0.369615375995636
YDL165W,YKL081W,0,-7.0238457,0.19710467755794525,0.9076923131942749,0.36974358558654785
YDR296W,YAL055W,0,-7.0238905,0.1970498263835907,0.9076923131942749,0.3698717951774597
YGL047W,YJR029W,0,-7.0270166,0.19699499011039734,0.9076923131942749,0.3700000047683716
YIL013C,YHR020W,0,-7.0277624,0.19694019854068756,0.9076923131942749,0.37012821435928345
YGL212W,YJL141C,0,-7.0282173,0.19688542187213898,0.9076923131942749,0.3702564239501953
YJR022W,YNL334C,0,-7.02973,0.19683068990707397,0.9076923131942749,0.3703846037387848
YJL214W,YMR167W,0,-7.0297394,0.19677598774433136,0.9076923131942749,0.37051281332969666
YJL061W,YJR135W-A,0,-7.0323915,0.19672131538391113,0.9076923131942749,0.3706410229206085
YCR037C,YDR143C,0,-7.0325327,0.1966666728258133,0.9076923131942749,0.3707692325115204
YBR077C,YMR101C,0,-7.0332155,0.19661204516887665,0.9076923131942749,0.37089744210243225
YER133W,YGR244C,0,-7.033329,0.19655746221542358,0.9076923131942749,0.3710256516933441
YBL090W,YOR143C,0,-7.033885,0.1965029090642929,0.9076923131942749,0.3711538314819336
YJL112W,YML039W,0,-7.0342836,0.19644838571548462,0.9076923131942749,0.37128204107284546
YML048W,YMR134W,0,-7.034294,0.19639389216899872,0.9076923131942749,0.3714102506637573
YPL194W,YGR270W,0,-7.0343266,0.1963394284248352,0.9076923131942749,0.3715384602546692
YDR138W,YOR210W,0,-7.0346985,0.19628499448299408,0.9076923131942749,0.37166666984558105
YIL173W,YMR197C,0,-7.0355034,0.19623060524463654,0.9076923131942749,0.3717948794364929
YGL223C,YIL167W,0,-7.03586,0.19617623090744019,0.9076923131942749,0.3719230890274048
YOL068C,YER171W,0,-7.03728,0.19612188637256622,0.9076923131942749,0.37205126881599426
YCL024W,YDL040C,0,-7.037447,0.19606757164001465,0.9076923131942749,0.37217947840690613
YGL172W,YMR284W,0,-7.0379934,0.19601328670978546,0.9076923131942749,0.372307687997818
YDR002W,YJR028W,0,-7.03903,0.19595903158187866,0.9076923131942749,0.37243589758872986
YKR007W,YGL252C,0,-7.039303,0.19590482115745544,0.9076923131942749,0.3725641071796417
YOR204W,YKR057W,0,-7.0397463,0.19585062563419342,0.9076923131942749,0.3726923167705536
YOR211C,YKL188C,0,-7.040365,0.19579645991325378,0.9076923131942749,0.37282052636146545
YPL084W,YPR024W,0,-7.0407352,0.19574232399463654,0.9076923131942749,0.37294870615005493
YDR513W,YPR168W,0,-7.0410147,0.19568823277950287,0.9076923131942749,0.3730769157409668
YJR053W,YDR292C,0,-7.042238,0.1956341564655304,0.9076923131942749,0.37320512533187866
YPL195W,YMR052W,0,-7.0426226,0.1955801099538803,0.9076923131942749,0.3733333349227905
YML103C,YBR055C,0,-7.0427856,0.1955260932445526,0.9076923131942749,0.3734615445137024
YDR086C,YEL057C,0,-7.0446415,0.1954721212387085,0.9076923131942749,0.37358975410461426
YCR094W,YLL050C,0,-7.045044,0.19541816413402557,0.9076923131942749,0.37371793389320374
YKL134C,YNL310C,0,-7.0452747,0.19536423683166504,0.9076923131942749,0.3738461434841156
YOR211C,YDR356W,0,-7.045315,0.1953103393316269,0.9076923131942749,0.37397435307502747
YMR036C,YJL093C,0,-7.0455313,0.19525648653507233,0.9076923131942749,0.37410256266593933
YHR164C,YER008C,0,-7.0462656,0.19520264863967896,0.9076923131942749,0.3742307722568512
YLR398C,YFL037W,0,-7.0463123,0.19514884054660797,0.9076923131942749,0.37435898184776306
YDL181W,YLL027W,0,-7.046336,0.19509506225585938,0.9076923131942749,0.3744871914386749
YLR068W,YCR077C,0,-7.0467014,0.19504132866859436,0.9076923131942749,0.3746153712272644
YKL149C,YLR011W,0,-7.04677,0.19498760998249054,0.9076923131942749,0.37474358081817627
YGL029W,YDR416W,0,-7.0468836,0.1949339210987091,0.9076923131942749,0.37487179040908813
YPL169C,YKR042W,0,-7.0473776,0.19488026201725006,0.9076923131942749,0.375
YHR073W,YNR048W,0,-7.0475388,0.1948266327381134,0.9076923131942749,0.37512820959091187
YBR260C,YGR221C,0,-7.0476522,0.19477303326129913,0.9076923131942749,0.37525641918182373
YNL275W,YDR265W,0,-7.047738,0.19471947848796844,0.9076923131942749,0.3753846287727356
YOR298W,YGR296W,0,-7.04825,0.19466593861579895,0.9076923131942749,0.3755128085613251
YML051W,YPR067W,0,-7.0493994,0.19461242854595184,0.9076923131942749,0.37564101815223694
YDL155W,YDR518W,0,-7.0500402,0.19455894827842712,0.9076923131942749,0.3757692277431488
YLR098C,YLR234W,0,-7.0511303,0.1945054978132248,0.9076923131942749,0.37589743733406067
YMR073C,YML016C,0,-7.051881,0.19445207715034485,0.9076923131942749,0.37602564692497253
YML074C,YMR070W,0,-7.0526266,0.1943986862897873,0.9076923131942749,0.3761538565158844
YPL083C,YLR426W,0,-7.0532675,0.19434532523155212,0.9076923131942749,0.37628206610679626
YIR010W,YLR293C,0,-7.0539694,0.19429199397563934,0.9076923131942749,0.37641024589538574
YDR448W,YDR478W,0,-7.054021,0.19423867762088776,0.9076923131942749,0.3765384554862976
YKL134C,YBR006W,0,-7.054325,0.19418540596961975,0.9076923131942749,0.3766666650772095
YER093C,YER151C,0,-7.0547075,0.19413216412067413,0.9076923131942749,0.37679487466812134
YDR329C,YBL056W,0,-7.055317,0.1940789520740509,0.9076923131942749,0.3769230842590332
YHR166C,YJR158W,0,-7.0566425,0.19402575492858887,0.9076923131942749,0.37705129384994507
YPL059W,YMR077C,0,-7.0570307,0.1939726024866104,0.9076923131942749,0.37717947363853455
YJL061W,YNL290W,0,-7.0571175,0.19391947984695435,0.9076923131942749,0.3773076832294464
YNL047C,YEL057C,0,-7.057293,0.19386637210845947,0.9076923131942749,0.3774358928203583
YBR061C,YDR115W,0,-7.0573063,0.19381330907344818,0.9076923131942749,0.37756410241127014
YKL092C,YLR398C,0,-7.0574007,0.19376026093959808,0.9076923131942749,0.377692312002182
YGR140W,YJL157C,0,-7.0576677,0.19370725750923157,0.9076923131942749,0.37782052159309387
YMR039C,YDR259C,0,-7.058502,0.19365426898002625,0.9076923131942749,0.37794873118400574
YBR234C,YDL100C,0,-7.0588675,0.1936013102531433,0.9076923131942749,0.3780769109725952
YDR009W,YOR348C,0,-7.0589066,0.19354838132858276,0.9076923131942749,0.3782051205635071
YKR034W,YMR162C,0,-7.058921,0.1934954971075058,0.9076923131942749,0.37833333015441895
YHR158C,YIR006C,0,-7.058975,0.19344262778759003,0.9076923131942749,0.3784615397453308
YDR302W,YBR049C,0,-7.059147,0.19338978826999664,0.9076923131942749,0.3785897493362427
YLR284C,YDR314C,0,-7.059163,0.19333697855472565,0.9076923131942749,0.37871795892715454
YPL043W,YER075C,0,-7.0593863,0.19328419864177704,0.9076923131942749,0.3788461685180664
YOL043C,YLR132C,0,-7.0599165,0.19323143362998962,0.9076923131942749,0.3789743483066559
YMR055C,YPL022W,0,-7.060007,0.1931787133216858,0.9076923131942749,0.37910255789756775
YLR451W,YJR043C,0,-7.0603247,0.19312602281570435,0.9076923131942749,0.3792307674884796
YCL003W,YJR043C,0,-7.060464,0.1930733621120453,0.9076923131942749,0.3793589770793915
YOR188W,YPL239W,0,-7.060479,0.19302071630954742,0.9076923131942749,0.37948718667030334
YAL015C,YMR026C,0,-7.0608654,0.19296811521053314,0.9076923131942749,0.3796153962612152
YDR228C,YOL100W,0,-7.0609455,0.19291552901268005,0.9076923131942749,0.3797435760498047
YOL117W,YMR101C,0,-7.061081,0.19286298751831055,0.9076923131942749,0.37987178564071655
YGR181W,YNL045W,0,-7.061655,0.19281046092510223,0.9076923131942749,0.3799999952316284
YNR075W,YLR467W,0,-7.0618477,0.1927579641342163,0.9076923131942749,0.3801282048225403
YML071C,YGL163C,0,-7.0626287,0.19270549714565277,0.9076923131942749,0.38025641441345215
YGL055W,YLL013C,0,-7.0633135,0.19265305995941162,0.9076923131942749,0.380384624004364
YKL092C,YPL179W,0,-7.0637484,0.19260065257549286,0.9076923131942749,0.3805128335952759
YLR163C,YOR201C,0,-7.0637836,0.19254827499389648,0.9076923131942749,0.38064101338386536
YFL011W,YPL041C,0,-7.0638,0.1924959272146225,0.9076923131942749,0.3807692229747772
YLR113W,YGL243W,0,-7.0644245,0.1924435943365097,0.9076923131942749,0.3808974325656891
YKL032C,YHR062C,0,-7.0647335,0.1923913061618805,0.9076923131942749,0.38102564215660095
YGL206C,YBL071W-A,0,-7.065262,0.19233903288841248,0.9076923131942749,0.3811538517475128
YPL140C,YLR191W,0,-7.065531,0.19228680431842804,0.9076923131942749,0.3812820613384247
YGR261C,YPL116W,0,-7.0655737,0.1922345906496048,0.9076923131942749,0.38141027092933655
YNL327W,YDR268W,0,-7.065776,0.19218240678310394,0.9076923131942749,0.381538450717926
YOR048C,YDR381W,0,-7.0662174,0.19213025271892548,0.9076923131942749,0.3816666603088379
YPR068C,YHR187W,0,-7.0669537,0.1920781284570694,0.9076923131942749,0.38179486989974976
YPL028W,YPL091W,0,-7.067112,0.1920260339975357,0.9076923131942749,0.3819230794906616
YBR010W,YHR001W-A,0,-7.067315,0.1919739693403244,0.9076923131942749,0.3820512890815735
YLR085C,YGR170W,0,-7.0678234,0.19192193448543549,0.9076923131942749,0.38217949867248535
YGL172W,YOL142W,0,-7.067853,0.19186991453170776,0.9076923131942749,0.38230767846107483
YIR008C,YDR451C,0,-7.0679674,0.19181793928146362,0.9076923131942749,0.3824358880519867
YPL061W,YKL182W,0,-7.068536,0.19176597893238068,0.9076923131942749,0.38256409764289856
YLR086W,YMR077C,0,-7.068576,0.19171404838562012,0.9076923131942749,0.3826923072338104
YLR015W,YGL089C,0,-7.0696583,0.19166214764118195,0.9076923131942749,0.3828205168247223
YDR022C,YIL031W,0,-7.069725,0.19161029160022736,0.9076923131942749,0.38294872641563416
YPR201W,YIR011C,0,-7.07086,0.19155843555927277,0.9076923131942749,0.383076936006546
YLR438C-A,YLR183C,0,-7.0709667,0.19150662422180176,0.9076923131942749,0.3832051157951355
YML086C,YNL186W,0,-7.071726,0.19145484268665314,0.9076923131942749,0.38333332538604736
YHR091C,YGR281W,0,-7.071763,0.1914030760526657,0.9076923131942749,0.38346153497695923
YPR167C,YOL110W,0,-7.0718336,0.19135135412216187,0.9076923131942749,0.3835897445678711
YER147C,YNL046W,0,-7.0723286,0.1912996470928192,0.9076923131942749,0.38371795415878296
YKL200C,YMR093W,0,-7.072544,0.19124796986579895,0.9076923131942749,0.3838461637496948
YBR207W,YAL032C,0,-7.072693,0.19119632244110107,0.9076923131942749,0.3839743733406067
YLR380W,YOR275C,0,-7.072977,0.19114470481872559,0.9076923131942749,0.38410255312919617
YGL130W,YFL058W,0,-7.0731344,0.19109311699867249,0.9076923131942749,0.38423076272010803
YJR031C,YGL046W,0,-7.073143,0.19104155898094177,0.9076923131942749,0.3843589723110199
YBL013W,YOR120W,0,-7.0732327,0.19099001586437225,0.9076923131942749,0.38448718190193176
YGR007W,YHR014W,0,-7.073738,0.19093851745128632,0.9076923131942749,0.38461539149284363
YLR039C,YNR064C,0,-7.073948,0.19088703393936157,0.9076923131942749,0.3847436010837555
YMR224C,YNL047C,0,-7.0743523,0.19083558022975922,0.9076923131942749,0.38487178087234497
YGR048W,YLR396C,0,-7.0744123,0.19078415632247925,0.9076923131942749,0.38499999046325684
YLL011W,YER160C,0,-7.0744514,0.19073276221752167,0.9076923131942749,0.3851282000541687
YGL126W,YGR212W,0,-7.0753145,0.19068138301372528,0.9076923131942749,0.38525640964508057
YER008C,YJR028W,0,-7.0753613,0.19063004851341248,0.9076923131942749,0.38538461923599243
YOR038C,YNL149C,0,-7.075486,0.19057872891426086,0.9076923131942749,0.3855128288269043
YDR529C,YGL098W,0,-7.075938,0.19052745401859283,0.9076923131942749,0.38564103841781616
YMR211W,YML045W,0,-7.076355,0.190476194024086,0.9076923131942749,0.38576921820640564
YNL106C,YBR182C,0,-7.0764675,0.19042496383190155,0.9076923131942749,0.3858974277973175
YJL095W,YOR229W,0,-7.076827,0.1903737634420395,0.9076923131942749,0.38602563738822937
YDR421W,YMR095C,0,-7.0784883,0.19032257795333862,0.9076923131942749,0.38615384697914124
YLR361C,YBR169C,0,-7.0789766,0.19027143716812134,0.9076923131942749,0.3862820565700531
YBR021W,YHR048W,0,-7.0797625,0.19022031128406525,0.9076923131942749,0.38641026616096497
YDL178W,YMR097C,0,-7.0804024,0.19016921520233154,0.9076923131942749,0.38653847575187683
YKL029C,YCR020C,0,-7.0807066,0.19011814892292023,0.9076923131942749,0.3866666555404663
YNR075W,YKL099C,0,-7.0810556,0.1900671124458313,0.9076923131942749,0.3867948651313782
YFR055W,YPR178W,0,-7.0810585,0.19001610577106476,0.9076923131942749,0.38692307472229004
YHR186C,YNL279W,0,-7.0810804,0.1899651139974594,0.9076923131942749,0.3870512843132019
YLR330W,YOR322C,0,-7.0820885,0.18991416692733765,0.9076923131942749,0.38717949390411377
YDR272W,YDR481C,0,-7.0832567,0.18986323475837708,0.9076923131942749,0.38730770349502563
YPR020W,YFL037W,0,-7.0833206,0.1898123323917389,0.9076923131942749,0.3874358832836151
YGL043W,YHR014W,0,-7.0839424,0.1897614598274231,0.9076923131942749,0.387564092874527
YLR263W,YDR080W,0,-7.0840664,0.1897106170654297,0.9076923131942749,0.38769230246543884
YFL026W,YIL144W,0,-7.0841255,0.18965978920459747,0.9076923131942749,0.3878205120563507
YJL204C,YKL117W,0,-7.084608,0.18960899114608765,0.9076923131942749,0.3879487216472626
YHR206W,YDR079C-A,0,-7.0847473,0.1895582377910614,0.9076923131942749,0.38807693123817444
YJR150C,YER089C,0,-7.084798,0.18950749933719635,0.9076923131942749,0.3882051408290863
YGL086W,YFR003C,0,-7.0848627,0.1894567906856537,0.9076923131942749,0.3883333206176758
YIL004C,YLR330W,0,-7.085739,0.18940609693527222,0.9076923131942749,0.38846153020858765
YNR030W,YPR178W,0,-7.0858803,0.18935544788837433,0.9076923131942749,0.3885897397994995
YNL059C,YBR133C,0,-7.086874,0.18930481374263763,0.9076923131942749,0.3887179493904114
YCL025C,YOR226C,0,-7.086976,0.18925420939922333,0.9076923131942749,0.38884615898132324
YOR109W,YNL216W,0,-7.087391,0.1892036348581314,0.9076923131942749,0.3889743685722351
YDR364C,YDR414C,0,-7.087845,0.18915309011936188,0.9076923131942749,0.389102578163147
YBR276C,YPR108W,0,-7.088231,0.18910256028175354,0.9076923131942749,0.38923075795173645
YMR036C,YML040W,0,-7.0888557,0.18905207514762878,0.9076923131942749,0.3893589675426483
YLR382C,YCR044C,0,-7.088973,0.18900160491466522,0.9076923131942749,0.3894871771335602
YPL045W,YLR396C,0,-7.088979,0.18895116448402405,0.9076923131942749,0.38961538672447205
YDR511W,YDR218C,0,-7.0894966,0.18890075385570526,0.9076923131942749,0.3897435963153839
YKR035W-A,YPL120W,0,-7.089692,0.18885035812854767,0.9076923131942749,0.3898718059062958
YLR220W,YEL062W,0,-7.0903378,0.18880000710487366,0.9076923131942749,0.38999998569488525
YPL170W,YOR049C,0,-7.090604,0.18874967098236084,0.9076923131942749,0.3901281952857971
YOR274W,YOR143C,0,-7.0909147,0.1886993646621704,0.9076923131942749,0.390256404876709
YGL155W,YMR016C,0,-7.0914555,0.18864908814430237,0.9076923131942749,0.39038461446762085
YEL034W,YGL018C,0,-7.0918846,0.18859882652759552,0.9076923131942749,0.3905128240585327
YBL071W-A,YGR147C,0,-7.091921,0.18854859471321106,0.9076923131942749,0.3906410336494446
YAL040C,YGL173C,0,-7.0921793,0.18849840760231018,0.9076923131942749,0.39076924324035645
YDR071C,YIL073C,0,-7.093108,0.1884482353925705,0.9076923131942749,0.3908974230289459
YBR110W,YPR168W,0,-7.093484,0.188398078083992,0.9076923131942749,0.3910256326198578
YJL106W,YLR136C,0,-7.093604,0.1883479654788971,0.9076923131942749,0.39115384221076965
YCL035C,YGL226C-A,0,-7.0937138,0.18829786777496338,0.9076923131942749,0.3912820518016815
YDR384C,YBL025W,0,-7.0937986,0.18824779987335205,0.9076923131942749,0.3914102613925934
YNL280C,YBR087W,0,-7.0942936,0.1881977617740631,0.9076923131942749,0.39153847098350525
YBL005W,YBR231C,0,-7.094549,0.18814775347709656,0.9076923131942749,0.3916666805744171
YDL036C,YER160C,0,-7.0955114,0.1880977749824524,0.9076923131942749,0.3917948603630066
YDR106W,YDR076W,0,-7.095792,0.18804781138896942,0.9076923131942749,0.39192306995391846
YNL271C,YDR343C,0,-7.095957,0.18799787759780884,0.9076923131942749,0.3920512795448303
YOR058C,YPL194W,0,-7.0961027,0.18794797360897064,0.9076923131942749,0.3921794891357422
YKL145W,YKL070W,0,-7.096446,0.18789808452129364,0.9076923131942749,0.39230769872665405
YMR037C,YJR029W,0,-7.0978985,0.18784824013710022,0.9076923131942749,0.3924359083175659
YGL173C,YJL145W,0,-7.0981913,0.187798410654068,0.9076923131942749,0.3925640881061554
YDR448W,YJL168C,0,-7.098502,0.18774861097335815,0.9076923131942749,0.39269229769706726
YIR013C,YGL162W,0,-7.0992794,0.1876988261938095,0.9076923131942749,0.3928205072879791
YPR179C,YOR115C,0,-7.101184,0.18764908611774445,0.9076923131942749,0.392948716878891
YMR208W,YML094W,0,-7.101597,0.18759936094284058,0.9076923131942749,0.39307692646980286
YIL150C,YDR382W,0,-7.1018105,0.1875496655702591,0.9076923131942749,0.3932051360607147
YOL165C,YNL275W,0,-7.103014,0.1875,0.9076923131942749,0.3933333456516266
YLL050C,YBR012W-A,0,-7.1036367,0.1874503642320633,0.9076923131942749,0.39346152544021606
YBR017C,YCR028C-A,0,-7.103984,0.18740074336528778,0.9076923131942749,0.39358973503112793
YPL149W,YPR017C,0,-7.104189,0.18735115230083466,0.9076923131942749,0.3937179446220398
YLR115W,YKL053C-A,0,-7.10431,0.18730159103870392,0.9076923131942749,0.39384615421295166
YOR007C,YNR031C,0,-7.1045113,0.18725204467773438,0.9076923131942749,0.3939743638038635
YPR105C,YBR133C,0,-7.1049957,0.1872025430202484,0.9076923131942749,0.3941025733947754
YKL149C,YER133W,0,-7.106165,0.18715305626392365,0.9076923131942749,0.39423078298568726
YER026C,YKL145W,0,-7.106347,0.18710359930992126,0.9076923131942749,0.39435896277427673
YIL072W,YGL067W,0,-7.106408,0.18705415725708008,0.9076923131942749,0.3944871723651886
YIL131C,YNL070W,0,-7.1065235,0.18700475990772247,0.9076923131942749,0.39461538195610046
YIL139C,YCR027C,0,-7.1066084,0.18695537745952606,0.9076923131942749,0.39474359154701233
YGR244C,YER190W,0,-7.10662,0.18690602481365204,0.9076923131942749,0.3948718011379242
YNR026C,YLR181C,0,-7.107106,0.1868566870689392,0.9076923131942749,0.39500001072883606
YKR054C,YDR494W,0,-7.107291,0.18680739402770996,0.9076923131942749,0.39512819051742554
YCR028C-A,YIL129C,0,-7.107526,0.1867581158876419,0.9076923131942749,0.3952564001083374
YOL091W,YLR362W,0,-7.108388,0.18670886754989624,0.9076923131942749,0.39538460969924927
YGR247W,YDR308C,0,-7.10849,0.18665963411331177,0.9076923131942749,0.39551281929016113
YNL325C,YJR029W,0,-7.1087074,0.18661043047904968,0.9076923131942749,0.395641028881073
YHR143W-A,YOR060C,0,-7.108773,0.18656127154827118,0.9076923131942749,0.39576923847198486
YKR035W-A,YAL003W,0,-7.109605,0.18651211261749268,0.9076923131942749,0.39589744806289673
YIL139C,YGR211W,0,-7.110237,0.18646299839019775,0.9076923131942749,0.3960256278514862
YNL297C,YBR240C,0,-7.1107416,0.18641389906406403,0.9076923131942749,0.39615383744239807
YKL179C,YLR303W,0,-7.110773,0.18636482954025269,0.9076923131942749,0.39628204703330994
YDR046C,YPL135W,0,-7.1117907,0.18631578981876373,0.9076923131942749,0.3964102566242218
YJR093C,YOR353C,0,-7.112275,0.18626676499843597,0.9076923131942749,0.39653846621513367
YER015W,YNL247W,0,-7.1126394,0.1862177848815918,0.9076923131942749,0.39666667580604553
YBR218C,YNL313C,0,-7.1127377,0.1861688196659088,0.9076923131942749,0.3967948853969574
YPL032C,YFL004W,0,-7.1129303,0.18611986935138702,0.9076923131942749,0.3969230651855469
YNL091W,YPR036W,0,-7.1130123,0.18607096374034882,0.9076923131942749,0.39705127477645874
YDR201W,YPL016W,0,-7.113968,0.1860220730304718,0.9076923131942749,0.3971794843673706
YIL139C,YML041C,0,-7.1140804,0.18597321212291718,0.9076923131942749,0.39730769395828247
YIR041W,YMR075W,0,-7.114357,0.18592436611652374,0.9076923131942749,0.39743590354919434
YDR392W,YEL020W-A,0,-7.1144037,0.1858755648136139,0.9076923131942749,0.3975641131401062
YDR330W,YLR455W,0,-7.115136,0.18582677841186523,0.9076923131942749,0.3976922929286957
YOR047C,YDR082W,0,-7.1157455,0.18577800691127777,0.9076923131942749,0.39782050251960754
YHR116W,YGL038C,0,-7.1158123,0.1857292801141739,0.9076923131942749,0.3979487121105194
YGR098C,YLR052W,0,-7.116418,0.1856805682182312,0.9076923131942749,0.3980769217014313
YPL061W,YHR001W-A,0,-7.1177063,0.1856318861246109,0.9076923131942749,0.39820513129234314
YDR069C,YDR189W,0,-7.1177444,0.1855832189321518,0.9076923131942749,0.398333340883255
YDL093W,YDL109C,0,-7.1186314,0.18553459644317627,0.9076923131942749,0.39846155047416687
YHR068W,YLR154C,0,-7.1197157,0.18548598885536194,0.9076923131942749,0.39858973026275635
YCR088W,YKL134C,0,-7.121089,0.1854373961687088,0.9076923131942749,0.3987179398536682
YFL011W,YBR012W-A,0,-7.121479,0.18538884818553925,0.9076923131942749,0.3988461494445801
YIL014W,YNL097C,0,-7.1216984,0.18534031510353088,0.9076923131942749,0.39897435903549194
YBL042C,YLR385C,0,-7.121703,0.1852918118238449,0.9076923131942749,0.3991025686264038
YPL037C,YBL100W-B,0,-7.1221294,0.18524332344532013,0.9076923131942749,0.3992307782173157
YCL025C,YLR155C,0,-7.1231384,0.18519487977027893,0.9076923131942749,0.39935898780822754
YJR092W,YAL038W,0,-7.123973,0.18514643609523773,0.9076923131942749,0.399487167596817
YLR332W,YLL040C,0,-7.124277,0.18509803712368011,0.9076923131942749,0.3996153771877289
YER025W,YLR263W,0,-7.124571,0.1850496530532837,0.9076923131942749,0.39974358677864075
YGL206C,YJL143W,0,-7.1246653,0.18500131368637085,0.9076923131942749,0.3998717963695526
YBL009W,YOR217W,0,-7.124815,0.184952974319458,0.9076923131942749,0.4000000059604645
YHR164C,YPL116W,0,-7.1249523,0.18490467965602875,0.9076923131942749,0.40012821555137634
YER012W,YBR171W,0,-7.125125,0.18485639989376068,0.9076923131942749,0.4002564251422882
YOR136W,YCR026C,0,-7.1251497,0.184808149933815,0.9076923131942749,0.4003846049308777
YKL192C,YOR007C,0,-7.125208,0.18475991487503052,0.9076923131942749,0.40051281452178955
YOR048C,YBR231C,0,-7.12541,0.18471170961856842,0.9076923131942749,0.4006410241127014
YKL201C,YJL036W,0,-7.1254854,0.1846635341644287,0.9076923131942749,0.4007692337036133
YGR254W,YDR470C,0,-7.1259804,0.1846153885126114,0.9076923131942749,0.40089744329452515
YMR161W,YNL151C,0,-7.12638,0.18456725776195526,0.9076923131942749,0.401025652885437
YDL164C,YMR073C,0,-7.1269035,0.18451915681362152,0.9076923131942749,0.4011538326740265
YMR232W,YNL097C,0,-7.126975,0.18447108566761017,0.9076923131942749,0.40128204226493835
YPR135W,YOR362C,0,-7.127264,0.18442302942276,0.9076923131942749,0.4014102518558502
YKL206C,YLR181C,0,-7.127965,0.18437500298023224,0.9076923131942749,0.4015384614467621
YMR314W,YNL167C,0,-7.1284637,0.18432699143886566,0.9076923131942749,0.40166667103767395
YER167W,YPR030W,0,-7.1292095,0.18427902460098267,0.9076923131942749,0.4017948806285858
YJR104C,YDL077C,0,-7.1298923,0.18423107266426086,0.9076923131942749,0.4019230902194977
YIL044C,YDL028C,0,-7.1304455,0.18418313562870026,0.9076923131942749,0.40205127000808716
YGR029W,YBR082C,0,-7.130862,0.18413524329662323,0.9076923131942749,0.402179479598999
YJR078W,YFL018W-A,0,-7.1309824,0.1840873658657074,0.9076923131942749,0.4023076891899109
YMR213W,YOR224C,0,-7.1314983,0.18403951823711395,0.9076923131942749,0.40243589878082275
YDL017W,YNL126W,0,-7.131673,0.1839916855096817,0.9076923131942749,0.4025641083717346
YNL302C,YOR087W,0,-7.131791,0.18394388258457184,0.9076923131942749,0.4026923179626465
YJR047C,YER164W,0,-7.1318684,0.18389610946178436,0.9076923131942749,0.40282052755355835
YKL046C,YJL176C,0,-7.13192,0.18384835124015808,0.9076923131942749,0.4029487073421478
YOL011W,YBR049C,0,-7.132141,0.1838006228208542,0.9076923131942749,0.4030769169330597
YJR001W,YOR288C,0,-7.1323586,0.18375292420387268,0.9076923131942749,0.40320512652397156
YGL253W,YGL086W,0,-7.1325846,0.18370524048805237,0.9076923131942749,0.4033333361148834
YLR016C,YJL047C,0,-7.1328964,0.18365758657455444,0.9076923131942749,0.4034615457057953
YKL101W,YLR176C,0,-7.1330204,0.1836099624633789,0.9076923131942749,0.40358975529670715
YIL128W,YGL075C,0,-7.1339226,0.18356235325336456,0.9076923131942749,0.40371793508529663
YLR319C,YFR005C,0,-7.1340113,0.1835147738456726,0.9076923131942749,0.4038461446762085
YNL037C,YJL222W,0,-7.134262,0.18346722424030304,0.9076923131942749,0.40397435426712036
YML016C,YNL046W,0,-7.135726,0.18341968953609467,0.9076923131942749,0.4041025638580322
YBR023C,YPL170W,0,-7.1367025,0.18337218463420868,0.9076923131942749,0.4042307734489441
YNL106C,YMR225C,0,-7.136959,0.18332470953464508,0.9076923131942749,0.40435898303985596
YHR142W,YJR082C,0,-7.138097,0.18327724933624268,0.9076923131942749,0.4044871926307678
YMR238W,YPL117C,0,-7.138461,0.18322981894016266,0.9076923131942749,0.4046153724193573
YIL072W,YHR090C,0,-7.138962,0.18318240344524384,0.9076923131942749,0.40474358201026917
YDR147W,YOL105C,0,-7.1404867,0.1831350177526474,0.9076923131942749,0.40487179160118103
YBR131W,YHR068W,0,-7.1412306,0.18308766186237335,0.9076923131942749,0.4050000011920929
YKL125W,YBR265W,0,-7.1412687,0.1830403357744217,0.9076923131942749,0.40512821078300476
YOR335C,YFL024C,0,-7.1413536,0.18299302458763123,0.9076923131942749,0.4052564203739166
YGR113W,YOR368W,0,-7.1420107,0.18294574320316315,0.9076923131942749,0.4053846299648285
YPR162C,YNL282W,0,-7.142046,0.18289847671985626,0.9076923131942749,0.40551280975341797
YBR072W,YHR178W,0,-7.1425476,0.18285124003887177,0.9076923131942749,0.40564101934432983
YJL021C,YKL089W,0,-7.142911,0.18280403316020966,0.9076923131942749,0.4057692289352417
YPR165W,YDR135C,0,-7.142954,0.18275684118270874,0.9076923131942749,0.40589743852615356
YIL044C,YJL056C,0,-7.1432333,0.1827096790075302,0.9076923131942749,0.40602564811706543
YER114C,YHR005C,0,-7.143732,0.18266253173351288,0.9076923131942749,0.4061538577079773
YGR253C,YDR409W,0,-7.144353,0.18261542916297913,0.9076923131942749,0.4062820374965668
YBR258C,YPL232W,0,-7.1448812,0.18256834149360657,0.9076923131942749,0.40641024708747864
YNL210W,YPR054W,0,-7.145134,0.1825212687253952,0.9076923131942749,0.4065384566783905
YKR003W,YNL333W,0,-7.145301,0.18247422575950623,0.9076923131942749,0.40666666626930237
YFR024C-A,YDR178W,0,-7.145877,0.18242721259593964,0.9076923131942749,0.40679487586021423
YOL021C,YJL176C,0,-7.145919,0.18238021433353424,0.9076923131942749,0.4069230854511261
YGL019W,YGR181W,0,-7.146372,0.18233324587345123,0.9076923131942749,0.40705129504203796
YBR070C,YMR052W,0,-7.147112,0.1822863072156906,0.9076923131942749,0.40717947483062744
YDR434W,YKL064W,0,-7.148041,0.1822393834590912,0.9076923131942749,0.4073076844215393
YMR208W,YML021C,0,-7.14845,0.18219248950481415,0.9076923131942749,0.40743589401245117
YKL057C,YDR177W,0,-7.149066,0.1821456104516983,0.9076923131942749,0.40756410360336304
YFR036W,YBR275C,0,-7.1492605,0.18209876120090485,0.9076923131942749,0.4076923131942749
YEL034W,YAL005C,0,-7.149479,0.18205194175243378,0.9076923131942749,0.40782052278518677
YCR035C,YDR451C,0,-7.149623,0.1820051372051239,0.9076923131942749,0.40794873237609863
YGR091W,YGR116W,0,-7.1497736,0.1819583624601364,0.9076923131942749,0.4080769121646881
YMR041C,YMR035W,0,-7.150071,0.1819116175174713,0.9076923131942749,0.4082051217556
YOR274W,YER173W,0,-7.150402,0.1818648874759674,0.9076923131942749,0.40833333134651184
YOL066C,YPR108W,0,-7.150628,0.1818181872367859,0.9076923131942749,0.4084615409374237
YOR204W,YDR419W,0,-7.1508017,0.18177150189876556,0.9076923131942749,0.40858975052833557
YDL227C,YLR052W,0,-7.1508913,0.18172484636306763,0.9076923131942749,0.40871796011924744
YOR290C,YDR259C,0,-7.151576,0.18167822062969208,0.9076923131942749,0.4088461399078369
YNL101W,YER116C,0,-7.1523123,0.18163160979747772,0.9076923131942749,0.4089743494987488
YKR095W,YML039W,0,-7.1527452,0.18158502876758575,0.9076923131942749,0.40910255908966064
YDR446W,YLL016W,0,-7.1531696,0.18153846263885498,0.9076923131942749,0.4092307686805725
YGR231C,YIR018W,0,-7.1536837,0.1814919263124466,0.9076923131942749,0.4093589782714844
YBR089C-A,YOR068C,0,-7.154147,0.1814454197883606,0.9076923131942749,0.40948718786239624
YNL173C,YKR007W,0,-7.154619,0.1813989281654358,0.9076923131942749,0.4096153974533081
YGR217W,YOR137C,0,-7.1556196,0.18135246634483337,0.9076923131942749,0.4097435772418976
YBR205W,YMR088C,0,-7.155716,0.18130601942539215,0.9076923131942749,0.40987178683280945
YER104W,YCR067C,0,-7.156,0.18125960230827332,0.9076923131942749,0.4099999964237213
YHR193C,YMR013C,0,-7.1565533,0.18121320009231567,0.9076923131942749,0.4101282060146332
YJL157C,YBL023C,0,-7.1567755,0.1811668425798416,0.9076923131942749,0.41025641560554504
YGL247W,YOR149C,0,-7.157056,0.18112048506736755,0.9076923131942749,0.4103846251964569
YML008C,YNL309W,0,-7.157178,0.18107417225837708,0.9076923131942749,0.4105128347873688
YLR015W,YLR229C,0,-7.157426,0.1810278743505478,0.9076923131942749,0.41064101457595825
YBL005W,YDR227W,0,-7.157461,0.1809815913438797,0.9076923131942749,0.4107692241668701
YER178W,YJL108C,0,-7.1575537,0.180935338139534,0.9076923131942749,0.410897433757782
YPL164C,YBR049C,0,-7.157774,0.18088911473751068,0.9076923131942749,0.41102564334869385
YOR160W,YNL098C,0,-7.1579285,0.18084290623664856,0.9076923131942749,0.4111538529396057
YJL133W,YGR212W,0,-7.1580753,0.18079672753810883,0.9076923131942749,0.4112820625305176
YJR108W,YLL013C,0,-7.1581945,0.18075057864189148,0.9076923131942749,0.41141024231910706
YGR142W,YPL283C,0,-7.159342,0.18070444464683533,0.9076923131942749,0.4115384519100189
YNL020C,YOR087W,0,-7.159501,0.18065832555294037,0.9076923131942749,0.4116666615009308
YBR006W,YMR273C,0,-7.159688,0.180612251162529,0.9076923131942749,0.41179487109184265
YMR058W,YOR290C,0,-7.1599464,0.18056617677211761,0.9076923131942749,0.4119230806827545
YNL072W,YEL002C,0,-7.1601086,0.18052014708518982,0.9076923131942749,0.4120512902736664
YNL051W,YOR386W,0,-7.1605034,0.18047413229942322,0.9076923131942749,0.41217949986457825
YDR252W,YKL058W,0,-7.1606245,0.1804281324148178,0.9076923131942749,0.4123076796531677
YDL245C,YOR195W,0,-7.160819,0.1803821623325348,0.9076923131942749,0.4124358892440796
YKR038C,YLR332W,0,-7.160924,0.18033622205257416,0.9076923131942749,0.41256409883499146
YBR279W,YLL036C,0,-7.1609535,0.18029029667377472,0.9076923131942749,0.4126923084259033
YNL136W,YFL033C,0,-7.1620283,0.18024440109729767,0.9076923131942749,0.4128205180168152
YKL206C,YBL071W-A,0,-7.162592,0.1801985204219818,0.9076923131942749,0.41294872760772705
YCR094W,YER021W,0,-7.162673,0.18015266954898834,0.9076923131942749,0.4130769371986389
YBL022C,YAR008W,0,-7.162855,0.18010684847831726,0.9076923131942749,0.4132051169872284
YNL287W,YHR039C-A,0,-7.163432,0.18006104230880737,0.9076923131942749,0.41333332657814026
YGL167C,YOR301W,0,-7.164095,0.18001525104045868,0.9076923131942749,0.4134615361690521
YDR264C,YNL037C,0,-7.1649656,0.17996948957443237,0.9076923131942749,0.413589745759964
YJL091C,YDR393W,0,-7.1651325,0.17992375791072845,0.9076923131942749,0.41371795535087585
YOR148C,YJR028W,0,-7.1656704,0.17987805604934692,0.9076923131942749,0.4138461649417877
YJR131W,YJR044C,0,-7.166192,0.1798323541879654,0.9076923131942749,0.4139743447303772
YGL253W,YBL063W,0,-7.166485,0.17978669703006744,0.9076923131942749,0.41410255432128906
YKL022C,YGL053W,0,-7.1686325,0.1797410547733307,0.9076923131942749,0.4142307639122009
YDR419W,YOR344C,0,-7.1690245,0.17969542741775513,0.9076923131942749,0.4143589735031128
YLL016W,YOR047C,0,-7.1692066,0.17964982986450195,0.9076923131942749,0.41448718309402466
YHR007C,YOR032C,0,-7.169941,0.17960426211357117,0.9076923131942749,0.4146153926849365
YPL248C,YMR161W,0,-7.1705,0.17955870926380157,0.9076923131942749,0.4147436022758484
YNL298W,YDR359C,0,-7.1708612,0.17951318621635437,0.9076923131942749,0.41487178206443787
YLR459W,YNL268W,0,-7.1712675,0.17946767807006836,0.9076923131942749,0.41499999165534973
YGL251C,YBR218C,0,-7.171297,0.17942219972610474,0.9076923131942749,0.4151282012462616
YPL209C,YDR463W,0,-7.171898,0.1793767362833023,0.9076923131942749,0.41525641083717346
YOR212W,YPR074C,0,-7.1719456,0.17933130264282227,0.9076923131942749,0.4153846204280853
YKR076W,YGR197C,0,-7.1725893,0.1792858988046646,0.9076923131942749,0.4155128300189972
YHR186C,YGL127C,0,-7.1735563,0.17924050986766815,0.9076923131942749,0.41564103960990906
YDR138W,YDL109C,0,-7.173586,0.17919513583183289,0.9076923131942749,0.41576921939849854
YER038C,YFR029W,0,-7.1743603,0.17914979159832,0.9076923131942749,0.4158974289894104
YDR302W,YGL173C,0,-7.1746597,0.17910447716712952,0.9076923131942749,0.41602563858032227
YJR108W,YCR020C,0,-7.1749315,0.17905917763710022,0.9076923131942749,0.41615384817123413
YOL042W,YER041W,0,-7.175126,0.1790139079093933,0.9076923131942749,0.416282057762146
YMR275C,YHR005C,0,-7.1752796,0.1789686530828476,0.9076923131942749,0.41641026735305786
YNL261W,YBR127C,0,-7.1761475,0.17892342805862427,0.9076923131942749,0.41653844714164734
YPL140C,YGR072W,0,-7.1769114,0.17887821793556213,0.9076923131942749,0.4166666567325592
YKL038W,YBR080C,0,-7.176937,0.1788330376148224,0.9076923131942749,0.41679486632347107
YIR002C,YLR357W,0,-7.176961,0.17878787219524384,0.9076923131942749,0.41692307591438293
YOL069W,YDR201W,0,-7.177045,0.17874273657798767,0.9076923131942749,0.4170512855052948
YNR038W,YML025C,1,-7.1772795,0.17895002663135529,0.9089743494987488,0.4170512855052948
YDR231C,YHR091C,0,-7.1773386,0.17890487611293793,0.9089743494987488,0.41717949509620667
YNL030W,YIL080W,0,-7.1783085,0.17885974049568176,0.9089743494987488,0.41730770468711853
YOR335C,YML114C,0,-7.1786585,0.17881463468074799,0.9089743494987488,0.417435884475708
YGL167C,YJL127C,0,-7.1789227,0.1787695437669754,0.9089743494987488,0.4175640940666199
YJR112W,YPR036W,0,-7.1793137,0.1787244826555252,0.9089743494987488,0.41769230365753174
YKR002W,YPR055W,0,-7.1794453,0.1786794364452362,0.9089743494987488,0.4178205132484436
YMR037C,YPL232W,0,-7.179616,0.1786344200372696,0.9089743494987488,0.41794872283935547
YFL004W,YOR087W,0,-7.17964,0.17858941853046417,0.9089743494987488,0.41807693243026733
YDR529C,YDR314C,0,-7.179986,0.17854444682598114,0.9089743494987488,0.4182051420211792
YDR446W,YER070W,0,-7.180539,0.1784994900226593,0.9089743494987488,0.4183333218097687
YKL092C,YHR165C,0,-7.180784,0.17845456302165985,0.9089743494987488,0.41846153140068054
YLR107W,YCR018C,0,-7.181072,0.1784096658229828,0.9089743494987488,0.4185897409915924
YBL006C,YML127W,0,-7.1812534,0.17836478352546692,0.9089743494987488,0.4187179505825043
YLR035C,YPR108W,0,-7.182705,0.17831991612911224,0.9089743494987488,0.41884616017341614
YNL103W,YCR020C,0,-7.1827087,0.17827507853507996,0.9089743494987488,0.418974369764328
YDL042C,YDR381W,0,-7.182907,0.17823027074337006,0.9089743494987488,0.4191025495529175
YOR257W,YLR055C,0,-7.183216,0.17818547785282135,0.9089743494987488,0.41923075914382935
YJL176C,YOR194C,0,-7.1847544,0.17814069986343384,0.9089743494987488,0.4193589687347412
YHR143W-A,YIL144W,0,-7.18548,0.1780959516763687,0.9089743494987488,0.4194871783256531
YJL156C,YOR305W,0,-7.186715,0.17805123329162598,0.9089743494987488,0.41961538791656494
YER075C,YBR111W-A,0,-7.187022,0.17800652980804443,0.9089743494987488,0.4197435975074768
YAL041W,YBR042C,0,-7.1870975,0.17796184122562408,0.9089743494987488,0.41987180709838867
YHR166C,YOR172W,0,-7.187107,0.17791718244552612,0.9089743494987488,0.41999998688697815
YCR033W,YDR308C,0,-7.1872864,0.17787255346775055,0.9089743494987488,0.42012819647789
YNL325C,YHR176W,0,-7.1884327,0.17782793939113617,0.9089743494987488,0.4202564060688019
YGR249W,YER123W,0,-7.188487,0.17778335511684418,0.9089743494987488,0.42038461565971375
YBR055C,YER031C,0,-7.1887646,0.17773878574371338,0.9089743494987488,0.4205128252506256
YLR098C,YBL020W,0,-7.1899395,0.17769423127174377,0.9089743494987488,0.4206410348415375
YBL002W,YMR283C,0,-7.190984,0.17764970660209656,0.9089743494987488,0.42076924443244934
YMR214W,YNL079C,0,-7.191188,0.17760521173477173,0.9089743494987488,0.4208974242210388
YDL093W,YER123W,0,-7.1921377,0.1775607317686081,0.9089743494987488,0.4210256338119507
YNL323W,YDR494W,0,-7.1924477,0.17751628160476685,0.9089743494987488,0.42115384340286255
YNL280C,YOR195W,0,-7.192548,0.1774718463420868,0.9089743494987488,0.4212820529937744
YER167W,YBR035C,0,-7.1928396,0.17742742598056793,0.9089743494987488,0.4214102625846863
YOL054W,YPL092W,0,-7.193012,0.17738303542137146,0.9089743494987488,0.42153847217559814
YMR116C,YMR145C,0,-7.195219,0.17733867466449738,0.9089743494987488,0.4216666519641876
YIL140W,YPR176C,0,-7.1955185,0.17729432880878448,0.9089743494987488,0.4217948615550995
YPL187W,YDR172W,0,-7.1958246,0.1772499978542328,0.9089743494987488,0.42192307114601135
YHR013C,YIL017W,0,-7.1968517,0.17720569670200348,0.9089743494987488,0.4220512807369232
YNR019W,YBL040C,0,-7.1969023,0.17716142535209656,0.9089743494987488,0.4221794903278351
YDR345C,YGL068W,0,-7.1969233,0.17711716890335083,0.9089743494987488,0.42230769991874695
YDR377W,YML036W,0,-7.197221,0.1770729273557663,0.9089743494987488,0.4224359095096588
YLR429W,YOL133W,0,-7.1976566,0.17702871561050415,0.9089743494987488,0.4225640892982483
YDR296W,YDR353W,0,-7.1980886,0.1769845187664032,0.9089743494987488,0.42269229888916016
YML006C,YBR114W,0,-7.1986923,0.17694035172462463,0.9089743494987488,0.422820508480072
YIL150C,YLR324W,0,-7.19958,0.17689621448516846,0.9089743494987488,0.4229487180709839
YKL179C,YBR153W,0,-7.199623,0.17685207724571228,0.9089743494987488,0.42307692766189575
YNL331C,YMR045C,0,-7.2000017,0.17680798470973969,0.9089743494987488,0.4232051372528076
YDR481C,YMR095C,0,-7.2007103,0.1767638921737671,0.9089743494987488,0.4233333468437195
YBR274W,YDR480W,0,-7.2008877,0.17671984434127808,0.9089743494987488,0.42346152663230896
YER013W,YNL229C,0,-7.20103,0.17667579650878906,0.9089743494987488,0.4235897362232208
YLR303W,YBR089C-A,0,-7.2016306,0.17663179337978363,0.9089743494987488,0.4237179458141327
YML023C,YJR009C,0,-7.201954,0.1765877902507782,0.9089743494987488,0.42384615540504456
YLR115W,YHR043C,0,-7.202239,0.17654383182525635,0.9089743494987488,0.4239743649959564
YDR081C,YCR027C,0,-7.2034807,0.1764998733997345,0.9089743494987488,0.4241025745868683
YOR150W,YLR075W,1,-7.2037745,0.17670482397079468,0.9102563858032227,0.4241025745868683
YMR280C,YDR205W,0,-7.20391,0.17666086554527283,0.9102563858032227,0.42423075437545776
YBR132C,YJR009C,0,-7.2039204,0.17661692202091217,0.9102563858032227,0.42435896396636963
YMR112C,YMR309C,0,-7.204873,0.1765729933977127,0.9102563858032227,0.4244871735572815
YDR361C,YGL173C,0,-7.2051163,0.17652909457683563,0.9102563858032227,0.42461538314819336
YPL154C,YLR354C,0,-7.2053595,0.17648521065711975,0.9102563858032227,0.4247435927391052
YCL040W,YKR002W,0,-7.205926,0.17644135653972626,0.9102563858032227,0.4248718023300171
YLR368W,YLR020C,0,-7.2060976,0.17639751732349396,0.9102563858032227,0.42500001192092896
YOL139C,YDR159W,0,-7.206356,0.17635370790958405,0.9102563858032227,0.42512819170951843
YMR263W,YGR042W,0,-7.2066603,0.17630991339683533,0.9102563858032227,0.4252564013004303
YJL094C,YPL139C,0,-7.2072287,0.1762661337852478,0.9102563858032227,0.42538461089134216
YPL259C,YNL247W,0,-7.207287,0.17622238397598267,0.9102563858032227,0.42551282048225403
YFL048C,YOL038W,0,-7.2073517,0.17617866396903992,0.9102563858032227,0.4256410300731659
YGL019W,YDR110W,0,-7.2076674,0.17613495886325836,0.9102563858032227,0.42576923966407776
YGR036C,YLL003W,0,-7.207942,0.176091268658638,0.9102563858032227,0.4258974492549896
YFR036W,YBR254C,0,-7.2082167,0.17604760825634003,0.9102563858032227,0.4260256290435791
YGL067W,YAR002W,0,-7.2087784,0.17600396275520325,0.9102563858032227,0.42615383863449097
YCR031C,YOL028C,0,-7.2090425,0.17596034705638885,0.9102563858032227,0.42628204822540283
YER105C,YML041C,0,-7.2093573,0.17591674625873566,0.9102563858032227,0.4264102578163147
YER164W,YNL302C,0,-7.2103596,0.17587317526340485,0.9102563858032227,0.42653846740722656
YPR131C,YJL069C,0,-7.211334,0.17582961916923523,0.9102563858032227,0.4266666769981384
YER133W,YMR035W,0,-7.2114496,0.175786092877388,0.9102563858032227,0.4267948865890503
YDR147W,YNL085W,0,-7.2122955,0.17574258148670197,0.9102563858032227,0.42692306637763977
YLL001W,YML075C,0,-7.2126293,0.17569908499717712,0.9102563858032227,0.42705127596855164
YMR142C,YIL080W,0,-7.214658,0.17565561830997467,0.9102563858032227,0.4271794855594635
YLR081W,YFL033C,0,-7.214836,0.1756121665239334,0.9102563858032227,0.42730769515037537
YOR349W,YDR485C,0,-7.2163916,0.17556874454021454,0.9102563858032227,0.42743590474128723
YOR351C,YNL243W,0,-7.216545,0.17552533745765686,0.9102563858032227,0.4275641143321991
YNL014W,YKL075C,0,-7.216693,0.17548196017742157,0.9102563858032227,0.4276922941207886
YPL040C,YKL140W,0,-7.218419,0.17543859779834747,0.9102563858032227,0.42782050371170044
YBR236C,YIL010W,0,-7.2185326,0.17539525032043457,0.9102563858032227,0.4279487133026123
YJL108C,YHR106W,0,-7.2189207,0.17535193264484406,0.9102563858032227,0.42807692289352417
YOR371C,YIL072W,0,-7.2189283,0.17530864477157593,0.9102563858032227,0.42820513248443604
YJL125C,YCL069W,0,-7.219636,0.175265371799469,0.9102563858032227,0.4283333420753479
YCR107W,YIR015W,0,-7.2198887,0.17522211372852325,0.9102563858032227,0.42846155166625977
YNL085W,YCR014C,0,-7.2204666,0.1751788854598999,0.9102563858032227,0.42858973145484924
YGR092W,YOR144C,0,-7.220907,0.17513567209243774,0.9102563858032227,0.4287179410457611
YDR499W,YCR073C,0,-7.2214737,0.17509247362613678,0.9102563858032227,0.428846150636673
YBL040C,YOR181W,0,-7.2217035,0.1750493049621582,0.9102563858032227,0.42897436022758484
YIR010W,YOR319W,0,-7.2221107,0.17500616610050201,0.9102563858032227,0.4291025698184967
YOR204W,YBR296C,0,-7.2228346,0.17496304214000702,0.9102563858032227,0.42923077940940857
YDL088C,YKL149C,0,-7.2234144,0.17491993308067322,0.9102563858032227,0.42935898900032043
YGL150C,YML024W,0,-7.223832,0.1748768538236618,0.9102563858032227,0.4294871687889099
YDR069C,YCR044C,0,-7.223954,0.17483378946781158,0.9102563858032227,0.4296153783798218
YBL042C,YDR488C,0,-7.224106,0.17479074001312256,0.9102563858032227,0.42974358797073364
YDL192W,YMR046C,0,-7.2244234,0.17474772036075592,0.9102563858032227,0.4298717975616455
YCL014W,YJL091C,0,-7.2249517,0.17470473051071167,0.9102563858032227,0.4300000071525574
YHR005C,YGR169C,0,-7.225092,0.17466174066066742,0.9102563858032227,0.43012821674346924
YCR086W,YNR003C,0,-7.2256756,0.17461879551410675,0.9102563858032227,0.4302563965320587
YDL198C,YMR308C,0,-7.2263346,0.17457585036754608,0.9102563858032227,0.4303846061229706
YLR431C,YGR224W,0,-7.2264233,0.1745329350233078,0.9102563858032227,0.43051281571388245
YOL145C,YMR207C,0,-7.227871,0.1744900494813919,0.9102563858032227,0.4306410253047943
YGR218W,YCL017C,0,-7.2278967,0.1744471788406372,0.9102563858032227,0.4307692348957062
YDR407C,YDR486C,0,-7.2280207,0.1744043231010437,0.9102563858032227,0.43089744448661804
YDR206W,YOL011W,0,-7.2297,0.17436149716377258,0.9102563858032227,0.4310256540775299
YGR262C,YIL128W,0,-7.229744,0.17431868612766266,0.9102563858032227,0.4311538338661194
YGL130W,YKR008W,0,-7.2347136,0.17427588999271393,0.9102563858032227,0.43128204345703125
YGR134W,YCR081W,0,-7.2351837,0.17423312366008759,0.9102563858032227,0.4314102530479431
YIR008C,YNR048W,0,-7.2353325,0.17419038712978363,0.9102563858032227,0.431538462638855
YBR041W,YMR046C,0,-7.235669,0.17414765059947968,0.9102563858032227,0.43166667222976685
YOR297C,YJR044C,0,-7.235811,0.1741049587726593,0.9102563858032227,0.4317948818206787
YLR210W,YEL020W-A,0,-7.2360725,0.17406226694583893,0.9102563858032227,0.4319230914115906
YNL242W,YJR001W,0,-7.236289,0.17401960492134094,0.9102563858032227,0.43205127120018005
YBR112C,YPL094C,0,-7.2370863,0.17397697269916534,0.9102563858032227,0.4321794807910919
YGL017W,YKR020W,0,-7.2381363,0.17393434047698975,0.9102563858032227,0.4323076903820038
YPR178W,YAL005C,0,-7.2386694,0.17389175295829773,0.9102563858032227,0.43243589997291565
YBR017C,YLR266C,0,-7.238949,0.1738491654396057,0.9102563858032227,0.4325641095638275
YJL041W,YIL016W,0,-7.239335,0.17380660772323608,0.9102563858032227,0.4326923191547394
YMR035W,YBR214W,0,-7.2398596,0.17376407980918884,0.9102563858032227,0.43282049894332886
YMR142C,YMR203W,0,-7.2409134,0.1737215518951416,0.9102563858032227,0.4329487085342407
YJL090C,YDR071C,0,-7.2410326,0.17367905378341675,0.9102563858032227,0.4330769181251526
YFL023W,YGR278W,0,-7.2414017,0.17363658547401428,0.9102563858032227,0.43320512771606445
YMR172W,YAR031W,0,-7.242593,0.173594132065773,0.9102563858032227,0.4333333373069763
YDR252W,YJL112W,0,-7.243726,0.17355169355869293,0.9102563858032227,0.4334615468978882
YLR329W,YGL096W,0,-7.2437468,0.17350928485393524,0.9102563858032227,0.43358975648880005
YKL201C,YBL088C,0,-7.244318,0.17346689105033875,0.9102563858032227,0.4337179362773895
YDL013W,YMR059W,0,-7.245076,0.17342452704906464,0.9102563858032227,0.4338461458683014
YNR033W,YLR270W,0,-7.245393,0.17338217794895172,0.9102563858032227,0.43397435545921326
YOR005C,YLR007W,0,-7.245515,0.17333984375,0.9102563858032227,0.4341025650501251
YCR066W,YMR179W,0,-7.245659,0.17329753935337067,0.9102563858032227,0.434230774641037
YDR138W,YJR070C,0,-7.2458773,0.17325524985790253,0.9102563858032227,0.43435898423194885
YDR273W,YGR179C,0,-7.246434,0.17321297526359558,0.9102563858032227,0.4344871938228607
YER013W,YDR419W,0,-7.2466316,0.17317073047161102,0.9102563858032227,0.4346153736114502
YJL021C,YML058W-A,0,-7.247897,0.17312850058078766,0.9102563858032227,0.43474358320236206
YBR274W,YGR267C,0,-7.2479553,0.17308630049228668,0.9102563858032227,0.4348717927932739
YML008C,YGL129C,0,-7.2481155,0.1730441153049469,0.9102563858032227,0.4350000023841858
YOL101C,YPR036W,0,-7.248123,0.1730019450187683,0.9102563858032227,0.43512821197509766
YNL119W,YML011C,0,-7.248852,0.1729598045349121,0.9102563858032227,0.4352564215660095
YDL035C,YOR109W,0,-7.2488556,0.1729176789522171,0.9102563858032227,0.435384601354599
YJL214W,YNR032W,0,-7.2490015,0.17287558317184448,0.9102563858032227,0.43551281094551086
YKL201C,YDR202C,0,-7.2494965,0.17283350229263306,0.9102563858032227,0.43564102053642273
YCL069W,YDL235C,0,-7.249737,0.17279143631458282,0.9102563858032227,0.4357692301273346
YJL014W,YEL017C-A,0,-7.2504005,0.1727493852376938,0.9102563858032227,0.43589743971824646
YFL057C,YNL055C,0,-7.2510414,0.17270736396312714,0.9102563858032227,0.4360256493091583
YDR386W,YOR089C,0,-7.2511616,0.17266537249088287,0.9102563858032227,0.4361538589000702
YDL074C,YOL004W,0,-7.2513695,0.1726233959197998,0.9102563858032227,0.43628203868865967
YCL039W,YNR059W,0,-7.2516413,0.17258143424987793,0.9102563858032227,0.43641024827957153
YCL017C,YER123W,0,-7.2533436,0.17253948748111725,0.9102563858032227,0.4365384578704834
YDR118W,YOR217W,0,-7.2538023,0.17249757051467896,0.9102563858032227,0.43666666746139526
YLR228C,YJR140C,0,-7.2544365,0.17245566844940186,0.9102563858032227,0.43679487705230713
YDR376W,YNL222W,0,-7.2547913,0.17241379618644714,0.9102563858032227,0.436923086643219
YOR034C,YPL135W,0,-7.2553635,0.17237193882465363,0.9102563858032227,0.43705129623413086
YAL040C,YEL012W,0,-7.2559557,0.1723300963640213,0.9102563858032227,0.43717947602272034
YMR204C,YDR499W,0,-7.2563553,0.17228828370571136,0.9102563858032227,0.4373076856136322
YBR082C,YDR400W,0,-7.2578526,0.17224648594856262,0.9102563858032227,0.43743589520454407
YHR164C,YDR507C,0,-7.257949,0.17220470309257507,0.9102563858032227,0.43756410479545593
YLR368W,YDR164C,0,-7.258028,0.1721629500389099,0.9102563858032227,0.4376923143863678
YLR433C,YDR397C,0,-7.2586527,0.17212121188640594,0.9102563858032227,0.43782052397727966
YLR215C,YKR020W,0,-7.2589226,0.17207948863506317,0.9102563858032227,0.43794870376586914
YGR286C,YLR196W,0,-7.259183,0.17203779518604279,0.9102563858032227,0.438076913356781
YMR049C,YMR145C,0,-7.2598314,0.1719961166381836,0.9102563858032227,0.43820512294769287
YDL147W,YNL333W,0,-7.25992,0.1719544678926468,0.9102563858032227,0.43833333253860474
YPL121C,YDR412W,0,-7.2608128,0.17191283404827118,0.9102563858032227,0.4384615421295166
YGL035C,YDL247W,0,-7.2608376,0.17187121510505676,0.9102563858032227,0.43858975172042847
YNL275W,YOR245C,0,-7.261718,0.17182962596416473,0.9102563858032227,0.43871796131134033
YKL141W,YOR140W,0,-7.262021,0.1717880517244339,0.9102563858032227,0.4388461410999298
YMR220W,YDL134C,0,-7.2628145,0.17174649238586426,0.9102563858032227,0.4389743506908417
YLR234W,YNR048W,0,-7.2631874,0.171704962849617,0.9102563858032227,0.43910256028175354
YLR377C,YDL190C,0,-7.2640543,0.17166344821453094,0.9102563858032227,0.4392307698726654
YGR078C,YBL025W,0,-7.264884,0.17162194848060608,0.9102563858032227,0.43935897946357727
YER040W,YGR028W,0,-7.265231,0.1715804785490036,0.9102563858032227,0.43948718905448914
YLR085C,YDR392W,0,-7.265423,0.17153902351856232,0.9102563858032227,0.439615398645401
YEL054C,YML025C,1,-7.2656384,0.1717391312122345,0.9115384817123413,0.439615398645401
YML132W,YJR082C,0,-7.2660294,0.17169766128063202,0.9115384817123413,0.4397435784339905
YKL046C,YDR363W-A,0,-7.266365,0.17165620625019073,0.9115384817123413,0.43987178802490234
YKR035W-A,YGL055W,0,-7.266979,0.17161476612091064,0.9115384817123413,0.4399999976158142
YNL314W,YJL013C,0,-7.2673187,0.17157335579395294,0.9115384817123413,0.4401282072067261
YOR085W,YPL179W,0,-7.267522,0.17153196036815643,0.9115384817123413,0.44025641679763794
YOR160W,YGR005C,0,-7.267623,0.1714905947446823,0.9115384817123413,0.4403846263885498
YJR150C,YNL047C,0,-7.26869,0.17144924402236938,0.9115384817123413,0.4405128061771393
YFL003C,YDR469W,0,-7.2697296,0.17140790820121765,0.9115384817123413,0.44064101576805115
YCR035C,YDL120W,0,-7.2698402,0.1713665872812271,0.9115384817123413,0.440769225358963
YGL018C,YGL167C,0,-7.2699766,0.17132529616355896,0.9115384817123413,0.4408974349498749
YOL078W,YDR075W,0,-7.2700443,0.1712840348482132,0.9115384817123413,0.44102564454078674
YOR109W,YFL008W,0,-7.2703886,0.17124277353286743,0.9115384817123413,0.4411538541316986
YGR188C,YJL056C,0,-7.2706738,0.17120154201984406,0.9115384817123413,0.4412820637226105
YOL049W,YJL207C,0,-7.2709646,0.17116032540798187,0.9115384817123413,0.44141024351119995
YBR236C,YGL229C,0,-7.2709656,0.17111913859844208,0.9115384817123413,0.4415384531021118
YGR080W,YKL175W,0,-7.2716236,0.17107796669006348,0.9115384817123413,0.4416666626930237
YLL016W,YNL213C,0,-7.2716236,0.17103680968284607,0.9115384817123413,0.44179487228393555
YIR037W,YML041C,0,-7.2729273,0.17099566757678986,0.9115384817123413,0.4419230818748474
YLR411W,YHR115C,0,-7.2734118,0.17095455527305603,0.9115384817123413,0.4420512914657593
YML032C,YNL054W,0,-7.2734947,0.1709134578704834,0.9115384817123413,0.44217950105667114
YJR082C,YNL188W,0,-7.2736588,0.17087239027023315,0.9115384817123413,0.4423076808452606
YKL038W,YFL060C,0,-7.273713,0.1708313375711441,0.9115384817123413,0.4424358904361725
YNL009W,YOR274W,0,-7.274666,0.17079029977321625,0.9115384817123413,0.44256410002708435
YER159C,YMR137C,0,-7.274845,0.17074927687644958,0.9115384817123413,0.4426923096179962
YDR252W,YLR193C,0,-7.2755003,0.1707082837820053,0.9115384817123413,0.4428205192089081
YLR418C,YOL038W,0,-7.2761164,0.17066730558872223,0.9115384817123413,0.44294872879981995
YMR055C,YOR356W,0,-7.27617,0.17062635719776154,0.9115384817123413,0.4430769085884094
YHR043C,YNL258C,0,-7.2761765,0.17058540880680084,0.9115384817123413,0.4432051181793213
YOR346W,YGL233W,0,-7.276372,0.17054449021816254,0.9115384817123413,0.44333332777023315
YMR150C,YNL079C,0,-7.277485,0.17050360143184662,0.9115384817123413,0.443461537361145
YJR006W,YDR379W,0,-7.277568,0.1704627126455307,0.9115384817123413,0.4435897469520569
YHR164C,YGR248W,0,-7.277791,0.17042185366153717,0.9115384817123413,0.44371795654296875
YNL004W,YNL243W,0,-7.278078,0.17038102447986603,0.9115384817123413,0.4438461661338806
YBR090C-A,YOR206W,0,-7.2781315,0.17034019529819489,0.9115384817123413,0.4439743459224701
YDL185W,YIR018W,0,-7.2782087,0.17029939591884613,0.9115384817123413,0.44410255551338196
YBL019W,YER018C,0,-7.2785416,0.17025862634181976,0.9115384817123413,0.4442307651042938
YDR264C,YLR127C,0,-7.279645,0.1702178567647934,0.9115384817123413,0.4443589746952057
YOR011W,YFR009W,0,-7.2799625,0.17017711699008942,0.9115384817123413,0.44448718428611755
YOR224C,YCR033W,0,-7.280514,0.17013639211654663,0.9115384817123413,0.4446153938770294
YFL039C,YMR167W,0,-7.2818794,0.17009569704532623,0.9115384817123413,0.4447436034679413
YDR170C,YHR070W,0,-7.2829676,0.17005501687526703,0.9115384817123413,0.44487178325653076
YLR015W,YKL089W,0,-7.2832594,0.17001435160636902,0.9115384817123413,0.4449999928474426
YGR030C,YMR247C,0,-7.283535,0.1699737012386322,0.9115384817123413,0.4451282024383545
YPR034W,YDR153C,0,-7.2850046,0.16993308067321777,0.9115384817123413,0.44525641202926636
YCL014W,YKL139W,0,-7.2860126,0.16989247500896454,0.9115384817123413,0.4453846216201782
YHR082C,YBR035C,0,-7.2860928,0.1698518842458725,0.9115384817123413,0.4455128312110901
YBL082C,YER172C,0,-7.286456,0.16981132328510284,0.9115384817123413,0.44564101099967957
YBL017C,YMR006C,0,-7.2865677,0.16977077722549438,0.9115384817123413,0.44576922059059143
YGL017W,YIL007C,0,-7.2866716,0.16973024606704712,0.9115384817123413,0.4458974301815033
YMR033W,YKR042W,0,-7.287833,0.16968974471092224,0.9115384817123413,0.44602563977241516
YLR016C,YMR308C,0,-7.2881527,0.16964924335479736,0.9115384817123413,0.446153849363327
YDR252W,YFR037C,0,-7.288641,0.16960877180099487,0.9115384817123413,0.4462820589542389
YFR009W,YLR183C,0,-7.2894526,0.16956833004951477,0.9115384817123413,0.44641026854515076
YGL005C,YPL026C,0,-7.289982,0.16952790319919586,0.9115384817123413,0.44653844833374023
YOL127W,YML025C,1,-7.2904034,0.16972586512565613,0.9128205180168152,0.44653844833374023
YBR276C,YIL117C,0,-7.290516,0.16968540847301483,0.9128205180168152,0.4466666579246521
YNR001C,YHR092C,0,-7.291667,0.16964498162269592,0.9128205180168152,0.44679486751556396
YAL003W,YML109W,0,-7.292424,0.1696045696735382,0.9128205180168152,0.44692307710647583
YCR026C,YLR262C,0,-7.293167,0.16956418752670288,0.9128205180168152,0.4470512866973877
YPL231W,YCL004W,0,-7.2941523,0.16952380537986755,0.9128205180168152,0.44717949628829956
YJR137C,YNL071W,0,-7.294285,0.16948345303535461,0.9128205180168152,0.4473077058792114
YLR113W,YDR453C,0,-7.2943735,0.16944311559200287,0.9128205180168152,0.4474358856678009
YGR216C,YNL128W,0,-7.2951,0.1694028079509735,0.9128205180168152,0.44756409525871277
YCL051W,YBR218C,0,-7.295333,0.16936251521110535,0.9128205180168152,0.44769230484962463
YPL076W,YGL018C,0,-7.295393,0.16932223737239838,0.9128205180168152,0.4478205144405365
YPR017C,YHL022C,0,-7.2954683,0.1692819744348526,0.9128205180168152,0.44794872403144836
YNR060W,YMR255W,0,-7.29552,0.1692417412996292,0.9128205180168152,0.44807693362236023
YFR048W,YOL093W,0,-7.29556,0.16920152306556702,0.9128205180168152,0.4482051134109497
YLR214W,YML027W,0,-7.295577,0.16916131973266602,0.9128205180168152,0.4483333230018616
YCR027C,YKL058W,0,-7.2956305,0.1691211462020874,0.9128205180168152,0.44846153259277344
YPL161C,YIL021W,0,-7.2964983,0.1690809726715088,0.9128205180168152,0.4485897421836853
YEL063C,YIL121W,0,-7.297022,0.16904082894325256,0.9128205180168152,0.44871795177459717
YDR115W,YJL114W,0,-7.297842,0.16900071501731873,0.9128205180168152,0.44884616136550903
YOR330C,YOR270C,0,-7.2980347,0.1689606010913849,0.9128205180168152,0.4489743709564209
YER179W,YJL100W,0,-7.2981653,0.16892051696777344,0.9128205180168152,0.4491025507450104
YCL029C,YCR065W,0,-7.2981787,0.16888046264648438,0.9128205180168152,0.44923076033592224
YDR487C,YKL070W,0,-7.298793,0.1688404083251953,0.9128205180168152,0.4493589699268341
YEL053C,YOR085W,0,-7.2991476,0.16880038380622864,0.9128205180168152,0.44948717951774597
YGR289C,YBR058C,0,-7.299402,0.16876037418842316,0.9128205180168152,0.44961538910865784
YLR453C,YHR161C,0,-7.299473,0.16872037947177887,0.9128205180168152,0.4497435986995697
YIR006C,YBR172C,0,-7.2997093,0.16868041455745697,0.9128205180168152,0.44987180829048157
YDR038C,YIL135C,0,-7.2999687,0.16864044964313507,0.9128205180168152,0.44999998807907104
YNR017W,YMR153W,0,-7.3000727,0.16860051453113556,0.9128205180168152,0.4501281976699829
YGL245W,YER190W,0,-7.3002253,0.16856060922145844,0.9128205180168152,0.4502564072608948
YCL026C-A,YMR167W,0,-7.300294,0.1685207039117813,0.9128205180168152,0.45038461685180664
YKL075C,YML039W,0,-7.300495,0.16848082840442657,0.9128205180168152,0.4505128264427185
YBL033C,YDL080C,0,-7.3012524,0.16844096779823303,0.9128205180168152,0.45064103603363037
YDR302W,YLR044C,0,-7.301305,0.16840113699436188,0.9128205180168152,0.45076924562454224
YMR255W,YDR495C,0,-7.301797,0.16836132109165192,0.9128205180168152,0.4508974254131317
YPR002W,YPR178W,0,-7.301918,0.16832152009010315,0.9128205180168152,0.4510256350040436
YJL112W,YMR156C,0,-7.3019295,0.16828173398971558,0.9128205180168152,0.45115384459495544
YKL019W,YDR451C,0,-7.3019447,0.1682419627904892,0.9128205180168152,0.4512820541858673
YPR185W,YHR001W-A,0,-7.302764,0.1682022213935852,0.9128205180168152,0.4514102637767792
YMR092C,YPL045W,0,-7.303609,0.1681624948978424,0.9128205180168152,0.45153847336769104
YML132W,YPL140C,0,-7.3039017,0.1681227833032608,0.9128205180168152,0.4516666531562805
YDR292C,YDL015C,0,-7.3043547,0.1680831015110016,0.9128205180168152,0.4517948627471924
YHR176W,YMR190C,0,-7.3047314,0.16804341971874237,0.9128205180168152,0.45192307233810425
YDL097C,YGR211W,0,-7.3047504,0.16800378262996674,0.9128205180168152,0.4520512819290161
YMR052W,YJL094C,0,-7.3068714,0.1679641455411911,0.9128205180168152,0.452179491519928
YPL065W,YGR285C,0,-7.3072243,0.16792452335357666,0.9128205180168152,0.45230770111083984
YHL003C,YJR074W,0,-7.307866,0.1678849309682846,0.9128205180168152,0.4524359107017517
YBR080C,YMR053C,0,-7.308646,0.16784535348415375,0.9128205180168152,0.4525640904903412
YCR066W,YAR007C,0,-7.3092136,0.16780579090118408,0.9128205180168152,0.45269230008125305
YHR083W,YBR293W,0,-7.309759,0.1677662581205368,0.9128205180168152,0.4528205096721649
YNL220W,YJL156C,0,-7.30999,0.16772674024105072,0.9128205180168152,0.4529487192630768
YIR011C,YLR360W,0,-7.3101187,0.16768723726272583,0.9128205180168152,0.45307692885398865
YER133W,YOR182C,0,-7.3102255,0.16764774918556213,0.9128205180168152,0.4532051384449005
YOR301W,YMR182C,0,-7.3104353,0.16760829091072083,0.9128205180168152,0.4533333480358124
YMR146C,YMR046C,0,-7.310543,0.16756883263587952,0.9128205180168152,0.45346152782440186
YOR080W,YHL020C,0,-7.310876,0.1675294190645218,0.9128205180168152,0.4535897374153137
YIL004C,YBR066C,0,-7.3109236,0.16749000549316406,0.9128205180168152,0.4537179470062256
YKR027W,YNR060W,0,-7.3114567,0.16745060682296753,0.9128205180168152,0.45384615659713745
YPR179C,YKL020C,0,-7.3115654,0.16741123795509338,0.9128205180168152,0.4539743661880493
YDR480W,YDR077W,0,-7.312498,0.16737188398838043,0.9128205180168152,0.4541025757789612
YNL098C,YIL139C,0,-7.313052,0.16733254492282867,0.9128205180168152,0.45423075556755066
YKR082W,YML047C,0,-7.3139524,0.1672932356595993,0.9128205180168152,0.4543589651584625
YOR193W,YER094C,0,-7.3140554,0.16725394129753113,0.9128205180168152,0.4544871747493744
YGR006W,YDR412W,0,-7.31435,0.16721466183662415,0.9128205180168152,0.45461538434028625
YLR014C,YOR060C,0,-7.3146057,0.16717539727687836,0.9128205180168152,0.4547435939311981
YKL112W,YNL298W,0,-7.3146133,0.16713614761829376,0.9128205180168152,0.45487180352211
YER062C,YLR176C,0,-7.3148365,0.16709692776203156,0.9128205180168152,0.45500001311302185
YIL010W,YPL063W,0,-7.3156366,0.16705772280693054,0.9128205180168152,0.45512819290161133
YKL125W,YMR096W,0,-7.315772,0.16701853275299072,0.9128205180168152,0.4552564024925232
YJL020C,YDL017W,0,-7.316041,0.1669793576002121,0.9128205180168152,0.45538461208343506
YJR055W,YGR099W,0,-7.316887,0.16694021224975586,0.9128205180168152,0.4555128216743469
YAL044C,YPL135W,0,-7.316925,0.16690108180046082,0.9128205180168152,0.4556410312652588
YNL025C,YGR033C,0,-7.317215,0.16686196625232697,0.9128205180168152,0.45576924085617065
YPL232W,YJR028W,0,-7.3173103,0.1668228656053543,0.9128205180168152,0.4558974504470825
YMR029C,YMR091C,0,-7.3173122,0.16678379476070404,0.9128205180168152,0.456025630235672
YLR277C,YBR284W,0,-7.3179255,0.16674472391605377,0.9128205180168152,0.45615383982658386
YDL243C,YLR396C,0,-7.3179684,0.1667056828737259,0.9128205180168152,0.4562820494174957
YMR072W,YCL038C,0,-7.3179703,0.1666666716337204,0.9128205180168152,0.4564102590084076
YLR015W,YML055W,0,-7.318633,0.1666276603937149,0.9128205180168152,0.45653846859931946
YPL037C,YCL024W,0,-7.318843,0.1665886789560318,0.9128205180168152,0.4566666781902313
YDL022W,YNL054W,0,-7.3191442,0.1665497124195099,0.9128205180168152,0.4567948579788208
YER022W,YDR443C,0,-7.319191,0.16651076078414917,0.9128205180168152,0.45692306756973267
YNL233W,YMR264W,0,-7.3198624,0.16647182404994965,0.9128205180168152,0.45705127716064453
YMR198W,YPR139C,0,-7.319865,0.1664329171180725,0.9128205180168152,0.4571794867515564
YNR033W,YHR187W,0,-7.319927,0.16639401018619537,0.9128205180168152,0.45730769634246826
YMR101C,YHL012W,0,-7.3200855,0.16635513305664062,0.9128205180168152,0.4574359059333801
YHR036W,YMR162C,0,-7.3207464,0.16631628572940826,0.9128205180168152,0.457564115524292
YLR286C,YDL170W,0,-7.321146,0.1662774384021759,0.9128205180168152,0.45769229531288147
YGL068W,YDR180W,0,-7.321148,0.16623862087726593,0.9128205180168152,0.45782050490379333
YNL059C,YER021W,0,-7.321512,0.16619981825351715,0.9128205180168152,0.4579487144947052
YGR286C,YMR234W,0,-7.321602,0.16616103053092957,0.9128205180168152,0.45807692408561707
YMR004W,YNL247W,0,-7.3216085,0.16612225770950317,0.9128205180168152,0.45820513367652893
YOL066C,YFL017W-A,0,-7.321781,0.16608351469039917,0.9128205180168152,0.4583333432674408
YJL014W,YCL017C,0,-7.323781,0.16604477167129517,0.9128205180168152,0.45846155285835266
YPR025C,YOR257W,0,-7.323844,0.16600605845451355,0.9128205180168152,0.45858973264694214
YGL012W,YPL139C,0,-7.3241014,0.16596736013889313,0.9128205180168152,0.458717942237854
YJL002C,YIL031W,0,-7.3242435,0.1659286916255951,0.9128205180168152,0.45884615182876587
YPL011C,YOR110W,0,-7.325203,0.16589002311229706,0.9128205180168152,0.45897436141967773
YIL044C,YMR023C,0,-7.326172,0.1658513844013214,0.9128205180168152,0.4591025710105896
YPL151C,YIL080W,0,-7.3261766,0.16581276059150696,0.9128205180168152,0.45923078060150146
YML006C,YJL116C,0,-7.326337,0.1657741516828537,0.9128205180168152,0.45935896039009094
YGL256W,YHR135C,0,-7.326787,0.16573557257652283,0.9128205180168152,0.4594871699810028
YOL044W,YKL006C-A,0,-7.3272657,0.16569699347019196,0.9128205180168152,0.4596153795719147
YKR027W,YOL044W,0,-7.3273487,0.16565844416618347,0.9128205180168152,0.45974358916282654
YDR389W,YBR143C,0,-7.3278065,0.16561990976333618,0.9128205180168152,0.4598717987537384
YER017C,YOR194C,0,-7.327854,0.16558139026165009,0.9128205180168152,0.46000000834465027
YDR218C,YMR273C,0,-7.328004,0.16554290056228638,0.9128205180168152,0.46012821793556213
YER007W,YNL025C,0,-7.3286753,0.16550441086292267,0.9128205180168152,0.4602563977241516
YNL026W,YNL093W,0,-7.330325,0.16546595096588135,0.9128205180168152,0.4603846073150635
YOL068C,YKR061W,0,-7.3307533,0.16542750597000122,0.9128205180168152,0.46051281690597534
YGR156W,YMR075W,0,-7.3307743,0.1653890758752823,0.9128205180168152,0.4606410264968872
YJL166W,YJR127C,0,-7.331439,0.16535067558288574,0.9128205180168152,0.4607692360877991
YDR151C,YGL257C,0,-7.331748,0.1653122752904892,0.9128205180168152,0.46089744567871094
YBR107C,YGR258C,0,-7.33177,0.16527390480041504,0.9128205180168152,0.4610256552696228
YNR039C,YKL088W,0,-7.3324785,0.16523554921150208,0.9128205180168152,0.4611538350582123
YCR081W,YGR111W,0,-7.334012,0.1651972085237503,0.9128205180168152,0.46128204464912415
YER073W,YPR162C,0,-7.3343544,0.16515889763832092,0.9128205180168152,0.461410254240036
YBR026C,YMR225C,0,-7.334465,0.16512058675289154,0.9128205180168152,0.4615384638309479
YLR405W,YML027W,0,-7.3350296,0.16508230566978455,0.9128205180168152,0.46166667342185974
YCR065W,YPL218W,0,-7.3352547,0.16504403948783875,0.9128205180168152,0.4617948830127716
YIL014W,YDL120W,0,-7.335577,0.16500578820705414,0.9128205180168152,0.4619230628013611
YJL095W,YAL068C,0,-7.3356466,0.16496756672859192,0.9128205180168152,0.46205127239227295
YMR013C,YDR189W,0,-7.3363094,0.1649293452501297,0.9128205180168152,0.4621794819831848
YHR091C,YDR320C,0,-7.3364754,0.16489115357398987,0.9128205180168152,0.4623076915740967
YLR150W,YNL339C,0,-7.33679,0.16485297679901123,0.9128205180168152,0.46243590116500854
YDL042C,YER018C,0,-7.338723,0.1648148149251938,0.9128205180168152,0.4625641107559204
YLL026W,YER013W,0,-7.3387527,0.16477666795253754,0.9128205180168152,0.4626923203468323
YDR098C,YOL101C,0,-7.339157,0.16473855078220367,0.9128205180168152,0.46282050013542175
YMR197C,YPR078C,0,-7.3392677,0.1647004336118698,0.9128205180168152,0.4629487097263336
YDR243C,YBR283C,0,-7.33982,0.16466234624385834,0.9128205180168152,0.4630769193172455
YER030W,YLR210W,0,-7.3401775,0.16462427377700806,0.9128205180168152,0.46320512890815735
YDL100C,YHR014W,0,-7.3404493,0.16458621621131897,0.9128205180168152,0.4633333384990692
YLR433C,YDL105W,0,-7.3408394,0.16454818844795227,0.9128205180168152,0.4634615480899811
YPR161C,YOR132W,0,-7.341157,0.16451016068458557,0.9128205180168152,0.46358975768089294
YOL165C,YOL065C,0,-7.3413877,0.16447216272354126,0.9128205180168152,0.4637179374694824
YPR128C,YLR303W,0,-7.341569,0.16443417966365814,0.9128205180168152,0.4638461470603943
YAR015W,YJL019W,0,-7.3417625,0.16439621150493622,0.9128205180168152,0.46397435665130615
YGR147C,YCL003W,0,-7.3423243,0.1643582582473755,0.9128205180168152,0.464102566242218
YJL002C,YIL008W,0,-7.342985,0.16432033479213715,0.9128205180168152,0.4642307758331299
YGR230W,YNL015W,0,-7.343521,0.1642824113368988,0.9128205180168152,0.46435898542404175
YKR042W,YDR324C,0,-7.343791,0.16424451768398285,0.9128205180168152,0.4644871652126312
YPL179W,YFL037W,0,-7.34426,0.1642066389322281,0.9128205180168152,0.4646153748035431
YIL140W,YMR093W,0,-7.34447,0.16416877508163452,0.9128205180168152,0.46474358439445496
YLR047C,YJL029C,0,-7.345254,0.16413094103336334,0.9128205180168152,0.4648717939853668
YOL026C,YCR018C,0,-7.3457556,0.16409310698509216,0.9128205180168152,0.4650000035762787
YGR218W,YNL138W,0,-7.346816,0.16405530273914337,0.9128205180168152,0.46512821316719055
YGR218W,YDR175C,0,-7.3484955,0.16401751339435577,0.9128205180168152,0.4652564227581024
YPR037C,YDR451C,0,-7.3487015,0.16397973895072937,0.9128205180168152,0.4653846025466919
YOR226C,YGR166W,0,-7.349123,0.16394197940826416,0.9128205180168152,0.46551281213760376
YOR226C,YER105C,0,-7.349332,0.16390423476696014,0.9128205180168152,0.4656410217285156
YGR156W,YBR081C,0,-7.3515425,0.16386651992797852,0.9128205180168152,0.4657692313194275
YGL244W,YLR045C,0,-7.3516674,0.1638288050889969,0.9128205180168152,0.46589744091033936
YOR110W,YKL080W,0,-7.3525085,0.16379112005233765,0.9128205180168152,0.4660256505012512
YDR317W,YNL145W,0,-7.3534107,0.1637534499168396,0.9128205180168152,0.4661538600921631
YER157W,YKR079C,0,-7.3534937,0.16371579468250275,0.9128205180168152,0.46628203988075256
YIL139C,YLR424W,0,-7.3540955,0.1636781543493271,0.9128205180168152,0.46641024947166443
YER114C,YMR013C,0,-7.35454,0.16364054381847382,0.9128205180168152,0.4665384590625763
YER089C,YFL038C,0,-7.3551655,0.16360294818878174,0.9128205180168152,0.46666666865348816
YNL041C,YDR469W,0,-7.3552513,0.16356535255908966,0.9128205180168152,0.4667948782444
YGR163W,YLR324W,0,-7.355279,0.16352778673171997,0.9128205180168152,0.4669230878353119
YKL049C,YKL126W,0,-7.356058,0.16349023580551147,0.9128205180168152,0.46705126762390137
YLR088W,YMR076C,0,-7.3566437,0.16345271468162537,0.9128205180168152,0.46717947721481323
YLR377C,YFL033C,0,-7.357169,0.16341519355773926,0.9128205180168152,0.4673076868057251
YMR238W,YOR371C,0,-7.35804,0.16337770223617554,0.9128205180168152,0.46743589639663696
YMR213W,YLL043W,0,-7.3582067,0.16334021091461182,0.9128205180168152,0.46756410598754883
YML011C,YDR115W,0,-7.3586245,0.16330274939537048,0.9128205180168152,0.4676923155784607
YFR021W,YPR175W,0,-7.358639,0.16326530277729034,0.9128205180168152,0.46782052516937256
YIL010W,YPR183W,0,-7.3590403,0.1632278710603714,0.9128205180168152,0.46794870495796204
YDR295C,YJR021C,0,-7.3598547,0.16319046914577484,0.9128205180168152,0.4680769145488739
YNL288W,YDR213W,0,-7.360238,0.16315306723117828,0.9128205180168152,0.46820512413978577
YLR270W,YDR329C,0,-7.360343,0.1631156951189041,0.9128205180168152,0.46833333373069763
YNR057C,YDL209C,0,-7.3604164,0.16307833790779114,0.9128205180168152,0.4684615433216095
YNL331C,YGL206C,0,-7.3604565,0.16304099559783936,0.9128205180168152,0.46858975291252136
YBR040W,YKR061W,0,-7.3608656,0.16300366818904877,0.9128205180168152,0.4687179625034332
YOR007C,YOL113W,0,-7.3614836,0.16296635568141937,0.9128205180168152,0.4688461422920227
YIL009W,YIR013C,0,-7.3616495,0.16292905807495117,0.9128205180168152,0.46897435188293457
YBR250W,YDR080W,0,-7.3617544,0.16289179027080536,0.9128205180168152,0.46910256147384644
YKR035W-A,YNL248C,0,-7.362732,0.16285452246665955,0.9128205180168152,0.4692307710647583
YOR156C,YLR107W,0,-7.363022,0.16281728446483612,0.9128205180168152,0.46935898065567017
YJR010C-A,YKR020W,0,-7.364501,0.1627800613641739,0.9128205180168152,0.46948719024658203
YER110C,YOL135C,0,-7.3646135,0.16274285316467285,0.9128205180168152,0.4696153700351715
YBR004C,YNR026C,0,-7.365061,0.162705659866333,0.9128205180168152,0.4697435796260834
YCR071C,YDR005C,0,-7.365247,0.16266849637031555,0.9128205180168152,0.46987178921699524
YGR288W,YDR495C,0,-7.3652916,0.1626313328742981,0.9128205180168152,0.4699999988079071
YDR005C,YMR067C,0,-7.3659573,0.16259419918060303,0.9128205180168152,0.47012820839881897
YOR025W,YKR060W,0,-7.3660994,0.16255708038806915,0.9128205180168152,0.47025641798973083
YIL154C,YPL213W,0,-7.3666697,0.16251997649669647,0.9128205180168152,0.4703846275806427
YNL264C,YHR021C,0,-7.3673553,0.16248288750648499,0.9128205180168152,0.4705128073692322
YMR163C,YCL032W,0,-7.367984,0.1624458134174347,0.9128205180168152,0.47064101696014404
YOR349W,YMR087W,0,-7.3679886,0.1624087542295456,0.9128205180168152,0.4707692265510559
YMR023C,YNL310C,0,-7.368147,0.16237172484397888,0.9128205180168152,0.4708974361419678
YDL198C,YGR054W,0,-7.3684454,0.16233469545841217,0.9128205180168152,0.47102564573287964
YIR033W,YOR338W,0,-7.3684483,0.16229769587516785,0.9128205180168152,0.4711538553237915
YER127W,YBR093C,0,-7.3688936,0.16226071119308472,0.9128205180168152,0.47128206491470337
YJR001W,YKL178C,0,-7.369155,0.16222374141216278,0.9128205180168152,0.47141024470329285
YER166W,YNR011C,0,-7.3697376,0.16218678653240204,0.9128205180168152,0.4715384542942047
YJR108W,YOR307C,0,-7.3701916,0.1621498465538025,0.9128205180168152,0.4716666638851166
YJL099W,YDR180W,0,-7.370369,0.16211293637752533,0.9128205180168152,0.47179487347602844
YOR160W,YNL047C,0,-7.370489,0.16207602620124817,0.9128205180168152,0.4719230830669403
YBR188C,YDL052C,0,-7.371189,0.1620391458272934,0.9128205180168152,0.4720512926578522
YBR218C,YMR239C,0,-7.3715744,0.16200228035449982,0.9128205180168152,0.47217947244644165
YPL076W,YER154W,0,-7.3715773,0.16196542978286743,0.9128205180168152,0.4723076820373535
YCL059C,YBL034C,0,-7.3715897,0.16192859411239624,0.9128205180168152,0.4724358916282654
YGR177C,YOR011W,0,-7.371627,0.16189177334308624,0.9128205180168152,0.47256410121917725
YCL054W,YNR048W,0,-7.3717413,0.16185496747493744,0.9128205180168152,0.4726923108100891
YLR319C,YGR042W,0,-7.371772,0.16181817650794983,0.9128205180168152,0.472820520401001
YLL001W,YMR095C,0,-7.371812,0.1617814153432846,0.9128205180168152,0.47294872999191284
YAL013W,YNL138W,0,-7.372225,0.16174465417861938,0.9128205180168152,0.4730769097805023
YCR020C-A,YOL069W,0,-7.3729877,0.16170792281627655,0.9128205180168152,0.4732051193714142
YMR255W,YEL020W-A,0,-7.373473,0.1616712063550949,0.9128205180168152,0.47333332896232605
YPR049C,YIR015W,0,-7.373667,0.16163450479507446,0.9128205180168152,0.4734615385532379
YDR284C,YIL073C,0,-7.3737745,0.1615978181362152,0.9128205180168152,0.4735897481441498
YJL095W,YJR135W-A,0,-7.3737993,0.16156114637851715,0.9128205180168152,0.47371795773506165
YDR314C,YLR360W,0,-7.373801,0.16152450442314148,0.9128205180168152,0.4738461673259735
YDR231C,YIL143C,0,-7.374566,0.1614878624677658,0.9128205180168152,0.473974347114563
YBR131W,YDR087C,0,-7.374832,0.16145125031471252,0.9128205180168152,0.47410255670547485
YMR113W,YDR486C,0,-7.375553,0.16141463816165924,0.9128205180168152,0.4742307662963867
YOR298W,YGL022W,0,-7.3757505,0.16137805581092834,0.9128205180168152,0.4743589758872986
YBR136W,YNL201C,0,-7.375787,0.16134148836135864,0.9128205180168152,0.47448718547821045
YKR057W,YPL065W,0,-7.377043,0.16130493581295013,0.9128205180168152,0.4746153950691223
YIL140W,YOL008W,0,-7.3773794,0.16126839816570282,0.9128205180168152,0.4747435748577118
YPR108W,YBR081C,0,-7.3779,0.1612318903207779,0.9128205180168152,0.47487178444862366
YER155C,YCR065W,0,-7.3781796,0.16119538247585297,0.9128205180168152,0.4749999940395355
YDR323C,YLR234W,0,-7.3785534,0.16115888953208923,0.9128205180168152,0.4751282036304474
YLR115W,YJR004C,0,-7.379098,0.1611224263906479,0.9128205180168152,0.47525641322135925
YLL050C,YCR026C,0,-7.379116,0.16108597815036774,0.9128205180168152,0.4753846228122711
YEL030W,YPR191W,0,-7.379895,0.16104952991008759,0.9128205180168152,0.475512832403183
YPL213W,YOL113W,0,-7.3800592,0.16101311147212982,0.9128205180168152,0.47564101219177246
YLR134W,YGR245C,0,-7.380069,0.16097670793533325,0.9128205180168152,0.4757692217826843
YMR065W,YHR163W,0,-7.380602,0.16094031929969788,0.9128205180168152,0.4758974313735962
YDL223C,YIL144W,0,-7.3808517,0.1609039604663849,0.9128205180168152,0.47602564096450806
YMR033W,YLR447C,0,-7.3812447,0.1608676016330719,0.9128205180168152,0.4761538505554199
YHR102W,YPL151C,0,-7.3812904,0.1608312577009201,0.9128205180168152,0.4762820601463318
YBL090W,YLR005W,0,-7.3821993,0.1607949435710907,0.9128205180168152,0.47641026973724365
YGR188C,YLR310C,0,-7.3829613,0.1607586294412613,0.9128205180168152,0.47653844952583313
YKR009C,YDR494W,0,-7.3833437,0.16072234511375427,0.9128205180168152,0.476666659116745
YCL004W,YOL110W,0,-7.3834,0.16068607568740845,0.9128205180168152,0.47679486870765686
YPR175W,YDR181C,0,-7.3841248,0.16064982116222382,0.9128205180168152,0.4769230782985687
YMR070W,YFL049W,0,-7.3849125,0.16061358153820038,0.9128205180168152,0.4770512878894806
YDR376W,YMR301C,0,-7.3853397,0.16057735681533813,0.9128205180168152,0.47717949748039246
YGR091W,YMR101C,0,-7.3857164,0.16054114699363708,0.9128205180168152,0.4773077070713043
YEL030W,YDR009W,0,-7.3857994,0.16050495207309723,0.9128205180168152,0.4774358868598938
YJL020C,YMR207C,0,-7.3858757,0.16046878695487976,0.9128205180168152,0.47756409645080566
YOR206W,YBR058C,0,-7.386341,0.1604326218366623,0.9128205180168152,0.47769230604171753
YPR102C,YML025C,1,-7.3864098,0.1606217622756958,0.9141025543212891,0.47769230604171753
YDL192W,YDR434W,0,-7.387911,0.16058558225631714,0.9141025543212891,0.4778205156326294
YLR368W,YEL041W,0,-7.3886347,0.16054943203926086,0.9141025543212891,0.47794872522354126
YMR055C,YJR131W,0,-7.388747,0.1605132818222046,0.9141025543212891,0.4780769348144531
YDR181C,YDR346C,0,-7.3888702,0.1604771614074707,0.9141025543212891,0.4782051146030426
YAL068C,YBR152W,0,-7.389616,0.16044104099273682,0.9141025543212891,0.47833332419395447
YFR005C,YNL079C,0,-7.390373,0.16040495038032532,0.9141025543212891,0.47846153378486633
YJL008C,YOR109W,0,-7.3907166,0.160368874669075,0.9141025543212891,0.4785897433757782
YMR204C,YDR394W,0,-7.3916187,0.1603328138589859,0.9141025543212891,0.47871795296669006
YGR028W,YPL218W,0,-7.394252,0.16029676795005798,0.9141025543212891,0.47884616255760193
YGL068W,YOR346W,0,-7.3943443,0.16026073694229126,0.9141025543212891,0.4789743721485138
YLR103C,YML048W,0,-7.3944416,0.16022472083568573,0.9141025543212891,0.47910255193710327
YAR007C,YAR042W,0,-7.395048,0.1601887196302414,0.9141025543212891,0.47923076152801514
YHR107C,YOR080W,0,-7.395071,0.16015273332595825,0.9141025543212891,0.479358971118927
YHR061C,YKR085C,0,-7.3966675,0.1601167768239975,0.9141025543212891,0.47948718070983887
YER073W,YGR063C,0,-7.3968077,0.16008082032203674,0.9141025543212891,0.47961539030075073
YNL145W,YMR109W,0,-7.3968773,0.16004489362239838,0.9141025543212891,0.4797435998916626
YCL035C,YBL005W-A,0,-7.3974466,0.1600089818239212,0.9141025543212891,0.47987180948257446
YDR218C,YDR082W,0,-7.397888,0.15997307002544403,0.9141025543212891,0.47999998927116394
YMR136W,YHR001W,0,-7.398575,0.15993718802928925,0.9141025543212891,0.4801281988620758
YKL190W,YOR174W,0,-7.3989115,0.15990132093429565,0.9141025543212891,0.48025640845298767
YPL227C,YOR367W,0,-7.399024,0.15986546874046326,0.9141025543212891,0.48038461804389954
YFR046C,YAL002W,0,-7.399394,0.15982963144779205,0.9141025543212891,0.4805128276348114
YDR264C,YIL154C,0,-7.3997984,0.15979380905628204,0.9141025543212891,0.48064103722572327
YCL066W,YBR231C,0,-7.3998013,0.15975801646709442,0.9141025543212891,0.48076921701431274
YAL003W,YOR076C,0,-7.4004526,0.1597222238779068,0.9141025543212891,0.4808974266052246
YPR094W,YGR116W,0,-7.400936,0.15968644618988037,0.9141025543212891,0.4810256361961365
YKL049C,YOR084W,0,-7.402277,0.15965069830417633,0.9141025543212891,0.48115384578704834
YML047C,YDR463W,0,-7.402815,0.1596149504184723,0.9141025543212891,0.4812820553779602
YPL051W,YDR254W,0,-7.4030647,0.15957923233509064,0.9141025543212891,0.48141026496887207
YBR066C,YOL031C,0,-7.404044,0.15954352915287018,0.9141025543212891,0.48153847455978394
YOL086C,YLL003W,0,-7.4045773,0.15950782597064972,0.9141025543212891,0.4816666543483734
YDR345C,YLR335W,0,-7.404889,0.15947215259075165,0.9141025543212891,0.4817948639392853
YAR014C,YPR082C,0,-7.405548,0.15943649411201477,0.9141025543212891,0.48192307353019714
YFR036W,YGL100W,0,-7.406066,0.1594008505344391,0.9141025543212891,0.482051283121109
YLR418C,YGR072W,0,-7.4061604,0.1593652218580246,0.9141025543212891,0.4821794927120209
YGR177C,YPR094W,0,-7.4066496,0.1593296080827713,0.9141025543212891,0.48230770230293274
YPL121C,YGR274C,0,-7.406989,0.1592940092086792,0.9141025543212891,0.4824359118938446
YPR199C,YDR329C,0,-7.4072905,0.1592584252357483,0.9141025543212891,0.4825640916824341
YFL055W,YGR133W,0,-7.4074764,0.15922287106513977,0.9141025543212891,0.48269230127334595
YGL133W,YDR103W,0,-7.40755,0.15918731689453125,0.9141025543212891,0.4828205108642578
YNL286W,YER093C,0,-7.408161,0.15915179252624512,0.9141025543212891,0.4829487204551697
YJL207C,YKL020C,0,-7.4086256,0.15911626815795898,0.9141025543212891,0.48307693004608154
YFR037C,YEL013W,0,-7.4088526,0.15908077359199524,0.9141025543212891,0.4832051396369934
YJL111W,YDR473C,0,-7.4088926,0.1590452790260315,0.9141025543212891,0.4833333194255829
YJR007W,YDR451C,0,-7.4091816,0.15900981426239014,0.9141025543212891,0.48346152901649475
YBR216C,YGR270W,0,-7.4096203,0.15897436439990997,0.9141025543212891,0.4835897386074066
YIL117C,YDL185W,0,-7.4099274,0.1589389145374298,0.9141025543212891,0.4837179481983185
YJL024C,YML011C,0,-7.4099836,0.15890349447727203,0.9141025543212891,0.48384615778923035
YDR036C,YDR150W,0,-7.4101105,0.15886808931827545,0.9141025543212891,0.4839743673801422
YKR035W-A,YNR011C,0,-7.410221,0.15883269906044006,0.9141025543212891,0.4841025769710541
YLR071C,YKR101W,0,-7.4103613,0.15879732370376587,0.9141025543212891,0.48423075675964355
YGR033C,YLR435W,0,-7.4105263,0.15876196324825287,0.9141025543212891,0.4843589663505554
YEL034W,YOR281C,0,-7.410879,0.15872661769390106,0.9141025543212891,0.4844871759414673
YMR177W,YOL067C,0,-7.411235,0.15869130194187164,0.9141025543212891,0.48461538553237915
YGL017W,YIL046W,0,-7.4114437,0.15865598618984222,0.9141025543212891,0.484743595123291
YBR135W,YHR200W,0,-7.4117765,0.158620685338974,0.9141025543212891,0.4848718047142029
YLL050C,YNL229C,0,-7.412305,0.15858541429042816,0.9141025543212891,0.48500001430511475
YIL014W,YBR279W,0,-7.4127636,0.15855014324188232,0.9141025543212891,0.4851281940937042
YOL068C,YKL175W,0,-7.412793,0.15851490199565887,0.9141025543212891,0.4852564036846161
YLR427W,YIL101C,0,-7.413394,0.15847966074943542,0.9141025543212891,0.48538461327552795
YNL097C,YLR301W,0,-7.4134808,0.15844444930553436,0.9141025543212891,0.4855128228664398
YMR213W,YOR001W,0,-7.4138765,0.1584092378616333,0.9141025543212891,0.4856410324573517
YDL058W,YLL040C,0,-7.4142,0.15837405622005463,0.9141025543212891,0.48576924204826355
YDR017C,YGL145W,0,-7.414263,0.15833888947963715,0.9141025543212891,0.485897421836853
YDR148C,YHL012W,0,-7.4148026,0.15830372273921967,0.9141025543212891,0.4860256314277649
YIL062C,YBR279W,0,-7.414852,0.15826858580112457,0.9141025543212891,0.48615384101867676
YDR424C,YLR254C,0,-7.415344,0.15823346376419067,0.9141025543212891,0.4862820506095886
YPL262W,YKL117W,0,-7.4154596,0.15819835662841797,0.9141025543212891,0.4864102602005005
YFL056C,YCR067C,0,-7.415537,0.15816326439380646,0.9141025543212891,0.48653846979141235
YBR200W,YER164W,0,-7.4160013,0.15812818706035614,0.9141025543212891,0.4866666793823242
YGL187C,YHR175W,0,-7.416272,0.15809312462806702,0.9141025543212891,0.4867948591709137
YCR081W,YGR296W,0,-7.4167233,0.1580580770969391,0.9141025543212891,0.48692306876182556
YLR044C,YBR061C,0,-7.417425,0.15802304446697235,0.9141025543212891,0.4870512783527374
YFL010W-A,YIL052C,0,-7.4177933,0.157988041639328,0.9141025543212891,0.4871794879436493
YAL033W,YMR016C,0,-7.417824,0.15795303881168365,0.9141025543212891,0.48730769753456116
YDR295C,YBR298C,0,-7.4179783,0.1579180508852005,0.9141025543212891,0.487435907125473
YJL106W,YLR191W,0,-7.418151,0.15788307785987854,0.9141025543212891,0.4875641167163849
YJR131W,YBL052C,0,-7.4181623,0.15784813463687897,0.9141025543212891,0.48769229650497437
YDR507C,YMR182C,0,-7.4181747,0.1578131914138794,0.9141025543212891,0.48782050609588623
YLR310C,YER093C,0,-7.4196835,0.15777826309204102,0.9141025543212891,0.4879487156867981
YLR394W,YMR322C,0,-7.419697,0.15774336457252502,0.9141025543212891,0.48807692527770996
YGL254W,YNL299W,0,-7.42076,0.15770846605300903,0.9141025543212891,0.4882051348686218
YMR198W,YJL207C,0,-7.421109,0.15767359733581543,0.9141025543212891,0.4883333444595337
YLR157C,YNL264C,0,-7.421179,0.15763872861862183,0.9141025543212891,0.48846152424812317
YHR152W,YOL102C,0,-7.421788,0.1576038897037506,0.9141025543212891,0.48858973383903503
YFL056C,YEL069C,0,-7.4221334,0.1575690656900406,0.9141025543212891,0.4887179434299469
YJR108W,YKR029C,0,-7.423313,0.15753424167633057,0.9141025543212891,0.48884615302085876
YDR480W,YMR281W,0,-7.424738,0.15749944746494293,0.9141025543212891,0.48897436261177063
YML058W-A,YDR002W,0,-7.4261026,0.1574646681547165,0.9141025543212891,0.4891025722026825
YDR342C,YMR201C,0,-7.427182,0.15742988884449005,0.9141025543212891,0.48923078179359436
YJL099W,YOR040W,0,-7.4282045,0.157395139336586,0.9141025543212891,0.48935896158218384
YDR329C,YLR092W,0,-7.42846,0.15736040472984314,0.9141025543212891,0.4894871711730957
YNL049C,YDL042C,0,-7.4287176,0.15732568502426147,0.9141025543212891,0.48961538076400757
YGL173C,YPL234C,0,-7.4290276,0.157290980219841,0.9141025543212891,0.48974359035491943
YMR312W,YLR067C,0,-7.4291935,0.15725629031658173,0.9141025543212891,0.4898717999458313
YFL010W-A,YHR067W,0,-7.429222,0.15722161531448364,0.9141025543212891,0.49000000953674316
YKL165C,YCL054W,0,-7.4292345,0.15718695521354675,0.9141025543212891,0.49012821912765503
YOR115C,YHR138C,0,-7.4300556,0.15715231001377106,0.9141025543212891,0.4902563989162445
YDR423C,YGL115W,0,-7.430067,0.15711767971515656,0.9141025543212891,0.49038460850715637
YPL267W,YCL043C,0,-7.430257,0.15708306431770325,0.9141025543212891,0.49051281809806824
YDR182W,YLL038C,0,-7.430438,0.15704846382141113,0.9141025543212891,0.4906410276889801
YNR035C,YOR008C-A,0,-7.430975,0.1570138782262802,0.9141025543212891,0.49076923727989197
YNL287W,YHR161C,0,-7.431038,0.15697930753231049,0.9141025543212891,0.49089744687080383
YEL016C,YOR060C,0,-7.431531,0.15694475173950195,0.9141025543212891,0.4910256266593933
YMR198W,YLR429W,0,-7.431594,0.15691021084785461,0.9141025543212891,0.4911538362503052
YOR367W,YOR007C,0,-7.431614,0.15687568485736847,0.9141025543212891,0.49128204584121704
YLR427W,YDR465C,0,-7.431896,0.15684117376804352,0.9141025543212891,0.4914102554321289
YDR420W,YJL026W,0,-7.432173,0.15680669248104095,0.9141025543212891,0.49153846502304077
YKL005C,YKR065C,0,-7.4325657,0.1567722111940384,0.9141025543212891,0.49166667461395264
YOR079C,YOR259C,0,-7.432598,0.15673774480819702,0.9141025543212891,0.4917948842048645
YNL084C,YGR098C,0,-7.4327583,0.15670329332351685,0.9141025543212891,0.491923063993454
YBR008C,YDR283C,0,-7.4330587,0.15666885673999786,0.9141025543212891,0.49205127358436584
YLR284C,YKL015W,0,-7.433158,0.15663444995880127,0.9141025543212891,0.4921794831752777
YGL233W,YGR281W,0,-7.433609,0.15660004317760468,0.9141025543212891,0.4923076927661896
YER040W,YNL025C,0,-7.433695,0.15656565129756927,0.9141025543212891,0.49243590235710144
YOR198C,YBL042C,0,-7.4340096,0.15653128921985626,0.9141025543212891,0.4925641119480133
YDR508C,YLR354C,0,-7.4344063,0.15649692714214325,0.9141025543212891,0.49269232153892517
YDR345C,YNL091W,0,-7.4345846,0.15646257996559143,0.9141025543212891,0.49282050132751465
YKL117W,YML055W,0,-7.435648,0.156428262591362,0.9141025543212891,0.4929487109184265
YKL038W,YFL059W,0,-7.4356747,0.15639394521713257,0.9141025543212891,0.4930769205093384
YOL064C,YDR419W,0,-7.435932,0.15635964274406433,0.9141025543212891,0.49320513010025024
YIR005W,YHR082C,0,-7.436491,0.15632537007331848,0.9141025543212891,0.4933333396911621
YLR270W,YOL059W,0,-7.437128,0.15629109740257263,0.9141025543212891,0.493461549282074
YLR329W,YPR161C,0,-7.4384317,0.15625685453414917,0.9141025543212891,0.49358972907066345
YGL004C,YNL243W,0,-7.438632,0.1562226116657257,0.9141025543212891,0.4937179386615753
YAL021C,YGL086W,0,-7.439414,0.15618838369846344,0.9141025543212891,0.4938461482524872
YNL274C,YJR094C,0,-7.440566,0.15615418553352356,0.9141025543212891,0.49397435784339905
YMR267W,YOR049C,0,-7.4408007,0.15611998736858368,0.9141025543212891,0.4941025674343109
YEL069C,YER173W,0,-7.4410763,0.1560858190059662,0.9141025543212891,0.4942307770252228
YCL014W,YDR221W,0,-7.442567,0.1560516506433487,0.9141025543212891,0.49435898661613464
YCR027C,YDR310C,0,-7.443424,0.1560175120830536,0.9141025543212891,0.4944871664047241
YNL268W,YGL257C,0,-7.443487,0.15598337352275848,0.9141025543212891,0.494615375995636
YCL066W,YGR147C,0,-7.443515,0.15594924986362457,0.9141025543212891,0.49474358558654785
YLR418C,YML078W,0,-7.443758,0.15591515600681305,0.9141025543212891,0.4948717951774597
YEL034W,YKL020C,0,-7.4440746,0.15588106215000153,0.9141025543212891,0.4950000047683716
YDL116W,YHR014W,0,-7.444463,0.1558469980955124,0.9141025543212891,0.49512821435928345
YJL019W,YGR274C,0,-7.4453344,0.15581293404102325,0.9141025543212891,0.4952564239501953
YOR372C,YCR033W,0,-7.4453726,0.1557788997888565,0.9141025543212891,0.4953846037387848
YBL023C,YDR207C,0,-7.445589,0.15574486553668976,0.9141025543212891,0.49551281332969666
YPR030W,YHL009C,0,-7.4466715,0.1557108610868454,0.9141025543212891,0.4956410229206085
YGL168W,YDL134C,0,-7.44668,0.15567685663700104,0.9141025543212891,0.4957692325115204
YER083C,YML097C,0,-7.446784,0.15564286708831787,0.9141025543212891,0.49589744210243225
YKR056W,YHR214C-B,0,-7.448326,0.1556089073419571,0.9141025543212891,0.4960256516933441
YDR341C,YPL276W,0,-7.4485044,0.1555749475955963,0.9141025543212891,0.4961538314819336
YGL256W,YNL330C,0,-7.4486523,0.15554101765155792,0.9141025543212891,0.49628204107284546
YPL051W,YOL108C,0,-7.448944,0.15550708770751953,0.9141025543212891,0.4964102506637573
YLR007W,YNL311C,0,-7.4490795,0.15547317266464233,0.9141025543212891,0.4965384602546692
YPL194W,YBL033C,0,-7.4498177,0.15543928742408752,0.9141025543212891,0.49666666984558105
YKR007W,YPL043W,0,-7.4502096,0.15540540218353271,0.9141025543212891,0.4967948794364929
YBL014C,YOR057W,0,-7.450218,0.1553715467453003,0.9141025543212891,0.4969230890274048
YPL167C,YDR247W,0,-7.450614,0.15533769130706787,0.9141025543212891,0.49705126881599426
YLR026C,YKL196C,0,-7.450841,0.15530385076999664,0.9141025543212891,0.49717947840690613
YLR418C,YOR085W,0,-7.4516106,0.1552700400352478,0.9141025543212891,0.497307687997818
YHR166C,YDR025W,0,-7.451872,0.15523622930049896,0.9141025543212891,0.49743589758872986
YDR283C,YGR002C,0,-7.453004,0.15520243346691132,0.9141025543212891,0.4975641071796417
YPL091W,YOL072W,0,-7.4532404,0.15516866743564606,0.9141025543212891,0.4976923167705536
YOR049C,YJL056C,0,-7.4534845,0.1551349014043808,0.9141025543212891,0.49782052636146545
YPR179C,YJR153W,0,-7.4545336,0.15510115027427673,0.9141025543212891,0.49794870615005493
YDL223C,YDL002C,0,-7.4554424,0.15506741404533386,0.9141025543212891,0.4980769157409668
YBR072W,YBL041W,0,-7.456257,0.15503370761871338,0.9141025543212891,0.49820512533187866
YDR317W,YFL058W,0,-7.456318,0.1550000011920929,0.9141025543212891,0.4983333349227905
YMR208W,YBL022C,0,-7.4567394,0.1549663096666336,0.9141025543212891,0.4984615445137024
YJL091C,YDR343C,0,-7.457737,0.1549326330423355,0.9141025543212891,0.49858975410461426
YGL019W,YPL065W,0,-7.458617,0.1548989862203598,0.9141025543212891,0.49871793389320374
YLL031C,YDR495C,0,-7.4592066,0.1548653393983841,0.9141025543212891,0.4988461434841156
YHR188C,YGL089C,0,-7.4594545,0.15483170747756958,0.9141025543212891,0.49897435307502747
YER002W,YML025C,1,-7.4598,0.15501520037651062,0.9153845906257629,0.49897435307502747
YAL032C,YCL008C,0,-7.4598904,0.1549815535545349,0.9153845906257629,0.49910256266593933
YGL058W,YMR149W,0,-7.460042,0.1549479216337204,0.9153845906257629,0.4992307722568512
YMR072W,YGR030C,0,-7.460305,0.15491430461406708,0.9153845906257629,0.49935898184776306
YML038C,YGR285C,0,-7.460684,0.15488068759441376,0.9153845906257629,0.4994871914386749
YBL103C,YDR086C,0,-7.4607506,0.15484710037708282,0.9153845906257629,0.4996153712272644
YOR237W,YJL019W,0,-7.460931,0.15481352806091309,0.9153845906257629,0.49974358081817627
YBL056W,YLR005W,0,-7.46099,0.15477997064590454,0.9153845906257629,0.49987179040908813
YGR142W,YCR091W,0,-7.4610777,0.1547464281320572,0.9153845906257629,0.5
YOR274W,YDR320C,0,-7.4614944,0.15471288561820984,0.9153845906257629,0.5001282095909119
YDR448W,YLR433C,0,-7.461931,0.15467937290668488,0.9153845906257629,0.5002564191818237
YML023C,YOR110W,0,-7.4621267,0.1546458750963211,0.9153845906257629,0.5003846287727356
YAR018C,YFL008W,0,-7.4622574,0.15461239218711853,0.9153845906257629,0.5005128383636475
YFR051C,YHR069C,0,-7.4634438,0.15457890927791595,0.9153845906257629,0.5006410479545593
YLR397C,YER169W,0,-7.463667,0.15454545617103577,0.9153845906257629,0.5007692575454712
YIR023W,YDR296W,0,-7.463711,0.15451200306415558,0.9153845906257629,0.5008974075317383
YOL095C,YNR034W,0,-7.4640245,0.15447857975959778,0.9153845906257629,0.5010256171226501
YDR330W,YPR139C,0,-7.4651527,0.15444517135620117,0.9153845906257629,0.501153826713562
YGL043W,YOR320C,0,-7.465458,0.15441176295280457,0.9153845906257629,0.5012820363044739
YNL192W,YBR240C,0,-7.4656773,0.15437838435173035,0.9153845906257629,0.5014102458953857
YPL063W,YLR132C,0,-7.4665337,0.15434500575065613,0.9153845906257629,0.5015384554862976
YHR082C,YML114C,0,-7.4666376,0.1543116420507431,0.9153845906257629,0.5016666650772095
YDR501W,YNL167C,0,-7.46671,0.15427830815315247,0.9153845906257629,0.5017948746681213
YOR110W,YJR049C,0,-7.4671154,0.15424497425556183,0.9153845906257629,0.5019230842590332
YHR200W,YOR270C,0,-7.4674397,0.15421167016029358,0.9153845906257629,0.5020512938499451
YGL251C,YDL105W,0,-7.4674797,0.15417836606502533,0.9153845906257629,0.5021795034408569
YER026C,YGL251C,0,-7.4679136,0.15414507687091827,0.9153845906257629,0.5023077130317688
YHR074W,YJR021C,0,-7.468007,0.1541118025779724,0.9153845906257629,0.5024359226226807
YJL090C,YPR080W,0,-7.4680834,0.15407854318618774,0.9153845906257629,0.5025641322135925
YNL055C,YJL139C,0,-7.4683075,0.15404531359672546,0.9153845906257629,0.5026922821998596
YLL022C,YGL257C,0,-7.468791,0.15401208400726318,0.9153845906257629,0.5028204917907715
YPL149W,YEL031W,0,-7.468835,0.1539788693189621,0.9153845906257629,0.5029487013816833
YMR272C,YIL167W,0,-7.4689465,0.1539456695318222,0.9153845906257629,0.5030769109725952
YML129C,YNL088W,0,-7.469101,0.1539124846458435,0.9153845906257629,0.5032051205635071
YJR094C,YKL064W,0,-7.469348,0.153879314661026,0.9153845906257629,0.503333330154419
YCR086W,YER173W,0,-7.469659,0.1538461595773697,0.9153845906257629,0.5034615397453308
YGL105W,YDR177W,0,-7.470195,0.15381300449371338,0.9153845906257629,0.5035897493362427
YGL173C,YHR106W,0,-7.470478,0.15377987921237946,0.9153845906257629,0.5037179589271545
YNR019W,YIL114C,0,-7.471122,0.15374676883220673,0.9153845906257629,0.5038461685180664
YOR348C,YMR077C,0,-7.472088,0.1537136733531952,0.9153845906257629,0.5039743781089783
YDL100C,YLR426W,0,-7.472186,0.15368059277534485,0.9153845906257629,0.5041025876998901
YDL225W,YBR058C,0,-7.472211,0.1536475121974945,0.9153845906257629,0.504230797290802
YBL020W,YPR078C,0,-7.472226,0.15361446142196655,0.9153845906257629,0.5043589472770691
YKL190W,YDL216C,0,-7.4724627,0.1535814106464386,0.9153845906257629,0.504487156867981
YDR256C,YOR110W,0,-7.472864,0.15354838967323303,0.9153845906257629,0.5046153664588928
YDL035C,YLR385C,0,-7.47301,0.15351536870002747,0.9153845906257629,0.5047435760498047
YER143W,YJR022W,0,-7.4731054,0.1534823775291443,0.9153845906257629,0.5048717856407166
YDL126C,YML091C,0,-7.4732227,0.1534493863582611,0.9153845906257629,0.5049999952316284
YAL030W,YPR078C,0,-7.4732676,0.15341641008853912,0.9153845906257629,0.5051282048225403
YNL161W,YPL153C,0,-7.4747295,0.15338346362113953,0.9153845906257629,0.5052564144134521
YDR270W,YLR332W,0,-7.474868,0.15335051715373993,0.9153845906257629,0.505384624004364
YBL078C,YBR231C,0,-7.474888,0.15331758558750153,0.9153845906257629,0.5055128335952759
YGL166W,YCL043C,0,-7.4748926,0.15328466892242432,0.9153845906257629,0.5056410431861877
YCR020C-A,YFL037W,0,-7.4750977,0.1532517671585083,0.9153845906257629,0.5057692527770996
YLR295C,YIL042C,0,-7.476248,0.15321888029575348,0.9153845906257629,0.5058974623680115
YMR100W,YLR385C,0,-7.476838,0.15318600833415985,0.9153845906257629,0.5060256123542786
YPL118W,YGR206W,0,-7.4777155,0.15315315127372742,0.9153845906257629,0.5061538219451904
YLR025W,YJR126C,0,-7.478361,0.15312030911445618,0.9153845906257629,0.5062820315361023
YNL030W,YLR105C,0,-7.4784155,0.15308748185634613,0.9153845906257629,0.5064102411270142
YLR330W,YGL087C,0,-7.478958,0.15305466949939728,0.9153845906257629,0.506538450717926
YNL280C,YOL069W,0,-7.47904,0.15302185714244843,0.9153845906257629,0.5066666603088379
YML036W,YGL136C,0,-7.4791164,0.15298907458782196,0.9153845906257629,0.5067948698997498
YLR155C,YLR266C,0,-7.479496,0.1529562920331955,0.9153845906257629,0.5069230794906616
YGR274C,YJL141C,0,-7.4798326,0.15292353928089142,0.9153845906257629,0.5070512890815735
YLR394W,YJL001W,0,-7.4808426,0.15289078652858734,0.9153845906257629,0.5071794986724854
YKL019W,YDR129C,0,-7.4809093,0.15285806357860565,0.9153845906257629,0.5073077082633972
YIL098C,YOL146W,0,-7.4810066,0.15282534062862396,0.9153845906257629,0.5074359178543091
YLL006W,YHR091C,0,-7.48145,0.15279263257980347,0.9153845906257629,0.507564127445221
YDR314C,YBR283C,0,-7.481474,0.15275995433330536,0.9153845906257629,0.5076923370361328
YDR345C,YNL251C,0,-7.481593,0.15272727608680725,0.9153845906257629,0.5078204870223999
YJL020C,YML038C,0,-7.481821,0.15269461274147034,0.9153845906257629,0.5079486966133118
YKL029C,YBR156C,0,-7.4822054,0.15266196429729462,0.9153845906257629,0.5080769062042236
YIR023W,YKL056C,0,-7.482218,0.1526293307542801,0.9153845906257629,0.5082051157951355
YJR091C,YML095C,0,-7.4831276,0.15259671211242676,0.9153845906257629,0.5083333253860474
YPL187W,YIL039W,0,-7.4832335,0.15256410837173462,0.9153845906257629,0.5084615349769592
YML099C,YLR047C,0,-7.4832697,0.15253150463104248,0.9153845906257629,0.5085897445678711
YJL095W,YPR108W,0,-7.483815,0.15249893069267273,0.9153845906257629,0.508717954158783
YIL149C,YOR332W,0,-7.485054,0.15246637165546417,0.9153845906257629,0.5088461637496948
YDR361C,YDR131C,0,-7.485134,0.15243381261825562,0.9153845906257629,0.5089743733406067
YDR494W,YLR182W,0,-7.485943,0.15240128338336945,0.9153845906257629,0.5091025829315186
YOR117W,YML045W,0,-7.4864445,0.15236875414848328,0.9153845906257629,0.5092307925224304
YNL230C,YDL247W,0,-7.4867487,0.1523362547159195,0.9153845906257629,0.5093590021133423
YPR017C,YDR432W,0,-7.486759,0.1523037552833557,0.9153845906257629,0.5094871520996094
YFL011W,YHR152W,0,-7.4869766,0.15227127075195312,0.9153845906257629,0.5096153616905212
YLR103C,YJR131W,0,-7.4872828,0.15223880112171173,0.9153845906257629,0.5097435712814331
YPR155C,YDR166C,0,-7.4874306,0.15220634639263153,0.9153845906257629,0.509871780872345
YLR155C,YMR140W,0,-7.487562,0.15217390656471252,0.9153845906257629,0.5099999904632568
YBR066C,YPR086W,0,-7.488331,0.1521414816379547,0.9153845906257629,0.5101282000541687
YMR073C,YKR079C,0,-7.4883804,0.1521090716123581,0.9153845906257629,0.5102564096450806
YCR026C,YOR332W,0,-7.4887686,0.15207667648792267,0.9153845906257629,0.5103846192359924
YKR036C,YPR082C,0,-7.489085,0.15204429626464844,0.9153845906257629,0.5105128288269043
YHR050W,YHR084W,0,-7.4897366,0.1520119160413742,0.9153845906257629,0.5106410384178162
YOR123C,YML061C,0,-7.490697,0.15197956562042236,0.9153845906257629,0.510769248008728
YKL190W,YGL098W,0,-7.490697,0.1519472301006317,0.9153845906257629,0.5108974575996399
YDR394W,YNL128W,0,-7.49094,0.15191489458084106,0.9153845906257629,0.5110256671905518
YMR161W,YDL084W,0,-7.493352,0.1518825739622116,0.9153845906257629,0.5111538171768188
YKL160W,YFR008W,0,-7.493703,0.15185028314590454,0.9153845906257629,0.5112820267677307
YML012W,YKR060W,0,-7.4937277,0.15181799232959747,0.9153845906257629,0.5114102363586426
YER044C-A,YDR162C,0,-7.4940395,0.1517857164144516,0.9153845906257629,0.5115384459495544
YGL209W,YIL021W,0,-7.4941177,0.15175345540046692,0.9153845906257629,0.5116666555404663
YGL100W,YML041C,0,-7.4943733,0.15172120928764343,0.9153845906257629,0.5117948651313782
YDR363W,YJL050W,0,-7.494932,0.15168897807598114,0.9153845906257629,0.51192307472229
YNL051W,YGR278W,0,-7.495082,0.15165676176548004,0.9153845906257629,0.5120512843132019
YNR072W,YDR463W,0,-7.495118,0.15162454545497894,0.9153845906257629,0.5121794939041138
YMR092C,YDL040C,0,-7.4961386,0.15159235894680023,0.9153845906257629,0.5123077034950256
YDR224C,YCR044C,0,-7.497034,0.15156017243862152,0.9153845906257629,0.5124359130859375
YMR128W,YDL105W,0,-7.497073,0.1515280157327652,0.9153845906257629,0.5125641226768494
YBR274W,YOR103C,0,-7.4978056,0.15149585902690887,0.9153845906257629,0.5126923322677612
YBR049C,YLR154C,0,-7.500539,0.15146373212337494,0.9153845906257629,0.5128205418586731
YGR109C,YBL056W,0,-7.5008535,0.151431605219841,0.9153845906257629,0.5129486918449402
YML126C,YBR156C,0,-7.500866,0.15139949321746826,0.9153845906257629,0.513076901435852
YML102W,YDR364C,0,-7.501831,0.1513673961162567,0.9153845906257629,0.5132051110267639
YLR319C,YDR160W,0,-7.502198,0.15133531391620636,0.9153845906257629,0.5133333206176758
YLR175W,YGL167C,0,-7.5025206,0.1513032466173172,0.9153845906257629,0.5134615302085876
YJR086W,YMR273C,0,-7.5026684,0.15127117931842804,0.9153845906257629,0.5135897397994995
YOR150W,YOL127W,1,-7.5034695,0.1514509618282318,0.9166666865348816,0.5135897397994995
YIL034C,YBL071W-A,0,-7.504793,0.15141889452934265,0.9166666865348816,0.5137179493904114
YPL086C,YLR268W,0,-7.506815,0.1513868272304535,0.9166666865348816,0.5138461589813232
YGR133W,YOR075W,0,-7.5068197,0.15135478973388672,0.9166666865348816,0.5139743685722351
YGR244C,YDL080C,0,-7.507757,0.15132275223731995,0.9166666865348816,0.514102578163147
YLR153C,YPL026C,0,-7.508258,0.15129072964191437,0.9166666865348816,0.5142307877540588
YGL173C,YOR073W,0,-7.5083857,0.15125872194766998,0.9166666865348816,0.5143589973449707
YDL161W,YDR037W,0,-7.5085373,0.1512267291545868,0.9166666865348816,0.5144872069358826
YGR147C,YOR068C,0,-7.509285,0.1511947512626648,0.9166666865348816,0.5146153569221497
YFR014C,YOR030W,0,-7.510579,0.151162788271904,0.9166666865348816,0.5147435665130615
YLR068W,YOR330C,0,-7.510868,0.15113084018230438,0.9166666865348816,0.5148717761039734
YIL065C,YNL053W,0,-7.5112095,0.15109890699386597,0.9166666865348816,0.5149999856948853
YOR330C,YGR211W,0,-7.511217,0.15106697380542755,0.9166666865348816,0.5151281952857971
YHR092C,YHR038W,0,-7.5112534,0.15103507041931152,0.9166666865348816,0.515256404876709
YGL006W,YBL088C,0,-7.5116634,0.1510031670331955,0.9166666865348816,0.5153846144676208
YDR184C,YHR014W,0,-7.511855,0.15097127854824066,0.9166666865348816,0.5155128240585327
YOR304W,YAL001C,0,-7.512432,0.15093941986560822,0.9166666865348816,0.5156410336494446
YLR085C,YPL060W,0,-7.5124598,0.15090756118297577,0.9166666865348816,0.5157692432403564
YNL051W,YNL128W,0,-7.5126104,0.15087571740150452,0.9166666865348816,0.5158974528312683
YBL074C,YNL041C,0,-7.5127983,0.15084388852119446,0.9166666865348816,0.5160256624221802
YNL097C,YMR156C,0,-7.512944,0.1508120596408844,0.9166666865348816,0.516153872013092
YNR003C,YBR095C,0,-7.5145264,0.15078026056289673,0.9166666865348816,0.5162820219993591
YPL202C,YNL197C,0,-7.5159645,0.15074847638607025,0.9166666865348816,0.516410231590271
YOR117W,YML039W,0,-7.516036,0.15071669220924377,0.9166666865348816,0.5165384411811829
YCL040W,YDL200C,0,-7.5171766,0.15068493783473969,0.9166666865348816,0.5166666507720947
YDR288W,YOR347C,0,-7.517646,0.1506531834602356,0.9166666865348816,0.5167948603630066
YKL089W,YPL167C,0,-7.518899,0.1506214439868927,0.9166666865348816,0.5169230699539185
YDR106W,YOR025W,0,-7.519225,0.150589719414711,0.9166666865348816,0.5170512795448303
YJR150C,YHR081W,0,-7.5195,0.1505580097436905,0.9166666865348816,0.5171794891357422
YER174C,YER100W,0,-7.5199604,0.15052631497383118,0.9166666865348816,0.517307698726654
YFL022C,YIL173W,0,-7.5202446,0.15049463510513306,0.9166666865348816,0.5174359083175659
YCL039W,YNL264C,0,-7.5204115,0.15046297013759613,0.9166666865348816,0.5175641179084778
YDR184C,YNL311C,0,-7.5210533,0.1504313051700592,0.9166666865348816,0.5176923274993896
YHR072W-A,YNR006W,0,-7.5211496,0.15039967000484467,0.9166666865348816,0.5178205370903015
YKL179C,YGR152C,0,-7.5212927,0.15036803483963013,0.9166666865348816,0.5179487466812134
YLR105C,YPL033C,0,-7.521364,0.15033641457557678,0.9166666865348816,0.5180768966674805
YOR156C,YGL167C,0,-7.521467,0.15030480921268463,0.9166666865348816,0.5182051062583923
YNL163C,YML025C,1,-7.521819,0.1504833996295929,0.9179487228393555,0.5182051062583923
YDR459C,YGL129C,0,-7.5220804,0.15045177936553955,0.9179487228393555,0.5183333158493042
YOR136W,YKR089C,0,-7.523546,0.1504201740026474,0.9179487228393555,0.5184615254402161
YCL029C,YOL135C,0,-7.5236206,0.15038856863975525,0.9179487228393555,0.5185897350311279
YNR033W,YCR033W,0,-7.5242596,0.15035699307918549,0.9179487228393555,0.5187179446220398
YDR296W,YHL012W,0,-7.5248394,0.15032543241977692,0.9179487228393555,0.5188461542129517
YJL100W,YBL064C,0,-7.5254955,0.15029387176036835,0.9179487228393555,0.5189743638038635
YNL286W,YPL019C,0,-7.52586,0.15026232600212097,0.9179487228393555,0.5191025733947754
YAR014C,YJL194W,0,-7.526289,0.1502307951450348,0.9179487228393555,0.5192307829856873
YMR054W,YDR353W,0,-7.527274,0.150199294090271,0.9179487228393555,0.5193589925765991
YPL228W,YER015W,0,-7.527562,0.150167778134346,0.9179487228393555,0.519487202167511
YLR098C,YMR264W,0,-7.5281076,0.1501362919807434,0.9179487228393555,0.5196154117584229
YDR421W,YDR483W,0,-7.528263,0.150104820728302,0.9179487228393555,0.5197435617446899
YKL179C,YPR140W,0,-7.5287075,0.1500733643770218,0.9179487228393555,0.5198717713356018
YOL123W,YOR307C,0,-7.5287476,0.15004190802574158,0.9179487228393555,0.5199999809265137
YAL032C,YOR110W,0,-7.530161,0.15001048147678375,0.9179487228393555,0.5201281905174255
YNL220W,YHR142W,0,-7.530591,0.14997905492782593,0.9179487228393555,0.5202564001083374
YPL267W,YLR417W,0,-7.530655,0.1499476432800293,0.9179487228393555,0.5203846096992493
YPL008W,YLR346C,0,-7.5310154,0.14991624653339386,0.9179487228393555,0.5205128192901611
YDR151C,YBR152W,0,-7.5315924,0.14988486468791962,0.9179487228393555,0.520641028881073
YPR167C,YLL036C,0,-7.531724,0.14985349774360657,0.9179487228393555,0.5207692384719849
YNR049C,YIL114C,0,-7.53199,0.1498221457004547,0.9179487228393555,0.5208974480628967
YJL209W,YHR041C,0,-7.5323343,0.14979079365730286,0.9179487228393555,0.5210256576538086
YCL004W,YNL243W,0,-7.5331364,0.1497594714164734,0.9179487228393555,0.5211538672447205
YMR109W,YDR201W,0,-7.5339584,0.14972814917564392,0.9179487228393555,0.5212820768356323
YLR353W,YKL038W,0,-7.534607,0.14969684183597565,0.9179487228393555,0.5214102268218994
YIL132C,YPL053C,0,-7.5346994,0.14966554939746857,0.9179487228393555,0.5215384364128113
YOR031W,YHR102W,0,-7.5350685,0.14963427186012268,0.9179487228393555,0.5216666460037231
YDR123C,YPL058C,0,-7.535968,0.149603009223938,0.9179487228393555,0.521794855594635
YLR286C,YPR031W,0,-7.536998,0.1495717614889145,0.9179487228393555,0.5219230651855469
YJR055W,YGL178W,0,-7.5381393,0.149540513753891,0.9179487228393555,0.5220512747764587
YOL068C,YGR152C,0,-7.5383787,0.14950929582118988,0.9179487228393555,0.5221794843673706
YLR378C,YDR207C,0,-7.5385103,0.14947807788848877,0.9179487228393555,0.5223076939582825
YPL021W,YFR048W,0,-7.5385466,0.14944687485694885,0.9179487228393555,0.5224359035491943
YGL022W,YDL244W,0,-7.5386963,0.14941568672657013,0.9179487228393555,0.5225641131401062
YKL135C,YJR022W,0,-7.5393076,0.1493845134973526,0.9179487228393555,0.5226923227310181
YKL012W,YNL241C,0,-7.5398903,0.14935335516929626,0.9179487228393555,0.5228205323219299
YIR002C,YCR009C,0,-7.540697,0.14932221174240112,0.9179487228393555,0.5229487419128418
YJL042W,YBR035C,0,-7.540967,0.14929108321666718,0.9179487228393555,0.5230769515037537
YKL038W,YNL257C,0,-7.541176,0.14925995469093323,0.9179487228393555,0.5232051014900208
YPR119W,YPL231W,0,-7.5420036,0.14922884106636047,0.9179487228393555,0.5233333110809326
YNL214W,YLL040C,0,-7.5422297,0.1491977423429489,0.9179487228393555,0.5234615206718445
YDR160W,YGL112C,0,-7.542548,0.14916667342185974,0.9179487228393555,0.5235897302627563
YDR483W,YDR488C,0,-7.544037,0.14913558959960938,0.9179487228393555,0.5237179398536682
YDL126C,YOR245C,0,-7.544366,0.1491045355796814,0.9179487228393555,0.5238461494445801
YGR275W,YJR104C,0,-7.5457067,0.1490734964609146,0.9179487228393555,0.5239743590354919
YCR026C,YKR002W,0,-7.545924,0.14904245734214783,0.9179487228393555,0.5241025686264038
YOL059W,YIL046W,0,-7.5469313,0.14901144802570343,0.9179487228393555,0.5242307782173157
YKL049C,YDR425W,0,-7.547533,0.14898043870925903,0.9179487228393555,0.5243589878082275
YBL052C,YPR036W,0,-7.5477514,0.14894944429397583,0.9179487228393555,0.5244871973991394
YKR095W,YCR009C,0,-7.548213,0.14891846477985382,0.9179487228393555,0.5246154069900513
YGR192C,YCL062W,0,-7.5482216,0.148887500166893,0.9179487228393555,0.5247436165809631
YJR050W,YMR047C,0,-7.548299,0.14885655045509338,0.9179487228393555,0.5248717665672302
YKL182W,YHR206W,0,-7.5484037,0.14882560074329376,0.9179487228393555,0.5249999761581421
YJR009C,YOL072W,0,-7.549224,0.14879468083381653,0.9179487228393555,0.525128185749054
YNL161W,YGL201C,0,-7.549382,0.1487637609243393,0.9179487228393555,0.5252563953399658
YOR377W,YDR096W,0,-7.549473,0.14873285591602325,0.9179487228393555,0.5253846049308777
YBR170C,YBR105C,0,-7.5499573,0.1487019658088684,0.9179487228393555,0.5255128145217896
YBR160W,YJR093C,0,-7.550088,0.14867109060287476,0.9179487228393555,0.5256410241127014
YEL036C,YJL127C,0,-7.550167,0.1486402302980423,0.9179487228393555,0.5257692337036133
YAL007C,YGR276C,0,-7.552513,0.14860938489437103,0.9179487228393555,0.5258974432945251
YNL262W,YER161C,0,-7.5531034,0.14857853949069977,0.9179487228393555,0.526025652885437
YOR363C,YOR043W,0,-7.554413,0.1485477238893509,0.9179487228393555,0.5261538624763489
YDL142C,YEL020W-A,0,-7.55449,0.14851690828800201,0.9179487228393555,0.5262820720672607
YJL034W,YDL042C,0,-7.5545664,0.14848610758781433,0.9179487228393555,0.5264102816581726
YLR155C,YKL022C,0,-7.5563583,0.14845532178878784,0.9179487228393555,0.5265384912490845
YDL175C,YPL135W,0,-7.556388,0.14842455089092255,0.9179487228393555,0.5266666412353516
YER003C,YDR394W,0,-7.556775,0.14839377999305725,0.9179487228393555,0.5267948508262634
YNL297C,YER075C,0,-7.5575,0.14836303889751434,0.9179487228393555,0.5269230604171753
YPL267W,YNL259C,0,-7.5581093,0.14833229780197144,0.9179487228393555,0.5270512700080872
YPR171W,YGR188C,0,-7.559167,0.14830157160758972,0.9179487228393555,0.527179479598999
YDR283C,YMR079W,0,-7.5605564,0.1482708603143692,0.9179487228393555,0.5273076891899109
YHL022C,YCL032W,0,-7.561944,0.14824016392230988,0.9179487228393555,0.5274358987808228
YPR025C,YMR026C,0,-7.562149,0.14820948243141174,0.9179487228393555,0.5275641083717346
YGL190C,YBR081C,0,-7.5626793,0.1481788009405136,0.9179487228393555,0.5276923179626465
YCR082W,YOR032C,0,-7.5627174,0.14814814925193787,0.9179487228393555,0.5278205275535583
YOR011W,YOL044W,0,-7.5627317,0.14811749756336212,0.9179487228393555,0.5279487371444702
YER040W,YMR091C,0,-7.56332,0.14808686077594757,0.9179487228393555,0.5280769467353821
YDL017W,YOR355W,0,-7.563546,0.1480562388896942,0.9179487228393555,0.528205156326294
YNL278W,YLR154C,0,-7.563961,0.14802563190460205,0.9179487228393555,0.528333306312561
YPL233W,YJL029C,0,-7.5650473,0.14799503982067108,0.9179487228393555,0.5284615159034729
YBL071W-A,YOL110W,0,-7.5651045,0.1479644626379013,0.9179487228393555,0.5285897254943848
YDR254W,YEL030W,0,-7.567191,0.14793388545513153,0.9179487228393555,0.5287179350852966
YOL008W,YIL143C,0,-7.567523,0.14790332317352295,0.9179487228393555,0.5288461446762085
YLR429W,YDR425W,0,-7.5675287,0.14787277579307556,0.9179487228393555,0.5289743542671204
YKL176C,YJR074W,0,-7.5675993,0.14784224331378937,0.9179487228393555,0.5291025638580322
YOL040C,YNL287W,0,-7.567664,0.14781172573566437,0.9179487228393555,0.5292307734489441
YGL187C,YPL258C,0,-7.569189,0.14778122305870056,0.9179487228393555,0.529358983039856
YDR017C,YML123C,0,-7.570097,0.14775072038173676,0.9179487228393555,0.5294871926307678
YGR055W,YDR172W,0,-7.5704165,0.14772023260593414,0.9179487228393555,0.5296154022216797
YHR115C,YFL060C,0,-7.571582,0.14768977463245392,0.9179487228393555,0.5297436118125916
YGR193C,YJL139C,0,-7.572015,0.1476593166589737,0.9179487228393555,0.5298718214035034
YBL045C,YLR298C,0,-7.572733,0.14762885868549347,0.9179487228393555,0.5299999713897705
YJL034W,YDR457W,0,-7.573823,0.14759843051433563,0.9179487228393555,0.5301281809806824
YGR038W,YCR053W,0,-7.574505,0.147568017244339,0.9179487228393555,0.5302563905715942
YGR091W,YOR279C,0,-7.574546,0.14753760397434235,0.9179487228393555,0.5303846001625061
YKL062W,YFR052W,0,-7.574831,0.1475072056055069,0.9179487228393555,0.530512809753418
YOR150W,YDR418W,1,-7.5752983,0.1476828008890152,0.9192307591438293,0.530512809753418
YGR180C,YMR241W,0,-7.576473,0.14765238761901855,0.9192307591438293,0.5306410193443298
YLR270W,YOR110W,0,-7.5767374,0.1476219892501831,0.9192307591438293,0.5307692289352417
YML051W,YGR033C,0,-7.576887,0.14759160578250885,0.9192307591438293,0.5308974385261536
YLR228C,YJL047C,0,-7.5769644,0.1475612223148346,0.9192307591438293,0.5310256481170654
YJL099W,YMR052W,0,-7.578127,0.14753086864948273,0.9192307591438293,0.5311538577079773
YFL008W,YOR290C,0,-7.5782623,0.14750051498413086,0.9192307591438293,0.5312820672988892
YJR094C,YNL049C,0,-7.5783453,0.14747017621994019,0.9192307591438293,0.531410276889801
YBR296C,YAR031W,0,-7.578665,0.1474398523569107,0.9192307591438293,0.5315384864807129
YLR399C,YJL134W,0,-7.578759,0.14740954339504242,0.9192307591438293,0.5316666960716248
YKL029C,YOL111C,0,-7.579113,0.14737923443317413,0.9192307591438293,0.5317948460578918
YGR286C,YER114C,0,-7.5792484,0.14734895527362823,0.9192307591438293,0.5319230556488037
YOR002W,YOR018W,0,-7.5792694,0.14731867611408234,0.9192307591438293,0.5320512652397156
YER040W,YPL026C,0,-7.5801516,0.14728841185569763,0.9192307591438293,0.5321794748306274
YDR072C,YLR059C,0,-7.580303,0.14725816249847412,0.9192307591438293,0.5323076844215393
YLL006W,YPL179W,0,-7.5806665,0.1472279280424118,0.9192307591438293,0.5324358940124512
YGL124C,YBR130C,0,-7.580695,0.1471976935863495,0.9192307591438293,0.532564103603363
YBR218C,YHL009C,0,-7.5809,0.14716748893260956,0.9192307591438293,0.5326923131942749
YBR145W,YDR170C,0,-7.581152,0.14713728427886963,0.9192307591438293,0.5328205227851868
YER110C,YFL003C,0,-7.58191,0.1471070945262909,0.9192307591438293,0.5329487323760986
YGR278W,YFR030W,0,-7.5827513,0.14707691967487335,0.9192307591438293,0.5330769419670105
YCR091W,YNL078W,0,-7.5829306,0.147046759724617,0.9192307591438293,0.5332051515579224
YGR129W,YNL197C,0,-7.5833454,0.14701661467552185,0.9192307591438293,0.5333333611488342
YPL137C,YAL055W,0,-7.5836306,0.1469864696264267,0.9192307591438293,0.5334615111351013
YML048W,YKL051W,0,-7.5842266,0.14695633947849274,0.9192307591438293,0.5335897207260132
YKL125W,YOL034W,0,-7.5858583,0.14692622423171997,0.9192307591438293,0.533717930316925
YEL030W,YIL038C,0,-7.5864744,0.1468961238861084,0.9192307591438293,0.5338461399078369
YKL176C,YDL044C,0,-7.5871935,0.14686603844165802,0.9192307591438293,0.5339743494987488
YDL100C,YLL034C,0,-7.587412,0.14683596789836884,0.9192307591438293,0.5341025590896606
YBL013W,YHR062C,0,-7.5877943,0.14680589735507965,0.9192307591438293,0.5342307686805725
YAL003W,YPL075W,0,-7.587902,0.14677584171295166,0.9192307591438293,0.5343589782714844
YBR118W,YPL253C,0,-7.588258,0.14674580097198486,0.9192307591438293,0.5344871878623962
YOR130C,YLR181C,0,-7.588458,0.14671577513217926,0.9192307591438293,0.5346153974533081
YOR085W,YPL063W,0,-7.5886135,0.14668576419353485,0.9192307591438293,0.53474360704422
YAL021C,YIL016W,0,-7.5896854,0.14665575325489044,0.9192307591438293,0.5348718166351318
YJL207C,YHR163W,0,-7.589902,0.14662577211856842,0.9192307591438293,0.5350000262260437
YER167W,YDR427W,0,-7.590004,0.1465957909822464,0.9192307591438293,0.5351281762123108
YFL025C,YLR292C,0,-7.5914526,0.14656582474708557,0.9192307591438293,0.5352563858032227
YBR133C,YPR161C,0,-7.592991,0.14653587341308594,0.9192307591438293,0.5353845953941345
YKR042W,YAL002W,0,-7.5931377,0.1465059220790863,0.9192307591438293,0.5355128049850464
YOL095C,YKL195W,0,-7.593562,0.14647600054740906,0.9192307591438293,0.5356410145759583
YDR345C,YKL140W,0,-7.59486,0.1464460790157318,0.9192307591438293,0.5357692241668701
YLR131C,YCR009C,0,-7.5949984,0.14641617238521576,0.9192307591438293,0.535897433757782
YKL073W,YER007W,0,-7.595319,0.1463862806558609,0.9192307591438293,0.5360256433486938
YNL041C,YLR066W,0,-7.5953436,0.14635640382766724,0.9192307591438293,0.5361538529396057
YBR035C,YMR088C,0,-7.59548,0.14632652699947357,0.9192307591438293,0.5362820625305176
YJL101C,YER018C,0,-7.5957212,0.1462966799736023,0.9192307591438293,0.5364102721214294
YBL078C,YDR314C,0,-7.5959625,0.14626683294773102,0.9192307591438293,0.5365384817123413
YFR041C,YKL196C,0,-7.5960617,0.14623700082302094,0.9192307591438293,0.5366666913032532
YOL165C,YOR075W,0,-7.596077,0.14620718359947205,0.9192307591438293,0.536794900894165
YLR394W,YJR046W,0,-7.5961943,0.14617736637592316,0.9192307591438293,0.5369230508804321
YOR388C,YLL031C,0,-7.5964403,0.14614757895469666,0.9192307591438293,0.537051260471344
YHR042W,YHR056C,0,-7.597766,0.14611779153347015,0.9192307591438293,0.5371794700622559
YOL116W,YMR026C,0,-7.598957,0.14608801901340485,0.9192307591438293,0.5373076796531677
YDR376W,YGR262C,0,-7.5990257,0.14605826139450073,0.9192307591438293,0.5374358892440796
YCR037C,YCR018C,0,-7.5998,0.1460285186767578,0.9192307591438293,0.5375640988349915
YOL086C,YGR166W,0,-7.6000814,0.1459987759590149,0.9192307591438293,0.5376923084259033
YDL078C,YGL178W,0,-7.600113,0.14596904814243317,0.9192307591438293,0.5378205180168152
YHR074W,YML021C,0,-7.6002035,0.14593935012817383,0.9192307591438293,0.537948727607727
YML016C,YIL126W,0,-7.600278,0.1459096521139145,0.9192307591438293,0.5380769371986389
YDR071C,YMR243C,0,-7.601467,0.14587995409965515,0.9192307591438293,0.5382051467895508
YLR157C,YPL258C,0,-7.6014853,0.1458502858877182,0.9192307591438293,0.5383333563804626
YKR086W,YAL005C,0,-7.601818,0.14582061767578125,0.9192307591438293,0.5384615659713745
YPR025C,YJL164C,0,-7.6018867,0.1457909792661667,0.9192307591438293,0.5385897159576416
YBL090W,YJL089W,0,-7.601922,0.14576134085655212,0.9192307591438293,0.5387179255485535
YCR073C,YOR084W,0,-7.6020546,0.14573170244693756,0.9192307591438293,0.5388461351394653
YCR071C,YDR086C,0,-7.60244,0.14570209383964539,0.9192307591438293,0.5389743447303772
YLR385C,YDR495C,0,-7.602474,0.1456724852323532,0.9192307591438293,0.5391025543212891
YFL023W,YLR182W,0,-7.603017,0.14564290642738342,0.9192307591438293,0.5392307639122009
YBR215W,YKR002W,0,-7.603096,0.14561332762241364,0.9192307591438293,0.5393589735031128
YGL240W,YKR002W,0,-7.603362,0.14558376371860504,0.9192307591438293,0.5394871830940247
YER018C,YOR212W,0,-7.6036806,0.14555419981479645,0.9192307591438293,0.5396153926849365
YNL274C,YML032C,0,-7.603836,0.14552466571331024,0.9192307591438293,0.5397436022758484
YKR061W,YJL204C,0,-7.6042547,0.14549513161182404,0.9192307591438293,0.5398718118667603
YOR079C,YOR123C,0,-7.60528,0.14546561241149902,0.9192307591438293,0.5400000214576721
YDR414C,YKL070W,0,-7.605382,0.1454361081123352,0.9192307591438293,0.540128231048584
YDL137W,YDR167W,0,-7.605564,0.1454066038131714,0.9192307591438293,0.5402563810348511
YDR334W,YAR010C,0,-7.60579,0.14537712931632996,0.9192307591438293,0.5403845906257629
YNL065W,YDL033C,0,-7.6058664,0.14534765481948853,0.9192307591438293,0.5405128002166748
YOL043C,YOL128C,0,-7.6064005,0.1453181952238083,0.9192307591438293,0.5406410098075867
YFR036W,YOR381W,0,-7.6064625,0.14528875052928925,0.9192307591438293,0.5407692193984985
YJR084W,YLL036C,0,-7.6066294,0.1452593207359314,0.9192307591438293,0.5408974289894104
YDR126W,YMR218C,0,-7.6069937,0.14522989094257355,0.9192307591438293,0.5410256385803223
YGR177C,YCR077C,0,-7.6072397,0.14520049095153809,0.9192307591438293,0.5411538481712341
YOR046C,YOR201C,0,-7.607538,0.14517109096050262,0.9192307591438293,0.541282057762146
YMR232W,YNL243W,0,-7.6087923,0.14514170587062836,0.9192307591438293,0.5414102673530579
YOR011W,YLR154C,0,-7.609086,0.1451123207807541,0.9192307591438293,0.5415384769439697
YKL130C,YGR221C,0,-7.609207,0.1450829654932022,0.9192307591438293,0.5416666865348816
YIR005W,YBR212W,0,-7.6093016,0.14505361020565033,0.9192307591438293,0.5417948961257935
YPR082C,YKL125W,0,-7.6094856,0.14502426981925964,0.9192307591438293,0.5419231057167053
YMR309C,YOR191W,0,-7.6098213,0.14499494433403015,0.9192307591438293,0.5420512557029724
YAL034W-A,YOL128C,0,-7.6098614,0.14496563374996185,0.9192307591438293,0.5421794652938843
YBL051C,YDR427W,0,-7.6100655,0.14493632316589355,0.9192307591438293,0.5423076748847961
YJL050W,YGR274C,0,-7.6101294,0.14490702748298645,0.9192307591438293,0.542435884475708
YJR092W,YDR518W,0,-7.6107397,0.14487774670124054,0.9192307591438293,0.5425640940666199
YOR329C,YFL059W,0,-7.611128,0.14484848082065582,0.9192307591438293,0.5426923036575317
YDR216W,YDL077C,0,-7.6129265,0.1448192298412323,0.9192307591438293,0.5428205132484436
YKR065C,YJR007W,0,-7.613574,0.14478997886180878,0.9192307591438293,0.5429487228393555
YNL199C,YNL126W,0,-7.6141872,0.14476075768470764,0.9192307591438293,0.5430769324302673
YPL190C,YHR048W,0,-7.6146145,0.1447315365076065,0.9192307591438293,0.5432051420211792
YLL026W,YER074W-A,0,-7.615547,0.14470231533050537,0.9192307591438293,0.5433333516120911
YMR041C,YOR377W,0,-7.615738,0.14467312395572662,0.9192307591438293,0.5434615612030029
YAL038W,YMR058W,0,-7.616275,0.14464393258094788,0.9192307591438293,0.5435897707939148
YBR036C,YER012W,0,-7.6172113,0.14461477100849152,0.9192307591438293,0.5437179207801819
YOR130C,YDR135C,0,-7.617777,0.14458559453487396,0.9192307591438293,0.5438461303710938
YBL005W,YBR280C,0,-7.617916,0.1445564478635788,0.9192307591438293,0.5439743399620056
YOR322C,YIL029C,0,-7.617963,0.14452731609344482,0.9192307591438293,0.5441025495529175
YBR131W,YDL150W,0,-7.6181087,0.14449818432331085,0.9192307591438293,0.5442307591438293
YBR057C,YML055W,0,-7.6182766,0.14446906745433807,0.9192307591438293,0.5443589687347412
YBR020W,YJL004C,0,-7.618582,0.1444399654865265,0.9192307591438293,0.5444871783256531
YIR013C,YPL147W,0,-7.619829,0.1444108784198761,0.9192307591438293,0.5446153879165649
YPL015C,YAR018C,0,-7.62041,0.1443817913532257,0.9192307591438293,0.5447435975074768
YLR210W,YDR164C,0,-7.6215477,0.1443527340888977,0.9192307591438293,0.5448718070983887
YPR034W,YOR068C,0,-7.622756,0.1443236768245697,0.9192307591438293,0.5450000166893005
YPR135W,YML105C,0,-7.623336,0.1442946195602417,0.9192307591438293,0.5451282262802124
YER164W,YBR192W,0,-7.6237965,0.14426559209823608,0.9192307591438293,0.5452564358711243
YNL042W,YDR221W,0,-7.6243706,0.14423657953739166,0.9192307591438293,0.5453845858573914
YPL116W,YDR443C,0,-7.624403,0.14420756697654724,0.9192307591438293,0.5455127954483032
YHR174W,YLR382C,0,-7.624547,0.144178569316864,0.9192307591438293,0.5456410050392151
YOR011W,YKL122C,0,-7.6250916,0.1441495716571808,0.9192307591438293,0.545769214630127
YMR100W,YLR182W,0,-7.6256514,0.14412060379981995,0.9192307591438293,0.5458974242210388
YPR101W,YOR083W,0,-7.626505,0.1440916359424591,0.9192307591438293,0.5460256338119507
YDL198C,YML103C,0,-7.6274605,0.14406268298625946,0.9192307591438293,0.5461538434028625
YGR289C,YCL017C,0,-7.6278915,0.144033744931221,0.9192307591438293,0.5462820529937744
YGL240W,YML043C,0,-7.628793,0.14400482177734375,0.9192307591438293,0.5464102625846863
YER114C,YDR189W,0,-7.6288586,0.1439758986234665,0.9192307591438293,0.5465384721755981
YGL030W,YPR086W,0,-7.629529,0.14394700527191162,0.9192307591438293,0.54666668176651
YBR023C,YAR008W,0,-7.6300135,0.14391811192035675,0.9192307591438293,0.5467948913574219
YBR020W,YPR067W,0,-7.630165,0.14388921856880188,0.9192307591438293,0.5469231009483337
YML071C,YGL212W,0,-7.6304817,0.1438603550195694,0.9192307591438293,0.5470513105392456
YPL031C,YLR090W,0,-7.631218,0.14383149147033691,0.9192307591438293,0.5471794605255127
YDL088C,YML052W,0,-7.631528,0.14380264282226562,0.9192307591438293,0.5473076701164246
YPL116W,YGL004C,0,-7.632674,0.14377380907535553,0.9192307591438293,0.5474358797073364
YHR186C,YCL059C,0,-7.6332893,0.14374499022960663,0.9192307591438293,0.5475640892982483
YHR043C,YPR125W,0,-7.6333857,0.14371617138385773,0.9192307591438293,0.5476922988891602
YGR036C,YPL033C,0,-7.6337004,0.14368736743927002,0.9192307591438293,0.547820508480072
YMR204C,YOR162C,0,-7.633788,0.1436585783958435,0.9192307591438293,0.5479487180709839
YKL017C,YNL218W,0,-7.635316,0.14362980425357819,0.9192307591438293,0.5480769276618958
YMR080C,YLR453C,0,-7.636115,0.14360104501247406,0.9192307591438293,0.5482051372528076
YDR423C,YNL313C,0,-7.636652,0.14357228577136993,0.9192307591438293,0.5483333468437195
YNR060W,YHR074W,0,-7.636673,0.143543541431427,0.9192307591438293,0.5484615564346313
YFR030W,YML103C,0,-7.6373577,0.14351481199264526,0.9192307591438293,0.5485897660255432
YGR230W,YBR265W,0,-7.637723,0.14348609745502472,0.9192307591438293,0.5487179756164551
YGL019W,YOR256C,0,-7.638507,0.14345738291740417,0.9192307591438293,0.5488461256027222
YKR027W,YCL035C,0,-7.638727,0.14342868328094482,0.9192307591438293,0.548974335193634
YMR236W,YDR212W,0,-7.638853,0.14339999854564667,0.9192307591438293,0.5491025447845459
YGR286C,YJL085W,0,-7.6389475,0.1433713287115097,0.9192307591438293,0.5492307543754578
YDL192W,YDR377W,0,-7.63922,0.14334265887737274,0.9192307591438293,0.5493589639663696
YMR036C,YHR079C-A,0,-7.63937,0.14331401884555817,0.9192307591438293,0.5494871735572815
YNL327W,YPL262W,0,-7.6398315,0.1432853788137436,0.9192307591438293,0.5496153831481934
YML005W,YNL229C,0,-7.6409664,0.14325673878192902,0.9192307591438293,0.5497435927391052
YMR298W,YDR235W,0,-7.6412296,0.14322812855243683,0.9192307591438293,0.5498718023300171
YHR036W,YDL028C,0,-7.6413555,0.14319951832294464,0.9192307591438293,0.550000011920929
YER173W,YMR059W,0,-7.6417246,0.14317092299461365,0.9192307591438293,0.5501282215118408
YER174C,YDR251W,0,-7.6419754,0.14314234256744385,0.9192307591438293,0.5502564311027527
YLR265C,YNL079C,0,-7.642663,0.14311377704143524,0.9192307591438293,0.5503846406936646
YER155C,YNL222W,0,-7.642848,0.14308521151542664,0.9192307591438293,0.5505128502845764
YDR153C,YPL135W,0,-7.643235,0.14305666089057922,0.9192307591438293,0.5506410002708435
YGL129C,YKL212W,0,-7.643236,0.143028125166893,0.9192307591438293,0.5507692098617554
YPR134W,YDR150W,0,-7.6435156,0.14299960434436798,0.9192307591438293,0.5508974194526672
YBR200W,YPL152W,0,-7.643634,0.14297108352184296,0.9192307591438293,0.5510256290435791
YGL004C,YOR084W,0,-7.6439676,0.14294257760047913,0.9192307591438293,0.551153838634491
YOR351C,YNL247W,0,-7.644205,0.1429140865802765,0.9192307591438293,0.5512820482254028
YOR150W,YEL054C,1,-7.644229,0.14308489859104156,0.9205127954483032,0.5512820482254028
YMR153W,YJL117W,0,-7.6450434,0.14305639266967773,0.9205127954483032,0.5514102578163147
YOR063W,YPL193W,1,-7.645055,0.14322708547115326,0.9217948913574219,0.5514102578163147
YLR256W,YDR103W,0,-7.6459236,0.14319856464862823,0.9217948913574219,0.5515384674072266
YDR252W,YDR439W,0,-7.6460676,0.1431700587272644,0.9217948913574219,0.5516666769981384
YHR092C,YIR015W,0,-7.646413,0.14314155280590057,0.9217948913574219,0.5517948865890503
YDR252W,YHR039C,0,-7.646702,0.14311306178569794,0.9217948913574219,0.5519230961799622
YFL022C,YDR409W,0,-7.647002,0.1430845707654953,0.9217948913574219,0.552051305770874
YML078W,YGL012W,0,-7.64713,0.14305610954761505,0.9217948913574219,0.5521795153617859
YJL020C,YDR170C,0,-7.6473618,0.1430276483297348,0.9217948913574219,0.552307665348053
YLR355C,YJL222W,0,-7.6474953,0.14299920201301575,0.9217948913574219,0.5524358749389648
YGR121C,YDR362C,0,-7.6478024,0.14297077059745789,0.9217948913574219,0.5525640845298767
YNL188W,YDR076W,0,-7.648099,0.14294233918190002,0.9217948913574219,0.5526922941207886
YLR411W,YGR197C,0,-7.6487894,0.14291393756866455,0.9217948913574219,0.5528205037117004
YOL145C,YDR494W,0,-7.6491413,0.14288553595542908,0.9217948913574219,0.5529487133026123
YKL026C,YMR088C,0,-7.6507473,0.1428571492433548,0.9217948913574219,0.5530769228935242
YNL201C,YLR090W,0,-7.6509876,0.14282876253128052,0.9217948913574219,0.553205132484436
YPL031C,YGR091W,0,-7.65178,0.14280039072036743,0.9217948913574219,0.5533333420753479
YLR429W,YIR017C,0,-7.653737,0.14277204871177673,0.9217948913574219,0.5534615516662598
YEL036C,YDR194C,0,-7.6548653,0.14274369180202484,0.9217948913574219,0.5535897612571716
YDR434W,YMR216C,0,-7.655057,0.14271536469459534,0.9217948913574219,0.5537179708480835
YJR053W,YOR294W,0,-7.6551685,0.14268703758716583,0.9217948913574219,0.5538461804389954
YCR039C,YHR194W,0,-7.655325,0.14265872538089752,0.9217948913574219,0.5539743304252625
YDR178W,YGR270W,0,-7.6554775,0.1426304280757904,0.9217948913574219,0.5541025400161743
YEL030W,YBR296C,0,-7.655507,0.14260214567184448,0.9217948913574219,0.5542307496070862
YNL307C,YDR073W,0,-7.655608,0.14257386326789856,0.9217948913574219,0.554358959197998
YFL050C,YHR023W,0,-7.6557465,0.14254559576511383,0.9217948913574219,0.5544871687889099
YLR451W,YOR143C,0,-7.655877,0.1425173431634903,0.9217948913574219,0.5546153783798218
YJL214W,YBR296C,0,-7.656062,0.14248910546302795,0.9217948913574219,0.5547435879707336
YFL050C,YPR025C,0,-7.657716,0.1424608677625656,0.9217948913574219,0.5548717975616455
YPR068C,YFR003C,0,-7.6577873,0.14243264496326447,0.9217948913574219,0.5550000071525574
YPR176C,YPR033C,0,-7.6579857,0.1424044370651245,0.9217948913574219,0.5551282167434692
YBR023C,YDL134C,0,-7.6580477,0.14237624406814575,0.9217948913574219,0.5552564263343811
YDR439W,YDR265W,0,-7.6590652,0.142348051071167,0.9217948913574219,0.555384635925293
YJL194W,YDL245C,0,-7.6596336,0.14231987297534943,0.9217948913574219,0.5555128455162048
YKR066C,YIL023C,0,-7.6597414,0.14229170978069305,0.9217948913574219,0.5556410551071167
YJR131W,YHR048W,0,-7.659995,0.14226354658603668,0.9217948913574219,0.5557692050933838
YML071C,YPL231W,0,-7.660268,0.1422354131937027,0.9217948913574219,0.5558974146842957
YDR427W,YJR010C-A,0,-7.6610413,0.1422072798013687,0.9217948913574219,0.5560256242752075
YDR411C,YGR197C,0,-7.662036,0.14217916131019592,0.9217948913574219,0.5561538338661194
YBL090W,YOR210W,0,-7.662093,0.14215104281902313,0.9217948913574219,0.5562820434570312
YIL075C,YBR182C,0,-7.662326,0.14212295413017273,0.9217948913574219,0.5564102530479431
YIL167W,YOL102C,0,-7.663373,0.14209486544132233,0.9217948913574219,0.556538462638855
YPR094W,YNL313C,0,-7.663431,0.14206679165363312,0.9217948913574219,0.5566666722297668
YPR120C,YDR179C,0,-7.664179,0.1420387178659439,0.9217948913574219,0.5567948818206787
YGR002C,YIL135C,0,-7.664485,0.1420106589794159,0.9217948913574219,0.5569230914115906
YGR286C,YBR179C,0,-7.6649084,0.14198261499404907,0.9217948913574219,0.5570513010025024
YDR365C,YOR334W,0,-7.66508,0.14195458590984344,0.9217948913574219,0.5571795105934143
YOR201C,YCR053W,0,-7.6654644,0.141926571726799,0.9217948913574219,0.5573077201843262
YGL208W,YMR095C,0,-7.6654854,0.14189855754375458,0.9217948913574219,0.5574358701705933
YJL092W,YHR067W,0,-7.6661777,0.14187055826187134,0.9217948913574219,0.5575640797615051
YHR169W,YLL056C,0,-7.666301,0.1418425738811493,0.9217948913574219,0.557692289352417
YDL143W,YAL068C,0,-7.6664934,0.14181458950042725,0.9217948913574219,0.5578204989433289
YDL056W,YGR056W,0,-7.6676216,0.1417866349220276,0.9217948913574219,0.5579487085342407
YDR081C,YDR076W,0,-7.667861,0.14175868034362793,0.9217948913574219,0.5580769181251526
YJR092W,YGR274C,0,-7.6679564,0.14173072576522827,0.9217948913574219,0.5582051277160645
YMR043W,YDR228C,0,-7.668008,0.141702800989151,0.9217948913574219,0.5583333373069763
YPL187W,YGR221C,0,-7.6684,0.14167487621307373,0.9217948913574219,0.5584615468978882
YLR196W,YDL033C,0,-7.6685247,0.14164696633815765,0.9217948913574219,0.5585897564888
YML048W,YBR231C,0,-7.669179,0.14161907136440277,0.9217948913574219,0.5587179660797119
YOR237W,YHR070W,0,-7.6694803,0.1415911763906479,0.9217948913574219,0.5588461756706238
YMR119W,YJL117W,0,-7.669712,0.1415632963180542,0.9217948913574219,0.5589743852615356
YNL325C,YGL127C,0,-7.6698895,0.1415354311466217,0.9217948913574219,0.5591025352478027
YGL244W,YKR020W,0,-7.6702595,0.1415075808763504,0.9217948913574219,0.5592307448387146
YLR431C,YKL188C,0,-7.6705084,0.1414797306060791,0.9217948913574219,0.5593589544296265
YLR134W,YNR026C,0,-7.670907,0.141451895236969,0.9217948913574219,0.5594871640205383
YNL318C,YHR001W-A,0,-7.6710873,0.14142407476902008,0.9217948913574219,0.5596153736114502
YLR098C,YNL267W,0,-7.6718187,0.14139626920223236,0.9217948913574219,0.5597435832023621
YGL253W,YOL045W,0,-7.6719217,0.14136846363544464,0.9217948913574219,0.5598717927932739
YIL009C-A,YEL062W,0,-7.6735525,0.14134067296981812,0.9217948913574219,0.5600000023841858
YMR014W,YMR182C,0,-7.673914,0.14131289720535278,0.9217948913574219,0.5601282119750977
YKL011C,YMR231W,0,-7.6740713,0.14128512144088745,0.9217948913574219,0.5602564215660095
YJL146W,YAR002W,0,-7.6741343,0.1412573605775833,0.9217948913574219,0.5603846311569214
YOR039W,YPL170W,0,-7.674284,0.14122961461544037,0.9217948913574219,0.5605128407478333
YDL161W,YOL076W,0,-7.6743555,0.14120188355445862,0.9217948913574219,0.5606410503387451
YMR232W,YOR269W,0,-7.6744547,0.14117416739463806,0.9217948913574219,0.560769259929657
YOR349W,YDR159W,0,-7.6747313,0.1411464512348175,0.9217948913574219,0.5608974099159241
YOR226C,YER006W,0,-7.6749935,0.14111874997615814,0.9217948913574219,0.5610256195068359
YJL058C,YJL074C,0,-7.675419,0.14109104871749878,0.9217948913574219,0.5611538290977478
YDR420W,YLR035C,0,-7.675909,0.1410633772611618,0.9217948913574219,0.5612820386886597
YNL225C,YHR084W,0,-7.6761074,0.14103570580482483,0.9217948913574219,0.5614102482795715
YDL002C,YCR031C,0,-7.676461,0.14100803434848785,0.9217948913574219,0.5615384578704834
YBR274W,YHR108W,0,-7.6773157,0.14098039269447327,0.9217948913574219,0.5616666674613953
YBR041W,YOR130C,0,-7.67739,0.14095275104045868,0.9217948913574219,0.5617948770523071
YHR194W,YJR086W,0,-7.6778364,0.14092512428760529,0.9217948913574219,0.561923086643219
YNL245C,YNL079C,0,-7.677846,0.14089751243591309,0.9217948913574219,0.5620512962341309
YEL036C,YNL025C,0,-7.678218,0.1408699005842209,0.9217948913574219,0.5621795058250427
YDR168W,YLR081W,0,-7.6785793,0.14084231853485107,0.9217948913574219,0.5623077154159546
YMR036C,YMR069W,0,-7.679062,0.14081472158432007,0.9217948913574219,0.5624359250068665
YDR151C,YNL038W,0,-7.679165,0.14078715443611145,0.9217948913574219,0.5625640749931335
YMR013C,YNL167C,0,-7.6796055,0.14075958728790283,0.9217948913574219,0.5626922845840454
YJR031C,YGR055W,0,-7.6800623,0.1407320350408554,0.9217948913574219,0.5628204941749573
YOR058C,YNL030W,0,-7.6802416,0.14070449769496918,0.9217948913574219,0.5629487037658691
YKR068C,YJL112W,0,-7.680295,0.14067697525024414,0.9217948913574219,0.563076913356781
YOL076W,YPL118W,0,-7.6807003,0.1406494528055191,0.9217948913574219,0.5632051229476929
YPR023C,YPR134W,0,-7.680704,0.14062194526195526,0.9217948913574219,0.5633333325386047
YER106W,YMR117C,0,-7.680725,0.1405944526195526,0.9217948913574219,0.5634615421295166
YOL086C,YJL194W,0,-7.681446,0.14056695997714996,0.9217948913574219,0.5635897517204285
YNL262W,YGL126W,0,-7.681512,0.1405394822359085,0.9217948913574219,0.5637179613113403
YOR388C,YIL002C,0,-7.6816435,0.14051201939582825,0.9217948913574219,0.5638461709022522
YNL258C,YMR288W,0,-7.681691,0.14048457145690918,0.9217948913574219,0.5639743804931641
YOR334W,YAL032C,0,-7.6821337,0.1404571235179901,0.9217948913574219,0.5641025900840759
YHR074W,YGL144C,0,-7.682147,0.14042969048023224,0.9217948913574219,0.564230740070343
YER027C,YPR131C,0,-7.68272,0.14040227234363556,0.9217948913574219,0.5643589496612549
YNL049C,YER100W,0,-7.6829166,0.14037485420703888,0.9217948913574219,0.5644871592521667
YBL074C,YDL217C,0,-7.683321,0.1403474509716034,0.9217948913574219,0.5646153688430786
YNL278W,YMR095C,0,-7.6835947,0.1403200626373291,0.9217948913574219,0.5647435784339905
YIL018W,YJL052W,0,-7.6837997,0.140292689204216,0.9217948913574219,0.5648717880249023
YKL152C,YJL004C,0,-7.6839285,0.1402653157711029,0.9217948913574219,0.5649999976158142
YER026C,YMR236W,0,-7.6842165,0.140237957239151,0.9217948913574219,0.5651282072067261
YDR093W,YDR388W,0,-7.6843805,0.1402106136083603,0.9217948913574219,0.5652564167976379
YKL134C,YOL055C,0,-7.684699,0.14018326997756958,0.9217948913574219,0.5653846263885498
YLL050C,YPR132W,0,-7.68472,0.14015594124794006,0.9217948913574219,0.5655128359794617
YKR076W,YOR356W,0,-7.685441,0.14012862741947174,0.9217948913574219,0.5656410455703735
YBR256C,YOR261C,0,-7.6857815,0.1401013284921646,0.9217948913574219,0.5657692551612854
YPL053C,YDR081C,0,-7.6858196,0.14007402956485748,0.9217948913574219,0.5658974647521973
YJL134W,YDR381W,0,-7.6867,0.14004674553871155,0.9217948913574219,0.5660256147384644
YNL037C,YKL075C,0,-7.687005,0.1400194764137268,0.9217948913574219,0.5661538243293762
YDR081C,YIL160C,0,-7.6876106,0.13999220728874207,0.9217948913574219,0.5662820339202881
YOR288C,YBL011W,0,-7.688058,0.13996495306491852,0.9217948913574219,0.5664102435112
YAL047C,YNL045W,0,-7.6882477,0.13993771374225616,0.9217948913574219,0.5665384531021118
YLR144C,YBR082C,0,-7.6889124,0.139910489320755,0.9217948913574219,0.5666666626930237
YHR188C,YDR131C,0,-7.689106,0.13988326489925385,0.9217948913574219,0.5667948722839355
YMR281W,YJR153W,0,-7.6915293,0.13985605537891388,0.9217948913574219,0.5669230818748474
YJL058C,YIL021W,0,-7.6917543,0.1398288607597351,0.9217948913574219,0.5670512914657593
YDR038C,YLL038C,0,-7.6918707,0.13980166614055634,0.9217948913574219,0.5671795010566711
YJL210W,YOR018W,0,-7.6930704,0.13977450132369995,0.9217948913574219,0.567307710647583
YGL247W,YOR388C,0,-7.6932564,0.13974732160568237,0.9217948913574219,0.5674359202384949
YIL062C,YDR088C,0,-7.693754,0.13972017168998718,0.9217948913574219,0.5675641298294067
YAL058W,YLR208W,0,-7.6937838,0.139693021774292,0.9217948913574219,0.5676922798156738
YLR109W,YOR193W,0,-7.6942225,0.139665886759758,0.9217948913574219,0.5678204894065857
YGR098C,YGR078C,0,-7.6945505,0.1396387666463852,0.9217948913574219,0.5679486989974976
YLR011W,YNL290W,0,-7.6946993,0.1396116465330124,0.9217948913574219,0.5680769085884094
YLR318W,YJL210W,0,-7.694749,0.13958454132080078,0.9217948913574219,0.5682051181793213
YKL092C,YIL160C,0,-7.6947556,0.13955745100975037,0.9217948913574219,0.5683333277702332
YLR453C,YKL081W,0,-7.6951113,0.13953037559986115,0.9217948913574219,0.568461537361145
YOR377W,YDL130W-A,0,-7.6954203,0.13950330018997192,0.9217948913574219,0.5685897469520569
YOR322C,YBR275C,0,-7.6955137,0.1394762396812439,0.9217948913574219,0.5687179565429688
YDR296W,YMR322C,0,-7.6960106,0.13944917917251587,0.9217948913574219,0.5688461661338806
YOR249C,YGL207W,0,-7.6961355,0.13942214846611023,0.9217948913574219,0.5689743757247925
YAR008W,YDR088C,0,-7.6965456,0.1393951177597046,0.9217948913574219,0.5691025853157043
YMR188C,YGL212W,0,-7.69658,0.13936810195446014,0.9217948913574219,0.5692307949066162
YHL012W,YMR293C,0,-7.6967316,0.1393410861492157,0.9217948913574219,0.5693589448928833
YBR130C,YOR132W,0,-7.6980906,0.13931408524513245,0.9217948913574219,0.5694871544837952
YKR086W,YDR487C,0,-7.6988373,0.1392870992422104,0.9217948913574219,0.569615364074707
YDL002C,YML046W,0,-7.699833,0.13926011323928833,0.9217948913574219,0.5697435736656189
YOR085W,YLR008C,0,-7.7000084,0.13923315703868866,0.9217948913574219,0.5698717832565308
YJL031C,YLR228C,0,-7.70205,0.139206200838089,0.9217948913574219,0.5699999928474426
YBR288C,YMR164C,0,-7.7023954,0.13917924463748932,0.9217948913574219,0.5701282024383545
YDR283C,YDR501W,0,-7.7027235,0.13915231823921204,0.9217948913574219,0.5702564120292664
YJL063C,YJR033C,0,-7.7028894,0.13912539184093475,0.9217948913574219,0.5703846216201782
YPL248C,YMR089C,0,-7.7029715,0.13909846544265747,0.9217948913574219,0.5705128312110901
YBL063W,YGL252C,0,-7.703082,0.13907156884670258,0.9217948913574219,0.570641040802002
YGL105W,YDR205W,0,-7.7033052,0.13904467225074768,0.9217948913574219,0.5707692503929138
YNR001C,YGL167C,0,-7.703679,0.13901779055595398,0.9217948913574219,0.5708974599838257
YER112W,YBL025W,0,-7.703928,0.13899090886116028,0.9217948913574219,0.5710256695747375
YIR019C,YDR082W,0,-7.703952,0.13896405696868896,0.9217948913574219,0.5711538195610046
YJL058C,YJR086W,0,-7.7049274,0.13893720507621765,0.9217948913574219,0.5712820291519165
YMR255W,YPL209C,0,-7.705331,0.13891035318374634,0.9217948913574219,0.5714102387428284
YMR280C,YML041C,0,-7.706153,0.13888351619243622,0.9217948913574219,0.5715384483337402
YDR511W,YOR295W,0,-7.7061663,0.1388566941022873,0.9217948913574219,0.5716666579246521
YBR098W,YNL119W,0,-7.7072144,0.13882988691329956,0.9217948913574219,0.571794867515564
YDR420W,YJL074C,0,-7.7078934,0.13880309462547302,0.9217948913574219,0.5719230771064758
YPL151C,YCR031C,0,-7.7086754,0.13877630233764648,0.9217948913574219,0.5720512866973877
YPL016W,YIL135C,0,-7.708932,0.13874952495098114,0.9217948913574219,0.5721794962882996
YDR205W,YGR116W,0,-7.709796,0.1387227475643158,0.9217948913574219,0.5723077058792114
YDR483W,YMR039C,0,-7.7098436,0.13869598507881165,0.9217948913574219,0.5724359154701233
YDR301W,YNL030W,0,-7.7101917,0.1386692374944687,0.9217948913574219,0.5725641250610352
YJL014W,YBL090W,0,-7.7102404,0.13864250481128693,0.9217948913574219,0.572692334651947
YJR049C,YNR048W,0,-7.7113075,0.13861577212810516,0.9217948913574219,0.5728204846382141
YLR113W,YIL101C,0,-7.7121506,0.1385890543460846,0.9217948913574219,0.572948694229126
YBL071W-A,YIL007C,0,-7.7124615,0.13856233656406403,0.9217948913574219,0.5730769038200378
YBR057C,YMR231W,0,-7.7133436,0.13853564858436584,0.9217948913574219,0.5732051134109497
YBR107C,YNL026W,0,-7.7138987,0.13850896060466766,0.9217948913574219,0.5733333230018616
YER065C,YKL141W,0,-7.713934,0.13848228752613068,0.9217948913574219,0.5734615325927734
YGR224W,YHR068W,0,-7.714032,0.1384556144475937,0.9217948913574219,0.5735897421836853
YMR277W,YHR056C,0,-7.7146435,0.1384289562702179,0.9217948913574219,0.5737179517745972
YIR017C,YDL076C,0,-7.7149267,0.1384023129940033,0.9217948913574219,0.573846161365509
YOR188W,YDR353W,0,-7.7151527,0.1383756697177887,0.9217948913574219,0.5739743709564209
YDR379W,YDR464W,0,-7.7157936,0.1383490413427353,0.9217948913574219,0.5741025805473328
YNL016W,YCR033W,0,-7.716545,0.13832242786884308,0.9217948913574219,0.5742307901382446
YJL208C,YDR353W,0,-7.7167015,0.13829582929611206,0.9217948913574219,0.5743589997291565
YAR002C-A,YFL018C,0,-7.7167425,0.13826923072338104,0.9217948913574219,0.5744871497154236
YER177W,YIL123W,0,-7.716902,0.13824264705181122,0.9217948913574219,0.5746153593063354
YGR029W,YOR110W,0,-7.717064,0.1382160633802414,0.9217948913574219,0.5747435688972473
YOL112W,YPL180W,0,-7.7174215,0.13818950951099396,0.9217948913574219,0.5748717784881592
YPR124W,YOR156C,0,-7.7177143,0.13816295564174652,0.9217948913574219,0.574999988079071
YEL056W,YPR094W,0,-7.7180824,0.13813640177249908,0.9217948913574219,0.5751281976699829
YDR487C,YGR213C,0,-7.718259,0.13810987770557404,0.9217948913574219,0.5752564072608948
YMR275C,YBL033C,0,-7.718708,0.138083353638649,0.9217948913574219,0.5753846168518066
YOL077C,YML025C,1,-7.7187634,0.13824884593486786,0.9230769276618958,0.5753846168518066
YOL069W,YOR347C,0,-7.7188168,0.13822230696678162,0.9230769276618958,0.5755128264427185
YBL052C,YNL167C,0,-7.7195425,0.13819578289985657,0.9230769276618958,0.5756410360336304
YKL213C,YIL112W,0,-7.7197447,0.13816925883293152,0.9230769276618958,0.5757692456245422
YDR179C,YDR314C,0,-7.7198668,0.13814274966716766,0.9230769276618958,0.5758974552154541
YGL115W,YMR146C,0,-7.72025,0.1381162405014038,0.9230769276618958,0.576025664806366
YDR150W,YDR025W,0,-7.7205887,0.13808976113796234,0.9230769276618958,0.5761538743972778
YBR297W,YER161C,0,-7.7209654,0.13806328177452087,0.9230769276618958,0.5762820243835449
YMR309C,YPR101W,0,-7.721593,0.1380368024110794,0.9230769276618958,0.5764102339744568
YNL026W,YOR143C,0,-7.7216835,0.13801035284996033,0.9230769276618958,0.5765384435653687
YIL062C,YJL008C,0,-7.7218256,0.13798390328884125,0.9230769276618958,0.5766666531562805
YBL006C,YLR337C,0,-7.7223654,0.13795746862888336,0.9230769276618958,0.5767948627471924
YBR278W,YBR041W,0,-7.722579,0.13793103396892548,0.9230769276618958,0.5769230723381042
YPL269W,YPL089C,0,-7.722826,0.13790461421012878,0.9230769276618958,0.5770512819290161
YKL112W,YMR232W,0,-7.7233257,0.1378782093524933,0.9230769276618958,0.577179491519928
YGR038W,YBL018C,0,-7.7234936,0.1378518044948578,0.9230769276618958,0.5773077011108398
YER030W,YDR120C,0,-7.724699,0.13782541453838348,0.9230769276618958,0.5774359107017517
YIL073C,YNL107W,0,-7.724859,0.13779903948307037,0.9230769276618958,0.5775641202926636
YEL063C,YCL054W,0,-7.7255297,0.13777267932891846,0.9230769276618958,0.5776923298835754
YMR001C,YBR136W,0,-7.7271385,0.13774631917476654,0.9230769276618958,0.5778205394744873
YGR091W,YLR263W,0,-7.7272463,0.13771997392177582,0.9230769276618958,0.5779486894607544
YMR316W,YLL027W,0,-7.727415,0.1376936286687851,0.9230769276618958,0.5780768990516663
YDL181W,YNL323W,0,-7.7281427,0.13766729831695557,0.9230769276618958,0.5782051086425781
YFR014C,YGR121C,0,-7.7281885,0.13764098286628723,0.9230769276618958,0.57833331823349
YER145C,YMR054W,0,-7.7287827,0.1376146823167801,0.9230769276618958,0.5784615278244019
YEL016C,YLR335W,0,-7.729368,0.13758838176727295,0.9230769276618958,0.5785897374153137
YHR077C,YBR093C,0,-7.7296133,0.137562096118927,0.9230769276618958,0.5787179470062256
YML094W,YMR179W,0,-7.7299776,0.13753581047058105,0.9230769276618958,0.5788461565971375
YJL222W,YMR243C,0,-7.7305603,0.1375095546245575,0.9230769276618958,0.5789743661880493
YDR508C,YBR188C,0,-7.7306232,0.13748329877853394,0.9230769276618958,0.5791025757789612
YOL146W,YJL047C,0,-7.731348,0.13745704293251038,0.9230769276618958,0.579230785369873
YJL117W,YPL011C,0,-7.731435,0.137430801987648,0.9230769276618958,0.5793589949607849
YLR286C,YHR070W,0,-7.7318087,0.13740457594394684,0.9230769276618958,0.5794872045516968
YPL231W,YER062C,0,-7.7320614,0.13737836480140686,0.9230769276618958,0.5796154141426086
YPL241C,YDR353W,0,-7.733037,0.13735215365886688,0.9230769276618958,0.5797435641288757
YEL061C,YEL013W,0,-7.734276,0.1373259574174881,0.9230769276618958,0.5798717737197876
YMR072W,YGR072W,0,-7.734624,0.1372997760772705,0.9230769276618958,0.5799999833106995
YDR168W,YGR120C,0,-7.734767,0.13727359473705292,0.9230769276618958,0.5801281929016113
YGL137W,YAL030W,0,-7.7350225,0.13724742829799652,0.9230769276618958,0.5802564024925232
YKL192C,YKL173W,0,-7.7352057,0.13722126185894012,0.9230769276618958,0.5803846120834351
YEL066W,YDR123C,0,-7.7352276,0.13719512522220612,0.9230769276618958,0.5805128216743469
YPR122W,YOL012C,0,-7.7353506,0.1371689885854721,0.9230769276618958,0.5806410312652588
YGR171C,YKL196C,0,-7.7360067,0.1371428519487381,0.9230769276618958,0.5807692408561707
YGL100W,YMR293C,0,-7.7364645,0.13711674511432648,0.9230769276618958,0.5808974504470825
YCL025C,YOR126C,0,-7.737462,0.13709063827991486,0.9230769276618958,0.5810256600379944
YGL087C,YDR205W,0,-7.737814,0.13706453144550323,0.9230769276618958,0.5811538696289062
YLR361C,YGL163C,0,-7.737833,0.1370384395122528,0.9230769276618958,0.5812820792198181
YNL135C,YGR163W,0,-7.739359,0.13701236248016357,0.9230769276618958,0.5814102292060852
YLR226W,YMR238W,0,-7.740142,0.13698630034923553,0.9230769276618958,0.5815384387969971
YDL198C,YHR077C,0,-7.740184,0.1369602382183075,0.9230769276618958,0.5816666483879089
YMR073C,YDR334W,0,-7.7405252,0.13693419098854065,0.9230769276618958,0.5817948579788208
YFL025C,YGR029W,0,-7.741479,0.136908158659935,0.9230769276618958,0.5819230675697327
YBR290W,YER007W,0,-7.742571,0.13688212633132935,0.9230769276618958,0.5820512771606445
YLR370C,YPL051W,0,-7.7429743,0.1368561089038849,0.9230769276618958,0.5821794867515564
YBR040W,YDL223C,0,-7.7430916,0.13683010637760162,0.9230769276618958,0.5823076963424683
YHR188C,YOR064C,0,-7.74384,0.13680410385131836,0.9230769276618958,0.5824359059333801
YGL226C-A,YJL168C,0,-7.7445803,0.1367781162261963,0.9230769276618958,0.582564115524292
YMR065W,YIR025W,0,-7.7449274,0.1367521435022354,0.9230769276618958,0.5826923251152039
YDL088C,YLL006W,0,-7.7453403,0.13672617077827454,0.9230769276618958,0.5828205347061157
YBR200W,YJL026W,0,-7.745364,0.13670021295547485,0.9230769276618958,0.5829487442970276
YDR046C,YJL125C,0,-7.745412,0.13667425513267517,0.9230769276618958,0.5830768942832947
YER022W,YKR089C,0,-7.7455397,0.13664832711219788,0.9230769276618958,0.5832051038742065
YGL168W,YDR422C,0,-7.745781,0.1366223841905594,0.9230769276618958,0.5833333134651184
YBR218C,YGR162W,0,-7.7460766,0.1365964710712433,0.9230769276618958,0.5834615230560303
YGR286C,YJL080C,0,-7.7462816,0.13657055795192719,0.9230769276618958,0.5835897326469421
YNL199C,YOL090W,0,-7.746709,0.13654465973377228,0.9230769276618958,0.583717942237854
YLR399C,YLR167W,0,-7.746896,0.13651877641677856,0.9230769276618958,0.5838461518287659
YLR066W,YJL004C,0,-7.747446,0.13649289309978485,0.9230769276618958,0.5839743614196777
YOR363C,YPR065W,0,-7.747589,0.13646702468395233,0.9230769276618958,0.5841025710105896
YJL157C,YDL033C,0,-7.7487364,0.1364411562681198,0.9230769276618958,0.5842307806015015
YDR227W,YOR087W,0,-7.749303,0.1364153027534485,0.9230769276618958,0.5843589901924133
YGL254W,YBR295W,0,-7.749337,0.13638946413993835,0.9230769276618958,0.5844871997833252
YGL240W,YOR194C,0,-7.7508125,0.13636364042758942,0.9230769276618958,0.5846154093742371
YDR167W,YDR400W,0,-7.7509747,0.13633781671524048,0.9230769276618958,0.5847436189651489
YOL089C,YOR346W,0,-7.751154,0.13631200790405273,0.9230769276618958,0.584871768951416
YGR024C,YPR036W,0,-7.7513323,0.136286199092865,0.9230769276618958,0.5849999785423279
YNL085W,YNL213C,0,-7.7527685,0.13626040518283844,0.9230769276618958,0.5851281881332397
YFR041C,YNL003C,0,-7.754119,0.13623462617397308,0.9230769276618958,0.5852563977241516
YNL041C,YOR149C,0,-7.7548447,0.13620884716510773,0.9230769276618958,0.5853846073150635
YDR480W,YHR187W,0,-7.7550383,0.13618309795856476,0.9230769276618958,0.5855128169059753
YMR127C,YJR010C-A,0,-7.7555647,0.1361573338508606,0.9230769276618958,0.5856410264968872
YGR097W,YJL014W,0,-7.7557735,0.13613159954547882,0.9230769276618958,0.5857692360877991
YOL023W,YOR122C,0,-7.7559004,0.13610586524009705,0.9230769276618958,0.5858974456787109
YGR075C,YPR018W,0,-7.756398,0.13608013093471527,0.9230769276618958,0.5860256552696228
YHR124W,YDR078C,0,-7.7568407,0.13605442643165588,0.9230769276618958,0.5861538648605347
YLR318W,YOR117W,0,-7.756851,0.1360287219285965,0.9230769276618958,0.5862820744514465
YGR230W,YFL049W,0,-7.7574644,0.1360030174255371,0.9230769276618958,0.5864102840423584
YDR206W,YBR231C,0,-7.7575912,0.1359773427248001,0.9230769276618958,0.5865384340286255
YDL083C,YML039W,0,-7.757715,0.1359516680240631,0.9230769276618958,0.5866666436195374
YDR038C,YGR054W,0,-7.757923,0.1359259933233261,0.9230769276618958,0.5867948532104492
YER174C,YBL093C,0,-7.758581,0.1359003335237503,0.9230769276618958,0.5869230628013611
YLR153C,YLR139C,0,-7.758664,0.1358746886253357,0.9230769276618958,0.587051272392273
YOR198C,YOR269W,0,-7.7594204,0.13584905862808228,0.9230769276618958,0.5871794819831848
YBR079C,YKL058W,0,-7.7595415,0.13582342863082886,0.9230769276618958,0.5873076915740967
YHR194W,YJL054W,0,-7.759548,0.13579781353473663,0.9230769276618958,0.5874359011650085
YPR054W,YOR106W,0,-7.7607746,0.1357721984386444,0.9230769276618958,0.5875641107559204
YNL031C,YGL211W,0,-7.76122,0.13574661314487457,0.9230769276618958,0.5876923203468323
YMR097C,YGL145W,0,-7.7617416,0.13572101294994354,0.9230769276618958,0.5878205299377441
YNR035C,YJR131W,0,-7.7619696,0.1356954425573349,0.9230769276618958,0.587948739528656
YER167W,YPL233W,0,-7.7620754,0.13566987216472626,0.9230769276618958,0.5880769491195679
YLR423C,YMR227C,0,-7.762249,0.1356443166732788,0.9230769276618958,0.588205099105835
YJL101C,YJR074W,0,-7.7625732,0.13561876118183136,0.9230769276618958,0.5883333086967468
YBR286W,YLR355C,0,-7.762616,0.1355932205915451,0.9230769276618958,0.5884615182876587
YLR385C,YKR020W,0,-7.7631283,0.13556769490242004,0.9230769276618958,0.5885897278785706
YDR108W,YIL112W,0,-7.763489,0.13554216921329498,0.9230769276618958,0.5887179374694824
YER083C,YDR180W,0,-7.7636137,0.13551665842533112,0.9230769276618958,0.5888461470603943
YBR211C,YKL141W,0,-7.7636223,0.13549116253852844,0.9230769276618958,0.5889743566513062
YLR113W,YKR079C,0,-7.76425,0.13546566665172577,0.9230769276618958,0.589102566242218
YCL039W,YNL047C,0,-7.7643404,0.1354401856660843,0.9230769276618958,0.5892307758331299
YNL020C,YLR277C,0,-7.7643623,0.1354147046804428,0.9230769276618958,0.5893589854240417
YLR167W,YPL045W,0,-7.7645044,0.13538923859596252,0.9230769276618958,0.5894871950149536
YER040W,YDR235W,0,-7.7645454,0.13536378741264343,0.9230769276618958,0.5896154046058655
YLR078C,YMR127C,0,-7.765605,0.13533835113048553,0.9230769276618958,0.5897436141967773
YOR330C,YBR153W,0,-7.765644,0.13531291484832764,0.9230769276618958,0.5898718237876892
YFL050C,YDL126C,0,-7.7659483,0.13528747856616974,0.9230769276618958,0.5899999737739563
YDR511W,YKL108W,0,-7.7660685,0.13526207208633423,0.9230769276618958,0.5901281833648682
YOR193W,YCL010C,0,-7.7668524,0.13523666560649872,0.9230769276618958,0.59025639295578
YPL171C,YPL130W,0,-7.766982,0.1352112740278244,0.9230769276618958,0.5903846025466919
YMR049C,YOR372C,0,-7.767172,0.13518588244915009,0.9230769276618958,0.5905128121376038
YPL259C,YGR055W,0,-7.767728,0.13516050577163696,0.9230769276618958,0.5906410217285156
YBR160W,YPL177C,0,-7.7677536,0.13513512909412384,0.9230769276618958,0.5907692313194275
YLR429W,YGR063C,0,-7.767782,0.1351097822189331,0.9230769276618958,0.5908974409103394
YDR217C,YPL026C,0,-7.7684555,0.13508442044258118,0.9230769276618958,0.5910256505012512
YKL146W,YEL066W,0,-7.769829,0.13505908846855164,0.9230769276618958,0.5911538600921631
YDR069C,YJR137C,0,-7.770934,0.1350337564945221,0.9230769276618958,0.591282069683075
YPL228W,YML076C,0,-7.7709455,0.13500843942165375,0.9230769276618958,0.5914102792739868
YML097C,YLR090W,0,-7.771207,0.1349831223487854,0.9230769276618958,0.5915384888648987
YIL140W,YJL145W,0,-7.7716646,0.13495782017707825,0.9230769276618958,0.5916666388511658
YGR028W,YJL072C,0,-7.7718067,0.1349325329065323,0.9230769276618958,0.5917948484420776
YML074C,YOR330C,0,-7.7721357,0.13490724563598633,0.9230769276618958,0.5919230580329895
YGR156W,YMR030W,0,-7.7724705,0.13488197326660156,0.9230769276618958,0.5920512676239014
YBR010W,YBR231C,0,-7.7737083,0.134856715798378,0.9230769276618958,0.5921794772148132
YML086C,YIL097W,0,-7.773837,0.13483145833015442,0.9230769276618958,0.5923076868057251
YOR150W,YML073C,1,-7.7738934,0.13499344885349274,0.9243589639663696,0.5923076868057251
YPL028W,YOR064C,0,-7.774147,0.13496817648410797,0.9243589639663696,0.592435896396637
YKL110C,YHL009C,0,-7.7743206,0.1349429190158844,0.9243589639663696,0.5925641059875488
YGL130W,YER103W,0,-7.7743406,0.13491766154766083,0.9243589639663696,0.5926923155784607
YBR295W,YKL125W,0,-7.7746773,0.13489241898059845,0.9243589639663696,0.5928205251693726
YLR015W,YCR063W,0,-7.77509,0.13486719131469727,0.9243589639663696,0.5929487347602844
YDL137W,YKL189W,0,-7.7751694,0.13484196364879608,0.9243589639663696,0.5930769443511963
YDL017W,YKL064W,0,-7.7769537,0.1348167508840561,0.9243589639663696,0.5932051539421082
YBR021W,YOR253W,0,-7.7769785,0.1347915530204773,0.9243589639663696,0.5933333039283752
YDL017W,YDR480W,0,-7.77771,0.1347663551568985,0.9243589639663696,0.5934615135192871
YDR171W,YPR167C,0,-7.7779493,0.1347411721944809,0.9243589639663696,0.593589723110199
YNL220W,YFR013W,0,-7.778219,0.1347159892320633,0.9243589639663696,0.5937179327011108
YDR448W,YGR002C,0,-7.779107,0.13469082117080688,0.9243589639663696,0.5938461422920227
YKL073W,YMR088C,0,-7.7806807,0.13466566801071167,0.9243589639663696,0.5939743518829346
YAR031W,YLR329W,0,-7.78123,0.13464052975177765,0.9243589639663696,0.5941025614738464
YFL003C,YER165W,0,-7.7816563,0.13461539149284363,0.9243589639663696,0.5942307710647583
YDR314C,YMR227C,0,-7.7831125,0.1345902532339096,0.9243589639663696,0.5943589806556702
YOL095C,YHR124W,0,-7.783209,0.13456512987613678,0.9243589639663696,0.594487190246582
YPL228W,YNL230C,0,-7.783475,0.13454002141952515,0.9243589639663696,0.5946153998374939
YGL038C,YIL139C,0,-7.783839,0.1345149278640747,0.9243589639663696,0.5947436094284058
YIL034C,YAL053W,0,-7.7839336,0.13448983430862427,0.9243589639663696,0.5948718190193176
YLR433C,YOR371C,0,-7.7846184,0.13446475565433502,0.9243589639663696,0.5950000286102295
YOR335C,YOR354C,0,-7.784958,0.13443967700004578,0.9243589639663696,0.5951281785964966
YPL228W,YJR049C,0,-7.785015,0.13441461324691772,0.9243589639663696,0.5952563881874084
YER083C,YDR463W,0,-7.7854414,0.13438956439495087,0.9243589639663696,0.5953845977783203
YHL020C,YKR031C,0,-7.7856455,0.134364515542984,0.9243589639663696,0.5955128073692322
YDR121W,YMR058W,0,-7.7865486,0.13433948159217834,0.9243589639663696,0.595641016960144
YPR199C,YIL112W,0,-7.7867393,0.13431446254253387,0.9243589639663696,0.5957692265510559
YBR114W,YER171W,0,-7.7869616,0.1342894434928894,0.9243589639663696,0.5958974361419678
YOR232W,YHR079C-A,0,-7.787034,0.13426443934440613,0.9243589639663696,0.5960256457328796
YBL063W,YKR014C,0,-7.787465,0.13423943519592285,0.9243589639663696,0.5961538553237915
YJL101C,YIL155C,0,-7.787777,0.13421444594860077,0.9243589639663696,0.5962820649147034
YER083C,YGR213C,0,-7.7883024,0.13418947160243988,0.9243589639663696,0.5964102745056152
YGR257C,YBR279W,0,-7.7886887,0.134164497256279,0.9243589639663696,0.5965384840965271
YJL058C,YHR108W,0,-7.7902765,0.1341395378112793,0.9243589639663696,0.596666693687439
YHR107C,YOR030W,0,-7.7917185,0.1341145783662796,0.9243589639663696,0.596794843673706
YPR054W,YJR049C,0,-7.791751,0.1340896338224411,0.9243589639663696,0.5969230532646179
YAL020C,YML008C,0,-7.7922955,0.1340647041797638,0.9243589639663696,0.5970512628555298
YPL187W,YGR028W,0,-7.7930155,0.13403978943824768,0.9243589639663696,0.5971794724464417
YGL124C,YFR002W,0,-7.7932253,0.13401487469673157,0.9243589639663696,0.5973076820373535
YMR072W,YDR106W,0,-7.7939196,0.13398995995521545,0.9243589639663696,0.5974358916282654
YOR249C,YDL076C,0,-7.7949934,0.13396507501602173,0.9243589639663696,0.5975641012191772
YKL092C,YMR043W,0,-7.7951126,0.1339401751756668,0.9243589639663696,0.5976923108100891
YNL330C,YOR290C,0,-7.795639,0.13391530513763428,0.9243589639663696,0.597820520401001
YFL025C,YBL030C,0,-7.7967377,0.13389043509960175,0.9243589639663696,0.5979487299919128
YDR301W,YGR275W,0,-7.7970095,0.1338655799627304,0.9243589639663696,0.5980769395828247
YER106W,YDL080C,0,-7.7979,0.13384072482585907,0.9243589639663696,0.5982051491737366
YBR218C,YGR116W,0,-7.7980175,0.13381588459014893,0.9243589639663696,0.5983333587646484
YJR050W,YHR106W,0,-7.7981253,0.13379105925559998,0.9243589639663696,0.5984615087509155
YLR051C,YIL029C,0,-7.7984715,0.13376623392105103,0.9243589639663696,0.5985897183418274
YLR433C,YGR279C,0,-7.798856,0.13374142348766327,0.9243589639663696,0.5987179279327393
YOL089C,YPL218W,0,-7.7992535,0.1337166130542755,0.9243589639663696,0.5988461375236511
YJL176C,YNL213C,0,-7.7993584,0.13369181752204895,0.9243589639663696,0.598974347114563
YLR216C,YIL037C,0,-7.7998905,0.13366703689098358,0.9243589639663696,0.5991025567054749
YPL267W,YHR053C,0,-7.800393,0.1336422562599182,0.9243589639663696,0.5992307662963867
YPR082C,YDR218C,0,-7.8004208,0.13361749053001404,0.9243589639663696,0.5993589758872986
YOR018W,YJR004C,0,-7.801319,0.13359273970127106,0.9243589639663696,0.5994871854782104
YER164W,YOR068C,0,-7.8013515,0.13356798887252808,0.9243589639663696,0.5996153950691223
YJL133W,YLR266C,0,-7.8014393,0.1335432529449463,0.9243589639663696,0.5997436046600342
YNL248C,YML027W,0,-7.801532,0.1335185170173645,0.9243589639663696,0.599871814250946
YPL021W,YLR442C,0,-7.801896,0.1334937959909439,0.9243589639663696,0.6000000238418579
YGR221C,YOR087W,0,-7.8022976,0.1334690898656845,0.9243589639663696,0.6001282334327698
YPR111W,YJL207C,0,-7.8034544,0.1334443837404251,0.9243589639663696,0.6002563834190369
YIR004W,YJR086W,0,-7.803672,0.1334196925163269,0.9243589639663696,0.6003845930099487
YHR108W,YHR165C,0,-7.8039494,0.1333950012922287,0.9243589639663696,0.6005128026008606
YGL136C,YLR329W,0,-7.804554,0.1333703249692917,0.9243589639663696,0.6006410121917725
YLR363C,YFL049W,0,-7.8047457,0.13334566354751587,0.9243589639663696,0.6007692217826843
YGR222W,YGL167C,0,-7.805874,0.13332100212574005,0.9243589639663696,0.6008974313735962
YBR234C,YMR005W,0,-7.8064384,0.13329635560512543,0.9243589639663696,0.6010256409645081
YFR046C,YMR232W,0,-7.8067493,0.133271723985672,0.9243589639663696,0.6011538505554199
YNL020C,YJL207C,0,-7.806835,0.13324709236621857,0.9243589639663696,0.6012820601463318
YLR192C,YOR211C,0,-7.8074503,0.13322247564792633,0.9243589639663696,0.6014102697372437
YKL152C,YDR225W,0,-7.8081455,0.1331978589296341,0.9243589639663696,0.6015384793281555
YML130C,YCR067C,0,-7.808303,0.13317325711250305,0.9243589639663696,0.6016666889190674
YGR037C,YDR148C,0,-7.8092813,0.133148655295372,0.9243589639663696,0.6017948985099792
YDR420W,YLR378C,0,-7.8094816,0.13312408328056335,0.9243589639663696,0.6019230484962463
YHL040C,YJR112W,0,-7.8097486,0.1330994963645935,0.9243589639663696,0.6020512580871582
YIL079C,YAL038W,0,-7.810342,0.13307493925094604,0.9243589639663696,0.6021794676780701
YER083C,YBR006W,0,-7.8104925,0.13305038213729858,0.9243589639663696,0.6023076772689819
YMR047C,YJR126C,0,-7.81096,0.13302582502365112,0.9243589639663696,0.6024358868598938
YOR237W,YPL123C,0,-7.8119335,0.13300129771232605,0.9243589639663696,0.6025640964508057
YDR151C,YBR240C,0,-7.8122196,0.13297675549983978,0.9243589639663696,0.6026923060417175
YLR248W,YBR256C,0,-7.812229,0.1329522430896759,0.9243589639663696,0.6028205156326294
YCL025C,YJR021C,0,-7.812875,0.13292773067951202,0.9243589639663696,0.6029487252235413
YGR204W,YGR253C,0,-7.8140697,0.13290323317050934,0.9243589639663696,0.6030769348144531
YKL092C,YGR258C,0,-7.8167915,0.13287873566150665,0.9243589639663696,0.603205144405365
YNR015W,YDL185W,0,-7.8169823,0.13285425305366516,0.9243589639663696,0.6033333539962769
YKL205W,YGL035C,0,-7.8169966,0.13282977044582367,0.9243589639663696,0.6034615635871887
YOR150W,YOR063W,1,-7.817259,0.13298949599266052,0.9256410002708435,0.6034615635871887
YGL130W,YNL085W,0,-7.817603,0.13296501338481903,0.9256410002708435,0.6035897731781006
YHR166C,YOL112W,0,-7.8186865,0.13294053077697754,0.9256410002708435,0.6037179231643677
YBL071W-A,YFR024C-A,0,-7.8190975,0.13291604816913605,0.9256410002708435,0.6038461327552795
YNL014W,YKR042W,0,-7.8191357,0.13289159536361694,0.9256410002708435,0.6039743423461914
YPR049C,YPL043W,0,-7.8191586,0.13286712765693665,0.9256410002708435,0.6041025519371033
YHR005C,YML027W,0,-7.8197536,0.13284268975257874,0.9256410002708435,0.6042307615280151
YBL103C,YKR059W,0,-7.819852,0.13281825184822083,0.9256410002708435,0.604358971118927
YNL232W,YCR065W,0,-7.820388,0.13279381394386292,0.9256410002708435,0.6044871807098389
YDR414C,YMR273C,0,-7.8238964,0.1327694058418274,0.9256410002708435,0.6046153903007507
YCR008W,YBR118W,0,-7.825629,0.13274498283863068,0.9256410002708435,0.6047435998916626
YNL059C,YJL146W,0,-7.8262587,0.13272058963775635,0.9256410002708435,0.6048718094825745
YPR068C,YNL206C,0,-7.8263807,0.13269619643688202,0.9256410002708435,0.6050000190734863
YGL105W,YLR085C,0,-7.827319,0.13267181813716888,0.9256410002708435,0.6051282286643982
YOR237W,YBL052C,0,-7.827572,0.13264743983745575,0.9256410002708435,0.6052564382553101
YKL057C,YCL004W,0,-7.828334,0.1326230764389038,0.9256410002708435,0.6053845882415771
YPR068C,YBR280C,0,-7.828456,0.13259871304035187,0.9256410002708435,0.605512797832489
YPL213W,YNL055C,0,-7.829936,0.13257436454296112,0.9256410002708435,0.6056410074234009
YBR260C,YLR136C,0,-7.832383,0.13255003094673157,0.9256410002708435,0.6057692170143127
YMR208W,YMR298W,0,-7.832906,0.13252569735050201,0.9256410002708435,0.6058974266052246
YMR224C,YLR360W,0,-7.833111,0.13250137865543365,0.9256410002708435,0.6060256361961365
YNL161W,YBR010W,0,-7.83331,0.1324770599603653,0.9256410002708435,0.6061538457870483
YDR345C,YBL011W,0,-7.833721,0.13245275616645813,0.9256410002708435,0.6062820553779602
YDR243C,YML055W,0,-7.834054,0.13242846727371216,0.9256410002708435,0.6064102649688721
YNL309W,YFL049W,0,-7.8340635,0.1324041783809662,0.9256410002708435,0.6065384745597839
YKR068C,YDR485C,0,-7.834589,0.1323799043893814,0.9256410002708435,0.6066666841506958
YMR177W,YHR138C,0,-7.8347607,0.13235563039779663,0.9256410002708435,0.6067948937416077
YKR035W-A,YBL020W,0,-7.834841,0.13233137130737305,0.9256410002708435,0.6069231033325195
YGR048W,YOR106W,0,-7.8360558,0.13230712711811066,0.9256410002708435,0.6070512533187866
YHR007C,YMR218C,0,-7.8362446,0.13228288292884827,0.9256410002708435,0.6071794629096985
YGR166W,YDR219C,0,-7.836437,0.13225865364074707,0.9256410002708435,0.6073076725006104
YER164W,YBR057C,0,-7.8368483,0.13223443925380707,0.9256410002708435,0.6074358820915222
YML058W-A,YJL100W,0,-7.8372707,0.13221022486686707,0.9256410002708435,0.6075640916824341
YLR304C,YFR024C-A,0,-7.83751,0.13218601047992706,0.9256410002708435,0.607692301273346
YPL050C,YOR140W,0,-7.837783,0.13216181099414825,0.9256410002708435,0.6078205108642578
YBR158W,YIL077C,0,-7.838421,0.13213762640953064,0.9256410002708435,0.6079487204551697
YDL200C,YJL141C,0,-7.8386717,0.13211344182491302,0.9256410002708435,0.6080769300460815
YML071C,YKR082W,0,-7.8386908,0.1320892721414566,0.9256410002708435,0.6082051396369934
YLR266C,YLR262C,0,-7.8392296,0.13206511735916138,0.9256410002708435,0.6083333492279053
YBR070C,YKL140W,0,-7.8395586,0.13204096257686615,0.9256410002708435,0.6084615588188171
YGL200C,YNL214W,0,-7.8395624,0.13201682269573212,0.9256410002708435,0.608589768409729
YOR329C,YOR068C,0,-7.8399916,0.13199268281459808,0.9256410002708435,0.6087179780006409
YDL243C,YGL226C-A,0,-7.8400297,0.13196855783462524,0.9256410002708435,0.608846127986908
YPL047W,YKL058W,0,-7.841383,0.1319444477558136,0.9256410002708435,0.6089743375778198
YPL249C,YKR008W,0,-7.8416185,0.13192033767700195,0.9256410002708435,0.6091025471687317
YFL038C,YOR287C,0,-7.842293,0.1318962424993515,0.9256410002708435,0.6092307567596436
YGR179C,YDR143C,0,-7.8436184,0.13187214732170105,0.9256410002708435,0.6093589663505554
YOR210W,YJL029C,0,-7.843809,0.1318480670452118,0.9256410002708435,0.6094871759414673
YLR110C,YML071C,0,-7.8440228,0.13182398676872253,0.9256410002708435,0.6096153855323792
YPR131C,YOR193W,0,-7.8441696,0.13179992139339447,0.9256410002708435,0.609743595123291
YOL158C,YMR137C,0,-7.844473,0.1317758709192276,0.9256410002708435,0.6098718047142029
YOR274W,YPL234C,0,-7.844846,0.13175182044506073,0.9256410002708435,0.6100000143051147
YIL013C,YLR005W,0,-7.844946,0.13172778487205505,0.9256410002708435,0.6101282238960266
YHR075C,YGL066W,0,-7.8449526,0.13170376420021057,0.9256410002708435,0.6102564334869385
YNL004W,YKR061W,0,-7.844961,0.1316797435283661,0.9256410002708435,0.6103846430778503
YDR009W,YLR055C,0,-7.845581,0.1316557228565216,0.9256410002708435,0.6105127930641174
YGL226C-A,YBR182C,0,-7.8455877,0.13163171708583832,0.9256410002708435,0.6106410026550293
YER026C,YKR022C,0,-7.846306,0.13160772621631622,0.9256410002708435,0.6107692122459412
YDR420W,YMR197C,0,-7.8464108,0.13158375024795532,0.9256410002708435,0.610897421836853
YKL011C,YAL043C,0,-7.8469353,0.13155975937843323,0.9256410002708435,0.6110256314277649
YMR308C,YMR067C,0,-7.8473816,0.13153579831123352,0.9256410002708435,0.6111538410186768
YCL024W,YGR055W,0,-7.8480186,0.1315118372440338,0.9256410002708435,0.6112820506095886
YDR384C,YJL196C,0,-7.8489304,0.1314878910779953,0.9256410002708435,0.6114102602005005
YJL058C,YDR097C,0,-7.850027,0.1314639449119568,0.9256410002708435,0.6115384697914124
YOL100W,YNL311C,0,-7.8503647,0.13144001364707947,0.9256410002708435,0.6116666793823242
YML112W,YGL257C,0,-7.8508263,0.13141609728336334,0.9256410002708435,0.6117948889732361
YDL059C,YMR117C,0,-7.851403,0.13139218091964722,0.9256410002708435,0.611923098564148
YLR025W,YDR160W,0,-7.851467,0.1313682645559311,0.9256410002708435,0.6120513081550598
YPR176C,YOL121C,0,-7.85207,0.13134436309337616,0.9256410002708435,0.6121794581413269
YJL110C,YDL084W,0,-7.8533096,0.13132047653198242,0.9256410002708435,0.6123076677322388
YLR291C,YOL066C,0,-7.853367,0.13129660487174988,0.9256410002708435,0.6124358773231506
YLR102C,YCR033W,0,-7.853548,0.13127273321151733,0.9256410002708435,0.6125640869140625
YJL092W,YKL034W,0,-7.8536806,0.1312488615512848,0.9256410002708435,0.6126922965049744
YFL025C,YAL017W,0,-7.8537703,0.13122500479221344,0.9256410002708435,0.6128205060958862
YDR460W,YLR272C,0,-7.8542976,0.13120116293430328,0.9256410002708435,0.6129487156867981
YKL213C,YIL022W,0,-7.8546057,0.13117732107639313,0.9256410002708435,0.61307692527771
YBR290W,YLR052W,0,-7.8551006,0.13115349411964417,0.9256410002708435,0.6132051348686218
YNR010W,YIL114C,0,-7.8553963,0.1311296820640564,0.9256410002708435,0.6133333444595337
YNL259C,YKL212W,0,-7.855912,0.13110587000846863,0.9256410002708435,0.6134615540504456
YCR065W,YKL144C,0,-7.8562346,0.13108205795288086,0.9256410002708435,0.6135897636413574
YJL106W,YGL018C,0,-7.8571625,0.13105827569961548,0.9256410002708435,0.6137179732322693
YKR027W,YKR008W,0,-7.8572865,0.1310344785451889,0.9256410002708435,0.6138461828231812
YLR189C,YIL014W,0,-7.8574724,0.13101071119308472,0.9256410002708435,0.6139743328094482
YJL019W,YDL043C,0,-7.857768,0.13098694384098053,0.9256410002708435,0.6141025424003601
YMR212C,YOL059W,0,-7.858039,0.13096317648887634,0.9256410002708435,0.614230751991272
YGL209W,YLR026C,0,-7.8587694,0.13093942403793335,0.9256410002708435,0.6143589615821838
YLR008C,YJR046W,0,-7.858773,0.13091568648815155,0.9256410002708435,0.6144871711730957
YHR015W,YDR300C,0,-7.8588247,0.13089194893836975,0.9256410002708435,0.6146153807640076
YPR020W,YPR030W,0,-7.8592625,0.13086822628974915,0.9256410002708435,0.6147435903549194
YDL044C,YIL018W,0,-7.8593273,0.13084450364112854,0.9256410002708435,0.6148717999458313
YHR190W,YML012W,0,-7.859501,0.13082079589366913,0.9256410002708435,0.6150000095367432
YDL198C,YOR004W,0,-7.860587,0.1307971030473709,0.9256410002708435,0.615128219127655
YNL094W,YMR039C,0,-7.8607006,0.1307734102010727,0.9256410002708435,0.6152564287185669
YDR386W,YLR092W,0,-7.86139,0.13074973225593567,0.9256410002708435,0.6153846383094788
YGL178W,YMR096W,0,-7.864053,0.13072605431079865,0.9256410002708435,0.6155128479003906
YGL155W,YDR323C,0,-7.8643246,0.13070239126682281,0.9256410002708435,0.6156409978866577
YBR279W,YJL108C,0,-7.8643923,0.13067872822284698,0.9256410002708435,0.6157692074775696
YHL034C,YER123W,0,-7.864416,0.13065508008003235,0.9256410002708435,0.6158974170684814
YAL043C,YAL005C,0,-7.864958,0.1306314468383789,0.9256410002708435,0.6160256266593933
YDL112W,YOR064C,0,-7.865114,0.13060781359672546,0.9256410002708435,0.6161538362503052
YJL042W,YOR043W,0,-7.865513,0.13058419525623322,0.9256410002708435,0.616282045841217
YOR317W,YDR485C,0,-7.865822,0.13056057691574097,0.9256410002708435,0.6164102554321289
YML102W,YHL006C,0,-7.866559,0.1305369734764099,0.9256410002708435,0.6165384650230408
YHR115C,YML126C,0,-7.867111,0.13051337003707886,0.9256410002708435,0.6166666746139526
YGL030W,YNR064C,0,-7.867502,0.130489781498909,0.9256410002708435,0.6167948842048645
YDR150W,YJL054W,0,-7.867893,0.13046620786190033,0.9256410002708435,0.6169230937957764
YBR267W,YML025C,1,-7.8680067,0.13062331080436707,0.9269230961799622,0.6169230937957764
YLR085C,YNL218W,0,-7.868273,0.130599707365036,0.9269230961799622,0.6170513033866882
YML023C,YPR168W,0,-7.8705626,0.13057611882686615,0.9269230961799622,0.6171795129776001
YLR274W,YER019C-A,0,-7.871372,0.13055254518985748,0.9269230961799622,0.6173076629638672
YPR128C,YIR023W,0,-7.8716335,0.13052897155284882,0.9269230961799622,0.617435872554779
YNL210W,YER129W,0,-7.871866,0.13050541281700134,0.9269230961799622,0.6175640821456909
YIL117C,YML055W,0,-7.8718853,0.13048186898231506,0.9269230961799622,0.6176922917366028
YBR296C,YHR050W,0,-7.8720293,0.13045832514762878,0.9269230961799622,0.6178205013275146
YER133W,YGL136C,0,-7.8730364,0.1304347813129425,0.9269230961799622,0.6179487109184265
YML112W,YMR234W,0,-7.8735056,0.13041125237941742,0.9269230961799622,0.6180769205093384
YFL010W-A,YCR061W,0,-7.875223,0.13038773834705353,0.9269230961799622,0.6182051301002502
YLR055C,YHR039C-A,0,-7.8752346,0.13036422431468964,0.9269230961799622,0.6183333396911621
YPL051W,YLR305C,0,-7.8753405,0.13034072518348694,0.9269230961799622,0.618461549282074
YLR109W,YDR298C,0,-7.875374,0.13031722605228424,0.9269230961799622,0.6185897588729858
YJL095W,YLR002C,0,-7.875942,0.13029374182224274,0.9269230961799622,0.6187179684638977
YDR180W,YGL162W,0,-7.876397,0.13027027249336243,0.9269230961799622,0.6188461780548096
YOL110W,YMR054W,0,-7.876751,0.13024680316448212,0.9269230961799622,0.6189743876457214
YDR377W,YGL124C,0,-7.8778477,0.130223348736763,0.9269230961799622,0.6191025376319885
YPR164W,YHL022C,0,-7.878826,0.13019989430904388,0.9269230961799622,0.6192307472229004
YAL058W,YGL068W,0,-7.878914,0.13017645478248596,0.9269230961799622,0.6193589568138123
YML008C,YGL162W,0,-7.8795986,0.13015301525592804,0.9269230961799622,0.6194871664047241
YGR097W,YIR010W,0,-7.879654,0.1301295906305313,0.9269230961799622,0.619615375995636
YLR418C,YGR268C,0,-7.880149,0.13010616600513458,0.9269230961799622,0.6197435855865479
YPL010W,YJL093C,0,-7.8807354,0.13008275628089905,0.9269230961799622,0.6198717951774597
YEL019C,YDR386W,0,-7.8807907,0.1300593614578247,0.9269230961799622,0.6200000047683716
YKL092C,YBR198C,0,-7.880925,0.13003596663475037,0.9269230961799622,0.6201282143592834
YKL165C,YLR329W,0,-7.8812733,0.13001258671283722,0.9269230961799622,0.6202564239501953
YLR153C,YMR224C,0,-7.8812895,0.12998920679092407,0.9269230961799622,0.6203846335411072
YKL146W,YLR417W,0,-7.881997,0.12996584177017212,0.9269230961799622,0.620512843132019
YMR225C,YGL066W,0,-7.8830833,0.12994249165058136,0.9269230961799622,0.6206410527229309
YPL137C,YNR032W,0,-7.883092,0.1299191415309906,0.9269230961799622,0.620769202709198
YJL058C,YLR048W,0,-7.8834553,0.12989579141139984,0.9269230961799622,0.6208974123001099
YIR017C,YJL127C,0,-7.8835096,0.12987245619297028,0.9269230961799622,0.6210256218910217
YLR160C,YDL178W,0,-7.8835983,0.1298491358757019,0.9269230961799622,0.6211538314819336
YPR105C,YLR193C,0,-7.883621,0.12982581555843353,0.9269230961799622,0.6212820410728455
YOR371C,YDL208W,0,-7.883793,0.12980251014232635,0.9269230961799622,0.6214102506637573
YNR049C,YCL069W,0,-7.884737,0.12977921962738037,0.9269230961799622,0.6215384602546692
YCL014W,YJL127C,0,-7.8847837,0.1297559291124344,0.9269230961799622,0.621666669845581
YMR080C,YGR005C,0,-7.88529,0.1297326385974884,0.9269230961799622,0.6217948794364929
YPR124W,YNL085W,0,-7.885907,0.1297093629837036,0.9269230961799622,0.6219230890274048
YOL149W,YOL128C,0,-7.8861628,0.12968610227108002,0.9269230961799622,0.6220512986183167
YNL286W,YFL037W,0,-7.8862295,0.12966284155845642,0.9269230961799622,0.6221795082092285
YDL013W,YBR275C,0,-7.8863935,0.12963959574699402,0.9269230961799622,0.6223077178001404
YFR021W,YML075C,0,-7.886547,0.12961634993553162,0.9269230961799622,0.6224358677864075
YBR020W,YDR489W,0,-7.888053,0.1295931190252304,0.9269230961799622,0.6225640773773193
YGL256W,YGR278W,0,-7.8888674,0.1295698881149292,0.9269230961799622,0.6226922869682312
YCL061C,YDL047W,0,-7.888891,0.12954667210578918,0.9269230961799622,0.6228204965591431
YDR362C,YDL080C,0,-7.8892984,0.12952347099781036,0.9269230961799622,0.6229487061500549
YMR190C,YPR140W,0,-7.8900833,0.12950026988983154,0.9269230961799622,0.6230769157409668
YDL232W,YHR206W,0,-7.890112,0.12947708368301392,0.9269230961799622,0.6232051253318787
YPL061W,YLR335W,0,-7.8902073,0.1294538974761963,0.9269230961799622,0.6233333349227905
YBR297W,YJR126C,0,-7.89052,0.12943072617053986,0.9269230961799622,0.6234615445137024
YLR170C,YPL083C,0,-7.8905315,0.12940755486488342,0.9269230961799622,0.6235897541046143
YLR008C,YIL121W,0,-7.8907976,0.12938439846038818,0.9269230961799622,0.6237179636955261
YKL179C,YLR051C,0,-7.890812,0.12936124205589294,0.9269230961799622,0.623846173286438
YIR019C,YMR079W,0,-7.8911695,0.1293381005525589,0.9269230961799622,0.6239743828773499
YML024W,YGR279C,0,-7.891547,0.12931497395038605,0.9269230961799622,0.6241025924682617
YLR286C,YDR148C,0,-7.8917446,0.1292918473482132,0.9269230961799622,0.6242307424545288
YGL257C,YGR296W,0,-7.8932467,0.12926873564720154,0.9269230961799622,0.6243589520454407
YJR121W,YEL027W,0,-7.8937454,0.12924562394618988,0.9269230961799622,0.6244871616363525
YGL150C,YKL144C,0,-7.8956814,0.12922252714633942,0.9269230961799622,0.6246153712272644
YDL143W,YNR031C,0,-7.8960066,0.12919943034648895,0.9269230961799622,0.6247435808181763
YDR076W,YIL017C,0,-7.8963547,0.12917634844779968,0.9269230961799622,0.6248717904090881
YER118C,YMR218C,0,-7.8966503,0.1291532665491104,0.9269230961799622,0.625
YDL056W,YHR015W,0,-7.8966694,0.12913019955158234,0.9269230961799622,0.6251282095909119
YJR131W,YGR270W,0,-7.8971405,0.12910714745521545,0.9269230961799622,0.6252564191818237
YLR254C,YOR162C,0,-7.8977976,0.12908409535884857,0.9269230961799622,0.6253846287727356
YBR110W,YCR086W,0,-7.898033,0.1290610432624817,0.9269230961799622,0.6255128383636475
YDL243C,YLR318W,0,-7.8982763,0.1290380209684372,0.9269230961799622,0.6256410479545593
YGL229C,YBR173C,0,-7.8986692,0.1290149837732315,0.9269230961799622,0.6257692575454712
YDL108W,YLR254C,0,-7.8990164,0.1289919763803482,0.9269230961799622,0.6258974075317383
YPL169C,YPL234C,0,-7.8994226,0.1289689689874649,0.9269230961799622,0.6260256171226501
YDR489W,YOR187W,0,-7.9001093,0.1289459615945816,0.9269230961799622,0.626153826713562
YKR056W,YDL170W,0,-7.9004154,0.1289229691028595,0.9269230961799622,0.6262820363044739
YIL098C,YIL002C,0,-7.9004364,0.1288999766111374,0.9269230961799622,0.6264102458953857
YGR288W,YNL015W,0,-7.900794,0.12887699902057648,0.9269230961799622,0.6265384554862976
YNL136W,YOL004W,0,-7.901452,0.12885403633117676,0.9269230961799622,0.6266666650772095
YBR298C,YDR356W,0,-7.9014816,0.12883107364177704,0.9269230961799622,0.6267948746681213
YDR420W,YIR002C,0,-7.9017315,0.1288081258535385,0.9269230961799622,0.6269230842590332
YHL020C,YAL023C,0,-7.902481,0.1287851780653,0.9269230961799622,0.6270512938499451
YJL115W,YFL026W,0,-7.902566,0.12876224517822266,0.9269230961799622,0.6271795034408569
YMR281W,YDL229W,0,-7.902707,0.12873931229114532,0.9269230961799622,0.6273077130317688
YAL038W,YOL064C,0,-7.904174,0.1287163943052292,0.9269230961799622,0.6274359226226807
YPL177C,YDR485C,0,-7.9044075,0.12869349122047424,0.9269230961799622,0.6275641322135925
YFL025C,YKL019W,0,-7.9054117,0.1286705881357193,0.9269230961799622,0.6276922821998596
YLR016C,YOR270C,0,-7.905446,0.12864768505096436,0.9269230961799622,0.6278204917907715
YDR073W,YLR182W,0,-7.9066925,0.1286247968673706,0.9269230961799622,0.6279487013816833
YER183C,YKR101W,0,-7.9067726,0.12860192358493805,0.9269230961799622,0.6280769109725952
YFL055W,YDL200C,0,-7.9077272,0.1285790503025055,0.9269230961799622,0.6282051205635071
YDR151C,YBR196C,0,-7.9084263,0.12855619192123413,0.9269230961799622,0.628333330154419
YOL100W,YFL008W,0,-7.908702,0.12853333353996277,0.9269230961799622,0.6284615397453308
YGR257C,YHR020W,0,-7.9098053,0.1285104900598526,0.9269230961799622,0.6285897493362427
YLR016C,YER103W,0,-7.9098387,0.12848764657974243,0.9269230961799622,0.6287179589271545
YLR399C,YJL019W,0,-7.910759,0.12846481800079346,0.9269230961799622,0.6288461685180664
YPL202C,YLL036C,0,-7.9110794,0.12844198942184448,0.9269230961799622,0.6289743781089783
YML086C,YDR420W,0,-7.9111643,0.1284191757440567,0.9269230961799622,0.6291025876998901
YBL030C,YPL123C,0,-7.911907,0.12839637696743011,0.9269230961799622,0.629230797290802
YDR379W,YLR398C,0,-7.91243,0.12837357819080353,0.9269230961799622,0.6293589472770691
YDR106W,YHR062C,0,-7.9124517,0.12835079431533813,0.9269230961799622,0.629487156867981
YMR078C,YGR129W,0,-7.9133625,0.12832801043987274,0.9269230961799622,0.6296153664588928
YPL051W,YEL031W,0,-7.9142227,0.12830524146556854,0.9269230961799622,0.6297435760498047
YPR020W,YCL032W,0,-7.914757,0.12828247249126434,0.9269230961799622,0.6298717856407166
YBR160W,YHR206W,0,-7.915263,0.12825971841812134,0.9269230961799622,0.6299999952316284
YOR117W,YBR253W,0,-7.915865,0.12823696434497833,0.9269230961799622,0.6301282048225403
YCR094W,YMR156C,0,-7.9159155,0.12821422517299652,0.9269230961799622,0.6302564144134521
YDR459C,YER094C,0,-7.916112,0.1281914860010147,0.9269230961799622,0.630384624004364
YOR094W,YDR259C,0,-7.9161158,0.1281687617301941,0.9269230961799622,0.6305128335952759
YKR036C,YGR007W,0,-7.916177,0.12814605236053467,0.9269230961799622,0.6306410431861877
YOR150W,YPL131W,1,-7.9164753,0.12830054759979248,0.928205132484436,0.6306410431861877
YEL034W,YFR048W,0,-7.916868,0.12827782332897186,0.928205132484436,0.6307692527770996
YBR015C,YIL013C,0,-7.917288,0.12825509905815125,0.928205132484436,0.6308974623680115
YDR046C,YGR090W,0,-7.9177465,0.12823237478733063,0.928205132484436,0.6310256123542786
YLR442C,YER082C,0,-7.9204187,0.1282096654176712,0.928205132484436,0.6311538219451904
YFR014C,YDR073W,0,-7.9213066,0.12818697094917297,0.928205132484436,0.6312820315361023
YLR047C,YGR186W,0,-7.9219913,0.12816427648067474,0.928205132484436,0.6314102411270142
YOR150W,YLR022C,1,-7.9220095,0.12831857800483704,0.9294871687889099,0.6314102411270142
YLR183C,YEL057C,0,-7.9220524,0.1282958835363388,0.9294871687889099,0.631538450717926
YJL106W,YCL008C,0,-7.9222956,0.12827317416667938,0.9294871687889099,0.6316666603088379
YIL037C,YKR056W,0,-7.9223156,0.12825047969818115,0.9294871687889099,0.6317948698997498
YIL010W,YJR046W,0,-7.922477,0.12822780013084412,0.9294871687889099,0.6319230794906616
YPL178W,YGL206C,0,-7.9234123,0.12820513546466827,0.9294871687889099,0.6320512890815735
YCL014W,YNR060W,0,-7.923953,0.12818245589733124,0.9294871687889099,0.6321794986724854
YGL209W,YAL032C,0,-7.9247913,0.1281598061323166,0.9294871687889099,0.6323077082633972
YOR174W,YLR139C,0,-7.924967,0.12813715636730194,0.9294871687889099,0.6324359178543091
YKL192C,YDR490C,0,-7.9253855,0.1281145066022873,0.9294871687889099,0.632564127445221
YEL034W,YLR396C,0,-7.925515,0.12809187173843384,0.9294871687889099,0.6326923370361328
YDL160C,YGL086W,0,-7.92597,0.12806925177574158,0.9294871687889099,0.6328204870223999
YDR225W,YCL069W,0,-7.92632,0.12804663181304932,0.9294871687889099,0.6329486966133118
YDR009W,YER062C,0,-7.9267282,0.12802401185035706,0.9294871687889099,0.6330769062042236
YBL035C,YER116C,0,-7.9270544,0.128001406788826,0.9294871687889099,0.6332051157951355
YBR217W,YOR226C,0,-7.9278545,0.12797881662845612,0.9294871687889099,0.6333333253860474
YKR061W,YDR353W,0,-7.928485,0.12795622646808624,0.9294871687889099,0.6334615349769592
YAR031W,YDR235W,0,-7.9289064,0.12793365120887756,0.9294871687889099,0.6335897445678711
YNL201C,YAR007C,0,-7.928938,0.12791107594966888,0.9294871687889099,0.633717954158783
YDR009W,YGR169C,0,-7.9289904,0.1278885155916214,0.9294871687889099,0.6338461637496948
YKR007W,YOR157C,0,-7.9297543,0.1278659552335739,0.9294871687889099,0.6339743733406067
YKL017C,YBL014C,0,-7.9298496,0.12784340977668762,0.9294871687889099,0.6341025829315186
YML074C,YML041C,0,-7.9299946,0.12782087922096252,0.9294871687889099,0.6342307925224304
YER089C,YIL121W,0,-7.930066,0.12779834866523743,0.9294871687889099,0.6343590021133423
YOL012C,YGL201C,0,-7.9302597,0.12777581810951233,0.9294871687889099,0.6344871520996094
YHL040C,YFL003C,0,-7.9305344,0.12775330245494843,0.9294871687889099,0.6346153616905212
YCR089W,YDR087C,0,-7.930648,0.12773080170154572,0.9294871687889099,0.6347435712814331
YFR034C,YOL072W,0,-7.930789,0.127708300948143,0.9294871687889099,0.634871780872345
YJR021C,YNL047C,0,-7.9313364,0.1276858001947403,0.9294871687889099,0.6349999904632568
YML051W,YBR152W,0,-7.932233,0.12766331434249878,0.9294871687889099,0.6351282000541687
YKR090W,YER029C,0,-7.9327755,0.12764084339141846,0.9294871687889099,0.6352564096450806
YLR332W,YGR033C,0,-7.9328547,0.12761837244033813,0.9294871687889099,0.6353846192359924
YOR355W,YML091C,0,-7.9329777,0.127595916390419,0.9294871687889099,0.6355128288269043
YDL166C,YOL091W,0,-7.932989,0.12757346034049988,0.9294871687889099,0.6356410384178162
YNR032C-A,YGL122C,0,-7.933049,0.12755101919174194,0.9294871687889099,0.635769248008728
YOR126C,YPR143W,0,-7.9334307,0.127528578042984,0.9294871687889099,0.6358974575996399
YPL091W,YOR279C,0,-7.9338083,0.12750615179538727,0.9294871687889099,0.6360256671905518
YIL018W,YAL047C,0,-7.934127,0.12748374044895172,0.9294871687889099,0.6361538171768188
YER073W,YLL021W,0,-7.9341784,0.12746132910251617,0.9294871687889099,0.6362820267677307
YNL261W,YCR081W,0,-7.934407,0.12743891775608063,0.9294871687889099,0.6364102363586426
YOR117W,YDR400W,0,-7.934675,0.12741652131080627,0.9294871687889099,0.6365384459495544
YHR108W,YDR420W,0,-7.935009,0.12739412486553192,0.9294871687889099,0.6366666555404663
YDL080C,YNL310C,0,-7.93559,0.12737174332141876,0.9294871687889099,0.6367948651313782
YLR363C,YNL113W,0,-7.936597,0.1273493766784668,0.9294871687889099,0.63692307472229
YOR298C-A,YBL103C,0,-7.9383326,0.12732701003551483,0.9294871687889099,0.6370512843132019
YLR313C,YDR395W,0,-7.938368,0.12730465829372406,0.9294871687889099,0.6371794939041138
YMR041C,YLR005W,0,-7.9394493,0.1272823065519333,0.9294871687889099,0.6373077034950256
YOR373W,YDL190C,0,-7.939683,0.12725995481014252,0.9294871687889099,0.6374359130859375
YLR133W,YBR095C,0,-7.9403305,0.12723763287067413,0.9294871687889099,0.6375641226768494
YOR319W,YLR066W,0,-7.9405327,0.12721529603004456,0.9294871687889099,0.6376923322677612
YPL031C,YCR027C,0,-7.9406166,0.12719298899173737,0.9294871687889099,0.6378205418586731
YPL126W,YIR015W,0,-7.941497,0.12717066705226898,0.9294871687889099,0.6379486918449402
YDR377W,YDR151C,0,-7.941801,0.12714837491512299,0.9294871687889099,0.638076901435852
YNL116W,YPR052C,0,-7.9421043,0.1271260678768158,0.9294871687889099,0.6382051110267639
YDR264C,YDR363W,0,-7.9422865,0.127103790640831,0.9294871687889099,0.6383333206176758
YHR143W,YMR234W,0,-7.9433994,0.1270815134048462,0.9294871687889099,0.6384615302085876
YOR150W,YPR102C,1,-7.9435377,0.12723448872566223,0.9307692050933838,0.6384615302085876
YAL023C,YGR275W,0,-7.9439735,0.12721219658851624,0.9307692050933838,0.6385897397994995
YOR034C,YPR125W,0,-7.944021,0.12718990445137024,0.9307692050933838,0.6387179493904114
YLR088W,YJL013C,0,-7.944025,0.12716762721538544,0.9307692050933838,0.6388461589813232
YOR249C,YPL055C,0,-7.944639,0.12714536488056183,0.9307692050933838,0.6389743685722351
YKR031C,YBR083W,0,-7.944787,0.12712310254573822,0.9307692050933838,0.639102578163147
YGR074W,YBR083W,0,-7.945445,0.1271008402109146,0.9307692050933838,0.6392307877540588
YIL143C,YNL309W,0,-7.9457455,0.1270785927772522,0.9307692050933838,0.6393589973449707
YMR276W,YDR292C,0,-7.946389,0.12705636024475098,0.9307692050933838,0.6394872069358826
YIL019W,YOR373W,0,-7.9467287,0.12703412771224976,0.9307692050933838,0.6396153569221497
YFL011W,YKL195W,0,-7.947028,0.12701189517974854,0.9307692050933838,0.6397435665130615
YDL126C,YNL037C,0,-7.947195,0.1269896775484085,0.9307692050933838,0.6398717761039734
YLR160C,YBL025W,0,-7.9474773,0.12696747481822968,0.9307692050933838,0.6399999856948853
YNL080C,YDR160W,0,-7.9478397,0.12694527208805084,0.9307692050933838,0.6401281952857971
YJR022W,YGL211W,0,-7.947937,0.1269230842590332,0.9307692050933838,0.640256404876709
YIL140W,YOR217W,0,-7.9482718,0.12690089643001556,0.9307692050933838,0.6403846144676208
YBR179C,YHR108W,0,-7.948537,0.12687870860099792,0.9307692050933838,0.6405128240585327
YPL170W,YHR083W,0,-7.9487696,0.12685655057430267,0.9307692050933838,0.6406410336494446
YIL035C,YHR164C,0,-7.94923,0.12683437764644623,0.9307692050933838,0.6407692432403564
YNL002C,YML025C,1,-7.949972,0.12698690593242645,0.9320513010025024,0.6407692432403564
YOL042W,YGR179C,0,-7.9501753,0.1269647181034088,0.9320513010025024,0.6408974528312683
YNL327W,YJL166W,0,-7.950593,0.12694256007671356,0.9320513010025024,0.6410256624221802
YHR001W-A,YBR103W,0,-7.950758,0.12692038714885712,0.9320513010025024,0.641153872013092
YMR237W,YIL114C,0,-7.950899,0.12689824402332306,0.9320513010025024,0.6412820219993591
YJL025W,YNL263C,0,-7.9509087,0.1268760859966278,0.9320513010025024,0.641410231590271
YOR020C,YDL092W,0,-7.9510174,0.12685395777225494,0.9320513010025024,0.6415384411811829
YNL065W,YLR346C,0,-7.9515896,0.1268318146467209,0.9320513010025024,0.6416666507720947
YNL232W,YOR007C,0,-7.952095,0.12680970132350922,0.9320513010025024,0.6417948603630066
YNL047C,YBR143C,0,-7.952323,0.12678758800029755,0.9320513010025024,0.6419230699539185
YAL005C,YIL173W,0,-7.9531937,0.12676547467708588,0.9320513010025024,0.6420512795448303
YJL196C,YBR265W,0,-7.9541025,0.1267433762550354,0.9320513010025024,0.6421794891357422
YLL019C,YDR166C,0,-7.954279,0.12672127783298492,0.9320513010025024,0.642307698726654
YNL216W,YBR258C,0,-7.954569,0.12669919431209564,0.9320513010025024,0.6424359083175659
YHR204W,YHR135C,0,-7.954712,0.12667712569236755,0.9320513010025024,0.6425641179084778
YGL253W,YER178W,0,-7.9550457,0.12665505707263947,0.9320513010025024,0.6426923274993896
YEL071W,YER165W,0,-7.9555407,0.12663298845291138,0.9320513010025024,0.6428205370903015
YBL074C,YOL055C,0,-7.955556,0.12661093473434448,0.9320513010025024,0.6429487466812134
YPL040C,YER051W,0,-7.9557953,0.12658889591693878,0.9320513010025024,0.6430768966674805
YAR014C,YPL118W,0,-7.956992,0.12656685709953308,0.9320513010025024,0.6432051062583923
YDL165W,YDR443C,0,-7.9570456,0.12654481828212738,0.9320513010025024,0.6433333158493042
YMR227C,YLR132C,0,-7.9572725,0.12652279436588287,0.9320513010025024,0.6434615254402161
YDR189W,YJL141C,0,-7.9577465,0.12650078535079956,0.9320513010025024,0.6435897350311279
YKR027W,YOL123W,0,-7.9584246,0.12647877633571625,0.9320513010025024,0.6437179446220398
YDR163W,YJR150C,0,-7.958909,0.12645678222179413,0.9320513010025024,0.6438461542129517
YGL251C,YCR009C,0,-7.959158,0.126434788107872,0.9320513010025024,0.6439743638038635
YOL101C,YDR490C,0,-7.9615774,0.1264127939939499,0.9320513010025024,0.6441025733947754
YDR101C,YML025C,1,-7.962862,0.12656466662883759,0.9333333373069763,0.6441025733947754
YGL209W,YMR142C,0,-7.962928,0.12654267251491547,0.9333333373069763,0.6442307829856873
YIL079C,YAL013W,0,-7.9635057,0.12652067840099335,0.9333333373069763,0.6443589925765991
YDL142C,YMR266W,0,-7.963826,0.12649869918823242,0.9333333373069763,0.644487202167511
YBR274W,YGL043W,0,-7.9639626,0.1264767199754715,0.9333333373069763,0.6446154117584229
YLR304C,YHR026W,0,-7.964057,0.12645475566387177,0.9333333373069763,0.6447435617446899
YDL223C,YLR113W,0,-7.9651403,0.12643279135227203,0.9333333373069763,0.6448717713356018
YGL223C,YOR195W,0,-7.965233,0.1264108419418335,0.9333333373069763,0.6449999809265137
YLR069C,YBR170C,0,-7.965353,0.12638889253139496,0.9333333373069763,0.6451281905174255
YPL202C,YDL134C,0,-7.965642,0.12636694312095642,0.9333333373069763,0.6452564001083374
YDR499W,YBR284W,0,-7.9671946,0.12634502351284027,0.9333333373069763,0.6453846096992493
YOR372C,YNR006W,0,-7.967247,0.12632308900356293,0.9333333373069763,0.6455128192901611
YER040W,YBR127C,0,-7.969367,0.12630118429660797,0.9333333373069763,0.645641028881073
YBL040C,YHR090C,0,-7.9698973,0.12627926468849182,0.9333333373069763,0.6457692384719849
YPR122W,YNL016W,0,-7.9701786,0.12625737488269806,0.9333333373069763,0.6458974480628967
YER030W,YHR084W,0,-7.970771,0.1262354850769043,0.9333333373069763,0.6460256576538086
YNL048W,YDR080W,0,-7.97093,0.12621359527111053,0.9333333373069763,0.6461538672447205
YDR148C,YLR368W,0,-7.9715395,0.12619172036647797,0.9333333373069763,0.6462820768356323
YCR028C,YIL017C,0,-7.971669,0.1261698454618454,0.9333333373069763,0.6464102268218994
YJL072C,YOL113W,0,-7.9718885,0.12614798545837402,0.9333333373069763,0.6465384364128113
YNL037C,YDR453C,0,-7.9736166,0.12612612545490265,0.9333333373069763,0.6466666460037231
YGR155W,YDR227W,0,-7.9736576,0.12610428035259247,0.9333333373069763,0.646794855594635
YDL175C,YHR204W,0,-7.9740105,0.1260824352502823,0.9333333373069763,0.6469230651855469
YOL112W,YHR048W,0,-7.974265,0.1260606050491333,0.9333333373069763,0.6470512747764587
YBL018C,YOR083W,0,-7.9746246,0.12603877484798431,0.9333333373069763,0.6471794843673706
YGR036C,YNL030W,0,-7.975561,0.12601695954799652,0.9333333373069763,0.6473076939582825
YJL042W,YNL066W,0,-7.976015,0.12599515914916992,0.9333333373069763,0.6474359035491943
YGL065C,YIR019C,0,-7.9761524,0.12597335875034332,0.9333333373069763,0.6475641131401062
YIL154C,YBR089C-A,0,-7.976218,0.12595155835151672,0.9333333373069763,0.6476923227310181
YAL040C,YOR259C,0,-7.976701,0.12592977285385132,0.9333333373069763,0.6478205323219299
YMR055C,YOL108C,0,-7.977478,0.1259079873561859,0.9333333373069763,0.6479487419128418
YMR029C,YJL063C,0,-7.977521,0.1258862167596817,0.9333333373069763,0.6480769515037537
YJR140C,YPL154C,0,-7.978552,0.12586446106433868,0.9333333373069763,0.6482051014900208
YGL187C,YOR148C,0,-7.9796896,0.12584269046783447,0.9333333373069763,0.6483333110809326
YDL164C,YPL176C,0,-7.9797087,0.12582094967365265,0.9333333373069763,0.6484615206718445
YMR182C,YHR062C,0,-7.9798536,0.12579920887947083,0.9333333373069763,0.6485897302627563
YHR143W,YOL004W,0,-7.9798727,0.125777468085289,0.9333333373069763,0.6487179398536682
YAL044C,YGL163C,0,-7.9808893,0.12575574219226837,0.9333333373069763,0.6488461494445801
YGR005C,YJL164C,0,-7.982033,0.12573403120040894,0.9333333373069763,0.6489743590354919
YIL120W,YGL100W,0,-7.9820595,0.1257123053073883,0.9333333373069763,0.6491025686264038
YDR302W,YDR342C,0,-7.9830713,0.12569060921669006,0.9333333373069763,0.6492307782173157
YDR091C,YML025C,1,-7.983839,0.12584152817726135,0.9346153736114502,0.6492307782173157
YNL279W,YLR321C,0,-7.9840136,0.12581981718540192,0.9346153736114502,0.6493589878082275
YBR158W,YLR086W,0,-7.984766,0.12579810619354248,0.9346153736114502,0.6494871973991394
YHR005C,YMR088C,0,-7.984928,0.12577639520168304,0.9346153736114502,0.6496154069900513
YKL057C,YGR169C,0,-7.9851265,0.1257546991109848,0.9346153736114502,0.6497436165809631
YOL060C,YJL176C,0,-7.985509,0.12573301792144775,0.9346153736114502,0.6498717665672302
YCR063W,YGR181W,0,-7.9856443,0.1257113367319107,0.9346153736114502,0.6499999761581421
YBL084C,YMR080C,0,-7.98654,0.12568965554237366,0.9346153736114502,0.650128185749054
YLR411W,YFR002W,0,-7.987047,0.1256679892539978,0.9346153736114502,0.6502563953399658
YOR198C,YJL063C,0,-7.9871426,0.12564632296562195,0.9346153736114502,0.6503846049308777
YPL082C,YNL049C,0,-7.987216,0.1256246715784073,0.9346153736114502,0.6505128145217896
YCR066W,YDR412W,0,-7.9878635,0.12560303509235382,0.9346153736114502,0.6506410241127014
YCR020C,YDR394W,0,-7.988515,0.12558139860630035,0.9346153736114502,0.6507692337036133
YKL149C,YJL134W,0,-7.988681,0.1255597621202469,0.9346153736114502,0.6508974432945251
YGL257C,YOR194C,0,-7.989232,0.12553814053535461,0.9346153736114502,0.651025652885437
YOL112W,YJL002C,0,-7.9899225,0.12551653385162354,0.9346153736114502,0.6511538624763489
YDR017C,YDR341C,0,-7.990303,0.12549492716789246,0.9346153736114502,0.6512820720672607
YBR179C,YLR329W,0,-7.990615,0.12547332048416138,0.9346153736114502,0.6514102816581726
YIL103W,YCR066W,0,-7.9913874,0.1254517287015915,0.9346153736114502,0.6515384912490845
YOR299W,YBR258C,0,-7.9918585,0.1254301518201828,0.9346153736114502,0.6516666412353516
YOR377W,YBL025W,0,-7.992481,0.12540856003761292,0.9346153736114502,0.6517948508262634
YIL034C,YOR297C,0,-7.9926176,0.12538699805736542,0.9346153736114502,0.6519230604171753
YIL095W,YCR073W-A,0,-7.993023,0.12536543607711792,0.9346153736114502,0.6520512700080872
YFR030W,YPL159C,0,-7.9934635,0.12534387409687042,0.9346153736114502,0.652179479598999
YPL050C,YJR046W,0,-7.9940605,0.12532232701778412,0.9346153736114502,0.6523076891899109
YMR036C,YNL267W,0,-7.994416,0.125300794839859,0.9346153736114502,0.6524358987808228
YOL011W,YLR453C,0,-7.9963484,0.1252792626619339,0.9346153736114502,0.6525641083717346
YDL229W,YHR138C,0,-7.996649,0.1252577304840088,0.9346153736114502,0.6526923179626465
YGL066W,YKR079C,0,-7.9973745,0.12523621320724487,0.9346153736114502,0.6528205275535583
YLR266C,YDL225W,0,-7.997629,0.12521469593048096,0.9346153736114502,0.6529487371444702
YOR056C,YDR322C-A,0,-7.9978113,0.12519319355487823,0.9346153736114502,0.6530769467353821
YDL100C,YFL059W,0,-7.998025,0.1251717060804367,0.9346153736114502,0.653205156326294
YDL035C,YJR139C,0,-7.998148,0.12515021860599518,0.9346153736114502,0.653333306312561
YEL056W,YAR007C,0,-7.999071,0.12512873113155365,0.9346153736114502,0.6534615159034729
YLR153C,YHR206W,0,-7.9991474,0.12510725855827332,0.9346153736114502,0.6535897254943848
YEL037C,YOR329C,0,-7.9992094,0.12508578598499298,0.9346153736114502,0.6537179350852966
YHR166C,YOL039W,0,-7.999381,0.12506432831287384,0.9346153736114502,0.6538461446762085
YMR116C,YDR138W,0,-7.9995804,0.1250428855419159,0.9346153736114502,0.6539743542671204
YBL025W,YLL011W,0,-8.000117,0.12502144277095795,0.9346153736114502,0.6541025638580322
YGR092W,YIL037C,0,-8.000241,0.125,0.9346153736114502,0.6542307734489441
YBR243C,YNL047C,0,-8.000663,0.12497857213020325,0.9346153736114502,0.654358983039856
YER044C,YGL018C,0,-8.001639,0.1249571442604065,0.9346153736114502,0.6544871926307678
YHR089C,YJL063C,0,-8.00205,0.12493573129177094,0.9346153736114502,0.6546154022216797
YHR092C,YDR388W,0,-8.002743,0.12491432577371597,0.9346153736114502,0.6547436118125916
YPR187W,YLR424W,0,-8.003703,0.12489292770624161,0.9346153736114502,0.6548718214035034
YDL192W,YDR182W,0,-8.003991,0.12487152963876724,0.9346153736114502,0.6549999713897705
YDR254W,YNL261W,0,-8.004303,0.12485014647245407,0.9346153736114502,0.6551281809806824
YBR026C,YPL274W,0,-8.005119,0.1248287707567215,0.9346153736114502,0.6552563905715942
YOR249C,YER032W,0,-8.005407,0.12480739504098892,0.9346153736114502,0.6553846001625061
YOR319W,YNL201C,0,-8.005521,0.12478603422641754,0.9346153736114502,0.655512809753418
YBL046W,YKR031C,0,-8.006482,0.12476467341184616,0.9346153736114502,0.6556410193443298
YGR133W,YBR024W,0,-8.006683,0.12474332749843597,0.9346153736114502,0.6557692289352417
YNL039W,YNR054C,0,-8.00675,0.12472198158502579,0.9346153736114502,0.6558974385261536
YIL120W,YKL175W,0,-8.007444,0.1247006505727768,0.9346153736114502,0.6560256481170654
YPL228W,YDR481C,0,-8.007826,0.1246793195605278,0.9346153736114502,0.6561538577079773
YDR263C,YPL233W,0,-8.008235,0.12465800344944,0.9346153736114502,0.6562820672988892
YDL247W,YPL047W,0,-8.008319,0.1246366873383522,0.9346153736114502,0.656410276889801
YDR295C,YGL209W,0,-8.008639,0.1246153861284256,0.9346153736114502,0.6565384864807129
YLR081W,YFL004W,0,-8.008976,0.12459408491849899,0.9346153736114502,0.6566666960716248
YJR121W,YIL117C,0,-8.009171,0.12457279860973358,0.9346153736114502,0.6567948460578918
YNL329C,YGR074W,0,-8.012419,0.12455151230096817,0.9346153736114502,0.6569230556488037
YKR061W,YDL150W,0,-8.012831,0.12453023344278336,0.9346153736114502,0.6570512652397156
YGR120C,YJR074W,0,-8.012891,0.12450896948575974,0.9346153736114502,0.6571794748306274
YPL106C,YLR301W,0,-8.013224,0.12448770552873611,0.9346153736114502,0.6573076844215393
YLR248W,YDR159W,0,-8.013349,0.12446644902229309,0.9346153736114502,0.6574358940124512
YEL036C,YOR299W,0,-8.013352,0.12444519996643066,0.9346153736114502,0.657564103603363
YJL134W,YLR035C,0,-8.014209,0.12442396581172943,0.9346153736114502,0.6576923131942749
YJL099W,YJR022W,0,-8.014474,0.1244027316570282,0.9346153736114502,0.6578205227851868
YGL065C,YLR219W,0,-8.014842,0.12438150495290756,0.9346153736114502,0.6579487323760986
YKL013C,YDR494W,0,-8.014845,0.12436028569936752,0.9346153736114502,0.6580769419670105
YDR270W,YMR161W,0,-8.014959,0.12433907389640808,0.9346153736114502,0.6582051515579224
YPL135W,YBR273C,0,-8.016818,0.12431786954402924,0.9346153736114502,0.6583333611488342
YDR040C,YOL151W,0,-8.017569,0.12429667264223099,0.9346153736114502,0.6584615111351013
YIR002C,YER070W,0,-8.017584,0.12427548319101334,0.9346153736114502,0.6585897207260132
YDR494W,YOL028C,0,-8.018444,0.12425430119037628,0.9346153736114502,0.658717930316925
YPL227C,YOL042W,0,-8.018734,0.12423312664031982,0.9346153736114502,0.6588461399078369
YAL003W,YNL021W,0,-8.019247,0.12421195954084396,0.9346153736114502,0.6589743494987488
YMR030W,YLR410W,0,-8.019647,0.1241907998919487,0.9346153736114502,0.6591025590896606
YHR165C,YGR279C,0,-8.020702,0.12416964769363403,0.9346153736114502,0.6592307686805725
YGR002C,YOR295W,0,-8.021589,0.12414850294589996,0.9346153736114502,0.6593589782714844
YNL261W,YBR296C,0,-8.021975,0.12412736564874649,0.9346153736114502,0.6594871878623962
YDR046C,YFL058W,0,-8.022045,0.12410622835159302,0.9346153736114502,0.6596153974533081
YJL091C,YNL339C,0,-8.022324,0.12408510595560074,0.9346153736114502,0.65974360704422
YGR013W,YIL030C,0,-8.022364,0.12406399101018906,0.9346153736114502,0.6598718166351318
YHR102W,YHR084W,0,-8.022608,0.12404287606477737,0.9346153736114502,0.6600000262260437
YNL323W,YOL122C,0,-8.023654,0.12402177602052689,0.9346153736114502,0.6601281762123108
YPL011C,YJL029C,0,-8.024015,0.124000683426857,0.9346153736114502,0.6602563858032227
YDL181W,YOL135C,0,-8.024767,0.1239795908331871,0.9346153736114502,0.6603845953941345
YGR192C,YKL058W,0,-8.025129,0.1239585131406784,0.9346153736114502,0.6605128049850464
YPL153C,YER100W,0,-8.025486,0.12393743544816971,0.9346153736114502,0.6606410145759583
YPL217C,YPR094W,0,-8.02564,0.1239163726568222,0.9346153736114502,0.6607692241668701
YER013W,YKR014C,0,-8.026374,0.1238953098654747,0.9346153736114502,0.660897433757782
YOR288C,YPR162C,0,-8.027272,0.1238742545247078,0.9346153736114502,0.6610256433486938
YKR035W-A,YER083C,0,-8.02744,0.12385321408510208,0.9346153736114502,0.6611538529396057
YLR377C,YNL222W,0,-8.027503,0.12383217364549637,0.9346153736114502,0.6612820625305176
YLR085C,YGR254W,0,-8.028503,0.12381114065647125,0.9346153736114502,0.6614102721214294
YPR128C,YNR072W,0,-8.029396,0.12379011511802673,0.9346153736114502,0.6615384817123413
YGL200C,YLR337C,0,-8.029651,0.12376909703016281,0.9346153736114502,0.6616666913032532
YAL022C,YDR501W,0,-8.029661,0.12374809384346008,0.9346153736114502,0.661794900894165
YDR171W,YOL109W,0,-8.0303135,0.12372709065675735,0.9346153736114502,0.6619230508804321
YJR125C,YNL004W,0,-8.030381,0.12370609492063522,0.9346153736114502,0.662051260471344
YOL059W,YER116C,0,-8.030382,0.12368510663509369,0.9346153736114502,0.6621794700622559
YKR066C,YLR360W,0,-8.030418,0.12366412580013275,0.9346153736114502,0.6623076796531677
YNL199C,YFR029W,0,-8.031309,0.12364314496517181,0.9346153736114502,0.6624358892440796
YHR043C,YPR024W,0,-8.031941,0.12362217903137207,0.9346153736114502,0.6625640988349915
YML099C,YHR014W,0,-8.0320425,0.12360122054815292,0.9346153736114502,0.6626923084259033
YDR386W,YOR287C,0,-8.032364,0.12358026951551437,0.9346153736114502,0.6628205180168152
YNL279W,YLR305C,0,-8.032548,0.12355931848287582,0.9346153736114502,0.662948727607727
YOL158C,YLR268W,0,-8.032704,0.12353838235139847,0.9346153736114502,0.6630769371986389
YNL286W,YOR098C,0,-8.032779,0.12351745367050171,0.9346153736114502,0.6632051467895508
YDR118W,YLR295C,0,-8.032972,0.12349652498960495,0.9346153736114502,0.6633333563804626
YDR054C,YOL093W,0,-8.03298,0.12347561120986938,0.9346153736114502,0.6634615659713745
YGL105W,YPR101W,0,-8.033954,0.12345469743013382,0.9346153736114502,0.6635897159576416
YIL140W,YMR061W,0,-8.034064,0.12343379855155945,0.9346153736114502,0.6637179255485535
YBR110W,YMR188C,0,-8.035319,0.12341289967298508,0.9346153736114502,0.6638461351394653
YPL018W,YML128C,0,-8.03587,0.1233920082449913,0.9346153736114502,0.6639743447303772
YBL025W,YKR056W,0,-8.036426,0.12337113171815872,0.9346153736114502,0.6641025543212891
YDR231C,YBR102C,0,-8.0364895,0.12335025519132614,0.9346153736114502,0.6642307639122009
YER177W,YOR083W,0,-8.037863,0.12332938611507416,0.9346153736114502,0.6643589735031128
YFL022C,YDR318W,0,-8.038197,0.12330852448940277,0.9346153736114502,0.6644871830940247
YKR057W,YER041W,0,-8.038988,0.12328767031431198,0.9346153736114502,0.6646153926849365
YER172C,YPL187W,0,-8.039035,0.12326682358980179,0.9346153736114502,0.6647436022758484
YHR116W,YJL085W,0,-8.039545,0.12324598431587219,0.9346153736114502,0.6648718118667603
YBR119W,YLR147C,0,-8.039996,0.1232251524925232,0.9346153736114502,0.6650000214576721
YLR189C,YPL153C,0,-8.04049,0.12320432811975479,0.9346153736114502,0.665128231048584
YIR023W,YPL120W,0,-8.040872,0.12318351119756699,0.9346153736114502,0.6652563810348511
YHR055C,YBR188C,0,-8.041929,0.12316269427537918,0.9346153736114502,0.6653845906257629
YLR210W,YGL252C,0,-8.043401,0.12314189225435257,0.9346153736114502,0.6655128002166748
YML099C,YHR062C,0,-8.0446415,0.12312109768390656,0.9346153736114502,0.6656410098075867
YGR180C,YDR422C,0,-8.044957,0.12310030311346054,0.9346153736114502,0.6657692193984985
YGR132C,YKL175W,0,-8.045181,0.12307952344417572,0.9346153736114502,0.6658974289894104
YDL161W,YIL009W,0,-8.047212,0.1230587437748909,0.9346153736114502,0.6660256385803223
YDR459C,YDR427W,0,-8.047574,0.12303797155618668,0.9346153736114502,0.6661538481712341
YIL009W,YLR265C,0,-8.047632,0.12301721423864365,0.9346153736114502,0.666282057762146
YDL148C,YPL033C,0,-8.047857,0.12299645692110062,0.9346153736114502,0.6664102673530579
YJR092W,YMR069W,0,-8.047877,0.12297570705413818,0.9346153736114502,0.6665384769439697
YPR105C,YNL279W,0,-8.048366,0.12295496463775635,0.9346153736114502,0.6666666865348816
YJL146W,YEL053C,0,-8.049067,0.12293422967195511,0.9346153736114502,0.6667948961257935
YLR226W,YLR429W,0,-8.049754,0.12291350215673447,0.9346153736114502,0.6669231057167053
YER106W,YJL025W,0,-8.050198,0.12289278209209442,0.9346153736114502,0.6670512557029724
YDL028C,YMR313C,0,-8.050211,0.12287206947803497,0.9346153736114502,0.6671794652938843
YPL160W,YOL091W,0,-8.052178,0.12285136431455612,0.9346153736114502,0.6673076748847961
YGR103W,YML025C,1,-8.052608,0.1229991540312767,0.9358974099159241,0.6673076748847961
YNL136W,YKR009C,0,-8.05274,0.12297843396663666,0.9358974099159241,0.667435884475708
YPL121C,YGR170W,0,-8.05422,0.12295772135257721,0.9358974099159241,0.6675640940666199
YGR057C,YDR432W,0,-8.054309,0.12293701618909836,0.9358974099159241,0.6676923036575317
YPL228W,YGR213C,0,-8.0545845,0.1229163184762001,0.9358974099159241,0.6678205132484436
YDR236C,YOL068C,0,-8.055227,0.12289562076330185,0.9358974099159241,0.6679487228393555
YLL036C,YBR123C,0,-8.055527,0.12287493795156479,0.9358974099159241,0.6680769324302673
YPR131C,YJR073C,0,-8.055718,0.12285425513982773,0.9358974099159241,0.6682051420211792
YJR040W,YPL214C,0,-8.055874,0.12283358722925186,0.9358974099159241,0.6683333516120911
YDL143W,YCR018C,0,-8.055987,0.122812919318676,0.9358974099159241,0.6684615612030029
YNL275W,YLL001W,0,-8.057459,0.12279225885868073,0.9358974099159241,0.6685897707939148
YBR010W,YLR044C,0,-8.057573,0.12277161329984665,0.9358974099159241,0.6687179207801819
YKL046C,YGR288W,0,-8.057666,0.12275096774101257,0.9358974099159241,0.6688461303710938
YDL165W,YNL282W,0,-8.057996,0.1227303296327591,0.9358974099159241,0.6689743399620056
YNR035C,YPL063W,0,-8.058641,0.12270969897508621,0.9358974099159241,0.6691025495529175
YHR187W,YDR494W,0,-8.059293,0.12268907576799393,0.9358974099159241,0.6692307591438293
YAL015C,YDR160W,0,-8.059326,0.12266846001148224,0.9358974099159241,0.6693589687347412
YPR171W,YLR369W,0,-8.059463,0.12264785170555115,0.9358974099159241,0.6694871783256531
YML099C,YBR010W,0,-8.059984,0.12262724339962006,0.9358974099159241,0.6696153879165649
YKR025W,YIL084C,0,-8.060889,0.12260664999485016,0.9358974099159241,0.6697435975074768
YBL005W,YOR353C,0,-8.061373,0.12258606404066086,0.9358974099159241,0.6698718070983887
YNR072W,YNL262W,0,-8.0614395,0.12256547808647156,0.9358974099159241,0.6700000166893005
YHR088W,YML025C,1,-8.06152,0.12271277606487274,0.9371795058250427,0.6700000166893005
YAL026C,YLR259C,0,-8.062724,0.12269217520952225,0.9371795058250427,0.6701282262802124
YGL244W,YPL253C,0,-8.063657,0.12267158925533295,0.9371795058250427,0.6702564358711243
YPL179W,YKL196C,0,-8.063969,0.12265100330114365,0.9371795058250427,0.6703845858573914
YER157W,YML109W,0,-8.064227,0.12263043224811554,0.9371795058250427,0.6705127954483032
YPL008W,YDL022W,0,-8.064375,0.12260986119508743,0.9371795058250427,0.6706410050392151
YDR283C,YHR005C-A,0,-8.064977,0.12258929759263992,0.9371795058250427,0.670769214630127
YGR244C,YOR373W,0,-8.0657215,0.12256874889135361,0.9371795058250427,0.6708974242210388
YBR205W,YER013W,0,-8.066066,0.12254820019006729,0.9371795058250427,0.6710256338119507
YPL187W,YDR488C,0,-8.066699,0.12252765893936157,0.9371795058250427,0.6711538434028625
YMR240C,YBL032W,0,-8.067364,0.12250712513923645,0.9371795058250427,0.6712820529937744
YHR167W,YJL056C,0,-8.067779,0.12248659878969193,0.9371795058250427,0.6714102625846863
YDR211W,YMR087W,0,-8.068097,0.1224660724401474,0.9371795058250427,0.6715384721755981
YGL150C,YLL002W,0,-8.071337,0.12244556099176407,0.9371795058250427,0.67166668176651
YNL201C,YPR107C,0,-8.071473,0.12242505699396133,0.9371795058250427,0.6717948913574219
YAL044C,YOL148C,0,-8.071628,0.1224045529961586,0.9371795058250427,0.6719231009483337
YPL040C,YBR143C,0,-8.071901,0.12238406389951706,0.9371795058250427,0.6720513105392456
YMR314W,YPL237W,0,-8.072656,0.12236357480287552,0.9371795058250427,0.6721794605255127
YDR480W,YCL039W,0,-8.073529,0.12234309315681458,0.9371795058250427,0.6723076701164246
YNL084C,YJL106W,0,-8.074113,0.12232262641191483,0.9371795058250427,0.6724358797073364
YGL017W,YDR346C,0,-8.074616,0.12230215966701508,0.9371795058250427,0.6725640892982483
YPL159C,YDL076C,0,-8.074675,0.12228170037269592,0.9371795058250427,0.6726922988891602
YHR190W,YEL037C,0,-8.075731,0.12226124852895737,0.9371795058250427,0.672820508480072
YNL039W,YER075C,0,-8.075795,0.12224080413579941,0.9371795058250427,0.6729487180709839
YDR448W,YPL089C,0,-8.076001,0.12222036719322205,0.9371795058250427,0.6730769276618958
YPL149W,YAL043C,0,-8.076017,0.12219993025064468,0.9371795058250427,0.6732051372528076
YJL095W,YKR050W,0,-8.07691,0.12217950820922852,0.9371795058250427,0.6733333468437195
YOL142W,YNL339C,0,-8.077009,0.12215909361839294,0.9371795058250427,0.6734615564346313
YER051W,YER029C,0,-8.077262,0.12213867902755737,0.9371795058250427,0.6735897660255432
YNL101W,YJL008C,0,-8.078468,0.122118279337883,0.9371795058250427,0.6737179756164551
YHR143W,YPL059W,0,-8.078697,0.12209787964820862,0.9371795058250427,0.6738461256027222
YJL116C,YNR032W,0,-8.079012,0.12207748740911484,0.9371795058250427,0.673974335193634
YOL146W,YDR359C,0,-8.07921,0.12205710262060165,0.9371795058250427,0.6741025447845459
YPR199C,YFL011W,0,-8.079293,0.12203672528266907,0.9371795058250427,0.6742307543754578
YCL067C,YPL032C,0,-8.079537,0.12201635539531708,0.9371795058250427,0.6743589639663696
YKL149C,YPL254W,0,-8.080828,0.12199599295854568,0.9371795058250427,0.6744871735572815
YLR090W,YNL310C,0,-8.081733,0.12197563797235489,0.9371795058250427,0.6746153831481934
YBR288C,YGR257C,0,-8.082504,0.12195529043674469,0.9371795058250427,0.6747435927391052
YPL032C,YDR495C,0,-8.082527,0.12193494290113449,0.9371795058250427,0.6748718023300171
YML023C,YIR015W,0,-8.082574,0.12191461026668549,0.9371795058250427,0.675000011920929
YOR058C,YOR076C,0,-8.083238,0.12189427763223648,0.9371795058250427,0.6751282215118408
YMR188C,YOR106W,0,-8.083422,0.12187395989894867,0.9371795058250427,0.6752564311027527
YML006C,YNL103W,0,-8.083722,0.12185364216566086,0.9371795058250427,0.6753846406936646
YJL013C,YFR048W,0,-8.084539,0.12183333188295364,0.9371795058250427,0.6755128502845764
YGL018C,YPL121C,0,-8.085613,0.12181302905082703,0.9371795058250427,0.6756410002708435
YPR135W,YNL151C,0,-8.08566,0.121792733669281,0.9371795058250427,0.6757692098617554
YLR423C,YDR490C,0,-8.086662,0.12177244573831558,0.9371795058250427,0.6758974194526672
YDR099W,YDR459C,0,-8.086955,0.12175216525793076,0.9371795058250427,0.6760256290435791
YJL116C,YDL002C,0,-8.088074,0.12173189222812653,0.9371795058250427,0.676153838634491
YKL188C,YDR416W,0,-8.088806,0.1217116191983223,0.9371795058250427,0.6762820482254028
YDL175C,YBR008C,0,-8.088906,0.12169136106967926,0.9371795058250427,0.6764102578163147
YNL072W,YLR398C,0,-8.089796,0.12167110294103622,0.9371795058250427,0.6765384674072266
YER040W,YJR104C,0,-8.089959,0.12165085971355438,0.9371795058250427,0.6766666769981384
YOR083W,YHR161C,0,-8.0899725,0.12163061648607254,0.9371795058250427,0.6767948865890503
YPL078C,YPL269W,0,-8.090579,0.1216103807091713,0.9371795058250427,0.6769230961799622
YIL114C,YOR057W,0,-8.090582,0.12159015238285065,0.9371795058250427,0.677051305770874
YIR012W,YML025C,1,-8.091264,0.12173623591661453,0.9384615421295166,0.677051305770874
YGR044C,YKL196C,0,-8.091811,0.12171599268913269,0.9384615421295166,0.6771795153617859
YNL135C,YDR137W,0,-8.091922,0.12169575691223145,0.9384615421295166,0.677307665348053
YBR201W,YOR136W,0,-8.092547,0.1216755285859108,0.9384615421295166,0.6774358749389648
YDR163W,YBR017C,0,-8.093632,0.12165530771017075,0.9384615421295166,0.6775640845298767
YJR150C,YER025W,0,-8.093993,0.12163509428501129,0.9384615421295166,0.6776922941207886
YCR107W,YMR308C,0,-8.094866,0.12161488831043243,0.9384615421295166,0.6778205037117004
YKL190W,YPL011C,0,-8.095574,0.12159468233585358,0.9384615421295166,0.6779487133026123
YDL044C,YDR135C,0,-8.096364,0.12157449126243591,0.9384615421295166,0.6780769228935242
YPR122W,YCR031C,0,-8.097523,0.12155430018901825,0.9384615421295166,0.678205132484436
YBR231C,YDR324C,0,-8.097875,0.12153411656618118,0.9384615421295166,0.6783333420753479
YFR013W,YHR039C-A,0,-8.09808,0.12151394784450531,0.9384615421295166,0.6784615516662598
YJR137C,YDR453C,0,-8.098388,0.12149377912282944,0.9384615421295166,0.6785897612571716
YFR055W,YNL241C,0,-8.099644,0.12147361785173416,0.9384615421295166,0.6787179708480835
YGL205W,YDR389W,0,-8.10036,0.12145345658063889,0.9384615421295166,0.6788461804389954
YLR016C,YNR006W,0,-8.100695,0.1214333102107048,0.9384615421295166,0.6789743304252625
YJL207C,YDR529C,0,-8.10156,0.12141317129135132,0.9384615421295166,0.6791025400161743
YMR162C,YIL023C,0,-8.10191,0.12139303237199783,0.9384615421295166,0.6792307496070862
YMR092C,YLR026C,0,-8.102973,0.12137290835380554,0.9384615421295166,0.679358959197998
YLR170C,YBL069W,0,-8.103892,0.12135278433561325,0.9384615421295166,0.6794871687889099
YFL011W,YOR362C,0,-8.104061,0.12133266776800156,0.9384615421295166,0.6796153783798218
YPR175W,YIR041W,0,-8.104153,0.12131255865097046,0.9384615421295166,0.6797435879707336
YMR276W,YOR307C,0,-8.104197,0.12129245698451996,0.9384615421295166,0.6798717975616455
YCL026C-A,YOL012C,0,-8.10426,0.12127236276865005,0.9384615421295166,0.6800000071525574
YLR304C,YOL017W,0,-8.104335,0.12125227600336075,0.9384615421295166,0.6801282167434692
YJR127C,YPR140W,0,-8.105195,0.12123219668865204,0.9384615421295166,0.6802564263343811
YGL158W,YJL127C,0,-8.107912,0.12121212482452393,0.9384615421295166,0.680384635925293
YGR278W,YOR087W,0,-8.108147,0.12119205296039581,0.9384615421295166,0.6805128455162048
YGR135W,YML024W,0,-8.108776,0.1211719885468483,0.9384615421295166,0.6806410551071167
YLR131C,YNL128W,0,-8.109557,0.12115193903446198,0.9384615421295166,0.6807692050933838
YPL021W,YPL180W,0,-8.109672,0.12113188952207565,0.9384615421295166,0.6808974146842957
YKL110C,YBR077C,0,-8.110047,0.12111184746026993,0.9384615421295166,0.6810256242752075
YML025C,YOR272W,1,-8.110249,0.1212572380900383,0.9397435784339905,0.6810256242752075
YKL190W,YIL019W,0,-8.111026,0.12123718112707138,0.9397435784339905,0.6811538338661194
YGL144C,YPL057C,0,-8.111252,0.12121713161468506,0.9397435784339905,0.6812820434570312
YBR015C,YNL149C,0,-8.111978,0.12119708955287933,0.9397435784339905,0.6814102530479431
YDL052C,YBR223C,0,-8.112081,0.1211770549416542,0.9397435784339905,0.681538462638855
YMR043W,YNR003C,0,-8.112319,0.12115702778100967,0.9397435784339905,0.6816666722297668
YOR329C,YMR016C,0,-8.113244,0.12113700062036514,0.9397435784339905,0.6817948818206787
YOL086C,YNL210W,0,-8.1133175,0.1211169883608818,0.9397435784339905,0.6819230914115906
YJL166W,YDR076W,0,-8.114017,0.12109697610139847,0.9397435784339905,0.6820513010025024
YBL078C,YLR427W,0,-8.114045,0.12107697129249573,0.9397435784339905,0.6821795105934143
YMR234W,YBR058C,0,-8.114418,0.12105698138475418,0.9397435784339905,0.6823077201843262
YGR169C,YDR464W,0,-8.114799,0.12103699147701263,0.9397435784339905,0.6824358701705933
YIL097W,YDR201W,0,-8.115149,0.12101700156927109,0.9397435784339905,0.6825640797615051
YDR301W,YEL034W,0,-8.115154,0.12099702656269073,0.9397435784339905,0.682692289352417
YDL142C,YNL263C,0,-8.115429,0.12097705900669098,0.9397435784339905,0.6828204989433289
YDR317W,YHR001W,0,-8.115568,0.12095709890127182,0.9397435784339905,0.6829487085342407
YJR073C,YJL045W,0,-8.116252,0.12093713879585266,0.9397435784339905,0.6830769181251526
YAL044C,YPL085W,0,-8.116916,0.1209171861410141,0.9397435784339905,0.6832051277160645
YFR021W,YOL040C,0,-8.117234,0.12089724838733673,0.9397435784339905,0.6833333373069763
YDR302W,YLR023C,0,-8.118154,0.12087731063365936,0.9397435784339905,0.6834615468978882
YDR043C,YLR090W,0,-8.118524,0.12085738033056259,0.9397435784339905,0.6835897564888
YLR310C,YMR142C,0,-8.118579,0.12083745747804642,0.9397435784339905,0.6837179660797119
YLR144C,YML112W,0,-8.118746,0.12081753462553024,0.9397435784339905,0.6838461756706238
YML103C,YHR060W,0,-8.118905,0.12079762667417526,0.9397435784339905,0.6839743852615356
YER106W,YGR202C,0,-8.119221,0.12077772617340088,0.9397435784339905,0.6841025352478027
YOR005C,YOL135C,0,-8.119287,0.1207578256726265,0.9397435784339905,0.6842307448387146
YDR206W,YOL039W,0,-8.119329,0.12073793262243271,0.9397435784339905,0.6843589544296265
YLL031C,YLR332W,0,-8.119765,0.12071804702281952,0.9397435784339905,0.6844871640205383
YOL123W,YFL011W,0,-8.121217,0.12069816887378693,0.9397435784339905,0.6846153736114502
YMR022W,YOR217W,0,-8.122598,0.12067829817533493,0.9397435784339905,0.6847435832023621
YMR264W,YLR055C,0,-8.123908,0.12065843492746353,0.9397435784339905,0.6848717927932739
YBL024W,YGR042W,0,-8.12436,0.12063857913017273,0.9397435784339905,0.6850000023841858
YJL010C,YNL169C,0,-8.124522,0.12061872333288193,0.9397435784339905,0.6851282119750977
YJL110C,YLL024C,0,-8.125356,0.12059888243675232,0.9397435784339905,0.6852564215660095
YER145C,YPL085W,0,-8.125602,0.12057904154062271,0.9397435784339905,0.6853846311569214
YPR183W,YCL067C,0,-8.12572,0.1205592080950737,0.9397435784339905,0.6855128407478333
YGL022W,YAL001C,0,-8.125936,0.12053938210010529,0.9397435784339905,0.6856410503387451
YJL196C,YDL198C,0,-8.126186,0.12051956355571747,0.9397435784339905,0.685769259929657
YKR025W,YIL030C,0,-8.128546,0.12049975246191025,0.9397435784339905,0.6858974099159241
YMR208W,YPL022W,0,-8.128764,0.12047994881868362,0.9397435784339905,0.6860256195068359
YNL048W,YIL132C,0,-8.1291485,0.120460145175457,0.9397435784339905,0.6861538290977478
YDR339C,YPL045W,0,-8.129209,0.12044035643339157,0.9397435784339905,0.6862820386886597
YGL143C,YKL173W,0,-8.1295805,0.12042056769132614,0.9397435784339905,0.6864102482795715
YGR286C,YDR259C,0,-8.130988,0.12040078639984131,0.9397435784339905,0.6865384578704834
YOR353C,YML021C,0,-8.131399,0.12038101255893707,0.9397435784339905,0.6866666674613953
YGL133W,YBR171W,0,-8.131907,0.12036124616861343,0.9397435784339905,0.6867948770523071
YPR055W,YHR206W,0,-8.131931,0.12034148722887039,0.9397435784339905,0.686923086643219
YLR286C,YHR133C,0,-8.132456,0.12032173573970795,0.9397435784339905,0.6870512962341309
YBL018C,YNL253W,0,-8.132912,0.1203019842505455,0.9397435784339905,0.6871795058250427
YNR007C,YDR073W,0,-8.133031,0.12028224766254425,0.9397435784339905,0.6873077154159546
YGR097W,YLR378C,0,-8.133303,0.120262511074543,0.9397435784339905,0.6874359250068665
YHR158C,YJL116C,0,-8.13367,0.12024278193712234,0.9397435784339905,0.6875640749931335
YER118C,YNL253W,0,-8.133717,0.12022306025028229,0.9397435784339905,0.6876922845840454
YGR278W,YJR082C,0,-8.133748,0.12020334601402283,0.9397435784339905,0.6878204941749573
YDR440W,YDR164C,0,-8.133842,0.12018363922834396,0.9397435784339905,0.6879487037658691
YNR032W,YOR194C,0,-8.13408,0.1201639324426651,0.9397435784339905,0.688076913356781
YKL176C,YJL166W,0,-8.134407,0.12014424055814743,0.9397435784339905,0.6882051229476929
YPR023C,YKR101W,0,-8.134901,0.12012454867362976,0.9397435784339905,0.6883333325386047
YDR073W,YMR243C,0,-8.135312,0.12010486423969269,0.9397435784339905,0.6884615421295166
YGL253W,YGR244C,0,-8.135732,0.12008518725633621,0.9397435784339905,0.6885897517204285
YJR006W,YOL100W,0,-8.135966,0.12006551772356033,0.9397435784339905,0.6887179613113403
YMR314W,YDR103W,0,-8.135993,0.12004585564136505,0.9397435784339905,0.6888461709022522
YGR109C,YOR351C,0,-8.136461,0.12002620100975037,0.9397435784339905,0.6889743804931641
YMR277W,YOR344C,0,-8.136769,0.12000654637813568,0.9397435784339905,0.6891025900840759
YHR007C,YDR508C,0,-8.137264,0.11998690664768219,0.9397435784339905,0.689230740070343
YDL028C,YMR272C,0,-8.137948,0.1199672669172287,0.9397435784339905,0.6893589496612549
YHR043C,YNL313C,0,-8.138002,0.1199476346373558,0.9397435784339905,0.6894871592521667
YHR133C,YDR409W,0,-8.138291,0.11992800980806351,0.9397435784339905,0.6896153688430786
YKR039W,YOR132W,0,-8.138338,0.1199083924293518,0.9397435784339905,0.6897435784339905
YOR005C,YKL032C,0,-8.139298,0.1198887825012207,0.9397435784339905,0.6898717880249023
YGR132C,YDR201W,0,-8.13966,0.1198691725730896,0.9397435784339905,0.6899999976158142
YNL130C,YCR066W,0,-8.140663,0.11984957754611969,0.9397435784339905,0.6901282072067261
YBL063W,YOR182C,0,-8.140689,0.11982998251914978,0.9397435784339905,0.6902564167976379
YDR494W,YMR190C,0,-8.140892,0.11981039494276047,0.9397435784339905,0.6903846263885498
YER142C,YMR218C,0,-8.140914,0.11979081481695175,0.9397435784339905,0.6905128359794617
YLR085C,YEL004W,0,-8.141346,0.11977124214172363,0.9397435784339905,0.6906410455703735
YLR433C,YNL026W,0,-8.141591,0.11975167691707611,0.9397435784339905,0.6907692551612854
YIR005W,YBR214W,0,-8.141622,0.11973211169242859,0.9397435784339905,0.6908974647521973
YHR082C,YOR270C,0,-8.141685,0.11971256136894226,0.9397435784339905,0.6910256147384644
YNL318C,YNL229C,0,-8.141736,0.11969301104545593,0.9397435784339905,0.6911538243293762
YNL288W,YGL092W,0,-8.143324,0.1196734681725502,0.9397435784339905,0.6912820339202881
YGR202C,YOR001W,0,-8.14362,0.11965393275022507,0.9397435784339905,0.6914102435112
YMR208W,YJL110C,0,-8.144524,0.11963440477848053,0.9397435784339905,0.6915384531021118
YGR230W,YLR098C,0,-8.144838,0.11961488425731659,0.9397435784339905,0.6916666626930237
YJL034W,YPR168W,0,-8.144895,0.11959536373615265,0.9397435784339905,0.6917948722839355
YDL043C,YJL093C,0,-8.145182,0.1195758581161499,0.9397435784339905,0.6919230818748474
YML123C,YJR004C,0,-8.145468,0.11955635249614716,0.9397435784339905,0.6920512914657593
YKR076W,YGR029W,0,-8.145941,0.119536854326725,0.9397435784339905,0.6921795010566711
YAR014C,YPL010W,0,-8.146323,0.11951736360788345,0.9397435784339905,0.692307710647583
YOR249C,YHR172W,0,-8.146999,0.1194978803396225,0.9397435784339905,0.6924359202384949
YBL035C,YPL089C,0,-8.14804,0.11947840452194214,0.9397435784339905,0.6925641298294067
YLR116W,YIR018W,0,-8.149632,0.11945892870426178,0.9397435784339905,0.6926922798156738
YJL106W,YGR165W,0,-8.1499195,0.11943946778774261,0.9397435784339905,0.6928204894065857
YLR219W,YDR459C,0,-8.149992,0.11942000687122345,0.9397435784339905,0.6929486989974976
YLR009W,YML025C,1,-8.150505,0.11956344544887543,0.9410256147384644,0.6929486989974976
YNL261W,YPR036W,0,-8.152654,0.11954397708177567,0.9410256147384644,0.6930769085884094
YKR009C,YDR308C,0,-8.152843,0.1195245087146759,0.9410256147384644,0.6932051181793213
YNL039W,YGL092W,0,-8.153311,0.11950504779815674,0.9410256147384644,0.6933333277702332
YOR335C,YML075C,0,-8.153495,0.11948559433221817,0.9410256147384644,0.693461537361145
YCL014W,YLR147C,0,-8.155615,0.1194661483168602,0.9410256147384644,0.6935897469520569
YDR288W,YGR118W,0,-8.156093,0.11944670230150223,0.9410256147384644,0.6937179565429688
YDR427W,YJL127C,0,-8.156284,0.11942727118730545,0.9410256147384644,0.6938461661338806
YNL280C,YNL015W,0,-8.15632,0.11940784007310867,0.9410256147384644,0.6939743757247925
YDR123C,YJR052W,0,-8.156485,0.11938841640949249,0.9410256147384644,0.6941025853157043
YER032W,YDL002C,0,-8.157184,0.11936900019645691,0.9410256147384644,0.6942307949066162
YDL160C,YPR002W,0,-8.157231,0.11934959143400192,0.9410256147384644,0.6943589448928833
YKR007W,YOL090W,0,-8.157696,0.11933019012212753,0.9410256147384644,0.6944871544837952
YHR013C,YOL042W,0,-8.15829,0.11931079626083374,0.9410256147384644,0.694615364074707
YOR320C,YIL112W,0,-8.160567,0.11929140239953995,0.9410256147384644,0.6947435736656189
YNL088W,YHL009C,0,-8.160754,0.11927201598882675,0.9410256147384644,0.6948717832565308
YGR056W,YJR103W,0,-8.161581,0.11925263702869415,0.9410256147384644,0.6949999928474426
YDR272W,YKL173W,0,-8.161889,0.11923326551914215,0.9410256147384644,0.6951282024383545
YJL101C,YKL205W,0,-8.162528,0.11921390146017075,0.9410256147384644,0.6952564120292664
YOL149W,YEL019C,0,-8.162716,0.11919454485177994,0.9410256147384644,0.6953846216201782
YDR093W,YDR308C,0,-8.162846,0.11917518824338913,0.9410256147384644,0.6955128312110901
YJL209W,YGL240W,0,-8.16365,0.11915584653615952,0.9410256147384644,0.695641040802002
YOR068C,YOR087W,0,-8.163754,0.1191365048289299,0.9410256147384644,0.6957692503929138
YFL021W,YDR201W,0,-8.163829,0.11911717057228088,0.9410256147384644,0.6958974599838257
YBR274W,YGR158C,0,-8.164006,0.11909784376621246,0.9410256147384644,0.6960256695747375
YIR025W,YBR118W,0,-8.164379,0.11907851696014404,0.9410256147384644,0.6961538195610046
YMR275C,YER106W,0,-8.165196,0.11905920505523682,0.9410256147384644,0.6962820291519165
YGR029W,YLR427W,0,-8.165423,0.11903989315032959,0.9410256147384644,0.6964102387428284
YNL111C,YGL172W,0,-8.16628,0.11902059614658356,0.9410256147384644,0.6965384483337402
YBR038W,YKL110C,0,-8.167372,0.11900129914283752,0.9410256147384644,0.6966666579246521
YMR001C,YDR072C,0,-8.167481,0.11898200958967209,0.9410256147384644,0.696794867515564
YPR054W,YKL099C,0,-8.167562,0.11896272003650665,0.9410256147384644,0.6969230771064758
YOR116C,YFL049W,0,-8.16805,0.11894344538450241,0.9410256147384644,0.6970512866973877
YBR050C,YDL190C,0,-8.1693735,0.11892417073249817,0.9410256147384644,0.6971794962882996
YJL196C,YOR060C,0,-8.169488,0.11890491098165512,0.9410256147384644,0.6973077058792114
YPL202C,YNL072W,0,-8.169932,0.11888565123081207,0.9410256147384644,0.6974359154701233
YDR296W,YBR079C,0,-8.17004,0.11886639893054962,0.9410256147384644,0.6975641250610352
YBR008C,YDR379W,0,-8.170097,0.11884714663028717,0.9410256147384644,0.697692334651947
YNL279W,YDR447C,0,-8.171072,0.11882790923118591,0.9410256147384644,0.6978204846382141
YKR068C,YLL036C,0,-8.1711,0.11880867928266525,0.9410256147384644,0.697948694229126
YPL196W,YNL222W,0,-8.171162,0.11878944933414459,0.9410256147384644,0.6980769038200378
YNL039W,YGL245W,0,-8.171217,0.11877022683620453,0.9410256147384644,0.6982051134109497
YFR050C,YDL084W,0,-8.172374,0.11875101178884506,0.9410256147384644,0.6983333230018616
YLL043W,YER024W,0,-8.172908,0.11873180419206619,0.9410256147384644,0.6984615325927734
YHR082C,YDL120W,0,-8.172987,0.11871259659528732,0.9410256147384644,0.6985897421836853
YFL029C,YKL139W,0,-8.17309,0.11869340389966965,0.9410256147384644,0.6987179517745972
YGL075C,YCR035C,0,-8.173944,0.11867421120405197,0.9410256147384644,0.698846161365509
YLR259C,YER013W,0,-8.174331,0.11865502595901489,0.9410256147384644,0.6989743709564209
YOR298W,YAL017W,0,-8.174884,0.11863584816455841,0.9410256147384644,0.6991025805473328
YOR140W,YNL333W,0,-8.17524,0.11861667782068253,0.9410256147384644,0.6992307901382446
YJL196C,YJL085W,0,-8.175451,0.11859751492738724,0.9410256147384644,0.6993589997291565
YER012W,YML114C,0,-8.176219,0.11857835203409195,0.9410256147384644,0.6994871497154236
YFR048W,YDR425W,0,-8.176634,0.11855919659137726,0.9410256147384644,0.6996153593063354
YML110C,YBR069C,0,-8.176789,0.11854004859924316,0.9410256147384644,0.6997435688972473
YNL327W,YMR224C,0,-8.177118,0.11852090805768967,0.9410256147384644,0.6998717784881592
YCR063W,YNL263C,0,-8.177912,0.11850177496671677,0.9410256147384644,0.699999988079071
YGL029W,YPL065W,0,-8.177969,0.11848264932632446,0.9410256147384644,0.7001281976699829
YER173W,YNL066W,0,-8.180316,0.11846352368593216,0.9410256147384644,0.7002564072608948
YDR118W,YOR117W,0,-8.181919,0.11844440549612045,0.9410256147384644,0.7003846168518066
YDR480W,YBL030C,0,-8.181937,0.11842530220746994,0.9410256147384644,0.7005128264427185
YGR028W,YER008C,0,-8.181968,0.11840619146823883,0.9410256147384644,0.7006410360336304
YNL103W,YPL120W,0,-8.182433,0.11838709563016891,0.9410256147384644,0.7007692456245422
YKL101W,YDR078C,0,-8.182552,0.1183680072426796,0.9410256147384644,0.7008974552154541
YLR010C,YJL087C,0,-8.183755,0.11834891885519028,0.9410256147384644,0.701025664806366
YKR065C,YPL159C,0,-8.184013,0.11832983791828156,0.9410256147384644,0.7011538743972778
YGR007W,YDR389W,0,-8.184283,0.11831076443195343,0.9410256147384644,0.7012820243835449
YGR098C,YMR016C,0,-8.184623,0.1182916983962059,0.9410256147384644,0.7014102339744568
YLR157C,YKL005C,0,-8.184965,0.11827263981103897,0.9410256147384644,0.7015384435653687
YBL035C,YOL105C,0,-8.1855755,0.11825358122587204,0.9410256147384644,0.7016666531562805
YBR153W,YJR009C,0,-8.185718,0.1182345375418663,0.9410256147384644,0.7017948627471924
YJR139C,YDR464W,0,-8.186509,0.11821549385786057,0.9410256147384644,0.7019230723381042
YCR077C,YGL227W,0,-8.18866,0.11819645762443542,0.9410256147384644,0.7020512819290161
YDL134C,YMR268C,0,-8.188732,0.11817742884159088,0.9410256147384644,0.702179491519928
YEL016C,YGL055W,0,-8.188804,0.11815840005874634,0.9410256147384644,0.7023077011108398
YCR065W,YNL292W,0,-8.1888485,0.11813938617706299,0.9410256147384644,0.7024359107017517
YLR134W,YOL110W,0,-8.188864,0.11812037229537964,0.9410256147384644,0.7025641202926636
YNR054C,YBR133C,0,-8.188992,0.11810136586427689,0.9410256147384644,0.7026923298835754
YHR183W,YNL339C,0,-8.189584,0.11808236688375473,0.9410256147384644,0.7028205394744873
YDR162C,YML055W,0,-8.190847,0.11806337535381317,0.9410256147384644,0.7029486894607544
YJL210W,YMR101C,0,-8.192164,0.11804438382387161,0.9410256147384644,0.7030768990516663
YOR007C,YOR115C,0,-8.192396,0.11802540719509125,0.9410256147384644,0.7032051086425781
YPR067W,YER106W,0,-8.192573,0.11800643056631088,0.9410256147384644,0.70333331823349
YNL192W,YMR182C,0,-8.192856,0.11798746138811111,0.9410256147384644,0.7034615278244019
YNL331C,YBL025W,0,-8.19325,0.11796849966049194,0.9410256147384644,0.7035897374153137
YEL002C,YNL339C,0,-8.19344,0.11794954538345337,0.9410256147384644,0.7037179470062256
YDR424C,YIR015W,0,-8.194156,0.1179305911064148,0.9410256147384644,0.7038461565971375
YDR036C,YLR088W,0,-8.194181,0.11791164427995682,0.9410256147384644,0.7039743661880493
YKL201C,YKL175W,0,-8.194585,0.11789270490407944,0.9410256147384644,0.7041025757789612
YFR055W,YGL004C,0,-8.194656,0.11787377297878265,0.9410256147384644,0.704230785369873
YDL059C,YDL217C,0,-8.194779,0.11785484850406647,0.9410256147384644,0.7043589949607849
YGL158W,YPL180W,0,-8.195187,0.11783593147993088,0.9410256147384644,0.7044872045516968
YLR117C,YGL100W,0,-8.196799,0.11781701445579529,0.9410256147384644,0.7046154141426086
YOL054W,YBR253W,0,-8.197674,0.1177981048822403,0.9410256147384644,0.7047435641288757
YNL227C,YML025C,1,-8.197719,0.11793966591358185,0.942307710647583,0.7047435641288757
YCR066W,YHR203C,0,-8.19773,0.11792074143886566,0.942307710647583,0.7048717737197876
YDR448W,YAR015W,0,-8.197891,0.11790183186531067,0.942307710647583,0.7049999833106995
YGL120C,YML025C,1,-8.199099,0.11804330348968506,0.9435897469520569,0.7049999833106995
YJR127C,YLL021W,0,-8.199969,0.11802437156438828,0.9435897469520569,0.7051281929016113
YLR380W,YDR329C,0,-8.200123,0.11800545454025269,0.9435897469520569,0.7052564024925232
YOR198C,YOR087W,0,-8.200291,0.1179865375161171,0.9435897469520569,0.7053846120834351
YMR052W,YGL168W,0,-8.200299,0.1179676204919815,0.9435897469520569,0.7055128216743469
YMR312W,YDR296W,0,-8.200316,0.11794871836900711,0.9435897469520569,0.7056410312652588
YCL010C,YLR045C,0,-8.201533,0.11792981624603271,0.9435897469520569,0.7057692408561707
YNL286W,YIL129C,0,-8.201565,0.11791092902421951,0.9435897469520569,0.7058974504470825
YGL244W,YMR273C,0,-8.20169,0.11789204180240631,0.9435897469520569,0.7060256600379944
YER106W,YMR231W,0,-8.203009,0.11787315458059311,0.9435897469520569,0.7061538696289062
YPL269W,YOL128C,0,-8.203187,0.1178542822599411,0.9435897469520569,0.7062820792198181
YGR077C,YBL093C,0,-8.203419,0.11783541738986969,0.9435897469520569,0.7064102292060852
YFR051C,YKL058W,0,-8.2036495,0.11781655251979828,0.9435897469520569,0.7065384387969971
YBR098W,YKL080W,0,-8.204006,0.11779769510030746,0.9435897469520569,0.7066666483879089
YIL150C,YDR027C,0,-8.204107,0.11777884513139725,0.9435897469520569,0.7067948579788208
YCL029C,YBL002W,0,-8.204259,0.11776000261306763,0.9435897469520569,0.7069230675697327
YCR094W,YJL139C,0,-8.204625,0.117741160094738,0.9435897469520569,0.7070512771606445
YOR201C,YPR162C,0,-8.205037,0.11772233247756958,0.9435897469520569,0.7071794867515564
YBR276C,YGL171W,0,-8.205089,0.11770350486040115,0.9435897469520569,0.7073076963424683
YDR054C,YOR191W,0,-8.205101,0.11768468469381332,0.9435897469520569,0.7074359059333801
YBR258C,YJL154C,0,-8.20542,0.1176658645272255,0.9435897469520569,0.707564115524292
YJR131W,YER094C,0,-8.205494,0.11764705926179886,0.9435897469520569,0.7076923251152039
YNL297C,YOR287C,0,-8.205582,0.11762825399637222,0.9435897469520569,0.7078205347061157
YMR083W,YML128C,0,-8.205905,0.11760945618152618,0.9435897469520569,0.7079487442970276
YNR033W,YPL159C,0,-8.206075,0.11759066581726074,0.9435897469520569,0.7080768942832947
YLR011W,YPL176C,0,-8.206272,0.1175718829035759,0.9435897469520569,0.7082051038742065
YLR330W,YGR055W,0,-8.207352,0.11755310744047165,0.9435897469520569,0.7083333134651184
YJR078W,YBR118W,0,-8.207389,0.1175343319773674,0.9435897469520569,0.7084615230560303
YHR205W,YNR034W,0,-8.207646,0.11751556396484375,0.9435897469520569,0.7085897326469421
YGL111W,YML025C,1,-8.208759,0.11765644699335098,0.9448717832565308,0.7085897326469421
YIR033W,YBR240C,0,-8.2089405,0.11763767153024673,0.9448717832565308,0.708717942237854
YER107C,YCR008W,0,-8.208954,0.11761889606714249,0.9448717832565308,0.7088461518287659
YPL051W,YDL130W-A,0,-8.209979,0.11760012805461884,0.9448717832565308,0.7089743614196777
YDR121W,YGR013W,0,-8.211371,0.11758136749267578,0.9448717832565308,0.7091025710105896
YOL026C,YBR260C,0,-8.211381,0.11756260693073273,0.9448717832565308,0.7092307806015015
YDR345C,YMR268C,0,-8.211929,0.11754386126995087,0.9448717832565308,0.7093589901924133
YJL157C,YPR042C,0,-8.212144,0.117525115609169,0.9448717832565308,0.7094871997833252
YLR085C,YOR344C,0,-8.212908,0.11750637739896774,0.9448717832565308,0.7096154093742371
YOR038C,YKR089C,0,-8.212918,0.11748764663934708,0.9448717832565308,0.7097436189651489
YPL190C,YJL004C,0,-8.213168,0.11746891587972641,0.9448717832565308,0.709871768951416
YGL035C,YHR021C,0,-8.213172,0.11745020002126694,0.9448717832565308,0.7099999785423279
YER177W,YHL003C,0,-8.213652,0.11743148416280746,0.9448717832565308,0.7101281881332397
YEL034W,YDR330W,0,-8.214207,0.11741277575492859,0.9448717832565308,0.7102563977241516
YMR207C,YPL130W,0,-8.215197,0.11739407479763031,0.9448717832565308,0.7103846073150635
YBL020W,YDL244W,0,-8.215221,0.11737538129091263,0.9448717832565308,0.7105128169059753
YDR046C,YHR005C,0,-8.216134,0.11735668778419495,0.9448717832565308,0.7106410264968872
YCL014W,YDL200C,0,-8.216464,0.11733800172805786,0.9448717832565308,0.7107692360877991
YPL060W,YGR099W,0,-8.216655,0.11731932312250137,0.9448717832565308,0.7108974456787109
YIL065C,YMR163C,0,-8.217564,0.11730065196752548,0.9448717832565308,0.7110256552696228
YGR288W,YNL121C,0,-8.217733,0.11728198826313019,0.9448717832565308,0.7111538648605347
YGL187C,YLR254C,0,-8.218034,0.1172633245587349,0.9448717832565308,0.7112820744514465
YER088C,YMR016C,0,-8.218302,0.1172446683049202,0.9448717832565308,0.7114102840423584
YML021C,YHL009C,0,-8.218737,0.1172260195016861,0.9448717832565308,0.7115384340286255
YHR067W,YGL022W,0,-8.218761,0.11720737814903259,0.9448717832565308,0.7116666436195374
YOL135C,YBR250W,0,-8.219354,0.11718874424695969,0.9448717832565308,0.7117948532104492
YGR163W,YEL019C,0,-8.21936,0.11717011034488678,0.9448717832565308,0.7119230628013611
YBR008C,YMR227C,0,-8.219455,0.11715148389339447,0.9448717832565308,0.712051272392273
YPL050C,YGR042W,0,-8.219461,0.11713286489248276,0.9448717832565308,0.7121794819831848
YGR225W,YEL013W,0,-8.2196,0.11711425334215164,0.9448717832565308,0.7123076915740967
YBR179C,YHR081W,0,-8.220236,0.11709564924240112,0.9448717832565308,0.7124359011650085
YOR334W,YIR015W,0,-8.220522,0.1170770451426506,0.9448717832565308,0.7125641107559204
YBR236C,YML118W,0,-8.221024,0.11705844849348068,0.9448717832565308,0.7126923203468323
YOR304W,YJL210W,0,-8.221062,0.11703985929489136,0.9448717832565308,0.7128205299377441
YMR140W,YKR042W,0,-8.2214775,0.11702127754688263,0.9448717832565308,0.712948739528656
YDR221W,YOL011W,0,-8.221654,0.1170026957988739,0.9448717832565308,0.7130769491195679
YOL026C,YOR140W,0,-8.221786,0.11698412895202637,0.9448717832565308,0.713205099105835
YOR377W,YFL037W,0,-8.222277,0.11696556210517883,0.9448717832565308,0.7133333086967468
YDL181W,YJR102C,0,-8.222891,0.1169470027089119,0.9448717832565308,0.7134615182876587
YER051W,YGR072W,0,-8.222955,0.11692844331264496,0.9448717832565308,0.7135897278785706
YPR049C,YDR346C,0,-8.222961,0.11690989881753922,0.9448717832565308,0.7137179374694824
YDR073W,YAR035W,0,-8.223174,0.11689135432243347,0.9448717832565308,0.7138461470603943
YMR030W,YOR212W,0,-8.2233515,0.11687281727790833,0.9448717832565308,0.7139743566513062
YGR044C,YNL126W,0,-8.224523,0.11685428768396378,0.9448717832565308,0.714102566242218
YKR024C,YML025C,1,-8.225638,0.11699429154396057,0.9461538195610046,0.714102566242218
YKL011C,YER105C,0,-8.226763,0.11697574704885483,0.9461538195610046,0.7142307758331299
YNL280C,YGL162W,0,-8.227025,0.11695721000432968,0.9461538195610046,0.7143589854240417
YPL018W,YKR029C,0,-8.227109,0.11693868041038513,0.9461538195610046,0.7144871950149536
YER143W,YER129W,0,-8.22831,0.11692015081644058,0.9461538195610046,0.7146154046058655
YHR204W,YHL009C,0,-8.228546,0.11690162867307663,0.9461538195610046,0.7147436141967773
YOL144W,YML025C,1,-8.228996,0.11704149842262268,0.9474359154701233,0.7147436141967773
YFL025C,YOR344C,0,-8.229668,0.11702296137809753,0.9474359154701233,0.7148718237876892
YHR166C,YJL196C,0,-8.230324,0.11700443178415298,0.9474359154701233,0.7149999737739563
YAL003W,YPL204W,0,-8.230901,0.11698590964078903,0.9474359154701233,0.7151281833648682
YLR109W,YGL129C,0,-8.231142,0.11696739494800568,0.9474359154701233,0.71525639295578
YJL133W,YIL119C,0,-8.232006,0.11694888770580292,0.9474359154701233,0.7153846025466919
YLR052W,YCR071C,0,-8.23384,0.11693038046360016,0.9474359154701233,0.7155128121376038
YPL050C,YBR231C,0,-8.235452,0.116911880671978,0.9474359154701233,0.7156410217285156
YGR261C,YBR135W,0,-8.237698,0.11689338833093643,0.9474359154701233,0.7157692313194275
YNL188W,YDR137W,0,-8.2377,0.11687490344047546,0.9474359154701233,0.7158974409103394
YNL275W,YAL015C,0,-8.238147,0.1168564185500145,0.9474359154701233,0.7160256505012512
YER164W,YGL124C,0,-8.23816,0.11683794111013412,0.9474359154701233,0.7161538600921631
YHR070W,YOR083W,0,-8.238247,0.11681947857141495,0.9474359154701233,0.716282069683075
YBR234C,YER107C,0,-8.238392,0.11680100858211517,0.9474359154701233,0.7164102792739868
YIL153W,YLR141W,0,-8.239033,0.11678255349397659,0.9474359154701233,0.7165384888648987
YGL012W,YCR014C,0,-8.239126,0.11676409840583801,0.9474359154701233,0.7166666388511658
YDR314C,YNL229C,0,-8.239467,0.11674565821886063,0.9474359154701233,0.7167948484420776
YPL258C,YLR396C,0,-8.239779,0.11672721803188324,0.9474359154701233,0.7169230580329895
YJR143C,YGR274C,0,-8.242112,0.11670877784490585,0.9474359154701233,0.7170512676239014
YLR098C,YMR091C,0,-8.243036,0.11669035255908966,0.9474359154701233,0.7171794772148132
YPR082C,YDR314C,0,-8.243868,0.11667192727327347,0.9474359154701233,0.7173076868057251
YJL194W,YJL042W,0,-8.244099,0.11665350943803787,0.9474359154701233,0.717435896396637
YPR111W,YML027W,0,-8.244976,0.11663509905338287,0.9474359154701233,0.7175641059875488
YJL102W,YOR231W,0,-8.245819,0.11661669611930847,0.9474359154701233,0.7176923155784607
YER073W,YDL235C,0,-8.245865,0.11659829318523407,0.9474359154701233,0.7178205251693726
YNR011C,YLR045C,0,-8.246453,0.11657990515232086,0.9474359154701233,0.7179487347602844
YPL211W,YML025C,1,-8.246941,0.11671924591064453,0.9487179517745972,0.7179487347602844
YGR135W,YJL191W,0,-8.246947,0.11670083552598953,0.9487179517745972,0.7180769443511963
YOR334W,YOL109W,0,-8.246957,0.11668243259191513,0.9487179517745972,0.7182051539421082
YDL126C,YNL201C,0,-8.247099,0.11666403710842133,0.9487179517745972,0.7183333039283752
YPR075C,YMR231W,0,-8.247583,0.11664564907550812,0.9487179517745972,0.7184615135192871
YOR319W,YNR031C,0,-8.24792,0.1166272684931755,0.9487179517745972,0.718589723110199
YDL192W,YBR095C,0,-8.2495165,0.1166088879108429,0.9487179517745972,0.7187179327011108
YMR198W,YDR179C,0,-8.250112,0.11659051477909088,0.9487179517745972,0.7188461422920227
YFR008W,YNL038W,0,-8.251981,0.11657214909791946,0.9487179517745972,0.7189743518829346
YOL044W,YOL066C,0,-8.2533045,0.11655379086732864,0.9487179517745972,0.7191025614738464
YER106W,YOR156C,0,-8.253438,0.11653543263673782,0.9487179517745972,0.7192307710647583
YGL245W,YPR086W,0,-8.253597,0.1165170818567276,0.9487179517745972,0.7193589806556702
YER159C,YGL096W,0,-8.255641,0.11649873852729797,0.9487179517745972,0.719487190246582
YIL140W,YOR275C,0,-8.257414,0.11648040264844894,0.9487179517745972,0.7196153998374939
YPL262W,YDR108W,0,-8.257889,0.11646207422018051,0.9487179517745972,0.7197436094284058
YML130C,YBR015C,0,-8.258021,0.11644374579191208,0.9487179517745972,0.7198718190193176
YGR257C,YML052W,0,-8.258485,0.11642542481422424,0.9487179517745972,0.7200000286102295
YDL126C,YFL026W,0,-8.259153,0.116407111287117,0.9487179517745972,0.7201281785964966
YDL052C,YGR048W,0,-8.259292,0.11638880521059036,0.9487179517745972,0.7202563881874084
YFL003C,YDL093W,0,-8.259422,0.11637049913406372,0.9487179517745972,0.7203845977783203
YEL024W,YPL032C,0,-8.259608,0.11635220050811768,0.9487179517745972,0.7205128073692322
YLR205C,YPL121C,0,-8.260026,0.11633390933275223,0.9487179517745972,0.720641016960144
YKL051W,YBR258C,0,-8.261936,0.11631562560796738,0.9487179517745972,0.7207692265510559
YDR501W,YAR035W,0,-8.262259,0.11629734188318253,0.9487179517745972,0.7208974361419678
YDR411C,YMR035W,0,-8.26297,0.11627907305955887,0.9487179517745972,0.7210256457328796
YEL069C,YBL018C,0,-8.264105,0.11626080423593521,0.9487179517745972,0.7211538553237915
YDR384C,YHR124W,0,-8.264349,0.11624253541231155,0.9487179517745972,0.7212820649147034
YBL042C,YDL044C,0,-8.264379,0.11622428148984909,0.9487179517745972,0.7214102745056152
YOL089C,YMR227C,0,-8.264463,0.11620602756738663,0.9487179517745972,0.7215384840965271
YFL022C,YML062C,0,-8.264577,0.11618778109550476,0.9487179517745972,0.721666693687439
YJL166W,YDR381W,0,-8.26458,0.11616954207420349,0.9487179517745972,0.721794843673706
YOL031C,YOR290C,0,-8.264999,0.11615131050348282,0.9487179517745972,0.7219230532646179
YOR079C,YHR165C,0,-8.2652025,0.11613307893276215,0.9487179517745972,0.7220512628555298
YJL013C,YDR180W,0,-8.265448,0.11611486226320267,0.9487179517745972,0.7221794724464417
YJR055W,YJL002C,0,-8.265526,0.11609664559364319,0.9487179517745972,0.7223076820373535
YCR092C,YLR447C,0,-8.266593,0.11607842892408371,0.9487179517745972,0.7224358916282654
YOR354C,YBL005W,0,-8.266976,0.11606022715568542,0.9487179517745972,0.7225641012191772
YCL029C,YML107C,0,-8.267644,0.11604202538728714,0.9487179517745972,0.7226923108100891
YDR254W,YOR080W,0,-8.267863,0.11602383106946945,0.9487179517745972,0.722820520401001
YDL126C,YGR227W,0,-8.268449,0.11600564420223236,0.9487179517745972,0.7229487299919128
YDR480W,YDR483W,0,-8.268641,0.11598745733499527,0.9487179517745972,0.7230769395828247
YLR418C,YKL188C,0,-8.268719,0.11596928536891937,0.9487179517745972,0.7232051491737366
YHR005C-A,YDR202C,0,-8.26893,0.11595111340284348,0.9487179517745972,0.7233333587646484
YMR035W,YIL016W,0,-8.269199,0.11593294888734818,0.9487179517745972,0.7234615087509155
YPL040C,YMR296C,0,-8.270254,0.11591478437185287,0.9487179517745972,0.7235897183418274
YBR072W,YFL003C,0,-8.2703905,0.11589663475751877,0.9487179517745972,0.7237179279327393
YPR143W,YDR170C,0,-8.27162,0.11587848514318466,0.9487179517745972,0.7238461375236511
YGL240W,YGL253W,0,-8.272102,0.11586034297943115,0.9487179517745972,0.723974347114563
YBR020W,YNL333W,0,-8.272392,0.11584220081567764,0.9487179517745972,0.7241025567054749
YGR098C,YML128C,0,-8.273864,0.11582407355308533,0.9487179517745972,0.7242307662963867
YDL247W,YDR170C,0,-8.275058,0.11580594629049301,0.9487179517745972,0.7243589758872986
YOR330C,YER148W,0,-8.275362,0.11578782647848129,0.9487179517745972,0.7244871854782104
YDR009W,YNL097C,0,-8.27594,0.11576971411705017,0.9487179517745972,0.7246153950691223
YDR054C,YCR092C,0,-8.277012,0.11575160175561905,0.9487179517745972,0.7247436046600342
YDR284C,YOR226C,0,-8.2770195,0.11573349684476852,0.9487179517745972,0.724871814250946
YGR224W,YJL207C,0,-8.278615,0.1157153993844986,0.9487179517745972,0.7250000238418579
YDR179C,YMR203W,0,-8.279116,0.11569730937480927,0.9487179517745972,0.7251282334327698
YMR092C,YGL158W,0,-8.279126,0.11567922681570053,0.9487179517745972,0.7252563834190369
YBR275C,YKL175W,0,-8.282116,0.1156611442565918,0.9487179517745972,0.7253845930099487
YLR052W,YDR246W,0,-8.283203,0.11564306914806366,0.9487179517745972,0.7255128026008606
YOL165C,YKL101W,0,-8.286125,0.11562500149011612,0.9487179517745972,0.7256410121917725
YDR129C,YNL222W,0,-8.286335,0.11560693383216858,0.9487179517745972,0.7257692217826843
YCL066W,YOR347C,0,-8.286552,0.11558888107538223,0.9487179517745972,0.7258974313735962
YDR013W,YGR212W,0,-8.287951,0.11557082831859589,0.9487179517745972,0.7260256409645081
YLR284C,YNL262W,0,-8.288145,0.11555278301239014,0.9487179517745972,0.7261538505554199
YNL145W,YBL080C,0,-8.288368,0.11553473770618439,0.9487179517745972,0.7262820601463318
YHR183W,YIL023C,0,-8.288613,0.11551669985055923,0.9487179517745972,0.7264102697372437
YJR083C,YMR037C,0,-8.289817,0.11549867689609528,0.9487179517745972,0.7265384793281555
YMR109W,YIL120W,0,-8.291402,0.11548064649105072,0.9487179517745972,0.7266666889190674
YDR288W,YNL070W,0,-8.291516,0.11546263098716736,0.9487179517745972,0.7267948985099792
YKL082C,YML025C,1,-8.291785,0.11560062319040298,0.949999988079071,0.7267948985099792
YHL002W,YLR385C,0,-8.292471,0.11558259278535843,0.949999988079071,0.7269230484962463
YBR211C,YMR309C,0,-8.293602,0.11556456983089447,0.949999988079071,0.7270512580871582
YOL054W,YLR378C,0,-8.29392,0.11554654687643051,0.949999988079071,0.7271794676780701
YOR123C,YBR276C,0,-8.294684,0.11552853137254715,0.949999988079071,0.7273076772689819
YNL257C,YMR241W,0,-8.294767,0.11551052331924438,0.949999988079071,0.7274358868598938
YDR463W,YMR293C,0,-8.295223,0.11549251526594162,0.949999988079071,0.7275640964508057
YGR177C,YOL116W,0,-8.295566,0.11547452211380005,0.949999988079071,0.7276923060417175
YER029C,YMR273C,0,-8.296447,0.11545652896165848,0.949999988079071,0.7278205156326294
YJL092W,YMR224C,0,-8.296891,0.1154385432600975,0.949999988079071,0.7279487252235413
YOR094W,YOR377W,0,-8.296899,0.11542055755853653,0.949999988079071,0.7280769348144531
YNL071W,YJL176C,0,-8.297504,0.11540258675813675,0.949999988079071,0.728205144405365
YFL029C,YJL019W,0,-8.297838,0.11538461595773697,0.949999988079071,0.7283333539962769
YNL073W,YOR064C,0,-8.297886,0.11536665260791779,0.949999988079071,0.7284615635871887
YML004C,YML047C,0,-8.298175,0.1153486892580986,0.949999988079071,0.7285897731781006
YDR235W,YJR045C,0,-8.2984495,0.11533074080944061,0.949999988079071,0.7287179231643677
YMR049C,YBR296C,0,-8.299511,0.11531279236078262,0.949999988079071,0.7288461327552795
YGR055W,YMR026C,0,-8.299759,0.11529485136270523,0.949999988079071,0.7289743423461914
YGR055W,YOL125W,0,-8.299853,0.11527691036462784,0.949999988079071,0.7291025519371033
YBR196C,YNR006W,0,-8.300154,0.11525898426771164,0.949999988079071,0.7292307615280151
YOR137C,YHR163W,0,-8.300353,0.11524105817079544,0.949999988079071,0.729358971118927
YLR220W,YOL113W,0,-8.302173,0.11522313952445984,0.949999988079071,0.7294871807098389
YMR043W,YCR067C,0,-8.302557,0.11520522087812424,0.949999988079071,0.7296153903007507
YDR322C-A,YOL102C,0,-8.302864,0.11518731713294983,0.949999988079071,0.7297435998916626
YBL003C,YDR427W,0,-8.302895,0.11516941338777542,0.949999988079071,0.7298718094825745
YKL005C,YOL038W,0,-8.304256,0.11515151709318161,0.949999988079071,0.7300000190734863
YAL009W,YLR316C,0,-8.30445,0.1151336207985878,0.949999988079071,0.7301282286643982
YNL003C,YFL037W,0,-8.305242,0.11511573940515518,0.949999988079071,0.7302564382553101
YLR259C,YBR035C,0,-8.305815,0.11509785801172256,0.949999988079071,0.7303845882415771
YLL027W,YBR015C,0,-8.305842,0.11507998406887054,0.949999988079071,0.730512797832489
YKL026C,YGR056W,0,-8.310501,0.11506211012601852,0.949999988079071,0.7306410074234009
YDL217C,YNR047W,0,-8.311188,0.1150442510843277,0.949999988079071,0.7307692170143127
YDR099W,YLR459W,0,-8.312544,0.11502639204263687,0.949999988079071,0.7308974266052246
YOR178C,YGR038W,0,-8.313136,0.11500853300094604,0.949999988079071,0.7310256361961365
YDR385W,YNR034W,0,-8.313395,0.11499068886041641,0.949999988079071,0.7311538457870483
YGR268C,YDR227W,0,-8.3136425,0.11497284471988678,0.949999988079071,0.7312820553779602
YIL150C,YGL205W,0,-8.313811,0.11495500802993774,0.949999988079071,0.7314102649688721
YMR316W,YPR139C,0,-8.314749,0.1149371787905693,0.949999988079071,0.7315384745597839
YNL136W,YOL135C,0,-8.31492,0.11491935700178146,0.949999988079071,0.7316666841506958
YBL074C,YML051W,0,-8.315174,0.11490153521299362,0.949999988079071,0.7317948937416077
YGR257C,YDR372C,0,-8.316786,0.11488372087478638,0.949999988079071,0.7319231033325195
YDR273W,YGL112C,0,-8.318464,0.11486591398715973,0.949999988079071,0.7320512533187866
YPR201W,YGL092W,0,-8.31886,0.11484810709953308,0.949999988079071,0.7321794629096985
YDL087C,YHR070W,0,-8.31923,0.11483031511306763,0.949999988079071,0.7323076725006104
YNL159C,YNR039C,0,-8.320246,0.11481251567602158,0.949999988079071,0.7324358820915222
YMR220W,YOL091W,0,-8.32062,0.11479473114013672,0.949999988079071,0.7325640916824341
YBR110W,YBR273C,0,-8.321608,0.11477695405483246,0.949999988079071,0.732692301273346
YOR048C,YPL176C,0,-8.321765,0.1147591769695282,0.949999988079071,0.7328205108642578
YDR343C,YBR081C,0,-8.323899,0.11474140733480453,0.949999988079071,0.7329487204551697
YNR035C,YBR050C,0,-8.326046,0.11472364515066147,0.949999988079071,0.7330769300460815
YDL208W,YOR110W,0,-8.326061,0.1147058829665184,0.949999988079071,0.7332051396369934
YNR058W,YGL055W,0,-8.326744,0.11468812823295593,0.949999988079071,0.7333333492279053
YOR150W,YPL211W,1,-8.327015,0.11482512950897217,0.9512820243835449,0.7333333492279053
YEL017C-A,YLR442C,0,-8.327055,0.1148073673248291,0.9512820243835449,0.7334615588188171
YEL029C,YPR121W,0,-8.327124,0.11478960514068604,0.9512820243835449,0.733589768409729
YMR179W,YJL004C,0,-8.327399,0.11477185040712357,0.9512820243835449,0.7337179780006409
YPL248C,YNL070W,0,-8.330093,0.1147540956735611,0.9512820243835449,0.733846127986908
YDR487C,YMR293C,0,-8.331037,0.11473635584115982,0.9512820243835449,0.7339743375778198
YML078W,YHR015W,0,-8.331907,0.11471861600875854,0.9512820243835449,0.7341025471687317
YCR089W,YML094W,0,-8.331921,0.11470088362693787,0.9512820243835449,0.7342307567596436
YCL044C,YGR222W,0,-8.333281,0.11468315124511719,0.9512820243835449,0.7343589663505554
YER032W,YML095C,0,-8.333678,0.1146654337644577,0.9512820243835449,0.7344871759414673
YDR110W,YAR007C,0,-8.334225,0.11464771628379822,0.9512820243835449,0.7346153855323792
YCR014C,YDL036C,0,-8.334709,0.11462999880313873,0.9512820243835449,0.734743595123291
YLR155C,YOR156C,0,-8.3356285,0.11461229622364044,0.9512820243835449,0.7348718047142029
YJR078W,YBR188C,0,-8.335906,0.11459459364414215,0.9512820243835449,0.7350000143051147
YGR267C,YIL123W,0,-8.335914,0.11457689851522446,0.9512820243835449,0.7351282238960266
YHR164C,YML097C,0,-8.336109,0.11455921083688736,0.9512820243835449,0.7352564334869385
YGR262C,YNR059W,0,-8.336273,0.11454152315855026,0.9512820243835449,0.7353846430778503
YNL230C,YDL052C,0,-8.33642,0.11452384293079376,0.9512820243835449,0.7355127930641174
YDR179C,YKL204W,0,-8.336439,0.11450617015361786,0.9512820243835449,0.7356410026550293
YOL091W,YLR410W,0,-8.338242,0.11448850482702255,0.9512820243835449,0.7357692122459412
YOL071W,YER089C,0,-8.3382435,0.11447083950042725,0.9512820243835449,0.735897421836853
YIL098C,YML105C,0,-8.339966,0.11445318162441254,0.9512820243835449,0.7360256314277649
YER001W,YBR083W,0,-8.341048,0.11443553119897842,0.9512820243835449,0.7361538410186768
YDR494W,YKL126W,0,-8.34106,0.11441788822412491,0.9512820243835449,0.7362820506095886
YML105C,YDL080C,0,-8.342495,0.11440024524927139,0.9512820243835449,0.7364102602005005
YDR009W,YOR049C,0,-8.342695,0.11438260972499847,0.9512820243835449,0.7365384697914124
YOL145C,YCL039W,0,-8.343005,0.11436498165130615,0.9512820243835449,0.7366666793823242
YGR134W,YHR143W,0,-8.343795,0.11434735357761383,0.9512820243835449,0.7367948889732361
YLR150W,YCL008C,0,-8.34399,0.1143297404050827,0.9512820243835449,0.736923098564148
YOL110W,YNL253W,0,-8.344423,0.11431212723255157,0.9512820243835449,0.7370513081550598
YDL244W,YKR079C,0,-8.344556,0.11429451406002045,0.9512820243835449,0.7371794581413269
YOR057W,YKR050W,0,-8.345323,0.11427691578865051,0.9512820243835449,0.7373076677322388
YHR077C,YDR388W,0,-8.345748,0.11425931751728058,0.9512820243835449,0.7374358773231506
YLR189C,YKL101W,0,-8.347936,0.11424172669649124,0.9512820243835449,0.7375640869140625
YAR018C,YDL116W,0,-8.349607,0.1142241358757019,0.9512820243835449,0.7376922965049744
YBR257W,YER094C,0,-8.349812,0.11420655995607376,0.9512820243835449,0.7378205060958862
YGR120C,YPL135W,0,-8.349919,0.11418898403644562,0.9512820243835449,0.7379487156867981
YOR201C,YMR101C,0,-8.351091,0.11417140811681747,0.9512820243835449,0.73807692527771
YBL017C,YOR148C,0,-8.351437,0.11415384709835052,0.9512820243835449,0.7382051348686218
YOL082W,YOL091W,0,-8.352094,0.11413628607988358,0.9512820243835449,0.7383333444595337
YIR033W,YLR292C,0,-8.352159,0.11411873251199722,0.9512820243835449,0.7384615540504456
YOL069W,YGL208W,0,-8.352987,0.11410118639469147,0.9512820243835449,0.7385897636413574
YJL033W,YJR158W,0,-8.353758,0.11408364027738571,0.9512820243835449,0.7387179732322693
YOR319W,YGL257C,0,-8.354176,0.11406610161066055,0.9512820243835449,0.7388461828231812
YDR178W,YOL034W,0,-8.355574,0.11404857039451599,0.9512820243835449,0.7389743328094482
YDR420W,YPL209C,0,-8.355977,0.11403104662895203,0.9512820243835449,0.7391025424003601
YMR016C,YJL052W,0,-8.356082,0.11401352286338806,0.9512820243835449,0.739230751991272
YCR077C,YNR006W,0,-8.35644,0.1139960065484047,0.9512820243835449,0.7393589615821838
YLR215C,YBL088C,0,-8.356695,0.11397849768400192,0.9512820243835449,0.7394871711730957
YPL061W,YIR015W,0,-8.357235,0.11396098881959915,0.9512820243835449,0.7396153807640076
YOR377W,YER133W,0,-8.358134,0.11394348740577698,0.9512820243835449,0.7397435903549194
YGL087C,YMR293C,0,-8.35862,0.1139259934425354,0.9512820243835449,0.7398717999458313
YPL149W,YNL243W,0,-8.358694,0.11390850692987442,0.9512820243835449,0.7400000095367432
YGR157W,YMR127C,0,-8.3589325,0.11389102041721344,0.9512820243835449,0.740128219127655
YPR124W,YMR235C,0,-8.359127,0.11387354135513306,0.9512820243835449,0.7402564287185669
YNL042W,YCL044C,0,-8.359401,0.11385606974363327,0.9512820243835449,0.7403846383094788
YPL213W,YHR026W,0,-8.359471,0.11383859813213348,0.9512820243835449,0.7405128479003906
YHR038W,YKL178C,0,-8.359706,0.11382114142179489,0.9512820243835449,0.7406409978866577
YCR091W,YGR169C,0,-8.359887,0.1138036772608757,0.9512820243835449,0.7407692074775696
YJR001W,YKL068W,0,-8.3601265,0.1137862280011177,0.9512820243835449,0.7408974170684814
YHR174W,YGL038C,0,-8.361784,0.11376878619194031,0.9512820243835449,0.7410256266593933
YOR182C,YAL001C,0,-8.362127,0.11375134438276291,0.9512820243835449,0.7411538362503052
YGR170W,YJL192C,0,-8.362389,0.11373390257358551,0.9512820243835449,0.741282045841217
YPR162C,YMR272C,0,-8.362553,0.1137164756655693,0.9512820243835449,0.7414102554321289
YDL145C,YMR236W,0,-8.362929,0.1136990487575531,0.9512820243835449,0.7415384650230408
YGR191W,YPL151C,0,-8.363805,0.11368162930011749,0.9512820243835449,0.7416666746139526
YOR147W,YCR061W,0,-8.36396,0.11366421729326248,0.9512820243835449,0.7417948842048645
YDL088C,YPL187W,0,-8.364626,0.11364680528640747,0.9512820243835449,0.7419230937957764
YMR039C,YJL052W,0,-8.364646,0.11362940073013306,0.9512820243835449,0.7420513033866882
YDL145C,YML023C,0,-8.364747,0.11361200362443924,0.9512820243835449,0.7421795129776001
YGR231C,YKL080W,0,-8.366009,0.11359461396932602,0.9512820243835449,0.7423076629638672
YML047C,YPL232W,0,-8.366114,0.1135772243142128,0.9512820243835449,0.742435872554779
YHR152W,YDR341C,0,-8.36641,0.11355984210968018,0.9512820243835449,0.7425640821456909
YGL190C,YBR035C,0,-8.367533,0.11354246735572815,0.9512820243835449,0.7426922917366028
YNL094W,YDR296W,0,-8.367892,0.11352509260177612,0.9512820243835449,0.7428205013275146
YJR006W,YGR008C,0,-8.36791,0.1135077252984047,0.9512820243835449,0.7429487109184265
YFL056C,YJL127C,0,-8.3681755,0.11349036544561386,0.9512820243835449,0.7430769205093384
YLR330W,YJL065C,0,-8.370141,0.11347300559282303,0.9512820243835449,0.7432051301002502
YKL182W,YLR260W,0,-8.371003,0.11345566064119339,0.9512820243835449,0.7433333396911621
YOR079C,YOR349W,0,-8.371323,0.11343831568956375,0.9512820243835449,0.743461549282074
YKR086W,YGR048W,0,-8.371671,0.11342097073793411,0.9512820243835449,0.7435897588729858
YOR140W,YGR181W,0,-8.372544,0.11340364068746567,0.9512820243835449,0.7437179684638977
YAR002C-A,YML004C,0,-8.373026,0.11338631063699722,0.9512820243835449,0.7438461780548096
YGL254W,YHR206W,0,-8.373031,0.11336898058652878,0.9512820243835449,0.7439743876457214
YLR013W,YJL106W,0,-8.37418,0.11335166543722153,0.9512820243835449,0.7441025376319885
YBR040W,YPL015C,0,-8.374545,0.11333435028791428,0.9512820243835449,0.7442307472229004
YDR054C,YDR424C,0,-8.375256,0.11331704258918762,0.9512820243835449,0.7443589568138123
YER062C,YGL225W,0,-8.376201,0.11329974234104156,0.9512820243835449,0.7444871664047241
YOR373W,YLR039C,0,-8.376453,0.11328244209289551,0.9512820243835449,0.744615375995636
YHR067W,YCR020C-A,0,-8.377182,0.11326514929533005,0.9512820243835449,0.7447435855865479
YGL089C,YCR044C,0,-8.37841,0.11324786394834518,0.9512820243835449,0.7448717951774597
YOR244W,YHR031C,0,-8.378777,0.11323057860136032,0.9512820243835449,0.7450000047683716
YPR199C,YJL061W,0,-8.378963,0.11321330815553665,0.9512820243835449,0.7451282143592834
YCL040W,YDR463W,0,-8.379084,0.11319603025913239,0.9512820243835449,0.7452564239501953
YPL262W,YPL120W,0,-8.37936,0.11317876726388931,0.9512820243835449,0.7453846335411072
YJL115W,YOR122C,0,-8.379825,0.11316150426864624,0.9512820243835449,0.745512843132019
YAL021C,YPR121W,0,-8.380365,0.11314424872398376,0.9512820243835449,0.7456410527229309
YPL140C,YGR231C,0,-8.380875,0.11312700062990189,0.9512820243835449,0.745769202709198
YMR255W,YOR329C,0,-8.384454,0.11310975253582001,0.9512820243835449,0.7458974123001099
YMR109W,YGR104C,0,-8.384829,0.11309251934289932,0.9512820243835449,0.7460256218910217
YJR021C,YPL033C,0,-8.3855915,0.11307527869939804,0.9512820243835449,0.7461538314819336
YJR121W,YDR213W,0,-8.386933,0.11305805295705795,0.9512820243835449,0.7462820410728455
YBR131W,YFL045C,0,-8.387828,0.11304082721471786,0.9512820243835449,0.7464102506637573
YNR003C,YER111C,0,-8.388236,0.11302360892295837,0.9512820243835449,0.7465384602546692
YER155C,YGR231C,0,-8.388306,0.11300639808177948,0.9512820243835449,0.746666669845581
YDR434W,YNL318C,0,-8.388733,0.11298918724060059,0.9512820243835449,0.7467948794364929
YML051W,YPL269W,0,-8.388811,0.11297198385000229,0.9512820243835449,0.7469230890274048
YMR188C,YLR398C,0,-8.389034,0.11295478790998459,0.9512820243835449,0.7470512986183167
YFL002C,YML025C,1,-8.389074,0.11308979988098145,0.9525641202926636,0.7470512986183167
YMR288W,YGL038C,0,-8.3891325,0.11307258903980255,0.9525641202926636,0.7471795082092285
YHR056C,YOR004W,0,-8.389137,0.11305538564920425,0.9525641202926636,0.7473077178001404
YPL076W,YPL196W,0,-8.38958,0.11303818970918655,0.9525641202926636,0.7474358677864075
YMR298W,YNL012W,0,-8.390103,0.11302099376916885,0.9525641202926636,0.7475640773773193
YER065C,YHR001W-A,0,-8.390409,0.11300380527973175,0.9525641202926636,0.7476922869682312
YBR160W,YOR133W,0,-8.391649,0.11298661679029465,0.9525641202926636,0.7478204965591431
YFL009W,YOR348C,0,-8.392099,0.11296943575143814,0.9525641202926636,0.7479487061500549
YDR421W,YMR013C,0,-8.392614,0.11295226216316223,0.9525641202926636,0.7480769157409668
YOL089C,YHR172W,0,-8.393936,0.11293509602546692,0.9525641202926636,0.7482051253318787
YMR208W,YPL096W,0,-8.394676,0.1129179298877716,0.9525641202926636,0.7483333349227905
YMR059W,YDR334W,0,-8.3948,0.11290077865123749,0.9525641202926636,0.7484615445137024
YDL149W,YEL071W,0,-8.395103,0.11288361996412277,0.9525641202926636,0.7485897541046143
YPL248C,YNL299W,0,-8.397739,0.11286647617816925,0.9525641202926636,0.7487179636955261
YDR397C,YHR206W,0,-8.397963,0.11284933239221573,0.9525641202926636,0.748846173286438
YAR002C-A,YNL012W,0,-8.39871,0.1128321960568428,0.9525641202926636,0.7489743828773499
YLR248W,YBL011W,0,-8.399054,0.11281505972146988,0.9525641202926636,0.7491025924682617
YJL106W,YMR296C,0,-8.399471,0.11279793828725815,0.9525641202926636,0.7492307424545288
YDR385W,YIL112W,0,-8.399662,0.11278081685304642,0.9525641202926636,0.7493589520454407
YBL069W,YJL091C,0,-8.400199,0.11276369541883469,0.9525641202926636,0.7494871616363525
YDR093W,YNR032C-A,0,-8.401892,0.11274658888578415,0.9525641202926636,0.7496153712272644
YOL021C,YPR103W,0,-8.402194,0.11272948235273361,0.9525641202926636,0.7497435808181763
YEL036C,YMR280C,0,-8.40237,0.11271237581968307,0.9525641202926636,0.7498717904090881
YHR005C-A,YGR180C,0,-8.402449,0.11269528418779373,0.9525641202926636,0.75
YIL010W,YFL003C,0,-8.402536,0.11267819255590439,0.9525641202926636,0.7501282095909119
YIL139C,YHR152W,0,-8.403606,0.11266110837459564,0.9525641202926636,0.7502564191818237
YCR089W,YMR200W,0,-8.403776,0.1126440241932869,0.9525641202926636,0.7503846287727356
YIL046W,YOR259C,0,-8.404026,0.11262695491313934,0.9525641202926636,0.7505128383636475
YCL017C,YLR275W,0,-8.404866,0.1126098781824112,0.9525641202926636,0.7506410479545593
YPL240C,YJL104W,0,-8.4067,0.11259281635284424,0.9525641202926636,0.7507692575454712
YPR020W,YNL274C,0,-8.408091,0.11257575452327728,0.9525641202926636,0.7508974075317383
YOR381W,YDL217C,0,-8.408936,0.11255870014429092,0.9525641202926636,0.7510256171226501
YPR073C,YAL001C,0,-8.409087,0.11254165321588516,0.9525641202926636,0.751153826713562
YDL102W,YBL041W,0,-8.409964,0.11252461373806,0.9525641202926636,0.7512820363044739
YJL065C,YPL059W,0,-8.411241,0.11250757426023483,0.9525641202926636,0.7514102458953857
YHR021C,YGR186W,0,-8.411684,0.11249053478240967,0.9525641202926636,0.7515384554862976
YPR155C,YDL076C,0,-8.412239,0.1124735102057457,0.9525641202926636,0.7516666650772095
YPL254W,YGR257C,0,-8.412286,0.11245648562908173,0.9525641202926636,0.7517948746681213
YLR215C,YMR198W,0,-8.413557,0.11243946850299835,0.9525641202926636,0.7519230842590332
YNL207W,YMR203W,0,-8.413558,0.11242245137691498,0.9525641202926636,0.7520512938499451
YNR072W,YKR042W,0,-8.414449,0.1124054491519928,0.9525641202926636,0.7521795034408569
YLR319C,YDR116C,0,-8.414854,0.11238844692707062,0.9525641202926636,0.7523077130317688
YLR370C,YDR252W,0,-8.4165535,0.11237144470214844,0.9525641202926636,0.7524359226226807
YPR052C,YLR360W,0,-8.416555,0.11235444992780685,0.9525641202926636,0.7525641322135925
YJR065C,YNL327W,0,-8.416735,0.11233746260404587,0.9525641202926636,0.7526922821998596
YBL019W,YPL021W,0,-8.418836,0.11232048273086548,0.9525641202926636,0.7528204917907715
YGR075C,YDR453C,0,-8.418855,0.11230351030826569,0.9525641202926636,0.7529487013816833
YNR049C,YMR145C,0,-8.41909,0.1122865378856659,0.9525641202926636,0.7530769109725952
YBR008C,YFL037W,0,-8.41911,0.1122695654630661,0.9525641202926636,0.7532051205635071
YAL020C,YER100W,0,-8.419284,0.1122526079416275,0.9525641202926636,0.753333330154419
YLR424W,YJL052W,0,-8.419817,0.1122356504201889,0.9525641202926636,0.7534615397453308
YKL206C,YNL282W,0,-8.42093,0.1122187003493309,0.9525641202926636,0.7535897493362427
YBL056W,YOR057W,0,-8.421679,0.1122017502784729,0.9525641202926636,0.7537179589271545
YNR049C,YOR294W,0,-8.423391,0.1121848076581955,0.9525641202926636,0.7538461685180664
YNL287W,YBR253W,0,-8.423453,0.11216787248849869,0.9525641202926636,0.7539743781089783
YBL017C,YMR077C,0,-8.424147,0.11215094476938248,0.9525641202926636,0.7541025876998901
YDL056W,YDL235C,0,-8.424907,0.11213401705026627,0.9525641202926636,0.754230797290802
YOL097C,YJL056C,0,-8.425049,0.11211709678173065,0.9525641202926636,0.7543589472770691
YML104C,YCR009C,0,-8.425091,0.11210018396377563,0.9525641202926636,0.754487156867981
YNL145W,YML027W,0,-8.425264,0.11208327114582062,0.9525641202926636,0.7546153664588928
YPL243W,YDL190C,0,-8.425371,0.1120663657784462,0.9525641202926636,0.7547435760498047
YCR044C,YKL006C-A,0,-8.4254265,0.11204946786165237,0.9525641202926636,0.7548717856407166
YDR201W,YOR344C,0,-8.425706,0.11203256994485855,0.9525641202926636,0.7549999952316284
YOL038W,YNL169C,0,-8.427032,0.11201567947864532,0.9525641202926636,0.7551282048225403
YEL030W,YNL216W,0,-8.427192,0.1119987964630127,0.9525641202926636,0.7552564144134521
YLR191W,YNL197C,0,-8.427292,0.11198191344738007,0.9525641202926636,0.755384624004364
YMR047C,YLR059C,0,-8.427612,0.11196503788232803,0.9525641202926636,0.7555128335952759
YOR049C,YOR194C,0,-8.428066,0.1119481697678566,0.9525641202926636,0.7556410431861877
YER083C,YFR013W,0,-8.429331,0.11193130165338516,0.9525641202926636,0.7557692527770996
YHR116W,YMR200W,0,-8.429741,0.11191444844007492,0.9525641202926636,0.7558974623680115
YLR025W,YJR010C-A,0,-8.430017,0.11189758777618408,0.9525641202926636,0.7560256123542786
YDR385W,YGL229C,0,-8.430755,0.11188074201345444,0.9525641202926636,0.7561538219451904
YNR007C,YOR068C,0,-8.430935,0.11186389625072479,0.9525641202926636,0.7562820315361023
YOL026C,YDR265W,0,-8.432499,0.11184705793857574,0.9525641202926636,0.7564102411270142
YOL086C,YKL190W,0,-8.4329815,0.1118302196264267,0.9525641202926636,0.756538450717926
YNL278W,YPL033C,0,-8.432991,0.11181339621543884,0.9525641202926636,0.7566666603088379
YDR037W,YNL054W,0,-8.433687,0.11179657280445099,0.9525641202926636,0.7567948698997498
YCR008W,YPL214C,0,-8.434588,0.11177974939346313,0.9525641202926636,0.7569230794906616
YGL253W,YJL139C,0,-8.434945,0.11176293343305588,0.9525641202926636,0.7570512890815735
YDL108W,YNL310C,0,-8.435034,0.11174612492322922,0.9525641202926636,0.7571794986724854
YKL205W,YPR103W,0,-8.435991,0.11172932386398315,0.9525641202926636,0.7573077082633972
YMR161W,YPL118W,0,-8.436066,0.11171252280473709,0.9525641202926636,0.7574359178543091
YPL137C,YOR089C,0,-8.436531,0.11169572919607162,0.9525641202926636,0.757564127445221
YLR433C,YDL200C,0,-8.437587,0.11167894303798676,0.9525641202926636,0.7576923370361328
YLR193C,YJL109C,0,-8.437693,0.11166215687990189,0.9525641202926636,0.7578204870223999
YKR086W,YBR080C,0,-8.437925,0.11164537817239761,0.9525641202926636,0.7579486966133118
YOR298W,YKR057W,0,-8.43866,0.11162860691547394,0.9525641202926636,0.7580769062042236
YCR027C,YDL097C,0,-8.439166,0.11161183565855026,0.9525641202926636,0.7582051157951355
YBR179C,YJL101C,0,-8.439377,0.11159507185220718,0.9525641202926636,0.7583333253860474
YDR013W,YBR058C,0,-8.439632,0.1115783154964447,0.9525641202926636,0.7584615349769592
YJL208C,YER022W,0,-8.439679,0.11156155914068222,0.9525641202926636,0.7585897445678711
YJR021C,YPR018W,0,-8.439735,0.11154481023550034,0.9525641202926636,0.758717954158783
YJL005W,YGL244W,0,-8.439953,0.11152806878089905,0.9525641202926636,0.7588461637496948
YMR128W,YMR232W,0,-8.441227,0.11151133477687836,0.9525641202926636,0.7589743733406067
YAL053W,YML043C,0,-8.441363,0.11149460077285767,0.9525641202926636,0.7591025829315186
YPR065W,YPR187W,0,-8.441652,0.11147786676883698,0.9525641202926636,0.7592307925224304
YNL116W,YGL251C,0,-8.44169,0.11146114766597748,0.9525641202926636,0.7593590021133423
YNL318C,YOR157C,0,-8.442011,0.11144442856311798,0.9525641202926636,0.7594871520996094
YNL271C,YDR178W,0,-8.442083,0.11142771691083908,0.9525641202926636,0.7596153616905212
YDL142C,YML027W,0,-8.442705,0.11141100525856018,0.9525641202926636,0.7597435712814331
YDR308C,YJL222W,0,-8.442755,0.11139430105686188,0.9525641202926636,0.759871780872345
YDR038C,YMR145C,0,-8.442771,0.11137760430574417,0.9525641202926636,0.7599999904632568
YDR151C,YJL054W,0,-8.443062,0.11136090755462646,0.9525641202926636,0.7601282000541687
YBR296C,YDR045C,0,-8.444351,0.11134422570466995,0.9525641202926636,0.7602564096450806
YHL048W,YLR147C,0,-8.445112,0.11132753640413284,0.9525641202926636,0.7603846192359924
YGL062W,YDR356W,0,-8.445227,0.11131086200475693,0.9525641202926636,0.7605128288269043
YDR283C,YAL034W-A,0,-8.447659,0.11129418760538101,0.9525641202926636,0.7606410384178162
YLL022C,YFR002W,0,-8.448094,0.1112775206565857,0.9525641202926636,0.760769248008728
YLR370C,YDR422C,0,-8.451145,0.11126085370779037,0.9525641202926636,0.7608974575996399
YOL108C,YBR153W,0,-8.452578,0.11124420166015625,0.9525641202926636,0.7610256671905518
YAL026C,YHR143W,0,-8.452607,0.11122754216194153,0.9525641202926636,0.7611538171768188
YHR186C,YER018C,0,-8.45277,0.111210897564888,0.9525641202926636,0.7612820267677307
YJR094C,YOR109W,0,-8.454237,0.11119425296783447,0.9525641202926636,0.7614102363586426
YKR036C,YML075C,0,-8.456714,0.11117761582136154,0.9525641202926636,0.7615384459495544
YIL123W,YOR043W,0,-8.456871,0.11116097867488861,0.9525641202926636,0.7616666555404663
YKL092C,YAL058W,0,-8.457472,0.11114435642957687,0.9525641202926636,0.7617948651313782
YBR040W,YJL139C,0,-8.457865,0.11112772673368454,0.9525641202926636,0.76192307472229
YPR068C,YDR213W,0,-8.458254,0.1111111119389534,0.9525641202926636,0.7620512843132019
YKR090W,YLR010C,0,-8.458257,0.11109449714422226,0.9525641202926636,0.7621794939041138
YDR046C,YNL016W,0,-8.459392,0.11107788980007172,0.9525641202926636,0.7623077034950256
YML061C,YLR059C,0,-8.460089,0.11106128245592117,0.9525641202926636,0.7624359130859375
YPR175W,YGL143C,0,-8.46262,0.11104469001293182,0.9525641202926636,0.7625641226768494
YLR102C,YGR238C,0,-8.464109,0.11102809011936188,0.9525641202926636,0.7626923322677612
YMR182C,YDR486C,0,-8.464816,0.11101150512695312,0.9525641202926636,0.7628205418586731
YBR200W,YIR013C,0,-8.466064,0.11099492013454437,0.9525641202926636,0.7629486918449402
YCL039W,YNR048W,0,-8.466393,0.11097834259271622,0.9525641202926636,0.763076901435852
YAL035W,YDR460W,0,-8.466848,0.11096176505088806,0.9525641202926636,0.7632051110267639
YPL209C,YOR137C,0,-8.4676,0.1109452024102211,0.9525641202926636,0.7633333206176758
YDR194C,YDR330W,0,-8.467603,0.11092863231897354,0.9525641202926636,0.7634615302085876
YEL030W,YCR067C,0,-8.467743,0.11091207712888718,0.9525641202926636,0.7635897397994995
YPR023C,YIL037C,0,-8.469212,0.11089552193880081,0.9525641202926636,0.7637179493904114
YCL066W,YFL004W,0,-8.469223,0.11087897419929504,0.9525641202926636,0.7638461589813232
YKL201C,YOR212W,0,-8.469553,0.11086242645978928,0.9525641202926636,0.7639743685722351
YNL042W,YHR154W,0,-8.469845,0.1108458936214447,0.9525641202926636,0.764102578163147
YGR218W,YOL148C,0,-8.4722805,0.11082935333251953,0.9525641202926636,0.7642307877540588
YAR002C-A,YGR170W,0,-8.472575,0.11081282794475555,0.9525641202926636,0.7643589973449707
YML102W,YGL018C,0,-8.473064,0.11079630255699158,0.9525641202926636,0.7644872069358826
YMR280C,YMR312W,0,-8.473131,0.1107797846198082,0.9525641202926636,0.7646153569221497
YJL041W,YJL141C,0,-8.473232,0.11076326668262482,0.9525641202926636,0.7647435665130615
YDR377W,YDR432W,0,-8.473753,0.11074675619602203,0.9525641202926636,0.7648717761039734
YNL173C,YGR054W,0,-8.474221,0.11073025315999985,0.9525641202926636,0.7649999856948853
YIL085C,YPR075C,0,-8.4746065,0.11071375012397766,0.9525641202926636,0.7651281952857971
YGR254W,YOL105C,0,-8.475134,0.11069726198911667,0.9525641202926636,0.765256404876709
YNL258C,YNL274C,0,-8.47529,0.11068076640367508,0.9525641202926636,0.7653846144676208
YNL080C,YOL054W,0,-8.475525,0.11066428571939468,0.9525641202926636,0.7655128240585327
YMR264W,YDR439W,0,-8.475659,0.11064780503511429,0.9525641202926636,0.7656410336494446
YOR299W,YJL104W,0,-8.475743,0.11063133180141449,0.9525641202926636,0.7657692432403564
YNL161W,YEL030W,0,-8.477001,0.11061485856771469,0.9525641202926636,0.7658974528312683
YBR243C,YNL012W,0,-8.477371,0.11059839278459549,0.9525641202926636,0.7660256624221802
YJL207C,YOR181W,0,-8.47751,0.11058193445205688,0.9525641202926636,0.766153872013092
YGL167C,YDR045C,0,-8.477987,0.11056547611951828,0.9525641202926636,0.7662820219993591
YLL027W,YMR179W,0,-8.478884,0.11054902523756027,0.9525641202926636,0.766410231590271
YMR006C,YER104W,0,-8.478895,0.11053258180618286,0.9525641202926636,0.7665384411811829
YJL133W,YNL214W,0,-8.481661,0.11051613837480545,0.9525641202926636,0.7666666507720947
YLR403W,YFL004W,0,-8.481707,0.11049970239400864,0.9525641202926636,0.7667948603630066
YOL077C,YOR150W,1,-8.48251,0.11063197255134583,0.9538461565971375,0.7667948603630066
YOL165C,YNL062C,0,-8.482632,0.11061552166938782,0.9538461565971375,0.7669230699539185
YMR198W,YIR017C,0,-8.48287,0.1105990782380104,0.9538461565971375,0.7670512795448303
YDR168W,YOL146W,0,-8.48346,0.11058264225721359,0.9538461565971375,0.7671794891357422
YDR361C,YOR259C,0,-8.483837,0.11056620627641678,0.9538461565971375,0.767307698726654
YHR102W,YLR329W,0,-8.484362,0.11054977774620056,0.9538461565971375,0.7674359083175659
YGL254W,YMR088C,0,-8.484993,0.11053335666656494,0.9538461565971375,0.7675641179084778
YDR173C,YPL268W,0,-8.48509,0.11051693558692932,0.9538461565971375,0.7676923274993896
YOL089C,YER148W,0,-8.485738,0.1105005219578743,0.9538461565971375,0.7678205370903015
YDL145C,YIR037W,0,-8.485776,0.11048410832881927,0.9538461565971375,0.7679487466812134
YOR198C,YIL103W,0,-8.487231,0.11046770960092545,0.9538461565971375,0.7680768966674805
YPR073C,YBL051C,0,-8.48731,0.11045130342245102,0.9538461565971375,0.7682051062583923
YHR077C,YBR276C,0,-8.487711,0.11043491214513779,0.9538461565971375,0.7683333158493042
YER038C,YDR346C,0,-8.488516,0.11041852086782455,0.9538461565971375,0.7684615254402161
YLR022C,YML025C,1,-8.489754,0.11055053025484085,0.9551281929016113,0.7684615254402161
YPL132W,YBL093C,0,-8.490136,0.11053412407636642,0.9551281929016113,0.7685897350311279
YKL009W,YML025C,1,-8.492917,0.11066607385873795,0.9564102292060852,0.7685897350311279
YDR189W,YOR229W,0,-8.493656,0.11064966022968292,0.9564102292060852,0.7687179446220398
YMR041C,YPR054W,0,-8.494703,0.1106332466006279,0.9564102292060852,0.7688461542129517
YKL029C,YOL055C,0,-8.49535,0.11061684787273407,0.9564102292060852,0.7689743638038635
YBR021W,YAL009W,0,-8.4954815,0.11060044169425964,0.9564102292060852,0.7691025733947754
YNR016C,YDR480W,0,-8.495811,0.11058405041694641,0.9564102292060852,0.7692307829856873
YDL194W,YNL253W,0,-8.496063,0.11056765913963318,0.9564102292060852,0.7693589925765991
YPL016W,YDR322C-A,0,-8.496302,0.11055127531290054,0.9564102292060852,0.769487202167511
YCL025C,YOR362C,0,-8.496623,0.11053489148616791,0.9564102292060852,0.7696154117584229
YHR204W,YBL034C,0,-8.497262,0.11051851511001587,0.9564102292060852,0.7697435617446899
YPL055C,YJL011C,0,-8.497883,0.11050214618444443,0.9564102292060852,0.7698717713356018
YGL004C,YNL070W,0,-8.498918,0.11048578470945358,0.9564102292060852,0.7699999809265137
YHR193C,YDR320C,0,-8.501549,0.11046942323446274,0.9564102292060852,0.7701281905174255
YHR041C,YDL190C,0,-8.502299,0.1104530617594719,0.9564102292060852,0.7702564001083374
YGR163W,YBR083W,0,-8.502546,0.11043671518564224,0.9564102292060852,0.7703846096992493
YGL252C,YBR156C,0,-8.502846,0.11042036861181259,0.9564102292060852,0.7705128192901611
YDL134C,YLR263W,0,-8.502962,0.11040402203798294,0.9564102292060852,0.770641028881073
YDR188W,YPR055W,0,-8.503519,0.11038769036531448,0.9564102292060852,0.7707692384719849
YOL023W,YGR162W,0,-8.503558,0.11037135869264603,0.9564102292060852,0.7708974480628967
YIL084C,YML038C,0,-8.5050125,0.11035502701997757,0.9564102292060852,0.7710256576538086
YLR208W,YLR136C,0,-8.506399,0.1103387102484703,0.9564102292060852,0.7711538672447205
YLR310C,YGL144C,0,-8.50684,0.11032239347696304,0.9564102292060852,0.7712820768356323
YGL163C,YDR201W,0,-8.507038,0.11030607670545578,0.9564102292060852,0.7714102268218994
YBR136W,YLR002C,0,-8.507706,0.11028976738452911,0.9564102292060852,0.7715384364128113
YOR191W,YDR324C,0,-8.508453,0.11027346551418304,0.9564102292060852,0.7716666460037231
YGL166W,YOL125W,0,-8.508668,0.11025717109441757,0.9564102292060852,0.771794855594635
YBR274W,YHL028W,0,-8.509733,0.1102408766746521,0.9564102292060852,0.7719230651855469
YIL110W,YPR094W,0,-8.511105,0.11022458970546722,0.9564102292060852,0.7720512747764587
YOR334W,YDL077C,0,-8.512245,0.11020830273628235,0.9564102292060852,0.7721794843673706
YGL100W,YFR003C,0,-8.513971,0.11019202321767807,0.9564102292060852,0.7723076939582825
YKR067W,YPR031W,0,-8.514625,0.11017575114965439,0.9564102292060852,0.7724359035491943
YDR151C,YAL043C,0,-8.514758,0.1101594790816307,0.9564102292060852,0.7725641131401062
YML048W,YLR071C,0,-8.515092,0.11014321446418762,0.9564102292060852,0.7726923227310181
YIR041W,YPL007C,0,-8.515628,0.11012695729732513,0.9564102292060852,0.7728205323219299
YLR190W,YLR147C,0,-8.5156355,0.11011070013046265,0.9564102292060852,0.7729487419128418
YLR110C,YCR053W,0,-8.516002,0.11009445041418076,0.9564102292060852,0.7730769515037537
YEL061C,YGR249W,0,-8.516335,0.11007820814847946,0.9564102292060852,0.7732051014900208
YOR381W,YOR269W,0,-8.518783,0.11006196588277817,0.9564102292060852,0.7733333110809326
YER112W,YIR002C,0,-8.518881,0.11004573106765747,0.9564102292060852,0.7734615206718445
YBR265W,YGR080W,0,-8.520141,0.11002949625253677,0.9564102292060852,0.7735897302627563
YFR034C,YGL229C,0,-8.521524,0.11001326888799667,0.9564102292060852,0.7737179398536682
YDR017C,YKL080W,0,-8.523426,0.10999704897403717,0.9564102292060852,0.7738461494445801
YOR182C,YBR173C,0,-8.524956,0.10998083651065826,0.9564102292060852,0.7739743590354919
YFL011W,YGR135W,0,-8.52497,0.10996462404727936,0.9564102292060852,0.7741025686264038
YNL214W,YPL092W,0,-8.526785,0.10994841903448105,0.9564102292060852,0.7742307782173157
YDR302W,YCR067C,0,-8.527571,0.10993221402168274,0.9564102292060852,0.7743589878082275
YMR041C,YHR181W,0,-8.528896,0.10991601645946503,0.9564102292060852,0.7744871973991394
YFR041C,YOR206W,0,-8.529192,0.10989982634782791,0.9564102292060852,0.7746154069900513
YNR054C,YML076C,0,-8.529366,0.1098836362361908,0.9564102292060852,0.7747436165809631
YOL008W,YKR056W,0,-8.529831,0.10986745357513428,0.9564102292060852,0.7748717665672302
YDR397C,YDR200C,0,-8.531239,0.10985127091407776,0.9564102292060852,0.7749999761581421
YAL007C,YOL128C,0,-8.532576,0.10983510315418243,0.9564102292060852,0.775128185749054
YOL082W,YDR372C,0,-8.532713,0.10981892794370651,0.9564102292060852,0.7752563953399658
YEL034W,YOL044W,0,-8.533302,0.10980276763439178,0.9564102292060852,0.7753846049308777
YKL012W,YPL094C,0,-8.533644,0.10978660732507706,0.9564102292060852,0.7755128145217896
YKL213C,YHR056C,0,-8.533743,0.10977045446634293,0.9564102292060852,0.7756410241127014
YJR007W,YJL139C,0,-8.535234,0.1097543016076088,0.9564102292060852,0.7757692337036133
YBR164C,YIR041W,0,-8.535379,0.10973815619945526,0.9564102292060852,0.7758974432945251
YIR017C,YGL144C,0,-8.536625,0.10972201824188232,0.9564102292060852,0.776025652885437
YCR047C,YML041C,0,-8.537466,0.10970588028430939,0.9564102292060852,0.7761538624763489
YOR034C,YLR045C,0,-8.537514,0.10968974977731705,0.9564102292060852,0.7762820720672607
YDL192W,YKR061W,0,-8.537561,0.1096736267209053,0.9564102292060852,0.7764102816581726
YOL165C,YNR057C,0,-8.537876,0.10965750366449356,0.9564102292060852,0.7765384912490845
YBR084W,YBL022C,0,-8.539081,0.10964138805866241,0.9564102292060852,0.7766666412353516
YER038C,YNL088W,0,-8.541187,0.10962527245283127,0.9564102292060852,0.7767948508262634
YKL182W,YBR253W,0,-8.541579,0.10960917174816132,0.9564102292060852,0.7769230604171753
YPR187W,YDR494W,0,-8.541793,0.10959306359291077,0.9564102292060852,0.7770512700080872
YMR212C,YMR023C,0,-8.542541,0.10957697033882141,0.9564102292060852,0.777179479598999
YLR155C,YEL034W,0,-8.542942,0.10956087708473206,0.9564102292060852,0.7773076891899109
YMR161W,YGR165W,0,-8.543697,0.1095447838306427,0.9564102292060852,0.7774358987808228
YPL227C,YKL017C,0,-8.543713,0.10952870547771454,0.9564102292060852,0.7775641083717346
YIR033W,YPL065W,0,-8.544025,0.10951262712478638,0.9564102292060852,0.7776923179626465
YIL140W,YDR071C,0,-8.544136,0.10949654877185822,0.9564102292060852,0.7778205275535583
YML075C,YOR007C,0,-8.544496,0.10948047786951065,0.9564102292060852,0.7779487371444702
YML110C,YMR224C,0,-8.5456295,0.10946441441774368,0.9564102292060852,0.7780769467353821
YDL051W,YOL031C,0,-8.545843,0.10944835841655731,0.9564102292060852,0.778205156326294
YIL065C,YKL152C,0,-8.546022,0.10943230241537094,0.9564102292060852,0.778333306312561
YMR275C,YNL279W,0,-8.546043,0.10941625386476517,0.9564102292060852,0.7784615159034729
YJL208C,YGR133W,0,-8.547405,0.1094002053141594,0.9564102292060852,0.7785897254943848
YDL161W,YEL053C,0,-8.547675,0.10938416421413422,0.9564102292060852,0.7787179350852966
YLR303W,YER116C,0,-8.548427,0.10936813056468964,0.9564102292060852,0.7788461446762085
YBR211C,YOR204W,0,-8.548816,0.10935209691524506,0.9564102292060852,0.7789743542671204
YBL025W,YKL126W,0,-8.549776,0.10933607071638107,0.9564102292060852,0.7791025638580322
YMR240C,YKL080W,0,-8.550579,0.10932004451751709,0.9564102292060852,0.7792307734489441
YGL171W,YDR494W,0,-8.550758,0.1093040257692337,0.9564102292060852,0.779358983039856
YDL105W,YJL139C,0,-8.552185,0.10928801447153091,0.9564102292060852,0.7794871926307678
YML074C,YER106W,0,-8.552595,0.10927201062440872,0.9564102292060852,0.7796154022216797
YJL080C,YDR495C,0,-8.553497,0.10925600677728653,0.9564102292060852,0.7797436118125916
YML128C,YPR036W,0,-8.556202,0.10924000293016434,0.9564102292060852,0.7798718214035034
YGL047W,YJR055W,0,-8.556416,0.10922401398420334,0.9564102292060852,0.7799999713897705
YDL137W,YMR275C,0,-8.556586,0.10920802503824234,0.9564102292060852,0.7801281809806824
YJL102W,YPL058C,0,-8.5567,0.10919203609228134,0.9564102292060852,0.7802563905715942
YOR249C,YJL025W,0,-8.556756,0.10917605459690094,0.9564102292060852,0.7803846001625061
YDR052C,YBR295W,0,-8.557453,0.10916008055210114,0.9564102292060852,0.780512809753418
YKL160W,YOL091W,0,-8.557474,0.10914411395788193,0.9564102292060852,0.7806410193443298
YML051W,YMR288W,0,-8.558589,0.10912814736366272,0.9564102292060852,0.7807692289352417
YMR058W,YLR369W,0,-8.5598,0.10911218076944351,0.9564102292060852,0.7808974385261536
YMR100W,YNL330C,0,-8.5600395,0.1090962290763855,0.9564102292060852,0.7810256481170654
YEL019C,YOR103C,0,-8.560059,0.10908027738332748,0.9564102292060852,0.7811538577079773
YOL146W,YDL194W,0,-8.561223,0.10906432569026947,0.9564102292060852,0.7812820672988892
YHR085W,YML025C,1,-8.561357,0.1091945618391037,0.9576923251152039,0.7812820672988892
YPR108W,YCL010C,0,-8.561914,0.10917860269546509,0.9576923251152039,0.781410276889801
YJR094C,YCR035C,0,-8.562113,0.10916265100240707,0.9576923251152039,0.7815384864807129
YML095C,YAR007C,0,-8.562578,0.10914669930934906,0.9576923251152039,0.7816666960716248
YOR007C,YDR381W,0,-8.563059,0.10913075506687164,0.9576923251152039,0.7817948460578918
YMR163C,YOR007C,0,-8.564618,0.10911481082439423,0.9576923251152039,0.7819230556488037
YBR133C,YIL101C,0,-8.564668,0.1090988740324974,0.9576923251152039,0.7820512652397156
YDR225W,YMR231W,0,-8.565205,0.10908294469118118,0.9576923251152039,0.7821794748306274
YBL032W,YNR059W,0,-8.565586,0.10906701534986496,0.9576923251152039,0.7823076844215393
YGR156W,YBR273C,0,-8.565921,0.10905109345912933,0.9576923251152039,0.7824358940124512
YLR144C,YDR188W,0,-8.56596,0.1090351790189743,0.9576923251152039,0.782564103603363
YDR303C,YPL047W,0,-8.566285,0.10901926457881927,0.9576923251152039,0.7826923131942749
YNL116W,YPL032C,0,-8.567106,0.10900335758924484,0.9576923251152039,0.7828205227851868
YJR006W,YLR409C,0,-8.567171,0.10898745059967041,0.9576923251152039,0.7829487323760986
YLR066W,YJR086W,0,-8.5672455,0.10897155106067657,0.9576923251152039,0.7830769419670105
YJL134W,YGR193C,0,-8.569067,0.10895565897226334,0.9576923251152039,0.7832051515579224
YGR246C,YCR024C-A,0,-8.56922,0.1089397668838501,0.9576923251152039,0.7833333611488342
YMR224C,YDL084W,0,-8.569807,0.10892388224601746,0.9576923251152039,0.7834615111351013
YDR078C,YGR002C,0,-8.5703125,0.10890800505876541,0.9576923251152039,0.7835897207260132
YBR089C-A,YJL002C,0,-8.570446,0.10889212787151337,0.9576923251152039,0.783717930316925
YPL097W,YGR024C,0,-8.570851,0.10887625813484192,0.9576923251152039,0.7838461399078369
YIR022W,YFL058W,0,-8.57118,0.10886038839817047,0.9576923251152039,0.7839743494987488
YKL117W,YER018C,0,-8.572321,0.10884452611207962,0.9576923251152039,0.7841025590896606
YDL231C,YBR041W,0,-8.572966,0.10882867127656937,0.9576923251152039,0.7842307686805725
YLR144C,YMR080C,0,-8.573179,0.10881281644105911,0.9576923251152039,0.7843589782714844
YBR179C,YDR212W,0,-8.573401,0.10879696905612946,0.9576923251152039,0.7844871878623962
YMR052W,YJL176C,0,-8.573414,0.1087811291217804,0.9576923251152039,0.7846153974533081
YPL266W,YGR038W,0,-8.57361,0.10876528918743134,0.9576923251152039,0.78474360704422
YLR260W,YMR145C,0,-8.576154,0.10874945670366287,0.9576923251152039,0.7848718166351318
YAL055W,YLR447C,0,-8.578669,0.10873362421989441,0.9576923251152039,0.7850000262260437
YBR132C,YNL268W,0,-8.580236,0.10871779918670654,0.9576923251152039,0.7851281762123108
YLR234W,YER123W,0,-8.580661,0.10870198160409927,0.9576923251152039,0.7852563858032227
YLR226W,YML001W,0,-8.581861,0.108686164021492,0.9576923251152039,0.7853845953941345
YLR397C,YPL202C,0,-8.5830965,0.10867035388946533,0.9576923251152039,0.7855128049850464
YDR153C,YDR072C,0,-8.583172,0.10865454375743866,0.9576923251152039,0.7856410145759583
YKL112W,YMR088C,0,-8.583511,0.10863874107599258,0.9576923251152039,0.7857692241668701
YKL117W,YLR292C,0,-8.584108,0.1086229458451271,0.9576923251152039,0.785897433757782
YJL157C,YOR147W,0,-8.585344,0.10860715061426163,0.9576923251152039,0.7860256433486938
YGR147C,YFL008W,0,-8.585768,0.10859136283397675,0.9576923251152039,0.7861538529396057
YKL145W,YFR003C,0,-8.586311,0.10857558250427246,0.9576923251152039,0.7862820625305176
YLR147C,YCR081W,0,-8.586989,0.10855980217456818,0.9576923251152039,0.7864102721214294
YGL209W,YPR031W,0,-8.587297,0.10854402929544449,0.9576923251152039,0.7865384817123413
YKL146W,YOR085W,0,-8.5875845,0.1085282564163208,0.9576923251152039,0.7866666913032532
YKL022C,YDL092W,0,-8.589819,0.10851249098777771,0.9576923251152039,0.786794900894165
YGR133W,YJL154C,0,-8.590565,0.10849673300981522,0.9576923251152039,0.7869230508804321
YDR184C,YMR047C,0,-8.5925865,0.10848097503185272,0.9576923251152039,0.787051260471344
YJL122W,YML025C,1,-8.593004,0.10861042886972427,0.9589743614196777,0.787051260471344
YGL087C,YDL058W,0,-8.59337,0.10859465599060059,0.9589743614196777,0.7871794700622559
YMR220W,YOR288C,0,-8.594336,0.1085788905620575,0.9589743614196777,0.7873076796531677
YMR032W,YJR033C,0,-8.59555,0.108563132584095,0.9589743614196777,0.7874358892440796
YMR156C,YKL080W,0,-8.595937,0.1085473820567131,0.9589743614196777,0.7875640988349915
YML016C,YBR260C,0,-8.59644,0.10853163152933121,0.9589743614196777,0.7876923084259033
YKL084W,YJR103W,0,-8.597561,0.10851588845252991,0.9589743614196777,0.7878205180168152
YGL130W,YLR150W,0,-8.597757,0.10850014537572861,0.9589743614196777,0.787948727607727
YPR132W,YFL049W,0,-8.597929,0.1084844097495079,0.9589743614196777,0.7880769371986389
YPR128C,YDR443C,0,-8.597956,0.1084686741232872,0.9589743614196777,0.7882051467895508
YJL085W,YNL318C,0,-8.598575,0.10845295339822769,0.9589743614196777,0.7883333563804626
YAL035W,YDR073W,0,-8.598827,0.10843722522258759,0.9589743614196777,0.7884615659713745
YGL067W,YPL123C,0,-8.5998535,0.10842151194810867,0.9589743614196777,0.7885897159576416
YPL217C,YDR263C,0,-8.600296,0.10840579867362976,0.9589743614196777,0.7887179255485535
YPL193W,YML025C,1,-8.601357,0.10853499174118042,0.9602563977241516,0.7887179255485535
YIL125W,YBL023C,0,-8.601362,0.10851927101612091,0.9602563977241516,0.7888461351394653
YFL021W,YDR397C,0,-8.601976,0.1085035502910614,0.9602563977241516,0.7889743447303772
YOR274W,YLR248W,0,-8.602394,0.10848782956600189,0.9602563977241516,0.7891025543212891
YDL088C,YJR131W,0,-8.602955,0.10847212374210358,0.9602563977241516,0.7892307639122009
YBR202W,YDR069C,0,-8.603216,0.10845641791820526,0.9602563977241516,0.7893589735031128
YLR423C,YNL275W,0,-8.604971,0.10844071209430695,0.9602563977241516,0.7894871830940247
YNL097C,YPR154W,0,-8.605642,0.10842501372098923,0.9602563977241516,0.7896153926849365
YLR286C,YFR052W,0,-8.606442,0.1084093227982521,0.9602563977241516,0.7897436022758484
YMR207C,YLR048W,0,-8.609907,0.10839363187551498,0.9602563977241516,0.7898718118667603
YJR047C,YGL136C,0,-8.6109085,0.10837794840335846,0.9602563977241516,0.7900000214576721
YIL009C-A,YGL181W,0,-8.611835,0.10836226493120193,0.9602563977241516,0.790128231048584
YPR162C,YMR076C,0,-8.611973,0.1083465963602066,0.9602563977241516,0.7902563810348511
YPR199C,YOR201C,0,-8.613306,0.10833092033863068,0.9602563977241516,0.7903845906257629
YPL061W,YGR267C,0,-8.613631,0.10831525921821594,0.9602563977241516,0.7905128002166748
YDR300C,YDR160W,0,-8.61409,0.10829959809780121,0.9602563977241516,0.7906410098075867
YGR191W,YGL127C,0,-8.614528,0.10828393697738647,0.9602563977241516,0.7907692193984985
YMR014W,YCL044C,0,-8.615293,0.10826828330755234,0.9602563977241516,0.7908974289894104
YNL161W,YPL015C,0,-8.615507,0.1082526370882988,0.9602563977241516,0.7910256385803223
YOR098C,YPL092W,0,-8.615825,0.10823699086904526,0.9602563977241516,0.7911538481712341
YGR227W,YNL116W,0,-8.616268,0.10822135210037231,0.9602563977241516,0.791282057762146
YOR122C,YPL157W,0,-8.617065,0.10820572078227997,0.9602563977241516,0.7914102673530579
YPL031C,YBL018C,0,-8.618004,0.10819008946418762,0.9602563977241516,0.7915384769439697
YOL101C,YCL032W,0,-8.618437,0.10817446559667587,0.9602563977241516,0.7916666865348816
YFL056C,YDL137W,0,-8.618636,0.10815884172916412,0.9602563977241516,0.7917948961257935
YGL200C,YOR244W,0,-8.620357,0.10814322531223297,0.9602563977241516,0.7919231057167053
YER044C,YDR150W,0,-8.620609,0.10812761634588242,0.9602563977241516,0.7920512557029724
YNL030W,YOL091W,0,-8.622829,0.10811200737953186,0.9602563977241516,0.7921794652938843
YHR013C,YBR185C,0,-8.624038,0.1080964058637619,0.9602563977241516,0.7923076748847961
YNL088W,YIL031W,0,-8.62462,0.10808081179857254,0.9602563977241516,0.792435884475708
YIL117C,YPL234C,0,-8.625059,0.10806521773338318,0.9602563977241516,0.7925640940666199
YMR029C,YHR098C,0,-8.62516,0.10804962366819382,0.9602563977241516,0.7926923036575317
YBR106W,YJR021C,0,-8.626188,0.10803403705358505,0.9602563977241516,0.7928205132484436
YBR236C,YLR377C,0,-8.626501,0.10801845788955688,0.9602563977241516,0.7929487228393555
YDR096W,YKL212W,0,-8.627268,0.10800288617610931,0.9602563977241516,0.7930769324302673
YOL149W,YBR058C,0,-8.627989,0.10798731446266174,0.9602563977241516,0.7932051420211792
YCR086W,YGR008C,0,-8.628427,0.10797174274921417,0.9602563977241516,0.7933333516120911
YJR108W,YGL144C,0,-8.628622,0.1079561859369278,0.9602563977241516,0.7934615612030029
YCR052W,YDR322C-A,0,-8.628734,0.10794062912464142,0.9602563977241516,0.7935897707939148
YLR318W,YGR281W,0,-8.629033,0.10792507231235504,0.9602563977241516,0.7937179207801819
YJR137C,YBR175W,0,-8.629166,0.10790952295064926,0.9602563977241516,0.7938461303710938
YBR070C,YGR091W,0,-8.629246,0.10789398103952408,0.9602563977241516,0.7939743399620056
YFL050C,YMR162C,0,-8.629691,0.1078784391283989,0.9602563977241516,0.7941025495529175
YER054C,YOR265W,0,-8.629936,0.10786290466785431,0.9602563977241516,0.7942307591438293
YDR382W,YLR136C,0,-8.630165,0.10784737020730972,0.9602563977241516,0.7943589687347412
YNL159C,YJL090C,0,-8.631906,0.10783184319734573,0.9602563977241516,0.7944871783256531
YML095C,YNL207W,0,-8.632275,0.10781632363796234,0.9602563977241516,0.7946153879165649
YOR281C,YDL244W,0,-8.633352,0.10780080407857895,0.9602563977241516,0.7947435975074768
YNL161W,YBL003C,0,-8.633538,0.10778529196977615,0.9602563977241516,0.7948718070983887
YDR386W,YDL208W,0,-8.633553,0.10776978731155396,0.9602563977241516,0.7950000166893005
YFL011W,YCL054W,0,-8.634103,0.10775428265333176,0.9602563977241516,0.7951282262802124
YGL178W,YNL222W,0,-8.63474,0.10773877799510956,0.9602563977241516,0.7952564358711243
YGL253W,YLR119W,0,-8.6349945,0.10772328823804855,0.9602563977241516,0.7953845858573914
YHL034C,YPL237W,0,-8.635292,0.10770779103040695,0.9602563977241516,0.7955127954483032
YPL097W,YMR201C,0,-8.6353855,0.10769230872392654,0.9602563977241516,0.7956410050392151
YJR112W,YNL251C,0,-8.635806,0.10767682641744614,0.9602563977241516,0.795769214630127
YKL148C,YMR077C,0,-8.636896,0.10766135156154633,0.9602563977241516,0.7958974242210388
YDL035C,YNL126W,0,-8.636912,0.10764587670564651,0.9602563977241516,0.7960256338119507
YPL059W,YBR153W,0,-8.636934,0.1076304093003273,0.9602563977241516,0.7961538434028625
YOL086C,YDR394W,0,-8.63932,0.10761494189500809,0.9602563977241516,0.7962820529937744
YKL152C,YHR194W,0,-8.641222,0.10759948194026947,0.9602563977241516,0.7964102625846863
YAL013W,YJR019C,0,-8.643416,0.10758402943611145,0.9602563977241516,0.7965384721755981
YER164W,YAL002W,0,-8.643896,0.10756857693195343,0.9602563977241516,0.79666668176651
YDR323C,YBR169C,0,-8.644003,0.10755313187837601,0.9602563977241516,0.7967948913574219
YOR371C,YCL031C,0,-8.644211,0.10753768682479858,0.9602563977241516,0.7969231009483337
YJR009C,YDR485C,0,-8.644329,0.10752224922180176,0.9602563977241516,0.7970513105392456
YHL020C,YDR247W,0,-8.644436,0.10750681906938553,0.9602563977241516,0.7971794605255127
YMR213W,YLR382C,0,-8.646068,0.1074913889169693,0.9602563977241516,0.7973076701164246
YHR043C,YAL003W,0,-8.647347,0.10747596621513367,0.9602563977241516,0.7974358797073364
YBR199W,YMR234W,0,-8.650063,0.10746054351329803,0.9602563977241516,0.7975640892982483
YJR031C,YOL105C,0,-8.650442,0.107445128262043,0.9602563977241516,0.7976922988891602
YJL210W,YGR276C,0,-8.650562,0.10742972046136856,0.9602563977241516,0.797820508480072
YLR264W,YHL009C,0,-8.651136,0.10741431266069412,0.9602563977241516,0.7979487180709839
YOR321W,YOL066C,0,-8.65239,0.10739891231060028,0.9602563977241516,0.7980769276618958
YGL005C,YOL021C,0,-8.6525135,0.10738351196050644,0.9602563977241516,0.7982051372528076
YCR089W,YMR035W,0,-8.652641,0.1073681190609932,0.9602563977241516,0.7983333468437195
YCL066W,YNL304W,0,-8.654303,0.10735273361206055,0.9602563977241516,0.7984615564346313
YDR106W,YBR205W,0,-8.654627,0.1073373481631279,0.9602563977241516,0.7985897660255432
YML099C,YDR404C,0,-8.655248,0.10732196271419525,0.9602563977241516,0.7987179756164551
YDR016C,YJL222W,0,-8.655571,0.1073065921664238,0.9602563977241516,0.7988461256027222
YML075C,YPL097W,0,-8.657094,0.10729122161865234,0.9602563977241516,0.798974335193634
YDR270W,YBR015C,0,-8.657196,0.10727585107088089,0.9602563977241516,0.7991025447845459
YMR113W,YJR073C,0,-8.657661,0.10726048797369003,0.9602563977241516,0.7992307543754578
YPL248C,YIL110W,0,-8.657944,0.10724513232707977,0.9602563977241516,0.7993589639663696
YEL042W,YGR104C,0,-8.658018,0.10722977668046951,0.9602563977241516,0.7994871735572815
YDR099W,YDR108W,0,-8.65896,0.10721442848443985,0.9602563977241516,0.7996153831481934
YHR183W,YML091C,0,-8.661257,0.10719908028841019,0.9602563977241516,0.7997435927391052
YJL041W,YGR112W,0,-8.662459,0.10718374699354172,0.9602563977241516,0.7998718023300171
YPR122W,YDR314C,0,-8.664804,0.10716840624809265,0.9602563977241516,0.800000011920929
YPL086C,YLR081W,0,-8.665137,0.10715307295322418,0.9602563977241516,0.8001282215118408
YEL027W,YIL031W,0,-8.665651,0.10713774710893631,0.9602563977241516,0.8002564311027527
YLR052W,YKR002W,0,-8.665672,0.10712242871522903,0.9602563977241516,0.8003846406936646
YLR014C,YBR103W,0,-8.666354,0.10710711032152176,0.9602563977241516,0.8005128502845764
YIL132C,YNL214W,0,-8.666551,0.10709179192781448,0.9602563977241516,0.8006410002708435
YMR035W,YIL095W,0,-8.66712,0.1070764809846878,0.9602563977241516,0.8007692098617554
YPL043W,YGL212W,0,-8.667124,0.10706117749214172,0.9602563977241516,0.8008974194526672
YLR411W,YER054C,0,-8.667356,0.10704587399959564,0.9602563977241516,0.8010256290435791
YKL046C,YMR313C,0,-8.66842,0.10703057795763016,0.9602563977241516,0.801153838634491
YML086C,YGL053W,0,-8.6687765,0.10701528936624527,0.9602563977241516,0.8012820482254028
YNL156C,YEL037C,0,-8.669017,0.10700000077486038,0.9602563977241516,0.8014102578163147
YPL140C,YDR002W,0,-8.670218,0.10698471963405609,0.9602563977241516,0.8015384674072266
YMR207C,YDR181C,0,-8.67028,0.1069694384932518,0.9602563977241516,0.8016666769981384
YDR173C,YNL262W,0,-8.671139,0.1069541648030281,0.9602563977241516,0.8017948865890503
YKR068C,YMR032W,0,-8.6724205,0.10693889111280441,0.9602563977241516,0.8019230961799622
YLR369W,YLR200W,0,-8.673333,0.10692362487316132,0.9602563977241516,0.802051305770874
YDR163W,YKL178C,0,-8.67415,0.10690836608409882,0.9602563977241516,0.8021795153617859
YPR124W,YPL232W,0,-8.67425,0.10689310729503632,0.9602563977241516,0.802307665348053
YMR041C,YPL233W,0,-8.674316,0.10687785595655441,0.9602563977241516,0.8024358749389648
YMR055C,YPR155C,0,-8.67546,0.10686260461807251,0.9602563977241516,0.8025640845298767
YML051W,YJL001W,0,-8.676099,0.1068473607301712,0.9602563977241516,0.8026922941207886
YMR164C,YJL069C,0,-8.676438,0.1068321242928505,0.9602563977241516,0.8028205037117004
YHR075C,YNL247W,0,-8.676583,0.10681688785552979,0.9602563977241516,0.8029487133026123
YPL015C,YGL209W,0,-8.676912,0.10680165141820908,0.9602563977241516,0.8030769228935242
YER054C,YCL017C,0,-8.676933,0.10678642988204956,0.9602563977241516,0.803205132484436
YOR201C,YBR296C,0,-8.676945,0.10677120089530945,0.9602563977241516,0.8033333420753479
YKR065C,YPL065W,0,-8.677251,0.10675598680973053,0.9602563977241516,0.8034615516662598
YLR423C,YNL111C,0,-8.67761,0.10674077272415161,0.9602563977241516,0.8035897612571716
YOL016C,YML103C,0,-8.678798,0.10672556608915329,0.9602563977241516,0.8037179708480835
YDR184C,YPR037C,0,-8.679135,0.10671035945415497,0.9602563977241516,0.8038461804389954
YKL195W,YER003C,0,-8.679253,0.10669516026973724,0.9602563977241516,0.8039743304252625
YGR097W,YDR317W,0,-8.679287,0.10667996108531952,0.9602563977241516,0.8041025400161743
YPR034W,YML016C,0,-8.680342,0.10666476935148239,0.9602563977241516,0.8042307496070862
YLR370C,YGR147C,0,-8.680476,0.10664957761764526,0.9602563977241516,0.804358959197998
YNR019W,YKL205W,0,-8.680834,0.10663439333438873,0.9602563977241516,0.8044871687889099
YER026C,YPL157W,0,-8.681133,0.1066192165017128,0.9602563977241516,0.8046153783798218
YLR318W,YJL063C,0,-8.681343,0.10660403966903687,0.9602563977241516,0.8047435879707336
YLR191W,YDL052C,0,-8.682784,0.10658887028694153,0.9602563977241516,0.8048717975616455
YHR164C,YIL009W,0,-8.68359,0.10657370835542679,0.9602563977241516,0.8050000071525574
YDR480W,YGR030C,0,-8.684038,0.10655854642391205,0.9602563977241516,0.8051282167434692
YLR449W,YLR303W,0,-8.684316,0.10654338449239731,0.9602563977241516,0.8052564263343811
YKL017C,YAL055W,0,-8.686113,0.10652823001146317,0.9602563977241516,0.805384635925293
YOR078W,YDR040C,0,-8.686191,0.10651308298110962,0.9602563977241516,0.8055128455162048
YPR065W,YDR453C,0,-8.687553,0.10649793595075607,0.9602563977241516,0.8056410551071167
YKL208W,YJL008C,0,-8.689206,0.10648279637098312,0.9602563977241516,0.8057692050933838
YBR158W,YOL089C,0,-8.689683,0.10646766424179077,0.9602563977241516,0.8058974146842957
YIL004C,YBR024W,0,-8.690977,0.10645253211259842,0.9602563977241516,0.8060256242752075
YDL243C,YMR006C,0,-8.69152,0.10643739998340607,0.9602563977241516,0.8061538338661194
YDR384C,YGR181W,0,-8.692078,0.10642228275537491,0.9602563977241516,0.8062820434570312
YDR300C,YEL057C,0,-8.692494,0.10640715807676315,0.9602563977241516,0.8064102530479431
YJL001W,YOR297C,0,-8.692501,0.10639204829931259,0.9602563977241516,0.806538462638855
YKL052C,YPL019C,0,-8.695376,0.10637693852186203,0.9602563977241516,0.8066666722297668
YBL045C,YNL210W,0,-8.695461,0.10636182874441147,0.9602563977241516,0.8067948818206787
YML041C,YEL002C,0,-8.6968975,0.1063467264175415,0.9602563977241516,0.8069230914115906
YMR182C,YNL070W,0,-8.69791,0.10633163154125214,0.9602563977241516,0.8070513010025024
YDL165W,YJR127C,0,-8.698197,0.10631653666496277,0.9602563977241516,0.8071795105934143
YPL267W,YLR139C,0,-8.698208,0.106301449239254,0.9602563977241516,0.8073077201843262
YFR009W,YHL002W,0,-8.698849,0.10628636181354523,0.9602563977241516,0.8074358701705933
YIL009C-A,YGR089W,0,-8.702179,0.10627128183841705,0.9602563977241516,0.8075640797615051
YPL179W,YJL080C,0,-8.702208,0.10625620931386948,0.9602563977241516,0.807692289352417
YBL016W,YIL153W,0,-8.706486,0.1062411367893219,0.9602563977241516,0.8078204989433289
YJL100W,YHR077C,0,-8.706562,0.10622606426477432,0.9602563977241516,0.8079487085342407
YGL166W,YGR171C,0,-8.707718,0.10621100664138794,0.9602563977241516,0.8080769181251526
YLR155C,YMR275C,0,-8.708382,0.10619594156742096,0.9602563977241516,0.8082051277160645
YCR063W,YNR047W,0,-8.713051,0.10618089139461517,0.9602563977241516,0.8083333373069763
YGR123C,YMR273C,0,-8.713356,0.10616584122180939,0.9602563977241516,0.8084615468978882
YMR200W,YJR086W,0,-8.7146015,0.1061507910490036,0.9602563977241516,0.8085897564888
YDL087C,YDR245W,0,-8.7151165,0.10613574832677841,0.9602563977241516,0.8087179660797119
YJL104W,YNL003C,0,-8.71603,0.10612071305513382,0.9602563977241516,0.8088461756706238
YPL097W,YGR030C,0,-8.716147,0.10610567778348923,0.9602563977241516,0.8089743852615356
YNL288W,YBR026C,0,-8.716162,0.10609064996242523,0.9602563977241516,0.8091025352478027
YLR270W,YBR082C,0,-8.716632,0.10607562959194183,0.9602563977241516,0.8092307448387146
YNL274C,YHR039C,0,-8.717127,0.10606060922145844,0.9602563977241516,0.8093589544296265
YBL033C,YDR308C,0,-8.719071,0.10604558885097504,0.9602563977241516,0.8094871640205383
YLL038C,YOR038C,0,-8.719993,0.10603057593107224,0.9602563977241516,0.8096153736114502
YMR116C,YDL002C,0,-8.720104,0.10601557046175003,0.9602563977241516,0.8097435832023621
YBL074C,YKL006C-A,0,-8.721032,0.10600056499242783,0.9602563977241516,0.8098717927932739
YOR193W,YER125W,0,-8.721543,0.10598556697368622,0.9602563977241516,0.8100000023841858
YBL032W,YDR181C,0,-8.721734,0.10597056895494461,0.9602563977241516,0.8101282119750977
YPR054W,YFR003C,0,-8.721978,0.1059555783867836,0.9602563977241516,0.8102564215660095
YBL078C,YBR179C,0,-8.722016,0.10594059526920319,0.9602563977241516,0.8103846311569214
YIL084C,YIL129C,0,-8.722285,0.10592561215162277,0.9602563977241516,0.8105128407478333
YPR006C,YKR072C,0,-8.723206,0.10591063648462296,0.9602563977241516,0.8106410503387451
YMR212C,YOL113W,0,-8.723486,0.10589566081762314,0.9602563977241516,0.810769259929657
YMR162C,YPR073C,0,-8.724922,0.10588069260120392,0.9602563977241516,0.8108974099159241
YNL288W,YOL148C,0,-8.726756,0.1058657243847847,0.9602563977241516,0.8110256195068359
YJL167W,YHR158C,0,-8.72681,0.10585076361894608,0.9602563977241516,0.8111538290977478
YPL096W,YKR059W,0,-8.7268715,0.10583580285310745,0.9602563977241516,0.8112820386886597
YNL130C,YDL235C,0,-8.72757,0.10582085698843002,0.9602563977241516,0.8114102482795715
YML008C,YJR021C,0,-8.728624,0.105805903673172,0.9602563977241516,0.8115384578704834
YLR109W,YAL007C,0,-8.729384,0.10579095780849457,0.9602563977241516,0.8116666674613953
YDR420W,YGR276C,0,-8.730026,0.10577601939439774,0.9602563977241516,0.8117948770523071
YJR017C,YHR091C,0,-8.730225,0.1057610809803009,0.9602563977241516,0.811923086643219
YPL137C,YBR253W,0,-8.7311,0.10574615001678467,0.9602563977241516,0.8120512962341309
YCL059C,YLR254C,0,-8.731228,0.10573122650384903,0.9602563977241516,0.8121795058250427
YIL019W,YNL169C,0,-8.7330475,0.10571630299091339,0.9602563977241516,0.8123077154159546
YER026C,YKL015W,0,-8.733159,0.10570137947797775,0.9602563977241516,0.8124359250068665
YPL180W,YPL087W,0,-8.734992,0.10568647086620331,0.9602563977241516,0.8125640749931335
YMR179W,YDL217C,0,-8.735314,0.10567155480384827,0.9602563977241516,0.8126922845840454
YFL011W,YFR005C,0,-8.737764,0.10565665364265442,0.9602563977241516,0.8128204941749573
YDR339C,YOL111C,0,-8.738577,0.10564175248146057,0.9602563977241516,0.8129487037658691
YOR046C,YKR061W,0,-8.738869,0.10562685132026672,0.9602563977241516,0.813076913356781
YKL195W,YLL021W,0,-8.739526,0.10561195760965347,0.9602563977241516,0.8132051229476929
YJL101C,YOL061W,0,-8.740238,0.10559706389904022,0.9602563977241516,0.8133333325386047
YOR257W,YBR069C,0,-8.742628,0.10558218508958817,0.9602563977241516,0.8134615421295166
YBL082C,YNL253W,0,-8.743552,0.10556729882955551,0.9602563977241516,0.8135897517204285
YNL126W,YDR320C,0,-8.743971,0.10555242747068405,0.9602563977241516,0.8137179613113403
YER112W,YMR137C,0,-8.7448015,0.105537548661232,0.9602563977241516,0.8138461709022522
YPL178W,YMR030W,0,-8.74551,0.10552268475294113,0.9602563977241516,0.8139743804931641
YPR082C,YBR006W,0,-8.7457905,0.10550782084465027,0.9602563977241516,0.8141025900840759
YKR007W,YHR070W,0,-8.7458,0.1054929569363594,0.9602563977241516,0.814230740070343
YDL220C,YJL011C,0,-8.745817,0.10547810047864914,0.9602563977241516,0.8143589496612549
YBL030C,YHR090C,0,-8.745878,0.10546325147151947,0.9602563977241516,0.8144871592521667
YPL058C,YDL083C,0,-8.746355,0.1054484024643898,0.9602563977241516,0.8146153688430786
YNL026W,YHR084W,0,-8.74662,0.10543356090784073,0.9602563977241516,0.8147435784339905
YBR212W,YJL143W,0,-8.748299,0.10541871935129166,0.9602563977241516,0.8148717880249023
YGR230W,YLR371W,0,-8.749714,0.10540388524532318,0.9602563977241516,0.8149999976158142
YDR079W,YKL056C,0,-8.752893,0.1053890511393547,0.9602563977241516,0.8151282072067261
YHR091C,YJL154C,0,-8.753153,0.10537422448396683,0.9602563977241516,0.8152564167976379
YDR284C,YMR077C,0,-8.753346,0.10535940527915955,0.9602563977241516,0.8153846263885498
YBL032W,YML095C,0,-8.754456,0.10534458607435226,0.9602563977241516,0.8155128359794617
YDR224C,YDR218C,0,-8.755171,0.10532977432012558,0.9602563977241516,0.8156410455703735
YDR483W,YLL002W,0,-8.756945,0.1053149625658989,0.9602563977241516,0.8157692551612854
YNL021W,YBR295W,0,-8.75786,0.10530015826225281,0.9602563977241516,0.8158974647521973
YBL103C,YPL239W,0,-8.758105,0.10528535395860672,0.9602563977241516,0.8160256147384644
YKL139W,YOR132W,0,-8.758107,0.10527055710554123,0.9602563977241516,0.8161538243293762
YFL050C,YDR457W,0,-8.758484,0.10525576025247574,0.9602563977241516,0.8162820339202881
YMR092C,YLR305C,0,-8.758504,0.10524097084999084,0.9602563977241516,0.8164102435112
YDR087C,YMR106C,0,-8.760075,0.10522618889808655,0.9602563977241516,0.8165384531021118
YIL042C,YFL017W-A,0,-8.760216,0.10521140694618225,0.9602563977241516,0.8166666626930237
YMR052W,YDR303C,0,-8.7606735,0.10519663244485855,0.9602563977241516,0.8167948722839355
YDR189W,YHR138C,0,-8.760817,0.10518185794353485,0.9602563977241516,0.8169230818748474
YGL206C,YNR015W,0,-8.7608595,0.10516709089279175,0.9602563977241516,0.8170512914657593
YHR075C,YKR086W,0,-8.7608795,0.10515232384204865,0.9602563977241516,0.8171795010566711
YNL053W,YKL034W,0,-8.76091,0.10513756424188614,0.9602563977241516,0.817307710647583
YMR232W,YDR494W,0,-8.761027,0.10512280464172363,0.9602563977241516,0.8174359202384949
YDR245W,YDL046W,0,-8.764481,0.10510805249214172,0.9602563977241516,0.8175641298294067
YEL029C,YJR086W,0,-8.765073,0.10509330779314041,0.9602563977241516,0.8176922798156738
YKR061W,YOR224C,0,-8.765931,0.1050785630941391,0.9602563977241516,0.8178204894065857
YMR076C,YGL129C,0,-8.766206,0.10506382584571838,0.9602563977241516,0.8179486989974976
YNL156C,YGR275W,0,-8.766935,0.10504908859729767,0.9602563977241516,0.8180769085884094
YKL165C,YJL210W,0,-8.767829,0.10503435879945755,0.9602563977241516,0.8182051181793213
YPL259C,YNR058W,0,-8.768516,0.10501962900161743,0.9602563977241516,0.8183333277702332
YPR199C,YHL007C,0,-8.769705,0.10500490665435791,0.9602563977241516,0.818461537361145
YAR007C,YNL202W,0,-8.7699795,0.10499018430709839,0.9602563977241516,0.8185897469520569
YOR085W,YDL244W,0,-8.771062,0.10497546941041946,0.9602563977241516,0.8187179565429688
YOL147C,YKL140W,0,-8.771466,0.10496076196432114,0.9602563977241516,0.8188461661338806
YJL166W,YPR024W,0,-8.77229,0.10494605451822281,0.9602563977241516,0.8189743757247925
YKL068W,YJR004C,0,-8.772671,0.10493135452270508,0.9602563977241516,0.8191025853157043
YER164W,YOR386W,0,-8.773459,0.10491665452718735,0.9602563977241516,0.8192307949066162
YKL020C,YOR332W,0,-8.773464,0.10490196198225021,0.9602563977241516,0.8193589448928833
YBR185C,YKL175W,0,-8.773492,0.10488726943731308,0.9602563977241516,0.8194871544837952
YNR010W,YGR245C,0,-8.774743,0.10487258434295654,0.9602563977241516,0.819615364074707
YOR046C,YDR126W,0,-8.776127,0.1048578992486,0.9602563977241516,0.8197435736656189
YPR120C,YJR094C,0,-8.7765665,0.10484322160482407,0.9602563977241516,0.8198717832565308
YBR265W,YHR090C,0,-8.776902,0.10482855141162872,0.9602563977241516,0.8199999928474426
YGL017W,YPL118W,0,-8.777094,0.10481388121843338,0.9602563977241516,0.8201282024383545
YGL005C,YER075C,0,-8.777571,0.10479921847581863,0.9602563977241516,0.8202564120292664
YML048W,YOL006C,0,-8.778044,0.10478455573320389,0.9602563977241516,0.8203846216201782
YDR386W,YLR222C,0,-8.778696,0.10476990044116974,0.9602563977241516,0.8205128312110901
YDR202C,YER019C-A,0,-8.7788105,0.10475524514913559,0.9602563977241516,0.820641040802002
YKL092C,YDR087C,0,-8.781443,0.10474059730768204,0.9602563977241516,0.8207692503929138
YLR263W,YDR443C,0,-8.782072,0.10472594946622849,0.9602563977241516,0.8208974599838257
YDR081C,YOR275C,0,-8.78229,0.10471130907535553,0.9602563977241516,0.8210256695747375
YGR257C,YPL089C,0,-8.78738,0.10469667613506317,0.9602563977241516,0.8211538195610046
YGR152C,YLR417W,0,-8.787458,0.10468204319477081,0.9602563977241516,0.8212820291519165
YML130C,YKL006C-A,0,-8.787514,0.10466741025447845,0.9602563977241516,0.8214102387428284
YOR298C-A,YBR106W,0,-8.788171,0.1046527847647667,0.9602563977241516,0.8215384483337402
YBR236C,YNR034W,0,-8.788488,0.10463816672563553,0.9602563977241516,0.8216666579246521
YPL259C,YBR040W,0,-8.790115,0.10462354868650436,0.9602563977241516,0.821794867515564
YJL134W,YDR202C,0,-8.790206,0.1046089380979538,0.9602563977241516,0.8219230771064758
YKR027W,YJL054W,0,-8.791178,0.10459432750940323,0.9602563977241516,0.8220512866973877
YDL017W,YHR196W,0,-8.7916,0.10457972437143326,0.9602563977241516,0.8221794962882996
YJR091C,YPL233W,0,-8.791817,0.10456512868404388,0.9602563977241516,0.8223077058792114
YOR043W,YHR161C,0,-8.792104,0.10455053299665451,0.9602563977241516,0.8224359154701233
YLR167W,YJL156C,0,-8.792479,0.10453593730926514,0.9602563977241516,0.8225641250610352
YLR157C,YKR008W,0,-8.792965,0.10452134907245636,0.9602563977241516,0.822692334651947
YER110C,YDR470C,0,-8.794487,0.10450676828622818,0.9602563977241516,0.8228204846382141
YML011C,YLR240W,0,-8.794653,0.1044921875,0.9602563977241516,0.822948694229126
YLR431C,YNL207W,0,-8.796026,0.10447761416435242,0.9602563977241516,0.8230769038200378
YHR092C,YLR321C,0,-8.796142,0.10446304082870483,0.9602563977241516,0.8232051134109497
YDR098C,YDR251W,0,-8.796427,0.10444847494363785,0.9602563977241516,0.8233333230018616
YAL053W,YNL312W,0,-8.796477,0.10443390905857086,0.9602563977241516,0.8234615325927734
YKL165C,YPL171C,0,-8.79651,0.10441935062408447,0.9602563977241516,0.8235897421836853
YKL081W,YLR193C,0,-8.796808,0.10440479218959808,0.9602563977241516,0.8237179517745972
YLR453C,YIL021W,0,-8.798271,0.10439024120569229,0.9602563977241516,0.823846161365509
YDR016C,YML046W,0,-8.799713,0.1043756976723671,0.9602563977241516,0.8239743709564209
YCR027C,YGR213C,0,-8.8013735,0.1043611541390419,0.9602563977241516,0.8241025805473328
YGL005C,YLR259C,0,-8.801743,0.1043466180562973,0.9602563977241516,0.8242307901382446
YMR058W,YAL015C,0,-8.802644,0.1043320819735527,0.9602563977241516,0.8243589997291565
YMR035W,YML043C,0,-8.802695,0.1043175458908081,0.9602563977241516,0.8244871497154236
YCL038C,YLR399C,0,-8.803523,0.1043030247092247,0.9602563977241516,0.8246153593063354
YPR020W,YOR098C,0,-8.803644,0.1042884960770607,0.9602563977241516,0.8247435688972473
YPL178W,YER041W,0,-8.803805,0.10427398234605789,0.9602563977241516,0.8248717784881592
YLR103C,YDR363W,0,-8.804346,0.10425946861505508,0.9602563977241516,0.824999988079071
YGR142W,YKR014C,0,-8.805843,0.10424495488405228,0.9602563977241516,0.8251281976699829
YFR024C-A,YNL268W,0,-8.806123,0.10423044860363007,0.9602563977241516,0.8252564072608948
YGR089W,YLL040C,0,-8.80702,0.10421594232320786,0.9602563977241516,0.8253846168518066
YDR163W,YDR037W,0,-8.808216,0.10420144349336624,0.9602563977241516,0.8255128264427185
YDR103W,YJL069C,0,-8.809918,0.10418695211410522,0.9602563977241516,0.8256410360336304
YCR044C,YDR243C,0,-8.8104925,0.10417246073484421,0.9602563977241516,0.8257692456245422
YNL084C,YKL081W,0,-8.812601,0.10415797680616379,0.9602563977241516,0.8258974552154541
YAL047C,YDR353W,0,-8.813685,0.10414349287748337,0.9602563977241516,0.826025664806366
YBR215W,YGL225W,0,-8.814383,0.10412901639938354,0.9602563977241516,0.8261538743972778
YHR098C,YML027W,0,-8.814426,0.10411453992128372,0.9602563977241516,0.8262820243835449
YMR150C,YKR038C,0,-8.814711,0.1041000708937645,0.9602563977241516,0.8264102339744568
YIR033W,YDL079C,0,-8.816118,0.10408560186624527,0.9602563977241516,0.8265384435653687
YAL038W,YKL026C,0,-8.816809,0.10407114028930664,0.9602563977241516,0.8266666531562805
YPR171W,YCR061W,0,-8.817688,0.10405667871236801,0.9602563977241516,0.8267948627471924
YMR052W,YGR211W,0,-8.818337,0.10404222458600998,0.9602563977241516,0.8269230723381042
YOL011W,YDL217C,0,-8.818442,0.10402777791023254,0.9602563977241516,0.8270512819290161
YMR142C,YJL222W,0,-8.818945,0.10401333123445511,0.9602563977241516,0.827179491519928
YPL164C,YEL017C-A,0,-8.818961,0.10399889200925827,0.9602563977241516,0.8273077011108398
YOR204W,YIL098C,0,-8.82112,0.10398445278406143,0.9602563977241516,0.8274359107017517
YBR055C,YER021W,0,-8.82132,0.1039700135588646,0.9602563977241516,0.8275641202926636
YBR205W,YNL241C,0,-8.821878,0.10395558923482895,0.9602563977241516,0.8276923298835754
YPR029C,YGR063C,0,-8.821924,0.10394115746021271,0.9602563977241516,0.8278205394744873
YDR016C,YLR090W,0,-8.823729,0.10392674058675766,0.9602563977241516,0.8279486894607544
YDL161W,YML006C,0,-8.824368,0.10391231626272202,0.9602563977241516,0.8280768990516663
YPL267W,YGR231C,0,-8.824369,0.10389790683984756,0.9602563977241516,0.8282051086425781
YNR019W,YGR134W,0,-8.825018,0.10388349741697311,0.9602563977241516,0.82833331823349
YLR085C,YLR219W,0,-8.825649,0.10386908799409866,0.9602563977241516,0.8284615278244019
YMR083W,YGR169C,0,-8.825886,0.10385468602180481,0.9602563977241516,0.8285897374153137
YGR222W,YJL190C,0,-8.826328,0.10384029150009155,0.9602563977241516,0.8287179470062256
YPR199C,YDL201W,0,-8.826944,0.1038258969783783,0.9602563977241516,0.8288461565971375
YFR008W,YNL078W,0,-8.8275795,0.10381150245666504,0.9602563977241516,0.8289743661880493
YEL018W,YDL077C,0,-8.828512,0.10379711538553238,0.9602563977241516,0.8291025757789612
YBR207W,YML055W,0,-8.829937,0.10378273576498032,0.9602563977241516,0.829230785369873
YGL252C,YIL022W,0,-8.830041,0.10376835614442825,0.9602563977241516,0.8293589949607849
YDR529C,YMR247C,0,-8.830278,0.10375398397445679,0.9602563977241516,0.8294872045516968
YIL120W,YMR214W,0,-8.832083,0.10373961180448532,0.9602563977241516,0.8296154141426086
YOR201C,YLL021W,0,-8.832252,0.10372524708509445,0.9602563977241516,0.8297435641288757
YML099C,YGR289C,0,-8.832996,0.10371088236570358,0.9602563977241516,0.8298717737197876
YOR168W,YER062C,0,-8.833662,0.10369652509689331,0.9602563977241516,0.8299999833106995
YGL012W,YIL017C,0,-8.834003,0.10368216782808304,0.9602563977241516,0.8301281929016113
YOR150W,YKL009W,1,-8.83552,0.10380622744560242,0.9615384340286255,0.8301281929016113
YCR091W,YJL087C,0,-8.835953,0.10379186272621155,0.9615384340286255,0.8302564024925232
YDR256C,YIL144W,0,-8.836026,0.10377749800682068,0.9615384340286255,0.8303846120834351
YMR037C,YBR057C,0,-8.836166,0.1037631407380104,0.9615384340286255,0.8305128216743469
YIL139C,YMR030W,0,-8.836523,0.10374879091978073,0.9615384340286255,0.8306410312652588
YCL067C,YNL287W,0,-8.837502,0.10373444110155106,0.9615384340286255,0.8307692408561707
YPL116W,YOR004W,0,-8.838396,0.10372009128332138,0.9615384340286255,0.8308974504470825
YOR007C,YPR101W,0,-8.838596,0.1037057489156723,0.9615384340286255,0.8310256600379944
YPR082C,YDR453C,0,-8.839466,0.10369141399860382,0.9615384340286255,0.8311538696289062
YDR490C,YMR005W,0,-8.841282,0.10367707908153534,0.9615384340286255,0.8312820792198181
YFL025C,YNL084C,0,-8.842022,0.10366275161504745,0.9615384340286255,0.8314102292060852
YDR148C,YOR373W,0,-8.844502,0.10364842414855957,0.9615384340286255,0.8315384387969971
YER177W,YJL190C,0,-8.844916,0.10363410413265228,0.9615384340286255,0.8316666483879089
YBR017C,YKR089C,0,-8.846409,0.103619784116745,0.9615384340286255,0.8317948579788208
YNL091W,YBR175W,0,-8.847324,0.1036054715514183,0.9615384340286255,0.8319230675697327
YNL312W,YIL167W,0,-8.848652,0.10359115898609161,0.9615384340286255,0.8320512771606445
YOL044W,YLR208W,0,-8.849301,0.10357685387134552,0.9615384340286255,0.8321794867515564
YBR109C,YPL018W,0,-8.84969,0.10356254875659943,0.9615384340286255,0.8323076963424683
YBR288C,YKR089C,0,-8.850634,0.10354825109243393,0.9615384340286255,0.8324359059333801
YPR154W,YNL197C,0,-8.853077,0.10353396087884903,0.9615384340286255,0.832564115524292
YOR304W,YER070W,0,-8.853384,0.10351967066526413,0.9615384340286255,0.8326923251152039
YLR260W,YLR335W,0,-8.857289,0.10350538045167923,0.9615384340286255,0.8328205347061157
YJL209W,YNL173C,0,-8.859892,0.10349109768867493,0.9615384340286255,0.8329487442970276
YCR018C,YNL093W,0,-8.860043,0.10347682237625122,0.9615384340286255,0.8330768942832947
YDR016C,YGL099W,0,-8.860226,0.10346254706382751,0.9615384340286255,0.8332051038742065
YML051W,YHR062C,0,-8.860253,0.1034482792019844,0.9615384340286255,0.8333333134651184
YBR114W,YCR052W,0,-8.862566,0.1034340113401413,0.9615384340286255,0.8334615230560303
YAL002W,YBL055C,0,-8.862688,0.10341974347829819,0.9615384340286255,0.8335897326469421
YGL190C,YMR142C,0,-8.863319,0.10340549051761627,0.9615384340286255,0.833717942237854
YIL150C,YLR193C,0,-8.863341,0.10339123010635376,0.9615384340286255,0.8338461518287659
YIR025W,YGL229C,0,-8.864533,0.10337698459625244,0.9615384340286255,0.8339743614196777
YLR189C,YHR152W,0,-8.865276,0.10336273163557053,0.9615384340286255,0.8341025710105896
YGR156W,YKR101W,0,-8.865954,0.1033484935760498,0.9615384340286255,0.8342307806015015
YDR424C,YDR481C,0,-8.866347,0.10333425551652908,0.9615384340286255,0.8343589901924133
YNR010W,YBL002W,0,-8.866877,0.10332001745700836,0.9615384340286255,0.8344871997833252
YNL145W,YIL073C,0,-8.868956,0.10330578684806824,0.9615384340286255,0.8346154093742371
YHL040C,YER183C,0,-8.869241,0.10329155623912811,0.9615384340286255,0.8347436189651489
YIL021W,YGL004C,0,-8.870085,0.10327733308076859,0.9615384340286255,0.834871768951416
YPL241C,YDR256C,0,-8.871809,0.10326311737298965,0.9615384340286255,0.8349999785423279
YLR127C,YHR041C,0,-8.871822,0.10324890166521072,0.9615384340286255,0.8351281881332397
YMR247C,YOR007C,0,-8.8721695,0.1032346859574318,0.9615384340286255,0.8352563977241516
YDL002C,YOL122C,0,-8.872718,0.10322047770023346,0.9615384340286255,0.8353846073150635
YNL298W,YAR031W,0,-8.873397,0.10320627689361572,0.9615384340286255,0.8355128169059753
YER157W,YHR015W,0,-8.873724,0.10319207608699799,0.9615384340286255,0.8356410264968872
YML057W,YPL001W,0,-8.873823,0.10317787528038025,0.9615384340286255,0.8357692360877991
YGR028W,YBR198C,0,-8.875397,0.1031636893749237,0.9615384340286255,0.8358974456787109
YMR037C,YPL157W,0,-8.877434,0.10314949601888657,0.9615384340286255,0.8360256552696228
YFR041C,YNL015W,0,-8.877558,0.10313531011343002,0.9615384340286255,0.8361538648605347
YBR171W,YLR417W,0,-8.879761,0.10312113165855408,0.9615384340286255,0.8362820744514465
YNL051W,YOR043W,0,-8.879803,0.10310695320367813,0.9615384340286255,0.8364102840423584
YPL116W,YDR487C,0,-8.881091,0.10309278219938278,0.9615384340286255,0.8365384340286255
YKL084W,YHR102W,0,-8.8834,0.10307861119508743,0.9615384340286255,0.8366666436195374
YHR007C,YPR191W,0,-8.884853,0.10306444764137268,0.9615384340286255,0.8367948532104492
YJR044C,YOL109W,0,-8.884874,0.10305029153823853,0.9615384340286255,0.8369230628013611
YJR021C,YHR163W,0,-8.88974,0.10303612798452377,0.9615384340286255,0.837051272392273
YDR359C,YDR002W,0,-8.891916,0.10302197933197021,0.9615384340286255,0.8371794819831848
YHR193C,YAL001C,0,-8.892473,0.10300783067941666,0.9615384340286255,0.8373076915740967
YBL056W,YAR035W,0,-8.892753,0.1029936820268631,0.9615384340286255,0.8374359011650085
YDR422C,YPL019C,0,-8.894144,0.10297954082489014,0.9615384340286255,0.8375641107559204
YGL129C,YNL186W,0,-8.895594,0.10296540707349777,0.9615384340286255,0.8376923203468323
YNR060W,YJR044C,0,-8.896061,0.10295127332210541,0.9615384340286255,0.8378205299377441
YJL031C,YPR017C,0,-8.896672,0.10293713957071304,0.9615384340286255,0.837948739528656
YGL078C,YML025C,1,-8.897593,0.10306024551391602,0.9628205299377441,0.837948739528656
YAL003W,YER021W,0,-8.898817,0.10304610431194305,0.9628205299377441,0.8380769491195679
YNR035C,YDR507C,0,-8.899225,0.10303196310997009,0.9628205299377441,0.838205099105835
YBR109C,YJL141C,0,-8.899692,0.10301782935857773,0.9628205299377441,0.8383333086967468
YNL020C,YLL021W,0,-8.90084,0.10300370305776596,0.9628205299377441,0.8384615182876587
YPR052C,YPR065W,0,-8.902494,0.1029895767569542,0.9628205299377441,0.8385897278785706
YOR351C,YOR261C,0,-8.904768,0.10297545790672302,0.9628205299377441,0.8387179374694824
YDR384C,YGL244W,0,-8.906427,0.10296133905649185,0.9628205299377441,0.8388461470603943
YGL092W,YOR157C,0,-8.907185,0.10294722765684128,0.9628205299377441,0.8389743566513062
YKL165C,YBR154C,0,-8.907465,0.1029331162571907,0.9628205299377441,0.839102566242218
YNR057C,YOR275C,0,-8.908574,0.10291900485754013,0.9628205299377441,0.8392307758331299
YNL223W,YFL004W,0,-8.908724,0.10290490835905075,0.9628205299377441,0.8393589854240417
YOL148C,YJL052W,0,-8.909821,0.10289080440998077,0.9628205299377441,0.8394871950149536
YDR256C,YDL058W,0,-8.911146,0.10287671536207199,0.9628205299377441,0.8396154046058655
YMR198W,YNL245C,0,-8.91156,0.10286261886358261,0.9628205299377441,0.8397436141967773
YHR169W,YOR211C,0,-8.913599,0.10284853726625443,0.9628205299377441,0.8398718237876892
YPR005C,YOR187W,0,-8.913689,0.10283444821834564,0.9628205299377441,0.8399999737739563
YMR298W,YBR061C,0,-8.914072,0.10282037407159805,0.9628205299377441,0.8401281833648682
YDR188W,YIL112W,0,-8.914502,0.10280629992485046,0.9628205299377441,0.84025639295578
YKL192C,YIL114C,0,-8.916734,0.10279222577810287,0.9628205299377441,0.8403846025466919
YKL165C,YDR217C,0,-8.917408,0.10277815908193588,0.9628205299377441,0.8405128121376038
YOR120W,YBR279W,0,-8.917875,0.10276409238576889,0.9628205299377441,0.8406410217285156
YIR006C,YGR245C,0,-8.918192,0.1027500331401825,0.9628205299377441,0.8407692313194275
YOL145C,YDR076W,0,-8.918263,0.1027359813451767,0.9628205299377441,0.8408974409103394
YML012W,YPL151C,0,-8.919451,0.1027219295501709,0.9628205299377441,0.8410256505012512
YOR046C,YML130C,0,-8.921659,0.1027078777551651,0.9628205299377441,0.8411538600921631
YOR371C,YJR086W,0,-8.923616,0.1026938334107399,0.9628205299377441,0.841282069683075
YFR024C-A,YAL047C,0,-8.923946,0.1026797890663147,0.9628205299377441,0.8414102792739868
YML099C,YKR068C,0,-8.926115,0.10266575217247009,0.9628205299377441,0.8415384888648987
YLR357W,YNL202W,0,-8.926976,0.10265172272920609,0.9628205299377441,0.8416666388511658
YMR204C,YDR083W,0,-8.927499,0.10263769328594208,0.9628205299377441,0.8417948484420776
YOR150W,YPL193W,1,-8.927564,0.10276031494140625,0.964102566242218,0.8417948484420776
YOR058C,YNL026W,0,-8.928911,0.10274627804756165,0.964102566242218,0.8419230580329895
YJL166W,YOR076C,0,-8.930271,0.10273224115371704,0.964102566242218,0.8420512676239014
YIR037W,YIL095W,0,-8.930641,0.10271820425987244,0.964102566242218,0.8421794772148132
YML114C,YJL045W,0,-8.931154,0.10270418226718903,0.964102566242218,0.8423076868057251
YPR124W,YGL225W,0,-8.9312,0.10269015282392502,0.964102566242218,0.842435896396637
YBL063W,YJL166W,0,-8.931728,0.10267613083124161,0.964102566242218,0.8425641059875488
YBL016W,YJR019C,0,-8.931908,0.1026621162891388,0.964102566242218,0.8426923155784607
YDR423C,YIL035C,0,-8.9325285,0.10264810174703598,0.964102566242218,0.8428205251693726
YFL024C,YPL151C,0,-8.933947,0.10263409465551376,0.964102566242218,0.8429487347602844
YNL182C,YML025C,1,-8.934193,0.1027565523982048,0.9653846025466919,0.8429487347602844
YAL055W,YML109W,0,-8.934201,0.10274253040552139,0.9653846025466919,0.8430769443511963
YGL256W,YFR008W,0,-8.934444,0.10272851586341858,0.9653846025466919,0.8432051539421082
YDR411C,YHR090C,0,-8.934516,0.10271450132131577,0.9653846025466919,0.8433333039283752
YFR001W,YML025C,1,-8.934717,0.10283687710762024,0.9666666388511658,0.8433333039283752
YLR405W,YPL118W,0,-8.936083,0.10282285511493683,0.9666666388511658,0.8434615135192871
YGL256W,YDR153C,0,-8.937131,0.10280883312225342,0.9666666388511658,0.843589723110199
YDR295C,YER089C,0,-8.937609,0.1027948185801506,0.9666666388511658,0.8437179327011108
YDR342C,YLR430W,0,-8.938076,0.10278080403804779,0.9666666388511658,0.8438461422920227
YDR038C,YNL015W,0,-8.938558,0.10276679694652557,0.9666666388511658,0.8439743518829346
YFL050C,YBR258C,0,-8.941318,0.10275279730558395,0.9666666388511658,0.8441025614738464
YMR095C,YJR045C,0,-8.941763,0.10273879021406174,0.9666666388511658,0.8442307710647583
YGR216C,YMR095C,0,-8.944354,0.10272479802370071,0.9666666388511658,0.8443589806556702
YHR166C,YGL022W,0,-8.944544,0.10271080583333969,0.9666666388511658,0.844487190246582
YHR031C,YJR103W,0,-8.945514,0.10269681364297867,0.9666666388511658,0.8446153998374939
YHR052W,YML025C,1,-8.946156,0.10281901061534882,0.9679487347602844,0.8446153998374939
YMR036C,YGR162W,0,-8.946322,0.1028050109744072,0.9679487347602844,0.8447436094284058
YPL241C,YDL147W,0,-8.946526,0.10279101133346558,0.9679487347602844,0.8448718190193176
YDL078C,YER173W,0,-8.946873,0.10277701914310455,0.9679487347602844,0.8450000286102295
YGR195W,YNL047C,0,-8.947823,0.10276303440332413,0.9679487347602844,0.8451281785964966
YNL245C,YPL269W,0,-8.9494295,0.1027490496635437,0.9679487347602844,0.8452563881874084
YIL112W,YER165W,0,-8.949511,0.10273506492376328,0.9679487347602844,0.8453845977783203
YJR150C,YKR019C,0,-8.951072,0.10272108763456345,0.9679487347602844,0.8455128073692322
YGL005C,YPL274W,0,-8.951273,0.10270711779594421,0.9679487347602844,0.845641016960144
YDR072C,YJL191W,0,-8.952379,0.10269314795732498,0.9679487347602844,0.8457692265510559
YPL075W,YGR158C,0,-8.956001,0.10267917811870575,0.9679487347602844,0.8458974361419678
YOR073W,YNL253W,0,-8.957777,0.10266521573066711,0.9679487347602844,0.8460256457328796
YOL026C,YEL013W,0,-8.957976,0.10265126079320908,0.9679487347602844,0.8461538553237915
YFL050C,YJR044C,0,-8.958485,0.10263730585575104,0.9679487347602844,0.8462820649147034
YDR150W,YOR085W,0,-8.958678,0.102623350918293,0.9679487347602844,0.8464102745056152
YNL280C,YER054C,0,-8.960659,0.10260940343141556,0.9679487347602844,0.8465384840965271
YIR037W,YLR044C,0,-8.960956,0.10259546339511871,0.9679487347602844,0.846666693687439
YCL052C,YBR156C,0,-8.961208,0.10258152335882187,0.9679487347602844,0.846794843673706
YMR182C,YDR181C,0,-8.961977,0.10256758332252502,0.9679487347602844,0.8469230532646179
YOR329C,YGR279C,0,-8.9620075,0.10255365073680878,0.9679487347602844,0.8470512628555298
YHR169W,YER041W,0,-8.962598,0.10253972560167313,0.9679487347602844,0.8471794724464417
YDR379W,YCR031C,0,-8.9650345,0.10252580046653748,0.9679487347602844,0.8473076820373535
YER155C,YPL120W,0,-8.966021,0.10251188278198242,0.9679487347602844,0.8474358916282654
YFR001W,YOR150W,1,-8.967605,0.10263372212648392,0.9692307710647583,0.8474358916282654
YJR092W,YOR279C,0,-8.968368,0.10261978954076767,0.9692307710647583,0.8475641012191772
YEL029C,YGL187C,0,-8.970002,0.10260586440563202,0.9692307710647583,0.8476923108100891
YLR157C,YLR003C,0,-8.973125,0.10259193927049637,0.9692307710647583,0.847820520401001
YCR044C,YOR207C,0,-8.974578,0.10257802158594131,0.9692307710647583,0.8479487299919128
YPR111W,YHR169W,0,-8.975433,0.10256410390138626,0.9692307710647583,0.8480769395828247
YDR358W,YGL067W,0,-8.975918,0.10255018621683121,0.9692307710647583,0.8482051491737366
YHR200W,YDL112W,0,-8.977417,0.10253628343343735,0.9692307710647583,0.8483333587646484
YBR164C,YNR060W,0,-8.978132,0.10252237319946289,0.9692307710647583,0.8484615087509155
YER012W,YDR447C,0,-8.97858,0.10250847786664963,0.9692307710647583,0.8485897183418274
YPL140C,YBR196C,0,-8.978714,0.10249457508325577,0.9692307710647583,0.8487179279327393
YOL158C,YKL034W,0,-8.979956,0.1024806797504425,0.9692307710647583,0.8488461375236511
YIL009C-A,YKL017C,0,-8.981713,0.10246679186820984,0.9692307710647583,0.848974347114563
YNL097C,YMR096W,0,-8.981724,0.10245290398597717,0.9692307710647583,0.8491025567054749
YDR116C,YJL047C,0,-8.981803,0.1024390235543251,0.9692307710647583,0.8492307662963867
YLR399C,YER165W,0,-8.981809,0.10242514312267303,0.9692307710647583,0.8493589758872986
YOR002W,YJL025W,0,-8.982704,0.10241127014160156,0.9692307710647583,0.8494871854782104
YGL253W,YFR004W,0,-8.983002,0.10239739716053009,0.9692307710647583,0.8496153950691223
YNL130C,YAR035W,0,-8.983376,0.10238353163003922,0.9692307710647583,0.8497436046600342
YOR150W,YLR009W,1,-8.98365,0.10250508040189743,0.9705128073692322,0.8497436046600342
YOL165C,YPL209C,0,-8.984087,0.10249119997024536,0.9705128073692322,0.849871814250946
YER103W,YGL145W,0,-8.984357,0.10247732698917389,0.9705128073692322,0.8500000238418579
YPR042C,YMR143W,0,-8.986273,0.10246345400810242,0.9705128073692322,0.8501282334327698
YNL003C,YBL093C,0,-8.986515,0.10244958847761154,0.9705128073692322,0.8502563834190369
YKL195W,YGR075C,0,-8.987372,0.10243572294712067,0.9705128073692322,0.8503845930099487
YBR272C,YPL169C,0,-8.98763,0.10242186486721039,0.9705128073692322,0.8505128026008606
YDR179C,YCR009C,0,-8.987638,0.10240800678730011,0.9705128073692322,0.8506410121917725
YNL327W,YIL017C,0,-8.988123,0.10239415615797043,0.9705128073692322,0.8507692217826843
YNR072W,YDL130W,0,-8.98818,0.10238030552864075,0.9705128073692322,0.8508974313735962
YBR145W,YPL053C,0,-8.989213,0.10236646234989166,0.9705128073692322,0.8510256409645081
YNL156C,YHR020W,0,-8.989293,0.10235262662172318,0.9705128073692322,0.8511538505554199
YNL298W,YDL035C,0,-8.989757,0.10233878344297409,0.9705128073692322,0.8512820601463318
YKL029C,YNL025C,0,-8.99213,0.1023249551653862,0.9705128073692322,0.8514102697372437
YGL245W,YCL032W,0,-8.992711,0.10231111943721771,0.9705128073692322,0.8515384793281555
YCR047C,YMR167W,0,-8.992837,0.10229729861021042,0.9705128073692322,0.8516666889190674
YML023C,YJL054W,0,-8.993025,0.10228347778320312,0.9705128073692322,0.8517948985099792
YPR023C,YDR108W,0,-8.99361,0.10226965695619583,0.9705128073692322,0.8519230484962463
YER159C,YNL218W,0,-8.994525,0.10225584357976913,0.9705128073692322,0.8520512580871582
YNL156C,YNL267W,0,-8.995453,0.10224203020334244,0.9705128073692322,0.8521794676780701
YDR055W,YDR002W,0,-8.996243,0.10222822427749634,0.9705128073692322,0.8523076772689819
YOR372C,YLR329W,0,-8.996479,0.10221441835165024,0.9705128073692322,0.8524358868598938
YOR136W,YBR153W,0,-8.996616,0.10220061987638474,0.9705128073692322,0.8525640964508057
YHR193C,YER104W,0,-8.998035,0.10218682140111923,0.9705128073692322,0.8526923060417175
YLL043W,YJR010C-A,0,-8.998199,0.10217303037643433,0.9705128073692322,0.8528205156326294
YER142C,YML115C,0,-8.999319,0.10215924680233002,0.9705128073692322,0.8529487252235413
YDR168W,YER044C,0,-9.000206,0.10214545577764511,0.9705128073692322,0.8530769348144531
YBR036C,YPL050C,0,-9.00202,0.1021316796541214,0.9705128073692322,0.853205144405365
YKL012W,YIL018W,0,-9.002663,0.10211790353059769,0.9705128073692322,0.8533333539962769
YBL056W,YOR084W,0,-9.003093,0.10210412740707397,0.9705128073692322,0.8534615635871887
YMR172W,YOR137C,0,-9.003284,0.10209035873413086,0.9705128073692322,0.8535897731781006
YDR231C,YFL037W,0,-9.003403,0.10207659006118774,0.9705128073692322,0.8537179231643677
YML032C,YIL123W,0,-9.004089,0.10206282883882523,0.9705128073692322,0.8538461327552795
YOR043W,YNL107W,0,-9.005345,0.10204906761646271,0.9705128073692322,0.8539743423461914
YGL166W,YLR277C,0,-9.005643,0.10203531384468079,0.9705128073692322,0.8541025519371033
YJL106W,YPR054W,0,-9.006566,0.10202156007289886,0.9705128073692322,0.8542307615280151
YJL031C,YNL302C,0,-9.006834,0.10200781375169754,0.9705128073692322,0.854358971118927
YDR225W,YBR114W,0,-9.006936,0.10199407488107681,0.9705128073692322,0.8544871807098389
YKL112W,YML004C,0,-9.007612,0.10198032855987549,0.9705128073692322,0.8546153903007507
YBL046W,YJL004C,0,-9.007709,0.10196659713983536,0.9705128073692322,0.8547435998916626
YJL134W,YKL195W,0,-9.00774,0.10195285826921463,0.9705128073692322,0.8548718094825745
YOR032C,YLR277C,0,-9.008577,0.1019391342997551,0.9705128073692322,0.8550000190734863
YDR211W,YER018C,0,-9.008804,0.10192541033029556,0.9705128073692322,0.8551282286643982
YHR116W,YLR048W,0,-9.00902,0.10191168636083603,0.9705128073692322,0.8552564382553101
YNR010W,YBR156C,0,-9.010676,0.10189796984195709,0.9705128073692322,0.8553845882415771
YJL094C,YER111C,0,-9.011626,0.10188425332307816,0.9705128073692322,0.855512797832489
YBL011W,YDR218C,0,-9.013301,0.10187054425477982,0.9705128073692322,0.8556410074234009
YDR270W,YGR129W,0,-9.013308,0.10185683518648148,0.9705128073692322,0.8557692170143127
YML130C,YPL029W,0,-9.014961,0.10184313356876373,0.9705128073692322,0.8558974266052246
YGR077C,YDR218C,0,-9.015546,0.10182943195104599,0.9705128073692322,0.8560256361961365
YBR023C,YHL022C,0,-9.01601,0.10181573778390884,0.9705128073692322,0.8561538457870483
YBR257W,YBR223C,0,-9.016602,0.1018020436167717,0.9705128073692322,0.8562820553779602
YMR006C,YBL088C,0,-9.017133,0.10178835690021515,0.9705128073692322,0.8564102649688721
YBR026C,YDR389W,0,-9.022179,0.1017746701836586,0.9705128073692322,0.8565384745597839
YER174C,YML118W,0,-9.024301,0.10176099091768265,0.9705128073692322,0.8566666841506958
YAL054C,YOR067C,0,-9.026051,0.1017473116517067,0.9705128073692322,0.8567948937416077
YGR275W,YGR141W,0,-9.026651,0.10173363983631134,0.9705128073692322,0.8569231033325195
YBL020W,YMR104C,0,-9.026784,0.10171996802091599,0.9705128073692322,0.8570512533187866
YNR035C,YLR305C,0,-9.0281,0.10170630365610123,0.9705128073692322,0.8571794629096985
YDL051W,YMR077C,0,-9.028418,0.10169263929128647,0.9705128073692322,0.8573076725006104
YIL084C,YJL143W,0,-9.029741,0.10167898237705231,0.9705128073692322,0.8574358820915222
YJL024C,YOL100W,0,-9.030464,0.10166532546281815,0.9705128073692322,0.8575640916824341
YJR131W,YNL207W,0,-9.031319,0.10165166854858398,0.9705128073692322,0.857692301273346
YHR164C,YDL208W,0,-9.031475,0.10163802653551102,0.9705128073692322,0.8578205108642578
YAR007C,YNL334C,0,-9.031673,0.10162437707185745,0.9705128073692322,0.8579487204551697
YOR123C,YGL124C,0,-9.033049,0.10161073505878448,0.9705128073692322,0.8580769300460815
YLR154C,YGR270W,0,-9.03388,0.10159710049629211,0.9705128073692322,0.8582051396369934
YNL245C,YPR154W,0,-9.037476,0.10158346593379974,0.9705128073692322,0.8583333492279053
YIR022W,YDR409W,0,-9.0384865,0.10156983882188797,0.9705128073692322,0.8584615588188171
YML008C,YNR047W,0,-9.039207,0.1015562117099762,0.9705128073692322,0.858589768409729
YLR310C,YOL031C,0,-9.0400505,0.10154259204864502,0.9705128073692322,0.8587179780006409
YNL135C,YMR075W,0,-9.040361,0.10152897238731384,0.9705128073692322,0.858846127986908
YMR112C,YDR265W,0,-9.04184,0.10151535272598267,0.9705128073692322,0.8589743375778198
YDL028C,YIR022W,0,-9.043214,0.10150174051523209,0.9705128073692322,0.8591025471687317
YDR422C,YDL235C,0,-9.043526,0.1014881357550621,0.9705128073692322,0.8592307567596436
YDR440W,YJL052W,0,-9.043976,0.10147453099489212,0.9705128073692322,0.8593589663505554
YGR083C,YJR094C,0,-9.044848,0.10146093368530273,0.9705128073692322,0.8594871759414673
YLR335W,YPL022W,0,-9.04488,0.10144733637571335,0.9705128073692322,0.8596153855323792
YCL024W,YML041C,0,-9.045056,0.10143373906612396,0.9705128073692322,0.859743595123291
YDR339C,YDR116C,0,-9.045351,0.10142014920711517,0.9705128073692322,0.8598718047142029
YGR108W,YNL097C,0,-9.045919,0.10140656679868698,0.9705128073692322,0.8600000143051147
YPR190C,YGL129C,0,-9.046467,0.10139298439025879,0.9705128073692322,0.8601282238960266
YGR169C,YJL026W,0,-9.046574,0.1013794019818306,0.9705128073692322,0.8602564334869385
YJR050W,YNL297C,0,-9.04858,0.101365827023983,0.9705128073692322,0.8603846430778503
YER044C-A,YIL075C,0,-9.049062,0.101352259516716,0.9705128073692322,0.8605127930641174
YPL019C,YGR270W,0,-9.049536,0.10133868455886841,0.9705128073692322,0.8606410026550293
YDR270W,YOL101C,0,-9.050705,0.101325124502182,0.9705128073692322,0.8607692122459412
YPL028W,YML095C,0,-9.051183,0.1013115644454956,0.9705128073692322,0.860897421836853
YBR175W,YDR247W,0,-9.054035,0.1012980043888092,0.9705128073692322,0.8610256314277649
YER032W,YHR038W,0,-9.054205,0.1012844517827034,0.9705128073692322,0.8611538410186768
YML094W,YGR222W,0,-9.055815,0.10127090662717819,0.9705128073692322,0.8612820506095886
YMR211W,YOR261C,0,-9.056013,0.10125735402107239,0.9705128073692322,0.8614102602005005
YOR224C,YML091C,0,-9.056303,0.10124381631612778,0.9705128073692322,0.8615384697914124
YPR023C,YLR453C,0,-9.058125,0.10123027861118317,0.9705128073692322,0.8616666793823242
YPR120C,YBR008C,0,-9.059026,0.10121674090623856,0.9705128073692322,0.8617948889732361
YLR256W,YDR189W,0,-9.059166,0.10120321065187454,0.9705128073692322,0.861923098564148
YGL047W,YER040W,0,-9.060053,0.10118968039751053,0.9705128073692322,0.8620513081550598
YMR298W,YFL060C,0,-9.060813,0.10117615759372711,0.9705128073692322,0.8621794581413269
YGR238C,YMR146C,0,-9.061077,0.1011626347899437,0.9705128073692322,0.8623076677322388
YJR121W,YIL149C,0,-9.063988,0.10114911943674088,0.9705128073692322,0.8624358773231506
YOL108C,YOR229W,0,-9.06404,0.10113560408353806,0.9705128073692322,0.8625640869140625
YNL020C,YOR294W,0,-9.0656,0.10112209618091583,0.9705128073692322,0.8626922965049744
YLR051C,YGL233W,0,-9.065857,0.10110858827829361,0.9705128073692322,0.8628205060958862
YBR042C,YDL194W,0,-9.066177,0.10109508782625198,0.9705128073692322,0.8629487156867981
YCR091W,YKL073W,0,-9.066831,0.10108158737421036,0.9705128073692322,0.86307692527771
YPL227C,YOR299W,0,-9.068733,0.10106809437274933,0.9705128073692322,0.8632051348686218
YNL059C,YGR169C,0,-9.069065,0.1010546013712883,0.9705128073692322,0.8633333444595337
YGL252C,YIL008W,0,-9.069937,0.10104110836982727,0.9705128073692322,0.8634615540504456
YBL047C,YLL021W,0,-9.070946,0.10102762281894684,0.9705128073692322,0.8635897636413574
YLR109W,YGL106W,0,-9.074221,0.101014144718647,0.9705128073692322,0.8637179732322693
YMR091C,YOL055C,0,-9.074415,0.10100066661834717,0.9705128073692322,0.8638461828231812
YPL187W,YAL005C,0,-9.075401,0.10098719596862793,0.9705128073692322,0.8639743328094482
YHR205W,YGL208W,0,-9.076031,0.10097372531890869,0.9705128073692322,0.8641025424003601
YBL069W,YNR047W,0,-9.076257,0.10096025466918945,0.9705128073692322,0.864230751991272
YBR260C,YAR008W,0,-9.076834,0.10094679147005081,0.9705128073692322,0.8643589615821838
YDL220C,YJL104W,0,-9.077683,0.10093333572149277,0.9705128073692322,0.8644871711730957
YNL258C,YGR070W,0,-9.077828,0.10091987997293472,0.9705128073692322,0.8646153807640076
YOL111C,YLR014C,0,-9.078482,0.10090642422437668,0.9705128073692322,0.8647435903549194
YCR020C,YPL083C,0,-9.080805,0.10089297592639923,0.9705128073692322,0.8648717999458313
YIL143C,YOR115C,0,-9.081097,0.10087952762842178,0.9705128073692322,0.8650000095367432
YPL233W,YKL134C,0,-9.08418,0.10086608678102493,0.9705128073692322,0.865128219127655
YIL140W,YGL068W,0,-9.084461,0.10085265338420868,0.9705128073692322,0.8652564287185669
YLR085C,YOR210W,0,-9.0849,0.10083921998739243,0.9705128073692322,0.8653846383094788
YDR036C,YER049W,0,-9.0853815,0.10082578659057617,0.9705128073692322,0.8655128479003906
YML099C,YLR069C,0,-9.086441,0.10081236064434052,0.9705128073692322,0.8656409978866577
YDL036C,YCL008C,0,-9.086527,0.10079893469810486,0.9705128073692322,0.8657692074775696
YGL067W,YPR024W,0,-9.086759,0.1007855162024498,0.9705128073692322,0.8658974170684814
YER019C-A,YDR057W,0,-9.086997,0.10077209770679474,0.9705128073692322,0.8660256266593933
YHR001W-A,YDL058W,0,-9.087791,0.10075868666172028,0.9705128073692322,0.8661538362503052
YFL024C,YJR139C,0,-9.088004,0.10074527561664581,0.9705128073692322,0.866282045841217
YMR036C,YIL016W,0,-9.089102,0.10073187202215195,0.9705128073692322,0.8664102554321289
YNL084C,YML047C,0,-9.089234,0.10071846842765808,0.9705128073692322,0.8665384650230408
YDR153C,YOR355W,0,-9.089423,0.10070506483316422,0.9705128073692322,0.8666666746139526
YNR059W,YOR188W,0,-9.089556,0.10069167613983154,0.9705128073692322,0.8667948842048645
YPL126W,YDR427W,0,-9.090161,0.10067827999591827,0.9705128073692322,0.8669230937957764
YPL153C,YPL094C,0,-9.091167,0.1006648913025856,0.9705128073692322,0.8670513033866882
YBL017C,YDR167W,0,-9.091995,0.10065151005983353,0.9705128073692322,0.8671795129776001
YFL018C,YNL222W,0,-9.093214,0.10063812881708145,0.9705128073692322,0.8673076629638672
YML110C,YDR427W,0,-9.093349,0.10062474757432938,0.9705128073692322,0.867435872554779
YJL101C,YJL074C,0,-9.093501,0.1006113737821579,0.9705128073692322,0.8675640821456909
YNL111C,YHR158C,0,-9.094177,0.10059800744056702,0.9705128073692322,0.8676922917366028
YMR036C,YHR065C,0,-9.097756,0.10058464109897614,0.9705128073692322,0.8678205013275146
YGR158C,YMR293C,0,-9.098055,0.10057127475738525,0.9705128073692322,0.8679487109184265
YDR254W,YML097C,0,-9.098537,0.10055791586637497,0.9705128073692322,0.8680769205093384
YMR301C,YKL064W,0,-9.099326,0.10054456442594528,0.9705128073692322,0.8682051301002502
YHR050W,YMR183C,0,-9.100078,0.100531205534935,0.9705128073692322,0.8683333396911621
YHR082C,YPL234C,0,-9.10067,0.10051786154508591,0.9705128073692322,0.868461549282074
YIL154C,YDR489W,0,-9.100693,0.10050451755523682,0.9705128073692322,0.8685897588729858
YGR253C,YKR060W,0,-9.101179,0.10049117356538773,0.9705128073692322,0.8687179684638977
YHL003C,YPL196W,0,-9.103875,0.10047783702611923,0.9705128073692322,0.8688461780548096
YFR047C,YHR084W,0,-9.104847,0.10046450048685074,0.9705128073692322,0.8689743876457214
YGL070C,YFR003C,0,-9.105912,0.10045117139816284,0.9705128073692322,0.8691025376319885
YML126C,YPR094W,0,-9.106092,0.10043784230947495,0.9705128073692322,0.8692307472229004
YNR038W,YOR150W,1,-9.106651,0.10055717825889587,0.971794843673706,0.8692307472229004
YGR188C,YJL167W,0,-9.112637,0.10054384171962738,0.971794843673706,0.8693589568138123
YGL075C,YHR001W-A,0,-9.114853,0.10053050518035889,0.971794843673706,0.8694871664047241
YGL029W,YDL093W,0,-9.114883,0.10051717609167099,0.971794843673706,0.869615375995636
YDL093W,YLR165C,0,-9.11537,0.1005038470029831,0.971794843673706,0.8697435855865479
YPL022W,YML052W,0,-9.11539,0.1004905179142952,0.971794843673706,0.8698717951774597
YDR264C,YGL047W,0,-9.115515,0.1004772037267685,0.971794843673706,0.8700000047683716
YNR057C,YKL179C,0,-9.116003,0.1004638820886612,0.971794843673706,0.8701282143592834
YNL126W,YHR161C,0,-9.116039,0.10045056790113449,0.971794843673706,0.8702564239501953
YER178W,YOR207C,0,-9.116343,0.10043726116418839,0.971794843673706,0.8703846335411072
YFL029C,YML074C,0,-9.11853,0.10042395442724228,0.971794843673706,0.870512843132019
YBR048W,YDR166C,0,-9.119176,0.10041064769029617,0.971794843673706,0.8706410527229309
YIL121W,YJR104C,0,-9.12106,0.10039734840393066,0.971794843673706,0.870769202709198
YBR087W,YGR112W,0,-9.121151,0.10038405656814575,0.971794843673706,0.8708974123001099
YNL091W,YEL012W,0,-9.1223545,0.10037076473236084,0.971794843673706,0.8710256218910217
YLR081W,YNL064C,0,-9.1233635,0.10035747289657593,0.971794843673706,0.8711538314819336
YMR001C,YIL121W,0,-9.125645,0.10034418851137161,0.971794843673706,0.8712820410728455
YBR207W,YOL135C,0,-9.125732,0.1003309041261673,0.971794843673706,0.8714102506637573
YGL022W,YJL045W,0,-9.126017,0.10031762719154358,0.971794843673706,0.8715384602546692
YGR109C,YNL025C,0,-9.12622,0.10030435025691986,0.971794843673706,0.871666669845581
YOL086C,YER123W,0,-9.1263485,0.10029108077287674,0.971794843673706,0.8717948794364929
YLR150W,YDR082W,0,-9.126751,0.10027781128883362,0.971794843673706,0.8719230890274048
YER167W,YER127W,0,-9.129195,0.1002645492553711,0.971794843673706,0.8720512986183167
YNL245C,YNL156C,0,-9.129498,0.10025128722190857,0.971794843673706,0.8721795082092285
YDR121W,YGL251C,0,-9.129739,0.10023803263902664,0.971794843673706,0.8723077178001404
YFL056C,YML061C,0,-9.130243,0.10022477805614471,0.971794843673706,0.8724358677864075
YDL105W,YGR008C,0,-9.130613,0.10021153092384338,0.971794843673706,0.8725640773773193
YDR343C,YLR026C,0,-9.131983,0.10019828379154205,0.971794843673706,0.8726922869682312
YPL076W,YIL016W,0,-9.132955,0.10018503665924072,0.971794843673706,0.8728204965591431
YHR133C,YIL117C,0,-9.135323,0.10017179697751999,0.971794843673706,0.8729487061500549
YNL161W,YCR034W,0,-9.135473,0.10015856474637985,0.971794843673706,0.8730769157409668
YNR007C,YKL057C,0,-9.135987,0.10014533251523972,0.971794843673706,0.8732051253318787
YOR320C,YLR192C,0,-9.13623,0.10013210028409958,0.971794843673706,0.8733333349227905
YGR158C,YFL059W,0,-9.136257,0.10011887550354004,0.971794843673706,0.8734615445137024
YBL084C,YOR045W,0,-9.143304,0.1001056507229805,0.971794843673706,0.8735897541046143
YML078W,YIL121W,0,-9.145069,0.10009243339300156,0.971794843673706,0.8737179636955261
YGR238C,YLR222C,0,-9.145524,0.10007921606302261,0.971794843673706,0.873846173286438
YER030W,YPR121W,0,-9.145678,0.10006600618362427,0.971794843673706,0.8739743828773499
YMR281W,YDR190C,0,-9.145854,0.10005279630422592,0.971794843673706,0.8741025924682617
YJL026W,YBR030W,0,-9.147162,0.10003959387540817,0.971794843673706,0.8742307424545288
YOR221C,YDR300C,0,-9.149595,0.10002639144659042,0.971794843673706,0.8743589520454407
YML091C,YKL212W,0,-9.149676,0.10001319646835327,0.971794843673706,0.8744871616363525
YDL100C,YER103W,0,-9.15,0.10000000149011612,0.971794843673706,0.8746153712272644
YNL242W,YJL192C,0,-9.150531,0.09998680651187897,0.971794843673706,0.8747435808181763
YDR459C,YBR173C,0,-9.151235,0.09997361898422241,0.971794843673706,0.8748717904090881
YBR207W,YDR156W,0,-9.15196,0.09996043890714645,0.971794843673706,0.875
YNR057C,YJL112W,0,-9.15215,0.0999472588300705,0.971794843673706,0.8751282095909119
YDR046C,YIL154C,0,-9.153564,0.09993407875299454,0.971794843673706,0.8752564191818237
YMR043W,YOR265W,0,-9.154287,0.09992090612649918,0.971794843673706,0.8753846287727356
YLR110C,YPL196W,0,-9.154926,0.09990773350000381,0.971794843673706,0.8755128383636475
YDR096W,YOR038C,0,-9.155127,0.09989456832408905,0.971794843673706,0.8756410479545593
YER054C,YNL312W,0,-9.155219,0.09988141059875488,0.971794843673706,0.8757692575454712
YBR288C,YGR268C,0,-9.15541,0.09986824542284012,0.971794843673706,0.8758974075317383
YDR163W,YGL112C,0,-9.161126,0.09985509514808655,0.971794843673706,0.8760256171226501
YIL009C-A,YPL249C,0,-9.1664715,0.09984193742275238,0.971794843673706,0.876153826713562
YDR518W,YAL015C,0,-9.166819,0.09982878714799881,0.971794843673706,0.8762820363044739
YMR301C,YDL100C,0,-9.167625,0.09981564432382584,0.971794843673706,0.8764102458953857
YBR034C,YNL310C,0,-9.169347,0.09980250149965286,0.971794843673706,0.8765384554862976
YKR065C,YLR003C,0,-9.171619,0.09978936612606049,0.971794843673706,0.8766666650772095
YIL098C,YOL111C,0,-9.171814,0.09977623075246811,0.971794843673706,0.8767948746681213
YER044C,YKR002W,0,-9.171974,0.09976309537887573,0.971794843673706,0.8769230842590332
YBR015C,YDL216C,0,-9.171977,0.09974996745586395,0.971794843673706,0.8770512938499451
YLR175W,YLR098C,0,-9.172142,0.09973683953285217,0.971794843673706,0.8771795034408569
YDL080C,YHR060W,0,-9.174424,0.09972371906042099,0.971794843673706,0.8773077130317688
YPL259C,YDR079W,0,-9.175945,0.0997106060385704,0.971794843673706,0.8774359226226807
YJR043C,YAL001C,0,-9.176414,0.09969748556613922,0.971794843673706,0.8775641322135925
YDL004W,YGR056W,0,-9.176521,0.09968437999486923,0.971794843673706,0.8776922821998596
YNR054C,YMR109W,0,-9.179016,0.09967126697301865,0.971794843673706,0.8778204917907715
YNL258C,YNL103W,0,-9.17938,0.09965816140174866,0.971794843673706,0.8779487013816833
YDL092W,YLR090W,0,-9.179741,0.09964506328105927,0.971794843673706,0.8780769109725952
YDR492W,YDR334W,0,-9.180655,0.09963196516036987,0.971794843673706,0.8782051205635071
YBL080C,YDL130W,0,-9.180849,0.09961887449026108,0.971794843673706,0.878333330154419
YBR297W,YOR224C,0,-9.181121,0.09960578382015228,0.971794843673706,0.8784615397453308
YLR133W,YFL017W-A,0,-9.182098,0.09959269315004349,0.971794843673706,0.8785897493362427
YOR351C,YNL123W,0,-9.182144,0.09957960993051529,0.971794843673706,0.8787179589271545
YOR298C-A,YGR030C,0,-9.182395,0.09956653416156769,0.971794843673706,0.8788461685180664
YOR030W,YPL237W,0,-9.183001,0.09955345094203949,0.971794843673706,0.8789743781089783
YNL136W,YDR170C,0,-9.184467,0.09954038262367249,0.971794843673706,0.8791025876998901
YDL227C,YOL044W,0,-9.186296,0.09952731430530548,0.971794843673706,0.879230797290802
YMR109W,YHR060W,0,-9.187555,0.09951424598693848,0.971794843673706,0.8793589472770691
YLR377C,YJL109C,0,-9.188188,0.09950118511915207,0.971794843673706,0.879487156867981
YGL065C,YBR026C,0,-9.18874,0.09948812425136566,0.971794843673706,0.8796153664588928
YDL046W,YDR495C,0,-9.189267,0.09947506338357925,0.971794843673706,0.8797435760498047
YOR160W,YJL048C,0,-9.189454,0.09946200996637344,0.971794843673706,0.8798717856407166
YPR155C,YMR039C,0,-9.18955,0.09944896399974823,0.971794843673706,0.8799999952316284
YJL102W,YOR274W,0,-9.18968,0.09943591803312302,0.971794843673706,0.8801282048225403
YBR119W,YCL054W,0,-9.191344,0.0994228720664978,0.971794843673706,0.8802564144134521
YLR028C,YPL149W,0,-9.1925955,0.09940983355045319,0.971794843673706,0.880384624004364
YPL106C,YLR005W,0,-9.192608,0.09939680248498917,0.971794843673706,0.8805128335952759
YDL164C,YMR100W,0,-9.192727,0.09938377141952515,0.971794843673706,0.8806410431861877
YCL026C-A,YDL200C,0,-9.193322,0.09937074035406113,0.971794843673706,0.8807692527770996
YLR176C,YLR066W,0,-9.193439,0.0993577167391777,0.971794843673706,0.8808974623680115
YLR069C,YGR156W,0,-9.193608,0.09934469312429428,0.971794843673706,0.8810256123542786
YDR317W,YDL056W,0,-9.193789,0.09933167695999146,0.971794843673706,0.8811538219451904
YGL029W,YJR077C,0,-9.196357,0.09931866079568863,0.971794843673706,0.8812820315361023
YBR143C,YMR067C,0,-9.196996,0.0993056446313858,0.971794843673706,0.8814102411270142
YDR188W,YLR248W,0,-9.197345,0.09929263591766357,0.971794843673706,0.881538450717926
YPR171W,YJR126C,0,-9.1973505,0.09927963465452194,0.971794843673706,0.8816666603088379
YNL327W,YMR097C,0,-9.197483,0.09926663339138031,0.971794843673706,0.8817948698997498
YDR078C,YOL028C,0,-9.19749,0.09925363212823868,0.971794843673706,0.8819230794906616
YOL133W,YDL150W,0,-9.197521,0.09924063831567764,0.971794843673706,0.8820512890815735
YOR355W,YDR470C,0,-9.199343,0.09922764450311661,0.971794843673706,0.8821794986724854
YGR092W,YLR196W,0,-9.200291,0.09921465814113617,0.971794843673706,0.8823077082633972
YAL034W-A,YDR453C,0,-9.201079,0.09920167177915573,0.971794843673706,0.8824359178543091
YGL047W,YOR237W,0,-9.201377,0.09918869286775589,0.971794843673706,0.882564127445221
YKL049C,YBR177C,0,-9.203021,0.09917571395635605,0.971794843673706,0.8826923370361328
YDR317W,YOR226C,0,-9.203543,0.0991627424955368,0.971794843673706,0.8828204870223999
YGL005C,YDR395W,0,-9.203829,0.09914977103471756,0.971794843673706,0.8829486966133118
YPL137C,YLR002C,0,-9.208335,0.09913680702447891,0.971794843673706,0.8830769062042236
YOL021C,YAR035W,0,-9.208495,0.09912384301424026,0.971794843673706,0.8832051157951355
YLL001W,YBL002W,0,-9.208668,0.09911087900400162,0.971794843673706,0.8833333253860474
YNL042W,YJR140C,0,-9.2092,0.09909792244434357,0.971794843673706,0.8834615349769592
YGR267C,YNL201C,0,-9.209803,0.09908496588468552,0.971794843673706,0.8835897445678711
YDR129C,YBR258C,0,-9.211311,0.09907201677560806,0.971794843673706,0.883717954158783
YCR065W,YPL171C,0,-9.215184,0.09905906766653061,0.971794843673706,0.8838461637496948
YGL213C,YBR182C,0,-9.21567,0.09904612600803375,0.971794843673706,0.8839743733406067
YOR078W,YPL058C,0,-9.215924,0.0990331843495369,0.971794843673706,0.8841025829315186
YJL167W,YLR256W,0,-9.219501,0.09902025014162064,0.971794843673706,0.8842307925224304
YML112W,YPL075W,0,-9.220229,0.09900731593370438,0.971794843673706,0.8843590021133423
YNL138W,YOR143C,0,-9.221167,0.09899438172578812,0.971794843673706,0.8844871520996094
YOR130C,YMR093W,0,-9.221298,0.09898145496845245,0.971794843673706,0.8846153616905212
YGR281W,YML109W,0,-9.221756,0.09896853566169739,0.971794843673706,0.8847435712814331
YAL035W,YMR035W,0,-9.221842,0.09895561635494232,0.971794843673706,0.884871780872345
YGR108W,YLR136C,0,-9.221937,0.09894269704818726,0.971794843673706,0.8849999904632568
YDR017C,YML095C,0,-9.222971,0.09892978519201279,0.971794843673706,0.8851282000541687
YER107C,YDR079W,0,-9.224215,0.09891687333583832,0.971794843673706,0.8852564096450806
YIL065C,YIL128W,0,-9.225693,0.09890396893024445,0.971794843673706,0.8853846192359924
YOL068C,YDL130W-A,0,-9.226091,0.09889106452465057,0.971794843673706,0.8855128288269043
YEL042W,YKR003W,0,-9.226401,0.0988781601190567,0.971794843673706,0.8856410384178162
YNL210W,YER024W,0,-9.227127,0.09886526316404343,0.971794843673706,0.885769248008728
YEL027W,YCL052C,0,-9.227207,0.09885237365961075,0.971794843673706,0.8858974575996399
YMR058W,YAL005C,0,-9.23007,0.09883948415517807,0.971794843673706,0.8860256671905518
YDR447C,YLR119W,0,-9.232371,0.09882659465074539,0.971794843673706,0.8861538171768188
YNL297C,YML014W,0,-9.234654,0.09881371259689331,0.971794843673706,0.8862820267677307
YPR167C,YGL030W,0,-9.235387,0.09880083054304123,0.971794843673706,0.8864102363586426
YOR005C,YDR310C,0,-9.235869,0.09878795593976974,0.971794843673706,0.8865384459495544
YLR363C,YDR227W,0,-9.236218,0.09877508133649826,0.971794843673706,0.8866666555404663
YOR034C,YDR086C,0,-9.23724,0.09876221418380737,0.971794843673706,0.8867948651313782
YMR096W,YDR002W,0,-9.237301,0.09874934703111649,0.971794843673706,0.88692307472229
YGR278W,YOL110W,0,-9.240137,0.0987364873290062,0.971794843673706,0.8870512843132019
YOL123W,YIR033W,0,-9.241609,0.0987236276268959,0.971794843673706,0.8871794939041138
YER017C,YCL054W,0,-9.242475,0.09871076792478561,0.971794843673706,0.8873077034950256
YMR153W,YMR089C,0,-9.246075,0.09869791567325592,0.971794843673706,0.8874359130859375
YLR102C,YLR066W,0,-9.246111,0.09868506342172623,0.971794843673706,0.8875641226768494
YKL092C,YIL034C,0,-9.246441,0.09867221862077713,0.971794843673706,0.8876923322677612
YFL022C,YCL067C,0,-9.248044,0.09865938127040863,0.971794843673706,0.8878205418586731
YML130C,YDR420W,0,-9.248491,0.09864653646945953,0.971794843673706,0.8879486918449402
YPR188C,YBR296C,0,-9.249499,0.09863369911909103,0.971794843673706,0.888076901435852
YNL275W,YBR280C,0,-9.249875,0.09862086921930313,0.971794843673706,0.8882051110267639
YDR036C,YGR123C,0,-9.250816,0.09860803931951523,0.971794843673706,0.8883333206176758
YDR166C,YPL011C,0,-9.252946,0.09859521687030792,0.971794843673706,0.8884615302085876
YIR002C,YIR022W,0,-9.253471,0.09858238697052002,0.971794843673706,0.8885897397994995
YJR052W,YDR346C,0,-9.253862,0.09856957197189331,0.971794843673706,0.8887179493904114
YPR051W,YMR313C,0,-9.253914,0.0985567569732666,0.971794843673706,0.8888461589813232
YAL030W,YBR198C,0,-9.254899,0.09854394197463989,0.971794843673706,0.8889743685722351
YGR166W,YLR163C,0,-9.257034,0.09853113442659378,0.971794843673706,0.889102578163147
YJL100W,YMR227C,0,-9.25812,0.09851832687854767,0.971794843673706,0.8892307877540588
YOR355W,YDR207C,0,-9.261821,0.09850552678108215,0.971794843673706,0.8893589973449707
YBL082C,YJR045C,0,-9.263012,0.09849272668361664,0.971794843673706,0.8894872069358826
YAR014C,YDR330W,0,-9.263826,0.09847992658615112,0.971794843673706,0.8896153569221497
YAL003W,YDR295C,0,-9.266191,0.0984671339392662,0.971794843673706,0.8897435665130615
YCR009C,YER019C-A,0,-9.266839,0.09845434129238129,0.971794843673706,0.8898717761039734
YMR212C,YKL197C,0,-9.268865,0.09844155609607697,0.971794843673706,0.8899999856948853
YML130C,YBR192W,0,-9.269085,0.09842877835035324,0.971794843673706,0.8901281952857971
YOR257W,YPL094C,0,-9.269673,0.09841599315404892,0.971794843673706,0.890256404876709
YHR190W,YJL133W,0,-9.269688,0.09840322285890579,0.971794843673706,0.8903846144676208
YCR088W,YPR065W,0,-9.272902,0.09839044511318207,0.971794843673706,0.8905128240585327
YER171W,YOR132W,0,-9.273386,0.09837767481803894,0.971794843673706,0.8906410336494446
YJL014W,YKL051W,0,-9.273691,0.09836491197347641,0.971794843673706,0.8907692432403564
YML032C,YOR344C,0,-9.273974,0.09835214912891388,0.971794843673706,0.8908974528312683
YNL280C,YNR032W,0,-9.274363,0.09833938628435135,0.971794843673706,0.8910256624221802
YGR171C,YKL125W,0,-9.275014,0.09832663089036942,0.971794843673706,0.891153872013092
YPL043W,YLR092W,0,-9.27533,0.09831387549638748,0.971794843673706,0.8912820219993591
YBL040C,YBR223C,0,-9.275426,0.09830112755298615,0.971794843673706,0.891410231590271
YFR050C,YBR095C,0,-9.276186,0.09828837960958481,0.971794843673706,0.8915384411811829
YIR019C,YOR004W,0,-9.276827,0.09827563911676407,0.971794843673706,0.8916666507720947
YKL051W,YMR227C,0,-9.277432,0.09826289862394333,0.971794843673706,0.8917948603630066
YJL209W,YBR008C,0,-9.278324,0.09825016558170319,0.971794843673706,0.8919230699539185
YOR150W,YIR012W,1,-9.281765,0.09836702793836594,0.9730769395828247,0.8919230699539185
YGL223C,YHR183W,0,-9.282376,0.0983542799949646,0.9730769395828247,0.8920512795448303
YDR263C,YGL211W,0,-9.282982,0.09834153950214386,0.9730769395828247,0.8921794891357422
YLR051C,YNL214W,0,-9.286108,0.09832879900932312,0.9730769395828247,0.892307698726654
YER161C,YML027W,0,-9.286993,0.09831605851650238,0.9730769395828247,0.8924359083175659
YKL005C,YLR147C,0,-9.288204,0.09830332547426224,0.9730769395828247,0.8925641179084778
YJL106W,YKL068W,0,-9.288737,0.09829059988260269,0.9730769395828247,0.8926923274993896
YNR011C,YJR021C,0,-9.288763,0.09827787429094315,0.9730769395828247,0.8928205370903015
YNL218W,YNL093W,0,-9.288811,0.0982651486992836,0.9730769395828247,0.8929487466812134
YJL020C,YPR065W,0,-9.289006,0.09825243055820465,0.9730769395828247,0.8930768966674805
YNL268W,YBR193C,0,-9.290131,0.0982397124171257,0.9730769395828247,0.8932051062583923
YLR355C,YPL258C,0,-9.293806,0.09822699427604675,0.9730769395828247,0.8933333158493042
YOL147C,YLR071C,0,-9.294407,0.0982142835855484,0.9730769395828247,0.8934615254402161
YBR286W,YOR281C,0,-9.294739,0.09820158034563065,0.9730769395828247,0.8935897350311279
YDL170W,YPL065W,0,-9.295507,0.09818887710571289,0.9730769395828247,0.8937179446220398
YMR078C,YJR126C,0,-9.297237,0.09817617386579514,0.9730769395828247,0.8938461542129517
YNR019W,YDR110W,0,-9.2976,0.09816347807645798,0.9730769395828247,0.8939743638038635
YDR303C,YBR240C,0,-9.298624,0.09815078228712082,0.9730769395828247,0.8941025733947754
YCR091W,YDR469W,0,-9.300396,0.09813809394836426,0.9730769395828247,0.8942307829856873
YDR173C,YOR061W,0,-9.301191,0.0981254056096077,0.9730769395828247,0.8943589925765991
YKL139W,YMR037C,0,-9.301338,0.09811271727085114,0.9730769395828247,0.894487202167511
YHR174W,YDR027C,0,-9.301794,0.09810003638267517,0.9730769395828247,0.8946154117584229
YIL112W,YGR169C,0,-9.303484,0.0980873629450798,0.9730769395828247,0.8947435617446899
YGL099W,YMR004W,0,-9.309446,0.09807468950748444,0.9730769395828247,0.8948717713356018
YAR007C,YDR382W,0,-9.310518,0.09806201606988907,0.9730769395828247,0.8949999809265137
YML008C,YBR173C,0,-9.31157,0.0980493500828743,0.9730769395828247,0.8951281905174255
YCR065W,YNR039C,0,-9.312559,0.09803668409585953,0.9730769395828247,0.8952564001083374
YLR109W,YAL013W,0,-9.312871,0.09802401810884476,0.9730769395828247,0.8953846096992493
YMR092C,YHR172W,0,-9.314713,0.09801136702299118,0.9730769395828247,0.8955128192901611
YMR198W,YCL044C,0,-9.314735,0.097998708486557,0.9730769395828247,0.895641028881073
YNL192W,YPR190C,0,-9.316345,0.09798605740070343,0.9730769395828247,0.8957692384719849
YNL020C,YDR087C,0,-9.318731,0.09797340631484985,0.9730769395828247,0.8958974480628967
YDR216W,YDR166C,0,-9.318752,0.09796076267957687,0.9730769395828247,0.8960256576538086
YPL089C,YGR276C,0,-9.321089,0.0979481190443039,0.9730769395828247,0.8961538672447205
YNL259C,YIL013C,0,-9.322554,0.09793548285961151,0.9730769395828247,0.8962820768356323
YCR071C,YER110C,0,-9.327022,0.09792284667491913,0.9730769395828247,0.8964102268218994
YAL017W,YDL235C,0,-9.328304,0.09791021794080734,0.9730769395828247,0.8965384364128113
YMR043W,YJL191W,0,-9.331539,0.09789758920669556,0.9730769395828247,0.8966666460037231
YER062C,YPL058C,0,-9.331949,0.09788496047258377,0.9730769395828247,0.896794855594635
YJL167W,YDR359C,0,-9.333193,0.09787233918905258,0.9730769395828247,0.8969230651855469
YKL062W,YOR287C,0,-9.334282,0.09785971790552139,0.9730769395828247,0.8970512747764587
YPL259C,YNL282W,0,-9.334461,0.0978471040725708,0.9730769395828247,0.8971794843673706
YNL275W,YBR215W,0,-9.334564,0.09783449023962021,0.9730769395828247,0.8973076939582825
YOL039W,YMR156C,0,-9.337332,0.09782188385725021,0.9730769395828247,0.8974359035491943
YMR316W,YNL066W,0,-9.338721,0.09780927747488022,0.9730769395828247,0.8975641131401062
YPR110C,YLR417W,0,-9.338745,0.09779667854309082,0.9730769395828247,0.8976923227310181
YKR072C,YOL109W,0,-9.339117,0.09778407961130142,0.9730769395828247,0.8978205323219299
YMR075W,YPL019C,0,-9.342434,0.09777148067951202,0.9730769395828247,0.8979487419128418
YJR065C,YGL144C,0,-9.343562,0.09775888919830322,0.9730769395828247,0.8980769515037537
YIL034C,YHR031C,0,-9.346138,0.09774629771709442,0.9730769395828247,0.8982051014900208
YPL117C,YBR182C,0,-9.347187,0.09773371368646622,0.9730769395828247,0.8983333110809326
YNL149C,YGL126W,0,-9.348389,0.09772112965583801,0.9730769395828247,0.8984615206718445
YBL015W,YJL014W,0,-9.348627,0.09770854562520981,0.9730769395828247,0.8985897302627563
YBL009W,YCL032W,0,-9.351913,0.0976959690451622,0.9730769395828247,0.8987179398536682
YKR009C,YPL058C,0,-9.352155,0.09768339991569519,0.9730769395828247,0.8988461494445801
YDR385W,YNL015W,0,-9.35229,0.09767083078622818,0.9730769395828247,0.8989743590354919
YKL165C,YMR284W,0,-9.352703,0.09765826165676117,0.9730769395828247,0.8991025686264038
YKR036C,YLR117C,0,-9.356186,0.09764569997787476,0.9730769395828247,0.8992307782173157
YOL100W,YHR163W,0,-9.357063,0.09763313829898834,0.9730769395828247,0.8993589878082275
YJL110C,YBR214W,0,-9.357625,0.09762057662010193,0.9730769395828247,0.8994871973991394
YGL047W,YBR297W,0,-9.361898,0.09760802239179611,0.9730769395828247,0.8996154069900513
YCL039W,YDR397C,0,-9.363664,0.09759547561407089,0.9730769395828247,0.8997436165809631
YDL093W,YER012W,0,-9.365845,0.09758292883634567,0.9730769395828247,0.8998717665672302
YIR025W,YGL055W,0,-9.367255,0.09757038205862045,0.9730769395828247,0.8999999761581421
YLR078C,YOR032C,0,-9.36762,0.09755784273147583,0.9730769395828247,0.900128185749054
YNL192W,YJL050W,0,-9.368773,0.09754530340433121,0.9730769395828247,0.9002563953399658
YKL139W,YDR379W,0,-9.369357,0.09753277152776718,0.9730769395828247,0.9003846049308777
YGR140W,YEL013W,0,-9.372041,0.09752023965120316,0.9730769395828247,0.9005128145217896
YBL069W,YLR011W,0,-9.373264,0.09750770777463913,0.9730769395828247,0.9006410241127014
YPR201W,YGR083C,0,-9.373861,0.0974951833486557,0.9730769395828247,0.9007692337036133
YFL016C,YIR022W,0,-9.375162,0.09748265892267227,0.9730769395828247,0.9008974432945251
YIL065C,YGL022W,0,-9.375263,0.09747014194726944,0.9730769395828247,0.901025652885437
YBR207W,YJR007W,0,-9.376345,0.09745762497186661,0.9730769395828247,0.9011538624763489
YOR281C,YLR369W,0,-9.377352,0.09744511544704437,0.9730769395828247,0.9012820720672607
YER171W,YDR218C,0,-9.377467,0.09743260592222214,0.9730769395828247,0.9014102816581726
YBL024W,YML041C,0,-9.377578,0.0974200963973999,0.9730769395828247,0.9015384912490845
YLR309C,YKL019W,0,-9.378719,0.09740759432315826,0.9730769395828247,0.9016666412353516
YML061C,YCL008C,0,-9.379358,0.09739509969949722,0.9730769395828247,0.9017948508262634
YLR335W,YMR101C,0,-9.381615,0.09738260507583618,0.9730769395828247,0.9019230604171753
YCR082W,YGL158W,0,-9.383758,0.09737011045217514,0.9730769395828247,0.9020512700080872
YFR046C,YOR294W,0,-9.384634,0.0973576158285141,0.9730769395828247,0.902179479598999
YPL249C,YHR026W,0,-9.3858185,0.09734513610601425,0.9730769395828247,0.9023076891899109
YBL041W,YOL093W,0,-9.385978,0.09733264893293381,0.9730769395828247,0.9024358987808228
YLR382C,YDR002W,0,-9.387842,0.09732016921043396,0.9730769395828247,0.9025641083717346
YPR023C,YDR404C,0,-9.391936,0.09730768948793411,0.9730769395828247,0.9026923179626465
YGR262C,YKL022C,0,-9.392225,0.09729521721601486,0.9730769395828247,0.9028205275535583
YDR173C,YGL055W,0,-9.39251,0.09728274494409561,0.9730769395828247,0.9029487371444702
YER073W,YGR279C,0,-9.39406,0.09727028012275696,0.9730769395828247,0.9030769467353821
YDR082W,YLR372W,0,-9.394514,0.0972578153014183,0.9730769395828247,0.903205156326294
YGR257C,YAL023C,0,-9.396713,0.09724535793066025,0.9730769395828247,0.903333306312561
YBL042C,YGL124C,0,-9.400337,0.09723290055990219,0.9730769395828247,0.9034615159034729
YML110C,YDR469W,0,-9.403036,0.09722044318914413,0.9730769395828247,0.9035897254943848
YGR123C,YCL008C,0,-9.403257,0.09720799326896667,0.9730769395828247,0.9037179350852966
YJR082C,YOR334W,0,-9.404638,0.09719554334878922,0.9730769395828247,0.9038461446762085
YER012W,YJL069C,0,-9.405973,0.09718310087919235,0.9730769395828247,0.9039743542671204
YBR177C,YGR172C,0,-9.409602,0.09717065840959549,0.9730769395828247,0.9041025638580322
YGL155W,YMR255W,0,-9.410749,0.09715821593999863,0.9730769395828247,0.9042307734489441
YDL083C,YMR101C,0,-9.414299,0.09714578092098236,0.9730769395828247,0.904358983039856
YDR106W,YGR097W,0,-9.4172535,0.09713335335254669,0.9730769395828247,0.9044871926307678
YOR233W,YPL096W,0,-9.420103,0.09712091833353043,0.9730769395828247,0.9046154022216797
YAL015C,YLR196W,0,-9.420449,0.09710849821567535,0.9730769395828247,0.9047436118125916
YGR030C,YDL134C,0,-9.420898,0.09709607064723969,0.9730769395828247,0.9048718214035034
YGR257C,YKR082W,0,-9.422329,0.09708365052938461,0.9730769395828247,0.9049999713897705
YNL161W,YGR209C,0,-9.423256,0.09707123786211014,0.9730769395828247,0.9051281809806824
YEL034W,YOR162C,0,-9.425769,0.09705882519483566,0.9730769395828247,0.9052563905715942
YKR038C,YPR165W,0,-9.426859,0.09704641252756119,0.9730769395828247,0.9053846001625061
YKL029C,YML118W,0,-9.426964,0.09703400731086731,0.9730769395828247,0.905512809753418
YOR046C,YPL059W,0,-9.429525,0.09702160209417343,0.9730769395828247,0.9056410193443298
YDR365C,YHR200W,0,-9.432468,0.09700920432806015,0.9730769395828247,0.9057692289352417
YPL240C,YLR305C,0,-9.435325,0.09699680656194687,0.9730769395828247,0.9058974385261536
YLR295C,YJR132W,0,-9.435571,0.09698440879583359,0.9730769395828247,0.9060256481170654
YBR201W,YML103C,0,-9.436942,0.0969720184803009,0.9730769395828247,0.9061538577079773
YGR262C,YOR371C,0,-9.439041,0.09695963561534882,0.9730769395828247,0.9062820672988892
YBR214W,YNL107W,0,-9.440927,0.09694724529981613,0.9730769395828247,0.906410276889801
YJR082C,YIL123W,0,-9.441005,0.09693486243486404,0.9730769395828247,0.9065384864807129
YBL080C,YOR095C,0,-9.441129,0.09692248702049255,0.9730769395828247,0.9066666960716248
YMR204C,YKR025W,0,-9.441723,0.09691011160612106,0.9730769395828247,0.9067948460578918
YDL078C,YJR046W,0,-9.443152,0.09689774364233017,0.9730769395828247,0.9069230556488037
YIL121W,YLR200W,0,-9.443359,0.09688536822795868,0.9730769395828247,0.9070512652397156
YGR238C,YNR039C,0,-9.445478,0.09687300771474838,0.9730769395828247,0.9071794748306274
YPL086C,YKL178C,0,-9.446079,0.09686063975095749,0.9730769395828247,0.9073076844215393
YDR372C,YNL241C,0,-9.447948,0.09684828668832779,0.9730769395828247,0.9074358940124512
YDL227C,YOR275C,0,-9.450302,0.09683592617511749,0.9730769395828247,0.907564103603363
YBR298C,YPR088C,0,-9.451084,0.09682357311248779,0.9730769395828247,0.9076923131942749
YPL096W,YOL039W,0,-9.45203,0.09681122750043869,0.9730769395828247,0.9078205227851868
YGL256W,YCR071C,0,-9.454817,0.09679887443780899,0.9730769395828247,0.9079487323760986
YNR053C,YCL043C,0,-9.457248,0.09678653627634048,0.9730769395828247,0.9080769419670105
YKR003W,YHR143W-A,0,-9.457836,0.09677419066429138,0.9730769395828247,0.9082051515579224
YHR116W,YLR355C,0,-9.458994,0.09676185250282288,0.9730769395828247,0.9083333611488342
YMR277W,YBR223C,0,-9.461711,0.09674952179193497,0.9730769395828247,0.9084615111351013
YAL007C,YNR072W,0,-9.463803,0.09673719108104706,0.9730769395828247,0.9085897207260132
YJR076C,YCL035C,0,-9.466268,0.09672486037015915,0.9730769395828247,0.908717930316925
YDL134C,YNL248C,0,-9.46825,0.09671253710985184,0.9730769395828247,0.9088461399078369
YOR150W,YNL002C,1,-9.468555,0.09682761877775192,0.9743589758872986,0.9088461399078369
YLR016C,YDL058W,0,-9.4705105,0.09681528806686401,0.9743589758872986,0.9089743494987488
YPL262W,YOR212W,0,-9.473354,0.0968029573559761,0.9743589758872986,0.9091025590896606
YOL158C,YKL148C,0,-9.473852,0.0967906266450882,0.9743589758872986,0.9092307686805725
YDR414C,YLR248W,0,-9.474264,0.09677830338478088,0.9743589758872986,0.9093589782714844
YDR264C,YOL093W,0,-9.4746,0.09676598012447357,0.9743589758872986,0.9094871878623962
YPL055C,YHR021C,0,-9.476159,0.09675365686416626,0.9743589758872986,0.9096153974533081
YDR385W,YKR067W,0,-9.482009,0.09674134105443954,0.9743589758872986,0.90974360704422
YGL105W,YPL033C,0,-9.483101,0.09672903269529343,0.9743589758872986,0.9098718166351318
YGL012W,YOL151W,0,-9.48312,0.09671672433614731,0.9743589758872986,0.9100000262260437
YGR155W,YHR102W,0,-9.483551,0.09670441597700119,0.9743589758872986,0.9101281762123108
YHR152W,YHR106W,0,-9.485653,0.09669211506843567,0.9743589758872986,0.9102563858032227
YDR256C,YNL066W,0,-9.485937,0.09667981415987015,0.9743589758872986,0.9103845953941345
YMR061W,YJL048C,0,-9.486736,0.09666751325130463,0.9743589758872986,0.9105128049850464
YJL020C,YNL261W,0,-9.487024,0.0966552197933197,0.9743589758872986,0.9106410145759583
YJR092W,YMR096W,0,-9.487184,0.09664292633533478,0.9743589758872986,0.9107692241668701
YDL097C,YNR015W,0,-9.488188,0.09663064032793045,0.9743589758872986,0.910897433757782
YDL145C,YLR119W,0,-9.48856,0.09661835432052612,0.9743589758872986,0.9110256433486938
YIR013C,YBR221C,0,-9.489645,0.09660607576370239,0.9743589758872986,0.9111538529396057
YOL145C,YIR017C,0,-9.490175,0.09659379720687866,0.9743589758872986,0.9112820625305176
YCL051W,YPL237W,0,-9.491058,0.09658152610063553,0.9743589758872986,0.9114102721214294
YDR440W,YIL154C,0,-9.493914,0.0965692475438118,0.9743589758872986,0.9115384817123413
YLR011W,YGL070C,0,-9.494897,0.09655698388814926,0.9743589758872986,0.9116666913032532
YJL122W,YOR150W,1,-9.498165,0.09667174518108368,0.9756410121917725,0.9116666913032532
YHR143W-A,YGR186W,0,-9.498172,0.09665946662425995,0.9756410121917725,0.911794900894165
YHR039C,YKL020C,0,-9.498304,0.09664719551801682,0.9756410121917725,0.9119230508804321
YMR175W,YDR407C,0,-9.499288,0.09663491696119308,0.9756410121917725,0.912051260471344
YPL018W,YML055W,0,-9.499401,0.09662265330553055,0.9756410121917725,0.9121794700622559
YOR377W,YNL121C,0,-9.50505,0.09661038219928741,0.9756410121917725,0.9123076796531677
YLR256W,YCR057C,0,-9.505463,0.09659811854362488,0.9756410121917725,0.9124358892440796
YLR092W,YER082C,0,-9.505779,0.09658586233854294,0.9756410121917725,0.9125640988349915
YDL227C,YDR490C,0,-9.50794,0.096573606133461,0.9756410121917725,0.9126923084259033
YPL227C,YIL062C,0,-9.508009,0.09656134992837906,0.9756410121917725,0.9128205180168152
YER161C,YOL055C,0,-9.5107975,0.09654910117387772,0.9756410121917725,0.912948727607727
YDR163W,YLR305C,0,-9.511585,0.09653685241937637,0.9756410121917725,0.9130769371986389
YFL056C,YOL026C,0,-9.512323,0.09652460366487503,0.9756410121917725,0.9132051467895508
YKL191W,YPL097W,0,-9.515921,0.09651236236095428,0.9756410121917725,0.9133333563804626
YGR258C,YML055W,0,-9.516491,0.09650012850761414,0.9756410121917725,0.9134615659713745
YDL046W,YOR106W,0,-9.517828,0.09648789465427399,0.9756410121917725,0.9135897159576416
YMR095C,YGR099W,0,-9.518463,0.09647566080093384,0.9756410121917725,0.9137179255485535
YKL049C,YNL037C,0,-9.518806,0.09646342694759369,0.9756410121917725,0.9138461351394653
YAR031W,YPL243W,0,-9.518941,0.09645120054483414,0.9756410121917725,0.9139743447303772
YDR206W,YIL153W,0,-9.522551,0.09643898159265518,0.9756410121917725,0.9141025543212891
YBL032W,YJR104C,0,-9.523607,0.09642676264047623,0.9756410121917725,0.9142307639122009
YLR220W,YJL034W,0,-9.525864,0.09641454368829727,0.9756410121917725,0.9143589735031128
YBR202W,YNR010W,0,-9.528774,0.09640233218669891,0.9756410121917725,0.9144871830940247
YLR056W,YCL044C,0,-9.529411,0.09639012068510056,0.9756410121917725,0.9146153926849365
YER094C,YNL209W,0,-9.532364,0.0963779091835022,0.9756410121917725,0.9147436022758484
YPL266W,YIL117C,0,-9.533192,0.09636570513248444,0.9756410121917725,0.9148718118667603
YLR332W,YMR322C,0,-9.533724,0.09635350853204727,0.9756410121917725,0.9150000214576721
YNR001C,YFR005C,0,-9.534879,0.09634131193161011,0.9756410121917725,0.915128231048584
YKR079C,YBR105C,0,-9.536629,0.09632911533117294,0.9756410121917725,0.9152563810348511
YML091C,YCL031C,0,-9.537971,0.09631691873073578,0.9756410121917725,0.9153845906257629
YGR227W,YOR344C,0,-9.538731,0.09630472958087921,0.9756410121917725,0.9155128002166748
YDR494W,YDL170W,0,-9.538818,0.09629254788160324,0.9756410121917725,0.9156410098075867
YLR363C,YBR081C,0,-9.540276,0.09628036618232727,0.9756410121917725,0.9157692193984985
YHR062C,YBR077C,0,-9.54179,0.0962681844830513,0.9756410121917725,0.9158974289894104
YCR094W,YDR529C,0,-9.543531,0.09625601023435593,0.9756410121917725,0.9160256385803223
YNL156C,YBR127C,0,-9.545792,0.09624383598566055,0.9756410121917725,0.9161538481712341
YKR036C,YMR136W,0,-9.548113,0.09623166173696518,0.9756410121917725,0.916282057762146
YJR127C,YPR041W,0,-9.550571,0.0962194949388504,0.9756410121917725,0.9164102673530579
YGL124C,YDR395W,0,-9.553733,0.09620733559131622,0.9756410121917725,0.9165384769439697
YGR246C,YMR079W,0,-9.554414,0.09619516879320145,0.9756410121917725,0.9166666865348816
YLR260W,YMR127C,0,-9.554419,0.09618300944566727,0.9756410121917725,0.9167948961257935
YBL008W,YNL202W,0,-9.557003,0.09617085754871368,0.9756410121917725,0.9169231057167053
YLR155C,YDR097C,0,-9.557097,0.0961587056517601,0.9756410121917725,0.9170512557029724
YDL223C,YNL031C,0,-9.560641,0.09614655375480652,0.9756410121917725,0.9171794652938843
YJL110C,YIL023C,0,-9.561298,0.09613440930843353,0.9756410121917725,0.9173076748847961
YFR013W,YDR453C,0,-9.566007,0.09612226486206055,0.9756410121917725,0.917435884475708
YIR037W,YOR229W,0,-9.567215,0.09611012786626816,0.9756410121917725,0.9175640940666199
YLR228C,YML028W,0,-9.567366,0.09609799087047577,0.9756410121917725,0.9176923036575317
YDR361C,YIR025W,0,-9.568842,0.09608586132526398,0.9756410121917725,0.9178205132484436
YHR001W-A,YOL031C,0,-9.572052,0.09607373178005219,0.9756410121917725,0.9179487228393555
YMR100W,YMR153W,0,-9.57368,0.0960616022348404,0.9756410121917725,0.9180769324302673
YGR270W,YNR039C,0,-9.574789,0.0960494726896286,0.9756410121917725,0.9182051420211792
YPR033C,YBL041W,0,-9.575165,0.096037358045578,0.9756410121917725,0.9183333516120911
YDR330W,YLR277C,0,-9.576095,0.09602523595094681,0.9756410121917725,0.9184615612030029
YJL013C,YOR224C,0,-9.578012,0.09601312130689621,0.9756410121917725,0.9185897707939148
YDL137W,YOR046C,0,-9.57832,0.09600100666284561,0.9756410121917725,0.9187179207801819
YNL009W,YHR039C-A,0,-9.579473,0.09598889946937561,0.9756410121917725,0.9188461303710938
YNL325C,YDL229W,0,-9.580664,0.09597679227590561,0.9756410121917725,0.9189743399620056
YDR179C,YOL133W,0,-9.580671,0.0959646925330162,0.9756410121917725,0.9191025495529175
YNR017W,YCR061W,0,-9.581399,0.0959525927901268,0.9756410121917725,0.9192307591438293
YBL024W,YPR024W,0,-9.582394,0.0959404930472374,0.9756410121917725,0.9193589687347412
YBL014C,YJL143W,0,-9.583006,0.09592840075492859,0.9756410121917725,0.9194871783256531
YBR036C,YBR091C,0,-9.5838585,0.09591630846261978,0.9756410121917725,0.9196153879165649
YOR301W,YDR495C,0,-9.584131,0.09590422362089157,0.9756410121917725,0.9197435975074768
YIL035C,YJL052W,0,-9.586035,0.09589213877916336,0.9756410121917725,0.9198718070983887
YOR320C,YDL147W,0,-9.586374,0.09588005393743515,0.9756410121917725,0.9200000166893005
YBR298C,YLR335W,0,-9.590582,0.09586797654628754,0.9756410121917725,0.9201282262802124
YMR283C,YJR019C,0,-9.5906105,0.09585589915513992,0.9756410121917725,0.9202564358711243
YIR008C,YMR030W,0,-9.591256,0.0958438292145729,0.9756410121917725,0.9203845858573914
YBR072W,YLL036C,0,-9.594024,0.09583175927400589,0.9756410121917725,0.9205127954483032
YJR131W,YGR180C,0,-9.595444,0.09581968933343887,0.9756410121917725,0.9206410050392151
YJL042W,YGR135W,0,-9.595465,0.09580762684345245,0.9756410121917725,0.920769214630127
YHR193C,YPL091W,0,-9.596182,0.09579557180404663,0.9756410121917725,0.9208974242210388
YCL040W,YDR419W,0,-9.597619,0.09578350931406021,0.9756410121917725,0.9210256338119507
YLL043W,YPL117C,0,-9.598108,0.09577145427465439,0.9756410121917725,0.9211538434028625
YGL155W,YHR096C,0,-9.600093,0.09575940668582916,0.9756410121917725,0.9212820529937744
YLR116W,YBR221C,0,-9.600193,0.09574735909700394,0.9756410121917725,0.9214102625846863
YCL004W,YDL092W,0,-9.602871,0.09573531150817871,0.9756410121917725,0.9215384721755981
YJL210W,YPR086W,0,-9.60698,0.09572327136993408,0.9756410121917725,0.92166668176651
YLR295C,YOR212W,0,-9.609194,0.09571123123168945,0.9756410121917725,0.9217948913574219
YNL047C,YJR044C,0,-9.611045,0.09569919854402542,0.9756410121917725,0.9219231009483337
YBR257W,YJR104C,0,-9.611869,0.09568715840578079,0.9756410121917725,0.9220513105392456
YKL084W,YJL106W,0,-9.616728,0.09567513316869736,0.9756410121917725,0.9221794605255127
YNL041C,YGR158C,0,-9.619829,0.09566310793161392,0.9756410121917725,0.9223076701164246
YJR125C,YKL068W,0,-9.62005,0.09565108269453049,0.9756410121917725,0.9224358797073364
YBL019W,YOR168W,0,-9.6202755,0.09563905745744705,0.9756410121917725,0.9225640892982483
YFL045C,YPL180W,0,-9.6231,0.09562703967094421,0.9756410121917725,0.9226922988891602
YMR052W,YDL148C,0,-9.6236315,0.09561502933502197,0.9756410121917725,0.922820508480072
YFR008W,YKR072C,0,-9.627655,0.09560301154851913,0.9756410121917725,0.9229487180709839
YPL097W,YPL126W,0,-9.631165,0.09559100866317749,0.9756410121917725,0.9230769276618958
YGL038C,YOL061W,0,-9.631443,0.09557899832725525,0.9756410121917725,0.9232051372528076
YBR121C,YDL200C,0,-9.635357,0.0955669954419136,0.9756410121917725,0.9233333468437195
YEL061C,YKR061W,0,-9.635739,0.09555500000715256,0.9756410121917725,0.9234615564346313
YHR085W,YOR150W,1,-9.635752,0.09566854685544968,0.9769230484962463,0.9234615564346313
YER065C,YGR118W,0,-9.637302,0.09565654397010803,0.9769230484962463,0.9235897660255432
YLR394W,YML043C,0,-9.637955,0.09564453363418579,0.9769230484962463,0.9237179756164551
YML006C,YPL154C,0,-9.638839,0.09563253074884415,0.9769230484962463,0.9238461256027222
YNL094W,YHL003C,0,-9.640043,0.0956205278635025,0.9769230484962463,0.923974335193634
YER044C,YCL061C,0,-9.644629,0.09560853242874146,0.9769230484962463,0.9241025447845459
YBR202W,YKL126W,0,-9.645555,0.09559653699398041,0.9769230484962463,0.9242307543754578
YJL157C,YDR077W,0,-9.649956,0.09558454900979996,0.9769230484962463,0.9243589639663696
YOR301W,YMR053C,0,-9.650295,0.0955725610256195,0.9769230484962463,0.9244871735572815
YGL129C,YGR072W,0,-9.650949,0.09556057304143906,0.9769230484962463,0.9246153831481934
YIR023W,YPR178W,0,-9.651987,0.0955485925078392,0.9769230484962463,0.9247435927391052
YCR082W,YBR023C,0,-9.653507,0.09553661197423935,0.9769230484962463,0.9248718023300171
YPL154C,YIR008C,0,-9.660773,0.0955246314406395,0.9769230484962463,0.925000011920929
YDR072C,YCR020C-A,0,-9.662731,0.09551265835762024,0.9769230484962463,0.9251282215118408
YPL227C,YDR055W,0,-9.662924,0.09550069272518158,0.9769230484962463,0.9252564311027527
YKR036C,YFL021W,0,-9.666094,0.09548871964216232,0.9769230484962463,0.9253846406936646
YJL112W,YGR214W,0,-9.666159,0.09547675400972366,0.9769230484962463,0.9255128502845764
YPR031W,YJL164C,0,-9.667174,0.0954647958278656,0.9769230484962463,0.9256410002708435
YLR399C,YER049W,0,-9.668646,0.09545283764600754,0.9769230484962463,0.9257692098617554
YMR301C,YMR135C,0,-9.668959,0.09544087946414948,0.9769230484962463,0.9258974194526672
YDR376W,YPR065W,0,-9.669905,0.09542892873287201,0.9769230484962463,0.9260256290435791
YNL223W,YEL022W,0,-9.67232,0.09541697800159454,0.9769230484962463,0.926153838634491
YDR379W,YAR008W,0,-9.674522,0.09540503472089767,0.9769230484962463,0.9262820482254028
YLR370C,YER075C,0,-9.67551,0.0953930914402008,0.9769230484962463,0.9264102578163147
YEL063C,YML051W,0,-9.676867,0.09538114815950394,0.9769230484962463,0.9265384674072266
YOR005C,YPL253C,0,-9.677023,0.09536921232938766,0.9769230484962463,0.9266666769981384
YMR182C,YER022W,0,-9.677063,0.09535727649927139,0.9769230484962463,0.9267948865890503
YKL204W,YGL030W,0,-9.679377,0.09534534811973572,0.9769230484962463,0.9269230961799622
YDL074C,YCL008C,0,-9.682434,0.09533341974020004,0.9769230484962463,0.927051305770874
YOR078W,YIL002C,0,-9.68252,0.09532149136066437,0.9769230484962463,0.9271795153617859
YDL190C,YOL128C,0,-9.682912,0.09530957043170929,0.9769230484962463,0.927307665348053
YNL111C,YNL073W,0,-9.683158,0.09529764950275421,0.9769230484962463,0.9274358749389648
YLR399C,YMR143W,0,-9.68408,0.09528572857379913,0.9769230484962463,0.9275640845298767
YDR069C,YKR082W,0,-9.684275,0.09527381509542465,0.9769230484962463,0.9276922941207886
YDR270W,YHR163W,0,-9.69103,0.09526190906763077,0.9769230484962463,0.9278205037117004
YER021W,YNR015W,0,-9.694493,0.09525000303983688,0.9769230484962463,0.9279487133026123
YPR049C,YNL169C,0,-9.696517,0.095238097012043,0.9769230484962463,0.9280769228935242
YPR122W,YGR030C,0,-9.698291,0.09522619098424911,0.9769230484962463,0.928205132484436
YDL040C,YPL152W,0,-9.698437,0.09521429240703583,0.9769230484962463,0.9283333420753479
YNR001C,YLR272C,0,-9.700388,0.09520240128040314,0.9769230484962463,0.9284615516662598
YOL031C,YPR086W,0,-9.700707,0.09519050270318985,0.9769230484962463,0.9285897612571716
YDR147W,YGR289C,0,-9.703127,0.09517861902713776,0.9769230484962463,0.9287179708480835
YGR120C,YJL036W,0,-9.703371,0.09516672790050507,0.9769230484962463,0.9288461804389954
YDR153C,YGL012W,0,-9.703531,0.09515484422445297,0.9769230484962463,0.9289743304252625
YDR364C,YIL017C,0,-9.707275,0.09514296054840088,0.9769230484962463,0.9291025400161743
YBR192W,YJR004C,0,-9.711412,0.09513108432292938,0.9769230484962463,0.9292307496070862
YDR424C,YMR161W,0,-9.711418,0.09511920809745789,0.9769230484962463,0.929358959197998
YLR431C,YIL132C,0,-9.713519,0.09510733932256699,0.9769230484962463,0.9294871687889099
YHR005C-A,YHR161C,0,-9.7153635,0.09509547054767609,0.9769230484962463,0.9296153783798218
YML008C,YJL047C,0,-9.716934,0.09508360177278519,0.9769230484962463,0.9297435879707336
YHR089C,YER104W,0,-9.717186,0.09507174044847488,0.9769230484962463,0.9298717975616455
YNR033W,YJL050W,0,-9.718927,0.09505987912416458,0.9769230484962463,0.9300000071525574
YJL166W,YOR229W,0,-9.719416,0.09504802525043488,0.9769230484962463,0.9301282167434692
YML055W,YPL258C,0,-9.723668,0.09503617137670517,0.9769230484962463,0.9302564263343811
YAL023C,YGR048W,0,-9.726421,0.09502431750297546,0.9769230484962463,0.930384635925293
YOR150W,YGR103W,1,-9.728159,0.09513715654611588,0.978205144405365,0.930384635925293
YNL245C,YJL166W,0,-9.730618,0.09512529522180557,0.978205144405365,0.9305128455162048
YOL044W,YMR143W,0,-9.730932,0.09511344134807587,0.978205144405365,0.9306410551071167
YDL134C,YLR200W,0,-9.734004,0.09510158002376556,0.978205144405365,0.9307692050933838
YJR047C,YOR120W,0,-9.735054,0.09508973360061646,0.978205144405365,0.9308974146842957
YPL202C,YPR140W,0,-9.736673,0.09507787972688675,0.978205144405365,0.9310256242752075
YOR150W,YBR267W,1,-9.738483,0.09519062936306,0.9794871807098389,0.9310256242752075
YGL062W,YIL021W,0,-9.741274,0.0951787680387497,0.9794871807098389,0.9311538338661194
YEL053C,YKL051W,0,-9.741492,0.09516691416501999,0.9794871807098389,0.9312820434570312
YDR511W,YIL038C,0,-9.74213,0.09515506029129028,0.9794871807098389,0.9314102530479431
YDL035C,YBR030W,0,-9.746223,0.09514321386814117,0.9794871807098389,0.931538462638855
YNL209W,YML041C,0,-9.747172,0.09513136744499207,0.9794871807098389,0.9316666722297668
YDR440W,YMR322C,0,-9.747236,0.09511952102184296,0.9794871807098389,0.9317948818206787
YHR203C,YPL214C,0,-9.748638,0.09510768204927444,0.9794871807098389,0.9319230914115906
YBR070C,YJL005W,0,-9.752459,0.09509584307670593,0.9794871807098389,0.9320513010025024
YGL005C,YKR019C,0,-9.752623,0.09508400410413742,0.9794871807098389,0.9321795105934143
YLR295C,YIL103W,0,-9.762518,0.0950721725821495,0.9794871807098389,0.9323077201843262
YBR221C,YLR200W,0,-9.764292,0.09506034851074219,0.9794871807098389,0.9324358701705933
YML031W,YBR035C,0,-9.768251,0.09504851698875427,0.9794871807098389,0.9325640797615051
YDL045C,YDR508C,0,-9.773817,0.09503669291734695,0.9794871807098389,0.932692289352417
YOR157C,YNL248C,0,-9.774368,0.09502487629652023,0.9794871807098389,0.9328204989433289
YFR021W,YGR072W,0,-9.7746725,0.09501305967569351,0.9794871807098389,0.9329487085342407
YBR273C,YML097C,0,-9.774936,0.09500124305486679,0.9794871807098389,0.9330769181251526
YGR038W,YOR119C,0,-9.77874,0.09498943388462067,0.9794871807098389,0.9332051277160645
YDL004W,YBR084W,0,-9.779512,0.09497762471437454,0.9794871807098389,0.9333333373069763
YLR103C,YGR258C,0,-9.782946,0.09496581554412842,0.9794871807098389,0.9334615468978882
YLR176C,YIL016W,0,-9.784791,0.09495401382446289,0.9794871807098389,0.9335897564888
YPR067W,YGR129W,0,-9.786709,0.09494221210479736,0.9794871807098389,0.9337179660797119
YOL115W,YOL044W,0,-9.7903385,0.09493041783571243,0.9794871807098389,0.9338461756706238
YPL266W,YGR002C,0,-9.791058,0.0949186235666275,0.9794871807098389,0.9339743852615356
YDL181W,YDR400W,0,-9.792485,0.09490682929754257,0.9794871807098389,0.9341025352478027
YOL151W,YNL218W,0,-9.795853,0.09489504247903824,0.9794871807098389,0.9342307448387146
YAL030W,YML097C,0,-9.7973,0.0948832556605339,0.9794871807098389,0.9343589544296265
YPL196W,YPL083C,0,-9.798777,0.09487147629261017,0.9794871807098389,0.9344871640205383
YKL058W,YDR359C,0,-9.79954,0.09485969692468643,0.9794871807098389,0.9346153736114502
YOL049W,YPR190C,0,-9.804197,0.0948479175567627,0.9794871807098389,0.9347435832023621
YKR019C,YMR260C,0,-9.805859,0.09483614563941956,0.9794871807098389,0.9348717927932739
YOR224C,YGL093W,0,-9.807647,0.09482437372207642,0.9794871807098389,0.9350000023841858
YGR120C,YDR481C,0,-9.8080845,0.09481260925531387,0.9794871807098389,0.9351282119750977
YBR036C,YOR098C,0,-9.81034,0.09480084478855133,0.9794871807098389,0.9352564215660095
YKL144C,YDR246W,0,-9.811125,0.09478908032178879,0.9794871807098389,0.9353846311569214
YIR004W,YPR005C,0,-9.816323,0.09477732330560684,0.9794871807098389,0.9355128407478333
YEL018W,YNL325C,0,-9.820021,0.0947655662894249,0.9794871807098389,0.9356410503387451
YDR096W,YDR167W,0,-9.8202305,0.09475381672382355,0.9794871807098389,0.935769259929657
YOR150W,YER002W,1,-9.821339,0.0948660746216774,0.9807692170143127,0.935769259929657
YOL061W,YFR004W,0,-9.821346,0.09485431015491486,0.9807692170143127,0.9358974099159241
YMR033W,YBR077C,0,-9.823409,0.09484254568815231,0.9807692170143127,0.9360256195068359
YOL147C,YDR002W,0,-9.824089,0.09483078867197037,0.9807692170143127,0.9361538290977478
YDR083W,YGL233W,0,-9.83022,0.09481903910636902,0.9807692170143127,0.9362820386886597
YML126C,YML118W,0,-9.830948,0.09480728954076767,0.9807692170143127,0.9364102482795715
YDR055W,YML052W,0,-9.831261,0.09479553997516632,0.9807692170143127,0.9365384578704834
YOR320C,YJR050W,0,-9.831265,0.09478379040956497,0.9807692170143127,0.9366666674613953
YMR316W,YPL274W,0,-9.833128,0.09477204829454422,0.9807692170143127,0.9367948770523071
YGL229C,YER029C,0,-9.834483,0.09476031363010406,0.9807692170143127,0.936923086643219
YKR082W,YHL006C,0,-9.834491,0.09474857896566391,0.9807692170143127,0.9370512962341309
YJL005W,YMR153W,0,-9.83606,0.09473684430122375,0.9807692170143127,0.9371795058250427
YCR034W,YPL031C,0,-9.838333,0.0947251096367836,0.9807692170143127,0.9373077154159546
YLL011W,YDR200C,0,-9.839443,0.09471338242292404,0.9807692170143127,0.9374359250068665
YJR052W,YDR470C,0,-9.839793,0.09470165520906448,0.9807692170143127,0.9375640749931335
YIL123W,YBR117C,0,-9.843334,0.09468993544578552,0.9807692170143127,0.9376922845840454
YGR109C,YDL079C,0,-9.843638,0.09467821568250656,0.9807692170143127,0.9378204941749573
YIL052C,YBR173C,0,-9.844586,0.0946665033698082,0.9807692170143127,0.9379487037658691
YIL097W,YBR127C,0,-9.846537,0.09465479105710983,0.9807692170143127,0.938076913356781
YHR061C,YDR080W,0,-9.851454,0.09464307874441147,0.9807692170143127,0.9382051229476929
YDR172W,YPL057C,0,-9.858648,0.0946313738822937,0.9807692170143127,0.9383333325386047
YMR052W,YLL034C,0,-9.858735,0.09461966902017593,0.9807692170143127,0.9384615421295166
YOR031W,YOL146W,0,-9.861124,0.09460796415805817,0.9807692170143127,0.9385897517204285
YNL259C,YOL105C,0,-9.861698,0.094596266746521,0.9807692170143127,0.9387179613113403
YBR135W,YGR044C,0,-9.865444,0.09458456933498383,0.9807692170143127,0.9388461709022522
YNL192W,YMR267W,0,-9.865588,0.09457287937402725,0.9807692170143127,0.9389743804931641
YKR024C,YOR150W,1,-9.866595,0.09468479454517365,0.9820512533187866,0.9389743804931641
YDL145C,YDL079C,0,-9.868595,0.09467309713363647,0.9820512533187866,0.9391025900840759
YOL122C,YML005W,0,-9.8739195,0.09466139227151871,0.9820512533187866,0.939230740070343
YER054C,YLR055C,0,-9.874017,0.09464969485998154,0.9820512533187866,0.9393589496612549
YOL121C,YFL058W,0,-9.874125,0.09463800489902496,0.9820512533187866,0.9394871592521667
YFL021W,YPL212C,0,-9.8803005,0.09462631493806839,0.9820512533187866,0.9396153688430786
YJL031C,YDR081C,0,-9.880328,0.09461462497711182,0.9820512533187866,0.9397435784339905
YGR118W,YPL057C,0,-9.881226,0.09460294246673584,0.9820512533187866,0.9398717880249023
YOR150W,YOL144W,1,-9.884811,0.09471474587917328,0.9833333492279053,0.9398717880249023
YPR017C,YKR014C,0,-9.885096,0.09470304846763611,0.9833333492279053,0.9399999976158142
YJL047C,YLR435W,0,-9.885305,0.09469135850667953,0.9833333492279053,0.9401282072067261
YML091C,YLR222C,0,-9.887563,0.09467966854572296,0.9833333492279053,0.9402564167976379
YNR019W,YGR152C,0,-9.889923,0.09466798603534698,0.9833333492279053,0.9403846263885498
YBL064C,YGL100W,0,-9.895344,0.09465630352497101,0.9833333492279053,0.9405128359794617
YAL015C,YDR300C,0,-9.895988,0.09464462101459503,0.9833333492279053,0.9406410455703735
YOL151W,YKL073W,0,-9.896385,0.09463294595479965,0.9833333492279053,0.9407692551612854
YJL010C,YPR140W,0,-9.898928,0.09462127089500427,0.9833333492279053,0.9408974647521973
YDR423C,YDL102W,0,-9.901997,0.09460959583520889,0.9833333492279053,0.9410256147384644
YGL012W,YDR043C,0,-9.90242,0.09459792822599411,0.9833333492279053,0.9411538243293762
YOR381W,YKL081W,0,-9.907688,0.09458626061677933,0.9833333492279053,0.9412820339202881
YGR092W,YBR154C,0,-9.907717,0.09457460045814514,0.9833333492279053,0.9414102435112
YIL125W,YPL253C,0,-9.9080715,0.09456294029951096,0.9833333492279053,0.9415384531021118
YOR181W,YLR014C,0,-9.908442,0.09455128014087677,0.9833333492279053,0.9416666626930237
YJL102W,YMR140W,0,-9.908686,0.09453962743282318,0.9833333492279053,0.9417948722839355
YGR244C,YLR167W,0,-9.909594,0.09452797472476959,0.9833333492279053,0.9419230818748474
YOL060C,YDR381W,0,-9.91201,0.0945163294672966,0.9833333492279053,0.9420512914657593
YDL160C,YMR096W,0,-9.912519,0.09450468420982361,0.9833333492279053,0.9421795010566711
YGR142W,YLR008C,0,-9.918801,0.09449303895235062,0.9833333492279053,0.942307710647583
YHR081W,YPL159C,0,-9.92071,0.09448140114545822,0.9833333492279053,0.9424359202384949
YLR155C,YNL232W,0,-9.924974,0.09446976333856583,0.9833333492279053,0.9425641298294067
YMR224C,YLR059C,0,-9.925194,0.09445812553167343,0.9833333492279053,0.9426922798156738
YOR122C,YLL021W,0,-9.926144,0.09444649517536163,0.9833333492279053,0.9428204894065857
YLR195C,YDR453C,0,-9.926902,0.09443486481904984,0.9833333492279053,0.9429486989974976
YBR207W,YBL024W,0,-9.928001,0.09442324191331863,0.9833333492279053,0.9430769085884094
YDR163W,YOR160W,0,-9.928293,0.09441161900758743,0.9833333492279053,0.9432051181793213
YPL249C,YKR082W,0,-9.930859,0.09440000355243683,0.9833333492279053,0.9433333277702332
YGL211W,YDL106C,0,-9.932388,0.09438838064670563,0.9833333492279053,0.943461537361145
YKR002W,YCR035C,0,-9.932388,0.09437676519155502,0.9833333492279053,0.9435897469520569
YLR254C,YBR265W,0,-9.933174,0.09436515718698502,0.9833333492279053,0.9437179565429688
YPL060W,YBR192W,0,-9.933578,0.09435354918241501,0.9833333492279053,0.9438461661338806
YGL068W,YBR055C,0,-9.936653,0.094341941177845,0.9833333492279053,0.9439743757247925
YPL127C,YNL004W,0,-9.937864,0.09433034062385559,0.9833333492279053,0.9441025853157043
YOR150W,YOR272W,1,-9.938854,0.09444171190261841,0.9846153855323792,0.9441025853157043
YOL139C,YBR080C,0,-9.938978,0.0944300964474678,0.9846153855323792,0.9442307949066162
YMR109W,YOR047C,0,-9.939965,0.0944184884428978,0.9846153855323792,0.9443589448928833
YPL011C,YNL241C,0,-9.9424095,0.09440688043832779,0.9846153855323792,0.9444871544837952
YBR236C,YMR182C,0,-9.944572,0.09439527988433838,0.9846153855323792,0.944615364074707
YML094W,YIL120W,0,-9.947259,0.09438367933034897,0.9846153855323792,0.9447435736656189
YGR078C,YPR191W,0,-9.949913,0.09437207877635956,0.9846153855323792,0.9448717832565308
YOR150W,YDR091C,1,-9.953338,0.09448335319757462,0.985897421836853,0.9448717832565308
YGR083C,YPL176C,0,-9.955238,0.09447174519300461,0.985897421836853,0.9449999928474426
YOR279C,YOR297C,0,-9.955561,0.0944601371884346,0.985897421836853,0.9451282024383545
YBR293W,YFL038C,0,-9.95559,0.09444853663444519,0.985897421836853,0.9452564120292664
YDR085C,YBR118W,0,-9.955897,0.09443693608045578,0.985897421836853,0.9453846216201782
YDR284C,YGL018C,0,-9.956608,0.09442534297704697,0.985897421836853,0.9455128312110901
YEL036C,YLR136C,0,-9.960283,0.09441374987363815,0.985897421836853,0.945641040802002
YBR298C,YPL010W,0,-9.967207,0.09440216422080994,0.985897421836853,0.9457692503929138
YHR052W,YOR150W,1,-9.971334,0.09451331943273544,0.9871794581413269,0.9457692503929138
YGL053W,YLR032W,0,-9.971722,0.09450171887874603,0.9871794581413269,0.9458974599838257
YJL091C,YGL055W,0,-9.972046,0.09449011832475662,0.9871794581413269,0.9460256695747375
YCR047C,YJR086W,0,-9.972445,0.09447852522134781,0.9871794581413269,0.9461538195610046
YJL033W,YPR191W,0,-9.980963,0.09446693956851959,0.9871794581413269,0.9462820291519165
YAL003W,YDR057W,0,-9.981087,0.09445534646511078,0.9871794581413269,0.9464102387428284
YGR262C,YKR034W,0,-9.982214,0.09444376081228256,0.9871794581413269,0.9465384483337402
YGL190C,YER127W,0,-9.983434,0.09443218261003494,0.9871794581413269,0.9466666579246521
YPL170W,YPL210C,0,-9.984032,0.09442060440778732,0.9871794581413269,0.946794867515564
YMR277W,YOL065C,0,-9.985268,0.0944090262055397,0.9871794581413269,0.9469230771064758
YLR133W,YDR395W,0,-9.985487,0.09439744800329208,0.9871794581413269,0.9470512866973877
YDL148C,YML028W,0,-9.990172,0.09438587725162506,0.9871794581413269,0.9471794962882996
YJR040W,YDR083W,0,-9.995336,0.09437431395053864,0.9871794581413269,0.9473077058792114
YBR070C,YPL159C,0,-9.995466,0.09436274319887161,0.9871794581413269,0.9474359154701233
YLR167W,YBR077C,0,-9.997751,0.09435117989778519,0.9871794581413269,0.9475641250610352
YCL044C,YGR118W,0,-9.997838,0.09433962404727936,0.9871794581413269,0.947692334651947
YPL015C,YOR281C,0,-9.998823,0.09432806819677353,0.9871794581413269,0.9478204846382141
YNL055C,YOR217W,0,-10.000372,0.0943165123462677,0.9871794581413269,0.947948694229126
YLL022C,YKR014C,0,-10.005034,0.09430495649576187,0.9871794581413269,0.9480769038200378
YMR037C,YLR275W,0,-10.006203,0.09429340809583664,0.9871794581413269,0.9482051134109497
YOL100W,YPL210C,0,-10.008503,0.094281867146492,0.9871794581413269,0.9483333230018616
YBR283C,YDL130W-A,0,-10.012948,0.09427032619714737,0.9871794581413269,0.9484615325927734
YGL005C,YOL105C,0,-10.013171,0.09425878524780273,0.9871794581413269,0.9485897421836853
YDR421W,YDR381W,0,-10.014706,0.0942472442984581,0.9871794581413269,0.9487179517745972
YOR156C,YHR062C,0,-10.016708,0.09423571079969406,0.9871794581413269,0.948846161365509
YPL097W,YNL201C,0,-10.017417,0.09422417730093002,0.9871794581413269,0.9489743709564209
YLR068W,YIL073C,0,-10.021187,0.09421265125274658,0.9871794581413269,0.9491025805473328
YML091C,YLR105C,0,-10.025583,0.09420112520456314,0.9871794581413269,0.9492307901382446
YGL187C,YLR051C,0,-10.035044,0.0941895991563797,0.9871794581413269,0.9493589997291565
YPL266W,YBL030C,0,-10.035639,0.09417808055877686,0.9871794581413269,0.9494871497154236
YOR150W,YHR088W,1,-10.040528,0.09428885579109192,0.9884615540504456,0.9494871497154236
YBR036C,YLR272C,0,-10.040715,0.09427732974290848,0.9884615540504456,0.9496153593063354
YLL022C,YNL287W,0,-10.040783,0.09426580369472504,0.9884615540504456,0.9497435688972473
YER044C,YCR057C,0,-10.047187,0.0942542776465416,0.9884615540504456,0.9498717784881592
YJR021C,YJL080C,0,-10.049278,0.09424275904893875,0.9884615540504456,0.949999988079071
YOR221C,YJL050W,0,-10.049681,0.09423124045133591,0.9884615540504456,0.9501281976699829
YNL325C,YDL083C,0,-10.058948,0.09421972185373306,0.9884615540504456,0.9502564072608948
YOL011W,YDR087C,0,-10.06707,0.09420821070671082,0.9884615540504456,0.9503846168518066
YBL078C,YKL073W,0,-10.067083,0.09419669955968857,0.9884615540504456,0.9505128264427185
YDR168W,YGR158C,0,-10.06756,0.09418519586324692,0.9884615540504456,0.9506410360336304
YOL080C,YDR137W,0,-10.07106,0.09417369216680527,0.9884615540504456,0.9507692456245422
YNL012W,YPL210C,0,-10.071753,0.09416218847036362,0.9884615540504456,0.9508974552154541
YGL211W,YCR009C,0,-10.072268,0.09415069222450256,0.9884615540504456,0.951025664806366
YOR031W,YNL123W,0,-10.072294,0.09413919597864151,0.9884615540504456,0.9511538743972778
YML091C,YBR283C,0,-10.073635,0.09412769973278046,0.9884615540504456,0.9512820243835449
YOR150W,YFL002C,1,-10.08559,0.09423828125,0.9897435903549194,0.9512820243835449
YHR178W,YKL081W,0,-10.0875225,0.09422677755355835,0.9897435903549194,0.9514102339744568
YJL008C,YOR120W,0,-10.088527,0.0942152813076973,0.9897435903549194,0.9515384435653687
YOR032C,YGL100W,0,-10.090431,0.09420378506183624,0.9897435903549194,0.9516666531562805
YJL157C,YEL012W,0,-10.093995,0.09419228881597519,0.9897435903549194,0.9517948627471924
YOR032C,YHL011C,0,-10.094467,0.09418080002069473,0.9897435903549194,0.9519230723381042
YLR229C,YLR206W,0,-10.096365,0.09416931122541428,0.9897435903549194,0.9520512819290161
YGR070W,YHR167W,0,-10.096706,0.09415782243013382,0.9897435903549194,0.952179491519928
YOR359W,YPL087W,0,-10.10021,0.09414634108543396,0.9897435903549194,0.9523077011108398
YBR202W,YOL038W,0,-10.102891,0.0941348597407341,0.9897435903549194,0.9524359107017517
YJL080C,YOR137C,0,-10.104612,0.09412338584661484,0.9897435903549194,0.9525641202926636
YMR004W,YPR132W,0,-10.107758,0.09411191195249557,0.9897435903549194,0.9526923298835754
YDR404C,YJL164C,0,-10.110115,0.09410043805837631,0.9897435903549194,0.9528205394744873
YOR011W,YPR155C,0,-10.110331,0.09408897161483765,0.9897435903549194,0.9529486894607544
YOL086C,YMR026C,0,-10.115095,0.09407750517129898,0.9897435903549194,0.9530768990516663
YOR168W,YJL146W,0,-10.115968,0.09406603872776031,0.9897435903549194,0.9532051086425781
YLR411W,YER082C,0,-10.116314,0.09405457973480225,0.9897435903549194,0.95333331823349
YKR076W,YGL200C,0,-10.117325,0.09404312074184418,0.9897435903549194,0.9534615278244019
YER025W,YDL200C,0,-10.117854,0.0940316691994667,0.9897435903549194,0.9535897374153137
YLR293C,YGR121C,0,-10.123297,0.09402021765708923,0.9897435903549194,0.9537179470062256
YKL026C,YMR059W,0,-10.12709,0.09400876611471176,0.9897435903549194,0.9538461565971375
YNL227C,YOR150W,1,-10.128139,0.09411907941102982,0.9910256266593933,0.9538461565971375
YIL072W,YBR048W,0,-10.132853,0.09410762041807175,0.9910256266593933,0.9539743661880493
YDR382W,YPR121W,0,-10.136839,0.09409616887569427,0.9910256266593933,0.9541025757789612
YOR388C,YNL037C,0,-10.141632,0.0940847098827362,0.9910256266593933,0.954230785369873
YDR299W,YLR337C,0,-10.142914,0.09407326579093933,0.9910256266593933,0.9543589949607849
YCR086W,YHR161C,0,-10.149627,0.09406181424856186,0.9910256266593933,0.9544872045516968
YKL192C,YNL299W,0,-10.150042,0.09405037015676498,0.9910256266593933,0.9546154141426086
YNR019W,YGR285C,0,-10.152016,0.09403892606496811,0.9910256266593933,0.9547435641288757
YMR201C,YBR172C,0,-10.152505,0.09402748942375183,0.9910256266593933,0.9548717737197876
YDR036C,YOR253W,0,-10.157454,0.09401605278253555,0.9910256266593933,0.9549999833106995
YKR066C,YDR098C,0,-10.160466,0.09400462359189987,0.9910256266593933,0.9551281929016113
YBR041W,YLR068W,0,-10.164264,0.0939931869506836,0.9910256266593933,0.9552564024925232
YOR226C,YEL012W,0,-10.166027,0.09398176521062851,0.9910256266593933,0.9553846120834351
YGL251C,YDR450W,0,-10.174263,0.09397033601999283,0.9910256266593933,0.9555128216743469
YLR270W,YHR183W,0,-10.184055,0.09395891427993774,0.9910256266593933,0.9556410312652588
YIL155C,YBL014C,0,-10.1895895,0.09394749999046326,0.9910256266593933,0.9557692408561707
YPL059W,YDL208W,0,-10.1922455,0.09393607825040817,0.9910256266593933,0.9558974504470825
YBL016W,YGL093W,0,-10.1927395,0.09392466396093369,0.9910256266593933,0.9560256600379944
YJR021C,YOR359W,0,-10.206767,0.0939132571220398,0.9910256266593933,0.9561538696289062
YLR189C,YNL123W,0,-10.2068205,0.09390184283256531,0.9910256266593933,0.9562820792198181
YPL031C,YOR095C,0,-10.208523,0.09389044344425201,0.9910256266593933,0.9564102292060852
YFL057C,YDR194C,0,-10.216152,0.09387903660535812,0.9910256266593933,0.9565384387969971
YOR182C,YJL045W,0,-10.218613,0.09386763721704483,0.9910256266593933,0.9566666483879089
YKR076W,YPR141C,0,-10.220549,0.09385623782873154,0.9910256266593933,0.9567948579788208
YDL213C,YOL031C,0,-10.221315,0.09384484589099884,0.9910256266593933,0.9569230675697327
YJR073C,YMR182C,0,-10.228193,0.09383345395326614,0.9910256266593933,0.9570512771606445
YMR112C,YKL038W,0,-10.229176,0.09382206946611404,0.9910256266593933,0.9571794867515564
YCL038C,YOR061W,0,-10.236677,0.09381067752838135,0.9910256266593933,0.9573076963424683
YER062C,YMR093W,0,-10.236939,0.09379929304122925,0.9910256266593933,0.9574359059333801
YLR256W,YHR038W,0,-10.23814,0.09378791600465775,0.9910256266593933,0.957564115524292
YGR230W,YDR162C,0,-10.241018,0.09377653896808624,0.9910256266593933,0.9576923251152039
YHR206W,YKR014C,0,-10.241531,0.09376516193151474,0.9910256266593933,0.9578205347061157
YAR015W,YDR175C,0,-10.245182,0.09375379234552383,0.9910256266593933,0.9579487442970276
YLR405W,YKL141W,0,-10.247393,0.09374242275953293,0.9910256266593933,0.9580768942832947
YPR065W,YDR324C,0,-10.249955,0.09373105317354202,0.9910256266593933,0.9582051038742065
YJL170C,YJL125C,0,-10.256109,0.09371969103813171,0.9910256266593933,0.9583333134651184
YDR284C,YML043C,0,-10.261152,0.0937083289027214,0.9910256266593933,0.9584615230560303
YPL050C,YOL113W,0,-10.2612705,0.0936969667673111,0.9910256266593933,0.9585897326469421
YLR028C,YNR053C,0,-10.265548,0.09368561208248138,0.9910256266593933,0.958717942237854
YGL029W,YGR258C,0,-10.265845,0.09367425739765167,0.9910256266593933,0.9588461518287659
YFL029C,YNL103W,0,-10.267591,0.09366291016340256,0.9910256266593933,0.9589743614196777
YHL002W,YGL225W,0,-10.268052,0.09365156292915344,0.9910256266593933,0.9591025710105896
YKL038W,YDR292C,0,-10.271187,0.09364021569490433,0.9910256266593933,0.9592307806015015
YBR121C,YKL141W,0,-10.271805,0.09362887591123581,0.9910256266593933,0.9593589901924133
YAL023C,YOR049C,0,-10.273172,0.09361753612756729,0.9910256266593933,0.9594871997833252
YMR109W,YML043C,0,-10.276031,0.09360619634389877,0.9910256266593933,0.9596154093742371
YDR273W,YBR265W,0,-10.2780485,0.09359486401081085,0.9910256266593933,0.9597436189651489
YFR005C,YCR061W,0,-10.278545,0.09358353167772293,0.9910256266593933,0.959871768951416
YDR101C,YOR150W,1,-10.285235,0.09369325637817383,0.9923076629638672,0.959871768951416
YOR150W,YGL111W,1,-10.290007,0.09380295127630234,0.9935897588729858,0.959871768951416
YGL053W,YOR116C,0,-10.292097,0.09379160404205322,0.9935897588729858,0.9599999785423279
YHR169W,YBR050C,0,-10.300531,0.09378024935722351,0.9935897588729858,0.9601281881332397
YKL013C,YBR055C,0,-10.30817,0.0937689021229744,0.9935897588729858,0.9602563977241516
YDL166C,YPL262W,0,-10.308488,0.09375756233930588,0.9935897588729858,0.9603846073150635
YGL105W,YDR202C,0,-10.310591,0.09374622255563736,0.9935897588729858,0.9605128169059753
YDR268W,YGL096W,0,-10.315971,0.09373488277196884,0.9935897588729858,0.9606410264968872
YML006C,YFL059W,0,-10.317505,0.09372354298830032,0.9935897588729858,0.9607692360877991
YNL101W,YPR120C,0,-10.318873,0.0937122106552124,0.9935897588729858,0.9608974456787109
YDR511W,YNR026C,0,-10.320232,0.09370088577270508,0.9935897588729858,0.9610256552696228
YGR267C,YPR140W,0,-10.321995,0.09368955343961716,0.9935897588729858,0.9611538648605347
YBR192W,YPL258C,0,-10.327886,0.09367822855710983,0.9935897588729858,0.9612820744514465
YLR153C,YBR077C,0,-10.330132,0.0936669111251831,0.9935897588729858,0.9614102840423584
YMR128W,YGR258C,0,-10.330497,0.09365558624267578,0.9935897588729858,0.9615384340286255
YLR324W,YPL094C,0,-10.332003,0.09364427626132965,0.9935897588729858,0.9616666436195374
YFL055W,YBR106W,0,-10.341166,0.09363295882940292,0.9935897588729858,0.9617948532104492
YLR210W,YMR135C,0,-10.346397,0.0936216488480568,0.9935897588729858,0.9619230628013611
YDR022C,YPL011C,0,-10.347172,0.09361033886671066,0.9935897588729858,0.962051272392273
YDR022C,YPL254W,0,-10.348153,0.09359903633594513,0.9935897588729858,0.9621794819831848
YBL015W,YGR024C,0,-10.350042,0.0935877338051796,0.9935897588729858,0.9623076915740967
YKL013C,YHR042W,0,-10.351245,0.09357643127441406,0.9935897588729858,0.9624359011650085
YKL213C,YGR162W,0,-10.354665,0.09356513619422913,0.9935897588729858,0.9625641107559204
YDR071C,YJR103W,0,-10.355537,0.09355384111404419,0.9935897588729858,0.9626923203468323
YJL002C,YBR117C,0,-10.3576565,0.09354254603385925,0.9935897588729858,0.9628205299377441
YOR288C,YLR316C,0,-10.366934,0.09353125840425491,0.9935897588729858,0.962948739528656
YFR008W,YIL016W,0,-10.369503,0.09351997077465057,0.9935897588729858,0.9630769491195679
YBR201W,YHR196W,0,-10.369814,0.09350869059562683,0.9935897588729858,0.963205099105835
YNL072W,YKL034W,0,-10.370448,0.09349740296602249,0.9935897588729858,0.9633333086967468
YNL297C,YOR064C,0,-10.373721,0.09348613023757935,0.9935897588729858,0.9634615182876587
YGL068W,YNR059W,0,-10.373984,0.0934748500585556,0.9935897588729858,0.9635897278785706
YOR295W,YNL093W,0,-10.377649,0.09346357733011246,0.9935897588729858,0.9637179374694824
YLR397C,YNL242W,0,-10.380124,0.09345231205224991,0.9935897588729858,0.9638461470603943
YDR317W,YMR145C,0,-10.385921,0.09344103932380676,0.9935897588729858,0.9639743566513062
YER145C,YCL052C,0,-10.387934,0.09342977404594421,0.9935897588729858,0.964102566242218
YMR092C,YLR103C,0,-10.388006,0.09341851621866226,0.9935897588729858,0.9642307758331299
YJL166W,YLR003C,0,-10.388012,0.09340725839138031,0.9935897588729858,0.9643589854240417
YIL018W,YLR240W,0,-10.392428,0.09339600056409836,0.9935897588729858,0.9644871950149536
YAR014C,YKR076W,0,-10.396046,0.0933847427368164,0.9935897588729858,0.9646154046058655
YJL168C,YNL093W,0,-10.400046,0.09337349236011505,0.9935897588729858,0.9647436141967773
YCL039W,YNL072W,0,-10.406849,0.0933622419834137,0.9935897588729858,0.9648718237876892
YGR142W,YDL036C,0,-10.407151,0.09335099905729294,0.9935897588729858,0.9649999737739563
YJL106W,YDL051W,0,-10.412543,0.09333975613117218,0.9935897588729858,0.9651281833648682
YGR083C,YNR059W,0,-10.424122,0.09332851320505142,0.9935897588729858,0.96525639295578
YKR076W,YMR183C,0,-10.424436,0.09331727772951126,0.9935897588729858,0.9653846025466919
YDR246W,YLR003C,0,-10.431825,0.0933060422539711,0.9935897588729858,0.9655128121376038
YCR088W,YKL125W,0,-10.433569,0.09329481422901154,0.9935897588729858,0.9656410217285156
YFR052W,YLR372W,0,-10.438809,0.09328357875347137,0.9935897588729858,0.9657692313194275
YDL192W,YLR324W,0,-10.444962,0.09327235817909241,0.9935897588729858,0.9658974409103394
YPL241C,YIL097W,0,-10.445851,0.09326113015413284,0.9935897588729858,0.9660256505012512
YIL046W,YLR268W,0,-10.44783,0.09324990957975388,0.9935897588729858,0.9661538600921631
YGL078C,YOR150W,1,-10.449267,0.09335900098085403,0.9948717951774597,0.9661538600921631
YML118W,YNL186W,0,-10.453192,0.09334776550531387,0.9948717951774597,0.966282069683075
YGR075C,YBR214W,0,-10.454896,0.09333653748035431,0.9948717951774597,0.9664102792739868
YNL147W,YPL214C,0,-10.455857,0.09332531690597534,0.9948717951774597,0.9665384888648987
YFL055W,YJR063W,0,-10.45973,0.09331409633159637,0.9948717951774597,0.9666666388511658
YER110C,YNL202W,0,-10.478893,0.09330287575721741,0.9948717951774597,0.9667948484420776
YDL106C,YMR241W,0,-10.485783,0.09329165518283844,0.9948717951774597,0.9669230580329895
YHR102W,YDL201W,0,-10.485958,0.09328044205904007,0.9948717951774597,0.9670512676239014
YHR176W,YLR192C,0,-10.494583,0.0932692289352417,0.9948717951774597,0.9671794772148132
YMR309C,YBR117C,0,-10.497336,0.09325802326202393,0.9948717951774597,0.9673076868057251
YGR109C,YMR030W,0,-10.498249,0.09324681758880615,0.9948717951774597,0.967435896396637
YKR089C,YBR265W,0,-10.506671,0.09323561191558838,0.9948717951774597,0.9675641059875488
YDR211W,YBR035C,0,-10.512173,0.0932244136929512,0.9948717951774597,0.9676923155784607
YHR074W,YMR243C,0,-10.514286,0.09321321547031403,0.9948717951774597,0.9678205251693726
YBR234C,YIL110W,0,-10.514524,0.09320201724767685,0.9948717951774597,0.9679487347602844
YPL159C,YOR315W,0,-10.520401,0.09319082647562027,0.9948717951774597,0.9680769443511963
YEL042W,YKL188C,0,-10.521915,0.09317963570356369,0.9948717951774597,0.9682051539421082
YNL173C,YGR285C,0,-10.529778,0.09316844493150711,0.9948717951774597,0.9683333039283752
YJR065C,YMR243C,0,-10.531071,0.09315726161003113,0.9948717951774597,0.9684615135192871
YOR317W,YMR243C,0,-10.535422,0.09314607828855515,0.9948717951774597,0.968589723110199
YNL188W,YDR043C,0,-10.539561,0.09313490241765976,0.9948717951774597,0.9687179327011108
YKR046C,YBL046W,0,-10.540043,0.09312372654676437,0.9948717951774597,0.9688461422920227
YMR041C,YEL061C,0,-10.544992,0.09311255067586899,0.9948717951774597,0.9689743518829346
YBR202W,YNL202W,0,-10.545874,0.0931013822555542,0.9948717951774597,0.9691025614738464
YOR120W,YDR404C,0,-10.548079,0.09309021383523941,0.9948717951774597,0.9692307710647583
YMR030W,YNL064C,0,-10.558331,0.09307904541492462,0.9948717951774597,0.9693589806556702
YOR253W,YFL033C,0,-10.562726,0.09306788444519043,0.9948717951774597,0.969487190246582
YLR405W,YFR052W,0,-10.564519,0.09305672347545624,0.9948717951774597,0.9696153998374939
YOR299W,YML094W,0,-10.566875,0.09304556250572205,0.9948717951774597,0.9697436094284058
YDR377W,YOR048C,0,-10.567481,0.09303440898656845,0.9948717951774597,0.9698718190193176
YDL074C,YML004C,0,-10.567955,0.09302325546741486,0.9948717951774597,0.9700000286102295
YBL022C,YOL146W,0,-10.574121,0.09301210939884186,0.9948717951774597,0.9701281785964966
YDL074C,YBR223C,0,-10.575144,0.09300095587968826,0.9948717951774597,0.9702563881874084
YOR150W,YNL163C,1,-10.575827,0.09310964494943619,0.9961538314819336,0.9702563881874084
YER142C,YDR382W,0,-10.5798645,0.09309849143028259,0.9961538314819336,0.9703845977783203
YLR119W,YGR162W,0,-10.582245,0.093087337911129,0.9961538314819336,0.9705128073692322
YGR244C,YGL122C,0,-10.583113,0.0930761843919754,0.9961538314819336,0.970641016960144
YGR077C,YLL034C,0,-10.584518,0.0930650383234024,0.9961538314819336,0.9707692265510559
YLL026W,YBR192W,0,-10.598711,0.0930538922548294,0.9961538314819336,0.9708974361419678
YOR207C,YDR077W,0,-10.601217,0.09304274618625641,0.9961538314819336,0.9710256457328796
YDR168W,YMR127C,0,-10.605456,0.09303160756826401,0.9961538314819336,0.9711538553237915
YDR358W,YBR049C,0,-10.606567,0.0930204689502716,0.9961538314819336,0.9712820649147034
YNL274C,YDL040C,0,-10.607042,0.0930093377828598,0.9961538314819336,0.9714102745056152
YOR201C,YPL120W,0,-10.612652,0.092998206615448,0.9961538314819336,0.9715384840965271
YNR001C,YJL025W,0,-10.612813,0.0929870754480362,0.9961538314819336,0.971666693687439
YML130C,YDR492W,0,-10.616524,0.09297595173120499,0.9961538314819336,0.971794843673706
YDR256C,YOL049W,0,-10.637357,0.09296482056379318,0.9961538314819336,0.9719230532646179
YJL005W,YKR057W,0,-10.640156,0.09295370429754257,0.9961538314819336,0.9720512628555298
YCL043C,YDR280W,0,-10.643322,0.09294258058071136,0.9961538314819336,0.9721794724464417
YNR032W,YBR079C,0,-10.649731,0.09293146431446075,0.9961538314819336,0.9723076820373535
YLR136C,YER031C,0,-10.652781,0.09292035549879074,0.9961538314819336,0.9724358916282654
YOL082W,YBR049C,0,-10.655346,0.09290924668312073,0.9961538314819336,0.9725641012191772
YMR164C,YBR106W,0,-10.6559105,0.09289813786745071,0.9961538314819336,0.9726923108100891
YNL049C,YHR090C,0,-10.662947,0.0928870290517807,0.9961538314819336,0.972820520401001
YLR163C,YOR207C,0,-10.664196,0.09287592768669128,0.9961538314819336,0.9729487299919128
YPL015C,YGR152C,0,-10.665949,0.09286482632160187,0.9961538314819336,0.9730769395828247
YDR513W,YLR183C,0,-10.67127,0.09285372495651245,0.9961538314819336,0.9732051491737366
YEL024W,YKR056W,0,-10.674295,0.09284263104200363,0.9961538314819336,0.9733333587646484
YDR423C,YDR245W,0,-10.68148,0.09283154457807541,0.9961538314819336,0.9734615087509155
YKL146W,YOR046C,0,-10.685415,0.09282045066356659,0.9961538314819336,0.9735897183418274
YPL015C,YPR187W,0,-10.701571,0.09280936419963837,0.9961538314819336,0.9737179279327393
YNR054C,YJL146W,0,-10.70439,0.09279827773571014,0.9961538314819336,0.9738461375236511
YJL208C,YAL002W,0,-10.706837,0.09278719872236252,0.9961538314819336,0.973974347114563
YER054C,YGR172C,0,-10.710426,0.09277611970901489,0.9961538314819336,0.9741025567054749
YPR175W,YGR028W,0,-10.718849,0.09276504069566727,0.9961538314819336,0.9742307662963867
YPL135W,YJL168C,0,-10.724846,0.09275396913290024,0.9961538314819336,0.9743589758872986
YGR256W,YHL003C,0,-10.761261,0.09274289757013321,0.9961538314819336,0.9744871854782104
YDL231C,YKR065C,0,-10.770239,0.09273182600736618,0.9961538314819336,0.9746153950691223
YBR050C,YOR210W,0,-10.775138,0.09272076189517975,0.9961538314819336,0.9747436046600342
YOL038W,YOR001W,0,-10.782784,0.09270969778299332,0.9961538314819336,0.974871814250946
YIL009W,YIL153W,0,-10.785465,0.09269864112138748,0.9961538314819336,0.9750000238418579
YJR125C,YNL221C,0,-10.809641,0.09268758445978165,0.9961538314819336,0.9751282334327698
YNL331C,YHR021C,0,-10.812866,0.09267652779817581,0.9961538314819336,0.9752563834190369
YOL123W,YDL130W-A,0,-10.815862,0.09266547113656998,0.9961538314819336,0.9753845930099487
YOR150W,YKL082C,1,-10.816943,0.0927736684679985,0.9974358677864075,0.9753845930099487
YGL211W,YDR129C,0,-10.81819,0.09276261180639267,0.9974358677864075,0.9755128026008606
YNL274C,YDR098C,0,-10.822197,0.09275154769420624,0.9974358677864075,0.9756410121917725
YPL152W,YBR030W,0,-10.832121,0.0927404910326004,0.9974358677864075,0.9757692217826843
YKL144C,YDR247W,0,-10.83766,0.09272944182157516,0.9974358677864075,0.9758974313735962
YOR150W,YGL120C,1,-10.849251,0.09283756464719772,0.9987179636955261,0.9758974313735962
YDR219C,YPR190C,0,-10.852991,0.09282650053501129,0.9987179636955261,0.9760256409645081
YIL097W,YLR398C,0,-10.879469,0.09281544387340546,0.9987179636955261,0.9761538505554199
YJR073C,YLR167W,0,-10.8809,0.09280438721179962,0.9987179636955261,0.9762820601463318
YAL007C,YJL048C,0,-10.883408,0.09279333055019379,0.9987179636955261,0.9764102697372437
YGL099W,YKL038W,0,-10.883698,0.09278227388858795,0.9987179636955261,0.9765384793281555
YMR140W,YPL239W,0,-10.884798,0.09277122467756271,0.9987179636955261,0.9766666889190674
YML057W,YHR193C,0,-10.906945,0.09276018291711807,0.9987179636955261,0.9767948985099792
YJL050W,YGR077C,0,-10.916382,0.09274913370609283,0.9987179636955261,0.9769230484962463
YGL062W,YOR182C,0,-10.925045,0.0927380919456482,0.9987179636955261,0.9770512580871582
YPR006C,YML097C,0,-10.930469,0.09272705763578415,0.9987179636955261,0.9771794676780701
YNL173C,YER006W,0,-10.933417,0.0927160233259201,0.9987179636955261,0.9773076772689819
YMR049C,YPL015C,0,-10.93409,0.09270498901605606,0.9987179636955261,0.9774358868598938
YIL153W,YKL099C,0,-10.9612255,0.09269395470619202,0.9987179636955261,0.9775640964508057
YNL242W,YBR034C,0,-10.962997,0.09268292784690857,0.9987179636955261,0.9776923060417175
YDR377W,YER127W,0,-10.964142,0.09267190098762512,0.9987179636955261,0.9778205156326294
YIL149C,YPR154W,0,-10.966929,0.09266087412834167,0.9987179636955261,0.9779487252235413
YER015W,YDR339C,0,-10.970991,0.09264985471963882,0.9987179636955261,0.9780769348144531
YGR142W,YOR269W,0,-10.977236,0.09263884276151657,0.9987179636955261,0.978205144405365
YIL103W,YDL097C,0,-10.981657,0.09262782335281372,0.9987179636955261,0.9783333539962769
YLL026W,YKL080W,0,-10.995342,0.09261681139469147,0.9987179636955261,0.9784615635871887
YDL212W,YMR322C,0,-10.996119,0.09260579943656921,0.9987179636955261,0.9785897731781006
YNL182C,YOR150W,1,-10.999456,0.09271365404129028,1.0,0.9785897731781006
YOR100C,YEL042W,0,-11.004438,0.09270264208316803,1.0,0.9787179231643677
YNL073W,YGR158C,0,-11.006592,0.09269162267446518,1.0,0.9788461327552795
YOR056C,YOL055C,0,-11.00709,0.09268061071634293,1.0,0.9789743423461914
YDL078C,YBR130C,0,-11.011784,0.09266959875822067,1.0,0.9791025519371033
YDR216W,YHR143W,0,-11.0180855,0.09265858680009842,1.0,0.9792307615280151
YDL192W,YER103W,0,-11.035331,0.09264758229255676,1.0,0.979358971118927
YKL026C,YNL066W,0,-11.045616,0.0926365777850151,1.0,0.9794871807098389
YNL302C,YBR105C,0,-11.047532,0.09262558072805405,1.0,0.9796153903007507
YJR069C,YGR077C,0,-11.050285,0.09261458367109299,1.0,0.9797435998916626
YHR176W,YNL248C,0,-11.057619,0.09260358661413193,1.0,0.9798718094825745
YNL202W,YMR243C,0,-11.061859,0.09259258955717087,1.0,0.9800000190734863
YDR037W,YDR251W,0,-11.07857,0.0925815999507904,1.0,0.9801282286643982
YDR365C,YJL102W,0,-11.085182,0.09257061779499054,1.0,0.9802564382553101
YKL197C,YDR451C,0,-11.088688,0.09255962818861008,1.0,0.9803845882415771
YPR005C,YKL081W,0,-11.096668,0.09254864603281021,1.0,0.980512797832489
YNL113W,YPR024W,0,-11.0990925,0.09253766387701035,1.0,0.9806410074234009
YAL003W,YHR006W,0,-11.1006565,0.09252668917179108,1.0,0.9807692170143127
YNL073W,YHR143W-A,0,-11.110785,0.09251571446657181,1.0,0.9808974266052246
YOR031W,YNL282W,0,-11.135605,0.09250474721193314,1.0,0.9810256361961365
YOR178C,YOL076W,0,-11.139378,0.09249377250671387,1.0,0.9811538457870483
YLR304C,YER161C,0,-11.144775,0.0924828052520752,1.0,0.9812820553779602
YPL160W,YER015W,0,-11.149942,0.09247184544801712,1.0,0.9814102649688721
YOR031W,YML105C,0,-11.152385,0.09246088564395905,1.0,0.9815384745597839
YMR212C,YIL097W,0,-11.153045,0.09244992583990097,1.0,0.9816666841506958
YNR053C,YKL188C,0,-11.157012,0.0924389660358429,1.0,0.9817948937416077
YOR056C,YNL138W,0,-11.166104,0.09242801368236542,1.0,0.9819231033325195
YNL062C,YPL096W,0,-11.170942,0.09241706132888794,1.0,0.9820512533187866
YDR148C,YML097C,0,-11.175187,0.09240611642599106,1.0,0.9821794629096985
YGR249W,YDR120C,0,-11.17557,0.09239516407251358,1.0,0.9823076725006104
YBL084C,YHR065C,0,-11.180773,0.0923842266201973,1.0,0.9824358820915222
YFL016C,YHR143W-A,0,-11.185191,0.09237328171730042,1.0,0.9825640916824341
YGL038C,YML014W,0,-11.191022,0.09236234426498413,1.0,0.982692301273346
YNL119W,YLR136C,0,-11.235322,0.09235140681266785,1.0,0.9828205108642578
YDR421W,YNL119W,0,-11.260666,0.09234047681093216,1.0,0.9829487204551697
YNL075W,YNL012W,0,-11.266296,0.09232954680919647,1.0,0.9830769300460815
YGL211W,YBR212W,0,-11.270214,0.09231861680746078,1.0,0.9832051396369934
YMR030W,YCR053W,0,-11.271034,0.0923076942563057,1.0,0.9833333492279053
YDR129C,YCL054W,0,-11.281321,0.0922967717051506,1.0,0.9834615588188171
YLR047C,YKR060W,0,-11.284246,0.09228584915399551,1.0,0.983589768409729
YPL217C,YNL015W,0,-11.300166,0.09227493405342102,1.0,0.9837179780006409
YDR005C,YCL054W,0,-11.30472,0.09226401895284653,1.0,0.983846127986908
YMR136W,YCL031C,0,-11.305092,0.09225310385227203,1.0,0.9839743375778198
YNL274C,YDR478W,0,-11.305102,0.09224219620227814,1.0,0.9841025471687317
YKL148C,YNR046W,0,-11.327278,0.09223128855228424,1.0,0.9842307567596436
YBR026C,YBL035C,0,-11.334309,0.09222038090229034,1.0,0.9843589663505554
YMR235C,YKR089C,0,-11.339362,0.09220948070287704,1.0,0.9844871759414673
YIL103W,YHR075C,0,-11.350986,0.09219858050346375,1.0,0.9846153855323792
YOL060C,YLR150W,0,-11.358505,0.09218768775463104,1.0,0.984743595123291
YMR128W,YGR281W,0,-11.363976,0.09217678755521774,1.0,0.9848718047142029
YIL065C,YPR110C,0,-11.369139,0.09216590225696564,1.0,0.9850000143051147
YOR335C,YOL065C,0,-11.3719635,0.09215500950813293,1.0,0.9851282238960266
YML129C,YLR291C,0,-11.373439,0.09214412420988083,1.0,0.9852564334869385
YBR170C,YLL011W,0,-11.391123,0.09213323891162872,1.0,0.9853846430778503
YLR449W,YNL037C,0,-11.410603,0.09212236106395721,1.0,0.9855127930641174
YDR245W,YLR324W,0,-11.415895,0.09211147576570511,1.0,0.9856410026550293
YHR133C,YIL042C,0,-11.425293,0.0921006053686142,1.0,0.9857692122459412
YNL302C,YLR240W,0,-11.433498,0.09208972752094269,1.0,0.985897421836853
YPL164C,YMR142C,0,-11.459841,0.09207885712385178,1.0,0.9860256314277649
YKL064W,YHR143W-A,0,-11.465601,0.09206798672676086,1.0,0.9861538410186768
YER143W,YNL062C,0,-11.471782,0.09205712378025055,1.0,0.9862820506095886
YOR275C,YBR154C,0,-11.47755,0.09204626083374023,1.0,0.9864102602005005
YLR206W,YNL123W,0,-11.478284,0.09203539788722992,1.0,0.9865384697914124
YDR168W,YNR046W,0,-11.479073,0.0920245423913002,1.0,0.9866666793823242
YER006W,YGR070W,0,-11.502075,0.09201368689537048,1.0,0.9867948889732361
YOR095C,YNL202W,0,-11.503324,0.09200283139944077,1.0,0.986923098564148
YNL156C,YCR052W,0,-11.508209,0.09199198335409164,1.0,0.9870513081550598
YKL188C,YDL052C,0,-11.538437,0.09198113530874252,1.0,0.9871794581413269
YPL057C,YLR003C,0,-11.542906,0.0919702872633934,1.0,0.9873076677322388
YIL065C,YOR004W,0,-11.545926,0.09195944666862488,1.0,0.9874358773231506
YER142C,YLL011W,0,-11.56147,0.09194860607385635,1.0,0.9875640869140625
YOR100C,YGL225W,0,-11.571699,0.09193776547908783,1.0,0.9876922965049744
YGR109C,YGL208W,0,-11.575043,0.0919269323348999,1.0,0.9878205060958862
YLR449W,YPL159C,0,-11.580425,0.09191609919071198,1.0,0.9879487156867981
YNL220W,YDL197C,0,-11.584049,0.09190526604652405,1.0,0.98807692527771
YKL020C,YLR372W,0,-11.590626,0.09189444035291672,1.0,0.9882051348686218
YDR099W,YLR264W,0,-11.600436,0.09188361465930939,1.0,0.9883333444595337
YBL002W,YBR169C,0,-11.606845,0.09187278896570206,1.0,0.9884615540504456
YHL011C,YGL229C,0,-11.643196,0.09186197072267532,1.0,0.9885897636413574
YNL073W,YNL113W,0,-11.64386,0.09185115247964859,1.0,0.9887179732322693
YHR001W-A,YDR087C,0,-11.666256,0.09184034168720245,1.0,0.9888461828231812
YMR135C,YMR079W,0,-11.668109,0.09182952344417572,1.0,0.9889743328094482
YIL103W,YIL042C,0,-11.680635,0.09181872010231018,1.0,0.9891025424003601
YFL021W,YER082C,0,-11.684933,0.09180790930986404,1.0,0.989230751991272
YGR162W,YJL141C,0,-11.701614,0.0917971059679985,1.0,0.9893589615821838
YDL112W,YIL101C,0,-11.736286,0.09178630262613297,1.0,0.9894871711730957
YDR361C,YNR047W,0,-11.737878,0.09177549928426743,1.0,0.9896153807640076
YJR007W,YDR247W,0,-11.760717,0.09176470339298248,1.0,0.9897435903549194
YDL148C,YMR140W,0,-11.768838,0.09175391495227814,1.0,0.9898717999458313
YFL016C,YJL010C,0,-11.786465,0.0917431190609932,1.0,0.9900000095367432
YJR063W,YPL120W,0,-11.794901,0.09173233062028885,1.0,0.990128219127655
YHR089C,YDL130W-A,0,-11.797487,0.0917215421795845,1.0,0.9902564287185669
YNL004W,YJL164C,0,-11.8052025,0.09171076118946075,1.0,0.9903846383094788
YBR288C,YHR001W-A,0,-11.807872,0.091699980199337,1.0,0.9905128479003906
YGR197C,YDR172W,0,-11.813442,0.09168919920921326,1.0,0.9906409978866577
YJL208C,YIL135C,0,-11.816957,0.09167841821908951,1.0,0.9907692074775696
YOR233W,YPL196W,0,-11.841752,0.09166764467954636,1.0,0.9908974170684814
YHR193C,YDL223C,0,-11.844286,0.0916568711400032,1.0,0.9910256266593933
YER054C,YDL208W,0,-11.857595,0.09164610505104065,1.0,0.9911538362503052
YPL171C,YLR264W,0,-11.872519,0.0916353389620781,1.0,0.991282045841217
YDR358W,YPL239W,0,-11.874008,0.09162457287311554,1.0,0.9914102554321289
YDR121W,YPL154C,0,-11.922624,0.09161381423473358,1.0,0.9915384650230408
YDR171W,YBR171W,0,-11.929016,0.09160305559635162,1.0,0.9916666746139526
YIR017C,YGL171W,0,-11.947582,0.09159229695796967,1.0,0.9917948842048645
YER118C,YMR053C,0,-11.978773,0.0915815457701683,1.0,0.9919230937957764
YBR164C,YGR197C,0,-11.982435,0.09157079458236694,1.0,0.9920513033866882
YDR171W,YNL149C,0,-11.991533,0.09156004339456558,1.0,0.9921795129776001
YML118W,YDR447C,0,-12.026012,0.09154929220676422,1.0,0.9923076629638672
YNR001C,YGL030W,0,-12.051941,0.09153854846954346,1.0,0.992435872554779
YPR120C,YPL196W,0,-12.062123,0.09152781218290329,1.0,0.9925640821456909
YLR219W,YOR294W,0,-12.096647,0.09151706844568253,1.0,0.9926922917366028
YDR085C,YNL066W,0,-12.101728,0.09150633215904236,1.0,0.9928205013275146
YER054C,YDR120C,0,-12.106333,0.09149560332298279,1.0,0.9929487109184265
YIL125W,YLR003C,0,-12.108294,0.09148486703634262,1.0,0.9930769205093384
YKR046C,YJL191W,0,-12.128506,0.09147413820028305,1.0,0.9932051301002502
YNL015W,YOR004W,0,-12.14056,0.09146341681480408,1.0,0.9933333396911621
YJR070C,YDR077W,0,-12.142991,0.0914526879787445,1.0,0.993461549282074
YMR175W,YGR162W,0,-12.1482315,0.09144196659326553,1.0,0.9935897588729858
YDR231C,YGL171W,0,-12.159189,0.09143125265836716,1.0,0.9937179684638977
YJL042W,YPL043W,0,-12.166672,0.09142053127288818,1.0,0.9938461780548096
YDR365C,YHR106W,0,-12.179703,0.09140981733798981,1.0,0.9939743876457214
YIL052C,YMR175W,0,-12.180525,0.09139911085367203,1.0,0.9941025376319885
YNL248C,YDR077W,0,-12.181654,0.09138840436935425,1.0,0.9942307472229004
YLL019C,YDL213C,0,-12.192766,0.09137769788503647,1.0,0.9943589568138123
YOR275C,YBR030W,0,-12.197969,0.09136699140071869,1.0,0.9944871664047241
YDL051W,YJL102W,0,-12.219753,0.0913562923669815,1.0,0.994615375995636
YJR069C,YMR053C,0,-12.25396,0.09134559333324432,1.0,0.9947435855865479
YCL040W,YHR133C,0,-12.273787,0.09133489429950714,1.0,0.9948717951774597
YOL060C,YBR030W,0,-12.289135,0.09132420271635056,1.0,0.9950000047683716
YLL026W,YGR172C,0,-12.322487,0.09131351113319397,1.0,0.9951282143592834
YPR154W,YGR162W,0,-12.330715,0.09130281955003738,1.0,0.9952564239501953
YPR030W,YGR162W,0,-12.3458805,0.0912921354174614,1.0,0.9953846335411072
YGR123C,YMR322C,0,-12.378935,0.0912814512848854,1.0,0.995512843132019
YHR096C,YLR150W,0,-12.427906,0.09127076715230942,1.0,0.9956410527229309
YOL060C,YPR143W,0,-12.436222,0.09126009047031403,1.0,0.995769202709198
YDR022C,YJL080C,0,-12.482876,0.09124941378831863,1.0,0.9958974123001099
YGL053W,YLR222C,0,-12.50988,0.09123874455690384,1.0,0.9960256218910217
YGR268C,YHR062C,0,-12.5175495,0.09122806787490845,1.0,0.9961538314819336
YMR041C,YGL030W,0,-12.524889,0.09121739864349365,1.0,0.9962820410728455
YLR080W,YAL035W,0,-12.572251,0.09120673686265945,1.0,0.9964102506637573
YCL035C,YNL075W,0,-12.57612,0.09119607508182526,1.0,0.9965384602546692
YDL213C,YOR137C,0,-12.624657,0.09118541330099106,1.0,0.996666669845581
YNL119W,YGR270W,0,-12.699038,0.09117475152015686,1.0,0.9967948794364929
YFR014C,YJR063W,0,-12.753445,0.09116409718990326,1.0,0.9969230890274048
YBL015W,YKL143W,0,-12.77978,0.09115344285964966,1.0,0.9970512986183167
YMR041C,YPR190C,0,-12.844647,0.09114278852939606,1.0,0.9971795082092285
YPL152W,YDR120C,0,-12.849318,0.09113214164972305,1.0,0.9973077178001404
YJL020C,YER127W,0,-12.852994,0.09112149477005005,1.0,0.9974358677864075
YDR085C,YAL033W,0,-12.895611,0.09111084789037704,1.0,0.9975640773773193
YOL082W,YMR146C,0,-12.901193,0.09110020846128464,1.0,0.9976922869682312
YJL125C,YGL208W,0,-13.170135,0.09108956903219223,1.0,0.9978204965591431
YJL125C,YDL022W,0,-13.173022,0.09107893705368042,1.0,0.9979487061500549
YPL266W,YJR103W,0,-13.188839,0.09106829762458801,1.0,0.9980769157409668
YNL173C,YLR435W,0,-13.1924715,0.0910576730966568,1.0,0.9982051253318787
YKL191W,YGL006W,0,-13.227255,0.09104704111814499,1.0,0.9983333349227905
YNL055C,YCL054W,0,-13.253035,0.09103641659021378,1.0,0.9984615445137024
YBR132C,YDR361C,0,-13.328391,0.09102579206228256,1.0,0.9985897541046143
YLR080W,YNR054C,0,-13.383775,0.09101516753435135,1.0,0.9987179636955261
YBL078C,YLR150W,0,-13.393675,0.09100455045700073,1.0,0.998846173286438
YBL078C,YOR207C,0,-13.399122,0.09099393337965012,1.0,0.9989743828773499
YML118W,YIL052C,0,-13.486424,0.0909833163022995,1.0,0.9991025924682617
YKR076W,YDL201W,0,-13.541414,0.09097270667552948,1.0,0.9992307424545288
YER148W,YJL048C,0,-13.693174,0.09096209704875946,1.0,0.9993589520454407
YBR169C,YOL093W,0,-13.715083,0.09095149487257004,1.0,0.9994871616363525
YLL026W,YLR264W,0,-13.754802,0.09094088524580002,1.0,0.9996153712272644
YKR076W,YDR083W,0,-14.150349,0.0909302830696106,1.0,0.9997435808181763
YMR041C,YDL051W,0,-14.2537,0.09091968834400177,1.0,0.9998717904090881
YLR270W,YPL266W,0,-15.428904,0.09090909361839294,1.0,1.0
