Gene A,Gene B,Label,Score,Precision,Recall,False Positive Rate
YPR184W,YPL050C,1,6.169077,1.0,0.0009990009712055326,0.0
YJR143C,YBR023C,1,5.883247,1.0,0.001998001942411065,0.0
YBR015C,YJR143C,1,5.7481008,1.0,0.0029970030300319195,0.0
YOR067C,YKL004W,1,5.5553236,1.0,0.00399600388482213,0.0
YBR023C,YPL050C,1,5.5099416,1.0,0.004995005205273628,0.0
YBR015C,YOR099W,1,5.2277875,1.0,0.005994006060063839,0.0
YMR093W,YOR067C,0,5.2108045,0.8571428656578064,0.005994006060063839,0.00010001000191550702
YOR063W,YOR230W,0,5.1623044,0.75,0.005994006060063839,0.00020002000383101404
YJL002C,YDR483W,1,5.105405,0.7777777910232544,0.00699300691485405,0.00020002000383101404
YJR143C,YPR184W,1,4.8858347,0.800000011920929,0.00799200776964426,0.00020002000383101404
YDR471W,YAL015C,0,4.8290253,0.7272727489471436,0.00799200776964426,0.00030002999119460583
YLR029C,YKL056C,0,4.810208,0.6666666865348816,0.00799200776964426,0.0004000400076620281
YGR103W,YJL144W,0,4.6409874,0.6153846383094788,0.00799200776964426,0.0005000500241294503
YPR184W,YML022W,1,4.640226,0.6428571343421936,0.008991008624434471,0.0005000500241294503
YML128C,YNL248C,0,4.6269546,0.6000000238418579,0.008991008624434471,0.0006000599823892117
YDR471W,YHR160C,0,4.598365,0.5625,0.008991008624434471,0.0007000699988566339
YBR015C,YAL023C,1,4.5216618,0.5882353186607361,0.009990010410547256,0.0007000699988566339
YLR017W,YEL011W,1,4.499025,0.6111111044883728,0.010989011265337467,0.0007000699988566339
YOR355W,YBR078W,0,4.4803023,0.5789473652839661,0.010989011265337467,0.0008000800153240561
YOR224C,YBR162C,0,4.474017,0.550000011920929,0.010989011265337467,0.0009000900317914784
YOR085W,YBR023C,1,4.443956,0.5714285969734192,0.011988012120127678,0.0009000900317914784
YLR248W,YDL051W,0,4.4370546,0.5454545617103577,0.011988012120127678,0.0010001000482589006
YBR042C,YOR285W,0,4.3888364,0.52173912525177,0.011988012120127678,0.001100110006518662
YLR258W,YAL023C,1,4.333705,0.5416666865348816,0.012987012974917889,0.001100110006518662
YJL002C,YEL011W,1,4.326573,0.5600000023841858,0.0139860138297081,0.001100110006518662
YOR099W,YJR133W,1,4.292995,0.5769230723381042,0.01498501468449831,0.001100110006518662
YOR243C,YPR187W,0,4.291579,0.5555555820465088,0.01498501468449831,0.0012001199647784233
YJL002C,YDR074W,1,4.2879953,0.5714285969734192,0.01598401553928852,0.0012001199647784233
YOR099W,YDR245W,1,4.2574267,0.5862069129943848,0.016983017325401306,0.0012001199647784233
YBR126C,YDR245W,1,4.221692,0.6000000238418579,0.017982017248868942,0.0012001199647784233
YGL238W,YML128C,0,4.215259,0.5806451439857483,0.017982017248868942,0.0013001300394535065
YOR067C,YMR300C,1,4.1789513,0.59375,0.018981019034981728,0.0013001300394535065
YDR307W,YKL004W,1,4.1528163,0.6060606241226196,0.019980020821094513,0.0013001300394535065
YLR017W,YAL023C,1,4.094526,0.6176470518112183,0.02097902074456215,0.0013001300394535065
YKL181W,YOR374W,0,4.0846047,0.6000000238418579,0.02097902074456215,0.0014001399977132678
YOR067C,YDR483W,1,4.067202,0.6111111044883728,0.021978022530674934,0.0014001399977132678
YBR205W,YFR015C,1,4.0671525,0.6216216087341309,0.02297702245414257,0.0014001399977132678
YDR471W,YJL089W,0,4.059778,0.6052631735801697,0.02297702245414257,0.001500150072388351
YJR143C,YDR399W,1,3.99612,0.6153846383094788,0.023976024240255356,0.001500150072388351
YPR184W,YKL004W,1,3.987002,0.625,0.024975024163722992,0.001500150072388351
YGR032W,YML022W,1,3.973596,0.6341463327407837,0.025974025949835777,0.001500150072388351
YMR250W,YNL182C,0,3.973092,0.6190476417541504,0.025974025949835777,0.0016001600306481123
YAL012W,YPL123C,0,3.9302526,0.604651153087616,0.025974025949835777,0.0017001699889078736
YOR002W,YNL048W,1,3.9152493,0.6136363744735718,0.026973027735948563,0.0017001699889078736
YOR067C,YOR209C,1,3.8973064,0.6222222447395325,0.0279720276594162,0.0017001699889078736
YOR054C,YML056C,0,3.8971438,0.6086956262588501,0.0279720276594162,0.0018001800635829568
YAL023C,YPL227C,1,3.890645,0.6170212626457214,0.028971029445528984,0.0018001800635829568
YOR067C,YEL002C,1,3.8796716,0.625,0.02997002936899662,0.0018001800635829568
YPR184W,YGL022W,1,3.8708797,0.6326530575752258,0.030969031155109406,0.0018001800635829568
YBR243C,YAL023C,1,3.8596063,0.6399999856948853,0.03196803107857704,0.0018001800635829568
YBR126C,YML106W,1,3.856604,0.6470588445663452,0.032967034727334976,0.0018001800635829568
YOR120W,YBR205W,0,3.8428473,0.6346153616905212,0.032967034727334976,0.0019001900218427181
YJL186W,YKL004W,1,3.8179584,0.6415094137191772,0.03396603465080261,0.0019001900218427181
YJL183W,YOR321W,1,3.8110523,0.6481481194496155,0.03496503457427025,0.0019001900218427181
YPR184W,YML019W,1,3.8048835,0.6545454263687134,0.035964034497737885,0.0019001900218427181
YDR245W,YDR483W,1,3.7777457,0.6607142686843872,0.03696303814649582,0.0019001900218427181
YBR126C,YLR258W,1,3.7712975,0.6666666865348816,0.037962038069963455,0.0019001900218427181
YML106W,YKL004W,1,3.7482305,0.6724137663841248,0.03896103799343109,0.0019001900218427181
YJR143C,YER087C-A,0,3.7397165,0.6610169410705566,0.03896103799343109,0.0020002000965178013
YDR023W,YLR356W,0,3.7258987,0.6499999761581421,0.03896103799343109,0.002100209938362241
YOR103C,YJR133W,1,3.7221537,0.6557376980781555,0.039960041642189026,0.002100209938362241
YER150W,YLR448W,0,3.7206435,0.6451612710952759,0.039960041642189026,0.002200220013037324
YNL029C,YDR074W,1,3.715559,0.6507936716079712,0.04095904156565666,0.002200220013037324
YKL004W,YPL227C,1,3.7146153,0.65625,0.0419580414891243,0.002200220013037324
YCL052C,YML019W,1,3.6900344,0.6615384817123413,0.042957041412591934,0.002200220013037324
YJL045W,YNL096C,0,3.6790152,0.6515151262283325,0.042957041412591934,0.002300230087712407
YNL219C,YKL004W,1,3.6755662,0.6567164063453674,0.04395604506134987,0.002300230087712407
YHR052W,YML128C,0,3.667358,0.6470588445663452,0.04395604506134987,0.0024002399295568466
YBR015C,YDR399W,1,3.6633468,0.6521739363670349,0.044955044984817505,0.0024002399295568466
YNL219C,YOR002W,1,3.6604996,0.6571428775787354,0.04595404490828514,0.0024002399295568466
YHR202W,YLR264W,0,3.6555114,0.6478873491287231,0.04595404490828514,0.0025002500042319298
YBR015C,YJL183W,1,3.6551738,0.6527777910232544,0.046953048557043076,0.0025002500042319298
YLR345W,YLR175W,0,3.652522,0.6438356041908264,0.046953048557043076,0.002600260078907013
YHR052W,YJL141C,0,3.6494026,0.6351351141929626,0.046953048557043076,0.0027002699207514524
YGR118W,YDR329C,0,3.6416993,0.6266666650772095,0.046953048557043076,0.0028002799954265356
YNL085W,YBL064C,0,3.6347394,0.6184210777282715,0.046953048557043076,0.0029002900701016188
YJR031C,YER044C,0,3.6337924,0.6103895902633667,0.046953048557043076,0.003000300144776702
YOR085W,YNL192W,1,3.619567,0.6153846383094788,0.04795204848051071,0.003000300144776702
YBR205W,YEL036C,1,3.6170158,0.6202531456947327,0.04895104840397835,0.003000300144776702
YNL162W,YPR026W,0,3.6102018,0.612500011920929,0.04895104840397835,0.0031003099866211414
YMR300C,YDL095W,1,3.5983949,0.6172839403152466,0.049950048327445984,0.0031003099866211414
YMR292W,YPL089C,0,3.594007,0.6097561120986938,0.049950048327445984,0.0032003200612962246
YNL149C,YMR105C,0,3.5858889,0.6024096608161926,0.049950048327445984,0.0033003301359713078
YBR015C,YEL002C,1,3.5802398,0.6071428656578064,0.05094905197620392,0.0033003301359713078
YOR103C,YDR245W,1,3.573854,0.6117647290229797,0.051948051899671555,0.0033003301359713078
YOR103C,YPL227C,1,3.5618868,0.6162790656089783,0.05294705182313919,0.0033003301359713078
YOR067C,YAL023C,1,3.5573616,0.6206896305084229,0.053946055471897125,0.0033003301359713078
YLR293C,YIL053W,0,3.550714,0.6136363744735718,0.053946055471897125,0.0034003399778157473
YOR209C,YNR030W,1,3.5475488,0.617977499961853,0.05494505539536476,0.0034003399778157473
YDR204W,YNL308C,0,3.529193,0.6111111044883728,0.05494505539536476,0.0035003500524908304
YGR124W,YGL123W,0,3.5179076,0.6043956279754639,0.05494505539536476,0.0036003601271659136
YPR043W,YGR161C,0,3.5056748,0.5978260636329651,0.05494505539536476,0.003700369969010353
YML115C,YDL095W,1,3.4886737,0.602150559425354,0.0559440553188324,0.003700369969010353
YOR099W,YJL186W,1,3.4885688,0.6063829660415649,0.056943055242300034,0.003700369969010353
YLR432W,YMR105C,0,3.4783745,0.6000000238418579,0.056943055242300034,0.0038003800436854362
YNR059W,YPL050C,1,3.4728184,0.6041666865348816,0.05794205889105797,0.0038003800436854362
YGR155W,YOR096W,0,3.461667,0.5979381203651428,0.05794205889105797,0.0039003901183605194
YLR249W,YAL008W,0,3.4589524,0.5918367505073547,0.05794205889105797,0.004000400193035603
YBR243C,YBR126C,1,3.4541655,0.5959596037864685,0.058941058814525604,0.004000400193035603
YAL023C,YML022W,1,3.4470062,0.6000000238418579,0.05994005873799324,0.004000400193035603
YDL123W,YDR064W,0,3.4207597,0.594059407711029,0.05994005873799324,0.004100410267710686
YOR310C,YOR386W,0,3.420189,0.5882353186607361,0.05994005873799324,0.004200419876724482
YGL058W,YDR178W,0,3.403987,0.582524299621582,0.05994005873799324,0.004300429951399565
YOR103C,YNR030W,1,3.3982754,0.5865384340286255,0.060939062386751175,0.004300429951399565
YBR126C,YPL227C,1,3.3731713,0.5904762148857117,0.06193806231021881,0.004300429951399565
YCL059C,YNL194C,0,3.3729196,0.5849056839942932,0.06193806231021881,0.004400440026074648
YGL213C,YHR181W,0,3.3660212,0.5794392228126526,0.06193806231021881,0.004500450100749731
YOR320C,YOR099W,1,3.3295174,0.5833333134651184,0.06293706595897675,0.004500450100749731
YOR067C,YNL192W,1,3.3254566,0.5871559381484985,0.06393606215715408,0.004500450100749731
YML115C,YOR099W,1,3.3164043,0.5909090638160706,0.06493506580591202,0.004500450100749731
YDL093W,YDR245W,1,3.3098178,0.5945945978164673,0.06593406945466995,0.004500450100749731
YEL002C,YPL050C,1,3.3067713,0.5982142686843872,0.06693306565284729,0.004500450100749731
YHR128W,YLR189C,1,3.3047366,0.6017699241638184,0.06793206930160522,0.004500450100749731
YOR079C,YOR273C,0,3.2973094,0.5964912176132202,0.06793206930160522,0.004600460175424814
YJR143C,YEL002C,1,3.296853,0.6000000238418579,0.06893106549978256,0.004600460175424814
YBR015C,YDR245W,1,3.2889643,0.6034482717514038,0.0699300691485405,0.004600460175424814
YOR085W,YLR189C,1,3.288783,0.6068376302719116,0.07092907279729843,0.004600460175424814
YJL137C,YKL004W,1,3.2825317,0.6101694703102112,0.07192806899547577,0.004600460175424814
YJR143C,YJL002C,1,3.281673,0.6134454011917114,0.0729270726442337,0.004600460175424814
YDR297W,YDR497C,0,3.2695765,0.6083333492279053,0.0729270726442337,0.004700470250099897
YML019W,YKR058W,1,3.2465587,0.6115702390670776,0.07392607629299164,0.004700470250099897
YCL052C,YAL023C,1,3.245988,0.6147540807723999,0.07492507249116898,0.004700470250099897
YDR233C,YER162C,0,3.243075,0.6097561120986938,0.07492507249116898,0.004800479859113693
YML106W,YML022W,1,3.2419648,0.6129032373428345,0.07592407613992691,0.004800479859113693
YML100W,YGL022W,1,3.2295556,0.6159999966621399,0.07692307978868484,0.004800479859113693
YDR245W,YLR189C,1,3.2272968,0.6190476417541504,0.07792207598686218,0.004800479859113693
YGR007W,YML052W,0,3.2228537,0.6141732335090637,0.07792207598686218,0.004900489933788776
YOL009C,YGR118W,0,3.2223535,0.609375,0.07792207598686218,0.0050005000084638596
YML022W,YPL227C,1,3.2172413,0.6124030947685242,0.07892107963562012,0.0050005000084638596
YFR030W,YOR232W,0,3.2171893,0.607692301273346,0.07892107963562012,0.005100510083138943
YML019W,YFR015C,1,3.2134004,0.6106870174407959,0.07992008328437805,0.005100510083138943
YML115C,YDR074W,1,3.208444,0.6136363744735718,0.08091907948255539,0.005100510083138943
YLR292C,YJL183W,0,3.2058587,0.6090225577354431,0.08091907948255539,0.005200520157814026
YJR139C,YLR413W,0,3.1980767,0.60447758436203,0.08091907948255539,0.005300530232489109
YMR300C,YBR023C,1,3.1976204,0.6074073910713196,0.08191808313131332,0.005300530232489109
YOR085W,YDR074W,1,3.1938758,0.6102941036224365,0.08291707932949066,0.005300530232489109
YML100W,YNL029C,1,3.1861553,0.6131386756896973,0.0839160829782486,0.005300530232489109
YDR399W,YML019W,1,3.1857529,0.6159420013427734,0.08491508662700653,0.005300530232489109
YJR143C,YOR002W,1,3.1835537,0.6187050342559814,0.08591408282518387,0.005300530232489109
YGR285C,YJR066W,0,3.1794038,0.6142857074737549,0.08591408282518387,0.005400539841502905
YJL002C,YGR199W,1,3.1714363,0.6170212626457214,0.0869130864739418,0.005400539841502905
YER055C,YML106W,1,3.1575422,0.6197183132171631,0.08791209012269974,0.005400539841502905
YML106W,YDR483W,1,3.1472092,0.6223776340484619,0.08891108632087708,0.005400539841502905
YGR216C,YDR483W,1,3.1455636,0.625,0.08991008996963501,0.005400539841502905
YGR118W,YHR064C,0,3.14533,0.6206896305084229,0.08991008996963501,0.005500549916177988
YGR199W,YDR245W,1,3.143621,0.6232876777648926,0.09090909361839294,0.005500549916177988
YBR015C,YOR103C,1,3.1385455,0.6258503198623657,0.09190808981657028,0.005500549916177988
YJL002C,YKR058W,1,3.13456,0.6283783912658691,0.09290709346532822,0.005500549916177988
YHR202W,YMR142C,0,3.1281705,0.6241610646247864,0.09290709346532822,0.005600559990853071
YDR441C,YDR074W,1,3.127285,0.6266666650772095,0.09390609711408615,0.005600559990853071
YHR202W,YKL004W,0,3.1202035,0.6225165724754333,0.09390609711408615,0.005700570065528154
YEL002C,YGL022W,1,3.1192985,0.625,0.09490509331226349,0.005700570065528154
YML115C,YDR307W,1,3.0997238,0.6274510025978088,0.09590409696102142,0.005700570065528154
YML115C,YLR258W,1,3.0978413,0.6298701167106628,0.09690310060977936,0.005700570065528154
YOR209C,YAL023C,1,3.0951767,0.6322580575942993,0.0979020968079567,0.005700570065528154
YML106W,YBR004C,1,3.0943274,0.6346153616905212,0.09890110045671463,0.005700570065528154
YLR291C,YKL080W,0,3.094129,0.6305732727050781,0.09890110045671463,0.0058005801402032375
YDL055C,YOL082W,0,3.0888486,0.6265822649002075,0.09890110045671463,0.005900590214878321
YPL053C,YOR002W,1,3.0872908,0.6289308071136475,0.09990009665489197,0.005900590214878321
YHR170W,YGR194C,0,3.0821195,0.625,0.09990009665489197,0.006000600289553404
YCL052C,YOR099W,1,3.0800147,0.6273291707038879,0.1008991003036499,0.006000600289553404
YKR058W,YML022W,1,3.0798416,0.6296296119689941,0.10189810395240784,0.006000600289553404
YER002W,YBR169C,0,3.0710993,0.6257668733596802,0.10189810395240784,0.0061006098985672
YDL003W,YDL085W,0,3.066566,0.6219512224197388,0.10189810395240784,0.006200619973242283
YML100W,YDR074W,1,3.0555935,0.6242424249649048,0.10289710015058517,0.006200619973242283
YJL002C,YOR002W,1,3.050899,0.6265060305595398,0.10389610379934311,0.006200619973242283
YOR265W,YFR030W,0,3.049955,0.6227545142173767,0.10389610379934311,0.006300630047917366
YOR168W,YGR175C,0,3.0413332,0.6190476417541504,0.10389610379934311,0.006400640122592449
YER055C,YLR258W,1,3.0410333,0.6213017702102661,0.10489510744810104,0.006400640122592449
YBR023C,YDR245W,1,3.0380158,0.6235294342041016,0.10589410364627838,0.006400640122592449
YOR085W,YBR205W,1,3.031755,0.6257309913635254,0.10689310729503632,0.006400640122592449
YBL082C,YDR399W,1,3.0274487,0.6279069781303406,0.10789211094379425,0.006400640122592449
YBR023C,YGL022W,1,3.0250564,0.6300578117370605,0.10889110714197159,0.006400640122592449
YGR288W,YOL127W,0,3.0204754,0.6264367699623108,0.10889110714197159,0.006500650197267532
YBR243C,YEL002C,1,3.0161133,0.6285714507102966,0.10989011079072952,0.006500650197267532
YBR243C,YBR196C,0,2.9941535,0.625,0.10989011079072952,0.0066006602719426155
YOR151C,YER178W,0,2.9915004,0.6214689016342163,0.10989011079072952,0.006700669880956411
YGR218W,YBR205W,0,2.9912848,0.617977499961853,0.10989011079072952,0.0068006799556314945
YOR067C,YML115C,1,2.9813638,0.6201117038726807,0.11088911443948746,0.0068006799556314945
YHR138C,YGR229C,0,2.9753718,0.6166666746139526,0.11088911443948746,0.006900690030306578
YNL012W,YLR183C,0,2.9699378,0.6132596731185913,0.11088911443948746,0.007000700104981661
YBR149W,YER145C,0,2.9676638,0.6098901033401489,0.11088911443948746,0.007100710179656744
YIL064W,YKL150W,0,2.9650402,0.6065573692321777,0.11088911443948746,0.007200720254331827
YCL052C,YDR399W,1,2.9633555,0.6086956262588501,0.1118881106376648,0.007200720254331827
YDR287W,YDR064W,0,2.9596872,0.6054053902626038,0.1118881106376648,0.007300729863345623
YKL029C,YJL158C,0,2.9551754,0.602150559425354,0.1118881106376648,0.007400739938020706
YML115C,YDR245W,1,2.9471436,0.6042780876159668,0.11288711428642273,0.007400739938020706
YML019W,YKL004W,1,2.9311848,0.6063829660415649,0.11388611048460007,0.007400739938020706
YBR015C,YLR017W,1,2.9309855,0.6084656119346619,0.114885114133358,0.007400739938020706
YOL093W,YOL084W,0,2.9232507,0.6052631735801697,0.114885114133358,0.007500750012695789
YGR106C,YNL322C,0,2.9216795,0.6020942330360413,0.114885114133358,0.0076007600873708725
YDR399W,YJL137C,1,2.912736,0.6041666865348816,0.11588411778211594,0.0076007600873708725
YML070W,YOR063W,0,2.9126263,0.6010362505912781,0.11588411778211594,0.007700770162045956
YNL023C,YMR261C,0,2.911542,0.5979381203651428,0.11588411778211594,0.007800780236721039
YEL002C,YOR099W,1,2.9089518,0.6000000238418579,0.11688311398029327,0.007800780236721039
YMR300C,YOR002W,1,2.9078498,0.6020408272743225,0.11788211762905121,0.007800780236721039
YJL002C,YIL014W,1,2.9047542,0.6040608882904053,0.11888112127780914,0.007800780236721039
YFL044C,YBR173C,0,2.9039025,0.6010100841522217,0.11888112127780914,0.007900790311396122
YGL021W,YER025W,0,2.9012723,0.5979899764060974,0.11888112127780914,0.008000800386071205
YDR297W,YMR243C,0,2.8988085,0.5950000286102295,0.11888112127780914,0.008100810460746288
YDL093W,YGR216C,1,2.8961787,0.5970149040222168,0.11988011747598648,0.008100810460746288
YMR300C,YFR015C,1,2.8899632,0.5990098714828491,0.12087912112474442,0.008100810460746288
YML124C,YBR023C,0,2.8878546,0.5960590839385986,0.12087912112474442,0.008200820535421371
YBR243C,YPL076W,1,2.8869457,0.5980392098426819,0.12187812477350235,0.008200820535421371
YOR085W,YML115C,1,2.8805132,0.6000000238418579,0.12287712097167969,0.008200820535421371
YPL186C,YLR291C,0,2.8722453,0.5970873832702637,0.12287712097167969,0.00830082967877388
YBR048W,YPL092W,0,2.8582249,0.5942028760910034,0.12287712097167969,0.008400839753448963
YJL137C,YJL183W,1,2.8528442,0.5961538553237915,0.12387612462043762,0.008400839753448963
YMR131C,YHR171W,0,2.8478417,0.5933014154434204,0.12387612462043762,0.008500849828124046
YDR307W,YDR245W,1,2.845058,0.5952380895614624,0.12487512826919556,0.008500849828124046
YBR061C,YKL060C,0,2.844801,0.5924170613288879,0.12487512826919556,0.00860085990279913
YGR158C,YKL085W,0,2.8393698,0.5896226167678833,0.12487512826919556,0.008700869977474213
YML101C,YOR193W,0,2.8361359,0.5868544578552246,0.12487512826919556,0.008800880052149296
YGR106C,YPR198W,0,2.8295188,0.5841121673583984,0.12487512826919556,0.008900890126824379
YGR245C,YGR103W,0,2.8267279,0.5813953280448914,0.12487512826919556,0.009000900201499462
YNR043W,YDL107W,0,2.818368,0.5787037014961243,0.12487512826919556,0.009100910276174545
YPL226W,YBR084W,0,2.8172593,0.5760368704795837,0.12487512826919556,0.009200920350849628
YPL053C,YOR103C,1,2.816,0.5779816508293152,0.1258741319179535,0.009200920350849628
YOR320C,YGR216C,1,2.812811,0.5799086689949036,0.12687312066555023,0.009200920350849628
YML100W,YBR126C,1,2.8125806,0.581818163394928,0.12787212431430817,0.009200920350849628
YIL043C,YGR086C,0,2.8115745,0.5791855454444885,0.12787212431430817,0.009300930425524712
YOR085W,YGL022W,1,2.8076596,0.5810810923576355,0.1288711279630661,0.009300930425524712
YHR096C,YAL025C,0,2.8032837,0.5784753561019897,0.1288711279630661,0.009400940500199795
YNL219C,YBR243C,1,2.8024669,0.5803571343421936,0.12987013161182404,0.009400940500199795
YML019W,YDR245W,1,2.8001838,0.5822222232818604,0.13086913526058197,0.009400940500199795
YMR020W,YDR454C,0,2.7988482,0.5796459913253784,0.13086913526058197,0.009500949643552303
YGL022W,YKR058W,1,2.7963295,0.5814977884292603,0.1318681389093399,0.009500949643552303
YBR149W,YER070W,0,2.7940392,0.5789473652839661,0.1318681389093399,0.009600959718227386
YOR103C,YOR232W,0,2.7896495,0.5764192342758179,0.1318681389093399,0.00970096979290247
YBR126C,YOR209C,1,2.7807431,0.5782608985900879,0.13286712765693665,0.00970096979290247
YGL022W,YEL036C,1,2.777462,0.5800865888595581,0.13386613130569458,0.00970096979290247
YJR068W,YMR220W,0,2.7765756,0.5775862336158752,0.13386613130569458,0.009800979867577553
YDR399W,YKL004W,1,2.7630577,0.5793991684913635,0.13486513495445251,0.009800979867577553
YPR184W,YGL257C,1,2.7626286,0.5811966061592102,0.13586413860321045,0.009800979867577553
YNL010W,YER095W,0,2.760303,0.5787234306335449,0.13586413860321045,0.009900989942252636
YOR085W,YPL050C,1,2.7573233,0.5805084705352783,0.13686314225196838,0.009900989942252636
YOL098C,YFR050C,0,2.7548203,0.5780590772628784,0.13686314225196838,0.010001000016927719
YNL280C,YJR131W,0,2.7463722,0.575630247592926,0.13686314225196838,0.010101010091602802
YOR287C,YJL141C,0,2.7459946,0.573221743106842,0.13686314225196838,0.010201020166277885
YGL022W,YFR015C,1,2.7459464,0.574999988079071,0.13786213099956512,0.010201020166277885
YPL028W,YGL010W,0,2.7442646,0.5726141333580017,0.13786213099956512,0.010301030240952969
YDR471W,YPL240C,0,2.740991,0.5702479481697083,0.13786213099956512,0.010401040315628052
YOR297C,YJR015W,0,2.738995,0.5679012537002563,0.13786213099956512,0.010501050390303135
YGR194C,YBR162W-A,0,2.7382188,0.5655737519264221,0.13786213099956512,0.010601060464978218
YBR023C,YDR483W,1,2.7362452,0.5673469305038452,0.13886113464832306,0.010601060464978218
YDR150W,YDL075W,0,2.732966,0.565040647983551,0.13886113464832306,0.010701070539653301
YLR327C,YIL118W,0,2.7306886,0.5627530217170715,0.13886113464832306,0.01080107968300581
YBR126C,YDL095W,1,2.7286472,0.5645161271095276,0.139860138297081,0.01080107968300581
YML115C,YDR297W,0,2.7284966,0.5622490048408508,0.139860138297081,0.010901089757680893
YEL002C,YPL227C,1,2.7237763,0.5640000104904175,0.14085914194583893,0.010901089757680893
YOR326W,YMR205C,0,2.723199,0.56175297498703,0.14085914194583893,0.011001099832355976
YDR454C,YOR320C,0,2.7203178,0.5595238208770752,0.14085914194583893,0.01110110990703106
YDR107C,YKL191W,0,2.7194781,0.5573122501373291,0.14085914194583893,0.011201119981706142
YAL033W,YDR190C,0,2.71844,0.5551180839538574,0.14085914194583893,0.011301130056381226
YBR126C,YGL022W,1,2.7178488,0.5568627715110779,0.14185814559459686,0.011301130056381226
YLR220W,YOR310C,0,2.7067099,0.5546875,0.14185814559459686,0.011401140131056309
YPL183C,YDR517W,0,2.7042437,0.5525291562080383,0.14185814559459686,0.011501150205731392
YHR170W,YDR465C,0,2.703423,0.5503876209259033,0.14185814559459686,0.011601160280406475
YNL029C,YPR184W,1,2.694965,0.5521235466003418,0.1428571492433548,0.011601160280406475
YML115C,YOR209C,1,2.6940808,0.5538461804389954,0.14385613799095154,0.011601160280406475
YKL004W,YOR321W,1,2.692195,0.5555555820465088,0.14485514163970947,0.011601160280406475
YNL328C,YKR094C,0,2.68361,0.5534350872039795,0.14485514163970947,0.011701170355081558
YLR017W,YIL014W,1,2.6824112,0.5551331043243408,0.1458541452884674,0.011701170355081558
YIL133C,YJL103C,0,2.676919,0.5530303120613098,0.1458541452884674,0.011801180429756641
YFL014W,YOR036W,0,2.6754265,0.5509433746337891,0.1458541452884674,0.011901190504431725
YJR149W,YPL220W,0,2.665584,0.548872172832489,0.1458541452884674,0.012001200579106808
YBL082C,YIL014W,1,2.6641035,0.550561785697937,0.14685314893722534,0.012001200579106808
YOR103C,YOR320C,1,2.6636906,0.5522388219833374,0.14785215258598328,0.012001200579106808
YPL050C,YOR321W,1,2.662243,0.553903341293335,0.1488511562347412,0.012001200579106808
YMR149W,YFR015C,1,2.6622353,0.5555555820465088,0.14985014498233795,0.012001200579106808
YJR143C,YBR001C,0,2.658177,0.553505539894104,0.14985014498233795,0.012101209722459316
YGR264C,YKR066C,0,2.657124,0.5514705777168274,0.14985014498233795,0.0122012197971344
YEL051W,YDR341C,0,2.6568217,0.5494505763053894,0.14985014498233795,0.012301229871809483
YMR149W,YAL023C,1,2.6568203,0.5510948896408081,0.1508491486310959,0.012301229871809483
YNL247W,YPR187W,0,2.6524553,0.5490909218788147,0.1508491486310959,0.012401239946484566
YOR079C,YMR261C,0,2.6501322,0.5471014380455017,0.1508491486310959,0.012501250021159649
YML106W,YDR307W,1,2.6449013,0.5487364530563354,0.15184815227985382,0.012501250021159649
YKR058W,YKL004W,1,2.6394424,0.5503597259521484,0.15284715592861176,0.012501250021159649
YOR149C,YPL050C,1,2.6391635,0.5519713163375854,0.1538461595773697,0.012501250021159649
YIL109C,YAL063C,0,2.638485,0.550000011920929,0.1538461595773697,0.012601260095834732
YER055C,YPL057C,1,2.63826,0.5516014099121094,0.15484514832496643,0.012601260095834732
YPR132W,YPL262W,0,2.6304421,0.5496453642845154,0.15484514832496643,0.012701270170509815
YGL257C,YGL022W,1,2.6301146,0.5512367486953735,0.15584415197372437,0.012701270170509815
YJR143C,YIL014W,1,2.629993,0.5528169274330139,0.1568431556224823,0.012701270170509815
YPL220W,YOL121C,0,2.629702,0.5508772134780884,0.1568431556224823,0.012801280245184898
YBR015C,YDR074W,1,2.6287026,0.5524475574493408,0.15784215927124023,0.012801280245184898
YNL219C,YPR160W,1,2.6279078,0.5540069937705994,0.15884116291999817,0.012801280245184898
YFR047C,YKL004W,1,2.6254997,0.5555555820465088,0.1598401665687561,0.012801280245184898
YOR320C,YEL011W,1,2.6244845,0.5570934414863586,0.16083915531635284,0.012801280245184898
YJL183W,YNL048W,1,2.6232753,0.5586206912994385,0.16183815896511078,0.012801280245184898
YNL029C,YBR023C,1,2.61481,0.5601374506950378,0.1628371626138687,0.012801280245184898
YGL257C,YJL183W,1,2.6130452,0.5616438388824463,0.16383616626262665,0.012801280245184898
YFR015C,YIL047C,0,2.6124678,0.5597269535064697,0.16383616626262665,0.012901290319859982
YBR243C,YJL183W,1,2.6115637,0.5612244606018066,0.16483516991138458,0.012901290319859982
YDR399W,YDR245W,1,2.6075106,0.5627118349075317,0.16583415865898132,0.012901290319859982
YNR021W,YBR055C,0,2.6027508,0.5608108043670654,0.16583415865898132,0.013001300394535065
YCL052C,YKL004W,1,2.6020322,0.5622895359992981,0.16683316230773926,0.013001300394535065
YJL196C,YDR463W,0,2.5998688,0.5604026913642883,0.16683316230773926,0.013101310469210148
YLR350W,YDR245W,0,2.5981126,0.5585284233093262,0.16683316230773926,0.013201320543885231
YBL089W,YNR021W,0,2.5961518,0.5566666722297668,0.16683316230773926,0.01330132968723774
YMR149W,YGR216C,1,2.595768,0.5581395626068115,0.1678321659564972,0.01330132968723774
YNL110C,YHL032C,0,2.5950565,0.556291401386261,0.1678321659564972,0.013401339761912823
YIR014W,YML060W,0,2.5949726,0.5544554591178894,0.1678321659564972,0.013501349836587906
YOR085W,YBR126C,1,2.5935621,0.5559210777282715,0.16883116960525513,0.013501349836587906
YBR205W,YJL002C,1,2.5893526,0.5573770403862,0.16983017325401306,0.013501349836587906
YJR133W,YDR245W,1,2.5890574,0.5588235259056091,0.170829176902771,0.013501349836587906
YLR345W,YMR076C,0,2.587429,0.5570032596588135,0.170829176902771,0.013601359911262989
YLR183C,YDL215C,0,2.5834198,0.5551947951316833,0.170829176902771,0.013701369985938072
YPL050C,YDR508C,0,2.5832844,0.553398072719574,0.170829176902771,0.013801380060613155
YML115C,YGL022W,1,2.5812821,0.5548387169837952,0.17182816565036774,0.013801380060613155
YPL177C,YOR168W,0,2.5795593,0.553054690361023,0.17182816565036774,0.013901390135288239
YMR110C,YDR165W,0,2.5751848,0.5512820482254028,0.17182816565036774,0.014001400209963322
YML080W,YBR046C,0,2.5735388,0.5495207905769348,0.17182816565036774,0.014101410284638405
YGR245C,YLR100W,0,2.5711737,0.5477706789970398,0.17182816565036774,0.014201420359313488
YBR205W,YDR307W,1,2.5644841,0.5492063760757446,0.17282716929912567,0.014201420359313488
YPR016C,YMR221C,0,2.561123,0.547468364238739,0.17282716929912567,0.014301430433988571
YDL095W,YEL036C,1,2.554336,0.5488958954811096,0.1738261729478836,0.014301430433988571
YMR149W,YMR306W,1,2.5541358,0.5503144860267639,0.17482517659664154,0.014301430433988571
YOR239W,YLR270W,0,2.5510135,0.5485893487930298,0.17482517659664154,0.014401440508663654
YDR091C,YGL111W,0,2.5473557,0.546875,0.17482517659664154,0.014501450583338737
YPL001W,YGL225W,0,2.5470757,0.545171320438385,0.17482517659664154,0.014601459726691246
YNL149C,YDR330W,0,2.5357819,0.54347825050354,0.17482517659664154,0.01470146980136633
YFR033C,YAL029C,0,2.5343394,0.5417956709861755,0.17482517659664154,0.014801479876041412
YMR149W,YLR189C,1,2.5312624,0.5432098507881165,0.17582418024539948,0.014801479876041412
YER053C,YIL148W,0,2.5298238,0.5415384769439697,0.17582418024539948,0.014901489950716496
YIL136W,YOR039W,0,2.5297384,0.5398772954940796,0.17582418024539948,0.015001500025391579
YPL053C,YNL048W,1,2.5272765,0.5412843823432922,0.1768231838941574,0.015001500025391579
YGR167W,YEL058W,0,2.5209112,0.5396341681480408,0.1768231838941574,0.015101510100066662
YER126C,YER025W,0,2.5208726,0.5379939079284668,0.1768231838941574,0.015201520174741745
YOR246C,YOL142W,0,2.5200381,0.5363636612892151,0.1768231838941574,0.015301530249416828
YAL003W,YAL054C,0,2.5030494,0.5347431898117065,0.1768231838941574,0.015401540324091911
YLR008C,YDR262W,0,2.5012608,0.5331325531005859,0.1768231838941574,0.015501550398766994
YDR023W,YFR049W,0,2.4992714,0.5315315127372742,0.1768231838941574,0.015601560473442078
YKL094W,YLR048W,0,2.4961877,0.529940128326416,0.1768231838941574,0.015701569616794586
YHR128W,YJL137C,1,2.495841,0.5313432812690735,0.17782217264175415,0.015701569616794586
YDR510W,YER051W,0,2.485818,0.5297619104385376,0.17782217264175415,0.015801580622792244
YOR217W,YDR400W,0,2.4840765,0.5281898975372314,0.17782217264175415,0.015901589766144753
YER056C-A,YOL154W,0,2.4839725,0.526627242565155,0.17782217264175415,0.01600160077214241
YBR283C,YGR204W,0,2.4821568,0.525073766708374,0.17782217264175415,0.01610160991549492
YMR098C,YHR133C,0,2.480453,0.5235294103622437,0.17782217264175415,0.016201620921492577
YGR142W,YLR432W,0,2.4795184,0.5219941139221191,0.17782217264175415,0.016301630064845085
YPR167C,YLR286C,0,2.4790301,0.5204678177833557,0.17782217264175415,0.016401641070842743
YGR032W,YIL018W,0,2.4702592,0.5189504623413086,0.17782217264175415,0.01650165021419525
YHL003C,YLR244C,0,2.4697523,0.5174418687820435,0.17782217264175415,0.01660165935754776
YNL153C,YAL054C,0,2.4656625,0.5159420371055603,0.17782217264175415,0.016701670363545418
YLR083C,YEL001C,0,2.4632125,0.5144508481025696,0.17782217264175415,0.016801679506897926
YIL136W,YPL091W,0,2.4619126,0.5129683017730713,0.17782217264175415,0.016901690512895584
YMR149W,YMR271C,1,2.4616642,0.5143678188323975,0.17882117629051208,0.016901690512895584
YDR018C,YMR300C,0,2.454352,0.5128939747810364,0.17882117629051208,0.017001699656248093
YHR033W,YBR048W,0,2.4538865,0.5114285945892334,0.17882117629051208,0.01710171066224575
YFR047C,YPL050C,1,2.4534602,0.5128205418586731,0.17982017993927002,0.01710171066224575
YGL148W,YJL005W,0,2.452136,0.5113636255264282,0.17982017993927002,0.01720171980559826
YDR533C,YLL026W,0,2.4480467,0.5099149942398071,0.17982017993927002,0.017301730811595917
YIR036C,YGR162W,0,2.4470825,0.508474588394165,0.17982017993927002,0.017401739954948425
YBR004C,YML022W,1,2.4470549,0.5098591446876526,0.18081918358802795,0.017401739954948425
YKR027W,YKL217W,0,2.442575,0.5084269642829895,0.18081918358802795,0.017501750960946083
YGR044C,YBR267W,0,2.441815,0.5070028305053711,0.18081918358802795,0.01760176010429859
YJL197W,YOR047C,0,2.441175,0.505586564540863,0.18081918358802795,0.0177017692476511
YGR199W,YPL227C,1,2.4400892,0.5069637894630432,0.1818181872367859,0.0177017692476511
YMR300C,YOR320C,1,2.4386148,0.5083333253860474,0.18281717598438263,0.0177017692476511
YBR087W,YER088C,0,2.4369593,0.5069252252578735,0.18281717598438263,0.017801780253648758
YHR028C,YLR448W,0,2.434557,0.5055248737335205,0.18281717598438263,0.017901789397001266
YDL084W,YOL129W,0,2.4338799,0.5041322112083435,0.18281717598438263,0.018001800402998924
YPR163C,YLR009W,0,2.4280496,0.5027472376823425,0.18281717598438263,0.018101809546351433
YKL172W,YCR075C,0,2.4265404,0.501369833946228,0.18281717598438263,0.01820182055234909
YDR441C,YJL186W,1,2.4236784,0.5027322173118591,0.18381617963314056,0.01820182055234909
YKL141W,YPL075W,0,2.422328,0.5013623833656311,0.18381617963314056,0.0183018296957016
YJR143C,YLL034C,0,2.4212236,0.5,0.18381617963314056,0.018401840701699257
YBR015C,YLR342W,1,2.4174757,0.501354992389679,0.1848151832818985,0.018401840701699257
YLR083C,YKL172W,0,2.4168577,0.5,0.1848151832818985,0.018501849845051765
YPL226W,YBR187W,0,2.410089,0.49865227937698364,0.1848151832818985,0.018601860851049423
YBR243C,YDR307W,1,2.408636,0.5,0.18581418693065643,0.018601860851049423
YDR025W,YKR069W,0,2.4063888,0.49865952134132385,0.18581418693065643,0.018701869994401932
YJL221C,YOL120C,0,2.405477,0.49732619524002075,0.18581418693065643,0.01880188100039959
YLR043C,YBR114W,0,2.404728,0.4959999918937683,0.18581418693065643,0.018901890143752098
YNL219C,YLR017W,1,2.4039183,0.4973404109477997,0.18681319057941437,0.018901890143752098
YHR114W,YBR078W,0,2.4034863,0.49602121114730835,0.18681319057941437,0.019001899287104607
YGR032W,YDR307W,1,2.4030032,0.49735450744628906,0.1878121942281723,0.019001899287104607
YLR009W,YOR096W,0,2.4009824,0.4960422217845917,0.1878121942281723,0.019101910293102264
YOR002W,YGL022W,1,2.4004998,0.4973684251308441,0.18881118297576904,0.019101910293102264
YBL058W,YBR187W,0,2.3932948,0.4960629940032959,0.18881118297576904,0.019201919436454773
YOL061W,YPR128C,0,2.39248,0.49476438760757446,0.18881118297576904,0.01930193044245243
YPL143W,YGR144W,0,2.3924737,0.4934725761413574,0.18881118297576904,0.01940193958580494
YBR243C,YNR030W,1,2.3923345,0.4947916567325592,0.18981018662452698,0.01940193958580494
YDR044W,YHR202W,0,2.3911242,0.4935064911842346,0.18981018662452698,0.019501950591802597
YNL292W,YMR105C,0,2.3875365,0.4922279715538025,0.18981018662452698,0.019601959735155106
YDL024C,YLR008C,0,2.386869,0.49095606803894043,0.18981018662452698,0.019701970741152763
YNL259C,YGR244C,0,2.3849826,0.48969072103500366,0.18981018662452698,0.019801979884505272
YJL167W,YAL026C,0,2.3833718,0.4884318709373474,0.18981018662452698,0.01990199089050293
YDR107C,YHR170W,0,2.3810873,0.4871794879436493,0.18981018662452698,0.020002000033855438
YBR023C,YHR009C,0,2.3799067,0.4859335124492645,0.18981018662452698,0.020102011039853096
YOR310C,YNL219C,0,2.3784437,0.48469388484954834,0.18981018662452698,0.020202020183205605
YML100W,YNR030W,1,2.3784084,0.48600509762763977,0.1908091902732849,0.020202020183205605
YPR184W,YLR258W,1,2.374467,0.48730963468551636,0.19180819392204285,0.020202020183205605
YOR103C,YEL011W,1,2.3744388,0.48860758543014526,0.19280719757080078,0.020202020183205605
YMR149W,YOR209C,1,2.3742423,0.4898989796638489,0.19380620121955872,0.020202020183205605
YBL075C,YMR300C,0,2.3733435,0.48866498470306396,0.19380620121955872,0.020302029326558113
YDR444W,YGR208W,0,2.3710585,0.4874371886253357,0.19380620121955872,0.02040204033255577
YBL089W,YJL080C,0,2.3669968,0.4862155318260193,0.19380620121955872,0.02050204947590828
YJL183W,YGR216C,1,2.366004,0.48750001192092896,0.19480518996715546,0.02050204947590828
YDL095W,YKR099W,0,2.3654451,0.4862842857837677,0.19480518996715546,0.020602060481905937
YOR002W,YLR342W,1,2.3643894,0.4875621795654297,0.1958041936159134,0.020602060481905937
YOR132W,YLL045C,0,2.3629012,0.4863523542881012,0.1958041936159134,0.020702069625258446
YLR276C,YBR223C,0,2.3516817,0.48514851927757263,0.1958041936159134,0.020802080631256104
YDL208W,YIL039W,0,2.350287,0.4839506149291992,0.1958041936159134,0.020902089774608612
YJR094W-A,YBR286W,0,2.3470821,0.48275861144065857,0.1958041936159134,0.02100210078060627
YBL082C,YIL085C,1,2.3450465,0.48402947187423706,0.19680319726467133,0.02100210078060627
YOR067C,YEL011W,1,2.342288,0.4852941036224365,0.19780220091342926,0.02100210078060627
YPL129W,YNR001C,0,2.3363323,0.4841075837612152,0.19780220091342926,0.02110210992395878
YGR260W,YNL308C,0,2.335197,0.4829268157482147,0.19780220091342926,0.021202120929956436
YLR220W,YOL077C,0,2.3348722,0.48175182938575745,0.19780220091342926,0.021302130073308945
YDL095W,YEL011W,1,2.3345618,0.4830096960067749,0.1988012045621872,0.021302130073308945
YNL311C,YOR136W,0,2.3334894,0.48184019327163696,0.1988012045621872,0.021402141079306602
YJL164C,YDR033W,0,2.333435,0.4806763231754303,0.1988012045621872,0.02150215022265911
YFL037W,YJL125C,0,2.3319745,0.4795180857181549,0.1988012045621872,0.02160215936601162
YGL016W,YGR159C,0,2.329986,0.47836539149284363,0.1988012045621872,0.021702170372009277
YAL054C,YLR249W,0,2.3290505,0.4772182106971741,0.1988012045621872,0.021802179515361786
YBR243C,YBR199W,1,2.3285809,0.4784688949584961,0.19980019330978394,0.021802179515361786
YDL046W,YGR285C,0,2.3261185,0.4773269593715668,0.19980019330978394,0.021902190521359444
YGR199W,YNL048W,1,2.3256488,0.47857141494750977,0.20079919695854187,0.021902190521359444
YFR015C,YHR206W,0,2.3249187,0.4774346649646759,0.20079919695854187,0.022002199664711952
YCL052C,YML022W,1,2.3210244,0.47867298126220703,0.2017982006072998,0.022002199664711952
YDL095W,YDR483W,1,2.320488,0.4799054265022278,0.20279720425605774,0.022002199664711952
YGR199W,YJL186W,1,2.3196816,0.4811320900917053,0.20379620790481567,0.022002199664711952
YJR133W,YLR100W,0,2.318099,0.47999998927116394,0.20379620790481567,0.02210221067070961
YGL022W,YNL048W,1,2.317864,0.48122066259384155,0.2047952115535736,0.02210221067070961
YML055W,YLR047C,0,2.3150225,0.48009368777275085,0.2047952115535736,0.02220221981406212
YBR004C,YPL050C,1,2.314405,0.4813084006309509,0.20579420030117035,0.02220221981406212
YJL183W,YDR307W,1,2.3112879,0.4825174808502197,0.20679320394992828,0.02220221981406212
YML019W,YOR209C,1,2.31045,0.48372092843055725,0.20779220759868622,0.02220221981406212
YHR017W,YER074W,0,2.3050942,0.48259860277175903,0.20779220759868622,0.022302230820059776
YGL189C,YLR028C,0,2.3027425,0.48148149251937866,0.20779220759868622,0.022402239963412285
YOR099W,YIL085C,1,2.2981133,0.48267897963523865,0.20879121124744415,0.022402239963412285
YKL034W,YLR221C,0,2.2969623,0.48156681656837463,0.20879121124744415,0.022502250969409943
YMR149W,YOR085W,1,2.295669,0.48275861144065857,0.2097902148962021,0.022502250969409943
YAL022C,YLR060W,0,2.2951674,0.4816513657569885,0.2097902148962021,0.02260226011276245
YDL206W,YDR144C,0,2.293939,0.4805491864681244,0.2097902148962021,0.02270227111876011
YOR320C,YJR133W,1,2.2826457,0.4817351698875427,0.21078920364379883,0.02270227111876011
YLR258W,YGR216C,1,2.2821712,0.4829157292842865,0.21178820729255676,0.02270227111876011
YBL082C,YML022W,1,2.2811322,0.4840908944606781,0.2127872109413147,0.02270227111876011
YNL219C,YGL022W,1,2.280623,0.4852607846260071,0.21378621459007263,0.02270227111876011
YLR085C,YFR047C,0,2.278871,0.4841628968715668,0.21378621459007263,0.022802280262112617
YOR034C,YHR147C,0,2.2777896,0.4830699861049652,0.21378621459007263,0.022902289405465126
YPR160W,YJL183W,1,2.2769866,0.4842342436313629,0.21478521823883057,0.022902289405465126
YDR307W,YNR030W,1,2.27671,0.4853932559490204,0.2157842218875885,0.022902289405465126
YFR049W,YHR052W,0,2.276237,0.48430493474006653,0.2157842218875885,0.023002300411462784
YIL088C,YDL189W,0,2.2749329,0.48322147130966187,0.2157842218875885,0.023102309554815292
YDR399W,YLR258W,1,2.2746477,0.484375,0.21678321063518524,0.023102309554815292
YEL051W,YGR208W,0,2.2736897,0.4832962155342102,0.21678321063518524,0.02320232056081295
YGL142C,YGR227W,1,2.2710457,0.48444443941116333,0.21778221428394318,0.02320232056081295
YDL093W,YOL142W,0,2.269599,0.48337027430534363,0.21778221428394318,0.02330232970416546
YJR118C,YBR055C,0,2.2678971,0.48230087757110596,0.21778221428394318,0.023402340710163116
YNL331C,YJL208C,0,2.2658386,0.48123618960380554,0.21778221428394318,0.023502349853515625
YJR075W,YML100W,1,2.2649035,0.48237884044647217,0.2187812179327011,0.023502349853515625
YER117W,YNL117W,0,2.2627773,0.4813186824321747,0.2187812179327011,0.023602360859513283
YNL162W,YIR017C,0,2.258852,0.4802631437778473,0.2187812179327011,0.02370237000286579
YPL076W,YBR159W,0,2.2583494,0.4792122542858124,0.2187812179327011,0.02380238100886345
YBR086C,YPR138C,0,2.2580447,0.4781659245491028,0.2187812179327011,0.023902390152215958
YKR101W,YKL138C,0,2.2568226,0.4771241843700409,0.2187812179327011,0.024002401158213615
YOR085W,YAL023C,1,2.2558346,0.47826087474823,0.21978022158145905,0.024002401158213615
YBR199W,YLR017W,1,2.253436,0.4793926179409027,0.22077922523021698,0.024002401158213615
YOR103C,YFR015C,1,2.2534227,0.48051947355270386,0.22177822887897491,0.024002401158213615
YDR188W,YLL026W,0,2.253415,0.47948163747787476,0.22177822887897491,0.024102410301566124
YDR399W,YOR099W,1,2.2521238,0.4806034564971924,0.22277721762657166,0.024102410301566124
YBR205W,YBR004C,1,2.2501779,0.4817204177379608,0.2237762212753296,0.024102410301566124
YHR190W,YEL001C,0,2.249206,0.4806866943836212,0.2237762212753296,0.024202419444918633
YJR075W,YDR399W,1,2.2474804,0.4817987084388733,0.22477522492408752,0.024202419444918633
YBL072C,YPL117C,0,2.2426062,0.48076921701431274,0.22477522492408752,0.02430243045091629
YJL183W,YOR149C,1,2.241445,0.48187634348869324,0.22577422857284546,0.02430243045091629
YPR149W,YPL043W,0,2.2397494,0.48085105419158936,0.22577422857284546,0.0244024395942688
YPL169C,YDR178W,0,2.2396145,0.47983014583587646,0.22577422857284546,0.024502450600266457
YGR086C,YML018C,0,2.2381325,0.4788135588169098,0.22577422857284546,0.024602459743618965
YOR067C,YJL137C,1,2.2375393,0.47991544008255005,0.2267732322216034,0.024602459743618965
YER038C,YNL301C,0,2.236271,0.4789029657840729,0.2267732322216034,0.024702470749616623
YJL002C,YOR149C,1,2.235177,0.47999998927116394,0.22777222096920013,0.024702470749616623
YBR149W,YDR226W,0,2.2350044,0.4789915978908539,0.22777222096920013,0.02480247989296913
YKL096W-A,YPL143W,0,2.2347412,0.4779874086380005,0.22777222096920013,0.02490249089896679
YOR209C,YOR149C,1,2.2345538,0.4790794849395752,0.22877122461795807,0.02490249089896679
YGR063C,YDL040C,0,2.2313318,0.47807931900024414,0.22877122461795807,0.025002500042319298
YLR345W,YBR030W,0,2.2307153,0.47708332538604736,0.22877122461795807,0.025102511048316956
YPL163C,YNL248C,0,2.2290583,0.4760914742946625,0.22877122461795807,0.025202520191669464
YDL145C,YNR041C,0,2.2282176,0.4751037359237671,0.22877122461795807,0.025302529335021973
YOL045W,YOR087W,0,2.2266974,0.4741200804710388,0.22877122461795807,0.02540254034101963
YJR143C,YBR205W,1,2.2253442,0.4752066135406494,0.229770228266716,0.02540254034101963
YEL039C,YER025W,0,2.2249599,0.47422680258750916,0.229770228266716,0.02550254948437214
YGR142W,YNL219C,0,2.2248497,0.47325101494789124,0.229770228266716,0.025602560490369797
YML124C,YJL048C,0,2.2202945,0.47227925062179565,0.229770228266716,0.025702569633722305
YGR178C,YBR243C,0,2.2198658,0.4713114798069,0.229770228266716,0.025802580639719963
YHR179W,YHR069C,0,2.2194085,0.47034764289855957,0.229770228266716,0.02590258978307247
YPL153C,YPL087W,0,2.2173166,0.4693877696990967,0.229770228266716,0.02600260078907013
YHR116W,YBR205W,0,2.2171693,0.4684317708015442,0.229770228266716,0.026102609932422638
YLR344W,YOR347C,0,2.2167063,0.4674796760082245,0.229770228266716,0.026202620938420296
YJL002C,YEL036C,1,2.2160954,0.4685598313808441,0.23076923191547394,0.026202620938420296
YHR020W,YOR323C,0,2.21348,0.4676113426685333,0.23076923191547394,0.026302630081772804
YJR013W,YGR032W,1,2.2130136,0.46868687868118286,0.23176823556423187,0.026302630081772804
YOR119C,YLR417W,0,2.2125983,0.4677419364452362,0.23176823556423187,0.026402641087770462
YDR245W,YKL004W,1,2.2101321,0.46881288290023804,0.2327672392129898,0.026402641087770462
YGL180W,YNL307C,0,2.2095437,0.4678714871406555,0.2327672392129898,0.02650265023112297
YDL145C,YJL094C,0,2.2078652,0.46693387627601624,0.2327672392129898,0.02660265937447548
YGR094W,YLR102C,0,2.2069888,0.4659999907016754,0.2327672392129898,0.026702670380473137
YPL050C,YPL057C,1,2.2022352,0.46706587076187134,0.23376622796058655,0.026702670380473137
YOR085W,YML106W,1,2.201764,0.4681274890899658,0.23476523160934448,0.026702670380473137
YGL211W,YNR002C,0,2.1999993,0.46719682216644287,0.23476523160934448,0.026802679523825645
YPR043W,YIR039C,0,2.1994705,0.466269850730896,0.23476523160934448,0.026902690529823303
YPR137W,YOR347C,0,2.1977434,0.4653465449810028,0.23476523160934448,0.027002699673175812
YLL026W,YGL147C,0,2.1976395,0.4644268751144409,0.23476523160934448,0.02710271067917347
YOR270C,YER174C,0,2.1971397,0.4635108411312103,0.23476523160934448,0.027202719822525978
YJR042W,YBR248C,0,2.185907,0.46259841322898865,0.23476523160934448,0.027302730828523636
YJR016C,YDR083W,0,2.185482,0.4616895914077759,0.23476523160934448,0.027402739971876144
YHR096C,YOL144W,0,2.1849713,0.46078431606292725,0.23476523160934448,0.027502750977873802
YOL124C,YOL142W,0,2.1833043,0.45988258719444275,0.23476523160934448,0.02760276012122631
YMR300C,YBR070C,1,2.1831598,0.4609375,0.23576423525810242,0.02760276012122631
YML019W,YPL175W,1,2.1823592,0.46198830008506775,0.23676323890686035,0.02760276012122631
YDL031W,YOR386W,0,2.1807566,0.46108949184417725,0.23676323890686035,0.02770277112722397
YGL028C,YML113W,0,2.1804276,0.4601941704750061,0.23676323890686035,0.027802780270576477
YCR053W,YGR281W,0,2.1754017,0.4593023359775543,0.23676323890686035,0.027902789413928986
YNR059W,YKL004W,1,2.17451,0.4603481590747833,0.2377622425556183,0.027902789413928986
YKL103C,YLR384C,0,2.1706395,0.45945945382118225,0.2377622425556183,0.028002800419926643
YLR208W,YMR296C,0,2.170457,0.45857417583465576,0.2377622425556183,0.028102809563279152
YEL002C,YML022W,1,2.169621,0.4596153795719147,0.23876124620437622,0.028102809563279152
YLL048C,YOR101W,0,2.1691694,0.4587332010269165,0.23876124620437622,0.02820282056927681
YLR073C,YGL151W,0,2.1685157,0.45785441994667053,0.23876124620437622,0.028302829712629318
YMR149W,YIL108W,0,2.1664052,0.456978976726532,0.23876124620437622,0.028402840718626976
YJR143C,YNR059W,1,2.1642604,0.4580152630805969,0.23976023495197296,0.028402840718626976
YOR227W,YLL008W,0,2.1620927,0.4571428596973419,0.23976023495197296,0.028502849861979485
YGL031C,YIL094C,0,2.1594896,0.45627376437187195,0.23976023495197296,0.028602860867977142
YHL032C,YLR292C,0,2.159133,0.455407977104187,0.23976023495197296,0.02870287001132965
YMR005W,YDR414C,0,2.158845,0.4545454680919647,0.23976023495197296,0.02880288101732731
YNL219C,YCL052C,1,2.1577125,0.4555765688419342,0.2407592386007309,0.02880288101732731
YML106W,YOR209C,1,2.1559544,0.4566037654876709,0.24175824224948883,0.02880288101732731
YER052C,YLR291C,0,2.1557941,0.4557438790798187,0.24175824224948883,0.028902890160679817
YER055C,YAL023C,1,2.1551924,0.45676690340042114,0.24275724589824677,0.028902890160679817
YDR245W,YEL036C,1,2.1507707,0.45778611302375793,0.2437562495470047,0.028902890160679817
YPR016C,YNL025C,0,2.1503334,0.4569288492202759,0.2437562495470047,0.029002901166677475
YFR018C,YJL136C,0,2.1493325,0.4560747742652893,0.2437562495470047,0.029102910310029984
YHR170W,YOR046C,0,2.1482816,0.4552238881587982,0.2437562495470047,0.029202919453382492
YLR080W,YDR378C,0,2.145205,0.4543761610984802,0.2437562495470047,0.02930293045938015
YOL139C,YLR134W,0,2.1433353,0.4535315930843353,0.2437562495470047,0.02940293960273266
YCL017C,YKL062W,0,2.1397266,0.45269015431404114,0.2437562495470047,0.029502950608730316
YBR061C,YCR075C,0,2.1395516,0.45185184478759766,0.2437562495470047,0.029602959752082825
YNL207W,YOR334W,0,2.1390595,0.4510166347026825,0.2437562495470047,0.029702970758080482
YER007C-A,YOR127W,0,2.138165,0.45018449425697327,0.2437562495470047,0.02980297990143299
YNL219C,YEL011W,1,2.1375127,0.4511970579624176,0.24475523829460144,0.02980297990143299
YBL069W,YPR005C,0,2.132793,0.45036765933036804,0.24475523829460144,0.02990299090743065
YMR032W,YMR094W,0,2.1305723,0.44954127073287964,0.24475523829460144,0.030003000050783157
YJL002C,YPR183W,1,2.1272693,0.450549453496933,0.24575424194335938,0.030003000050783157
YOL103W,YPL244C,0,2.1271749,0.44972577691078186,0.24575424194335938,0.030103011056780815
YOR049C,YNL102W,0,2.1266036,0.4489051103591919,0.24575424194335938,0.030203020200133324
YDR261C,YGL172W,0,2.124848,0.4480874240398407,0.24575424194335938,0.03030303120613098
YOR332W,YOR099W,0,2.1228018,0.44727271795272827,0.24575424194335938,0.03040304034948349
YOR297C,YIL088C,0,2.1204557,0.4464609920978546,0.24575424194335938,0.030503049492836
YNL322C,YPL113C,0,2.1200705,0.44565218687057495,0.24575424194335938,0.030603060498833656
YDR369C,YBR078W,0,2.119429,0.4448463022708893,0.24575424194335938,0.030703069642186165
YDR018C,YLR044C,0,2.1194067,0.4440433084964752,0.24575424194335938,0.030803080648183823
YGR159C,YPL019C,0,2.1139803,0.44324323534965515,0.24575424194335938,0.03090308979153633
YEL002C,YBR070C,1,2.1123772,0.4442445933818817,0.2467532455921173,0.03090308979153633
YJR139C,YOL040C,0,2.1059632,0.4434470236301422,0.2467532455921173,0.03100310079753399
YBR283C,YDL143W,0,2.1053343,0.44265231490135193,0.2467532455921173,0.031103109940886497
YLR017W,YGL022W,1,2.104804,0.44364938139915466,0.24775224924087524,0.031103109940886497
YOR320C,YBR287W,0,2.1023865,0.44285714626312256,0.24775224924087524,0.031203120946884155
YPL013C,YNL236W,0,2.098874,0.4420677423477173,0.24775224924087524,0.031303130090236664
YFL038C,YOR382W,0,2.0985303,0.44128113985061646,0.24775224924087524,0.03140313923358917
YBL079W,YGL246C,0,2.0985088,0.44049733877182007,0.24775224924087524,0.03150315210223198
YOR002W,YKL194C,0,2.0959249,0.43971630930900574,0.24775224924087524,0.03160316124558449
YBR159W,YNR037C,0,2.0935268,0.43893805146217346,0.24775224924087524,0.031703170388936996
YIL069C,YOR019W,0,2.093091,0.43816253542900085,0.24775224924087524,0.031803179532289505
YLR409C,YMR322C,0,2.0930753,0.4373897612094879,0.24775224924087524,0.031903188675642014
YNL302C,YNL243W,0,2.0868077,0.43661972880363464,0.24775224924087524,0.03200320154428482
YJL137C,YOR149C,1,2.0848746,0.43760985136032104,0.24875125288963318,0.03200320154428482
YGR178C,YKR088C,0,2.0840564,0.4368421137332916,0.24875125288963318,0.03210321068763733
YKL168C,YLR061W,0,2.082388,0.4360770583152771,0.24875125288963318,0.03220321983098984
YGL112C,YOR096W,0,2.0815434,0.43531468510627747,0.24875125288963318,0.032303228974342346
YPL090C,YDR086C,0,2.0800982,0.43455496430397034,0.24875125288963318,0.03240324184298515
YKR061W,YOR085W,1,2.0783892,0.4355400800704956,0.2497502565383911,0.03240324184298515
YJL137C,YLR342W,1,2.0762343,0.4365217387676239,0.25074926018714905,0.03240324184298515
YGL022W,YDR483W,1,2.0723844,0.4375,0.251748263835907,0.03240324184298515
YNL192W,YLR058C,0,2.071908,0.43674176931381226,0.251748263835907,0.03250325098633766
YLL045C,YJL034W,0,2.0692196,0.43598616123199463,0.251748263835907,0.03260326012969017
YKL006C-A,YGL210W,0,2.0688677,0.43523314595222473,0.251748263835907,0.03270326927304268
YPR160W,YML019W,1,2.0675168,0.4362069070339203,0.2527472674846649,0.03270326927304268
YKR061W,YML019W,1,2.063713,0.43717727065086365,0.25374624133110046,0.03270326927304268
YJL005W,YGR055W,0,2.0636673,0.4364261031150818,0.25374624133110046,0.032803282141685486
YDL124W,YPR119W,0,2.0554466,0.43567752838134766,0.25374624133110046,0.032903291285037994
YJL144W,YMR221C,0,2.0533175,0.43493151664733887,0.25374624133110046,0.0330033004283905
YCL052C,YLR342W,1,2.0531025,0.43589743971824646,0.2547452449798584,0.0330033004283905
YOR191W,YER044C,0,2.052969,0.4351535737514496,0.2547452449798584,0.03310330957174301
YIL038C,YLR367W,0,2.0506124,0.43441227078437805,0.2547452449798584,0.03320331871509552
YOR085W,YIL085C,1,2.0498176,0.4353741407394409,0.25574424862861633,0.03320331871509552
YOR167C,YDR151C,0,2.0466895,0.4346349835395813,0.25574424862861633,0.03330333158373833
YDR400W,YDR201W,0,2.0463028,0.43389829993247986,0.25574424862861633,0.033403340727090836
YPL135W,YDL060W,0,2.0462823,0.433164119720459,0.25574424862861633,0.033503349870443344
YML106W,YJL139C,1,2.045855,0.43412160873413086,0.25674325227737427,0.033503349870443344
YLR150W,YER055C,0,2.0442839,0.4333895444869995,0.25674325227737427,0.03360335901379585
YDL148C,YDR325W,0,2.0440989,0.43265992403030396,0.25674325227737427,0.03370337188243866
YNL180C,YJL121C,0,2.0431976,0.4319327771663666,0.25674325227737427,0.03380338102579117
YJR075W,YOR209C,1,2.0400505,0.43288591504096985,0.2577422559261322,0.03380338102579117
YBR061C,YGL106W,0,2.0393586,0.43216079473495483,0.2577422559261322,0.03390339016914368
YDL031W,YPR005C,0,2.0374947,0.4314381182193756,0.2577422559261322,0.034003399312496185
YGL142C,YPL053C,1,2.0339446,0.4323873221874237,0.25874125957489014,0.034003399312496185
YGR260W,YJL080C,0,2.033749,0.43166667222976685,0.25874125957489014,0.03410341218113899
YHR020W,YNL077W,0,2.0322967,0.430948406457901,0.25874125957489014,0.0342034213244915
YDR410C,YNL192W,0,2.0318217,0.43023255467414856,0.25874125957489014,0.03430343046784401
YBR069C,YDL141W,0,2.0306444,0.42951905727386475,0.25874125957489014,0.03440343961119652
YCR057C,YLR120C,0,2.029385,0.42880794405937195,0.25874125957489014,0.034503448754549026
YMR136W,YIL134W,0,2.028112,0.4280991852283478,0.25874125957489014,0.034603461623191833
YGR009C,YML063W,0,2.0263429,0.42739275097846985,0.25874125957489014,0.03470347076654434
YDR292C,YHL032C,0,2.0259233,0.42668864130973816,0.25874125957489014,0.03480347990989685
YER180C,YJL183W,0,2.0227628,0.4259868562221527,0.25874125957489014,0.03490348905324936
YHR128W,YML115C,1,2.0187545,0.42692938446998596,0.25974026322364807,0.03490348905324936
YBL082C,YKR058W,1,2.0168738,0.4278688430786133,0.260739266872406,0.03490348905324936
YOR247W,YNL096C,0,2.0168433,0.4271685779094696,0.260739266872406,0.035003501921892166
YHR170W,YJL192C,0,2.0138788,0.4264705777168274,0.260739266872406,0.035103511065244675
YPR198W,YBR196C,0,2.0136518,0.42577487230300903,0.260739266872406,0.03520352020859718
YJL198W,YOR358W,0,2.0119019,0.42508143186569214,0.260739266872406,0.03530352935194969
YER001W,YJR013W,1,2.0103931,0.42601627111434937,0.26173827052116394,0.03530352935194969
YDR059C,YIR038C,0,2.00767,0.4253246784210205,0.26173827052116394,0.0354035384953022
YCL034W,YBR034C,0,2.0070496,0.4246353209018707,0.26173827052116394,0.03550355136394501
YIL148W,YER025W,0,2.0057392,0.4239482283592224,0.26173827052116394,0.035603560507297516
YDR297W,YLR197W,0,2.0045938,0.4232633411884308,0.26173827052116394,0.035703569650650024
YBR283C,YLR212C,0,2.0044012,0.42258065938949585,0.26173827052116394,0.03580357879400253
YLR441C,YLR054C,0,2.0035672,0.4219001531600952,0.26173827052116394,0.03590359166264534
YDR399W,YBR038W,1,1.9994124,0.4228295683860779,0.2627372741699219,0.03590359166264534
YOR002W,YAL023C,1,1.998958,0.42375603318214417,0.2637362778186798,0.03590359166264534
YPL050C,YLR153C,0,1.9972438,0.42307692766189575,0.2637362778186798,0.03600360080599785
YMR284W,YPL198W,0,1.9965125,0.42239999771118164,0.2637362778186798,0.03610360994935036
YML019W,YJL186W,1,1.9960731,0.4233226776123047,0.26473525166511536,0.03610360994935036
YMR300C,YGL022W,1,1.9949898,0.42424243688583374,0.2657342553138733,0.03610360994935036
YLR344W,YBR297W,0,1.9937223,0.42356687784194946,0.2657342553138733,0.036203619092702866
YOR085W,YOR103C,1,1.992792,0.4244832992553711,0.2667332589626312,0.036203619092702866
YBR087W,YBR006W,0,1.9915825,0.4238095283508301,0.2667332589626312,0.03630363196134567
YPR160W,YJR143C,1,1.9897784,0.42472267150878906,0.26773226261138916,0.03630363196134567
YMR145C,YJR132W,0,1.9889776,0.42405062913894653,0.26773226261138916,0.03640364110469818
YJR013W,YPR184W,1,1.9853243,0.42496049404144287,0.2687312662601471,0.03640364110469818
YFR047C,YOR209C,1,1.9840173,0.42586749792099,0.26973026990890503,0.03640364110469818
YLR017W,YML022W,1,1.9826258,0.4267716407775879,0.27072927355766296,0.03640364110469818
YIR037W,YJL085W,0,1.9815723,0.42610064148902893,0.27072927355766296,0.03650365024805069
YDR376W,YEL038W,0,1.9815229,0.4254316985607147,0.27072927355766296,0.0366036593914032
YNL273W,YHR001W-A,0,1.9795424,0.4247649013996124,0.27072927355766296,0.03670366853475571
YJR063W,YNL117W,0,1.9784864,0.4241001605987549,0.27072927355766296,0.036803681403398514
YOR336W,YER001W,1,1.978305,0.42500001192092896,0.2717282772064209,0.036803681403398514
YJL164C,YDR021W,0,1.9782437,0.4243369698524475,0.2717282772064209,0.03690369054675102
YGL111W,YJL134W,0,1.9779261,0.4236760139465332,0.2717282772064209,0.03700369969010353
YBR243C,YLR189C,1,1.974459,0.42457231879234314,0.27272728085517883,0.03700369969010353
YOR143C,YPL147W,0,1.9737552,0.42391303181648254,0.27272728085517883,0.03710370883345604
YPL010W,YDR019C,0,1.9728931,0.4232558012008667,0.27272728085517883,0.037203721702098846
YGL142C,YBR110W,1,1.9722811,0.4241486191749573,0.27372628450393677,0.037203721702098846
YOR236W,YPR132W,0,1.9719542,0.42349305748939514,0.27372628450393677,0.037303730845451355
YMR136W,YDR226W,0,1.9715756,0.422839492559433,0.27372628450393677,0.037403739988803864
YPL183C,YML004C,0,1.9692727,0.4221879839897156,0.27372628450393677,0.03750374913215637
YGL027C,YDR234W,0,1.9689609,0.42153847217559814,0.27372628450393677,0.03760376200079918
YMR218C,YLR192C,0,1.9686402,0.4208909273147583,0.27372628450393677,0.03770377114415169
YIL014W,YML022W,1,1.9658612,0.42177915573120117,0.2747252881526947,0.03770377114415169
YBR248C,YDR245W,1,1.9656941,0.422664612531662,0.27572426199913025,0.03770377114415169
YMR300C,YML019W,1,1.9654828,0.4235473871231079,0.2767232656478882,0.03770377114415169
YPR006C,YJL200C,0,1.9650127,0.4229007661342621,0.2767232656478882,0.037803780287504196
YDR134C,YNL007C,0,1.9648772,0.42225611209869385,0.2767232656478882,0.037903789430856705
YGR264C,YIR012W,0,1.9646653,0.4216133952140808,0.2767232656478882,0.03800379857420921
YMR300C,YEL036C,1,1.9643377,0.4224924147129059,0.2777222692966461,0.03800379857420921
YOR374W,YDR071C,0,1.9634417,0.4218512773513794,0.2777222692966461,0.03810381144285202
YNL162W,YDR384C,0,1.961625,0.4212121069431305,0.2777222692966461,0.03820382058620453
YMR274C,YJL219W,0,1.9612256,0.4205748736858368,0.2777222692966461,0.03830382972955704
YKL039W,YOR046C,0,1.9599956,0.4199395775794983,0.2777222692966461,0.038403838872909546
YER115C,YKL150W,0,1.958259,0.4193061888217926,0.2777222692966461,0.03850385174155235
YFR045W,YML125C,0,1.9579324,0.4186747074127197,0.2777222692966461,0.03860386088490486
YNL219C,YLR258W,1,1.9574057,0.4195488691329956,0.27872127294540405,0.03860386088490486
YBL072C,YGL196W,0,1.9557348,0.4189189076423645,0.27872127294540405,0.03870387002825737
YIL136W,YGR188C,0,1.9553093,0.4182908535003662,0.27872127294540405,0.03880387917160988
YBR189W,YMR264W,0,1.955098,0.41766467690467834,0.27872127294540405,0.038903892040252686
YOL076W,YAL062W,0,1.9540199,0.4170403480529785,0.27872127294540405,0.039003901183605194
YOR085W,YNL048W,1,1.9523593,0.41791045665740967,0.279720276594162,0.039003901183605194
YNL029C,YOR321W,1,1.952073,0.4187779426574707,0.2807192802429199,0.039003901183605194
YPL101W,YBL080C,0,1.9515837,0.418154776096344,0.2807192802429199,0.0391039103269577
YDL084W,YNL248C,0,1.9496773,0.41753342747688293,0.2807192802429199,0.03920391947031021
YCR046C,YOL142W,0,1.9469668,0.4169139564037323,0.2807192802429199,0.03930392861366272
YIL009W,YPL207W,0,1.9454914,0.4162963032722473,0.2807192802429199,0.03940394148230553
YGR286C,YDR372C,0,1.9438256,0.415680468082428,0.2807192802429199,0.039503950625658035
YOR252W,YDR129C,0,1.942747,0.4150664806365967,0.2807192802429199,0.039603959769010544
YGR124W,YDL008W,0,1.9426204,0.41445428133010864,0.2807192802429199,0.03970396891236305
YBR009C,YGR288W,0,1.9421376,0.41384389996528625,0.2807192802429199,0.03980398178100586
YMR307W,YHR171W,0,1.9419283,0.41323530673980713,0.2807192802429199,0.03990399092435837
YHR169W,YLR100W,0,1.9385151,0.41262850165367126,0.2807192802429199,0.040004000067710876
YFR047C,YKL078W,0,1.9368936,0.4120234549045563,0.2807192802429199,0.040104009211063385
YPR184W,YJL006C,0,1.9353083,0.41142019629478455,0.2807192802429199,0.04020402207970619
YOR224C,YKL001C,0,1.9345499,0.4108187258243561,0.2807192802429199,0.0403040312230587
YDR002W,YHR106W,0,1.9345468,0.4102189838886261,0.2807192802429199,0.04040404036641121
YBL082C,YEL036C,1,1.9344393,0.41107872128486633,0.28171828389167786,0.04040404036641121
YGR154C,YIL021W,0,1.9319161,0.4104803502559662,0.28171828389167786,0.04050404950976372
YOR285W,YOR262W,0,1.9295884,0.4098837077617645,0.28171828389167786,0.040604058653116226
YJR075W,YBR248C,1,1.9283494,0.4107401967048645,0.2827172875404358,0.040604058653116226
YLR150W,YHR021C,0,1.9275225,0.4101449251174927,0.2827172875404358,0.04070407152175903
YBR084W,YHR001W-A,0,1.9272026,0.40955138206481934,0.2827172875404358,0.04080408066511154
YJL129C,YOR334W,0,1.9267997,0.4089595377445221,0.2827172875404358,0.04090408980846405
YGR234W,YGL010W,0,1.9218572,0.40836942195892334,0.2827172875404358,0.04100409895181656
YDR399W,YDR074W,1,1.9201828,0.409221887588501,0.2837162911891937,0.04100409895181656
YER001W,YAL023C,1,1.9189566,0.4100719392299652,0.28471529483795166,0.04100409895181656
YDR056C,YDR248C,0,1.9181486,0.4094827473163605,0.28471529483795166,0.041104111820459366
YKL138C,YKR027W,0,1.9166459,0.40889525413513184,0.28471529483795166,0.041204120963811874
YBL076C,YGR034W,0,1.915775,0.4083094596862793,0.28471529483795166,0.04130413010716438
YBR092C,YKR037C,0,1.9155039,0.40772533416748047,0.28471529483795166,0.04140413925051689
YML106W,YJL186W,1,1.9152845,0.40857142210006714,0.2857142984867096,0.04140413925051689
YPL028W,YBL060W,0,1.9152426,0.407988578081131,0.2857142984867096,0.0415041521191597
YPR133W-A,YER061C,0,1.9142345,0.40740740299224854,0.2857142984867096,0.04160416126251221
YDR234W,YNL015W,0,1.9142109,0.4068278670310974,0.2857142984867096,0.041704170405864716
YER056C-A,YAL015C,0,1.9105672,0.40625,0.2857142984867096,0.041804179549217224
YIR014W,YPL208W,0,1.9072709,0.4056737720966339,0.2857142984867096,0.04190418869256973
YLR251W,YBL054W,0,1.903499,0.40509915351867676,0.2857142984867096,0.04200420156121254
YNL223W,YPL239W,0,1.903107,0.4045261740684509,0.2857142984867096,0.04210421070456505
YJL121C,YGR020C,0,1.9029931,0.40395480394363403,0.2857142984867096,0.04220421984791756
YJL191W,YBR218C,0,1.9025557,0.4033850431442261,0.2857142984867096,0.042304228991270065
YER127W,YNL173C,0,1.9015418,0.40281689167022705,0.2857142984867096,0.04240424185991287
YDR380W,YNL062C,0,1.8996025,0.40225034952163696,0.2857142984867096,0.04250425100326538
YNR017W,YDR381W,0,1.8994728,0.4016853868961334,0.2857142984867096,0.04260426014661789
YGR032W,YDL095W,1,1.8990408,0.40252453088760376,0.28671327233314514,0.04260426014661789
YOR168W,YCL052C,0,1.8966844,0.4019607901573181,0.28671327233314514,0.0427042692899704
YNL291C,YCL008C,0,1.895565,0.40139859914779663,0.28671327233314514,0.042804282158613205
YBL039C,YOR320C,0,1.8943015,0.4008379876613617,0.28671327233314514,0.042904291301965714
YOR357C,YLL055W,0,1.8898993,0.4002789258956909,0.28671327233314514,0.04300430044531822
YNL246W,YGR037C,0,1.8893393,0.3997214436531067,0.28671327233314514,0.04310430958867073
YDR441C,YDR399W,1,1.8889529,0.4005563259124756,0.2877122759819031,0.04310430958867073
YGL225W,YER046W,0,1.8883189,0.4000000059604645,0.2877122759819031,0.04320431873202324
YPL206C,YPL196W,0,1.8881088,0.39944520592689514,0.2877122759819031,0.043304331600666046
YNL029C,YOR002W,1,1.8871523,0.4002770185470581,0.288711279630661,0.043304331600666046
YPR110C,YDR279W,0,1.8868197,0.3997233808040619,0.288711279630661,0.043404340744018555
YBR126C,YNL048W,1,1.8860134,0.4005524814128876,0.28971028327941895,0.043404340744018555
YIL087C,YPL019C,0,1.8853995,0.4000000059604645,0.28971028327941895,0.04350434988737106
YLR330W,YDR487C,0,1.8815118,0.39944905042648315,0.28971028327941895,0.04360435903072357
YKR085C,YOR241W,0,1.8803633,0.3988995850086212,0.28971028327941895,0.04370437189936638
YDR201W,YJL080C,0,1.8801204,0.39835163950920105,0.28971028327941895,0.04380438104271889
YDL078C,YML120C,0,1.8757138,0.39780521392822266,0.28971028327941895,0.043904390186071396
YAR018C,YER068W,0,1.8754882,0.39726027846336365,0.28971028327941895,0.044004399329423904
YNL273W,YGL191W,0,1.8736444,0.396716833114624,0.28971028327941895,0.04410441219806671
YDR064W,YDR172W,0,1.8724778,0.3961748778820038,0.28971028327941895,0.04420442134141922
YNR016C,YKL183W,0,1.8714507,0.39563438296318054,0.28971028327941895,0.04430443048477173
YNL238W,YDR090C,0,1.8707837,0.3950953781604767,0.28971028327941895,0.04440443962812424
YMR149W,YPL057C,1,1.8699701,0.3959183692932129,0.2907092869281769,0.04440443962812424
YPR184W,YOR103C,1,1.8694797,0.39673912525177,0.2917082905769348,0.04440443962812424
YOL102C,YPL123C,0,1.8681542,0.3962008059024811,0.2917082905769348,0.044504448771476746
YER031C,YHR133C,0,1.8659254,0.39566394686698914,0.2917082905769348,0.04460446164011955
YOR209C,YGR199W,1,1.8655517,0.3964817225933075,0.29270729422569275,0.04460446164011955
YPL092W,YNR055C,0,1.8625869,0.3959459364414215,0.29270729422569275,0.04470447078347206
YGL195W,YLR367W,0,1.8600852,0.3954116106033325,0.29270729422569275,0.04480447992682457
YCL052C,YER055C,1,1.8580629,0.3962264060974121,0.2937062978744507,0.04480447992682457
YBR015C,YEL036C,1,1.8572959,0.3970390260219574,0.2947053015232086,0.04480447992682457
YMR081C,YMR125W,0,1.8566452,0.3965053856372833,0.2947053015232086,0.04490448907017708
YOR315W,YPR191W,0,1.8565553,0.3959731459617615,0.2947053015232086,0.045004501938819885
YDR441C,YBR015C,1,1.855434,0.39678284525871277,0.29570430517196655,0.045004501938819885
YGL257C,YKL004W,1,1.8534001,0.39759036898612976,0.2967033088207245,0.045004501938819885
YHR128W,YOR002W,1,1.8530401,0.39839571714401245,0.2977023124694824,0.045004501938819885
YHR089C,YHR030C,0,1.8528084,0.39786380529403687,0.2977023124694824,0.045104511082172394
YAL022C,YGL076C,0,1.8523142,0.3973333239555359,0.2977023124694824,0.0452045202255249
YLR183C,YER061C,0,1.8514158,0.3968042731285095,0.2977023124694824,0.04530452936887741
YLL019C,YNL263C,0,1.8499655,0.396276593208313,0.2977023124694824,0.04540454223752022
YJL221C,YDR358W,0,1.8484455,0.39575034379959106,0.2977023124694824,0.045504551380872726
YAL025C,YHR086W,0,1.848314,0.395225465297699,0.2977023124694824,0.045604560524225235
YLR056W,YKL063C,0,1.8467795,0.3947019875049591,0.2977023124694824,0.045704569667577744
YLR370C,YER110C,0,1.8446016,0.3941798806190491,0.2977023124694824,0.04580457881093025
YKL165C,YJR121W,0,1.8444331,0.39365917444229126,0.2977023124694824,0.04590459167957306
YBR112C,YKL077W,0,1.8439989,0.3931398391723633,0.2977023124694824,0.04600460082292557
YNL219C,YOR099W,1,1.843476,0.39393940567970276,0.29870128631591797,0.04600460082292557
YER086W,YDL072C,0,1.8411756,0.3934210538864136,0.29870128631591797,0.046104609966278076
YMR022W,YPR110C,0,1.8394699,0.3929040729999542,0.29870128631591797,0.046204619109630585
YAR002C-A,YBR283C,0,1.8383183,0.3923884630203247,0.29870128631591797,0.04630463197827339
YDR025W,YMR262W,0,1.8347312,0.39187419414520264,0.29870128631591797,0.0464046411216259
YOR049C,YEL001C,0,1.8333848,0.391361266374588,0.29870128631591797,0.04650465026497841
YGL078C,YCR004C,0,1.8323902,0.39084967970848083,0.29870128631591797,0.04660465940833092
YPL076W,YGL022W,1,1.8318249,0.3916448950767517,0.2997002899646759,0.04660465940833092
YOR103C,YOR149C,1,1.8309964,0.3924380838871002,0.30069929361343384,0.04660465940833092
YBR243C,YPL175W,1,1.8295383,0.3932291567325592,0.3016982972621918,0.04660465940833092
YGR029W,YOR247W,0,1.829112,0.39271780848503113,0.3016982972621918,0.046704672276973724
YPR128C,YKL026C,0,1.8280383,0.3922078013420105,0.3016982972621918,0.04680468142032623
YPL104W,YOR226C,0,1.8280011,0.3916991055011749,0.3016982972621918,0.04690469056367874
YDR025W,YGR288W,0,1.8265162,0.3911917209625244,0.3016982972621918,0.04700469970703125
YDL045C,YKL067W,0,1.8229686,0.39068564772605896,0.3016982972621918,0.04710470885038376
YGR075C,YDL109C,0,1.8227156,0.39018088579177856,0.3016982972621918,0.047204721719026566
YGR199W,YDR483W,1,1.8222383,0.3909677565097809,0.3026973009109497,0.047204721719026566
YOR273C,YLR068W,0,1.8220199,0.3904639184474945,0.3026973009109497,0.047304730862379074
YGL103W,YER127W,0,1.821203,0.3899613916873932,0.3026973009109497,0.04740474000573158
YOL093W,YDR499W,0,1.8206679,0.38946014642715454,0.3026973009109497,0.04750474914908409
YJL125C,YNL283C,0,1.8200195,0.38896021246910095,0.3026973009109497,0.0476047620177269
YPL186C,YMR276W,0,1.8196285,0.38846153020858765,0.3026973009109497,0.04770477116107941
YLR258W,YFR015C,1,1.8175663,0.38924455642700195,0.30369630455970764,0.04770477116107941
YNL219C,YJR075W,1,1.8169731,0.3900255858898163,0.3046953082084656,0.04770477116107941
YER090W,YGL037C,0,1.8169271,0.38952746987342834,0.3046953082084656,0.047804780304431915
YDR108W,YBR268W,0,1.8164723,0.3890306055545807,0.3046953082084656,0.047904789447784424
YGR189C,YBR087W,0,1.815722,0.3885350227355957,0.3046953082084656,0.04800480231642723
YKL081W,YOR067C,0,1.814149,0.3880407214164734,0.3046953082084656,0.04810481145977974
YJL183W,YPL099C,0,1.8140126,0.38754764199256897,0.3046953082084656,0.04820482060313225
YPL271W,YPR135W,0,1.8133968,0.3870558440685272,0.3046953082084656,0.048304829746484756
YDL093W,YJL186W,1,1.8129644,0.3878327012062073,0.3056943118572235,0.048304829746484756
YOL052C-A,YBL035C,0,1.8088506,0.38734176754951477,0.3056943118572235,0.048404838889837265
YBR029C,YGL019W,0,1.8072115,0.38685208559036255,0.3056943118572235,0.04850485175848007
YGR185C,YKL006W,0,1.8066758,0.3863636255264282,0.3056943118572235,0.04860486090183258
YPR006C,YPR113W,0,1.8051184,0.3858764171600342,0.3056943118572235,0.04870487004518509
YEL002C,YPL064C,0,1.8027523,0.38539043068885803,0.3056943118572235,0.0488048791885376
YGL142C,YBR185C,0,1.8015786,0.3849056661128998,0.3056943118572235,0.048904892057180405
YJL109C,YBR247C,0,1.8015386,0.3844221234321594,0.3056943118572235,0.04900490120053291
YMR313C,YGL253W,0,1.7982935,0.3839397728443146,0.3056943118572235,0.04910491034388542
YPL131W,YDR300C,0,1.7972693,0.3834586441516876,0.3056943118572235,0.04920491948723793
YGR086C,YJL121C,0,1.7971374,0.38297873735427856,0.3056943118572235,0.04930492863059044
YGR199W,YBR023C,1,1.7933489,0.38374999165534973,0.30669331550598145,0.04930492863059044
YNL294C,YDR381W,0,1.7926117,0.38327091932296753,0.30669331550598145,0.049404941499233246
YER049W,YOR084W,0,1.7920722,0.38279300928115845,0.30669331550598145,0.049504950642585754
YNL010W,YDL017W,0,1.7912472,0.38231632113456726,0.30669331550598145,0.04960495978593826
YML115C,YBR041W,0,1.7905707,0.3818407952785492,0.30669331550598145,0.04970496892929077
YLR390W,YLR075W,0,1.7883489,0.38136646151542664,0.30669331550598145,0.04980498179793358
YDL208W,YLR344W,0,1.787507,0.3808932900428772,0.30669331550598145,0.04990499094128609
YKL077W,YHR051W,0,1.7866005,0.38042131066322327,0.30669331550598145,0.050005000084638596
YER001W,YJR143C,1,1.7864841,0.38118812441825867,0.3076923191547394,0.050005000084638596
YBR043C,YGL147C,0,1.7857208,0.3807169198989868,0.3076923191547394,0.050105009227991104
YMR040W,YJL200C,0,1.7848136,0.3802469074726105,0.3076923191547394,0.05020502209663391
YMR114C,YDR098C,0,1.7842339,0.37977805733680725,0.3076923191547394,0.05030503123998642
YGL257C,YPL227C,1,1.7839588,0.3805418610572815,0.3086913228034973,0.05030503123998642
YPL143W,YLR325C,0,1.7832786,0.38007381558418274,0.3086913228034973,0.05040504038333893
YDR205W,YPL239W,0,1.7828821,0.37960687279701233,0.3086913228034973,0.05050504952669144
YKL014C,YMR290C,0,1.7827625,0.37914109230041504,0.3086913228034973,0.050605058670043945
YLR185W,YDR463W,0,1.7827076,0.37867647409439087,0.3086913228034973,0.05070507153868675
YFL037W,YKL114C,0,1.7805035,0.37821298837661743,0.3086913228034973,0.05080508068203926
YBR035C,YOR167C,0,1.7804025,0.37775060534477234,0.3086913228034973,0.05090508982539177
YGL225W,YMR086W,0,1.7797719,0.37728938460350037,0.3086913228034973,0.05100509896874428
YNL123W,YPR113W,0,1.7796963,0.37682926654815674,0.3086913228034973,0.051105111837387085
YDL081C,YDR465C,0,1.7790482,0.37637028098106384,0.3086913228034973,0.051205120980739594
YPR114W,YDR529C,0,1.7783666,0.3759123980998993,0.3086913228034973,0.0513051301240921
YKR068C,YHR190W,0,1.7775921,0.3754556477069855,0.3086913228034973,0.05140513926744461
YNR053C,YDR312W,0,1.7752336,0.375,0.3086913228034973,0.05150515213608742
YNL031C,YPR111W,0,1.7746674,0.37454545497894287,0.3086913228034973,0.051605161279439926
YOL092W,YLL004W,0,1.7740474,0.3740920126438141,0.3086913228034973,0.051705170422792435
YGR155W,YGL123W,0,1.7724355,0.37363967299461365,0.3086913228034973,0.05180517956614494
YGR205W,YBR061C,0,1.7720572,0.37318840622901917,0.3086913228034973,0.05190518870949745
YLR277C,YBR297W,0,1.7691038,0.372738242149353,0.3086913228034973,0.05200520157814026
YKR096W,YDR279W,0,1.7688353,0.37228915095329285,0.3086913228034973,0.05210521072149277
YMR201C,YNL096C,0,1.7686125,0.371841162443161,0.3086913228034973,0.052205219864845276
YJR051W,YGL095C,0,1.7683209,0.37139421701431274,0.3086913228034973,0.052305229008197784
YOL052C-A,YNL189W,0,1.7674092,0.3709483742713928,0.3086913228034973,0.05240524187684059
YLL051C,YIR037W,0,1.767167,0.37050360441207886,0.3086913228034973,0.0525052510201931
YKL196C,YJR131W,0,1.7630128,0.37005987763404846,0.3086913228034973,0.05260526016354561
YOL052C,YDR254W,0,1.7621975,0.369617223739624,0.3086913228034973,0.05270526930689812
YPL218W,YIL130W,0,1.7602832,0.36917561292648315,0.3086913228034973,0.052805282175540924
YGR044C,YNL307C,0,1.7582463,0.36873507499694824,0.3086913228034973,0.05290529131889343
YCL052C,YJL002C,1,1.7567313,0.3694874942302704,0.30969029664993286,0.05290529131889343
YPL244C,YPL127C,0,1.7559385,0.369047611951828,0.30969029664993286,0.05300530046224594
YKR030W,YJR040W,0,1.7555307,0.3686088025569916,0.30969029664993286,0.05310530960559845
YER178W,YAL021C,0,1.7538778,0.3681710362434387,0.30969029664993286,0.05320531874895096
YHR105W,YEL054C,0,1.7533013,0.36773428320884705,0.30969029664993286,0.053305331617593765
YDR343C,YNL096C,0,1.7508729,0.36729857325553894,0.30969029664993286,0.053405340760946274
YIL009W,YNL219C,0,1.7491028,0.3668639063835144,0.30969029664993286,0.05350534990429878
YPR016C,YBR096W,0,1.7490523,0.36643025279045105,0.30969029664993286,0.05360535904765129
YGL103W,YEL041W,0,1.7466725,0.36599764227867126,0.30969029664993286,0.0537053719162941
YFL045C,YKL126W,0,1.7464129,0.36556604504585266,0.30969029664993286,0.053805381059646606
YDR325W,YMR149W,0,1.7443337,0.36513546109199524,0.30969029664993286,0.053905390202999115
YBR003W,YPR159W,0,1.7440115,0.364705890417099,0.30969029664993286,0.054005399346351624
YMR271C,YBR248C,1,1.7428285,0.3654524087905884,0.3106893002986908,0.054005399346351624
YDL145C,YBR214W,0,1.7422894,0.3650234639644623,0.3106893002986908,0.05410541221499443
YGL090W,YPR102C,0,1.7418748,0.36459553241729736,0.3106893002986908,0.05420542135834694
YGR062C,YMR127C,0,1.7398939,0.36416861414909363,0.3106893002986908,0.05430543050169945
YGL031C,YPL214C,0,1.7389096,0.3637426793575287,0.3106893002986908,0.054405439645051956
YAL030W,YNL016W,0,1.738876,0.3633177578449249,0.3106893002986908,0.054505448788404465
YMR261C,YLR258W,1,1.7381119,0.3640606701374054,0.31168830394744873,0.054505448788404465
YAL023C,YJL186W,1,1.7378956,0.3648018538951874,0.31268730759620667,0.054505448788404465
YDL144C,YPL126W,0,1.73741,0.3643771708011627,0.31268730759620667,0.05460546165704727
YDL093W,YDR354W,1,1.7332109,0.36511626839637756,0.3136863112449646,0.05460546165704727
YBR118W,YNL178W,0,1.7321484,0.36469221115112305,0.3136863112449646,0.05470547080039978
YLR266C,YMR142C,0,1.7313393,0.3642691373825073,0.3136863112449646,0.05480547994375229
YOR270C,YDR405W,0,1.73059,0.3638470470905304,0.3136863112449646,0.0549054890871048
YLR258W,YGR095C,0,1.7302905,0.36342594027519226,0.3136863112449646,0.055005501955747604
YLR342W,YDR074W,1,1.7300897,0.3641618490219116,0.31468531489372253,0.055005501955747604
YJL208C,YGR154C,0,1.7298471,0.36374133825302124,0.31468531489372253,0.05510551109910011
YNL156C,YPR032W,0,1.7288622,0.36332181096076965,0.31468531489372253,0.05520552024245262
YJL208C,YDR219C,0,1.7285701,0.3629032373428345,0.31468531489372253,0.05530552938580513
YMR271C,YOR099W,1,1.7276616,0.3636363744735718,0.31568431854248047,0.05530552938580513
YLR291C,YGL078C,0,1.7271,0.36321839690208435,0.31568431854248047,0.05540554225444794
YMR149W,YJL183W,1,1.7270824,0.3639494776725769,0.3166833221912384,0.05540554225444794
YPR155C,YMR101C,0,1.7264464,0.36353209614753723,0.3166833221912384,0.055505551397800446
YOR067C,YLR189C,1,1.7209114,0.3642611801624298,0.31768232583999634,0.055505551397800446
YNL247W,YDL019C,0,1.7206452,0.3638443946838379,0.31768232583999634,0.055605560541152954
YLR196W,YDR517W,0,1.718722,0.3634285628795624,0.31768232583999634,0.05570556968450546
YHL003C,YGL111W,0,1.7177888,0.36301368474960327,0.31768232583999634,0.05580557882785797
YFL037W,YOR187W,0,1.7133143,0.36259976029396057,0.31768232583999634,0.05590559169650078
YCR047C,YJL172W,0,1.7132219,0.3621867895126343,0.31768232583999634,0.05600560083985329
YNL008C,YHR064C,0,1.7125663,0.361774742603302,0.31768232583999634,0.056105609983205795
YOR002W,YEL036C,1,1.7124943,0.36250001192092896,0.3186813294887543,0.056105609983205795
YOR103C,YDR307W,1,1.712464,0.3632236123085022,0.3196803331375122,0.056105609983205795
YIL148W,YOR182C,0,1.711594,0.362811803817749,0.3196803331375122,0.056205619126558304
YPR028W,YER113C,0,1.7107798,0.36240091919898987,0.3196803331375122,0.05630563199520111
YKR096W,YJL117W,0,1.7107629,0.36199095845222473,0.3196803331375122,0.05640564113855362
YDL225W,YDL206W,0,1.7065331,0.3615819215774536,0.3196803331375122,0.05650565028190613
YBL082C,YML106W,1,1.7051548,0.3623024821281433,0.32067930698394775,0.05650565028190613
YDL145C,YNL111C,0,1.7039975,0.36189401149749756,0.32067930698394775,0.056605659425258636
YBR279W,YDR033W,0,1.7034935,0.3614864945411682,0.32067930698394775,0.056705672293901443
YER055C,YJL183W,1,1.7020522,0.36220473051071167,0.3216783106327057,0.056705672293901443
YDL166C,YHR052W,0,1.7017139,0.3617977499961853,0.3216783106327057,0.05680568143725395
YLR291C,YFL014W,0,1.7013601,0.36139169335365295,0.3216783106327057,0.05690569058060646
YPR187W,YIL027C,0,1.7005455,0.3609865605831146,0.3216783106327057,0.05700569972395897
YGL139W,YNL066W,0,1.6996523,0.36058229207992554,0.3216783106327057,0.05710570886731148
YJL002C,YNL158W,1,1.6996328,0.3612975478172302,0.3226773142814636,0.05710570886731148
YBR158W,YBR218C,0,1.6990863,0.3608938455581665,0.3226773142814636,0.057205721735954285
YJR021C,YGR229C,0,1.698114,0.3604910671710968,0.3226773142814636,0.05730573087930679
YOR187W,YBR123C,0,1.697272,0.36008918285369873,0.3226773142814636,0.0574057400226593
YAL023C,YLR189C,1,1.6972185,0.3608017861843109,0.32367631793022156,0.0574057400226593
YHR179W,YEL017C-A,0,1.6963719,0.3604004383087158,0.32367631793022156,0.05750574916601181
YKL172W,YPR081C,0,1.693715,0.36000001430511475,0.32367631793022156,0.05760576203465462
YKR006C,YDR315C,0,1.6912742,0.3596004545688629,0.32367631793022156,0.057705771178007126
YMR300C,YPL227C,1,1.6911544,0.360310435295105,0.3246753215789795,0.057705771178007126
YNR030W,YFR015C,1,1.6903566,0.3610188364982605,0.3256743252277374,0.057705771178007126
YBR286W,YER070W,0,1.690005,0.360619455575943,0.3256743252277374,0.057805780321359634
YBR189W,YDL097C,0,1.6889942,0.3602209985256195,0.3256743252277374,0.05790578946471214
YPR021C,YKL186C,0,1.6889405,0.35982340574264526,0.3256743252277374,0.05800580233335495
YGR032W,YGL016W,0,1.6875399,0.35942667722702026,0.3256743252277374,0.05810581147670746
YDR174W,YAL020C,0,1.6860418,0.3590308427810669,0.3256743252277374,0.05820582062005997
YJR068W,YBR282W,0,1.6856016,0.35863587260246277,0.3256743252277374,0.058305829763412476
YBR029C,YLL027W,0,1.6854258,0.3582417666912079,0.3256743252277374,0.058405838906764984
YDR253C,YKL182W,0,1.6851021,0.35784852504730225,0.3256743252277374,0.05850585177540779
YAL044C,YOL126C,0,1.6847997,0.35745614767074585,0.3256743252277374,0.0586058609187603
YER180C,YJL153C,0,1.6846211,0.3570646345615387,0.3256743252277374,0.05870587006211281
YMR296C,YMR145C,0,1.6844745,0.3566739559173584,0.3256743252277374,0.05880587920546532
YDL078C,YPR127W,0,1.6834971,0.35628414154052734,0.3256743252277374,0.058905892074108124
YPR184W,YGL065C,1,1.6834222,0.3569869101047516,0.32667332887649536,0.058905892074108124
YPR196W,YOR150W,0,1.6823643,0.3565976023674011,0.32667332887649536,0.05900590121746063
YJL012C,YLL066C,0,1.6820323,0.3562091588973999,0.32667332887649536,0.05910591036081314
YDR292C,YLR118C,0,1.681482,0.35582154989242554,0.32667332887649536,0.05920591950416565
YAL041W,YCR075C,0,1.6810887,0.355434775352478,0.32667332887649536,0.059305932372808456
YGL225W,YDR469W,0,1.6796864,0.35504886507987976,0.32667332887649536,0.059405941516160965
YLR048W,YNR059W,0,1.6786599,0.35466378927230835,0.32667332887649536,0.059505950659513474
YNL202W,YIL108W,0,1.6781816,0.3542795181274414,0.32667332887649536,0.05960595980286598
YPR184W,YNR030W,1,1.6770681,0.3549783527851105,0.3276723325252533,0.05960595980286598
YER002W,YLR258W,0,1.6761903,0.3545945882797241,0.3276723325252533,0.05970596894621849
YBR283C,YOL142W,0,1.6755496,0.3542116582393646,0.3276723325252533,0.0598059818148613
YML115C,YJL137C,1,1.6752428,0.3549083173274994,0.32867133617401123,0.0598059818148613
YML021C,YEL029C,0,1.6743366,0.3545258641242981,0.32867133617401123,0.059905990958213806
YBR105C,YNL307C,0,1.6740634,0.35414424538612366,0.32867133617401123,0.060006000101566315
YNL175C,YKL056C,0,1.6739303,0.3537634313106537,0.32867133617401123,0.06010600924491882
YDR378C,YBR241C,0,1.6733754,0.35338345170021057,0.32867133617401123,0.06020602211356163
YPL111W,YGR034W,0,1.6710905,0.3530043065547943,0.32867133617401123,0.06030603125691414
YER099C,YFR047C,0,1.669504,0.35262593626976013,0.32867133617401123,0.06040604040026665
YMR300C,YML106W,1,1.6692237,0.35331904888153076,0.32967033982276917,0.06040604040026665
YEL002C,YOR103C,1,1.6680887,0.3540107011795044,0.3306693434715271,0.06040604040026665
YML015C,YBR287W,0,1.6680446,0.35363247990608215,0.3306693434715271,0.060506049543619156
YHR160C,YDR257C,0,1.6675665,0.3532550632953644,0.3306693434715271,0.06060606241226196
YGL148W,YKL149C,0,1.6674016,0.3528784513473511,0.3306693434715271,0.06070607155561447
YHR128W,YPR160W,1,1.6659731,0.35356763005256653,0.33166831731796265,0.06070607155561447
YMR149W,YGL257C,1,1.6650811,0.3542553186416626,0.3326673209667206,0.06070607155561447
YER113C,YMR250W,0,1.6640073,0.35387885570526123,0.3326673209667206,0.06080608069896698
YDR023W,YJL206C,0,1.6637734,0.35350319743156433,0.3326673209667206,0.06090608984231949
YIL145C,YJR104C,0,1.6633502,0.3531283140182495,0.3326673209667206,0.061006098985672
YAL019W,YER072W,0,1.6625272,0.35275423526763916,0.3326673209667206,0.061106111854314804
YLR017W,YDR098C,0,1.6618103,0.3523809611797333,0.3326673209667206,0.06120612099766731
YDL137W,YPL175W,0,1.6612474,0.3520084619522095,0.3326673209667206,0.06130613014101982
YGL257C,YOR099W,1,1.6606678,0.35269272327423096,0.3336663246154785,0.06130613014101982
YPL135W,YDR050C,0,1.6596817,0.35232067108154297,0.3336663246154785,0.06140613928437233
YML120C,YCR016W,0,1.6573968,0.35194942355155945,0.3336663246154785,0.06150615215301514
YBL072C,YDL145C,0,1.6571162,0.351578950881958,0.3336663246154785,0.061606161296367645
YKR068C,YPL097W,0,1.657049,0.35120925307273865,0.3336663246154785,0.061706170439720154
YBR243C,YBR110W,1,1.6561692,0.3518907427787781,0.33466532826423645,0.061706170439720154
YOR209C,YPR002W,0,1.6555837,0.3515215218067169,0.33466532826423645,0.06180617958307266
YNL238W,YCL057W,0,1.6544294,0.35115304589271545,0.33466532826423645,0.06190619245171547
YPR184W,YLR342W,1,1.6531581,0.35183244943618774,0.3356643319129944,0.06190619245171547
YMR300C,YAL023C,1,1.65213,0.3525104522705078,0.3366633355617523,0.06190619245171547
YPL126W,YNL274C,0,1.6491647,0.3521421253681183,0.3366633355617523,0.06200620159506798
YOR228C,YDR023W,0,1.647097,0.35177454352378845,0.3366633355617523,0.062106210738420486
YJL124C,YIL101C,0,1.6457025,0.3514077067375183,0.3366633355617523,0.062206219881772995
YOR085W,YPL057C,1,1.6454777,0.35208332538604736,0.33766233921051025,0.062206219881772995
YLR293C,YBR115C,0,1.6427373,0.3517169654369354,0.33766233921051025,0.062306229025125504
YGL120C,YLL034C,0,1.6412972,0.3513513505458832,0.33766233921051025,0.06240624189376831
YER154W,YOR351C,0,1.6409963,0.350986510515213,0.33766233921051025,0.06250625103712082
YJL164C,YHR021C,0,1.6408182,0.35062241554260254,0.33766233921051025,0.06260626018047333
YMR271C,YJL186W,1,1.6389557,0.3512953221797943,0.3386613428592682,0.06260626018047333
YNL219C,YDR307W,1,1.6389447,0.35196688771247864,0.3396603465080261,0.06260626018047333
YIL109C,YLR197W,0,1.6379672,0.3516028821468353,0.3396603465080261,0.06270626932382584
YLL022C,YKL001C,0,1.6371884,0.3512396812438965,0.3396603465080261,0.06280627846717834
YOR085W,YJR133W,1,1.635234,0.35190919041633606,0.34065935015678406,0.06280627846717834
YDR365C,YDR287W,0,1.6348435,0.35154637694358826,0.34065935015678406,0.06290628761053085
YIL142W,YLR265C,0,1.6344002,0.35118433833122253,0.34065935015678406,0.06300630420446396
YDR500C,YIL047C,0,1.6340184,0.3508230447769165,0.34065935015678406,0.06310631334781647
YMR213W,YJL158C,0,1.6338798,0.35046249628067017,0.34065935015678406,0.06320632249116898
YDL082W,YPL221W,0,1.6335678,0.35010266304016113,0.34065935015678406,0.06330633163452148
YJR059W,YPR144C,0,1.631553,0.3497435748577118,0.34065935015678406,0.06340634077787399
YGR078C,YJL158C,0,1.6306152,0.34938523173332214,0.34065935015678406,0.0635063499212265
YOR126C,YFR040W,0,1.6285425,0.3490276336669922,0.34065935015678406,0.06360635906457901
YJR075W,YMR149W,1,1.624902,0.349693238735199,0.341658353805542,0.06360635906457901
YLR342W,YFR015C,1,1.6237692,0.3503575026988983,0.3426573574542999,0.06360635906457901
YOR132W,YGR279C,0,1.623316,0.3499999940395355,0.3426573574542999,0.06370636820793152
YIL043C,YER177W,0,1.623037,0.3496432304382324,0.3426573574542999,0.06380637735128403
YDL095W,YLR189C,1,1.6224658,0.3503054976463318,0.3436563313007355,0.06380637735128403
YBR243C,YML022W,1,1.6215487,0.3509664237499237,0.3446553349494934,0.06380637735128403
YHR079C,YLR038C,0,1.6201587,0.35060974955558777,0.3446553349494934,0.06390639394521713
YFR047C,YML115C,1,1.6196862,0.35126903653144836,0.34565433859825134,0.06390639394521713
YKR094C,YOL111C,0,1.6193987,0.35091277956962585,0.34565433859825134,0.06400640308856964
YAL020C,YOR046C,0,1.6186273,0.35055723786354065,0.34565433859825134,0.06410641223192215
YNL219C,YMR149W,1,1.617793,0.35121458768844604,0.3466533422470093,0.06410641223192215
YOR310C,YOR138C,0,1.6167493,0.35085946321487427,0.3466533422470093,0.06420642137527466
YGR177C,YMR173W,0,1.6150113,0.3505050539970398,0.3466533422470093,0.06430643051862717
YDR044W,YOR216C,0,1.6144798,0.3501513600349426,0.3466533422470093,0.06440643966197968
YPR016C,YML057W,0,1.6128603,0.34979838132858276,0.3466533422470093,0.06450644880533218
YJL219W,YEL050C,0,1.6121979,0.3494461178779602,0.3466533422470093,0.06460645794868469
YNR050C,YDR279W,0,1.6119744,0.34909456968307495,0.3466533422470093,0.0647064670920372
YCR077C,YLR058C,0,1.6081485,0.3487437069416046,0.3466533422470093,0.0648064836859703
YOR167C,YNL036W,0,1.6074455,0.3483935594558716,0.3466533422470093,0.06490649282932281
YDR512C,YKL026C,0,1.6067278,0.34804412722587585,0.3466533422470093,0.06500650197267532
YGR123C,YDR511W,0,1.6067052,0.34769538044929504,0.3466533422470093,0.06510651111602783
YDR494W,YDL119C,0,1.6066892,0.34734734892845154,0.3466533422470093,0.06520652025938034
YPL223C,YJL133W,0,1.6059068,0.34700000286102295,0.3466533422470093,0.06530652940273285
YBR254C,YER081W,0,1.6056007,0.3466533422470093,0.3466533422470093,0.06540653854608536
YOL112W,YKL138C,0,1.6051761,0.3463073968887329,0.3466533422470093,0.06550654768943787
YGL031C,YOL154W,0,1.6045686,0.3459621071815491,0.3466533422470093,0.06560656428337097
YDL200C,YIL078W,0,1.6041518,0.34561753273010254,0.3466533422470093,0.06570657342672348
YNL029C,YDR483W,1,1.6040939,0.3462686538696289,0.3476523458957672,0.06570657342672348
YHR133C,YDR007W,0,1.6024178,0.3459244668483734,0.3476523458957672,0.06580658257007599
YIR015W,YDR399W,0,1.6023968,0.34558093547821045,0.3476523458957672,0.0659065917134285
YGR003W,YMR012W,0,1.6017419,0.3452380895614624,0.3476523458957672,0.066006600856781
YJR132W,YCL057W,0,1.6000528,0.3448959290981293,0.3476523458957672,0.06610661000013351
YKR057W,YIL068C,0,1.5996126,0.34455445408821106,0.3476523458957672,0.06620661914348602
YDR447C,YNR047W,0,1.5994855,0.34421366453170776,0.3476523458957672,0.06630662828683853
YPL224C,YDR140W,0,1.5970393,0.343873530626297,0.3476523458957672,0.06640663743019104
YDL095W,YNL158W,1,1.5968144,0.3445212244987488,0.34865134954452515,0.06640663743019104
YBR205W,YDR399W,1,1.5953997,0.3451676666736603,0.3496503531932831,0.06640663743019104
YER115C,YBR085W,0,1.5914098,0.3448275923728943,0.3496503531932831,0.06650665402412415
YMR143W,YGR246C,0,1.5909327,0.3444882035255432,0.3496503531932831,0.06660666316747665
YMR300C,YLR189C,1,1.5897607,0.3451327383518219,0.350649356842041,0.06660666316747665
YPL004C,YLR300W,0,1.5897104,0.3447937071323395,0.350649356842041,0.06670667231082916
YKL061W,YHR092C,0,1.589347,0.344455361366272,0.350649356842041,0.06680668145418167
YDL019C,YGR058W,0,1.5889777,0.3441176414489746,0.350649356842041,0.06690669059753418
YOR002W,YGR227W,1,1.5888193,0.3447600305080414,0.35164836049079895,0.06690669059753418
YGL022W,YOR321W,1,1.5882536,0.34540116786956787,0.3526473641395569,0.06690669059753418
YPL090C,YDR434W,0,1.5880682,0.34506353735923767,0.3526473641395569,0.06700669974088669
YLR185W,YJL164C,0,1.5879756,0.3447265625,0.3526473641395569,0.0671067088842392
YMR316W,YER055C,0,1.5864168,0.34439024329185486,0.3526473641395569,0.0672067180275917
YBR031W,YAL041W,0,1.586115,0.34405457973480225,0.3526473641395569,0.06730672717094421
YGR155W,YOR257W,0,1.5854105,0.34371957182884216,0.3526473641395569,0.06740674376487732
YOL005C,YDR511W,0,1.5851884,0.3433852195739746,0.3526473641395569,0.06750675290822983
YJL002C,YBR070C,1,1.5848185,0.34402331709861755,0.3536463677883148,0.06750675290822983
YGL078C,YGR034W,0,1.5827794,0.34368932247161865,0.3536463677883148,0.06760676205158234
YPL144W,YHR114W,0,1.5826831,0.3433559536933899,0.3536463677883148,0.06770677119493484
YJL002C,YLR189C,1,1.5825521,0.3439922332763672,0.35464534163475037,0.06770677119493484
YOR149C,YLR342W,1,1.5810864,0.3446272909641266,0.3556443452835083,0.06770677119493484
YBR181C,YDR384C,0,1.5804645,0.344294011592865,0.3556443452835083,0.06780678033828735
YGL139W,YOR127W,0,1.5804209,0.34396135807037354,0.3556443452835083,0.06790678948163986
YDR115W,YHR082C,0,1.5802003,0.3436293303966522,0.3556443452835083,0.06800679862499237
YPR160W,YEL036C,1,1.5794808,0.3442623019218445,0.35664334893226624,0.06800679862499237
YLR344W,YOL052C-A,0,1.5792826,0.3439306318759918,0.35664334893226624,0.06810680776834488
YLR285W,YER088C,0,1.578705,0.3435996174812317,0.35664334893226624,0.06820682436227798
YBR096W,YHR064C,0,1.5771364,0.3432692289352417,0.35664334893226624,0.0683068335056305
YLR209C,YLR017W,1,1.5756663,0.34390008449554443,0.35764235258102417,0.0683068335056305
YHR028C,YKL099C,0,1.5753587,0.3435700535774231,0.35764235258102417,0.068406842648983
YIL130W,YMR292W,0,1.5720274,0.3432406485080719,0.35764235258102417,0.06850685179233551
YPL019C,YDL128W,0,1.571918,0.34291186928749084,0.35764235258102417,0.06860686093568802
YML012W,YGL174W,0,1.5713083,0.3425837457180023,0.35764235258102417,0.06870687007904053
YNL073W,YNL290W,0,1.5691111,0.34225621819496155,0.35764235258102417,0.06880687922239304
YGR135W,YDR127W,0,1.5681663,0.3419293165206909,0.35764235258102417,0.06890688836574554
YCL064C,YMR243C,0,1.5674592,0.34160304069519043,0.35764235258102417,0.06900689750909805
YBR282W,YBR123C,0,1.5656106,0.34127742052078247,0.35764235258102417,0.06910691410303116
YPL135W,YNL062C,0,1.5645325,0.3409523665904999,0.35764235258102417,0.06920692324638367
YNL292W,YDR005C,0,1.5633559,0.3406279683113098,0.35764235258102417,0.06930693238973618
YIL051C,YJR015W,0,1.5629212,0.3403041958808899,0.35764235258102417,0.06940694153308868
YOR239W,YGR161C,0,1.5623575,0.3399810194969177,0.35764235258102417,0.06950695067644119
YNL029C,YDR307W,1,1.5594422,0.3406071960926056,0.3586413562297821,0.06950695067644119
YPL234C,YBR006W,0,1.5594257,0.3402843475341797,0.3586413562297821,0.0696069598197937
YJL187C,YFL054C,0,1.5587124,0.3399621248245239,0.3586413562297821,0.06970696896314621
YEL002C,YPL076W,1,1.5571109,0.3405865728855133,0.35964035987854004,0.06970696896314621
YOR079C,YJL134W,0,1.5571064,0.3402646481990814,0.35964035987854004,0.06980697810649872
YOR039W,YER125W,0,1.5555902,0.3399433493614197,0.35964035987854004,0.06990698724985123
YBR038W,YPL050C,1,1.5553205,0.3405660390853882,0.360639363527298,0.06990698724985123
YDR400W,YNL166C,0,1.5533395,0.3402450382709503,0.360639363527298,0.07000700384378433
YKL038W,YNR027W,0,1.5531815,0.3399246633052826,0.360639363527298,0.07010701298713684
YBR015C,YMR271C,1,1.5526192,0.3405456244945526,0.3616383671760559,0.07010701298713684
YDR328C,YER145C,0,1.5506492,0.34022557735443115,0.3616383671760559,0.07020702213048935
YGR189C,YDL093W,0,1.5506248,0.33990609645843506,0.3616383671760559,0.07030703127384186
YPR163C,YDR516C,0,1.5504922,0.3395872414112091,0.3616383671760559,0.07040704041719437
YNL054W,YJL001W,0,1.5496125,0.3392689824104309,0.3616383671760559,0.07050704956054688
YJL002C,YPL175W,1,1.5493177,0.3398876488208771,0.36263737082481384,0.07050704956054688
YDR298C,YKR078W,0,1.549048,0.33956968784332275,0.36263737082481384,0.07060705870389938
YBL092W,YCL008C,0,1.5483626,0.3392523229122162,0.36263737082481384,0.07070706784725189
YGR088W,YJR147W,0,1.5472662,0.33893558382987976,0.36263737082481384,0.0708070769906044
YFR047C,YPR184W,1,1.5463674,0.33955225348472595,0.3636363744735718,0.0708070769906044
YER070W,YDR435C,0,1.5461274,0.339235782623291,0.3636363744735718,0.0709070935845375
YDR441C,YKL064W,0,1.5458497,0.3389199376106262,0.3636363744735718,0.07100710272789001
YKL203C,YOR099W,0,1.5455267,0.3386046588420868,0.3636363744735718,0.07110711187124252
YAR002C-A,YBR121C,0,1.5453359,0.3382899761199951,0.3636363744735718,0.07120712101459503
YCR046C,YHR133C,0,1.5449712,0.3379758596420288,0.3636363744735718,0.07130713015794754
YNL175C,YER025W,0,1.5446641,0.33766233921051025,0.3636363744735718,0.07140713930130005
YML088W,YOL020W,0,1.5446311,0.33734938502311707,0.3636363744735718,0.07150714844465256
YML013W,YKR007W,0,1.5443633,0.33703702688217163,0.3636363744735718,0.07160715758800507
YGL084C,YFL048C,0,1.5438464,0.33672526478767395,0.3636363744735718,0.07170717418193817
YJR160C,YOR388C,0,1.5422318,0.33641403913497925,0.3636363744735718,0.07180718332529068
YLR189C,YPR183W,1,1.5414175,0.33702677488327026,0.3646353781223297,0.07180718332529068
YER001W,YJL139C,1,1.5411226,0.33763837814331055,0.36563435196876526,0.07180718332529068
YJR013W,YEL011W,1,1.5407962,0.3382488489151001,0.3666333556175232,0.07180718332529068
YER031C,YPR135W,0,1.5398349,0.3379373848438263,0.3666333556175232,0.07190719246864319
YKR064W,YDR044W,0,1.537599,0.33762648701667786,0.3666333556175232,0.0720072016119957
YDL166C,YGL096W,0,1.5344256,0.3373161852359772,0.3666333556175232,0.0721072107553482
YHR017W,YPR041W,0,1.5338516,0.33700641989707947,0.3666333556175232,0.07220721989870071
YDL024C,YER007C-A,0,1.5337535,0.3366972506046295,0.3666333556175232,0.07230722904205322
YIL136W,YPL240C,0,1.5324113,0.33638864755630493,0.3666333556175232,0.07240723818540573
YMR301C,YGR035C,0,1.5288581,0.3360805809497833,0.3666333556175232,0.07250724732875824
YGR205W,YDR441C,0,1.5288479,0.3357731103897095,0.3666333556175232,0.07260726392269135
YJR032W,YOR260W,0,1.5287709,0.3354661762714386,0.3666333556175232,0.07270727306604385
YOL120C,YPL010W,0,1.5280875,0.3351598083972931,0.3666333556175232,0.07280728220939636
YLR039C,YLR158C,0,1.5271027,0.33485400676727295,0.3666333556175232,0.07290729135274887
YML124C,YJL191W,0,1.5262443,0.3345487713813782,0.3666333556175232,0.07300730049610138
YDR492W,YCL064C,0,1.5260564,0.3342440724372864,0.3666333556175232,0.07310730963945389
YOL010W,YOL107W,0,1.5250186,0.33393993973731995,0.3666333556175232,0.0732073187828064
YDR399W,YGR178C,0,1.524851,0.3336363732814789,0.3666333556175232,0.0733073279261589
YJR143C,YMR270C,0,1.5244662,0.3333333432674408,0.3666333556175232,0.07340733706951141
YNL206C,YJL196C,0,1.5238012,0.3330308496952057,0.3666333556175232,0.07350735366344452
YBR101C,YOR116C,0,1.5233927,0.33272892236709595,0.3666333556175232,0.07360736280679703
YGL231C,YGL200C,0,1.5228115,0.3324275314807892,0.3666333556175232,0.07370737195014954
YJL003W,YGR204W,0,1.5190047,0.3321267068386078,0.3666333556175232,0.07380738109350204
YBR248C,YPL050C,1,1.5179071,0.33273056149482727,0.36763235926628113,0.07380738109350204
YIL085C,YBR004C,1,1.5173334,0.3333333432674408,0.36863136291503906,0.07380738109350204
YBR001C,YLR292C,0,1.516487,0.333032488822937,0.36863136291503906,0.07390739023685455
YPL175W,YML106W,1,1.516272,0.3336338996887207,0.369630366563797,0.07390739023685455
YER001W,YDR483W,1,1.5160156,0.33423423767089844,0.37062937021255493,0.07390739023685455
YOL127W,YPL075W,0,1.515365,0.33393338322639465,0.37062937021255493,0.07400739938020706
YKL026C,YKL085W,0,1.5151663,0.33363309502601624,0.37062937021255493,0.07410740852355957
YER007C-A,YJL034W,0,1.5148263,0.3333333432674408,0.37062937021255493,0.07420741766691208
YBR237W,YBR191W,0,1.5146922,0.33303409814834595,0.37062937021255493,0.07430743426084518
YDR520C,YOL126C,0,1.5138625,0.33273541927337646,0.37062937021255493,0.07440744340419769
YBR002C,YNL311C,0,1.5137942,0.33243727684020996,0.37062937021255493,0.0745074525475502
YNL068C,YPL159C,0,1.5136861,0.33213967084884644,0.37062937021255493,0.07460746169090271
YIL123W,YPL083C,0,1.5133375,0.3318425714969635,0.37062937021255493,0.07470747083425522
YMR053C,YKL009W,0,1.5130779,0.33154600858688354,0.37062937021255493,0.07480747997760773
YHR164C,YOR086C,0,1.5130416,0.33125001192092896,0.37062937021255493,0.07490748912096024
YDL206W,YNR048W,0,1.51253,0.33095449209213257,0.37062937021255493,0.07500749826431274
YOR249C,YPL105C,0,1.5120091,0.33065953850746155,0.37062937021255493,0.07510750740766525
YJR123W,YER061C,0,1.5115341,0.3303650915622711,0.37062937021255493,0.07520752400159836
YFL057C,YER175C,0,1.5112284,0.33007118105888367,0.37062937021255493,0.07530753314495087
YIL124W,YDR373W,0,1.5109183,0.3297777771949768,0.37062937021255493,0.07540754228830338
YOR099W,YPL057C,1,1.5101327,0.33037298917770386,0.37162837386131287,0.07540754228830338
YNR040W,YDL231C,0,1.5088484,0.3300798535346985,0.37162837386131287,0.07550755143165588
YBR125C,YNL258C,0,1.5080341,0.3297872245311737,0.37162837386131287,0.07560756057500839
YOR132W,YDL110C,0,1.5075874,0.3294951319694519,0.37162837386131287,0.0757075697183609
YBR052C,YER029C,0,1.5075165,0.3292035460472107,0.37162837386131287,0.07580757886171341
YOR224C,YKL004W,0,1.5069929,0.3289124667644501,0.37162837386131287,0.07590758800506592
YOR145C,YLL019C,0,1.5062497,0.32862189412117004,0.37162837386131287,0.07600759714841843
YJR051W,YNL217W,0,1.5054495,0.328331857919693,0.37162837386131287,0.07610761374235153
YKL085W,YKR099W,0,1.5030771,0.32804232835769653,0.37162837386131287,0.07620762288570404
YJL026W,YLL027W,0,1.5028466,0.32775330543518066,0.37162837386131287,0.07630763202905655
YPL093W,YPR110C,0,1.5018548,0.3274647891521454,0.37162837386131287,0.07640764117240906
YKR035W-A,YMR173W,0,1.500059,0.3271767795085907,0.37162837386131287,0.07650765031576157
YJR139C,YKR030W,0,1.4994422,0.3268892765045166,0.37162837386131287,0.07660765945911407
YML115C,YMR238W,0,1.4994301,0.3266022801399231,0.37162837386131287,0.07670766860246658
YOL127W,YDR434W,0,1.4975814,0.3263157904148102,0.37162837386131287,0.07680767774581909
YOL122C,YDR292C,0,1.4973546,0.32602980732917786,0.37162837386131287,0.0769076943397522
YHR090C,YMR217W,0,1.496266,0.32574430108070374,0.37162837386131287,0.0770077034831047
YPL101W,YDR343C,0,1.4961647,0.3254593312740326,0.37162837386131287,0.07710771262645721
YML018C,YEL036C,0,1.4943479,0.32517483830451965,0.37162837386131287,0.07720772176980972
YOL064C,YAL030W,0,1.4938384,0.3248908221721649,0.37162837386131287,0.07730773091316223
YLR176C,YJR123W,0,1.4937965,0.32460734248161316,0.37162837386131287,0.07740774005651474
YMR250W,YML074C,0,1.4937707,0.3243243098258972,0.37162837386131287,0.07750774919986725
YDR469W,YNL138W,0,1.4925265,0.32404181361198425,0.37162837386131287,0.07760775834321976
YHR211W,YMR123W,0,1.4924039,0.3237597942352295,0.37162837386131287,0.07770776748657227
YBL082C,YML115C,1,1.4911954,0.3243478238582611,0.3726273775100708,0.07770776748657227
YMR226C,YGL030W,0,1.4906963,0.32406604290008545,0.3726273775100708,0.07780778408050537
YBL087C,YCR047C,0,1.4895641,0.3237847089767456,0.3726273775100708,0.07790779322385788
YIL019W,YMR241W,0,1.4892052,0.32350391149520874,0.3726273775100708,0.07800780236721039
YOL129W,YBR023C,0,1.4891287,0.3232235610485077,0.3726273775100708,0.0781078115105629
YFL037W,YBR101C,0,1.4871055,0.32294371724128723,0.3726273775100708,0.0782078206539154
YOR212W,YIL090W,0,1.486011,0.322664350271225,0.3726273775100708,0.07830782979726791
YLR291C,YDR261C,0,1.4855181,0.3223854899406433,0.3726273775100708,0.07840783894062042
YMR307W,YOR179C,0,1.4850901,0.32210707664489746,0.3726273775100708,0.07850784808397293
YLR043C,YCR030C,0,1.4845057,0.3218291699886322,0.3726273775100708,0.07860785722732544
YBR243C,YBR070C,1,1.4844484,0.3224138021469116,0.37362638115882874,0.07860785722732544
YIL018W,YMR156C,0,1.4826394,0.3221361041069031,0.37362638115882874,0.07870787382125854
YJR005W,YKR050W,0,1.4807466,0.32185885310173035,0.37362638115882874,0.07880788296461105
YDR399W,YGR199W,1,1.4801201,0.322441965341568,0.37462538480758667,0.07880788296461105
YMR316W,YOR232W,0,1.479649,0.32216495275497437,0.37462538480758667,0.07890789210796356
YDR441C,YNL029C,1,1.4786137,0.32274678349494934,0.3756243884563446,0.07890789210796356
YDR399W,YML106W,1,1.4785403,0.32332760095596313,0.37662336230278015,0.07890789210796356
YOR168W,YDR351W,0,1.4780622,0.3230505585670471,0.37662336230278015,0.07900790125131607
YDR276C,YLR150W,0,1.4777894,0.3227739632129669,0.37662336230278015,0.07910791039466858
YPL154C,YGR075C,0,1.477429,0.3224978744983673,0.37662336230278015,0.07920791953802109
YKL009W,YLR060W,0,1.4768143,0.3222222328186035,0.37662336230278015,0.0793079286813736
YAL059W,YGR281W,0,1.4755774,0.3219470679759979,0.37662336230278015,0.0794079378247261
YPR041W,YDL087C,0,1.475559,0.32167235016822815,0.37662336230278015,0.07950795441865921
YGR218W,YNL115C,0,1.4739455,0.32139813899993896,0.37662336230278015,0.07960796356201172
YPL002C,YHR039C-A,0,1.4735638,0.3211243748664856,0.37662336230278015,0.07970797270536423
YLR151C,YPR073C,0,1.4725652,0.32085105776786804,0.37662336230278015,0.07980798184871674
YBR041W,YLR260W,0,1.4717275,0.3205782175064087,0.37662336230278015,0.07990799099206924
YPR133W-A,YAR027W,0,1.4708093,0.32030585408210754,0.37662336230278015,0.08000800013542175
YPR155C,YBR093C,0,1.4698491,0.3200339674949646,0.37662336230278015,0.08010800927877426
YMR013C,YER070W,0,1.4696198,0.3197624981403351,0.37662336230278015,0.08020801842212677
YGR156W,YHR133C,0,1.4692887,0.31949153542518616,0.37662336230278015,0.08030802756547928
YDR513W,YBR030W,0,1.468988,0.31922098994255066,0.37662336230278015,0.08040804415941238
YJL101C,YOL149W,0,1.4689313,0.31895092129707336,0.37662336230278015,0.08050805330276489
YIL043C,YCL051W,0,1.4685634,0.3186813294887543,0.37662336230278015,0.0806080624461174
YBL092W,YKL090W,0,1.4680125,0.3184121549129486,0.37662336230278015,0.08070807158946991
YPR160W,YGR216C,1,1.4672426,0.31898733973503113,0.3776223659515381,0.08070807158946991
YAR018C,YDR093W,0,1.4672189,0.3187183737754822,0.3776223659515381,0.08080808073282242
YDR284C,YJR029W,0,1.4666058,0.31844988465309143,0.3776223659515381,0.08090808987617493
YKL069W,YPL042C,0,1.4654106,0.3181818127632141,0.3776223659515381,0.08100809901952744
YGR175C,YJL189W,0,1.465037,0.317914217710495,0.3776223659515381,0.08110810816287994
YJR013W,YFR015C,1,1.4645556,0.31848740577697754,0.378621369600296,0.08110810816287994
YKL205W,YPR127W,0,1.4638954,0.31821998953819275,0.378621369600296,0.08120811730623245
YHR077C,YDR529C,0,1.4630846,0.3179530203342438,0.378621369600296,0.08130813390016556
YKL182W,YMR049C,0,1.4615247,0.3176864981651306,0.378621369600296,0.08140814304351807
YLR083C,YIL064W,0,1.4606303,0.31742042303085327,0.378621369600296,0.08150815218687057
YER173W,YGR084C,0,1.460414,0.31715482473373413,0.378621369600296,0.08160816133022308
YNL038W,YJL183W,1,1.4597726,0.3177257478237152,0.37962037324905396,0.08160816133022308
YBR199W,YLR209C,1,1.4574142,0.31829574704170227,0.3806193768978119,0.08160816133022308
YBR067C,YDL060W,0,1.4567603,0.31803005933761597,0.3806193768978119,0.08170817047357559
YKL006W,YPR037C,0,1.4552056,0.3177648186683655,0.3806193768978119,0.0818081796169281
YLR127C,YBR297W,0,1.4546599,0.3174999952316284,0.3806193768978119,0.08190818876028061
YBR160W,YJR139C,0,1.4531906,0.31723564863204956,0.3806193768978119,0.08200819790363312
YIL083C,YIL039W,0,1.4530405,0.31697171926498413,0.3806193768978119,0.08210821449756622
YOR355W,YMR261C,0,1.4524721,0.3167082369327545,0.3806193768978119,0.08220822364091873
YBL076C,YNL194C,0,1.4507973,0.31644517183303833,0.3806193768978119,0.08230823278427124
YDR347W,YGR199W,0,1.4495217,0.31618258357048035,0.3806193768978119,0.08240824192762375
YNR013C,YKL210W,0,1.4492253,0.3159204125404358,0.3806193768978119,0.08250825107097626
YBL112C,YDR224C,0,1.4490844,0.31565865874290466,0.3806193768978119,0.08260826021432877
YLR079W,YOL002C,0,1.4488678,0.31539735198020935,0.3806193768978119,0.08270826935768127
YPR110C,YER142C,0,1.447092,0.31513646245002747,0.3806193768978119,0.08280827850103378
YGR001C,YBL017C,0,1.444059,0.3148760199546814,0.3806193768978119,0.08290828764438629
YAL023C,YEL036C,1,1.4439975,0.3154417872428894,0.3816183805465698,0.08290828764438629
YJL089W,YGR061C,0,1.4435142,0.31518152356147766,0.3816183805465698,0.0830083042383194
YLL021W,YJL134W,0,1.4429294,0.31492167711257935,0.3816183805465698,0.0831083133816719
YOL042W,YNR007C,0,1.442095,0.31466227769851685,0.3816183805465698,0.08320832252502441
YLR029C,YLR016C,0,1.4420098,0.3144032955169678,0.3816183805465698,0.08330833166837692
YNL038W,YGR032W,1,1.4420038,0.3149670958518982,0.38261738419532776,0.08330833166837692
YFR032C-A,YGL053W,0,1.4390283,0.31470829248428345,0.38261738419532776,0.08340834081172943
YDR399W,YNL048W,1,1.4389681,0.31527093052864075,0.3836163878440857,0.08340834081172943
YNL182C,YDR219C,0,1.4377059,0.3150123059749603,0.3836163878440857,0.08350834995508194
YEL024W,YIL094C,0,1.4346348,0.31475409865379333,0.3836163878440857,0.08360835909843445
YGR057C,YDR353W,0,1.4337531,0.31449630856513977,0.3836163878440857,0.08370836824178696
YGL076C,YJL095W,0,1.4336036,0.314238965511322,0.3836163878440857,0.08380837738513947
YGR060W,YOR359W,0,1.4334035,0.3139820098876953,0.3836163878440857,0.08390839397907257
YGL087C,YMR012W,0,1.4317626,0.3137255012989044,0.3836163878440857,0.08400840312242508
YMR226C,YKL064W,0,1.4310037,0.31346938014030457,0.3836163878440857,0.08410841226577759
YAR019C,YLR300W,0,1.4309162,0.3132137060165405,0.3836163878440857,0.0842084214091301
YDL211C,YOR304C-A,0,1.4295018,0.3129584491252899,0.3836163878440857,0.0843084305524826
YIL078W,YMR091C,0,1.4288095,0.31270357966423035,0.3836163878440857,0.08440843969583511
YNL010W,YDR461W,0,1.4279246,0.3124491572380066,0.3836163878440857,0.08450844883918762
YKR064W,YJR139C,0,1.4275322,0.3121951222419739,0.3836163878440857,0.08460845798254013
YDR069C,YPL094C,0,1.4264648,0.3119415044784546,0.3836163878440857,0.08470846712589264
YLR246W,YKL165C,0,1.4255028,0.31168830394744873,0.3836163878440857,0.08480848371982574
YBR243C,YKR061W,1,1.4251455,0.31224656105041504,0.38461539149284363,0.08480848371982574
YPL092W,YFR040W,0,1.4237167,0.3119935095310211,0.38461539149284363,0.08490849286317825
YNL048W,YCR053W,0,1.4231999,0.311740905046463,0.38461539149284363,0.08500850200653076
YGR003W,YOR045W,0,1.4225606,0.31148868799209595,0.38461539149284363,0.08510851114988327
YPL061W,YGR032W,0,1.4224021,0.3112368583679199,0.38461539149284363,0.08520852029323578
YOR103C,YJR029W,0,1.4204105,0.3109854459762573,0.38461539149284363,0.08530852943658829
YKL024C,YDR387C,0,1.4191663,0.31073445081710815,0.38461539149284363,0.0854085385799408
YOR157C,YOR127W,0,1.4189323,0.3104838728904724,0.38461539149284363,0.0855085477232933
YOL098C,YGR279C,0,1.4188951,0.3102336823940277,0.38461539149284363,0.08560856431722641
YEL032W,YPR114W,0,1.4183824,0.30998390913009644,0.38461539149284363,0.08570857346057892
YMR203W,YER177W,0,1.4180882,0.3097345232963562,0.38461539149284363,0.08580858260393143
YNR050C,YJR066W,0,1.417301,0.309485524892807,0.38461539149284363,0.08590859174728394
YCR065W,YGL067W,0,1.4169446,0.30923694372177124,0.38461539149284363,0.08600860089063644
YNL117W,YOR067C,0,1.4169346,0.3089887499809265,0.38461539149284363,0.08610861003398895
YAL022C,YPR143W,0,1.4167504,0.3087409734725952,0.38461539149284363,0.08620861917734146
YDR454C,YHR194W,0,1.416501,0.30849358439445496,0.38461539149284363,0.08630862832069397
YLR008C,YPR131C,0,1.415764,0.30824658274650574,0.38461539149284363,0.08640863746404648
YDR399W,YPL057C,1,1.4153748,0.30880001187324524,0.38561439514160156,0.08640863746404648
YNR038W,YKL001C,0,1.414887,0.30855315923690796,0.38561439514160156,0.08650865405797958
YER040W,YBR084W,0,1.4144526,0.3083067238330841,0.38561439514160156,0.08660866320133209
YKL014C,YHR148W,0,1.4127284,0.3080606460571289,0.38561439514160156,0.0867086723446846
YCL052C,YOR209C,1,1.4105216,0.3086124360561371,0.3866133987903595,0.0867086723446846
YDR064W,YBR294W,0,1.4089235,0.3083665370941162,0.3866133987903595,0.08680868148803711
YBL082C,YJL137C,1,1.4087665,0.30891719460487366,0.38761240243911743,0.08680868148803711
YCL017C,YKL087C,0,1.4085635,0.3086714446544647,0.38761240243911743,0.08690869063138962
YLR350W,YKL074C,0,1.4079806,0.3084260821342468,0.38761240243911743,0.08700869977474213
YOR182C,YDR350C,0,1.4079031,0.30818110704421997,0.38761240243911743,0.08710870891809464
YDR412W,YGR174C,0,1.407389,0.30793651938438416,0.38761240243911743,0.08720871806144714
YML052W,YOR216C,0,1.4064347,0.3076923191547394,0.38761240243911743,0.08730872720479965
YOL136C,YIL088C,0,1.4057485,0.30744850635528564,0.38761240243911743,0.08740874379873276
YNL102W,YGR037C,0,1.4052942,0.30720508098602295,0.38761240243911743,0.08750875294208527
YGL084C,YBL075C,0,1.402654,0.3069620132446289,0.38761240243911743,0.08760876208543777
YIL035C,YDR079W,0,1.4022158,0.3067193627357483,0.38761240243911743,0.08770877122879028
YHR128W,YOR085W,1,1.4012054,0.3072669804096222,0.388611376285553,0.08770877122879028
YMR286W,YEL059C-A,0,1.4009832,0.3070244789123535,0.388611376285553,0.08780878037214279
YKL061W,YDL184C,0,1.3996669,0.3067823350429535,0.388611376285553,0.0879087895154953
YMR297W,YNL111C,0,1.3991785,0.3065405786037445,0.388611376285553,0.08800879865884781
YGR032W,YOR002W,1,1.3982352,0.30708661675453186,0.3896103799343109,0.08800879865884781
YGL038C,YDR245W,1,1.3967754,0.30763179063796997,0.39060938358306885,0.08800879865884781
YBL080C,YML055W,0,1.3958535,0.3073899447917938,0.39060938358306885,0.08810880780220032
YBR031W,YPL198W,0,1.395443,0.30714845657348633,0.39060938358306885,0.08820882439613342
YLR347C,YGL147C,0,1.3943983,0.30690738558769226,0.39060938358306885,0.08830883353948593
YLR083C,YDL051W,0,1.3943887,0.30666667222976685,0.39060938358306885,0.08840884268283844
YKL180W,YCR053W,0,1.3931073,0.30642634630203247,0.39060938358306885,0.08850885182619095
YLR330W,YPR138C,0,1.392837,0.30618637800216675,0.39060938358306885,0.08860886096954346
YDL093W,YHR024C,0,1.392801,0.30594679713249207,0.39060938358306885,0.08870887011289597
YBR074W,YAL008W,0,1.3924316,0.30570757389068604,0.39060938358306885,0.08880887925624847
YJL170C,YLR073C,0,1.3921698,0.30546873807907104,0.39060938358306885,0.08890888839960098
YLR107W,YKR006C,0,1.3915915,0.3052302896976471,0.39060938358306885,0.08900889754295349
YER096W,YHR136C,0,1.3885235,0.3049921989440918,0.39060938358306885,0.0891089141368866
YCL043C,YHR092C,0,1.3880655,0.30475449562072754,0.39060938358306885,0.0892089232802391
YNL208W,YLR295C,0,1.3879514,0.30451712012290955,0.39060938358306885,0.08930893242359161
YOR074C,YOL155C,0,1.3878337,0.304280161857605,0.39060938358306885,0.08940894156694412
YPR163C,YLR150W,0,1.38686,0.3040435314178467,0.39060938358306885,0.08950895071029663
YIL078W,YHL027W,0,1.3861582,0.3038073182106018,0.39060938358306885,0.08960895985364914
YBR162C,YDR188W,0,1.3842188,0.3035714328289032,0.39060938358306885,0.08970896899700165
YHR128W,YDL093W,1,1.3841249,0.3041117191314697,0.3916083872318268,0.08970896899700165
YIL075C,YMR149W,0,1.3829025,0.30387598276138306,0.3916083872318268,0.08980897814035416
YNR053C,YGR061C,0,1.382668,0.30364057421684265,0.3916083872318268,0.08990898728370667
YJR070C,YDR530C,0,1.3807888,0.3034055829048157,0.3916083872318268,0.09000900387763977
YGR234W,YIL133C,0,1.3793634,0.30317091941833496,0.3916083872318268,0.09010901302099228
YLR409C,YDL205C,0,1.3774933,0.3029366433620453,0.3916083872318268,0.09020902216434479
YBR213W,YHL025W,0,1.3773679,0.3027026951313019,0.3916083872318268,0.0903090313076973
YAR035W,YML018C,0,1.3750457,0.3024691343307495,0.3916083872318268,0.0904090404510498
YNL202W,YML074C,0,1.3748704,0.3022359311580658,0.3916083872318268,0.09050904959440231
YPL140C,YDL082W,0,1.3721521,0.30200308561325073,0.3916083872318268,0.09060905873775482
YGR120C,YER055C,0,1.3719418,0.3017705976963043,0.3916083872318268,0.09070906788110733
YHL017W,YDL036C,0,1.3711824,0.30153846740722656,0.3916083872318268,0.09080908447504044
YGL058W,YHR175W,0,1.3668364,0.30130669474601746,0.3916083872318268,0.09090909361839294
YKR068C,YGR084C,0,1.3667933,0.301075279712677,0.3916083872318268,0.09100910276174545
YIR031C,YDR148C,0,1.3665146,0.3008441925048828,0.3916083872318268,0.09110911190509796
YDL127W,YJL144W,0,1.366497,0.30061349272727966,0.3916083872318268,0.09120912104845047
YLR209C,YIL014W,1,1.3663388,0.3011494278907776,0.3926073908805847,0.09120912104845047
YPL048W,YKR085C,0,1.3663201,0.300918847322464,0.3926073908805847,0.09130913019180298
YGL191W,YER179W,0,1.3657039,0.30068859457969666,0.3926073908805847,0.09140913933515549
YMR195W,YJL158C,0,1.3654424,0.30045872926712036,0.3926073908805847,0.091509148478508
YDR101C,YAL017W,0,1.3652283,0.30022919178009033,0.3926073908805847,0.0916091576218605
YHR006W,YOR168W,0,1.3637605,0.30000001192092896,0.3926073908805847,0.09170917421579361
YNL038W,YOR149C,1,1.363438,0.3005339503288269,0.39360639452934265,0.09170917421579361
YBR241C,YMR179W,0,1.3628283,0.3003048896789551,0.39360639452934265,0.09180918335914612
YGR094W,YLR404W,0,1.3616666,0.3000761568546295,0.39360639452934265,0.09190919250249863
YLR223C,YOR069W,0,1.3605293,0.2998477816581726,0.39360639452934265,0.09200920164585114
YFR031C-A,YGR027C,0,1.3597127,0.29961976408958435,0.39360639452934265,0.09210921078920364
YGR007W,YOL061W,0,1.3591862,0.29939210414886475,0.39360639452934265,0.09220921993255615
YDL055C,YER123W,0,1.3590301,0.2991647720336914,0.39360639452934265,0.09230922907590866
YKL093W,YMR130W,0,1.3587629,0.2989377975463867,0.39360639452934265,0.09240923821926117
YPR144C,YGR070W,0,1.3585069,0.2987111508846283,0.39360639452934265,0.09250924736261368
YBR094W,YCR026C,0,1.3584849,0.2984848618507385,0.39360639452934265,0.09260926395654678
YDL082W,YGR266W,0,1.3583537,0.298258900642395,0.39360639452934265,0.09270927309989929
YER056C,YEL001C,0,1.3574991,0.29803329706192017,0.39360639452934265,0.0928092822432518
YOL111C,YOR332W,0,1.3573266,0.2978080213069916,0.39360639452934265,0.09290929138660431
YLR347C,YML048W,0,1.3572004,0.29758307337760925,0.39360639452934265,0.09300930052995682
YGL016W,YMR088C,0,1.3571569,0.2973584830760956,0.39360639452934265,0.09310930967330933
YHR142W,YFR050C,0,1.3562056,0.29713425040245056,0.39360639452934265,0.09320931881666183
YDL109C,YER074W,0,1.3552259,0.2969103157520294,0.39360639452934265,0.09330932796001434
YKL171W,YER025W,0,1.354336,0.29668673872947693,0.39360639452934265,0.09340934455394745
YNL045W,YNL015W,0,1.3537555,0.2964635193347931,0.39360639452934265,0.09350935369729996
YKL143W,YMR272C,0,1.3532859,0.29624059796333313,0.39360639452934265,0.09360936284065247
YJL137C,YGR227W,1,1.3519639,0.2967693507671356,0.3946053981781006,0.09360936284065247
YLR078C,YKR079C,0,1.3518463,0.2965465486049652,0.3946053981781006,0.09370937198400497
YBR181C,YKL005C,0,1.3518168,0.29632407426834106,0.3946053981781006,0.09380938112735748
YML115C,YGL216W,0,1.3510528,0.29610195755958557,0.3946053981781006,0.09390939027070999
YJL221C,YBR121C,0,1.3505856,0.29588013887405396,0.3946053981781006,0.0940093994140625
YER178W,YML088W,0,1.3498737,0.295658677816391,0.3946053981781006,0.09410940855741501
YDR471W,YEL069C,0,1.3498133,0.2954375445842743,0.3946053981781006,0.09420941770076752
YOR336W,YAL023C,1,1.3482027,0.2959641218185425,0.3956044018268585,0.09420941770076752
YLR360W,YMR242C,0,1.3466042,0.29574307799339294,0.3956044018268585,0.09430943429470062
YKL130C,YDR098C,0,1.3459785,0.29552239179611206,0.3956044018268585,0.09440944343805313
YJL194W,YNL073W,0,1.3458877,0.29530200362205505,0.3956044018268585,0.09450945258140564
YPL179W,YFL048C,0,1.3456937,0.2950819730758667,0.3956044018268585,0.09460946172475815
YJL005W,YGL256W,0,1.3454098,0.2948622405529022,0.3956044018268585,0.09470947086811066
YHR171W,YGL111W,0,1.3445005,0.2946428656578064,0.3956044018268585,0.09480948001146317
YHR128W,YDL095W,1,1.344135,0.29516729712486267,0.39660340547561646,0.09480948001146317
YKL045W,YIL136W,0,1.3434507,0.2949479818344116,0.39660340547561646,0.09490948915481567
YFL023W,YKR049C,0,1.3424963,0.2947290241718292,0.39660340547561646,0.09500949829816818
YNL232W,YKL180W,0,1.342013,0.2945103943347931,0.39660340547561646,0.09510950744152069
YBR243C,YKR102W,0,1.3412257,0.29429206252098083,0.39660340547561646,0.0952095240354538
YBR084W,YML067C,0,1.3410743,0.29407408833503723,0.39660340547561646,0.0953095331788063
YPL231W,YHR051W,0,1.3409551,0.2938564121723175,0.39660340547561646,0.09540954232215881
YER184C,YKL155C,0,1.3401921,0.29363906383514404,0.39660340547561646,0.09550955146551132
YNL135C,YDR172W,0,1.3401307,0.29342201352119446,0.39660340547561646,0.09560956060886383
YBR248C,YML022W,1,1.3400152,0.2939438819885254,0.3976024091243744,0.09560956060886383
YJR155W,YDR341C,0,1.3395878,0.29372695088386536,0.3976024091243744,0.09570956975221634
YCR105W,YPL129W,0,1.3384305,0.2935103178024292,0.3976024091243744,0.09580957889556885
YMR032W,YIR038C,0,1.3379718,0.2932940423488617,0.3976024091243744,0.09590958803892136
YER150W,YML006C,0,1.3376414,0.29307806491851807,0.3976024091243744,0.09600960463285446
YJL003W,YBR276C,0,1.3373662,0.2928623855113983,0.3976024091243744,0.09610961377620697
YHR046C,YDR496C,0,1.3352817,0.2926470637321472,0.3976024091243744,0.09620962291955948
YAL033W,YCR030C,0,1.3352536,0.29243203997612,0.3976024091243744,0.09630963206291199
YIL070C,YKL179C,0,1.334952,0.29221731424331665,0.3976024091243744,0.0964096412062645
YGR199W,YNL158W,1,1.3348566,0.29273661971092224,0.3986014127731323,0.0964096412062645
YHR037W,YKL074C,0,1.3348306,0.29252198338508606,0.3986014127731323,0.096509650349617
YCR053W,YOL123W,0,1.3346391,0.29230770468711853,0.3986014127731323,0.09660965949296951
YNR016C,YDR045C,0,1.3344795,0.2920936942100525,0.3986014127731323,0.09670966863632202
YDR356W,YML097C,0,1.3341852,0.2918800413608551,0.3986014127731323,0.09680967777967453
YMR008C,YNR008W,0,1.3341714,0.2916666567325592,0.3986014127731323,0.09690969437360764
YNL291C,YIL042C,0,1.3321495,0.29145362973213196,0.3986014127731323,0.09700970351696014
YKR069W,YGR034W,0,1.3319805,0.2912408709526062,0.3986014127731323,0.09710971266031265
YGR174C,YDR033W,0,1.33192,0.2910284399986267,0.3986014127731323,0.09720972180366516
YDR421W,YLR197W,0,1.3308438,0.2908163368701935,0.3986014127731323,0.09730973094701767
YOR259C,YGL039W,0,1.3307114,0.29060450196266174,0.3986014127731323,0.09740974009037018
YHR158C,YPL240C,0,1.3298146,0.29039302468299866,0.3986014127731323,0.09750974923372269
YER090W,YGR254W,0,1.3296883,0.29018181562423706,0.3986014127731323,0.0976097583770752
YJR009C,YJL191W,0,1.3284866,0.28997093439102173,0.3986014127731323,0.0977097675204277
YBR061C,YNR007C,0,1.3280362,0.2897603511810303,0.3986014127731323,0.09780978411436081
YNL163C,YDR343C,0,1.3280233,0.2895500659942627,0.3986014127731323,0.09790979325771332
YPR017C,YHR001W-A,0,1.3278913,0.2893401086330414,0.3986014127731323,0.09800980240106583
YGR077C,YGR026W,0,1.3274509,0.28913044929504395,0.3986014127731323,0.09810981154441833
YHR033W,YDR301W,0,1.3264674,0.288921058177948,0.3986014127731323,0.09820982068777084
YHR128W,YGL257C,1,1.3263685,0.28943559527397156,0.39960038661956787,0.09820982068777084
YOR265W,YHR140W,0,1.3257685,0.28922632336616516,0.39960038661956787,0.09830982983112335
YDR483W,YBR049C,0,1.3255931,0.28901734948158264,0.39960038661956787,0.09840983897447586
YIL154C,YPR113W,0,1.3249146,0.288808673620224,0.39960038661956787,0.09850984811782837
YKR026C,YFL061W,0,1.3247625,0.28860029578208923,0.39960038661956787,0.09860985726118088
YGR088W,YDR033W,0,1.3233165,0.28839221596717834,0.39960038661956787,0.09870987385511398
YJR075W,YDL093W,1,1.3216492,0.28890490531921387,0.4005993902683258,0.09870987385511398
YPL058C,YNL192W,0,1.3216087,0.28869691491127014,0.4005993902683258,0.09880988299846649
YLR092W,YML012W,0,1.319858,0.2884892225265503,0.4005993902683258,0.098909892141819
YLR441C,YKL110C,0,1.3184496,0.28828179836273193,0.4005993902683258,0.09900990128517151
YGR189C,YDR364C,0,1.3180071,0.28807470202445984,0.4005993902683258,0.09910991042852402
YKR066C,YIL004C,0,1.3177407,0.2878679037094116,0.4005993902683258,0.09920991957187653
YML091C,YNL190W,0,1.3173163,0.2876614034175873,0.4005993902683258,0.09930992871522903
YDL195W,YGR214W,0,1.3162994,0.2874552011489868,0.4005993902683258,0.09940993785858154
YGR106C,YJL011C,0,1.3161566,0.28724929690361023,0.4005993902683258,0.09950995445251465
YHR133C,YGR159C,0,1.3159229,0.28704366087913513,0.4005993902683258,0.09960996359586716
YBR161W,YGL226C-A,1,1.3157297,0.2875536382198334,0.40159839391708374,0.09960996359586716
YDR222W,YBR287W,0,1.3156481,0.28734809160232544,0.40159839391708374,0.09970997273921967
YDR315C,YPR113W,0,1.314627,0.2871428430080414,0.40159839391708374,0.09980998188257217
YLR209C,YJL002C,1,1.3134829,0.2876516878604889,0.4025973975658417,0.09980998188257217
YOR341W,YNL025C,0,1.313305,0.2874464988708496,0.4025973975658417,0.09990999102592468
YMR300C,YLR153C,0,1.312354,0.2872416377067566,0.4025973975658417,0.10001000016927719
YPL115C,YOL057W,0,1.3114861,0.28703704476356506,0.4025973975658417,0.1001100093126297
YOR298W,YHR008C,0,1.3112079,0.2868327498435974,0.4025973975658417,0.10021001845598221
YPR080W,YNL164C,0,1.309707,0.28662872314453125,0.4025973975658417,0.10031002759933472
YOR270C,YLR348C,0,1.3091481,0.28642502427101135,0.4025973975658417,0.10041004419326782
YGL144C,YLR237W,0,1.3088021,0.28622159361839294,0.4025973975658417,0.10051005333662033
YMR270C,YHR142W,0,1.3086361,0.2860184609889984,0.4025973975658417,0.10061006247997284
YKL053C-A,YDR190C,0,1.3077229,0.28581559658050537,0.4025973975658417,0.10071007162332535
YGL139W,YGL060W,0,1.3075901,0.2856130301952362,0.4025973975658417,0.10081008076667786
YER162C,YOR222W,0,1.3073459,0.2854107618331909,0.4025973975658417,0.10091008991003036
YOR254C,YLR079W,0,1.3056109,0.2852087616920471,0.4025973975658417,0.10101009905338287
YJR063W,YML049C,0,1.3054683,0.2850070595741272,0.4025973975658417,0.10111010819673538
YPL053C,YIL085C,1,1.303268,0.28551235795021057,0.4035964012145996,0.10111010819673538
YGL257C,YDR354W,1,1.302945,0.28601694107055664,0.40459540486335754,0.10111010819673538
YGR056W,YPL271W,0,1.3024648,0.2858150899410248,0.40459540486335754,0.10121011734008789
YOR336W,YOR103C,1,1.3020574,0.28631874918937683,0.4055944085121155,0.10121011734008789
YLL050C,YBR055C,0,1.2988852,0.28611698746681213,0.4055944085121155,0.101310133934021
YAR002C-A,YPL099C,0,1.2988601,0.2859154939651489,0.4055944085121155,0.1014101430773735
YLR299W,YCR028C,0,1.2975777,0.2857142984867096,0.4055944085121155,0.10151015222072601
YBR097W,YHR057C,0,1.2973264,0.28551337122917175,0.4055944085121155,0.10161016136407852
YMR230W,YFR030W,0,1.2966162,0.2853127121925354,0.4055944085121155,0.10171017050743103
YNR041C,YLR020C,0,1.2960571,0.2851123511791229,0.4055944085121155,0.10181017965078354
YPR080W,YNR002C,0,1.2959484,0.2849122881889343,0.4055944085121155,0.10191018879413605
YPL001W,YEL040W,0,1.2957772,0.2847124934196472,0.4055944085121155,0.10201019793748856
YJR092W,YER101C,0,1.2957184,0.2845129668712616,0.4055944085121155,0.10211021453142166
YBL100W-B,YBL011W,0,1.294934,0.28431373834609985,0.4055944085121155,0.10221022367477417
YPR041W,YNL054W,0,1.2946814,0.2841147780418396,0.4055944085121155,0.10231023281812668
YOR320C,YLR017W,1,1.2942244,0.2846153974533081,0.4065934121608734,0.10231023281812668
YKL096W-A,YMR307W,0,1.294177,0.2844164967536926,0.4065934121608734,0.10241024196147919
YMR006C,YLR203C,0,1.2926856,0.28421786427497864,0.4065934121608734,0.1025102511048317
YGL142C,YGR199W,1,1.292592,0.2847173810005188,0.40759241580963135,0.1025102511048317
YOL010W,YNR038W,0,1.292431,0.284518837928772,0.40759241580963135,0.1026102602481842
YIL125W,YER177W,0,1.2923038,0.28432056307792664,0.40759241580963135,0.10271026939153671
YOR092W,YLL019C,0,1.2920476,0.2841225564479828,0.40759241580963135,0.10281027853488922
YIL051C,YGL116W,0,1.2917979,0.2839248478412628,0.40759241580963135,0.10291028767824173
YPR098C,YHR167W,0,1.2914832,0.28372740745544434,0.40759241580963135,0.10301030427217484
YEL013W,YLR293C,0,1.2910701,0.28353023529052734,0.40759241580963135,0.10311031341552734
YDR044W,YLR244C,0,1.2906276,0.28333333134651184,0.40759241580963135,0.10321032255887985
YBR038W,YFR015C,1,1.2901361,0.2838306725025177,0.4085914194583893,0.10321032255887985
YPL143W,YDR380W,0,1.2898632,0.283633828163147,0.4085914194583893,0.10331033170223236
YDR247W,YBR162C,0,1.289668,0.2834372818470001,0.4085914194583893,0.10341034084558487
YBR112C,YHR143W,0,1.2890352,0.28324100375175476,0.4085914194583893,0.10351034998893738
YPL175W,YOR209C,1,1.2889997,0.28373703360557556,0.4095904231071472,0.10351034998893738
YOR239W,YOR359W,0,1.2888657,0.283540815114975,0.4095904231071472,0.10361035913228989
YDR328C,YJR118C,0,1.2886653,0.2833448648452759,0.4095904231071472,0.1037103682756424
YOR216C,YJR015W,0,1.288423,0.28314918279647827,0.4095904231071472,0.1038103774189949
YGL113W,YER056C,0,1.2883068,0.28295376896858215,0.4095904231071472,0.10391039401292801
YOR067C,YPL057C,1,1.2878362,0.2834482789039612,0.41058939695358276,0.10391039401292801
YPL098C,YCR044C,0,1.2876234,0.28325292468070984,0.41058939695358276,0.10401040315628052
YLR447C,YKL181W,0,1.2862179,0.28305783867836,0.41058939695358276,0.10411041229963303
YOR149C,YNL158W,1,1.2856729,0.28355127573013306,0.4115884006023407,0.10411041229963303
YMR090W,YOL103W,0,1.2850804,0.283356249332428,0.4115884006023407,0.10421042144298553
YOR149C,YGR199W,1,1.2850024,0.2838487923145294,0.41258740425109863,0.10421042144298553
YDR144C,YMR171C,0,1.2844974,0.2836538553237915,0.41258740425109863,0.10431043058633804
YKR096W,YMR033W,0,1.2836682,0.2834591567516327,0.41258740425109863,0.10441043972969055
YMR169C,YHR027C,0,1.2829968,0.28326475620269775,0.41258740425109863,0.10451044887304306
YLR105C,YPL094C,0,1.2816123,0.2830705940723419,0.41258740425109863,0.10461045801639557
YNL029C,YNL192W,1,1.28035,0.283561646938324,0.41358640789985657,0.10461045801639557
YOR167C,YDR273W,0,1.2802213,0.2833675444126129,0.41358640789985657,0.10471047461032867
YBR199W,YML019W,1,1.2797769,0.2838577330112457,0.4145854115486145,0.10471047461032867
YNL121C,YGR161C,0,1.2788771,0.28366369009017944,0.4145854115486145,0.10481048375368118
YBR015C,YOR149C,1,1.2787162,0.284153014421463,0.41558441519737244,0.10481048375368118
YDR422C,YOR099W,0,1.2777492,0.2839590311050415,0.41558441519737244,0.10491049289703369
YJL002C,YML022W,1,1.2775627,0.28444746136665344,0.41658341884613037,0.10491049289703369
YBR205W,YBR023C,1,1.2764419,0.28493523597717285,0.4175824224948883,0.10491049289703369
YMR200W,YLR043C,0,1.276043,0.2847411334514618,0.4175824224948883,0.1050105020403862
YNR061C,YMR180C,0,1.2756745,0.2845472991466522,0.4175824224948883,0.10511051118373871
YHR099W,YGL019W,0,1.2754469,0.28435373306274414,0.4175824224948883,0.10521052032709122
YPL223C,YDL140C,0,1.2743806,0.28416043519973755,0.4175824224948883,0.10531052947044373
YOR087W,YKR077W,0,1.2739488,0.28396740555763245,0.4175824224948883,0.10541053861379623
YKR006C,YPR031W,0,1.2731746,0.28377461433410645,0.4175824224948883,0.10551054775714874
YNL189W,YDR510W,0,1.2721099,0.28358209133148193,0.4175824224948883,0.10561056435108185
YLR441C,YMR217W,0,1.2720829,0.2833898365497589,0.4175824224948883,0.10571057349443436
YNL031C,YER113C,0,1.2720317,0.283197820186615,0.4175824224948883,0.10581058263778687
YOR027W,YKR071C,0,1.2711698,0.28300610184669495,0.4175824224948883,0.10591059178113937
YNL163C,YPL280W,0,1.2705554,0.282814621925354,0.4175824224948883,0.10601060092449188
YBR002C,YBR158W,0,1.2705175,0.28262338042259216,0.4175824224948883,0.10611061006784439
YML031W,YLL038C,0,1.270252,0.2824324369430542,0.4175824224948883,0.1062106192111969
YPR041W,YJL174W,0,1.269602,0.28224173188209534,0.4175824224948883,0.10631062835454941
YER036C,YOR262W,0,1.269177,0.28205129504203796,0.4175824224948883,0.10641063749790192
YDR105C,YHL027W,0,1.2691036,0.2818610966205597,0.4175824224948883,0.10651065409183502
YJR126C,YDR510W,0,1.2659725,0.2816711664199829,0.4175824224948883,0.10661066323518753
YBR001C,YOL133W,0,1.2657673,0.28148147463798523,0.4175824224948883,0.10671067237854004
YNL029C,YGR199W,1,1.2653584,0.2819650173187256,0.41858142614364624,0.10671067237854004
YBR243C,YGL022W,1,1.2645403,0.282447874546051,0.4195804297924042,0.10671067237854004
YPL169C,YKL060C,0,1.2640477,0.2822580635547638,0.4195804297924042,0.10681068152189255
YPL092W,YDR301W,0,1.2636981,0.28206849098205566,0.4195804297924042,0.10691069066524506
YJR075W,YNL192W,1,1.2635583,0.2825503349304199,0.4205794334411621,0.10691069066524506
YLL001W,YPR187W,0,1.2633342,0.28236082196235657,0.4205794334411621,0.10701069980859756
YMR071C,YHR161C,0,1.2628138,0.2821715772151947,0.4205794334411621,0.10711070895195007
YPR041W,YHR011W,0,1.2621527,0.28198257088661194,0.4205794334411621,0.10721071809530258
YDR354W,YFR015C,1,1.25957,0.2824631929397583,0.42157840728759766,0.10721071809530258
YOL004W,YDR127W,0,1.259057,0.2822742462158203,0.42157840728759766,0.10731073468923569
YOR209C,YGR216C,1,1.2586569,0.28275400400161743,0.4225774109363556,0.10731073468923569
YNR030W,YNL158W,1,1.2586182,0.2832331359386444,0.4235764145851135,0.10731073468923569
YGL192W,YMR287C,0,1.2585506,0.28304407000541687,0.4235764145851135,0.1074107438325882
YEL030W,YPR143W,0,1.257272,0.28285524249076843,0.4235764145851135,0.1075107529759407
YBR161W,YML106W,1,1.2571759,0.28333333134651184,0.42457541823387146,0.1075107529759407
YNR055C,YDL059C,0,1.2569958,0.2831445634365082,0.42457541823387146,0.10761076211929321
YJL033W,YOR027W,0,1.256641,0.282956063747406,0.42457541823387146,0.10771077126264572
YDR075W,YDR158W,0,1.2556921,0.28276780247688293,0.42457541823387146,0.10781078040599823
YIR026C,YJL134W,0,1.2551963,0.28257977962493896,0.42457541823387146,0.10791078954935074
YHR110W,YMR146C,0,1.2543199,0.2823920249938965,0.42457541823387146,0.10801079869270325
YML100W,YBR199W,1,1.251775,0.28286853432655334,0.4255744218826294,0.10801079869270325
YLR029C,YPR169W,0,1.2514108,0.28268080949783325,0.4255744218826294,0.10811080783605576
YLR209C,YBR126C,1,1.2509342,0.28315648436546326,0.42657342553138733,0.10811080783605576
YEL058W,YDL047W,0,1.2503865,0.2829688489437103,0.42657342553138733,0.10821082442998886
YKL117W,YNL039W,0,1.2498261,0.2827814519405365,0.42657342553138733,0.10831083357334137
YHR215W,YMR009W,0,1.2496728,0.28259432315826416,0.42657342553138733,0.10841084271669388
YDL235C,YGR194C,0,1.2490286,0.28240740299224854,0.42657342553138733,0.10851085186004639
YOL096C,YPL101W,0,1.248614,0.2822207510471344,0.42657342553138733,0.1086108610033989
YKL013C,YKL004W,0,1.2484137,0.28203433752059937,0.42657342553138733,0.1087108701467514
YBR159W,YER131W,0,1.2464601,0.2818481922149658,0.42657342553138733,0.10881087929010391
YFR033C,YPL129W,0,1.2460552,0.281662255525589,0.42657342553138733,0.10891088843345642
YDR087C,YDR172W,0,1.2455595,0.28147658705711365,0.42657342553138733,0.10901089757680893
YKR034W,YOL124C,0,1.2445924,0.2812911868095398,0.42657342553138733,0.10911091417074203
YDR105C,YMR308C,0,1.2434884,0.28110599517822266,0.42657342553138733,0.10921092331409454
YML085C,YPR068C,0,1.2434435,0.2809210419654846,0.42657342553138733,0.10931093245744705
YDR301W,YDR005C,0,1.2422965,0.28073635697364807,0.42657342553138733,0.10941094160079956
YJR054W,YBL030C,0,1.2418202,0.2805519104003906,0.42657342553138733,0.10951095074415207
YBR003W,YPR031W,0,1.2408506,0.2803677022457123,0.42657342553138733,0.10961095988750458
YOR358W,YML012W,0,1.2401428,0.28018373250961304,0.42657342553138733,0.10971096903085709
YLR289W,YJL183W,0,1.2390416,0.2800000011920929,0.42657342553138733,0.1098109781742096
YNL159C,YPR187W,0,1.2390234,0.27981650829315186,0.42657342553138733,0.1099109947681427
YDR367W,YOL090W,0,1.2388474,0.2796332538127899,0.42657342553138733,0.11001100391149521
YJL197W,YKL210W,0,1.23849,0.27945026755332947,0.42657342553138733,0.11011101305484772
YMR267W,YGL085W,0,1.2383839,0.27926748991012573,0.42657342553138733,0.11021102219820023
YLR345W,YLR215C,0,1.2380663,0.2790849804878235,0.42657342553138733,0.11031103134155273
YJR060W,YOL101C,0,1.2375966,0.27890267968177795,0.42657342553138733,0.11041104048490524
YBL088C,YCR052W,0,1.2375778,0.2787206172943115,0.42657342553138733,0.11051104962825775
YGL142C,YGL022W,1,1.237553,0.27919113636016846,0.42757242918014526,0.11051104962825775
YBR126C,YJL186W,1,1.2375308,0.27966102957725525,0.4285714328289032,0.11051104962825775
YBR161W,YKL004W,1,1.2366186,0.2801302969455719,0.42957043647766113,0.11051104962825775
YDR365C,YOL129W,0,1.2363216,0.2799479067325592,0.42957043647766113,0.11061105877161026
YOR002W,YIL014W,1,1.2360805,0.2804163992404938,0.43056944012641907,0.11061105877161026
YFR047C,YOR103C,1,1.2359272,0.2808842658996582,0.431568443775177,0.11061105877161026
YIL126W,YOR374W,0,1.2358721,0.28070175647735596,0.431568443775177,0.11071106791496277
YNL182C,YOR216C,0,1.2345121,0.2805194854736328,0.431568443775177,0.11081108450889587
YFR007W,YBR257W,0,1.2341567,0.28033745288848877,0.431568443775177,0.11091109365224838
YML055W,YDR436W,0,1.2340926,0.28015562891960144,0.431568443775177,0.11101110279560089
YAL007C,YER072W,0,1.2322801,0.2799740731716156,0.431568443775177,0.1111111119389534
YNL238W,YNL284C,0,1.2307256,0.27979275584220886,0.431568443775177,0.11121112108230591
YCR010C,YNL129W,0,1.2304575,0.27961164712905884,0.431568443775177,0.11131113022565842
YLR085C,YJL045W,0,1.2294668,0.2794307768344879,0.431568443775177,0.11141113936901093
YMR312W,YDL075W,0,1.2294447,0.2792501747608185,0.431568443775177,0.11151114851236343
YBR009C,YBR074W,0,1.2282313,0.27906978130340576,0.431568443775177,0.11161115765571594
YML100W,YBR038W,1,1.2274898,0.279535174369812,0.43256744742393494,0.11161115765571594
YBR086C,YHR210C,0,1.2266394,0.27935484051704407,0.43256744742393494,0.11171117424964905
YPL113C,YDR262W,0,1.2263356,0.27917471528053284,0.43256744742393494,0.11181118339300156
YJL137C,YOR002W,1,1.2259161,0.27963918447494507,0.4335664212703705,0.11181118339300156
YOR227W,YLR300W,0,1.2248212,0.2794591188430786,0.4335664212703705,0.11191119253635406
YPL271W,YNL133C,0,1.2232705,0.27927929162979126,0.4335664212703705,0.11201120167970657
YNL046W,YLR050C,0,1.2229674,0.2790996730327606,0.4335664212703705,0.11211121082305908
YHR001W-A,YPR071W,0,1.2227647,0.27892032265663147,0.4335664212703705,0.11221121996641159
YMR221C,YHR010W,0,1.2224656,0.27874118089675903,0.4335664212703705,0.1123112291097641
YPL271W,YMR153W,0,1.2216848,0.2785622477531433,0.4335664212703705,0.11241123825311661
YDR077W,YOR222W,0,1.2199475,0.2783835828304291,0.4335664212703705,0.11251125484704971
YGL022W,YPL227C,1,1.2190669,0.2788461446762085,0.4345654249191284,0.11251125484704971
YCR105W,YDL120W,0,1.2176882,0.27866750955581665,0.4345654249191284,0.11261126399040222
YLL045C,YDR131C,0,1.2173105,0.2784891128540039,0.4345654249191284,0.11271127313375473
YKL014C,YMR091C,0,1.2165455,0.27831095457077026,0.4345654249191284,0.11281128227710724
YCL052C,YBR070C,1,1.216211,0.27877238392829895,0.43556442856788635,0.11281128227710724
YBR052C,YDR093W,0,1.2160933,0.2785942554473877,0.43556442856788635,0.11291129142045975
YER178W,YGR254W,0,1.216032,0.27841633558273315,0.43556442856788635,0.11301130056381226
YJL101C,YJR004C,0,1.2147244,0.2782386839389801,0.43556442856788635,0.11311130970716476
YFR047C,YER055C,1,1.2133964,0.27869898080825806,0.4365634322166443,0.11311130970716476
YLL021W,YKL061W,0,1.2132195,0.2785213589668274,0.4365634322166443,0.11321131885051727
YFR006W,YBR036C,0,1.212698,0.27834394574165344,0.4365634322166443,0.11331132799386978
YIL125W,YDL206W,0,1.2113955,0.2781667709350586,0.4365634322166443,0.11341134458780289
YHL034C,YLR100W,0,1.2107587,0.27798983454704285,0.4365634322166443,0.1135113537311554
YJL012C,YPL239W,0,1.2106456,0.2778131067752838,0.4365634322166443,0.1136113628745079
YFR001W,YMR006C,0,1.2106241,0.2776365876197815,0.4365634322166443,0.11371137201786041
YKL212W,YNL311C,0,1.2104126,0.2774603068828583,0.4365634322166443,0.11381138116121292
YHL032C,YNL207W,0,1.2097076,0.27728426456451416,0.4365634322166443,0.11391139030456543
YPL146C,YIL053W,0,1.2095693,0.27710843086242676,0.4365634322166443,0.11401139944791794
YDL043C,YPL231W,0,1.2091953,0.27693283557891846,0.4365634322166443,0.11411140859127045
YNL029C,YEL036C,1,1.2089666,0.2773907482624054,0.4375624358654022,0.11411140859127045
YMR314W,YNL026W,0,1.2087039,0.2772151827812195,0.4375624358654022,0.11421141773462296
YBL028C,YLR258W,0,1.2077984,0.27703985571861267,0.4375624358654022,0.11431143432855606
YDR201W,YDL029W,0,1.2075001,0.2768647372722626,0.4375624358654022,0.11441144347190857
YCR039C,YOR182C,0,1.2040994,0.2766898274421692,0.4375624358654022,0.11451145261526108
YHR179W,YNL178W,0,1.2039777,0.2765151560306549,0.4375624358654022,0.11461146175861359
YLR118C,YJL166W,0,1.2039502,0.27634069323539734,0.4375624358654022,0.1147114709019661
YJL219W,YIL061C,0,1.2032524,0.27616646885871887,0.4375624358654022,0.1148114800453186
YBR041W,YIL026C,0,1.2032328,0.2759924530982971,0.4375624358654022,0.11491148918867111
YPL175W,YPR183W,1,1.2030612,0.2764483690261841,0.43856143951416016,0.11491148918867111
YOL045W,YMR054W,0,1.2029172,0.2762743830680847,0.43856143951416016,0.11501149833202362
YDR322W,YDR524C,0,1.202114,0.27610063552856445,0.43856143951416016,0.11511150747537613
YBR161W,YOR149C,1,1.201998,0.2765556275844574,0.4395604431629181,0.11511150747537613
YNL297C,YPL075W,0,1.2010671,0.2763819098472595,0.4395604431629181,0.11521152406930923
YPR041W,YJR025C,0,1.2009428,0.27620840072631836,0.4395604431629181,0.11531153321266174
YLR160C,YBR054W,0,1.2008474,0.2760351300239563,0.4395604431629181,0.11541154235601425
YCR053W,YKL078W,0,1.2006841,0.27586206793785095,0.4395604431629181,0.11551155149936676
YDR536W,YNL079C,0,1.2004129,0.2756892144680023,0.4395604431629181,0.11561156064271927
YKL164C,YBL085W,0,1.1996723,0.2755165994167328,0.4395604431629181,0.11571156978607178
YOR278W,YNL016W,0,1.1993649,0.27534419298171997,0.4395604431629181,0.11581157892942429
YDR226W,YJR036C,0,1.198481,0.27517199516296387,0.4395604431629181,0.1159115880727768
YDL074C,YDR012W,0,1.1984555,0.2750000059604645,0.4395604431629181,0.1160116046667099
YML104C,YDR190C,0,1.1981895,0.2748282253742218,0.4395604431629181,0.11611161381006241
YDL198C,YBR155W,0,1.1972965,0.2746566832065582,0.4395604431629181,0.11621162295341492
YLR010C,YKR085C,0,1.1972536,0.27448534965515137,0.4395604431629181,0.11631163209676743
YHR088W,YOR294W,0,1.1965133,0.2743142247200012,0.4395604431629181,0.11641164124011993
YEL032W,YOR201C,0,1.1954902,0.2741433084011078,0.4395604431629181,0.11651165038347244
YMR261C,YML106W,1,1.1947073,0.2745952606201172,0.440559446811676,0.11651165038347244
YDR025W,YOR273C,0,1.1938767,0.27442440390586853,0.440559446811676,0.11661165952682495
YOL122C,YBR149W,0,1.1929644,0.2742537260055542,0.440559446811676,0.11671166867017746
YBR024W,YMR056C,0,1.1928641,0.27408328652381897,0.440559446811676,0.11681167781352997
YPL083C,YER044C,0,1.1916025,0.27391305565834045,0.440559446811676,0.11691169440746307
YFL039C,YJL097W,0,1.1915333,0.27374300360679626,0.440559446811676,0.11701170355081558
YJR013W,YFR047C,1,1.1914626,0.27419355511665344,0.44155845046043396,0.11701170355081558
YLR342W,YDR483W,1,1.1912475,0.27464351058006287,0.4425574541091919,0.11701170355081558
YKL067W,YNL293W,0,1.1907116,0.2744733691215515,0.4425574541091919,0.11711171269416809
YMR275C,YDR188W,0,1.1905826,0.2743034064769745,0.4425574541091919,0.1172117218375206
YER063W,YGL126W,0,1.1904908,0.2741336524486542,0.4425574541091919,0.11731173098087311
YML023C,YML106W,0,1.1894535,0.27396413683891296,0.4425574541091919,0.11741174012422562
YMR247C,YOR206W,0,1.1892859,0.2737948000431061,0.4425574541091919,0.11751174926757812
YCR020C,YMR203W,0,1.1888913,0.2736257016658783,0.4425574541091919,0.11761175841093063
YLL062C,YGR169C,0,1.1887001,0.27345678210258484,0.4425574541091919,0.11771176755428314
YJR010C-A,YAL017W,0,1.1886467,0.2732881009578705,0.4425574541091919,0.11781178414821625
YCL004W,YPR063C,0,1.1881107,0.27311959862709045,0.4425574541091919,0.11791179329156876
YJL002C,YOR103C,1,1.1877002,0.27356746792793274,0.44355645775794983,0.11791179329156876
YDR242W,YEL001C,0,1.1873188,0.2733990252017975,0.44355645775794983,0.11801180243492126
YBL068W,YDR212W,0,1.1872712,0.27323076128959656,0.44355645775794983,0.11811181157827377
YLR404W,YLR121C,0,1.1869237,0.27306273579597473,0.44355645775794983,0.11821182072162628
YHR193C,YPR148C,0,1.1845763,0.27289488911628723,0.44355645775794983,0.11831182986497879
YNL183C,YLR042C,0,1.1843587,0.27272728085517883,0.44355645775794983,0.1184118390083313
YOR187W,YER089C,0,1.1840912,0.27255985140800476,0.44355645775794983,0.11851184815168381
YMR226C,YOL020W,0,1.1836295,0.2723926305770874,0.44355645775794983,0.11861186474561691
YLR384C,YNL339C,0,1.1833632,0.27222561836242676,0.44355645775794983,0.11871187388896942
YPL244C,YDL007W,0,1.1825261,0.2720588147640228,0.44355645775794983,0.11881188303232193
YLR285W,YOR002W,0,1.1816236,0.2718922197818756,0.44355645775794983,0.11891189217567444
YML009C,YMR273C,0,1.1813956,0.2717258334159851,0.44355645775794983,0.11901190131902695
YOL010W,YGL219C,0,1.1811987,0.27155962586402893,0.44355645775794983,0.11911191046237946
YLR192C,YLL016W,0,1.1809047,0.27139365673065186,0.44355645775794983,0.11921191960573196
YPR035W,YPR028W,0,1.180583,0.2712278664112091,0.44355645775794983,0.11931192874908447
YGR101W,YMR282C,0,1.1794981,0.27106228470802307,0.44355645775794983,0.11941193789243698
YOR048C,YPL036W,0,1.1793482,0.27089688181877136,0.44355645775794983,0.11951195448637009
YDR023W,YNL092W,0,1.1790942,0.27073171734809875,0.44355645775794983,0.1196119636297226
YHR128W,YER055C,1,1.1778982,0.2711760997772217,0.4445554316043854,0.1196119636297226
YPL050C,YDR418W,0,1.1778615,0.27101096510887146,0.4445554316043854,0.1197119727730751
YDR096W,YFR037C,0,1.1778566,0.27084600925445557,0.4445554316043854,0.11981198191642761
YNL098C,YBR038W,0,1.1775265,0.2706812620162964,0.4445554316043854,0.11991199105978012
YDR418W,YDR317W,0,1.1775051,0.2705167233943939,0.4445554316043854,0.12001200020313263
YBL082C,YGR032W,1,1.1772443,0.27095991373062134,0.4455544352531433,0.12001200020313263
YEL039C,YNR038W,0,1.1761626,0.27079537510871887,0.4455544352531433,0.12011200934648514
YDR453C,YBR273C,0,1.1729964,0.2706310749053955,0.4455544352531433,0.12021201848983765
YAL056W,YDR328C,0,1.1723132,0.27046695351600647,0.4455544352531433,0.12031202763319016
YJR013W,YCL052C,1,1.1721218,0.2709091007709503,0.44655343890190125,0.12031202763319016
YPL043W,YIL108W,0,1.1714106,0.27074500918388367,0.44655343890190125,0.12041204422712326
YAL060W,YGL085W,0,1.171322,0.27058112621307373,0.44655343890190125,0.12051205337047577
YLR009W,YJL190C,0,1.1710255,0.2704174220561981,0.44655343890190125,0.12061206251382828
YPL148C,YNL073W,0,1.1706859,0.2702539265155792,0.44655343890190125,0.12071207165718079
YPR055W,YNL297C,0,1.1706518,0.27009063959121704,0.44655343890190125,0.1208120808005333
YMR035W,YDR326C,0,1.1703352,0.2699275314807892,0.44655343890190125,0.1209120899438858
YER001W,YJR133W,1,1.1698931,0.27036812901496887,0.4475524425506592,0.1209120899438858
YGL038C,YLR189C,1,1.169699,0.2708081901073456,0.4485514461994171,0.1209120899438858
YAL015C,YOL038W,0,1.1692924,0.2706449627876282,0.4485514461994171,0.12101209908723831
YDR307W,YEL036C,1,1.1690515,0.27108433842658997,0.44955044984817505,0.12101209908723831
YPL210C,YDR523C,0,1.1670433,0.27092114090919495,0.44955044984817505,0.12111210823059082
YER149C,YMR020W,0,1.1668563,0.27075812220573425,0.44955044984817505,0.12121212482452393
YLR380W,YGR281W,0,1.1665411,0.2705953121185303,0.44955044984817505,0.12131213396787643
YIR036C,YAL025C,0,1.1665026,0.2704326808452606,0.44955044984817505,0.12141214311122894
YHR158C,YOR076C,0,1.1663787,0.2702702581882477,0.44955044984817505,0.12151215225458145
YER025W,YDL075W,0,1.1661297,0.27010804414749146,0.44955044984817505,0.12161216139793396
YAL017W,YDR009W,0,1.1656739,0.26994600892066956,0.44955044984817505,0.12171217054128647
YMR275C,YDR062W,0,1.1653508,0.26978418231010437,0.44955044984817505,0.12181217968463898
YBR114W,YGR026W,0,1.1652128,0.2696225345134735,0.44955044984817505,0.12191218882799149
YBR191W,YJR001W,0,1.163782,0.269461065530777,0.44955044984817505,0.122012197971344
YOR310C,YDR002W,0,1.1632797,0.26929983496665955,0.44955044984817505,0.1221122145652771
YOR085W,YDL095W,1,1.1621798,0.2697368562221527,0.450549453496933,0.1221122145652771
YDR144C,YGL085W,0,1.1619338,0.2695756256580353,0.450549453496933,0.12221222370862961
YPL053C,YIL014W,1,1.1612773,0.2700119614601135,0.4515484571456909,0.12221222370862961
YGL142C,YNR037C,0,1.1611483,0.2698507606983185,0.4515484571456909,0.12231223285198212
YPL186C,YEL036C,0,1.1606898,0.26968973875045776,0.4515484571456909,0.12241224199533463
YGR095C,YBR247C,0,1.1600903,0.26952892541885376,0.4515484571456909,0.12251225113868713
YER178W,YBR257W,0,1.1597334,0.2693682909011841,0.4515484571456909,0.12261226028203964
YGL232W,YJR078W,0,1.1593779,0.2692078649997711,0.4515484571456909,0.12271226942539215
YMR149W,YFR047C,1,1.1589829,0.2696428596973419,0.45254746079444885,0.12271226942539215
YGR120C,YNL085W,0,1.1588713,0.26948246359825134,0.45254746079444885,0.12281227856874466
YPL098C,YLR224W,0,1.1586388,0.2693222463130951,0.45254746079444885,0.12291228771209717
YOL093W,YOL092W,0,1.1585926,0.26916220784187317,0.45254746079444885,0.12301230430603027
YBR158W,YER164W,0,1.1566314,0.26900237798690796,0.45254746079444885,0.12311231344938278
YDL137W,YJL225C,0,1.1566234,0.2688427269458771,0.45254746079444885,0.12321232259273529
YBR243C,YOR207C,0,1.1559793,0.2686832845211029,0.45254746079444885,0.1233123317360878
YDR098C,YOR201C,0,1.1558665,0.26852402091026306,0.45254746079444885,0.12341234087944031
YML129C,YDL180W,0,1.1558018,0.26836493611335754,0.45254746079444885,0.12351235002279282
YNL094W,YOR054C,0,1.1554885,0.26820603013038635,0.45254746079444885,0.12361235916614532
YHR133C,YIL120W,0,1.1554614,0.2680473327636719,0.45254746079444885,0.12371236830949783
YMR101C,YOR132W,0,1.1549429,0.2678888142108917,0.45254746079444885,0.12381238490343094
YML057W,YKL062W,0,1.1540972,0.2677305042743683,0.45254746079444885,0.12391239404678345
YPR032W,YER139C,0,1.1535617,0.2675723433494568,0.45254746079444885,0.12401240319013596
YDL192W,YIR031C,0,1.1533517,0.267414391040802,0.45254746079444885,0.12411241233348846
YMR284W,YJL130C,0,1.1526446,0.26725664734840393,0.45254746079444885,0.12421242147684097
YOR075W,YJL191W,0,1.152254,0.2670990526676178,0.45254746079444885,0.12431243062019348
YDR287W,YBR175W,0,1.1517707,0.2669416666030884,0.45254746079444885,0.12441243976354599
YEL052W,YJR123W,0,1.1512233,0.2667844593524933,0.45254746079444885,0.1245124489068985
YOR067C,YNR059W,1,1.1507286,0.2672159969806671,0.4535464644432068,0.1245124489068985
YBR245C,YOR306C,0,1.1497271,0.2670588195323944,0.4535464644432068,0.12461245805025101
YML102W,YDR204W,0,1.146546,0.26690182089805603,0.4535464644432068,0.12471247464418411
YDR135C,YBR086C,0,1.146412,0.266745001077652,0.4535464644432068,0.12481248378753662
YDL144C,YCR009C,0,1.1444699,0.26658836007118225,0.4535464644432068,0.12491249293088913
YIL148W,YDR101C,0,1.1430532,0.26643192768096924,0.4535464644432068,0.12501250207424164
YKL156W,YDR057W,0,1.1430142,0.26627567410469055,0.4535464644432068,0.12511251866817474
YKL089W,YBR274W,0,1.142799,0.2661195695400238,0.4535464644432068,0.12521252036094666
YHR044C,YPR119W,0,1.1420876,0.26596367359161377,0.4535464644432068,0.12531253695487976
YKR006C,YDR128W,0,1.1417716,0.26580795645713806,0.4535464644432068,0.12541253864765167
YNL301C,YHR086W,0,1.1406959,0.2656524181365967,0.4535464644432068,0.12551255524158478
YGL067W,YFL038C,0,1.1406324,0.265497088432312,0.4535464644432068,0.1256125569343567
YAR009C,YLR019W,0,1.1403928,0.2653419077396393,0.4535464644432068,0.1257125735282898
YFR006W,YDR201W,0,1.1403068,0.2651869058609009,0.4535464644432068,0.1258125752210617
YJL079C,YLR134W,0,1.1393772,0.2650321125984192,0.4535464644432068,0.1259125918149948
YGR245C,YDR377W,0,1.1391159,0.26487746834754944,0.4535464644432068,0.12601260840892792
YDL065C,YJL213W,0,1.1385657,0.2647230327129364,0.4535464644432068,0.12611261010169983
YML056C,YJL124C,0,1.1385461,0.2645687758922577,0.4535464644432068,0.12621262669563293
YBR189W,YLR266C,0,1.1383306,0.2644146680831909,0.4535464644432068,0.12631262838840485
YBL005W,YKL093W,0,1.1380626,0.26426076889038086,0.4535464644432068,0.12641264498233795
YDR365C,YNL159C,0,1.1379181,0.2641070485115051,0.4535464644432068,0.12651264667510986
YGL139W,YGL073W,0,1.1375109,0.26395347714424133,0.4535464644432068,0.12661266326904297
YOR155C,YPL155C,0,1.1373936,0.26380011439323425,0.4535464644432068,0.12671266496181488
YML080W,YBR248C,0,1.1362294,0.2636469304561615,0.4535464644432068,0.12681268155574799
YDR298C,YOR349W,0,1.1360136,0.2634938955307007,0.4535464644432068,0.1269126981496811
YGR199W,YJR110W,0,1.1359757,0.2633410692214966,0.4535464644432068,0.127012699842453
YIL094C,YMR318C,0,1.135944,0.2631883919239044,0.4535464644432068,0.1271127164363861
YFR015C,YML120C,0,1.1346415,0.26303592324256897,0.4535464644432068,0.12721271812915802
YPL157W,YOR388C,0,1.1346159,0.26288360357284546,0.4535464644432068,0.12731273472309113
YNL061W,YJL134W,0,1.134564,0.26273149251937866,0.4535464644432068,0.12741273641586304
YIR036C,YJL125C,0,1.13451,0.2625795304775238,0.4535464644432068,0.12751275300979614
YOR103C,YHR165C,0,1.1335855,0.26242774724960327,0.4535464644432068,0.12761275470256805
YJL192C,YOR311C,0,1.1317624,0.26227614283561707,0.4535464644432068,0.12771277129650116
YOR341W,YDR060W,0,1.1315832,0.2621247172355652,0.4535464644432068,0.12781278789043427
YIL087C,YJR103W,0,1.1308314,0.26197347044944763,0.4535464644432068,0.12791278958320618
YBR149W,YBR214W,0,1.1306622,0.261822372674942,0.4535464644432068,0.12801280617713928
YML100W,YFR047C,1,1.130596,0.26224783062934875,0.4545454680919647,0.12801280617713928
YPR086W,YMR241W,0,1.1304638,0.2620967626571655,0.4545454680919647,0.1281128078699112
YDR441C,YGR216C,1,1.1299751,0.2625215947628021,0.45554444193840027,0.1281128078699112
YOR321W,YNL158W,1,1.1293525,0.26294592022895813,0.4565434455871582,0.1281128078699112
YEL053C,YER015W,0,1.1293439,0.26279470324516296,0.4565434455871582,0.1282128244638443
YDL074C,YDR218C,0,1.1288577,0.2626436650753021,0.4565434455871582,0.1283128261566162
YGL148W,YMR019W,0,1.1275898,0.2624928057193756,0.4565434455871582,0.12841284275054932
YKR056W,YHR025W,0,1.1275083,0.2623421251773834,0.4565434455871582,0.12851284444332123
YMR271C,YNR030W,1,1.1275008,0.2627653479576111,0.45754244923591614,0.12851284444332123
YDR395W,YGL123W,0,1.1274539,0.2626146674156189,0.45754244923591614,0.12861286103725433
YKL190W,YMR307W,0,1.1266706,0.2624641954898834,0.45754244923591614,0.12871287763118744
YPR125W,YDR227W,0,1.1265706,0.2623138725757599,0.45754244923591614,0.12881287932395935
YFR005C,YDR516C,0,1.1265236,0.2621636986732483,0.45754244923591614,0.12891289591789246
YMR247C,YIR037W,0,1.126321,0.2620137333869934,0.45754244923591614,0.12901289761066437
YOR063W,YHR110W,0,1.1259836,0.26186391711235046,0.45754244923591614,0.12911291420459747
YOR016C,YJR010W,0,1.1258212,0.26171427965164185,0.45754244923591614,0.12921291589736938
YEL061C,YGL123W,0,1.1238575,0.26156482100486755,0.45754244923591614,0.1293129324913025
YJR143C,YKL041W,0,1.1221485,0.2614155113697052,0.45754244923591614,0.1294129341840744
YOR336W,YPR184W,1,1.1210921,0.26183685660362244,0.4585414528846741,0.1294129341840744
YDR318W,YDL198C,0,1.1209439,0.26168757677078247,0.4585414528846741,0.1295129507780075
YOR008C,YMR290C,0,1.120139,0.26153847575187683,0.4585414528846741,0.1296129673719406
YLR090W,YJL134W,0,1.120132,0.26138952374458313,0.4585414528846741,0.12971296906471252
YIL074C,YML012W,0,1.1190599,0.26124075055122375,0.4585414528846741,0.12981298565864563
YOR236W,YGL010W,0,1.1183045,0.2610921561717987,0.4585414528846741,0.12991298735141754
YLR466W,YOL092W,0,1.117398,0.2609437108039856,0.4585414528846741,0.13001300394535065
YOR085W,YBR070C,1,1.1164672,0.2613636255264282,0.459540456533432,0.13001300394535065
YNL160W,YPL239W,0,1.1153178,0.2612152099609375,0.459540456533432,0.13011300563812256
YKL191W,YBR202W,0,1.1145462,0.2610669732093811,0.459540456533432,0.13021302223205566
YJL140W,YMR208W,0,1.1144606,0.26091888546943665,0.459540456533432,0.13031302392482758
YKL117W,YGL039W,0,1.1143768,0.2607709765434265,0.459540456533432,0.13041304051876068
YBR121C,YJR112W,0,1.1142325,0.2606232166290283,0.459540456533432,0.1305130571126938
YNL055C,YFR050C,0,1.1141208,0.26047566533088684,0.459540456533432,0.1306130588054657
YPL076W,YJL186W,1,1.113309,0.26089417934417725,0.46053946018218994,0.1306130588054657
YMR006C,YPR187W,0,1.1132473,0.2607465982437134,0.46053946018218994,0.1307130753993988
YIL011W,YNL190W,0,1.112979,0.26059919595718384,0.46053946018218994,0.13081307709217072
YDL091C,YJL164C,0,1.1129607,0.2604519724845886,0.46053946018218994,0.13091309368610382
YBR199W,YDR483W,1,1.1127033,0.260869562625885,0.4615384638309479,0.13091309368610382
YDR456W,YML031W,0,1.1111978,0.2607223391532898,0.4615384638309479,0.13101309537887573
YOR320C,YML022W,1,1.1104969,0.26113930344581604,0.4625374674797058,0.13101309537887573
YCR044C,YHR064C,0,1.1104789,0.2609921097755432,0.4625374674797058,0.13111311197280884
YNL288W,YBL093C,0,1.1103069,0.2608450651168823,0.4625374674797058,0.13121312856674194
YOR232W,YER110C,0,1.1094732,0.26069819927215576,0.4625374674797058,0.13131313025951385
YKR066C,YHR143W,0,1.1091758,0.26055148243904114,0.4625374674797058,0.13141314685344696
YJL139C,YDR245W,1,1.1085027,0.2609673738479614,0.46353647112846375,0.13141314685344696
YOR254C,YPL093W,0,1.1079803,0.2608206868171692,0.46353647112846375,0.13151314854621887
YML115C,YIL014W,1,1.1076312,0.26123595237731934,0.4645354747772217,0.13151314854621887
YPL007C,YDR236C,0,1.1075547,0.2610892653465271,0.4645354747772217,0.13161316514015198
YOL078W,YER019C-A,0,1.1070493,0.2609427571296692,0.4645354747772217,0.1317131668329239
YDL082W,YJL011C,0,1.1068063,0.2607963979244232,0.4645354747772217,0.131813183426857
YML006C,YLR293C,0,1.106144,0.2606502175331116,0.4645354747772217,0.1319131851196289
YDR495C,YPL119C,0,1.1050342,0.26050421595573425,0.4645354747772217,0.132013201713562
YLL022C,YHL021C,0,1.1046385,0.2603583335876465,0.4645354747772217,0.13211321830749512
YOR269W,YOR067C,0,1.1045898,0.26021265983581543,0.4645354747772217,0.13221322000026703
YGL185C,YBR048W,0,1.1039315,0.2600671052932739,0.4645354747772217,0.13231323659420013
YOR054C,YDR172W,0,1.1033808,0.25992172956466675,0.4645354747772217,0.13241323828697205
YNL156C,YFR024C-A,0,1.1022065,0.2597765326499939,0.4645354747772217,0.13251325488090515
YPL175W,YJR133W,1,1.1021246,0.26018983125686646,0.4655344784259796,0.13251325488090515
YDR367W,YOR039W,0,1.1020468,0.2600446343421936,0.4655344784259796,0.13261325657367706
YPR154W,YDR325W,0,1.1010851,0.2598996162414551,0.4655344784259796,0.13271327316761017
YOR298W,YLR197W,0,1.1004127,0.2597547471523285,0.4655344784259796,0.13281327486038208
YER036C,YJL191W,0,1.1001436,0.25961002707481384,0.4655344784259796,0.13291329145431519
YCR106W,YDR212W,0,1.0999461,0.2594654858112335,0.4655344784259796,0.1330133080482483
YGR116W,YJL166W,0,1.0991398,0.25932109355926514,0.4655344784259796,0.1331133097410202
YBR059C,YLR109W,0,1.0990328,0.2591768503189087,0.4655344784259796,0.1332133263349533
YOR351C,YMR290C,0,1.0979384,0.2590327858924866,0.4655344784259796,0.13331332802772522
YHR039C-A,YMR276W,0,1.0978997,0.2588889002799988,0.4655344784259796,0.13341334462165833
YER001W,YGL142C,1,1.0977875,0.2593003809452057,0.46653345227241516,0.13341334462165833
YOR149C,YBR038W,1,1.0976757,0.25971144437789917,0.4675324559211731,0.13341334462165833
YHR005C,YJR001W,0,1.0972184,0.25956737995147705,0.4675324559211731,0.13351334631443024
YMR300C,YCL052C,1,1.094915,0.2599778175354004,0.46853145956993103,0.13351334631443024
YBR001C,YDR166C,0,1.0943033,0.25983378291130066,0.46853145956993103,0.13361336290836334
YLR433C,YJL001W,0,1.0941919,0.25968992710113525,0.46853145956993103,0.13371336460113525
YBR052C,YNR016C,0,1.0941715,0.2595462203025818,0.46853145956993103,0.13381338119506836
YDL137W,YML055W,0,1.0927415,0.25940266251564026,0.46853145956993103,0.13391339778900146
YDR399W,YGL065C,1,1.0925498,0.25981205701828003,0.46953046321868896,0.13391339778900146
YJR075W,YLR189C,1,1.0918664,0.260221004486084,0.4705294668674469,0.13391339778900146
YNL192W,YDR399W,1,1.0915097,0.26062947511672974,0.47152847051620483,0.13391339778900146
YOR080W,YGL198W,0,1.0912937,0.2604856491088867,0.47152847051620483,0.13401339948177338
YGL026C,YJL090C,0,1.0908438,0.26034197211265564,0.47152847051620483,0.13411341607570648
YPR043W,YCL050C,0,1.0907208,0.2601984441280365,0.47152847051620483,0.1342134177684784
YMR261C,YNL029C,1,1.0904243,0.260606050491333,0.47252747416496277,0.1342134177684784
YHR169W,YDR238C,0,1.0903506,0.26046255230903625,0.47252747416496277,0.1343134343624115
YDR400W,YHR117W,0,1.0903317,0.26031920313835144,0.47252747416496277,0.1344134360551834
YIR012W,YHL027W,0,1.0902927,0.26017600297927856,0.47252747416496277,0.13451345264911652
YJL183W,YJL186W,1,1.090108,0.26058274507522583,0.4735264778137207,0.13451345264911652
YPR143W,YOR201C,0,1.0900707,0.26043957471847534,0.4735264778137207,0.13461345434188843
YBR060C,YBR287W,0,1.0897121,0.2602965533733368,0.4735264778137207,0.13471347093582153
YOR265W,YGL141W,0,1.089535,0.2601536810398102,0.4735264778137207,0.13481348752975464
YLR450W,YGL068W,0,1.0891265,0.2600109577178955,0.4735264778137207,0.13491348922252655
YPR043W,YFL061W,0,1.0885773,0.25986841320991516,0.4735264778137207,0.13501350581645966
YPL179W,YDL075W,0,1.0878421,0.25972601771354675,0.4735264778137207,0.13511350750923157
YPR184W,YDL232W,1,1.0867497,0.26013144850730896,0.47452548146247864,0.13511350750923157
YJL183W,YGL038C,1,1.0866213,0.26053640246391296,0.4755244851112366,0.13511350750923157
YLR008C,YLR042C,0,1.0865991,0.260393887758255,0.4755244851112366,0.13521352410316467
YDL232W,YBR038W,1,1.0859476,0.26079824566841125,0.4765234887599945,0.13521352410316467
YOR244W,YAL035W,0,1.0852566,0.2606557309627533,0.4765234887599945,0.13531352579593658
YNL293W,YIL172C,0,1.0849551,0.26051339507102966,0.4765234887599945,0.1354135423898697
YKR056W,YER086W,0,1.0842403,0.2603711783885956,0.4765234887599945,0.1355135440826416
YPL028W,YPR086W,0,1.0840572,0.2602291405200958,0.4765234887599945,0.1356135606765747
YBL072C,YDL021W,0,1.082338,0.260087251663208,0.4765234887599945,0.1357135772705078
YKL093W,YDL141W,0,1.0820044,0.25994551181793213,0.4765234887599945,0.13581357896327972
YDR347W,YGR129W,0,1.0801482,0.2598039209842682,0.4765234887599945,0.13591359555721283
YOR159C,YJL141C,0,1.0797914,0.2596624791622162,0.4765234887599945,0.13601359724998474
YML057W,YPL040C,0,1.0792736,0.2595212161540985,0.4765234887599945,0.13611361384391785
YDR404C,YDR423C,0,1.0791801,0.2593801021575928,0.4765234887599945,0.13621361553668976
YLR164W,YGR266W,0,1.0791792,0.259239137172699,0.4765234887599945,0.13631363213062286
YHR058C,YDR069C,0,1.0784086,0.2590983211994171,0.4765234887599945,0.13641364872455597
YNR047W,YER123W,0,1.0771706,0.2589576542377472,0.4765234887599945,0.13651365041732788
YNL238W,YJL144W,0,1.076659,0.2588171362876892,0.4765234887599945,0.136613667011261
YOL102C,YGR077C,0,1.0759896,0.25867679715156555,0.4765234887599945,0.1367136687040329
YDR257C,YML113W,0,1.0747441,0.25853657722473145,0.4765234887599945,0.136813685297966
YOR209C,YKL004W,1,1.074691,0.2589382529258728,0.47752249240875244,0.136813685297966
YKL013C,YFR041C,0,1.0743381,0.2587980628013611,0.47752249240875244,0.13691368699073792
YDR342C,YGL037C,0,1.0733032,0.2586580216884613,0.47752249240875244,0.13701370358467102
YGR216C,YEL011W,1,1.0732473,0.25905895233154297,0.478521466255188,0.13701370358467102
YOR151C,YDR233C,0,1.0728716,0.2589189112186432,0.478521466255188,0.13711370527744293
YJR040W,YKL135C,0,1.0724663,0.25877904891967773,0.478521466255188,0.13721372187137604
YML100W,YDL093W,1,1.0715579,0.2591792643070221,0.4795204699039459,0.13721372187137604
YBL082C,YDR245W,1,1.0709101,0.259579062461853,0.48051947355270386,0.13721372187137604
YPL262W,YNL041C,0,1.0708764,0.25943905115127563,0.48051947355270386,0.13731373846530914
YJL136C,YGR116W,0,1.0707061,0.2592991888523102,0.48051947355270386,0.13741374015808105
YER023W,YCL048W,0,1.0705575,0.25915947556495667,0.48051947355270386,0.13751375675201416
YCR009C,YIL047C,0,1.0693812,0.2590199112892151,0.48051947355270386,0.13761375844478607
YBR067C,YOR067C,0,1.0691241,0.25888052582740784,0.48051947355270386,0.13771377503871918
YMR006C,YKL014C,0,1.0688246,0.25874125957489014,0.48051947355270386,0.1378137767314911
YLR017W,YNR030W,1,1.0683583,0.2591397762298584,0.4815184772014618,0.1378137767314911
YGL038C,YEL011W,1,1.0682218,0.25953787565231323,0.4825174808502197,0.1378137767314911
YDR323C,YEL031W,0,1.0674431,0.259398490190506,0.4825174808502197,0.1379137933254242
YLR323C,YMR302C,0,1.0674258,0.25925925374031067,0.4825174808502197,0.1380137950181961
YIL080W,YPL147W,0,1.067245,0.2591201663017273,0.4825174808502197,0.1381138116121292
YPL244C,YGL120C,0,1.0666947,0.25898122787475586,0.4825174808502197,0.13821382820606232
YMR045C,YIL051C,0,1.0661687,0.25884243845939636,0.4825174808502197,0.13831382989883423
YBR158W,YOR291W,0,1.0658985,0.2587037980556488,0.4825174808502197,0.13841384649276733
YJL069C,YLL012W,0,1.0649579,0.2585653066635132,0.4825174808502197,0.13851384818553925
YKL067W,YBL060W,0,1.0631132,0.2584269642829895,0.4825174808502197,0.13861386477947235
YMR022W,YMR171C,0,1.0627674,0.25828877091407776,0.4825174808502197,0.13871386647224426
YLR224W,YAL017W,0,1.0626471,0.25815072655677795,0.4825174808502197,0.13881388306617737
YER001W,YNL038W,1,1.0624373,0.25854700803756714,0.48351648449897766,0.13881388306617737
YOL042W,YDR092W,0,1.0605478,0.25840896368026733,0.48351648449897766,0.13891388475894928
YLR175W,YDR120C,0,1.060402,0.25827106833457947,0.48351648449897766,0.13901390135288239
YPL120W,YGR282C,0,1.0600103,0.25813332200050354,0.48351648449897766,0.1391139179468155
YGR286C,YJL066C,0,1.0597402,0.25799572467803955,0.48351648449897766,0.1392139196395874
YPR081C,YBR164C,0,1.0570631,0.2578582763671875,0.48351648449897766,0.1393139362335205
YMR076C,YBR028C,0,1.0568281,0.2577209770679474,0.48351648449897766,0.13941393792629242
YPL122C,YER023W,0,1.0561703,0.2575838267803192,0.48351648449897766,0.13951395452022552
YGL171W,YDR532C,0,1.0558363,0.2574467957019806,0.48351648449897766,0.13961395621299744
YHR025W,YHL027W,0,1.0551101,0.2573099434375763,0.48351648449897766,0.13971397280693054
YOR002W,YOR209C,1,1.0545199,0.25770455598831177,0.4845154881477356,0.13971397280693054
YNL185C,YBR281C,0,1.0541,0.25756770372390747,0.4845154881477356,0.13981397449970245
YBL082C,YOR306C,0,1.0534531,0.2574310004711151,0.4845154881477356,0.13991399109363556
YCL047C,YDR297W,0,1.0533391,0.2572944164276123,0.4845154881477356,0.14001400768756866
YNL163C,YGR144W,0,1.052701,0.2571580111980438,0.4845154881477356,0.14011400938034058
YPL115C,YBL020W,0,1.052287,0.2570217251777649,0.4845154881477356,0.14021402597427368
YFR047C,YDR483W,1,1.0519387,0.2574152648448944,0.48551449179649353,0.14021402597427368
YLR277C,YDR367W,0,1.0516306,0.2572789788246155,0.48551449179649353,0.1403140276670456
YOL009C,YMR241W,0,1.051158,0.2571428716182709,0.48551449179649353,0.1404140442609787
YPR068C,YPL183W-A,0,1.0510404,0.2570068836212158,0.48551449179649353,0.1405140459537506
YIL123W,YGR070W,0,1.049586,0.2568710446357727,0.48551449179649353,0.14061406254768372
YBL082C,YOR321W,1,1.049558,0.2572636008262634,0.48651349544525146,0.14061406254768372
YER095W,YAL038W,0,1.0495148,0.2571277618408203,0.48651349544525146,0.14071406424045563
YHR077C,YDR300C,0,1.0487475,0.25699207186698914,0.48651349544525146,0.14081408083438873
YBR060C,YKL175W,0,1.0478078,0.2568565309047699,0.48651349544525146,0.14091409742832184
YPR160W,YBR070C,1,1.0477697,0.25724828243255615,0.4875124990940094,0.14091409742832184
YIR036C,YKL056C,0,1.047328,0.2571127414703369,0.4875124990940094,0.14101409912109375
YLR019W,YCR028C,0,1.0457398,0.2569773495197296,0.4875124990940094,0.14111411571502686
YLR208W,YOL135C,0,1.0454038,0.25684210658073425,0.4875124990940094,0.14121411740779877
YDR354W,YEL036C,1,1.0450047,0.25723302364349365,0.48851150274276733,0.14121411740779877
YDR144C,YMR213W,0,1.0439605,0.2570977807044983,0.48851150274276733,0.14131413400173187
YDR064W,YJR119C,0,1.0438951,0.25696268677711487,0.48851150274276733,0.14141413569450378
YGL190C,YMR282C,0,1.0435356,0.2568277418613434,0.48851150274276733,0.1415141522884369
YHR215W,YPR134W,0,1.0426208,0.25669291615486145,0.48851150274276733,0.1416141539812088
YJR133W,YPL057C,1,1.0418922,0.25708290934562683,0.4895104765892029,0.1416141539812088
YBL028C,YDL093W,0,1.0409801,0.2569480836391449,0.4895104765892029,0.1417141705751419
YML057W,YCL057W,0,1.040955,0.2568134069442749,0.4895104765892029,0.141814187169075
YGL092W,YGL220W,0,1.0409485,0.25667887926101685,0.4895104765892029,0.14191418886184692
YML100W,YDR354W,1,1.0397283,0.25706806778907776,0.4905094802379608,0.14191418886184692
YMR261C,YLR209C,1,1.0396398,0.25745683908462524,0.49150848388671875,0.14191418886184692
YPL161C,YOR159C,0,1.039379,0.25732216238975525,0.49150848388671875,0.14201420545578003
YPL053C,YBR023C,1,1.0387496,0.25771039724349976,0.4925074875354767,0.14201420545578003
YCL036W,YPL168W,0,1.03853,0.25757575035095215,0.4925074875354767,0.14211420714855194
YHL034C,YIR031C,0,1.037424,0.2574412524700165,0.4925074875354767,0.14221422374248505
YDL040C,YMR318C,0,1.0362899,0.25730690360069275,0.4925074875354767,0.14231422543525696
YNL280C,YPR095C,0,1.0355995,0.25717267394065857,0.4925074875354767,0.14241424202919006
YBR247C,YNL121C,0,1.0354904,0.25703859329223633,0.4925074875354767,0.14251425862312317
YNL162W,YNL199C,0,1.0353261,0.25690463185310364,0.4925074875354767,0.14261426031589508
YOR211C,YNR021W,0,1.0350507,0.2567708194255829,0.4925074875354767,0.14271427690982819
YLR244C,YHR140W,0,1.0338374,0.2566371560096741,0.4925074875354767,0.1428142786026001
YPL053C,YNL192W,1,1.0330648,0.2570239305496216,0.4935064911842346,0.1428142786026001
YPR160W,YPL053C,1,1.032957,0.25741028785705566,0.49450549483299255,0.1428142786026001
YKL100C,YCL055W,0,1.0328594,0.2572765052318573,0.49450549483299255,0.1429142951965332
YBR261C,YNR002C,0,1.0322863,0.2571428716182709,0.49450549483299255,0.14301429688930511
YDR229W,YOR306C,0,1.0322601,0.257009357213974,0.49450549483299255,0.14311431348323822
YHR001W-A,YJR029W,0,1.0310405,0.2568759620189667,0.49450549483299255,0.14321431517601013
YAR035W,YDL075W,0,1.0309939,0.2567427456378937,0.49450549483299255,0.14331433176994324
YOR241W,YDR251W,0,1.0291257,0.25660964846611023,0.49450549483299255,0.14341434836387634
YJL069C,YDR046C,0,1.0291244,0.25647667050361633,0.49450549483299255,0.14351435005664825
YOL042W,YCR002C,0,1.0290185,0.25634387135505676,0.49450549483299255,0.14361436665058136
YCL035C,YEL048C,0,1.0289941,0.25621119141578674,0.49450549483299255,0.14371436834335327
YJL216C,YDL146W,0,1.0287019,0.2560786306858063,0.49450549483299255,0.14381438493728638
YNL291C,YKL053C-A,0,1.0286106,0.25594621896743774,0.49450549483299255,0.1439143866300583
YBR029C,YOL121C,0,1.0281806,0.25581395626068115,0.49450549483299255,0.1440144032239914
YGR002C,YDR002W,0,1.0278207,0.2556818127632141,0.49450549483299255,0.1441144049167633
YDL093W,YIL085C,1,1.0268555,0.25606608390808105,0.4955044984817505,0.1441144049167633
YCR046C,YOR299W,0,1.0249001,0.255933940410614,0.4955044984817505,0.1442144215106964
YML127W,YOR283W,0,1.0237345,0.2558019459247589,0.4955044984817505,0.14431443810462952
YDR303C,YGR076C,0,1.0219442,0.25567010045051575,0.4955044984817505,0.14441443979740143
YKL052C,YDL105W,0,1.0216856,0.25553837418556213,0.4955044984817505,0.14451445639133453
YMR276W,YDR343C,0,1.0208465,0.25540679693222046,0.4955044984817505,0.14461445808410645
YDR397C,YBR294W,0,1.0200942,0.25527533888816833,0.4955044984817505,0.14471447467803955
YJL192C,YDR284C,0,1.0193024,0.25514402985572815,0.4955044984817505,0.14481447637081146
YBR261C,YER055C,0,1.019283,0.2550128400325775,0.4955044984817505,0.14491449296474457
YKL126W,YPR105C,0,1.0192335,0.2548817992210388,0.4955044984817505,0.14501449465751648
YGR245C,YLR006C,0,1.0183223,0.25475090742111206,0.4955044984817505,0.14511451125144958
YAL003W,YMR312W,0,1.0182966,0.25462013483047485,0.4955044984817505,0.1452145278453827
YDL235C,YGL085W,0,1.0182103,0.2544894814491272,0.4955044984817505,0.1453145295381546
YLR401C,YMR093W,0,1.0172023,0.2543589770793915,0.4955044984817505,0.1454145461320877
YOR204W,YDR238C,0,1.0171512,0.2542285919189453,0.4955044984817505,0.14551454782485962
YNR048W,YAL008W,0,1.0155933,0.2540983557701111,0.4955044984817505,0.14561456441879272
YDL243C,YPL239W,0,1.014963,0.2539682686328888,0.4955044984817505,0.14571456611156464
YLR258W,YDR034C,0,1.0146309,0.25383827090263367,0.4955044984817505,0.14581458270549774
YDL045W-A,YNL095C,0,1.0143061,0.25370845198631287,0.4955044984817505,0.14591458439826965
YMR149W,YER123W,0,1.0140799,0.25357872247695923,0.4955044984817505,0.14601460099220276
YCR053W,YJR010W,0,1.0137982,0.25344914197921753,0.4955044984817505,0.14611461758613586
YGR177C,YPR081C,0,1.0124861,0.25331971049308777,0.4955044984817505,0.14621461927890778
YER020W,YNL282W,0,1.0123879,0.25319039821624756,0.4955044984817505,0.14631463587284088
YNL207W,YKL140W,0,1.0116559,0.2530612349510193,0.4955044984817505,0.1464146375656128
YOR054C,YKL064W,0,1.0112351,0.25293219089508057,0.4955044984817505,0.1465146541595459
YNL284C,YDR111C,0,1.0109161,0.2528032660484314,0.4955044984817505,0.1466146558523178
YPL001W,YJL005W,0,1.0107214,0.25267449021339417,0.4955044984817505,0.14671467244625092
YPL100W,YHR143W,0,1.0098515,0.2525458335876465,0.4955044984817505,0.14681467413902283
YMR139W,YOR124C,0,1.0077733,0.25241729617118835,0.4955044984817505,0.14691469073295593
YNL146W,YJR041C,0,1.0075997,0.25228890776634216,0.4955044984817505,0.14701470732688904
YMR149W,YBL082C,1,1.0074469,0.2526690363883972,0.4965035021305084,0.14701470732688904
YBR199W,YDR399W,1,1.0073925,0.25304877758026123,0.49750250577926636,0.14701470732688904
YDR334W,YPR200C,0,1.0071701,0.2529202699661255,0.49750250577926636,0.14711470901966095
YLL062C,YBL037W,0,1.0071176,0.2527918815612793,0.49750250577926636,0.14721472561359406
YDR399W,YJL002C,1,1.0065131,0.2531709671020508,0.4985015094280243,0.14721472561359406
YHL044W,YOL077C,0,1.0058165,0.253042608499527,0.4985015094280243,0.14731472730636597
YDR168W,YAL063C,0,1.0050668,0.25291433930397034,0.4985015094280243,0.14741474390029907
YBR159W,YPL085W,0,1.0049905,0.25278621912002563,0.4985015094280243,0.14751474559307098
YBR126C,YNR030W,1,1.004648,0.2531645596027374,0.4995005130767822,0.14751474559307098
YOR297C,YDR388W,0,1.0043937,0.2530364394187927,0.4995005130767822,0.1476147621870041
YPR046W,YPL036W,0,1.0041165,0.2529084384441376,0.4995005130767822,0.1477147787809372
YFR015C,YNL046W,0,1.0014422,0.25278058648109436,0.4995005130767822,0.1478147804737091
YBL113C,YDR158W,0,1.0012347,0.2526528537273407,0.4995005130767822,0.1479147970676422
YER087C-A,YDR045C,0,0.99922526,0.2525252401828766,0.4995005130767822,0.14801479876041412
YDR222W,YMR303C,0,0.9989643,0.2523977756500244,0.4995005130767822,0.14811481535434723
YKL082C,YOL157C,0,0.99880135,0.2522704303264618,0.4995005130767822,0.14821481704711914
YEL040W,YIL006W,0,0.9973273,0.2521432042121887,0.4995005130767822,0.14831483364105225
YDR307W,YLR017W,1,0.99684846,0.2525201737880707,0.5004994869232178,0.14831483364105225
YDR307W,YPL227C,1,0.99651015,0.2528967261314392,0.5014985203742981,0.14831483364105225
YDL024C,YJR005W,0,0.9962317,0.2527693808078766,0.5014985203742981,0.14841483533382416
YGR085C,YER061C,0,0.99621546,0.2526421844959259,0.5014985203742981,0.14851485192775726
YKL192C,YGR193C,0,0.9957919,0.2525150775909424,0.5014985203742981,0.14861486852169037
YHR041C,YIL094C,0,0.9944234,0.2523881494998932,0.5014985203742981,0.14871487021446228
YLR143W,YMR015C,0,0.99380744,0.25226131081581116,0.5014985203742981,0.14881488680839539
YNL008C,YMR033W,0,0.99318624,0.2521345913410187,0.5014985203742981,0.1489148885011673
YOR085W,YLR209C,1,0.99238753,0.25251004099845886,0.5024974942207336,0.1489148885011673
YAL059W,YIR036C,0,0.992275,0.25238335132598877,0.5024974942207336,0.1490149050951004
YOR326W,YGL016W,0,0.9910625,0.2522567808628082,0.5024974942207336,0.14911490678787231
YIL125W,YDR483W,0,0.9910315,0.25213032960891724,0.5024974942207336,0.14921492338180542
YPL149W,YIL027C,0,0.9900768,0.2520039975643158,0.5024974942207336,0.14931492507457733
YDR392W,YJR040W,0,0.99001515,0.2518778145313263,0.5024974942207336,0.14941494166851044
YJR009C,YER088C,0,0.9887043,0.25175175070762634,0.5024974942207336,0.14951495826244354
YFR030W,YER167W,0,0.9875964,0.25162580609321594,0.5024974942207336,0.14961495995521545
YJL166W,YDR279W,0,0.9875295,0.2515000104904175,0.5024974942207336,0.14971497654914856
YKL145W,YJL012C,0,0.9867058,0.2513743042945862,0.5024974942207336,0.14981497824192047
YKL194C,YCR028C,0,0.98640156,0.2512487471103668,0.5024974942207336,0.14991499483585358
YML115C,YLR189C,1,0.986323,0.2516225576400757,0.503496527671814,0.14991499483585358
YKL096W-A,YOL059W,0,0.9859899,0.2514970004558563,0.503496527671814,0.1500149965286255
YDR055W,YDR033W,0,0.98538387,0.2513715624809265,0.503496527671814,0.1501150131225586
YHR001W-A,YDR244W,0,0.9847504,0.25124627351760864,0.503496527671814,0.1502150148153305
YDR376W,YNL192W,0,0.98327315,0.25112107396125793,0.503496527671814,0.1503150314092636
YBL024W,YNL267W,0,0.98308825,0.25099602341651917,0.503496527671814,0.15041504800319672
YPR098C,YBR015C,0,0.98245823,0.25087109208106995,0.503496527671814,0.15051504969596863
YOR085W,YEL011W,1,0.981917,0.2512437701225281,0.5044955015182495,0.15051504969596863
YFL037W,YMR312W,0,0.9818598,0.25111883878707886,0.5044955015182495,0.15061506628990173
YLR185W,YPR160W,0,0.9805064,0.2509940266609192,0.5044955015182495,0.15071506798267365
YGL026C,YDL061C,0,0.9803734,0.25086936354637146,0.5044955015182495,0.15081508457660675
YGL028C,YNR038W,0,0.9801049,0.2507447898387909,0.5044955015182495,0.15091508626937866
YDR447C,YML076C,0,0.9795463,0.2506203353404999,0.5044955015182495,0.15101510286331177
YNR055C,YKL005C,0,0.9792683,0.2504960298538208,0.5044955015182495,0.15111510455608368
YMR022W,YML054C,0,0.97866356,0.2503718435764313,0.5044955015182495,0.15121512115001678
YER052C,YKR036C,0,0.9785596,0.2502477765083313,0.5044955015182495,0.1513151377439499
YLR258W,YJR133W,1,0.978264,0.250619113445282,0.5054945349693298,0.1513151377439499
YLR060W,YIL014W,0,0.9780499,0.250495046377182,0.5054945349693298,0.1514151394367218
YHR037W,YJR121W,0,0.9775214,0.2503710985183716,0.5054945349693298,0.1515151560306549
YPR003C,YOR377W,0,0.97696805,0.2502472698688507,0.5054945349693298,0.15161515772342682
YDL232W,YEL011W,1,0.97616696,0.2506178915500641,0.5064935088157654,0.15161515772342682
YDR025W,YHR197W,0,0.9761077,0.2504940629005432,0.5064935088157654,0.15171517431735992
YNL280C,YIR038C,0,0.975333,0.2503703832626343,0.5064935088157654,0.15181517601013184
YER053C,YDR050C,0,0.97528684,0.2502467930316925,0.5064935088157654,0.15191519260406494
YBL082C,YER074W,0,0.9727826,0.2501233220100403,0.5064935088157654,0.15201519429683685
YGR062C,YMR223W,0,0.9725354,0.25,0.5064935088157654,0.15211521089076996
YKL195W,YDR120C,0,0.9722091,0.24987678229808807,0.5064935088157654,0.15221522748470306
YBL063W,YGR220C,0,0.972111,0.2497536987066269,0.5064935088157654,0.15231522917747498
YML055W,YJR131W,0,0.9716581,0.24963071942329407,0.5064935088157654,0.15241524577140808
YPR173C,YBL017C,0,0.97140837,0.249507874250412,0.5064935088157654,0.15251524746418
YBR003W,YHR120W,0,0.9712049,0.24938514828681946,0.5064935088157654,0.1526152640581131
YGR123C,YKL114C,0,0.97072566,0.24926254153251648,0.5064935088157654,0.152715265750885
YLR079W,YMR217W,0,0.9700941,0.24914005398750305,0.5064935088157654,0.15281528234481812
YDR468C,YDR056C,0,0.9698492,0.24901768565177917,0.5064935088157654,0.15291529893875122
YBR110W,YML022W,1,0.96921396,0.24938635528087616,0.5074924826622009,0.15291529893875122
YLR435W,YGL126W,0,0.9688424,0.24926398694515228,0.5074924826622009,0.15301530063152313
YOL004W,YDR177W,0,0.9684335,0.24914173781871796,0.5074924826622009,0.15311531722545624
YPL161C,YOR315W,0,0.9681424,0.24901960790157318,0.5074924826622009,0.15321531891822815
YML100W,YNR059W,1,0.9673158,0.24938756227493286,0.5084915161132812,0.15321531891822815
YER005W,YGR106C,0,0.96663797,0.24926543235778809,0.5084915161132812,0.15331533551216125
YKL020C,YDR238C,0,0.96658313,0.24914342164993286,0.5084915161132812,0.15341533720493317
YBL088C,YDR086C,0,0.96648693,0.2490215301513672,0.5084915161132812,0.15351535379886627
YDR447C,YLR357W,0,0.9658114,0.24889975786209106,0.5084915161132812,0.15361535549163818
YOR016C,YFL033C,0,0.96535814,0.2487781047821045,0.5084915161132812,0.1537153720855713
YCL027W,YNR044W,0,0.964923,0.24865657091140747,0.5084915161132812,0.1538153886795044
YDR528W,YNR007C,0,0.9647188,0.24853515625,0.5084915161132812,0.1539153903722763
YFR031C-A,YGR281W,0,0.96411765,0.24841386079788208,0.5084915161132812,0.1540154069662094
YMR008C,YNL161W,0,0.96335304,0.2482926845550537,0.5084915161132812,0.15411540865898132
YNL192W,YDR074W,1,0.9629284,0.2486591935157776,0.5094904899597168,0.15411540865898132
YOR049C,YOL031C,0,0.9623345,0.24853801727294922,0.5094904899597168,0.15421542525291443
YML021C,YGL006W,0,0.9618038,0.2484169453382492,0.5094904899597168,0.15431542694568634
YKL007W,YOL142W,0,0.96080625,0.24829600751399994,0.5094904899597168,0.15441544353961945
YAL059W,YBR142W,0,0.9601252,0.24817518889904022,0.5094904899597168,0.15451544523239136
YOR067C,YGL038C,1,0.95987666,0.24854086339473724,0.5104895234107971,0.15451544523239136
YPR133W-A,YCL043C,0,0.9597877,0.24842002987861633,0.5104895234107971,0.15461546182632446
YDR116C,YBR022W,0,0.9595821,0.24829931557178497,0.5104895234107971,0.15471547842025757
YKL048C,YBR078W,0,0.9581057,0.24817872047424316,0.5104895234107971,0.15481548011302948
YOR306C,YDR300C,0,0.9575019,0.2480582594871521,0.5104895234107971,0.15491549670696259
YNL317W,YDR204W,0,0.9572295,0.2479378879070282,0.5104895234107971,0.1550154983997345
YDR420W,YMR173W,0,0.9572135,0.24781765043735504,0.5104895234107971,0.1551155149936676
YIL125W,YCR035C,0,0.9568174,0.24769753217697144,0.5104895234107971,0.15521551668643951
YNL331C,YOR176W,0,0.95675135,0.2475775182247162,0.5104895234107971,0.15531553328037262
YNL271C,YDR407C,0,0.9556674,0.2474576234817505,0.5104895234107971,0.15541553497314453
YPL218W,YPR100W,0,0.95554185,0.24733784794807434,0.5104895234107971,0.15551555156707764
YEL017C-A,YGL189C,0,0.9553845,0.24721819162368774,0.5104895234107971,0.15561556816101074
YJL136C,YNL248C,0,0.9550117,0.2470986396074295,0.5104895234107971,0.15571556985378265
YJL170C,YLR228C,0,0.9545702,0.246979221701622,0.5104895234107971,0.15581558644771576
YPL028W,YCR047C,0,0.95301414,0.24685990810394287,0.5104895234107971,0.15591558814048767
YGL172W,YBR187W,0,0.95255375,0.2467406988143921,0.5104895234107971,0.15601560473442078
YMR233W,YER110C,0,0.952443,0.24662162363529205,0.5104895234107971,0.1561156064271927
YLR044C,YNL274C,0,0.9520869,0.24650265276432037,0.5104895234107971,0.1562156230211258
YBL011W,YDR517W,0,0.9519185,0.24638380110263824,0.5104895234107971,0.1563156247138977
YOL129W,YML015C,0,0.9512924,0.24626505374908447,0.5104895234107971,0.1564156413078308
YNL038W,YEL011W,1,0.95114696,0.24662813544273376,0.5114884972572327,0.1564156413078308
YOR126C,YNL243W,0,0.9504961,0.24650938808918,0.5114884972572327,0.15651565790176392
YOR236W,YKL212W,0,0.95019233,0.24639075994491577,0.5114884972572327,0.15661565959453583
YBL058W,YER008C,0,0.94977784,0.2462722510099411,0.5114884972572327,0.15671567618846893
YPL053C,YBR110W,1,0.9473009,0.2466346174478531,0.512487530708313,0.15671567618846893
YDL084W,YBL008W,0,0.9467205,0.24651609361171722,0.512487530708313,0.15681567788124084
YNL271C,YBR078W,0,0.9457694,0.2463976889848709,0.512487530708313,0.15691569447517395
YDL093W,YDR074W,1,0.9453106,0.24675947427749634,0.5134865045547485,0.15691569447517395
YDL206W,YCR005C,0,0.94522154,0.24664106965065002,0.5134865045547485,0.15701569616794586
YML080W,YJL153C,0,0.944677,0.24652278423309326,0.5134865045547485,0.15711571276187897
YBL082C,YCR012W,0,0.94424903,0.24640460312366486,0.5134865045547485,0.15721571445465088
YBR158W,YOR358W,0,0.9434103,0.246286541223526,0.5134865045547485,0.15731573104858398
YOR336W,YPL227C,1,0.9431963,0.24664750695228577,0.5144855380058289,0.15731573104858398
YPL122C,YNR059W,0,0.94307077,0.2465294450521469,0.5144855380058289,0.1574157476425171
YBR274W,YDR167W,0,0.9423981,0.2464114874601364,0.5144855380058289,0.157515749335289
YOR099W,YFL041W,0,0.94217324,0.24629363417625427,0.5144855380058289,0.1576157659292221
YHR215W,YFR047C,0,0.9416084,0.24617591500282288,0.5144855380058289,0.15771576762199402
YKR094C,YBR281C,0,0.9410815,0.24605828523635864,0.5144855380058289,0.15781578421592712
YDR532C,YAL023C,0,0.94072354,0.24594078958034515,0.5144855380058289,0.15791578590869904
YGL073W,YCL054W,0,0.9405812,0.24582338333129883,0.5144855380058289,0.15801580250263214
YDR040C,YDR299W,0,0.9405718,0.24570611119270325,0.5144855380058289,0.15811580419540405
YLR292C,YKL175W,0,0.9402437,0.24558894336223602,0.5144855380058289,0.15821582078933716
YJL137C,YDR483W,1,0.9393488,0.24594852328300476,0.5154845118522644,0.15821582078933716
YBL082C,YOR099W,1,0.9393219,0.24630776047706604,0.5164835453033447,0.15821582078933716
YIL137C,YOR063W,0,0.9388517,0.24619047343730927,0.5164835453033447,0.15831583738327026
YDR176W,YBR029C,0,0.93742406,0.24607330560684204,0.5164835453033447,0.15841583907604218
YOL078W,YER113C,0,0.93639886,0.24595622718334198,0.5164835453033447,0.15851585566997528
YPL131W,YGR054W,0,0.9357226,0.24583928287029266,0.5164835453033447,0.1586158573627472
YGR205W,YML115C,0,0.93504786,0.2457224279642105,0.5164835453033447,0.1587158739566803
YMR016C,YHR175W,0,0.9350054,0.2456057071685791,0.5164835453033447,0.1588158756494522
YGR234W,YGR070W,0,0.93496716,0.24548907577991486,0.5164835453033447,0.15891589224338531
YMR160W,YDR158W,0,0.9338958,0.24537256360054016,0.5164835453033447,0.15901590883731842
YML005W,YOL005C,0,0.9337497,0.24525617063045502,0.5164835453033447,0.15911591053009033
YHR020W,YPL214C,0,0.9312328,0.24513988196849823,0.5164835453033447,0.15921592712402344
YBR141C,YDR443C,0,0.92959905,0.2450236976146698,0.5164835453033447,0.15931592881679535
YGR189C,YNL291C,0,0.9288894,0.24490763247013092,0.5164835453033447,0.15941594541072845
YJR028W,YLR300W,0,0.9288721,0.2447916716337204,0.5164835453033447,0.15951594710350037
YDR224C,YDR098C,0,0.9287611,0.24467581510543823,0.5164835453033447,0.15961596369743347
YCR040W,YJR010C-A,0,0.9287431,0.24456007778644562,0.5164835453033447,0.15971596539020538
YLR056W,YLR292C,0,0.9287096,0.24444444477558136,0.5164835453033447,0.1598159819841385
YBL088C,YGL220W,0,0.9280883,0.24432891607284546,0.5164835453033447,0.1599159985780716
YNL006W,YMR256C,0,0.92783487,0.2442135065793991,0.5164835453033447,0.1600160002708435
YOR037W,YPL085W,0,0.9273435,0.24409820139408112,0.5164835453033447,0.1601160168647766
YHR116W,YML027W,0,0.9270971,0.24398301541805267,0.5164835453033447,0.16021601855754852
YER053C,YOR251C,0,0.92677367,0.2438679188489914,0.5164835453033447,0.16031603515148163
YAL033W,YDR077W,0,0.9267024,0.24375294148921967,0.5164835453033447,0.16041603684425354
YBR273C,YOR091W,0,0.92648375,0.2436380833387375,0.5164835453033447,0.16051605343818665
YKR058W,YGL047W,1,0.9264215,0.24399434030056,0.5174825191497803,0.16051605343818665
YOR075W,YAL017W,0,0.92640483,0.24387946724891663,0.5174825191497803,0.16061605513095856
YOL100W,YIL006W,0,0.92584217,0.2437646985054016,0.5174825191497803,0.16071607172489166
YOR347C,YPL178W,0,0.9256977,0.24365004897117615,0.5174825191497803,0.16081608831882477
YOR378W,YJL125C,0,0.925313,0.24353548884391785,0.5174825191497803,0.16091609001159668
YDR134C,YKR079C,0,0.9252696,0.2434210479259491,0.5174825191497803,0.16101610660552979
YJL139C,YML022W,1,0.92510295,0.24377642571926117,0.5184814929962158,0.16101610660552979
YOR292C,YJR058C,0,0.9248098,0.24366196990013123,0.5184814929962158,0.1611161082983017
YOL138C,YDR300C,0,0.924356,0.24354763329029083,0.5184814929962158,0.1612161248922348
YGR271W,YHR021C,0,0.924091,0.2434334009885788,0.5184814929962158,0.1613161265850067
YDR412W,YBL074C,0,0.9237921,0.24331927299499512,0.5184814929962158,0.16141614317893982
YOR103C,YML106W,1,0.92366564,0.24367384612560272,0.5194805264472961,0.16141614317893982
YBR048W,YIL128W,0,0.9234303,0.24355971813201904,0.5194805264472961,0.16151614487171173
YNL130C,YPL106C,0,0.92342603,0.24344569444656372,0.5194805264472961,0.16161616146564484
YOR216C,YJR131W,0,0.92222965,0.24333177506923676,0.5194805264472961,0.16171617805957794
YLR042C,YNL190W,0,0.9212285,0.24321796000003815,0.5194805264472961,0.16181617975234985
YER031C,YLR459W,0,0.92122185,0.2431042492389679,0.5194805264472961,0.16191619634628296
YNL031C,YOR246C,0,0.91957986,0.2429906576871872,0.5194805264472961,0.16201619803905487
YNL045W,YKL168C,0,0.91904986,0.24287715554237366,0.5194805264472961,0.16211621463298798
YER056C-A,YBR182C,0,0.91807044,0.24276377260684967,0.5194805264472961,0.1622162163257599
YEL027W,YER139C,0,0.9180312,0.24265049397945404,0.5194805264472961,0.162316232919693
YDL109C,YJL121C,0,0.91758096,0.24253731966018677,0.5194805264472961,0.1624162346124649
YOR159C,YMR136W,0,0.9171133,0.24242424964904785,0.5194805264472961,0.162516251206398
YGR262C,YLR440C,0,0.91711295,0.2423112839460373,0.5194805264472961,0.16261626780033112
YDL081C,YOR337W,0,0.9169668,0.2421984225511551,0.5194805264472961,0.16271626949310303
YNL101W,YAL017W,0,0.91649425,0.24208566546440125,0.5194805264472961,0.16281628608703613
YBR162C,YNL123W,0,0.9162524,0.24197301268577576,0.5194805264472961,0.16291628777980804
YPL115C,YBR087W,0,0.9159001,0.24186046421527863,0.5194805264472961,0.16301630437374115
YCR038C,YGL076C,0,0.914914,0.24174802005290985,0.5194805264472961,0.16311630606651306
YPR003C,YML011C,0,0.9147972,0.24163569509983063,0.5194805264472961,0.16321632266044617
YKL172W,YDR069C,0,0.9139843,0.24152345955371857,0.5194805264472961,0.16331632435321808
YDR447C,YDL130W-A,0,0.9139551,0.24141132831573486,0.5194805264472961,0.16341634094715118
YMR176W,YIL021W,0,0.91358006,0.24129930138587952,0.5194805264472961,0.1635163575410843
YBR084W,YJR060W,0,0.9135345,0.24118737876415253,0.5194805264472961,0.1636163592338562
YLR467W,YPL056C,0,0.91344297,0.2410755753517151,0.5194805264472961,0.1637163758277893
YMR115W,YNL288W,0,0.9130353,0.2409638613462448,0.5194805264472961,0.16381637752056122
YER055C,YNR030W,1,0.91247845,0.24131542444229126,0.5204795002937317,0.16381637752056122
YMR271C,YNL038W,1,0.91243994,0.24166665971279144,0.521478533744812,0.16381637752056122
YBR060C,YOR145C,0,0.9122436,0.2415548413991928,0.521478533744812,0.16391639411449432
YBR072W,YHR204W,0,0.9115974,0.24144311249256134,0.521478533744812,0.16401639580726624
YJR032W,YDL243C,0,0.91069245,0.24133148789405823,0.521478533744812,0.16411641240119934
YMR321C,YDR322W,0,0.91043586,0.24121996760368347,0.521478533744812,0.16421642899513245
YGR296W,YGR061C,0,0.91005385,0.24110855162143707,0.521478533744812,0.16431643068790436
YPL207W,YGR162W,0,0.9098026,0.24099722504615784,0.521478533744812,0.16441644728183746
YCR037C,YLL050C,0,0.90752983,0.24088601768016815,0.521478533744812,0.16451644897460938
YDR423C,YOR047C,0,0.9074927,0.24077491462230682,0.521478533744812,0.16461646556854248
YOR067C,YGR227W,1,0.9074867,0.2411249428987503,0.5224775075912476,0.16461646556854248
YER008C,YAL008W,0,0.9065818,0.24101382493972778,0.5224775075912476,0.1647164672613144
YDR447C,YKL022C,0,0.90642506,0.24090281128883362,0.5224775075912476,0.1648164838552475
YDL145C,YJL005W,0,0.906362,0.2407919019460678,0.5224775075912476,0.1649164855480194
YBR282W,YDR379W,0,0.9063513,0.24068108201026917,0.5224775075912476,0.16501650214195251
YOR283W,YMR173W,0,0.9055773,0.24057038128376007,0.5224775075912476,0.16511651873588562
YIL009W,YDR496C,0,0.9053767,0.24045976996421814,0.5224775075912476,0.16521652042865753
YDR476C,YDL051W,0,0.90466636,0.24034926295280457,0.5224775075912476,0.16531653702259064
YKR068C,YOR315W,0,0.90460324,0.24023886024951935,0.5224775075912476,0.16541653871536255
YOL109W,YMR105C,0,0.9045707,0.2401285618543625,0.5224775075912476,0.16551655530929565
YBR110W,YOR320C,1,0.9037642,0.2404772788286209,0.5234765410423279,0.16551655530929565
YDR050C,YGR193C,0,0.903678,0.24036696553230286,0.5234765410423279,0.16561655700206757
YOR311C,YGR271W,0,0.90315044,0.24025675654411316,0.5234765410423279,0.16571657359600067
YLR328W,YDR019C,0,0.90304714,0.24014665186405182,0.5234765410423279,0.16581657528877258
YKL194C,YGL095C,0,0.902719,0.24003665149211884,0.5234765410423279,0.1659165918827057
YJR084W,YDR341C,0,0.90260303,0.23992674052715302,0.5234765410423279,0.1660166084766388
YKL006W,YMR039C,0,0.9021151,0.23981693387031555,0.5234765410423279,0.1661166101694107
YKL218C,YOR138C,0,0.9016912,0.23970723152160645,0.5234765410423279,0.1662166267633438
YHL004W,YPR184W,0,0.90161693,0.2395976185798645,0.5234765410423279,0.16631662845611572
YBR120C,YDR009W,0,0.9009787,0.23948810994625092,0.5234765410423279,0.16641664505004883
YGR216C,YJL186W,1,0.9001992,0.23983554542064667,0.5244755148887634,0.16641664505004883
YJR054W,YIL107C,0,0.9001509,0.2397260218858719,0.5244755148887634,0.16651664674282074
YPL183C,YDR463W,0,0.90008193,0.23961661756038666,0.5244755148887634,0.16661666333675385
YEL002C,YGL038C,1,0.89997894,0.23996350169181824,0.5254745483398438,0.16661666333675385
YER001W,YNL048W,1,0.8996178,0.24031007289886475,0.5264735221862793,0.16661666333675385
YGR185C,YNL307C,0,0.8992133,0.24020054936408997,0.5264735221862793,0.16671666502952576
YDL130W-A,YDR416W,0,0.89919764,0.24009111523628235,0.5264735221862793,0.16681668162345886
YBR015C,YDL232W,1,0.8986784,0.24043716490268707,0.5274725556373596,0.16681668162345886
YCL052C,YGL257C,1,0.8975035,0.24078288674354553,0.5284715294837952,0.16681668162345886
YFL005W,YJR096W,0,0.8972509,0.24067333340644836,0.5284715294837952,0.16691669821739197
YBR187W,YJR073C,0,0.8964139,0.24056389927864075,0.5284715294837952,0.16701669991016388
YKR034W,YDR013W,0,0.8963584,0.2404545396566391,0.5284715294837952,0.16711671650409698
YMR097C,YDR404C,0,0.8951056,0.240345299243927,0.5284715294837952,0.1672167181968689
YPR141C,YDR454C,0,0.8949363,0.24023614823818207,0.5284715294837952,0.167316734790802
YOR167C,YML077W,0,0.89491534,0.2401271015405655,0.5284715294837952,0.1674167364835739
YGR262C,YJR010W,0,0.89436245,0.24001814424991608,0.5284715294837952,0.16751675307750702
YKL182W,YJR001W,0,0.8942249,0.23990929126739502,0.5284715294837952,0.16761675477027893
YOR287C,YBR286W,0,0.8942065,0.23980054259300232,0.5284715294837952,0.16771677136421204
YER056C,YBR123C,0,0.89290774,0.23969188332557678,0.5284715294837952,0.16781678795814514
YDR129C,YLR109W,0,0.89280736,0.2395833283662796,0.5284715294837952,0.16791678965091705
YMR139W,YBL052C,0,0.89276576,0.23947487771511078,0.5284715294837952,0.16801680624485016
YNL293W,YGL135W,0,0.89276123,0.23936651647090912,0.5284715294837952,0.16811680793762207
YNR055C,YLR134W,0,0.8923851,0.23925825953483582,0.5284715294837952,0.16821682453155518
YOR320C,YPL057C,1,0.89156497,0.23960216343402863,0.5294705033302307,0.16821682453155518
YBR015C,YMR074C,0,0.8908943,0.23949390649795532,0.5294705033302307,0.1683168262243271
YIR036C,YKR038C,0,0.88998526,0.239385724067688,0.5294705033302307,0.1684168428182602
YPR028W,YDL015C,0,0.88997376,0.239277645945549,0.5294705033302307,0.1685168445110321
YDR256C,YDL006W,0,0.88930875,0.2391696721315384,0.5294705033302307,0.1686168611049652
YML067C,YPL157W,0,0.88807446,0.23906180262565613,0.5294705033302307,0.16871687769889832
YAR033W,YKL051W,0,0.88664395,0.23895400762557983,0.5294705033302307,0.16881687939167023
YFR047C,YBR199W,1,0.88650787,0.23929698765277863,0.530469536781311,0.16881687939167023
YKL189W,YML128C,0,0.88636285,0.23918919265270233,0.530469536781311,0.16891689598560333
YHL012W,YEL059C-A,0,0.88597894,0.2390815019607544,0.530469536781311,0.16901689767837524
YEL050C,YMR287C,0,0.88414747,0.23897390067577362,0.530469536781311,0.16911691427230835
YDR464W,YDL075W,0,0.8836198,0.2388664036989212,0.530469536781311,0.16921691596508026
YNR030W,YHL035C,0,0.88336515,0.23875899612903595,0.530469536781311,0.16931693255901337
YBR003W,YMR158W,0,0.8832677,0.23865167796611786,0.530469536781311,0.16941693425178528
YJR013W,YJL186W,1,0.8826115,0.23899370431900024,0.5314685106277466,0.16941693425178528
YDR318W,YNL192W,0,0.88197327,0.23888640105724335,0.5314685106277466,0.16951695084571838
YPR072W,YJL212C,0,0.8819059,0.23877917230129242,0.5314685106277466,0.1696169674396515
YGR123C,YCL036W,0,0.88018435,0.23867204785346985,0.5314685106277466,0.1697169691324234
YJL005W,YBL022C,0,0.88008034,0.23856502771377563,0.5314685106277466,0.1698169857263565
YDL202W,YJR004C,0,0.88004816,0.23845809698104858,0.5314685106277466,0.16991698741912842
YBR087W,YPL137C,0,0.87958133,0.2383512556552887,0.5314685106277466,0.17001700401306152
YNL223W,YIL094C,0,0.87910056,0.23824451863765717,0.5314685106277466,0.17011700570583344
YDR259C,YMR114C,0,0.87863743,0.2381378710269928,0.5314685106277466,0.17021702229976654
YLR079W,YKL140W,0,0.8782775,0.2380313128232956,0.5314685106277466,0.17031703889369965
YNL056W,YOL127W,0,0.8778971,0.23792485892772675,0.5314685106277466,0.17041704058647156
YOR123C,YGR174C,0,0.87764215,0.23781850934028625,0.5314685106277466,0.17051705718040466
YAL011W,YGL167C,0,0.8776399,0.23771224915981293,0.5314685106277466,0.17061705887317657
YCL018W,YPR019W,0,0.8771875,0.23760607838630676,0.5314685106277466,0.17071707546710968
YBR299W,YDL078C,0,0.87652034,0.23749999701976776,0.5314685106277466,0.1708170771598816
YOR336W,YMR149W,1,0.8764783,0.23784025013446808,0.5324675440788269,0.1708170771598816
YOL100W,YLR029C,0,0.87605906,0.23773416876792908,0.5324675440788269,0.1709170937538147
YBR128C,YOL142W,0,0.87578183,0.23762817680835724,0.5324675440788269,0.1710170954465866
YOL040C,YOR048C,0,0.8754033,0.23752227425575256,0.5324675440788269,0.17111711204051971
YHR085W,YLR265C,0,0.8752213,0.23741647601127625,0.5324675440788269,0.17121712863445282
YNL038W,YPL057C,1,0.87443596,0.23775601387023926,0.5334665179252625,0.17121712863445282
YKR058W,YPR001W,0,0.87433994,0.23765020072460175,0.5334665179252625,0.17131713032722473
YOR001W,YML128C,0,0.8742659,0.2375444769859314,0.5334665179252625,0.17141714692115784
YFL004W,YKL144C,0,0.8738939,0.2374388575553894,0.5334665179252625,0.17151714861392975
YAL023C,YGR227W,1,0.87322897,0.23777778446674347,0.5344655513763428,0.17151714861392975
YMR101C,YDR207C,0,0.8726343,0.23767215013504028,0.5344655513763428,0.17161716520786285
YBR160W,YPR149W,0,0.8723313,0.23756660521030426,0.5344655513763428,0.17171716690063477
YOR236W,YJL165C,0,0.87214863,0.2374611645936966,0.5344655513763428,0.17181718349456787
YBR036C,YNL302C,0,0.87120146,0.2373558133840561,0.5344655513763428,0.17191718518733978
YBL038W,YOR099W,0,0.87010294,0.23725055158138275,0.5344655513763428,0.1720172017812729
YBR105C,YIL027C,0,0.8694927,0.23714539408683777,0.5344655513763428,0.172117218375206
YJL117W,YKL196C,0,0.8680327,0.23704032599925995,0.5344655513763428,0.1722172200679779
YMR283C,YOR321W,1,0.86784196,0.23737820982933044,0.5354645252227783,0.1722172200679779
YIL140W,YER162C,0,0.8666131,0.23727312684059143,0.5354645252227783,0.172317236661911
YLR080W,YLR286C,0,0.86551106,0.23716814815998077,0.5354645252227783,0.17241723835468292
YAL043C,YMR017W,0,0.86518186,0.2370632439851761,0.5354645252227783,0.17251725494861603
YBR125C,YEL040W,0,0.86408645,0.23695844411849976,0.5354645252227783,0.17261725664138794
YJR143C,YBR110W,1,0.8640459,0.23729562759399414,0.5364635586738586,0.17261725664138794
YEL022W,YGL085W,0,0.8632192,0.23719081282615662,0.5364635586738586,0.17271727323532104
YMR150C,YJR042W,0,0.8631012,0.23708608746528625,0.5364635586738586,0.17281727492809296
YML127W,YBR162W-A,0,0.8630177,0.23698146641254425,0.5364635586738586,0.17291729152202606
YIL051C,YOR291W,0,0.8624337,0.2368769347667694,0.5364635586738586,0.17301730811595917
YKL180W,YPR178W,0,0.86241895,0.23677249252796173,0.5364635586738586,0.17311730980873108
YNL050C,YBL010C,0,0.86035824,0.23666813969612122,0.5364635586738586,0.17321732640266418
YER017C,YPL059W,0,0.86021435,0.23656387627124786,0.5364635586738586,0.1733173280954361
YDL095W,YOR321W,1,0.8587652,0.23690004646778107,0.5374625325202942,0.1733173280954361
YJL080C,YOR201C,0,0.8585985,0.23679576814174652,0.5374625325202942,0.1734173446893692
YDR545W,YOR320C,0,0.8584985,0.23669159412384033,0.5374625325202942,0.1735173463821411
YGL148W,YPL095C,0,0.85813785,0.2365875095129013,0.5374625325202942,0.17361736297607422
YGL213C,YNL123W,0,0.8581033,0.23648351430892944,0.5374625325202942,0.17371736466884613
YOR101W,YKR103W,0,0.8579205,0.23637960851192474,0.5374625325202942,0.17381738126277924
YMR261C,YJR143C,1,0.8576097,0.23671497404575348,0.5384615659713745,0.17381738126277924
YKR058W,YPR024W,0,0.85752076,0.23661106824874878,0.5384615659713745,0.17391739785671234
YMR211W,YJL196C,0,0.85640097,0.23650723695755005,0.5384615659713745,0.17401739954948425
YML047C,YLR300W,0,0.8559739,0.23640350997447968,0.5384615659713745,0.17411741614341736
YOL061W,YDR079W,0,0.8552934,0.23629987239837646,0.5384615659713745,0.17421741783618927
YDR226W,YBR261C,0,0.8550923,0.23619632422924042,0.5384615659713745,0.17431743443012238
YJR145C,YMR171C,0,0.8550751,0.23609286546707153,0.5384615659713745,0.1744174361228943
YNL202W,YPL065W,0,0.85496557,0.2359894961118698,0.5384615659713745,0.1745174527168274
YHR135C,YLL055W,0,0.8548584,0.23588621616363525,0.5384615659713745,0.1746174544095993
YKL096W-A,YPR028W,0,0.85423046,0.23578302562236786,0.5384615659713745,0.1747174710035324
YLR287C-A,YDR380W,0,0.85345733,0.23567992448806763,0.5384615659713745,0.17481748759746552
YER149C,YMR269W,0,0.85214734,0.23557692766189575,0.5384615659713745,0.17491748929023743
YER083C,YNL173C,0,0.85126287,0.23547400534152985,0.5384615659713745,0.17501750588417053
YER028C,YPL074W,0,0.85087013,0.2353711724281311,0.5384615659713745,0.17511750757694244
YGL064C,YJL045W,0,0.8497383,0.23526844382286072,0.5384615659713745,0.17521752417087555
YLR343W,YDR100W,0,0.8497001,0.2351657897233963,0.5384615659713745,0.17531752586364746
YLR107W,YLL021W,0,0.8490177,0.23506323993206024,0.5384615659713745,0.17541754245758057
YER096W,YLR292C,0,0.8489338,0.23496076464653015,0.5384615659713745,0.17551755905151367
YBR080C,YML049C,0,0.8481575,0.23485839366912842,0.5384615659713745,0.17561756074428558
YMR149W,YNL038W,1,0.8478301,0.23519164323806763,0.5394605398178101,0.17561756074428558
YDR531W,YNL026W,0,0.8476244,0.2350892424583435,0.5394605398178101,0.1757175773382187
YOR320C,YGL226C-A,1,0.8475304,0.23542210459709167,0.5404595136642456,0.1757175773382187
YNL325C,YOR393W,0,0.847404,0.23531970381736755,0.5404595136642456,0.1758175790309906
YBR061C,YMR149W,0,0.84713364,0.2352173924446106,0.5404595136642456,0.1759175956249237
YAL008W,YBR287W,0,0.8455603,0.2351151704788208,0.5404595136642456,0.17601759731769562
YDR033W,YMR114C,0,0.8445998,0.23501303791999817,0.5404595136642456,0.17611761391162872
YER148W,YOL145C,0,0.8437154,0.2349109798669815,0.5404595136642456,0.17621761560440063
YLR092W,YLR295C,0,0.84368545,0.2348090261220932,0.5404595136642456,0.17631763219833374
YGL014W,YBR185C,0,0.84351605,0.23470716178417206,0.5404595136642456,0.17641764879226685
YOR189W,YDL077C,0,0.84337574,0.23460537195205688,0.5404595136642456,0.17651765048503876
YJL079C,YHR092C,0,0.8429327,0.23450368642807007,0.5404595136642456,0.17661766707897186
YEL002C,YDR354W,1,0.8418214,0.23483535647392273,0.5414585471153259,0.17661766707897186
YCL024W,YBR241C,0,0.8416479,0.23473365604877472,0.5414585471153259,0.17671766877174377
YJL167W,YEL036C,0,0.8416232,0.23463203012943268,0.5414585471153259,0.17681768536567688
YIL027C,YDL036C,0,0.84125614,0.234530508518219,0.5414585471153259,0.1769176870584488
YMR008C,YBR153W,0,0.84104484,0.23442906141281128,0.5414585471153259,0.1770177036523819
YER082C,YGL053W,0,0.84050065,0.23432771861553192,0.5414585471153259,0.1771177053451538
YKL038W,YOR249C,0,0.8403146,0.23422645032405853,0.5414585471153259,0.17721772193908691
YGR285C,YOR301W,0,0.840139,0.2341252714395523,0.5414585471153259,0.17731773853302002
YLR056W,YIL153W,0,0.84005404,0.23402418196201324,0.5414585471153259,0.17741774022579193
YOR209C,YGL226C-A,1,0.8399125,0.23435476422309875,0.5424575209617615,0.17741774022579193
YDL225W,YNL131W,0,0.83956516,0.2342536598443985,0.5424575209617615,0.17751775681972504
YGR103W,YLR134W,0,0.8390222,0.2341526448726654,0.5424575209617615,0.17761775851249695
YFR014C,YBR208C,0,0.8389584,0.23405171930789948,0.5424575209617615,0.17771777510643005
YGR103W,YOL112W,0,0.8389457,0.2339508831501007,0.5424575209617615,0.17781777679920197
YNL001W,YOR143C,0,0.838886,0.2338501363992691,0.5424575209617615,0.17791779339313507
YDR463W,YMR179W,0,0.8383386,0.23374946415424347,0.5424575209617615,0.17801779508590698
YPR019W,YOL107W,0,0.8380984,0.233648881316185,0.5424575209617615,0.1781178116798401
YGL219C,YGR001C,0,0.83687127,0.2335483878850937,0.5424575209617615,0.1782178282737732
YHR117W,YBL091C-A,0,0.83663166,0.23344798386096954,0.5424575209617615,0.1783178299665451
YPL133C,YML004C,0,0.8358823,0.23334765434265137,0.5424575209617615,0.1784178465604782
YCL018W,YMR221C,0,0.8353758,0.23324742913246155,0.5424575209617615,0.17851784825325012
YKR075C,YNL054W,0,0.8349894,0.2331472784280777,0.5424575209617615,0.17861786484718323
YOR066W,YGL031C,0,0.8343063,0.233047217130661,0.5424575209617615,0.17871786653995514
YKL032C,YHL003C,0,0.83398306,0.2329472303390503,0.5424575209617615,0.17881788313388824
YNL038W,YDR245W,1,0.83390105,0.2332761585712433,0.5434565544128418,0.17881788313388824
YMR041C,YKL033W,0,0.83383954,0.23317617177963257,0.5434565544128418,0.17891788482666016
YLR153C,YJR031C,0,0.83201045,0.23307625949382782,0.5434565544128418,0.17901790142059326
YDR404C,YBR185C,0,0.83100486,0.23297645151615143,0.5434565544128418,0.17911791801452637
YPL175W,YOR103C,1,0.8308437,0.23330479860305786,0.5444555282592773,0.17911791801452637
YHR190W,YMR114C,0,0.83065534,0.23320496082305908,0.5444555282592773,0.17921791970729828
YMR208W,YIL119C,0,0.8301946,0.23310521245002747,0.5444555282592773,0.17931793630123138
YLR204W,YDR495C,0,0.82985145,0.233005553483963,0.5444555282592773,0.1794179379940033
YJR009C,YKL183W,0,0.8273586,0.23290598392486572,0.5444555282592773,0.1795179545879364
YNL278W,YIR031C,0,0.82691896,0.2328064888715744,0.5444555282592773,0.1796179562807083
YNL219C,YOR085W,1,0.8267912,0.23313407599925995,0.5454545617103577,0.1796179562807083
YHR156C,YLL018C,0,0.82662016,0.23303456604480743,0.5454545617103577,0.17971797287464142
YLR029C,YMR243C,0,0.82531893,0.23293516039848328,0.5454545617103577,0.17981797456741333
YLR361C,YNL048W,0,0.82527316,0.2328358143568039,0.5454545617103577,0.17991799116134644
YLR364W,YOR147W,0,0.8250409,0.23273657262325287,0.5454545617103577,0.18001800775527954
YHR023W,YPL159C,0,0.824689,0.2326374053955078,0.5454545617103577,0.18011800944805145
YIL074C,YKL114C,0,0.8231208,0.23253832757472992,0.5454545617103577,0.18021802604198456
YDR168W,YOR192C,0,0.8229406,0.2324393391609192,0.5454545617103577,0.18031802773475647
YJL002C,YOR320C,1,0.8228961,0.23276595771312714,0.5464535355567932,0.18031802773475647
YDR441C,YOR085W,1,0.8226439,0.2330923080444336,0.5474525690078735,0.18031802773475647
YOR167C,YOR101W,0,0.822492,0.2329932004213333,0.5474525690078735,0.18041804432868958
YLR413W,YLR215C,0,0.8224379,0.2328941822052002,0.5474525690078735,0.1805180460214615
YMR169C,YMR076C,0,0.8223875,0.23279523849487305,0.5474525690078735,0.1806180626153946
YJL156C,YJL124C,0,0.8223032,0.23269638419151306,0.5474525690078735,0.1807180792093277
YLR201C,YER055C,0,0.82172394,0.23259761929512024,0.5474525690078735,0.1808180809020996
YJL035C,YOR090C,0,0.8214018,0.23249894380569458,0.5474525690078735,0.18091809749603271
YER062C,YIL006W,0,0.8211162,0.2324003428220749,0.5474525690078735,0.18101809918880463
YPL218W,YGR144W,0,0.8208611,0.23230181634426117,0.5474525690078735,0.18111811578273773
YPL100W,YPL173W,0,0.82069045,0.2322033941745758,0.5474525690078735,0.18121811747550964
YLR459W,YGL059W,0,0.8189455,0.2321050465106964,0.5474525690078735,0.18131813406944275
YBR162W-A,YKL009W,0,0.81863284,0.23200677335262299,0.5474525690078735,0.18141813576221466
YMR312W,YPL214C,0,0.818245,0.23190858960151672,0.5474525690078735,0.18151815235614777
YDR308C,YHR092C,0,0.81821394,0.23181049525737762,0.5474525690078735,0.18161816895008087
YEL001C,YDR036C,0,0.8181263,0.2317124754190445,0.5474525690078735,0.18171817064285278
YOR265W,YPL056C,0,0.8176892,0.23161454498767853,0.5474525690078735,0.1818181872367859
YFL037W,YBR065C,0,0.81739265,0.23151668906211853,0.5474525690078735,0.1819181889295578
YNL292W,YER032W,0,0.8167947,0.2314189225435257,0.5474525690078735,0.1820182055234909
YNL161W,YJL079C,0,0.8164011,0.23132123053073883,0.5474525690078735,0.18211820721626282
YER087W,YER109C,0,0.816282,0.23122362792491913,0.5474525690078735,0.18221822381019592
YNL250W,YNL243W,0,0.81623065,0.2311260998249054,0.5474525690078735,0.18231822550296783
YNL080C,YPR148C,0,0.8158448,0.23102866113185883,0.5474525690078735,0.18241824209690094
YLR010C,YIL039W,0,0.8149942,0.23093131184577942,0.5474525690078735,0.18251825869083405
YDR074W,YEL061C,0,0.8148328,0.23083403706550598,0.5474525690078735,0.18261826038360596
YKL119C,YNL026W,0,0.8146328,0.2307368367910385,0.5474525690078735,0.18271827697753906
YJR092W,YJL056C,0,0.8142463,0.2306397259235382,0.5474525690078735,0.18281827867031097
YNL151C,YER074W,0,0.8138972,0.23054270446300507,0.5474525690078735,0.18291829526424408
YBR160W,YNL080C,0,0.81330454,0.2304457575082779,0.5474525690078735,0.183018296957016
YMR261C,YBL082C,1,0.81321466,0.23076923191547394,0.5484515428543091,0.183018296957016
YLR289W,YNL061W,0,0.8127891,0.23067227005958557,0.5484515428543091,0.1831183135509491
YBL082C,YNL038W,1,0.8127365,0.23099538683891296,0.5494505763053894,0.1831183135509491
YOR081C,YBR248C,0,0.8126903,0.2308984100818634,0.5494505763053894,0.183218315243721
YFL017W-A,YDR036C,0,0.81238776,0.2308015078306198,0.5494505763053894,0.1833183318376541
YJL128C,YOR101W,0,0.8120444,0.23070469498634338,0.5494505763053894,0.18341834843158722
YLR141W,YLR093C,0,0.81184214,0.23060797154903412,0.5494505763053894,0.18351835012435913
YER106W,YDL015C,0,0.8114671,0.23051132261753082,0.5494505763053894,0.18361836671829224
YBR036C,YML027W,0,0.8107033,0.2304147481918335,0.5494505763053894,0.18371836841106415
YLR467W,YKL060C,0,0.81007755,0.23031826317310333,0.5494505763053894,0.18381838500499725
YGL200C,YDR019C,0,0.8089865,0.23022185266017914,0.5494505763053894,0.18391838669776917
YER178W,YER082C,0,0.8079785,0.2301255166530609,0.5494505763053894,0.18401840329170227
YDR280W,YJR065C,0,0.80790424,0.23002927005290985,0.5494505763053894,0.18411840498447418
YGR211W,YLR350W,0,0.80740595,0.22993311285972595,0.5494505763053894,0.1842184215784073
YNL331C,YOL127W,0,0.8067659,0.22983703017234802,0.5494505763053894,0.1843184381723404
YML107C,YLL045C,0,0.80584544,0.22974102199077606,0.5494505763053894,0.1844184398651123
YNL217W,YOL152W,0,0.8058266,0.22964508831501007,0.5494505763053894,0.1845184564590454
YDR245W,YNL158W,1,0.80521697,0.22996661067008972,0.550449550151825,0.1845184564590454
YNL232W,YDR158W,0,0.8049065,0.22987067699432373,0.550449550151825,0.18461845815181732
YER030W,YNL149C,0,0.8046638,0.2297748178243637,0.550449550151825,0.18471847474575043
YOR074C,YNR057C,0,0.80214876,0.22967903316020966,0.550449550151825,0.18481847643852234
YDR064W,YJR110W,0,0.8019242,0.22958333790302277,0.550449550151825,0.18491849303245544
YBL098W,YPL178W,0,0.8013674,0.22948771715164185,0.550449550151825,0.18501849472522736
YBR156C,YJR066W,0,0.8009659,0.2293921709060669,0.550449550151825,0.18511851131916046
YGR204W,YDR227W,0,0.8009511,0.2292967140674591,0.550449550151825,0.18521852791309357
YDR174W,YGL119W,0,0.80079913,0.2292013317346573,0.550449550151825,0.18531852960586548
YBR254C,YDL223C,0,0.8007919,0.22910602390766144,0.550449550151825,0.18541854619979858
YPL220W,YKL021C,0,0.80024225,0.22901080548763275,0.550449550151825,0.1855185478925705
YLR389C,YOL056W,0,0.80014604,0.22891566157341003,0.550449550151825,0.1856185644865036
YBL058W,YGR026W,0,0.799096,0.2288205921649933,0.550449550151825,0.1857185661792755
YMR213W,YJL062W,0,0.7989449,0.2287256121635437,0.550449550151825,0.18581858277320862
YLR209C,YGR216C,1,0.7986722,0.22904564440250397,0.5514485239982605,0.18581858277320862
YNL297C,YDR353W,0,0.7975309,0.2289506494998932,0.5514485239982605,0.18591858446598053
YIL008W,YPR144C,0,0.7974931,0.22885571420192719,0.5514485239982605,0.18601860105991364
YJL143W,YDR022C,0,0.7959129,0.22876088321208954,0.5514485239982605,0.18611861765384674
YNL048W,YLR052W,0,0.79590654,0.22866611182689667,0.5514485239982605,0.18621861934661865
YGR234W,YJL006C,0,0.79579186,0.22857142984867096,0.5514485239982605,0.18631863594055176
YDR108W,YGL226C-A,0,0.79530877,0.22847682237625122,0.5514485239982605,0.18641863763332367
YOR149C,YNR059W,1,0.79408705,0.22879603505134583,0.5524475574493408,0.18641863763332367
YKL212W,YKL051W,0,0.7939824,0.2287014126777649,0.5524475574493408,0.18651865422725677
YFL033C,YNL307C,0,0.7936506,0.22860686480998993,0.5524475574493408,0.1866186559200287
YFR018C,YBL085W,0,0.79315674,0.22851239144802094,0.5524475574493408,0.1867186725139618
YGR101W,YLR318W,0,0.79297096,0.2284180074930191,0.5524475574493408,0.1868186891078949
YGR155W,YEL069C,0,0.7929007,0.22832369804382324,0.5524475574493408,0.1869186908006668
YBL013W,YPL050C,0,0.791492,0.22822946310043335,0.5524475574493408,0.18701870739459991
YML106W,YNR059W,1,0.79124236,0.2285478562116623,0.5534465312957764,0.18701870739459991
YPL110C,YPR188C,0,0.78983986,0.2284536063671112,0.5534465312957764,0.18711870908737183
YLR419W,YNL242W,0,0.78976667,0.22835944592952728,0.5534465312957764,0.18721872568130493
YBR121C,YCR094W,0,0.78899294,0.22826534509658813,0.5534465312957764,0.18731872737407684
YJR060W,YFR047C,0,0.78856343,0.22817133367061615,0.5534465312957764,0.18741874396800995
YDR091C,YKL198C,0,0.7883837,0.22807739675045013,0.5534465312957764,0.18751874566078186
YBR072W,YNR028W,0,0.7882207,0.2279835343360901,0.5534465312957764,0.18761876225471497
YHL027W,YPL095C,0,0.78774416,0.2278897613286972,0.5534465312957764,0.18771877884864807
YFL001W,YKL156W,0,0.78759277,0.2277960479259491,0.5534465312957764,0.18781878054141998
YCR077C,YCR075C,0,0.7874688,0.22770242393016815,0.5534465312957764,0.1879187971353531
YNL079C,YOL112W,0,0.7873549,0.22760887444019318,0.5534465312957764,0.188018798828125
YOR080W,YCR065W,0,0.7873464,0.22751539945602417,0.5534465312957764,0.1881188154220581
YLR190W,YMR213W,0,0.7871328,0.22742199897766113,0.5534465312957764,0.18821881711483002
YGR005C,YOR066W,0,0.7856115,0.22732868790626526,0.5534465312957764,0.18831883370876312
YGR167W,YMR306W,0,0.7854045,0.22723543643951416,0.5534465312957764,0.18841883540153503
YPL226W,YOR236W,0,0.785347,0.22714227437973022,0.5534465312957764,0.18851885199546814
YOR230W,YJL062W,0,0.78456146,0.22704918682575226,0.5534465312957764,0.18861886858940125
YBR024W,YPR019W,0,0.7839018,0.22695615887641907,0.5534465312957764,0.18871887028217316
YLR259C,YIR038C,0,0.7837783,0.22686322033405304,0.5534465312957764,0.18881888687610626
YLR074C,YIL155C,0,0.78342736,0.22677037119865417,0.5534465312957764,0.18891888856887817
YBR166C,YER131W,0,0.7829398,0.22667758166790009,0.5534465312957764,0.18901890516281128
YPL027W,YFL041W,0,0.7822697,0.22658486664295197,0.5534465312957764,0.1891189068555832
YLR342W,YNL048W,1,0.7821359,0.2269010692834854,0.5544455647468567,0.1891189068555832
YLL003W,YML012W,0,0.7819871,0.2268083393573761,0.5544455647468567,0.1892189234495163
YGR296W,YBL010C,0,0.78185165,0.22671568393707275,0.5544455647468567,0.1893189251422882
YGL026C,YDR205W,0,0.7808877,0.22662311792373657,0.5544455647468567,0.1894189417362213
YKL029C,YJR001W,0,0.78061676,0.22653061151504517,0.5544455647468567,0.18951895833015442
YDR096W,YOL052C,0,0.7800865,0.22643819451332092,0.5544455647468567,0.18961896002292633
YPR041W,YNL210W,0,0.7798917,0.22634583711624146,0.5544455647468567,0.18971897661685944
YDR441C,YJR075W,1,0.7798218,0.22666123509407043,0.5554445385932922,0.18971897661685944
YGR032W,YBR248C,1,0.779468,0.22697636485099792,0.5564435720443726,0.18971897661685944
YNL192W,YGR227W,1,0.7794379,0.22729124128818512,0.5574425458908081,0.18971897661685944
YGR189C,YNL330C,0,0.77820283,0.22719869017601013,0.5574425458908081,0.18981897830963135
YGR282C,YOR381W,0,0.7781602,0.2271062284708023,0.5574425458908081,0.18991899490356445
YDL170W,YDR380W,0,0.7769747,0.22701382637023926,0.5574425458908081,0.19001899659633636
YDL112W,YMR118C,0,0.77689165,0.22692151367664337,0.5574425458908081,0.19011901319026947
YAL031C,YMR307W,0,0.7766305,0.22682927548885345,0.5574425458908081,0.19021901488304138
YGL139W,YER126C,0,0.77642953,0.2267370969057083,0.5574425458908081,0.1903190314769745
YMR001C,YDR273W,0,0.7754996,0.22664500772953033,0.5574425458908081,0.1904190480709076
YLR442C,YNL142W,0,0.7750992,0.22655297815799713,0.5574425458908081,0.1905190497636795
YEL043W,YOL129W,0,0.77503556,0.2264610379934311,0.5574425458908081,0.1906190663576126
YOR116C,YDL140C,0,0.7742642,0.22636917233467102,0.5574425458908081,0.19071906805038452
YPL206C,YIL111W,0,0.7732989,0.22627736628055573,0.5574425458908081,0.19081908464431763
YNL167C,YFL056C,0,0.7730396,0.2261856496334076,0.5574425458908081,0.19091908633708954
YNL063W,YNL192W,0,0.7727549,0.22609400749206543,0.5574425458908081,0.19101910293102264
YOR177C,YGR200C,0,0.771911,0.22600242495536804,0.5574425458908081,0.19111910462379456
YLR059C,YPL240C,0,0.77174026,0.22591093182563782,0.5574425458908081,0.19121912121772766
YNL076W,YHL006C,0,0.77167314,0.22581951320171356,0.5574425458908081,0.19131913781166077
YJR101W,YGR199W,0,0.77165914,0.22572815418243408,0.5574425458908081,0.19141913950443268
YBR096W,YGR178C,0,0.7710823,0.22563688457012177,0.5574425458908081,0.19151915609836578
YER020W,YKL021C,0,0.77079105,0.22554567456245422,0.5574425458908081,0.1916191577911377
YDR443C,YPL234C,0,0.7707418,0.22545453906059265,0.5574425458908081,0.1917191743850708
YHR035W,YMR123W,0,0.77069926,0.22536349296569824,0.5574425458908081,0.1918191760778427
YER055C,YGR032W,1,0.7702709,0.22567622363567352,0.5584415793418884,0.1918191760778427
YLR088W,YOL023W,0,0.7701868,0.22558514773845673,0.5584415793418884,0.19191919267177582
YJR010C-A,YDL235C,0,0.76989067,0.2254941463470459,0.5584415793418884,0.19201920926570892
YML022W,YNL158W,1,0.7693749,0.22580644488334656,0.559440553188324,0.19201920926570892
YLR389C,YIL142W,0,0.7691765,0.22571544349193573,0.559440553188324,0.19211921095848083
YMR306W,YMR286W,0,0.7691239,0.22562450170516968,0.559440553188324,0.19221922755241394
YBR070C,YDR483W,1,0.7690097,0.22593636810779572,0.5604395866394043,0.19221922755241394
YDR441C,YGL047W,1,0.7682358,0.22624798119068146,0.5614385604858398,0.19221922755241394
YLR060W,YOR098C,0,0.7678101,0.22615693509578705,0.5614385604858398,0.19231922924518585
YER178W,YOL080C,0,0.7673051,0.2260659635066986,0.5614385604858398,0.19241924583911896
YDL043C,YDR443C,0,0.7670954,0.22597506642341614,0.5614385604858398,0.19251924753189087
YAL022C,YLR441C,0,0.76708335,0.22588424384593964,0.5614385604858398,0.19261926412582397
YOL125W,YCR016W,0,0.767045,0.2257934957742691,0.5614385604858398,0.1927192658185959
YDL033C,YBR164C,0,0.76699066,0.22570280730724335,0.5614385604858398,0.192819282412529
YAL023C,YJL139C,1,0.76645863,0.226013645529747,0.5624375343322754,0.192819282412529
YCR040W,YKR044W,0,0.7664342,0.22592295706272125,0.5624375343322754,0.1929192990064621
YPR138C,YLR050C,0,0.76566136,0.22583232820034027,0.5624375343322754,0.193019300699234
YNR059W,YIL085C,1,0.7654543,0.2261427491903305,0.5634365677833557,0.193019300699234
YER022W,YBR177C,0,0.7654429,0.22605210542678833,0.5634365677833557,0.19311931729316711
YLR196W,YML107C,0,0.7643656,0.22596153616905212,0.5634365677833557,0.19321931898593903
YBR050C,YHR110W,0,0.7641253,0.2258710414171219,0.5634365677833557,0.19331933557987213
YBR175W,YJL121C,0,0.7637018,0.22578062117099762,0.5634365677833557,0.19341933727264404
YEL031W,YJL001W,0,0.76327753,0.22569027543067932,0.5634365677833557,0.19351935386657715
YLR023C,YML060W,0,0.7625654,0.225600004196167,0.5634365677833557,0.19361935555934906
YMR160W,YOL147C,0,0.7621278,0.22550979256629944,0.5634365677833557,0.19371937215328217
YGL107C,YOR317W,0,0.7620713,0.22541967034339905,0.5634365677833557,0.19381938874721527
YPL231W,YHR148W,0,0.76202315,0.22532960772514343,0.5634365677833557,0.19391939043998718
YPR180W,YBR248C,0,0.76171196,0.2252396196126938,0.5634365677833557,0.1940194070339203
YNL115C,YDL120W,0,0.7614398,0.2251497060060501,0.5634365677833557,0.1941194087266922
YOR127W,YNR044W,0,0.76138747,0.2250598520040512,0.5634365677833557,0.1942194253206253
YLR129W,YGL186C,0,0.7606834,0.22497008740901947,0.5634365677833557,0.19431942701339722
YLR075W,YEL070W,0,0.7606049,0.2248803824186325,0.5634365677833557,0.19441944360733032
YHR154W,YGL180W,0,0.760602,0.2247907519340515,0.5634365677833557,0.19451944530010223
YML021C,YDR359C,0,0.76022387,0.2247011959552765,0.5634365677833557,0.19461946189403534
YBL030C,YJL011C,0,0.7597548,0.22461171448230743,0.5634365677833557,0.19471947848796844
YHR205W,YGL225W,0,0.75903994,0.22452229261398315,0.5634365677833557,0.19481948018074036
YDR441C,YCL052C,1,0.75894725,0.22483088076114655,0.5644355416297913,0.19481948018074036
YOR103C,YLR342W,1,0.758763,0.22513921558856964,0.5654345750808716,0.19481948018074036
YGR075C,YLR055C,0,0.7587521,0.2250497043132782,0.5654345750808716,0.19491949677467346
YMR295C,YJR055W,0,0.75863427,0.22496025264263153,0.5654345750808716,0.19501949846744537
YOR147W,YIL133C,0,0.7584096,0.22487087547779083,0.5654345750808716,0.19511951506137848
YLR189C,YCL017C,0,0.7581909,0.2247815728187561,0.5654345750808716,0.1952195167541504
YJL183W,YLR342W,1,0.75803924,0.22508932650089264,0.5664335489273071,0.1952195167541504
YOR067C,YNL029C,1,0.7572777,0.22539682686328888,0.5674325823783875,0.1952195167541504
YJR089W,YMR289W,0,0.7570234,0.2253074198961258,0.5674325823783875,0.1953195333480835
YDR174W,YGR006W,0,0.75693357,0.22521808743476868,0.5674325823783875,0.1954195350408554
YPL231W,YOR101W,0,0.7568674,0.22512881457805634,0.5674325823783875,0.1955195516347885
YOR101W,YHR186C,0,0.7563727,0.22503961622714996,0.5674325823783875,0.19561956822872162
YBR161W,YOR209C,1,0.75624937,0.22534653544425964,0.568431556224823,0.19561956822872162
YJR059W,YPL087W,0,0.75581646,0.22525732219219208,0.568431556224823,0.19571956992149353
YIL051C,YDR434W,0,0.75508994,0.22516818344593048,0.568431556224823,0.19581958651542664
YJL130C,YBR120C,0,0.7549545,0.22507911920547485,0.568431556224823,0.19591958820819855
YNL162W,YLR325C,0,0.7548033,0.224990114569664,0.568431556224823,0.19601960480213165
YJL073W,YNL290W,0,0.7534443,0.22490118443965912,0.568431556224823,0.19611960649490356
YDR109C,YOR212W,0,0.75240695,0.2248123288154602,0.568431556224823,0.19621962308883667
YBR060C,YNL160W,0,0.751529,0.22472353279590607,0.568431556224823,0.19631962478160858
YAR002C-A,YOR301W,0,0.75105,0.2246348261833191,0.568431556224823,0.1964196413755417
YIR015W,YKL006W,0,0.7509811,0.2245461791753769,0.568431556224823,0.1965196579694748
YER001W,YNL029C,1,0.7509325,0.2248520702123642,0.5694305896759033,0.1965196579694748
YGR211W,YNL164C,0,0.7501697,0.2247634083032608,0.5694305896759033,0.1966196596622467
YKL170W,YLR052W,0,0.74996877,0.22467480599880219,0.5694305896759033,0.1967196762561798
YNL199C,YNL036W,0,0.7496916,0.22458629310131073,0.5694305896759033,0.19681967794895172
YBR222C,YHR010W,0,0.7481966,0.22449783980846405,0.5694305896759033,0.19691969454288483
YHR005C,YER089C,0,0.7477602,0.22440944612026215,0.5694305896759033,0.19701969623565674
YDR067C,YBR158W,0,0.7463814,0.2243211269378662,0.5694305896759033,0.19711971282958984
YOL122C,YDR332W,0,0.74627906,0.22423288226127625,0.5694305896759033,0.19721971452236176
YOR067C,YMR306W,1,0.7461746,0.2245379537343979,0.5704295635223389,0.19721971452236176
YKR083C,YLR350W,0,0.7460276,0.22444967925548553,0.5704295635223389,0.19731973111629486
YGL027C,YOL005C,0,0.74602485,0.22436149418354034,0.5704295635223389,0.19741974771022797
YNL029C,YOR209C,1,0.7459244,0.22466614842414856,0.5714285969734192,0.19741974771022797
YML094W,YDR071C,0,0.7448468,0.22457793354988098,0.5714285969734192,0.19751974940299988
YML115C,YNL176C,0,0.7442231,0.22448979318141937,0.5714285969734192,0.19761976599693298
YIL037C,YCL043C,0,0.74322635,0.22440172731876373,0.5714285969734192,0.1977197676897049
YGR122W,YMR142C,0,0.74269366,0.22431372106075287,0.5714285969734192,0.197819784283638
YGL078C,YIL009C-A,0,0.74241686,0.22422578930854797,0.5714285969734192,0.1979197859764099
YGR155W,YHR039C-A,0,0.7418661,0.22413793206214905,0.5714285969734192,0.19801980257034302
YLR129W,YJL221C,0,0.74177706,0.2240501344203949,0.5714285969734192,0.19811981916427612
YDR500C,YDR301W,0,0.74140835,0.22396241128444672,0.5714285969734192,0.19821982085704803
YLR208W,YBR038W,0,0.74106157,0.2238747626543045,0.5714285969734192,0.19831983745098114
YHR027C,YCL008C,0,0.7408889,0.22378717362880707,0.5714285969734192,0.19841983914375305
YLL013C,YDL082W,0,0.7402862,0.2236996442079544,0.5714285969734192,0.19851985573768616
YNL185C,YDR358W,0,0.73992395,0.2236122041940689,0.5714285969734192,0.19861985743045807
YPL149W,YDL061C,0,0.73946786,0.223524808883667,0.5714285969734192,0.19871987402439117
YIL020C,YGR281W,0,0.73817885,0.22343750298023224,0.5714285969734192,0.19881987571716309
YCL052C,YEL011W,1,0.7377977,0.22374072670936584,0.5724275708198547,0.19881987571716309
YOR353C,YLR367W,0,0.73762894,0.2236533910036087,0.5724275708198547,0.1989198923110962
YHR169W,YMR315W,0,0.73762673,0.22356612980365753,0.5724275708198547,0.1990199089050293
YBR230C,YEL036C,0,0.73735476,0.22347894310951233,0.5724275708198547,0.1991199105978012
YPR160W,YER055C,1,0.73719335,0.22378167510032654,0.5734265446662903,0.1991199105978012
YAR033W,YOR335C,0,0.7369225,0.22369447350502014,0.5734265446662903,0.19921992719173431
YNL322C,YPR168W,0,0.7368966,0.22360731661319733,0.5734265446662903,0.19931992888450623
YOR132W,YMR100W,0,0.73679537,0.22352024912834167,0.5734265446662903,0.19941994547843933
YBR042C,YOR355W,0,0.7366938,0.2234332412481308,0.5734265446662903,0.19951994717121124
YGR105W,YDR387C,0,0.73656225,0.2233463078737259,0.5734265446662903,0.19961996376514435
YJL183W,YLR333C,0,0.7363775,0.22325943410396576,0.5734265446662903,0.19971996545791626
YOR046C,YOR338W,0,0.7358987,0.2231726348400116,0.5734265446662903,0.19981998205184937
YLR276C,YPR128C,0,0.7358291,0.2230858951807022,0.5734265446662903,0.19991999864578247
YBR112C,YJL212C,0,0.73568916,0.2229992300271988,0.5734265446662903,0.20002000033855438
YMR298W,YKL141W,0,0.73516613,0.22291262447834015,0.5734265446662903,0.2001200169324875
YLR359W,YOL086C,0,0.73481095,0.22282609343528748,0.5734265446662903,0.2002200186252594
YAL053W,YKR083C,0,0.73451555,0.22273962199687958,0.5734265446662903,0.2003200352191925
YGR252W,YMR272C,0,0.7336538,0.22265322506427765,0.5734265446662903,0.20042003691196442
YBR043C,YLR361C,0,0.732461,0.2225668877363205,0.5734265446662903,0.20052005350589752
YNR061C,YOR063W,0,0.7324263,0.2224806249141693,0.5734265446662903,0.20062005519866943
YHR128W,YGL065C,1,0.73218405,0.22278186678886414,0.5744255781173706,0.20062005519866943
YDR211W,YOR057W,0,0.7318877,0.22269558906555176,0.5744255781173706,0.20072007179260254
YDL102W,YDR343C,0,0.73172176,0.22260937094688416,0.5744255781173706,0.20082008838653564
YMR321C,YDR111C,0,0.7316326,0.22252321243286133,0.5744255781173706,0.20092009007930756
YLR347C,YAL008W,0,0.73117375,0.22243714332580566,0.5744255781173706,0.20102010667324066
YHL017W,YCL055W,0,0.73103094,0.22235111892223358,0.5744255781173706,0.20112010836601257
YDR399W,YBR004C,1,0.73072153,0.22265172004699707,0.5754245519638062,0.20112010836601257
YJL148W,YHR064C,0,0.73039347,0.2225656807422638,0.5754245519638062,0.20122012495994568
YPL259C,YGR030C,0,0.7303889,0.2224797159433365,0.5754245519638062,0.2013201266527176
YOR149C,YDR074W,1,0.72943705,0.22277992963790894,0.5764235854148865,0.2013201266527176
YBR015C,YJR013W,1,0.7292052,0.2230798900127411,0.577422559261322,0.2013201266527176
YAL054C,YLR052W,0,0.7286628,0.22299382090568542,0.577422559261322,0.2014201432466507
YCL027W,YDR421W,0,0.7281352,0.22290782630443573,0.577422559261322,0.2015201449394226
YBR149W,YBR058C,0,0.7264347,0.2228218913078308,0.577422559261322,0.2016201615333557
YDR146C,YBR078W,0,0.7259618,0.22273603081703186,0.577422559261322,0.20172017812728882
YOR191W,YDL142C,0,0.7257179,0.22265022993087769,0.577422559261322,0.20182017982006073
YDR197W,YPL172C,0,0.7255679,0.22256450355052948,0.577422559261322,0.20192019641399384
YBR048W,YIL109C,0,0.72525656,0.22247883677482605,0.577422559261322,0.20202019810676575
YGR047C,YER070W,0,0.724797,0.2223932296037674,0.577422559261322,0.20212021470069885
YPL253C,YER019C-A,0,0.72466856,0.2223076969385147,0.577422559261322,0.20222021639347076
YKL141W,YEL022W,0,0.72429514,0.2222222238779068,0.577422559261322,0.20232023298740387
YDL123W,YHR025W,0,0.72393847,0.22213681042194366,0.577422559261322,0.20242023468017578
YPL053C,YGL065C,1,0.72385895,0.22243565320968628,0.5784215927124023,0.20242023468017578
YMR184W,YHR136C,0,0.7237441,0.22235022485256195,0.5784215927124023,0.2025202512741089
YOL055C,YOR330C,0,0.7237216,0.2222648710012436,0.5784215927124023,0.202620267868042
YMR139W,YOR349W,0,0.7227842,0.2221795916557312,0.5784215927124023,0.2027202695608139
YNL246W,YIL014W,0,0.72229916,0.2220943570137024,0.5784215927124023,0.202820286154747
YEL029C,YGL010W,0,0.72199076,0.22200919687747955,0.5784215927124023,0.20292028784751892
YLR441C,YOL020W,0,0.72156775,0.22192411124706268,0.5784215927124023,0.20302030444145203
YFR018C,YLR429W,0,0.72122437,0.2218390852212906,0.5784215927124023,0.20312030613422394
YAL053W,YML063W,0,0.72120225,0.22175411880016327,0.5784215927124023,0.20322032272815704
YDR067C,YEL044W,0,0.7209146,0.22166921198368073,0.5784215927124023,0.20332033932209015
YAL033W,YFR053C,0,0.719914,0.22158437967300415,0.5784215927124023,0.20342034101486206
YFL066C,YCR045C,0,0.7197188,0.22149962186813354,0.5784215927124023,0.20352035760879517
YPL210C,YBR208C,0,0.7194728,0.22141490876674652,0.5784215927124023,0.20362035930156708
YDR289C,YLR141W,0,0.719452,0.22133027017116547,0.5784215927124023,0.20372037589550018
YLR383W,YER081W,0,0.7189315,0.22124570608139038,0.5784215927124023,0.2038203775882721
YPL076W,YMR243C,0,0.71866864,0.22116118669509888,0.5784215927124023,0.2039203941822052
YBR237W,YCR030C,0,0.71767414,0.22107674181461334,0.5784215927124023,0.2040203958749771
YDR222W,YJL191W,0,0.71729267,0.22099237143993378,0.5784215927124023,0.20412041246891022
YLL053C,YNL206C,0,0.71664774,0.2209080457687378,0.5784215927124023,0.20422042906284332
YLR287C-A,YDL180W,0,0.7164598,0.22082379460334778,0.5784215927124023,0.20432043075561523
YBR162C,YEL070W,0,0.7161208,0.22073961794376373,0.5784215927124023,0.20442044734954834
YDR315C,YDR120C,0,0.7160721,0.22065548598766327,0.5784215927124023,0.20452044904232025
YKL212W,YDR127W,0,0.71588135,0.22057142853736877,0.5784215927124023,0.20462046563625336
YMR183C,YOR071C,0,0.71587116,0.22048743069171906,0.5784215927124023,0.20472046732902527
YHR142W,YNL001W,0,0.7157842,0.2204035073518753,0.5784215927124023,0.20482048392295837
YML027W,YGL104C,0,0.71575075,0.22031962871551514,0.5784215927124023,0.20492048561573029
YJL081C,YOR241W,0,0.71561897,0.22023582458496094,0.5784215927124023,0.2050205022096634
YBR276C,YDR019C,0,0.7145183,0.2201520949602127,0.5784215927124023,0.2051205188035965
YLR017W,YNR059W,1,0.7137315,0.22044849395751953,0.5794205665588379,0.2051205188035965
YLR221C,YHR110W,0,0.71335065,0.2203647345304489,0.5794205665588379,0.2052205204963684
YDR167W,YDL015C,0,0.71300805,0.22028104960918427,0.5794205665588379,0.2053205370903015
YGR185C,YHR085W,0,0.71294284,0.2201974242925644,0.5794205665588379,0.20542053878307343
YER036C,YOL127W,0,0.7127775,0.2201138585805893,0.5794205665588379,0.20552055537700653
YJR143C,YJL139C,1,0.7126838,0.22040970623493195,0.5804196000099182,0.20552055537700653
YDR347W,YOR259C,0,0.7119563,0.22032612562179565,0.5804196000099182,0.20562055706977844
YHR207C,YNL308C,0,0.7110478,0.22024260461330414,0.5804196000099182,0.20572057366371155
YPL202C,YGR055W,0,0.71015865,0.2201591581106186,0.5804196000099182,0.20582057535648346
YDR470C,YIL047C,0,0.71011984,0.22007575631141663,0.5804196000099182,0.20592059195041656
YPR072W,YMR240C,0,0.7098979,0.21999242901802063,0.5804196000099182,0.20602060854434967
YBL068W,YDL061C,0,0.70936954,0.2199091613292694,0.5804196000099182,0.20612061023712158
YNL066W,YOR098C,0,0.7092602,0.21982595324516296,0.5804196000099182,0.2062206268310547
YLR092W,YPR120C,0,0.70901114,0.2197428196668625,0.5804196000099182,0.2063206285238266
YKL006C-A,YJL206C,0,0.70896447,0.2196597307920456,0.5804196000099182,0.2064206451177597
YPR182W,YNL286W,0,0.7088526,0.21957671642303467,0.5804196000099182,0.20652064681053162
YLR208W,YMR242C,0,0.70884717,0.21949376165866852,0.5804196000099182,0.20662066340446472
YDL095W,YJR006W,0,0.70816094,0.21941088140010834,0.5804196000099182,0.20672066509723663
YGL171W,YIL134W,0,0.706944,0.21932804584503174,0.5804196000099182,0.20682068169116974
YNL233W,YKR058W,0,0.706924,0.2192452847957611,0.5804196000099182,0.20692069828510284
YOL052C-A,YJL073W,0,0.70677567,0.21916258335113525,0.5804196000099182,0.20702069997787476
YDL230W,YPR060C,0,0.7063753,0.21907994151115417,0.5804196000099182,0.20712071657180786
YBR272C,YNR074C,0,0.7063556,0.21899735927581787,0.5804196000099182,0.20722071826457977
YNL331C,YHR033W,0,0.70602155,0.21891485154628754,0.5804196000099182,0.20732073485851288
YDL087C,YMR213W,0,0.70567304,0.21883238852024078,0.5804196000099182,0.2074207365512848
YBR009C,YOL112W,0,0.70498776,0.21875,0.5804196000099182,0.2075207531452179
YLR248W,YGL068W,0,0.7045783,0.218667671084404,0.5804196000099182,0.2076207548379898
YLR289W,YER060W,0,0.70439196,0.21858540177345276,0.5804196000099182,0.2077207714319229
YGL018C,YGR010W,0,0.7043223,0.2185031920671463,0.5804196000099182,0.20782078802585602
YJR101W,YPR159W,0,0.70424867,0.2184210568666458,0.5804196000099182,0.20792078971862793
YJL167W,YPL281C,0,0.7040719,0.2183389663696289,0.5804196000099182,0.20802080631256104
YIL042C,YBR037C,0,0.70335037,0.21825695037841797,0.5804196000099182,0.20812080800533295
YGR105W,YDL231C,0,0.70205545,0.2181749939918518,0.5804196000099182,0.20822082459926605
YDL197C,YHR143W,0,0.70202446,0.21809309720993042,0.5804196000099182,0.20832082629203796
YOR124C,YLR411W,0,0.701966,0.2180112600326538,0.5804196000099182,0.20842084288597107
YOR232W,YMR118C,0,0.701735,0.21792948246002197,0.5804196000099182,0.20852085947990417
YEL030W,YML060W,0,0.70090586,0.2178477644920349,0.5804196000099182,0.2086208611726761
YOR002W,YLR017W,1,0.70078534,0.21814092993736267,0.5814185738563538,0.2086208611726761
YML082W,YDR100W,0,0.70045984,0.21805919706821442,0.5814185738563538,0.2087208777666092
YMR149W,YCL052C,1,0.7004246,0.2183520644903183,0.5824176073074341,0.2087208777666092
YNL219C,YPL175W,1,0.70001173,0.21864470839500427,0.5834165811538696,0.2087208777666092
YMR070W,YOR195W,0,0.6995638,0.21856287121772766,0.5834165811538696,0.2088208794593811
YOR278W,YOL136C,0,0.6988904,0.21848110854625702,0.5834165811538696,0.2089208960533142
YDL197C,YCR012W,0,0.6984341,0.21839940547943115,0.5834165811538696,0.20902089774608612
YER087C-A,YMR026C,0,0.6980948,0.21831776201725006,0.5834165811538696,0.20912091434001923
YER162C,YNR030W,0,0.6975837,0.21823617815971375,0.5834165811538696,0.20922091603279114
YDR399W,YNL158W,1,0.69750285,0.21852819621562958,0.5844155550003052,0.20922091603279114
YOR306C,YHR168W,0,0.6974113,0.21844659745693207,0.5844155550003052,0.20932093262672424
YLR383W,YNL026W,0,0.69702965,0.21836505830287933,0.5844155550003052,0.20942094922065735
YKR006C,YBR276C,0,0.6956885,0.21828357875347137,0.5844155550003052,0.20952095091342926
YLR386W,YPL068C,0,0.69531846,0.2182021588087082,0.5844155550003052,0.20962096750736237
YIL007C,YDR178W,0,0.69425166,0.21812079846858978,0.5844155550003052,0.20972096920013428
YNR059W,YLR450W,0,0.69419706,0.21803951263427734,0.5844155550003052,0.20982098579406738
YLR285W,YPR144C,0,0.69408464,0.2179582715034485,0.5844155550003052,0.2099209874868393
YBR156C,YDR012W,0,0.6939923,0.2178770899772644,0.5844155550003052,0.2100210040807724
YPL281C,YNL122C,0,0.69396,0.2177959829568863,0.5844155550003052,0.2101210057735443
YGR262C,YBR177C,0,0.6937548,0.21771492063999176,0.5844155550003052,0.21022102236747742
YOR316C,YMR235C,0,0.69325256,0.2176339328289032,0.5844155550003052,0.21032103896141052
YLR384C,YOL080C,0,0.69285005,0.21755298972129822,0.5844155550003052,0.21042104065418243
YBR096W,YLR061W,0,0.692054,0.2174721211194992,0.5844155550003052,0.21052105724811554
YFR047C,YIL085C,1,0.6916191,0.21776291728019714,0.5854145884513855,0.21052105724811554
YGL244W,YOR216C,0,0.69158006,0.21768201887607574,0.5854145884513855,0.21062105894088745
YGL021W,YBR156C,0,0.6915127,0.21760119497776031,0.5854145884513855,0.21072107553482056
YGR032W,YKL062W,0,0.6914376,0.21752041578292847,0.5854145884513855,0.21082107722759247
YDR139C,YPR054W,0,0.6913836,0.2174396961927414,0.5854145884513855,0.21092109382152557
YPR175W,YKR037C,0,0.6912512,0.2173590511083603,0.5854145884513855,0.21102109551429749
YMR204C,YDL003W,0,0.6904326,0.21727845072746277,0.5854145884513855,0.2111211121082306
YMR101C,YDR430C,0,0.6899622,0.21719792485237122,0.5854145884513855,0.2112211287021637
YDR188W,YCR081W,0,0.68987656,0.21711744368076324,0.5854145884513855,0.2113211303949356
YGL105W,YNL267W,0,0.6891916,0.21703703701496124,0.5854145884513855,0.2114211469888687
YOR212W,YPL234C,0,0.6890169,0.21695668995380402,0.5854145884513855,0.21152114868164062
YJR108W,YPL163C,0,0.6885233,0.21687638759613037,0.5854145884513855,0.21162116527557373
YOR209C,YMR306W,1,0.6884482,0.21716611087322235,0.586413562297821,0.21162116527557373
YOR372C,YGL113W,0,0.6878524,0.2170857936143875,0.586413562297821,0.21172116696834564
YMR149W,YPL076W,1,0.6871744,0.2173752337694168,0.5874125957489014,0.21172116696834564
YNL188W,YOR340C,0,0.6870244,0.21729490160942078,0.5874125957489014,0.21182118356227875
YDR453C,YOR063W,0,0.6864772,0.21721462905406952,0.5874125957489014,0.21192118525505066
YOR129C,YFR038W,0,0.68515575,0.21713441610336304,0.5874125957489014,0.21202120184898376
YGR142W,YJR070C,0,0.68494004,0.21705426275730133,0.5874125957489014,0.21212121844291687
YIL083C,YBR092C,0,0.68493956,0.2169741690158844,0.5874125957489014,0.21222122013568878
YDR076W,YKL003C,0,0.68474567,0.21689413487911224,0.5874125957489014,0.2123212367296219
YOL100W,YGL141W,0,0.684201,0.21681416034698486,0.5874125957489014,0.2124212384223938
YCL059C,YKL183W,0,0.68354064,0.21673424541950226,0.5874125957489014,0.2125212550163269
YGR185C,YOL038W,0,0.68265843,0.21665439009666443,0.5874125957489014,0.21262125670909882
YJL189W,YDR301W,0,0.6819969,0.21657457947731018,0.5874125957489014,0.21272127330303192
YBL082C,YGL226C-A,1,0.6816708,0.21686303615570068,0.5884115695953369,0.21272127330303192
YGL087C,YMR274C,0,0.6816348,0.21678321063518524,0.5884115695953369,0.21282127499580383
YER180C,YOR292C,0,0.6813683,0.21670345962047577,0.5884115695953369,0.21292129158973694
YJL052W,YDR041W,0,0.6812628,0.21662375330924988,0.5884115695953369,0.21302130818367004
YCL063W,YGR077C,0,0.68123794,0.21654412150382996,0.5884115695953369,0.21312130987644196
YHR170W,YPL177C,0,0.681111,0.21646453440189362,0.5884115695953369,0.21322132647037506
YLR044C,YDR148C,0,0.6809841,0.21638500690460205,0.5884115695953369,0.21332132816314697
YGL139W,YEL012W,0,0.6795495,0.21630553901195526,0.5884115695953369,0.21342134475708008
YGR123C,YCR107W,0,0.6794956,0.21622613072395325,0.5884115695953369,0.213521346449852
YKL109W,YOR372C,0,0.679081,0.216146782040596,0.5884115695953369,0.2136213630437851
YPL028W,YIL007C,0,0.6785399,0.21606749296188354,0.5884115695953369,0.213721364736557
YIL080W,YER110C,0,0.6776624,0.21598826348781586,0.5884115695953369,0.2138213813304901
YPL235W,YOL004W,0,0.6772393,0.21590909361839294,0.5884115695953369,0.21392139792442322
YMR242C,YPR135W,0,0.67656666,0.2158299684524536,0.5884115695953369,0.21402139961719513
YHR017W,YBR183W,0,0.6758282,0.21575091779232025,0.5884115695953369,0.21412141621112823
YDR045C,YER115C,0,0.67572355,0.21567191183567047,0.5884115695953369,0.21422141790390015
YGL229C,YDL136W,0,0.67565864,0.21559296548366547,0.5884115695953369,0.21432143449783325
YIL051C,YGR214W,0,0.6755508,0.21551409363746643,0.5884115695953369,0.21442143619060516
YER178W,YGR095C,0,0.6755134,0.21543526649475098,0.5884115695953369,0.21452145278453827
YDR050C,YLL003W,0,0.67531824,0.2153564840555191,0.5884115695953369,0.21462146937847137
YLL004W,YHR020W,0,0.67517436,0.2152777761220932,0.5884115695953369,0.2147214710712433
YML082W,YAL012W,0,0.67502385,0.21519912779331207,0.5884115695953369,0.2148214876651764
YBR033W,YGR165W,0,0.67414165,0.21512052416801453,0.5884115695953369,0.2149214893579483
YJL216C,YHR206W,0,0.67326677,0.21504198014736176,0.5884115695953369,0.2150215059518814
YKL108W,YDR253C,0,0.6732273,0.21496351063251495,0.5884115695953369,0.21512150764465332
YGR262C,YFL025C,0,0.67299974,0.21488508582115173,0.5884115695953369,0.21522152423858643
YPL226W,YDR518W,0,0.67283833,0.2148067057132721,0.5884115695953369,0.21532152593135834
YMR300C,YNR059W,1,0.6728053,0.2150929570198059,0.5894106030464172,0.21532152593135834
YMR098C,YDR178W,0,0.67226243,0.21501457691192627,0.5894106030464172,0.21542154252529144
YJR135W-A,YDR086C,0,0.6721694,0.2149362415075302,0.5894106030464172,0.21552155911922455
YNL258C,YOR316C,0,0.67215973,0.21485798060894012,0.5894106030464172,0.21562156081199646
YLR353W,YMR033W,0,0.6718166,0.21477976441383362,0.5894106030464172,0.21572157740592957
YER056C-A,YJR046W,0,0.67173606,0.2147016078233719,0.5894106030464172,0.21582157909870148
YIL125W,YMR088C,0,0.67115045,0.21462349593639374,0.5894106030464172,0.21592159569263458
YBR257W,YGL039W,0,0.6705095,0.21454545855522156,0.5894106030464172,0.2160215973854065
YOR148C,YIR009W,0,0.67017186,0.21446746587753296,0.5894106030464172,0.2161216139793396
YLR383W,YOR355W,0,0.66985387,0.21438953280448914,0.5894106030464172,0.2162216156721115
YOR239W,YGL123W,0,0.6697735,0.2143116593360901,0.5894106030464172,0.21632163226604462
YLR270W,YAL024C,0,0.66834766,0.21423384547233582,0.5894106030464172,0.21642164885997772
YML041C,YDL061C,0,0.6682746,0.21415607631206512,0.5894106030464172,0.21652165055274963
YLR390W,YER088C,0,0.66813654,0.2140783816576004,0.5894106030464172,0.21662166714668274
YNL098C,YLR200W,0,0.6680719,0.21400073170661926,0.5894106030464172,0.21672166883945465
YNL325C,YER027C,0,0.6680608,0.2139231264591217,0.5894106030464172,0.21682168543338776
YIL130W,YDL097C,0,0.6679698,0.21384559571743011,0.5894106030464172,0.21692168712615967
YHR025W,YNL309W,0,0.66786486,0.2137681096792221,0.5894106030464172,0.21702170372009277
YBR282W,YOL147C,0,0.6671899,0.21369069814682007,0.5894106030464172,0.21712170541286469
YER177W,YDL036C,0,0.66708803,0.21361331641674042,0.5894106030464172,0.2172217220067978
YMR070W,YOR085W,0,0.66707504,0.21353600919246674,0.5894106030464172,0.2173217386007309
YNL182C,YCR012W,0,0.6668995,0.21345876157283783,0.5894106030464172,0.2174217402935028
YDR076W,YDR303C,0,0.6667226,0.2133815586566925,0.5894106030464172,0.2175217568874359
YLR026C,YDR158W,0,0.6662001,0.21330441534519196,0.5894106030464172,0.21762175858020782
YOR272W,YAR031W,0,0.6659283,0.213227316737175,0.5894106030464172,0.21772177517414093
YKR079C,YDL229W,0,0.66567636,0.213150292634964,0.5894106030464172,0.21782177686691284
YPR043W,YDR284C,0,0.66515696,0.21307331323623657,0.5894106030464172,0.21792179346084595
YER145C,YOL051W,0,0.6651064,0.21299639344215393,0.5894106030464172,0.21802179515361786
YJR160C,YDR178W,0,0.6647199,0.21291951835155487,0.5894106030464172,0.21812181174755096
YJL219W,YMR109W,0,0.6641916,0.21284271776676178,0.5894106030464172,0.21822182834148407
YDL208W,YHR167W,0,0.6639944,0.21276596188545227,0.5894106030464172,0.21832183003425598
YGL026C,YMR049C,0,0.66375804,0.21268925070762634,0.5894106030464172,0.2184218466281891
YIL068C,YLR228C,0,0.6637511,0.21261261403560638,0.5894106030464172,0.218521848320961
YNL091W,YDR072C,0,0.663558,0.21253602206707,0.5894106030464172,0.2186218649148941
YBR065C,YMR179W,0,0.663375,0.2124594897031784,0.5894106030464172,0.21872186660766602
YER046W,YMR302C,0,0.66333187,0.21238300204277039,0.5894106030464172,0.21882188320159912
YBR241C,YFR041C,0,0.6632813,0.21230658888816833,0.5894106030464172,0.21892188489437103
YBL075C,YER082C,0,0.66263247,0.21223022043704987,0.5894106030464172,0.21902190148830414
YJR075W,YBR205W,1,0.66186345,0.2125134915113449,0.5904095768928528,0.21902190148830414
YHR154W,YOR158W,0,0.6618241,0.21243709325790405,0.5904095768928528,0.21912191808223724
YMR261C,YBR015C,1,0.6617086,0.2127200812101364,0.5914086103439331,0.21912191808223724
YKL064W,YOL142W,0,0.6615154,0.21264368295669556,0.5914086103439331,0.21922191977500916
YDR404C,YGR263C,0,0.66111535,0.21256732940673828,0.5914086103439331,0.21932193636894226
YNR021W,YDL087C,0,0.6611062,0.2124910205602646,0.5914086103439331,0.21942193806171417
YNL206C,YDR158W,0,0.66037464,0.21241478621959686,0.5914086103439331,0.21952195465564728
YDL211C,YJL066C,0,0.66034025,0.21233859658241272,0.5914086103439331,0.2196219563484192
YBR274W,YDR530C,0,0.65968025,0.21226246654987335,0.5914086103439331,0.2197219729423523
YBR029C,YDR263C,0,0.6595721,0.21218638122081757,0.5914086103439331,0.2198219895362854
YPL022W,YDL120W,0,0.65930676,0.21211035549640656,0.5914086103439331,0.2199219912290573
YEL065W,YKL016C,0,0.6592306,0.21203438937664032,0.5914086103439331,0.22002200782299042
YPL231W,YMR146C,0,0.6582949,0.21195846796035767,0.5914086103439331,0.22012200951576233
YOR092W,YHR150W,0,0.65829444,0.2118826061487198,0.5914086103439331,0.22022202610969543
YIR039C,YNR013C,0,0.6580007,0.21180680394172668,0.5914086103439331,0.22032202780246735
YLL014W,YOL040C,0,0.65768015,0.21173104643821716,0.5914086103439331,0.22042204439640045
YLR289W,YMR300C,0,0.65731084,0.21165534853935242,0.5914086103439331,0.22052204608917236
YBR002C,YML052W,0,0.6573013,0.21157969534397125,0.5914086103439331,0.22062206268310547
YOR269W,YCR098C,0,0.6564201,0.21150410175323486,0.5914086103439331,0.22072207927703857
YDR144C,YIL154C,0,0.65511084,0.21142856776714325,0.5914086103439331,0.22082208096981049
YLR246W,YMR177W,0,0.6550155,0.2113530933856964,0.5914086103439331,0.2209220975637436
YEL027W,YDR309C,0,0.6543408,0.21127766370773315,0.5914086103439331,0.2210220992565155
YLR191W,YPR024W,0,0.65396583,0.21120227873325348,0.5914086103439331,0.2211221158504486
YIL120W,YNL261W,0,0.65346736,0.21112696826457977,0.5914086103439331,0.22122211754322052
YKL095W,YCL050C,0,0.6532112,0.21105168759822845,0.5914086103439331,0.22132213413715363
YNR067C,YNL246W,0,0.65317816,0.2109764814376831,0.5914086103439331,0.22142213582992554
YHL011C,YDR100W,0,0.6528361,0.21090131998062134,0.5914086103439331,0.22152215242385864
YLR158C,YOL123W,0,0.6526906,0.21082621812820435,0.5914086103439331,0.22162216901779175
YNL322C,YJL048C,0,0.6524678,0.21075116097927094,0.5914086103439331,0.22172217071056366
YLR442C,YOL126C,0,0.6519939,0.2106761634349823,0.5914086103439331,0.22182218730449677
YLR056W,YOR228C,0,0.6519095,0.21060121059417725,0.5914086103439331,0.22192218899726868
YGR062C,YEL031W,0,0.6511735,0.21052631735801697,0.5914086103439331,0.22202220559120178
YGR086C,YGL004C,0,0.65055114,0.21045146882534027,0.5914086103439331,0.2221222072839737
YOL011W,YDR454C,0,0.6500276,0.21037669479846954,0.5914086103439331,0.2222222238779068
YLR010C,YAL038W,0,0.6498569,0.2103019505739212,0.5914086103439331,0.2223222255706787
YJL058C,YGL076C,0,0.64985394,0.21022726595401764,0.5914086103439331,0.22242224216461182
YDL077C,YDR041W,0,0.6497221,0.21015264093875885,0.5914086103439331,0.22252225875854492
YGR167W,YDL190C,0,0.64958787,0.21007807552814484,0.5914086103439331,0.22262226045131683
YMR271C,YLR258W,1,0.64887875,0.21035827696323395,0.5924075841903687,0.22262226045131683
YBR294W,YNL248C,0,0.6487501,0.21028368175029755,0.5924075841903687,0.22272227704524994
YDR280W,YOR358W,0,0.6487081,0.21020914614200592,0.5924075841903687,0.22282227873802185
YJR013W,YLR258W,1,0.64842904,0.21048901975154877,0.593406617641449,0.22282227873802185
YNR010W,YPR166C,0,0.6476724,0.21041445434093475,0.593406617641449,0.22292229533195496
YNL192W,YDR483W,1,0.6475395,0.21069404482841492,0.5944055914878845,0.22292229533195496
YJL137C,YIL085C,1,0.647537,0.21097345650196075,0.5954046249389648,0.22292229533195496
YKL014C,YGL169W,0,0.6464033,0.21089880168437958,0.5954046249389648,0.22302229702472687
YNL151C,YER140W,0,0.64610565,0.21082419157028198,0.5954046249389648,0.22312231361865997
YDR190C,YML113W,0,0.6459894,0.21074964106082916,0.5954046249389648,0.22322231531143188
YKL014C,YHR202W,0,0.64532566,0.21067515015602112,0.5954046249389648,0.223322331905365
YGL189C,YNL101W,0,0.6450391,0.21060070395469666,0.5954046249389648,0.2234223484992981
YBR278W,YGL006W,0,0.64464766,0.21052631735801697,0.5954046249389648,0.22352235019207
YLR192C,YML097C,0,0.6443236,0.21045197546482086,0.5954046249389648,0.2236223667860031
YDR301W,YOR304C-A,0,0.64431393,0.21037769317626953,0.5954046249389648,0.22372236847877502
YLR409C,YJL011C,0,0.644253,0.21030345559120178,0.5954046249389648,0.22382238507270813
YBR002C,YER061C,0,0.6440643,0.2102292776107788,0.5954046249389648,0.22392238676548004
YMR261C,YBR199W,1,0.64365965,0.21050775051116943,0.5964035987854004,0.22392238676548004
YDL091C,YLL011W,0,0.6431176,0.21043355762958527,0.5964035987854004,0.22402240335941315
YGR057C,YMR261C,0,0.6429219,0.21035940945148468,0.5964035987854004,0.22412240505218506
YKR096W,YMR152W,0,0.6427782,0.21028530597686768,0.5964035987854004,0.22422242164611816
YDR252W,YER148W,0,0.6425009,0.21021126210689545,0.5964035987854004,0.22432243824005127
YIL069C,YOR098C,0,0.6423551,0.210137277841568,0.5964035987854004,0.22442243993282318
YGL070C,YDR315C,0,0.6420785,0.21006333827972412,0.5964035987854004,0.2245224565267563
YER098W,YMR287C,0,0.6412463,0.20998944342136383,0.5964035987854004,0.2246224582195282
YJR103W,YDR337W,0,0.6411696,0.20991560816764832,0.5964035987854004,0.2247224748134613
YLR258W,YOR321W,1,0.64079636,0.21019332110881805,0.5974025726318359,0.2247224748134613
YML094W,YPL183W-A,0,0.6404476,0.21011947095394135,0.5974025726318359,0.22482247650623322
YLR188W,YGL206C,0,0.6379841,0.21004566550254822,0.5974025726318359,0.22492249310016632
YDR441C,YBR004C,1,0.6379486,0.2103230357170105,0.5984016060829163,0.22492249310016632
YOR337W,YER055C,0,0.6378684,0.21024921536445618,0.5984016060829163,0.22502250969409943
YFL054C,YDR173C,0,0.6377053,0.21017543971538544,0.5984016060829163,0.22512251138687134
YDR285W,YER056C,0,0.6376742,0.21010172367095947,0.5984016060829163,0.22522252798080444
YGL241W,YDR127W,0,0.63635105,0.2100280523300171,0.5984016060829163,0.22532252967357635
YEL048C,YJR063W,0,0.6363479,0.20995444059371948,0.5984016060829163,0.22542254626750946
YLR413W,YLR316C,0,0.63628626,0.20988087356090546,0.5984016060829163,0.22552254796028137
YKL009W,YDL210W,0,0.6349879,0.209807351231575,0.5984016060829163,0.22562256455421448
YOR212W,YOR113W,0,0.6349285,0.20973388850688934,0.5984016060829163,0.2257225662469864
YMR321C,YLR363C,0,0.6346905,0.20966048538684845,0.5984016060829163,0.2258225828409195
YMR300C,YBR205W,1,0.63379085,0.20993702113628387,0.5994005799293518,0.2258225828409195
YNL172W,YDL179W,0,0.6329673,0.2098635882139206,0.5994005799293518,0.2259225994348526
YLR403W,YNL302C,0,0.6321578,0.2097902148962021,0.5994005799293518,0.2260226011276245
YGL180W,YKR053C,0,0.6321244,0.20971688628196716,0.5994005799293518,0.22612261772155762
YJR009C,YDL101C,0,0.6320492,0.20964360237121582,0.5994005799293518,0.22622261941432953
YGR178C,YFL001W,0,0.6313871,0.20957037806510925,0.5994005799293518,0.22632263600826263
YBR070C,YKL004W,1,0.6307184,0.2098463624715805,0.6003996133804321,0.22632263600826263
YEL013W,YKR066C,0,0.63067967,0.20977312326431274,0.6003996133804321,0.22642263770103455
YPL076W,YDR096W,0,0.63065475,0.20969992876052856,0.6003996133804321,0.22652265429496765
YPL259C,YOR269W,0,0.63024604,0.20962679386138916,0.6003996133804321,0.22662265598773956
YOR004W,YER102W,0,0.6300287,0.20955368876457214,0.6003996133804321,0.22672267258167267
YKR061W,YPR184W,1,0.629627,0.2098292112350464,0.6013985872268677,0.22672267258167267
YEL018W,YKR105C,0,0.62933403,0.20975609123706818,0.6013985872268677,0.22682268917560577
YIL177C,YNL012W,0,0.62920445,0.20968303084373474,0.6013985872268677,0.22692269086837769
YMR297W,YNL306W,0,0.6291803,0.20961003005504608,0.6013985872268677,0.2270227074623108
YLR418C,YPL160W,0,0.62880456,0.209537073969841,0.6013985872268677,0.2271227091550827
YML127W,YPR191W,0,0.6287245,0.2094641625881195,0.6013985872268677,0.2272227257490158
YKL198C,YKL079W,0,0.62837,0.20939131081104279,0.6013985872268677,0.22732272744178772
YOR087W,YBL074C,0,0.62796974,0.20931850373744965,0.6013985872268677,0.22742274403572083
YNL160W,YKL014C,0,0.62791806,0.2092457413673401,0.6013985872268677,0.22752274572849274
YGR263C,YJR150C,0,0.62760115,0.2091730386018753,0.6013985872268677,0.22762276232242584
YER171W,YPL006W,0,0.62737876,0.2091003805398941,0.6013985872268677,0.22772277891635895
YJL197W,YDR093W,0,0.6272243,0.20902778208255768,0.6013985872268677,0.22782278060913086
YDR375C,YER111C,0,0.6261865,0.20895522832870483,0.6013985872268677,0.22792279720306396
YLR380W,YKL005C,0,0.62608397,0.20888271927833557,0.6013985872268677,0.22802279889583588
YBR199W,YBR161W,1,0.6259932,0.20915712416172028,0.602397620677948,0.22802279889583588
YMR316W,YNL306W,0,0.6254277,0.20908460021018982,0.602397620677948,0.22812281548976898
YEL002C,YHR204W,0,0.62533873,0.20901213586330414,0.602397620677948,0.2282228171825409
YMR166C,YGR156W,0,0.6250098,0.20893971621990204,0.602397620677948,0.228322833776474
YDR238C,YGL123W,0,0.6244017,0.20886734127998352,0.602397620677948,0.2284228354692459
YKL003C,YFL010W-A,0,0.6239611,0.20879501104354858,0.602397620677948,0.22852285206317902
YGR205W,YDR213W,0,0.6239023,0.20872274041175842,0.602397620677948,0.22862286865711212
YML080W,YNL065W,0,0.62355655,0.20865051448345184,0.602397620677948,0.22872287034988403
YOL065C,YGR188C,0,0.62354887,0.20857834815979004,0.602397620677948,0.22882288694381714
YBR205W,YDL232W,1,0.6232516,0.20885200798511505,0.6033965945243835,0.22882288694381714
YML115C,YOR149C,1,0.6231903,0.20912547409534454,0.6043956279754639,0.22882288694381714
YDL113C,YDR251W,0,0.62262,0.20905321836471558,0.6043956279754639,0.22892288863658905
YKR061W,YMR292W,0,0.6224597,0.2089810073375702,0.6043956279754639,0.22902290523052216
YJR068W,YKL150W,0,0.6220846,0.2089088410139084,0.6043956279754639,0.22912290692329407
YOL129W,YJL060W,0,0.621695,0.20883673429489136,0.6043956279754639,0.22922292351722717
YNL331C,YLR058C,0,0.62145084,0.2087646722793579,0.6043956279754639,0.22932292520999908
YJR073C,YOR301W,0,0.6210974,0.20869265496730804,0.6043956279754639,0.2294229418039322
YOR119C,YOL045W,0,0.6207117,0.20862068235874176,0.6043956279754639,0.2295229583978653
YMR226C,YHL012W,0,0.62019575,0.20854876935482025,0.6043956279754639,0.2296229600906372
YBR038W,YNL048W,1,0.61998415,0.20882150530815125,0.6053946018218994,0.2296229600906372
YMR188C,YIL172C,0,0.6197931,0.20874956250190735,0.6053946018218994,0.2297229766845703
YDR289C,YLR380W,0,0.6196903,0.20867767930030823,0.6053946018218994,0.22982297837734222
YPR003C,YNL031C,0,0.61934704,0.20860585570335388,0.6053946018218994,0.22992299497127533
YER036C,YDR288W,0,0.61906505,0.20853406190872192,0.6053946018218994,0.23002299666404724
YBR182C,YOL123W,0,0.61886096,0.20846232771873474,0.6053946018218994,0.23012301325798035
YFR024C-A,YPL091W,0,0.6188537,0.20839065313339233,0.6053946018218994,0.23022301495075226
YDR078C,YLR430W,0,0.61862576,0.20831900835037231,0.6053946018218994,0.23032303154468536
YLR005W,YKL053C-A,0,0.61847806,0.20824742317199707,0.6053946018218994,0.23042304813861847
YIL177C,YDL205C,0,0.6184267,0.2081758826971054,0.6053946018218994,0.23052304983139038
YJL187C,YGR208W,0,0.61734784,0.20810440182685852,0.6053946018218994,0.2306230664253235
YPR163C,YJR127C,0,0.61630434,0.20803295075893402,0.6053946018218994,0.2307230681180954
YCL029C,YPL104W,0,0.6157019,0.2079615592956543,0.6053946018218994,0.2308230847120285
YPR043W,YIL133C,0,0.6156426,0.20789022743701935,0.6053946018218994,0.23092308640480042
YKL017C,YLR259C,0,0.6152503,0.2078189253807068,0.6053946018218994,0.23102310299873352
YHL050C,YLR054C,0,0.61504126,0.207747682929039,0.6053946018218994,0.23112311959266663
YER099C,YER138C,0,0.6149551,0.2076764851808548,0.6053946018218994,0.23122312128543854
YJR068W,YNL268W,0,0.6148733,0.20760534703731537,0.6053946018218994,0.23132313787937164
YFL026W,YDR362C,0,0.61470026,0.20753425359725952,0.6053946018218994,0.23142313957214355
YIL144W,YJR112W,0,0.6146094,0.20746320486068726,0.6053946018218994,0.23152315616607666
YEL015W,YKL185W,0,0.6139875,0.20739220082759857,0.6053946018218994,0.23162315785884857
YPL101W,YNL091W,0,0.6129596,0.20732124149799347,0.6053946018218994,0.23172317445278168
YLR312W-A,YDR530C,0,0.61278933,0.20725034177303314,0.6053946018218994,0.2318231761455536
YGR040W,YAL029C,0,0.6123557,0.2071794867515564,0.6053946018218994,0.2319231927394867
YER120W,YFL025C,0,0.61194277,0.20710867643356323,0.6053946018218994,0.2320232093334198
YDL093W,YNL138W,0,0.6117282,0.20703792572021484,0.6053946018218994,0.2321232110261917
YKL041W,YNL244C,0,0.6114687,0.20696721971035004,0.6053946018218994,0.23222322762012482
YDR054C,YBR130C,0,0.6113966,0.2068965584039688,0.6053946018218994,0.23232322931289673
YLR158C,YLR172C,0,0.61101955,0.20682594180107117,0.6053946018218994,0.23242324590682983
YGR003W,YOR291W,0,0.610873,0.2067553699016571,0.6053946018218994,0.23252324759960175
YMR169C,YML097C,0,0.6102728,0.20668485760688782,0.6053946018218994,0.23262326419353485
YMR243C,YDR345C,0,0.6101836,0.2066143900156021,0.6053946018218994,0.23272326588630676
YDR300C,YDR131C,0,0.61018336,0.2065439671278,0.6053946018218994,0.23282328248023987
YOR216C,YDR019C,0,0.60842943,0.20647358894348145,0.6053946018218994,0.23292329907417297
YBR050C,YNL267W,0,0.6082684,0.20640327036380768,0.6053946018218994,0.23302330076694489
YHL017W,YDR178W,0,0.60721314,0.2063329964876175,0.6053946018218994,0.233123317360878
YDR168W,YKR104W,0,0.6069658,0.2062627673149109,0.6053946018218994,0.2332233190536499
YBR066C,YLR023C,0,0.60693204,0.20619258284568787,0.6053946018218994,0.233323335647583
YDL040C,YOR172W,0,0.6068748,0.20612244307994843,0.6053946018218994,0.23342333734035492
YBR026C,YKL074C,0,0.6066288,0.20605236291885376,0.6053946018218994,0.23352335393428802
YMR211W,YER174C,0,0.606022,0.20598232746124268,0.6053946018218994,0.23362335562705994
YNL239W,YDR262W,0,0.60591525,0.20591233670711517,0.6053946018218994,0.23372337222099304
YOR009W,YFR041C,0,0.60530066,0.20584239065647125,0.6053946018218994,0.23382338881492615
YKL033W,YLR429W,0,0.6050981,0.2057724893093109,0.6053946018218994,0.23392339050769806
YMR286W,YDL109C,0,0.60433,0.20570264756679535,0.6053946018218994,0.23402340710163116
YBL024W,YBR172C,0,0.60432047,0.20563285052776337,0.6053946018218994,0.23412340879440308
YBR093C,YLR212C,0,0.6039475,0.20556309819221497,0.6053946018218994,0.23422342538833618
YCR046C,YGL050W,0,0.60373515,0.20549339056015015,0.6053946018218994,0.2343234270811081
YCR065W,YLR028C,0,0.6034109,0.2054237276315689,0.6053946018218994,0.2344234436750412
YLR359W,YLL034C,0,0.6031997,0.20535412430763245,0.6053946018218994,0.2345234453678131
YMR152W,YER109C,0,0.60288787,0.20528455078601837,0.6053946018218994,0.23462346196174622
YOR002W,YDR074W,1,0.60284775,0.20555368065834045,0.6063936352729797,0.23462346196174622
YDL019C,YKL183W,0,0.6024129,0.20548409223556519,0.6063936352729797,0.23472347855567932
YLL021W,YBR115C,0,0.6015526,0.2054145485162735,0.6063936352729797,0.23482348024845123
YMR314W,YKL175W,0,0.60128736,0.2053450644016266,0.6063936352729797,0.23492349684238434
YKR057W,YLR305C,0,0.60097206,0.20527561008930206,0.6063936352729797,0.23502349853515625
YHL031C,YJR073C,0,0.60096633,0.20520621538162231,0.6063936352729797,0.23512351512908936
YLR377C,YIL170W,0,0.60074824,0.20513686537742615,0.6063936352729797,0.23522351682186127
YJL089W,YHR147C,0,0.6005708,0.20506757497787476,0.6063936352729797,0.23532353341579437
YFR010W,YOR326W,0,0.60038984,0.20499831438064575,0.6063936352729797,0.23542353510856628
YGR279C,YPR005C,0,0.59977156,0.20492909848690033,0.6063936352729797,0.2355235517024994
YDR483W,YNL158W,1,0.5989334,0.20519743859767914,0.6073926091194153,0.2355235517024994
YMR101C,YNL025C,0,0.5986798,0.20512820780277252,0.6073926091194153,0.2356235682964325
YKL168C,YLR154C,0,0.59829557,0.2050590217113495,0.6073926091194153,0.2357235699892044
YPL137C,YLR214W,0,0.5976394,0.20498988032341003,0.6073926091194153,0.2358235865831375
YBR222C,YKR026C,0,0.5971614,0.20492079854011536,0.6073926091194153,0.23592358827590942
YOR204W,YPR180W,0,0.59699833,0.20485174655914307,0.6073926091194153,0.23602360486984253
YDL095W,YBL091C-A,0,0.59689265,0.20478275418281555,0.6073926091194153,0.23612360656261444
YMR100W,YDR011W,0,0.5964752,0.20471380650997162,0.6073926091194153,0.23622362315654755
YOR209C,YOL152W,0,0.5962553,0.20464490354061127,0.6073926091194153,0.23632363975048065
YOR239W,YBR202W,0,0.59572625,0.2045760452747345,0.6073926091194153,0.23642364144325256
YNL188W,YJR053W,0,0.5955314,0.2045072317123413,0.6073926091194153,0.23652365803718567
YMR038C,YHR051W,0,0.5953632,0.2044384628534317,0.6073926091194153,0.23662365972995758
YNL085W,YLL048C,0,0.59495366,0.20436975359916687,0.6073926091194153,0.23672367632389069
YNL029C,YLR342W,1,0.59487075,0.2046370953321457,0.6083915829658508,0.23672367632389069
YKL170W,YNL127W,0,0.59470916,0.20456835627555847,0.6083915829658508,0.2368236780166626
YOR228C,YLR380W,0,0.5941938,0.20449966192245483,0.6083915829658508,0.2369236946105957
YJL078C,YER082C,0,0.59361756,0.20443101227283478,0.6083915829658508,0.23702369630336761
YDR109C,YER131W,0,0.59346503,0.2043624222278595,0.6083915829658508,0.23712371289730072
YNL128W,YDL143W,0,0.59333956,0.2042938619852066,0.6083915829658508,0.23722372949123383
YLL014W,YMR061W,0,0.5924234,0.2042253464460373,0.6083915829658508,0.23732373118400574
YGL106W,YNL007C,0,0.5912192,0.20415689051151276,0.6083915829658508,0.23742374777793884
YDR310C,YML120C,0,0.59025466,0.2040884792804718,0.6083915829658508,0.23752374947071075
YKL080W,YDR411C,0,0.5901682,0.20402009785175323,0.6083915829658508,0.23762376606464386
YGR217W,YOR288C,0,0.5899941,0.20395177602767944,0.6083915829658508,0.23772376775741577
YIL143C,YGR086C,0,0.5895816,0.20388349890708923,0.6083915829658508,0.23782378435134888
YDR479C,YJL041W,0,0.5895721,0.2038152664899826,0.6083915829658508,0.2379237860441208
YJR075W,YNL048W,1,0.58906496,0.20408163964748383,0.6093906164169312,0.2379237860441208
YOR159C,YLL027W,0,0.58874166,0.2040133774280548,0.6093906164169312,0.2380238026380539
YGR296W,YHR122W,0,0.5884427,0.20394517481327057,0.6093906164169312,0.238123819231987
YMR270C,YLR048W,0,0.5878679,0.20387700200080872,0.6093906164169312,0.2382238209247589
YDR441C,YBR161W,1,0.587139,0.2041430026292801,0.6103895902633667,0.2382238209247589
YPL274W,YKL053C-A,0,0.5869436,0.20407481491565704,0.6103895902633667,0.23832383751869202
YCL025C,YLR037C,0,0.58651674,0.20400667190551758,0.6103895902633667,0.23842383921146393
YHR165C,YDR510W,0,0.58642447,0.2039385885000229,0.6103895902633667,0.23852385580539703
YDR247W,YGR020C,0,0.5864141,0.20387053489685059,0.6103895902633667,0.23862385749816895
YER095W,YOL147C,0,0.5863156,0.20380254089832306,0.6103895902633667,0.23872387409210205
YML067C,YGL115W,0,0.5860473,0.20373457670211792,0.6103895902633667,0.23882387578487396
YDR350C,YDR173C,0,0.58556676,0.20366667211055756,0.6103895902633667,0.23892389237880707
YOL086C,YBR130C,0,0.58531445,0.20359879732131958,0.6103895902633667,0.23902390897274017
YBL037W,YCR053W,0,0.5846172,0.20353098213672638,0.6103895902633667,0.23912391066551208
YER013W,YOL142W,0,0.5845775,0.20346319675445557,0.6103895902633667,0.2392239272594452
YHR067W,YBL024W,0,0.5841279,0.20339547097682953,0.6103895902633667,0.2393239289522171
YOR191W,YLR289W,0,0.58388394,0.20332778990268707,0.6103895902633667,0.2394239455461502
YKL032C,YLR090W,0,0.58356625,0.2032601535320282,0.6103895902633667,0.23952394723892212
YOL071W,YGR081C,0,0.58344805,0.2031925469636917,0.6103895902633667,0.23962396383285522
YGL038C,YNR030W,1,0.5832789,0.20345744490623474,0.611388623714447,0.23962396383285522
YOR059C,YLR347C,0,0.583171,0.20338982343673706,0.611388623714447,0.23972396552562714
YBR291C,YDR499W,0,0.582841,0.20332226157188416,0.611388623714447,0.23982398211956024
YDL243C,YGR268C,0,0.5821218,0.20325472950935364,0.611388623714447,0.23992399871349335
YDR013W,YOR388C,0,0.5811621,0.2031872570514679,0.611388623714447,0.24002400040626526
YGL141W,YPR143W,0,0.58114463,0.20311981439590454,0.611388623714447,0.24012401700019836
YNR044W,YDL231C,0,0.581069,0.20305241644382477,0.611388623714447,0.24022401869297028
YOR299W,YCR098C,0,0.5800823,0.20298507809638977,0.611388623714447,0.24032403528690338
YHR067W,YMR290C,0,0.5793113,0.20291776955127716,0.611388623714447,0.2404240369796753
YJR075W,YCL052C,1,0.5792398,0.20318196713924408,0.6123875975608826,0.2404240369796753
YBL080C,YDR405W,0,0.5791496,0.20311464369297028,0.6123875975608826,0.2405240535736084
YAL041W,YER045C,0,0.57904613,0.20304736495018005,0.6123875975608826,0.2406240552663803
YPR003C,YPL068C,0,0.57869613,0.2029801309108734,0.6123875975608826,0.24072407186031342
YDR109C,YLR109W,0,0.57813656,0.20291294157505035,0.6123875975608826,0.24082408845424652
YNL293W,YBL034C,0,0.57812417,0.20284579694271088,0.6123875975608826,0.24092409014701843
YLR019W,YJR029W,0,0.5770115,0.20277869701385498,0.6123875975608826,0.24102410674095154
YNL271C,YER159C,0,0.5765529,0.20271164178848267,0.6123875975608826,0.24112410843372345
YDL022W,YNL039W,0,0.5764886,0.20264463126659393,0.6123875975608826,0.24122412502765656
YBR205W,YDR245W,1,0.5762318,0.20290812849998474,0.6133866310119629,0.24122412502765656
YPR168W,YKR093W,0,0.575325,0.20284110307693481,0.6133866310119629,0.24132412672042847
YLR080W,YDR170C,0,0.5733406,0.20277410745620728,0.6133866310119629,0.24142414331436157
YFL038C,YPL258C,0,0.57270104,0.2027071714401245,0.6133866310119629,0.24152414500713348
YGR167W,YGR175C,0,0.5726937,0.20264026522636414,0.6133866310119629,0.2416241616010666
YKR048C,YFR031C-A,0,0.5725061,0.20257340371608734,0.6133866310119629,0.2417241781949997
YNL219C,YBR110W,1,0.57223636,0.20283640921115875,0.6143856048583984,0.2417241781949997
YHL036W,YLR363C,0,0.5719071,0.20276953279972076,0.6143856048583984,0.2418241798877716
YHR142W,YMR172W,0,0.5714934,0.20270270109176636,0.6143856048583984,0.2419241964817047
YKL194C,YIL064W,0,0.5712819,0.20263591408729553,0.6143856048583984,0.24202419817447662
YDR398W,YDR158W,0,0.5705224,0.2025691717863083,0.6143856048583984,0.24212421476840973
YOR320C,YBR004C,1,0.56940305,0.20283174514770508,0.6153846383094788,0.24212421476840973
YMR089C,YOR253W,0,0.5690828,0.20276497304439545,0.6153846383094788,0.24222421646118164
YLR157C,YIL090W,0,0.5685819,0.2026982605457306,0.6153846383094788,0.24232423305511475
YJR110W,YLR186W,0,0.5685581,0.20263157784938812,0.6153846383094788,0.24242424964904785
YNR053C,YHR106W,0,0.56759167,0.20256493985652924,0.6153846383094788,0.24252425134181976
YGL068W,YDR169C,0,0.5673946,0.20249836146831512,0.6153846383094788,0.24262426793575287
YOL098C,YOR382W,0,0.5673541,0.2024318128824234,0.6153846383094788,0.24272426962852478
YKL001C,YER110C,0,0.56721693,0.20236530900001526,0.6153846383094788,0.24282428622245789
YJR133W,YDR388W,0,0.56669456,0.2022988498210907,0.6153846383094788,0.2429242879152298
YJR013W,YDL189W,0,0.5664491,0.20223243534564972,0.6153846383094788,0.2430243045091629
YBR141C,YNR040W,0,0.56638944,0.20216606557369232,0.6153846383094788,0.24312430620193481
YIL142W,YDR296W,0,0.5661642,0.2020997405052185,0.6153846383094788,0.24322432279586792
YOR212W,YOR172W,0,0.56587917,0.20203346014022827,0.6153846383094788,0.24332433938980103
YJR042W,YPR180W,0,0.56572765,0.20196720957756042,0.6153846383094788,0.24342434108257294
YLL011W,YOR086C,0,0.5656079,0.20190101861953735,0.6153846383094788,0.24352435767650604
YDR356W,YJR078W,0,0.5652888,0.20183485746383667,0.6153846383094788,0.24362435936927795
YBR222C,YDR438W,0,0.56424916,0.20176875591278076,0.6153846383094788,0.24372437596321106
YOL100W,YLR209C,0,0.5642443,0.20170268416404724,0.6153846383094788,0.24382437765598297
YMR270C,YIL027C,0,0.5637795,0.2016366571187973,0.6153846383094788,0.24392439424991608
YEL002C,YDR460W,0,0.5636016,0.20157067477703094,0.6153846383094788,0.244024395942688
YJR070C,YER153C,0,0.56339824,0.20150473713874817,0.6153846383094788,0.2441244125366211
YKR053C,YPL103C,0,0.56298316,0.20143884420394897,0.6153846383094788,0.2442244291305542
YDR523C,YJL173C,0,0.5617852,0.20137299597263336,0.6153846383094788,0.2443244308233261
YIL154C,YBR006W,0,0.5610302,0.20130719244480133,0.6153846383094788,0.24442444741725922
YCL061C,YHR030C,0,0.56098944,0.2012414187192917,0.6153846383094788,0.24452444911003113
YPL119C,YJL097W,0,0.5606636,0.20117570459842682,0.6153846383094788,0.24462446570396423
YDL039C,YDR329C,0,0.5603571,0.20111002027988434,0.6153846383094788,0.24472446739673615
YDL072C,YMR110C,0,0.5603081,0.20104438066482544,0.6153846383094788,0.24482448399066925
YDR425W,YMR033W,0,0.5594363,0.20097878575325012,0.6153846383094788,0.24492448568344116
YLR329W,YPL146C,0,0.55846614,0.2009132355451584,0.6153846383094788,0.24502450227737427
YGL120C,YDR279W,0,0.55806863,0.20084773004055023,0.6153846383094788,0.24512451887130737
YDR261C,YDR071C,0,0.55803657,0.20078226923942566,0.6153846383094788,0.24522452056407928
YFR014C,YOL109W,0,0.5578515,0.20071685314178467,0.6153846383094788,0.2453245371580124
YLR186W,YBL074C,0,0.5570679,0.20065146684646606,0.6153846383094788,0.2454245388507843
YDL111C,YGL195W,0,0.55704784,0.20058612525463104,0.6153846383094788,0.2455245554447174
YER055C,YPL076W,1,0.5567789,0.2008463591337204,0.6163836121559143,0.2455245554447174
YNR044W,YKL130C,0,0.5565313,0.20078100264072418,0.6163836121559143,0.24562455713748932
YDR285W,YOR150W,0,0.55652964,0.20071567595005035,0.6163836121559143,0.24572457373142242
YOL124C,YGL113W,0,0.5564137,0.2006504088640213,0.6163836121559143,0.24582457542419434
YEL054C,YGL206C,0,0.5563078,0.20058517158031464,0.6163836121559143,0.24592459201812744
YBL082C,YER055C,1,0.55528796,0.20084497332572937,0.6173826456069946,0.24592459201812744
YAL044C,YDR472W,0,0.555284,0.2007797211408615,0.6173826456069946,0.24602460861206055
YBR212W,YGL219C,0,0.55522335,0.20071451365947723,0.6173826456069946,0.24612461030483246
YLR249W,YDR173C,0,0.5551076,0.20064935088157654,0.6173826456069946,0.24622462689876556
YCR044C,YLR183C,0,0.5542541,0.20058423280715942,0.6173826456069946,0.24632462859153748
YLR098C,YPL091W,0,0.55404866,0.2005191445350647,0.6173826456069946,0.24642464518547058
YNL238W,YDR429C,0,0.5534284,0.20045410096645355,0.6173826456069946,0.2465246468782425
YGL028C,YML016C,0,0.55294895,0.200389102101326,0.6173826456069946,0.2466246634721756
YMR008C,YNL308C,0,0.55226046,0.200324147939682,0.6173826456069946,0.2467246651649475
YOL031C,YPR156C,0,0.5522214,0.2002592384815216,0.6173826456069946,0.24682468175888062
YHR041C,YMR200W,0,0.5522213,0.2001943588256836,0.6173826456069946,0.24692469835281372
YDR091C,YPR152C,0,0.55190146,0.20012953877449036,0.6173826456069946,0.24702470004558563
YER027C,YOR246C,0,0.55185676,0.2000647485256195,0.6173826456069946,0.24712471663951874
YDR023W,YDR363W-A,0,0.551117,0.20000000298023224,0.6173826456069946,0.24722471833229065
YDR101C,YJL034W,0,0.5508628,0.19993530213832855,0.6173826456069946,0.24732473492622375
YFR047C,YNL262W,0,0.54986453,0.19987063109874725,0.6173826456069946,0.24742473661899567
YBR279W,YBL113C,0,0.5498562,0.19980601966381073,0.6173826456069946,0.24752475321292877
YBR254C,YHR074W,0,0.5490207,0.1997414380311966,0.6173826456069946,0.24762476980686188
YHL032C,YBL055C,0,0.54901034,0.19967690110206604,0.6173826456069946,0.2477247714996338
YPR091C,YBR093C,0,0.548346,0.19961240887641907,0.6173826456069946,0.2478247880935669
YKR059W,YOR065W,0,0.54830706,0.19954794645309448,0.6173826456069946,0.2479247897863388
YOL109W,YPR128C,0,0.5481818,0.19948354363441467,0.6173826456069946,0.2480248063802719
YDR135C,YLR145W,0,0.5474529,0.19941917061805725,0.6173826456069946,0.24812480807304382
YBL068W,YJL089W,0,0.54742026,0.1993548423051834,0.6173826456069946,0.24822482466697693
YNR059W,YLR189C,1,0.54711735,0.1996130347251892,0.6183816194534302,0.24822482466697693
YIL139C,YKL015W,0,0.54703915,0.19954867660999298,0.6183816194534302,0.24832482635974884
YCL035C,YNL192W,0,0.5466413,0.19948436319828033,0.6183816194534302,0.24842484295368195
YLR377C,YJR158W,0,0.5465475,0.19942010939121246,0.6183816194534302,0.24852485954761505
YGL049C,YKL021C,0,0.54552615,0.1993558704853058,0.6183816194534302,0.24862486124038696
YHR114W,YNL335W,0,0.54549295,0.19929169118404388,0.6183816194534302,0.24872487783432007
YER154W,YEL051W,0,0.54527134,0.19922755658626556,0.6183816194534302,0.24882487952709198
YDR032C,YKL056C,0,0.54514664,0.19916345179080963,0.6183816194534302,0.24892489612102509
YOR151C,YML028W,0,0.54427963,0.19909939169883728,0.6183816194534302,0.249024897813797
YER087C-A,YIR011C,0,0.54420626,0.1990353763103485,0.6183816194534302,0.2491249144077301
YNL202W,YDR077W,0,0.5435672,0.19897139072418213,0.6183816194534302,0.24922491610050201
YJR032W,YKR088C,0,0.54353786,0.19890744984149933,0.6183816194534302,0.24932493269443512
YJL033W,YJR073C,0,0.54325974,0.1988435536623001,0.6183816194534302,0.24942494928836823
YGL233W,YPR138C,0,0.543166,0.19877970218658447,0.6183816194534302,0.24952495098114014
YBR038W,YKR058W,1,0.5421886,0.19903691112995148,0.6193805932998657,0.24952495098114014
YOR251C,YGR143W,0,0.5420384,0.19897304475307465,0.6193805932998657,0.24962496757507324
YDR265W,YJR117W,0,0.5415696,0.1989092081785202,0.6193805932998657,0.24972496926784515
YBR036C,YDR268W,0,0.54141986,0.19884541630744934,0.6193805932998657,0.24982498586177826
YMR230W,YDR078C,0,0.5414188,0.19878165423870087,0.6193805932998657,0.24992498755455017
YDR447C,YHR057C,0,0.5410123,0.19871795177459717,0.6193805932998657,0.2500250041484833
YJR118C,YPR186C,0,0.54097646,0.19865427911281586,0.6193805932998657,0.2501250207424164
YOL040C,YKR036C,0,0.540587,0.19859065115451813,0.6193805932998657,0.2502250373363495
YBL037W,YAL038W,0,0.53939146,0.19852705299854279,0.6193805932998657,0.2503250241279602
YOR117W,YJR073C,0,0.539125,0.19846351444721222,0.6193805932998657,0.2504250407218933
YNL008C,YMR272C,0,0.5390699,0.19840000569820404,0.6193805932998657,0.2505250573158264
YDR222W,YDR381W,0,0.53796446,0.19833652675151825,0.6193805932998657,0.2506250739097595
YPR184W,YOR321W,1,0.53727454,0.1985929012298584,0.620379626750946,0.2506250739097595
YHL036W,YPL126W,0,0.53641564,0.1985294073820114,0.620379626750946,0.25072506070137024
YLR017W,YEL036C,1,0.5362504,0.19878555834293365,0.6213786005973816,0.25072506070137024
YNL202W,YCR096C,0,0.53603375,0.19872204959392548,0.6213786005973816,0.25082507729530334
YNL310C,YJL148W,0,0.53590286,0.19865857064723969,0.6213786005973816,0.25092509388923645
YBL022C,YDL040C,0,0.53538066,0.19859515130519867,0.6213786005973816,0.25102511048316956
YBR248C,YDR354W,1,0.5353198,0.19885094463825226,0.6223776340484619,0.25102511048316956
YHR158C,YGR175C,0,0.53468424,0.19878749549388885,0.6223776340484619,0.25112512707710266
YPL112C,YNL044W,0,0.53461224,0.19872407615184784,0.6223776340484619,0.2512251138687134
YOL042W,YDR069C,0,0.5338855,0.1986607164144516,0.6223776340484619,0.2513251304626465
YGL226C-A,YMR306W,1,0.53306633,0.19891616702079773,0.6233766078948975,0.2513251304626465
YLR105C,YOL086C,0,0.5328282,0.1988527774810791,0.6233766078948975,0.2514251470565796
YER101C,YLR142W,0,0.53262496,0.19878941774368286,0.6233766078948975,0.2515251636505127
YDR464W,YNR035C,0,0.5325906,0.1987261176109314,0.6233766078948975,0.2516251504421234
YLR085C,YER027C,0,0.5325578,0.19866284728050232,0.6233766078948975,0.2517251670360565
YKL119C,YOR340C,0,0.5325268,0.19859962165355682,0.6233766078948975,0.2518251836299896
YPL115C,YNL262W,0,0.5322883,0.19853642582893372,0.6233766078948975,0.25192520022392273
YOR340C,YLR165C,0,0.53225344,0.19847328960895538,0.6233766078948975,0.25202521681785583
YDR052C,YEL027W,0,0.53197014,0.19841016829013824,0.6233766078948975,0.25212520360946655
YJL143W,YOR254C,0,0.5319686,0.19834710657596588,0.6233766078948975,0.25222522020339966
YBR189W,YBL112C,0,0.53161657,0.1982840746641159,0.6233766078948975,0.25232523679733276
YER137C,YBR162W-A,0,0.5313479,0.1982210874557495,0.6233766078948975,0.25242525339126587
YGL231C,YOR091W,0,0.53134316,0.1981581449508667,0.6233766078948975,0.2525252401828766
YHR132C,YLR100W,0,0.5312057,0.19809523224830627,0.6233766078948975,0.2526252567768097
YDR347W,YIL068C,0,0.53071547,0.19803236424922943,0.6233766078948975,0.2527252733707428
YJL198W,YEL001C,0,0.5298748,0.19796954095363617,0.6233766078948975,0.2528252899646759
YBL056W,YDL198C,0,0.5295922,0.1979067623615265,0.6233766078948975,0.252925306558609
YCR004C,YJL136C,0,0.5288441,0.1978440135717392,0.6233766078948975,0.2530252933502197
YOL103W,YOR257W,0,0.5272395,0.1977812945842743,0.6233766078948975,0.25312530994415283
YLR106C,YML048W,0,0.5251394,0.19771863520145416,0.6233766078948975,0.25322532653808594
YDL022W,YOR215C,0,0.52509373,0.19765600562095642,0.6233766078948975,0.25332534313201904
YDR201W,YDR303C,0,0.52400684,0.19759342074394226,0.6233766078948975,0.25342532992362976
YBL063W,YCR091W,0,0.52344453,0.1975308656692505,0.6233766078948975,0.25352534651756287
YGL246C,YOR262W,0,0.5233197,0.1974683552980423,0.6233766078948975,0.25362536311149597
YDR421W,YJR150C,0,0.52315974,0.1974058896303177,0.6233766078948975,0.2537253797054291
YPR134W,YDR487C,0,0.5225665,0.19734345376491547,0.6233766078948975,0.2538253962993622
YKL094W,YKL015W,0,0.5222833,0.19728106260299683,0.6233766078948975,0.2539253830909729
YPL218W,YJL129C,0,0.52160424,0.19721871614456177,0.6233766078948975,0.254025399684906
YOL056W,YCL054W,0,0.5205839,0.1971563994884491,0.6233766078948975,0.2541254162788391
YKL164C,YNL159C,0,0.5203191,0.19709412753582,0.6233766078948975,0.2542254328727722
YJR145C,YOL026C,0,0.5199362,0.1970318853855133,0.6233766078948975,0.25432541966438293
YMR153W,YBR191W,0,0.5185684,0.19696970283985138,0.6233766078948975,0.25442543625831604
YOR227W,YGR010W,0,0.51854444,0.19690753519535065,0.6233766078948975,0.25452545285224915
YLR113W,YDR283C,0,0.5184808,0.1968454271554947,0.6233766078948975,0.25462546944618225
YOR048C,YPR148C,0,0.5181463,0.19678334891796112,0.6233766078948975,0.25472548604011536
YKL190W,YPL019C,0,0.5180191,0.19672131538391113,0.6233766078948975,0.2548254728317261
YNL271C,YLR419W,0,0.5173218,0.19665931165218353,0.6233766078948975,0.2549254894256592
YPL175W,YML056C,0,0.51657987,0.19659735262393951,0.6233766078948975,0.2550255060195923
YDR350C,YLR409C,0,0.51633376,0.19653543829917908,0.6233766078948975,0.2551255226135254
YDL008W,YBR115C,0,0.51625144,0.19647355377674103,0.6233766078948975,0.2552255094051361
YIL014W,YLR342W,1,0.5158998,0.1967264711856842,0.6243756413459778,0.2552255094051361
YGL103W,YGL070C,0,0.5158585,0.19666457176208496,0.6243756413459778,0.2553255259990692
YKL205W,YCR044C,0,0.5155674,0.1966027021408081,0.6243756413459778,0.2554255425930023
YBR110W,YGR032W,1,0.51532453,0.1968553513288498,0.6253746151924133,0.2554255425930023
YDL124W,YBL057C,0,0.5151546,0.19679346680641174,0.6253746151924133,0.2555255591869354
YLR143W,YBL087C,0,0.5151409,0.19673161208629608,0.6253746151924133,0.25562557578086853
YBR199W,YBR070C,1,0.5150761,0.19698397815227509,0.6263736486434937,0.25562557578086853
YDR224C,YDL139C,0,0.5146648,0.19692210853099823,0.6263736486434937,0.25572556257247925
YFR013W,YOR285W,0,0.5138468,0.19686028361320496,0.6263736486434937,0.25582557916641235
YNL079C,YJL196C,0,0.5138172,0.19679848849773407,0.6263736486434937,0.25592559576034546
YDL133C-A,YJR049C,0,0.5134114,0.19673673808574677,0.6263736486434937,0.25602561235427856
YGR279C,YJR015W,0,0.5133319,0.19667503237724304,0.6263736486434937,0.2561255991458893
YHR179W,YFL014W,0,0.5131736,0.1966133564710617,0.6263736486434937,0.2562256157398224
YJL094C,YDR127W,0,0.51309764,0.19655172526836395,0.6263736486434937,0.2563256323337555
YNL046W,YDL021W,0,0.5127729,0.1964901238679886,0.6263736486434937,0.2564256489276886
YOL136C,YOL107W,0,0.5126627,0.1964285671710968,0.6263736486434937,0.2565256655216217
YMR229C,YMR235C,0,0.51256984,0.1963670551776886,0.6263736486434937,0.2566256523132324
YGR032W,YPL057C,1,0.5110309,0.19661866128444672,0.6273726224899292,0.2566256523132324
YGL087C,YNL301C,0,0.5107677,0.19655711948871613,0.6273726224899292,0.2567256689071655
YCL036W,YLL048C,0,0.51011455,0.19649562239646912,0.6273726224899292,0.25682568550109863
YJL066C,YNL309W,0,0.5090605,0.1964341551065445,0.6273726224899292,0.25692570209503174
YIR023W,YGL256W,0,0.5087992,0.19637273252010345,0.6273726224899292,0.25702568888664246
YAL010C,YBR164C,0,0.5087194,0.196311354637146,0.6273726224899292,0.25712570548057556
YDR492W,YIL124W,0,0.50868183,0.19625000655651093,0.6273726224899292,0.25722572207450867
YJR013W,YMR271C,1,0.5084084,0.19650109112262726,0.6283716559410095,0.25722572207450867
YML063W,YOR241W,0,0.5083107,0.196439728140831,0.6283716559410095,0.2573257386684418
YNL098C,YDR205W,0,0.5081834,0.19637839496135712,0.6283716559410095,0.2574257552623749
YLR371W,YER012W,0,0.508171,0.19631710648536682,0.6283716559410095,0.2575257420539856
YDL056W,YJL073W,0,0.50785774,0.1962558478116989,0.6283716559410095,0.2576257586479187
YBR282W,YLR430W,0,0.50763386,0.1961946338415146,0.6283716559410095,0.2577257752418518
YDR138W,YFL057C,0,0.50736076,0.19613346457481384,0.6283716559410095,0.2578257918357849
YJL056C,YPL104W,0,0.5073244,0.19607232511043549,0.6283716559410095,0.25792577862739563
YKR085C,YPR030W,0,0.5069441,0.19601121544837952,0.6283716559410095,0.25802579522132874
YGL040C,YMR118C,0,0.50691444,0.19595015048980713,0.6283716559410095,0.25812581181526184
YBL028C,YLL061W,0,0.50657797,0.19588913023471832,0.6283716559410095,0.25822582840919495
YER038C,YNL078W,0,0.50633657,0.1958281397819519,0.6283716559410095,0.25832584500312805
YLR327C,YKR088C,0,0.50626683,0.19576719403266907,0.6283716559410095,0.25842583179473877
YDR108W,YJR126C,0,0.50620675,0.19570627808570862,0.6283716559410095,0.2585258483886719
YNL314W,YDR297W,0,0.5054901,0.19564540684223175,0.6283716559410095,0.258625864982605
YOL122C,YNL267W,0,0.50545776,0.19558458030223846,0.6283716559410095,0.2587258815765381
YMR093W,YDR173C,0,0.5052142,0.19552378356456757,0.6283716559410095,0.2588258683681488
YPL156C,YMR217W,0,0.5051039,0.19546301662921906,0.6283716559410095,0.2589258849620819
YEL017C-A,YIL156W,0,0.5044419,0.19540229439735413,0.6283716559410095,0.259025901556015
YOR336W,YJL186W,1,0.50426155,0.19565217196941376,0.6293706297874451,0.259025901556015
YOR212W,YKL132C,0,0.50398654,0.19559143483638763,0.6293706297874451,0.2591259181499481
YGL226C-A,YML022W,1,0.50361776,0.19584108889102936,0.6303696036338806,0.2591259181499481
YNR002C,YLR042C,0,0.5035287,0.19578032195568085,0.6303696036338806,0.2592259347438812
YNL118C,YOL082W,0,0.50275075,0.19571959972381592,0.6303696036338806,0.25932592153549194
YJR068W,YDR165W,0,0.50250167,0.19565890729427338,0.6303696036338806,0.25942593812942505
YGL240W,YKL195W,0,0.5024457,0.19559825956821442,0.6303696036338806,0.25952595472335815
YMR281W,YNL248C,0,0.50225246,0.19553765654563904,0.6303696036338806,0.25962597131729126
YLR090W,YPL273W,0,0.5022397,0.19547706842422485,0.6303696036338806,0.259725958108902
YPR184W,YPL175W,1,0.501801,0.19572623074054718,0.6313686370849609,0.259725958108902
YLR239C,YLR197W,0,0.5017121,0.1956656277179718,0.6313686370849609,0.2598259747028351
YMR150C,YJL200C,0,0.5010581,0.19560506939888,0.6313686370849609,0.2599259912967682
YPR182W,YER025W,0,0.5009879,0.1955445557832718,0.6313686370849609,0.2600260078907013
YLR059C,YGR007W,0,0.5008224,0.19548407196998596,0.6313686370849609,0.2601260244846344
YGL021W,YMR117C,0,0.5007404,0.19542361795902252,0.6313686370849609,0.2602260112762451
YPL112C,YDR447C,0,0.50073844,0.19536320865154266,0.6313686370849609,0.2603260278701782
YDR517W,YBR020W,0,0.50073296,0.1953028440475464,0.6313686370849609,0.26042604446411133
YEL043W,YEL054C,0,0.50050783,0.1952425092458725,0.6313686370849609,0.26052606105804443
YBR202W,YDL033C,0,0.5003629,0.195182204246521,0.6313686370849609,0.26062604784965515
YNL098C,YPL239W,0,0.5001544,0.19512194395065308,0.6313686370849609,0.26072606444358826
YKR104W,YPL147W,0,0.5000192,0.19506172835826874,0.6313686370849609,0.26082608103752136
YDL229W,YDR158W,0,0.49999,0.1950015425682068,0.6313686370849609,0.26092609763145447
YBR029C,YER125W,0,0.49990052,0.19494140148162842,0.6313686370849609,0.2610261142253876
YDR441C,YDR245W,1,0.49957275,0.19518963992595673,0.6323676109313965,0.2610261142253876
YMR045C,YIR012W,0,0.4995582,0.19512946903705597,0.6323676109313965,0.2611261010169983
YPR002W,YPL010W,0,0.49950206,0.1950693428516388,0.6323676109313965,0.2612261176109314
YGR071C,YKR099W,0,0.49914145,0.195009246468544,0.6323676109313965,0.2613261342048645
YLR395C,YMR001C,0,0.4987371,0.1949491798877716,0.6323676109313965,0.2614261507987976
YOR123C,YFL010W-A,0,0.49861264,0.1948891580104828,0.6323676109313965,0.2615261673927307
YIR006C,YPL105C,0,0.498524,0.19482918083667755,0.6323676109313965,0.26162615418434143
YEL058W,YIL120W,0,0.49788374,0.1947692334651947,0.6323676109313965,0.26172617077827454
YCR009C,YDR341C,0,0.49679887,0.19470931589603424,0.6323676109313965,0.26182618737220764
YDR105C,YML043C,0,0.4966135,0.19464944303035736,0.6323676109313965,0.26192620396614075
YDL045C,YOR330C,0,0.49659884,0.19458961486816406,0.6323676109313965,0.26202619075775146
YLR078C,YMR272C,0,0.49626797,0.19452981650829315,0.6323676109313965,0.26212620735168457
YJR006W,YMR049C,0,0.49624538,0.19447004795074463,0.6323676109313965,0.2622262239456177
YGL168W,YPL163C,0,0.49623376,0.1944103240966797,0.6323676109313965,0.2623262405395508
YGL038C,YPL227C,1,0.49552184,0.19465765357017517,0.6333666443824768,0.2623262405395508
YPL103C,YGL111W,0,0.49540186,0.19459791481494904,0.6333666443824768,0.2624262571334839
YIL136W,YJR112W,0,0.4948507,0.1945382058620453,0.6333666443824768,0.2625262439250946
YFL056C,YDL123W,0,0.49439788,0.19447852671146393,0.6333666443824768,0.2626262605190277
YKL175W,YPL103C,0,0.4939763,0.19441889226436615,0.6333666443824768,0.2627262771129608
YPR167C,YAL034W-A,0,0.49338305,0.19435928761959076,0.6333666443824768,0.2628262937068939
YLR364W,YGL026C,0,0.49322605,0.19429972767829895,0.6333666443824768,0.26292628049850464
YMR088C,YDR457W,0,0.49307978,0.19424019753932953,0.6333666443824768,0.26302629709243774
YMR267W,YPL244C,0,0.49295115,0.1941806972026825,0.6333666443824768,0.26312631368637085
YNL212W,YBR159W,0,0.4929484,0.19412125647068024,0.6333666443824768,0.26322633028030396
YBR040W,YBR211C,0,0.4928186,0.19406183063983917,0.6333666443824768,0.26332634687423706
YLL051C,YBL058W,0,0.49247068,0.1940024495124817,0.6333666443824768,0.2634263336658478
YOR264W,YIR017C,0,0.4923814,0.1939430981874466,0.6333666443824768,0.2635263502597809
YEL053C,YLR154C,0,0.49182433,0.19388379156589508,0.6333666443824768,0.263626366853714
YMR271C,YDR307W,1,0.49131763,0.19413024187088013,0.6343656182289124,0.263626366853714
YPR081C,YKL140W,0,0.49112386,0.19407090544700623,0.6343656182289124,0.2637263834476471
YGR103W,YER125W,0,0.4902104,0.1940116137266159,0.6343656182289124,0.2638263702392578
YMR242C,YOR216C,0,0.4887514,0.19395235180854797,0.6343656182289124,0.2639263868331909
YNL151C,YDR273W,0,0.488712,0.19389313459396362,0.6343656182289124,0.264026403427124
YML102W,YDR236C,0,0.48859698,0.19383394718170166,0.6343656182289124,0.26412642002105713
YLR414C,YOR061W,0,0.48816043,0.19377478957176208,0.6343656182289124,0.26422643661499023
YDL024C,YKR103W,0,0.48813856,0.1937156766653061,0.6343656182289124,0.26432642340660095
YKL218C,YNL191W,0,0.48809767,0.19365660846233368,0.6343656182289124,0.26442644000053406
YIL018W,YLL018C,0,0.4878466,0.19359755516052246,0.6343656182289124,0.26452645659446716
YGR078C,YPR001W,0,0.48708773,0.19353856146335602,0.6343656182289124,0.26462647318840027
YBR128C,YCR031C,0,0.48694718,0.19347958266735077,0.6343656182289124,0.264726459980011
YKL145W,YHR009C,0,0.48685515,0.1934206485748291,0.6343656182289124,0.2648264765739441
YDR075W,YML074C,0,0.48677278,0.19336175918579102,0.6343656182289124,0.2649264931678772
YOR149C,YGL038C,1,0.48674685,0.19360730051994324,0.6353646516799927,0.2649264931678772
YBR212W,YOR109W,0,0.48610818,0.19354838132858276,0.6353646516799927,0.2650265097618103
YLR450W,YOR084W,0,0.4851581,0.19348950684070587,0.6353646516799927,0.2651265263557434
YMR213W,YNL283C,0,0.48471755,0.19343066215515137,0.6353646516799927,0.2652265131473541
YOR070C,YMR297W,0,0.48470086,0.19337184727191925,0.6353646516799927,0.26532652974128723
YKL006C-A,YBL078C,0,0.48451966,0.19331307709217072,0.6353646516799927,0.26542654633522034
YKR075C,YDR019C,0,0.484455,0.19325433671474457,0.6353646516799927,0.26552656292915344
YEL062W,YDL040C,0,0.48280615,0.1931956261396408,0.6353646516799927,0.26562654972076416
YHR132C,YMR235C,0,0.48272222,0.19313696026802063,0.6353646516799927,0.26572656631469727
YER117W,YCR047C,0,0.48218596,0.19307832419872284,0.6353646516799927,0.26582658290863037
YJL003W,YIL088C,0,0.48215187,0.19301973283290863,0.6353646516799927,0.2659265995025635
YLR007W,YER088C,0,0.48203802,0.1929611712694168,0.6353646516799927,0.2660266160964966
YHR085W,YHR165C,0,0.48199552,0.19290263950824738,0.6353646516799927,0.2661266028881073
YDL229W,YDR369C,0,0.48162568,0.19284415245056152,0.6353646516799927,0.2662266194820404
YBR012W-A,YGR135W,0,0.48080915,0.19278569519519806,0.6353646516799927,0.2663266360759735
YNL331C,YOR113W,0,0.48073602,0.19272726774215698,0.6353646516799927,0.2664266526699066
YML009C,YHR079C,0,0.48050416,0.1926688849925995,0.6353646516799927,0.26652663946151733
YML081C-A,YDR472W,0,0.47935236,0.19261053204536438,0.6353646516799927,0.26662665605545044
YLR044C,YOR283W,0,0.47877246,0.19255222380161285,0.6353646516799927,0.26672667264938354
YDL232W,YLR258W,1,0.47662175,0.19279660284519196,0.6363636255264282,0.26672667264938354
YGR288W,YHR132C,0,0.47637802,0.19273827970027924,0.6363636255264282,0.26682668924331665
YOL031C,YMR229C,0,0.47635698,0.1926799714565277,0.6363636255264282,0.26692670583724976
YLL043W,YPR095C,0,0.47561038,0.19262170791625977,0.6363636255264282,0.2670266926288605
YJL139C,YMR306W,1,0.47477055,0.1928657740354538,0.6373626589775085,0.2670266926288605
YLR289W,YDL087C,0,0.4743278,0.19280749559402466,0.6373626589775085,0.2671267092227936
YMR208W,YLR142W,0,0.47417694,0.1927492469549179,0.6373626589775085,0.2672267258167267
YFR034C,YAL039C,0,0.47411418,0.19269102811813354,0.6373626589775085,0.2673267424106598
YJL057C,YIL070C,0,0.47391385,0.19263285398483276,0.6373626589775085,0.2674267292022705
YER155C,YLR109W,0,0.47300386,0.19257470965385437,0.6373626589775085,0.2675267457962036
YMR285C,YLR176C,0,0.4728663,0.19251659512519836,0.6373626589775085,0.2676267623901367
YDR195W,YKL198C,0,0.47283077,0.19245852530002594,0.6373626589775085,0.2677267789840698
YJL221C,YPR190C,0,0.47215545,0.1924004852771759,0.6373626589775085,0.26782679557800293
YAL022C,YGL085W,0,0.47164226,0.19234247505664825,0.6373626589775085,0.26792678236961365
YBL014C,YNL246W,0,0.47157276,0.1922845095396042,0.6373626589775085,0.26802679896354675
YDL117W,YCR010C,0,0.47013783,0.1922265738248825,0.6373626589775085,0.26812681555747986
YLR102C,YBR230C,0,0.47010517,0.19216866791248322,0.6373626589775085,0.26822683215141296
YDR137W,YMR318C,0,0.46958756,0.1921108067035675,0.6373626589775085,0.2683268189430237
YLR215C,YOR101W,0,0.4694172,0.19205297529697418,0.6373626589775085,0.2684268355369568
YDR517W,YKL179C,0,0.46937263,0.19199518859386444,0.6373626589775085,0.2685268521308899
YOR018W,YBL085W,0,0.4689026,0.1919374316930771,0.6373626589775085,0.268626868724823
YER031C,YHR025W,0,0.46889913,0.19187970459461212,0.6373626589775085,0.2687268853187561
YMR271C,YGR199W,1,0.46790487,0.1921226680278778,0.6383616328239441,0.2687268853187561
YBR199W,YNL038W,1,0.4678023,0.19236549735069275,0.6393606662750244,0.2687268853187561
YGR012W,YPL137C,0,0.46776152,0.19230769574642181,0.6393606662750244,0.2688268721103668
YAL051W,YIL094C,0,0.46726722,0.19224992394447327,0.6393606662750244,0.2689268887042999
YOR341W,YCL031C,0,0.46710837,0.1921921968460083,0.6393606662750244,0.26902690529823303
YJL183W,YKR090W,0,0.46658587,0.19213449954986572,0.6393606662750244,0.26912692189216614
YDR400W,YKR031C,0,0.4664966,0.19207683205604553,0.6393606662750244,0.26922690868377686
YHR118C,YOR119C,0,0.4658289,0.19201920926570892,0.6393606662750244,0.26932692527770996
YPL134C,YMR112C,0,0.46552563,0.1919616013765335,0.6393606662750244,0.26942694187164307
YIL142W,YER091C,0,0.4653378,0.19190405309200287,0.6393606662750244,0.26952695846557617
YDL117W,YDR435C,0,0.4638893,0.19184651970863342,0.6393606662750244,0.2696269750595093
YBL079W,YOR189W,0,0.46274543,0.19178903102874756,0.6393606662750244,0.26972696185112
YDR244W,YDR341C,0,0.46231043,0.19173157215118408,0.6393606662750244,0.2698269784450531
YPR160W,YBR023C,1,0.46214145,0.19197364151477814,0.64035964012146,0.2698269784450531
YDR447C,YMR017W,0,0.46057212,0.19191616773605347,0.64035964012146,0.2699269950389862
YER046W,YER055C,0,0.4599142,0.19185872375965118,0.64035964012146,0.2700270116329193
YMR267W,YKR103W,0,0.45979744,0.1918013095855713,0.64035964012146,0.27012699842453003
YDR451C,YEL002C,0,0.4588579,0.19174394011497498,0.64035964012146,0.27022701501846313
YLR323C,YHR089C,0,0.45857418,0.19168660044670105,0.64035964012146,0.27032703161239624
YMR261C,YJL137C,1,0.45853567,0.19192825257778168,0.6413586139678955,0.27032703161239624
YGR241C,YBR296C,0,0.45840287,0.19187089800834656,0.6413586139678955,0.27042704820632935
YIL035C,YDR449C,0,0.45814705,0.19181355834007263,0.6413586139678955,0.27052706480026245
YLL008W,YHR067W,0,0.45755273,0.19175627827644348,0.6413586139678955,0.27062705159187317
YNL073W,YOR065W,0,0.45752466,0.19169901311397552,0.6413586139678955,0.2707270681858063
YOR155C,YOR373W,0,0.457044,0.19164179265499115,0.6413586139678955,0.2708270847797394
YAL003W,YDL121C,0,0.45665753,0.19158460199832916,0.6413586139678955,0.2709271013736725
YBR199W,YMR306W,1,0.45604444,0.1918257772922516,0.6423576474189758,0.2709271013736725
YPR073C,YNL061W,0,0.4558921,0.1917685717344284,0.6423576474189758,0.2710270881652832
YMR307W,YEL041W,0,0.45587116,0.1917113959789276,0.6423576474189758,0.2711271047592163
YHR175W,YDR532C,0,0.45557475,0.1916542500257492,0.6423576474189758,0.2712271213531494
YDR384C,YML055W,0,0.4549901,0.1915971338748932,0.6423576474189758,0.2713271379470825
YOL065C,YJL196C,0,0.45482308,0.19154006242752075,0.6423576474189758,0.2714271545410156
YDR283C,YMR195W,0,0.45477986,0.1914830207824707,0.6423576474189758,0.27152714133262634
YDL108W,YNR001C,0,0.45466328,0.19142602384090424,0.6423576474189758,0.27162715792655945
YKL190W,YBR045C,0,0.4545573,0.19136904180049896,0.6423576474189758,0.27172717452049255
YAR002C-A,YJR110W,0,0.453799,0.19131210446357727,0.6423576474189758,0.27182719111442566
YFR001W,YBL080C,0,0.4533826,0.19125521183013916,0.6423576474189758,0.2719271779060364
YDL175C,YDL229W,0,0.45336658,0.19119833409786224,0.6423576474189758,0.2720271944999695
YPR003C,YKL079W,0,0.45321888,0.1911415010690689,0.6423576474189758,0.2721272110939026
YNR040W,YER174C,0,0.45307267,0.19108469784259796,0.6423576474189758,0.2722272276878357
YML120C,YDR304C,0,0.45285356,0.1910279244184494,0.6423576474189758,0.2723272442817688
YLR103C,YJL148W,0,0.4527613,0.19097119569778442,0.6423576474189758,0.2724272310733795
YBR070C,YLR017W,1,0.45222688,0.19121140241622925,0.6433566212654114,0.2724272310733795
YDR178W,YOL105C,0,0.45188093,0.19115464389324188,0.6433566212654114,0.2725272476673126
YDR224C,YBR274W,0,0.45167804,0.1910979300737381,0.6433566212654114,0.2726272642612457
YPR168W,YFR052W,0,0.45157242,0.1910412311553955,0.6433566212654114,0.27272728085517883
YPR154W,YPL193W,0,0.45135868,0.1909845769405365,0.6433566212654114,0.27282729744911194
YOR215C,YGL115W,0,0.4513213,0.19092795252799988,0.6433566212654114,0.27292728424072266
YPR141C,YLR052W,0,0.45094323,0.19087137281894684,0.6433566212654114,0.27302730083465576
YGR260W,YKL130C,0,0.44937634,0.190814808011055,0.6433566212654114,0.27312731742858887
YMR194W,YOR353C,0,0.44919467,0.19075828790664673,0.6433566212654114,0.273227334022522
YPR204W,YDR515W,0,0.44906986,0.19070181250572205,0.6433566212654114,0.2733273208141327
YJR033C,YMR316W,0,0.44902515,0.19064535200595856,0.6433566212654114,0.2734273374080658
YER007C-A,YKR037C,0,0.44816613,0.19058893620967865,0.6433566212654114,0.2735273540019989
YCR045C,YBR185C,0,0.44808877,0.19053255021572113,0.6433566212654114,0.273627370595932
YMR128W,YPL183W-A,0,0.44784486,0.190476194024086,0.6433566212654114,0.2737273871898651
YFL037W,YCL067C,0,0.44726217,0.19041986763477325,0.6433566212654114,0.27382737398147583
YLR285W,YIL113W,0,0.44716507,0.1903635859489441,0.6433566212654114,0.27392739057540894
YLR328W,YNL121C,0,0.44626975,0.19030733406543732,0.6433566212654114,0.27402740716934204
YDR083W,YPL258C,0,0.4452871,0.19025111198425293,0.6433566212654114,0.27412742376327515
YPR161C,YOR116C,0,0.44493985,0.19019491970539093,0.6433566212654114,0.27422741055488586
YJR092W,YFR037C,0,0.4448797,0.1901387721300125,0.6433566212654114,0.27432742714881897
YPL175W,YIL085C,1,0.44457823,0.19037780165672302,0.6443556547164917,0.27432742714881897
YHR060W,YLR097C,0,0.44280946,0.19032162427902222,0.6443556547164917,0.2744274437427521
YGR076C,YOL123W,0,0.44218814,0.190265491604805,0.6443556547164917,0.2745274603366852
YLR413W,YGL236C,0,0.44199133,0.19020937383174896,0.6443556547164917,0.2746274769306183
YIL154C,YBL091C-A,0,0.4393239,0.1901533007621765,0.6443556547164917,0.274727463722229
YJR073C,YGR104C,0,0.43926692,0.19009725749492645,0.6443556547164917,0.2748274803161621
YHR172W,YNR053C,0,0.43913555,0.19004124402999878,0.6443556547164917,0.2749274969100952
YIL156W,YNL267W,0,0.43856198,0.1899852752685547,0.6443556547164917,0.2750275135040283
YHR117W,YDR011W,0,0.4377401,0.1899293214082718,0.6443556547164917,0.27512750029563904
YML115C,YDR520C,0,0.437568,0.18987341225147247,0.6443556547164917,0.27522751688957214
YBR218C,YKL085W,0,0.43718058,0.18981753289699554,0.6443556547164917,0.27532753348350525
YDL095W,YJL168C,0,0.43711615,0.1897616982460022,0.6443556547164917,0.27542755007743835
YDR376W,YJL129C,0,0.43699992,0.18970587849617004,0.6443556547164917,0.27552756667137146
YDR466W,YAL017W,0,0.43630475,0.18965010344982147,0.6443556547164917,0.2756275534629822
YBL047C,YDL030W,0,0.43558478,0.1895943582057953,0.6443556547164917,0.2757275700569153
YDR080W,YJL001W,0,0.435313,0.1895386427640915,0.6443556547164917,0.2758275866508484
YDR046C,YFL038C,0,0.43350232,0.18948295712471008,0.6443556547164917,0.2759276032447815
YNL023C,YJR083C,0,0.43343937,0.18942731618881226,0.6443556547164917,0.2760275900363922
YFR047C,YBR023C,1,0.43328977,0.1896653026342392,0.6453546285629272,0.2760275900363922
YOR322C,YER179W,0,0.43324423,0.18960963189601898,0.6453546285629272,0.2761276066303253
YBL005W,YOR143C,0,0.43297476,0.18955399096012115,0.6453546285629272,0.2762276232242584
YDR418W,YGR188C,0,0.43260515,0.18949837982654572,0.6453546285629272,0.27632763981819153
YJL012C,YPL001W,0,0.43242848,0.18944281339645386,0.6453546285629272,0.27642765641212463
YJL079C,YKL014C,0,0.43204665,0.1893872767686844,0.6453546285629272,0.27652764320373535
YOL064C,YNL073W,0,0.43178535,0.1893317699432373,0.6453546285629272,0.27662765979766846
YFL026W,YDR451C,0,0.43113327,0.1892762929201126,0.6453546285629272,0.27672767639160156
YEL015W,YML034W,0,0.4311282,0.1892208606004715,0.6453546285629272,0.27682769298553467
YFL037W,YDL149W,0,0.43110102,0.18916544318199158,0.6453546285629272,0.2769276797771454
YHR172W,YGR199W,0,0.4309225,0.18911007046699524,0.6453546285629272,0.2770276963710785
YJL192C,YHR021C,0,0.43076503,0.1890547275543213,0.6453546285629272,0.2771277129650116
YJL173C,YDR363W-A,0,0.43054658,0.18899941444396973,0.6453546285629272,0.2772277295589447
YHR041C,YJL095W,0,0.43016434,0.18894413113594055,0.6453546285629272,0.2773277461528778
YLR268W,YDR263C,0,0.4298693,0.18888889253139496,0.6453546285629272,0.2774277329444885
YGR245C,YHR117W,0,0.42946953,0.18883366882801056,0.6453546285629272,0.27752774953842163
YKL032C,YDR248C,0,0.4290408,0.18877848982810974,0.6453546285629272,0.27762776613235474
YHR080C,YDL019C,0,0.42890084,0.1887233406305313,0.6453546285629272,0.27772778272628784
YMR071C,YPR005C,0,0.42864025,0.18866822123527527,0.6453546285629272,0.27782776951789856
YMR300C,YLR017W,1,0.42862415,0.18890510499477386,0.6463536620140076,0.27782776951789856
YCR072C,YLL066C,0,0.42859322,0.18884997069835663,0.6463536620140076,0.27792778611183167
YDR421W,YGL095C,0,0.42790693,0.18879486620426178,0.6463536620140076,0.27802780270576477
YOR272W,YDL130W,0,0.42752117,0.18873979151248932,0.6463536620140076,0.2781278192996979
YMR015C,YDL189W,0,0.42748737,0.18868474662303925,0.6463536620140076,0.278227835893631
YBR093C,YDR116C,0,0.4269992,0.18862973153591156,0.6463536620140076,0.2783278226852417
YNL102W,YBR081C,0,0.4268294,0.18857476115226746,0.6463536620140076,0.2784278392791748
YCR096C,YDR165W,0,0.42639905,0.18851982057094574,0.6463536620140076,0.2785278558731079
YBR247C,YDR219C,0,0.42635572,0.18846489489078522,0.6463536620140076,0.278627872467041
YNL223W,YGR010W,0,0.4261688,0.18841001391410828,0.6463536620140076,0.27872785925865173
YGR106C,YOR337W,0,0.42584085,0.18835516273975372,0.6463536620140076,0.27882787585258484
YGR194C,YOR132W,0,0.42558903,0.18830035626888275,0.6463536620140076,0.27892789244651794
YOR294W,YGR077C,0,0.4253747,0.18824556469917297,0.6463536620140076,0.27902790904045105
YIL142W,YLR446W,0,0.4248426,0.18819080293178558,0.6463536620140076,0.27912792563438416
YBR198C,YHR153C,0,0.42442954,0.18813608586788177,0.6463536620140076,0.2792279124259949
YDR030C,YBR059C,0,0.4244066,0.18808139860630035,0.6463536620140076,0.279327929019928
YDL040C,YOR288C,0,0.42440045,0.18802674114704132,0.6463536620140076,0.2794279456138611
YGR285C,YJL011C,0,0.42434955,0.18797211349010468,0.6463536620140076,0.2795279622077942
YNL239W,YLR384C,0,0.423876,0.18791751563549042,0.6463536620140076,0.2796279489994049
YJR084W,YNR022C,0,0.42381573,0.18786294758319855,0.6463536620140076,0.279727965593338
YHR156C,YDR497C,0,0.42317492,0.18780842423439026,0.6463536620140076,0.2798279821872711
YNR024W,YAL007C,0,0.4231658,0.18775391578674316,0.6463536620140076,0.2799279987812042
YLR079W,YBR286W,0,0.42286062,0.18769945204257965,0.6463536620140076,0.28002801537513733
YFR038W,YNL061W,0,0.42276776,0.18764501810073853,0.6463536620140076,0.28012800216674805
YER040W,YGR264C,0,0.42200387,0.1875905990600586,0.6463536620140076,0.28022801876068115
YNR003C,YGR008C,0,0.42172176,0.18753622472286224,0.6463536620140076,0.28032803535461426
YJL106W,YER089C,0,0.42140985,0.18748189508914948,0.6463536620140076,0.28042805194854736
YNL191W,YPR024W,0,0.42131686,0.1874275803565979,0.6463536620140076,0.2805280387401581
YOL151W,YBR081C,0,0.42108607,0.1873732954263687,0.6463536620140076,0.2806280553340912
YGR029W,YBR191W,0,0.42018068,0.1873190551996231,0.6463536620140076,0.2807280719280243
YOR287C,YGL063W,0,0.42007655,0.1872648298740387,0.6463536620140076,0.2808280885219574
YDR117C,YNL020C,0,0.42002666,0.18721064925193787,0.6463536620140076,0.2809281051158905
YFL017W-A,YML101C,0,0.41995692,0.18715649843215942,0.6463536620140076,0.2810280919075012
YDR268W,YOR358W,0,0.41978657,0.18710237741470337,0.6463536620140076,0.2811281085014343
YHR193C,YOL107W,0,0.4196304,0.1870482861995697,0.6463536620140076,0.28122812509536743
YOR241W,YMR146C,0,0.4192617,0.18699422478675842,0.6463536620140076,0.28132814168930054
YHR197W,YAR031W,0,0.4190399,0.18694019317626953,0.6463536620140076,0.28142812848091125
YBR166C,YGL191W,0,0.41899228,0.18688619136810303,0.6463536620140076,0.28152814507484436
YEL030W,YHR103W,0,0.41859466,0.1868322193622589,0.6463536620140076,0.28162816166877747
YHR129C,YIR019C,0,0.41848457,0.18677829205989838,0.6463536620140076,0.28172817826271057
YNL149C,YDR014W,0,0.41845214,0.18672437965869904,0.6463536620140076,0.2818281948566437
YLR460C,YNL307C,0,0.41825092,0.18667051196098328,0.6463536620140076,0.2819281816482544
YPL018W,YNR024W,0,0.4182347,0.1866166740655899,0.6463536620140076,0.2820281982421875
YMR207C,YOR011W,0,0.4180075,0.18656286597251892,0.6463536620140076,0.2821282148361206
YKL034W,YMR289W,0,0.41690385,0.18650908768177032,0.6463536620140076,0.2822282314300537
YOR209C,YNL158W,1,0.41669887,0.18674351274967194,0.6473526358604431,0.2822282314300537
YGL173C,YLR411W,0,0.41665053,0.18668971955776215,0.6473526358604431,0.28232821822166443
YGR034W,YKL085W,0,0.4156313,0.18663594126701355,0.6473526358604431,0.28242823481559753
YER013W,YGR061C,0,0.41524124,0.18658220767974854,0.6473526358604431,0.28252825140953064
YNL137C,YML133C,0,0.4146881,0.1865285038948059,0.6473526358604431,0.28262826800346375
YOR099W,YMR306W,1,0.41451818,0.18676258623600006,0.6483516693115234,0.28262826800346375
YOR180C,YDL105W,0,0.41441423,0.18670886754989624,0.6483516693115234,0.28272828459739685
YDL117W,YLR120C,0,0.41436088,0.1866551637649536,0.6483516693115234,0.28282827138900757
YPL194W,YOR206W,0,0.4141444,0.18660148978233337,0.6483516693115234,0.2829282879829407
YFR008W,YBR054W,0,0.41407996,0.18654786050319672,0.6483516693115234,0.2830283045768738
YCR021C,YDR361C,0,0.41395545,0.18649424612522125,0.6483516693115234,0.2831283211708069
YFR014C,YJL052W,0,0.41387355,0.18644067645072937,0.6483516693115234,0.2832283079624176
YMR074C,YNL216W,0,0.41365445,0.18638713657855988,0.6483516693115234,0.2833283245563507
YNL041C,YBR191W,0,0.4126724,0.18633362650871277,0.6483516693115234,0.2834283411502838
YEL012W,YJL060W,0,0.41237116,0.18628013134002686,0.6483516693115234,0.2835283577442169
YKL183W,YJL125C,0,0.41219193,0.18622668087482452,0.6483516693115234,0.28362837433815
YDR496C,YIL096C,0,0.41160572,0.18617326021194458,0.6483516693115234,0.28372836112976074
YMR072W,YGR084C,0,0.4112751,0.18611986935138702,0.6483516693115234,0.28382837772369385
YLR188W,YCR018C,0,0.4105284,0.18606650829315186,0.6483516693115234,0.28392839431762695
YPL188W,YLL031C,0,0.41049558,0.18601317703723907,0.6483516693115234,0.28402841091156006
YKL028W,YNL081C,0,0.4103363,0.18595989048480988,0.6483516693115234,0.28412842750549316
YNL271C,YKL130C,0,0.41020685,0.18590661883354187,0.6483516693115234,0.2842284142971039
YOR336W,YBL082C,1,0.40990576,0.18613974750041962,0.649350643157959,0.2842284142971039
YHR128W,YGL142C,1,0.40957287,0.18637274205684662,0.6503496766090393,0.2842284142971039
YDR110W,YDR057W,0,0.40842742,0.18631941080093384,0.6503496766090393,0.284328430891037
YPL173W,YPR036W,0,0.40814406,0.18626609444618225,0.6503496766090393,0.2844284474849701
YLR373C,YBR067C,0,0.40785214,0.18621280789375305,0.6503496766090393,0.2845284640789032
YDL045W-A,YDL200C,0,0.40773937,0.18615956604480743,0.6503496766090393,0.2846284508705139
YOR320C,YGL257C,1,0.407389,0.18639221787452698,0.6513486504554749,0.2846284508705139
YLR056W,YER045C,0,0.40737802,0.18633896112442017,0.6513486504554749,0.284728467464447
YML124C,YFR031C-A,0,0.40676373,0.18628571927547455,0.6513486504554749,0.2848284840583801
YEL011W,YOR321W,1,0.40663034,0.186518132686615,0.6523476243019104,0.2848284840583801
YIL124W,YGL068W,0,0.40633827,0.18646487593650818,0.6523476243019104,0.28492850065231323
YDR023W,YJR147W,0,0.40626484,0.18641164898872375,0.6523476243019104,0.28502851724624634
YCR020C,YPR097W,0,0.4058993,0.18635845184326172,0.6523476243019104,0.28512850403785706
YPL200W,YMR290C,0,0.40493357,0.18630528450012207,0.6523476243019104,0.28522852063179016
YEL050C,YHR061C,0,0.40460873,0.18625213205814362,0.6523476243019104,0.28532853722572327
YKR061W,YGL065C,1,0.40436378,0.1864841729402542,0.6533466577529907,0.28532853722572327
YML012W,YNL068C,0,0.40423024,0.18643102049827576,0.6533466577529907,0.28542855381965637
YPL090C,YOL007C,0,0.40417948,0.1863778829574585,0.6533466577529907,0.2855285406112671
YNL232W,YNL246W,0,0.40414593,0.18632479012012482,0.6533466577529907,0.2856285572052002
YBR243C,YPL227C,1,0.40349624,0.18655653297901154,0.6543456315994263,0.2856285572052002
YAL030W,YDL130W-A,0,0.4034334,0.18650341033935547,0.6543456315994263,0.2857285737991333
YOR232W,YCL039W,0,0.40301406,0.18645033240318298,0.6543456315994263,0.2858285903930664
YGR264C,YBR107C,0,0.4029442,0.1863972693681717,0.6543456315994263,0.2859286069869995
YKL108W,YDL107W,0,0.4020195,0.1863442361354828,0.6543456315994263,0.28602859377861023
YMR225C,YPR184W,0,0.4018727,0.18629123270511627,0.6543456315994263,0.28612861037254333
YGL185C,YGR086C,0,0.40178183,0.18623827397823334,0.6543456315994263,0.28622862696647644
YKL109W,YPR168W,0,0.40176943,0.1861853301525116,0.6543456315994263,0.28632864356040955
YFR038W,YFL010W-A,0,0.40174347,0.18613243103027344,0.6543456315994263,0.28642863035202026
YKL009W,YML081W,0,0.4012133,0.18607954680919647,0.6543456315994263,0.28652864694595337
YNR050C,YLR086W,0,0.40098432,0.1860266923904419,0.6543456315994263,0.2866286635398865
YDL091C,YMR213W,0,0.4003503,0.1859738826751709,0.6543456315994263,0.2867286801338196
YDR476C,YCL054W,0,0.40025884,0.1859210878610611,0.6543456315994263,0.2868286967277527
YOL019W,YDR384C,0,0.39867684,0.18586833775043488,0.6543456315994263,0.2869286835193634
YDR441C,YPL221W,0,0.39847073,0.18581560254096985,0.6543456315994263,0.2870287001132965
YOR270C,YBR022W,0,0.3982908,0.1857628971338272,0.6543456315994263,0.2871287167072296
YOR313C,YGL095C,0,0.39796773,0.18571023643016815,0.6543456315994263,0.2872287333011627
YDR495C,YJL134W,0,0.39790478,0.1856575906276703,0.6543456315994263,0.28732872009277344
YER044C-A,YMR267W,0,0.39758518,0.185604989528656,0.6543456315994263,0.28742873668670654
YOR191W,YLR097C,0,0.39696503,0.18555240333080292,0.6543456315994263,0.28752875328063965
YIL177C,YCR098C,0,0.39676255,0.1854998618364334,0.6543456315994263,0.28762876987457275
YOR272W,YAL044C,0,0.3966,0.1854473352432251,0.6543456315994263,0.28772878646850586
YKL080W,YOL157C,0,0.39586174,0.18539485335350037,0.6543456315994263,0.2878287732601166
YLR268W,YLR042C,0,0.39546567,0.18534238636493683,0.6543456315994263,0.2879287898540497
YPR080W,YOL144W,0,0.39538893,0.18528996407985687,0.6543456315994263,0.2880288064479828
YJL106W,YKR055W,0,0.39457136,0.1852375566959381,0.6543456315994263,0.2881288230419159
YML009C,YLR052W,0,0.39369255,0.18518517911434174,0.6543456315994263,0.2882288098335266
YEL044W,YMR086W,0,0.39348316,0.18513284623622894,0.6543456315994263,0.2883288264274597
YDR415C,YIL052C,0,0.39339104,0.18508052825927734,0.6543456315994263,0.2884288430213928
YLR277C,YER089C,0,0.3933006,0.18502825498580933,0.6543456315994263,0.2885288596153259
YER082C,YCL051W,0,0.39311773,0.1849759966135025,0.6543456315994263,0.28862887620925903
YDR372C,YJL071W,0,0.39301026,0.18492376804351807,0.6543456315994263,0.28872886300086975
YNR052C,YFL014W,0,0.39288467,0.1848715841770172,0.6543456315994263,0.28882887959480286
YDL012C,YLR288C,0,0.3925242,0.18481941521167755,0.6543456315994263,0.28892889618873596
YAR031W,YGL010W,0,0.39239007,0.18476727604866028,0.6543456315994263,0.28902891278266907
YGL021W,YBR029C,0,0.3922094,0.1847151666879654,0.6543456315994263,0.2891288995742798
YHR181W,YCL047C,0,0.39195392,0.1846631020307541,0.6543456315994263,0.2892289161682129
YBR080C,YML082W,0,0.3911596,0.18461105227470398,0.6543456315994263,0.289328932762146
YOR348C,YDR281C,0,0.3909237,0.18455903232097626,0.6543456315994263,0.2894289493560791
YLL041C,YOR291W,0,0.39078313,0.18450704216957092,0.6543456315994263,0.2895289659500122
YGR216C,YNL078W,0,0.39077613,0.18445508182048798,0.6543456315994263,0.2896289527416229
YKL186C,YOR264W,0,0.3906858,0.18440315127372742,0.6543456315994263,0.28972896933555603
YBR248C,YLR342W,1,0.39061883,0.18463270366191864,0.6553446650505066,0.28972896933555603
YPR016C,YPL112C,0,0.39013985,0.1845807582139969,0.6553446650505066,0.28982898592948914
YMR023C,YIL150C,0,0.390054,0.18452882766723633,0.6553446650505066,0.28992900252342224
YHR080C,YJR036C,0,0.38997766,0.18447694182395935,0.6553446650505066,0.29002898931503296
YGR211W,YOL030W,0,0.38992843,0.18442507088184357,0.6553446650505066,0.29012900590896606
YPL189W,YBR089C-A,0,0.38977113,0.18437324464321136,0.6553446650505066,0.29022902250289917
YOR151C,YBR247C,0,0.3893838,0.18432143330574036,0.6553446650505066,0.2903290390968323
YGL078C,YMR315W,0,0.38909608,0.18426966667175293,0.6553446650505066,0.2904290556907654
YNR032C-A,YDR300C,0,0.38871568,0.1842179149389267,0.6553446650505066,0.2905290424823761
YNL085W,YEL022W,0,0.38859096,0.18416619300842285,0.6553446650505066,0.2906290590763092
YPR187W,YIR031C,0,0.38762662,0.1841145157814026,0.6553446650505066,0.2907290756702423
YDL081C,YER099C,0,0.38756353,0.18406285345554352,0.6553446650505066,0.2908290922641754
YDL095W,YGL047W,1,0.3875628,0.18429172039031982,0.6563436388969421,0.2908290922641754
YMR090W,YOL147C,0,0.38720003,0.18424004316329956,0.6563436388969421,0.29092907905578613
YJR121W,YGR017W,0,0.38705856,0.18418839573860168,0.6563436388969421,0.29102909564971924
YLR090W,YNL206C,0,0.38644952,0.1841367781162262,0.6563436388969421,0.29112911224365234
YKL032C,YNL236W,0,0.38598368,0.1840851753950119,0.6563436388969421,0.29122912883758545
YDR144C,YMR240C,0,0.38591796,0.1840336173772812,0.6563436388969421,0.29132914543151855
YHR117W,YNL304W,0,0.38591582,0.18398207426071167,0.6563436388969421,0.2914291322231293
YBL026W,YPR111W,0,0.38518187,0.18393057584762573,0.6563436388969421,0.2915291488170624
YGR032W,YCR024C,0,0.38464367,0.183879092335701,0.6563436388969421,0.2916291654109955
YHR088W,YLR390W-A,0,0.38454357,0.18382763862609863,0.6563436388969421,0.2917291820049286
YPL276W,YDR165W,0,0.3845015,0.18377622961997986,0.6563436388969421,0.2918291687965393
YER056C,YOL012C,0,0.38432437,0.18372483551502228,0.6563436388969421,0.2919291853904724
YPR080W,YJL149W,0,0.38408458,0.18367347121238708,0.6563436388969421,0.2920292019844055
YCR040W,YOL129W,0,0.3838567,0.18362213671207428,0.6563436388969421,0.2921292185783386
YMR183C,YFR005C,0,0.38384193,0.18357083201408386,0.6563436388969421,0.29222923517227173
YMR261C,YEL011W,1,0.38309127,0.1837988793849945,0.6573426723480225,0.29222923517227173
YIL132C,YDL215C,0,0.38300785,0.1837475597858429,0.6573426723480225,0.29232922196388245
YPL010W,YIL039W,0,0.38213104,0.18369625508785248,0.6573426723480225,0.29242923855781555
YLR083C,YDR545W,0,0.38211468,0.18364499509334564,0.6573426723480225,0.29252925515174866
YCR039C,YMR312W,0,0.38209495,0.18359375,0.6573426723480225,0.29262927174568176
YOR147W,YML049C,0,0.38174844,0.18354253470897675,0.6573426723480225,0.2927292585372925
YNL317W,YJR160C,0,0.38168362,0.18349134922027588,0.6573426723480225,0.2928292751312256
YOL082W,YPL214C,0,0.38162315,0.1834401935338974,0.6573426723480225,0.2929292917251587
YNR010W,YPL196W,0,0.38107193,0.1833890676498413,0.6573426723480225,0.2930293083190918
YDR224C,YHR148W,0,0.38058507,0.1833379715681076,0.6573426723480225,0.2931293249130249
YML051W,YML077W,0,0.38023853,0.1832869052886963,0.6573426723480225,0.2932293117046356
YIR019C,YOR351C,0,0.3800513,0.18323586881160736,0.6573426723480225,0.2933293282985687
YKL130C,YPR071W,0,0.3794511,0.18318486213684082,0.6573426723480225,0.29342934489250183
YML129C,YER140W,0,0.37911746,0.18313387036323547,0.6573426723480225,0.29352936148643494
YJL180C,YNL322C,0,0.37870598,0.1830829232931137,0.6573426723480225,0.29362934827804565
YGR167W,YBR060C,0,0.37849247,0.18303199112415314,0.6573426723480225,0.29372936487197876
YMR238W,YLR127C,0,0.37775505,0.18298108875751495,0.6573426723480225,0.29382938146591187
YAL010C,YDR434W,0,0.37727606,0.18293021619319916,0.6573426723480225,0.29392939805984497
YDR117C,YDL130W-A,0,0.37658423,0.18287937343120575,0.6573426723480225,0.2940294146537781
YDR441C,YEL011W,1,0.37640437,0.1831064224243164,0.658341646194458,0.2940294146537781
YPR031W,YPL064C,0,0.37637043,0.1830555498600006,0.658341646194458,0.2941294014453888
YJR005W,YOL149W,0,0.37577972,0.1830047219991684,0.658341646194458,0.2942294180393219
YBR166C,YJL065C,0,0.3753333,0.18295390903949738,0.658341646194458,0.294329434633255
YOR265W,YHR207C,0,0.37512857,0.18290314078330994,0.658341646194458,0.2944294512271881
YBR278W,YJR015W,0,0.37444967,0.1828523874282837,0.658341646194458,0.2945294678211212
YOR251C,YAL008W,0,0.37183702,0.18280166387557983,0.658341646194458,0.29462945461273193
YPL127C,YOL020W,0,0.37120688,0.18275097012519836,0.658341646194458,0.29472947120666504
YAL056W,YJL153C,0,0.37092632,0.18270030617713928,0.658341646194458,0.29482948780059814
YBR170C,YHR143W,0,0.37062326,0.1826496720314026,0.658341646194458,0.29492950439453125
YNL183C,YDR361C,0,0.36995423,0.1825990527868271,0.658341646194458,0.29502949118614197
YLR371W,YJR104C,0,0.36939406,0.18254847824573517,0.658341646194458,0.2951295077800751
YPL038W,YKL094W,0,0.36936632,0.18249791860580444,0.658341646194458,0.2952295243740082
YJR123W,YKL087C,0,0.3688797,0.1824474036693573,0.658341646194458,0.2953295409679413
YBR126C,YNL038W,1,0.36833847,0.18267367780208588,0.6593406796455383,0.2953295409679413
YLR276C,YLR121C,0,0.36820465,0.18262313306331635,0.6593406796455383,0.2954295575618744
YKR069W,YNL041C,0,0.36751628,0.1825726181268692,0.6593406796455383,0.2955295443534851
YOR336W,YBR023C,1,0.3674559,0.18279866874217987,0.6603396534919739,0.2955295443534851
YFL011W,YOR359W,0,0.36700657,0.18274813890457153,0.6603396534919739,0.2956295609474182
YHR041C,YPL154C,0,0.36599177,0.1826976239681244,0.6603396534919739,0.2957295775413513
YPL175W,YML073C,0,0.36560678,0.18264713883399963,0.6603396534919739,0.2958295941352844
YHR136C,YOL062C,0,0.36519867,0.18259668350219727,0.6603396534919739,0.29592958092689514
YFR031C-A,YIL027C,0,0.36484903,0.18254625797271729,0.6603396534919739,0.29602959752082825
YEL024W,YKL060C,0,0.36475128,0.1824958622455597,0.6603396534919739,0.29612961411476135
YNL199C,YJL167W,0,0.36471346,0.1824454814195633,0.6603396534919739,0.29622963070869446
YJL005W,YBL091C-A,0,0.36470598,0.18239514529705048,0.6603396534919739,0.29632964730262756
YOR026W,YHR184W,0,0.36384356,0.18234482407569885,0.6603396534919739,0.2964296340942383
YKR030W,YHR025W,0,0.36307296,0.18229453265666962,0.6603396534919739,0.2965296506881714
YPR036W,YBR297W,0,0.36272812,0.18224428594112396,0.6603396534919739,0.2966296672821045
YLL021W,YDR425W,0,0.3622808,0.1821940392255783,0.6603396534919739,0.2967296838760376
YCL025C,YJL167W,0,0.36182487,0.18214383721351624,0.6603396534919739,0.2968296706676483
YOR119C,YKL053C-A,0,0.36159265,0.18209366500377655,0.6603396534919739,0.2969296872615814
YJR059W,YNL044W,0,0.36110872,0.18204350769519806,0.6603396534919739,0.2970297038555145
YNL038W,YNR059W,1,0.36050987,0.18226872384548187,0.6613386869430542,0.2970297038555145
YDR201W,YJL097W,0,0.36019737,0.1822185516357422,0.6613386869430542,0.29712972044944763
YDR175C,YLR193C,0,0.359995,0.1821684092283249,0.6613386869430542,0.29722973704338074
YLR056W,YLR055C,0,0.35931098,0.18211829662322998,0.6613386869430542,0.29732972383499146
YDL197C,YKR036C,0,0.35918373,0.18206821382045746,0.6613386869430542,0.29742974042892456
YFL017W-A,YAL019W,0,0.3576094,0.18201814591884613,0.6613386869430542,0.29752975702285767
YDR515W,YKR066C,0,0.3565744,0.1819681078195572,0.6613386869430542,0.29762977361679077
YER145C,YJL165C,0,0.3551919,0.18191811442375183,0.6613386869430542,0.2977297604084015
YDL112W,YER061C,0,0.35495675,0.18186813592910767,0.6613386869430542,0.2978297770023346
YNL317W,YNL096C,0,0.35494632,0.1818181872367859,0.6613386869430542,0.2979297935962677
YBR080C,YLR194C,0,0.35472438,0.1817682534456253,0.6613386869430542,0.2980298101902008
YJR013W,YKL004W,1,0.3545546,0.18199285864830017,0.6623376607894897,0.2980298101902008
YER142C,YOR096W,0,0.35393065,0.1819429248571396,0.6623376607894897,0.2981298267841339
YBL082C,YPL175W,1,0.35389128,0.18216735124588013,0.6633366346359253,0.2981298267841339
YPL271W,YHL011C,0,0.35354695,0.18211738765239716,0.6633366346359253,0.29822981357574463
YDR146C,YLR172C,0,0.3534007,0.18206745386123657,0.6633366346359253,0.29832983016967773
YKL095W,YMR169C,0,0.35331392,0.18201754987239838,0.6633366346359253,0.29842984676361084
YKL141W,YDR165W,0,0.3532766,0.18196766078472137,0.6633366346359253,0.29852986335754395
YDL232W,YBR004C,1,0.35306495,0.18219177424907684,0.6643356680870056,0.29852986335754395
YOL078W,YNL121C,0,0.35238272,0.18214188516139984,0.6643356680870056,0.29862985014915466
YDR492W,YDL100C,0,0.35213727,0.18209201097488403,0.6643356680870056,0.29872986674308777
YFL026W,YMR160W,0,0.3515798,0.18204215168952942,0.6643356680870056,0.2988298833370209
YMR001C,YNL318C,0,0.35152864,0.1819923371076584,0.6643356680870056,0.298929899930954
YMR194W,YLR300W,0,0.351265,0.18194253742694855,0.6643356680870056,0.2990299165248871
YHR031C,YJL167W,0,0.35116944,0.1818927824497223,0.6643356680870056,0.2991299033164978
YHL032C,YGR017W,0,0.35043693,0.18184304237365723,0.6643356680870056,0.2992299199104309
YPL200W,YDL135C,0,0.35036832,0.18179333209991455,0.6643356680870056,0.299329936504364
YMR034C,YOR065W,0,0.35000515,0.18174365162849426,0.6643356680870056,0.2994299530982971
YDR399W,YJL139C,1,0.34962463,0.18196721374988556,0.6653346419334412,0.2994299530982971
YJL140W,YNL059C,0,0.34960458,0.18191750347614288,0.6653346419334412,0.29952993988990784
YLR337C,YDR009W,0,0.34927386,0.1818678379058838,0.6653346419334412,0.29962995648384094
YDL067C,YML092C,0,0.34916598,0.1818181872367859,0.6653346419334412,0.29972997307777405
YDR103W,YDR098C,0,0.34915477,0.18176856637001038,0.6653346419334412,0.29982998967170715
YJL078C,YOR086C,0,0.34915167,0.18171896040439606,0.6653346419334412,0.29993000626564026
YGR266W,YLR356W,0,0.34874216,0.18166939914226532,0.6653346419334412,0.300029993057251
YGR054W,YGR104C,0,0.3487361,0.18161985278129578,0.6653346419334412,0.3001300096511841
YKL140W,YGL060W,0,0.34872437,0.18157033622264862,0.6653346419334412,0.3002300262451172
YHR080C,YPR007C,0,0.3487029,0.18152084946632385,0.6653346419334412,0.3003300428390503
YLR343W,YCR077C,0,0.3486171,0.18147139251232147,0.6653346419334412,0.300430029630661
YNL049C,YFR040W,0,0.3482381,0.18142195045948029,0.6653346419334412,0.3005300462245941
YLR345W,YCL039W,0,0.34807625,0.18137255311012268,0.6653346419334412,0.3006300628185272
YMR282C,YLR300W,0,0.34767583,0.18132317066192627,0.6653346419334412,0.3007300794124603
YOR275C,YJL094C,0,0.3474903,0.18127381801605225,0.6653346419334412,0.30083009600639343
YPR114W,YMR285C,0,0.34725124,0.1812244951725006,0.6653346419334412,0.30093008279800415
YPL273W,YMR301C,0,0.3472491,0.18117518723011017,0.6653346419334412,0.30103009939193726
YCL008C,YLR357W,0,0.34617493,0.1811259239912033,0.6653346419334412,0.30113011598587036
YJL136C,YOR145C,0,0.34493226,0.18107667565345764,0.6653346419334412,0.30123013257980347
YBR069C,YOL019W,0,0.34492457,0.18102745711803436,0.6653346419334412,0.3013301193714142
YPR080W,YOR388C,0,0.3439956,0.18097825348377228,0.6653346419334412,0.3014301359653473
YCL017C,YKL143W,0,0.34368956,0.18092909455299377,0.6653346419334412,0.3015301525592804
YLR304C,YBR058C-A,0,0.34367192,0.18087995052337646,0.6653346419334412,0.3016301691532135
YLR343W,YBR218C,0,0.343121,0.18083085119724274,0.6653346419334412,0.3017301857471466
YOR267C,YJR153W,0,0.34311837,0.180781751871109,0.6653346419334412,0.3018301725387573
YHR056C,YDR126W,0,0.34309563,0.18073269724845886,0.6653346419334412,0.30193018913269043
YLR120C,YPR192W,0,0.34307513,0.1806836724281311,0.6653346419334412,0.30203020572662354
YOL139C,YBR198C,0,0.342952,0.18063466250896454,0.6653346419334412,0.30213022232055664
YPR182W,YDR251W,0,0.34283033,0.18058568239212036,0.6653346419334412,0.30223020911216736
YNL271C,YKL171W,0,0.34282625,0.18053673207759857,0.6653346419334412,0.30233022570610046
YHL044W,YLR060W,0,0.34280485,0.18048781156539917,0.6653346419334412,0.30243024230003357
YDR399W,YPR183W,1,0.3418527,0.1807098388671875,0.6663336753845215,0.30243024230003357
YJL002C,YGL038C,1,0.3418507,0.18093174695968628,0.667332649230957,0.30243024230003357
YMR311C,YBR119W,0,0.34163123,0.1808827519416809,0.667332649230957,0.3025302588939667
YMR306W,YPR191W,0,0.34145376,0.18083378672599792,0.667332649230957,0.3026302754878998
YNL039W,YOL072W,0,0.34093308,0.18078485131263733,0.667332649230957,0.3027302622795105
YAL035W,YIL135C,0,0.340702,0.18073593080043793,0.667332649230957,0.3028302788734436
YDR259C,YDR532C,0,0.34029186,0.1806870400905609,0.667332649230957,0.3029302954673767
YPR036W,YGL209W,0,0.34002858,0.1806381791830063,0.667332649230957,0.3030303120613098
YMR226C,YMR001C,0,0.33945677,0.18058934807777405,0.667332649230957,0.30313029885292053
YBR066C,YBR162W-A,0,0.3394514,0.1805405467748642,0.667332649230957,0.30323031544685364
YDL144C,YNL262W,0,0.33931872,0.18049176037311554,0.667332649230957,0.30333033204078674
YPL064C,YDL210W,0,0.33931386,0.18044300377368927,0.667332649230957,0.30343034863471985
YFR008W,YMR076C,0,0.33824116,0.1803942769765854,0.667332649230957,0.30353036522865295
YBR162W-A,YHR120W,0,0.33818585,0.1803455650806427,0.667332649230957,0.30363035202026367
YML042W,YNL281W,0,0.33790046,0.1802968978881836,0.667332649230957,0.3037303686141968
YJL157C,YLR212C,0,0.33680114,0.18024824559688568,0.667332649230957,0.3038303852081299
YPL061W,YJR112W,0,0.3363866,0.18019962310791016,0.667332649230957,0.303930401802063
YDR513W,YJR052W,0,0.3363203,0.18015103042125702,0.667332649230957,0.3040303885936737
YLR291C,YLR079W,0,0.33593246,0.18010245263576508,0.667332649230957,0.3041304051876068
YNR015W,YDR238C,0,0.33552986,0.18005390465259552,0.667332649230957,0.3042304217815399
YML107C,YPL083C,0,0.3354081,0.18000538647174835,0.667332649230957,0.304330438375473
YJR009C,YOR383C,0,0.3353436,0.17995689809322357,0.667332649230957,0.30443045496940613
YPL231W,YLR292C,0,0.33475322,0.17990842461585999,0.667332649230957,0.30453044176101685
YPL026C,YKR103W,0,0.33465937,0.17985999584197998,0.667332649230957,0.30463045835494995
YDL028C,YJR034W,0,0.33444095,0.17981158196926117,0.667332649230957,0.30473047494888306
YER096W,YEL017C-A,0,0.33431745,0.17976318299770355,0.667332649230957,0.30483049154281616
YNL039W,YDR511W,0,0.33379835,0.17971482872962952,0.667332649230957,0.3049304783344269
YPL225W,YPL082C,0,0.33367708,0.17966648936271667,0.667332649230957,0.30503049492836
YDR296W,YBR115C,0,0.333349,0.17961817979812622,0.667332649230957,0.3051305115222931
YOR002W,YBR004C,1,0.33332568,0.17983871698379517,0.6683316826820374,0.3051305115222931
YJR138W,YDR148C,0,0.3327994,0.17979037761688232,0.6683316826820374,0.3052305281162262
YPL173W,YJL045W,0,0.33270827,0.17974206805229187,0.6683316826820374,0.3053305447101593
YNL079C,YBL035C,0,0.33258376,0.1796937882900238,0.6683316826820374,0.30543053150177
YDR334W,YDL141W,0,0.33161217,0.17964553833007812,0.6683316826820374,0.3055305480957031
YDL143W,YOR025W,0,0.33136734,0.17959731817245483,0.6683316826820374,0.30563056468963623
YGR189C,YDR179C,0,0.3313478,0.17954911291599274,0.6683316826820374,0.30573058128356934
YMR153W,YPL269W,0,0.33108914,0.17950093746185303,0.6683316826820374,0.30583059787750244
YER106W,YCR014C,0,0.33069682,0.1794527918100357,0.6683316826820374,0.30593058466911316
YGR124W,YHR061C,0,0.33043075,0.17940466105937958,0.6683316826820374,0.30603060126304626
YNL119W,YBR085W,0,0.3301618,0.17935657501220703,0.6683316826820374,0.30613061785697937
YMR149W,YGL047W,1,0.32961798,0.17957651615142822,0.6693306565284729,0.30613061785697937
YNR038W,YMR035W,0,0.32947093,0.1795284003019333,0.6693306565284729,0.3062306344509125
YPL144W,YDL015C,0,0.32916814,0.17948031425476074,0.6693306565284729,0.3063306212425232
YKR014C,YKR104W,0,0.32911178,0.1794322431087494,0.6693306565284729,0.3064306378364563
YLR276C,YDR173C,0,0.32849953,0.17938420176506042,0.6693306565284729,0.3065306544303894
YHR080C,YDR224C,0,0.32811442,0.17933619022369385,0.6693306565284729,0.3066306710243225
YHR070W,YKL178C,0,0.32771537,0.17928819358348846,0.6693306565284729,0.3067306876182556
YJR097W,YJL112W,0,0.32766634,0.17924024164676666,0.6693306565284729,0.30683067440986633
YPR184W,YBR004C,1,0.3274328,0.17945975065231323,0.6703296899795532,0.30683067440986633
YDR359C,YHL040C,0,0.32738498,0.17941176891326904,0.6703296899795532,0.30693069100379944
YFL017W-A,YHR165C,0,0.32678747,0.17936380207538605,0.6703296899795532,0.30703070759773254
YPL059W,YIL038C,0,0.32671538,0.17931587994098663,0.6703296899795532,0.30713072419166565
YBR202W,YDR062W,0,0.32625863,0.1792679727077484,0.6703296899795532,0.30723071098327637
YJL048C,YDR111C,0,0.32605702,0.1792200803756714,0.6703296899795532,0.3073307275772095
YMR099C,YEL027W,0,0.3258867,0.17917223274707794,0.6703296899795532,0.3074307441711426
YGR205W,YER041W,0,0.3258857,0.1791244000196457,0.6703296899795532,0.3075307607650757
YML073C,YBR156C,0,0.32579976,0.17907659709453583,0.6703296899795532,0.3076307773590088
YGL170C,YCR105W,0,0.32511973,0.17902880907058716,0.6703296899795532,0.3077307641506195
YKL198C,YOR043W,0,0.32503247,0.17898106575012207,0.6703296899795532,0.3078307807445526
YKL064W,YLR356W,0,0.3249543,0.17893333733081818,0.6703296899795532,0.3079307973384857
YBR118W,YMR006C,0,0.32459038,0.17888562381267548,0.6703296899795532,0.3080308139324188
YJR149W,YNL199C,0,0.32445234,0.17883795499801636,0.6703296899795532,0.30813080072402954
YPR180W,YMR269W,0,0.32405317,0.17879030108451843,0.6703296899795532,0.30823081731796265
YEL015W,YPR138C,0,0.32396746,0.1787426769733429,0.6703296899795532,0.30833083391189575
YDL082W,YIL014W,0,0.32368174,0.17869506776332855,0.6703296899795532,0.30843085050582886
YER044C-A,YML098W,0,0.32329795,0.1786475032567978,0.6703296899795532,0.30853086709976196
YGR012W,YGR222W,0,0.32314405,0.17859995365142822,0.6703296899795532,0.3086308538913727
YMR183C,YDL047W,0,0.3231036,0.17855241894721985,0.6703296899795532,0.3087308704853058
YPL131W,YGL163C,0,0.32268506,0.17850492894649506,0.6703296899795532,0.3088308870792389
YOR076C,YDR303C,0,0.3226695,0.17845745384693146,0.6703296899795532,0.308930903673172
YDL204W,YPL083C,0,0.32240576,0.17840999364852905,0.6703296899795532,0.3090308904647827
YLR425W,YAR018C,0,0.32197326,0.17836257815361023,0.6703296899795532,0.3091309070587158
YDR026C,YDR300C,0,0.3217746,0.1783151775598526,0.6703296899795532,0.3092309236526489
YGR211W,YLR214W,0,0.32129684,0.17826780676841736,0.6703296899795532,0.30933094024658203
YGR055W,YDL189W,0,0.3212169,0.1782204508781433,0.6703296899795532,0.30943095684051514
YDR384C,YLR019W,0,0.3212002,0.17817312479019165,0.6703296899795532,0.30953094363212585
YBR248C,YNR030W,1,0.32084537,0.17839129269123077,0.6713286638259888,0.30953094363212585
YFL057C,YPR106W,0,0.32081652,0.17834395170211792,0.6713286638259888,0.30963096022605896
YBL112C,YPR186C,0,0.32050648,0.17829662561416626,0.6713286638259888,0.30973097681999207
YAR015W,YNL250W,0,0.32008988,0.17824934422969818,0.6713286638259888,0.30983099341392517
YER087C-A,YLR160C,0,0.31999803,0.1782020628452301,0.6713286638259888,0.3099309802055359
YBR054W,YMR269W,0,0.3198935,0.1781548261642456,0.6713286638259888,0.310030996799469
YGL194C,YCR065W,0,0.31980234,0.1781076043844223,0.6713286638259888,0.3101310133934021
YGL233W,YDR038C,0,0.31916246,0.1780604124069214,0.6713286638259888,0.3102310299873352
YOL111C,YKR027W,0,0.31894603,0.17801325023174286,0.6713286638259888,0.3103310465812683
YML058W-A,YPL117C,0,0.3187638,0.17796610295772552,0.6713286638259888,0.31043103337287903
YNL158W,YOL032W,0,0.31849992,0.17791898548603058,0.6713286638259888,0.31053104996681213
YAL041W,YKL087C,0,0.3183585,0.17787188291549683,0.6713286638259888,0.31063106656074524
YLR113W,YMR009W,0,0.31764802,0.17782482504844666,0.6713286638259888,0.31073108315467834
YDL031W,YCR010C,0,0.3171137,0.17777778208255768,0.6713286638259888,0.31083106994628906
YMR300C,YGL226C-A,1,0.31707835,0.1779952347278595,0.6723276972770691,0.31083106994628906
YPL097W,YDR414C,0,0.31705186,0.17794817686080933,0.6723276972770691,0.31093108654022217
YOR085W,YNL029C,1,0.31661975,0.1781654804944992,0.6733266711235046,0.31093108654022217
YHR179W,YNL189W,0,0.3165826,0.17811839282512665,0.6733266711235046,0.3110311031341553
YEL044W,YPR110C,0,0.3163948,0.17807133495807648,0.6733266711235046,0.3111311197280884
YJL130C,YLR019W,0,0.31619164,0.1780243068933487,0.6733266711235046,0.3112311363220215
YLR396C,YGR235C,0,0.31619036,0.1779772937297821,0.6733266711235046,0.3113311231136322
YOR336W,YHR128W,1,0.31603256,0.1781942993402481,0.6743256449699402,0.3113311231136322
YLR414C,YIL022W,0,0.31602138,0.17814727127552032,0.6743256449699402,0.3114311397075653
YIR023W,YBL069W,0,0.3155183,0.17810025811195374,0.6743256449699402,0.3115311563014984
YJL173C,YPR148C,0,0.315433,0.17805328965187073,0.6743256449699402,0.3116311728954315
YDR328C,YIL056W,0,0.31467605,0.1780063360929489,0.6743256449699402,0.31173115968704224
YPR003C,YJL162C,0,0.3145148,0.1779593974351883,0.6743256449699402,0.31183117628097534
YNL188W,YFL036W,0,0.31404465,0.17791248857975006,0.6743256449699402,0.31193119287490845
YDR067C,YDR166C,0,0.31361014,0.17786560952663422,0.6743256449699402,0.31203120946884155
YNR008W,YHR185C,0,0.31324637,0.17781876027584076,0.6743256449699402,0.31213122606277466
YAL044C,YDR251W,0,0.31318393,0.1777719259262085,0.6743256449699402,0.3122312128543854
YLL057C,YHR167W,0,0.31307662,0.17772512137889862,0.6743256449699402,0.3123312294483185
YMR281W,YPR144C,0,0.3130101,0.17767833173274994,0.6743256449699402,0.3124312460422516
YLR371W,YMR022W,0,0.31274873,0.17763157188892365,0.6743256449699402,0.3125312626361847
YPR011C,YER056C,0,0.31205586,0.17758484184741974,0.6743256449699402,0.3126312494277954
YGR120C,YDR071C,0,0.31200787,0.17753814160823822,0.6743256449699402,0.3127312660217285
YDR323C,YDL078C,0,0.3118188,0.1774914562702179,0.6743256449699402,0.3128312826156616
YFR001W,YOR065W,0,0.31086266,0.17744480073451996,0.6743256449699402,0.3129312992095947
YER055C,YDL093W,1,0.31066602,0.1776609718799591,0.6753246784210205,0.3129312992095947
YPR204W,YLR357W,0,0.31054485,0.17761428654193878,0.6753246784210205,0.31303131580352783
YER090W,YGR283C,0,0.31054023,0.17756764590740204,0.6753246784210205,0.31313130259513855
YDL208W,YKR083C,0,0.310466,0.1775210052728653,0.6753246784210205,0.31323131918907166
YGR288W,YHL004W,0,0.31029916,0.17747440934181213,0.6753246784210205,0.31333133578300476
YPL153C,YBR230C,0,0.3094824,0.17742782831192017,0.6753246784210205,0.31343135237693787
YDR288W,YHR111W,0,0.30925745,0.1773812621831894,0.6753246784210205,0.3135313391685486
YBR118W,YGL186C,0,0.30924705,0.177334725856781,0.6753246784210205,0.3136313557624817
YMR237W,YOL147C,0,0.3088705,0.177288219332695,0.6753246784210205,0.3137313723564148
YNL294C,YER133W,0,0.30882373,0.1772417426109314,0.6753246784210205,0.3138313889503479
YIL033C,YOL005C,0,0.3085966,0.17719528079032898,0.6753246784210205,0.313931405544281
YCL017C,YHR161C,0,0.30850208,0.17714884877204895,0.6753246784210205,0.3140313923358917
YPR188C,YLL055W,0,0.30837065,0.17710243165493011,0.6753246784210205,0.31413140892982483
YIL170W,YDL205C,0,0.3080407,0.17705604434013367,0.6753246784210205,0.31423142552375793
YDR026C,YPL074W,0,0.30704373,0.1770096868276596,0.6753246784210205,0.31433144211769104
YKR008W,YJL060W,0,0.30692786,0.17696334421634674,0.6753246784210205,0.31443142890930176
YGR032W,YNR059W,1,0.30661172,0.177178755402565,0.676323652267456,0.31443142890930176
YGR285C,YKL132C,0,0.3059517,0.17713239789009094,0.676323652267456,0.31453144550323486
YGL071W,YNR055C,0,0.30588764,0.17708605527877808,0.676323652267456,0.31463146209716797
YDR030C,YKR049C,0,0.3058514,0.1770397424697876,0.676323652267456,0.3147314786911011
YMR211W,YDR312W,0,0.30548054,0.1769934594631195,0.676323652267456,0.3148314952850342
YKR028W,YCL008C,0,0.3047275,0.1769472062587738,0.676323652267456,0.3149314820766449
YLR164W,YNR048W,0,0.30468333,0.1769009679555893,0.676323652267456,0.315031498670578
YNL164C,YOR246C,0,0.30460235,0.17685475945472717,0.676323652267456,0.3151315152645111
YGL233W,YBR162W-A,0,0.30449983,0.17680856585502625,0.676323652267456,0.3152315318584442
YLR390W,YBR087W,0,0.3043375,0.1767624020576477,0.676323652267456,0.31533151865005493
YMR227C,YOL076W,0,0.3041233,0.17671626806259155,0.676323652267456,0.31543153524398804
YPR041W,YGL162W,0,0.30402046,0.1766701489686966,0.676323652267456,0.31553155183792114
YDL141W,YDR260C,0,0.30393517,0.17662405967712402,0.676323652267456,0.31563156843185425
YER055C,YPL227C,1,0.3035789,0.17683881521224976,0.6773226857185364,0.31563156843185425
YPR011C,YDR317W,0,0.30259117,0.1767926961183548,0.6773226857185364,0.31573158502578735
YLR265C,YJL103C,0,0.30253974,0.17674660682678223,0.6773226857185364,0.31583157181739807
YMR006C,YHR092C,0,0.30237138,0.17670054733753204,0.6773226857185364,0.3159315884113312
YKL099C,YNL051W,0,0.30224136,0.17665450274944305,0.6773226857185364,0.3160316050052643
YDL225W,YNL190W,0,0.30216518,0.17660848796367645,0.6773226857185364,0.3161316215991974
YJL178C,YDR040C,0,0.30210578,0.17656250298023224,0.6773226857185364,0.3162316083908081
YOL042W,YDL006W,0,0.30129576,0.17651653289794922,0.6773226857185364,0.3163316249847412
YNL185C,YFL010W-A,0,0.30064785,0.1764705926179886,0.6773226857185364,0.3164316415786743
YJR096W,YGR076C,0,0.30000222,0.17642466723918915,0.6773226857185364,0.3165316581726074
YPR159W,YEL056W,0,0.29941854,0.1763787716627121,0.6773226857185364,0.3166316747665405
YNR040W,YMR229C,0,0.2987972,0.17633290588855743,0.6773226857185364,0.31673166155815125
YDR298C,YPL141C,0,0.2985639,0.17628705501556396,0.6773226857185364,0.31683167815208435
YOR092W,YMR137C,0,0.2984692,0.17624123394489288,0.6773226857185364,0.31693169474601746
YPL119C,YGR268C,0,0.2979775,0.176195427775383,0.6773226857185364,0.31703171133995056
YAL060W,YGR260W,0,0.29793596,0.1761496514081955,0.6773226857185364,0.31713172793388367
YBR150C,YGR263C,0,0.29785174,0.1761038899421692,0.6773226857185364,0.3172317147254944
YGR216C,YGL038C,1,0.29784316,0.17631784081459045,0.6783216595649719,0.3172317147254944
YKR066C,YJL011C,0,0.29766113,0.17627206444740295,0.6783216595649719,0.3173317313194275
YLR150W,YNL318C,0,0.29739606,0.17622631788253784,0.6783216595649719,0.3174317479133606
YCL025C,YOR061W,0,0.2971923,0.17618058621883392,0.6783216595649719,0.3175317645072937
YOL158C,YJL004C,0,0.29716188,0.1761348843574524,0.6783216595649719,0.3176317512989044
YHL027W,YEL041W,0,0.295498,0.17608921229839325,0.6783216595649719,0.3177317678928375
YNR072W,YDR362C,0,0.2950557,0.1760435551404953,0.6783216595649719,0.31783178448677063
YHR070W,YML088W,0,0.2948408,0.17599792778491974,0.6783216595649719,0.31793180108070374
YHR140W,YER176W,0,0.29483062,0.17595231533050537,0.6783216595649719,0.31803181767463684
YBR110W,YLR189C,1,0.29459357,0.17616580426692963,0.6793206930160522,0.31803181767463684
YPR034W,YLR201C,0,0.29432714,0.17612017691135406,0.6793206930160522,0.31813180446624756
YFL049W,YCL039W,0,0.29422888,0.1760745793581009,0.6793206930160522,0.31823182106018066
YML040W,YDL247W,0,0.2942137,0.1760289967060089,0.6793206930160522,0.31833183765411377
YJL168C,YMR217W,0,0.29336858,0.17598344385623932,0.6793206930160522,0.3184318542480469
YPL129W,YDR518W,0,0.2925235,0.17593790590763092,0.6793206930160522,0.3185318410396576
YDR067C,YPL195W,0,0.29180753,0.1758923977613449,0.6793206930160522,0.3186318576335907
YML124C,YIL036W,0,0.29094145,0.1758469045162201,0.6793206930160522,0.3187318742275238
YCL047C,YMR286W,0,0.2907509,0.17580144107341766,0.6793206930160522,0.3188318908214569
YGR245C,YNL020C,0,0.29042375,0.17575600743293762,0.6793206930160522,0.31893190741539
YLR409C,YJL213W,0,0.29033148,0.17571058869361877,0.6793206930160522,0.31903189420700073
YDR055W,YKL087C,0,0.29016984,0.17566519975662231,0.6793206930160522,0.31913191080093384
YJR132W,YOR301W,0,0.28972316,0.17561984062194824,0.6793206930160522,0.31923192739486694
YDL202W,YNL065W,0,0.28944564,0.17557449638843536,0.6793206930160522,0.31933194398880005
YDL065C,YGL147C,0,0.28915912,0.17552916705608368,0.6793206930160522,0.31943193078041077
YMR227C,YBR248C,0,0.2890219,0.17548386752605438,0.6793206930160522,0.31953194737434387
YNL077W,YDR341C,0,0.2890183,0.17543859779834747,0.6793206930160522,0.319631963968277
YLL062C,YBR195C,0,0.2887829,0.17539334297180176,0.6793206930160522,0.3197319805622101
YNL038W,YIL085C,1,0.2884541,0.17560598254203796,0.6803196668624878,0.3197319805622101
YDR160W,YMR240C,0,0.28845245,0.17556071281433105,0.6803196668624878,0.3198319971561432
YOR090C,YLR134W,0,0.28789854,0.17551545798778534,0.6803196668624878,0.3199319839477539
YJL101C,YDR045C,0,0.2876174,0.175470232963562,0.6803196668624878,0.320032000541687
YGL059W,YBL041W,0,0.28664476,0.17542503774166107,0.6803196668624878,0.3201320171356201
YJR117W,YIL068C,0,0.28601128,0.17537985742092133,0.6803196668624878,0.3202320337295532
YDR227W,YDR009W,0,0.28572387,0.17533470690250397,0.6803196668624878,0.32033202052116394
YOR335C,YGL251C,0,0.28523794,0.1752895712852478,0.6803196668624878,0.32043203711509705
YJL096W,YFR040W,0,0.28444034,0.17524446547031403,0.6803196668624878,0.32053205370903015
YBR291C,YDL149W,0,0.28426337,0.17519938945770264,0.6803196668624878,0.32063207030296326
YBR192W,YML032C,0,0.28419864,0.17515432834625244,0.6803196668624878,0.32073208689689636
YFR007W,YPL089C,0,0.2841273,0.17510928213596344,0.6803196668624878,0.3208320736885071
YOR142W,YDR369C,0,0.2841255,0.17506426572799683,0.6803196668624878,0.3209320902824402
YCR052W,YDL107W,0,0.28404504,0.1750192791223526,0.6803196668624878,0.3210321068763733
YMR043W,YIL154C,0,0.2838066,0.17497430741786957,0.6803196668624878,0.3211321234703064
YBL106C,YNL085W,0,0.28373724,0.17492936551570892,0.6803196668624878,0.3212321102619171
YNR040W,YOR324C,0,0.28357893,0.17488443851470947,0.6803196668624878,0.3213321268558502
YNL317W,YJL069C,0,0.28317142,0.1748395413160324,0.6803196668624878,0.3214321434497833
YMR100W,YBR191W,0,0.28287786,0.17479465901851654,0.6803196668624878,0.32153216004371643
YML082W,YDR236C,0,0.28271928,0.17474980652332306,0.6803196668624878,0.32163217663764954
YGL227W,YOR374W,0,0.28269428,0.17470498383045197,0.6803196668624878,0.32173216342926025
YCL001W,YAL026C,0,0.28265297,0.17466017603874207,0.6803196668624878,0.32183218002319336
YNL135C,YLR151C,0,0.28192908,0.17461538314819336,0.6803196668624878,0.32193219661712646
YNL199C,YFR031C,0,0.28189677,0.17457062005996704,0.6803196668624878,0.32203221321105957
YLR314C,YIL118W,0,0.2817359,0.1745258867740631,0.6803196668624878,0.3221322000026703
YOR194C,YLR300W,0,0.28119108,0.17448116838932037,0.6803196668624878,0.3222322165966034
YPL259C,YOR057W,0,0.28083324,0.17443647980690002,0.6803196668624878,0.3223322331905365
YKR048C,YNL070W,0,0.28073838,0.17439180612564087,0.6803196668624878,0.3224322497844696
YBR042C,YGR095C,0,0.28048396,0.1743471622467041,0.6803196668624878,0.3225322663784027
YOR332W,YPR111W,0,0.28021625,0.17430253326892853,0.6803196668624878,0.3226322531700134
YKR026C,YDR473C,0,0.27994823,0.17425793409347534,0.6803196668624878,0.32273226976394653
YNR017W,YMR205C,0,0.27967995,0.17421334981918335,0.6803196668624878,0.32283228635787964
YER031C,YHR057C,0,0.27950153,0.17416879534721375,0.6803196668624878,0.32293230295181274
YGR101W,YPL202C,0,0.27923727,0.17412427067756653,0.6803196668624878,0.32303228974342346
YCL016C,YKL079W,0,0.27884868,0.1740797609090805,0.6803196668624878,0.32313230633735657
YFR019W,YOL117W,0,0.2787277,0.17403526604175568,0.6803196668624878,0.3232323229312897
YGR156W,YLR060W,0,0.2781322,0.17399080097675323,0.6803196668624878,0.3233323395252228
YKL069W,YDL022W,0,0.2776509,0.17394636571407318,0.6803196668624878,0.3234323561191559
YDR252W,YMR123W,0,0.27761343,0.17390194535255432,0.6803196668624878,0.3235323429107666
YJR031C,YKL100C,0,0.277499,0.17385753989219666,0.6803196668624878,0.3236323595046997
YPL134C,YML030W,0,0.27730596,0.17381316423416138,0.6803196668624878,0.3237323760986328
YDR107C,YPL119C,0,0.27730536,0.1737688183784485,0.6803196668624878,0.3238323926925659
YML129C,YER087W,0,0.27696174,0.1737244874238968,0.6803196668624878,0.32393237948417664
YLR239C,YJL090C,0,0.2769519,0.17368018627166748,0.6803196668624878,0.32403239607810974
YPR175W,YGR154C,0,0.276635,0.17363590002059937,0.6803196668624878,0.32413241267204285
YLR440C,YMR217W,0,0.2763035,0.17359164357185364,0.6803196668624878,0.32423242926597595
YBL112C,YER068W,0,0.276035,0.1735474020242691,0.6803196668624878,0.32433244585990906
YPL189W,YER081W,0,0.27589422,0.17350319027900696,0.6803196668624878,0.3244324326515198
YER070W,YDR532C,0,0.27589387,0.173458993434906,0.6803196668624878,0.3245324492454529
YLR345W,YML058W-A,0,0.27576512,0.17341482639312744,0.6803196668624878,0.324632465839386
YAL040C,YBR026C,0,0.2750361,0.17337067425251007,0.6803196668624878,0.3247324824333191
YPL254W,YNR044W,0,0.27433556,0.1733265519142151,0.6803196668624878,0.3248324692249298
YMR184W,YPL104W,0,0.27417952,0.1732824444770813,0.6803196668624878,0.3249324858188629
YMR105C,YPL075W,0,0.27376744,0.1732383668422699,0.6803196668624878,0.325032502412796
YIR023W,YFR037C,0,0.27327216,0.1731943041086197,0.6803196668624878,0.3251325190067291
YGR082W,YJL110C,0,0.27222297,0.17315027117729187,0.6803196668624878,0.32523253560066223
YER117W,YGR057C,0,0.2721489,0.17310625314712524,0.6803196668624878,0.32533252239227295
YEL029C,YKR062W,0,0.27203834,0.173062264919281,0.6803196668624878,0.32543253898620605
YOR374W,YGR235C,0,0.27194533,0.17301829159259796,0.6803196668624878,0.32553255558013916
YGR200C,YOL032W,0,0.2718793,0.1729743480682373,0.6803196668624878,0.32563257217407227
YBL005W,YOL042W,0,0.27182648,0.17293041944503784,0.6803196668624878,0.325732558965683
YER125W,YKR052C,0,0.271268,0.17288652062416077,0.6803196668624878,0.3258325755596161
YKR006C,YJL079C,0,0.27125055,0.17284263670444489,0.6803196668624878,0.3259325921535492
YPR086W,YML081W,0,0.27116868,0.1727987825870514,0.6803196668624878,0.3260326087474823
YLR191W,YIL009C-A,0,0.27057296,0.1727549433708191,0.6803196668624878,0.3261326253414154
YML080W,YGR144W,0,0.2702875,0.17271113395690918,0.6803196668624878,0.3262326121330261
YNL172W,YKL182W,0,0.27009854,0.17266733944416046,0.6803196668624878,0.32633262872695923
YOL158C,YLR118C,0,0.26949954,0.17262357473373413,0.6803196668624878,0.32643264532089233
YDR415C,YLR396C,0,0.26902762,0.172579824924469,0.6803196668624878,0.32653266191482544
YHR023W,YPR102C,0,0.26868168,0.17253610491752625,0.6803196668624878,0.32663264870643616
YJL197W,YDR263C,0,0.26845217,0.1724923998117447,0.6803196668624878,0.32673266530036926
YER055C,YDR399W,1,0.26835495,0.17270195484161377,0.6813187003135681,0.32673266530036926
YKR093W,YCR045C,0,0.26791644,0.17265823483467102,0.6813187003135681,0.32683268189430237
YML057W,YMR136W,0,0.2673232,0.17261452972888947,0.6813187003135681,0.3269326984882355
YBR129C,YFR052W,0,0.26717043,0.1725708544254303,0.6813187003135681,0.3270327150821686
YKR097W,YLR287C-A,0,0.26687965,0.17252719402313232,0.6813187003135681,0.3271327018737793
YBR158W,YLR403W,0,0.26682982,0.17248356342315674,0.6813187003135681,0.3272327184677124
YMR257C,YDR019C,0,0.26570243,0.17243994772434235,0.6813187003135681,0.3273327350616455
YNL153C,YGL241W,0,0.26552665,0.17239636182785034,0.6813187003135681,0.3274327516555786
YGL144C,YMR173W,0,0.26537368,0.17235279083251953,0.6813187003135681,0.32753273844718933
YLR359W,YJL072C,0,0.26535037,0.1723092496395111,0.6813187003135681,0.32763275504112244
YKR077W,YGR014W,0,0.26410985,0.17226572334766388,0.6813187003135681,0.32773277163505554
YOR254C,YBR198C,0,0.26408768,0.17222222685813904,0.6813187003135681,0.32783278822898865
YER055C,YBR038W,1,0.26357365,0.17243120074272156,0.6823176741600037,0.32783278822898865
YJR075W,YNR059W,1,0.26277006,0.17264008522033691,0.683316707611084,0.32783278822898865
YOR120W,YPL147W,0,0.26266283,0.1725965142250061,0.683316707611084,0.32793280482292175
YHR033W,YLL066C,0,0.26232153,0.17255297303199768,0.683316707611084,0.32803279161453247
YDR307W,YPR183W,1,0.2623155,0.17276166379451752,0.6843156814575195,0.32803279161453247
YJL035C,YDR438W,0,0.26167306,0.1727181077003479,0.6843156814575195,0.3281328082084656
YIL011W,YNR002C,0,0.26132596,0.17267456650733948,0.6843156814575195,0.3282328248023987
YFR005C,YGR072W,0,0.26110452,0.17263105511665344,0.6843156814575195,0.3283328413963318
YBR243C,YPL057C,1,0.2610221,0.17283950746059418,0.6853147149085999,0.3283328413963318
YGL246C,YMR123W,0,0.26079032,0.17279596626758575,0.6853147149085999,0.3284328579902649
YOR251C,YJL216C,0,0.26022905,0.17275245487689972,0.6853147149085999,0.3285328447818756
YDL031W,YOL005C,0,0.26004118,0.17270895838737488,0.6853147149085999,0.3286328613758087
YGR085C,YJL078C,0,0.25983837,0.17266549170017242,0.6853147149085999,0.3287328779697418
YBR272C,YOR067C,0,0.259572,0.17262203991413116,0.6853147149085999,0.3288328945636749
YJL186W,YPL057C,1,0.2594805,0.17283019423484802,0.6863136887550354,0.3288328945636749
YDR115W,YOR222W,0,0.25928202,0.17278672754764557,0.6863136887550354,0.32893288135528564
YJL044C,YLR228C,0,0.25909948,0.1727432757616043,0.6863136887550354,0.32903289794921875
YDL144C,YML086C,0,0.25874013,0.17269985377788544,0.6863136887550354,0.32913291454315186
YCL044C,YML086C,0,0.25873345,0.17265644669532776,0.6863136887550354,0.32923293113708496
YLR347C,YKL154W,0,0.2587325,0.17261306941509247,0.6863136887550354,0.32933294773101807
YNL331C,YBR121C,0,0.25871474,0.17256970703601837,0.6863136887550354,0.3294329345226288
YPL183C,YNL073W,0,0.2586504,0.17252637445926666,0.6863136887550354,0.3295329511165619
YDL232W,YOR209C,1,0.25863665,0.1727341264486313,0.687312662601471,0.3295329511165619
YPL097W,YNL175C,0,0.2584348,0.1726907640695572,0.687312662601471,0.329632967710495
YER154W,YDR121W,0,0.25821584,0.17264743149280548,0.687312662601471,0.3297329843044281
YDR109C,YOR018W,0,0.25817764,0.17260411381721497,0.687312662601471,0.3298329710960388
YNL304W,YJR010W,0,0.25809467,0.17256082594394684,0.687312662601471,0.3299329876899719
YMR032W,YDR283C,0,0.25785792,0.1725175529718399,0.687312662601471,0.33003300428390503
YJR145C,YEL070W,0,0.2575926,0.17247430980205536,0.687312662601471,0.33013302087783813
YBR188C,YOR123C,0,0.25744644,0.172431081533432,0.687312662601471,0.33023303747177124
YMR225C,YER173W,0,0.25735456,0.17238786816596985,0.687312662601471,0.33033302426338196
YBR199W,YEL036C,1,0.25672054,0.17259518802165985,0.6883116960525513,0.33033302426338196
YPR081C,YDR507C,0,0.2565474,0.1725519597530365,0.6883116960525513,0.33043304085731506
YPL043W,YDR148C,0,0.25630486,0.17250876128673553,0.6883116960525513,0.33053305745124817
YPL013C,YMR087W,0,0.2561709,0.17246557772159576,0.6883116960525513,0.3306330740451813
YPL140C,YDR375C,0,0.25597513,0.17242242395877838,0.6883116960525513,0.330733060836792
YDR265W,YJL062W,0,0.25592032,0.1723792850971222,0.6883116960525513,0.3308330774307251
YBR160W,YDR499W,0,0.25558057,0.1723361611366272,0.6883116960525513,0.3309330940246582
YMR271C,YEL036C,1,0.25503898,0.17254313826560974,0.6893106698989868,0.3309330940246582
YOR279C,YHR174W,0,0.25492445,0.17249999940395355,0.6893106698989868,0.3310331106185913
YBR213W,YMR142C,0,0.25442064,0.17245689034461975,0.6893106698989868,0.3311331272125244
YMR139W,YFR024C-A,0,0.25417534,0.17241379618644714,0.6893106698989868,0.33123311400413513
YJR033C,YDR116C,0,0.25370353,0.17237071692943573,0.6893106698989868,0.33133313059806824
YPL126W,YHR149C,0,0.25332162,0.1723276674747467,0.6893106698989868,0.33143314719200134
YJL011C,YHR150W,0,0.2523012,0.17228464782238007,0.6893106698989868,0.33153316378593445
YJR110W,YMR005W,0,0.25148904,0.17224164307117462,0.6893106698989868,0.33163315057754517
YMR203W,YOR027W,0,0.2508601,0.17219865322113037,0.6893106698989868,0.33173316717147827
YOL151W,YLR181C,0,0.2493237,0.1721556931734085,0.6893106698989868,0.3318331837654114
YOR270C,YOL082W,0,0.24864972,0.17211274802684784,0.6893106698989868,0.3319332003593445
YDR499W,YGR229C,0,0.24857381,0.17206983268260956,0.6893106698989868,0.3320332169532776
YNL048W,YLR212C,0,0.24850246,0.17202693223953247,0.6893106698989868,0.3321332037448883
YNL094W,YBR120C,0,0.24840298,0.17198404669761658,0.6893106698989868,0.3322332203388214
YDR310C,YKL117W,0,0.24837887,0.17194119095802307,0.6893106698989868,0.3323332369327545
YNL036W,YGR295C,0,0.24827302,0.17189835011959076,0.6893106698989868,0.3324332535266876
YPL064C,YOR047C,0,0.24755567,0.17185553908348083,0.6893106698989868,0.33253324031829834
YER111C,YDR402C,0,0.24744648,0.1718127429485321,0.6893106698989868,0.33263325691223145
YER017C,YOR019W,0,0.24686605,0.17176997661590576,0.6893106698989868,0.33273327350616455
YCR094W,YDR079W,0,0.2468046,0.1717272251844406,0.6893106698989868,0.33283329010009766
YJR158W,YKL010C,0,0.24677551,0.17168450355529785,0.6893106698989868,0.33293330669403076
YPL139C,YDL229W,0,0.24645936,0.17164179682731628,0.6893106698989868,0.3330332934856415
YDR419W,YDR116C,0,0.24593866,0.1715991050004959,0.6893106698989868,0.3331333100795746
YPL001W,YOR244W,0,0.24577546,0.17155644297599792,0.6893106698989868,0.3332333266735077
YFL057C,YEL039C,0,0.24559206,0.17151379585266113,0.6893106698989868,0.3333333432674408
YGR184C,YLR224W,0,0.24508938,0.17147117853164673,0.6893106698989868,0.3334333300590515
YNL077W,YDR501W,0,0.244367,0.17142857611179352,0.6893106698989868,0.3335333466529846
YEL037C,YDR368W,0,0.24429613,0.1713859885931015,0.6893106698989868,0.3336333632469177
YDR307W,YDL095W,1,0.24326643,0.17159175872802734,0.6903097033500671,0.3336333632469177
YDR231C,YML097C,0,0.24307331,0.17154915630817413,0.6903097033500671,0.33373337984085083
YBL005W,YJL094C,0,0.242679,0.1715065836906433,0.6903097033500671,0.33383339643478394
YOL105C,YLR047C,0,0.24261224,0.17146402597427368,0.6903097033500671,0.33393338322639465
YNR002C,YGR014W,0,0.24167782,0.17142148315906525,0.6903097033500671,0.33403339982032776
YER015W,YJL121C,0,0.24090838,0.1713789701461792,0.6903097033500671,0.33413341641426086
YLR029C,YDR531W,0,0.24060982,0.17133647203445435,0.6903097033500671,0.33423343300819397
YIL018W,YGR258C,0,0.2396552,0.17129400372505188,0.6903097033500671,0.3343334197998047
YML031W,YJL216C,0,0.23932958,0.1712515503168106,0.6903097033500671,0.3344334363937378
YNL128W,YOR340C,0,0.23919481,0.17120911180973053,0.6903097033500671,0.3345334529876709
YAL043C,YMR071C,0,0.23900867,0.17116670310497284,0.6903097033500671,0.334633469581604
YER142C,YDL210W,0,0.23872337,0.17112432420253754,0.6903097033500671,0.3347334861755371
YLR425W,YDL225W,0,0.23850599,0.17108194530010223,0.6903097033500671,0.3348334729671478
YDL160C,YMR081C,0,0.23845366,0.1710396111011505,0.6903097033500671,0.33493348956108093
YER049W,YJR131W,0,0.23811719,0.1709972769021988,0.6903097033500671,0.33503350615501404
YPL149W,YFR040W,0,0.23811108,0.17095497250556946,0.6903097033500671,0.33513352274894714
YGL142C,YNL158W,1,0.23780373,0.171160027384758,0.6913086771965027,0.33513352274894714
YLR008C,YMR237W,0,0.23770118,0.17111770808696747,0.6913086771965027,0.33523350954055786
YLR418C,YBR149W,0,0.23757803,0.17107540369033813,0.6913086771965027,0.33533352613449097
YBR033W,YNL190W,0,0.2369462,0.17103311419487,0.6913086771965027,0.3354335427284241
YPR122W,YHR064C,0,0.23679543,0.17099085450172424,0.6913086771965027,0.3355335593223572
YBR002C,YBR049C,0,0.23678297,0.17094860970973969,0.6913086771965027,0.3356335759162903
YJR097W,YER177W,0,0.23609886,0.17090639472007751,0.6913086771965027,0.335733562707901
YOL065C,YML096W,0,0.23592153,0.17086419463157654,0.6913086771965027,0.3358335793018341
YGR177C,YIL096C,0,0.23591617,0.17082202434539795,0.6913086771965027,0.3359335958957672
YOL141W,YNL230C,0,0.23586833,0.17077986896038055,0.6913086771965027,0.3360336124897003
YCL034W,YNL111C,0,0.2349993,0.17073772847652435,0.6913086771965027,0.33613359928131104
YDL070W,YIL172C,0,0.23491657,0.17069560289382935,0.6913086771965027,0.33623361587524414
YOL080C,YGL137W,0,0.23472267,0.17065350711345673,0.6913086771965027,0.33633363246917725
YDR109C,YLR352W,0,0.23459804,0.1706114411354065,0.6913086771965027,0.33643364906311035
YDR247W,YNR024W,0,0.23458895,0.17056939005851746,0.6913086771965027,0.33653366565704346
YHR160C,YDL047W,0,0.23368138,0.1705273538827896,0.6913086771965027,0.3366336524486542
YPL053C,YKR058W,1,0.23356241,0.17073170840740204,0.692307710647583,0.3366336524486542
YDR108W,YDR281C,0,0.23299909,0.170689657330513,0.692307710647583,0.3367336690425873
YNL031C,YDR532C,0,0.2329801,0.17064762115478516,0.692307710647583,0.3368336856365204
YCR075C,YPL258C,0,0.23293272,0.1706056147813797,0.692307710647583,0.3369337022304535
YOL065C,YLR191W,0,0.23249608,0.17056362330913544,0.692307710647583,0.3370336890220642
YJL186W,YPR183W,1,0.23166665,0.17076770961284637,0.6933066844940186,0.3370336890220642
YJR048W,YHR167W,0,0.23160997,0.17072570323944092,0.6933066844940186,0.3371337056159973
YDL230W,YDR441C,0,0.23122922,0.17068371176719666,0.6933066844940186,0.3372337222099304
YNL038W,YLR258W,1,0.23095292,0.17088763415813446,0.6943057179450989,0.3372337222099304
YOL125W,YMR098C,0,0.23082179,0.170845627784729,0.6943057179450989,0.3373337388038635
YGR056W,YOR074C,0,0.22969791,0.17080363631248474,0.6943057179450989,0.33743375539779663
YBR069C,YGR099W,0,0.22966349,0.17076167464256287,0.6943057179450989,0.33753374218940735
YDR276C,YDL028C,0,0.229523,0.17071972787380219,0.6943057179450989,0.33763375878334045
YBL054W,YFR007W,0,0.22915965,0.1706777960062027,0.6943057179450989,0.33773377537727356
YLR007W,YMR243C,0,0.22903138,0.1706358939409256,0.6943057179450989,0.33783379197120667
YNL268W,YPL167C,0,0.22898191,0.1705940067768097,0.6943057179450989,0.3379337787628174
YLR265C,YJL141C,0,0.2287454,0.17055214941501617,0.6943057179450989,0.3380337953567505
YMR136W,YFR037C,0,0.22778472,0.17051030695438385,0.6943057179450989,0.3381338119506836
YLR201C,YEL041W,0,0.22778213,0.17046847939491272,0.6943057179450989,0.3382338285446167
YOL100W,YBR066C,0,0.2275247,0.17042668163776398,0.6943057179450989,0.3383338451385498
YIR036C,YDR087C,0,0.22750083,0.17038489878177643,0.6943057179450989,0.3384338319301605
YOR034C,YML096W,0,0.227442,0.17034313082695007,0.6943057179450989,0.33853384852409363
YBL007C,YOR206W,0,0.22736347,0.1703013926744461,0.6943057179450989,0.33863386511802673
YEL018W,YLR384C,0,0.22734684,0.17025966942310333,0.6943057179450989,0.33873388171195984
YLR413W,YLR265C,0,0.2270185,0.17021797597408295,0.6943057179450989,0.33883386850357056
YGR082W,YGR244C,0,0.2269122,0.17017629742622375,0.6943057179450989,0.33893388509750366
YHR156C,YOR065W,0,0.22650427,0.17013463377952576,0.6943057179450989,0.33903390169143677
YKL171W,YBR016W,0,0.22646916,0.17009299993515015,0.6943057179450989,0.3391339182853699
YFR045W,YPL248C,0,0.22599393,0.17005138099193573,0.6943057179450989,0.339233934879303
YKR035W-A,YNR019W,0,0.22599047,0.1700097918510437,0.6943057179450989,0.3393339216709137
YBR096W,YJR078W,0,0.22563297,0.16996820271015167,0.6943057179450989,0.3394339382648468
YDR437W,YOR320C,1,0.22519976,0.17017115652561188,0.6953046917915344,0.3394339382648468
YHR170W,YLR019W,0,0.22519153,0.17012955248355865,0.6953046917915344,0.3395339548587799
YNL001W,YDR449C,0,0.22511148,0.17008797824382782,0.6953046917915344,0.339633971452713
YDR270W,YPR063C,0,0.22509664,0.17004641890525818,0.6953046917915344,0.3397339880466461
YPR032W,YKL090W,0,0.22494292,0.17000488936901093,0.6953046917915344,0.33983397483825684
YGL238W,YBR037C,0,0.22461104,0.16996337473392487,0.6953046917915344,0.33993399143218994
YDR166C,YBL060W,0,0.22451961,0.169921875,0.6953046917915344,0.34003400802612305
YBL030C,YBR172C,0,0.22432631,0.16988040506839752,0.6953046917915344,0.34013402462005615
YKL058W,YBL051C,0,0.22407031,0.16983895003795624,0.6953046917915344,0.34023401141166687
YNL070W,YGL039W,0,0.22406405,0.16979750990867615,0.6953046917915344,0.3403340280056
YGL049C,YDR146C,0,0.22352383,0.16975609958171844,0.6953046917915344,0.3404340445995331
YLR067C,YGR279C,0,0.22341907,0.16971470415592194,0.6953046917915344,0.3405340611934662
YLR190W,YOR193W,0,0.22334301,0.16967332363128662,0.6953046917915344,0.3406340777873993
YHR190W,YOL152W,0,0.22327557,0.1696319729089737,0.6953046917915344,0.34073406457901
YDR412W,YNL291C,0,0.22252077,0.16959063708782196,0.6953046917915344,0.3408340811729431
YIL076W,YHR146W,0,0.22097391,0.16954933106899261,0.6953046917915344,0.3409340977668762
YPL134C,YOL090W,0,0.22075021,0.16950803995132446,0.6953046917915344,0.3410341143608093
YPR143W,YLR004C,0,0.22072083,0.1694667637348175,0.6953046917915344,0.34113410115242004
YJR145C,YJL114W,0,0.22065362,0.16942551732063293,0.6953046917915344,0.34123411774635315
YGL090W,YIL069C,0,0.22034183,0.16938428580760956,0.6953046917915344,0.34133413434028625
YDR196C,YJL187C,0,0.220301,0.16934306919574738,0.6953046917915344,0.34143415093421936
YMR158W,YJL125C,0,0.22016609,0.1693018674850464,0.6953046917915344,0.34153416752815247
YMR256C,YLL011W,0,0.21924034,0.16926069557666779,0.6953046917915344,0.3416341543197632
YER030W,YGR001C,0,0.21846071,0.16921955347061157,0.6953046917915344,0.3417341709136963
YDR498C,YCR046C,0,0.2183415,0.16917841136455536,0.6953046917915344,0.3418341875076294
YMR311C,YAL021C,0,0.21831408,0.16913729906082153,0.6953046917915344,0.3419342041015625
YGL170C,YPL259C,0,0.21798211,0.1690962165594101,0.6953046917915344,0.3420341908931732
YGL185C,YLR129W,0,0.2179282,0.16905513405799866,0.6953046917915344,0.3421342074871063
YNL325C,YDR083W,0,0.2178675,0.1690140813589096,0.6953046917915344,0.34223422408103943
YJR104C,YBL054W,0,0.21784925,0.16897305846214294,0.6953046917915344,0.34233424067497253
YFR010W,YBR149W,0,0.21731961,0.16893203556537628,0.6953046917915344,0.34243425726890564
YPL223C,YOR304W,0,0.21680054,0.168891042470932,0.6953046917915344,0.34253424406051636
YDL205C,YIL052C,0,0.21664739,0.16885007917881012,0.6953046917915344,0.34263426065444946
YLR442C,YNR048W,0,0.21655813,0.16880911588668823,0.6953046917915344,0.34273427724838257
YDR531W,YOL029C,0,0.21638548,0.16876818239688873,0.6953046917915344,0.3428342938423157
YOL086C,YGL053W,0,0.21618605,0.16872727870941162,0.6953046917915344,0.3429342806339264
YNL330C,YER185W,0,0.21575573,0.1686863750219345,0.6953046917915344,0.3430342972278595
YER013W,YHR142W,0,0.21557724,0.16864550113677979,0.6953046917915344,0.3431343138217926
YLR209C,YBR070C,1,0.21487325,0.16884690523147583,0.6963037252426147,0.3431343138217926
YNR035C,YOR301W,0,0.21480101,0.16880600154399872,0.6963037252426147,0.3432343304157257
YOL104C,YOL084W,0,0.21475998,0.168765127658844,0.6963037252426147,0.3433343470096588
YMR002W,YOL117W,0,0.21466666,0.16872428357601166,0.6963037252426147,0.34343433380126953
YHR024C,YMR172W,0,0.21447769,0.16868343949317932,0.6963037252426147,0.34353435039520264
YOR294W,YDL209C,0,0.21430135,0.16864262521266937,0.6963037252426147,0.34363436698913574
YDR121W,YJL071W,0,0.21235752,0.1686018407344818,0.6963037252426147,0.34373438358306885
YFL044C,YHR111W,0,0.2120738,0.16856107115745544,0.6963037252426147,0.34383437037467957
YPR008W,YDL006W,0,0.21186414,0.16852031648159027,0.6963037252426147,0.34393438696861267
YJR102C,YOR124C,0,0.211393,0.1684795767068863,0.6963037252426147,0.3440344035625458
YBL028C,YGR184C,0,0.21131203,0.1684388667345047,0.6963037252426147,0.3441344201564789
YLR183C,YER050C,0,0.21129441,0.1683981567621231,0.6963037252426147,0.344234436750412
YJL073W,YER123W,0,0.21120852,0.1683574914932251,0.6963037252426147,0.3443344235420227
YBR150C,YDR256C,0,0.21113968,0.1683168262243271,0.6963037252426147,0.3444344401359558
YDL031W,YDR315C,0,0.21050856,0.16827619075775146,0.6963037252426147,0.3445344567298889
YOR232W,YMR186W,0,0.21019965,0.16823558509349823,0.6963037252426147,0.344634473323822
YLR016C,YGL076C,0,0.20911515,0.168194979429245,0.6963037252426147,0.34473446011543274
YOL133W,YER028C,0,0.20875949,0.16815440356731415,0.6963037252426147,0.34483447670936584
YJL221C,YOR372C,0,0.2085115,0.1681138426065445,0.6963037252426147,0.34493449330329895
YPL140C,YDR166C,0,0.2084164,0.16807331144809723,0.6963037252426147,0.34503450989723206
YAL034W-A,YBR162C,0,0.20815307,0.16803278028964996,0.6963037252426147,0.34513452649116516
YBR248C,YDR483W,1,0.20798609,0.16823330521583557,0.6973026990890503,0.34513452649116516
YBR212W,YDR531W,0,0.20792496,0.1681927740573883,0.6973026990890503,0.3452345132827759
YJR118C,YPR036W,0,0.20785066,0.16815225780010223,0.6973026990890503,0.345334529876709
YBR245C,YBR029C,0,0.20764309,0.16811175644397736,0.6973026990890503,0.3454345464706421
YGL219C,YHL021C,0,0.20754665,0.16807126998901367,0.6973026990890503,0.3455345630645752
YNL133C,YDR251W,0,0.20726153,0.16803081333637238,0.6973026990890503,0.3456345498561859
YMR080C,YKL005C,0,0.20716417,0.16799037158489227,0.6973026990890503,0.345734566450119
YAL056W,YOL132W,0,0.20716298,0.16794994473457336,0.6973026990890503,0.3458345830440521
YPR080W,YDR108W,0,0.20677057,0.16790954768657684,0.6973026990890503,0.34593459963798523
YDL024C,YJR139C,0,0.2061368,0.16786916553974152,0.6973026990890503,0.34603461623191833
YJR004C,YDR251W,0,0.20605695,0.16782879829406738,0.6973026990890503,0.34613460302352905
YMR227C,YBR067C,0,0.20567423,0.16778846085071564,0.6973026990890503,0.34623461961746216
YDR441C,YKL081W,0,0.20549089,0.16774813830852509,0.6973026990890503,0.34633463621139526
YLR056W,YPL113C,0,0.20499307,0.16770783066749573,0.6973026990890503,0.34643465280532837
YMR071C,YPR105C,0,0.20473418,0.16766755282878876,0.6973026990890503,0.3465346395969391
YOL071W,YAL016W,0,0.20472407,0.1676272749900818,0.6973026990890503,0.3466346561908722
YBL082C,YNL192W,1,0.20467743,0.16782712936401367,0.6983016729354858,0.3466346561908722
YGR060W,YGR112W,0,0.20461869,0.1677868515253067,0.6983016729354858,0.3467346727848053
YMR081C,YKL173W,0,0.20445865,0.16774657368659973,0.6983016729354858,0.3468346893787384
YMR076C,YMR205C,0,0.20441043,0.16770634055137634,0.6983016729354858,0.3469347059726715
YGL093W,YCL059C,0,0.20426255,0.16766610741615295,0.6983016729354858,0.3470346927642822
YKR030W,YGL031C,0,0.20387608,0.16762590408325195,0.6983016729354858,0.34713470935821533
YER111C,YFL010W-A,0,0.20378792,0.16758571565151215,0.6983016729354858,0.34723472595214844
YDR478W,YOR236W,0,0.2037704,0.16754554212093353,0.6983016729354858,0.34733474254608154
YKL061W,YOL156W,0,0.2033025,0.1675053983926773,0.6983016729354858,0.34743472933769226
YHL047C,YLR075W,0,0.20272592,0.16746525466442108,0.6983016729354858,0.34753474593162537
YGR116W,YLR286C,0,0.20260143,0.16742515563964844,0.6983016729354858,0.34763476252555847
YER040W,YPL194W,0,0.2025848,0.1673850566148758,0.6983016729354858,0.3477347791194916
YPL013C,YBR059C,0,0.20253897,0.16734498739242554,0.6983016729354858,0.3478347957134247
YLR139C,YKL011C,0,0.20232761,0.16730493307113647,0.6983016729354858,0.3479347825050354
YDR168W,YHR061C,0,0.20194471,0.1672648936510086,0.6983016729354858,0.3480347990989685
YLR371W,YFR045W,0,0.20143455,0.16722488403320312,0.6983016729354858,0.3481348156929016
YJR004C,YEL036C,0,0.20141229,0.16718488931655884,0.6983016729354858,0.3482348322868347
YOR273C,YLR001C,0,0.20116365,0.16714490950107574,0.6983016729354858,0.34833481907844543
YDR476C,YOL117W,0,0.20103326,0.16710494458675385,0.6983016729354858,0.34843483567237854
YFR045W,YJL098W,0,0.2008169,0.16706500947475433,0.6983016729354858,0.34853485226631165
YPR160W,YPR184W,1,0.20034838,0.16726404428482056,0.6993007063865662,0.34853485226631165
YDR456W,YDL008W,0,0.1991764,0.16722407937049866,0.6993007063865662,0.34863486886024475
YOR239W,YDR299W,0,0.19916525,0.16718414425849915,0.6993007063865662,0.34873488545417786
YHR214W,YIL128W,0,0.19908804,0.16714422404766083,0.6993007063865662,0.3488348722457886
YML107C,YLR042C,0,0.19895366,0.1671043187379837,0.6993007063865662,0.3489348888397217
YIL019W,YOR142W,0,0.19889164,0.16706444323062897,0.6993007063865662,0.3490349054336548
YKL006C-A,YDL008W,0,0.19838163,0.16702458262443542,0.6993007063865662,0.3491349220275879
YPL122C,YMR261C,0,0.19828084,0.16698473691940308,0.6993007063865662,0.3492349088191986
YML100W,YGL047W,1,0.19804007,0.16718339920043945,0.7002996802330017,0.3492349088191986
YGL067W,YDR256C,0,0.19801843,0.1671435385942459,0.7002996802330017,0.3493349254131317
YDL084W,YGR193C,0,0.19770181,0.16710369288921356,0.7002996802330017,0.3494349420070648
YBL089W,YPR081C,0,0.1975413,0.1670638769865036,0.7002996802330017,0.3495349586009979
YKR056W,YDL082W,0,0.19734198,0.16702406108379364,0.7002996802330017,0.34963497519493103
YEL029C,YDL170W,0,0.19725937,0.16698427498340607,0.7002996802330017,0.34973496198654175
YGL155W,YJL058C,0,0.19677776,0.1669445037841797,0.7002996802330017,0.34983497858047485
YML106W,YDL061C,0,0.19649705,0.1669047623872757,0.7002996802330017,0.34993499517440796
YEL043W,YOR299W,0,0.19616464,0.1668650358915329,0.7002996802330017,0.35003501176834106
YOL019W,YDR093W,0,0.19559598,0.1668253242969513,0.7002996802330017,0.35013502836227417
YBR015C,YGL226C-A,1,0.1954939,0.16702355444431305,0.701298713684082,0.35013502836227417
YNL178W,YOR216C,0,0.19477531,0.16698382794857025,0.701298713684082,0.3502350151538849
YER055C,YNL158W,1,0.19457522,0.16718192398548126,0.7022976875305176,0.3502350151538849
YBL023C,YBL091C,0,0.19452134,0.16714218258857727,0.7022976875305176,0.350335031747818
YNL223W,YOR222W,0,0.19430691,0.16710244119167328,0.7022976875305176,0.3504350483417511
YJL124C,YNL096C,0,0.19419059,0.16706274449825287,0.7022976875305176,0.3505350649356842
YFR018C,YNL330C,0,0.19417971,0.16702304780483246,0.7022976875305176,0.3506350517272949
YBR038W,YML022W,1,0.19412854,0.16722090542316437,0.7032967209815979,0.3506350517272949
YGR262C,YLL034C,0,0.1939426,0.16718119382858276,0.7032967209815979,0.350735068321228
YJL089W,YBL076C,0,0.19387498,0.16714149713516235,0.7032967209815979,0.35083508491516113
YMR247C,YHL021C,0,0.19371283,0.16710183024406433,0.7032967209815979,0.35093510150909424
YDR328C,YDL231C,0,0.19331434,0.1670621782541275,0.7032967209815979,0.35103511810302734
YLR246W,YNR038W,0,0.19306782,0.16702254116535187,0.7032967209815979,0.35113510489463806
YBL024W,YNL330C,0,0.19290185,0.16698291897773743,0.7032967209815979,0.35123512148857117
YOR071C,YOR323C,0,0.19267881,0.16694332659244537,0.7032967209815979,0.3513351380825043
YJL128C,YMR004W,0,0.19260007,0.16690374910831451,0.7032967209815979,0.3514351546764374
YPL042C,YNL190W,0,0.1920284,0.16686418652534485,0.7032967209815979,0.3515351414680481
YKR077W,YGR072W,0,0.19196218,0.16682463884353638,0.7032967209815979,0.3516351580619812
YCR060W,YLR433C,0,0.19193166,0.1667851209640503,0.7032967209815979,0.3517351746559143
YNR016C,YEL054C,0,0.19158006,0.1667456179857254,0.7032967209815979,0.3518351912498474
YML055W,YMR195W,0,0.19134748,0.1667061299085617,0.7032967209815979,0.3519352078437805
YPR160W,YBR161W,1,0.19080305,0.16690340638160706,0.7042956948280334,0.3519352078437805
YBL020W,YIL005W,0,0.18995544,0.16686390340328217,0.7042956948280334,0.35203519463539124
YEL015W,YJL178C,0,0.18959135,0.16682441532611847,0.7042956948280334,0.35213521122932434
YEL021W,YJR118C,0,0.18940493,0.16678495705127716,0.7042956948280334,0.35223522782325745
YJL005W,YDR260C,0,0.18931079,0.16674549877643585,0.7042956948280334,0.35233524441719055
YDL211C,YJR052W,0,0.188856,0.16670607030391693,0.7042956948280334,0.35243523120880127
YNR004W,YOR067C,0,0.18876177,0.1666666716337204,0.7042956948280334,0.3525352478027344
YBR004C,YPR183W,1,0.1886011,0.16686362028121948,0.7052947282791138,0.3525352478027344
YMR257C,YDR503C,0,0.18847615,0.16682419180870056,0.7052947282791138,0.3526352643966675
YDR117C,YIL007C,0,0.18782929,0.16678479313850403,0.7052947282791138,0.3527352809906006
YHL028W,YFR040W,0,0.18778706,0.1667453944683075,0.7052947282791138,0.3528352975845337
YHR136C,YDR425W,0,0.18768448,0.16670602560043335,0.7052947282791138,0.3529352843761444
YOR159C,YNL118C,0,0.18752187,0.1666666716337204,0.7052947282791138,0.3530353009700775
YPR182W,YLR197W,0,0.18646392,0.16662733256816864,0.7052947282791138,0.3531353175640106
YDR500C,YJL097W,0,0.18627581,0.16658800840377808,0.7052947282791138,0.3532353341579437
YNR050C,YER099C,0,0.18616268,0.1665487140417099,0.7052947282791138,0.35333532094955444
YDR440W,YDR423C,0,0.18590826,0.16650943458080292,0.7052947282791138,0.35343533754348755
YOR159C,YPL169C,0,0.1858271,0.16647017002105713,0.7052947282791138,0.35353535413742065
YJL033W,YCL018W,0,0.18537986,0.16643093526363373,0.7052947282791138,0.35363537073135376
YPR174C,YOL009C,0,0.18494561,0.16639170050621033,0.7052947282791138,0.35373538732528687
YHL032C,YBR188C,0,0.1848008,0.16635249555110931,0.7052947282791138,0.3538353741168976
YPL106C,YMR172W,0,0.18453005,0.1663133054971695,0.7052947282791138,0.3539353907108307
YNR059W,YML022W,1,0.18354681,0.16650965809822083,0.7062937021255493,0.3539353907108307
YJL190C,YGR134W,0,0.183415,0.1664704531431198,0.7062937021255493,0.3540354073047638
YGL161C,YPL106C,0,0.18330958,0.16643126308918,0.7062937021255493,0.3541354238986969
YGR063C,YIL021W,0,0.1832639,0.16639208793640137,0.7062937021255493,0.3542354106903076
YBL068W,YIL120W,0,0.18290943,0.16635294258594513,0.7062937021255493,0.3543354272842407
YOR275C,YMR250W,0,0.1828726,0.16631381213665009,0.7062937021255493,0.35443544387817383
YER087W,YIL120W,0,0.18247357,0.16627469658851624,0.7062937021255493,0.35453546047210693
YBR162C,YDR131C,0,0.18226242,0.16623559594154358,0.7062937021255493,0.35463547706604004
YBL091C-A,YNR052C,0,0.18218881,0.1661965250968933,0.7062937021255493,0.35473546385765076
YLR209C,YPL227C,1,0.1816569,0.1663924753665924,0.7072927355766296,0.35473546385765076
YGL049C,YDL028C,0,0.18162757,0.16635338962078094,0.7072927355766296,0.35483548045158386
YER007C-A,YLR042C,0,0.1815061,0.16631430387496948,0.7072927355766296,0.35493549704551697
YFR047C,YNL158W,1,0.1814704,0.16651010513305664,0.7082917094230652,0.35493549704551697
YIL153W,YLR450W,0,0.18130744,0.16647100448608398,0.7082917094230652,0.3550355136394501
YCR047C,YPR191W,0,0.18098623,0.16643191874027252,0.7082917094230652,0.3551355004310608
YPR080W,YIL138C,0,0.18094283,0.16639286279678345,0.7082917094230652,0.3552355170249939
YLR377C,YAL021C,0,0.18044502,0.16635382175445557,0.7082917094230652,0.355335533618927
YER095W,YBR257W,0,0.18039209,0.16631479561328888,0.7082917094230652,0.3554355502128601
YNL010W,YOR009W,0,0.17999798,0.16627579927444458,0.7082917094230652,0.3555355668067932
YJR054W,YMR295C,0,0.17943108,0.16623681783676147,0.7082917094230652,0.35563555359840393
YPL207W,YER007C-A,0,0.1790281,0.16619783639907837,0.7082917094230652,0.35573557019233704
YIL009W,YPR100W,0,0.17885727,0.16615889966487885,0.7082917094230652,0.35583558678627014
YOR075W,YPL040C,0,0.1786384,0.16611996293067932,0.7082917094230652,0.35593560338020325
YJL129C,YOL032W,0,0.1784969,0.16608105599880219,0.7082917094230652,0.35603559017181396
YMR308C,YGR193C,0,0.1780687,0.16604214906692505,0.7082917094230652,0.35613560676574707
YDR103W,YHL019C,0,0.17739898,0.1660032719373703,0.7082917094230652,0.3562356233596802
YNL206C,YDR301W,0,0.1769898,0.16596442461013794,0.7082917094230652,0.3563356399536133
YPR194C,YPR198W,0,0.17698884,0.16592557728290558,0.7082917094230652,0.3564356565475464
YDR492W,YJL176C,0,0.17696679,0.1658867597579956,0.7082917094230652,0.3565356433391571
YBR049C,YNL066W,0,0.17676744,0.16584795713424683,0.7082917094230652,0.3566356599330902
YHR128W,YBR248C,1,0.17662352,0.16604302823543549,0.7092906832695007,0.3566356599330902
YDR023W,YER139C,0,0.17584974,0.1660042107105255,0.7092906832695007,0.3567356765270233
YBL082C,YOR002W,1,0.17570859,0.16619916260242462,0.710289716720581,0.3567356765270233
YPR184W,YJR133W,1,0.17503235,0.16639401018619537,0.7112886905670166,0.3567356765270233
YOR369C,YBR192W,0,0.17489415,0.16635513305664062,0.7112886905670166,0.3568356931209564
YLR106C,YHL004W,0,0.1744346,0.16631628572940826,0.7112886905670166,0.35693567991256714
YOL031C,YJR096W,0,0.17385405,0.1662774384021759,0.7112886905670166,0.35703569650650024
YDR268W,YIL062C,0,0.17360058,0.16623862087726593,0.7112886905670166,0.35713571310043335
YDR456W,YIL145C,0,0.17348978,0.16619981825351715,0.7112886905670166,0.35723572969436646
YDR276C,YBR040W,0,0.17342567,0.16616103053092957,0.7112886905670166,0.35733574628829956
YBR279W,YOL101C,0,0.17321724,0.16612225770950317,0.7112886905670166,0.3574357330799103
YBR070C,YOR149C,1,0.17251766,0.16631677746772766,0.7122877240180969,0.3574357330799103
YOL149W,YHR175W,0,0.17211777,0.16627798974514008,0.7122877240180969,0.3575357496738434
YMR006C,YDR088C,0,0.17192703,0.16623921692371368,0.7122877240180969,0.3576357662677765
YKR058W,YGR227W,1,0.17148194,0.16643357276916504,0.7132866978645325,0.3576357662677765
YGR169C,YDL138W,0,0.17104715,0.16639478504657745,0.7132866978645325,0.3577357828617096
YCL039W,YOL077C,0,0.16970769,0.16635601222515106,0.7132866978645325,0.3578357696533203
YMR295C,YDR019C,0,0.1693393,0.16631725430488586,0.7132866978645325,0.3579357862472534
YGR032W,YLR189C,1,0.16926825,0.1665114164352417,0.7142857313156128,0.3579357862472534
YLR015W,YOL156W,0,0.16907468,0.1664726436138153,0.7142857313156128,0.3580358028411865
YJL189W,YCR098C,0,0.16895258,0.1664338856935501,0.7142857313156128,0.35813581943511963
YML019W,YOR149C,1,0.16875511,0.1666278839111328,0.7152847051620483,0.35813581943511963
YBR279W,YKL172W,0,0.16867167,0.16658911108970642,0.7152847051620483,0.35823583602905273
YMR008C,YDR405W,0,0.16865754,0.16655035316944122,0.7152847051620483,0.35833582282066345
YIR032C,YNL281W,0,0.16855976,0.1665116250514984,0.7152847051620483,0.35843583941459656
YEL058W,YGR003W,0,0.16855532,0.1664729118347168,0.7152847051620483,0.35853585600852966
YNL339C,YGR202C,0,0.16854742,0.16643421351909637,0.7152847051620483,0.35863587260246277
YGL107C,YCL057W,0,0.16838777,0.16639554500579834,0.7152847051620483,0.3587358593940735
YPL111W,YER056C,0,0.16836578,0.1663568764925003,0.7152847051620483,0.3588358759880066
YIL155C,YDR140W,0,0.16828161,0.16631823778152466,0.7152847051620483,0.3589358925819397
YJL214W,YMR061W,0,0.16816217,0.1662796139717102,0.7152847051620483,0.3590359091758728
YGL233W,YPL271W,0,0.16758183,0.16624100506305695,0.7152847051620483,0.3591359257698059
YPR190C,YDL189W,0,0.16738027,0.16620241105556488,0.7152847051620483,0.3592359125614166
YPL273W,YGR292W,0,0.1671448,0.1661638468503952,0.7152847051620483,0.35933592915534973
YML009C,YDR174W,0,0.16696477,0.16612528264522552,0.7152847051620483,0.35943594574928284
YCR005C,YOR377W,0,0.1668886,0.16608674824237823,0.7152847051620483,0.35953596234321594
YER020W,YER177W,0,0.1667481,0.16604824364185333,0.7152847051620483,0.35963594913482666
YOR317W,YKL117W,0,0.16667223,0.16600973904132843,0.7152847051620483,0.35973596572875977
YNL038W,YDR307W,1,0.16650787,0.1662030667066574,0.7162837386131287,0.35973596572875977
YCR072C,YDR470C,0,0.1656932,0.1661645472049713,0.7162837386131287,0.35983598232269287
YFL045C,YDR243C,0,0.16550231,0.1661260426044464,0.7162837386131287,0.359935998916626
YBR080C,YNL167C,0,0.16534021,0.1660875678062439,0.7162837386131287,0.3600360155105591
YGL232W,YFL038C,0,0.16420346,0.16604909300804138,0.7162837386131287,0.3601360023021698
YPR160W,YPR183W,1,0.16392082,0.16624218225479126,0.7172827124595642,0.3601360023021698
YMR043W,YAL031C,0,0.16345549,0.16620370745658875,0.7172827124595642,0.3602360188961029
YPR198W,YBR089C-A,0,0.16332924,0.16616523265838623,0.7172827124595642,0.360336035490036
YHR206W,YLR283W,0,0.1632796,0.1661267876625061,0.7172827124595642,0.3604360520839691
YCR021C,YFR008W,0,0.16322386,0.16608835756778717,0.7172827124595642,0.36053603887557983
YLR239C,YNL216W,0,0.16257137,0.16604995727539062,0.7172827124595642,0.36063605546951294
YDL115C,YLR032W,0,0.16247302,0.16601155698299408,0.7172827124595642,0.36073607206344604
YOR049C,YOR138C,0,0.16223583,0.16597318649291992,0.7172827124595642,0.36083608865737915
YIL019W,YCL057W,0,0.16212112,0.16593483090400696,0.7172827124595642,0.36093610525131226
YJR048W,YMR223W,0,0.16186625,0.1658964902162552,0.7172827124595642,0.361036092042923
YMR071C,YOR283W,0,0.16163495,0.1658581644296646,0.7172827124595642,0.3611361086368561
YPR144C,YER029C,0,0.16106534,0.16581986844539642,0.7172827124595642,0.3612361252307892
YCL061C,YDR405W,0,0.1609135,0.16578157246112823,0.7172827124595642,0.3613361418247223
YNL188W,YBR012W-B,0,0.16017814,0.16574330627918243,0.7172827124595642,0.3614361584186554
YBR142W,YPL208W,0,0.15969363,0.16570505499839783,0.7172827124595642,0.3615361452102661
YML028W,YNL175C,0,0.15915796,0.16566681861877441,0.7172827124595642,0.3616361618041992
YPL203W,YDL189W,0,0.15906602,0.1656285971403122,0.7172827124595642,0.3617361783981323
YJL176C,YNL044W,0,0.15896381,0.16559040546417236,0.7172827124595642,0.36183619499206543
YOR389W,YGR040W,0,0.1589388,0.16555222868919373,0.7172827124595642,0.36193618178367615
YHL025W,YOR334W,0,0.15881087,0.16551406681537628,0.7172827124595642,0.36203619837760925
YPR021C,YNL262W,0,0.15845098,0.16547591984272003,0.7172827124595642,0.36213621497154236
YOR378W,YMR110C,0,0.15840197,0.16543778777122498,0.7172827124595642,0.36223623156547546
YJR096W,YGR040W,0,0.15835586,0.1653996706008911,0.7172827124595642,0.36233624815940857
YLR141W,YDL030W,0,0.1577796,0.16536158323287964,0.7172827124595642,0.3624362349510193
YOL155C,YJL103C,0,0.15716976,0.16532351076602936,0.7172827124595642,0.3625362515449524
YHR215W,YDR499W,0,0.15679,0.16528545320034027,0.7172827124595642,0.3626362681388855
YAL056W,YNL091W,0,0.15623833,0.16524741053581238,0.7172827124595642,0.3627362847328186
YGR012W,YOL107W,0,0.15587667,0.16520938277244568,0.7172827124595642,0.3628362715244293
YMR056C,YOL144W,0,0.15505776,0.16517138481140137,0.7172827124595642,0.3629362881183624
YML127W,YLR037C,0,0.15492292,0.16513340175151825,0.7172827124595642,0.36303630471229553
YGR283C,YJL133W,0,0.15483049,0.16509541869163513,0.7172827124595642,0.36313632130622864
YDR501W,YER055C,0,0.1546064,0.1650574654340744,0.7172827124595642,0.36323633790016174
YNL080C,YEL030W,0,0.15401801,0.16501954197883606,0.7172827124595642,0.36333632469177246
YNL128W,YDL007W,0,0.15387022,0.16498161852359772,0.7172827124595642,0.36343634128570557
YPL175W,YGR061C,0,0.15385026,0.16494370996952057,0.7172827124595642,0.36353635787963867
YNR017W,YFR007W,0,0.15380271,0.1649058312177658,0.7172827124595642,0.3636363744735718
YBR289W,YHR171W,0,0.1537076,0.16486796736717224,0.7172827124595642,0.3637363612651825
YDL225W,YLL016W,0,0.1533139,0.16483011841773987,0.7172827124595642,0.3638363778591156
YOR138C,YOL154W,0,0.15322778,0.1647922843694687,0.7172827124595642,0.3639363944530487
YGR032W,YPR183W,1,0.15164399,0.16498394310474396,0.7182817459106445,0.3639363944530487
YGL106W,YDL149W,0,0.15125936,0.16494609415531158,0.7182817459106445,0.3640364110469818
YAR015W,YMR078C,0,0.15070757,0.1649082601070404,0.7182817459106445,0.3641364276409149
YDR439W,YAL022C,0,0.15045401,0.16487044095993042,0.7182817459106445,0.36423641443252563
YNL192W,YMR283C,1,0.15000573,0.16506189107894897,0.7192807197570801,0.36423641443252563
YKL034W,YNL044W,0,0.14912689,0.165024071931839,0.7192807197570801,0.36433643102645874
YJR013W,YKR058W,1,0.14909771,0.165215402841568,0.7202796936035156,0.36433643102645874
YGR218W,YLR249W,0,0.14909586,0.16517755389213562,0.7202796936035156,0.36443644762039185
YDR444W,YPR156C,0,0.14901057,0.16513971984386444,0.7202796936035156,0.36453646421432495
YDL246C,YDR320C,0,0.14898473,0.16510190069675446,0.7202796936035156,0.36463645100593567
YNL068C,YGL111W,0,0.1487141,0.16506409645080566,0.7202796936035156,0.3647364675998688
YHR142W,YOR290C,0,0.148463,0.16502632200717926,0.7202796936035156,0.3648364841938019
YFR003C,YIL108W,0,0.14829686,0.16498856246471405,0.7202796936035156,0.364936500787735
YML030W,YER155C,0,0.14811246,0.16495081782341003,0.7202796936035156,0.3650365173816681
YOR217W,YMR063W,0,0.14800128,0.1649130880832672,0.7202796936035156,0.3651365041732788
YPL196W,YPL253C,0,0.14747673,0.16487537324428558,0.7202796936035156,0.3652365207672119
YBL100W-B,YBR097W,0,0.14741337,0.16483767330646515,0.7202796936035156,0.365336537361145
YKL124W,YFL001W,0,0.14701423,0.1648000031709671,0.7202796936035156,0.3654365539550781
YLR105C,YKL195W,0,0.14662653,0.16476233303546906,0.7202796936035156,0.36553654074668884
YBR080C,YDL061C,0,0.14631537,0.1647246927022934,0.7202796936035156,0.36563655734062195
YNL041C,YDR032C,0,0.14597431,0.16468706727027893,0.7202796936035156,0.36573657393455505
YNL172W,YEL001C,0,0.14557698,0.16464945673942566,0.7202796936035156,0.36583659052848816
YBR231C,YPR194C,0,0.1451424,0.16461187601089478,0.7202796936035156,0.36593660712242126
YDL208W,YKL114C,0,0.14492851,0.1645742952823639,0.7202796936035156,0.366036593914032
YER149C,YMR017W,0,0.14427094,0.1645367443561554,0.7202796936035156,0.3661366105079651
YHR037W,YJL167W,0,0.14419536,0.1644992083311081,0.7202796936035156,0.3662366271018982
YLR079W,YKR049C,0,0.14404249,0.1644616723060608,0.7202796936035156,0.3663366436958313
YDR110W,YJR131W,0,0.14303988,0.16442416608333588,0.7202796936035156,0.366436630487442
YEL017C-A,YER046W,0,0.14291815,0.16438668966293335,0.7202796936035156,0.3665366470813751
YOL095C,YIL014W,0,0.14262351,0.16434921324253082,0.7202796936035156,0.3666366636753082
YDR531W,YMR315W,0,0.14252484,0.16431176662445068,0.7202796936035156,0.36673668026924133
YMR013C,YPR054W,0,0.142042,0.16427432000637054,0.7202796936035156,0.36683669686317444
YML096W,YJR112W,0,0.14183265,0.1642369031906128,0.7202796936035156,0.36693668365478516
YKR061W,YGL226C-A,1,0.14138588,0.1644272357225418,0.721278727054596,0.36693668365478516
YDL202W,YNL335W,0,0.14135073,0.16438980400562286,0.721278727054596,0.36703670024871826
YER095W,YMR037C,0,0.14128685,0.16435237228870392,0.721278727054596,0.36713671684265137
YHR205W,YOL077C,0,0.14115568,0.16431497037410736,0.721278727054596,0.3672367334365845
YDL017W,YGL123W,0,0.14097147,0.164277583360672,0.721278727054596,0.3673367202281952
YFL056C,YDL190C,0,0.14071028,0.16424021124839783,0.721278727054596,0.3674367368221283
YAL002W,YMR186W,0,0.14070551,0.16420286893844604,0.721278727054596,0.3675367534160614
YCR086W,YNL101W,0,0.14026833,0.16416552662849426,0.721278727054596,0.3676367700099945
YOR080W,YDR308C,0,0.14014271,0.16412821412086487,0.721278727054596,0.3677367866039276
YKL182W,YIL101C,0,0.13996534,0.16409091651439667,0.721278727054596,0.36783677339553833
YDR465C,YBR156C,0,0.13963556,0.16405361890792847,0.721278727054596,0.36793678998947144
YIR009W,YML132W,0,0.13905475,0.16401635110378265,0.721278727054596,0.36803680658340454
YLR234W,YDL031W,0,0.13869025,0.16397909820079803,0.721278727054596,0.36813682317733765
YIL132C,YPR047W,0,0.13830486,0.1639418751001358,0.721278727054596,0.36823680996894836
YPR168W,YDL080C,0,0.13822332,0.16390465199947357,0.721278727054596,0.36833682656288147
YDL166C,YLR009W,0,0.13807821,0.16386745870113373,0.721278727054596,0.3684368431568146
YOR353C,YER151C,0,0.13801312,0.16383026540279388,0.721278727054596,0.3685368597507477
YOR292C,YBR009C,0,0.13785511,0.16379310190677643,0.721278727054596,0.3686368763446808
YBR231C,YAL048C,0,0.1376586,0.16375595331192017,0.721278727054596,0.3687368631362915
YDL056W,YNL217W,0,0.13760318,0.1637188196182251,0.721278727054596,0.3688368797302246
YKL017C,YDR353W,0,0.13734308,0.16368170082569122,0.721278727054596,0.3689368963241577
YGL071W,YBR114W,0,0.1372078,0.16364461183547974,0.721278727054596,0.3690369129180908
YKR034W,YJL179W,0,0.13664752,0.16360752284526825,0.721278727054596,0.36913689970970154
YDL148C,YMR228W,0,0.13660379,0.16357046365737915,0.721278727054596,0.36923691630363464
YKL155C,YGL147C,0,0.13639863,0.16353340446949005,0.721278727054596,0.36933693289756775
YKL138C,YOR330C,0,0.13639729,0.16349637508392334,0.721278727054596,0.36943694949150085
YHR117W,YHR064C,0,0.13564989,0.16345936059951782,0.721278727054596,0.36953696608543396
YHR037W,YLR120C,0,0.13505085,0.1634223610162735,0.721278727054596,0.3696369528770447
YDR404C,YKL198C,0,0.13465802,0.16338537633419037,0.721278727054596,0.3697369694709778
YCR040W,YNL044W,0,0.13463658,0.16334842145442963,0.721278727054596,0.3698369860649109
YLR001C,YKL126W,0,0.13453686,0.16331146657466888,0.721278727054596,0.369937002658844
YLR160C,YNL286W,0,0.13427271,0.16327454149723053,0.721278727054596,0.3700369894504547
YDR441C,YBR038W,1,0.13386092,0.16346371173858643,0.7222777009010315,0.3700369894504547
YGL128C,YJR029W,0,0.13367626,0.16342675685882568,0.7222777009010315,0.3701370060443878
YNL180C,YBL024W,0,0.1336142,0.16338983178138733,0.7222777009010315,0.3702370226383209
YHR193C,YIL134W,0,0.13327023,0.16335292160511017,0.7222777009010315,0.37033703923225403
YJL187C,YGR027C,0,0.13284999,0.163316011428833,0.7222777009010315,0.37043705582618713
YLR079W,YKL085W,0,0.13242465,0.16327913105487823,0.7222777009010315,0.37053704261779785
YDR523C,YJR121W,0,0.13173501,0.16324226558208466,0.7222777009010315,0.37063705921173096
YOR037W,YJR120W,0,0.1316658,0.16320541501045227,0.7222777009010315,0.37073707580566406
YPL235W,YGR103W,0,0.13145395,0.16316857933998108,0.7222777009010315,0.37083709239959717
YHL044W,YDR101C,0,0.13123405,0.16313177347183228,0.7222777009010315,0.3709370791912079
YKR007W,YLR367W,0,0.1311656,0.16309496760368347,0.7222777009010315,0.371037095785141
YBL069W,YBR164C,0,0.13100637,0.16305819153785706,0.7222777009010315,0.3711371123790741
YDR330W,YNL240C,0,0.13052997,0.16302141547203064,0.7222777009010315,0.3712371289730072
YJL186W,YGL047W,1,0.13017362,0.16321009397506714,0.7232767343521118,0.3712371289730072
YNL188W,YKL022C,0,0.12994237,0.16317331790924072,0.7232767343521118,0.3713371455669403
YLR304C,YGR292W,0,0.12990738,0.1631365418434143,0.7232767343521118,0.371437132358551
YDL133C-A,YHL024W,0,0.12977475,0.16309979557991028,0.7232767343521118,0.37153714895248413
YOR264W,YNL330C,0,0.12966017,0.16306306421756744,0.7232767343521118,0.37163716554641724
YHL017W,YFL054C,0,0.12944493,0.1630263477563858,0.7232767343521118,0.37173718214035034
YOL065C,YEL058W,0,0.12934428,0.16298964619636536,0.7232767343521118,0.37183716893196106
YDR347W,YDR167W,0,0.129337,0.1629529595375061,0.7232767343521118,0.37193718552589417
YDR320C,YDR416W,0,0.12890679,0.16291628777980804,0.7232767343521118,0.37203720211982727
YLR014C,YNL077W,0,0.12886956,0.16287964582443237,0.7232767343521118,0.3721372187137604
YMR225C,YBR059C,0,0.1284309,0.1628430038690567,0.7232767343521118,0.3722372353076935
YJL197W,YBL091C,0,0.12841684,0.16280639171600342,0.7232767343521118,0.3723372220993042
YGL065C,YLR189C,1,0.12836032,0.1629946082830429,0.7242757081985474,0.3723372220993042
YHR047C,YJL191W,0,0.12833324,0.16295796632766724,0.7242757081985474,0.3724372386932373
YGL127C,YLR214W,0,0.12819096,0.16292135417461395,0.7242757081985474,0.3725372552871704
YDL200C,YOR136W,0,0.12772202,0.16288474202156067,0.7242757081985474,0.3726372718811035
YJL053W,YHR082C,0,0.12706119,0.16284815967082977,0.7242757081985474,0.3727372884750366
YOL054W,YLR295C,0,0.12660152,0.16281159222126007,0.7242757081985474,0.37283727526664734
YEL013W,YLR001C,0,0.12658201,0.16277503967285156,0.7242757081985474,0.37293729186058044
YPL127C,YFR032C-A,0,0.12623025,0.16273850202560425,0.7242757081985474,0.37303730845451355
YGR205W,YEL051W,0,0.12605959,0.16270197927951813,0.7242757081985474,0.37313732504844666
YJR059W,YFR001W,0,0.12594607,0.1626654714345932,0.7242757081985474,0.3732373118400574
YJR059W,YER102W,0,0.12521017,0.16262897849082947,0.7242757081985474,0.3733373284339905
YDR378C,YIL120W,0,0.12483525,0.16259251534938812,0.7242757081985474,0.3734373450279236
YDL033C,YJR029W,0,0.12477593,0.16255605220794678,0.7242757081985474,0.3735373616218567
YIL011W,YAL062W,0,0.12476784,0.16251961886882782,0.7242757081985474,0.3736373782157898
YHL032C,YHR024C,0,0.12472132,0.16248318552970886,0.7242757081985474,0.3737373650074005
YER140W,YDR390C,0,0.124148846,0.1624467819929123,0.7242757081985474,0.3738373816013336
YKL017C,YMR207C,0,0.12408768,0.16241039335727692,0.7242757081985474,0.3739373981952667
YAL002W,YDR369C,0,0.12370369,0.16237401962280273,0.7242757081985474,0.37403741478919983
YGL190C,YOL023W,0,0.12348899,0.16233766078948975,0.7242757081985474,0.37413740158081055
YJR013W,YPL053C,1,0.12345882,0.16252519190311432,0.7252747416496277,0.37413740158081055
YAL051W,YDR363W-A,0,0.123457745,0.16248880326747894,0.7252747416496277,0.37423741817474365
YPR003C,YKR099W,0,0.12273231,0.16245244443416595,0.7252747416496277,0.37433743476867676
YIL074C,YGR035C,0,0.122690454,0.16241610050201416,0.7252747416496277,0.37443745136260986
YGL010W,YPL089C,0,0.122648165,0.16237978637218475,0.7252747416496277,0.37453746795654297
YBL052C,YOR313C,0,0.12174699,0.16234347224235535,0.7252747416496277,0.3746374547481537
YNL310C,YPR156C,0,0.121531636,0.16230717301368713,0.7252747416496277,0.3747374713420868
YLR353W,YOR204W,0,0.121237755,0.1622709035873413,0.7252747416496277,0.3748374879360199
YPL076W,YIL014W,1,0.12094739,0.16245810687541962,0.7262737154960632,0.3748374879360199
YCL031C,YER133W,0,0.12085909,0.1624218076467514,0.7262737154960632,0.374937504529953
YHR089C,YOR216C,0,0.12077746,0.16238552331924438,0.7262737154960632,0.3750374913215637
YOR266W,YML132W,0,0.120420426,0.16234926879405975,0.7262737154960632,0.3751375079154968
YJR013W,YOR149C,1,0.12034643,0.16253627836704254,0.7272727489471436,0.3751375079154968
YBR110W,YNR059W,1,0.12023389,0.16272321343421936,0.7282717227935791,0.3751375079154968
YFR038W,YLR249W,0,0.120045334,0.16268689930438995,0.7282717227935791,0.37523752450942993
YOR308C,YBL075C,0,0.120043844,0.16265060007572174,0.7282717227935791,0.37533754110336304
YPL061W,YKL043W,0,0.11981171,0.16261431574821472,0.7282717227935791,0.37543755769729614
YOL064C,YOR054C,0,0.11945504,0.1625780612230301,0.7282717227935791,0.37553754448890686
YOR233W,YFL048C,0,0.11936955,0.16254180669784546,0.7282717227935791,0.37563756108283997
YDL123W,YCL029C,0,0.11877644,0.16250556707382202,0.7282717227935791,0.37573757767677307
YDR371W,YOL136C,0,0.1182003,0.16246935725212097,0.7282717227935791,0.3758375942707062
YMR298W,YCR054C,0,0.11765888,0.16243316233158112,0.7282717227935791,0.3759375810623169
YKL034W,YMR232W,0,0.11726171,0.16239696741104126,0.7282717227935791,0.37603759765625
YCL052C,YMR306W,1,0.11688934,0.16258351504802704,0.7292707562446594,0.37603759765625
YIL139C,YPL269W,0,0.11658341,0.16254732012748718,0.7292707562446594,0.3761376142501831
YBR066C,YOR182C,0,0.11644465,0.16251112520694733,0.7292707562446594,0.3762376308441162
YOR149C,YEL011W,1,0.11599797,0.16269752383232117,0.730269730091095,0.3762376308441162
YOL092W,YDR419W,0,0.115796655,0.1626613289117813,0.730269730091095,0.3763376474380493
YPR043W,YKL185W,0,0.11543423,0.16262513399124146,0.730269730091095,0.37643763422966003
YOL038W,YDL059C,0,0.11531395,0.162588968873024,0.730269730091095,0.37653765082359314
YFL056C,YML094W,0,0.11523253,0.1625528186559677,0.730269730091095,0.37663766741752625
YOR298W,YKL064W,0,0.11502679,0.16251666843891144,0.730269730091095,0.37673768401145935
YOL105C,YJL062W,0,0.11490196,0.16248054802417755,0.730269730091095,0.37683767080307007
YOL010W,YKL203C,0,0.11456579,0.16244444251060486,0.730269730091095,0.3769376873970032
YNL294C,YLR429W,0,0.11455378,0.16240835189819336,0.730269730091095,0.3770377039909363
YJL189W,YHR204W,0,0.11443728,0.16237227618694305,0.730269730091095,0.3771377205848694
YDR383C,YML096W,0,0.11432393,0.16233621537685394,0.730269730091095,0.3772377371788025
YML063W,YLL066C,0,0.114242285,0.16230018436908722,0.730269730091095,0.3773377239704132
YIL140W,YDR296W,0,0.113331005,0.1622641533613205,0.730269730091095,0.3774377405643463
YBR070C,YJR133W,1,0.11263965,0.16245006024837494,0.7312687039375305,0.3774377405643463
YDR441C,YGL038C,1,0.112582624,0.1626358926296234,0.7322677373886108,0.3774377405643463
YOR317W,YBR072W,0,0.112535805,0.1625998169183731,0.7322677373886108,0.3775377571582794
YGR211W,YOR388C,0,0.11233334,0.162563756108284,0.7322677373886108,0.3776377737522125
YMR177W,YKL130C,0,0.11225836,0.16252771019935608,0.7322677373886108,0.37773776054382324
YGL070C,YNR057C,0,0.1114884,0.16249169409275055,0.7322677373886108,0.37783777713775635
YGL229C,YJL170C,0,0.111222476,0.16245567798614502,0.7322677373886108,0.37793779373168945
YMR239C,YLR289W,0,0.11104092,0.16241967678070068,0.7322677373886108,0.37803781032562256
YLR371W,YDR169C,0,0.110912085,0.16238369047641754,0.7322677373886108,0.37813782691955566
YDR078C,YKL212W,0,0.11066708,0.1623477339744568,0.7322677373886108,0.3782378137111664
YJR140C,YHL028W,0,0.110624105,0.16231177747249603,0.7322677373886108,0.3783378303050995
YML094W,YFR019W,0,0.1103974,0.16227585077285767,0.7322677373886108,0.3784378468990326
YDR490C,YBL063W,0,0.110265166,0.1622399240732193,0.7322677373886108,0.3785378634929657
YDL078C,YJL124C,0,0.110161066,0.16220402717590332,0.7322677373886108,0.3786378502845764
YKL138C,YGR251W,0,0.110123634,0.16216814517974854,0.7322677373886108,0.3787378668785095
YNL331C,YNL094W,0,0.110108405,0.16213227808475494,0.7322677373886108,0.3788378834724426
YLR181C,YJR001W,0,0.11004354,0.16209641098976135,0.7322677373886108,0.37893790006637573
YBR291C,YJR123W,0,0.10994166,0.16206057369709015,0.7322677373886108,0.37903791666030884
YDR176W,YPL111W,0,0.10983333,0.16202475130558014,0.7322677373886108,0.37913790345191956
YDR296W,YLL019C,0,0.109681934,0.16198894381523132,0.7322677373886108,0.37923792004585266
YDL081C,YKL039W,0,0.10938111,0.1619531661272049,0.7322677373886108,0.37933793663978577
YLR143W,YMR273C,0,0.10916796,0.16191738843917847,0.7322677373886108,0.37943795323371887
YNL038W,YGL065C,1,0.109060556,0.16210247576236725,0.7332667112350464,0.37943795323371887
YIL037C,YOR301W,0,0.10839158,0.16206668317317963,0.7332667112350464,0.3795379400253296
YBR193C,YLR293C,0,0.1082924,0.1620309054851532,0.7332667112350464,0.3796379566192627
YDR235W,YJR150C,0,0.10828191,0.16199514269828796,0.7332667112350464,0.3797379732131958
YPL078C,YJL168C,0,0.10695219,0.16195939481258392,0.7332667112350464,0.3798379898071289
YDL137W,YDR443C,0,0.10622272,0.16192367672920227,0.7332667112350464,0.379938006401062
YDR078C,YIL134W,0,0.106156334,0.16188795864582062,0.7332667112350464,0.38003799319267273
YGL249W,YNL288W,0,0.10581884,0.16185225546360016,0.7332667112350464,0.38013800978660583
YJL012C,YGR288W,0,0.10527627,0.1618165820837021,0.7332667112350464,0.38023802638053894
YML091C,YJR063W,0,0.10512847,0.16178090870380402,0.7332667112350464,0.38033804297447205
YMR233W,YNL077W,0,0.10505581,0.16174526512622833,0.7332667112350464,0.38043802976608276
YJL024C,YDR244W,0,0.10481505,0.16170962154865265,0.7332667112350464,0.38053804636001587
YER180C,YJL030W,0,0.104672015,0.16167400777339935,0.7332667112350464,0.380638062953949
YIL034C,YPR135W,0,0.10402298,0.16163840889930725,0.7332667112350464,0.3807380795478821
YNR057C,YBR055C,0,0.10399288,0.16160282492637634,0.7332667112350464,0.3808380961418152
YGL083W,YDL231C,0,0.103759766,0.16156724095344543,0.7332667112350464,0.3809380829334259
YDR115W,YFL010W-A,0,0.10341622,0.16153168678283691,0.7332667112350464,0.381038099527359
YDR050C,YLR441C,0,0.10328549,0.1614961475133896,0.7332667112350464,0.3811381161212921
YDR115W,YMR037C,0,0.10306957,0.16146062314510345,0.7332667112350464,0.3812381327152252
YDL128W,YOL072W,0,0.10285702,0.16142511367797852,0.7332667112350464,0.38133811950683594
YNL280C,YDR268W,0,0.10255739,0.16138961911201477,0.7332667112350464,0.38143813610076904
YDR384C,YLR212C,0,0.10253993,0.16135413944721222,0.7332667112350464,0.38153815269470215
YBR231C,YPL234C,0,0.10207462,0.16131867468357086,0.7332667112350464,0.38163816928863525
YGR155W,YJR028W,0,0.10171035,0.1612832397222519,0.7332667112350464,0.38173818588256836
YCL059C,YOR036W,0,0.1011374,0.16124780476093292,0.7332667112350464,0.3818381726741791
YDR310C,YJR001W,0,0.10084817,0.16121238470077515,0.7332667112350464,0.3819381892681122
YGL189C,YPL021W,0,0.100577354,0.16117699444293976,0.7332667112350464,0.3820382058620453
YGL226C-A,YAR019C,0,0.09960157,0.16114160418510437,0.7332667112350464,0.3821382224559784
YOL078W,YOL122C,0,0.09919757,0.16110622882843018,0.7332667112350464,0.3822382092475891
YER001W,YBR199W,1,0.09906945,0.16129031777381897,0.7342657446861267,0.3822382092475891
YKL103C,YJR073C,0,0.098919675,0.16125494241714478,0.7342657446861267,0.3823382258415222
YJR135W-A,YOR087W,0,0.09882793,0.16121956706047058,0.7342657446861267,0.3824382424354553
YGL112C,YOR201C,0,0.098822445,0.16118420660495758,0.7342657446861267,0.3825382590293884
YIL011W,YPR024W,0,0.09848781,0.16114887595176697,0.7342657446861267,0.38263827562332153
YMR267W,YJR130C,0,0.09841144,0.16111354529857635,0.7342657446861267,0.38273826241493225
YPL271W,YDL198C,0,0.09830284,0.16107824444770813,0.7342657446861267,0.38283827900886536
YKL060C,YDR279W,0,0.098081514,0.1610429435968399,0.7342657446861267,0.38293829560279846
YNL206C,YLL018C-A,0,0.09693363,0.16100767254829407,0.7342657446861267,0.38303831219673157
YBR278W,YLL055W,0,0.096921116,0.16097240149974823,0.7342657446861267,0.3831382989883423
YPR173C,YDR227W,0,0.09688254,0.16093716025352478,0.7342657446861267,0.3832383155822754
YBR004C,YDR483W,1,0.096719325,0.16112084686756134,0.7352647185325623,0.3832383155822754
YNL287W,YMR282C,0,0.09587118,0.1610855758190155,0.7352647185325623,0.3833383321762085
YCR020C,YOL031C,0,0.095715165,0.16105033457279205,0.7352647185325623,0.3834383487701416
YBR061C,YJL096W,0,0.09569207,0.1610150933265686,0.7352647185325623,0.3835383653640747
YER088C,YOL101C,0,0.09558451,0.16097988188266754,0.7352647185325623,0.3836383521556854
YBL082C,YFR047C,1,0.095167816,0.1611633449792862,0.7362637519836426,0.3836383521556854
YGR105W,YJL170C,0,0.09482078,0.16112811863422394,0.7362637519836426,0.38373836874961853
YMR128W,YLR006C,0,0.09449996,0.16109289228916168,0.7362637519836426,0.38383838534355164
YLR059C,YGR191W,0,0.094291985,0.16105769574642181,0.7362637519836426,0.38393840193748474
YML019W,YBR038W,1,0.09405002,0.16124099493026733,0.7372627258300781,0.38393840193748474
YMR261C,YMR271C,1,0.09343171,0.1614242047071457,0.7382617592811584,0.38393840193748474
YCR047C,YNL182C,0,0.09297997,0.16138894855976105,0.7382617592811584,0.38403841853141785
YOL004W,YDL097C,0,0.09293462,0.1613537073135376,0.7382617592811584,0.38413840532302856
YJL106W,YIL136W,0,0.09278527,0.16131849586963654,0.7382617592811584,0.38423842191696167
YOR336W,YIL085C,1,0.09271893,0.16150152683258057,0.739260733127594,0.38423842191696167
YJR013W,YDL232W,1,0.09228712,0.16168448328971863,0.7402597665786743,0.38423842191696167
YGR060W,YLR237W,0,0.091949,0.1616492122411728,0.7402597665786743,0.3843384385108948
YER117W,YJL034W,0,0.091509715,0.16161395609378815,0.7402597665786743,0.3844384551048279
YLR373C,YJR109C,0,0.09135187,0.1615787148475647,0.7402597665786743,0.3845384418964386
YDR395W,YLR186W,0,0.09118453,0.16154348850250244,0.7402597665786743,0.3846384584903717
YER165W,YDR028C,0,0.0908514,0.16150827705860138,0.7402597665786743,0.3847384750843048
YDL223C,YHR206W,0,0.09051865,0.1614730805158615,0.7402597665786743,0.3848384916782379
YBR069C,YML040W,0,0.090017855,0.16143791377544403,0.7402597665786743,0.384938508272171
YCR004C,YML128C,0,0.08986221,0.16140274703502655,0.7402597665786743,0.38503849506378174
YOR243C,YJL072C,0,0.0897014,0.16136759519577026,0.7402597665786743,0.38513851165771484
YER068W,YDL036C,0,0.0896952,0.16133245825767517,0.7402597665786743,0.38523852825164795
YIL018W,YFR007W,0,0.089608714,0.16129735112190247,0.7402597665786743,0.38533854484558105
YDR441C,YOR002W,1,0.08956388,0.1614798754453659,0.7412587404251099,0.38533854484558105
YHR116W,YHR146W,0,0.08951369,0.1614447385072708,0.7412587404251099,0.3854385316371918
YOL165C,YGL157W,0,0.08947754,0.16140961647033691,0.7412587404251099,0.3855385482311249
YER178W,YOR091W,0,0.08940166,0.1613745093345642,0.7412587404251099,0.385638564825058
YHR012W,YOL141W,0,0.08918223,0.1613394170999527,0.7412587404251099,0.3857385814189911
YOR315W,YPL074W,0,0.08916795,0.16130435466766357,0.7412587404251099,0.3858385980129242
YLR103C,YOR217W,0,0.0887097,0.16126929223537445,0.7412587404251099,0.3859385848045349
YDR429C,YOR014W,0,0.088534504,0.16123424470424652,0.7412587404251099,0.386038601398468
YDL065C,YER123W,0,0.08852467,0.16119921207427979,0.7412587404251099,0.3861386179924011
YPL160W,YDL170W,0,0.08820158,0.16116420924663544,0.7412587404251099,0.38623863458633423
YOR239W,YGR057C,0,0.08808938,0.1611292064189911,0.7412587404251099,0.38633862137794495
YJR149W,YPL177C,0,0.08802645,0.16109421849250793,0.7412587404251099,0.38643863797187805
YLR183C,YBR016W,0,0.08762503,0.16105926036834717,0.7412587404251099,0.38653865456581116
YBL078C,YGR078C,0,0.08725017,0.1610243022441864,0.7412587404251099,0.38663867115974426
YNL156C,YDR028C,0,0.08701557,0.16098937392234802,0.7412587404251099,0.38673868775367737
YBR145W,YDL245C,0,0.08691856,0.16095444560050964,0.7412587404251099,0.3868386745452881
YPL123C,YLR356W,0,0.086390465,0.16091954708099365,0.7412587404251099,0.3869386911392212
YNL293W,YJL172W,0,0.08632228,0.16088464856147766,0.7412587404251099,0.3870387077331543
YAL024C,YER061C,0,0.085804105,0.16084976494312286,0.7412587404251099,0.3871387243270874
YLR447C,YHL047C,0,0.08534223,0.16081491112709045,0.7412587404251099,0.3872387111186981
YLR452C,YKL078W,0,0.08500925,0.16078007221221924,0.7412587404251099,0.3873387277126312
YLL018C,YML015C,0,0.08471602,0.16074523329734802,0.7412587404251099,0.38743874430656433
YBL080C,YCR016W,0,0.08458781,0.1607104241847992,0.7412587404251099,0.38753876090049744
YLR467W,YDR499W,0,0.08438784,0.16067561507225037,0.7412587404251099,0.38763877749443054
YPL033C,YML060W,0,0.08429518,0.16064083576202393,0.7412587404251099,0.38773876428604126
YBR145W,YHR157W,0,0.08420512,0.16060605645179749,0.7412587404251099,0.38783878087997437
YGR004W,YDR345C,0,0.08418438,0.16057130694389343,0.7412587404251099,0.38793879747390747
YNL050C,YJL124C,0,0.08411701,0.16053655743598938,0.7412587404251099,0.3880388140678406
YPL022W,YOR150W,0,0.08391686,0.16050183773040771,0.7412587404251099,0.3881388008594513
YPL273W,YBR162W-A,0,0.0838719,0.16046713292598724,0.7412587404251099,0.3882388174533844
YLR190W,YPR134W,0,0.083731174,0.16043242812156677,0.7412587404251099,0.3883388340473175
YLL051C,YDL121C,0,0.08367123,0.1603977531194687,0.7412587404251099,0.3884388506412506
YGL028C,YFL047W,0,0.08362281,0.1603630930185318,0.7412587404251099,0.3885388672351837
YGL257C,YMR306W,1,0.08357674,0.1605445146560669,0.7422577142715454,0.3885388672351837
YDR025W,YOL076W,0,0.083538264,0.16050982475280762,0.7422577142715454,0.38863885402679443
YER142C,YBR159W,0,0.083500296,0.16047516465187073,0.7422577142715454,0.38873887062072754
YMR041C,YGL227W,0,0.08320035,0.16044050455093384,0.7422577142715454,0.38883888721466064
YIR032C,YGR185C,0,0.08316141,0.16040587425231934,0.7422577142715454,0.38893890380859375
YJR066W,YJR134C,0,0.08286238,0.16037124395370483,0.7422577142715454,0.38903889060020447
YPL048W,YNL111C,0,0.08271298,0.16033664345741272,0.7422577142715454,0.3891389071941376
YPL122C,YML132W,0,0.082574576,0.1603020429611206,0.7422577142715454,0.3892389237880707
YMR006C,YHL028W,0,0.08255324,0.16026747226715088,0.7422577142715454,0.3893389403820038
YMR142C,YCL055W,0,0.08252168,0.16023291647434235,0.7422577142715454,0.3894389569759369
YKL062W,YPR048W,0,0.08223081,0.1601983606815338,0.7422577142715454,0.3895389437675476
YDL142C,YKL062W,0,0.081936285,0.16016383469104767,0.7422577142715454,0.3896389603614807
YOR059C,YIR031C,0,0.08187841,0.16012930870056152,0.7422577142715454,0.3897389769554138
YMR306W,YER050C,0,0.08180924,0.16009481251239777,0.7422577142715454,0.3898389935493469
YNL145W,YCR010C,0,0.08168474,0.160060316324234,0.7422577142715454,0.38993898034095764
YIR023W,YKL039W,0,0.08164391,0.16002584993839264,0.7422577142715454,0.39003899693489075
YDL065C,YDR315C,0,0.08155142,0.15999138355255127,0.7422577142715454,0.39013901352882385
YDL200C,YGR103W,0,0.0815475,0.1599569469690323,0.7422577142715454,0.39023903012275696
YNL242W,YPL103C,0,0.0815305,0.1599225103855133,0.7422577142715454,0.39033904671669006
YMR035W,YNL070W,0,0.08151284,0.1598881036043167,0.7422577142715454,0.3904390335083008
YDR014W,YJR121W,0,0.08082397,0.15985369682312012,0.7422577142715454,0.3905390501022339
YDR404C,YKL085W,0,0.08064933,0.1598193198442459,0.7422577142715454,0.390639066696167
YPR046W,YDR317W,0,0.08053082,0.1597849428653717,0.7422577142715454,0.3907390832901001
YLR106C,YNL318C,0,0.08006206,0.15975059568881989,0.7422577142715454,0.3908390700817108
YPL119C,YML015C,0,0.07993463,0.15971624851226807,0.7422577142715454,0.3909390866756439
YKL156W,YLR295C,0,0.079904586,0.15968193113803864,0.7422577142715454,0.391039103269577
YHR041C,YDR373W,0,0.07977009,0.1596476137638092,0.7422577142715454,0.39113911986351013
YOR117W,YOL066C,0,0.07906771,0.15961332619190216,0.7422577142715454,0.39123913645744324
YPL082C,YKL190W,0,0.0782989,0.15957903861999512,0.7422577142715454,0.39133912324905396
YMR184W,YGR032W,0,0.07817733,0.15954476594924927,0.7422577142715454,0.39143913984298706
YDR392W,YHR167W,0,0.07808298,0.1595105230808258,0.7422577142715454,0.39153915643692017
YOL065C,YNL031C,0,0.07793321,0.15947628021240234,0.7422577142715454,0.39163917303085327
YMR171C,YBR107C,0,0.07662648,0.15944206714630127,0.7422577142715454,0.391739159822464
YDR211W,YPL155C,0,0.076354116,0.1594078540802002,0.7422577142715454,0.3918391764163971
YHR066W,YPL078C,0,0.076333195,0.15937365591526031,0.7422577142715454,0.3919391930103302
YGR276C,YDR092W,0,0.07617664,0.15933948755264282,0.7422577142715454,0.3920392096042633
YBR012W-A,YMR314W,0,0.075984955,0.15930531919002533,0.7422577142715454,0.3921392261981964
YNL048W,YPR183W,1,0.075804844,0.15948553383350372,0.7432567477226257,0.3921392261981964
YPL134C,YGR281W,0,0.07579693,0.15945135056972504,0.7432567477226257,0.39223921298980713
YLR390W,YPR137W,0,0.07578942,0.15941718220710754,0.7432567477226257,0.39233922958374023
YPL131W,YGR211W,0,0.07578048,0.15938302874565125,0.7432567477226257,0.39243924617767334
YGR135W,YOR009W,0,0.07577334,0.15934889018535614,0.7432567477226257,0.39253926277160645
YMR261C,YIL014W,1,0.07517122,0.159528911113739,0.7442557215690613,0.39253926277160645
YBL026W,YBR119W,0,0.07493506,0.15949475765228271,0.7442557215690613,0.39263924956321716
YPL076W,YFR015C,1,0.0748671,0.15967465937137604,0.7452547550201416,0.39263924956321716
YDR457W,YBR092C,0,0.074308425,0.15964049100875854,0.7452547550201416,0.39273926615715027
YMR056C,YGL142C,0,0.073651105,0.15960633754730225,0.7452547550201416,0.3928392827510834
YIL177C,YNL230C,0,0.073418975,0.15957219898700714,0.7452547550201416,0.3929392993450165
YPL224C,YGL006W,0,0.07329938,0.15953806042671204,0.7452547550201416,0.3930393159389496
YML096W,YPL183W-A,0,0.07323313,0.15950395166873932,0.7452547550201416,0.3931393027305603
YNL049C,YGL237C,0,0.07282606,0.1594698578119278,0.7452547550201416,0.3932393193244934
YJL180C,YPL074W,0,0.07210846,0.15943577885627747,0.7452547550201416,0.3933393359184265
YFR025C,YDR120C,0,0.07173771,0.15940171480178833,0.7452547550201416,0.3934393525123596
YPL011C,YJL166W,0,0.07143456,0.1593676507472992,0.7452547550201416,0.39353933930397034
YER053C,YFL025C,0,0.07135257,0.15933361649513245,0.7452547550201416,0.39363935589790344
YPL135W,YGL178W,0,0.07131779,0.1592995971441269,0.7452547550201416,0.39373937249183655
YMR193W,YER165W,0,0.07124323,0.15926557779312134,0.7452547550201416,0.39383938908576965
YLR442C,YJL011C,0,0.07092193,0.15923158824443817,0.7452547550201416,0.39393940567970276
YDL081C,YFR050C,0,0.070599705,0.1591976135969162,0.7452547550201416,0.3940393924713135
YLL022C,YLR224W,0,0.07056548,0.15916363894939423,0.7452547550201416,0.3941394090652466
YNL076W,YDR529C,0,0.070118934,0.15912969410419464,0.7452547550201416,0.3942394256591797
YKR034W,YNR052C,0,0.070078254,0.15909574925899506,0.7452547550201416,0.3943394422531128
YAR009C,YDR476C,0,0.069849685,0.15906183421611786,0.7452547550201416,0.3944394290447235
YJR051W,YER114C,0,0.06964333,0.15902791917324066,0.7452547550201416,0.3945394456386566
YBL056W,YOR109W,0,0.069637775,0.15899403393268585,0.7452547550201416,0.3946394622325897
YPR141C,YGL123W,0,0.0693714,0.15896014869213104,0.7452547550201416,0.3947394788265228
YER071C,YKL126W,0,0.06917007,0.15892629325389862,0.7452547550201416,0.39483949542045593
YLR377C,YLR356W,0,0.068727374,0.1588924378156662,0.7452547550201416,0.39493948221206665
YOR306C,YDR530C,0,0.068519935,0.15885859727859497,0.7452547550201416,0.39503949880599976
YER038C,YPL248C,0,0.06835993,0.15882478654384613,0.7452547550201416,0.39513951539993286
YDL146W,YNL286W,0,0.067579806,0.1587909758090973,0.7452547550201416,0.39523953199386597
YKL145W,YCR096C,0,0.06752935,0.15875717997550964,0.7452547550201416,0.3953395485877991
YHR156C,YPR063C,0,0.06734243,0.1587233990430832,0.7452547550201416,0.3954395353794098
YOR216C,YER153C,0,0.06671345,0.15868964791297913,0.7452547550201416,0.3955395519733429
YPR178W,YJL073W,0,0.06664544,0.15865589678287506,0.7452547550201416,0.395639568567276
YKR078W,YDR345C,0,0.06646021,0.1586221605539322,0.7452547550201416,0.3957395851612091
YDR356W,YDR379W,0,0.065846965,0.1585884392261505,0.7452547550201416,0.3958395719528198
YOR155C,YBR066C,0,0.06492855,0.15855473279953003,0.7452547550201416,0.39593958854675293
YHR006W,YPR032W,0,0.0646451,0.15852104127407074,0.7452547550201416,0.39603960514068604
YOR315W,YBR281C,0,0.06452821,0.15848736464977264,0.7452547550201416,0.39613962173461914
YJR049C,YGL192W,0,0.06329608,0.15845370292663574,0.7452547550201416,0.39623963832855225
YLR079W,YKL129C,0,0.063248634,0.15842004120349884,0.7452547550201416,0.39633962512016296
YOL040C,YPR133C,0,0.062734485,0.15838640928268433,0.7452547550201416,0.39643964171409607
YHR023W,YBL113C,0,0.06153485,0.158352792263031,0.7452547550201416,0.3965396583080292
YDR146C,YPL089C,0,0.0611106,0.15831919014453888,0.7452547550201416,0.3966396749019623
YPL234C,YFL002W-A,0,0.060586497,0.15828558802604675,0.7452547550201416,0.396739661693573
YKL028W,YKL138C,0,0.06044498,0.15825201570987701,0.7452547550201416,0.3968396782875061
YBL026W,YIR017C,0,0.060337767,0.15821845829486847,0.7452547550201416,0.3969396948814392
YNL185C,YER033C,0,0.06016183,0.15818490087985992,0.7452547550201416,0.3970397114753723
YDR365C,YOL101C,0,0.059977368,0.15815137326717377,0.7452547550201416,0.3971397280693054
YHR214W,YGL151W,0,0.059710205,0.1581178456544876,0.7452547550201416,0.39723971486091614
YEL062W,YOR298W,0,0.059707344,0.15808433294296265,0.7452547550201416,0.39733973145484924
YNL191W,YKR093W,0,0.05919838,0.15805085003376007,0.7452547550201416,0.39743974804878235
YGR167W,YKR104W,0,0.058774218,0.1580173671245575,0.7452547550201416,0.39753976464271545
YPR160W,YKR058W,1,0.05850321,0.15819567441940308,0.7462537288665771,0.39753976464271545
YNL095C,YMR319C,0,0.058456585,0.1581621915102005,0.7462537288665771,0.39763975143432617
YIL051C,YDL184C,0,0.05845335,0.15812870860099792,0.7462537288665771,0.3977397680282593
YJL208C,YIL004C,0,0.05820377,0.15809524059295654,0.7462537288665771,0.3978397846221924
YBR161W,YDR483W,1,0.057689905,0.158273383975029,0.7472527623176575,0.3978397846221924
YML073C,YDR375C,0,0.057403684,0.15823990106582642,0.7472527623176575,0.3979398012161255
YDR067C,YER155C,0,0.057252795,0.15820643305778503,0.7472527623176575,0.3980398178100586
YHR041C,YIL002C,0,0.05677952,0.15817297995090485,0.7472527623176575,0.3981398046016693
YOL129W,YMR316W,0,0.05671975,0.15813954174518585,0.7472527623176575,0.3982398211956024
YOR085W,YGR202C,0,0.055862635,0.15810610353946686,0.7472527623176575,0.3983398377895355
YKL203C,YIL130W,0,0.05566837,0.15807269513607025,0.7472527623176575,0.39843985438346863
YFR005C,YPL193W,0,0.05554837,0.15803930163383484,0.7472527623176575,0.39853984117507935
YGR145W,YMR032W,0,0.05552739,0.15800590813159943,0.7472527623176575,0.39863985776901245
YLR324W,YMR101C,0,0.05540456,0.1579725444316864,0.7472527623176575,0.39873987436294556
YBR110W,YFR015C,1,0.055339664,0.1581503450870514,0.748251736164093,0.39873987436294556
YDR395W,YIL096C,0,0.05529526,0.15811695158481598,0.748251736164093,0.39883989095687866
YGR264C,YER045C,0,0.054823175,0.15808357298374176,0.748251736164093,0.39893990755081177
YOR306C,YDR200C,0,0.054755986,0.15805022418498993,0.748251736164093,0.3990398943424225
YOL004W,YDR387C,0,0.054754734,0.1580168753862381,0.748251736164093,0.3991399109363556
YIL137C,YER101C,0,0.05458805,0.15798354148864746,0.748251736164093,0.3992399275302887
YFL037W,YPR002W,0,0.054481834,0.1579502373933792,0.748251736164093,0.3993399441242218
YCR105W,YDR013W,0,0.054480642,0.15791693329811096,0.748251736164093,0.3994399309158325
YML059C,YPL091W,0,0.054302573,0.1578836441040039,0.748251736164093,0.3995399475097656
YJL173C,YLR283W,0,0.054072976,0.15785036981105804,0.748251736164093,0.39963996410369873
YJL172W,YOL147C,0,0.053401574,0.15781711041927338,0.748251736164093,0.39973998069763184
YBR245C,YDL175C,0,0.05240503,0.1577838659286499,0.748251736164093,0.39983999729156494
YBR245C,YMR286W,0,0.0522054,0.15775063633918762,0.748251736164093,0.39993998408317566
YDR307W,YBR038W,1,0.05169511,0.1579279899597168,0.7492507696151733,0.39993998408317566
YBL079W,YIL101C,0,0.05121702,0.15789473056793213,0.7492507696151733,0.40004000067710876
YDL145C,YBR257W,0,0.05120668,0.15786150097846985,0.7492507696151733,0.40014001727104187
YKL063C,YGL200C,0,0.05105719,0.15782828629016876,0.7492507696151733,0.400240033864975
YGR200C,YBL034C,0,0.050717458,0.15779507160186768,0.7492507696151733,0.4003400206565857
YFL036W,YNR044W,0,0.050503477,0.15776188671588898,0.7492507696151733,0.4004400372505188
YIL078W,YBR207W,0,0.05035448,0.15772870182991028,0.7492507696151733,0.4005400538444519
YJL003W,YJL158C,0,0.049887702,0.15769554674625397,0.7492507696151733,0.400640070438385
YBL056W,YDL142C,0,0.049797684,0.15766239166259766,0.7492507696151733,0.4007400870323181
YLR196W,YDR038C,0,0.04961589,0.15762925148010254,0.7492507696151733,0.40084007382392883
YIR019C,YLR258W,0,0.049310952,0.15759612619876862,0.7492507696151733,0.40094009041786194
YPR127W,YJR009C,0,0.049010515,0.15756303071975708,0.7492507696151733,0.40104010701179504
YML098W,YFR024C-A,0,0.048765317,0.15752993524074554,0.7492507696151733,0.40114012360572815
YJR013W,YJL219W,0,0.048752636,0.1574968546628952,0.7492507696151733,0.40124011039733887
YBR130C,YBL093C,0,0.048499256,0.15746378898620605,0.7492507696151733,0.401340126991272
YOL054W,YDR092W,0,0.048399284,0.1574307233095169,0.7492507696151733,0.4014401435852051
YDR204W,YHR061C,0,0.048255593,0.15739768743515015,0.7492507696151733,0.4015401601791382
YMR274C,YOR061W,0,0.048174903,0.15736466646194458,0.7492507696151733,0.4016401767730713
YLL021W,YLR009W,0,0.04755962,0.1573316603899002,0.7492507696151733,0.401740163564682
YAL056W,YMR061W,0,0.04647556,0.15729865431785583,0.7492507696151733,0.4018401801586151
YDR513W,YPR063C,0,0.046226665,0.15726567804813385,0.7492507696151733,0.4019401967525482
YMR200W,YLL055W,0,0.045964018,0.15723270177841187,0.7492507696151733,0.4020402133464813
YOR103C,YGR295C,0,0.04586494,0.15719975531101227,0.7492507696151733,0.40214020013809204
YLR092W,YPL188W,0,0.045654148,0.15716680884361267,0.7492507696151733,0.40224021673202515
YLL041C,YDR189W,0,0.0455797,0.15713387727737427,0.7492507696151733,0.40234023332595825
YER173W,YDL246C,0,0.045443013,0.15710096061229706,0.7492507696151733,0.40244024991989136
YHR033W,YBL080C,0,0.04539293,0.15706805884838104,0.7492507696151733,0.40254026651382446
YNL076W,YGR264C,0,0.0452888,0.15703517198562622,0.7492507696151733,0.4026402533054352
YAL023C,YGL038C,1,0.04525751,0.15721164643764496,0.7502497434616089,0.4026402533054352
YKR068C,YDL109C,0,0.045153067,0.15717872977256775,0.7502497434616089,0.4027402698993683
YMR130W,YJL052W,0,0.045063153,0.15714584290981293,0.7502497434616089,0.4028402864933014
YBR199W,YOR320C,1,0.04471454,0.15732216835021973,0.7512487769126892,0.4028402864933014
YML085C,YOR131C,0,0.044546753,0.1572892665863037,0.7512487769126892,0.4029403030872345
YGR216C,YLR414C,0,0.04450068,0.1572563797235489,0.7512487769126892,0.4030402898788452
YBR128C,YDR190C,0,0.044490695,0.15722349286079407,0.7512487769126892,0.4031403064727783
YBR254C,YOR187W,0,0.04414381,0.15719063580036163,0.7512487769126892,0.4032403230667114
YPL134C,YEL016C,0,0.04399009,0.1571577787399292,0.7512487769126892,0.40334033966064453
YML104C,YMR125W,0,0.043942958,0.15712495148181915,0.7512487769126892,0.40344035625457764
YPL048W,YLL017W,0,0.043757066,0.1570921242237091,0.7512487769126892,0.40354034304618835
YKL185W,YDR207C,0,0.043735832,0.15705931186676025,0.7512487769126892,0.40364035964012146
YDR399W,YGL038C,1,0.04349491,0.15723532438278198,0.7522477507591248,0.40364035964012146
YMR200W,YBR046C,0,0.04336381,0.15720251202583313,0.7522477507591248,0.40374037623405457
YHR013C,YJR029W,0,0.04251024,0.15716969966888428,0.7522477507591248,0.40384039282798767
YKL094W,YKL039W,0,0.042345107,0.15713690221309662,0.7522477507591248,0.4039403796195984
YNR044W,YIL039W,0,0.04170859,0.15710410475730896,0.7522477507591248,0.4040403962135315
YLR196W,YGR181W,0,0.041685402,0.1570713371038437,0.7522477507591248,0.4041404128074646
YMR015C,YJR098C,0,0.041643932,0.1570385843515396,0.7522477507591248,0.4042404294013977
YIL075C,YPR192W,0,0.041544974,0.15700583159923553,0.7522477507591248,0.4043404459953308
YLL035W,YGR271W,0,0.04143347,0.15697310864925385,0.7522477507591248,0.40444043278694153
YDL232W,YNR030W,1,0.0404225,0.1571488082408905,0.7532467246055603,0.40444043278694153
YOL065C,YPR186C,0,0.039363205,0.15711607038974762,0.7532467246055603,0.40454044938087463
YLR185W,YJL078C,0,0.039356977,0.15708333253860474,0.7532467246055603,0.40464046597480774
YBR231C,YBL005W-B,0,0.039136708,0.15705060958862305,0.7532467246055603,0.40474048256874084
YNL029C,YDR354W,1,0.0388335,0.15722616016864777,0.7542457580566406,0.40474048256874084
YOR078W,YKR059W,0,0.038594663,0.15719342231750488,0.7542457580566406,0.40484046936035156
YIL062C,YPL253C,0,0.038503915,0.1571606993675232,0.7542457580566406,0.40494048595428467
YHL003C,YOL032W,0,0.03812933,0.1571279913187027,0.7542457580566406,0.4050405025482178
YJR075W,YMR283C,1,0.038012028,0.15730337798595428,0.7552447319030762,0.4050405025482178
YGR241C,YIL115C,0,0.03782621,0.1572706401348114,0.7552447319030762,0.4051405191421509
YLR099C,YJL174W,0,0.036952198,0.1572379320859909,0.7552447319030762,0.405240535736084
YOR085W,YKL033W,0,0.036664873,0.1572052389383316,0.7552447319030762,0.4053405225276947
YGL196W,YDR359C,0,0.036486715,0.1571725606918335,0.7552447319030762,0.4054405391216278
YIL030C,YMR205C,0,0.036477968,0.1571398824453354,0.7552447319030762,0.4055405557155609
YJR135W-A,YDR411C,0,0.03575117,0.15710723400115967,0.7552447319030762,0.405640572309494
YBL100W-B,YKR057W,0,0.035555884,0.15707458555698395,0.7552447319030762,0.4057405889034271
YOL112W,YOR359W,0,0.035410643,0.15704196691513062,0.7552447319030762,0.40584057569503784
YLR342W,YDR245W,1,0.035114437,0.15721702575683594,0.7562437653541565,0.40584057569503784
YBR029C,YGR239C,0,0.034623265,0.1571843922138214,0.7562437653541565,0.40594059228897095
YCL024W,YOR269W,0,0.03458526,0.15715175867080688,0.7562437653541565,0.40604060888290405
YER177W,YNR028W,0,0.03370607,0.15711914002895355,0.7562437653541565,0.40614062547683716
YML054C,YGR089W,0,0.03264129,0.1570865362882614,0.7562437653541565,0.4062406122684479
YOR078W,YML047C,0,0.032555126,0.15705394744873047,0.7562437653541565,0.406340628862381
YNL137C,YLR411W,0,0.032292128,0.15702135860919952,0.7562437653541565,0.4064406454563141
YJR059W,YHL004W,0,0.03216973,0.15698879957199097,0.7562437653541565,0.4065406620502472
YML059C,YKR002W,0,0.032009006,0.1569562554359436,0.7562437653541565,0.4066406786441803
YNR016C,YIR017C,0,0.031814486,0.15692371129989624,0.7562437653541565,0.406740665435791
YBL052C,YDR507C,0,0.031498224,0.15689119696617126,0.7562437653541565,0.4068406820297241
YGL004C,YHR036W,0,0.03025566,0.1568586826324463,0.7562437653541565,0.4069406986236572
YER150W,YMR169C,0,0.029838204,0.1568261831998825,0.7562437653541565,0.40704071521759033
YHR113W,YER071C,0,0.029331267,0.15679369866847992,0.7562437653541565,0.40714070200920105
YNL023C,YJL080C,0,0.029304147,0.15676122903823853,0.7562437653541565,0.40724071860313416
YGL014W,YLL027W,0,0.028778829,0.15672877430915833,0.7562437653541565,0.40734073519706726
YGL103W,YKR079C,0,0.028578699,0.15669633448123932,0.7562437653541565,0.40744075179100037
YJR013W,YHR206W,0,0.028108448,0.1566639095544815,0.7562437653541565,0.40754076838493347
YBR297W,YMR261C,0,0.0280779,0.1566314846277237,0.7562437653541565,0.4076407551765442
YOR044W,YBR115C,0,0.02804467,0.15659908950328827,0.7562437653541565,0.4077407717704773
YER168C,YAL017W,0,0.027772814,0.15656669437885284,0.7562437653541565,0.4078407883644104
YBR003W,YML059C,0,0.027549714,0.1565343290567398,0.7562437653541565,0.4079408049583435
YLL012W,YAL038W,0,0.027307793,0.15650196373462677,0.7562437653541565,0.4080407917499542
YGL031C,YLR224W,0,0.026474342,0.15646961331367493,0.7562437653541565,0.40814080834388733
YCL052C,YPR183W,1,0.025609761,0.15664394199848175,0.757242739200592,0.40814080834388733
YCR020C,YLR092W,0,0.025513709,0.1566115766763687,0.757242739200592,0.40824082493782043
YKL099C,YDR411C,0,0.025122657,0.15657922625541687,0.757242739200592,0.40834084153175354
YDR415C,YGR006W,0,0.02492933,0.15654687583446503,0.757242739200592,0.40844085812568665
YMR117C,YOL072W,0,0.024907857,0.15651455521583557,0.757242739200592,0.40854084491729736
YIL134W,YOR285W,0,0.024697602,0.1564822494983673,0.757242739200592,0.40864086151123047
YNR038W,YOR315W,0,0.024550699,0.15644994378089905,0.757242739200592,0.4087408781051636
YNL046W,YPR138C,0,0.02414298,0.15641766786575317,0.757242739200592,0.4088408946990967
YER178W,YGR222W,0,0.023663357,0.1563853919506073,0.757242739200592,0.4089408814907074
YOR279C,YMR076C,0,0.023529395,0.15635313093662262,0.757242739200592,0.4090408980846405
YLR085C,YPL239W,0,0.023524612,0.15632088482379913,0.757242739200592,0.4091409146785736
YBL037W,YPL145C,0,0.023501053,0.15628865361213684,0.757242739200592,0.4092409312725067
YKL182W,YDR217C,0,0.023434281,0.15625643730163574,0.757242739200592,0.4093409478664398
YKL212W,YER007C-A,0,0.023422584,0.15622423589229584,0.757242739200592,0.40944093465805054
YDR490C,YML021C,0,0.023318872,0.15619204938411713,0.757242739200592,0.40954095125198364
YLR288C,YJR046W,0,0.023222603,0.15615986287593842,0.757242739200592,0.40964096784591675
YDL031W,YOR092W,0,0.022789896,0.1561277061700821,0.757242739200592,0.40974098443984985
YDR470C,YPR001W,0,0.02269727,0.15609554946422577,0.757242739200592,0.40984097123146057
YAL015C,YDL210W,0,0.022664815,0.15606340765953064,0.757242739200592,0.4099409878253937
YKR027W,YLR054C,0,0.022499412,0.1560312956571579,0.757242739200592,0.4100410044193268
YMR037C,YNL059C,0,0.022483155,0.15599918365478516,0.757242739200592,0.4101410210132599
YGL025C,YER074W,0,0.022371568,0.15596707165241241,0.757242739200592,0.410241037607193
YCR014C,YBR034C,0,0.02235584,0.15593498945236206,0.757242739200592,0.4103410243988037
YPR127W,YDL127W,0,0.022116601,0.1559029221534729,0.757242739200592,0.4104410409927368
YGR178C,YHR103W,0,0.022060372,0.15587085485458374,0.757242739200592,0.4105410575866699
YJR013W,YPL175W,1,0.022039548,0.15604440867900848,0.7582417726516724,0.4105410575866699
YDR375C,YGL092W,0,0.021995857,0.15601232647895813,0.7582417726516724,0.410641074180603
YLL008W,YHR157W,0,0.021969035,0.15598027408123016,0.7582417726516724,0.41074106097221375
YNL287W,YDR411C,0,0.02189526,0.1559482216835022,0.7582417726516724,0.41084107756614685
YDR492W,YJR103W,0,0.021800995,0.15591618418693542,0.7582417726516724,0.41094109416007996
YOR176W,YGR020C,0,0.021760464,0.15588416159152985,0.7582417726516724,0.41104111075401306
YJR143C,YDR159W,0,0.02152127,0.15585215389728546,0.7582417726516724,0.41114112734794617
YPL061W,YFL025C,0,0.021069989,0.15582016110420227,0.7582417726516724,0.4112411141395569
YDR080W,YPL161C,0,0.02073741,0.15578818321228027,0.7582417726516724,0.41134113073349
YLR106C,YLR074C,0,0.02055943,0.15575620532035828,0.7582417726516724,0.4114411473274231
YKL063C,YPL006W,0,0.020243734,0.15572425723075867,0.7582417726516724,0.4115411639213562
YPL051W,YDR122W,0,0.020148769,0.15569230914115906,0.7582417726516724,0.4116411507129669
YGL103W,YJR092W,0,0.01997833,0.15566037595272064,0.7582417726516724,0.4117411673069
YAL053W,YKL144C,0,0.019943133,0.15562845766544342,0.7582417726516724,0.41184118390083313
YHR135C,YOR011W,0,0.019420803,0.1555965542793274,0.7582417726516724,0.41194120049476624
YIL074C,YKL088W,0,0.019021675,0.15556466579437256,0.7582417726516724,0.41204121708869934
YDR074W,YBR301W,0,0.018622518,0.15553279221057892,0.7582417726516724,0.41214120388031006
YDL069C,YHR165C,0,0.018422976,0.15550091862678528,0.7582417726516724,0.41224122047424316
YNR019W,YHR013C,0,0.017710388,0.15546907484531403,0.7582417726516724,0.41234123706817627
YNL050C,YOR001W,0,0.017459199,0.15543723106384277,0.7582417726516724,0.4124412536621094
YCR092C,YPR037C,0,0.017393261,0.15540540218353271,0.7582417726516724,0.4125412404537201
YML082W,YKR095W,0,0.017232105,0.15537358820438385,0.7582417726516724,0.4126412570476532
YGL191W,YGL067W,0,0.016671926,0.15534178912639618,0.7582417726516724,0.4127412736415863
YDR536W,YER115C,0,0.01655902,0.1553100049495697,0.7582417726516724,0.4128412902355194
YDL080C,YLR165C,0,0.016142547,0.15527823567390442,0.7582417726516724,0.4129413068294525
YDL043C,YPR189W,0,0.01599966,0.15524646639823914,0.7582417726516724,0.41304129362106323
YDR397C,YPL151C,0,0.01569891,0.15521472692489624,0.7582417726516724,0.41314131021499634
YPL131W,YJL186W,0,0.015239507,0.15518298745155334,0.7582417726516724,0.41324132680892944
YDL024C,YDR174W,0,0.014895104,0.15515126287937164,0.7582417726516724,0.41334134340286255
YOR372C,YCR045C,0,0.014601156,0.15511955320835114,0.7582417726516724,0.41344133019447327
YOL064C,YMR088C,0,0.014265098,0.15508785843849182,0.7582417726516724,0.41354134678840637
YOL071W,YNL214W,0,0.014073223,0.1550561785697937,0.7582417726516724,0.4136413633823395
YLR390W,YER150W,0,0.014071286,0.15502451360225677,0.7582417726516724,0.4137413799762726
YPL103C,YGR217W,0,0.014034599,0.15499284863471985,0.7582417726516724,0.4138413965702057
YDR205W,YLR300W,0,0.013721228,0.1549612134695053,0.7582417726516724,0.4139413833618164
YBL082C,YDL232W,1,0.013653398,0.1551336944103241,0.7592407464981079,0.4139413833618164
YCR107W,YDR320C,0,0.013560191,0.15510204434394836,0.7592407464981079,0.4140413999557495
YKL011C,YIR032C,0,0.013408639,0.15507039427757263,0.7592407464981079,0.4141414165496826
YAL043C,YMR300C,0,0.013111383,0.1550387591123581,0.7592407464981079,0.4142414331436157
YFR010W,YOL030W,0,0.013032019,0.15500713884830475,0.7592407464981079,0.41434141993522644
YJR150C,YOR201C,0,0.01294221,0.1549755334854126,0.7592407464981079,0.41444143652915955
YNL023C,YOR001W,0,0.012847781,0.15494392812252045,0.7592407464981079,0.41454145312309265
YGL220W,YDR022C,0,0.012735575,0.15491235256195068,0.7592407464981079,0.41464146971702576
YER162C,YGR070W,0,0.0122917,0.15488077700138092,0.7592407464981079,0.41474148631095886
YCR065W,YIL160C,0,0.012148097,0.15484923124313354,0.7592407464981079,0.4148414731025696
YMR070W,YAR042W,0,0.012065232,0.15481768548488617,0.7592407464981079,0.4149414896965027
YOR336W,YDR399W,1,0.011793986,0.1549898236989975,0.7602397799491882,0.4149414896965027
YPR046W,YPR180W,0,0.011569835,0.15495826303958893,0.7602397799491882,0.4150415062904358
YDR476C,YIL139C,0,0.0114070475,0.15492671728134155,0.7602397799491882,0.4151415228843689
YLR209C,YDL093W,1,0.011254355,0.15509872138500214,0.7612387537956238,0.4151415228843689
YHL021C,YNL051W,0,0.011197895,0.15506716072559357,0.7612387537956238,0.4152415096759796
YJR092W,YGR075C,0,0.010839894,0.155035600066185,0.7612387537956238,0.4153415262699127
YHR201C,YPR049C,0,0.010569707,0.15500406920909882,0.7612387537956238,0.4154415428638458
YPR046W,YNL044W,0,0.010568857,0.15497253835201263,0.7612387537956238,0.41554155945777893
YER087C-A,YHL012W,0,0.010326773,0.15494103729724884,0.7612387537956238,0.41564157605171204
YHR165C,YFL041W,0,0.009770393,0.15490953624248505,0.7612387537956238,0.41574156284332275
YER013W,YKL212W,0,0.009720355,0.15487805008888245,0.7612387537956238,0.41584157943725586
YGL064C,YAL029C,0,0.009612411,0.15484657883644104,0.7612387537956238,0.41594159603118896
YHR047C,YPL026C,0,0.009070814,0.15481512248516083,0.7612387537956238,0.41604161262512207
YOR192C,YDR448W,0,0.008878,0.15478366613388062,0.7612387537956238,0.4161415994167328
YLR192C,YDL175C,0,0.008803368,0.1547522395849228,0.7612387537956238,0.4162416160106659
YKL039W,YOL144W,0,0.0082784295,0.15472081303596497,0.7612387537956238,0.416341632604599
YHL011C,YIL046W,0,0.007126592,0.15468940138816833,0.7612387537956238,0.4164416491985321
YNL012W,YBL085W,0,0.007115945,0.1546580046415329,0.7612387537956238,0.4165416657924652
YOR177C,YJR131W,0,0.0067017972,0.15462662279605865,0.7612387537956238,0.4166416525840759
YMR013C,YFR024C-A,0,0.0065019503,0.1545952558517456,0.7612387537956238,0.41674166917800903
YDR195W,YJL176C,0,0.0064001083,0.15456388890743256,0.7612387537956238,0.41684168577194214
YEL040W,YDR145W,0,0.0062682927,0.1545325517654419,0.7612387537956238,0.41694170236587524
YCR077C,YBR218C,0,0.0061269477,0.15450121462345123,0.7612387537956238,0.41704171895980835
YMR101C,YIL026C,0,0.0060168505,0.15446989238262177,0.7612387537956238,0.41714170575141907
YHR052W,YGL031C,0,0.005930662,0.1544385850429535,0.7612387537956238,0.4172417223453522
YLL048C,YLR221C,0,0.004813671,0.1544072926044464,0.7612387537956238,0.4173417389392853
YPL137C,YGL006W,0,0.0047650635,0.15437601506710052,0.7612387537956238,0.4174417555332184
YKR035W-A,YDR347W,0,0.0044404566,0.15434473752975464,0.7612387537956238,0.4175417423248291
YDR231C,YMR311C,0,0.004029125,0.15431348979473114,0.7612387537956238,0.4176417589187622
YCL057C-A,YPR036W,0,0.003934838,0.15428224205970764,0.7612387537956238,0.4177417755126953
YOR067C,YBR248C,1,0.003418997,0.15445344150066376,0.7622377872467041,0.4177417755126953
YMR076C,YKL183W,0,0.0032567903,0.15442217886447906,0.7622377872467041,0.4178417921066284
YGR060W,YBR082C,0,0.0024717748,0.15439093112945557,0.7622377872467041,0.4179418087005615
YPL273W,YBR048W,0,0.002141118,0.15435969829559326,0.7622377872467041,0.41804179549217224
YBL047C,YPL273W,0,0.0019996762,0.15432848036289215,0.7622377872467041,0.41814181208610535
YER180C,YBL024W,0,0.001876697,0.15429727733135223,0.7622377872467041,0.41824182868003845
YNL130C,YLR289W,0,0.0010941178,0.15426607429981232,0.7622377872467041,0.41834184527397156
YEL027W,YDL142C,0,0.0009674281,0.1542348861694336,0.7622377872467041,0.4184418320655823
YMR261C,YJL139C,1,0.00023946166,0.15440581738948822,0.7632367610931396,0.4184418320655823
YJL019W,YIR018W,0,0.00023773313,0.1543746143579483,0.7632367610931396,0.4185418486595154
YPL161C,YIR036C,0,0.00015825033,0.15434344112873077,0.7632367610931396,0.4186418652534485
YOR347C,YKL033W,0,-0.00013694167,0.15431225299835205,0.7632367610931396,0.4187418818473816
YPR032W,YGR085C,0,-0.0006891042,0.15428109467029572,0.7632367610931396,0.4188418984413147
YLR328W,YNL281W,0,-0.0007837117,0.15424995124340057,0.7632367610931396,0.4189418852329254
YJR140C,YJL048C,0,-0.0009550899,0.15421880781650543,0.7632367610931396,0.4190419018268585
YPR002W,YMR163C,0,-0.0009621531,0.15418769419193268,0.7632367610931396,0.4191419184207916
YPL175W,YOR389W,0,-0.0016226768,0.15415658056735992,0.7632367610931396,0.41924193501472473
YGR120C,YDR390C,0,-0.0017825216,0.15412548184394836,0.7632367610931396,0.41934192180633545
YHL027W,YOL003C,0,-0.001802355,0.154094398021698,0.7632367610931396,0.41944193840026855
YER029C,YDR227W,0,-0.0019828677,0.15406331419944763,0.7632367610931396,0.41954195499420166
YGR170W,YNL282W,0,-0.002166152,0.15403226017951965,0.7632367610931396,0.41964197158813477
YOR252W,YJL103C,0,-0.0023273975,0.15400120615959167,0.7632367610931396,0.41974198818206787
YOR092W,YMR076C,0,-0.0036291182,0.1539701670408249,0.7632367610931396,0.4198419749736786
YLR419W,YOL061W,0,-0.0037448779,0.1539391428232193,0.7632367610931396,0.4199419915676117
YLR278C,YKL007W,0,-0.004094735,0.1539081335067749,0.7632367610931396,0.4200420081615448
YAL030W,YCR081W,0,-0.004474014,0.1538771390914917,0.7632367610931396,0.4201420247554779
YJL094C,YLR023C,0,-0.0050067827,0.1538461595773697,0.7632367610931396,0.4202420115470886
YIL051C,YNL262W,0,-0.0055270493,0.15381518006324768,0.7632367610931396,0.42034202814102173
YPL130W,YOR206W,0,-0.0057646483,0.15378421545028687,0.7632367610931396,0.42044204473495483
YIR019C,YBR247C,0,-0.005943179,0.15375326573848724,0.7632367610931396,0.42054206132888794
YOR085W,YML022W,1,-0.00609535,0.15392354130744934,0.7642357349395752,0.42054206132888794
YPR060C,YJL001W,0,-0.006783381,0.15389257669448853,0.7642357349395752,0.42064207792282104
YOL059W,YMR322C,0,-0.006895721,0.1538616269826889,0.7642357349395752,0.42074206471443176
YLR090W,YBR026C,0,-0.007054329,0.15383069217205048,0.7642357349395752,0.42084208130836487
YGR216C,YNL158W,1,-0.007698618,0.15400080382823944,0.7652347683906555,0.42084208130836487
YLR278C,YMR130W,0,-0.007715881,0.15396985411643982,0.7652347683906555,0.420942097902298
YOR356W,YDR245W,0,-0.007728383,0.1539389044046402,0.7652347683906555,0.4210421144962311
YGR099W,YCL044C,0,-0.007729873,0.15390796959400177,0.7652347683906555,0.4211421012878418
YER083C,YLR305C,0,-0.007741779,0.15387706458568573,0.7652347683906555,0.4212421178817749
YHR113W,YNL081C,0,-0.0077580065,0.1538461595773697,0.7652347683906555,0.421342134475708
YCR046C,YBL080C,0,-0.007991694,0.15381525456905365,0.7652347683906555,0.4214421510696411
YBR050C,YMR227C,0,-0.008221626,0.15378437936306,0.7652347683906555,0.4215421676635742
YDR457W,YBR026C,0,-0.008432001,0.15375351905822754,0.7652347683906555,0.42164215445518494
YLR446W,YGR285C,0,-0.009231955,0.15372265875339508,0.7652347683906555,0.42174217104911804
YHR118C,YLR213C,0,-0.0093303025,0.15369181334972382,0.7652347683906555,0.42184218764305115
YDL074C,YER090W,0,-0.009438515,0.15366098284721375,0.7652347683906555,0.42194220423698425
YPL156C,YGR252W,0,-0.009841889,0.15363016724586487,0.7652347683906555,0.42204219102859497
YDR233C,YGL226C-A,0,-0.009894684,0.153599351644516,0.7652347683906555,0.4221422076225281
YOR162C,YDR096W,0,-0.010783225,0.1535685658454895,0.7652347683906555,0.4222422242164612
YKL010C,YOL055C,0,-0.010789752,0.153537780046463,0.7652347683906555,0.4223422408103943
YFR030W,YPL127C,0,-0.010816276,0.15350700914859772,0.7652347683906555,0.4224422574043274
YDR002W,YDR306C,0,-0.010848582,0.15347625315189362,0.7652347683906555,0.4225422441959381
YDR101C,YPL011C,0,-0.01122117,0.1534455120563507,0.7652347683906555,0.4226422607898712
YHR103W,YJL174W,0,-0.01134114,0.153414785861969,0.7652347683906555,0.4227422773838043
YOL138C,YPL121C,0,-0.011401147,0.15338405966758728,0.7652347683906555,0.4228422939777374
YNL156C,YCL008C,0,-0.011499211,0.15335334837436676,0.7652347683906555,0.42294228076934814
YHL008C,YMR114C,0,-0.011584997,0.15332265198230743,0.7652347683906555,0.42304229736328125
YGR155W,YKL143W,0,-0.01163277,0.1532919704914093,0.7652347683906555,0.42314231395721436
YBR105C,YNL119W,0,-0.012342952,0.15326130390167236,0.7652347683906555,0.42324233055114746
YJL098W,YLR201C,0,-0.012401253,0.15323065221309662,0.7652347683906555,0.42334234714508057
YKL017C,YGR077C,0,-0.012744665,0.15320000052452087,0.7652347683906555,0.4234423339366913
YDL045C,YLR014C,0,-0.012745485,0.15316936373710632,0.7652347683906555,0.4235423505306244
YOR377W,YIL042C,0,-0.012860194,0.15313874185085297,0.7652347683906555,0.4236423671245575
YOL109W,YIL014W,0,-0.012971744,0.1531081348657608,0.7652347683906555,0.4237423837184906
YJR029W,YLR309C,0,-0.013497531,0.15307754278182983,0.7652347683906555,0.4238423705101013
YNL055C,YGR194C,0,-0.013736352,0.15304695069789886,0.7652347683906555,0.4239423871040344
YGL087C,YOR016C,0,-0.014073543,0.1530163735151291,0.7652347683906555,0.42404240369796753
YGR241C,YJL080C,0,-0.014410153,0.1529858261346817,0.7652347683906555,0.42414242029190063
YLR007W,YOL140W,0,-0.014481947,0.15295527875423431,0.7652347683906555,0.42424243688583374
YIL147C,YAL026C,0,-0.014839992,0.15292473137378693,0.7652347683906555,0.42434242367744446
YPL146C,YER173W,0,-0.015351668,0.15289421379566193,0.7652347683906555,0.42444244027137756
YIL048W,YGL129C,0,-0.015381023,0.15286369621753693,0.7652347683906555,0.42454245686531067
YLR295C,YAL013W,0,-0.015633114,0.15283319354057312,0.7652347683906555,0.4246424734592438
YER096W,YBL026W,0,-0.015712887,0.1528027057647705,0.7652347683906555,0.4247424602508545
YOR315W,YLR023C,0,-0.01573509,0.1527722328901291,0.7652347683906555,0.4248424768447876
YDR247W,YGR010W,0,-0.016369104,0.15274177491664886,0.7652347683906555,0.4249424934387207
YLR170C,YOL152W,0,-0.016831785,0.15271131694316864,0.7652347683906555,0.4250425100326538
YGR274C,YPL150W,0,-0.016945302,0.1526808887720108,0.7652347683906555,0.4251425266265869
YDL246C,YMR290C,0,-0.016982868,0.15265046060085297,0.7652347683906555,0.42524251341819763
YLR074C,YPL001W,0,-0.017086081,0.15262004733085632,0.7652347683906555,0.42534253001213074
YNL244C,YKL007W,0,-0.017755598,0.15258963406085968,0.7652347683906555,0.42544254660606384
YOR027W,YGR030C,0,-0.018070906,0.15255925059318542,0.7652347683906555,0.42554256319999695
YBL035C,YKL077W,0,-0.0184405,0.15252886712551117,0.7652347683906555,0.42564254999160767
YPR011C,YPL150W,0,-0.018549457,0.1524985134601593,0.7652347683906555,0.42574256658554077
YCR107W,YKL110C,0,-0.018814206,0.15246815979480743,0.7652347683906555,0.4258425831794739
YER068W,YHR103W,0,-0.01918865,0.15243780612945557,0.7652347683906555,0.425942599773407
YNR067C,YER147C,0,-0.019346774,0.1524074822664261,0.7652347683906555,0.4260426163673401
YLR219W,YLR011W,0,-0.019702166,0.1523771584033966,0.7652347683906555,0.4261426031589508
YDR130C,YDL119C,0,-0.01978302,0.15234686434268951,0.7652347683906555,0.4262426197528839
YIL088C,YPR156C,0,-0.019790187,0.15231657028198242,0.7652347683906555,0.426342636346817
YNL138W,YNL308C,0,-0.020254165,0.15228627622127533,0.7652347683906555,0.4264426529407501
YDR121W,YGR046W,0,-0.020669654,0.15225601196289062,0.7652347683906555,0.42654263973236084
YMR240C,YJL134W,0,-0.020700604,0.15222576260566711,0.7652347683906555,0.42664265632629395
YDR236C,YGL019W,0,-0.02079156,0.1521955132484436,0.7652347683906555,0.42674267292022705
YOL052C-A,YPL178W,0,-0.020922005,0.1521652787923813,0.7652347683906555,0.42684268951416016
YOL076W,YER019C-A,0,-0.02153705,0.15213505923748016,0.7652347683906555,0.42694270610809326
YER137C,YCL018W,0,-0.021839753,0.15210483968257904,0.7652347683906555,0.427042692899704
YGR155W,YPL096W,0,-0.022568107,0.1520746499300003,0.7652347683906555,0.4271427094936371
YJR118C,YOL067C,0,-0.022587277,0.15204446017742157,0.7652347683906555,0.4272427260875702
YMR274C,YOL145C,0,-0.023347937,0.15201428532600403,0.7652347683906555,0.4273427426815033
YCR037C,YBR156C,0,-0.023463987,0.15198412537574768,0.7652347683906555,0.427442729473114
YLR147C,YKL117W,0,-0.02354443,0.15195398032665253,0.7652347683906555,0.4275427460670471
YOR372C,YBR257W,0,-0.023788065,0.15192383527755737,0.7652347683906555,0.4276427626609802
YJL198W,YOR349W,0,-0.023979872,0.1518937200307846,0.7652347683906555,0.42774277925491333
YKR089C,YDR530C,0,-0.024186432,0.15186360478401184,0.7652347683906555,0.42784279584884644
YLR160C,YGR171C,0,-0.024798617,0.15183350443840027,0.7652347683906555,0.42794278264045715
YOR020C,YGR211W,0,-0.02499152,0.1518034040927887,0.7652347683906555,0.42804279923439026
YGR005C,YCL064C,0,-0.02541612,0.1517733335494995,0.7652347683906555,0.42814281582832336
YDR233C,YHR167W,0,-0.02622208,0.15174326300621033,0.7652347683906555,0.42824283242225647
YMR261C,YDR307W,1,-0.026626468,0.15191127359867096,0.7662337422370911,0.42824283242225647
YNL054W,YDL035C,0,-0.026659012,0.15188118815422058,0.7662337422370911,0.4283428490161896
YOL104C,YBL005W-B,0,-0.026925921,0.1518511176109314,0.7662337422370911,0.4284428358078003
YLR258W,YPR183W,1,-0.027448349,0.15201900899410248,0.7672327756881714,0.4284428358078003
YFL033C,YGR014W,0,-0.027629375,0.1519889235496521,0.7672327756881714,0.4285428524017334
YGR170W,YDR007W,0,-0.028211653,0.15195883810520172,0.7672327756881714,0.4286428689956665
YOR014W,YGR235C,0,-0.028424606,0.15192878246307373,0.7672327756881714,0.4287428855895996
YKL194C,YCL069W,0,-0.02857323,0.15189872682094574,0.7672327756881714,0.4288428723812103
YGL180W,YER012W,0,-0.028772235,0.15186870098114014,0.7672327756881714,0.42894288897514343
YFR032C-A,YBL041W,0,-0.028776556,0.15183867514133453,0.7672327756881714,0.42904290556907654
YML031W,YDR283C,0,-0.028778717,0.15180866420269012,0.7672327756881714,0.42914292216300964
YJL194W,YBL103C,0,-0.028781414,0.15177865326404572,0.7672327756881714,0.42924293875694275
YBR193C,YGL211W,0,-0.028866366,0.1517486721277237,0.7672327756881714,0.42934292554855347
YLR401C,YBR182C,0,-0.029878348,0.15171869099140167,0.7672327756881714,0.4294429421424866
YMR283C,YAL023C,1,-0.030182153,0.1518862396478653,0.7682317495346069,0.4294429421424866
YKL096W-A,YHR001W-A,0,-0.030387044,0.15185624361038208,0.7682317495346069,0.4295429587364197
YDR096W,YLR181C,0,-0.030616403,0.15182626247406006,0.7682317495346069,0.4296429753303528
YLR360W,YAL041W,0,-0.03083089,0.15179629623889923,0.7682317495346069,0.4297429621219635
YDR383C,YBL113C,0,-0.031098768,0.1517663300037384,0.7682317495346069,0.4298429787158966
YAL034W-A,YHR181W,0,-0.031251535,0.15173637866973877,0.7682317495346069,0.4299429953098297
YBL068W,YLR237W,0,-0.031287,0.15170645713806152,0.7682317495346069,0.4300430119037628
YOR048C,YDL121C,0,-0.03219524,0.15167653560638428,0.7682317495346069,0.4301430284976959
YNL291C,YIL090W,0,-0.032228976,0.15164661407470703,0.7682317495346069,0.43024301528930664
YKR035W-A,YCR075C,0,-0.032241583,0.15161672234535217,0.7682317495346069,0.43034303188323975
YNL095C,YPR006C,0,-0.032371342,0.15158683061599731,0.7682317495346069,0.43044304847717285
YHL012W,YPL204W,0,-0.03309448,0.15155695378780365,0.7682317495346069,0.43054306507110596
YGL071W,YDR033W,0,-0.03331828,0.15152709186077118,0.7682317495346069,0.4306430518627167
YAL054C,YGL162W,0,-0.03401178,0.1514972448348999,0.7682317495346069,0.4307430684566498
YDR197W,YOR067C,0,-0.034176506,0.15146739780902863,0.7682317495346069,0.4308430850505829
YJL056C,YOL142W,0,-0.034255505,0.15143758058547974,0.7682317495346069,0.430943101644516
YOR081C,YJL079C,0,-0.034567803,0.15140776336193085,0.7682317495346069,0.4310431182384491
YML100W,YNL158W,1,-0.034678012,0.15157480537891388,0.7692307829856873,0.4310431182384491
YDL100C,YPR042C,0,-0.03485313,0.1515449732542038,0.7692307829856873,0.4311431050300598
YKR059W,YOR323C,0,-0.03538543,0.1515151560306549,0.7692307829856873,0.4312431216239929
YGR083C,YNL041C,0,-0.03539419,0.15148533880710602,0.7692307829856873,0.431343138217926
YNL012W,YPR030W,0,-0.03555709,0.15145555138587952,0.7692307829856873,0.43144315481185913
YDR429C,YER176W,0,-0.035558965,0.15142576396465302,0.7692307829856873,0.43154314160346985
YDR530C,YER179W,0,-0.035813197,0.1513959914445877,0.7692307829856873,0.43164315819740295
YKR089C,YLR037C,0,-0.03581968,0.1513662338256836,0.7692307829856873,0.43174317479133606
YMR101C,YML087C,0,-0.035831064,0.15133647620677948,0.7692307829856873,0.43184319138526917
YBR058C-A,YNL081C,0,-0.03590692,0.15130673348903656,0.7692307829856873,0.43194320797920227
YPL022W,YER142C,0,-0.036457345,0.15127702057361603,0.7692307829856873,0.432043194770813
YMR008C,YDR009W,0,-0.03659764,0.1512472927570343,0.7692307829856873,0.4321432113647461
YNL306W,YBR115C,0,-0.037057355,0.15121759474277496,0.7692307829856873,0.4322432279586792
YDR384C,YAL063C,0,-0.037288696,0.15118791162967682,0.7692307829856873,0.4323432445526123
YKR096W,YGL116W,0,-0.03729696,0.15115822851657867,0.7692307829856873,0.432443231344223
YGL249W,YDR361C,0,-0.037305653,0.15112856030464172,0.7692307829856873,0.43254324793815613
YBR182C,YLR100W,0,-0.037454695,0.15109890699386597,0.7692307829856873,0.43264326453208923
YJR040W,YJL058C,0,-0.0379833,0.1510692536830902,0.7692307829856873,0.43274328112602234
YHR157W,YFR007W,0,-0.038300246,0.15103963017463684,0.7692307829856873,0.43284329771995544
YOR048C,YLR033W,0,-0.03855574,0.15101000666618347,0.7692307829856873,0.43294328451156616
YNL227C,YHR012W,0,-0.03864312,0.1509803980588913,0.7692307829856873,0.43304330110549927
YAL028W,YBR218C,0,-0.038727462,0.15095078945159912,0.7692307829856873,0.4331433176994324
YDR117C,YOL127W,0,-0.0387574,0.15092121064662933,0.7692307829856873,0.4332433342933655
YOL086C,YDR435C,0,-0.03942822,0.15089163184165955,0.7692307829856873,0.4333433210849762
YGL223C,YDR297W,0,-0.03970641,0.15086206793785095,0.7692307829856873,0.4334433376789093
YER013W,YDR101C,0,-0.039999068,0.15083251893520355,0.7692307829856873,0.4335433542728424
YNL146W,YOL142W,0,-0.04019177,0.15080296993255615,0.7692307829856873,0.4336433708667755
YMR298W,YLR153C,0,-0.040466458,0.15077345073223114,0.7692307829856873,0.4337433874607086
YPL174C,YHR167W,0,-0.04089302,0.15074393153190613,0.7692307829856873,0.43384337425231934
YDL012C,YEL065W,0,-0.04115942,0.1507144272327423,0.7692307829856873,0.43394339084625244
YOR149C,YLR017W,1,-0.0412035,0.1508806198835373,0.7702297568321228,0.43394339084625244
YPL178W,YKL100C,0,-0.0412807,0.15085110068321228,0.7702297568321228,0.43404340744018555
YER056C-A,YNL189W,0,-0.041581392,0.15082159638404846,0.7702297568321228,0.43414342403411865
YMR089C,YPL033C,0,-0.04196821,0.15079209208488464,0.7702297568321228,0.43424341082572937
YOR359W,YPL105C,0,-0.041984394,0.1507626175880432,0.7702297568321228,0.4343434274196625
YKR026C,YDR451C,0,-0.042024672,0.15073314309120178,0.7702297568321228,0.4344434440135956
YGL092W,YGR078C,0,-0.042058676,0.15070366859436035,0.7702297568321228,0.4345434606075287
YPR173C,YNR019W,0,-0.042103082,0.1506742238998413,0.7702297568321228,0.4346434772014618
YER145C,YHR024C,0,-0.04225856,0.15064477920532227,0.7702297568321228,0.4347434639930725
YDR285W,YNL206C,0,-0.04254219,0.15061534941196442,0.7702297568321228,0.4348434805870056
YLR418C,YJR103W,0,-0.0428046,0.15058593451976776,0.7702297568321228,0.4349434971809387
YIR009W,YOR099W,0,-0.042893738,0.1505565345287323,0.7702297568321228,0.4350435137748718
YNL284C,YLR385C,0,-0.043408006,0.15052713453769684,0.7702297568321228,0.43514350056648254
YBR046C,YER051W,0,-0.043806076,0.15049774944782257,0.7702297568321228,0.43524351716041565
YOR278W,YJR082C,0,-0.04428059,0.1504683792591095,0.7702297568321228,0.43534353375434875
YBR029C,YMR282C,0,-0.04444164,0.15043902397155762,0.7702297568321228,0.43544355034828186
YDR421W,YBL060W,0,-0.04454732,0.15040968358516693,0.7702297568321228,0.43554356694221497
YDL206W,YDL138W,0,-0.04459548,0.15038034319877625,0.7702297568321228,0.4356435537338257
YAL034W-A,YJL045W,0,-0.044769228,0.15035101771354675,0.7702297568321228,0.4357435703277588
YBL079W,YGL135W,0,-0.044930525,0.15032170712947845,0.7702297568321228,0.4358435869216919
YMR006C,YOR373W,0,-0.04500261,0.15029239654541016,0.7702297568321228,0.435943603515625
YJR140C,YGL168W,0,-0.045216717,0.15026310086250305,0.7702297568321228,0.4360435903072357
YDR482C,YBR192W,0,-0.04547116,0.15023382008075714,0.7702297568321228,0.4361436069011688
YOR292C,YPL248C,0,-0.045615196,0.15020455420017242,0.7702297568321228,0.43624362349510193
YDL230W,YBR089C-A,0,-0.045852125,0.1501753032207489,0.7702297568321228,0.43634364008903503
YPR133W-A,YNL080C,0,-0.045872062,0.15014605224132538,0.7702297568321228,0.43644365668296814
YOR049C,YIL046W,0,-0.04591158,0.15011681616306305,0.7702297568321228,0.43654364347457886
YOR273C,YGR281W,0,-0.046169586,0.15008759498596191,0.7702297568321228,0.43664366006851196
YDR056C,YER050C,0,-0.04617387,0.15005838871002197,0.7702297568321228,0.43674367666244507
YBR003W,YFL061W,0,-0.046553403,0.15002918243408203,0.7702297568321228,0.4368436932563782
YER007C-A,YML036W,0,-0.04668224,0.15000000596046448,0.7702297568321228,0.4369436800479889
YBR082C,YMR186W,0,-0.046747282,0.14997082948684692,0.7702297568321228,0.437043696641922
YER112W,YLR287C-A,0,-0.04784271,0.14994165301322937,0.7702297568321228,0.4371437132358551
YOL104C,YIL128W,0,-0.04809595,0.1499125063419342,0.7702297568321228,0.4372437298297882
YER087C-A,YKL140W,0,-0.048193227,0.14988335967063904,0.7702297568321228,0.4373437464237213
YHR210C,YOR201C,0,-0.048463404,0.14985422790050507,0.7702297568321228,0.43744373321533203
YKL096W-A,YPR200C,0,-0.048684165,0.1498251110315323,0.7702297568321228,0.43754374980926514
YBL112C,YOL147C,0,-0.048738733,0.1497959941625595,0.7702297568321228,0.43764376640319824
YBL013W,YLR042C,0,-0.04921174,0.14976690709590912,0.7702297568321228,0.43774378299713135
YOR324C,YDR308C,0,-0.049386084,0.14973782002925873,0.7702297568321228,0.43784376978874207
YHR047C,YAL063C,0,-0.049916074,0.14970873296260834,0.7702297568321228,0.43794378638267517
YLR284C,YGR129W,0,-0.050017394,0.14967967569828033,0.7702297568321228,0.4380438029766083
YNL153C,YOR087W,0,-0.050346896,0.14965061843395233,0.7702297568321228,0.4381438195705414
YLR107W,YDR060W,0,-0.050747156,0.14962157607078552,0.7702297568321228,0.4382438361644745
YDR492W,YJR036C,0,-0.050791115,0.1495925486087799,0.7702297568321228,0.4383438229560852
YJR143C,YGL065C,1,-0.050902575,0.149757519364357,0.7712287902832031,0.4383438229560852
YHR142W,YAL063C,0,-0.05103138,0.14972847700119019,0.7712287902832031,0.4384438395500183
YEL001C,YJR147W,0,-0.051134795,0.14969943463802338,0.7712287902832031,0.4385438561439514
YBL106C,YJR082C,0,-0.05137649,0.14967042207717896,0.7712287902832031,0.4386438727378845
YBL026W,YAR042W,0,-0.052042384,0.14964140951633453,0.7712287902832031,0.43874385952949524
YDR300C,YER190W,0,-0.052403927,0.1496123969554901,0.7712287902832031,0.43884387612342834
YOR059C,YNL098C,0,-0.052504003,0.14958341419696808,0.7712287902832031,0.43894389271736145
YIL142W,YDR013W,0,-0.05256246,0.14955443143844604,0.7712287902832031,0.43904390931129456
YLR234W,YBL076C,0,-0.053097203,0.1495254635810852,0.7712287902832031,0.43914392590522766
YDR478W,YGL092W,0,-0.05351243,0.14949651062488556,0.7712287902832031,0.4392439126968384
YPL112C,YHL011C,0,-0.053544052,0.1494675725698471,0.7712287902832031,0.4393439292907715
YDR195W,YER140W,0,-0.053548872,0.14943863451480865,0.7712287902832031,0.4394439458847046
YHR165C,YPL075W,0,-0.05361092,0.1494097113609314,0.7712287902832031,0.4395439624786377
YLR343W,YPL168W,0,-0.053619325,0.14938080310821533,0.7712287902832031,0.4396439790725708
YER050C,YNL039W,0,-0.05416721,0.14935190975666046,0.7712287902832031,0.4397439658641815
YDL190C,YFR003C,0,-0.054198146,0.1493230164051056,0.7712287902832031,0.4398439824581146
YPL183C,YBR240C,0,-0.054246992,0.14929413795471191,0.7712287902832031,0.43994399905204773
YDR201W,YLL011W,0,-0.05446878,0.14926527440547943,0.7712287902832031,0.44004401564598083
YMR150C,YLR142W,0,-0.05533077,0.14923642575740814,0.7712287902832031,0.44014400243759155
YBR070C,YOR209C,1,-0.055370837,0.14940084517002106,0.7722277641296387,0.44014400243759155
YFL033C,YPL091W,0,-0.055422664,0.14937198162078857,0.7722277641296387,0.44024401903152466
YKL117W,YCL004W,0,-0.05564922,0.1493431180715561,0.7722277641296387,0.44034403562545776
YLR347C,YMR020W,0,-0.055870205,0.1493142694234848,0.7722277641296387,0.44044405221939087
YLR039C,YDR178W,0,-0.057269126,0.1492854356765747,0.7722277641296387,0.440544068813324
YOR336W,YGR032W,1,-0.057382226,0.14944970607757568,0.773226797580719,0.440544068813324
YLR097C,YKL140W,0,-0.05744964,0.1494208425283432,0.773226797580719,0.4406440556049347
YML109W,YJL062W,0,-0.05745566,0.1493920087814331,0.773226797580719,0.4407440721988678
YGL084C,YMR137C,0,-0.058163792,0.149363175034523,0.773226797580719,0.4408440887928009
YMR275C,YPR070W,0,-0.058758497,0.1493343561887741,0.773226797580719,0.440944105386734
YGR083C,YDL109C,0,-0.058878317,0.1493055522441864,0.773226797580719,0.4410440921783447
YGL240W,YJL026W,0,-0.059614033,0.1492767632007599,0.773226797580719,0.44114410877227783
YOR074C,YBR030W,0,-0.059755266,0.14924797415733337,0.773226797580719,0.44124412536621094
YKL041W,YDL180W,0,-0.060395658,0.14921920001506805,0.773226797580719,0.44134414196014404
YNL049C,YJL057C,0,-0.060405154,0.14919044077396393,0.773226797580719,0.44144415855407715
YDL113C,YKL196C,0,-0.060414582,0.1491616815328598,0.773226797580719,0.44154414534568787
YDR243C,YCR031C,0,-0.060622394,0.14913295209407806,0.773226797580719,0.44164416193962097
YPR196W,YGR285C,0,-0.060896114,0.14910422265529633,0.773226797580719,0.4417441785335541
YNL284C,YGL227W,0,-0.061206758,0.14907550811767578,0.773226797580719,0.4418441951274872
YDR325W,YLR314C,0,-0.06133405,0.14904679358005524,0.773226797580719,0.4419441819190979
YDL130W,YNR057C,0,-0.06167677,0.1490180939435959,0.773226797580719,0.442044198513031
YKR027W,YJL149W,0,-0.061959967,0.14898940920829773,0.773226797580719,0.4421442151069641
YKL109W,YNL248C,0,-0.06200598,0.14896073937416077,0.773226797580719,0.4422442317008972
YPL224C,YPL078C,0,-0.06202793,0.1489320695400238,0.773226797580719,0.4423442482948303
YCR077C,YFR038W,0,-0.062049035,0.14890342950820923,0.773226797580719,0.44244423508644104
YDR330W,YMR287C,0,-0.06291513,0.14887478947639465,0.773226797580719,0.44254425168037415
YOR217W,YNL283C,0,-0.063358516,0.14884614944458008,0.773226797580719,0.44264426827430725
YGR189C,YGL203C,0,-0.06343144,0.1488175392150879,0.773226797580719,0.44274428486824036
YEL002C,YDL232W,1,-0.06349647,0.14898115396499634,0.7742257714271545,0.44274428486824036
YOR049C,YBL054W,0,-0.064002395,0.14895252883434296,0.7742257714271545,0.4428442716598511
YOR119C,YDR487C,0,-0.06415008,0.14892390370368958,0.7742257714271545,0.4429442882537842
YHR179W,YNL214W,0,-0.06423495,0.1488952934741974,0.7742257714271545,0.4430443048477173
YBL072C,YML080W,0,-0.06525418,0.1488666981458664,0.7742257714271545,0.4431443214416504
YDR134C,YOL098C,0,-0.06532705,0.1488381028175354,0.7742257714271545,0.4432443380355835
YER061C,YDL240W,0,-0.06549564,0.1488095223903656,0.7742257714271545,0.4433443248271942
YNL259C,YIR037W,0,-0.065808505,0.148780956864357,0.7742257714271545,0.4434443414211273
YKL173W,YAL029C,0,-0.06587985,0.14875240623950958,0.7742257714271545,0.4435443580150604
YBL082C,YGL142C,1,-0.06620617,0.14891575276851654,0.7752248048782349,0.4435443580150604
YLR234W,YER060W,0,-0.066552415,0.14888718724250793,0.7752248048782349,0.44364437460899353
YOR327C,YJR027W,0,-0.06678328,0.14885862171649933,0.7752248048782349,0.44374436140060425
YKL069W,YFR031C-A,0,-0.06696865,0.14883007109165192,0.7752248048782349,0.44384437799453735
YLR299W,YJL141C,0,-0.067341834,0.1488015353679657,0.7752248048782349,0.44394439458847046
YIR002C,YHR204W,0,-0.06832104,0.14877299964427948,0.7752248048782349,0.44404441118240356
YJR076C,YLL022C,0,-0.06922299,0.14874449372291565,0.7752248048782349,0.44414442777633667
YNR052C,YKR099W,0,-0.06949158,0.14871598780155182,0.7752248048782349,0.4442444145679474
YHR092C,YJL024C,0,-0.0702202,0.148687481880188,0.7752248048782349,0.4443444311618805
YCL043C,YML098W,0,-0.07044807,0.14865900576114655,0.7752248048782349,0.4444444477558136
YNL085W,YMR177W,0,-0.07088888,0.1486305296421051,0.7752248048782349,0.4445444643497467
YJL208C,YOL040C,0,-0.0712924,0.14860206842422485,0.7752248048782349,0.4446444511413574
YIR025W,YJL110C,0,-0.07137914,0.1485736221075058,0.7752248048782349,0.4447444677352905
YML043C,YDR019C,0,-0.07139725,0.14854517579078674,0.7752248048782349,0.44484448432922363
YJL094C,YER140W,0,-0.07165438,0.14851674437522888,0.7752248048782349,0.44494450092315674
YBR160W,YAL059W,0,-0.07179919,0.14848832786083221,0.7752248048782349,0.44504451751708984
YJR127C,YPR160W,0,-0.07229407,0.14845992624759674,0.7752248048782349,0.44514450430870056
YPL043W,YNL101W,0,-0.07237753,0.14843152463436127,0.7752248048782349,0.44524452090263367
YOL052C,YIL094C,0,-0.0728005,0.148403137922287,0.7752248048782349,0.4453445374965668
YKL190W,YDR236C,0,-0.072800964,0.1483747661113739,0.7752248048782349,0.4454445540904999
YHR037W,YKR037C,0,-0.07347262,0.14834639430046082,0.7752248048782349,0.4455445408821106
YEL061C,YDR076W,0,-0.073597044,0.14831803739070892,0.7752248048782349,0.4456445574760437
YDL043C,YDR233C,0,-0.073633045,0.14828969538211823,0.7752248048782349,0.4457445740699768
YJR139C,YJL129C,0,-0.073802754,0.14826136827468872,0.7752248048782349,0.4458445906639099
YPR141C,YLR380W,0,-0.07497084,0.14823304116725922,0.7752248048782349,0.445944607257843
YKL058W,YDR243C,0,-0.075084195,0.1482047438621521,0.7752248048782349,0.44604459404945374
YJL114W,YGL144C,0,-0.07540321,0.1481764316558838,0.7752248048782349,0.44614461064338684
YKL041W,YLR224W,0,-0.07594911,0.14814814925193787,0.7752248048782349,0.44624462723731995
YPL188W,YJL157C,0,-0.07682216,0.14811986684799194,0.7752248048782349,0.44634464383125305
YJR042W,YDR468C,0,-0.077103525,0.14809159934520721,0.7752248048782349,0.44644463062286377
YGL196W,YJL178C,0,-0.077463746,0.14806334674358368,0.7752248048782349,0.4465446472167969
YNL094W,YNL128W,0,-0.07764471,0.14803509414196014,0.7752248048782349,0.44664466381073
YDR030C,YPL196W,0,-0.07854873,0.148006871342659,0.7752248048782349,0.4467446804046631
YOR044W,YGL039W,0,-0.0786165,0.14797864854335785,0.7752248048782349,0.4468446969985962
YNL094W,YBR043C,0,-0.07939124,0.1479504257440567,0.7752248048782349,0.4469446837902069
YER052C,YDL130W-A,0,-0.079568475,0.14792223274707794,0.7752248048782349,0.44704470038414
YOR067C,YER055C,1,-0.07968673,0.1480846256017685,0.7762237787246704,0.44704470038414
YDR320C,YFL001W,0,-0.07992059,0.14805640280246735,0.7762237787246704,0.4471447169780731
YKL172W,YGR258C,0,-0.079981446,0.1480281949043274,0.7762237787246704,0.4472447335720062
YFR008W,YLR394W,0,-0.080006406,0.14800000190734863,0.7762237787246704,0.44734472036361694
YJL167W,YDL019C,0,-0.08040398,0.14797180891036987,0.7762237787246704,0.44744473695755005
YMR089C,YNL175C,0,-0.08053288,0.1479436457157135,0.7762237787246704,0.44754475355148315
YDR407C,YLR115W,0,-0.08083969,0.14791548252105713,0.7762237787246704,0.44764477014541626
YIR009W,YOR201C,0,-0.08163723,0.14788731932640076,0.7762237787246704,0.44774478673934937
YHR066W,YIL002C,0,-0.08179402,0.14785918593406677,0.7762237787246704,0.4478447735309601
YHR074W,YJR126C,0,-0.082269266,0.1478310525417328,0.7762237787246704,0.4479447901248932
YDL223C,YHR135C,0,-0.08250053,0.14780293405056,0.7762237787246704,0.4480448067188263
YKL048C,YHR132C,0,-0.0828644,0.1477748155593872,0.7762237787246704,0.4481448233127594
YER044C-A,YBL112C,0,-0.08314702,0.1477467268705368,0.7762237787246704,0.4482448101043701
YDR280W,YMR273C,0,-0.083269455,0.1477186381816864,0.7762237787246704,0.4483448266983032
YKL164C,YGR004W,0,-0.083332,0.147690549492836,0.7762237787246704,0.44844484329223633
YAL011W,YJL143W,0,-0.08338037,0.14766249060630798,0.7762237787246704,0.44854485988616943
YBR122C,YMR053C,0,-0.08344695,0.14763443171977997,0.7762237787246704,0.44864487648010254
YBR041W,YBR202W,0,-0.083541825,0.14760638773441315,0.7762237787246704,0.44874486327171326
YLR067C,YOR294W,0,-0.08393768,0.14757834374904633,0.7762237787246704,0.44884487986564636
YCL067C,YJL133W,0,-0.08402383,0.1475503295660019,0.7762237787246704,0.44894489645957947
YKL095W,YBR041W,0,-0.084566,0.14752231538295746,0.7762237787246704,0.4490449130535126
YGR295C,YHR005C-A,0,-0.08557856,0.14749430119991302,0.7762237787246704,0.4491448998451233
YGL189C,YNL068C,0,-0.08568217,0.14746631681919098,0.7762237787246704,0.4492449164390564
YCR024C,YHR171W,0,-0.08569644,0.14743833243846893,0.7762237787246704,0.4493449330329895
YIL143C,YGR046W,0,-0.08583847,0.14741036295890808,0.7762237787246704,0.4494449496269226
YNR018W,YGR122W,0,-0.08599946,0.14738239347934723,0.7762237787246704,0.4495449662208557
YJR013W,YDR347W,0,-0.086309224,0.14735445380210876,0.7762237787246704,0.44964495301246643
YNL192W,YJL186W,1,-0.086598225,0.14751611649990082,0.777222752571106,0.44964495301246643
YPL048W,YDL028C,0,-0.08668132,0.14748814702033997,0.777222752571106,0.44974496960639954
YBR274W,YPL095C,0,-0.086685084,0.1474601924419403,0.777222752571106,0.44984498620033264
YFR047C,YLR154C,0,-0.08668796,0.14743225276470184,0.777222752571106,0.44994500279426575
YML067C,YJR155W,0,-0.08738124,0.14740431308746338,0.777222752571106,0.45004501938819885
YLL048C,YLR325C,0,-0.087527394,0.1473764032125473,0.777222752571106,0.45014500617980957
YGL105W,YPL065W,0,-0.08754879,0.14734847843647003,0.777222752571106,0.4502450227737427
YER023W,YPL195W,0,-0.08800347,0.14732058346271515,0.777222752571106,0.4503450393676758
YIR004W,YBR005W,0,-0.08873154,0.14729268848896027,0.777222752571106,0.4504450559616089
YER063W,YLL045C,0,-0.08880645,0.14726480841636658,0.777222752571106,0.4505450427532196
YLR435W,YKL196C,0,-0.08889356,0.14723694324493408,0.777222752571106,0.4506450593471527
YDL072C,YOR067C,0,-0.09079188,0.1472090780735016,0.777222752571106,0.4507450759410858
YNL286W,YER019C-A,0,-0.0909988,0.14718122780323029,0.777222752571106,0.4508450925350189
YJL139C,YDR074W,1,-0.09128207,0.1473425328731537,0.7782217860221863,0.4508450925350189
YGL093W,YDR093W,0,-0.0913178,0.1473146677017212,0.7782217860221863,0.450945109128952
YNL029C,YNL048W,1,-0.091413885,0.14747589826583862,0.7792207598686218,0.450945109128952
YHR013C,YMR246W,0,-0.091549754,0.14744801819324493,0.7792207598686218,0.45104509592056274
YOL122C,YNL172W,0,-0.09159398,0.14742015302181244,0.7792207598686218,0.45114511251449585
YDL154W,YML113W,0,-0.091628134,0.14739228785037994,0.7792207598686218,0.45124512910842896
YDR498C,YAL023C,0,-0.09205368,0.14736443758010864,0.7792207598686218,0.45134514570236206
YHL050C,YPL163C,0,-0.09211612,0.14733660221099854,0.7792207598686218,0.4514451324939728
YKL029C,YBR001C,0,-0.09212667,0.14730878174304962,0.7792207598686218,0.4515451490879059
YLR121C,YCL052C,0,-0.09250879,0.1472809612751007,0.7792207598686218,0.451645165681839
YOR089C,YKL077W,0,-0.0934638,0.147253155708313,0.7792207598686218,0.4517451822757721
YML081C-A,YMR242C,0,-0.093631044,0.14722536504268646,0.7792207598686218,0.4518451988697052
YLR318W,YGR175C,0,-0.093863145,0.14719758927822113,0.7792207598686218,0.4519451856613159
YOR119C,YDR038C,0,-0.09415281,0.1471698135137558,0.7792207598686218,0.452045202255249
YML100W,YMR306W,1,-0.0941973,0.14733068645000458,0.7802197933197021,0.452045202255249
YPL234C,YHR108W,0,-0.09428862,0.14730291068553925,0.7802197933197021,0.45214521884918213
YLR190W,YML028W,0,-0.09461042,0.14727512001991272,0.7802197933197021,0.45224523544311523
YKR069W,YEL030W,0,-0.09543198,0.14724735915660858,0.7802197933197021,0.45234522223472595
YBR251W,YDR303C,0,-0.09561357,0.14721959829330444,0.7802197933197021,0.45244523882865906
YOL026C,YGR070W,0,-0.09568368,0.1471918523311615,0.7802197933197021,0.45254525542259216
YGL084C,YHL031C,0,-0.09582326,0.14716412127017975,0.7802197933197021,0.45264527201652527
YBR040W,YNL115C,0,-0.09646781,0.1471364051103592,0.7802197933197021,0.4527452886104584
YGR052W,YER114C,0,-0.09662905,0.14710868895053864,0.7802197933197021,0.4528452754020691
YDL095W,YDR026C,0,-0.097093135,0.14708097279071808,0.7802197933197021,0.4529452919960022
YJR060W,YGR217W,0,-0.097192034,0.1470532864332199,0.7802197933197021,0.4530453085899353
YIL033C,YBL005W-B,0,-0.097192496,0.14702560007572174,0.7802197933197021,0.4531453251838684
YPL143W,YDR081C,0,-0.09740353,0.14699792861938477,0.7802197933197021,0.4532453119754791
YIL138C,YOR019W,0,-0.097803146,0.14697027206420898,0.7802197933197021,0.45334532856941223
YJR135C,YDL245C,0,-0.097877674,0.1469426155090332,0.7802197933197021,0.45344534516334534
YCR094W,YNR047W,0,-0.098059714,0.14691497385501862,0.7802197933197021,0.45354536175727844
YBL052C,YOL090W,0,-0.0983966,0.14688734710216522,0.7802197933197021,0.45364537835121155
YBR101C,YOR168W,0,-0.09883311,0.14685972034931183,0.7802197933197021,0.45374536514282227
YER005W,YOL108C,0,-0.099004626,0.14683210849761963,0.7802197933197021,0.45384538173675537
YGR274C,YPR120C,0,-0.09929889,0.14680451154708862,0.7802197933197021,0.4539453983306885
YOR016C,YNL278W,0,-0.09970492,0.14677691459655762,0.7802197933197021,0.4540454149246216
YER095W,YGR202C,0,-0.1001243,0.146749347448349,0.7802197933197021,0.4541454017162323
YNL046W,YOR168W,0,-0.10041,0.14672178030014038,0.7802197933197021,0.4542454183101654
YHR132C,YER046W,0,-0.10058526,0.14669421315193176,0.7802197933197021,0.4543454349040985
YFR034C,YMR015C,0,-0.10062556,0.14666666090488434,0.7802197933197021,0.4544454514980316
YJL143W,YJL216C,0,-0.10078642,0.1466391235589981,0.7802197933197021,0.4545454680919647
YLR164W,YDL110C,0,-0.10084373,0.14661160111427307,0.7802197933197021,0.45464545488357544
YDL211C,YGR118W,0,-0.10115528,0.14658407866954803,0.7802197933197021,0.45474547147750854
YJR051W,YMR013C,0,-0.101436585,0.1465565711259842,0.7802197933197021,0.45484548807144165
YEL032W,YPL075W,0,-0.10174915,0.14652907848358154,0.7802197933197021,0.45494550466537476
YGL128C,YMR039C,0,-0.10216159,0.1465016007423401,0.7802197933197021,0.4550454914569855
YKL020C,YER082C,0,-0.10224765,0.14647412300109863,0.7802197933197021,0.4551455080509186
YDR389W,YLR100W,0,-0.10337475,0.14644666016101837,0.7802197933197021,0.4552455246448517
YPL053C,YJL139C,1,-0.10342142,0.1466066688299179,0.7812187671661377,0.4552455246448517
YBR278W,YJR046W,0,-0.10342773,0.14657919108867645,0.7812187671661377,0.4553455412387848
YEL029C,YHL019C,0,-0.103742704,0.1465517282485962,0.7812187671661377,0.4554455578327179
YDR415C,YFR038W,0,-0.10404331,0.14652426540851593,0.7812187671661377,0.4555455446243286
YEL031W,YNL223W,0,-0.104065105,0.14649681746959686,0.7812187671661377,0.4556455612182617
YCL068C,YAL012W,0,-0.104225,0.1464693695306778,0.7812187671661377,0.4557455778121948
YLR016C,YDR304C,0,-0.10433842,0.14644195139408112,0.7812187671661377,0.45584559440612793
YDR298C,YDR483W,0,-0.10468534,0.14641453325748444,0.7812187671661377,0.45594558119773865
YAL040C,YJL048C,0,-0.104852915,0.14638711512088776,0.7812187671661377,0.45604559779167175
YBR129C,YAL038W,0,-0.10581845,0.14635972678661346,0.7812187671661377,0.45614561438560486
YER096W,YDR390C,0,-0.1065318,0.14633233845233917,0.7812187671661377,0.45624563097953796
YGR234W,YOL155C,0,-0.106607005,0.14630496501922607,0.7812187671661377,0.45634564757347107
YBR162C,YMR145C,0,-0.10665625,0.14627759158611298,0.7812187671661377,0.4564456343650818
YGL085W,YPL150W,0,-0.10722062,0.14625023305416107,0.7812187671661377,0.4565456509590149
YBR093C,YOR304C-A,0,-0.107311234,0.14622288942337036,0.7812187671661377,0.456645667552948
YBR058C,YLR429W,0,-0.10746592,0.14619554579257965,0.7812187671661377,0.4567456841468811
YDR497C,YGL119W,0,-0.10776837,0.14616821706295013,0.7812187671661377,0.4568456709384918
YKR085C,YKR095W,0,-0.10824223,0.1461409032344818,0.7812187671661377,0.4569456875324249
YDL029W,YLR073C,0,-0.10876763,0.14611360430717468,0.7812187671661377,0.45704570412635803
YGL210W,YDR463W,0,-0.10989934,0.14608630537986755,0.7812187671661377,0.45714572072029114
YER001W,YFR047C,1,-0.10997547,0.1462457925081253,0.782217800617218,0.45714572072029114
YLR284C,YDR262W,0,-0.10998145,0.14621849358081818,0.782217800617218,0.45724573731422424
YMR150C,YLR170C,0,-0.10999131,0.14619119465351105,0.782217800617218,0.45734572410583496
YEL015W,YHL035C,0,-0.11012397,0.14616389572620392,0.782217800617218,0.45744574069976807
YGR094W,YPR178W,0,-0.11044502,0.14613661170005798,0.782217800617218,0.45754575729370117
YPL063W,YAL026C,0,-0.11060549,0.14610934257507324,0.782217800617218,0.4576457738876343
YPL110C,YGL005C,0,-0.110819526,0.1460820883512497,0.782217800617218,0.457745760679245
YER038C,YDL047W,0,-0.11116998,0.14605483412742615,0.782217800617218,0.4578457772731781
YLR234W,YDR072C,0,-0.11152962,0.1460275948047638,0.782217800617218,0.4579457938671112
YER048W-A,YER029C,0,-0.111696154,0.14600037038326263,0.782217800617218,0.4580458104610443
YNL280C,YDL227C,0,-0.11170226,0.14597316086292267,0.782217800617218,0.4581458270549774
YOR241W,YHL008C,0,-0.1124759,0.1459459513425827,0.782217800617218,0.45824581384658813
YPL028W,YGL168W,0,-0.11280527,0.14591874182224274,0.782217800617218,0.45834583044052124
YGR086C,YBR067C,0,-0.1129296,0.14589156210422516,0.782217800617218,0.45844584703445435
YJL030W,YHR120W,0,-0.113113,0.14586438238620758,0.782217800617218,0.45854586362838745
YNL038W,YDL124W,0,-0.113124184,0.1458372175693512,0.782217800617218,0.45864585041999817
YAL056W,YKR096W,0,-0.11385985,0.1458100527524948,0.782217800617218,0.4587458670139313
YGL035C,YMR213W,0,-0.11438948,0.14578290283679962,0.782217800617218,0.4588458836078644
YDR356W,YEL031W,0,-0.115544826,0.14575576782226562,0.782217800617218,0.4589459002017975
YOL064C,YNR032C-A,0,-0.116423115,0.14572864770889282,0.782217800617218,0.4590459167957306
YDR137W,YOL023W,0,-0.11693819,0.14570152759552002,0.782217800617218,0.4591459035873413
YGR103W,YIL009C-A,0,-0.11758793,0.1456744223833084,0.782217800617218,0.4592459201812744
YDR412W,YPL051W,0,-0.117764056,0.1456473171710968,0.782217800617218,0.4593459367752075
YBR243C,YDR437W,1,-0.117822945,0.1458062082529068,0.7832167744636536,0.4593459367752075
YLR467W,YEL054C,0,-0.11789023,0.1457791030406952,0.7832167744636536,0.4594459533691406
YDR375C,YMR322C,0,-0.117951795,0.14575199782848358,0.7832167744636536,0.45954594016075134
YGL180W,YLR207W,0,-0.118715346,0.14572490751743317,0.7832167744636536,0.45964595675468445
YFR015C,YOR321W,1,-0.118918836,0.14588366448879242,0.7842158079147339,0.45964595675468445
YJL098W,YDL029W,0,-0.11892749,0.1458565592765808,0.7842158079147339,0.45974597334861755
YML133C,YDR243C,0,-0.118929796,0.1458294689655304,0.7842158079147339,0.45984598994255066
YCL024W,YBR287W,0,-0.11898862,0.14580237865447998,0.7842158079147339,0.45994600653648376
YBL085W,YCL035C,0,-0.1192967,0.14577530324459076,0.7842158079147339,0.4600459933280945
YNL118C,YKL079W,0,-0.11929856,0.14574824273586273,0.7842158079147339,0.4601460099220276
YKL063C,YHR099W,0,-0.11950642,0.1457211822271347,0.7842158079147339,0.4602460265159607
YGL028C,YNR059W,0,-0.11965783,0.14569413661956787,0.7842158079147339,0.4603460431098938
YJL004C,YDR328C,0,-0.11995813,0.14566710591316223,0.7842158079147339,0.4604460299015045
YBR240C,YLL006W,0,-0.120711185,0.1456400752067566,0.7842158079147339,0.4605460464954376
YAL033W,YGL232W,0,-0.12154877,0.14561305940151215,0.7842158079147339,0.4606460630893707
YGL213C,YOL120C,0,-0.12158167,0.1455860584974289,0.7842158079147339,0.46074607968330383
YKL029C,YLR100W,0,-0.12215334,0.14555905759334564,0.7842158079147339,0.46084609627723694
YDR527W,YDL229W,0,-0.12239987,0.14553207159042358,0.7842158079147339,0.46094608306884766
YPL196W,YLR265C,0,-0.122481495,0.14550510048866272,0.7842158079147339,0.46104609966278076
YDL022W,YDR011W,0,-0.12259811,0.14547812938690186,0.7842158079147339,0.46114611625671387
YJR053W,YLR381W,0,-0.12323445,0.14545117318630219,0.7842158079147339,0.461246132850647
YGL058W,YBR107C,0,-0.123417884,0.1454242318868637,0.7842158079147339,0.4613461494445801
YLR438C-A,YHR158C,0,-0.12359121,0.14539729058742523,0.7842158079147339,0.4614461362361908
YGR227W,YGL047W,1,-0.123642944,0.1455555558204651,0.7852147817611694,0.4614461362361908
YGL139W,YHR157W,0,-0.123729095,0.14552859961986542,0.7852147817611694,0.4615461528301239
YLR107W,YOR167C,0,-0.12396519,0.14550167322158813,0.7852147817611694,0.461646169424057
YML021C,YJR006W,0,-0.12412349,0.14547473192214966,0.7852147817611694,0.4617461860179901
YKR053C,YMR201C,0,-0.1243391,0.14544782042503357,0.7852147817611694,0.46184617280960083
YDR080W,YMR311C,0,-0.12438899,0.14542090892791748,0.7852147817611694,0.46194618940353394
YBR050C,YDR468C,0,-0.12550262,0.14539401233196259,0.7852147817611694,0.46204620599746704
YDR347W,YFR037C,0,-0.12574542,0.1453671157360077,0.7852147817611694,0.46214622259140015
YFR047C,YBR248C,1,-0.12575862,0.14552514255046844,0.7862138152122498,0.46214622259140015
YER106W,YPL144W,0,-0.12579775,0.14549824595451355,0.7862138152122498,0.46224623918533325
YDR470C,YLR435W,0,-0.12583266,0.14547134935855865,0.7862138152122498,0.46234622597694397
YKL191W,YGL039W,0,-0.12588096,0.14544446766376495,0.7862138152122498,0.4624462425708771
YGL158W,YDR032C,0,-0.12636513,0.14541758596897125,0.7862138152122498,0.4625462591648102
YOR009W,YHR066W,0,-0.12724839,0.14539071917533875,0.7862138152122498,0.4626462757587433
YNL145W,YJL034W,0,-0.12735122,0.14536386728286743,0.7862138152122498,0.462746262550354
YGR194C,YLR426W,0,-0.1273649,0.1453370302915573,0.7862138152122498,0.4628462791442871
YLR139C,YGL128C,0,-0.12813258,0.1453101933002472,0.7862138152122498,0.4629462957382202
YDR044W,YOR287C,0,-0.128523,0.14528337121009827,0.7862138152122498,0.4630463123321533
YEL052W,YOR132W,0,-0.12868494,0.14525654911994934,0.7862138152122498,0.4631463289260864
YBL076C,YGR161C,0,-0.12876779,0.1452297419309616,0.7862138152122498,0.46324631571769714
YMR110C,YCL069W,0,-0.12949504,0.14520294964313507,0.7862138152122498,0.46334633231163025
YDR436W,YLR058C,0,-0.12966514,0.14517617225646973,0.7862138152122498,0.46344634890556335
YLR359W,YOL051W,0,-0.1300156,0.14514939486980438,0.7862138152122498,0.46354636549949646
YCR092C,YER153C,0,-0.13032715,0.14512263238430023,0.7862138152122498,0.4636463522911072
YGL249W,YBR275C,0,-0.13043863,0.14509586989879608,0.7862138152122498,0.4637463688850403
YLR278C,YOL055C,0,-0.13050556,0.14506912231445312,0.7862138152122498,0.4638463854789734
YPR002W,YJL214W,0,-0.13074228,0.14504238963127136,0.7862138152122498,0.4639464020729065
YLR312W-A,YKL013C,0,-0.13105607,0.1450156569480896,0.7862138152122498,0.4640464186668396
YOL018C,YDR145W,0,-0.13127257,0.14498893916606903,0.7862138152122498,0.4641464054584503
YLR383W,YDR088C,0,-0.13132374,0.14496223628520966,0.7862138152122498,0.4642464220523834
YMR322C,YJL174W,0,-0.13149035,0.14493554830551147,0.7862138152122498,0.46434643864631653
YDR200C,YKL183W,0,-0.13197637,0.1449088603258133,0.7862138152122498,0.46444645524024963
YOL031C,YCL057C-A,0,-0.13206662,0.1448821723461151,0.7862138152122498,0.46454644203186035
YGL136C,YDR451C,0,-0.13210857,0.14485551416873932,0.7862138152122498,0.46464645862579346
YGL183C,YBR093C,0,-0.13215047,0.14482885599136353,0.7862138152122498,0.46474647521972656
YEL053C,YNL287W,0,-0.13222262,0.14480221271514893,0.7862138152122498,0.46484649181365967
YLR026C,YLR265C,0,-0.13276204,0.14477556943893433,0.7862138152122498,0.4649465084075928
YGL093W,YGL050W,0,-0.13285434,0.14474894106388092,0.7862138152122498,0.4650464951992035
YJR033C,YNL213C,0,-0.13285458,0.1447223275899887,0.7862138152122498,0.4651465117931366
YML067C,YGL220W,0,-0.13325745,0.1446957141160965,0.7862138152122498,0.4652465283870697
YLR361C,YJL133W,0,-0.1334374,0.14466911554336548,0.7862138152122498,0.4653465449810028
YIL115C,YMR238W,0,-0.13344012,0.14464253187179565,0.7862138152122498,0.4654465317726135
YIL075C,YOR069W,0,-0.13368838,0.14461594820022583,0.7862138152122498,0.46554654836654663
YHR017W,YJL062W,0,-0.13375883,0.1445893794298172,0.7862138152122498,0.46564656496047974
YNL246W,YOR172W,0,-0.13427791,0.14456282556056976,0.7862138152122498,0.46574658155441284
YMR180C,YOL100W,0,-0.1344589,0.14453627169132233,0.7862138152122498,0.46584659814834595
YOR067C,YDL232W,1,-0.13460709,0.14469335973262787,0.7872127890586853,0.46584659814834595
YAL053W,YMR267W,0,-0.13464467,0.14466679096221924,0.7872127890586853,0.46594658493995667
YLL018C,YLR037C,0,-0.13471311,0.1446402370929718,0.7872127890586853,0.46604660153388977
YCR046C,YDL138W,0,-0.13494278,0.14461368322372437,0.7872127890586853,0.4661466181278229
YBR176W,YGR014W,0,-0.13494569,0.14458715915679932,0.7872127890586853,0.466246634721756
YGR122W,YNR041C,0,-0.13528767,0.14456063508987427,0.7872127890586853,0.4663466215133667
YLR113W,YJR147W,0,-0.13534294,0.14453411102294922,0.7872127890586853,0.4664466381072998
YJL219W,YDR356W,0,-0.13541685,0.14450761675834656,0.7872127890586853,0.4665466547012329
YNR031C,YDR304C,0,-0.13561308,0.1444811075925827,0.7872127890586853,0.466646671295166
YHR156C,YKR103W,0,-0.13564362,0.14445462822914124,0.7872127890586853,0.4667466878890991
YJL048C,YPR152C,0,-0.13586813,0.14442814886569977,0.7872127890586853,0.46684667468070984
YJR138W,YKL183W,0,-0.13618477,0.1444016844034195,0.7872127890586853,0.46694669127464294
YFR001W,YEL065W,0,-0.1366995,0.14437523484230042,0.7872127890586853,0.46704670786857605
YDR229W,YNL301C,0,-0.13682997,0.14434878528118134,0.7872127890586853,0.46714672446250916
YJR051W,YDL175C,0,-0.13688816,0.14432235062122345,0.7872127890586853,0.4672467112541199
YNL180C,YOL157C,0,-0.13703564,0.14429591596126556,0.7872127890586853,0.467346727848053
YDR246W,YNL027W,0,-0.13709468,0.14426949620246887,0.7872127890586853,0.4674467444419861
YDL087C,YLL019C,0,-0.13752526,0.14424309134483337,0.7872127890586853,0.4675467610359192
YBR237W,YML088W,0,-0.13802874,0.14421668648719788,0.7872127890586853,0.4676467776298523
YDL232W,YKL004W,1,-0.13904364,0.14437328279018402,0.7882117629051208,0.4676467776298523
YCL032W,YLR203C,0,-0.1391827,0.14434687793254852,0.7882117629051208,0.467746764421463
YER056C,YPL195W,0,-0.13928169,0.14432047307491302,0.7882117629051208,0.4678467810153961
YBR046C,YGL226W,0,-0.14017203,0.14429406821727753,0.7882117629051208,0.4679467976093292
YDL146W,YGR271W,0,-0.14044316,0.14426769316196442,0.7882117629051208,0.46804681420326233
YMR038C,YEL051W,0,-0.14058718,0.1442413181066513,0.7882117629051208,0.46814680099487305
YLR284C,YLR059C,0,-0.14107084,0.1442149579524994,0.7882117629051208,0.46824681758880615
YPR137W,YHR082C,0,-0.14119726,0.14418859779834747,0.7882117629051208,0.46834683418273926
YPL175W,YLR058C,0,-0.14180371,0.14416225254535675,0.7882117629051208,0.46844685077667236
YDR419W,YOR316C,0,-0.14190136,0.14413592219352722,0.7882117629051208,0.46854686737060547
YNR030W,YMR306W,1,-0.14222495,0.14429223537445068,0.7892107963562012,0.46854686737060547
YPR108W,YBR181C,0,-0.14230767,0.14426589012145996,0.7892107963562012,0.4686468541622162
YCR060W,YIR014W,0,-0.14247257,0.14423954486846924,0.7892107963562012,0.4687468707561493
YPL175W,YEL036C,1,-0.14249405,0.14439576864242554,0.7902097702026367,0.4687468707561493
YDR195W,YJR015W,0,-0.14354688,0.14436940848827362,0.7902097702026367,0.4688468873500824
YPR184W,YBR110W,1,-0.14430228,0.14452554285526276,0.791208803653717,0.4688468873500824
YDR292C,YBR172C,0,-0.14456153,0.14449918270111084,0.791208803653717,0.4689469039440155
YNL317W,YOR091W,0,-0.14465144,0.14447282254695892,0.791208803653717,0.4690468907356262
YIR036C,YJL025W,0,-0.14486195,0.1444464772939682,0.791208803653717,0.4691469073295593
YOL158C,YHR103W,0,-0.14542283,0.14442013204097748,0.791208803653717,0.46924692392349243
YNL335W,YBR026C,0,-0.14543429,0.14439380168914795,0.791208803653717,0.46934694051742554
YDL095W,YGR227W,1,-0.14571816,0.14454975724220276,0.7922077775001526,0.46934694051742554
YIL070C,YER014W,0,-0.1458795,0.14452341198921204,0.7922077775001526,0.46944695711135864
YML030W,YKL143W,0,-0.14592671,0.1444970816373825,0.7922077775001526,0.46954694390296936
YJR133W,YPR183W,1,-0.14603728,0.14465294778347015,0.7932068109512329,0.46954694390296936
YDR399W,YGL226C-A,1,-0.14611319,0.14480873942375183,0.7942057847976685,0.46954694390296936
YLR318W,YKR105C,0,-0.14616932,0.14478236436843872,0.7942057847976685,0.46964696049690247
YGL233W,YJL168C,0,-0.14690131,0.1447560042142868,0.7942057847976685,0.46974697709083557
YOR266W,YDR205W,0,-0.1472728,0.14472965896129608,0.7942057847976685,0.4698469936847687
YLR342W,YJL186W,1,-0.14731652,0.1448853313922882,0.7952048182487488,0.4698469936847687
YNL056W,YJL114W,0,-0.14747491,0.1448589563369751,0.7952048182487488,0.4699469804763794
YOR278W,YCR012W,0,-0.14776318,0.14483261108398438,0.7952048182487488,0.4700469970703125
YAL056W,YLR312W-A,0,-0.14851928,0.14480625092983246,0.7952048182487488,0.4701470136642456
YLR016C,YFL010W-A,0,-0.1489175,0.14477992057800293,0.7952048182487488,0.4702470302581787
YLR305C,YEL038W,0,-0.14952639,0.1447535902261734,0.7952048182487488,0.4703470468521118
YIL020C,YBR142W,0,-0.14988571,0.14472727477550507,0.7952048182487488,0.47044703364372253
YBL023C,YHR204W,0,-0.15012643,0.14470095932483673,0.7952048182487488,0.47054705023765564
YGL065C,YPL227C,1,-0.15026063,0.14485642313957214,0.7962037920951843,0.47054705023765564
YLR026C,YGR052W,0,-0.15089008,0.14483009278774261,0.7962037920951843,0.47064706683158875
YOR034C,YLR172C,0,-0.1510946,0.14480377733707428,0.7962037920951843,0.47074708342552185
YDR204W,YNL286W,0,-0.1513913,0.14477747678756714,0.7962037920951843,0.47084707021713257
YKL040C,YKL119C,0,-0.15224743,0.14475117623806,0.7962037920951843,0.4709470868110657
YPL174C,YNL243W,0,-0.1523604,0.14472489058971405,0.7962037920951843,0.4710471034049988
YDR513W,YOR201C,0,-0.15256423,0.1446986198425293,0.7962037920951843,0.4711471199989319
YNL079C,YGL219C,0,-0.1529372,0.14467234909534454,0.7962037920951843,0.471247136592865
YDR354W,YNL158W,1,-0.15305836,0.14482758939266205,0.7972028255462646,0.471247136592865
YER062C,YJR096W,0,-0.15340652,0.1448013037443161,0.7972028255462646,0.4713471233844757
YGR253C,YLR073C,0,-0.15356019,0.14477503299713135,0.7972028255462646,0.4714471399784088
YDR025W,YGR014W,0,-0.1541916,0.1447487771511078,0.7972028255462646,0.4715471565723419
YIL159W,YDR148C,0,-0.15422776,0.14472252130508423,0.7972028255462646,0.471647173166275
YOR357C,YDR013W,0,-0.15461083,0.14469628036022186,0.7972028255462646,0.47174715995788574
YOR292C,YJL166W,0,-0.1547662,0.1446700543165207,0.7972028255462646,0.47184717655181885
YDL031W,YLR079W,0,-0.15490429,0.14464382827281952,0.7972028255462646,0.47194719314575195
YNL191W,YML091C,0,-0.1549474,0.14461761713027954,0.7972028255462646,0.47204720973968506
YNL318C,YPL075W,0,-0.15500556,0.14459140598773956,0.7972028255462646,0.47214722633361816
YJR158W,YOL135C,0,-0.15502703,0.14456522464752197,0.7972028255462646,0.4722472131252289
YDL007W,YHR101C,0,-0.15505181,0.1445390284061432,0.7972028255462646,0.472347229719162
YDR200C,YER007W,0,-0.1552704,0.1445128619670868,0.7972028255462646,0.4724472463130951
YDR229W,YGR113W,0,-0.15558541,0.1444866955280304,0.7972028255462646,0.4725472629070282
YER045C,YNR022C,0,-0.15584701,0.144460529088974,0.7972028255462646,0.4726472795009613
YLR167W,YCL027W,0,-0.1558687,0.14443439245224,0.7972028255462646,0.472747266292572
YMR165C,YDR325W,0,-0.15602759,0.14440825581550598,0.7972028255462646,0.4728472828865051
YLR043C,YGL116W,0,-0.15621173,0.14438211917877197,0.7972028255462646,0.47294729948043823
YLR182W,YML120C,0,-0.156227,0.14435601234436035,0.7972028255462646,0.47304731607437134
YLR142W,YKL140W,0,-0.15763456,0.14432989060878754,0.7972028255462646,0.47314730286598206
YDR196C,YER056C,0,-0.15781134,0.1443037986755371,0.7972028255462646,0.47324731945991516
YDR373W,YCL032W,0,-0.15806113,0.14427770674228668,0.7972028255462646,0.47334733605384827
YAL016W,YOR201C,0,-0.15820871,0.14425162971019745,0.7972028255462646,0.47344735264778137
YDR399W,YJR133W,1,-0.15886441,0.1444062888622284,0.7982017993927002,0.47344735264778137
YHL021C,YOR358W,0,-0.15964264,0.14438019692897797,0.7982017993927002,0.4735473692417145
YLR385C,YBL010C,0,-0.15980178,0.14435410499572754,0.7982017993927002,0.4736473560333252
YNL149C,YLR058C,0,-0.15984064,0.1443280279636383,0.7982017993927002,0.4737473726272583
YHR207C,YNR070W,0,-0.16088963,0.14430196583271027,0.7982017993927002,0.4738473892211914
YGR212W,YOL067C,0,-0.16116992,0.14427591860294342,0.7982017993927002,0.4739474058151245
YER113C,YPL068C,0,-0.1613509,0.14424987137317657,0.7982017993927002,0.47404739260673523
YGL170C,YBR196C,0,-0.16197242,0.14422382414340973,0.7982017993927002,0.47414740920066833
YKL054C,YFL033C,0,-0.16230929,0.14419779181480408,0.7982017993927002,0.47424742579460144
YKR050W,YDR499W,0,-0.16247118,0.14417177438735962,0.7982017993927002,0.47434744238853455
YPL121C,YLR052W,0,-0.16251692,0.14414577186107635,0.7982017993927002,0.47444745898246765
YBR272C,YGR281W,0,-0.16272002,0.1441197693347931,0.7982017993927002,0.47454744577407837
YBR260C,YNL127W,0,-0.1627781,0.14409378170967102,0.7982017993927002,0.4746474623680115
YFR049W,YHR082C,0,-0.16323006,0.14406779408454895,0.7982017993927002,0.4747474789619446
YNR053C,YJL001W,0,-0.16337377,0.14404182136058807,0.7982017993927002,0.4748474955558777
YFR019W,YMR261C,0,-0.1639733,0.1440158635377884,0.7982017993927002,0.4749474823474884
YGL070C,YDR402C,0,-0.16404335,0.1439899057149887,0.7982017993927002,0.4750474989414215
YMR137C,YNL216W,0,-0.16409554,0.14396396279335022,0.7982017993927002,0.4751475155353546
YLR371W,YMR078C,0,-0.16455588,0.14393803477287292,0.7982017993927002,0.4752475321292877
YGL037C,YDR363W-A,0,-0.16457093,0.14391210675239563,0.7982017993927002,0.4753475487232208
YHR027C,YBR248C,0,-0.16464897,0.14388619363307953,0.7982017993927002,0.47544753551483154
YJL206C,YGL068W,0,-0.16465184,0.14386028051376343,0.7982017993927002,0.47554755210876465
YCR093W,YJL158C,0,-0.16477479,0.14383438229560852,0.7982017993927002,0.47564756870269775
YHR080C,YER045C,0,-0.16491318,0.1438084989786148,0.7982017993927002,0.47574758529663086
YBR207W,YLR187W,0,-0.16557096,0.1437826156616211,0.7982017993927002,0.4758475720882416
YOL165C,YOR319W,0,-0.16588023,0.14375674724578857,0.7982017993927002,0.4759475886821747
YDL149W,YIL135C,0,-0.16664554,0.14373089373111725,0.7982017993927002,0.4760476052761078
YLR352W,YLR300W,0,-0.16671084,0.14370504021644592,0.7982017993927002,0.4761476218700409
YNL242W,YBR273C,0,-0.16738823,0.1436792016029358,0.7982017993927002,0.476247638463974
YLR176C,YGL003C,0,-0.16767046,0.14365336298942566,0.7982017993927002,0.4763476252555847
YIL030C,YMR240C,0,-0.1683248,0.14362753927707672,0.7982017993927002,0.4764476418495178
YPL135W,YDR135C,0,-0.16895774,0.14360173046588898,0.7982017993927002,0.4765476584434509
YGR040W,YMR273C,0,-0.16961882,0.14357592165470123,0.7982017993927002,0.47664767503738403
YDL117W,YOR079C,0,-0.16964146,0.14355012774467468,0.7982017993927002,0.47674766182899475
YBR231C,YFL004W,0,-0.16979691,0.14352433383464813,0.7982017993927002,0.47684767842292786
YGR285C,YML097C,0,-0.17016608,0.14349856972694397,0.7982017993927002,0.47694769501686096
YJR127C,YCL074W,0,-0.17022379,0.1434727907180786,0.7982017993927002,0.47704771161079407
YJR138W,YER056C,0,-0.17031327,0.14344704151153564,0.7982017993927002,0.4771477282047272
YKL186C,YDL087C,0,-0.17071924,0.14342129230499268,0.7982017993927002,0.4772477149963379
YDR494W,YML006C,0,-0.1710358,0.1433955430984497,0.7982017993927002,0.477347731590271
YKL017C,YPL208W,0,-0.17139277,0.14336982369422913,0.7982017993927002,0.4774477481842041
YMR210W,YPL147W,0,-0.17185757,0.14334410429000854,0.7982017993927002,0.4775477647781372
YBR188C,YBL024W,0,-0.17195353,0.14331838488578796,0.7982017993927002,0.4776477515697479
YJL079C,YJR045C,0,-0.17230985,0.14329268038272858,0.7982017993927002,0.47774776816368103
YDR392W,YKL194C,0,-0.17284787,0.14326699078083038,0.7982017993927002,0.47784778475761414
YLR318W,YGR034W,0,-0.17290252,0.1432413011789322,0.7982017993927002,0.47794780135154724
YDR364C,YJL121C,0,-0.17322147,0.1432156264781952,0.7982017993927002,0.47804781794548035
YLL062C,YMR290C,0,-0.17358124,0.14318996667861938,0.7982017993927002,0.47814780473709106
YIR038C,YKL132C,0,-0.17368884,0.14316430687904358,0.7982017993927002,0.47824782133102417
YNR015W,YNR011C,0,-0.17389104,0.14313866198062897,0.7982017993927002,0.4783478379249573
YPL093W,YFR041C,0,-0.17477664,0.14311301708221436,0.7982017993927002,0.4784478545188904
YLL062C,YLR404W,0,-0.17483962,0.14308738708496094,0.7982017993927002,0.4785478413105011
YHR085W,YDL146W,0,-0.17502171,0.1430617719888687,0.7982017993927002,0.4786478579044342
YKL119C,YDR309C,0,-0.17577113,0.1430361568927765,0.7982017993927002,0.4787478744983673
YDR076W,YHR088W,0,-0.17578205,0.14301055669784546,0.7982017993927002,0.4788478910923004
YGL257C,YBR248C,1,-0.17603602,0.14316391944885254,0.7992007732391357,0.4788478910923004
YIL098C,YDR127W,0,-0.17611283,0.14313830435276031,0.7992007732391357,0.4789479076862335
YLR167W,YNL079C,0,-0.17628986,0.14311270415782928,0.7992007732391357,0.47904789447784424
YKL032C,YIR017C,0,-0.17629588,0.14308710396289825,0.7992007732391357,0.47914791107177734
YHR030C,YGL173C,0,-0.17694098,0.14306151866912842,0.7992007732391357,0.47924792766571045
YGR120C,YOR138C,0,-0.17695647,0.14303593337535858,0.7992007732391357,0.47934794425964355
YER031C,YER032W,0,-0.17698768,0.14301036298274994,0.7992007732391357,0.4794479310512543
YBR149W,YOR388C,0,-0.17771068,0.1429848074913025,0.7992007732391357,0.4795479476451874
YPL093W,YGR191W,0,-0.17858762,0.14295925199985504,0.7992007732391357,0.4796479642391205
YJL208C,YAL038W,0,-0.17880431,0.1429337114095688,0.7992007732391357,0.4797479808330536
YPL113C,YER190W,0,-0.1788855,0.14290818572044373,0.7992007732391357,0.4798479974269867
YOL057W,YMR094W,0,-0.17895946,0.14288266003131866,0.7992007732391357,0.4799479842185974
YOR232W,YGR105W,0,-0.17902169,0.1428571492433548,0.7992007732391357,0.4800480008125305
YBL005W-B,YJR075W,0,-0.17908911,0.14283163845539093,0.7992007732391357,0.4801480174064636
YBR149W,YCR107W,0,-0.17970929,0.14280614256858826,0.7992007732391357,0.48024803400039673
YML100W,YER001W,1,-0.18010174,0.1429591327905655,0.8001998066902161,0.48024803400039673
YAL039C,YIL134W,0,-0.18014793,0.14293362200260162,0.8001998066902161,0.48034802079200745
YDR356W,YNL262W,0,-0.18057382,0.14290811121463776,0.8001998066902161,0.48044803738594055
YKL045W,YBR238C,0,-0.18062665,0.14288263022899628,0.8001998066902161,0.48054805397987366
YLR239C,YKL210W,0,-0.18069583,0.1428571492433548,0.8001998066902161,0.48064807057380676
YDR440W,YCR024C,0,-0.18075424,0.14283166825771332,0.8001998066902161,0.48074808716773987
YER149C,YNR038W,0,-0.18089141,0.14280620217323303,0.8001998066902161,0.4808480739593506
YLR285W,YLR025W,0,-0.18122756,0.14278075098991394,0.8001998066902161,0.4809480905532837
YDR515W,YPR086W,0,-0.1814147,0.14275529980659485,0.8001998066902161,0.4810481071472168
YBR130C,YLR432W,0,-0.18144958,0.14272986352443695,0.8001998066902161,0.4811481237411499
YLR165C,YDL189W,0,-0.18258102,0.14270444214344025,0.8001998066902161,0.4812481105327606
YOR306C,YHR113W,0,-0.18274766,0.14267902076244354,0.8001998066902161,0.4813481271266937
YOL059W,YLR221C,0,-0.18307206,0.14265359938144684,0.8001998066902161,0.48144814372062683
YPL273W,YDR362C,0,-0.18311575,0.14262820780277252,0.8001998066902161,0.48154816031455994
YLR425W,YGR286C,0,-0.18326527,0.1426028162240982,0.8001998066902161,0.48164817690849304
YLR190W,YCL043C,0,-0.18356025,0.1425774246454239,0.8001998066902161,0.48174816370010376
YFL011W,YDR263C,0,-0.18368997,0.14255206286907196,0.8001998066902161,0.48184818029403687
YNR038W,YNL273W,0,-0.18408483,0.14252668619155884,0.8001998066902161,0.48194819688796997
YDR437W,YGL022W,1,-0.1850758,0.14267924427986145,0.8011987805366516,0.48194819688796997
YOR037W,YHR161C,0,-0.1850825,0.14265385270118713,0.8011987805366516,0.4820482134819031
YAL053W,YDL047W,0,-0.1853669,0.1426284909248352,0.8011987805366516,0.4821482002735138
YDR025W,YOR192C,0,-0.18536758,0.14260312914848328,0.8011987805366516,0.4822482168674469
YOR297C,YGL147C,0,-0.18587676,0.14257778227329254,0.8011987805366516,0.48234823346138
YDR441C,YBR070C,1,-0.18678498,0.14273017644882202,0.8021978139877319,0.48234823346138
YBR145W,YJR102C,0,-0.18705209,0.1427048146724701,0.8021978139877319,0.4824482500553131
YLR209C,YDR092W,0,-0.18748434,0.14267945289611816,0.8021978139877319,0.4825482666492462
YDR121W,YLR134W,0,-0.18763149,0.14265410602092743,0.8021978139877319,0.48264825344085693
YDR464W,YDL060W,0,-0.18767625,0.1426287740468979,0.8021978139877319,0.48274827003479004
YMR203W,YGR295C,0,-0.1877132,0.14260344207286835,0.8021978139877319,0.48284828662872314
YNL231C,YOR348C,0,-0.18827406,0.142578125,0.8021978139877319,0.48294830322265625
YGR004W,YLR286C,0,-0.18830752,0.14255280792713165,0.8021978139877319,0.48304829001426697
YHR170W,YPR119W,0,-0.18836597,0.1425275057554245,0.8021978139877319,0.4831483066082001
YDR464W,YIR004W,0,-0.1886622,0.14250221848487854,0.8021978139877319,0.4832483232021332
YDR289C,YDL123W,0,-0.18895674,0.14247693121433258,0.8021978139877319,0.4833483397960663
YKR008W,YPL131W,0,-0.18955743,0.14245165884494781,0.8021978139877319,0.4834483563899994
YDL230W,YFR030W,0,-0.18957958,0.14242638647556305,0.8021978139877319,0.4835483431816101
YFR031C,YAL068C,0,-0.18959443,0.14240112900733948,0.8021978139877319,0.4836483597755432
YLR418C,YMR152W,0,-0.1898604,0.1423758864402771,0.8021978139877319,0.4837483763694763
YOL103W,YHR133C,0,-0.18998665,0.14235064387321472,0.8021978139877319,0.4838483929634094
YLR163C,YBR002C,0,-0.19003138,0.14232541620731354,0.8021978139877319,0.48394840955734253
YNL246W,YLL031C,0,-0.19006038,0.14230018854141235,0.8021978139877319,0.48404839634895325
YBR015C,YDR351W,0,-0.1900741,0.14227497577667236,0.8021978139877319,0.48414841294288635
YGL025C,YDR416W,0,-0.19039567,0.14224977791309357,0.8021978139877319,0.48424842953681946
YLR220W,YLR130C,0,-0.19071054,0.14222458004951477,0.8021978139877319,0.48434844613075256
YMR175W,YPR180W,0,-0.1910142,0.14219939708709717,0.8021978139877319,0.4844484329223633
YML106W,YGL226C-A,1,-0.19112593,0.14235126972198486,0.8031967878341675,0.4844484329223633
YOR207C,YHL047C,0,-0.19133304,0.14232607185840607,0.8031967878341675,0.4845484495162964
YIL132C,YKL155C,0,-0.19134936,0.14230088889598846,0.8031967878341675,0.4846484661102295
YGL070C,YGR081C,0,-0.19145451,0.14227570593357086,0.8031967878341675,0.4847484827041626
YPL104W,YGR122W,0,-0.1918022,0.14225053787231445,0.8031967878341675,0.4848484992980957
YER180C,YHR146W,0,-0.19185108,0.14222536981105804,0.8031967878341675,0.4849484860897064
YDL229W,YDL210W,0,-0.19287509,0.14220021665096283,0.8031967878341675,0.4850485026836395
YDL083C,YMR091C,0,-0.1929326,0.14217506349086761,0.8031967878341675,0.48514851927757263
YPR096C,YNR020C,0,-0.19312903,0.1421499252319336,0.8031967878341675,0.48524853587150574
YOL043C,YOR143C,0,-0.19345322,0.14212480187416077,0.8031967878341675,0.48534852266311646
YLR200W,YNL026W,0,-0.19364429,0.14209967851638794,0.8031967878341675,0.48544853925704956
YDR443C,YLR450W,0,-0.1939538,0.1420745700597763,0.8031967878341675,0.48554855585098267
YLR433C,YBL055C,0,-0.19407946,0.14204947650432587,0.8031967878341675,0.48564857244491577
YIR039C,YIL109C,0,-0.19425681,0.14202438294887543,0.8031967878341675,0.4857485890388489
YOR359W,YIL004C,0,-0.1946319,0.141999289393425,0.8031967878341675,0.4858485758304596
YJL073W,YOR181W,0,-0.19465667,0.14197422564029694,0.8031967878341675,0.4859485924243927
YDR400W,YDL245C,0,-0.19480264,0.1419491469860077,0.8031967878341675,0.4860486090183258
YDR536W,YGR234W,0,-0.19497773,0.14192409813404083,0.8031967878341675,0.4861486256122589
YJR063W,YPL157W,0,-0.19499946,0.14189904928207397,0.8031967878341675,0.48624861240386963
YNL283C,YPL208W,0,-0.19528367,0.14187400043010712,0.8031967878341675,0.48634862899780273
YFR019W,YOL098C,0,-0.19546895,0.14184898138046265,0.8031967878341675,0.48644864559173584
YDR093W,YJL001W,0,-0.19573122,0.14182394742965698,0.8031967878341675,0.48654866218566895
YDR536W,YNL107W,0,-0.19573212,0.1417989432811737,0.8031967878341675,0.48664867877960205
YBR207W,YLR409C,0,-0.1960786,0.14177393913269043,0.8031967878341675,0.48674866557121277
YDL160C,YDL101C,0,-0.19665122,0.14174893498420715,0.8031967878341675,0.4868486821651459
YHR181W,YJR060W,0,-0.19697535,0.14172396063804626,0.8031967878341675,0.486948698759079
YKL006C-A,YDL227C,0,-0.19749798,0.14169897139072418,0.8031967878341675,0.4870487153530121
YHR057C,YJL171C,0,-0.19786571,0.1416740119457245,0.8031967878341675,0.4871487021446228
YLR086W,YPL248C,0,-0.19812973,0.1416490525007248,0.8031967878341675,0.4872487187385559
YGL120C,YPR188C,0,-0.19865134,0.1416240930557251,0.8031967878341675,0.487348735332489
YBR188C,YGR135W,0,-0.19867985,0.1415991485118866,0.8031967878341675,0.4874487519264221
YDR392W,YDL231C,0,-0.1987672,0.1415742188692093,0.8031967878341675,0.4875487685203552
YBR141C,YOR275C,0,-0.1991339,0.14154928922653198,0.8031967878341675,0.48764875531196594
YBR074W,YIL068C,0,-0.19964606,0.14152437448501587,0.8031967878341675,0.48774877190589905
YPL186C,YMR004W,0,-0.20024219,0.14149947464466095,0.8031967878341675,0.48784878849983215
YCR057C,YLL009C,0,-0.20031321,0.14147457480430603,0.8031967878341675,0.48794880509376526
YNL227C,YCR020C,0,-0.20068334,0.1414496898651123,0.8031967878341675,0.488048791885376
YDR253C,YGL220W,0,-0.20080642,0.14142480492591858,0.8031967878341675,0.4881488084793091
YER117W,YOR008C,0,-0.20087957,0.14139993488788605,0.8031967878341675,0.4882488250732422
YJR123W,YKR090W,0,-0.2013614,0.14137506484985352,0.8031967878341675,0.4883488416671753
YOR059C,YJL056C,0,-0.20243305,0.14135020971298218,0.8031967878341675,0.4884488582611084
YOR037W,YBR261C,0,-0.20251708,0.14132536947727203,0.8031967878341675,0.4885488450527191
YOL109W,YER175C,0,-0.20261717,0.1413005292415619,0.8031967878341675,0.4886488616466522
YBR240C,YML098W,0,-0.20266101,0.14127570390701294,0.8031967878341675,0.4887488782405853
YML099C,YDR003W,0,-0.20278744,0.141250878572464,0.8031967878341675,0.48884889483451843
YCL034W,YFR049W,0,-0.2033121,0.14122606813907623,0.8031967878341675,0.48894888162612915
YJL033W,YOL133W,0,-0.20344481,0.14120125770568848,0.8031967878341675,0.48904889822006226
YFR031C-A,YHR066W,0,-0.20357308,0.1411764770746231,0.8031967878341675,0.48914891481399536
YNL076W,YMR205C,0,-0.20358738,0.14115168154239655,0.8031967878341675,0.48924893140792847
YKL201C,YML015C,0,-0.20372696,0.14112691581249237,0.8031967878341675,0.4893489480018616
YML100W,YPL076W,1,-0.20396905,0.14127764105796814,0.8041958212852478,0.4893489480018616
YNL331C,YGL095C,0,-0.20407546,0.14125284552574158,0.8041958212852478,0.4894489347934723
YOL105C,YNL214W,0,-0.20428808,0.1412280648946762,0.8041958212852478,0.4895489513874054
YMR306W,YNL263C,0,-0.20431408,0.14120329916477203,0.8041958212852478,0.4896489679813385
YLR143W,YGL039W,0,-0.20466974,0.14117853343486786,0.8041958212852478,0.4897489845752716
YNL103W,YHR153C,0,-0.20489374,0.14115378260612488,0.8041958212852478,0.4898489713668823
YIL134W,YBR107C,0,-0.2048999,0.1411290317773819,0.8041958212852478,0.48994898796081543
YAL059W,YMR188C,0,-0.20532355,0.1411042958498001,0.8041958212852478,0.49004900455474854
YFL011W,YCR045C,0,-0.20606631,0.14107955992221832,0.8041958212852478,0.49014902114868164
YPL013C,YCL001W,0,-0.20705372,0.14105483889579773,0.8041958212852478,0.49024903774261475
YCL034W,YOL071W,0,-0.20720974,0.14103013277053833,0.8041958212852478,0.49034902453422546
YDL197C,YDL121C,0,-0.2076173,0.14100542664527893,0.8041958212852478,0.49044904112815857
YPL213W,YIL034C,0,-0.2080316,0.14098073542118073,0.8041958212852478,0.4905490577220917
YGR258C,YER103W,0,-0.20849946,0.14095604419708252,0.8041958212852478,0.4906490743160248
YHR060W,YJR045C,0,-0.2089389,0.1409313678741455,0.8041958212852478,0.4907490611076355
YOL052C-A,YOL028C,0,-0.20912103,0.1409067064523697,0.8041958212852478,0.4908490777015686
YGR274C,YLR044C,0,-0.20917362,0.14088204503059387,0.8041958212852478,0.4909490942955017
YGL163C,YGL183C,0,-0.20918515,0.14085739850997925,0.8041958212852478,0.4910491108894348
YPR091C,YPL127C,0,-0.2096515,0.14083275198936462,0.8041958212852478,0.4911491274833679
YIR039C,YPL234C,0,-0.20991644,0.1408081203699112,0.8041958212852478,0.49124911427497864
YNL192W,YLR342W,1,-0.20996588,0.14095838367938995,0.8051947951316833,0.49124911427497864
YGR180C,YPL153C,0,-0.21063,0.14093372225761414,0.8051947951316833,0.49134913086891174
YGL004C,YGR229C,0,-0.21081664,0.1409090906381607,0.8051947951316833,0.49144914746284485
YCR038C,YLR129W,0,-0.21095216,0.14088445901870728,0.8051947951316833,0.49154916405677795
YLR377C,YNL227C,0,-0.21135771,0.14085984230041504,0.8051947951316833,0.49164915084838867
YDR074W,YDR456W,0,-0.21232583,0.1408352255821228,0.8051947951316833,0.4917491674423218
YGR062C,YOL023W,0,-0.21246055,0.14081062376499176,0.8051947951316833,0.4918491840362549
YIL078W,YKL195W,0,-0.21269837,0.14078602194786072,0.8051947951316833,0.491949200630188
YKR055W,YDR457W,0,-0.21274516,0.14076143503189087,0.8051947951316833,0.4920492172241211
YLR258W,YBR248C,1,-0.21289009,0.14091147482395172,0.8061938285827637,0.4920492172241211
YLR414C,YAL021C,0,-0.21309541,0.14088687300682068,0.8061938285827637,0.4921492040157318
YIL069C,YBL026W,0,-0.21318772,0.14086228609085083,0.8061938285827637,0.4922492206096649
YJR149W,YIL037C,0,-0.21346079,0.14083769917488098,0.8061938285827637,0.492349237203598
YBR166C,YMR261C,0,-0.21363534,0.14081312716007233,0.8061938285827637,0.49244925379753113
YDR483W,YOR230W,0,-0.21456309,0.14078855514526367,0.8061938285827637,0.49254924058914185
YMR183C,YJL187C,0,-0.21503119,0.1407639980316162,0.8061938285827637,0.49264925718307495
YER031C,YLR288C,0,-0.21518254,0.14073945581912994,0.8061938285827637,0.49274927377700806
YCR020C,YKL069W,0,-0.21520594,0.14071491360664368,0.8061938285827637,0.49284929037094116
YCL017C,YJR119C,0,-0.21572956,0.1406903713941574,0.8061938285827637,0.49294930696487427
YFL049W,YPR137W,0,-0.21592471,0.14066585898399353,0.8061938285827637,0.493049293756485
YNL288W,YGL206C,0,-0.21626443,0.14064133167266846,0.8061938285827637,0.4931493103504181
YFR047C,YBR161W,1,-0.21628302,0.14079107344150543,0.8071928024291992,0.4931493103504181
YLR160C,YKR044W,0,-0.21673727,0.14076654613018036,0.8071928024291992,0.4932493269443512
YGR103W,YJR130C,0,-0.2171497,0.14074203372001648,0.8071928024291992,0.4933493435382843
YMR296C,YLR016C,0,-0.21719193,0.1407175213098526,0.8071928024291992,0.493449330329895
YJL168C,YHR171W,0,-0.21794643,0.14069302380084991,0.8071928024291992,0.4935493469238281
YLR197W,YKL178C,0,-0.21819323,0.14066852629184723,0.8071928024291992,0.49364936351776123
YMR163C,YIL088C,0,-0.21867996,0.14064404368400574,0.8071928024291992,0.49374938011169434
YNL010W,YER060W-A,0,-0.21872695,0.14061956107616425,0.8071928024291992,0.49384939670562744
YGR008C,YNL118C,0,-0.21873,0.14059509336948395,0.8071928024291992,0.49394938349723816
YKL082C,YPL281C,0,-0.21897003,0.14057064056396484,0.8071928024291992,0.49404940009117126
YGR058W,YNR037C,0,-0.21925147,0.14054618775844574,0.8071928024291992,0.49414941668510437
YDR078C,YJL087C,0,-0.21952952,0.14052173495292664,0.8071928024291992,0.4942494332790375
YOL080C,YOR068C,0,-0.21958584,0.14049731194972992,0.8071928024291992,0.4943494200706482
YGR199W,YBR248C,1,-0.21958676,0.14064672589302063,0.8081918358802795,0.4943494200706482
YPL175W,YML125C,0,-0.22059888,0.14062228798866272,0.8081918358802795,0.4944494366645813
YHR128W,YBR038W,1,-0.22061339,0.14077164232730865,0.8091908097267151,0.4944494366645813
YCR011C,YDR100W,0,-0.22103587,0.14074717462062836,0.8091908097267151,0.4945494532585144
YDR310C,YPR026W,0,-0.22128837,0.14072272181510925,0.8091908097267151,0.4946494698524475
YPR182W,YGR145W,0,-0.22133577,0.14069828391075134,0.8091908097267151,0.4947494864463806
YOL040C,YDL138W,0,-0.22197738,0.14067384600639343,0.8091908097267151,0.49484947323799133
YPL090C,YDR009W,0,-0.22214037,0.14064942300319672,0.8091908097267151,0.49494948983192444
YPR100W,YJR032W,0,-0.22222799,0.140625,0.8091908097267151,0.49504950642585754
YJL081C,YJL101C,0,-0.22226638,0.14060059189796448,0.8091908097267151,0.49514952301979065
YFR003C,YOR143C,0,-0.22240764,0.14057618379592896,0.8091908097267151,0.49524953961372375
YGR055W,YIL021W,0,-0.22269073,0.14055179059505463,0.8091908097267151,0.4953495264053345
YKR061W,YKR058W,1,-0.22281307,0.14070090651512146,0.8101897835731506,0.4953495264053345
YIL132C,YHL035C,0,-0.22333068,0.14067649841308594,0.8101897835731506,0.4954495429992676
YGL035C,YHR142W,0,-0.22346142,0.1406521052122116,0.8101897835731506,0.4955495595932007
YMR230W,YLR390W-A,0,-0.22380054,0.14062771201133728,0.8101897835731506,0.4956495761871338
YDL144C,YOR117W,0,-0.22385287,0.14060333371162415,0.8101897835731506,0.4957495629787445
YGL173C,YBR233W-A,0,-0.22391132,0.140578955411911,0.8101897835731506,0.4958495795726776
YHR136C,YER113C,0,-0.22442521,0.14055459201335907,0.8101897835731506,0.4959495961666107
YFR049W,YGL205W,0,-0.22449511,0.14053024351596832,0.8101897835731506,0.4960496127605438
YMR270C,YDL243C,0,-0.22483757,0.14050589501857758,0.8101897835731506,0.49614962935447693
YOR078W,YBR291C,0,-0.22503616,0.14048154652118683,0.8101897835731506,0.49624961614608765
YIL085C,YMR306W,1,-0.22505581,0.14063040912151337,0.811188817024231,0.49624961614608765
YCR037C,YDR034C,0,-0.2251644,0.14060606062412262,0.811188817024231,0.49634963274002075
YGR008C,YNL025C,0,-0.22530022,0.14058171212673187,0.811188817024231,0.49644964933395386
YNL181W,YGR208W,0,-0.22571734,0.14055737853050232,0.811188817024231,0.49654966592788696
YOL078W,YDR115W,0,-0.2257556,0.14053305983543396,0.811188817024231,0.4966496527194977
YER070W,YEL056W,0,-0.22599034,0.1405087411403656,0.811188817024231,0.4967496693134308
YIL140W,YPL156C,0,-0.22606847,0.14048442244529724,0.811188817024231,0.4968496859073639
YLR278C,YOR273C,0,-0.22635534,0.14046013355255127,0.811188817024231,0.496949702501297
YDL202W,YGR078C,0,-0.2270728,0.1404358297586441,0.811188817024231,0.4970497190952301
YBR107C,YJL034W,0,-0.22755465,0.14041155576705933,0.811188817024231,0.4971497058868408
YMR264W,YDR405W,0,-0.22782615,0.14038728177547455,0.811188817024231,0.4972497224807739
YBL021C,YHR204W,0,-0.22839634,0.14036300778388977,0.811188817024231,0.49734973907470703
YDR188W,YLR237W,0,-0.22844799,0.1403387486934662,0.811188817024231,0.49744975566864014
YDR448W,YGL200C,0,-0.22866365,0.1403145045042038,0.811188817024231,0.49754974246025085
YJR107W,YJL034W,0,-0.22902524,0.1402902603149414,0.811188817024231,0.49764975905418396
YIL130W,YCR047C,0,-0.2295613,0.14026601612567902,0.811188817024231,0.49774977564811707
YOR287C,YGR295C,0,-0.2296862,0.140241801738739,0.811188817024231,0.49784979224205017
YDL045W-A,YJR078W,0,-0.22990978,0.14021757245063782,0.811188817024231,0.4979498088359833
YLR163C,YJL190C,0,-0.230053,0.140193372964859,0.811188817024231,0.498049795627594
YLR090W,YBR261C,0,-0.23024222,0.1401691734790802,0.811188817024231,0.4981498122215271
YLR147C,YMR136W,0,-0.23041299,0.1401449739933014,0.811188817024231,0.4982498288154602
YCR060W,YDR134C,0,-0.23075823,0.14012078940868378,0.811188817024231,0.4983498454093933
YLL022C,YNR032C-A,0,-0.23089056,0.14009661972522736,0.811188817024231,0.49844983220100403
YOL158C,YNL293W,0,-0.23091936,0.14007245004177094,0.811188817024231,0.49854984879493713
YHL012W,YJL170C,0,-0.23107931,0.1400482952594757,0.811188817024231,0.49864986538887024
YPR091C,YOR057W,0,-0.2311567,0.14002414047718048,0.811188817024231,0.49874988198280334
YNL129W,YNL230C,0,-0.23136789,0.14000000059604645,0.811188817024231,0.49884989857673645
YBR110W,YMR306W,1,-0.23149768,0.14014825224876404,0.8121877908706665,0.49884989857673645
YKR097W,YMR313C,0,-0.23160267,0.1401240974664688,0.8121877908706665,0.49894988536834717
YNL032W,YBL030C,0,-0.23162493,0.14009994268417358,0.8121877908706665,0.4990499019622803
YDR296W,YML055W,0,-0.23202303,0.14007580280303955,0.8121877908706665,0.4991499185562134
YKL154W,YBR279W,0,-0.23202935,0.1400516778230667,0.8121877908706665,0.4992499351501465
YHR077C,YDR235W,0,-0.23213078,0.14002755284309387,0.8121877908706665,0.4993499219417572
YCR077C,YLR426W,0,-0.23222601,0.14000344276428223,0.8121877908706665,0.4994499385356903
YDL197C,YOR262W,0,-0.23239905,0.13997933268547058,0.8121877908706665,0.4995499551296234
YDR039C,YGR104C,0,-0.23266506,0.13995523750782013,0.8121877908706665,0.4996499717235565
YIL119C,YNL081C,0,-0.23291498,0.13993115723133087,0.8121877908706665,0.4997499883174896
YCR014C,YJL125C,0,-0.23296627,0.1399070769548416,0.8121877908706665,0.49984997510910034
YCR009C,YHR027C,0,-0.23318893,0.13988299667835236,0.8121877908706665,0.49994999170303345
YFR006W,YMR081C,0,-0.23336086,0.1398589313030243,0.8121877908706665,0.5000500082969666
YDR196C,YDR306C,0,-0.23448476,0.13983488082885742,0.8121877908706665,0.5001500248908997
YPL176C,YBL031W,0,-0.23489805,0.13981083035469055,0.8121877908706665,0.5002500414848328
YMR075W,YGL144C,0,-0.23518649,0.13978679478168488,0.8121877908706665,0.5003500580787659
YBR080C,YMR177W,0,-0.23520708,0.1397627592086792,0.8121877908706665,0.500450074672699
YDR144C,YIL128W,0,-0.2355565,0.13973873853683472,0.8121877908706665,0.5005500316619873
YML116W,YDR438W,0,-0.23571268,0.13971473276615143,0.8121877908706665,0.5006500482559204
YKL093W,YAL019W,0,-0.23575094,0.13969072699546814,0.8121877908706665,0.5007500648498535
YHR060W,YBL064C,0,-0.23575467,0.13966672122478485,0.8121877908706665,0.5008500814437866
YHR077C,YNL048W,0,-0.23611018,0.13964273035526276,0.8121877908706665,0.5009500980377197
YDL133C-A,YBR059C,0,-0.23693684,0.13961875438690186,0.8121877908706665,0.5010501146316528
YNL128W,YOR065W,0,-0.23746109,0.13959477841854095,0.8121877908706665,0.5011501312255859
YOR378W,YOR340C,0,-0.2375972,0.13957081735134125,0.8121877908706665,0.501250147819519
YHL003C,YLR134W,0,-0.23761052,0.13954685628414154,0.8121877908706665,0.5013501644134521
YGR241C,YBR274W,0,-0.23778254,0.13952291011810303,0.8121877908706665,0.5014501214027405
YBL076C,YPR086W,0,-0.23843521,0.13949896395206451,0.8121877908706665,0.5015501379966736
YJL221C,YMR063W,0,-0.23923197,0.1394750326871872,0.8121877908706665,0.5016501545906067
YKL020C,YPL149W,0,-0.23924032,0.13945111632347107,0.8121877908706665,0.5017501711845398
YLR106C,YOR340C,0,-0.23942178,0.13942719995975494,0.8121877908706665,0.5018501877784729
YJR145C,YGR116W,0,-0.23946823,0.1394032984972,0.8121877908706665,0.501950204372406
YDR496C,YFR032C-A,0,-0.2397041,0.13937939703464508,0.8121877908706665,0.5020502209663391
YMR131C,YML047C,0,-0.24025999,0.13935549557209015,0.8121877908706665,0.5021502375602722
YDL019C,YDL229W,0,-0.24060977,0.1393316239118576,0.8121877908706665,0.5022502541542053
YKR061W,YJR133W,1,-0.2408189,0.13947910070419312,0.8131868243217468,0.5022502541542053
YPL167C,YOR304C-A,0,-0.24109428,0.13945519924163818,0.8131868243217468,0.5023502111434937
YLR186W,YAL058W,0,-0.24125102,0.13943131268024445,0.8131868243217468,0.5024502277374268
YML011C,YLR004C,0,-0.24190868,0.1394074261188507,0.8131868243217468,0.5025502443313599
YHR076W,YGL026C,0,-0.24219745,0.13938355445861816,0.8131868243217468,0.502650260925293
YBR166C,YFL036W,0,-0.2427499,0.13935969769954681,0.8131868243217468,0.5027502775192261
YBR131W,YJR127C,0,-0.24305782,0.13933584094047546,0.8131868243217468,0.5028502941131592
YGR238C,YPR166C,0,-0.24306618,0.1393119990825653,0.8131868243217468,0.5029503107070923
YPL160W,YHR082C,0,-0.24311773,0.13928815722465515,0.8131868243217468,0.5030503273010254
YOR085W,YER055C,1,-0.24327582,0.13943541049957275,0.8141857981681824,0.5030503273010254
YNL172W,YJL148W,0,-0.24332279,0.1394115686416626,0.8141857981681824,0.5031503438949585
YMR303C,YGL137W,0,-0.24351554,0.13938772678375244,0.8141857981681824,0.5032503008842468
YDR201W,YDR530C,0,-0.24352437,0.13936388492584229,0.8141857981681824,0.5033503174781799
YPR186C,YLR033W,0,-0.24400567,0.13934005796909332,0.8141857981681824,0.503450334072113
YJL186W,YDL039C,0,-0.2443558,0.13931624591350555,0.8141857981681824,0.5035503506660461
YAL048C,YJL008C,0,-0.2445356,0.13929243385791779,0.8141857981681824,0.5036503672599792
YLR196W,YCR063W,0,-0.24467337,0.13926862180233002,0.8141857981681824,0.5037503838539124
YOR070C,YMR315W,0,-0.24480146,0.13924482464790344,0.8141857981681824,0.5038504004478455
YEL032W,YKR068C,0,-0.24525812,0.13922104239463806,0.8141857981681824,0.5039504170417786
YHR164C,YIL134W,0,-0.24539876,0.13919726014137268,0.8141857981681824,0.5040504336357117
YPL160W,YDR416W,0,-0.24551722,0.1391734927892685,0.8141857981681824,0.504150390625
YKL180W,YOR249C,0,-0.24572064,0.1391497403383255,0.8141857981681824,0.5042504072189331
YFR031C,YDL247W,0,-0.2459071,0.1391259878873825,0.8141857981681824,0.5043504238128662
YLL016W,YGR080W,0,-0.24599776,0.13910223543643951,0.8141857981681824,0.5044504404067993
YDL166C,YLR321C,0,-0.24652103,0.13907849788665771,0.8141857981681824,0.5045504570007324
YGL200C,YHR029C,0,-0.24654396,0.1390547752380371,0.8141857981681824,0.5046504735946655
YDL067C,YPL280W,0,-0.2467285,0.1390310525894165,0.8141857981681824,0.5047504901885986
YMR183C,YMR153W,0,-0.24702263,0.1390073299407959,0.8141857981681824,0.5048505067825317
YGL167C,YJL153C,0,-0.2473798,0.1389836221933365,0.8141857981681824,0.5049505233764648
YBR222C,YEL040W,0,-0.24756822,0.13895992934703827,0.8141857981681824,0.5050504803657532
YDL112W,YDR279W,0,-0.24796426,0.13893623650074005,0.8141857981681824,0.5051504969596863
YLR037C,YPL147W,0,-0.24807078,0.13891255855560303,0.8141857981681824,0.5052505135536194
YNL029C,YDR245W,1,-0.24830459,0.13905930519104004,0.8151848316192627,0.5052505135536194
YAL034W-A,YOR316C,0,-0.24855612,0.13903561234474182,0.8151848316192627,0.5053505301475525
YML100W,YBR110W,1,-0.24879976,0.13918228447437286,0.8161838054656982,0.5053505301475525
YLL008W,YLR200W,0,-0.24886268,0.13915857672691345,0.8161838054656982,0.5054505467414856
YJL191W,YDR227W,0,-0.24891376,0.13913488388061523,0.8161838054656982,0.5055505633354187
YGR212W,YKL020C,0,-0.25061488,0.13911119103431702,0.8161838054656982,0.5056505799293518
YIL177C,YOR271C,0,-0.25113165,0.1390874981880188,0.8161838054656982,0.5057505965232849
YPL018W,YIL026C,0,-0.25174388,0.13906383514404297,0.8161838054656982,0.505850613117218
YGL213C,YML081C-A,0,-0.25193527,0.13904015719890594,0.8161838054656982,0.5059505701065063
YDR200C,YBR297W,0,-0.2520582,0.1390165090560913,0.8161838054656982,0.5060505867004395
YGR253C,YLR215C,0,-0.25216877,0.13899286091327667,0.8161838054656982,0.5061506032943726
YCL075W,YBR248C,0,-0.25291133,0.13896921277046204,0.8161838054656982,0.5062506198883057
YBR260C,YLR305C,0,-0.2536648,0.1389455795288086,0.8161838054656982,0.5063506364822388
YNL118C,YPL113C,0,-0.25509524,0.13892194628715515,0.8161838054656982,0.5064506530761719
YDL190C,YMR109W,0,-0.2554189,0.1388983279466629,0.8161838054656982,0.506550669670105
YOL076W,YGR134W,0,-0.25554976,0.13887472450733185,0.8161838054656982,0.5066506862640381
YBR020W,YMR168C,0,-0.25558302,0.1388511210680008,0.8161838054656982,0.5067507028579712
YGR296W,YLR305C,0,-0.2557587,0.13882753252983093,0.8161838054656982,0.5068506598472595
YGR027C,YDR407C,0,-0.25581926,0.13880394399166107,0.8161838054656982,0.5069506764411926
YDR285W,YPL198W,0,-0.2564156,0.1387803703546524,0.8161838054656982,0.5070506930351257
YBR161W,YGR227W,1,-0.25644457,0.13892662525177002,0.8171828389167786,0.5070506930351257
YBR153W,YKL020C,0,-0.25647518,0.13890303671360016,0.8171828389167786,0.5071507096290588
YGL167C,YPR063C,0,-0.25689566,0.1388794630765915,0.8171828389167786,0.5072507262229919
YDR392W,YDR482C,0,-0.25717723,0.13885587453842163,0.8171828389167786,0.507350742816925
YPL175W,YLR017W,1,-0.25718737,0.13900204002857208,0.8181818127632141,0.507350742816925
YBR095C,YGL019W,0,-0.2579278,0.13897845149040222,0.8181818127632141,0.5074507594108582
YDL056W,YML098W,0,-0.25849217,0.13895486295223236,0.8181818127632141,0.5075507760047913
YJL060W,YDR165W,0,-0.25891742,0.1389313042163849,0.8181818127632141,0.5076507925987244
YMR276W,YHR157W,0,-0.25899392,0.13890773057937622,0.8181818127632141,0.5077507495880127
YCR093W,YBR085W,0,-0.2595927,0.13888417184352875,0.8181818127632141,0.5078507661819458
YGL021W,YJL096W,0,-0.2597376,0.13886062800884247,0.8181818127632141,0.5079507827758789
YJR060W,YOR168W,0,-0.2600727,0.1388370841741562,0.8181818127632141,0.508050799369812
YEL030W,YBR016W,0,-0.26041883,0.1388135552406311,0.8181818127632141,0.5081508159637451
YDL235C,YKL051W,0,-0.26143703,0.1387900412082672,0.8181818127632141,0.5082508325576782
YOR372C,YAL002W,0,-0.2617453,0.13876652717590332,0.8181818127632141,0.5083508491516113
YGR185C,YLR433C,0,-0.26195204,0.13874301314353943,0.8181818127632141,0.5084508657455444
YML096W,YLR020C,0,-0.26266518,0.13871951401233673,0.8181818127632141,0.5085508823394775
YER148W,YPR125W,0,-0.2628683,0.13869601488113403,0.8181818127632141,0.5086508393287659
YLR097C,YFL014W,0,-0.26311007,0.13867253065109253,0.8181818127632141,0.508750855922699
YCL057C-A,YOR090C,0,-0.2632429,0.13864906132221222,0.8181818127632141,0.5088508725166321
YPL144W,YDR013W,0,-0.2633504,0.1386255919933319,0.8181818127632141,0.5089508891105652
YFR034C,YOR351C,0,-0.26428264,0.1386021375656128,0.8181818127632141,0.5090509057044983
YDL091C,YML051W,0,-0.26520932,0.13857868313789368,0.8181818127632141,0.5091509222984314
YOR315W,YML011C,0,-0.26538533,0.13855522871017456,0.8181818127632141,0.5092509388923645
YJR153W,YML004C,0,-0.26556587,0.13853180408477783,0.8181818127632141,0.5093509554862976
YPR068C,YOL003C,0,-0.2656678,0.1385083645582199,0.8181818127632141,0.5094509720802307
YGL016W,YGL244W,0,-0.26567063,0.13848495483398438,0.8181818127632141,0.509550929069519
YHR172W,YBL010C,0,-0.2658393,0.13846154510974884,0.8181818127632141,0.5096509456634521
YOR037W,YDR259C,0,-0.26608145,0.1384381353855133,0.8181818127632141,0.5097509622573853
YDL069C,YKL182W,0,-0.26618594,0.13841474056243896,0.8181818127632141,0.5098509788513184
YNL294C,YAL044C,0,-0.26626253,0.13839134573936462,0.8181818127632141,0.5099509954452515
YKL058W,YJL060W,0,-0.266432,0.13836796581745148,0.8181818127632141,0.5100510120391846
YMR302C,YKR072C,0,-0.26659697,0.13834460079669952,0.8181818127632141,0.5101510286331177
YOL054W,YER014W,0,-0.26673222,0.13832123577594757,0.8181818127632141,0.5102510452270508
YDR486C,YJR134C,0,-0.2669327,0.13829787075519562,0.8181818127632141,0.5103510618209839
YML120C,YDL142C,0,-0.26717347,0.13827452063560486,0.8181818127632141,0.5104510188102722
YHR101C,YKR038C,0,-0.2672925,0.1382511854171753,0.8181818127632141,0.5105510354042053
YJR042W,YDR380W,0,-0.26793638,0.13822785019874573,0.8181818127632141,0.5106510519981384
YOL069W,YOR039W,0,-0.2685897,0.13820452988147736,0.8181818127632141,0.5107510685920715
YGR154C,YBR067C,0,-0.26859874,0.13818120956420898,0.8181818127632141,0.5108510851860046
YPR007C,YDL189W,0,-0.26886934,0.1381578892469406,0.8181818127632141,0.5109511017799377
YBL005W-B,YLR325C,0,-0.26915646,0.13813459873199463,0.8181818127632141,0.5110511183738708
YMR022W,YEL020W-A,0,-0.26936024,0.13811129331588745,0.8181818127632141,0.511151134967804
YNL227C,YGL223C,0,-0.26962307,0.13808801770210266,0.8181818127632141,0.5112511515617371
YFR036W,YPL281C,0,-0.2697301,0.13806472718715668,0.8181818127632141,0.5113511085510254
YDR444W,YKR027W,0,-0.26994425,0.13804146647453308,0.8181818127632141,0.5114511251449585
YOR026W,YIL007C,0,-0.27026162,0.13801820576190948,0.8181818127632141,0.5115511417388916
YDR226W,YIL068C,0,-0.271001,0.1379949450492859,0.8181818127632141,0.5116511583328247
YPR086W,YLR214W,0,-0.27126837,0.1379716992378235,0.8181818127632141,0.5117511749267578
YMR041C,YIR025W,0,-0.27140433,0.13794845342636108,0.8181818127632141,0.5118511915206909
YER180C,YKL149C,0,-0.27165645,0.13792522251605988,0.8181818127632141,0.511951208114624
YDL003W,YIL053W,0,-0.27181467,0.13790200650691986,0.8181818127632141,0.5120512247085571
YHR142W,YDL012C,0,-0.27191043,0.13787879049777985,0.8181818127632141,0.5121512413024902
YOR232W,YGL162W,0,-0.2720945,0.13785557448863983,0.8181818127632141,0.5122511982917786
YPL002C,YLR213C,0,-0.2721234,0.137832373380661,0.8181818127632141,0.5123512148857117
YPL259C,YDR473C,0,-0.2723518,0.13780918717384338,0.8181818127632141,0.5124512314796448
YOL139C,YJL124C,0,-0.27262953,0.13778600096702576,0.8181818127632141,0.5125512480735779
YJR028W,YDR326C,0,-0.27302033,0.13776282966136932,0.8181818127632141,0.512651264667511
YER114C,YBL069W,0,-0.27359256,0.1377396583557129,0.8181818127632141,0.5127512812614441
YAR007C,YJL029C,0,-0.2739052,0.13771650195121765,0.8181818127632141,0.5128512978553772
YNR003C,YHR214W,0,-0.27416235,0.1376933455467224,0.8181818127632141,0.5129513144493103
YMR247C,YML092C,0,-0.274304,0.13767020404338837,0.8181818127632141,0.5130513310432434
YNL149C,YNL001W,0,-0.27431086,0.13764706254005432,0.8181818127632141,0.5131512880325317
YGL236C,YHR061C,0,-0.27434444,0.13762393593788147,0.8181818127632141,0.5132513046264648
YAL039C,YGL206C,0,-0.274355,0.13760080933570862,0.8181818127632141,0.513351321220398
YMR233W,YPL150W,0,-0.2743695,0.13757769763469696,0.8181818127632141,0.513451337814331
YDL095W,YOR308C,0,-0.27453077,0.1375545859336853,0.8181818127632141,0.5135513544082642
YJR149W,YHR067W,0,-0.2748328,0.13753148913383484,0.8181818127632141,0.5136513710021973
YLR291C,YNL267W,0,-0.27490395,0.13750839233398438,0.8181818127632141,0.5137513875961304
YKR006C,YGL205W,0,-0.27542907,0.1374853104352951,0.8181818127632141,0.5138514041900635
YPL175W,YKR058W,1,-0.27661866,0.13763007521629333,0.8191808462142944,0.5138514041900635
YER101C,YMR019W,0,-0.27665582,0.13760697841644287,0.8191808462142944,0.5139514207839966
YDR443C,YLR045C,0,-0.27728495,0.1375838965177536,0.8191808462142944,0.5140513777732849
YJL144W,YPL221W,0,-0.27750948,0.13756081461906433,0.8191808462142944,0.514151394367218
YKR002W,YDR087C,0,-0.2776037,0.13753773272037506,0.8191808462142944,0.5142514109611511
YOR085W,YGL226C-A,1,-0.2777145,0.13768237829208374,0.82017982006073,0.5142514109611511
YPL059W,YMR195W,0,-0.27832726,0.13765929639339447,0.82017982006073,0.5143514275550842
YCR026C,YER100W,0,-0.27867803,0.1376362144947052,0.82017982006073,0.5144514441490173
YPR071W,YLR348C,0,-0.27900466,0.13761314749717712,0.82017982006073,0.5145514607429504
YHR215W,YDL043C,0,-0.27920687,0.13759008049964905,0.82017982006073,0.5146514773368835
YOR168W,YGL173C,0,-0.27958113,0.13756702840328217,0.82017982006073,0.5147514939308167
YML074C,YOL147C,0,-0.27993616,0.13754397630691528,0.82017982006073,0.5148515105247498
YFR031C-A,YMR149W,0,-0.27997985,0.1375209391117096,0.82017982006073,0.5149514675140381
YOR393W,YDL205C,0,-0.28123918,0.1374979019165039,0.82017982006073,0.5150514841079712
YGL183C,YBR155W,0,-0.2814378,0.1374748796224594,0.82017982006073,0.5151515007019043
YHR136C,YGL212W,0,-0.28158066,0.1374518722295761,0.82017982006073,0.5152515172958374
YPL097W,YML056C,0,-0.2816642,0.1374288648366928,0.82017982006073,0.5153515338897705
YFR001W,YDR468C,0,-0.28167492,0.1374058574438095,0.82017982006073,0.5154515504837036
YJR009C,YDR122W,0,-0.28175414,0.1373828649520874,0.82017982006073,0.5155515670776367
YJL172W,YPL091W,0,-0.28222045,0.1373598724603653,0.82017982006073,0.5156515836715698
YBR121C,YGR296W,0,-0.2824633,0.13733689486980438,0.82017982006073,0.5157516002655029
YML116W,YER051W,0,-0.2825108,0.13731393218040466,0.82017982006073,0.5158515572547913
YFR018C,YLR265C,0,-0.2826264,0.13729096949100494,0.82017982006073,0.5159515738487244
YHR033W,YLR028C,0,-0.28267956,0.13726802170276642,0.82017982006073,0.5160515904426575
YIL005W,YCL052C,0,-0.28270835,0.1372450739145279,0.82017982006073,0.5161516070365906
YML040W,YGR099W,0,-0.28289163,0.13722212612628937,0.82017982006073,0.5162516236305237
YMR230W,YDR316W-B,0,-0.28308266,0.13719919323921204,0.82017982006073,0.5163516402244568
YKL081W,YPL064C,0,-0.283907,0.1371762752532959,0.82017982006073,0.5164516568183899
YDR129C,YER102W,0,-0.28453946,0.13715335726737976,0.82017982006073,0.516551673412323
YDR115W,YBR207W,0,-0.2852885,0.13713045418262482,0.82017982006073,0.5166516900062561
YDR036C,YNL261W,0,-0.2858449,0.13710755109786987,0.82017982006073,0.5167516469955444
YDR471W,YKL135C,0,-0.28595367,0.13708464801311493,0.82017982006073,0.5168516635894775
YPR046W,YDR517W,0,-0.28601158,0.13706177473068237,0.82017982006073,0.5169516801834106
YFR045W,YDR419W,0,-0.28604487,0.13703888654708862,0.82017982006073,0.5170516967773438
YJL219W,YML036W,0,-0.28620595,0.13701602816581726,0.82017982006073,0.5171517133712769
YML087C,YOR143C,0,-0.28626642,0.1369931548833847,0.82017982006073,0.51725172996521
YPR047W,YLR367W,0,-0.286295,0.13697029650211334,0.82017982006073,0.5173517465591431
YBR082C,YNL318C,0,-0.28657258,0.13694745302200317,0.82017982006073,0.5174517631530762
YGR189C,YKR048C,0,-0.286593,0.136924609541893,0.82017982006073,0.5175517797470093
YGL028C,YDR379W,0,-0.28671718,0.13690178096294403,0.82017982006073,0.5176517367362976
YOR120W,YNR041C,0,-0.28699547,0.13687895238399506,0.82017982006073,0.5177517533302307
YIL132C,YKL016C,0,-0.28703085,0.13685613870620728,0.82017982006073,0.5178517699241638
YDR253C,YMR301C,0,-0.2877347,0.1368333399295807,0.82017982006073,0.5179517865180969
YNL056W,YKR061W,0,-0.2882786,0.1368105262517929,0.82017982006073,0.51805180311203
YMR261C,YGL047W,1,-0.28937012,0.13695435225963593,0.8211787939071655,0.51805180311203
YDR364C,YOR011W,0,-0.28946817,0.13693153858184814,0.8211787939071655,0.5181518197059631
YDL223C,YIL155C,0,-0.28952622,0.13690872490406036,0.8211787939071655,0.5182518362998962
YFR027W,YML101C,0,-0.28974754,0.13688592612743378,0.8211787939071655,0.5183518528938293
YNL077W,YKL005C,0,-0.2900531,0.13686314225196838,0.8211787939071655,0.5184518694877625
YGL021W,YBR081C,0,-0.29036742,0.136840358376503,0.8211787939071655,0.5185518264770508
YMR072W,YOL066C,0,-0.29038757,0.1368175745010376,0.8211787939071655,0.5186518430709839
YPR060C,YLR459W,0,-0.2904463,0.1367948055267334,0.8211787939071655,0.518751859664917
YGL232W,YDL028C,0,-0.29092824,0.1367720514535904,0.8211787939071655,0.5188518762588501
YBL022C,YBR092C,0,-0.2909922,0.1367492973804474,0.8211787939071655,0.5189518928527832
YAL056W,YIL144W,0,-0.29105967,0.13672654330730438,0.8211787939071655,0.5190519094467163
YHR161C,YKR088C,0,-0.29166394,0.13670380413532257,0.8211787939071655,0.5191519260406494
YER005W,YOR304C-A,0,-0.29180416,0.13668107986450195,0.8211787939071655,0.5192519426345825
YFR025C,YGR204W,0,-0.29223347,0.13665835559368134,0.8211787939071655,0.5193519592285156
YNL103W,YMR013C,0,-0.29263794,0.13663563132286072,0.8211787939071655,0.519451916217804
YPR174C,YER023W,0,-0.2930744,0.1366129368543625,0.8211787939071655,0.5195519328117371
YKL192C,YGR144W,0,-0.29434764,0.13659022748470306,0.8211787939071655,0.5196519494056702
YDR134C,YDL149W,0,-0.29453933,0.13656753301620483,0.8211787939071655,0.5197519659996033
YDR415C,YGR222W,0,-0.29498893,0.1365448534488678,0.8211787939071655,0.5198519825935364
YKL056C,YOR201C,0,-0.29557607,0.13652217388153076,0.8211787939071655,0.5199519991874695
YPL100W,YCR004C,0,-0.2956488,0.13649950921535492,0.8211787939071655,0.5200520157814026
YDR252W,YCR087C-A,0,-0.29586884,0.13647684454917908,0.8211787939071655,0.5201520323753357
YKL028W,YGR266W,0,-0.2959679,0.13645417988300323,0.8211787939071655,0.5202520489692688
YCL001W,YNL308C,0,-0.29620305,0.1364315301179886,0.8211787939071655,0.5203520059585571
YLR078C,YKL015W,0,-0.29634583,0.13640889525413513,0.8211787939071655,0.5204520225524902
YKL077W,YOL005C,0,-0.29694062,0.13638626039028168,0.8211787939071655,0.5205520391464233
YBR069C,YLR158C,0,-0.29697162,0.13636364042758942,0.8211787939071655,0.5206520557403564
YJR092W,YOR383C,0,-0.29713973,0.13634102046489716,0.8211787939071655,0.5207520723342896
YML052W,YEL041W,0,-0.2974808,0.1363184154033661,0.8211787939071655,0.5208520889282227
YGR260W,YDR218C,0,-0.2976049,0.13629581034183502,0.8211787939071655,0.5209521055221558
YGL067W,YPL064C,0,-0.29784054,0.13627320528030396,0.8211787939071655,0.5210521221160889
YNL219C,YDL232W,1,-0.29795706,0.13641637563705444,0.8221778273582458,0.5210521221160889
YNL131W,YGR238C,0,-0.2981375,0.13639377057552338,0.8221778273582458,0.521152138710022
YGR116W,YIL118W,0,-0.2988662,0.1363711655139923,0.8221778273582458,0.5212520956993103
YBL088C,YDR410C,0,-0.29903284,0.13634857535362244,0.8221778273582458,0.5213521122932434
YPR182W,YKL020C,0,-0.29922962,0.13632598519325256,0.8221778273582458,0.5214521288871765
YLL034C,YLR370C,0,-0.29942948,0.13630340993404388,0.8221778273582458,0.5215521454811096
YDR410C,YDR345C,0,-0.2997858,0.1362808346748352,0.8221778273582458,0.5216521620750427
YOR087W,YKL175W,0,-0.30003127,0.13625827431678772,0.8221778273582458,0.5217521786689758
YLR032W,YMR112C,0,-0.30021167,0.13623572885990143,0.8221778273582458,0.5218521952629089
YFR001W,YOR019W,0,-0.301423,0.13621316850185394,0.8221778273582458,0.521952211856842
YDR513W,YHR150W,0,-0.30147824,0.13619063794612885,0.8221778273582458,0.5220522284507751
YAR009C,YBR230C,0,-0.30154395,0.13616810739040375,0.8221778273582458,0.5221521854400635
YDR284C,YGL083W,0,-0.3016891,0.13614557683467865,0.8221778273582458,0.5222522020339966
YIR025W,YOL056W,0,-0.301737,0.13612306118011475,0.8221778273582458,0.5223522186279297
YJL065C,YHR140W,0,-0.3023296,0.13610054552555084,0.8221778273582458,0.5224522352218628
YPL076W,YPL057C,1,-0.302379,0.13624338805675507,0.8231768012046814,0.5224522352218628
YMR117C,YMR074C,0,-0.30322245,0.13622085750102997,0.8231768012046814,0.5225522518157959
YPL031C,YBR168W,0,-0.30333894,0.13619834184646606,0.8231768012046814,0.522652268409729
YJL155C,YMR225C,0,-0.3036257,0.13617584109306335,0.8231768012046814,0.5227522850036621
YHL012W,YML101C,0,-0.30427146,0.13615334033966064,0.8231768012046814,0.5228523015975952
YLR418C,YPL150W,0,-0.3048596,0.13613083958625793,0.8231768012046814,0.5229523181915283
YER070W,YPR019W,0,-0.30525154,0.13610835373401642,0.8231768012046814,0.5230523347854614
YML113W,YFR041C,0,-0.30534396,0.1360858827829361,0.8231768012046814,0.5231522917747498
YBL047C,YGR027C,0,-0.30579957,0.13606341183185577,0.8231768012046814,0.5232523083686829
YPR096C,YJL025W,0,-0.3058517,0.13604094088077545,0.8231768012046814,0.523352324962616
YOL052C,YNL267W,0,-0.30646577,0.13601848483085632,0.8231768012046814,0.5234523415565491
YGR099W,YLR054C,0,-0.3065574,0.1359960436820984,0.8231768012046814,0.5235523581504822
YDL230W,YGR251W,0,-0.3067515,0.13597360253334045,0.8231768012046814,0.5236523747444153
YDR463W,YML087C,0,-0.30701035,0.13595116138458252,0.8231768012046814,0.5237523913383484
YER180C,YAL010C,0,-0.30724412,0.13592873513698578,0.8231768012046814,0.5238524079322815
YDR308C,YHR184W,0,-0.30734146,0.13590632379055023,0.8231768012046814,0.5239524245262146
YBR222C,YOR147W,0,-0.3074941,0.13588391244411469,0.8231768012046814,0.5240523815155029
YOR002W,YIL085C,1,-0.30758426,0.13602638244628906,0.8241758346557617,0.5240523815155029
YBR072W,YAL068C,0,-0.3083151,0.13600395619869232,0.8241758346557617,0.524152398109436
YBL021C,YAR035W,0,-0.30840707,0.13598154485225677,0.8241758346557617,0.5242524147033691
YNR008W,YBR155W,0,-0.30889377,0.13595913350582123,0.8241758346557617,0.5243524312973022
YPL234C,YPR106W,0,-0.30908152,0.13593672215938568,0.8241758346557617,0.5244524478912354
YLR347C,YDL138W,0,-0.30913213,0.13591432571411133,0.8241758346557617,0.5245524644851685
YKL183W,YDR529C,0,-0.30932468,0.13589194416999817,0.8241758346557617,0.5246524810791016
YAL041W,YAL020C,0,-0.30944824,0.135869562625885,0.8241758346557617,0.5247524976730347
YER049W,YDR115W,0,-0.30992323,0.13584719598293304,0.8241758346557617,0.5248525142669678
YJR135W-A,YHR006W,0,-0.31072187,0.13582482933998108,0.8241758346557617,0.5249524712562561
YHR037W,YMR110C,0,-0.31085384,0.1358024626970291,0.8241758346557617,0.5250524878501892
YBL024W,YNL029C,0,-0.310856,0.13578012585639954,0.8241758346557617,0.5251525044441223
YCR026C,YJR066W,0,-0.31193882,0.13575777411460876,0.8241758346557617,0.5252525210380554
YPL281C,YNL309W,0,-0.31232226,0.1357354372739792,0.8241758346557617,0.5253525376319885
YKL140W,YER012W,0,-0.3123791,0.1357131153345108,0.8241758346557617,0.5254525542259216
YBR212W,YGL049C,0,-0.31240645,0.13569079339504242,0.8241758346557617,0.5255525708198547
YMR166C,YGL119W,0,-0.31258485,0.13566847145557404,0.8241758346557617,0.5256525874137878
YJR049C,YML049C,0,-0.31298167,0.13564616441726685,0.8241758346557617,0.525752604007721
YLR220W,YML107C,0,-0.31308395,0.13562387228012085,0.8241758346557617,0.5258525609970093
YPL038W,YGL129C,0,-0.31336844,0.13560158014297485,0.8241758346557617,0.5259525775909424
YDR130C,YDL078C,0,-0.3143013,0.13557928800582886,0.8241758346557617,0.5260525941848755
YJR139C,YHR164C,0,-0.31444204,0.13555701076984406,0.8241758346557617,0.5261526107788086
YFR010W,YGR179C,0,-0.3144862,0.13553474843502045,0.8241758346557617,0.5262526273727417
YDL144C,YPL099C,0,-0.31504178,0.13551248610019684,0.8241758346557617,0.5263526439666748
YDR430C,YOR086C,0,-0.31518877,0.13549022376537323,0.8241758346557617,0.5264526605606079
YER138C,YGL142C,0,-0.31520033,0.13546797633171082,0.8241758346557617,0.526552677154541
YKR089C,YPL087W,0,-0.31538314,0.1354457437992096,0.8241758346557617,0.5266526937484741
YCL017C,YML094W,0,-0.3161567,0.13542351126670837,0.8241758346557617,0.5267526507377625
YJL156C,YOL009C,0,-0.31617606,0.13540127873420715,0.8241758346557617,0.5268526673316956
YNL118C,YKL087C,0,-0.31662142,0.13537906110286713,0.8241758346557617,0.5269526839256287
YLR446W,YBL057C,0,-0.3166915,0.1353568434715271,0.8241758346557617,0.5270527005195618
YGL162W,YOL147C,0,-0.316747,0.13533464074134827,0.8241758346557617,0.5271527171134949
YER091C,YJL001W,0,-0.3168008,0.13531245291233063,0.8241758346557617,0.527252733707428
YAR002C-A,YPR144C,0,-0.31683517,0.135290265083313,0.8241758346557617,0.5273527503013611
YLR105C,YER081W,0,-0.31695276,0.13526807725429535,0.8241758346557617,0.5274527668952942
YCR052W,YNL230C,0,-0.3170901,0.1352459043264389,0.8241758346557617,0.5275527834892273
YIL019W,YDR100W,0,-0.31726962,0.13522373139858246,0.8241758346557617,0.5276527404785156
YOL026C,YBR291C,0,-0.3177717,0.1352015733718872,0.8241758346557617,0.5277527570724487
YAL025C,YGR220C,0,-0.31804058,0.13517941534519196,0.8241758346557617,0.5278527736663818
YCL061C,YIR023W,0,-0.31824487,0.1351572722196579,0.8241758346557617,0.5279527902603149
YPR135W,YMR039C,0,-0.3184309,0.13513512909412384,0.8241758346557617,0.528052806854248
YER001W,YBR126C,1,-0.31869578,0.13527677953243256,0.8251748085021973,0.528052806854248
YHR214W,YGL126W,0,-0.31925917,0.1352546215057373,0.8251748085021973,0.5281528234481812
YPL137C,YFL041W,0,-0.31930298,0.13523247838020325,0.8251748085021973,0.5282528400421143
YOL056W,YBL060W,0,-0.31963772,0.13521035015583038,0.8251748085021973,0.5283528566360474
YER131W,YPL195W,0,-0.3198095,0.13518822193145752,0.8251748085021973,0.5284528732299805
YNR010W,YDR131C,0,-0.31992337,0.13516609370708466,0.8251748085021973,0.5285528302192688
YHR179W,YGL135W,0,-0.3205803,0.13514398038387299,0.8251748085021973,0.5286528468132019
YLR342W,YDR354W,1,-0.32061672,0.13528545200824738,0.8261738419532776,0.5286528468132019
YDR044W,YOR319W,0,-0.32201594,0.1352633237838745,0.8261738419532776,0.528752863407135
YBL093C,YAR027W,0,-0.3226916,0.13524121046066284,0.8261738419532776,0.5288528800010681
YCR039C,YBR046C,0,-0.32298687,0.13521909713745117,0.8261738419532776,0.5289528965950012
YDR139C,YDL015C,0,-0.3232197,0.1351969987154007,0.8261738419532776,0.5290529131889343
YOL007C,YPR192W,0,-0.3233582,0.13517490029335022,0.8261738419532776,0.5291529297828674
YJL081C,YMR223W,0,-0.32359484,0.13515280187129974,0.8261738419532776,0.5292529463768005
YMR063W,YER082C,0,-0.32410365,0.13513071835041046,0.8261738419532776,0.5293529629707336
YBL028C,YLR305C,0,-0.3243221,0.13510864973068237,0.8261738419532776,0.529452919960022
YLR131C,YNR001C,0,-0.32438424,0.1350865662097931,0.8261738419532776,0.5295529365539551
YOR298W,YDR533C,0,-0.32464826,0.1350645124912262,0.8261738419532776,0.5296529531478882
YKL143W,YGL106W,0,-0.32466662,0.1350424587726593,0.8261738419532776,0.5297529697418213
YMR137C,YGR035C,0,-0.32470387,0.1350204050540924,0.8261738419532776,0.5298529863357544
YOR221C,YLR350W,0,-0.3249916,0.1349983662366867,0.8261738419532776,0.5299530029296875
YER138C,YOR259C,0,-0.32534167,0.134976327419281,0.8261738419532776,0.5300530195236206
YDR044W,YGR271W,0,-0.3260672,0.1349543035030365,0.8261738419532776,0.5301530361175537
YML091C,YAL026C,0,-0.3263036,0.13493229448795319,0.8261738419532776,0.5302530527114868
YDR464W,YOL082W,0,-0.32632357,0.13491027057170868,0.8261738419532776,0.5303530097007751
YGL021W,YLL001W,0,-0.3263422,0.13488827645778656,0.8261738419532776,0.5304530262947083
YMR285C,YDR169C,0,-0.32643932,0.13486628234386444,0.8261738419532776,0.5305530428886414
YGL253W,YLR097C,0,-0.3265409,0.13484428822994232,0.8261738419532776,0.5306530594825745
YOR236W,YDR251W,0,-0.32699424,0.1348223090171814,0.8261738419532776,0.5307530760765076
YAL033W,YER140W,0,-0.32713884,0.13480032980442047,0.8261738419532776,0.5308530926704407
YMR257C,YAL038W,0,-0.32754523,0.13477835059165955,0.8261738419532776,0.5309531092643738
YBR180W,YBL031W,0,-0.32761562,0.134756401181221,0.8261738419532776,0.5310531258583069
YPL130W,YMR269W,0,-0.32815626,0.13473443686962128,0.8261738419532776,0.53115314245224
YMR314W,YML076C,0,-0.32887977,0.13471248745918274,0.8261738419532776,0.5312530994415283
YMR276W,YIR031C,0,-0.32889873,0.1346905529499054,0.8261738419532776,0.5313531160354614
YKR053C,YMR210W,0,-0.32891563,0.13466861844062805,0.8261738419532776,0.5314531326293945
YDR378C,YML027W,0,-0.32926202,0.1346466988325119,0.8261738419532776,0.5315531492233276
YOL065C,YJR103W,0,-0.3293096,0.13462477922439575,0.8261738419532776,0.5316531658172607
YKL143W,YMR240C,0,-0.3296987,0.1346028596162796,0.8261738419532776,0.5317531824111938
YOL122C,YOR359W,0,-0.3298716,0.13458095490932465,0.8261738419532776,0.531853199005127
YBR012W-A,YNL091W,0,-0.32993108,0.13455906510353088,0.8261738419532776,0.5319532155990601
YDR268W,YOR172W,0,-0.3300454,0.13453717529773712,0.8261738419532776,0.5320532321929932
YOR320C,YDR307W,1,-0.3311842,0.1346779465675354,0.8271728157997131,0.5320532321929932
YKL024C,YDR390C,0,-0.33189988,0.13465604186058044,0.8271728157997131,0.5321531891822815
YDR456W,YMR090W,0,-0.33202437,0.13463415205478668,0.8271728157997131,0.5322532057762146
YPL048W,YFR016C,0,-0.3324405,0.13461226224899292,0.8271728157997131,0.5323532223701477
YKL028W,YJL003W,0,-0.33299753,0.13459037244319916,0.8271728157997131,0.5324532389640808
YEL001C,YKR027W,0,-0.33305547,0.1345684975385666,0.8271728157997131,0.5325532555580139
YMR203W,YLR006C,0,-0.3335797,0.13454663753509521,0.8271728157997131,0.532653272151947
YBL056W,YNL325C,0,-0.33423126,0.13452477753162384,0.8271728157997131,0.5327532887458801
YDL070W,YCL008C,0,-0.3345488,0.13450291752815247,0.8271728157997131,0.5328533053398132
YCL052C,YGR032W,1,-0.33470315,0.13464349508285522,0.8281718492507935,0.5328533053398132
YLR330W,YIL034C,0,-0.3349598,0.13462163507938385,0.8281718492507935,0.5329533219337463
YIR014W,YIL080W,0,-0.33553186,0.13459977507591248,0.8281718492507935,0.5330532789230347
YDL043C,YJR054W,0,-0.33598396,0.1345779150724411,0.8281718492507935,0.5331532955169678
YGR071C,YMR109W,0,-0.33630985,0.13455608487129211,0.8281718492507935,0.5332533121109009
YHR172W,YKL218C,0,-0.33635852,0.13453423976898193,0.8281718492507935,0.533353328704834
YDL154W,YPL157W,0,-0.33647537,0.13451240956783295,0.8281718492507935,0.5334533452987671
YKR014C,YCR075C,0,-0.33658096,0.13449059426784515,0.8281718492507935,0.5335533618927002
YGL223C,YML128C,0,-0.33708122,0.13446877896785736,0.8281718492507935,0.5336533784866333
YPL151C,YKL218C,0,-0.33798826,0.13444696366786957,0.8281718492507935,0.5337533950805664
YPL148C,YGL104C,0,-0.33859587,0.13442516326904297,0.8281718492507935,0.5338534116744995
YBR153W,YIL170W,0,-0.33892217,0.13440337777137756,0.8281718492507935,0.5339533686637878
YBR031W,YDR121W,0,-0.33910686,0.13438159227371216,0.8281718492507935,0.534053385257721
YLR386W,YIL106W,0,-0.33949438,0.13435980677604675,0.8281718492507935,0.534153401851654
YDR080W,YPR190C,0,-0.33956903,0.13433803617954254,0.8281718492507935,0.5342534184455872
YDR026C,YJL011C,0,-0.3396378,0.13431626558303833,0.8281718492507935,0.5343534350395203
YML037C,YOL156W,0,-0.33967292,0.1342945098876953,0.8281718492507935,0.5344534516334534
YDR415C,YNL059C,0,-0.33996555,0.1342727541923523,0.8281718492507935,0.5345534682273865
YHR024C,YER133W,0,-0.34006295,0.13425101339817047,0.8281718492507935,0.5346534848213196
YPL076W,YNL038W,1,-0.3401674,0.134391188621521,0.829170823097229,0.5346534848213196
YJL139C,YDR483W,1,-0.34042823,0.13453131914138794,0.8301698565483093,0.5346534848213196
YCR096C,YDR412W,0,-0.34070837,0.13450954854488373,0.8301698565483093,0.5347535014152527
YJL198W,YDR472W,0,-0.34099218,0.13448777794837952,0.8301698565483093,0.534853458404541
YER177W,YJL189W,0,-0.34150207,0.1344660222530365,0.8301698565483093,0.5349534749984741
YBL085W,YLR068W,0,-0.34188342,0.13444426655769348,0.8301698565483093,0.5350534915924072
YAL030W,YCR012W,0,-0.34217513,0.13442251086235046,0.8301698565483093,0.5351535081863403
YMR220W,YDL113C,0,-0.3428994,0.13440077006816864,0.8301698565483093,0.5352535247802734
YDR253C,YFR005C,0,-0.3431375,0.134379044175148,0.8301698565483093,0.5353535413742065
YDR159W,YAL012W,0,-0.34339768,0.13435731828212738,0.8301698565483093,0.5354535579681396
YHR133C,YDR126W,0,-0.34381074,0.13433559238910675,0.8301698565483093,0.5355535745620728
YOR340C,YPL157W,0,-0.34405816,0.13431388139724731,0.8301698565483093,0.5356535911560059
YGR007W,YDR189W,0,-0.34432685,0.13429218530654907,0.8301698565483093,0.5357535481452942
YPR152C,YGR061C,0,-0.34473222,0.13427047431468964,0.8301698565483093,0.5358535647392273
YOR252W,YKL196C,0,-0.3447996,0.1342487931251526,0.8301698565483093,0.5359535813331604
YOL096C,YLR086W,0,-0.34511766,0.13422709703445435,0.8301698565483093,0.5360535979270935
YGL226C-A,YBR004C,1,-0.3451778,0.1343669295310974,0.8311688303947449,0.5360535979270935
YDR176W,YJR121W,0,-0.3453161,0.13434523344039917,0.8311688303947449,0.5361536145210266
YJR025C,YCR002C,0,-0.34542227,0.13432353734970093,0.8311688303947449,0.5362536311149597
YDL029W,YER012W,0,-0.34554103,0.13430185616016388,0.8311688303947449,0.5363536477088928
YPL218W,YEL065W,0,-0.34556046,0.13428017497062683,0.8311688303947449,0.5364536643028259
YDR376W,YBR188C,0,-0.3456286,0.13425850868225098,0.8311688303947449,0.536553680896759
YLR176C,YIL124W,0,-0.3456459,0.13423685729503632,0.8311688303947449,0.5366536378860474
YEL011W,YNL158W,1,-0.34571707,0.13437651097774506,0.8321678042411804,0.5366536378860474
YJR033C,YNR027W,0,-0.3457783,0.1343548446893692,0.8321678042411804,0.5367536544799805
YIR014W,YBR074W,0,-0.34582764,0.13433317840099335,0.8321678042411804,0.5368536710739136
YMR256C,YHL040C,0,-0.34588644,0.1343115121126175,0.8321678042411804,0.5369536876678467
YMR262W,YJR010W,0,-0.34597898,0.13428986072540283,0.8321678042411804,0.5370537042617798
YCR038C,YKL100C,0,-0.34643131,0.13426820933818817,0.8321678042411804,0.5371537208557129
YMR292W,YNR031C,0,-0.34654832,0.1342465728521347,0.8321678042411804,0.537253737449646
YDL243C,YGR046W,0,-0.34676337,0.13422493636608124,0.8321678042411804,0.5373537540435791
YNL079C,YMR282C,0,-0.34677023,0.13420331478118896,0.8321678042411804,0.5374537706375122
YGL259W,YDR092W,0,-0.34689307,0.13418170809745789,0.8321678042411804,0.5375537276268005
YDR350C,YDR254W,0,-0.3469829,0.1341600865125656,0.8321678042411804,0.5376537442207336
YMR204C,YGR055W,0,-0.34721208,0.13413847982883453,0.8321678042411804,0.5377537608146667
YNL233W,YGL096W,0,-0.34750178,0.13411688804626465,0.8321678042411804,0.5378537774085999
YLR377C,YMR012W,0,-0.34758115,0.13409529626369476,0.8321678042411804,0.537953794002533
YGL240W,YHR010W,0,-0.34782284,0.13407371938228607,0.8321678042411804,0.5380538105964661
YCR004C,YKR037C,0,-0.3479931,0.13405214250087738,0.8321678042411804,0.5381538271903992
YPL063W,YLR432W,0,-0.3483724,0.1340305656194687,0.8321678042411804,0.5382538437843323
YGL211W,YIL076W,0,-0.3484292,0.1340090036392212,0.8321678042411804,0.5383538603782654
YOR380W,YJR052W,0,-0.34855455,0.1339874565601349,0.8321678042411804,0.5384538173675537
YDL135C,YPR071W,0,-0.3488976,0.13396590948104858,0.8321678042411804,0.5385538339614868
YKR069W,YBL054W,0,-0.34936422,0.13394436240196228,0.8321678042411804,0.5386538505554199
YPL253C,YHR149C,0,-0.34955737,0.13392283022403717,0.8321678042411804,0.538753867149353
YKR048C,YBR272C,0,-0.3501783,0.13390129804611206,0.8321678042411804,0.5388538837432861
YJR059W,YNR007C,0,-0.3502961,0.13387978076934814,0.8321678042411804,0.5389539003372192
YDL211C,YIL069C,0,-0.35044014,0.13385826349258423,0.8321678042411804,0.5390539169311523
YKR031C,YCR010C,0,-0.35076204,0.1338367611169815,0.8321678042411804,0.5391539335250854
YPL021W,YIL160C,0,-0.3508979,0.13381525874137878,0.8321678042411804,0.5392539501190186
YJL114W,YPL022W,0,-0.35108086,0.13379377126693726,0.8321678042411804,0.5393539071083069
YOR081C,YLL038C,0,-0.35117587,0.13377228379249573,0.8321678042411804,0.53945392370224
YPL138C,YDL098C,0,-0.3512684,0.1337507963180542,0.8321678042411804,0.5395539402961731
YLR206W,YGL030W,0,-0.35213077,0.13372932374477386,0.8321678042411804,0.5396539568901062
YPR162C,YDL008W,0,-0.3524742,0.13370786607265472,0.8321678042411804,0.5397539734840393
YKL014C,YAL044C,0,-0.35256675,0.13368640840053558,0.8321678042411804,0.5398539900779724
YLR234W,YLR247C,0,-0.35331017,0.13366495072841644,0.8321678042411804,0.5399540066719055
YAL053W,YMR314W,0,-0.35346895,0.1336435079574585,0.8321678042411804,0.5400540232658386
YOR393W,YCR024C,0,-0.35354185,0.13362206518650055,0.8321678042411804,0.5401540398597717
YGL003C,YKL100C,0,-0.35381088,0.1336006373167038,0.8321678042411804,0.5402539968490601
YMR077C,YDR389W,0,-0.35404944,0.13357922434806824,0.8321678042411804,0.5403540134429932
YPL060W,YKL051W,0,-0.35406595,0.13355779647827148,0.8321678042411804,0.5404540300369263
YGR103W,YMR074C,0,-0.35461867,0.13353638350963593,0.8321678042411804,0.5405540466308594
YMR262W,YDL091C,0,-0.35489437,0.13351498544216156,0.8321678042411804,0.5406540632247925
YOR308C,YNR030W,0,-0.35531995,0.1334935873746872,0.8321678042411804,0.5407540798187256
YDL232W,YOR099W,1,-0.35540146,0.13363243639469147,0.8331668376922607,0.5407540798187256
YLR265C,YOL147C,0,-0.35578668,0.1336110234260559,0.8331668376922607,0.5408540964126587
YOR123C,YIL118W,0,-0.35626182,0.13358962535858154,0.8331668376922607,0.5409541130065918
YPR068C,YGR254W,0,-0.35646987,0.13356822729110718,0.8331668376922607,0.5410541296005249
YMR128W,YOR193W,0,-0.35667604,0.133546844124794,0.8331668376922607,0.5411540865898132
YPL254W,YKL013C,0,-0.3569507,0.13352546095848083,0.8331668376922607,0.5412541031837463
YDL102W,YDR313C,0,-0.35698205,0.13350407779216766,0.8331668376922607,0.5413541197776794
YOR131C,YOR136W,0,-0.35719502,0.13348270952701569,0.8331668376922607,0.5414541363716125
YOR147W,YHR070W,0,-0.35734913,0.1334613561630249,0.8331668376922607,0.5415541529655457
YGL006W,YDR304C,0,-0.35819298,0.13344000279903412,0.8331668376922607,0.5416541695594788
YBR005W,YIR009W,0,-0.35827062,0.13341864943504333,0.8331668376922607,0.5417541861534119
YPL002C,YER149C,0,-0.3589967,0.13339731097221375,0.8331668376922607,0.541854202747345
YDR466W,YGL144C,0,-0.35914603,0.13337597250938416,0.8331668376922607,0.5419542193412781
YGL090W,YKL013C,0,-0.35931456,0.13335464894771576,0.8331668376922607,0.5420541763305664
YGR027C,YGL157W,0,-0.35939515,0.13333334028720856,0.8331668376922607,0.5421541929244995
YMR008C,YLL055W,0,-0.36014223,0.13331201672554016,0.8331668376922607,0.5422542095184326
YCR044C,YNL149C,0,-0.3601908,0.13329070806503296,0.8331668376922607,0.5423542261123657
YFR019W,YGR003W,0,-0.36106947,0.13326941430568695,0.8331668376922607,0.5424542427062988
YNL268W,YIR032C,0,-0.3611132,0.13324812054634094,0.8331668376922607,0.5425542593002319
YOL078W,YIL118W,0,-0.36112314,0.13322684168815613,0.8331668376922607,0.542654275894165
YNL194C,YMR137C,0,-0.36122406,0.1332055628299713,0.8331668376922607,0.5427542924880981
YMR169C,YAL039C,0,-0.36163706,0.1331842839717865,0.8331668376922607,0.5428543090820312
YBR110W,YOR149C,1,-0.3617765,0.13332268595695496,0.8341658115386963,0.5428543090820312
YKR066C,YBR188C,0,-0.36180332,0.13330140709877014,0.8341658115386963,0.5429542660713196
YOR180C,YDL102W,0,-0.3620255,0.13328012824058533,0.8341658115386963,0.5430542826652527
YDL160C,YKR104W,0,-0.3622018,0.1332588642835617,0.8341658115386963,0.5431542992591858
YMR160W,YKR062W,0,-0.36226773,0.13323760032653809,0.8341658115386963,0.5432543158531189
YJR040W,YBR198C,0,-0.36233336,0.13321633636951447,0.8341658115386963,0.543354332447052
YJR096W,YMR046C,0,-0.3627395,0.13319508731365204,0.8341658115386963,0.5434543490409851
YMR139W,YNL325C,0,-0.36307275,0.1331738382577896,0.8341658115386963,0.5435543656349182
YER053C,YJR110W,0,-0.3632114,0.13315260410308838,0.8341658115386963,0.5436543822288513
YGL014W,YDR545W,0,-0.36384135,0.13313138484954834,0.8341658115386963,0.5437543988227844
YER173W,YMR100W,0,-0.3645267,0.1331101506948471,0.8341658115386963,0.5438543558120728
YHR028C,YIL090W,0,-0.36471227,0.13308893144130707,0.8341658115386963,0.5439543724060059
YDR323C,YNL160W,0,-0.36513788,0.13306772708892822,0.8341658115386963,0.544054388999939
YCL035C,YJR160C,0,-0.3651967,0.13304652273654938,0.8341658115386963,0.5441544055938721
YPR160W,YDR009W,0,-0.3668204,0.13302533328533173,0.8341658115386963,0.5442544221878052
YMR093W,YGL155W,0,-0.36688757,0.13300414383411407,0.8341658115386963,0.5443544387817383
YMR166C,YPL235W,0,-0.3674511,0.13298295438289642,0.8341658115386963,0.5444544553756714
YDR292C,YDR092W,0,-0.367704,0.13296177983283997,0.8341658115386963,0.5445544719696045
YPL175W,YJL137C,1,-0.36787158,0.13309982419013977,0.8351648449897766,0.5445544719696045
YLR105C,YIL009C-A,0,-0.36807975,0.13307863473892212,0.8351648449897766,0.5446544885635376
YJR059W,YOR177C,0,-0.3683793,0.13305746018886566,0.8351648449897766,0.5447545051574707
YCL018W,YJL090C,0,-0.36843318,0.1330362856388092,0.8351648449897766,0.544854462146759
YBL063W,YNR055C,0,-0.36863023,0.13301511108875275,0.8351648449897766,0.5449544787406921
YMR267W,YGL144C,0,-0.36899328,0.13299395143985748,0.8351648449897766,0.5450544953346252
YDR076W,YDL143W,0,-0.36912343,0.1329728066921234,0.8351648449897766,0.5451545119285583
YLR390W,YGL237C,0,-0.36913413,0.13295164704322815,0.8351648449897766,0.5452545285224915
YER099C,YER055C,0,-0.36922878,0.13293051719665527,0.8351648449897766,0.5453545451164246
YLR170C,YEL051W,0,-0.3694705,0.1329093873500824,0.8351648449897766,0.5454545617103577
YLR323C,YOR143C,0,-0.36975747,0.13288825750350952,0.8351648449897766,0.5455545783042908
YPL188W,YJR031C,0,-0.36993337,0.13286712765693665,0.8351648449897766,0.5456545948982239
YOR049C,YFR024C-A,0,-0.36997777,0.13284601271152496,0.8351648449897766,0.5457545518875122
YML133C,YBR120C,0,-0.37057942,0.13282491266727448,0.8351648449897766,0.5458545684814453
YLR278C,YDR120C,0,-0.37125444,0.132803812623024,0.8351648449897766,0.5459545850753784
YOR217W,YPL168W,0,-0.37129733,0.1327827125787735,0.8351648449897766,0.5460546016693115
YBR023C,YNR059W,1,-0.37133685,0.13292044401168823,0.8361638188362122,0.5460546016693115
YBR176W,YKL082C,0,-0.37233305,0.13289932906627655,0.8361638188362122,0.5461546182632446
YKR053C,YGR143W,0,-0.37263918,0.13287822902202606,0.8361638188362122,0.5462546348571777
YHR047C,YKL061W,0,-0.37392056,0.13285714387893677,0.8361638188362122,0.5463546514511108
YJL173C,YJR034W,0,-0.3743528,0.13283605873584747,0.8361638188362122,0.546454668045044
YHL038C,YNL128W,0,-0.3745508,0.13281497359275818,0.8361638188362122,0.546554684638977
YNL199C,YCL047C,0,-0.3751815,0.13279390335083008,0.8361638188362122,0.5466546416282654
YNL273W,YER147C,0,-0.3753705,0.13277284801006317,0.8361638188362122,0.5467546582221985
YER030W,YPL078C,0,-0.37648186,0.13275177776813507,0.8361638188362122,0.5468546748161316
YBR222C,YLR035C-A,0,-0.3765146,0.13273073732852936,0.8361638188362122,0.5469546914100647
YML009C,YAL063C,0,-0.37654746,0.13270968198776245,0.8361638188362122,0.5470547080039978
YMR284W,YBR109C,0,-0.37682697,0.13268865644931793,0.8361638188362122,0.5471547245979309
YLR347C,YBL028C,0,-0.37713137,0.13266761600971222,0.8361638188362122,0.547254741191864
YGR245C,YJL054W,0,-0.37838477,0.1326465904712677,0.8361638188362122,0.5473547577857971
YNL118C,YPL150W,0,-0.37926263,0.13262557983398438,0.8361638188362122,0.5474547743797302
YNR010W,YNL182C,0,-0.37941873,0.13260456919670105,0.8361638188362122,0.5475547313690186
YKL154W,YLR442C,0,-0.3795315,0.13258355855941772,0.8361638188362122,0.5476547479629517
YNL307C,YPR106W,0,-0.37967968,0.1325625628232956,0.8361638188362122,0.5477547645568848
YPL057C,YNL158W,1,-0.37997454,0.13269992172718048,0.8371628522872925,0.5477547645568848
YGR062C,YGR174C,0,-0.38015842,0.13267891108989716,0.8371628522872925,0.5478547811508179
YPR174C,YBR208C,0,-0.38048524,0.13265790045261383,0.8371628522872925,0.547954797744751
YBR024W,YGL180W,0,-0.38174188,0.1326369047164917,0.8371628522872925,0.5480548143386841
YPL224C,YJR066W,0,-0.3819549,0.13261592388153076,0.8371628522872925,0.5481548309326172
YLR175W,YPR169W,0,-0.3819928,0.13259494304656982,0.8371628522872925,0.5482548475265503
YBR237W,YJL124C,0,-0.3819979,0.1325739622116089,0.8371628522872925,0.5483548641204834
YNL335W,YIL144W,0,-0.38238454,0.13255299627780914,0.8371628522872925,0.5484548211097717
YMR110C,YBR045C,0,-0.3825812,0.1325320303440094,0.8371628522872925,0.5485548377037048
YPL171C,YKL195W,0,-0.38298202,0.13251106441020966,0.8371628522872925,0.5486548542976379
YFL033C,YBR145W,0,-0.38363627,0.1324901133775711,0.8371628522872925,0.548754870891571
YML127W,YMR042W,0,-0.38385186,0.13246917724609375,0.8371628522872925,0.5488548874855042
YDL225W,YDR227W,0,-0.38418365,0.1324482411146164,0.8371628522872925,0.5489549040794373
YBR276C,YNL024C,0,-0.3844826,0.13242730498313904,0.8371628522872925,0.5490549206733704
YIR014W,YBR040W,0,-0.3844986,0.13240638375282288,0.8371628522872925,0.5491549372673035
YLR170C,YAL029C,0,-0.38521194,0.1323854625225067,0.8371628522872925,0.5492549538612366
YER030W,YPL214C,0,-0.38538954,0.13236455619335175,0.8371628522872925,0.5493549108505249
YNR030W,YGL047W,1,-0.38591474,0.13250157237052917,0.838161826133728,0.5493549108505249
YCL052C,YPL076W,1,-0.3863907,0.13263855874538422,0.8391608595848083,0.5493549108505249
YER048W-A,YBR038W,0,-0.38660204,0.13261762261390686,0.8391608595848083,0.549454927444458
YMR211W,YAL040C,0,-0.38713816,0.1325966864824295,0.8391608595848083,0.5495549440383911
YPL175W,YML104C,0,-0.3872273,0.13257575035095215,0.8391608595848083,0.5496549606323242
YGL107C,YML080W,0,-0.387254,0.13255484402179718,0.8391608595848083,0.5497549772262573
YNL137C,YBR172C,0,-0.38794103,0.13253392279148102,0.8391608595848083,0.5498549938201904
YBR097W,YFL061W,0,-0.3885081,0.13251301646232605,0.8391608595848083,0.5499550104141235
YGR189C,YMR314W,0,-0.38876337,0.13249211013317108,0.8391608595848083,0.5500550270080566
YOL082W,YGR224W,0,-0.388839,0.1324712187051773,0.8391608595848083,0.5501550436019897
YLR403W,YOR311C,0,-0.3889488,0.13245032727718353,0.8391608595848083,0.5502550005912781
YDR039C,YPL006W,0,-0.3889838,0.13242945075035095,0.8391608595848083,0.5503550171852112
YML115C,YNL158W,1,-0.38917902,0.1325661987066269,0.8401598334312439,0.5503550171852112
YDR034C,YHR108W,0,-0.38922963,0.13254530727863312,0.8401598334312439,0.5504550337791443
YOR377W,YJL097W,0,-0.38933465,0.13252443075180054,0.8401598334312439,0.5505550503730774
YHR201C,YJL179W,0,-0.389355,0.13250353932380676,0.8401598334312439,0.5506550669670105
YKR053C,YOL090W,0,-0.39040264,0.13248267769813538,0.8401598334312439,0.5507550835609436
YPL053C,YMR306W,1,-0.39055523,0.13261930644512177,0.8411588668823242,0.5507550835609436
YHR116W,YML034W,0,-0.39060938,0.13259842991828918,0.8411588668823242,0.5508551001548767
YLR459W,YOR085W,0,-0.39080253,0.1325775533914566,0.8411588668823242,0.5509551167488098
YOL052C-A,YHR142W,0,-0.39080864,0.13255667686462402,0.8411588668823242,0.5510551333427429
YBL061C,YCL048W,0,-0.39083138,0.13253581523895264,0.8411588668823242,0.5511550903320312
YDR243C,YHR146W,0,-0.3909465,0.13251495361328125,0.8411588668823242,0.5512551069259644
YLR316C,YNR067C,0,-0.39104795,0.13249409198760986,0.8411588668823242,0.5513551235198975
YJR010C-A,YDL015C,0,-0.391104,0.13247326016426086,0.8411588668823242,0.5514551401138306
YLR118C,YER114C,0,-0.39171004,0.13245241343975067,0.8411588668823242,0.5515551567077637
YGL219C,YDR508C,0,-0.39179546,0.13243158161640167,0.8411588668823242,0.5516551733016968
YCL069W,YFL038C,0,-0.39243552,0.13241074979305267,0.8411588668823242,0.5517551898956299
YDL140C,YHR153C,0,-0.3925342,0.13238993287086487,0.8411588668823242,0.551855206489563
YMR183C,YNL061W,0,-0.39254016,0.13236913084983826,0.8411588668823242,0.5519552230834961
YML037C,YLR042C,0,-0.3926602,0.13234831392765045,0.8411588668823242,0.5520551800727844
YGL049C,YHR186C,0,-0.39336267,0.13232751190662384,0.8411588668823242,0.5521551966667175
YNL098C,YDL134C,0,-0.39336935,0.13230672478675842,0.8411588668823242,0.5522552132606506
YJL136C,YGR037C,0,-0.3935051,0.132285937666893,0.8411588668823242,0.5523552298545837
YKL135C,YMR033W,0,-0.39357346,0.13226516544818878,0.8411588668823242,0.5524552464485168
YHR046C,YOR244W,0,-0.39409074,0.13224437832832336,0.8411588668823242,0.55255526304245
YLR142W,YML101C,0,-0.39435482,0.13222362101078033,0.8411588668823242,0.5526552796363831
YNL292W,YDR117C,0,-0.3948775,0.1322028636932373,0.8411588668823242,0.5527552962303162
YMR298W,YER120W,0,-0.3949923,0.13218210637569427,0.8411588668823242,0.5528553128242493
YNL310C,YMR188C,0,-0.39523733,0.13216134905815125,0.8411588668823242,0.5529552698135376
YLR172C,YDR363W-A,0,-0.39574406,0.1321406215429306,0.8411588668823242,0.5530552864074707
YOR313C,YML049C,0,-0.3960297,0.13211987912654877,0.8411588668823242,0.5531553030014038
YPL076W,YLL016W,0,-0.39611602,0.13209915161132812,0.8411588668823242,0.5532553195953369
YBR110W,YMR283C,1,-0.39624283,0.13223528861999512,0.8421578407287598,0.5532553195953369
YHL036W,YOR340C,0,-0.39663288,0.13221456110477448,0.8421578407287598,0.55335533618927
YOR306C,YGR225W,0,-0.39685625,0.13219381868839264,0.8421578407287598,0.5534553527832031
YMR281W,YBR150C,0,-0.39784092,0.132173091173172,0.8421578407287598,0.5535553693771362
YOR174W,YIL087C,0,-0.39802068,0.13215237855911255,0.8421578407287598,0.5536553859710693
YKL042W,YKL217W,0,-0.39814848,0.1321316659450531,0.8421578407287598,0.5537554025650024
YGL078C,YJR078W,0,-0.39858255,0.13211095333099365,0.8421578407287598,0.5538553595542908
YJL170C,YCR012W,0,-0.39859587,0.1320902556180954,0.8421578407287598,0.5539553761482239
YHR077C,YNR011C,0,-0.3991036,0.13206955790519714,0.8421578407287598,0.554055392742157
YOL082W,YEL020W-A,0,-0.3993122,0.13204887509346008,0.8421578407287598,0.5541554093360901
YNL199C,YPR159W,0,-0.39955857,0.13202819228172302,0.8421578407287598,0.5542554259300232
YLR023C,YOL156W,0,-0.3997627,0.13200750946998596,0.8421578407287598,0.5543554425239563
YLR289W,YGR281W,0,-0.3999493,0.1319868415594101,0.8421578407287598,0.5544554591178894
YER162C,YDR393W,0,-0.399954,0.13196618854999542,0.8421578407287598,0.5545554757118225
YJL030W,YLR337C,0,-0.40004525,0.13194553554058075,0.8421578407287598,0.5546554923057556
YNL146W,YDR140W,0,-0.40005228,0.13192488253116608,0.8421578407287598,0.554755449295044
YNL046W,YHR211W,0,-0.40007535,0.1319042444229126,0.8421578407287598,0.554855465888977
YNR040W,YIL002C,0,-0.40053487,0.13188360631465912,0.8421578407287598,0.5549554824829102
YOR209C,YMR283C,1,-0.4013177,0.13201940059661865,0.8431568145751953,0.5549554824829102
YLR015W,YNL036W,0,-0.4017947,0.13199874758720398,0.8431568145751953,0.5550554990768433
YHR148W,YER176W,0,-0.4025734,0.1319781094789505,0.8431568145751953,0.5551555156707764
YNL175C,YMR127C,0,-0.4027837,0.13195747137069702,0.8431568145751953,0.5552555322647095
YMR225C,YNL191W,0,-0.4028669,0.13193684816360474,0.8431568145751953,0.5553555488586426
YJR078W,YLR068W,0,-0.40299416,0.13191622495651245,0.8431568145751953,0.5554555654525757
YOR194C,YOL133W,0,-0.40301704,0.13189560174942017,0.8431568145751953,0.5555555820465088
YIL095W,YOL077C,0,-0.4030322,0.13187499344348907,0.8431568145751953,0.5556555390357971
YGL195W,YOR319W,0,-0.4036824,0.13185440003871918,0.8431568145751953,0.5557555556297302
YGR154C,YDL065C,0,-0.40385285,0.13183380663394928,0.8431568145751953,0.5558555722236633
YHL032C,YIL009C-A,0,-0.40397322,0.13181321322917938,0.8431568145751953,0.5559555888175964
YOL031C,YFL005W,0,-0.40497077,0.13179263472557068,0.8431568145751953,0.5560556054115295
YMR315W,YGR229C,0,-0.40502474,0.13177205622196198,0.8431568145751953,0.5561556220054626
YGR029W,YJR101W,0,-0.40549868,0.13175147771835327,0.8431568145751953,0.5562556385993958
YDR242W,YML027W,0,-0.4056126,0.13173091411590576,0.8431568145751953,0.5563556551933289
YBR199W,YPL175W,1,-0.4058588,0.13186641037464142,0.8441558480262756,0.5563556551933289
YBR058C-A,YOL066C,0,-0.406043,0.1318458467721939,0.8441558480262756,0.556455671787262
YJR025C,YDR463W,0,-0.40639088,0.1318252682685852,0.8441558480262756,0.5565556287765503
YJL179W,YOR346W,0,-0.40650958,0.1318047046661377,0.8441558480262756,0.5566556453704834
YPL076W,YGL257C,1,-0.40679312,0.1319401115179062,0.8451548218727112,0.5566556453704834
YNL006W,YGL191W,0,-0.40699872,0.13191953301429749,0.8451548218727112,0.5567556619644165
YJL106W,YPR133C,0,-0.4070441,0.13189896941184998,0.8451548218727112,0.5568556785583496
YPR160W,YML071C,0,-0.4070595,0.13187840580940247,0.8451548218727112,0.5569556951522827
YKR008W,YOR363C,0,-0.4070663,0.13185785710811615,0.8451548218727112,0.5570557117462158
YBR119W,YLR001C,0,-0.40733254,0.13183730840682983,0.8451548218727112,0.5571557283401489
YEL052W,YER030W,0,-0.40767887,0.13181675970554352,0.8451548218727112,0.557255744934082
YHR170W,YPR031W,0,-0.40820217,0.1317962259054184,0.8451548218727112,0.5573557615280151
YOR145C,YHR021C,0,-0.4083109,0.13177570700645447,0.8451548218727112,0.5574557185173035
YGR047C,YLR237W,0,-0.40851393,0.13175517320632935,0.8451548218727112,0.5575557351112366
YLL004W,YHR108W,0,-0.40854478,0.1317346692085266,0.8451548218727112,0.5576557517051697
YGL129C,YFL048C,0,-0.40889305,0.13171415030956268,0.8451548218727112,0.5577557682991028
YJL114W,YLR459W,0,-0.40956056,0.13169364631175995,0.8451548218727112,0.5578557848930359
YOL076W,YNL173C,0,-0.40971136,0.1316731572151184,0.8451548218727112,0.557955801486969
YGR071C,YDR376W,0,-0.40971196,0.13165266811847687,0.8451548218727112,0.5580558180809021
YLR102C,YHL034C,0,-0.40994668,0.13163217902183533,0.8451548218727112,0.5581558346748352
YOR109W,YIL150C,0,-0.4100559,0.13161170482635498,0.8451548218727112,0.5582558512687683
YGR145W,YOL004W,0,-0.41018504,0.13159123063087463,0.8451548218727112,0.5583558082580566
YGL078C,YER082C,0,-0.41021532,0.1315707564353943,0.8451548218727112,0.5584558248519897
YDL180W,YOR285W,0,-0.41056103,0.13155029714107513,0.8451548218727112,0.5585558414459229
YCL036W,YDR460W,0,-0.41190356,0.13152985274791718,0.8451548218727112,0.558655858039856
YGR253C,YGR193C,0,-0.41191334,0.13150940835475922,0.8451548218727112,0.5587558746337891
YGR014W,YLR429W,0,-0.4122714,0.13148896396160126,0.8451548218727112,0.5588558912277222
YHR060W,YNL007C,0,-0.41238153,0.1314685344696045,0.8451548218727112,0.5589559078216553
YHR149C,YGR024C,0,-0.41247243,0.13144810497760773,0.8451548218727112,0.5590559244155884
YEL044W,YEL012W,0,-0.41320106,0.13142769038677216,0.8451548218727112,0.5591559410095215
YNL001W,YER087W,0,-0.41352093,0.13140727579593658,0.8451548218727112,0.5592558979988098
YLR343W,YGR216C,0,-0.4140345,0.131386861205101,0.8451548218727112,0.5593559145927429
YOR180C,YKL006C-A,0,-0.41419026,0.13136646151542664,0.8451548218727112,0.559455931186676
YOL080C,YDR034C,0,-0.4142145,0.13134606182575226,0.8451548218727112,0.5595559477806091
YDR395W,YMR289W,0,-0.414288,0.13132567703723907,0.8451548218727112,0.5596559643745422
YNL212W,YGR122W,0,-0.414383,0.1313052922487259,0.8451548218727112,0.5597559809684753
YMR261C,YKL116C,0,-0.41448718,0.1312849223613739,0.8451548218727112,0.5598559975624084
YBR042C,YHR197W,0,-0.41550213,0.1312645524740219,0.8451548218727112,0.5599560141563416
YNR060W,YLR228C,0,-0.41563267,0.13124418258666992,0.8451548218727112,0.5600560307502747
YIL043C,YMR042W,0,-0.41579223,0.13122382760047913,0.8451548218727112,0.560155987739563
YER052C,YDR038C,0,-0.41626394,0.13120347261428833,0.8451548218727112,0.5602560043334961
YIL062C,YNL048W,0,-0.41629755,0.13118313252925873,0.8451548218727112,0.5603560209274292
YOR393W,YPL026C,0,-0.4165192,0.13116279244422913,0.8451548218727112,0.5604560375213623
YKL144C,YDL247W,0,-0.4169619,0.13114245235919952,0.8451548218727112,0.5605560541152954
YNR061C,YEL039C,0,-0.41719478,0.13112212717533112,0.8451548218727112,0.5606560707092285
YKR101W,YCR011C,0,-0.41763964,0.1311018168926239,0.8451548218727112,0.5607560873031616
YKL154W,YDL170W,0,-0.41766894,0.1310815066099167,0.8451548218727112,0.5608561038970947
YGR032W,YDR483W,1,-0.41955388,0.1312161087989807,0.8461538553237915,0.5608561038970947
YER062C,YNL284C,0,-0.41983286,0.1311957836151123,0.8461538553237915,0.5609561204910278
YBR114W,YLR042C,0,-0.42004144,0.1311754733324051,0.8461538553237915,0.5610560774803162
YLR344W,YDR052C,0,-0.42020053,0.13115516304969788,0.8461538553237915,0.5611560940742493
YCL024W,YHR010W,0,-0.42038158,0.13113485276699066,0.8461538553237915,0.5612561106681824
YKR061W,YDL209C,0,-0.4204008,0.13111455738544464,0.8461538553237915,0.5613561272621155
YPR133W-A,YOR378W,0,-0.42103565,0.13109426200389862,0.8461538553237915,0.5614561438560486
YGR158C,YDL006W,0,-0.4215116,0.1310739666223526,0.8461538553237915,0.5615561604499817
YPR196W,YKL178C,0,-0.42159215,0.13105368614196777,0.8461538553237915,0.5616561770439148
YIL145C,YIL135C,0,-0.42255563,0.13103342056274414,0.8461538553237915,0.5617561936378479
YDL072C,YFR041C,0,-0.42267096,0.1310131549835205,0.8461538553237915,0.561856210231781
YGR204W,YKR071C,0,-0.42304397,0.13099288940429688,0.8461538553237915,0.5619561672210693
YPL175W,YMR159C,0,-0.4231416,0.13097262382507324,0.8461538553237915,0.5620561838150024
YDR479C,YPL063W,0,-0.42379028,0.130952388048172,0.8461538553237915,0.5621562004089355
YHR207C,YPL083C,0,-0.42386898,0.13093213737010956,0.8461538553237915,0.5622562170028687
YAR010C,YNL251C,0,-0.42434138,0.1309119015932083,0.8461538553237915,0.5623562335968018
YHL027W,YBR059C,0,-0.42499572,0.13089166581630707,0.8461538553237915,0.5624562501907349
YHR006W,YDL098C,0,-0.42545575,0.13087144494056702,0.8461538553237915,0.562556266784668
YML076C,YGL106W,0,-0.42594394,0.13085122406482697,0.8461538553237915,0.5626562833786011
YDR219C,YCR028C,0,-0.42599115,0.1308310180902481,0.8461538553237915,0.5627562999725342
YIL094C,YNL282W,0,-0.4262285,0.13081081211566925,0.8461538553237915,0.5628562569618225
YHL032C,YBL075C,0,-0.42629653,0.1307906061410904,0.8461538553237915,0.5629562735557556
YPL123C,YHR140W,0,-0.42643794,0.13077041506767273,0.8461538553237915,0.5630562901496887
YNL048W,YLR189C,1,-0.42651784,0.13090460002422333,0.847152829170227,0.5630562901496887
YCR030C,YMR319C,0,-0.42671108,0.13088439404964447,0.847152829170227,0.5631563067436218
YPL058C,YDL139C,0,-0.4268579,0.1308642029762268,0.847152829170227,0.5632563233375549
YLR073C,YDL097C,0,-0.42859137,0.13084401190280914,0.847152829170227,0.563356339931488
YKR102W,YJL174W,0,-0.4290209,0.13082382082939148,0.847152829170227,0.5634563565254211
YML037C,YKL090W,0,-0.43003535,0.130803644657135,0.847152829170227,0.5635563731193542
YCR011C,YDR158W,0,-0.43030643,0.13078346848487854,0.847152829170227,0.5636563897132874
YIL064W,YPL049C,0,-0.43040812,0.13076330721378326,0.847152829170227,0.5637563467025757
YMR038C,YOR211C,0,-0.43044174,0.130743145942688,0.847152829170227,0.5638563632965088
YIL014W,YEL036C,1,-0.43066093,0.13087713718414307,0.8481518626213074,0.5638563632965088
YLR364W,YNL178W,0,-0.4306693,0.1308569610118866,0.8481518626213074,0.5639563798904419
YHR215W,YKL155C,0,-0.43078625,0.13083679974079132,0.8481518626213074,0.564056396484375
YEL012W,YPR067W,0,-0.4309938,0.13081663846969604,0.8481518626213074,0.5641564130783081
YLR419W,YBR058C-A,0,-0.43127277,0.13079649209976196,0.8481518626213074,0.5642564296722412
YOL125W,YML006C,0,-0.43130946,0.13077634572982788,0.8481518626213074,0.5643564462661743
YAL054C,YBR041W,0,-0.43169555,0.1307561993598938,0.8481518626213074,0.5644564628601074
YCL052C,YIL085C,1,-0.43173492,0.13089005649089813,0.8491508364677429,0.5644564628601074
YLR299W,YDR279W,0,-0.43192714,0.13086989521980286,0.8491508364677429,0.5645564794540405
YER149C,YNL080C,0,-0.43210593,0.13084974884986877,0.8491508364677429,0.5646564364433289
YHR160C,YDR248C,0,-0.4321273,0.1308296173810959,0.8491508364677429,0.564756453037262
YER138C,YGL203C,0,-0.4324113,0.130809485912323,0.8491508364677429,0.5648564696311951
YNL302C,YPL168W,0,-0.43267345,0.1307893544435501,0.8491508364677429,0.5649564862251282
YHR013C,YKR077W,0,-0.43270892,0.13076923787593842,0.8491508364677429,0.5650565028190613
YDR242W,YPL150W,0,-0.4329085,0.13074912130832672,0.8491508364677429,0.5651565194129944
YEL032W,YBR059C,0,-0.43313938,0.13072900474071503,0.8491508364677429,0.5652565360069275
YNL335W,YPR071W,0,-0.43336,0.13070890307426453,0.8491508364677429,0.5653565526008606
YOL078W,YHR169W,0,-0.43361902,0.13068880140781403,0.8491508364677429,0.5654565691947937
YIL139C,YHR147C,0,-0.43362737,0.13066871464252472,0.8491508364677429,0.565556526184082
YMR232W,YGR165W,0,-0.43366203,0.1306486278772354,0.8491508364677429,0.5656565427780151
YGR154C,YHR051W,0,-0.43398824,0.1306285560131073,0.8491508364677429,0.5657565593719482
YLR306W,YAL013W,0,-0.43482918,0.1306084841489792,0.8491508364677429,0.5658565759658813
YNL293W,YPL064C,0,-0.4350552,0.13058841228485107,0.8491508364677429,0.5659565925598145
YLR451W,YJL048C,0,-0.43534327,0.13056835532188416,0.8491508364677429,0.5660566091537476
YDL015C,YCL004W,0,-0.43548357,0.13054829835891724,0.8491508364677429,0.5661566257476807
YOR131C,YDR072C,0,-0.43654698,0.1305282562971115,0.8491508364677429,0.5662566423416138
YGL089C,YDR403W,0,-0.43701,0.1305082142353058,0.8491508364677429,0.5663566589355469
YLR007W,YLR093C,0,-0.43711326,0.13048817217350006,0.8491508364677429,0.5664566159248352
YDL029W,YGR055W,0,-0.4375997,0.13046814501285553,0.8491508364677429,0.5665566325187683
YMR220W,YLR348C,0,-0.43765345,0.1304481327533722,0.8491508364677429,0.5666566491127014
YHL028W,YDR534C,0,-0.43782002,0.13042810559272766,0.8491508364677429,0.5667566657066345
YDR296W,YDR263C,0,-0.43813503,0.13040809333324432,0.8491508364677429,0.5668566823005676
YPL183W-A,YMR290C,0,-0.43824512,0.13038809597492218,0.8491508364677429,0.5669566988945007
YAL040C,YCL054W,0,-0.438443,0.13036809861660004,0.8491508364677429,0.5670567154884338
YBR041W,YOR066W,0,-0.4386642,0.1303481012582779,0.8491508364677429,0.5671567320823669
YDR437W,YML019W,1,-0.43900076,0.13048145174980164,0.8501498699188232,0.5671567320823669
YGR145W,YOL086C,0,-0.43945336,0.1304614394903183,0.8501498699188232,0.5672567486763
YLL033W,YER098W,0,-0.44010574,0.13044144213199615,0.8501498699188232,0.5673567652702332
YGL049C,YPL113C,0,-0.4402791,0.1304214596748352,0.8501498699188232,0.5674567222595215
YOR194C,YGR084C,0,-0.4402895,0.13040147721767426,0.8501498699188232,0.5675567388534546
YGL090W,YMR303C,0,-0.440802,0.1303814947605133,0.8501498699188232,0.5676567554473877
YKR027W,YDR469W,0,-0.44112805,0.13036151230335236,0.8501498699188232,0.5677567720413208
YDR422C,YIL021W,0,-0.44243783,0.1303415596485138,0.8501498699188232,0.5678567886352539
YDR284C,YBR233W-A,0,-0.44246948,0.13032159209251404,0.8501498699188232,0.567956805229187
YDL232W,YJR133W,1,-0.44291937,0.13045474886894226,0.8511488437652588,0.567956805229187
YMR065W,YML077W,0,-0.442972,0.1304347813129425,0.8511488437652588,0.5680568218231201
YKL063C,YKL185W,0,-0.4433515,0.13041481375694275,0.8511488437652588,0.5681568384170532
YPL048W,YGL085W,0,-0.44359654,0.1303948611021042,0.8511488437652588,0.5682568550109863
YHR076W,YLR309C,0,-0.44368902,0.13037490844726562,0.8511488437652588,0.5683568120002747
YPL144W,YER111C,0,-0.4441756,0.13035495579242706,0.8511488437652588,0.5684568285942078
YAL013W,YJR034W,0,-0.44425964,0.1303350180387497,0.8511488437652588,0.5685568451881409
YDR376W,YDR248C,0,-0.44452837,0.13031508028507233,0.8511488437652588,0.568656861782074
YLR090W,YNL246W,0,-0.44525474,0.13029515743255615,0.8511488437652588,0.5687568783760071
YLR067C,YGR001C,0,-0.44557592,0.13027523458003998,0.8511488437652588,0.5688568949699402
YOL009C,YPR189W,0,-0.44585246,0.1302553117275238,0.8511488437652588,0.5689569115638733
YPR171W,YPL091W,0,-0.4464302,0.13023540377616882,0.8511488437652588,0.5690569281578064
YHR201C,YHL031C,0,-0.4472227,0.13021549582481384,0.8511488437652588,0.5691569447517395
YDR486C,YKL034W,0,-0.44724768,0.13019560277462006,0.8511488437652588,0.5692569017410278
YCR040W,YDR411C,0,-0.44729558,0.13017570972442627,0.8511488437652588,0.5693569183349609
YMR045C,YFL054C,0,-0.4473307,0.13015581667423248,0.8511488437652588,0.569456934928894
YPL111W,YDR472W,0,-0.44733232,0.1301359385251999,0.8511488437652588,0.5695569515228271
YJR135C,YDR511W,0,-0.44750994,0.1301160603761673,0.8511488437652588,0.5696569681167603
YOR008C,YDR469W,0,-0.44762516,0.1300961971282959,0.8511488437652588,0.5697569847106934
YCR004C,YPL006W,0,-0.44781625,0.1300763338804245,0.8511488437652588,0.5698570013046265
YPR011C,YOR048C,0,-0.4482611,0.1300564855337143,0.8511488437652588,0.5699570178985596
YKL186C,YKL195W,0,-0.4483462,0.1300366371870041,0.8511488437652588,0.5700570344924927
YMR267W,YDR022C,0,-0.44836107,0.13001678884029388,0.8511488437652588,0.570156991481781
YJL114W,YLR028C,0,-0.4484039,0.12999695539474487,0.8511488437652588,0.5702570080757141
YHL050C,YIL088C,0,-0.44918075,0.12997712194919586,0.8511488437652588,0.5703570246696472
YNL032W,YMR186W,0,-0.44948584,0.12995728850364685,0.8511488437652588,0.5704570412635803
YOR060C,YGR040W,0,-0.44949013,0.12993746995925903,0.8511488437652588,0.5705570578575134
YGL195W,YKL088W,0,-0.4497048,0.12991765141487122,0.8511488437652588,0.5706570744514465
YBR050C,YJR036C,0,-0.44974646,0.1298978477716446,0.8511488437652588,0.5707570910453796
YHR088W,YNL218W,0,-0.4501781,0.12987804412841797,0.8511488437652588,0.5708571076393127
YJR013W,YKR061W,1,-0.45031708,0.1300106644630432,0.8521478772163391,0.5708571076393127
YGL087C,YGL035C,0,-0.45050088,0.1299908608198166,0.8521478772163391,0.5709571242332458
YAL043C,YGL205W,0,-0.45056897,0.12997105717658997,0.8521478772163391,0.5710570812225342
YKR034W,YLR292C,0,-0.45242456,0.12995125353336334,0.8521478772163391,0.5711570978164673
YER120W,YOL144W,0,-0.45252186,0.12993144989013672,0.8521478772163391,0.5712571144104004
YOR059C,YKL155C,0,-0.4526272,0.1299116611480713,0.8521478772163391,0.5713571310043335
YHR013C,YNL290W,0,-0.45277542,0.12989188730716705,0.8521478772163391,0.5714571475982666
YLR113W,YOR299W,0,-0.4528084,0.12987211346626282,0.8521478772163391,0.5715571641921997
YMR020W,YLR016C,0,-0.4528749,0.12985233962535858,0.8521478772163391,0.5716571807861328
YAL056W,YLL035W,0,-0.4529719,0.12983256578445435,0.8521478772163391,0.5717571973800659
YPL225W,YLR350W,0,-0.45332336,0.1298128068447113,0.8521478772163391,0.571857213973999
YLR203C,YHR106W,0,-0.45346683,0.12979306280612946,0.8521478772163391,0.5719571709632874
YBR109C,YPL097W,0,-0.45417488,0.1297733187675476,0.8521478772163391,0.5720571875572205
YIL087C,YMR035W,0,-0.45427704,0.12975357472896576,0.8521478772163391,0.5721572041511536
YJL208C,YKR099W,0,-0.45449746,0.1297338455915451,0.8521478772163391,0.5722572207450867
YMR238W,YJL144W,0,-0.4545372,0.12971411645412445,0.8521478772163391,0.5723572373390198
YDR166C,YDR404C,0,-0.45484424,0.1296943873167038,0.8521478772163391,0.5724572539329529
YJR094W-A,YOR191W,0,-0.4558576,0.12967467308044434,0.8521478772163391,0.572557270526886
YOL004W,YDR207C,0,-0.45628077,0.12965495884418488,0.8521478772163391,0.5726572871208191
YBL052C,YPL113C,0,-0.45680317,0.1296352595090866,0.8521478772163391,0.5727573037147522
YLL022C,YDL209C,0,-0.4569824,0.12961556017398834,0.8521478772163391,0.5728572607040405
YDL202W,YDR508C,0,-0.45732945,0.12959586083889008,0.8521478772163391,0.5729572772979736
YBR222C,YDR496C,0,-0.457417,0.129576176404953,0.8521478772163391,0.5730572938919067
YBR237W,YMR105C,0,-0.45748383,0.12955650687217712,0.8521478772163391,0.5731573104858398
YBR158W,YNR040W,0,-0.4575215,0.12953682243824005,0.8521478772163391,0.573257327079773
YOR149C,YML022W,1,-0.45774293,0.12966899573802948,0.8531468510627747,0.573257327079773
YNR017W,YBR233W-A,0,-0.45778328,0.1296493113040924,0.8531468510627747,0.573357343673706
YOR338W,YHR103W,0,-0.45862484,0.12962962687015533,0.8531468510627747,0.5734573602676392
YGR238C,YBR286W,0,-0.45885172,0.12960995733737946,0.8531468510627747,0.5735573768615723
YAL044C,YBL007C,0,-0.458937,0.12959028780460358,0.8531468510627747,0.5736573934555054
YDR128W,YIL005W,0,-0.45927987,0.1295706331729889,0.8531468510627747,0.5737573504447937
YPL176C,YML100W,0,-0.4593649,0.129550963640213,0.8531468510627747,0.5738573670387268
YOL135C,YJR075W,0,-0.45947862,0.12953132390975952,0.8531468510627747,0.5739573836326599
YOR156C,YER126C,0,-0.459512,0.12951168417930603,0.8531468510627747,0.574057400226593
YMR098C,YPL172C,0,-0.46027866,0.12949204444885254,0.8531468510627747,0.5741574168205261
YPL134C,YHR132C,0,-0.46035635,0.12947240471839905,0.8531468510627747,0.5742574334144592
YDL015C,YDR248C,0,-0.4610532,0.12945277988910675,0.8531468510627747,0.5743574500083923
YPL168W,YCL069W,0,-0.4611733,0.12943315505981445,0.8531468510627747,0.5744574666023254
YPR200C,YDL075W,0,-0.4619233,0.12941354513168335,0.8531468510627747,0.5745574831962585
YFL029C,YOL054W,0,-0.46201217,0.12939393520355225,0.8531468510627747,0.5746574401855469
YPL110C,YGR080W,0,-0.46257576,0.12937434017658234,0.8531468510627747,0.57475745677948
YLL003W,YKL217W,0,-0.46258366,0.12935474514961243,0.8531468510627747,0.5748574733734131
YPR167C,YLR183C,0,-0.46274424,0.12933515012264252,0.8531468510627747,0.5749574899673462
YNL160W,YDR082W,0,-0.46279925,0.1293155699968338,0.8531468510627747,0.5750575065612793
YCR053W,YLR268W,0,-0.46293914,0.12929598987102509,0.8531468510627747,0.5751575231552124
YHR161C,YPL095C,0,-0.4631992,0.12927640974521637,0.8531468510627747,0.5752575397491455
YPR173C,YLR287C-A,0,-0.46342942,0.12925684452056885,0.8531468510627747,0.5753575563430786
YKR031C,YKR090W,0,-0.46342993,0.12923729419708252,0.8531468510627747,0.5754575729370117
YBR065C,YLR142W,0,-0.46354437,0.129217728972435,0.8531468510627747,0.5755575299263
YNR019W,YOL135C,0,-0.46366727,0.12919817864894867,0.8531468510627747,0.5756575465202332
YJL137C,YBR038W,1,-0.46373734,0.12932990491390228,0.8541458249092102,0.5756575465202332
YOR194C,YPR011C,0,-0.46436328,0.12931033968925476,0.8541458249092102,0.5757575631141663
YDR233C,YBL090W,0,-0.46449536,0.12929078936576843,0.8541458249092102,0.5758575797080994
YPL115C,YLR270W,0,-0.46464604,0.1292712390422821,0.8541458249092102,0.5759575963020325
YKL195W,YPL068C,0,-0.46472487,0.12925170361995697,0.8541458249092102,0.5760576128959656
YGL211W,YDL240W,0,-0.46563858,0.12923216819763184,0.8541458249092102,0.5761576294898987
YBL051C,YNL339C,0,-0.4656891,0.1292126327753067,0.8541458249092102,0.5762576460838318
YPL131W,YLR430W,0,-0.46627685,0.12919311225414276,0.8541458249092102,0.5763576626777649
YAR033W,YOR032C,0,-0.46639103,0.12917359173297882,0.8541458249092102,0.5764576196670532
YLR344W,YKR077W,0,-0.466422,0.12915407121181488,0.8541458249092102,0.5765576362609863
YDR334W,YPR138C,0,-0.46684813,0.12913456559181213,0.8541458249092102,0.5766576528549194
YER161C,YDR296W,0,-0.46685818,0.12911507487297058,0.8541458249092102,0.5767576694488525
YNR008W,YFL002W-A,0,-0.46703517,0.12909556925296783,0.8541458249092102,0.5768576860427856
YNL132W,YNL176C,0,-0.46759707,0.12907609343528748,0.8541458249092102,0.5769577026367188
YOL145C,YMR261C,0,-0.4676667,0.12905660271644592,0.8541458249092102,0.5770577192306519
YDR334W,YMR156C,0,-0.46784836,0.12903712689876556,0.8541458249092102,0.577157735824585
YDR354W,YBR004C,1,-0.4680771,0.1291685551404953,0.8551448583602905,0.577157735824585
YMR306W,YDL110C,0,-0.4685035,0.12914906442165375,0.8551448583602905,0.5772577524185181
YOR306C,YLR164W,0,-0.46873072,0.1291295886039734,0.8551448583602905,0.5773577094078064
YKL007W,YKR052C,0,-0.4688337,0.12911011278629303,0.8551448583602905,0.5774577260017395
YIL013C,YDR082W,0,-0.46918902,0.12909063696861267,0.8551448583602905,0.5775577425956726
YHR080C,YMR004W,0,-0.4694425,0.1290711760520935,0.8551448583602905,0.5776577591896057
YER125W,YMR302C,0,-0.4709778,0.12905171513557434,0.8551448583602905,0.5777577757835388
YDL124W,YJL071W,0,-0.47119454,0.12903225421905518,0.8551448583602905,0.5778577923774719
YOL126C,YDL107W,0,-0.47159073,0.1290128082036972,0.8551448583602905,0.577957808971405
YCL034W,YHR157W,0,-0.4716627,0.12899336218833923,0.8551448583602905,0.5780578255653381
YBR012W-A,YHR146W,0,-0.4716959,0.12897393107414246,0.8551448583602905,0.5781578421592712
YDR176W,YDL247W,0,-0.47197407,0.12895449995994568,0.8551448583602905,0.5782577991485596
YIL139C,YNL065W,0,-0.47231668,0.1289350837469101,0.8551448583602905,0.5783578157424927
YKR056W,YBL113C,0,-0.47244757,0.1289156675338745,0.8551448583602905,0.5784578323364258
YOR279C,YMR110C,0,-0.47271153,0.12889625132083893,0.8551448583602905,0.5785578489303589
YNL006W,YOR359W,0,-0.47286212,0.12887685000896454,0.8551448583602905,0.578657865524292
YNR061C,YKR105C,0,-0.4731481,0.12885744869709015,0.8551448583602905,0.5787578821182251
YGL035C,YJR153W,0,-0.47364417,0.12883804738521576,0.8551448583602905,0.5788578987121582
YGL120C,YJR026W,0,-0.47388893,0.12881866097450256,0.8551448583602905,0.5789579153060913
YDR388W,YAL023C,0,-0.47405183,0.12879927456378937,0.8551448583602905,0.5790579319000244
YBR069C,YCL017C,0,-0.47433302,0.12877990305423737,0.8551448583602905,0.5791578888893127
YOR117W,YMR053C,0,-0.47436294,0.12876053154468536,0.8551448583602905,0.5792579054832458
YJL124C,YDR257C,0,-0.47440746,0.12874116003513336,0.8551448583602905,0.579357922077179
YDR052C,YJR123W,0,-0.47443572,0.12872180342674255,0.8551448583602905,0.5794579386711121
YNL311C,YDR444W,0,-0.4744985,0.12870244681835175,0.8551448583602905,0.5795579552650452
YAR035W,YLR014C,0,-0.47479033,0.12868310511112213,0.8551448583602905,0.5796579718589783
YPL100W,YGR185C,0,-0.4753996,0.12866376340389252,0.8551448583602905,0.5797579884529114
YER013W,YPL050C,0,-0.47550166,0.1286444216966629,0.8551448583602905,0.5798580050468445
YHR073W,YJR083C,0,-0.47572085,0.12862509489059448,0.8551448583602905,0.5799580216407776
YOR149C,YGR227W,1,-0.4759403,0.12875601649284363,0.8561438322067261,0.5799580216407776
YKL094W,YDR055W,0,-0.47618526,0.128736674785614,0.8561438322067261,0.5800579786300659
YLR316C,YDL210W,0,-0.47695327,0.1287173330783844,0.8561438322067261,0.580157995223999
YER031C,YOR249C,0,-0.47710168,0.12869800627231598,0.8561438322067261,0.5802580118179321
YDR486C,YJL096W,0,-0.4771056,0.12867867946624756,0.8561438322067261,0.5803580284118652
YNR003C,YGR002C,0,-0.47716075,0.12865936756134033,0.8561438322067261,0.5804580450057983
YML115C,YDR315C,0,-0.47753435,0.1286400407552719,0.8561438322067261,0.5805580615997314
YLR183C,YGL083W,0,-0.477864,0.12862074375152588,0.8561438322067261,0.5806580781936646
YMR090W,YNR037C,0,-0.47792724,0.12860144674777985,0.8561438322067261,0.5807580947875977
YAL003W,YGR007W,0,-0.4779458,0.1285821497440338,0.8561438322067261,0.5808581113815308
YKL194C,YMR146C,0,-0.47806224,0.12856285274028778,0.8561438322067261,0.5809580683708191
YJR158W,YCR011C,0,-0.47882932,0.12854357063770294,0.8561438322067261,0.5810580849647522
YOL084W,YPL091W,0,-0.4789306,0.1285242885351181,0.8561438322067261,0.5811581015586853
YDR135C,YFL013C,0,-0.47904646,0.12850502133369446,0.8561438322067261,0.5812581181526184
YEL031W,YBR248C,0,-0.47910142,0.1284857541322708,0.8561438322067261,0.5813581347465515
YMR032W,YOR084W,0,-0.47925448,0.12846650183200836,0.8561438322067261,0.5814581513404846
YGL257C,YLR189C,1,-0.4793048,0.12859712541103363,0.8571428656578064,0.5814581513404846
YMR098C,YGR089W,0,-0.48005274,0.12857785820960999,0.8571428656578064,0.5815581679344177
YOR136W,YDL160C,0,-0.48024392,0.12855859100818634,0.8571428656578064,0.5816581845283508
YDR138W,YDR517W,0,-0.48051655,0.1285393238067627,0.8571428656578064,0.5817582011222839
YOR336W,YBR004C,1,-0.48088035,0.1286698579788208,0.8581418395042419,0.5817582011222839
YHR067W,YDR363W-A,0,-0.4810313,0.12865059077739716,0.8581418395042419,0.5818581581115723
YBR141C,YGR263C,0,-0.48126322,0.1286313235759735,0.8581418395042419,0.5819581747055054
YPR187W,YOR299W,0,-0.48142242,0.12861207127571106,0.8581418395042419,0.5820581912994385
YER129W,YNL243W,0,-0.48147207,0.1285928189754486,0.8581418395042419,0.5821582078933716
YNL268W,YDR242W,0,-0.48197573,0.12857356667518616,0.8581418395042419,0.5822582244873047
YDR524C,YML113W,0,-0.4821359,0.1285543292760849,0.8581418395042419,0.5823582410812378
YER082C,YER055C,0,-0.48224312,0.12853509187698364,0.8581418395042419,0.5824582576751709
YBL100W-B,YGL137W,0,-0.48231778,0.12851585447788239,0.8581418395042419,0.582558274269104
YDR359C,YGR255C,0,-0.4824259,0.12849663197994232,0.8581418395042419,0.5826582908630371
YLR139C,YCL004W,0,-0.48254028,0.12847740948200226,0.8581418395042419,0.5827582478523254
YDR470C,YMR012W,0,-0.48257062,0.1284582018852234,0.8581418395042419,0.5828582644462585
YKL038W,YDR405W,0,-0.48270518,0.12843899428844452,0.8581418395042419,0.5829582810401917
YDR325W,YPR166C,0,-0.4831553,0.12841978669166565,0.8581418395042419,0.5830582976341248
YOL109W,YBR176W,0,-0.4837469,0.12840059399604797,0.8581418395042419,0.5831583142280579
YDR178W,YHR150W,0,-0.48523346,0.1283814013004303,0.8581418395042419,0.583258330821991
YER052C,YNL210W,0,-0.48545426,0.12836222350597382,0.8581418395042419,0.5833583474159241
YHR023W,YBR261C,0,-0.48583895,0.12834304571151733,0.8581418395042419,0.5834583640098572
YER106W,YPL031C,0,-0.4860285,0.12832386791706085,0.8581418395042419,0.5835583806037903
YNL001W,YJL029C,0,-0.48611796,0.12830470502376556,0.8581418395042419,0.5836583375930786
YDR441C,YJR013W,1,-0.4865765,0.12843488156795502,0.8591408729553223,0.5836583375930786
YJR058C,YML034W,0,-0.48727062,0.12841570377349854,0.8591408729553223,0.5837583541870117
YBR112C,YCL050C,0,-0.48729947,0.12839654088020325,0.8591408729553223,0.5838583707809448
YKL096W-A,YFR041C,0,-0.4874569,0.12837736308574677,0.8591408729553223,0.5839583873748779
YPL202C,YOL133W,0,-0.4874798,0.12835821509361267,0.8591408729553223,0.584058403968811
YGL142C,YML022W,1,-0.48779175,0.12848828732967377,0.8601398468017578,0.584058403968811
YBR128C,YMR137C,0,-0.48782575,0.12846910953521729,0.8601398468017578,0.5841584205627441
YER104W,YDR238C,0,-0.48833054,0.128449946641922,0.8601398468017578,0.5842584371566772
YLR150W,YDR304C,0,-0.48835674,0.1284307837486267,0.8601398468017578,0.5843584537506104
YGR179C,YPR070W,0,-0.48849043,0.12841163575649261,0.8601398468017578,0.5844584703445435
YNL247W,YOR301W,0,-0.48872,0.12839248776435852,0.8601398468017578,0.5845584273338318
YEL064C,YPR162C,0,-0.48912144,0.12837333977222443,0.8601398468017578,0.5846584439277649
YDR323C,YMR105C,0,-0.48939452,0.12835420668125153,0.8601398468017578,0.584758460521698
YDR533C,YMR223W,0,-0.48964384,0.12833507359027863,0.8601398468017578,0.5848584771156311
YOR085W,YMR283C,1,-0.48998117,0.1284649819135666,0.8611388802528381,0.5848584771156311
YPR031W,YBR218C,0,-0.4901625,0.1284458339214325,0.8611388802528381,0.5849584937095642
YJL219W,YNL142W,0,-0.49025762,0.1284267008304596,0.8611388802528381,0.5850585103034973
YPR096C,YJR119C,0,-0.4902975,0.1284075677394867,0.8611388802528381,0.5851585268974304
YGL062W,YNR002C,0,-0.49036413,0.1283884346485138,0.8611388802528381,0.5852585434913635
YLR142W,YGR014W,0,-0.49096158,0.1283693164587021,0.8611388802528381,0.5853585600852966
YGR180C,YBR112C,0,-0.4910699,0.12835021317005157,0.8611388802528381,0.585458517074585
YOL057W,YBR115C,0,-0.491306,0.12833109498023987,0.8611388802528381,0.5855585336685181
YNL189W,YIR026C,0,-0.49132475,0.12831199169158936,0.8611388802528381,0.5856585502624512
YOR250C,YDR393W,0,-0.4917909,0.12829290330410004,0.8611388802528381,0.5857585668563843
YBL013W,YIL047C,0,-0.49211186,0.12827381491661072,0.8611388802528381,0.5858585834503174
YKL198C,YPR169W,0,-0.49213248,0.1282547265291214,0.8611388802528381,0.5859586000442505
YLR150W,YNL095C,0,-0.4926783,0.12823563814163208,0.8611388802528381,0.5860586166381836
YOR299W,YMR269W,0,-0.4927166,0.12821656465530396,0.8611388802528381,0.5861586332321167
YLR147C,YLR259C,0,-0.49289066,0.12819750607013702,0.8611388802528381,0.5862586498260498
YDR527W,YML047C,0,-0.49314785,0.1281784325838089,0.8611388802528381,0.5863586068153381
YNL050C,YPR144C,0,-0.4935509,0.12815938889980316,0.8611388802528381,0.5864586234092712
YMR184W,YGL259W,0,-0.49370015,0.12814033031463623,0.8611388802528381,0.5865586400032043
YMR175W,YBR131W,0,-0.49410456,0.1281212866306305,0.8611388802528381,0.5866586565971375
YAR031W,YNL127W,0,-0.49416596,0.12810224294662476,0.8611388802528381,0.5867586731910706
YGL129C,YPL026C,0,-0.4946882,0.1280832141637802,0.8611388802528381,0.5868586897850037
YML129C,YER061C,0,-0.4948637,0.12806418538093567,0.8611388802528381,0.5869587063789368
YCR096C,YEL058W,0,-0.49513823,0.12804515659809113,0.8611388802528381,0.5870587229728699
YDL111C,YBL029C-A,0,-0.49524188,0.12802614271640778,0.8611388802528381,0.587158739566803
YCL057C-A,YAL038W,0,-0.49566793,0.12800712883472443,0.8611388802528381,0.5872586965560913
YER040W,YBL020W,0,-0.4958067,0.12798811495304108,0.8611388802528381,0.5873587131500244
YJR104C,YDL141W,0,-0.4962166,0.12796911597251892,0.8611388802528381,0.5874587297439575
YGL009C,YPL095C,0,-0.4963348,0.12795013189315796,0.8611388802528381,0.5875587463378906
YFR029W,YJR082C,0,-0.49641824,0.1279311329126358,0.8611388802528381,0.5876587629318237
YIL026C,YDL121C,0,-0.49652088,0.12791214883327484,0.8611388802528381,0.5877587795257568
YGL026C,YKL161C,0,-0.49663723,0.12789317965507507,0.8611388802528381,0.5878587961196899
YKR100C,YHR070W,0,-0.49680594,0.1278741955757141,0.8611388802528381,0.587958812713623
YCR046C,YNL055C,0,-0.49705693,0.12785524129867554,0.8611388802528381,0.5880588293075562
YER063W,YCR065W,0,-0.49721527,0.12783627212047577,0.8611388802528381,0.5881587862968445
YPL210C,YBL011W,0,-0.4972856,0.1278173178434372,0.8611388802528381,0.5882588028907776
YMR192W,YPL276W,0,-0.49729955,0.12779836356639862,0.8611388802528381,0.5883588194847107
YLR404W,YJL060W,0,-0.4973284,0.12777942419052124,0.8611388802528381,0.5884588360786438
YKL201C,YOR374W,0,-0.49752244,0.12776048481464386,0.8611388802528381,0.5885588526725769
YGR218W,YNR011C,0,-0.49766067,0.12774156033992767,0.8611388802528381,0.58865886926651
YER165W,YKL074C,0,-0.49794245,0.1277226209640503,0.8611388802528381,0.5887588858604431
YJR013W,YOR159C,0,-0.49801886,0.1277036964893341,0.8611388802528381,0.5888589024543762
YDR074W,YNL158W,1,-0.4980504,0.12783291935920715,0.8621378540992737,0.5888589024543762
YJL057C,YMR316W,0,-0.4984,0.12781397998332977,0.8621378540992737,0.5889589190483093
YER145C,YDR402C,0,-0.49886093,0.1277950555086136,0.8621378540992737,0.5890589356422424
YDR172W,YGL151W,0,-0.49889278,0.1277761310338974,0.8621378540992737,0.5891588926315308
YGL065C,YGL226C-A,1,-0.4991212,0.1279052495956421,0.863136887550354,0.5891588926315308
YBR299W,YLR088W,0,-0.4992098,0.1278863251209259,0.863136887550354,0.5892589092254639
YLR383W,YGR161W-B,0,-0.49983367,0.12786740064620972,0.863136887550354,0.589358925819397
YNL290W,YDR227W,0,-0.5008129,0.12784847617149353,0.863136887550354,0.5894589424133301
YJR103W,YJL019W,0,-0.5010489,0.12782956659793854,0.863136887550354,0.5895589590072632
YNL112W,YML071C,0,-0.5010961,0.12781065702438354,0.863136887550354,0.5896589756011963
YLL016W,YNR007C,0,-0.50166297,0.12779174745082855,0.863136887550354,0.5897589921951294
YLR306W,YFL004W,0,-0.50197315,0.12777285277843475,0.863136887550354,0.5898590087890625
YMR233W,YDL008W,0,-0.50207525,0.12775395810604095,0.863136887550354,0.5899590253829956
YBL023C,YOR020C,0,-0.50253975,0.12773506343364716,0.863136887550354,0.5900589823722839
YOR321W,YGL047W,1,-0.5025938,0.12786400318145752,0.8641358613967896,0.5900589823722839
YFL005W,YML101C,0,-0.50303257,0.12784510850906372,0.8641358613967896,0.590158998966217
YDR332W,YGR204W,0,-0.50349164,0.12782621383666992,0.8641358613967896,0.5902590155601501
YPR198W,YOL155C,0,-0.5042163,0.12780733406543732,0.8641358613967896,0.5903590321540833
YDR091C,YNL122C,0,-0.50438416,0.1277884542942047,0.8641358613967896,0.5904590487480164
YKL028W,YNL085W,0,-0.50497836,0.1277695745229721,0.8641358613967896,0.5905590653419495
YML048W,YJL124C,0,-0.50519377,0.1277506947517395,0.8641358613967896,0.5906590819358826
YPL134C,YKL064W,0,-0.50527024,0.1277318298816681,0.8641358613967896,0.5907590985298157
YBL100W-B,YNL314W,0,-0.5055803,0.12771297991275787,0.8641358613967896,0.5908591151237488
YFL061W,YKR071C,0,-0.50581664,0.12769412994384766,0.8641358613967896,0.5909590721130371
YGL058W,YHR052W,0,-0.50626594,0.12767527997493744,0.8641358613967896,0.5910590887069702
YJR005W,YML077W,0,-0.5066458,0.12765643000602722,0.8641358613967896,0.5911591053009033
YOL052C,YDR301W,0,-0.5067238,0.1276375949382782,0.8641358613967896,0.5912591218948364
YOR049C,YDL069C,0,-0.5070259,0.12761875987052917,0.8641358613967896,0.5913591384887695
YDR107C,YJL098W,0,-0.5072582,0.12759993970394135,0.8641358613967896,0.5914591550827026
YOR264W,YJR131W,0,-0.50731885,0.12758111953735352,0.8641358613967896,0.5915591716766357
YPL134C,YJR009C,0,-0.50748384,0.12756229937076569,0.8641358613967896,0.5916591882705688
YDL045W-A,YML070W,0,-0.50775874,0.12754349410533905,0.8641358613967896,0.591759204864502
YGR113W,YJR078W,0,-0.5078411,0.12752468883991241,0.8641358613967896,0.5918591618537903
YDR018C,YGR178C,0,-0.5078429,0.12750589847564697,0.8641358613967896,0.5919591784477234
YLR105C,YDR353W,0,-0.5078938,0.12748710811138153,0.8641358613967896,0.5920591950416565
YKL192C,YBR115C,0,-0.5079968,0.1274683177471161,0.8641358613967896,0.5921592116355896
YEL053C,YGR037C,0,-0.50836587,0.12744954228401184,0.8641358613967896,0.5922592282295227
YFL054C,YPL085W,0,-0.5084804,0.1274307668209076,0.8641358613967896,0.5923592448234558
YNL049C,YPR030W,0,-0.508728,0.12741199135780334,0.8641358613967896,0.5924592614173889
YDR500C,YCR052W,0,-0.5087973,0.1273932307958603,0.8641358613967896,0.592559278011322
YBR261C,YAL062W,0,-0.5088358,0.12737447023391724,0.8641358613967896,0.5926592946052551
YGL115W,YNL306W,0,-0.5088462,0.12735570967197418,0.8641358613967896,0.5927592515945435
YPL169C,YER087W,0,-0.50974584,0.12733696401119232,0.8641358613967896,0.5928592681884766
YJL114W,YDL033C,0,-0.5099608,0.12731821835041046,0.8641358613967896,0.5929592847824097
YBR040W,YGR174C,0,-0.5102142,0.1272994875907898,0.8641358613967896,0.5930593013763428
YNL212W,YIR025W,0,-0.5104066,0.12728075683116913,0.8641358613967896,0.5931593179702759
YIL011W,YNL240C,0,-0.51067454,0.12726202607154846,0.8641358613967896,0.593259334564209
YMR149W,YGR266W,0,-0.51088953,0.127243310213089,0.8641358613967896,0.5933593511581421
YML100W,YGR199W,1,-0.51149666,0.1273716688156128,0.8651348948478699,0.5933593511581421
YMR261C,YBR110W,1,-0.51153487,0.1274999976158142,0.8661338686943054,0.5933593511581421
YDR044W,YLR312W-A,0,-0.5116626,0.12748125195503235,0.8661338686943054,0.5934593677520752
YKR061W,YNR059W,1,-0.51170856,0.127609521150589,0.867132842540741,0.5934593677520752
YKL024C,YHR059W,0,-0.5120007,0.12759077548980713,0.867132842540741,0.5935593843460083
YNL145W,YOL072W,0,-0.51222324,0.12757201492786407,0.867132842540741,0.5936593413352966
YPL113C,YPR169W,0,-0.5124916,0.12755326926708221,0.867132842540741,0.5937593579292297
YDR399W,YBR070C,1,-0.51299745,0.12768146395683289,0.8681318759918213,0.5937593579292297
YPL141C,YJL190C,0,-0.5131016,0.12766270339488983,0.8681318759918213,0.5938593745231628
YLR214W,YGR081C,0,-0.51311964,0.12764394283294678,0.8681318759918213,0.593959391117096
YNL219C,YKR103W,0,-0.5131309,0.12762519717216492,0.8681318759918213,0.594059407711029
YDL208W,YOR124C,0,-0.51328087,0.12760646641254425,0.8681318759918213,0.5941594243049622
YGL090W,YBR026C,0,-0.51397747,0.1275877207517624,0.8681318759918213,0.5942594408988953
YOR124C,YML036W,0,-0.5142644,0.12756898999214172,0.8681318759918213,0.5943594574928284
YJR049C,YDL080C,0,-0.51440704,0.12755027413368225,0.8681318759918213,0.5944594740867615
YDR226W,YML047C,0,-0.5144146,0.12753155827522278,0.8681318759918213,0.5945594310760498
YMR110C,YJR034W,0,-0.5155746,0.1275128424167633,0.8681318759918213,0.5946594476699829
YKL198C,YGL019W,0,-0.51563716,0.12749412655830383,0.8681318759918213,0.594759464263916
YDR303C,YMR315W,0,-0.5157345,0.12747542560100555,0.8681318759918213,0.5948594808578491
YCR054C,YMR207C,0,-0.51648486,0.12745673954486847,0.8681318759918213,0.5949594974517822
YDR174W,YHR011W,0,-0.5168308,0.1274380385875702,0.8681318759918213,0.5950595140457153
YBR142W,YNL020C,0,-0.5168516,0.1274193525314331,0.8681318759918213,0.5951595306396484
YOR151C,YDL240W,0,-0.5168697,0.12740068137645721,0.8681318759918213,0.5952595472335815
YDL164C,YHR167W,0,-0.517002,0.12738199532032013,0.8681318759918213,0.5953595638275146
YBR279W,YPR070W,0,-0.51774573,0.12736332416534424,0.8681318759918213,0.595459520816803
YBR031W,YDR403W,0,-0.51795125,0.12734466791152954,0.8681318759918213,0.5955595374107361
YDR030C,YNL084C,0,-0.5180078,0.12732601165771484,0.8681318759918213,0.5956595540046692
YNL029C,YPL227C,1,-0.5180156,0.12745384871959686,0.8691308498382568,0.5956595540046692
YLR097C,YLL016W,0,-0.51807225,0.12743517756462097,0.8691308498382568,0.5957595705986023
YLR414C,YOR384W,0,-0.5180875,0.12741652131080627,0.8691308498382568,0.5958595871925354
YML005W,YAL023C,0,-0.5183029,0.12739786505699158,0.8691308498382568,0.5959596037864685
YBR156C,YOL072W,0,-0.518363,0.12737920880317688,0.8691308498382568,0.5960596203804016
YPL121C,YPR119W,0,-0.5184431,0.12736056745052338,0.8691308498382568,0.5961596369743347
YHR080C,YKL054C,0,-0.5186589,0.12734192609786987,0.8691308498382568,0.5962596535682678
YAL002W,YJR109C,0,-0.51907337,0.12732328474521637,0.8691308498382568,0.5963596105575562
YAR042W,YGR109W-A,0,-0.51952493,0.12730465829372406,0.8691308498382568,0.5964596271514893
YJL019W,YKR019C,0,-0.51977587,0.12728603184223175,0.8691308498382568,0.5965596437454224
YGL137W,YPL064C,0,-0.5207144,0.12726740539073944,0.8691308498382568,0.5966596603393555
YAL034W-A,YDR200C,0,-0.5214531,0.12724879384040833,0.8691308498382568,0.5967596769332886
YJR145C,YML048W,0,-0.52171105,0.1272301822900772,0.8691308498382568,0.5968596935272217
YGR002C,YOR069W,0,-0.5221473,0.1272115856409073,0.8691308498382568,0.5969597101211548
YMR271C,YEL011W,1,-0.5222085,0.1273391842842102,0.8701298832893372,0.5969597101211548
YLR086W,YDL246C,0,-0.5226581,0.1273205727338791,0.8701298832893372,0.5970597267150879
YHR156C,YBR207W,0,-0.52364135,0.12730196118354797,0.8701298832893372,0.597159743309021
YMR275C,YDR424C,0,-0.5240857,0.12728334963321686,0.8701298832893372,0.5972597002983093
YOR372C,YEL012W,0,-0.52418345,0.12726475298404694,0.8701298832893372,0.5973597168922424
YOL151W,YMR098C,0,-0.52446365,0.1272461712360382,0.8701298832893372,0.5974597334861755
YMR152W,YDL030W,0,-0.52469164,0.1272275745868683,0.8701298832893372,0.5975597500801086
YDL045W-A,YOR060C,0,-0.52633417,0.12720899283885956,0.8701298832893372,0.5976597666740417
YER143W,YDL021W,0,-0.5266568,0.12719042599201202,0.8701298832893372,0.5977597832679749
YMR313C,YMR311C,0,-0.52669084,0.1271718442440033,0.8701298832893372,0.597859799861908
YOL004W,YAL063C,0,-0.52682585,0.12715327739715576,0.8701298832893372,0.5979598164558411
YBR198C,YBR296C,0,-0.5274246,0.12713472545146942,0.8701298832893372,0.5980598330497742
YDL146W,YBR058C,0,-0.52768886,0.12711617350578308,0.8701298832893372,0.5981597900390625
YHR080C,YPR162C,0,-0.5281044,0.12709762156009674,0.8701298832893372,0.5982598066329956
YDL102W,YPR180W,0,-0.5283079,0.1270790845155716,0.8701298832893372,0.5983598232269287
YER049W,YCL063W,0,-0.52838826,0.12706053256988525,0.8701298832893372,0.5984598398208618
YPL130W,YLR244C,0,-0.52952486,0.1270420104265213,0.8701298832893372,0.5985598564147949
YMR005W,YOR008C,0,-0.52953964,0.12702347338199615,0.8701298832893372,0.598659873008728
YCL068C,YFR031C-A,0,-0.5304172,0.1270049512386322,0.8701298832893372,0.5987598896026611
YGR260W,YNR028W,0,-0.530648,0.12698644399642944,0.8701298832893372,0.5988599061965942
YDR482C,YDR341C,0,-0.5309404,0.12696793675422668,0.8701298832893372,0.5989599227905273
YDL081C,YPL163C,0,-0.53111196,0.12694942951202393,0.8701298832893372,0.5990598797798157
YJL054W,YHR214W,0,-0.531826,0.12693092226982117,0.8701298832893372,0.5991598963737488
YJR050W,YGL096W,0,-0.5320142,0.1269124299287796,0.8701298832893372,0.5992599129676819
YMR101C,YGR081C,0,-0.5320319,0.12689393758773804,0.8701298832893372,0.599359929561615
YCR005C,YIL172C,0,-0.5323387,0.12687546014785767,0.8701298832893372,0.5994599461555481
YJL180C,YNL059C,0,-0.5324381,0.1268569827079773,0.8701298832893372,0.5995599627494812
YJL106W,YEL016C,0,-0.53310907,0.12683850526809692,0.8701298832893372,0.5996599793434143
YMR237W,YDR248C,0,-0.5331524,0.12682002782821655,0.8701298832893372,0.5997599959373474
YJR132W,YBL031W,0,-0.53342324,0.12680156528949738,0.8701298832893372,0.5998600125312805
YBR177C,YNL127W,0,-0.5335656,0.1267831176519394,0.8701298832893372,0.5999599695205688
YNL006W,YBR020W,0,-0.5336484,0.1267646700143814,0.8701298832893372,0.600059986114502
YER022W,YGR217W,0,-0.53365004,0.12674622237682343,0.8701298832893372,0.6001600027084351
YDR229W,YKL043W,0,-0.5339023,0.12672777473926544,0.8701298832893372,0.6002600193023682
YJR013W,YBL113C,0,-0.5339205,0.12670934200286865,0.8701298832893372,0.6003600358963013
YLL050C,YPL262W,0,-0.533987,0.12669090926647186,0.8701298832893372,0.6004600524902344
YOR106W,YDR304C,0,-0.53399897,0.12667249143123627,0.8701298832893372,0.6005600690841675
YBR065C,YOL052C-A,0,-0.53417355,0.12665405869483948,0.8701298832893372,0.6006600856781006
YML100W,YMR283C,1,-0.53419554,0.12678104639053345,0.8711288571357727,0.6006600856781006
YPL203W,YLR191W,0,-0.53432876,0.12676261365413666,0.8711288571357727,0.6007601022720337
YJR033C,YJR052W,0,-0.5352975,0.12674418091773987,0.8711288571357727,0.600860059261322
YPL169C,YNL274C,0,-0.5353672,0.12672576308250427,0.8711288571357727,0.6009600758552551
YEL022W,YDR534C,0,-0.53552306,0.12670734524726868,0.8711288571357727,0.6010600924491882
YJL140W,YPL096W,0,-0.5355711,0.12668894231319427,0.8711288571357727,0.6011601090431213
YAL056W,YGR263C,0,-0.53568625,0.12667053937911987,0.8711288571357727,0.6012601256370544
YMR055C,YGL120C,0,-0.5358003,0.12665213644504547,0.8711288571357727,0.6013601422309875
YNL322C,YER050C,0,-0.5359459,0.12663374841213226,0.8711288571357727,0.6014601588249207
YBR254C,YNL189W,0,-0.5361244,0.12661536037921906,0.8711288571357727,0.6015601754188538
YAL051W,YDR242W,0,-0.53613913,0.12659698724746704,0.8711288571357727,0.6016601920127869
YIL072W,YJR075W,0,-0.53618467,0.12657859921455383,0.8711288571357727,0.6017601490020752
YPL276W,YOR032C,0,-0.5362641,0.12656022608280182,0.8711288571357727,0.6018601655960083
YGR083C,YJL073W,0,-0.5362982,0.126541867852211,0.8711288571357727,0.6019601821899414
YOR250C,YGR254W,0,-0.536474,0.12652350962162018,0.8711288571357727,0.6020601987838745
YGL045W,YML081W,0,-0.53703433,0.12650515139102936,0.8711288571357727,0.6021602153778076
YLR337C,YOR207C,0,-0.5376499,0.12648679316043854,0.8711288571357727,0.6022602319717407
YMR300C,YLR209C,1,-0.53799367,0.12661348283290863,0.872127890586853,0.6022602319717407
YER031C,YLR283W,0,-0.53840244,0.1265951246023178,0.872127890586853,0.6023602485656738
YLL035W,YNL062C,0,-0.53851783,0.126576766371727,0.872127890586853,0.6024602651596069
YBR101C,YML098W,0,-0.53855217,0.12655842304229736,0.872127890586853,0.60256028175354
YDL115C,YER125W,0,-0.53905755,0.12654007971286774,0.872127890586853,0.6026602387428284
YLR347C,YKL212W,0,-0.53972614,0.1265217363834381,0.872127890586853,0.6027602553367615
YDR379W,YGR255C,0,-0.5398716,0.12650340795516968,0.872127890586853,0.6028602719306946
YCR093W,YCR024C,0,-0.5398828,0.12648507952690125,0.872127890586853,0.6029602885246277
YER148W,YCL051W,0,-0.5399539,0.1264667510986328,0.872127890586853,0.6030603051185608
YPL150W,YLR006C,0,-0.53997135,0.12644843757152557,0.872127890586853,0.6031603217124939
YDL175C,YML049C,0,-0.5401541,0.12643012404441833,0.872127890586853,0.603260338306427
YPL110C,YER110C,0,-0.54028714,0.1264118105173111,0.872127890586853,0.6033603549003601
YGL106W,YKL126W,0,-0.5404599,0.12639351189136505,0.872127890586853,0.6034603714942932
YER044C-A,YJL198W,0,-0.54075295,0.126375213265419,0.872127890586853,0.6035603284835815
YMR267W,YLR263W,0,-0.5409082,0.12635692954063416,0.872127890586853,0.6036603450775146
YIL147C,YIR002C,0,-0.5409596,0.1263386458158493,0.872127890586853,0.6037603616714478
YLR237W,YOL107W,0,-0.5411883,0.12632036209106445,0.872127890586853,0.6038603782653809
YOL096C,YER087W,0,-0.5412068,0.1263020783662796,0.872127890586853,0.603960394859314
YEL024W,YER167W,0,-0.5415243,0.12628380954265594,0.872127890586853,0.6040604114532471
YGR199W,YJL139C,1,-0.54186666,0.12641018629074097,0.8731268644332886,0.6040604114532471
YDL045W-A,YNL191W,0,-0.5418788,0.12639190256595612,0.8731268644332886,0.6041604280471802
YNL008C,YDL138W,0,-0.5423154,0.12637363374233246,0.8731268644332886,0.6042604446411133
YGL253W,YDR013W,0,-0.54248095,0.1263553500175476,0.8731268644332886,0.6043604612350464
YDL141W,YNL192W,0,-0.5428159,0.12633709609508514,0.8731268644332886,0.6044604182243347
YOR275C,YDL021W,0,-0.5430441,0.1263188272714615,0.8731268644332886,0.6045604348182678
YBR015C,YKR061W,1,-0.54331744,0.12644508481025696,0.8741258978843689,0.6045604348182678
YNL259C,YMR223W,0,-0.5433848,0.1264268159866333,0.8741258978843689,0.6046604514122009
YDR091C,YDR047W,0,-0.5434258,0.12640854716300964,0.8741258978843689,0.604760468006134
YPR174C,YDR517W,0,-0.544049,0.12639029324054718,0.8741258978843689,0.6048604846000671
YDR130C,YJR160C,0,-0.54438466,0.12637203931808472,0.8741258978843689,0.6049605011940002
YDR358W,YKR077W,0,-0.544543,0.12635378539562225,0.8741258978843689,0.6050605177879333
YLL053C,YJL179W,0,-0.5454174,0.12633554637432098,0.8741258978843689,0.6051605343818665
YMR225C,YPL209C,0,-0.54560906,0.12631730735301971,0.8741258978843689,0.6052605509757996
YKR101W,YFR007W,0,-0.546268,0.12629908323287964,0.8741258978843689,0.6053605079650879
YDL129W,YIL011W,0,-0.54647344,0.12628084421157837,0.8741258978843689,0.605460524559021
YNL314W,YJR001W,0,-0.5466969,0.1262626200914383,0.8741258978843689,0.6055605411529541
YLL062C,YNL127W,0,-0.5468097,0.1262444108724594,0.8741258978843689,0.6056605577468872
YDL209C,YNR028W,0,-0.5470045,0.12622620165348053,0.8741258978843689,0.6057605743408203
YDL129W,YDR438W,0,-0.5470199,0.12620799243450165,0.8741258978843689,0.6058605909347534
YER143W,YPL097W,0,-0.54712313,0.12618978321552277,0.8741258978843689,0.6059606075286865
YHL035C,YJR096W,0,-0.5471883,0.12617158889770508,0.8741258978843689,0.6060606241226196
YDR534C,YEL001C,0,-0.54791373,0.12615340948104858,0.8741258978843689,0.6061606407165527
YMR306W,YPR030W,0,-0.5485109,0.1261352151632309,0.8741258978843689,0.6062605977058411
YIL147C,YDR261C,0,-0.5487733,0.1261170357465744,0.8741258978843689,0.6063606142997742
YOR319W,YMR318C,0,-0.5487752,0.1260988563299179,0.8741258978843689,0.6064606308937073
YPL127C,YPR131C,0,-0.54917526,0.1260806918144226,0.8741258978843689,0.6065606474876404
YLR313C,YPR131C,0,-0.549399,0.1260625272989273,0.8741258978843689,0.6066606640815735
YOR236W,YER139C,0,-0.5500939,0.126044362783432,0.8741258978843689,0.6067606806755066
YHR136C,YOL149W,0,-0.55029,0.1260262131690979,0.8741258978843689,0.6068606972694397
YAL022C,YAR035W,0,-0.550496,0.1260080635547638,0.8741258978843689,0.6069607138633728
YJL136C,YJR126C,0,-0.55078053,0.1259899139404297,0.8741258978843689,0.6070607304573059
YKL063C,YEL016C,0,-0.55079216,0.12597177922725677,0.8741258978843689,0.6071606874465942
YDR046C,YNL054W,0,-0.5508425,0.12595364451408386,0.8741258978843689,0.6072607040405273
YHL034C,YIL106W,0,-0.5510813,0.12593552470207214,0.8741258978843689,0.6073607206344604
YHR020W,YLR396C,0,-0.55147254,0.12591740489006042,0.8741258978843689,0.6074607372283936
YLR313C,YOL141W,0,-0.5515263,0.1258992850780487,0.8741258978843689,0.6075607538223267
YMR100W,YJR046W,0,-0.5516917,0.125881165266037,0.8741258978843689,0.6076607704162598
YNL049C,YDL012C,0,-0.5519632,0.12586306035518646,0.8741258978843689,0.6077607870101929
YBR282W,YBR015C,0,-0.5523902,0.12584495544433594,0.8741258978843689,0.607860803604126
YBR192W,YML087C,0,-0.55246115,0.1258268654346466,0.8741258978843689,0.6079608201980591
YGR009C,YGL232W,0,-0.55254596,0.12580877542495728,0.8741258978843689,0.6080607771873474
YDR460W,YAL063C,0,-0.55261314,0.12579068541526794,0.8741258978843689,0.6081607937812805
YOR265W,YGL060W,0,-0.5530515,0.1257726103067398,0.8741258978843689,0.6082608103752136
YKL048C,YJL134W,0,-0.5530648,0.12575452029705048,0.8741258978843689,0.6083608269691467
YMR088C,YNL289W,0,-0.55306983,0.12573646008968353,0.8741258978843689,0.6084608435630798
YNL189W,YPL200W,0,-0.5537572,0.1257183849811554,0.8741258978843689,0.6085608601570129
YAL044C,YBL031W,0,-0.55399036,0.12570032477378845,0.8741258978843689,0.608660876750946
YOR270C,YHR014W,0,-0.5541304,0.1256822794675827,0.8741258978843689,0.6087608933448792
YLR371W,YKR078W,0,-0.55430907,0.12566421926021576,0.8741258978843689,0.6088609099388123
YOR323C,YER051W,0,-0.55532515,0.12564617395401,0.8741258978843689,0.6089608669281006
YER093C,YCR031C,0,-0.55595315,0.12562814354896545,0.8741258978843689,0.6090608835220337
YEL013W,YLR315W,0,-0.55605066,0.1256101131439209,0.8741258978843689,0.6091609001159668
YPL161C,YLR295C,0,-0.5561763,0.12559208273887634,0.8741258978843689,0.6092609167098999
YLL006W,YHR051W,0,-0.5574199,0.1255740523338318,0.8741258978843689,0.609360933303833
YKL103C,YEL050C,0,-0.55746126,0.12555603682994843,0.8741258978843689,0.6094609498977661
YMR227C,YHR086W,0,-0.5576788,0.12553802132606506,0.8741258978843689,0.6095609664916992
YPL173W,YGR089W,0,-0.5582571,0.1255200058221817,0.8741258978843689,0.6096609830856323
YOR044W,YJR031C,0,-0.5583531,0.12550200521945953,0.8741258978843689,0.6097609996795654
YAL041W,YLR384C,0,-0.5589314,0.12548400461673737,0.8741258978843689,0.6098609566688538
YDR434W,YML027W,0,-0.55899507,0.1254660189151764,0.8741258978843689,0.6099609732627869
YNL117W,YPR111W,0,-0.55957913,0.12544803321361542,0.8741258978843689,0.61006098985672
YPR183W,YOR321W,1,-0.55984616,0.12557339668273926,0.8751248717308044,0.61006098985672
YIL106W,YGR070W,0,-0.56016254,0.1255553960800171,0.8751248717308044,0.6101610064506531
YBL013W,YDR386W,0,-0.5603934,0.12553741037845612,0.8751248717308044,0.6102610230445862
YLR102C,YBR155W,0,-0.56043184,0.12551940977573395,0.8751248717308044,0.6103610396385193
YBR005W,YLR038C,0,-0.56045747,0.12550143897533417,0.8751248717308044,0.6104610562324524
YKR061W,YLR342W,1,-0.56053895,0.12562669813632965,0.8761239051818848,0.6104610562324524
YMR284W,YPR133C,0,-0.56065834,0.12560871243476868,0.8761239051818848,0.6105610728263855
YHR046C,YDL202W,0,-0.5609864,0.1255907267332077,0.8761239051818848,0.6106610894203186
YER096W,YOL138C,0,-0.56101334,0.12557274103164673,0.8761239051818848,0.6107610464096069
YPL068C,YCL048W,0,-0.56112564,0.12555475533008575,0.8761239051818848,0.61086106300354
YDR246W,YPL157W,0,-0.56132483,0.12553678452968597,0.8761239051818848,0.6109610795974731
YGL038C,YDR074W,1,-0.561426,0.1256619393825531,0.8771228790283203,0.6109610795974731
YCR052W,YOR384W,0,-0.56165445,0.12564395368099213,0.8771228790283203,0.6110610961914062
YAL035W,YEL056W,0,-0.56222904,0.12562598288059235,0.8771228790283203,0.6111611127853394
YER001W,YBR110W,1,-0.5629364,0.1257510781288147,0.8781218528747559,0.6111611127853394
YLR194C,YOR009W,0,-0.5629952,0.12573309242725372,0.8781218528747559,0.6112611293792725
YKL054C,YIL035C,0,-0.56306046,0.12571510672569275,0.8781218528747559,0.6113611459732056
YPR055W,YLR075W,0,-0.56330776,0.12569712102413177,0.8781218528747559,0.6114611625671387
YML073C,YOL038W,0,-0.56348157,0.125679150223732,0.8781218528747559,0.6115611791610718
YGL028C,YOL149W,0,-0.56382537,0.12566117942333221,0.8781218528747559,0.6116611957550049
YDR524C,YDR405W,0,-0.5644756,0.12564322352409363,0.8781218528747559,0.6117611527442932
YAL012W,YHR165C,0,-0.5644816,0.12562526762485504,0.8781218528747559,0.6118611693382263
YOR353C,YGL200C,0,-0.5645642,0.12560731172561646,0.8781218528747559,0.6119611859321594
YOR155C,YOR177C,0,-0.56505436,0.12558937072753906,0.8781218528747559,0.6120612025260925
YBR110W,YPL057C,1,-0.5655824,0.1257142871618271,0.8791208863258362,0.6120612025260925
YLR403W,YGL126W,0,-0.56564265,0.1256963312625885,0.8791208863258362,0.6121612191200256
YLR450W,YNL281W,0,-0.5657838,0.12567837536334991,0.8791208863258362,0.6122612357139587
YML115C,YLR102C,0,-0.5658253,0.12566043436527252,0.8791208863258362,0.6123612523078918
YFR049W,YKL195W,0,-0.56616753,0.12564249336719513,0.8791208863258362,0.612461268901825
YBR094W,YMR128W,0,-0.5664668,0.12562455236911774,0.8791208863258362,0.6125612854957581
YIL014W,YGL047W,1,-0.5665562,0.1257493644952774,0.8801198601722717,0.6125612854957581
YPR037C,YHL040C,0,-0.56695545,0.12573140859603882,0.8801198601722717,0.6126612424850464
YJL216C,YDR320C,0,-0.5672813,0.12571346759796143,0.8801198601722717,0.6127612590789795
YJL178C,YMR282C,0,-0.56745386,0.12569554150104523,0.8801198601722717,0.6128612756729126
YML129C,YFL048C,0,-0.5676999,0.12567760050296783,0.8801198601722717,0.6129612922668457
YLR185W,YGR159C,0,-0.5681492,0.12565967440605164,0.8801198601722717,0.6130613088607788
YLR056W,YBL051C,0,-0.5682141,0.12564176321029663,0.8801198601722717,0.6131613254547119
YPR108W,YMR033W,0,-0.5682914,0.12562383711338043,0.8801198601722717,0.613261342048645
YNL164C,YKR088C,0,-0.56842625,0.12560592591762543,0.8801198601722717,0.6133613586425781
YAL024C,YDL143W,0,-0.5684517,0.12558802962303162,0.8801198601722717,0.6134613752365112
YER055C,YNR059W,1,-0.56968725,0.12571266293525696,0.881118893623352,0.6134613752365112
YDR045C,YDR217C,0,-0.56969416,0.12569473683834076,0.881118893623352,0.6135613322257996
YOR119C,YPL027W,0,-0.56969476,0.12567682564258575,0.881118893623352,0.6136613488197327
YOR132W,YDR508C,0,-0.56971747,0.12565892934799194,0.881118893623352,0.6137613654136658
YBL035C,YDL030W,0,-0.5708937,0.12564103305339813,0.881118893623352,0.6138613820075989
YDR134C,YJL071W,0,-0.5714573,0.12562313675880432,0.881118893623352,0.613961398601532
YDR296W,YOR143C,0,-0.57150114,0.1256052404642105,0.881118893623352,0.6140614151954651
YLR163C,YOR131C,0,-0.571617,0.1255873590707779,0.881118893623352,0.6141614317893982
YBR123C,YLR186W,0,-0.57164156,0.12556947767734528,0.881118893623352,0.6142614483833313
YDR429C,YMR201C,0,-0.57175606,0.12555159628391266,0.881118893623352,0.6143614649772644
YJR107W,YJR126C,0,-0.5721911,0.12553372979164124,0.881118893623352,0.6144614219665527
YMR233W,YFR045W,0,-0.572217,0.1255158632993698,0.881118893623352,0.6145614385604858
YJL060W,YGR076C,0,-0.5724481,0.12549801170825958,0.881118893623352,0.614661455154419
YNR010W,YDL243C,0,-0.5733381,0.12548016011714935,0.881118893623352,0.614761471748352
YLL002W,YDL075W,0,-0.57361794,0.12546230852603912,0.881118893623352,0.6148614883422852
YPL135W,YLR357W,0,-0.573861,0.1254444569349289,0.881118893623352,0.6149615049362183
YER139C,YHL017W,0,-0.5739992,0.12542662024497986,0.881118893623352,0.6150615215301514
YDR117C,YGR202C,0,-0.5741972,0.12540878355503082,0.881118893623352,0.6151615381240845
YMR176W,YGL085W,0,-0.57460284,0.12539096176624298,0.881118893623352,0.6152615547180176
YPR024W,YDL008W,0,-0.5747158,0.12537313997745514,0.881118893623352,0.6153615117073059
YMR065W,YOL059W,0,-0.57656914,0.1253553181886673,0.881118893623352,0.615461528301239
YKL129C,YML074C,0,-0.5765828,0.12533749639987946,0.881118893623352,0.6155615448951721
YER173W,YJR053W,0,-0.5765912,0.1253196895122528,0.881118893623352,0.6156615614891052
YGL084C,YMR226C,0,-0.57666475,0.12530188262462616,0.881118893623352,0.6157615780830383
YMR013C,YKL135C,0,-0.5766926,0.1252840906381607,0.881118893623352,0.6158615946769714
YDR276C,YGR104C,0,-0.5767737,0.12526629865169525,0.881118893623352,0.6159616112709045
YGR089W,YIL068C,0,-0.5770725,0.1252485066652298,0.881118893623352,0.6160616278648376
YJR140C,YNL027W,0,-0.5776601,0.12523072957992554,0.881118893623352,0.6161616444587708
YLR404W,YKL013C,0,-0.5785532,0.12521295249462128,0.881118893623352,0.6162616014480591
YKL189W,YBR005W,0,-0.57969236,0.12519517540931702,0.881118893623352,0.6163616180419922
YDR231C,YKR009C,0,-0.57993615,0.12517739832401276,0.881118893623352,0.6164616346359253
YGR008C,YML098W,0,-0.57999206,0.1251596361398697,0.881118893623352,0.6165616512298584
YJR068W,YPL064C,0,-0.58046883,0.12514188885688782,0.881118893623352,0.6166616678237915
YOR174W,YIL088C,0,-0.58053905,0.12512412667274475,0.881118893623352,0.6167616844177246
YDR440W,YBR058C,0,-0.58123195,0.12510637938976288,0.881118893623352,0.6168617010116577
YKL109W,YDR363W-A,0,-0.5817765,0.1250886470079422,0.881118893623352,0.6169617176055908
YGR286C,YML047C,0,-0.5820024,0.12507089972496033,0.881118893623352,0.6170617341995239
YOL042W,YMR235C,0,-0.58347213,0.12505316734313965,0.881118893623352,0.6171616911888123
YBR035C,YML027W,0,-0.583943,0.12503543496131897,0.881118893623352,0.6172617077827454
YPL140C,YPL042C,0,-0.5842947,0.12501771748065948,0.881118893623352,0.6173617243766785
YNL031C,YEL031W,0,-0.584334,0.125,0.881118893623352,0.6174617409706116
YIL123W,YHR209W,0,-0.58447176,0.12498228996992111,0.881118893623352,0.6175617575645447
YBR061C,YGL018C,0,-0.5845653,0.12496457993984222,0.881118893623352,0.6176617741584778
YBR095C,YPL027W,0,-0.58457524,0.12494687736034393,0.881118893623352,0.6177617907524109
YAL015C,YEL059C-A,0,-0.5847776,0.12492917478084564,0.881118893623352,0.617861807346344
YDR252W,YNL322C,0,-0.5848027,0.12491148710250854,0.881118893623352,0.6179618239402771
YCL039W,YJL026W,0,-0.5849284,0.12489379942417145,0.881118893623352,0.6180617809295654
YMR054W,YGR188C,0,-0.58494806,0.12487611174583435,0.881118893623352,0.6181617975234985
YOR389W,YBR208C,0,-0.5851919,0.12485843896865845,0.881118893623352,0.6182618141174316
YJL139C,YKL004W,1,-0.5857135,0.1249823048710823,0.8821178674697876,0.6182618141174316
YOL109W,YNL091W,0,-0.5858947,0.12496461719274521,0.8821178674697876,0.6183618307113647
YLR299W,YDR322W,0,-0.5859192,0.12494693696498871,0.8821178674697876,0.6184618473052979
YAL002W,YKL007W,0,-0.5861497,0.12492925673723221,0.8821178674697876,0.618561863899231
YGL227W,YPL234C,0,-0.58616686,0.1249115839600563,0.8821178674697876,0.6186618804931641
YFL061W,YDR033W,0,-0.58635974,0.124893918633461,0.8821178674697876,0.6187618970870972
YJL127C,YBR187W,0,-0.58638793,0.12487625330686569,0.8821178674697876,0.6188619136810303
YLL022C,YJR134C,0,-0.58667356,0.12485859543085098,0.8821178674697876,0.6189618706703186
YHR138C,YMR289W,0,-0.5867163,0.12484094500541687,0.8821178674697876,0.6190618872642517
YFL044C,YJR027W,0,-0.5867337,0.12482329457998276,0.8821178674697876,0.6191619038581848
YLR214W,YBR159W,0,-0.5867783,0.12480565160512924,0.8821178674697876,0.6192619204521179
YLR213C,YJL071W,0,-0.5868349,0.12478801608085632,0.8821178674697876,0.619361937046051
YLL004W,YGL169W,0,-0.587093,0.1247703805565834,0.8821178674697876,0.6194619536399841
YGR241C,YOL067C,0,-0.5872021,0.12475275248289108,0.8821178674697876,0.6195619702339172
YDR447C,YJR022W,0,-0.5879135,0.12473513185977936,0.8821178674697876,0.6196619868278503
YDR244W,YJL013C,0,-0.58835065,0.12471751123666763,0.8821178674697876,0.6197620034217834
YDR448W,YJL170C,0,-0.58844376,0.1246998980641365,0.8821178674697876,0.6198619604110718
YBR060C,YFR005C,0,-0.58867186,0.12468229234218597,0.8821178674697876,0.6199619770050049
YBL014C,YNL164C,0,-0.5889534,0.12466468662023544,0.8821178674697876,0.620061993598938
YIR019C,YNL314W,0,-0.5890385,0.12464708834886551,0.8821178674697876,0.6201620101928711
YGL226C-A,YNL287W,0,-0.5891235,0.12462949752807617,0.8821178674697876,0.6202620267868042
YAL020C,YGR258C,0,-0.5891252,0.12461191415786743,0.8821178674697876,0.6203620433807373
YGL061C,YOR158W,0,-0.5892099,0.12459433078765869,0.8821178674697876,0.6204620599746704
YMR038C,YLR450W,0,-0.58930564,0.12457674741744995,0.8821178674697876,0.6205620765686035
YDL067C,YDR345C,0,-0.59020996,0.1245591789484024,0.8821178674697876,0.6206620931625366
YKL203C,YML023C,0,-0.59065384,0.12454161047935486,0.8821178674697876,0.620762050151825
YOR209C,YJL139C,1,-0.59077007,0.12466506659984589,0.8831169009208679,0.620762050151825
YLR234W,YDR529C,0,-0.59140295,0.12464749068021774,0.8831169009208679,0.6208620667457581
YJL033W,YFL023W,0,-0.5914881,0.1246299147605896,0.8831169009208679,0.6209620833396912
YGR224W,YDR036C,0,-0.5917219,0.12461234629154205,0.8831169009208679,0.6210620999336243
YDR253C,YMR322C,0,-0.5918689,0.1245947852730751,0.8831169009208679,0.6211621165275574
YBR149W,YDR170W-A,0,-0.59191346,0.12457722425460815,0.8831169009208679,0.6212621331214905
YNL219C,YMR283C,1,-0.59203887,0.12470057606697083,0.8841158747673035,0.6212621331214905
YDR212W,YMR213W,0,-0.5922807,0.12468300759792328,0.8841158747673035,0.6213621497154236
YDR469W,YDR263C,0,-0.5926815,0.12466544657945633,0.8841158747673035,0.6214621663093567
YER098W,YML096W,0,-0.5928888,0.12464788556098938,0.8841158747673035,0.6215621829032898
YAL003W,YNR048W,0,-0.59301054,0.12463033199310303,0.8841158747673035,0.6216621398925781
YOR236W,YDR224C,0,-0.593118,0.12461278587579727,0.8841158747673035,0.6217621564865112
YNL031C,YLL040C,0,-0.5932312,0.12459523975849152,0.8841158747673035,0.6218621730804443
YFL044C,YOR316C,0,-0.59324443,0.12457770109176636,0.8841158747673035,0.6219621896743774
YJR143C,YHR111W,0,-0.59339607,0.1245601698756218,0.8841158747673035,0.6220622062683105
YDL129W,YER030W,0,-0.5939618,0.12454263865947723,0.8841158747673035,0.6221622228622437
YGL065C,YNL048W,1,-0.59405136,0.12466581910848618,0.8851149082183838,0.6221622228622437
YGR260W,YGL004C,0,-0.5942693,0.12464828044176102,0.8851149082183838,0.6222622394561768
YDR371W,YDR301W,0,-0.5943669,0.12463074922561646,0.8851149082183838,0.6223622560501099
YLR389C,YCR054C,0,-0.5946926,0.1246132180094719,0.8851149082183838,0.622462272644043
YJL157C,YDL170W,0,-0.59553933,0.12459569424390793,0.8851149082183838,0.6225622296333313
YNL077W,YBL029C-A,0,-0.59555167,0.12457817792892456,0.8851149082183838,0.6226622462272644
YNL076W,YCL055W,0,-0.5956223,0.12456066161394119,0.8851149082183838,0.6227622628211975
YCR107W,YJR126C,0,-0.595872,0.12454315274953842,0.8851149082183838,0.6228622794151306
YHR172W,YLR035C-A,0,-0.59634423,0.12452565133571625,0.8851149082183838,0.6229622960090637
YHR031C,YDL078C,0,-0.5966928,0.12450814992189407,0.8851149082183838,0.6230623126029968
YFR050C,YDL107W,0,-0.59736013,0.1244906559586525,0.8851149082183838,0.6231623291969299
YEL021W,YCL029C,0,-0.59789026,0.12447316944599152,0.8851149082183838,0.623262345790863
YLR204W,YNL288W,0,-0.59824246,0.12445568293333054,0.8851149082183838,0.6233623623847961
YDR424C,YMR169C,0,-0.59866023,0.12443820387125015,0.8851149082183838,0.6234623193740845
YBR110W,YBR004C,1,-0.5988797,0.12456116080284119,0.8861138820648193,0.6234623193740845
YPR168W,YGR274C,0,-0.599035,0.12454366683959961,0.8861138820648193,0.6235623359680176
YIL087C,YGR174C,0,-0.5990639,0.12452618032693863,0.8861138820648193,0.6236623525619507
YPL206C,YGR109W-A,0,-0.59917074,0.12450870126485825,0.8861138820648193,0.6237623691558838
YER083C,YGR239C,0,-0.5991971,0.12449122965335846,0.8861138820648193,0.6238623857498169
YEL013W,YDR384C,0,-0.5992012,0.12447375804185867,0.8861138820648193,0.62396240234375
YOR079C,YIL061C,0,-0.59941864,0.12445629388093948,0.8861138820648193,0.6240624189376831
YDR461W,YDL085W,0,-0.5995956,0.1244388297200203,0.8861138820648193,0.6241624355316162
YGR260W,YAR035W,0,-0.5996061,0.1244213804602623,0.8861138820648193,0.6242624521255493
YHR161C,YKR007W,0,-0.5998196,0.1244039237499237,0.8861138820648193,0.6243624091148376
YJL005W,YNL214W,0,-0.60062313,0.12438648194074631,0.8861138820648193,0.6244624257087708
YOR002W,YGL065C,1,-0.6008906,0.12450925260782242,0.8871129155158997,0.6244624257087708
YNL239W,YDR260C,0,-0.6012564,0.12449179589748383,0.8871129155158997,0.6245624423027039
YKR061W,YNL038W,1,-0.60137236,0.12461452186107635,0.8881118893623352,0.6245624423027039
YOL030W,YGR104C,0,-0.60152584,0.12459705770015717,0.8881118893623352,0.624662458896637
YMR274C,YER070W,0,-0.60192347,0.12457959353923798,0.8881118893623352,0.6247624754905701
YJR049C,YDL220C,0,-0.6021992,0.12456214427947998,0.8881118893623352,0.6248624920845032
YLR382C,YMR142C,0,-0.6030785,0.12454468756914139,0.8881118893623352,0.6249625086784363
YNL167C,YPR200C,0,-0.60334826,0.12452724575996399,0.8881118893623352,0.6250625252723694
YPL153C,YDR120C,0,-0.6036434,0.12450980395078659,0.8881118893623352,0.6251625418663025
YOL108C,YGL209W,0,-0.60369647,0.12449236959218979,0.8881118893623352,0.6252624988555908
YBR299W,YOR119C,0,-0.6037234,0.12447493523359299,0.8881118893623352,0.6253625154495239
YNL063W,YAL008W,0,-0.60408777,0.12445750832557678,0.8881118893623352,0.625462532043457
YDR530C,YOR011W,0,-0.6042812,0.12444008886814117,0.8881118893623352,0.6255625486373901
YDR476C,YLR075W,0,-0.60523045,0.12442267686128616,0.8881118893623352,0.6256625652313232
YER148W,YLR024C,0,-0.60526365,0.12440526485443115,0.8881118893623352,0.6257625818252563
YOR131C,YDR120C,0,-0.6055134,0.12438785284757614,0.8881118893623352,0.6258625984191895
YLR209C,YLR342W,1,-0.6058297,0.12451035529375076,0.8891108632087708,0.6258625984191895
YDR164C,YNR067C,0,-0.6068055,0.12449293583631516,0.8891108632087708,0.6259626150131226
YGR194C,YJL174W,0,-0.60688865,0.12447552382946014,0.8891108632087708,0.6260626316070557
YEL018W,YOL062C,0,-0.6070657,0.12445811927318573,0.8891108632087708,0.626162588596344
YNL050C,YEL037C,0,-0.60723543,0.12444071471691132,0.8891108632087708,0.6262626051902771
YGL142C,YPL175W,1,-0.6073066,0.12456312030553818,0.8901098966598511,0.6262626051902771
YMR098C,YPR081C,0,-0.60738677,0.12454570829868317,0.8901098966598511,0.6263626217842102
YIL008W,YBL008W,0,-0.6074759,0.12452830374240875,0.8901098966598511,0.6264626383781433
YBR121C,YPL021W,0,-0.6077663,0.12451089918613434,0.8901098966598511,0.6265626549720764
YJL096W,YBL078C,0,-0.60845,0.12449350208044052,0.8901098966598511,0.6266626715660095
YEL030W,YOR386W,0,-0.60856956,0.1244761124253273,0.8901098966598511,0.6267626881599426
YCR077C,YPR034W,0,-0.608901,0.12445872277021408,0.8901098966598511,0.6268627047538757
YKL039W,YLR345W,0,-0.6093688,0.12444134056568146,0.8901098966598511,0.6269627213478088
YGR283C,YOR181W,0,-0.6094327,0.12442396581172943,0.8901098966598511,0.6270626783370972
YPL028W,YBL103C,0,-0.6094999,0.1244065910577774,0.8901098966598511,0.6271626949310303
YDR172W,YNL127W,0,-0.6097704,0.12438922375440598,0.8901098966598511,0.6272627115249634
YDR044W,YBR233W-A,0,-0.6097884,0.12437185645103455,0.8901098966598511,0.6273627281188965
YGR180C,YKR002W,0,-0.60979116,0.12435450404882431,0.8901098966598511,0.6274627447128296
YGR212W,YHR020W,0,-0.61002374,0.12433714419603348,0.8901098966598511,0.6275627613067627
YIL042C,YDR005C,0,-0.61073434,0.12431979924440384,0.8901098966598511,0.6276627779006958
YDR494W,YDR284C,0,-0.61119354,0.1243024542927742,0.8901098966598511,0.6277627944946289
YDR014W,YCL057W,0,-0.6112704,0.12428511679172516,0.8901098966598511,0.627862811088562
YDR285W,YGL026C,0,-0.6115946,0.12426777929067612,0.8901098966598511,0.6279627680778503
YNL208W,YJL127C,0,-0.6119777,0.12425045669078827,0.8901098966598511,0.6280627846717834
YPL137C,YPR184W,0,-0.61343074,0.12423312664031982,0.8901098966598511,0.6281628012657166
YER149C,YHR012W,0,-0.6134982,0.12421581149101257,0.8901098966598511,0.6282628178596497
YLR157C,YJL059W,0,-0.6136531,0.12419849634170532,0.8901098966598511,0.6283628344535828
YDR007W,YNR013C,0,-0.61386156,0.12418118119239807,0.8901098966598511,0.6284628510475159
YGL016W,YOR319W,0,-0.6139052,0.12416388094425201,0.8901098966598511,0.628562867641449
YCR020C,YKL130C,0,-0.61401486,0.12414658069610596,0.8901098966598511,0.6286628842353821
YIL074C,YCR107W,0,-0.6140586,0.1241292804479599,0.8901098966598511,0.6287629008293152
YHR201C,YGL063W,0,-0.6141815,0.12411199510097504,0.8901098966598511,0.6288628578186035
YPR003C,YBR272C,0,-0.6145539,0.12409470975399017,0.8901098966598511,0.6289628744125366
YDR367W,YIL154C,0,-0.61463445,0.12407742440700531,0.8901098966598511,0.6290628910064697
YMR274C,YOR315W,0,-0.6154451,0.12406015396118164,0.8901098966598511,0.6291629076004028
YHL017W,YML116W,0,-0.6160003,0.12404287606477737,0.8901098966598511,0.6292629241943359
YFR034C,YCR098C,0,-0.6163492,0.1240256130695343,0.8901098966598511,0.629362940788269
YPR132W,YNR072W,0,-0.6163802,0.12400835007429123,0.8901098966598511,0.6294629573822021
YBR166C,YCR018C,0,-0.6166466,0.12399109452962875,0.8901098966598511,0.6295629739761353
YJR107W,YNL309W,0,-0.6167475,0.12397383898496628,0.8901098966598511,0.6296629905700684
YOR358W,YPL068C,0,-0.6168836,0.1239565908908844,0.8901098966598511,0.6297629475593567
YFL057C,YHL025W,0,-0.6177455,0.12393935024738312,0.8901098966598511,0.6298629641532898
YGR014W,YDR151C,0,-0.6181259,0.12392211705446243,0.8901098966598511,0.6299629807472229
YGR076C,YOR176W,0,-0.6190906,0.12390488386154175,0.8901098966598511,0.630062997341156
YLR190W,YGL194C,0,-0.6192534,0.12388765066862106,0.8901098966598511,0.6301630139350891
YJR060W,YDR022C,0,-0.6192796,0.12387043237686157,0.8901098966598511,0.6302630305290222
YLR343W,YBL074C,0,-0.6194026,0.12385321408510208,0.8901098966598511,0.6303630471229553
YOR292C,YBR050C,0,-0.6194293,0.12383599579334259,0.8901098966598511,0.6304630637168884
YBL090W,YKR099W,0,-0.6197729,0.1238187849521637,0.8901098966598511,0.6305630803108215
YCL014W,YPR169W,0,-0.6204163,0.1238015815615654,0.8901098966598511,0.6306630373001099
YOR378W,YNR022C,0,-0.620493,0.1237843856215477,0.8901098966598511,0.630763053894043
YNR061C,YLL003W,0,-0.62101495,0.12376718968153,0.8901098966598511,0.6308630704879761
YOR347C,YGR225W,0,-0.62195003,0.1237500011920929,0.8901098966598511,0.6309630870819092
YMR283C,YLR017W,1,-0.6219549,0.12387168407440186,0.8911088705062866,0.6309630870819092
YIR002C,YCR040W,0,-0.6221908,0.12385448813438416,0.8911088705062866,0.6310631036758423
YDL100C,YGL205W,0,-0.62243485,0.12383729219436646,0.8911088705062866,0.6311631202697754
YHR066W,YEL070W,0,-0.6225301,0.12382009625434875,0.8911088705062866,0.6312631368637085
YKL180W,YBR058C-A,0,-0.6230095,0.12380291521549225,0.8911088705062866,0.6313631534576416
YER048W-A,YMR109W,0,-0.62303686,0.12378573417663574,0.8911088705062866,0.6314631700515747
YJR065C,YNL289W,0,-0.6236372,0.12376856058835983,0.8911088705062866,0.631563127040863
YLR103C,YLR183C,0,-0.62380654,0.12375138700008392,0.8911088705062866,0.6316631436347961
YLR188W,YGR072W,0,-0.6239385,0.12373422086238861,0.8911088705062866,0.6317631602287292
YDR200C,YCR030C,0,-0.62455034,0.1237170621752739,0.8911088705062866,0.6318631768226624
YNL167C,YDL098C,0,-0.6248857,0.12369990348815918,0.8911088705062866,0.6319631934165955
YMR128W,YGL089C,0,-0.6258457,0.12368275225162506,0.8911088705062866,0.6320632100105286
YDL087C,YDR329C,0,-0.6261171,0.12366560101509094,0.8911088705062866,0.6321632266044617
YBR208C,YBR081C,0,-0.6274253,0.12364846467971802,0.8911088705062866,0.6322632431983948
YLR182W,YCR075C,0,-0.6274622,0.1236313208937645,0.8911088705062866,0.6323632597923279
YGR075C,YOR132W,0,-0.6276346,0.12361419200897217,0.8911088705062866,0.6324632167816162
YLR312W-A,YOR241W,0,-0.62870437,0.12359706312417984,0.8911088705062866,0.6325632333755493
YOR119C,YDR287W,0,-0.6288979,0.12357994168996811,0.8911088705062866,0.6326632499694824
YOL071W,YDR014W,0,-0.6297544,0.12356282025575638,0.8911088705062866,0.6327632665634155
YLR086W,YOL038W,0,-0.630243,0.12354570627212524,0.8911088705062866,0.6328632831573486
YMR002W,YBR287W,0,-0.6305665,0.12352859973907471,0.8911088705062866,0.6329632997512817
YLR083C,YDR130C,0,-0.6308071,0.12351149320602417,0.8911088705062866,0.6330633163452148
YLR029C,YBR010W,0,-0.6308266,0.12349439412355423,0.8911088705062866,0.633163332939148
YKR061W,YEL036C,1,-0.6308449,0.12361572682857513,0.8921079039573669,0.633163332939148
YBR022W,YHL040C,0,-0.63103104,0.123598612844944,0.8921079039573669,0.633263349533081
YER090W,YDL195W,0,-0.6312138,0.12358151376247406,0.8921079039573669,0.6333633661270142
YLR312W-A,YML047C,0,-0.63126934,0.12356441468000412,0.8921079039573669,0.6334633231163025
YBL005W-B,YER074W,0,-0.6312823,0.12354731559753418,0.8921079039573669,0.6335633397102356
YEL052W,YNL063W,0,-0.6317859,0.12353022396564484,0.8921079039573669,0.6336633563041687
YOR347C,YHL008C,0,-0.6325162,0.12351313978433609,0.8921079039573669,0.6337633728981018
YER176W,YJL141C,0,-0.63296103,0.12349605560302734,0.8921079039573669,0.6338633894920349
YPL140C,YNR024W,0,-0.63319826,0.1234789788722992,0.8921079039573669,0.633963406085968
YGR120C,YPR162C,0,-0.63360107,0.12346190959215164,0.8921079039573669,0.6340634226799011
YEL019C,YKR052C,0,-0.63374436,0.12344484031200409,0.8921079039573669,0.6341634392738342
YOR027W,YPR186C,0,-0.6343416,0.12342777848243713,0.8921079039573669,0.6342634558677673
YLR224W,YER045C,0,-0.6344893,0.12341072410345078,0.8921079039573669,0.6343634128570557
YLR096W,YDR341C,0,-0.63500315,0.12339366972446442,0.8921079039573669,0.6344634294509888
YPL033C,YDR306C,0,-0.63503426,0.12337662279605865,0.8921079039573669,0.6345634460449219
YDR500C,YPR152C,0,-0.63516617,0.12335958331823349,0.8921079039573669,0.634663462638855
YER045C,YKR052C,0,-0.63563997,0.12334254384040833,0.8921079039573669,0.6347634792327881
YHR119W,YDL180W,0,-0.6358502,0.12332550436258316,0.8921079039573669,0.6348634958267212
YKR102W,YPR037C,0,-0.63592756,0.12330847978591919,0.8921079039573669,0.6349635124206543
YML011C,YJL171C,0,-0.63605547,0.12329145520925522,0.8921079039573669,0.6350635290145874
YOR337W,YDR414C,0,-0.63605696,0.12327443063259125,0.8921079039573669,0.6351635456085205
YER005W,YLR313C,0,-0.637204,0.12325742095708847,0.8921079039573669,0.6352635025978088
YGL213C,YDL074C,0,-0.6377375,0.1232404112815857,0.8921079039573669,0.6353635191917419
YBL057C,YJL058C,0,-0.6387873,0.12322340160608292,0.8921079039573669,0.635463535785675
YDR213W,YDL087C,0,-0.63885045,0.12320639938116074,0.8921079039573669,0.6355635523796082
YOR087W,YGL223C,0,-0.6389296,0.12318940460681915,0.8921079039573669,0.6356635689735413
YOL104C,YDR082W,0,-0.63898534,0.12317241728305817,0.8921079039573669,0.6357635855674744
YIL048W,YOR222W,0,-0.63953906,0.12315542995929718,0.8921079039573669,0.6358636021614075
YBR230C,YHR214W,0,-0.63974434,0.1231384426355362,0.8921079039573669,0.6359636187553406
YNL219C,YBR161W,1,-0.6398104,0.12325934320688248,0.8931068778038025,0.6359636187553406
YGR129W,YDR038C,0,-0.6398593,0.1232423484325409,0.8931068778038025,0.6360636353492737
YHR002W,YLR350W,0,-0.64046943,0.12322536110877991,0.8931068778038025,0.636163592338562
YLR313C,YDL033C,0,-0.64048356,0.12320838123559952,0.8931068778038025,0.6362636089324951
YIR011C,YNL304W,0,-0.6406718,0.12319140136241913,0.8931068778038025,0.6363636255264282
YCR037C,YJL162C,0,-0.64079094,0.12317442893981934,0.8931068778038025,0.6364636421203613
YNL054W-B,YJL052W,0,-0.6409496,0.12315745651721954,0.8931068778038025,0.6365636587142944
YIL124W,YIL002C,0,-0.6418562,0.12314049899578094,0.8931068778038025,0.6366636753082275
YPR141C,YPR144C,0,-0.64204574,0.12312353402376175,0.8931068778038025,0.6367636919021606
YAR002C-A,YIL011W,0,-0.64228135,0.12310658395290375,0.8931068778038025,0.6368637084960938
YHR099W,YER110C,0,-0.6429317,0.12308963388204575,0.8931068778038025,0.6369637250900269
YGL195W,YDR013W,0,-0.64323634,0.12307268381118774,0.8931068778038025,0.6370636820793152
YDL217C,YAL013W,0,-0.6433007,0.12305574864149094,0.8931068778038025,0.6371636986732483
YPL061W,YDR329C,0,-0.64332104,0.12303881347179413,0.8931068778038025,0.6372637152671814
YJL044C,YML051W,0,-0.6435122,0.12302187830209732,0.8931068778038025,0.6373637318611145
YMR239C,YBL098W,0,-0.6439264,0.12300495058298111,0.8931068778038025,0.6374637484550476
YBR213W,YOR324C,0,-0.64427394,0.1229880303144455,0.8931068778038025,0.6375637650489807
YHR046C,YML132W,0,-0.64442265,0.12297111749649048,0.8931068778038025,0.6376637816429138
YDR108W,YAR019C,0,-0.64451945,0.12295420467853546,0.8931068778038025,0.6377637982368469
YFL033C,YML098W,0,-0.6448864,0.12293729186058044,0.8931068778038025,0.63786381483078
YJL221C,YGR072W,0,-0.6455725,0.12292039394378662,0.8931068778038025,0.6379637718200684
YJL127C,YMR307W,0,-0.6455862,0.1229034885764122,0.8931068778038025,0.6380637884140015
YOR032C,YJR096W,0,-0.64586496,0.12288659811019897,0.8931068778038025,0.6381638050079346
YFR006W,YGL205W,0,-0.64602256,0.12286970764398575,0.8931068778038025,0.6382638216018677
YGR112W,YPL042C,0,-0.6460911,0.12285282462835312,0.8931068778038025,0.6383638381958008
YKL064W,YLL043W,0,-0.64615655,0.12283594161272049,0.8931068778038025,0.6384638547897339
YLR394W,YER164W,0,-0.6462283,0.12281906604766846,0.8931068778038025,0.638563871383667
YDR308C,YHL004W,0,-0.64662313,0.12280219793319702,0.8931068778038025,0.6386638879776001
YHR012W,YHR021C,0,-0.6473878,0.12278532981872559,0.8931068778038025,0.6387639045715332
YER098W,YOR237W,0,-0.6478339,0.12276846915483475,0.8931068778038025,0.6388638615608215
YJR092W,YMR225C,0,-0.64817315,0.1227516159415245,0.8931068778038025,0.6389638781547546
YPR131C,YHR150W,0,-0.64862776,0.12273476272821426,0.8931068778038025,0.6390638947486877
YOR155C,YMR284W,0,-0.64868754,0.12271791696548462,0.8931068778038025,0.6391639113426208
YLL053C,YML060W,0,-0.64948547,0.12270107120275497,0.8931068778038025,0.639263927936554
YBR110W,YPR183W,1,-0.6498053,0.12282146513462067,0.8941059112548828,0.639263927936554
YER072W,YEL059C-A,0,-0.64995086,0.12280461192131042,0.8941059112548828,0.6393639445304871
YLR337C,YJR053W,0,-0.6500085,0.12278775870800018,0.8941059112548828,0.6394639611244202
YLR105C,YGR184C,0,-0.6504991,0.12277092039585114,0.8941059112548828,0.6395639777183533
YCR047C,YLL043W,0,-0.6505448,0.12275408208370209,0.8941059112548828,0.6396639943122864
YFL044C,YBL005W-B,0,-0.65074325,0.12273724377155304,0.8941059112548828,0.6397639513015747
YDR115W,YNL304W,0,-0.6507911,0.12272042036056519,0.8941059112548828,0.6398639678955078
YGL021W,YPL159C,0,-0.6511271,0.12270358949899673,0.8941059112548828,0.6399639844894409
YER044C-A,YBR074W,0,-0.65207213,0.12268677353858948,0.8941059112548828,0.640064001083374
YJR108W,YHR139C,0,-0.6523986,0.12266995757818222,0.8941059112548828,0.6401640176773071
YDR456W,YLR413W,0,-0.6527523,0.12265314161777496,0.8941059112548828,0.6402640342712402
YOL028C,YKR020W,0,-0.65333927,0.1226363405585289,0.8941059112548828,0.6403640508651733
YGR086C,YMR112C,0,-0.6536286,0.12261953949928284,0.8941059112548828,0.6404640674591064
YDR390C,YCR010C,0,-0.6547924,0.12260273844003677,0.8941059112548828,0.6405640840530396
YIL143C,YGL220W,0,-0.65583533,0.12258594483137131,0.8941059112548828,0.6406640410423279
YLR258W,YDL154W,0,-0.65635765,0.12256915867328644,0.8941059112548828,0.640764057636261
YIR023W,YER055C,0,-0.65644825,0.12255237251520157,0.8941059112548828,0.6408640742301941
YJR143C,YNL029C,1,-0.65647554,0.12267250567674637,0.8951048851013184,0.6408640742301941
YBL106C,YJL158C,0,-0.6565213,0.1226557120680809,0.8951048851013184,0.6409640908241272
YDR470C,YHR120W,0,-0.6570121,0.12263892590999603,0.8951048851013184,0.6410641074180603
YML041C,YKR071C,0,-0.65710676,0.12262213975191116,0.8951048851013184,0.6411641240119934
YLR011W,YLR447C,0,-0.6576212,0.12260536104440689,0.8951048851013184,0.6412641406059265
YDR056C,YLR442C,0,-0.65777373,0.12258858978748322,0.8951048851013184,0.6413641571998596
YOR249C,YAR027W,0,-0.65789056,0.12257181853055954,0.8951048851013184,0.6414641737937927
YBR114W,YFR027W,0,-0.6591422,0.12255505472421646,0.8951048851013184,0.641564130783081
YPR182W,YLR237W,0,-0.659893,0.12253829091787338,0.8951048851013184,0.6416641473770142
YDR011W,YOR316C,0,-0.6602421,0.1225215345621109,0.8951048851013184,0.6417641639709473
YMR321C,YOR384W,0,-0.6603743,0.12250478565692902,0.8951048851013184,0.6418641805648804
YMR059W,YMR063W,0,-0.6604015,0.12248803675174713,0.8951048851013184,0.6419641971588135
YLR258W,YBR122C,0,-0.6604614,0.12247129529714584,0.8951048851013184,0.6420642137527466
YGL203C,YDL036C,0,-0.6609864,0.12245456129312515,0.8951048851013184,0.6421642303466797
YPL202C,YAL029C,0,-0.6612442,0.12243782728910446,0.8951048851013184,0.6422642469406128
YAR015W,YJL001W,0,-0.6616756,0.12242109328508377,0.8951048851013184,0.6423642635345459
YDL093W,YPR183W,1,-0.66168165,0.12254098057746887,0.8961039185523987,0.6423642635345459
YLR278C,YJR070C,0,-0.66180295,0.12252424657344818,0.8961039185523987,0.6424642205238342
YOR106W,YMR063W,0,-0.6620034,0.12250751256942749,0.8961039185523987,0.6425642371177673
YJL139C,YLR189C,1,-0.6624482,0.12262734025716782,0.8971028923988342,0.6425642371177673
YLR209C,YGR227W,1,-0.66279525,0.12274713069200516,0.8981019258499146,0.6425642371177673
YLR176C,YJL153C,0,-0.6633285,0.12273037433624268,0.8981019258499146,0.6426642537117004
YNL172W,YHR044C,0,-0.6640438,0.12271362543106079,0.8981019258499146,0.6427642703056335
YEL021W,YDR326C,0,-0.66452765,0.1226968765258789,0.8981019258499146,0.6428642868995667
YAL056W,YEL029C,0,-0.6646748,0.12268012762069702,0.8981019258499146,0.6429643034934998
YJL173C,YER142C,0,-0.6651825,0.12266339361667633,0.8981019258499146,0.6430643200874329
YDR276C,YCR039C,0,-0.665612,0.12264665961265564,0.8981019258499146,0.643164336681366
YJR096W,YBL035C,0,-0.66594255,0.12262992560863495,0.8981019258499146,0.6432643532752991
YFR038W,YDL231C,0,-0.66612047,0.12261319905519485,0.8981019258499146,0.6433643102645874
YGL223C,YGR078C,0,-0.6662921,0.12259647995233536,0.8981019258499146,0.6434643268585205
YNR032C-A,YBR010W,0,-0.66644275,0.12257976830005646,0.8981019258499146,0.6435643434524536
YDR437W,YDL232W,1,-0.6664863,0.12269938737154007,0.8991008996963501,0.6435643434524536
YCR037C,YPR008W,0,-0.6666217,0.12268266081809998,0.8991008996963501,0.6436643600463867
YEL050C,YGR076C,0,-0.6675076,0.12266594171524048,0.8991008996963501,0.6437643766403198
YDR201W,YCR092C,0,-0.66779166,0.12264922261238098,0.8991008996963501,0.6438643932342529
YBR273C,YOR322C,0,-0.66814923,0.12263251096010208,0.8991008996963501,0.643964409828186
YER060W-A,YKL074C,0,-0.6682818,0.12261580675840378,0.8991008996963501,0.6440644264221191
YDR107C,YHR009C,0,-0.66872287,0.12259910255670547,0.8991008996963501,0.6441644430160522
YOR279C,YGR072W,0,-0.6690339,0.12258240580558777,0.8991008996963501,0.6442644000053406
YJR060W,YBR264C,0,-0.66910857,0.12256570905447006,0.8991008996963501,0.6443644165992737
YJL048C,YDR205W,0,-0.670047,0.12254901975393295,0.8991008996963501,0.6444644331932068
YLL053C,YLR052W,0,-0.67069906,0.12253233790397644,0.8991008996963501,0.6445644497871399
YCR044C,YLR068W,0,-0.6720587,0.12251565605401993,0.8991008996963501,0.644664466381073
YPR138C,YDR116C,0,-0.6720971,0.12249898165464401,0.8991008996963501,0.6447644829750061
YMR009W,YBR287W,0,-0.6721558,0.1224823072552681,0.8991008996963501,0.6448644995689392
YMR149W,YLL018C-A,0,-0.6727082,0.12246564030647278,0.8991008996963501,0.6449645161628723
YLR284C,YMR043W,0,-0.6732309,0.12244898080825806,0.8991008996963501,0.6450645327568054
YPL053C,YBR004C,1,-0.67354983,0.12256836146116257,0.9000998735427856,0.6450645327568054
YJL186W,YMR168C,0,-0.6740787,0.12255168706178665,0.9000998735427856,0.6451644897460938
YKL003C,YOR158W,0,-0.6746211,0.12253502011299133,0.9000998735427856,0.6452645063400269
YHR135C,YLR093C,0,-0.67498994,0.12251836061477661,0.9000998735427856,0.64536452293396
YGL190C,YKL033W,0,-0.6750725,0.12250170111656189,0.9000998735427856,0.6454645395278931
YOR091W,YJL124C,0,-0.6751895,0.12248504906892776,0.9000998735427856,0.6455645561218262
YEL017C-A,YBL025W,0,-0.67547035,0.12246839702129364,0.9000998735427856,0.6456645727157593
YGR086C,YCL001W,0,-0.6757245,0.12245175242424011,0.9000998735427856,0.6457645893096924
YKR061W,YNL158W,1,-0.67578447,0.12257099896669388,0.901098906993866,0.6457645893096924
YPR057W,YER115C,0,-0.6760862,0.12255434691905975,0.901098906993866,0.6458646059036255
YER056C,YOR285W,0,-0.6761745,0.12253770232200623,0.901098906993866,0.6459646224975586
YMR281W,YML074C,0,-0.67641425,0.1225210577249527,0.901098906993866,0.6460645794868469
YNL292W,YDR460W,0,-0.676685,0.12250441312789917,0.901098906993866,0.64616459608078
YDR423C,YGL142C,0,-0.6768772,0.12248777598142624,0.901098906993866,0.6462646126747131
YNR074C,YCR009C,0,-0.6775751,0.1224711462855339,0.901098906993866,0.6463646292686462
YEL036C,YPL057C,1,-0.67810506,0.12259028106927872,0.9020978808403015,0.6463646292686462
YNL221C,YDL179W,0,-0.6785722,0.12257363647222519,0.9020978808403015,0.6464646458625793
YHL034C,YOL070C,0,-0.67866755,0.12255700677633286,0.9020978808403015,0.6465646624565125
YJR050W,YER086W,0,-0.6787189,0.12254036962985992,0.9020978808403015,0.6466646790504456
YLL021W,YDL114W,0,-0.67914045,0.12252374738454819,0.9020978808403015,0.6467646956443787
YHR201C,YPL117C,0,-0.6792338,0.12250712513923645,0.9020978808403015,0.6468647122383118
YGL180W,YLR028C,0,-0.6795292,0.12249050289392471,0.9020978808403015,0.6469646692276001
YLR260W,YER175C,0,-0.6795372,0.12247388809919357,0.9020978808403015,0.6470646858215332
YGR062C,YDR014W,0,-0.6798886,0.12245728075504303,0.9020978808403015,0.6471647024154663
YPL169C,YHR120W,0,-0.6802192,0.12244068086147308,0.9020978808403015,0.6472647190093994
YIL154C,YBR233W-A,0,-0.68024117,0.12242408096790314,0.9020978808403015,0.6473647356033325
YGR142W,YJL103C,0,-0.6805469,0.12240748107433319,0.9020978808403015,0.6474647521972656
YNL325C,YLR200W,0,-0.6806403,0.12239088863134384,0.9020978808403015,0.6475647687911987
YNL221C,YOR261C,0,-0.68125683,0.12237430363893509,0.9020978808403015,0.6476647853851318
YFR001W,YPL111W,0,-0.6819211,0.12235772609710693,0.9020978808403015,0.6477648019790649
YJR075W,YBR038W,1,-0.6820382,0.12247662991285324,0.9030969142913818,0.6477648019790649
YOL105C,YLR023C,0,-0.6821022,0.12246003746986389,0.9030969142913818,0.6478647589683533
YJL176C,YER110C,0,-0.6826025,0.12244345247745514,0.9030969142913818,0.6479647755622864
YOL165C,YHR030C,0,-0.6828104,0.12242686748504639,0.9030969142913818,0.6480647921562195
YKL093W,YGR223C,0,-0.68281144,0.12241028994321823,0.9030969142913818,0.6481648087501526
YDR316W-B,YJR120W,0,-0.68455654,0.12239371985197067,0.9030969142913818,0.6482648253440857
YPL053C,YMR283C,1,-0.6849873,0.12251251935958862,0.9040958881378174,0.6482648253440857
YLR190W,YER060W-A,0,-0.68514895,0.12249594181776047,0.9040958881378174,0.6483648419380188
YKL060C,YDR092W,0,-0.6857482,0.12247936427593231,0.9040958881378174,0.6484648585319519
YDR390C,YFR052W,0,-0.68609464,0.12246278673410416,0.9040958881378174,0.648564875125885
YJR126C,YGR076C,0,-0.68664205,0.1224462166428566,0.9040958881378174,0.6486648917198181
YKR035W-A,YPL056C,0,-0.68669665,0.12242965400218964,0.9040958881378174,0.6487648487091064
YGL040C,YGL116W,0,-0.687228,0.12241309136152267,0.9040958881378174,0.6488648653030396
YJL106W,YBL106C,0,-0.6884942,0.12239653617143631,0.9040958881378174,0.6489648818969727
YDR466W,YGR193C,0,-0.6891651,0.12237998843193054,0.9040958881378174,0.6490648984909058
YDR383C,YMR302C,0,-0.6893126,0.12236344069242477,0.9040958881378174,0.6491649150848389
YIL037C,YPL281C,0,-0.68954426,0.1223469004034996,0.9040958881378174,0.649264931678772
YPL053C,YDL232W,1,-0.6898203,0.12246552854776382,0.9050949215888977,0.649264931678772
YGR285C,YLR055C,0,-0.6900138,0.12244898080825806,0.9050949215888977,0.6493649482727051
YMR118C,YFR047C,0,-0.6906313,0.12243243306875229,0.9050949215888977,0.6494649648666382
YJL033W,YEL056W,0,-0.69071764,0.12241589277982712,0.9050949215888977,0.6495649814605713
YMR308C,YOL029C,0,-0.6916394,0.12239935249090195,0.9050949215888977,0.6496649384498596
YGR010W,YNR047W,0,-0.69174826,0.12238281965255737,0.9050949215888977,0.6497649550437927
YBR251W,YDR065W,0,-0.6922209,0.1223662868142128,0.9050949215888977,0.6498649716377258
YPL122C,YJL029C,0,-0.6922321,0.12234976142644882,0.9050949215888977,0.6499649882316589
YIL153W,YNR059W,0,-0.69240576,0.12233324348926544,0.9050949215888977,0.650065004825592
YLR186W,YIL128W,0,-0.6925813,0.12231672555208206,0.9050949215888977,0.6501650214195251
YGL231C,YOR048C,0,-0.69496834,0.12230021506547928,0.9050949215888977,0.6502650380134583
YGL065C,YLR017W,1,-0.69503,0.12241867929697037,0.9060938954353333,0.6502650380134583
YOR249C,YPL178W,0,-0.69517624,0.12240216135978699,0.9060938954353333,0.6503650546073914
YER143W,YIL005W,0,-0.6965083,0.12238564342260361,0.9060938954353333,0.6504650712013245
YBR125C,YNR053C,0,-0.696947,0.12236913293600082,0.9060938954353333,0.6505650281906128
YCR035C,YEL069C,0,-0.697184,0.12235262244939804,0.9060938954353333,0.6506650447845459
YJL034W,YJL174W,0,-0.6972159,0.12233611941337585,0.9060938954353333,0.650765061378479
YCR060W,YER100W,0,-0.6977416,0.12231962382793427,0.9060938954353333,0.6508650779724121
YJL082W,YPL116W,0,-0.6983429,0.12230312824249268,0.9060938954353333,0.6509650945663452
YCL036W,YNL304W,0,-0.6986165,0.12228664010763168,0.9060938954353333,0.6510651111602783
YML055W,YPR180W,0,-0.698745,0.12227015197277069,0.9060938954353333,0.6511651277542114
YGR032W,YBL091C-A,0,-0.6988957,0.1222536712884903,0.9060938954353333,0.6512651443481445
YJR130C,YNL065W,0,-0.69922686,0.1222371980547905,0.9060938954353333,0.6513651609420776
YBL005W-B,YMR287C,0,-0.6993169,0.1222207248210907,0.9060938954353333,0.651465117931366
YER017C,YBR180W,0,-0.6995076,0.1222042590379715,0.9060938954353333,0.6515651345252991
YOL028C,YER083C,0,-0.69991994,0.1221877932548523,0.9060938954353333,0.6516651511192322
YBL056W,YDL061C,0,-0.7002479,0.12217133492231369,0.9060938954353333,0.6517651677131653
YIL043C,YGR109W-A,0,-0.7004074,0.12215488404035568,0.9060938954353333,0.6518651843070984
YCR038C,YOR267C,0,-0.70058155,0.12213843315839767,0.9060938954353333,0.6519652009010315
YLR208W,YDL102W,0,-0.7021122,0.12212198972702026,0.9060938954353333,0.6520652174949646
YLR330W,YFL054C,0,-0.70276165,0.12210554629564285,0.9060938954353333,0.6521652340888977
YDL149W,YNR044W,0,-0.70294476,0.12208911031484604,0.9060938954353333,0.6522652506828308
YLR390W,YER071C,0,-0.7030217,0.12207268178462982,0.9060938954353333,0.6523652076721191
YGR178C,YPR162C,0,-0.70326036,0.1220562532544136,0.9060938954353333,0.6524652242660522
YKL096W-A,YLR390W,0,-0.70358807,0.12203982472419739,0.9060938954353333,0.6525652408599854
YJL001W,YGR104C,0,-0.70423675,0.12202341109514236,0.9060938954353333,0.6526652574539185
YKR056W,YNR004W,0,-0.7052726,0.12200699746608734,0.9060938954353333,0.6527652740478516
YNL180C,YLL055W,0,-0.70574033,0.12199058383703232,0.9060938954353333,0.6528652906417847
YBL103C,YKR085C,0,-0.70617485,0.12197417765855789,0.9060938954353333,0.6529653072357178
YPR127W,YLR247C,0,-0.70692253,0.12195777893066406,0.9060938954353333,0.6530653238296509
YGL200C,YJL058C,0,-0.70787376,0.12194138020277023,0.9060938954353333,0.653165340423584
YHR110W,YIR018W,0,-0.7079704,0.121924988925457,0.9060938954353333,0.6532652974128723
YHR206W,YJR031C,0,-0.708362,0.12190860509872437,0.9060938954353333,0.6533653140068054
YPL134C,YOR018W,0,-0.70890576,0.12189222127199173,0.9060938954353333,0.6534653306007385
YBR299W,YKL080W,0,-0.70947945,0.1218758374452591,0.9060938954353333,0.6535653471946716
YKR054C,YHR109W,0,-0.70951355,0.12185946851968765,0.9060938954353333,0.6536653637886047
YLR032W,YKR079C,0,-0.7099891,0.12184309214353561,0.9060938954353333,0.6537653803825378
YDR482C,YDR309C,0,-0.7102839,0.12182673066854477,0.9060938954353333,0.653865396976471
YPL123C,YDL099W,0,-0.71051,0.12181036919355392,0.9060938954353333,0.653965413570404
YLR129W,YER032W,0,-0.71056014,0.12179400771856308,0.9060938954353333,0.6540654301643372
YCL057C-A,YMR177W,0,-0.7109834,0.12177766114473343,0.9060938954353333,0.6541653871536255
YLR044C,YDR405W,0,-0.7113285,0.12176130712032318,0.9060938954353333,0.6542654037475586
YNL192W,YGL257C,1,-0.7113954,0.1218791976571083,0.9070929288864136,0.6542654037475586
YHR079C,YDR032C,0,-0.7114203,0.12186283618211746,0.9070929288864136,0.6543654203414917
YOR110W,YLR127C,0,-0.7115443,0.12184648215770721,0.9070929288864136,0.6544654369354248
YNL161W,YGL014W,0,-0.71177936,0.12183013558387756,0.9070929288864136,0.6545654535293579
YCR014C,YML073C,0,-0.71194386,0.12181378901004791,0.9070929288864136,0.654665470123291
YNL068C,YBR115C,0,-0.7128664,0.12179744988679886,0.9070929288864136,0.6547654867172241
YIL056W,YNR060W,0,-0.7131881,0.1217811182141304,0.9070929288864136,0.6548655033111572
YPL002C,YDL245C,0,-0.71329534,0.12176478654146194,0.9070929288864136,0.6549655199050903
YBL007C,YDL110C,0,-0.71351254,0.12174845486879349,0.9070929288864136,0.6550654768943787
YJL030W,YGR262C,0,-0.7143469,0.12173213809728622,0.9070929288864136,0.6551654934883118
YDL115C,YLL019C,0,-0.71461266,0.12171582132577896,0.9070929288864136,0.6552655100822449
YER095W,YPL056C,0,-0.7148522,0.1216995045542717,0.9070929288864136,0.655365526676178
YNL291C,YJR031C,0,-0.71490777,0.12168319523334503,0.9070929288864136,0.6554655432701111
YBR128C,YEL062W,0,-0.7150755,0.12166689336299896,0.9070929288864136,0.6555655598640442
YJL094C,YOR313C,0,-0.71520853,0.1216505914926529,0.9070929288864136,0.6556655764579773
YPR162C,YDL077C,0,-0.7155514,0.12163429707288742,0.9070929288864136,0.6557655930519104
YDL108W,YGL195W,0,-0.7156713,0.12161800265312195,0.9070929288864136,0.6558656096458435
YNL325C,YBL039C,0,-0.7159524,0.12160171568393707,0.9070929288864136,0.6559656262397766
YDR179C,YPR192W,0,-0.71607447,0.1215854287147522,0.9070929288864136,0.6560655832290649
YBL113C,YJR026W,0,-0.7162752,0.12156914919614792,0.9070929288864136,0.656165599822998
YPR007C,YBR205W,0,-0.7169156,0.12155287712812424,0.9070929288864136,0.6562656164169312
YDR109C,YOR194C,0,-0.71693265,0.12153660506010056,0.9070929288864136,0.6563656330108643
YML061C,YGL053W,0,-0.71780264,0.12152034044265747,0.9070929288864136,0.6564656496047974
YPL175W,YLR120C,0,-0.71803623,0.12150408327579498,0.9070929288864136,0.6565656661987305
YBR101C,YLR357W,0,-0.71809316,0.1214878261089325,0.9070929288864136,0.6566656827926636
YHR013C,YMR039C,0,-0.71817464,0.12147156894207001,0.9070929288864136,0.6567656993865967
YJL066C,YER125W,0,-0.7187725,0.12145532667636871,0.9070929288864136,0.6568657159805298
YOR356W,YGR002C,0,-0.719192,0.12143907696008682,0.9070929288864136,0.6569656729698181
YMR051C,YDR009W,0,-0.7193975,0.12142284214496613,0.9070929288864136,0.6570656895637512
YML028W,YMR023C,0,-0.7194226,0.12140660732984543,0.9070929288864136,0.6571657061576843
YPR174C,YDR328C,0,-0.71944064,0.12139037251472473,0.9070929288864136,0.6572657227516174
YMR295C,YDR460W,0,-0.7195437,0.12137414515018463,0.9070929288864136,0.6573657393455505
YNL076W,YMR159C,0,-0.7203994,0.12135792523622513,0.9070929288864136,0.6574657559394836
YEL043W,YPL074W,0,-0.720507,0.12134170532226562,0.9070929288864136,0.6575657725334167
YMR075W,YDR402C,0,-0.72089344,0.12132549285888672,0.9070929288864136,0.6576657891273499
YOR278W,YFL026W,0,-0.7209003,0.12130928784608841,0.9070929288864136,0.657765805721283
YER126C,YGL116W,0,-0.72090256,0.1212930828332901,0.9070929288864136,0.6578657627105713
YOL056W,YCL074W,0,-0.7215952,0.12127687782049179,0.9070929288864136,0.6579657793045044
YLR244C,YKR019C,0,-0.7226727,0.12126068025827408,0.9070929288864136,0.6580657958984375
YDR523C,YNL115C,0,-0.7229133,0.12124449014663696,0.9070929288864136,0.6581658124923706
YMR080C,YGR169C,0,-0.72314596,0.12122830748558044,0.9070929288864136,0.6582658290863037
YOL078W,YDL124W,0,-0.72419333,0.12121212482452393,0.9070929288864136,0.6583658456802368
YNL216W,YOR351C,0,-0.724609,0.12119594216346741,0.9070929288864136,0.6584658622741699
YDL045C,YFL061W,0,-0.7255427,0.12117976695299149,0.9070929288864136,0.658565878868103
YGL014W,YOR071C,0,-0.7266962,0.12116359919309616,0.9070929288864136,0.6586658954620361
YIR015W,YHL040C,0,-0.7267212,0.12114743143320084,0.9070929288864136,0.6587658524513245
YDL033C,YHR149C,0,-0.7273636,0.12113127112388611,0.9070929288864136,0.6588658690452576
YJR054W,YKL079W,0,-0.72788644,0.12111511081457138,0.9070929288864136,0.6589658856391907
YOR194C,YDR410C,0,-0.72793126,0.12109895795583725,0.9070929288864136,0.6590659022331238
YNR011C,YGR046W,0,-0.72800267,0.12108281254768372,0.9070929288864136,0.6591659188270569
YCR038C,YBR005W,0,-0.728186,0.12106666713953018,0.9070929288864136,0.65926593542099
YOR373W,YML015C,0,-0.72831595,0.12105052918195724,0.9070929288864136,0.6593659520149231
YAL048C,YKR052C,0,-0.72834027,0.12103439122438431,0.9070929288864136,0.6594659686088562
YHL011C,YBR082C,0,-0.72865605,0.12101826071739197,0.9070929288864136,0.6595659852027893
YML049C,YGL141W,0,-0.729763,0.12100213021039963,0.9070929288864136,0.6596659421920776
YER140W,YOL055C,0,-0.72982633,0.12098600715398788,0.9070929288864136,0.6597659587860107
YLL001W,YIL061C,0,-0.73044336,0.12096989154815674,0.9070929288864136,0.6598659753799438
YLL013C,YNR044W,0,-0.7304508,0.12095377594232559,0.9070929288864136,0.659965991973877
YKR002W,YHR120W,0,-0.730535,0.12093766778707504,0.9070929288864136,0.6600660085678101
YCL050C,YCR045C,0,-0.73070073,0.1209215596318245,0.9070929288864136,0.6601660251617432
YOL136C,YOR273C,0,-0.73210144,0.12090545892715454,0.9070929288864136,0.6602660417556763
YNL137C,YBR028C,0,-0.733059,0.12088936567306519,0.9070929288864136,0.6603660583496094
YMR002W,YKR093W,0,-0.73428625,0.12087327241897583,0.9070929288864136,0.6604660749435425
YDR045C,YER028C,0,-0.7343768,0.12085717916488647,0.9070929288864136,0.6605660319328308
YMR054W,YNL115C,0,-0.73528564,0.12084109336137772,0.9070929288864136,0.6606660485267639
YBL037W,YDR325W,0,-0.7358725,0.12082501500844955,0.9070929288864136,0.660766065120697
YDR105C,YMR075W,0,-0.73588955,0.12080894410610199,0.9070929288864136,0.6608660817146301
YOR026W,YGR109W-B,0,-0.7362566,0.12079287320375443,0.9070929288864136,0.6609660983085632
YGR101W,YDR003W,0,-0.736692,0.12077680230140686,0.9070929288864136,0.6610661149024963
YIL075C,YJL136C,0,-0.73720986,0.12076073884963989,0.9070929288864136,0.6611661314964294
YCL044C,YKL081W,0,-0.7376867,0.12074468284845352,0.9070929288864136,0.6612661480903625
YDR468C,YFR050C,0,-0.7382311,0.12072862684726715,0.9070929288864136,0.6613661646842957
YHR085W,YER140W,0,-0.7384317,0.12071257829666138,0.9070929288864136,0.661466121673584
YMR193W,YLR442C,0,-0.7391597,0.1206965297460556,0.9070929288864136,0.6615661382675171
YLL011W,YBL029C-A,0,-0.7391933,0.12068048864603043,0.9070929288864136,0.6616661548614502
YKL039W,YBR296C,0,-0.7392615,0.12066445499658585,0.9070929288864136,0.6617661714553833
YKL045W,YPL160W,0,-0.73927206,0.12064842134714127,0.9070929288864136,0.6618661880493164
YLL016W,YGR279C,0,-0.7394382,0.12063238769769669,0.9070929288864136,0.6619662046432495
YDR440W,YGR223C,0,-0.73986,0.1206163689494133,0.9070929288864136,0.6620662212371826
YNL223W,YDR320C,0,-0.7407453,0.12060034275054932,0.9070929288864136,0.6621662378311157
YLR440C,YCL031C,0,-0.7411906,0.12058433145284653,0.9070929288864136,0.6622662544250488
YDR416W,YBL041W,0,-0.7412135,0.12056832015514374,0.9070929288864136,0.6623662114143372
YBR114W,YDL047W,0,-0.741815,0.12055230885744095,0.9070929288864136,0.6624662280082703
YNL172W,YHL012W,0,-0.74186045,0.12053630501031876,0.9070929288864136,0.6625662446022034
YMR264W,YLR085C,0,-0.7420211,0.12052030861377716,0.9070929288864136,0.6626662611961365
YBR122C,YLR390W-A,0,-0.7426444,0.12050431221723557,0.9070929288864136,0.6627662777900696
YLR209C,YNL029C,1,-0.74284196,0.12062101811170578,0.9080919027328491,0.6627662777900696
YJL139C,YNR059W,1,-0.7432343,0.12073769420385361,0.9090909361839294,0.6627662777900696
YBL088C,YER165W,0,-0.7432423,0.12072167545557022,0.9090909361839294,0.6628662943840027
YER031C,YOR113W,0,-0.7434548,0.12070566415786743,0.9090909361839294,0.6629663109779358
YNL219C,YGR227W,1,-0.7435052,0.12082228064537048,0.910089910030365,0.6629663109779358
YLR394W,YDR284C,0,-0.7441697,0.1208062618970871,0.910089910030365,0.6630663275718689
YNL221C,YPL121C,0,-0.74603987,0.12079024314880371,0.910089910030365,0.663166344165802
YLR439W,YMR118C,0,-0.74607414,0.12077422440052032,0.910089910030365,0.6632663011550903
YML094W,YIR031C,0,-0.74646044,0.12075822055339813,0.910089910030365,0.6633663177490234
YKL197C,YCL051W,0,-0.7471936,0.12074221670627594,0.910089910030365,0.6634663343429565
YLR418C,YGR281W,0,-0.7473003,0.12072621285915375,0.910089910030365,0.6635663509368896
YGL171W,YBR233W-A,0,-0.7473477,0.12071021646261215,0.910089910030365,0.6636663675308228
YBR301W,YER159C-A,0,-0.74784225,0.12069422006607056,0.910089910030365,0.6637663841247559
YBL075C,YGL119W,0,-0.748212,0.12067823857069016,0.910089910030365,0.663866400718689
YIL147C,YLR068W,0,-0.74835885,0.12066224962472916,0.910089910030365,0.6639664173126221
YML115C,YBR070C,1,-0.7489909,0.12077870219945908,0.9110888838768005,0.6639664173126221
YGL186C,YOL105C,0,-0.74952024,0.12076271325349808,0.9110888838768005,0.6640664339065552
YEL032W,YDR315C,0,-0.7498224,0.12074672430753708,0.9110888838768005,0.6641663908958435
YIL042C,YOR351C,0,-0.7501509,0.12073073536157608,0.9110888838768005,0.6642664074897766
YFR031C,YPL174C,0,-0.7510988,0.12071476131677628,0.9110888838768005,0.6643664240837097
YMR158W,YNL084C,0,-0.7516866,0.12069877982139587,0.9110888838768005,0.6644664406776428
YKL040C,YPR149W,0,-0.7522094,0.12068281322717667,0.9110888838768005,0.6645664572715759
YGL171W,YIL047C,0,-0.7523712,0.12066684663295746,0.9110888838768005,0.664666473865509
YFL036W,YIL112W,0,-0.7530804,0.12065088003873825,0.9110888838768005,0.6647664904594421
YNL121C,YCL052C,0,-0.7530988,0.12063492089509964,0.9110888838768005,0.6648665070533752
YMR246W,YGR109W-A,0,-0.753716,0.12061896920204163,0.9110888838768005,0.6649665236473083
YKL192C,YDR315C,0,-0.7539394,0.12060301750898361,0.9110888838768005,0.6650664806365967
YOR251C,YOR264W,0,-0.7540044,0.1205870658159256,0.9110888838768005,0.6651664972305298
YML028W,YEL005C,0,-0.75415766,0.12057112902402878,0.9110888838768005,0.6652665138244629
YBR107C,YIL076W,0,-0.7546493,0.12055518478155136,0.9110888838768005,0.665366530418396
YOL122C,YDR359C,0,-0.7547626,0.12053925544023514,0.9110888838768005,0.6654665470123291
YPR161C,YDR410C,0,-0.7548204,0.12052332609891891,0.9110888838768005,0.6655665636062622
YIL007C,YLR228C,0,-0.7550754,0.12050739675760269,0.9110888838768005,0.6656665802001953
YGL049C,YJL019W,0,-0.7555657,0.12049147486686707,0.9110888838768005,0.6657665967941284
YPL206C,YLL043W,0,-0.75576645,0.12047556042671204,0.9110888838768005,0.6658666133880615
YNR038W,YGR224W,0,-0.7558248,0.120459645986557,0.9110888838768005,0.6659665703773499
YOR258W,YGL127C,0,-0.75612867,0.12044373899698257,0.9110888838768005,0.666066586971283
YBR001C,YGL219C,0,-0.7563094,0.12042783200740814,0.9110888838768005,0.6661666035652161
YGR224W,YPR001W,0,-0.7564126,0.1204119324684143,0.9110888838768005,0.6662666201591492
YGR162W,YGR134W,0,-0.75656927,0.12039604038000107,0.9110888838768005,0.6663666367530823
YDR018C,YJL081C,0,-0.75685847,0.12038014829158783,0.9110888838768005,0.6664666533470154
YLL057C,YGR063C,0,-0.7570003,0.12036426365375519,0.9110888838768005,0.6665666699409485
YOR148C,YMR004W,0,-0.75760734,0.12034837901592255,0.9110888838768005,0.6666666865348816
YKL041W,YGR010W,0,-0.7579974,0.1203324943780899,0.9110888838768005,0.6667667031288147
YDL046W,YDR425W,0,-0.7586247,0.12031662464141846,0.9110888838768005,0.666866660118103
YNL044W,YMR042W,0,-0.75880146,0.12030075490474701,0.9110888838768005,0.6669666767120361
YMR002W,YOR057W,0,-0.75920963,0.12028488516807556,0.9110888838768005,0.6670666933059692
YDR129C,YGR282C,0,-0.7592388,0.12026902288198471,0.9110888838768005,0.6671667098999023
YNL227C,YBR286W,0,-0.7597614,0.12025316804647446,0.9110888838768005,0.6672667264938354
YER040W,YNL121C,0,-0.75989926,0.1202373132109642,0.9110888838768005,0.6673667430877686
YER106W,YNL137C,0,-0.76004285,0.12022145837545395,0.9110888838768005,0.6674667596817017
YOR162C,YML077W,0,-0.7604413,0.12020561844110489,0.9110888838768005,0.6675667762756348
YDL232W,YGL065C,1,-0.7606112,0.12032155692577362,0.9120879173278809,0.6675667762756348
YPR168W,YMR009W,0,-0.76067567,0.12030570209026337,0.9120879173278809,0.6676667928695679
YDR373W,YDR377W,0,-0.7612196,0.12028985470533371,0.9120879173278809,0.6677667498588562
YNL131W,YDL061C,0,-0.7616209,0.12027400732040405,0.9120879173278809,0.6678667664527893
YDR224C,YIL106W,0,-0.76204634,0.12025816738605499,0.9120879173278809,0.6679667830467224
YOL064C,YKR103W,0,-0.76210433,0.12024232745170593,0.9120879173278809,0.6680667996406555
YIL037C,YDR145W,0,-0.7621815,0.12022649496793747,0.9120879173278809,0.6681668162345886
YER178W,YLR154C,0,-0.7630489,0.120210662484169,0.9120879173278809,0.6682668328285217
YBR159W,YIL095W,0,-0.76338834,0.12019483745098114,0.9120879173278809,0.6683668494224548
YCR060W,YEL016C,0,-0.7634138,0.12017901986837387,0.9120879173278809,0.6684668660163879
YIR002C,YHR113W,0,-0.7643227,0.1201632022857666,0.9120879173278809,0.668566882610321
YER117W,YBR195C,0,-0.76495075,0.12014738470315933,0.9120879173278809,0.6686668395996094
YAL043C,YBL028C,0,-0.76530373,0.12013158202171326,0.9120879173278809,0.6687668561935425
YML034W,YOR204W,0,-0.76571095,0.12011577188968658,0.9120879173278809,0.6688668727874756
YHL006C,YER139C,0,-0.76586556,0.1200999766588211,0.9120879173278809,0.6689668893814087
YOR117W,YLR042C,0,-0.7669054,0.12008417397737503,0.9120879173278809,0.6690669059753418
YMR180C,YDL072C,0,-0.76697725,0.12006838619709015,0.9120879173278809,0.6691669225692749
YPL276W,YJL166W,0,-0.7673383,0.12005259841680527,0.9120879173278809,0.669266939163208
YOR211C,YLR460C,0,-0.7675848,0.12003681063652039,0.9120879173278809,0.6693669557571411
YHR023W,YDR304C,0,-0.7676686,0.1200210303068161,0.9120879173278809,0.6694669723510742
YDR224C,YNL189W,0,-0.7678355,0.12000525742769241,0.9120879173278809,0.6695669293403625
YDR109C,YGR217W,0,-0.7678634,0.11998948454856873,0.9120879173278809,0.6696669459342957
YOR357C,YBR095C,0,-0.7683968,0.11997371912002563,0.9120879173278809,0.6697669625282288
YGR116W,YBR211C,0,-0.7685291,0.11995795369148254,0.9120879173278809,0.6698669791221619
YOL003C,YKL015W,0,-0.7685455,0.11994219571352005,0.9120879173278809,0.669966995716095
YDR308C,YOR332W,0,-0.76864666,0.11992644518613815,0.9120879173278809,0.6700670123100281
YLR040C,YDR306C,0,-0.7690774,0.11991068720817566,0.9120879173278809,0.6701670289039612
YBR129C,YLR050C,0,-0.7691883,0.11989494413137436,0.9120879173278809,0.6702670454978943
YKL017C,YBL005W,0,-0.7692384,0.11987920105457306,0.9120879173278809,0.6703670620918274
YDR482C,YIL030C,0,-0.7693316,0.11986346542835236,0.9120879173278809,0.6704670190811157
YOL096C,YJL013C,0,-0.76952773,0.11984772980213165,0.9120879173278809,0.6705670356750488
YDL171C,YAL040C,0,-0.76959026,0.11983200162649155,0.9120879173278809,0.6706670522689819
YEL021W,YDR368W,0,-0.7696641,0.11981627345085144,0.9120879173278809,0.670767068862915
YJL101C,YIL095W,0,-0.76987725,0.11980055272579193,0.9120879173278809,0.6708670854568481
YKL011C,YAL051W,0,-0.76989794,0.11978483200073242,0.9120879173278809,0.6709671020507812
YDL056W,YDL067C,0,-0.7705163,0.11976911872625351,0.9120879173278809,0.6710671186447144
YJL144W,YIL009C-A,0,-0.77131647,0.1197534129023552,0.9120879173278809,0.6711671352386475
YDL164C,YGL053W,0,-0.77174866,0.11973770707845688,0.9120879173278809,0.6712671518325806
YLR208W,YOR279C,0,-0.7717936,0.11972200125455856,0.9120879173278809,0.6713671088218689
YGL219C,YDR075W,0,-0.77235013,0.11970630288124084,0.9120879173278809,0.671467125415802
YGL180W,YMR088C,0,-0.7732712,0.11969061195850372,0.9120879173278809,0.6715671420097351
YBR168W,YMR322C,0,-0.7732775,0.1196749210357666,0.9120879173278809,0.6716671586036682
YMR285C,YLR411W,0,-0.77335894,0.11965923756361008,0.9120879173278809,0.6717671751976013
YGL203C,YDR190C,0,-0.7737271,0.11964356154203415,0.9120879173278809,0.6718671917915344
YGL105W,YPR031W,0,-0.7740678,0.11962788552045822,0.9120879173278809,0.6719672083854675
YPL231W,YGR138C,0,-0.7741938,0.1196122094988823,0.9120879173278809,0.6720672249794006
YNR006W,YDL036C,0,-0.7743301,0.11959654092788696,0.9120879173278809,0.6721672415733337
YJL216C,YNL330C,0,-0.77498674,0.11958087980747223,0.9120879173278809,0.6722671985626221
YER142C,YJL029C,0,-0.775036,0.1195652186870575,0.9120879173278809,0.6723672151565552
YMR282C,YOR304W,0,-0.7751367,0.11954956501722336,0.9120879173278809,0.6724672317504883
YBR049C,YJR042W,0,-0.77522105,0.11953391134738922,0.9120879173278809,0.6725672483444214
YIL087C,YDL070W,0,-0.7753353,0.11951826512813568,0.9120879173278809,0.6726672649383545
YMR115W,YIL128W,0,-0.77546966,0.11950261890888214,0.9120879173278809,0.6727672815322876
YNL164C,YER159C-A,0,-0.77563465,0.1194869801402092,0.9120879173278809,0.6728672981262207
YOR254C,YKL040C,0,-0.7759741,0.11947134137153625,0.9120879173278809,0.6729673147201538
YER068W,YBR058C-A,0,-0.77617586,0.11945571005344391,0.9120879173278809,0.6730673313140869
YGL022W,YPR183W,1,-0.7766001,0.11957090348005295,0.9130868911743164,0.6730673313140869
YHR160C,YKR095W,0,-0.7766197,0.11955526471138,0.9130868911743164,0.6731672883033752
YOR348C,YNL173C,0,-0.7766776,0.11953962594270706,0.9130868911743164,0.6732673048973083
YDR167W,YPR031W,0,-0.7768543,0.11952399462461472,0.9130868911743164,0.6733673214912415
YNL307C,YNL081C,0,-0.77704465,0.11950837075710297,0.9130868911743164,0.6734673380851746
YKL203C,YPR030W,0,-0.7772362,0.11949274688959122,0.9130868911743164,0.6735673546791077
YGR212W,YGR282C,0,-0.7779445,0.11947712302207947,0.9130868911743164,0.6736673712730408
YNL284C,YKL022C,0,-0.7782896,0.11946150660514832,0.9130868911743164,0.6737673878669739
YMR110C,YDR380W,0,-0.7783822,0.11944589763879776,0.9130868911743164,0.673867404460907
YER117W,YDL184C,0,-0.7783983,0.1194302886724472,0.9130868911743164,0.6739674210548401
YIL177C,YOL136C,0,-0.7785713,0.11941468715667725,0.9130868911743164,0.6740673780441284
YDR261C,YDL059C,0,-0.7791159,0.11939908564090729,0.9130868911743164,0.6741673946380615
YHR069C,YDR281C,0,-0.78020203,0.11938349157571793,0.9130868911743164,0.6742674112319946
YDR386W,YLR390W-A,0,-0.7803729,0.11936789751052856,0.9130868911743164,0.6743674278259277
YJL012C,YER159C-A,0,-0.7805364,0.1193523108959198,0.9130868911743164,0.6744674444198608
YBR146W,YJL029C,0,-0.780576,0.11933673173189163,0.9130868911743164,0.674567461013794
YIR006C,YHR113W,0,-0.7806507,0.11932114511728287,0.9130868911743164,0.674667477607727
YNL080C,YDR520C,0,-0.78068525,0.1193055734038353,0.9130868911743164,0.6747674942016602
YMR063W,YPR148C,0,-0.78084445,0.11929000169038773,0.9130868911743164,0.6748675107955933
YFL048C,YIL106W,0,-0.78104115,0.11927443742752075,0.9130868911743164,0.6749674677848816
YBR261C,YHL019C,0,-0.7811222,0.11925887316465378,0.9130868911743164,0.6750674843788147
YOL026C,YJR150C,0,-0.7816701,0.1192433163523674,0.9130868911743164,0.6751675009727478
YKL045W,YFR016C,0,-0.78290963,0.11922775954008102,0.9130868911743164,0.6752675175666809
YNL133C,YKL007W,0,-0.78324014,0.11921221017837524,0.9130868911743164,0.675367534160614
YIL009W,YNL218W,0,-0.7832843,0.11919666081666946,0.9130868911743164,0.6754675507545471
YKL096W-A,YHR080C,0,-0.7836176,0.11918111890554428,0.9130868911743164,0.6755675673484802
YOR149C,YJL139C,1,-0.7848394,0.11929595470428467,0.9140859246253967,0.6755675673484802
YCL025C,YGL256W,0,-0.78488487,0.11928040534257889,0.9140859246253967,0.6756675839424133
YER036C,YNR067C,0,-0.7851031,0.11926485598087311,0.9140859246253967,0.6757676005363464
YOR138C,YDR082W,0,-0.78514785,0.11924931406974792,0.9140859246253967,0.6758675575256348
YBR271W,YPL179W,0,-0.78530693,0.11923377960920334,0.9140859246253967,0.6759675741195679
YDL108W,YJR066W,0,-0.7853408,0.11921823769807816,0.9140859246253967,0.676067590713501
YLL061W,YNR004W,0,-0.7854041,0.11920271068811417,0.9140859246253967,0.6761676073074341
YKR034W,YAL015C,0,-0.78548145,0.11918718367815018,0.9140859246253967,0.6762676239013672
YMR298W,YBR034C,0,-0.78549546,0.11917165666818619,0.9140859246253967,0.6763676404953003
YJL149W,YMR287C,0,-0.7856054,0.1191561371088028,0.9140859246253967,0.6764676570892334
YHL025W,YGR161C,0,-0.7857785,0.119140625,0.9140859246253967,0.6765676736831665
YLR193C,YPR148C,0,-0.78608465,0.1191251128911972,0.9140859246253967,0.6766676902770996
YBR149W,YDL149W,0,-0.786436,0.119109608232975,0.9140859246253967,0.6767676472663879
YMR043W,YIR009W,0,-0.7866664,0.11909410357475281,0.9140859246253967,0.676867663860321
YMR303C,YJL168C,0,-0.7870711,0.1190786063671112,0.9140859246253967,0.6769676804542542
YJR075W,YGL038C,1,-0.7871059,0.11919323354959488,0.9150848984718323,0.6769676804542542
YKR079C,YGL157W,0,-0.7871381,0.11917772889137268,0.9150848984718323,0.6770676970481873
YHL032C,YKR062W,0,-0.7872196,0.11916222423315048,0.9150848984718323,0.6771677136421204
YGR266W,YGR235C,0,-0.78744376,0.11914671957492828,0.9150848984718323,0.6772677302360535
YDR126W,YDR236C,0,-0.7875056,0.11913122981786728,0.9150848984718323,0.6773677468299866
YHR111W,YCL051W,0,-0.7880537,0.11911573261022568,0.9150848984718323,0.6774677634239197
YPR182W,YDL120W,0,-0.7880739,0.11910025030374527,0.9150848984718323,0.6775677800178528
YER052C,YLR093C,0,-0.7887591,0.11908476054668427,0.9150848984718323,0.6776677370071411
YBR208C,YML100W,0,-0.7887932,0.11906928569078445,0.9150848984718323,0.6777677536010742
YKR100C,YER129W,0,-0.79003423,0.11905381083488464,0.9150848984718323,0.6778677701950073
YJR110W,YIR031C,0,-0.7910483,0.11903833597898483,0.9150848984718323,0.6779677867889404
YGR180C,YOR026W,0,-0.79157573,0.11902286857366562,0.9150848984718323,0.6780678033828735
YNL339C,YDL099W,0,-0.79199004,0.119007408618927,0.9150848984718323,0.6781678199768066
YBR094W,YPL269W,0,-0.7920652,0.11899194866418839,0.9150848984718323,0.6782678365707397
YJL054W,YML059C,0,-0.7929466,0.11897648870944977,0.9150848984718323,0.6783678531646729
YLL050C,YOR132W,0,-0.7929827,0.11896103620529175,0.9150848984718323,0.678467869758606
YML094W,YKR044W,0,-0.7934298,0.11894559115171432,0.9150848984718323,0.6785678863525391
YNR074C,YPL223C,0,-0.7934974,0.1189301460981369,0.9150848984718323,0.6786678433418274
YFL005W,YKL132C,0,-0.7936201,0.11891470849514008,0.9150848984718323,0.6787678599357605
YDR072C,YDR169C,0,-0.79367685,0.11889927089214325,0.9150848984718323,0.6788678765296936
YBL028C,YMR146C,0,-0.7941096,0.11888384073972702,0.9150848984718323,0.6789678931236267
YPR091C,YBR296C,0,-0.79440796,0.11886841058731079,0.9150848984718323,0.6790679097175598
YGR241C,YML054C,0,-0.79452765,0.11885298788547516,0.9150848984718323,0.6791679263114929
YLR266C,YPL027W,0,-0.7951269,0.11883757263422012,0.9150848984718323,0.679267942905426
YHR081W,YKR093W,0,-0.79586923,0.11882215738296509,0.9150848984718323,0.6793679594993591
YHR170W,YMR094W,0,-0.79591227,0.11880674213171005,0.9150848984718323,0.6794679760932922
YPL101W,YBR020W,0,-0.797141,0.11879133433103561,0.9150848984718323,0.6795679330825806
YEL021W,YIL084C,0,-0.79718614,0.11877593398094177,0.9150848984718323,0.6796679496765137
YHR157W,YIL046W,0,-0.79769266,0.11876053363084793,0.9150848984718323,0.6797679662704468
YBL082C,YML019W,1,-0.7978925,0.11887477338314056,0.9160839319229126,0.6797679662704468
YLR432W,YLR181C,0,-0.7980167,0.11885936558246613,0.9160839319229126,0.6798679828643799
YBR162W-A,YIL013C,0,-0.7985097,0.11884395778179169,0.9160839319229126,0.679967999458313
YLR389C,YGR058W,0,-0.7993186,0.11882855743169785,0.9160839319229126,0.6800680160522461
YIL147C,YKR026C,0,-0.79932404,0.1188131645321846,0.9160839319229126,0.6801680326461792
YPR167C,YDR240C,0,-0.8007835,0.11879777163267136,0.9160839319229126,0.6802680492401123
YGL211W,YDR167W,0,-0.801082,0.11878238618373871,0.9160839319229126,0.6803680658340454
YPR108W,YKL175W,0,-0.80117404,0.11876700073480606,0.9160839319229126,0.6804680228233337
YDR323C,YER103W,0,-0.8017401,0.11875161528587341,0.9160839319229126,0.6805680394172668
YBL023C,YKL129C,0,-0.80196905,0.11873624473810196,0.9160839319229126,0.6806680560112
YGL136C,YJR082C,0,-0.80201,0.11872086673974991,0.9160839319229126,0.6807680726051331
YEL052W,YCR030C,0,-0.8020175,0.11870550364255905,0.9160839319229126,0.6808680891990662
YCL014W,YPL159C,0,-0.8023026,0.1186901405453682,0.9160839319229126,0.6809681057929993
YGR245C,YLR278C,0,-0.80291414,0.11867477744817734,0.9160839319229126,0.6810681223869324
YDL029W,YGR027W-B,0,-0.80293036,0.11865942180156708,0.9160839319229126,0.6811681389808655
YMR297W,YEL050C,0,-0.8029803,0.11864406615495682,0.9160839319229126,0.6812681555747986
YKR078W,YLR293C,0,-0.80307543,0.11862871795892715,0.9160839319229126,0.6813681125640869
YOL018C,YJL025W,0,-0.80369866,0.11861337721347809,0.9160839319229126,0.68146812915802
YDL179W,YDR288W,0,-0.8042108,0.11859803646802902,0.9160839319229126,0.6815681457519531
YPL135W,YIL156W,0,-0.805169,0.11858269572257996,0.9160839319229126,0.6816681623458862
YKL095W,YDR438W,0,-0.8061893,0.11856736242771149,0.9160839319229126,0.6817681789398193
YOR343W-B,YOR383C,0,-0.806239,0.11855203658342361,0.9160839319229126,0.6818681955337524
YMR257C,YPR072W,0,-0.80624473,0.11853671073913574,0.9160839319229126,0.6819682121276855
YDR437W,YBR199W,1,-0.8064406,0.1186506375670433,0.9170829057693481,0.6819682121276855
YDR377W,YDR281C,0,-0.8066561,0.11863530427217484,0.9170829057693481,0.6820682287216187
YGR120C,YJR121W,0,-0.8074517,0.11861997842788696,0.9170829057693481,0.6821682453155518
YJR021C,YOL123W,0,-0.80778885,0.11860465258359909,0.9170829057693481,0.6822682023048401
YNR024W,YAR027W,0,-0.80830526,0.11858932673931122,0.9170829057693481,0.6823682188987732
YDR242W,YJL065C,0,-0.80837333,0.11857400834560394,0.9170829057693481,0.6824682354927063
YOR242C,YDR389W,0,-0.8085748,0.11855869740247726,0.9170829057693481,0.6825682520866394
YGR288W,YKR071C,0,-0.80903673,0.11854338645935059,0.9170829057693481,0.6826682686805725
YDR421W,YEL037C,0,-0.80913615,0.1185280829668045,0.9170829057693481,0.6827682852745056
YOR044W,YIL111W,0,-0.8095457,0.11851277947425842,0.9170829057693481,0.6828683018684387
YGL168W,YNL142W,0,-0.80956286,0.11849748343229294,0.9170829057693481,0.6829683184623718
YNL016W,YOR290C,0,-0.8102359,0.11848218739032745,0.9170829057693481,0.6830683350563049
YNL221C,YNL278W,0,-0.81107384,0.11846689879894257,0.9170829057693481,0.6831682920455933
YIR025W,YER014C-A,0,-0.8118239,0.11845161020755768,0.9170829057693481,0.6832683086395264
YIL132C,YDR127W,0,-0.81212485,0.11843632906675339,0.9170829057693481,0.6833683252334595
YIL087C,YOR358W,0,-0.8123827,0.1184210553765297,0.9170829057693481,0.6834683418273926
YMR238W,YKR050W,0,-0.8125036,0.118405781686306,0.9170829057693481,0.6835683584213257
YML106W,YDL232W,1,-0.8127616,0.11851947009563446,0.9180819392204285,0.6835683584213257
YLL009C,YDR534C,0,-0.8129284,0.11850418895483017,0.9180819392204285,0.6836683750152588
YML070W,YLR086W,0,-0.8129966,0.11848891526460648,0.9180819392204285,0.6837683916091919
YKL201C,YMR127C,0,-0.81369364,0.11847363412380219,0.9180819392204285,0.683868408203125
YMR200W,YIL087C,0,-0.8140877,0.11845836788415909,0.9180819392204285,0.6839684247970581
YIR011C,YBL008W,0,-0.81515795,0.11844310164451599,0.9180819392204285,0.6840683817863464
YBL022C,YDL021W,0,-0.8152463,0.1184278354048729,0.9180819392204285,0.6841683983802795
YKL045W,YNL268W,0,-0.8154443,0.1184125766158104,0.9180819392204285,0.6842684149742126
YOL125W,YGR167W,0,-0.81563306,0.1183973178267479,0.9180819392204285,0.6843684315681458
YLR010C,YDR389W,0,-0.81570387,0.11838206648826599,0.9180819392204285,0.6844684481620789
YHR005C,YOR037W,0,-0.8158039,0.11836682260036469,0.9180819392204285,0.684568464756012
YJL033W,YPL204W,0,-0.81592,0.11835157871246338,0.9180819392204285,0.6846684813499451
YIR015W,YGL104C,0,-0.8161435,0.11833633482456207,0.9180819392204285,0.6847684979438782
YNL304W,YDR093W,0,-0.81645906,0.11832109838724136,0.9180819392204285,0.6848685145378113
YKR071C,YPL021W,0,-0.8167583,0.11830586940050125,0.9180819392204285,0.6849684715270996
YHR020W,YLR014C,0,-0.8171588,0.11829064041376114,0.9180819392204285,0.6850684881210327
YBL092W,YGL241W,0,-0.8172967,0.11827541887760162,0.9180819392204285,0.6851685047149658
YJL048C,YOL155C,0,-0.81735146,0.11826019734144211,0.9180819392204285,0.6852685213088989
YDR383C,YPL049C,0,-0.81917024,0.11824498325586319,0.9180819392204285,0.685368537902832
YOL052C,YLL048C,0,-0.81934,0.11822976917028427,0.9180819392204285,0.6854685544967651
YKL045W,YML086C,0,-0.81949544,0.11821456253528595,0.9180819392204285,0.6855685710906982
YNR072W,YHR044C,0,-0.8201632,0.11819935590028763,0.9180819392204285,0.6856685876846313
YLR014C,YPL113C,0,-0.8205396,0.1181841567158699,0.9180819392204285,0.6857686042785645
YMR050C,YPR048W,0,-0.8209963,0.11816895753145218,0.9180819392204285,0.6858685612678528
YJR013W,YJR054W,0,-0.8211356,0.11815376579761505,0.9180819392204285,0.6859685778617859
YDR025W,YLR201C,0,-0.8213838,0.11813858151435852,0.9180819392204285,0.686068594455719
YMR261C,YGR227W,1,-0.8214658,0.11825192719697952,0.919080913066864,0.686068594455719
YDL102W,YJR119C,0,-0.82148314,0.1182367280125618,0.919080913066864,0.6861686110496521
YIL134W,YDR437W,0,-0.82180876,0.11822153627872467,0.919080913066864,0.6862686276435852
YKL028W,YOR308C,0,-0.82182264,0.11820634454488754,0.919080913066864,0.6863686442375183
YOR180C,YCR035C,0,-0.8222002,0.11819116026163101,0.919080913066864,0.6864686608314514
YGL219C,YKL190W,0,-0.82232296,0.11817597597837448,0.919080913066864,0.6865686774253845
YNR008W,YLR047C,0,-0.8229263,0.11816079914569855,0.919080913066864,0.6866686940193176
YLR410W-A,YOL151W,0,-0.8231946,0.11814562976360321,0.919080913066864,0.686768651008606
YGL195W,YOR359W,0,-0.82339334,0.11813046038150787,0.919080913066864,0.6868686676025391
YGR179C,YPL269W,0,-0.8239703,0.11811529099941254,0.919080913066864,0.6869686841964722
YJL130C,YGR159C,0,-0.8243454,0.1181001290678978,0.919080913066864,0.6870687007904053
YCR014C,YOL062C,0,-0.82456094,0.11808496713638306,0.919080913066864,0.6871687173843384
YOR311C,YLR181C,0,-0.8249731,0.11806981265544891,0.919080913066864,0.6872687339782715
YDL008W,YDR501W,0,-0.8250321,0.11805466562509537,0.919080913066864,0.6873687505722046
YML034W,YGL128C,0,-0.8255918,0.11803951859474182,0.919080913066864,0.6874687671661377
YMR034C,YAL013W,0,-0.82603127,0.11802437156438828,0.919080913066864,0.6875687837600708
YDL030W,YKR103W,0,-0.82605004,0.11800923198461533,0.919080913066864,0.6876687407493591
YLR209C,YBL029C-A,0,-0.82641464,0.11799409985542297,0.919080913066864,0.6877687573432922
YMR262W,YGR135W,0,-0.8265005,0.11797896772623062,0.919080913066864,0.6878687739372253
YNL231C,YFL048C,0,-0.8267747,0.11796384304761887,0.919080913066864,0.6879687905311584
YGL168W,YPL059W,0,-0.8268335,0.11794871836900711,0.919080913066864,0.6880688071250916
YHR215W,YDR011W,0,-0.8268377,0.11793360114097595,0.919080913066864,0.6881688237190247
YBR050C,YCL044C,0,-0.82714164,0.1179184839129448,0.919080913066864,0.6882688403129578
YDL119C,YOR004W,0,-0.82790554,0.11790337413549423,0.919080913066864,0.6883688569068909
YBR114W,YMR210W,0,-0.82813215,0.11788826435804367,0.919080913066864,0.688468873500824
YCR105W,YMR128W,0,-0.82818913,0.11787315458059311,0.919080913066864,0.6885688304901123
YMR172W,YAL013W,0,-0.828586,0.11785805970430374,0.919080913066864,0.6886688470840454
YBR272C,YGR239C,0,-0.8291981,0.11784296482801437,0.919080913066864,0.6887688636779785
YGR253C,YHR101C,0,-0.8292878,0.117827869951725,0.919080913066864,0.6888688802719116
YGR189C,YOR378W,0,-0.8297365,0.11781278252601624,0.919080913066864,0.6889688968658447
YPL058C,YGL243W,0,-0.8300862,0.11779769510030746,0.919080913066864,0.6890689134597778
YLR364W,YGR174C,0,-0.8308803,0.11778261512517929,0.919080913066864,0.6891689300537109
YKR101W,YBR054W,0,-0.8309891,0.11776753515005112,0.919080913066864,0.689268946647644
YBR120C,YDR189W,0,-0.83146787,0.11775246262550354,0.919080913066864,0.6893689632415771
YDR454C,YKL155C,0,-0.83187723,0.11773739755153656,0.919080913066864,0.6894689202308655
YDL113C,YJR112W,0,-0.8320576,0.11772233247756958,0.919080913066864,0.6895689368247986
YBR128C,YCL029C,0,-0.8322329,0.1177072674036026,0.919080913066864,0.6896689534187317
YKL124W,YML015C,0,-0.8322504,0.11769220978021622,0.919080913066864,0.6897689700126648
YPL121C,YER176W,0,-0.83237123,0.11767715215682983,0.919080913066864,0.6898689866065979
YIL167W,YDL166C,0,-0.8331873,0.11766210198402405,0.919080913066864,0.689969003200531
YML104C,YDR288W,0,-0.8333315,0.11764705926179886,0.919080913066864,0.6900690197944641
YOR372C,YNL052W,0,-0.8337897,0.11763201653957367,0.919080913066864,0.6901690363883972
YKL094W,YDR381C-A,0,-0.83410084,0.11761698126792908,0.919080913066864,0.6902690529823303
YLR010C,YNL059C,0,-0.83434737,0.11760194599628448,0.919080913066864,0.6903690099716187
YML045W-A,YER153C,0,-0.83436286,0.11758691072463989,0.919080913066864,0.6904690265655518
YLR118C,YBR145W,0,-0.83475125,0.1175718829035759,0.919080913066864,0.6905690431594849
YML057W,YDR424C,0,-0.83527875,0.1175568625330925,0.919080913066864,0.690669059753418
YDR439W,YDR437W,0,-0.8358954,0.1175418421626091,0.919080913066864,0.6907690763473511
YNL136W,YKL009W,0,-0.83722234,0.1175268292427063,0.919080913066864,0.6908690929412842
YEL006W,YDR045C,0,-0.83730215,0.1175118163228035,0.919080913066864,0.6909691095352173
YKL081W,YML049C,0,-0.8376374,0.11749681085348129,0.919080913066864,0.6910691261291504
YKR069W,YBR093C,0,-0.8378681,0.11748180538415909,0.919080913066864,0.6911691427230835
YDR210C-D,YPR191W,0,-0.8381424,0.11746679991483688,0.919080913066864,0.6912690997123718
YDR470C,YNL244C,0,-0.8382925,0.11745180934667587,0.919080913066864,0.6913691163063049
YEL050C,YFL002W-B,0,-0.8387306,0.11743681132793427,0.919080913066864,0.691469132900238
YNL217W,YDL059C,0,-0.8387401,0.11742182821035385,0.919080913066864,0.6915691494941711
YER032W,YLR389C,0,-0.83910096,0.11740683764219284,0.919080913066864,0.6916691660881042
YIL002C,YLR145W,0,-0.83942556,0.11739186197519302,0.919080913066864,0.6917691826820374
YMR296C,YBR107C,0,-0.83957034,0.11737687885761261,0.919080913066864,0.6918691992759705
YMR233W,YNL151C,0,-0.83961684,0.11736191064119339,0.919080913066864,0.6919692158699036
YNL294C,YJL166W,0,-0.8397243,0.11734694242477417,0.919080913066864,0.6920692324638367
YDR069C,YIL038C,0,-0.8400178,0.11733197420835495,0.919080913066864,0.692169189453125
YNL056W,YLR127C,0,-0.84041625,0.11731701344251633,0.919080913066864,0.6922692060470581
YDL069C,YHL040C,0,-0.8406176,0.1173020526766777,0.919080913066864,0.6923692226409912
YOR341W,YNL306W,0,-0.8408514,0.11728709936141968,0.919080913066864,0.6924692392349243
YLR266C,YDR140W,0,-0.84087354,0.11727214604616165,0.919080913066864,0.6925692558288574
YBR198C,YLR247C,0,-0.8414155,0.11725720018148422,0.919080913066864,0.6926692724227905
YEL064C,YHR014W,0,-0.8421912,0.11724226176738739,0.919080913066864,0.6927692890167236
YKR104W,YHR186C,0,-0.8421955,0.11722731590270996,0.919080913066864,0.6928693056106567
YKL082C,YLR033W,0,-0.8423227,0.11721238493919373,0.919080913066864,0.6929693222045898
YML102W,YMR115W,0,-0.8423647,0.11719745397567749,0.919080913066864,0.6930692791938782
YLR214W,YKR072C,0,-0.842474,0.11718252301216125,0.919080913066864,0.6931692957878113
YMR283C,YJR133W,1,-0.842544,0.11729495972394943,0.9200799465179443,0.6931692957878113
YBL089W,YIL095W,0,-0.84259295,0.1172800213098526,0.9200799465179443,0.6932693123817444
YOR298W,YPL083C,0,-0.8427765,0.11726509034633636,0.9200799465179443,0.6933693289756775
YDR407C,YKR052C,0,-0.84374416,0.11725015938282013,0.9200799465179443,0.6934693455696106
YBR101C,YDL112W,0,-0.8440056,0.11723523586988449,0.9200799465179443,0.6935693621635437
YJR032W,YNL029C,0,-0.84401834,0.11722031235694885,0.9200799465179443,0.6936693787574768
YAL030W,YHR039C-A,0,-0.8443942,0.11720539629459381,0.9200799465179443,0.6937693953514099
YHR170W,YKR052C,0,-0.8444096,0.11719048023223877,0.9200799465179443,0.693869411945343
YPL174C,YER185W,0,-0.8445665,0.11717557162046432,0.9200799465179443,0.6939693689346313
YER112W,YKR050W,0,-0.8447566,0.11716066300868988,0.9200799465179443,0.6940693855285645
YDL227C,YLL013C,0,-0.8448547,0.11714576184749603,0.9200799465179443,0.6941694021224976
YMR038C,YOL139C,0,-0.8453748,0.11713086813688278,0.9200799465179443,0.6942694187164307
YPL011C,YGR081C,0,-0.84580654,0.11711597442626953,0.9200799465179443,0.6943694353103638
YIR004W,YGR104C,0,-0.84591514,0.11710108071565628,0.9200799465179443,0.6944694519042969
YPR081C,YLR033W,0,-0.8464718,0.11708619445562363,0.9200799465179443,0.69456946849823
YML085C,YIL106W,0,-0.8469227,0.11707130819559097,0.9200799465179443,0.6946694850921631
YDR437W,YJL002C,1,-0.84703577,0.11718352884054184,0.9210789203643799,0.6946694850921631
YPL196W,YGL174W,0,-0.84710217,0.11716863512992859,0.9210789203643799,0.6947695016860962
YJL056C,YJR053W,0,-0.84718466,0.11715374886989594,0.9210789203643799,0.6948694586753845
YPR133C,YOL144W,0,-0.8477757,0.11713886260986328,0.9210789203643799,0.6949694752693176
YER038C,YMR152W,0,-0.84790915,0.11712398380041122,0.9210789203643799,0.6950694918632507
YDR103W,YOR320C,0,-0.84837884,0.11710910499095917,0.9210789203643799,0.6951695084571838
YKL082C,YDR405W,0,-0.84861374,0.11709423363208771,0.9210789203643799,0.6952695250511169
YGL259W,YOR355W,0,-0.8487479,0.11707936227321625,0.9210789203643799,0.69536954164505
YGL158W,YNR055C,0,-0.848909,0.11706449836492538,0.9210789203643799,0.6954695582389832
YLR158C,YGR058W,0,-0.84917396,0.11704964190721512,0.9210789203643799,0.6955695748329163
YBL088C,YNL267W,0,-0.8492557,0.11703477799892426,0.9210789203643799,0.6956695914268494
YMR275C,YKR019C,0,-0.8494068,0.11701992899179459,0.9210789203643799,0.6957695484161377
YPL177C,YML004C,0,-0.8494682,0.11700507253408432,0.9210789203643799,0.6958695650100708
YDL129W,YAL019W,0,-0.84975857,0.11699023097753525,0.9210789203643799,0.6959695816040039
YGR142W,YMR017W,0,-0.8506651,0.11697538942098618,0.9210789203643799,0.696069598197937
YAL039C,YPR184W,0,-0.8510454,0.1169605478644371,0.9210789203643799,0.6961696147918701
YMR080C,YGL025C,0,-0.85142606,0.11694571375846863,0.9210789203643799,0.6962696313858032
YPR143W,YPL105C,0,-0.8521514,0.11693087965250015,0.9210789203643799,0.6963696479797363
YLR182W,YGR258C,0,-0.85240954,0.11691605299711227,0.9210789203643799,0.6964696645736694
YMR100W,YDL065C,0,-0.8526263,0.1169012263417244,0.9210789203643799,0.6965696811676025
YJR140C,YHR092C,0,-0.85283315,0.11688640713691711,0.9210789203643799,0.6966696381568909
YEL020W-A,YIL171W,0,-0.85354203,0.11687159538269043,0.9210789203643799,0.696769654750824
YLR090W,YDL107W,0,-0.8536594,0.11685678362846375,0.9210789203643799,0.6968696713447571
YER137C-A,YER044C,0,-0.85401845,0.11684197187423706,0.9210789203643799,0.6969696879386902
YBR198C,YJR089W,0,-0.8542541,0.11682716757059097,0.9210789203643799,0.6970697045326233
YDR213W,YNR047W,0,-0.85436785,0.11681236326694489,0.9210789203643799,0.6971697211265564
YER176W,YLR264W,0,-0.85438097,0.1167975664138794,0.9210789203643799,0.6972697377204895
YGL038C,YPR183W,1,-0.854487,0.1169094368815422,0.9220778942108154,0.6972697377204895
YFR006W,YML037C,0,-0.85574293,0.11689463257789612,0.9220778942108154,0.6973697543144226
YJL156C,YDR369C,0,-0.8558659,0.11687982827425003,0.9220778942108154,0.6974697709083557
YDR158W,YOR065W,0,-0.856267,0.11686503142118454,0.9220778942108154,0.697569727897644
YPR149W,YGR279C,0,-0.85677654,0.11685023456811905,0.9220778942108154,0.6976697444915771
YIL046W,YGL169W,0,-0.8572047,0.11683544516563416,0.9220778942108154,0.6977697610855103
YLR451W,YHR005C-A,0,-0.8576519,0.11682065576314926,0.9220778942108154,0.6978697776794434
YML104C,YGR222W,0,-0.8582845,0.11680587381124496,0.9220778942108154,0.6979697942733765
YKL063C,YLR391W,0,-0.85928446,0.11679109185934067,0.9220778942108154,0.6980698108673096
YEL018W,YPR132W,0,-0.8592969,0.11677631735801697,0.9220778942108154,0.6981698274612427
YIL177C,YLR158C,0,-0.85950875,0.11676154285669327,0.9220778942108154,0.6982698440551758
YFR003C,YDR368W,0,-0.8597116,0.11674677580595016,0.9220778942108154,0.6983698606491089
YLR008C,YJR147W,0,-0.860194,0.11673200875520706,0.9220778942108154,0.6984698176383972
YDR002W,YDL220C,0,-0.8604599,0.11671724915504456,0.9220778942108154,0.6985698342323303
YDL019C,YIL128W,0,-0.8612014,0.11670248955488205,0.9220778942108154,0.6986698508262634
YOL158C,YLR141W,0,-0.86126274,0.11668773740530014,0.9220778942108154,0.6987698674201965
YOR195W,YBR198C,0,-0.86126745,0.11667298525571823,0.9220778942108154,0.6988698840141296
YMR015C,YDR416W,0,-0.8613341,0.11665824055671692,0.9220778942108154,0.6989699006080627
YCL066W,YCR087C-A,0,-0.8617153,0.1166434958577156,0.9220778942108154,0.6990699172019958
YPL033C,YIR009W,0,-0.8617486,0.11662875860929489,0.9220778942108154,0.699169933795929
YCR094W,YMR198W,0,-0.86187875,0.11661402136087418,0.9220778942108154,0.6992699503898621
YHL004W,YLR109W,0,-0.8625508,0.11659929156303406,0.9220778942108154,0.6993699073791504
YNR031C,YOR066W,0,-0.86333776,0.11658456176519394,0.9220778942108154,0.6994699239730835
YHL006C,YGR047C,0,-0.8638301,0.11656983941793442,0.9220778942108154,0.6995699405670166
YDR421W,YOR311C,0,-0.8638654,0.1165551170706749,0.9220778942108154,0.6996699571609497
YPL157W,YIL061C,0,-0.8643048,0.11654040217399597,0.9220778942108154,0.6997699737548828
YNL223W,YHR056C,0,-0.86443317,0.11652569472789764,0.9220778942108154,0.6998699903488159
YNL145W,YGL089C,0,-0.8648491,0.11651097983121872,0.9220778942108154,0.699970006942749
YDL054C,YIL014W,0,-0.86561865,0.11649627983570099,0.9220778942108154,0.7000700235366821
YPR055W,YNR059W,0,-0.86654896,0.11648157238960266,0.9220778942108154,0.7001700401306152
YGL065C,YGL022W,1,-0.86693937,0.11659306287765503,0.9230769276618958,0.7001700401306152
YER145C,YBR233W-A,0,-0.8677582,0.1165783479809761,0.9230769276618958,0.7002700567245483
YML028W,YLR200W,0,-0.8679794,0.11656364053487778,0.9230769276618958,0.7003700137138367
YJL054W,YAR027W,0,-0.86852014,0.11654894053936005,0.9230769276618958,0.7004700303077698
YER031C,YNL210W,0,-0.8686646,0.11653424054384232,0.9230769276618958,0.7005700469017029
YLR377C,YPL209C,0,-0.8686923,0.11651954799890518,0.9230769276618958,0.700670063495636
YDR470C,YDR239C,0,-0.8694875,0.11650485545396805,0.9230769276618958,0.7007700800895691
YDR440W,YGL157W,0,-0.8697365,0.11649016290903091,0.9230769276618958,0.7008700966835022
YPL210C,YGR145W,0,-0.8698604,0.11647548526525497,0.9230769276618958,0.7009701132774353
YMR224C,YDR529C,0,-0.8700198,0.11646080017089844,0.9230769276618958,0.7010701298713684
YOR080W,YOL072W,0,-0.8701068,0.1164461225271225,0.9230769276618958,0.7011701464653015
YJL219W,YIL120W,0,-0.8702853,0.11643145233392715,0.9230769276618958,0.7012701034545898
YOL093W,YGR179C,0,-0.87080646,0.11641678214073181,0.9230769276618958,0.701370120048523
YHL028W,YOL052C-A,0,-0.8716489,0.11640211939811707,0.9230769276618958,0.701470136642456
YGL087C,YLR395C,0,-0.87172693,0.11638745665550232,0.9230769276618958,0.7015701532363892
YIR005W,YDL227C,0,-0.8720081,0.11637279391288757,0.9230769276618958,0.7016701698303223
YMR130W,YDR170W-A,0,-0.87255204,0.11635813862085342,0.9230769276618958,0.7017701864242554
YGL170C,YPL240C,0,-0.8727966,0.11634349077939987,0.9230769276618958,0.7018702030181885
YER140W,YPR148C,0,-0.8736927,0.11632884293794632,0.9230769276618958,0.7019702196121216
YHR140W,YJL213W,0,-0.8737307,0.11631420254707336,0.9230769276618958,0.7020702362060547
YOR189W,YLR244C,0,-0.8740437,0.11629956215620041,0.9230769276618958,0.702170193195343
YPR035W,YOL023W,0,-0.87481403,0.11628492176532745,0.9230769276618958,0.7022702097892761
YER140W,YOR069W,0,-0.8750598,0.1162702888250351,0.9230769276618958,0.7023702263832092
YLR425W,YMR166C,0,-0.8751464,0.11625566333532333,0.9230769276618958,0.7024702429771423
YML009C,YDR018C,0,-0.87527514,0.11624103784561157,0.9230769276618958,0.7025702595710754
YBL037W,YDL190C,0,-0.8756143,0.11622641235589981,0.9230769276618958,0.7026702761650085
YER055C,YMR283C,1,-0.8756652,0.11633756756782532,0.9240759015083313,0.7026702761650085
YHL016C,YJR049C,0,-0.8756757,0.11632293462753296,0.9240759015083313,0.7027702927589417
YCR106W,YLR044C,0,-0.875883,0.1163083091378212,0.9240759015083313,0.7028703093528748
YJL197W,YEL044W,0,-0.87680894,0.11629369109869003,0.9240759015083313,0.7029703259468079
YPL121C,YJL026W,0,-0.87686086,0.11627907305955887,0.9240759015083313,0.7030702829360962
YGR145W,YBR301W,0,-0.87699383,0.1162644550204277,0.9240759015083313,0.7031702995300293
YML030W,YPL173W,0,-0.8772496,0.11624984443187714,0.9240759015083313,0.7032703161239624
YOR389W,YCL031C,0,-0.8775472,0.11623523384332657,0.9240759015083313,0.7033703327178955
YCR065W,YNL173C,0,-0.87757736,0.1162206307053566,0.9240759015083313,0.7034703493118286
YJL156C,YHR109W,0,-0.87765527,0.11620602756738663,0.9240759015083313,0.7035703659057617
YKL032C,YFR005C,0,-0.87775105,0.11619143187999725,0.9240759015083313,0.7036703824996948
YPL076W,YNR059W,1,-0.8780877,0.11630243808031082,0.9250749349594116,0.7036703824996948
YLR419W,YDR172W,0,-0.8783488,0.11628783494234085,0.9250749349594116,0.7037703990936279
YDR425W,YLR023C,0,-0.87882125,0.11627323180437088,0.9250749349594116,0.703870415687561
YOR267C,YPR047W,0,-0.87885386,0.11625862866640091,0.9250749349594116,0.7039703726768494
YIL074C,YMR227C,0,-0.8791334,0.11624404042959213,0.9250749349594116,0.7040703892707825
YPR083W,YNL261W,0,-0.879415,0.11622944474220276,0.9250749349594116,0.7041704058647156
YJR025C,YPL259C,0,-0.8799436,0.11621485650539398,0.9250749349594116,0.7042704224586487
YDL216C,YLL019C,0,-0.8802408,0.1162002757191658,0.9250749349594116,0.7043704390525818
YNR018W,YHR044C,0,-0.8803998,0.11618569493293762,0.9250749349594116,0.7044704556465149
YHR005C,YLR054C,0,-0.88053375,0.11617112159729004,0.9250749349594116,0.704570472240448
YNL331C,YHR146W,0,-0.8813728,0.11615654826164246,0.9250749349594116,0.7046704888343811
YER068W,YAL035W,0,-0.88138187,0.11614198237657547,0.9250749349594116,0.7047705054283142
YIL047C,YGR122W,0,-0.8813927,0.11612741649150848,0.9250749349594116,0.7048704624176025
YMR051C,YHR207C,0,-0.8814693,0.1161128506064415,0.9250749349594116,0.7049704790115356
YNL221C,YOR043W,0,-0.88150495,0.11609829217195511,0.9250749349594116,0.7050704956054688
YLR417W,YPL141C,0,-0.88159597,0.11608374118804932,0.9250749349594116,0.7051705121994019
YCL069W,YMR094W,0,-0.88162625,0.11606919020414352,0.9250749349594116,0.705270528793335
YCL057C-A,YJL134W,0,-0.8819558,0.11605464667081833,0.9250749349594116,0.7053705453872681
YNL328C,YDR178W,0,-0.8821734,0.11604010313749313,0.9250749349594116,0.7054705619812012
YPR152C,YGR229C,0,-0.8825877,0.11602555960416794,0.9250749349594116,0.7055705785751343
YLR466W,YOR217W,0,-0.88283736,0.11601102352142334,0.9250749349594116,0.7056705951690674
YLR258W,YJR036C,0,-0.88285244,0.11599649488925934,0.9250749349594116,0.7057705521583557
YAR031W,YMR223W,0,-0.8834601,0.11598196625709534,0.9250749349594116,0.7058705687522888
YDL230W,YGR109W-B,0,-0.8834792,0.11596743762493134,0.9250749349594116,0.7059705853462219
YNL310C,YBR020W,0,-0.8836895,0.11595291644334793,0.9250749349594116,0.706070601940155
YBR182C,YHR149C,0,-0.88370764,0.11593840271234512,0.9250749349594116,0.7061706185340881
YGL206C,YHL019C,0,-0.88411695,0.11592388898134232,0.9250749349594116,0.7062706351280212
YDR168W,YDR196C,0,-0.88421893,0.11590937525033951,0.9250749349594116,0.7063706517219543
YDR415C,YDR081C,0,-0.88481236,0.1158948689699173,0.9250749349594116,0.7064706683158875
YGL073W,YNL068C,0,-0.8849549,0.11588036268949509,0.9250749349594116,0.7065706849098206
YPL146C,YDL220C,0,-0.8853667,0.11586586385965347,0.9250749349594116,0.7066706418991089
YER022W,YCR086W,0,-0.8858662,0.11585137248039246,0.9250749349594116,0.706770658493042
YGR060W,YNR011C,0,-0.8859563,0.11583688110113144,0.9250749349594116,0.7068706750869751
YBR002C,YCR087C-A,0,-0.8862992,0.11582238972187042,0.9250749349594116,0.7069706916809082
YGR134W,YNL243W,0,-0.8865618,0.11580790579319,0.9250749349594116,0.7070707082748413
YGL259W,YNL194C,0,-0.88688844,0.11579342186450958,0.9250749349594116,0.7071707248687744
YML095C,YMR319C,0,-0.88690346,0.11577894538640976,0.9250749349594116,0.7072707414627075
YDR098C-B,YOR201C,0,-0.88712937,0.11576446890830994,0.9250749349594116,0.7073707580566406
YGR032W,YJL225C,0,-0.8872347,0.11574999988079071,0.9250749349594116,0.7074707746505737
YMR311C,YEL064C,0,-0.8878648,0.11573553085327148,0.9250749349594116,0.7075707316398621
YLR010C,YMR115W,0,-0.8881793,0.11572106927633286,0.9250749349594116,0.7076707482337952
YDR495C,YAL019W,0,-0.88821065,0.11570660769939423,0.9250749349594116,0.7077707648277283
YIL124W,YLL018C-A,0,-0.88899666,0.1156921535730362,0.9250749349594116,0.7078707814216614
YOR162C,YER109C,0,-0.88905525,0.11567769944667816,0.9250749349594116,0.7079707980155945
YMR054W,YFL004W,0,-0.8893701,0.11566325277090073,0.9250749349594116,0.7080708146095276
YBR211C,YNL214W,0,-0.8898919,0.11564880609512329,0.9250749349594116,0.7081708312034607
YHR154W,YDR412W,0,-0.8915806,0.11563436686992645,0.9250749349594116,0.7082708477973938
YGR145W,YPR095C,0,-0.89167094,0.11561992764472961,0.9250749349594116,0.7083708643913269
YIL113W,YIL160C,0,-0.8920911,0.11560549587011337,0.9250749349594116,0.7084708213806152
YMR200W,YDR371W,0,-0.89214,0.11559106409549713,0.9250749349594116,0.7085708379745483
YOR388C,YBL029C-A,0,-0.8921879,0.11557663232088089,0.9250749349594116,0.7086708545684814
YFL002W-B,YDL015C,0,-0.89229095,0.11556220799684525,0.9250749349594116,0.7087708711624146
YOR129C,YIL009C-A,0,-0.89229673,0.1155477911233902,0.9250749349594116,0.7088708877563477
YBR222C,YML096W,0,-0.8926358,0.11553337424993515,0.9250749349594116,0.7089709043502808
YPR057W,YML036W,0,-0.89265907,0.1155189648270607,0.9250749349594116,0.7090709209442139
YMR311C,YDL121C,0,-0.8927562,0.11550455540418625,0.9250749349594116,0.709170937538147
YML101C,YDR312W,0,-0.8931798,0.1154901459813118,0.9250749349594116,0.7092709541320801
YCL036W,YKL005C,0,-0.8935822,0.11547574400901794,0.9250749349594116,0.7093709111213684
YGR062C,YHR080C,0,-0.89383245,0.11546134948730469,0.9250749349594116,0.7094709277153015
YBL007C,YMR173W,0,-0.8940873,0.11544695496559143,0.9250749349594116,0.7095709443092346
YBR233W-A,YLR228C,0,-0.8941175,0.11543256044387817,0.9250749349594116,0.7096709609031677
YJR094W-A,YBL030C,0,-0.89419734,0.11541817337274551,0.9250749349594116,0.7097709774971008
YGL161C,YHR073W,0,-0.8942497,0.11540378630161285,0.9250749349594116,0.7098709940910339
YNL159C,YGR047C,0,-0.89436483,0.11538940668106079,0.9250749349594116,0.709971010684967
YDR448W,YDR284C,0,-0.89440966,0.11537503451108932,0.9250749349594116,0.7100710272789001
YPL130W,YGL183C,0,-0.89463335,0.11536065489053726,0.9250749349594116,0.7101710438728333
YEL020W-A,YPL099C,0,-0.8946413,0.11534629017114639,0.9250749349594116,0.7102710008621216
YJR005W,YBR289W,0,-0.8951301,0.11533192545175552,0.9250749349594116,0.7103710174560547
YGL213C,YOR142W-B,0,-0.895351,0.11531756073236465,0.9250749349594116,0.7104710340499878
YIL036W,YNL289W,0,-0.89607966,0.11530320346355438,0.9250749349594116,0.7105710506439209
YML102W,YMR171C,0,-0.8967519,0.11528884619474411,0.9250749349594116,0.710671067237854
YGR194C,YNL142W,0,-0.89717823,0.11527449637651443,0.9250749349594116,0.7107710838317871
YGR252W,YIL095W,0,-0.8975692,0.11526014655828476,0.9250749349594116,0.7108711004257202
YPR122W,YDR389W,0,-0.898334,0.11524579674005508,0.9250749349594116,0.7109711170196533
YOR353C,YLR073C,0,-0.89883804,0.1152314618229866,0.9250749349594116,0.7110711336135864
YNL219C,YPR183W,1,-0.89890385,0.11534154415130615,0.9260739088058472,0.7110711336135864
YOL080C,YMR094W,0,-0.89938015,0.11532719433307648,0.9260739088058472,0.7111710906028748
YOR174W,YPL074W,0,-0.9001245,0.1153128519654274,0.9260739088058472,0.7112711071968079
YGL027C,YOR266W,0,-0.90021056,0.11529850959777832,0.9260739088058472,0.711371123790741
YLR102C,YBR045C,0,-0.9012679,0.11528416723012924,0.9260739088058472,0.7114711403846741
YDR013W,YDR362C,0,-0.90153784,0.11526983231306076,0.9260739088058472,0.7115711569786072
YPL011C,YER014C-A,0,-0.9019854,0.11525550484657288,0.9260739088058472,0.7116711735725403
YER137C-A,YBL037W,0,-0.90248364,0.1152411699295044,0.9260739088058472,0.7117711901664734
YDR530C,YHL008C,0,-0.90273756,0.1152268499135971,0.9260739088058472,0.7118712067604065
YFR045W,YOR123C,0,-0.90281034,0.11521252989768982,0.9260739088058472,0.7119712233543396
YJL109C,YKR002W,0,-0.90312105,0.11519820988178253,0.9260739088058472,0.7120711803436279
YDR233C,YER029C,0,-0.9032393,0.11518389731645584,0.9260739088058472,0.712171196937561
YFL066C,YJR001W,0,-0.90350306,0.11516958475112915,0.9260739088058472,0.7122712135314941
YOL102C,YJR126C,0,-0.90395623,0.11515527963638306,0.9260739088058472,0.7123712301254272
YOR157C,YPL204W,0,-0.9039779,0.11514097452163696,0.9260739088058472,0.7124712467193604
YOR195W,YHR030C,0,-0.90421623,0.11512667685747147,0.9260739088058472,0.7125712633132935
YER001W,YMR306W,1,-0.90434086,0.1152365580201149,0.9270729422569275,0.7125712633132935
YNL317W,YOR129C,0,-0.9051542,0.1152222529053688,0.9270729422569275,0.7126712799072266
YMR039C,YHR014W,0,-0.9053564,0.11520794779062271,0.9270729422569275,0.7127712965011597
YJL219W,YER125W,0,-0.9056973,0.11519364267587662,0.9270729422569275,0.7128713130950928
YER013W,YOL061W,0,-0.9058119,0.11517934501171112,0.9270729422569275,0.7129712700843811
YBL058W,YPL137C,0,-0.9059732,0.11516505479812622,0.9270729422569275,0.7130712866783142
YDR138W,YBR084W,0,-0.906047,0.11515076458454132,0.9270729422569275,0.7131713032722473
YPL235W,YNR072W,0,-0.9060518,0.11513647437095642,0.9270729422569275,0.7132713198661804
YMR297W,YLR430W,0,-0.9071322,0.11512219160795212,0.9270729422569275,0.7133713364601135
YER159C,YOL142W,0,-0.9074561,0.11510791629552841,0.9270729422569275,0.7134713530540466
YDL114W,YBL035C,0,-0.9078414,0.1150936409831047,0.9270729422569275,0.7135713696479797
YGR199W,YPR071W,0,-0.9078783,0.115079365670681,0.9270729422569275,0.7136713862419128
YAL003W,YDR523C,0,-0.90791535,0.11506509780883789,0.9270729422569275,0.713771402835846
YML016C,YNL236W,0,-0.9080183,0.11505082994699478,0.9270729422569275,0.7138713598251343
YMR295C,YER055C,0,-0.9081433,0.11503656953573227,0.9270729422569275,0.7139713764190674
YDR310C,YJL133W,0,-0.9095175,0.11502230912446976,0.9270729422569275,0.7140713930130005
YMR314W,YDR518W,0,-0.9100177,0.11500805616378784,0.9270729422569275,0.7141714096069336
YDR170W-A,YPL159C,0,-0.9100765,0.11499380320310593,0.9270729422569275,0.7142714262008667
YLR404W,YKL110C,0,-0.91063255,0.11497955769300461,0.9270729422569275,0.7143714427947998
YBL047C,YLR086W,0,-0.9112426,0.11496531218290329,0.9270729422569275,0.7144714593887329
YOR174W,YJR025C,0,-0.9113894,0.11495107412338257,0.9270729422569275,0.714571475982666
YDR334W,YER111C,0,-0.9117005,0.11493683606386185,0.9270729422569275,0.7146714925765991
YLR377C,YCL066W,0,-0.9120425,0.11492259800434113,0.9270729422569275,0.7147714495658875
YLR048W,YNL107W,0,-0.91211283,0.114908367395401,0.9270729422569275,0.7148714661598206
YBR254C,YDR219C,0,-0.9126433,0.11489414423704147,0.9270729422569275,0.7149714827537537
YLR039C,YNR018W,0,-0.91310155,0.11487992107868195,0.9270729422569275,0.7150714993476868
YLR078C,YGL063W,0,-0.9131344,0.11486569792032242,0.9270729422569275,0.7151715159416199
YDR205W,YDR281C,0,-0.9131955,0.11485148221254349,0.9270729422569275,0.715271532535553
YHR031C,YBL055C,0,-0.9133358,0.11483727395534515,0.9270729422569275,0.7153715491294861
YPL196W,YGR026W,0,-0.91335785,0.11482306569814682,0.9270729422569275,0.7154715657234192
YJR127C,YGL209W,0,-0.91350245,0.11480885744094849,0.9270729422569275,0.7155715823173523
YIR006C,YNL318C,0,-0.91360974,0.11479465663433075,0.9270729422569275,0.7156715393066406
YER125W,YNL166C,0,-0.91370046,0.11478045582771301,0.9270729422569275,0.7157715559005737
YGR161W-B,YGR281W,0,-0.9146322,0.11476626247167587,0.9270729422569275,0.7158715724945068
YLR419W,YDL008W,0,-0.9146397,0.11475206911563873,0.9270729422569275,0.7159715890884399
YPR008W,YLR028C,0,-0.9146621,0.11473788321018219,0.9270729422569275,0.716071605682373
YNL251C,YIL160C,0,-0.91520154,0.11472369730472565,0.9270729422569275,0.7161716222763062
YHR109W,YBR097W,0,-0.9153319,0.1147095188498497,0.9270729422569275,0.7162716388702393
YNL306W,YOR283W,0,-0.91571546,0.11469534039497375,0.9270729422569275,0.7163716554641724
YDR492W,YER175C,0,-0.91628283,0.1146811693906784,0.9270729422569275,0.7164716720581055
YLL034C,YCR086W,0,-0.91642874,0.11466699838638306,0.9270729422569275,0.7165716290473938
YDR515W,YLL026W,0,-0.91712743,0.11465282738208771,0.9270729422569275,0.7166716456413269
YOL141W,YDR438W,0,-0.91741294,0.11463866382837296,0.9270729422569275,0.71677166223526
YML006C,YBL008W,0,-0.91778076,0.1146245077252388,0.9270729422569275,0.7168716788291931
YNR011C,YKR099W,0,-0.9179587,0.11461035162210464,0.9270729422569275,0.7169716954231262
YDR228C,YDR499W,0,-0.9187914,0.11459619551897049,0.9270729422569275,0.7170717120170593
YER100W,YGR202C,0,-0.91916066,0.11458204686641693,0.9270729422569275,0.7171717286109924
YHL012W,YNR016C,0,-0.9193312,0.11456789821386337,0.9270729422569275,0.7172717452049255
YLR234W,YNL293W,0,-0.91938984,0.11455375701189041,0.9270729422569275,0.7173717617988586
YOR032C,YBL055C,0,-0.9195555,0.11453962326049805,0.9270729422569275,0.717471718788147
YDR166C,YKL005C,0,-0.9199517,0.11452548205852509,0.9270729422569275,0.7175717353820801
YOR076C,YGL151W,0,-0.9199578,0.11451135575771332,0.9270729422569275,0.7176717519760132
YEL040W,YDR207C,0,-0.9201354,0.11449722200632095,0.9270729422569275,0.7177717685699463
YOR151C,YLR333C,0,-0.9201719,0.11448309570550919,0.9270729422569275,0.7178717851638794
YLL029W,YDR296W,0,-0.92018604,0.11446897685527802,0.9270729422569275,0.7179718017578125
YNL304W,YOR383C,0,-0.9203081,0.11445485800504684,0.9270729422569275,0.7180718183517456
YMR035W,YIL107C,0,-0.9206656,0.11444074660539627,0.9270729422569275,0.7181718349456787
YCL034W,YPL221W,0,-0.92145395,0.1144266352057457,0.9270729422569275,0.7182718515396118
YMR065W,YPL006W,0,-0.9216554,0.11441252380609512,0.9270729422569275,0.7183718085289001
YLL004W,YJR132W,0,-0.9226314,0.11439841985702515,0.9270729422569275,0.7184718251228333
YDR482C,YPL017C,0,-0.922737,0.11438432335853577,0.9270729422569275,0.7185718417167664
YDR075W,YER129W,0,-0.92321384,0.11437022686004639,0.9270729422569275,0.7186718583106995
YOR209C,YBR261C,0,-0.9239497,0.114356130361557,0.9270729422569275,0.7187718749046326
YDR167W,YDR098C,0,-0.9239735,0.11434204131364822,0.9270729422569275,0.7188718914985657
YDL033C,YGR268C,0,-0.9245411,0.11432795226573944,0.9270729422569275,0.7189719080924988
YIR012W,YML091C,0,-0.92494035,0.11431387066841125,0.9270729422569275,0.7190719246864319
YJL125C,YDR281C,0,-0.9265816,0.11429978907108307,0.9270729422569275,0.719171941280365
YDR211W,YPL209C,0,-0.9267787,0.11428571492433548,0.9270729422569275,0.7192718982696533
YCL067C,YKL089W,0,-0.9271563,0.11427164077758789,0.9270729422569275,0.7193719148635864
YHR013C,YOL038W,0,-0.92733765,0.1142575740814209,0.9270729422569275,0.7194719314575195
YCR036W,YMR071C,0,-0.92830867,0.1142435073852539,0.9270729422569275,0.7195719480514526
YPL254W,YDR507C,0,-0.92835736,0.11422944068908691,0.9270729422569275,0.7196719646453857
YDR276C,YFR024C,0,-0.92855895,0.11421538144350052,0.9270729422569275,0.7197719812393188
YPR171W,YOL023W,0,-0.92861885,0.11420132964849472,0.9270729422569275,0.719871997833252
YHR215W,YKR055W,0,-0.92893595,0.11418727785348892,0.9270729422569275,0.7199720144271851
YER008C,YPL103C,0,-0.9294107,0.11417322605848312,0.9270729422569275,0.7200720310211182
YKL108W,YGR037C,0,-0.9295461,0.11415918171405792,0.9270729422569275,0.7201719880104065
YLL040C,YGR014W,0,-0.9300283,0.11414514482021332,0.9270729422569275,0.7202720046043396
YER019C-A,YLR020C,0,-0.93020546,0.11413110047578812,0.9270729422569275,0.7203720211982727
YGR082W,YGR030C,0,-0.93037426,0.11411707103252411,0.9270729422569275,0.7204720377922058
YJL102W,YIL088C,0,-0.93045795,0.1141030341386795,0.9270729422569275,0.7205720543861389
YNL128W,YDR007W,0,-0.9307408,0.1140890121459961,0.9270729422569275,0.720672070980072
YBR180W,YNL091W,0,-0.93127465,0.11407498270273209,0.9270729422569275,0.7207720875740051
YNL239W,YDR437W,0,-0.93134767,0.11406096071004868,0.9270729422569275,0.7208721041679382
YLR026C,YLR459W,0,-0.9316548,0.11404694616794586,0.9270729422569275,0.7209721207618713
YDL235C,YPR024W,0,-0.9323137,0.11403293162584305,0.9270729422569275,0.7210720777511597
YOR068C,YDR021W,0,-0.9324872,0.11401892453432083,0.9270729422569275,0.7211720943450928
YLR105C,YHR150W,0,-0.9326236,0.11400491744279861,0.9270729422569275,0.7212721109390259
YCL047C,YMR300C,0,-0.9327367,0.1139909103512764,0.9270729422569275,0.721372127532959
YER137C,YBL024W,0,-0.93290746,0.11397691071033478,0.9270729422569275,0.7214721441268921
YGL190C,YOL071W,0,-0.9330593,0.11396291106939316,0.9270729422569275,0.7215721607208252
YLR192C,YIL026C,0,-0.93366605,0.11394891887903214,0.9270729422569275,0.7216721773147583
YOR260W,YNR047W,0,-0.9337424,0.11393492668867111,0.9270729422569275,0.7217721939086914
YOR336W,YNL158W,1,-0.9339304,0.1140437051653862,0.928071916103363,0.7217721939086914
YMR077C,YLL018C-A,0,-0.9341349,0.11402970552444458,0.928071916103363,0.7218722105026245
YNL054W-A,YPR024W,0,-0.9344386,0.11401570588350296,0.928071916103363,0.7219721674919128
YDR523C,YDR239C,0,-0.9349318,0.11400172114372253,0.928071916103363,0.722072184085846
YKL048C,YLL006W,0,-0.9352646,0.11398772895336151,0.928071916103363,0.722172200679779
YLR083C,YOL045W,0,-0.93550867,0.11397374421358109,0.928071916103363,0.7222722172737122
YHL012W,YDR447C,0,-0.9356197,0.11395976692438126,0.928071916103363,0.7223722338676453
YOR259C,YDR083W,0,-0.935996,0.11394578963518143,0.928071916103363,0.7224722504615784
YAL034W-A,YGL243W,0,-0.9366474,0.1139318123459816,0.928071916103363,0.7225722670555115
YBR196C,YHR005C-A,0,-0.9369397,0.11391784250736237,0.928071916103363,0.7226722836494446
YHR105W,YIL135C,0,-0.93694264,0.11390387266874313,0.928071916103363,0.7227723002433777
YHR037W,YLR227W-B,0,-0.9372424,0.1138899102807045,0.928071916103363,0.7228723168373108
YOL065C,YOL154W,0,-0.9372529,0.11387594789266586,0.928071916103363,0.7229722738265991
YHL028W,YDR059C,0,-0.9373461,0.11386199295520782,0.928071916103363,0.7230722904205322
YJR138W,YGR010W,0,-0.93777,0.11384803801774979,0.928071916103363,0.7231723070144653
YKL210W,YHL040C,0,-0.9380814,0.11383409053087234,0.928071916103363,0.7232723236083984
YML071C,YDL110C,0,-0.93809617,0.1138201430439949,0.928071916103363,0.7233723402023315
YJL081C,YGR171C,0,-0.93851095,0.11380619555711746,0.928071916103363,0.7234723567962646
YAR019C,YGL189C,0,-0.93858963,0.11379225552082062,0.928071916103363,0.7235723733901978
YNL049C,YOL103W-B,0,-0.93865633,0.11377832293510437,0.928071916103363,0.7236723899841309
YAL011W,YPL273W,0,-0.93932664,0.11376439034938812,0.928071916103363,0.723772406578064
YCR106W,YNL189W,0,-0.93933105,0.11375045776367188,0.928071916103363,0.7238723635673523
YDL197C,YOL103W,0,-0.9395089,0.11373653262853622,0.928071916103363,0.7239723801612854
YOL158C,YDR341C,0,-0.9395689,0.11372260749340057,0.928071916103363,0.7240723967552185
YIL124W,YCL027W,0,-0.9396969,0.11370868980884552,0.928071916103363,0.7241724133491516
YHR168W,YKR095W,0,-0.9398052,0.11369477212429047,0.928071916103363,0.7242724299430847
YGL105W,YDR261W-B,0,-0.94013494,0.11368086189031601,0.928071916103363,0.7243724465370178
YOR326W,YGR109W-A,0,-0.9401824,0.11366695165634155,0.928071916103363,0.7244724631309509
YOR279C,YLR141W,0,-0.94019437,0.11365304887294769,0.928071916103363,0.724572479724884
YDR164C,YMR004W,0,-0.94103885,0.11363914608955383,0.928071916103363,0.7246724963188171
YLR277C,YMR234W,0,-0.941272,0.11362524330615997,0.928071916103363,0.7247724533081055
YHR214C-C,YBR130C,0,-0.9414123,0.11361134797334671,0.928071916103363,0.7248724699020386
YBR015C,YGL038C,1,-0.94217175,0.11371973901987076,0.9290709495544434,0.7248724699020386
YGL128C,YLR348C,0,-0.942912,0.1137058287858963,0.9290709495544434,0.7249724864959717
YLR043C,YGL078C,0,-0.943902,0.11369193345308304,0.9290709495544434,0.7250725030899048
YOL108C,YJR034W,0,-0.9441416,0.11367803812026978,0.9290709495544434,0.7251725196838379
YER154W,YDR381W,0,-0.9446347,0.11366414278745651,0.9290709495544434,0.725272536277771
YOR336W,YJR013W,1,-0.94558024,0.113772451877594,0.9300699234008789,0.725272536277771
YDL225W,YFL025C,0,-0.94569516,0.11375855654478073,0.9300699234008789,0.7253725528717041
YOL071W,YHL034C,0,-0.94591475,0.11374465376138687,0.9300699234008789,0.7254725694656372
YLR032W,YOR113W,0,-0.945943,0.11373075842857361,0.9300699234008789,0.7255725860595703
YBL005W-B,YGR109W-B,0,-0.9465695,0.11371687054634094,0.9300699234008789,0.7256725430488586
YJR075W,YPR135W,0,-0.94742036,0.11370298266410828,0.9300699234008789,0.7257725596427917
YPR180W,YNL025C,0,-0.9474278,0.11368909478187561,0.9300699234008789,0.7258725762367249
YNL160W,YLR404W,0,-0.9474662,0.11367521435022354,0.9300699234008789,0.725972592830658
YFR050C,YDR472W,0,-0.9479308,0.11366133391857147,0.9300699234008789,0.7260726094245911
YML042W,YDL109C,0,-0.9484092,0.1136474609375,0.9300699234008789,0.7261726260185242
YLR206W,YJL134W,0,-0.9485961,0.11363358795642853,0.9300699234008789,0.7262726426124573
YDL216C,YPR149W,0,-0.94866455,0.11361972242593765,0.9300699234008789,0.7263726592063904
YOR057W,YGL205W,0,-0.94879407,0.11360585689544678,0.9300699234008789,0.7264726758003235
YNL132W,YDR494W,0,-0.94937855,0.1135919988155365,0.9300699234008789,0.7265726327896118
YLR246W,YDR135C,0,-0.94949275,0.11357814073562622,0.9300699234008789,0.7266726493835449
YJR143C,YOR249C,0,-0.94959056,0.11356428265571594,0.9300699234008789,0.726772665977478
YBR030W,YGL244W,0,-0.9496324,0.11355043202638626,0.9300699234008789,0.7268726825714111
YJL081C,YDR265W,0,-0.9500202,0.11353658884763718,0.9300699234008789,0.7269726991653442
YLR103C,YNL163C,0,-0.951104,0.1135227382183075,0.9300699234008789,0.7270727157592773
YJR094W-A,YER151C,0,-0.9515176,0.11350890249013901,0.9300699234008789,0.7271727323532104
YCL064C,YLR337C,0,-0.95154405,0.11349505931138992,0.9300699234008789,0.7272727489471436
YBR198C,YBR081C,0,-0.9520583,0.11348123103380203,0.9300699234008789,0.7273727655410767
YDR468C,YLR426W,0,-0.95207953,0.11346739530563354,0.9300699234008789,0.727472722530365
YNL199C,YOR037W,0,-0.95211935,0.11345356702804565,0.9300699234008789,0.7275727391242981
YGL219C,YNR020C,0,-0.9522568,0.11343974620103836,0.9300699234008789,0.7276727557182312
YPL210C,YPL098C,0,-0.95278215,0.11342592537403107,0.9300699234008789,0.7277727723121643
YGR155W,YGR161W-B,0,-0.9529024,0.11341211199760437,0.9300699234008789,0.7278727889060974
YIL138C,YKR027W,0,-0.9530419,0.11339829117059708,0.9300699234008789,0.7279728055000305
YLR329W,YDR288W,0,-0.95334804,0.11338448524475098,0.9300699234008789,0.7280728220939636
YCL057C-A,YGR159C,0,-0.9534404,0.11337067931890488,0.9300699234008789,0.7281728386878967
YKR044W,YIL084C,0,-0.9539415,0.11335687339305878,0.9300699234008789,0.7282728552818298
YKR101W,YDR134C,0,-0.9539868,0.11334307491779327,0.9300699234008789,0.7283728122711182
YBL013W,YPL208W,0,-0.9542204,0.11332927644252777,0.9300699234008789,0.7284728288650513
YNL242W,YDR234W,0,-0.95426357,0.11331548541784286,0.9300699234008789,0.7285728454589844
YBR271W,YMR158W,0,-0.9546059,0.11330169439315796,0.9300699234008789,0.7286728620529175
YLR394W,YER100W,0,-0.95530874,0.11328790336847305,0.9300699234008789,0.7287728786468506
YMR264W,YLR154C,0,-0.9563209,0.11327411979436874,0.9300699234008789,0.7288728952407837
YOR265W,YHR070W,0,-0.956359,0.11326034367084503,0.9300699234008789,0.7289729118347168
YJL001W,YOR388C,0,-0.9572027,0.11324656009674072,0.9300699234008789,0.7290729284286499
YPL257W-B,YCL057W,0,-0.95779884,0.11323279142379761,0.9300699234008789,0.729172945022583
YMR005W,YJR119C,0,-0.9591813,0.11321902275085449,0.9300699234008789,0.7292729020118713
YIR015W,YML082W,0,-0.9595046,0.11320525407791138,0.9300699234008789,0.7293729186058044
YML030W,YOR373W,0,-0.95970774,0.11319149285554886,0.9300699234008789,0.7294729351997375
YER109C,YFR041C,0,-0.9609039,0.11317773163318634,0.9300699234008789,0.7295729517936707
YOR357C,YLL029W,0,-0.9611239,0.11316397041082382,0.9300699234008789,0.7296729683876038
YPL038W,YNL258C,0,-0.96138716,0.1131502166390419,0.9300699234008789,0.7297729849815369
YPR169W,YNL065W,0,-0.9617256,0.11313647031784058,0.9300699234008789,0.72987300157547
YJL167W,YNR035C,0,-0.9621332,0.11312272399663925,0.9300699234008789,0.7299730181694031
YKL099C,YPL026C,0,-0.9631139,0.11310897767543793,0.9300699234008789,0.7300730347633362
YNL208W,YBL093C,0,-0.9633803,0.1130952388048172,0.9300699234008789,0.7301729917526245
YNR043W,YMR051C,0,-0.96356976,0.11308149993419647,0.9300699234008789,0.7302730083465576
YNR002C,YOR086C,0,-0.96365196,0.11306776851415634,0.9300699234008789,0.7303730249404907
YJL206C,YGL162W,0,-0.9640145,0.11305403709411621,0.9300699234008789,0.7304730415344238
YNR059W,YEL036C,1,-0.9649619,0.11316172778606415,0.9310689568519592,0.7304730415344238
YDR471W,YBR185C,0,-0.9650941,0.11314798891544342,0.9310689568519592,0.7305730581283569
YGL087C,YPL117C,0,-0.96519876,0.11313425749540329,0.9310689568519592,0.73067307472229
YMR171C,YML005W,0,-0.96541023,0.11312052607536316,0.9310689568519592,0.7307730913162231
YFL002W-A,YOL108C,0,-0.96581745,0.11310679465532303,0.9310689568519592,0.7308731079101562
YDR479C,YOL066C,0,-0.9661704,0.1130930706858635,0.9310689568519592,0.7309731245040894
YLR151C,YOR291W,0,-0.96632916,0.11307934671640396,0.9310689568519592,0.7310730814933777
YDR381C-A,YEL070W,0,-0.967152,0.11306563019752502,0.9310689568519592,0.7311730980873108
YJR108W,YDL008W,0,-0.9673414,0.11305191367864609,0.9310689568519592,0.7312731146812439
YNL167C,YLL067C,0,-0.9688992,0.11303820461034775,0.9310689568519592,0.731373131275177
YCR052W,YER019C-A,0,-0.9693576,0.11302449554204941,0.9310689568519592,0.7314731478691101
YFR019W,YBR022W,0,-0.9694164,0.11301079392433167,0.9310689568519592,0.7315731644630432
YGL025C,YFR024C-A,0,-0.96956456,0.11299709230661392,0.9310689568519592,0.7316731810569763
YBL041W,YPR063C,0,-0.9698932,0.11298339068889618,0.9310689568519592,0.7317731976509094
YNL050C,YDL123W,0,-0.9699065,0.11296969652175903,0.9310689568519592,0.7318732142448425
YOR004W,YJR022W,0,-0.97015226,0.11295600235462189,0.9310689568519592,0.7319731712341309
YMR165C,YMR090W,0,-0.97027785,0.11294231563806534,0.9310689568519592,0.732073187828064
YLR223C,YOL127W,0,-0.97032005,0.11292862892150879,0.9310689568519592,0.7321732044219971
YIL111W,YDR173C,0,-0.97034097,0.11291494965553284,0.9310689568519592,0.7322732210159302
YBR112C,YGR235C,0,-0.9704914,0.11290127038955688,0.9310689568519592,0.7323732376098633
YBR278W,YNL055C,0,-0.9707441,0.11288759857416153,0.9310689568519592,0.7324732542037964
YDL123W,YAL062W,0,-0.97108865,0.11287392675876617,0.9310689568519592,0.7325732707977295
YDR337W,YAL039C,0,-0.97142875,0.11286025494337082,0.9310689568519592,0.7326732873916626
YGR194C,YMR081C,0,-0.9721253,0.11284659057855606,0.9310689568519592,0.7327733039855957
YAL003W,YHL035C,0,-0.97216356,0.1128329262137413,0.9310689568519592,0.732873260974884
YJL140W,YJR028W,0,-0.97221327,0.11281926929950714,0.9310689568519592,0.7329732775688171
YDR228C,YHL026C,0,-0.97242224,0.11280561238527298,0.9310689568519592,0.7330732941627502
YPR148C,YGL174W,0,-0.9727408,0.11279196292161942,0.9310689568519592,0.7331733107566833
YBR222C,YHR036W,0,-0.9731298,0.11277831345796585,0.9310689568519592,0.7332733273506165
YFR003C,YPR002W,0,-0.97319937,0.11276467144489288,0.9310689568519592,0.7333733439445496
YOR129C,YOL142W,0,-0.9740877,0.11275102943181992,0.9310689568519592,0.7334733605384827
YDR200C,YHR194W,0,-0.97431606,0.11273738741874695,0.9310689568519592,0.7335733771324158
YNL175C,YDL189W,0,-0.97441655,0.11272375285625458,0.9310689568519592,0.7336733937263489
YLR237W,YLR411W,0,-0.9745313,0.1127101257443428,0.9310689568519592,0.7337733507156372
YIL018W,YPL167C,0,-0.9750895,0.11269649118185043,0.9310689568519592,0.7338733673095703
YNL242W,YBL026W,0,-0.9752344,0.11268287152051926,0.9310689568519592,0.7339733839035034
YDR375C,YGL155W,0,-0.97567844,0.11266924440860748,0.9310689568519592,0.7340734004974365
YDL130W,YDL077C,0,-0.9759331,0.1126556247472763,0.9310689568519592,0.7341734170913696
YGL240W,YFR007W,0,-0.9761884,0.11264201253652573,0.9310689568519592,0.7342734336853027
YGR244C,YJR034W,0,-0.9765132,0.11262840032577515,0.9310689568519592,0.7343734502792358
YLR265C,YMR168C,0,-0.97671884,0.11261478811502457,0.9310689568519592,0.734473466873169
YGR218W,YER029C,0,-0.9768217,0.11260118335485458,0.9310689568519592,0.734573483467102
YPL157W,YNL054W,0,-0.9768701,0.1125875785946846,0.9310689568519592,0.7346734404563904
YBR061C,YPR158W-B,0,-0.9768959,0.11257398128509521,0.9310689568519592,0.7347734570503235
YCL036W,YOL151W,0,-0.97691464,0.11256038397550583,0.9310689568519592,0.7348734736442566
YDR376W,YPL127C,0,-0.9770199,0.11254679411649704,0.9310689568519592,0.7349734902381897
YPL127C,YMR115W,0,-0.97718763,0.11253320425748825,0.9310689568519592,0.7350735068321228
YPL175W,YMR304W,0,-0.9772191,0.11251962184906006,0.9310689568519592,0.7351735234260559
YDR261C-D,YJL103C,0,-0.97747564,0.11250603944063187,0.9310689568519592,0.735273540019989
YMR194W,YEL016C,0,-0.97793967,0.11249245703220367,0.9310689568519592,0.7353735566139221
YHR047C,YOR275C,0,-0.97821873,0.11247888207435608,0.9310689568519592,0.7354735732078552
YAR035W,YNR041C,0,-0.97928953,0.11246530711650848,0.9310689568519592,0.7355735301971436
YEL006W,YLR005W,0,-0.98031735,0.11245173960924149,0.9310689568519592,0.7356735467910767
YJL106W,YOR008C,0,-0.98034316,0.11243817210197449,0.9310689568519592,0.7357735633850098
YHR164C,YGL059W,0,-0.98083305,0.11242460459470749,0.9310689568519592,0.7358735799789429
YGL058W,YLR382C,0,-0.98109984,0.11241104453802109,0.9310689568519592,0.735973596572876
YDR479C,YMR203W,0,-0.9812192,0.11239749193191528,0.9310689568519592,0.7360736131668091
YBR046C,YNR028W,0,-0.9812933,0.11238393932580948,0.9310689568519592,0.7361736297607422
YGR212W,YBR091C,0,-0.98198986,0.11237038671970367,0.9310689568519592,0.7362736463546753
YAL034W-A,YGL051W,0,-0.9820585,0.11235684156417847,0.9310689568519592,0.7363736629486084
YDL115C,YDR059C,0,-0.98218167,0.11234329640865326,0.9310689568519592,0.7364736199378967
YKL024C,YOR182C,0,-0.98239106,0.11232975870370865,0.9310689568519592,0.7365736365318298
YLR005W,YDR424C,0,-0.9826105,0.11231622099876404,0.9310689568519592,0.7366736531257629
YOL100W,YJL225C,0,-0.983232,0.11230269074440002,0.9310689568519592,0.736773669719696
YER083C,YGR027W-B,0,-0.98339236,0.11228915303945541,0.9310689568519592,0.7368736863136292
YLR342W,YIL085C,1,-0.98389244,0.11239609867334366,0.9320679306983948,0.7368736863136292
YGR094W,YKL062W,0,-0.983926,0.11238256096839905,0.9320679306983948,0.7369737029075623
YMR303C,YDL085W,0,-0.9842873,0.11236902326345444,0.9320679306983948,0.7370737195014954
YNR045W,YPR198W,0,-0.98451746,0.11235549300909042,0.9320679306983948,0.7371737360954285
YOR192C,YGL141W,0,-0.9848448,0.11234196275472641,0.9320679306983948,0.7372737526893616
YNR004W,YHR009C,0,-0.9853884,0.112328439950943,0.9320679306983948,0.7373737096786499
YHR031C,YCL063W,0,-0.98569024,0.11231491714715958,0.9320679306983948,0.737473726272583
YPR019W,YHL040C,0,-0.98579174,0.11230139434337616,0.9320679306983948,0.7375737428665161
YER005W,YPL059W,0,-0.9871287,0.11228787899017334,0.9320679306983948,0.7376737594604492
YGL233W,YOR372C,0,-0.9872396,0.11227437108755112,0.9320679306983948,0.7377737760543823
YDR285W,YBR296C,0,-0.98786783,0.1122608557343483,0.9320679306983948,0.7378737926483154
YOR283W,YGL111W,0,-0.98804224,0.11224735528230667,0.9320679306983948,0.7379738092422485
YBR213W,YIL133C,0,-0.9888151,0.11223384737968445,0.9320679306983948,0.7380738258361816
YPR158W-B,YOR182C,0,-0.98918724,0.11222035437822342,0.9320679306983948,0.7381738424301147
YPR158W-B,YDR398W,0,-0.9892531,0.1122068539261818,0.9320679306983948,0.7382737994194031
YDR393W,YOR383C,0,-0.9902648,0.11219336092472076,0.9320679306983948,0.7383738160133362
YBR240C,YPL074W,0,-0.9905301,0.11217987537384033,0.9320679306983948,0.7384738326072693
YNL061W,YDR260C,0,-0.9906509,0.1121663898229599,0.9320679306983948,0.7385738492012024
YMR201C,YGR026W,0,-0.99066716,0.11215290427207947,0.9320679306983948,0.7386738657951355
YBR125C,YCL016C,0,-0.9906942,0.11213942617177963,0.9320679306983948,0.7387738823890686
YDR437W,YOR099W,1,-0.9912075,0.11224612593650818,0.9330669045448303,0.7387738823890686
YIL070C,YOR206W,0,-0.99243957,0.11223263293504715,0.9330669045448303,0.7388738989830017
YJL057C,YLR141W,0,-0.9924485,0.11221915483474731,0.9330669045448303,0.7389739155769348
YPL127C,YER109C,0,-0.9925448,0.11220566928386688,0.9330669045448303,0.7390739321708679
YGL119W,YGL147C,0,-0.99259615,0.11219219118356705,0.9330669045448303,0.7391738891601562
YMR296C,YEL044W,0,-0.9927909,0.11217872053384781,0.9330669045448303,0.7392739057540894
YLR370C,YIL106W,0,-0.99309427,0.11216524243354797,0.9330669045448303,0.7393739223480225
YBL007C,YBR091C,0,-0.9931032,0.11215177923440933,0.9330669045448303,0.7394739389419556
YOL026C,YGR129W,0,-0.99364036,0.1121383085846901,0.9330669045448303,0.7395739555358887
YPL200W,YOL101C,0,-0.9939337,0.11212485283613205,0.9330669045448303,0.7396739721298218
YBR251W,YKR014C,0,-0.99395,0.11211138963699341,0.9330669045448303,0.7397739887237549
YHR057C,YJR004C,0,-0.9942259,0.11209793388843536,0.9330669045448303,0.739874005317688
YJL165C,YGR292W,0,-0.99457747,0.11208448559045792,0.9330669045448303,0.7399740219116211
YCL027W,YHL012W,0,-0.99460787,0.11207103729248047,0.9330669045448303,0.7400739789009094
YPL202C,YDR448W,0,-0.9946478,0.11205758899450302,0.9330669045448303,0.7401739954948425
YOR018W,YCR098C,0,-0.9949587,0.11204414814710617,0.9330669045448303,0.7402740120887756
YMR261C,YGL038C,1,-0.9954048,0.1121506541967392,0.9340659379959106,0.7402740120887756
YMR226C,YHR002W,0,-0.99552464,0.11213720589876175,0.9340659379959106,0.7403740286827087
YMR005W,YJR120W,0,-0.99554455,0.1121237576007843,0.9340659379959106,0.7404740452766418
YDR222W,YNL258C,0,-0.99622655,0.11211030930280685,0.9340659379959106,0.740574061870575
YPR060C,YFR037C,0,-0.9964873,0.11209686845541,0.9340659379959106,0.7406740784645081
YML051W,YDL076C,0,-0.9973238,0.11208343505859375,0.9340659379959106,0.7407740950584412
YOL080C,YKL132C,0,-0.9973402,0.1120700016617775,0.9340659379959106,0.7408741116523743
YKR079C,YOL070C,0,-0.9988936,0.11205656826496124,0.9340659379959106,0.7409740686416626
YLR295C,YDL121C,0,-0.9988976,0.11204314231872559,0.9340659379959106,0.7410740852355957
YKR034W,YNL091W,0,-0.9991511,0.11202971637248993,0.9340659379959106,0.7411741018295288
YGL142C,YOR384W,0,-0.9996709,0.11201629042625427,0.9340659379959106,0.7412741184234619
YEL020W-A,YGL116W,0,-0.99974763,0.11200287193059921,0.9340659379959106,0.741374135017395
YPR108W,YPL258C,0,-0.9998557,0.11198946088552475,0.9340659379959106,0.7414741516113281
YER161C,YDR359C,0,-0.99986374,0.11197604984045029,0.9340659379959106,0.7415741682052612
YKL156W,YNL068C,0,-1.0001738,0.11196263879537582,0.9340659379959106,0.7416741847991943
YJL012C,YJL062W-A,0,-1.0007374,0.11194923520088196,0.9340659379959106,0.7417742013931274
YBR036C,YER046W,0,-1.0010272,0.11193583160638809,0.9340659379959106,0.7418741583824158
YCL067C,YIL062C,0,-1.0011003,0.11192243546247482,0.9340659379959106,0.7419741749763489
YEL012W,YHR146W,0,-1.0013609,0.11190903931856155,0.9340659379959106,0.742074191570282
YMR281W,YCR094W,0,-1.0013688,0.11189564317464828,0.9340659379959106,0.7421742081642151
YNR004W,YGR047C,0,-1.0016167,0.11188225448131561,0.9340659379959106,0.7422742247581482
YKL045W,YGR202C,0,-1.0016286,0.11186886578798294,0.9340659379959106,0.7423742413520813
YNL231C,YMR025W,0,-1.0016685,0.11185548454523087,0.9340659379959106,0.7424742579460144
YGR225W,YGL251C,0,-1.0020485,0.11184210330247879,0.9340659379959106,0.7425742745399475
YMR139W,YIL080W,0,-1.0021707,0.11182872951030731,0.9340659379959106,0.7426742911338806
YDR492W,YML101C,0,-1.0025325,0.11181535571813583,0.9340659379959106,0.742774248123169
YCL066W,YPR196W,0,-1.0028864,0.11180198192596436,0.9340659379959106,0.742874264717102
YNL073W,YMR094W,0,-1.0032426,0.11178861558437347,0.9340659379959106,0.7429742813110352
YDR004W,YLL040C,0,-1.0034504,0.11177525669336319,0.9340659379959106,0.7430742979049683
YFL037W,YCL075W,0,-1.0037018,0.11176189035177231,0.9340659379959106,0.7431743144989014
YAL028W,YOL165C,0,-1.003806,0.11174853891134262,0.9340659379959106,0.7432743310928345
YGR191W,YPL042C,0,-1.0048681,0.11173518002033234,0.9340659379959106,0.7433743476867676
YHR114W,YOL023W,0,-1.0053267,0.11172182857990265,0.9340659379959106,0.7434743642807007
YOL105C,YKL090W,0,-1.0054793,0.11170848459005356,0.9340659379959106,0.7435743808746338
YBR036C,YDL170W,0,-1.0057771,0.11169514060020447,0.9340659379959106,0.7436743378639221
YBL023C,YBR208C,0,-1.0066723,0.11168179661035538,0.9340659379959106,0.7437743544578552
YJL019W,YDR395W,0,-1.0071697,0.11166846007108688,0.9340659379959106,0.7438743710517883
YLR410W-B,YGR010W,0,-1.007798,0.11165512353181839,0.9340659379959106,0.7439743876457214
YNR019W,YER190W,0,-1.0079451,0.1116417944431305,0.9340659379959106,0.7440744042396545
YPL058C,YNL311C,0,-1.0081829,0.1116284653544426,0.9340659379959106,0.7441744208335876
YLR364W,YKR049C,0,-1.0083911,0.1116151362657547,0.9340659379959106,0.7442744374275208
YGR283C,YPL193W,0,-1.0084178,0.1116018146276474,0.9340659379959106,0.7443744540214539
YPL123C,YHR114W,0,-1.0084344,0.1115884929895401,0.9340659379959106,0.744474470615387
YLL043W,YNL065W,0,-1.0085509,0.1115751788020134,0.9340659379959106,0.7445744872093201
YML096W,YNL214W,0,-1.0090523,0.1115618646144867,0.9340659379959106,0.7446744441986084
YMR313C,YDR406W,0,-1.0093716,0.11154855787754059,0.9340659379959106,0.7447744607925415
YBR059C,YFL002W-A,0,-1.0094051,0.11153525114059448,0.9340659379959106,0.7448744773864746
YML129C,YBL037W,0,-1.0095427,0.11152194440364838,0.9340659379959106,0.7449744939804077
YBR278W,YIL108W,0,-1.0097684,0.11150864511728287,0.9340659379959106,0.7450745105743408
YPR026W,YGR134W,0,-1.0099146,0.11149534583091736,0.9340659379959106,0.7451745271682739
YNR053C,YPR180W,0,-1.0100636,0.11148205399513245,0.9340659379959106,0.745274543762207
YHR118C,YER173W,0,-1.0107613,0.11146876215934753,0.9340659379959106,0.7453745603561401
YDR289C,YLR312W-A,0,-1.011101,0.11145547777414322,0.9340659379959106,0.7454745769500732
YBL014C,YMR035W,0,-1.01119,0.1114421933889389,0.9340659379959106,0.7455745339393616
YAL034W-A,YPL214C,0,-1.0111954,0.11142890900373459,0.9340659379959106,0.7456745505332947
YPR034W,YBR022W,0,-1.0114167,0.11141563206911087,0.9340659379959106,0.7457745671272278
YOR272W,YMR061W,0,-1.0114293,0.11140236258506775,0.9340659379959106,0.7458745837211609
YKL062W,YBR257W,0,-1.011601,0.11138908565044403,0.9340659379959106,0.745974600315094
YNR045W,YJL073W,0,-1.01292,0.11137581616640091,0.9340659379959106,0.7460746169090271
YCR014C,YBR141C,0,-1.0129696,0.11136255413293839,0.9340659379959106,0.7461746335029602
YJR151C,YGL209W,0,-1.013143,0.11134929209947586,0.9340659379959106,0.7462746500968933
YLR129W,YJL127C,0,-1.014069,0.11133603006601334,0.9340659379959106,0.7463746666908264
YGR047C,YPL083C,0,-1.0140703,0.11132277548313141,0.9340659379959106,0.7464746236801147
YJR070C,YKR104W,0,-1.0143437,0.11130952090024948,0.9340659379959106,0.7465746402740479
YKR075C,YDR190C,0,-1.014585,0.11129627376794815,0.9340659379959106,0.746674656867981
YLL011W,YNR057C,0,-1.0145977,0.11128302663564682,0.9340659379959106,0.7467746734619141
YBL058W,YBR233W-A,0,-1.0148805,0.11126978695392609,0.9340659379959106,0.7468746900558472
YJL124C,YGL206C,0,-1.015039,0.11125654727220535,0.9340659379959106,0.7469747066497803
YMR128W,YLR357W,0,-1.015101,0.11124330759048462,0.9340659379959106,0.7470747232437134
YKL069W,YOR009W,0,-1.0152316,0.11123007535934448,0.9340659379959106,0.7471747398376465
YLR086W,YHR086W,0,-1.0152895,0.11121684312820435,0.9340659379959106,0.7472747564315796
YPL116W,YGR070W,0,-1.0159551,0.1112036183476448,0.9340659379959106,0.7473747134208679
YPR108W,YLR385C,0,-1.0165454,0.11119039356708527,0.9340659379959106,0.747474730014801
YLR373C,YBR182C,0,-1.0168712,0.11117716878652573,0.9340659379959106,0.7475747466087341
YMR043W,YDL017W,0,-1.0172367,0.11116395145654678,0.9340659379959106,0.7476747632026672
YOR192C-A,YPL262W,0,-1.018331,0.11115073412656784,0.9340659379959106,0.7477747797966003
YGL076C,YGR161W-B,0,-1.0184674,0.1111375242471695,0.9340659379959106,0.7478747963905334
YBL038W,YOL136C,0,-1.0185218,0.11112431436777115,0.9340659379959106,0.7479748129844666
YDR210C-D,YNR067C,0,-1.0185847,0.1111111119389534,0.9340659379959106,0.7480748295783997
YDR440W,YOR337W,0,-1.0189103,0.11109790951013565,0.9340659379959106,0.7481748461723328
YBR024W,YHL028W,0,-1.0189685,0.1110847070813179,0.9340659379959106,0.7482748031616211
YDR268W,YIL005W,0,-1.0197842,0.11107151210308075,0.9340659379959106,0.7483748197555542
YDR381C-A,YKR036C,0,-1.0199575,0.1110583171248436,0.9340659379959106,0.7484748363494873
YBL013W,YML081W,0,-1.020475,0.11104512959718704,0.9340659379959106,0.7485748529434204
YPL231W,YPL068C,0,-1.0207443,0.11103194206953049,0.9340659379959106,0.7486748695373535
YGR281W,YGR027W-B,0,-1.020877,0.11101876199245453,0.9340659379959106,0.7487748861312866
YGL065C,YKL004W,1,-1.0211864,0.11112429946660995,0.9350649118423462,0.7487748861312866
YNL199C,YER190W,0,-1.0215524,0.1111111119389534,0.9350649118423462,0.7488749027252197
YLR327C,YLR037C,0,-1.021825,0.11109792441129684,0.9350649118423462,0.7489749193191528
YDL078C,YIR006C,0,-1.0218469,0.11108473688364029,0.9350649118423462,0.7490749359130859
YNL133C,YLR239C,0,-1.0223385,0.11107155680656433,0.9350649118423462,0.7491748929023743
YNL133C,YBL055C,0,-1.0224657,0.11105837672948837,0.9350649118423462,0.7492749094963074
YJR059W,YGL259W,0,-1.0225384,0.11104520410299301,0.9350649118423462,0.7493749260902405
YHR169W,YDL114W,0,-1.0231304,0.11103203147649765,0.9350649118423462,0.7494749426841736
YGL127C,YNL026W,0,-1.023787,0.11101885885000229,0.9350649118423462,0.7495749592781067
YGL139W,YOR113W,0,-1.0243362,0.11100569367408752,0.9350649118423462,0.7496749758720398
YHR058C,YHR170W,0,-1.0246549,0.11099252849817276,0.9350649118423462,0.7497749924659729
YOR233W,YGR235C,0,-1.0248516,0.11097937077283859,0.9350649118423462,0.749875009059906
YPL200W,YGL142C,0,-1.0249217,0.11096621304750443,0.9350649118423462,0.7499750256538391
YBL068W,YKL007W,0,-1.0249316,0.11095305532217026,0.9350649118423462,0.7500749826431274
YKL190W,YML080W,0,-1.0252074,0.11093990504741669,0.9350649118423462,0.7501749992370605
YBL028C,YOL105C,0,-1.0254846,0.11092676222324371,0.9350649118423462,0.7502750158309937
YGR134W,YJR119C,0,-1.0265455,0.11091361194849014,0.9350649118423462,0.7503750324249268
YKR100C,YHR006W,0,-1.0269127,0.11090047657489777,0.9350649118423462,0.7504750490188599
YMR225C,YNL180C,0,-1.0272284,0.11088733375072479,0.9350649118423462,0.750575065612793
YCL032W,YNR037C,0,-1.0272436,0.11087419837713242,0.9350649118423462,0.7506750822067261
YNL102W,YFL013C,0,-1.0274127,0.11086107045412064,0.9350649118423462,0.7507750988006592
YDR407C,YPL011C,0,-1.027699,0.11084794253110886,0.9350649118423462,0.7508751153945923
YJL044C,YOR086C,0,-1.0279908,0.11083481460809708,0.9350649118423462,0.7509750723838806
YKL060C,YJL153C,0,-1.0282382,0.1108216941356659,0.9350649118423462,0.7510750889778137
YDR040C,YNL263C,0,-1.0283664,0.11080857366323471,0.9350649118423462,0.7511751055717468
YMR070W,YDR234W,0,-1.0293716,0.11079545319080353,0.9350649118423462,0.7512751221656799
YDR067C,YER088C,0,-1.0294785,0.11078234016895294,0.9350649118423462,0.751375138759613
YGR047C,YLR288C,0,-1.0295128,0.11076922714710236,0.9350649118423462,0.7514751553535461
YLR425W,YNL059C,0,-1.0296178,0.11075612157583237,0.9350649118423462,0.7515751719474792
YJR082C,YDR532C,0,-1.0303448,0.11074301600456238,0.9350649118423462,0.7516751885414124
YFL011W,YLR410W-B,0,-1.0312536,0.11072991788387299,0.9350649118423462,0.7517752051353455
YDR103W,YGR134W,0,-1.0313259,0.1107168197631836,0.9350649118423462,0.7518751621246338
YMR145C,YPR158W-B,0,-1.0314362,0.1107037290930748,0.9350649118423462,0.7519751787185669
YLR183C,YHR111W,0,-1.0318224,0.1106906309723854,0.9350649118423462,0.7520751953125
YLR427W,YOR237W,0,-1.0319548,0.11067754775285721,0.9350649118423462,0.7521752119064331
YBR198C,YGL060W,0,-1.0327764,0.11066445708274841,0.9350649118423462,0.7522752285003662
YKL154W,YCR054C,0,-1.0336453,0.11065137386322021,0.9350649118423462,0.7523752450942993
YPL176C,YLR356W,0,-1.03371,0.11063829809427261,0.9350649118423462,0.7524752616882324
YML041C,YML049C,0,-1.0339913,0.11062522232532501,0.9350649118423462,0.7525752782821655
YER162C,YGL192W,0,-1.0340617,0.11061214655637741,0.9350649118423462,0.7526752948760986
YPL038W,YGR258C,0,-1.0346547,0.1105990782380104,0.9350649118423462,0.752775251865387
YGR071C,YML107C,0,-1.0348833,0.1105860099196434,0.9350649118423462,0.7528752684593201
YDR527W,YOR330C,0,-1.0353136,0.110572949051857,0.9350649118423462,0.7529752850532532
YLR460C,YMR081C,0,-1.0358913,0.11055988818407059,0.9350649118423462,0.7530753016471863
YKL200C,YNL045W,0,-1.0360177,0.11054682731628418,0.9350649118423462,0.7531753182411194
YDR434W,YDL085W,0,-1.0363138,0.11053377389907837,0.9350649118423462,0.7532753348350525
YGR154C,YOR193W,0,-1.0363563,0.11052072048187256,0.9350649118423462,0.7533753514289856
YJL208C,YIR011C,0,-1.0369605,0.11050767451524734,0.9350649118423462,0.7534753680229187
YJL156C,YLR005W,0,-1.0372083,0.11049462854862213,0.9350649118423462,0.7535753846168518
YMR043W,YJR134C,0,-1.0372505,0.11048159003257751,0.9350649118423462,0.7536753416061401
YPL149W,YFR047C,0,-1.0380572,0.1104685440659523,0.9350649118423462,0.7537753582000732
YDR418W,YDR093W,0,-1.0380723,0.11045551300048828,0.9350649118423462,0.7538753747940063
YGR246C,YDR088C,0,-1.0385847,0.11044247448444366,0.9350649118423462,0.7539753913879395
YPL001W,YDL098C,0,-1.0392475,0.11042945086956024,0.9350649118423462,0.7540754079818726
YKL194C,YNL288W,0,-1.0394442,0.11041641980409622,0.9350649118423462,0.7541754245758057
YDR412W,YPR086W,0,-1.0396388,0.1104033961892128,0.9350649118423462,0.7542754411697388
YAR007C,YDR416W,0,-1.039696,0.11039037257432938,0.9350649118423462,0.7543754577636719
YBR061C,YMR042W,0,-1.0402834,0.11037735641002655,0.9350649118423462,0.754475474357605
YEL021W,YDR261W-B,0,-1.0412842,0.11036434024572372,0.9350649118423462,0.7545754313468933
YPL173W,YJL008C,0,-1.0420288,0.1103513315320015,0.9350649118423462,0.7546754479408264
YDR080W,YPL138C,0,-1.0439961,0.11033832281827927,0.9350649118423462,0.7547754645347595
YGR217W,YHL015W,0,-1.0450106,0.11032532155513763,0.9350649118423462,0.7548754811286926
YFR036W,YIL128W,0,-1.0451773,0.1103123128414154,0.9350649118423462,0.7549754977226257
YDR248C,YOL108C,0,-1.04573,0.11029931902885437,0.9350649118423462,0.7550755143165588
YMR177W,YGL244W,0,-1.0457361,0.11028631776571274,0.9350649118423462,0.7551755309104919
YLR417W,YKL007W,0,-1.0458328,0.1102733239531517,0.9350649118423462,0.755275547504425
YOR126C,YMR217W,0,-1.0465662,0.11026033759117126,0.9350649118423462,0.7553755640983582
YDR478W,YLR093C,0,-1.0475628,0.11024735122919083,0.9350649118423462,0.7554755210876465
YGL046W,YPL209C,0,-1.0476559,0.11023436486721039,0.9350649118423462,0.7555755376815796
YEL048C,YPL137C,0,-1.04813,0.11022138595581055,0.9350649118423462,0.7556755542755127
YPL169C,YGL063W,0,-1.0484328,0.1102084070444107,0.9350649118423462,0.7557755708694458
YNL091W,YNL129W,0,-1.0486115,0.11019543558359146,0.9350649118423462,0.7558755874633789
YPR173C,YPL120W,0,-1.0493149,0.11018245667219162,0.9350649118423462,0.755975604057312
YGR295C,YGL050W,0,-1.0508708,0.11016949266195297,0.9350649118423462,0.7560756206512451
YJL106W,YJL004C,0,-1.052091,0.11015652865171432,0.9350649118423462,0.7561756372451782
YBL020W,YLR318W,0,-1.052157,0.11014356464147568,0.9350649118423462,0.7562756538391113
YIR002C,YOR086C,0,-1.052415,0.11013060063123703,0.9350649118423462,0.7563756108283997
YDR523C,YOL054W,0,-1.0530597,0.11011764407157898,0.9350649118423462,0.7564756274223328
YOR189W,YBR026C,0,-1.0534976,0.11010469496250153,0.9350649118423462,0.7565756440162659
YLR333C,YPL257W-A,0,-1.0538375,0.11009174585342407,0.9350649118423462,0.756675660610199
YOR292C,YLR361C,0,-1.0539081,0.11007879674434662,0.9350649118423462,0.7567756772041321
YML125C,YNR067C,0,-1.0541115,0.11006585508584976,0.9350649118423462,0.7568756937980652
YGL105W,YDL138W,0,-1.0541551,0.1100529134273529,0.9350649118423462,0.7569757103919983
YKR020W,YMR213W,0,-1.054261,0.11003997176885605,0.9350649118423462,0.7570757269859314
YPL271W,YER098W,0,-1.0546513,0.11002703756093979,0.9350649118423462,0.7571757435798645
YOR195W,YFR013W,0,-1.0548236,0.11001410335302353,0.9350649118423462,0.7572757005691528
YJL197W,YER050C,0,-1.055712,0.11000117659568787,0.9350649118423462,0.7573757171630859
YOR315W,YBR275C,0,-1.0560038,0.1099882498383522,0.9350649118423462,0.757475733757019
YDL171C,YMR316W,0,-1.0560105,0.10997532308101654,0.9350649118423462,0.7575757503509521
YPR168W,YOR057W,0,-1.0564069,0.10996240377426147,0.9350649118423462,0.7576757669448853
YER161C,YEL016C,0,-1.0565464,0.109949491918087,0.9350649118423462,0.7577757835388184
YBR070C,YGR227W,1,-1.0566516,0.11005403101444244,0.9360639452934265,0.7577757835388184
YFR029W,YKL203C,0,-1.056675,0.11004110425710678,0.9360639452934265,0.7578758001327515
YPR188C,YGR078C,0,-1.056827,0.11002818495035172,0.9360639452934265,0.7579758167266846
YOL043C,YBR107C,0,-1.0573993,0.11001526564359665,0.9360639452934265,0.7580758333206177
YOR343W-B,YDR369C,0,-1.0575092,0.11000234633684158,0.9360639452934265,0.758175790309906
YBR193C,YNL182C,0,-1.0575529,0.10998943448066711,0.9360639452934265,0.7582758069038391
YBR161W,YGL047W,1,-1.0576121,0.11009389907121658,0.9370629191398621,0.7582758069038391
YPL156C,YLR417W,0,-1.0576751,0.11008097976446152,0.9370629191398621,0.7583758234977722
YBR095C,YKL179C,0,-1.057714,0.11006806045770645,0.9370629191398621,0.7584758400917053
YPR182W,YER087C-B,0,-1.0579683,0.11005514860153198,0.9370629191398621,0.7585758566856384
YKL096W-A,YDR407C,0,-1.0587544,0.11004223674535751,0.9370629191398621,0.7586758732795715
YOL132W,YDR210W-B,0,-1.0587763,0.11002932488918304,0.9370629191398621,0.7587758898735046
YKR031C,YOR381W,0,-1.0592577,0.11001642048358917,0.9370629191398621,0.7588759064674377
YHR138C,YDR520C,0,-1.0598001,0.1100035160779953,0.9370629191398621,0.7589759230613708
YHL006C,YJR102C,0,-1.0600357,0.10999061912298203,0.9370629191398621,0.7590758800506592
YGR058W,YOR337W,0,-1.0605636,0.10997772216796875,0.9370629191398621,0.7591758966445923
YPR057W,YEL015W,0,-1.0605807,0.10996483266353607,0.9370629191398621,0.7592759132385254
YBR112C,YOR272W,0,-1.0606029,0.1099519431591034,0.9370629191398621,0.7593759298324585
YBR230C,YMR118C,0,-1.0609449,0.10993905365467072,0.9370629191398621,0.7594759464263916
YHL044W,YCL057C-A,0,-1.0617459,0.10992617160081863,0.9370629191398621,0.7595759630203247
YDR393W,YGR109W-B,0,-1.061803,0.10991328954696655,0.9370629191398621,0.7596759796142578
YLR276C,YDR207C,0,-1.0620522,0.10990040749311447,0.9370629191398621,0.7597759962081909
YPR154W,YLR411W,0,-1.0624266,0.10988753288984299,0.9370629191398621,0.759876012802124
YKL093W,YPR026W,0,-1.0630829,0.1098746657371521,0.9370629191398621,0.7599759697914124
YER137C-A,YDR004W,0,-1.0631725,0.10986179113388062,0.9370629191398621,0.7600759863853455
YGL229C,YIL172C,0,-1.0632591,0.10984893143177032,0.9370629191398621,0.7601760029792786
YOL103W-B,YDR259C,0,-1.0635879,0.10983606427907944,0.9370629191398621,0.7602760195732117
YLR142W,YMR272C,0,-1.0638721,0.10982320457696915,0.9370629191398621,0.7603760361671448
YMR099C,YGR037C,0,-1.0638783,0.10981035232543945,0.9370629191398621,0.7604760527610779
YBR160W,YGR241C,0,-1.0639648,0.10979749262332916,0.9370629191398621,0.760576069355011
YLL022C,YOR313C,0,-1.0639772,0.10978464782238007,0.9370629191398621,0.7606760859489441
YGL194C,YPR186C,0,-1.0640866,0.10977179557085037,0.9370629191398621,0.7607761025428772
YDL232W,YML022W,1,-1.0643991,0.10987596213817596,0.9380619525909424,0.7607761025428772
YCR035C,YCL069W,0,-1.0650305,0.10986310988664627,0.9380619525909424,0.7608760595321655
YGR109W-B,YCR054C,0,-1.0654012,0.10985025763511658,0.9380619525909424,0.7609760761260986
YDL211C,YKR020W,0,-1.0656989,0.10983740538358688,0.9380619525909424,0.7610760927200317
YJL140W,YIL072W,0,-1.0658875,0.10982456058263779,0.9380619525909424,0.7611761093139648
YGL107C,YBR084W,0,-1.066404,0.10981171578168869,0.9380619525909424,0.761276125907898
YML040W,YJL013C,0,-1.0667682,0.10979887843132019,0.9380619525909424,0.761376142501831
YBR033W,YDR482C,0,-1.0668224,0.10978604108095169,0.9380619525909424,0.7614761590957642
YDR473C,YJL129C,0,-1.0669363,0.10977320373058319,0.9380619525909424,0.7615761756896973
YPR091C,YDR379W,0,-1.0670024,0.10976037383079529,0.9380619525909424,0.7616761922836304
YPL138C,YJR120W,0,-1.0670416,0.10974754393100739,0.9380619525909424,0.7617761492729187
YBR301W,YDR406W,0,-1.067142,0.10973472148180008,0.9380619525909424,0.7618761658668518
YMR034C,YGL211W,0,-1.0677421,0.10972189903259277,0.9380619525909424,0.7619761824607849
YMR038C,YPR125W,0,-1.0685734,0.10970907658338547,0.9380619525909424,0.762076199054718
YLR364W,YPL135W,0,-1.0685854,0.10969626158475876,0.9380619525909424,0.7621762156486511
YHR122W,YDL215C,0,-1.0687505,0.10968344658613205,0.9380619525909424,0.7622762322425842
YGL170C,YNL218W,0,-1.069001,0.10967063903808594,0.9380619525909424,0.7623762488365173
YBR040W,YER175C,0,-1.0693154,0.10965783149003983,0.9380619525909424,0.7624762654304504
YGL098W,YDR040C,0,-1.0699303,0.10964502394199371,0.9380619525909424,0.7625762820243835
YDR212W,YML015C,0,-1.0700995,0.1096322238445282,0.9380619525909424,0.7626762390136719
YDR023W,YPL112C,0,-1.070122,0.10961942374706268,0.9380619525909424,0.762776255607605
YCR004C,YBL090W,0,-1.0707661,0.10960663110017776,0.9380619525909424,0.7628762722015381
YOL054W,YOR001W,0,-1.0707824,0.10959383845329285,0.9380619525909424,0.7629762887954712
YDL024C,YHL008C,0,-1.0715139,0.10958104580640793,0.9380619525909424,0.7630763053894043
YDR067C,YNR027W,0,-1.0720909,0.10956826061010361,0.9380619525909424,0.7631763219833374
YLR189C,YMR281W,0,-1.0730268,0.10955547541379929,0.9380619525909424,0.7632763385772705
YLR347C,YGL232W,0,-1.0730898,0.10954269766807556,0.9380619525909424,0.7633763551712036
YDR160W,YPR007C,0,-1.0738751,0.10952991992235184,0.9380619525909424,0.7634763717651367
YMR283C,YPL057C,1,-1.074223,0.10963377356529236,0.9390609264373779,0.7634763717651367
YLR024C,YIL042C,0,-1.0748787,0.10962098836898804,0.9390609264373779,0.763576328754425
YPL076W,YBR091C,0,-1.0756567,0.10960821062326431,0.9390609264373779,0.7636763453483582
YMR078C,YGR004W,0,-1.0757408,0.10959543287754059,0.9390609264373779,0.7637763619422913
YDR296W,YBR037C,0,-1.0769697,0.10958265513181686,0.9390609264373779,0.7638763785362244
YLR080W,YGL237C,0,-1.0770669,0.10956987738609314,0.9390609264373779,0.7639763951301575
YBR033W,YHR207C,0,-1.0771573,0.10955710709095001,0.9390609264373779,0.7640764117240906
YGL192W,YGR109W-B,0,-1.0780065,0.10954434424638748,0.9390609264373779,0.7641764283180237
YKR054C,YCL057C-A,0,-1.0783148,0.10953158140182495,0.9390609264373779,0.7642764449119568
YDR018C,YNL230C,0,-1.0784585,0.10951881855726242,0.9390609264373779,0.7643764615058899
YMR122W-A,YJR035W,0,-1.0785873,0.10950605571269989,0.9390609264373779,0.7644764184951782
YNL259C,YGL157W,0,-1.0799656,0.10949330031871796,0.9390609264373779,0.7645764350891113
YLR008C,YDR365W-A,0,-1.0802867,0.10948055237531662,0.9390609264373779,0.7646764516830444
YJR109C,YBL017C,0,-1.0803926,0.10946779698133469,0.9390609264373779,0.7647764682769775
YGL060W,YGL137W,0,-1.0806639,0.10945505648851395,0.9390609264373779,0.7648764848709106
YPR158C-D,YJL158C,0,-1.080991,0.10944230854511261,0.9390609264373779,0.7649765014648438
YHR214W,YHL008C,0,-1.0810876,0.10942956805229187,0.9390609264373779,0.7650765180587769
YMR032W,YKL022C,0,-1.081884,0.10941683501005173,0.9390609264373779,0.76517653465271
YPL183C,YBR066C,0,-1.0830017,0.10940409451723099,0.9390609264373779,0.7652765512466431
YDR135C,YIL014W,0,-1.083487,0.10939136147499084,0.9390609264373779,0.7653765082359314
YJR084W,YML059C,0,-1.0841565,0.1093786358833313,0.9390609264373779,0.7654765248298645
YOR110W,YEL027W,0,-1.084637,0.10936591029167175,0.9390609264373779,0.7655765414237976
YFR047C,YGL047W,1,-1.0851855,0.10946951806545258,0.9400599598884583,0.7655765414237976
YGR211W,YNL112W,0,-1.0860869,0.10945678502321243,0.9400599598884583,0.7656765580177307
YJR021C,YMR303C,0,-1.0863652,0.10944405943155289,0.9400599598884583,0.7657765746116638
YPR158W-B,YOR018W,0,-1.0870664,0.10943132638931274,0.9400599598884583,0.7658765912055969
YEL015W,YNL051W,0,-1.0870893,0.1094186082482338,0.9400599598884583,0.76597660779953
YBR301W,YIL053W,0,-1.0875682,0.10940588265657425,0.9400599598884583,0.7660766243934631
YKL205W,YPR024W,0,-1.0884297,0.1093931645154953,0.9400599598884583,0.7661766409873962
YAR009C,YGL206C,0,-1.0887353,0.10938044637441635,0.9400599598884583,0.7662765979766846
YHR113W,YCR075C,0,-1.0888634,0.109367735683918,0.9400599598884583,0.7663766145706177
YMR224C,YMR063W,0,-1.089266,0.10935502499341965,0.9400599598884583,0.7664766311645508
YNL181W,YCR002C,0,-1.0894738,0.10934232175350189,0.9400599598884583,0.7665766477584839
YGR229C,YIL021W,0,-1.0898958,0.10932961851358414,0.9400599598884583,0.766676664352417
YER062C,YDR472W,0,-1.090393,0.10931691527366638,0.9400599598884583,0.7667766809463501
YDR301W,YDR169C,0,-1.090813,0.10930421948432922,0.9400599598884583,0.7668766975402832
YPR133W-A,YLL067C,0,-1.0915443,0.10929152369499207,0.9400599598884583,0.7669767141342163
YMR023C,YNL119W,0,-1.0915745,0.10927882790565491,0.9400599598884583,0.7670767307281494
YNL092W,YDL217C,0,-1.0921336,0.10926613956689835,0.9400599598884583,0.7671767473220825
YGR161W-A,YOR025W,0,-1.092525,0.10925345122814178,0.9400599598884583,0.7672767043113708
YFR049W,YGR171C,0,-1.0927631,0.10924077033996582,0.9400599598884583,0.767376720905304
YAL053W,YOR142W-B,0,-1.0927688,0.10922808945178986,0.9400599598884583,0.7674767374992371
YBL013W,YDR227W,0,-1.0931987,0.10921541601419449,0.9400599598884583,0.7675767540931702
YOR269W,YPR191W,0,-1.0934865,0.10920273512601852,0.9400599598884583,0.7676767706871033
YGL103W,YOL031C,0,-1.0935091,0.10919006913900375,0.9400599598884583,0.7677767872810364
YHL050C,YPR198W,0,-1.093533,0.10917739570140839,0.9400599598884583,0.7678768038749695
YDL097C,YPL006W,0,-1.0938796,0.10916472971439362,0.9400599598884583,0.7679768204689026
YBR213W,YBR196C,0,-1.0942504,0.10915207117795944,0.9400599598884583,0.7680768370628357
YMR225C,YLR097C,0,-1.0943321,0.10913941264152527,0.9400599598884583,0.768176794052124
YDR018C,YHR002W,0,-1.0945367,0.1091267541050911,0.9400599598884583,0.7682768106460571
YDR039C,YKL042W,0,-1.0948242,0.10911410301923752,0.9400599598884583,0.7683768272399902
YAL019W,YLR045C,0,-1.0956172,0.10910145193338394,0.9400599598884583,0.7684768438339233
YAR010C,YGL222C,0,-1.0967062,0.10908880084753036,0.9400599598884583,0.7685768604278564
YBR245C,YDR448W,0,-1.097162,0.10907615721225739,0.9400599598884583,0.7686768770217896
YGR193C,YGR076C,0,-1.0976633,0.1090635135769844,0.9400599598884583,0.7687768936157227
YJR025C,YMR179W,0,-1.0981542,0.10905087739229202,0.9400599598884583,0.7688769102096558
YHR099W,YJL166W,0,-1.0983285,0.10903824120759964,0.9400599598884583,0.7689769268035889
YCL059C,YNR008W,0,-1.0984672,0.10902560502290726,0.9400599598884583,0.7690768837928772
YJR021C,YLR058C,0,-1.0988371,0.10901297628879547,0.9400599598884583,0.7691769003868103
YEL061C,YER093C,0,-1.0988611,0.10900034755468369,0.9400599598884583,0.7692769169807434
YOL093W,YER093C,0,-1.0989491,0.1089877262711525,0.9400599598884583,0.7693769335746765
YGR200C,YER109C,0,-1.0990006,0.10897510498762131,0.9400599598884583,0.7694769501686096
YDL091C,YLR142W,0,-1.0990685,0.10896248370409012,0.9400599598884583,0.7695769667625427
YMR321C,YDR316W-B,0,-1.099137,0.10894986987113953,0.9400599598884583,0.7696769833564758
YOR136W,YIL051C,0,-1.0995378,0.10893725603818893,0.9400599598884583,0.7697769999504089
YOR014W,YML097C,0,-1.0996548,0.10892464220523834,0.9400599598884583,0.769877016544342
YNL050C,YDL030W,0,-1.0998622,0.10891203582286835,0.9400599598884583,0.7699769735336304
YNL054W-A,YDR242W,0,-1.0998694,0.10889942944049835,0.9400599598884583,0.7700769901275635
YLL001W,YGL163C,0,-1.1005203,0.10888683050870895,0.9400599598884583,0.7701770067214966
YDR108W,YDR062W,0,-1.1006352,0.10887423157691956,0.9400599598884583,0.7702770233154297
YNL029C,YMR283C,1,-1.1008426,0.10897732526063919,0.9410589337348938,0.7702770233154297
YOR209C,YOL070C,0,-1.1016276,0.1089647188782692,0.9410589337348938,0.7703770399093628
YER137C,YNR041C,0,-1.1018187,0.1089521199464798,0.9410589337348938,0.7704770565032959
YLR130C,YMR039C,0,-1.1021827,0.1089395135641098,0.9410589337348938,0.770577073097229
YKL109W,YLR227W-A,0,-1.1022093,0.108926922082901,0.9410589337348938,0.7706770896911621
YKL058W,YER029C,0,-1.1023519,0.1089143231511116,0.9410589337348938,0.7707771062850952
YBR035C,YKL022C,0,-1.1026862,0.1089017316699028,0.9410589337348938,0.7708770632743835
YOR142W-B,YDR207C,0,-1.1027974,0.1088891476392746,0.9410589337348938,0.7709770798683167
YAL012W,YMR130W,0,-1.1036853,0.10887656360864639,0.9410589337348938,0.7710770964622498
YDR093W,YDR261C-D,0,-1.1038064,0.10886397957801819,0.9410589337348938,0.7711771130561829
YBR131W,YGR288W,0,-1.103855,0.10885139554738998,0.9410589337348938,0.771277129650116
YER159C-A,YHR009C,0,-1.1038845,0.10883881896734238,0.9410589337348938,0.7713771462440491
YDR098C-B,YLR360W,0,-1.1039723,0.10882624983787537,0.9410589337348938,0.7714771628379822
YNL086W,YBR130C,0,-1.1044697,0.10881367325782776,0.9410589337348938,0.7715771794319153
YBL051C,YAL043C,0,-1.1046008,0.10880111157894135,0.9410589337348938,0.7716771960258484
YGL090W,YGR109W-A,0,-1.1050342,0.10878854244947433,0.9410589337348938,0.7717771530151367
YHR120W,YHR027C,0,-1.1050433,0.10877598077058792,0.9410589337348938,0.7718771696090698
YOR159C,YML027W,0,-1.1051257,0.10876341909170151,0.9410589337348938,0.7719771862030029
YJL197W,YBL058W,0,-1.1053342,0.10875086486339569,0.9410589337348938,0.772077202796936
YLL017W,YOR008C,0,-1.1057537,0.10873831063508987,0.9410589337348938,0.7721772193908691
YBL014C,YPL113C,0,-1.1059645,0.10872576385736465,0.9410589337348938,0.7722772359848022
YMR225C,YER019C-A,0,-1.106206,0.10871321707963943,0.9410589337348938,0.7723772525787354
YDR536W,YER081W,0,-1.1062193,0.10870067030191422,0.9410589337348938,0.7724772691726685
YOR059C,YLR318W,0,-1.1066083,0.10868813097476959,0.9410589337348938,0.7725772857666016
YCL067C,YDL017W,0,-1.1083559,0.10867559164762497,0.9410589337348938,0.7726772427558899
YAR009C,YHR088W,0,-1.1086876,0.10866305232048035,0.9410589337348938,0.772777259349823
YLL012W,YGL196W,0,-1.1087495,0.10865052044391632,0.9410589337348938,0.7728772759437561
YBR162C,YPR158W-B,0,-1.1087621,0.1086379885673523,0.9410589337348938,0.7729772925376892
YKL011C,YPR008W,0,-1.1089889,0.10862546414136887,0.9410589337348938,0.7730773091316223
YLR401C,YAL024C,0,-1.1091157,0.10861293971538544,0.9410589337348938,0.7731773257255554
YAR031W,YKL005C,0,-1.1093509,0.10860041528940201,0.9410589337348938,0.7732773423194885
YGL158W,YML058W-A,0,-1.1101208,0.10858789831399918,0.9410589337348938,0.7733773589134216
YOR039W,YMR086W,0,-1.1108567,0.10857538133859634,0.9410589337348938,0.7734773755073547
YLR151C,YLR047C,0,-1.1108956,0.10856286436319351,0.9410589337348938,0.7735773324966431
YPL090C,YGR222W,0,-1.1122282,0.10855035483837128,0.9410589337348938,0.7736773490905762
YGR161W-A,YLR430W,0,-1.1131245,0.10853785276412964,0.9410589337348938,0.7737773656845093
YPL122C,YBL060W,0,-1.1131619,0.1085253432393074,0.9410589337348938,0.7738773822784424
YDL109C,YER110C,0,-1.113713,0.10851284116506577,0.9410589337348938,0.7739773988723755
YDL047W,YNR027W,0,-1.1141192,0.10850034654140472,0.9410589337348938,0.7740774154663086
YGR145W,YER087C-B,0,-1.1152649,0.10848785191774368,0.9410589337348938,0.7741774320602417
YGL071W,YJL196C,0,-1.1154099,0.10847535729408264,0.9410589337348938,0.7742774486541748
YDR437W,YNR059W,1,-1.1156838,0.10857801139354706,0.9420579671859741,0.7742774486541748
YOR089C,YOL138C,0,-1.1158322,0.10856550931930542,0.9420579671859741,0.7743774652481079
YOR356W,YER045C,0,-1.1159601,0.10855300724506378,0.9420579671859741,0.7744774222373962
YLR410W-B,YGL105W,0,-1.1160837,0.10854051262140274,0.9420579671859741,0.7745774388313293
YOL103W-B,YDL012C,0,-1.1162406,0.1085280254483223,0.9420579671859741,0.7746774554252625
YLR227W-A,YJL158C,0,-1.116656,0.10851553827524185,0.9420579671859741,0.7747774720191956
YHR214C-C,YKR104W,0,-1.1168984,0.10850305110216141,0.9420579671859741,0.7748774886131287
YKR061W,YGR032W,1,-1.1173909,0.10860561579465866,0.9430569410324097,0.7748774886131287
YDR437W,YMR271C,1,-1.1184245,0.10870815813541412,0.9440559148788452,0.7748774886131287
YGR255C,YPL006W,0,-1.1189001,0.10869564861059189,0.9440559148788452,0.7749775052070618
YLL004W,YHR014W,0,-1.1189545,0.10868315398693085,0.9440559148788452,0.7750775218009949
YBL052C,YPR158W-B,0,-1.1194834,0.10867065191268921,0.9440559148788452,0.775177538394928
YBL028C,YKL088W,0,-1.1196808,0.10865815728902817,0.9440559148788452,0.7752775549888611
YLR330W,YGR266W,0,-1.1197357,0.10864566266536713,0.9440559148788452,0.7753775119781494
YGL064C,YBR296C,0,-1.1198014,0.10863317549228668,0.9440559148788452,0.7754775285720825
YEL002C,YMR283C,1,-1.1199094,0.10873563587665558,0.9450549483299255,0.7754775285720825
YKL174C,YOR179C,0,-1.1208237,0.10872313380241394,0.9450549483299255,0.7755775451660156
YFR030W,YOR019W,0,-1.1208973,0.1087106391787529,0.9450549483299255,0.7756775617599487
YDR436W,YDR381W,0,-1.1209061,0.10869815200567245,0.9450549483299255,0.7757775783538818
YER038C,YDR511W,0,-1.1209457,0.10868566483259201,0.9450549483299255,0.7758775949478149
YLR330W,YLL027W,0,-1.1212007,0.10867317765951157,0.9450549483299255,0.775977611541748
YCL075W,YHR171W,0,-1.1217363,0.10866069048643112,0.9450549483299255,0.7760776281356812
YOR372C,YNL251C,0,-1.1220261,0.10864821076393127,0.9450549483299255,0.7761776447296143
YGL172W,YML112W,0,-1.1221939,0.10863573849201202,0.9450549483299255,0.7762776017189026
YDR376W,YLR006C,0,-1.1222637,0.10862326622009277,0.9450549483299255,0.7763776183128357
YJL069C,YPR048W,0,-1.122959,0.10861079394817352,0.9450549483299255,0.7764776349067688
YOR110W,YFL039C,0,-1.1234671,0.10859832167625427,0.9450549483299255,0.7765776515007019
YDL108W,YBR043C,0,-1.123545,0.10858585685491562,0.9450549483299255,0.776677668094635
YPR163C,YGR135W,0,-1.1235706,0.10857339948415756,0.9450549483299255,0.7767776846885681
YKL173W,YGR046W,0,-1.123657,0.10856093466281891,0.9450549483299255,0.7768777012825012
YGL115W,YDR022C,0,-1.1240028,0.10854847729206085,0.9450549483299255,0.7769777178764343
YHR118C,YEL005C,0,-1.1245102,0.10853602737188339,0.9450549483299255,0.7770777344703674
YLR452C,YDR499W,0,-1.1245794,0.10852357745170593,0.9450549483299255,0.7771776914596558
YPL011C,YER051W,0,-1.1246837,0.10851112753152847,0.9450549483299255,0.7772777080535889
YER106W,YDR046C,0,-1.125332,0.10849867761135101,0.9450549483299255,0.777377724647522
YMR217W,YKR104W,0,-1.1254481,0.10848623514175415,0.9450549483299255,0.7774777412414551
YDL229W,YPL021W,0,-1.1255076,0.10847380012273788,0.9450549483299255,0.7775777578353882
YJL166W,YOR304C-A,0,-1.1262305,0.10846136510372162,0.9450549483299255,0.7776777744293213
YBR291C,YER159C-A,0,-1.1262536,0.10844893008470535,0.9450549483299255,0.7777777910232544
YLL057C,YDR040C,0,-1.1263276,0.10843649506568909,0.9450549483299255,0.7778778076171875
YOR192C-B,YJL062W,0,-1.1272554,0.10842406749725342,0.9450549483299255,0.7779778242111206
YOR192C-B,YMR273C,0,-1.1273836,0.10841163992881775,0.9450549483299255,0.7780777812004089
YCR087C-A,YHR108W,0,-1.128677,0.10839921981096268,0.9450549483299255,0.778177797794342
YHR028C,YAL058W,0,-1.129073,0.1083867996931076,0.9450549483299255,0.7782778143882751
YMR150C,YMR172W,0,-1.1295238,0.10837438702583313,0.9450549483299255,0.7783778309822083
YPR182W,YCL048W,0,-1.1299144,0.10836196690797806,0.9450549483299255,0.7784778475761414
YLR130C,YBR170C,0,-1.1306808,0.10834956169128418,0.9450549483299255,0.7785778641700745
YBR031W,YOR343W-A,0,-1.1307055,0.1083371490240097,0.9450549483299255,0.7786778807640076
YBR114W,YBR275C,0,-1.1307726,0.10832474380731583,0.9450549483299255,0.7787778973579407
YBL113C,YOL149W,0,-1.1310401,0.10831234604120255,0.9450549483299255,0.7788779139518738
YOR221C,YLR305C,0,-1.1315538,0.10829994082450867,0.9450549483299255,0.7789778709411621
YLR010C,YER022W,0,-1.1317197,0.10828754305839539,0.9450549483299255,0.7790778875350952
YIL167W,YHR074W,0,-1.131773,0.1082751527428627,0.9450549483299255,0.7791779041290283
YMR139W,YNR028W,0,-1.132345,0.10826276242733002,0.9450549483299255,0.7792779207229614
YDR265W,YDR498C,0,-1.1324886,0.10825037211179733,0.9450549483299255,0.7793779373168945
YJR103W,YPL022W,0,-1.1326013,0.10823798924684525,0.9450549483299255,0.7794779539108276
YMR009W,YBL010C,0,-1.1327149,0.10822560638189316,0.9450549483299255,0.7795779705047607
YOR372C,YOR211C,0,-1.1327506,0.10821322351694107,0.9450549483299255,0.7796779870986938
YKL156W,YDL209C,0,-1.1331904,0.10820084810256958,0.9450549483299255,0.779778003692627
YOL026C,YDR082W,0,-1.1344379,0.10818847268819809,0.9450549483299255,0.7798779606819153
YJL181W,YPL234C,0,-1.1344844,0.1081760972738266,0.9450549483299255,0.7799779772758484
YJR052W,YBL035C,0,-1.1351146,0.1081637293100357,0.9450549483299255,0.7800779938697815
YPL060W,YJL216C,0,-1.1352311,0.10815136879682541,0.9450549483299255,0.7801780104637146
YKL189W,YPL175W,0,-1.1354116,0.10813900083303452,0.9450549483299255,0.7802780270576477
YHL003C,YMR039C,0,-1.135418,0.10812664031982422,0.9450549483299255,0.7803780436515808
YDR077W,YMR019W,0,-1.1356153,0.10811428725719452,0.9450549483299255,0.7804780602455139
YLR227W-A,YPR095C,0,-1.1363475,0.10810193419456482,0.9450549483299255,0.780578076839447
YER114C,YML133C,0,-1.1368285,0.10808958113193512,0.9450549483299255,0.7806780934333801
YJR036C,YOR132W,0,-1.136982,0.10807722806930542,0.9450549483299255,0.7807780504226685
YER013W,YPL113C,0,-1.1376768,0.10806488245725632,0.9450549483299255,0.7808780670166016
YLR395C,YJR036C,0,-1.13776,0.10805254429578781,0.9450549483299255,0.7809780836105347
YGL038C,YIL085C,1,-1.1379198,0.10815440863370895,0.9460539221763611,0.7809780836105347
YDR532C,YKL090W,0,-1.1384484,0.10814205557107925,0.9460539221763611,0.7810781002044678
YEL012W,YNL330C,0,-1.1386014,0.10812970995903015,0.9460539221763611,0.7811781167984009
YDR205W,YPR192W,0,-1.139114,0.10811736434698105,0.9460539221763611,0.781278133392334
YLR328W,YIL173W,0,-1.1398247,0.10810502618551254,0.9460539221763611,0.7813781499862671
YPR178W,YER167W,0,-1.1398735,0.10809268057346344,0.9460539221763611,0.7814781665802002
YJR076C,YNL054W-A,0,-1.1401731,0.10808034986257553,0.9460539221763611,0.7815781831741333
YIL143C,YIR006C,0,-1.142001,0.10806801170110703,0.9460539221763611,0.7816781401634216
YFL047W,YKL022C,0,-1.1420012,0.10805568099021912,0.9460539221763611,0.7817781567573547
YLR150W,YBR130C,0,-1.1420262,0.1080433577299118,0.9460539221763611,0.7818781733512878
YCL018W,YGR037C,0,-1.1425301,0.1080310270190239,0.9460539221763611,0.781978189945221
YMR176W,YBL005W-B,0,-1.1425421,0.10801870375871658,0.9460539221763611,0.782078206539154
YDR464W,YDR078C,0,-1.1431495,0.10800638794898987,0.9460539221763611,0.7821782231330872
YMR136W,YDR517W,0,-1.1433195,0.10799407213926315,0.9460539221763611,0.7822782397270203
YGR202C,YIL160C,0,-1.1433822,0.10798175632953644,0.9460539221763611,0.7823782563209534
YBL052C,YOR291W,0,-1.1436312,0.10796944797039032,0.9460539221763611,0.7824782729148865
YDR422C,YPR166C,0,-1.1443089,0.1079571396112442,0.9460539221763611,0.7825782299041748
YOL093W,YNL149C,0,-1.1446117,0.10794483125209808,0.9460539221763611,0.7826782464981079
YLR190W,YLR333C,0,-1.1446389,0.10793253034353256,0.9460539221763611,0.782778263092041
YNL192W,YGR032W,1,-1.1447119,0.10803418606519699,0.9470529556274414,0.782778263092041
YGL058W,YPL252C,0,-1.1450666,0.10802187770605087,0.9470529556274414,0.7828782796859741
YBR033W,YAL031C,0,-1.1451267,0.10800956934690475,0.9470529556274414,0.7829782962799072
YLR278C,YLL035W,0,-1.1460403,0.10799726843833923,0.9470529556274414,0.7830783128738403
YFL037W,YFR027W,0,-1.1460997,0.10798496752977371,0.9470529556274414,0.7831783294677734
YJR075W,YNL158W,1,-1.1465658,0.10808656364679337,0.948051929473877,0.7831783294677734
YGL026C,YGL063W,0,-1.1467496,0.10807424783706665,0.948051929473877,0.7832783460617065
YDR508C,YFR024C,0,-1.1472728,0.10806194692850113,0.948051929473877,0.7833783626556396
YLR059C,YOR343W-A,0,-1.1473852,0.10804963856935501,0.948051929473877,0.783478319644928
YHR214C-C,YNL309W,0,-1.148664,0.10803733766078949,0.948051929473877,0.7835783362388611
YER139C,YOR019W,0,-1.1488765,0.10802504420280457,0.948051929473877,0.7836783528327942
YPL111W,YKL183W,0,-1.1490418,0.10801275074481964,0.948051929473877,0.7837783694267273
YML040W,YHR021C,0,-1.1493387,0.10800045728683472,0.948051929473877,0.7838783860206604
YJL197W,YBL029C-A,0,-1.1496612,0.10798816382884979,0.948051929473877,0.7839784026145935
YBR065C,YCL026C-B,0,-1.1496965,0.10797587782144547,0.948051929473877,0.7840784192085266
YPL248C,YBR264C,0,-1.150185,0.10796359181404114,0.948051929473877,0.7841784358024597
YBL038W,YBR172C,0,-1.1502713,0.10795131325721741,0.948051929473877,0.7842784523963928
YMR053C,YDR242W,0,-1.150592,0.10793903470039368,0.948051929473877,0.7843784093856812
YNL284C-A,YJL173C,0,-1.1506728,0.10792676359415054,0.948051929473877,0.7844784259796143
YIR004W,YKL062W,0,-1.150939,0.10791448503732681,0.948051929473877,0.7845784425735474
YBL005W,YGL129C,0,-1.1509689,0.10790221393108368,0.948051929473877,0.7846784591674805
YHR214C-B,YMR110C,0,-1.1513816,0.10788995027542114,0.948051929473877,0.7847784757614136
YLR327C,YLR315W,0,-1.1513854,0.1078776866197586,0.948051929473877,0.7848784923553467
YGL190C,YDR523C,0,-1.1519481,0.10786542296409607,0.948051929473877,0.7849785089492798
YLR410W-B,YOR027W,0,-1.1522433,0.10785316675901413,0.948051929473877,0.7850785255432129
YAL043C,YKR071C,0,-1.1523317,0.10784091055393219,0.948051929473877,0.785178542137146
YDR486C,YLR158C,0,-1.1523726,0.10782865434885025,0.948051929473877,0.7852784991264343
YGR167W,YKL155C,0,-1.1528593,0.10781640559434891,0.948051929473877,0.7853785157203674
YIL147C,YLR185W,0,-1.153495,0.10780415683984756,0.948051929473877,0.7854785323143005
YBR231C,YKL007W,0,-1.1536535,0.10779191553592682,0.948051929473877,0.7855785489082336
YJL109C,YBL088C,0,-1.1540481,0.10777967423200607,0.948051929473877,0.7856785655021667
YNL232W,YPR048W,0,-1.1542124,0.10776743292808533,0.948051929473877,0.7857785820960999
YGL129C,YBR122C,0,-1.1544306,0.10775519162416458,0.948051929473877,0.785878598690033
YHL004W,YER159C,0,-1.1560899,0.10774295777082443,0.948051929473877,0.7859786152839661
YDR280W,YPR158C-D,0,-1.1561662,0.10773073136806488,0.948051929473877,0.7860786318778992
YPR081C,YIL053W,0,-1.1564767,0.10771850496530533,0.948051929473877,0.7861785888671875
YHR081W,YDR248C,0,-1.1566454,0.10770627856254578,0.948051929473877,0.7862786054611206
YNL164C,YKL042W,0,-1.156791,0.10769405215978622,0.948051929473877,0.7863786220550537
YGL045W,YML037C,0,-1.157068,0.10768183320760727,0.948051929473877,0.7864786386489868
YJR035W,YLR450W,0,-1.1574212,0.10766961425542831,0.948051929473877,0.7865786552429199
YMR078C,YMR046C,0,-1.1574514,0.10765740275382996,0.948051929473877,0.786678671836853
YKL040C,YEL019C,0,-1.1574887,0.1076451912522316,0.948051929473877,0.7867786884307861
YLR176C,YPL083C,0,-1.1586574,0.10763297975063324,0.948051929473877,0.7868787050247192
YGL226C-A,YGR161W-B,0,-1.1588451,0.10762077569961548,0.948051929473877,0.7869787216186523
YGR171C,YIL007C,0,-1.1590432,0.10760857164859772,0.948051929473877,0.7870786786079407
YLL033W,YPR031W,0,-1.1590472,0.10759637504816055,0.948051929473877,0.7871786952018738
YGL062W,YDL022W,0,-1.161156,0.10758417099714279,0.948051929473877,0.7872787117958069
YLR160C,YOL066C,0,-1.1614082,0.10757198184728622,0.948051929473877,0.78737872838974
YDL197C,YLR247C,0,-1.1619362,0.10755978524684906,0.948051929473877,0.7874787449836731
YPR026W,YGR239C,0,-1.1620828,0.10754759609699249,0.948051929473877,0.7875787615776062
YMR043W,YHL040C,0,-1.1625046,0.10753541439771652,0.948051929473877,0.7876787781715393
YER036C,YNL181W,0,-1.1633031,0.10752322524785995,0.948051929473877,0.7877787947654724
YPR204W,YDR140W,0,-1.1634778,0.10751104354858398,0.948051929473877,0.7878788113594055
YGL092W,YOR226C,0,-1.1637338,0.10749886929988861,0.948051929473877,0.7879787683486938
YBR267W,YHR014W,0,-1.1644527,0.10748669505119324,0.948051929473877,0.788078784942627
YML037C,YAL035W,0,-1.1644645,0.10747452080249786,0.948051929473877,0.7881788015365601
YGR008C,YMR005W,0,-1.1647688,0.10746234655380249,0.948051929473877,0.7882788181304932
YGL004C,YLR370C,0,-1.1647851,0.10745017975568771,0.948051929473877,0.7883788347244263
YDL065C,YLR288C,0,-1.1648206,0.10743801295757294,0.948051929473877,0.7884788513183594
YMR169C,YPR162C,0,-1.1649473,0.10742585361003876,0.948051929473877,0.7885788679122925
YMR025W,YPR186C,0,-1.1649712,0.10741369426250458,0.948051929473877,0.7886788845062256
YPR174C,YOR294W,0,-1.1651322,0.107401542365551,0.948051929473877,0.7887789011001587
YOL084W,YFR036W,0,-1.1656665,0.10738938301801682,0.948051929473877,0.788878858089447
YMR005W,YGL151W,0,-1.1665926,0.10737723112106323,0.948051929473877,0.7889788746833801
YJR027W,YDL077C,0,-1.1666998,0.10736508667469025,0.948051929473877,0.7890788912773132
YDR517W,YML027W,0,-1.167045,0.10735294222831726,0.948051929473877,0.7891789078712463
YKR064W,YHR117W,0,-1.1671695,0.10734079778194427,0.948051929473877,0.7892789244651794
YNL054W-B,YJL058C,0,-1.1673335,0.10732866078615189,0.948051929473877,0.7893789410591125
YMR275C,YJR138W,0,-1.1675798,0.1073165237903595,0.948051929473877,0.7894789576530457
YKR090W,YGR222W,0,-1.1677271,0.10730438679456711,0.948051929473877,0.7895789742469788
YDR381C-A,YPL193W,0,-1.168035,0.10729225724935532,0.948051929473877,0.7896789908409119
YOR123C,YML011C,0,-1.1689342,0.10728012770414352,0.948051929473877,0.789779007434845
YFR031C,YOR172W,0,-1.1692139,0.10726799815893173,0.948051929473877,0.7898789644241333
YLR316C,YDR036C,0,-1.1694503,0.10725587606430054,0.948051929473877,0.7899789810180664
YIR015W,YCR093W,0,-1.170419,0.10724375396966934,0.948051929473877,0.7900789976119995
YER173W,YHR164C,0,-1.1713225,0.10723163932561874,0.948051929473877,0.7901790142059326
YKL158W,YMR262W,0,-1.1714299,0.10721952468156815,0.948051929473877,0.7902790307998657
YKR054C,YJL062W,0,-1.1715459,0.10720741003751755,0.948051929473877,0.7903790473937988
YCR038C,YEL024W,0,-1.1718305,0.10719530284404755,0.948051929473877,0.7904790639877319
YPL215W,YKL185W,0,-1.1722773,0.10718319565057755,0.948051929473877,0.790579080581665
YGR188C,YIL096C,0,-1.1723584,0.10717108845710754,0.948051929473877,0.7906790971755981
YDR075W,YAL048C,0,-1.1725336,0.10715898871421814,0.948051929473877,0.7907790541648865
YHR028C,YDR384C,0,-1.1726651,0.10714688897132874,0.948051929473877,0.7908790707588196
YBL063W,YBR233W-A,0,-1.172705,0.10713479667901993,0.948051929473877,0.7909790873527527
YGL098W,YLR251W,0,-1.1733769,0.10712269693613052,0.948051929473877,0.7910791039466858
YOR353C,YJL149W,0,-1.1735154,0.10711061209440231,0.948051929473877,0.7911791205406189
YDR307W,YGL065C,1,-1.1737888,0.10721137374639511,0.9490509629249573,0.7911791205406189
YPR032W,YDR007W,0,-1.1738784,0.1071992814540863,0.9490509629249573,0.791279137134552
YPL076W,YLR189C,1,-1.1754602,0.10730001330375671,0.9500499367713928,0.791279137134552
YOR386W,YGR239C,0,-1.1761924,0.10728790611028671,0.9500499367713928,0.7913791537284851
YCL026C-B,YDR219C,0,-1.1764982,0.10727580636739731,0.9500499367713928,0.7914791703224182
YDR473C,YJL112W,0,-1.1769526,0.1072637066245079,0.9500499367713928,0.7915791869163513
YKR008W,YDR320C-A,0,-1.177889,0.1072516068816185,0.9500499367713928,0.7916791439056396
YDR392W,YCL069W,0,-1.1781237,0.10723951458930969,0.9500499367713928,0.7917791604995728
YLL012W,YER103W,0,-1.1782113,0.10722742229700089,0.9500499367713928,0.7918791770935059
YML061C,YOL067C,0,-1.1783103,0.10721533000469208,0.9500499367713928,0.791979193687439
YHR214C-B,YHR214C-C,0,-1.1784323,0.10720324516296387,0.9500499367713928,0.7920792102813721
YGR143W,YDL198C,0,-1.1789538,0.10719116032123566,0.9500499367713928,0.7921792268753052
YCL075W,YNL048W,0,-1.1790209,0.10717908293008804,0.9500499367713928,0.7922792434692383
YBR182C,YOR316C,0,-1.1796492,0.10716700553894043,0.9500499367713928,0.7923792600631714
YDL160C,YIL150C,0,-1.1797613,0.10715492814779282,0.9500499367713928,0.7924792766571045
YPL225W,YDL179W,0,-1.179837,0.1071428582072258,0.9500499367713928,0.7925792336463928
YHL009W-B,YKL217W,0,-1.179863,0.10713078826665878,0.9500499367713928,0.7926792502403259
YAL003W,YER167W,0,-1.1799968,0.10711871832609177,0.9500499367713928,0.792779266834259
YNL208W,YDR229W,0,-1.1803116,0.10710665583610535,0.9500499367713928,0.7928792834281921
YER139C,YPL075W,0,-1.1804749,0.10709459334611893,0.9500499367713928,0.7929793000221252
YGL120C,YGR254W,0,-1.180529,0.1070825383067131,0.9500499367713928,0.7930793166160583
YIL035C,YDR122W,0,-1.1805384,0.10707048326730728,0.9500499367713928,0.7931793332099915
YGL229C,YDL077C,0,-1.1805748,0.10705842822790146,0.9500499367713928,0.7932793498039246
YBR208C,YPR158C-D,0,-1.180641,0.10704637318849564,0.9500499367713928,0.7933793663978577
YBR097W,YFL002W-A,0,-1.1807373,0.10703432559967041,0.9500499367713928,0.793479323387146
YMR159C,YIL139C,0,-1.181101,0.10702228546142578,0.9500499367713928,0.7935793399810791
YDR098C-B,YIL123W,0,-1.1811026,0.10701023787260056,0.9500499367713928,0.7936793565750122
YGL038C,YLR342W,1,-1.1811035,0.10711070895195007,0.9510489702224731,0.7936793565750122
YDL070W,YOR069W,0,-1.1819919,0.10709866136312485,0.9510489702224731,0.7937793731689453
YER113C,YMR282C,0,-1.1820073,0.10708661377429962,0.9510489702224731,0.7938793897628784
YIL101C,YDR270W,0,-1.1825097,0.1070745661854744,0.9510489702224731,0.7939794063568115
YGL155W,YMR228W,0,-1.1833769,0.10706252604722977,0.9510489702224731,0.7940794229507446
YBR187W,YML032C,0,-1.1837344,0.10705048590898514,0.9510489702224731,0.7941794395446777
YHL032C,YNL084C,0,-1.1843044,0.1070384532213211,0.9510489702224731,0.7942794561386108
YPR127W,YER129W,0,-1.1850396,0.10702642053365707,0.9510489702224731,0.7943794131278992
YDR523C,YLL001W,0,-1.1855747,0.10701438784599304,0.9510489702224731,0.7944794297218323
YOR292C,YPR137C-A,0,-1.1856343,0.1070023626089096,0.9510489702224731,0.7945794463157654
YOL096C,YGR080W,0,-1.185904,0.10699033737182617,0.9510489702224731,0.7946794629096985
YGR113W,YDR359C,0,-1.185905,0.10697831213474274,0.9510489702224731,0.7947794795036316
YGR296W,YLL016W,0,-1.1859945,0.1069662943482399,0.9510489702224731,0.7948794960975647
YKR078W,YOR340C,0,-1.1860803,0.10695427656173706,0.9510489702224731,0.7949795126914978
YDR545W,YBR037C,0,-1.1866429,0.10694225877523422,0.9510489702224731,0.7950795292854309
YBR065C,YDR100W,0,-1.1866953,0.10693024843931198,0.9510489702224731,0.795179545879364
YNL202W,YBL103C,0,-1.1869853,0.10691823810338974,0.9510489702224731,0.7952795028686523
YLR313C,YHL026C,0,-1.1870847,0.1069062352180481,0.9510489702224731,0.7953795194625854
YLR361C,YOR109W,0,-1.1875068,0.10689423233270645,0.9510489702224731,0.7954795360565186
YAR002C-A,YGR161W-A,0,-1.1880801,0.10688222944736481,0.9510489702224731,0.7955795526504517
YDR483W,YGL047W,1,-1.1883224,0.10698248445987701,0.9520479440689087,0.7955795526504517
YOR240W,YKL140W,0,-1.1890002,0.10697048157453537,0.9520479440689087,0.7956795692443848
YNL098C,YPL078C,0,-1.1894288,0.10695847123861313,0.9520479440689087,0.7957795858383179
YKR002W,YPR036W,0,-1.1895734,0.10694646835327148,0.9520479440689087,0.795879602432251
YBR291C,YHR146W,0,-1.1896393,0.10693447291851044,0.9520479440689087,0.7959796190261841
YLR067C,YOL082W,0,-1.1896411,0.10692247003316879,0.9520479440689087,0.7960796356201172
YFR045W,YER015W,0,-1.1899858,0.10691047459840775,0.9520479440689087,0.7961795926094055
YPL075W,YHR146W,0,-1.1903489,0.1068984866142273,0.9520479440689087,0.7962796092033386
YDL051W,YOR172W,0,-1.1904881,0.10688649863004684,0.9520479440689087,0.7963796257972717
YMR100W,YFL023W,0,-1.1909531,0.1068745106458664,0.9520479440689087,0.7964796423912048
YNL086W,YER139C,0,-1.1910261,0.10686252266168594,0.9520479440689087,0.7965796589851379
YIR032C,YDL243C,0,-1.1911595,0.10685054212808609,0.9520479440689087,0.796679675579071
YNL317W,YCL057C-A,0,-1.1920488,0.10683856159448624,0.9520479440689087,0.7967796921730042
YLL017W,YGR134W,0,-1.1925321,0.10682658851146698,0.9520479440689087,0.7968797087669373
YLR032W,YPR071W,0,-1.1925989,0.10681461542844772,0.9520479440689087,0.7969797253608704
YKL129C,YKL060C,0,-1.1926905,0.10680264234542847,0.9520479440689087,0.7970796823501587
YBR189W,YNL259C,0,-1.193343,0.10679067671298981,0.9520479440689087,0.7971796989440918
YPL257W-B,YDR260C,0,-1.1933798,0.10677871108055115,0.9520479440689087,0.7972797155380249
YDR332W,YJR134C,0,-1.1937932,0.10676674544811249,0.9520479440689087,0.797379732131958
YML091C,YER046W,0,-1.1938701,0.10675478726625443,0.9520479440689087,0.7974797487258911
YOL078W,YDR018C,0,-1.1942308,0.10674282908439636,0.9520479440689087,0.7975797653198242
YLR410W-A,YJL216C,0,-1.1944183,0.1067308783531189,0.9520479440689087,0.7976797819137573
YDR139C,YMR087W,0,-1.1945866,0.10671892762184143,0.9520479440689087,0.7977797985076904
YIL111W,YOR086C,0,-1.1948184,0.10670697689056396,0.9520479440689087,0.7978798151016235
YKL199C,YDR200C,0,-1.1948417,0.1066950261592865,0.9520479440689087,0.7979797720909119
YPL110C,YLL040C,0,-1.1952285,0.10668308287858963,0.9520479440689087,0.798079788684845
YPL060W,YDR473C,0,-1.1953686,0.10667114704847336,0.9520479440689087,0.7981798052787781
YPL060W,YOR338W,0,-1.1955262,0.10665920376777649,0.9520479440689087,0.7982798218727112
YDR176W,YPR070W,0,-1.1955734,0.10664726793766022,0.9520479440689087,0.7983798384666443
YML127W,YJL011C,0,-1.1959461,0.10663533955812454,0.9520479440689087,0.7984798550605774
YOL057W,YDR210W-B,0,-1.196289,0.10662340372800827,0.9520479440689087,0.7985798716545105
YPL254W,YER022W,0,-1.1964437,0.1066114753484726,0.9520479440689087,0.7986798882484436
YFL056C,YKL183W,0,-1.1966931,0.10659955441951752,0.9520479440689087,0.7987799048423767
YGR212W,YOR019W,0,-1.1973294,0.10658763349056244,0.9520479440689087,0.798879861831665
YJL225C,YMR130W,0,-1.197483,0.10657571256160736,0.9520479440689087,0.7989798784255981
YBR114W,YMR118C,0,-1.1978108,0.10656379163265228,0.9520479440689087,0.7990798950195312
YPR174C,YCR093W,0,-1.1979128,0.1065518781542778,0.9520479440689087,0.7991799116134644
YDR513W,YGL174W,0,-1.1981437,0.10653996467590332,0.9520479440689087,0.7992799282073975
YLR343W,YOL095C,0,-1.1985763,0.10652805864810944,0.9520479440689087,0.7993799448013306
YDR448W,YPR200C,0,-1.1989897,0.10651615262031555,0.9520479440689087,0.7994799613952637
YOR211C,YML101C,0,-1.199283,0.10650424659252167,0.9520479440689087,0.7995799779891968
YBR222C,YDR318W,0,-1.1997586,0.10649234801530838,0.9520479440689087,0.7996799945831299
YFR015C,YOL165C,0,-1.2005998,0.10648044943809509,0.9520479440689087,0.7997799515724182
YKL203C,YOR174W,0,-1.2009646,0.1064685508608818,0.9520479440689087,0.7998799681663513
YJR108W,YLR121C,0,-1.2010299,0.10645665973424911,0.9520479440689087,0.7999799847602844
YCR072C,YOL069W,0,-1.2011043,0.10644476860761642,0.9520479440689087,0.8000800013542175
YML061C,YDR057W,0,-1.2011667,0.10643287748098373,0.9520479440689087,0.8001800179481506
YJL179W,YPL253C,0,-1.2011694,0.10642099380493164,0.9520479440689087,0.8002800345420837
YPL141C,YOR259C,0,-1.201356,0.10640911012887955,0.9520479440689087,0.8003800511360168
YGL040C,YLR315W,0,-1.2015578,0.10639723390340805,0.9520479440689087,0.80048006772995
YPR155C,YHR005C-A,0,-1.2015728,0.10638535022735596,0.9520479440689087,0.8005800843238831
YKR101W,YNL007C,0,-1.2023623,0.10637348145246506,0.9520479440689087,0.8006800413131714
YOL004W,YPL123C,0,-1.2024614,0.10636160522699356,0.9520479440689087,0.8007800579071045
YBR192W,YDR270W,0,-1.202614,0.10634973645210266,0.9520479440689087,0.8008800745010376
YKL028W,YPL172C,0,-1.2028334,0.10633786767721176,0.9520479440689087,0.8009800910949707
YHL011C,YHR014W,0,-1.2029498,0.10632600635290146,0.9520479440689087,0.8010801076889038
YMR284W,YIL106W,0,-1.2034148,0.10631414502859116,0.9520479440689087,0.8011801242828369
YOL103W-B,YER159C,0,-1.2035426,0.10630228370428085,0.9520479440689087,0.80128014087677
YHR215W,YCR092C,0,-1.2040898,0.10629042983055115,0.9520479440689087,0.8013801574707031
YDR256C,YMR017W,0,-1.2046937,0.10627857595682144,0.9520479440689087,0.8014801740646362
YNL161W,YNL230C,0,-1.2049878,0.10626672953367233,0.9520479440689087,0.8015801310539246
YLR102C,YOL140W,0,-1.2055308,0.10625487565994263,0.9520479440689087,0.8016801476478577
YLR025W,YER087C-B,0,-1.2058879,0.10624302923679352,0.9520479440689087,0.8017801642417908
YOR001W,YDL135C,0,-1.2059429,0.106231190264225,0.9520479440689087,0.8018801808357239
YNL328C,YNL029C,0,-1.2062906,0.1062193512916565,0.9520479440689087,0.801980197429657
YMR143W,YDL120W,0,-1.2062954,0.10620751231908798,0.9520479440689087,0.8020802140235901
YER032W,YHR020W,0,-1.2063428,0.10619567334651947,0.9520479440689087,0.8021802306175232
YNL133C,YPL195W,0,-1.2065713,0.10618384182453156,0.9520479440689087,0.8022802472114563
YBL061C,YJR109C,0,-1.2066101,0.10617201775312424,0.9520479440689087,0.8023802638053894
YDR100W,YIL027C,0,-1.2072701,0.10616018623113632,0.9520479440689087,0.8024802207946777
YNL112W,YCL060C,0,-1.2079588,0.106148362159729,0.9520479440689087,0.8025802373886108
YPR097W,YOR049C,0,-1.2080925,0.10613653808832169,0.9520479440689087,0.802680253982544
YBL013W,YKL140W,0,-1.2083771,0.10612472146749496,0.9520479440689087,0.802780270576477
YAR010C,YPR158W-B,0,-1.2085265,0.10611290484666824,0.9520479440689087,0.8028802871704102
YNL284C-B,YJR046W,0,-1.2091876,0.10610108822584152,0.9520479440689087,0.8029803037643433
YLR009W,YPL149W,0,-1.2096323,0.1060892790555954,0.9520479440689087,0.8030803203582764
YOR148C,YDR218C,0,-1.2104276,0.10607746988534927,0.9520479440689087,0.8031803369522095
YNL054W-A,YDR407C,0,-1.210631,0.10606566816568375,0.9520479440689087,0.8032803535461426
YBR084W,YNL147W,0,-1.2111102,0.10605385899543762,0.9520479440689087,0.8033803105354309
YMR226C,YDR494W,0,-1.2112379,0.1060420572757721,0.9520479440689087,0.803480327129364
YBL112C,YAL040C,0,-1.2113309,0.10603026300668716,0.9520479440689087,0.8035803437232971
YML045W-A,YJR107W,0,-1.211435,0.10601846873760223,0.9520479440689087,0.8036803603172302
YJL112W,YGR251W,0,-1.2116604,0.1060066744685173,0.9520479440689087,0.8037803769111633
YIL153W,YER109C,0,-1.2117554,0.10599488019943237,0.9520479440689087,0.8038803935050964
YNL284C,YER126C,0,-1.212388,0.10598309338092804,0.9520479440689087,0.8039804100990295
YOR155C,YOR189W,0,-1.2124356,0.1059713140130043,0.9520479440689087,0.8040804266929626
YLR151C,YFL061W,0,-1.212817,0.10595952719449997,0.9520479440689087,0.8041804432868958
YMR059W,YJR005W,0,-1.2128319,0.10594774782657623,0.9520479440689087,0.8042804002761841
YDR384C,YLR004C,0,-1.2128991,0.1059359684586525,0.9520479440689087,0.8043804168701172
YER184C,YDR009W,0,-1.213182,0.10592419654130936,0.9520479440689087,0.8044804334640503
YGR169C,YOR019W,0,-1.2133658,0.10591242462396622,0.9520479440689087,0.8045804500579834
YNL054W-A,YNL251C,0,-1.2140834,0.10590065270662308,0.9520479440689087,0.8046804666519165
YGL045W,YBR218C,0,-1.2141067,0.10588888823986053,0.9520479440689087,0.8047804832458496
YML045W-A,YML097C,0,-1.214481,0.10587712377309799,0.9520479440689087,0.8048804998397827
YMR194W,YGR211W,0,-1.215236,0.10586536675691605,0.9520479440689087,0.8049805164337158
YIL115C,YDR440W,0,-1.2154368,0.1058536022901535,0.9520479440689087,0.8050805330276489
YML036W,YOL038W,0,-1.2154571,0.10584184527397156,0.9520479440689087,0.8051804900169373
YDR107C,YLR313C,0,-1.2160319,0.10583009570837021,0.9520479440689087,0.8052805066108704
YOR317W,YJL170C,0,-1.21628,0.10581834614276886,0.9520479440689087,0.8053805232048035
YDR318W,YKR096W,0,-1.2165954,0.10580659657716751,0.9520479440689087,0.8054805397987366
YLR129W,YBR195C,0,-1.2169188,0.10579484701156616,0.9520479440689087,0.8055805563926697
YOR078W,YPL013C,0,-1.2173067,0.10578310489654541,0.9520479440689087,0.8056805729866028
YOR113W,YGR026W,0,-1.2191129,0.10577136278152466,0.9520479440689087,0.8057805895805359
YNL180C,YMR036C,0,-1.2196902,0.1057596281170845,0.9520479440689087,0.805880606174469
YDR464W,YOR319W,0,-1.2197043,0.10574789345264435,0.9520479440689087,0.8059806227684021
YJL054W,YLR187W,0,-1.2204262,0.1057361587882042,0.9520479440689087,0.8060805797576904
YER087C-B,YNL059C,0,-1.2207366,0.10572443157434464,0.9520479440689087,0.8061805963516235
YHL028W,YHL008C,0,-1.2207655,0.10571270436048508,0.9520479440689087,0.8062806129455566
YOR109W,YMR250W,0,-1.220786,0.10570097714662552,0.9520479440689087,0.8063806295394897
YDR242W,YHL040C,0,-1.2209042,0.10568924993276596,0.9520479440689087,0.8064806461334229
YFR027W,YBL080C,0,-1.2215751,0.105677530169487,0.9520479440689087,0.806580662727356
YHL028W,YJR032W,0,-1.2219383,0.10566581785678864,0.9520479440689087,0.8066806793212891
YAL011W,YKR083C,0,-1.222139,0.10565410554409027,0.9520479440689087,0.8067806959152222
YHR146W,YIR026C,0,-1.2226107,0.1056423932313919,0.9520479440689087,0.8068807125091553
YDR210C-D,YJL029C,0,-1.2226529,0.10563068091869354,0.9520479440689087,0.8069806694984436
YER108C,YGR001C,0,-1.2229475,0.10561897605657578,0.9520479440689087,0.8070806860923767
YMR013C,YML112W,0,-1.2229731,0.10560727119445801,0.9520479440689087,0.8071807026863098
YOL069W,YDR320C-A,0,-1.2231486,0.10559556633234024,0.9520479440689087,0.8072807192802429
YBR070C,YPL057C,1,-1.2231575,0.10569465905427933,0.953046977519989,0.8072807192802429
YFL047W,YHR164C,0,-1.223266,0.10568295419216156,0.953046977519989,0.807380735874176
YKR053C,YJL097W,0,-1.2233018,0.1056712418794632,0.953046977519989,0.8074807524681091
YIR032C,YCR039C,0,-1.2244176,0.10565954446792603,0.953046977519989,0.8075807690620422
YFR006W,YCL068C,0,-1.2245458,0.10564783960580826,0.953046977519989,0.8076807856559753
YIL030C,YHL040C,0,-1.2247542,0.10563614219427109,0.953046977519989,0.8077808022499084
YHR214C-C,YOL117W,0,-1.2253644,0.10562444478273392,0.953046977519989,0.8078807592391968
YIL126W,YDL209C,0,-1.2254008,0.10561275482177734,0.953046977519989,0.8079807758331299
YOR063W,YLL017W,0,-1.225972,0.10560106486082077,0.953046977519989,0.808080792427063
YNL317W,YGR239C,0,-1.2265587,0.1055893748998642,0.953046977519989,0.8081808090209961
YJL021C,YKR099W,0,-1.2266849,0.10557769238948822,0.953046977519989,0.8082808256149292
YFL002W-A,YDL247W,0,-1.2285631,0.10556600987911224,0.953046977519989,0.8083808422088623
YHL028W,YIR009W,0,-1.228886,0.10555432736873627,0.953046977519989,0.8084808588027954
YLR353W,YIL135C,0,-1.229862,0.10554264485836029,0.953046977519989,0.8085808753967285
YGR178C,YMR042W,0,-1.2302707,0.10553096979856491,0.953046977519989,0.8086808919906616
YGR161W-A,YLR249W,0,-1.2303474,0.10551930218935013,0.953046977519989,0.80878084897995
YLR337W,YMR172W,0,-1.2303933,0.10550763458013535,0.953046977519989,0.8088808655738831
YMR150C,YHR139C,0,-1.2304908,0.10549596697092056,0.953046977519989,0.8089808821678162
YNL183C,YJL034W,0,-1.2305098,0.10548429936170578,0.953046977519989,0.8090808987617493
YGL178W,YPL213W,0,-1.2306799,0.1054726392030716,0.953046977519989,0.8091809153556824
YNL284C,YNL015W,0,-1.2307534,0.10546097904443741,0.953046977519989,0.8092809319496155
YNL131W,YGR161C-D,0,-1.2308959,0.10544931888580322,0.953046977519989,0.8093809485435486
YDL028C,YNR011C,0,-1.2309743,0.10543766617774963,0.953046977519989,0.8094809651374817
YDR298C,YBR282W,0,-1.2315701,0.10542601346969604,0.953046977519989,0.8095809817314148
YOR209C,YGL038C,1,-1.2316008,0.10552486032247543,0.9540459513664246,0.8095809817314148
YGR094W,YML039W,0,-1.2317868,0.10551320016384125,0.9540459513664246,0.8096809387207031
YKR048C,YLR227W-A,0,-1.2322241,0.10550154745578766,0.9540459513664246,0.8097809553146362
YDR421W,YDR260C,0,-1.2322744,0.10548989474773407,0.9540459513664246,0.8098809719085693
YDR210C-C,YEL054C,0,-1.232386,0.10547824203968048,0.9540459513664246,0.8099809885025024
YPL177C,YDR210W-B,0,-1.2323924,0.10546658933162689,0.9540459513664246,0.8100810050964355
YKR020W,YBR022W,0,-1.2324932,0.1054549440741539,0.9540459513664246,0.8101810216903687
YDL043C,YNL041C,0,-1.232793,0.1054433062672615,0.9540459513664246,0.8102810382843018
YDL145C,YGR109W-A,0,-1.233108,0.10543166100978851,0.9540459513664246,0.8103810548782349
YPL097W,YDR126W,0,-1.2332169,0.10542002320289612,0.9540459513664246,0.810481071472168
YER101C,YGR027W-B,0,-1.2338604,0.10540838539600372,0.9540459513664246,0.8105810284614563
YBL075C,YBR233W-A,0,-1.234278,0.10539675503969193,0.9540459513664246,0.8106810450553894
YDR108W,YER087C-B,0,-1.2343867,0.10538512468338013,0.9540459513664246,0.8107810616493225
YDR040C,YDR005C,0,-1.234877,0.10537349432706833,0.9540459513664246,0.8108810782432556
YBL068W,YPR019W,0,-1.235363,0.10536187142133713,0.9540459513664246,0.8109810948371887
YIL120W,YLR109W,0,-1.2355722,0.10535024851560593,0.9540459513664246,0.8110811114311218
YEL013W,YIL170W,0,-1.2356632,0.10533862560987473,0.9540459513664246,0.8111811280250549
YBR101C,YDR159W,0,-1.2358736,0.10532701015472412,0.9540459513664246,0.811281144618988
YBL037W,YMR023C,0,-1.2364801,0.10531539469957352,0.9540459513664246,0.8113811612129211
YHR160C,YKL200C,0,-1.236858,0.10530377924442291,0.9540459513664246,0.8114811778068542
YER052C,YLR227W-B,0,-1.2368879,0.1052921712398529,0.9540459513664246,0.8115811347961426
YOL102C,YGR162W,0,-1.236945,0.1052805632352829,0.9540459513664246,0.8116811513900757
YGR272C,YHR161C,0,-1.2374357,0.10526896268129349,0.9540459513664246,0.8117811679840088
YPL027W,YBL054W,0,-1.2375427,0.10525735467672348,0.9540459513664246,0.8118811845779419
YHR101C,YJR096W,0,-1.2379949,0.10524575412273407,0.9540459513664246,0.811981201171875
YDR170W-A,YGR030C,0,-1.2380496,0.10523416101932526,0.9540459513664246,0.8120812177658081
YHL036W,YCR055C,0,-1.238342,0.10522256791591644,0.9540459513664246,0.8121812343597412
YPR067W,YML060W,0,-1.2385601,0.10521097481250763,0.9540459513664246,0.8122812509536743
YDR289C,YDR377W,0,-1.2391311,0.10519938170909882,0.9540459513664246,0.8123812675476074
YLR410W-A,YDR246W,0,-1.2397147,0.1051877960562706,0.9540459513664246,0.8124812245368958
YER137C-A,YJR102C,0,-1.2398403,0.10517621040344238,0.9540459513664246,0.8125812411308289
YOR357C,YJL148W,0,-1.2398441,0.10516463220119476,0.9540459513664246,0.812681257724762
YOR274W,YJL062W-A,0,-1.2400814,0.10515304654836655,0.9540459513664246,0.8127812743186951
YBR173C,YBL041W,0,-1.2401012,0.10514147579669952,0.9540459513664246,0.8128812909126282
YER089C,YPR030W,0,-1.2405187,0.1051298975944519,0.9540459513664246,0.8129813075065613
YPR016C,YBR278W,0,-1.2407461,0.10511832684278488,0.9540459513664246,0.8130813241004944
YDR365C,YHR147C,0,-1.2411131,0.10510675609111786,0.9540459513664246,0.8131813406944275
YDR261W-A,YML011C,0,-1.2418935,0.10509519279003143,0.9540459513664246,0.8132813572883606
YJL127C,YJL128C,0,-1.241989,0.10508362948894501,0.9540459513664246,0.8133813142776489
YCR060W,YKL110C,0,-1.2423155,0.10507206618785858,0.9540459513664246,0.813481330871582
YGL060W,YHR010W,0,-1.2428323,0.10506050288677216,0.9540459513664246,0.8135813474655151
YJR140C,YDR219C,0,-1.2429312,0.10504894703626633,0.9540459513664246,0.8136813640594482
YMR232W,YMR290C,0,-1.2430347,0.1050373986363411,0.9540459513664246,0.8137813806533813
YDR418W,YBR090C-A,0,-1.2437481,0.10502584278583527,0.9540459513664246,0.8138813972473145
YOL103W-A,YER123W,0,-1.244723,0.10501429438591003,0.9540459513664246,0.8139814138412476
YNL286W,YGR088W,0,-1.2451541,0.1050027459859848,0.9540459513664246,0.8140814304351807
YKL089W,YLR055C,0,-1.2453326,0.10499120503664017,0.9540459513664246,0.8141814470291138
YHL009W-B,YML013W,0,-1.2453977,0.10497966408729553,0.9540459513664246,0.8142814040184021
YDR076W,YJL004C,0,-1.245835,0.1049681231379509,0.9540459513664246,0.8143814206123352
YJL156C,YDR330W,0,-1.2459029,0.10495658963918686,0.9540459513664246,0.8144814372062683
YKL089W,YDR487C,0,-1.2459818,0.10494505614042282,0.9540459513664246,0.8145814538002014
YOL007C,YMR273C,0,-1.2461568,0.10493352264165878,0.9540459513664246,0.8146814703941345
YDR512C,YNL020C,0,-1.2465204,0.10492199659347534,0.9540459513664246,0.8147814869880676
YCR060W,YHR111W,0,-1.2465235,0.1049104705452919,0.9540459513664246,0.8148815035820007
YDR252W,YDR034C-C,0,-1.2466413,0.10489894449710846,0.9540459513664246,0.8149815201759338
YOR330C,YGL111W,0,-1.2468415,0.10488742589950562,0.9540459513664246,0.8150815367698669
YBR131W,YDR242W,0,-1.2471149,0.10487590730190277,0.9540459513664246,0.8151814937591553
YLL012W,YPL254W,0,-1.2472571,0.10486438870429993,0.9540459513664246,0.8152815103530884
YIL125W,YHR156C,0,-1.2473286,0.10485287755727768,0.9540459513664246,0.8153815269470215
YOR347C,YOR346W,0,-1.2475355,0.10484136641025543,0.9540459513664246,0.8154815435409546
YML040W,YGR020C,0,-1.2477356,0.10482985526323318,0.9540459513664246,0.8155815601348877
YPR204W,YDR403W,0,-1.247951,0.10481835156679153,0.9540459513664246,0.8156815767288208
YGL189C,YPL040C,0,-1.2479655,0.10480684787034988,0.9540459513664246,0.8157815933227539
YBR120C,YDR003W,0,-1.2480425,0.10479534417390823,0.9540459513664246,0.815881609916687
YHL009W-B,YHR036W,0,-1.2483025,0.10478384792804718,0.9540459513664246,0.8159816265106201
YLR056W,YDR316W-A,0,-1.2484046,0.10477235168218613,0.9540459513664246,0.8160815834999084
YKL218C,YDR534C,0,-1.2487309,0.10476086288690567,0.9540459513664246,0.8161816000938416
YFR007W,YMR186W,0,-1.2491002,0.10474936664104462,0.9540459513664246,0.8162816166877747
YLR039C,YFL002W-A,0,-1.2491399,0.10473787784576416,0.9540459513664246,0.8163816332817078
YNL032W,YJL173C,0,-1.2494153,0.1047263965010643,0.9540459513664246,0.8164816498756409
YPL097W,YHL040C,0,-1.2496744,0.10471491515636444,0.9540459513664246,0.816581666469574
YGL093W,YJR065C,0,-1.249684,0.10470343381166458,0.9540459513664246,0.8166816830635071
YJR057W,YDL130W,0,-1.2508762,0.10469195246696472,0.9540459513664246,0.8167816996574402
YOR389W,YJL057C,0,-1.2508839,0.10468047857284546,0.9540459513664246,0.8168817162513733
YDL133C-A,YLL009C,0,-1.2509531,0.1046690046787262,0.9540459513664246,0.8169816732406616
YNL038W,YNR027W,0,-1.2510434,0.10465753078460693,0.9540459513664246,0.8170816898345947
YNL284C-B,YDR055W,0,-1.2526637,0.10464606434106827,0.9540459513664246,0.8171817064285278
YDR224C,YPL183W-A,0,-1.2534473,0.1046345978975296,0.9540459513664246,0.8172817230224609
YBR282W,YOL103W-B,0,-1.2536784,0.10462313890457153,0.9540459513664246,0.817381739616394
YDR513W,YNL250W,0,-1.2537152,0.10461167991161346,0.9540459513664246,0.8174817562103271
YPR173C,YMR071C,0,-1.2545472,0.1046002209186554,0.9540459513664246,0.8175817728042603
YDR470C,YGR088W,0,-1.2547623,0.10458876192569733,0.9540459513664246,0.8176817893981934
YNL006W,YER162C,0,-1.254903,0.10457731038331985,0.9540459513664246,0.8177818059921265
YLL019C,YMR004W,0,-1.2549162,0.10456585884094238,0.9540459513664246,0.8178817629814148
YPL202C,YER151C,0,-1.254927,0.10455441474914551,0.9540459513664246,0.8179817795753479
YBR180W,YDR170W-A,0,-1.2553365,0.10454296320676804,0.9540459513664246,0.818081796169281
YOL054W,YGR285C,0,-1.2556208,0.10453152656555176,0.9540459513664246,0.8181818127632141
YLR010C,YNL098C,0,-1.2561349,0.10452008247375488,0.9540459513664246,0.8182818293571472
YOL078W,YCL057C-A,0,-1.256365,0.1045086458325386,0.9540459513664246,0.8183818459510803
YFL011W,YJR089W,0,-1.2565359,0.10449720919132233,0.9540459513664246,0.8184818625450134
YBL101W-A,YDR105C,0,-1.2566012,0.10448578000068665,0.9540459513664246,0.8185818791389465
YOR209C,YPR048W,0,-1.2566198,0.10447434335947037,0.9540459513664246,0.8186818957328796
YPR016C,YHL034C,0,-1.257432,0.10446292161941528,0.9540459513664246,0.818781852722168
YDR498C,YKL042W,0,-1.258297,0.1044514924287796,0.9540459513664246,0.8188818693161011
YOL002C,YCR081W,0,-1.2584565,0.10444007068872452,0.9540459513664246,0.8189818859100342
YHR076W,YIL046W,0,-1.2586006,0.10442864894866943,0.9540459513664246,0.8190819025039673
YLL057C,YLR316C,0,-1.2586762,0.10441723465919495,0.9540459513664246,0.8191819190979004
YNL284C-B,YOL002C,0,-1.258728,0.10440581291913986,0.9540459513664246,0.8192819356918335
YGL087C,YNL128W,0,-1.2590456,0.10439440608024597,0.9540459513664246,0.8193819522857666
YKR008W,YLL003W,0,-1.2592164,0.10438299179077148,0.9540459513664246,0.8194819688796997
YJR097W,YOR322C,0,-1.2593912,0.1043715849518776,0.9540459513664246,0.8195819854736328
YDR229W,YER091C,0,-1.2599865,0.1043601781129837,0.9540459513664246,0.8196819424629211
YFR034C,YDR239C,0,-1.259996,0.10434877872467041,0.9540459513664246,0.8197819590568542
YPL226W,YNL133C,0,-1.2603959,0.10433737933635712,0.9540459513664246,0.8198819756507874
YJL176C,YMR033W,0,-1.2609636,0.10432597994804382,0.9540459513664246,0.8199819922447205
YDR054C,YHL009W-B,0,-1.2615069,0.10431458055973053,0.9540459513664246,0.8200820088386536
YJL178C,YMR223W,0,-1.2619685,0.10430318862199783,0.9540459513664246,0.8201820254325867
YBR001C,YJR110W,0,-1.2632428,0.10429179668426514,0.9540459513664246,0.8202820420265198
YPR158C-D,YMR168C,0,-1.26355,0.10428041219711304,0.9540459513664246,0.8203820586204529
YJL065C,YGL209W,0,-1.2638103,0.10426902770996094,0.9540459513664246,0.820482075214386
YEL043W,YHR088W,0,-1.264094,0.10425764322280884,0.9540459513664246,0.8205820322036743
YGL172W,YHR021C,0,-1.2641996,0.10424625873565674,0.9540459513664246,0.8206820487976074
YMR182C,YLR300W,0,-1.2644223,0.10423488169908524,0.9540459513664246,0.8207820653915405
YNL008C,YNL230C,0,-1.2644738,0.10422350466251373,0.9540459513664246,0.8208820819854736
YGR109W-B,YLR426W,0,-1.2649909,0.10421213507652283,0.9540459513664246,0.8209820985794067
YIL074C,YPL269W,0,-1.2651875,0.10420076549053192,0.9540459513664246,0.8210821151733398
YER033C,YIL172C,0,-1.265499,0.10418939590454102,0.9540459513664246,0.821182131767273
YMR133W,YPR068C,0,-1.2659515,0.10417802631855011,0.9540459513664246,0.821282148361206
YER161C,YOR258W,0,-1.2662189,0.1041666641831398,0.9540459513664246,0.8213821649551392
YGR188C,YIL068C,0,-1.2664138,0.10415530949831009,0.9540459513664246,0.8214821219444275
YDR421W,YPR162C,0,-1.2666087,0.10414394736289978,0.9540459513664246,0.8215821385383606
YLR017W,YJL058C,0,-1.2667412,0.10413259267807007,0.9540459513664246,0.8216821551322937
YMR311C,YHR067W,0,-1.2668998,0.10412123799324036,0.9540459513664246,0.8217821717262268
YBR279W,YNL137C,0,-1.2672827,0.10410989075899124,0.9540459513664246,0.8218821883201599
YPR091C,YLR414C,0,-1.2673534,0.10409853607416153,0.9540459513664246,0.821982204914093
YMR307W,YNL181W,0,-1.267646,0.10408719629049301,0.9540459513664246,0.8220822215080261
YDR454C,YLR014C,0,-1.2677009,0.1040758490562439,0.9540459513664246,0.8221822381019592
YOL103W-A,YNR013C,0,-1.2677351,0.10406450927257538,0.9540459513664246,0.8222822546958923
YIL143C,YMR032W,0,-1.2677437,0.10405316948890686,0.9540459513664246,0.8223822116851807
YOR252W,YGL090W,0,-1.2679662,0.10404183715581894,0.9540459513664246,0.8224822282791138
YOL026C,YNL318C,0,-1.2679777,0.10403049737215042,0.9540459513664246,0.8225822448730469
YLR107W,YDR210C-C,0,-1.2682792,0.1040191724896431,0.9540459513664246,0.82268226146698
YDR323C,YMR001C,0,-1.2690032,0.10400784015655518,0.9540459513664246,0.8227822780609131
YPL018W,YDR316W-A,0,-1.269671,0.10399651527404785,0.9540459513664246,0.8228822946548462
YLL053C,YOL057W,0,-1.2706177,0.10398519039154053,0.9540459513664246,0.8229823112487793
YJR147W,YKL059C,0,-1.2710276,0.1039738729596138,0.9540459513664246,0.8230823278427124
YOR037W,YAL015C,0,-1.2712643,0.10396254807710648,0.9540459513664246,0.8231823444366455
YBR275C,YPR128C,0,-1.2717474,0.10395123809576035,0.9540459513664246,0.8232823014259338
YJL179W,YKL074C,0,-1.2719942,0.10393992066383362,0.9540459513664246,0.8233823180198669
YHL009W-B,YDR297W,0,-1.2720556,0.10392861068248749,0.9540459513664246,0.8234823346138
YDR437W,YEL036C,1,-1.2720574,0.10402611643075943,0.9550449848175049,0.8234823346138
YJR049C,YMR273C,0,-1.2724485,0.1040147989988327,0.9550449848175049,0.8235823512077332
YGR075C,YJL129C,0,-1.2724746,0.10400348156690598,0.9550449848175049,0.8236823678016663
YHR039C-A,YNR013C,0,-1.2726198,0.10399217158555984,0.9550449848175049,0.8237823843955994
YMR045C,YMR188C,0,-1.2733992,0.10398085415363312,0.9550449848175049,0.8238824009895325
YFL005W,YJL080C,0,-1.2734265,0.10396955162286758,0.9550449848175049,0.8239824175834656
YOL078W,YKR066C,0,-1.273493,0.10395824164152145,0.9550449848175049,0.8240824341773987
YOR215C,YDR003W,0,-1.2735214,0.10394693911075592,0.9550449848175049,0.824182391166687
YIL126W,YGR072W,0,-1.2735707,0.10393563657999039,0.9550449848175049,0.8242824077606201
YPL248C,YBR089C-A,0,-1.2743362,0.10392434149980545,0.9550449848175049,0.8243824243545532
YLR098C,YGR001C,0,-1.2743932,0.10391304641962051,0.9550449848175049,0.8244824409484863
YLR377C,YKL017C,0,-1.2743933,0.10390175133943558,0.9550449848175049,0.8245824575424194
YNL086W,YLR035C-A,0,-1.2746245,0.10389045625925064,0.9550449848175049,0.8246824741363525
YBL028C,YDR545W,0,-1.2749144,0.1038791686296463,0.9550449848175049,0.8247824907302856
YAL011W,YJL180C,0,-1.275839,0.10386788100004196,0.9550449848175049,0.8248825073242188
YPL174C,YOR043W,0,-1.2759238,0.10385660082101822,0.9550449848175049,0.8249825239181519
YGR002C,YNL236W,0,-1.2760781,0.10384532064199448,0.9550449848175049,0.8250824809074402
YDR165W,YKL087C,0,-1.2766622,0.10383404046297073,0.9550449848175049,0.8251824975013733
YMR071C,YDR261W-B,0,-1.2768189,0.10382276028394699,0.9550449848175049,0.8252825140953064
YLR234W,YKL042W,0,-1.2777466,0.10381148755550385,0.9550449848175049,0.8253825306892395
YBR188C,YCR075C,0,-1.2777869,0.1038002148270607,0.9550449848175049,0.8254825472831726
YFL004W,YBR297W,0,-1.278156,0.10378894954919815,0.9550449848175049,0.8255825638771057
YAL003W,YJL179W,0,-1.2783483,0.1037776842713356,0.9550449848175049,0.8256825804710388
YLL040C,YIL120W,0,-1.2790797,0.10376641899347305,0.9550449848175049,0.8257825970649719
YGR161C-D,YBR261C,0,-1.2791265,0.1037551537156105,0.9550449848175049,0.825882613658905
YGR085C,YBR091C,0,-1.2793223,0.10374389588832855,0.9550449848175049,0.8259825706481934
YBR100W,YEL054C,0,-1.2798895,0.1037326380610466,0.9550449848175049,0.8260825872421265
YGL073W,YML051W,0,-1.2812296,0.10372138768434525,0.9550449848175049,0.8261826038360596
YPL063W,YCR093W,0,-1.2813989,0.1037101298570633,0.9550449848175049,0.8262826204299927
YIL056W,YLR023C,0,-1.2826059,0.10369887948036194,0.9550449848175049,0.8263826370239258
YDR080W,YMR072W,0,-1.2828766,0.10368763655424118,0.9550449848175049,0.8264826536178589
YFL039C,YHR079C-B,0,-1.283255,0.10367639362812042,0.9550449848175049,0.826582670211792
YDR031W,YGR027W-B,0,-1.2836584,0.10366515070199966,0.9550449848175049,0.8266826868057251
YBL051C,YPL257W-B,0,-1.2843897,0.1036539077758789,0.9550449848175049,0.8267827033996582
YBL101W-A,YDR468C,0,-1.2850932,0.10364267230033875,0.9550449848175049,0.8268826603889465
YMR075W,YOL032W,0,-1.2862226,0.10363143682479858,0.9550449848175049,0.8269826769828796
YDR280W,YAL024C,0,-1.2863964,0.10362020134925842,0.9550449848175049,0.8270826935768127
YJL139C,YNL158W,1,-1.2864614,0.10371734946966171,0.9560439586639404,0.8270826935768127
YGR106C,YPL021W,0,-1.286718,0.10370611399412155,0.9560439586639404,0.8271827101707458
YMR208W,YLR256W-A,0,-1.286929,0.10369487851858139,0.9560439586639404,0.827282726764679
YPR158W-B,YNL283C,0,-1.2871934,0.10368364304304123,0.9560439586639404,0.8273827433586121
YKL124W,YPR158C-C,0,-1.2880367,0.10367240756750107,0.9560439586639404,0.8274827599525452
YDR034C-C,YBR268W,0,-1.2882546,0.1036611795425415,0.9560439586639404,0.8275827765464783
YOL071W,YDR320C-A,0,-1.2884,0.10364995151758194,0.9560439586639404,0.8276827931404114
YBR015C,YMR306W,1,-1.2884326,0.10374702513217926,0.957042932510376,0.8276827931404114
YOR192C-A,YML106W,0,-1.2886728,0.1037357896566391,0.957042932510376,0.8277827501296997
YKL108W,YHR207C,0,-1.2891012,0.10372455418109894,0.957042932510376,0.8278827667236328
YLR227W-A,YLR043C,0,-1.2893097,0.10371332615613937,0.957042932510376,0.8279827833175659
YNR038W,YOR378W,0,-1.2903651,0.10370209813117981,0.957042932510376,0.828082799911499
YGL155W,YDR098C-A,0,-1.2910734,0.10369087755680084,0.957042932510376,0.8281828165054321
YBR282W,YPL078C,0,-1.2911493,0.10367965698242188,0.957042932510376,0.8282828330993652
YLR352W,YBL075C,0,-1.2912463,0.10366843640804291,0.957042932510376,0.8283828496932983
YAR033W,YML095C,0,-1.2919377,0.10365721583366394,0.957042932510376,0.8284828662872314
YMR308C,YLR223C,0,-1.2925119,0.10364600270986557,0.957042932510376,0.8285828828811646
YDL022W,YOL105C,0,-1.2932001,0.1036347895860672,0.957042932510376,0.8286828398704529
YPR120C,YCR028C,0,-1.2939702,0.10362358391284943,0.957042932510376,0.828782856464386
YCL066W,YOR148C,0,-1.2945377,0.10361237078905106,0.957042932510376,0.8288828730583191
YIL017W,YPL159C,0,-1.2947042,0.10360116511583328,0.957042932510376,0.8289828896522522
YNL306W,YDL076C,0,-1.2947398,0.1035899668931961,0.957042932510376,0.8290829062461853
YLR259C,YDR281C,0,-1.2947533,0.10357876867055893,0.957042932510376,0.8291829228401184
YNL119W,YJR006W,0,-1.2954947,0.10356757044792175,0.957042932510376,0.8292829394340515
YDR365C,YJL180C,0,-1.296161,0.10355637222528458,0.957042932510376,0.8293829560279846
YOR215C,YDR430C,0,-1.2963489,0.103545181453228,0.957042932510376,0.8294829726219177
YCL024W,YJL162C,0,-1.2965447,0.10353399068117142,0.957042932510376,0.829582929611206
YOL104C,YLR394W,0,-1.2965565,0.10352279990911484,0.957042932510376,0.8296829462051392
YIL034C,YIL068C,0,-1.2969042,0.10351161658763885,0.957042932510376,0.8297829627990723
YNL317W,YGL085W,0,-1.2984756,0.10350043326616287,0.957042932510376,0.8298829793930054
YLL051C,YNL054W-B,0,-1.2988809,0.10348924994468689,0.957042932510376,0.8299829959869385
YHR079C-B,YIL046W,0,-1.2988837,0.1034780740737915,0.957042932510376,0.8300830125808716
YDR427W,YDR200C,0,-1.298957,0.10346689820289612,0.957042932510376,0.8301830291748047
YDR018C,YKL149C,0,-1.2989942,0.10345572233200073,0.957042932510376,0.8302830457687378
YNL136W,YLR404W,0,-1.2994322,0.10344455391168594,0.957042932510376,0.8303830623626709
YFR049W,YDR501W,0,-1.3001236,0.10343338549137115,0.957042932510376,0.8304830193519592
YPL076W,YBR214W,0,-1.3002625,0.10342221707105637,0.957042932510376,0.8305830359458923
YPR163C,YDR451C,0,-1.300831,0.10341105610132217,0.957042932510376,0.8306830525398254
YBL005W-B,YKR104W,0,-1.3015807,0.10339989513158798,0.957042932510376,0.8307830691337585
YBR146W,YOR237W,0,-1.3016145,0.10338873416185379,0.957042932510376,0.8308830857276917
YOR322C,YOR172W,0,-1.3016722,0.1033775731921196,0.957042932510376,0.8309831023216248
YMR198W,YDR227W,0,-1.3019534,0.103366419672966,0.957042932510376,0.8310831189155579
YLR190W,YPR189W,0,-1.3022768,0.103355273604393,0.957042932510376,0.831183135509491
YPR010C,YKL033W,0,-1.3027059,0.10334412008523941,0.957042932510376,0.8312831521034241
YIR012W,YML036W,0,-1.3032424,0.10333297401666641,0.957042932510376,0.8313831090927124
YCR026C,YML011C,0,-1.3033537,0.10332182794809341,0.957042932510376,0.8314831256866455
YIL064W,YDR013W,0,-1.3035564,0.10331068933010101,0.957042932510376,0.8315831422805786
YKR020W,YAL058W,0,-1.3045243,0.10329955071210861,0.957042932510376,0.8316831588745117
YBR035C,YDR393W,0,-1.3046632,0.10328841209411621,0.957042932510376,0.8317831754684448
YGR216C,YNL289W,0,-1.3048784,0.10327727347612381,0.957042932510376,0.8318831920623779
YDR210W-B,YGR061C,0,-1.3049018,0.103266142308712,0.957042932510376,0.831983208656311
YBR272C,YGR027W-B,0,-1.3051246,0.1032550111413002,0.957042932510376,0.8320832252502441
YER040W,YJR028W,0,-1.3055348,0.103243887424469,0.957042932510376,0.8321832418441772
YEL015W,YOR267C,0,-1.3060342,0.10323275625705719,0.957042932510376,0.8322831988334656
YNL284C-A,YBR142W,0,-1.308548,0.10322163254022598,0.957042932510376,0.8323832154273987
YBR181C,YMR077C,0,-1.3101724,0.10321051627397537,0.957042932510376,0.8324832320213318
YNL118C,YBL041W,0,-1.3104755,0.10319940000772476,0.957042932510376,0.8325832486152649
YKR020W,YMR229C,0,-1.3110348,0.10318828374147415,0.957042932510376,0.832683265209198
YFL002W-B,YLR248W,0,-1.3111567,0.10317716747522354,0.957042932510376,0.8327832818031311
YDR088C,YHL026C,0,-1.3117318,0.10316605865955353,0.957042932510376,0.8328832983970642
YBR142W,YPR036W,0,-1.3129433,0.10315494984388351,0.957042932510376,0.8329833149909973
YPR158W-B,YML013W,0,-1.3139461,0.1031438410282135,0.957042932510376,0.8330833315849304
YJR021C,YKL173W,0,-1.3140041,0.10313273966312408,0.957042932510376,0.8331832885742188
YPR137C-B,YJR107W,0,-1.3146365,0.10312163829803467,0.957042932510376,0.8332833051681519
YNL029C,YDR399W,1,-1.314735,0.10321816802024841,0.9580419659614563,0.8332833051681519
YJR140C,YMR220W,0,-1.3151513,0.1032070592045784,0.9580419659614563,0.833383321762085
YLR318W,YGL147C,0,-1.3154615,0.10319595038890839,0.9580419659614563,0.8334833383560181
YPR137C-A,YJL129C,0,-1.3161767,0.10318484902381897,0.9580419659614563,0.8335833549499512
YDR424C,YFR024C,0,-1.3166028,0.10317374765872955,0.9580419659614563,0.8336833715438843
YHR122W,YHR149C,0,-1.3168324,0.10316265374422073,0.9580419659614563,0.8337833881378174
YGR276C,YOR156C,0,-1.3173556,0.10315155237913132,0.9580419659614563,0.8338834047317505
YML076C,YAL058W,0,-1.3174154,0.1031404584646225,0.9580419659614563,0.8339834213256836
YHR025W,YOR343W-A,0,-1.317499,0.10312937200069427,0.9580419659614563,0.8340834379196167
YDR453C,YJR010C-A,0,-1.317988,0.10311827808618546,0.9580419659614563,0.834183394908905
YOR192C-A,YNL247W,0,-1.318034,0.10310719162225723,0.9580419659614563,0.8342834115028381
YPR137C-A,YNL306W,0,-1.3181452,0.10309610515832901,0.9580419659614563,0.8343834280967712
YGL065C,YIL014W,1,-1.318665,0.1031925156712532,0.9590409398078918,0.8343834280967712
YGL216W,YLR390W-A,0,-1.31873,0.10318142920732498,0.9590409398078918,0.8344834446907043
YJR033C,YBR105C,0,-1.319706,0.10317033529281616,0.9590409398078918,0.8345834612846375
YDR512C,YDR170W-A,0,-1.3197159,0.10315924882888794,0.9590409398078918,0.8346834778785706
YHR164C,YDR449C,0,-1.3202308,0.10314816981554031,0.9590409398078918,0.8347834944725037
YGL158W,YEL005C,0,-1.3205924,0.10313708335161209,0.9590409398078918,0.8348835110664368
YHR031C,YDL030W,0,-1.3209077,0.10312600433826447,0.9590409398078918,0.8349835276603699
YKR078W,YFR038W,0,-1.3210872,0.10311493277549744,0.9590409398078918,0.8350834846496582
YNL284C-B,YBR107C,0,-1.3211654,0.10310385376214981,0.9590409398078918,0.8351835012435913
YAL033W,YMR186W,0,-1.3212403,0.10309278219938278,0.9590409398078918,0.8352835178375244
YJR089W,YFL021W,0,-1.321592,0.10308171063661575,0.9590409398078918,0.8353835344314575
YKL097W-A,YDL240W,0,-1.3217925,0.10307064652442932,0.9590409398078918,0.8354835510253906
YDR365W-A,YGL059W,0,-1.3223304,0.10305958241224289,0.9590409398078918,0.8355835676193237
YNL176C,YDL139C,0,-1.3224946,0.10304851830005646,0.9590409398078918,0.8356835842132568
YPL121C,YNL112W,0,-1.3226438,0.10303746163845062,0.9590409398078918,0.8357836008071899
YPR199C,YBR282W,0,-1.3230693,0.10302639752626419,0.9590409398078918,0.835883617401123
YDL045C,YLL017W,0,-1.3240939,0.10301534831523895,0.9590409398078918,0.8359835743904114
YNL054W-A,YIR018W,0,-1.325397,0.10300429165363312,0.9590409398078918,0.8360835909843445
YDR265W,YNL318C,0,-1.3254331,0.10299324244260788,0.9590409398078918,0.8361836075782776
YJL081C,YKR072C,0,-1.3256255,0.10298219323158264,0.9590409398078918,0.8362836241722107
YOR192C-A,YPL252C,0,-1.3259479,0.1029711440205574,0.9590409398078918,0.8363836407661438
YNL183C,YKR089C,0,-1.326023,0.10296010226011276,0.9590409398078918,0.8364836573600769
YCL066W,YDR096W,0,-1.3262552,0.10294906049966812,0.9590409398078918,0.83658367395401
YGR009C,YKL134C,0,-1.3262726,0.10293802618980408,0.9590409398078918,0.8366836905479431
YLR359W,YBR090C-A,0,-1.3263911,0.10292698442935944,0.9590409398078918,0.8367837071418762
YDR437W,YEL002C,1,-1.3273767,0.10302315652370453,0.9600399732589722,0.8367837071418762
YJR059W,YKL158W,0,-1.327603,0.10301211476325989,0.9600399732589722,0.8368836641311646
YBL068W,YBL113C,0,-1.3279426,0.10300107300281525,0.9600399732589722,0.8369836807250977
YPR137C-B,YOR349W,0,-1.3281571,0.1029900312423706,0.9600399732589722,0.8370836973190308
YER029C,YDR151C,0,-1.3283437,0.10297899693250656,0.9600399732589722,0.8371837139129639
YBR090C-A,YCL054W,0,-1.3284878,0.10296796262264252,0.9600399732589722,0.837283730506897
YCL018W,YOR158W,0,-1.3286606,0.10295692831277847,0.9600399732589722,0.8373837471008301
YKR048C,YJR021C,0,-1.328839,0.10294590145349503,0.9600399732589722,0.8374837636947632
YMR022W,YCR080W,0,-1.3292507,0.10293487459421158,0.9600399732589722,0.8375837802886963
YKL143W,YHR168W,0,-1.3292788,0.10292384773492813,0.9600399732589722,0.8376837968826294
YPR168W,YDL175C,0,-1.3295039,0.10291282832622528,0.9600399732589722,0.8377837538719177
YHL038C,YKL020C,0,-1.3296438,0.10290180891752243,0.9600399732589722,0.8378837704658508
YMR179W,YNL039W,0,-1.3296545,0.10289078950881958,0.9600399732589722,0.8379837870597839
YCR094W,YOR008C,0,-1.3302597,0.10287977755069733,0.9600399732589722,0.838083803653717
YLR011W,YKL078W,0,-1.3305658,0.10286876559257507,0.9600399732589722,0.8381838202476501
YAR042W,YJR155W,0,-1.3312515,0.10285775363445282,0.9600399732589722,0.8382838368415833
YJL085W,YJL008C,0,-1.3313539,0.10284674912691116,0.9600399732589722,0.8383838534355164
YOL031C,YML045W-A,0,-1.3322139,0.1028357446193695,0.9600399732589722,0.8384838700294495
YJL002C,YDL232W,1,-1.3322614,0.10293173789978027,0.9610389471054077,0.8384838700294495
YOL152W,YEL041W,0,-1.3331871,0.10292072594165802,0.9610389471054077,0.8385838866233826
YJL054W,YKL173W,0,-1.3332777,0.10290971398353577,0.9610389471054077,0.8386838436126709
YER040W,YDR122W,0,-1.3339126,0.10289870202541351,0.9610389471054077,0.838783860206604
YDR512C,YPL258C,0,-1.3342478,0.10288769751787186,0.9610389471054077,0.8388838768005371
YMR065W,YLR224W,0,-1.3345525,0.1028767004609108,0.9610389471054077,0.8389838933944702
YBR299W,YDR476C,0,-1.3349675,0.10286569595336914,0.9610389471054077,0.8390839099884033
YLR105C,YER087C-B,0,-1.3357421,0.10285469889640808,0.9610389471054077,0.8391839265823364
YCR097WB,YNR072W,0,-1.3361815,0.10284370183944702,0.9610389471054077,0.8392839431762695
YMR175W,YNL063W,0,-1.3365356,0.10283271223306656,0.9610389471054077,0.8393839597702026
YNL118C,YHR206W,0,-1.3366748,0.1028217151761055,0.9610389471054077,0.8394839763641357
YOR279C,YER114C,0,-1.3372086,0.10281073302030563,0.9610389471054077,0.8395839333534241
YFL002W-B,YDR430C,0,-1.3374003,0.10279974341392517,0.9610389471054077,0.8396839499473572
YLR024C,YPR144C,0,-1.337469,0.1027887612581253,0.9610389471054077,0.8397839665412903
YFL029C,YIL006W,0,-1.3381828,0.10277777910232544,0.9610389471054077,0.8398839831352234
YER096W,YGL222C,0,-1.3381985,0.10276679694652557,0.9610389471054077,0.8399839997291565
YGR143W,YIL111W,0,-1.338642,0.1027558222413063,0.9610389471054077,0.8400840163230896
YKL140W,YFR031C-A,0,-1.3394021,0.10274484753608704,0.9610389471054077,0.8401840329170227
YOR313C,YKL191W,0,-1.3394365,0.10273387283086777,0.9610389471054077,0.8402840495109558
YER022W,YPL126W,0,-1.3397309,0.1027229055762291,0.9610389471054077,0.8403840661048889
YIR036C,YMR160W,0,-1.3401684,0.10271193832159042,0.9610389471054077,0.8404840230941772
YKR078W,YKR094C,0,-1.3403214,0.10270097106695175,0.9610389471054077,0.8405840396881104
YML015C,YDR273W,0,-1.3404957,0.10269001126289368,0.9610389471054077,0.8406840562820435
YFR032C-A,YKL022C,0,-1.3405961,0.1026790514588356,0.9610389471054077,0.8407840728759766
YOR319W,YNL027W,0,-1.341503,0.10266809165477753,0.9610389471054077,0.8408840894699097
YNL008C,YMR109W,0,-1.3425151,0.10265713185071945,0.9610389471054077,0.8409841060638428
YNR030W,YHR011W,0,-1.3429868,0.10264617949724197,0.9610389471054077,0.8410841226577759
YHL012W,YKL119C,0,-1.3441638,0.1026352271437645,0.9610389471054077,0.841184139251709
YPL098C,YDL119C,0,-1.3444116,0.10262428224086761,0.9610389471054077,0.8412841558456421
YHR031C,YOR156C,0,-1.3444216,0.10261332988739014,0.9610389471054077,0.8413841128349304
YDR483W,YDR034C-C,0,-1.3446314,0.10260239243507385,0.9610389471054077,0.8414841294288635
YNL284C-B,YDL113C,0,-1.3447076,0.10259144753217697,0.9610389471054077,0.8415841460227966
YER096W,YDR320C-A,0,-1.345024,0.10258051007986069,0.9610389471054077,0.8416841626167297
YAL011W,YLL027W,0,-1.3460354,0.1025695726275444,0.9610389471054077,0.8417841792106628
YOR279C,YLR130C,0,-1.3461015,0.10255863517522812,0.9610389471054077,0.841884195804596
YLR219W,YGR224W,0,-1.3468286,0.10254770517349243,0.9610389471054077,0.841984212398529
YPR137C-A,YBR114W,0,-1.3473661,0.10253677517175674,0.9610389471054077,0.8420842289924622
YHL016C,YDR081C,0,-1.3474485,0.10252584517002106,0.9610389471054077,0.8421842455863953
YOR278W,YOR288C,0,-1.3475908,0.10251492261886597,0.9610389471054077,0.8422842025756836
YGR120C,YPR067W,0,-1.3478292,0.10250399261713028,0.9610389471054077,0.8423842191696167
YDR478W,YNR041C,0,-1.3479196,0.10249307751655579,0.9610389471054077,0.8424842357635498
YGL065C,YDL095W,1,-1.347926,0.10258868336677551,0.962037980556488,0.8424842357635498
YKL144C,YGL174W,0,-1.3479747,0.10257776081562042,0.962037980556488,0.8425842523574829
YJR049C,YBR100W,0,-1.3485259,0.10256683081388474,0.962037980556488,0.842684268951416
YMR204C,YBL101W-A,0,-1.3494314,0.10255590826272964,0.962037980556488,0.8427842855453491
YMR150C,YPL168W,0,-1.3498436,0.10254499316215515,0.962037980556488,0.8428843021392822
YMR296C,YDR383C,0,-1.3504745,0.10253407061100006,0.962037980556488,0.8429843187332153
YOL056W,YFR024C,0,-1.3513867,0.10252315551042557,0.962037980556488,0.8430843353271484
YGR056W,YJL044C,0,-1.351847,0.10251224040985107,0.962037980556488,0.8431842923164368
YIL142W,YNL032W,0,-1.35212,0.10250133275985718,0.962037980556488,0.8432843089103699
YKR056W,YER038C,0,-1.3533558,0.10249042510986328,0.962037980556488,0.843384325504303
YLR019W,YHR027C,0,-1.3534259,0.10247951745986938,0.962037980556488,0.8434843420982361
YOR240W,YOR147W,0,-1.3535095,0.10246860980987549,0.962037980556488,0.8435843586921692
YDR052C,YNL218W,0,-1.3536992,0.10245770961046219,0.962037980556488,0.8436843752861023
YDL113C,YPR158C-C,0,-1.3538051,0.10244680941104889,0.962037980556488,0.8437843918800354
YDR383C,YGL037C,0,-1.3539132,0.10243590921163559,0.962037980556488,0.8438844084739685
YIL130W,YNL054W-A,0,-1.3541307,0.10242501646280289,0.962037980556488,0.8439844250679016
YDR108W,YPR106W,0,-1.3548003,0.10241412371397018,0.962037980556488,0.8440843820571899
YNL219C,YGL065C,1,-1.3552266,0.10250957310199738,0.9630369544029236,0.8440843820571899
YPR137C-A,YJL056C,0,-1.3558426,0.10249867290258408,0.9630369544029236,0.844184398651123
YKL186C,YMR213W,0,-1.3558686,0.10248777270317078,0.9630369544029236,0.8442844152450562
YHR092C,YIL107C,0,-1.3562021,0.10247687995433807,0.9630369544029236,0.8443844318389893
YGR145W,YGL092W,0,-1.3565588,0.10246598720550537,0.9630369544029236,0.8444844484329224
YDR365W-A,YDR398W,0,-1.3565781,0.10245509445667267,0.9630369544029236,0.8445844650268555
YOR308C,YDR126W,0,-1.356622,0.10244420915842056,0.9630369544029236,0.8446844816207886
YDR471W,YER050C,0,-1.3574351,0.10243332386016846,0.9630369544029236,0.8447844982147217
YJR103W,YML113W,0,-1.3579808,0.10242243856191635,0.9630369544029236,0.8448845148086548
YDR197W,YBR223C,0,-1.358174,0.10241156071424484,0.9630369544029236,0.8449844717979431
YGL158W,YPL147W,0,-1.3585488,0.10240068286657333,0.9630369544029236,0.8450844883918762
YDL133C-A,YDR284C,0,-1.3596841,0.10238980501890182,0.9630369544029236,0.8451845049858093
YDR437W,YNL192W,1,-1.3599164,0.10248513519763947,0.9640359878540039,0.8451845049858093
YEL013W,YER082C,0,-1.3599485,0.10247424989938736,0.9640359878540039,0.8452845215797424
YKL054C,YPL253C,0,-1.3603374,0.10246336460113525,0.9640359878540039,0.8453845381736755
YLR419W,YGL223C,0,-1.3610123,0.10245248675346375,0.9640359878540039,0.8454845547676086
YLR371W,YJL089W,0,-1.3610765,0.10244161635637283,0.9640359878540039,0.8455845713615417
YLR350W,YKL149C,0,-1.3610786,0.10243073850870132,0.9640359878540039,0.8456845879554749
YOR174W,YBR158W,0,-1.361277,0.10241986811161041,0.9640359878540039,0.845784604549408
YPL168W,YBR082C,0,-1.3614675,0.1024089977145195,0.9640359878540039,0.8458845615386963
YMR063W,YLR115W,0,-1.3625946,0.10239813476800919,0.9640359878540039,0.8459845781326294
YLR011W,YAR031W,0,-1.3627244,0.10238726437091827,0.9640359878540039,0.8460845947265625
YNL202W,YFR024C,0,-1.3629249,0.10237640887498856,0.9640359878540039,0.8461846113204956
YKL158W,YLR215C,0,-1.363676,0.10236554592847824,0.9640359878540039,0.8462846279144287
YJR096W,YNL278W,0,-1.3640798,0.10235469043254852,0.9640359878540039,0.8463846445083618
YER017C,YAL010C,0,-1.3642224,0.1023438349366188,0.9640359878540039,0.8464846611022949
YNL079C,YGL226C-A,0,-1.3647171,0.10233297944068909,0.9640359878540039,0.846584677696228
YNL054W-B,YPR054W,0,-1.3655863,0.10232213139533997,0.9640359878540039,0.8466846942901611
YER096W,YBR233W-A,0,-1.367093,0.10231128334999084,0.9640359878540039,0.8467846512794495
YCR077C,YER088C,0,-1.3672094,0.10230043530464172,0.9640359878540039,0.8468846678733826
YPL013C,YDR098C,0,-1.3690706,0.1022895872592926,0.9640359878540039,0.8469846844673157
YDR500C,YML045W-A,0,-1.3696021,0.10227874666452408,0.9640359878540039,0.8470847010612488
YER095W,YDR512C,0,-1.3716245,0.10226791352033615,0.9640359878540039,0.8471847176551819
YGR161C-D,YDR511W,0,-1.3716341,0.10225707292556763,0.9640359878540039,0.847284734249115
YDR443C,YLR446W,0,-1.37173,0.1022462397813797,0.9640359878540039,0.8473847508430481
YCL061C,YJR006W,0,-1.3722034,0.10223540663719177,0.9640359878540039,0.8474847674369812
YKL103C,YPL097W,0,-1.37265,0.10222457349300385,0.9640359878540039,0.8475847840309143
YBR023C,YMR306W,1,-1.3729159,0.10231967270374298,0.9650349617004395,0.8475847840309143
YKR102W,YBL101W-B,0,-1.3732219,0.10230883210897446,0.9650349617004395,0.8476847410202026
YMR053C,YJL206C,0,-1.3734757,0.10229799896478653,0.9650349617004395,0.8477847576141357
YDR523C,YNL250W,0,-1.3745143,0.1022871658205986,0.9650349617004395,0.8478847742080688
YOR311C,YDR098C-A,0,-1.3750786,0.10227634012699127,0.9650349617004395,0.847984790802002
YOL109W,YKL201C,0,-1.3754095,0.10226550698280334,0.9650349617004395,0.8480848073959351
YJR084W,YGR222W,0,-1.3760133,0.10225468128919601,0.9650349617004395,0.8481848239898682
YLR390W,YGL198W,0,-1.3761092,0.10224386304616928,0.9650349617004395,0.8482848405838013
YDR014W,YGR274C,0,-1.3768426,0.10223303735256195,0.9650349617004395,0.8483848571777344
YBR180W,YGR080W,0,-1.3769072,0.10222221910953522,0.9650349617004395,0.8484848737716675
YML045W-A,YIR026C,0,-1.3775864,0.10221140831708908,0.9650349617004395,0.8485848307609558
YHR066W,YGR040W,0,-1.3779832,0.10220059007406235,0.9650349617004395,0.8486848473548889
YAL041W,YGR057C,0,-1.3782632,0.10218977928161621,0.9650349617004395,0.848784863948822
YDR422C,YOL032W,0,-1.3783876,0.10217896848917007,0.9650349617004395,0.8488848805427551
YMR133W,YHR039C-B,0,-1.3787506,0.10216816514730453,0.9650349617004395,0.8489848971366882
YDL129W,YLR357W,0,-1.3793123,0.102157361805439,0.9650349617004395,0.8490849137306213
YDL065C,YJR135C,0,-1.3795049,0.10214655846357346,0.9650349617004395,0.8491849303245544
YDR310C,YCL052C,0,-1.3795215,0.10213575512170792,0.9650349617004395,0.8492849469184875
YLR357W,YOR172W,0,-1.379626,0.10212495923042297,0.9650349617004395,0.8493849635124207
YKL097W-A,YJL071W,0,-1.3802463,0.10211416333913803,0.9650349617004395,0.849484920501709
YJR057W,YLR433C,0,-1.3807815,0.10210337489843369,0.9650349617004395,0.8495849370956421
YLR223C,YKL132C,0,-1.3826399,0.10209257900714874,0.9650349617004395,0.8496849536895752
YBL101W-A,YOR381W,0,-1.3831431,0.1020817905664444,0.9650349617004395,0.8497849702835083
YNR059W,YIR017C,0,-1.3831619,0.10207100957632065,0.9650349617004395,0.8498849868774414
YBR289W,YNL020C,0,-1.3834192,0.1020602211356163,0.9650349617004395,0.8499850034713745
YKL034W,YCR055C,0,-1.3841473,0.10204944014549255,0.9650349617004395,0.8500850200653076
YIL017W,YLL035W,0,-1.3847147,0.1020386591553688,0.9650349617004395,0.8501850366592407
YGR005C,YBL055C,0,-1.3847765,0.10202788561582565,0.9650349617004395,0.8502850532531738
YDR076W,YER015W,0,-1.3851062,0.1020171120762825,0.9650349617004395,0.8503850102424622
YJL181W,YHR193C,0,-1.3857325,0.10200633853673935,0.9650349617004395,0.8504850268363953
YNR007C,YLR348C,0,-1.3858398,0.1019955649971962,0.9650349617004395,0.8505850434303284
YDR320C-A,YDR131C,0,-1.386152,0.10198479890823364,0.9650349617004395,0.8506850600242615
YDR079W,YOL105C,0,-1.3863479,0.10197403281927109,0.9650349617004395,0.8507850766181946
YDR098C-B,YHR059W,0,-1.3866364,0.10196326673030853,0.9650349617004395,0.8508850932121277
YDL024C,YCR097WB,0,-1.3867027,0.10195250809192657,0.9650349617004395,0.8509851098060608
YMR115W,YDL030W,0,-1.387132,0.10194174945354462,0.9650349617004395,0.8510851263999939
YDL045W-A,YDR465C,0,-1.3878752,0.10193099081516266,0.9650349617004395,0.851185142993927
YHL044W,YDR533C,0,-1.3879524,0.1019202396273613,0.9650349617004395,0.8512850999832153
YPR137C-A,YBR049C,0,-1.3882116,0.10190948098897934,0.9650349617004395,0.8513851165771484
YMR159C,YCR063W,0,-1.3883296,0.10189873725175858,0.9650349617004395,0.8514851331710815
YPL078C,YJL153C,0,-1.3884832,0.10188798606395721,0.9650349617004395,0.8515851497650146
YPR035W,YBL063W,0,-1.388612,0.10187724232673645,0.9650349617004395,0.8516851663589478
YPL156C,YLR300W,0,-1.3887259,0.10186649858951569,0.9650349617004395,0.8517851829528809
YLR316C,YKL052C,0,-1.3888911,0.10185575485229492,0.9650349617004395,0.851885199546814
YHR076W,YPR073C,0,-1.388915,0.10184501856565475,0.9650349617004395,0.8519852161407471
YFR045W,YDR019C,0,-1.3892988,0.10183428227901459,0.9650349617004395,0.8520852327346802
YCR020C,YIR018W,0,-1.3900763,0.10182354599237442,0.9650349617004395,0.8521851897239685
YDL047W,YIL090W,0,-1.3906838,0.10181281715631485,0.9650349617004395,0.8522852063179016
YJL128C,YPL074W,0,-1.3908529,0.10180208832025528,0.9650349617004395,0.8523852229118347
YIL037C,YHL006C,0,-1.3910072,0.10179135948419571,0.9650349617004395,0.8524852395057678
YLR353W,YFR040W,0,-1.3910141,0.10178063064813614,0.9650349617004395,0.8525852560997009
YMR220W,YCR080W,0,-1.3910468,0.10176990926265717,0.9650349617004395,0.852685272693634
YJL059W,YOR142W-B,0,-1.3912165,0.10175918787717819,0.9650349617004395,0.8527852892875671
YMR077C,YLR115W,0,-1.3912536,0.10174847394227982,0.9650349617004395,0.8528853058815002
YOR298W,YGL010W,0,-1.3921729,0.10173776000738144,0.9650349617004395,0.8529853224754333
YJR135W-A,YLR035C-A,0,-1.392362,0.10172704607248306,0.9650349617004395,0.8530852794647217
YLR142W,YNL194C,0,-1.393492,0.10171633213758469,0.9650349617004395,0.8531852960586548
YDR164C,YAL021C,0,-1.3937562,0.1017056256532669,0.9650349617004395,0.8532853126525879
YER106W,YFL044C,0,-1.3941624,0.10169491171836853,0.9650349617004395,0.853385329246521
YOL076W,YLR256W-A,0,-1.3950081,0.10168421268463135,0.9650349617004395,0.8534853458404541
YDR165W,YLR357W,0,-1.3959975,0.10167350620031357,0.9650349617004395,0.8535853624343872
YLR418C,YGR072W,0,-1.3960325,0.10166280716657639,0.9650349617004395,0.8536853790283203
YGR251W,YGL206C,0,-1.3967155,0.1016521081328392,0.9650349617004395,0.8537853956222534
YOL104C,YLR266C,0,-1.3974947,0.10164141654968262,0.9650349617004395,0.8538854122161865
YGR113W,YOR262W,0,-1.397508,0.10163071751594543,0.9650349617004395,0.8539853692054749
YPL153C,YDR448W,0,-1.3978459,0.10162002593278885,0.9650349617004395,0.854085385799408
YDR500C,YGR161W-A,0,-1.3979944,0.10160934180021286,0.9650349617004395,0.8541854023933411
YMR192W,YBR090C-A,0,-1.3982886,0.10159865021705627,0.9650349617004395,0.8542854189872742
YOL055C,YKL200C,0,-1.3985323,0.10158796608448029,0.9650349617004395,0.8543854355812073
YHR205W,YFR024C,0,-1.3998405,0.1015772894024849,0.9650349617004395,0.8544854521751404
YJL059W,YGL094C,0,-1.4015619,0.1015666052699089,0.9650349617004395,0.8545854687690735
YDR300C,YER123W,0,-1.4016317,0.10155592858791351,0.9650349617004395,0.8546854853630066
YOR287C,YDL136W,0,-1.4020426,0.10154525190591812,0.9650349617004395,0.8547855019569397
YDR253C,YKL099C,0,-1.4022323,0.10153458267450333,0.9650349617004395,0.854885458946228
YJL089W,YKR038C,0,-1.4022464,0.10152390599250793,0.9650349617004395,0.8549854755401611
YOR142W-A,YKL054C,0,-1.4024724,0.10151324421167374,0.9650349617004395,0.8550854921340942
YKL129C,YNL160W,0,-1.4025458,0.10150257498025894,0.9650349617004395,0.8551855087280273
YPR200C,YML018C,0,-1.4030558,0.10149191319942474,0.9650349617004395,0.8552855253219604
YDR076W,YMR160W,0,-1.4033424,0.10148125141859055,0.9650349617004395,0.8553855419158936
YOR272W,YER108C,0,-1.4042915,0.10147058963775635,0.9650349617004395,0.8554855585098267
YBR090C-A,YKR049C,0,-1.4049829,0.10145992785692215,0.9650349617004395,0.8555855751037598
YBR275C,YCR028C,0,-1.4050856,0.10144927352666855,0.9650349617004395,0.8556855916976929
YML006C,YGL094C,0,-1.4051908,0.10143861919641495,0.9650349617004395,0.855785608291626
YML102W,YMR307W,0,-1.4052426,0.10142797231674194,0.9650349617004395,0.8558855652809143
YNL133C,YPR161C,0,-1.405578,0.10141732543706894,0.9650349617004395,0.8559855818748474
YDL145C,YOL103W-B,0,-1.4057225,0.10140667855739594,0.9650349617004395,0.8560855984687805
YKL117W,YKL077W,0,-1.405866,0.10139603167772293,0.9650349617004395,0.8561856150627136
YML061C,YLR005W,0,-1.4059594,0.10138539224863052,0.9650349617004395,0.8562856316566467
YOR076C,YIL062C,0,-1.4068214,0.10137475281953812,0.9650349617004395,0.8563856482505798
YFL002W-B,YNL194C,0,-1.4068252,0.10136411339044571,0.9650349617004395,0.8564856648445129
YHL009W-B,YJR049C,0,-1.4068555,0.1013534814119339,0.9650349617004395,0.856585681438446
YDR130C,YDR407C,0,-1.4073433,0.10134284198284149,0.9650349617004395,0.8566856980323792
YLR209C,YFR041C,0,-1.4091105,0.10133221745491028,0.9650349617004395,0.8567856550216675
YCR036W,YDR088C,0,-1.4096389,0.10132158547639847,0.9650349617004395,0.8568856716156006
YPL257W-B,YJL189W,0,-1.4100302,0.10131096094846725,0.9650349617004395,0.8569856882095337
YHR116W,YPL202C,0,-1.4104204,0.10130033642053604,0.9650349617004395,0.8570857048034668
YGL212W,YNL246W,0,-1.410422,0.10128971189260483,0.9650349617004395,0.8571857213973999
YJL114W,YJL083W,0,-1.410641,0.10127909481525421,0.9650349617004395,0.857285737991333
YJL165C,YOR374W,0,-1.4112793,0.1012684777379036,0.9650349617004395,0.8573857545852661
YGL107C,YBL010C,0,-1.411577,0.10125786066055298,0.9650349617004395,0.8574857711791992
YLR401C,YNR074C,0,-1.4116528,0.10124725103378296,0.9650349617004395,0.8575857877731323
YDL200C,YBR257W,0,-1.4121174,0.10123664140701294,0.9650349617004395,0.8576857447624207
YMR179W,YLR396C,0,-1.4123324,0.10122603178024292,0.9650349617004395,0.8577857613563538
YNL050C,YNL159C,0,-1.4129353,0.1012154221534729,0.9650349617004395,0.8578857779502869
YBR112C,YLR186W,0,-1.4138006,0.10120481997728348,0.9650349617004395,0.85798579454422
YNL258C,YCR081W,0,-1.4143065,0.10119421780109406,0.9650349617004395,0.8580858111381531
YJR057W,YER056C,0,-1.4146755,0.10118361562490463,0.9650349617004395,0.8581858277320862
YBR128C,YDR082W,0,-1.4149412,0.1011730208992958,0.9650349617004395,0.8582858443260193
YBL026W,YLR363C,0,-1.4162105,0.10116242617368698,0.9650349617004395,0.8583858609199524
YKL170W,YHR057C,0,-1.4163005,0.10115183144807816,0.9650349617004395,0.8584858775138855
YGR224W,YHR186C,0,-1.4163996,0.10114124417304993,0.9650349617004395,0.8585858345031738
YPR016C,YPR137C-A,0,-1.4165435,0.1011306568980217,0.9650349617004395,0.8586858510971069
YGL191W,YER108C,0,-1.4168307,0.10112006962299347,0.9650349617004395,0.85878586769104
YFR024C,YHR186C,0,-1.4170076,0.10110948234796524,0.9650349617004395,0.8588858842849731
YJR110W,YPR156C,0,-1.4183205,0.10109890252351761,0.9650349617004395,0.8589859008789062
YDL225W,YLL027W,0,-1.4184426,0.10108832269906998,0.9650349617004395,0.8590859174728394
YHR047C,YER162C,0,-1.418729,0.10107774287462234,0.9650349617004395,0.8591859340667725
YPL206C,YDR235W,0,-1.4188793,0.10106717050075531,0.9650349617004395,0.8592859506607056
YMR180C,YCR060W,0,-1.4193904,0.10105659812688828,0.9650349617004395,0.8593859672546387
YNL301C,YML086C,0,-1.419871,0.10104602575302124,0.9650349617004395,0.859485924243927
YNL054W-A,YLL057C,0,-1.420864,0.1010354533791542,0.9650349617004395,0.8595859408378601
YOR343W-A,YDL204W,0,-1.4219335,0.10102488845586777,0.9650349617004395,0.8596859574317932
YFL035C,YER151C,0,-1.4225959,0.10101432353258133,0.9650349617004395,0.8597859740257263
YOL103W-A,YML041C,0,-1.4229224,0.10100376605987549,0.9650349617004395,0.8598859906196594
YHR129C,YLR419W,0,-1.4231983,0.10099320113658905,0.9650349617004395,0.8599860072135925
YGL046W,YGR235C,0,-1.4239854,0.10098264366388321,0.9650349617004395,0.8600860238075256
YGR253C,YNL246W,0,-1.4247087,0.10097209364175797,0.9650349617004395,0.8601860404014587
YGL178W,YLR380W,0,-1.4247614,0.10096153616905212,0.9650349617004395,0.8602860569953918
YCR044C,YCL048W,0,-1.4247814,0.10095098614692688,0.9650349617004395,0.8603860139846802
YMR074C,YLR256W-A,0,-1.4256383,0.10094043612480164,0.9650349617004395,0.8604860305786133
YDR523C,YPL065W,0,-1.4257654,0.10092989355325699,0.9650349617004395,0.8605860471725464
YIL019W,YER176W,0,-1.425821,0.10091935098171234,0.9650349617004395,0.8606860637664795
YDR210W-B,YAL010C,0,-1.4259423,0.1009088084101677,0.9650349617004395,0.8607860803604126
YBL100W-B,YKL129C,0,-1.4259539,0.10089826583862305,0.9650349617004395,0.8608860969543457
YDR030C,YOL020W,0,-1.426602,0.100887730717659,0.9650349617004395,0.8609861135482788
YNL054W-A,YGL212W,0,-1.4275112,0.10087719559669495,0.9650349617004395,0.8610861301422119
YBR066C,YCR002C,0,-1.4277508,0.1008666604757309,0.9650349617004395,0.861186146736145
YOR192C-A,YPL105C,0,-1.4278253,0.10085612535476685,0.9650349617004395,0.8612861037254333
YOR117W,YOR176W,0,-1.4278554,0.10084559768438339,0.9650349617004395,0.8613861203193665
YML092C,YGR271W,0,-1.427993,0.10083507001399994,0.9650349617004395,0.8614861369132996
YBL038W,YJR060W,0,-1.4284638,0.10082454979419708,0.9650349617004395,0.8615861535072327
YGL219C,YHR202W,0,-1.4289619,0.10081402957439423,0.9650349617004395,0.8616861701011658
YLR295C,YKR009C,0,-1.4291505,0.10080350935459137,0.9650349617004395,0.8617861866950989
YGR113W,YCL029C,0,-1.4293205,0.10079298913478851,0.9650349617004395,0.861886203289032
YOR192C-A,YPL042C,0,-1.4293426,0.10078246891498566,0.9650349617004395,0.8619862198829651
YMR297W,YCR058C,0,-1.4297503,0.1007719561457634,0.9650349617004395,0.8620862364768982
YHR205W,YBR107C,0,-1.4299728,0.10076145082712173,0.9650349617004395,0.8621861934661865
YJR050W,YML027W,0,-1.4303886,0.10075093805789948,0.9650349617004395,0.8622862100601196
YPL151C,YLR256W-A,0,-1.4319314,0.10074043273925781,0.9650349617004395,0.8623862266540527
YBL014C,YGL039W,0,-1.4323121,0.10072992742061615,0.9650349617004395,0.8624862432479858
YOR148C,YOL070C,0,-1.4323477,0.10071942210197449,0.9650349617004395,0.862586259841919
YLR143W,YFR052W,0,-1.4333562,0.10070892423391342,0.9650349617004395,0.862686276435852
YBR222C,YML107C,0,-1.4334923,0.10069842636585236,0.9650349617004395,0.8627862930297852
YDR210W-B,YNL210W,0,-1.4337584,0.10068792849779129,0.9650349617004395,0.8628863096237183
YGR086C,YKL194C,0,-1.4340307,0.10067743808031082,0.9650349617004395,0.8629863262176514
YKL145W,YKL040C,0,-1.4340364,0.10066694766283035,0.9650349617004395,0.8630862832069397
YJR147W,YLR181C,0,-1.4342057,0.10065645724534988,0.9650349617004395,0.8631862998008728
YKL058W,YKL099C,0,-1.4349,0.10064596682786942,0.9650349617004395,0.8632863163948059
YNL054W-B,YDR013W,0,-1.4364387,0.10063548386096954,0.9650349617004395,0.863386332988739
YDR276C,YDR118W,0,-1.4373859,0.10062500089406967,0.9650349617004395,0.8634863495826721
YCR018C,YPL257W-A,0,-1.4377816,0.1006145179271698,0.9650349617004395,0.8635863661766052
YHL016C,YEL012W,0,-1.4379044,0.10060404241085052,0.9650349617004395,0.8636863827705383
YHR090C,YBR150C,0,-1.4384217,0.10059356689453125,0.9650349617004395,0.8637863993644714
YKL200C,YMR322C,0,-1.4389232,0.10058309137821198,0.9650349617004395,0.8638864159584045
YBR095C,YLR386W,0,-1.4398352,0.1005726158618927,0.9650349617004395,0.8639863729476929
YDL211C,YPL155C,0,-1.4400946,0.10056214779615402,0.9650349617004395,0.864086389541626
YBL005W-B,YPR073C,0,-1.4402149,0.10055167973041534,0.9650349617004395,0.8641864061355591
YCR035C,YBR205W,0,-1.4402926,0.10054121911525726,0.9650349617004395,0.8642864227294922
YPR008W,YDR242W,0,-1.440303,0.10053075104951859,0.9650349617004395,0.8643864393234253
YCL032W,YLR357W,0,-1.4404049,0.1005202904343605,0.9650349617004395,0.8644864559173584
YLR227W-B,YKL149C,0,-1.4405437,0.10050982981920242,0.9650349617004395,0.8645864725112915
YLR404W,YER050C,0,-1.4405488,0.10049937665462494,0.9650349617004395,0.8646864891052246
YBL082C,YMR283C,1,-1.4412413,0.1005929484963417,0.9660339951515198,0.8646864891052246
YLR291C,YHR122W,0,-1.4415208,0.10058248043060303,0.9660339951515198,0.8647865056991577
YMR133W,YKR102W,0,-1.4416486,0.10057201981544495,0.9660339951515198,0.864886462688446
YOL071W,YJL071W,0,-1.4417217,0.10056156665086746,0.9660339951515198,0.8649864792823792
YCL054W,YMR319C,0,-1.4417411,0.10055110603570938,0.9660339951515198,0.8650864958763123
YNL213C,YBR188C,0,-1.4418223,0.1005406528711319,0.9660339951515198,0.8651865124702454
YJR036C,YMR039C,0,-1.443825,0.10053019970655441,0.9660339951515198,0.8652865290641785
YKL022C,YIL061C,0,-1.4448055,0.10051975399255753,0.9660339951515198,0.8653865456581116
YCL026C-B,YBR092C,0,-1.4448661,0.10050930082798004,0.9660339951515198,0.8654865622520447
YBR031W,YPR158C-C,0,-1.4449304,0.10049885511398315,0.9660339951515198,0.8655865788459778
YLR126C,YEL031W,0,-1.4452418,0.10048841685056686,0.9660339951515198,0.8656865954399109
YGL018C,YIL134W,0,-1.4454155,0.10047797113656998,0.9660339951515198,0.8657865524291992
YNL284C-A,YER007W,0,-1.4454916,0.10046753287315369,0.9660339951515198,0.8658865690231323
YBL101W-B,YKL005C,0,-1.4456033,0.1004570946097374,0.9660339951515198,0.8659865856170654
YBR131W,YLR085C,0,-1.4472705,0.1004466637969017,0.9660339951515198,0.8660866022109985
YCL016C,YHR135C,0,-1.4472853,0.10043622553348541,0.9660339951515198,0.8661866188049316
YLR120C,YIR018W,0,-1.4474143,0.10042579472064972,0.9660339951515198,0.8662866353988647
YFL035C,YDR038C,0,-1.4482298,0.10041537135839462,0.9660339951515198,0.8663866519927979
YBR158W,YDR034C-C,0,-1.4483651,0.10040494054555893,0.9660339951515198,0.866486668586731
YMR193W,YGR024C,0,-1.4483696,0.10039451718330383,0.9660339951515198,0.8665866851806641
YGL163C,YPR184W,0,-1.4484974,0.10038409382104874,0.9660339951515198,0.8666866421699524
YLR410W-A,YDR332W,0,-1.4491204,0.10037367790937424,0.9660339951515198,0.8667866587638855
YIL132C,YNL273W,0,-1.4497763,0.10036326199769974,0.9660339951515198,0.8668866753578186
YPR007C,YLR079W,0,-1.4499623,0.10035284608602524,0.9660339951515198,0.8669866919517517
YDR443C,YGL063W,0,-1.4504007,0.10034243017435074,0.9660339951515198,0.8670867085456848
YMR034C,YOL007C,0,-1.4507009,0.10033202171325684,0.9660339951515198,0.8671867251396179
YDR210W-B,YFL021W,0,-1.4511704,0.10032161325216293,0.9660339951515198,0.867286741733551
YDR098C-B,YML081W,0,-1.4520899,0.10031120479106903,0.9660339951515198,0.8673867583274841
YIL093C,YJR025C,0,-1.4528378,0.10030079632997513,0.9660339951515198,0.8674867749214172
YCR097WB,YNL219C,0,-1.4532636,0.10029039531946182,0.9660339951515198,0.8675867319107056
YKL134C,YOR069W,0,-1.4533513,0.10027999430894852,0.9660339951515198,0.8676867485046387
YNL086W,YBR177C,0,-1.4538664,0.10026960074901581,0.9660339951515198,0.8677867650985718
YDR280W,YDR424C,0,-1.4540923,0.1002591997385025,0.9660339951515198,0.8678867816925049
YKL002W,YKL077W,0,-1.4541109,0.1002488061785698,0.9660339951515198,0.867986798286438
YLR466W,YML057W,0,-1.4549028,0.10023841261863708,0.9660339951515198,0.8680868148803711
YBR075W,YKL110C,0,-1.4560262,0.10022802650928497,0.9660339951515198,0.8681868314743042
YCR045C,YLR227W-B,0,-1.4564828,0.10021764039993286,0.9660339951515198,0.8682868480682373
YHR139C,YDR381C-A,0,-1.4569801,0.10020725429058075,0.9660339951515198,0.8683868646621704
YER053C,YKL194C,0,-1.4572407,0.10019686818122864,0.9660339951515198,0.8684868216514587
YDR461W,YLR075W,0,-1.4574449,0.10018648952245712,0.9660339951515198,0.8685868382453918
YLR448W,YLR183C,0,-1.4574983,0.10017611086368561,0.9660339951515198,0.868686854839325
YEL052W,YCR055C,0,-1.4578899,0.10016573220491409,0.9660339951515198,0.8687868714332581
YPL061W,YDL180W,0,-1.4583646,0.10015536099672318,0.9660339951515198,0.8688868880271912
YBR205W,YGL065C,1,-1.4584105,0.1002485528588295,0.9670329689979553,0.8688868880271912
YDR130C,YMR039C,0,-1.4591963,0.10023816674947739,0.9670329689979553,0.8689869046211243
YIL017W,YGL090W,0,-1.4594144,0.10022778809070587,0.9670329689979553,0.8690869212150574
YNL052W,YLR305C,0,-1.4594252,0.10021741688251495,0.9670329689979553,0.8691869378089905
YER001W,YDR307W,1,-1.4597582,0.1003105565905571,0.9680319428443909,0.8691869378089905
YBR060C,YJR160C,0,-1.4601333,0.10030017793178558,0.9680319428443909,0.8692869544029236
YOR378W,YJL013C,0,-1.4607531,0.10028979182243347,0.9680319428443909,0.8693869113922119
YBR170C,YJR082C,0,-1.4608309,0.10027941316366196,0.9680319428443909,0.869486927986145
YPR158C-D,YHR153C,0,-1.4609352,0.10026904195547104,0.9680319428443909,0.8695869445800781
YBL023C,YLR394W,0,-1.461913,0.10025866329669952,0.9680319428443909,0.8696869611740112
YMR097C,YBR100W,0,-1.4628778,0.1002482920885086,0.9680319428443909,0.8697869777679443
YNL242W,YPL157W,0,-1.4637642,0.10023792088031769,0.9680319428443909,0.8698869943618774
YDR252W,YNL054W-A,0,-1.4639947,0.10022755712270737,0.9680319428443909,0.8699870109558105
YPL022W,YLR391W,0,-1.4640054,0.10021718591451645,0.9680319428443909,0.8700870275497437
YDR532C,YKR009C,0,-1.4646698,0.10020682215690613,0.9680319428443909,0.8701870441436768
YLR016C,YOR066W,0,-1.4649259,0.1001964658498764,0.9680319428443909,0.8702870011329651
YJR026W,YLR033W,0,-1.4652661,0.10018610209226608,0.9680319428443909,0.8703870177268982
YJL221C,YCL005W-A,0,-1.4655026,0.10017574578523636,0.9680319428443909,0.8704870343208313
YKL061W,YJL133C-A,0,-1.4655026,0.10016538947820663,0.9680319428443909,0.8705870509147644
YFL018W-A,YPR054W,0,-1.4655026,0.10015504062175751,0.9680319428443909,0.8706870675086975
YDL134C-A,YDR235W,0,-1.4655026,0.10014468431472778,0.9680319428443909,0.8707870841026306
YCL012W,YDR365W-A,0,-1.4655026,0.10013433545827866,0.9680319428443909,0.8708871006965637
YLR312C-B,YMR210W,0,-1.4655026,0.10012399405241013,0.9680319428443909,0.8709871172904968
YGL144C,YER053C-A,0,-1.4655026,0.100113645195961,0.9680319428443909,0.8710871338844299
YLR350W,YKR095W-A,0,-1.4655026,0.10010330379009247,0.9680319428443909,0.8711870908737183
YKL006C-A,YDL134C-A,0,-1.4655026,0.10009296238422394,0.9680319428443909,0.8712871074676514
YPR173C,YFL018W-A,0,-1.4655026,0.100082628428936,0.9680319428443909,0.8713871240615845
YGL025C,YCL048W-A,0,-1.4655026,0.10007229447364807,0.9680319428443909,0.8714871406555176
YFL035C-A,YHR008C,0,-1.4655026,0.10006196051836014,0.9680319428443909,0.8715871572494507
YLR312C-B,YDR145W,0,-1.4655026,0.1000516265630722,0.9680319428443909,0.8716871738433838
YDR065W,YFL035C-B,0,-1.4655026,0.10004130005836487,0.9680319428443909,0.8717871904373169
YHR005C,YGL258W-A,0,-1.4655026,0.10003096610307693,0.9680319428443909,0.87188720703125
YNL138W-A,YOL107W,0,-1.4655026,0.1000206470489502,0.9680319428443909,0.8719872236251831
YCL005W-A,YDL184C,0,-1.4655026,0.10001032054424286,0.9680319428443909,0.8720871806144714
YOR228C,YOL086W-A,0,-1.4655026,0.10000000149011612,0.9680319428443909,0.8721871972084045
YBR200W-A,YPL262W,0,-1.4655026,0.09998968243598938,0.9680319428443909,0.8722872138023376
YOR343C-A,YMR042W,0,-1.4655026,0.09997936338186264,0.9680319428443909,0.8723872303962708
YLR154W-A,YAL003W,0,-1.4655026,0.0999690517783165,0.9680319428443909,0.8724872469902039
YNR045W,YFL011W-A,0,-1.4655026,0.09995874017477036,0.9680319428443909,0.872587263584137
YMR268W-A,YLR052W,0,-1.4655026,0.09994842857122421,0.9680319428443909,0.8726872801780701
YIL035C,YFL011W-A,0,-1.4655026,0.09993811696767807,0.9680319428443909,0.8727872967720032
YLR154W-A,YCR057C,0,-1.4655026,0.09992781281471252,0.9680319428443909,0.8728873133659363
YMR087W,YFL035C-A,0,-1.4655026,0.09991750866174698,0.9680319428443909,0.8729872703552246
YHR214W-G,YOR266W,0,-1.4655026,0.09990720450878143,0.9680319428443909,0.8730872869491577
YDR210W-C,YJR066W,0,-1.4655026,0.09989690780639648,0.9680319428443909,0.8731873035430908
YBR200W-A,YPR110C,0,-1.4655026,0.09988661110401154,0.9680319428443909,0.8732873201370239
YGR062C,YCL048W-A,0,-1.4655026,0.09987631440162659,0.9680319428443909,0.873387336730957
YCL048W-A,YDR390C,0,-1.4655026,0.09986601769924164,0.9680319428443909,0.8734873533248901
YKL011C,YLR154W-C,0,-1.4655026,0.09985572844743729,0.9680319428443909,0.8735873699188232
YBL063W,YDR210W-C,0,-1.4655026,0.09984543919563293,0.9680319428443909,0.8736873865127563
YFL035C-B,YDR122W,0,-1.4655026,0.09983514994382858,0.9680319428443909,0.8737874031066895
YOR396W,YGL123W,0,-1.4655026,0.09982486814260483,0.9680319428443909,0.8738873600959778
YLR010C,YGL258W-A,0,-1.4655026,0.09981458634138107,0.9680319428443909,0.8739873766899109
YDR246W,YCR080W,0,-1.4655026,0.09980430454015732,0.9680319428443909,0.874087393283844
YDR253C,YNL138W-A,0,-1.4655026,0.09979403018951416,0.9680319428443909,0.8741874098777771
YOR343C-A,YNL293W,0,-1.4655026,0.0997837483882904,0.9680319428443909,0.8742874264717102
YLR312C-B,YDL136W,0,-1.4655026,0.09977347403764725,0.9680319428443909,0.8743874430656433
YLR312C-B,YDR528W,0,-1.4655026,0.09976320713758469,0.9680319428443909,0.8744874596595764
YCL047C,YOR396W,0,-1.4655026,0.09975293278694153,0.9680319428443909,0.8745874762535095
YDR159W,YLR154W-C,0,-1.4655026,0.09974266588687897,0.9680319428443909,0.8746874928474426
YDR014W-A,YER131W,0,-1.4655026,0.0997323989868164,0.9680319428443909,0.874787449836731
YFL018W-A,YAL044C,0,-1.4655026,0.09972213953733444,0.9680319428443909,0.8748874664306641
YHR076W,YOL086W-A,0,-1.4655026,0.09971187263727188,0.9680319428443909,0.8749874830245972
YFL011W-A,YER185W,0,-1.4655026,0.09970161318778992,0.9680319428443909,0.8750874996185303
YLR312C-B,YCR002C,0,-1.4655026,0.09969136118888855,0.9680319428443909,0.8751875162124634
YBR100W,YCL031C,0,-1.4655026,0.09968110173940659,0.9680319428443909,0.8752875328063965
YJR054W,YPL096C-A,0,-1.4655026,0.09967084974050522,0.9680319428443909,0.8753875494003296
YLR154W-A,YLR164W,0,-1.4655026,0.09966059774160385,0.9680319428443909,0.8754875659942627
YLR154W-A,YIL115C,0,-1.4655026,0.09965035319328308,0.9680319428443909,0.8755875825881958
YBR075W,YBR111W-A,0,-1.4655026,0.09964010119438171,0.9680319428443909,0.8756875395774841
YFL035C-B,YLR268W,0,-1.4655026,0.09962985664606094,0.9680319428443909,0.8757875561714172
YMR040W,YOL053C-A,0,-1.4655026,0.09961961209774017,0.9680319428443909,0.8758875727653503
YNL138W-A,YOR113W,0,-1.4655026,0.099609375,0.9680319428443909,0.8759875893592834
YLR391W-A,YHR202W,0,-1.4655026,0.09959913790225983,0.9680319428443909,0.8760876059532166
YPL189C-A,YIL111W,0,-1.4655026,0.09958890080451965,0.9680319428443909,0.8761876225471497
YMR002W,YER053C-A,0,-1.4655026,0.09957866370677948,0.9680319428443909,0.8762876391410828
YMR089C,YOL086W-A,0,-1.4655026,0.0995684340596199,0.9680319428443909,0.8763876557350159
YKR100C,YJL133C-A,0,-1.4655026,0.09955820441246033,0.9680319428443909,0.876487672328949
YHR214W-G,YDL130W-A,0,-1.4655026,0.09954797476530075,0.9680319428443909,0.8765876293182373
YLR113W,YLR391W-A,0,-1.4655026,0.09953775256872177,0.9680319428443909,0.8766876459121704
YLR185W,YKL138C-A,0,-1.4655026,0.09952753037214279,0.9680319428443909,0.8767876625061035
YKL200C,YDR240C,0,-1.4655026,0.09951730817556381,0.9680319428443909,0.8768876791000366
YNL098C,YOR343C-A,0,-1.4655026,0.09950708597898483,0.9680319428443909,0.8769876956939697
YFL035C-B,YLL019C,0,-1.4655026,0.09949687123298645,0.9680319428443909,0.8770877122879028
YGL258W-A,YMR041C,0,-1.4655026,0.09948665648698807,0.9680319428443909,0.8771877288818359
YFL029C,YFL035C-A,0,-1.4655026,0.09947644174098969,0.9680319428443909,0.877287745475769
YLR259C,YMR268W-A,0,-1.4655026,0.0994662269949913,0.9680319428443909,0.8773877620697021
YJL117W,YCR029C-A,0,-1.4655026,0.09945601969957352,0.9680319428443909,0.8774877190589905
YFL018W-A,YMR036C,0,-1.4655026,0.09944581240415573,0.9680319428443909,0.8775877356529236
YER008C,YOR396W,0,-1.4655026,0.09943560510873795,0.9680319428443909,0.8776877522468567
YJL012C-A,YOR057W,0,-1.4655026,0.09942540526390076,0.9680319428443909,0.8777877688407898
YPL183C,YLR154W-A,0,-1.4655026,0.09941520541906357,0.9680319428443909,0.8778877854347229
YKL138C-A,YBR238C,0,-1.4655026,0.09940500557422638,0.9680319428443909,0.877987802028656
YLR391W-A,YDL141W,0,-1.4655026,0.09939481317996979,0.9680319428443909,0.8780878186225891
YBR200W-A,YJL148W,0,-1.4655026,0.0993846133351326,0.9680319428443909,0.8781878352165222
YMR020W,YLR391W-A,0,-1.4655026,0.09937442094087601,0.9680319428443909,0.8782878518104553
YFL035C-B,YLR288C,0,-1.4655026,0.09936423599720001,0.9680319428443909,0.8783878684043884
YJL194W,YOL086W-A,0,-1.4655026,0.09935404360294342,0.9680319428443909,0.8784878253936768
YGL046W,YPL183W-A,0,-1.4655026,0.09934385865926743,0.9680319428443909,0.8785878419876099
YDL038C,YOR143C,0,-1.4655026,0.09933367371559143,0.9680319428443909,0.878687858581543
YFL011W-A,YGR010W,0,-1.4655026,0.09932349622249603,0.9680319428443909,0.8787878751754761
YCL048W-A,YGR055W,0,-1.4655026,0.09931331127882004,0.9680319428443909,0.8788878917694092
YFL011W-A,YPR072W,0,-1.4655026,0.09930313378572464,0.9680319428443909,0.8789879083633423
YDR381C-A,YAL063C,0,-1.4655026,0.09929296374320984,0.9680319428443909,0.8790879249572754
YHL032C,YBR111W-A,0,-1.4655026,0.09928278625011444,0.9680319428443909,0.8791879415512085
YJR149W,YLR154W-C,0,-1.4655026,0.09927261620759964,0.9680319428443909,0.8792879581451416
YDL038C,YMR076C,0,-1.4655026,0.09926244616508484,0.9680319428443909,0.8793879151344299
YGR101W,YGR031C-A,0,-1.4655026,0.09925227612257004,0.9680319428443909,0.879487931728363
YGR101W,YMR268W-A,0,-1.4655026,0.09924211353063583,0.9680319428443909,0.8795879483222961
YOR396W,YPL258C,0,-1.4655026,0.09923195093870163,0.9680319428443909,0.8796879649162292
YLL003W,YER053C-A,0,-1.4655026,0.09922178834676743,0.9680319428443909,0.8797879815101624
YMR300C,YMR268W-A,0,-1.4655026,0.09921163320541382,0.9680319428443909,0.8798879981040955
YOR343C-A,YNL335W,0,-1.4655026,0.09920147061347961,0.9680319428443909,0.8799880146980286
YCL012W,YNL289W,0,-1.4655026,0.0991913229227066,0.9680319428443909,0.8800880312919617
YDL038C,YNL284C,0,-1.4655026,0.099181167781353,0.9680319428443909,0.8801880478858948
YDL138W,YFR024C,0,-1.4655026,0.09917101263999939,0.9680319428443909,0.8802880048751831
YPL189C-A,YDR501W,0,-1.4655026,0.09916086494922638,0.9680319428443909,0.8803880214691162
YJL058C,YAR070W-A,0,-1.4655026,0.09915072470903397,0.9680319428443909,0.8804880380630493
YJL012C-A,YMR302C,0,-1.4655026,0.09914057701826096,0.9680319428443909,0.8805880546569824
YGR060W,YOL086W-A,0,-1.4655026,0.09913043677806854,0.9680319428443909,0.8806880712509155
YGR109W-B,YGR031C-A,0,-1.4655026,0.09912029653787613,0.9680319428443909,0.8807880878448486
YHR214W-G,YMR292W,0,-1.4655026,0.09911015629768372,0.9680319428443909,0.8808881044387817
YLR401C,YFL035C-A,0,-1.4655026,0.0991000235080719,0.9680319428443909,0.8809881210327148
YAR070W-A,YGL137W,0,-1.4655026,0.09908988326787949,0.9680319428443909,0.881088137626648
YDL134C-A,YKL079W,0,-1.4655026,0.09907975792884827,0.9680319428443909,0.8811880946159363
YGL219C,YOL086W-A,0,-1.4655026,0.09906962513923645,0.9680319428443909,0.8812881112098694
YLR154W-A,YKL199C,0,-1.4655026,0.09905949980020523,0.9680319428443909,0.8813881278038025
YNL138W-A,YMR195W,0,-1.4655026,0.09904937446117401,0.9680319428443909,0.8814881443977356
YNL284C-A,YGL046W,0,-1.4655026,0.09903924912214279,0.9680319428443909,0.8815881609916687
YBR200W-A,YDL051W,0,-1.4655026,0.09902912378311157,0.9680319428443909,0.8816881775856018
YLR154W-A,YBR091C,0,-1.4655026,0.09901900589466095,0.9680319428443909,0.8817881941795349
YBR111W-A,YHR147C,0,-1.4655026,0.09900888800621033,0.9680319428443909,0.881888210773468
YGL258W-A,YLR050C,0,-1.4655026,0.0989987775683403,0.9680319428443909,0.8819882273674011
YBR200W-A,YML051W,0,-1.4655026,0.09898865967988968,0.9680319428443909,0.8820881843566895
YER053C-A,YHR146W,0,-1.4655026,0.09897854924201965,0.9680319428443909,0.8821882009506226
YCL005W-A,YKL179C,0,-1.4655026,0.09896843880414963,0.9680319428443909,0.8822882175445557
YBR086C,YJL133C-A,0,-1.4655026,0.0989583358168602,0.9680319428443909,0.8823882341384888
YCL075W,YDL134C-A,0,-1.4655026,0.09894822537899017,0.9680319428443909,0.8824882507324219
YDR210W-C,YLR227W-B,0,-1.4655026,0.09893812239170074,0.9680319428443909,0.882588267326355
YOR075W,YKL138C-A,0,-1.4655026,0.09892802685499191,0.9680319428443909,0.8826882839202881
YPL189C-A,YLR323C,0,-1.4655026,0.09891792386770248,0.9680319428443909,0.8827883005142212
YLR452C,YLR154W-C,0,-1.4655026,0.09890782833099365,0.9680319428443909,0.8828883171081543
YFL035C,YLL048C,0,-1.4655026,0.09889773279428482,0.9680319428443909,0.8829882740974426
YDL134C-A,YHR014W,0,-1.4655026,0.09888764470815659,0.9680319428443909,0.8830882906913757
YKL039W,YKL138C-A,0,-1.4655026,0.09887754917144775,0.9680319428443909,0.8831883072853088
YNL138W-A,YDR033W,0,-1.4655026,0.09886746108531952,0.9680319428443909,0.8832883238792419
YHR214W-G,YBL076C,0,-1.4655026,0.09885737299919128,0.9680319428443909,0.883388340473175
YGL222C,YMR268W-A,0,-1.4655026,0.09884729236364365,0.9680319428443909,0.8834883570671082
YPL096C-A,YDR284C,0,-1.4655026,0.09883721172809601,0.9680319428443909,0.8835883736610413
YDR226W,YLR154W-C,0,-1.4655026,0.09882713109254837,0.9680319428443909,0.8836883902549744
YIR002C,YCR029C-A,0,-1.4655026,0.09881705045700073,0.9680319428443909,0.8837884068489075
YLR154W-A,YMR318C,0,-1.4655026,0.09880697727203369,0.9680319428443909,0.8838883638381958
YOR343C-A,YGR014W,0,-1.4655026,0.09879690408706665,0.9680319428443909,0.8839883804321289
YJL012C-A,YMR022W,0,-1.4655026,0.09878683090209961,0.9680319428443909,0.884088397026062
YAL051W,YGR031C-A,0,-1.4655026,0.09877675771713257,0.9680319428443909,0.8841884136199951
YLR312C-B,YDR511W,0,-1.4655026,0.09876669198274612,0.9680319428443909,0.8842884302139282
YCR029C-A,YOR285W,0,-1.4655026,0.09875662624835968,0.9680319428443909,0.8843884468078613
YCL048W-A,YMR149W,0,-1.4655026,0.09874656051397324,0.9680319428443909,0.8844884634017944
YDR261C,YBR111W-A,0,-1.4655026,0.09873650223016739,0.9680319428443909,0.8845884799957275
YGR116W,YGR031C-A,0,-1.4655026,0.09872643649578094,0.9680319428443909,0.8846884965896606
YGR221C,YPL096C-A,0,-1.4655026,0.0987163782119751,0.9680319428443909,0.884788453578949
YPL189C-A,YPL076W,0,-1.4655026,0.09870632737874985,0.9680319428443909,0.8848884701728821
YBR067C,YPL096C-A,0,-1.4655026,0.098696269094944,0.9680319428443909,0.8849884867668152
YLR391W-A,YPL043W,0,-1.4655026,0.09868621826171875,0.9680319428443909,0.8850885033607483
YKR095W-A,YCR031C,0,-1.4655026,0.0986761674284935,0.9680319428443909,0.8851885199546814
YIR014W,YFL035C-B,0,-1.4655026,0.09866612404584885,0.9680319428443909,0.8852885365486145
YLR391W-A,YER185W,0,-1.4655026,0.0986560806632042,0.9680319428443909,0.8853885531425476
YDL111C,YGR031C-A,0,-1.4655026,0.09864603728055954,0.9680319428443909,0.8854885697364807
YMR268W-A,YLL016W,0,-1.4655026,0.09863599389791489,0.9680319428443909,0.8855885863304138
YOR343C-A,YAL025C,0,-1.4655026,0.09862595051527023,0.9680319428443909,0.8856885433197021
YBR045C,YGR031C-A,0,-1.4655026,0.09861591458320618,0.9680319428443909,0.8857885599136353
YDL038C,YOR085W,0,-1.4655026,0.09860587865114212,0.9680319428443909,0.8858885765075684
YER044C-A,YOR396W,0,-1.4655026,0.09859585016965866,0.9680319428443909,0.8859885931015015
YML085C,YAR070W-A,0,-1.4655026,0.0985858142375946,0.9680319428443909,0.8860886096954346
YGL258W-A,YDR122W,0,-1.4655026,0.09857578575611115,0.9680319428443909,0.8861886262893677
YIL130W,YCL048W-A,0,-1.4655026,0.09856576472520828,0.9680319428443909,0.8862886428833008
YGR167W,YCL048W-A,0,-1.4655026,0.09855573624372482,0.9680319428443909,0.8863886594772339
YHR109W,YJL012C-A,0,-1.4655026,0.09854571521282196,0.9680319428443909,0.886488676071167
YKL201C,YGL258W-A,0,-1.4655026,0.0985356941819191,0.9680319428443909,0.8865886330604553
YDL038C,YLR316C,0,-1.4655026,0.09852567315101624,0.9680319428443909,0.8866886496543884
YDL134C-A,YMR070W,0,-1.4655026,0.09851565957069397,0.9680319428443909,0.8867886662483215
YDL134C-A,YIL136W,0,-1.4655026,0.09850563853979111,0.9680319428443909,0.8868886828422546
YOL053C-A,YGR179C,0,-1.4655026,0.09849563241004944,0.9680319428443909,0.8869886994361877
YKR095W-A,YFL021W,0,-1.4655026,0.09848561882972717,0.9680319428443909,0.8870887160301208
YKL156W,YKL138C-A,0,-1.4655026,0.0984756126999855,0.9680319428443909,0.887188732624054
YMR268W-A,YDR137W,0,-1.4655026,0.09846560657024384,0.9680319428443909,0.8872887492179871
YMR268W-A,YDR434W,0,-1.4655026,0.09845560044050217,0.9680319428443909,0.8873887658119202
YNL149C,YLR391W-A,0,-1.4655026,0.0984455943107605,0.9680319428443909,0.8874887228012085
YHR214W-G,YJR096W,0,-1.4655026,0.09843559563159943,0.9680319428443909,0.8875887393951416
YCR097WB,YML094W,0,-1.4655026,0.09842559695243835,0.9680319428443909,0.8876887559890747
YOR396W,YNL044W,0,-1.4655026,0.09841559827327728,0.9680319428443909,0.8877887725830078
YHR148W,YCL048W-A,0,-1.4655026,0.09840560704469681,0.9680319428443909,0.8878887891769409
YOL053C-A,YAR010C,0,-1.4655026,0.09839561581611633,0.9680319428443909,0.887988805770874
YML040W,YER014C-A,0,-1.4655026,0.09838562458753586,0.9680319428443909,0.8880888223648071
YEL044W,YLR391W-A,0,-1.4655026,0.09837563335895538,0.9680319428443909,0.8881888389587402
YNL138W-A,YDL077C,0,-1.4655026,0.0983656495809555,0.9680319428443909,0.8882888555526733
YBR111W-A,YDR430C,0,-1.4655026,0.09835566580295563,0.9680319428443909,0.8883888125419617
YOL086W-A,YML058W-A,0,-1.4655026,0.09834568202495575,0.9680319428443909,0.8884888291358948
YCL048W-A,YKL126W,0,-1.4655026,0.09833569824695587,0.9680319428443909,0.8885888457298279
YLR312C-B,YPL144W,0,-1.4655026,0.09832572191953659,0.9680319428443909,0.888688862323761
YDL134C-A,YLR073C,0,-1.4655026,0.09831574559211731,0.9680319428443909,0.8887888789176941
YIL159W,YKL138C-A,0,-1.4655026,0.09830576926469803,0.9680319428443909,0.8888888955116272
YAR070W-A,YHR059W,0,-1.4655026,0.09829580038785934,0.9680319428443909,0.8889889121055603
YCR029C-A,YMR287C,0,-1.4655026,0.09828583151102066,0.9680319428443909,0.8890889286994934
YML085C,YLR337W,0,-1.4655026,0.09827586263418198,0.9680319428443909,0.8891889452934265
YNL293W,YCL048W-A,0,-1.4655026,0.09826589375734329,0.9680319428443909,0.8892889022827148
YDR045C,YPL096C-A,0,-1.4655026,0.0982559323310852,0.9680319428443909,0.889388918876648
YNR074C,YDL134C-A,0,-1.4655026,0.09824597090482712,0.9680319428443909,0.889488935470581
YKR061W,YMR268W-A,0,-1.4655026,0.09823600947856903,0.9680319428443909,0.8895889520645142
YBR200W-A,YKL013C,0,-1.4655026,0.09822604805231094,0.9680319428443909,0.8896889686584473
YBR200W-A,YBR122C,0,-1.4655026,0.09821609407663345,0.9680319428443909,0.8897889852523804
YDL197C,YCL005W-A,0,-1.4655026,0.09820614010095596,0.9680319428443909,0.8898890018463135
YGR221C,YFL018W-A,0,-1.4655026,0.09819618612527847,0.9680319428443909,0.8899890184402466
YJL133C-A,YKR044W,0,-1.4655026,0.09818623960018158,0.9680319428443909,0.8900890350341797
YNL138W-A,YNR053C,0,-1.4655026,0.09817629307508469,0.9680319428443909,0.890188992023468
YJL197W,YPL096C-A,0,-1.4655026,0.09816634654998779,0.9680319428443909,0.8902890086174011
YLR182W,YGR031C-A,0,-1.4655026,0.0981564000248909,0.9680319428443909,0.8903890252113342
YPL202C,YJL053W,0,-1.4656502,0.0981464609503746,0.9680319428443909,0.8904890418052673
YOR048C,YKL062W,0,-1.4660664,0.0981365218758583,0.9680319428443909,0.8905890583992004
YJR055W,YHR027C,0,-1.4660785,0.09812658280134201,0.9680319428443909,0.8906890749931335
YOR270C,YDR403W,0,-1.4661266,0.09811664372682571,0.9680319428443909,0.8907890915870667
YDR129C,YCR080W,0,-1.4662842,0.09810671210289001,0.9680319428443909,0.8908891081809998
YPL111W,YBL007C,0,-1.4665174,0.09809678047895432,0.9680319428443909,0.8909891247749329
YPL027W,YGR109W-A,0,-1.4665765,0.09808684885501862,0.9680319428443909,0.8910890817642212
YJR103W,YOR304W,0,-1.4674492,0.09807692468166351,0.9680319428443909,0.8911890983581543
YOR142W-B,YDL139C,0,-1.4678105,0.09806700050830841,0.9680319428443909,0.8912891149520874
YCR097WB,YDR196C,0,-1.4685134,0.09805707633495331,0.9680319428443909,0.8913891315460205
YEL030W,YDL154W,0,-1.4685177,0.0980471521615982,0.9680319428443909,0.8914891481399536
YFL047W,YBR082C,0,-1.4685932,0.0980372354388237,0.9680319428443909,0.8915891647338867
YML045W-A,YJL029C,0,-1.4686226,0.0980273112654686,0.9680319428443909,0.8916891813278198
YGL157W,YCR016W,0,-1.4687115,0.09801740199327469,0.9680319428443909,0.8917891979217529
YEL005C,YAL063C,0,-1.4695537,0.09800748527050018,0.9680319428443909,0.891889214515686
YEL020W-A,YGR046W,0,-1.4702672,0.09799757599830627,0.9680319428443909,0.8919891715049744
YHR207C,YBL041W,0,-1.4704021,0.09798766672611237,0.9680319428443909,0.8920891880989075
YDR130C,YPL257W-A,0,-1.4704982,0.09797775745391846,0.9680319428443909,0.8921892046928406
YGR006W,YGR122W,0,-1.4710151,0.09796784818172455,0.9680319428443909,0.8922892212867737
YPR137C-B,YIL106W,0,-1.4711576,0.09795794636011124,0.9680319428443909,0.8923892378807068
YER028C,YHR135C,0,-1.4719311,0.09794804453849792,0.9680319428443909,0.8924892544746399
YIL138C,YNL267W,0,-1.4730272,0.09793814271688461,0.9680319428443909,0.892589271068573
YMR143W,YKL194C,0,-1.4733218,0.0979282483458519,0.9680319428443909,0.8926892876625061
YNR004W,YDR270W,0,-1.4734064,0.09791835397481918,0.9680319428443909,0.8927893042564392
YGR145W,YNL281W,0,-1.4741299,0.09790845960378647,0.9680319428443909,0.8928892612457275
YML005W,YLR391W,0,-1.4744092,0.09789856523275375,0.9680319428443909,0.8929892778396606
YIR005W,YBL093C,0,-1.4746621,0.09788867831230164,0.9680319428443909,0.8930892944335938
YDR098C-A,YLL043W,0,-1.4748393,0.09787879139184952,0.9680319428443909,0.8931893110275269
YNL131W,YER104W,0,-1.475706,0.0978689044713974,0.9680319428443909,0.89328932762146
YDR196C,YOR330C,0,-1.4758279,0.09785901755094528,0.9680319428443909,0.8933893442153931
YIL018W,YLR448W,0,-1.4758492,0.09784913808107376,0.9680319428443909,0.8934893608093262
YOR113W,YHR079C-B,0,-1.4767216,0.09783925861120224,0.9680319428443909,0.8935893774032593
YBR075W,YOL116W,0,-1.4771787,0.09782937914133072,0.9680319428443909,0.8936893939971924
YNL101W,YJL082W,0,-1.4791082,0.0978194996714592,0.9680319428443909,0.8937893509864807
YBR278W,YER190W,0,-1.4791197,0.09780962765216827,0.9680319428443909,0.8938893675804138
YKR014C,YNL298W,0,-1.4793273,0.09779975563287735,0.9680319428443909,0.8939893841743469
YEL032W,YBL101W-A,0,-1.4794519,0.09778989106416702,0.9680319428443909,0.89408940076828
YJL098W,YML127W,0,-1.479657,0.0977800190448761,0.9680319428443909,0.8941894173622131
YDR098C-A,YHR014W,0,-1.4799491,0.09777015447616577,0.9680319428443909,0.8942894339561462
YGL037C,YCR055C,0,-1.4800831,0.09776028990745544,0.9680319428443909,0.8943894505500793
YNL284C-B,YBR022W,0,-1.4810784,0.09775042533874512,0.9680319428443909,0.8944894671440125
YER137C,YNL251C,0,-1.4817973,0.09774056822061539,0.9680319428443909,0.8945894837379456
YNL188W,YCR055C,0,-1.4820007,0.09773071110248566,0.9680319428443909,0.8946894407272339
YFL017W-A,YKL043W,0,-1.4821044,0.09772085398435593,0.9680319428443909,0.894789457321167
YGL185C,YGR120C,0,-1.482116,0.0977110043168068,0.9680319428443909,0.8948894739151001
YIL009W,YDR122W,0,-1.4823123,0.09770114719867706,0.9680319428443909,0.8949894905090332
YOL100W,YPR135W,0,-1.4825536,0.09769129753112793,0.9680319428443909,0.8950895071029663
YGR179C,YBR020W,0,-1.4829639,0.0976814553141594,0.9680319428443909,0.8951895236968994
YPR173C,YHL019C,0,-1.4833623,0.09767160564661026,0.9680319428443909,0.8952895402908325
YKL199C,YGR154C,0,-1.4836574,0.09766176342964172,0.9680319428443909,0.8953895568847656
YOR069W,YML071C,0,-1.4839193,0.09765192121267319,0.9680319428443909,0.8954895734786987
YKR053C,YLR011W,0,-1.4841408,0.09764207899570465,0.9680319428443909,0.8955895304679871
YJL162C,YNR047W,0,-1.4841584,0.09763224422931671,0.9680319428443909,0.8956895470619202
YMR306W,YGR274C,0,-1.4846792,0.09762240946292877,0.9680319428443909,0.8957895636558533
YML086C,YGL226W,0,-1.4858466,0.09761257469654083,0.9680319428443909,0.8958895802497864
YGL046W,YDR378C,0,-1.4863669,0.0976027399301529,0.9680319428443909,0.8959895968437195
YOR279C,YNL084C,0,-1.4865599,0.09759291261434555,0.9680319428443909,0.8960896134376526
YPR137C-A,YER060W-A,0,-1.4867486,0.09758307784795761,0.9680319428443909,0.8961896300315857
YIR023W,YBR261C,0,-1.4881991,0.09757325798273087,0.9680319428443909,0.8962896466255188
YOL103W-A,YIL159W,0,-1.4886853,0.09756343066692352,0.9680319428443909,0.8963896632194519
YHR156C,YPR158C-C,0,-1.4888252,0.09755361080169678,0.9680319428443909,0.8964896202087402
YGL046W,YJR041C,0,-1.4889389,0.09754379093647003,0.9680319428443909,0.8965896368026733
YHR170W,YDR210C-C,0,-1.4892193,0.09753397107124329,0.9680319428443909,0.8966896533966064
YCL066W,YKL158W,0,-1.4892365,0.09752415120601654,0.9680319428443909,0.8967896699905396
YMR224C,YDR177W,0,-1.489426,0.09751433879137039,0.9680319428443909,0.8968896865844727
YHL012W,YAL017W,0,-1.4902532,0.09750452637672424,0.9680319428443909,0.8969897031784058
YJR050W,YCR044C,0,-1.4903185,0.09749472141265869,0.9680319428443909,0.8970897197723389
YOR192C-A,YEL044W,0,-1.49045,0.09748490899801254,0.9680319428443909,0.897189736366272
YMR035W,YLR213C,0,-1.4905461,0.09747510403394699,0.9680319428443909,0.8972897529602051
YDR437W,YJL186W,1,-1.4905971,0.09756588190793991,0.9690309762954712,0.8972897529602051
YDR365C,YBR075W,0,-1.4913759,0.09755606949329376,0.9690309762954712,0.8973897099494934
YMR261C,YGR199W,1,-1.4917301,0.09764682501554489,0.9700299501419067,0.8973897099494934
YJL098W,YPL180W,0,-1.4918667,0.09763700515031815,0.9700299501419067,0.8974897265434265
YPL127C,YOR008C,0,-1.4918896,0.0976271852850914,0.9700299501419067,0.8975897431373596
YOL147C,YLR263W,0,-1.4919683,0.09761737287044525,0.9700299501419067,0.8976897597312927
YKL080W,YPL215W,0,-1.4924766,0.0976075604557991,0.9700299501419067,0.8977897763252258
YCL003W,YAL062W,0,-1.4924955,0.09759774804115295,0.9700299501419067,0.8978897929191589
YOR292C,YCL060C,0,-1.4928304,0.0975879430770874,0.9700299501419067,0.897989809513092
YCR097WB,YGL106W,0,-1.493101,0.09757813066244125,0.9700299501419067,0.8980898261070251
YMR149W,YBR161W,1,-1.4931203,0.09766881167888641,0.9710289835929871,0.8980898261070251
YKL079W,YDR205W,0,-1.4936844,0.09765899926424026,0.9710289835929871,0.8981898427009583
YOR142W-B,YNL191W,0,-1.4938338,0.09764918684959412,0.9710289835929871,0.8982897996902466
YLR413W,YBR075W,0,-1.4938841,0.09763937443494797,0.9710289835929871,0.8983898162841797
YPL140C,YCR039C,0,-1.4938989,0.09762956947088242,0.9710289835929871,0.8984898328781128
YGR178C,YOR358W,0,-1.494871,0.09761976450681686,0.9710289835929871,0.8985898494720459
YBR260C,YCR080W,0,-1.4949474,0.09760995954275131,0.9710289835929871,0.898689866065979
YMR117C,YDR235W,0,-1.4959123,0.09760016202926636,0.9710289835929871,0.8987898826599121
YFL002W-B,YPL208W,0,-1.496418,0.0975903645157814,0.9710289835929871,0.8988898992538452
YCR072C,YKL007W,0,-1.497023,0.09758056700229645,0.9710289835929871,0.8989899158477783
YER087C-B,YDR279W,0,-1.4973568,0.09757076948881149,0.9710289835929871,0.8990899324417114
YBR075W,YNL127W,0,-1.498324,0.09756097197532654,0.9710289835929871,0.8991898894309998
YNL112W,YJL108C,0,-1.4987221,0.09755118191242218,0.9710289835929871,0.8992899060249329
YGR266W,YBL034C,0,-1.4992222,0.09754139184951782,0.9710289835929871,0.899389922618866
YKL199C,YMR274C,0,-1.5004132,0.09753160923719406,0.9710289835929871,0.8994899392127991
YDR055W,YGR081C,0,-1.5005299,0.0975218191742897,0.9710289835929871,0.8995899558067322
YLR299W,YGR174C,0,-1.5007817,0.09751203656196594,0.9710289835929871,0.8996899724006653
YML100W,YOL072W,0,-1.5014731,0.09750225394964218,0.9710289835929871,0.8997899889945984
YER022W,YHR101C,0,-1.5016079,0.09749247878789902,0.9710289835929871,0.8998900055885315
YOR167C,YCL060C,0,-1.5020157,0.09748269617557526,0.9710289835929871,0.8999900221824646
YFL035C,YPR048W,0,-1.5028197,0.09747292101383209,0.9710289835929871,0.9000900387763977
YOR109W,YBR100W,0,-1.5032943,0.09746315330266953,0.9710289835929871,0.900189995765686
YGR161C-D,YGR001C,0,-1.5035964,0.09745337814092636,0.9710289835929871,0.9002900123596191
YKL158W,YAL048C,0,-1.5052899,0.0974436104297638,0.9710289835929871,0.9003900289535522
YHL006C,YPR006C,0,-1.5053769,0.09743384271860123,0.9710289835929871,0.9004900455474854
YHL050C,YBR107C,0,-1.5060943,0.09742407500743866,0.9710289835929871,0.9005900621414185
YLL003W,YMR169C,0,-1.5070032,0.09741431474685669,0.9710289835929871,0.9006900787353516
YML098W,YBR211C,0,-1.5072829,0.09740454703569412,0.9710289835929871,0.9007900953292847
YKL097W-A,YDL060W,0,-1.5077436,0.09739478677511215,0.9710289835929871,0.9008901119232178
YCL067C,YDR512C,0,-1.5080384,0.09738503396511078,0.9710289835929871,0.9009901285171509
YOL136C,YKL078W,0,-1.5091156,0.09737527370452881,0.9710289835929871,0.9010900855064392
YMR304W,YPR192W,0,-1.5093333,0.09736552089452744,0.9710289835929871,0.9011901021003723
YGR258C,YPL127C,0,-1.5094112,0.09735576808452606,0.9710289835929871,0.9012901186943054
YMR285C,YFR037C,0,-1.5095521,0.09734602272510529,0.9710289835929871,0.9013901352882385
YMR172W,YDL231C,0,-1.5096272,0.09733626991510391,0.9710289835929871,0.9014901518821716
YDR342C,YLR006C,0,-1.5102701,0.09732652455568314,0.9710289835929871,0.9015901684761047
YMR283C,YBR038W,1,-1.5107347,0.09741690009832382,0.9720279574394226,0.9015901684761047
YGL129C,YCR054C,0,-1.5113963,0.09740714728832245,0.9720279574394226,0.9016901850700378
YCR014C,YHR069C,0,-1.5116302,0.09739739447832108,0.9720279574394226,0.901790201663971
YER028C,YDR315C,0,-1.5118579,0.0973876491189003,0.9720279574394226,0.901890218257904
YIL017W,YER030W,0,-1.5122432,0.09737790375947952,0.9720279574394226,0.9019901752471924
YER147C,YGR078C,0,-1.5123347,0.09736815840005875,0.9720279574394226,0.9020901918411255
YKL045W,YPL075W,0,-1.5130306,0.09735841304063797,0.9720279574394226,0.9021902084350586
YLR409C,YML047C,0,-1.5132936,0.09734867513179779,0.9720279574394226,0.9022902250289917
YBR075W,YNL248C,0,-1.513352,0.09733893722295761,0.9720279574394226,0.9023902416229248
YML037C,YLR325C,0,-1.513417,0.09732919931411743,0.9720279574394226,0.9024902582168579
YCL014W,YNR067C,0,-1.5140241,0.09731946140527725,0.9720279574394226,0.902590274810791
YGR142W,YJL071W,0,-1.5143906,0.09730973094701767,0.9720279574394226,0.9026902914047241
YAR007C,YPL093W,0,-1.5146936,0.09730000048875809,0.9720279574394226,0.9027903079986572
YBL028C,YNL212W,0,-1.5148916,0.0972902700304985,0.9720279574394226,0.9028902649879456
YDR415C,YDL035C,0,-1.5155493,0.09728054702281952,0.9720279574394226,0.9029902815818787
YKL016C,YFR024C,0,-1.5156364,0.09727081656455994,0.9720279574394226,0.9030902981758118
YGL046W,YPR198W,0,-1.5161921,0.09726109355688095,0.9720279574394226,0.9031903147697449
YLR337W,YLR060W,0,-1.5165838,0.09725137799978256,0.9720279574394226,0.903290331363678
YHR118C,YBR100W,0,-1.516885,0.09724165499210358,0.9720279574394226,0.9033903479576111
YDR252W,YIL009C-A,0,-1.5170057,0.09723193943500519,0.9720279574394226,0.9034903645515442
YGL183C,YDR325W,0,-1.5170658,0.0972222238779068,0.9720279574394226,0.9035903811454773
YER142C,YPR149W,0,-1.5174676,0.09721250832080841,0.9720279574394226,0.9036903977394104
YLR227W-A,YJR134C,0,-1.5175014,0.09720280021429062,0.9720279574394226,0.9037903547286987
YCR097WB,YKL110C,0,-1.5182341,0.09719308465719223,0.9720279574394226,0.9038903713226318
YBR193C,YGR030C,0,-1.518582,0.09718337655067444,0.9720279574394226,0.9039903879165649
YNL076W,YDR075W,0,-1.5190865,0.09717367589473724,0.9720279574394226,0.904090404510498
YAL003W,YDR071C,0,-1.5195147,0.09716396778821945,0.9720279574394226,0.9041904211044312
YDL143W,YML039W,0,-1.521048,0.09715426713228226,0.9720279574394226,0.9042904376983643
YCL012W,YDR373W,0,-1.5213655,0.09714456647634506,0.9720279574394226,0.9043904542922974
YNR061C,YBL101W-B,0,-1.521614,0.09713487327098846,0.9720279574394226,0.9044904708862305
YPL175W,YGR032W,1,-1.5218538,0.09722499549388885,0.9730269908905029,0.9044904708862305
YHR214C-C,YNL291C,0,-1.5226034,0.09721528738737106,0.9730269908905029,0.9045904874801636
YDR371W,YBR176W,0,-1.5226684,0.09720558673143387,0.9730269908905029,0.9046904444694519
YNL284C-A,YBR141C,0,-1.5229871,0.09719588607549667,0.9730269908905029,0.904790461063385
YGL003C,YDR468C,0,-1.523225,0.09718619287014008,0.9730269908905029,0.9048904776573181
YOL103W-A,YDR359C,0,-1.5237879,0.09717649221420288,0.9730269908905029,0.9049904942512512
YMR045C,YHL021C,0,-1.5249712,0.09716679900884628,0.9730269908905029,0.9050905108451843
YHR073W,YGR004W,0,-1.5254036,0.09715710580348969,0.9730269908905029,0.9051905274391174
YLR154C,YLR321C,0,-1.5254152,0.09714742004871368,0.9730269908905029,0.9052905440330505
YJL112W,YDL198C,0,-1.5260276,0.09713772684335709,0.9730269908905029,0.9053905606269836
YDR150W,YML081W,0,-1.5264553,0.09712804108858109,0.9730269908905029,0.9054905772209167
YPR057W,YLL001W,0,-1.5274221,0.09711835533380508,0.9730269908905029,0.9055905342102051
YER096W,YGR258C,0,-1.528122,0.09710867702960968,0.9730269908905029,0.9056905508041382
YBL101W-A,YER091C,0,-1.5286958,0.09709899127483368,0.9730269908905029,0.9057905673980713
YOR279C,YMR072W,0,-1.5288106,0.09708931297063828,0.9730269908905029,0.9058905839920044
YPL097W,YHR039C-B,0,-1.5295347,0.09707963466644287,0.9730269908905029,0.9059906005859375
YBL052C,YIL173W,0,-1.5298628,0.09706996381282806,0.9730269908905029,0.9060906171798706
YPR072W,YMR046C,0,-1.5302637,0.09706028550863266,0.9730269908905029,0.9061906337738037
YDL039C,YKR104W,0,-1.5303227,0.09705061465501785,0.9730269908905029,0.9062906503677368
YJL112W,YGR193C,0,-1.5309697,0.09704095125198364,0.9730269908905029,0.9063906669616699
YGL095C,YDR031W,0,-1.5311774,0.09703128039836884,0.9730269908905029,0.9064906239509583
YGR191W,YJL130C,0,-1.5325559,0.09702161699533463,0.9730269908905029,0.9065906405448914
YKR056W,YOR189W,0,-1.5334817,0.09701195359230042,0.9730269908905029,0.9066906571388245
YKL189W,YER045C,0,-1.5341227,0.0970022901892662,0.9730269908905029,0.9067906737327576
YPL053C,YGL047W,1,-1.5354636,0.09709221124649048,0.9740259647369385,0.9067906737327576
YCL012W,YCL067C,0,-1.5362084,0.09708254784345627,0.9740259647369385,0.9068906903266907
YKL124W,YKL059C,0,-1.537299,0.09707287698984146,0.9740259647369385,0.9069907069206238
YHR214C-C,YML091C,0,-1.5376381,0.09706321358680725,0.9740259647369385,0.9070907235145569
YKL199C,YJL098W,0,-1.5382396,0.09705355018377304,0.9740259647369385,0.90719074010849
YOR347C,YKR102W,0,-1.5391154,0.09704389423131943,0.9740259647369385,0.9072907567024231
YGR181W,YMR262W,0,-1.5399076,0.09703423827886581,0.9740259647369385,0.9073907136917114
YDR325W,YOR090C,0,-1.5402411,0.0970245823264122,0.9740259647369385,0.9074907302856445
YOR336W,YBR248C,1,-1.540242,0.0971144288778305,0.9750249981880188,0.9074907302856445
YOL012C,YPL021W,0,-1.5403894,0.0971047654747963,0.9750249981880188,0.9075907468795776
YNL292W,YMR048W,0,-1.5403999,0.09709510207176208,0.9750249981880188,0.9076907634735107
YJR052W,YNR048W,0,-1.5415287,0.09708544611930847,0.9750249981880188,0.9077907800674438
YML107C,YBR045C,0,-1.5421242,0.09707579016685486,0.9750249981880188,0.907890796661377
YPR021C,YPR158C-D,0,-1.5424336,0.09706613421440125,0.9750249981880188,0.9079908132553101
YCR058C,YHR089C,0,-1.5426589,0.09705648571252823,0.9750249981880188,0.9080908298492432
YPR055W,YDR172W,0,-1.5438982,0.09704682976007462,0.9750249981880188,0.9081908464431763
YLR147C,YGR266W,0,-1.54413,0.0970371812582016,0.9750249981880188,0.9082908034324646
YKL199C,YER062C,0,-1.5441617,0.09702754020690918,0.9750249981880188,0.9083908200263977
YBR061C,YBR289W,0,-1.5448058,0.09701789170503616,0.9750249981880188,0.9084908366203308
YPR137C-A,YDR012W,0,-1.5451375,0.09700825065374374,0.9750249981880188,0.9085908532142639
YCL060C,YIL084C,0,-1.5456752,0.09699860960245132,0.9750249981880188,0.908690869808197
YJR068W,YOR113W,0,-1.5462297,0.0969889685511589,0.9750249981880188,0.9087908864021301
YHR002W,YKL217W,0,-1.546524,0.09697933495044708,0.9750249981880188,0.9088909029960632
YGL046W,YMR211W,0,-1.5468925,0.09696969389915466,0.9750249981880188,0.9089909195899963
YMR179W,YBR100W,0,-1.5469469,0.09696006029844284,0.9750249981880188,0.9090909361839294
YDL225W,YOR272W,0,-1.547099,0.09695043414831161,0.9750249981880188,0.9091908931732178
YNL132W,YDR217C,0,-1.5479437,0.09694080054759979,0.9750249981880188,0.9092909097671509
YNL006W,YGR239C,0,-1.5490735,0.09693117439746857,0.9750249981880188,0.909390926361084
YDR130C,YOR047C,0,-1.5490967,0.09692154824733734,0.9750249981880188,0.9094909429550171
YDL024C,YEL005C,0,-1.5491695,0.09691192209720612,0.9750249981880188,0.9095909595489502
YEL024W,YBR100W,0,-1.5491723,0.09690230339765549,0.9750249981880188,0.9096909761428833
YDR260C,YLR073C,0,-1.549341,0.09689268469810486,0.9750249981880188,0.9097909927368164
YDL197C,YMR090W,0,-1.5493692,0.09688306599855423,0.9750249981880188,0.9098910093307495
YML045W-A,YFL010W-A,0,-1.5495003,0.0968734472990036,0.9750249981880188,0.9099910259246826
YJL004C,YBR155W,0,-1.5495837,0.09686383605003357,0.9750249981880188,0.910090982913971
YDR365W-A,YGR054W,0,-1.5497981,0.09685422480106354,0.9750249981880188,0.910190999507904
YPL111W,YBR090C-A,0,-1.5500429,0.0968446135520935,0.9750249981880188,0.9102910161018372
YPL202C,YER022W,0,-1.5511687,0.09683500230312347,0.9750249981880188,0.9103910326957703
YPL131W,YBR075W,0,-1.5514773,0.09682539850473404,0.9750249981880188,0.9104910492897034
YHR109W,YOR391C,0,-1.552501,0.0968157947063446,0.9750249981880188,0.9105910658836365
YLR391W,YIR031C,0,-1.5535543,0.09680619090795517,0.9750249981880188,0.9106910824775696
YMR204C,YJL140W,0,-1.5538005,0.09679658710956573,0.9750249981880188,0.9107910990715027
YNL176C,YPL177C,0,-1.5539612,0.0967869907617569,0.9750249981880188,0.9108911156654358
YNL054W-A,YOL084W,0,-1.5545603,0.09677739441394806,0.9750249981880188,0.9109910726547241
YKR014C,YER098W,0,-1.5546199,0.09676779806613922,0.9750249981880188,0.9110910892486572
YGR218W,YER051W,0,-1.5548764,0.09675820171833038,0.9750249981880188,0.9111911058425903
YPR137C-A,YDR047W,0,-1.555737,0.09674861282110214,0.9750249981880188,0.9112911224365234
YLR157C,YGR272C,0,-1.5558339,0.0967390239238739,0.9750249981880188,0.9113911390304565
YLR284C,YER088C,0,-1.5560118,0.09672943502664566,0.9750249981880188,0.9114911556243896
YJL149W,YLR187W,0,-1.5561143,0.09671984612941742,0.9750249981880188,0.9115911722183228
YOL054W,YDR098C-A,0,-1.5562097,0.09671026468276978,0.9750249981880188,0.9116911888122559
YER099C,YER159C-A,0,-1.5571235,0.09670068323612213,0.9750249981880188,0.911791205406189
YGL253W,YGL061C,0,-1.5573884,0.09669110178947449,0.9750249981880188,0.9118911623954773
YKL199C,YKL197C,0,-1.5574405,0.09668152779340744,0.9750249981880188,0.9119911789894104
YGR036C,YBL101W-B,0,-1.5575584,0.0966719463467598,0.9750249981880188,0.9120911955833435
YHL009W-B,YLR207W,0,-1.5576849,0.09666237235069275,0.9750249981880188,0.9121912121772766
YER104W,YDL007W,0,-1.5580822,0.0966528058052063,0.9750249981880188,0.9122912287712097
YKL158W,YFL005W,0,-1.5592972,0.09664323180913925,0.9750249981880188,0.9123912453651428
YER020W,YBR036C,0,-1.5594964,0.0966336652636528,0.9750249981880188,0.9124912619590759
YOL138C,YPR049C,0,-1.559541,0.09662409871816635,0.9750249981880188,0.912591278553009
YDL170W,YOL126C,0,-1.5602216,0.0966145321726799,0.9750249981880188,0.9126912951469421
YGL128C,YLL066C,0,-1.5603279,0.09660496562719345,0.9750249981880188,0.9127912521362305
YPL207W,YGR001C,0,-1.5607669,0.0965954065322876,0.9750249981880188,0.9128912687301636
YBR075W,YLR201C,0,-1.5608733,0.09658584743738174,0.9750249981880188,0.9129912853240967
YNL311C,YDR248C,0,-1.5609906,0.09657628834247589,0.9750249981880188,0.9130913019180298
YLR131C,YJR026W,0,-1.5612601,0.09656673669815063,0.9750249981880188,0.9131913185119629
YGL120C,YJL021C,0,-1.5615371,0.09655718505382538,0.9750249981880188,0.913291335105896
YGL045W,YJR059W,0,-1.5616678,0.09654763340950012,0.9750249981880188,0.9133913516998291
YBR282W,YIL113W,0,-1.5619177,0.09653808176517487,0.9750249981880188,0.9134913682937622
YBL101W-B,YBL017C,0,-1.5620223,0.09652853012084961,0.9750249981880188,0.9135913848876953
YLR395C,YJR083C,0,-1.56209,0.09651898592710495,0.9750249981880188,0.9136913418769836
YPL254W,YGL025C,0,-1.5621717,0.09650944173336029,0.9750249981880188,0.9137913584709167
YJL098W,YGR134W,0,-1.563846,0.09649989753961563,0.9750249981880188,0.9138913750648499
YML011C,YHR039C-B,0,-1.5641807,0.09649036079645157,0.9750249981880188,0.913991391658783
YJL021C,YPR095C,0,-1.5644735,0.0964808240532875,0.9750249981880188,0.9140914082527161
YKL199C,YDL030W,0,-1.5645798,0.09647128731012344,0.9750249981880188,0.9141914248466492
YLR078C,YNL210W,0,-1.5654378,0.09646175056695938,0.9750249981880188,0.9142914414405823
YPR137C-A,YNL261W,0,-1.5657827,0.09645222127437592,0.9750249981880188,0.9143914580345154
YHR067W,YMR025W,0,-1.566146,0.09644268453121185,0.9750249981880188,0.9144914746284485
YHR214C-B,YOL156W,0,-1.5662789,0.09643315523862839,0.9750249981880188,0.9145914316177368
YFL044C,YBL007C,0,-1.5665562,0.09642363339662552,0.9750249981880188,0.9146914482116699
YBR002C,YKL097W-A,0,-1.5669543,0.09641410410404205,0.9750249981880188,0.914791464805603
YML127W,YHR066W,0,-1.5683194,0.09640458226203918,0.9750249981880188,0.9148914813995361
YGL046W,YDR081C,0,-1.5684842,0.09639506042003632,0.9750249981880188,0.9149914979934692
YKL200C,YGL251C,0,-1.5688423,0.09638553857803345,0.9750249981880188,0.9150915145874023
YPR007C,YPL257W-A,0,-1.5699115,0.09637602418661118,0.9750249981880188,0.9151915311813354
YCL024W,YLR427W,0,-1.5703944,0.0963665097951889,0.9750249981880188,0.9152915477752686
YGL045W,YCL003W,0,-1.5706588,0.09635699540376663,0.9750249981880188,0.9153915643692017
YOR070C,YHR061C,0,-1.5716182,0.09634748101234436,0.9750249981880188,0.91549152135849
YHR120W,YHR039C-B,0,-1.5716369,0.09633797407150269,0.9750249981880188,0.9155915379524231
YJL192C,YOR308C,0,-1.5720745,0.09632846713066101,0.9750249981880188,0.9156915545463562
YJL180C,YPL093W,0,-1.5725881,0.09631896018981934,0.9750249981880188,0.9157915711402893
YGL096W,YFR040W,0,-1.5738153,0.09630945324897766,0.9750249981880188,0.9158915877342224
YJL141C,YGR239C,0,-1.5739738,0.09629995375871658,0.9750249981880188,0.9159916043281555
YNL244C,YHR079C-B,0,-1.5747985,0.09629044681787491,0.9750249981880188,0.9160916209220886
YBL101W-A,YPL176C,0,-1.5748851,0.09628094732761383,0.9750249981880188,0.9161916375160217
YOR240W,YIL138C,0,-1.5755835,0.09627145528793335,0.9750249981880188,0.9162916541099548
YKR030W,YCR107W,0,-1.5759404,0.09626195579767227,0.9750249981880188,0.9163916110992432
YDR356W,YDR283C,0,-1.57629,0.09625246375799179,0.9750249981880188,0.9164916276931763
YLR139C,YFR024C,0,-1.5763057,0.09624297171831131,0.9750249981880188,0.9165916442871094
YKL201C,YML133C,0,-1.5766243,0.09623348712921143,0.9750249981880188,0.9166916608810425
YHR024C,YPR143W,0,-1.5770649,0.09622399508953094,0.9750249981880188,0.9167916774749756
YNL317W,YPR190C,0,-1.5777961,0.09621451050043106,0.9750249981880188,0.9168916940689087
YLR011W,YBR153W,0,-1.577933,0.09620502591133118,0.9750249981880188,0.9169917106628418
YLR337W,YCR024C,0,-1.5780547,0.09619554132223129,0.9750249981880188,0.9170917272567749
YIL017W,YLR005W,0,-1.5795004,0.096186064183712,0.9750249981880188,0.917191743850708
YEL039C,YNL288W,0,-1.5795064,0.09617658704519272,0.9750249981880188,0.9172917008399963
YML086C,YBR010W,0,-1.5799123,0.09616710990667343,0.9750249981880188,0.9173917174339294
YBL005W-B,YBR211C,0,-1.5801207,0.09615763276815414,0.9750249981880188,0.9174917340278625
YOR194C,YOR351C,0,-1.5805237,0.09614816308021545,0.9750249981880188,0.9175917506217957
YNL172W,YBR245C,0,-1.5806545,0.09613869339227676,0.9750249981880188,0.9176917672157288
YJR051W,YLR039C,0,-1.5812185,0.09612922370433807,0.9750249981880188,0.9177917838096619
YOR131C,YKL212W,0,-1.5821699,0.09611975401639938,0.9750249981880188,0.917891800403595
YLR447C,YHR079C-B,0,-1.5824543,0.09611029177904129,0.9750249981880188,0.9179918169975281
YDR476C,YNR013C,0,-1.5828613,0.0961008295416832,0.9750249981880188,0.9180918335914612
YMR264W,YBR100W,0,-1.5838823,0.0960913673043251,0.9750249981880188,0.9181917905807495
YPL063W,YHR147C,0,-1.5844953,0.09608190506696701,0.9750249981880188,0.9182918071746826
YPL076W,YBR004C,1,-1.5846158,0.09617087990045547,0.9760239720344543,0.9182918071746826
YKR050W,YDR317W,0,-1.5850171,0.09616141766309738,0.9760239720344543,0.9183918237686157
YLR107W,YBR141C,0,-1.585198,0.09615195542573929,0.9760239720344543,0.9184918403625488
YHR118C,YBL021C,0,-1.5878788,0.0961424931883812,0.9760239720344543,0.9185918569564819
YPR132W,YOL029C,0,-1.5887834,0.0961330309510231,0.9760239720344543,0.918691873550415
YPL151C,YIL002C,0,-1.5888032,0.0961235761642456,0.9760239720344543,0.9187918901443481
YML006C,YKR071C,0,-1.5888773,0.09611411392688751,0.9760239720344543,0.9188919067382812
YKL185W,YJR073C,0,-1.5897297,0.09610465914011002,0.9760239720344543,0.9189919233322144
YCL014W,YGR271W,0,-1.5899142,0.09609521180391312,0.9760239720344543,0.9190918803215027
YJL098W,YLR283W,0,-1.5902015,0.09608575701713562,0.9760239720344543,0.9191918969154358
YDR196C,YNL242W,0,-1.5903925,0.09607630968093872,0.9760239720344543,0.9192919135093689
YLL009C,YDR164C,0,-1.5904499,0.09606686234474182,0.9760239720344543,0.919391930103302
YGR241C,YIL135C,0,-1.5908765,0.09605741500854492,0.9760239720344543,0.9194919466972351
YLR015W,YPR081C,0,-1.5913092,0.09604797512292862,0.9760239720344543,0.9195919632911682
YPL168W,YJR131W,0,-1.5913182,0.09603853523731232,0.9760239720344543,0.9196919798851013
YCL034W,YPL022W,0,-1.5922744,0.09602909535169601,0.9760239720344543,0.9197919964790344
YMR002W,YKL170W,0,-1.5928986,0.09601965546607971,0.9760239720344543,0.9198920130729675
YDR174W,YJR150C,0,-1.5929762,0.096010223031044,0.9760239720344543,0.9199919700622559
YDR328C,YOR283W,0,-1.5935918,0.0960007831454277,0.9760239720344543,0.920091986656189
YDL202W,YGR109W-B,0,-1.5937935,0.095991350710392,0.9760239720344543,0.9201920032501221
YDL054C,YJR126C,0,-1.5943023,0.09598192572593689,0.9760239720344543,0.9202920198440552
YDR473C,YJL021C,0,-1.5943859,0.09597249329090118,0.9760239720344543,0.9203920364379883
YAL028W,YPL106C,0,-1.5944604,0.09596306830644608,0.9760239720344543,0.9204920530319214
YLR404W,YER133W,0,-1.5947453,0.09595364332199097,0.9760239720344543,0.9205920696258545
YKL135C,YJL021C,0,-1.5954617,0.09594421833753586,0.9760239720344543,0.9206920862197876
YNL160W,YHR140W,0,-1.596522,0.09593480080366135,0.9760239720344543,0.9207921028137207
YLR011W,YPL252C,0,-1.5967346,0.09592538326978683,0.9760239720344543,0.920892059803009
YDL185W,YCL060C,0,-1.5971519,0.09591596573591232,0.9760239720344543,0.9209920763969421
YNL180C,YKL005C,0,-1.5977619,0.09590654820203781,0.9760239720344543,0.9210920929908752
YML061C,YPR031W,0,-1.5979416,0.0958971306681633,0.9760239720344543,0.9211921095848083
YEL018W,YOR123C,0,-1.5980216,0.09588772058486938,0.9760239720344543,0.9212921261787415
YLR074C,YFL010W-A,0,-1.5982883,0.09587831050157547,0.9760239720344543,0.9213921427726746
YKR026C,YJR022W,0,-1.598432,0.09586890041828156,0.9760239720344543,0.9214921593666077
YIL132C,YBR185C,0,-1.599437,0.09585949778556824,0.9760239720344543,0.9215921759605408
YDR074W,YIL095W,0,-1.5997305,0.09585009515285492,0.9760239720344543,0.9216921925544739
YIL125W,YAL015C,0,-1.5999779,0.0958406925201416,0.9760239720344543,0.9217921495437622
YNL188W,YDL142C,0,-1.6000857,0.09583128988742828,0.9760239720344543,0.9218921661376953
YNL095C,YCL055W,0,-1.6001469,0.09582188725471497,0.9760239720344543,0.9219921827316284
YHR164C,YLR033W,0,-1.6005145,0.09581249207258224,0.9760239720344543,0.9220921993255615
YMR016C,YJR119C,0,-1.6009997,0.09580309689044952,0.9760239720344543,0.9221922159194946
YOR142W-A,YNL123W,0,-1.6011494,0.0957937017083168,0.9760239720344543,0.9222922325134277
YCR075C,YOR113W,0,-1.6016015,0.09578431397676468,0.9760239720344543,0.9223922491073608
YNL167C,YDR126W,0,-1.6021407,0.09577492624521255,0.9760239720344543,0.922492265701294
YLR410W-A,YLR256W-A,0,-1.6022252,0.09576553851366043,0.9760239720344543,0.922592282295227
YLL033W,YKL010C,0,-1.6022973,0.0957561507821083,0.9760239720344543,0.9226922988891602
YMR112C,YBR214W,0,-1.6023442,0.09574676305055618,0.9760239720344543,0.9227922558784485
YPR167C,YNL016W,0,-1.6029811,0.09573738276958466,0.9760239720344543,0.9228922724723816
YDR316W-A,YMR053C,0,-1.6030719,0.09572800248861313,0.9760239720344543,0.9229922890663147
YBR065C,YOL103W-A,0,-1.6043905,0.0957186222076416,0.9760239720344543,0.9230923056602478
YGL045W,YGL192W,0,-1.6047201,0.09570924937725067,0.9760239720344543,0.9231923222541809
YBR069C,YJR033C,0,-1.6048533,0.09569986909627914,0.9760239720344543,0.923292338848114
YOL103W-B,YHR157W,0,-1.6049639,0.09569049626588821,0.9760239720344543,0.9233923554420471
YLR382C,YLR239C,0,-1.6055849,0.09568113088607788,0.9760239720344543,0.9234923720359802
YJL192C,YIL111W,0,-1.6055943,0.09567175805568695,0.9760239720344543,0.9235923886299133
YDL087C,YIL056W,0,-1.6066012,0.09566239267587662,0.9760239720344543,0.9236923456192017
YER145C,YLR200W,0,-1.6070981,0.09565302729606628,0.9760239720344543,0.9237923622131348
YLR032W,YGR040W,0,-1.6082077,0.09564366191625595,0.9760239720344543,0.9238923788070679
YHR070W,YNR060W,0,-1.609164,0.09563429653644562,0.9760239720344543,0.923992395401001
YOR278W,YBR045C,0,-1.6093363,0.09562493860721588,0.9760239720344543,0.9240924119949341
YJL013C,YBR045C,0,-1.6098044,0.09561558067798615,0.9760239720344543,0.9241924285888672
YLR330W,YIL144W,0,-1.6099371,0.09560622274875641,0.9760239720344543,0.9242924451828003
YNL136W,YJR132W,0,-1.6099607,0.09559687227010727,0.9760239720344543,0.9243924617767334
YBL020W,YLR404W,0,-1.6113908,0.09558751434087753,0.9760239720344543,0.9244924783706665
YDL091C,YIR018W,0,-1.6121094,0.0955781638622284,0.9760239720344543,0.9245924353599548
YJL046W,YOR075W,0,-1.6122843,0.09556881338357925,0.9760239720344543,0.9246924519538879
YDR490C,YER083C,0,-1.6125681,0.09555947035551071,0.9760239720344543,0.924792468547821
YER098W,YDR200C,0,-1.6132323,0.09555011987686157,0.9760239720344543,0.9248924851417542
YLR025W,YGR078C,0,-1.6133589,0.09554077684879303,0.9760239720344543,0.9249925017356873
YJL196C,YHL006C,0,-1.6148591,0.09553143382072449,0.9760239720344543,0.9250925183296204
YLR295C,YHL008C,0,-1.6152036,0.09552209824323654,0.9760239720344543,0.9251925349235535
YHR011W,YKR088C,0,-1.6153804,0.095512755215168,0.9760239720344543,0.9252925515174866
YBR202W,YLR396C,0,-1.6163176,0.09550341963768005,0.9760239720344543,0.9253925681114197
YOR211C,YLR102C,0,-1.6170461,0.09549408406019211,0.9760239720344543,0.925492525100708
YPL176C,YER108C,0,-1.6172634,0.09548475593328476,0.9760239720344543,0.9255925416946411
YNR072W,YHR119W,0,-1.6177939,0.09547542035579681,0.9760239720344543,0.9256925582885742
YLR350W,YBR211C,0,-1.617797,0.09546609222888947,0.9760239720344543,0.9257925748825073
YPL248C,YDL035C,0,-1.619119,0.09545676410198212,0.9760239720344543,0.9258925914764404
YML133C,YIL046W,0,-1.6194795,0.09544744342565536,0.9760239720344543,0.9259926080703735
YDL105W,YDR472W,0,-1.6199975,0.09543811529874802,0.9760239720344543,0.9260926246643066
YOR038C,YHR088W,0,-1.620139,0.09542879462242126,0.9760239720344543,0.9261926412582397
YOR240W,YKL116C,0,-1.620467,0.09541947394609451,0.9760239720344543,0.9262926578521729
YHR109W,YDR034C-C,0,-1.620484,0.09541015326976776,0.9760239720344543,0.9263926148414612
YGR009C,YER112W,0,-1.62096,0.0954008400440216,0.9760239720344543,0.9264926314353943
YIL005W,YOL141W,0,-1.6233644,0.09539152681827545,0.9760239720344543,0.9265926480293274
YMR306W,YNL158W,1,-1.6238313,0.09547983855009079,0.9770230054855347,0.9265926480293274
YGR162W,YBL025W,0,-1.6248049,0.09547051787376404,0.9770230054855347,0.9266926646232605
YKL185W,YPR148C,0,-1.624948,0.09546119719743729,0.9770230054855347,0.9267926812171936
YHR020W,YHR044C,0,-1.6263775,0.09545188397169113,0.9770230054855347,0.9268926978111267
YDR520C,YFL054C,0,-1.6273555,0.09544257074594498,0.9770230054855347,0.9269927144050598
YER061C,YDR088C,0,-1.6275834,0.09543325752019882,0.9770230054855347,0.9270927309989929
YLR176C,YNL062C,0,-1.6278702,0.09542394429445267,0.9770230054855347,0.927192747592926
YOR192C-A,YGR251W,0,-1.6294281,0.09541463106870651,0.9770230054855347,0.9272927045822144
YGR056W,YGL190C,0,-1.6299409,0.09540532529354095,0.9770230054855347,0.9273927211761475
YBL090W,YER087C-B,0,-1.6301789,0.0953960195183754,0.9770230054855347,0.9274927377700806
YNR040W,YDL069C,0,-1.6323059,0.09538671374320984,0.9770230054855347,0.9275927543640137
YHR076W,YCR002C,0,-1.6324486,0.09537741541862488,0.9770230054855347,0.9276927709579468
YOL125W,YER113C,0,-1.6325055,0.09536810964345932,0.9770230054855347,0.9277927875518799
YLR403W,YDL216C,0,-1.6325079,0.09535881131887436,0.9770230054855347,0.927892804145813
YHR138C,YOR060C,0,-1.6328053,0.09534952044487,0.9770230054855347,0.9279928207397461
YJR028W,YHL031C,0,-1.6334084,0.09534022212028503,0.9770230054855347,0.9280928373336792
YMR281W,YDL205C,0,-1.634601,0.09533093124628067,0.9770230054855347,0.9281927943229675
YMR182C,YLR390W-A,0,-1.6351205,0.0953216403722763,0.9770230054855347,0.9282928109169006
YLR377C,YPL123C,0,-1.635295,0.09531234949827194,0.9770230054855347,0.9283928275108337
YER106W,YIL118W,0,-1.635382,0.09530305862426758,0.9770230054855347,0.9284928441047668
YJL021C,YOR069W,0,-1.6356629,0.09529377520084381,0.9770230054855347,0.9285928606987
YBR043C,YNL050C,0,-1.6357431,0.09528449177742004,0.9770230054855347,0.9286928772926331
YDL021W,YFR024C-A,0,-1.6367774,0.09527520835399628,0.9770230054855347,0.9287928938865662
YMR261C,YDR354W,1,-1.6380914,0.09536333382129669,0.9780219793319702,0.9287928938865662
YMR063W,YOR069W,0,-1.638868,0.09535405039787292,0.9780219793319702,0.9288929104804993
YKL218C,YBR093C,0,-1.639094,0.09534475952386856,0.9780219793319702,0.9289929270744324
YGL026C,YPR171W,0,-1.6398777,0.0953354761004448,0.9780219793319702,0.9290928840637207
YIL037C,YJR160C,0,-1.6403822,0.09532619267702103,0.9780219793319702,0.9291929006576538
YDL137W,YLR337C,0,-1.640415,0.09531690925359726,0.9780219793319702,0.9292929172515869
YDL225W,YBR131W,0,-1.6406554,0.09530763328075409,0.9780219793319702,0.92939293384552
YML115C,YJL139C,1,-1.641648,0.09539569914340973,0.9790209531784058,0.92939293384552
YNL054W-B,YJR033C,0,-1.6417855,0.09538641571998596,0.9790209531784058,0.9294929504394531
YAR007C,YBR198C,0,-1.6438426,0.0953771322965622,0.9790209531784058,0.9295929670333862
YLL029W,YGR165W,0,-1.644689,0.09536784887313843,0.9790209531784058,0.9296929836273193
YPR060C,YGR113W,0,-1.6464232,0.09535856544971466,0.9790209531784058,0.9297930002212524
YDL039C,YGR279C,0,-1.6464726,0.09534928947687149,0.9790209531784058,0.9298930168151855
YOR217W,YPR168W,0,-1.6464963,0.09534001350402832,0.9790209531784058,0.9299929738044739
YER014W,YPL006W,0,-1.6474808,0.09533073753118515,0.9790209531784058,0.930092990398407
YDR483W,YGL025C,0,-1.6481043,0.09532146900892258,0.9790209531784058,0.9301930069923401
YMR205C,YLR391W,0,-1.6489209,0.0953121930360794,0.9790209531784058,0.9302930235862732
YBL072C,YBR123C,0,-1.6494594,0.09530292451381683,0.9790209531784058,0.9303930401802063
YEL012W,YIL172C,0,-1.6504036,0.09529366344213486,0.9790209531784058,0.9304930567741394
YBL093C,YJL090C,0,-1.6507436,0.09528439491987228,0.9790209531784058,0.9305930733680725
YPR133W-A,YHR168W,0,-1.6512636,0.09527513384819031,0.9790209531784058,0.9306930899620056
YDR478W,YPR110C,0,-1.6518737,0.09526587277650833,0.9790209531784058,0.9307931065559387
YIL072W,YML045W-A,0,-1.6521604,0.09525661170482635,0.9790209531784058,0.930893063545227
YHL012W,YMR301C,0,-1.6527938,0.09524735063314438,0.9790209531784058,0.9309930801391602
YLR278C,YIL053W,0,-1.6528593,0.095238097012043,0.9790209531784058,0.9310930967330933
YER096W,YPR137C-B,0,-1.6529827,0.09522884339094162,0.9790209531784058,0.9311931133270264
YOR343W-A,YHL026C,0,-1.6535467,0.09521958976984024,0.9790209531784058,0.9312931299209595
YHR105W,YOL069W,0,-1.6549343,0.09521033614873886,0.9790209531784058,0.9313931465148926
YMR117C,YPR106W,0,-1.6551224,0.09520108997821808,0.9790209531784058,0.9314931631088257
YGL078C,YNL027W,0,-1.6569283,0.0951918438076973,0.9790209531784058,0.9315931797027588
YNL086W,YOR138C,0,-1.657765,0.09518259763717651,0.9790209531784058,0.9316931962966919
YPR091C,YDR308C,0,-1.6584088,0.09517335146665573,0.9790209531784058,0.9317931532859802
YLR425W,YPR156C,0,-1.6592225,0.09516411274671555,0.9790209531784058,0.9318931698799133
YHR105W,YPL240C,0,-1.6607136,0.09515486657619476,0.9790209531784058,0.9319931864738464
YKL099C,YAL063C,0,-1.6607746,0.09514562785625458,0.9790209531784058,0.9320932030677795
YCL074W,YJL153C,0,-1.6608366,0.09513639658689499,0.9790209531784058,0.9321932196617126
YKL017C,YER168C,0,-1.661367,0.0951271578669548,0.9790209531784058,0.9322932362556458
YIL138C,YKL173W,0,-1.662233,0.09511792659759521,0.9790209531784058,0.9323932528495789
YBR009C,YOR043W,0,-1.6632031,0.09510869532823563,0.9790209531784058,0.932493269443512
YOR336W,YBR110W,1,-1.6633614,0.09519650787115097,0.9800199866294861,0.932493269443512
YDR122W,YJL058C,0,-1.6644245,0.09518726915121078,0.9800199866294861,0.9325932860374451
YKL166C,YLR115W,0,-1.6649847,0.0951780378818512,0.9800199866294861,0.9326932430267334
YKR102W,YEL036C,0,-1.6663677,0.09516879916191101,0.9800199866294861,0.9327932596206665
YNL024C,YKR072C,0,-1.667188,0.09515956789255142,0.9800199866294861,0.9328932762145996
YJR010C-A,YNL190W,0,-1.6675919,0.09515033662319183,0.9800199866294861,0.9329932928085327
YBL063W,YNR035C,0,-1.669871,0.09514111280441284,0.9800199866294861,0.9330933094024658
YMR163C,YHR185C,0,-1.6703724,0.09513188153505325,0.9800199866294861,0.9331933259963989
YDR030C,YJR055W,0,-1.6706966,0.09512265771627426,0.9800199866294861,0.933293342590332
YDR052C,YDR145W,0,-1.6713067,0.09511344134807587,0.9800199866294861,0.9333933591842651
YNL194C,YML047C,0,-1.6725847,0.09510421752929688,0.9800199866294861,0.9334933757781982
YCR014C,YMR055C,0,-1.6728,0.09509500116109848,0.9800199866294861,0.9335933327674866
YFR005C,YLR315W,0,-1.6736034,0.09508577734231949,0.9800199866294861,0.9336933493614197
YMR238W,YNL180C,0,-1.6736602,0.09507656842470169,0.9800199866294861,0.9337933659553528
YMR179W,YMR086W,0,-1.6737572,0.0950673520565033,0.9800199866294861,0.9338933825492859
YKL183W,YOR262W,0,-1.6737918,0.0950581431388855,0.9800199866294861,0.933993399143219
YDR188W,YHR186C,0,-1.6765151,0.0950489267706871,0.9800199866294861,0.9340934157371521
YFL057C,YOR346W,0,-1.6770214,0.0950397178530693,0.9800199866294861,0.9341934323310852
YKL145W,YHR008C,0,-1.6776208,0.0950305163860321,0.9800199866294861,0.9342934489250183
YKR034W,YIL068C,0,-1.6796296,0.0950213074684143,0.9800199866294861,0.9343934655189514
YLR448W,YOR189W,0,-1.6801394,0.0950121060013771,0.9800199866294861,0.9344934225082397
YDR498C,YNL027W,0,-1.6813933,0.0950029045343399,0.9800199866294861,0.9345934391021729
YER071C,YER007W,0,-1.6819658,0.0949937030673027,0.9800199866294861,0.934693455696106
YGL233W,YPL257W-B,0,-1.683395,0.0949845090508461,0.9800199866294861,0.9347934722900391
YKL205W,YGL113W,0,-1.683928,0.0949753150343895,0.9800199866294861,0.9348934888839722
YDL200C,YHR214C-B,0,-1.6843302,0.09496612101793289,0.9800199866294861,0.9349935054779053
YLR219W,YBR038W,0,-1.6846813,0.09495692700147629,0.9800199866294861,0.9350935220718384
YEL016C,YLR025W,0,-1.6854542,0.09494773298501968,0.9800199866294861,0.9351935386657715
YKR061W,YBR023C,1,-1.6857964,0.09503532201051712,0.9810189604759216,0.9351935386657715
YIR025W,YDR079W,0,-1.687291,0.09502612799406052,0.9810189604759216,0.9352935552597046
YFL011W,YOR191W,0,-1.6882944,0.09501693397760391,0.9810189604759216,0.9353935122489929
YMR130W,YDR137W,0,-1.688637,0.09500773996114731,0.9810189604759216,0.935493528842926
YLR098C,YNL286W,0,-1.688679,0.0949985459446907,0.9810189604759216,0.9355935454368591
YML057W,YOR069W,0,-1.6906964,0.0949893593788147,0.9810189604759216,0.9356935620307922
YNL325C,YIL108W,0,-1.6911122,0.09498017281293869,0.9810189604759216,0.9357935786247253
YBL021C,YGR088W,0,-1.6921917,0.09497098624706268,0.9810189604759216,0.9358935952186584
YOR315W,YPL215W,0,-1.6922644,0.09496179968118668,0.9810189604759216,0.9359936118125916
YPL225W,YNR047W,0,-1.6923276,0.09495262056589127,0.9810189604759216,0.9360936284065247
YOL103W-A,YHR059W,0,-1.6934322,0.09494344145059586,0.9810189604759216,0.9361936450004578
YLR337C,YGR184C,0,-1.6946454,0.09493426233530045,0.9810189604759216,0.9362936019897461
YGR036C,YGL194C,0,-1.6949068,0.09492508322000504,0.9810189604759216,0.9363936185836792
YJR068W,YNL095C,0,-1.6950208,0.09491591155529022,0.9810189604759216,0.9364936351776123
YDR158W,YPR071W,0,-1.6955751,0.09490673989057541,0.9810189604759216,0.9365936517715454
YAR009C,YDR088C,0,-1.6959335,0.0948975682258606,0.9810189604759216,0.9366936683654785
YER150W,YDR228C,0,-1.6962886,0.09488839656114578,0.9810189604759216,0.9367936849594116
YDL114W,YOR381W,0,-1.6965705,0.09487922489643097,0.9810189604759216,0.9368937015533447
YMR233W,YPL121C,0,-1.6973622,0.09487006068229675,0.9810189604759216,0.9369937181472778
YNL284C-A,YIL027C,0,-1.6992904,0.09486089646816254,0.9810189604759216,0.9370937347412109
YMR314W,YPL138C,0,-1.6997474,0.09485173225402832,0.9810189604759216,0.9371936917304993
YOR075W,YGR035C,0,-1.7024882,0.0948425754904747,0.9810189604759216,0.9372937083244324
YDL054C,YBR105C,0,-1.7025768,0.09483341127634048,0.9810189604759216,0.9373937249183655
YDL072C,YIL088C,0,-1.703276,0.09482425451278687,0.9810189604759216,0.9374937415122986
YMR313C,YPR189W,0,-1.7037271,0.09481509774923325,0.9810189604759216,0.9375937581062317
YOR060C,YER038C,0,-1.7044343,0.09480594843626022,0.9810189604759216,0.9376937747001648
YIL115C,YIL159W,0,-1.7055782,0.0947967916727066,0.9810189604759216,0.9377937912940979
YGL216W,YLR207W,0,-1.7068495,0.09478764235973358,0.9810189604759216,0.937893807888031
YPR174C,YML070W,0,-1.7069744,0.09477849304676056,0.9810189604759216,0.9379938244819641
YBR271W,YGL068W,0,-1.7069993,0.09476935118436813,0.9810189604759216,0.9380937814712524
YNL054W,YHL040C,0,-1.7074251,0.09476020187139511,0.9810189604759216,0.9381937980651855
YER167W,YLR315W,0,-1.7081708,0.09475106000900269,0.9810189604759216,0.9382938146591187
YOL026C,YDR347W,0,-1.7085112,0.09474191814661026,0.9810189604759216,0.9383938312530518
YHR039C-A,YAL063C,0,-1.7096338,0.09473278373479843,0.9810189604759216,0.9384938478469849
YMR150C,YBR223C,0,-1.7109536,0.094723641872406,0.9810189604759216,0.938593864440918
YLR270W,YFL061W,0,-1.7112873,0.09471450746059418,0.9810189604759216,0.9386938810348511
YOR336W,YLR258W,1,-1.7116711,0.09480181336402893,0.982017993927002,0.9386938810348511
YHR027C,YBL025W,0,-1.7117182,0.0947926715016365,0.982017993927002,0.9387938976287842
YPL123C,YER167W,0,-1.7125815,0.09478352963924408,0.982017993927002,0.9388939142227173
YJR123W,YMR207C,0,-1.7137772,0.09477439522743225,0.982017993927002,0.9389938712120056
YGL259W,YPL021W,0,-1.7139543,0.09476525336503983,0.982017993927002,0.9390938878059387
YKR069W,YNL012W,0,-1.7144741,0.094756118953228,0.982017993927002,0.9391939043998718
YHR017W,YPL064C,0,-1.7145492,0.09474698454141617,0.982017993927002,0.9392939209938049
YKL069W,YOR068C,0,-1.7172451,0.09473785758018494,0.982017993927002,0.939393937587738
YML125C,YHR108W,0,-1.7188104,0.0947287306189537,0.982017993927002,0.9394939541816711
YBL013W,YDR453C,0,-1.7195443,0.09471959620714188,0.982017993927002,0.9395939707756042
YDR316W-B,YER142C,0,-1.719654,0.09471047669649124,0.982017993927002,0.9396939873695374
YLR466W,YOR351C,0,-1.7200662,0.09470134973526001,0.982017993927002,0.9397940039634705
YBR070C,YGL038C,1,-1.7205421,0.094788558781147,0.9830169677734375,0.9397940039634705
YHR046C,YOL043C,0,-1.7212119,0.09477942436933517,0.9830169677734375,0.9398939609527588
YAL021C,YNR072W,0,-1.7232639,0.09477029740810394,0.9830169677734375,0.9399939775466919
YDR054C,YLR305C,0,-1.7235631,0.09476117044687271,0.9830169677734375,0.940093994140625
YDL022W,YKR002W,0,-1.7238134,0.09475204348564148,0.9830169677734375,0.9401940107345581
YDR383C,YLR224W,0,-1.7242962,0.09474292397499084,0.9830169677734375,0.9402940273284912
YMR051C,YER019C-A,0,-1.7248555,0.09473380446434021,0.9830169677734375,0.9403940439224243
YMR262W,YGR174C,0,-1.7253071,0.09472468495368958,0.9830169677734375,0.9404940605163574
YMR037C,YOR192C-B,0,-1.7269043,0.09471556544303894,0.9830169677734375,0.9405940771102905
YBR218C,YER045C,0,-1.7281467,0.0947064459323883,0.9830169677734375,0.9406940937042236
YHR105W,YHR051W,0,-1.7290118,0.09469733387231827,0.9830169677734375,0.940794050693512
YJL192C,YHR044C,0,-1.7291647,0.09468822181224823,0.9830169677734375,0.9408940672874451
YJR075W,YGR227W,1,-1.7298129,0.09477532655000687,0.9840160012245178,0.9408940672874451
YPL225W,YFR007W,0,-1.7305053,0.09476621448993683,0.9840160012245178,0.9409940838813782
YNL055C,YGL018C,0,-1.7305723,0.0947570949792862,0.9840160012245178,0.9410941004753113
YKL143W,YKL130C,0,-1.7313365,0.09474798291921616,0.9840160012245178,0.9411941170692444
YDR081C,YGL174W,0,-1.7315948,0.09473886340856552,0.9840160012245178,0.9412941336631775
YMR074C,YER045C,0,-1.7330139,0.09472975879907608,0.9840160012245178,0.9413941502571106
YHR138C,YBL113C,0,-1.7340665,0.09472064673900604,0.9840160012245178,0.9414941668510437
YBL098W,YDR235W,0,-1.7352098,0.0947115421295166,0.9840160012245178,0.9415941834449768
YDR334W,YLR045C,0,-1.7353743,0.09470243006944656,0.9840160012245178,0.9416941404342651
YBL028C,YLR007W,0,-1.7365246,0.09469332545995712,0.9840160012245178,0.9417941570281982
YDL119C,YHL040C,0,-1.7368337,0.09468422830104828,0.9840160012245178,0.9418941736221313
YDR470C,YKR050W,0,-1.7370746,0.09467512369155884,0.9840160012245178,0.9419941902160645
YGL090W,YJL149W,0,-1.7385486,0.09466602653265,0.9840160012245178,0.9420942068099976
YJR084W,YPL193W,0,-1.7397155,0.09465692937374115,0.9840160012245178,0.9421942234039307
YKR036C,YDR021W,0,-1.7399446,0.0946478322148323,0.9840160012245178,0.9422942399978638
YLR040C,YJL129C,0,-1.7408787,0.09463874250650406,0.9840160012245178,0.9423942565917969
YMR065W,YPL214C,0,-1.7411333,0.09462964534759521,0.9840160012245178,0.94249427318573
YDR046C,YPL231W,0,-1.741947,0.09462055563926697,0.9840160012245178,0.9425942301750183
YLR268W,YIL144W,0,-1.7420511,0.09461146593093872,0.9840160012245178,0.9426942467689514
YKL095W,YKR096W,0,-1.7432051,0.09460238367319107,0.9840160012245178,0.9427942633628845
YPR096C,YDR436W,0,-1.7434235,0.09459329396486282,0.9840160012245178,0.9428942799568176
YLR426W,YJR120W,0,-1.7435929,0.09458421170711517,0.9840160012245178,0.9429942965507507
YFL057C,YCR018C,0,-1.743802,0.09457512944936752,0.9840160012245178,0.9430943131446838
YGR276C,YKR008W,0,-1.7438893,0.09456605464220047,0.9840160012245178,0.9431943297386169
YIL051C,YOR380W,0,-1.7445396,0.09455697238445282,0.9840160012245178,0.94329434633255
YCL066W,YDR131C,0,-1.7446483,0.09454789757728577,0.9840160012245178,0.9433943629264832
YPR175W,YDR210C-D,0,-1.7446727,0.09453882277011871,0.9840160012245178,0.9434943199157715
YBR278W,YHR204W,0,-1.744896,0.09452974796295166,0.9840160012245178,0.9435943365097046
YNL032W,YLR212C,0,-1.7449622,0.0945206806063652,0.9840160012245178,0.9436943531036377
YGL180W,YIL072W,0,-1.746267,0.09451161324977875,0.9840160012245178,0.9437943696975708
YAL051W,YNR017W,0,-1.7469277,0.09450254589319229,0.9840160012245178,0.9438943862915039
YCL014W,YAL062W,0,-1.747074,0.09449347853660583,0.9840160012245178,0.943994402885437
YER063W,YPL213W,0,-1.7477373,0.09448441118001938,0.9840160012245178,0.9440944194793701
YOR001W,YER051W,0,-1.7483212,0.09447535127401352,0.9840160012245178,0.9441944360733032
YLR323C,YER028C,0,-1.7483686,0.09446629136800766,0.9840160012245178,0.9442944526672363
YGR251W,YLR181C,0,-1.7527372,0.0944572314620018,0.9840160012245178,0.9443944096565247
YLR248W,YML133C,0,-1.7536212,0.09444817155599594,0.9840160012245178,0.9444944262504578
YIL088C,YER175C,0,-1.7545912,0.09443911910057068,0.9840160012245178,0.9445944428443909
YMR267W,YJR027W,0,-1.7551728,0.09443006664514542,0.9840160012245178,0.944694459438324
YDR533C,YNL129W,0,-1.7556409,0.09442101418972015,0.9840160012245178,0.9447944760322571
YCR002C,YLL038C,0,-1.7558823,0.09441196173429489,0.9840160012245178,0.9448944926261902
YDR498C,YMR303C,0,-1.7568396,0.09440291672945023,0.9840160012245178,0.9449945092201233
YLR209C,YGL065C,1,-1.7584754,0.0944897010922432,0.9850149750709534,0.9449945092201233
YFR029W,YNL289W,0,-1.7588481,0.09448064118623734,0.9850149750709534,0.9450945258140564
YMR304W,YJR009C,0,-1.7589148,0.09447158873081207,0.9850149750709534,0.9451945424079895
YPL027W,YPR144C,0,-1.7594335,0.09446254372596741,0.9850149750709534,0.9452945590019226
YDR368W,YOL117W,0,-1.762477,0.09445349127054214,0.9850149750709534,0.9453945159912109
YDL133C-A,YPL173W,0,-1.763844,0.09444444626569748,0.9850149750709534,0.945494532585144
YPR158C-C,YDL184C,0,-1.7640427,0.09443540126085281,0.9850149750709534,0.9455945491790771
YAL011W,YLL041C,0,-1.7644256,0.09442635625600815,0.9850149750709534,0.9456945657730103
YLR265C,YLR068W,0,-1.765607,0.09441731125116348,0.9850149750709534,0.9457945823669434
YOL109W,YDR253C,0,-1.7668735,0.09440827369689941,0.9850149750709534,0.9458945989608765
YOR142W-B,YBL074C,0,-1.7672281,0.09439923614263535,0.9850149750709534,0.9459946155548096
YDR316W-B,YOL101C,0,-1.7684028,0.09439019858837128,0.9850149750709534,0.9460946321487427
YNL006W,YDR279W,0,-1.7701343,0.09438116103410721,0.9850149750709534,0.9461946487426758
YOR189W,YNL180C,0,-1.7703174,0.09437213093042374,0.9850149750709534,0.9462946057319641
YOR110W,YKR050W,0,-1.7703205,0.09436309337615967,0.9850149750709534,0.9463946223258972
YLL009C,YER044C,0,-1.7705052,0.0943540632724762,0.9850149750709534,0.9464946389198303
YBR030W,YLR212C,0,-1.7712581,0.09434504061937332,0.9850149750709534,0.9465946555137634
YMR100W,YPL042C,0,-1.7715424,0.09433601051568985,0.9850149750709534,0.9466946721076965
YOR194C,YOR347C,0,-1.7724208,0.09432698786258698,0.9850149750709534,0.9467946887016296
YCL075W,YOR343W-B,0,-1.7735957,0.0943179652094841,0.9850149750709534,0.9468947052955627
YBR084W,YOR147W,0,-1.7762473,0.09430894255638123,0.9850149750709534,0.9469947218894958
YLR227W-A,YCR072C,0,-1.7765799,0.09429991990327835,0.9850149750709534,0.947094738483429
YJL069C,YER130C,0,-1.776663,0.09429090470075607,0.9850149750709534,0.9471946954727173
YGL094C,YKL078W,0,-1.7772361,0.0942818894982338,0.9850149750709534,0.9472947120666504
YPL134C,YGL037C,0,-1.7776259,0.09427287429571152,0.9850149750709534,0.9473947286605835
YJL019W,YIL026C,0,-1.7820958,0.09426385909318924,0.9850149750709534,0.9474947452545166
YOL019W,YLL040C,0,-1.7822181,0.09425485134124756,0.9850149750709534,0.9475947618484497
YBL005W,YDR389W,0,-1.78395,0.09424584358930588,0.9850149750709534,0.9476947784423828
YMR165C,YHR061C,0,-1.7852445,0.0942368358373642,0.9850149750709534,0.9477947950363159
YKL029C,YLR260W,0,-1.785513,0.09422782808542252,0.9850149750709534,0.947894811630249
YGR202C,YNR033W,0,-1.787444,0.09421882778406143,0.9850149750709534,0.9479948282241821
YER109C,YJL095W,0,-1.7885814,0.09420982003211975,0.9850149750709534,0.9480947852134705
YDL015C,YIL173W,0,-1.7921427,0.09420081973075867,0.9850149750709534,0.9481948018074036
YJR013W,YGL047W,1,-1.7928816,0.09428735077381134,0.9860140085220337,0.9481948018074036
YDR464W,YGL053W,0,-1.7936839,0.09427834302186966,0.9860140085220337,0.9482948184013367
YNL146W,YBR264C,0,-1.7937595,0.09426934272050858,0.9860140085220337,0.9483948349952698
YGR221C,YOR353C,0,-1.7938607,0.0942603349685669,0.9860140085220337,0.9484948515892029
YMR026C,YKR027W,0,-1.7951661,0.09425133466720581,0.9860140085220337,0.948594868183136
YOR252W,YKL078W,0,-1.7952795,0.09424233436584473,0.9860140085220337,0.9486948847770691
YDL045W-A,YBR038W,0,-1.7957546,0.09423334151506424,0.9860140085220337,0.9487949013710022
YOL029C,YLR068W,0,-1.7963818,0.09422434121370316,0.9860140085220337,0.9488949179649353
YHR156C,YNL115C,0,-1.7972459,0.09421534836292267,0.9860140085220337,0.9489948749542236
YNL038W,YJL139C,1,-1.7993335,0.09430180490016937,0.9870129823684692,0.9489948749542236
YOL054W,YER071C,0,-1.8008806,0.09429280459880829,0.9870129823684692,0.9490948915481567
YLR024C,YKL082C,0,-1.8026954,0.0942838042974472,0.9870129823684692,0.9491949081420898
YLL033W,YIL106W,0,-1.8027723,0.09427481144666672,0.9870129823684692,0.949294924736023
YLL003W,YIL090W,0,-1.8029523,0.09426581114530563,0.9870129823684692,0.949394941329956
YMR238W,YLR194C,0,-1.8065394,0.09425681829452515,0.9870129823684692,0.9494949579238892
YFR029W,YLR097C,0,-1.8082012,0.09424783289432526,0.9870129823684692,0.9495949745178223
YPL122C,YDR013W,0,-1.8091054,0.09423884004354477,0.9870129823684692,0.9496949911117554
YAR007C,YDL220C,0,-1.8100418,0.09422985464334488,0.9870129823684692,0.9497950077056885
YLR088W,YDR332W,0,-1.8110949,0.09422086924314499,0.9870129823684692,0.9498949646949768
YKL172W,YLR278C,0,-1.8117944,0.0942118838429451,0.9870129823684692,0.9499949812889099
YOR084W,YOR027W,0,-1.8126806,0.09420289844274521,0.9870129823684692,0.950094997882843
YJL058C,YOL067C,0,-1.8132299,0.09419392049312592,0.9870129823684692,0.9501950144767761
YGL183C,YNR072W,0,-1.8134917,0.09418493509292603,0.9870129823684692,0.9502950310707092
YKR006C,YER112W,0,-1.8136636,0.09417595714330673,0.9870129823684692,0.9503950476646423
YDR323C,YMR098C,0,-1.8137236,0.09416698664426804,0.9870129823684692,0.9504950642585754
YGR112W,YBR202W,0,-1.813862,0.09415800869464874,0.9870129823684692,0.9505950808525085
YBR193C,YDR364C,0,-1.8146178,0.09414903819561005,0.9870129823684692,0.9506950974464417
YHR113W,YJR034W,0,-1.815109,0.09414006769657135,0.9870129823684692,0.95079505443573
YPL112C,YOR069W,0,-1.8162837,0.09413109719753265,0.9870129823684692,0.9508950710296631
YMR009W,YDL077C,0,-1.8163666,0.09412212669849396,0.9870129823684692,0.9509950876235962
YGR008C,YIL173W,0,-1.8169786,0.09411316365003586,0.9870129823684692,0.9510951042175293
YPR055W,YJL189W,0,-1.8184524,0.09410420060157776,0.9870129823684692,0.9511951208114624
YBR291C,YML059C,0,-1.8201139,0.09409523755311966,0.9870129823684692,0.9512951374053955
YER020W,YJR060W,0,-1.8227547,0.09408627450466156,0.9870129823684692,0.9513951539993286
YLL026W,YHR103W,0,-1.8232881,0.09407731890678406,0.9870129823684692,0.9514951705932617
YJR117W,YML060W,0,-1.8248831,0.09406836330890656,0.9870129823684692,0.9515951871871948
YBR001C,YBR286W,0,-1.8260618,0.09405940771102905,0.9870129823684692,0.9516951441764832
YGR223C,YDR021W,0,-1.8268127,0.09405045211315155,0.9870129823684692,0.9517951607704163
YDR482C,YDL117W,0,-1.8274513,0.09404149651527405,0.9870129823684692,0.9518951773643494
YER033C,YGL128C,0,-1.8275951,0.09403254836797714,0.9870129823684692,0.9519951939582825
YLR147C,YGR072W,0,-1.8287754,0.09402360022068024,0.9870129823684692,0.9520952105522156
YDR523C,YDR365W-A,0,-1.8298168,0.09401465207338333,0.9870129823684692,0.9521952271461487
YGL065C,YMR283C,1,-1.8313619,0.09410085529088974,0.9880120158195496,0.9521952271461487
YDL225W,YDR260C,0,-1.8321124,0.09409190714359283,0.9880120158195496,0.9522952437400818
YML091C,YNL117W,0,-1.8340752,0.09408295154571533,0.9880120158195496,0.9523952603340149
YNL080C,YHR044C,0,-1.8346065,0.09407400339841843,0.9880120158195496,0.952495276927948
YOR336W,YPR183W,1,-1.835382,0.09416016936302185,0.9890109896659851,0.952495276927948
YPR068C,YMR322C,0,-1.8355691,0.09415121376514435,0.9890109896659851,0.9525952339172363
YDR055W,YBR156C,0,-1.8371619,0.09414225816726685,0.9890109896659851,0.9526952505111694
YPL038W,YPL002C,0,-1.83742,0.09413331001996994,0.9890109896659851,0.9527952671051025
YBR231C,YBR276C,0,-1.8394299,0.09412436187267303,0.9890109896659851,0.9528952836990356
YNL086W,YDR240C,0,-1.83965,0.09411541372537613,0.9890109896659851,0.9529953002929688
YHR214C-B,YHL019C,0,-1.8406483,0.09410646557807922,0.9890109896659851,0.9530953168869019
YMR054W,YGR116W,0,-1.8406872,0.09409751743078232,0.9890109896659851,0.953195333480835
YER149C,YMR172W,0,-1.8439599,0.09408857673406601,0.9890109896659851,0.9532953500747681
YLR260W,YER007W,0,-1.844143,0.0940796360373497,0.9890109896659851,0.9533953666687012
YBR043C,YGR246C,0,-1.8453051,0.09407069534063339,0.9890109896659851,0.9534953236579895
YKL108W,YGR158C,0,-1.8461996,0.09406175464391708,0.9890109896659851,0.9535953402519226
YPL175W,YOR262W,0,-1.8463486,0.09405282139778137,0.9890109896659851,0.9536953568458557
YDR448W,YJL071W,0,-1.8467375,0.09404388815164566,0.9890109896659851,0.9537953734397888
YDR138W,YHR207C,0,-1.8475887,0.09403495490550995,0.9890109896659851,0.9538953900337219
YCL047C,YMR173W,0,-1.8476095,0.09402602165937424,0.9890109896659851,0.953995406627655
YKL041W,YPR134W,0,-1.8486136,0.09401709586381912,0.9890109896659851,0.9540954232215881
YOL080C,YLR109W,0,-1.8499025,0.09400817006826401,0.9890109896659851,0.9541954398155212
YPR021C,YMR039C,0,-1.8500129,0.0939992368221283,0.9890109896659851,0.9542954564094543
YGL196W,YMR127C,0,-1.8505911,0.09399031847715378,0.9890109896659851,0.9543954133987427
YLR131C,YLR141W,0,-1.8509909,0.09398139268159866,0.9890109896659851,0.9544954299926758
YOL122C,YMR182C,0,-1.8511914,0.09397247433662415,0.9890109896659851,0.9545954465866089
YAR010C,YBR208C,0,-1.8520892,0.09396355599164963,0.9890109896659851,0.954695463180542
YBL005W,YLR193C,0,-1.8527578,0.09395463764667511,0.9890109896659851,0.9547954797744751
YLR102C,YPR158C-D,0,-1.8527869,0.09394571930170059,0.9890109896659851,0.9548954963684082
YHR035W,YJL170C,0,-1.8533527,0.09393680840730667,0.9890109896659851,0.9549955129623413
YBL037W,YGR030C,0,-1.8540417,0.09392789006233215,0.9890109896659851,0.9550955295562744
YER154W,YHR009C,0,-1.8564457,0.09391898661851883,0.9890109896659851,0.9551955461502075
YIR023W,YPL214C,0,-1.8564667,0.09391007572412491,0.9890109896659851,0.9552955031394958
YDR440W,YKR037C,0,-1.8594617,0.09390116482973099,0.9890109896659851,0.955395519733429
YGL113W,YBL057C,0,-1.8595483,0.09389226138591766,0.9890109896659851,0.9554955363273621
YGR009C,YER147C,0,-1.8599118,0.09388335794210434,0.9890109896659851,0.9555955529212952
YDR211W,YMR046C,0,-1.8608887,0.09387445449829102,0.9890109896659851,0.9556955695152283
YMR008C,YNL210W,0,-1.8609775,0.09386555105447769,0.9890109896659851,0.9557955861091614
YNL311C,YDR088C,0,-1.8614804,0.09385665506124496,0.9890109896659851,0.9558956027030945
YIR038C,YER014C-A,0,-1.8625166,0.09384775906801224,0.9890109896659851,0.9559956192970276
YPL059W,YGL089C,0,-1.8641294,0.09383886307477951,0.9890109896659851,0.9560956358909607
YDR166C,YHR120W,0,-1.8662025,0.09382996708154678,0.9890109896659851,0.956195592880249
YMR163C,YOR098C,0,-1.8669794,0.09382107853889465,0.9890109896659851,0.9562956094741821
YPL257W-A,YPL258C,0,-1.8683997,0.09381218254566193,0.9890109896659851,0.9563956260681152
YNL095C,YGR274C,0,-1.8694707,0.0938032940030098,0.9890109896659851,0.9564956426620483
YMR184W,YKR088C,0,-1.8696723,0.09379441291093826,0.9890109896659851,0.9565956592559814
YBR222C,YCL074W,0,-1.869971,0.09378552436828613,0.9890109896659851,0.9566956758499146
YKL095W,YJL178C,0,-1.8705583,0.0937766432762146,0.9890109896659851,0.9567956924438477
YNL212W,YJL110C,0,-1.8719331,0.09376776218414307,0.9890109896659851,0.9568957090377808
YHR129C,YOR373W,0,-1.87528,0.09375888109207153,0.9890109896659851,0.9569957256317139
YNL328C,YNL262W,0,-1.8753933,0.09375,0.9890109896659851,0.9570956826210022
YGL243W,YKL090W,0,-1.8764793,0.09374112635850906,0.9890109896659851,0.9571956992149353
YHL044W,YDR246W,0,-1.8776962,0.09373224526643753,0.9890109896659851,0.9572957158088684
YNL294C,YHR111W,0,-1.8778032,0.0937233716249466,0.9890109896659851,0.9573957324028015
YGL003C,YHR150W,0,-1.8788686,0.09371450543403625,0.9890109896659851,0.9574957489967346
YGL244W,YNR007C,0,-1.8791565,0.09370563179254532,0.9890109896659851,0.9575957655906677
YDL227C,YCR053W,0,-1.8821868,0.09369676560163498,0.9890109896659851,0.9576957821846008
YDR328C,YLR321C,0,-1.8837717,0.09368789941072464,0.9890109896659851,0.9577957987785339
YPL174C,YLL021W,0,-1.8854151,0.0936790332198143,0.9890109896659851,0.957895815372467
YDR378C,YLR333C,0,-1.885838,0.09367016702890396,0.9890109896659851,0.9579957723617554
YHR077C,YML037C,0,-1.8867115,0.09366130828857422,0.9890109896659851,0.9580957889556885
YBR065C,YER012W,0,-1.8884457,0.09365244209766388,0.9890109896659851,0.9581958055496216
YDR195W,YLR075W,0,-1.8884618,0.09364358335733414,0.9890109896659851,0.9582958221435547
YOL096C,YDL144C,0,-1.8894858,0.09363473206758499,0.9890109896659851,0.9583958387374878
YER150W,YHR109W,0,-1.8898382,0.09362587332725525,0.9890109896659851,0.9584958553314209
YJR084W,YGR295C,0,-1.8907403,0.0936170220375061,0.9890109896659851,0.958595871925354
YMR098C,YGL089C,0,-1.8914384,0.09360817074775696,0.9890109896659851,0.9586958885192871
YGR238C,YOR221C,0,-1.8918129,0.09359931945800781,0.9890109896659851,0.9587959051132202
YIR011C,YDR060W,0,-1.892419,0.09359046816825867,0.9890109896659851,0.9588958621025085
YGL064C,YLR090W,0,-1.8937517,0.09358162432909012,0.9890109896659851,0.9589958786964417
YDR500C,YGL031C,0,-1.8941184,0.09357278048992157,0.9890109896659851,0.9590958952903748
YKL040C,YER126C,0,-1.894251,0.09356393665075302,0.9890109896659851,0.9591959118843079
YIL019W,YJL087C,0,-1.8945183,0.09355509281158447,0.9890109896659851,0.959295928478241
YBL085W,YKL155C,0,-1.8962431,0.09354625642299652,0.9890109896659851,0.9593959450721741
YER171W,YMR215W,0,-1.896971,0.09353741258382797,0.9890109896659851,0.9594959616661072
YER117W,YHR153C,0,-1.8984456,0.09352857619524002,0.9890109896659851,0.9595959782600403
YHR157W,YML039W,0,-1.8985349,0.09351973980665207,0.9890109896659851,0.9596959948539734
YCR106W,YJR132W,0,-1.8987465,0.09351091086864471,0.9890109896659851,0.9597959518432617
YGL236C,YDR005C,0,-1.8996409,0.09350207448005676,0.9890109896659851,0.9598959684371948
YPL177C,YGR080W,0,-1.9009422,0.09349324554204941,0.9890109896659851,0.9599959850311279
YAL022C,YOR124C,0,-1.9030977,0.09348441660404205,0.9890109896659851,0.960096001625061
YOL062C,YMR303C,0,-1.9036113,0.0934755951166153,0.9890109896659851,0.9601960182189941
YDL206W,YNL128W,0,-1.904033,0.09346676617860794,0.9890109896659851,0.9602960348129272
YDR376W,YJL165C,0,-1.9047247,0.09345794469118118,0.9890109896659851,0.9603960514068604
YPL018W,YDR130C,0,-1.906026,0.09344912320375443,0.9890109896659851,0.9604960680007935
YBR161W,YBR004C,1,-1.9064354,0.0935346856713295,0.9900099635124207,0.9604960680007935
YGL170C,YOR359W,0,-1.9068445,0.09352585673332214,0.9900099635124207,0.9605960845947266
YGR258C,YDR463W,0,-1.9085547,0.09351703524589539,0.9900099635124207,0.9606960415840149
YDR318W,YMR097C,0,-1.908701,0.09350820630788803,0.9900099635124207,0.960796058177948
YBR095C,YLR283W,0,-1.908749,0.09349938482046127,0.9900099635124207,0.9608960747718811
YLR292C,YDL030W,0,-1.9089712,0.09349056333303452,0.9900099635124207,0.9609960913658142
YKR008W,YHR090C,0,-1.9102958,0.09348174929618835,0.9900099635124207,0.9610961079597473
YOR129C,YDR460W,0,-1.9105011,0.0934729278087616,0.9900099635124207,0.9611961245536804
YOR347C,YKR105C,0,-1.9107598,0.09346411377191544,0.9900099635124207,0.9612961411476135
YDR429C,YER014C-A,0,-1.9110006,0.09345529973506927,0.9900099635124207,0.9613961577415466
YPL134C,YDR435C,0,-1.9110836,0.09344648569822311,0.9900099635124207,0.9614961743354797
YOR181W,YMR195W,0,-1.9125074,0.09343767911195755,0.9900099635124207,0.9615961313247681
YNR004W,YGR078C,0,-1.9131109,0.09342886507511139,0.9900099635124207,0.9616961479187012
YOR194C,YBR238C,0,-1.9135162,0.09342005848884583,0.9900099635124207,0.9617961645126343
YKL195W,YOR142W,0,-1.9137752,0.09341125190258026,0.9900099635124207,0.9618961811065674
YMR313C,YNL129W,0,-1.9147892,0.0934024527668953,0.9900099635124207,0.9619961977005005
YBR092C,YGR235C,0,-1.9148322,0.09339364618062973,0.9900099635124207,0.9620962142944336
YBL100W-B,YMR059W,0,-1.9153455,0.09338484704494476,0.9900099635124207,0.9621962308883667
YLR343W,YLR260W,0,-1.9155939,0.0933760479092598,0.9900099635124207,0.9622962474822998
YOR182C,YIL070C,0,-1.9158179,0.09336724877357483,0.9900099635124207,0.9623962640762329
YER168C,YKL173W,0,-1.9165252,0.09335845708847046,0.9900099635124207,0.9624962210655212
YGL249W,YDR545W,0,-1.9175183,0.09334965795278549,0.9900099635124207,0.9625962376594543
YJR045C,YLR134W,0,-1.9183456,0.09334086626768112,0.9900099635124207,0.9626962542533875
YLR170C,YPL106C,0,-1.9185458,0.09333207458257675,0.9900099635124207,0.9627962708473206
YBL039C,YBL025W,0,-1.9194902,0.09332329034805298,0.9900099635124207,0.9628962874412537
YGL211W,YDR402C,0,-1.9227277,0.09331449866294861,0.9900099635124207,0.9629963040351868
YIL009C-A,YER045C,0,-1.9242426,0.09330571442842484,0.9900099635124207,0.9630963206291199
YMR184W,YOR032C,0,-1.9249579,0.09329693019390106,0.9900099635124207,0.963196337223053
YCR038C,YLR092W,0,-1.9251244,0.09328814595937729,0.9900099635124207,0.9632963538169861
YER147C,YMR163C,0,-1.925161,0.09327936917543411,0.9900099635124207,0.9633963108062744
YBR199W,YMR283C,1,-1.9259216,0.09336470812559128,0.991008996963501,0.9633963108062744
YCL035C,YAL002W,0,-1.9262493,0.09335591644048691,0.991008996963501,0.9634963274002075
YDR536W,YDR122W,0,-1.9288174,0.09334713220596313,0.991008996963501,0.9635963439941406
YKR097W,YBR182C,0,-1.9303185,0.09333834797143936,0.991008996963501,0.9636963605880737
YGR193C,YKR036C,0,-1.9365752,0.09332957118749619,0.991008996963501,0.9637963771820068
YEL005C,YGL226W,0,-1.9374213,0.09332078695297241,0.991008996963501,0.9638963937759399
YPR199C,YHR035W,0,-1.9393483,0.09331201016902924,0.991008996963501,0.963996410369873
YIL167W,YNL281W,0,-1.9400364,0.09330323338508606,0.991008996963501,0.9640964269638062
YHR039C-A,YJR102C,0,-1.941087,0.09329446405172348,0.991008996963501,0.9641964435577393
YLR026C,YDL098C,0,-1.941284,0.0932856872677803,0.991008996963501,0.9642964005470276
YLR194C,YNL311C,0,-1.9442387,0.09327691793441772,0.991008996963501,0.9643964171409607
YHL006C,YMR168C,0,-1.9453521,0.09326814860105515,0.991008996963501,0.9644964337348938
YDL148C,YKR050W,0,-1.9456193,0.09325937926769257,0.991008996963501,0.9645964503288269
YMR165C,YMR048W,0,-1.9473062,0.09325060993432999,0.991008996963501,0.96469646692276
YBR231C,YOR113W,0,-1.9479901,0.093241848051548,0.991008996963501,0.9647964835166931
YJL059W,YIL002C,0,-1.9485518,0.09323308616876602,0.991008996963501,0.9648965001106262
YJL225C,YDR201W,0,-1.9500545,0.09322432428598404,0.991008996963501,0.9649965167045593
YCL074W,YBL060W,0,-1.9503726,0.09321556240320206,0.991008996963501,0.9650965332984924
YKL045W,YHR012W,0,-1.9505947,0.09320680052042007,0.991008996963501,0.9651964902877808
YGL004C,YLR238W,0,-1.9506775,0.09319804608821869,0.991008996963501,0.9652965068817139
YHR074W,YER111C,0,-1.9508895,0.0931892916560173,0.991008996963501,0.965396523475647
YBL089W,YMR224C,0,-1.9512247,0.09318053722381592,0.991008996963501,0.9654965400695801
YLL012W,YGR156W,0,-1.9520131,0.09317178279161453,0.991008996963501,0.9655965566635132
YPL038W,YOR159C,0,-1.9522063,0.09316303580999374,0.991008996963501,0.9656965732574463
YOR372C,YEL030W,0,-1.9545753,0.09315428882837296,0.991008996963501,0.9657965898513794
YIR002C,YPR032W,0,-1.9564093,0.09314554184675217,0.991008996963501,0.9658966064453125
YMR274C,YBR275C,0,-1.9569696,0.09313679486513138,0.991008996963501,0.9659966230392456
YKL170W,YLR154C,0,-1.9578362,0.09312804788351059,0.991008996963501,0.9660965800285339
YGL076C,YML086C,0,-1.9583844,0.0931193083524704,0.991008996963501,0.966196596622467
YKL203C,YOR138C,0,-1.9594228,0.0931105688214302,0.991008996963501,0.9662966132164001
YEL031W,YGR225W,0,-1.9605142,0.09310182929039001,0.991008996963501,0.9663966298103333
YIL137C,YHR030C,0,-1.9610994,0.09309308975934982,0.991008996963501,0.9664966464042664
YKL061W,YOL126C,0,-1.962244,0.09308435767889023,0.991008996963501,0.9665966629981995
YDR437W,YGL038C,1,-1.9631058,0.0931694507598877,0.9920079708099365,0.9665966629981995
YBL013W,YOR353C,0,-1.9635442,0.0931607112288475,0.9920079708099365,0.9666966795921326
YDR179C,YMR127C,0,-1.9638253,0.09315197169780731,0.9920079708099365,0.9667966961860657
YCL068C,YLR418C,0,-1.9640776,0.09314323216676712,0.9920079708099365,0.9668967127799988
YFR045W,YCR093W,0,-1.9649974,0.09313449263572693,0.9920079708099365,0.9669967293739319
YHR037W,YPL031C,0,-1.9658533,0.09312576055526733,0.9920079708099365,0.9670966863632202
YLR025W,YHL017W,0,-1.9662198,0.09311702847480774,0.9920079708099365,0.9671967029571533
YPL038W,YNL231C,0,-1.9677894,0.09310829639434814,0.9920079708099365,0.9672967195510864
YDR195W,YLR409C,0,-1.9679109,0.09309957176446915,0.9920079708099365,0.9673967361450195
YDR534C,YER125W,0,-1.9702958,0.09309083968400955,0.9920079708099365,0.9674967527389526
YLL008W,YGL220W,0,-1.9718243,0.09308211505413055,0.9920079708099365,0.9675967693328857
YOR330C,YJL082W,0,-1.972505,0.09307339042425156,0.9920079708099365,0.9676967859268188
YLR006C,YMR173W,0,-1.9745499,0.09306466579437256,0.9920079708099365,0.967796802520752
YER106W,YKR097W,0,-1.9749963,0.09305594861507416,0.9920079708099365,0.9678968191146851
YER106W,YOL133W,0,-1.976675,0.09304722398519516,0.9920079708099365,0.9679967761039734
YKL129C,YER015W,0,-1.9772719,0.09303850680589676,0.9920079708099365,0.9680967926979065
YGR167W,YGR112W,0,-1.9784963,0.09302978962659836,0.9920079708099365,0.9681968092918396
YPR141C,YML095C,0,-1.9794364,0.09302107989788055,0.9920079708099365,0.9682968258857727
YCL068C,YLR096W,0,-1.9796869,0.09301236271858215,0.9920079708099365,0.9683968424797058
YDR437W,YEL011W,1,-1.9798647,0.09309731423854828,0.9930070042610168,0.9683968424797058
YBR131W,YBR173C,0,-1.9808856,0.09308859705924988,0.9930070042610168,0.9684968590736389
YGR120C,YDR165W,0,-1.9811962,0.09307987987995148,0.9930070042610168,0.968596875667572
YBR170C,YFR021W,0,-1.9835986,0.09307116270065308,0.9930070042610168,0.9686968922615051
YLL057C,YDL030W,0,-1.9836577,0.09306244552135468,0.9930070042610168,0.9687969088554382
YLR266C,YDR406W,0,-1.9854983,0.09305373579263687,0.9930070042610168,0.9688968658447266
YER017C,YIL002C,0,-1.9893216,0.09304502606391907,0.9930070042610168,0.9689968824386597
YDR437W,YPL057C,1,-1.9926075,0.09312991052865982,0.9940059781074524,0.9689968824386597
YHR031C,YPL056C,0,-1.9952347,0.09312120079994202,0.9940059781074524,0.9690968990325928
YNL233W,YLR192C,0,-1.9960588,0.09311248362064362,0.9940059781074524,0.9691969156265259
YDR443C,YML076C,0,-1.9968659,0.09310377389192581,0.9940059781074524,0.969296932220459
YHR047C,YHL019C,0,-1.9973786,0.09309505671262741,0.9940059781074524,0.9693969488143921
YMR045C,YGR193C,0,-1.9974695,0.0930863469839096,0.9940059781074524,0.9694969654083252
YLR055C,YDL209C,0,-1.9992296,0.0930776447057724,0.9940059781074524,0.9695969820022583
YDL117W,YER012W,0,-1.9993628,0.0930689349770546,0.9940059781074524,0.9696969985961914
YKL010C,YHR030C,0,-2.0018468,0.09306023269891739,0.9940059781074524,0.9697969555854797
YJL128C,YHR061C,0,-2.0034685,0.09305153042078018,0.9940059781074524,0.9698969721794128
YMR233W,YGL238W,0,-2.0053732,0.09304282814264297,0.9940059781074524,0.969996988773346
YNL183C,YKR095W,0,-2.0065188,0.09303412586450577,0.9940059781074524,0.970097005367279
YHR129C,YDR131C,0,-2.007131,0.09302543103694916,0.9940059781074524,0.9701970219612122
YIR011C,YDR071C,0,-2.0083709,0.09301673620939255,0.9940059781074524,0.9702970385551453
YCR106W,YGR030C,0,-2.008505,0.09300804138183594,0.9940059781074524,0.9703970551490784
YDR200C,YLR327C,0,-2.010347,0.09299934655427933,0.9940059781074524,0.9704970717430115
YGL084C,YCR039C,0,-2.012576,0.09299065172672272,0.9940059781074524,0.9705970883369446
YPR006C,YGL237C,0,-2.0157518,0.0929819643497467,0.9940059781074524,0.9706970453262329
YKR038C,YNL289W,0,-2.0167089,0.09297327697277069,0.9940059781074524,0.970797061920166
YKL197C,YFL002W-A,0,-2.016743,0.09296458959579468,0.9940059781074524,0.9708970785140991
YKL081W,YMR228W,0,-2.017554,0.09295590221881866,0.9940059781074524,0.9709970951080322
YCL047C,YIL108W,0,-2.0183582,0.09294722229242325,0.9940059781074524,0.9710971117019653
YNL160W,YDR243C,0,-2.019413,0.09293854236602783,0.9940059781074524,0.9711971282958984
YPL225W,YER051W,0,-2.0215898,0.09292986243963242,0.9940059781074524,0.9712971448898315
YDR138W,YLR433C,0,-2.0215945,0.092921182513237,0.9940059781074524,0.9713971614837646
YGR216C,YGL047W,1,-2.0230598,0.09300588071346283,0.9950050115585327,0.9713971614837646
YDR448W,YGL142C,0,-2.0259058,0.09299720078706741,0.9950050115585327,0.9714971780776978
YLR451W,YAL058W,0,-2.030833,0.0929885134100914,0.9950050115585327,0.9715971350669861
YOR155C,YOR348C,0,-2.0316377,0.09297983348369598,0.9950050115585327,0.9716971516609192
YMR091C,YML086C,0,-2.0324254,0.09297115355730057,0.9950050115585327,0.9717971682548523
YLR007W,YDL109C,0,-2.0324955,0.09296248108148575,0.9950050115585327,0.9718971848487854
YDR402C,YDR151C,0,-2.0329404,0.09295380115509033,0.9950050115585327,0.9719972014427185
YDR197W,YGL259W,0,-2.0349603,0.09294512867927551,0.9950050115585327,0.9720972180366516
YGR170W,YPL042C,0,-2.0369878,0.0929364562034607,0.9950050115585327,0.9721972346305847
YPR171W,YDR088C,0,-2.0381498,0.09292778372764587,0.9950050115585327,0.9722972512245178
YOL004W,YPR054W,0,-2.0414407,0.09291911870241165,0.9950050115585327,0.9723972678184509
YPR171W,YMR137C,0,-2.0417058,0.09291044622659683,0.9950050115585327,0.9724972248077393
YNR059W,YHR139C,0,-2.041778,0.09290178120136261,0.9950050115585327,0.9725972414016724
YPL110C,YKL183W,0,-2.0440373,0.09289311617612839,0.9950050115585327,0.9726972579956055
YJL137C,YLR189C,1,-2.046566,0.09297771006822586,0.9960039854049683,0.9726972579956055
YGL063W,YOR374W,0,-2.046854,0.09296904504299164,0.9960039854049683,0.9727972745895386
YGL107C,YER050C,0,-2.0469074,0.09296037256717682,0.9960039854049683,0.9728972911834717
YNL284C,YMR193W,0,-2.047749,0.0929517075419426,0.9960039854049683,0.9729973077774048
YIL096C,YLL024C,0,-2.049807,0.09294304251670837,0.9960039854049683,0.9730973243713379
YPL213W,YDR137W,0,-2.0513148,0.09293437749147415,0.9960039854049683,0.973197340965271
YPR184W,YGL089C,0,-2.0522962,0.09292571246623993,0.9960039854049683,0.9732973575592041
YJL030W,YNL095C,0,-2.0543683,0.0929170548915863,0.9960039854049683,0.9733973145484924
YLR314C,YKL007W,0,-2.0607667,0.09290839731693268,0.9960039854049683,0.9734973311424255
YHR179W,YPL085W,0,-2.0612588,0.09289973974227905,0.9960039854049683,0.9735973477363586
YHR150W,YNL214W,0,-2.066009,0.09289108216762543,0.9960039854049683,0.9736973643302917
YDL146W,YLR052W,0,-2.0673957,0.0928824320435524,0.9960039854049683,0.9737973809242249
YNL176C,YIL150C,0,-2.0678074,0.09287377446889877,0.9960039854049683,0.973897397518158
YJR055W,YAR042W,0,-2.0682034,0.09286512434482574,0.9960039854049683,0.9739974141120911
YOL071W,YFL048C,0,-2.0705936,0.09285647422075272,0.9960039854049683,0.9740974307060242
YBR170C,YPR133C,0,-2.0706353,0.09284783154726028,0.9960039854049683,0.9741974472999573
YML043C,YHR135C,0,-2.0720794,0.09283918142318726,0.9960039854049683,0.9742974042892456
YAL024C,YKR037C,0,-2.0755858,0.09283053874969482,0.9960039854049683,0.9743974208831787
YGR216C,YMR283C,1,-2.0798018,0.09291499853134155,0.9970030188560486,0.9743974208831787
YGL136C,YNL101W,0,-2.0799327,0.09290634840726852,0.9970030188560486,0.9744974374771118
YDR213W,YDR420W,0,-2.0811362,0.0928976982831955,0.9970030188560486,0.9745974540710449
YNL294C,YDR082W,0,-2.0829802,0.09288905560970306,0.9970030188560486,0.974697470664978
YGR288W,YLL019C,0,-2.086989,0.09288041293621063,0.9970030188560486,0.9747974872589111
YNL218W,YER159C,0,-2.0870237,0.0928717628121376,0.9970030188560486,0.9748975038528442
YDR076W,YJR107W,0,-2.0904527,0.09286312758922577,0.9970030188560486,0.9749975204467773
YBR176W,YJR147W,0,-2.0906773,0.09285448491573334,0.9970030188560486,0.9750975370407104
YHL012W,YDL166C,0,-2.092061,0.0928458496928215,0.9970030188560486,0.9751974940299988
YBR114W,YBR097W,0,-2.0929275,0.09283720701932907,0.9970030188560486,0.9752975106239319
YHL038C,YGR162W,0,-2.094799,0.09282857179641724,0.9970030188560486,0.975397527217865
YGL158W,YDR045C,0,-2.0965915,0.092819944024086,0.9970030188560486,0.9754975438117981
YAL002W,YLL040C,0,-2.0995264,0.09281130880117416,0.9970030188560486,0.9755975604057312
YHR060W,YCL027W,0,-2.0996008,0.09280268102884293,0.9970030188560486,0.9756975769996643
YPR057W,YJL025W,0,-2.1001573,0.09279404580593109,0.9970030188560486,0.9757975935935974
YDL197C,YLR417W,0,-2.1011748,0.09278542548418045,0.9970030188560486,0.9758976101875305
YER063W,YGR076C,0,-2.1016345,0.09277679771184921,0.9970030188560486,0.9759976267814636
YOL154W,YNR027W,0,-2.1042852,0.09276816993951797,0.9970030188560486,0.976097583770752
YGR225W,YFL048C,0,-2.10668,0.09275954961776733,0.9970030188560486,0.9761976003646851
YLR318W,YOR359W,0,-2.1079988,0.0927509292960167,0.9970030188560486,0.9762976169586182
YML104C,YPL113C,0,-2.1089778,0.09274230897426605,0.9970030188560486,0.9763976335525513
YPL172C,YDR036C,0,-2.1102,0.09273369610309601,0.9970030188560486,0.9764976501464844
YML133C,YIL112W,0,-2.1110039,0.09272507578134537,0.9970030188560486,0.9765976667404175
YDR160W,YHL006C,0,-2.1114945,0.09271646291017532,0.9970030188560486,0.9766976833343506
YLR086W,YDR389W,0,-2.1118608,0.09270785003900528,0.9970030188560486,0.9767976999282837
YLR207W,YGL151W,0,-2.1150312,0.09269923716783524,0.9970030188560486,0.9768977165222168
YJL004C,YOR316C,0,-2.1176229,0.09269063174724579,0.9970030188560486,0.9769976735115051
YBR271W,YML051W,0,-2.119154,0.09268201887607574,0.9970030188560486,0.9770976901054382
YML104C,YLR016C,0,-2.1193237,0.0926734134554863,0.9970030188560486,0.9771977066993713
YGL105W,YNL051W,0,-2.1193724,0.09266480803489685,0.9970030188560486,0.9772977232933044
YPR189W,YOR123C,0,-2.1216226,0.092656210064888,0.9970030188560486,0.9773977398872375
YML015C,YPL195W,0,-2.1217303,0.09264760464429855,0.9970030188560486,0.9774977564811707
YGR155W,YKR007W,0,-2.122058,0.0926390066742897,0.9970030188560486,0.9775977730751038
YMR016C,YDR420W,0,-2.124195,0.09263040870428085,0.9970030188560486,0.9776977896690369
YDL170W,YPL253C,0,-2.1283522,0.092621810734272,0.9970030188560486,0.97779780626297
YPL226W,YPR171W,0,-2.1286373,0.09261321276426315,0.9970030188560486,0.9778977632522583
YAL043C,YDR011W,0,-2.1295462,0.0926046222448349,0.9970030188560486,0.9779977798461914
YIL018W,YNR074C,0,-2.1296473,0.09259603172540665,0.9970030188560486,0.9780977964401245
YLL021W,YER045C,0,-2.1298804,0.0925874412059784,0.9970030188560486,0.9781978130340576
YHR136C,YJR053W,0,-2.1314783,0.09257885068655014,0.9970030188560486,0.9782978296279907
YFR045W,YDR393W,0,-2.1353755,0.09257026016712189,0.9970030188560486,0.9783978462219238
YDR392W,YPR162C,0,-2.1367354,0.09256167709827423,0.9970030188560486,0.9784978628158569
YHR214C-B,YGR258C,0,-2.1381106,0.09255309402942657,0.9970030188560486,0.97859787940979
YGR009C,YLR429W,0,-2.138698,0.09254451096057892,0.9970030188560486,0.9786978960037231
YHR139C,YNL117W,0,-2.1392813,0.09253592789173126,0.9970030188560486,0.9787978529930115
YFR005C,YMR046C,0,-2.1397476,0.0925273522734642,0.9970030188560486,0.9788978695869446
YGR158C,YOL054W,0,-2.1404157,0.09251876920461655,0.9970030188560486,0.9789978861808777
YLR238W,YHR111W,0,-2.1404228,0.09251019358634949,0.9970030188560486,0.9790979027748108
YDL206W,YLL066C,0,-2.1505685,0.09250162541866302,0.9970030188560486,0.9791979193687439
YKR034W,YLR260W,0,-2.1511383,0.09249304980039597,0.9970030188560486,0.979297935962677
YMR034C,YIR038C,0,-2.1539226,0.0924844741821289,0.9970030188560486,0.9793979525566101
YPR141C,YGR266W,0,-2.1558404,0.09247590601444244,0.9970030188560486,0.9794979691505432
YOL040C,YNL339C,0,-2.1560388,0.09246733784675598,0.9970030188560486,0.9795979857444763
YBR251W,YLL029W,0,-2.157641,0.09245876967906952,0.9970030188560486,0.9796979427337646
YHR181W,YML101C,0,-2.1600018,0.09245020896196365,0.9970030188560486,0.9797979593276978
YDR026C,YFL002W-A,0,-2.1608458,0.09244164824485779,0.9970030188560486,0.9798979759216309
YLL001W,YBL064C,0,-2.1618576,0.09243308007717133,0.9970030188560486,0.979997992515564
YDL024C,YOL165C,0,-2.165135,0.09242451936006546,0.9970030188560486,0.9800980091094971
YDR397C,YDR353W,0,-2.1757946,0.09241596609354019,0.9970030188560486,0.9801980257034302
YDL232W,YMR283C,1,-2.1758504,0.0925000011920929,0.9980019927024841,0.9801980257034302
YIL006W,YER087W,0,-2.1762085,0.09249143302440643,0.9980019927024841,0.9802980422973633
YNL325C,YAL008W,0,-2.1768484,0.09248287230730057,0.9980019927024841,0.9803980588912964
YIL079C,YDR353W,0,-2.1783557,0.0924743115901947,0.9980019927024841,0.9804980754852295
YDR356W,YGL003C,0,-2.1837654,0.09246575087308884,0.9980019927024841,0.9805980324745178
YKL197C,YKL114C,0,-2.1861434,0.09245719760656357,0.9980019927024841,0.9806980490684509
YPL033C,YBR006W,0,-2.1896596,0.0924486368894577,0.9980019927024841,0.980798065662384
YBL023C,YGR129W,0,-2.1918845,0.09244008362293243,0.9980019927024841,0.9808980822563171
YLR143W,YPL141C,0,-2.193624,0.09243153035640717,0.9980019927024841,0.9809980988502502
YDR515W,YNL288W,0,-2.194817,0.0924229845404625,0.9980019927024841,0.9810981154441833
YPR200C,YAL010C,0,-2.1952367,0.09241443127393723,0.9980019927024841,0.9811981320381165
YOL125W,YKL040C,0,-2.1958432,0.09240588545799255,0.9980019927024841,0.9812981486320496
YOL028C,YDL231C,0,-2.1969404,0.09239733964204788,0.9980019927024841,0.9813981652259827
YLR085C,YNL282W,0,-2.1976957,0.09238879382610321,0.9980019927024841,0.981498122215271
YIL005W,YMR173W,0,-2.1987162,0.09238024801015854,0.9980019927024841,0.9815981388092041
YLR277C,YDR260C,0,-2.2004008,0.09237170964479446,0.9980019927024841,0.9816981554031372
YPL017C,YMR163C,0,-2.2006192,0.09236316382884979,0.9980019927024841,0.9817981719970703
YNL032W,YIL128W,0,-2.2013474,0.09235462546348572,0.9980019927024841,0.9818981885910034
YDR200C,YER176W,0,-2.204517,0.09234608709812164,0.9980019927024841,0.9819982051849365
YIL072W,YOR338W,0,-2.2085738,0.09233755618333817,0.9980019927024841,0.9820982217788696
YCL014W,YER159C,0,-2.2140608,0.09232901781797409,0.9980019927024841,0.9821982383728027
YOR222W,YNL182C,0,-2.2200437,0.09232048690319061,0.9980019927024841,0.9822982549667358
YDR150W,YJL066C,0,-2.2222567,0.09231195598840714,0.9980019927024841,0.9823982119560242
YPR137W,YIL150C,0,-2.222898,0.09230342507362366,0.9980019927024841,0.9824982285499573
YLR425W,YDR246W,0,-2.2239919,0.09229490160942078,0.9980019927024841,0.9825982451438904
YLR215C,YLR085C,0,-2.2244792,0.0922863706946373,0.9980019927024841,0.9826982617378235
YFR038W,YHR014W,0,-2.224989,0.09227784723043442,0.9980019927024841,0.9827982783317566
YGR286C,YLR096W,0,-2.227017,0.09226932376623154,0.9980019927024841,0.9828982949256897
YJR151C,YGR161C,0,-2.23036,0.09226080775260925,0.9980019927024841,0.9829983115196228
YBR081C,YHR111W,0,-2.2329626,0.09225228428840637,0.9980019927024841,0.9830983281135559
YIL004C,YOR069W,0,-2.235704,0.09224376827478409,0.9980019927024841,0.983198344707489
YOR252W,YHR147C,0,-2.23729,0.0922352522611618,0.9980019927024841,0.9832983016967773
YGR052W,YDR244W,0,-2.2373862,0.09222673624753952,0.9980019927024841,0.9833983182907104
YGL136C,YPL159C,0,-2.2379813,0.09221822023391724,0.9980019927024841,0.9834983348846436
YGL064C,YPR148C,0,-2.2389793,0.09220971167087555,0.9980019927024841,0.9835983514785767
YDL070W,YLL004W,0,-2.2409248,0.09220120310783386,0.9980019927024841,0.9836983680725098
YIL014W,YLR189C,1,-2.241405,0.09228497743606567,0.9990010261535645,0.9836983680725098
YDL072C,YDR411C,0,-2.241621,0.09227646142244339,0.9990010261535645,0.9837983846664429
YOL032W,YPR111W,0,-2.2422366,0.0922679454088211,0.9990010261535645,0.983898401260376
YLR165C,YDL139C,0,-2.248415,0.09225943684577942,0.9990010261535645,0.9839984178543091
YMR043W,YGR271W,0,-2.249834,0.09225092083215714,0.9990010261535645,0.9840984344482422
YDR030C,YLR328W,0,-2.2498622,0.09224241226911545,0.9990010261535645,0.9841983914375305
YCR094W,YLR068W,0,-2.2512784,0.09223390370607376,0.9990010261535645,0.9842984080314636
YLR150W,YGL241W,0,-2.2513313,0.09222540259361267,0.9990010261535645,0.9843984246253967
YGL071W,YMR273C,0,-2.2535443,0.09221689403057098,0.9990010261535645,0.9844984412193298
YBL005W,YFR027W,0,-2.2616353,0.0922083929181099,0.9990010261535645,0.9845984578132629
YIL137C,YNL054W,0,-2.2699723,0.0921998918056488,0.9990010261535645,0.984698474407196
YDR228C,YLL034C,0,-2.2705855,0.09219139069318771,0.9990010261535645,0.9847984910011292
YLR079W,YDR330W,0,-2.2743015,0.09218288958072662,0.9990010261535645,0.9848985075950623
YKL175W,YLR187W,0,-2.274984,0.09217439591884613,0.9990010261535645,0.9849985241889954
YMR171C,YJR089W,0,-2.2777963,0.09216590225696564,0.9990010261535645,0.9850984811782837
YOR110W,YJL041W,0,-2.2827802,0.09215740114450455,0.9990010261535645,0.9851984977722168
YDR384C,YBR082C,0,-2.2937107,0.09214891493320465,0.9990010261535645,0.9852985143661499
YER137C,YNL112W,0,-2.293993,0.09214042127132416,0.9990010261535645,0.985398530960083
YPR008W,YER015W,0,-2.2965221,0.09213193506002426,0.9990010261535645,0.9854985475540161
YDR437W,YBR161W,1,-2.2985234,0.09221556782722473,1.0,0.9854985475540161
YER180C,YDL247W,0,-2.3018703,0.09220707416534424,1.0,0.9855985641479492
YOL151W,YOL095C,0,-2.3165445,0.09219858050346375,1.0,0.9856985807418823
YMR048W,YHR169W,0,-2.3198938,0.09219008684158325,1.0,0.9857985973358154
YGR009C,YBR282W,0,-2.322106,0.09218160063028336,1.0,0.9858986139297485
YDR115W,YIL148W,0,-2.3229418,0.09217311441898346,1.0,0.9859985709190369
YML102W,YOR322C,0,-2.3232498,0.09216462820768356,1.0,0.98609858751297
YKR069W,YGR058W,0,-2.3333201,0.09215614199638367,1.0,0.9861986041069031
YLR158C,YGR161C,0,-2.3347087,0.09214765578508377,1.0,0.9862986207008362
YCL074W,YBR045C,0,-2.3356552,0.09213917702436447,1.0,0.9863986372947693
YNL008C,YLR015W,0,-2.3362985,0.09213069826364517,1.0,0.9864986538887024
YLR329W,YBL037W,0,-2.3367243,0.09212221950292587,1.0,0.9865986704826355
YJR046W,YJR119C,0,-2.337525,0.09211374074220657,1.0,0.9866986870765686
YOR177C,YCR010C,0,-2.3408294,0.09210526198148727,1.0,0.9867987036705017
YLR329W,YDL247W,0,-2.342225,0.09209679067134857,1.0,0.98689866065979
YER127W,YER007W,0,-2.343892,0.09208831936120987,1.0,0.9869986772537231
YKL166C,YJR027W,0,-2.3448753,0.09207984805107117,1.0,0.9870986938476562
YHR081W,YOR110W,0,-2.3472733,0.09207137674093246,1.0,0.9871987104415894
YMR306W,YBR240C,0,-2.3531008,0.09206290543079376,1.0,0.9872987270355225
YOR319W,YDR165W,0,-2.3537111,0.09205444157123566,1.0,0.9873987436294556
YKR078W,YIL138C,0,-2.360229,0.09204597771167755,1.0,0.9874987602233887
YJL035C,YML061C,0,-2.3634672,0.09203751385211945,1.0,0.9875987768173218
YDL208W,YLL024C,0,-2.3647218,0.09202904999256134,1.0,0.9876987934112549
YCR014C,YLR086W,0,-2.371839,0.09202059358358383,1.0,0.9877987504005432
YIR025W,YPL193W,0,-2.3725681,0.09201213717460632,1.0,0.9878987669944763
YLR260W,YHR139C,0,-2.3727522,0.09200367331504822,1.0,0.9879987835884094
YOR266W,YFL023W,0,-2.3767028,0.0919952243566513,1.0,0.9880988001823425
YPR141C,YDR103W,0,-2.3799005,0.0919867679476738,1.0,0.9881988167762756
YLR299W,YHR160C,0,-2.3807306,0.09197831153869629,1.0,0.9882988333702087
YHR090C,YDR034C,0,-2.387001,0.09196986258029938,1.0,0.9883988499641418
YJL005W,YIL160C,0,-2.3894677,0.09196141362190247,1.0,0.988498866558075
YHR108W,YGL122C,0,-2.3894882,0.09195296466350555,1.0,0.9885988831520081
YLR010C,YPR008W,0,-2.390038,0.09194452315568924,1.0,0.9886988401412964
YJR028W,YOL080C,0,-2.392644,0.09193607419729233,1.0,0.9887988567352295
YGL018C,YJR027W,0,-2.3951812,0.09192763268947601,1.0,0.9888988733291626
YOR109W,YML013W,0,-2.3961387,0.0919191911816597,1.0,0.9889988899230957
YPL143W,YNL147W,0,-2.4163165,0.09191074967384338,1.0,0.9890989065170288
YJR049C,YOR132W,0,-2.420796,0.09190231561660767,1.0,0.9891989231109619
YHR090C,YNR022C,0,-2.4233522,0.09189387410879135,1.0,0.989298939704895
YKR096W,YOR193W,0,-2.4241953,0.09188544005155563,1.0,0.9893989562988281
YOR279C,YJR082C,0,-2.4268599,0.09187700599431992,1.0,0.9894989728927612
YDR530C,YER153C,0,-2.428028,0.0918685719370842,1.0,0.9895989894866943
YBR042C,YGR113W,0,-2.434198,0.09186014533042908,1.0,0.9896989464759827
YDR443C,YPR189W,0,-2.4345164,0.09185171872377396,1.0,0.9897989630699158
YHR006W,YOR071C,0,-2.4358234,0.09184328466653824,1.0,0.9898989796638489
YDR075W,YGR251W,0,-2.4433937,0.09183486551046371,1.0,0.989998996257782
YIL002C,YDL109C,0,-2.4684043,0.0918264389038086,1.0,0.9900990128517151
YDR140W,YJR022W,0,-2.4731808,0.09181801229715347,1.0,0.9901990294456482
YDR011W,YMR042W,0,-2.4854617,0.09180959314107895,1.0,0.9902990460395813
YGR283C,YPR048W,0,-2.4884486,0.09180117398500443,1.0,0.9903990626335144
YIR036C,YML133C,0,-2.4903173,0.0917927548289299,1.0,0.9904990792274475
YML016C,YOR109W,0,-2.4904566,0.09178433567285538,1.0,0.9905990362167358
YPL061W,YMR302C,0,-2.49117,0.09177592396736145,1.0,0.990699052810669
YEL048C,YNL281W,0,-2.497581,0.09176751226186752,1.0,0.990799069404602
YJR021C,YPL223C,0,-2.5068517,0.0917591005563736,1.0,0.9908990859985352
YDL045C,YKR020W,0,-2.5107255,0.09175068885087967,1.0,0.9909991025924683
YPL074W,YAR042W,0,-2.5132117,0.09174227714538574,1.0,0.9910991191864014
YBR010W,YLR187W,0,-2.5148053,0.09173387289047241,1.0,0.9911991357803345
YDR463W,YOR172W,0,-2.5246725,0.09172546863555908,1.0,0.9912991523742676
YDR260C,YIL150C,0,-2.5251923,0.09171706438064575,1.0,0.9913991689682007
YOR078W,YER123W,0,-2.5308304,0.09170866012573242,1.0,0.991499125957489
YBR181C,YOR150W,0,-2.5386963,0.09170025587081909,1.0,0.9915991425514221
YGL136C,YMR099C,0,-2.5502753,0.09169185906648636,1.0,0.9916991591453552
YGL089C,YKL074C,0,-2.5531707,0.09168345481157303,1.0,0.9917991757392883
YOR156C,YDR031W,0,-2.5538254,0.09167506545782089,1.0,0.9918991923332214
YOR237W,YER155C,0,-2.5611525,0.09166666865348816,1.0,0.9919992089271545
YDR115W,YPR102C,0,-2.5618238,0.09165827184915543,1.0,0.9920992255210876
YGR044C,YHR139C,0,-2.565527,0.09164988249540329,1.0,0.9921992421150208
YKL170W,YML096W,0,-2.566224,0.09164149314165115,1.0,0.9922992587089539
YGR005C,YHR149C,0,-2.5698438,0.09163310378789902,1.0,0.9923992156982422
YDR463W,YKL150W,0,-2.5761395,0.09162471443414688,1.0,0.9924992322921753
YNL302C,YDL140C,0,-2.5798812,0.09161632508039474,1.0,0.9925992488861084
YCL027W,YOL054W,0,-2.580946,0.0916079431772232,1.0,0.9926992654800415
YBR061C,YNL054W,0,-2.5813217,0.09159956127405167,1.0,0.9927992820739746
YPL036W,YBR268W,0,-2.5878644,0.09159117937088013,1.0,0.9928992986679077
YPR162C,YPR111W,0,-2.5893526,0.09158279746770859,1.0,0.9929993152618408
YMR159C,YMR168C,0,-2.5902872,0.09157442301511765,1.0,0.9930993318557739
YDR463W,YKR037C,0,-2.5938773,0.0915660411119461,1.0,0.993199348449707
YMR019W,YIL120W,0,-2.5941515,0.09155766665935516,1.0,0.9932993054389954
YLL003W,YGR129W,0,-2.6003265,0.09154929220676422,1.0,0.9933993220329285
YGL259W,YGR238C,0,-2.601348,0.09154092520475388,1.0,0.9934993386268616
YGL216W,YDR244W,0,-2.6015816,0.09153255075216293,1.0,0.9935993552207947
YGR258C,YGR238C,0,-2.628168,0.09152418375015259,1.0,0.9936993718147278
YDR240C,YNL230C,0,-2.6305814,0.09151581674814224,1.0,0.9937993884086609
YPR134W,YCR081W,0,-2.63233,0.0915074497461319,1.0,0.993899405002594
YMR262W,YLR247C,0,-2.633181,0.09149908274412155,1.0,0.9939994215965271
YEL006W,YDL035C,0,-2.6347327,0.0914907231926918,1.0,0.9940994381904602
YDR179C,YDR407C,0,-2.639923,0.09148236364126205,1.0,0.9941993951797485
YNL172W,YMR198W,0,-2.6440291,0.0914740040898323,1.0,0.9942994117736816
YJR049C,YFL056C,0,-2.6487885,0.09146564453840256,1.0,0.9943994283676147
YOR002W,YGL063W,0,-2.6497002,0.09145728498697281,1.0,0.9944994449615479
YMR143W,YML027W,0,-2.6516728,0.09144893288612366,1.0,0.994599461555481
YCR093W,YLR451W,0,-2.6518936,0.0914405807852745,1.0,0.9946994781494141
YJL065C,YML005W,0,-2.6520238,0.09143222868442535,1.0,0.9947994947433472
YDR389W,YIL084C,0,-2.6527739,0.0914238765835762,1.0,0.9948995113372803
YLR238W,YGL122C,0,-2.6540165,0.09141552448272705,1.0,0.9949995279312134
YBR119W,YBR081C,0,-2.6572456,0.0914071798324585,1.0,0.9950994849205017
YPR189W,YJR160C,0,-2.6594696,0.09139882773160934,1.0,0.9951995015144348
YDR368W,YBL074C,0,-2.6625009,0.09139048308134079,1.0,0.9952995181083679
YDL198C,YML039W,0,-2.6625896,0.09138214588165283,1.0,0.995399534702301
YKR069W,YDR243C,0,-2.6661334,0.09137380123138428,1.0,0.9954995512962341
YJL225C,YLR097C,0,-2.6715198,0.09136546403169632,1.0,0.9955995678901672
YMR098C,YAL008W,0,-2.6807184,0.09135712683200836,1.0,0.9956995844841003
YJL059W,YJR035W,0,-2.686058,0.0913487896323204,1.0,0.9957996010780334
YCL054W,YOR226C,0,-2.6928058,0.09134045243263245,1.0,0.9958996176719666
YMR201C,YLR348C,0,-2.6933846,0.09133211523294449,1.0,0.9959995746612549
YPL233W,YKR038C,0,-2.7256532,0.09132378548383713,1.0,0.996099591255188
YIR015W,YIL022W,0,-2.7320275,0.09131545573472977,1.0,0.9961996078491211
YHR175W,YIL053W,0,-2.732675,0.0913071259856224,1.0,0.9962996244430542
YLR352W,YJR050W,0,-2.7356925,0.09129879623651505,1.0,0.9963996410369873
YHR118C,YKL108W,0,-2.7451649,0.09129046648740768,1.0,0.9964996576309204
YDR030C,YLR238W,0,-2.7635975,0.09128214418888092,1.0,0.9965996742248535
YJL168C,YDR028C,0,-2.7727098,0.09127382189035416,1.0,0.9966996908187866
YMR097C,YDR122W,0,-2.8141189,0.09126549959182739,1.0,0.9967997074127197
YJL098W,YGL216W,0,-2.8195262,0.09125717729330063,1.0,0.9968996644020081
YGR008C,YOR291W,0,-2.823697,0.09124886244535446,1.0,0.9969996809959412
YKL110C,YPR048W,0,-2.8400822,0.0912405401468277,1.0,0.9970996975898743
YGR165W,YLR042C,0,-2.8421383,0.09123222529888153,1.0,0.9971997141838074
YDL006W,YLR033W,0,-2.8422704,0.09122391045093536,1.0,0.9972997307777405
YLR360W,YHL019C,0,-2.8520932,0.0912156030535698,1.0,0.9973997473716736
YJR035W,YDL109C,0,-2.8663769,0.09120728820562363,1.0,0.9974997639656067
YJR151C,YGR223C,0,-2.8905468,0.09119898080825806,1.0,0.9975997805595398
YOR109W,YPL194W,0,-2.895001,0.09119067341089249,1.0,0.9976997971534729
YJR036C,YOR338W,0,-2.914785,0.09118236601352692,1.0,0.9977997541427612
YLL021W,YPL193W,0,-2.9336524,0.09117405861616135,1.0,0.9978997707366943
YKR020W,YBR261C,0,-2.9662795,0.09116575866937637,1.0,0.9979997873306274
YJR028W,YHR120W,0,-2.9688182,0.0911574512720108,1.0,0.9980998039245605
YPL061W,YDR494W,0,-2.9797654,0.09114915132522583,1.0,0.9981998205184937
YML073C,YFR032C-A,0,-3.0218496,0.09114085137844086,1.0,0.9982998371124268
YJR035W,YML015C,0,-3.0277634,0.09113255888223648,1.0,0.9983998537063599
YIL098C,YMR045C,0,-3.0366845,0.09112425893545151,1.0,0.998499870300293
YOR313C,YHL040C,0,-3.0880437,0.09111596643924713,1.0,0.9985998868942261
YIL143C,YIL061C,0,-3.0894027,0.09110767394304276,1.0,0.9986998438835144
YPL137C,YMR168C,0,-3.1104016,0.09109938144683838,1.0,0.9987998604774475
YBR087W,YKL108W,0,-3.1660995,0.091091088950634,1.0,0.9988998770713806
YML006C,YKR031C,0,-3.1939511,0.09108280390501022,1.0,0.9989998936653137
YOR279C,YFR013W,0,-3.2190943,0.09107451885938644,1.0,0.9990999102592468
YDL074C,YHR090C,0,-3.2383695,0.09106622636318207,1.0,0.9991999268531799
YML040W,YDL198C,0,-3.2905254,0.09105794876813889,1.0,0.999299943447113
YER038C,YGL003C,0,-3.3128996,0.0910496637225151,1.0,0.9993999600410461
YGL194C,YML132W,0,-3.4316635,0.09104138612747192,1.0,0.9994999766349792
YBL021C,YNL136W,0,-3.573729,0.09103310108184814,1.0,0.9995999336242676
YNL032W,YLR007W,0,-3.7361517,0.09102482348680496,1.0,0.9996999502182007
YDR127W,YLL038C,0,-3.79046,0.09101654589176178,1.0,0.9997999668121338
YJL108C,YIL108W,0,-4.037368,0.0910082757472992,1.0,0.9998999834060669
YDR440W,YDR326C,0,-4.668005,0.09099999815225601,1.0,1.0
