Gene,Label,Score,Background Score,Precision,Recall,False Positive Rate
YOR008C,-1,-14.907428488135338,-2029.2747084200382,0.0,0.0,0.0002896032435563278
YKL079W,-1,-15.773186519742012,-2127.6455049812794,0.0,0.0,0.0005792064871126556
YPL249C,-1,-16.094440385699272,-2200.453482583165,0.0,0.0,0.0008688097306689834
YLR362W,1,-16.17918688058853,-2202.7010566592216,0.25,0.0196078431372549,0.0008688097306689834
YDR173C,-1,-16.264041051268578,-2219.137235298753,0.2,0.0196078431372549,0.0011584129742253113
YMR192W,-1,-16.288907065987587,-2224.6873051971197,0.16666666666666666,0.0196078431372549,0.0014480162177816392
YOL111C,-1,-16.824836492538452,-2303.2739928364754,0.14285714285714285,0.0196078431372549,0.0017376194613379669
YAL005C,-1,-17.109169214963913,-2577.9877586364746,0.125,0.0196078431372549,0.002027222704894295
YCR009C,-1,-17.127481549978256,-2245.444241002202,0.1111111111111111,0.0196078431372549,0.0023168259484506225
YLR270W,-1,-17.356645733118057,-2390.7247590869665,0.1,0.0196078431372549,0.0026064291920069507
YDR388W,-1,-17.749284476041794,-2419.0502176880836,0.09090909090909091,0.0196078431372549,0.0028960324355632784
YOR057W,-1,-17.84842972457409,-2431.0594395399094,0.08333333333333333,0.0196078431372549,0.003185635679119606
YER143W,-1,-18.16141091287136,-2462.201965391636,0.07692307692307693,0.0196078431372549,0.0034752389226759338
YOL070C,0,-18.17233482003212,-2377.345414221287,0.07692307692307693,0.0196078431372549,0.0034752389226759338
YBR260C,-1,-18.18245132267475,-2411.61210899055,0.07142857142857142,0.0196078431372549,0.003764842166232262
YLL040C,-1,-18.326881304383278,-2469.768149778247,0.06666666666666667,0.0196078431372549,0.00405444540978859
YPL100W,-1,-18.50845032930374,-2570.004974529147,0.0625,0.0196078431372549,0.004344048653344918
YKL213C,-1,-18.51106622815132,-2316.330534875393,0.058823529411764705,0.0196078431372549,0.004633651896901245
YBL105C,-1,-18.522084206342697,-2504.3633621037006,0.05555555555555555,0.0196078431372549,0.004923255140457573
YGL190C,-1,-18.54572021961212,-2431.986485749483,0.05263157894736842,0.0196078431372549,0.005212858384013901
YIR036C,0,-18.56506797671318,-2469.83633980155,0.05263157894736842,0.0196078431372549,0.005212858384013901
YKL091C,-1,-18.64431558549404,-2391.6584585756063,0.05,0.0196078431372549,0.005502461627570229
YLR410W,0,-18.73214015364647,-2525.5424317121506,0.05,0.0196078431372549,0.005502461627570229
YDR214W,-1,-18.76970073580742,-2331.0584645867348,0.047619047619047616,0.0196078431372549,0.005792064871126557
YML057W,-1,-18.985357090830803,-2404.0046337991953,0.045454545454545456,0.0196078431372549,0.006081668114682885
YML070W,0,-19.177890822291374,-2451.1827386021614,0.045454545454545456,0.0196078431372549,0.006081668114682885
YPL240C,-1,-19.240172758698463,-2698.0506598353386,0.043478260869565216,0.0196078431372549,0.006371271358239212
YPR008W,-1,-19.30906955897808,-2572.5974497646093,0.041666666666666664,0.0196078431372549,0.00666087460179554
YMR169C,0,-19.342124447226524,-2605.4479268342257,0.041666666666666664,0.0196078431372549,0.00666087460179554
YOL062C,0,-19.37685164809227,-2729.4381064921618,0.041666666666666664,0.0196078431372549,0.00666087460179554
YOR326W,-1,-19.381271973252296,-2442.1453265845776,0.04,0.0196078431372549,0.0069504778453518675
YMR139W,-1,-19.4412003159523,-2525.311971023679,0.038461538461538464,0.0196078431372549,0.007240081088908196
YJL164C,-1,-19.47481818497181,-2631.490903928876,0.037037037037037035,0.0196078431372549,0.007529684332464524
YEL012W,-1,-19.638406962156296,-2544.958993256092,0.03571428571428571,0.0196078431372549,0.007819287576020852
YNR035C,-1,-19.670420438051224,-2623.4386560320854,0.034482758620689655,0.0196078431372549,0.00810889081957718
YAL014C,0,-19.688339576125145,-2681.0027832835913,0.034482758620689655,0.0196078431372549,0.00810889081957718
YOR007C,-1,-19.755314618349075,-2776.676383689046,0.03333333333333333,0.0196078431372549,0.008398494063133507
YLL018C,-1,-19.8458384424448,-2767.445981308818,0.03225806451612903,0.0196078431372549,0.008688097306689836
YOL016C,-1,-19.86699488759041,-2554.3317295759916,0.03125,0.0196078431372549,0.008977700550246163
YNL094W,-1,-19.93415692448616,-2492.8556384444237,0.030303030303030304,0.0196078431372549,0.00926730379380249
YAL017W,-1,-19.998725056648254,-2712.844296500087,0.029411764705882353,0.0196078431372549,0.009556907037358819
YJR076C,-1,-19.998937487602234,-2742.0694969445467,0.02857142857142857,0.0196078431372549,0.009846510280915146
YJR084W,-1,-20.1640515178442,-2593.736698627472,0.027777777777777776,0.0196078431372549,0.010136113524471474
YOL100W,-1,-20.173625469207764,-2752.7255265265703,0.02702702702702703,0.0196078431372549,0.010425716768027803
YBL075C,-1,-20.243710473179817,-2479.9327252805233,0.02631578947368421,0.0196078431372549,0.01071532001158413
YDR309C,-1,-20.267016500234604,-2570.9818189889193,0.02564102564102564,0.0196078431372549,0.011004923255140457
YDR043C,1,-20.314736112952232,-2711.7180722504854,0.05,0.0392156862745098,0.011004923255140457
YKR048C,-1,-20.34825360774994,-2654.23880559206,0.04878048780487805,0.0392156862745098,0.011294526498696786
YDR122W,-1,-20.35292959213257,-2670.174015045166,0.047619047619047616,0.0392156862745098,0.011584129742253113
YIL138C,-1,-20.400374978780746,-2737.93183042109,0.046511627906976744,0.0392156862745098,0.01187373298580944
YOR353C,0,-20.516405448317528,-2678.1702152639627,0.046511627906976744,0.0392156862745098,0.01187373298580944
YNL027W,0,-20.526595652103424,-2589.018072158098,0.046511627906976744,0.0392156862745098,0.01187373298580944
YBR272C,-1,-20.535553976893425,-2810.025700032711,0.045454545454545456,0.0392156862745098,0.01216333622936577
YNL032W,-1,-20.545319616794586,-2737.4765331298113,0.044444444444444446,0.0392156862745098,0.012452939472922097
YKL139W,-1,-20.560326471924782,-2670.8454803675413,0.043478260869565216,0.0392156862745098,0.012742542716478424
YDL168W,0,-20.567269802093506,-2751.774826928973,0.043478260869565216,0.0392156862745098,0.012742542716478424
YJL128C,-1,-20.603984087705612,-2593.0801307708025,0.0425531914893617,0.0392156862745098,0.013032145960034752
YLR216C,-1,-20.656835585832596,-2696.840891584754,0.041666666666666664,0.0392156862745098,0.01332174920359108
YDL045C,0,-20.67791450023651,-2805.7068525999784,0.041666666666666664,0.0392156862745098,0.01332174920359108
YOR027W,-1,-20.687638714909554,-2782.3303430974483,0.04081632653061224,0.0392156862745098,0.013611352447147408
YBR102C,-1,-20.695517048239708,-2684.4197289943695,0.04,0.0392156862745098,0.013900955690703735
YLL039C,-1,-20.749770313501358,-2665.1061119139194,0.0392156862745098,0.0392156862745098,0.014190558934260064
YDR358W,-1,-20.77312645316124,-2654.629020884633,0.038461538461538464,0.0392156862745098,0.014480162177816391
YGR097W,-1,-20.773271039128304,-2887.444008052349,0.03773584905660377,0.0392156862745098,0.014769765421372719
YBL101C,-1,-20.788575515151024,-2811.4653832912445,0.037037037037037035,0.0392156862745098,0.015059368664929048
YMR304W,-1,-20.838650673627853,-2734.640588849783,0.03636363636363636,0.0392156862745098,0.015348971908485375
YDR200C,-1,-20.842782735824585,-2708.2282586991787,0.03571428571428571,0.0392156862745098,0.015638575152041704
YLL013C,-1,-20.845790460705757,-2800.200589388609,0.03508771929824561,0.0392156862745098,0.01592817839559803
YAR027W,0,-20.851585060358047,-2789.2981234937906,0.03508771929824561,0.0392156862745098,0.01592817839559803
YOR132W,-1,-20.85349750518799,-2648.1587125062943,0.034482758620689655,0.0392156862745098,0.01621778163915436
YBR118W,-1,-20.853952810168266,-2885.84315161407,0.03389830508474576,0.0392156862745098,0.016507384882710686
YNR047W,-1,-20.88024704158306,-2792.483639717102,0.03333333333333333,0.0392156862745098,0.016796988126267013
YOR059C,-1,-20.885012611746788,-2654.2310759574175,0.03278688524590164,0.0392156862745098,0.017086591369823344
YDR169C,-1,-20.899471566081047,-2794.761968895793,0.03225806451612903,0.0392156862745098,0.01737619461337967
YBR274W,-1,-20.92523169517517,-2801.0701020359993,0.031746031746031744,0.0392156862745098,0.017665797856936
YLR427W,-1,-20.956612691283226,-2704.2298729270697,0.03125,0.0392156862745098,0.017955401100492326
YNL197C,1,-20.983509451150894,-2775.5995539724827,0.046153846153846156,0.058823529411764705,0.017955401100492326
YNR007C,-1,-21.006747275590897,-2910.932124197483,0.045454545454545456,0.058823529411764705,0.018245004344048653
YER129W,-1,-21.026515886187553,-2793.356386631727,0.04477611940298507,0.058823529411764705,0.01853460758760498
YIL107C,0,-21.037406221032143,-2796.7703019827604,0.04477611940298507,0.058823529411764705,0.01853460758760498
YDR423C,-1,-21.039478063583374,-2704.5593466311693,0.04411764705882353,0.058823529411764705,0.018824210831161307
YBR264C,0,-21.05769208073616,-2783.5670437812805,0.04411764705882353,0.058823529411764705,0.018824210831161307
YNL008C,-1,-21.104319915175438,-2864.913162469864,0.043478260869565216,0.058823529411764705,0.019113814074717638
YBR114W,-1,-21.172836497426033,-2619.8294672220945,0.04285714285714286,0.058823529411764705,0.019403417318273965
YHR146W,0,-21.174551486968994,-2858.7054866552353,0.04285714285714286,0.058823529411764705,0.019403417318273965
YJL124C,-1,-21.19535358250141,-2841.74705709517,0.04225352112676056,0.058823529411764705,0.019693020561830293
YNL241C,-1,-21.237262085080147,-2836.093939706683,0.041666666666666664,0.058823529411764705,0.01998262380538662
YDR129C,-1,-21.241680294275284,-2851.960006773472,0.0410958904109589,0.058823529411764705,0.020272227048942947
YNL220W,0,-21.274131670594215,-2963.6915018707514,0.0410958904109589,0.058823529411764705,0.020272227048942947
YPL152W,-1,-21.301533058285713,-2676.5638947039843,0.04054054054054054,0.058823529411764705,0.020561830292499274
YDL021W,0,-21.308855786919594,-2792.624658241868,0.04054054054054054,0.058823529411764705,0.020561830292499274
YLR038C,-1,-21.331721931695938,-2918.3215057253838,0.04,0.058823529411764705,0.020851433536055605
YMR135C,-1,-21.35489010810852,-2696.82432025671,0.039473684210526314,0.058823529411764705,0.021141036779611933
YLR248W,-1,-21.36801052093506,-2725.653233498335,0.03896103896103896,0.058823529411764705,0.02143064002316826
YER023W,0,-21.401776269078255,-2923.1671344339848,0.03896103896103896,0.058823529411764705,0.02143064002316826
YNL076W,-1,-21.407156318426132,-2843.9313337802887,0.038461538461538464,0.058823529411764705,0.021720243266724587
YIR037W,-1,-21.547086119651794,-2728.4541121572256,0.0379746835443038,0.058823529411764705,0.022009846510280914
YOR208W,-1,-21.553396180272102,-2652.7385810911655,0.0375,0.058823529411764705,0.02229944975383724
YIL046W,-1,-21.570620223879814,-2714.02726700902,0.037037037037037035,0.058823529411764705,0.022589052997393572
YPL120W,-1,-21.575602397322655,-2911.342224866152,0.036585365853658534,0.058823529411764705,0.0228786562409499
YNL183C,-1,-21.611186549067497,-2734.807419657707,0.03614457831325301,0.058823529411764705,0.023168259484506227
YER162C,-1,-21.61457695066929,-2642.6696884334087,0.03571428571428571,0.058823529411764705,0.023457862728062554
YLR107W,-1,-21.629341527819633,-2767.504115819931,0.03529411764705882,0.058823529411764705,0.02374746597161888
YBL101W-A,-1,-21.636090695858,-2589.967327415943,0.03488372093023256,0.058823529411764705,0.02403706921517521
YLR157C-A,-1,-21.636090695858,-2589.9801266789436,0.034482758620689655,0.058823529411764705,0.02432667245873154
YDR014W-A,-1,-21.636090695858,-2589.991649657488,0.03409090909090909,0.058823529411764705,0.024616275702287867
YAR070W-A,0,-21.636090695858,-2589.967327415943,0.03409090909090909,0.058823529411764705,0.024616275702287867
YDR524C-B,0,-21.636090695858,-2589.967327415943,0.03409090909090909,0.058823529411764705,0.024616275702287867
YDR381C-A,0,-21.636090695858,-2589.9737270474434,0.03409090909090909,0.058823529411764705,0.024616275702287867
YHL009W-A,-1,-21.636090695858,-2589.967327415943,0.033707865168539325,0.058823529411764705,0.024905878945844194
YNL284C-A,-1,-21.637075781822205,-2589.9894884228706,0.03333333333333333,0.058823529411764705,0.02519548218940052
YML045W-A,-1,-21.637075781822205,-2589.9791484475136,0.03296703296703297,0.058823529411764705,0.02548508543295685
YOR322C,-1,-21.638219729065895,-2874.692790284753,0.03260869565217391,0.058823529411764705,0.025774688676513176
YNL229C,0,-21.66716642677784,-2901.535853996873,0.03260869565217391,0.058823529411764705,0.025774688676513176
YOL066C,-1,-21.669508427381516,-2861.9996503591537,0.03225806451612903,0.058823529411764705,0.026064291920069503
YBR057C,-1,-21.671188071370125,-2668.3252387046814,0.031914893617021274,0.058823529411764705,0.026353895163625834
YNL054W-A,-1,-21.67740473151207,-2595.575683683157,0.031578947368421054,0.058823529411764705,0.02664349840718216
YLR227W-A,-1,-21.68980699777603,-2601.8191835582256,0.03125,0.058823529411764705,0.02693310165073849
YGR027W-A,-1,-21.70798698067665,-2604.2732979655266,0.030927835051546393,0.058823529411764705,0.027222704894294816
YGR038C-A,-1,-21.713514745235443,-2603.789432168007,0.030612244897959183,0.058823529411764705,0.027512308137851143
YPR137C-A,-1,-21.71407377719879,-2604.2025504410267,0.030303030303030304,0.058823529411764705,0.02780191138140747
YOR086C,0,-21.716559126973152,-2867.6292117387056,0.030303030303030304,0.058823529411764705,0.02780191138140747
YGR109W-A,-1,-21.716614425182343,-2598.6408104002476,0.03,0.058823529411764705,0.0280915146249638
YDR261W-B,-1,-21.71925762295723,-2601.53527829051,0.0297029702970297,0.058823529411764705,0.028381117868520128
YFL029C,-1,-21.719358265399933,-2802.8368173390627,0.029411764705882353,0.058823529411764705,0.028670721112076455
YPR158C-C,-1,-21.730338484048843,-2602.3197594583035,0.02912621359223301,0.058823529411764705,0.028960324355632783
YDR425W,-1,-21.765662848949432,-2873.2073867470026,0.028846153846153848,0.058823529411764705,0.02924992759918911
YGR161C-C,-1,-21.7762413918972,-2597.9689331948757,0.02857142857142857,0.058823529411764705,0.029539530842745437
YOR329C,-1,-21.796146109700203,-2814.660094484687,0.02830188679245283,0.058823529411764705,0.029829134086301768
YGR142W,-1,-21.80280700325966,-2914.750960826874,0.028037383177570093,0.058823529411764705,0.030118737329858095
YDR365W-A,-1,-21.803095936775208,-2607.8554237782955,0.027777777777777776,0.058823529411764705,0.030408340573414423
YDR210W-B,-1,-21.80692908167839,-2605.1501263082027,0.027522935779816515,0.058823529411764705,0.03069794381697075
YCR039C,-1,-21.80865989625454,-2898.383872002363,0.02727272727272727,0.058823529411764705,0.030987547060527077
YGR161W-B,-1,-21.820536106824875,-2604.1600100398064,0.02702702702702703,0.058823529411764705,0.03127715030408341
YDR365W-B,-1,-21.824588000774384,-2604.2830291986465,0.026785714285714284,0.058823529411764705,0.031566753547639735
YCR030C,-1,-21.82816770672798,-3069.2138178795576,0.02654867256637168,0.058823529411764705,0.03185635679119606
YDR034C-C,-1,-21.836143672466278,-2606.7574255764484,0.02631578947368421,0.058823529411764705,0.03214596003475239
YNL074C,0,-21.83650577068329,-2823.054737612605,0.02631578947368421,0.058823529411764705,0.03214596003475239
YPL221W,-1,-21.83941513299942,-2960.4892106354237,0.02608695652173913,0.058823529411764705,0.03243556327830872
YBR125C,-1,-21.846405297517776,-2761.1430001854897,0.02586206896551724,0.058823529411764705,0.032725166521865044
YGR109W-B,-1,-21.86062443256378,-2621.314093887806,0.02564102564102564,0.058823529411764705,0.03301476976542137
YFR010W,-1,-21.8632001131773,-2663.0946301966906,0.025423728813559324,0.058823529411764705,0.0333043730089777
YGR031C-A,0,-21.870484173297882,-2618.6911711096764,0.025423728813559324,0.058823529411764705,0.0333043730089777
YDR034C-D,-1,-21.875203132629395,-2607.3239998817444,0.025210084033613446,0.058823529411764705,0.033593976252534026
YNL085W,-1,-21.880539938807487,-2820.209518149495,0.025,0.058823529411764705,0.03388357949609035
YGR161C-D,-1,-21.892846673727036,-2611.1702551841736,0.024793388429752067,0.058823529411764705,0.03417318273964669
YDR003W,0,-21.89363732933998,-2949.4863400757313,0.024793388429752067,0.058823529411764705,0.03417318273964669
YPR158W-B,-1,-21.899812817573547,-2610.357624232769,0.02459016393442623,0.058823529411764705,0.034462785983203015
YOR142W-A,-1,-21.90513503551483,-2610.7095157802105,0.024390243902439025,0.058823529411764705,0.03475238922675934
YIL097W,-1,-21.905426174402237,-2873.6277113854885,0.024193548387096774,0.058823529411764705,0.03504199247031567
YHL027W,-1,-21.90709227323532,-2818.502445369959,0.024,0.058823529411764705,0.035331595713872
YPL140C,-1,-21.92085599899292,-2787.532112658024,0.023809523809523808,0.058823529411764705,0.035621198957428324
YPL032C,-1,-21.924131885170937,-2842.3667465150356,0.023622047244094488,0.058823529411764705,0.03591080220098465
YNR032W,-1,-21.9302139878273,-2798.2433961331844,0.0234375,0.058823529411764705,0.03620040544454098
YOR343W-B,-1,-21.94139152765274,-2613.1902775764465,0.023255813953488372,0.058823529411764705,0.036490008688097306
YMR067C,-1,-21.949382290244102,-2689.77519851923,0.023076923076923078,0.058823529411764705,0.03677961193165363
YJL020C,-1,-21.97329092025757,-3057.9685240983963,0.022900763358778626,0.058823529411764705,0.03706921517520996
YKL007W,-1,-21.991446301341057,-2844.7791635990143,0.022727272727272728,0.058823529411764705,0.03735881841876629
YCR036W,0,-22.00969524681568,-2740.5033461749554,0.022727272727272728,0.058823529411764705,0.03735881841876629
YBR101C,-1,-22.013074845075607,-2711.8153164684772,0.022556390977443608,0.058823529411764705,0.037648421662322615
YFR014C,-1,-22.032466277480125,-2810.2339406460524,0.022388059701492536,0.058823529411764705,0.03793802490587895
YOR076C,-1,-22.038936495780945,-2893.939697340131,0.022222222222222223,0.058823529411764705,0.038227628149435276
YBR086C,-1,-22.0875124335289,-3041.7517701238394,0.022058823529411766,0.058823529411764705,0.038517231392991604
YER139C,-1,-22.094883233308792,-2876.6232860684395,0.021897810218978103,0.058823529411764705,0.03880683463654793
YGL181W,-1,-22.112866699695587,-2797.9596516788006,0.021739130434782608,0.058823529411764705,0.03909643788010426
YER133W,-1,-22.133157446980476,-2769.166014328599,0.02158273381294964,0.058823529411764705,0.039386041123660585
YPR131C,-1,-22.155941247940063,-2762.946133926511,0.02142857142857143,0.058823529411764705,0.03967564436721691
YHR102W,-1,-22.16654659807682,-2996.452342480421,0.02127659574468085,0.058823529411764705,0.03996524761077324
YFR050C,-1,-22.174505054950714,-2844.021907106042,0.02112676056338028,0.058823529411764705,0.04025485085432957
YPR080W,-1,-22.175292447209358,-2940.0641763061285,0.02097902097902098,0.058823529411764705,0.040544454097885894
YDR216W,-1,-22.19065248966217,-2880.173307567835,0.020833333333333332,0.058823529411764705,0.04083405734144222
YOL112W,-1,-22.20282953977585,-2815.4943219274282,0.020689655172413793,0.058823529411764705,0.04112366058499855
YDR092W,-1,-22.20584538578987,-2911.11430580914,0.02054794520547945,0.058823529411764705,0.04141326382855488
YOR128C,0,-22.21561223268509,-2716.3866709917784,0.02054794520547945,0.058823529411764705,0.04141326382855488
YLR310C,-1,-22.21801722049713,-2886.629847049713,0.02040816326530612,0.058823529411764705,0.04170286707211121
YJR046W,-1,-22.220117658376694,-2887.5725433677435,0.02027027027027027,0.058823529411764705,0.04199247031566754
YBR212W,-1,-22.241516813635826,-2846.2395217716694,0.020134228187919462,0.058823529411764705,0.042282073559223865
YMR250W,-1,-22.253438755869865,-2700.9960267990828,0.02,0.058823529411764705,0.04257167680278019
YOR231W,-1,-22.266728445887566,-2887.697970017791,0.019867549668874173,0.058823529411764705,0.04286128004633652
YGL161C,0,-22.279607832431793,-2772.870429441333,0.019867549668874173,0.058823529411764705,0.04286128004633652
YGL163C,-1,-22.301640018820763,-2834.9093405157328,0.019736842105263157,0.058823529411764705,0.04315088328989285
YGL227W,-1,-22.303210735321045,-2834.2771994024515,0.0196078431372549,0.058823529411764705,0.043440486533449174
YML109W,-1,-22.30658921599388,-2925.2183028161526,0.01948051948051948,0.058823529411764705,0.0437300897770055
YNL288W,-1,-22.315559029579163,-2999.2518869787455,0.01935483870967742,0.058823529411764705,0.04401969302056183
YMR281W,-1,-22.338590011000633,-2860.1397499144077,0.019230769230769232,0.058823529411764705,0.044309296264118156
YOR131C,0,-22.346225321292877,-2870.715862080455,0.019230769230769232,0.058823529411764705,0.044309296264118156
YMR180C,-1,-22.35337609052658,-2940.555271357298,0.01910828025477707,0.058823529411764705,0.04459889950767448
YNL099C,-1,-22.363759964704514,-2953.661091402173,0.0189873417721519,0.058823529411764705,0.04488850275123081
YIR002C,-1,-22.40158724784851,-2896.48839725554,0.018867924528301886,0.058823529411764705,0.045178105994787145
YDL065C,-1,-22.40951782464981,-2876.3368335217237,0.01875,0.058823529411764705,0.04546770923834347
YIL002C,-1,-22.44740891456604,-2746.8663951158524,0.018633540372670808,0.058823529411764705,0.0457573124818998
YNL077W,-1,-22.46423915028572,-2973.5481631606817,0.018518518518518517,0.058823529411764705,0.046046915725456126
YPL145C,-1,-22.46654476225376,-2955.3936633765697,0.018404907975460124,0.058823529411764705,0.046336518969012454
YGL004C,-1,-22.46843047440052,-2901.010693728924,0.018292682926829267,0.058823529411764705,0.04662612221256878
YBL102W,0,-22.471023097634315,-3121.873443901539,0.018292682926829267,0.058823529411764705,0.04662612221256878
YDR371W,0,-22.48515996336937,-2907.047015681863,0.018292682926829267,0.058823529411764705,0.04662612221256878
YHR103W,0,-22.5012423992157,-2874.4740023911,0.018292682926829267,0.058823529411764705,0.04662612221256878
YLR347C,0,-22.507664650678635,-3147.7388750612736,0.018292682926829267,0.058823529411764705,0.04662612221256878
YBL055C,-1,-22.547132939100266,-3046.417145624757,0.01818181818181818,0.058823529411764705,0.04691572545612511
YKR014C,-1,-22.54869417846203,-2766.879982739687,0.018072289156626505,0.058823529411764705,0.047205328699681436
YCL034W,-1,-22.556519374251366,-2740.3128468841314,0.017964071856287425,0.058823529411764705,0.04749493194323776
YPR072W,-1,-22.563415110111237,-2787.8114181905985,0.017857142857142856,0.058823529411764705,0.04778453518679409
YKL020C,-1,-22.56755954027176,-2850.499481752515,0.01775147928994083,0.058823529411764705,0.04807413843035042
YFL033C,-1,-22.570087000727654,-2897.0547075271606,0.01764705882352941,0.058823529411764705,0.048363741673906745
YDR453C,-1,-22.702906548976898,-2993.6764682233334,0.017543859649122806,0.058823529411764705,0.04865334491746308
YER125W,-1,-22.72061598300934,-3155.222299426794,0.01744186046511628,0.058823529411764705,0.048942948161019406
YCR080W,-1,-22.724293798208237,-2697.496959298849,0.017341040462427744,0.058823529411764705,0.04923255140457573
YLR309C,0,-22.728447794914246,-2920.4910553246737,0.017341040462427744,0.058823529411764705,0.04923255140457573
YNL161W,-1,-22.736704513430595,-2848.015295520425,0.017241379310344827,0.058823529411764705,0.04952215464813206
YGR194C,0,-22.743432581424713,-2919.0394445061684,0.017241379310344827,0.058823529411764705,0.04952215464813206
YPR154W,-1,-22.746729165315628,-2893.3672356307507,0.017142857142857144,0.058823529411764705,0.04981175789168839
YMR208W,-1,-22.758450135588646,-2930.6634042412043,0.017045454545454544,0.058823529411764705,0.050101361135244715
YKR071C,-1,-22.7624459117651,-3011.0733354836702,0.01694915254237288,0.058823529411764705,0.05039096437880104
YFL002W-A,-1,-22.763295590877533,-2702.119076550007,0.016853932584269662,0.058823529411764705,0.05068056762235737
YPR189W,-1,-22.779684364795685,-2875.1127604693174,0.01675977653631285,0.058823529411764705,0.0509701708659137
YML028W,-1,-22.789491295814514,-2957.816906183958,0.016666666666666666,0.058823529411764705,0.051259774109470024
YNL016W,-1,-22.793553188443184,-3057.3908886909485,0.016574585635359115,0.058823529411764705,0.05154937735302635
YDR047W,0,-22.80146948993206,-2993.4179632663727,0.016574585635359115,0.058823529411764705,0.05154937735302635
YHR174W,-1,-22.816676437854767,-3059.7982849925756,0.016483516483516484,0.058823529411764705,0.05183898059658268
YAL060W,0,-22.819510385394096,-2799.058638975024,0.016483516483516484,0.058823529411764705,0.05183898059658268
YGR080W,-1,-22.843309849500656,-2796.9448687285185,0.01639344262295082,0.058823529411764705,0.052128583840139006
YBR218C,0,-22.84820307791233,-2985.2537843883038,0.01639344262295082,0.058823529411764705,0.052128583840139006
YJR009C,0,-22.849183559417725,-3247.1189304739237,0.01639344262295082,0.058823529411764705,0.052128583840139006
YLR258W,0,-22.874736458063126,-2865.5798141509295,0.01639344262295082,0.058823529411764705,0.052128583840139006
YKL168C,-1,-22.886806666851044,-2832.790052190423,0.016304347826086956,0.058823529411764705,0.05241818708369534
YPR042C,-1,-22.898805260658264,-2967.7499967217445,0.016216216216216217,0.058823529411764705,0.05270779032725167
YOR035C,-1,-22.916078001260757,-3077.3622135668993,0.016129032258064516,0.058823529411764705,0.052997393570807995
YHR111W,1,-22.921495616436005,-2866.649619668722,0.0213903743315508,0.0784313725490196,0.052997393570807995
YBR170C,-1,-22.926067888736725,-2867.7604014873505,0.02127659574468085,0.0784313725490196,0.05328699681436432
YER007C-A,0,-22.929647400975227,-3133.3673560768366,0.02127659574468085,0.0784313725490196,0.05328699681436432
YFL035C-A,-1,-22.956838935613632,-2724.606425434351,0.021164021164021163,0.0784313725490196,0.05357660005792065
YMR162C,-1,-22.96110090613365,-2879.058528378606,0.021052631578947368,0.0784313725490196,0.05386620330147698
YEL011W,0,-22.966706588864326,-2750.641670152545,0.021052631578947368,0.0784313725490196,0.05386620330147698
YHR030C,-1,-22.998066276311874,-2850.9736728817225,0.020942408376963352,0.0784313725490196,0.054155806545033304
YJL042W,-1,-23.024868696928024,-2839.829253435135,0.020833333333333332,0.0784313725490196,0.05444540978858963
YMR237W,0,-23.05998393893242,-3059.6383114904165,0.020833333333333332,0.0784313725490196,0.05444540978858963
YDL134C-A,0,-23.060156673192978,-2721.175551176071,0.020833333333333332,0.0784313725490196,0.05444540978858963
YDL136W,0,-23.076198369264603,-3071.452890753746,0.020833333333333332,0.0784313725490196,0.05444540978858963
YBL091C,0,-23.08629196882248,-2925.959155783057,0.020833333333333332,0.0784313725490196,0.05444540978858963
YJL087C,-1,-23.108188405632973,-3012.212821394205,0.02072538860103627,0.0784313725490196,0.05473501303214596
YOL049W,-1,-23.175497442483902,-2869.09172937274,0.020618556701030927,0.0784313725490196,0.055024616275702286
YMR273C,0,-23.17659294605255,-2887.373117774725,0.020618556701030927,0.0784313725490196,0.055024616275702286
YGL134W,-1,-23.18266089260578,-2990.341243714094,0.020512820512820513,0.0784313725490196,0.05531421951925861
YEL060C,0,-23.193692088127136,-3041.129419863224,0.020512820512820513,0.0784313725490196,0.05531421951925861
YNL001W,-1,-23.206985741853714,-3024.1974120289087,0.02040816326530612,0.0784313725490196,0.05560382276281494
YDR253C,0,-23.21963159739971,-2999.150033324957,0.02040816326530612,0.0784313725490196,0.05560382276281494
YLR102C,-1,-23.220758110284805,-2710.416941985488,0.02030456852791878,0.0784313725490196,0.055893426006371275
YPL074W,0,-23.227869167923927,-2875.0311312675476,0.02030456852791878,0.0784313725490196,0.055893426006371275
YDL165W,-1,-23.233988642692566,-2914.8806016743183,0.020202020202020204,0.0784313725490196,0.0561830292499276
YLR096W,-1,-23.238899022340775,-3051.128448858857,0.020100502512562814,0.0784313725490196,0.05647263249348393
YPR081C,-1,-23.29000473022461,-2964.8583518117666,0.02,0.0784313725490196,0.056762235737040256
YLR044C,0,-23.31235721707344,-2939.6654611229897,0.02,0.0784313725490196,0.056762235737040256
YER176W,0,-23.31692460179329,-3100.9495278447866,0.02,0.0784313725490196,0.056762235737040256
YCL032W,-1,-23.342453330755234,-2771.7180301994085,0.01990049751243781,0.0784313725490196,0.057051838980596584
YGR010W,0,-23.34990768134594,-2941.716641381383,0.01990049751243781,0.0784313725490196,0.057051838980596584
YJL101C,-1,-23.35854795575142,-2976.5567355304956,0.019801980198019802,0.0784313725490196,0.05734144222415291
YKL176C,-1,-23.36597417294979,-3019.29205968976,0.019704433497536946,0.0784313725490196,0.05763104546770924
YDR100W,0,-23.366924554109573,-3132.899760350585,0.019704433497536946,0.0784313725490196,0.05763104546770924
YLR192C,-1,-23.37231633067131,-3032.6479204446077,0.0196078431372549,0.0784313725490196,0.057920648711265565
YJR109C,0,-23.406087026000023,-3040.26775726676,0.0196078431372549,0.0784313725490196,0.057920648711265565
YOL045W,-1,-23.42805080115795,-3115.435312539339,0.01951219512195122,0.0784313725490196,0.05821025195482189
YDR171W,-1,-23.446168407797813,-2944.45595677197,0.019417475728155338,0.0784313725490196,0.05849985519837822
YGR258C,-1,-23.508316665887833,-2768.8092737197876,0.01932367149758454,0.0784313725490196,0.05878945844193455
YLR138W,-1,-23.534838050603867,-3249.778318628669,0.019230769230769232,0.0784313725490196,0.059079061685490875
YHR205W,-1,-23.54601940512657,-3004.3507278859615,0.019138755980861243,0.0784313725490196,0.05936866492904721
YJL082W,0,-23.546243146061897,-2846.3077536076307,0.019138755980861243,0.0784313725490196,0.05936866492904721
YBR058C,-1,-23.571603551506996,-2930.918073013425,0.01904761904761905,0.0784313725490196,0.059658268172603536
YFR004W,-1,-23.579633682966232,-2967.9082685709,0.018957345971563982,0.0784313725490196,0.05994787141615986
YGL222C,-1,-23.579794973134995,-3035.8736030608416,0.018867924528301886,0.0784313725490196,0.06023747465971619
YLR016C,-1,-23.58860069513321,-3027.99009847641,0.018779342723004695,0.0784313725490196,0.06052707790327252
YOL052C-A,0,-23.59743669629097,-3088.133687824011,0.018779342723004695,0.0784313725490196,0.06052707790327252
YBR169C,-1,-23.61948835849762,-2971.382867053151,0.018691588785046728,0.0784313725490196,0.060816681146828845
YGR178C,-1,-23.62110334634781,-2871.7744354456663,0.018604651162790697,0.0784313725490196,0.06110628439038517
YPR103W,-1,-23.62986859679222,-3017.1974201202393,0.018518518518518517,0.0784313725490196,0.0613958876339415
YNL265C,-1,-23.63278914988041,-3165.3324923813343,0.018433179723502304,0.0784313725490196,0.06168549087749783
YPL096W,-1,-23.638644248247147,-2960.1885631233454,0.01834862385321101,0.0784313725490196,0.061975094121054154
YOR239W,-1,-23.65385289490223,-3106.915036574006,0.0182648401826484,0.0784313725490196,0.06226469736461048
YER090W,0,-23.657254070043564,-3082.684220775962,0.0182648401826484,0.0784313725490196,0.06226469736461048
YDR477W,1,-23.658376038074493,-2945.4833398014307,0.022727272727272728,0.09803921568627451,0.06226469736461048
YIL017C,-1,-23.664700970053673,-2950.2133968025446,0.02262443438914027,0.09803921568627451,0.06255430060816682
YLR337W,-1,-23.680467128753662,-2784.789268165827,0.02252252252252252,0.09803921568627451,0.06284390385172314
YKL017C,-1,-23.684524059295654,-2979.6869556456804,0.02242152466367713,0.09803921568627451,0.06313350709527947
YDR236C,0,-23.69631239771843,-2990.0333180725574,0.02242152466367713,0.09803921568627451,0.06313350709527947
YER042W,-1,-23.698349967598915,-2870.923951610923,0.022321428571428572,0.09803921568627451,0.0634231103388358
YOL056W,0,-23.710033044219017,-3135.7156512588263,0.022321428571428572,0.09803921568627451,0.0634231103388358
YJR125C,-1,-23.715915709733963,-2932.664676338434,0.022222222222222223,0.09803921568627451,0.06371271358239212
YPL031C,-1,-23.721459209918976,-2841.8772599697113,0.022123893805309734,0.09803921568627451,0.06400231682594845
YBR105C,-1,-23.75499591231346,-2960.426917850971,0.022026431718061675,0.09803921568627451,0.06429192006950478
YMR261C,0,-23.784086376428604,-3037.0166132450104,0.022026431718061675,0.09803921568627451,0.06429192006950478
YML100W,0,-23.791821211576462,-2882.48986248672,0.022026431718061675,0.09803921568627451,0.06429192006950478
YOR298C-A,-1,-23.79453271627426,-3039.244091719389,0.021929824561403508,0.09803921568627451,0.0645815233130611
YOL068C,-1,-23.799086451530457,-2928.848537027836,0.021834061135371178,0.09803921568627451,0.06487112655661743
YGL035C,-1,-23.802638337016106,-2946.31301766634,0.021739130434782608,0.09803921568627451,0.06516072980017376
YML005W,-1,-23.80650505423546,-3100.048950701952,0.021645021645021644,0.09803921568627451,0.06545033304373009
YDR071C,-1,-23.80652043223381,-2964.8262697309256,0.021551724137931036,0.09803921568627451,0.06573993628728642
YCR027C,-1,-23.815792441368103,-3020.8955634385347,0.02145922746781116,0.09803921568627451,0.06602953953084274
YOR043W,-1,-23.82435581088066,-3161.154528796673,0.021367521367521368,0.09803921568627451,0.06631914277439907
YFL044C,-1,-23.863115817308426,-2979.653561204672,0.02127659574468085,0.09803921568627451,0.0666087460179554
YHL031C,0,-23.876732885837555,-3235.509341388941,0.02127659574468085,0.09803921568627451,0.0666087460179554
YJL137C,0,-23.880502939224243,-3086.467143803835,0.02127659574468085,0.09803921568627451,0.0666087460179554
YHR079C-B,-1,-23.892641752958298,-2790.327527433634,0.0211864406779661,0.09803921568627451,0.06689834926151172
YGL166W,-1,-23.894474491477013,-3072.604618012905,0.02109704641350211,0.09803921568627451,0.06718795250506805
YFL011W-A,-1,-23.905438512563705,-2825.5309112370014,0.02100840336134454,0.09803921568627451,0.06747755574862438
YNL180C,0,-23.90718448162079,-2941.3425220251083,0.02100840336134454,0.09803921568627451,0.06747755574862438
YFR003C,-1,-23.914034873247147,-3123.6196077018976,0.02092050209205021,0.09803921568627451,0.0677671589921807
YCL062W,-1,-23.920645028352737,-2798.146689414978,0.020833333333333332,0.09803921568627451,0.06805676223573703
YDR139C,-1,-23.937516689300537,-3056.2071851342916,0.02074688796680498,0.09803921568627451,0.06834636547929338
YER033C,0,-23.939116463065147,-3239.50353564322,0.02074688796680498,0.09803921568627451,0.06834636547929338
YHR207C,0,-23.942722350358963,-3194.9259939193726,0.02074688796680498,0.09803921568627451,0.06834636547929338
YDL190C,-1,-23.959441661834717,-2982.0109017193317,0.02066115702479339,0.09803921568627451,0.0686359687228497
YDR394W,-1,-23.96386608481407,-3088.3678607046604,0.0205761316872428,0.09803921568627451,0.06892557196640603
YCR004C,0,-23.96916264295578,-3058.3873599022627,0.0205761316872428,0.09803921568627451,0.06892557196640603
YML098W,-1,-23.97289526462555,-3121.267068102956,0.020491803278688523,0.09803921568627451,0.06921517520996236
YJL179W,-1,-23.98324604332447,-3292.5455764383078,0.02040816326530612,0.09803921568627451,0.06950477845351868
YPR185W,-1,-24.01091116666794,-3067.229015275836,0.02032520325203252,0.09803921568627451,0.06979438169707501
YAL021C,-1,-24.01359711587429,-2982.061071410775,0.020242914979757085,0.09803921568627451,0.07008398494063134
YBR006W,-1,-24.042616605758667,-3041.876053273678,0.020161290322580645,0.09803921568627451,0.07037358818418767
YPL106C,-1,-24.069943726062775,-2994.4251533150673,0.020080321285140562,0.09803921568627451,0.070663191427744
YAR010C,-1,-24.083041191101074,-2837.1666092574596,0.02,0.09803921568627451,0.07095279467130032
YNL056W,-1,-24.105469778180122,-3190.227486073971,0.0199203187250996,0.09803921568627451,0.07124239791485665
YLR189C,-1,-24.1119544506073,-3059.7683684676886,0.01984126984126984,0.09803921568627451,0.07153200115841298
YDR034C,0,-24.119483187794685,-3048.030531346798,0.01984126984126984,0.09803921568627451,0.07153200115841298
YOL121C,-1,-24.128559306263924,-3209.6849379241467,0.019762845849802372,0.09803921568627451,0.0718216044019693
YML088W,-1,-24.137304604053497,-3043.3848832547665,0.01968503937007874,0.09803921568627451,0.07211120764552563
YMR213W,-1,-24.155339494347572,-3185.371259763837,0.0196078431372549,0.09803921568627451,0.07240081088908196
YLR421C,-1,-24.16050474345684,-2949.357936233282,0.01953125,0.09803921568627451,0.07269041413263828
YDR069C,-1,-24.168530762195587,-3166.9488256275654,0.019455252918287938,0.09803921568627451,0.07298001737619461
YDL216C,-1,-24.170025274157524,-3029.3807960748672,0.01937984496124031,0.09803921568627451,0.07326962061975094
YOR171C,-1,-24.176484793424606,-3070.7129561901093,0.019305019305019305,0.09803921568627451,0.07355922386330727
YBL051C,-1,-24.184626132249832,-3072.0382942408323,0.019230769230769232,0.09803921568627451,0.0738488271068636
YBL005W-A,-1,-24.19828498363495,-2890.4292558431625,0.019157088122605363,0.09803921568627451,0.07413843035041992
YJL005W,0,-24.22136816382408,-3246.2980087697506,0.019157088122605363,0.09803921568627451,0.07413843035041992
YDL122W,-1,-24.2281274497509,-3171.585448026657,0.019083969465648856,0.09803921568627451,0.07442803359397625
YOR240W,-1,-24.233646750450134,-2833.817024618387,0.019011406844106463,0.09803921568627451,0.07471763683753258
YLR113W,-1,-24.238330751657486,-2971.7698505073786,0.01893939393939394,0.09803921568627451,0.0750072400810889
YPL119C,-1,-24.24070692062378,-3197.85807646811,0.018867924528301886,0.09803921568627451,0.07529684332464523
YHR028C,0,-24.25698572397232,-3212.66487210989,0.018867924528301886,0.09803921568627451,0.07529684332464523
YML004C,0,-24.277356415987015,-3009.3516503721476,0.018867924528301886,0.09803921568627451,0.07529684332464523
YOR261C,-1,-24.29102474451065,-3002.6952718645334,0.018796992481203006,0.09803921568627451,0.07558644656820157
YER094C,-1,-24.30525015294552,-3300.664845407009,0.018726591760299626,0.09803921568627451,0.0758760498117579
YNR006W,0,-24.30554448068142,-3167.2584527283907,0.018726591760299626,0.09803921568627451,0.0758760498117579
YML040W,-1,-24.359862685203552,-2898.8022325336933,0.018656716417910446,0.09803921568627451,0.07616565305531423
YNL227C,-1,-24.367046549916267,-3343.989289149642,0.01858736059479554,0.09803921568627451,0.07645525629887055
YPL017C,-1,-24.369164377450943,-3210.6651526093483,0.018518518518518517,0.09803921568627451,0.07674485954242688
YPL089C,-1,-24.3704893887043,-3018.591011017561,0.01845018450184502,0.09803921568627451,0.07703446278598321
YMR216C,-1,-24.371215641498566,-3041.0251104980707,0.01838235294117647,0.09803921568627451,0.07732406602953953
YLR403W,-1,-24.38656371831894,-2890.2740576714277,0.018315018315018316,0.09803921568627451,0.07761366927309586
YJR028W,-1,-24.393281519412994,-2896.8283982276917,0.01824817518248175,0.09803921568627451,0.07790327251665219
YBR090C-A,-1,-24.40161144733429,-2847.611241787672,0.01818181818181818,0.09803921568627451,0.07819287576020852
YFR025C,0,-24.417558148503304,-2961.387275546789,0.01818181818181818,0.09803921568627451,0.07819287576020852
YHR200W,-1,-24.420749604701996,-3007.5569844692945,0.018115942028985508,0.09803921568627451,0.07848247900376484
YNR049C,-1,-24.42416313290596,-3073.6790874898434,0.018050541516245487,0.09803921568627451,0.07877208224732117
YDR330W,-1,-24.42469671368599,-3060.4083709418774,0.017985611510791366,0.09803921568627451,0.0790616854908775
YDR202C,-1,-24.438466042280197,-2975.1869006454945,0.017921146953405017,0.09803921568627451,0.07935128873443383
YDL126C,-1,-24.442921549081802,-3129.000841796398,0.017857142857142856,0.09803921568627451,0.07964089197799015
YKL064W,-1,-24.446521893143654,-3191.061544716358,0.017793594306049824,0.09803921568627451,0.07993049522154648
YOR173W,-1,-24.464495539665222,-3135.9190153330564,0.01773049645390071,0.09803921568627451,0.08022009846510281
YIL135C,-1,-24.475969910621643,-3029.380132392049,0.0176678445229682,0.09803921568627451,0.08050970170865913
YFR033C,-1,-24.47944489121437,-3124.775327503681,0.017605633802816902,0.09803921568627451,0.08079930495221546
YCR081W,-1,-24.485048204660416,-3124.9255105257034,0.017543859649122806,0.09803921568627451,0.08108890819577179
YNL287W,0,-24.490866169333458,-3100.973682433367,0.017543859649122806,0.09803921568627451,0.08108890819577179
YLL026W,-1,-24.496984153985977,-3057.972531929612,0.017482517482517484,0.09803921568627451,0.08137851143932812
YGL178W,-1,-24.534594908356667,-3173.7607265114784,0.017421602787456445,0.09803921568627451,0.08166811468288444
YKL041W,-1,-24.558025598526,-3218.223064750433,0.017361111111111112,0.09803921568627451,0.08195771792644077
YPR032W,-1,-24.55871668457985,-3199.2071235328913,0.01730103806228374,0.09803921568627451,0.0822473211699971
YLR284C,-1,-24.568548783659935,-3151.5280609428883,0.017241379310344827,0.09803921568627451,0.08253692441355343
YJL146W,0,-24.573759242892265,-3079.698965743184,0.017241379310344827,0.09803921568627451,0.08253692441355343
YGR135W,-1,-24.58730509877205,-3151.9748080670834,0.01718213058419244,0.09803921568627451,0.08282652765710977
YKL116C,-1,-24.593883454799652,-3006.268991932273,0.017123287671232876,0.09803921568627451,0.0831161309006661
YBL084C,-1,-24.601235181093216,-2983.381344780326,0.017064846416382253,0.09803921568627451,0.08340573414422242
YER095W,-1,-24.607268258929253,-3067.1459179371595,0.017006802721088437,0.09803921568627451,0.08369533738777875
YMR165C,-1,-24.617835223674774,-3130.7648080438375,0.01694915254237288,0.09803921568627451,0.08398494063133508
YLR447C,-1,-24.627242669463158,-3333.8551120013,0.016891891891891893,0.09803921568627451,0.0842745438748914
YBR046C,-1,-24.628734305500984,-3075.7642096430063,0.016835016835016835,0.09803921568627451,0.08456414711844773
YNL223W,-1,-24.645667493343353,-3169.7981661856174,0.016778523489932886,0.09803921568627451,0.08485375036200406
YER151C,-1,-24.656454369425774,-3135.5977307260036,0.016722408026755852,0.09803921568627451,0.08514335360556038
YBL060W,0,-24.676454782485962,-3076.2380108833313,0.016722408026755852,0.09803921568627451,0.08514335360556038
YMR105C,-1,-24.684533655643463,-3060.873728469014,0.016666666666666666,0.09803921568627451,0.08543295684911671
YML058W,-1,-24.699608519673347,-2983.507099032402,0.016611295681063124,0.09803921568627451,0.08572256009267304
YML049C,-1,-24.700596272945404,-3086.9598738253117,0.016556291390728478,0.09803921568627451,0.08601216333622937
YIL033C,-1,-24.708052307367325,-3113.719715744257,0.0165016501650165,0.09803921568627451,0.0863017665797857
YOL038W,-1,-24.755183964967728,-3054.3074480593204,0.01644736842105263,0.09803921568627451,0.08659136982334202
YKL110C,-1,-24.75740596652031,-3428.035579800606,0.01639344262295082,0.09803921568627451,0.08688097306689835
YKL210W,-1,-24.761546909809113,-3090.385407835245,0.016339869281045753,0.09803921568627451,0.08717057631045468
YCR077C,-1,-24.762881830334663,-3013.1062067747116,0.016286644951140065,0.09803921568627451,0.087460179554011
YOL001W,-1,-24.768130376935005,-3107.5029568076134,0.016233766233766232,0.09803921568627451,0.08774978279756733
YAL002W,-1,-24.77873270213604,-3273.987711235881,0.016181229773462782,0.09803921568627451,0.08803938604112366
YOR162C,-1,-24.78763473033905,-3079.2441141307354,0.016129032258064516,0.09803921568627451,0.08832898928467998
YDR353W,-1,-24.79296323657036,-3119.023577809334,0.01607717041800643,0.09803921568627451,0.08861859252823631
YER099C,0,-24.801255151629448,-3123.660291031003,0.01607717041800643,0.09803921568627451,0.08861859252823631
YNL106C,-1,-24.808554381132126,-3186.213572576642,0.016025641025641024,0.09803921568627451,0.08890819577179264
YEL047C,0,-24.841955363750458,-3057.948133468628,0.016025641025641024,0.09803921568627451,0.08890819577179264
YMR184W,-1,-24.845335841178894,-3044.048367649317,0.01597444089456869,0.09803921568627451,0.08919779901534897
YAL024C,-1,-24.84543740749359,-3150.9659560471773,0.01592356687898089,0.09803921568627451,0.0894874022589053
YDR436W,-1,-24.846034198999405,-3219.9524794518948,0.015873015873015872,0.09803921568627451,0.08977700550246162
YFR053C,-1,-24.84704191982746,-3185.1944615244865,0.015822784810126583,0.09803921568627451,0.09006660874601796
YCL035C,-1,-24.85974808037281,-3121.5389766693115,0.015772870662460567,0.09803921568627451,0.09035621198957429
YBR126C,0,-24.86017534136772,-3165.308770596981,0.015772870662460567,0.09803921568627451,0.09035621198957429
YDR372C,0,-24.860707238316536,-3139.9313817173243,0.015772870662460567,0.09803921568627451,0.09035621198957429
YER177W,-1,-24.869498789310455,-3108.1665485203266,0.015723270440251572,0.09803921568627451,0.09064581523313062
YJR064W,-1,-24.88220275938511,-3368.347795292735,0.01567398119122257,0.09803921568627451,0.09093541847668694
YHR027C,-1,-24.884529560804367,-3149.312293857336,0.015625,0.09803921568627451,0.09122502172024327
YPR075C,-1,-24.889792561531067,-3201.6135086864233,0.01557632398753894,0.09803921568627451,0.0915146249637996
YNL275W,-1,-24.890705674886703,-3247.395056977868,0.015527950310559006,0.09803921568627451,0.09180422820735593
YDR229W,-1,-24.89468204975128,-3168.053664088249,0.015479876160990712,0.09803921568627451,0.09209383145091225
YCL027C-A,0,-24.900913894176483,-2856.711124509573,0.015479876160990712,0.09803921568627451,0.09209383145091225
YJR086W,-1,-24.935130566358566,-3043.0297058671713,0.015432098765432098,0.09803921568627451,0.09238343469446858
YER081W,0,-24.935525372624397,-3145.6688884943724,0.015432098765432098,0.09803921568627451,0.09238343469446858
YJR098C,-1,-24.947290897369385,-3061.8909091353416,0.015384615384615385,0.09803921568627451,0.09267303793802491
YDL117W,0,-24.951783388853073,-3251.520339086652,0.015384615384615385,0.09803921568627451,0.09267303793802491
YGR024C,-1,-24.972324296832085,-3204.339503392577,0.015337423312883436,0.09803921568627451,0.09296264118158123
YKR035W-A,-1,-24.982116118073463,-3178.693901836872,0.01529051987767584,0.09803921568627451,0.09325224442513756
YJR149W,0,-24.982917696237564,-2978.49881054461,0.01529051987767584,0.09803921568627451,0.09325224442513756
YML016C,-1,-25.010407969355583,-3169.4869593530893,0.01524390243902439,0.09803921568627451,0.09354184766869389
YNL015W,-1,-25.011207729578018,-3035.389504149556,0.015197568389057751,0.09803921568627451,0.09383145091225022
YOL053C-A,0,-25.014578729867935,-2881.3916469216347,0.015197568389057751,0.09803921568627451,0.09383145091225022
YGR088W,-1,-25.01776146888733,-3165.606522873044,0.015151515151515152,0.09803921568627451,0.09412105415580654
YOR087W,-1,-25.04996244609356,-3360.127095043659,0.015105740181268883,0.09803921568627451,0.09441065739936287
YOR279C,-1,-25.05330054461956,-3173.8740613162518,0.015060240963855422,0.09803921568627451,0.0947002606429192
YGR040W,1,-25.05943962931633,-3182.4882480204105,0.018018018018018018,0.11764705882352941,0.0947002606429192
YGL212W,-1,-25.065413028001785,-3182.7666265815496,0.017964071856287425,0.11764705882352941,0.09498986388647553
YJL053W,-1,-25.0931548923254,-3135.407247722149,0.01791044776119403,0.11764705882352941,0.09527946713003185
YGL195W,-1,-25.105752408504486,-3219.9116513729095,0.017857142857142856,0.11764705882352941,0.09556907037358818
YNL098C,-1,-25.10970848798752,-3091.6742710769176,0.017804154302670624,0.11764705882352941,0.09585867361714451
YOR265W,-1,-25.125766187906265,-3263.666105404496,0.01775147928994083,0.11764705882352941,0.09614827686070083
YDR313C,-1,-25.153319880366325,-3220.47463157773,0.017699115044247787,0.11764705882352941,0.09643788010425716
YER137C-A,-1,-25.162442237138748,-3029.553982645273,0.01764705882352941,0.11764705882352941,0.09672748334781349
YLR133W,-1,-25.168422996997833,-3104.3219264745712,0.017595307917888565,0.11764705882352941,0.09701708659136982
YBR229C,0,-25.17083714902401,-3372.39263625443,0.017595307917888565,0.11764705882352941,0.09701708659136982
YPR158W-A,-1,-25.17807087302208,-3031.0347244143486,0.017543859649122806,0.11764705882352941,0.09730668983492616
YIL066C,-1,-25.181727826595306,-3200.150750771165,0.01749271137026239,0.11764705882352941,0.09759629307848249
YGL049C,-1,-25.185274302959442,-3214.3803953677416,0.01744186046511628,0.11764705882352941,0.09788589632203881
YHR214C-C,-1,-25.187431901693344,-3031.0840758383274,0.017391304347826087,0.11764705882352941,0.09817549956559514
YOR343C-A,-1,-25.188235849142075,-3015.1799972355366,0.017341040462427744,0.11764705882352941,0.09846510280915147
YNL024C-A,0,-25.188235849142075,-3015.1799972355366,0.017341040462427744,0.11764705882352941,0.09846510280915147
YPR036W-A,0,-25.188235849142075,-3015.1799972355366,0.017341040462427744,0.11764705882352941,0.09846510280915147
YHR214W-G,0,-25.188235849142075,-3015.1799972355366,0.017341040462427744,0.11764705882352941,0.09846510280915147
YDR210W-D,-1,-25.188235849142075,-3015.1799972355366,0.01729106628242075,0.11764705882352941,0.0987547060527078
YHL009W-B,-1,-25.18919137120247,-3023.587592959404,0.017241379310344827,0.11764705882352941,0.09904430929626412
YMR283C,-1,-25.204167813062668,-3230.351301729679,0.017191977077363897,0.11764705882352941,0.09933391253982045
YHR001W,-1,-25.211327254772186,-3233.460626795888,0.017142857142857144,0.11764705882352941,0.09962351578337678
YKR088C,0,-25.22941929101944,-3249.442856311798,0.017142857142857144,0.11764705882352941,0.09962351578337678
YDR261C-C,-1,-25.245739430189133,-3016.4262571036816,0.017094017094017096,0.11764705882352941,0.0999131190269331
YNL160W,0,-25.25371114909649,-3411.297213703394,0.017094017094017096,0.11764705882352941,0.0999131190269331
YKL035W,-1,-25.260250195860863,-3070.7453423142433,0.017045454545454544,0.11764705882352941,0.10020272227048943
YNL054W-B,-1,-25.26574245095253,-3028.267115354538,0.0169971671388102,0.11764705882352941,0.10049232551404576
YPR017C,-1,-25.27539111673832,-3299.0539714097977,0.01694915254237288,0.11764705882352941,0.10078192875760209
YHR064C,-1,-25.279563456773758,-3270.3458297401667,0.016901408450704224,0.11764705882352941,0.10107153200115841
YAL041W,1,-25.284721821546555,-3099.2058250308037,0.019662921348314606,0.13725490196078433,0.10107153200115841
YLR006C,-1,-25.288552433252335,-3074.6087926477194,0.0196078431372549,0.13725490196078433,0.10136113524471474
YGL191W,-1,-25.300288558006287,-3398.050314217806,0.019553072625698324,0.13725490196078433,0.10165073848827107
YJR005W,0,-25.304688170552254,-3192.104817777872,0.019553072625698324,0.13725490196078433,0.10165073848827107
YDR259C,-1,-25.311043560504913,-3100.255274936557,0.019498607242339833,0.13725490196078433,0.1019403417318274
YOL072W,-1,-25.319136053323746,-3372.1219651699066,0.019444444444444445,0.13725490196078433,0.10222994497538372
YDR379W,1,-25.32012113928795,-3160.23831500113,0.0221606648199446,0.1568627450980392,0.10222994497538372
YOR349W,-1,-25.334679543972015,-3315.2015473991632,0.022099447513812154,0.1568627450980392,0.10251954821894005
YCL050C,0,-25.340889483690262,-3326.143909007311,0.022099447513812154,0.1568627450980392,0.10251954821894005
YBL056W,-1,-25.35941007733345,-3035.9134525358677,0.02203856749311295,0.1568627450980392,0.10280915146249638
YIL035C,-1,-25.390812754631042,-3328.3431971371174,0.02197802197802198,0.1568627450980392,0.1030987547060527
YKR054C,-1,-25.3949793279171,-3372.9702540636063,0.021917808219178082,0.1568627450980392,0.10338835794960903
YLR398C,-1,-25.39539198577404,-3249.3396615833044,0.02185792349726776,0.1568627450980392,0.10367796119316536
YBR288C,0,-25.409124076366425,-3393.5884209275246,0.02185792349726776,0.1568627450980392,0.10367796119316536
YGL096W,0,-25.41334168612957,-3193.754674836993,0.02185792349726776,0.1568627450980392,0.10367796119316536
YLR363C,-1,-25.41511395573616,-3168.3552914857864,0.021798365122615803,0.1568627450980392,0.10396756443672169
YOL102C,-1,-25.426303043961525,-3296.555225595832,0.021739130434782608,0.1568627450980392,0.10425716768027801
YMR099C,0,-25.438065975904465,-3070.722473680973,0.021739130434782608,0.1568627450980392,0.10425716768027801
YER175C,0,-25.439215570688248,-3332.9299387931824,0.021739130434782608,0.1568627450980392,0.10425716768027801
YCL055W,-1,-25.446818336844444,-3173.034618511796,0.02168021680216802,0.1568627450980392,0.10454677092383435
YDR276C,-1,-25.460845977067947,-3328.7987421154976,0.021621621621621623,0.1568627450980392,0.10483637416739068
YNL259C,-1,-25.466549441218376,-3214.709959179163,0.0215633423180593,0.1568627450980392,0.10512597741094701
YLR126C,-1,-25.467366635799408,-3180.949426263571,0.021505376344086023,0.1568627450980392,0.10541558065450334
YLR251W,0,-25.49431723356247,-3321.356035232544,0.021505376344086023,0.1568627450980392,0.10541558065450334
YDR172W,-1,-25.49837638437748,-3324.6475882679224,0.021447721179624665,0.1568627450980392,0.10570518389805966
YIR017C,-1,-25.506391257047653,-2934.532579794526,0.0213903743315508,0.1568627450980392,0.10599478714161599
YMR276W,-1,-25.51455369591713,-3150.5930963754654,0.021333333333333333,0.1568627450980392,0.10628439038517232
YOL116W,1,-25.526232182979584,-3216.3137252926826,0.023936170212765957,0.17647058823529413,0.10628439038517232
YLL062C,0,-25.536304593086243,-3205.8182390630245,0.023936170212765957,0.17647058823529413,0.10628439038517232
YDL185W,-1,-25.55076190829277,-3401.366827994585,0.023872679045092837,0.17647058823529413,0.10657399362872864
YLR025W,-1,-25.56677684187889,-3165.3010579049587,0.023809523809523808,0.17647058823529413,0.10686359687228497
YKL103C,0,-25.576081186532974,-3107.1471844166517,0.023809523809523808,0.17647058823529413,0.10686359687228497
YDR210C-D,-1,-25.579126477241516,-3041.874404847622,0.023746701846965697,0.17647058823529413,0.1071532001158413
YBL082C,-1,-25.588346362113953,-3272.404429078102,0.02368421052631579,0.17647058823529413,0.10744280335939763
YAL001C,-1,-25.590832889080048,-3141.478413641453,0.023622047244094488,0.17647058823529413,0.10773240660295395
YPR184W,0,-25.59834760427475,-3101.8688994199038,0.023622047244094488,0.17647058823529413,0.10773240660295395
YHR043C,-1,-25.619161546230316,-3139.873272046447,0.02356020942408377,0.17647058823529413,0.10802200984651028
YPL048W,-1,-25.622906386852264,-3163.184091627598,0.02349869451697128,0.17647058823529413,0.10831161309006661
YDR050C,-1,-25.631044894456863,-3520.2226997464895,0.0234375,0.17647058823529413,0.10860121633362294
YEL022W,-1,-25.638847708702087,-3117.569196552038,0.023376623376623377,0.17647058823529413,0.10889081957717926
YER173W,-1,-25.639942497015,-3247.7409839630127,0.023316062176165803,0.17647058823529413,0.10918042282073559
YOR344C,0,-25.666976898908615,-3207.805094599724,0.023316062176165803,0.17647058823529413,0.10918042282073559
YDR267C,-1,-25.667731285095215,-3197.3996842503548,0.023255813953488372,0.17647058823529413,0.10947002606429192
YMR037C,-1,-25.668936163187027,-3165.441719830036,0.023195876288659795,0.17647058823529413,0.10975962930784824
YNL284C-B,-1,-25.67621636390686,-3049.744101256132,0.02313624678663239,0.17647058823529413,0.11004923255140457
YNL118C,-1,-25.682782918214798,-3211.411639779806,0.023076923076923078,0.17647058823529413,0.1103388357949609
YHR112C,0,-25.69030049443245,-3060.2531881332397,0.023076923076923078,0.17647058823529413,0.1103388357949609
YPL177C,-1,-25.696646094322205,-3127.2841327935457,0.023017902813299233,0.17647058823529413,0.11062843903851723
YLR157C-B,-1,-25.698344707489014,-3051.2203925848007,0.02295918367346939,0.17647058823529413,0.11091804228207355
YDR177W,-1,-25.7076755464077,-3153.2682829499245,0.022900763358778626,0.17647058823529413,0.11120764552562988
YER087C-B,-1,-25.73018278181553,-3327.82258464396,0.02284263959390863,0.17647058823529413,0.11149724876918621
YER142C,-1,-25.73208326101303,-3246.5334457159042,0.02278481012658228,0.17647058823529413,0.11178685201274255
YGL062W,0,-25.736849188804626,-3308.0599642693996,0.02278481012658228,0.17647058823529413,0.11178685201274255
YOL117W,-1,-25.738596856594086,-3231.7656224370003,0.022727272727272728,0.17647058823529413,0.11207645525629888
YDR098C-B,-1,-25.73964038491249,-3045.986826121807,0.022670025188916875,0.17647058823529413,0.1123660584998552
YLR324W,-1,-25.747670233249664,-3343.7253801226616,0.022613065326633167,0.17647058823529413,0.11265566174341153
YOR148C,-1,-25.75506103038788,-3281.2847004383802,0.022556390977443608,0.17647058823529413,0.11294526498696786
YDL215C,0,-25.76087784767151,-3196.443660095334,0.022556390977443608,0.17647058823529413,0.11294526498696786
YPR036W,-1,-25.767773509025574,-3254.000140875578,0.0225,0.17647058823529413,0.11323486823052419
YPR137C-B,-1,-25.771222412586212,-3048.707189708948,0.022443890274314215,0.17647058823529413,0.11352447147408051
YJL138C,-1,-25.774904891848564,-3278.5157967805862,0.022388059701492536,0.17647058823529413,0.11381407471763684
YMR278W,0,-25.77866542339325,-3107.7871815413237,0.022388059701492536,0.17647058823529413,0.11381407471763684
YNL247W,-1,-25.78849548101425,-3325.7410010397434,0.022332506203473945,0.17647058823529413,0.11410367796119317
YDL113C,-1,-25.78989279270172,-3271.9532653838396,0.022277227722772276,0.17647058823529413,0.1143932812047495
YJL057C,-1,-25.794900238513947,-3366.0146613568068,0.022222222222222223,0.17647058823529413,0.11468288444830582
YGL104C,0,-25.80894434452057,-3305.8787785470486,0.022222222222222223,0.17647058823529413,0.11468288444830582
YMR311C,-1,-25.81052803993225,-3197.6232054829597,0.022167487684729065,0.17647058823529413,0.11497248769186215
YDL188C,-1,-25.81320121884346,-3128.4196727871895,0.022113022113022112,0.17647058823529413,0.11526209093541848
YDR515W,-1,-25.818410709500313,-3300.9050195366144,0.022058823529411766,0.17647058823529413,0.1155516941789748
YBR281C,0,-25.820329904556274,-3243.179221779108,0.022058823529411766,0.17647058823529413,0.1155516941789748
YCR055C,-1,-25.84539571404457,-2951.3918594419956,0.022004889975550123,0.17647058823529413,0.11584129742253113
YCR058C,-1,-25.84539571404457,-2951.3918594419956,0.02195121951219512,0.17647058823529413,0.11613090066608746
YMR167W,-1,-25.847311854362488,-3108.3431004285812,0.021897810218978103,0.17647058823529413,0.11642050390964379
YMR289W,0,-25.85308676958084,-3346.9857993870974,0.021897810218978103,0.17647058823529413,0.11642050390964379
YBR066C,1,-25.85733988881111,-3219.146294116974,0.024271844660194174,0.19607843137254902,0.11642050390964379
YPR158C-D,-1,-25.86238533258438,-3059.730121910572,0.024213075060532687,0.19607843137254902,0.11671010715320011
YIL137C,0,-25.86302211880684,-3038.758793890476,0.024213075060532687,0.19607843137254902,0.11671010715320011
YNR031C,-1,-25.875270515680313,-3079.445385992527,0.024154589371980676,0.19607843137254902,0.11699971039675644
YGR223C,0,-25.877980083227158,-3296.589823588729,0.024154589371980676,0.19607843137254902,0.11699971039675644
YNL053W,-1,-25.897004187107086,-3151.753043115139,0.024096385542168676,0.19607843137254902,0.11728931364031277
YNL316C,0,-25.909623742103577,-3265.656017407775,0.024096385542168676,0.19607843137254902,0.11728931364031277
YAL016W,-1,-25.915653318166733,-3364.6268053799868,0.02403846153846154,0.19607843137254902,0.1175789168838691
YDR482C,-1,-25.935410410165787,-3351.8775376677513,0.023980815347721823,0.19607843137254902,0.11786852012742542
YLR143W,0,-25.937094181776047,-3232.673017293215,0.023980815347721823,0.19607843137254902,0.11786852012742542
YLR208W,-1,-25.937108606100082,-3492.0204617977142,0.023923444976076555,0.19607843137254902,0.11815812337098175
YHR012W,-1,-25.943775445222855,-3332.1684285849333,0.02386634844868735,0.19607843137254902,0.11844772661453808
YDR480W,1,-25.953411757946014,-3313.5410937070847,0.02619047619047619,0.21568627450980393,0.11844772661453808
YLR200W,-1,-25.953793942928314,-3458.316197425127,0.026128266033254157,0.21568627450980393,0.11873732985809442
YOR069W,-1,-25.990179747343063,-3123.733447358012,0.026066350710900472,0.21568627450980393,0.11902693310165074
YKL010C,-1,-26.00533691048622,-3129.1189638078213,0.026004728132387706,0.21568627450980393,0.11931653634520707
YBR130C,0,-26.007649019360542,-3287.031051442027,0.026004728132387706,0.21568627450980393,0.11931653634520707
YBL076C,-1,-26.016308411955833,-3512.897953942418,0.025943396226415096,0.21568627450980393,0.1196061395887634
YMR303C,0,-26.019033700227737,-3363.030766516924,0.025943396226415096,0.21568627450980393,0.1196061395887634
YKL071W,0,-26.02694633603096,-3062.808046400547,0.025943396226415096,0.21568627450980393,0.1196061395887634
YER159C-A,-1,-26.027240306138992,-3133.765945136547,0.02588235294117647,0.21568627450980393,0.11989574283231973
YKL026C,-1,-26.036575376987457,-3317.8770814090967,0.025821596244131457,0.21568627450980393,0.12018534607587605
YHR116W,-1,-26.037053018808365,-3314.174518212676,0.02576112412177986,0.21568627450980393,0.12047494931943238
YBR222C,0,-26.04432800412178,-3206.5310308486223,0.02576112412177986,0.21568627450980393,0.12047494931943238
YDR516C,-1,-26.049877628684044,-3250.0671203434467,0.02570093457943925,0.21568627450980393,0.12076455256298871
YFR009W,-1,-26.065482437610626,-3305.9559964984655,0.02564102564102564,0.21568627450980393,0.12105415580654504
YJR044C,-1,-26.072275519371033,-3316.918898612261,0.02558139534883721,0.21568627450980393,0.12134375905010136
YMR068W,-1,-26.07271581888199,-3318.164612546563,0.025522041763341066,0.21568627450980393,0.12163336229365769
YGL216W,-1,-26.072924435138702,-3429.6423923522234,0.02546296296296296,0.21568627450980393,0.12192296553721402
YDR103W,1,-26.074201822280884,-3286.7853347957134,0.02771362586605081,0.23529411764705882,0.12192296553721402
YBL061C,-1,-26.097018644213676,-3208.6848646104336,0.027649769585253458,0.23529411764705882,0.12221256878077034
YDR108W,0,-26.113573223352432,-3121.8611247986555,0.027649769585253458,0.23529411764705882,0.12221256878077034
YDR210C-C,-1,-26.113932013511658,-3132.53219512105,0.027586206896551724,0.23529411764705882,0.12250217202432667
YDR265W,-1,-26.115659773349762,-3211.865246295929,0.027522935779816515,0.23529411764705882,0.122791775267883
YNL199C,-1,-26.117223769426346,-3421.8111979216337,0.02745995423340961,0.23529411764705882,0.12308137851143933
YIL078W,-1,-26.118656665086746,-3354.537652492523,0.0273972602739726,0.23529411764705882,0.12337098175499565
YNL268W,-1,-26.123820513486862,-3358.8348057866096,0.02733485193621868,0.23529411764705882,0.12366058499855198
YCR008W,-1,-26.139289051294327,-3418.428646430373,0.02727272727272727,0.23529411764705882,0.12395018824210831
YDR162C,-1,-26.140928268432617,-3302.123128503561,0.027210884353741496,0.23529411764705882,0.12423979148566464
YLR260W,-1,-26.14425551891327,-3323.5824489593506,0.027149321266968326,0.23529411764705882,0.12452939472922096
YPR033C,-1,-26.14921300113201,-3384.686130285263,0.02708803611738149,0.23529411764705882,0.12481899797277729
YJL153C,-1,-26.149610251188278,-3119.812119603157,0.02702702702702703,0.23529411764705882,0.12510860121633363
YLR148W,-1,-26.16952720284462,-3258.7123128026724,0.02696629213483146,0.23529411764705882,0.12539820445988994
YJL133C-A,0,-26.1832212805748,-3134.2856273651123,0.02696629213483146,0.23529411764705882,0.12539820445988994
YDR210W-C,-1,-26.183221399784088,-3134.2856273651123,0.026905829596412557,0.23529411764705882,0.12568780770344629
YBL008W-A,0,-26.183221459388733,-3134.2856273651123,0.026905829596412557,0.23529411764705882,0.12568780770344629
YOR343C-B,-1,-26.183221578598022,-3134.2856273651123,0.026845637583892617,0.23529411764705882,0.1259774109470026
YJL029C,-1,-26.183384463191032,-3342.025199651718,0.026785714285714284,0.23529411764705882,0.12626701419055894
YGR211W,-1,-26.18777446448803,-3361.7138757407665,0.026726057906458798,0.23529411764705882,0.12655661743411525
YMR234W,-1,-26.200203388929367,-3445.817645266652,0.02666666666666667,0.23529411764705882,0.1268462206776716
YPR160W,0,-26.202321082353592,-3191.4386322796345,0.02666666666666667,0.23529411764705882,0.1268462206776716
YOR039W,-1,-26.208710849285126,-3230.5026558339596,0.026607538802660754,0.23529411764705882,0.1271358239212279
YGR271W,0,-26.209757387638092,-3274.779475092888,0.026607538802660754,0.23529411764705882,0.1271358239212279
YLR410W-B,-1,-26.215486258268356,-3134.553303927183,0.02654867256637168,0.23529411764705882,0.12742542716478425
YMR009W,0,-26.21732172369957,-3227.701044753194,0.02654867256637168,0.23529411764705882,0.12742542716478425
YGL194C,-1,-26.2274469435215,-3341.569413214922,0.026490066225165563,0.23529411764705882,0.12771503040834056
YCR093W,-1,-26.228856921195984,-3230.820414185524,0.02643171806167401,0.23529411764705882,0.1280046336518969
YIR038C,0,-26.24008759856224,-3218.722393810749,0.02643171806167401,0.23529411764705882,0.1280046336518969
YLR256W-A,-1,-26.244043290615082,-3128.66432890296,0.026373626373626374,0.23529411764705882,0.12829423689545322
YDR479C,-1,-26.24648630619049,-3229.11895853281,0.02631578947368421,0.23529411764705882,0.12858384013900956
YOR129C,-1,-26.24789234995842,-3357.4676922261715,0.0262582056892779,0.23529411764705882,0.12887344338256587
YBL007C,-1,-26.25445532798767,-3178.9463209211826,0.026200873362445413,0.23529411764705882,0.1291630466261222
YKR072C,-1,-26.256544172763824,-3251.998893916607,0.026143790849673203,0.23529411764705882,0.12945264986967853
YKL184W,0,-26.275769859552383,-3182.6111658215523,0.026143790849673203,0.23529411764705882,0.12945264986967853
YDR027C,-1,-26.28981724381447,-3323.9218297451735,0.02608695652173913,0.23529411764705882,0.12974225311323487
YJL130C,0,-26.297464191913605,-3273.8249295800924,0.02608695652173913,0.23529411764705882,0.12974225311323487
YPR111W,-1,-26.306745946407318,-3306.9570783376694,0.026030368763557483,0.23529411764705882,0.1300318563567912
YHL034C,0,-26.315042674541473,-3315.301357910037,0.026030368763557483,0.23529411764705882,0.1300318563567912
YHR086W,-1,-26.315987467765808,-3282.592712879181,0.025974025974025976,0.23529411764705882,0.13032145960034752
YBL017C,-1,-26.339145481586456,-3400.665708273649,0.02591792656587473,0.23529411764705882,0.13061106284390386
YKL051W,-1,-26.348977461457253,-3345.3935562968254,0.02586206896551724,0.23529411764705882,0.13090066608746018
YLR410W-A,-1,-26.36573377251625,-3140.827135205269,0.025806451612903226,0.23529411764705882,0.13119026933101652
YHR018C,0,-26.380922242999077,-3218.7869845479727,0.025806451612903226,0.23529411764705882,0.13119026933101652
YML029W,-1,-26.38733521103859,-3278.4597131460905,0.02575107296137339,0.23529411764705882,0.13147987257457283
YOR386W,-1,-26.393619865179062,-3334.4227427244186,0.02569593147751606,0.23529411764705882,0.13176947581812917
YOR142W-B,-1,-26.400251924991608,-3147.03304746747,0.02564102564102564,0.23529411764705882,0.13205907906168549
YCR096C,0,-26.405997708439827,-3182.792394593358,0.02564102564102564,0.23529411764705882,0.13205907906168549
YFR016C,0,-26.426686853170395,-3124.3943355977535,0.02564102564102564,0.23529411764705882,0.13205907906168549
YIL074C,0,-26.429881364107132,-3207.098219871521,0.02564102564102564,0.23529411764705882,0.13205907906168549
YAL061W,0,-26.432197958230972,-3223.732219040394,0.02564102564102564,0.23529411764705882,0.13205907906168549
YEL003W,-1,-26.434674814343452,-3278.6655371189117,0.0255863539445629,0.23529411764705882,0.13234868230524183
YOR192C-B,-1,-26.435647398233414,-3141.7088662087917,0.02553191489361702,0.23529411764705882,0.13263828554879814
YMR047C,-1,-26.438466608524323,-3149.0497001856565,0.025477707006369428,0.23529411764705882,0.13292788879235448
YJR133W,0,-26.44292351603508,-3395.5990980416536,0.025477707006369428,0.23529411764705882,0.13292788879235448
YOR343W-A,-1,-26.4475077688694,-3146.898108124733,0.025423728813559324,0.23529411764705882,0.1332174920359108
YGL213C,-1,-26.458956822752953,-3361.3973718732595,0.02536997885835095,0.23529411764705882,0.13350709527946714
YFL035C,-1,-26.462904632091522,-3152.8619391024113,0.02531645569620253,0.23529411764705882,0.13379669852302345
YJL204C,-1,-26.481559723615646,-3375.555162459612,0.02526315789473684,0.23529411764705882,0.1340863017665798
YOL064C,-1,-26.482637763023376,-3267.37949077785,0.025210084033613446,0.23529411764705882,0.1343759050101361
YML094W,-1,-26.491235226392746,-3484.5023326724768,0.025157232704402517,0.23529411764705882,0.13466550825369245
YMR201C,-1,-26.501535326242447,-3371.659257799387,0.02510460251046025,0.23529411764705882,0.13495511149724876
YDL160C,-1,-26.50546532869339,-3174.873059436679,0.025052192066805846,0.23529411764705882,0.1352447147408051
YJR065C,-1,-26.512119933962822,-3302.1448647230864,0.025,0.23529411764705882,0.1355343179843614
YOR357C,-1,-26.517243593931198,-3430.261824980378,0.02494802494802495,0.23529411764705882,0.13582392122791775
YLR079W,-1,-26.51874405145645,-3093.420927539468,0.024896265560165973,0.23529411764705882,0.13611352447147407
YGR038C-B,-1,-26.530918538570404,-3148.7644422352314,0.024844720496894408,0.23529411764705882,0.1364031277150304
YDR137W,-1,-26.531810969114304,-3332.9931341409683,0.024793388429752067,0.23529411764705882,0.13669273095858675
YML130C,-1,-26.532063245773315,-3575.235799178481,0.024742268041237112,0.23529411764705882,0.13698233420214306
YOR026W,-1,-26.535000830888748,-3328.6330785751343,0.024691358024691357,0.23529411764705882,0.1372719374456994
YOR020C,-1,-26.55035738646984,-3530.8609480410814,0.024640657084188913,0.23529411764705882,0.13756154068925572
YLR227W-B,-1,-26.552103489637375,-3145.7713248729706,0.02459016393442623,0.23529411764705882,0.13785114393281206
YGR272C,-1,-26.558747172355652,-3237.9103175401688,0.024539877300613498,0.23529411764705882,0.13814074717636837
YOL130W,-1,-26.56067779660225,-3489.2090256661177,0.024489795918367346,0.23529411764705882,0.1384303504199247
YIL056W,-1,-26.56667459011078,-3238.1469705998898,0.024439918533604887,0.23529411764705882,0.13871995366348103
YOR151C,-1,-26.566942110657692,-3285.263961598277,0.024390243902439025,0.23529411764705882,0.13900955690703737
YDR328C,-1,-26.567242801189423,-3370.3379504084587,0.02434077079107505,0.23529411764705882,0.13929916015059368
YOR256C,-1,-26.57440474629402,-3403.239799544215,0.024291497975708502,0.23529411764705882,0.13958876339415002
YOR054C,-1,-26.576076805591583,-3380.592230528593,0.024242424242424242,0.23529411764705882,0.13987836663770634
YOL103W-B,-1,-26.59770229458809,-3150.6811130344868,0.024193548387096774,0.23529411764705882,0.14016796988126268
YPL046C,-1,-26.599109649658203,-3366.782280251384,0.02414486921529175,0.23529411764705882,0.140457573124819
YOR209C,-1,-26.602142617106438,-3304.1515956819057,0.024096385542168676,0.23529411764705882,0.14074717636837533
YOR197W,0,-26.607769936323166,-3117.920201897621,0.024096385542168676,0.23529411764705882,0.14074717636837533
YDR170C,0,-26.621787503361702,-3506.6005368232727,0.024096385542168676,0.23529411764705882,0.14074717636837533
YLR170C,0,-26.62394505739212,-3417.9246370643377,0.024096385542168676,0.23529411764705882,0.14074717636837533
YDR316W-A,-1,-26.629599034786224,-3154.4560137987137,0.02404809619238477,0.23529411764705882,0.14103677961193165
YLR414C,0,-26.644346565008163,-3111.7313798964024,0.02404809619238477,0.23529411764705882,0.14103677961193165
YDR266C,0,-26.647088557481766,-3211.370761960745,0.02404809619238477,0.23529411764705882,0.14103677961193165
YPL257W-B,-1,-26.656600415706635,-3153.265524983406,0.024,0.23529411764705882,0.141326382855488
YDR075W,-1,-26.660432413220406,-3398.446602731943,0.023952095808383235,0.23529411764705882,0.1416159860990443
YKL196C,0,-26.666786313056946,-3438.9623403549194,0.023952095808383235,0.23529411764705882,0.1416159860990443
YGR072W,-1,-26.667570367455482,-3430.4092602431774,0.02390438247011952,0.23529411764705882,0.14190558934260064
YNL326C,-1,-26.67850498855114,-3580.03605440259,0.02385685884691849,0.23529411764705882,0.14219519258615695
YHL011C,0,-26.68656061589718,-3564.1853046119213,0.02385685884691849,0.23529411764705882,0.14219519258615695
YMR173W,-1,-26.695148646831512,-3402.82783600688,0.023809523809523808,0.23529411764705882,0.1424847958297133
YJR025C,0,-26.699272096157074,-3233.7088144421577,0.023809523809523808,0.23529411764705882,0.1424847958297133
YBL005W,-1,-26.701037645339966,-3428.8690748661757,0.023762376237623763,0.23529411764705882,0.1427743990732696
YDR238C,0,-26.709930270910263,-3475.0685949772596,0.023762376237623763,0.23529411764705882,0.1427743990732696
YML073C,-1,-26.71115906536579,-3567.1884005367756,0.023715415019762844,0.23529411764705882,0.14306400231682595
YPL003W,-1,-26.71508613228798,-3342.851135522127,0.023668639053254437,0.23529411764705882,0.14335360556038226
YNL274C,0,-26.716485634446144,-3370.8730449676514,0.023668639053254437,0.23529411764705882,0.14335360556038226
YOR149C,-1,-26.720424935221672,-3674.2386267781258,0.023622047244094488,0.23529411764705882,0.1436432088039386
YPL070W,0,-26.72126939892769,-3156.460699096322,0.023622047244094488,0.23529411764705882,0.1436432088039386
YDR017C,-1,-26.722816199064255,-3335.380214780569,0.023575638506876228,0.23529411764705882,0.14393281204749495
YJR110W,-1,-26.725679516792297,-3278.414067193866,0.023529411764705882,0.23529411764705882,0.14422241529105126
YKR030W,0,-26.727301448583603,-3397.203116387129,0.023529411764705882,0.23529411764705882,0.14422241529105126
YFL034C-B,-1,-26.73583233356476,-3401.9359252154827,0.023483365949119372,0.23529411764705882,0.1445120185346076
YPR041W,-1,-26.73745608329773,-3356.376758724451,0.0234375,0.23529411764705882,0.1448016217781639
YLR109W,-1,-26.743376970291138,-3281.717821151018,0.023391812865497075,0.23529411764705882,0.14509122502172025
YPL004C,-1,-26.74450482428074,-3617.391620501876,0.023346303501945526,0.23529411764705882,0.14538082826527657
YOR245C,-1,-26.75152188539505,-3456.5081894248724,0.02330097087378641,0.23529411764705882,0.1456704315088329
YHR039C-B,-1,-26.762146055698395,-3216.202789545059,0.023255813953488372,0.23529411764705882,0.14596003475238922
YNL152W,-1,-26.76510187983513,-3415.541427835822,0.02321083172147002,0.23529411764705882,0.14624963799594556
YDR385W,-1,-26.76645977795124,-3379.3383125960827,0.023166023166023165,0.23529411764705882,0.14653924123950188
YDR329C,-1,-26.79460647702217,-3219.635599195957,0.023121387283236993,0.23529411764705882,0.14682884448305822
YDR261C-D,-1,-26.80450677871704,-3162.4312017560005,0.023076923076923078,0.23529411764705882,0.14711844772661453
YLR287C-A,0,-26.807748824357986,-3544.2184027433395,0.023076923076923078,0.23529411764705882,0.14711844772661453
YMR214W,-1,-26.827241897583008,-3412.443538442254,0.023032629558541268,0.23529411764705882,0.14740805097017087
YDR098C,-1,-26.827522069215775,-3251.2156904041767,0.022988505747126436,0.23529411764705882,0.1476976542137272
YMR005W,-1,-26.829559192061424,-3434.741748213768,0.022944550669216062,0.23529411764705882,0.14798725745728353
YDR369C,-1,-26.846306264400482,-3354.959147542715,0.022900763358778626,0.23529411764705882,0.14827686070083984
YML131W,-1,-26.848045498132706,-3211.9529765844345,0.022857142857142857,0.23529411764705882,0.14856646394439618
YJR134C,0,-26.861374527215958,-3385.7445550858974,0.022857142857142857,0.23529411764705882,0.14856646394439618
YIL108W,0,-26.86470925807953,-3127.8826672136784,0.022857142857142857,0.23529411764705882,0.14856646394439618
YDR142C,-1,-26.866917431354523,-3441.188526660204,0.022813688212927757,0.23529411764705882,0.1488560671879525
YEL039C,-1,-26.868234366178513,-3338.8295074254274,0.022770398481973434,0.23529411764705882,0.14914567043150884
YJL099W,0,-26.901257008314133,-3249.192961215973,0.022770398481973434,0.23529411764705882,0.14914567043150884
YER122C,0,-26.91417446732521,-3444.1817206293344,0.022770398481973434,0.23529411764705882,0.14914567043150884
YBR083W,1,-26.9163616001606,-3326.5584278702736,0.02462121212121212,0.2549019607843137,0.14914567043150884
YGL040C,-1,-26.91651338338852,-3330.555886939168,0.024574669187145556,0.2549019607843137,0.14943527367506515
YIL053W,-1,-26.93685469031334,-3441.3472902029753,0.024528301886792454,0.2549019607843137,0.1497248769186215
YCL020W,-1,-26.938067615032196,-3242.0501130223274,0.02448210922787194,0.2549019607843137,0.1500144801621778
YEL020C,0,-26.940038949251175,-3190.419856160879,0.02448210922787194,0.2549019607843137,0.1500144801621778
YHR147C,-1,-26.94345885515213,-3515.066816404462,0.02443609022556391,0.2549019607843137,0.15030408340573415
YDR368W,-1,-26.948473423719406,-3424.3457574099302,0.024390243902439025,0.2549019607843137,0.15059368664929046
YKR022C,-1,-26.9607852101326,-3465.581189662218,0.024344569288389514,0.2549019607843137,0.1508832898928468
YNL307C,-1,-26.964024275541306,-3729.4131833463907,0.024299065420560748,0.2549019607843137,0.15117289313640314
YPR173C,-1,-26.96490067243576,-3461.0712967962027,0.024253731343283583,0.2549019607843137,0.15146249637995945
YOR014W,-1,-26.973536014556885,-3282.6171258985996,0.024208566108007448,0.2549019607843137,0.1517520996235158
YGR197C,0,-26.981730818748474,-3453.3220989853144,0.024208566108007448,0.2549019607843137,0.1517520996235158
YKL056C,-1,-26.984202802181244,-3423.6979319751263,0.024163568773234202,0.2549019607843137,0.1520417028670721
YGL128C,-1,-26.98664891719818,-3303.153865426779,0.02411873840445269,0.2549019607843137,0.15233130611062845
YBL016W,1,-26.992121696472168,-3250.169806033373,0.025925925925925925,0.27450980392156865,0.15233130611062845
YKL189W,0,-26.992243826389313,-3246.0257140547037,0.025925925925925925,0.27450980392156865,0.15233130611062845
YLR093C,-1,-26.9972452968359,-3460.40080717206,0.025878003696857672,0.27450980392156865,0.15262090935418476
YGR192C,0,-27.00833109021187,-3542.4520397484303,0.025878003696857672,0.27450980392156865,0.15262090935418476
YCL051W,-1,-27.01295930147171,-3450.9106101095676,0.025830258302583026,0.27450980392156865,0.1529105125977411
YHR073W,1,-27.03527656197548,-3453.342360585928,0.027624309392265192,0.29411764705882354,0.1529105125977411
YLR154W-C,-1,-27.043398916721344,-3183.362772911787,0.027573529411764705,0.29411764705882354,0.15320011584129742
YLR136C,-1,-27.047433465719223,-3419.6604760587215,0.027522935779816515,0.29411764705882354,0.15348971908485376
YGR262C,-1,-27.04952636361122,-3532.317869886756,0.027472527472527472,0.29411764705882354,0.15377932232841007
YLR240W,-1,-27.05463632941246,-3474.4441899061203,0.027422303473491772,0.29411764705882354,0.15406892557196641
YDR441C,-1,-27.055394232273102,-3485.115954861045,0.02737226277372263,0.29411764705882354,0.15435852881552273
YJL058C,-1,-27.06338381767273,-3335.101718455553,0.0273224043715847,0.29411764705882354,0.15464813205907907
YER074W-A,0,-27.069845527410507,-3155.5512058138847,0.0273224043715847,0.29411764705882354,0.15464813205907907
YIR035C,0,-27.073296546936035,-3276.3895758092403,0.0273224043715847,0.29411764705882354,0.15464813205907907
YER098W,-1,-27.09066417813301,-3377.8129187971354,0.02727272727272727,0.29411764705882354,0.15493773530263538
YLR344W,0,-27.091377690434456,-3509.4876898378134,0.02727272727272727,0.29411764705882354,0.15493773530263538
YOR260W,-1,-27.09745016694069,-3263.373243123293,0.02722323049001815,0.29411764705882354,0.15522733854619172
YOR212W,1,-27.098958879709244,-3375.414833396673,0.028985507246376812,0.3137254901960784,0.15522733854619172
YLR085C,-1,-27.118985325098038,-3351.695685684681,0.028933092224231464,0.3137254901960784,0.15551694178974804
YGR163W,-1,-27.122720643877983,-3505.8626965731382,0.02888086642599278,0.3137254901960784,0.15580654503330438
YMR316W,1,-27.12676504254341,-3427.4866273999214,0.03063063063063063,0.3333333333333333,0.15580654503330438
YER045C,-1,-27.133414804935455,-3659.5533159971237,0.030575539568345324,0.3333333333333333,0.1560961482768607
YER165W,-1,-27.148689568042755,-3433.6174658089876,0.03052064631956912,0.3333333333333333,0.15638575152041703
YDR545W,-1,-27.152665942907333,-3428.875188872218,0.03046594982078853,0.3333333333333333,0.15667535476397335
YCR005C,-1,-27.159809663891792,-3397.8098571300507,0.03041144901610018,0.3333333333333333,0.1569649580075297
YJR007W,-1,-27.16656383872032,-3431.4259660393,0.030357142857142857,0.3333333333333333,0.157254561251086
YKL138C-A,-1,-27.192016422748566,-3186.2017425894737,0.030303030303030304,0.3333333333333333,0.15754416449464234
YJL127C,-1,-27.193366646766663,-3255.7620908021927,0.030249110320284697,0.3333333333333333,0.15783376773819865
YOR383C,-1,-27.19755819439888,-3336.8864207714796,0.03019538188277087,0.3333333333333333,0.158123370981755
YHR063C,0,-27.211320966482162,-3421.4044305831194,0.03019538188277087,0.3333333333333333,0.158123370981755
YJL180C,-1,-27.21309757232666,-3322.2410586327314,0.030141843971631204,0.3333333333333333,0.15841297422531134
YJR104C,-1,-27.215626001358032,-3209.113911136985,0.03008849557522124,0.3333333333333333,0.15870257746886765
YNL166C,-1,-27.223957166075706,-3473.9087069034576,0.030035335689045935,0.3333333333333333,0.158992180712424
YNL272C,-1,-27.23305380344391,-3356.6433627456427,0.029982363315696647,0.3333333333333333,0.1592817839559803
YGR034W,0,-27.23459765315056,-3495.526999771595,0.029982363315696647,0.3333333333333333,0.1592817839559803
YMR020W,0,-27.236969083547592,-3672.0934100300074,0.029982363315696647,0.3333333333333333,0.1592817839559803
YLR443W,0,-27.23845210671425,-3454.2872782051563,0.029982363315696647,0.3333333333333333,0.1592817839559803
YPR188C,-1,-27.23964360356331,-3513.011584714055,0.02992957746478873,0.3333333333333333,0.15957138719953665
YCR012W,0,-27.242005303502083,-3547.9469213932753,0.02992957746478873,0.3333333333333333,0.15957138719953665
YOR347C,0,-27.24546229839325,-3319.1463872790337,0.02992957746478873,0.3333333333333333,0.15957138719953665
YNL045W,-1,-27.24564564228058,-3222.1457446068525,0.029876977152899824,0.3333333333333333,0.15986099044309296
YOR061W,-1,-27.257989823818207,-3347.241569966078,0.02982456140350877,0.3333333333333333,0.1601505936866493
YDR078C,-1,-27.25852480530739,-3536.8272902667522,0.0297723292469352,0.3333333333333333,0.16044019693020561
YBL067C,-1,-27.260280668735504,-3456.937847495079,0.02972027972027972,0.3333333333333333,0.16072980017376196
YKL067W,0,-27.266619741916656,-3451.7630574554205,0.02972027972027972,0.3333333333333333,0.16072980017376196
YDL226C,-1,-27.277941957116127,-3356.6337429732084,0.029668411867364748,0.3333333333333333,0.16101940341731827
YGL156W,0,-27.29430651664734,-3601.305678665638,0.029668411867364748,0.3333333333333333,0.16101940341731827
YCL003W,-1,-27.29451322555542,-3286.0908250510693,0.029616724738675958,0.3333333333333333,0.1613090066608746
YPL037C,-1,-27.29707531630993,-3376.402704387903,0.029565217391304348,0.3333333333333333,0.16159860990443092
YLR391W-A,0,-27.300083726644516,-3214.1372510790825,0.029565217391304348,0.3333333333333333,0.16159860990443092
YJL052W,0,-27.301367938518524,-3285.870103418827,0.029565217391304348,0.3333333333333333,0.16159860990443092
YCL012W,-1,-27.31912875175476,-3261.870557487011,0.029513888888888888,0.3333333333333333,0.16188821314798726
YKR077W,-1,-27.332095950841904,-3332.9860204458237,0.029462738301559793,0.3333333333333333,0.16217781639154358
YOL082W,-1,-27.336686968803406,-3537.294738382101,0.029411764705882353,0.3333333333333333,0.16246741963509992
YNL271C,-1,-27.339210629463196,-3385.4552685171366,0.02936096718480138,0.3333333333333333,0.16275702287865623
YDR247W,-1,-27.344047397375107,-3392.688802406192,0.029310344827586206,0.3333333333333333,0.16304662612221257
YEL009C,-1,-27.35541820526123,-3797.5565453469753,0.029259896729776247,0.3333333333333333,0.1633362293657689
YOR232W,-1,-27.36461266875267,-3336.778135329485,0.029209621993127148,0.3333333333333333,0.16362583260932523
YFR040W,-1,-27.36725063621998,-3426.2013491094112,0.029159519725557463,0.3333333333333333,0.16391543585288154
YOR103C,-1,-27.368505612015724,-3518.882624015212,0.02910958904109589,0.3333333333333333,0.16420503909643788
YDR118W,-1,-27.37756210565567,-3344.762530118227,0.02905982905982906,0.3333333333333333,0.1644946423399942
YOR324C,0,-27.381920740008354,-3442.0346423089504,0.02905982905982906,0.3333333333333333,0.1644946423399942
YMR164C,-1,-27.405542314052582,-3278.503999978304,0.02901023890784983,0.3333333333333333,0.16478424558355054
YOR122C,-1,-27.414819568395615,-3376.8789486140013,0.028960817717206135,0.3333333333333333,0.16507384882710685
YLR328W,0,-27.44410528242588,-3606.457829207182,0.028960817717206135,0.3333333333333333,0.16507384882710685
YGR061C,0,-27.458759635686874,-3642.0640118271112,0.028960817717206135,0.3333333333333333,0.16507384882710685
YER075C,-1,-27.461335599422455,-3206.1212992072105,0.02891156462585034,0.3333333333333333,0.1653634520706632
YIL069C,-1,-27.467861369252205,-3428.125459626317,0.028862478777589132,0.3333333333333333,0.16565305531421953
YNL243W,-1,-27.47572833299637,-3476.831424742937,0.0288135593220339,0.3333333333333333,0.16594265855777585
YMR080C,-1,-27.48242774605751,-3395.094003930688,0.028764805414551606,0.3333333333333333,0.1662322618013322
YBL006C,-1,-27.487439155578613,-3560.4015902280807,0.028716216216216218,0.3333333333333333,0.1665218650448885
YGR087C,0,-27.48806592822075,-3304.3180664777756,0.028716216216216218,0.3333333333333333,0.1665218650448885
YER087C-A,-1,-27.488301157951355,-3323.0044139027596,0.02866779089376054,0.3333333333333333,0.16681146828844484
YGL210W-A,-1,-27.494559288024902,-3291.1574735045433,0.02861952861952862,0.3333333333333333,0.16710107153200116
YLR024C,-1,-27.49919429421425,-3432.737461179495,0.02857142857142857,0.3333333333333333,0.1673906747755575
YOR126C,-1,-27.50418934226036,-3544.7992591261864,0.028523489932885907,0.3333333333333333,0.1676802780191138
YDR007W,0,-27.50845980644226,-3471.568008735776,0.028523489932885907,0.3333333333333333,0.1676802780191138
YBR043C,0,-27.522620379924774,-3554.1564458459616,0.028523489932885907,0.3333333333333333,0.1676802780191138
YOL057W,0,-27.52390417456627,-3347.475701481104,0.028523489932885907,0.3333333333333333,0.1676802780191138
YOR361C,-1,-27.52474783360958,-3623.5473013818264,0.02847571189279732,0.3333333333333333,0.16796988126267015
YOL018C,0,-27.536544144153595,-3592.1384185254574,0.02847571189279732,0.3333333333333333,0.16796988126267015
YKL080W,-1,-27.545782923698425,-3482.8896548449993,0.028428093645484948,0.3333333333333333,0.16825948450622646
YGL169W,-1,-27.547240272164345,-3638.900599524379,0.028380634390651086,0.3333333333333333,0.1685490877497828
YGR277C,0,-27.552253633737564,-3304.732974514365,0.028380634390651086,0.3333333333333333,0.1685490877497828
YKL193C,-1,-27.55465741455555,-3356.4401637911797,0.028333333333333332,0.3333333333333333,0.16883869099333912
YGL019W,-1,-27.55879321694374,-3308.032137155533,0.028286189683860232,0.3333333333333333,0.16912829423689546
YKL130C,0,-27.564567655324936,-3492.4037024229765,0.028286189683860232,0.3333333333333333,0.16912829423689546
YHR074W,0,-27.56847247481346,-3267.1053454875946,0.028286189683860232,0.3333333333333333,0.16912829423689546
YLL009C,-1,-27.583434522151947,-3390.04699704051,0.02823920265780731,0.3333333333333333,0.16941789748045177
YER028C,-1,-27.5990052819252,-3469.667754948139,0.028192371475953566,0.3333333333333333,0.16970750072400811
YFR047C,0,-27.59959715604782,-3427.819895103574,0.028192371475953566,0.3333333333333333,0.16970750072400811
YHL009C,-1,-27.60879683494568,-3294.201655000448,0.028145695364238412,0.3333333333333333,0.16999710396756443
YHR165C,-1,-27.6157945394516,-3493.1286623328924,0.02809917355371901,0.3333333333333333,0.17028670721112077
YLR043C,-1,-27.617569535970688,-3342.061889231205,0.028052805280528052,0.3333333333333333,0.17057631045467708
YPL064C,-1,-27.619239002466202,-3414.2993305921555,0.02800658978583196,0.3333333333333333,0.17086591369823342
YBL068W,0,-27.620636835694313,-3566.005863159895,0.02800658978583196,0.3333333333333333,0.17086591369823342
YGL105W,-1,-27.622593626379967,-3485.5829320549965,0.027960526315789474,0.3333333333333333,0.17115551694178974
YBR012W-A,-1,-27.63081231713295,-3284.4857660531998,0.027914614121510674,0.3333333333333333,0.17144512018534608
YER147C,-1,-27.631140410900116,-3274.3731612712145,0.027868852459016394,0.3333333333333333,0.1717347234289024
YKL053C-A,-1,-27.636759042739868,-3382.2174155712128,0.027823240589198037,0.3333333333333333,0.17202432667245873
YKR069W,0,-27.63779029250145,-3537.2575599253178,0.027823240589198037,0.3333333333333333,0.17202432667245873
YPL180W,-1,-27.640579909086227,-3459.1846373081207,0.027777777777777776,0.3333333333333333,0.17231392991601505
YDL103C,0,-27.64371943473816,-3356.6253078877926,0.027777777777777776,0.3333333333333333,0.17231392991601505
YGL254W,-1,-27.646512389183044,-3453.2596168220043,0.02773246329526917,0.3333333333333333,0.1726035331595714
YPR037C,0,-27.64752620458603,-3593.869851976633,0.02773246329526917,0.3333333333333333,0.1726035331595714
YDR400W,-1,-27.66785928606987,-3520.9565506875515,0.02768729641693811,0.3333333333333333,0.17289313640312773
YML039W,-1,-27.669906497001648,-3300.221725821495,0.027642276422764227,0.3333333333333333,0.17318273964668404
YER031C,-1,-27.698329895734787,-3381.3832007199526,0.027597402597402596,0.3333333333333333,0.17347234289024038
YOL133W,-1,-27.703914552927017,-3533.269547998905,0.027552674230145867,0.3333333333333333,0.1737619461337967
YOR067C,-1,-27.70453552901745,-3675.2145768404007,0.02750809061488673,0.3333333333333333,0.17405154937735304
YLR343W,-1,-27.724581629037857,-3436.2993721812963,0.027463651050080775,0.3333333333333333,0.17434115262090935
YOR034C,-1,-27.732712373137474,-3558.9404338896275,0.027419354838709678,0.3333333333333333,0.1746307558644657
YBL041W,-1,-27.743303149938583,-3501.0402868539095,0.027375201288244767,0.3333333333333333,0.174920359108022
YDR494W,-1,-27.749276965856552,-3526.22268243134,0.027331189710610933,0.3333333333333333,0.17520996235157835
YIL105C,-1,-27.759462416172028,-3485.1850126981735,0.027287319422150885,0.3333333333333333,0.17549956559513466
YPR163C,-1,-27.78928281366825,-3654.369727000594,0.027243589743589744,0.3333333333333333,0.175789168838691
YNR016C,-1,-27.79778090119362,-3542.538970142603,0.0272,0.3333333333333333,0.17607877208224731
YDL091C,-1,-27.799201145768166,-3680.9117131233215,0.027156549520766772,0.3333333333333333,0.17636837532580366
YPR029C,0,-27.803220808506012,-3530.4159161895514,0.027156549520766772,0.3333333333333333,0.17636837532580366
YDL133C-A,0,-27.80576679110527,-3306.868175253272,0.027156549520766772,0.3333333333333333,0.17636837532580366
YGR134W,-1,-27.814388066530228,-3409.699025914073,0.02711323763955343,0.3333333333333333,0.17665797856935997
YDR226W,0,-27.815444737672806,-3415.4303715229034,0.02711323763955343,0.3333333333333333,0.17665797856935997
YLR285W,-1,-27.843931287527084,-3488.7070309370756,0.027070063694267517,0.3333333333333333,0.1769475818129163
YCR070W,-1,-27.844727993011475,-3263.1621291339397,0.02702702702702703,0.3333333333333333,0.17723718505647262
YBL025W,-1,-27.860011518001556,-3642.2836822271347,0.026984126984126985,0.3333333333333333,0.17752678830002896
YAL022C,0,-27.86068119108677,-3631.002800166607,0.026984126984126985,0.3333333333333333,0.17752678830002896
YHR107C,-1,-27.861045747995377,-3447.579679593444,0.02694136291600634,0.3333333333333333,0.17781639154358528
YER013W,-1,-27.895575627684593,-3387.803795993328,0.02689873417721519,0.3333333333333333,0.17810599478714162
YDR461W,-1,-27.907424688339233,-3325.9543934464455,0.026856240126382307,0.3333333333333333,0.17839559803069793
YGR240C,0,-27.909185022115707,-3405.7365602701902,0.026856240126382307,0.3333333333333333,0.17839559803069793
YJL031C,0,-27.90933731198311,-3644.933725580573,0.026856240126382307,0.3333333333333333,0.17839559803069793
YDR351W,0,-27.912276908755302,-3624.1615105718374,0.026856240126382307,0.3333333333333333,0.17839559803069793
YLR268W,0,-27.922318667173386,-3518.0729955881834,0.026856240126382307,0.3333333333333333,0.17839559803069793
YOR335C,-1,-27.93915206193924,-3650.572630211711,0.026813880126182965,0.3333333333333333,0.17868520127425427
YGR023W,0,-27.94117584824562,-3561.171474426985,0.026813880126182965,0.3333333333333333,0.17868520127425427
YNL154C,-1,-27.944206565618515,-3498.8425683677197,0.026771653543307086,0.3333333333333333,0.1789748045178106
YOL061W,0,-27.951232954859734,-3592.4302438497543,0.026771653543307086,0.3333333333333333,0.1789748045178106
YMR309C,-1,-27.952283427119255,-3601.8157606720924,0.026729559748427674,0.3333333333333333,0.17926440776136693
YGR155W,0,-27.95499324798584,-3394.2527085244656,0.026729559748427674,0.3333333333333333,0.17926440776136693
YLR301W,0,-27.96607518196106,-3379.59287160635,0.026729559748427674,0.3333333333333333,0.17926440776136693
YHR179W,0,-27.967627823352814,-3525.2073400616646,0.026729559748427674,0.3333333333333333,0.17926440776136693
YPL096C-A,-1,-27.96846103668213,-3309.9279268980026,0.026687598116169546,0.3333333333333333,0.17955401100492324
YNL135C,-1,-27.969564348459244,-3411.029646858573,0.02664576802507837,0.3333333333333333,0.17984361424847958
YBR193C,-1,-27.975430339574814,-3535.20306918025,0.026604068857589983,0.3333333333333333,0.18013321749203592
YGL090W,-1,-27.987729638814926,-3468.5636605620384,0.0265625,0.3333333333333333,0.18042282073559224
YGL141W,-1,-27.990698039531708,-3526.911566466093,0.0265210608424337,0.3333333333333333,0.18071242397914858
YGR044C,-1,-27.993147253990173,-3265.569441407919,0.0264797507788162,0.3333333333333333,0.1810020272227049
YDR158W,0,-28.016247481107712,-3648.6514908075333,0.0264797507788162,0.3333333333333333,0.1810020272227049
YJL003W,-1,-28.01680736243725,-3718.196700692177,0.026438569206842923,0.3333333333333333,0.18129163046626123
YOR120W,-1,-28.017456352710724,-3447.076920032501,0.026397515527950312,0.3333333333333333,0.18158123370981755
YIL140W,-1,-28.019072741270065,-3576.2213878780603,0.02635658914728682,0.3333333333333333,0.1818708369533739
YER108C,1,-28.020194947719574,-3291.6461801826954,0.02786377708978328,0.35294117647058826,0.1818708369533739
YNL298W,1,-28.02332291007042,-3619.569718390703,0.02936630602782071,0.37254901960784315,0.1818708369533739
YHR135C,-1,-28.02407932281494,-3688.941306039691,0.029320987654320986,0.37254901960784315,0.1821604401969302
YMR260C,-1,-28.02433604001999,-3620.219185754657,0.029275808936825885,0.37254901960784315,0.18245004344048654
YDR217C,-1,-28.040410608053207,-3465.7792126238346,0.02923076923076923,0.37254901960784315,0.18273964668404286
YDR288W,-1,-28.052405923604965,-3401.616372615099,0.029185867895545316,0.37254901960784315,0.1830292499275992
YLR244C,0,-28.07097002863884,-3622.245186433196,0.029185867895545316,0.37254901960784315,0.1830292499275992
YLR215C,-1,-28.077949821949005,-3424.256230801344,0.029141104294478526,0.37254901960784315,0.1833188531711555
YOR355W,-1,-28.081089168787003,-3322.949504286051,0.02909647779479326,0.37254901960784315,0.18360845641471185
YOR168W,-1,-28.082395762205124,-3500.7828005850315,0.0290519877675841,0.37254901960784315,0.18389805965826816
YMR114C,0,-28.084888964891434,-3360.301230162382,0.0290519877675841,0.37254901960784315,0.18389805965826816
YMR050C,-1,-28.099012672901154,-3345.1139182448387,0.02900763358778626,0.37254901960784315,0.1841876629018245
YKL180W,0,-28.099865287542343,-3582.3958946466446,0.02900763358778626,0.37254901960784315,0.1841876629018245
YGL124C,0,-28.1052505671978,-3522.260231912136,0.02900763358778626,0.37254901960784315,0.1841876629018245
YKR026C,-1,-28.1227864921093,-3644.455317437649,0.028963414634146343,0.37254901960784315,0.18447726614538082
YOR143C,0,-28.143695563077927,-3564.1972666680813,0.028963414634146343,0.37254901960784315,0.18447726614538082
YGL003C,-1,-28.14492279291153,-3546.3360450565815,0.0289193302891933,0.37254901960784315,0.18476686938893716
YLR019W,0,-28.146852403879166,-3580.305308327079,0.0289193302891933,0.37254901960784315,0.18476686938893716
YBR166C,0,-28.159416794776917,-3332.552957519889,0.0289193302891933,0.37254901960784315,0.18476686938893716
YEL071W,0,-28.16566950082779,-3652.220968425274,0.0289193302891933,0.37254901960784315,0.18476686938893716
YKL117W,-1,-28.16590788960457,-3637.2210568338633,0.028875379939209727,0.37254901960784315,0.18505647263249347
YGL223C,0,-28.169534161686897,-3613.5213036984205,0.028875379939209727,0.37254901960784315,0.18505647263249347
YER003C,-1,-28.171477526426315,-3626.842784076929,0.028831562974203338,0.37254901960784315,0.18534607587604982
YIL017W,-1,-28.183602541685104,-3317.4988843798637,0.02878787878787879,0.37254901960784315,0.18563567911960613
YIL103W,-1,-28.187023609876633,-3635.5766349434853,0.028744326777609682,0.37254901960784315,0.18592528236316247
YHR004C,-1,-28.193429797887802,-3700.324961140752,0.028700906344410877,0.37254901960784315,0.18621488560671878
YNL007C,-1,-28.19356545805931,-3459.8483017385006,0.02865761689291101,0.37254901960784315,0.18650448885027512
YMR314W,-1,-28.208938419818878,-3645.2401148825884,0.0286144578313253,0.37254901960784315,0.18679409209383144
YGR200C,-1,-28.214781314134598,-3793.7117297798395,0.02857142857142857,0.37254901960784315,0.18708369533738778
YBR196C,0,-28.22448480129242,-3366.799452677369,0.02857142857142857,0.37254901960784315,0.18708369533738778
YNL059C,-1,-28.234935402870178,-3358.8256791234016,0.028528528528528527,0.37254901960784315,0.18737329858094412
YDR326C,0,-28.242435693740845,-3529.2475522756577,0.028528528528528527,0.37254901960784315,0.18737329858094412
YOR133W,-1,-28.246027290821075,-3629.486664250493,0.02848575712143928,0.37254901960784315,0.18766290182450043
YPL259C,0,-28.253412395715714,-3559.37551574409,0.02848575712143928,0.37254901960784315,0.18766290182450043
YGL017W,-1,-28.26276683807373,-3356.206402733922,0.02844311377245509,0.37254901960784315,0.18795250506805677
YMR045C,-1,-28.27228981256485,-3334.2640853226185,0.028400597907324365,0.37254901960784315,0.1882421083116131
YCL030C,0,-28.28387561440468,-3578.315719664097,0.028400597907324365,0.37254901960784315,0.1882421083116131
YDR141C,0,-28.29670040309429,-3636.4996465444565,0.028400597907324365,0.37254901960784315,0.1882421083116131
YPL231W,-1,-28.30159041285515,-3605.1784446686506,0.028358208955223882,0.37254901960784315,0.18853171155516943
YDL083C,-1,-28.30432741343975,-3746.6696440577507,0.028315946348733235,0.37254901960784315,0.18882131479872574
YOL136C,0,-28.308980613946915,-3437.757503286004,0.028315946348733235,0.37254901960784315,0.18882131479872574
YGR161W-A,-1,-28.314305543899536,-3413.813959956169,0.028273809523809524,0.37254901960784315,0.18911091804228208
YLR181C,-1,-28.330588966608047,-3749.2756374031305,0.02823179791976226,0.37254901960784315,0.1894005212858384
YBR302C,0,-28.34052523970604,-3767.5890541672707,0.02823179791976226,0.37254901960784315,0.1894005212858384
YGL067W,0,-28.34860849380493,-3484.622633486986,0.02823179791976226,0.37254901960784315,0.1894005212858384
YKL092C,-1,-28.361708641052246,-3306.4755563139915,0.028189910979228485,0.37254901960784315,0.18969012452939474
YML096W,0,-28.36718598008156,-3502.0201598107815,0.028189910979228485,0.37254901960784315,0.18969012452939474
YJL035C,-1,-28.368129193782806,-3591.715596050024,0.028148148148148148,0.37254901960784315,0.18997972777295105
YOL103W-A,-1,-28.37293380498886,-3414.0623396635056,0.028106508875739646,0.37254901960784315,0.1902693310165074
YDR256C,-1,-28.375243663787842,-3436.808031991124,0.028064992614475627,0.37254901960784315,0.1905589342600637
YDR261W-A,-1,-28.3789501786232,-3414.981221616268,0.028023598820058997,0.37254901960784315,0.19084853750362005
YFL035C-B,-1,-28.39237043261528,-3298.0824771523476,0.027982326951399118,0.37254901960784315,0.19113814074717636
YCL074W,-1,-28.395588636398315,-3446.124760001898,0.027941176470588237,0.37254901960784315,0.1914277439907327
YGL153W,-1,-28.405777007341385,-3544.490286886692,0.027900146842878122,0.37254901960784315,0.19171734723428902
YGL071W,-1,-28.40881448984146,-3468.181066930294,0.02785923753665689,0.37254901960784315,0.19200695047784536
YIL083C,0,-28.409473747015,-3326.8109811246395,0.02785923753665689,0.37254901960784315,0.19200695047784536
YLR265C,-1,-28.412580341100693,-3444.4382080435753,0.027818448023426062,0.37254901960784315,0.19229655372140167
YLR342W,-1,-28.416338950395584,-3782.298664957285,0.027777777777777776,0.37254901960784315,0.192586156964958
YDL110C,0,-28.417370349168777,-3604.9432527422905,0.027777777777777776,0.37254901960784315,0.192586156964958
YER012W,-1,-28.422841757535934,-3586.329413279891,0.027737226277372264,0.37254901960784315,0.19287576020851432
YAR014C,-1,-28.42932516336441,-3431.8507646024227,0.027696793002915453,0.37254901960784315,0.19316536345207067
YMR051C,-1,-28.4407556951046,-3421.953241288662,0.027656477438136828,0.37254901960784315,0.19345496669562698
YJL151C,0,-28.454452246427536,-3727.985072553158,0.027656477438136828,0.37254901960784315,0.19345496669562698
YGL210W,-1,-28.456573724746704,-3401.9341734349728,0.027616279069767442,0.37254901960784315,0.19374456993918332
YKR078W,0,-28.46107053756714,-3463.083943992853,0.027616279069767442,0.37254901960784315,0.19374456993918332
YIR039C,0,-28.46675705909729,-3558.828559309244,0.027616279069767442,0.37254901960784315,0.19374456993918332
YGR124W,0,-28.46884998679161,-3627.8041579425335,0.027616279069767442,0.37254901960784315,0.19374456993918332
YOR192C-A,-1,-28.47031545639038,-3413.8920528292656,0.027576197387518143,0.37254901960784315,0.19403417318273963
YKL191W,-1,-28.47038608789444,-3752.1943709254265,0.02753623188405797,0.37254901960784315,0.19432377642629597
YAL062W,0,-28.470598816871643,-3719.314422354102,0.02753623188405797,0.37254901960784315,0.19432377642629597
YOL003C,0,-28.487760812044144,-3720.4226289391518,0.02753623188405797,0.37254901960784315,0.19432377642629597
YJL036W,-1,-28.4911088347435,-3463.1568113565445,0.027496382054992764,0.37254901960784315,0.19461337966985232
YHR009C,0,-28.510789960622787,-3263.6824236512184,0.027496382054992764,0.37254901960784315,0.19461337966985232
YGR027W-B,-1,-28.51627629995346,-3411.1158445477486,0.02745664739884393,0.37254901960784315,0.19490298291340863
YHR113W,0,-28.523325860500336,-3419.5763187110424,0.02745664739884393,0.37254901960784315,0.19490298291340863
YPL060C-A,-1,-28.532406628131866,-3411.025538086891,0.027417027417027416,0.37254901960784315,0.19519258615696497
YML045W,-1,-28.533218175172806,-3402.454386949539,0.027377521613832854,0.37254901960784315,0.19548218940052128
YGR122W,-1,-28.53710925579071,-3312.6728429198265,0.027338129496402876,0.37254901960784315,0.19577179264407762
YNL129W,0,-28.539418414235115,-3552.4523035883904,0.027338129496402876,0.37254901960784315,0.19577179264407762
YBL101W-B,-1,-28.545016765594482,-3417.0064187049866,0.027298850574712645,0.37254901960784315,0.19606139588763394
YJR107C-A,0,-28.545016765594482,-3417.0064187049866,0.027298850574712645,0.37254901960784315,0.19606139588763394
YBR200W-A,0,-28.545016765594482,-3417.0064187049866,0.027298850574712645,0.37254901960784315,0.19606139588763394
YCL048W-A,0,-28.545016765594482,-3417.0064187049866,0.027298850574712645,0.37254901960784315,0.19606139588763394
YDR471W,0,-28.558972269296646,-3740.3014681190252,0.027298850574712645,0.37254901960784315,0.19606139588763394
YOR036W,0,-28.563030570745468,-3596.9819097667933,0.027298850574712645,0.37254901960784315,0.19606139588763394
YBR127C,-1,-28.565215468406677,-3600.9024242907763,0.027259684361549498,0.37254901960784315,0.19635099913119028
YCL018W,0,-28.56742899119854,-3845.3175389915705,0.027259684361549498,0.37254901960784315,0.19635099913119028
YBR239C,-1,-28.57012689113617,-3443.083731740713,0.027220630372492838,0.37254901960784315,0.1966406023747466
YHR143W-A,-1,-28.583192616701126,-3798.6842665821314,0.027181688125894134,0.37254901960784315,0.19693020561830293
YER040W,-1,-28.58376532793045,-3418.3744053542614,0.027142857142857142,0.37254901960784315,0.19721980886185925
YJR139C,0,-28.589213117957115,-3634.347600236535,0.027142857142857142,0.37254901960784315,0.19721980886185925
YGL157W,0,-28.59251907467842,-3377.964461505413,0.027142857142857142,0.37254901960784315,0.19721980886185925
YOL141W,-1,-28.59681522846222,-3663.321240454912,0.02710413694721826,0.37254901960784315,0.1975094121054156
YGR247W,0,-28.60255065560341,-3529.901862964034,0.02710413694721826,0.37254901960784315,0.1975094121054156
YKL061W,0,-28.618340253829956,-3532.8746235370636,0.02710413694721826,0.37254901960784315,0.1975094121054156
YKR068C,0,-28.622641772031784,-3469.471521988511,0.02710413694721826,0.37254901960784315,0.1975094121054156
YLR438C-A,-1,-28.62712049484253,-3415.4725019931793,0.027065527065527065,0.37254901960784315,0.1977990153489719
YPL193W,-1,-28.627445727586746,-3523.252947062254,0.02702702702702703,0.37254901960784315,0.19808861859252824
YMR235C,-1,-28.632905036211014,-3512.853408098221,0.026988636363636364,0.37254901960784315,0.19837822183608456
YPL169C,-1,-28.633204355835915,-3705.935506939888,0.02695035460992908,0.37254901960784315,0.1986678250796409
YDL144C,0,-28.64432430267334,-3460.122112095356,0.02695035460992908,0.37254901960784315,0.1986678250796409
YNL233W,0,-28.651787787675858,-3366.4577248096466,0.02695035460992908,0.37254901960784315,0.1986678250796409
YER102W,-1,-28.65474072098732,-3594.3563091009855,0.026912181303116147,0.37254901960784315,0.1989574283231972
YOL098C,0,-28.655596256256104,-3461.1186389625072,0.026912181303116147,0.37254901960784315,0.1989574283231972
YOL122C,-1,-28.662381321191788,-3550.5991784781218,0.026874115983026876,0.37254901960784315,0.19924703156675355
YCR028C,-1,-28.665756404399872,-3665.354535192251,0.026836158192090395,0.37254901960784315,0.19953663481030987
YHR209W,0,-28.669641986489296,-3721.6150458306074,0.026836158192090395,0.37254901960784315,0.19953663481030987
YFR021W,0,-28.675957918167114,-3526.6041487008333,0.026836158192090395,0.37254901960784315,0.19953663481030987
YGL253W,-1,-28.690588146448135,-3542.134703576565,0.02679830747531735,0.37254901960784315,0.1998262380538662
YPL232W,-1,-28.70132987201214,-3711.9121299386024,0.02676056338028169,0.37254901960784315,0.20011584129742252
YMR291W,-1,-28.70355787873268,-3495.628480166197,0.026722925457102673,0.37254901960784315,0.20040544454097886
YKL097W-A,0,-28.706140965223312,-3306.4982389211655,0.026722925457102673,0.37254901960784315,0.20040544454097886
YOR115C,0,-28.71076625585556,-3670.1234810203314,0.026722925457102673,0.37254901960784315,0.20040544454097886
YDR210W-A,-1,-28.718116998672485,-3425.3505051136017,0.026685393258426966,0.37254901960784315,0.20069504778453517
YLR225C,-1,-28.72383263707161,-3444.6098206937313,0.02664796633941094,0.37254901960784315,0.20098465102809152
YDR098C-A,-1,-28.762826025485992,-3430.40266674757,0.02661064425770308,0.37254901960784315,0.20127425427164783
YOR018W,0,-28.777287274599075,-3396.794023051858,0.02661064425770308,0.37254901960784315,0.20127425427164783
YOR157C,-1,-28.782407760620117,-3623.9479279071093,0.026573426573426574,0.37254901960784315,0.20156385751520417
YER138C,-1,-28.785558998584747,-3448.3705474436283,0.02653631284916201,0.37254901960784315,0.2018534607587605
YBR150C,0,-28.787160754203796,-3298.7330041229725,0.02653631284916201,0.37254901960784315,0.2018534607587605
YGL232W,-1,-28.79332333803177,-3556.5547586381435,0.026499302649930265,0.37254901960784315,0.20214306400231682
YJR048W,-1,-28.799653112888336,-3486.7105141580105,0.026462395543175487,0.37254901960784315,0.20243266724587317
YJL141C,-1,-28.80233547091484,-3789.919922530651,0.02642559109874826,0.37254901960784315,0.20272227048942948
YDL123W,0,-28.8049136698246,-3660.566860869527,0.02642559109874826,0.37254901960784315,0.20272227048942948
YPL061W,-1,-28.80864955484867,-3408.9966181367636,0.02638888888888889,0.37254901960784315,0.20301187373298582
YBR084C-A,0,-28.8112895488739,-3418.94463416934,0.02638888888888889,0.37254901960784315,0.20301187373298582
YJR093C,-1,-28.82126036286354,-3541.3394031226635,0.026352288488210817,0.37254901960784315,0.20330147697654213
YMR012W,-1,-28.831993997097015,-3609.7700827270746,0.02631578947368421,0.37254901960784315,0.20359108022009847
YOR075W,0,-28.834058731794357,-3478.709320321679,0.02631578947368421,0.37254901960784315,0.20359108022009847
YNL209W,-1,-28.841083496809006,-3580.2080208808184,0.02627939142461964,0.37254901960784315,0.2038806834636548
YNL255C,0,-28.84509527683258,-3586.63225543499,0.02627939142461964,0.37254901960784315,0.2038806834636548
YPL086C,-1,-28.859078869223595,-3793.6977288126945,0.026243093922651933,0.37254901960784315,0.20417028670721113
YDR316W-B,-1,-28.86575973033905,-3430.301233589649,0.02620689655172414,0.37254901960784315,0.20445988995076744
YGL014W,-1,-28.867746621370316,-3693.2059578597546,0.026170798898071626,0.37254901960784315,0.20474949319432378
YML033W,-1,-28.870035231113434,-3307.0976659953594,0.026134800550206328,0.37254901960784315,0.2050390964378801
YKL182W,-1,-28.88393983244896,-3592.2512630075216,0.0260989010989011,0.37254901960784315,0.20532869968143644
YDR350C,0,-28.888422906398773,-3890.9224230349064,0.0260989010989011,0.37254901960784315,0.20532869968143644
YBL100W-A,-1,-28.891836166381836,-3398.123398423195,0.02606310013717421,0.37254901960784315,0.20561830292499275
YOR278W,0,-28.894244819879532,-3670.646722212434,0.02606310013717421,0.37254901960784315,0.20561830292499275
YGL220W,-1,-28.897524893283844,-3522.9951184242964,0.026027397260273973,0.37254901960784315,0.2059079061685491
YKL163W,0,-28.904622226953506,-3558.421860218048,0.026027397260273973,0.37254901960784315,0.2059079061685491
YHR141C,0,-28.920890390872955,-3572.243264257908,0.026027397260273973,0.37254901960784315,0.2059079061685491
YFR006W,0,-28.924871116876602,-3489.5474978387356,0.026027397260273973,0.37254901960784315,0.2059079061685491
YDL007W,-1,-28.93494951725006,-3592.232406824827,0.025991792065663474,0.37254901960784315,0.2061975094121054
YPL257W-A,-1,-28.9375461935997,-3434.0661336779594,0.025956284153005466,0.37254901960784315,0.20648711265566175
YFL002W-B,-1,-28.939883828163147,-3432.7008008360863,0.02592087312414734,0.37254901960784315,0.20677671589921806
YDR342C,-1,-28.95917710661888,-3621.5302307009697,0.025885558583106268,0.37254901960784315,0.2070663191427744
YGL113W,-1,-28.96477285027504,-3400.3280439674854,0.02585034013605442,0.37254901960784315,0.20735592238633072
YBR028C,-1,-28.96690434217453,-3548.850087016821,0.025815217391304348,0.37254901960784315,0.20764552562988706
YDR487C,-1,-28.97109392285347,-3489.7582342922688,0.025780189959294438,0.37254901960784315,0.20793512887344337
YLR191W,-1,-28.97354981303215,-3690.5667500197887,0.025745257452574527,0.37254901960784315,0.2082247321169997
YLR154W-A,-1,-28.97404545545578,-3460.743576705456,0.02571041948579161,0.37254901960784315,0.20851433536055602
YDL059C,-1,-28.98324105143547,-3482.460595011711,0.025675675675675677,0.37254901960784315,0.20880393860411237
YDR140W,0,-29.002915889024734,-3573.947201117873,0.025675675675675677,0.37254901960784315,0.20880393860411237
YIL129C,0,-29.011475563049316,-3739.610342025757,0.025675675675675677,0.37254901960784315,0.20880393860411237
YOL067C,-1,-29.013016790151596,-3416.3843226730824,0.02564102564102564,0.37254901960784315,0.2090935418476687
YJR010W,0,-29.01701831817627,-3554.916769772768,0.02564102564102564,0.37254901960784315,0.2090935418476687
YER146W,-1,-29.02979212999344,-3761.079395249486,0.025606469002695417,0.37254901960784315,0.20938314509122502
YGR009C,0,-29.041023790836334,-3794.050014808774,0.025606469002695417,0.37254901960784315,0.20938314509122502
YKL200C,-1,-29.048543334007263,-3351.6891765892506,0.02557200538358008,0.37254901960784315,0.20967274833478136
YMR025W,-1,-29.064480304718018,-3681.9599326848984,0.025537634408602152,0.37254901960784315,0.20996235157833767
YBR149W,0,-29.067460536956787,-3599.97483278811,0.025537634408602152,0.37254901960784315,0.20996235157833767
YFR034C,-1,-29.070498555898666,-3495.6527165472507,0.025503355704697986,0.37254901960784315,0.21025195482189402
YJL174W,0,-29.071974456310272,-3704.526537463069,0.025503355704697986,0.37254901960784315,0.21025195482189402
YBR061C,-1,-29.07809242606163,-3672.8390865027905,0.02546916890080429,0.37254901960784315,0.21054155806545033
YDR320C,0,-29.090963065624237,-3744.141424626112,0.02546916890080429,0.37254901960784315,0.21054155806545033
YIL008W,1,-29.091617047786713,-3698.594049602747,0.02677376171352075,0.39215686274509803,0.21054155806545033
YPL030W,-1,-29.095711529254913,-3722.387455880642,0.026737967914438502,0.39215686274509803,0.21083116130900667
YNL186W,-1,-29.100281596183777,-3564.094566375017,0.0267022696929239,0.39215686274509803,0.21112076455256298
YDR507C,-1,-29.11707815527916,-3630.9766393601894,0.02666666666666667,0.39215686274509803,0.21141036779611933
YJR094W-A,0,-29.12123693525791,-3617.7415892481804,0.02666666666666667,0.39215686274509803,0.21141036779611933
YNL297C,-1,-29.122503250837326,-3557.083378136158,0.02663115845539281,0.39215686274509803,0.21169997103967564
YCR060W,-1,-29.12505602836609,-3598.1143671274185,0.026595744680851064,0.39215686274509803,0.21198957428323198
YDR383C,0,-29.13041004538536,-3847.807193815708,0.026595744680851064,0.39215686274509803,0.21198957428323198
YPR021C,-1,-29.133068054914474,-3670.4756900817156,0.02656042496679947,0.39215686274509803,0.2122791775267883
YDL020C,-1,-29.138760149478912,-3676.0388381034136,0.026525198938992044,0.39215686274509803,0.21256878077034463
YDR255C,-1,-29.139041751623154,-3698.68371771276,0.026490066225165563,0.39215686274509803,0.21285838401390095
YER111C,-1,-29.142381846904755,-3573.6962501108646,0.026455026455026454,0.39215686274509803,0.2131479872574573
YGR203W,0,-29.142625480890274,-3441.983538478613,0.026455026455026454,0.39215686274509803,0.2131479872574573
YKL166C,-1,-29.14272952079773,-3645.151674002409,0.026420079260237782,0.39215686274509803,0.2134375905010136
YLR406C,0,-29.14527054131031,-3687.0934058576822,0.026420079260237782,0.39215686274509803,0.2134375905010136
YNL029C,-1,-29.149625033140182,-3795.1410173028708,0.026385224274406333,0.39215686274509803,0.21372719374456994
YGR202C,-1,-29.168972805142403,-3725.79036898911,0.026350461133069828,0.39215686274509803,0.21401679698812626
YAL038W,0,-29.17564269900322,-3566.747779145837,0.026350461133069828,0.39215686274509803,0.21401679698812626
YPL024W,-1,-29.180780440568924,-3586.7125664949417,0.02631578947368421,0.39215686274509803,0.2143064002316826
YBR005W,0,-29.185605376958847,-3545.237057939172,0.02631578947368421,0.39215686274509803,0.2143064002316826
YBR135W,-1,-29.18641486763954,-3646.0137873142958,0.026281208935611037,0.39215686274509803,0.2145960034752389
YJL142C,0,-29.20561346411705,-3757.0051451176405,0.026281208935611037,0.39215686274509803,0.2145960034752389
YGR214W,-1,-29.211721301078796,-3728.241948738694,0.026246719160104987,0.39215686274509803,0.21488560671879525
YDR407C,0,-29.21194902062416,-3656.1395496428013,0.026246719160104987,0.39215686274509803,0.21488560671879525
YBR210W,-1,-29.21967640519142,-3563.9194005280733,0.02621231979030144,0.39215686274509803,0.21517520996235157
YBL020W,-1,-29.224521294236183,-3750.6514790654182,0.02617801047120419,0.39215686274509803,0.2154648132059079
YDR419W,-1,-29.233599931001663,-3399.253245383501,0.026143790849673203,0.39215686274509803,0.21575441644946422
YDR499W,-1,-29.234577119350433,-3631.8605830818415,0.02610966057441253,0.39215686274509803,0.21604401969302056
YHR050W,-1,-29.236033380031586,-3746.1265253573656,0.02607561929595828,0.39215686274509803,0.2163336229365769
YPL186C,0,-29.25010821223259,-3695.280519068241,0.02607561929595828,0.39215686274509803,0.2163336229365769
YAL029C,0,-29.255061745643616,-3719.5497446507215,0.02607561929595828,0.39215686274509803,0.2163336229365769
YKL183W,-1,-29.258181184530258,-3837.512741908431,0.026041666666666668,0.39215686274509803,0.21662322618013322
YJL136C,-1,-29.26247237622738,-3703.731526836753,0.02600780234070221,0.39215686274509803,0.21691282942368956
YDR315C,-1,-29.26644104719162,-3807.332131162286,0.025974025974025976,0.39215686274509803,0.21720243266724587
YGL137W,-1,-29.28702414035797,-3661.258973017335,0.02594033722438392,0.39215686274509803,0.2174920359108022
YGR189C,0,-29.29512107372284,-3594.7499428987503,0.02594033722438392,0.39215686274509803,0.2174920359108022
YER155C,-1,-29.30316311120987,-3486.3425169438124,0.025906735751295335,0.39215686274509803,0.21778163915435853
YGL046W,1,-29.303219318389893,-3429.995505928993,0.027166882276843468,0.4117647058823529,0.21778163915435853
YKL141W,-1,-29.308417841792107,-3711.7938556969166,0.027131782945736434,0.4117647058823529,0.21807124239791487
YOR234C,0,-29.347438037395477,-3814.7948561012745,0.027131782945736434,0.4117647058823529,0.21807124239791487
YGR261C,0,-29.356315970420837,-3705.6914663761854,0.027131782945736434,0.4117647058823529,0.21807124239791487
YNL080C,-1,-29.36093981564045,-3910.4792844057083,0.027096774193548386,0.4117647058823529,0.21836084564147118
YJR027W,-1,-29.36368554830551,-3481.49608707428,0.027061855670103094,0.4117647058823529,0.21865044888502752
YKL152C,0,-29.366011828184128,-3426.728337496519,0.027061855670103094,0.4117647058823529,0.21865044888502752
YLR452C,-1,-29.367437928915024,-3420.881789326668,0.02702702702702703,0.4117647058823529,0.21894005212858383
YLR263W,-1,-29.367741495370865,-3548.2379011809826,0.02699228791773779,0.4117647058823529,0.21922965537214018
YDL220C,0,-29.367952525615692,-3564.8475536704063,0.02699228791773779,0.4117647058823529,0.21922965537214018
YDR450W,-1,-29.371619433164597,-3659.549167647958,0.026957637997432605,0.4117647058823529,0.2195192586156965
YJR119C,0,-29.39050915837288,-3651.9897961616516,0.026957637997432605,0.4117647058823529,0.2195192586156965
YPL204W,-1,-29.41518321633339,-3485.111965432763,0.026923076923076925,0.4117647058823529,0.21980886185925283
YJL121C,0,-29.428455650806427,-3633.725134283304,0.026923076923076925,0.4117647058823529,0.21980886185925283
YDR244W,-1,-29.435885697603226,-3641.3792152404785,0.026888604353393086,0.4117647058823529,0.22009846510280914
YIL048W,-1,-29.437130138278008,-3726.1858026087284,0.026854219948849106,0.4117647058823529,0.22038806834636548
YNL281W,-1,-29.445591747760773,-3598.1348738521338,0.02681992337164751,0.4117647058823529,0.2206776715899218
YLR384C,-1,-29.45129892230034,-3752.379902139306,0.026785714285714284,0.4117647058823529,0.22096727483347814
YNL250W,-1,-29.45641952753067,-3529.836641803384,0.0267515923566879,0.4117647058823529,0.22125687807703445
YML106W,0,-29.468529045581818,-3586.08887809515,0.0267515923566879,0.4117647058823529,0.22125687807703445
YJR108W,-1,-29.470057100057602,-3732.6446685940027,0.026717557251908396,0.4117647058823529,0.2215464813205908
YMR266W,-1,-29.47742983698845,-3767.455711096525,0.026683608640406607,0.4117647058823529,0.2218360845641471
YOR219C,0,-29.488958716392517,-3788.7195087373257,0.026683608640406607,0.4117647058823529,0.2218360845641471
YDR023W,-1,-29.493149310350418,-3686.9125826507807,0.0266497461928934,0.4117647058823529,0.22212568780770345
YKL174C,-1,-29.509780794382095,-3871.7687901705503,0.026615969581749048,0.4117647058823529,0.22241529105125976
YPL283C,-1,-29.5227472782135,-3643.809734851122,0.026582278481012658,0.4117647058823529,0.2227048942948161
YPL139C,-1,-29.524584978818893,-3425.6636245548725,0.02654867256637168,0.4117647058823529,0.22299449753837242
YGR170W,-1,-29.524852707982063,-3643.5207092761993,0.026515151515151516,0.4117647058823529,0.22328410078192876
YDR429C,-1,-29.52523973584175,-3727.0726250112057,0.02648171500630517,0.4117647058823529,0.2235737040254851
YDR182W,-1,-29.528346329927444,-3719.731335654855,0.02644836272040302,0.4117647058823529,0.2238633072690414
YCL060C,-1,-29.529971480369568,-3500.9409043192863,0.026415094339622643,0.4117647058823529,0.22415291051259775
YJR043C,-1,-29.531175643205643,-3673.1334361881018,0.026381909547738693,0.4117647058823529,0.22444251375615407
YMR197C,0,-29.551469713449478,-3713.8625877201557,0.026381909547738693,0.4117647058823529,0.22444251375615407
YJR047C,-1,-29.551740497350693,-3565.082771062851,0.026348808030112924,0.4117647058823529,0.2247321169997104
YJR029W,-1,-29.551844984292984,-3531.8791532218456,0.02631578947368421,0.4117647058823529,0.22502172024326672
YMR046C,-1,-29.560765206813812,-3514.64595413208,0.026282853566958697,0.4117647058823529,0.22531132348682306
YER091C,0,-29.569613873958588,-3528.459364026785,0.026282853566958697,0.4117647058823529,0.22531132348682306
YDR443C,-1,-29.583237946033478,-3451.0955199748278,0.02625,0.4117647058823529,0.22560092673037938
YNL289W,-1,-29.585878789424896,-3740.642202079296,0.026217228464419477,0.4117647058823529,0.22589052997393572
YJR022W,-1,-29.596845626831055,-3491.1246000677347,0.026184538653366583,0.4117647058823529,0.22618013321749203
YJR067C,-1,-29.599067598581314,-3613.450381308794,0.026151930261519303,0.4117647058823529,0.22646973646104837
YBL100W-B,-1,-29.61287170648575,-3451.253391236067,0.026119402985074626,0.4117647058823529,0.22675933970460468
YKR099C-A,0,-29.612951517105103,-3411.2969175577164,0.026119402985074626,0.4117647058823529,0.22675933970460468
YPL226W,0,-29.618148922920227,-3995.261510387063,0.026119402985074626,0.4117647058823529,0.22675933970460468
YIL172C,0,-29.64031946659088,-3573.174548894167,0.026119402985074626,0.4117647058823529,0.22675933970460468
YDR447C,-1,-29.641389191150665,-3650.9636500626802,0.02608695652173913,0.4117647058823529,0.22704894294816103
YBL014C,-1,-29.658242508769035,-3787.496054932475,0.026054590570719603,0.4117647058823529,0.22733854619171734
YLR075W,-1,-29.658947467803955,-3771.76085396111,0.026022304832713755,0.4117647058823529,0.22762814943527368
YOR080W,1,-29.667614668607712,-3721.0676490068436,0.027227722772277228,0.43137254901960786,0.22762814943527368
YGR296W,-1,-29.6702438890934,-3687.434345319867,0.027194066749072928,0.43137254901960786,0.22791775267883
YGR120C,0,-29.68187454342842,-3805.6501698940992,0.027194066749072928,0.43137254901960786,0.22791775267883
YDL082W,0,-29.71717631816864,-3865.1055449843407,0.027194066749072928,0.43137254901960786,0.22791775267883
YDL097C,-1,-29.738541662693024,-3595.191331744194,0.027160493827160494,0.43137254901960786,0.22820735592238633
YLR035C,-1,-29.743972957134247,-3547.5005395561457,0.027127003699136867,0.43137254901960786,0.22849695916594265
YDR252W,-1,-29.747078120708466,-3558.6840078532696,0.027093596059113302,0.43137254901960786,0.228786562409499
YDR533C,0,-29.754556864500046,-3604.057926699519,0.027093596059113302,0.43137254901960786,0.228786562409499
YBR254C,0,-29.762307733297348,-3795.2525419145823,0.027093596059113302,0.43137254901960786,0.228786562409499
YIL150C,-1,-29.77670630812645,-3710.789877742529,0.02706027060270603,0.43137254901960786,0.2290761656530553
YHR096C,-1,-29.780059278011322,-3765.589902922511,0.02702702702702703,0.43137254901960786,0.22936576889661164
YHR058C,-1,-29.792306572198868,-3531.560054153204,0.026993865030674847,0.43137254901960786,0.22965537214016796
YOR312C,0,-29.796825289726257,-3583.6062994599342,0.026993865030674847,0.43137254901960786,0.22965537214016796
YPR031W,0,-29.799655199050903,-3517.4952797293663,0.026993865030674847,0.43137254901960786,0.22965537214016796
YJL145W,-1,-29.802436619997025,-3651.298360839486,0.02696078431372549,0.43137254901960786,0.2299449753837243
YLR391W,0,-29.8077272772789,-3538.439231991768,0.02696078431372549,0.43137254901960786,0.2299449753837243
YGR167W,-1,-29.833894222974777,-3579.290428698063,0.02692778457772338,0.43137254901960786,0.23023457862728064
YOR288C,-1,-29.837796837091446,-3636.5710905343294,0.02689486552567237,0.43137254901960786,0.23052418187083695
YIL147C,-1,-29.838894739747047,-3760.2093240469694,0.026862026862026864,0.43137254901960786,0.2308137851143933
YBR060C,-1,-29.844198167324066,-3641.3117003142834,0.026829268292682926,0.43137254901960786,0.2311033883579496
YOL147C,-1,-29.84749999642372,-3893.4736756831408,0.02679658952496955,0.43137254901960786,0.23139299160150595
YMR227C,-1,-29.84805926680565,-3573.242405384779,0.0267639902676399,0.43137254901960786,0.23168259484506226
YDL017W,-1,-29.85407930612564,-3646.0949905514717,0.026731470230862697,0.43137254901960786,0.2319721980886186
YML021C,-1,-29.858381181955338,-3684.6391303241253,0.02669902912621359,0.43137254901960786,0.23226180133217492
YGR281W,0,-29.875395625829697,-3689.4205280691385,0.02669902912621359,0.43137254901960786,0.23226180133217492
YKL002W,-1,-29.88249385356903,-3559.1925861239433,0.02666666666666667,0.43137254901960786,0.23255140457573126
YNL101W,-1,-29.88378517329693,-3702.6525498628616,0.026634382566585957,0.43137254901960786,0.23284100781928757
YJL048C,-1,-29.90919265151024,-3812.27544285357,0.026602176541717048,0.43137254901960786,0.2331306110628439
YNL130C,-1,-29.91423687338829,-3824.2084415853024,0.026570048309178744,0.43137254901960786,0.23342021430640023
YMR183C,0,-29.915764838457108,-3617.992652475834,0.026570048309178744,0.43137254901960786,0.23342021430640023
YHR034C,-1,-29.917359858751297,-3561.1617591381073,0.026537997587454766,0.43137254901960786,0.23370981754995657
YIR011C,-1,-29.9177188873291,-3650.0471369475126,0.02650602409638554,0.43137254901960786,0.23399942079351288
YEL013W,-1,-29.928193032741547,-3936.3375806063414,0.026474127557160047,0.43137254901960786,0.23428902403706922
YJL026W,-1,-29.931983172893524,-3449.273922532797,0.026442307692307692,0.43137254901960786,0.23457862728062553
YLR312C-B,-1,-29.945268988609314,-3616.4086452126503,0.026410564225690276,0.43137254901960786,0.23486823052418188
YGR253C,-1,-29.96696564555168,-3655.5707869827747,0.026378896882494004,0.43137254901960786,0.2351578337677382
YER005W,-1,-29.968158692121506,-3693.6967999339104,0.026347305389221556,0.43137254901960786,0.23544743701129453
YER021W,-1,-29.970522239804268,-3675.8045695126057,0.02631578947368421,0.43137254901960786,0.23573704025485084
YLR209C,0,-29.979335606098175,-3717.2955958098173,0.02631578947368421,0.43137254901960786,0.23573704025485084
YBR121C,-1,-29.979805678129196,-3598.3184440135956,0.026284348864994027,0.43137254901960786,0.23602664349840718
YIL023C,-1,-29.981897801160812,-3859.0489513874054,0.026252983293556086,0.43137254901960786,0.2363162467419635
YER114C,0,-29.987448126077652,-3834.3728252649307,0.026252983293556086,0.43137254901960786,0.2363162467419635
YNL263C,0,-29.989778697490692,-3555.2146739065647,0.026252983293556086,0.43137254901960786,0.2363162467419635
YHR082C,-1,-30.00320115685463,-3557.390158072114,0.026221692491060787,0.43137254901960786,0.23660584998551984
YNL336W,0,-30.005576491355896,-3932.9171725213528,0.026221692491060787,0.43137254901960786,0.23660584998551984
YLR459W,-1,-30.00708442926407,-3780.0907640606165,0.02619047619047619,0.43137254901960786,0.23689545322907615
YHR178W,-1,-30.014813274145126,-3667.2386037111282,0.026159334126040427,0.43137254901960786,0.2371850564726325
YER025W,-1,-30.0178734511137,-3743.965844973922,0.026128266033254157,0.43137254901960786,0.23747465971618884
YIL082W-A,-1,-30.02986741065979,-3486.7962551414967,0.02609727164887307,0.43137254901960786,0.23776426295974515
YDL022W,-1,-30.036649733781815,-3719.0830545574427,0.026066350710900472,0.43137254901960786,0.2380538662033015
YMR035W,-1,-30.037563025951385,-3792.6975960433483,0.02603550295857988,0.43137254901960786,0.2383434694468578
YJL056C,-1,-30.043526470661163,-3575.0707051754,0.026004728132387706,0.43137254901960786,0.23863307269041414
YDR051C,-1,-30.044023662805557,-3761.732538551092,0.025974025974025976,0.43137254901960786,0.23892267593397046
YKR050W,-1,-30.048595160245895,-3778.2319608032703,0.025943396226415096,0.43137254901960786,0.2392122791775268
YDL236W,-1,-30.061054319143295,-3523.700894743204,0.02591283863368669,0.43137254901960786,0.2395018824210831
YDR510W,-1,-30.071805745363235,-3868.7845249027014,0.02588235294117647,0.43137254901960786,0.23979148566463945
YPL194W,-1,-30.09333363175392,-3597.357022225857,0.025851938895417155,0.43137254901960786,0.24008108890819577
YIL167W,0,-30.105235934257507,-3849.5667085647583,0.025851938895417155,0.43137254901960786,0.24008108890819577
YGL125W,0,-30.120969355106354,-3568.5746572315693,0.025851938895417155,0.43137254901960786,0.24008108890819577
YPL051W,-1,-30.12122493982315,-3691.3305405676365,0.025821596244131457,0.43137254901960786,0.2403706921517521
YPR079W,0,-30.121669679880142,-3587.889217212796,0.025821596244131457,0.43137254901960786,0.2403706921517521
YNL051W,0,-30.121916353702545,-3620.558977305889,0.025821596244131457,0.43137254901960786,0.2403706921517521
YNL026W,-1,-30.12853866815567,-3789.307379350066,0.02579132473622509,0.43137254901960786,0.24066029539530842
YNR043W,-1,-30.133077442646027,-3709.543555110693,0.02576112412177986,0.43137254901960786,0.24094989863886476
YML058W-A,-1,-30.133387506008148,-3452.5333315730095,0.025730994152046785,0.43137254901960786,0.24123950188242108
YBR082C,-1,-30.1334308385849,-3622.9056163281202,0.02570093457943925,0.43137254901960786,0.24152910512597742
YGL099W,-1,-30.137264847755432,-3892.36352096498,0.025670945157526253,0.43137254901960786,0.24181870836953373
YJR090C,-1,-30.148771822452545,-3744.0767118632793,0.02564102564102564,0.43137254901960786,0.24210831161309007
YKL135C,0,-30.152018934488297,-3727.7872422635555,0.02564102564102564,0.43137254901960786,0.24210831161309007
YKL048C,-1,-30.172802537679672,-3539.5991791188717,0.025611175785797437,0.43137254901960786,0.24239791485664638
YMR026C,-1,-30.173438042402267,-3595.3265012800694,0.02558139534883721,0.43137254901960786,0.24268751810020273
YFL056C,0,-30.176866084337234,-3812.7939451038837,0.02558139534883721,0.43137254901960786,0.24268751810020273
YJL165C,-1,-30.19097924232483,-3795.1309222579002,0.025551684088269456,0.43137254901960786,0.24297712134375904
YNL207W,-1,-30.19532561302185,-3856.665001437068,0.025522041763341066,0.43137254901960786,0.24326672458731538
YCL024W,-1,-30.2012687176466,-3568.7897015213966,0.02549246813441483,0.43137254901960786,0.2435563278308717
YOR101W,0,-30.205605685710907,-3612.4924568533897,0.02549246813441483,0.43137254901960786,0.2435563278308717
YGR234W,0,-30.21502396464348,-3793.749516144395,0.02549246813441483,0.43137254901960786,0.2435563278308717
YDR044W,0,-30.224169105291367,-3611.2011195123196,0.02549246813441483,0.43137254901960786,0.2435563278308717
YGL005C,0,-30.232236683368683,-3788.8141494989395,0.02549246813441483,0.43137254901960786,0.2435563278308717
YGL144C,-1,-30.233147472143173,-3853.7804911881685,0.02546296296296296,0.43137254901960786,0.24384593107442804
YML007W,-1,-30.234448701143265,-3808.1755500137806,0.025433526011560695,0.43137254901960786,0.24413553431798435
YGL093W,-1,-30.25283882021904,-3877.5198858082294,0.025404157043879907,0.43137254901960786,0.2444251375615407
YBR145W,0,-30.253742337226868,-3527.4780233204365,0.025404157043879907,0.43137254901960786,0.2444251375615407
YKL004W,-1,-30.2664932012558,-3868.646579518914,0.025374855824682813,0.43137254901960786,0.24471474080509703
YBR079C,-1,-30.27638950943947,-4003.3902949541807,0.02534562211981567,0.43137254901960786,0.24500434404865334
YBR097W,-1,-30.289537459611893,-3743.7685241103172,0.02531645569620253,0.43137254901960786,0.24529394729220969
YMR110C,0,-30.292511105537415,-3755.2764705717564,0.02531645569620253,0.43137254901960786,0.24529394729220969
YGR172C,0,-30.297423869371414,-3926.677683725953,0.02531645569620253,0.43137254901960786,0.24529394729220969
YPL057C,-1,-30.2983515560627,-4021.0358105152845,0.02528735632183908,0.43137254901960786,0.245583550535766
YNL024C,0,-30.31427365541458,-3604.051814109087,0.02528735632183908,0.43137254901960786,0.245583550535766
YLR026C,0,-30.319622337818146,-3937.499974742532,0.02528735632183908,0.43137254901960786,0.245583550535766
YDR531W,0,-30.323027044534683,-3620.0144422352314,0.02528735632183908,0.43137254901960786,0.245583550535766
YPL242C,-1,-30.334878504276276,-3881.241599738598,0.02525832376578645,0.43137254901960786,0.24587315377932234
YFR005C,-1,-30.34189662337303,-3625.86004152894,0.02522935779816514,0.43137254901960786,0.24616275702287865
YFL034C-A,-1,-30.34875863790512,-3907.441026046872,0.025200458190148912,0.43137254901960786,0.246452360266435
YPL065W,-1,-30.3553908765316,-3835.614903613925,0.02517162471395881,0.43137254901960786,0.2467419635099913
YHR031C,-1,-30.360864222049713,-3917.3454190790653,0.025142857142857144,0.43137254901960786,0.24703156675354765
YKL164C,0,-30.363371670246124,-3862.5802557319403,0.025142857142857144,0.43137254901960786,0.24703156675354765
YDL149W,-1,-30.36361798644066,-3771.763575538993,0.02511415525114155,0.43137254901960786,0.24732116999710396
YLR299W,0,-30.368785083293915,-3562.169798016548,0.02511415525114155,0.43137254901960786,0.24732116999710396
YJL098W,-1,-30.37700179219246,-3765.159735649824,0.02508551881413911,0.43137254901960786,0.2476107732406603
YEL005C,0,-30.377445369958878,-3870.7273104190826,0.02508551881413911,0.43137254901960786,0.2476107732406603
YHR193C,-1,-30.38572046160698,-3627.781938612461,0.025056947608200455,0.43137254901960786,0.24790037648421662
YGL002W,0,-30.39366415143013,-3672.801289230585,0.025056947608200455,0.43137254901960786,0.24790037648421662
YDR287W,0,-30.402360767126083,-3857.9906673133373,0.025056947608200455,0.43137254901960786,0.24790037648421662
YNL331C,0,-30.41037818789482,-3844.3566135913134,0.025056947608200455,0.43137254901960786,0.24790037648421662
YBR035C,-1,-30.41057315468788,-3833.709135323763,0.02502844141069397,0.43137254901960786,0.24818997972777296
YEL058W,0,-30.43166810274124,-3953.1849699914455,0.02502844141069397,0.43137254901960786,0.24818997972777296
YKR105C,-1,-30.432303726673126,-3781.3300989568233,0.025,0.43137254901960786,0.24847958297132927
YLR008C,-1,-30.43370258808136,-4006.1766793876886,0.024971623155505107,0.43137254901960786,0.2487691862148856
YNL286W,-1,-30.43478351831436,-3939.665339767933,0.024943310657596373,0.43137254901960786,0.24905878945844193
YMR170C,0,-30.436975687742233,-3734.292568862438,0.024943310657596373,0.43137254901960786,0.24905878945844193
YMR041C,0,-30.4376702606678,-3886.4150199592113,0.024943310657596373,0.43137254901960786,0.24905878945844193
YFR027W,-1,-30.438425093889236,-3603.7715956419706,0.02491506228765572,0.43137254901960786,0.24934839270199827
YKR044W,-1,-30.454514861106873,-3881.9335977882147,0.024886877828054297,0.43137254901960786,0.24963799594555458
YOL055C,0,-30.479643255472183,-3786.4623549580574,0.024886877828054297,0.43137254901960786,0.24963799594555458
YNL127W,-1,-30.491532653570175,-3653.031086206436,0.024858757062146894,0.43137254901960786,0.24992759918911092
YGL079W,-1,-30.492204695940018,-3656.4768518209457,0.024830699774266364,0.43137254901960786,0.25021720243266726
YOL052C,0,-30.492813736200333,-3753.1865166425705,0.024830699774266364,0.43137254901960786,0.25021720243266726
YGR032W,-1,-30.496280819177628,-3822.5884454101324,0.02480270574971815,0.43137254901960786,0.2505068056762236
YLR424W,-1,-30.501462936401367,-3725.031679481268,0.024774774774774775,0.43137254901960786,0.2507964089197799
YLR205C,-1,-30.505560219287872,-3807.6773942261934,0.024746906636670417,0.43137254901960786,0.2510860121633362
YNL023C,0,-30.508242577314377,-3802.923543021083,0.024746906636670417,0.43137254901960786,0.2510860121633362
YMR193W,-1,-30.50838989019394,-3938.2688021063805,0.024719101123595506,0.43137254901960786,0.25137561540689257
YBR280C,-1,-30.51294332742691,-3898.8173450529575,0.024691358024691357,0.43137254901960786,0.2516652186504489
YDL240W,0,-30.513076215982437,-3434.335160449147,0.024691358024691357,0.43137254901960786,0.2516652186504489
YDL112W,-1,-30.519786030054092,-3786.4585895985365,0.02466367713004484,0.43137254901960786,0.2519548218940052
YDL161W,-1,-30.52128392457962,-3880.3025874346495,0.02463605823068309,0.43137254901960786,0.25224442513756157
YMR079W,-1,-30.524289906024933,-3669.80760332942,0.024608501118568233,0.43137254901960786,0.2525340283811179
YLR246W,0,-30.526635974645615,-3810.5345381349325,0.024608501118568233,0.43137254901960786,0.2525340283811179
YPL189C-A,-1,-30.568373799324036,-3583.2639703452587,0.024581005586592177,0.43137254901960786,0.2528236316246742
YLR145W,-1,-30.598018139600754,-3650.354270875454,0.024553571428571428,0.43137254901960786,0.2531132348682305
YER026C,-1,-30.599315851926804,-3833.2789604216814,0.024526198439241916,0.43137254901960786,0.2534028381117869
YDL191W,0,-30.601015865802765,-3765.0408602803946,0.024526198439241916,0.43137254901960786,0.2534028381117869
YDR184C,-1,-30.60415282845497,-3986.9843964725733,0.024498886414253896,0.43137254901960786,0.2536924413553432
YLR397C,0,-30.60538686811924,-4039.639647677541,0.024498886414253896,0.43137254901960786,0.2536924413553432
YML132W,-1,-30.616317868232727,-4009.646811529994,0.024471635150166853,0.43137254901960786,0.2539820445988995
YNL308C,-1,-30.61854064464569,-3997.342945456505,0.024444444444444446,0.43137254901960786,0.2542716478424558
YNL311C,-1,-30.621357768774033,-3566.0855294167995,0.0244173140954495,0.43137254901960786,0.2545612510860122
YGR185C,-1,-30.621456995606422,-3665.7368658334017,0.024390243902439025,0.43137254901960786,0.2548508543295685
YPR132W,-1,-30.632052570581436,-3908.001305550337,0.024363233665559248,0.43137254901960786,0.2551404575731248
YDL006W,-1,-30.634953290224075,-3894.317164927721,0.024336283185840708,0.43137254901960786,0.2554300608166811
YLR467W,-1,-30.63635018467903,-3880.0514087229967,0.02430939226519337,0.43137254901960786,0.2557196640602375
YLR128W,-1,-30.652639359235764,-3756.4816837459803,0.024282560706401765,0.43137254901960786,0.2560092673037938
YKL143W,-1,-30.656060606241226,-3831.490416765213,0.024255788313120176,0.43137254901960786,0.2562988705473501
YIL044C,0,-30.657021924853325,-3644.906951650977,0.024255788313120176,0.43137254901960786,0.2562988705473501
YKR086W,-1,-30.68203377723694,-3691.6378271877766,0.024229074889867842,0.43137254901960786,0.25658847379090644
YMR159C,0,-30.685793727636337,-3939.2251357138157,0.024229074889867842,0.43137254901960786,0.25658847379090644
YPL246C,0,-30.689686208963394,-3785.0164664387703,0.024229074889867842,0.43137254901960786,0.25658847379090644
YOR299W,-1,-30.701131969690323,-3738.023993551731,0.0242024202420242,0.43137254901960786,0.2568780770344628
YPR043W,0,-30.705024510622025,-3674.847930431366,0.0242024202420242,0.43137254901960786,0.2568780770344628
YOR099W,-1,-30.70878353714943,-3854.47535713017,0.024175824175824177,0.43137254901960786,0.2571676802780191
YDR025W,-1,-30.73077169060707,-3669.9765615463257,0.024149286498353458,0.43137254901960786,0.25745728352157543
YBR273C,-1,-30.731699883937836,-3855.4230381399393,0.02412280701754386,0.43137254901960786,0.25774688676513174
YEL015W,-1,-30.741241604089737,-3818.178560525179,0.024096385542168676,0.43137254901960786,0.2580364900086881
YNR059W,-1,-30.74568846821785,-3908.396677866578,0.024070021881838075,0.43137254901960786,0.2583260932522444
YDR484W,-1,-30.75650903582573,-3774.714403986931,0.024043715846994537,0.43137254901960786,0.25861569649580074
YCR097WB,0,-30.762563228607178,-3613.4369578957558,0.024043715846994537,0.43137254901960786,0.25861569649580074
YHR211W,0,-30.76510775089264,-3689.930840715766,0.024043715846994537,0.43137254901960786,0.25861569649580074
YOR368W,-1,-30.77284599840641,-3831.4393580406904,0.024017467248908297,0.43137254901960786,0.25890529973935705
YBL027W,0,-30.79041224718094,-3720.5654287934303,0.024017467248908297,0.43137254901960786,0.25890529973935705
YIR007W,0,-30.79491063952446,-3554.420484870672,0.024017467248908297,0.43137254901960786,0.25890529973935705
YOR091W,0,-30.803488671779633,-3935.5101650953293,0.024017467248908297,0.43137254901960786,0.25890529973935705
YBR001C,0,-30.807955265045166,-3862.128680706024,0.024017467248908297,0.43137254901960786,0.25890529973935705
YHR098C,0,-30.810648679733276,-3947.3056355267763,0.024017467248908297,0.43137254901960786,0.25890529973935705
YGR077C,-1,-30.82040399312973,-3825.6674982607365,0.023991275899672846,0.43137254901960786,0.2591949029829134
YGL172W,-1,-30.8206869661808,-3967.7296932190657,0.023965141612200435,0.43137254901960786,0.25948450622646974
YER038C,-1,-30.835124850273132,-3793.930895149708,0.023939064200217627,0.43137254901960786,0.25977410947002605
YOR258W,-1,-30.840158313512802,-3705.1284085810184,0.02391304347826087,0.43137254901960786,0.2600637127135824
YLR364W,0,-30.849630802869797,-3716.986987799406,0.02391304347826087,0.43137254901960786,0.2600637127135824
YEL030W,-1,-30.85387870669365,-3810.0435867011547,0.023887079261672096,0.43137254901960786,0.26035331595713873
YJL113W,-1,-30.869458258152008,-3712.8283045887947,0.02386117136659436,0.43137254901960786,0.26064291920069504
YBR248C,-1,-30.879848301410675,-3687.359352886677,0.023835319609967497,0.43137254901960786,0.26093252244425136
YFL048C,0,-30.880341559648514,-3923.4616275280714,0.023835319609967497,0.43137254901960786,0.26093252244425136
YHR138C,-1,-30.884133756160736,-3705.1594403386116,0.023809523809523808,0.43137254901960786,0.2612221256878077
YHR216W,0,-30.888160526752472,-3828.838331192732,0.023809523809523808,0.43137254901960786,0.2612221256878077
YBL047C,-1,-30.892190843820572,-3898.0197907090187,0.023783783783783784,0.43137254901960786,0.26151172893136404
YER016W,-1,-30.892979755997658,-3767.6324686408043,0.023758099352051837,0.43137254901960786,0.26180133217492035
YGR285C,-1,-30.89864030480385,-3832.699267745018,0.023732470334412083,0.43137254901960786,0.26209093541847667
YJR145C,0,-30.915876865386963,-3727.9586595594883,0.023732470334412083,0.43137254901960786,0.26209093541847667
YEL034W,-1,-30.91736063361168,-3922.870013579726,0.023706896551724137,0.43137254901960786,0.26238053866203304
YMR232W,-1,-30.919554203748703,-3699.094865605235,0.023681377825618945,0.43137254901960786,0.26267014190558935
YEL036C,-1,-30.921534925699234,-3932.6667776852846,0.023655913978494623,0.43137254901960786,0.26295974514914566
YKL158W,0,-30.927344024181366,-3612.342999756336,0.023655913978494623,0.43137254901960786,0.26295974514914566
YJR034W,-1,-30.932832211256027,-3837.3893961161375,0.023630504833512353,0.43137254901960786,0.263249348392702
YIL095W,-1,-30.935199052095413,-3923.1742840111256,0.023605150214592276,0.43137254901960786,0.26353895163625835
YHR056C,-1,-30.93932318687439,-3812.5011506676674,0.023579849946409433,0.43137254901960786,0.26382855487981466
YJL134W,-1,-30.9395632147789,-3728.5439903736115,0.023554603854389723,0.43137254901960786,0.26411815812337097
YDR145W,-1,-30.94069415330887,-3897.103527367115,0.023529411764705882,0.43137254901960786,0.2644077613669273
YJL116C,-1,-30.942953884601593,-3883.4990423619747,0.023504273504273504,0.43137254901960786,0.26469736461048365
YJL083W,-1,-30.946202874183655,-3854.8587003201246,0.023479188900747065,0.43137254901960786,0.26498696785403997
YMR200W,-1,-30.94871811568737,-4183.613819822669,0.023454157782515993,0.43137254901960786,0.2652765710975963
YAL020C,-1,-30.955021023750305,-3858.0260997861624,0.023429179978700747,0.43137254901960786,0.2655661743411526
YJL114W,-1,-30.958021759986877,-3696.332668066025,0.023404255319148935,0.43137254901960786,0.26585577758470896
YFL005W,-1,-30.97552365064621,-3905.791533559561,0.023379383634431455,0.43137254901960786,0.2661453808282653
YKL161C,-1,-30.981399476528168,-3948.3674117326736,0.02335456475583864,0.43137254901960786,0.2664349840718216
YDL198C,-1,-30.9826722741127,-3956.8176391273737,0.02332979851537646,0.43137254901960786,0.26672458731537796
YBR158W,-1,-30.9954996407032,-3706.6877615600824,0.023305084745762712,0.43137254901960786,0.2670141905589343
YNL067W,0,-31.01657047867775,-3813.8739920705557,0.023305084745762712,0.43137254901960786,0.2670141905589343
YLR017W,0,-31.01901289820671,-3795.706572726369,0.023305084745762712,0.43137254901960786,0.2670141905589343
YBR195C,-1,-31.019325584173203,-3676.667328581214,0.02328042328042328,0.43137254901960786,0.2673037938024906
YFR051C,0,-31.020740926265717,-3746.638571858406,0.02328042328042328,0.43137254901960786,0.2673037938024906
YHR029C,0,-31.061401844024658,-3889.209923669696,0.02328042328042328,0.43137254901960786,0.2673037938024906
YJR075W,0,-31.062995851039886,-3933.823697090149,0.02328042328042328,0.43137254901960786,0.2673037938024906
YER032W,-1,-31.066395342350006,-3915.3687272816896,0.023255813953488372,0.43137254901960786,0.2675933970460469
YBR110W,-1,-31.067783802747726,-4113.9940240979195,0.023231256599788808,0.43137254901960786,0.26788300028960327
YDL010W,-1,-31.074087738990784,-3991.4971247315407,0.023206751054852322,0.43137254901960786,0.2681726035331596
YPR049C,-1,-31.074110746383667,-3865.821056306362,0.023182297154899896,0.43137254901960786,0.2684622067767159
YCR066W,-1,-31.074180364608765,-3942.7064314484596,0.023157894736842106,0.43137254901960786,0.2687518100202722
YBR126W-A,0,-31.075227081775665,-3705.5140864253044,0.023157894736842106,0.43137254901960786,0.2687518100202722
YDL184C,0,-31.076545804739,-3782.435158237815,0.023157894736842106,0.43137254901960786,0.2687518100202722
YGR152C,-1,-31.096365362405777,-3719.701549783349,0.023133543638275498,0.43137254901960786,0.2690414132638286
YER071C,0,-31.123498380184174,-3743.5797809660435,0.023133543638275498,0.43137254901960786,0.2690414132638286
YJL100W,-1,-31.131184369325638,-3882.6604772657156,0.023109243697478993,0.43137254901960786,0.2693310165073849
YOR236W,0,-31.1320957839489,-3847.4074150919914,0.023109243697478993,0.43137254901960786,0.2693310165073849
YGL229C,-1,-31.13527289032936,-3541.1423493027687,0.023084994753410283,0.43137254901960786,0.2696206197509412
YKL034W,-1,-31.141937226057053,-3857.215146139264,0.023060796645702306,0.43137254901960786,0.2699102229944975
YCR029C-A,-1,-31.14853733778,-3647.9820532798767,0.023036649214659685,0.43137254901960786,0.2701998262380539
YKL175W,-1,-31.1584390103817,-4044.8210774362087,0.02301255230125523,0.43137254901960786,0.2704894294816102
YOR056C,-1,-31.16526184976101,-4028.95580342412,0.022988505747126436,0.43137254901960786,0.2707790327251665
YGR085C,-1,-31.176056683063507,-3863.9844424277544,0.022964509394572025,0.43137254901960786,0.2710686359687228
YDR160W,-1,-31.190411627292633,-4041.4887598603964,0.022940563086548488,0.43137254901960786,0.2713582392122792
YMR268W-A,-1,-31.190610945224762,-3647.6001963615417,0.022916666666666665,0.43137254901960786,0.2716478424558355
YPL249C-A,0,-31.196666657924652,-3731.6273041069508,0.022916666666666665,0.43137254901960786,0.2716478424558355
YLL054C,0,-31.208318203687668,-3834.175683736801,0.022916666666666665,0.43137254901960786,0.2716478424558355
YIR005W,-1,-31.21378767490387,-3808.2421602606773,0.022892819979188347,0.43137254901960786,0.2719374456993918
YBR168W,-1,-31.22442254424095,-3959.6422965824604,0.02286902286902287,0.43137254901960786,0.27222704894294814
YLR037C,0,-31.224963903427124,-4006.3881423175335,0.02286902286902287,0.43137254901960786,0.27222704894294814
YGL106W,-1,-31.239554047584534,-3938.073060363531,0.02284527518172378,0.43137254901960786,0.2725166521865045
YDL036C,-1,-31.244255393743515,-3785.2133496701717,0.022821576763485476,0.43137254901960786,0.2728062554300608
YMR230W,0,-31.245134472846985,-3810.176152795553,0.022821576763485476,0.43137254901960786,0.2728062554300608
YCL014W,-1,-31.246802866458893,-3878.597069784999,0.022797927461139896,0.43137254901960786,0.27309585867361713
YIL148W,-1,-31.25136762857437,-3858.5382504314184,0.022774327122153208,0.43137254901960786,0.2733854619171735
YPL200W,-1,-31.25313225388527,-4045.7880158871412,0.022750775594622543,0.43137254901960786,0.2736750651607298
YDL134C,-1,-31.25978747010231,-3832.3966492265463,0.022727272727272728,0.43137254901960786,0.2739646684042861
YHR203C,0,-31.261378586292267,-3705.9869968891144,0.022727272727272728,0.43137254901960786,0.2739646684042861
YHR134W,-1,-31.298018723726273,-4052.8747498989105,0.022703818369453045,0.43137254901960786,0.27425427164784244
YEL046C,-1,-31.30330327153206,-4002.1148410588503,0.02268041237113402,0.43137254901960786,0.2745438748913988
YPL112C,-1,-31.3097285926342,-3885.741424202919,0.02265705458290422,0.43137254901960786,0.2748334781349551
YNL054W,-1,-31.315812319517136,-3915.6052246689796,0.02263374485596708,0.43137254901960786,0.27512308137851144
YER183C,-1,-31.3263618350029,-3863.3577684015036,0.022610483042137718,0.43137254901960786,0.27541268462206775
YEL020W-A,-1,-31.33006078004837,-3903.875418752432,0.022587268993839837,0.43137254901960786,0.2757022878656241
YML063W,-1,-31.338365763425827,-3892.593289062381,0.022564102564102566,0.43137254901960786,0.27599189110918043
YPL141C,-1,-31.33969596028328,-3687.4506545364857,0.022540983606557378,0.43137254901960786,0.27628149435273675
YER123W,-1,-31.33977934718132,-3832.6973645836115,0.022517911975435005,0.43137254901960786,0.27657109759629306
YPL012W,-1,-31.34498706459999,-3868.641847923398,0.022494887525562373,0.43137254901960786,0.2768607008398494
YMR127C,-1,-31.353454560041428,-3803.562116160989,0.02247191011235955,0.43137254901960786,0.27715030408340574
YOR193W,-1,-31.364808440208435,-3660.8378282785416,0.022448979591836733,0.43137254901960786,0.27743990732696205
YNL138W-A,-1,-31.37016859650612,-3621.0555927455425,0.022426095820591234,0.43137254901960786,0.27772951057051837
YBL078C,-1,-31.374576210975647,-4049.833005145192,0.02240325865580448,0.43137254901960786,0.27801911381407474
YDR057W,-1,-31.38320454955101,-3958.1748085021973,0.022380467955239063,0.43137254901960786,0.27830871705763105
YOL165C,0,-31.38676518201828,-3771.852392628789,0.022380467955239063,0.43137254901960786,0.27830871705763105
YPL160W,-1,-31.39471998810768,-3857.4936745017767,0.022357723577235773,0.43137254901960786,0.27859832030118736
YFL018W-A,-1,-31.39756280183792,-3687.3275211155415,0.02233502538071066,0.43137254901960786,0.2788879235447437
YDR005C,-1,-31.411929458379745,-3884.5664984583855,0.02231237322515213,0.43137254901960786,0.27917752678830005
YOR362C,-1,-31.41246622800827,-3872.6734299063683,0.022289766970618033,0.43137254901960786,0.27946713003185636
YER126C,-1,-31.41684177517891,-4151.770299419761,0.022267206477732792,0.43137254901960786,0.2797567332754127
YLR174W,-1,-31.41983127593994,-3976.2141627818346,0.022244691607684528,0.43137254901960786,0.280046336518969
YKL033W,-1,-31.43566344678402,-3843.5014990121126,0.022222222222222223,0.43137254901960786,0.28033593976252535
YDR206W,-1,-31.444708332419395,-3901.435166299343,0.022199798183652877,0.43137254901960786,0.28062554300608167
YKL088W,-1,-31.463936924934387,-3759.122969210148,0.02217741935483871,0.43137254901960786,0.280915146249638
YBL089W,-1,-31.47597423195839,-3928.3122567236423,0.022155085599194362,0.43137254901960786,0.28120474949319435
YLR448W,-1,-31.480313897132874,-4006.8678670078516,0.022132796780684104,0.43137254901960786,0.28149435273675066
YGR204W,0,-31.481961756944656,-4014.2943841814995,0.022132796780684104,0.43137254901960786,0.28149435273675066
YML071C,0,-31.48600670695305,-3994.520277917385,0.022132796780684104,0.43137254901960786,0.28149435273675066
YJR129C,-1,-31.48693335056305,-3765.281057059765,0.022110552763819097,0.43137254901960786,0.281783955980307
YCL005W-A,-1,-31.49333417415619,-3558.1680342257023,0.02208835341365462,0.43137254901960786,0.2820735592238633
YDL055C,-1,-31.496767044067383,-3927.286352068186,0.022066198595787363,0.43137254901960786,0.28236316246741966
YPL154C,0,-31.49754473567009,-3974.857586964965,0.022066198595787363,0.43137254901960786,0.28236316246741966
YLR172C,-1,-31.51108118891716,-3783.320899695158,0.022044088176352707,0.43137254901960786,0.282652765710976
YDR263C,-1,-31.513786643743515,-3786.0371595025063,0.022022022022022022,0.43137254901960786,0.2829423689545323
YDR378C,-1,-31.524688601493835,-3957.4808497726917,0.022,0.43137254901960786,0.2832319721980886
YER160C,-1,-31.52775365114212,-3756.767987459898,0.02197802197802198,0.43137254901960786,0.28352157544164497
YHL033C,0,-31.53791257739067,-3856.5010647028685,0.02197802197802198,0.43137254901960786,0.28352157544164497
YPL045W,-1,-31.540352791547775,-3873.1369345635176,0.021956087824351298,0.43137254901960786,0.2838111786852013
YOR005C,-1,-31.54823139309883,-3837.086106210947,0.02193419740777667,0.43137254901960786,0.2841007819287576
YOR257W,-1,-31.55001989006996,-3975.6009061932564,0.021912350597609563,0.43137254901960786,0.2843903851723139
YDR373W,0,-31.557047992944717,-3917.573150932789,0.021912350597609563,0.43137254901960786,0.2843903851723139
YDR289C,-1,-31.560098588466644,-3952.4133437871933,0.021890547263681594,0.43137254901960786,0.2846799884158703
YMR242C,0,-31.562195777893066,-3887.5148537904024,0.021890547263681594,0.43137254901960786,0.2846799884158703
YGL087C,-1,-31.56329819560051,-3635.9709556549788,0.02186878727634195,0.43137254901960786,0.2849695916594266
YDL154W,-1,-31.5764522254467,-3774.601235345006,0.021847070506454815,0.43137254901960786,0.2852591949029829
YMR092C,-1,-31.57738670706749,-3854.5444881618023,0.021825396825396824,0.43137254901960786,0.2855487981465392
YEL037C,-1,-31.581147730350494,-4090.741422981024,0.02180376610505451,0.43137254901960786,0.2858384013900956
YPR187W,-1,-31.600320428609848,-3888.1315142810345,0.02178217821782178,0.43137254901960786,0.2861280046336519
YOR328W,0,-31.603669106960297,-3822.554105103016,0.02178217821782178,0.43137254901960786,0.2861280046336519
YDR367W,0,-31.604897677898407,-3857.3740012943745,0.02178217821782178,0.43137254901960786,0.2861280046336519
YKR028W,-1,-31.609693869948387,-3859.8110948503017,0.021760633036597428,0.43137254901960786,0.2864176078772082
YGR162W,-1,-31.610668301582336,-3949.225099414587,0.021739130434782608,0.43137254901960786,0.2867072111207645
YNL159C,-1,-31.613207817077637,-4036.7624356746674,0.02171767028627838,0.43137254901960786,0.2869968143643209
YMR288W,-1,-31.615625351667404,-3742.1162171959877,0.021696252465483234,0.43137254901960786,0.2872864176078772
YOL031C,0,-31.622948974370956,-3868.2491091042757,0.021696252465483234,0.43137254901960786,0.2872864176078772
YDR363W,-1,-31.623114228248596,-3853.7261000573635,0.02167487684729064,0.43137254901960786,0.2875760208514335
YDR300C,0,-31.640901640057564,-3814.533963635564,0.02167487684729064,0.43137254901960786,0.2875760208514335
YLR131C,0,-31.644296646118164,-3715.1759327054024,0.02167487684729064,0.43137254901960786,0.2875760208514335
YPL085W,-1,-31.644427567720413,-3844.172378793359,0.021653543307086614,0.43137254901960786,0.2878656240949899
YJL177W,0,-31.658987671136856,-3910.7221799641848,0.021653543307086614,0.43137254901960786,0.2878656240949899
YGR086C,-1,-31.669806629419327,-4021.2385681271553,0.021632251720747297,0.43137254901960786,0.2881552273385462
YPL224C,-1,-31.68524980545044,-3833.249501004815,0.021611001964636542,0.43137254901960786,0.2884448305821025
YGL225W,-1,-31.687917679548264,-4141.470908373594,0.021589793915603533,0.43137254901960786,0.28873443382565883
YJR102C,-1,-31.691801846027374,-3840.147703498602,0.021568627450980392,0.43137254901960786,0.2890240370692152
YKL109W,0,-31.692017644643784,-3654.2971857488155,0.021568627450980392,0.43137254901960786,0.2890240370692152
YML124C,-1,-31.69509968161583,-3871.05094319582,0.021547502448579822,0.43137254901960786,0.2893136403127715
YGR181W,-1,-31.70108187198639,-3844.8829016685486,0.021526418786692758,0.43137254901960786,0.2896032435563278
YBR238C,-1,-31.737587958574295,-3849.733850777149,0.021505376344086023,0.43137254901960786,0.28989284679988414
YGR118W,-1,-31.744279116392136,-3956.7857982218266,0.021484375,0.43137254901960786,0.2901824500434405
YGR224W,-1,-31.74661496281624,-4014.955517411232,0.021463414634146343,0.43137254901960786,0.2904720532869968
YDR500C,0,-31.74953156709671,-3860.0901682674885,0.021463414634146343,0.43137254901960786,0.2904720532869968
YPL087W,-1,-31.749671310186386,-4012.1414096057415,0.021442495126705652,0.43137254901960786,0.29076165653055314
YPR094W,-1,-31.755923628807068,-3751.4910555183887,0.021421616358325218,0.43137254901960786,0.29105125977410945
YER056C-A,0,-31.757956743240356,-3769.126948297024,0.021421616358325218,0.43137254901960786,0.29105125977410945
YDR530C,0,-31.761380165815353,-4057.7551235705614,0.021421616358325218,0.43137254901960786,0.29105125977410945
YGL136C,-1,-31.767470210790634,-3994.8258232474327,0.021400778210116732,0.43137254901960786,0.2913408630176658
YPR058W,0,-31.772263631224632,-4010.054436966777,0.021400778210116732,0.43137254901960786,0.2913408630176658
YOR337W,0,-31.7765753865242,-3868.727933242917,0.021400778210116732,0.43137254901960786,0.2913408630176658
YMR119W,-1,-31.776653617620468,-3947.588014408946,0.021379980563654033,0.43137254901960786,0.29163046626122213
YGL013C,-1,-31.77858206629753,-3970.377048432827,0.021359223300970873,0.43137254901960786,0.29192006950477845
YMR194W,0,-31.778864204883575,-3950.9646029770374,0.021359223300970873,0.43137254901960786,0.29192006950477845
YLR388W,0,-31.78331133723259,-3850.331911891699,0.021359223300970873,0.43137254901960786,0.29192006950477845
YJL079C,0,-31.78842756152153,-4081.5264396965504,0.021359223300970873,0.43137254901960786,0.29192006950477845
YOR195W,-1,-31.793617397546768,-4152.3600838929415,0.02133850630455868,0.43137254901960786,0.29220967274833476
YKR053C,-1,-31.80641905963421,-3899.799509048462,0.02131782945736434,0.43137254901960786,0.29249927599189113
YLR313C,-1,-31.816566050052643,-4109.58096280694,0.021297192642787996,0.43137254901960786,0.29278887923544744
YGL201C,-1,-31.81784215569496,-3841.096572995186,0.02127659574468085,0.43137254901960786,0.29307848247900375
YNL079C,-1,-31.82032261788845,-3974.7426439374685,0.021256038647342997,0.43137254901960786,0.29336808572256007
YFL061W,0,-31.82611259818077,-3920.6971951127052,0.021256038647342997,0.43137254901960786,0.29336808572256007
YHR191C,-1,-31.832977533340454,-4144.247122377157,0.021235521235521235,0.43137254901960786,0.29365768896611644
YKL069W,-1,-31.84426110982895,-3871.5133743286133,0.021215043394406944,0.43137254901960786,0.29394729220967275
YJR026W,-1,-31.84465390443802,-3756.051561564207,0.02119460500963391,0.43137254901960786,0.29423689545322906
YDL207W,-1,-31.85165287554264,-4140.2692003548145,0.021174205967276226,0.43137254901960786,0.2945264986967854
YOR375C,0,-31.851856976747513,-4006.1873305141926,0.021174205967276226,0.43137254901960786,0.2945264986967854
YGR057C,0,-31.8603056371212,-4113.308436661959,0.021174205967276226,0.43137254901960786,0.2945264986967854
YIL052C,0,-31.86970767378807,-3815.3083207309246,0.021174205967276226,0.43137254901960786,0.2945264986967854
YER131W,0,-31.87679833173752,-4020.802135363221,0.021174205967276226,0.43137254901960786,0.2945264986967854
YCR065W,-1,-31.879168063402176,-3740.7688603699207,0.021153846153846155,0.43137254901960786,0.29481610194034175
YDR091C,-1,-31.879493176937103,-3924.0675562769175,0.021133525456292025,0.43137254901960786,0.29510570518389806
YOR079C,-1,-31.87966740131378,-3933.999465495348,0.02111324376199616,0.43137254901960786,0.2953953084274544
YAL033W,-1,-31.88191957771778,-3861.061530828476,0.02109300095877277,0.43137254901960786,0.29568491167101074
YNR032C-A,-1,-31.890409111976624,-3880.389784693718,0.0210727969348659,0.43137254901960786,0.29597451491456706
YDL061C,0,-31.890442445874214,-3921.814508229494,0.0210727969348659,0.43137254901960786,0.29597451491456706
YNL262W,-1,-31.895986258983612,-3777.5987361967564,0.021052631578947368,0.43137254901960786,0.29626411815812337
YIR034C,0,-31.899075627326965,-3698.999933540821,0.021052631578947368,0.43137254901960786,0.29626411815812337
YPL170W,-1,-31.908465415239334,-3878.364125266671,0.021032504780114723,0.43137254901960786,0.2965537214016797
YOR393W,0,-31.91326630115509,-3833.9913459420204,0.021032504780114723,0.43137254901960786,0.2965537214016797
YJL139C,-1,-31.917042151093483,-3943.274013862014,0.021012416427889206,0.43137254901960786,0.29684332464523605
YMR190C,-1,-31.918501257896423,-4183.40477065742,0.02099236641221374,0.43137254901960786,0.29713292788879236
YFR031C-A,0,-31.931480333209038,-3999.0188100785017,0.02099236641221374,0.43137254901960786,0.29713292788879236
YGL100W,0,-31.93354707956314,-3979.336009308696,0.02099236641221374,0.43137254901960786,0.29713292788879236
YLR360W,-1,-31.93491843342781,-3891.4607128053904,0.020972354623450904,0.43137254901960786,0.2974225311323487
YDL012C,0,-31.939031541347504,-3851.82733219862,0.020972354623450904,0.43137254901960786,0.2974225311323487
YKL093W,-1,-31.944126904010773,-3774.085080444813,0.02095238095238095,0.43137254901960786,0.297712134375905
YOR250C,-1,-31.949680149555206,-3882.968110650778,0.02093244529019981,0.43137254901960786,0.29800173761946136
YLR370C,-1,-31.953092247247696,-3960.4358091056347,0.02091254752851711,0.43137254901960786,0.2982913408630177
YHR173C,0,-31.956142723560333,-3917.7722705304623,0.02091254752851711,0.43137254901960786,0.2982913408630177
YNL173C,-1,-31.95830273628235,-3876.438663125038,0.020892687559354226,0.43137254901960786,0.298580944106574
YOL128C,-1,-31.963468432426453,-4238.890258863568,0.020872865275142316,0.43137254901960786,0.2988705473501303
YJR021C,-1,-31.963766485452652,-4031.5931697785854,0.02085308056872038,0.43137254901960786,0.29916015059368667
YLL016W,0,-31.9729765355587,-3894.189472615719,0.02085308056872038,0.43137254901960786,0.29916015059368667
YCL057C-A,-1,-31.975687444210052,-3791.0389608740807,0.020833333333333332,0.43137254901960786,0.299449753837243
YER119C,-1,-31.97590920329094,-3925.7046976685524,0.020813623462630087,0.43137254901960786,0.2997393570807993
YNL162W,0,-31.980891436338425,-3862.444935694337,0.020813623462630087,0.43137254901960786,0.2997393570807993
YPL241C,-1,-31.992406368255615,-4037.1486763209105,0.020793950850661626,0.43137254901960786,0.3000289603243556
YPL006W,-1,-32.00114822387695,-4096.4800004810095,0.02077431539187913,0.43137254901960786,0.300318563567912
YLR431C,-1,-32.002992898225784,-4155.946050256491,0.020754716981132074,0.43137254901960786,0.3006081668114683
YDR540C,-1,-32.00703510642052,-3847.2001607716084,0.020735155513666354,0.43137254901960786,0.3008977700550246
YMR270C,-1,-32.0083037763834,-4131.231717333198,0.02071563088512241,0.43137254901960786,0.3011873732985809
YLR058C,0,-32.009232982993126,-4079.530512943864,0.02071563088512241,0.43137254901960786,0.3011873732985809
YOL126C,-1,-32.01105326414108,-3842.5915336459875,0.020696142991533398,0.43137254901960786,0.3014769765421373
YPR128C,-1,-32.041268438100815,-3903.559229016304,0.020676691729323307,0.43137254901960786,0.3017665797856936
YKL046C,0,-32.06693285703659,-4091.7502338141203,0.020676691729323307,0.43137254901960786,0.3017665797856936
YBR276C,-1,-32.07820621132851,-4062.0160633921623,0.020657276995305163,0.43137254901960786,0.3020561830292499
YDR406W,0,-32.07911801338196,-3896.8290693312883,0.020657276995305163,0.43137254901960786,0.3020561830292499
YGR198W,-1,-32.08063852787018,-4114.447884678841,0.020637898686679174,0.43137254901960786,0.3023457862728063
YJL041W,-1,-32.08101209998131,-3813.744543224573,0.020618556701030927,0.43137254901960786,0.3026353895163626
YFL045C,0,-32.08403021097183,-4170.60314245522,0.020618556701030927,0.43137254901960786,0.3026353895163626
YAL030W,-1,-32.08690133690834,-4084.528140962124,0.020599250936329586,0.43137254901960786,0.3029249927599189
YBR012W-B,-1,-32.100056409835815,-3766.0678564608097,0.0205799812909261,0.43137254901960786,0.3032145960034752
YNL086W,0,-32.12597930431366,-3817.181595891714,0.0205799812909261,0.43137254901960786,0.3032145960034752
YBR024W,-1,-32.12981727719307,-4078.1949190199375,0.020560747663551402,0.43137254901960786,0.3035041992470316
YPL230W,-1,-32.13411909341812,-3950.0310848355293,0.02054154995331466,0.43137254901960786,0.3037938024905879
YIL020C,0,-32.14131078124046,-3942.660483211279,0.02054154995331466,0.43137254901960786,0.3037938024905879
YDR032C,0,-32.14427596330643,-3969.145260453224,0.02054154995331466,0.43137254901960786,0.3037938024905879
YKL006C-A,-1,-32.15452700853348,-3742.0249852389097,0.020522388059701493,0.43137254901960786,0.3040834057341442
YOR030W,-1,-32.15956315398216,-4085.6557244956493,0.02050326188257223,0.43137254901960786,0.30437300897770053
YNR037C,-1,-32.16339084506035,-4096.7733525931835,0.020484171322160148,0.43137254901960786,0.3046626122212569
YBR301W,0,-32.17846968770027,-4048.995745331049,0.020484171322160148,0.43137254901960786,0.3046626122212569
YCR040W,-1,-32.182035982608795,-3909.7979031205177,0.020465116279069766,0.43137254901960786,0.3049522154648132
YNL014W,-1,-32.1828248500824,-4133.291893661022,0.020446096654275093,0.43137254901960786,0.30524181870836953
YNL302C,-1,-32.18373838067055,-3893.230357915163,0.02042711234911792,0.43137254901960786,0.30553142195192584
YOR338W,-1,-32.18427097797394,-3944.1125777959824,0.02040816326530612,0.43137254901960786,0.3058210251954822
YJL159W,0,-32.20767658948898,-3907.9025639146566,0.02040816326530612,0.43137254901960786,0.3058210251954822
YKR094C,-1,-32.210495322942734,-3889.310185700655,0.020389249304911955,0.43137254901960786,0.3061106284390385
YML034W,-1,-32.21903872489929,-3949.0992012917995,0.020370370370370372,0.43137254901960786,0.30640023168259484
YDL127W,-1,-32.22078052163124,-4071.1640832722187,0.020351526364477335,0.43137254901960786,0.30668983492615115
YIL036W,-1,-32.22123038768768,-3888.042437374592,0.02033271719038817,0.43137254901960786,0.3069794381697075
YPL174C,-1,-32.22542604804039,-4179.662027686834,0.020313942751615882,0.43137254901960786,0.30726904141326383
YOL091W,-1,-32.229878664016724,-4051.2282743155956,0.02029520295202952,0.43137254901960786,0.30755864465682015
YPR118W,0,-32.23600882291794,-3832.0821231603622,0.02029520295202952,0.43137254901960786,0.30755864465682015
YDR109C,0,-32.24250876903534,-3863.4953466653824,0.02029520295202952,0.43137254901960786,0.30755864465682015
YBR155W,-1,-32.256859838962555,-4071.7527808248997,0.020276497695852536,0.43137254901960786,0.30784824790037646
YDR418W,-1,-32.25846779346466,-3964.5410724282265,0.020257826887661142,0.43137254901960786,0.30813785114393283
YBL005W-B,-1,-32.259082674980164,-3733.182404756546,0.020239190432382703,0.43137254901960786,0.30842745438748914
YKL081W,-1,-32.26225405931473,-3834.239860832691,0.02022058823529412,0.43137254901960786,0.30871705763104546
YDR439W,-1,-32.26354894042015,-3893.5810351520777,0.020202020202020204,0.43137254901960786,0.30900666087460177
YNL292W,-1,-32.276000171899796,-3953.190925717354,0.02018348623853211,0.43137254901960786,0.30929626411815814
YNL329C,-1,-32.27994245290756,-3928.83386272192,0.02016498625114574,0.43137254901960786,0.30958586736171445
YGR037C,-1,-32.28308194875717,-4029.8285911530256,0.020146520146520148,0.43137254901960786,0.30987547060527076
YJR091C,-1,-32.284242540597916,-3933.530406266451,0.020128087831655993,0.43137254901960786,0.31016507384882713
YDL019C,-1,-32.28565791249275,-4013.2997310608625,0.02010968921389397,0.43137254901960786,0.31045467709238345
YHR002W,-1,-32.28703770041466,-4013.983903169632,0.02009132420091324,0.43137254901960786,0.31074428033593976
YBL050W,-1,-32.29519009590149,-3998.175475358963,0.020072992700729927,0.43137254901960786,0.3110338835794961
YLR164W,-1,-32.29625028371811,-3867.974582105875,0.020054694621695533,0.43137254901960786,0.31132348682305244
YOR304C-A,0,-32.304230719804764,-3933.033066481352,0.020054694621695533,0.43137254901960786,0.31132348682305244
YER113C,1,-32.31059330701828,-3915.1343000233173,0.020947176684881604,0.45098039215686275,0.31132348682305244
YGL027C,-1,-32.315224438905716,-4101.722226336598,0.020928116469517744,0.45098039215686275,0.31161309006660876
YKL006W,0,-32.31663824617863,-3990.2278396636248,0.020928116469517744,0.45098039215686275,0.31161309006660876
YPR082C,-1,-32.31763234734535,-4077.610392600298,0.02090909090909091,0.45098039215686275,0.31190269331016507
YCL039W,-1,-32.322173207998276,-3888.82986164093,0.02089009990917348,0.45098039215686275,0.3121922965537214
YOR336W,-1,-32.336126416921616,-4095.5702813863754,0.020871143375680582,0.45098039215686275,0.31248189979727775
YCL019W,-1,-32.338502287864685,-3794.6508111059666,0.02085222121486854,0.45098039215686275,0.31277150304083406
YPR102C,-1,-32.34221884608269,-3995.9570785462856,0.020833333333333332,0.45098039215686275,0.3130611062843904
YPL206C,-1,-32.34784349799156,-4013.5579392313957,0.02081447963800905,0.45098039215686275,0.3133507095279467
YGL240W,-1,-32.356207966804504,-3882.5145828425884,0.020795660036166366,0.45098039215686275,0.31364031277150306
YDR084C,0,-32.35966110229492,-3835.5443180799484,0.020795660036166366,0.45098039215686275,0.31364031277150306
YGR227W,-1,-32.36674836277962,-4083.621679201722,0.02077687443541102,0.45098039215686275,0.3139299160150594
YDR273W,-1,-32.37128007411957,-3991.7728417515755,0.02075812274368231,0.45098039215686275,0.3142195192586157
YKL148C,-1,-32.37221002578735,-3932.665629565716,0.020739404869251576,0.45098039215686275,0.314509122502172
YNL192W,0,-32.372216522693634,-3964.3390128314495,0.020739404869251576,0.45098039215686275,0.314509122502172
YGL053W,-1,-32.37775021791458,-4058.8338385224342,0.02072072072072072,0.45098039215686275,0.31479872574572837
YML037C,0,-32.381717920303345,-3898.309951931238,0.02072072072072072,0.45098039215686275,0.31479872574572837
YBR250W,0,-32.383727848529816,-4171.265567779541,0.02072072072072072,0.45098039215686275,0.31479872574572837
YGR070W,-1,-32.38388040661812,-4097.929129570723,0.020702070207020702,0.45098039215686275,0.3150883289892847
YGR158C,-1,-32.39732697606087,-4024.787547439337,0.02068345323741007,0.45098039215686275,0.315377932232841
YER109C,1,-32.406745076179504,-4023.577040180564,0.0215633423180593,0.47058823529411764,0.315377932232841
YLL066C,0,-32.41272646188736,-3956.2465146780014,0.0215633423180593,0.47058823529411764,0.315377932232841
YFL050C,-1,-32.421482011675835,-4067.761481076479,0.02154398563734291,0.47058823529411764,0.3156675354763973
YOR323C,0,-32.42316493391991,-4051.670385479927,0.02154398563734291,0.47058823529411764,0.3156675354763973
YPL066W,0,-32.42927134037018,-3889.1691026985645,0.02154398563734291,0.47058823529411764,0.3156675354763973
YOL026C,-1,-32.431877583265305,-4084.8263291418552,0.021524663677130046,0.47058823529411764,0.3159571387199537
YBR048W,-1,-32.43213441967964,-3888.015624463558,0.021505376344086023,0.47058823529411764,0.31624674196351
YPL115C,1,-32.43337029218674,-3949.1197857558727,0.022381378692927483,0.49019607843137253,0.31624674196351
YLR185W,0,-32.43710985779762,-3857.064075022936,0.022381378692927483,0.49019607843137253,0.31624674196351
YHR161C,-1,-32.43715184926987,-4130.88970336318,0.022361359570661897,0.49019607843137253,0.3165363452070663
YIL173W,0,-32.44185122847557,-4005.145294070244,0.022361359570661897,0.49019607843137253,0.3165363452070663
YOR028C,-1,-32.45364519953728,-4095.3875359892845,0.022341376228775692,0.49019607843137253,0.3168259484506227
YDR246W,0,-32.475346863269806,-3899.09407800436,0.022341376228775692,0.49019607843137253,0.3168259484506227
YPL111W,-1,-32.47641795873642,-3807.151981204748,0.022321428571428572,0.49019607843137253,0.317115551694179
YGR027C,0,-32.47762221097946,-3851.135954916477,0.022321428571428572,0.49019607843137253,0.317115551694179
YLL019C,-1,-32.479891896247864,-4189.267598211765,0.02230151650312221,0.49019607843137253,0.3174051549377353
YIL014W,-1,-32.486115515232086,-4075.4237667024136,0.022281639928698752,0.49019607843137253,0.3176947581812916
YLR352W,-1,-32.488766610622406,-3912.1347710490227,0.02226179875333927,0.49019607843137253,0.317984361424848
YKR042W,-1,-32.49011871218681,-4073.773555099964,0.02224199288256228,0.49019607843137253,0.3182739646684043
YPL258C,0,-32.491021513938904,-3943.118812263012,0.02224199288256228,0.49019607843137253,0.3182739646684043
YOR382W,-1,-32.493461817502975,-3878.446015417576,0.022222222222222223,0.49019607843137253,0.3185635679119606
YMR262W,0,-32.50297957658768,-3924.7101593613625,0.022222222222222223,0.49019607843137253,0.3185635679119606
YHR122W,-1,-32.505353540182114,-3941.360425055027,0.022202486678507993,0.49019607843137253,0.3188531711555169
YCR091W,-1,-32.51821920275688,-4093.7050140053034,0.022182786157941437,0.49019607843137253,0.3191427743990733
YLR316C,-1,-32.52330952882767,-4093.5727488845587,0.022163120567375887,0.49019607843137253,0.3194323776426296
YGL198W,0,-32.5296134352684,-3922.9918327629566,0.022163120567375887,0.49019607843137253,0.3194323776426296
YDR349C,0,-32.533373549580574,-4147.413890555501,0.022163120567375887,0.49019607843137253,0.3194323776426296
YNL301C,0,-32.53396192193031,-3864.899296283722,0.022163120567375887,0.49019607843137253,0.3194323776426296
YKR079C,-1,-32.537046164274216,-3941.8034797161818,0.022143489813994686,0.49019607843137253,0.3197219808861859
YGR002C,-1,-32.53778010606766,-4142.802682459354,0.022123893805309734,0.49019607843137253,0.32001158412974223
YKL198C,-1,-32.54893383383751,-4121.8038389235735,0.022104332449160036,0.49019607843137253,0.3203011873732986
YLR234W,-1,-32.55114084482193,-3811.8659973442554,0.022084805653710248,0.49019607843137253,0.3205907906168549
YGR014W,-1,-32.56687045097351,-4038.451438188553,0.02206531332744925,0.49019607843137253,0.32088039386041123
YKL199C,-1,-32.57629597187042,-3962.3190157711506,0.02204585537918871,0.49019607843137253,0.32116999710396754
YMR086W,0,-32.577990770339966,-3884.578648120165,0.02204585537918871,0.49019607843137253,0.32116999710396754
YNL339C,-1,-32.58699867129326,-3972.3246017098427,0.022026431718061675,0.49019607843137253,0.3214596003475239
YDR338C,0,-32.589100897312164,-3763.0383494198322,0.022026431718061675,0.49019607843137253,0.3214596003475239
YKL024C,0,-32.59438198804855,-3934.7114577293396,0.022026431718061675,0.49019607843137253,0.3214596003475239
YGR209C,-1,-32.597371846437454,-3806.6033696830273,0.022007042253521125,0.49019607843137253,0.3217492035910802
YOL011W,-1,-32.59947285056114,-4078.33117800951,0.02198768689533861,0.49019607843137253,0.32203880683463654
YHL001W,0,-32.60065659880638,-4109.746406763792,0.02198768689533861,0.49019607843137253,0.32203880683463654
YER174C,-1,-32.60076317191124,-3701.9838062226772,0.021968365553602813,0.49019607843137253,0.32232841007819285
YGR001C,0,-32.60214927792549,-3991.7784040272236,0.021968365553602813,0.49019607843137253,0.32232841007819285
YHR170W,-1,-32.60573571920395,-4202.412954986095,0.021949078138718173,0.49019607843137253,0.3226180133217492
YNL047C,-1,-32.606505781412125,-3908.9246395230293,0.021929824561403508,0.49019607843137253,0.32290761656530553
YDR323C,-1,-32.607854813337326,-3931.0932931005955,0.021910604732690624,0.49019607843137253,0.32319721980886185
YOR372C,-1,-32.60803148150444,-4034.146969124675,0.021891418563922942,0.49019607843137253,0.32348682305241816
YPL171C,0,-32.60834211111069,-4122.986777082086,0.021891418563922942,0.49019607843137253,0.32348682305241816
YNL304W,-1,-32.616491585969925,-3851.53051546216,0.021872265966754154,0.49019607843137253,0.32377642629597453
YBR257W,-1,-32.61833828687668,-4263.854293331504,0.021853146853146852,0.49019607843137253,0.32406602953953084
YGL092W,-1,-32.6228751540184,-4117.680909872055,0.021834061135371178,0.49019607843137253,0.32435563278308716
YCR043C,0,-32.62696623802185,-3929.9757708907127,0.021834061135371178,0.49019607843137253,0.32435563278308716
YCL043C,-1,-32.63641384243965,-4025.69383713603,0.02181500872600349,0.49019607843137253,0.3246452360266435
YKL015W,-1,-32.6457624733448,-3963.3295537382364,0.021795989537925022,0.49019607843137253,0.32493483927019984
YER110C,0,-32.65268975496292,-3924.352169573307,0.021795989537925022,0.49019607843137253,0.32493483927019984
YLR429W,-1,-32.65965515375137,-3991.129428192973,0.02177700348432056,0.49019607843137253,0.32522444251375615
YDR039C,-1,-32.66276556253433,-3993.5499150156975,0.02175805047867711,0.49019607843137253,0.32551404575731246
YBL079W,-1,-32.662774473428726,-4071.593907132745,0.021739130434782608,0.49019607843137253,0.32580364900086883
YBL004W,-1,-32.672611728310585,-4145.18815086782,0.021720243266724587,0.49019607843137253,0.32609325224442515
YER144C,-1,-32.67367523908615,-4177.064760714769,0.021701388888888888,0.49019607843137253,0.32638285548798146
YJR045C,-1,-32.68949657678604,-4100.852164492011,0.02168256721595837,0.49019607843137253,0.3266724587315378
YOR339C,-1,-32.69704359769821,-4163.275120615959,0.021663778162911613,0.49019607843137253,0.32696206197509414
YMR298W,-1,-32.702425330877304,-4033.517881780863,0.021645021645021644,0.49019607843137253,0.32725166521865046
YDL111C,-1,-32.70942474901676,-4140.784261614084,0.02162629757785467,0.49019607843137253,0.32754126846220677
YPR106W,-1,-32.714083194732666,-3863.936864107847,0.021607605877268798,0.49019607843137253,0.3278308717057631
YLR419W,-1,-32.71883514523506,-4006.763987272978,0.02158894645941278,0.49019607843137253,0.32812047494931945
YML121W,-1,-32.724641650915146,-4061.182683110237,0.021570319240724764,0.49019607843137253,0.32841007819287577
YLR361C,-1,-32.7254673242569,-3965.2429238557816,0.021551724137931036,0.49019607843137253,0.3286996814364321
YKR098C,-1,-32.72837495803833,-3965.017118602991,0.02153316106804479,0.49019607843137253,0.3289892846799884
YDL058W,0,-32.72978952527046,-4033.447510063648,0.02153316106804479,0.49019607843137253,0.3289892846799884
YMR322C,0,-32.73189032077789,-4087.7382020503283,0.02153316106804479,0.49019607843137253,0.3289892846799884
YLR047C,-1,-32.73659819364548,-4142.307863786817,0.021514629948364887,0.49019607843137253,0.32927888792354476
YBR133C,-1,-32.7603956758976,-3807.0716240108013,0.021496130696474634,0.49019607843137253,0.3295684911671011
YJR019C,-1,-32.7639302611351,-4040.472121760249,0.02147766323024055,0.49019607843137253,0.3298580944106574
YER019W,-1,-32.78228694200516,-4040.6884535998106,0.02145922746781116,0.49019607843137253,0.3301476976542137
YOR222W,0,-32.785158932209015,-4148.240680024028,0.02145922746781116,0.49019607843137253,0.3301476976542137
YMR233W,-1,-32.79193705320358,-4324.972438007593,0.02144082332761578,0.49019607843137253,0.33043730089777007
YPL208W,0,-32.799690783023834,-3826.635389059782,0.02144082332761578,0.49019607843137253,0.33043730089777007
YDR222W,-1,-32.80622187256813,-3932.68719252944,0.021422450728363324,0.49019607843137253,0.3307269041413264
YJL103C,-1,-32.80767744779587,-4209.932304143906,0.021404109589041095,0.49019607843137253,0.3310165073848827
YLR450W,-1,-32.80890813469887,-4204.20800794661,0.0213857998289136,0.49019607843137253,0.33130611062843907
YKL084W,-1,-32.817761331796646,-3911.95069514215,0.021367521367521368,0.49019607843137253,0.3315957138719954
YDR454C,0,-32.83165621757507,-4253.735606715083,0.021367521367521368,0.49019607843137253,0.3315957138719954
YJR066W,-1,-32.8329913020134,-3931.0202057659626,0.02134927412467976,0.49019607843137253,0.3318853171155517
YCR021C,-1,-32.83950191736221,-3965.3869921267033,0.021331058020477817,0.49019607843137253,0.332174920359108
YGL083W,-1,-32.84259435534477,-3978.416525259614,0.021312872975277068,0.49019607843137253,0.3324645236026644
YGR133W,-1,-32.854530811309814,-4011.3099801540375,0.02129471890971039,0.49019607843137253,0.3327541268462207
YDR054C,-1,-32.856289088726044,-3924.34921233356,0.02127659574468085,0.49019607843137253,0.333043730089777
YJL046W,0,-32.89280104637146,-3969.074817508459,0.02127659574468085,0.49019607843137253,0.333043730089777
YHR214C-B,-1,-32.92488306760788,-3831.492957562208,0.021258503401360544,0.49019607843137253,0.3333333333333333
YGL028C,0,-32.92715626955032,-3877.2937453091145,0.021258503401360544,0.49019607843137253,0.3333333333333333
YNL291C,-1,-32.931063801050186,-4027.6021228581667,0.021240441801189464,0.49019607843137253,0.3336229365768897
YLR368W,-1,-32.93285635113716,-4147.934830904007,0.021222410865874362,0.49019607843137253,0.333912539820446
YOR384W,-1,-32.933515936136246,-4069.1536636948586,0.021204410517387615,0.49019607843137253,0.3342021430640023
YDL093W,-1,-32.9377523958683,-4121.552501440048,0.0211864406779661,0.49019607843137253,0.3344917463075586
YOR047C,-1,-32.93867227435112,-4178.796176344156,0.021168501270110076,0.49019607843137253,0.334781349551115
YAL053W,-1,-32.947085320949554,-4208.031167820096,0.021150592216582064,0.49019607843137253,0.3350709527946713
YER074W,-1,-32.948505103588104,-3940.3286669552326,0.021132713440405747,0.49019607843137253,0.3353605560382276
YFL036W,-1,-32.95100927352905,-3960.4612101763487,0.021114864864864864,0.49019607843137253,0.33565015928178393
YMR100W,0,-32.95341494679451,-3990.553202420473,0.021114864864864864,0.49019607843137253,0.33565015928178393
YOR127W,1,-32.95599517226219,-4052.936469912529,0.021940928270042195,0.5098039215686274,0.33565015928178393
YHR080C,0,-32.95712476968765,-3957.2478487193584,0.021940928270042195,0.5098039215686274,0.33565015928178393
YJL210W,-1,-32.96648696064949,-3982.0026061832905,0.021922428330522766,0.5098039215686274,0.3359397625253403
YLR100W,-1,-32.98335075378418,-4068.7425264418125,0.02190395956192081,0.5098039215686274,0.3362293657688966
YOR389W,0,-32.98923623561859,-3936.4510866999626,0.02190395956192081,0.5098039215686274,0.3362293657688966
YHL047C,-1,-33.00674831867218,-3833.8478375077248,0.021885521885521887,0.5098039215686274,0.33651896901245293
YPL176C,-1,-33.00712275505066,-4118.275859624147,0.021867115222876366,0.5098039215686274,0.33680857225600924
YDR523C,-1,-33.009708285331726,-3803.573342770338,0.021848739495798318,0.5098039215686274,0.3370981754995656
YBR153W,-1,-33.016712576150894,-3971.190332457423,0.0218303946263644,0.5098039215686274,0.3373877787431219
YIL006W,-1,-33.01788628101349,-4060.238793671131,0.02181208053691275,0.5098039215686274,0.33767738198667824
YPL198W,0,-33.01852236688137,-4324.273835986853,0.02181208053691275,0.5098039215686274,0.33767738198667824
YDR026C,0,-33.02035263180733,-4023.5648580789566,0.02181208053691275,0.5098039215686274,0.33767738198667824
YER180C,-1,-33.021198242902756,-4007.7831402868032,0.02179379715004191,0.5098039215686274,0.33796698523023455
YJL221C,0,-33.0301351249218,-4014.804812029004,0.02179379715004191,0.5098039215686274,0.33796698523023455
YMR308C,0,-33.03095135092735,-4143.594359695911,0.02179379715004191,0.5098039215686274,0.33796698523023455
YBR098W,-1,-33.04535394906998,-4024.6211904734373,0.021775544388609715,0.5098039215686274,0.3382565884737909
YBR243C,-1,-33.059808164834976,-4058.076112985611,0.021757322175732216,0.5098039215686274,0.33854619171734723
YER150W,0,-33.061127960681915,-4078.916438356042,0.021757322175732216,0.5098039215686274,0.33854619171734723
YDR382W,-1,-33.066522642970085,-4104.516916632652,0.021739130434782608,0.5098039215686274,0.33883579496090355
YGL205W,-1,-33.07237486541271,-4056.0856751799583,0.02172096908939014,0.5098039215686274,0.3391253982044599
YMR006C,-1,-33.07405859231949,-4096.587861940265,0.021702838063439065,0.5098039215686274,0.33941500144801623
YGL180W,-1,-33.07458734512329,-4042.780889838934,0.021684737281067557,0.5098039215686274,0.33970460469157254
YKL137W,-1,-33.07590514421463,-4041.3910197019577,0.021666666666666667,0.5098039215686274,0.33999420793512886
YPR066W,-1,-33.076775163412094,-3805.510039180517,0.02164862614487927,0.5098039215686274,0.3402838111786852
YDR150W,-1,-33.077038407325745,-4016.3447671830654,0.021630615640599003,0.5098039215686274,0.34057341442224154
YBR271W,0,-33.094030767679214,-4125.864646315575,0.021630615640599003,0.5098039215686274,0.34057341442224154
YNL231C,-1,-33.095659613609314,-4174.654280975461,0.021612635078969242,0.5098039215686274,0.34086301766579785
YMR204C,-1,-33.09881949424744,-4065.3680976480246,0.02159468438538206,0.5098039215686274,0.34115262090935417
YJR042W,-1,-33.10007728636265,-4120.669181913137,0.021576763485477178,0.5098039215686274,0.34144222415291053
YGL038C,-1,-33.10161021351814,-3975.643599241972,0.02155887230514096,0.5098039215686274,0.34173182739646685
YML128C,-1,-33.1069795191288,-4253.52638065815,0.021541010770505385,0.5098039215686274,0.34202143064002316
YKL201C,-1,-33.11449679732323,-4240.1285772025585,0.02152317880794702,0.5098039215686274,0.3423110338835795
YPR133C,-1,-33.11752492189407,-4122.333570897579,0.021505376344086023,0.5098039215686274,0.34260063712713584
YLL051C,-1,-33.12497380375862,-4130.558610707521,0.021487603305785124,0.5098039215686274,0.34289024037069216
YLR057W,0,-33.12702190876007,-3964.354572504759,0.021487603305785124,0.5098039215686274,0.34289024037069216
YKL085W,-1,-33.13294929265976,-4289.545037433505,0.021469859620148638,0.5098039215686274,0.34317984361424847
YDR163W,-1,-33.13527199625969,-4223.918400168419,0.02145214521452145,0.5098039215686274,0.3434694468578048
YLR127C,-1,-33.13567155599594,-4043.3444434702396,0.021434460016488046,0.5098039215686274,0.34375905010136115
YIL128W,-1,-33.13800573348999,-3883.6829418241978,0.0214168039538715,0.5098039215686274,0.34404865334491747
YPL161C,-1,-33.143324464559555,-4148.194221183658,0.02139917695473251,0.5098039215686274,0.3443382565884738
YOR109W,-1,-33.16224563121796,-3904.5655160844326,0.02138157894736842,0.5098039215686274,0.3446278598320301
YPR038W,0,-33.179070234298706,-3996.7750710248947,0.02138157894736842,0.5098039215686274,0.3446278598320301
YDR030C,-1,-33.18615174293518,-4133.936414986849,0.021364009860312245,0.5098039215686274,0.34491746307558646
YOL065C,-1,-33.186535477638245,-4193.528886318207,0.021346469622331693,0.5098039215686274,0.3452070663191428
YPL088W,0,-33.18691438436508,-3983.087502628565,0.021346469622331693,0.5098039215686274,0.3452070663191428
YKL005C,-1,-33.18717297911644,-4007.176535785198,0.02132895816242822,0.5098039215686274,0.3454966695626991
YBR201W,-1,-33.18743225932121,-4174.521532803774,0.021311475409836064,0.5098039215686274,0.34578627280625546
YMR087W,-1,-33.201236456632614,-3843.9194836318493,0.021294021294021293,0.5098039215686274,0.34607587604981177
YDR470C,-1,-33.20456153154373,-4125.917308226228,0.02127659574468085,0.5098039215686274,0.3463654792933681
YMR071C,0,-33.20697870850563,-4087.493749588728,0.02127659574468085,0.5098039215686274,0.3463654792933681
YMR161W,-1,-33.21821907162666,-4187.094092041254,0.02125919869174162,0.5098039215686274,0.3466550825369244
YIL049W,-1,-33.220994651317596,-4004.300936192274,0.021241830065359478,0.5098039215686274,0.34694468578048077
YPL079W,0,-33.222144305706024,-4019.4176236093044,0.021241830065359478,0.5098039215686274,0.34694468578048077
YKL094W,0,-33.22245651483536,-4230.167438626289,0.021241830065359478,0.5098039215686274,0.34694468578048077
YNL049C,0,-33.23096254467964,-3981.946671664715,0.021241830065359478,0.5098039215686274,0.34694468578048077
YMR078C,-1,-33.23628431558609,-3986.7314092218876,0.02122448979591837,0.5098039215686274,0.3472342890240371
YPL099C,0,-33.24190479516983,-4152.203034475446,0.02122448979591837,0.5098039215686274,0.3472342890240371
YLR460C,0,-33.244093239307404,-3999.028158277273,0.02122448979591837,0.5098039215686274,0.3472342890240371
YGR231C,-1,-33.2481689453125,-4392.574772208929,0.021207177814029365,0.5098039215686274,0.3475238922675934
YNR061C,0,-33.24955201148987,-3978.6702468693256,0.021207177814029365,0.5098039215686274,0.3475238922675934
YBL072C,-1,-33.25880387425423,-4099.532058686018,0.021189894050529748,0.5098039215686274,0.3478134955111497
YML032C,-1,-33.26359760761261,-4167.531999409199,0.021172638436482084,0.5098039215686274,0.3481030987547061
YGL076C,0,-33.267468094825745,-3943.819789469242,0.021172638436482084,0.5098039215686274,0.3481030987547061
YDR170W-A,-1,-33.269623935222626,-3891.740723967552,0.02115541090317331,0.5098039215686274,0.3483927019982624
YPR018W,-1,-33.2717165350914,-4235.0940331965685,0.02113821138211382,0.5098039215686274,0.3486823052418187
YML026C,-1,-33.27560913562775,-3921.966151058674,0.021121039805036556,0.5098039215686274,0.348971908485375
YML022W,0,-33.27773001790047,-4306.165864750743,0.021121039805036556,0.5098039215686274,0.348971908485375
YFL021W,-1,-33.281238317489624,-3999.3701277524233,0.021103896103896104,0.5098039215686274,0.3492615117289314
YFL037W,-1,-33.290614038705826,-4194.535461366177,0.021086780210867802,0.5098039215686274,0.3495511149724877
YDR012W,0,-33.30996412038803,-3912.453930437565,0.021086780210867802,0.5098039215686274,0.3495511149724877
YLR435W,-1,-33.3106963634491,-4093.192120015621,0.02106969205834684,0.5098039215686274,0.349840718216044
YDR146C,0,-33.32569578289986,-3814.636464983225,0.02106969205834684,0.5098039215686274,0.349840718216044
YKL188C,-1,-33.34390342235565,-4053.576755911112,0.021052631578947368,0.5098039215686274,0.3501303214596003
YLL017W,0,-33.34812927246094,-3958.7742125689983,0.021052631578947368,0.5098039215686274,0.3501303214596003
YJL045W,-1,-33.35550943017006,-4049.9066129624844,0.021035598705501618,0.5098039215686274,0.3504199247031567
YBR234C,-1,-33.396518886089325,-4046.014274507761,0.021018593371059015,0.5098039215686274,0.350709527946713
YEL042W,-1,-33.39971861243248,-4209.463996440172,0.0210016155088853,0.5098039215686274,0.3509991311902693
YGR166W,0,-33.405824810266495,-4278.374407991767,0.0210016155088853,0.5098039215686274,0.3509991311902693
YPL148C,-1,-33.40763995051384,-4107.145646214485,0.020984665052461663,0.5098039215686274,0.35128873443382563
YBR111W-A,-1,-33.419898092746735,-3912.6121692359447,0.020967741935483872,0.5098039215686274,0.351578337677382
YAL055W,-1,-33.42575767636299,-3991.3829291164875,0.020950846091861403,0.5098039215686274,0.3518679409209383
YDR387C,-1,-33.428733229637146,-3955.310109436512,0.020933977455716585,0.5098039215686274,0.35215754416449463
YNL214W,-1,-33.43068954348564,-4102.126914724708,0.02091713596138375,0.5098039215686274,0.35244714740805094
YJL149W,-1,-33.43245851993561,-3919.072069108486,0.02090032154340836,0.5098039215686274,0.3527367506516073
YER060W-A,-1,-33.43784099817276,-4072.233912527561,0.020883534136546186,0.5098039215686274,0.3530263538951636
YPL237W,-1,-33.441000893712044,-4295.156754404306,0.02086677367576244,0.5098039215686274,0.35331595713871994
YOR251C,-1,-33.44736060500145,-4130.192686229944,0.020850040096230954,0.5098039215686274,0.3536055603822763
YGR029W,-1,-33.45143163204193,-4106.1000617444515,0.020833333333333332,0.5098039215686274,0.3538951636258326
YLR144C,-1,-33.456719160079956,-3980.613008469343,0.020816653322658127,0.5098039215686274,0.35418476686938893
YDR495C,-1,-33.47047609090805,-4027.4453573822975,0.0208,0.5098039215686274,0.35447437011294525
YEL016C,-1,-33.473119109869,-4237.530419588089,0.020783373301358914,0.5098039215686274,0.3547639733565016
YLR132C,-1,-33.49063950777054,-3962.6334031820297,0.020766773162939296,0.5098039215686274,0.35505357660005793
YCR041W,0,-33.50037580728531,-3929.5718846023083,0.020766773162939296,0.5098039215686274,0.35505357660005793
YLR229C,1,-33.504910707473755,-4140.457930132747,0.02154828411811652,0.5294117647058824,0.35505357660005793
YDR119W,0,-33.50527721643448,-4205.256109282374,0.02154828411811652,0.5294117647058824,0.35505357660005793
YDR452W,0,-33.50643694400787,-4179.750760614872,0.02154828411811652,0.5294117647058824,0.35505357660005793
YDR018C,-1,-33.5064782500267,-3960.944041222334,0.0215311004784689,0.5294117647058824,0.35534317984361424
YFL003C,-1,-33.51061078906059,-4104.777127355337,0.02151394422310757,0.5294117647058824,0.35563278308717056
YOL127W,-1,-33.51981192827225,-4087.0089563131332,0.021496815286624203,0.5294117647058824,0.3559223863307269
YHR016C,-1,-33.52988040447235,-4083.8787290155888,0.021479713603818614,0.5294117647058824,0.35621198957428324
YJL025W,-1,-33.53361311554909,-4368.7476085573435,0.021462639109697933,0.5294117647058824,0.35650159281783955
YDR080W,-1,-33.54464000463486,-4237.7080391049385,0.021445591739475776,0.5294117647058824,0.35679119606139587
YPL244C,-1,-33.5469029545784,-4160.324391543865,0.02142857142857143,0.5294117647058824,0.35708079930495223
YBR075W,0,-33.55430918931961,-3985.579229682684,0.02142857142857143,0.5294117647058824,0.35708079930495223
YHL023C,0,-33.555173337459564,-4155.220486044884,0.02142857142857143,0.5294117647058824,0.35708079930495223
YDR361C,-1,-33.56438782811165,-3979.6032043099403,0.02141157811260904,0.5294117647058824,0.35737040254850855
YDL217C,-1,-33.5652112364769,-4150.928883641958,0.021394611727416798,0.5294117647058824,0.35766000579206486
YFR024C,-1,-33.566050946712494,-3981.8200070858,0.021377672209026127,0.5294117647058824,0.3579496090356212
YOL088C,-1,-33.57731354236603,-3910.1104033887386,0.021360759493670885,0.5294117647058824,0.35823921227917754
YPL273W,0,-33.57810917496681,-4071.281751766801,0.021360759493670885,0.5294117647058824,0.35823921227917754
YFL013C,-1,-33.58007064461708,-4105.760550022125,0.021343873517786563,0.5294117647058824,0.35852881552273386
YDL192W,0,-33.581934452056885,-3960.2559177279472,0.021343873517786563,0.5294117647058824,0.35852881552273386
YDR444W,-1,-33.58662769198418,-4056.516803354025,0.02132701421800948,0.5294117647058824,0.35881841876629017
YOR259C,-1,-33.59203764796257,-3993.516490548849,0.021310181531176007,0.5294117647058824,0.3591080220098465
YDL003W,-1,-33.594699174165726,-3968.871419131756,0.021293375394321766,0.5294117647058824,0.35939762525340285
YOL086W-A,0,-33.59737932682037,-3976.0651023983955,0.021293375394321766,0.5294117647058824,0.35939762525340285
YOR367W,-1,-33.60537055134773,-4028.8290215432644,0.02127659574468085,0.5294117647058824,0.35968722849695917
YOR074C,-1,-33.61470025777817,-4240.731902062893,0.02125984251968504,0.5294117647058824,0.3599768317405155
YHR139C,-1,-33.62094235420227,-4087.543271332979,0.021243115656963022,0.5294117647058824,0.36026643498407185
YDR002W,-1,-33.628635823726654,-4155.924583375454,0.02122641509433962,0.5294117647058824,0.36055603822762816
YGL192W,-1,-33.64645093679428,-4165.33492231369,0.021209740769835034,0.5294117647058824,0.3608456414711845
YFL055W,-1,-33.65110066533089,-4142.406156003475,0.02119309262166405,0.5294117647058824,0.3611352447147408
YLL021W,-1,-33.65715429186821,-4198.477624639869,0.021176470588235293,0.5294117647058824,0.36142484795829716
YLR304C,-1,-33.65955117344856,-4033.9972879737616,0.02115987460815047,0.5294117647058824,0.36171445120185347
YJL207C,-1,-33.66372290253639,-4033.0213535130024,0.021143304620203602,0.5294117647058824,0.3620040544454098
YKR020W,-1,-33.6694692671299,-4240.898566484451,0.02112676056338028,0.5294117647058824,0.3622936576889661
YDR058C,-1,-33.678083300590515,-4051.824539154768,0.02111024237685692,0.5294117647058824,0.36258326093252247
YKL197C,-1,-33.70113155245781,-4111.884939402342,0.02109375,0.5294117647058824,0.3628728641760788
YNL093W,-1,-33.70701888203621,-4135.703348055482,0.02107728337236534,0.5294117647058824,0.3631624674196351
YKR100C,0,-33.708521127700806,-4100.783794268966,0.02107728337236534,0.5294117647058824,0.3631624674196351
YAR042W,-1,-33.71262454986572,-4247.27621024847,0.02106084243369735,0.5294117647058824,0.3634520706631914
YIL085C,-1,-33.7141854763031,-4230.429176911712,0.021044427123928292,0.5294117647058824,0.3637416739067478
YIL088C,-1,-33.7239094376564,-4399.657156318426,0.02102803738317757,0.5294117647058824,0.3640312771503041
YDL153C,-1,-33.73458495736122,-4351.200902342796,0.021011673151750974,0.5294117647058824,0.3643208803938604
YLR325C,0,-33.740073293447495,-4001.3364284932613,0.021011673151750974,0.5294117647058824,0.3643208803938604
YAR033W,0,-33.742644637823105,-4217.327339798212,0.021011673151750974,0.5294117647058824,0.3643208803938604
YEL054C,-1,-33.757923275232315,-4020.9623448848724,0.020995334370139968,0.5294117647058824,0.3646104836374167
YOL043C,-1,-33.76026123762131,-4266.365148589015,0.02097902097902098,0.5294117647058824,0.3649000868809731
YDR130C,-1,-33.76471585035324,-4040.3759606331587,0.02096273291925466,0.5294117647058824,0.3651896901245294
YHR099W,-1,-33.77158185839653,-4130.986880540848,0.02094647013188518,0.5294117647058824,0.3654792933680857
YPR065W,-1,-33.77164188027382,-4213.233269184828,0.020930232558139535,0.5294117647058824,0.365768896611642
YGL206C,-1,-33.77279630303383,-4146.539510607719,0.020914020139426802,0.5294117647058824,0.3660584998551984
YOR204W,-1,-33.77536940574646,-4120.865703776479,0.02089783281733746,0.5294117647058824,0.3663481030987547
YLR214W,-1,-33.777721524238586,-4143.827643811703,0.02088167053364269,0.5294117647058824,0.366637706342311
YOR106W,0,-33.79022866487503,-4107.634673833847,0.02088167053364269,0.5294117647058824,0.366637706342311
YGL006W,-1,-33.791084587574005,-4316.678575441241,0.020865533230293665,0.5294117647058824,0.3669273095858674
YFL057C,0,-33.791496366262436,-4178.148169010878,0.020865533230293665,0.5294117647058824,0.3669273095858674
YGL160W,0,-33.793198585510254,-3934.6872258782387,0.020865533230293665,0.5294117647058824,0.3669273095858674
YKL063C,0,-33.79364609718323,-4057.2524373829365,0.020865533230293665,0.5294117647058824,0.3669273095858674
YPL164C,-1,-33.794459730386734,-4258.112398684025,0.02084942084942085,0.5294117647058824,0.3672169128294237
YLR201C,-1,-33.799012929201126,-4381.437616348267,0.020833333333333332,0.5294117647058824,0.36750651607298
YCR047C,-1,-33.8033991754055,-4015.603289246559,0.02081727062451812,0.5294117647058824,0.36779611931653633
YGR229C,-1,-33.80782848596573,-4145.8460166454315,0.020801232665639446,0.5294117647058824,0.3680857225600927
YLR237W,-1,-33.81203535199165,-4211.600747615099,0.020785219399538105,0.5294117647058824,0.368375325803649
YHR167W,-1,-33.81227707862854,-4012.417623758316,0.02076923076923077,0.5294117647058824,0.3686649290472053
YML027W,-1,-33.81418889760971,-3877.645770430565,0.0207532667179093,0.5294117647058824,0.36895453229076164
YML115C,-1,-33.828074008226395,-4116.509350866079,0.020737327188940093,0.5294117647058824,0.369244135534318
YKL022C,-1,-33.83149939775467,-4018.307011857629,0.02072141212586339,0.5294117647058824,0.3695337387778743
YER149C,-1,-33.84007206559181,-4289.093483805656,0.020705521472392636,0.5294117647058824,0.36982334202143063
YJL034W,-1,-33.8548903465271,-4257.146987974644,0.020689655172413793,0.5294117647058824,0.37011294526498695
YBR078W,0,-33.85885813832283,-4239.449165791273,0.020689655172413793,0.5294117647058824,0.37011294526498695
YDR430C,0,-33.8596767783165,-4275.71865606308,0.020689655172413793,0.5294117647058824,0.37011294526498695
YDR466W,-1,-33.86422857642174,-4159.475068479776,0.020673813169984685,0.5294117647058824,0.3704025485085433
YKL145W,-1,-33.86989018321037,-4069.5951052606106,0.020657995409334353,0.5294117647058824,0.37069215175209963
YHR075C,0,-33.87317565083504,-4113.319715976715,0.020657995409334353,0.5294117647058824,0.37069215175209963
YMR063W,-1,-33.880054980516434,-4295.6251351088285,0.020642201834862386,0.5294117647058824,0.37098175499565594
YLL067C,0,-33.887892723083496,-4137.231659054756,0.020642201834862386,0.5294117647058824,0.37098175499565594
YOL157C,0,-33.89472061395645,-3979.5615530610085,0.020642201834862386,0.5294117647058824,0.37098175499565594
YOR262W,-1,-33.89519092440605,-4120.884249180555,0.020626432391138275,0.5294117647058824,0.37127135823921226
YCR044C,-1,-33.90083521604538,-4307.024409234524,0.020610687022900764,0.5294117647058824,0.3715609614827686
YMR022W,-1,-33.90580624341965,-4320.525920152664,0.020594965675057208,0.5294117647058824,0.37185056472632494
YPR107C,-1,-33.91156047582626,-4119.835722714663,0.020579268292682928,0.5294117647058824,0.37214016796988125
YGR056W,-1,-33.912242501974106,-4138.422821089625,0.020563594821020565,0.5294117647058824,0.37242977121343757
YPR162C,-1,-33.924699544906616,-4097.446567386389,0.02054794520547945,0.5294117647058824,0.37271937445699393
YJR015W,0,-33.928973495960236,-4089.588740825653,0.02054794520547945,0.5294117647058824,0.37271937445699393
YNL294C,1,-33.93613737821579,-4280.478095829487,0.02129277566539924,0.5490196078431373,0.37271937445699393
YLR061W,0,-33.94602793455124,-4099.442935615778,0.02129277566539924,0.5490196078431373,0.37271937445699393
YFR007W,0,-33.94849041104317,-4180.89947347343,0.02129277566539924,0.5490196078431373,0.37271937445699393
YGR212W,0,-33.951839596033096,-4085.458792090416,0.02129277566539924,0.5490196078431373,0.37271937445699393
YMR203W,-1,-33.96319556236267,-4136.979215800762,0.02127659574468085,0.5490196078431373,0.37300897770055025
YLR206W,-1,-33.96528136730194,-4023.1211611926556,0.02126044039483675,0.5490196078431373,0.37329858094410656
YMR247C,0,-33.97219228744507,-4187.119265690446,0.02126044039483675,0.5490196078431373,0.37329858094410656
YER087W,-1,-33.97864776849747,-4062.3603601157665,0.021244309559939303,0.5490196078431373,0.3735881841876629
YER166W,-1,-33.99189701676369,-4108.8431841135025,0.02122820318423048,0.5490196078431373,0.37387778743121924
YOR084W,-1,-33.99294638633728,-3984.884367197752,0.021212121212121213,0.5490196078431373,0.37416739067477556
YKR046C,-1,-33.99392348527908,-4207.304784327745,0.021196063588190765,0.5490196078431373,0.37445699391833187
YGR007W,-1,-33.998500525951385,-4155.555053457618,0.02118003025718608,0.5490196078431373,0.37474659716188824
YER058W,-1,-34.01646137237549,-4153.978019058704,0.021164021164021163,0.5490196078431373,0.37503620040544455
YDR204W,0,-34.02138975262642,-4296.961556434631,0.021164021164021163,0.5490196078431373,0.37503620040544455
YPL009C,0,-34.02677273750305,-4125.324283480644,0.021164021164021163,0.5490196078431373,0.37503620040544455
YIR012W,-1,-34.02812306582928,-4197.88490922749,0.021148036253776436,0.5490196078431373,0.37532580364900087
YNL041C,0,-34.02889660000801,-4204.810735180974,0.021148036253776436,0.5490196078431373,0.37532580364900087
YNL128W,-1,-34.033413112163544,-4330.851236909628,0.021132075471698115,0.5490196078431373,0.3756154068925572
YMR226C,0,-34.03976422548294,-4136.570776969194,0.021132075471698115,0.5490196078431373,0.3756154068925572
YCR088W,-1,-34.03985941410065,-4182.588517963886,0.021116138763197588,0.5490196078431373,0.37590501013611355
YDL222C,-1,-34.04437345266342,-4249.595411300659,0.02110022607385079,0.5490196078431373,0.37619461337966986
YDR438W,0,-34.04818534851074,-4145.966826573014,0.02110022607385079,0.5490196078431373,0.37619461337966986
YNL315C,-1,-34.06211197376251,-4503.248373538256,0.02108433734939759,0.5490196078431373,0.3764842166232262
YLR359W,0,-34.06485095620155,-4164.865763694048,0.02108433734939759,0.5490196078431373,0.3764842166232262
YDR248C,0,-34.06572875380516,-3994.1824067533016,0.02108433734939759,0.5490196078431373,0.3764842166232262
YDR166C,-1,-34.07291805744171,-4342.115950405598,0.021068472535741158,0.5490196078431373,0.3767738198667825
YCL026C-B,0,-34.08770966529846,-4028.4721452891827,0.021068472535741158,0.5490196078431373,0.3767738198667825
YHR166C,-1,-34.090083360672,-4334.067211270332,0.021052631578947368,0.5490196078431373,0.37706342311033886
YMR030W,-1,-34.10027748346329,-4093.7977631539106,0.021036814425244178,0.5490196078431373,0.37735302635389517
YPR007C,-1,-34.10515654087067,-4208.1943137943745,0.021021021021021023,0.5490196078431373,0.3776426295974515
YBR031W,0,-34.107077896595,-3985.961590349674,0.021021021021021023,0.5490196078431373,0.3776426295974515
YJL021C,-1,-34.11330604553223,-4006.9735212922096,0.021005251312828207,0.5490196078431373,0.3779322328410078
YER184C,0,-34.13163644075394,-4132.929003089666,0.021005251312828207,0.5490196078431373,0.3779322328410078
YPL020C,-1,-34.134727001190186,-4167.18381229043,0.020989505247376312,0.5490196078431373,0.37822183608456417
YOR378W,0,-34.13871577382088,-4081.635025501251,0.020989505247376312,0.5490196078431373,0.37822183608456417
YIL109C,0,-34.15993884205818,-4194.072847470641,0.020989505247376312,0.5490196078431373,0.37822183608456417
YDR207C,-1,-34.16498202085495,-4205.850672721863,0.020973782771535582,0.5490196078431373,0.3785114393281205
YNL139C,-1,-34.178055703639984,-4343.261629104614,0.020958083832335328,0.5490196078431373,0.3788010425716768
YBL069W,-1,-34.178214728832245,-4018.010290533304,0.020942408376963352,0.5490196078431373,0.3790906458152331
YDL200C,-1,-34.181145399808884,-4227.646672219038,0.02092675635276532,0.5490196078431373,0.3793802490587895
YJR144W,-1,-34.18189802765846,-4229.540671154857,0.020911127707244213,0.5490196078431373,0.3796698523023458
YIL110W,0,-34.1840777695179,-4249.233761236072,0.020911127707244213,0.5490196078431373,0.3796698523023458
YMR231W,-1,-34.18710520863533,-4063.386538743973,0.020895522388059702,0.5490196078431373,0.3799594555459021
YOR188W,0,-34.18807937204838,-4273.5847125947475,0.020895522388059702,0.5490196078431373,0.3799594555459021
YDR339C,-1,-34.18887251615524,-4292.110611766577,0.020879940343027592,0.5490196078431373,0.3802490587894584
YIL063C,-1,-34.195936530828476,-4227.924707055092,0.020864381520119227,0.5490196078431373,0.3805386620330148
YCL033C,-1,-34.197315603494644,-4150.368956267834,0.02084884586746091,0.5490196078431373,0.3808282652765711
YBR022W,-1,-34.19878217577934,-4136.428653106093,0.020833333333333332,0.5490196078431373,0.3811178685201274
YGR239C,-1,-34.20752501487732,-4232.109909623861,0.020817843866171002,0.5490196078431373,0.3814074717636838
YIL106W,-1,-34.22227042913437,-4105.810231328011,0.020802377414561663,0.5490196078431373,0.3816970750072401
YDR036C,-1,-34.22274473309517,-4312.25071272254,0.020786933927245732,0.5490196078431373,0.3819866782507964
YPR159W,0,-34.22386619448662,-4244.637440934777,0.020786933927245732,0.5490196078431373,0.3819866782507964
YFL038C,0,-34.2320214509964,-4253.756229639053,0.020786933927245732,0.5490196078431373,0.3819866782507964
YFL022C,-1,-34.23344266414642,-4261.006975501776,0.020771513353115726,0.5490196078431373,0.3822762814943527
YOR290C,-1,-34.23413449525833,-4127.770040869713,0.020756115641215715,0.5490196078431373,0.3825658847379091
YOR388C,0,-34.2347386777401,-4321.836559921503,0.020756115641215715,0.5490196078431373,0.3825658847379091
YDL029W,-1,-34.24535498023033,-4140.130864202976,0.02074074074074074,0.5490196078431373,0.3828554879814654
YCR017C,-1,-34.25102788209915,-4421.244773834944,0.02072538860103627,0.5490196078431373,0.3831450912250217
YHR119W,-1,-34.253087013959885,-4204.765668988228,0.020710059171597635,0.5490196078431373,0.38343469446857803
YDR022C,-1,-34.25635886192322,-4123.93171274662,0.020694752402069475,0.5490196078431373,0.3837242977121344
YOL039W,-1,-34.26691082119942,-4098.8127721995115,0.0206794682422452,0.5490196078431373,0.3840139009556907
YGL133W,-1,-34.268731474876404,-4158.319914698601,0.020664206642066422,0.5490196078431373,0.384303504199247
YGL031C,0,-34.283056288957596,-4113.964365795255,0.020664206642066422,0.5490196078431373,0.384303504199247
YFL054C,0,-34.28481316566467,-3998.1452400386333,0.020664206642066422,0.5490196078431373,0.384303504199247
YIL076W,-1,-34.290181040763855,-4142.100644141436,0.02064896755162242,0.5490196078431373,0.38459310744280334
YGR006W,-1,-34.29369083046913,-4300.0838658213615,0.020633750921149593,0.5490196078431373,0.3848827106863597
YOL109W,0,-34.315111339092255,-4225.29305061698,0.020633750921149593,0.5490196078431373,0.3848827106863597
YLR247C,0,-34.3167062997818,-4155.278855353594,0.020633750921149593,0.5490196078431373,0.3848827106863597
YMR038C,-1,-34.33536994457245,-4107.660717755556,0.020618556701030927,0.5490196078431373,0.385172313929916
YGL116W,-1,-34.35391849279404,-3936.602032959461,0.020603384841795438,0.5490196078431373,0.38546191717347233
YLR220W,-1,-34.354946345090866,-4159.754210501909,0.020588235294117647,0.5490196078431373,0.38575152041702865
YLR160C,0,-34.35777425765991,-4170.439501166344,0.020588235294117647,0.5490196078431373,0.38575152041702865
YDL124W,-1,-34.36429885029793,-4140.1640648543835,0.020573108008817047,0.5490196078431373,0.386041123660585
YPL050C,-1,-34.366231352090836,-4200.040972650051,0.020558002936857563,0.5490196078431373,0.38633072690414133
YBL022C,-1,-34.38015550374985,-4317.363310992718,0.020542920029347028,0.5490196078431373,0.38662033014769764
YNR052C,-1,-34.389852076768875,-4126.772072613239,0.020527859237536656,0.5490196078431373,0.38690993339125396
YML065W,-1,-34.39545089006424,-4289.1964968293905,0.020512820512820513,0.5490196078431373,0.3871995366348103
YKR089C,-1,-34.40021422505379,-4162.547673165798,0.020497803806734993,0.5490196078431373,0.38748913987836664
YNL096C,-1,-34.411867797374725,-4346.5786549896,0.020482809070958303,0.5490196078431373,0.38777874312192295
YDL194W,-1,-34.42285966873169,-4145.849306851625,0.02046783625730994,0.5490196078431373,0.38806834636547927
YOR011W,-1,-34.43349927663803,-4168.7903163433075,0.020452885317750184,0.5490196078431373,0.38835794960903564
YGR143W,-1,-34.437983334064484,-4264.992027044296,0.020437956204379562,0.5490196078431373,0.38864755285259195
YPR121W,0,-34.43970167636871,-4194.231589868665,0.020437956204379562,0.5490196078431373,0.38864755285259195
YOR161C,0,-34.4466906785965,-4261.794956833124,0.020437956204379562,0.5490196078431373,0.38864755285259195
YLR399C,-1,-34.45051112771034,-4207.239268869162,0.020423048869438368,0.5490196078431373,0.38893715609614826
YJL172W,0,-34.45181858539581,-4149.8242691755295,0.020423048869438368,0.5490196078431373,0.38893715609614826
YGL047W,-1,-34.480410903692245,-4307.002579763532,0.02040816326530612,0.5490196078431373,0.38922675933970463
YDR459C,0,-34.48264867067337,-4194.968751072884,0.02040816326530612,0.5490196078431373,0.38922675933970463
YLR401C,-1,-34.48358112573624,-4101.291826039553,0.02039329934450109,0.5490196078431373,0.38951636258326094
YFR041C,-1,-34.48464372754097,-4332.372500300407,0.020378457059679767,0.5490196078431373,0.38980596582681726
YPL156C,-1,-34.48835125565529,-4145.285958021879,0.020363636363636365,0.5490196078431373,0.39009556907037357
YLR129W,-1,-34.490961998701096,-4300.521557852626,0.020348837209302327,0.5490196078431373,0.39038517231392994
YLR330W,-1,-34.492464154958725,-4121.345186054707,0.020334059549745823,0.5490196078431373,0.39067477555748625
YKL160W,-1,-34.49322363734245,-4324.274078518152,0.020319303338171262,0.5490196078431373,0.39096437880104257
YER190W,-1,-34.50669127702713,-4150.282857626677,0.02030456852791878,0.5490196078431373,0.3912539820445989
YFR024C-A,-1,-34.53907445073128,-4209.866607815027,0.020289855072463767,0.5490196078431373,0.39154358528815525
YGR113W,-1,-34.54571154713631,-4161.600276425481,0.020275162925416364,0.5490196078431373,0.39183318853171156
YMR221C,0,-34.54589521884918,-4136.704201668501,0.020275162925416364,0.5490196078431373,0.39183318853171156
YPR055W,-1,-34.55046808719635,-4101.958460003138,0.020260492040520984,0.5490196078431373,0.3921227917752679
YKR002W,-1,-34.55354931950569,-4195.8403706252575,0.02024584237165582,0.5490196078431373,0.3924123950188242
YIR006C,-1,-34.5540816783905,-4139.132042482495,0.02023121387283237,0.5490196078431373,0.39270199826238056
YMR034C,-1,-34.56323280930519,-4116.331081092358,0.020216606498194945,0.5490196078431373,0.39299160150593687
YDR143C,-1,-34.565126955509186,-4324.905895084143,0.020202020202020204,0.5490196078431373,0.3932812047494932
YDR260C,-1,-34.56825137138367,-4313.898567944765,0.020187454938716654,0.5490196078431373,0.3935708079930495
YKL073W,0,-34.570959359407425,-4153.270264953375,0.020187454938716654,0.5490196078431373,0.3935708079930495
YGL185C,0,-34.58351048827171,-4058.6071148514748,0.020187454938716654,0.5490196078431373,0.3935708079930495
YPR034W,-1,-34.584377110004425,-4362.172732204199,0.020172910662824207,0.5490196078431373,0.39386041123660587
YJL184W,-1,-34.58518624305725,-4188.13683488965,0.020158387329013677,0.5490196078431373,0.3941500144801622
YKL052C,-1,-34.593334436416626,-4231.044147387147,0.02014388489208633,0.5490196078431373,0.3944396177237185
YBR115C,0,-34.61438149213791,-4382.168080031872,0.02014388489208633,0.5490196078431373,0.3944396177237185
YPL078C,-1,-34.63130623102188,-4444.226646617055,0.020129403306973402,0.5490196078431373,0.3947292209672748
YHR186C,0,-34.63207212090492,-4351.206497460604,0.020129403306973402,0.5490196078431373,0.3947292209672748
YGR184C,-1,-34.63830131292343,-4151.722964555025,0.020114942528735632,0.5490196078431373,0.3950188242108312
YGR020C,-1,-34.64726135134697,-3992.6385444551706,0.020100502512562814,0.5490196078431373,0.3953084274543875
YHR032W,-1,-34.64845061302185,-4237.7027986347675,0.020086083213773313,0.5490196078431373,0.3955980306979438
YHR065C,-1,-34.64892217516899,-4568.117841228843,0.02007168458781362,0.5490196078431373,0.39588763394150017
YGR284C,0,-34.6495201587677,-4429.566714242101,0.02007168458781362,0.5490196078431373,0.39588763394150017
YML062C,-1,-34.67115584015846,-4350.632525131106,0.02005730659025788,0.5490196078431373,0.3961772371850565
YGR123C,-1,-34.672762513160706,-4277.530137971044,0.020042949176807445,0.5490196078431373,0.3964668404286128
YOR092W,0,-34.683130368590355,-4586.149705976248,0.020042949176807445,0.5490196078431373,0.3964668404286128
YPR054W,-1,-34.688107907772064,-4154.41707251966,0.020028612303290415,0.5490196078431373,0.3967564436721691
YMR150C,-1,-34.69406700134277,-4169.497681945562,0.020014295925661188,0.5490196078431373,0.3970460469157255
YJL066C,0,-34.69465398788452,-4477.270809262991,0.020014295925661188,0.5490196078431373,0.3970460469157255
YLR035C-A,-1,-34.704810440540314,-4134.9169408380985,0.02,0.5490196078431373,0.3973356501592818
YIL127C,0,-34.72568953037262,-4370.310976326466,0.02,0.5490196078431373,0.3973356501592818
YGL168W,-1,-34.72759374976158,-4287.406935304403,0.01998572448251249,0.5490196078431373,0.3976252534028381
YBR289W,-1,-34.73055747151375,-4200.65924680233,0.019971469329529243,0.5490196078431373,0.3979148566463944
YPL131W,-1,-34.758408576250076,-4037.013851284981,0.019957234497505347,0.5490196078431373,0.3982044598899508
YGR095C,-1,-34.75981593132019,-4334.577804297209,0.019943019943019943,0.5490196078431373,0.3984940631335071
YFL009W,-1,-34.76307010650635,-4267.020624667406,0.0199288256227758,0.5490196078431373,0.3987836663770634
YCL001W,0,-34.77244994044304,-4150.138744294643,0.0199288256227758,0.5490196078431373,0.3987836663770634
YDL246C,0,-34.77763092517853,-4024.2977938354015,0.0199288256227758,0.5490196078431373,0.3987836663770634
YOR117W,-1,-34.78740906715393,-4331.1272502839565,0.01991465149359886,0.5490196078431373,0.39907326962061973
YPL143W,0,-34.78897845745087,-4413.136397987604,0.01991465149359886,0.5490196078431373,0.39907326962061973
YDR517W,-1,-34.793997406959534,-4050.053612858057,0.01990049751243781,0.5490196078431373,0.3993628728641761
YLR446W,0,-34.804611682891846,-4239.822737544775,0.01990049751243781,0.5490196078431373,0.3993628728641761
YGL048C,-1,-34.81061118841171,-4178.631671518087,0.019886363636363636,0.5490196078431373,0.3996524761077324
YPL268W,-1,-34.8121500313282,-4304.416354209185,0.0198722498225692,0.5490196078431373,0.3999420793512887
YHL044W,0,-34.82540500164032,-4036.822322666645,0.0198722498225692,0.5490196078431373,0.3999420793512887
YKL107W,0,-34.82755255699158,-4054.064789235592,0.0198722498225692,0.5490196078431373,0.3999420793512887
YLR147C,-1,-34.834490567445755,-4257.7306480407715,0.019858156028368795,0.5490196078431373,0.40023168259484504
YNL066W,-1,-34.843820959329605,-4448.780518293381,0.019844082211197732,0.5490196078431373,0.4005212858384014
YNL148C,-1,-34.84400460124016,-4154.320461392403,0.019830028328611898,0.5490196078431373,0.4008108890819577
YKL144C,-1,-34.85320208966732,-4496.634472206235,0.019815994338287332,0.5490196078431373,0.40110049232551404
YDL060W,-1,-34.85439319908619,-4351.146566644311,0.019801980198019802,0.5490196078431373,0.40139009556907035
YKL065C,0,-34.87400680780411,-4465.120790451765,0.019801980198019802,0.5490196078431373,0.40139009556907035
YOR066W,-1,-34.874111741781235,-4299.832390457392,0.019787985865724382,0.5490196078431373,0.4016796988126267
YDR317W,-1,-34.879710137844086,-4378.419285237789,0.01977401129943503,0.5490196078431373,0.40196930205618303
YDR490C,-1,-34.88393819332123,-4159.324309200048,0.019760056457304165,0.5490196078431373,0.40225890529973934
YBR074W,0,-34.88764846324921,-4260.018267929554,0.019760056457304165,0.5490196078431373,0.40225890529973934
YLR262C,-1,-34.88975989818573,-4256.191914767027,0.019746121297602257,0.5490196078431373,0.40254850854329566
YLR157C,0,-34.902577102184296,-4121.886768370867,0.019746121297602257,0.5490196078431373,0.40254850854329566
YDR341C,-1,-34.90691062808037,-4234.046694636345,0.019732205778717406,0.5490196078431373,0.402838111786852
YIL146C,0,-34.91413342952728,-4342.119115144014,0.019732205778717406,0.5490196078431373,0.402838111786852
YHR091C,-1,-34.91827169060707,-4263.354238271713,0.01971830985915493,0.5490196078431373,0.40312771503040834
YIL120W,0,-34.93051466345787,-4472.97171574831,0.01971830985915493,0.5490196078431373,0.40312771503040834
YOL138C,0,-34.93760249018669,-4184.984541088343,0.01971830985915493,0.5490196078431373,0.40312771503040834
YMR061W,-1,-34.93785309791565,-4228.135451167822,0.019704433497536946,0.5490196078431373,0.40341731827396465
YFL008W,-1,-34.94959107041359,-4281.922737807035,0.01969057665260197,0.5490196078431373,0.403706921517521
YNR054C,-1,-34.95099884271622,-4459.184604972601,0.019676739283204497,0.5490196078431373,0.40399652476107734
YOR174W,-1,-34.951249182224274,-4334.349495723844,0.019662921348314606,0.5490196078431373,0.40428612800463365
YNL044W,0,-34.95488014817238,-4272.135257989168,0.019662921348314606,0.5490196078431373,0.40428612800463365
YBR297W,0,-34.95711496472359,-4180.330035477877,0.019662921348314606,0.5490196078431373,0.40428612800463365
YNL030W,-1,-34.957665115594864,-4552.132003992796,0.019649122807017545,0.5490196078431373,0.40457573124818996
YBR189W,-1,-34.96329936385155,-4268.124514728785,0.019635343618513323,0.5490196078431373,0.40486533449174633
YMR023C,-1,-34.966985911130905,-4346.845940589905,0.019621583742116328,0.5490196078431373,0.40515493773530264
YLL038C,-1,-34.97553387284279,-4399.419802814722,0.0196078431372549,0.5490196078431373,0.40544454097885896
YPL103C,-1,-34.97786131501198,-4317.757642149925,0.01959412176347096,0.5490196078431373,0.40573414422241527
YLR219W,-1,-34.98665088415146,-4415.004722893238,0.019580419580419582,0.5490196078431373,0.40602374746597164
YDR399W,0,-34.99211521446705,-4481.2129828333855,0.019580419580419582,0.5490196078431373,0.40602374746597164
YOL119C,0,-34.99301238358021,-4225.461878105998,0.019580419580419582,0.5490196078431373,0.40602374746597164
YDR541C,0,-34.99925994873047,-4109.8046682477,0.019580419580419582,0.5490196078431373,0.40602374746597164
YOR327C,-1,-35.00276729464531,-4244.685107767582,0.019566736547868623,0.5490196078431373,0.40631335070952795
YLR155C,0,-35.00324276089668,-4379.810134381056,0.019566736547868623,0.5490196078431373,0.40631335070952795
YKR009C,-1,-35.01661682128906,-4240.005666136742,0.019553072625698324,0.5490196078431373,0.40660295395308427
YCR003W,-1,-35.02546566724777,-4519.613642498851,0.019539427773900907,0.5490196078431373,0.4068925571966406
YML102W,-1,-35.051687240600586,-4295.041168808937,0.019525801952580194,0.5490196078431373,0.40718216044019695
YGL098W,0,-35.058381140232086,-4376.239472657442,0.019525801952580194,0.5490196078431373,0.40718216044019695
YML085C,-1,-35.0724855363369,-4402.136260449886,0.01951219512195122,0.5490196078431373,0.40747176368375326
YDR386W,-1,-35.094397604465485,-4303.609654098749,0.019498607242339833,0.5490196078431373,0.4077613669273096
YDR285W,-1,-35.09461224079132,-4465.84614866972,0.019485038274182326,0.5490196078431373,0.4080509701708659
YLL018C-A,-1,-35.10239949822426,-4329.572411447763,0.019471488178025034,0.5490196078431373,0.40834057341442226
YNL131W,-1,-35.1054407954216,-4216.216096818447,0.019457956914523976,0.5490196078431373,0.40863017665797857
YIL101C,0,-35.125877141952515,-4302.317180365324,0.019457956914523976,0.5490196078431373,0.40863017665797857
YPL007C,-1,-35.12947443127632,-4389.295481979847,0.019444444444444445,0.5490196078431373,0.4089197799015349
YDR131C,-1,-35.135293662548065,-4197.468778550625,0.01943095072866065,0.5490196078431373,0.4092093831450912
YBL038W,-1,-35.146032959222794,-4392.109478622675,0.019417475728155338,0.5490196078431373,0.40949898638864757
YLR078C,0,-35.16060030460358,-4215.826173990965,0.019417475728155338,0.5490196078431373,0.40949898638864757
YDR347W,-1,-35.16284307837486,-4498.800259560347,0.019404019404019403,0.5490196078431373,0.4097885896322039
YJR060W,-1,-35.163929522037506,-4359.97318688035,0.019390581717451522,0.5490196078431373,0.4100781928757602
YEL050C,-1,-35.17485707998276,-4275.499544382095,0.019377162629757784,0.5490196078431373,0.41036779611931656
YKR075C,-1,-35.176564782857895,-4257.9285197258,0.019363762102351315,0.5490196078431373,0.4106573993628729
YDR292C,0,-35.18448927998543,-4249.081884115934,0.019363762102351315,0.5490196078431373,0.4106573993628729
YPR171W,-1,-35.187484323978424,-4175.917774856091,0.019350380096751902,0.5490196078431373,0.4109470026064292
YDR225W,-1,-35.193330347537994,-4218.856826990843,0.019337016574585635,0.5490196078431373,0.4112366058499855
YFL047W,0,-35.19386512041092,-4312.898738488555,0.019337016574585635,0.5490196078431373,0.4112366058499855
YDR224C,-1,-35.19439443945885,-4327.540011763573,0.01932367149758454,0.5490196078431373,0.4115262090935419
YMR163C,-1,-35.20174643397331,-4032.296458005905,0.019310344827586208,0.5490196078431373,0.4118158123370982
YGR098C,-1,-35.20511397719383,-4356.216694697738,0.019297036526533425,0.5490196078431373,0.4121054155806545
YER063W,0,-35.20958498120308,-4195.154889464378,0.019297036526533425,0.5490196078431373,0.4121054155806545
YPL175W,-1,-35.21702364087105,-4559.948980212212,0.01928374655647383,0.5490196078431373,0.4123950188242108
YGL089C,-1,-35.217601001262665,-4323.773639053106,0.019270474879559532,0.5490196078431373,0.4126846220677672
YPL053C,-1,-35.21774873137474,-4262.963507086039,0.01925722145804677,0.5490196078431373,0.4129742253113235
YBR054W,-1,-35.22647762298584,-4338.250757455826,0.019243986254295534,0.5490196078431373,0.4132638285548798
YGR295C,0,-35.23083660006523,-4396.1454891860485,0.019243986254295534,0.5490196078431373,0.4132638285548798
YJL111W,-1,-35.23350289463997,-4299.78590592742,0.019230769230769232,0.5490196078431373,0.4135534317984361
YOL158C,-1,-35.23356342315674,-4175.40343606472,0.019217570350034317,0.5490196078431373,0.4138430350419925
YJR068W,-1,-35.23401379585266,-4345.039639592171,0.019204389574759947,0.5490196078431373,0.4141326382855488
YDR472W,0,-35.24467033147812,-4324.136904776096,0.019204389574759947,0.5490196078431373,0.4141326382855488
YJR099W,-1,-35.24509209394455,-4244.974270403385,0.019191226867717615,0.5490196078431373,0.4144222415291051
YOR159C,-1,-35.246814608573914,-4272.206223890185,0.019178082191780823,0.5490196078431373,0.41471184477266143
YEL002C,-1,-35.24696397781372,-4395.958093166351,0.019164955509924708,0.5490196078431373,0.4150014480162178
YMR118C,-1,-35.24752861261368,-4077.882549703121,0.019151846785225718,0.5490196078431373,0.4152910512597741
YLR022C,-1,-35.257680505514145,-4556.5619599968195,0.019138755980861243,0.5490196078431373,0.4155806545033304
YHR108W,-1,-35.26265996694565,-4145.751473471522,0.01912568306010929,0.5490196078431373,0.41587025774688674
YDL159W,1,-35.2641287446022,-4120.526823699474,0.019795221843003412,0.5686274509803921,0.41587025774688674
YHR150W,-1,-35.269746363162994,-4369.479548305273,0.019781718963165076,0.5686274509803921,0.4161598609904431
YER022W,-1,-35.272228330373764,-4322.124626517296,0.019768234492160874,0.5686274509803921,0.4164494642339994
YLL035W,-1,-35.27534735202789,-4511.990422010422,0.019754768392370572,0.5686274509803921,0.41673906747755574
YIL019W,-1,-35.278381407260895,-4269.293670088053,0.019741320626276378,0.5686274509803921,0.41702867072111205
YLL005C,-1,-35.27895876765251,-4326.671196460724,0.019727891156462583,0.5686274509803921,0.4173182739646684
YFR029W,0,-35.27920579910278,-4251.4844847768545,0.019727891156462583,0.5686274509803921,0.4173182739646684
YOR156C,-1,-35.28620061278343,-4305.88850915432,0.01971447994561523,0.5686274509803921,0.41760787720822473
YDR031W,0,-35.28784799575806,-4089.7464687228203,0.01971447994561523,0.5686274509803921,0.41760787720822473
YBR123C,-1,-35.292385667562485,-4388.55182158947,0.01970108695652174,0.5686274509803921,0.41789748045178104
YIL072W,-1,-35.29612445831299,-4424.708685696125,0.019687712152070606,0.5686274509803921,0.4181870836953374
YHR132C,0,-35.297251373529434,-4341.332355111837,0.019687712152070606,0.5686274509803921,0.4181870836953374
YJR058C,0,-35.29983329772949,-4464.880953162909,0.019687712152070606,0.5686274509803921,0.4181870836953374
YDL081C,-1,-35.30127590894699,-4262.822175592184,0.01967435549525102,0.5686274509803921,0.4184766869388937
YJR158W,-1,-35.30410087108612,-4155.076699644327,0.01966101694915254,0.5686274509803921,0.41876629018245004
YKR095W-A,-1,-35.32880753278732,-4105.80945456028,0.01964769647696477,0.5686274509803921,0.41905589342600635
YGR121C,0,-35.34213539958,-4271.118089064956,0.01964769647696477,0.5686274509803921,0.41905589342600635
YDR435C,0,-35.35139253735542,-4319.5196977853775,0.01964769647696477,0.5686274509803921,0.41905589342600635
YER100W,-1,-35.354157984256744,-4390.156985163689,0.01963439404197698,0.5686274509803921,0.4193454966695627
YDL197C,-1,-35.356397956609726,-4413.86594042182,0.01962110960757781,0.5686274509803921,0.41963509991311904
YDL231C,-1,-35.36066550016403,-4295.250656634569,0.0196078431372549,0.5686274509803921,0.41992470315667535
YPL276W,0,-35.36919242143631,-4135.688062399626,0.0196078431372549,0.5686274509803921,0.41992470315667535
YGL174W,-1,-35.372973173856735,-4295.409260943532,0.019594594594594596,0.5686274509803921,0.42021430640023166
YPL113C,0,-35.37455999851227,-4158.465659976006,0.019594594594594596,0.5686274509803921,0.42021430640023166
YGR105W,0,-35.37973490357399,-4391.297792583704,0.019594594594594596,0.5686274509803921,0.42021430640023166
YEL041W,0,-35.38033592700958,-4252.489812999964,0.019594594594594596,0.5686274509803921,0.42021430640023166
YBR073W,-1,-35.38398879766464,-4226.356881678104,0.019581363943281565,0.5686274509803921,0.42050390964378803
YDR427W,-1,-35.387939751148224,-4296.1673864126205,0.019568151147098516,0.5686274509803921,0.42079351288734435
YNL072W,-1,-35.3909267783165,-4184.566774368286,0.019554956169925825,0.5686274509803921,0.42108311613090066
YBR183W,-1,-35.39728236198425,-4376.2295642495155,0.01954177897574124,0.5686274509803921,0.42137271937445697
YAL026C,-1,-35.4026825428009,-4224.278838932514,0.019528619528619527,0.5686274509803921,0.42166232261801334
YDR352W,-1,-35.420538902282715,-4151.2027287483215,0.019515477792732168,0.5686274509803921,0.42195192586156965
YBR187W,0,-35.42639350891113,-4465.590621948242,0.019515477792732168,0.5686274509803921,0.42195192586156965
YHR057C,-1,-35.436326652765274,-4242.185850024223,0.019502353732347006,0.5686274509803921,0.42224152910512597
YDR311W,-1,-35.44222530722618,-4422.545979246497,0.019489247311827957,0.5686274509803921,0.4225311323486823
YAL068C,-1,-35.44498199224472,-4181.004368543625,0.019476158495634655,0.5686274509803921,0.42282073559223865
YIL090W,0,-35.466476649045944,-4553.580652803183,0.019476158495634655,0.5686274509803921,0.42282073559223865
YKL195W,-1,-35.47721964120865,-4525.371407985687,0.019463087248322148,0.5686274509803921,0.42311033883579496
YJR001W,-1,-35.47982293367386,-3959.035879686475,0.019450033534540577,0.5686274509803921,0.4233999420793513
YAR008W,-1,-35.48199984431267,-4432.474928632379,0.01943699731903485,0.5686274509803921,0.4236895453229076
YJL140W,-1,-35.48410561680794,-4334.272734373808,0.01942397856664434,0.5686274509803921,0.42397914856646396
YKR007W,-1,-35.48435091972351,-4240.793936163187,0.019410977242302542,0.5686274509803921,0.4242687518100203
YPR181C,-1,-35.48454990983009,-4292.857242226601,0.01939799331103679,0.5686274509803921,0.4245583550535766
YOR178C,-1,-35.48862501978874,-4494.527539819479,0.019385026737967916,0.5686274509803921,0.42484795829713295
YIL160C,-1,-35.48871982097626,-4222.93319901824,0.019372077488309953,0.5686274509803921,0.42513756154068927
YCL052C,-1,-35.48947864770889,-4579.717378139496,0.019359145527369826,0.5686274509803921,0.4254271647842456
YLR329W,-1,-35.48949593305588,-4335.24971935153,0.019346230820547032,0.5686274509803921,0.4257167680278019
YPL023C,0,-35.49392181634903,-4242.935686856508,0.019346230820547032,0.5686274509803921,0.4257167680278019
YBR020W,-1,-35.498478174209595,-4275.86739885807,0.019333333333333334,0.5686274509803921,0.42600637127135826
YML061C,-1,-35.49960523843765,-4227.10514998436,0.019320453031312457,0.5686274509803921,0.4262959745149146
YMR305C,-1,-35.50105357170105,-4321.5380819141865,0.019307589880159785,0.5686274509803921,0.4265855777584709
YOR150W,-1,-35.507809937000275,-4497.868205696344,0.01929474384564205,0.5686274509803921,0.4268751810020272
YOR137C,0,-35.513167917728424,-4313.145356297493,0.01929474384564205,0.5686274509803921,0.4268751810020272
YBR069C,-1,-35.51622807979584,-4315.005795329809,0.01928191489361702,0.5686274509803921,0.4271647842455836
YGL044C,-1,-35.5218403339386,-4304.273617118597,0.019269102990033222,0.5686274509803921,0.4274543874891399
YBL029C-A,0,-35.523784816265106,-4220.675673127174,0.019269102990033222,0.5686274509803921,0.4274543874891399
YLR233C,-1,-35.53875207901001,-4273.786324888468,0.019256308100929615,0.5686274509803921,0.4277439907326962
YDR304C,-1,-35.555518954992294,-4136.8727750480175,0.019243530192435302,0.5686274509803921,0.4280335939762525
YKL124W,-1,-35.558310359716415,-4267.468443721533,0.019230769230769232,0.5686274509803921,0.4283231972198089
YFR020W,0,-35.55860364437103,-4133.412565141916,0.019230769230769232,0.5686274509803921,0.4283231972198089
YGL236C,-1,-35.558812230825424,-4390.239142969251,0.019218025182239893,0.5686274509803921,0.4286128004633652
YJL085W,-1,-35.56270754337311,-4438.789761543274,0.019205298013245033,0.5686274509803921,0.4289024037069215
YCR094W,-1,-35.57153835892677,-4299.06596660614,0.019192587690271344,0.5686274509803921,0.4291920069504778
YJR160C,-1,-35.581706404685974,-4265.5638844668865,0.01917989417989418,0.5686274509803921,0.4294816101940342
YDR488C,-1,-35.58706730604172,-4263.307102829218,0.019167217448777262,0.5686274509803921,0.4297712134375905
YBR236C,-1,-35.587619453668594,-4329.339403659105,0.01915455746367239,0.5686274509803921,0.4300608166811468
YDL145C,0,-35.59899425506592,-4200.5847402215,0.01915455746367239,0.5686274509803921,0.4300608166811468
YJL059W,-1,-35.611461848020554,-4249.572788715363,0.01914191419141914,0.5686274509803921,0.43035041992470313
YBL026W,-1,-35.61379346251488,-4293.838936388493,0.01912928759894459,0.5686274509803921,0.4306400231682595
YBR237W,-1,-35.61382591724396,-4427.018824011087,0.01911667765326302,0.5686274509803921,0.4309296264118158
YBL054W,0,-35.61640155315399,-4282.910985976458,0.01911667765326302,0.5686274509803921,0.4309296264118158
YER124C,0,-35.63628387451172,-4338.423338860273,0.01911667765326302,0.5686274509803921,0.4309296264118158
YLR099C,-1,-35.63634446263313,-4328.5917776972055,0.019104084321475624,0.5686274509803921,0.4312192296553721
YDR320C-A,-1,-35.64346843957901,-4404.227646797895,0.019091507570770244,0.5686274509803921,0.43150883289892844
YKR019C,-1,-35.649487406015396,-4436.327161133289,0.019078947368421053,0.5686274509803921,0.4317984361424848
YPL248C,0,-35.650377690792084,-4286.193717837334,0.019078947368421053,0.5686274509803921,0.4317984361424848
YJL081C,-1,-35.65174809098244,-4299.591165482998,0.0190664036817883,0.5686274509803921,0.4320880393860411
YGL122C,-1,-35.65715417265892,-4304.7497420609,0.019053876478318004,0.5686274509803921,0.43237764262959744
YML056C,0,-35.663486033678055,-4368.3141151070595,0.019053876478318004,0.5686274509803921,0.43237764262959744
YBR037C,-1,-35.66391175985336,-4469.529336988926,0.019041365725541694,0.5686274509803921,0.4326672458731538
YHR140W,0,-35.66647809743881,-4186.71709766984,0.019041365725541694,0.5686274509803921,0.4326672458731538
YDR258C,-1,-35.66865998506546,-4544.377159848809,0.019028871391076115,0.5686274509803921,0.4329568491167101
YDL076C,0,-35.67056819796562,-4313.0787490308285,0.019028871391076115,0.5686274509803921,0.4329568491167101
YDL018C,0,-35.67445853352547,-4469.927520304918,0.019028871391076115,0.5686274509803921,0.4329568491167101
YHR157W,-1,-35.68571665883064,-4397.825073570013,0.01901639344262295,0.5686274509803921,0.43324645236026643
YER093C,-1,-35.69146150350571,-4219.654678225517,0.019003931847968544,0.5686274509803921,0.43353605560382275
YJL089W,1,-35.69609671831131,-4345.129320770502,0.019646365422396856,0.5882352941176471,0.43353605560382275
YPR097W,0,-35.69715505838394,-4227.804756164551,0.019646365422396856,0.5882352941176471,0.43353605560382275
YCR023C,-1,-35.70346784591675,-4286.453953772783,0.01963350785340314,0.5882352941176471,0.4338256588473791
YDR513W,-1,-35.70779013633728,-4395.441381454468,0.01962066710268149,0.5882352941176471,0.4341152620909354
YGL257C,-1,-35.71068486571312,-4463.495518684387,0.0196078431372549,0.5882352941176471,0.43440486533449174
YPR199C,-1,-35.71671539545059,-4291.057645916939,0.019595035924232528,0.5882352941176471,0.43469446857804805
YCL054W,-1,-35.71996051073074,-4547.496513351798,0.0195822454308094,0.5882352941176471,0.4349840718216044
YKL082C,-1,-35.72560787200928,-4550.151738092303,0.019569471624266144,0.5882352941176471,0.43527367506516074
YBR041W,-1,-35.72634878754616,-4318.047785967588,0.01955671447196871,0.5882352941176471,0.43556327830871705
YHL006C,-1,-35.72853431105614,-4345.688690155745,0.019543973941368076,0.5882352941176471,0.43585288155227336
YOR332W,-1,-35.735118597745895,-4275.069947630167,0.01953125,0.5882352941176471,0.43614248479582973
YNL009W,-1,-35.735120475292206,-4522.482852846384,0.01951854261548471,0.5882352941176471,0.43643208803938605
YPL062W,0,-35.73903834819794,-4218.5814189612865,0.01951854261548471,0.5882352941176471,0.43643208803938605
YLR242C,-1,-35.73979598283768,-4369.988947376609,0.01950585175552666,0.5882352941176471,0.43672169128294236
YJL144W,-1,-35.739936143159866,-4180.444026589394,0.01949317738791423,0.5882352941176471,0.4370112945264987
YLR297W,0,-35.7435208261013,-4282.252396553755,0.01949317738791423,0.5882352941176471,0.4370112945264987
YNL221C,-1,-35.74566385149956,-4418.086941957474,0.01948051948051948,0.5882352941176471,0.43730089777005504
YKL077W,0,-35.748719394207,-4255.61687541008,0.01948051948051948,0.5882352941176471,0.43730089777005504
YHR069C,-1,-35.751551643013954,-4498.80479721725,0.01946787800129786,0.5882352941176471,0.43759050101361135
YJR006W,-1,-35.75413382053375,-4300.518103778362,0.019455252918287938,0.5882352941176471,0.43788010425716767
YOR019W,0,-35.75767147541046,-4302.0610882639885,0.019455252918287938,0.5882352941176471,0.43788010425716767
YEL059C-A,0,-35.764201521873474,-4275.289188206196,0.019455252918287938,0.5882352941176471,0.43788010425716767
YFL031W,-1,-35.76693657040596,-4290.275024682283,0.019442644199611146,0.5882352941176471,0.438169707500724
YGR238C,-1,-35.7674603164196,-4295.417847782373,0.019430051813471502,0.5882352941176471,0.43845931074428035
YBR070C,-1,-35.77959343791008,-4241.457309782505,0.019417475728155338,0.5882352941176471,0.43874891398783666
YML077W,-1,-35.78212261199951,-4356.229674428701,0.019404915912031046,0.5882352941176471,0.439038517231393
YGL032C,-1,-35.7866290807724,-4418.74019241333,0.019392372333548805,0.5882352941176471,0.43932812047494935
YBL090W,-1,-35.789771139621735,-4572.094867527485,0.01937984496124031,0.5882352941176471,0.43961772371850566
YPL183C,-1,-35.79089069366455,-4251.611720025539,0.019367333763718526,0.5882352941176471,0.439907326962062
YJL170C,-1,-35.79323363304138,-4281.701961249113,0.01935483870967742,0.5882352941176471,0.4401969302056183
YLR345W,0,-35.79441514611244,-4190.658430457115,0.01935483870967742,0.5882352941176471,0.4401969302056183
YMR002W,0,-35.79870784282684,-4131.515749722719,0.01935483870967742,0.5882352941176471,0.4401969302056183
YKL192C,-1,-35.80306959152222,-4523.34816659987,0.019342359767891684,0.5882352941176471,0.44048653344917466
YNL010W,0,-35.8107596039772,-4383.739662885666,0.019342359767891684,0.5882352941176471,0.44048653344917466
YLR396C,-1,-35.81233564019203,-4184.285122960806,0.019329896907216496,0.5882352941176471,0.44077613669273097
YMR323W,0,-35.81989049911499,-4415.151712983847,0.019329896907216496,0.5882352941176471,0.44077613669273097
YBR182C,-1,-35.821908831596375,-4350.153779670596,0.019317450096587252,0.5882352941176471,0.4410657399362873
YHR202W,0,-35.83782374858856,-4127.732133418322,0.019317450096587252,0.5882352941176471,0.4410657399362873
YKL211C,0,-35.84186980128288,-4320.660114496946,0.019317450096587252,0.5882352941176471,0.4410657399362873
YGR154C,0,-35.84651070833206,-4401.010955572128,0.019317450096587252,0.5882352941176471,0.4410657399362873
YNL005C,-1,-35.850956082344055,-4529.74780613184,0.019305019305019305,0.5882352941176471,0.4413553431798436
YHR077C,-1,-35.8564738035202,-4246.547315984964,0.01929260450160772,0.5882352941176471,0.44164494642339996
YGL200C,0,-35.8583919107914,-4212.129531413317,0.01929260450160772,0.5882352941176471,0.44164494642339996
YLR394W,-1,-35.86244070529938,-4354.746376305819,0.019280205655526992,0.5882352941176471,0.4419345496669563
YNL252C,-1,-35.862674832344055,-4508.653507471085,0.019267822736030827,0.5882352941176471,0.4422241529105126
YDR306C,-1,-35.87406677007675,-4219.407892405987,0.019255455712451863,0.5882352941176471,0.4425137561540689
YFR019W,-1,-35.87652134895325,-4296.113679081202,0.01924310455420141,0.5882352941176471,0.4428033593976253
YPR167C,0,-35.87868830561638,-4532.360355168581,0.01924310455420141,0.5882352941176471,0.4428033593976253
YDR231C,-1,-35.884876132011414,-4427.549561679363,0.019230769230769232,0.5882352941176471,0.4430929626411816
YIL168W,0,-35.888929188251495,-4319.485448241234,0.019230769230769232,0.5882352941176471,0.4430929626411816
YOR058C,-1,-35.89708113670349,-4199.612397953868,0.019218449711723255,0.5882352941176471,0.4433825658847379
YNL317W,-1,-35.8983393907547,-4251.41512298584,0.019206145966709345,0.5882352941176471,0.4436721691282942
YJL019W,-1,-35.90040558576584,-4341.041100412607,0.019193857965451054,0.5882352941176471,0.4439617723718506
YOR192C,-1,-35.914499282836914,-4267.996703922749,0.01918158567774936,0.5882352941176471,0.4442513756154069
YNL230C,-1,-35.92689394950867,-4569.970699429512,0.019169329073482427,0.5882352941176471,0.4445409788589632
YDR210W,0,-35.93102592229843,-4385.041933596134,0.019169329073482427,0.5882352941176471,0.4445409788589632
YML006C,-1,-35.93670290708542,-4426.724126011133,0.019157088122605363,0.5882352941176471,0.4448305821025195
YOR273C,-1,-35.941879630088806,-4409.399917125702,0.01914486279514997,0.5882352941176471,0.4451201853460759
YPL235W,-1,-35.9439671933651,-4340.457107022405,0.01913265306122449,0.5882352941176471,0.4454097885896322
YPL117C,-1,-35.953189730644226,-4222.410443469882,0.019120458891013385,0.5882352941176471,0.4456993918331885
YAR035W,-1,-35.956509947776794,-4439.669585585594,0.01910828025477707,0.5882352941176471,0.44598899507674483
YBR253W,-1,-35.96236649155617,-4459.929761067033,0.019096117122851686,0.5882352941176471,0.4462785983203012
YPL190C,-1,-35.96991342306137,-4343.3633710742,0.019083969465648856,0.5882352941176471,0.4465682015638575
YOL149W,-1,-35.97554489970207,-4354.471609532833,0.019071837253655435,0.5882352941176471,0.4468578048074138
YPL162C,0,-35.98391658067703,-4225.124842077494,0.019071837253655435,0.5882352941176471,0.4468578048074138
YGR028W,-1,-35.98910215497017,-4376.929740399122,0.01905972045743329,0.5882352941176471,0.4471474080509702
YHL017W,0,-35.999947905540466,-4305.625230491161,0.01905972045743329,0.5882352941176471,0.4471474080509702
YPL138C,0,-36.00499817728996,-4279.125336199999,0.01905972045743329,0.5882352941176471,0.4471474080509702
YIR019C,1,-36.019229888916016,-4477.680676490068,0.019682539682539683,0.6078431372549019,0.4471474080509702
YNL092W,0,-36.01986390352249,-4281.700151145458,0.019682539682539683,0.6078431372549019,0.4471474080509702
YKL045W,-1,-36.025601893663406,-4239.586034357548,0.01967005076142132,0.6078431372549019,0.4474370112945265
YBL066C,0,-36.026048332452774,-4486.6441124379635,0.01967005076142132,0.6078431372549019,0.4474370112945265
YBR240C,-1,-36.03040611743927,-4362.799688518047,0.019657577679137603,0.6078431372549019,0.4477266145380828
YML036W,-1,-36.03563901782036,-4336.936966925859,0.01964512040557668,0.6078431372549019,0.44801621778163914
YGR132C,-1,-36.04168885946274,-4526.004070162773,0.019632678910702975,0.6078431372549019,0.4483058210251955
YMR269W,-1,-36.04375948011875,-4646.812932804227,0.019620253164556962,0.6078431372549019,0.4485954242687518
YMR052W,-1,-36.047164380550385,-4618.430456221104,0.0196078431372549,0.6078431372549019,0.44888502751230813
YIL098C,-1,-36.052600055933,-4515.991171836853,0.019595448798988623,0.6078431372549019,0.44917463075586445
YBR245C,-1,-36.05611637234688,-4479.503262147307,0.01958307012002527,0.6078431372549019,0.4494642339994208
YHR081W,-1,-36.060010105371475,-4435.119837805629,0.019570707070707072,0.6078431372549019,0.44975383724297713
YNL012W,-1,-36.06737023591995,-4352.485287517309,0.019558359621451103,0.6078431372549019,0.45004344048653344
YGR246C,-1,-36.09875586628914,-4331.325061559677,0.019546027742749054,0.6078431372549019,0.45033304373008975
YLR442C,-1,-36.10104304552078,-4377.937630742788,0.019533711405166982,0.6078431372549019,0.4506226469736461
YMR240C,-1,-36.101264864206314,-4527.8448877334595,0.01952141057934509,0.6078431372549019,0.45091225021720244
YCL063W,-1,-36.101979315280914,-4390.084447041154,0.019509125235997484,0.6078431372549019,0.45120185346075875
YJR121W,-1,-36.10359391570091,-4571.478213429451,0.01949685534591195,0.6078431372549019,0.45149145670431506
YDR045C,-1,-36.11040511727333,-4498.0867638885975,0.01948460087994972,0.6078431372549019,0.45178105994787143
YJR127C,0,-36.111783772706985,-4393.99846586585,0.01948460087994972,0.6078431372549019,0.45178105994787143
YOR095C,0,-36.113559395074844,-4446.0569533109665,0.01948460087994972,0.6078431372549019,0.45178105994787143
YDR512C,-1,-36.119166404008865,-4444.660259664059,0.019472361809045227,0.6078431372549019,0.45207066319142775
YLR389C,0,-36.12271812558174,-4194.388869553804,0.019472361809045227,0.6078431372549019,0.45207066319142775
YLR332W,-1,-36.126821368932724,-4239.379563868046,0.0194601381042059,0.6078431372549019,0.45236026643498406
YHL007C,1,-36.132877200841904,-4524.709112375975,0.020075282308657464,0.6274509803921569,0.45236026643498406
YHR184W,-1,-36.14625659584999,-4458.255814909935,0.02006269592476489,0.6274509803921569,0.4526498696785404
YMR199W,-1,-36.147668212652206,-4274.951600462198,0.020050125313283207,0.6274509803921569,0.45293947292209674
YOR049C,-1,-36.153046786785126,-4367.91699296236,0.020037570444583593,0.6274509803921569,0.45322907616565306
YCR020W-B,-1,-36.15873032808304,-4435.743231534958,0.02002503128911139,0.6274509803921569,0.45351867940920937
YCR069W,-1,-36.1598756313324,-4289.020955115557,0.020012507817385866,0.6274509803921569,0.45380828265276574
YDR506C,-1,-36.16281855106354,-4276.449264794588,0.02,0.6274509803921569,0.45409788589632205
YJL129C,-1,-36.163846254348755,-4287.889566749334,0.019987507807620236,0.6274509803921569,0.45438748913987836
YBR120C,-1,-36.16764113306999,-4521.778977885842,0.019975031210986267,0.6274509803921569,0.4546770923834347
YPL022W,-1,-36.1761429309845,-4438.2448245584965,0.019962570180910792,0.6274509803921569,0.45496669562699105
YDR424C,0,-36.18259397149086,-4539.35270217061,0.019962570180910792,0.6274509803921569,0.45496669562699105
YKL099C,-1,-36.18832203745842,-4580.287037611008,0.0199501246882793,0.6274509803921569,0.45525629887054736
YLR405W,-1,-36.18871760368347,-4375.201690927148,0.019937694704049845,0.6274509803921569,0.4555459021141037
YML072C,0,-36.202407479286194,-4402.888934910297,0.019937694704049845,0.6274509803921569,0.4555459021141037
YGR144W,-1,-36.20366880297661,-4551.194364845753,0.019925280199252802,0.6274509803921569,0.45583550535766
YJR096W,-1,-36.20373237133026,-4271.752731502056,0.019912881144990666,0.6274509803921569,0.45612510860121636
YBR049C,-1,-36.20433837175369,-4329.328073889017,0.01990049751243781,0.6274509803921569,0.45641471184477267
YER161C,-1,-36.2049520611763,-4434.906798988581,0.019888129272840272,0.6274509803921569,0.456704315088329
YLR176C,-1,-36.2083882689476,-4438.289712995291,0.01987577639751553,0.6274509803921569,0.4569939183318853
YHR185C,-1,-36.21800446510315,-4418.966324329376,0.019863438857852266,0.6274509803921569,0.45728352157544166
YBR213W,-1,-36.224339723587036,-4497.836134523153,0.019851116625310174,0.6274509803921569,0.457573124818998
YJL073W,-1,-36.229898899793625,-4335.8120431005955,0.019838809671419714,0.6274509803921569,0.4578627280625543
YDL031W,-1,-36.23000806570053,-4494.596927821636,0.01982651796778191,0.6274509803921569,0.4581523313061106
YGL249W,-1,-36.23295718431473,-4238.49154701829,0.019814241486068113,0.6274509803921569,0.458441934549667
YJL186W,-1,-36.23724985122681,-4036.3402755856514,0.019801980198019802,0.6274509803921569,0.4587315377932233
YJR095W,-1,-36.238118559122086,-4369.140727639198,0.019789734075448363,0.6274509803921569,0.4590211410367796
YDR227W,-1,-36.23938390612602,-4399.233802333474,0.019777503090234856,0.6274509803921569,0.4593107442803359
YCL004W,-1,-36.251793056726456,-4398.184180557728,0.019765287214329835,0.6274509803921569,0.4596003475238923
YGL086W,-1,-36.26279014348984,-4532.45801961422,0.019753086419753086,0.6274509803921569,0.4598899507674486
YBL088C,-1,-36.26507222652435,-4422.0098105072975,0.01974090067859346,0.6274509803921569,0.4601795540110049
YPR155C,-1,-36.26528289914131,-4610.031809777021,0.01972872996300863,0.6274509803921569,0.4604691572545613
YBR036C,-1,-36.26603442430496,-4635.0463950634,0.019716574245224893,0.6274509803921569,0.4607587604981176
YLR340W,-1,-36.26606559753418,-4513.27343441546,0.019704433497536946,0.6274509803921569,0.4610483637416739
YER041W,-1,-36.27030390501022,-4360.75917750597,0.019692307692307693,0.6274509803921569,0.4613379669852302
YPL042C,-1,-36.27825266122818,-4436.918604314327,0.01968019680196802,0.6274509803921569,0.4616275702287866
YLR376C,-1,-36.292028188705444,-4349.7066340744495,0.019668100799016593,0.6274509803921569,0.4619171734723429
YHR017W,0,-36.29952201247215,-4233.056064724922,0.019668100799016593,0.6274509803921569,0.4619171734723429
YHL008C,-1,-36.305969297885895,-4366.745991140604,0.019656019656019656,0.6274509803921569,0.4622067767158992
YGR278W,-1,-36.31658971309662,-4241.740989625454,0.019643953345610803,0.6274509803921569,0.46249637995945553
YDR067C,0,-36.31862586736679,-4211.661582112312,0.019643953345610803,0.6274509803921569,0.46249637995945553
YGL142C,-1,-36.32781004905701,-4359.6543309390545,0.0196319018404908,0.6274509803921569,0.4627859832030119
YJL192C,0,-36.32803896069527,-4585.888178288937,0.0196319018404908,0.6274509803921569,0.4627859832030119
YGR205W,0,-36.3392459154129,-4389.9111478328705,0.0196319018404908,0.6274509803921569,0.4627859832030119
YKL203C,-1,-36.35856068134308,-4393.1458405554295,0.019619865113427344,0.6274509803921569,0.4630755864465682
YHR020W,-1,-36.36305648088455,-4383.217265278101,0.0196078431372549,0.6274509803921569,0.4633651896901245
YHL025W,-1,-36.3648079931736,-4309.833854526281,0.019595835884874464,0.6274509803921569,0.46365479293368084
YOR354C,-1,-36.36788347363472,-4509.967768609524,0.019583843329253364,0.6274509803921569,0.4639443961772372
YOR371C,1,-36.36835357546806,-4333.343865662813,0.02018348623853211,0.6470588235294118,0.4639443961772372
YMR109W,-1,-36.37186223268509,-4129.422846823931,0.020171149144254278,0.6470588235294118,0.4642339994207935
YNL058C,0,-36.37478244304657,-4378.977990150452,0.020171149144254278,0.6470588235294118,0.4642339994207935
YNL242W,-1,-36.37665373086929,-4470.159438729286,0.020158827122785584,0.6470588235294118,0.46452360266434983
YDR415C,0,-36.37851494550705,-4333.077261120081,0.020158827122785584,0.6470588235294118,0.46452360266434983
YLR426W,-1,-36.38236975669861,-4318.024035692215,0.020146520146520148,0.6470588235294118,0.46481320590790615
YDR175C,-1,-36.38389930129051,-4445.011197835207,0.020134228187919462,0.6470588235294118,0.4651028091514625
YHL037C,0,-36.390817642211914,-4207.449322044849,0.020134228187919462,0.6470588235294118,0.4651028091514625
YML025C,-1,-36.39961266517639,-4567.907690316439,0.020121951219512196,0.6470588235294118,0.46539241239501883
YPL151C,-1,-36.404403150081635,-4355.848945721984,0.02010968921389397,0.6470588235294118,0.46568201563857514
YMR113W,0,-36.407101571559906,-4260.960386365652,0.02010968921389397,0.6470588235294118,0.46568201563857514
YCL038C,-1,-36.41032034158707,-4417.45186522603,0.020097442143727162,0.6470588235294118,0.46597161888213146
YNL251C,-1,-36.41719463467598,-4283.893504619598,0.02008520998174072,0.6470588235294118,0.4662612221256878
YDL005C,-1,-36.42134636640549,-4482.137817487121,0.020072992700729927,0.6470588235294118,0.46655082536924414
YKR034W,0,-36.421463429927826,-4391.947971314192,0.020072992700729927,0.6470588235294118,0.46655082536924414
YIL067C,0,-36.42253702878952,-4287.580476760864,0.020072992700729927,0.6470588235294118,0.46655082536924414
YKL003C,-1,-36.43299585580826,-4602.756506949663,0.02006079027355623,0.6470588235294118,0.46684042861280045
YPL253C,-1,-36.44772598147392,-4443.92448720336,0.020048602673147023,0.6470588235294118,0.46713003185635676
YKL101W,-1,-36.4496588408947,-4533.242935940623,0.020036429872495445,0.6470588235294118,0.46741963509991313
YLR386W,-1,-36.45081725716591,-4293.892946213484,0.020024271844660196,0.6470588235294118,0.46770923834346945
YJR123W,0,-36.45450645685196,-4501.15852804482,0.020024271844660196,0.6470588235294118,0.46770923834346945
YER140W,-1,-36.46225470304489,-4375.045058816671,0.02001212856276531,0.6470588235294118,0.46799884158702576
YLR182W,-1,-36.463103234767914,-4543.99113984406,0.02,0.6470588235294118,0.46828844483058213
YBR019C,0,-36.46679002046585,-4378.206910341978,0.02,0.6470588235294118,0.46828844483058213
YKR090W,0,-36.46952739357948,-4306.87919023633,0.02,0.6470588235294118,0.46828844483058213
YML018C,0,-36.470778942108154,-4326.772889107466,0.02,0.6470588235294118,0.46828844483058213
YJR126C,0,-36.472973585128784,-4283.039980649948,0.02,0.6470588235294118,0.46828844483058213
YBR095C,1,-36.47413024306297,-4435.476225286722,0.02059357964869776,0.6666666666666666,0.46828844483058213
YNL217W,0,-36.47428637742996,-4387.91288125515,0.02059357964869776,0.6666666666666666,0.46828844483058213
YGR292W,0,-36.474395871162415,-4214.144852370024,0.02059357964869776,0.6666666666666666,0.46828844483058213
YML055W,0,-36.47579053044319,-4525.002220213413,0.02059357964869776,0.6666666666666666,0.46828844483058213
YPL265W,-1,-36.491184055805206,-4448.218884557486,0.020581113801452784,0.6666666666666666,0.46857804807413844
YPL147W,-1,-36.494369477033615,-4446.031381189823,0.0205686630369026,0.6666666666666666,0.46886765131769476
YGR156W,-1,-36.5045220553875,-4506.451726585627,0.020556227327690448,0.6666666666666666,0.46915725456125107
YDL211C,0,-36.516568541526794,-4376.2747849226,0.020556227327690448,0.6666666666666666,0.46915725456125107
YDL214C,-1,-36.51747041940689,-4499.135579496622,0.02054380664652568,0.6666666666666666,0.46944685780480744
YGL039W,0,-36.52141210436821,-4293.854422032833,0.02054380664652568,0.6666666666666666,0.46944685780480744
YDR283C,-1,-36.5277995467186,-4334.03599563241,0.020531400966183576,0.6666666666666666,0.46973646104836375
YBR023C,-1,-36.53296634554863,-4339.881870239973,0.02051901025950513,0.6666666666666666,0.47002606429192006
YDR167W,-1,-36.5338194668293,-4457.845252841711,0.020506634499396863,0.6666666666666666,0.4703156675354764
YJL156C,0,-36.53445705771446,-4283.461972653866,0.020506634499396863,0.6666666666666666,0.4703156675354764
YDL074C,-1,-36.53865239024162,-4614.577461481094,0.020494273658830622,0.6666666666666666,0.47060527077903275
YNL138W,-1,-36.539068192243576,-4222.835930556059,0.020481927710843374,0.6666666666666666,0.47089487402258906
YBR021W,-1,-36.54874464869499,-4447.22260594368,0.020469596628537028,0.6666666666666666,0.4711844772661454
YIR025W,-1,-36.55118474364281,-4322.80472779274,0.02045728038507822,0.6666666666666666,0.4714740805097017
YML114C,-1,-36.55377596616745,-4427.654717206955,0.020444978953698137,0.6666666666666666,0.47176368375325806
YGL258W-A,0,-36.5602051615715,-4308.62834918499,0.020444978953698137,0.6666666666666666,0.47176368375325806
YMR033W,-1,-36.56435114145279,-4455.490874916315,0.020432692307692308,0.6666666666666666,0.47205328699681437
YBR198C,-1,-36.56588315963745,-4377.3377241790295,0.02042042042042042,0.6666666666666666,0.4723428902403707
YLL050C,-1,-36.57334387302399,-4487.270396590233,0.02040816326530612,0.6666666666666666,0.472632493483927
YBR039W,-1,-36.57424005866051,-4536.93673594296,0.020395920815836834,0.6666666666666666,0.47292209672748337
YKL100C,0,-36.57878798246384,-4350.043535619974,0.020395920815836834,0.6666666666666666,0.47292209672748337
YDR298C,-1,-36.58353611826897,-4658.081348657608,0.02038369304556355,0.6666666666666666,0.4732116999710397
YFR042W,0,-36.608080089092255,-4280.4323209524155,0.02038369304556355,0.6666666666666666,0.4732116999710397
YBL085W,0,-36.61919701099396,-4367.590403109789,0.02038369304556355,0.6666666666666666,0.4732116999710397
YKL001C,0,-36.6252121925354,-4376.0343651771545,0.02038369304556355,0.6666666666666666,0.4732116999710397
YLR288C,-1,-36.62603181600571,-4280.184144586325,0.02037147992810066,0.6666666666666666,0.473501303214596
YFL024C,-1,-36.62813729047775,-4373.017192333937,0.02035928143712575,0.6666666666666666,0.4737909064581523
YOL086C,0,-36.63312813639641,-4302.00993925333,0.02035928143712575,0.6666666666666666,0.4737909064581523
YGR138C,-1,-36.63395529985428,-4503.13667306304,0.020347097546379412,0.6666666666666666,0.4740805097017087
YDL148C,-1,-36.635493993759155,-4750.157522901893,0.02033492822966507,0.6666666666666666,0.474370112945265
YMR094W,-1,-36.64470699429512,-4544.229025006294,0.020322773460848775,0.6666666666666666,0.4746597161888213
YKL218C,0,-36.65732163190842,-4320.331993535161,0.020322773460848775,0.6666666666666666,0.4746597161888213
YGR217W,-1,-36.65753161907196,-4346.2116822600365,0.02031063321385902,0.6666666666666666,0.47494931943237767
YOR088W,-1,-36.66362842917442,-4323.98349994421,0.020298507462686566,0.6666666666666666,0.475238922675934
YCL027W,-1,-36.673436760902405,-4311.747331947088,0.02028639618138425,0.6666666666666666,0.4755285259194903
YFR013W,-1,-36.67356061935425,-4501.24688975513,0.020274299344066785,0.6666666666666666,0.4758181291630466
YOL006C,-1,-36.67405527830124,-4669.03801086545,0.02026221692491061,0.6666666666666666,0.476107732406603
YPR095C,-1,-36.68771034479141,-4382.377624601126,0.02025014889815366,0.6666666666666666,0.4763973356501593
YMR218C,0,-36.687744081020355,-4497.328822910786,0.02025014889815366,0.6666666666666666,0.4763973356501593
YBR056W,0,-36.696970373392105,-4307.881461918354,0.02025014889815366,0.6666666666666666,0.4763973356501593
YFR028C,-1,-36.69876375794411,-4524.111465796828,0.02023809523809524,0.6666666666666666,0.4766869388937156
YER179W,-1,-36.70588091015816,-4438.551177620888,0.020226055919095775,0.6666666666666666,0.4769765421372719
YBR128C,-1,-36.70926159620285,-4209.643378525972,0.020214030915576695,0.6666666666666666,0.4772661453808283
YBL057C,-1,-36.70962682366371,-4491.274693638086,0.020202020202020204,0.6666666666666666,0.4775557486243846
YPR133W-A,-1,-36.72172939777374,-4501.956473857164,0.020190023752969122,0.6666666666666666,0.4778453518679409
YDR107C,1,-36.72647401690483,-4529.658753275871,0.020771513353115726,0.6862745098039216,0.4778453518679409
YBL092W,0,-36.727624982595444,-4510.54170113802,0.020771513353115726,0.6862745098039216,0.4778453518679409
YPR166C,-1,-36.732317954301834,-4438.26471978426,0.020759193357058125,0.6862745098039216,0.47813495511149723
YPR151C,0,-36.73713743686676,-4424.736548751593,0.020759193357058125,0.6862745098039216,0.47813495511149723
YJL054W,-1,-36.740838795900345,-4456.522500485182,0.02074688796680498,0.6862745098039216,0.4784245583550536
YDL195W,0,-36.74402588605881,-4242.4623057842255,0.02074688796680498,0.6862745098039216,0.4784245583550536
YAL028W,0,-36.74715676903725,-4493.339673966169,0.02074688796680498,0.6862745098039216,0.4784245583550536
YPL019C,-1,-36.75099667906761,-4530.258318275213,0.020734597156398103,0.6862745098039216,0.4787141615986099
YDR503C,-1,-36.75532245635986,-4370.368490487337,0.020722320899940794,0.6862745098039216,0.4790037648421662
YAL009W,-1,-36.772374510765076,-4468.187104180455,0.020710059171597635,0.6862745098039216,0.47929336808572254
YDR362C,-1,-36.77906274795532,-4430.502981632948,0.02069781194559432,0.6862745098039216,0.4795829713292789
YDR060W,-1,-36.78356583416462,-4801.379560112953,0.020685579196217493,0.6862745098039216,0.4798725745728352
YDL206W,-1,-36.78504800796509,-4332.386800318956,0.02067336089781453,0.6862745098039216,0.48016217781639153
YFR045W,0,-36.78667598962784,-4350.707020431757,0.02067336089781453,0.6862745098039216,0.48016217781639153
YMR176W,0,-36.794446140527725,-4511.289119780064,0.02067336089781453,0.6862745098039216,0.48016217781639153
YNL264C,-1,-36.80508816242218,-4449.256330341101,0.02066115702479339,0.6862745098039216,0.48045178105994785
YDL139C,-1,-36.80972483754158,-4438.54459631443,0.02064896755162242,0.6862745098039216,0.4807413843035042
YNL257C,-1,-36.81945940852165,-4292.931753009558,0.020636792452830188,0.6862745098039216,0.48103098754706053
YOR046C,0,-36.823245108127594,-4344.441037386656,0.020636792452830188,0.6862745098039216,0.48103098754706053
YDR237W,-1,-36.83181381225586,-4341.753215998411,0.020624631703005304,0.6862745098039216,0.48132059079061684
YDR257C,0,-36.83244037628174,-4558.007360994816,0.020624631703005304,0.6862745098039216,0.48132059079061684
YHR109W,0,-36.83973869681358,-4506.725124955177,0.020624631703005304,0.6862745098039216,0.48132059079061684
YCR075C,-1,-36.843971967697144,-4374.764660924673,0.02061248527679623,0.6862745098039216,0.48161019403417316
YKR102W,0,-36.8475104868412,-4333.233010798693,0.02061248527679623,0.6862745098039216,0.48161019403417316
YMR091C,-1,-36.85041722655296,-4599.559877887368,0.020600353148911125,0.6862745098039216,0.4818997972777295
YGL050W,-1,-36.85638228058815,-4578.001411795616,0.020588235294117647,0.6862745098039216,0.48218940052128584
YHR188C,-1,-36.86507731676102,-4255.436366468668,0.0205761316872428,0.6862745098039216,0.48247900376484215
YDR308C,-1,-36.86843943595886,-4440.522852391005,0.020564042303172738,0.6862745098039216,0.4827686070083985
YJR147W,-1,-36.874996572732925,-4240.21471786499,0.020551967116852612,0.6862745098039216,0.48305821025195483
YNR057C,0,-36.87772370874882,-4694.520007476211,0.020551967116852612,0.6862745098039216,0.48305821025195483
YGL065C,-1,-36.88548183441162,-4768.512807160616,0.020539906103286387,0.6862745098039216,0.48334781349551115
YPL116W,0,-36.90059906244278,-4375.402242913842,0.020539906103286387,0.6862745098039216,0.48334781349551115
YMR306W,-1,-36.90113615989685,-4575.216210901737,0.020527859237536656,0.6862745098039216,0.48363741673906746
YGR218W,-1,-36.901981711387634,-4367.619334965944,0.020515826494724502,0.6862745098039216,0.48392701998262383
YNR026C,-1,-36.90369513630867,-4686.1883916556835,0.020503807850029292,0.6862745098039216,0.48421662322618014
YOL135C,-1,-36.91589844226837,-4628.967776283622,0.020491803278688523,0.6862745098039216,0.48450622646973646
YDR334W,-1,-36.91590017080307,-4407.266747385263,0.02047981275599766,0.6862745098039216,0.48479582971329277
YOR113W,0,-36.91671413183212,-4701.6138235628605,0.02047981275599766,0.6862745098039216,0.48479582971329277
YOL028C,-1,-36.91912341117859,-4647.2487016022205,0.02046783625730994,0.6862745098039216,0.48508543295684914
YBR015C,-1,-36.925773561000824,-4299.312621533871,0.020455873758036237,0.6862745098039216,0.48537503620040545
YJL123C,0,-36.931232035160065,-4399.313963383436,0.020455873758036237,0.6862745098039216,0.48537503620040545
YNL267W,-1,-36.93680655956268,-4387.070257693529,0.02044392523364486,0.6862745098039216,0.48566463944396177
YMR017W,-1,-36.938654720783234,-4481.9941501915455,0.020431990659661413,0.6862745098039216,0.4859542426875181
YFR018C,0,-36.939783215522766,-4278.208751708269,0.020431990659661413,0.6862745098039216,0.4859542426875181
YML086C,-1,-36.952386260032654,-4518.717563658953,0.020420070011668612,0.6862745098039216,0.48624384593107445
YMR072W,-1,-36.96004801988602,-4360.264056056738,0.02040816326530612,0.6862745098039216,0.48653344917463076
YIL051C,-1,-36.963260531425476,-4523.736311614513,0.020396270396270396,0.6862745098039216,0.4868230524181871
YOR033C,-1,-36.967410176992416,-4556.4106486439705,0.0203843913803145,0.6862745098039216,0.4871126556617434
YOR085W,-1,-36.96971607208252,-4373.849152952433,0.02037252619324796,0.6862745098039216,0.48740225890529976
YOL076W,-1,-36.98679578304291,-4522.189358860254,0.02036067481093659,0.6862745098039216,0.48769186214885607
YHL015W,-1,-36.99276441335678,-4476.672226965427,0.020348837209302327,0.6862745098039216,0.4879814653924124
YDR262W,0,-36.99436491727829,-4394.699169099331,0.020348837209302327,0.6862745098039216,0.4879814653924124
YMR244C-A,0,-36.99673721194267,-4338.010262578726,0.020348837209302327,0.6862745098039216,0.4879814653924124
YDR082W,0,-37.00290685892105,-4243.675676316023,0.020348837209302327,0.6862745098039216,0.4879814653924124
YMR065W,-1,-37.02413406968117,-4396.683299675584,0.02033701336432307,0.6862745098039216,0.4882710686359687
YPR047W,-1,-37.03281679749489,-4541.817430406809,0.02032520325203252,0.6862745098039216,0.48856067187952507
YGL084C,-1,-37.03405299782753,-4639.037515163422,0.020313406848520024,0.6862745098039216,0.4888502751230814
YCL066W,-1,-37.03979268670082,-4469.644828468561,0.020301624129930394,0.6862745098039216,0.4891398783666377
YJL166W,-1,-37.04009875655174,-4710.947304934263,0.020289855072463767,0.6862745098039216,0.48942948161019406
YLR166C,-1,-37.043422877788544,-4473.900224864483,0.020278099652375436,0.6862745098039216,0.4897190848537504
YML104C,-1,-37.050440937280655,-4418.517634987831,0.02026635784597568,0.6862745098039216,0.4900086880973067
YKR039W,-1,-37.05050244927406,-4475.395072907209,0.02025462962962963,0.6862745098039216,0.490298291340863
YNL270C,-1,-37.05277931690216,-4376.243423044682,0.020242914979757085,0.6862745098039216,0.49058789458441937
YLR029C,0,-37.063030898571014,-4572.6872758716345,0.020242914979757085,0.6862745098039216,0.49058789458441937
YML127W,-1,-37.063316494226456,-4589.307681560516,0.02023121387283237,0.6862745098039216,0.4908774978279757
YNL088W,-1,-37.065299332141876,-4473.40759113431,0.020219526285384173,0.6862745098039216,0.491167101071532
YJL167W,-1,-37.07045468688011,-4483.005625545979,0.02020785219399538,0.6862745098039216,0.4914567043150883
YCL016C,-1,-37.07067173719406,-4476.146571904421,0.020196191575302943,0.6862745098039216,0.4917463075586447
YGL103W,0,-37.072435081005096,-4469.652713835239,0.020196191575302943,0.6862745098039216,0.4917463075586447
YDR020C,0,-37.07293391227722,-4494.873643666506,0.020196191575302943,0.6862745098039216,0.4917463075586447
YLR052W,-1,-37.07576143741608,-4436.461211919785,0.020184544405997693,0.6862745098039216,0.492035910802201
YER051W,0,-37.0859252512455,-4388.0507607758045,0.020184544405997693,0.6862745098039216,0.492035910802201
YLR300W,0,-37.08914828300476,-4489.318101555109,0.020184544405997693,0.6862745098039216,0.492035910802201
YJR032W,-1,-37.1065416932106,-4586.677314162254,0.020172910662824207,0.6862745098039216,0.4923255140457573
YDR485C,-1,-37.11263328790665,-4444.459656685591,0.020161290322580645,0.6862745098039216,0.4926151172893136
YJL001W,-1,-37.11837613582611,-4701.609469026327,0.020149683362118594,0.6862745098039216,0.49290472053287
YLR084C,-1,-37.12597194314003,-4239.417960852385,0.020138089758342925,0.6862745098039216,0.4931943237764263
YBR029C,-1,-37.12859460711479,-4472.97657340765,0.020126509488211614,0.6862745098039216,0.4934839270199826
YIR026C,-1,-37.13083419203758,-4410.725338175893,0.020114942528735632,0.6862745098039216,0.49377353026353893
YDR473C,-1,-37.14573147892952,-4650.08500751853,0.020103388856978748,0.6862745098039216,0.4940631335070953
YEL065W,-1,-37.148173809051514,-4422.76061168313,0.020091848450057407,0.6862745098039216,0.4943527367506516
YOR292C,0,-37.14852052927017,-4395.116747379303,0.020091848450057407,0.6862745098039216,0.4943527367506516
YMR179W,-1,-37.14900362491608,-4587.2629520744085,0.020080321285140562,0.6862745098039216,0.4946423399942079
YNR039C,-1,-37.15104451775551,-4752.4894920140505,0.020068807339449542,0.6862745098039216,0.49493194323776424
YJR120W,-1,-37.16389101743698,-4408.023792356253,0.02005730659025788,0.6862745098039216,0.4952215464813206
YCR073C,-1,-37.17979311943054,-4535.439883992076,0.02004581901489118,0.6862745098039216,0.4955111497248769
YDR316W,0,-37.180129170417786,-4645.836789101362,0.02004581901489118,0.6862745098039216,0.4955111497248769
YMR293C,-1,-37.18335074186325,-4594.009801089764,0.02003434459072696,0.6862745098039216,0.49580075296843323
YGR256W,0,-37.18634653091431,-4453.521326482296,0.02003434459072696,0.6862745098039216,0.49580075296843323
YMR021C,-1,-37.19626784324646,-4271.912747710943,0.02002288329519451,0.6862745098039216,0.49609035621198955
YOR217W,-1,-37.20023739337921,-4502.962435901165,0.020011435105774727,0.6862745098039216,0.4963799594555459
YPL121C,-1,-37.20380121469498,-4404.02068695426,0.02,0.6862745098039216,0.49666956269910223
YAL044C,0,-37.204776257276535,-4741.676253497601,0.02,0.6862745098039216,0.49666956269910223
YFL066C,0,-37.207003235816956,-4404.448966294527,0.02,0.6862745098039216,0.49666956269910223
YBL093C,-1,-37.20877802371979,-4448.027849763632,0.019988577955454025,0.6862745098039216,0.49695916594265854
YDR331W,-1,-37.209936410188675,-4688.080969944596,0.01997716894977169,0.6862745098039216,0.4972487691862149
YKL165C,-1,-37.21693763136864,-4437.467156872153,0.019965772960638905,0.6862745098039216,0.4975383724297712
YPR156C,-1,-37.220927596092224,-4692.21135738492,0.019954389965792473,0.6862745098039216,0.49782797567332754
YOR320C,-1,-37.22964468598366,-4372.555745214224,0.019943019943019943,0.6862745098039216,0.49811757891688385
YER096W,-1,-37.250208377838135,-4462.939694106579,0.019931662870159454,0.6862745098039216,0.4984071821604402
YDL008W,-1,-37.251953065395355,-4343.764647632837,0.0199203187250996,0.6862745098039216,0.49869678540399653
YKR001C,-1,-37.25222808122635,-4226.277912586927,0.019908987485779295,0.6862745098039216,0.49898638864755285
YDR179C,-1,-37.272243559360504,-4337.106843084097,0.019897669130187607,0.6862745098039216,0.49927599189110916
YOR233W,-1,-37.275574803352356,-4638.470015063882,0.019886363636363636,0.6862745098039216,0.49956559513466553
YEL021W,0,-37.281056225299835,-4472.584132194519,0.019886363636363636,0.6862745098039216,0.49956559513466553
YMR075W,0,-37.29284891486168,-4502.991830050945,0.019886363636363636,0.6862745098039216,0.49956559513466553
YOL051W,-1,-37.295410454273224,-4379.196634352207,0.019875070982396367,0.6862745098039216,0.49985519837822184
YKL157W,0,-37.302035331726074,-4460.384928166866,0.019875070982396367,0.6862745098039216,0.49985519837822184
YOL145C,-1,-37.30410248041153,-4509.945317819715,0.019863791146424517,0.6862745098039216,0.5001448016217782
YIR015W,-1,-37.317807376384735,-4581.096885681152,0.019852524106636415,0.6862745098039216,0.5004344048653345
YOR351C,-1,-37.32256346940994,-4600.111965060234,0.01984126984126984,0.6862745098039216,0.5007240081088908
YJR107W,-1,-37.329845905303955,-4380.429759800434,0.019830028328611898,0.6862745098039216,0.5010136113524472
YNR070W,0,-37.331673979759216,-4468.847920119762,0.019830028328611898,0.6862745098039216,0.5010136113524472
YDR176W,-1,-37.332903414964676,-4608.436681672931,0.019818799546998868,0.6862745098039216,0.5013032145960035
YBL046W,-1,-37.3407176733017,-4705.185191035271,0.019807583474816072,0.6862745098039216,0.5015928178395598
YML087C,0,-37.34421309828758,-4449.702454954386,0.019807583474816072,0.6862745098039216,0.5015928178395598
YGR092W,-1,-37.34446340799332,-4365.908397108316,0.019796380090497737,0.6862745098039216,0.5018824210831161
YJR057W,-1,-37.35393542051315,-4393.206699311733,0.01978518937252685,0.6862745098039216,0.5021720243266724
YBR207W,-1,-37.356785744428635,-4463.9529712200165,0.01977401129943503,0.6862745098039216,0.5024616275702288
YJR054W,0,-37.36355537176132,-4408.594212710857,0.01977401129943503,0.6862745098039216,0.5024616275702288
YLL043W,-1,-37.36378926038742,-4664.01604154706,0.019762845849802372,0.6862745098039216,0.5027512308137851
YDR212W,-1,-37.37151691317558,-4489.832668423653,0.019751693002257337,0.6862745098039216,0.5030408340573415
YGR186W,-1,-37.37275034189224,-4682.210652321577,0.019740552735476594,0.6862745098039216,0.5033304373008978
YOR181W,-1,-37.38778856396675,-4477.173436284065,0.019729425028184894,0.6862745098039216,0.5036200405444541
YKL113C,-1,-37.40125572681427,-4530.033193051815,0.01971830985915493,0.6862745098039216,0.5039096437880104
YER082C,-1,-37.40335866808891,-4718.768459632993,0.019707207207207207,0.6862745098039216,0.5041992470315667
YKR037C,-1,-37.40350556373596,-4522.207778841257,0.019696117051209903,0.6862745098039216,0.5044888502751231
YPL236C,-1,-37.406240582466125,-4448.840432792902,0.01968503937007874,0.6862745098039216,0.5047784535186794
YBR050C,-1,-37.4072607755661,-4595.278166294098,0.01967397414277684,0.6862745098039216,0.5050680567622358
YIL171W,-1,-37.40846440196037,-4422.342867195606,0.019662921348314606,0.6862745098039216,0.5053576600057921
YPR204W,0,-37.41095042228699,-4425.439210623503,0.019662921348314606,0.6862745098039216,0.5053576600057921
YOL129W,-1,-37.42458486557007,-4402.644703537226,0.019651880965749578,0.6862745098039216,0.5056472632493484
YJR152W,-1,-37.42689910531044,-4500.204293042421,0.01964085297418631,0.6862745098039216,0.5059368664929047
YDL180W,0,-37.43505132198334,-4406.292373657227,0.01964085297418631,0.6862745098039216,0.5059368664929047
YOL017W,-1,-37.44098079204559,-4423.816807240248,0.01962983735277622,0.6862745098039216,0.506226469736461
YMR321C,0,-37.44205713272095,-4476.885070770979,0.01962983735277622,0.6862745098039216,0.506226469736461
YOR180C,-1,-37.44281059503555,-4487.66408509016,0.01961883408071749,0.6862745098039216,0.5065160729800173
YPL016W,-1,-37.44417452812195,-4452.5612615048885,0.0196078431372549,0.6862745098039216,0.5068056762235738
YOR359W,-1,-37.448442697525024,-4715.506819039583,0.01959686450167973,0.6862745098039216,0.5070952794671301
YFL010W-A,-1,-37.455823093652725,-4470.1521808207035,0.019585898153329603,0.6862745098039216,0.5073848827106864
YBR268W,-1,-37.458514869213104,-4684.74155844748,0.019574944071588368,0.6862745098039216,0.5076744859542427
YHR035W,0,-37.4824543595314,-4424.252938508987,0.019574944071588368,0.6862745098039216,0.5076744859542427
YGR125W,0,-37.48998725414276,-4432.809515863657,0.019574944071588368,0.6862745098039216,0.5076744859542427
YIL145C,-1,-37.49191698431969,-4434.473717421293,0.01956400223588597,0.6862745098039216,0.507964089197799
YPR178W,-1,-37.49804651737213,-4359.554015815258,0.019553072625698324,0.6862745098039216,0.5082536924413553
YLR385C,-1,-37.5021145939827,-4540.196282327175,0.01954215522054718,0.6862745098039216,0.5085432956849116
YDL056W,-1,-37.50281885266304,-4388.972013324499,0.01953125,0.6862745098039216,0.508832898928468
YPL281C,0,-37.50689119100571,-4396.732585281134,0.01953125,0.6862745098039216,0.508832898928468
YIL064W,0,-37.52071696519852,-4582.706905066967,0.01953125,0.6862745098039216,0.508832898928468
YLR011W,-1,-37.52636831998825,-4412.004415720701,0.019520356943669825,0.6862745098039216,0.5091225021720244
YMR275C,-1,-37.53095030784607,-4338.992746025324,0.01950947603121516,0.6862745098039216,0.5094121054155807
YMR280C,-1,-37.53671473264694,-4408.227780073881,0.019498607242339833,0.6862745098039216,0.509701708659137
YPL056C,0,-37.538373947143555,-4475.436847686768,0.019498607242339833,0.6862745098039216,0.509701708659137
YKR013W,0,-37.54348814487457,-4687.813096165657,0.019498607242339833,0.6862745098039216,0.509701708659137
YER127W,-1,-37.581345945596695,-4670.214690312743,0.019487750556792874,0.6862745098039216,0.5099913119026933
YOR187W,-1,-37.5942046046257,-4753.106266349554,0.019476905954368393,0.6862745098039216,0.5102809151462496
YLR115W,-1,-37.595106571912766,-4593.651760846376,0.01946607341490545,0.6862745098039216,0.5105705183898059
YDL054C,0,-37.60987901687622,-4448.647889226675,0.01946607341490545,0.6862745098039216,0.5105705183898059
YFL041W,-1,-37.617317497730255,-4495.262917965651,0.019455252918287938,0.6862745098039216,0.5108601216333623
YNL191W,-1,-37.63067388534546,-4580.321855604649,0.019444444444444445,0.6862745098039216,0.5111497248769187
YKL120W,-1,-37.6384654045105,-5054.243769317865,0.01943364797334814,0.6862745098039216,0.511439328120475
YGR252W,-1,-37.64468586444855,-4427.584644675255,0.019422863485016647,0.6862745098039216,0.5117289313640313
YNL134C,0,-37.649159997701645,-4510.753414332867,0.019422863485016647,0.6862745098039216,0.5117289313640313
YBR258C,0,-37.66017600893974,-4615.368473172188,0.019422863485016647,0.6862745098039216,0.5117289313640313
YML097C,-1,-37.674080312252045,-4646.56171181798,0.019412090959511925,0.6862745098039216,0.5120185346075876
YPR164W,-1,-37.6746181845665,-4574.189874857664,0.019401330376940133,0.6862745098039216,0.5123081378511439
YHR072W-A,-1,-37.682619631290436,-4626.115980237722,0.019390581717451522,0.6862745098039216,0.5125977410947002
YAL040C,-1,-37.695444732904434,-4461.00910332799,0.01937984496124031,0.6862745098039216,0.5128873443382566
YNR050C,0,-37.70809930562973,-4564.407286345959,0.01937984496124031,0.6862745098039216,0.5128873443382566
YHR156C,0,-37.711083471775055,-4625.965711027384,0.01937984496124031,0.6862745098039216,0.5128873443382566
YBR295W,-1,-37.71502113342285,-4607.037860780954,0.01936912008854455,0.6862745098039216,0.5131769475818129
YER027C,1,-37.71603441238403,-4483.0612497627735,0.01991150442477876,0.7058823529411765,0.5131769475818129
YHR044C,0,-37.716081976890564,-4482.926901131868,0.01991150442477876,0.7058823529411765,0.5131769475818129
YOL092W,0,-37.716520726680756,-4531.238645911217,0.01991150442477876,0.7058823529411765,0.5131769475818129
YGL020C,-1,-37.71661219000816,-4709.837390720844,0.01990049751243781,0.7058823529411765,0.5134665508253693
YIL047C,-1,-37.717811197042465,-4491.055256456137,0.019889502762430938,0.7058823529411765,0.5137561540689256
YMR238W,-1,-37.72636479139328,-4839.766765594482,0.019878520154610713,0.7058823529411765,0.5140457573124819
YJL197W,-1,-37.74042749404907,-4421.040750816464,0.019867549668874173,0.7058823529411765,0.5143353605560382
YBR002C,-1,-37.769103199243546,-4836.875448480248,0.019856591285162713,0.7058823529411765,0.5146249637995945
YPL228W,-1,-37.77006912231445,-4443.0044693648815,0.019845644983461964,0.7058823529411765,0.5149145670431509
YLR319C,-1,-37.77015048265457,-4504.824653327465,0.019834710743801654,0.7058823529411765,0.5152041702867072
YGL145W,0,-37.770239382982254,-4788.361799523234,0.019834710743801654,0.7058823529411765,0.5152041702867072
YOR098C,-1,-37.77172276377678,-4697.020087465644,0.019823788546255508,0.7058823529411765,0.5154937735302635
YMR202W,-1,-37.77214601635933,-4431.876808077097,0.01981287837094111,0.7058823529411765,0.5157833767738199
YJL160C,0,-37.77812284231186,-4419.521340996027,0.01981287837094111,0.7058823529411765,0.5157833767738199
YPL167C,-1,-37.791638284921646,-4655.43854829669,0.019801980198019802,0.7058823529411765,0.5160729800173762
YEL019C,-1,-37.79288560152054,-4706.724548459053,0.019791094007696537,0.7058823529411765,0.5163625832609325
YHR092C,-1,-37.79465851187706,-4429.233231574297,0.01978021978021978,0.7058823529411765,0.5166521865044889
YNL090W,-1,-37.79691329598427,-4572.518544360995,0.019769357495881382,0.7058823529411765,0.5169417897480452
YLR357W,-1,-37.80158671736717,-4551.358804106712,0.019758507135016465,0.7058823529411765,0.5172313929916015
YGL061C,-1,-37.81374827027321,-4664.087864205241,0.019747668678003292,0.7058823529411765,0.5175209962351578
YJR138W,0,-37.81374907493591,-4491.837611794472,0.019747668678003292,0.7058823529411765,0.5175209962351578
YER086W,0,-37.817178934812546,-4833.28928142786,0.019747668678003292,0.7058823529411765,0.5175209962351578
YIL018W,0,-37.82162803411484,-4504.327121347189,0.019747668678003292,0.7058823529411765,0.5175209962351578
YNL082W,-1,-37.823013573884964,-4493.335536062717,0.019736842105263157,0.7058823529411765,0.5178105994787141
YER004W,0,-37.82579019665718,-4537.631122648716,0.019736842105263157,0.7058823529411765,0.5178105994787141
YLR433C,-1,-37.827373534440994,-4359.962629497051,0.019726027397260273,0.7058823529411765,0.5181002027222705
YBL010C,0,-37.83385959267616,-4551.657136321068,0.019726027397260273,0.7058823529411765,0.5181002027222705
YHR060W,-1,-37.83430191874504,-4771.876011192799,0.019715224534501644,0.7058823529411765,0.5183898059658268
YBR266C,0,-37.83603921532631,-4442.646247297525,0.019715224534501644,0.7058823529411765,0.5183898059658268
YNR074C,-1,-37.84427693486214,-4642.556462019682,0.019704433497536946,0.7058823529411765,0.5186794092093832
YLR224W,-1,-37.85132700204849,-4379.829585880041,0.019693654266958426,0.7058823529411765,0.5189690124529395
YAR031W,0,-37.85602253675461,-4579.856128036976,0.019693654266958426,0.7058823529411765,0.5189690124529395
YPR005C,-1,-37.85848379135132,-4621.4298603236675,0.019682886823400764,0.7058823529411765,0.5192586156964958
YBL030C,-1,-37.865462243556976,-4519.077581495047,0.019672131147540985,0.7058823529411765,0.5195482189400521
YJL012C,-1,-37.89803898334503,-4549.368570178747,0.019661387220098307,0.7058823529411765,0.5198378221836084
YPL001W,-1,-37.902590066194534,-4560.627957046032,0.019650655021834062,0.7058823529411765,0.5201274254271648
YOR140W,-1,-37.906778782606125,-4540.615763038397,0.019639934533551555,0.7058823529411765,0.5204170286707211
YLR040C,0,-37.91972517967224,-4442.43517011404,0.019639934533551555,0.7058823529411765,0.5204170286707211
YIL144W,-1,-37.92542752623558,-4867.931137233973,0.019629225736095966,0.7058823529411765,0.5207066319142775
YDR411C,0,-37.92750805616379,-4552.365907967091,0.019629225736095966,0.7058823529411765,0.5207066319142775
YGR059W,-1,-37.927730321884155,-4463.635484069586,0.019618528610354225,0.7058823529411765,0.5209962351578338
YGL060W,-1,-37.93508315086365,-4509.760821312666,0.0196078431372549,0.7058823529411765,0.5212858384013901
YDR164C,-1,-37.95284676551819,-4402.052081257105,0.0195971692977681,0.7058823529411765,0.5215754416449464
YGR091W,-1,-37.95399230718613,-4617.894037485123,0.01958650707290533,0.7058823529411765,0.5218650448885027
YBR294W,-1,-37.95774856209755,-4369.9629591703415,0.01957585644371941,0.7058823529411765,0.522154648132059
YOL012C,-1,-37.963965982198715,-4522.809655606747,0.01956521739130435,0.7058823529411765,0.5224442513756155
YHR206W,-1,-37.96762430667877,-4718.812273859978,0.01955458989679522,0.7058823529411765,0.5227338546191718
YPL262W,-1,-37.97059389948845,-4548.88016757369,0.019543973941368076,0.7058823529411765,0.5230234578627281
YGR033C,-1,-37.97087290883064,-4609.657957613468,0.019533369506239826,0.7058823529411765,0.5233130611062844
YDR243C,-1,-37.97203305363655,-4517.54086612165,0.019522776572668113,0.7058823529411765,0.5236026643498407
YDR524C,-1,-37.97871708869934,-4491.62091884017,0.01951219512195122,0.7058823529411765,0.523892267593397
YLR371W,-1,-37.982665836811066,-4304.567619889975,0.01950162513542795,0.7058823529411765,0.5241818708369533
YFL052W,0,-37.98432815074921,-4472.044024586678,0.01950162513542795,0.7058823529411765,0.5241818708369533
YPL122C,-1,-37.98793199658394,-4640.917588725686,0.01949106659447753,0.7058823529411765,0.5244714740805096
YIL038C,-1,-37.98818814754486,-4545.960195124149,0.01948051948051948,0.7058823529411765,0.5247610773240661
YIR033W,-1,-38.011079251766205,-4567.893871515989,0.019469983775013522,0.7058823529411765,0.5250506805676224
YGL251C,-1,-38.0118088722229,-4615.681264102459,0.01945945945945946,0.7058823529411765,0.5253402838111787
YDR009W,0,-38.015677362680435,-4570.971889048815,0.01945945945945946,0.7058823529411765,0.5253402838111787
YML133C,0,-38.02396899461746,-4484.415789693594,0.01945945945945946,0.7058823529411765,0.5253402838111787
YKR008W,-1,-38.02735051512718,-4523.117791950703,0.019448946515397084,0.7058823529411765,0.525629887054735
YER062C,-1,-38.02843311429024,-4475.664887279272,0.019438444924406047,0.7058823529411765,0.5259194902982913
YHR136C,-1,-38.03841698169708,-4702.819254428148,0.019427954668105773,0.7058823529411765,0.5262090935418476
YLR020C,-1,-38.047134578228,-4596.120006352663,0.019417475728155338,0.7058823529411765,0.526498696785404
YMR008C,-1,-38.0489918589592,-4363.024789303541,0.01940700808625337,0.7058823529411765,0.5267883000289604
YDR037W,-1,-38.049395233392715,-4677.7874011695385,0.01939655172413793,0.7058823529411765,0.5270779032725167
YKR087C,-1,-38.06133383512497,-4684.837011396885,0.01938610662358643,0.7058823529411765,0.527367506516073
YCL029C,-1,-38.07786700129509,-4715.317749843001,0.0193756727664155,0.7058823529411765,0.5276571097596293
YDR397C,-1,-38.078758895397186,-4585.68554854393,0.019365250134480903,0.7058823529411765,0.5279467130031856
YOR283W,0,-38.08246287703514,-4632.14540836215,0.019365250134480903,0.7058823529411765,0.5279467130031856
YOR083W,-1,-38.08295387029648,-4572.661100536585,0.01935483870967742,0.7058823529411765,0.5282363162467419
YBR141C,-1,-38.08761942386627,-4629.356709986925,0.01934443847393874,0.7058823529411765,0.5285259194902983
YLR307W,-1,-38.08807063102722,-4517.09089744091,0.01933404940923738,0.7058823529411765,0.5288155227338546
YOR002W,-1,-38.10745370388031,-4775.291843593121,0.01932367149758454,0.7058823529411765,0.529105125977411
YHR088W,-1,-38.11087018251419,-4714.458525329828,0.019313304721030045,0.7058823529411765,0.5293947292209673
YPR127W,0,-38.120640844106674,-4461.65587502718,0.019313304721030045,0.7058823529411765,0.5293947292209673
YPL028W,-1,-38.12579172849655,-4626.785808891058,0.0193029490616622,0.7058823529411765,0.5296843324645236
YJL008C,-1,-38.135999113321304,-4577.180311143398,0.01929260450160772,0.7058823529411765,0.5299739357080799
YKR031C,-1,-38.14751127362251,-4394.969659209251,0.0192822710230316,0.7058823529411765,0.5302635389516362
YMR074C,0,-38.15570744872093,-4494.277555346489,0.0192822710230316,0.7058823529411765,0.5302635389516362
YPL266W,-1,-38.15591162443161,-4709.379473790526,0.019271948608137045,0.7058823529411765,0.5305531421951926
YDR414C,-1,-38.164659321308136,-4584.287202209234,0.019261637239165328,0.7058823529411765,0.5308427454387489
YDR534C,-1,-38.170602560043335,-4416.330390095711,0.019251336898395723,0.7058823529411765,0.5311323486823052
YLR417W,-1,-38.17717671394348,-4445.265179723501,0.019241047568145375,0.7058823529411765,0.5314219519258616
YOR363C,-1,-38.18086260557175,-4369.4944677352905,0.019230769230769232,0.7058823529411765,0.5317115551694179
YCL011C,0,-38.191237926483154,-4609.208249151707,0.019230769230769232,0.7058823529411765,0.5317115551694179
YML019W,-1,-38.20299279689789,-4481.698660939932,0.019220501868659905,0.7058823529411765,0.5320011584129742
YCR107W,0,-38.20385605096817,-4519.702881485224,0.019220501868659905,0.7058823529411765,0.5320011584129742
YLR278C,0,-38.205812990665436,-4589.884759128094,0.019220501868659905,0.7058823529411765,0.5320011584129742
YKL127W,0,-38.219296395778656,-4515.025469869375,0.019220501868659905,0.7058823529411765,0.5320011584129742
YER052C,0,-38.23627334833145,-4716.2810962200165,0.019220501868659905,0.7058823529411765,0.5320011584129742
YBR164C,0,-38.23907446861267,-4597.065834194422,0.019220501868659905,0.7058823529411765,0.5320011584129742
YPR112C,-1,-38.253683254122734,-4727.833172157407,0.0192102454642476,0.7058823529411765,0.5322907616565306
YEL063C,-1,-38.25510546565056,-4879.020127207041,0.0192,0.7058823529411765,0.5325803649000869
YNR028W,-1,-38.26206415891647,-4642.653069853783,0.019189765458422176,0.7058823529411765,0.5328699681436432
YHR142W,-1,-38.26229518651962,-4598.937040179968,0.019179541822056473,0.7058823529411765,0.5331595713871995
YFR052W,-1,-38.26702907681465,-4867.801400125027,0.019169329073482427,0.7058823529411765,0.5334491746307559
YPR083W,-1,-38.26768100261688,-4587.254276394844,0.019159127195316657,0.7058823529411765,0.5337387778743122
YJL206C,0,-38.271874845027924,-4463.0278950333595,0.019159127195316657,0.7058823529411765,0.5337387778743122
YGL018C,-1,-38.275772750377655,-4704.889001369476,0.019148936170212766,0.7058823529411765,0.5340283811178685
YGR241C,-1,-38.28126639127731,-4603.177285671234,0.019138755980861243,0.7058823529411765,0.5343179843614249
YEL070W,0,-38.28499388694763,-4494.960327386856,0.019138755980861243,0.7058823529411765,0.5343179843614249
YGR054W,-1,-38.28979712724686,-4398.294625878334,0.019128586609989374,0.7058823529411765,0.5346075876049812
YNL194C,-1,-38.29540693759918,-4538.854128420353,0.019118428040361127,0.7058823529411765,0.5348971908485375
YPL233W,-1,-38.30269908905029,-4638.060573130846,0.01910828025477707,0.7058823529411765,0.5351867940920938
YOR202W,0,-38.323497116565704,-4582.339462533593,0.01910828025477707,0.7058823529411765,0.5351867940920938
YBR100W,-1,-38.32987743616104,-4536.608009934425,0.01909814323607427,0.7058823529411765,0.5354763973356501
YGL167C,-1,-38.33129507303238,-4856.536521196365,0.019088016967126194,0.7058823529411765,0.5357660005792065
YDL141W,0,-38.34376099705696,-4539.157601714134,0.019088016967126194,0.7058823529411765,0.5357660005792065
YLR418C,-1,-38.350128412246704,-4527.80736002326,0.019077901430842606,0.7058823529411765,0.5360556038227628
YOR267C,-1,-38.35195940732956,-4586.616111457348,0.019067796610169493,0.7058823529411765,0.5363452070663192
YCR098C,-1,-38.3556247651577,-4598.154354870319,0.019057702488088937,0.7058823529411765,0.5366348103098755
YPR104C,-1,-38.35592693090439,-4519.166616767645,0.01904761904761905,0.7058823529411765,0.5369244135534318
YOR116C,-1,-38.35918551683426,-4578.468415468931,0.019037546271813855,0.7058823529411765,0.5372140167969881
YBR241C,0,-38.373022735118866,-4516.234868735075,0.019037546271813855,0.7058823529411765,0.5372140167969881
YDR337W,-1,-38.387890726327896,-4768.025193154812,0.019027484143763214,0.7058823529411765,0.5375036200405444
YHR204W,-1,-38.3888578414917,-4694.16152665019,0.01901743264659271,0.7058823529411765,0.5377932232841007
YKL220C,-1,-38.390455186367035,-4480.028941959143,0.01900739176346357,0.7058823529411765,0.5380828265276572
YDR301W,-1,-38.39045578241348,-4542.826794445515,0.01899736147757256,0.7058823529411765,0.5383724297712135
YPL275W,0,-38.390483021736145,-4429.998956352472,0.01899736147757256,0.7058823529411765,0.5383724297712135
YOL084W,0,-38.40006744861603,-4577.270996153355,0.01899736147757256,0.7058823529411765,0.5383724297712135
YAR050W,0,-38.40045899152756,-4506.416646629572,0.01899736147757256,0.7058823529411765,0.5383724297712135
YOR247W,0,-38.404775857925415,-4379.553231328726,0.01899736147757256,0.7058823529411765,0.5383724297712135
YMR152W,0,-38.41297164559364,-4766.817990362644,0.01899736147757256,0.7058823529411765,0.5383724297712135
YIL094C,0,-38.41812002658844,-4829.569764405489,0.01899736147757256,0.7058823529411765,0.5383724297712135
YNR002C,0,-38.420189797878265,-4767.064999252558,0.01899736147757256,0.7058823529411765,0.5383724297712135
YLR411W,-1,-38.42243754863739,-4632.372370660305,0.0189873417721519,0.7058823529411765,0.5386620330147698
YEL017C-A,-1,-38.42782914638519,-4652.022042185068,0.018977332630469163,0.7058823529411765,0.5389516362583261
YFL049W,-1,-38.42856612801552,-4664.612878501415,0.018967334035827187,0.7058823529411765,0.5392412395018824
YDR197W,0,-38.42914918065071,-4662.060668408871,0.018967334035827187,0.7058823529411765,0.5392412395018824
YNL113W,-1,-38.439147382974625,-4828.817490771413,0.018957345971563982,0.7058823529411765,0.5395308427454387
YBR286W,0,-38.44639307260513,-4477.59132707119,0.018957345971563982,0.7058823529411765,0.5395308427454387
YJL108C,-1,-38.44685146212578,-4750.582970798016,0.018947368421052633,0.7058823529411765,0.539820445988995
YNL052W,-1,-38.44708728790283,-4804.667365789413,0.01893740136770121,0.7058823529411765,0.5401100492325515
YDR147W,-1,-38.454347014427185,-4507.417104244232,0.01892744479495268,0.7058823529411765,0.5403996524761078
YER029C,-1,-38.4667007625103,-4620.965029478073,0.018917498686284815,0.7058823529411765,0.5406892557196641
YPL133C,0,-38.467192620038986,-4596.725978046656,0.018917498686284815,0.7058823529411765,0.5406892557196641
YER106W,-1,-38.478057235479355,-4783.270711243153,0.018907563025210083,0.7058823529411765,0.5409788589632204
YML054C,0,-38.49001985788345,-4722.976999700069,0.018907563025210083,0.7058823529411765,0.5409788589632204
YEL056W,-1,-38.49923458695412,-4551.831085205078,0.01889763779527559,0.7058823529411765,0.5412684622067767
YBR208C,0,-38.50764560699463,-4449.436005651951,0.01889763779527559,0.7058823529411765,0.5412684622067767
YDR536W,-1,-38.52106910943985,-4615.321115732193,0.01888772298006296,0.7058823529411765,0.541558065450333
YGL250W,-1,-38.52556884288788,-4548.84487503767,0.018877818563188254,0.7058823529411765,0.5418476686938893
YMR122W-A,0,-38.53824931383133,-4492.840023100376,0.018877818563188254,0.7058823529411765,0.5418476686938893
YIL162W,0,-38.54334759712219,-4484.220979869366,0.018877818563188254,0.7058823529411765,0.5418476686938893
YMR081C,-1,-38.54532539844513,-4382.742299750447,0.018867924528301886,0.7058823529411765,0.5421372719374457
YGR225W,-1,-38.546894401311874,-4537.325971484184,0.01885804085908853,0.7058823529411765,0.5424268751810021
YBL091C-A,-1,-38.55688288807869,-4634.08319118619,0.018848167539267015,0.7058823529411765,0.5427164784245584
YNR072W,-1,-38.56266024708748,-4649.178736716509,0.018838304552590265,0.7058823529411765,0.5430060816681147
YDR011W,-1,-38.56424245238304,-4661.630962431431,0.01882845188284519,0.7058823529411765,0.543295684911671
YDL239C,-1,-38.57287910580635,-4482.53303694725,0.01881860951385259,0.7058823529411765,0.5435852881552273
YOR334W,-1,-38.57484042644501,-4829.766310453415,0.018808777429467086,0.7058823529411765,0.5438748913987836
YLR158C,0,-38.57704430818558,-4602.385900467634,0.018808777429467086,0.7058823529411765,0.5438748913987836
YBR192W,-1,-38.57830423116684,-4533.435671359301,0.018798955613577025,0.7058823529411765,0.54416449464234
YKL178C,-1,-38.58166965842247,-4468.719113826752,0.018789144050104383,0.7058823529411765,0.5444540978858963
YMR285C,-1,-38.596117198467255,-4622.011540621519,0.018779342723004695,0.7058823529411765,0.5447437011294527
YPR028W,0,-38.59668815135956,-4647.238264113665,0.018779342723004695,0.7058823529411765,0.5447437011294527
YFR055W,-1,-38.60081622004509,-4844.986224293709,0.018769551616266946,0.7058823529411765,0.545033304373009
YOL021C,-1,-38.60983631014824,-4647.442158430815,0.018759770713913496,0.7058823529411765,0.5453229076165653
YGL123W,-1,-38.60996851325035,-4742.192910030484,0.01875,0.7058823529411765,0.5456125108601216
YOR241W,0,-38.63586187362671,-4753.175513386726,0.01875,0.7058823529411765,0.5456125108601216
YKL179C,0,-38.639667212963104,-4729.7971559762955,0.01875,0.7058823529411765,0.5456125108601216
YAL012W,0,-38.64726424217224,-4593.382758498192,0.01875,0.7058823529411765,0.5456125108601216
YLR291C,-1,-38.647480458021164,-4803.0560275912285,0.018740239458615304,0.7058823529411765,0.545902114103678
YIR008C,-1,-38.65457797050476,-4691.80879342556,0.018730489073881373,0.7058823529411765,0.5461917173472343
YKL018W,-1,-38.65485221147537,-4622.097062975168,0.0187207488299532,0.7058823529411765,0.5464813205907906
YDR381W,-1,-38.66865286231041,-4927.761526986957,0.018711018711018712,0.7058823529411765,0.546770923834347
YOR071C,-1,-38.681241154670715,-4673.6031691432,0.0187012987012987,0.7058823529411765,0.5470605270779033
YMR315W,0,-38.684688061475754,-4529.764579087496,0.0187012987012987,0.7058823529411765,0.5470605270779033
YJL106W,-1,-38.69371074438095,-4527.031199216843,0.018691588785046728,0.7058823529411765,0.5473501303214596
YHR148W,-1,-38.70724192261696,-4834.445895686746,0.01868188894654904,0.7058823529411765,0.5476397335650159
YDR527W,-1,-38.70845049619675,-4638.885880559683,0.01867219917012448,0.7058823529411765,0.5479293368085723
YHR214W,0,-38.71172386407852,-4532.525954782963,0.01867219917012448,0.7058823529411765,0.5479293368085723
YPR019W,-1,-38.711879283189774,-4488.194406569004,0.01866251944012442,0.7058823529411765,0.5482189400521286
YIL073C,-1,-38.719707787036896,-4552.606825917959,0.01865284974093264,0.7058823529411765,0.5485085432956849
YNL116W,-1,-38.7198651432991,-4605.465957403183,0.018643190056965304,0.7058823529411765,0.5487981465392412
YJL212C,0,-38.719933062791824,-4819.572637438774,0.018643190056965304,0.7058823529411765,0.5487981465392412
YPL187W,-1,-38.72150456905365,-4612.906108319759,0.018633540372670808,0.7058823529411765,0.5490877497827976
YKR097W,0,-38.724150627851486,-4570.410443693399,0.018633540372670808,0.7058823529411765,0.5490877497827976
YGL026C,0,-38.72635191679001,-4785.120466500521,0.018633540372670808,0.7058823529411765,0.5490877497827976
YGL115W,-1,-38.73003250360489,-4549.764634311199,0.018623900672529746,0.7058823529411765,0.5493773530263539
YPR030W,-1,-38.73568016290665,-4832.972733259201,0.01861427094105481,0.7058823529411765,0.5496669562699102
YPL018W,-1,-38.73921328783035,-4860.816954880953,0.018604651162790697,0.7058823529411765,0.5499565595134666
YDR194C,-1,-38.742020428180695,-4727.316055178642,0.01859504132231405,0.7058823529411765,0.5502461627570229
YEL006W,0,-38.74686041474342,-4621.327652961016,0.01859504132231405,0.7058823529411765,0.5502461627570229
YGR169C,-1,-38.75799298286438,-4649.768519729376,0.01858544140423335,0.7058823529411765,0.5505357660005792
YNL178W,0,-38.75971582531929,-4674.386886358261,0.01858544140423335,0.7058823529411765,0.5505357660005792
YOR215C,0,-38.76404267549515,-4609.513357937336,0.01858544140423335,0.7058823529411765,0.5505357660005792
YML009C,-1,-38.769413858652115,-4853.911162614822,0.018575851393188854,0.7058823529411765,0.5508253692441355
YLR223C,-1,-38.77492466568947,-4862.356479808688,0.018566271273852502,0.7058823529411765,0.5511149724876918
YDL042C,-1,-38.77711457014084,-4819.156922399998,0.018556701030927835,0.7058823529411765,0.5514045757312482
YDR402C,-1,-38.78171908855438,-4603.2658949792385,0.01854714064914992,0.7058823529411765,0.5516941789748045
YLR293C,-1,-38.78554394841194,-4764.811329931021,0.018537590113285273,0.7058823529411765,0.5519837822183609
YLL004W,-1,-38.7903915643692,-4703.15272217989,0.018528049408131755,0.7058823529411765,0.5522733854619172
YMR182C,-1,-38.80458223819733,-4721.303059577942,0.018518518518518517,0.7058823529411765,0.5525629887054735
YNR008W,-1,-38.80636519193649,-4610.319993674755,0.018508997429305913,0.7058823529411765,0.5528525919490298
YPL098C,-1,-38.8063685297966,-4627.02112019062,0.018499486125385406,0.7058823529411765,0.5531421951925861
YGR249W,0,-38.82882508635521,-4773.545365542173,0.018499486125385406,0.7058823529411765,0.5531421951925861
YGL184C,0,-38.832787960767746,-4523.497653752565,0.018499486125385406,0.7058823529411765,0.5531421951925861
YOR301W,-1,-38.83683770895004,-4624.478846490383,0.01848998459167951,0.7058823529411765,0.5534317984361424
YDR076W,-1,-38.856177002191544,-4563.722972512245,0.018480492813141684,0.7058823529411765,0.5537214016796989
YKL016C,-1,-38.85667270421982,-4699.786041095853,0.018471010774756286,0.7058823529411765,0.5540110049232552
YPR070W,-1,-38.859145402908325,-4706.837422698736,0.018461538461538463,0.7058823529411765,0.5543006081668115
YGR221C,-1,-38.87160739302635,-4434.5497280955315,0.018452075858534086,0.7058823529411765,0.5545902114103678
YCR042C,-1,-38.88279440999031,-4612.3579724133015,0.018442622950819672,0.7058823529411765,0.5548798146539241
YLR098C,0,-38.89276510477066,-4510.019938081503,0.018442622950819672,0.7058823529411765,0.5548798146539241
YHR194W,-1,-38.89684057235718,-4587.75072145462,0.018433179723502304,0.7058823529411765,0.5551694178974804
YDR127W,0,-38.90174853801727,-4778.244899064302,0.018433179723502304,0.7058823529411765,0.5551694178974804
YDR284C,-1,-38.91874250769615,-4519.479683637619,0.01842374616171955,0.7058823529411765,0.5554590211410367
YDL028C,-1,-38.92190045118332,-4479.55504578352,0.018414322250639385,0.7058823529411765,0.5557486243845932
YBR179C,-1,-38.924013674259186,-4583.7812349796295,0.018404907975460124,0.7058823529411765,0.5560382276281495
YML123C,-1,-38.94196528196335,-4858.067929029465,0.018395503321410323,0.7058823529411765,0.5563278308717058
YMR043W,-1,-38.94571775197983,-4667.494934678078,0.018386108273748723,0.7058823529411765,0.5566174341152621
YHR215W,0,-38.95297855138779,-4613.416776835918,0.018386108273748723,0.7058823529411765,0.5566174341152621
YNL278W,-1,-38.95360118150711,-4482.50338613987,0.018376722817764167,0.7058823529411765,0.5569070373588184
YHR129C,-1,-38.95388761162758,-4855.5559675991535,0.018367346938775512,0.7058823529411765,0.5571966406023747
YEL068C,0,-38.962390542030334,-4553.250987529755,0.018367346938775512,0.7058823529411765,0.5571966406023747
YEL048C,0,-38.965603828430176,-4671.939612060785,0.018367346938775512,0.7058823529411765,0.5571966406023747
YIR010W,-1,-38.9756076335907,-4781.9277156591415,0.018357980622131564,0.7058823529411765,0.557486243845931
YLR292C,0,-38.9801889359951,-4901.649603426456,0.018357980622131564,0.7058823529411765,0.557486243845931
YKL172W,-1,-38.98027387261391,-4820.2939803004265,0.01834862385321101,0.7058823529411765,0.5577758470894874
YLR116W,-1,-39.00855088233948,-4775.164337426424,0.018339276617422313,0.7058823529411765,0.5580654503330438
YMR019W,0,-39.01931428909302,-4689.097392082214,0.018339276617422313,0.7058823529411765,0.5580654503330438
YJR002W,-1,-39.02552506327629,-4803.622179582715,0.018329938900203666,0.7058823529411765,0.5583550535766001
YML082W,0,-39.03050407767296,-4708.446867674589,0.018329938900203666,0.7058823529411765,0.5583550535766001
YKR096W,0,-39.03060084581375,-4613.170023828745,0.018329938900203666,0.7058823529411765,0.5583550535766001
YPR194C,0,-39.04821357131004,-4587.705980241299,0.018329938900203666,0.7058823529411765,0.5583550535766001
YLR106C,-1,-39.0482736825943,-4861.781963288784,0.0183206106870229,0.7058823529411765,0.5586446568201564
YGR245C,-1,-39.05417808890343,-4751.140469551086,0.018311291963377416,0.7058823529411765,0.5589342600637127
YIL158W,0,-39.0561443567276,-4718.026285797358,0.018311291963377416,0.7058823529411765,0.5589342600637127
YBR216C,-1,-39.06249099969864,-4556.6335917413235,0.018301982714794104,0.7058823529411765,0.559223863307269
YCR067C,0,-39.065971195697784,-4836.1872770786285,0.018301982714794104,0.7058823529411765,0.559223863307269
YKL025C,-1,-39.08108592033386,-4550.6253227591515,0.018292682926829267,0.7058823529411765,0.5595134665508253
YJL194W,-1,-39.10788160562515,-4600.076259434223,0.018283392585068562,0.7058823529411765,0.5598030697943817
YOR070C,0,-39.10824477672577,-4378.204577326775,0.018283392585068562,0.7058823529411765,0.5598030697943817
YDL146W,0,-39.1202957034111,-4518.795558273792,0.018283392585068562,0.7058823529411765,0.5598030697943817
YLR187W,0,-39.12098187208176,-4442.288819819689,0.018283392585068562,0.7058823529411765,0.5598030697943817
YJR077C,-1,-39.12378680706024,-4842.008654996753,0.018274111675126905,0.7058823529411765,0.560092673037938
YOR249C,-1,-39.13349351286888,-4629.077169090509,0.0182648401826484,0.7058823529411765,0.5603822762814944
YLR373C,0,-39.13620710372925,-4741.757058516145,0.0182648401826484,0.7058823529411765,0.5603822762814944
YNL021W,-1,-39.14838832616806,-4856.883945167065,0.018255578093306288,0.7058823529411765,0.5606718795250507
YLR305C,-1,-39.15018719434738,-4447.3304135501385,0.01824632539280284,0.7058823529411765,0.560961482768607
YGL204C,0,-39.166969299316406,-4562.122976452112,0.01824632539280284,0.7058823529411765,0.560961482768607
YER056C,0,-39.1710470020771,-4958.775200992823,0.01824632539280284,0.7058823529411765,0.560961482768607
YPR052C,-1,-39.17415368556976,-4758.045276969671,0.0182370820668693,0.7058823529411765,0.5612510860121633
YMR137C,-1,-39.18154680728912,-4518.742180123925,0.018227848101265823,0.7058823529411765,0.5615406892557196
YER168C,-1,-39.181575536727905,-4595.195537984371,0.018218623481781375,0.7058823529411765,0.561830292499276
YCR010C,-1,-39.21299797296524,-4572.804416030645,0.018209408194233688,0.7058823529411765,0.5621198957428323
YGR283C,0,-39.22405433654785,-4721.164656817913,0.018209408194233688,0.7058823529411765,0.5621198957428323
YOR330C,-1,-39.23133450746536,-4736.411410629749,0.01820020222446916,0.7058823529411765,0.5624094989863887
YJL013C,-1,-39.23491072654724,-4547.900403171778,0.01819100555836281,0.7058823529411765,0.562699102229945
YKR103W,0,-39.23492670059204,-4650.507304698229,0.01819100555836281,0.7058823529411765,0.562699102229945
YAL011W,-1,-39.24624544382095,-4735.946593135595,0.01818181818181818,0.7058823529411765,0.5629887054735013
YOL108C,-1,-39.248376965522766,-4489.275598317385,0.01817264008076729,0.7058823529411765,0.5632783087170576
YGL233W,-1,-39.27343064546585,-4542.240478485823,0.018163471241170535,0.7058823529411765,0.563567911960614
YBR094W,0,-39.27589535713196,-4612.624492794275,0.018163471241170535,0.7058823529411765,0.563567911960614
YER104W,-1,-39.27721208333969,-4621.103421777487,0.018154311649016642,0.7058823529411765,0.5638575152041703
YPL129W,-1,-39.27757668495178,-4650.96755027771,0.018145161290322582,0.7058823529411765,0.5641471184477266
YDR498C,0,-39.28369700908661,-4754.674869269133,0.018145161290322582,0.7058823529411765,0.5641471184477266
YHR153C,-1,-39.290487706661224,-4830.159685999155,0.0181360201511335,0.7058823529411765,0.5644367216912829
YBR010W,-1,-39.29350543022156,-4796.484266802669,0.01812688821752266,0.7058823529411765,0.5647263249348393
YMR149W,-1,-39.2962631881237,-4885.660429418087,0.018117765475591345,0.7058823529411765,0.5650159281783956
YCL044C,-1,-39.29785704612732,-4800.5669208317995,0.018108651911468814,0.7058823529411765,0.565305531421952
YLR183C,0,-39.29962730407715,-4741.160966336727,0.018108651911468814,0.7058823529411765,0.565305531421952
YJR070C,-1,-39.29981829226017,-4930.762829899788,0.01809954751131222,0.7058823529411765,0.5655951346655083
YKR059W,-1,-39.310060918331146,-4661.740253478289,0.018090452261306532,0.7058823529411765,0.5658847379090646
YMR195W,0,-39.32434967160225,-4784.103172600269,0.018090452261306532,0.7058823529411765,0.5658847379090646
YDL204W,0,-39.33608168363571,-4964.920835584402,0.018090452261306532,0.7058823529411765,0.5658847379090646
YMR168C,-1,-39.35020846128464,-4799.994242608547,0.01808136614766449,0.7058823529411765,0.5661743411526209
YNR015W,-1,-39.35068580508232,-4983.016956344247,0.018072289156626505,0.7058823529411765,0.5664639443961772
YJL018W,-1,-39.35076594352722,-4704.740836948156,0.01806322127446061,0.7058823529411765,0.5667535476397335
YDR404C,-1,-39.35876661539078,-4687.400306820869,0.01805416248746239,0.7058823529411765,0.5670431508832899
YNR020C,0,-39.36864507198334,-4740.856323510408,0.01805416248746239,0.7058823529411765,0.5670431508832899
YGL033W,-1,-39.37273147702217,-4867.246353268623,0.01804511278195489,0.7058823529411765,0.5673327541268463
YBR185C,-1,-39.37342035770416,-4949.496303319931,0.018036072144288578,0.7058823529411765,0.5676223573704026
YKL173W,-1,-39.37688705325127,-4686.350668311119,0.018027040560841263,0.7058823529411765,0.5679119606139589
YJL076W,-1,-39.380037754774094,-4635.150093972683,0.018018018018018018,0.7058823529411765,0.5682015638575152
YBL071W-A,-1,-39.381306767463684,-4570.39747262001,0.018009004502251125,0.7058823529411765,0.5684911671010715
YPL239W,-1,-39.39312946796417,-4789.015282720327,0.018,0.7058823529411765,0.5687807703446278
YDL156W,-1,-39.40564376115799,-4677.573027342558,0.017991004497751123,0.7058823529411765,0.5690703735881842
YPR182W,-1,-39.4079150557518,-4758.489575147629,0.017982017982017984,0.7058823529411765,0.5693599768317406
YPR175W,-1,-39.41948050260544,-4739.5139027535915,0.01797304043934099,0.7058823529411765,0.5696495800752969
YDR422C,-1,-39.41957759857178,-4566.684560805559,0.017964071856287425,0.7058823529411765,0.5699391833188532
YHR149C,0,-39.42441534996033,-4682.843888401985,0.017964071856287425,0.7058823529411765,0.5699391833188532
YNL107W,-1,-39.43330901861191,-4502.82598733902,0.017955112219451373,0.7058823529411765,0.5702287865624095
YDL225W,-1,-39.43360581994057,-4859.502440333366,0.01794616151545364,0.7058823529411765,0.5705183898059658
YLR013W,0,-39.43496227264404,-4749.357708007097,0.01794616151545364,0.7058823529411765,0.5705183898059658
YDR195W,-1,-39.44356852769852,-4714.642546981573,0.017937219730941704,0.7058823529411765,0.5708079930495221
YAL003W,-1,-39.44671705365181,-4844.019560217857,0.017928286852589643,0.7058823529411765,0.5710975962930784
YPL212C,-1,-39.45398232340813,-4877.431020408869,0.017919362867098058,0.7058823529411765,0.5713871995366349
YJL168C,-1,-39.45664617419243,-4702.304663300514,0.01791044776119403,0.7058823529411765,0.5716768027801912
YER019C-A,0,-39.466699719429016,-4751.539616912603,0.01791044776119403,0.7058823529411765,0.5716768027801912
YCR087C-A,0,-39.47367995977402,-4690.058659344912,0.01791044776119403,0.7058823529411765,0.5716768027801912
YJL219W,-1,-39.48133599758148,-4599.722022294998,0.01790154152163103,0.7058823529411765,0.5719664060237475
YOR303W,0,-39.507594645023346,-4661.225633978844,0.01790154152163103,0.7058823529411765,0.5719664060237475
YJL162C,-1,-39.51754021644592,-4670.106546372175,0.017892644135188866,0.7058823529411765,0.5722560092673038
YDR138W,-1,-39.51912370324135,-4738.302401542664,0.01788375558867362,0.7058823529411765,0.5725456125108601
YGL023C,0,-39.524793565273285,-4592.439239263535,0.01788375558867362,0.7058823529411765,0.5725456125108601
YNL068C,-1,-39.52851676940918,-4883.815283626318,0.01787487586891758,0.7058823529411765,0.5728352157544164
YLL029W,-1,-39.531763792037964,-4421.11334374547,0.017866004962779156,0.7058823529411765,0.5731248189979727
YLR336C,-1,-39.532616555690765,-4942.937727868557,0.017857142857142856,0.7058823529411765,0.573414422241529
YJR140C,-1,-39.537171959877014,-4739.048860222101,0.017848289538919187,0.7058823529411765,0.5737040254850855
YIL139C,-1,-39.545829236507416,-4731.017905384302,0.017839444995044598,0.7058823529411765,0.5739936287286418
YDR434W,-1,-39.54775217175484,-4974.132054686546,0.017830609212481426,0.7058823529411765,0.5742832319721981
YHR003C,-1,-39.561188995838165,-4700.685591638088,0.01782178217821782,0.7058823529411765,0.5745728352157544
YMR241W,-1,-39.565392792224884,-4900.696278780699,0.017812963879267688,0.7058823529411765,0.5748624384593107
YOL154W,0,-39.58421593904495,-4751.291195571423,0.017812963879267688,0.7058823529411765,0.5748624384593107
YDR052C,-1,-39.59030878543854,-4647.235319048166,0.017804154302670624,0.7058823529411765,0.575152041702867
YOL071W,-1,-39.596619576215744,-5008.800269186497,0.017795353435491844,0.7058823529411765,0.5754416449464234
YBR129C,-1,-39.60570043325424,-4522.087627828121,0.017786561264822136,0.7058823529411765,0.5757312481899798
YOL059W,0,-39.613024175167084,-4770.889395356178,0.017786561264822136,0.7058823529411765,0.5757312481899798
YDR403W,-1,-39.61453127861023,-4585.15964409709,0.017777777777777778,0.7058823529411765,0.5760208514335361
YIL156W,-1,-39.61918783187866,-4545.245555847883,0.017769002961500493,0.7058823529411765,0.5763104546770924
YEL069C,-1,-39.62020534276962,-4705.125445693731,0.017760236803157376,0.7058823529411765,0.5766000579206487
YHR106W,-1,-39.624876379966736,-4621.040591925383,0.01775147928994083,0.7058823529411765,0.576889661164205
YML081W,0,-39.62594732642174,-4634.670882612467,0.01775147928994083,0.7058823529411765,0.576889661164205
YJR059W,-1,-39.62905910611153,-4611.731786966324,0.017742730409068506,0.7058823529411765,0.5771792644077613
YDR389W,-1,-39.6300932765007,-4582.730730950832,0.017733990147783252,0.7058823529411765,0.5774688676513177
YGR074W,-1,-39.64190632104874,-4721.005926579237,0.01772525849335303,0.7058823529411765,0.577758470894874
YBR038W,-1,-39.646784603595734,-4578.537462800741,0.017716535433070866,0.7058823529411765,0.5780480741384304
YBR180W,-1,-39.65207189321518,-4759.078894048929,0.017707820954254796,0.7058823529411765,0.5783376773819867
YGL131C,0,-39.654888451099396,-4738.87401753664,0.017707820954254796,0.7058823529411765,0.5783376773819867
YDR028C,-1,-39.66730558872223,-4622.462815880775,0.017699115044247787,0.7058823529411765,0.578627280625543
YDL202W,-1,-39.670362055301666,-4779.794117867947,0.01769041769041769,0.7058823529411765,0.5789168838690993
YKL027W,0,-39.67174744606018,-4741.111866950989,0.01769041769041769,0.7058823529411765,0.5789168838690993
YCR089W,-1,-39.67215919494629,-4641.865192562342,0.01768172888015717,0.7058823529411765,0.5792064871126557
YGR004W,-1,-39.67612102627754,-4728.226837694645,0.017673048600883652,0.7058823529411765,0.579496090356212
YGR274C,-1,-39.67631274461746,-4645.914937824011,0.017664376840039256,0.7058823529411765,0.5797856935997683
YBL008W,-1,-39.67870834469795,-4650.006074488163,0.01765571358509073,0.7058823529411765,0.5800752968433246
YCR086W,-1,-39.68141269683838,-4783.691568285227,0.01764705882352941,0.7058823529411765,0.580364900086881
YEL004W,-1,-39.69222849607468,-4832.796272367239,0.017638412542871143,0.7058823529411765,0.5806545033304373
YHR079C,-1,-39.70747697353363,-5098.79055672884,0.01762977473065622,0.7058823529411765,0.5809441065739936
YCR045C,0,-39.7131786942482,-4631.894670456648,0.01762977473065622,0.7058823529411765,0.5809441065739936
YGL179C,-1,-39.714469820261,-4652.876179754734,0.01762114537444934,0.7058823529411765,0.58123370981755
YIL123W,0,-39.71505677700043,-4820.252596735954,0.01762114537444934,0.7058823529411765,0.58123370981755
YML001W,-1,-39.72973048686981,-4644.893883764744,0.01761252446183953,0.7058823529411765,0.5815233130611063
YOL007C,0,-39.731093764305115,-4670.621215373278,0.01761252446183953,0.7058823529411765,0.5815233130611063
YOL005C,-1,-39.73940488696098,-4712.677680283785,0.017603911980440097,0.7058823529411765,0.5818129163046626
YDR294C,-1,-39.744049429893494,-4851.820351451635,0.017595307917888565,0.7058823529411765,0.5821025195482189
YLR380W,-1,-39.74423521757126,-4643.684680044651,0.017586712261846604,0.7058823529411765,0.5823921227917752
YDR081C,-1,-39.75077345967293,-4659.0900602936745,0.017578125,0.7058823529411765,0.5826817260353316
YPL217C,-1,-39.75248849391937,-4740.672753095627,0.017569546120058566,0.7058823529411765,0.582971329278888
YLR027C,0,-39.753502160310745,-4723.768843173981,0.017569546120058566,0.7058823529411765,0.582971329278888
YAL063C,0,-39.76888057589531,-4566.486646085978,0.017569546120058566,0.7058823529411765,0.582971329278888
YOR077W,0,-39.77259820699692,-4588.038565516472,0.017569546120058566,0.7058823529411765,0.582971329278888
YLR032W,-1,-39.7786411345005,-4510.03648327291,0.0175609756097561,0.7058823529411765,0.5832609325224443
YPR035W,0,-39.788943231105804,-4955.942820250988,0.0175609756097561,0.7058823529411765,0.5832609325224443
YBR299W,0,-39.79188656806946,-4707.73121920228,0.0175609756097561,0.7058823529411765,0.5832609325224443
YJL095W,-1,-39.80707633495331,-4609.925248175859,0.017552413456850317,0.7058823529411765,0.5835505357660006
YDR046C,-1,-39.8143350481987,-4753.3287617862225,0.017543859649122806,0.7058823529411765,0.5838401390095569
YER060W,-1,-39.81461751461029,-4831.94543749094,0.01753531417437896,0.7058823529411765,0.5841297422531132
YPL092W,-1,-39.82120108604431,-4799.806271255016,0.017526777020447908,0.7058823529411765,0.5844193454966695
YBL018C,-1,-39.82535195350647,-4804.474969029427,0.017518248175182483,0.7058823529411765,0.5847089487402259
YKL058W,-1,-39.82549053430557,-4876.963412314653,0.017509727626459144,0.7058823529411765,0.5849985519837823
YGL112C,-1,-39.82676935195923,-4694.02852486074,0.01750121536217793,0.7058823529411765,0.5852881552273386
YOR306C,-1,-39.83459135890007,-4976.057990759611,0.01749271137026239,0.7058823529411765,0.5855777584708949
YDR134C,0,-39.839977741241455,-4674.680815458298,0.01749271137026239,0.7058823529411765,0.5855777584708949
YGR094W,-1,-39.84599322080612,-4958.154699534178,0.017484215638659543,0.7058823529411765,0.5858673617144512
YLR274W,-1,-39.848433434963226,-4766.573827564716,0.017475728155339806,0.7058823529411765,0.5861569649580075
YLR341W,-1,-39.864469826221466,-4782.059671133757,0.017467248908296942,0.7058823529411765,0.5864465682015638
YJL062W-A,0,-39.865628361701965,-4708.213054597378,0.017467248908296942,0.7058823529411765,0.5864465682015638
YDR106W,0,-39.875306725502014,-4686.236475259066,0.017467248908296942,0.7058823529411765,0.5864465682015638
YNL172W,-1,-39.87722793221474,-4478.341334551573,0.01745877788554801,0.7058823529411765,0.5867361714451201
YCL061C,-1,-39.8786019384861,-4858.6998853087425,0.0174503150751333,0.7058823529411765,0.5870257746886766
YGR041W,-1,-39.87984848022461,-4492.278037905693,0.01744186046511628,0.7058823529411765,0.5873153779322329
YDL084W,-1,-39.88128054141998,-4707.908968985081,0.017433414043583534,0.7058823529411765,0.5876049811757892
YGL094C,-1,-39.89472585916519,-4545.354968428612,0.017424975798644726,0.7058823529411765,0.5878945844193455
YAL015C,-1,-39.90350866317749,-4603.668630957603,0.01741654571843251,0.7058823529411765,0.5881841876629018
YKR056W,-1,-39.91263261437416,-4918.724059194326,0.017408123791102514,0.7058823529411765,0.5884737909064581
YDR457W,-1,-39.91478645801544,-4794.227818846703,0.017399710004833254,0.7058823529411765,0.5887633941500144
YBR112C,-1,-39.9177967607975,-4670.328409701586,0.017391304347826087,0.7058823529411765,0.5890529973935708
YGR012W,0,-39.91983497142792,-4800.819293558598,0.017391304347826087,0.7058823529411765,0.5890529973935708
YBL002W,-1,-39.936949491500854,-4730.375134438276,0.017382906808305166,0.7058823529411765,0.5893426006371272
YDR090C,0,-39.93904131650925,-4717.8361504375935,0.017382906808305166,0.7058823529411765,0.5893426006371272
YGR288W,0,-39.943139642477036,-4762.547458380461,0.017382906808305166,0.7058823529411765,0.5893426006371272
YKL222C,0,-39.944628685712814,-4837.935454040766,0.017382906808305166,0.7058823529411765,0.5893426006371272
YGL226W,0,-39.94956022500992,-4937.561452031136,0.017382906808305166,0.7058823529411765,0.5893426006371272
YGL175C,-1,-39.95333468914032,-4651.215890675783,0.017374517374517374,0.7058823529411765,0.5896322038806835
YOR179C,-1,-39.95624649524689,-4850.908448755741,0.017366136034732273,0.7058823529411765,0.5899218071242398
YMR189W,0,-39.96467053890228,-4930.992823541164,0.017366136034732273,0.7058823529411765,0.5899218071242398
YIL037C,-1,-39.969910860061646,-4919.458499878645,0.017357762777242044,0.7058823529411765,0.5902114103677961
YLR130C,-1,-39.98176658153534,-5155.51156976819,0.017349397590361446,0.7058823529411765,0.5905010136113524
YDR097C,-1,-39.9914927482605,-4828.73724886775,0.017341040462427744,0.7058823529411765,0.5907906168549087
YBR160W,-1,-39.99240559339523,-4799.597411185503,0.017332691381800675,0.7058823529411765,0.5910802200984651
YLL010C,0,-39.99941462278366,-4802.949338853359,0.017332691381800675,0.7058823529411765,0.5910802200984651
YML075C,-1,-40.001518696546555,-4612.085852921009,0.017324350336862367,0.7058823529411765,0.5913698233420215
YNL164C,-1,-40.001746118068695,-4756.438668966293,0.017316017316017316,0.7058823529411765,0.5916594265855778
YOL132W,-1,-40.003111124038696,-4613.535271435976,0.01730769230769231,0.7058823529411765,0.5919490298291341
YDL179W,-1,-40.00314453244209,-4669.163515299559,0.017299375300336376,0.7058823529411765,0.5922386330726904
YOR189W,0,-40.012877464294434,-4730.443812251091,0.017299375300336376,0.7058823529411765,0.5922386330726904
YOL004W,-1,-40.01341354846954,-4979.2413664758205,0.01729106628242075,0.7058823529411765,0.5925282363162467
YJR017C,-1,-40.026425898075104,-4699.591757327318,0.01728276524243879,0.7058823529411765,0.592817839559803
YBL003C,-1,-40.03369587659836,-5044.3421330451965,0.01727447216890595,0.7058823529411765,0.5931074428033594
YNL147W,-1,-40.05237376689911,-4631.419311851263,0.017266187050359712,0.7058823529411765,0.5933970460469157
YJL183W,-1,-40.05548784136772,-4628.460185199976,0.01725790987535954,0.7058823529411765,0.5936866492904721
YFR031C,-1,-40.05731302499771,-4771.537999987602,0.017249640632486823,0.7058823529411765,0.5939762525340284
YLL024C,-1,-40.05965292453766,-4836.674504071474,0.017241379310344827,0.7058823529411765,0.5942658557775847
YJR052W,-1,-40.05990442633629,-4617.123541757464,0.01723312589755864,0.7058823529411765,0.594555459021141
YFR030W,0,-40.07132029533386,-4562.05720859766,0.01723312589755864,0.7058823529411765,0.594555459021141
YOR124C,-1,-40.08100998401642,-4545.878415167332,0.01722488038277512,0.7058823529411765,0.5948450622646974
YGR116W,-1,-40.08150017261505,-4941.3950303941965,0.01721664275466284,0.7058823529411765,0.5951346655082537
YIL091C,0,-40.089867144823074,-4858.728209644556,0.01721664275466284,0.7058823529411765,0.5951346655082537
YDR520C,0,-40.093191266059875,-4739.568874299526,0.01721664275466284,0.7058823529411765,0.5951346655082537
YML043C,-1,-40.0932582616806,-5237.48290759325,0.017208413001912046,0.7058823529411765,0.59542426875181
YPL060W,-1,-40.09624910354614,-4908.2334561645985,0.017200191113234592,0.7058823529411765,0.5957138719953663
YNL182C,-1,-40.097760409116745,-4939.7524064183235,0.017191977077363897,0.7058823529411765,0.5960034752389227
YIL125W,-1,-40.13821557164192,-4972.098461151123,0.017183770883054894,0.7058823529411765,0.596293078482479
YLR355C,-1,-40.16915136575699,-4824.687804251909,0.01717557251908397,0.7058823529411765,0.5965826817260353
YDL024C,1,-40.17379575967789,-4755.033246040344,0.01764425369575584,0.7254901960784313,0.5965826817260353
YNL087W,0,-40.19815468788147,-4844.272106796503,0.01764425369575584,0.7254901960784313,0.5965826817260353
YHR047C,0,-40.20251041650772,-4760.608898490667,0.01764425369575584,0.7254901960784313,0.5965826817260353
YAR009C,-1,-40.20583072304726,-4809.04789096117,0.01763584366062917,0.7254901960784313,0.5968722849695917
YGR063C,-1,-40.20693904161453,-4787.936529293656,0.017627441638875654,0.7254901960784313,0.597161888213148
YJL110C,-1,-40.21250134706497,-4851.55654554069,0.017619047619047618,0.7254901960784313,0.5974514914567043
YIR028W,0,-40.21982818841934,-4659.356303751469,0.017619047619047618,0.7254901960784313,0.5974514914567043
YPR152C,-1,-40.22802710533142,-4788.704279661179,0.017610661589719183,0.7254901960784313,0.5977410947002606
YIL159W,-1,-40.229378283023834,-4840.770706444979,0.017602283539486202,0.7254901960784313,0.598030697943817
YCR063W,-1,-40.22946488857269,-5095.657274842262,0.01759391345696624,0.7254901960784313,0.5983203011873733
YJR137C,0,-40.23602598905563,-4604.764959573746,0.01759391345696624,0.7254901960784313,0.5983203011873733
YER039C,-1,-40.23688352108002,-4893.74547585845,0.01758555133079848,0.7254901960784313,0.5986099044309297
YDL209C,-1,-40.24057921767235,-4752.436053723097,0.017577197149643706,0.7254901960784313,0.598899507674486
YER044C-A,-1,-40.241302251815796,-4743.872737020254,0.017568850902184234,0.7254901960784313,0.5991891109180423
YHR026W,-1,-40.24415311217308,-4933.292673110962,0.017560512577123873,0.7254901960784313,0.5994787141615986
YBR088C,-1,-40.245585680007935,-4711.591993808746,0.017552182163187855,0.7254901960784313,0.5997683174051549
YHR183W,-1,-40.24589931964874,-4694.191180557013,0.017543859649122806,0.7254901960784313,0.6000579206487112
YFL039C,-1,-40.25190806388855,-4714.9482819736,0.017535545023696683,0.7254901960784313,0.6003475238922676
YDR013W,-1,-40.266749024391174,-4613.751064330339,0.01752723827569872,0.7254901960784313,0.600637127135824
YBL052C,-1,-40.268161088228226,-4889.162439569831,0.017518939393939392,0.7254901960784313,0.6009267303793803
YOL142W,-1,-40.26924282312393,-5072.901369407773,0.017510648367250355,0.7254901960784313,0.6012163336229366
YHR005C-A,-1,-40.27485775947571,-4820.595657259226,0.01750236518448439,0.7254901960784313,0.6015059368664929
YLR453C,0,-40.27766960859299,-4632.576025635004,0.01750236518448439,0.7254901960784313,0.6015059368664929
YOR123C,-1,-40.279172480106354,-5103.448005467653,0.017494089834515367,0.7254901960784313,0.6017955401100492
YLR071C,-1,-40.280297845602036,-4682.7516604959965,0.017485822306238186,0.7254901960784313,0.6020851433536055
YGL030W,-1,-40.28262922167778,-4865.434190362692,0.01747756258856873,0.7254901960784313,0.6023747465971618
YKL190W,-1,-40.29985183477402,-4501.676381736994,0.017469310670443813,0.7254901960784313,0.6026643498407183
YBR059C,-1,-40.30439096689224,-4734.6117987930775,0.017461066540821142,0.7254901960784313,0.6029539530842746
YLR121C,0,-40.31219404935837,-5028.910821676254,0.017461066540821142,0.7254901960784313,0.6029539530842746
YBR261C,-1,-40.3228457570076,-4915.650361269712,0.017452830188679245,0.7254901960784313,0.6032435563278309
YCR092C,-1,-40.323980033397675,-4725.335908472538,0.017444601603017446,0.7254901960784313,0.6035331595713872
YGL171W,-1,-40.324240535497665,-5050.189228475094,0.017436380772855798,0.7254901960784313,0.6038227628149435
YDR221W,-1,-40.3308345079422,-5020.14260840416,0.017428167687235045,0.7254901960784313,0.6041123660584998
YIR018W,-1,-40.34214526414871,-4766.078333079815,0.017419962335216574,0.7254901960784313,0.6044019693020561
YGR271C-A,-1,-40.35275620222092,-5094.393007189035,0.017411764705882352,0.7254901960784313,0.6046915725456126
YBL019W,-1,-40.35397273302078,-4686.8526148200035,0.017403574788334902,0.7254901960784313,0.6049811757891689
YGR071C,0,-40.36299580335617,-4748.05615785718,0.017403574788334902,0.7254901960784313,0.6049811757891689
YOL058W,0,-40.381809771060944,-4855.525633603334,0.017403574788334902,0.7254901960784313,0.6049811757891689
YAL031C,-1,-40.38205820322037,-4653.835931897163,0.017395392571697227,0.7254901960784313,0.6052707790327252
YDR409W,-1,-40.382255375385284,-4769.033571243286,0.01738721804511278,0.7254901960784313,0.6055603822762815
YML059C,-1,-40.38629221916199,-4816.229677826166,0.01737905119774542,0.7254901960784313,0.6058499855198378
YOR271C,-1,-40.40977215766907,-5116.344316571951,0.01737089201877934,0.7254901960784313,0.6061395887633941
YFR037C,-1,-40.40982636809349,-4833.341252774,0.017362740497419052,0.7254901960784313,0.6064291920069504
YGL158W,-1,-40.41191267967224,-4692.564870148897,0.017354596622889306,0.7254901960784313,0.6067187952505068
YMR175W,-1,-40.433021664619446,-4804.732214599848,0.017346460384435068,0.7254901960784313,0.6070083984940632
YBL023C,-1,-40.433024168014526,-4794.896189242601,0.017338331771321464,0.7254901960784313,0.6072980017376195
YBR205W,-1,-40.43643116950989,-4706.521520763636,0.017330210772833723,0.7254901960784313,0.6075876049811758
YAR003W,0,-40.4506610929966,-4775.490057259798,0.017330210772833723,0.7254901960784313,0.6075876049811758
YBR267W,-1,-40.45343637466431,-4892.072366029024,0.017322097378277154,0.7254901960784313,0.6078772082247321
YLR383W,-1,-40.45913529396057,-4827.6252183914185,0.01731399157697707,0.7254901960784313,0.6081668114682884
YPL158C,0,-40.46621626615524,-4732.781586289406,0.01731399157697707,0.7254901960784313,0.6081668114682884
YLR377C,0,-40.4683483839035,-4683.811101257801,0.01731399157697707,0.7254901960784313,0.6081668114682884
YIL170W,-1,-40.47443729639053,-4712.612736493349,0.017305893358278764,0.7254901960784313,0.6084564147118448
YDR038C,-1,-40.476568430662155,-4797.312007457018,0.01729780271154745,0.7254901960784313,0.6087460179554011
YDL229W,-1,-40.48846256732941,-4791.004088908434,0.017289719626168223,0.7254901960784313,0.6090356211989574
YLR083C,1,-40.49414551258087,-5049.7098670601845,0.017748715553479684,0.7450980392156863,0.6090356211989574
YDR121W,-1,-40.5008479654789,-4894.576304808259,0.017740429505135387,0.7450980392156863,0.6093252244425138
YDR211W,-1,-40.50478249788284,-5082.842468321323,0.01773215118992067,0.7450980392156863,0.6096148276860701
YCL057W,0,-40.524994909763336,-4856.235302090645,0.01773215118992067,0.7450980392156863,0.6096148276860701
YER185W,-1,-40.526315569877625,-4980.322679847479,0.017723880597014924,0.7450980392156863,0.6099044309296264
YMR106C,-1,-40.52962923049927,-4872.771238863468,0.017715617715617717,0.7450980392156863,0.6101940341731827
YMR277W,-1,-40.53077280521393,-4763.235132008791,0.017707362534948742,0.7450980392156863,0.6104836374167391
YPL084W,-1,-40.53793948888779,-4693.031392753124,0.017699115044247787,0.7450980392156863,0.6107732406602954
YML099C,-1,-40.55931442975998,-4829.504502266645,0.017690875232774673,0.7450980392156863,0.6110628439038517
YDL155W,-1,-40.56632488965988,-4860.080391228199,0.017682643089809214,0.7450980392156863,0.611352447147408
YPL132W,-1,-40.58267939090729,-4740.471990644932,0.017674418604651163,0.7450980392156863,0.6116420503909644
YDR168W,-1,-40.59794455766678,-4676.831918388605,0.017666201766620176,0.7450980392156863,0.6119316536345207
YIR032C,0,-40.599343687295914,-4869.759560316801,0.017666201766620176,0.7450980392156863,0.6119316536345207
YPL075W,-1,-40.607635378837585,-4909.21209359169,0.017657992565055763,0.7450980392156863,0.612221256878077
YER008C,-1,-40.60765194892883,-4929.6942119300365,0.01764979098931723,0.7450980392156863,0.6125108601216334
YCR033W,-1,-40.60824477672577,-4955.0549589544535,0.017641597028783658,0.7450980392156863,0.6128004633651897
YLL022C,-1,-40.61599546670914,-4854.770533591509,0.017633410672853827,0.7450980392156863,0.613090066608746
YBR152W,-1,-40.61707070469856,-4895.620184570551,0.017625231910946195,0.7450980392156863,0.6133796698523023
YER101C,0,-40.63270306587219,-4691.800763964653,0.017625231910946195,0.7450980392156863,0.6133796698523023
YJR031C,-1,-40.63292396068573,-4712.216747611761,0.01761706073249884,0.7450980392156863,0.6136692730958587
YIL155C,0,-40.64530348777771,-4958.539226800203,0.01761706073249884,0.7450980392156863,0.6136692730958587
YOR246C,0,-40.65002340078354,-4809.139485359192,0.01761706073249884,0.7450980392156863,0.6136692730958587
YJR035W,-1,-40.65862840414047,-4667.645210057497,0.017608897126969416,0.7450980392156863,0.613958876339415
YDL015C,-1,-40.66336244344711,-5075.505387246609,0.01760074108383511,0.7450980392156863,0.6142484795829714
YAR018C,-1,-40.67077323794365,-4647.160393357277,0.017592592592592594,0.7450980392156863,0.6145380828265277
YMR217W,0,-40.685335248708725,-4912.384652540088,0.017592592592592594,0.7450980392156863,0.6145380828265277
YPL128C,0,-40.6974538564682,-4822.078896149993,0.017592592592592594,0.7450980392156863,0.6145380828265277
YER089C,-1,-40.69753086566925,-4816.113978356123,0.017584451642757983,0.7450980392156863,0.614827686070084
YPL179W,-1,-40.70347374677658,-4774.788969635963,0.01757631822386679,0.7450980392156863,0.6151172893136403
YIL136W,0,-40.71124544739723,-5070.695756226778,0.01757631822386679,0.7450980392156863,0.6151172893136403
YOL027C,-1,-40.714513540267944,-5111.226469218731,0.01756819232547388,0.7450980392156863,0.6154068925571966
YMR207C,-1,-40.71550911664963,-5089.554864704609,0.01756007393715342,0.7450980392156863,0.6156964958007529
YBR055C,-1,-40.71945983171463,-4848.91105350852,0.017551963048498844,0.7450980392156863,0.6159860990443093
YDR089W,0,-40.72165635228157,-4927.696149140596,0.017551963048498844,0.7450980392156863,0.6159860990443093
YHR187W,-1,-40.73109686374664,-4811.937384366989,0.017543859649122806,0.7450980392156863,0.6162757022878657
YGR065C,-1,-40.74675473570824,-4770.615323334932,0.01753576372865713,0.7450980392156863,0.616565305531422
YDL069C,0,-40.75107729434967,-4772.893483817577,0.01753576372865713,0.7450980392156863,0.616565305531422
YOL104C,-1,-40.755766212940216,-4966.912613779306,0.017527675276752766,0.7450980392156863,0.6168549087749783
YDR208W,-1,-40.76213622093201,-4651.636448949575,0.01751959428307976,0.7450980392156863,0.6171445120185346
YDR354W,0,-40.76430398225784,-4967.866178959608,0.01751959428307976,0.7450980392156863,0.6171445120185346
YIL077C,0,-40.766631066799164,-4826.877688586712,0.01751959428307976,0.7450980392156863,0.6171445120185346
YLL001W,-1,-40.76834937930107,-5036.6156068742275,0.017511520737327188,0.7450980392156863,0.6174341152620909
YLR134W,0,-40.769095957279205,-4870.6108556985855,0.017511520737327188,0.7450980392156863,0.6174341152620909
YPL269W,-1,-40.77088925242424,-4860.876204103231,0.017503454629203132,0.7450980392156863,0.6177237185056472
YPL110C,-1,-40.792849004268646,-4852.888199806213,0.017495395948434623,0.7450980392156863,0.6180133217492035
YPL256C,-1,-40.79468363523483,-4987.951428711414,0.017487344684767602,0.7450980392156863,0.61830292499276
YMR300C,0,-40.79930478334427,-4897.673742502928,0.017487344684767602,0.7450980392156863,0.61830292499276
YLR228C,-1,-40.80390387773514,-4828.130858927965,0.017479300827966882,0.7450980392156863,0.6185925282363163
YKL090W,-1,-40.80515292286873,-4695.924220710993,0.01747126436781609,0.7450980392156863,0.6188821314798726
YAR044W,-1,-40.824022233486176,-4878.900799721479,0.017463235294117647,0.7450980392156863,0.6191717347234289
YNL117W,-1,-40.82589527964592,-4899.676864296198,0.017455213596692696,0.7450980392156863,0.6194613379669852
YJR055W,-1,-40.83154994249344,-4771.656029582024,0.017447199265381085,0.7450980392156863,0.6197509412105415
YKL129C,-1,-40.832909524440765,-4733.625762283802,0.017439192290041303,0.7450980392156863,0.6200405444540978
YHR067W,-1,-40.84111461043358,-4919.789253890514,0.01743119266055046,0.7450980392156863,0.6203301476976543
YOR297C,-1,-40.843264520168304,-5318.411112815142,0.01742320036680422,0.7450980392156863,0.6206197509412106
YNR019W,-1,-40.848107010126114,-5073.00592109561,0.017415215398716773,0.7450980392156863,0.6209093541847669
YPL214C,0,-40.85955560207367,-4535.62020868063,0.017415215398716773,0.7450980392156863,0.6209093541847669
YGR058W,-1,-40.86810863018036,-4736.556223064661,0.017407237746220796,0.7450980392156863,0.6211989574283232
YLR196W,-1,-40.87071466445923,-5034.339457929134,0.0173992673992674,0.7450980392156863,0.6214885606718795
YER118C,-1,-40.88412010669708,-4978.798102289438,0.017391304347826087,0.7450980392156863,0.6217781639154358
YKL132C,0,-40.89258050918579,-4682.202876776457,0.017391304347826087,0.7450980392156863,0.6217781639154358
YOL107W,0,-40.9021175801754,-4905.585076898336,0.017391304347826087,0.7450980392156863,0.6217781639154358
YBL009W,-1,-40.904688477516174,-4865.1648780703545,0.01738334858188472,0.7450980392156863,0.6220677671589921
YPR180W,0,-40.915855050086975,-4887.565146654844,0.01738334858188472,0.7450980392156863,0.6220677671589921
YML051W,0,-40.922707319259644,-4816.060272246599,0.01738334858188472,0.7450980392156863,0.6220677671589921
YDL174C,-1,-40.93447917699814,-4878.697678267956,0.017375400091449476,0.7450980392156863,0.6223573704025485
YBR283C,0,-40.94786223769188,-5017.519249945879,0.017375400091449476,0.7450980392156863,0.6223573704025485
YOR081C,-1,-40.948688834905624,-4727.98790794611,0.01736745886654479,0.7450980392156863,0.6226469736461049
YBR034C,0,-40.95327979326248,-4936.244519948959,0.01736745886654479,0.7450980392156863,0.6226469736461049
YPL008W,-1,-40.95963233709335,-4819.054020702839,0.01735952489721334,0.7450980392156863,0.6229365768896612
YOR242C,-1,-40.979010224342346,-4846.211139053106,0.017351598173515982,0.7450980392156863,0.6232261801332175
YCL026C-A,-1,-40.99209237098694,-4775.854643166065,0.01734367868553172,0.7450980392156863,0.6235157833767738
YOR226C,-1,-40.99594238400459,-5086.437974125147,0.017335766423357664,0.7450980392156863,0.6238053866203301
YBL034C,-1,-41.000033259391785,-4918.86770260334,0.017327861377108983,0.7450980392156863,0.6240949898638865
YNL309W,-1,-41.01466006040573,-4964.617624372244,0.01731996353691887,0.7450980392156863,0.6243845931074428
YIL119C,0,-41.016572535037994,-4676.009766668081,0.01731996353691887,0.7450980392156863,0.6243845931074428
YGL186C,0,-41.017389357089996,-5067.223407834768,0.01731996353691887,0.7450980392156863,0.6243845931074428
YKR010C,-1,-41.02358040213585,-5082.905684232712,0.017312072892938495,0.7450980392156863,0.6246741963509991
YNR012W,0,-41.02386087179184,-5096.378926351666,0.017312072892938495,0.7450980392156863,0.6246741963509991
YLR103C,-1,-41.02856481075287,-4847.094724237919,0.017304189435336976,0.7450980392156863,0.6249637995945555
YLR167W,-1,-41.03505876660347,-4795.6615707576275,0.01729631315430132,0.7450980392156863,0.6252534028381118
YBR091C,-1,-41.035358130931854,-4859.213191777468,0.017288444040036398,0.7450980392156863,0.6255430060816681
YKR104W,0,-41.037473320961,-4855.619387924671,0.017288444040036398,0.7450980392156863,0.6255430060816681
YIL154C,-1,-41.03864625096321,-4779.722015053034,0.017280582082764895,0.7450980392156863,0.6258326093252244
YDR398W,-1,-41.05214148759842,-5191.02166774869,0.017272727272727273,0.7450980392156863,0.6261222125687808
YLR353W,-1,-41.05548977851868,-4815.1059457957745,0.017264879600181735,0.7450980392156863,0.6264118158123371
YAR071W,0,-41.057151198387146,-4886.4654604792595,0.017264879600181735,0.7450980392156863,0.6264118158123371
YFR032C-A,0,-41.06267958879471,-4700.035496652126,0.017264879600181735,0.7450980392156863,0.6264118158123371
YGL211W,-1,-41.06384611129761,-5021.981434494257,0.01725703905540418,0.7450980392156863,0.6267014190558934
YPR186C,-1,-41.075560569763184,-4862.694038629532,0.017249205628688154,0.7450980392156863,0.6269910222994498
YNL145W,-1,-41.093070805072784,-4819.64103063941,0.017241379310344827,0.7450980392156863,0.6272806255430061
YLR356W,0,-41.09898918867111,-4778.801933825016,0.017241379310344827,0.7450980392156863,0.6272806255430061
YGL070C,-1,-41.10702285170555,-4958.590934991837,0.017233560090702947,0.7450980392156863,0.6275702287865624
YML095C,-1,-41.12058913707733,-4800.310513794422,0.017225747960108794,0.7450980392156863,0.6278598320301187
YCR002C,-1,-41.13973504304886,-5029.297081112862,0.017217942908926143,0.7450980392156863,0.6281494352736751
YNL224C,-1,-41.14525443315506,-4778.542495906353,0.017210144927536232,0.7450980392156863,0.6284390385172314
YDR440W,-1,-41.14540749788284,-4994.555397570133,0.017202354006337708,0.7450980392156863,0.6287286417607877
YOR096W,-1,-41.151808977127075,-4873.282853171229,0.017194570135746608,0.7450980392156863,0.629018245004344
YDR380W,0,-41.15826439857483,-4787.563846796751,0.017194570135746608,0.7450980392156863,0.629018245004344
YER055C,0,-41.171160101890564,-5094.312580138445,0.017194570135746608,0.7450980392156863,0.629018245004344
YCR071C,-1,-41.17179173231125,-5336.807815790176,0.017186793306196293,0.7450980392156863,0.6293078482479004
YGR052W,-1,-41.1806218624115,-4764.583104401827,0.017179023508137433,0.7450980392156863,0.6295974514914567
YIL084C,0,-41.181558668613434,-4994.141897946596,0.017179023508137433,0.7450980392156863,0.6295974514914567
YOL030W,0,-41.190390795469284,-4960.969943225384,0.017179023508137433,0.7450980392156863,0.6295974514914567
YNL218W,-1,-41.190507769584656,-4774.718230456114,0.01717126073203796,0.7450980392156863,0.629887054735013
YLR009W,-1,-41.19365817308426,-4997.335714384913,0.017163504968383016,0.7450980392156863,0.6301766579785694
YDL232W,-1,-41.20325326919556,-4981.134534478188,0.017155756207674944,0.7450980392156863,0.6304662612221257
YJR092W,-1,-41.22428333759308,-4875.418040007353,0.017148014440433214,0.7450980392156863,0.630755864465682
YLL031C,-1,-41.23043850064278,-5185.090237736702,0.017140279657194408,0.7450980392156863,0.6310454677092383
YBR016W,-1,-41.23119235038757,-4785.846936136484,0.017132551848512173,0.7450980392156863,0.6313350709527946
YBR154C,-1,-41.231453359127045,-5073.619913935661,0.017124831004957188,0.7450980392156863,0.631624674196351
YNL222W,-1,-41.23462191224098,-4844.36062374711,0.017117117117117116,0.7450980392156863,0.6319142774399074
YGL224C,0,-41.239669770002365,-4658.549555823207,0.017117117117117116,0.7450980392156863,0.6319142774399074
YCR024C-A,-1,-41.2520033121109,-4962.129033386707,0.017109410175596577,0.7450980392156863,0.6322038806834637
YDR322C-A,-1,-41.25473889708519,-5005.245556294918,0.017101710171017102,0.7450980392156863,0.63249348392702
YBR244W,-1,-41.255140125751495,-4757.770650267601,0.017094017094017096,0.7450980392156863,0.6327830871705763
YPR022C,-1,-41.25815510749817,-4795.966236650944,0.0170863309352518,0.7450980392156863,0.6330726904141326
YHR072W,-1,-41.260147988796234,-4904.957689553499,0.01707865168539326,0.7450980392156863,0.6333622936576889
YDR348C,0,-41.262048184871674,-4874.572117745876,0.01707865168539326,0.7450980392156863,0.6333622936576889
YIR003W,0,-41.26342350244522,-4872.85354745388,0.01707865168539326,0.7450980392156863,0.6333622936576889
YNL153C,-1,-41.26588034629822,-5056.89894926548,0.017070979335130278,0.7450980392156863,0.6336518969012453
YMR224C,-1,-41.269127398729324,-4734.745592951775,0.01706331387516839,0.7450980392156863,0.6339415001448017
YOR313C,-1,-41.27224677801132,-4727.055901169777,0.017055655296229804,0.7450980392156863,0.634231103388358
YMR042W,-1,-41.27643138170242,-4893.221994876862,0.01704800358905339,0.7450980392156863,0.6345207066319143
YPL218W,0,-41.277131378650665,-4850.213179916143,0.01704800358905339,0.7450980392156863,0.6345207066319143
YOR317W,-1,-41.277809619903564,-5025.597069948912,0.017040358744394617,0.7450980392156863,0.6348103098754706
YDL049C,0,-41.29327788949013,-4851.2483811974525,0.017040358744394617,0.7450980392156863,0.6348103098754706
YMR116C,1,-41.29448854923248,-5021.430256426334,0.01748095024652622,0.7647058823529411,0.6348103098754706
YFL011W,-1,-41.304492831230164,-4833.907401651144,0.01747311827956989,0.7647058823529411,0.6350999131190269
YGL245W,-1,-41.311481297016144,-4973.2209250330925,0.017465293327362293,0.7647058823529411,0.6353895163625832
YGR026W,0,-41.31317162513733,-4825.687763392925,0.017465293327362293,0.7647058823529411,0.6353895163625832
YBR175W,0,-41.31504678726196,-4868.074353665113,0.017465293327362293,0.7647058823529411,0.6353895163625832
YKL042W,-1,-41.324949234724045,-4921.1713617146015,0.017457475380483437,0.7647058823529411,0.6356791196061395
YMR188C,-1,-41.33200430870056,-5200.19725805521,0.0174496644295302,0.7647058823529411,0.635968722849696
YLL028W,-1,-41.34255039691925,-5043.965758532286,0.01744186046511628,0.7647058823529411,0.6362583260932523
YKL125W,-1,-41.348364531993866,-4945.370367079973,0.01743406347787215,0.7647058823529411,0.6365479293368086
YDR416W,-1,-41.34842076897621,-5018.547890454531,0.01742627345844504,0.7647058823529411,0.6368375325803649
YPR192W,-1,-41.35056096315384,-4994.498805910349,0.017418490397498883,0.7647058823529411,0.6371271358239212
YPL026C,-1,-41.36095952987671,-4810.920067578554,0.017410714285714286,0.7647058823529411,0.6374167390674775
YDR104C,-1,-41.381005704402924,-4762.482629626989,0.01740294511378849,0.7647058823529411,0.6377063423110338
YNL119W,1,-41.384491086006165,-5238.0316224992275,0.01784121320249777,0.7843137254901961,0.6377063423110338
YER068W,-1,-41.3883136510849,-4724.36998590827,0.017833259028087384,0.7843137254901961,0.6379959455545902
YPR108W,-1,-41.39333760738373,-4987.855778485537,0.017825311942959002,0.7843137254901961,0.6382855487981466
YOR307C,0,-41.39995804429054,-5231.631753385067,0.017825311942959002,0.7843137254901961,0.6382855487981466
YER053C,-1,-41.406762301921844,-4930.409659013152,0.017817371937639197,0.7843137254901961,0.6385751520417029
YDL102W,-1,-41.40882682800293,-4967.184826135635,0.017809439002671415,0.7843137254901961,0.6388647552852592
YIR009W,-1,-41.41040110588074,-4821.210443556309,0.017801513128615932,0.7843137254901961,0.6391543585288155
YOL115W,-1,-41.42351686954498,-4867.606638997793,0.017793594306049824,0.7843137254901961,0.6394439617723718
YDR201W,-1,-41.424753963947296,-5017.413029938936,0.017785682525566917,0.7843137254901961,0.6397335650159282
YFR036W,-1,-41.43411600589752,-4847.257853627205,0.017777777777777778,0.7843137254901961,0.6400231682594845
YFL023W,-1,-41.44756335020065,-5054.641405194998,0.01776988005330964,0.7843137254901961,0.6403127715030409
YPR006C,-1,-41.46237662434578,-4950.357119441032,0.017761989342806393,0.7843137254901961,0.6406023747465972
YHL013C,0,-41.469177186489105,-5065.9069457650185,0.017761989342806393,0.7843137254901961,0.6406023747465972
YFL026W,-1,-41.47227227687836,-4814.9378235042095,0.01775410563692854,0.7843137254901961,0.6408919779901535
YGR145W,-1,-41.47260096669197,-5038.844402745366,0.01774622892635315,0.7843137254901961,0.6411815812337098
YML013W,-1,-41.482398837804794,-5155.105248183012,0.017738359201773836,0.7843137254901961,0.6414711844772661
YMR205C,0,-41.489215433597565,-4939.4358585476875,0.017738359201773836,0.7843137254901961,0.6414711844772661
YPR023C,-1,-41.49376356601715,-5097.163955688477,0.01773049645390071,0.7843137254901961,0.6417607877208225
YJL074C,-1,-41.503067433834076,-4903.464783728123,0.017722640673460344,0.7843137254901961,0.6420503909643788
YPR122W,-1,-41.50541231036186,-4959.561959803104,0.01771479185119575,0.7843137254901961,0.6423399942079351
YBR235W,0,-41.522224098443985,-5066.002747267485,0.01771479185119575,0.7843137254901961,0.6423399942079351
YOR144C,-1,-41.52910888195038,-4904.082491517067,0.017706949977866312,0.7843137254901961,0.6426295974514915
YML126C,-1,-41.54251807928085,-4819.515352845192,0.017699115044247787,0.7843137254901961,0.6429192006950478
YOR172W,-1,-41.55234181880951,-4845.36365506053,0.017691287041132243,0.7843137254901961,0.6432088039386041
YLR010C,-1,-41.57809418439865,-4781.571662217379,0.01768346595932803,0.7843137254901961,0.6434984071821604
YAR002C-A,0,-41.59641778469086,-4916.875532478094,0.01768346595932803,0.7843137254901961,0.6434984071821604
YOR311C,-1,-41.59817758202553,-5150.453967422247,0.017675651789659744,0.7843137254901961,0.6437880104257168
YML116W,0,-41.614942252635956,-4945.860263586044,0.017675651789659744,0.7843137254901961,0.6437880104257168
YBL087C,0,-41.618668258190155,-5082.432589918375,0.017675651789659744,0.7843137254901961,0.6437880104257168
YNL036W,-1,-41.62166482210159,-4794.030235230923,0.0176678445229682,0.7843137254901961,0.6440776136692731
YGR180C,-1,-41.635808289051056,-5011.030816942453,0.017660044150110375,0.7843137254901961,0.6443672169128294
YHL003C,-1,-41.63691717386246,-5128.558659851551,0.0176522506619594,0.7843137254901961,0.6446568201563857
YML120C,-1,-41.647992342710495,-5039.605025857687,0.0176444640494045,0.7843137254901961,0.6449464233999421
YER171W,-1,-41.65018406510353,-5023.378537878394,0.01763668430335097,0.7843137254901961,0.6452360266434984
YLR408C,0,-41.66864049434662,-4862.034688830376,0.01763668430335097,0.7843137254901961,0.6452360266434984
YDR364C,-1,-41.67814356088638,-4939.202783465385,0.01762891141472014,0.7843137254901961,0.6455256298870548
YNL132W,-1,-41.679908484220505,-5189.016036629677,0.01762114537444934,0.7843137254901961,0.6458152331306111
YCL069W,-1,-41.68980813026428,-4760.217586904764,0.017613386173491855,0.7843137254901961,0.6461048363741674
YNR004W,0,-41.69118124246597,-4956.945941150188,0.017613386173491855,0.7843137254901961,0.6461048363741674
YLR118C,-1,-41.69653108716011,-4788.24073189497,0.017605633802816902,0.7843137254901961,0.6463944396177237
YKL146W,-1,-41.705901354551315,-5023.53065687418,0.01759788825340959,0.7843137254901961,0.64668404286128
YGR078C,-1,-41.70887437462807,-5148.8238081634045,0.01759014951627089,0.7843137254901961,0.6469736461048363
YCL031C,-1,-41.711435317993164,-4978.256427168846,0.017582417582417582,0.7843137254901961,0.6472632493483927
YOR321W,-1,-41.71218591928482,-5079.928887486458,0.01757469244288225,0.7843137254901961,0.6475528525919491
YDL213C,-1,-41.71510469913483,-5114.758199781179,0.01756697408871322,0.7843137254901961,0.6478424558355054
YDL014W,-1,-41.74110925197601,-5026.181272000074,0.01755926251097454,0.7843137254901961,0.6481320590790617
YNL102W,-1,-41.74365669488907,-4824.428588092327,0.017551557700745943,0.7843137254901961,0.648421662322618
YJR004C,-1,-41.74852168560028,-4714.734436750412,0.017543859649122806,0.7843137254901961,0.6487112655661743
YOR153W,0,-41.75139561295509,-5098.6185529232025,0.017543859649122806,0.7843137254901961,0.6487112655661743
YDR312W,-1,-41.75175192952156,-5305.231714859605,0.017536168347216132,0.7843137254901961,0.6490008688097306
YOL089C,-1,-41.75367385149002,-4754.98139154911,0.017528483786152498,0.7843137254901961,0.649290472053287
YKR064W,-1,-41.75967735052109,-4732.757635176182,0.017520805957074025,0.7843137254901961,0.6495800752968434
YPL058C,-1,-41.764687061309814,-4832.4208113998175,0.017513134851138354,0.7843137254901961,0.6498696785403997
YPL150W,-1,-41.76946321129799,-4958.443185597658,0.0175054704595186,0.7843137254901961,0.650159281783956
YNL055C,-1,-41.77854937314987,-4896.500852823257,0.017497812773403325,0.7843137254901961,0.6504488850275123
YDR159W,-1,-41.78200712800026,-4846.924765080214,0.0174901617839965,0.7843137254901961,0.6507384882710686
YHR023W,-1,-41.78594982624054,-5036.677364766598,0.017482517482517484,0.7843137254901961,0.6510280915146249
YOR224C,-1,-41.79723188281059,-4986.008915126324,0.01747487986020096,0.7843137254901961,0.6513176947581812
YAL047C,-1,-41.798815846443176,-5103.581089794636,0.017467248908296942,0.7843137254901961,0.6516072980017377
YCR038C,-1,-41.80091321468353,-5010.933011054993,0.017459624618070713,0.7843137254901961,0.651896901245294
YPR137W,-1,-41.812329679727554,-5120.681821405888,0.017452006980802792,0.7843137254901961,0.6521865044888503
YBR045C,-1,-41.83709591627121,-5071.711897343397,0.01744439598778892,0.7843137254901961,0.6524761077324066
YML008C,-1,-41.84086924791336,-4906.873163342476,0.017436791630340016,0.7843137254901961,0.6527657109759629
YBR018C,0,-41.847537994384766,-4766.77014669776,0.017436791630340016,0.7843137254901961,0.6527657109759629
YGR280C,-1,-41.881001979112625,-5278.149534732103,0.017429193899782137,0.7843137254901961,0.6530553142195192
YJL198W,-1,-41.883425295352936,-5303.8196984529495,0.017421602787456445,0.7843137254901961,0.6533449174630755
YDR001C,0,-41.89549911022186,-4913.910205811262,0.017421602787456445,0.7843137254901961,0.6533449174630755
YLR266C,-1,-41.91061574220657,-4815.220091044903,0.0174140182847192,0.7843137254901961,0.6536345207066319
YBR223C,-1,-41.91417044401169,-4904.748631566763,0.017406440382941687,0.7843137254901961,0.6539241239501883
YBR278W,-1,-41.91549867391586,-4779.684361577034,0.017398869073510223,0.7843137254901961,0.6542137271937446
YBL021C,-1,-41.91907787322998,-4698.5358973145485,0.017391304347826087,0.7843137254901961,0.6545033304373009
YLR142W,0,-41.92884427309036,-5116.776425153017,0.017391304347826087,0.7843137254901961,0.6545033304373009
YNL245C,-1,-41.93701046705246,-5027.445998132229,0.017383746197305518,0.7843137254901961,0.6547929336808572
YDR180W,-1,-41.9493932723999,-4969.773232668638,0.01737619461337967,0.7843137254901961,0.6550825369244135
YKL060C,0,-41.95551651716232,-4888.187092334032,0.01737619461337967,0.7843137254901961,0.6550825369244135
YLR318W,0,-41.95901903510094,-5054.358818501234,0.01737619461337967,0.7843137254901961,0.6550825369244135
YJL148W,-1,-41.969310492277145,-5158.557762682438,0.017368649587494574,0.7843137254901961,0.6553721401679699
YIL010W,-1,-41.97370833158493,-5068.058202654123,0.017361111111111112,0.7843137254901961,0.6556617434115262
YKL126W,-1,-41.978559136390686,-4906.664303600788,0.01735357917570499,0.7843137254901961,0.6559513466550826
YGR047C,-1,-41.98107957839966,-4931.613045156002,0.017346053772766695,0.7843137254901961,0.6562409498986389
YER088C,-1,-41.99228745698929,-4886.8006871938705,0.017338534893801473,0.7843137254901961,0.6565305531421952
YDR155C,-1,-41.99740934371948,-4995.859660714865,0.01733102253032929,0.7843137254901961,0.6568201563857515
YJL030W,-1,-41.999327063560486,-4836.9730258286,0.0173235166738848,0.7843137254901961,0.6571097596293078
YHR154W,-1,-42.00361102819443,-5060.684993773699,0.017316017316017316,0.7843137254901961,0.6573993628728642
YEL032W,-1,-42.020194470882416,-4792.918175667524,0.01730852444829078,0.7843137254901961,0.6576889661164205
YNR046W,-1,-42.02741351723671,-5036.480588674545,0.01730103806228374,0.7843137254901961,0.6579785693599768
YMR318C,0,-42.034564197063446,-4832.31330421567,0.01730103806228374,0.7843137254901961,0.6579785693599768
YNL091W,-1,-42.04516285657883,-4807.7660838365555,0.01729355814958928,0.7843137254901961,0.6582681726035332
YNL206C,-1,-42.05073615908623,-4986.000962167978,0.01728608470181504,0.7843137254901961,0.6585577758470895
YKL028W,-1,-42.0548537671566,-5021.511077329516,0.017278617710583154,0.7843137254901961,0.6588473790906458
YDL025C,-1,-42.05638372898102,-4929.095395445824,0.017271157167530225,0.7843137254901961,0.6591369823342021
YBR172C,0,-42.08569401502609,-5106.82946395874,0.017271157167530225,0.7843137254901961,0.6591369823342021
YMR220W,-1,-42.11166840791702,-4768.89551833272,0.017263703064307294,0.7843137254901961,0.6594265855777585
YPR168W,-1,-42.12421381473541,-5141.512518286705,0.01725625539257981,0.7843137254901961,0.6597161888213148
YGR208W,0,-42.13121581077576,-5175.4016998410225,0.01725625539257981,0.7843137254901961,0.6597161888213148
YNL290W,-1,-42.137855648994446,-4984.558788448572,0.017248814144027597,0.7843137254901961,0.6600057920648711
YOL093W,-1,-42.14118540287018,-5205.463596925139,0.017241379310344827,0.7843137254901961,0.6602953953084274
YDR019C,0,-42.14133733510971,-5270.682402789593,0.017241379310344827,0.7843137254901961,0.6602953953084274
YKL054C,-1,-42.14943218231201,-4893.552478313446,0.017233950883239983,0.7843137254901961,0.6605849985519838
YDR451C,-1,-42.152860939502716,-4882.227661252022,0.017226528854435832,0.7843137254901961,0.6608746017955401
YBR042C,-1,-42.15715843439102,-4901.703682631254,0.017219113215669393,0.7843137254901961,0.6611642050390965
YKL155C,-1,-42.16269612312317,-5255.6989189088345,0.01721170395869191,0.7843137254901961,0.6614538082826528
YJL109C,-1,-42.16475838422775,-5122.20756816864,0.017204301075268817,0.7843137254901961,0.6617434115262091
YOR089C,-1,-42.17867434024811,-4768.51726847887,0.017196904557179708,0.7843137254901961,0.6620330147697654
YOR348C,-1,-42.18141773343086,-5002.835094183683,0.017189514396218308,0.7843137254901961,0.6623226180133217
YOR274W,-1,-42.192346930503845,-4888.007314026356,0.01718213058419244,0.7843137254901961,0.6626122212568781
YLR153C,0,-42.20200324058533,-4934.170645177364,0.01718213058419244,0.7843137254901961,0.6626122212568781
YGL173C,-1,-42.21677124500275,-4863.356036871672,0.017174753112924,0.7843137254901961,0.6629018245004344
YDR234W,0,-42.2260220348835,-5243.379463642836,0.017174753112924,0.7843137254901961,0.6629018245004344
YNL328C,-1,-42.22788107395172,-5197.365052253008,0.017167381974248927,0.7843137254901961,0.6631914277439908
YLR141W,-1,-42.22904032468796,-5233.754789084196,0.01716001716001716,0.7843137254901961,0.6634810309875471
YNL151C,-1,-42.23137241601944,-5127.521987915039,0.017152658662092625,0.7843137254901961,0.6637706342311034
YLR135W,-1,-42.25835543870926,-4796.573190182447,0.017145306472353194,0.7843137254901961,0.6640602374746597
YDR074W,0,-42.27214968204498,-4963.62073469162,0.017145306472353194,0.7843137254901961,0.6640602374746597
YDR501W,-1,-42.276087284088135,-4825.711319535971,0.01713796058269066,0.7843137254901961,0.664349840718216
YBR200W,-1,-42.295896887779236,-4880.046938478947,0.017130620985010708,0.7843137254901961,0.6646394439617723
YPL038W,-1,-42.3013151884079,-5075.346169650555,0.017123287671232876,0.7843137254901961,0.6649290472053287
YAL035W,-1,-42.301889419555664,-5273.947961628437,0.017115960633290545,0.7843137254901961,0.6652186504488851
YIL099W,-1,-42.30331909656525,-5019.928799033165,0.01710863986313088,0.7843137254901961,0.6655082536924414
YGL008C,-1,-42.31160944700241,-5095.322622507811,0.017101325352714837,0.7843137254901961,0.6657978569359977
YPL189W,-1,-42.31389355659485,-5102.37561455369,0.017094017094017096,0.7843137254901961,0.666087460179554
YJL090C,-1,-42.31654351949692,-4859.870161354542,0.01708671507902606,0.7843137254901961,0.6663770634231103
YML092C,-1,-42.3173993229866,-5280.020905166864,0.017079419299743808,0.7843137254901961,0.6666666666666666
YGR264C,-1,-42.32037419080734,-5273.148955613375,0.017072129748186088,0.7843137254901961,0.6669562699102229
YEL038W,0,-42.3235319852829,-4869.894863277674,0.017072129748186088,0.7843137254901961,0.6669562699102229
YDL132W,-1,-42.35711997747421,-4879.749271512032,0.017064846416382253,0.7843137254901961,0.6672458731537794
YHL012W,-1,-42.35827109217644,-5104.432185441256,0.017057569296375266,0.7843137254901961,0.6675354763973357
YPR119W,-1,-42.398762464523315,-5113.59504660964,0.017050298380221655,0.7843137254901961,0.667825079640892
YKL086W,-1,-42.4188796877861,-4716.871966004372,0.017043033659991477,0.7843137254901961,0.6681146828844483
YLR092W,-1,-42.42045795917511,-4866.659255504608,0.017035775127768313,0.7843137254901961,0.6684042861280046
YOR243C,-1,-42.42214426398277,-5144.640368431807,0.017028522775649212,0.7843137254901961,0.6686938893715609
YGR083C,-1,-42.42603009939194,-5236.635702013969,0.01702127659574468,0.7843137254901961,0.6689834926151172
YPR100W,-1,-42.450168550014496,-5321.554073750973,0.017014036580178648,0.7843137254901961,0.6692730958586737
YHL022C,-1,-42.45390838384628,-5008.526545226574,0.017006802721088437,0.7843137254901961,0.66956269910223
YGR254W,-1,-42.46366447210312,-4895.223066776991,0.016999575010624733,0.7843137254901961,0.6698523023457863
YMR319C,-1,-42.47635021805763,-5266.500743448734,0.016992353440951572,0.7843137254901961,0.6701419055893426
YJR078W,0,-42.48030769824982,-5111.1638042628765,0.016992353440951572,0.7843137254901961,0.6701419055893426
YLR286C,0,-42.48970431089401,-4977.822105705738,0.016992353440951572,0.7843137254901961,0.6701419055893426
YHL028W,-1,-42.49051311612129,-5076.878633648157,0.016985138004246284,0.7843137254901961,0.6704315088328989
YOR298W,-1,-42.49615865945816,-4855.162708967924,0.01697792869269949,0.7843137254901961,0.6707211120764552
YDR446W,-1,-42.49822908639908,-4873.180061459541,0.01697072549851506,0.7843137254901961,0.6710107153200116
YGL119W,-1,-42.50062510371208,-5308.701611727476,0.016963528413910092,0.7843137254901961,0.6713003185635679
YJL143W,-1,-42.502604961395264,-4959.1348277926445,0.01695633743111488,0.7843137254901961,0.6715899218071243
YEL029C,-1,-42.50973844528198,-5240.217012643814,0.01694915254237288,0.7843137254901961,0.6718795250506806
YEL044W,0,-42.51214647293091,-5021.98264798522,0.01694915254237288,0.7843137254901961,0.6718795250506806
YMR284W,-1,-42.51569402217865,-4841.227193504572,0.0169419737399407,0.7843137254901961,0.6721691282942369
YBR103W,-1,-42.53190737962723,-5022.115530818701,0.01693480101608806,0.7843137254901961,0.6724587315377932
YPR073C,-1,-42.53970158100128,-4924.19704285264,0.016927634363097757,0.7843137254901961,0.6727483347813495
YGL148W,0,-42.55351287126541,-5065.276583313942,0.016927634363097757,0.7843137254901961,0.6727483347813495
YAR066W,0,-42.55410644412041,-5144.288838267326,0.016927634363097757,0.7843137254901961,0.6727483347813495
YLR320W,-1,-42.55870407819748,-4866.2924018502235,0.01692047377326565,0.7843137254901961,0.6730379380249059
YIL031W,-1,-42.56446224451065,-5106.94287610054,0.016913319238900635,0.7843137254901961,0.6733275412684622
YCL010C,-1,-42.56461942195892,-5399.830510854721,0.0169061707523246,0.7843137254901961,0.6736171445120185
YPL209C,-1,-42.57320722937584,-5162.541431963444,0.01689902830587241,0.7843137254901961,0.6739067477555749
YKR080W,-1,-42.574642181396484,-5146.740466862917,0.016891891891891893,0.7843137254901961,0.6741963509991312
YLR367W,0,-42.578657895326614,-5050.819216817617,0.016891891891891893,0.7843137254901961,0.6741963509991312
YMR097C,0,-42.602991938591,-5160.466255307198,0.016891891891891893,0.7843137254901961,0.6741963509991312
YAR007C,-1,-42.603598833084106,-5150.2499849796295,0.016884761502743775,0.7843137254901961,0.6744859542426875
YPR145W,0,-42.60868591070175,-5203.408365547657,0.016884761502743775,0.7843137254901961,0.6744859542426875
YNL258C,0,-42.61225143074989,-4996.15168300271,0.016884761502743775,0.7843137254901961,0.6744859542426875
YLR067C,-1,-42.614725202322006,-5121.93845230341,0.016877637130801686,0.7843137254901961,0.6747755574862438
YER036C,-1,-42.622731387615204,-5252.194544434547,0.01687051876845213,0.7843137254901961,0.6750651607298002
YMR268C,-1,-42.64208400249481,-4916.2671110630035,0.016863406408094434,0.7843137254901961,0.6753547639733565
YFL016C,-1,-42.64338982105255,-5308.424830406904,0.01685630004214075,0.7843137254901961,0.6756443672169128
YOR068C,-1,-42.643402338027954,-5114.999083995819,0.016849199663016005,0.7843137254901961,0.6759339704604691
YGR101W,-1,-42.652051746845245,-5107.7342755794525,0.016842105263157894,0.7843137254901961,0.6762235737040255
YKL149C,-1,-42.65225499868393,-4872.877910196781,0.016835016835016835,0.7843137254901961,0.6765131769475818
YJR041C,-1,-42.652295887470245,-5235.407779186964,0.016827934371055953,0.7843137254901961,0.6768027801911382
YCR018C,-1,-42.66082292795181,-4910.273521214724,0.01682085786375105,0.7843137254901961,0.6770923834346945
YGL120C,-1,-42.66391310095787,-5301.97774708271,0.016813787305590584,0.7843137254901961,0.6773819866782508
YOR315W,-1,-42.68548667430878,-4914.795727223158,0.01680672268907563,0.7843137254901961,0.6776715899218071
YDL140C,-1,-42.7014057636261,-5270.479999274015,0.016799664006719867,0.7843137254901961,0.6779611931653634
YOR346W,-1,-42.71693414449692,-5075.521343886852,0.016792611251049538,0.7843137254901961,0.6782507964089198
YPR063C,0,-42.71940898895264,-5034.660954266787,0.016792611251049538,0.7843137254901961,0.6782507964089198
YHL019C,0,-42.724642515182495,-4865.930491387844,0.016792611251049538,0.7843137254901961,0.6782507964089198
YOL032W,-1,-42.737295508384705,-4914.974907875061,0.01678556441460344,0.7843137254901961,0.6785403996524761
YML064C,-1,-42.746881544589996,-5291.222594946623,0.016778523489932886,0.7843137254901961,0.6788300028960325
YGR106C,0,-42.74751251935959,-4767.667534470558,0.016778523489932886,0.7843137254901961,0.6788300028960325
YBR131W,0,-42.754375994205475,-5209.457929939032,0.016778523489932886,0.7843137254901961,0.6788300028960325
YER117W,0,-42.75901556015015,-5041.526252835989,0.016778523489932886,0.7843137254901961,0.6788300028960325
YNL125C,0,-42.76643544435501,-5298.3121329545975,0.016778523489932886,0.7843137254901961,0.6788300028960325
YHR124W,0,-42.76682496070862,-5117.539249956608,0.016778523489932886,0.7843137254901961,0.6788300028960325
YNL046W,0,-42.778876066207886,-5113.488473147154,0.016778523489932886,0.7843137254901961,0.6788300028960325
YML052W,-1,-42.7914605140686,-4743.907242715359,0.016771488469601678,0.7843137254901961,0.6791196061395888
YAL043C,-1,-42.80271643400192,-5208.191781237721,0.016764459346186086,0.7843137254901961,0.6794092093831451
YGL219C,-1,-42.80785155296326,-5344.3325060606,0.016757436112274822,0.7843137254901961,0.6796988126267014
YNL078W,-1,-42.8081710934639,-5106.079499900341,0.01675041876046901,0.7843137254901961,0.6799884158702577
YLL002W,-1,-42.82195073366165,-4997.162450313568,0.016743407283382167,0.7843137254901961,0.680278019113814
YER120W,-1,-42.85390067100525,-5214.670070946217,0.016736401673640166,0.7843137254901961,0.6805676223573704
YPR101W,-1,-42.85395795106888,-5034.316750079393,0.016729401923881223,0.7843137254901961,0.6808572256009268
YJR050W,-1,-42.85730677843094,-4825.922013878822,0.016722408026755852,0.7843137254901961,0.6811468288444831
YER172C,-1,-42.857529401779175,-5053.3993809223175,0.01671541997492687,0.7843137254901961,0.6814364320880394
YAL034W-A,-1,-42.865455865859985,-5094.950066685677,0.01670843776106934,0.7843137254901961,0.6817260353315957
YMR271C,0,-42.870184898376465,-4985.606981605291,0.01670843776106934,0.7843137254901961,0.6817260353315957
YIL041W,-1,-42.90057945251465,-4933.904474079609,0.016701461377870562,0.7843137254901961,0.682015638575152
YHR176W,-1,-42.91335481405258,-4753.039187043905,0.01669449081803005,0.7843137254901961,0.6823052418187083
YFR015C,0,-42.92053872346878,-4866.804733663797,0.01669449081803005,0.7843137254901961,0.6823052418187083
YBL064C,-1,-42.92158001661301,-5373.902922421694,0.016687526074259492,0.7843137254901961,0.6825948450622646
YDL077C,-1,-42.9388582110405,-5188.020042032003,0.016680567139282735,0.7843137254901961,0.6828844483058211
YHR143W,-1,-42.94118273258209,-5010.349960893393,0.016673614005835766,0.7843137254901961,0.6831740515493774
YFL004W,-1,-42.95657342672348,-5228.511604517698,0.016666666666666666,0.7843137254901961,0.6834636547929337
YJL065C,0,-42.963969588279724,-5246.805134445429,0.016666666666666666,0.7843137254901961,0.6834636547929337
YDL245C,-1,-42.96667516231537,-5187.8306313455105,0.01665972511453561,0.7843137254901961,0.68375325803649
YBL074C,-1,-42.96965569257736,-5020.902009189129,0.01665278934221482,0.7843137254901961,0.6840428612800463
YLL011W,-1,-42.973331183195114,-5362.721783652902,0.016645859342488557,0.7843137254901961,0.6843324645236026
YNL210W,-1,-42.97776561975479,-5022.796552211046,0.016638935108153077,0.7843137254901961,0.684622067767159
YOL124C,-1,-42.98323529958725,-5282.55488756299,0.016632016632016633,0.7843137254901961,0.6849116710107154
YOR078W,-1,-42.98488372564316,-5416.115236699581,0.01662510390689942,0.7843137254901961,0.6852012742542717
YNL330C,-1,-42.98637402057648,-4913.128391653299,0.016618196925633568,0.7843137254901961,0.685490877497828
YNR027W,-1,-42.987586975097656,-5190.95802539587,0.016611295681063124,0.7843137254901961,0.6857804807413843
YOL034W,-1,-43.00433325767517,-4944.2888896763325,0.016604400166044003,0.7843137254901961,0.6860700839849406
YDR303C,-1,-43.00481951236725,-5327.705772489309,0.016597510373443983,0.7843137254901961,0.6863596872284969
YPR125W,-1,-43.00519660115242,-5342.183653593063,0.01659062629614268,0.7843137254901961,0.6866492904720533
YLR308W,-1,-43.008582293987274,-5018.173944473267,0.01658374792703151,0.7843137254901961,0.6869388937156096
YJL225C,0,-43.008791357278824,-5249.782984346151,0.01658374792703151,0.7843137254901961,0.6869388937156096
YIL132C,-1,-43.009591937065125,-5134.688780993223,0.016576875259013676,0.7843137254901961,0.687228496959166
YIL153W,-1,-43.050935447216034,-4876.413129627705,0.016570008285004142,0.7843137254901961,0.6875181002027223
YPL213W,-1,-43.07583302259445,-4886.768307089806,0.016563146997929608,0.7843137254901961,0.6878077034462786
YDR190C,-1,-43.076333701610565,-5484.376412689686,0.016556291390728478,0.7843137254901961,0.6880973066898349
YNL064C,-1,-43.08422714471817,-4978.72326862812,0.016549441456350848,0.7843137254901961,0.6883869099333912
YJL117W,-1,-43.08456140756607,-5260.264073073864,0.016542597187758478,0.7843137254901961,0.6886765131769476
YMR225C,-1,-43.090434551239014,-5360.767673581839,0.01653575857792476,0.7843137254901961,0.6889661164205039
YLR055C,-1,-43.10638916492462,-4908.039778828621,0.01652892561983471,0.7843137254901961,0.6892557196640602
YBR202W,-1,-43.11613792181015,-5125.965049833059,0.016522098306484923,0.7843137254901961,0.6895453229076166
YDR375C,-1,-43.1244233250618,-5397.848766416311,0.016515276630883566,0.7843137254901961,0.6898349261511729
YBR204C,-1,-43.1294401884079,-5225.175391703844,0.01650846058605035,0.7843137254901961,0.6901245293947292
YEL001C,0,-43.131615579128265,-5059.890759676695,0.01650846058605035,0.7843137254901961,0.6901245293947292
YKL185W,-1,-43.147003412246704,-5225.281767457724,0.0165016501650165,0.7843137254901961,0.6904141326382855
YOL120C,0,-43.155091255903244,-5046.480893880129,0.0165016501650165,0.7843137254901961,0.6904141326382855
YKL008C,-1,-43.17086187005043,-5420.956814229488,0.016494845360824743,0.7843137254901961,0.6907037358818419
YGR013W,-1,-43.18042713403702,-4797.32760643959,0.016488046166529265,0.7843137254901961,0.6909933391253982
YMR186W,-1,-43.18246537446976,-5030.274609953165,0.016481252575195716,0.7843137254901961,0.6912829423689545
YJR014W,-1,-43.18880659341812,-5067.38668513298,0.016474464579901153,0.7843137254901961,0.6915725456125109
YDL135C,-1,-43.22324997186661,-5113.853046834469,0.016467682173734045,0.7843137254901961,0.6918621488560672
YDR205W,-1,-43.240056693553925,-5215.951629906893,0.01646090534979424,0.7843137254901961,0.6921517520996235
YOL040C,0,-43.24337714910507,-5099.573085904121,0.01646090534979424,0.7843137254901961,0.6921517520996235
YNR063W,0,-43.245745807886124,-5174.122609168291,0.01646090534979424,0.7843137254901961,0.6921517520996235
YER141W,0,-43.25063160061836,-5387.769985258579,0.01646090534979424,0.7843137254901961,0.6921517520996235
YIR004W,-1,-43.25983327627182,-5191.093456834555,0.016454134101192924,0.7843137254901961,0.6924413553431799
YDL075W,0,-43.271498680114746,-5136.954478621483,0.016454134101192924,0.7843137254901961,0.6924413553431799
YMR292W,0,-43.27196115255356,-5199.065696239471,0.016454134101192924,0.7843137254901961,0.6924413553431799
YDL078C,-1,-43.2745221555233,-4982.834467053413,0.01644736842105263,0.7843137254901961,0.6927309585867362
YNL037C,-1,-43.286223500967026,-5291.553653568029,0.016440608302507192,0.7843137254901961,0.6930205618302925
YCL067C,-1,-43.289198994636536,-5183.784351438284,0.016433853738701727,0.7843137254901961,0.6933101650738488
YOR147W,-1,-43.29137662053108,-5449.2107411026955,0.01642710472279261,0.7843137254901961,0.6935997683174051
YHR006W,-1,-43.30473780632019,-4890.515227138996,0.016420361247947456,0.7843137254901961,0.6938893715609615
YDR280W,-1,-43.30884796380997,-5343.646233052015,0.016413623307345096,0.7843137254901961,0.6941789748045178
YMR302C,-1,-43.331740736961365,-5470.437460362911,0.016406890894175553,0.7843137254901961,0.6944685780480742
YPL254W,-1,-43.34251847863197,-5046.622133970261,0.016400164001640016,0.7843137254901961,0.6947581812916305
YER044C,-1,-43.3432320356369,-5367.401866167784,0.01639344262295082,0.7843137254901961,0.6950477845351868
YOR196C,-1,-43.36288696527481,-5258.123972326517,0.01638672675133142,0.7843137254901961,0.6953373877787431
YGL009C,0,-43.36297035217285,-5145.7652952075005,0.01638672675133142,0.7843137254901961,0.6953373877787431
YLL014W,0,-43.371713757514954,-5185.537751317024,0.01638672675133142,0.7843137254901961,0.6953373877787431
YCL075W,-1,-43.37955006957054,-5143.957456558943,0.01638001638001638,0.7843137254901961,0.6956269910222994
YPL015C,-1,-43.38389778137207,-4862.713836580515,0.01637331150225133,0.7843137254901961,0.6959165942658557
YOR110W,-1,-43.40800505876541,-4882.364044338465,0.016366612111292964,0.7843137254901961,0.6962061975094122
YGL022W,-1,-43.41030377149582,-5301.526706933975,0.016359918200409,0.7843137254901961,0.6964958007529685
YIL039W,0,-43.41602665185928,-5293.095308989286,0.016359918200409,0.7843137254901961,0.6964958007529685
YNL137C,-1,-43.41818559169769,-5393.149028331041,0.016353229762878167,0.7843137254901961,0.6967854039965248
YGL135W,0,-43.422084987163544,-5091.575458735228,0.016353229762878167,0.7843137254901961,0.6967854039965248
YDL114W,0,-43.440217703580856,-5154.57082337141,0.016353229762878167,0.7843137254901961,0.6967854039965248
YOL095C,-1,-43.446566104888916,-5151.677233994007,0.016346546791990192,0.7843137254901961,0.6970750072400811
YMR054W,-1,-43.447326362133026,-4959.542291492224,0.016339869281045753,0.7843137254901961,0.6973646104836374
YJL047C,-1,-43.45303547382355,-4942.922400981188,0.016333197223356473,0.7843137254901961,0.6976542137271937
YOR264W,0,-43.46793895959854,-5061.2163742780685,0.016333197223356473,0.7843137254901961,0.6976542137271937
YDR073W,-1,-43.48022550344467,-5302.747187674046,0.0163265306122449,0.7843137254901961,0.69794381697075
YKL167C,0,-43.49255892634392,-5343.064460873604,0.0163265306122449,0.7843137254901961,0.69794381697075
YDR363W-A,-1,-43.49464726448059,-5159.404831707478,0.016319869441044473,0.7843137254901961,0.6982334202143065
YNL167C,-1,-43.497544944286346,-4869.659705579281,0.01631321370309951,0.7843137254901961,0.6985230234578628
YNR071C,0,-43.506202310323715,-5140.5623460412025,0.01631321370309951,0.7843137254901961,0.6985230234578628
YHL016C,-1,-43.506746768951416,-5083.037013858557,0.016306563391765186,0.7843137254901961,0.6988126267014191
YDL230W,-1,-43.50792974233627,-4998.53251093626,0.016299918500407497,0.7843137254901961,0.6991022299449754
YLL012W,-1,-43.50894516706467,-5215.154609411955,0.016293279022403257,0.7843137254901961,0.6993918331885317
YLR154C,-1,-43.51680624485016,-5165.0564813017845,0.016286644951140065,0.7843137254901961,0.699681436432088
YGL243W,-1,-43.5502827167511,-5273.665610432625,0.01628001628001628,0.7843137254901961,0.6999710396756443
YMR257C,0,-43.55085110664368,-5081.060104250908,0.01628001628001628,0.7843137254901961,0.6999710396756443
YKR027W,0,-43.56731331348419,-5198.866020590067,0.01628001628001628,0.7843137254901961,0.6999710396756443
YOL044W,-1,-43.57181137800217,-5028.392190337181,0.01627339300244101,0.7843137254901961,0.7002606429192006
YIL068C,-1,-43.57238286733627,-5056.339616447687,0.016266775111834077,0.7843137254901961,0.7005502461627571
YDR041W,-1,-43.58402565121651,-5237.508209466934,0.016260162601626018,0.7843137254901961,0.7008398494063134
YGL063W,-1,-43.592549264431,-5259.583792060614,0.016253555465258026,0.7843137254901961,0.7011294526498697
YER053C-A,0,-43.59926962852478,-5139.917734563351,0.016253555465258026,0.7843137254901961,0.7011294526498697
YPL202C,-1,-43.62311041355133,-5267.1482863128185,0.016246953696181964,0.7843137254901961,0.701419055893426
YFL014W,-1,-43.62784421443939,-5036.693826079369,0.016240357287860333,0.7843137254901961,0.7017086591369823
YAL025C,-1,-43.669158816337585,-5228.271097630262,0.016233766233766232,0.7843137254901961,0.7019982623805386
YER181C,0,-43.67668554186821,-5121.807933688164,0.016233766233766232,0.7843137254901961,0.7019982623805386
YIL050W,-1,-43.68915939331055,-4897.130620896816,0.016227180527383367,0.7843137254901961,0.702287865624095
YJL155C,0,-43.69480502605438,-4988.671351015568,0.016227180527383367,0.7843137254901961,0.702287865624095
YNL177C,-1,-43.714152693748474,-5427.783636748791,0.016220600162206,0.7843137254901961,0.7025774688676513
YJR150C,-1,-43.715204775333405,-4879.168758422136,0.016214025131738953,0.7843137254901961,0.7028670721112077
YOR275C,1,-43.73554837703705,-4984.998123824596,0.01661264181523501,0.803921568627451,0.7028670721112077
YGR109C,-1,-43.758273243904114,-5124.722654283047,0.01660591332523289,0.803921568627451,0.703156675354764
YPR144C,-1,-43.76033365726471,-5433.250917196274,0.01659919028340081,0.803921568627451,0.7034462785983203
YBL103C,-1,-43.76320952177048,-5097.333161324263,0.01659247268312424,0.803921568627451,0.7037358818418766
YPR068C,-1,-43.783542454242706,-5307.847559005022,0.016585760517799353,0.803921568627451,0.704025485085433
YNL225C,-1,-43.79352927207947,-5177.329873561859,0.016579053780832995,0.803921568627451,0.7043150883289893
YKL074C,-1,-43.821542263031006,-5051.711071461439,0.016572352465642683,0.803921568627451,0.7046046915725456
YJR103W,-1,-43.8229820728302,-5085.994479209185,0.016565656565656565,0.803921568627451,0.7048942948161019
YNR013C,-1,-43.82484784722328,-5404.147873818874,0.016558966074313407,0.803921568627451,0.7051838980596583
YML047C,-1,-43.82926082611084,-5016.639636039734,0.016552280985062576,0.803921568627451,0.7054735013032146
YKL119C,-1,-43.829537749290466,-5134.105155736208,0.016545601291364002,0.803921568627451,0.7057631045467709
YOL096C,0,-43.83099868893623,-5317.878191024065,0.016545601291364002,0.803921568627451,0.7057631045467709
YCR072C,-1,-43.84044349193573,-5313.195020347834,0.01653892698668818,0.803921568627451,0.7060527077903272
YPL094C,0,-43.85244661569595,-5295.688551306725,0.01653892698668818,0.803921568627451,0.7060527077903272
YHR046C,-1,-43.85274958610535,-5354.5438276827335,0.01653225806451613,0.803921568627451,0.7063423110338836
YNL020C,-1,-43.85355895757675,-5227.09919834137,0.01652559451833938,0.803921568627451,0.7066319142774399
YJR053W,-1,-43.86648255586624,-5201.652160316706,0.016518936341659952,0.803921568627451,0.7069215175209962
YJL187C,-1,-43.87524378299713,-5371.9159616827965,0.016512283527990335,0.803921568627451,0.7072111207645526
YDR299W,-1,-43.88890425860882,-5374.961292088032,0.016505636070853463,0.803921568627451,0.7075007240081089
YOR190W,-1,-43.897247076034546,-5303.737305164337,0.016498993963782696,0.803921568627451,0.7077903272516652
YEL026W,-1,-43.90008807182312,-5294.178723335266,0.016492357200321803,0.803921568627451,0.7080799304952216
YDL223C,-1,-43.90258586406708,-5074.819785684347,0.01648572577402493,0.803921568627451,0.7083695337387779
YDR110W,-1,-43.906227231025696,-5465.133271366358,0.01647909967845659,0.803921568627451,0.7086591369823342
YPR046W,-1,-43.915316104888916,-5131.16732108593,0.016472478907191643,0.803921568627451,0.7089487402258905
YLR423C,-1,-43.95244240760803,-5414.356890767813,0.01646586345381526,0.803921568627451,0.7092383434694468
YGR067C,0,-43.97083356976509,-5153.806478500366,0.01646586345381526,0.803921568627451,0.7092383434694468
YGR289C,-1,-43.98017564415932,-5176.327268928289,0.01645925331192292,0.803921568627451,0.7095279467130032
YKL038W,-1,-43.98355567455292,-4916.994347631931,0.016452648475120384,0.803921568627451,0.7098175499565595
YAR015W,-1,-43.989422023296356,-5393.408556997776,0.016446048937023665,0.803921568627451,0.7101071532001159
YDL235C,-1,-43.9894814491272,-5209.407763361931,0.01643945469125902,0.803921568627451,0.7103967564436722
YOR009W,0,-44.01759713888168,-5084.64568644762,0.01643945469125902,0.803921568627451,0.7103967564436722
YGR251W,-1,-44.0215525329113,-5252.867021024227,0.016432865731462926,0.803921568627451,0.7106863596872285
YOR369C,0,-44.03165274858475,-5154.7321945130825,0.016432865731462926,0.803921568627451,0.7106863596872285
YIL061C,-1,-44.03239196538925,-5099.69226321578,0.016426282051282052,0.803921568627451,0.7109759629307848
YMR036C,-1,-44.03502982854843,-4972.8473097682,0.016419703644373247,0.803921568627451,0.7112655661743411
YPL029W,-1,-44.046079218387604,-5505.85559424758,0.016413130504403524,0.803921568627451,0.7115551694178974
YOL020W,-1,-44.049763441085815,-5202.801054447889,0.01640656262505002,0.803921568627451,0.7118447726614539
YOR016C,0,-44.04984188079834,-5313.977690696716,0.01640656262505002,0.803921568627451,0.7118447726614539
YBR173C,-1,-44.05065241456032,-5088.2043969631195,0.0164,0.803921568627451,0.7121343759050102
YHR190W,-1,-44.05519115924835,-5356.790288537741,0.01639344262295082,0.803921568627451,0.7124239791485665
YBR181C,-1,-44.05684369802475,-5069.353513628244,0.016386890487609912,0.803921568627451,0.7127135823921228
YGL162W,-1,-44.06271284818649,-5346.021277010441,0.016380343587694766,0.803921568627451,0.7130031856356791
YDR144C,0,-44.070962965488434,-5163.692829698324,0.016380343587694766,0.803921568627451,0.7130031856356791
YDR079C-A,-1,-44.09225934743881,-5303.176241993904,0.01637380191693291,0.803921568627451,0.7132927888792354
YFL025C,-1,-44.09496879577637,-5270.3951107263565,0.016367265469061875,0.803921568627451,0.7135823921227917
YBL063W,-1,-44.11470007896423,-5008.688218474388,0.01636073423782921,0.803921568627451,0.7138719953663482
YHR070W,-1,-44.12462717294693,-5461.949800491333,0.016354208216992423,0.803921568627451,0.7141615986099045
YCR035C,-1,-44.135092705488205,-5382.369221717119,0.01634768740031898,0.803921568627451,0.7144512018534608
YJR159W,0,-44.135138511657715,-5268.905003041029,0.01634768740031898,0.803921568627451,0.7144512018534608
YHL050C,0,-44.1368582546711,-5317.932831048965,0.01634768740031898,0.803921568627451,0.7144512018534608
YJR117W,0,-44.13842102885246,-5268.834184587002,0.01634768740031898,0.803921568627451,0.7144512018534608
YCL047C,0,-44.141090869903564,-5213.496974527836,0.01634768740031898,0.803921568627451,0.7144512018534608
YDR496C,0,-44.143345922231674,-5551.997652485967,0.01634768740031898,0.803921568627451,0.7144512018534608
YMR001C,-1,-44.15511512756348,-5283.145182698965,0.01634117178158629,0.803921568627451,0.7147408050970171
YHR085W,-1,-44.15628695487976,-5426.043925434351,0.016334661354581673,0.803921568627451,0.7150304083405734
YCR102C,0,-44.16882207989693,-5286.56828969717,0.016334661354581673,0.803921568627451,0.7150304083405734
YMR228W,-1,-44.17732220888138,-5397.219430536032,0.01632815611310235,0.803921568627451,0.7153200115841297
YDL142C,-1,-44.18720245361328,-5319.476755350828,0.016321656050955414,0.803921568627451,0.715609614827686
YML041C,-1,-44.19441717863083,-5369.063638985157,0.01631516116195782,0.803921568627451,0.7158992180712423
YMR316C-A,0,-44.19693633913994,-5130.633341550827,0.01631516116195782,0.803921568627451,0.7158992180712423
YOL075C,0,-44.20071628689766,-5257.92757499218,0.01631516116195782,0.803921568627451,0.7158992180712423
YDR156W,-1,-44.204418659210205,-5384.003918319941,0.016308671439936355,0.803921568627451,0.7161888213147988
YJL092W,-1,-44.21327030658722,-5072.070323616266,0.016302186878727636,0.803921568627451,0.7164784245583551
YKR095W,-1,-44.21704912185669,-5345.418870210648,0.01629570747217806,0.803921568627451,0.7167680278019114
YGR263C,-1,-44.22925686836243,-5492.756730467081,0.01628923321414382,0.803921568627451,0.7170576310454677
YNR011C,-1,-44.23229515552521,-5144.573880881071,0.016282764098490866,0.803921568627451,0.717347234289024
YDR532C,0,-44.236079692840576,-5206.566749900579,0.016282764098490866,0.803921568627451,0.717347234289024
YPR002W,-1,-44.25680959224701,-5239.130551874638,0.01627630011909488,0.803921568627451,0.7176368375325803
YGL234W,0,-44.25705224275589,-5365.871815502644,0.01627630011909488,0.803921568627451,0.7176368375325803
YMR134W,-1,-44.26912611722946,-5318.281825900078,0.01626984126984127,0.803921568627451,0.7179264407761367
YDR062W,-1,-44.27023023366928,-5253.077917098999,0.016263387544625148,0.803921568627451,0.718216044019693
YMR104C,-1,-44.270932257175446,-4981.775282949209,0.01625693893735131,0.803921568627451,0.7185056472632494
YLR409C,-1,-44.277874141931534,-5393.669376343489,0.016250495441934205,0.803921568627451,0.7187952505068057
YOL113W,-1,-44.278500735759735,-5131.718279987574,0.01624405705229794,0.803921568627451,0.719084853750362
YBR296C,-1,-44.280061811208725,-5481.661877766252,0.016237623762376238,0.803921568627451,0.7193744569939183
YGR222W,-1,-44.29727551341057,-5392.7115252017975,0.01623119556611243,0.803921568627451,0.7196640602374746
YOR310C,-1,-44.30026122927666,-5454.05245514214,0.016224772457459437,0.803921568627451,0.719953663481031
YOR037W,-1,-44.30569916963577,-5365.473003536463,0.016218354430379747,0.803921568627451,0.7202432667245873
YDL247W,-1,-44.337039828300476,-5340.964778751135,0.016211941478845394,0.803921568627451,0.7205328699681437
YEL077C,0,-44.34680595993996,-5207.821972340345,0.016211941478845394,0.803921568627451,0.7205328699681437
YLR337C,-1,-44.35753285884857,-5153.0306804180145,0.016205533596837945,0.803921568627451,0.7208224732117
YHR033W,0,-44.36673626303673,-5221.574675261974,0.016205533596837945,0.803921568627451,0.7208224732117
YOR017W,0,-44.38824117183685,-5467.800640702248,0.016205533596837945,0.803921568627451,0.7208224732117
YNL300W,0,-44.39434975385666,-5580.119326353073,0.016205533596837945,0.803921568627451,0.7208224732117
YIR013C,0,-44.39663606882095,-5232.823232769966,0.016205533596837945,0.803921568627451,0.7208224732117
YER061C,-1,-44.397639751434326,-5327.562874078751,0.01619913077834848,0.803921568627451,0.7211120764552563
YJL158C,0,-44.405550956726074,-5298.410401701927,0.01619913077834848,0.803921568627451,0.7211120764552563
YHR158C,-1,-44.40601533651352,-5057.116763502359,0.016192733017377565,0.803921568627451,0.7214016796988126
YKL021C,-1,-44.416460275650024,-5377.595844715834,0.016186340307935254,0.803921568627451,0.721691282942369
YHR197W,-1,-44.4169505238533,-5322.549874424934,0.01617995264404104,0.803921568627451,0.7219808861859253
YDL047W,-1,-44.419809341430664,-5198.215160012245,0.016173570019723867,0.803921568627451,0.7222704894294816
YER035W,-1,-44.42818945646286,-4934.56394764781,0.016167192429022082,0.803921568627451,0.7225600926730379
YDL070W,-1,-44.43613404035568,-4831.1984410882,0.016160819865983445,0.803921568627451,0.7228496959165943
YKL150W,-1,-44.4466786980629,-5455.198951035738,0.01615445232466509,0.803921568627451,0.7231392991601506
YER145C,-1,-44.45872899889946,-5137.902569055557,0.016148089799133517,0.803921568627451,0.7234289024037069
YAL054C,0,-44.46029168367386,-5039.486223161221,0.016148089799133517,0.803921568627451,0.7234289024037069
YMR295C,0,-44.4627899825573,-5244.458709299564,0.016148089799133517,0.803921568627451,0.7234289024037069
YGL097W,-1,-44.46536037325859,-5602.052666574717,0.016141732283464567,0.803921568627451,0.7237185056472633
YOL010W,-1,-44.46584004163742,-5365.7785798460245,0.016135379771743407,0.803921568627451,0.7240081088908196
YPL104W,-1,-44.468860387802124,-5555.292802661657,0.016129032258064516,0.803921568627451,0.7242977121343759
YBR080C,-1,-44.50508666038513,-5462.646430402994,0.016122689736531654,0.803921568627451,0.7245873153779322
YDR392W,1,-44.50718820095062,-5264.956703484058,0.01650943396226415,0.8235294117647058,0.7245873153779322
YOR194C,-1,-44.508063554763794,-5334.4249121546745,0.016502946954813358,0.8235294117647058,0.7248769186214885
YOL090W,-1,-44.5135104060173,-5473.77488091588,0.016496465043205028,0.8235294117647058,0.7251665218650449
YOR216C,0,-44.525153160095215,-5444.772727966309,0.016496465043205028,0.8235294117647058,0.7251665218650449
YNR001C,-1,-44.527812361717224,-5533.988977879286,0.016489988221436984,0.8235294117647058,0.7254561251086012
YDR021W,-1,-44.53092032670975,-5474.261945515871,0.016483516483516484,0.8235294117647058,0.7257457283521576
YPR060C,0,-44.53827601671219,-5135.034207686782,0.016483516483516484,0.8235294117647058,0.7257457283521576
YLR381W,-1,-44.54865738749504,-5182.322378739715,0.01647704982346018,0.8235294117647058,0.7260353315957139
YLR440C,0,-44.56131899356842,-5274.453399300575,0.01647704982346018,0.8235294117647058,0.7260353315957139
YPL274W,-1,-44.56276834011078,-5317.029868930578,0.01647058823529412,0.8235294117647058,0.7263249348392702
YLR188W,0,-44.57144832611084,-5444.485111683607,0.01647058823529412,0.8235294117647058,0.7263249348392702
YHR041C,-1,-44.577103197574615,-5187.881845116615,0.016464131713053703,0.8235294117647058,0.7266145380828265
YIL027C,0,-44.59135687351227,-5380.000271230936,0.016464131713053703,0.8235294117647058,0.7266145380828265
YKR060W,-1,-44.60388281941414,-5393.40693411231,0.016457680250783698,0.8235294117647058,0.7269041413263828
YGL051W,0,-44.605740547180176,-5389.812809437513,0.016457680250783698,0.8235294117647058,0.7269041413263828
YDR462W,-1,-44.62783595919609,-5329.473582983017,0.01645123384253819,0.8235294117647058,0.7271937445699392
YJL010C,-1,-44.63658607006073,-5490.9370339512825,0.01644479248238058,0.8235294117647058,0.7274833478134956
YBR004C,-1,-44.63875687122345,-5399.871830582619,0.01643835616438356,0.8235294117647058,0.7277729510570519
YOR201C,-1,-44.64359250664711,-5556.54913765192,0.01643192488262911,0.8235294117647058,0.7280625543006082
YMR015C,-1,-44.64562940597534,-5500.775043338537,0.016425498631208447,0.8235294117647058,0.7283521575441645
YMR210W,-1,-44.65095707774162,-5230.282637089491,0.01641907740422205,0.8235294117647058,0.7286417607877208
YDR332W,0,-44.66889035701752,-5391.851071566343,0.01641907740422205,0.8235294117647058,0.7286417607877208
YCL025C,-1,-44.680132299661636,-5385.3322612941265,0.016412661195779603,0.8235294117647058,0.7289313640312771
YML014W,-1,-44.69352501630783,-5394.2893224060535,0.01640625,0.8235294117647058,0.7292209672748334
YOR198C,-1,-44.69513291120529,-5341.56940472126,0.016399843811011325,0.8235294117647058,0.7295105705183899
YLR212C,-1,-44.7008473277092,-5298.458909332752,0.01639344262295082,0.8235294117647058,0.7298001737619462
YMR198W,-1,-44.70676702260971,-5215.038559794426,0.016387046429964885,0.8235294117647058,0.7300897770055025
YMR089C,-1,-44.70890372991562,-5429.394701212645,0.01638065522620905,0.8235294117647058,0.7303793802490588
YPR183W,-1,-44.71932989358902,-5375.200345516205,0.016374269005847954,0.8235294117647058,0.7306689834926151
YDR254W,-1,-44.721336126327515,-5272.001388698816,0.01636788776305534,0.8235294117647058,0.7309585867361714
YGL021W,-1,-44.72208124399185,-5432.900299727917,0.016361511492014025,0.8235294117647058,0.7312481899797277
YLR455W,0,-44.727728456258774,-5347.849219113588,0.016361511492014025,0.8235294117647058,0.7312481899797277
YIR031C,-1,-44.73428612947464,-5367.485420644283,0.016355140186915886,0.8235294117647058,0.731537793223284
YJR105W,0,-44.73521560430527,-5169.053615778685,0.016355140186915886,0.8235294117647058,0.731537793223284
YGL129C,-1,-44.740206480026245,-5395.12039732933,0.01634877384196185,0.8235294117647058,0.7318273964668405
YDR151C,-1,-44.75060558319092,-5291.243000388145,0.01634241245136187,0.8235294117647058,0.7321169997103968
YOR221C,-1,-44.75751346349716,-5465.026080191135,0.01633605600933489,0.8235294117647058,0.7324066029539531
YOR254C,0,-44.7613400220871,-5505.1391969025135,0.01633605600933489,0.8235294117647058,0.7324066029539531
YER014C-A,-1,-44.76154553890228,-5130.897565752268,0.016329704510108865,0.8235294117647058,0.7326962061975094
YOL008W,-1,-44.775470197200775,-5368.219148248434,0.016323357947920714,0.8235294117647058,0.7329858094410657
YIL124W,-1,-44.78625017404556,-5251.512355983257,0.016317016317016316,0.8235294117647058,0.733275412684622
YOL139C,-1,-44.787479877471924,-5250.529351592064,0.016310679611650485,0.8235294117647058,0.7335650159281784
YNL146W,0,-44.790978372097015,-5313.533405303955,0.016310679611650485,0.8235294117647058,0.7335650159281784
YOR287C,-1,-44.79140946269035,-5383.692016005516,0.016304347826086956,0.8235294117647058,0.7338546191717348
YBR214W,-1,-44.792661905288696,-5255.588329046965,0.01629802095459837,0.8235294117647058,0.7341442224152911
YDR165W,-1,-44.794108510017395,-5386.494992911816,0.016291698991466253,0.8235294117647058,0.7344338256588474
YGL107C,-1,-44.79629993438721,-5583.456514239311,0.016285381930981,0.8235294117647058,0.7347234289024037
YDR293C,0,-44.797485530376434,-4989.706225305796,0.016285381930981,0.8235294117647058,0.7347234289024037
YIL075C,-1,-44.81367254257202,-5035.322439938784,0.01627906976744186,0.8235294117647058,0.73501303214596
YGR287C,0,-44.84097212553024,-5323.812037348747,0.01627906976744186,0.8235294117647058,0.73501303214596
YLR203C,-1,-44.84473538398743,-5476.236571639776,0.016272762495156915,0.8235294117647058,0.7353026353895163
YER112W,-1,-44.84548097848892,-5168.351145207882,0.016266460108443067,0.8235294117647058,0.7355922386330727
YCR053W,-1,-44.85625773668289,-5426.028969496489,0.016260162601626018,0.8235294117647058,0.735881841876629
YGR108W,-1,-44.889590084552765,-5322.307088136673,0.016253869969040248,0.8235294117647058,0.7361714451201854
YFL002C,-1,-44.890426844358444,-5432.560472756624,0.016247582205029015,0.8235294117647058,0.7364610483637417
YDR405W,-1,-44.894804775714874,-5423.191014021635,0.016241299303944315,0.8235294117647058,0.736750651607298
YLR014C,-1,-44.90428668260574,-5635.651591956615,0.01623502126014689,0.8235294117647058,0.7370402548508543
YNL181W,0,-44.91277486085892,-5303.388800382614,0.01623502126014689,0.8235294117647058,0.7370402548508543
YDR508C,-1,-44.913863867521286,-5488.0185877382755,0.01622874806800618,0.8235294117647058,0.7373298580944107
YJR013W,-1,-44.94020280241966,-5340.61610108614,0.016222479721900347,0.8235294117647058,0.737619461337967
YNR073C,0,-44.94089862704277,-5377.756729930639,0.016222479721900347,0.8235294117647058,0.737619461337967
YGL203C,0,-44.943510711193085,-5340.837967991829,0.016222479721900347,0.8235294117647058,0.737619461337967
YDR126W,-1,-44.945209205150604,-5321.199884533882,0.016216216216216217,0.8235294117647058,0.7379090645815233
YPR024W,-1,-44.95676055550575,-5367.01560536027,0.016209957545349287,0.8235294117647058,0.7381986678250796
YLR439W,-1,-44.97359561920166,-5396.573413610458,0.016203703703703703,0.8235294117647058,0.738488271068636
YNL133C,-1,-44.98843401670456,-5403.554511874914,0.01619745468569225,0.8235294117647058,0.7387778743121923
YML023C,-1,-45.00523793697357,-5351.656864851713,0.016191210485736313,0.8235294117647058,0.7390674775557486
YDR059C,-1,-45.01970386505127,-5020.945699095726,0.016184971098265895,0.8235294117647058,0.739357080799305
YER148W,-1,-45.022476494312286,-5426.133034542203,0.016178736517719568,0.8235294117647058,0.7396466840428613
YKL216W,0,-45.035071194171906,-5504.569602757692,0.016178736517719568,0.8235294117647058,0.7396466840428613
YDR251W,-1,-45.04114305973053,-5150.902465939522,0.016172506738544475,0.8235294117647058,0.7399362872864176
YNL063W,-1,-45.064501494169235,-5563.40353935957,0.016166281755196306,0.8235294117647058,0.7402258905299739
YEL061C,-1,-45.06870251893997,-5283.730346649885,0.016160061562139283,0.8235294117647058,0.7405154937735302
YDL002C,-1,-45.07014083862305,-5257.011947005987,0.016153846153846154,0.8235294117647058,0.7408050970170866
YJL024C,0,-45.09146720170975,-5449.017485946417,0.016153846153846154,0.8235294117647058,0.7408050970170866
YBR162W-A,0,-45.103112667798996,-5512.47123926878,0.016153846153846154,0.8235294117647058,0.7408050970170866
YML048W,-1,-45.1117485165596,-5340.846344411373,0.016147635524798153,0.8235294117647058,0.741094700260643
YCR097W,0,-45.115904211997986,-5329.536475896835,0.016147635524798153,0.8235294117647058,0.741094700260643
YGR003W,-1,-45.12092477083206,-5087.1107204556465,0.01614142966948501,0.8235294117647058,0.7413843035041993
YHR084W,1,-45.12580490112305,-5570.5042247623205,0.016519400691509797,0.8431372549019608,0.7413843035041993
YOL078W,-1,-45.141686737537384,-5452.72588634491,0.01651305683563748,0.8431372549019608,0.7416739067477556
YLL033W,-1,-45.15760225057602,-5363.536984473467,0.016506717850287907,0.8431372549019608,0.7419635099913119
YKR101W,-1,-45.15970891714096,-5286.274375587702,0.01650038372985418,0.8431372549019608,0.7422531132348682
YOR377W,-1,-45.160608768463135,-5479.450293838978,0.016494054468738015,0.8431372549019608,0.7425427164784245
YBR156C,-1,-45.164181768894196,-5829.049469560385,0.016487730061349692,0.8431372549019608,0.7428323197219809
YGL151W,-1,-45.1661411523819,-5411.598517537117,0.016481410502108086,0.8431372549019608,0.7431219229655373
YEL062W,-1,-45.16777843236923,-5381.002160012722,0.016475095785440614,0.8431372549019608,0.7434115262090936
YHR062C,-1,-45.18580883741379,-5573.74453112483,0.016468785905783226,0.8431372549019608,0.7437011294526499
YHR123W,-1,-45.18857890367508,-5381.327761620283,0.016462480857580397,0.8431372549019608,0.7439907326962062
YDL138W,-1,-45.18878906965256,-5440.338149130344,0.016456180635285114,0.8431372549019608,0.7442803359397625
YJL122W,-1,-45.20247283577919,-5385.312941789627,0.016449885233358837,0.8431372549019608,0.7445699391833188
YLR088W,-1,-45.215752959251404,-5348.517047226429,0.01644359464627151,0.8431372549019608,0.7448595424268751
YBR089C-A,-1,-45.22063851356506,-5439.963762789965,0.01643730886850153,0.8431372549019608,0.7451491456704316
YNR048W,-1,-45.220682829618454,-5367.178573131561,0.016431027894535728,0.8431372549019608,0.7454387489139879
YHR128W,0,-45.22440639138222,-5356.2309302687645,0.016431027894535728,0.8431372549019608,0.7454387489139879
YDL072C,0,-45.23466944694519,-5301.192059516907,0.016431027894535728,0.8431372549019608,0.7454387489139879
YOR285W,0,-45.23558920621872,-5207.405451208353,0.016431027894535728,0.8431372549019608,0.7454387489139879
YIL009W,-1,-45.23598551750183,-5220.1241110265255,0.016424751718869365,0.8431372549019608,0.7457283521575442
YOR237W,-1,-45.236843168735504,-5246.072769731283,0.016418480336006108,0.8431372549019608,0.7460179554011005
YBL058W,-1,-45.241292893886566,-5036.148578137159,0.016412213740458016,0.8431372549019608,0.7463075586446568
YLR060W,-1,-45.24146515130997,-5530.888982981443,0.016405951926745516,0.8431372549019608,0.7465971618882131
YER103W,-1,-45.24151676893234,-5080.914041787386,0.016399694889397406,0.8431372549019608,0.7468867651317694
YIL143C,-1,-45.25458183884621,-5263.283365994692,0.01639344262295082,0.8431372549019608,0.7471763683753258
YNL232W,-1,-45.256805986166,-5606.466724470258,0.01638719512195122,0.8431372549019608,0.7474659716188822
YLL041C,-1,-45.26214116811752,-5636.911578685045,0.01638095238095238,0.8431372549019608,0.7477555748624385
YHR118C,-1,-45.276286125183105,-5153.776764661074,0.016374714394516376,0.8431372549019608,0.7480451781059948
YER167W,-1,-45.28505790233612,-5147.876814037561,0.016368481157213552,0.8431372549019608,0.7483347813495511
YNL314W,-1,-45.285652577877045,-5337.344251066446,0.016362252663622526,0.8431372549019608,0.7486243845931074
YDR099W,-1,-45.28596484661102,-5230.327503144741,0.016356028908330163,0.8431372549019608,0.7489139878366637
YLR249W,-1,-45.29623156785965,-5470.104890078306,0.01634980988593156,0.8431372549019608,0.74920359108022
YOL151W,-1,-45.29916989803314,-5028.667518943548,0.016343595591030026,0.8431372549019608,0.7494931943237765
YLR073C,0,-45.30742263793945,-5500.6470974981785,0.016343595591030026,0.8431372549019608,0.7494931943237765
YER014W,0,-45.31752648949623,-5257.034727871418,0.016343595591030026,0.8431372549019608,0.7494931943237765
YPL280W,0,-45.31815391778946,-5468.74973076582,0.016343595591030026,0.8431372549019608,0.7494931943237765
YDR522C,-1,-45.329370737075806,-5385.619640171528,0.01633738601823708,0.8431372549019608,0.7497827975673328
YDR191W,-1,-45.33498960733414,-5262.2275731265545,0.01633118116217243,0.8431372549019608,0.7500724008108891
YGL054C,-1,-45.34157145023346,-5490.952143102884,0.016324981017463932,0.8431372549019608,0.7503620040544454
YDR040C,-1,-45.345663249492645,-5475.974121361971,0.01631878557874763,0.8431372549019608,0.7506516072980017
YLR004C,0,-45.34886717796326,-5297.643870413303,0.01631878557874763,0.8431372549019608,0.7506516072980017
YDR420W,-1,-45.3544699549675,-5531.108123958111,0.016312594840667678,0.8431372549019608,0.750941210541558
YPR140W,-1,-45.35489624738693,-5551.780545115471,0.016306408797876374,0.8431372549019608,0.7512308137851144
YPR091C,0,-45.36875766515732,-5359.825110346079,0.016306408797876374,0.8431372549019608,0.7512308137851144
YMR133W,-1,-45.372346222400665,-5375.153287440538,0.016300227445034118,0.8431372549019608,0.7515204170286707
YOL137W,-1,-45.37343317270279,-5208.525820702314,0.0162940507768094,0.8431372549019608,0.7518100202722271
YIL177C,0,-45.381114453077316,-5434.257263034582,0.0162940507768094,0.8431372549019608,0.7518100202722271
YGL073W,-1,-45.39179319143295,-5419.884939342737,0.01628787878787879,0.8431372549019608,0.7520996235157834
YBR233W-A,-1,-45.39340513944626,-5499.562568187714,0.01628171147292692,0.8431372549019608,0.7523892267593397
YJL112W,-1,-45.40266025066376,-5459.866124391556,0.01627554882664648,0.8431372549019608,0.752678830002896
YIL113W,-1,-45.40600103139877,-5441.464742034674,0.016269390843738175,0.8431372549019608,0.7529684332464524
YDR365C,-1,-45.41889423131943,-5515.743240326643,0.01626323751891074,0.8431372549019608,0.7532580364900087
YGL010W,0,-45.45439159870148,-5420.777456998825,0.01626323751891074,0.8431372549019608,0.7532580364900087
YPL195W,0,-45.465485870838165,-5394.101059228182,0.01626323751891074,0.8431372549019608,0.7532580364900087
YML015C,-1,-45.4750337600708,-5521.502077668905,0.01625708884688091,0.8431372549019608,0.753547639733565
YNL048W,-1,-45.48186814785004,-5491.415875226259,0.016250944822373395,0.8431372549019608,0.7538372429771213
YAR019C,-1,-45.4830225110054,-5252.898961573839,0.016244805440120892,0.8431372549019608,0.7541268462206777
YLR425W,0,-45.488297045230865,-5378.169001251459,0.016244805440120892,0.8431372549019608,0.7541268462206777
YOL097C,-1,-45.50319927930832,-5557.526218950748,0.01623867069486405,0.8431372549019608,0.754416449464234
YJL176C,0,-45.52547252178192,-5487.166841387749,0.01623867069486405,0.8431372549019608,0.754416449464234
YOR341W,-1,-45.5374151468277,-5517.008071273565,0.016232540581351453,0.8431372549019608,0.7547060527077903
YER157W,0,-45.5516015291214,-5573.513999938965,0.016232540581351453,0.8431372549019608,0.7547060527077903
YDL109C,-1,-45.553455144166946,-5334.549304693937,0.016226415094339624,0.8431372549019608,0.7549956559513467
YDL100C,-1,-45.554699540138245,-5328.832398891449,0.016220294228592985,0.8431372549019608,0.755285259194903
YDL166C,-1,-45.57079941034317,-5520.890782088041,0.016214177978883863,0.8431372549019608,0.7555748624384593
YLR193C,-1,-45.57317081093788,-5637.623316347599,0.01620806633999246,0.8431372549019608,0.7558644656820156
YGL095C,-1,-45.59266322851181,-5279.6173595786095,0.016201959306706856,0.8431372549019608,0.756154068925572
YLL023C,0,-45.6098335981369,-5366.486721545458,0.016201959306706856,0.8431372549019608,0.756154068925572
YPL227C,-1,-45.6252655684948,-5582.671366542578,0.016195856873822974,0.8431372549019608,0.7564436721691283
YKL055C,-1,-45.62646824121475,-5694.699437260628,0.01618975903614458,0.8431372549019608,0.7567332754126846
YGR266W,0,-45.64272218942642,-5359.9021899700165,0.01618975903614458,0.8431372549019608,0.7567332754126846
YLR119W,-1,-45.64395880699158,-5414.171497911215,0.01618366578848325,0.8431372549019608,0.757022878656241
YDL035C,1,-45.64910978078842,-5497.854746580124,0.01655379984951091,0.8627450980392157,0.757022878656241
YOR340C,-1,-45.64925742149353,-5767.370032936335,0.016547574276043624,0.8627450980392157,0.7573124818997973
YFR001W,-1,-45.660456746816635,-5542.791778236628,0.016541353383458645,0.8627450980392157,0.7576020851433536
YDR264C,-1,-45.66512590646744,-5422.020369499922,0.016535137166478767,0.8627450980392157,0.7578916883869099
YLR120C,0,-45.66714859008789,-5537.450368732214,0.016535137166478767,0.8627450980392157,0.7578916883869099
YNR056C,-1,-45.674672931432724,-5516.061374694109,0.01652892561983471,0.8627450980392157,0.7581812916304662
YPL188W,-1,-45.679694294929504,-5433.148146063089,0.016522718738265114,0.8627450980392157,0.7584708948740226
YBL037W,0,-45.68425673246384,-5347.068543881178,0.016522718738265114,0.8627450980392157,0.7584708948740226
YGR048W,-1,-45.701503932476044,-5027.002186268568,0.016516516516516516,0.8627450980392157,0.758760498117579
YDR055W,0,-45.71243715286255,-5587.89220058918,0.016516516516516516,0.8627450980392157,0.758760498117579
YML101C,-1,-45.72440895438194,-5511.012159943581,0.01651031894934334,0.8627450980392157,0.7590501013611353
YOR396W,0,-45.734496742486954,-5317.104501992464,0.01651031894934334,0.8627450980392157,0.7590501013611353
YBR132C,-1,-45.73664915561676,-5553.706850081682,0.016504126031507877,0.8627450980392157,0.7593397046046916
YMR032W,-1,-45.738850593566895,-5224.681187927723,0.016497937757780277,0.8627450980392157,0.7596293078482479
YOR391C,0,-45.74751442670822,-5447.510305643082,0.016497937757780277,0.8627450980392157,0.7596293078482479
YLR033W,-1,-45.74963068962097,-5410.711845248938,0.01649175412293853,0.8627450980392157,0.7599189110918042
YNL123W,-1,-45.752584874629974,-5617.518776759505,0.016485575121768452,0.8627450980392157,0.7602085143353605
YHR083W,-1,-45.76490145921707,-5497.282339721918,0.01647940074906367,0.8627450980392157,0.7604981175789168
YDR218C,0,-45.76935523748398,-5401.226971447468,0.01647940074906367,0.8627450980392157,0.7604981175789168
YPR071W,0,-45.78220182657242,-5428.222095131874,0.01647940074906367,0.8627450980392157,0.7604981175789168
YPR113W,-1,-45.790441155433655,-5363.923719465733,0.01647323099962561,0.8627450980392157,0.7607877208224733
YKL013C,-1,-45.79507648944855,-5454.208370178938,0.016467065868263474,0.8627450980392157,0.7610773240660296
YOL103W,0,-45.798845648765564,-5358.239597052336,0.016467065868263474,0.8627450980392157,0.7610773240660296
YDR004W,-1,-45.80196136236191,-5208.125991135836,0.01646090534979424,0.8627450980392157,0.7613669273095859
YCL048W,-1,-45.805619060993195,-5105.894720703363,0.016454749439042633,0.8627450980392157,0.7616565305531422
YHR079C-A,-1,-45.80866253376007,-5402.0274131298065,0.01644859813084112,0.8627450980392157,0.7619461337966985
YLL036C,-1,-45.81967371702194,-5667.224295020103,0.016442451420029897,0.8627450980392157,0.7622357370402548
YLR390W,0,-45.82097941637039,-5727.054090380669,0.016442451420029897,0.8627450980392157,0.7622357370402548
YIL026C,-1,-45.821651846170425,-5731.684621095657,0.016436309301456856,0.8627450980392157,0.7625253402838111
YDL052C,-1,-45.83005768060684,-5490.327471226454,0.016430171769977596,0.8627450980392157,0.7628149435273676
YDR325W,-1,-45.8329735994339,-5557.376705497503,0.016424038820455393,0.8627450980392157,0.7631045467709239
YDR016C,-1,-45.83310163021088,-5416.044285655022,0.016417910447761194,0.8627450980392157,0.7633941500144802
YMR055C,-1,-45.83465850353241,-5435.818915933371,0.01641178664677359,0.8627450980392157,0.7636837532580365
YJL012C-A,-1,-45.8372203707695,-5411.125748872757,0.01640566741237882,0.8627450980392157,0.7639733565015928
YGL183C,-1,-45.83731526136398,-5281.511736899614,0.016399552739470743,0.8627450980392157,0.7642629597451491
YGR179C,-1,-45.839191257953644,-5256.173646450043,0.01639344262295082,0.8627450980392157,0.7645525629887054
YOR293W,0,-45.84875696897507,-5466.832011252642,0.01639344262295082,0.8627450980392157,0.7645525629887054
YPR161C,-1,-45.85578674077988,-5418.712886124849,0.01638733705772812,0.8627450980392157,0.7648421662322618
YGR030C,-1,-45.85766887664795,-5549.5710081756115,0.016381236038719285,0.8627450980392157,0.7651317694758182
YOR304W,-1,-45.869701504707336,-5479.489836543798,0.01637513956084853,0.8627450980392157,0.7654213727193745
YDR198C,0,-45.88118273019791,-5574.797826081514,0.01637513956084853,0.8627450980392157,0.7654213727193745
YKL181W,0,-45.88398689031601,-5505.91219457984,0.01637513956084853,0.8627450980392157,0.7654213727193745
YBR228W,-1,-45.89860564470291,-5490.5137749910355,0.01636904761904762,0.8627450980392157,0.7657109759629308
YPR061C,0,-45.91623744368553,-5632.135870814323,0.01636904761904762,0.8627450980392157,0.7657109759629308
YLR090W,-1,-45.9195739030838,-5467.149819076061,0.016362960208255856,0.8627450980392157,0.7660005792064871
YJR010C-A,0,-45.927606761455536,-5434.763977050781,0.016362960208255856,0.8627450980392157,0.7660005792064871
YNL110C,-1,-45.93255144357681,-5609.719411015511,0.016356877323420074,0.8627450980392157,0.7662901824500434
YLR213C,-1,-45.933008670806885,-5416.422382056713,0.016350798959494612,0.8627450980392157,0.7665797856935997
YHR039C,-1,-45.9343701004982,-5432.460390239954,0.01634472511144131,0.8627450980392157,0.7668693889371561
YLR045C,-1,-45.937494456768036,-5234.9318754673,0.016338655774229483,0.8627450980392157,0.7671589921807124
YMR070W,-1,-45.95300045609474,-5429.783678591251,0.016332590942835932,0.8627450980392157,0.7674485954242688
YHL032C,0,-45.96238029003143,-5421.320286005735,0.016332590942835932,0.8627450980392157,0.7674485954242688
YOR358W,0,-45.96619415283203,-5177.943805128336,0.016332590942835932,0.8627450980392157,0.7674485954242688
YNL261W,-1,-45.97606748342514,-5581.12767252326,0.0163265306122449,0.8627450980392157,0.7677381986678251
YNL246W,-1,-45.97726088762283,-5615.771088808775,0.016320474777448073,0.8627450980392157,0.7680278019113814
YLR068W,-1,-45.97843259572983,-5556.709004968405,0.016314423433444566,0.8627450980392157,0.7683174051549377
YML038C,-1,-45.98217326402664,-5466.673493653536,0.01630837657524092,0.8627450980392157,0.768607008398494
YPL157W,0,-45.9827595949173,-5706.377399712801,0.01630837657524092,0.8627450980392157,0.768607008398494
YCL040W,-1,-45.98636305332184,-5284.681996077299,0.016302334197851057,0.8627450980392157,0.7688966116420504
YLR404W,0,-46.004551351070404,-5370.366209924221,0.016302334197851057,0.8627450980392157,0.7688966116420504
YER017C,-1,-46.018393874168396,-5412.447485923767,0.016296296296296295,0.8627450980392157,0.7691862148856067
YNL238W,0,-46.028366923332214,-5520.416278600693,0.016296296296296295,0.8627450980392157,0.7691862148856067
YNL306W,-1,-46.041602581739426,-5625.824633181095,0.01629026286560533,0.8627450980392157,0.769475818129163
YHR196W,-1,-46.04586172103882,-5584.195232272148,0.01628423390081421,0.8627450980392157,0.7697654213727194
YDL064W,-1,-46.058287620544434,-5230.512153804302,0.016278209396966333,0.8627450980392157,0.7700550246162757
YKR067W,-1,-46.062933564186096,-5477.151816666126,0.016272189349112426,0.8627450980392157,0.770344627859832
YHR104W,-1,-46.08057773113251,-5249.678633630276,0.016266173752310535,0.8627450980392157,0.7706342311033884
YCR031C,-1,-46.08642536401749,-5363.757088303566,0.016260162601626018,0.8627450980392157,0.7709238343469447
YER070W,-1,-46.08956980705261,-5546.473727583885,0.01625415589213151,0.8627450980392157,0.771213437590501
YBL040C,0,-46.089721858501434,-5342.130880177021,0.01625415589213151,0.8627450980392157,0.771213437590501
YDR307W,0,-46.107824862003326,-5462.794759273529,0.01625415589213151,0.8627450980392157,0.771213437590501
YNL318C,-1,-46.10823309421539,-5314.694617956877,0.01624815361890694,0.8627450980392157,0.7715030408340573
YDR322W,-1,-46.11321663856506,-5601.835299223661,0.016242155777039496,0.8627450980392157,0.7717926440776137
YNL310C,-1,-46.12077933549881,-5579.001431375742,0.016236162361623615,0.8627450980392157,0.77208224732117
YPR105C,0,-46.13936084508896,-5610.091879993677,0.016236162361623615,0.8627450980392157,0.77208224732117
YJR033C,-1,-46.145352363586426,-5470.85210159421,0.016230173367760975,0.8627450980392157,0.7723718505647263
YAL056W,1,-46.15157473087311,-5449.2739480137825,0.016592920353982302,0.8823529411764706,0.7723718505647263
YIL157C,-1,-46.154327750205994,-5532.723987817764,0.016586804275709546,0.8823529411764706,0.7726614538082827
YDL121C,0,-46.15995913743973,-5451.001506179571,0.016586804275709546,0.8823529411764706,0.7726614538082827
YNL061W,-1,-46.16025671362877,-5661.033045575023,0.01658069270449521,0.8823529411764706,0.772951057051839
YDR219C,-1,-46.16242998838425,-5518.951200306416,0.016574585635359115,0.8823529411764706,0.7732406602953953
YIL122W,-1,-46.18722531199455,-5559.850585371256,0.016568483063328424,0.8823529411764706,0.7735302635389516
YMR296C,-1,-46.193376779556274,-5689.07029402256,0.016562384983437616,0.8823529411764706,0.7738198667825079
YLR369W,-1,-46.19996151328087,-5525.196397960186,0.016556291390728478,0.8823529411764706,0.7741094700260643
YKL171W,-1,-46.209444999694824,-5334.268496066332,0.01655020228025009,0.8823529411764706,0.7743990732696207
YLR151C,0,-46.21377474069595,-5399.005595803261,0.01655020228025009,0.8823529411764706,0.7743990732696207
YBL031W,-1,-46.214497327804565,-5373.372883707285,0.016544117647058824,0.8823529411764706,0.774688676513177
YLR190W,-1,-46.22808235883713,-5454.482409834862,0.016538037486218304,0.8823529411764706,0.7749782797567333
YJR049C,-1,-46.23517519235611,-5108.196327894926,0.01653196179279941,0.8823529411764706,0.7752678830002896
YJL214W,-1,-46.26068913936615,-5588.791715949774,0.01652589056188028,0.8823529411764706,0.7755574862438459
YPL093W,-1,-46.27101945877075,-5482.688198775053,0.016519823788546256,0.8823529411764706,0.7758470894874022
YDL107W,-1,-46.27839416265488,-5641.345874041319,0.01651376146788991,0.8823529411764706,0.7761366927309585
YPR196W,0,-46.2793006002903,-5412.937422245741,0.01651376146788991,0.8823529411764706,0.7761366927309585
YLR350W,0,-46.289861619472504,-5530.937788337469,0.01651376146788991,0.8823529411764706,0.7761366927309585
YKR055W,-1,-46.29477500915527,-5200.53613370657,0.016507703595011004,0.8823529411764706,0.776426295974515
YMR101C,-1,-46.29532366991043,-5402.966859310865,0.0165016501650165,0.8823529411764706,0.7767158992180713
YBR211C,-1,-46.302285730838776,-5374.529844582081,0.016495601173020527,0.8823529411764706,0.7770055024616276
YCR014C,-1,-46.31734782457352,-5477.929749429226,0.016489556614144377,0.8823529411764706,0.7772951057051839
YJL196C,-1,-46.324335277080536,-5487.751132130623,0.016483516483516484,0.8823529411764706,0.7775847089487402
YLR314C,-1,-46.32726728916168,-5522.157424300909,0.016477480776272427,0.8823529411764706,0.7778743121922965
YER130C,0,-46.32779058814049,-5415.129031985998,0.016477480776272427,0.8823529411764706,0.7778743121922965
YDR489W,-1,-46.331139743328094,-5532.50398850441,0.016471449487554905,0.8823529411764706,0.7781639154358528
YLR150W,-1,-46.333423376083374,-5433.079598277807,0.01646542261251372,0.8823529411764706,0.7784535186794093
YDR065W,-1,-46.33779710531235,-5564.707566440105,0.01645940014630578,0.8823529411764706,0.7787431219229656
YNR038W,-1,-46.34433615207672,-5457.382666528225,0.016453382084095063,0.8823529411764706,0.7790327251665219
YNL325C,-1,-46.349902749061584,-5474.772456228733,0.01644736842105263,0.8823529411764706,0.7793223284100782
YML129C,-1,-46.35446614027023,-5667.429982125759,0.016441359152356595,0.8823529411764706,0.7796119316536345
YDR376W,-1,-46.36660933494568,-5615.3019379377365,0.01643535427319211,0.8823529411764706,0.7799015348971908
YIL079C,-1,-46.36797618865967,-5600.273003220558,0.01642935377875137,0.8823529411764706,0.7801911381407471
YDR268W,-1,-46.36834293603897,-5683.967541515827,0.016423357664233577,0.8823529411764706,0.7804807413843035
YCR037C,-1,-46.37644696235657,-5474.276040941477,0.016417365924844947,0.8823529411764706,0.7807703446278599
YJR118C,-1,-46.376801550388336,-5405.068889796734,0.016411378555798686,0.8823529411764706,0.7810599478714162
YHR045W,0,-46.379106879234314,-5543.9352306723595,0.016411378555798686,0.8823529411764706,0.7810599478714162
YIL093C,-1,-46.37993323802948,-5565.099352002144,0.016405395552314985,0.8823529411764706,0.7813495511149725
YBR287W,0,-46.38502073287964,-5602.124191462994,0.016405395552314985,0.8823529411764706,0.7813495511149725
YJR112W,-1,-46.38867026567459,-5502.363950908184,0.01639941690962099,0.8823529411764706,0.7816391543585288
YML093W,-1,-46.38988846540451,-5629.702376306057,0.01639344262295082,0.8823529411764706,0.7819287576020851
YGL058W,-1,-46.40360236167908,-5179.4120680093765,0.01638747268754552,0.8823529411764706,0.7822183608456414
YOL125W,-1,-46.40433794260025,-5483.486682236195,0.016381507098653075,0.8823529411764706,0.7825079640891978
YGL025C,-1,-46.40436369180679,-5391.69536036253,0.016375545851528384,0.8823529411764706,0.7827975673327541
YMR123W,0,-46.41154086589813,-5595.2962319254875,0.016375545851528384,0.8823529411764706,0.7827975673327541
YNL006W,-1,-46.420107781887054,-5408.290135890245,0.016369588941433248,0.8823529411764706,0.7830871705763105
YGL231C,0,-46.42450535297394,-5498.0856603085995,0.016369588941433248,0.8823529411764706,0.7830871705763105
YPR190C,-1,-46.42901510000229,-5591.744866997004,0.016363636363636365,0.8823529411764706,0.7833767738198668
YDR056C,0,-46.429269313812256,-5523.506166219711,0.016363636363636365,0.8823529411764706,0.7833767738198668
YDL033C,-1,-46.43436390161514,-5788.683946579695,0.016357688113413305,0.8823529411764706,0.7836663770634231
YNL083W,-1,-46.43647241592407,-5757.150278240442,0.016351744186046513,0.8823529411764706,0.7839559803069794
YJR153W,-1,-46.44355797767639,-5506.829606890678,0.01634580457682528,0.8823529411764706,0.7842455835505358
YLR105C,-1,-46.445433378219604,-5556.5707902908325,0.016339869281045753,0.8823529411764706,0.7845351867940921
YPR134W,-1,-46.45084863901138,-5655.370756536722,0.016333938294010888,0.8823529411764706,0.7848247900376484
YBR136W,-1,-46.464622378349304,-5466.885073542595,0.01632801161103048,0.8823529411764706,0.7851143932812048
YNL248C,-1,-46.47726905345917,-5572.278296113014,0.01632208922742111,0.8823529411764706,0.7854039965247611
YJL002C,-1,-46.48521599173546,-5498.973284423351,0.016316171138506162,0.8823529411764706,0.7856935997683174
YCL045C,0,-46.50558024644852,-5469.5000377595425,0.016316171138506162,0.8823529411764706,0.7856935997683174
YPL130W,0,-46.510090708732605,-5515.230695903301,0.016316171138506162,0.8823529411764706,0.7856935997683174
YDR310C,-1,-46.51196485757828,-5666.047597765923,0.016310257339615802,0.8823529411764706,0.7859832030118737
YLR186W,-1,-46.515877425670624,-5715.750299423933,0.016304347826086956,0.8823529411764706,0.7862728062554301
YJL171C,0,-46.5159347653389,-5555.377328157425,0.016304347826086956,0.8823529411764706,0.7862728062554301
YDR468C,0,-46.52313643693924,-5541.470076829195,0.016304347826086956,0.8823529411764706,0.7862728062554301
YPL002C,-1,-46.525953471660614,-5376.017354398966,0.01629844259326331,0.8823529411764706,0.7865624094989864
YGR206W,0,-46.532597720623016,-5521.207030951977,0.01629844259326331,0.8823529411764706,0.7865624094989864
YPR110C,-1,-46.54419666528702,-5640.317531734705,0.016292541636495295,0.8823529411764706,0.7868520127425427
YDR346C,-1,-46.56600898504257,-5465.803896576166,0.016286644951140065,0.8823529411764706,0.787141615986099
YJL216C,0,-46.56754034757614,-5368.26055586338,0.016286644951140065,0.8823529411764706,0.787141615986099
YCL008C,-1,-46.57820284366608,-5453.692585170269,0.016280752532561504,0.8823529411764706,0.7874312192296554
YHR076W,0,-46.58831053972244,-5545.781121522188,0.016280752532561504,0.8823529411764706,0.7874312192296554
YLL053C,0,-46.59171774983406,-5356.568371802568,0.016280752532561504,0.8823529411764706,0.7874312192296554
YGL189C,0,-46.59602999687195,-5453.352566033602,0.016280752532561504,0.8823529411764706,0.7874312192296554
YLR432W,0,-46.60878950357437,-5720.644279360771,0.016280752532561504,0.8823529411764706,0.7874312192296554
YDR410C,0,-46.615694642066956,-5447.270582169294,0.016280752532561504,0.8823529411764706,0.7874312192296554
YOR381W,-1,-46.62075513601303,-5431.217848539352,0.0162748643761302,0.8823529411764706,0.7877208224732117
YKR006C,-1,-46.632510125637054,-5720.737996935844,0.016268980477223426,0.8823529411764706,0.788010425716768
YCR016W,0,-46.64511486887932,-5706.007738888264,0.016268980477223426,0.8823529411764706,0.788010425716768
YDL130W,-1,-46.64534384012222,-5361.856301993132,0.016263100831225154,0.8823529411764706,0.7883000289603244
YKR038C,-1,-46.64709371328354,-5288.763191998005,0.01625722543352601,0.8823529411764706,0.7885896322038807
YIL011W,0,-46.65093410015106,-5207.281884610653,0.01625722543352601,0.8823529411764706,0.7885896322038807
YNL158W,-1,-46.668569564819336,-5487.723740935326,0.016251354279523293,0.8823529411764706,0.788879235447437
YOR177C,-1,-46.66997057199478,-5631.858616143465,0.016245487364620937,0.8823529411764706,0.7891688386909933
YLR222C,-1,-46.676556915044785,-5729.627582788467,0.01623962468422952,0.8823529411764706,0.7894584419345496
YKL049C,-1,-46.68244731426239,-5523.973062068224,0.016233766233766232,0.8823529411764706,0.789748045178106
YOR295W,-1,-46.68246006965637,-5473.589810192585,0.016227912008654886,0.8823529411764706,0.7900376484216624
YPR016C,-1,-46.711879432201385,-5643.356315225363,0.016222062004325882,0.8823529411764706,0.7903272516652187
YOR182C,0,-46.71848624944687,-5457.243701308966,0.016222062004325882,0.8823529411764706,0.7903272516652187
YNL084C,-1,-46.73349630832672,-5413.062546700239,0.016216216216216217,0.8823529411764706,0.790616854908775
YOR356W,-1,-46.73711985349655,-5464.047518670559,0.016210374639769452,0.8823529411764706,0.7909064581523313
YIL042C,-1,-46.75765669345856,-5704.270011872053,0.01620453727043572,0.8823529411764706,0.7911960613958876
YGR257C,-1,-46.77696996927261,-5595.435096770525,0.016198704103671708,0.8823529411764706,0.7914856646394439
YBR217W,-1,-46.79638236761093,-5457.849552452564,0.016192875134940627,0.8823529411764706,0.7917752678830003
YAL039C,0,-46.797932386398315,-5445.6143743395805,0.016192875134940627,0.8823529411764706,0.7917752678830003
YML012W,0,-46.80053508281708,-5400.886122971773,0.016192875134940627,0.8823529411764706,0.7917752678830003
YBR096W,0,-46.814537942409515,-5418.966924905777,0.016192875134940627,0.8823529411764706,0.7917752678830003
YBR215W,-1,-46.82785350084305,-5613.670033425093,0.01618705035971223,0.8823529411764706,0.7920648711265567
YPL135W,-1,-46.83912521600723,-5673.544093281031,0.016181229773462782,0.8823529411764706,0.792354474370113
YLR390W-A,0,-46.867127537727356,-5573.251162499189,0.016181229773462782,0.8823529411764706,0.792354474370113
YJL063C,-1,-46.86860466003418,-5644.957792848349,0.016175413371675055,0.8823529411764706,0.7926440776136693
YMR098C,-1,-46.8833281993866,-5646.6661830842495,0.016169601149838304,0.8823529411764706,0.7929336808572256
YLR238W,-1,-46.910280883312225,-5414.278215557337,0.016163793103448277,0.8823529411764706,0.7932232841007819
YML030W,0,-46.91039061546326,-5515.146117568016,0.016163793103448277,0.8823529411764706,0.7932232841007819
YLR264W,0,-46.92705583572388,-5480.969003677368,0.016163793103448277,0.8823529411764706,0.7932232841007819
YMR229C,-1,-46.93095141649246,-5696.6806626319885,0.01615798922800718,0.8823529411764706,0.7935128873443382
YDR270W,-1,-46.93629336357117,-5359.236576139927,0.01615218951902369,0.8823529411764706,0.7938024905878945
YLR002C,-1,-46.968527644872665,-5652.210933953524,0.016146393972012917,0.8823529411764706,0.794092093831451
YHR210C,0,-46.98639449477196,-5518.942338556051,0.016146393972012917,0.8823529411764706,0.794092093831451
YPL083C,-1,-46.99095284938812,-5670.628702372313,0.016140602582496413,0.8823529411764706,0.7943816970750073
YOR374W,0,-46.99160462617874,-5569.741562247276,0.016140602582496413,0.8823529411764706,0.7943816970750073
YGL130W,-1,-47.01281189918518,-5137.8067644536495,0.01613481534600215,0.8823529411764706,0.7946713003185636
YGR128C,-1,-47.04744294285774,-5756.719951316714,0.016129032258064516,0.8823529411764706,0.7949609035621199
YCR083W,-1,-47.050540179014206,-5561.564411580563,0.016123253314224293,0.8823529411764706,0.7952505068056762
YLR194C,0,-47.06601428985596,-5544.564036548138,0.016123253314224293,0.8823529411764706,0.7952505068056762
YOR065W,-1,-47.06996375322342,-5749.379697501659,0.016117478510028652,0.8823529411764706,0.7955401100492325
YMR125W,-1,-47.076990485191345,-5672.845416277647,0.01611170784103115,0.8823529411764706,0.7958297132927888
YKL154W,0,-47.08022344112396,-5540.831319510937,0.01611170784103115,0.8823529411764706,0.7958297132927888
YNR021W,0,-47.08073318004608,-5550.652853012085,0.01611170784103115,0.8823529411764706,0.7958297132927888
YER007W,-1,-47.08514529466629,-5572.390780597925,0.016105941302791697,0.8823529411764706,0.7961193165363452
YLR175W,-1,-47.08722060918808,-5721.342520266771,0.016100178890876567,0.8823529411764706,0.7964089197799016
YBR191W,0,-47.091173470020294,-5550.5340085327625,0.016100178890876567,0.8823529411764706,0.7964089197799016
YKL029C,0,-47.10709589719772,-5729.593021541834,0.016100178890876567,0.8823529411764706,0.7964089197799016
YCR106W,0,-47.11192977428436,-5578.818527162075,0.016100178890876567,0.8823529411764706,0.7964089197799016
YOR214C,0,-47.11933296918869,-5495.565830051899,0.016100178890876567,0.8823529411764706,0.7964089197799016
YDR189W,-1,-47.11938053369522,-5722.328734189272,0.016094420600858368,0.8823529411764706,0.7966985230234579
YCL058C,0,-47.12254250049591,-5605.574695676565,0.016094420600858368,0.8823529411764706,0.7966985230234579
YBR230C,0,-47.15604931116104,-5696.470963269472,0.016094420600858368,0.8823529411764706,0.7966985230234579
YJR143C,-1,-47.172238647937775,-5579.697790980339,0.016088666428316054,0.8823529411764706,0.7969881262670142
YOR167C,0,-47.172249495983124,-5421.717420488596,0.016088666428316054,0.8823529411764706,0.7969881262670142
YER018C,-1,-47.196498692035675,-5612.96273201704,0.016082916368834882,0.8823529411764706,0.7972777295105705
YPL220W,0,-47.199184119701385,-5420.033909827471,0.016082916368834882,0.8823529411764706,0.7972777295105705
YKR057W,-1,-47.21083736419678,-5536.335443735123,0.01607717041800643,0.8823529411764706,0.7975673327541268
YLR178C,0,-47.216591596603394,-5428.766510903835,0.01607717041800643,0.8823529411764706,0.7975673327541268
YLR015W,0,-47.22112965583801,-5773.838509082794,0.01607717041800643,0.8823529411764706,0.7975673327541268
YDR113C,-1,-47.22306674718857,-5527.236732661724,0.01607142857142857,0.8823529411764706,0.7978569359976831
YOR090C,-1,-47.230761766433716,-5527.518718630075,0.01606569082470546,0.8823529411764706,0.7981465392412395
YOR025W,-1,-47.23248702287674,-5480.044873148203,0.016059957173447537,0.8823529411764706,0.7984361424847958
YMR143W,-1,-47.23918378353119,-5521.2780093848705,0.016054227613271493,0.8823529411764706,0.7987257457283522
YLR395C,-1,-47.25823491811752,-5759.851131469011,0.016048502139800285,0.8823529411764706,0.7990153489719085
YPL159C,-1,-47.26030653715134,-5490.1436313688755,0.016042780748663103,0.8823529411764706,0.7993049522154648
YHR115C,-1,-47.26292645931244,-5296.82337731123,0.016037063435495366,0.8823529411764706,0.7995945554590211
YOL156W,-1,-47.26475673913956,-5572.754697263241,0.016031350195938723,0.8823529411764706,0.7998841587025775
YPL126W,-1,-47.26500055193901,-5915.209944233298,0.016025641025641024,0.8823529411764706,0.8001737619461338
YIL040W,0,-47.27385449409485,-5603.742595225573,0.016025641025641024,0.8823529411764706,0.8001737619461338
YDR072C,-1,-47.27957171201706,-5398.445393830538,0.016019935920256318,0.8823529411764706,0.8004633651896901
YKL170W,-1,-47.283418118953705,-5679.9373660981655,0.01601423487544484,0.8823529411764706,0.8007529684332465
YJL051W,-1,-47.286073207855225,-5361.346803307533,0.016008537886873,0.8823529411764706,0.8010425716768028
YLR298C,-1,-47.286675810813904,-5506.428336322308,0.016002844950213372,0.8823529411764706,0.8013321749203591
YDL101C,-1,-47.290033876895905,-5604.246023237705,0.015997156061144685,0.8823529411764706,0.8016217781639154
YNL188W,-1,-47.292659282684326,-5710.624349266291,0.015991471215351813,0.8823529411764706,0.8019113814074718
YDR153C,-1,-47.30570489168167,-5358.192781448364,0.015985790408525755,0.8823529411764706,0.8022009846510281
YFR008W,-1,-47.3092799782753,-5411.806202411652,0.015980113636363636,0.8823529411764706,0.8024905878945844
YPR198W,0,-47.31949761509895,-5761.159309238195,0.015980113636363636,0.8823529411764706,0.8024905878945844
YMR154C,0,-47.32111448049545,-5641.92660471797,0.015980113636363636,0.8823529411764706,0.8024905878945844
YML112W,-1,-47.329122483730316,-5107.102642118931,0.01597444089456869,0.8823529411764706,0.8027801911381407
YGR207C,0,-47.352386236190796,-5630.926721543074,0.01597444089456869,0.8823529411764706,0.8027801911381407
YML066C,-1,-47.355352997779846,-5620.4138207137585,0.01596877217885025,0.8823529411764706,0.8030697943816971
YGR068C,-1,-47.35840743780136,-5621.258237063885,0.01596310748492373,0.8823529411764706,0.8033593976252534
YLR413W,0,-47.37746158242226,-5730.458873152733,0.01596310748492373,0.8823529411764706,0.8033593976252534
YDR115W,-1,-47.38128048181534,-5568.660869836807,0.015957446808510637,0.8823529411764706,0.8036490008688097
YDR083W,-1,-47.38800245523453,-5781.024463027716,0.015951790145338533,0.8823529411764706,0.8039386041123661
YML118W,0,-47.397658824920654,-5664.398372262716,0.015951790145338533,0.8823529411764706,0.8039386041123661
YOL105C,-1,-47.4041987657547,-5545.817167848349,0.015946137491141033,0.8823529411764706,0.8042282073559224
YBR227C,0,-47.40735253691673,-5642.225425332785,0.015946137491141033,0.8823529411764706,0.8042282073559224
YBR159W,-1,-47.415596663951874,-5523.168893069029,0.015940488841657812,0.8823529411764706,0.8045178105994787
YNL038W,-1,-47.41628557443619,-5577.414918869734,0.01593484419263456,0.8823529411764706,0.804807413843035
YBR162C,0,-47.41684174537659,-5350.944218248129,0.01593484419263456,0.8823529411764706,0.804807413843035
YOL023W,-1,-47.42198705673218,-5749.887838840485,0.01592920353982301,0.8823529411764706,0.8050970170865913
YOL042W,-1,-47.4271137714386,-5617.433014452457,0.01592356687898089,0.8823529411764706,0.8053866203301477
YNR045W,0,-47.433369517326355,-5607.653953641653,0.01592356687898089,0.8823529411764706,0.8053866203301477
YDR476C,0,-47.438591718673706,-5534.97526627779,0.01592356687898089,0.8823529411764706,0.8053866203301477
YJL062W,-1,-47.439367324113846,-5510.369381159544,0.01591793420587195,0.8823529411764706,0.805676223573704
YJL072C,-1,-47.476551830768585,-5510.1814950704575,0.015912305516265914,0.8823529411764706,0.8059658268172604
YBR171W,0,-47.47796684503555,-5557.249898314476,0.015912305516265914,0.8823529411764706,0.8059658268172604
YIL112W,-1,-47.47904723882675,-5561.914153546095,0.015906680805938492,0.8823529411764706,0.8062554300608167
YMR013C,-1,-47.49012732505798,-5602.475595325232,0.015901060070671377,0.8823529411764706,0.806545033304373
YPL207W,-1,-47.50907665491104,-5769.9540283977985,0.015895443306252206,0.8823529411764706,0.8068346365479293
YBR040W,-1,-47.509127259254456,-5584.472856968641,0.015889830508474576,0.8823529411764706,0.8071242397914856
YMR131C,-1,-47.51832631230354,-5808.81217160821,0.015884221673138015,0.8823529411764706,0.807413843035042
YLR069C,-1,-47.524101972579956,-5761.969586640596,0.01587861679604799,0.8823529411764706,0.8077034462785984
YBR067C,0,-47.52417367696762,-5602.649300396442,0.01587861679604799,0.8823529411764706,0.8077034462785984
YDR125C,0,-47.55128812789917,-5760.943363308907,0.01587861679604799,0.8823529411764706,0.8077034462785984
YPL091W,-1,-47.555041551589966,-5451.0513162612915,0.015873015873015872,0.8823529411764706,0.8079930495221547
YLR283W,0,-47.582904398441315,-5643.015604138374,0.015873015873015872,0.8823529411764706,0.8079930495221547
YEL055C,0,-47.59558004140854,-5761.539527893066,0.015873015873015872,0.8823529411764706,0.8079930495221547
YMR172W,-1,-47.60932391881943,-5665.090898513794,0.015867418899858956,0.8823529411764706,0.808282652765711
YPR020W,-1,-47.63553023338318,-5827.818098127842,0.015861825872400422,0.8823529411764706,0.8085722560092673
YLR066W,0,-47.636707216501236,-5572.807931065559,0.015861825872400422,0.8823529411764706,0.8085722560092673
YKR083C,-1,-47.638435542583466,-5599.7212890684605,0.015856236786469344,0.8823529411764706,0.8088618592528236
YPR201W,-1,-47.64287692308426,-5615.449436247349,0.01585065163790067,0.8823529411764706,0.8091514624963799
YPL234C,-1,-47.64565867185593,-5557.775973916054,0.01584507042253521,0.8823529411764706,0.8094410657399362
YEL064C,-1,-47.65234696865082,-5489.132981747389,0.01583949313621964,0.8823529411764706,0.8097306689834927
YNL122C,0,-47.65252333879471,-5674.83919981122,0.01583949313621964,0.8823529411764706,0.8097306689834927
YDL175C,-1,-47.665536403656006,-5666.570098936558,0.015833919774806474,0.8823529411764706,0.810020272227049
YNL335W,0,-47.6706645488739,-5662.185929656029,0.015833919774806474,0.8823529411764706,0.810020272227049
YOL077W-A,-1,-47.67499166727066,-5696.3853169083595,0.015828350334154064,0.8823529411764706,0.8103098754706053
YKL140W,-1,-47.67598021030426,-5659.780034482479,0.015822784810126583,0.8823529411764706,0.8105994787141616
YKL138C,-1,-47.6793315410614,-5743.829568684101,0.015817223198594025,0.8823529411764706,0.8108890819577179
YOR130C,0,-47.68106696009636,-5696.5367641747,0.015817223198594025,0.8823529411764706,0.8108890819577179
YGL045W,1,-47.68203794956207,-5551.990601211786,0.016163035839775124,0.9019607843137255,0.8108890819577179
YGL126W,-1,-47.69068366289139,-5591.519650489092,0.016157358623112048,0.9019607843137255,0.8111786852012742
YCR105W,0,-47.698471546173096,-5528.660596013069,0.016157358623112048,0.9019607843137255,0.8111786852012742
YLL003W,-1,-47.71063280105591,-5559.994304001331,0.016151685393258428,0.9019607843137255,0.8114682884448305
YDL030W,-1,-47.713517129421234,-5617.237219184637,0.016146016146016146,0.9019607843137255,0.8117578916883869
YHR105W,0,-47.73115807771683,-5476.25364741683,0.016146016146016146,0.9019607843137255,0.8117578916883869
YEL031W,-1,-47.73896986246109,-5624.38119712472,0.016140350877192983,0.9019607843137255,0.8120474949319433
YDR291W,0,-47.74143576622009,-5589.376758933067,0.016140350877192983,0.9019607843137255,0.8120474949319433
YGR076C,-1,-47.74155783653259,-5657.337387084961,0.016134689582602595,0.9019607843137255,0.8123370981754996
YMR286W,-1,-47.742121517658234,-5773.489590257406,0.016129032258064516,0.9019607843137255,0.8126267014190559
YOL080C,-1,-47.74874311685562,-5768.663782685995,0.016123378899404135,0.9019607843137255,0.8129163046626122
YPL215W,-1,-47.762988924980164,-5673.477837979794,0.0161177295024527,0.9019607843137255,0.8132059079061685
YER178W,0,-47.77536916732788,-5713.871745020151,0.0161177295024527,0.9019607843137255,0.8132059079061685
YNL236W,-1,-47.7787224650383,-5603.675407975912,0.016112084063047285,0.9019607843137255,0.8134955111497248
YKR062W,-1,-47.781362771987915,-5482.029480099678,0.01610644257703081,0.9019607843137255,0.8137851143932812
YLR086W,-1,-47.78526657819748,-5692.438620716333,0.016100805040252013,0.9019607843137255,0.8140747176368376
YNL185C,-1,-47.78782880306244,-5802.37590521574,0.01609517144856543,0.9019607843137255,0.8143643208803939
YCL017C,-1,-47.78863590955734,-5740.962888240814,0.01608954179783141,0.9019607843137255,0.8146539241239502
YCR026C,0,-47.78879904747009,-5677.730206698179,0.01608954179783141,0.9019607843137255,0.8146539241239502
YNL293W,-1,-47.80195963382721,-5494.131641447544,0.016083916083916083,0.9019607843137255,0.8149435273675065
YBL039C,-1,-47.81700015068054,-5827.968269079924,0.016078294302691365,0.9019607843137255,0.8152331306110628
YMR014W,-1,-47.82950884103775,-5939.009020328522,0.01607267645003494,0.9019607843137255,0.8155227338546192
YDR448W,-1,-47.855950117111206,-5753.030883610249,0.01606706252183025,0.9019607843137255,0.8158123370981755
YDR086C,-1,-47.86676627397537,-5592.584658592939,0.01606145251396648,0.9019607843137255,0.8161019403417318
YCL059C,-1,-47.86862528324127,-5790.090276539326,0.01605584642233857,0.9019607843137255,0.8163915435852882
YNL073W,-1,-47.88967430591583,-5736.969249337912,0.016050244242847175,0.9019607843137255,0.8166811468288445
YJL096W,-1,-47.8973463177681,-5838.844400525093,0.016044645971398673,0.9019607843137255,0.8169707500724008
YGR062C,-1,-47.90710926055908,-5656.009105324745,0.01603905160390516,0.9019607843137255,0.8172603533159571
YEL043W,0,-47.91184449195862,-5598.9914538264275,0.01603905160390516,0.9019607843137255,0.8172603533159571
YDR117C,-1,-47.92749375104904,-5654.07747849822,0.01603346113628442,0.9019607843137255,0.8175499565595135
YMR267W,-1,-47.93956398963928,-5883.016994327307,0.01602787456445993,0.9019607843137255,0.8178395598030698
YKR061W,-1,-47.960494101047516,-5568.052294224501,0.01602229188436085,0.9019607843137255,0.8181291630466261
YGR159C,-1,-47.96719780564308,-5855.928734064102,0.016016713091922007,0.9019607843137255,0.8184187662901824
YKL040C,-1,-47.995679557323456,-5786.080689251423,0.016011138183083886,0.9019607843137255,0.8187083695337388
YDR393W,-1,-48.00595760345459,-5687.863679915667,0.016005567153792623,0.9019607843137255,0.8189979727772951
YFR046C,-1,-48.009747087955475,-5697.7097734212875,0.016,0.9019607843137255,0.8192875760208514
YLR259C,-1,-48.01960054039955,-5843.2928601801395,0.015994436717663423,0.9019607843137255,0.8195771792644078
YLR095C,-1,-48.02535152435303,-5679.045249462128,0.015988877302745917,0.9019607843137255,0.8198667825079641
YGR038W,0,-48.02890318632126,-5503.000283956528,0.015988877302745917,0.9019607843137255,0.8198667825079641
YDL243C,0,-48.05707150697708,-5598.455052256584,0.015988877302745917,0.9019607843137255,0.8198667825079641
YDR465C,0,-48.06364691257477,-5787.761700421572,0.015988877302745917,0.9019607843137255,0.8198667825079641
YGL170C,-1,-48.06449121236801,-5639.852729648352,0.015983321751216122,0.9019607843137255,0.8201563857515204
YJL044C,0,-48.067251682281494,-5498.025955438614,0.015983321751216122,0.9019607843137255,0.8201563857515204
YNR018W,-1,-48.08387231826782,-5740.112742215395,0.01597777005904828,0.9019607843137255,0.8204459889950767
YBR044C,-1,-48.08553773164749,-5653.214850008488,0.01597222222222222,0.9019607843137255,0.8207355922386331
YLR059C,-1,-48.09427446126938,-5852.934152215719,0.01596667823672336,0.9019607843137255,0.8210251954821894
YLR001C,0,-48.0976325571537,-5649.670286595821,0.01596667823672336,0.9019607843137255,0.8210251954821894
YLR077W,0,-48.113285779953,-5678.4607265889645,0.01596667823672336,0.9019607843137255,0.8210251954821894
YLR050C,0,-48.11560660600662,-5613.410917073488,0.01596667823672336,0.9019607843137255,0.8210251954821894
YKR058W,0,-48.11913162469864,-5550.043703556061,0.01596667823672336,0.9019607843137255,0.8210251954821894
YBR109C,-1,-48.1242356300354,-5570.306554734707,0.015961138098542677,0.9019607843137255,0.8213147987257458
YPL090C,-1,-48.14586043357849,-5577.031222432852,0.015955601803676726,0.9019607843137255,0.8216044019693021
YHL004W,-1,-48.145953953266144,-5780.787243336439,0.0159500693481276,0.9019607843137255,0.8218940052128584
YOR022C,-1,-48.14627319574356,-5645.871675878763,0.015944540727902946,0.9019607843137255,0.8221836084564147
YPR026W,0,-48.154161155223846,-5663.486552298069,0.015944540727902946,0.9019607843137255,0.8221836084564147
YNR060W,-1,-48.16532152891159,-5668.856954246759,0.01593901593901594,0.9019607843137255,0.822473211699971
YGR216C,-1,-48.17334532737732,-5719.629040449858,0.01593349497748528,0.9019607843137255,0.8227628149435273
YDR261C,0,-48.18373304605484,-5743.755008965731,0.01593349497748528,0.9019607843137255,0.8227628149435273
YDL067C,-1,-48.19110190868378,-5797.6585229337215,0.01592797783933518,0.9019607843137255,0.8230524181870837
YDR228C,-1,-48.201237201690674,-5834.57780444622,0.015922464520595363,0.9019607843137255,0.8233420214306401
YLR333C,0,-48.201966404914856,-5678.1166025698185,0.015922464520595363,0.9019607843137255,0.8233420214306401
YPR120C,-1,-48.20328235626221,-5692.151908248663,0.01591695501730104,0.9019607843137255,0.8236316246741964
YBR291C,-1,-48.20357355475426,-5938.680351227522,0.015911449325492908,0.9019607843137255,0.8239212279177527
YMR016C,-1,-48.20495671033859,-5533.1256838440895,0.01590594744121715,0.9019607843137255,0.824210831161309
YBL028C,0,-48.21681919693947,-5927.828430235386,0.01590594744121715,0.9019607843137255,0.824210831161309
YPR009W,-1,-48.218859016895294,-5638.884869962931,0.015900449360525405,0.9019607843137255,0.8245004344048653
YHR114W,-1,-48.2243749499321,-5524.969180583954,0.015894955079474776,0.9019607843137255,0.8247900376484216
YPR010C,-1,-48.22839602828026,-5799.392169326544,0.015889464594127805,0.9019607843137255,0.8250796408919779
YIL070C,-1,-48.22907251119614,-5926.1885460317135,0.015883977900552487,0.9019607843137255,0.8253692441355344
YPR048W,0,-48.229293406009674,-5896.565684556961,0.015883977900552487,0.9019607843137255,0.8253692441355344
YOR063W,-1,-48.238932847976685,-5632.7103125452995,0.01587849499482223,0.9019607843137255,0.8256588473790907
YPL059W,-1,-48.241443663835526,-5820.249314010143,0.015873015873015872,0.9019607843137255,0.825948450622647
YJL209W,-1,-48.25834858417511,-5862.224429965019,0.01586754053121766,0.9019607843137255,0.8262380538662033
YHR037W,0,-48.277427941560745,-5804.29210716486,0.01586754053121766,0.9019607843137255,0.8262380538662033
YDL105W,-1,-48.31005769968033,-5679.610082983971,0.015862068965517243,0.9019607843137255,0.8265276571097596
YKL134C,-1,-48.31283450126648,-5857.034768342972,0.01585660117200965,0.9019607843137255,0.8268172603533159
YDL104C,0,-48.340948045253754,-5757.345033407211,0.01585660117200965,0.9019607843137255,0.8268172603533159
YPL210C,0,-48.35533782839775,-5715.161818981171,0.01585660117200965,0.9019607843137255,0.8268172603533159
YDR469W,0,-48.36193090677261,-5923.365827769041,0.01585660117200965,0.9019607843137255,0.8268172603533159
YBR186W,-1,-48.370081782341,-5476.847921192646,0.015851137146795313,0.9019607843137255,0.8271068635968722
YML110C,-1,-48.37137883901596,-5738.361469984055,0.01584567688598002,0.9019607843137255,0.8273964668404287
YBR104W,0,-48.37642627954483,-5989.748958230019,0.01584567688598002,0.9019607843137255,0.8273964668404287
YDR356W,-1,-48.38109838962555,-5591.054264932871,0.01584022038567493,0.9019607843137255,0.827686070083985
YNR041C,-1,-48.40644735097885,-5714.876052677631,0.015834767641996556,0.9019607843137255,0.8279756733275413
YPR004C,-1,-48.42527061700821,-5661.330162405968,0.015829318651066758,0.9019607843137255,0.8282652765710976
YKL156W,-1,-48.42656046152115,-5603.878098547459,0.01582387340901273,0.9019607843137255,0.8285548798146539
YOR211C,-1,-48.436937034130096,-5473.73163112998,0.01581843191196699,0.9019607843137255,0.8288444830582102
YJL078C,0,-48.45045864582062,-5656.815534234047,0.01581843191196699,0.9019607843137255,0.8288444830582102
YJR040W,-1,-48.483878672122955,-5712.965888619423,0.015812994156067378,0.9019607843137255,0.8291340863017665
YOR269W,-1,-48.48525416851044,-5488.646117806435,0.015807560137457044,0.9019607843137255,0.8294236895453229
YFR044C,0,-48.503245532512665,-5776.133212953806,0.015807560137457044,0.9019607843137255,0.8294236895453229
YCR046C,-1,-48.51564562320709,-5806.416700541973,0.01580212985228444,0.9019607843137255,0.8297132927888793
YPL081W,-1,-48.53098922967911,-5733.835031300783,0.015796703296703296,0.9019607843137255,0.8300028960324356
YJL091C,-1,-48.53375717997551,-5572.374531000853,0.01579128046687264,0.9019607843137255,0.8302924992759919
YOR373W,-1,-48.5471892952919,-5624.656213134527,0.015785861358956762,0.9019607843137255,0.8305821025195482
YGL127C,-1,-48.54934364557266,-5733.5520540475845,0.015780445969125215,0.9019607843137255,0.8308717057631045
YHR059W,0,-48.55790948867798,-5937.2220513522625,0.015780445969125215,0.9019607843137255,0.8308717057631045
YJR135W-A,-1,-48.56703782081604,-5768.898969501257,0.01577503429355281,0.9019607843137255,0.8311613090066609
YGL011C,-1,-48.580945789813995,-5261.5476206839085,0.01576962632841961,0.9019607843137255,0.8314509122502172
YBR167C,-1,-48.590740621089935,-5678.042902901769,0.015764222069910898,0.9019607843137255,0.8317405154937735
YOR119C,-1,-48.59784322977066,-5820.921572625637,0.0157588215142172,0.9019607843137255,0.8320301187373299
YGL259W,0,-48.60326611995697,-5837.614653497934,0.0157588215142172,0.9019607843137255,0.8320301187373299
YMR077C,-1,-48.61544781923294,-5623.8314109146595,0.015753424657534248,0.9019607843137255,0.8323197219808862
YIL121W,0,-48.61670809984207,-5615.044000327587,0.015753424657534248,0.9019607843137255,0.8323197219808862
YMR153W,-1,-48.61811226606369,-5812.404474169016,0.015748031496062992,0.9019607843137255,0.8326093252244425
YHR164C,-1,-48.61931389570236,-5895.3892975747585,0.01574264202600958,0.9019607843137255,0.8328989284679988
YBR033W,0,-48.64689999818802,-5720.31226760149,0.01574264202600958,0.9019607843137255,0.8328989284679988
YBL097W,-1,-48.65122842788696,-5845.646036803722,0.01573725624358536,0.9019607843137255,0.8331885317115552
YOR206W,-1,-48.65704616904259,-5927.26948338747,0.01573187414500684,0.9019607843137255,0.8334781349551115
YAL013W,-1,-48.67730784416199,-5724.983910173178,0.015726495726495728,0.9019607843137255,0.8337677381986678
YIL034C,-1,-48.70463162660599,-5715.408702880144,0.01572112098427888,0.9019607843137255,0.8340573414422241
YBR065C,-1,-48.70492738485336,-5786.230860501528,0.015715749914588316,0.9019607843137255,0.8343469446857805
YDR093W,-1,-48.707095682621,-5574.531548053026,0.015710382513661202,0.9019607843137255,0.8346365479293368
YDL043C,-1,-48.70850086212158,-5784.976036936045,0.015705018777739842,0.9019607843137255,0.8349261511728931
YDR518W,-1,-48.7206169962883,-5901.573839396238,0.015699658703071672,0.9019607843137255,0.8352157544164495
YPL072W,-1,-48.73731327056885,-5760.730656832457,0.015694302285909244,0.9019607843137255,0.8355053576600058
YLR449W,-1,-48.74139592051506,-5808.420399948955,0.015688949522510234,0.9019607843137255,0.8357949609035621
YGL244W,-1,-48.74965012073517,-5721.0976847708225,0.015683600409137403,0.9019607843137255,0.8360845641471184
YBR058C-A,-1,-48.75057911872864,-5743.301302045584,0.015678254942058625,0.9019607843137255,0.8363741673906748
YHR007C,-1,-48.75339633226395,-5761.58236888051,0.015672913117546847,0.9019607843137255,0.8366637706342311
YPL082C,-1,-48.76482957601547,-5916.524696737528,0.015667574931880108,0.9019607843137255,0.8369533738777875
YLL045C,0,-48.769879937171936,-5687.946648865938,0.015667574931880108,0.9019607843137255,0.8369533738777875
YDR085C,-1,-48.77292484045029,-5729.119214743376,0.015662240381341504,0.9019607843137255,0.8372429771213438
YNL239W,0,-48.777136236429214,-5847.463293790817,0.015662240381341504,0.9019607843137255,0.8372429771213438
YLR207W,-1,-48.78838500380516,-5726.266516774893,0.015656909462219197,0.9019607843137255,0.8375325803649001
YFL053W,0,-48.788664162158966,-5723.938867866993,0.015656909462219197,0.9019607843137255,0.8375325803649001
YOR060C,-1,-48.78978759050369,-5573.121540099382,0.015651582170806397,0.9019607843137255,0.8378221836084564
YIL004C,0,-48.79514425992966,-5623.946747660637,0.015651582170806397,0.9019607843137255,0.8378221836084564
YAL051W,-1,-48.803879380226135,-5652.703034311533,0.015646258503401362,0.9019607843137255,0.8381117868520127
YIL009C-A,0,-48.80594289302826,-5603.267979025841,0.015646258503401362,0.9019607843137255,0.8381117868520127
YNL283C,-1,-48.80706149339676,-5792.855193704367,0.015640938456307377,0.9019607843137255,0.838401390095569
YNL273W,-1,-48.82658141851425,-5735.614702105522,0.01563562202583277,0.9019607843137255,0.8386909933391254
YLR321C,-1,-48.833042323589325,-5838.402427405119,0.01563030920829086,0.9019607843137255,0.8389805965826818
YFR049W,0,-48.84744435548782,-5876.3134752213955,0.01563030920829086,0.9019607843137255,0.8389805965826818
YHR010W,0,-48.854902029037476,-5785.48765489459,0.01563030920829086,0.9019607843137255,0.8389805965826818
YNL136W,-1,-48.87166512012482,-5595.613546937704,0.015625,0.9019607843137255,0.8392701998262381
YOR142W,-1,-48.87728387117386,-5889.966596096754,0.01561969439728353,0.9019607843137255,0.8395598030697944
YBR003W,-1,-48.87829914689064,-5757.616098046303,0.015614392396469789,0.9019607843137255,0.8398494063133507
YDL171C,0,-48.89299100637436,-5831.874292075634,0.015614392396469789,0.9019607843137255,0.8398494063133507
YPL095C,-1,-48.922958731651306,-5756.368775516748,0.015609093993892093,0.9019607843137255,0.840139009556907
YLR039C,-1,-48.9277286529541,-5724.402270466089,0.015603799185888738,0.9019607843137255,0.8404286128004633
YLR097C,-1,-48.928173661231995,-5635.102395445108,0.015598507968802983,0.9019607843137255,0.8407182160440196
YOR032C,-1,-48.947283148765564,-5727.066593706608,0.015593220338983051,0.9019607843137255,0.8410078192875761
YOL155C,0,-48.94874405860901,-5731.015362501144,0.015593220338983051,0.9019607843137255,0.8410078192875761
YLR441C,-1,-48.9582616686821,-5764.3803668916225,0.015587936292782108,0.9019607843137255,0.8412974225311324
YMR301C,-1,-48.96355152130127,-5831.165802717209,0.015582655826558265,0.9019607843137255,0.8415870257746887
YJR097W,-1,-48.96815073490143,-5535.611960411072,0.015577378936674569,0.9019607843137255,0.841876629018245
YBR081C,-1,-48.976593375205994,-5803.969141662121,0.015572105619498984,0.9019607843137255,0.8421662322618013
YPL173W,-1,-48.97738242149353,-5779.0110194683075,0.0155668358714044,0.9019607843137255,0.8424558355053576
YDR297W,-1,-48.98085480928421,-5843.091804355383,0.015561569688768605,0.9019607843137255,0.8427454387489139
YPL124W,-1,-48.98338454961777,-5721.577980965376,0.015556307067974298,0.9019607843137255,0.8430350419924704
YIL065C,-1,-48.98894655704498,-5572.641136139631,0.01555104800540906,0.9019607843137255,0.8433246452360267
YGL059W,-1,-48.99001491069794,-5832.1968314647675,0.01554579249746536,0.9019607843137255,0.843614248479583
YHL035C,0,-49.00661247968674,-5739.36244097352,0.01554579249746536,0.9019607843137255,0.843614248479583
YJL173C,-1,-49.009998857975006,-5774.633725702763,0.015540540540540541,0.9019607843137255,0.8439038517231393
YLR042C,0,-49.01137501001358,-5673.758100956678,0.015540540540540541,0.9019607843137255,0.8439038517231393
YOL069W,-1,-49.03307068347931,-5785.550403505564,0.015535292131036813,0.9019607843137255,0.8441934549666956
YOR255W,-1,-49.034518361091614,-5676.860471010208,0.015530047265361242,0.9019607843137255,0.8444830582102519
YGR084C,-1,-49.03806793689728,-5869.941671580076,0.015524805939925751,0.9019607843137255,0.8447726614538082
YHR014W,-1,-49.039282143116,-5736.436387091875,0.0155195681511471,0.9019607843137255,0.8450622646973646
YMR076C,-1,-49.05667293071747,-5780.16193151474,0.01551433389544688,0.9019607843137255,0.845351867940921
YFR038W,-1,-49.063414096832275,-5870.72171792388,0.015509103169251517,0.9019607843137255,0.8456414711844773
YLR056W,-1,-49.06356245279312,-5983.670638382435,0.015503875968992248,0.9019607843137255,0.8459310744280336
YGR005C,-1,-49.07092607021332,-5739.856102734804,0.01549865229110512,0.9019607843137255,0.8462206776715899
YLR197W,-1,-49.087288826704025,-5890.480480879545,0.015493432132030987,0.9019607843137255,0.8465102809151462
YNL299W,-1,-49.08769112825394,-5993.715141415596,0.015488215488215488,0.9019607843137255,0.8467998841587026
YHR001W-A,-1,-49.087985157966614,-6014.091308742762,0.015483002356109055,0.9019607843137255,0.8470894874022589
YGR220C,-1,-49.08969223499298,-5867.921895444393,0.01547779273216689,0.9019607843137255,0.8473790906458152
YDL164C,-1,-49.11745935678482,-5811.059772461653,0.015472586612848975,0.9019607843137255,0.8476686938893716
YOR003W,0,-49.13495624065399,-5844.463545769453,0.015472586612848975,0.9019607843137255,0.8476686938893716
YHR172W,-1,-49.14823800325394,-5623.179401695728,0.01546738399462004,0.9019607843137255,0.8479582971329279
YDR538W,0,-49.15506875514984,-5837.08237400651,0.01546738399462004,0.9019607843137255,0.8479582971329279
YNL025C,-1,-49.1680514216423,-5662.13181874156,0.01546218487394958,0.9019607843137255,0.8482479003764842
YML046W,-1,-49.16824531555176,-5907.226279437542,0.015456989247311828,0.9019607843137255,0.8485375036200405
YPR056W,-1,-49.17280524969101,-5759.869987517595,0.015451797111185758,0.9019607843137255,0.8488271068635969
YOR073W,-1,-49.17585664987564,-5723.877011716366,0.01544660846205507,0.9019607843137255,0.8491167101071532
YBL035C,-1,-49.183546364307404,-5992.789830267429,0.01544142329640819,0.9019607843137255,0.8494063133507095
YNL126W,-1,-49.18527442216873,-5640.257418006659,0.015436241610738255,0.9019607843137255,0.8496959165942659
YHL002W,0,-49.202336728572845,-5514.747892469168,0.015436241610738255,0.9019607843137255,0.8496959165942659
YMR142C,0,-49.20234155654907,-5794.774137318134,0.015436241610738255,0.9019607843137255,0.8496959165942659
YMR160W,0,-49.20519855618477,-5718.151297241449,0.015436241610738255,0.9019607843137255,0.8496959165942659
YPR124W,-1,-49.22754776477814,-5648.665404528379,0.015431063401543106,0.9019607843137255,0.8499855198378222
YIL043C,0,-49.22820311784744,-5606.258428692818,0.015431063401543106,0.9019607843137255,0.8499855198378222
YOL152W,-1,-49.23047298192978,-5616.667368769646,0.015425888665325285,0.9019607843137255,0.8502751230813785
YIL096C,0,-49.2385650575161,-5975.157634884119,0.015425888665325285,0.9019607843137255,0.8502751230813785
YMR011W,-1,-49.24193876981735,-5750.69078207016,0.015420717398592021,0.9019607843137255,0.8505647263249348
YPL146C,-1,-49.254733353853226,-6025.122096419334,0.015415549597855228,0.9019607843137255,0.8508543295684912
YPL027W,-1,-49.257791101932526,-5811.1969057917595,0.01541038525963149,0.9019607843137255,0.8511439328120475
YIL115C,-1,-49.25945997238159,-5753.690834283829,0.015405224380442064,0.9019607843137255,0.8514335360556038
YBL024W,-1,-49.277972638607025,-6133.194834560156,0.015400066956812855,0.9019607843137255,0.8517231392991601
YMR166C,-1,-49.279503524303436,-5677.404510378838,0.015394912985274432,0.9019607843137255,0.8520127425427165
YLR139C,-1,-49.285889863967896,-5833.820472478867,0.015389762462361994,0.9019607843137255,0.8523023457862728
YIL114C,-1,-49.304245471954346,-5958.224958121777,0.015384615384615385,0.9019607843137255,0.8525919490298292
YIL133C,0,-49.306347250938416,-5794.2688102424145,0.015384615384615385,0.9019607843137255,0.8525919490298292
YLR277C,-1,-49.31367754936218,-5679.925638705492,0.01537947174857907,0.9019607843137255,0.8528815522733855
YPL047W,-1,-49.31885129213333,-5810.61972668767,0.01537433155080214,0.9019607843137255,0.8531711555169418
YMR053C,0,-49.3197420835495,-5731.068815171719,0.01537433155080214,0.9019607843137255,0.8531711555169418
YDR033W,-1,-49.32650536298752,-5805.189230710268,0.015369194787838289,0.9019607843137255,0.8534607587604981
YJR151C,0,-49.32744085788727,-5750.6844247579575,0.015369194787838289,0.9019607843137255,0.8534607587604981
YIR023W,-1,-49.34218916296959,-5741.903991043568,0.015364061456245824,0.9019607843137255,0.8537503620040544
YAL019W,0,-49.34604787826538,-6128.665887594223,0.015364061456245824,0.9019607843137255,0.8537503620040544
YCR052W,-1,-49.34989583492279,-5959.642598986626,0.015358931552587647,0.9019607843137255,0.8540399652476107
YKL114C,-1,-49.35317438840866,-6025.430765032768,0.015353805073431242,0.9019607843137255,0.8543295684911671
YMR004W,0,-49.371116906404495,-5642.941815525293,0.015353805073431242,0.9019607843137255,0.8543295684911671
YNR075W,-1,-49.37460124492645,-5879.22811204195,0.015348682015348681,0.9019607843137255,0.8546191717347235
YLR007W,-1,-49.38332986831665,-5698.568898618221,0.015343562374916611,0.9019607843137255,0.8549087749782798
YPR135W,-1,-49.39482310414314,-5870.103131949902,0.01533844614871624,0.9019607843137255,0.8551983782218361
YOR155C,0,-49.39578479528427,-5941.185566812754,0.01533844614871624,0.9019607843137255,0.8551983782218361
YKL011C,-1,-49.41440123319626,-6082.955035954714,0.015333333333333332,0.9019607843137255,0.8554879814653924
YPL036W,-1,-49.42158097028732,-5877.288747012615,0.015328223925358214,0.9019607843137255,0.8557775847089487
YKR029C,-1,-49.424545764923096,-5692.901762574911,0.015323117921385743,0.9019607843137255,0.856067187952505
YLR315W,-1,-49.437875628471375,-5893.33247795701,0.015318015318015318,0.9019607843137255,0.8563567911960615
YDR432W,-1,-49.45509725809097,-5723.530320674181,0.015312916111850865,0.9019607843137255,0.8566463944396178
YDR087C,-1,-49.47474163770676,-5992.746140152216,0.015307820299500832,0.9019607843137255,0.8569359976831741
YAL048C,-1,-49.50144225358963,-5955.791371405125,0.015302727877578177,0.9019607843137255,0.8572256009267304
YIL118W,-1,-49.511945843696594,-5988.233514994383,0.015297638842700367,0.9019607843137255,0.8575152041702867
YJL125C,-1,-49.515306413173676,-6017.817123070359,0.015292553191489361,0.9019607843137255,0.857804807413843
YDR377W,-1,-49.52062141895294,-5966.880179494619,0.015287470920571618,0.9019607843137255,0.8580944106573993
YGL001C,-1,-49.5215899348259,-5783.670771092176,0.015282392026578074,0.9019607843137255,0.8583840139009556
YMR274C,0,-49.52984917163849,-5741.977977573872,0.015282392026578074,0.9019607843137255,0.8583840139009556
YGL208W,1,-49.5434445142746,-6019.274297773838,0.015609432082364663,0.9215686274509803,0.8583840139009556
YPL127C,-1,-49.54745829105377,-5787.642657697201,0.015604249667994688,0.9215686274509803,0.8586736171445121
YML024W,-1,-49.575580418109894,-5591.546414077282,0.015599070693660804,0.9215686274509803,0.8589632203880684
YPL149W,0,-49.61626958847046,-5746.633694410324,0.015599070693660804,0.9215686274509803,0.8589632203880684
YOR191W,0,-49.62478816509247,-5761.726385265589,0.015599070693660804,0.9215686274509803,0.8589632203880684
YPL063W,-1,-49.62627732753754,-5798.773290723562,0.015593895155938951,0.9215686274509803,0.8592528236316247
YKL078W,-1,-49.651595294475555,-5909.272836625576,0.015588723051409618,0.9215686274509803,0.859542426875181
YKL014C,-1,-49.67002207040787,-5950.647295683622,0.015583554376657824,0.9215686274509803,0.8598320301187373
YOR266W,-1,-49.68559664487839,-5958.81352815032,0.01557838912827312,0.9215686274509803,0.8601216333622936
YGL147C,0,-49.68605041503906,-5690.493284106255,0.01557838912827312,0.9215686274509803,0.8601216333622936
YPL097W,-1,-49.70396226644516,-5836.331055015326,0.015573227302849569,0.9215686274509803,0.86041123660585
YDL099W,0,-49.71407037973404,-5551.045695364475,0.015573227302849569,0.9215686274509803,0.86041123660585
YDR235W,-1,-49.72638297080994,-5745.786734372377,0.015568068896985757,0.9215686274509803,0.8607008398494063
YKL095W,-1,-49.727437913417816,-5732.28632235527,0.015562913907284768,0.9215686274509803,0.8609904430929627
YDR456W,-1,-49.73877662420273,-5688.2519929111,0.015557762330354188,0.9215686274509803,0.861280046336519
YMR029C,-1,-49.741631627082825,-5951.681974977255,0.015552614162806089,0.9215686274509803,0.8615696495800753
YEL027W,-1,-49.754329800605774,-5751.491305321455,0.015547469401257029,0.9215686274509803,0.8618592528236316
YMR211W,-1,-49.75582665205002,-6072.04990246892,0.015542328042328041,0.9215686274509803,0.8621488560671879
YER078C,0,-49.757474303245544,-5816.099102646112,0.015542328042328041,0.9215686274509803,0.8621488560671879
YMR112C,-1,-49.777340948581696,-5914.405655890703,0.015537190082644628,0.9215686274509803,0.8624384593107443
YMR287C,-1,-49.78746956586838,-5952.18237182498,0.015532055518836747,0.9215686274509803,0.8627280625543006
YHR117W,0,-49.796540290117264,-5788.427400201559,0.015532055518836747,0.9215686274509803,0.8627280625543006
YDR079W,-1,-49.80133593082428,-5827.137201309204,0.015526924347538818,0.9215686274509803,0.8630176657978569
YDR077W,-1,-49.81824862957001,-5902.299359172583,0.015521796565389696,0.9215686274509803,0.8633072690414133
YLR081W,-1,-49.82073539495468,-5687.831841737032,0.015516672169032684,0.9215686274509803,0.8635968722849696
YLL042C,-1,-49.82831287384033,-5756.533936530352,0.015511551155115511,0.9215686274509803,0.8638864755285259
YGR148C,0,-49.82950401306152,-5782.426828235388,0.015511551155115511,0.9215686274509803,0.8638864755285259
YML031W,-1,-49.859872937202454,-5895.696626543999,0.015506433520290333,0.9215686274509803,0.8641760787720822
YLR165C,-1,-49.86503803730011,-5654.840654939413,0.01550131926121372,0.9215686274509803,0.8644656820156386
YKL112W,-1,-49.88444375991821,-5856.908566713333,0.015496208374546653,0.9215686274509803,0.8647552852591949
YAL008W,0,-49.898818016052246,-5872.623397320509,0.015496208374546653,0.9215686274509803,0.8647552852591949
YER046W,-1,-49.90088874101639,-5784.364626824856,0.015491100856954515,0.9215686274509803,0.8650448885027512
YNL202W,-1,-49.904547691345215,-5890.359724789858,0.015485996705107084,0.9215686274509803,0.8653344917463076
YPR200C,0,-49.90692389011383,-5744.9489014446735,0.015485996705107084,0.9215686274509803,0.8653344917463076
YNL003C,-1,-49.90774664282799,-5763.75765889883,0.015480895915678524,0.9215686274509803,0.8656240949898639
YOR207C,-1,-49.9154446721077,-6049.868075042963,0.015475798485347383,0.9215686274509803,0.8659136982334202
YGR260W,0,-49.920406967401505,-5888.312478393316,0.015475798485347383,0.9215686274509803,0.8659136982334202
YGR165W,-1,-49.925048828125,-5901.942613720894,0.015470704410796577,0.9215686274509803,0.8662033014769766
YLR117C,-1,-49.936822295188904,-5867.52012476325,0.015465613688713393,0.9215686274509803,0.8664929047205329
YLR393W,-1,-49.95023202896118,-5997.3665263056755,0.015460526315789473,0.9215686274509803,0.8667825079640892
YDL210W,-1,-49.952121913433075,-5930.021301358938,0.015455442288720816,0.9215686274509803,0.8670721112076455
YKL217W,-1,-49.96274024248123,-5987.3925167918205,0.015450361604207758,0.9215686274509803,0.8673617144512018
YMR121C,0,-49.96571147441864,-6121.200110077858,0.015450361604207758,0.9215686274509803,0.8673617144512018
YJR082C,-1,-49.970386147499084,-5697.552664250135,0.015445284258954979,0.9215686274509803,0.8676513176947582
YHR008C,0,-49.9753292798996,-5987.021452188492,0.015445284258954979,0.9215686274509803,0.8676513176947582
YHR036W,0,-49.983905494213104,-5850.305555939674,0.015445284258954979,0.9215686274509803,0.8676513176947582
YJL033W,-1,-49.98409861326218,-6066.836222738028,0.015440210249671484,0.9215686274509803,0.8679409209383145
YKL012W,-1,-49.99378436803818,-5789.521700054407,0.015435139573070607,0.9215686274509803,0.8682305241818709
YCL064C,0,-49.99834597110748,-6112.823768645525,0.015435139573070607,0.9215686274509803,0.8682305241818709
YHR011W,1,-50.002955853939056,-6137.948245793581,0.015758371634931056,0.9411764705882353,0.8682305241818709
YGR191W,-1,-50.020798683166504,-6138.077234148979,0.015753199868723335,0.9411764705882353,0.8685201274254272
YCR028C-A,-1,-50.02242058515549,-6026.3685541749,0.015748031496062992,0.9411764705882353,0.8688097306689835
YJL094C,-1,-50.04936069250107,-5780.195939749479,0.01574286651361102,0.9411764705882353,0.8690993339125398
YAL032C,-1,-50.05054467916489,-5975.015961647034,0.015737704918032787,0.9411764705882353,0.8693889371560961
YGR199W,-1,-50.05585449934006,-5813.968955755234,0.015732546705998034,0.9411764705882353,0.8696785403996524
YHR160C,-1,-50.07428598403931,-5763.539157360792,0.015727391874180863,0.9411764705882353,0.8699681436432088
YNL176C,0,-50.08889722824097,-5851.316195428371,0.015727391874180863,0.9411764705882353,0.8699681436432088
YPR114W,0,-50.09159255027771,-5888.14647603035,0.015727391874180863,0.9411764705882353,0.8699681436432088
YNL240C,-1,-50.09999614953995,-5731.776166349649,0.015722240419259743,0.9411764705882353,0.8702577468867652
YNL070W,-1,-50.10645270347595,-5931.590922832489,0.015717092337917484,0.9411764705882353,0.8705473501303215
YNL039W,-1,-50.11768585443497,-5683.355700314045,0.015711947626841243,0.9411764705882353,0.8708369533738778
YMR039C,-1,-50.134250462055206,-5797.066100090742,0.015706806282722512,0.9411764705882353,0.8711265566174341
YAL059W,-1,-50.15475311875343,-6101.039234220982,0.015701668302257114,0.9411764705882353,0.8714161598609904
YKL032C,-1,-50.17258495092392,-5804.332679986954,0.015696533682145193,0.9411764705882353,0.8717057631045467
YPL021W,-1,-50.174142599105835,-5705.076919853687,0.015691402419091206,0.9411764705882353,0.8719953663481032
YJR073C,-1,-50.181323289871216,-5811.920283049345,0.01568627450980392,0.9411764705882353,0.8722849695916595
YLR323C,-1,-50.19776713848114,-5962.052296385169,0.015681149950996405,0.9411764705882353,0.8725745728352158
YIL134W,-1,-50.19963580369949,-5709.445831626654,0.015676028739386023,0.9411764705882353,0.8728641760787721
YMR158W,-1,-50.20421653985977,-5843.149557501078,0.015670910871694418,0.9411764705882353,0.8731537793223284
YJR155W,0,-50.22121351957321,-5916.88132211566,0.015670910871694418,0.9411764705882353,0.8731537793223284
YGL209W,-1,-50.230828285217285,-5996.120616197586,0.015665796344647518,0.9411764705882353,0.8734433825658847
YMR171C,-1,-50.23402839899063,-5620.222705543041,0.01566068515497553,0.9411764705882353,0.873732985809441
YBR119W,-1,-50.24811935424805,-5770.631714522839,0.015655577299412915,0.9411764705882353,0.8740225890529973
YHR061C,-1,-50.250687420368195,-5661.215743094683,0.0156504727746984,0.9411764705882353,0.8743121922965538
YDL079C,-1,-50.25739377737045,-5798.006698131561,0.01564537157757497,0.9411764705882353,0.8746017955401101
YKL194C,-1,-50.26016914844513,-5976.305479735136,0.015640273704789834,0.9411764705882353,0.8748913987836664
YKL096W-A,0,-50.260515332221985,-5843.991815239191,0.015640273704789834,0.9411764705882353,0.8748913987836664
YDL045W-A,-1,-50.2795073390007,-5859.705462276936,0.015635179153094463,0.9411764705882353,0.8751810020272227
YGL207W,-1,-50.306770384311676,-5831.322904407978,0.015630087919244546,0.9411764705882353,0.875470605270779
YOR244W,-1,-50.314215779304504,-5806.234018921852,0.015625,0.9411764705882353,0.8757602085143353
YDR478W,-1,-50.322468519210815,-5991.940420478582,0.015619915392124959,0.9411764705882353,0.8760498117578916
YGL068W,-1,-50.326700091362,-5960.863617241383,0.015614834092387769,0.9411764705882353,0.876339415001448
YMR263W,-1,-50.32988554239273,-5821.167987257242,0.015609756097560976,0.9411764705882353,0.8766290182450044
YHR021C,-1,-50.33275681734085,-5723.896367400885,0.015604681404421327,0.9411764705882353,0.8769186214885607
YMR223W,-1,-50.36355936527252,-5863.129153847694,0.015599610009749756,0.9411764705882353,0.877208224732117
YGL256W,0,-50.36821150779724,-5968.744558662176,0.015599610009749756,0.9411764705882353,0.877208224732117
YDR279W,-1,-50.36853188276291,-5851.032627403736,0.015594541910331383,0.9411764705882353,0.8774978279756733
YKL212W,-1,-50.37546759843826,-5885.4892808794975,0.015589477102955504,0.9411764705882353,0.8777874312192296
YDL137W,0,-50.392513155937195,-5741.305794388056,0.015589477102955504,0.9411764705882353,0.8777874312192296
YDL044C,-1,-50.39558082818985,-6046.183791786432,0.015584415584415584,0.9411764705882353,0.878077034462786
YKR066C,-1,-50.41075527667999,-6040.097522050142,0.01557935735150925,0.9411764705882353,0.8783666377063423
YOR380W,0,-50.453922629356384,-5693.68932980299,0.01557935735150925,0.9411764705882353,0.8783666377063423
YBR279W,-1,-50.45540541410446,-5847.186828136444,0.015574302401038288,0.9411764705882353,0.8786562409498987
YLR256W,-1,-50.46415823698044,-5978.658078640699,0.015569250729808628,0.9411764705882353,0.878945844193455
YOR004W,-1,-50.46971321105957,-5887.671947479248,0.01556420233463035,0.9411764705882353,0.8792354474370113
YDR105C,0,-50.47794198989868,-6026.144770085812,0.01556420233463035,0.9411764705882353,0.8792354474370113
YEL040W,0,-50.48319435119629,-6012.853783875704,0.01556420233463035,0.9411764705882353,0.8792354474370113
YBR107C,-1,-50.48615920543671,-5665.013329178095,0.015559157212317666,0.9411764705882353,0.8795250506805676
YMR156C,-1,-50.48849356174469,-5855.789571136236,0.015554115359688918,0.9411764705882353,0.879814653924124
YJL006C,-1,-50.493066132068634,-5838.68681293726,0.015549076773566569,0.9411764705882353,0.8801042571676803
YER115C,-1,-50.49514651298523,-5869.753715008497,0.015544041450777202,0.9411764705882353,0.8803938604112366
YNL112W,-1,-50.50372666120529,-6099.90450501442,0.015539009388151505,0.9411764705882353,0.8806834636547929
YIL022W,-1,-50.519192576408386,-6027.385934740305,0.015533980582524271,0.9411764705882353,0.8809730668983493
YMR313C,-1,-50.535172164440155,-5810.200701802969,0.01552895503073439,0.9411764705882353,0.8812626701419056
YMR059W,-1,-50.540256917476654,-6061.419930845499,0.015523932729624839,0.9411764705882353,0.8815522733854619
YLL008W,-1,-50.54294669628143,-6248.011663138866,0.015518913676042677,0.9411764705882353,0.8818418766290183
YLR466W,-1,-50.5526784658432,-5891.563950270414,0.015513897866839044,0.9411764705882353,0.8821314798725746
YCR068W,-1,-50.55889457464218,-5778.030090868473,0.015508885298869143,0.9411764705882353,0.8824210831161309
YDR174W,-1,-50.5612536072731,-5827.106039315462,0.015503875968992248,0.9411764705882353,0.8827106863596872
YPR057W,-1,-50.56190359592438,-5766.153607815504,0.015498869874071682,0.9411764705882353,0.8830002896032435
YDL004W,-1,-50.566266655921936,-5958.645512104034,0.015493867010974823,0.9411764705882353,0.8832898928467999
YBR298C,-1,-50.57623368501663,-5843.315513640642,0.015488867376573089,0.9411764705882353,0.8835794960903562
YMR048W,-1,-50.58110499382019,-5844.710094302893,0.015483870967741935,0.9411764705882353,0.8838690993339126
YOL144W,-1,-50.593633353710175,-6073.342708647251,0.015478877781360851,0.9411764705882353,0.8841587025774689
YGR099W,0,-50.606081426143646,-5780.566747307777,0.015478877781360851,0.9411764705882353,0.8841587025774689
YPL137C,-1,-50.60730129480362,-6010.595600754023,0.015473887814313346,0.9411764705882353,0.8844483058210252
YLL057C,0,-50.607559502124786,-5793.216603279114,0.015473887814313346,0.9411764705882353,0.8844483058210252
YLR221C,-1,-50.62051457166672,-6228.822771310806,0.015468901063486949,0.9411764705882353,0.8847379090645815
YJL157C,-1,-50.62079632282257,-6041.184853613377,0.015463917525773196,0.9411764705882353,0.8850275123081378
YDL087C,-1,-50.6463617682457,-5890.962917536497,0.015458937198067632,0.9411764705882353,0.8853171155516942
YOR048C,-1,-50.65033894777298,-6002.399709045887,0.015453960077269801,0.9411764705882353,0.8856067187952505
YLR348C,-1,-50.65873873233795,-6171.860188901424,0.01544898616028323,0.9411764705882353,0.8858963220388069
YOR038C,-1,-50.67795729637146,-5793.6180174052715,0.015444015444015444,0.9411764705882353,0.8861859252823632
YGR171C,-1,-50.69445413351059,-6013.469244271517,0.015439047925377935,0.9411764705882353,0.8864755285259195
YBL106C,-1,-50.69793528318405,-6036.471418738365,0.015434083601286173,0.9411764705882353,0.8867651317694758
YPL010W,0,-50.69957363605499,-5898.518284022808,0.015434083601286173,0.9411764705882353,0.8867651317694758
YPL123C,0,-50.70166504383087,-5971.151367515326,0.015434083601286173,0.9411764705882353,0.8867651317694758
YML069W,-1,-50.70174062252045,-5795.151969373226,0.015429122468659595,0.9411764705882353,0.8870547350130321
YPL168W,0,-50.72733190655708,-6022.636903882027,0.015429122468659595,0.9411764705882353,0.8870547350130321
YHR005C,-1,-50.73364341259003,-5934.83300536871,0.015424164524421594,0.9411764705882353,0.8873443382565884
YGR276C,-1,-50.7521390914917,-5871.581760674715,0.015419209765499518,0.9411764705882353,0.8876339415001449
YEL051W,-1,-50.75438904762268,-6149.7044758200645,0.015414258188824663,0.9411764705882353,0.8879235447437012
YLR451W,-1,-50.77836859226227,-5937.1309679448605,0.015409309791332263,0.9411764705882353,0.8882131479872575
YIL062C,-1,-50.80663472414017,-5840.351160287857,0.01540436456996149,0.9411764705882353,0.8885027512308138
YOR228C,0,-50.81697207689285,-5889.356905251741,0.01540436456996149,0.9411764705882353,0.8885027512308138
YOL041C,-1,-50.84068012237549,-6191.456687927246,0.015399422521655439,0.9411764705882353,0.8887923544743701
YGR075C,-1,-50.84339553117752,-5794.299878209829,0.015394483643361129,0.9411764705882353,0.8890819577179264
YNL111C,-1,-50.84486812353134,-6019.170796662569,0.015389547932029497,0.9411764705882353,0.8893715609614827
YBR009C,-1,-50.848497211933136,-5899.9690599143505,0.015384615384615385,0.9411764705882353,0.889661164205039
YER011W,0,-50.874738335609436,-5895.064724564552,0.015384615384615385,0.9411764705882353,0.889661164205039
YDR240C,-1,-50.88562685251236,-5951.973417758942,0.01537968599807754,0.9411764705882353,0.8899507674485955
YGL012W,-1,-50.89794063568115,-5779.773546695709,0.015374759769378604,0.9411764705882353,0.8902403706921518
YLR382C,-1,-50.902979612350464,-5980.2032734155655,0.01536983669548511,0.9411764705882353,0.8905299739357081
YOL146W,-1,-50.924995601177216,-5844.759897202253,0.015364916773367477,0.9411764705882353,0.8908195771792644
YGR112W,-1,-50.93417936563492,-6062.61823913455,0.01536,0.9411764705882353,0.8911091804228207
YLR226W,-1,-50.93721389770508,-5934.152510493994,0.015355086372360844,0.9411764705882353,0.891398783666377
YJL200C,-1,-50.93962603807449,-6096.450000941753,0.015350175887432043,0.9411764705882353,0.8916883869099334
YHR171W,-1,-50.94381761550903,-5806.572735309601,0.015345268542199489,0.9411764705882353,0.8919779901534897
YOR319W,-1,-50.949719309806824,-5833.642422258854,0.015340364333652923,0.9411764705882353,0.8922675933970461
YOR125C,0,-50.95690405368805,-5995.067503154278,0.015340364333652923,0.9411764705882353,0.8922675933970461
YOL123W,-1,-50.96082764863968,-5802.226466238499,0.015335463258785943,0.9411764705882353,0.8925571966406024
YDR359C,-1,-50.97036463022232,-5802.33235925436,0.015330565314595975,0.9411764705882353,0.8928467998841587
YGL255W,-1,-50.98580580949783,-6234.325137138367,0.01532567049808429,0.9411764705882353,0.893136403127715
YNL103W,-1,-50.989257514476776,-5771.689168959856,0.015320778806255984,0.9411764705882353,0.8934260063712713
YJL178C,-1,-51.00955218076706,-5875.811167031527,0.015315890236119975,0.9411764705882353,0.8937156096148277
YML074C,-1,-51.023414969444275,-6302.028615385294,0.015311004784688996,0.9411764705882353,0.894005212858384
YDR096W,-1,-51.02511376142502,-5917.496442854404,0.015306122448979591,0.9411764705882353,0.8942948161019404
YJL004C,0,-51.03834843635559,-5706.821686774492,0.015306122448979591,0.9411764705882353,0.8942948161019404
YPL172C,-1,-51.043475568294525,-5955.271963983774,0.015301243226012113,0.9411764705882353,0.8945844193454967
YHR094C,-1,-51.04879581928253,-6252.240297108889,0.015296367112810707,0.9411764705882353,0.894874022589053
YHR133C,-1,-51.05153012275696,-5967.61896109581,0.015291494106403312,0.9411764705882353,0.8951636258326093
YML076C,0,-51.06281751394272,-5889.961508095264,0.015291494106403312,0.9411764705882353,0.8951636258326093
YER049W,-1,-51.06564199924469,-6047.863430142403,0.015286624203821656,0.9411764705882353,0.8954532290761656
YKL186C,-1,-51.06892019510269,-5892.068695604801,0.015281757402101241,0.9411764705882353,0.895742832319722
YDL170W,-1,-51.09686458110809,-6006.509256452322,0.015276893698281349,0.9411764705882353,0.8960324355632783
YER170W,0,-51.09816166758537,-5953.437911182642,0.015276893698281349,0.9411764705882353,0.8960324355632783
YGR082W,-1,-51.109792709350586,-5975.302151322365,0.015272033089405028,0.9411764705882353,0.8963220388068346
YMR312W,-1,-51.11866652965546,-6014.05616080761,0.015267175572519083,0.9411764705882353,0.896611642050391
YPL049C,1,-51.12646007537842,-6041.311161935329,0.015580286168521463,0.9607843137254902,0.896611642050391
YOL094C,-1,-51.129650592803955,-6107.569156318903,0.015575333757151939,0.9607843137254902,0.8969012452939473
YLR051C,-1,-51.13408148288727,-6161.885235399008,0.015570384493168096,0.9607843137254902,0.8971908485375036
YKL096W,0,-51.15295100212097,-5890.274345308542,0.015570384493168096,0.9607843137254902,0.8971908485375036
YJR101W,-1,-51.16085892915726,-6005.203345030546,0.015565438373570521,0.9607843137254902,0.89748045178106
YBL042C,0,-51.163911163806915,-6163.3454803824425,0.015565438373570521,0.9607843137254902,0.89748045178106
YPL153C,-1,-51.177877724170685,-6115.254483222961,0.015560495395363607,0.9607843137254902,0.8977700550246163
YHL036W,-1,-51.18108260631561,-6154.918971300125,0.015555555555555555,0.9607843137254902,0.8980596582681726
YGL150C,-1,-51.18689268827438,-5928.753533810377,0.015550618851158363,0.9607843137254902,0.8983492615117289
YNL256W,0,-51.18920576572418,-6160.113818466663,0.015550618851158363,0.9607843137254902,0.8983492615117289
YBR293W,-1,-51.192230105400085,-5751.33907315135,0.015545685279187817,0.9607843137254902,0.8986388647552852
YDR460W,-1,-51.19853836297989,-5837.726145505905,0.015540754836663496,0.9607843137254902,0.8989284679988416
YJL115W,-1,-51.20315891504288,-5933.252596050501,0.015535827520608751,0.9607843137254902,0.8992180712423979
YKL221W,0,-51.207493245601654,-5882.211388647556,0.015535827520608751,0.9607843137254902,0.8992180712423979
YMR044W,-1,-51.242532312870026,-5780.454360842705,0.015530903328050714,0.9607843137254902,0.8995076744859543
YKL062W,-1,-51.244314789772034,-5951.032928854227,0.015525982256020279,0.9607843137254902,0.8997972777295106
YPR149W,0,-51.25293868780136,-5828.2332481741905,0.015525982256020279,0.9607843137254902,0.8997972777295106
YMR128W,-1,-51.27085226774216,-6119.9856606423855,0.015521064301552107,0.9607843137254902,0.9000868809730669
YJL154C,-1,-51.2721181511879,-5949.425080180168,0.01551614946168461,0.9607843137254902,0.9003764842166232
YOL148C,-1,-51.28584361076355,-5846.413127571344,0.015511237733459955,0.9607843137254902,0.9006660874601795
YGR129W,-1,-51.30945509672165,-6038.706058472395,0.01550632911392405,0.9607843137254902,0.9009556907037359
YDR314C,-1,-51.319513857364655,-5900.561566501856,0.015501423600126542,0.9607843137254902,0.9012452939472922
YDR135C,-1,-51.323097229003906,-6181.78616887331,0.01549652118912081,0.9607843137254902,0.9015348971908486
YER048C,-1,-51.337355852127075,-6005.430114120245,0.015491621877963959,0.9607843137254902,0.9018245004344049
YMR040W,0,-51.34610104560852,-5847.667510598898,0.015491621877963959,0.9607843137254902,0.9018245004344049
YBR275C,0,-51.3866371512413,-5990.220904290676,0.015491621877963959,0.9607843137254902,0.9018245004344049
YNR055C,-1,-51.38687044382095,-5921.010670393705,0.015486725663716814,0.9607843137254902,0.9021141036779612
YHR090C,-1,-51.39205402135849,-5777.127712517977,0.015481832543443918,0.9607843137254902,0.9024037069215175
YGL196W,0,-51.41247206926346,-5990.810637116432,0.015481832543443918,0.9607843137254902,0.9024037069215175
YNL097C,0,-51.425129652023315,-5764.14241835475,0.015481832543443918,0.9607843137254902,0.9024037069215175
YER065C,-1,-51.43695205450058,-5927.40061879158,0.01547694251421352,0.9607843137254902,0.9026933101650738
YER169W,-1,-51.513999223709106,-5876.8577445447445,0.015472055573097568,0.9607843137254902,0.9029829134086301
YGL043W,-1,-51.536576092243195,-6058.168785750866,0.015467171717171718,0.9607843137254902,0.9032725166521866
YLR110C,-1,-51.5434730052948,-5977.256061136723,0.015462290943515304,0.9607843137254902,0.9035621198957429
YPL055C,-1,-51.54728943109512,-5858.33984926343,0.015457413249211356,0.9607843137254902,0.9038517231392992
YMR236W,-1,-51.55297201871872,-6026.83394575119,0.01545253863134658,0.9607843137254902,0.9041413263828555
YPL101W,-1,-51.56386286020279,-6067.8201849758625,0.01544766708701135,0.9607843137254902,0.9044309296264118
YER164W,-1,-51.617426097393036,-6152.169997990131,0.015442798613299717,0.9607843137254902,0.9047205328699681
YJR016C,0,-51.62669163942337,-6216.296394258738,0.015442798613299717,0.9607843137254902,0.9047205328699681
YBR139W,0,-51.63687542080879,-6107.357570558786,0.015442798613299717,0.9607843137254902,0.9047205328699681
YLR005W,-1,-51.639975905418396,-5959.482430398464,0.01543793320730939,0.9607843137254902,0.9050101361135244
YLL048C,-1,-51.649935722351074,-6249.462806195021,0.015433070866141733,0.9607843137254902,0.9052997393570807
YBR087W,-1,-51.66832518577576,-6108.731865853071,0.015428211586901764,0.9607843137254902,0.9055893426006372
YMR117C,-1,-51.69074887037277,-6202.363529980183,0.015423355366698142,0.9607843137254902,0.9058789458441935
YNL031C,-1,-51.70524436235428,-5854.338921815157,0.015418502202643172,0.9607843137254902,0.9061685490877498
YPL255W,-1,-51.71054992079735,-5952.686542093754,0.015413652091852784,0.9607843137254902,0.9064581523313061
YFL017W-A,-1,-51.72083240747452,-5896.450011610985,0.015408805031446541,0.9607843137254902,0.9067477555748624
YNL213C,-1,-51.72229617834091,-6082.682333409786,0.015403961018547626,0.9607843137254902,0.9070373588184187
YDR492W,-1,-51.730560183525085,-6167.587579667568,0.015399120050282841,0.9607843137254902,0.907326962061975
YPL196W,-1,-51.746069252491,-6015.574335545301,0.015394282123782596,0.9607843137254902,0.9076165653055315
YGR140W,-1,-51.7504021525383,-6064.637619197369,0.015389447236180905,0.9607843137254902,0.9079061685490878
YDR245W,0,-51.75828146934509,-5999.1764877438545,0.015389447236180905,0.9607843137254902,0.9079061685490878
YPL203W,1,-51.77681225538254,-6239.17217373848,0.015698587127158554,0.9803921568627451,0.9079061685490878
YER050C,-1,-51.791615545749664,-6016.606949001551,0.015693659761456372,0.9803921568627451,0.9081957717926441
YDR390C,-1,-51.8080393075943,-6147.005521893501,0.015688735487919672,0.9803921568627451,0.9084853750362004
YML010W,-1,-51.8149328827858,-6038.254890352488,0.015683814303638646,0.9803921568627451,0.9087749782797567
YLR054C,-1,-51.82329535484314,-6095.335026174784,0.01567889620570712,0.9803921568627451,0.909064581523313
YHR025W,0,-51.82634514570236,-6021.477467119694,0.01567889620570712,0.9803921568627451,0.909064581523313
YHR168W,0,-51.8283194899559,-5774.106497079134,0.01567889620570712,0.9803921568627451,0.909064581523313
YDR343C,-1,-51.84362608194351,-6141.2878141105175,0.01567398119122257,0.9803921568627451,0.9093541847668694
YLL052C,0,-51.844165325164795,-5938.9925347566605,0.01567398119122257,0.9803921568627451,0.9093541847668694
YBL099W,-1,-51.84491768479347,-6078.989814847708,0.015669069257286117,0.9803921568627451,0.9096437880104257
YIL013C,-1,-51.8611958026886,-5929.102987796068,0.015664160401002505,0.9803921568627451,0.9099333912539821
YDL098C,-1,-51.8837473988533,-6087.132469981909,0.015659254619480114,0.9803921568627451,0.9102229944975384
YER020W,-1,-51.8894168138504,-6026.716619044542,0.015654351909830933,0.9803921568627451,0.9105125977410947
YKL089W,-1,-51.89572232961655,-6069.990743815899,0.01564945226917058,0.9803921568627451,0.910802200984651
YJL080C,-1,-51.92075264453888,-6026.065000742674,0.015644555694618274,0.9803921568627451,0.9110918042282073
YPL011C,-1,-51.98420584201813,-5943.749232441187,0.01563966218329684,0.9803921568627451,0.9113814074717637
YPR025C,-1,-52.018228471279144,-5853.652164191008,0.015634771732332707,0.9803921568627451,0.91167101071532
YKL087C,0,-52.02375113964081,-5913.141932994127,0.015634771732332707,0.9803921568627451,0.91167101071532
YJL093C,-1,-52.05417627096176,-5830.41528236866,0.01562988433885589,0.9803921568627451,0.9119606139588763
YNL312W,-1,-52.082913517951965,-5898.412530452013,0.015625,0.9803921568627451,0.9122502172024327
YLR276C,-1,-52.101891338825226,-6459.976802736521,0.015620118712902219,0.9803921568627451,0.912539820445989
YOR141C,-1,-52.11624550819397,-5899.7587023079395,0.01561524047470331,0.9803921568627451,0.9128294236895453
YHL024W,-1,-52.11959099769592,-6012.698127120733,0.015610365282547611,0.9803921568627451,0.9131190269331017
YOR094W,-1,-52.119748711586,-6103.547860532999,0.015605493133583021,0.9803921568627451,0.913408630176658
YNR003C,-1,-52.1223258972168,-6179.575460374355,0.015600624024960999,0.9803921568627451,0.9136982334202143
YMR307W,0,-52.14387285709381,-6290.05577608943,0.015600624024960999,0.9803921568627451,0.9136982334202143
YLR048W,-1,-52.15524524450302,-6003.6506343483925,0.015595757953836557,0.9803921568627451,0.9139878366637706
YNR017W,-1,-52.15606826543808,-6201.23642206192,0.015590894917368257,0.9803921568627451,0.914277439907327
YDR318W,-1,-52.15891683101654,-5960.217525243759,0.015586034912718205,0.9803921568627451,0.9145670431508833
YHR152W,-1,-52.16429376602173,-6022.817980021238,0.015581177937052042,0.9803921568627451,0.9148566463944396
YKR099W,-1,-52.180182218551636,-6195.633926749229,0.01557632398753894,0.9803921568627451,0.915146249637996
YHL020C,-1,-52.20970845222473,-5936.9342558681965,0.015571473061351603,0.9803921568627451,0.9154358528815523
YOR229W,-1,-52.21078664064407,-6205.763144761324,0.015566625155666251,0.9803921568627451,0.9157254561251086
YDL106C,0,-52.23286962509155,-5912.790742188692,0.015566625155666251,0.9803921568627451,0.9157254561251086
YCR057C,-1,-52.26314002275467,-6416.840608537197,0.01556178026766262,0.9803921568627451,0.9160150593686649
YGL121C,1,-52.264143228530884,-6309.120105415583,0.015868077162414437,1.0,0.9160150593686649
YBR188C,-1,-52.277643978595734,-6141.927055925131,0.015863141524105753,1.0,0.9163046626122212
YJL191W,-1,-52.32225102186203,-6212.144340157509,0.01585820895522388,1.0,0.9165942658557776
YPR086W,-1,-52.352488577365875,-6085.611622095108,0.015853279452906436,1.0,0.916883869099334
YKR003W,-1,-52.396143198013306,-6034.833548992872,0.015848353014294592,1.0,0.9171734723428903
YHL018W,0,-52.40913537144661,-6191.495382964611,0.015848353014294592,1.0,0.9171734723428903
YIL126W,-1,-52.410068333148956,-6098.355944663286,0.015843429636533086,1.0,0.9174630755864466
YLR430W,-1,-52.44032537937164,-6254.667167574167,0.015838509316770187,1.0,0.9177526788300029
YGR275W,-1,-52.44138991832733,-5956.527583897114,0.015833592052157716,1.0,0.9180422820735592
YOR308C,-1,-52.44881635904312,-6223.67980954051,0.015828677839851025,1.0,0.9183318853171155
YDR088C,-1,-52.47566759586334,-5791.40937808156,0.015823766677008997,1.0,0.9186214885606718
YPR165W,-1,-52.47790962457657,-6172.104789376259,0.015818858560794045,1.0,0.9189110918042283
YMR088C,-1,-52.49239659309387,-6258.188035339117,0.01581395348837209,1.0,0.9192006950477846
YIL131C,-1,-52.5137745141983,-6195.739691287279,0.015809051456912585,1.0,0.9194902982913409
YMR058W,-1,-52.535826086997986,-6038.33071860671,0.01580415246358847,1.0,0.9197799015348972
YER030W,-1,-52.540382862091064,-5984.813293963671,0.015799256505576207,1.0,0.9200695047784535
YGL037C,-1,-52.56338483095169,-6164.3229403197765,0.015794363580055745,1.0,0.9203591080220098
YNL216W,-1,-52.57075887918472,-6190.815144062042,0.015789473684210527,1.0,0.9206487112655661
YPL134C,0,-52.57375955581665,-6204.028504490852,0.015789473684210527,1.0,0.9206487112655661
YHL038C,-1,-52.59446424245834,-6214.114142775536,0.015784586815227482,1.0,0.9209383145091226
YDR324C,-1,-52.62606477737427,-6334.653663098812,0.01577970297029703,1.0,0.9212279177526789
YBR231C,-1,-52.63568225502968,-5978.308192610741,0.015774822146613052,1.0,0.9215175209962352
YJL014W,-1,-52.645293176174164,-6181.979557156563,0.015769944341372914,1.0,0.9218071242397915
YDL150W,-1,-52.6591916680336,-6278.001714497805,0.015765069551777436,1.0,0.9220967274833478
YGR104C,-1,-52.692551374435425,-5999.601548016071,0.0157601977750309,1.0,0.9223863307269041
YBR030W,0,-52.698621332645416,-6188.945689588785,0.0157601977750309,1.0,0.9223863307269041
YMR282C,-1,-52.7063313126564,-6321.970134675503,0.015755329008341055,1.0,0.9226759339704604
YER159C,-1,-52.71571123600006,-5986.891018420458,0.015750463248919086,1.0,0.9229655372140168
YBR072W,-1,-52.736900806427,-6095.939389675856,0.015745600493979623,1.0,0.9232551404575732
YKL108W,-1,-52.75821805000305,-6117.456212937832,0.01574074074074074,1.0,0.9235447437011295
YMR083W,0,-52.77451002597809,-6119.545668035746,0.01574074074074074,1.0,0.9235447437011295
YDR463W,-1,-52.79332959651947,-5991.905835866928,0.01573588398642394,1.0,0.9238343469446858
YJR089W,-1,-52.80564093589783,-6139.40333288908,0.015731030228254166,1.0,0.9241239501882421
YFL001W,-1,-52.81490522623062,-6363.625068873167,0.01572617946345976,1.0,0.9244135534317984
YER153C,-1,-52.819864094257355,-6135.718587636948,0.015721331689272502,1.0,0.9247031566753547
YDL080C,-1,-52.8310204744339,-6150.379894465208,0.01571648690292758,1.0,0.9249927599189111
YGL085W,0,-52.838618993759155,-6234.446415513754,0.01571648690292758,1.0,0.9249927599189111
YMR060C,-1,-52.86616533994675,-6173.4003639519215,0.015711645101663587,1.0,0.9252823631624674
YPL181W,0,-52.90896916389465,-5955.502590119839,0.015711645101663587,1.0,0.9252823631624674
YER001W,-1,-52.92506957054138,-6535.609320372343,0.015706806282722512,1.0,0.9255719664060238
YPL178W,-1,-52.93200623989105,-6175.492450594902,0.015701970443349755,1.0,0.9258615696495801
YNR023W,-1,-52.95981973409653,-6040.703005880117,0.01569713758079409,1.0,0.9261511728931364
YKL043W,-1,-53.022189915180206,-6168.762254178524,0.015692307692307693,1.0,0.9264407761366927
YJR051W,0,-53.024259984493256,-6288.643553704023,0.015692307692307693,1.0,0.9264407761366927
YOL110W,0,-53.033590376377106,-6105.8648963570595,0.015692307692307693,1.0,0.9264407761366927
YNL305C,0,-53.03918147087097,-6171.22343146801,0.015692307692307693,1.0,0.9264407761366927
YJL011C,-1,-53.049045741558075,-6361.65221658349,0.015687480775146107,1.0,0.926730379380249
YBL013W,-1,-53.058850049972534,-6141.240690261126,0.015682656826568265,1.0,0.9270199826238054
YDR188W,-1,-53.07927995920181,-6230.402369529009,0.01567783584383646,1.0,0.9273095858673617
YLL015W,-1,-53.08171731233597,-6193.071902364492,0.01567301782421635,1.0,0.927599189110918
YNR024W,-1,-53.11436730623245,-6290.056986600161,0.01566820276497696,1.0,0.9278887923544744
YDR123C,-1,-53.12407195568085,-6092.876879632473,0.015663390663390665,1.0,0.9281783955980307
YPR138C,0,-53.16621387004852,-5948.534011483192,0.015663390663390665,1.0,0.9281783955980307
YNL062C,-1,-53.19939625263214,-6492.714548021555,0.01565858151673319,1.0,0.928467998841587
YBR077C,0,-53.200677275657654,-6294.019470542669,0.01565858151673319,1.0,0.928467998841587
YDR213W,-1,-53.2640825510025,-6137.695514410734,0.01565377532228361,1.0,0.9287576020851434
YMR136W,0,-53.30309587717056,-5986.408217817545,0.01565377532228361,1.0,0.9287576020851434
YIR014W,0,-53.31258109211922,-6081.401736021042,0.01565377532228361,1.0,0.9287576020851434
YGR060W,-1,-53.32927721738815,-6305.598580181599,0.01564897207732433,1.0,0.9290472053286997
YDL227C,-1,-53.34384137392044,-6207.4946283996105,0.015644171779141104,1.0,0.929336808572256
YBR146W,-1,-53.37275892496109,-6145.731905937195,0.015639374425023,1.0,0.9296264118158123
YHR120W,-1,-53.44801837205887,-6281.7472358345985,0.015634580012262415,1.0,0.9299160150593687
YIL130W,0,-53.459440529346466,-6228.3728339374065,0.015634580012262415,1.0,0.9299160150593687
YOR270C,-1,-53.48969614505768,-6428.607507765293,0.01562978853815507,1.0,0.930205618302925
YPR141C,-1,-53.51036673784256,-6364.174757421017,0.015625,1.0,0.9304952215464813
YDR128W,0,-53.542370200157166,-6272.013728320599,0.015625,1.0,0.9304952215464813
YER015W,-1,-53.55080634355545,-6122.724755078554,0.01562021439509954,1.0,0.9307848247900377
YGL237C,0,-53.5554164648056,-6001.54548278451,0.01562021439509954,1.0,0.9307848247900377
YML113W,-1,-53.55597096681595,-6389.770700752735,0.015615431720759338,1.0,0.931074428033594
YGR055W,-1,-53.5580415725708,-6240.08039444685,0.015610651974288337,1.0,0.9313640312771503
YDR483W,-1,-53.5957835316658,-6594.985013872385,0.015605875152998777,1.0,0.9316536345207066
YBR161W,-1,-53.61958986520767,-6498.557354182005,0.01560110125420618,1.0,0.9319432377642629
YDR421W,-1,-53.6211062669754,-6019.315252661705,0.015596330275229359,1.0,0.9322328410078193
YGL077C,-1,-53.67734369635582,-6295.561793208122,0.0155915622133904,1.0,0.9325224442513756
YGL246C,-1,-53.76022458076477,-6379.243641674519,0.01558679706601467,1.0,0.932812047494932
YNR036C,-1,-53.78090715408325,-6149.657315701246,0.015582034830430797,1.0,0.9331016507384883
YDL143W,-1,-53.79249286651611,-6180.101422846317,0.015577275503970677,1.0,0.9333912539820446
YGR177C,-1,-53.82168793678284,-6305.447109490633,0.015572519083969465,1.0,0.9336808572256009
YOL002C,-1,-53.855927884578705,-6169.737479507923,0.015567765567765568,1.0,0.9339704604691572
YOR001W,-1,-53.91651916503906,-6548.326637357473,0.01556301495270064,1.0,0.9342600637127135
YKL039W,0,-53.93353867530823,-6074.83186686039,0.01556301495270064,1.0,0.9342600637127135
YCR024C,-1,-53.96747463941574,-6561.489045709372,0.015558267236119585,1.0,0.93454966695627
YJL102W,-1,-54.02942168712616,-6612.876720070839,0.01555352241537054,1.0,0.9348392701998263
YKL059C,-1,-54.07012587785721,-5933.679024189711,0.015548780487804878,1.0,0.9351288734433826
YOR210W,-1,-54.09118288755417,-6557.9673300385475,0.015544041450777202,1.0,0.9354184766869389
YNL244C,-1,-54.09546571969986,-6262.70349290967,0.015539305301645339,1.0,0.9357080799304952
YPR169W,0,-54.0959187746048,-6654.992834627628,0.015539305301645339,1.0,0.9357080799304952
YLL006W,-1,-54.09626179933548,-6477.2892481684685,0.015534572037770332,1.0,0.9359976831740515
YOR294W,-1,-54.0968981385231,-6490.9679798185825,0.015529841656516443,1.0,0.9362872864176078
YDL119C,0,-54.10960200428963,-6322.685970455408,0.015529841656516443,1.0,0.9362872864176078
YGL139W,-1,-54.15346211194992,-6174.593913525343,0.015525114155251141,1.0,0.9365768896611643
YPL069C,-1,-54.17726808786392,-6297.408449828625,0.0155203895313451,1.0,0.9368664929047206
YGR235C,-1,-54.186358749866486,-6327.697710037231,0.015515667782172194,1.0,0.9371560961482769
YDL085W,0,-54.18753498792648,-6266.08987146616,0.015515667782172194,1.0,0.9371560961482769
YNL327W,0,-54.19200134277344,-6254.891897708178,0.015515667782172194,1.0,0.9371560961482769
YNL279W,-1,-54.207281708717346,-6442.690329223871,0.01551094890510949,1.0,0.9374456993918332
YDL108W,-1,-54.221877217292786,-6061.256718099117,0.015506232897537246,1.0,0.9377353026353895
YNL115C,0,-54.24984714388847,-6233.994494020939,0.015506232897537246,1.0,0.9377353026353895
YAL010C,-1,-54.322000324726105,-6473.520069599152,0.015501519756838906,1.0,0.9380249058789458
YOL101C,-1,-54.361356139183044,-6354.687386512756,0.015496809480401094,1.0,0.9383145091225021
YHR019C,-1,-54.36161583662033,-6553.2183056771755,0.015492102065613609,1.0,0.9386041123660585
YBR084W,0,-54.369856119155884,-6443.0671918690205,0.015492102065613609,1.0,0.9386041123660585
YDL201W,-1,-54.37130123376846,-6601.933522820473,0.01548739750986942,1.0,0.9388937156096149
YNL002C,-1,-54.38313269615173,-6538.028286278248,0.015482695810564663,1.0,0.9391833188531712
YOL060C,-1,-54.495856165885925,-6309.708893984556,0.015477996965098634,1.0,0.9394729220967275
YPR011C,0,-54.523676961660385,-6346.585804402828,0.015477996965098634,1.0,0.9394729220967275
YNL175C,0,-54.5272062420845,-6672.617168217897,0.015477996965098634,1.0,0.9394729220967275
YPL163C,0,-54.54544073343277,-6508.582683056593,0.015477996965098634,1.0,0.9394729220967275
YPR098C,0,-54.55197712779045,-6367.631306946278,0.015477996965098634,1.0,0.9394729220967275
YNL169C,-1,-54.55219966173172,-6180.510425150394,0.015473300970873786,1.0,0.9397625253402838
YDR014W,-1,-54.559810400009155,-6352.238099098206,0.015468607825295723,1.0,0.9400521285838401
YDL066W,-1,-54.590695559978485,-6617.668806225061,0.015463917525773196,1.0,0.9403417318273964
YNL075W,-1,-54.60519462823868,-6500.689592301846,0.015459230069718097,1.0,0.9406313350709528
YNR010W,-1,-54.62847101688385,-6020.436257749796,0.015454545454545455,1.0,0.9409209383145091
YJL069C,-1,-54.701042890548706,-6630.129367113113,0.015449863677673432,1.0,0.9412105415580655
YLR272C,-1,-54.70533287525177,-6214.331055164337,0.015445184736523319,1.0,0.9415001448016218
YNL124W,-1,-54.70785462856293,-6479.678887933493,0.015440508628519528,1.0,0.9417897480451781
YIL005W,-1,-54.71181797981262,-6537.446611702442,0.015435835351089588,1.0,0.9420793512887344
YNL142W,-1,-54.71687334775925,-6130.1056907474995,0.015431164901664145,1.0,0.9423689545322907
YOR064C,0,-54.77036541700363,-6059.109758138657,0.015431164901664145,1.0,0.9423689545322907
YJL203W,-1,-54.84495031833649,-6214.592443883419,0.015426497277676952,1.0,0.9426585577758471
YOR010C,0,-54.850822269916534,-6175.917093932629,0.015426497277676952,1.0,0.9426585577758471
YLR070C,0,-54.85896974802017,-6202.067745566368,0.015426497277676952,1.0,0.9426585577758471
YDR486C,0,-54.86427617073059,-6382.271442055702,0.015426497277676952,1.0,0.9426585577758471
YOL033W,-1,-54.87463641166687,-6531.769886493683,0.015421832476564862,1.0,0.9429481610194034
YAL042W,0,-54.88546144962311,-6369.865472495556,0.015421832476564862,1.0,0.9429481610194034
YOR100C,-1,-54.889802634716034,-6083.902141541243,0.015417170495767836,1.0,0.9432377642629598
YML080W,-1,-54.89879035949707,-6396.850001901388,0.015412511332728921,1.0,0.9435273675065161
YHL040C,-1,-54.90499657392502,-6143.330194085836,0.01540785498489426,1.0,0.9438169707500724
YJR063W,-1,-54.95833444595337,-6671.5419280231,0.015403201449713078,1.0,0.9441065739936287
YML011C,-1,-54.96552574634552,-6282.242861509323,0.015398550724637682,1.0,0.944396177237185
YPL155C,-1,-54.991893231868744,-6427.82499012351,0.015393902807123452,1.0,0.9446857804807414
YBL080C,-1,-55.00486862659454,-6483.464761674404,0.015389257694628847,1.0,0.9449753837242977
YNR067C,0,-55.045791923999786,-6571.692952096462,0.015389257694628847,1.0,0.9449753837242977
YKR036C,-1,-55.0823649764061,-6615.488791495562,0.015384615384615385,1.0,0.945264986967854
YML042W,-1,-55.09057241678238,-6260.910692960024,0.015379975874547648,1.0,0.9455545902114104
YKL209C,0,-55.12308984994888,-6548.055983066559,0.015379975874547648,1.0,0.9455545902114104
YLR289W,0,-55.14894962310791,-6528.812556385994,0.015379975874547648,1.0,0.9455545902114104
YOL054W,-1,-55.184823751449585,-6243.307330399752,0.015375339161893277,1.0,0.9458441934549667
YJL133W,-1,-55.257398545742035,-6868.825069278479,0.015370705244122965,1.0,0.946133796698523
YOR230W,-1,-55.30993789434433,-6387.15493914485,0.015366074118710455,1.0,0.9464233999420794
YGR195W,-1,-55.31236618757248,-6620.20252969861,0.01536144578313253,1.0,0.9467130031856357
YDR281C,-1,-55.39320009946823,-6598.498426735401,0.015356820234869015,1.0,0.947002606429192
YOR145C,-1,-55.40128630399704,-6603.419044137001,0.015352197471402769,1.0,0.9472922096727483
YMR146C,-1,-55.40138649940491,-6557.325681746006,0.01534757749021968,1.0,0.9475818129163046
YDL178W,0,-55.423416912555695,-6581.663128077984,0.01534757749021968,1.0,0.9475818129163046
YBR247C,-1,-55.435682505369186,-6644.655215024948,0.015342960288808664,1.0,0.947871416159861
YIL021W,-1,-55.437184393405914,-6369.610457926989,0.015338345864661655,1.0,0.9481610194034173
YDR529C,-1,-55.48533171415329,-6735.308167487383,0.015333734215273603,1.0,0.9484506226469737
YMR215W,0,-55.519588589668274,-6518.068226635456,0.015333734215273603,1.0,0.9484506226469737
YDR449C,-1,-55.60039031505585,-6407.530849024653,0.015329125338142471,1.0,0.94874022589053
YKR092C,0,-55.60625183582306,-6575.600028455257,0.015329125338142471,1.0,0.94874022589053
YGR081C,-1,-55.753428399562836,-6676.242304712534,0.01532451923076923,1.0,0.9490298291340863
YNR040W,-1,-55.929397970438,-6434.273775726557,0.015319915890657855,1.0,0.9493194323776426
YDR101C,-1,-55.937119126319885,-6770.438520997763,0.015315315315315315,1.0,0.9496090356211989
YIL117C,-1,-55.946360409259796,-6422.72861456871,0.015310717502251577,1.0,0.9498986388647553
YGR096W,-1,-55.96997255086899,-6703.189736396074,0.015306122448979591,1.0,0.9501882421083117
YDR345C,-1,-55.98235547542572,-6672.361428409815,0.0153015301530153,1.0,0.950477845351868
YGR046W,-1,-55.987390637397766,-6504.6921664476395,0.015296940611877625,1.0,0.9507674485954243
YIL087C,0,-56.01195305585861,-6537.633811414242,0.015296940611877625,1.0,0.9507674485954243
YBR282W,-1,-56.01407212018967,-6572.029731780291,0.015292353823088457,1.0,0.9510570518389806
YNR053C,-1,-56.025694847106934,-6739.508564710617,0.015287769784172662,1.0,0.9513466550825369
YHR039C-A,-1,-56.08376890420914,-6428.376102209091,0.015283188492658075,1.0,0.9516362583260932
YOL164W-A,0,-56.085564851760864,-6708.172221422195,0.015283188492658075,1.0,0.9516362583260932
YNL282W,-1,-56.13336855173111,-6709.997667789459,0.015278609946075494,1.0,0.9519258615696495
YBR014C,-1,-56.1755034327507,-6715.320049226284,0.015274034141958671,1.0,0.952215464813206
YBR251W,-1,-56.177257895469666,-6568.320971548557,0.01526946107784431,1.0,0.9525050680567623
YBR008C,0,-56.256701946258545,-6474.7511239647865,0.01526946107784431,1.0,0.9525050680567623
YHR024C,-1,-56.30804818868637,-6667.158270567656,0.015264890751272074,1.0,0.9527946713003186
YOL019W,0,-56.32530412077904,-6706.759957015514,0.015264890751272074,1.0,0.9527946713003186
YLL034C,-1,-56.3283725976944,-6859.294968962669,0.01526032315978456,1.0,0.9530842745438749
YPL005W,0,-56.41152510046959,-6595.8421266674995,0.01526032315978456,1.0,0.9530842745438749
YMR290C,-1,-56.432925045490265,-6828.545022368431,0.01525575830092731,1.0,0.9533738777874312
YEL018W,-1,-56.4432612657547,-6366.333042353392,0.015251196172248804,1.0,0.9536634810309875
YPL040C,-1,-56.44923973083496,-6666.2558025717735,0.015246636771300448,1.0,0.9539530842745438
YMR264W,-1,-56.45587080717087,-6564.017167627811,0.015242080095636582,1.0,0.9542426875181002
YPL270W,-1,-56.46317917108536,-6795.225189119577,0.015237526142814461,1.0,0.9545322907616566
YOR205C,-1,-56.472194850444794,-6648.952055573463,0.015232974910394265,1.0,0.9548218940052129
YOL009C,-1,-56.49930512905121,-6535.879491060972,0.015228426395939087,1.0,0.9551114972487692
YML081C-A,-1,-56.548140823841095,-6776.141285300255,0.015223880597014926,1.0,0.9554011004923255
YBR142W,-1,-56.560709834098816,-6905.511919915676,0.01521933751119069,1.0,0.9556907037358818
YDL208W,-1,-56.587931394577026,-6776.842402398586,0.015214797136038186,1.0,0.9559803069794381
YDR120C,-1,-56.69312074780464,-6931.767581373453,0.01521025946913212,1.0,0.9562699102229945
YMR115W,-1,-56.752791702747345,-6567.909538239241,0.01520572450805009,1.0,0.9565595134665508
YGL029W,-1,-56.8014258146286,-6698.654519915581,0.015201192250372579,1.0,0.9568491167101072
YIL142W,-1,-56.813877642154694,-6612.497250795364,0.015196662693682956,1.0,0.9571387199536635
YLR275W,-1,-56.886767983436584,-6388.56108596921,0.01519213583556747,1.0,0.9574283231972198
YLR239C,-1,-56.88980978727341,-6725.190217405558,0.015187611673615247,1.0,0.9577179264407761
YGL064C,-1,-56.89679950475693,-6704.249853372574,0.01518309020541828,1.0,0.9580075296843324
YBR199W,-1,-56.90865910053253,-6653.641361892223,0.015178571428571428,1.0,0.9582971329278888
YDR182W-A,0,-56.94986701011658,-6813.3701412677765,0.015178571428571428,1.0,0.9582971329278888
YJR161C,0,-56.9641552567482,-6748.04251652956,0.015178571428571428,1.0,0.9582971329278888
YML091C,-1,-57.00881201028824,-6812.3627725839615,0.01517405534067242,1.0,0.9585867361714451
YPR067W,-1,-57.03832757472992,-6660.878314882517,0.015169541939321832,1.0,0.9588763394150015
YPL271W,-1,-57.063117265701294,-6820.389111459255,0.015165031222123104,1.0,0.9591659426585578
YCR034W,-1,-57.06716912984848,-6579.213011443615,0.01516052318668252,1.0,0.9594555459021141
YPR010C-A,0,-57.073338747024536,-6832.014373540878,0.01516052318668252,1.0,0.9594555459021141
YHR214C-D,0,-57.073338747024536,-6832.014373540878,0.01516052318668252,1.0,0.9594555459021141
YER190C-B,0,-57.073338747024536,-6832.014373540878,0.01516052318668252,1.0,0.9594555459021141
YLR154C-H,0,-57.073338747024536,-6832.014373540878,0.01516052318668252,1.0,0.9594555459021141
YLR156C-A,0,-57.073338747024536,-6832.014373540878,0.01516052318668252,1.0,0.9594555459021141
YLR157C-C,0,-57.073338747024536,-6832.014373540878,0.01516052318668252,1.0,0.9594555459021141
YLR159C-A,0,-57.073338747024536,-6832.014373540878,0.01516052318668252,1.0,0.9594555459021141
YBR296C-A,0,-57.073338747024536,-6831.984743356705,0.01516052318668252,1.0,0.9594555459021141
YLR157W-D,0,-57.073338747024536,-6832.014373540878,0.01516052318668252,1.0,0.9594555459021141
YLR157W-A,0,-57.073338747024536,-6832.014373540878,0.01516052318668252,1.0,0.9594555459021141
YLR157W-C,0,-57.073338747024536,-6832.014373540878,0.01516052318668252,1.0,0.9594555459021141
YLR157W-B,0,-57.073338747024536,-6832.014373540878,0.01516052318668252,1.0,0.9594555459021141
YHL048C-A,0,-57.073338747024536,-6832.014373540878,0.01516052318668252,1.0,0.9594555459021141
YMR030W-A,0,-57.073338747024536,-6832.014373540878,0.01516052318668252,1.0,0.9594555459021141
YBR230W-A,0,-57.073338747024536,-6832.014373540878,0.01516052318668252,1.0,0.9594555459021141
YDR246W-A,0,-57.073338747024536,-6832.014373540878,0.01516052318668252,1.0,0.9594555459021141
YKL183C-A,0,-57.073338747024536,-6832.014373540878,0.01516052318668252,1.0,0.9594555459021141
YMR175W-A,0,-57.073338747024536,-6832.014373540878,0.01516052318668252,1.0,0.9594555459021141
YLR285C-A,0,-57.073338747024536,-6832.014373540878,0.01516052318668252,1.0,0.9594555459021141
YJR151W-A,0,-57.073338747024536,-6832.014373540878,0.01516052318668252,1.0,0.9594555459021141
YBR255C-A,0,-57.073338747024536,-6832.00449681282,0.01516052318668252,1.0,0.9594555459021141
YBR196C-B,0,-57.073338747024536,-6832.014373540878,0.01516052318668252,1.0,0.9594555459021141
YBR221W-A,0,-57.073338747024536,-6832.014373540878,0.01516052318668252,1.0,0.9594555459021141
YGR240C-A,0,-57.073338747024536,-6832.014373540878,0.01516052318668252,1.0,0.9594555459021141
YCR095W-A,0,-57.073338747024536,-6832.014373540878,0.01516052318668252,1.0,0.9594555459021141
YDR169C-A,0,-57.073338747024536,-6832.014373540878,0.01516052318668252,1.0,0.9594555459021141
YAL063C-A,0,-57.073338747024536,-6832.014373540878,0.01516052318668252,1.0,0.9594555459021141
YBR072C-A,0,-57.073338747024536,-6832.014373540878,0.01516052318668252,1.0,0.9594555459021141
YLR361C-A,0,-57.073338747024536,-6832.014373540878,0.01516052318668252,1.0,0.9594555459021141
YER078W-A,0,-57.073338747024536,-6832.014373540878,0.01516052318668252,1.0,0.9594555459021141
YPR108W-A,0,-57.073338747024536,-6832.014373540878,0.01516052318668252,1.0,0.9594555459021141
YPL038W-A,0,-57.073338747024536,-6832.014373540878,0.01516052318668252,1.0,0.9594555459021141
YMR230W-A,0,-57.073338747024536,-6832.014373540878,0.01516052318668252,1.0,0.9594555459021141
YOR293C-A,0,-57.073338747024536,-6832.014373540878,0.01516052318668252,1.0,0.9594555459021141
YOL097W-A,0,-57.073338747024536,-6832.014373540878,0.01516052318668252,1.0,0.9594555459021141
YNL277W-A,0,-57.073338747024536,-6832.014373540878,0.01516052318668252,1.0,0.9594555459021141
YNL146C-A,0,-57.073338747024536,-6832.014373540878,0.01516052318668252,1.0,0.9594555459021141
YNL042W-B,0,-57.073338747024536,-6832.014373540878,0.01516052318668252,1.0,0.9594555459021141
YIR018C-A,0,-57.073338747024536,-6832.014373540878,0.01516052318668252,1.0,0.9594555459021141
YIL046W-A,0,-57.073338747024536,-6832.014373540878,0.01516052318668252,1.0,0.9594555459021141
YIL002W-A,0,-57.073338747024536,-6832.014373540878,0.01516052318668252,1.0,0.9594555459021141
YHL015W-A,0,-57.073338747024536,-6832.014373540878,0.01516052318668252,1.0,0.9594555459021141
YDR003W-A,0,-57.073338747024536,-6832.014373540878,0.01516052318668252,1.0,0.9594555459021141
YCR024C-B,0,-57.073338747024536,-6832.014373540878,0.01516052318668252,1.0,0.9594555459021141
YOR381W-A,0,-57.073338747024536,-6832.014373540878,0.01516052318668252,1.0,0.9594555459021141
YOR376W-A,0,-57.073338747024536,-6832.014373540878,0.01516052318668252,1.0,0.9594555459021141
YOR316C-A,0,-57.073338747024536,-6832.011904358864,0.01516052318668252,1.0,0.9594555459021141
YOR011W-A,0,-57.073338747024536,-6832.014373540878,0.01516052318668252,1.0,0.9594555459021141
YML054C-A,0,-57.073338747024536,-6832.014373540878,0.01516052318668252,1.0,0.9594555459021141
YLR342W-A,0,-57.073338747024536,-6832.014373540878,0.01516052318668252,1.0,0.9594555459021141
YLR162W-A,0,-57.073338747024536,-6832.014373540878,0.01516052318668252,1.0,0.9594555459021141
YLR154C-G,0,-57.073338747024536,-6832.014373540878,0.01516052318668252,1.0,0.9594555459021141
YLL006W-A,0,-57.073338747024536,-6832.014373540878,0.01516052318668252,1.0,0.9594555459021141
YHR175W-A,0,-57.073338747024536,-6832.014373540878,0.01516052318668252,1.0,0.9594555459021141
YGR121W-A,0,-57.073338747024536,-6832.014373540878,0.01516052318668252,1.0,0.9594555459021141
YFL041W-A,0,-57.073338747024536,-6832.014373540878,0.01516052318668252,1.0,0.9594555459021141
YDR194W-A,0,-57.073338747024536,-6832.014373540878,0.01516052318668252,1.0,0.9594555459021141
YCR108C,0,-57.073338747024536,-6832.014373540878,0.01516052318668252,1.0,0.9594555459021141
YJR005C-A,0,-57.073338747024536,-6832.014373540878,0.01516052318668252,1.0,0.9594555459021141
YAR069W-A,0,-57.073338747024536,-6832.014373540878,0.01516052318668252,1.0,0.9594555459021141
YHR214W-F,0,-57.073338747024536,-6832.014373540878,0.01516052318668252,1.0,0.9594555459021141
YAR035C-A,0,-57.073338747024536,-6832.014373540878,0.01516052318668252,1.0,0.9594555459021141
YPR145C-A,0,-57.073338747024536,-6832.014373540878,0.01516052318668252,1.0,0.9594555459021141
YKL023C-A,0,-57.073338747024536,-6832.014373540878,0.01516052318668252,1.0,0.9594555459021141
YDR461C-A,0,-57.073338747024536,-6832.014373540878,0.01516052318668252,1.0,0.9594555459021141
YDL007C-A,0,-57.073338747024536,-6832.014373540878,0.01516052318668252,1.0,0.9594555459021141
YBR201C-A,0,-57.073338747024536,-6832.014373540878,0.01516052318668252,1.0,0.9594555459021141
YOR034C-A,0,-57.073338747024536,-6832.014373540878,0.01516052318668252,1.0,0.9594555459021141
YOR192C-C,0,-57.073338747024536,-6832.015309453011,0.01516052318668252,1.0,0.9594555459021141
YJL047C-A,0,-57.073338747024536,-6832.014373540878,0.01516052318668252,1.0,0.9594555459021141
YIR021W-A,0,-57.073338747024536,-6832.014373540878,0.01516052318668252,1.0,0.9594555459021141
YLR412C-A,0,-57.073338747024536,-6832.014373540878,0.01516052318668252,1.0,0.9594555459021141
YGR161W-C,0,-57.073338747024536,-6832.014373540878,0.01516052318668252,1.0,0.9594555459021141
YHR086W-A,0,-57.073338747024536,-6832.014373540878,0.01516052318668252,1.0,0.9594555459021141
YDR524W-A,0,-57.073338747024536,-6832.014373540878,0.01516052318668252,1.0,0.9594555459021141
YBL101W-C,0,-57.073338747024536,-6832.014373540878,0.01516052318668252,1.0,0.9594555459021141
YNL097C-A,0,-57.073338747024536,-6832.014373540878,0.01516052318668252,1.0,0.9594555459021141
YGL041W-A,0,-57.073338747024536,-6832.014373540878,0.01516052318668252,1.0,0.9594555459021141
YHR050W-A,0,-57.073338747024536,-6832.014373540878,0.01516052318668252,1.0,0.9594555459021141
YHR007C-A,0,-57.073338747024536,-6832.014373540878,0.01516052318668252,1.0,0.9594555459021141
YLR307C-A,0,-57.073338747024536,-6832.014373540878,0.01516052318668252,1.0,0.9594555459021141
YKL068W-A,0,-57.073338747024536,-6832.014373540878,0.01516052318668252,1.0,0.9594555459021141
YOR072W-B,0,-57.073338747024536,-6832.014373540878,0.01516052318668252,1.0,0.9594555459021141
YIL134C-A,0,-57.073338747024536,-6832.014373540878,0.01516052318668252,1.0,0.9594555459021141
YGR035W-A,0,-57.073338747024536,-6832.014373540878,0.01516052318668252,1.0,0.9594555459021141
YCL011C-A,0,-57.073338747024536,-6832.014373540878,0.01516052318668252,1.0,0.9594555459021141
YOR394C-A,0,-57.073338747024536,-6832.014373540878,0.01516052318668252,1.0,0.9594555459021141
YOL166W-A,0,-57.073338747024536,-6832.014373540878,0.01516052318668252,1.0,0.9594555459021141
YNR075C-A,0,-57.073338747024536,-6832.011904358864,0.01516052318668252,1.0,0.9594555459021141
YLL066W-B,0,-57.073338747024536,-6832.014373540878,0.01516052318668252,1.0,0.9594555459021141
YHR214C-E,0,-57.073338747024536,-6832.014373540878,0.01516052318668252,1.0,0.9594555459021141
YHR213W-B,0,-57.073338747024536,-6832.014373540878,0.01516052318668252,1.0,0.9594555459021141
YAL067W-A,0,-57.073338747024536,-6832.014373540878,0.01516052318668252,1.0,0.9594555459021141
YPR159C-A,0,-57.073338747024536,-6832.014373540878,0.01516052318668252,1.0,0.9594555459021141
YPL152W-A,0,-57.073338747024536,-6832.014373540878,0.01516052318668252,1.0,0.9594555459021141
YOL019W-A,0,-57.073338747024536,-6832.014373540878,0.01516052318668252,1.0,0.9594555459021141
YMR315W-A,0,-57.073338747024536,-6832.014373540878,0.01516052318668252,1.0,0.9594555459021141
YMR242W-A,0,-57.073338747024536,-6832.014373540878,0.01516052318668252,1.0,0.9594555459021141
YMR182W-A,0,-57.073338747024536,-6832.014373540878,0.01516052318668252,1.0,0.9594555459021141
YMR105W-A,0,-57.073338747024536,-6832.014373540878,0.01516052318668252,1.0,0.9594555459021141
YMR001C-A,0,-57.073338747024536,-6832.014373540878,0.01516052318668252,1.0,0.9594555459021141
YKL096C-B,0,-57.073338747024536,-6832.014373540878,0.01516052318668252,1.0,0.9594555459021141
YJL077W-B,0,-57.073338747024536,-6832.014373540878,0.01516052318668252,1.0,0.9594555459021141
YHR213W-A,0,-57.073338747024536,-6832.014373540878,0.01516052318668252,1.0,0.9594555459021141
YHR022C-A,0,-57.073338747024536,-6832.014373540878,0.01516052318668252,1.0,0.9594555459021141
YGR204C-A,0,-57.073338747024536,-6832.014373540878,0.01516052318668252,1.0,0.9594555459021141
YGR174W-A,0,-57.073338747024536,-6832.014373540878,0.01516052318668252,1.0,0.9594555459021141
YGR146C-A,0,-57.073338747024536,-6832.014373540878,0.01516052318668252,1.0,0.9594555459021141
YGL007C-A,0,-57.073338747024536,-6832.014373540878,0.01516052318668252,1.0,0.9594555459021141
YGL188C-A,0,-57.073338747024536,-6832.014373540878,0.01516052318668252,1.0,0.9594555459021141
YFR032C-B,0,-57.073338747024536,-6832.014373540878,0.01516052318668252,1.0,0.9594555459021141
YER175W-A,0,-57.073338747024536,-6832.014373540878,0.01516052318668252,1.0,0.9594555459021141
YBR182C-A,0,-57.073338747024536,-6832.014373540878,0.01516052318668252,1.0,0.9594555459021141
YBL071C-B,0,-57.073338747024536,-6832.014373540878,0.01516052318668252,1.0,0.9594555459021141
YLR466C-B,0,-57.073338747024536,-6833.133458614349,0.01516052318668252,1.0,0.9594555459021141
YBR298C-A,0,-57.07438087463379,-6832.016457796097,0.01516052318668252,1.0,0.9594555459021141
YLR312W-A,-1,-57.084703147411346,-6670.23936778307,0.015156017830609212,1.0,0.9597451491456704
YMR243C,-1,-57.121923089027405,-6689.256772279739,0.015151515151515152,1.0,0.9600347523892268
YFL062W,0,-57.12497639656067,-6847.986266583204,0.015151515151515152,1.0,0.9600347523892268
YKR024C,-1,-57.1853346824646,-6793.93604105711,0.015147015147015146,1.0,0.9603243556327831
YER069W,0,-57.198217153549194,-6874.96503803134,0.015147015147015146,1.0,0.9603243556327831
YMR177W,-1,-57.25870227813721,-6777.604234516621,0.015142517814726841,1.0,0.9606139588763394
YDL159W-B,0,-57.27433717250824,-6851.8894629478455,0.015142517814726841,1.0,0.9606139588763394
YIL015W,-1,-57.33406388759613,-6760.157861173153,0.015138023152270703,1.0,0.9609035621198957
YOR316C,-1,-57.36503577232361,-6306.98818141222,0.015133531157270029,1.0,0.9611931653634521
YHL021C,0,-57.36512738466263,-6787.337583184242,0.015133531157270029,1.0,0.9611931653634521
YKL208W,-1,-57.50668478012085,-6632.618417233229,0.015129041827350934,1.0,0.9614827686070084
YLR080W,0,-57.53169596195221,-6750.588939994574,0.015129041827350934,1.0,0.9614827686070084
YGR049W,0,-57.617425322532654,-6576.004276931286,0.015129041827350934,1.0,0.9614827686070084
YBL098W,0,-57.628682076931,-6802.701884031296,0.015129041827350934,1.0,0.9614827686070084
YKR025W,-1,-57.66557574272156,-6502.505455195904,0.015124555160142349,1.0,0.9617723718505647
YNL069C,0,-57.716788709163666,-6725.58587116003,0.015124555160142349,1.0,0.9617723718505647
YPL118W,-1,-57.718762159347534,-6842.753956139088,0.015120071153276016,1.0,0.9620619750941211
YGR183C,-1,-57.74658799171448,-6977.379031389952,0.015115589804386485,1.0,0.9623515783376774
YBR093C,0,-57.76801013946533,-6818.33403262496,0.015115589804386485,1.0,0.9623515783376774
YKR065C,-1,-57.7809681892395,-6850.123376458883,0.015111111111111112,1.0,0.9626411815812337
YIL111W,-1,-57.82449644804001,-6802.25042822957,0.015106635071090047,1.0,0.96293078482479
YFL018C,0,-57.84566855430603,-7043.742046505213,0.015106635071090047,1.0,0.96293078482479
YPL119C-A,0,-57.92181324958801,-6867.013946771622,0.015106635071090047,1.0,0.96293078482479
YML078W,-1,-58.01935201883316,-6958.403049856424,0.015102161681966242,1.0,0.9632203880683463
YDR511W,0,-58.06973671913147,-6780.334152817726,0.015102161681966242,1.0,0.9632203880683463
YDR412W,-1,-58.114228427410126,-7168.3737198114395,0.015097690941385435,1.0,0.9635099913119027
YOL155W-A,0,-58.13393187522888,-6936.164618730545,0.015097690941385435,1.0,0.9635099913119027
YJR113C,-1,-58.14682728052139,-6744.4398303329945,0.015093222846996152,1.0,0.963799594555459
YPL183W-A,-1,-58.15485781431198,-6792.379241287708,0.015088757396449704,1.0,0.9640891977990154
YJL104W,-1,-58.15580880641937,-6885.35148024559,0.015084294587400177,1.0,0.9643788010425717
YJL190C,0,-58.17762511968613,-7030.5832605957985,0.015084294587400177,1.0,0.9643788010425717
YNL121C,-1,-58.18112289905548,-6973.556161314249,0.015079834417504436,1.0,0.964668404286128
YMR145C,-1,-58.1825532913208,-6940.8285012841225,0.01507537688442211,1.0,0.9649580075296843
YBR221C,0,-58.22216594219208,-7061.94962772727,0.01507537688442211,1.0,0.9649580075296843
YDR068W,0,-58.24154770374298,-7096.405796468258,0.01507537688442211,1.0,0.9649580075296843
YMR158C-B,0,-58.25226068496704,-6939.42442548275,0.01507537688442211,1.0,0.9649580075296843
YGR103W,-1,-58.28238046169281,-7000.561628550291,0.015070921985815602,1.0,0.9652476107732406
YPR191W,-1,-58.30180245637894,-6962.134879529476,0.015066469719350073,1.0,0.965537214016797
YJR135C,-1,-58.44145178794861,-6755.724731266499,0.015062020082693443,1.0,0.9658268172603534
YDR296W,-1,-58.45415824651718,-6824.556977540255,0.015057573073516387,1.0,0.9661164205039097
YMR256C,-1,-58.46146124601364,-7005.4421573877335,0.015053128689492325,1.0,0.966406023747466
YJL189W,0,-58.468012273311615,-6651.648483633995,0.015053128689492325,1.0,0.966406023747466
YIR001C,0,-58.57222503423691,-7434.28903824091,0.015053128689492325,1.0,0.966406023747466
YER048W-A,0,-58.57521033287048,-6630.704452514648,0.015053128689492325,1.0,0.966406023747466
YIR021W,-1,-58.59473806619644,-6773.113695263863,0.015048686928297432,1.0,0.9666956269910223
YAL065C-A,0,-58.60582971572876,-6996.993094086647,0.015048686928297432,1.0,0.9666956269910223
YGR215W,-1,-58.652225852012634,-6806.273871332407,0.01504424778761062,1.0,0.9669852302345786
YLR295C,-1,-58.65440499782562,-7040.372675448656,0.015039811265113535,1.0,0.9672748334781349
YNL284C,-1,-58.69498282670975,-6773.587592482567,0.015035377358490566,1.0,0.9675644367216912
YPR001W,-1,-58.70680332183838,-6886.524302482605,0.015030946065428824,1.0,0.9678540399652477
YGR255C,0,-58.722943127155304,-6814.9263399243355,0.015030946065428824,1.0,0.9678540399652477
YGL078C,-1,-58.796121537685394,-7153.025600716472,0.015026517383618149,1.0,0.968143643208804
YNL065W,-1,-58.797383546829224,-6920.045005828142,0.015022091310751105,1.0,0.9684332464523603
YML035C,0,-58.82021915912628,-7568.011466562748,0.015022091310751105,1.0,0.9684332464523603
YLR163C,-1,-58.88808423280716,-6866.321841597557,0.015017667844522967,1.0,0.9687228496959166
YDR148C,-1,-58.894145369529724,-7169.43228918314,0.015013246982631734,1.0,0.9690124529394729
YGL111W,-1,-58.926797926425934,-7101.198177456856,0.015008828722778105,1.0,0.9693020561830292
YCR062W,0,-58.99428880214691,-7017.67832005024,0.015008828722778105,1.0,0.9693020561830292
YGR282C,0,-59.003956973552704,-6929.357799440622,0.015008828722778105,1.0,0.9693020561830292
YEL024W,-1,-59.0504544377327,-7132.104668021202,0.01500441306266549,1.0,0.9695916594265855
YLR146W-A,0,-59.19452500343323,-7039.360330104828,0.01500441306266549,1.0,0.9695916594265855
YJL208C,-1,-59.23771822452545,-7033.37616917491,0.015,1.0,0.9698812626701419
YKR052C,-1,-59.28501749038696,-6673.837864547968,0.014995589532490444,1.0,0.9701708659136983
YBR122C,-1,-59.33770793676376,-6941.163694053888,0.014991181657848324,1.0,0.9704604691572546
YBR085W,-1,-59.34513759613037,-6995.862892240286,0.014986776373787834,1.0,0.9707500724008109
YIL015C-A,0,-59.360058188438416,-7069.104030847549,0.014986776373787834,1.0,0.9707500724008109
YKR081C,-1,-59.39371430873871,-7198.541499733925,0.014982373678025853,1.0,0.9710396756443672
YPL043W,-1,-59.42799711227417,-7272.691394850612,0.014977973568281937,1.0,0.9713292788879235
YHR051W,-1,-59.432595789432526,-7078.219658583403,0.014973576042278332,1.0,0.9716188821314798
YCR079W,-1,-59.437672793865204,-6945.954017549753,0.014969181097739948,1.0,0.9719084853750362
YHR089C,-1,-59.45021814107895,-7026.414357423782,0.014964788732394365,1.0,0.9721980886185926
YOR136W,-1,-59.464501202106476,-6938.538388431072,0.01496039894397184,1.0,0.9724876918621489
YBR092C,0,-59.484152019023895,-7230.050304502249,0.01496039894397184,1.0,0.9724876918621489
YOR220W,0,-59.487842440605164,-7393.809696435928,0.01496039894397184,1.0,0.9724876918621489
YOL013W-B,0,-59.52036893367767,-7078.139313220978,0.01496039894397184,1.0,0.9724876918621489
YMR049C,-1,-59.578212320804596,-7047.781242847443,0.014956011730205278,1.0,0.9727772951057052
YDR481C,-1,-59.61716067790985,-7119.845149099827,0.014951627088830254,1.0,0.9730668983492615
YLR204W,-1,-59.678932547569275,-6961.079164326191,0.014947245017584994,1.0,0.9733565015928178
YMR297W,0,-59.694917023181915,-7106.069958239794,0.014947245017584994,1.0,0.9733565015928178
YER002W,-1,-59.735931038856506,-7081.561204761267,0.014942865514210372,1.0,0.9736461048363741
YDL051W,-1,-59.814856231212616,-6973.334934473038,0.014938488576449912,1.0,0.9739357080799305
YBR026C,-1,-59.91806048154831,-7079.896141439676,0.01493411420204978,1.0,0.9742253113234868
YPL013C,-1,-60.014060258865356,-6908.112535625696,0.014929742388758781,1.0,0.9745149145670432
YJL016W,0,-60.02089750766754,-7382.507243454456,0.014929742388758781,1.0,0.9745149145670432
YML060W,-1,-60.19884389638901,-6796.138145685196,0.014925373134328358,1.0,0.9748045178105995
YDL046W,-1,-60.25675690174103,-6923.622524410486,0.01492100643651258,1.0,0.9750941210541558
YDR196C,0,-60.30080670118332,-7163.717684358358,0.01492100643651258,1.0,0.9750941210541558
YGR279C,-1,-60.31398034095764,-6968.623554140329,0.014916642293068149,1.0,0.9753837242977121
YGR089W,-1,-60.31917828321457,-7113.844901502132,0.014912280701754385,1.0,0.9756733275412685
YNR022C,-1,-60.37070333957672,-6996.758866071701,0.014907921660333235,1.0,0.9759629307848248
YNL081C,-1,-60.37784296274185,-6895.402165770531,0.014903565166569257,1.0,0.9762525340283811
YHR052W,-1,-60.414988696575165,-7214.96697473526,0.014899211218229623,1.0,0.9765421372719374
YER073W,0,-60.46882450580597,-7408.057297170162,0.014899211218229623,1.0,0.9765421372719374
YDR178W,-1,-60.46910071372986,-7247.439680278301,0.014894859813084112,1.0,0.9768317405154938
YAL058W,-1,-60.4932519197464,-7266.333614736795,0.01489051094890511,1.0,0.9771213437590501
YER006W,-1,-60.502885222435,-7139.298817396164,0.0148861646234676,1.0,0.9774109470026064
YKR049C,0,-60.53057986497879,-6939.757509499788,0.0148861646234676,1.0,0.9774109470026064
YDR116C,-1,-60.63673210144043,-7050.516686856747,0.014881820834549168,1.0,0.9777005502461628
YGL006W-A,0,-60.689420223236084,-7368.556456446648,0.014881820834549168,1.0,0.9777005502461628
YNL095C,-1,-60.75027123093605,-7248.349745571613,0.014877479579929988,1.0,0.9779901534897191
YMR056C,-1,-60.75385296344757,-6980.4344463944435,0.014873140857392825,1.0,0.9782797567332754
YER138W-A,0,-60.824652314186096,-7156.757904291153,0.014873140857392825,1.0,0.9782797567332754
YHR169W,-1,-60.84556996822357,-7179.919354498386,0.014868804664723033,1.0,0.9785693599768317
YDR437W,-1,-60.89882504940033,-7371.509359031916,0.01486447099970854,1.0,0.9788589632203881
YBR137W,0,-60.95034462213516,-7504.965817689896,0.01486447099970854,1.0,0.9788589632203881
YDR064W,-1,-60.96610510349274,-7027.932074159384,0.01486013986013986,1.0,0.9791485664639444
YJR088C,0,-60.97564083337784,-7218.21106916666,0.01486013986013986,1.0,0.9791485664639444
YKR093W,0,-60.9779531955719,-6988.939192980528,0.01486013986013986,1.0,0.9791485664639444
YOR272W,-1,-61.013779401779175,-7251.583794116974,0.014855811243810078,1.0,0.9794381697075007
YEL052W,-1,-61.07922172546387,-7119.843120902777,0.01485148514851485,1.0,0.9797277729510571
YLR064W,0,-61.09558701515198,-7241.746925085783,0.01485148514851485,1.0,0.9797277729510571
YBL045C,-1,-61.17299258708954,-7230.8300569057465,0.014847161572052401,1.0,0.9800173761946134
YOR291W,-1,-61.27877938747406,-7354.685859024525,0.014842840512223517,1.0,0.9803069794381697
YMR024W,-1,-61.285665810108185,-7116.049250215292,0.014838521966831539,1.0,0.980596582681726
YOL077C,-1,-61.305021584033966,-7289.1587454378605,0.014834205933682374,1.0,0.9808861859252823
YGR036C,-1,-61.38138145208359,-7422.175255864859,0.014829892410584472,1.0,0.9811757891688387
YPL192C,-1,-61.41968607902527,-7302.002123206854,0.014825581395348838,1.0,0.981465392412395
YPR143W,-1,-61.54440492391586,-7319.595332205296,0.014821272885789015,1.0,0.9817549956559514
YGR244C,-1,-61.585677087306976,-7324.517060190439,0.014816966879721092,1.0,0.9820445988995077
YMR246W,-1,-61.65054827928543,-7205.403186798096,0.014812663374963694,1.0,0.982334202143064
YGL187C,-1,-61.65188932418823,-7299.189798295498,0.014808362369337979,1.0,0.9826238053866203
YOR112W,0,-61.65597939491272,-7380.488481462002,0.014808362369337979,1.0,0.9826238053866203
YPL252C,-1,-61.802795112133026,-7463.717337489128,0.014804063860667634,1.0,0.9829134086301766
YOL038C-A,0,-61.87703263759613,-7408.851662874222,0.014804063860667634,1.0,0.9829134086301766
YLR199C,0,-62.19573712348938,-7674.754741966724,0.014804063860667634,1.0,0.9829134086301766
YDL120W,-1,-62.24254411458969,-7032.189762800932,0.014799767846778875,1.0,0.9832030118737329
YPR003C,-1,-62.33647158741951,-7324.844788312912,0.014795474325500435,1.0,0.9834926151172894
YML117W,0,-62.41370344161987,-7651.299796521664,0.014795474325500435,1.0,0.9834926151172894
YKL142W,0,-62.49554800987244,-7694.184018313885,0.014795474325500435,1.0,0.9834926151172894
YAL037C-A,0,-62.58230650424957,-7472.42083966732,0.014795474325500435,1.0,0.9834926151172894
YOR158W,-1,-62.61391043663025,-7013.9044134020805,0.014791183294663572,1.0,0.9837822183608457
YKL009W,-1,-62.68435502052307,-7550.892668277025,0.014786894752102058,1.0,0.984071821604402
YER188C-A,0,-62.68742275238037,-7530.021488189697,0.014786894752102058,1.0,0.984071821604402
YGR090W,-1,-62.69347280263901,-7485.977841377258,0.014782608695652174,1.0,0.9843614248479583
YER154W,-1,-62.732964754104614,-7155.209890067577,0.014778325123152709,1.0,0.9846510280915146
YGR174C,-1,-62.74577343463898,-7105.1178467571735,0.01477404403244496,1.0,0.9849406313350709
YGL164C,0,-62.85956484079361,-7602.921617746353,0.01477404403244496,1.0,0.9849406313350709
YNR044W,-1,-62.87044143676758,-7423.647644221783,0.014769765421372719,1.0,0.9852302345786272
YMR093W,-1,-62.908824145793915,-7550.989539891481,0.014765489287782282,1.0,0.9855198378221836
YOR164C,0,-62.92584931850433,-7786.561759114265,0.014765489287782282,1.0,0.9855198378221836
YIL030C,-1,-63.02940618991852,-7526.824786931276,0.014761215629522432,1.0,0.98580944106574
YML100W-A,0,-63.03618121147156,-7632.562141180038,0.014761215629522432,1.0,0.98580944106574
YIL071W,0,-63.08336937427521,-7341.227024197578,0.014761215629522432,1.0,0.98580944106574
YJL050W,-1,-63.13111770153046,-7491.937972784042,0.014756944444444444,1.0,0.9860990443092963
YKR085C,-1,-63.22879958152771,-7200.747221678495,0.014752675730402082,1.0,0.9863886475528526
YMR255W,0,-63.28668451309204,-7563.36104786396,0.014752675730402082,1.0,0.9863886475528526
YHR066W,-1,-63.349050998687744,-7507.434108942747,0.014748409485251591,1.0,0.9866782507964089
YLR210W,-1,-63.40212678909302,-7144.3971438109875,0.014744145706851692,1.0,0.9869678540399652
YMR299C,0,-63.45214104652405,-7882.392438471317,0.014744145706851692,1.0,0.9869678540399652
YIL161W,0,-63.55209231376648,-7759.509994328022,0.014744145706851692,1.0,0.9869678540399652
YER047C,0,-63.55422765016556,-7751.242963016033,0.014744145706851692,1.0,0.9869678540399652
YMR140W,0,-63.57127755880356,-7750.27269589901,0.014744145706851692,1.0,0.9869678540399652
YOR161C-C,0,-63.61914110183716,-7615.585420131683,0.014744145706851692,1.0,0.9869678540399652
YCR011C,0,-63.62835991382599,-7506.2440004348755,0.014744145706851692,1.0,0.9869678540399652
YBR140C,0,-63.63538706302643,-8147.025912940502,0.014744145706851692,1.0,0.9869678540399652
YOR044W,0,-63.84064584970474,-7674.421706199646,0.014744145706851692,1.0,0.9869678540399652
YOR176W,0,-63.89541846513748,-7453.113904982805,0.014744145706851692,1.0,0.9869678540399652
YBR233W,0,-63.911853194236755,-7710.702204108238,0.014744145706851692,1.0,0.9869678540399652
YOR045W,-1,-64.0255234837532,-7416.968575626612,0.014739884393063583,1.0,0.9872574572835215
YHL029C,0,-64.02916288375854,-7896.337741672993,0.014739884393063583,1.0,0.9872574572835215
YIL116W,0,-64.14871019124985,-7877.811790049076,0.014739884393063583,1.0,0.9872574572835215
YOL159C-A,0,-64.17018365859985,-7649.215899825096,0.014739884393063583,1.0,0.9872574572835215
YAL049C,0,-64.17783242464066,-7712.78879648447,0.014739884393063583,1.0,0.9872574572835215
YAL007C,0,-64.47171187400818,-7676.907123029232,0.014739884393063583,1.0,0.9872574572835215
YDR497C,0,-64.55456978082657,-7512.976006299257,0.014739884393063583,1.0,0.9872574572835215
YJL017W,0,-64.58685779571533,-7681.03316962719,0.014739884393063583,1.0,0.9872574572835215
YIL001W,0,-64.6147381067276,-7878.756375074387,0.014739884393063583,1.0,0.9872574572835215
YJL136W-A,0,-64.66622495651245,-7620.19530069828,0.014739884393063583,1.0,0.9872574572835215
YNR034W,0,-64.84591406583786,-8128.450116634369,0.014739884393063583,1.0,0.9872574572835215
YHR101C,0,-64.90841066837311,-7611.734522879124,0.014739884393063583,1.0,0.9872574572835215
YNL190W,-1,-64.93857935070992,-7576.043047696352,0.01473562554175094,1.0,0.9875470605270779
YBR068C,-1,-64.95571118593216,-7329.060662448406,0.014731369150779897,1.0,0.9878366637706343
YOR385W,0,-65.03435111045837,-7666.0650008916855,0.014731369150779897,1.0,0.9878366637706343
YIL045W,0,-65.06655222177505,-7962.023783922195,0.014731369150779897,1.0,0.9878366637706343
YJR148W,0,-65.25270396471024,-8292.833757638931,0.014731369150779897,1.0,0.9878366637706343
YLR195C,0,-65.25328010320663,-8188.246506392956,0.014731369150779897,1.0,0.9878366637706343
YCR073W-A,0,-65.25767707824707,-7957.652076601982,0.014731369150779897,1.0,0.9878366637706343
YNL323W,-1,-65.26798069477081,-7525.785556763411,0.014727115218019058,1.0,0.9881262670141906
YLR264C-A,0,-65.33224391937256,-7663.475152730942,0.014727115218019058,1.0,0.9881262670141906
YKR074W,0,-65.33907783031464,-7881.295164823532,0.014727115218019058,1.0,0.9881262670141906
YJR131W,-1,-65.36112654209137,-7660.203224390745,0.014722863741339492,1.0,0.9884158702577469
YJL205C-A,0,-65.36618280410767,-7480.201153635979,0.014722863741339492,1.0,0.9884158702577469
YJL206C-A,0,-65.36618280410767,-7480.201150298119,0.014722863741339492,1.0,0.9884158702577469
YGL226C-A,-1,-65.54406315088272,-7794.475592076778,0.01471861471861472,1.0,0.9887054735013032
YER136W,0,-65.62391763925552,-8025.4809166789055,0.01471861471861472,1.0,0.9887054735013032
YMR132C,0,-65.64236581325531,-8274.925290584564,0.01471861471861472,1.0,0.9887054735013032
YDL095W,-1,-65.74423116445541,-7825.729804843664,0.014714368147720716,1.0,0.9889950767448595
YKL215C,0,-65.83598411083221,-7777.249518275261,0.014714368147720716,1.0,0.9889950767448595
YLL061W,-1,-65.8437117934227,-7546.861308395863,0.01471012402653591,1.0,0.9892846799884158
YPL076W,-1,-65.8502054810524,-7701.221021026373,0.014705882352941176,1.0,0.9895742832319722
YPL229W,0,-65.94848585128784,-7689.323479652405,0.014705882352941176,1.0,0.9895742832319722
YML067C,0,-66.04280841350555,-7762.66117733717,0.014705882352941176,1.0,0.9895742832319722
YMR239C,-1,-66.15841269493103,-7791.788235634565,0.014701643124819834,1.0,0.9898638864755285
YLR034C,-1,-66.18515282869339,-7667.248756527901,0.014697406340057636,1.0,0.9901534897190849
YNL219C,-1,-66.22607016563416,-7867.611244887114,0.014693171996542784,1.0,0.9904430929626412
YJL201W,0,-66.30982387065887,-7957.999197304249,0.014693171996542784,1.0,0.9904430929626412
YOL013C,-1,-66.38695156574249,-7718.647441208363,0.0146889400921659,1.0,0.9907326962061975
YLR257W,0,-66.41367387771606,-8026.132640242577,0.0146889400921659,1.0,0.9907326962061975
YDL090C,0,-66.45722723007202,-8054.292048335075,0.0146889400921659,1.0,0.9907326962061975
YIR022W,0,-66.50248563289642,-7768.007319241762,0.0146889400921659,1.0,0.9907326962061975
YER072W,-1,-66.62344193458557,-8024.304845541716,0.01468471062482004,1.0,0.9910222994497538
YOR296W,0,-66.65407145023346,-8037.936333358288,0.01468471062482004,1.0,0.9910222994497538
YLL055W,-1,-66.69777983427048,-7649.597372889519,0.01468048359240069,1.0,0.9913119026933102
YLR412W,0,-66.69836539030075,-8341.764927864075,0.01468048359240069,1.0,0.9913119026933102
YHR181W,0,-66.81469750404358,-7698.5705537498,0.01468048359240069,1.0,0.9913119026933102
YLR023C,-1,-66.83355939388275,-7858.227775663137,0.014676258992805755,1.0,0.9916015059368665
YOR238W,0,-66.8694280385971,-8028.58836042881,0.014676258992805755,1.0,0.9916015059368665
YDL128W,-1,-66.88394099473953,-7744.713125169277,0.014672036823935558,1.0,0.9918911091804228
YIL071C,0,-66.92419475317001,-8124.5664498806,0.014672036823935558,1.0,0.9918911091804228
YBL100W-C,0,-66.92655503749847,-7875.368363618851,0.014672036823935558,1.0,0.9918911091804228
YJL217W,0,-67.01896023750305,-8259.05536955595,0.014672036823935558,1.0,0.9918911091804228
YGR188C,-1,-67.03976631164551,-7499.31797349453,0.014667817083692839,1.0,0.9921807124239791
YNR030W,-1,-67.18868571519852,-7803.551917612553,0.014663599769982749,1.0,0.9924703156675355
YCL012C,0,-67.22162437438965,-7887.224125504494,0.014663599769982749,1.0,0.9924703156675355
YNL156C,-1,-67.32865989208221,-7858.983096331358,0.01465938488071285,1.0,0.9927599189110918
YPL067C,0,-67.37555587291718,-8023.158600687981,0.01465938488071285,1.0,0.9927599189110918
YNL130C-A,0,-67.43779408931732,-7918.526696443558,0.01465938488071285,1.0,0.9927599189110918
YJL070C,0,-67.47863686084747,-7999.677658557892,0.01465938488071285,1.0,0.9927599189110918
YDR302W,-1,-67.53915387392044,-8069.472785055637,0.014655172413793103,1.0,0.9930495221546481
YBR177C,-1,-67.58548104763031,-7925.0959404706955,0.01465096236713588,1.0,0.9933391253982045
YDR384C,0,-67.59465610980988,-7614.692407339811,0.01465096236713588,1.0,0.9933391253982045
YNR029C,0,-67.66275525093079,-8165.632880866528,0.01465096236713588,1.0,0.9933391253982045
YNL097C-B,0,-67.66852009296417,-7919.5567635297775,0.01465096236713588,1.0,0.9933391253982045
YMR251W-A,0,-67.7669939994812,-7910.332210600376,0.01465096236713588,1.0,0.9933391253982045
YGR237C,0,-67.8375723361969,-8021.735337615013,0.01465096236713588,1.0,0.9933391253982045
YBL011W,-1,-68.04908037185669,-7763.021321803331,0.014646754738655945,1.0,0.9936287286417608
YER083C,0,-68.10225462913513,-7888.99029609561,0.014646754738655945,1.0,0.9936287286417608
YLR074C,-1,-68.22880780696869,-8042.292223453522,0.014642549526270457,1.0,0.9939183318853171
YBR265W,-1,-68.31040877103806,-8075.098923921585,0.014638346727898967,1.0,0.9942079351288734
YML079W,0,-68.52305519580841,-8298.536153197289,0.014638346727898967,1.0,0.9942079351288734
YJL068C,0,-68.5824145078659,-8095.482837200165,0.014638346727898967,1.0,0.9942079351288734
YHR110W,0,-68.67793422937393,-7983.523314118385,0.014638346727898967,1.0,0.9942079351288734
YDL212W,-1,-68.6985535621643,-8093.93174290657,0.014634146341463415,1.0,0.9944975383724298
YGR019W,0,-68.70634436607361,-8380.66294759512,0.014634146341463415,1.0,0.9944975383724298
YDR519W,-1,-68.8165420293808,-8053.829541027546,0.014629948364888123,1.0,0.9947871416159861
YDL193W,-1,-68.86119413375854,-7886.841797947884,0.0146257527960998,1.0,0.9950767448595425
YHR175W,-1,-69.03738939762115,-7935.224314719439,0.014621559633027524,1.0,0.9953663481030988
YNL322C,0,-69.08881676197052,-7969.487702935934,0.014621559633027524,1.0,0.9953663481030988
YHR131C,0,-69.09880423545837,-7960.2345306277275,0.014621559633027524,1.0,0.9953663481030988
YDR505C,0,-69.19193542003632,-8887.560572683811,0.014621559633027524,1.0,0.9953663481030988
YNL280C,-1,-69.22225260734558,-8112.920344442129,0.014617368873602751,1.0,0.9956559513466551
YDL173W,0,-69.27447009086609,-8020.437218427658,0.014617368873602751,1.0,0.9956559513466551
YJR154W,0,-69.31209409236908,-8084.267916560173,0.014617368873602751,1.0,0.9956559513466551
YIL016W,-1,-69.33691680431366,-8062.975447624922,0.014613180515759312,1.0,0.9959455545902114
YNR034W-A,0,-69.3708086013794,-8164.385656237602,0.014613180515759312,1.0,0.9959455545902114
YDL219W,0,-69.4021036028862,-8681.761883974075,0.014613180515759312,1.0,0.9959455545902114
YPL211W,-1,-69.42999053001404,-7996.051446348429,0.0146089945574334,1.0,0.9962351578337677
YBR111C,0,-69.62572026252747,-8386.883586585522,0.0146089945574334,1.0,0.9962351578337677
YML125C,0,-69.7337806224823,-8132.71243083477,0.0146089945574334,1.0,0.9962351578337677
YKL018C-A,0,-69.75326335430145,-8386.53853738308,0.0146089945574334,1.0,0.9962351578337677
YMR178W,0,-69.93194329738617,-8372.915553212166,0.0146089945574334,1.0,0.9962351578337677
YCL028W,0,-70.04356169700623,-8516.762570917606,0.0146089945574334,1.0,0.9962351578337677
YER180C-A,0,-70.15749061107635,-8171.450537323952,0.0146089945574334,1.0,0.9962351578337677
YMR272C,-1,-70.18552559614182,-8230.99091053009,0.014604810996563574,1.0,0.996524761077324
YNL149C,0,-70.19032621383667,-8085.088599443436,0.014604810996563574,1.0,0.996524761077324
YHR137W,0,-70.21163868904114,-8581.884362459183,0.014604810996563574,1.0,0.996524761077324
YGR210C,0,-70.28989613056183,-8422.398867726326,0.014604810996563574,1.0,0.996524761077324
YBR011C,0,-70.30510127544403,-8794.27733451128,0.014604810996563574,1.0,0.996524761077324
YHR159W,0,-70.41012012958527,-8221.900430202484,0.014604810996563574,1.0,0.996524761077324
YBR290W,-1,-70.41374123096466,-8317.345345318317,0.014600629831090752,1.0,0.9968143643208804
YOR184W,0,-70.48994600772858,-8624.536832511425,0.014600629831090752,1.0,0.9968143643208804
YBL001C,0,-70.55019915103912,-8420.894689440727,0.014600629831090752,1.0,0.9968143643208804
YLR378C,-1,-70.5577621459961,-8193.440855562687,0.014596451058958215,1.0,0.9971039675644368
YGL036W,0,-70.67549252510071,-8181.616929292679,0.014596451058958215,1.0,0.9971039675644368
YCR048W,-1,-70.82161605358124,-8166.408344656229,0.014592274678111588,1.0,0.9973935708079931
YAL023C,-1,-71.303003013134,-8404.921412050724,0.014588100686498856,1.0,0.9976831740515494
YLL060C,0,-71.3846607208252,-8566.445392906666,0.014588100686498856,1.0,0.9976831740515494
YDR132C,0,-71.50709557533264,-8679.693093895912,0.014588100686498856,1.0,0.9976831740515494
YHR042W,-1,-71.54447382688522,-8307.595294594765,0.014583929082070346,1.0,0.9979727772951057
YGR248W,0,-71.5706188082695,-8479.950129628181,0.014583929082070346,1.0,0.9979727772951057
YGR267C,0,-71.74893116950989,-8579.616618096828,0.014583929082070346,1.0,0.9979727772951057
YBR106W,-1,-71.79408437013626,-8538.73645579815,0.014579759862778732,1.0,0.998262380538662
YNR014W,0,-71.85172057151794,-8428.746671974659,0.014579759862778732,1.0,0.998262380538662
YPR172W,0,-71.93573200702667,-8563.127460718155,0.014579759862778732,1.0,0.998262380538662
YLR146C,0,-72.02497059106827,-8984.90536236763,0.014579759862778732,1.0,0.998262380538662
YLR177W,0,-72.03726470470428,-8430.7095708251,0.014579759862778732,1.0,0.998262380538662
YBR151W,0,-72.27375113964081,-8735.163497626781,0.014579759862778732,1.0,0.998262380538662
YGR232W,0,-72.3729556798935,-8680.40826612711,0.014579759862778732,1.0,0.998262380538662
YLR372W,-1,-72.39136099815369,-8649.376574754715,0.014575593026579023,1.0,0.9985519837822183
YNL277W,0,-72.41339683532715,-8602.235211193562,0.014575593026579023,1.0,0.9985519837822183
YGR175C,-1,-72.50578221678734,-8468.19301044941,0.014571428571428572,1.0,0.9988415870257746
YHR049W,0,-72.60089039802551,-9060.124225139618,0.014571428571428572,1.0,0.9988415870257746
YLR157W-E,0,-72.70281898975372,-8525.718108773232,0.014571428571428572,1.0,0.9988415870257746
YGR157W,-1,-72.71149080991745,-8336.560958117247,0.01456726649528706,1.0,0.9991311902693311
YDR272W,0,-72.84567177295685,-8655.823683261871,0.01456726649528706,1.0,0.9991311902693311
YIL057C,0,-72.87690222263336,-8376.64426779747,0.01456726649528706,1.0,0.9991311902693311
YNL162W-A,0,-73.09515571594238,-8677.086787819862,0.01456726649528706,1.0,0.9991311902693311
YMR222C,0,-73.24255740642548,-8721.249716103077,0.01456726649528706,1.0,0.9991311902693311
YOR302W,0,-73.27580606937408,-8763.188553214073,0.01456726649528706,1.0,0.9991311902693311
YOR289W,0,-73.30333757400513,-8679.205180168152,0.01456726649528706,1.0,0.9991311902693311
YLR454W,0,-73.40858960151672,-9052.331242501736,0.01456726649528706,1.0,0.9991311902693311
YPL260W,0,-73.45162904262543,-8626.850007295609,0.01456726649528706,1.0,0.9991311902693311
YDL238C,0,-73.59369993209839,-8871.936997413635,0.01456726649528706,1.0,0.9991311902693311
YOR175C,-1,-73.70531105995178,-8558.920008778572,0.014563106796116505,1.0,0.9994207935128874
YER079W,0,-73.71753346920013,-8762.101616740227,0.014563106796116505,1.0,0.9994207935128874
YOR160W,0,-73.73285406827927,-9002.847509920597,0.014563106796116505,1.0,0.9994207935128874
YEL066W,0,-73.77266228199005,-8838.35281676054,0.014563106796116505,1.0,0.9994207935128874
YGR117C,0,-73.7896020412445,-8850.54017651081,0.014563106796116505,1.0,0.9994207935128874
YPL071C,0,-73.9164844751358,-8647.357270240784,0.014563106796116505,1.0,0.9994207935128874
YDR035W,0,-73.93633544445038,-8965.085050463676,0.014563106796116505,1.0,0.9994207935128874
YDL085C-A,0,-74.18403112888336,-8855.778114557266,0.014563106796116505,1.0,0.9994207935128874
YBR090C,0,-74.20432531833649,-8966.536803007126,0.014563106796116505,1.0,0.9994207935128874
YBR085C-A,0,-74.31228995323181,-8694.2827064991,0.014563106796116505,1.0,0.9994207935128874
YCR090C,0,-74.34998142719269,-9064.999659895897,0.014563106796116505,1.0,0.9994207935128874
YDL053C,0,-74.59011197090149,-8724.01053082943,0.014563106796116505,1.0,0.9994207935128874
YBR197C,0,-74.75276970863342,-8935.700582146645,0.014563106796116505,1.0,0.9994207935128874
YDR233C,0,-74.96723449230194,-8518.660996615887,0.014563106796116505,1.0,0.9994207935128874
YBR138C,0,-75.10769712924957,-8763.275494337082,0.014563106796116505,1.0,0.9994207935128874
YLR438W,0,-75.15786647796631,-9105.279556572437,0.014563106796116505,1.0,0.9994207935128874
YKR041W,0,-75.3628271818161,-8902.560623526573,0.014563106796116505,1.0,0.9994207935128874
YBR256C,0,-75.4054104089737,-9297.246650874615,0.014563106796116505,1.0,0.9994207935128874
YGL202W,0,-75.5081558227539,-9206.29485654831,0.014563106796116505,1.0,0.9994207935128874
YGR111W,0,-75.6058418750763,-8823.596684217453,0.014563106796116505,1.0,0.9994207935128874
YLR231C,0,-75.61737632751465,-8857.120567917824,0.014563106796116505,1.0,0.9994207935128874
YJR008W,0,-75.65086627006531,-8950.9475107193,0.014563106796116505,1.0,0.9994207935128874
YFL010C,0,-75.65671372413635,-9068.032023966312,0.014563106796116505,1.0,0.9994207935128874
YER034W,0,-75.66803967952728,-8908.271623253822,0.014563106796116505,1.0,0.9994207935128874
YBR259W,0,-75.8491815328598,-9312.392327904701,0.014563106796116505,1.0,0.9994207935128874
YDL203C,0,-75.85960555076599,-9337.031856358051,0.014563106796116505,1.0,0.9994207935128874
YBL029W,0,-75.8605169057846,-9186.989905834198,0.014563106796116505,1.0,0.9994207935128874
YML108W,0,-76.11908304691315,-9149.628390669823,0.014563106796116505,1.0,0.9994207935128874
YFR017C,0,-76.19543027877808,-8802.381868720055,0.014563106796116505,1.0,0.9994207935128874
YOR370C,0,-76.26140928268433,-9448.744684517384,0.014563106796116505,1.0,0.9994207935128874
YGR126W,0,-76.36926543712616,-9142.277386307716,0.014563106796116505,1.0,0.9994207935128874
YLR254C,0,-76.39804482460022,-8916.665233433247,0.014563106796116505,1.0,0.9994207935128874
YCR061W,0,-76.4635244011879,-9644.533415436745,0.014563106796116505,1.0,0.9994207935128874
YLR420W,0,-76.53306019306183,-9352.02248197794,0.014563106796116505,1.0,0.9994207935128874
YDR391C,0,-76.59283792972565,-9066.839076399803,0.014563106796116505,1.0,0.9994207935128874
YPL247C,0,-76.60228157043457,-9029.599664092064,0.014563106796116505,1.0,0.9994207935128874
YJR011C,0,-76.71286106109619,-9152.472841024399,0.014563106796116505,1.0,0.9994207935128874
YML053C,0,-76.753054022789,-8992.890246629715,0.014563106796116505,1.0,0.9994207935128874
YEL025C,0,-76.76709187030792,-9407.074837744236,0.014563106796116505,1.0,0.9994207935128874
YER152C,0,-76.8138599395752,-9014.324177503586,0.014563106796116505,1.0,0.9994207935128874
YIL092W,0,-76.98831605911255,-9105.000941872597,0.014563106796116505,1.0,0.9994207935128874
YLR094C,0,-77.02331614494324,-9093.167490065098,0.014563106796116505,1.0,0.9994207935128874
YNL042W,0,-77.09314155578613,-9096.460843265057,0.014563106796116505,1.0,0.9994207935128874
YDR335W,0,-77.10538077354431,-9071.223815023899,0.014563106796116505,1.0,0.9994207935128874
YCR082W,0,-77.291090965271,-8919.040514171124,0.014563106796116505,1.0,0.9994207935128874
YLR082C,0,-77.35977911949158,-9007.194386601448,0.014563106796116505,1.0,0.9994207935128874
YBR270C,0,-77.68740582466125,-9420.089250802994,0.014563106796116505,1.0,0.9994207935128874
YMR253C,0,-77.69833719730377,-9311.331446647644,0.014563106796116505,1.0,0.9994207935128874
YPR074C,0,-77.76878023147583,-9534.513758778572,0.014563106796116505,1.0,0.9994207935128874
YLR180W,0,-77.87880778312683,-9276.92608577013,0.014563106796116505,1.0,0.9994207935128874
YML020W,0,-77.88225388526917,-9334.460426568985,0.014563106796116505,1.0,0.9994207935128874
YKL121W,0,-78.10577940940857,-9789.530731022358,0.014563106796116505,1.0,0.9994207935128874
YPL125W,0,-78.13035827875137,-9439.02945548296,0.014563106796116505,1.0,0.9994207935128874
YLR326W,0,-78.21905994415283,-9271.890945315361,0.014563106796116505,1.0,0.9994207935128874
YBR249C,0,-78.22390073537827,-10023.204157710075,0.014563106796116505,1.0,0.9994207935128874
YHR144C,0,-78.35074961185455,-9953.176856338978,0.014563106796116505,1.0,0.9994207935128874
YPL245W,0,-78.3946487903595,-9544.934687972069,0.014563106796116505,1.0,0.9994207935128874
YPR069C,0,-78.44986510276794,-9625.674362301826,0.014563106796116505,1.0,0.9994207935128874
YDL125C,0,-78.51955473423004,-9551.52969533205,0.014563106796116505,1.0,0.9994207935128874
YHR068W,0,-78.56793302297592,-9729.662946462631,0.014563106796116505,1.0,0.9994207935128874
YHR212W-A,0,-78.70942944288254,-9421.981700956821,0.014563106796116505,1.0,0.9994207935128874
YBR196C-A,0,-78.70942944288254,-9421.981700956821,0.014563106796116505,1.0,0.9994207935128874
YKL065W-A,0,-78.70942944288254,-9421.981700956821,0.014563106796116505,1.0,0.9994207935128874
YIL156W-B,0,-78.70942944288254,-9421.981700956821,0.014563106796116505,1.0,0.9994207935128874
YGL194C-A,0,-78.70942944288254,-9421.981700956821,0.014563106796116505,1.0,0.9994207935128874
YDR374W-A,0,-78.70942944288254,-9421.981700956821,0.014563106796116505,1.0,0.9994207935128874
YDR119W-A,0,-78.70942944288254,-9421.981700956821,0.014563106796116505,1.0,0.9994207935128874
YOR020W-A,0,-78.70942944288254,-9421.981700956821,0.014563106796116505,1.0,0.9994207935128874
YMR191W,0,-78.82860124111176,-9589.881371617317,0.014563106796116505,1.0,0.9994207935128874
YDR305C,0,-79.11192762851715,-9247.4360755682,0.014563106796116505,1.0,0.9994207935128874
YPR170W-B,0,-79.13366669416428,-9458.572163879871,0.014563106796116505,1.0,0.9994207935128874
YPL263C,0,-79.19826024770737,-9637.924598574638,0.014563106796116505,1.0,0.9994207935128874
YNL067W-B,0,-79.31750905513763,-9028.806783080101,0.014563106796116505,1.0,0.9994207935128874
YOR352W,0,-79.41960179805756,-9522.904967188835,0.014563106796116505,1.0,0.9994207935128874
YBL111C,0,-79.51199197769165,-9480.244044303894,0.014563106796116505,1.0,0.9994207935128874
YLR036C,0,-79.72478532791138,-9540.114384174347,0.014563106796116505,1.0,0.9994207935128874
YNL313C,0,-79.78551113605499,-9714.997695326805,0.014563106796116505,1.0,0.9994207935128874
YPR051W,0,-79.80670380592346,-9581.895052313805,0.014563106796116505,1.0,0.9994207935128874
YKL098W,0,-79.85344290733337,-9801.332715630531,0.014563106796116505,1.0,0.9994207935128874
YHR015W,0,-79.89048612117767,-9215.936269819736,0.014563106796116505,1.0,0.9994207935128874
YKL159C,0,-80.1343504190445,-9983.98721754551,0.014563106796116505,1.0,0.9994207935128874
YBR165W,0,-80.15993785858154,-9879.092375814915,0.014563106796116505,1.0,0.9994207935128874
YGR136W,0,-80.34374135732651,-10030.15079678595,0.014563106796116505,1.0,0.9994207935128874
YOR280C,0,-80.34978437423706,-9603.969855964184,0.014563106796116505,1.0,0.9994207935128874
YOR107W,0,-80.48139464855194,-9744.368147850037,0.014563106796116505,1.0,0.9994207935128874
YOR097C,0,-80.59730112552643,-9692.821707606316,0.014563106796116505,1.0,0.9994207935128874
YLR267W,0,-80.81771123409271,-9700.4394967556,0.014563106796116505,1.0,0.9994207935128874
YPR084W,0,-80.99043130874634,-9726.49730360508,0.014563106796116505,1.0,0.9994207935128874
YGL055W,-1,-81.032535135746,-9109.039525181055,0.014558949471881244,1.0,0.9997103967564437
YBR184W,0,-81.03969419002533,-9844.571088194847,0.014558949471881244,1.0,0.9997103967564437
YCR051W,0,-81.1719741821289,-9825.653850078583,0.014558949471881244,1.0,0.9997103967564437
YML119W,0,-81.22860872745514,-9713.159823536873,0.014558949471881244,1.0,0.9997103967564437
YJL097W,-1,-81.35535037517548,-9238.789222717285,0.014554794520547944,1.0,1.0
YLR387C,0,-81.47528395056725,-9901.434164017439,0.014554794520547944,1.0,1.0
YPL077C,0,-81.48881506919861,-9810.259051799774,0.014554794520547944,1.0,1.0
YPL034W,0,-81.60356330871582,-9766.63658773899,0.014554794520547944,1.0,1.0
YDL169C,0,-81.62110018730164,-10122.367260932922,0.014554794520547944,1.0,1.0
YJL205C,0,-81.64399814605713,-9966.963303089142,0.014554794520547944,1.0,1.0
YFL065C,0,-81.65324401855469,-9776.77628326416,0.014554794520547944,1.0,1.0
YLR245C,0,-81.69054472446442,-9545.855478405952,0.014554794520547944,1.0,1.0
YKL070W,0,-81.7969468832016,-9836.211889147758,0.014554794520547944,1.0,1.0
YOR111W,0,-81.97511982917786,-9855.4015032053,0.014554794520547944,1.0,1.0
YGR130C,0,-81.98751091957092,-9912.510665893555,0.014554794520547944,1.0,1.0
YKR084C,0,-82.0263357013464,-10260.910705819726,0.014554794520547944,1.0,1.0
YOR342C,0,-82.03893387317657,-9754.740881204605,0.014554794520547944,1.0,1.0
YEL023C,0,-82.05299544334412,-9867.868784189224,0.014554794520547944,1.0,1.0
YMR158C-A,0,-82.09098315238953,-9776.825402736664,0.014554794520547944,1.0,1.0
YLR149C,0,-82.19576525688171,-9714.362419366837,0.014554794520547944,1.0,1.0
YEL076C,0,-82.21184873580933,-9747.412217140198,0.014554794520547944,1.0,1.0
YMR194C-B,0,-82.26157459616661,-9847.194370776415,0.014554794520547944,1.0,1.0
YIL102C-A,0,-82.26157459616661,-9847.194370776415,0.014554794520547944,1.0,1.0
YJR112W-A,0,-82.26157459616661,-9847.194370776415,0.014554794520547944,1.0,1.0
YBL039W-A,0,-82.26157459616661,-9847.194370776415,0.014554794520547944,1.0,1.0
YCR075W-A,0,-82.26157459616661,-9847.194370776415,0.014554794520547944,1.0,1.0
YER039C-A,0,-82.27781462669373,-9770.407747745514,0.014554794520547944,1.0,1.0
YCR099C,0,-82.28641712665558,-9912.707132577896,0.014554794520547944,1.0,1.0
YAR029W,0,-82.56659948825836,-9999.750256180763,0.014554794520547944,1.0,1.0
YNL253W,0,-82.57232737541199,-9886.86379814148,0.014554794520547944,1.0,1.0
YNL332W,0,-82.58146572113037,-9976.19489979744,0.014554794520547944,1.0,1.0
YPL277C,0,-82.69066023826599,-9914.54991877079,0.014554794520547944,1.0,1.0
YAL044W-A,0,-82.69928288459778,-9783.098100423813,0.014554794520547944,1.0,1.0
YKL106C-A,0,-82.69928288459778,-9783.098100423813,0.014554794520547944,1.0,1.0
YJL052C-A,0,-82.69928288459778,-9783.098100423813,0.014554794520547944,1.0,1.0
YFR012W-A,0,-82.69928288459778,-9783.098100423813,0.014554794520547944,1.0,1.0
YJR012C,0,-82.7162504196167,-9904.527339339256,0.014554794520547944,1.0,1.0
YNL067W-A,0,-82.82212555408478,-9791.583622932434,0.014554794520547944,1.0,1.0
YMR187C,0,-82.91725850105286,-10052.96377646923,0.014554794520547944,1.0,1.0
YLR351C,0,-82.91949212551117,-10070.679330766201,0.014554794520547944,1.0,1.0
YOL036W,0,-82.94432282447815,-9814.170033097267,0.014554794520547944,1.0,1.0
YDR034C-A,0,-83.0237203836441,-9808.265543103218,0.014554794520547944,1.0,1.0
YLR159W,0,-83.08489334583282,-9897.859406232834,0.014554794520547944,1.0,1.0
YER189W,0,-83.10203528404236,-10002.742426156998,0.014554794520547944,1.0,1.0
YBR284W,0,-83.11433923244476,-9944.779019236565,0.014554794520547944,1.0,1.0
YCL058W-A,0,-83.18848457932472,-9722.81891271472,0.014554794520547944,1.0,1.0
YPR203W,0,-83.1912282705307,-9880.392076253891,0.014554794520547944,1.0,1.0
YIL055C,0,-83.19210386276245,-9669.879206895828,0.014554794520547944,1.0,1.0
YOR032W-A,0,-83.25656008720398,-9966.30000090599,0.014554794520547944,1.0,1.0
YGL041C-B,0,-83.25656020641327,-9966.30000090599,0.014554794520547944,1.0,1.0
YDL160C-A,0,-83.25656020641327,-9966.30000090599,0.014554794520547944,1.0,1.0
YMR247W-A,0,-83.25656026601791,-9966.30000090599,0.014554794520547944,1.0,1.0
YFL068W,0,-83.27682363986969,-9912.679764866829,0.014554794520547944,1.0,1.0
YNL269W,0,-83.28450834751129,-10144.287551641464,0.014554794520547944,1.0,1.0
YLR456W,0,-83.31911301612854,-9997.999889612198,0.014554794520547944,1.0,1.0
YLR049C,0,-83.32729959487915,-10071.207764267921,0.014554794520547944,1.0,1.0
YJR142W,0,-83.3314757347107,-9922.000086426735,0.014554794520547944,1.0,1.0
YEL076C-A,0,-83.33819317817688,-9863.82017481327,0.014554794520547944,1.0,1.0
YPL257W,0,-83.34162628650665,-9884.09021639824,0.014554794520547944,1.0,1.0
YBR225W,0,-83.34985303878784,-9788.757660269737,0.014554794520547944,1.0,1.0
YOR114W,0,-83.38212883472443,-10045.61523425579,0.014554794520547944,1.0,1.0
YGL110C,0,-83.44239448010921,-10314.298959359527,0.014554794520547944,1.0,1.0
YGL159W,0,-83.55262064933777,-9997.860171437263,0.014554794520547944,1.0,1.0
YDR286C,0,-83.65131056308746,-9993.569493293762,0.014554794520547944,1.0,1.0
YLR156W,0,-83.65896797180176,-10029.360813498497,0.014554794520547944,1.0,1.0
YHR078W,0,-83.7289707660675,-9932.801470041275,0.014554794520547944,1.0,1.0
YKR005C,0,-83.73888385295868,-9936.370667219162,0.014554794520547944,1.0,1.0
YHR163W,0,-83.79790246486664,-10088.572173953056,0.014554794520547944,1.0,1.0
YDL057W,0,-83.83575546741486,-9836.946318507195,0.014554794520547944,1.0,1.0
YDR336W,0,-83.8403891324997,-10059.515701413155,0.014554794520547944,1.0,1.0
YPR062W,0,-83.88056361675262,-10054.825264632702,0.014554794520547944,1.0,1.0
YBR157C,0,-83.94287836551666,-10027.076129555702,0.014554794520547944,1.0,1.0
YNL011C,0,-83.9899138212204,-10091.363947153091,0.014554794520547944,1.0,1.0
YFR035C,0,-84.00672435760498,-10185.15052807331,0.014554794520547944,1.0,1.0
YNR068C,0,-84.08467245101929,-9944.672609686852,0.014554794520547944,1.0,1.0
YLR161W,0,-84.09916758537292,-9932.397630572319,0.014554794520547944,1.0,1.0
YNL165W,0,-84.10052990913391,-10028.812439203262,0.014554794520547944,1.0,1.0
YJL127C-A,0,-84.1184543967247,-10069.473805725574,0.014554794520547944,1.0,1.0
YMR147W,0,-84.13180673122406,-10027.696322321892,0.014554794520547944,1.0,1.0
YKL050C,0,-84.13356637954712,-10005.738122463226,0.014554794520547944,1.0,1.0
YEL075C,0,-84.15456962585449,-9966.943011403084,0.014554794520547944,1.0,1.0
YBR117C,0,-84.17774534225464,-9668.370673418045,0.014554794520547944,1.0,1.0
YBR063C,0,-84.18580663204193,-10170.497842788696,0.014554794520547944,1.0,1.0
YKR015C,0,-84.19130444526672,-9991.154809236526,0.014554794520547944,1.0,1.0
YFL064C,0,-84.19848334789276,-10085.861130714417,0.014554794520547944,1.0,1.0
YHR054C,0,-84.20935618877411,-9953.91160082817,0.014554794520547944,1.0,1.0
YHR213W,0,-84.2157369852066,-10016.504453778267,0.014554794520547944,1.0,1.0
YJR039W,0,-84.23657250404358,-9972.806045532227,0.014554794520547944,1.0,1.0
YHR022C,0,-84.25377690792084,-10023.796679496765,0.014554794520547944,1.0,1.0
YAL037W,0,-84.27082109451294,-10144.818511605263,0.014554794520547944,1.0,1.0
YKL204W,0,-84.3377929776907,-10234.590859755874,0.014554794520547944,1.0,1.0
YAR061W,0,-84.34937405586243,-10084.037649869919,0.014554794520547944,1.0,1.0
YPR078C,0,-84.37477219104767,-10123.757445216179,0.014554794520547944,1.0,1.0
YJL088W,0,-84.39178144931793,-9812.033563613892,0.014554794520547944,1.0,1.0
YHR219W,0,-84.39882564544678,-10122.252565145493,0.014554794520547944,1.0,1.0
YIR042C,0,-84.40045404434204,-10114.782120108604,0.014554794520547944,1.0,1.0
YHL049C,0,-84.45782744884491,-10030.73059976101,0.014554794520547944,1.0,1.0
YDL159W-A,0,-84.4598525762558,-10006.832635879517,0.014554794520547944,1.0,1.0
YPR202W,0,-84.49834072589874,-10009.239807605743,0.014554794520547944,1.0,1.0
YOR387C,0,-84.52767741680145,-9976.816877961159,0.014554794520547944,1.0,1.0
YJL126W,0,-84.54579293727875,-10186.612212896347,0.014554794520547944,1.0,1.0
YFL067W,0,-84.60783171653748,-10063.534905076027,0.014554794520547944,1.0,1.0
YLR125W,0,-84.68077862262726,-10149.110004425049,0.014554794520547944,1.0,1.0
YGR196C,0,-84.69004940986633,-10141.309842348099,0.014554794520547944,1.0,1.0
YPL039W,0,-84.7995685338974,-10125.921825051308,0.014554794520547944,1.0,1.0
YER093C-A,0,-84.83337616920471,-10054.444372534752,0.014554794520547944,1.0,1.0
YGL081W,0,-84.84184122085571,-10075.41064798832,0.014554794520547944,1.0,1.0
YER186C,0,-84.87520110607147,-10238.536804676056,0.014554794520547944,1.0,1.0
YOL131W,0,-84.88471913337708,-10009.4170627594,0.014554794520547944,1.0,1.0
YIR043C,0,-84.89473676681519,-10132.406480193138,0.014554794520547944,1.0,1.0
YEL073C,0,-84.92793083190918,-9912.62602174282,0.014554794520547944,1.0,1.0
YBL086C,0,-84.93792033195496,-10216.291614890099,0.014554794520547944,1.0,1.0
YLR030W,0,-84.97886836528778,-10127.420097708702,0.014554794520547944,1.0,1.0
YOR008C-A,0,-84.98427033424377,-10066.864069342613,0.014554794520547944,1.0,1.0
YGR119C,0,-85.00997769832611,-10394.823698580265,0.014554794520547944,1.0,1.0
YCR019W,0,-85.02650988101959,-10300.128103017807,0.014554794520547944,1.0,1.0
YLR162W,0,-85.08443975448608,-10183.20552098751,0.014554794520547944,1.0,1.0
YMR185W,0,-85.08790111541748,-10360.495642781258,0.014554794520547944,1.0,1.0
YLL058W,0,-85.11134696006775,-9938.510444879532,0.014554794520547944,1.0,1.0
YFR057W,0,-85.15754473209381,-10056.249746084213,0.014554794520547944,1.0,1.0
YCR050C,0,-85.21495544910431,-10136.729495763779,0.014554794520547944,1.0,1.0
YEL057C,0,-85.23236382007599,-10113.912835001945,0.014554794520547944,1.0,1.0
YEL067C,0,-85.28517496585846,-10211.409870266914,0.014554794520547944,1.0,1.0
YGL262W,0,-85.38307511806488,-10219.456966638565,0.014554794520547944,1.0,1.0
YLR031W,0,-85.4023654460907,-10194.664741277695,0.014554794520547944,1.0,1.0
YAR064W,0,-85.42552328109741,-10197.269220471382,0.014554794520547944,1.0,1.0
YBR053C,0,-85.46549844741821,-10121.87298321724,0.014554794520547944,1.0,1.0
YIL024C,0,-85.49850654602051,-10155.141066789627,0.014554794520547944,1.0,1.0
YGL197W,0,-85.51227974891663,-10917.363463789225,0.014554794520547944,1.0,1.0
YIL174W,0,-85.51779055595398,-10090.713696479797,0.014554794520547944,1.0,1.0
YNL018C,0,-85.5813341140747,-10069.980889201164,0.014554794520547944,1.0,1.0
YGR169C-C,0,-85.61835551261902,-10249.020792245865,0.014554794520547944,1.0,1.0
YMR272W-B,0,-85.61835551261902,-10249.020792245865,0.014554794520547944,1.0,1.0
YLR406C-A,0,-85.61835551261902,-10249.020792245865,0.014554794520547944,1.0,1.0
YGL242C,0,-85.63511288166046,-10189.539205789566,0.014554794520547944,1.0,1.0
YIL060W,0,-85.63574934005737,-10109.421808123589,0.014554794520547944,1.0,1.0
YPL278C,0,-85.6412707567215,-10054.915169596672,0.014554794520547944,1.0,1.0
YDL218W,0,-85.65062141418457,-10123.16473352909,0.014554794520547944,1.0,1.0
YML083C,0,-85.69889199733734,-10219.255376696587,0.014554794520547944,1.0,1.0
YAL065C,0,-85.72105515003204,-10137.320876598358,0.014554794520547944,1.0,1.0
YIL102C,0,-85.79232609272003,-10117.889268040657,0.014554794520547944,1.0,1.0
YGL193C,0,-85.83240354061127,-10036.155668735504,0.014554794520547944,1.0,1.0
YLR462W,0,-85.86040270328522,-10250.81282877922,0.014554794520547944,1.0,1.0
YNL193W,0,-85.90749895572662,-10196.953691363335,0.014554794520547944,1.0,1.0
YAR062W,0,-85.91337215900421,-10271.768465280533,0.014554794520547944,1.0,1.0
YGL235W,0,-85.92021667957306,-10140.545337796211,0.014554794520547944,1.0,1.0
YDR249C,0,-85.99689090251923,-10126.959734916687,0.014554794520547944,1.0,1.0
YHL010C,0,-86.15015947818756,-10228.295998215675,0.014554794520547944,1.0,1.0
YDL224C,0,-86.18218205869198,-10248.508031770587,0.014554794520547944,1.0,1.0
YMR317W,0,-86.18784964084625,-10271.73354935646,0.014554794520547944,1.0,1.0
YGL117W,0,-86.2359846830368,-10234.539373278618,0.014554794520547944,1.0,1.0
YBL044W,0,-86.2685524225235,-10145.261549592018,0.014554794520547944,1.0,1.0
YLR415C,0,-86.27315354347229,-10158.187836885452,0.014554794520547944,1.0,1.0
YOR186W,0,-86.27665519714355,-10343.430639386177,0.014554794520547944,1.0,1.0
YGL248W,0,-86.32173681259155,-10716.578051030636,0.014554794520547944,1.0,1.0
YGL176C,0,-86.33433151245117,-10293.23150920868,0.014554794520547944,1.0,1.0
YDR042C,0,-86.4063413143158,-10436.414261460304,0.014554794520547944,1.0,1.0
YIR044C,0,-86.42152953147888,-10361.926912546158,0.014554794520547944,1.0,1.0
YAL064W,0,-86.43421030044556,-10269.564810156822,0.014554794520547944,1.0,1.0
YGL260W,0,-86.47972464561462,-10245.772307991982,0.014554794520547944,1.0,1.0
YOL024W,0,-86.58979225158691,-10262.274315834045,0.014554794520547944,1.0,1.0
YGL138C,0,-86.5907427072525,-10110.957436203957,0.014554794520547944,1.0,1.0
YIL152W,0,-86.63663351535797,-10196.802653431892,0.014554794520547944,1.0,1.0
YMR181C,0,-86.64995765686035,-10258.713596224785,0.014554794520547944,1.0,1.0
YJL027C,0,-86.75035309791565,-10301.618822455406,0.014554794520547944,1.0,1.0
YDL118W,0,-86.7560396194458,-10205.49965107441,0.014554794520547944,1.0,1.0
YGR273C,0,-86.75989699363708,-10265.155380129814,0.014554794520547944,1.0,1.0
YER187W,0,-86.81616115570068,-10246.25695157051,0.014554794520547944,1.0,1.0
YER085C,0,-86.83374989032745,-10243.762871146202,0.014554794520547944,1.0,1.0
YBL103C-A,0,-86.86059892177582,-10347.354818999767,0.014554794520547944,1.0,1.0
YKR011C,0,-86.91149091720581,-10683.391400933266,0.014554794520547944,1.0,1.0
YDL086W,0,-86.92171132564545,-10200.150176286697,0.014554794520547944,1.0,1.0
YFL058W,0,-86.9492416381836,-10327.493645310402,0.014554794520547944,1.0,1.0
YDR114C,0,-87.00210952758789,-10277.675110459328,0.014554794520547944,1.0,1.0
YLR012C,0,-87.04625225067139,-10155.295495390892,0.014554794520547944,1.0,1.0
YDR428C,0,-87.06263744831085,-10540.201511025429,0.014554794520547944,1.0,1.0
YDR357C,0,-87.07347738742828,-10125.698721170425,0.014554794520547944,1.0,1.0
YAR068W,0,-87.10208237171173,-10354.903413295746,0.014554794520547944,1.0,1.0
YBR252W,0,-87.14144110679626,-10473.190461456776,0.014554794520547944,1.0,1.0
YAL046C,0,-87.15806305408478,-10382.187362074852,0.014554794520547944,1.0,1.0
YLR464W,0,-87.2096437215805,-10398.019273996353,0.014554794520547944,1.0,1.0
YJR156C,0,-87.22907423973083,-10410.979264140129,0.014554794520547944,1.0,1.0
YGR153W,0,-87.25984990596771,-10480.42625272274,0.014554794520547944,1.0,1.0
YGL252C,0,-87.30354309082031,-10518.325819924474,0.014554794520547944,1.0,1.0
YBL049W,0,-87.30871212482452,-10707.338953852654,0.014554794520547944,1.0,1.0
YOL014W,0,-87.59670054912567,-10297.361537456512,0.014554794520547944,1.0,1.0
YJR030C,0,-87.75525391101837,-10572.735565662384,0.014554794520547944,1.0,1.0
YDR124W,0,-87.77235341072083,-10329.458757519722,0.014554794520547944,1.0,1.0
YOR163W,0,-87.88319078087807,-10798.405556946993,0.014554794520547944,1.0,1.0
YDL234C,0,-87.92343571782112,-10887.438209459186,0.014554794520547944,1.0,1.0
YGL154C,0,-87.92631816864014,-10345.525267958641,0.014554794520547944,1.0,1.0
YNR064C,0,-87.95716297626495,-10205.461841702461,0.014554794520547944,1.0,1.0
YBR285W,0,-87.98294878005981,-10362.262015342712,0.014554794520547944,1.0,1.0
YBL081W,0,-88.02050733566284,-10481.917227387428,0.014554794520547944,1.0,1.0
YNL034W,0,-88.09874224662781,-10364.015478253365,0.014554794520547944,1.0,1.0
YIL175W,0,-88.16719889640808,-10407.78661954403,0.014554794520547944,1.0,1.0
YLR152C,0,-88.19062280654907,-10479.78268635273,0.014554794520547944,1.0,1.0
YNL195C,0,-88.23543763160706,-10381.503158926964,0.014554794520547944,1.0,1.0
YCL002C,0,-88.24136412143707,-10551.53593325615,0.014554794520547944,1.0,1.0
YJR115W,0,-88.24930930137634,-10373.9477622509,0.014554794520547944,1.0,1.0
YOR052C,0,-88.28221547603607,-10512.661034464836,0.014554794520547944,1.0,1.0
YGL221C,0,-88.29866778850555,-10652.00527048111,0.014554794520547944,1.0,1.0
YHR053C,0,-88.60174402594566,-10938.21469374001,0.014554794520547944,1.0,1.0
YLR437C,0,-88.61727333068848,-10621.294448077679,0.014554794520547944,1.0,1.0
YJL039C,0,-88.70007038116455,-10644.413902699947,0.014554794520547944,1.0,1.0
YPL052W-A,0,-88.7381442785263,-10241.944988548756,0.014554794520547944,1.0,1.0
YER121W,0,-88.75697457790375,-10312.586733698845,0.014554794520547944,1.0,1.0
YOR268C,0,-88.774218916893,-10360.870424032211,0.014554794520547944,1.0,1.0
YLR436C,0,-88.87910771369934,-10672.72836959362,0.014554794520547944,1.0,1.0
YER024W,0,-88.88191163539886,-11263.085597366095,0.014554794520547944,1.0,1.0
YDR066C,0,-88.92090624570847,-11051.762269198895,0.014554794520547944,1.0,1.0
YHR218W,0,-88.92951083183289,-10445.989200592041,0.014554794520547944,1.0,1.0
YOR031W,0,-89.0241174697876,-10716.094734072685,0.014554794520547944,1.0,1.0
YGL146C,0,-89.06773519515991,-10402.78312087059,0.014554794520547944,1.0,1.0
YDL186W,0,-89.08428049087524,-10395.98000240326,0.014554794520547944,1.0,1.0
YNL144C,0,-89.23193502426147,-10475.554906487465,0.014554794520547944,1.0,1.0
YPR147C,0,-89.26955279707909,-10869.913675010204,0.014554794520547944,1.0,1.0
YKR021W,0,-89.29087795317173,-10614.56005603075,0.014554794520547944,1.0,1.0
YJR079W,0,-89.30199348926544,-10432.1640625,0.014554794520547944,1.0,1.0
YLR273C,0,-89.33715558052063,-11211.369462609291,0.014554794520547944,1.0,1.0
YOR012W,0,-89.37147963047028,-10548.297518253326,0.014554794520547944,1.0,1.0
YMR124W,0,-89.51522892713547,-10684.550713688135,0.014554794520547944,1.0,1.0
YJR069C,0,-89.73097693920135,-10754.675813317299,0.014554794520547944,1.0,1.0
YCL049C,0,-89.76533377170563,-10480.78885602951,0.014554794520547944,1.0,1.0
YPL272C,0,-89.84805476665497,-10564.489580750465,0.014554794520547944,1.0,1.0
YNL234W,0,-89.92141565680504,-10954.95350843668,0.014554794520547944,1.0,1.0
YLL063C,0,-89.97248423099518,-10725.61170566082,0.014554794520547944,1.0,1.0
YHR192W,0,-89.97626554965973,-10958.639743894339,0.014554794520547944,1.0,1.0
YGR079W,0,-90.0066385269165,-10769.438187479973,0.014554794520547944,1.0,1.0
YIR016W,0,-90.11643207073212,-10504.9259390831,0.014554794520547944,1.0,1.0
YOL015W,0,-90.18229675292969,-10661.312312483788,0.014554794520547944,1.0,1.0
YLR211C,0,-90.35084471106529,-10818.880260199308,0.014554794520547944,1.0,1.0
YDR366C,0,-90.42880475521088,-10468.611454844475,0.014554794520547944,1.0,1.0
YMR120C,0,-90.53441314399242,-11438.15221092105,0.014554794520547944,1.0,1.0
YJL084C,0,-90.86613875627518,-11123.044898495078,0.014554794520547944,1.0,1.0
YGR146C,0,-90.95921325683594,-10545.302745103836,0.014554794520547944,1.0,1.0
YEL035C,0,-90.97972846031189,-10708.038173913956,0.014554794520547944,1.0,1.0
YLL046C,0,-90.99063277244568,-11126.120572209358,0.014554794520547944,1.0,1.0
YFL012W,0,-91.00148332118988,-10617.433992743492,0.014554794520547944,1.0,1.0
YBL107C,0,-91.13040018081665,-11162.819424003363,0.014554794520547944,1.0,1.0
YBR071W,0,-91.29662653803825,-10734.157647371292,0.014554794520547944,1.0,1.0
YCL042W,0,-91.38621938228607,-10806.59224319458,0.014554794520547944,1.0,1.0
YER132C,0,-91.3974683880806,-11770.589537024498,0.014554794520547944,1.0,1.0
YMR206W,0,-91.39970290660858,-10583.532556056976,0.014554794520547944,1.0,1.0
YOR281C,0,-91.57819885015488,-11562.888488098979,0.014554794520547944,1.0,1.0
YDR152W,0,-91.62516385316849,-11920.456051036716,0.014554794520547944,1.0,1.0
YBL033C,0,-91.86991268396378,-11178.074971616268,0.014554794520547944,1.0,1.0
YHL030W,0,-92.01715219020844,-11526.295807749033,0.014554794520547944,1.0,1.0
YOL081W,0,-92.11618077754974,-11698.977918758988,0.014554794520547944,1.0,1.0
YOL013W-A,0,-92.21313464641571,-11040.85937011242,0.014554794520547944,1.0,1.0
YHR055C,0,-92.24011546373367,-11314.33792206645,0.014554794520547944,1.0,1.0
YDL037C,0,-92.33874118328094,-11204.73798263073,0.014554794520547944,1.0,1.0
YAR023C,0,-92.4409157037735,-11026.195219397545,0.014554794520547944,1.0,1.0
YDR049W,0,-92.44878137111664,-11545.619058936834,0.014554794520547944,1.0,1.0
YKL047W,0,-92.56987592577934,-11015.753971338272,0.014554794520547944,1.0,1.0
YKR076W,0,-92.62760643661022,-11253.290905505419,0.014554794520547944,1.0,1.0
YKL019W,0,-92.64655613899231,-10826.625934362411,0.014554794520547944,1.0,1.0
YMR251W,0,-92.66760075092316,-11106.127932071686,0.014554794520547944,1.0,1.0
YPL191C,0,-92.8607768714428,-11079.198622137308,0.014554794520547944,1.0,1.0
YNL141W,0,-93.0814597606659,-11258.311882555485,0.014554794520547944,1.0,1.0
YJL077C,0,-93.1458649635315,-10980.62405860424,0.014554794520547944,1.0,1.0
YML017W,0,-93.21534955501556,-11627.96850824356,0.014554794520547944,1.0,1.0
YLR354C,0,-93.26149022579193,-11282.2069003582,0.014554794520547944,1.0,1.0
YPR117W,0,-93.3814172744751,-11009.952316761017,0.014554794520547944,1.0,1.0
YHR199C-A,0,-93.57741272449493,-10889.015853971243,0.014554794520547944,1.0,1.0
YAL064C-A,0,-93.6992152929306,-10986.598018407822,0.014554794520547944,1.0,1.0
YOL087C,0,-93.82845869660378,-11135.252563685179,0.014554794520547944,1.0,1.0
YLR287C,0,-93.85311433672905,-11607.09338286519,0.014554794520547944,1.0,1.0
YPL054W,0,-93.92921543121338,-11166.383817791939,0.014554794520547944,1.0,1.0
YNL237W,0,-93.99703574180603,-11180.080971717834,0.014554794520547944,1.0,1.0
YDL244W,0,-94.09203708171844,-11344.188978552818,0.014554794520547944,1.0,1.0
YLR063W,0,-94.1030820608139,-11585.124308437109,0.014554794520547944,1.0,1.0
YMR126C,0,-94.11451935768127,-11119.365864276886,0.014554794520547944,1.0,1.0
YPL267W,0,-94.11685347557068,-11184.720242381096,0.014554794520547944,1.0,1.0
YNL040W,0,-94.3009774684906,-11134.342807859182,0.014554794520547944,1.0,1.0
YKL151C,0,-94.35712561011314,-11272.558267593384,0.014554794520547944,1.0,1.0
YBL039W-B,0,-94.89707469940186,-11115.887871831656,0.014554794520547944,1.0,1.0
YNL104C,0,-94.96086180210114,-11249.092381954193,0.014554794520547944,1.0,1.0
YJL127C-B,0,-95.10816192626953,-11083.692652314901,0.014554794520547944,1.0,1.0
YPL199C,0,-95.26126310229301,-11950.247251451015,0.014554794520547944,1.0,1.0
YLR271W,0,-95.28312839567661,-11551.172308459878,0.014554794520547944,1.0,1.0
YKR023W,0,-95.34545329213142,-11479.641192287207,0.014554794520547944,1.0,1.0
YLL007C,0,-95.52193501591682,-11553.71891015768,0.014554794520547944,1.0,1.0
YJL218W,0,-95.70608842372894,-11425.134107232094,0.014554794520547944,1.0,1.0
YMR259C,0,-95.72299048304558,-11738.135977506638,0.014554794520547944,1.0,1.0
YFR023W,0,-95.84008777141571,-11363.103887081146,0.014554794520547944,1.0,1.0
YIR029W,0,-96.0399717092514,-11548.617629885674,0.014554794520547944,1.0,1.0
YPL201C,0,-96.06626677513123,-11223.302358269691,0.014554794520547944,1.0,1.0
YDR181C,0,-96.18191775679588,-11623.989761918783,0.014554794520547944,1.0,1.0
YKL023W,0,-96.1829209625721,-11453.023226588964,0.014554794520547944,1.0,1.0
YEL017W,0,-96.40547966957092,-11329.848211169243,0.014554794520547944,1.0,1.0
YLR363W-A,0,-96.44378089904785,-11365.878046393394,0.014554794520547944,1.0,1.0
YDR502C,0,-96.45279252529144,-11019.974012255669,0.014554794520547944,1.0,1.0
YDL131W,0,-96.52397859096527,-11932.384336709976,0.014554794520547944,1.0,1.0
YHR208W,0,-96.75291800498962,-12151.269851148129,0.014554794520547944,1.0,1.0
YMR107W,0,-96.96763610839844,-11550.174021959305,0.014554794520547944,1.0,1.0
YOR023C,0,-97.00332647562027,-11520.317716017365,0.014554794520547944,1.0,1.0
YER107C,0,-97.09394457936287,-11795.55441980064,0.014554794520547944,1.0,1.0
YMR138W,0,-97.12732696533203,-12136.742620453238,0.014554794520547944,1.0,1.0
YOL143C,0,-97.18627920746803,-12016.12993620336,0.014554794520547944,1.0,1.0
YJR024C,0,-97.20768561959267,-11912.778640776873,0.014554794520547944,1.0,1.0
YDR539W,0,-97.289411008358,-11387.102318197489,0.014554794520547944,1.0,1.0
YLR392C,0,-97.39583694934845,-11649.405163645744,0.014554794520547944,1.0,1.0
YER009W,0,-97.434117436409,-11470.850921273232,0.014554794520547944,1.0,1.0
YOR183W,0,-97.44035005569458,-11290.911160707474,0.014554794520547944,1.0,1.0
YPR115W,0,-97.45640602707863,-11317.290720403194,0.014554794520547944,1.0,1.0
YLR114C,0,-97.63392102718353,-11812.122267007828,0.014554794520547944,1.0,1.0
YNL155W,0,-97.74516570568085,-11699.688110351562,0.014554794520547944,1.0,1.0
YIR027C,0,-97.82560455799103,-11456.474539637566,0.014554794520547944,1.0,1.0
YDR063W,0,-97.91707429289818,-11783.033308118582,0.014554794520547944,1.0,1.0
YLR108C,0,-98.20680594444275,-11531.502258300781,0.014554794520547944,1.0,1.0
YDR275W,0,-98.20773470401764,-11549.067805409431,0.014554794520547944,1.0,1.0
YGL215W,0,-98.31804448366165,-12447.073225095868,0.014554794520547944,1.0,1.0
YFL028C,0,-98.34955477714539,-11966.069412574172,0.014554794520547944,1.0,1.0
YHR087W,0,-98.43656997382641,-12336.226660206914,0.014554794520547944,1.0,1.0
YMR095C,0,-98.62098281085491,-12093.664752677083,0.014554794520547944,1.0,1.0
YGR169C-A,0,-98.62158912420273,-11498.741247296333,0.014554794520547944,1.0,1.0
YER037W,0,-98.70465385913849,-11610.820042848587,0.014554794520547944,1.0,1.0
YMR064W,0,-98.90621197223663,-12043.060057878494,0.014554794520547944,1.0,1.0
YJL055W,0,-99.05838307738304,-11997.603323101997,0.014554794520547944,1.0,1.0
YFR032C,0,-99.0941790342331,-11756.693080663681,0.014554794520547944,1.0,1.0
YCR095C,0,-99.10033786296844,-12027.109772622585,0.014554794520547944,1.0,1.0
YIL014C-A,0,-99.15710461139679,-11826.02486360073,0.014554794520547944,1.0,1.0
YNL200C,0,-99.31829911470413,-11791.666871130466,0.014554794520547944,1.0,1.0
YMR144W,0,-99.32494175434113,-11707.79673588276,0.014554794520547944,1.0,1.0
YHR132W-A,0,-99.52174484729767,-11877.193846076727,0.014554794520547944,1.0,1.0
YLR250W,0,-99.54321566224098,-12038.81621594727,0.014554794520547944,1.0,1.0
YOR062C,0,-99.86736279726028,-12088.701213240623,0.014554794520547944,1.0,1.0
YHR195W,0,-99.89620804786682,-11869.205323576927,0.014554794520547944,1.0,1.0
YPL243W,0,-100.06639298796654,-12542.946668326855,0.014554794520547944,1.0,1.0
YPL219W,0,-100.15532234311104,-11783.86288844049,0.014554794520547944,1.0,1.0
YLR087C,0,-100.19128131866455,-11504.381352186203,0.014554794520547944,1.0,1.0
YLR218C,0,-100.30384784936905,-12281.011710837483,0.014554794520547944,1.0,1.0
YGL082W,0,-100.38362795114517,-11968.589109390974,0.014554794520547944,1.0,1.0
YPL184C,0,-100.4921889603138,-11729.032973349094,0.014554794520547944,1.0,1.0
YBR194W,0,-100.54371571540833,-12015.696271538734,0.014554794520547944,1.0,1.0
YLR422W,0,-100.55508080124855,-11836.028943091631,0.014554794520547944,1.0,1.0
YJR136C,0,-100.59756803512573,-11996.825507506728,0.014554794520547944,1.0,1.0
YJR072C,0,-100.66247926652431,-12724.299243628979,0.014554794520547944,1.0,1.0
YDL001W,0,-100.67726790904999,-12053.910012766719,0.014554794520547944,1.0,1.0
YDR183W,0,-100.73082906007767,-12121.007238537073,0.014554794520547944,1.0,1.0
YIL164C,0,-100.77052080631256,-11856.410939335823,0.014554794520547944,1.0,1.0
YDR333C,0,-100.79824933409691,-11720.569386541843,0.014554794520547944,1.0,1.0
YFL006W,0,-100.8671027123928,-12068.723857820034,0.014554794520547944,1.0,1.0
YMR028W,0,-100.89735496044159,-12761.711279153824,0.014554794520547944,1.0,1.0
YER116C,0,-101.09376288950443,-12209.90200407803,0.014554794520547944,1.0,1.0
YER163C,0,-101.12748196721077,-12019.065972715616,0.014554794520547944,1.0,1.0
YDR321W,0,-101.22408759593964,-12055.09391117096,0.014554794520547944,1.0,1.0
YFL007W,0,-101.29735328257084,-12319.64647167921,0.014554794520547944,1.0,1.0
YGR250C,0,-102.22818145155907,-12060.218821376562,0.014554794520547944,1.0,1.0
YOR051C,0,-102.28205633163452,-12380.570432186127,0.014554794520547944,1.0,1.0
YMR073C,0,-102.32924348115921,-12329.935119956732,0.014554794520547944,1.0,1.0
YGR233C,0,-102.3480951488018,-12797.542785137892,0.014554794520547944,1.0,1.0
YLR046C,0,-102.55599862337112,-12523.742637321353,0.014554794520547944,1.0,1.0
YMR258C,0,-102.73904690146446,-11987.970190823078,0.014554794520547944,1.0,1.0
YOL164W,0,-103.4222629070282,-11850.854832649231,0.014554794520547944,1.0,1.0
YDR070C,0,-103.42288959026337,-12410.809799313545,0.014554794520547944,1.0,1.0
YGR100W,0,-103.44375431537628,-12037.574856191874,0.014554794520547944,1.0,1.0
YOL022C,0,-103.7506633400917,-12953.832283854485,0.014554794520547944,1.0,1.0
YOR040W,0,-104.05062091350555,-12418.247060656548,0.014554794520547944,1.0,1.0
YMR196W,0,-104.29827454686165,-12358.292366325855,0.014554794520547944,1.0,1.0
YJR062C,0,-104.41609930992126,-12717.849348783493,0.014554794520547944,1.0,1.0
YER080W,0,-104.5422500371933,-12721.776734113693,0.014554794520547944,1.0,1.0
YER043C,0,-104.5945061147213,-12686.249641358852,0.014554794520547944,1.0,1.0
YBR242W,0,-104.6966213285923,-12733.956053256989,0.014554794520547944,1.0,1.0
YDR370C,0,-104.75937733054161,-12607.588436931372,0.014554794520547944,1.0,1.0
YHL048W,0,-104.78100012242794,-13189.960412621498,0.014554794520547944,1.0,1.0
YFL017C,0,-104.92369502782822,-12721.780270785093,0.014554794520547944,1.0,1.0
YOR305W,0,-105.16839849948883,-12674.908924221992,0.014554794520547944,1.0,1.0
YER077C,0,-105.67861211299896,-12497.761906981468,0.014554794520547944,1.0,1.0
YNL211C,0,-105.68323791027069,-12433.760274410248,0.014554794520547944,1.0,1.0
YPR040W,0,-105.72067850828171,-12285.4187874794,0.014554794520547944,1.0,1.0
YLR179C,0,-105.73417294025421,-12923.563126474619,0.014554794520547944,1.0,1.0
YGL101W,0,-105.78814429044724,-12904.943452626467,0.014554794520547944,1.0,1.0
YDL063C,0,-105.79930132627487,-12735.20902377367,0.014554794520547944,1.0,1.0
YML007C-A,0,-105.85285019874573,-12449.46291232109,0.014554794520547944,1.0,1.0
YDL248W,0,-106.07074017822742,-13605.238250508904,0.014554794520547944,1.0,1.0
YMR252C,0,-106.10823798179626,-12489.13487958908,0.014554794520547944,1.0,1.0
YJL147C,0,-106.2119802236557,-12560.174162745476,0.014554794520547944,1.0,1.0
YNL108C,0,-106.30562104284763,-12806.899441510439,0.014554794520547944,1.0,1.0
YJR074W,0,-106.52526074647903,-12664.462706118822,0.014554794520547944,1.0,1.0
YDR319C,0,-106.55688861012459,-13251.14539976418,0.014554794520547944,1.0,1.0
YER067W,0,-106.7167976796627,-12660.951823472977,0.014554794520547944,1.0,1.0
YHR182W,0,-106.77507099509239,-12621.642698824406,0.014554794520547944,1.0,1.0
YCR020C-A,0,-106.83724719285965,-13778.990151941776,0.014554794520547944,1.0,1.0
YDR061W,0,-106.97386574745178,-12633.803760170937,0.014554794520547944,1.0,1.0
YFR048W,0,-107.02019263803959,-13100.534675464034,0.014554794520547944,1.0,1.0
YPL109C,0,-107.05525851249695,-12561.104132294655,0.014554794520547944,1.0,1.0
YBR143C,0,-107.06464359164238,-13318.857722893357,0.014554794520547944,1.0,1.0
YBR025C,0,-107.08884996175766,-13576.02063691616,0.014554794520547944,1.0,1.0
YGR173W,0,-107.15041199326515,-13691.325899332762,0.014554794520547944,1.0,1.0
YJR122W,0,-107.24700176715851,-12889.956070303917,0.014554794520547944,1.0,1.0
YKR043C,0,-107.33987575769424,-13035.653916567564,0.014554794520547944,1.0,1.0
YHL039W,0,-107.35368794202805,-13252.44022512436,0.014554794520547944,1.0,1.0
YLR290C,0,-107.4072927236557,-12634.697858572006,0.014554794520547944,1.0,1.0
YPR158W,0,-107.64893114566803,-13786.043449446559,0.014554794520547944,1.0,1.0
YKL072W,0,-107.71216720342636,-13507.53608930111,0.014554794520547944,1.0,1.0
YLR262C-A,0,-107.75847400724888,-12810.14119066298,0.014554794520547944,1.0,1.0
YAR028W,0,-107.76425823569298,-13025.086825430393,0.014554794520547944,1.0,1.0
YJR003C,0,-107.77575552463531,-12967.179905056953,0.014554794520547944,1.0,1.0
YAL034C,0,-107.82079268991947,-13284.260526642203,0.014554794520547944,1.0,1.0
YDR458C,0,-107.8898628950119,-13233.533755287528,0.014554794520547944,1.0,1.0
YBR017C,0,-107.90457944571972,-13090.656983286142,0.014554794520547944,1.0,1.0
YGL056C,0,-108.01185600459576,-13073.159723088145,0.014554794520547944,1.0,1.0
YNL168C,0,-108.05007362365723,-13085.203014850616,0.014554794520547944,1.0,1.0
YNR065C,0,-108.44279265403748,-13650.897617220879,0.014554794520547944,1.0,1.0
YDL176W,0,-108.46019622683525,-13059.892968207598,0.014554794520547944,1.0,1.0
YJL043W,0,-108.47748982906342,-12712.360916852951,0.014554794520547944,1.0,1.0
YPL107W,0,-108.64073538780212,-12650.025205254555,0.014554794520547944,1.0,1.0
YLR346C,0,-108.80488753318787,-12748.736691236496,0.014554794520547944,1.0,1.0
YER059W,0,-108.81035155057907,-12965.939789101481,0.014554794520547944,1.0,1.0
YDL013W,0,-109.04046109318733,-13651.519201904535,0.014554794520547944,1.0,1.0
YPR139C,0,-109.05296835303307,-13214.100529149175,0.014554794520547944,1.0,1.0
YGR147C,0,-109.27175557613373,-13224.361514925957,0.014554794520547944,1.0,1.0
YER134C,0,-109.30400884151459,-12835.016039788723,0.014554794520547944,1.0,1.0
YPR129W,0,-109.4142752289772,-13323.927534371614,0.014554794520547944,1.0,1.0
YGR021W,0,-109.45713949203491,-12808.456874012947,0.014554794520547944,1.0,1.0
YDL157C,0,-109.68534481525421,-13045.084461450577,0.014554794520547944,1.0,1.0
YOR276W,0,-110.0229723751545,-13397.897598102689,0.014554794520547944,1.0,1.0
YMR027W,0,-110.38069334626198,-12987.705650120974,0.014554794520547944,1.0,1.0
YMR294W,0,-110.40469586849213,-13877.223389714956,0.014554794520547944,1.0,1.0
YMR108W,0,-110.45008146762848,-13511.563155889511,0.014554794520547944,1.0,1.0
YGR141W,0,-110.8040543794632,-13814.24767614901,0.014554794520547944,1.0,1.0
YLR281C,0,-110.99660623073578,-12923.321447372437,0.014554794520547944,1.0,1.0
YPL052W,0,-111.13406485319138,-13450.582324385643,0.014554794520547944,1.0,1.0
YKL105C,0,-111.35730046033859,-13148.18415760994,0.014554794520547944,1.0,1.0
YPR093C,0,-111.38931280374527,-14308.773972570896,0.014554794520547944,1.0,1.0
YDL233W,0,-111.47597625851631,-12999.919762849808,0.014554794520547944,1.0,1.0
YFL034W,0,-111.52075833082199,-13261.830570071936,0.014554794520547944,1.0,1.0
YIL151C,0,-111.78785997629166,-13426.2695055902,0.014554794520547944,1.0,1.0
YBL104C,0,-111.80572971701622,-13367.006150394678,0.014554794520547944,1.0,1.0
YML068W,0,-111.81686833500862,-13869.516437366605,0.014554794520547944,1.0,1.0
YMR062C,0,-111.82056367397308,-13064.141964197159,0.014554794520547944,1.0,1.0
YDR514C,0,-111.936190366745,-13365.710773587227,0.014554794520547944,1.0,1.0
YAL036C,0,-111.95708177983761,-14097.985733494163,0.014554794520547944,1.0,1.0
YDL167C,0,-111.99479985237122,-14012.304347634315,0.014554794520547944,1.0,1.0
YOR165W,0,-112.20580261945724,-13620.526458621025,0.014554794520547944,1.0,1.0
YDL116W,0,-112.24068346619606,-13775.146519899368,0.014554794520547944,1.0,1.0
YBR255W,0,-112.51693895459175,-13748.994130417705,0.014554794520547944,1.0,1.0
YNL157W,0,-112.55440837144852,-13078.353284686804,0.014554794520547944,1.0,1.0
YMR219W,0,-112.6930641233921,-13388.039692282677,0.014554794520547944,1.0,1.0
YMR102C,0,-112.94784358143806,-13524.920238763094,0.014554794520547944,1.0,1.0
YER128W,0,-113.09459936618805,-13297.264834016562,0.014554794520547944,1.0,1.0
YDR232W,0,-113.1202529668808,-13311.888078093529,0.014554794520547944,1.0,1.0
YHL014C,0,-113.14348804950714,-13497.67710006237,0.014554794520547944,1.0,1.0
YGR187C,0,-113.20518231391907,-13965.231051310897,0.014554794520547944,1.0,1.0
YJL222W,0,-113.26060917973518,-13928.500095307827,0.014554794520547944,1.0,1.0
YKL187C,0,-113.30678707361221,-13331.972986578941,0.014554794520547944,1.0,1.0
YBR007C,0,-113.40165719389915,-14180.45422001183,0.014554794520547944,1.0,1.0
YGR042W,0,-113.40403828024864,-13156.63532730937,0.014554794520547944,1.0,1.0
YHR097C,0,-113.54425910115242,-13424.189081311226,0.014554794520547944,1.0,1.0
YLR065C,0,-113.69652512669563,-13764.47255602479,0.014554794520547944,1.0,1.0
YPL014W,0,-113.84719088673592,-13753.340474486351,0.014554794520547944,1.0,1.0
YPR089W,0,-113.87486377358437,-13959.053024217486,0.014554794520547944,1.0,1.0
YIL089W,0,-114.01845958828926,-13716.814324766397,0.014554794520547944,1.0,1.0
YDL177C,0,-114.0426589846611,-13863.692534953356,0.014554794520547944,1.0,1.0
YBR263W,0,-114.22892355918884,-13642.477204561234,0.014554794520547944,1.0,1.0
YOR152C,0,-114.28988763689995,-13434.20684209466,0.014554794520547944,1.0,1.0
YDR192C,0,-114.3102590739727,-13812.794575452805,0.014554794520547944,1.0,1.0
YKL068W,0,-114.39867010712624,-14127.597546994686,0.014554794520547944,1.0,1.0
YPR013C,0,-114.43304300308228,-13533.160694777966,0.014554794520547944,1.0,1.0
YPR090W,0,-114.4465292096138,-13547.390616357327,0.014554794520547944,1.0,1.0
YNL320W,0,-114.55014073848724,-13642.39406850934,0.014554794520547944,1.0,1.0
YJL049W,0,-114.62020134925842,-13790.587576597929,0.014554794520547944,1.0,1.0
YKR091W,0,-114.64993625879288,-13507.21988157928,0.014554794520547944,1.0,1.0
YJR061W,0,-114.67294138669968,-13571.484154611826,0.014554794520547944,1.0,1.0
YMR155W,0,-114.68961787223816,-13832.603985071182,0.014554794520547944,1.0,1.0
YML105C,0,-114.99838876724243,-13699.524540662766,0.014554794520547944,1.0,1.0
YML002W,0,-115.10498011112213,-13859.39278793335,0.014554794520547944,1.0,1.0
YBR108W,0,-115.26364693045616,-13806.319586247206,0.014554794520547944,1.0,1.0
YFR039C,0,-115.34671014547348,-13732.512830853462,0.014554794520547944,1.0,1.0
YIL169C,0,-115.44267135858536,-14129.53201675415,0.014554794520547944,1.0,1.0
YBL059C-A,0,-115.49525326490402,-13691.561359673738,0.014554794520547944,1.0,1.0
YKL128C,0,-115.60064029693604,-13825.869660124183,0.014554794520547944,1.0,1.0
YNL295W,0,-115.60966861248016,-13837.02056017518,0.014554794520547944,1.0,1.0
YOR185C,0,-115.63380509614944,-13312.021788299084,0.014554794520547944,1.0,1.0
YBR062C,0,-115.85156917572021,-13729.011616885662,0.014554794520547944,1.0,1.0
YMR010W,0,-115.99847048521042,-13748.687789946795,0.014554794520547944,1.0,1.0
YJL023C,0,-116.14977869391441,-14239.36154332757,0.014554794520547944,1.0,1.0
YJL061W,0,-116.15583865344524,-14636.240911349654,0.014554794520547944,1.0,1.0
YLL049W,0,-116.2060289978981,-13966.522059500217,0.014554794520547944,1.0,1.0
YGL114W,0,-116.31980019807816,-13822.050549805164,0.014554794520547944,1.0,1.0
YOR006C,0,-116.34038549661636,-13962.286463141441,0.014554794520547944,1.0,1.0
YGL228W,0,-116.36091378331184,-14060.604568451643,0.014554794520547944,1.0,1.0
YKL106W,0,-116.38708007335663,-13762.05348622799,0.014554794520547944,1.0,1.0
YFR002W,0,-116.46850633621216,-14085.032414257526,0.014554794520547944,1.0,1.0
YOR108W,0,-116.48048889636993,-14119.103084445,0.014554794520547944,1.0,1.0
YJR085C,0,-116.56580764055252,-13583.804114222527,0.014554794520547944,1.0,1.0
YKL224C,0,-116.5752247273922,-14067.635215818882,0.014554794520547944,1.0,1.0
YJL163C,0,-116.58676901459694,-14054.495717853308,0.014554794520547944,1.0,1.0
YKL122C,0,-116.67251765727997,-13901.843748092651,0.014554794520547944,1.0,1.0
YOL159C,0,-116.76084268093109,-13898.903171092272,0.014554794520547944,1.0,1.0
YDL133W,0,-116.90375101566315,-14153.638394743204,0.014554794520547944,1.0,1.0
YGL091C,0,-116.90867555141449,-13481.608148872852,0.014554794520547944,1.0,1.0
YIR041W,0,-116.93942213058472,-14273.814201205969,0.014554794520547944,1.0,1.0
YML003W,0,-117.04666084051132,-13988.565469384193,0.014554794520547944,1.0,1.0
YDL199C,0,-117.0903589129448,-13966.306874632835,0.014554794520547944,1.0,1.0
YOR154W,0,-117.28262802958488,-14140.52047201991,0.014554794520547944,1.0,1.0
YKL214C,0,-117.36660405993462,-13706.757278516889,0.014554794520547944,1.0,1.0
YDR161W,0,-117.47387474775314,-14161.839131772518,0.014554794520547944,1.0,1.0
YDL237W,0,-117.6004046201706,-14124.460881054401,0.014554794520547944,1.0,1.0
YGR149W,0,-117.68165785074234,-13773.957172811031,0.014554794520547944,1.0,1.0
YDR475C,0,-117.87596175074577,-14391.505112305284,0.014554794520547944,1.0,1.0
YOL063C,0,-117.88573861122131,-14303.421446114779,0.014554794520547944,1.0,1.0
YDR282C,0,-117.90065634250641,-14004.878937631845,0.014554794520547944,1.0,1.0
YPL216W,0,-117.96825587749481,-13941.195705413818,0.014554794520547944,1.0,1.0
YJR106W,0,-117.97066894173622,-14482.156897515059,0.014554794520547944,1.0,1.0
YDR179W-A,0,-118.05181086063385,-14115.15824663639,0.014554794520547944,1.0,1.0
YMR325W,0,-118.06142094731331,-14102.788386285305,0.014554794520547944,1.0,1.0
YEL007W,0,-118.06633269786835,-13746.205976516008,0.014554794520547944,1.0,1.0
YCL037C,0,-118.07276093959808,-14872.113669618964,0.014554794520547944,1.0,1.0
YOR213C,0,-118.19929367303848,-13764.68405649066,0.014554794520547944,1.0,1.0
YDL073W,0,-118.23737978935242,-14163.99067300558,0.014554794520547944,1.0,1.0
YOL114C,0,-118.30301594734192,-14033.003901213408,0.014554794520547944,1.0,1.0
YBL032W,0,-118.3146585226059,-14126.037328511477,0.014554794520547944,1.0,1.0
YPR109W,0,-118.33326107263565,-14061.165442198515,0.014554794520547944,1.0,1.0
YNL333W,0,-118.33495157957077,-14530.8884845227,0.014554794520547944,1.0,1.0
YPL166W,0,-118.37345305085182,-13773.177434027195,0.014554794520547944,1.0,1.0
YMR265C,0,-118.37940818071365,-14166.306660473347,0.014554794520547944,1.0,1.0
YGR053C,0,-118.42454665899277,-13922.916922181845,0.014554794520547944,1.0,1.0
YBR047W,0,-118.43105244636536,-13711.405423521996,0.014554794520547944,1.0,1.0
YER105C,0,-118.48007589578629,-14446.537314534187,0.014554794520547944,1.0,1.0
YOL073C,0,-118.4970988035202,-14019.929897844791,0.014554794520547944,1.0,1.0
YMR279C,0,-118.57411605119705,-14131.396984010935,0.014554794520547944,1.0,1.0
YCR007C,0,-118.64174234867096,-14176.611965537071,0.014554794520547944,1.0,1.0
YOR104W,0,-118.66492253541946,-14704.08531190455,0.014554794520547944,1.0,1.0
YIL165C,0,-118.71987068653107,-14097.70113837719,0.014554794520547944,1.0,1.0
YLR104W,0,-118.77804976701736,-14102.154191046953,0.014554794520547944,1.0,1.0
YEL072W,0,-118.8361773788929,-14442.977003008127,0.014554794520547944,1.0,1.0
YNL249C,0,-118.89655815064907,-14607.885174617171,0.014554794520547944,1.0,1.0
YFL060C,0,-118.90635654330254,-14178.982816845179,0.014554794520547944,1.0,1.0
YDR504C,0,-118.95788249373436,-14622.080688744783,0.014554794520547944,1.0,1.0
YGR230W,0,-118.99040573835373,-14471.94154368341,0.014554794520547944,1.0,1.0
YOL047C,0,-119.0766898393631,-14106.483376652002,0.014554794520547944,1.0,1.0
YCR101C,0,-119.1967983841896,-14254.90084630251,0.014554794520547944,1.0,1.0
YNR009W,0,-119.23154807090759,-14107.28604491055,0.014554794520547944,1.0,1.0
YBL108C-A,0,-119.25948798656464,-14091.726449489594,0.014554794520547944,1.0,1.0
YBR246W,0,-119.36926072835922,-14309.012529730797,0.014554794520547944,1.0,1.0
YJL132W,0,-119.37155401706696,-14204.737151056528,0.014554794520547944,1.0,1.0
YER076C,0,-119.74406641721725,-14232.473081171513,0.014554794520547944,1.0,1.0
YLR137W,0,-119.79483604431152,-14248.383586794138,0.014554794520547944,1.0,1.0
YDL183C,0,-119.84421116113663,-14204.31122636795,0.014554794520547944,1.0,1.0
YFR012W,0,-120.0467818081379,-14077.713256239891,0.014554794520547944,1.0,1.0
YCL009C,0,-120.28110766410828,-14007.52438890934,0.014554794520547944,1.0,1.0
YOL053W,0,-120.34247347712517,-14228.009822160006,0.014554794520547944,1.0,1.0
YGR016W,0,-120.38042640686035,-14239.771910488605,0.014554794520547944,1.0,1.0
YGR110W,0,-120.47478580474854,-14241.067559480667,0.014554794520547944,1.0,1.0
YMR018W,0,-120.55359083414078,-14503.602194011211,0.014554794520547944,1.0,1.0
YPL282C,0,-120.58151131868362,-14399.47859853506,0.014554794520547944,1.0,1.0
YMR212C,0,-120.77241988480091,-14905.213417604566,0.014554794520547944,1.0,1.0
YGL140C,0,-120.83312475681305,-14508.61819344759,0.014554794520547944,1.0,1.0
YER057C,0,-120.90483957529068,-14566.129068374634,0.014554794520547944,1.0,1.0
YFR026C,0,-120.93074482679367,-14842.10251712799,0.014554794520547944,1.0,1.0
YDR374C,0,-120.94927856326103,-14418.914915144444,0.014554794520547944,1.0,1.0
YOL153C,0,-121.01636970043182,-14147.620767861605,0.014554794520547944,1.0,1.0
YJR141W,0,-121.08115017414093,-14569.087639182806,0.014554794520547944,1.0,1.0
YBR219C,0,-121.10223406553268,-14397.92186331749,0.014554794520547944,1.0,1.0
YLR053C,0,-121.23968702554703,-14464.317591518164,0.014554794520547944,1.0,1.0
YER156C,0,-121.35559901595116,-14639.863996654749,0.014554794520547944,1.0,1.0
YNL033W,0,-121.53621500730515,-14480.745824992657,0.014554794520547944,1.0,1.0
YKL219W,0,-121.5462974011898,-14626.711455851793,0.014554794520547944,1.0,1.0
YPL165C,0,-121.55951201915741,-14720.52260363102,0.014554794520547944,1.0,1.0
YFR011C,0,-121.56106486916542,-14262.53156659007,0.014554794520547944,1.0,1.0
YJL193W,0,-121.60822600126266,-14581.71037709713,0.014554794520547944,1.0,1.0
YLR312C,0,-121.69122016429901,-14239.284174084663,0.014554794520547944,1.0,1.0
YGR066C,0,-121.71634155511856,-14297.536322891712,0.014554794520547944,1.0,1.0
YER158C,0,-121.87807583808899,-14485.375505745411,0.014554794520547944,1.0,1.0
YAL018C,0,-122.00486689805984,-14481.4175966084,0.014554794520547944,1.0,1.0
YLR303W,0,-122.01157033443451,-14659.413764089346,0.014554794520547944,1.0,1.0
YOL163W,0,-122.03419142961502,-14398.631294429302,0.014554794520547944,1.0,1.0
YMR209C,0,-122.20799854397774,-14926.010030180216,0.014554794520547944,1.0,1.0
YAL064W-B,0,-122.25688725709915,-14409.248729884624,0.014554794520547944,1.0,1.0
YCR104W,0,-122.38794213533401,-14699.625915661454,0.014554794520547944,1.0,1.0
YOR365C,0,-122.46063059568405,-14548.501644462347,0.014554794520547944,1.0,1.0
YBR013C,0,-122.62385296821594,-14582.811494618654,0.014554794520547944,1.0,1.0
YPL250C,0,-122.7064657509327,-15118.52871260047,0.014554794520547944,1.0,1.0
YGR201C,0,-122.75501161813736,-14371.190112799406,0.014554794520547944,1.0,1.0
YPR157W,0,-122.82564681768417,-14429.06127217412,0.014554794520547944,1.0,1.0
YCL056C,0,-122.88343369960785,-14854.172843128443,0.014554794520547944,1.0,1.0
YGL015C,0,-122.9118042588234,-14520.181342303753,0.014554794520547944,1.0,1.0
YPR153W,0,-122.94921678304672,-14494.341868907213,0.014554794520547944,1.0,1.0
YLR243W,0,-122.95902305841446,-14900.116950690746,0.014554794520547944,1.0,1.0
YGR127W,0,-122.97033357620239,-14564.394059687853,0.014554794520547944,1.0,1.0
YCR100C,0,-123.05445083975792,-15027.700049310923,0.014554794520547944,1.0,1.0
YFL051C,0,-123.14284592866898,-14469.906085789204,0.014554794520547944,1.0,1.0
YFR022W,0,-123.21897792816162,-14388.213620394468,0.014554794520547944,1.0,1.0
YHR126C,0,-123.24286434054375,-14627.306613504887,0.014554794520547944,1.0,1.0
YLL064C,0,-123.24683654308319,-14563.160791128874,0.014554794520547944,1.0,1.0
YKL104C,0,-123.31200855970383,-14764.95146355033,0.014554794520547944,1.0,1.0
YPL279C,0,-123.32293951511383,-14310.542826294899,0.014554794520547944,1.0,1.0
YPR015C,0,-123.35975235700607,-14375.10238942504,0.014554794520547944,1.0,1.0
YJR124C,0,-123.42652374505997,-15087.617444574833,0.014554794520547944,1.0,1.0
YHR040W,0,-123.46445414423943,-15143.088449254632,0.014554794520547944,1.0,1.0
YMR069W,0,-123.47811722755432,-14818.226668775082,0.014554794520547944,1.0,1.0
YOL162W,0,-123.69679307937622,-14455.319695174694,0.014554794520547944,1.0,1.0
YJL223C,0,-124.07492277026176,-14632.276302993298,0.014554794520547944,1.0,1.0
YMR129W,0,-124.11417812108994,-14819.440388351679,0.014554794520547944,1.0,1.0
YOR286W,0,-124.13530623912811,-14922.830163359642,0.014554794520547944,1.0,1.0
YNL019C,0,-124.2706128358841,-14625.32977220416,0.014554794520547944,1.0,1.0
YOR394W,0,-124.30535051226616,-15230.786412447691,0.014554794520547944,1.0,1.0
YPR045C,0,-124.35402286052704,-14891.866752326488,0.014554794520547944,1.0,1.0
YFL040W,0,-124.36331176757812,-14601.758449614048,0.014554794520547944,1.0,1.0
YCR059C,0,-124.4475948214531,-14961.606896162033,0.014554794520547944,1.0,1.0
YPL264C,0,-124.50105607509613,-14635.527130514383,0.014554794520547944,1.0,1.0
YGL108C,0,-124.63792848587036,-14966.531911969185,0.014554794520547944,1.0,1.0
YDL089W,0,-124.6575375199318,-14481.596997231245,0.014554794520547944,1.0,1.0
YMR174C,0,-124.74982470273972,-14692.769344180822,0.014554794520547944,1.0,1.0
YGL247W,0,-124.75880745053291,-14885.97103254497,0.014554794520547944,1.0,1.0
YJR100C,0,-124.902552485466,-14823.547033637762,0.014554794520547944,1.0,1.0
YKR017C,0,-124.93097677826881,-14841.865569710732,0.014554794520547944,1.0,1.0
YLR021W,0,-124.96931114792824,-15070.757704555988,0.014554794520547944,1.0,1.0
YHR100C,0,-124.97914928197861,-14813.031699597836,0.014554794520547944,1.0,1.0
YCL001W-A,0,-125.06421819329262,-14847.77575546503,0.014554794520547944,1.0,1.0
YLR099W-A,0,-125.13294437527657,-14784.261328727007,0.014554794520547944,1.0,1.0
YCL001W-B,0,-125.13294443488121,-14784.261327713728,0.014554794520547944,1.0,1.0
YCL021W-A,0,-125.13294449448586,-14784.242129653692,0.014554794520547944,1.0,1.0
YNL260C,0,-125.18308904767036,-14841.733145803213,0.014554794520547944,1.0,1.0
YCR076C,0,-125.18514901399612,-14882.360509604216,0.014554794520547944,1.0,1.0
YDR295C,0,-125.34779092669487,-15160.785141319036,0.014554794520547944,1.0,1.0
YDL048C,0,-125.38521635532379,-14560.905226022005,0.014554794520547944,1.0,1.0
YDR277C,0,-125.41689708828926,-15020.894266948104,0.014554794520547944,1.0,1.0
YDR223W,0,-125.49716740846634,-15103.172631680965,0.014554794520547944,1.0,1.0
YFL043C,0,-125.53346168994904,-14816.32372123003,0.014554794520547944,1.0,1.0
YIL166C,0,-125.58143556118011,-14698.991683602333,0.014554794520547944,1.0,1.0
YMR096W,0,-125.58388444781303,-14854.841080829501,0.014554794520547944,1.0,1.0
YMR031C,0,-125.66151583194733,-14991.55830526352,0.014554794520547944,1.0,1.0
YMR244W,0,-125.90235662460327,-15007.786788314581,0.014554794520547944,1.0,1.0
YJL105W,0,-125.91451847553253,-15008.362077116966,0.014554794520547944,1.0,1.0
YKL207W,0,-126.02475023269653,-14759.306392043829,0.014554794520547944,1.0,1.0
YMR085W,0,-126.05234548449516,-15045.901450514793,0.014554794520547944,1.0,1.0
YCR032W,0,-126.23204582929611,-15149.377353698015,0.014554794520547944,1.0,1.0
YEL049W,0,-126.38040772080421,-15109.708441600204,0.014554794520547944,1.0,1.0
YDR542W,0,-126.49061393737793,-14698.990242093801,0.014554794520547944,1.0,1.0
YCL073C,0,-126.49739563465118,-15040.03039097786,0.014554794520547944,1.0,1.0
YOR390W,0,-126.65112918615341,-15039.136452436447,0.014554794520547944,1.0,1.0
YNL022C,0,-126.65345385670662,-15322.12425661087,0.014554794520547944,1.0,1.0
YPR085C,0,-126.7039407491684,-15426.79977017641,0.014554794520547944,1.0,1.0
YFR043C,0,-126.9220135807991,-15204.115336865187,0.014554794520547944,1.0,1.0
YJL185C,0,-127.00492689013481,-15093.131155699492,0.014554794520547944,1.0,1.0
YFL042C,0,-127.02965578436852,-15473.54375359416,0.014554794520547944,1.0,1.0
YML050W,0,-127.04204332828522,-15035.125932902098,0.014554794520547944,1.0,1.0
YOR166C,0,-127.04496708512306,-15314.429681837559,0.014554794520547944,1.0,1.0
YKR106W,0,-127.17784491181374,-14854.80534490943,0.014554794520547944,1.0,1.0
YFL059W,0,-127.2821991443634,-15109.37917304039,0.014554794520547944,1.0,1.0
YIL149C,0,-127.44301848113537,-15750.148716539145,0.014554794520547944,1.0,1.0
YGR294W,0,-127.50822049379349,-15114.429067671299,0.014554794520547944,1.0,1.0
YKR051W,0,-127.5466767847538,-15186.219553977251,0.014554794520547944,1.0,1.0
YKL033W-A,0,-127.5940882563591,-14909.799449831247,0.014554794520547944,1.0,1.0
YOR093C,0,-127.81503501534462,-15039.990147203207,0.014554794520547944,1.0,1.0
YNR058W,0,-127.920525431633,-15391.00033813715,0.014554794520547944,1.0,1.0
YCR015C,0,-128.15316507220268,-15393.195780068636,0.014554794520547944,1.0,1.0
YDL088C,0,-128.21089977025986,-15414.297368109226,0.014554794520547944,1.0,1.0
YJR094C,0,-128.3513527214527,-15442.065817266703,0.014554794520547944,1.0,1.0
YLL056C,0,-128.45896205306053,-15024.347158551216,0.014554794520547944,1.0,1.0
YKL133C,0,-129.27624168992043,-15107.11599650979,0.014554794520547944,1.0,1.0
YLR335W,0,-129.29557812213898,-16166.886944770813,0.014554794520547944,1.0,1.0
YJR116W,0,-129.33539271354675,-14988.494054943323,0.014554794520547944,1.0,1.0
YER010C,0,-129.33936443924904,-15370.655403763056,0.014554794520547944,1.0,1.0
YNR062C,0,-129.43394520878792,-15455.087578237057,0.014554794520547944,1.0,1.0
YML103C,0,-129.52532675862312,-15505.382264703512,0.014554794520547944,1.0,1.0
YNR066C,0,-129.68337461352348,-15449.647446632385,0.014554794520547944,1.0,1.0
YGR043C,0,-129.70399841666222,-15321.846808746457,0.014554794520547944,1.0,1.0
YGR168C,0,-129.92272326350212,-15297.964345216751,0.014554794520547944,1.0,1.0
YLR173W,0,-129.95674136281013,-15348.03102710843,0.014554794520547944,1.0,1.0
YJL107C,0,-130.01079878211021,-15276.293739140034,0.014554794520547944,1.0,1.0
YOR042W,0,-130.04585552215576,-15770.90051934123,0.014554794520547944,1.0,1.0
YNL187W,0,-130.1954466700554,-16160.028758823872,0.014554794520547944,1.0,1.0
YAR002W,0,-130.2946903705597,-15631.36992841959,0.014554794520547944,1.0,1.0
YER066W,0,-130.35492408275604,-15255.008787065744,0.014554794520547944,1.0,1.0
YLR445W,0,-130.51883572340012,-15512.847237378359,0.014554794520547944,1.0,1.0
YHL046C,0,-130.54160565137863,-15258.585171371698,0.014554794520547944,1.0,1.0
YBR220C,0,-130.725504219532,-15323.862437784672,0.014554794520547944,1.0,1.0
YLR407W,0,-130.86343508958817,-15776.39759850502,0.014554794520547944,1.0,1.0
YDL241W,0,-130.97418242692947,-15517.716642975807,0.014554794520547944,1.0,1.0
YGL066W,0,-130.98573192954063,-15816.537531465292,0.014554794520547944,1.0,1.0
YGL230C,0,-131.10895517468452,-15446.639363467693,0.014554794520547944,1.0,1.0
YCL005W,0,-131.33353543281555,-15692.227239519358,0.014554794520547944,1.0,1.0
YDR034W-B,0,-131.39792522788048,-15510.417876303196,0.014554794520547944,1.0,1.0
YKL037W,0,-131.4593231678009,-15715.075153797865,0.014554794520547944,1.0,1.0
YHR048W,0,-131.67594799399376,-15753.905761256814,0.014554794520547944,1.0,1.0
YHL042W,0,-131.8249777853489,-15638.484676867723,0.014554794520547944,1.0,1.0
YHR151C,0,-131.87842172384262,-15571.65125131607,0.014554794520547944,1.0,1.0
YOL161C,0,-131.8805541396141,-15674.047350883484,0.014554794520547944,1.0,1.0
YPR027C,0,-131.91243782639503,-15467.248453825712,0.014554794520547944,1.0,1.0
YKR082W,0,-132.11270159482956,-16005.458040982485,0.014554794520547944,1.0,1.0
YPL041C,0,-132.15937623381615,-15779.206205934286,0.014554794520547944,1.0,1.0
YGL261C,0,-132.19720709323883,-15376.58387541771,0.014554794520547944,1.0,1.0
YOL048C,0,-132.29886734485626,-15551.452045112848,0.014554794520547944,1.0,1.0
YLR241W,0,-132.31805792450905,-15575.404125064611,0.014554794520547944,1.0,1.0
YMR084W,0,-132.43751093745232,-15552.984681129456,0.014554794520547944,1.0,1.0
YGR131W,0,-132.47686302661896,-15515.642917066813,0.014554794520547944,1.0,1.0
YOR223W,0,-132.7415085732937,-15443.784484565258,0.014554794520547944,1.0,1.0
YFL020C,0,-133.4483685195446,-15877.409989356995,0.014554794520547944,1.0,1.0
YLR461W,0,-133.9592872262001,-16110.350765496492,0.014554794520547944,1.0,1.0
YFL030W,0,-134.2148522734642,-16014.43738360703,0.014554794520547944,1.0,1.0
YIL003W,0,-134.41204357147217,-15761.016173273325,0.014554794520547944,1.0,1.0
YOL083W,0,-134.54607248306274,-15862.662543058395,0.014554794520547944,1.0,1.0
YLR018C,0,-134.611900806427,-16275.036474734545,0.014554794520547944,1.0,1.0
YBR148W,0,-134.84989666938782,-15848.548929393291,0.014554794520547944,1.0,1.0
YPR179C,0,-135.6688965857029,-16213.479679629207,0.014554794520547944,1.0,1.0
YPR193C,0,-135.7868070602417,-16132.968476563692,0.014554794520547944,1.0,1.0
YHR071W,0,-136.13085234165192,-16643.815842598677,0.014554794520547944,1.0,1.0
YNR076W,0,-136.4262753725052,-16609.14601650834,0.014554794520547944,1.0,1.0
YNL196C,0,-136.43721389770508,-16168.371062278748,0.014554794520547944,1.0,1.0
YNL204C,0,-136.73139545321465,-16131.828615635633,0.014554794520547944,1.0,1.0
YIR030C,0,-136.86327081918716,-15929.558019578457,0.014554794520547944,1.0,1.0
YPR088C,0,-137.00499057769775,-16680.606042295694,0.014554794520547944,1.0,1.0
YLL025W,0,-137.37049514055252,-16026.852572828531,0.014554794520547944,1.0,1.0
YNL334C,0,-138.00715017318726,-16431.56181484461,0.014554794520547944,1.0,1.0
YKL057C,0,-138.34101450443268,-16827.31585404277,0.014554794520547944,1.0,1.0
YOR021C,0,-138.39421114325523,-16657.853360772133,0.014554794520547944,1.0,1.0
YLR375W,0,-138.87746983766556,-16568.25036984682,0.014554794520547944,1.0,1.0
YHR177W,0,-138.91670361161232,-16568.298674345016,0.014554794520547944,1.0,1.0
YLR168C,0,-139.3204497396946,-16944.97311386466,0.014554794520547944,1.0,1.0
YIL176C,0,-139.638885140419,-16208.517516165972,0.014554794520547944,1.0,1.0
YLR457C,0,-140.63456296920776,-17003.04760015011,0.014554794520547944,1.0,1.0
YGR213C,0,-140.70275276899338,-16711.38472646475,0.014554794520547944,1.0,1.0
YFL046W,0,-141.16813427209854,-17437.445009678602,0.014554794520547944,1.0,1.0
YMR066W,0,-141.2442511320114,-17194.032037079334,0.014554794520547944,1.0,1.0
YBR262C,0,-141.6184168457985,-17465.915328919888,0.014554794520547944,1.0,1.0
YNL201C,0,-141.8001291155815,-16877.95310252905,0.014554794520547944,1.0,1.0
YMR157C,0,-142.03668478131294,-17807.14434826374,0.014554794520547944,1.0,1.0
YER064C,0,-142.08069270849228,-16521.477325618267,0.014554794520547944,1.0,1.0
YJL037W,0,-142.48092144727707,-16910.234803766012,0.014554794520547944,1.0,1.0
YLR227C,0,-143.20545798540115,-16450.96585407853,0.014554794520547944,1.0,1.0
YJL161W,0,-143.45795267820358,-16915.926254212856,0.014554794520547944,1.0,1.0
YAR020C,0,-144.870461165905,-16936.102482408285,0.014554794520547944,1.0,1.0
YDR525W-A,0,-145.26861771941185,-17541.298629015684,0.014554794520547944,1.0,1.0
YGR102C,0,-145.4189451932907,-17152.509075552225,0.014554794520547944,1.0,1.0
YMR148W,0,-145.50935488939285,-16939.632400751114,0.014554794520547944,1.0,1.0
YKR070W,0,-145.66139936447144,-17222.937605679035,0.014554794520547944,1.0,1.0
YMR111C,0,-145.66431972384453,-16945.772447258234,0.014554794520547944,1.0,1.0
YGL258W,0,-145.80117893218994,-17376.386988699436,0.014554794520547944,1.0,1.0
YOR350C,0,-146.11884212493896,-18274.982721716166,0.014554794520547944,1.0,1.0
YNL215W,0,-146.13437122106552,-17093.37062984705,0.014554794520547944,1.0,1.0
YJL038C,0,-146.3303121328354,-17544.1318333745,0.014554794520547944,1.0,1.0
YNL100W,0,-146.5225915312767,-17330.005980163813,0.014554794520547944,1.0,1.0
YDL182W,0,-146.57521718740463,-17665.14301171899,0.014554794520547944,1.0,1.0
YHR127W,0,-146.64968115091324,-17535.375962391496,0.014554794520547944,1.0,1.0
YGL263W,0,-146.65434604883194,-16794.172586858273,0.014554794520547944,1.0,1.0
YJR080C,0,-146.66401174664497,-17737.523391515017,0.014554794520547944,1.0,1.0
YGR243W,0,-146.66915020346642,-17485.754235118628,0.014554794520547944,1.0,1.0
YJL131C,0,-146.80518025159836,-17310.522829204798,0.014554794520547944,1.0,1.0
YGR015C,0,-146.94193816184998,-17287.034634172916,0.014554794520547944,1.0,1.0
YKR063C,0,-146.96471494436264,-17211.298916876316,0.014554794520547944,1.0,1.0
YKR016W,0,-147.31814074516296,-18102.114151746035,0.014554794520547944,1.0,1.0
YLR072W,0,-147.43335378170013,-17220.950481504202,0.014554794520547944,1.0,1.0
YOR134W,0,-147.5713288784027,-16909.71629998088,0.014554794520547944,1.0,1.0
YDL027C,0,-148.31888675689697,-17365.32584413886,0.014554794520547944,1.0,1.0
YGR236C,0,-148.76633846759796,-16990.12018790841,0.014554794520547944,1.0,1.0
YDR493W,0,-149.21392580866814,-18185.44011604786,0.014554794520547944,1.0,1.0
YBR269C,0,-149.36390709877014,-18076.739513218403,0.014554794520547944,1.0,1.0
YGL075C,0,-149.3797813653946,-17477.737474918365,0.014554794520547944,1.0,1.0
YCR084C,0,-149.89644938707352,-17849.84281051159,0.014554794520547944,1.0,1.0
YIL104C,0,-149.95581716299057,-18186.503580778837,0.014554794520547944,1.0,1.0
YBR147W,0,-150.181755900383,-17974.723364830017,0.014554794520547944,1.0,1.0
YAL027W,0,-150.19743365049362,-17954.394300162792,0.014554794520547944,1.0,1.0
YGR270W,0,-150.25918292999268,-17305.52870351076,0.014554794520547944,1.0,1.0
YGR093W,0,-150.5316046476364,-17877.70745307207,0.014554794520547944,1.0,1.0
YGR031W,0,-150.6039171218872,-17921.896295249462,0.014554794520547944,1.0,1.0
YBL059W,0,-151.51322984695435,-17987.609573960304,0.014554794520547944,1.0,1.0
YHR198C,0,-152.8113755583763,-18480.654322385788,0.014554794520547944,1.0,1.0
YDR185C,0,-152.83489406108856,-18099.931809604168,0.014554794520547944,1.0,1.0
YDR379C-A,0,-152.9505397081375,-18002.995124042034,0.014554794520547944,1.0,1.0
YLR091W,0,-153.020503282547,-18249.369917869568,0.014554794520547944,1.0,1.0
YKL162C,0,-153.68535619974136,-18180.89745825529,0.014554794520547944,1.0,1.0
YER092W,0,-153.73191314935684,-17547.31719622016,0.014554794520547944,1.0,1.0
YMR003W,0,-154.77826684713364,-18258.406819164753,0.014554794520547944,1.0,1.0
YMR310C,0,-155.06679689884186,-18332.756273180246,0.014554794520547944,1.0,1.0
YHR155W,0,-156.13318002223969,-18417.823068588972,0.014554794520547944,1.0,1.0
YGL057C,0,-156.30247288942337,-18390.872844457626,0.014554794520547944,1.0,1.0
YAL067C,0,-156.3408014178276,-18112.730199068785,0.014554794520547944,1.0,1.0
YDR474C,0,-156.63914269208908,-18314.459516078234,0.014554794520547944,1.0,1.0
YJR111C,0,-156.91949516534805,-18607.29171395302,0.014554794520547944,1.0,1.0
YLR253W,0,-157.0334621667862,-18467.146163642406,0.014554794520547944,1.0,1.0
YGR150C,0,-158.3764259815216,-18607.96538299322,0.014554794520547944,1.0,1.0
YNL004W,0,-158.51971101760864,-19110.897581726313,0.014554794520547944,1.0,1.0
YBR163W,0,-158.78950875997543,-19174.437887966633,0.014554794520547944,1.0,1.0
YPR116W,0,-159.37929439544678,-18829.343543201685,0.014554794520547944,1.0,1.0
YBL095W,0,-159.69601595401764,-18764.087567180395,0.014554794520547944,1.0,1.0
YFL027C,0,-159.88467654585838,-19177.434957951307,0.014554794520547944,1.0,1.0
YER182W,0,-160.48143935203552,-19393.917013913393,0.014554794520547944,1.0,1.0
YHR189W,0,-160.6424131989479,-19232.876820623875,0.014554794520547944,1.0,1.0
YIR024C,0,-161.76929792761803,-19299.471518427134,0.014554794520547944,1.0,1.0
YHR038W,0,-162.53815340995789,-19299.777928054333,0.014554794520547944,1.0,1.0
YGL143C,0,-165.9705228805542,-20219.158748358488,0.014554794520547944,1.0,1.0
YHR199C,0,-166.0676749944687,-19395.972939908504,0.014554794520547944,1.0,1.0
YHR162W,0,-167.98557463288307,-19786.609655469656,0.014554794520547944,1.0,1.0
YBL015W,0,-170.0886144042015,-20241.597579091787,0.014554794520547944,1.0,1.0
YGL080W,0,-172.81364804506302,-20349.244554162025,0.014554794520547944,1.0,1.0
YPL222W,0,-172.91477698087692,-20316.040339440107,0.014554794520547944,1.0,1.0
