Gene A,Gene B,Label,Score,Precision,Recall,False Positive Rate
YDL074C,YGL058W,1,0.45598662,1.0,0.0010000000474974513,0.0
YGL058W,YLR321C,1,-0.30106893,1.0,0.0020000000949949026,0.0
YDL074C,YMR263W,1,-0.36373934,1.0,0.003000000026077032,0.0
YML010W,YGL112C,1,-0.4265418,1.0,0.004000000189989805,0.0
YBR279W,YBR275C,1,-0.6971247,1.0,0.004999999888241291,0.0
YJL168C,YBR103W,1,-0.7496977,1.0,0.006000000052154064,0.0
YLR223C,YPL138C,1,-0.7576708,1.0,0.007000000216066837,0.0
YLR033W,YOL006C,1,-0.7687447,1.0,0.00800000037997961,0.0
YBR279W,YLR321C,1,-0.83664477,1.0,0.008999999612569809,0.0
YLR418C,YGL058W,1,-0.88817376,1.0,0.009999999776482582,0.0
YDR071C,YJL168C,1,-0.9104594,1.0,0.010999999940395355,0.0
YBR278W,YGL058W,1,-0.9175813,1.0,0.012000000104308128,0.0
YDR176W,YER161C,1,-0.9292169,1.0,0.013000000268220901,0.0
YDR217C,YIL144W,0,-0.9543994,0.9285714030265808,0.013000000268220901,9.999999747378752e-05
YLR321C,YGR002C,1,-0.9606987,0.9333333373069763,0.014000000432133675,9.999999747378752e-05
YBR060C,YNR023W,1,-0.9712591,0.9375,0.014999999664723873,9.999999747378752e-05
YLR274W,YLR095C,1,-0.9900156,0.9411764740943909,0.01600000075995922,9.999999747378752e-05
YLR033W,YDL042C,1,-0.99186003,0.9444444179534912,0.017000000923871994,9.999999747378752e-05
YPR133C,YDR311W,0,-1.0106387,0.8947368264198303,0.017000000923871994,0.00019999999494757503
YNL206C,YNL107W,1,-1.011809,0.8999999761581421,0.017999999225139618,0.00019999999494757503
YLR208W,YPL210C,0,-1.0256492,0.8571428656578064,0.017999999225139618,0.0003000000142492354
YML065W,YBR103W,1,-1.0526693,0.8636363744735718,0.01899999938905239,0.0003000000142492354
YGL241W,YMR234W,0,-1.0629308,0.8260869383811951,0.01899999938905239,0.00039999998989515007
YPR179C,YDR181C,1,-1.0641786,0.8333333134651184,0.019999999552965164,0.00039999998989515007
YLR399C,YLL004W,1,-1.0736156,0.8399999737739563,0.020999999716877937,0.00039999998989515007
YMR091C,YLR033W,1,-1.0814782,0.8461538553237915,0.02199999988079071,0.00039999998989515007
YPL254W,YGR002C,1,-1.0886335,0.8518518805503845,0.023000000044703484,0.00039999998989515007
YBR279W,YPL139C,1,-1.109448,0.8571428656578064,0.024000000208616257,0.00039999998989515007
YLR418C,YJL168C,1,-1.1161393,0.8620689511299133,0.02500000037252903,0.00039999998989515007
YNL290W,YDR246W,0,-1.117182,0.8333333134651184,0.02500000037252903,0.0005000000237487257
YDR363W,YPR162C,1,-1.1326327,0.8387096524238586,0.026000000536441803,0.0005000000237487257
YOR058C,YLR292C,0,-1.142114,0.8125,0.026000000536441803,0.0006000000284984708
YPL254W,YGL058W,1,-1.1513338,0.8181818127632141,0.027000000700354576,0.0006000000284984708
YML065W,YDR485C,1,-1.1818331,0.8235294222831726,0.02800000086426735,0.0006000000284984708
YER030W,YDR485C,1,-1.1858454,0.8285714387893677,0.028999999165534973,0.0006000000284984708
YMR033W,YBR279W,1,-1.1905111,0.8333333134651184,0.029999999329447746,0.0006000000284984708
YBR279W,YBR081C,1,-1.1968001,0.837837815284729,0.03099999949336052,0.0006000000284984708
YBR215W,YLR033W,1,-1.2006912,0.8421052694320679,0.03200000151991844,0.0006000000284984708
YMR299C,YOR076C,0,-1.2048471,0.8205128312110901,0.03200000151991844,0.000699999975040555
YMR207C,YIL026C,0,-1.2258167,0.800000011920929,0.03200000151991844,0.0007999999797903001
YDL058W,YOR089C,0,-1.2434402,0.7804877758026123,0.03200000151991844,0.0008999999845400453
YMR255W,YKR062W,0,-1.2518734,0.761904776096344,0.03200000151991844,0.0010000000474974513
YLL031C,YLR305C,0,-1.2629058,0.7441860437393188,0.03200000151991844,0.0010999999940395355
YLR033W,YDR485C,1,-1.2719934,0.75,0.032999999821186066,0.0010999999940395355
YCR052W,YFR037C,1,-1.275771,0.7555555701255798,0.03400000184774399,0.0010999999940395355
YPL181W,YDR176W,1,-1.2861605,0.760869562625885,0.03500000014901161,0.0010999999940395355
YBR081C,YLR272C,1,-1.3056816,0.7659574747085571,0.035999998450279236,0.0010999999940395355
YNL330C,YGR116W,1,-1.307067,0.7708333134651184,0.03700000047683716,0.0010999999940395355
YBR103W,YOL148C,1,-1.3070759,0.7755101919174194,0.03799999877810478,0.0010999999940395355
YGR116W,YGL112C,1,-1.3112745,0.7799999713897705,0.039000000804662704,0.0010999999940395355
YLR274W,YLR321C,1,-1.3151104,0.7843137383460999,0.03999999910593033,0.0010999999940395355
YFR028C,YGR120C,0,-1.3280914,0.7692307829856873,0.03999999910593033,0.0012000000569969416
YER164W,YER133W,1,-1.3293926,0.7735849022865295,0.04100000113248825,0.0012000000569969416
YOR304W,YKR008W,1,-1.3330648,0.7777777910232544,0.041999999433755875,0.0012000000569969416
YNL216W,YCR084C,1,-1.3361865,0.7818182110786438,0.0430000014603138,0.0012000000569969416
YBR065C,YDR311W,0,-1.3408943,0.7678571343421936,0.0430000014603138,0.0013000000035390258
YJR052W,YDR393W,0,-1.3533361,0.7543859481811523,0.0430000014603138,0.00139999995008111
YIL150C,YOR213C,1,-1.3649929,0.7586206793785095,0.04399999976158142,0.00139999995008111
YFR031C,YDR464W,0,-1.3739102,0.7457627058029175,0.04399999976158142,0.001500000013038516
YDR416W,YDR200C,0,-1.3742143,0.7333333492279053,0.04399999976158142,0.0015999999595806003
YPR179C,YDL002C,1,-1.376607,0.7377049326896667,0.04500000178813934,0.0015999999595806003
YNL097C,YBR081C,1,-1.3806264,0.7419354915618896,0.04600000008940697,0.0015999999595806003
YBR060C,YBR103W,1,-1.3866246,0.7460317611694336,0.04699999839067459,0.0015999999595806003
YMR091C,YGR116W,1,-1.3891833,0.75,0.04800000041723251,0.0015999999595806003
YNR023W,YOL148C,1,-1.3956237,0.7538461685180664,0.04899999871850014,0.0015999999595806003
YIL112W,YBR231C,1,-1.3979234,0.7575757503509521,0.05000000074505806,0.0015999999595806003
YGL035C,YOR269W,0,-1.405607,0.746268630027771,0.05000000074505806,0.0017000000225380063
YNL218W,YDL058W,0,-1.4229832,0.7352941036224365,0.05000000074505806,0.0017999999690800905
YLR274W,YBR081C,1,-1.4295866,0.739130437374115,0.050999999046325684,0.0017999999690800905
YPR019W,YBL046W,0,-1.4324709,0.7285714149475098,0.050999999046325684,0.0019000000320374966
YDR363W,YDR176W,1,-1.4341046,0.7323943376541138,0.052000001072883606,0.0019000000320374966
YNL261W,YGR116W,1,-1.4366184,0.7361111044883728,0.05299999937415123,0.0019000000320374966
YMR129W,YLR277C,0,-1.4684246,0.7260273694992065,0.05299999937415123,0.0020000000949949026
YBR215W,YCL061C,1,-1.4712899,0.7297297120094299,0.05400000140070915,0.0020000000949949026
YLR210W,YOL115W,0,-1.4720204,0.7200000286102295,0.05400000140070915,0.002099999925121665
YOR304W,YLR321C,1,-1.4782034,0.7236841917037964,0.054999999701976776,0.002099999925121665
YNL262W,YHR119W,1,-1.4836401,0.7272727489471436,0.0560000017285347,0.002099999925121665
YBR215W,YIL150C,1,-1.485079,0.7307692170143127,0.05700000002980232,0.002099999925121665
YLR399C,YDR121W,1,-1.4981308,0.7341772317886353,0.057999998331069946,0.002099999925121665
YMR287C,YDR460W,0,-1.5009447,0.7250000238418579,0.057999998331069946,0.002199999988079071
YOR257W,YCL055W,0,-1.5025718,0.7160493731498718,0.057999998331069946,0.002300000051036477
YDR469W,YPL139C,1,-1.5067208,0.7195122241973877,0.05900000035762787,0.002300000051036477
YBR215W,YDR310C,1,-1.5078545,0.7228915691375732,0.05999999865889549,0.002300000051036477
YPR105C,YOL045W,0,-1.5130789,0.7142857313156128,0.05999999865889549,0.002400000113993883
YDL074C,YPR179C,1,-1.5161169,0.7176470756530762,0.061000000685453415,0.002400000113993883
YBR278W,YOR304W,1,-1.524984,0.7209302186965942,0.06199999898672104,0.002400000113993883
YBR279W,YOL006C,1,-1.5256957,0.7241379022598267,0.06300000101327896,0.002400000113993883
YOR209C,YBR060C,1,-1.5354671,0.7272727489471436,0.06400000303983688,0.002400000113993883
YPR179C,YBR095C,1,-1.5406227,0.7303370833396912,0.06499999761581421,0.002400000113993883
YOL130W,YOR039W,0,-1.5425893,0.7222222089767456,0.06499999761581421,0.0024999999441206455
YLR095C,YLL004W,1,-1.5434022,0.7252747416496277,0.06599999964237213,0.0024999999441206455
YLR399C,YLR285W,1,-1.5453647,0.72826087474823,0.06700000166893005,0.0024999999441206455
YBR279W,YNL107W,1,-1.5500706,0.7311828136444092,0.06800000369548798,0.0024999999441206455
YML098W,YDR460W,0,-1.5521867,0.7234042286872864,0.06800000369548798,0.0026000000070780516
YBR215W,YLR321C,1,-1.5593152,0.7263157963752747,0.0689999982714653,0.0026000000070780516
YBR275C,YBR103W,1,-1.5595267,0.7291666865348816,0.07000000029802322,0.0026000000070780516
YNL288W,YML114C,0,-1.559707,0.7216494679450989,0.07000000029802322,0.0027000000700354576
YDL074C,YOL148C,1,-1.5630591,0.7244898080825806,0.07100000232458115,0.0027000000700354576
YPL085W,YLR026C,0,-1.5679481,0.7171717286109924,0.07100000232458115,0.00279999990016222
YLR033W,YGR002C,1,-1.5721482,0.7200000286102295,0.07199999690055847,0.00279999990016222
YKL017C,YPR086W,0,-1.5722404,0.7128713130950928,0.07199999690055847,0.002899999963119626
YBR060C,YOR191W,1,-1.578342,0.7156862616539001,0.0729999989271164,0.002899999963119626
YLR293C,YLR096W,0,-1.5799353,0.708737850189209,0.0729999989271164,0.003000000026077032
YLR362W,YML076C,0,-1.5833122,0.7019230723381042,0.0729999989271164,0.003100000089034438
YDR473C,YOL109W,0,-1.5840738,0.6952381134033203,0.0729999989271164,0.0031999999191612005
YBR290W,YER100W,0,-1.5913182,0.6886792182922363,0.0729999989271164,0.0032999999821186066
YDR439W,YDR190C,1,-1.5921258,0.6915887594223022,0.07400000095367432,0.0032999999821186066
YOR123C,YLR321C,1,-1.5961379,0.6944444179534912,0.07500000298023224,0.0032999999821186066
YOR058C,YGL073W,0,-1.6015768,0.6880733966827393,0.07500000298023224,0.0034000000450760126
YML065W,YGL058W,1,-1.6131557,0.6909090876579285,0.07599999755620956,0.0034000000450760126
YEL030W,YNL290W,0,-1.6223134,0.684684693813324,0.07599999755620956,0.0035000001080334187
YML099C,YLR305C,0,-1.625653,0.6785714030265808,0.07599999755620956,0.003599999938160181
YMR091C,YMR075W,1,-1.6261268,0.6814159154891968,0.07699999958276749,0.003599999938160181
YLR418C,YNL262W,1,-1.6342721,0.6842105388641357,0.07800000160932541,0.003599999938160181
YPL181W,YPL235W,1,-1.6532755,0.686956524848938,0.07900000363588333,0.003599999938160181
YLR418C,YOL148C,1,-1.6556838,0.6896551847457886,0.07999999821186066,0.003599999938160181
YGL174W,YIL016W,0,-1.6565791,0.6837607026100159,0.07999999821186066,0.003700000001117587
YMR033W,YMR263W,1,-1.6604648,0.6864407062530518,0.08100000023841858,0.003700000001117587
YCL061C,YGL112C,1,-1.6607021,0.6890756487846375,0.0820000022649765,0.003700000001117587
YOR023C,YOR213C,1,-1.664768,0.6916666626930237,0.08299999684095383,0.003700000001117587
YMR219W,YJL168C,1,-1.6697893,0.6942148804664612,0.08399999886751175,0.003700000001117587
YPL181W,YBR060C,1,-1.67231,0.6967213153839111,0.08500000089406967,0.003700000001117587
YOR023C,YOR191W,1,-1.6751215,0.6991869807243347,0.0860000029206276,0.003700000001117587
YLR418C,YNL097C,1,-1.6766934,0.7016128897666931,0.08699999749660492,0.003700000001117587
YPL254W,YCL061C,1,-1.6855034,0.7039999961853027,0.08799999952316284,0.003700000001117587
YFL013C,YJL168C,1,-1.6896079,0.7063491940498352,0.08900000154972076,0.003700000001117587
YGL174W,YGR129W,0,-1.6907272,0.7007874250411987,0.08900000154972076,0.003800000064074993
YLR418C,YBL008W,1,-1.6980678,0.703125,0.09000000357627869,0.003800000064074993
YDL226C,YAL043C,0,-1.6999552,0.6976743936538696,0.09000000357627869,0.0038999998942017555
YGL163C,YJL168C,1,-1.704719,0.699999988079071,0.09099999815225601,0.0038999998942017555
YKL179C,YML115C,0,-1.708059,0.694656491279602,0.09099999815225601,0.004000000189989805
YMR060C,YDR495C,0,-1.7080743,0.689393937587738,0.09099999815225601,0.004100000020116568
YOR030W,YDR311W,0,-1.7093576,0.6842105388641357,0.09099999815225601,0.00419999985024333
YFR046C,YIL085C,0,-1.7134755,0.6791045069694519,0.09099999815225601,0.00430000014603138
YDR439W,YMR075W,1,-1.7147757,0.6814814805984497,0.09200000017881393,0.00430000014603138
YML099C,YLR383W,0,-1.7167575,0.6764705777168274,0.09200000017881393,0.004399999976158142
YMR033W,YIL112W,1,-1.7173973,0.6788321137428284,0.09300000220537186,0.004399999976158142
YIL026C,YLR369W,0,-1.7179363,0.6739130616188049,0.09300000220537186,0.0044999998062849045
YDR181C,YDR485C,1,-1.7185141,0.6762589812278748,0.09399999678134918,0.0044999998062849045
YBR211C,YHR012W,0,-1.720274,0.6714285612106323,0.09399999678134918,0.004600000102072954
YLR208W,YBR082C,0,-1.7218237,0.6666666865348816,0.09399999678134918,0.004699999932199717
YER177W,YER021W,0,-1.7287492,0.6619718074798584,0.09399999678134918,0.004800000227987766
YJR135C,YHR135C,0,-1.7303096,0.6573426723480225,0.09399999678134918,0.004900000058114529
YHR036W,YNL099C,0,-1.7535491,0.6527777910232544,0.09399999678134918,0.004999999888241291
YLR399C,YLR274W,1,-1.753738,0.6551724076271057,0.0949999988079071,0.004999999888241291
YMR044W,YHR090C,1,-1.7569355,0.6575342416763306,0.09600000083446503,0.004999999888241291
YHR191C,YOL066C,0,-1.7643044,0.6530612111091614,0.09600000083446503,0.005100000184029341
YKL002W,YML098W,0,-1.7651513,0.6486486196517944,0.09600000083446503,0.005200000014156103
YLR163C,YDR217C,0,-1.7663738,0.6442952752113342,0.09600000083446503,0.0052999998442828655
YNL097C,YGL244W,1,-1.7666099,0.6466666460037231,0.09700000286102295,0.0052999998442828655
YMR075W,YBR095C,1,-1.7683456,0.6490066051483154,0.09799999743700027,0.0052999998442828655
YGL058W,YMR247C,1,-1.7710949,0.6513158082962036,0.0989999994635582,0.0052999998442828655
YOR123C,YPL139C,1,-1.7716137,0.6535947918891907,0.10000000149011612,0.0052999998442828655
YLR357W,YGL066W,1,-1.7719743,0.6558441519737244,0.10100000351667404,0.0052999998442828655
YGL113W,YDR177W,0,-1.7744815,0.6516128778457642,0.10100000351667404,0.005400000140070915
YOL059W,YOR099W,0,-1.7755651,0.6474359035491943,0.10100000351667404,0.005499999970197678
YBL008W,YDR310C,1,-1.7790515,0.6496815085411072,0.10199999809265137,0.005499999970197678
YBR275C,YIL084C,1,-1.7798811,0.6518987417221069,0.10300000011920929,0.005499999970197678
YJR060W,YLR321C,1,-1.7809968,0.6540880799293518,0.10400000214576721,0.005499999970197678
YOL068C,YFL013C,1,-1.7834773,0.65625,0.10499999672174454,0.005499999970197678
YER161C,YDR485C,1,-1.789592,0.6583850979804993,0.10599999874830246,0.005499999970197678
YJL156C,YMR227C,0,-1.791926,0.654321014881134,0.10599999874830246,0.00559999980032444
YBR274W,YKR090W,0,-1.7939649,0.650306761264801,0.10599999874830246,0.00570000009611249
YGR225W,YPL130W,0,-1.7942817,0.6463414430618286,0.10599999874830246,0.005799999926239252
YOR241W,YKL028W,0,-1.7973853,0.6424242258071899,0.10599999874830246,0.005900000222027302
YBL023C,YOR270C,0,-1.7983859,0.6385542154312134,0.10599999874830246,0.006000000052154064
YDR440W,YDL042C,1,-1.7993912,0.6407185792922974,0.10700000077486038,0.006000000052154064
YMR091C,YPR018W,1,-1.8022099,0.6428571343421936,0.1080000028014183,0.006000000052154064
YBR060C,YJL168C,1,-1.8029386,0.6449704170227051,0.10899999737739563,0.006000000052154064
YNL059C,YBR095C,1,-1.8034775,0.6470588445663452,0.10999999940395355,0.006000000052154064
YOR239W,YPL032C,0,-1.8044231,0.6432748436927795,0.10999999940395355,0.006099999882280827
YHR166C,YKR014C,0,-1.805286,0.6395348906517029,0.10999999940395355,0.006200000178068876
YOL148C,YDR485C,1,-1.8066213,0.6416184902191162,0.11100000143051147,0.006200000178068876
YOR304W,YJL168C,1,-1.8130044,0.6436781883239746,0.1120000034570694,0.006200000178068876
YJL115W,YGR002C,1,-1.8148924,0.645714282989502,0.11299999803304672,0.006200000178068876
YCL061C,YLR357W,1,-1.8159692,0.6477272510528564,0.11400000005960464,0.006200000178068876
YKR054C,YOL072W,0,-1.8168944,0.6440678238868713,0.11400000005960464,0.006300000008195639
YBL008W,YPL128C,1,-1.8195103,0.6460674405097961,0.11500000208616257,0.006300000008195639
YMR044W,YGR275W,1,-1.8211894,0.6480447053909302,0.11599999666213989,0.006300000008195639
YGR275W,YJL168C,1,-1.8231617,0.6499999761581421,0.11699999868869781,0.006300000008195639
YBR275C,YDL076C,1,-1.8290601,0.6519337296485901,0.11800000071525574,0.006300000008195639
YPR031W,YBR231C,1,-1.8290989,0.6538461446762085,0.11900000274181366,0.006300000008195639
YDR075W,YCR042C,0,-1.8293161,0.6502732038497925,0.11900000274181366,0.006399999838322401
YMR075W,YPR018W,1,-1.8295326,0.6521739363670349,0.11999999731779099,0.006399999838322401
YBR236C,YOR039W,0,-1.8313859,0.6486486196517944,0.11999999731779099,0.006500000134110451
YBR041W,YEL002C,0,-1.8321421,0.6451612710952759,0.11999999731779099,0.006599999964237213
YAL034W-A,YLR298C,0,-1.8325539,0.6417112350463867,0.11999999731779099,0.0066999997943639755
YOR304W,YBR275C,1,-1.8330283,0.6436170339584351,0.12099999934434891,0.0066999997943639755
YOR034C,YLR347C,0,-1.8338386,0.6402116417884827,0.12099999934434891,0.006800000090152025
YKL017C,YLR383W,0,-1.8339105,0.6368421316146851,0.12099999934434891,0.006899999920278788
YBR278W,YML127W,1,-1.8339367,0.6387434601783752,0.12200000137090683,0.006899999920278788
YER061C,YPL085W,0,-1.8386688,0.6354166865348816,0.12200000137090683,0.007000000216066837
YFR037C,YBR081C,1,-1.8398212,0.6373056769371033,0.12300000339746475,0.007000000216066837
YLR052W,YGL112C,1,-1.8412639,0.6391752362251282,0.12399999797344208,0.007000000216066837
YPR179C,YDR485C,1,-1.8436604,0.6410256624221802,0.125,0.007000000216066837
YAL011W,YGL112C,1,-1.8457597,0.6428571343421936,0.12600000202655792,0.007000000216066837
YER133W,YOL068C,1,-1.8458318,0.6446700692176819,0.12700000405311584,0.007000000216066837
YDR310C,YOL006C,1,-1.8487854,0.6464646458625793,0.12800000607967377,0.007000000216066837
YDR183W,YCR014C,0,-1.8511803,0.643216073513031,0.12800000607967377,0.0071000000461936
YCR066W,YDR170C,0,-1.8559396,0.6399999856948853,0.12800000607967377,0.007199999876320362
YKR035W-A,YDL207W,0,-1.8561032,0.6368159055709839,0.12800000607967377,0.007300000172108412
YLR095C,YFR037C,1,-1.8569938,0.6386138796806335,0.1289999932050705,0.007300000172108412
YMR014W,YMR288W,0,-1.8581066,0.6354680061340332,0.1289999932050705,0.007400000002235174
YBL057C,YOL094C,0,-1.8583223,0.6323529481887817,0.1289999932050705,0.007499999832361937
YBL008W,YML010W,1,-1.8643165,0.6341463327407837,0.12999999523162842,0.007499999832361937
YBL103C,YGL145W,0,-1.8657833,0.6310679316520691,0.12999999523162842,0.007600000128149986
YKL179C,YDL207W,0,-1.8668697,0.6280193328857422,0.12999999523162842,0.007699999958276749
YDR289C,YDR486C,0,-1.86916,0.625,0.12999999523162842,0.007799999788403511
YJR082C,YMR091C,1,-1.8720024,0.6267942786216736,0.13099999725818634,0.007799999788403511
YML127W,YGR116W,1,-1.8724426,0.6285714507102966,0.13199999928474426,0.007799999788403511
YBL008W,YMR080C,1,-1.8741624,0.6303317546844482,0.13300000131130219,0.007799999788403511
YJR050W,YLR396C,0,-1.8843579,0.6273584961891174,0.13300000131130219,0.007899999618530273
YMR275C,YIL118W,0,-1.8845973,0.6244131326675415,0.13300000131130219,0.00800000037997961
YNL288W,YJR093C,0,-1.8849962,0.6214953064918518,0.13300000131130219,0.008100000210106373
YNL118C,YKR062W,0,-1.8871853,0.6186046600341797,0.13300000131130219,0.008200000040233135
YDR439W,YOR279C,1,-1.8945444,0.6203703880310059,0.1340000033378601,0.008200000040233135
YPL181W,YPR162C,1,-1.8951069,0.6221198439598083,0.13500000536441803,0.008200000040233135
YDR440W,YOR304W,1,-1.8971643,0.6238532066345215,0.13600000739097595,0.008200000040233135
YDR179C,YPL167C,0,-1.8981147,0.621004581451416,0.13600000739097595,0.008299999870359898
YMR277W,YOR106W,0,-1.8987384,0.6181818246841431,0.13600000739097595,0.00839999970048666
YFL024C,YLR321C,1,-1.902671,0.6199095249176025,0.13699999451637268,0.00839999970048666
YER133W,YMR044W,1,-1.9036603,0.6216216087341309,0.1379999965429306,0.00839999970048666
YPL115C,YBR061C,0,-1.9038198,0.6188340783119202,0.1379999965429306,0.008500000461935997
YER030W,YDL076C,1,-1.911495,0.6205357313156128,0.13899999856948853,0.008500000461935997
YLR033W,YDR310C,1,-1.911665,0.6222222447395325,0.14000000059604645,0.008500000461935997
YER029C,YAL047C,0,-1.9119713,0.6194690465927124,0.14000000059604645,0.00860000029206276
YLR033W,YOL004W,1,-1.9127356,0.6211453676223755,0.14100000262260437,0.00860000029206276
YOR191W,YGR116W,1,-1.9135349,0.6228070259094238,0.1420000046491623,0.00860000029206276
YDL028C,YJR126C,0,-1.9153161,0.6200873255729675,0.1420000046491623,0.008700000122189522
YIR010W,YDL028C,0,-1.9169905,0.6173912882804871,0.1420000046491623,0.008799999952316284
YBR278W,YGR002C,1,-1.9176055,0.6190476417541504,0.14300000667572021,0.008799999952316284
YLR418C,YHR099W,1,-1.9191983,0.6206896305084229,0.14399999380111694,0.008799999952316284
YBR010W,YMR091C,1,-1.9235495,0.6223176121711731,0.14499999582767487,0.008799999952316284
YIR025W,YJR043C,0,-1.9267399,0.6196581125259399,0.14499999582767487,0.008899999782443047
YOL068C,YKR029C,1,-1.9310503,0.6212766170501709,0.1459999978542328,0.008899999782443047
YIL021W,YIL063C,0,-1.9313961,0.6186440587043762,0.1459999978542328,0.008999999612569809
YLR115W,YJR043C,0,-1.9314402,0.6160337328910828,0.1459999978542328,0.009100000374019146
YDR440W,YGR002C,1,-1.9333429,0.6176470518112183,0.1469999998807907,0.009100000374019146
YOR304W,YCR033W,1,-1.9335002,0.6192468404769897,0.14800000190734863,0.009100000374019146
YNL309W,YDR325W,0,-1.9337142,0.6166666746139526,0.14800000190734863,0.009200000204145908
YMR033W,YDR469W,1,-1.9357741,0.6182572841644287,0.14900000393390656,0.009200000204145908
YHR119W,YDR227W,1,-1.9387805,0.6198347210884094,0.15000000596046448,0.009200000204145908
YJR140C,YGR063C,1,-1.9388041,0.6213991641998291,0.1509999930858612,0.009200000204145908
YML127W,YLR385C,1,-1.9394209,0.6229507923126221,0.15199999511241913,0.009200000204145908
YDR292C,YDR160W,0,-1.9396458,0.6204081773757935,0.15199999511241913,0.00930000003427267
YOL012C,YGL244W,1,-1.9415709,0.6219512224197388,0.15299999713897705,0.00930000003427267
YPL115C,YLR368W,0,-1.9428424,0.6194332242012024,0.15299999713897705,0.009399999864399433
YJR083C,YLR309C,0,-1.943964,0.6169354915618896,0.15299999713897705,0.009499999694526196
YBR296C,YHR098C,0,-1.9470549,0.6144578456878662,0.15299999713897705,0.009600000455975533
YPL181W,YKR008W,1,-1.952484,0.6159999966621399,0.15399999916553497,0.009600000455975533
YPL051W,YPL007C,0,-1.9532678,0.613545835018158,0.15399999916553497,0.009700000286102295
YDR440W,YGL112C,1,-1.9535995,0.6150793433189392,0.1550000011920929,0.009700000286102295
YOR061W,YKL095W,0,-1.9541478,0.6126482486724854,0.1550000011920929,0.009800000116229057
YDR499W,YER031C,0,-1.9553561,0.6102362275123596,0.1550000011920929,0.00989999994635582
YDR140W,YLR376C,0,-1.9566272,0.6078431606292725,0.1550000011920929,0.009999999776482582
YER114C,YGR202C,0,-1.9572942,0.60546875,0.1550000011920929,0.010099999606609344
YJR083C,YNL298W,0,-1.9577994,0.6031128168106079,0.1550000011920929,0.010200000368058681
YGR056W,YPL235W,1,-1.9618189,0.604651153087616,0.15600000321865082,0.010200000368058681
YLR052W,YBR103W,1,-1.968263,0.6061776280403137,0.15700000524520874,0.010200000368058681
YLR206W,YIL095W,0,-1.968535,0.6038461327552795,0.15700000524520874,0.010300000198185444
YMR314W,YHR165C,0,-1.9695144,0.6015325784683228,0.15700000524520874,0.010400000028312206
YJR144W,YDL036C,0,-1.9790735,0.5992366671562195,0.15700000524520874,0.010499999858438969
YNR023W,YGL112C,1,-1.9813452,0.6007604598999023,0.15800000727176666,0.010499999858438969
YGR156W,YNL049C,0,-1.9834667,0.5984848737716675,0.15800000727176666,0.010599999688565731
YKR008W,YML010W,1,-1.9877596,0.6000000238418579,0.1589999943971634,0.010599999688565731
YDR437W,YNL263C,0,-1.9902952,0.597744345664978,0.1589999943971634,0.010700000450015068
YNL059C,YNL262W,1,-1.9905331,0.5992509126663208,0.1599999964237213,0.010700000450015068
YML127W,YPL139C,1,-1.9921119,0.6007462739944458,0.16099999845027924,0.010700000450015068
YDL069C,YDR054C,0,-1.992257,0.5985130071640015,0.16099999845027924,0.01080000028014183
YGR276C,YDR409W,0,-1.9934032,0.5962963104248047,0.16099999845027924,0.010900000110268593
YER178W,YDR409W,0,-1.9950008,0.5940959453582764,0.16099999845027924,0.010999999940395355
YMR075W,YMR127C,1,-1.9971272,0.595588207244873,0.16200000047683716,0.010999999940395355
YLR086W,YJL138C,0,-1.9993372,0.593406617641449,0.16200000047683716,0.011099999770522118
YDL197C,YMR044W,1,-2.000741,0.5948905348777771,0.16300000250339508,0.011099999770522118
YKL146W,YDL226C,0,-2.0026436,0.5927272439002991,0.16300000250339508,0.01119999960064888
YKL002W,YHR158C,0,-2.0036864,0.5905796885490417,0.16300000250339508,0.011300000362098217
YER040W,YGR270W,0,-2.0047975,0.588447630405426,0.16300000250339508,0.01140000019222498
YNL153C,YGR186W,0,-2.0061526,0.5863309502601624,0.16300000250339508,0.011500000022351742
YDR499W,YGR099W,0,-2.0085824,0.5842294096946716,0.16300000250339508,0.011599999852478504
YBR081C,YPL129W,1,-2.0087223,0.5857142806053162,0.164000004529953,0.011599999852478504
YFR034C,YNL049C,0,-2.0107017,0.5836299061775208,0.164000004529953,0.011699999682605267
YBR119W,YER022W,0,-2.0107296,0.5815602540969849,0.164000004529953,0.011800000444054604
YLR095C,YDR485C,1,-2.0107422,0.583038866519928,0.16500000655651093,0.011800000444054604
YNL216W,YGR056W,1,-2.0114405,0.5845070481300354,0.16599999368190765,0.011800000444054604
YPR052C,YER161C,1,-2.012665,0.5859649181365967,0.16699999570846558,0.011800000444054604
YGL070C,YCL063W,0,-2.0134256,0.5839160680770874,0.16699999570846558,0.011900000274181366
YKL052C,YDR137W,0,-2.013582,0.5818815231323242,0.16699999570846558,0.012000000104308128
YIL112W,YPL055C,1,-2.0145097,0.5833333134651184,0.1679999977350235,0.012000000104308128
YNL149C,YLR026C,0,-2.0152373,0.5813148617744446,0.1679999977350235,0.01209999993443489
YGL241W,YBR123C,0,-2.016035,0.5793103575706482,0.1679999977350235,0.012199999764561653
YGL172W,YDL235C,0,-2.016271,0.5773195624351501,0.1679999977350235,0.012299999594688416
YGL112C,YOL006C,1,-2.0188713,0.5787671208381653,0.16899999976158142,0.012299999594688416
YMR149W,YJR046W,0,-2.0191917,0.5767918229103088,0.16899999976158142,0.012400000356137753
YOR144C,YDL030W,0,-2.023644,0.5748299360275269,0.16899999976158142,0.012500000186264515
YIL026C,YKL203C,0,-2.0247207,0.5728813409805298,0.16899999976158142,0.012600000016391277
YNL229C,YOR106W,0,-2.026037,0.5709459185600281,0.16899999976158142,0.01269999984651804
YOL149W,YML062C,0,-2.0265422,0.5690235495567322,0.16899999976158142,0.012799999676644802
YER133W,YGR275W,1,-2.0277522,0.5704697966575623,0.17000000178813934,0.012799999676644802
YDR153C,YLR147C,0,-2.0281346,0.568561851978302,0.17000000178813934,0.012900000438094139
YMR044W,YIL150C,1,-2.028791,0.5699999928474426,0.17100000381469727,0.012900000438094139
YOR244W,YPR031W,1,-2.0294797,0.5714285969734192,0.1720000058412552,0.012900000438094139
YPL190C,YOR057W,0,-2.0330787,0.5695364475250244,0.1720000058412552,0.013000000268220901
YNL099C,YPL045W,0,-2.0340219,0.5676567554473877,0.1720000058412552,0.013100000098347664
YDR121W,YGL244W,1,-2.0352721,0.5690789222717285,0.17299999296665192,0.013100000098347664
YGL241W,YIL021W,0,-2.035759,0.5672131180763245,0.17299999296665192,0.013199999928474426
YNL097C,YMR236W,1,-2.0364845,0.5686274766921997,0.17399999499320984,0.013199999928474426
YLR248W,YML034W,0,-2.0381498,0.5667752623558044,0.17399999499320984,0.013299999758601189
YBR279W,YDR190C,1,-2.0409393,0.5681818127632141,0.17499999701976776,0.013299999758601189
YOR039W,YKL139W,0,-2.0428195,0.5663430690765381,0.17499999701976776,0.013399999588727951
YNL216W,YHR099W,1,-2.0436301,0.5677419304847717,0.17599999904632568,0.013399999588727951
YMR255W,YMR047C,0,-2.0441804,0.5659164190292358,0.17599999904632568,0.013500000350177288
YMR153W,YDL006W,0,-2.0451875,0.5641025900840759,0.17599999904632568,0.01360000018030405
YLR114C,YJL156C,0,-2.045794,0.5623003244400024,0.17599999904632568,0.013700000010430813
YKL149C,YGL254W,0,-2.049257,0.5605095624923706,0.17599999904632568,0.013799999840557575
YMR044W,YML065W,1,-2.050175,0.561904788017273,0.1770000010728836,0.013799999840557575
YPR141C,YMR227C,0,-2.0543213,0.5601266026496887,0.1770000010728836,0.013899999670684338
YOR123C,YNL330C,1,-2.0548623,0.5615141987800598,0.17800000309944153,0.013899999670684338
YOR023C,YGL150C,1,-2.055552,0.5628930926322937,0.17900000512599945,0.013899999670684338
YER164W,YKR029C,1,-2.056109,0.5642633438110352,0.18000000715255737,0.013899999670684338
YDR334W,YLR272C,1,-2.0579586,0.565625011920929,0.1809999942779541,0.013899999670684338
YNL290W,YDR532C,0,-2.0582263,0.5638629198074341,0.1809999942779541,0.014000000432133675
YGL058W,YPL016W,1,-2.0608482,0.5652173757553101,0.18199999630451202,0.014000000432133675
YOL130W,YGL086W,0,-2.062684,0.5634675025939941,0.18199999630451202,0.014100000262260437
YBL041W,YDR429C,0,-2.0632656,0.5617284178733826,0.18199999630451202,0.0142000000923872
YBR010W,YLL004W,1,-2.063774,0.563076913356781,0.18299999833106995,0.0142000000923872
YJL178C,YDR532C,0,-2.0638678,0.5613496899604797,0.18299999833106995,0.014299999922513962
YKR095W,YLR026C,0,-2.064039,0.5596330165863037,0.18299999833106995,0.014399999752640724
YDL161W,YHR158C,0,-2.064248,0.5579268336296082,0.18299999833106995,0.014499999582767487
YMR075W,YKR029C,1,-2.0659282,0.5592705011367798,0.18400000035762787,0.014499999582767487
YLR418C,YER133W,1,-2.0685163,0.560606062412262,0.1850000023841858,0.014499999582767487
YLR182W,YHR135C,0,-2.0692763,0.5589123964309692,0.1850000023841858,0.014600000344216824
YIL044C,YDR054C,0,-2.071437,0.5572289228439331,0.1850000023841858,0.014700000174343586
YER133W,YNL261W,1,-2.0730195,0.5585585832595825,0.1860000044107437,0.014700000174343586
YDR071C,YNR023W,1,-2.0756302,0.559880256652832,0.18700000643730164,0.014700000174343586
YKL160W,YNR023W,1,-2.0773685,0.5611940026283264,0.18799999356269836,0.014700000174343586
YMR277W,YEL019C,0,-2.0800009,0.5595238208770752,0.18799999356269836,0.014800000004470348
YJR140C,YPR162C,1,-2.0836215,0.56083083152771,0.1889999955892563,0.014800000004470348
YJL112W,YOR057W,0,-2.0858114,0.5591716170310974,0.1889999955892563,0.01489999983459711
YLR254C,YPR094W,0,-2.0861235,0.5575221180915833,0.1889999955892563,0.014999999664723873
YNL288W,YPL101W,0,-2.086566,0.5558823347091675,0.1889999955892563,0.01510000042617321
YLR078C,YDR318W,0,-2.0890265,0.5542522072792053,0.1889999955892563,0.015200000256299973
YMR022W,YLR385C,1,-2.091538,0.5555555820465088,0.1899999976158142,0.015200000256299973
YER161C,YBR231C,1,-2.093035,0.556851327419281,0.19099999964237213,0.015200000256299973
YLR115W,YDL013W,0,-2.0931644,0.555232584476471,0.19099999964237213,0.015300000086426735
YGL086W,YGL011C,0,-2.0938926,0.5536231994628906,0.19099999964237213,0.015399999916553497
YBR109C,YOL094C,0,-2.0945086,0.5520231127738953,0.19099999964237213,0.01549999974668026
YNL153C,YML114C,0,-2.0963583,0.5504322648048401,0.19099999964237213,0.015599999576807022
YGL066W,YBR081C,1,-2.0964625,0.5517241358757019,0.19200000166893005,0.015599999576807022
YGL244W,YGL066W,1,-2.0972123,0.5530086159706116,0.19300000369548798,0.015599999576807022
YCL051W,YKR062W,0,-2.0993319,0.5514285564422607,0.19300000369548798,0.015699999406933784
YAR014C,YAL035W,0,-2.1003525,0.5498575568199158,0.19300000369548798,0.015799999237060547
YNL094W,YJR043C,0,-2.1020484,0.5482954382896423,0.19300000369548798,0.01590000092983246
YLR431C,YKL149C,0,-2.1021519,0.5467422008514404,0.19300000369548798,0.01600000075995922
YIL110W,YMR227C,0,-2.1041944,0.5451977252960205,0.19300000369548798,0.016100000590085983
YDR181C,YLR272C,1,-2.105767,0.5464788675308228,0.1940000057220459,0.016100000590085983
YER061C,YKR001C,0,-2.1078122,0.5449438095092773,0.1940000057220459,0.016200000420212746
YFR034C,YMR149W,0,-2.1078508,0.5434173941612244,0.1940000057220459,0.016300000250339508
YOR279C,YBR103W,1,-2.109678,0.5446927547454834,0.19499999284744263,0.016300000250339508
YJR083C,YKL054C,0,-2.1106467,0.543175458908081,0.19499999284744263,0.01640000008046627
YER133W,YCL061C,1,-2.1110008,0.5444444417953491,0.19599999487400055,0.01640000008046627
YLR115W,YCL016C,0,-2.1119928,0.5429362654685974,0.19599999487400055,0.016499999910593033
YHR191C,YPL146C,0,-2.1128123,0.541436493396759,0.19599999487400055,0.016599999740719795
YBR215W,YBR289W,1,-2.1128278,0.5426997542381287,0.19699999690055847,0.016599999740719795
YPL232W,YNL283C,0,-2.1131747,0.541208803653717,0.19699999690055847,0.016699999570846558
YLR399C,YBR060C,1,-2.1169837,0.5424657464027405,0.1979999989271164,0.016699999570846558
YER154W,YJR126C,0,-2.1175418,0.5409836173057556,0.1979999989271164,0.01679999940097332
YLR321C,YBR289W,1,-2.118057,0.5422343611717224,0.19900000095367432,0.01679999940097332
YBL008W,YKR029C,1,-2.1182609,0.54347825050354,0.20000000298023224,0.01679999940097332
YDR439W,YMR263W,1,-2.1197052,0.5447154641151428,0.20100000500679016,0.01679999940097332
YKL160W,YML127W,1,-2.1225278,0.545945942401886,0.20200000703334808,0.01679999940097332
YLR223C,YDR227W,1,-2.1268709,0.5471698045730591,0.2029999941587448,0.01679999940097332
YNL261W,YML010W,1,-2.1275616,0.5483871102333069,0.20399999618530273,0.01679999940097332
YNL225C,YMR200W,0,-2.1280906,0.5469169020652771,0.20399999618530273,0.016899999231100082
YNL059C,YER133W,1,-2.1287708,0.5481283664703369,0.20499999821186066,0.016899999231100082
YPL128C,YPL139C,1,-2.129884,0.5493333339691162,0.20600000023841858,0.016899999231100082
YER013W,YJR052W,0,-2.1306517,0.5478723645210266,0.20600000023841858,0.017000000923871994
YIL044C,YJL047C,0,-2.1316073,0.546419084072113,0.20600000023841858,0.017100000753998756
YDR121W,YOR123C,1,-2.1319997,0.5476190447807312,0.2070000022649765,0.017100000753998756
YER164W,YMR075W,1,-2.1323447,0.5488126873970032,0.20800000429153442,0.017100000753998756
YJL090C,YKL130C,0,-2.1326988,0.5473684072494507,0.20800000429153442,0.01720000058412552
YBR009C,YPR162C,1,-2.1333158,0.5485564470291138,0.20900000631809235,0.01720000058412552
YDR228C,YDR478W,0,-2.1381993,0.5471203923225403,0.20900000631809235,0.01730000041425228
YOR261C,YML076C,0,-2.1401803,0.5456919074058533,0.20900000631809235,0.017400000244379044
YKL041W,YMR197C,0,-2.140401,0.5442708134651184,0.20900000631809235,0.017500000074505806
YOR241W,YPL157W,0,-2.141788,0.5428571701049805,0.20900000631809235,0.01759999990463257
YMR014W,YGL035C,0,-2.1436017,0.5414507985115051,0.20900000631809235,0.01769999973475933
YCR037C,YKR086W,0,-2.146518,0.5400516986846924,0.20900000631809235,0.017799999564886093
YOR112W,YDR341C,0,-2.1472425,0.5386598110198975,0.20900000631809235,0.017899999395012856
YNL118C,YJR050W,0,-2.1498747,0.5372750759124756,0.20900000631809235,0.017999999225139618
YLR399C,YDR096W,1,-2.1501572,0.5384615659713745,0.20999999344348907,0.017999999225139618
YDL064W,YOR106W,0,-2.1507626,0.5370844006538391,0.20999999344348907,0.01810000091791153
YOR279C,YER161C,1,-2.151356,0.5382652878761292,0.210999995470047,0.01810000091791153
YDR181C,YDR310C,1,-2.1542974,0.5394402146339417,0.21199999749660492,0.01810000091791153
YDL045C,YPR139C,0,-2.1545827,0.5380710363388062,0.21199999749660492,0.018200000748038292
YGR004W,YOR140W,0,-2.1550746,0.5367088317871094,0.21199999749660492,0.018300000578165054
YER114C,YMR065W,0,-2.1567318,0.5353535413742065,0.21199999749660492,0.018400000408291817
YLR285W,YBR289W,1,-2.159051,0.5365239381790161,0.21299999952316284,0.018400000408291817
YHL003C,YDL232W,0,-2.1615696,0.5351758599281311,0.21299999952316284,0.01850000023841858
YDR440W,YPL128C,1,-2.162511,0.5363408327102661,0.21400000154972076,0.01850000023841858
YMR026C,YJR043C,0,-2.162536,0.5350000262260437,0.21400000154972076,0.01860000006854534
YOR239W,YOR194C,0,-2.1639273,0.5336658358573914,0.21400000154972076,0.018699999898672104
YJL168C,YAL011W,1,-2.1641467,0.53482586145401,0.2150000035762787,0.018699999898672104
YHR186C,YEL019C,0,-2.165387,0.5334987640380859,0.2150000035762787,0.018799999728798866
YPR046W,YDR166C,0,-2.1658318,0.5321782231330872,0.2150000035762787,0.01889999955892563
YGL071W,YNL304W,0,-2.1663678,0.5308641791343689,0.2150000035762787,0.01899999938905239
YPR020W,YDL102W,0,-2.1670775,0.5295566320419312,0.2150000035762787,0.019099999219179153
YLR459W,YPL085W,0,-2.1673472,0.5282555222511292,0.2150000035762787,0.019200000911951065
YML034W,YPL210C,0,-2.1678662,0.5269607901573181,0.2150000035762787,0.019300000742077827
YDL145C,YJR126C,0,-2.1685886,0.5256723761558533,0.2150000035762787,0.01940000057220459
YJR060W,YKR029C,1,-2.1691396,0.5268292427062988,0.2160000056028366,0.01940000057220459
YJL099W,YJL041W,0,-2.171334,0.525547444820404,0.2160000056028366,0.019500000402331352
YBR114W,YKR089C,0,-2.172464,0.5242718458175659,0.2160000056028366,0.019600000232458115
YAL051W,YLR362W,0,-2.1728666,0.5230024456977844,0.2160000056028366,0.019700000062584877
YBR103W,YDL042C,1,-2.1731904,0.5241546034812927,0.21699999272823334,0.019700000062584877
YLR059C,YDR246W,0,-2.1733165,0.5228915810585022,0.21699999272823334,0.01979999989271164
YOR322C,YOL043C,0,-2.1747122,0.5216346383094788,0.21699999272823334,0.019899999722838402
YPL069C,YER022W,0,-2.1761153,0.5203837156295776,0.21699999272823334,0.019999999552965164
YDR499W,YOL072W,0,-2.1763961,0.519138753414154,0.21699999272823334,0.020099999383091927
YBR009C,YDR071C,1,-2.1764252,0.5202863812446594,0.21799999475479126,0.020099999383091927
YPL055C,YCR033W,1,-2.1768477,0.5214285850524902,0.21899999678134918,0.020099999383091927
YGR227W,YLR384C,0,-2.1773324,0.5201900005340576,0.21899999678134918,0.02019999921321869
YPL139C,YNL107W,1,-2.1782615,0.521327018737793,0.2199999988079071,0.02019999921321869
YFL024C,YBR095C,1,-2.1795566,0.5224586129188538,0.22100000083446503,0.02019999921321869
YLR321C,YCR033W,1,-2.1814573,0.5235849022865295,0.22200000286102295,0.02019999921321869
YAL042W,YKL079W,0,-2.1832862,0.522352933883667,0.22200000286102295,0.0203000009059906
YEL029C,YLR376C,0,-2.1838772,0.5211267471313477,0.22200000286102295,0.020400000736117363
YML077W,YPL210C,0,-2.1844704,0.5199063420295715,0.22200000286102295,0.020500000566244125
YHR183W,YOR181W,0,-2.1850457,0.5186915993690491,0.22200000286102295,0.020600000396370888
YBR060C,YCR052W,1,-2.1852784,0.5198135375976562,0.22300000488758087,0.020600000396370888
YGR238C,YLR425W,0,-2.1854472,0.5186046361923218,0.22300000488758087,0.02070000022649765
YER133W,YPR162C,1,-2.1864817,0.5197215676307678,0.2240000069141388,0.02070000022649765
YDR181C,YPL128C,1,-2.1874268,0.5208333134651184,0.22499999403953552,0.02070000022649765
YDR440W,YHR119W,1,-2.187518,0.5219399333000183,0.22599999606609344,0.02070000022649765
YLR274W,YHR090C,1,-2.1887438,0.5230414867401123,0.22699999809265137,0.02070000022649765
YGR113W,YKL203C,0,-2.1918228,0.5218390822410583,0.22699999809265137,0.020800000056624413
YER030W,YLR033W,1,-2.1919358,0.5229358077049255,0.2280000001192093,0.020800000056624413
YNL059C,YDR181C,1,-2.1920993,0.5240274667739868,0.2290000021457672,0.020800000056624413
YOR236W,YGR007W,0,-2.1939988,0.5228310227394104,0.2290000021457672,0.020899999886751175
YLR242C,YML105C,0,-2.1949866,0.5216400623321533,0.2290000021457672,0.020999999716877937
YML031W,YNL154C,0,-2.195856,0.5204545259475708,0.2290000021457672,0.0210999995470047
YOR250C,YBR077C,0,-2.1961658,0.5192743539810181,0.2290000021457672,0.021199999377131462
YML077W,YHR034C,0,-2.196581,0.5180995464324951,0.2290000021457672,0.021299999207258224
YGR004W,YBL046W,0,-2.196862,0.5169300436973572,0.2290000021457672,0.021400000900030136
YKL057C,YDR362C,0,-2.1975272,0.5157657861709595,0.2290000021457672,0.0215000007301569
YIL150C,YNL088W,1,-2.198061,0.516853928565979,0.23000000417232513,0.0215000007301569
YKL134C,YLR369W,0,-2.1996574,0.5156950950622559,0.23000000417232513,0.02160000056028366
YLR095C,YGL244W,1,-2.20228,0.5167785286903381,0.23100000619888306,0.02160000056028366
YJL006C,YGR047C,0,-2.2027075,0.515625,0.23100000619888306,0.021700000390410423
YLR418C,YMR044W,1,-2.2028232,0.5167037844657898,0.23199999332427979,0.021700000390410423
YJR069C,YPR164W,0,-2.2029965,0.5155555605888367,0.23199999332427979,0.021800000220537186
YJR065C,YOR231W,0,-2.2048614,0.5144124031066895,0.23199999332427979,0.021900000050663948
YJL165C,YDR142C,0,-2.204923,0.5132743120193481,0.23199999332427979,0.02199999988079071
YDR448W,YLR274W,1,-2.2074158,0.5143488049507141,0.2329999953508377,0.02199999988079071
YER133W,YMR247C,1,-2.207455,0.515418529510498,0.23399999737739563,0.02199999988079071
YPL115C,YOL049W,0,-2.207655,0.5142857432365417,0.23399999737739563,0.022099999710917473
YFR036W,YDL159W,0,-2.2095604,0.5131579041481018,0.23399999737739563,0.022199999541044235
YJL090C,YKL079W,0,-2.209706,0.5120350122451782,0.23399999737739563,0.022299999371170998
YOR250C,YJR093C,0,-2.209997,0.5109170079231262,0.23399999737739563,0.02239999920129776
YBR103W,YPL128C,1,-2.2101266,0.5119825601577759,0.23499999940395355,0.02239999920129776
YDR096W,YGL163C,1,-2.2101514,0.5130434632301331,0.23600000143051147,0.02239999920129776
YMR075W,YPL129W,1,-2.2121055,0.5140997767448425,0.2370000034570694,0.02239999920129776
YOL146W,YOL072W,0,-2.2128816,0.5129870176315308,0.2370000034570694,0.02250000089406967
YJR119C,YPR162C,1,-2.213908,0.5140388607978821,0.23800000548362732,0.02250000089406967
YMR078C,YPR070W,0,-2.2163787,0.5129310488700867,0.23800000548362732,0.022600000724196434
YNL288W,YJR050W,0,-2.2166514,0.5118279457092285,0.23800000548362732,0.022700000554323196
YHR115C,YMR016C,0,-2.2231898,0.5107296109199524,0.23800000548362732,0.02280000038444996
YDL044C,YKR020W,0,-2.2249274,0.5096359848976135,0.23800000548362732,0.02290000021457672
YNL225C,YDR146C,0,-2.225414,0.5085470080375671,0.23800000548362732,0.023000000044703484
YDR017C,YPL169C,0,-2.2259538,0.5074626803398132,0.23800000548362732,0.023099999874830246
YKL152C,YKR090W,0,-2.2261603,0.5063830018043518,0.23800000548362732,0.02319999970495701
YNL118C,YOR106W,0,-2.2279963,0.5053078532218933,0.23800000548362732,0.02329999953508377
YJR060W,YNL261W,1,-2.2295618,0.5063559412956238,0.23899999260902405,0.02329999953508377
YNL084C,YML062C,0,-2.2304218,0.5052854418754578,0.23899999260902405,0.023399999365210533
YML127W,YML041C,1,-2.2315285,0.5063291192054749,0.23999999463558197,0.023399999365210533
YJR031C,YLL021W,0,-2.2343256,0.5052631497383118,0.23999999463558197,0.023499999195337296
YPL008W,YMR137C,0,-2.2358546,0.5042017102241516,0.23999999463558197,0.023600000888109207
YCL061C,YHR119W,1,-2.2389493,0.5052410960197449,0.2409999966621399,0.023600000888109207
YDR181C,YNL107W,1,-2.239074,0.5062761306762695,0.24199999868869781,0.023600000888109207
YMR044W,YBR060C,1,-2.2392685,0.5073068737983704,0.24300000071525574,0.023600000888109207
YGL163C,YBR275C,1,-2.2416632,0.5083333253860474,0.24400000274181366,0.023600000888109207
YGR231C,YDL047W,0,-2.2438042,0.5072765350341797,0.24400000274181366,0.02370000071823597
YBR103W,YML109W,1,-2.2439516,0.5082987546920776,0.24500000476837158,0.02370000071823597
YGL092W,YLR277C,0,-2.2451065,0.5072463750839233,0.24500000476837158,0.023800000548362732
YJR043C,YPL243W,0,-2.2470915,0.5061983466148376,0.24500000476837158,0.023900000378489494
YLR117C,YPL210C,0,-2.248247,0.5051546096801758,0.24500000476837158,0.024000000208616257
YLR114C,YMR234W,0,-2.2484279,0.5041152238845825,0.24500000476837158,0.02410000003874302
YMR275C,YGR028W,0,-2.2492435,0.5030800700187683,0.24500000476837158,0.02419999986886978
YML065W,YNL216W,1,-2.2493136,0.5040983557701111,0.2460000067949295,0.02419999986886978
YLR285W,YML065W,1,-2.250057,0.5051124691963196,0.24699999392032623,0.02419999986886978
YGR003W,YAL047C,0,-2.2506793,0.5040816068649292,0.24699999392032623,0.024299999698996544
YOR026W,YOL054W,0,-2.2532218,0.5030549764633179,0.24699999392032623,0.024399999529123306
YDL153C,YDR485C,1,-2.2533197,0.5040650367736816,0.24799999594688416,0.024399999529123306
YHR119W,YML109W,1,-2.2538977,0.5050709843635559,0.24899999797344208,0.024399999529123306
YBR060C,YKR029C,1,-2.25472,0.5060728788375854,0.25,0.024399999529123306
YNL059C,YDR071C,1,-2.2550924,0.5070707201957703,0.25099998712539673,0.024399999529123306
YJL081C,YHR099W,1,-2.2553399,0.5080645084381104,0.25200000405311584,0.024399999529123306
YBR010W,YDR310C,1,-2.2566104,0.5090543031692505,0.2529999911785126,0.024399999529123306
YMR016C,YBR143C,0,-2.256868,0.5080321431159973,0.2529999911785126,0.02449999935925007
YLR095C,YPL235W,1,-2.2573211,0.509018063545227,0.2540000081062317,0.02449999935925007
YOR241W,YMR037C,0,-2.2575762,0.5080000162124634,0.2540000081062317,0.02459999918937683
YER165W,YPR054W,0,-2.258561,0.5069860219955444,0.2540000081062317,0.024700000882148743
YPL055C,YBR275C,1,-2.261182,0.5079681277275085,0.2549999952316284,0.024700000882148743
YNL059C,YHL025W,1,-2.2612674,0.5089462995529175,0.25600001215934753,0.024700000882148743
YMR072W,YKR002W,0,-2.261286,0.5079365372657776,0.25600001215934753,0.024800000712275505
YJR105W,YIL063C,0,-2.2643578,0.5069307088851929,0.25600001215934753,0.024900000542402267
YDL155W,YOR212W,0,-2.264381,0.5059288740158081,0.25600001215934753,0.02500000037252903
YCL011C,YOR159C,0,-2.2655869,0.5049309730529785,0.25600001215934753,0.025100000202655792
YCR038C,YCL052C,0,-2.2670758,0.5039370059967041,0.25600001215934753,0.025200000032782555
YKR008W,YDR181C,1,-2.2671316,0.5049116015434265,0.25699999928474426,0.025200000032782555
YLR399C,YPL254W,1,-2.2679284,0.5058823823928833,0.257999986410141,0.025200000032782555
YCR037C,YBR061C,0,-2.2685077,0.5048923492431641,0.257999986410141,0.025299999862909317
YPR186C,YMR067C,0,-2.269241,0.50390625,0.257999986410141,0.02539999969303608
YER174C,YPL112C,0,-2.2700355,0.5029239654541016,0.257999986410141,0.025499999523162842
YHR191C,YJR144W,0,-2.2704494,0.5019454956054688,0.257999986410141,0.025599999353289604
YJL184W,YNL009W,0,-2.271085,0.5009709000587463,0.257999986410141,0.025699999183416367
YMR033W,YGR275W,1,-2.2737858,0.501937985420227,0.2590000033378601,0.025699999183416367
YGL071W,YKR072C,0,-2.2739499,0.5009671449661255,0.2590000033378601,0.025800000876188278
YDL087C,YNL268W,0,-2.2749612,0.5,0.2590000033378601,0.02590000070631504
YOL012C,YNL330C,1,-2.277902,0.5009633898735046,0.25999999046325684,0.02590000070631504
YOR023C,YMR075W,1,-2.2801898,0.5019230842590332,0.26100000739097595,0.02590000070631504
YLR191W,YDR478W,0,-2.2803571,0.5009596943855286,0.26100000739097595,0.026000000536441803
YCL061C,YMR075W,1,-2.2813346,0.501915693283081,0.2619999945163727,0.026000000536441803
YDR181C,YDR469W,1,-2.2823064,0.5028680562973022,0.2630000114440918,0.026000000536441803
YLL027W,YCR042C,0,-2.2836127,0.5019084215164185,0.2630000114440918,0.026100000366568565
YDR075W,YBR123C,0,-2.2841356,0.5009523630142212,0.2630000114440918,0.026200000196695328
YBL008W,YDR469W,1,-2.2842538,0.5019011497497559,0.2639999985694885,0.026200000196695328
YER032W,YPL042C,0,-2.2858212,0.5009487867355347,0.2639999985694885,0.02630000002682209
YDR121W,YBR095C,1,-2.2867224,0.501893937587738,0.26499998569488525,0.02630000002682209
YNL264C,YBR250W,0,-2.2872293,0.5009451508522034,0.26499998569488525,0.026399999856948853
YER177W,YHR178W,0,-2.2921853,0.5,0.26499998569488525,0.026499999687075615
YPR046W,YHR023W,0,-2.2928572,0.4990583658218384,0.26499998569488525,0.026599999517202377
YBR102C,YDL040C,0,-2.2947023,0.4981203079223633,0.26499998569488525,0.02669999934732914
YPL055C,YPR018W,1,-2.294791,0.4990619122982025,0.26600000262260437,0.02669999934732914
YKR036C,YJL035C,0,-2.2960484,0.4981273412704468,0.26600000262260437,0.026799999177455902
YJL081C,YOR279C,1,-2.2965293,0.49906542897224426,0.2669999897480011,0.026799999177455902
YDL013W,YGL070C,0,-2.296725,0.4981343150138855,0.2669999897480011,0.026900000870227814
YLL022C,YDR176W,1,-2.2969534,0.4990689158439636,0.2680000066757202,0.026900000870227814
YLL013C,YBR024W,0,-2.2973511,0.49814125895500183,0.2680000066757202,0.027000000700354576
YDR341C,YIL039W,0,-2.2992053,0.497217059135437,0.2680000066757202,0.02710000053048134
YOL130W,YDR017C,0,-2.2993913,0.4962962865829468,0.2680000066757202,0.0272000003606081
YOR304W,YML065W,1,-2.2995777,0.49722737073898315,0.26899999380111694,0.0272000003606081
YBR179C,YKR086W,0,-2.299729,0.49630996584892273,0.26899999380111694,0.027300000190734863
YLR095C,YPR162C,1,-2.2997537,0.49723756313323975,0.27000001072883606,0.027300000190734863
YAL029C,YDR166C,0,-2.300174,0.49632352590560913,0.27000001072883606,0.027400000020861626
YGR116W,YNL088W,1,-2.301015,0.49724769592285156,0.2709999978542328,0.027400000020861626
YJL168C,YDL042C,1,-2.3010948,0.4981684982776642,0.2720000147819519,0.027400000020861626
YDR121W,YMR247C,1,-2.3020215,0.499085932970047,0.27300000190734863,0.027400000020861626
YCL044C,YOL067C,0,-2.3027747,0.49817517399787903,0.27300000190734863,0.027499999850988388
YPR082C,YML055W,0,-2.303502,0.4972677528858185,0.27300000190734863,0.02759999968111515
YJR082C,YML069W,1,-2.303542,0.4981818199157715,0.27399998903274536,0.02759999968111515
YDR208W,YDR057W,0,-2.3052402,0.4972776770591736,0.27399998903274536,0.027699999511241913
YOR254C,YKL079W,0,-2.3080862,0.49637681245803833,0.27399998903274536,0.027799999341368675
YPL271W,YIL120W,0,-2.3081791,0.49547919631004333,0.27399998903274536,0.027899999171495438
YHR114W,YMR268C,0,-2.312235,0.4945848286151886,0.27399998903274536,0.02800000086426735
YBL023C,YBR057C,0,-2.3125513,0.49369367957115173,0.27399998903274536,0.02810000069439411
YDL197C,YJR060W,1,-2.3135653,0.49460431933403015,0.2750000059604645,0.02810000069439411
YJR102C,YER074W-A,0,-2.3140497,0.4937163293361664,0.2750000059604645,0.028200000524520874
YHR191C,YMR197C,0,-2.3141205,0.4928315281867981,0.2750000059604645,0.028300000354647636
YOL078W,YMR299C,0,-2.314135,0.4919499158859253,0.2750000059604645,0.0284000001847744
YDR448W,YPR018W,1,-2.3141956,0.4928571283817291,0.2759999930858612,0.0284000001847744
YOL045W,YML064C,0,-2.314904,0.49197861552238464,0.2759999930858612,0.02850000001490116
YIR009W,YGL137W,0,-2.315849,0.4911032021045685,0.2759999930858612,0.028599999845027924
YOL017W,YLR321C,1,-2.317287,0.4920071065425873,0.2770000100135803,0.028599999845027924
YBR102C,YNL222W,0,-2.3173378,0.49113476276397705,0.2770000100135803,0.028699999675154686
YDL145C,YGR113W,0,-2.3214135,0.49026548862457275,0.2770000100135803,0.02879999950528145
YPL254W,YDR181C,1,-2.3215532,0.4911660850048065,0.27799999713897705,0.02879999950528145
YPL011C,YPR139C,0,-2.3219895,0.4902998208999634,0.27799999713897705,0.02889999933540821
YML067C,YOL013C,0,-2.3234336,0.48943662643432617,0.27799999713897705,0.028999999165534973
YDR163W,YGR276C,0,-2.3236582,0.4885764420032501,0.27799999713897705,0.029100000858306885
YMR033W,YLR285W,1,-2.3261101,0.4894736707210541,0.27900001406669617,0.029100000858306885
YMR172W,YPL042C,0,-2.3263528,0.4886164665222168,0.27900001406669617,0.029200000688433647
YDL207W,YKL175W,0,-2.3267388,0.4877622425556183,0.27900001406669617,0.02930000051856041
YPR057W,YPR143W,0,-2.3270302,0.48691099882125854,0.27900001406669617,0.029400000348687172
YNL097C,YKR029C,1,-2.3271022,0.4878048896789551,0.2800000011920929,0.029400000348687172
YLR005W,YLR193C,0,-2.3274302,0.48695650696754456,0.2800000011920929,0.029500000178813934
YPL204W,YGR276C,0,-2.3282647,0.4861111044883728,0.2800000011920929,0.029600000008940697
YKL179C,YJL104W,0,-2.3283288,0.48526862263679504,0.2800000011920929,0.02969999983906746
YDL197C,YGL066W,1,-2.3313081,0.48615917563438416,0.2809999883174896,0.02969999983906746
YCR063W,YLR277C,0,-2.3315527,0.4853195250034332,0.2809999883174896,0.02979999966919422
YGR275W,YDR392W,1,-2.332891,0.48620688915252686,0.28200000524520874,0.02979999966919422
YNL290W,YGL044C,0,-2.3328965,0.48537003993988037,0.28200000524520874,0.029899999499320984
YNL312W,YFR052W,0,-2.3336277,0.4845360815525055,0.28200000524520874,0.029999999329447746
YKL005C,YKL099C,0,-2.3356006,0.48370498418807983,0.28200000524520874,0.03009999915957451
YNL161W,YML115C,0,-2.3359406,0.482876718044281,0.28200000524520874,0.03020000085234642
YBR164C,YGR009C,0,-2.3369312,0.482051283121109,0.28200000524520874,0.030300000682473183
YMR091C,YNL107W,1,-2.3387191,0.4829351603984833,0.28299999237060547,0.030300000682473183
YNL219C,YLR293C,0,-2.3399844,0.48211243748664856,0.28299999237060547,0.030400000512599945
YBR042C,YIR008C,0,-2.3402019,0.4812925159931183,0.28299999237060547,0.030500000342726707
YOR226C,YNL241C,0,-2.341235,0.48047539591789246,0.28299999237060547,0.03060000017285347
YIL103W,YDR515W,0,-2.3412526,0.4796610176563263,0.28299999237060547,0.030700000002980232
YOR099W,YHR150W,0,-2.3415215,0.4788494110107422,0.28299999237060547,0.030799999833106995
YGR267C,YLR096W,0,-2.3416102,0.47804054617881775,0.28299999237060547,0.030899999663233757
YOR030W,YOL115W,0,-2.3452485,0.4772343933582306,0.28299999237060547,0.03099999949336052
YNL221C,YOR353C,0,-2.3466582,0.4764309823513031,0.28299999237060547,0.031099999323487282
YDR062W,YLR369W,0,-2.3470654,0.4756302535533905,0.28299999237060547,0.031199999153614044
YML099C,YNL197C,0,-2.3472161,0.4748322069644928,0.28299999237060547,0.031300000846385956
YMR033W,YHL025W,1,-2.347693,0.4757118821144104,0.2840000092983246,0.031300000846385956
YML114C,YOR332W,0,-2.3477185,0.47491639852523804,0.2840000092983246,0.03139999881386757
YDL002C,YOL148C,1,-2.348905,0.4757929742336273,0.2849999964237213,0.03139999881386757
YJL081C,YHR119W,1,-2.349178,0.476666659116745,0.28600001335144043,0.03139999881386757
YLR274W,YOL006C,1,-2.349255,0.4775374233722687,0.28700000047683716,0.03139999881386757
YBR041W,YNL138W,0,-2.3493912,0.4767441749572754,0.28700000047683716,0.03150000050663948
YPL228W,YDR329C,0,-2.3496387,0.4759535789489746,0.28700000047683716,0.031599998474121094
YBL035C,YJL074C,0,-2.3498032,0.47516557574272156,0.28700000047683716,0.031700000166893005
YCL061C,YML010W,1,-2.350703,0.4760330617427826,0.2879999876022339,0.031700000166893005
YJL081C,YDR191W,1,-2.3511808,0.4768976867198944,0.289000004529953,0.031700000166893005
YLR052W,YLR272C,1,-2.3512447,0.4777594804763794,0.28999999165534973,0.031700000166893005
YOR388C,YDR113C,0,-2.3518202,0.47697368264198303,0.28999999165534973,0.03180000185966492
YNR027W,YKL204W,0,-2.3520014,0.4761904776096344,0.28999999165534973,0.03189999982714653
YDL074C,YMR247C,1,-2.3522186,0.47704917192459106,0.29100000858306885,0.03189999982714653
YOR213C,YPL016W,1,-2.3532112,0.4779050648212433,0.2919999957084656,0.03189999982714653
YJL204C,YMR235C,0,-2.3552303,0.4771241843700409,0.2919999957084656,0.03200000151991844
YPL116W,YLL004W,1,-2.3555775,0.4779771566390991,0.2930000126361847,0.03200000151991844
YDL175C,YLR181C,0,-2.357858,0.47719869017601013,0.2930000126361847,0.032099999487400055
YBL008W,YML065W,1,-2.364319,0.47804877161979675,0.2939999997615814,0.032099999487400055
YDR437W,YHR042W,0,-2.3647637,0.47727271914482117,0.2939999997615814,0.03220000118017197
YGR056W,YPL016W,1,-2.3656673,0.47811993956565857,0.29499998688697815,0.03220000118017197
YOR011W,YBR216C,0,-2.3661773,0.477346271276474,0.29499998688697815,0.03229999914765358
YML010W,YPL016W,1,-2.3667028,0.4781906306743622,0.29600000381469727,0.03229999914765358
YBL008W,YGL150C,1,-2.3668587,0.4790322482585907,0.296999990940094,0.03229999914765358
YDR176W,YPL129W,1,-2.3668718,0.4798711836338043,0.2980000078678131,0.03229999914765358
YDR243C,YMR200W,0,-2.3671846,0.47909969091415405,0.2980000078678131,0.03240000084042549
YMR182C,YLR105C,0,-2.3675547,0.47833067178726196,0.2980000078678131,0.032499998807907104
YJL014W,YMR218C,0,-2.3681626,0.47756409645080566,0.2980000078678131,0.032600000500679016
YDL090C,YML034W,0,-2.3684373,0.47679999470710754,0.2980000078678131,0.03269999846816063
YLR399C,YOR123C,1,-2.368861,0.47763577103614807,0.29899999499320984,0.03269999846816063
YML112W,YIR010W,0,-2.3712122,0.4768739938735962,0.29899999499320984,0.03280000016093254
YBR164C,YCR066W,0,-2.3715193,0.4761146605014801,0.29899999499320984,0.03290000185370445
YDR394W,YMR005W,0,-2.3730981,0.47535771131515503,0.29899999499320984,0.032999999821186066
YOL135C,YNL310C,0,-2.373599,0.47460317611694336,0.29899999499320984,0.03310000151395798
YML105C,YLR369W,0,-2.373747,0.4738510251045227,0.29899999499320984,0.03319999948143959
YMR079W,YGL212W,0,-2.374878,0.47310125827789307,0.29899999499320984,0.0333000011742115
YBL097W,YPL085W,0,-2.3756154,0.47235387563705444,0.29899999499320984,0.033399999141693115
YIL118W,YGR013W,0,-2.3764644,0.47160884737968445,0.29899999499320984,0.03350000083446503
YBR009C,YMR091C,1,-2.3769248,0.4724409580230713,0.30000001192092896,0.03350000083446503
YMR175W,YDR218C,0,-2.3777266,0.4716981053352356,0.30000001192092896,0.03359999880194664
YAR003W,YHR090C,1,-2.378042,0.47252747416496277,0.3009999990463257,0.03359999880194664
YDR121W,YOR213C,1,-2.3787863,0.4733542203903198,0.3019999861717224,0.03359999880194664
YLR394W,YDR330W,0,-2.378932,0.47261345386505127,0.3019999861717224,0.03370000049471855
YDR188W,YJL063C,0,-2.379094,0.47187501192092896,0.3019999861717224,0.033799998462200165
YOR249C,YMR075W,1,-2.3802621,0.4726988971233368,0.30300000309944153,0.033799998462200165
YGR163W,YHR086W,0,-2.3809602,0.4719626307487488,0.30300000309944153,0.033900000154972076
YIL140W,YMR153W,0,-2.3809755,0.47122862935066223,0.30300000309944153,0.03400000184774399
YJR144W,YOR060C,0,-2.3810349,0.47049689292907715,0.30300000309944153,0.0340999998152256
YJR021C,YPR189W,0,-2.3813772,0.4697674512863159,0.30300000309944153,0.03420000150799751
YOR209C,YBR279W,1,-2.3840969,0.47058823704719543,0.30399999022483826,0.03420000150799751
YMR238W,YPL232W,0,-2.3842604,0.46986088156700134,0.30399999022483826,0.034299999475479126
YPR128C,YOL005C,0,-2.3862402,0.4691357910633087,0.30399999022483826,0.03440000116825104
YOR174W,YDR463W,0,-2.3866477,0.46841293573379517,0.30399999022483826,0.03449999913573265
YDL164C,YMR218C,0,-2.386663,0.4676923155784607,0.30399999022483826,0.03460000082850456
YPR186C,YGL243W,0,-2.3869004,0.4669739007949829,0.30399999022483826,0.034699998795986176
YDR244W,YKR062W,0,-2.3886073,0.46625766158103943,0.30399999022483826,0.03480000048875809
YNL218W,YPR131C,0,-2.389269,0.465543657541275,0.30399999022483826,0.0348999984562397
YDR005C,YLR292C,0,-2.3917317,0.46483179926872253,0.30399999022483826,0.03500000014901161
YKL208W,YNL084C,0,-2.392101,0.46412214636802673,0.30399999022483826,0.035100001841783524
YDR439W,YMR127C,1,-2.3930156,0.46493902802467346,0.3050000071525574,0.035100001841783524
YDL056W,YJR002W,0,-2.393378,0.46423134207725525,0.3050000071525574,0.03519999980926514
YOL135C,YNR052C,0,-2.3940246,0.46352583169937134,0.3050000071525574,0.03530000150203705
YFL009W,YNL317W,0,-2.3941255,0.46282246708869934,0.3050000071525574,0.03539999946951866
YML080W,YOR195W,0,-2.3941994,0.46212121844291687,0.3050000071525574,0.03550000116229057
YPR046W,YGL100W,0,-2.394202,0.4614220857620239,0.3050000071525574,0.035599999129772186
YKL022C,YIL014W,0,-2.39482,0.4607250690460205,0.3050000071525574,0.0357000008225441
YMR065W,YKL074C,0,-2.3948977,0.4600301682949066,0.3050000071525574,0.03579999879002571
YBL080C,YLR139C,0,-2.3951983,0.45933735370635986,0.3050000071525574,0.03590000048279762
YPL069C,YDR057W,0,-2.3961487,0.45864662528038025,0.3050000071525574,0.035999998450279236
YJL115W,YDL197C,1,-2.3962364,0.45945945382118225,0.3059999942779541,0.035999998450279236
YNL206C,YHR090C,1,-2.3962662,0.46026986837387085,0.3070000112056732,0.035999998450279236
YMR014W,YPR070W,0,-2.3963027,0.45958083868026733,0.3070000112056732,0.03610000014305115
YNL261W,YPL129W,1,-2.396457,0.4603886306285858,0.30799999833106995,0.03610000014305115
YKL160W,YLR321C,1,-2.3975592,0.4611940383911133,0.3089999854564667,0.03610000014305115
YLR274W,YMR080C,1,-2.398385,0.46199703216552734,0.3100000023841858,0.03610000014305115
YBR215W,YMR080C,1,-2.3994162,0.462797611951828,0.3109999895095825,0.03610000014305115
YDL155W,YER149C,0,-2.3995998,0.4621099531650543,0.3109999895095825,0.03620000183582306
YJR074W,YBR153W,0,-2.4000256,0.461424320936203,0.3109999895095825,0.03629999980330467
YOL068C,YPL235W,1,-2.4001875,0.46222221851348877,0.31200000643730164,0.03629999980330467
YBL008W,YDR439W,1,-2.4010222,0.4630177617073059,0.31299999356269836,0.03629999980330467
YKL139W,YNL317W,0,-2.4010785,0.4623338282108307,0.31299999356269836,0.036400001496076584
YPL040C,YMR224C,0,-2.401264,0.46165192127227783,0.31299999356269836,0.0364999994635582
YDR176W,YDR071C,1,-2.4013336,0.4624447822570801,0.3140000104904175,0.0364999994635582
YMR078C,YCL011C,0,-2.4018579,0.46176469326019287,0.3140000104904175,0.03660000115633011
YEL027W,YNL283C,0,-2.4019873,0.461086630821228,0.3140000104904175,0.03669999912381172
YOR151C,YNL253W,0,-2.4021785,0.46041056513786316,0.3140000104904175,0.03680000081658363
YGL174W,YDR163W,0,-2.402597,0.4597364664077759,0.3140000104904175,0.03689999878406525
YML069W,YML041C,1,-2.4028106,0.46052631735801697,0.3149999976158142,0.03689999878406525
YDR499W,YLR008C,0,-2.4029157,0.45985400676727295,0.3149999976158142,0.03700000047683716
YNL049C,YJL138C,0,-2.4037964,0.4591836631298065,0.3149999976158142,0.03709999844431877
YGR262C,YGR227W,0,-2.4043162,0.4585152864456177,0.3149999976158142,0.03720000013709068
YOR249C,YER030W,1,-2.4049604,0.4593023359775543,0.3160000145435333,0.03720000013709068
YGL163C,YOL004W,1,-2.4066703,0.4600870907306671,0.31700000166893005,0.03720000013709068
YLR285W,YKR029C,1,-2.4087496,0.46086955070495605,0.3179999887943268,0.03720000013709068
YNR008W,YIR018W,0,-2.4093032,0.4602026045322418,0.3179999887943268,0.037300001829862595
YML064C,YPL045W,0,-2.410044,0.4595375657081604,0.3179999887943268,0.03739999979734421
YPL125W,YLR105C,0,-2.410636,0.4588744640350342,0.3179999887943268,0.03750000149011612
YJL085W,YJR006W,0,-2.4108877,0.45821326971054077,0.3179999887943268,0.03759999945759773
YMR022W,YMR236W,1,-2.4113157,0.4589928090572357,0.3190000057220459,0.03759999945759773
YNL262W,YCR052W,1,-2.4121478,0.4597701132297516,0.3199999928474426,0.03759999945759773
YNL029C,YPL045W,0,-2.414282,0.45911046862602234,0.3199999928474426,0.037700001150369644
YKL045W,YIL021W,0,-2.414445,0.4584527313709259,0.3199999928474426,0.03779999911785126
YCR082W,YGL241W,0,-2.414908,0.4577968418598175,0.3199999928474426,0.03790000081062317
YLR095C,YMR091C,1,-2.4152749,0.4585714340209961,0.32100000977516174,0.03790000081062317
YER142C,YKR085C,0,-2.4158976,0.4579172730445862,0.32100000977516174,0.03799999877810478
YGR199W,YNR048W,0,-2.4159126,0.4572649598121643,0.32100000977516174,0.038100000470876694
YLR115W,YKL042W,0,-2.416468,0.45661452412605286,0.32100000977516174,0.03819999843835831
YDR054C,YOR319W,0,-2.4165337,0.45596590638160706,0.32100000977516174,0.03830000013113022
YML029W,YKR001C,0,-2.416684,0.4553191363811493,0.32100000977516174,0.03840000182390213
YCR028C,YDL040C,0,-2.4172587,0.45467421412467957,0.32100000977516174,0.03849999979138374
YDR437W,YGR090W,0,-2.4190066,0.4540311098098755,0.32100000977516174,0.038600001484155655
YDR448W,YML069W,1,-2.4190092,0.4548022747039795,0.32199999690055847,0.038600001484155655
YJL104W,YFR033C,0,-2.4191878,0.45416077971458435,0.32199999690055847,0.03869999945163727
YGR098C,YFL033C,0,-2.4202409,0.45352113246917725,0.32199999690055847,0.03880000114440918
YKL108W,YPL029W,0,-2.4217875,0.4528832733631134,0.32199999690055847,0.03889999911189079
YPR111W,YER040W,0,-2.422983,0.4522472023963928,0.32199999690055847,0.039000000804662704
YCL011C,YPR178W,0,-2.4233074,0.4516128897666931,0.32199999690055847,0.03909999877214432
YMR247C,YGR056W,1,-2.424092,0.4523809552192688,0.3230000138282776,0.03909999877214432
YNL118C,YBR082C,0,-2.4260447,0.451748251914978,0.3230000138282776,0.03920000046491623
YDL005C,YGR152C,0,-2.4262457,0.45111730694770813,0.3230000138282776,0.03929999843239784
YLL043W,YMR239C,0,-2.4275725,0.4504881501197815,0.3230000138282776,0.039400000125169754
YIL035C,YPL120W,0,-2.427973,0.44986072182655334,0.3230000138282776,0.039500001817941666
YOR023C,YOL006C,1,-2.4289765,0.45062586665153503,0.3240000009536743,0.039500001817941666
YKR062W,YKR089C,0,-2.4292,0.44999998807907104,0.3240000009536743,0.03959999978542328
YLR109W,YJR001W,0,-2.4297168,0.44937586784362793,0.3240000009536743,0.03970000147819519
YOR304W,YPR018W,1,-2.4299803,0.45013850927352905,0.32499998807907104,0.03970000147819519
YDR190C,YDR469W,1,-2.4303625,0.45089903473854065,0.32600000500679016,0.03970000147819519
YDR142C,YDR059C,0,-2.43358,0.450276255607605,0.32600000500679016,0.039799999445676804
YBR231C,YDR485C,1,-2.435069,0.4510344862937927,0.3269999921321869,0.039799999445676804
YPR178W,YJL156C,0,-2.4354172,0.45041322708129883,0.3269999921321869,0.039900001138448715
YMR065W,YEL051W,0,-2.4369936,0.44979366660118103,0.3269999921321869,0.03999999910593033
YBR110W,YMR100W,0,-2.4375393,0.4491758346557617,0.3269999921321869,0.04010000079870224
YGR104C,YDR532C,0,-2.4381554,0.4485596716403961,0.3269999921321869,0.04019999876618385
YDR096W,YMR091C,1,-2.4384954,0.44931507110595703,0.328000009059906,0.04019999876618385
YKL032C,YOR254C,0,-2.4387891,0.4487003982067108,0.328000009059906,0.040300000458955765
YPR019W,YNR015W,0,-2.4396384,0.4480874240398407,0.328000009059906,0.04039999842643738
YER032W,YIL061C,0,-2.440544,0.4474761188030243,0.328000009059906,0.04050000011920929
YDR499W,YKL025C,0,-2.4431384,0.4468664824962616,0.328000009059906,0.0406000018119812
YMR055C,YPL082C,0,-2.4443944,0.4462585151195526,0.328000009059906,0.040699999779462814
YLR285W,YMR091C,1,-2.4447205,0.44701087474823,0.32899999618530273,0.040699999779462814
YOR244W,YBR215W,1,-2.4448707,0.447761207818985,0.33000001311302185,0.040699999779462814
YDR363W,YDR071C,1,-2.4449484,0.44850948452949524,0.3310000002384186,0.040699999779462814
YER164W,YGR063C,1,-2.4454648,0.4492557644844055,0.3319999873638153,0.040699999779462814
YOR127W,YLR316C,0,-2.445906,0.4486486613750458,0.3319999873638153,0.040800001472234726
YGL254W,YPR086W,0,-2.447171,0.44804319739341736,0.3319999873638153,0.04089999943971634
YDR473C,YGR047C,0,-2.448223,0.4474393427371979,0.3319999873638153,0.04100000113248825
YKL079W,YCR073W-A,0,-2.44933,0.4468371570110321,0.3319999873638153,0.041099999099969864
YPR171W,YHR135C,0,-2.4498417,0.4462365508079529,0.3319999873638153,0.041200000792741776
YGL254W,YMR313C,0,-2.4500601,0.445637583732605,0.3319999873638153,0.04129999876022339
YNL031C,YOL006C,1,-2.4504476,0.44638070464134216,0.3330000042915344,0.04129999876022339
YNL080C,YGL172W,0,-2.4507103,0.4457831382751465,0.3330000042915344,0.0414000004529953
YDR292C,YNL304W,0,-2.452615,0.44518715143203735,0.3330000042915344,0.04149999842047691
YJR093C,YGL020C,0,-2.4528654,0.44459280371665955,0.3330000042915344,0.041600000113248825
YOR061W,YDR243C,0,-2.4530816,0.4440000057220459,0.3330000042915344,0.04170000180602074
YHR115C,YHR027C,0,-2.4533808,0.4434087872505188,0.3330000042915344,0.04179999977350235
YCL029C,YGR202C,0,-2.4538863,0.44281914830207825,0.3330000042915344,0.04190000146627426
YIL112W,YDL002C,1,-2.4539528,0.44355911016464233,0.33399999141693115,0.04190000146627426
YLR242C,YLR105C,0,-2.4544215,0.44297081232070923,0.33399999141693115,0.041999999433755875
YDL245C,YDR379W,0,-2.4548085,0.44238409399986267,0.33399999141693115,0.042100001126527786
YDR086C,YMR067C,0,-2.454978,0.44179895520210266,0.33399999141693115,0.0421999990940094
YOL115W,YMR200W,0,-2.4550893,0.4412153363227844,0.33399999141693115,0.04230000078678131
YLR105C,YPR086W,0,-2.4552104,0.44063323736190796,0.33399999141693115,0.042399998754262924
YOR244W,YLR321C,1,-2.4564598,0.4413702189922333,0.33500000834465027,0.042399998754262924
YOL072W,YPR139C,0,-2.45887,0.44078946113586426,0.33500000834465027,0.042500000447034836
YBL002W,YGR063C,1,-2.459691,0.44152429699897766,0.335999995470047,0.042500000447034836
YLR096W,YGL124C,0,-2.4601977,0.4409448802471161,0.335999995470047,0.04259999841451645
YOR304W,YGR056W,1,-2.4604228,0.44167760014533997,0.3370000123977661,0.04259999841451645
YHR150W,YMR197C,0,-2.4608738,0.44109946489334106,0.3370000123977661,0.04270000010728836
YJR147W,YOR151C,0,-2.4609919,0.4405228793621063,0.3370000123977661,0.04280000180006027
YLR007W,YDR460W,0,-2.4614382,0.43994778394699097,0.3370000123977661,0.042899999767541885
YDL117W,YHR135C,0,-2.461981,0.439374178647995,0.3370000123977661,0.0430000014603138
YGL092W,YAL043C,0,-2.4622848,0.4388020932674408,0.3370000123977661,0.04309999942779541
YDR183W,YJR043C,0,-2.4660463,0.4382314682006836,0.3370000123977661,0.04320000112056732
YDR331W,YOL095C,0,-2.4661214,0.4376623332500458,0.3370000123977661,0.043299999088048935
YDR121W,YOR304W,1,-2.4662693,0.43839168548583984,0.33799999952316284,0.043299999088048935
YMR061W,YML115C,0,-2.4662793,0.4378238320350647,0.33799999952316284,0.04340000078082085
YJR105W,YAL056W,0,-2.4674647,0.43725743889808655,0.33799999952316284,0.04349999874830246
YBR288C,YER149C,0,-2.4675393,0.4366925060749054,0.33799999952316284,0.04360000044107437
YBL079W,YER123W,0,-2.4675782,0.43612903356552124,0.33799999952316284,0.043699998408555984
YHL025W,YCR033W,1,-2.4684951,0.436855673789978,0.33899998664855957,0.043699998408555984
YKL052C,YIL149C,0,-2.4689453,0.43629342317581177,0.33899998664855957,0.043800000101327896
YPR088C,YOR106W,0,-2.4691265,0.4357326626777649,0.33899998664855957,0.04390000179409981
YJR090C,YPL175W,0,-2.4698558,0.43517330288887024,0.33899998664855957,0.04399999976158142
YDR153C,YJR093C,0,-2.4705496,0.4346153736114502,0.33899998664855957,0.04410000145435333
YBL103C,YDL120W,0,-2.471046,0.43405890464782715,0.33899998664855957,0.044199999421834946
YCR063W,YNL251C,0,-2.4714615,0.4335038363933563,0.33899998664855957,0.04430000111460686
YOR156C,YLR182W,0,-2.4716794,0.4329501986503601,0.33899998664855957,0.04439999908208847
YJL201W,YMR231W,0,-2.4717486,0.4323979616165161,0.33899998664855957,0.04450000077486038
YIL085C,YBR216C,0,-2.4724956,0.43184712529182434,0.33899998664855957,0.044599998742341995
YER157W,YNL197C,0,-2.4726734,0.4312977194786072,0.33899998664855957,0.04470000043511391
YMR247C,YLR357W,1,-2.4738033,0.4320203363895416,0.3400000035762787,0.04470000043511391
YER168C,YPL053C,0,-2.4742095,0.4314720928668976,0.3400000035762787,0.04479999840259552
YJL002C,YHR027C,0,-2.475289,0.4309252202510834,0.3400000035762787,0.04490000009536743
YER029C,YGR129W,0,-2.4768262,0.4303797483444214,0.3400000035762787,0.04500000178813934
YLR353W,YAL056W,0,-2.4774315,0.42983564734458923,0.3400000035762787,0.045099999755620956
YPL254W,YPL129W,1,-2.4778163,0.4305555522441864,0.3409999907016754,0.045099999755620956
YJR140C,YOR213C,1,-2.4778895,0.4312736392021179,0.34200000762939453,0.045099999755620956
YLR268W,YDL058W,0,-2.4790962,0.4307304918766022,0.34200000762939453,0.04520000144839287
YKR082W,YKL055C,0,-2.479278,0.43018868565559387,0.34200000762939453,0.04529999941587448
YJL092W,YLR328W,0,-2.4795249,0.4296482503414154,0.34200000762939453,0.04540000110864639
YML048W,YPR182W,0,-2.4800596,0.4291091561317444,0.34200000762939453,0.045499999076128006
YER169W,YMR273C,1,-2.4801877,0.429824560880661,0.34299999475479126,0.045499999076128006
YDR228C,YOR179C,0,-2.480572,0.4292865991592407,0.34299999475479126,0.04560000076889992
YBR131W,YNL041C,0,-2.4814906,0.42875000834465027,0.34299999475479126,0.04569999873638153
YBR009C,YDR392W,1,-2.481908,0.4294631779193878,0.3440000116825104,0.04569999873638153
YER164W,YHR099W,1,-2.4819224,0.4301745593547821,0.3449999988079071,0.04569999873638153
YGR267C,YGR038W,0,-2.482303,0.4296388626098633,0.3449999988079071,0.04580000042915344
YMR079W,YGL225W,0,-2.483083,0.4291044771671295,0.3449999988079071,0.045899998396635056
YLR285W,YOR279C,1,-2.485161,0.4298136532306671,0.34599998593330383,0.045899998396635056
YIL114C,YKL119C,0,-2.4866514,0.4292804002761841,0.34599998593330383,0.04600000008940697
YMR298W,YDR503C,0,-2.486871,0.4287484586238861,0.34599998593330383,0.04610000178217888
YJL208C,YMR227C,0,-2.4877303,0.4282178282737732,0.34599998593330383,0.04619999974966049
YER173W,YIL118W,0,-2.4878893,0.42768850922584534,0.34599998593330383,0.046300001442432404
YCL016C,YOL102C,0,-2.4886677,0.42716050148010254,0.34599998593330383,0.04639999940991402
YKR083C,YIL076W,0,-2.4890742,0.4266337752342224,0.34599998593330383,0.04650000110268593
YPR171W,YIL149C,0,-2.490519,0.42610836029052734,0.34599998593330383,0.04659999907016754
YJL024C,YCL051W,0,-2.4907908,0.42558425664901733,0.34599998593330383,0.04670000076293945
YOL068C,YPR018W,1,-2.4916801,0.4262899160385132,0.34700000286102295,0.04670000076293945
YKL046C,YOR329C,0,-2.4925826,0.42576688528060913,0.34700000286102295,0.046799998730421066
YPR179C,YLR357W,1,-2.4927537,0.4264705777168274,0.3479999899864197,0.046799998730421066
YNL242W,YMR097C,0,-2.4929128,0.4259485900402069,0.3479999899864197,0.04690000042319298
YDL090C,YIR011C,0,-2.4932315,0.4254278838634491,0.3479999899864197,0.04699999839067459
YMR052W,YPL022W,0,-2.4938204,0.42490842938423157,0.3479999899864197,0.0471000000834465
YML055W,YKR062W,0,-2.49425,0.4243902564048767,0.3479999899864197,0.047200001776218414
YJL115W,YDL002C,1,-2.4942553,0.42509135603904724,0.3490000069141388,0.047200001776218414
YNL088W,YHR099W,1,-2.4943945,0.4257907569408417,0.3499999940395355,0.047200001776218414
YKL149C,YDR244W,0,-2.4946687,0.4252733886241913,0.3499999940395355,0.04729999974370003
YLR254C,YOL094C,0,-2.4947872,0.4247572720050812,0.3499999940395355,0.04740000143647194
YOR254C,YDR416W,0,-2.4964345,0.42424243688583374,0.3499999940395355,0.04749999940395355
YBR279W,YNL262W,1,-2.4972107,0.42493945360183716,0.35100001096725464,0.04749999940395355
YNL225C,YDR098C,0,-2.4972897,0.4244256317615509,0.35100001096725464,0.047600001096725464
YOR244W,YDL002C,1,-2.4974227,0.4251207709312439,0.35199999809265137,0.047600001096725464
YOR123C,YBR289W,1,-2.4981673,0.4258142411708832,0.3529999852180481,0.047600001096725464
YGL150C,YDL153C,1,-2.498223,0.42650601267814636,0.3540000021457672,0.047600001096725464
YKL139W,YOR241W,0,-2.499157,0.42599278688430786,0.3540000021457672,0.04769999906420708
YGR254W,YER019W,0,-2.4996078,0.42548078298568726,0.3540000021457672,0.04780000075697899
YDR375C,YDL006W,0,-2.5002918,0.42497000098228455,0.3540000021457672,0.0478999987244606
YLR256W,YDR062W,0,-2.5003846,0.42446044087409973,0.3540000021457672,0.04800000041723251
YDR188W,YNL253W,0,-2.5006475,0.4239521026611328,0.3540000021457672,0.04809999838471413
YKL113C,YDR409W,0,-2.50201,0.4234449863433838,0.3540000021457672,0.04820000007748604
YGL173C,YKL020C,0,-2.502407,0.4229390621185303,0.3540000021457672,0.04830000177025795
YGL150C,YGR275W,1,-2.5025322,0.42362767457962036,0.35499998927116394,0.04830000177025795
YOR239W,YJL041W,0,-2.506321,0.423122763633728,0.35499998927116394,0.04839999973773956
YMR100W,YDR515W,0,-2.50658,0.4226190447807312,0.35499998927116394,0.048500001430511475
YNL097C,YAL011W,1,-2.508073,0.42330560088157654,0.35600000619888306,0.048500001430511475
YPL055C,YML127W,1,-2.508643,0.42399048805236816,0.3569999933242798,0.048500001430511475
YAL041W,YBR055C,0,-2.510382,0.4234875440597534,0.3569999933242798,0.04859999939799309
YMR043W,YDL201W,0,-2.5105598,0.4229857921600342,0.3569999933242798,0.048700001090765
YLR097C,YPL175W,0,-2.5113013,0.42248520255088806,0.3569999933242798,0.04879999905824661
YPL267W,YDR208W,0,-2.511626,0.42198580503463745,0.3569999933242798,0.048900000751018524
YMR072W,YCR042C,0,-2.5116653,0.42148759961128235,0.3569999933242798,0.04899999871850014
YLR144C,YOL045W,0,-2.511993,0.42099055647850037,0.3569999933242798,0.04910000041127205
YEL030W,YBR055C,0,-2.5120869,0.4204947054386139,0.3569999933242798,0.04919999837875366
YDR140W,YLR034C,0,-2.5122588,0.41999998688697815,0.3569999933242798,0.049300000071525574
YDR397C,YJL139C,0,-2.5127528,0.4195064604282379,0.3569999933242798,0.049400001764297485
YNR003C,YDR289C,0,-2.5135214,0.4190140962600708,0.3569999933242798,0.0494999997317791
YLR381W,YGL173C,0,-2.5137131,0.4185228645801544,0.3569999933242798,0.04960000142455101
YHR206W,YDL235C,0,-2.5138142,0.41803279519081116,0.3569999933242798,0.04969999939203262
YMR048W,YMR218C,0,-2.5138342,0.41754385828971863,0.3569999933242798,0.049800001084804535
YOR244W,YJR119C,1,-2.5140917,0.4182243049144745,0.3580000102519989,0.049800001084804535
YJL071W,YIL065C,0,-2.5155718,0.417736291885376,0.3580000102519989,0.04989999905228615
YDR153C,YDR346C,0,-2.5159779,0.4172494113445282,0.3580000102519989,0.05000000074505806
YHR059W,YJR050W,0,-2.516401,0.41676369309425354,0.3580000102519989,0.05009999871253967
YKR036C,YGL049C,0,-2.5164492,0.4162790775299072,0.3580000102519989,0.050200000405311584
YNL080C,YNL197C,0,-2.5172384,0.41579559445381165,0.3580000102519989,0.0502999983727932
YOL068C,YOR209C,1,-2.51737,0.4164733290672302,0.35899999737739563,0.0502999983727932
YIL026C,YGR186W,0,-2.5188513,0.4159907400608063,0.35899999737739563,0.05040000006556511
YPL129W,YPL128C,1,-2.5189922,0.4166666567325592,0.36000001430511475,0.05040000006556511
YDL197C,YPR179C,1,-2.519639,0.41734105348587036,0.3610000014305115,0.05040000006556511
YNL059C,YDL042C,1,-2.5199327,0.41801387071609497,0.3619999885559082,0.05040000006556511
YDR188W,YLR039C,0,-2.5202107,0.41753172874450684,0.3619999885559082,0.05050000175833702
YGL065C,YCR060W,0,-2.520801,0.41705068945884705,0.3619999885559082,0.050599999725818634
YGR041W,YPL190C,0,-2.521234,0.416570782661438,0.3619999885559082,0.050700001418590546
YJR140C,YMR127C,1,-2.5219533,0.4172413647174835,0.3630000054836273,0.050700001418590546
YGL066W,YDR485C,1,-2.5226133,0.41791045665740967,0.36399999260902405,0.050700001418590546
YOL021C,YOR319W,0,-2.5236886,0.41743120551109314,0.36399999260902405,0.05079999938607216
YNL166C,YMR218C,0,-2.5237515,0.41695302724838257,0.36399999260902405,0.05090000107884407
YDR243C,YGL144C,0,-2.524176,0.41647598147392273,0.36399999260902405,0.050999999046325684
YGL065C,YOR060C,0,-2.5257607,0.41600000858306885,0.36399999260902405,0.051100000739097595
YHR188C,YNR008W,0,-2.5261357,0.4155251085758209,0.36399999260902405,0.05119999870657921
YBR119W,YHR200W,0,-2.526499,0.41505131125450134,0.36399999260902405,0.05130000039935112
YCL055W,YOR327C,0,-2.5265715,0.4145785868167877,0.36399999260902405,0.05139999836683273
YDR071C,YDL042C,1,-2.528107,0.41524460911750793,0.36500000953674316,0.05139999836683273
YDL005C,YNL119W,0,-2.5285347,0.41477271914482117,0.36500000953674316,0.051500000059604645
YER028C,YLR417W,0,-2.528656,0.41430193185806274,0.36500000953674316,0.051600001752376556
YER164W,YBR278W,1,-2.5287502,0.41496598720550537,0.3659999966621399,0.051600001752376556
YKR038C,YDL030W,0,-2.5291412,0.4144960343837738,0.3659999966621399,0.05169999971985817
YGL201C,YJL029C,0,-2.5296326,0.4140271544456482,0.3659999966621399,0.05180000141263008
YIL076W,YLL024C,0,-2.529722,0.41355931758880615,0.3659999966621399,0.051899999380111694
YPL007C,YMR156C,0,-2.5303276,0.41309255361557007,0.3659999966621399,0.052000001072883606
YJR057W,YBR073W,0,-2.5310833,0.41262683272361755,0.3659999966621399,0.05209999904036522
YBR103W,YHR099W,1,-2.531294,0.41328829526901245,0.367000013589859,0.05209999904036522
YGL254W,YKL196C,0,-2.53215,0.4128234088420868,0.367000013589859,0.05220000073313713
YBR213W,YBR057C,0,-2.5321956,0.4123595356941223,0.367000013589859,0.052299998700618744
YAL042W,YPR181C,0,-2.5322258,0.4118967354297638,0.367000013589859,0.052400000393390656
YKL007W,YER104W,0,-2.5325518,0.41143497824668884,0.367000013589859,0.05249999836087227
YML006C,YGR024C,0,-2.5328019,0.4109742343425751,0.367000013589859,0.05260000005364418
YDL100C,YDL028C,0,-2.532919,0.4105145335197449,0.367000013589859,0.05270000174641609
YNL330C,YNL088W,1,-2.5331256,0.4111731946468353,0.36800000071525574,0.05270000174641609
YOR249C,YOR191W,1,-2.5346239,0.4118303656578064,0.36899998784065247,0.05270000174641609
YLL022C,YCR052W,1,-2.5353293,0.41248607635498047,0.3700000047683716,0.05270000174641609
YJL081C,YIL150C,1,-2.53535,0.41314029693603516,0.3709999918937683,0.05270000174641609
YDL147W,YMR005W,0,-2.5379891,0.4126807451248169,0.3709999918937683,0.052799999713897705
YER087C-B,YLR369W,0,-2.5393097,0.4122222363948822,0.3709999918937683,0.05290000140666962
YER030W,YGL058W,1,-2.540269,0.41287457942962646,0.3720000088214874,0.05290000140666962
YDL008W,YGR113W,0,-2.540579,0.41241684556007385,0.3720000088214874,0.05299999937415123
YPL116W,YGR002C,1,-2.5411627,0.4130675494670868,0.37299999594688416,0.05299999937415123
YKL179C,YGL051W,0,-2.5413406,0.41261062026023865,0.37299999594688416,0.05310000106692314
YBR133C,YDR499W,0,-2.5415175,0.4121547043323517,0.37299999594688416,0.053199999034404755
YGL174W,YER129W,0,-2.5417135,0.4116997718811035,0.37299999594688416,0.053300000727176666
YDL245C,YER022W,0,-2.5419407,0.41124585270881653,0.37299999594688416,0.05339999869465828
YDL087C,YOR372C,0,-2.5425515,0.4107929468154907,0.37299999594688416,0.05350000038743019
YKR035W-A,YDL111C,0,-2.5433524,0.4103410243988037,0.37299999594688416,0.053599998354911804
YJR050W,YLR191W,0,-2.544052,0.4098901152610779,0.37299999594688416,0.053700000047683716
YLR285W,YPL128C,1,-2.544347,0.41053786873817444,0.37400001287460327,0.053700000047683716
YMR207C,YML076C,0,-2.5456352,0.4100877046585083,0.37400001287460327,0.05380000174045563
YJR060W,YPL235W,1,-2.5458114,0.4107338488101959,0.375,0.05380000174045563
YDR121W,YDR227W,1,-2.546721,0.41137856245040894,0.37599998712539673,0.05380000174045563
YNL003C,YDR379W,0,-2.5471852,0.41092896461486816,0.37599998712539673,0.05389999970793724
YKL005C,YDR362C,0,-2.548204,0.4104803502559662,0.37599998712539673,0.05400000140070915
YFR008W,YMR313C,0,-2.5482051,0.410032719373703,0.37599998712539673,0.054099999368190765
YHR006W,YLR425W,0,-2.5496533,0.4095860421657562,0.37599998712539673,0.05420000106096268
YDR440W,YDR227W,1,-2.550152,0.41022852063179016,0.37700000405311584,0.05420000106096268
YNL223W,YDR503C,0,-2.5506253,0.40978261828422546,0.37700000405311584,0.05429999902844429
YLR153C,YOR304W,1,-2.550916,0.4104234576225281,0.3779999911785126,0.05429999902844429
YJL081C,YGR275W,1,-2.5515943,0.41106289625167847,0.3790000081062317,0.05429999902844429
YHR058C,YKL108W,0,-2.552303,0.41061756014823914,0.3790000081062317,0.0544000007212162
YDL197C,YCR020W-B,1,-2.5530977,0.411255419254303,0.3799999952316284,0.0544000007212162
YOL043C,YOR193W,0,-2.5548723,0.41081079840660095,0.3799999952316284,0.054499998688697815
YER019W,YJL063C,0,-2.5548818,0.4103671610355377,0.3799999952316284,0.05460000038146973
YCR048W,YER061C,0,-2.5551517,0.4099244773387909,0.3799999952316284,0.05469999834895134
YNL004W,YDR427W,0,-2.555302,0.4094827473163605,0.3799999952316284,0.05480000004172325
YEL036C,YCR037C,0,-2.5557878,0.40904197096824646,0.3799999952316284,0.05490000173449516
YOR160W,YMR285C,0,-2.5561864,0.40860214829444885,0.3799999952316284,0.054999999701976776
YLR095C,YLR385C,1,-2.5562944,0.4092373847961426,0.38100001215934753,0.054999999701976776
YDL106C,YJL098W,0,-2.5565712,0.4087982773780823,0.38100001215934753,0.05510000139474869
YLR418C,YML109W,1,-2.5587041,0.40943193435668945,0.38199999928474426,0.05510000139474869
YPR088C,YLR181C,0,-2.5589554,0.40899357199668884,0.38199999928474426,0.0551999993622303
YCL052C,YKL034W,0,-2.5630498,0.40855616331100464,0.38199999928474426,0.05530000105500221
YML032C,YBR171W,0,-2.5631592,0.40811964869499207,0.38199999928474426,0.055399999022483826
YDL111C,YMR005W,0,-2.5631835,0.4076840877532959,0.38199999928474426,0.05550000071525574
YJL072C,YGL145W,0,-2.563776,0.40724948048591614,0.38199999928474426,0.05559999868273735
YJL203W,YMR101C,0,-2.5649636,0.406815767288208,0.38199999928474426,0.05570000037550926
YOL078W,YLR427W,0,-2.565032,0.4063829779624939,0.38199999928474426,0.055799998342990875
YDR501W,YDL006W,0,-2.5655377,0.4059511125087738,0.38199999928474426,0.05590000003576279
YMR219W,YGL150C,1,-2.565544,0.40658172965049744,0.382999986410141,0.05590000003576279
YDR121W,YOL006C,1,-2.565879,0.407211035490036,0.3840000033378601,0.05590000003576279
YDR439W,YNL246W,1,-2.5661182,0.40783897042274475,0.38499999046325684,0.05590000003576279
YDR394W,YLR298C,0,-2.5668285,0.40740740299224854,0.38499999046325684,0.0560000017285347
YBL084C,YBR133C,0,-2.5677223,0.40697672963142395,0.38499999046325684,0.05609999969601631
YKL108W,YAL009W,0,-2.5708451,0.4065469801425934,0.38499999046325684,0.05620000138878822
YFL025C,YDR208W,0,-2.5709772,0.40611815452575684,0.38499999046325684,0.056299999356269836
YLR078C,YIR025W,0,-2.5710106,0.40569019317626953,0.38499999046325684,0.05640000104904175
YER083C,YOR098C,0,-2.5710628,0.40526315569877625,0.38499999046325684,0.05649999901652336
YOL068C,YGR056W,1,-2.5712883,0.40588852763175964,0.38600000739097595,0.05649999901652336
YFR009W,YJR147W,0,-2.5726063,0.4054621756076813,0.38600000739097595,0.05660000070929527
YDR198C,YLR147C,0,-2.5731726,0.40503671765327454,0.38600000739097595,0.056699998676776886
YFL017W-A,YKL173W,0,-2.5734863,0.40461215376853943,0.38600000739097595,0.0568000003695488
YMR100W,YOR057W,0,-2.5748084,0.40418848395347595,0.38600000739097595,0.05689999833703041
YOR123C,YPL128C,1,-2.5752099,0.40481171011924744,0.3869999945163727,0.05689999833703041
YDL031W,YDR427W,0,-2.5761712,0.4043887257575989,0.3869999945163727,0.05700000002980232
YGL168W,YFR052W,0,-2.5770183,0.40396660566329956,0.3869999945163727,0.057100001722574234
YGR135W,YBR153W,0,-2.5773275,0.4035453498363495,0.3869999945163727,0.05719999969005585
YKR090W,YGR129W,0,-2.5777946,0.40312498807907104,0.3869999945163727,0.05730000138282776
YGR098C,YPR104C,0,-2.5810297,0.40270552039146423,0.3869999945163727,0.05739999935030937
YNL021W,YOL012C,1,-2.5816329,0.4033263921737671,0.3880000114440918,0.05739999935030937
YER166W,YEL034W,0,-2.5817416,0.4029075801372528,0.3880000114440918,0.057500001043081284
YMR033W,YLR385C,1,-2.5823193,0.4035269618034363,0.3889999985694885,0.057500001043081284
YNL072W,YOR359W,0,-2.5832174,0.4031088054180145,0.3889999985694885,0.0575999990105629
YDL126C,YJL140W,0,-2.5835047,0.402691513299942,0.3889999985694885,0.05770000070333481
YPL268W,YML021C,0,-2.5846846,0.40227508544921875,0.3889999985694885,0.05779999867081642
YDR013W,YCR066W,0,-2.5852683,0.40185949206352234,0.3889999985694885,0.05790000036358833
YFR028C,YNR010W,0,-2.5861986,0.40144479274749756,0.3889999985694885,0.057999998331069946
YDL236W,YMR247C,1,-2.5886118,0.4020618498325348,0.38999998569488525,0.057999998331069946
YOL042W,YDR129C,0,-2.5895543,0.40164777636528015,0.38999998569488525,0.05810000002384186
YGL044C,YGR009C,0,-2.5896227,0.40123456716537476,0.38999998569488525,0.05820000171661377
YMR235C,YBL055C,0,-2.5915322,0.4008221924304962,0.38999998569488525,0.05829999968409538
YLR033W,YML127W,1,-2.5916128,0.401437371969223,0.39100000262260437,0.05829999968409538
YDR448W,YMR263W,1,-2.5925782,0.40205127000808716,0.3919999897480011,0.05829999968409538
YBL040C,YBR228W,0,-2.5942838,0.40163934230804443,0.3919999897480011,0.058400001376867294
YIR004W,YML105C,0,-2.5942953,0.40122824907302856,0.3919999897480011,0.05849999934434891
YFR031C,YPL011C,0,-2.5953913,0.40081799030303955,0.3919999897480011,0.05860000103712082
YJL095W,YHR166C,0,-2.5954347,0.4004085659980774,0.3919999897480011,0.05869999900460243
YPL228W,YOR132W,0,-2.5954602,0.4000000059604645,0.3919999897480011,0.058800000697374344
YPL075W,YBL041W,0,-2.5966341,0.39959225058555603,0.3919999897480011,0.05889999866485596
YGL167C,YKL154W,0,-2.5969946,0.39918532967567444,0.3919999897480011,0.05900000035762787
YDL102W,YNL298W,0,-2.599685,0.3987792432308197,0.3919999897480011,0.05909999832510948
YGR120C,YPL253C,0,-2.5996976,0.3983739912509918,0.3919999897480011,0.05920000001788139
YBL008W,YBR103W,1,-2.5997038,0.39898476004600525,0.3930000066757202,0.05920000001788139
YBL063W,YDR473C,0,-2.6009443,0.3985801339149475,0.3930000066757202,0.059300001710653305
YJR089W,YJR110W,0,-2.6010857,0.39817628264427185,0.3930000066757202,0.05939999967813492
YCL029C,YOR250C,0,-2.6019366,0.39777326583862305,0.3930000066757202,0.05950000137090683
YPR165W,YIR018W,0,-2.6023548,0.3973710834980011,0.3930000066757202,0.05959999933838844
YOL043C,YAL047C,0,-2.6024075,0.3969697058200836,0.3930000066757202,0.059700001031160355
YLR418C,YPR023C,1,-2.6028938,0.3975782096385956,0.39399999380111694,0.059700001031160355
YJL014W,YML112W,0,-2.6030838,0.39717742800712585,0.39399999380111694,0.05979999899864197
YPL069C,YDL081C,0,-2.6033797,0.3967774510383606,0.39399999380111694,0.05990000069141388
YDL013W,YJL087C,0,-2.6037629,0.3963782787322998,0.39399999380111694,0.05999999865889549
YIL061C,YMR117C,0,-2.604992,0.3959799110889435,0.39399999380111694,0.060100000351667404
YJL019W,YAL034W-A,0,-2.6051228,0.39558231830596924,0.39399999380111694,0.06019999831914902
YEL015W,YOL051W,0,-2.6058505,0.39518555998802185,0.39399999380111694,0.06030000001192093
YDL013W,YKR072C,0,-2.607299,0.39478957653045654,0.39399999380111694,0.06040000170469284
YMR044W,YHR119W,1,-2.6081765,0.3953953981399536,0.39500001072883606,0.06040000170469284
YEL037C,YLR182W,0,-2.6086557,0.39500001072883606,0.39500001072883606,0.060499999672174454
YNL225C,YER104W,0,-2.6090982,0.3946053981781006,0.39500001072883606,0.060600001364946365
YOR030W,YLR193C,0,-2.6093118,0.3942115902900696,0.39500001072883606,0.06069999933242798
YDR176W,YOR209C,1,-2.6098926,0.3948155641555786,0.3959999978542328,0.06069999933242798
YDR160W,YOR194C,0,-2.6103878,0.394422322511673,0.3959999978542328,0.06080000102519989
YJR084W,YGR165W,0,-2.6106582,0.3940298557281494,0.3959999978542328,0.0608999989926815
YLR207W,YNL291C,0,-2.6110141,0.39363816380500793,0.3959999978542328,0.061000000685453415
YDL102W,YER022W,0,-2.6124933,0.3932472765445709,0.3959999978542328,0.06109999865293503
YHR115C,YMR026C,0,-2.6128576,0.3928571343421936,0.3959999978542328,0.06120000034570694
YMR183C,YER005W,0,-2.613494,0.39246779680252075,0.3959999978542328,0.06129999831318855
YFR036W,YMR100W,0,-2.6146183,0.3920792043209076,0.3959999978542328,0.061400000005960464
YDL002C,YDL084W,1,-2.614642,0.3926805257797241,0.3970000147819519,0.061400000005960464
YDR017C,YNL222W,0,-2.6150157,0.39229249954223633,0.3970000147819519,0.061500001698732376
YHL027W,YMR313C,0,-2.615805,0.3919052183628082,0.3970000147819519,0.06159999966621399
YPR134W,YDR362C,0,-2.6161888,0.3915187418460846,0.3970000147819519,0.0617000013589859
YPL204W,YOR099W,0,-2.6167781,0.39113301038742065,0.3970000147819519,0.061799999326467514
YPL227C,YJL019W,0,-2.6169508,0.3907480239868164,0.3970000147819519,0.061900001019239426
YHR191C,YBL026W,0,-2.6172273,0.39036381244659424,0.3970000147819519,0.06199999898672104
YJR102C,YGR241C,0,-2.6173522,0.38998034596443176,0.3970000147819519,0.06210000067949295
YMR036C,YPL268W,0,-2.6173904,0.38959765434265137,0.3970000147819519,0.062199998646974564
YLL022C,YPR031W,1,-2.6176383,0.3901960849761963,0.39800000190734863,0.062199998646974564
YBL003C,YBR103W,1,-2.6177516,0.3907933533191681,0.39899998903274536,0.062199998646974564
YAL041W,YHR070W,0,-2.618607,0.3904109597206116,0.39899998903274536,0.062300000339746475
YER155C,YJL184W,0,-2.6190717,0.39002931118011475,0.39899998903274536,0.06239999830722809
YGR056W,YOL148C,1,-2.6191654,0.390625,0.4000000059604645,0.06239999830722809
YKR101W,YBR081C,1,-2.6200905,0.39121952652931213,0.4009999930858612,0.06239999830722809
YPL082C,YNR026C,0,-2.6202278,0.3908382058143616,0.4009999930858612,0.0625
YGL195W,YER041W,0,-2.6209164,0.3904576301574707,0.4009999930858612,0.06260000169277191
YKL046C,YLR116W,0,-2.6213715,0.3900778293609619,0.4009999930858612,0.06270000338554382
YNL059C,YBR278W,1,-2.6215644,0.3906705677509308,0.4020000100135803,0.06270000338554382
YMR149W,YGL212W,0,-2.6234531,0.3902912735939026,0.4020000100135803,0.06279999762773514
YJR006W,YML062C,0,-2.624696,0.3899126946926117,0.4020000100135803,0.06289999932050705
YLR342W,YBR218C,0,-2.6253345,0.3895348906517029,0.4020000100135803,0.06300000101327896
YOR085W,YJR010C-A,0,-2.6281788,0.38915780186653137,0.4020000100135803,0.06310000270605087
YML124C,YMR197C,0,-2.6293173,0.38878142833709717,0.4020000100135803,0.06319999694824219
YOL068C,YOR123C,1,-2.6295297,0.38937199115753174,0.40299999713897705,0.06319999694824219
YGL073W,YPL007C,0,-2.6295755,0.3889961242675781,0.40299999713897705,0.0632999986410141
YHL003C,YDR362C,0,-2.632189,0.3886210322380066,0.40299999713897705,0.06340000033378601
YGL150C,YLR321C,1,-2.632263,0.3892100155353546,0.40400001406669617,0.06340000033378601
YBR278W,YOL006C,1,-2.632797,0.3897978961467743,0.4050000011920929,0.06340000033378601
YDL197C,YOR279C,1,-2.63332,0.39038461446762085,0.4059999883174896,0.06340000033378601
YEL018W,YER089C,0,-2.6334825,0.3900096118450165,0.4059999883174896,0.06350000202655792
YPL235W,YER161C,1,-2.6339242,0.390595018863678,0.40700000524520874,0.06350000202655792
YCL029C,YML076C,0,-2.635509,0.3902205228805542,0.40700000524520874,0.06360000371932983
YLR223C,YKR008W,1,-2.636009,0.39080458879470825,0.40799999237060547,0.06360000371932983
YJL115W,YPR162C,1,-2.6376774,0.39138755202293396,0.4090000092983246,0.06360000371932983
YPR031W,YPL129W,1,-2.637901,0.3919694125652313,0.4099999964237213,0.06360000371932983
YDR036C,YKR020W,0,-2.6381805,0.3915950357913971,0.4099999964237213,0.06369999796152115
YOL068C,YDR191W,1,-2.6387048,0.3921755850315094,0.41100001335144043,0.06369999796152115
YIL062C,YDR162C,0,-2.6391878,0.39180171489715576,0.41100001335144043,0.06379999965429306
YPL228W,YER162C,0,-2.6397357,0.39142856001853943,0.41100001335144043,0.06390000134706497
YLR086W,YKL196C,0,-2.6401742,0.3910561501979828,0.41100001335144043,0.06400000303983688
YIL075C,YFL005W,0,-2.6411877,0.3906843960285187,0.41100001335144043,0.0640999972820282
YKR057W,YAL047C,0,-2.6425316,0.39031338691711426,0.41100001335144043,0.06419999897480011
YJL014W,YNR013C,0,-2.642717,0.38994306325912476,0.41100001335144043,0.06430000066757202
YGL144C,YOR261C,0,-2.6439512,0.38957345485687256,0.41100001335144043,0.06440000236034393
YHR160C,YNL312W,0,-2.644406,0.3892045319080353,0.41100001335144043,0.06449999660253525
YDL207W,YBR265W,0,-2.64445,0.3888363242149353,0.41100001335144043,0.06459999829530716
YCR033W,YPL016W,1,-2.6444936,0.389413982629776,0.41200000047683716,0.06459999829530716
YPL228W,YBR193C,0,-2.644521,0.3890462815761566,0.41200000047683716,0.06469999998807907
YOR353C,YGL243W,0,-2.6454623,0.38867923617362976,0.41200000047683716,0.06480000168085098
YDR515W,YHL009C,0,-2.6455052,0.3883129060268402,0.41200000047683716,0.0649000033736229
YER019W,YOR327C,0,-2.6459343,0.3879472613334656,0.41200000047683716,0.06499999761581421
YLR207W,YJL140W,0,-2.6469972,0.38758230209350586,0.41200000047683716,0.06509999930858612
YER133W,YBR275C,1,-2.6486146,0.3881579041481018,0.4129999876022339,0.06509999930858612
YOL068C,YNL261W,1,-2.6498725,0.3887324035167694,0.414000004529953,0.06509999930858612
YPL094C,YBR058C,0,-2.6502104,0.38836774230003357,0.414000004529953,0.06520000100135803
YDR036C,YGR007W,0,-2.6502693,0.38800373673439026,0.414000004529953,0.06530000269412994
YEL061C,YDR272W,0,-2.650549,0.38764044642448425,0.414000004529953,0.06539999693632126
YML065W,YNL107W,1,-2.6514943,0.38821327686309814,0.41499999165534973,0.06539999693632126
YBR082C,YBR097W,0,-2.6518238,0.38785046339035034,0.41499999165534973,0.06549999862909317
YLR399C,YNL031C,1,-2.6528683,0.38842204213142395,0.41600000858306885,0.06549999862909317
YER040W,YJL053W,0,-2.6533544,0.38805970549583435,0.41600000858306885,0.06560000032186508
YLR117C,YGL210W,0,-2.6533697,0.38769805431365967,0.41600000858306885,0.065700002014637
YBL046W,YPL212C,0,-2.6537166,0.3873370587825775,0.41600000858306885,0.0658000037074089
YDL207W,YLR305C,0,-2.6544282,0.3869767487049103,0.41600000858306885,0.06589999794960022
YDR524C,YNL283C,0,-2.6545486,0.38661709427833557,0.41600000858306885,0.06599999964237213
YOL067C,YDR341C,0,-2.6546261,0.3862581253051758,0.41600000858306885,0.06610000133514404
YLR291C,YPL268W,0,-2.654925,0.3858998119831085,0.41600000858306885,0.06620000302791595
YMR172W,YDL036C,0,-2.6550367,0.3855421543121338,0.41600000858306885,0.06629999727010727
YCL024W,YHR084W,0,-2.655206,0.385185182094574,0.41600000858306885,0.06639999896287918
YHR115C,YGR009C,0,-2.6553667,0.3848288655281067,0.41600000858306885,0.06650000065565109
YJL014W,YOR036W,0,-2.6562238,0.38447320461273193,0.41600000858306885,0.066600002348423
YOR030W,YBR133C,0,-2.6579566,0.3841181993484497,0.41600000858306885,0.06669999659061432
YBR185C,YBR240C,0,-2.6579878,0.38376384973526,0.41600000858306885,0.06679999828338623
YJL210W,YDR055W,0,-2.6596339,0.38341012597084045,0.41600000858306885,0.06689999997615814
YJR043C,YJL025W,0,-2.6597729,0.3830570876598358,0.41600000858306885,0.06700000166893005
YMR216C,YOR270C,0,-2.6601388,0.3827047049999237,0.41600000858306885,0.06710000336170197
YDL084W,YPL139C,1,-2.6606846,0.38327205181121826,0.4169999957084656,0.06710000336170197
YLR285W,YGL163C,1,-2.6608317,0.38383838534355164,0.4180000126361847,0.06710000336170197
YKL179C,YOL100W,0,-2.6611605,0.38348624110221863,0.4180000126361847,0.06719999760389328
YPL181W,YGR056W,1,-2.6619866,0.3840513229370117,0.4189999997615814,0.06719999760389328
YMR299C,YGL212W,0,-2.662124,0.3836996257305145,0.4189999997615814,0.06729999929666519
YBR131W,YML032C,0,-2.6622608,0.38334858417510986,0.4189999997615814,0.0674000009894371
YNL048W,YHR115C,0,-2.662415,0.38299816846847534,0.4189999997615814,0.06750000268220901
YPR082C,YHR073W,0,-2.6627262,0.38264840841293335,0.4189999997615814,0.06759999692440033
YOR181W,YCR106W,0,-2.6637526,0.3822992742061615,0.4189999997615814,0.06769999861717224
YJL019W,YFR051C,0,-2.6652756,0.3819507658481598,0.4189999997615814,0.06780000030994415
YBL057C,YDR002W,0,-2.6665347,0.3816029131412506,0.4189999997615814,0.06790000200271606
YOR266W,YFR040W,0,-2.6672773,0.3812556862831116,0.4189999997615814,0.06800000369548798
YMR075W,YNL246W,1,-2.6679585,0.38181817531585693,0.41999998688697815,0.06800000369548798
YBR210W,YOR351C,0,-2.6679838,0.3814713954925537,0.41999998688697815,0.06809999793767929
YLR007W,YHR150W,0,-2.6683643,0.38112524151802063,0.41999998688697815,0.0681999996304512
YGR101W,YOR172W,0,-2.6689975,0.3807796835899353,0.41999998688697815,0.06830000132322311
YBR057C,YKL203C,0,-2.6690497,0.3804347813129425,0.41999998688697815,0.06840000301599503
YAL047C,YER151C,0,-2.6694477,0.38009050488471985,0.41999998688697815,0.06849999725818634
YIL106W,YER104W,0,-2.669677,0.37974682450294495,0.41999998688697815,0.06859999895095825
YKL052C,YGL011C,0,-2.670027,0.3794037997722626,0.41999998688697815,0.06870000064373016
YBL046W,YOL034W,0,-2.6707144,0.37906137108802795,0.41999998688697815,0.06880000233650208
YOR249C,YLL004W,1,-2.6708963,0.3796212673187256,0.42100000381469727,0.06880000233650208
YDR037W,YPL022W,0,-2.6711476,0.3792792856693268,0.42100000381469727,0.06889999657869339
YDR190C,YLR321C,1,-2.6715393,0.3798379898071289,0.421999990940094,0.06889999657869339
YHR191C,YOL122C,0,-2.671677,0.37949639558792114,0.421999990940094,0.0689999982714653
YDR039C,YDL159W,0,-2.6725667,0.3791554272174835,0.421999990940094,0.06909999996423721
YKL179C,YDR432W,0,-2.6726644,0.37881508469581604,0.421999990940094,0.06920000165700912
YDR363W,YLR357W,1,-2.672975,0.3793722093105316,0.4230000078678131,0.06920000165700912
YML014W,YEL051W,0,-2.6737523,0.3790322542190552,0.4230000078678131,0.06930000334978104
YCL024W,YNL003C,0,-2.674101,0.3786929249763489,0.4230000078678131,0.06939999759197235
YOR244W,YOL017W,1,-2.6748703,0.37924864888191223,0.42399999499320984,0.06939999759197235
YDR331W,YML023C,0,-2.6748898,0.37890973687171936,0.42399999499320984,0.06949999928474426
YER133W,YMR263W,1,-2.67555,0.3794642984867096,0.42500001192092896,0.06949999928474426
YDL045C,YML076C,0,-2.6756833,0.37912577390670776,0.42500001192092896,0.06960000097751617
YNR052C,YBL020W,0,-2.6757665,0.3787878751754761,0.42500001192092896,0.06970000267028809
YPL181W,YGR063C,1,-2.6768956,0.3793410360813141,0.4259999990463257,0.06970000267028809
YFL024C,YPL254W,1,-2.6769695,0.3798932433128357,0.4269999861717224,0.06970000267028809
YER164W,YGR275W,1,-2.6770341,0.3804444372653961,0.42800000309944153,0.06970000267028809
YMR219W,YML127W,1,-2.6771328,0.38099467754364014,0.42899999022483826,0.06970000267028809
YDR499W,YFL005W,0,-2.677406,0.3806565999984741,0.42899999022483826,0.0697999969124794
YPL137C,YIL063C,0,-2.6777594,0.38031914830207825,0.42899999022483826,0.06989999860525131
YJR060W,YMR091C,1,-2.6781847,0.38086801767349243,0.4300000071525574,0.06989999860525131
YBR228W,YOR313C,0,-2.6789253,0.38053098320961,0.4300000071525574,0.07000000029802322
YMR052W,YBR179C,0,-2.6791854,0.3801945149898529,0.4300000071525574,0.07010000199079514
YFR052W,YMR227C,0,-2.6794305,0.3798586428165436,0.4300000071525574,0.07020000368356705
YDR363W,YNL107W,1,-2.6795008,0.380405992269516,0.4309999942779541,0.07020000368356705
YOR023C,YCL061C,1,-2.6795251,0.380952388048172,0.4320000112056732,0.07020000368356705
YLR223C,YNL107W,1,-2.6797385,0.3814978003501892,0.43299999833106995,0.07020000368356705
YOR144C,YBL023C,0,-2.6800892,0.38116195797920227,0.43299999833106995,0.07029999792575836
YDR121W,YDR224C,1,-2.6802886,0.38170623779296875,0.4339999854564667,0.07029999792575836
YOL012C,YBR275C,1,-2.6829321,0.3822495639324188,0.4350000023841858,0.07029999792575836
YBR010W,YNL261W,1,-2.6835222,0.3827919363975525,0.4359999895095825,0.07029999792575836
YBR278W,YLR052W,1,-2.6836154,0.38333332538604736,0.43700000643730164,0.07029999792575836
YFL024C,YBR081C,1,-2.6841981,0.3838737905025482,0.43799999356269836,0.07029999792575836
YDR448W,YPR162C,1,-2.6842353,0.38441330194473267,0.4390000104904175,0.07029999792575836
YDL207W,YMR109W,0,-2.6847222,0.3840769827365875,0.4390000104904175,0.07039999961853027
YGR220C,YOL066C,0,-2.6851275,0.38374125957489014,0.4390000104904175,0.07050000131130219
YBR010W,YNL262W,1,-2.6857283,0.3842794895172119,0.4399999976158142,0.07050000131130219
YLL043W,YBR082C,0,-2.6860693,0.38394415378570557,0.4399999976158142,0.0706000030040741
YML036W,YBR133C,0,-2.6862776,0.383609414100647,0.4399999976158142,0.07069999724626541
YGR238C,YLR007W,0,-2.6865978,0.38327527046203613,0.4399999976158142,0.07079999893903732
YIL048W,YPL151C,0,-2.68694,0.38294169306755066,0.4399999976158142,0.07090000063180923
YKL160W,YNL107W,1,-2.6883068,0.3834782540798187,0.4410000145435333,0.07090000063180923
YHL031C,YOR367W,0,-2.689243,0.3831450939178467,0.4410000145435333,0.07100000232458115
YGL150C,YDR334W,1,-2.6893961,0.3836805522441864,0.44200000166893005,0.07100000232458115
YBR082C,YOR229W,0,-2.6902971,0.3833477795124054,0.44200000166893005,0.07109999656677246
YLR354C,YKL140W,0,-2.6912062,0.38301560282707214,0.44200000166893005,0.07119999825954437
YML065W,YIL084C,1,-2.6912901,0.3835497796535492,0.4429999887943268,0.07119999825954437
YOR253W,YPR189W,0,-2.6913385,0.383217990398407,0.4429999887943268,0.07129999995231628
YPL116W,YDR469W,1,-2.692179,0.3837510943412781,0.4440000057220459,0.07129999995231628
YNL059C,YLL004W,1,-2.6921911,0.38428324460983276,0.4449999928474426,0.07129999995231628
YHR084W,YGR048W,0,-2.6924717,0.38395169377326965,0.4449999928474426,0.0714000016450882
YOR244W,YER133W,1,-2.6925166,0.3844827711582184,0.44600000977516174,0.0714000016450882
YLL024C,YIL023C,0,-2.6937025,0.3841516077518463,0.44600000977516174,0.07150000333786011
YGL244W,YMR273C,1,-2.6940486,0.3846815824508667,0.44699999690055847,0.07150000333786011
YPL181W,YML041C,1,-2.6964195,0.38521066308021545,0.4480000138282776,0.07150000333786011
YOR030W,YOR085W,0,-2.6969848,0.3848797380924225,0.4480000138282776,0.07159999758005142
YPL181W,YCR020W-B,1,-2.6973839,0.3854077160358429,0.4490000009536743,0.07159999758005142
YDL040C,YOL042W,0,-2.697448,0.38507717847824097,0.4490000009536743,0.07169999927282333
YMR287C,YDL120W,0,-2.6974745,0.3847472071647644,0.4490000009536743,0.07180000096559525
YDR439W,YPR031W,1,-2.6976569,0.3852739632129669,0.44999998807907104,0.07180000096559525
YML048W,YBR171W,0,-2.6982486,0.3849444091320038,0.44999998807907104,0.07190000265836716
YLR384C,YDR409W,0,-2.698431,0.38461539149284363,0.44999998807907104,0.07199999690055847
YOL059W,YPL169C,0,-2.6987247,0.38428694009780884,0.44999998807907104,0.07209999859333038
YGR003W,YGL043W,0,-2.6997578,0.3839590549468994,0.44999998807907104,0.0722000002861023
YER114C,YGL243W,0,-2.6998413,0.38363170623779297,0.44999998807907104,0.0723000019788742
YAR014C,YPL204W,0,-2.7002335,0.3833049535751343,0.44999998807907104,0.07240000367164612
YDL236W,YER161C,1,-2.70024,0.3838297724723816,0.45100000500679016,0.07240000367164612
YLL006W,YDL090C,0,-2.7002902,0.38350340723991394,0.45100000500679016,0.07249999791383743
YLR459W,YML055W,0,-2.7011144,0.38317757844924927,0.45100000500679016,0.07259999960660934
YHR005C,YJR144W,0,-2.7014818,0.3828522861003876,0.45100000500679016,0.07270000129938126
YKR008W,YAL011W,1,-2.7015622,0.38337573409080505,0.4519999921321869,0.07270000129938126
YDL005C,YOR294W,0,-2.701689,0.3830508589744568,0.4519999921321869,0.07280000299215317
YMR162C,YBR127C,0,-2.7017698,0.3827264904975891,0.4519999921321869,0.07289999723434448
YIL150C,YGR063C,1,-2.7018864,0.3832487165927887,0.453000009059906,0.07289999723434448
YJR021C,YDR292C,0,-2.7028482,0.38292476534843445,0.453000009059906,0.0729999989271164
YDL207W,YDR174W,0,-2.7030327,0.3826013505458832,0.453000009059906,0.0731000006198883
YDL245C,YGL086W,0,-2.7030602,0.3822784721851349,0.453000009059906,0.07320000231266022
YBR211C,YFL059W,0,-2.7034879,0.38195616006851196,0.453000009059906,0.07329999655485153
YMR078C,YHR077C,0,-2.7044342,0.381634384393692,0.453000009059906,0.07339999824762344
YGL194C,YMR091C,1,-2.7045267,0.3821548819541931,0.45399999618530273,0.07339999824762344
YMR005W,YGL145W,0,-2.7057812,0.3818334639072418,0.45399999618530273,0.07349999994039536
YGR275W,YDR469W,1,-2.70657,0.38235294818878174,0.45500001311302185,0.07349999994039536
YBR010W,YBR060C,1,-2.7066553,0.38287153840065,0.4560000002384186,0.07349999994039536
YGL163C,YFR037C,1,-2.7071962,0.38338926434516907,0.4569999873638153,0.07349999994039536
YLR418C,YBR198C,1,-2.7077081,0.38390612602233887,0.4580000042915344,0.07349999994039536
YMR047C,YOL072W,0,-2.708042,0.383584588766098,0.4580000042915344,0.07360000163316727
YML023C,YDR238C,0,-2.708822,0.38326358795166016,0.4580000042915344,0.07370000332593918
YMR080C,YPL138C,1,-2.7088618,0.38377925753593445,0.45899999141693115,0.07370000332593918
YDL059C,YBL050W,0,-2.7088883,0.3834586441516876,0.45899999141693115,0.0737999975681305
YFR028C,YER018C,0,-2.709226,0.3831385672092438,0.45899999141693115,0.0738999992609024
YDL197C,YDR439W,1,-2.7093232,0.38365304470062256,0.46000000834465027,0.0738999992609024
YJL014W,YJL039C,0,-2.7103155,0.38333332538604736,0.46000000834465027,0.07400000095367432
YOR174W,YDL039C,0,-2.7104297,0.38301414251327515,0.46000000834465027,0.07410000264644623
YPL125W,YKL055C,0,-2.7108815,0.3826954960823059,0.46000000834465027,0.07419999688863754
YLL031C,YCR065W,0,-2.7111635,0.38237738609313965,0.46000000834465027,0.07429999858140945
YHR023W,YBL057C,0,-2.7116773,0.38205981254577637,0.46000000834465027,0.07440000027418137
YPR105C,YBR172C,0,-2.7136931,0.3817427456378937,0.46000000834465027,0.07450000196695328
YNL250W,YNL290W,0,-2.714118,0.38142621517181396,0.46000000834465027,0.07460000365972519
YBL103C,YPR133C,0,-2.715113,0.38111019134521484,0.46000000834465027,0.0746999979019165
YJR090C,YOL135C,0,-2.7158358,0.3807947039604187,0.46000000834465027,0.07479999959468842
YBL035C,YNL222W,0,-2.715927,0.38047972321510315,0.46000000834465027,0.07490000128746033
YOR377W,YOR181W,0,-2.7177036,0.3801652789115906,0.46000000834465027,0.07500000298023224
YER025W,YJL091C,0,-2.7186913,0.379851371049881,0.46000000834465027,0.07509999722242355
YJR043C,YPR186C,0,-2.7187135,0.3795379400253296,0.46000000834465027,0.07519999891519547
YHR069C,YDR088C,0,-2.7188618,0.37922507524490356,0.46000000834465027,0.07530000060796738
YOR351C,YLR329W,0,-2.718932,0.37891268730163574,0.46000000834465027,0.07540000230073929
YKL160W,YDL076C,1,-2.7190535,0.3794238567352295,0.460999995470047,0.07540000230073929
YBR278W,YMR022W,1,-2.7202926,0.3799342215061188,0.4620000123977661,0.07540000230073929
YML077W,YNL201C,0,-2.7204368,0.3796220123767853,0.4620000123977661,0.0754999965429306
YML099C,YOL076W,0,-2.7207928,0.37931033968925476,0.4620000123977661,0.07559999823570251
YDR137W,YKR025W,0,-2.7212749,0.37899917364120483,0.4620000123977661,0.07569999992847443
YOR371C,YPL174C,0,-2.721557,0.3786885142326355,0.4620000123977661,0.07580000162124634
YNL225C,YJL041W,0,-2.7218177,0.37837839126586914,0.4620000123977661,0.07590000331401825
YHR086W,YAL016W,0,-2.7232544,0.378068745136261,0.4620000123977661,0.07599999755620956
YOL158C,YBR283C,0,-2.723646,0.3777596056461334,0.4620000123977661,0.07609999924898148
YHR006W,YBR123C,0,-2.7239926,0.37745097279548645,0.4620000123977661,0.07620000094175339
YBR186W,YGL070C,0,-2.725032,0.37714284658432007,0.4620000123977661,0.0763000026345253
YBL057C,YDR532C,0,-2.725892,0.3768352270126343,0.4620000123977661,0.07639999687671661
YNL001W,YPR178W,0,-2.7267983,0.3765281140804291,0.4620000123977661,0.07649999856948853
YNL023C,YPL042C,0,-2.7273343,0.37622150778770447,0.4620000123977661,0.07660000026226044
YER168C,YER157W,0,-2.7283964,0.37591537833213806,0.4620000123977661,0.07670000195503235
YPR131C,YAL009W,0,-2.7288291,0.37560975551605225,0.4620000123977661,0.07680000364780426
YLR005W,YML025C,0,-2.728873,0.375304639339447,0.4620000123977661,0.07689999788999557
YHR115C,YIL016W,0,-2.7297912,0.375,0.4620000123977661,0.07699999958276749
YNL230C,YDL015C,0,-2.7302456,0.37469586730003357,0.4620000123977661,0.0771000012755394
YNL245C,YGL243W,0,-2.73052,0.37439221143722534,0.4620000123977661,0.07720000296831131
YER052C,YNL049C,0,-2.7313282,0.3740890622138977,0.4620000123977661,0.07729999721050262
YPR082C,YDR422C,0,-2.731351,0.37378641963005066,0.4620000123977661,0.07739999890327454
YDR480W,YKL017C,0,-2.7315662,0.37348422408103943,0.4620000123977661,0.07750000059604645
YLL001W,YDR126W,0,-2.7322958,0.3731825649738312,0.4620000123977661,0.07760000228881836
YGL241W,YMR218C,0,-2.732331,0.37288135290145874,0.4620000123977661,0.07769999653100967
YGR116W,YAR003W,1,-2.732979,0.37338709831237793,0.46299999952316284,0.07769999653100967
YPL178W,YPR111W,0,-2.7330575,0.37308621406555176,0.46299999952316284,0.07779999822378159
YER065C,YKR020W,0,-2.733384,0.3727858364582062,0.46299999952316284,0.0778999999165535
YPL181W,YJR140C,1,-2.7342355,0.37329041957855225,0.46399998664855957,0.0778999999165535
YLR191W,YBL093C,0,-2.7344925,0.37299033999443054,0.46399998664855957,0.07800000160932541
YGL216W,YNL326C,0,-2.7349455,0.37269076704978943,0.46399998664855957,0.07810000330209732
YFR034C,YDL150W,0,-2.7352643,0.37239164113998413,0.46399998664855957,0.07819999754428864
YPL228W,YOR188W,0,-2.736557,0.3720930218696594,0.46399998664855957,0.07829999923706055
YHR183W,YMR172W,0,-2.736903,0.3717948794364929,0.46399998664855957,0.07840000092983246
YPR193C,YIL150C,1,-2.7371867,0.37229782342910767,0.4650000035762787,0.07840000092983246
YBR136W,YHR165C,0,-2.7374778,0.3720000088214874,0.4650000035762787,0.07850000262260437
YPR083W,YOR127W,0,-2.738147,0.371702641248703,0.4650000035762787,0.07859999686479568
YDR439W,YKR029C,1,-2.739135,0.3722044825553894,0.4659999907016754,0.07859999686479568
YMR016C,YHR135C,0,-2.7400281,0.37190741300582886,0.4659999907016754,0.0786999985575676
YDR397C,YBR129C,0,-2.7401264,0.3716108500957489,0.4659999907016754,0.07880000025033951
YGL135W,YDR477W,0,-2.7405138,0.37131473422050476,0.4659999907016754,0.07890000194311142
YGL168W,YPL060W,0,-2.7405384,0.3710190951824188,0.4659999907016754,0.07900000363588333
YHR084W,YGR270W,0,-2.740674,0.3707239329814911,0.4659999907016754,0.07909999787807465
YCL024W,YMR177W,0,-2.7407062,0.37042924761772156,0.4659999907016754,0.07919999957084656
YDR437W,YBR283C,0,-2.7407687,0.37013503909111023,0.4659999907016754,0.07930000126361847
YER017C,YOL149W,0,-2.7409976,0.3698412775993347,0.4659999907016754,0.07940000295639038
YLR381W,YDR221W,0,-2.7410274,0.369547963142395,0.4659999907016754,0.0794999971985817
YMR275C,YIL056W,0,-2.7414398,0.3692551553249359,0.4659999907016754,0.07959999889135361
YLR431C,YMR150C,0,-2.7416985,0.3689627945423126,0.4659999907016754,0.07970000058412552
YKL160W,YLR052W,1,-2.7418723,0.3694620132446289,0.46700000762939453,0.07970000058412552
YCR063W,YNL049C,0,-2.7420611,0.3691699504852295,0.46700000762939453,0.07980000227689743
YOR039W,YCL069W,0,-2.7423215,0.3688783645629883,0.46700000762939453,0.07989999651908875
YER133W,YMR069W,1,-2.7424214,0.3693764805793762,0.46799999475479126,0.07989999651908875
YNL097C,YML109W,1,-2.742878,0.3698738217353821,0.4690000116825104,0.07989999651908875
YKL021C,YJR068W,0,-2.743708,0.3695823550224304,0.4690000116825104,0.07999999821186066
YKL005C,YNL110C,0,-2.743983,0.3692913353443146,0.4690000116825104,0.08009999990463257
YAR002W,YGR074W,0,-2.7446797,0.36900079250335693,0.4690000116825104,0.08020000159740448
YMR022W,YOL148C,1,-2.7447083,0.3694968521595001,0.4699999988079071,0.08020000159740448
YCL034W,YOR380W,0,-2.7449234,0.36920660734176636,0.4699999988079071,0.08030000329017639
YJL026W,YLR417W,0,-2.7450016,0.3689168095588684,0.4699999988079071,0.0803999975323677
YDR121W,YML065W,1,-2.745417,0.36941176652908325,0.47099998593330383,0.0803999975323677
YAL020C,YOR275C,0,-2.7455063,0.3691222667694092,0.47099998593330383,0.08049999922513962
YHR036W,YGR072W,0,-2.745568,0.3688332140445709,0.47099998593330383,0.08060000091791153
YCR014C,YNL229C,0,-2.746524,0.3685446083545685,0.47099998593330383,0.08070000261068344
YDR329C,YLR277C,0,-2.7468607,0.36825644969940186,0.47099998593330383,0.08079999685287476
YJL125C,YDL005C,0,-2.747101,0.36796873807907104,0.47099998593330383,0.08089999854564667
YPR032W,YBR127C,0,-2.7472973,0.36768150329589844,0.47099998593330383,0.08100000023841858
YOL051W,YGL073W,0,-2.7474537,0.36739468574523926,0.47099998593330383,0.08110000193119049
YLR034C,YBR127C,0,-2.7479374,0.3671083450317383,0.47099998593330383,0.0812000036239624
YGR116W,YNL246W,1,-2.7484334,0.3676012456417084,0.47200000286102295,0.0812000036239624
YBR133C,YER022W,0,-2.7493393,0.3673151731491089,0.47200000286102295,0.08129999786615372
YER104W,YOR229W,0,-2.7499394,0.3670295476913452,0.47200000286102295,0.08139999955892563
YGL142C,YIL085C,0,-2.7502704,0.36674436926841736,0.47200000286102295,0.08150000125169754
YOR058C,YLR425W,0,-2.7505531,0.3664596378803253,0.47200000286102295,0.08160000294446945
YKR002W,YOR083W,0,-2.7506566,0.3661753237247467,0.47200000286102295,0.08169999718666077
YFR021W,YNL210W,0,-2.7508318,0.3658914864063263,0.47200000286102295,0.08179999887943268
YPL082C,YBR167C,0,-2.7509592,0.3656080663204193,0.47200000286102295,0.08190000057220459
YBR073W,YLR292C,0,-2.7532842,0.36532506346702576,0.47200000286102295,0.0820000022649765
YDR062W,YBR213W,0,-2.7546117,0.3650425374507904,0.47200000286102295,0.08209999650716782
YBR201W,YPR086W,0,-2.754721,0.3647604286670685,0.47200000286102295,0.08219999819993973
YGR063C,YAL011W,1,-2.754965,0.36525097489356995,0.4729999899864197,0.08219999819993973
YGL019W,YIR015W,0,-2.7550557,0.3649691343307495,0.4729999899864197,0.08229999989271164
YJL201W,YLR055C,0,-2.7559297,0.3646877408027649,0.4729999899864197,0.08240000158548355
YPR171W,YEL051W,0,-2.756279,0.3644067943096161,0.4729999899864197,0.08250000327825546
YPL060W,YFL004W,0,-2.7562892,0.3641262650489807,0.4729999899864197,0.08259999752044678
YHR099W,YPL139C,1,-2.7570465,0.36461538076400757,0.4740000069141388,0.08259999752044678
YBR193C,YMR005W,0,-2.7574437,0.3643351197242737,0.4740000069141388,0.08269999921321869
YBR020W,YHR183W,0,-2.7578557,0.3640553057193756,0.4740000069141388,0.0828000009059906
YDR191W,YLR385C,1,-2.758623,0.3645433485507965,0.4749999940395355,0.0828000009059906
YMR200W,YIR018W,0,-2.7587464,0.3642638027667999,0.4749999940395355,0.08290000259876251
YDL126C,YOR156C,0,-2.7596,0.3639846742153168,0.4749999940395355,0.08299999684095383
YER029C,YLR298C,0,-2.7602458,0.36370596289634705,0.4749999940395355,0.08309999853372574
YJR031C,YER149C,0,-2.7604294,0.36342769861221313,0.4749999940395355,0.08320000022649765
YOR011W,YEL037C,0,-2.7607353,0.36314985156059265,0.4749999940395355,0.08330000191926956
YOL100W,YLR248W,0,-2.760764,0.3628724217414856,0.4749999940395355,0.08340000361204147
YDL150W,YOL028C,0,-2.7613127,0.36259540915489197,0.4749999940395355,0.08349999785423279
YGL142C,YDR240C,0,-2.7617748,0.36231884360313416,0.4749999940395355,0.0835999995470047
YPR128C,YOL028C,0,-2.763182,0.36204269528388977,0.4749999940395355,0.08370000123977661
YKL139W,YKR054C,0,-2.7640207,0.3617669343948364,0.4749999940395355,0.08380000293254852
YLR113W,YIR009W,0,-2.7640402,0.3614916205406189,0.4749999940395355,0.08389999717473984
YGR253C,YFR033C,0,-2.7644923,0.3612167239189148,0.4749999940395355,0.08399999886751175
YNR030W,YHR038W,0,-2.764697,0.3609422445297241,0.4749999940395355,0.08410000056028366
YEL061C,YMR025W,0,-2.7646983,0.3606681823730469,0.4749999940395355,0.08420000225305557
YOL086C,YDR517W,0,-2.765074,0.36039453744888306,0.4749999940395355,0.08429999649524689
YPL116W,YNL097C,1,-2.7656362,0.36087945103645325,0.47600001096725464,0.08429999649524689
YMR299C,YOL054W,0,-2.7661088,0.3606060743331909,0.47600001096725464,0.0843999981880188
YER114C,YPR168W,0,-2.7662933,0.36033308506011963,0.47600001096725464,0.08449999988079071
YNL328C,YOR368W,0,-2.7666643,0.36006051301956177,0.47600001096725464,0.08460000157356262
YER083C,YGL212W,0,-2.766756,0.35978835821151733,0.47600001096725464,0.08470000326633453
YLR238W,YPL137C,0,-2.766976,0.35951662063598633,0.47600001096725464,0.08479999750852585
YOR249C,YBR231C,1,-2.7682116,0.36000001430511475,0.47699999809265137,0.08479999750852585
YGR261C,YCR037C,0,-2.76874,0.35972851514816284,0.47699999809265137,0.08489999920129776
YLL043W,YMR214W,0,-2.7688408,0.35945743322372437,0.47699999809265137,0.08500000089406967
YJR057W,YPL022W,0,-2.7688513,0.35918673872947693,0.47699999809265137,0.08510000258684158
YJL194W,YDR141C,0,-2.7688696,0.3589164912700653,0.47699999809265137,0.0851999968290329
YLR223C,YDR181C,1,-2.7698143,0.3593984842300415,0.4779999852180481,0.0851999968290329
YLR368W,YPR086W,0,-2.7703364,0.359128475189209,0.4779999852180481,0.08529999852180481
YOR117W,YGL113W,0,-2.7713935,0.3588588535785675,0.4779999852180481,0.08540000021457672
YML067C,YNR048W,0,-2.7736537,0.35858964920043945,0.4779999852180481,0.08550000190734863
YBR278W,YNL262W,1,-2.774133,0.35907045006752014,0.4790000021457672,0.08550000190734863
YDR473C,YNL163C,0,-2.7746975,0.3588014841079712,0.4790000021457672,0.08560000360012054
YIL114C,YGR152C,0,-2.7750528,0.35853293538093567,0.4790000021457672,0.08569999784231186
YBR275C,YNL246W,1,-2.775093,0.3590127229690552,0.47999998927116394,0.08569999784231186
YGR163W,YHL027W,0,-2.7757206,0.35874438285827637,0.47999998927116394,0.08579999953508377
YGL167C,YMR060C,0,-2.77662,0.3584764897823334,0.47999998927116394,0.08590000122785568
YGR056W,YHL025W,1,-2.777075,0.3589552342891693,0.48100000619888306,0.08590000122785568
YOR023C,YDL236W,1,-2.7773902,0.35943326354026794,0.4819999933242798,0.08590000122785568
YGL044C,YKL095W,0,-2.7774477,0.3591654300689697,0.4819999933242798,0.0860000029206276
YMR113W,YOR329C,0,-2.7778523,0.35889798402786255,0.4819999933242798,0.08609999716281891
YIL038C,YMR200W,0,-2.7779157,0.3586309552192688,0.4819999933242798,0.08619999885559082
YDR086C,YEL051W,0,-2.7780838,0.3583643138408661,0.4819999933242798,0.08630000054836273
YPR199C,YBR131W,0,-2.778805,0.3580980598926544,0.4819999933242798,0.08640000224113464
YGR057C,YHR172W,0,-2.7789686,0.3578322231769562,0.4819999933242798,0.08649999648332596
YOR026W,YFR052W,0,-2.7791402,0.357566773891449,0.4819999933242798,0.08659999817609787
YBL105C,YER123W,0,-2.779247,0.3573017120361328,0.4819999933242798,0.08669999986886978
YLR163C,YGR118W,0,-2.7793818,0.3570370376110077,0.4819999933242798,0.0868000015616417
YOR236W,YGR047C,0,-2.7800188,0.3567727506160736,0.4819999933242798,0.0869000032544136
YGR163W,YHR084W,0,-2.7803223,0.35650888085365295,0.4819999933242798,0.08699999749660492
YDL192W,YOL115W,0,-2.7811143,0.35624536871910095,0.4819999933242798,0.08709999918937683
YLR165C,YDR160W,0,-2.781899,0.3559822738170624,0.4819999933242798,0.08720000088214874
YDR224C,YPL139C,1,-2.7819884,0.35645756125450134,0.4830000102519989,0.08720000088214874
YPL116W,YMR075W,1,-2.7822533,0.3569321632385254,0.48399999737739563,0.08720000088214874
YGL195W,YNL328C,0,-2.7841547,0.3566691279411316,0.48399999737739563,0.08730000257492065
YOR319W,YHR102W,0,-2.7846339,0.35640648007392883,0.48399999737739563,0.08739999681711197
YNL084C,YHR077C,0,-2.7848568,0.3561442196369171,0.48399999737739563,0.08749999850988388
YPL244C,YBR228W,0,-2.7851522,0.35588234663009644,0.48399999737739563,0.08760000020265579
YIL040W,YGL100W,0,-2.785279,0.3556208610534668,0.48399999737739563,0.0877000018954277
YAL020C,YBR213W,0,-2.7855604,0.3553597629070282,0.48399999737739563,0.08780000358819962
YLR429W,YOR260W,0,-2.785702,0.35509905219078064,0.48399999737739563,0.08789999783039093
YGR118W,YML114C,0,-2.7857392,0.35483869910240173,0.48399999737739563,0.08799999952316284
YFL050C,YMR275C,0,-2.7861226,0.35457876324653625,0.48399999737739563,0.08810000121593475
YLL031C,YGR281W,0,-2.7861454,0.35431918501853943,0.48399999737739563,0.08820000290870667
YNL161W,YML023C,0,-2.7864273,0.35405999422073364,0.48399999737739563,0.08829999715089798
YDR163W,YIL122W,0,-2.7864287,0.3538011610507965,0.48399999737739563,0.08839999884366989
YJL094C,YGL051W,0,-2.786445,0.3535427451133728,0.48399999737739563,0.0885000005364418
YDR254W,YGL020C,0,-2.7867231,0.35328465700149536,0.48399999737739563,0.08860000222921371
YPL115C,YGR186W,0,-2.786997,0.35302698612213135,0.48399999737739563,0.08869999647140503
YDL236W,YIL084C,1,-2.7872427,0.35349854826927185,0.48500001430511475,0.08869999647140503
YBR110W,YKL017C,0,-2.7874942,0.35324108600616455,0.48500001430511475,0.08879999816417694
YGR098C,YFL037W,0,-2.7879462,0.3529839813709259,0.48500001430511475,0.08889999985694885
YML112W,YLR192C,0,-2.788102,0.3527272641658783,0.48500001430511475,0.08900000154972076
YPL100W,YNL231C,0,-2.7887933,0.35247093439102173,0.48500001430511475,0.08910000324249268
YLR272C,YML109W,1,-2.789668,0.3529411852359772,0.4860000014305115,0.08910000324249268
YBR278W,YMR273C,1,-2.7904897,0.3534107506275177,0.4869999885559082,0.08910000324249268
YOL026C,YIL023C,0,-2.7908304,0.3531544506549835,0.4869999885559082,0.08919999748468399
YOL016C,YOR030W,0,-2.7909296,0.3528985381126404,0.4869999885559082,0.0892999991774559
YDR153C,YPL268W,0,-2.7909598,0.3526430130004883,0.4869999885559082,0.08940000087022781
YMR275C,YBL022C,0,-2.7913027,0.35238784551620483,0.4869999885559082,0.08950000256299973
YBR215W,YGL112C,1,-2.7918916,0.3528560996055603,0.4880000054836273,0.08950000256299973
YAL059W,YER013W,0,-2.792005,0.35260117053985596,0.4880000054836273,0.08959999680519104
YLL009C,YIL095W,0,-2.7923582,0.3523465692996979,0.4880000054836273,0.08969999849796295
YAL024C,YOR231W,0,-2.7926939,0.35209235548973083,0.4880000054836273,0.08980000019073486
YMR014W,YPL022W,0,-2.7928278,0.35183849930763245,0.4880000054836273,0.08990000188350677
YOR123C,YDR190C,1,-2.793402,0.35230547189712524,0.48899999260902405,0.08990000188350677
YER129W,YLR200W,0,-2.7934725,0.35205182433128357,0.48899999260902405,0.09000000357627869
YGL216W,YLR059C,0,-2.7936716,0.35179856419563293,0.48899999260902405,0.09009999781847
YHR200W,YLR313C,0,-2.7943218,0.35154566168785095,0.48899999260902405,0.09019999951124191
YLR376C,YDR495C,0,-2.7953124,0.3512931168079376,0.48899999260902405,0.09030000120401382
YLR039C,YOR057W,0,-2.7955291,0.35104092955589294,0.48899999260902405,0.09040000289678574
YFL009W,YGR010W,0,-2.795542,0.3507890999317169,0.48899999260902405,0.09049999713897705
YOL021C,YDR432W,0,-2.7956655,0.35053762793540955,0.48899999260902405,0.09059999883174896
YDL231C,YGL092W,0,-2.7958727,0.3502865433692932,0.48899999260902405,0.09070000052452087
YLR147C,YDR369C,0,-2.7960103,0.35003578662872314,0.48899999260902405,0.09080000221729279
YDR377W,YOR332W,0,-2.7960608,0.3497854173183441,0.48899999260902405,0.0908999964594841
YHR166C,YML115C,0,-2.7970574,0.34953537583351135,0.48899999260902405,0.09099999815225601
YAL007C,YDR126W,0,-2.7983835,0.34928572177886963,0.48899999260902405,0.09109999984502792
YLR117C,YDR325W,0,-2.7992134,0.34903639554977417,0.48899999260902405,0.09120000153779984
YLR103C,YML115C,0,-2.799425,0.34878745675086975,0.48899999260902405,0.09130000323057175
YJL024C,YLR045C,0,-2.7997613,0.3485388457775116,0.48899999260902405,0.09139999747276306
YDL148C,YKR062W,0,-2.7997777,0.3482905924320221,0.48899999260902405,0.09149999916553497
YGR056W,YDR334W,1,-2.7997892,0.3487544357776642,0.49000000953674316,0.09149999916553497
YKR003W,YIR011C,0,-2.799806,0.3485063910484314,0.49000000953674316,0.09160000085830688
YDL192W,YNL003C,0,-2.7999985,0.34825870394706726,0.49000000953674316,0.0917000025510788
YFL036W,YAL047C,0,-2.8002942,0.3480113744735718,0.49000000953674316,0.09179999679327011
YOL078W,YGL243W,0,-2.8003833,0.34776437282562256,0.49000000953674316,0.09189999848604202
YOR126C,YJR052W,0,-2.8008163,0.347517728805542,0.49000000953674316,0.09200000017881393
YOR156C,YDR314C,0,-2.8019261,0.3472714424133301,0.49000000953674316,0.09210000187158585
YMR038C,YOR316C,0,-2.8029459,0.34702548384666443,0.49000000953674316,0.09220000356435776
YMR231W,YNL250W,0,-2.8038046,0.3467799127101898,0.49000000953674316,0.09229999780654907
YLR350W,YMR013C,0,-2.8038547,0.3465346395969391,0.49000000953674316,0.09239999949932098
YLR097C,YAR035W,0,-2.8056066,0.3462897539138794,0.49000000953674316,0.0925000011920929
YBL080C,YAL047C,0,-2.8060863,0.34604519605636597,0.49000000953674316,0.09260000288486481
YAL011W,YBR231C,1,-2.8069046,0.3465067148208618,0.4909999966621399,0.09260000288486481
YPL204W,YLL013C,0,-2.8079402,0.3462623357772827,0.4909999966621399,0.09269999712705612
YPR081C,YPL152W,0,-2.8081224,0.34601831436157227,0.4909999966621399,0.09279999881982803
YDL115C,YPR143W,0,-2.8082435,0.34577465057373047,0.4909999966621399,0.09290000051259995
YML076C,YHL009C,0,-2.8084242,0.34553131461143494,0.4909999966621399,0.09300000220537186
YPR025C,YPL060W,0,-2.8087566,0.34528833627700806,0.4909999966621399,0.09309999644756317
YDL079C,YDR486C,0,-2.8096054,0.34504568576812744,0.4909999966621399,0.09319999814033508
YEL015W,YDL154W,0,-2.8097723,0.3448033630847931,0.4909999966621399,0.093299999833107
YMR117C,YPL011C,0,-2.811206,0.3445613980293274,0.4909999966621399,0.0934000015258789
YDR280W,YDR486C,0,-2.811467,0.34431976079940796,0.4909999966621399,0.09350000321865082
YJL094C,YDR235W,0,-2.811681,0.3440784811973572,0.4909999966621399,0.09359999746084213
YOL139C,YDR054C,0,-2.8118472,0.34383752942085266,0.4909999966621399,0.09369999915361404
YOR079C,YFL034C-B,0,-2.8123462,0.3435969352722168,0.4909999966621399,0.09380000084638596
YMR038C,YNL241C,0,-2.812648,0.3433566391468048,0.4909999966621399,0.09390000253915787
YIL128W,YGR078C,0,-2.8133557,0.3431167006492615,0.4909999966621399,0.09399999678134918
YNL282W,YLR383W,0,-2.8141758,0.3428770899772644,0.4909999966621399,0.0940999984741211
YDR179C,YIL149C,0,-2.8144364,0.342637836933136,0.4909999966621399,0.094200000166893
YPR046W,YER008C,0,-2.8146884,0.34239888191223145,0.4909999966621399,0.09430000185966492
YPL235W,YMR236W,1,-2.8147762,0.34285715222358704,0.492000013589859,0.09430000185966492
YML062C,YMR260C,0,-2.81498,0.3426183760166168,0.492000013589859,0.09440000355243683
YJL014W,YIL051C,0,-2.8151665,0.34237995743751526,0.492000013589859,0.09449999779462814
YPL160W,YKL119C,0,-2.8152952,0.34214186668395996,0.492000013589859,0.09459999948740005
YOL095C,YMR298W,0,-2.8160264,0.3419041037559509,0.492000013589859,0.09470000118017197
YMR113W,YMR197C,0,-2.8168676,0.34166666865348816,0.492000013589859,0.09480000287294388
YGR212W,YIL144W,0,-2.8172853,0.34142956137657166,0.492000013589859,0.09489999711513519
YGL172W,YOL142W,0,-2.8175628,0.3411927819252014,0.492000013589859,0.0949999988079071
YOR266W,YJL140W,0,-2.8176007,0.34095633029937744,0.492000013589859,0.09510000050067902
YJL115W,YLR357W,1,-2.8176649,0.341412752866745,0.49300000071525574,0.09510000050067902
YNL042W,YNR039C,0,-2.8177485,0.34117648005485535,0.49300000071525574,0.09520000219345093
YLR292C,YDR372C,0,-2.8178685,0.34094053506851196,0.49300000071525574,0.09529999643564224
YLR114C,YLR148W,0,-2.8185208,0.34070491790771484,0.49300000071525574,0.09539999812841415
YEL030W,YER031C,0,-2.8191006,0.3404695987701416,0.49300000071525574,0.09549999982118607
YPR135W,YPL253C,0,-2.8193944,0.340234637260437,0.49300000071525574,0.09560000151395798
YNL156C,YDR470C,0,-2.8194401,0.3400000035762787,0.49300000071525574,0.09570000320672989
YPL254W,YMR236W,1,-2.819957,0.3404548466205597,0.49399998784065247,0.09570000320672989
YNL243W,YNL154C,0,-2.8203385,0.3402203917503357,0.49399998784065247,0.0957999974489212
YOR304W,YMR080C,1,-2.8204162,0.3406744599342346,0.4950000047683716,0.0957999974489212
YMR036C,YIL052C,0,-2.8207777,0.34044015407562256,0.4950000047683716,0.09589999914169312
YPR199C,YDR208W,0,-2.820924,0.34020617604255676,0.4950000047683716,0.09600000083446503
YOR355W,YNR008W,0,-2.8210917,0.33997252583503723,0.4950000047683716,0.09610000252723694
YBR086C,YOR151C,0,-2.8214078,0.33973920345306396,0.4950000047683716,0.09619999676942825
YCR066W,YGR095C,0,-2.8220327,0.3395061790943146,0.4950000047683716,0.09629999846220016
YJL186W,YJL029C,0,-2.8222334,0.33927348256111145,0.4950000047683716,0.09640000015497208
YOL033W,YPR178W,0,-2.8223367,0.3390410840511322,0.4950000047683716,0.09650000184774399
YLR153C,YJR082C,1,-2.8228164,0.3394934833049774,0.4959999918937683,0.09650000184774399
YLR427W,YHR152W,0,-2.8231676,0.3392612934112549,0.4959999918937683,0.0966000035405159
YHR154W,YBR216C,0,-2.8237455,0.3390294015407562,0.4959999918937683,0.09669999778270721
YOL033W,YIL008W,0,-2.8238356,0.33879780769348145,0.4959999918937683,0.09679999947547913
YGR113W,YER008C,0,-2.824737,0.33856654167175293,0.4959999918937683,0.09690000116825104
YBR041W,YCL011C,0,-2.8260815,0.3383356034755707,0.4959999918937683,0.09700000286102295
YOR236W,YIL144W,0,-2.8261945,0.3381049633026123,0.4959999918937683,0.09709999710321426
YIL110W,YPR139C,0,-2.826811,0.3378746509552002,0.4959999918937683,0.09719999879598618
YHR174W,YBR048W,0,-2.8271492,0.33764466643333435,0.4959999918937683,0.09730000048875809
YDL079C,YMR200W,0,-2.827158,0.3374149799346924,0.4959999918937683,0.09740000218153
YER025W,YGL113W,0,-2.827214,0.3371855914592743,0.4959999918937683,0.09749999642372131
YBR278W,YBL003C,1,-2.827799,0.33763587474823,0.4970000088214874,0.09749999642372131
YML094W,YBR123C,0,-2.8281634,0.3374066650867462,0.4970000088214874,0.09759999811649323
YGR231C,YGR086C,0,-2.8286107,0.33717775344848633,0.4970000088214874,0.09769999980926514
YKL176C,YFR051C,0,-2.8291209,0.3369491398334503,0.4970000088214874,0.09780000150203705
YPR171W,YEL019C,0,-2.8295755,0.33672085404396057,0.4970000088214874,0.09790000319480896
YIR004W,YOL111C,0,-2.829632,0.3364928960800171,0.4970000088214874,0.09799999743700027
YPR023C,YCL061C,1,-2.8302855,0.33694180846214294,0.49799999594688416,0.09799999743700027
YKL016C,YGR003W,0,-2.8305361,0.3367139995098114,0.49799999594688416,0.09809999912977219
YIL084C,YBR103W,1,-2.830677,0.33716216683387756,0.49900001287460327,0.09809999912977219
YGR120C,YJL063C,0,-2.8307457,0.33693450689315796,0.49900001287460327,0.0982000008225441
YPL254W,YML065W,1,-2.8312304,0.33738192915916443,0.5,0.0982000008225441
YGL044C,YGR020C,0,-2.8315446,0.33715441823005676,0.5,0.09830000251531601
YOR209C,YLR272C,1,-2.8320553,0.33760106563568115,0.5009999871253967,0.09830000251531601
YCR033W,YML041C,1,-2.8320982,0.3380471467971802,0.5019999742507935,0.09830000251531601
YNL031C,YIL084C,1,-2.8323293,0.33849260210990906,0.503000020980835,0.09830000251531601
YEL030W,YGR048W,0,-2.8336103,0.33826497197151184,0.503000020980835,0.09839999675750732
YGL150C,YBR275C,1,-2.8338037,0.33870968222618103,0.5040000081062317,0.09839999675750732
YLR008C,YDR501W,0,-2.8342886,0.33848220109939575,0.5040000081062317,0.09849999845027924
YDL111C,YLR369W,0,-2.834546,0.33825504779815674,0.5040000081062317,0.09860000014305115
YDR142C,YLR034C,0,-2.8355916,0.3380281627178192,0.5040000081062317,0.09870000183582306
YDR153C,YMR172W,0,-2.8361735,0.33780160546302795,0.5040000081062317,0.09880000352859497
YKR036C,YDR022C,0,-2.8363824,0.33757534623146057,0.5040000081062317,0.09889999777078629
YLR078C,YGL035C,0,-2.8375504,0.33734938502311707,0.5040000081062317,0.0989999994635582
YJR089W,YCR024C-A,0,-2.8382025,0.3371237516403198,0.5040000081062317,0.09910000115633011
YJR022W,YPL232W,0,-2.8388188,0.3368983864784241,0.5040000081062317,0.09920000284910202
YIL035C,YOR266W,0,-2.839075,0.3366733491420746,0.5040000081062317,0.09929999709129333
YLR052W,YDL002C,1,-2.8400333,0.33711615204811096,0.5049999952316284,0.09929999709129333
YER040W,YIL085C,0,-2.840226,0.3368912637233734,0.5049999952316284,0.09939999878406525
YGL065C,YIL051C,0,-2.840488,0.33666667342185974,0.5049999952316284,0.09950000047683716
YDR515W,YLR396C,0,-2.8409498,0.33644238114356995,0.5049999952316284,0.09960000216960907
YOR098C,YOL072W,0,-2.8413076,0.33621838688850403,0.5049999952316284,0.09969999641180038
YHR081W,YOL076W,0,-2.8418074,0.335994690656662,0.5049999952316284,0.0997999981045723
YOR127W,YKL166C,0,-2.842735,0.33577126264572144,0.5049999952316284,0.09989999979734421
YDR312W,YLR182W,0,-2.8430946,0.33554816246032715,0.5049999952316284,0.10000000149011612
YBR215W,YBR198C,1,-2.8441966,0.335989385843277,0.5059999823570251,0.10000000149011612
YLR117C,YBR167C,0,-2.84427,0.33576643466949463,0.5059999823570251,0.10010000318288803
YDR375C,YGL051W,0,-2.8443027,0.33554375171661377,0.5059999823570251,0.10019999742507935
YMR153W,YBR061C,0,-2.844384,0.3353213965892792,0.5059999823570251,0.10029999911785126
YBR289W,YDR485C,1,-2.8455195,0.33576157689094543,0.5070000290870667,0.10029999911785126
YNL192W,YIL095W,0,-2.8459375,0.3355393707752228,0.5070000290870667,0.10040000081062317
YML065W,YHR119W,1,-2.8462083,0.33597883582115173,0.5080000162124634,0.10040000081062317
YIL114C,YDL047W,0,-2.846326,0.335756778717041,0.5080000162124634,0.10050000250339508
YIL062C,YKL122C,0,-2.8463976,0.3355350196361542,0.5080000162124634,0.1005999967455864
YJL203W,YGR020C,0,-2.8468285,0.3353135287761688,0.5080000162124634,0.1006999984383583
YLR328W,YKL134C,0,-2.847303,0.33509233593940735,0.5080000162124634,0.10080000013113022
YPL048W,YLR313C,0,-2.8474631,0.33487147092819214,0.5080000162124634,0.10090000182390213
YDR108W,YBR260C,0,-2.8483126,0.33465084433555603,0.5080000162124634,0.10100000351667404
YBL020W,YER100W,0,-2.8483884,0.3344305455684662,0.5080000162124634,0.10109999775886536
YLR459W,YCR009C,0,-2.8490708,0.33421051502227783,0.5080000162124634,0.10119999945163727
YOR034C,YOR089C,0,-2.8493297,0.33399078249931335,0.5080000162124634,0.10130000114440918
YOR349W,YKR063C,0,-2.8501303,0.33377134799957275,0.5080000162124634,0.10140000283718109
YKL212W,YML021C,0,-2.8501422,0.33355221152305603,0.5080000162124634,0.1014999970793724
YPL008W,YCR042C,0,-2.8504424,0.3333333432674408,0.5080000162124634,0.10159999877214432
YJL094C,YLR320W,0,-2.8504531,0.33311474323272705,0.5080000162124634,0.10170000046491623
YPL194W,YML104C,0,-2.8509617,0.33289647102355957,0.5080000162124634,0.10180000215768814
YDR320C-A,YDL036C,0,-2.8511527,0.3326784670352936,0.5080000162124634,0.10189999639987946
YDL236W,YHR090C,1,-2.8515933,0.33311519026756287,0.5090000033378601,0.10189999639987946
YFR048W,YOL142W,0,-2.8519418,0.3328973054885864,0.5090000033378601,0.10199999809265137
YDL042C,YBR081C,1,-2.8527,0.3333333432674408,0.5099999904632568,0.10199999809265137
YMR065W,YKL119C,0,-2.8528697,0.3331156075000763,0.5099999904632568,0.10209999978542328
YIR023W,YFR051C,0,-2.8534636,0.33289816975593567,0.5099999904632568,0.10220000147819519
YFR009W,YLR328W,0,-2.8534863,0.3326810300350189,0.5099999904632568,0.1023000031709671
YGR120C,YER174C,0,-2.8540971,0.33246415853500366,0.5099999904632568,0.10239999741315842
YAL032C,YIR022W,0,-2.8547585,0.3322475552558899,0.5099999904632568,0.10249999910593033
YFR040W,YDR160W,0,-2.8548977,0.33203125,0.5099999904632568,0.10260000079870224
YOR250C,YOL102C,0,-2.8563747,0.3318152129650116,0.5099999904632568,0.10270000249147415
YNL012W,YNL054W,0,-2.8564882,0.33159947395324707,0.5099999904632568,0.10279999673366547
YGL201C,YGR133W,0,-2.8574777,0.33138400316238403,0.5099999904632568,0.10289999842643738
YER178W,YLR032W,0,-2.8574944,0.3311688303947449,0.5099999904632568,0.10300000011920929
YOR160W,YOR129C,0,-2.8575227,0.3309539258480072,0.5099999904632568,0.1031000018119812
YBL046W,YIL022W,0,-2.8579938,0.330739289522171,0.5099999904632568,0.10320000350475311
YGL150C,YPL139C,1,-2.8583078,0.33117303252220154,0.5109999775886536,0.10320000350475311
YJL085W,YOL045W,0,-2.8587983,0.3309585452079773,0.5109999775886536,0.10329999774694443
YJR060W,YDR190C,1,-2.8589075,0.3313915729522705,0.5120000243186951,0.10329999774694443
YBR243C,YHL003C,0,-2.859447,0.3311772346496582,0.5120000243186951,0.10339999943971634
YDL036C,YOR261C,0,-2.8605669,0.3309631645679474,0.5120000243186951,0.10350000113248825
YBR217W,YML036W,0,-2.8607967,0.33074936270713806,0.5120000243186951,0.10360000282526016
YLR405W,YGR253C,0,-2.8610113,0.3305358290672302,0.5120000243186951,0.10369999706745148
YBL041W,YHR012W,0,-2.8610666,0.33032259345054626,0.5120000243186951,0.10379999876022339
YOL146W,YOR060C,0,-2.861236,0.3301095962524414,0.5120000243186951,0.1039000004529953
YGL058W,YDR469W,1,-2.8621302,0.3305412232875824,0.5130000114440918,0.1039000004529953
YOL123W,YJL047C,0,-2.8628325,0.33032840490341187,0.5130000114440918,0.10400000214576721
YLL024C,YER074W-A,0,-2.8630636,0.33011582493782043,0.5130000114440918,0.10409999638795853
YBR202W,YLR163C,0,-2.863368,0.3299035429954529,0.5130000114440918,0.10419999808073044
YPL181W,YMR219W,1,-2.8634923,0.3303341865539551,0.5139999985694885,0.10419999808073044
YIL038C,YDL150W,0,-2.8640494,0.3301220238208771,0.5139999985694885,0.10429999977350235
YDR036C,YMR311C,0,-2.864144,0.32991012930870056,0.5139999985694885,0.10440000146627426
YHR187W,YLR106C,0,-2.8643134,0.3296985328197479,0.5139999985694885,0.10450000315904617
YLR005W,YNL263C,0,-2.8643134,0.3294871747493744,0.5139999985694885,0.10459999740123749
YGL071W,YML086C,0,-2.8644006,0.32927611470222473,0.5139999985694885,0.1046999990940094
YDR218C,YLR362W,0,-2.8646314,0.3290652930736542,0.5139999985694885,0.10480000078678131
YCR020W-B,YGL112C,1,-2.8649743,0.32949456572532654,0.5149999856948853,0.10480000078678131
YKR057W,YDL058W,0,-2.8652823,0.3292838931083679,0.5149999856948853,0.10490000247955322
YGR028W,YOR368W,0,-2.8654225,0.3290734887123108,0.5149999856948853,0.10499999672174454
YHR086W,YHR098C,0,-2.8658268,0.32886335253715515,0.5149999856948853,0.10509999841451645
YDL115C,YJR074W,0,-2.8659296,0.328653484582901,0.5149999856948853,0.10520000010728836
YBR164C,YLR330W,0,-2.8662293,0.32844388484954834,0.5149999856948853,0.10530000180006027
YER017C,YGR057C,0,-2.867025,0.32823455333709717,0.5149999856948853,0.10540000349283218
YAL042W,YIL085C,0,-2.867382,0.3280254900455475,0.5149999856948853,0.1054999977350235
YKL046C,YEL018W,0,-2.8675117,0.3278166651725769,0.5149999856948853,0.10559999942779541
YLR274W,YML041C,1,-2.8683887,0.32824426889419556,0.515999972820282,0.10559999942779541
YAL035W,YLR139C,0,-2.8688383,0.3280355930328369,0.515999972820282,0.10570000112056732
YEL069C,YOR322C,0,-2.8689985,0.32782718539237976,0.515999972820282,0.10580000281333923
YLR384C,YNL283C,0,-2.8693714,0.3276190459728241,0.515999972820282,0.10589999705553055
YGR135W,YLR329W,0,-2.8696463,0.3274111747741699,0.515999972820282,0.10599999874830246
YCR082W,YOR033C,0,-2.870341,0.32720354199409485,0.515999972820282,0.10610000044107437
YPL115C,YDR302W,0,-2.8705237,0.32699620723724365,0.515999972820282,0.10620000213384628
YKR036C,YMR026C,0,-2.8708498,0.32678911089897156,0.515999972820282,0.1062999963760376
YKL055C,YER072W,0,-2.8708613,0.32658228278160095,0.515999972820282,0.10639999806880951
YDL004W,YLR360W,0,-2.8720949,0.32637572288513184,0.515999972820282,0.10649999976158142
YNL218W,YPR108W,0,-2.8732717,0.3261694014072418,0.515999972820282,0.10660000145435333
YJL201W,YNL291C,0,-2.8750594,0.3259633481502533,0.515999972820282,0.10670000314712524
YHL007C,YER100W,0,-2.8756979,0.32575756311416626,0.515999972820282,0.10679999738931656
YLR210W,YIR005W,0,-2.8761635,0.3255520462989807,0.515999972820282,0.10689999908208847
YDL017W,YLR254C,0,-2.8762734,0.32534679770469666,0.515999972820282,0.10700000077486038
YCR063W,YLR330W,0,-2.8776274,0.3251417875289917,0.515999972820282,0.1071000024676323
YJR031C,YDR082W,0,-2.8777483,0.32493701577186584,0.515999972820282,0.10719999670982361
YDL137W,YKR031C,0,-2.8777897,0.32473254203796387,0.515999972820282,0.10729999840259552
YJL058C,YLL035W,0,-2.8787546,0.324528306722641,0.515999972820282,0.10740000009536743
YHR077C,YPR041W,0,-2.8790967,0.3243243098258972,0.515999972820282,0.10750000178813934
YOR195W,YML025C,0,-2.8798149,0.3241206109523773,0.515999972820282,0.10760000348091125
YDR099W,YDR079W,0,-2.8798645,0.3239171504974365,0.515999972820282,0.10769999772310257
YFL024C,YLR357W,1,-2.8798964,0.3243412673473358,0.5170000195503235,0.10769999772310257
YPL267W,YLR147C,0,-2.8799949,0.32413792610168457,0.5170000195503235,0.10779999941587448
YGR038W,YKL058W,0,-2.8803985,0.3239348232746124,0.5170000195503235,0.10790000110864639
YER133W,YFL013C,1,-2.880674,0.32435816526412964,0.5180000066757202,0.10790000110864639
YOL008W,YDR416W,0,-2.881251,0.32415518164634705,0.5180000066757202,0.1080000028014183
YGR227W,YOR109W,0,-2.882227,0.32395246624946594,0.5180000066757202,0.10809999704360962
YHR059W,YMR043W,0,-2.882237,0.32374998927116394,0.5180000066757202,0.10819999873638153
YMR056C,YKL149C,0,-2.8825905,0.3235477805137634,0.5180000066757202,0.10830000042915344
YOL068C,YDR439W,1,-2.8843925,0.3239700496196747,0.5189999938011169,0.10830000042915344
YML105C,YNR048W,0,-2.8843977,0.32376793026924133,0.5189999938011169,0.10840000212192535
YER017C,YNL029C,0,-2.8849416,0.3235660791397095,0.5189999938011169,0.10849999636411667
YDL044C,YOR129C,0,-2.885549,0.3233644962310791,0.5189999938011169,0.10859999805688858
YDL074C,YLL022C,1,-2.885905,0.32378581166267395,0.5199999809265137,0.10859999805688858
YDL232W,YBR080C,0,-2.8860955,0.32358431816101074,0.5199999809265137,0.10869999974966049
YPR082C,YOR308C,0,-2.8881235,0.323383092880249,0.5199999809265137,0.1088000014424324
YMR138W,YGR004W,0,-2.8885193,0.3231821060180664,0.5199999809265137,0.10890000313520432
YOL038W,YMR156C,0,-2.8885462,0.3229813575744629,0.5199999809265137,0.10899999737739563
YKR054C,YBL041W,0,-2.8889186,0.32278087735176086,0.5199999809265137,0.10909999907016754
YJR064W,YGR202C,0,-2.8889606,0.32258063554763794,0.5199999809265137,0.10920000076293945
YNL294C,YNL167C,0,-2.8891673,0.3223806619644165,0.5199999809265137,0.10930000245571136
YLR115W,YJR126C,0,-2.889611,0.32218092679977417,0.5199999809265137,0.10939999669790268
YML112W,YCR106W,0,-2.8901618,0.32198143005371094,0.5199999809265137,0.10949999839067459
YKR038C,YKR062W,0,-2.8901641,0.3217821717262268,0.5199999809265137,0.1096000000834465
YAL034W-A,YLR166C,0,-2.890185,0.32158318161964417,0.5199999809265137,0.10970000177621841
YIL120W,YGL144C,0,-2.8907058,0.3213844299316406,0.5199999809265137,0.10980000346899033
YFL024C,YLR033W,1,-2.8921275,0.32180356979370117,0.5210000276565552,0.10980000346899033
YBR188C,YKL019W,0,-2.8930268,0.3216049373149872,0.5210000276565552,0.10989999771118164
YHR091C,YPL007C,0,-2.893134,0.3214065432548523,0.5210000276565552,0.10999999940395355
YMR055C,YPL120W,0,-2.893359,0.3212083876132965,0.5210000276565552,0.11010000109672546
YNL192W,YOL115W,0,-2.8935041,0.3210104703903198,0.5210000276565552,0.11020000278949738
YHR193C,YPR054W,0,-2.8939652,0.32081282138824463,0.5210000276565552,0.11029999703168869
YDL115C,YML059C,0,-2.8942206,0.32061538100242615,0.5210000276565552,0.1103999987244606
YNL148C,YNL287W,0,-2.894786,0.32041820883750916,0.5210000276565552,0.11050000041723251
YGL086W,YMR260C,0,-2.8951688,0.32022127509117126,0.5210000276565552,0.11060000211000443
YDL099W,YOL042W,0,-2.895236,0.3200245797634125,0.5210000276565552,0.11069999635219574
YMR285C,YGR211W,0,-2.897676,0.3198281228542328,0.5210000276565552,0.11079999804496765
YGL167C,YLR182W,0,-2.8978782,0.3196319043636322,0.5210000276565552,0.11089999973773956
YDR011W,YKR089C,0,-2.8983126,0.3194359242916107,0.5210000276565552,0.11100000143051147
YDL197C,YDR121W,1,-2.8984485,0.31985294818878174,0.5220000147819519,0.11100000143051147
YDR375C,YJR089W,0,-2.8988163,0.3196570873260498,0.5220000147819519,0.11110000312328339
YHR187W,YMR231W,0,-2.8992145,0.3194614350795746,0.5220000147819519,0.1111999973654747
YPR018W,YGR063C,1,-2.8992517,0.3198776841163635,0.5230000019073486,0.1111999973654747
YJL072C,YPL232W,0,-2.8992624,0.31968215107917786,0.5230000019073486,0.11129999905824661
YLR242C,YLR034C,0,-2.8992841,0.3194868564605713,0.5230000019073486,0.11140000075101852
YLR097C,YOL102C,0,-2.8995879,0.3192918300628662,0.5230000019073486,0.11150000244379044
YER008C,YML055W,0,-2.8999531,0.31909701228141785,0.5230000019073486,0.11159999668598175
YOR204W,YDR379W,0,-2.899973,0.3189024329185486,0.5230000019073486,0.11169999837875366
YDL153C,YBR231C,1,-2.8999772,0.319317489862442,0.5239999890327454,0.11169999837875366
YJL179W,YDR238C,0,-2.9001536,0.3191230297088623,0.5239999890327454,0.11180000007152557
YJL203W,YFL033C,0,-2.900164,0.3189287781715393,0.5239999890327454,0.11190000176429749
YFR008W,YLR105C,0,-2.900304,0.3187347948551178,0.5239999890327454,0.1120000034570694
YER028C,YKL166C,0,-2.9006398,0.318541020154953,0.5239999890327454,0.11209999769926071
YFR001W,YBR165W,0,-2.901008,0.3183475136756897,0.5239999890327454,0.11219999939203262
YIR004W,YHR006W,0,-2.901798,0.3181542158126831,0.5239999890327454,0.11230000108480453
YPL235W,YOL006C,1,-2.902602,0.3185679614543915,0.5249999761581421,0.11230000108480453
YDR364C,YLR396C,0,-2.90266,0.31837478280067444,0.5249999761581421,0.11240000277757645
YPR023C,YLR095C,1,-2.9038544,0.3187878727912903,0.5260000228881836,0.11240000277757645
YLL009C,YBR136W,0,-2.9041293,0.3185947835445404,0.5260000228881836,0.11249999701976776
YMR177W,YML059C,0,-2.904169,0.31840193271636963,0.5260000228881836,0.11259999871253967
YDR423C,YDR341C,0,-2.9060109,0.31820932030677795,0.5260000228881836,0.11270000040531158
YLR285W,YGR056W,1,-2.9060786,0.31862151622772217,0.5270000100135803,0.11270000040531158
YPR199C,YPR070W,0,-2.9061375,0.31842899322509766,0.5270000100135803,0.1128000020980835
YNL206C,YHL025W,1,-2.9061553,0.3188405930995941,0.527999997138977,0.1128000020980835
YLR144C,YJL039C,0,-2.9066272,0.31864815950393677,0.527999997138977,0.11289999634027481
YPR135W,YHR031C,0,-2.9067206,0.3184559643268585,0.527999997138977,0.11299999803304672
YOR253W,YHR079C-A,0,-2.9070265,0.3182640075683594,0.527999997138977,0.11309999972581863
YMR048W,YIL098C,0,-2.9079425,0.31807228922843933,0.527999997138977,0.11320000141859055
YJR069C,YPR189W,0,-2.9079797,0.3178808093070984,0.527999997138977,0.11330000311136246
YGR098C,YML031W,0,-2.9080498,0.31768953800201416,0.527999997138977,0.11339999735355377
YPR135W,YNL126W,0,-2.9085643,0.31749850511550903,0.527999997138977,0.11349999904632568
YJR093C,YMR243C,0,-2.9100778,0.3173076808452606,0.527999997138977,0.1136000007390976
YNL080C,YBR055C,0,-2.9102297,0.3171171247959137,0.527999997138977,0.1137000024318695
YER169W,YNR023W,1,-2.9106116,0.31752699613571167,0.5289999842643738,0.1137000024318695
YMR075W,YDR469W,1,-2.911785,0.31793642044067383,0.5299999713897705,0.1137000024318695
YNR033W,YDL231C,0,-2.911931,0.31774580478668213,0.5299999713897705,0.11379999667406082
YDR448W,YGR002C,1,-2.912203,0.31815457344055176,0.531000018119812,0.11379999667406082
YBR038W,YJR006W,0,-2.9124444,0.3179640769958496,0.531000018119812,0.11389999836683273
YPR128C,YDR016C,0,-2.9128044,0.3177737891674042,0.531000018119812,0.11400000005960464
YLR116W,YCR067C,0,-2.9133112,0.31758373975753784,0.531000018119812,0.11410000175237656
YOL021C,YHR135C,0,-2.913323,0.3173938989639282,0.531000018119812,0.11420000344514847
YML036W,YDR400W,0,-2.9134119,0.3172042965888977,0.531000018119812,0.11429999768733978
YNL291C,YBL020W,0,-2.9134707,0.3170149326324463,0.531000018119812,0.1143999993801117
YBL057C,YDR460W,0,-2.9139888,0.3168257772922516,0.531000018119812,0.1145000010728836
YHR082C,YDL006W,0,-2.9140754,0.316636860370636,0.531000018119812,0.11460000276565552
YFL025C,YPL060W,0,-2.914113,0.3164481520652771,0.531000018119812,0.11469999700784683
YPR093C,YMR287C,0,-2.9145179,0.3162596821784973,0.531000018119812,0.11479999870061874
YAL029C,YJL156C,0,-2.9145567,0.31607142090797424,0.531000018119812,0.11490000039339066
YMR079W,YPL234C,0,-2.914588,0.3158833980560303,0.531000018119812,0.11500000208616257
YNL219C,YDL102W,0,-2.9152951,0.3156956136226654,0.531000018119812,0.11509999632835388
YGR113W,YLR005W,0,-2.9156306,0.31550800800323486,0.531000018119812,0.1151999980211258
YEL018W,YNL126W,0,-2.9162762,0.3153206706047058,0.531000018119812,0.1152999997138977
YLR459W,YGL142C,0,-2.9163578,0.31513354182243347,0.531000018119812,0.11540000140666962
YER040W,YFR034C,0,-2.916574,0.31494662165641785,0.531000018119812,0.11550000309944153
YJL128C,YLR383W,0,-2.916619,0.3147599399089813,0.531000018119812,0.11559999734163284
YMR048W,YDR409W,0,-2.9167159,0.3145734667778015,0.531000018119812,0.11569999903440475
YFL022C,YDR477W,0,-2.91728,0.3143872022628784,0.531000018119812,0.11580000072717667
YMR080C,YER169W,1,-2.9173396,0.3147929012775421,0.5320000052452087,0.11580000072717667
YGR104C,YDR126W,0,-2.9174368,0.31460675597190857,0.5320000052452087,0.11590000241994858
YOL080C,YDR416W,0,-2.9177556,0.31442078948020935,0.5320000052452087,0.11599999666213989
YDL042C,YGL112C,1,-2.9180918,0.31482574343681335,0.5329999923706055,0.11599999666213989
YJL140W,YNL257C,0,-2.9186194,0.3146398961544037,0.5329999923706055,0.1160999983549118
YPL010W,YPR108W,0,-2.918707,0.3144542872905731,0.5329999923706055,0.11620000004768372
YDL095W,YDL052C,0,-2.9189825,0.3142688572406769,0.5329999923706055,0.11630000174045563
YKL074C,YOR140W,0,-2.9196956,0.31408366560935974,0.5329999923706055,0.11640000343322754
YOR103C,YCR008W,0,-2.9203253,0.3138987123966217,0.5329999923706055,0.11649999767541885
YHL027W,YMR149W,0,-2.9206245,0.313713937997818,0.5329999923706055,0.11659999936819077
YJR057W,YMR255W,0,-2.9209285,0.3135294020175934,0.5329999923706055,0.11670000106096268
YLR131C,YGL172W,0,-2.9209816,0.3133451044559479,0.5329999923706055,0.11680000275373459
YPR007C,YBR240C,0,-2.921059,0.3131609857082367,0.5329999923706055,0.1168999969959259
YHL006C,YDR464W,0,-2.921641,0.3129771053791046,0.5329999923706055,0.11699999868869781
YOR123C,YMR127C,1,-2.921992,0.31338027119636536,0.5339999794960022,0.11699999868869781
YMR231W,YGR129W,0,-2.9233863,0.31319648027420044,0.5339999794960022,0.11710000038146973
YOR308C,YPR133C,0,-2.9241838,0.31301289796829224,0.5339999794960022,0.11720000207424164
YIR023W,YKL166C,0,-2.9242547,0.31282952427864075,0.5339999794960022,0.11729999631643295
YFR033C,YIL144W,0,-2.9243495,0.31264635920524597,0.5339999794960022,0.11739999800920486
YBL022C,YBL041W,0,-2.9244308,0.3124634325504303,0.5339999794960022,0.11749999970197678
YNL230C,YGR143W,0,-2.9249651,0.31228071451187134,0.5339999794960022,0.11760000139474869
YPL137C,YLR368W,0,-2.925153,0.3120981752872467,0.5339999794960022,0.1177000030875206
YMR255W,YOR036W,0,-2.9253366,0.31191587448120117,0.5339999794960022,0.11779999732971191
YGL216W,YDR323C,0,-2.925512,0.31173381209373474,0.5339999794960022,0.11789999902248383
YLR207W,YOL146W,0,-2.9262812,0.31155192852020264,0.5339999794960022,0.11800000071525574
YMR219W,YBL008W,1,-2.9265609,0.3119533658027649,0.5350000262260437,0.11800000071525574
YER149C,YLR154C,0,-2.9267266,0.31177157163619995,0.5350000262260437,0.11810000240802765
YOR073W,YDR416W,0,-2.9270062,0.3115899860858917,0.5350000262260437,0.11819999665021896
YKL048C,YDR195W,0,-2.9290392,0.3114086091518402,0.5350000262260437,0.11829999834299088
YBL105C,YPR108W,0,-2.9315102,0.3112274706363678,0.5350000262260437,0.11840000003576279
YML086C,YGL206C,0,-2.9323416,0.3110465109348297,0.5350000262260437,0.1185000017285347
YBR288C,YER005W,0,-2.9325469,0.3108657896518707,0.5350000262260437,0.11860000342130661
YML129C,YLR119W,0,-2.9330556,0.31068524718284607,0.5350000262260437,0.11869999766349792
YMR199W,YOL095C,0,-2.9335682,0.3105049431324005,0.5350000262260437,0.11879999935626984
YBR211C,YLR096W,0,-2.9336572,0.3103248178958893,0.5350000262260437,0.11890000104904175
YOR236W,YPL112C,0,-2.9343333,0.31014493107795715,0.5350000262260437,0.11900000274181366
YKL005C,YDR339C,0,-2.9344108,0.30996522307395935,0.5350000262260437,0.11909999698400497
YMR153W,YJL047C,0,-2.9354138,0.30978575348854065,0.5350000262260437,0.11919999867677689
YDR141C,YER123W,0,-2.9358847,0.30960649251937866,0.5350000262260437,0.1193000003695488
YPL145C,YLR221C,0,-2.93625,0.309427410364151,0.5350000262260437,0.11940000206232071
YHR079C,YDL028C,0,-2.9364111,0.30924856662750244,0.5350000262260437,0.11949999630451202
YGR120C,YJL121C,0,-2.9367127,0.3090699017047882,0.5350000262260437,0.11959999799728394
YJL062W,YKR020W,0,-2.9368246,0.3088914453983307,0.5350000262260437,0.11969999969005585
YOR061W,YEL051W,0,-2.9376128,0.30871322751045227,0.5350000262260437,0.11980000138282776
YGR216C,YLL061W,0,-2.9378736,0.3085351884365082,0.5350000262260437,0.11990000307559967
YJL115W,YDR469W,1,-2.9379306,0.30893370509147644,0.5360000133514404,0.11990000307559967
YOL043C,YML021C,0,-2.9382598,0.3087557554244995,0.5360000133514404,0.11999999731779099
YML097C,YIL039W,0,-2.9390752,0.3085780143737793,0.5360000133514404,0.1200999990105629
YPL116W,YMR069W,1,-2.9393103,0.30897584557533264,0.5370000004768372,0.1200999990105629
YDR201W,YML014W,0,-2.9403799,0.3087981641292572,0.5370000004768372,0.12020000070333481
YMR277W,YOR181W,0,-2.9406586,0.3086206912994385,0.5370000004768372,0.12030000239610672
YOR195W,YPR088C,0,-2.9408062,0.30844342708587646,0.5370000004768372,0.12039999663829803
YMR311C,YDR164C,0,-2.9411712,0.30826637148857117,0.5370000004768372,0.12049999833106995
YGR113W,YBR073W,0,-2.943353,0.3080894947052002,0.5370000004768372,0.12060000002384186
YLR399C,YMR069W,1,-2.9433572,0.3084862530231476,0.5379999876022339,0.12060000002384186
YGR275W,YOR213C,1,-2.9435995,0.30888253450393677,0.5389999747276306,0.12060000002384186
YBR010W,YDR191W,1,-2.9437697,0.30927833914756775,0.5400000214576721,0.12060000002384186
YNL225C,YKL006C-A,0,-2.9451878,0.30910131335258484,0.5400000214576721,0.12070000171661377
YDR224C,YDL236W,1,-2.9452548,0.30949658155441284,0.5410000085830688,0.12070000171661377
YHL031C,YDR245W,0,-2.9454782,0.3093196153640747,0.5410000085830688,0.12080000340938568
YGR170W,YNR039C,0,-2.9460766,0.3091428577899933,0.5410000085830688,0.120899997651577
YDR439W,YER169W,1,-2.9461782,0.309537410736084,0.5419999957084656,0.120899997651577
YJL168C,YCR084C,1,-2.9467213,0.30993151664733887,0.5429999828338623,0.120899997651577
YDR448W,YAL011W,1,-2.9467285,0.31032514572143555,0.5440000295639038,0.120899997651577
YJR050W,YKL195W,0,-2.9469624,0.3101482391357422,0.5440000295639038,0.12099999934434891
YDR310C,YML041C,1,-2.9483862,0.3105413019657135,0.5450000166893005,0.12099999934434891
YOR322C,YDL200C,0,-2.948961,0.3103644549846649,0.5450000166893005,0.12110000103712082
YBR110W,YGL245W,0,-2.9491503,0.31018781661987305,0.5450000166893005,0.12120000272989273
YLR321C,YMR273C,1,-2.9499521,0.31058019399642944,0.5460000038146973,0.12120000272989273
YJR092W,YGR276C,0,-2.9499876,0.31040364503860474,0.5460000038146973,0.12129999697208405
YFR028C,YOR319W,0,-2.9500222,0.31022727489471436,0.5460000038146973,0.12139999866485596
YDL076C,YJL080C,1,-2.9504662,0.31061896681785583,0.546999990940094,0.12139999866485596
YBL085W,YLR429W,0,-2.950567,0.3104426860809326,0.546999990940094,0.12150000035762787
YGR004W,YML085C,0,-2.9516575,0.3102665841579437,0.546999990940094,0.12160000205039978
YDR363W,YDR310C,1,-2.9524395,0.3106575906276703,0.5479999780654907,0.12160000205039978
YJL024C,YPR082C,0,-2.9528885,0.31048157811164856,0.5479999780654907,0.1216999962925911
YKL204W,YBR216C,0,-2.9530094,0.31030577421188354,0.5479999780654907,0.121799997985363
YOR204W,YMR268C,0,-2.953101,0.31013017892837524,0.5479999780654907,0.12189999967813492
YDR320C-A,YDR463W,0,-2.9532406,0.30995476245880127,0.5479999780654907,0.12200000137090683
YIL106W,YBR082C,0,-2.9537492,0.3097795248031616,0.5479999780654907,0.12210000306367874
YPR081C,YPR086W,0,-2.9538789,0.3096045255661011,0.5479999780654907,0.12219999730587006
YDR440W,YMR236W,1,-2.9540842,0.30999433994293213,0.5490000247955322,0.12219999730587006
YNL280C,YDR164C,0,-2.9542975,0.30981940031051636,0.5490000247955322,0.12229999899864197
YGR253C,YFL004W,0,-2.9543908,0.3096446692943573,0.5490000247955322,0.12240000069141388
YPR111W,YGR186W,0,-2.9544358,0.30947011709213257,0.5490000247955322,0.12250000238418579
YGL195W,YOL128C,0,-2.9552119,0.30929577350616455,0.5490000247955322,0.1225999966263771
YLR098C,YJL196C,0,-2.955254,0.30912160873413086,0.5490000247955322,0.12269999831914902
YPR049C,YDR120C,0,-2.9569647,0.3089476525783539,0.5490000247955322,0.12280000001192093
YJR140C,YAL011W,1,-2.957438,0.3093363344669342,0.550000011920929,0.12280000001192093
YDR191W,YDR176W,1,-2.9577563,0.3097245693206787,0.5509999990463257,0.12280000001192093
YMR199W,YOL115W,0,-2.9588482,0.30955055356025696,0.5509999990463257,0.12290000170469284
YLR069C,YAL009W,0,-2.9589763,0.3093767464160919,0.5509999990463257,0.12300000339746475
YPL125W,YML076C,0,-2.9590566,0.3092031478881836,0.5509999990463257,0.12309999763965607
YLR285W,YOL004W,1,-2.9592717,0.30959057807922363,0.5519999861717224,0.12309999763965607
YBR131W,YBR160W,0,-2.9592776,0.3094170391559601,0.5519999861717224,0.12319999933242798
YDL232W,YOL039W,0,-2.959511,0.30924370884895325,0.5519999861717224,0.12330000102519989
YIL052C,YBR123C,0,-2.9596937,0.30907055735588074,0.5519999861717224,0.1234000027179718
YPL055C,YMR263W,1,-2.9600644,0.3094571828842163,0.5529999732971191,0.1234000027179718
YBR279W,YMR247C,1,-2.9606771,0.30984339118003845,0.5540000200271606,0.1234000027179718
YMR313C,YNL154C,0,-2.960714,0.30967020988464355,0.5540000200271606,0.12349999696016312
YLL004W,YML109W,1,-2.9607594,0.31005585193634033,0.5550000071525574,0.12349999696016312
YMR049C,YML114C,0,-2.9608567,0.3098827600479126,0.5550000071525574,0.12359999865293503
YGR227W,YPR024W,0,-2.961105,0.3097098171710968,0.5550000071525574,0.12370000034570694
YBR023C,YDR486C,0,-2.9618778,0.3095370829105377,0.5550000071525574,0.12380000203847885
YBR038W,YGL241W,0,-2.9619,0.30936455726623535,0.5550000071525574,0.12389999628067017
YJR092W,YDR532C,0,-2.9621892,0.3091922104358673,0.5550000071525574,0.12399999797344208
YPL178W,YEL061C,0,-2.9622848,0.3090200424194336,0.5550000071525574,0.12409999966621399
YGR227W,YKL120W,0,-2.962688,0.3088480830192566,0.5550000071525574,0.1242000013589859
YJL074C,YHR050W,0,-2.9627502,0.3086763024330139,0.5550000071525574,0.12430000305175781
YGR140W,YGL044C,0,-2.9630053,0.30850473046302795,0.5550000071525574,0.12439999729394913
YBR286W,YOL059W,0,-2.9634988,0.3083333373069763,0.5550000071525574,0.12449999898672104
YMR172W,YKL045W,0,-2.9644558,0.308162122964859,0.5550000071525574,0.12460000067949295
YJL085W,YMR146C,0,-2.964472,0.3079911172389984,0.5550000071525574,0.12470000237226486
YLR103C,YCR060W,0,-2.9647644,0.30782029032707214,0.5550000071525574,0.12479999661445618
YHR115C,YBR102C,0,-2.965124,0.3076496720314026,0.5550000071525574,0.12489999830722809
YMR119W,YMR138W,0,-2.965648,0.30747923254966736,0.5550000071525574,0.125
YKR003W,YNL290W,0,-2.96595,0.30730897188186646,0.5550000071525574,0.1251000016927719
YLR274W,YMR091C,1,-2.9660482,0.3076923191547394,0.5559999942779541,0.1251000016927719
YJL092W,YDR164C,0,-2.9668403,0.30752211809158325,0.5559999942779541,0.12520000338554382
YDL045C,YKL170W,0,-2.9668703,0.30735212564468384,0.5559999942779541,0.12530000507831573
YOR239W,YKL054C,0,-2.9673235,0.30718231201171875,0.5559999942779541,0.12540000677108765
YJL058C,YMR005W,0,-2.9675803,0.3070127069950104,0.5559999942779541,0.12549999356269836
YMR277W,YGL167C,0,-2.9680998,0.30684328079223633,0.5559999942779541,0.12559999525547028
YMR078C,YKR025W,0,-2.9682844,0.3066740334033966,0.5559999942779541,0.1256999969482422
YOL123W,YOL009C,0,-2.9683735,0.3065049648284912,0.5559999942779541,0.1257999986410141
YDR478W,YKR001C,0,-2.9690926,0.30633607506752014,0.5559999942779541,0.125900000333786
YLL043W,YKR055W,0,-2.9699132,0.3061673939228058,0.5559999942779541,0.12600000202655792
YGL173C,YDR129C,0,-2.9700036,0.30599889159202576,0.5559999942779541,0.12610000371932983
YCR038C,YBL050W,0,-2.970013,0.30583059787750244,0.5559999942779541,0.12620000541210175
YLR153C,YLR052W,1,-2.9702635,0.3062122166156769,0.5569999814033508,0.12620000541210175
YER174C,YNL156C,0,-2.9705026,0.30604395270347595,0.5569999814033508,0.12630000710487366
YLR069C,YER162C,0,-2.9705584,0.30587589740753174,0.5569999814033508,0.12639999389648438
YGR212W,YOR332W,0,-2.9708416,0.30570802092552185,0.5569999814033508,0.1264999955892563
YML129C,YDR400W,0,-2.970875,0.3055403232574463,0.5569999814033508,0.1265999972820282
YJR089W,YGL090W,0,-2.9711518,0.30537280440330505,0.5569999814033508,0.1266999989748001
YOR209C,YOR191W,1,-2.9713356,0.3057534098625183,0.5580000281333923,0.1266999989748001
YKR085C,YER129W,0,-2.9718196,0.30558598041534424,0.5580000281333923,0.12680000066757202
YGL194C,YLR052W,1,-2.9720662,0.3059660792350769,0.5590000152587891,0.12680000066757202
YJR060W,YGL194C,1,-2.9721034,0.30634573101997375,0.5600000023841858,0.12680000066757202
YDR320C-A,YDL147W,0,-2.972612,0.3061782419681549,0.5600000023841858,0.12690000236034393
YGR163W,YML085C,0,-2.9736748,0.3060109317302704,0.5600000023841858,0.12700000405311584
YPR131C,YOR254C,0,-2.9737349,0.3058438003063202,0.5600000023841858,0.12710000574588776
YEL061C,YFL017W-A,0,-2.9739451,0.3056768476963043,0.5600000023841858,0.12720000743865967
YPL167C,YBR024W,0,-2.974173,0.30551010370254517,0.5600000023841858,0.12729999423027039
YIR012W,YGR211W,0,-2.9749286,0.30534350872039795,0.5600000023841858,0.1273999959230423
YBR283C,YKL095W,0,-2.9749837,0.30517712235450745,0.5600000023841858,0.1274999976158142
YGL174W,YHR031C,0,-2.9751782,0.3050108850002289,0.5600000023841858,0.12759999930858612
YCR027C,YEL051W,0,-2.9755492,0.30484485626220703,0.5600000023841858,0.12770000100135803
YBR211C,YER104W,0,-2.9756193,0.3046790063381195,0.5600000023841858,0.12780000269412994
YDL245C,YIL160C,0,-2.9756408,0.3045133352279663,0.5600000023841858,0.12790000438690186
YJL204C,YDR137W,0,-2.9756763,0.30434781312942505,0.5600000023841858,0.12800000607967377
YJR006W,YGR024C,0,-2.975706,0.3041824996471405,0.5600000023841858,0.12809999287128448
YDR385W,YML064C,0,-2.9758236,0.3040173649787903,0.5600000023841858,0.1281999945640564
YDL074C,YNL261W,1,-2.9758658,0.30439502000808716,0.5609999895095825,0.1281999945640564
YNL068C,YJL002C,0,-2.97695,0.3042299449443817,0.5609999895095825,0.1282999962568283
YNL099C,YJL179W,0,-2.9777741,0.3040650486946106,0.5609999895095825,0.12839999794960022
YBR196C,YBR265W,0,-2.978215,0.3039003312587738,0.5609999895095825,0.12849999964237213
YOL086C,YEL002C,0,-2.978269,0.30373579263687134,0.5609999895095825,0.12860000133514404
YDR448W,YCR084C,1,-2.9788103,0.3041125535964966,0.5619999766349792,0.12860000133514404
YPL202C,YKL186C,0,-2.978905,0.3039480745792389,0.5619999766349792,0.12870000302791595
YDR312W,YLR005W,0,-2.979037,0.3037837743759155,0.5619999766349792,0.12880000472068787
YDL161W,YKR057W,0,-2.9792898,0.3036196529865265,0.5619999766349792,0.12890000641345978
YDR174W,YKL186C,0,-2.9795158,0.3034557104110718,0.5619999766349792,0.1289999932050705
YER030W,YMR091C,1,-2.9796488,0.30383163690567017,0.5630000233650208,0.1289999932050705
YGR113W,YKR025W,0,-2.980429,0.30366775393486023,0.5630000233650208,0.1290999948978424
YBR288C,YMR100W,0,-2.9809797,0.3035040497779846,0.5630000233650208,0.12919999659061432
YPR083W,YOR212W,0,-2.9810817,0.30334052443504333,0.5630000233650208,0.12929999828338623
YOL130W,YGR090W,0,-2.9812334,0.3031771779060364,0.5630000233650208,0.12939999997615814
YLR176C,YJL029C,0,-2.9815245,0.30301398038864136,0.5630000233650208,0.12950000166893005
YPL204W,YNL026W,0,-2.9815972,0.30285099148750305,0.5630000233650208,0.12960000336170197
YLR318W,YKL134C,0,-2.981923,0.3026881814002991,0.5630000233650208,0.12970000505447388
YLR153C,YGL112C,1,-2.9820163,0.3030628561973572,0.5640000104904175,0.12970000505447388
YJL074C,YJR010C-A,0,-2.982021,0.302900105714798,0.5640000104904175,0.1298000067472458
YDR499W,YNL090W,0,-2.9823515,0.3027375340461731,0.5640000104904175,0.1298999935388565
YPR182W,YLR200W,0,-2.9825602,0.30257511138916016,0.5640000104904175,0.12999999523162842
YLR095C,YPL016W,1,-2.9826646,0.30294907093048096,0.5649999976158142,0.12999999523162842
YDR142C,YGR180C,0,-2.982754,0.3027867078781128,0.5649999976158142,0.13009999692440033
YML112W,YPL050C,0,-2.982951,0.30262452363967896,0.5649999976158142,0.13019999861717224
YAR014C,YLL043W,0,-2.9843054,0.30246251821517944,0.5649999976158142,0.13030000030994415
YNL270C,YNL230C,0,-2.984658,0.30230069160461426,0.5649999976158142,0.13040000200271606
YGL116W,YDR302W,0,-2.984959,0.3021390438079834,0.5649999976158142,0.13050000369548798
YLR376C,YDR404C,0,-2.9852498,0.3019775450229645,0.5649999976158142,0.1306000053882599
YDL245C,YMR146C,0,-2.9857843,0.3018162250518799,0.5649999976158142,0.1307000070810318
YDR069C,YML031W,0,-2.9861805,0.3016550838947296,0.5649999976158142,0.13079999387264252
YGL195W,YGL100W,0,-2.9861822,0.30149412155151367,0.5649999976158142,0.13089999556541443
YFR009W,YBR004C,0,-2.9864876,0.30133333802223206,0.5649999976158142,0.13099999725818634
YDL174C,YML059C,0,-2.9870596,0.3011727035045624,0.5649999976158142,0.13109999895095825
YLR033W,YDL153C,1,-2.9871142,0.30154502391815186,0.5659999847412109,0.13109999895095825
YNL116W,YNL222W,0,-2.9875162,0.30138444900512695,0.5659999847412109,0.13120000064373016
YIL153W,YOR140W,0,-2.9876664,0.3012240529060364,0.5659999847412109,0.13130000233650208
YOR316C,YMR025W,0,-2.9877217,0.3010638356208801,0.5659999847412109,0.131400004029274
YML095C,YGR099W,0,-2.9877348,0.3009037673473358,0.5659999847412109,0.1315000057220459
YIL036W,YER003C,0,-2.988488,0.30074387788772583,0.5659999847412109,0.1316000074148178
YPL040C,YLR039C,0,-2.9886286,0.30058416724205017,0.5659999847412109,0.13169999420642853
YNL288W,YLR181C,0,-2.9888217,0.30042463541030884,0.5659999847412109,0.13179999589920044
YJL039C,YGR095C,0,-2.9892871,0.30026525259017944,0.5659999847412109,0.13189999759197235
YJL058C,YAR018C,0,-2.9895642,0.3001060485839844,0.5659999847412109,0.13199999928474426
YPL271W,YDR254W,0,-2.9897254,0.29994699358940125,0.5659999847412109,0.13210000097751617
YER155C,YER083C,0,-2.989856,0.29978814721107483,0.5659999847412109,0.13220000267028809
YOR099W,YOR036W,0,-2.9899566,0.29962942004203796,0.5659999847412109,0.13230000436306
YBL023C,YDL229W,0,-2.9903376,0.2994709014892578,0.5659999847412109,0.1324000060558319
YER001W,YML105C,0,-2.9904568,0.2993125319480896,0.5659999847412109,0.13249999284744263
YBR131W,YIL128W,0,-2.991738,0.2991543412208557,0.5659999847412109,0.13259999454021454
YNL021W,YJR140C,1,-2.9917936,0.29952457547187805,0.5669999718666077,0.13259999454021454
YCL066W,YDR478W,0,-2.9919333,0.29936641454696655,0.5669999718666077,0.13269999623298645
YKR029C,YNL246W,1,-2.9920473,0.2997361421585083,0.5680000185966492,0.13269999623298645
YOR380W,YDR170C,0,-2.992401,0.29957807064056396,0.5680000185966492,0.13279999792575836
YBR095C,YCR084C,1,-2.9926198,0.2999472916126251,0.5690000057220459,0.13279999792575836
YIL115C,YKR090W,0,-2.9931276,0.2997892498970032,0.5690000057220459,0.13289999961853027
YOR039W,YDL209C,0,-2.993286,0.29963138699531555,0.5690000057220459,0.13300000131130219
YDL236W,YAL011W,1,-2.993523,0.30000001192092896,0.5699999928474426,0.13300000131130219
YER166W,YOR168W,0,-2.9939473,0.2998421788215637,0.5699999928474426,0.1331000030040741
YMR192W,YML097C,0,-2.9943311,0.2996845543384552,0.5699999928474426,0.133200004696846
YOR127W,YNL222W,0,-2.9947095,0.29952704906463623,0.5699999928474426,0.13330000638961792
YKR054C,YKR037C,0,-2.9948604,0.299369752407074,0.5699999928474426,0.13339999318122864
YCR066W,YDR419W,0,-2.9950998,0.29921260476112366,0.5699999928474426,0.13349999487400055
YER174C,YPR189W,0,-2.9952204,0.2990556061267853,0.5699999928474426,0.13359999656677246
YJL184W,YDL040C,0,-2.9957683,0.2988987863063812,0.5699999928474426,0.13369999825954437
YPL115C,YKL173W,0,-2.996372,0.2987421452999115,0.5699999928474426,0.13379999995231628
YDL055C,YOL109W,0,-2.9965274,0.2985856533050537,0.5699999928474426,0.1339000016450882
YLR170C,YJL071W,0,-2.9968436,0.29842931032180786,0.5699999928474426,0.1340000033378601
YGR041W,YLL035W,0,-2.9969492,0.29827314615249634,0.5699999928474426,0.13410000503063202
YDR421W,YDL006W,0,-2.9976082,0.29811716079711914,0.5699999928474426,0.13420000672340393
YHR073W,YDR120C,0,-2.9976451,0.2979613244533539,0.5699999928474426,0.13429999351501465
YLL009C,YGR258C,0,-2.9977968,0.29780563712120056,0.5699999928474426,0.13439999520778656
YNL031C,YCR084C,1,-2.9987152,0.29817232489585876,0.5709999799728394,0.13439999520778656
YOR372C,YOR230W,0,-2.9987283,0.2980166971683502,0.5709999799728394,0.13449999690055847
YMR048W,YJL041W,0,-2.99895,0.297861248254776,0.5709999799728394,0.13459999859333038
YCR086W,YGL048C,0,-2.9990547,0.2977059483528137,0.5709999799728394,0.1347000002861023
YJL104W,YDL128W,0,-2.9991388,0.2975507974624634,0.5709999799728394,0.1348000019788742
YHR102W,YBR129C,0,-2.99975,0.29739582538604736,0.5709999799728394,0.13490000367164612
YGR056W,YDR227W,1,-2.9999907,0.29776158928871155,0.5720000267028809,0.13490000367164612
YDL117W,YOL076W,0,-3.001177,0.2976066470146179,0.5720000267028809,0.13500000536441803
YMR037C,YPL029W,0,-3.0013998,0.2974518835544586,0.5720000267028809,0.13510000705718994
YPR179C,YPL015C,1,-3.0017428,0.29781705141067505,0.5730000138282776,0.13510000705718994
YOR209C,YGR275W,1,-3.0019882,0.29818183183670044,0.5740000009536743,0.13510000705718994
YPR104C,YDR395W,0,-3.002251,0.29802700877189636,0.5740000009536743,0.13519999384880066
YBR243C,YGR101W,0,-3.002665,0.2978723347187042,0.5740000009536743,0.13529999554157257
YBL009W,YHR135C,0,-3.0028644,0.2977178394794464,0.5740000009536743,0.13539999723434448
YDL166C,YOR160W,0,-3.0032167,0.29756349325180054,0.5740000009536743,0.1354999989271164
YOR061W,YKL002W,0,-3.0032275,0.297409325838089,0.5740000009536743,0.1356000006198883
YBR129C,YBR276C,0,-3.0039356,0.2972553074359894,0.5740000009536743,0.13570000231266022
YMR207C,YLR200W,0,-3.004214,0.2971014380455017,0.5740000009536743,0.13580000400543213
YLL022C,YPL016W,1,-3.0042186,0.29746508598327637,0.574999988079071,0.13580000400543213
YDR188W,YER031C,0,-3.0046043,0.29731127619743347,0.574999988079071,0.13590000569820404
YKL002W,YKL119C,0,-3.0046804,0.2971576154232025,0.574999988079071,0.13600000739097595
YDR385W,YML025C,0,-3.0052502,0.2970041334629059,0.574999988079071,0.13609999418258667
YIL085C,YIL007C,0,-3.0057764,0.2968508005142212,0.574999988079071,0.13619999587535858
YLR353W,YCL017C,0,-3.0061355,0.29669761657714844,0.574999988079071,0.1362999975681305
YJR053W,YPR134W,0,-3.0066388,0.29654461145401,0.574999988079071,0.1363999992609024
YIR023W,YGR231C,0,-3.0067534,0.2963917553424835,0.574999988079071,0.13650000095367432
YLR176C,YGR141W,0,-3.0068617,0.29623904824256897,0.574999988079071,0.13660000264644623
YDR339C,YPL137C,0,-3.0071926,0.29608651995658875,0.574999988079071,0.13670000433921814
YMR033W,YLR223C,1,-3.0072742,0.29644879698753357,0.5759999752044678,0.13670000433921814
YLL019C,YNL236W,0,-3.0087001,0.29629629850387573,0.5759999752044678,0.13680000603199005
YMR263W,YMR127C,1,-3.009741,0.29665809869766235,0.5770000219345093,0.13680000603199005
YNL290W,YOR353C,0,-3.0100791,0.2965056598186493,0.5770000219345093,0.13689999282360077
YJR060W,YOL012C,1,-3.0103724,0.2968669831752777,0.578000009059906,0.13689999282360077
YDR379W,YNL066W,0,-3.0108812,0.29671457409858704,0.578000009059906,0.13699999451637268
YDR227W,YCR033W,1,-3.0111551,0.29707542061805725,0.5789999961853027,0.13699999451637268
YPL040C,YPL125W,0,-3.0119398,0.29692307114601135,0.5789999961853027,0.1370999962091446
YOR001W,YJL087C,0,-3.0122976,0.2967709004878998,0.5789999961853027,0.1371999979019165
YKL046C,YOL042W,0,-3.012308,0.29661884903907776,0.5789999961853027,0.13729999959468842
YCR020W-B,YLR223C,1,-3.0129578,0.29697901010513306,0.5799999833106995,0.13729999959468842
YML094W,YDR329C,0,-3.0132031,0.2968270182609558,0.5799999833106995,0.13740000128746033
YAL059W,YDR302W,0,-3.0132115,0.2966752052307129,0.5799999833106995,0.13750000298023224
YNL177C,YER123W,0,-3.0132332,0.2965235114097595,0.5799999833106995,0.13760000467300415
YAL031C,YPR165W,0,-3.013994,0.2963719964027405,0.5799999833106995,0.13770000636577606
YJL184W,YER013W,0,-3.014116,0.2962206304073334,0.5799999833106995,0.13779999315738678
YDR071C,YBR103W,1,-3.0141513,0.29657989740371704,0.5809999704360962,0.13779999315738678
YOR058C,YER019W,0,-3.0142834,0.2964285612106323,0.5809999704360962,0.1378999948501587
YAR018C,YCR009C,0,-3.0142972,0.29627740383148193,0.5809999704360962,0.1379999965429306
YKL125W,YMR216C,0,-3.0143006,0.2961263954639435,0.5809999704360962,0.13809999823570251
YEL053C,YFR052W,0,-3.0147612,0.29597553610801697,0.5809999704360962,0.13819999992847443
YAL042W,YJL100W,0,-3.0148568,0.2958248555660248,0.5809999704360962,0.13830000162124634
YAL020C,YNL139C,0,-3.0151193,0.29567429423332214,0.5809999704360962,0.13840000331401825
YPL138C,YDR334W,1,-3.0152419,0.29603254795074463,0.5820000171661377,0.13840000331401825
YOR094W,YPR119W,0,-3.0153682,0.29588204622268677,0.5820000171661377,0.13850000500679016
YMR219W,YLR357W,1,-3.0155532,0.29623982310295105,0.5830000042915344,0.13850000500679016
YGR195W,YGR241C,0,-3.0158522,0.29608938097953796,0.5830000042915344,0.13860000669956207
YDL069C,YIL173W,0,-3.0159833,0.2959390878677368,0.5830000042915344,0.1386999934911728
YDR425W,YMR183C,0,-3.0167353,0.2957889437675476,0.5830000042915344,0.1387999951839447
YNL029C,YOR351C,0,-3.0176475,0.29563894867897034,0.5830000042915344,0.1388999968767166
YNL214W,YDR427W,0,-3.0179744,0.295489102602005,0.5830000042915344,0.13899999856948853
YHR119W,YLR272C,1,-3.0179787,0.29584598541259766,0.5839999914169312,0.13899999856948853
YCR098C,YAL047C,0,-3.018249,0.2956961989402771,0.5839999914169312,0.13910000026226044
YOR026W,YLR330W,0,-3.0184078,0.2955465614795685,0.5839999914169312,0.13920000195503235
YJL099W,YJL085W,0,-3.0184143,0.2953970730304718,0.5839999914169312,0.13930000364780426
YDR121W,YPL235W,1,-3.0185213,0.2957533001899719,0.5849999785423279,0.13930000364780426
YOL013C,YGL124C,0,-3.0185251,0.29560384154319763,0.5849999785423279,0.13940000534057617
YPL116W,YML127W,1,-3.0192876,0.29595959186553955,0.5860000252723694,0.13940000534057617
YHR115C,YOL066C,0,-3.0194094,0.29581019282341003,0.5860000252723694,0.13950000703334808
YMR083W,YLR342W,0,-3.0196364,0.29566094279289246,0.5860000252723694,0.1395999938249588
YNL325C,YLR200W,0,-3.01984,0.2955118417739868,0.5860000252723694,0.1396999955177307
YGL150C,YPL138C,1,-3.020478,0.2958669364452362,0.5870000123977661,0.1396999955177307
YDR437W,YER019W,0,-3.0204918,0.29571789503097534,0.5870000123977661,0.13979999721050262
YPL051W,YNL298W,0,-3.0218308,0.29556897282600403,0.5870000123977661,0.13989999890327454
YFR046C,YKL015W,0,-3.0219178,0.29542022943496704,0.5870000123977661,0.14000000059604645
YOR216C,YGR245C,0,-3.022339,0.295271635055542,0.5870000123977661,0.14010000228881836
YJR004C,YKR037C,0,-3.0229654,0.2951231896877289,0.5870000123977661,0.14020000398159027
YLR357W,YFR037C,1,-3.022966,0.29547739028930664,0.5879999995231628,0.14020000398159027
YDR142C,YJL098W,0,-3.0230243,0.2953289747238159,0.5879999995231628,0.14030000567436218
YOR023C,YFR037C,1,-3.0243502,0.29568272829055786,0.5889999866485596,0.14030000567436218
YML095C,YNR003C,0,-3.025429,0.2955343723297119,0.5889999866485596,0.1404000073671341
YOR085W,YKL034W,0,-3.0254428,0.2953861653804779,0.5889999866485596,0.1404999941587448
YHR084W,YDR486C,0,-3.0255566,0.29523810744285583,0.5889999866485596,0.14059999585151672
YNL059C,YFL024C,1,-3.0256178,0.29559117555618286,0.5899999737739563,0.14059999585151672
YML060W,YML049C,0,-3.0259354,0.29544317722320557,0.5899999737739563,0.14069999754428864
YMR219W,YFR037C,1,-3.0264173,0.2957957983016968,0.5910000205039978,0.14069999754428864
YHR058C,YGR253C,0,-3.0270782,0.29564782977104187,0.5910000205039978,0.14079999923706055
YDL039C,YGL049C,0,-3.0271204,0.2955000102519989,0.5910000205039978,0.14090000092983246
YPR057W,YGR245C,0,-3.0288005,0.2953523099422455,0.5910000205039978,0.14100000262260437
YHR036W,YML059C,0,-3.0288894,0.2952047884464264,0.5910000205039978,0.14110000431537628
YNR052C,YER018C,0,-3.0296192,0.29505741596221924,0.5910000205039978,0.1412000060081482
YLL004W,YPL139C,1,-3.0296676,0.2954091727733612,0.5920000076293945,0.1412000060081482
YOR362C,YDR243C,0,-3.029781,0.29526185989379883,0.5920000076293945,0.1412999927997589
YCR038C,YFR033C,0,-3.0305097,0.295114666223526,0.5920000076293945,0.14139999449253082
YHR058C,YDR165W,0,-3.0306947,0.2949676215648651,0.5920000076293945,0.14149999618530273
YBR164C,YKL143W,0,-3.031191,0.29482072591781616,0.5920000076293945,0.14159999787807465
YHR188C,YML029W,0,-3.03128,0.29467397928237915,0.5920000076293945,0.14169999957084656
YMR081C,YBR024W,0,-3.0314445,0.2945273518562317,0.5920000076293945,0.14180000126361847
YFL029C,YDR498C,0,-3.0315878,0.29438090324401855,0.5920000076293945,0.14190000295639038
YDL126C,YDR416W,0,-3.03353,0.29423460364341736,0.5920000076293945,0.1420000046491623
YOR123C,YKR101W,1,-3.0337389,0.2945851981639862,0.5929999947547913,0.1420000046491623
YPL132W,YML034W,0,-3.0343666,0.2944389283657074,0.5929999947547913,0.1421000063419342
YDR499W,YDR083W,0,-3.0345507,0.2942928075790405,0.5929999947547913,0.14219999313354492
YJR147W,YER008C,0,-3.034832,0.2941468358039856,0.5929999947547913,0.14229999482631683
YMR192W,YNL222W,0,-3.0351794,0.2940009832382202,0.5929999947547913,0.14239999651908875
YPR199C,YGL004C,0,-3.036448,0.29385530948638916,0.5929999947547913,0.14249999821186066
YBR278W,YML069W,1,-3.0367734,0.29420503973960876,0.593999981880188,0.14249999821186066
YML129C,YAL002W,0,-3.0368023,0.2940593957901001,0.593999981880188,0.14259999990463257
YKR003W,YNL214W,0,-3.037616,0.29391390085220337,0.593999981880188,0.14270000159740448
YDL005C,YPR088C,0,-3.0387523,0.2937685549259186,0.593999981880188,0.1428000032901764
YDR335W,YHL027W,0,-3.0389292,0.29362332820892334,0.593999981880188,0.1429000049829483
YMR214W,YPL063W,0,-3.0390925,0.29347825050354004,0.593999981880188,0.14300000667572021
YIR023W,YOL128C,0,-3.039457,0.2933333218097687,0.593999981880188,0.14309999346733093
YFL048C,YMR073C,0,-3.0394876,0.29318854212760925,0.593999981880188,0.14319999516010284
YLR274W,YBL008W,1,-3.0399249,0.2935372591018677,0.5950000286102295,0.14319999516010284
YER164W,YPR031W,1,-3.0403006,0.29388558864593506,0.5960000157356262,0.14319999516010284
YLR074C,YDL161W,0,-3.040314,0.29374074935913086,0.5960000157356262,0.14329999685287476
YPL115C,YPR119W,0,-3.0410097,0.2935960590839386,0.5960000157356262,0.14339999854564667
YLR242C,YLR043C,0,-3.04248,0.2934514880180359,0.5960000157356262,0.14350000023841858
YML104C,YHR178W,0,-3.0428388,0.2933070957660675,0.5960000157356262,0.1436000019311905
YBR022W,YDR400W,0,-3.0434594,0.29316282272338867,0.5960000157356262,0.1437000036239624
YGL073W,YOR275C,0,-3.043545,0.2930186688899994,0.5960000157356262,0.14380000531673431
YPL096W,YMR142C,0,-3.0435698,0.29287469387054443,0.5960000157356262,0.14390000700950623
YMR299C,YOR266W,0,-3.0438368,0.29273083806037903,0.5960000157356262,0.14399999380111694
YMR247C,YKR101W,1,-3.0439687,0.29307806491851807,0.597000002861023,0.14399999380111694
YBL003C,YHR099W,1,-3.0439813,0.29342493414878845,0.5979999899864197,0.14399999380111694
YOL013C,YNL006W,0,-3.0440953,0.29328101873397827,0.5979999899864197,0.14409999549388885
YNL312W,YDR164C,0,-3.0441098,0.29313725233078003,0.5979999899864197,0.14419999718666077
YLR433C,YIL039W,0,-3.0441644,0.2929936349391937,0.5979999899864197,0.14429999887943268
YPR031W,YML127W,1,-3.0442913,0.2933398485183716,0.5989999771118164,0.14429999887943268
YLR429W,YBR055C,0,-3.0452907,0.29319629073143005,0.5989999771118164,0.1444000005722046
YLR115W,YOR349W,0,-3.0456774,0.2930528521537781,0.5989999771118164,0.1445000022649765
YGR227W,YHR161C,0,-3.045819,0.29290953278541565,0.5989999771118164,0.1446000039577484
YDL161W,YPL212C,0,-3.0458438,0.29276636242866516,0.5989999771118164,0.14470000565052032
YLR394W,YFR008W,0,-3.045916,0.2926233410835266,0.5989999771118164,0.14480000734329224
YGL178W,YMR091C,1,-3.0459955,0.29296875,0.6000000238418579,0.14480000734329224
YPR171W,YDR198C,0,-3.045996,0.29282575845718384,0.6000000238418579,0.14489999413490295
YHR027C,YPR125W,0,-3.046492,0.2926829159259796,0.6000000238418579,0.14499999582767487
YIL033C,YLR023C,0,-3.0470774,0.29254022240638733,0.6000000238418579,0.14509999752044678
YMR073C,YNL309W,0,-3.0471003,0.2923976480960846,0.6000000238418579,0.1451999992132187
YKL134C,YMR200W,0,-3.0471554,0.2922552227973938,0.6000000238418579,0.1453000009059906
YKL074C,YHR152W,0,-3.0471833,0.29211294651031494,0.6000000238418579,0.1454000025987625
YPR025C,YLR084C,0,-3.0472612,0.29197078943252563,0.6000000238418579,0.14550000429153442
YHR115C,YBR212W,0,-3.0478842,0.29182878136634827,0.6000000238418579,0.14560000598430634
YOR204W,YNL201C,0,-3.0481448,0.29168692231178284,0.6000000238418579,0.14569999277591705
YNL242W,YMR109W,0,-3.0484116,0.29154518246650696,0.6000000238418579,0.14579999446868896
YNL106C,YPR138C,0,-3.0485194,0.291403591632843,0.6000000238418579,0.14589999616146088
YPR051W,YPL203W,0,-3.048887,0.291262149810791,0.6000000238418579,0.1459999978542328
YKL114C,YBR185C,0,-3.0489707,0.29112082719802856,0.6000000238418579,0.1460999995470047
YDL008W,YLR268W,0,-3.0491672,0.29097962379455566,0.6000000238418579,0.1462000012397766
YJL041W,YHR161C,0,-3.049528,0.2908385992050171,0.6000000238418579,0.14630000293254852
YGR006W,YCL008C,0,-3.0498698,0.2906976640224457,0.6000000238418579,0.14640000462532043
YOR178C,YOL033W,0,-3.0500476,0.2905569076538086,0.6000000238418579,0.14650000631809235
YJR092W,YOR160W,0,-3.0501418,0.29041627049446106,0.6000000238418579,0.14659999310970306
YOR002W,YGR009C,0,-3.050309,0.2902757525444031,0.6000000238418579,0.14669999480247498
YIL140W,YBR109C,0,-3.050309,0.29013538360595703,0.6000000238418579,0.1467999964952469
YLR114C,YLR206W,0,-3.0503838,0.2899951636791229,0.6000000238418579,0.1468999981880188
YLR291C,YDR228C,0,-3.0505993,0.28985506296157837,0.6000000238418579,0.1469999998807907
YER095W,YEL002C,0,-3.0509593,0.28971511125564575,0.6000000238418579,0.14710000157356262
YNL312W,YIL063C,0,-3.0512166,0.2895752787590027,0.6000000238418579,0.14720000326633453
YNL101W,YGL144C,0,-3.0519245,0.28943559527397156,0.6000000238418579,0.14730000495910645
YKL074C,YPL029W,0,-3.0522585,0.28929606080055237,0.6000000238418579,0.14740000665187836
YHL007C,YOR212W,0,-3.0523503,0.28915661573410034,0.6000000238418579,0.14749999344348907
YBL041W,YOL055C,0,-3.0524867,0.28901734948158264,0.6000000238418579,0.147599995136261
YJL031C,YOR274W,0,-3.0526426,0.2888782024383545,0.6000000238418579,0.1476999968290329
YDR302W,YKR037C,0,-3.053459,0.2887391746044159,0.6000000238418579,0.1477999985218048
YML006C,YJL129C,0,-3.05431,0.28860029578208923,0.6000000238418579,0.14790000021457672
YPR057W,YGL004C,0,-3.054877,0.2884615361690521,0.6000000238418579,0.14800000190734863
YOL012C,YIL084C,1,-3.0552492,0.28880345821380615,0.6010000109672546,0.14800000190734863
YFR046C,YOL149W,0,-3.0554304,0.2886647582054138,0.6010000109672546,0.14810000360012054
YCR020W-B,YDR469W,1,-3.055907,0.28900623321533203,0.6019999980926514,0.14810000360012054
YER014C-A,YMR277W,0,-3.056624,0.2888675630092621,0.6019999980926514,0.14820000529289246
YAL041W,YOR260W,0,-3.0567658,0.2887290120124817,0.6019999980926514,0.14830000698566437
YCR048W,YHR086W,0,-3.0571754,0.28859061002731323,0.6019999980926514,0.14839999377727509
YDR017C,YER008C,0,-3.0575502,0.2884523272514343,0.6019999980926514,0.148499995470047
YDR137W,YMR067C,0,-3.057697,0.28831416368484497,0.6019999980926514,0.1485999971628189
YOR386W,YKL203C,0,-3.0585086,0.28817614912986755,0.6019999980926514,0.14869999885559082
YER019W,YGR006W,0,-3.0587294,0.2880382835865021,0.6019999980926514,0.14880000054836273
YFR027W,YMR067C,0,-3.0590398,0.28790053725242615,0.6019999980926514,0.14890000224113464
YDL175C,YOL128C,0,-3.0594423,0.28776291012763977,0.6019999980926514,0.14900000393390656
YGL195W,YPL145C,0,-3.0597684,0.28762543201446533,0.6019999980926514,0.14910000562667847
YNL101W,YDR164C,0,-3.0602179,0.28748807311058044,0.6019999980926514,0.14920000731945038
YKR008W,YDR392W,1,-3.0611827,0.28782814741134644,0.6029999852180481,0.14920000731945038
YER174C,YNL326C,0,-3.0616658,0.2876908481121063,0.6029999852180481,0.1492999941110611
YDR195W,YIR018W,0,-3.0619237,0.2875536382198334,0.6029999852180481,0.149399995803833
YCR042C,YOR110W,0,-3.0621755,0.28741657733917236,0.6029999852180481,0.14949999749660492
YNL261W,YCR084C,1,-3.0626347,0.287756085395813,0.6039999723434448,0.14949999749660492
YDR501W,YLR275W,0,-3.0626705,0.28761905431747437,0.6039999723434448,0.14959999918937683
YBR068C,YDR320C-A,0,-3.0630915,0.2874821424484253,0.6039999723434448,0.14970000088214874
YDR363W,YOL068C,1,-3.0638885,0.28782111406326294,0.6050000190734863,0.14970000088214874
YOR099W,YPR075C,0,-3.0639522,0.28768426179885864,0.6050000190734863,0.14980000257492065
YNL016W,YIR011C,0,-3.0640442,0.2875475287437439,0.6050000190734863,0.14990000426769257
YGR165W,YKL041W,0,-3.0640728,0.2874109148979187,0.6050000190734863,0.15000000596046448
YNL048W,YNL116W,0,-3.0642774,0.28727445006370544,0.6050000190734863,0.1500999927520752
YMR162C,YJL029C,0,-3.0642798,0.28713810443878174,0.6050000190734863,0.1501999944448471
YFR009W,YPR164W,0,-3.0656958,0.28700190782546997,0.6050000190734863,0.15029999613761902
YBR165W,YMR093W,0,-3.0658238,0.28686580061912537,0.6050000190734863,0.15039999783039093
YHR158C,YER149C,0,-3.0665033,0.2867298722267151,0.6050000190734863,0.15049999952316284
YLR223C,YPL139C,1,-3.0666878,0.2870677411556244,0.6060000061988831,0.15049999952316284
YDL069C,YPR083W,0,-3.0668967,0.2869318127632141,0.6060000061988831,0.15060000121593475
YHR169W,YNL004W,0,-3.0672228,0.28679603338241577,0.6060000061988831,0.15070000290870667
YML112W,YBR143C,0,-3.0678742,0.286660373210907,0.6060000061988831,0.15080000460147858
YML129C,YER008C,0,-3.0681596,0.28652483224868774,0.6060000061988831,0.1509000062942505
YMR080C,YOR279C,1,-3.0681798,0.28686201572418213,0.6069999933242798,0.1509000062942505
YOR112W,YOR231W,0,-3.0686593,0.2867265045642853,0.6069999933242798,0.1509999930858612
YKL052C,YLR023C,0,-3.068962,0.286591112613678,0.6069999933242798,0.15109999477863312
YOL008W,YIL085C,0,-3.0693266,0.2864558696746826,0.6069999933242798,0.15119999647140503
YMR043W,YPR186C,0,-3.0698097,0.2863207459449768,0.6069999933242798,0.15129999816417694
YJL042W,YNL128W,0,-3.0698636,0.28618577122688293,0.6069999933242798,0.15139999985694885
YJR083C,YDR202C,0,-3.0698798,0.2860508859157562,0.6069999933242798,0.15150000154972076
YJR084W,YOR001W,0,-3.071705,0.28591614961624146,0.6069999933242798,0.15160000324249268
YKR063C,YOR193W,0,-3.071778,0.28578153252601624,0.6069999933242798,0.1517000049352646
YCR039C,YDR083W,0,-3.0719798,0.28564706444740295,0.6069999933242798,0.1518000066280365
YJL020C,YIL013C,0,-3.072261,0.28551268577575684,0.6069999933242798,0.15189999341964722
YOR109W,YER123W,0,-3.0727446,0.28537845611572266,0.6069999933242798,0.15199999511241913
YGL086W,YIR026C,0,-3.0728862,0.2852443754673004,0.6069999933242798,0.15209999680519104
YPR023C,YBR275C,1,-3.073612,0.2855800986289978,0.6079999804496765,0.15209999680519104
YOL016C,YML059C,0,-3.0738041,0.28544601798057556,0.6079999804496765,0.15219999849796295
YPR006C,YDR460W,0,-3.0743482,0.28531205654144287,0.6079999804496765,0.15230000019073486
YOR353C,YEL051W,0,-3.0748222,0.2851782441139221,0.6079999804496765,0.15240000188350677
YIL008W,YDR285W,0,-3.0752397,0.2850445508956909,0.6079999804496765,0.1525000035762787
YDR077W,YNL128W,0,-3.0756588,0.28491097688674927,0.6079999804496765,0.1526000052690506
YDR363W,YDR191W,1,-3.0769444,0.2852458953857422,0.609000027179718,0.1526000052690506
YFR041C,YDR395W,0,-3.0769556,0.2851123511791229,0.609000027179718,0.1527000069618225
YMR172W,YLR075W,0,-3.0773032,0.2849789559841156,0.609000027179718,0.15279999375343323
YDR182W,YOR301W,0,-3.077626,0.28484565019607544,0.609000027179718,0.15289999544620514
YFL022C,YOR076C,0,-3.077636,0.2847124934196472,0.609000027179718,0.15299999713897705
YKL064W,YNL139C,0,-3.07777,0.28457942605018616,0.609000027179718,0.15309999883174896
YOL044W,YOR143C,0,-3.077933,0.28444650769233704,0.609000027179718,0.15320000052452087
YMR022W,YBR198C,1,-3.0785582,0.2847805917263031,0.6100000143051147,0.15320000052452087
YDR188W,YJL143W,0,-3.0786378,0.28464770317077637,0.6100000143051147,0.15330000221729279
YOR023C,YPR018W,1,-3.0788815,0.2849813401699066,0.6110000014305115,0.15330000221729279
YDL006W,YBL050W,0,-3.0789983,0.28484848141670227,0.6110000014305115,0.1534000039100647
YDR503C,YLR176C,0,-3.0790377,0.2847157418727875,0.6110000014305115,0.1535000056028366
YDL045C,YOL115W,0,-3.0791004,0.2845831513404846,0.6110000014305115,0.15360000729560852
YER168C,YOR112W,0,-3.0791185,0.2844506502151489,0.6110000014305115,0.15369999408721924
YJR043C,YGR258C,0,-3.0796597,0.28431829810142517,0.6110000014305115,0.15379999577999115
YLR291C,YAL051W,0,-3.0813072,0.2841860353946686,0.6110000014305115,0.15389999747276306
YML059C,YNL126W,0,-3.0813348,0.2840539216995239,0.6110000014305115,0.15399999916553497
YDL117W,YIL122W,0,-3.0814211,0.2839219272136688,0.6110000014305115,0.15410000085830688
YER030W,YGL066W,1,-3.0815287,0.2842545211315155,0.6119999885559082,0.15410000085830688
YML071C,YER040W,0,-3.0816638,0.2841225564479828,0.6119999885559082,0.1542000025510788
YDR099W,YCL011C,0,-3.0819428,0.2839907109737396,0.6119999885559082,0.1543000042438507
YDR101C,YML115C,0,-3.0823393,0.283858984708786,0.6119999885559082,0.15440000593662262
YOR032C,YMR043W,0,-3.0828006,0.28372740745544434,0.6119999885559082,0.15449999272823334
YDR501W,YGR186W,0,-3.0829241,0.2835959196090698,0.6119999885559082,0.15459999442100525
YJR093C,YNL287W,0,-3.0843863,0.28346458077430725,0.6119999885559082,0.15469999611377716
YCR106W,YOR313C,0,-3.0858767,0.28333333134651184,0.6119999885559082,0.15479999780654907
YMR014W,YML115C,0,-3.086109,0.28320223093032837,0.6119999885559082,0.15489999949932098
YDL111C,YDR429C,0,-3.086365,0.28307121992111206,0.6119999885559082,0.1550000011920929
YFR031C,YKR001C,0,-3.0867302,0.2829403579235077,0.6119999885559082,0.1551000028848648
YDR395W,YDR407C,0,-3.0871904,0.28280961513519287,0.6119999885559082,0.15520000457763672
YCR008W,YCR053W,0,-3.0874782,0.2826789915561676,0.6119999885559082,0.15530000627040863
YMR025W,YGL100W,0,-3.0879598,0.2825484871864319,0.6119999885559082,0.15539999306201935
YMR316W,YOR341W,0,-3.0890162,0.2824181020259857,0.6119999885559082,0.15549999475479126
YOL095C,YJL204C,0,-3.089022,0.2822878360748291,0.6119999885559082,0.15559999644756317
YER030W,YBR010W,1,-3.0891995,0.2826187312602997,0.6129999756813049,0.15559999644756317
YDR217C,YDR059C,0,-3.0892427,0.28248846530914307,0.6129999756813049,0.15569999814033508
YNR015W,YCR042C,0,-3.0893235,0.2823583483695984,0.6129999756813049,0.155799999833107
YGL137W,YNL253W,0,-3.0895264,0.28222835063934326,0.6129999756813049,0.1559000015258789
YMR083W,YAR002C-A,0,-3.0911767,0.2820984721183777,0.6129999756813049,0.15600000321865082
YMR255W,YHR152W,0,-3.0914779,0.28196871280670166,0.6129999756813049,0.15610000491142273
YPR104C,YOL146W,0,-3.0919821,0.2818390727043152,0.6129999756813049,0.15620000660419464
YGL130W,YDL045C,0,-3.0921342,0.28170955181121826,0.6129999756813049,0.15629999339580536
YGL150C,YOR191W,1,-3.0926406,0.28203949332237244,0.6140000224113464,0.15629999339580536
YLR115W,YPL063W,0,-3.0927255,0.2819100022315979,0.6140000224113464,0.15639999508857727
YPR070W,YCR012W,0,-3.0928552,0.2817806303501129,0.6140000224113464,0.15649999678134918
YDL046W,YCR014C,0,-3.092902,0.2816513776779175,0.6140000224113464,0.1565999984741211
YIL098C,YHR124W,0,-3.0929196,0.2815222442150116,0.6140000224113464,0.156700000166893
YJR135C,YDR126W,0,-3.0929563,0.28139322996139526,0.6140000224113464,0.15680000185966492
YOL149W,YJR097W,0,-3.0930007,0.2812643051147461,0.6140000224113464,0.15690000355243683
YIR010W,YOR274W,0,-3.0930965,0.28113552927970886,0.6140000224113464,0.15700000524520874
YOR076C,YKR060W,0,-3.0935643,0.2810068726539612,0.6140000224113464,0.15710000693798065
YKR034W,YPR051W,0,-3.0937612,0.28087830543518066,0.6140000224113464,0.15719999372959137
YGR063C,YBR231C,1,-3.0938118,0.2812071442604065,0.6150000095367432,0.15719999372959137
YOL135C,YDR337W,0,-3.0943363,0.28107860684394836,0.6150000095367432,0.15729999542236328
YMR067C,YML025C,0,-3.0946567,0.2809502184391022,0.6150000095367432,0.1573999971151352
YDR163W,YJR050W,0,-3.0949621,0.28082191944122314,0.6150000095367432,0.1574999988079071
YBR278W,YPL055C,1,-3.0949645,0.2811501622200012,0.6159999966621399,0.1574999988079071
YGL191W,YGL222C,0,-3.0951595,0.2810218930244446,0.6159999966621399,0.15760000050067902
YDL045C,YOR020C,0,-3.0954273,0.2808937430381775,0.6159999966621399,0.15770000219345093
YNL292W,YMR117C,0,-3.0955982,0.28076571226119995,0.6159999966621399,0.15780000388622284
YPR082C,YOL009C,0,-3.0958014,0.28063780069351196,0.6159999966621399,0.15790000557899475
YKR035W-A,YML064C,0,-3.0958703,0.2805100083351135,0.6159999966621399,0.15800000727176666
YNL054W,YBR293W,0,-3.0961697,0.28038233518600464,0.6159999966621399,0.15809999406337738
YER157W,YMR186W,0,-3.0964189,0.2802547812461853,0.6159999966621399,0.1581999957561493
YBR004C,YGL049C,0,-3.0964873,0.28012731671333313,0.6159999966621399,0.1582999974489212
YER166W,YDR395W,0,-3.0968196,0.2800000011920929,0.6159999966621399,0.15839999914169312
YML099C,YOR349W,0,-3.0975554,0.2798727750778198,0.6159999966621399,0.15850000083446503
YJL090C,YER013W,0,-3.0977204,0.2797456979751587,0.6159999966621399,0.15860000252723694
YDR121W,YDR310C,1,-3.0978408,0.2800726294517517,0.6169999837875366,0.15860000252723694
YDR096W,YJL168C,1,-3.0982435,0.28039926290512085,0.6179999709129333,0.15860000252723694
YOL043C,YOR229W,0,-3.098426,0.28027209639549255,0.6179999709129333,0.15870000422000885
YJR069C,YOR045W,0,-3.0993524,0.2801450490951538,0.6179999709129333,0.15880000591278076
YIL014W,YDR422C,0,-3.1006486,0.2800181210041046,0.6179999709129333,0.15889999270439148
YHL027W,YIL061C,0,-3.1009488,0.27989131212234497,0.6179999709129333,0.1589999943971634
YDR188W,YER095W,0,-3.1009927,0.2797645926475525,0.6179999709129333,0.1590999960899353
YOR236W,YML098W,0,-3.1012065,0.27963802218437195,0.6179999709129333,0.15919999778270721
YDR195W,YLR193C,0,-3.1013472,0.27951154112815857,0.6179999709129333,0.15929999947547913
YNL231C,YPL096W,0,-3.1021256,0.27938517928123474,0.6179999709129333,0.15940000116825104
YER167W,YKR024C,0,-3.1023257,0.27925893664360046,0.6179999709129333,0.15950000286102295
YLR459W,YLR248W,0,-3.1026592,0.27913278341293335,0.6179999709129333,0.15960000455379486
YLR006C,YML029W,0,-3.102702,0.2790067791938782,0.6179999709129333,0.15970000624656677
YNL073W,YDR025W,0,-3.1027808,0.27888086438179016,0.6179999709129333,0.1597999930381775
YPL115C,YGL120C,0,-3.1036363,0.2787550687789917,0.6179999709129333,0.1598999947309494
YLR206W,YLR147C,0,-3.1036887,0.2786293923854828,0.6179999709129333,0.1599999964237213
YDR099W,YLR147C,0,-3.1039846,0.2785038352012634,0.6179999709129333,0.16009999811649323
YDR206W,YLR107W,0,-3.1041589,0.27837836742401123,0.6179999709129333,0.16019999980926514
YGR029W,YIL016W,0,-3.1043806,0.27825304865837097,0.6179999709129333,0.16030000150203705
YBR243C,YDL040C,0,-3.1045573,0.2781278192996979,0.6179999709129333,0.16040000319480896
YLR368W,YOR081C,0,-3.1046207,0.27800270915031433,0.6179999709129333,0.16050000488758087
YPL048W,YAL012W,0,-3.1047523,0.27787768840789795,0.6179999709129333,0.16060000658035278
YBR131W,YPL175W,0,-3.1051116,0.2777528166770935,0.6179999709129333,0.1606999933719635
YHR186C,YGR129W,0,-3.10513,0.2776280343532562,0.6179999709129333,0.1607999950647354
YLR028C,YOR250C,0,-3.1052654,0.2775033712387085,0.6179999709129333,0.16089999675750732
YHR068W,YFR051C,0,-3.1053596,0.2773788273334503,0.6179999709129333,0.16099999845027924
YBR021W,YIL014W,0,-3.1056573,0.2772543728351593,0.6179999709129333,0.16110000014305115
YPL137C,YDL087C,0,-3.106003,0.27713003754615784,0.6179999709129333,0.16120000183582306
YBR279W,YOL004W,1,-3.1061697,0.27745404839515686,0.6190000176429749,0.16120000183582306
YPR082C,YIL173W,0,-3.1065316,0.2773297429084778,0.6190000176429749,0.16130000352859497
YGR003W,YGL254W,0,-3.1069052,0.27720555663108826,0.6190000176429749,0.16140000522136688
YJR001W,YLR383W,0,-3.1070201,0.2770814597606659,0.6190000176429749,0.1615000069141388
YML099C,YOR266W,0,-3.1074607,0.2769574820995331,0.6190000176429749,0.1615999937057495
YLR208W,YGL243W,0,-3.1074853,0.2768336236476898,0.6190000176429749,0.16169999539852142
YHR166C,YHR186C,0,-3.107547,0.2767098844051361,0.6190000176429749,0.16179999709129333
YNL282W,YGL098W,0,-3.1075623,0.27658623456954956,0.6190000176429749,0.16189999878406525
YDR480W,YOR126C,0,-3.1075976,0.27646270394325256,0.6190000176429749,0.16200000047683716
YGR063C,YPL016W,1,-3.108446,0.2767857015132904,0.6200000047683716,0.16200000047683716
YBR218C,YER041W,0,-3.1084878,0.2766622006893158,0.6200000047683716,0.16210000216960907
YBR079C,YOR194C,0,-3.108713,0.27653881907463074,0.6200000047683716,0.16220000386238098
YOR034C,YAR014C,0,-3.109083,0.27641552686691284,0.6200000047683716,0.1623000055551529
YAL042W,YDR473C,0,-3.1092353,0.2762923240661621,0.6200000047683716,0.1624000072479248
YDL056W,YFL059W,0,-3.1094286,0.2761692702770233,0.6200000047683716,0.16249999403953552
YNL264C,YOL045W,0,-3.1101835,0.2760463058948517,0.6200000047683716,0.16259999573230743
YLR303W,YHR050W,0,-3.1105077,0.2759234607219696,0.6200000047683716,0.16269999742507935
YBR136W,YOR156C,0,-3.1108625,0.2758007049560547,0.6200000047683716,0.16279999911785126
YMR208W,YIL153W,0,-3.1109345,0.2756780683994293,0.6200000047683716,0.16290000081062317
YBL093C,YNL287W,0,-3.1109812,0.2755555510520935,0.6200000047683716,0.16300000250339508
YIL048W,YHL028W,0,-3.1112382,0.27543315291404724,0.6200000047683716,0.163100004196167
YML062C,YOR270C,0,-3.1116726,0.27531084418296814,0.6200000047683716,0.1632000058889389
YNL318C,YGR059W,0,-3.111852,0.2751886248588562,0.6200000047683716,0.16329999268054962
YFL023W,YLL061W,0,-3.1119006,0.2750665545463562,0.6200000047683716,0.16339999437332153
YOL017W,YPR018W,1,-3.1121023,0.27538803219795227,0.6209999918937683,0.16339999437332153
YBR065C,YKL025C,0,-3.1121957,0.27526596188545227,0.6209999918937683,0.16349999606609344
YMR224C,YHR200W,0,-3.1128783,0.2751440107822418,0.6209999918937683,0.16359999775886536
YPR037C,YJR131W,0,-3.113207,0.27502214908599854,0.6209999918937683,0.16369999945163727
YDR499W,YPR112C,0,-3.113209,0.2749004065990448,0.6209999918937683,0.16380000114440918
YOR254C,YOR359W,0,-3.1143072,0.2747787535190582,0.6209999918937683,0.1639000028371811
YPL110C,YER174C,0,-3.114371,0.2746572196483612,0.6209999918937683,0.164000004529953
YDR078C,YKL119C,0,-3.1144006,0.27453580498695374,0.6209999918937683,0.16410000622272491
YBL016W,YKR002W,0,-3.1146686,0.2744144797325134,0.6209999918937683,0.16419999301433563
YHR036W,YBL093C,0,-3.1148245,0.27429327368736267,0.6209999918937683,0.16429999470710754
YMR128W,YHR186C,0,-3.114897,0.27417218685150146,0.6209999918937683,0.16439999639987946
YJR021C,YDR460W,0,-3.114947,0.2740511894226074,0.6209999918937683,0.16449999809265137
YML019W,YHR050W,0,-3.1151698,0.27393031120300293,0.6209999918937683,0.16459999978542328
YBR236C,YJL129C,0,-3.1160047,0.2738095223903656,0.6209999918937683,0.1647000014781952
YPL254W,YDL042C,1,-3.1169856,0.27412956953048706,0.621999979019165,0.1647000014781952
YHR143W-A,YKR050W,0,-3.1172242,0.2740088105201721,0.621999979019165,0.1648000031709671
YJL024C,YHR070W,0,-3.1178179,0.27388814091682434,0.621999979019165,0.164900004863739
YPL022W,YML098W,0,-3.1178758,0.2737676203250885,0.621999979019165,0.16500000655651093
YOR236W,YOR110W,0,-3.1181552,0.27364715933799744,0.621999979019165,0.16509999334812164
YOR257W,YGR010W,0,-3.118705,0.2735268175601959,0.621999979019165,0.16519999504089355
YMR073C,YMR137C,0,-3.1188529,0.27340659499168396,0.621999979019165,0.16529999673366547
YDR414C,YPL213W,0,-3.119287,0.27328646183013916,0.621999979019165,0.16539999842643738
YJL020C,YGL051W,0,-3.1193285,0.2731664478778839,0.621999979019165,0.1655000001192093
YGR238C,YDR323C,0,-3.1194751,0.2730465233325958,0.621999979019165,0.1656000018119812
YBR200W,YDR437W,0,-3.1196866,0.2729267179965973,0.621999979019165,0.1657000035047531
YLR394W,YKL195W,0,-3.1201005,0.2728070318698883,0.621999979019165,0.16580000519752502
YBL099W,YJL214W,0,-3.120165,0.2726874053478241,0.621999979019165,0.16590000689029694
YMR175W,YGR144W,0,-3.1204326,0.2725679278373718,0.621999979019165,0.16599999368190765
YML077W,YAR031W,0,-3.120882,0.2724485397338867,0.621999979019165,0.16609999537467957
YHR158C,YHR152W,0,-3.1210504,0.2723292410373688,0.621999979019165,0.16619999706745148
YMR047C,YIL063C,0,-3.1211102,0.2722100615501404,0.621999979019165,0.1662999987602234
YKL135C,YOL102C,0,-3.1215374,0.27209100127220154,0.621999979019165,0.1664000004529953
YMR219W,YLL004W,1,-3.1216779,0.27240926027297974,0.6230000257492065,0.1664000004529953
YIL044C,YJL190C,0,-3.1219342,0.2722901999950409,0.6230000257492065,0.1665000021457672
YBR201W,YPR036W,0,-3.1222947,0.2721712589263916,0.6230000257492065,0.16660000383853912
YIL040W,YGR285C,0,-3.1224816,0.2720524072647095,0.6230000257492065,0.16670000553131104
YDL159W,YKL126W,0,-3.122524,0.2719336450099945,0.6230000257492065,0.16680000722408295
YDR456W,YDR281C,0,-3.122918,0.2718150019645691,0.6230000257492065,0.16689999401569366
YPL115C,YCR009C,0,-3.1234484,0.2716964781284332,0.6230000257492065,0.16699999570846558
YAL029C,YJL087C,0,-3.123679,0.2715780436992645,0.6230000257492065,0.1670999974012375
YOR204W,YER089C,0,-3.1238554,0.271459698677063,0.6230000257492065,0.1671999990940094
YJL058C,YAL007C,0,-3.123933,0.271341472864151,0.6230000257492065,0.1673000007867813
YBR179C,YHR038W,0,-3.1243212,0.2712233364582062,0.6230000257492065,0.16740000247955322
YHL034C,YMR197C,0,-3.1244671,0.2711053192615509,0.6230000257492065,0.16750000417232513
YMR239C,YML105C,0,-3.1246078,0.2709873914718628,0.6230000257492065,0.16760000586509705
YLR095C,YBR095C,1,-3.124637,0.27130433917045593,0.6240000128746033,0.16760000586509705
YGR163W,YLR139C,0,-3.1247458,0.2711864411830902,0.6240000128746033,0.16769999265670776
YPL167C,YDR484W,0,-3.1248195,0.27106863260269165,0.6240000128746033,0.16779999434947968
YHL002W,YGR007W,0,-3.1250427,0.27095094323158264,0.6240000128746033,0.1678999960422516
YNL094W,YKR031C,0,-3.1256206,0.2708333432674408,0.6240000128746033,0.1679999977350235
YMR264W,YPR181C,0,-3.1257086,0.2707158327102661,0.6240000128746033,0.1680999994277954
YDL004W,YNR008W,0,-3.1257226,0.270598441362381,0.6240000128746033,0.16820000112056732
YER173W,YJL035C,0,-3.126118,0.270481139421463,0.6240000128746033,0.16830000281333923
YGL167C,YNL138W,0,-3.1264174,0.2703639566898346,0.6240000128746033,0.16840000450611115
YDR227W,YML010W,1,-3.126435,0.27067995071411133,0.625,0.16840000450611115
YLR189C,YNL236W,0,-3.1270568,0.2705627679824829,0.625,0.16850000619888306
YJL178C,YMR172W,0,-3.1273077,0.27044570446014404,0.625,0.16859999299049377
YIL150C,YNL262W,1,-3.1277905,0.27076125144958496,0.6259999871253967,0.16859999299049377
YML051W,YBR123C,0,-3.128081,0.2706441879272461,0.6259999871253967,0.16869999468326569
YMR199W,YCR018C,0,-3.1281703,0.2705272138118744,0.6259999871253967,0.1687999963760376
YMR091C,YMR247C,1,-3.1282113,0.2708423435688019,0.6269999742507935,0.1687999963760376
YJL095W,YJL001W,0,-3.1287777,0.27072539925575256,0.6269999742507935,0.1688999980688095
YPL100W,YHR115C,0,-3.1289337,0.2706085443496704,0.6269999742507935,0.16899999976158142
YNL270C,YGL205W,0,-3.1295235,0.2704918086528778,0.6269999742507935,0.16910000145435333
YNL288W,YOR274W,0,-3.130112,0.27037516236305237,0.6269999742507935,0.16920000314712524
YMR316W,YDR470C,0,-3.1303976,0.2702586352825165,0.6269999742507935,0.16930000483989716
YOR216C,YKL173W,0,-3.130636,0.27014216780662537,0.6269999742507935,0.16940000653266907
YFL033C,YDR082W,0,-3.130871,0.2700258493423462,0.6269999742507935,0.16949999332427979
YCL016C,YOR132W,0,-3.1309056,0.2699095904827118,0.6269999742507935,0.1695999950170517
YKR024C,YDR142C,0,-3.1309633,0.26979345083236694,0.6269999742507935,0.1696999967098236
YOR329C,YBR130C,0,-3.1314764,0.26967743039131165,0.6269999742507935,0.16979999840259552
YKR024C,YLR025W,0,-3.1319802,0.2695614695549011,0.6269999742507935,0.16990000009536743
YMR235C,YOR179C,0,-3.1324117,0.26944562792778015,0.6269999742507935,0.17000000178813934
YMR186W,YGR202C,0,-3.1325777,0.26932990550994873,0.6269999742507935,0.17010000348091125
YBL020W,YOR216C,0,-3.133273,0.2692142426967621,0.6269999742507935,0.17020000517368317
YDL059C,YLR386W,0,-3.1337478,0.269098699092865,0.6269999742507935,0.17030000686645508
YDL117W,YKL125W,0,-3.134195,0.26898327469825745,0.6269999742507935,0.1703999936580658
YFR027W,YOR226C,0,-3.1342537,0.2688679099082947,0.6269999742507935,0.1704999953508377
YBR010W,YOR123C,1,-3.1350853,0.2691813111305237,0.628000020980835,0.1704999953508377
YMR213W,YLR329W,0,-3.1351204,0.2690659761428833,0.628000020980835,0.17059999704360962
YCR066W,YDR057W,0,-3.1358492,0.26895076036453247,0.628000020980835,0.17069999873638153
YHR193C,YGR007W,0,-3.1360261,0.2688356041908264,0.628000020980835,0.17080000042915344
YPR178W,YLR417W,0,-3.1360486,0.2687205672264099,0.628000020980835,0.17090000212192535
YCR052W,YIL084C,1,-3.136491,0.26903337240219116,0.6290000081062317,0.17090000212192535
YNL101W,YNL167C,0,-3.136849,0.26891833543777466,0.6290000081062317,0.17100000381469727
YJR069C,YHR150W,0,-3.1369426,0.2688034176826477,0.6290000081062317,0.17110000550746918
YOR226C,YNL214W,0,-3.1375325,0.2686885893344879,0.6290000081062317,0.1712000072002411
YBL084C,YDR195W,0,-3.138047,0.2685738801956177,0.6290000081062317,0.1712999939918518
YIL122W,YDR198C,0,-3.1385095,0.2684592306613922,0.6290000081062317,0.17139999568462372
YPL096C-A,YPR165W,0,-3.1388032,0.2683447003364563,0.6290000081062317,0.17149999737739563
YKL054C,YGL070C,0,-3.1393554,0.26823028922080994,0.6290000081062317,0.17159999907016754
YPL145C,YLR368W,0,-3.1394088,0.26811593770980835,0.6290000081062317,0.17170000076293945
YER083C,YLR275W,0,-3.1398175,0.2680017054080963,0.6290000081062317,0.17180000245571136
YBL102W,YPL045W,0,-3.14036,0.26788756251335144,0.6290000081062317,0.17190000414848328
YGL172W,YFL045C,0,-3.1425407,0.26777350902557373,0.6290000081062317,0.1720000058412552
YJL111W,YAL051W,0,-3.1429913,0.26765957474708557,0.6290000081062317,0.1720999926328659
YNL223W,YCR075C,0,-3.143161,0.2675457298755646,0.6290000081062317,0.17219999432563782
YML077W,YLR394W,0,-3.143553,0.26743197441101074,0.6290000081062317,0.17229999601840973
YPR189W,YHR060W,0,-3.1435597,0.2673183083534241,0.6290000081062317,0.17239999771118164
YGL201C,YNL066W,0,-3.145056,0.26720476150512695,0.6290000081062317,0.17249999940395355
YPR051W,YER018C,0,-3.145391,0.267091304063797,0.6290000081062317,0.17260000109672546
YBL046W,YDR372C,0,-3.1458828,0.2669779360294342,0.6290000081062317,0.17270000278949738
YKL176C,YKR037C,0,-3.1459355,0.2668646574020386,0.6290000081062317,0.1728000044822693
YPL055C,YIL084C,1,-3.146333,0.2671755850315094,0.6299999952316284,0.1728000044822693
YFL013C,YIL084C,1,-3.1463854,0.26748621463775635,0.6309999823570251,0.1728000044822693
YNL317W,YOL125W,0,-3.1464376,0.26737287640571594,0.6309999823570251,0.1729000061750412
YGL244W,YJL080C,1,-3.146623,0.2676831781864166,0.6320000290870667,0.1729000061750412
YDL008W,YNL167C,0,-3.1466775,0.2675698697566986,0.6320000290870667,0.17299999296665192
YLR088W,YLR452C,0,-3.146765,0.26745662093162537,0.6320000290870667,0.17309999465942383
YLL022C,YBR103W,1,-3.1471682,0.2677665054798126,0.6330000162124634,0.17309999465942383
YOR349W,YDL245C,0,-3.1475112,0.26765328645706177,0.6330000162124634,0.17319999635219574
YBR009C,YLR095C,1,-3.1476882,0.26796281337738037,0.6340000033378601,0.17319999635219574
YNL041C,YJL129C,0,-3.1487799,0.2678495943546295,0.6340000033378601,0.17329999804496765
YML060W,YPR178W,0,-3.1489255,0.2677364945411682,0.6340000033378601,0.17339999973773956
YOR231W,YIL143C,0,-3.149349,0.2676234841346741,0.6340000033378601,0.17350000143051147
YML004C,YJR102C,0,-3.1495717,0.2675105631351471,0.6340000033378601,0.1736000031232834
YMR072W,YHR012W,0,-3.1495726,0.2673977315425873,0.6340000033378601,0.1737000048160553
YIR010W,YPL050C,0,-3.1495779,0.26728498935699463,0.6340000033378601,0.1738000065088272
YBR278W,YMR219W,1,-3.1497104,0.26759377121925354,0.6349999904632568,0.1738000065088272
YNL317W,YJR007W,0,-3.1499908,0.2674810588359833,0.6349999904632568,0.17389999330043793
YPL248C,YOR267C,0,-3.1501222,0.2673684358596802,0.6349999904632568,0.17399999499320984
YNL278W,YDR394W,0,-3.1503556,0.26725590229034424,0.6349999904632568,0.17409999668598175
YDR121W,YMR022W,1,-3.1504862,0.26756414771080017,0.6359999775886536,0.17409999668598175
YLR153C,YBL008W,1,-3.15078,0.267872154712677,0.6370000243186951,0.17409999668598175
YIR015W,YKL212W,0,-3.1518073,0.2677595615386963,0.6370000243186951,0.17419999837875366
YOR034C,YBR240C,0,-3.1518805,0.26764705777168274,0.6370000243186951,0.17430000007152557
YKL160W,YNL330C,1,-3.152261,0.26795464754104614,0.6380000114440918,0.17430000007152557
YNL031C,YOL004W,1,-3.1526825,0.26826196908950806,0.6389999985694885,0.17430000007152557
YFR009W,YPR033C,0,-3.153269,0.26814940571784973,0.6389999985694885,0.17440000176429749
YOR188W,YMR231W,0,-3.153385,0.2680369019508362,0.6389999985694885,0.1745000034570694
YBR205W,YJR153W,0,-3.1535232,0.2679245173931122,0.6389999985694885,0.1746000051498413
YDL105W,YPR110C,0,-3.1536176,0.26781225204467773,0.6389999985694885,0.17470000684261322
YLR285W,YPL139C,1,-3.1536384,0.2681189775466919,0.6399999856948853,0.17470000684261322
YPL190C,YOR328W,0,-3.1537228,0.26800671219825745,0.6399999856948853,0.17479999363422394
YGL043W,YJL072C,0,-3.15391,0.2678945064544678,0.6399999856948853,0.17489999532699585
YLR370C,YDR501W,0,-3.1540341,0.26778241991996765,0.6399999856948853,0.17499999701976776
YJR105W,YPL137C,0,-3.1551974,0.2676704227924347,0.6399999856948853,0.17509999871253967
YML034W,YJL012C,0,-3.1554143,0.2675585150718689,0.6399999856948853,0.17520000040531158
YHR191C,YGL120C,0,-3.155725,0.26744672656059265,0.6399999856948853,0.1753000020980835
YIL076W,YNL197C,0,-3.155754,0.2673349976539612,0.6399999856948853,0.1754000037908554
YBR221C,YMR313C,0,-3.1559184,0.26722338795661926,0.6399999856948853,0.17550000548362732
YBL026W,YLR363C,0,-3.1560328,0.2671118676662445,0.6399999856948853,0.17560000717639923
YJL074C,YML097C,0,-3.1560571,0.2670004069805145,0.6399999856948853,0.17569999396800995
YIL084C,YAR003W,1,-3.157386,0.2673060894012451,0.640999972820282,0.17569999396800995
YDL069C,YKL002W,0,-3.1575444,0.2671946585178375,0.640999972820282,0.17579999566078186
YBL080C,YKL148C,0,-3.1579175,0.2670833468437195,0.640999972820282,0.17589999735355377
YNL012W,YBR118W,0,-3.1579294,0.2669720947742462,0.640999972820282,0.17599999904632568
YNL059C,YNL107W,1,-3.1581151,0.2672772705554962,0.6420000195503235,0.17599999904632568
YGR140W,YFL009W,0,-3.1581435,0.26716604828834534,0.6420000195503235,0.1761000007390976
YOL133W,YMR065W,0,-3.159438,0.2670549154281616,0.6420000195503235,0.1762000024318695
YKL182W,YIL122W,0,-3.159559,0.26694387197494507,0.6420000195503235,0.17630000412464142
YOR174W,YDR238C,0,-3.1595683,0.2668329179286957,0.6420000195503235,0.17640000581741333
YML074C,YGL181W,0,-3.160017,0.26672205328941345,0.6420000195503235,0.17649999260902405
YDL090C,YNL243W,0,-3.1601694,0.2666113078594208,0.6420000195503235,0.17659999430179596
YHR077C,YOR098C,0,-3.160186,0.2665006220340729,0.6420000195503235,0.17669999599456787
YOR032C,YKL110C,0,-3.1608856,0.2663900554180145,0.6420000195503235,0.17679999768733978
YER168C,YDR180W,0,-3.1609585,0.26627954840660095,0.6420000195503235,0.1768999993801117
YBL020W,YPL218W,0,-3.1613605,0.26616916060447693,0.6420000195503235,0.1770000010728836
YBL099W,YLR096W,0,-3.161412,0.26605886220932007,0.6420000195503235,0.17710000276565552
YNR008W,YBL050W,0,-3.162195,0.265948623418808,0.6420000195503235,0.17720000445842743
YPR162C,YMR053C,1,-3.1625762,0.2662525773048401,0.6430000066757202,0.17720000445842743
YMR281W,YOR346W,0,-3.1631334,0.2661423981189728,0.6430000066757202,0.17730000615119934
YBR055C,YDR486C,0,-3.163236,0.26603227853775024,0.6430000066757202,0.17739999294281006
YNL221C,YOL072W,0,-3.1640723,0.2659222483634949,0.6430000066757202,0.17749999463558197
YLR095C,YML069W,1,-3.1646898,0.2662257254123688,0.6439999938011169,0.17749999463558197
YMR234W,YGR085C,0,-3.164915,0.2661156952381134,0.6439999938011169,0.17759999632835388
YOR033C,YFR019W,0,-3.1649966,0.2660057842731476,0.6439999938011169,0.1776999980211258
YBR200W,YGL206C,0,-3.165088,0.2658959627151489,0.6439999938011169,0.1777999997138977
YKL160W,YPL016W,1,-3.1651947,0.26619893312454224,0.6449999809265137,0.1777999997138977
YOR112W,YBL047C,0,-3.165251,0.2660891115665436,0.6449999809265137,0.17790000140666962
YCR038C,YPL059W,0,-3.165473,0.2659793794155121,0.6449999809265137,0.17800000309944153
YEL027W,YMR231W,0,-3.1655242,0.26586973667144775,0.6449999809265137,0.17810000479221344
YPL267W,YNL309W,0,-3.1659672,0.2657601833343506,0.6449999809265137,0.17820000648498535
YLR381W,YNL304W,0,-3.1661832,0.26565074920654297,0.6449999809265137,0.17829999327659607
YPL202C,YBR057C,0,-3.1667,0.2655413746833801,0.6449999809265137,0.17839999496936798
YLR025W,YMR156C,0,-3.1669152,0.26543208956718445,0.6449999809265137,0.1784999966621399
YJL080C,YBR289W,1,-3.1679974,0.2657342553138733,0.6460000276565552,0.1784999966621399
YBR286W,YPL098C,0,-3.1682608,0.265625,0.6460000276565552,0.1785999983549118
YOR058C,YDL120W,0,-3.1685019,0.26551583409309387,0.6460000276565552,0.17870000004768372
YJL194W,YPL234C,0,-3.1685493,0.2654067277908325,0.6460000276565552,0.17880000174045563
YNL169C,YMR235C,0,-3.1685622,0.2652977406978607,0.6460000276565552,0.17890000343322754
YGL223C,YMR067C,0,-3.1685872,0.2651888430118561,0.6460000276565552,0.17900000512599945
YGL180W,YOR113W,0,-3.1691287,0.2650800049304962,0.6460000276565552,0.17910000681877136
YPL116W,YLR272C,1,-3.1692593,0.26538145542144775,0.6470000147819519,0.17910000681877136
YBR286W,YKR054C,0,-3.170757,0.2652726471424103,0.6470000147819519,0.17919999361038208
YKR090W,YNL163C,0,-3.1710293,0.26516392827033997,0.6470000147819519,0.179299995303154
YBR038W,YJL157C,0,-3.172305,0.2650552988052368,0.6470000147819519,0.1793999969959259
YEL019C,YOL005C,0,-3.1727843,0.26494675874710083,0.6470000147819519,0.17949999868869781
YBR130C,YIL173W,0,-3.1730306,0.264838308095932,0.6470000147819519,0.17960000038146973
YJR084W,YKR054C,0,-3.17398,0.26472994685173035,0.6470000147819519,0.17970000207424164
YAL020C,YIL120W,0,-3.1739838,0.26462167501449585,0.6470000147819519,0.17980000376701355
YMR219W,YNL261W,1,-3.1743364,0.2649223208427429,0.6480000019073486,0.17980000376701355
YBL008W,YCR052W,1,-3.1743433,0.2652227282524109,0.6489999890327454,0.17980000376701355
YPR019W,YPL137C,0,-3.174589,0.26511436700820923,0.6489999890327454,0.17990000545978546
YDL200C,YDR276C,0,-3.1747253,0.2650061249732971,0.6489999890327454,0.18000000715255737
YPR105C,YNR052C,0,-3.1747508,0.2648979723453522,0.6489999890327454,0.1800999939441681
YJL219W,YDR217C,0,-3.1749396,0.264789879322052,0.6489999890327454,0.18019999563694
YML077W,YLR193C,0,-3.1749713,0.2646819055080414,0.6489999890327454,0.18029999732971191
YKL054C,YBL047C,0,-3.1751862,0.26457399129867554,0.6489999890327454,0.18039999902248383
YMR065W,YJL045W,0,-3.175356,0.26446616649627686,0.6489999890327454,0.18050000071525574
YOL095C,YKL084W,0,-3.1753948,0.2643584609031677,0.6489999890327454,0.18060000240802765
YPL076W,YNL014W,0,-3.1754925,0.26425081491470337,0.6489999890327454,0.18070000410079956
YNR008W,YOR087W,0,-3.1758974,0.2641432583332062,0.6489999890327454,0.18080000579357147
YAL041W,YOL097C,0,-3.1760108,0.26403579115867615,0.6489999890327454,0.1808999925851822
YOL078W,YMR081C,0,-3.1766167,0.2639284133911133,0.6489999890327454,0.1809999942779541
YBL008W,YML127W,1,-3.177219,0.26422762870788574,0.6499999761581421,0.1809999942779541
YMR119W,YGR006W,0,-3.177293,0.26412028074264526,0.6499999761581421,0.181099995970726
YBR131W,YOR162C,0,-3.1779523,0.26401299238204956,0.6499999761581421,0.18119999766349792
YBL022C,YOR275C,0,-3.178158,0.263905793428421,0.6499999761581421,0.18129999935626984
YOL146W,YAL001C,0,-3.1787355,0.26379871368408203,0.6499999761581421,0.18140000104904175
YBL045C,YGL090W,0,-3.1790392,0.2636916935443878,0.6499999761581421,0.18150000274181366
YBL002W,YKR101W,1,-3.1803524,0.26399025321006775,0.6510000228881836,0.18150000274181366
YIR004W,YBR218C,0,-3.1805093,0.2638832628726959,0.6510000228881836,0.18160000443458557
YDL030W,YOL054W,0,-3.1812856,0.26377633213996887,0.6510000228881836,0.18170000612735748
YBR172C,YPR139C,0,-3.1815412,0.263669490814209,0.6510000228881836,0.1817999929189682
YKL048C,YLR248W,0,-3.1815803,0.26356273889541626,0.6510000228881836,0.1818999946117401
YGL206C,YJR153W,0,-3.1824067,0.2634560763835907,0.6510000228881836,0.18199999630451202
YBL022C,YDR246W,0,-3.1831956,0.2633495032787323,0.6510000228881836,0.18209999799728394
YEL018W,YOL104C,0,-3.1832845,0.26324301958084106,0.6510000228881836,0.18219999969005585
YJL095W,YPL169C,0,-3.1845438,0.263136625289917,0.6510000228881836,0.18230000138282776
YDR060W,YPL210C,0,-3.1846578,0.2630302906036377,0.6510000228881836,0.18240000307559967
YJL019W,YDR335W,0,-3.1846857,0.26292407512664795,0.6510000228881836,0.18250000476837158
YNL250W,YGR048W,0,-3.1850083,0.262817919254303,0.6510000228881836,0.1826000064611435
YGR264C,YGL257C,0,-3.1851537,0.26271185278892517,0.6510000228881836,0.1826999932527542
YGL222C,YNL236W,0,-3.185807,0.2626058757305145,0.6510000228881836,0.18279999494552612
YLL022C,YGL058W,1,-3.1858866,0.26290321350097656,0.6520000100135803,0.18279999494552612
YLL061W,YNL207W,0,-3.1868124,0.2627972662448883,0.6520000100135803,0.18289999663829803
YPL076W,YGL207W,0,-3.1872108,0.2626913785934448,0.6520000100135803,0.18299999833106995
YMR287C,YMR308C,0,-3.1872547,0.2625855803489685,0.6520000100135803,0.18310000002384186
YPR178W,YPL237W,0,-3.1877668,0.26247987151145935,0.6520000100135803,0.18320000171661377
YKL192C,YDR236C,0,-3.1878922,0.26237425208091736,0.6520000100135803,0.18330000340938568
YDR138W,YDL064W,0,-3.18817,0.26226869225502014,0.6520000100135803,0.1834000051021576
YGL222C,YLR259C,0,-3.188278,0.2621632516384125,0.6520000100135803,0.1835000067949295
YNL245C,YJR042W,0,-3.1889346,0.2620578706264496,0.6520000100135803,0.18359999358654022
YFL024C,YOL012C,1,-3.1894648,0.26235437393188477,0.652999997138977,0.18359999358654022
YMR065W,YOR253W,0,-3.1898024,0.2622489929199219,0.652999997138977,0.18369999527931213
YPR046W,YER093C,0,-3.1899908,0.26214373111724854,0.652999997138977,0.18379999697208405
YPR081C,YDR463W,0,-3.1903365,0.26203852891921997,0.652999997138977,0.18389999866485596
YFL013C,YMR247C,1,-3.1906626,0.26233452558517456,0.6539999842643738,0.18389999866485596
YDL126C,YOL072W,0,-3.1917868,0.2622293531894684,0.6539999842643738,0.18400000035762787
YCR038C,YLR032W,0,-3.1917872,0.262124240398407,0.6539999842643738,0.18410000205039978
YLR166C,YLR262C,0,-3.1920426,0.26201921701431274,0.6539999842643738,0.1842000037431717
YOR322C,YKL186C,0,-3.1921837,0.26191428303718567,0.6539999842643738,0.1843000054359436
YOR039W,YJR006W,0,-3.1923523,0.26180943846702576,0.6539999842643738,0.18440000712871552
YDR515W,YML097C,0,-3.1930869,0.261704683303833,0.6539999842643738,0.18449999392032623
YFR021W,YJL143W,0,-3.1932874,0.26159998774528503,0.6539999842643738,0.18459999561309814
YPL227C,YCL024W,0,-3.1936142,0.2614954113960266,0.6539999842643738,0.18469999730587006
YPL018W,YLR384C,0,-3.1946306,0.26139089465141296,0.6539999842643738,0.18479999899864197
YHR186C,YPL094C,0,-3.1946719,0.2612864673137665,0.6539999842643738,0.18490000069141388
YML091C,YGR095C,0,-3.1952965,0.26118209958076477,0.6539999842643738,0.1850000023841858
YDR480W,YOR159C,0,-3.1963854,0.2610778510570526,0.6539999842643738,0.1851000040769577
YDR435C,YKL058W,0,-3.1964643,0.26097366213798523,0.6539999842643738,0.18520000576972961
YBR136W,YPR086W,0,-3.197222,0.260869562625885,0.6539999842643738,0.18529999256134033
YHR172W,YJL035C,0,-3.1976497,0.26076555252075195,0.6539999842643738,0.18539999425411224
YLL004W,YNL246W,1,-3.1979837,0.2610601782798767,0.6549999713897705,0.18539999425411224
YNL262W,YER169W,1,-3.1982565,0.26135459542274475,0.656000018119812,0.18539999425411224
YOR026W,YIL016W,0,-3.1995773,0.26125049591064453,0.656000018119812,0.18549999594688416
YGR056W,YDR392W,1,-3.199672,0.2615445852279663,0.6570000052452087,0.18549999594688416
YJL165C,YJR153W,0,-3.1997802,0.2614405155181885,0.6570000052452087,0.18559999763965607
YPL042C,YIL008W,0,-3.1998308,0.2613365054130554,0.6570000052452087,0.18569999933242798
YOR237W,YBR050C,0,-3.2001526,0.2612326145172119,0.6570000052452087,0.1858000010251999
YJR046W,YDR495C,0,-3.2005398,0.2611287832260132,0.6570000052452087,0.1859000027179718
YMR101C,YMR149W,0,-3.201071,0.2610250413417816,0.6570000052452087,0.1860000044107437
YGL195W,YPL232W,0,-3.2018783,0.2609213590621948,0.6570000052452087,0.18610000610351562
YOL013C,YDR456W,0,-3.2019951,0.2608177959918976,0.6570000052452087,0.18619999289512634
YLL042C,YJL019W,0,-3.2023375,0.2607142925262451,0.6570000052452087,0.18629999458789825
YCL017C,YGR013W,0,-3.2029753,0.2606108784675598,0.6570000052452087,0.18639999628067017
YNL243W,YIR018W,0,-3.2040756,0.2605075240135193,0.6570000052452087,0.18649999797344208
YJL002C,YHR163W,0,-3.2042143,0.2604042887687683,0.6570000052452087,0.186599999666214
YJL062W,YDR479C,0,-3.2043855,0.2603011131286621,0.6570000052452087,0.1867000013589859
YGR041W,YMR079W,0,-3.2050688,0.26019802689552307,0.6570000052452087,0.1868000030517578
YPL053C,YGR220C,0,-3.2051818,0.2600950002670288,0.6570000052452087,0.18690000474452972
YLR097C,YPL022W,0,-3.205524,0.2599920928478241,0.6570000052452087,0.18700000643730164
YDL087C,YPR137W,0,-3.205811,0.25988924503326416,0.6570000052452087,0.18709999322891235
YLL031C,YFL033C,0,-3.2064054,0.2597864866256714,0.6570000052452087,0.18719999492168427
YEL009C,YNL263C,0,-3.206498,0.2596837878227234,0.6570000052452087,0.18729999661445618
YMR042W,YDL013W,0,-3.2066905,0.25958117842674255,0.6570000052452087,0.1873999983072281
YFL009W,YPL007C,0,-3.207436,0.2594786584377289,0.6570000052452087,0.1875
YIL062C,YIR018W,0,-3.2082176,0.2593762278556824,0.6570000052452087,0.1876000016927719
YMR033W,YMR022W,1,-3.2085714,0.2596684992313385,0.6579999923706055,0.1876000016927719
YJL085W,YER089C,0,-3.209081,0.259566068649292,0.6579999923706055,0.18770000338554382
YLR007W,YJL029C,0,-3.2090821,0.25946372747421265,0.6579999923706055,0.18780000507831573
YNR075W,YNR013C,0,-3.2091324,0.2593614459037781,0.6579999923706055,0.18790000677108765
YDR036C,YCR042C,0,-3.2092721,0.25925925374031067,0.6579999923706055,0.18799999356269836
YPL029W,YPL214C,0,-3.2094789,0.2591571509838104,0.6579999923706055,0.18809999525547028
YLR399C,YFR037C,1,-3.2095416,0.2594488263130188,0.6589999794960022,0.18809999525547028
YGR216C,YBR069C,0,-3.2098176,0.25934672355651855,0.6589999794960022,0.1881999969482422
YLR144C,YMR038C,0,-3.210378,0.2592446804046631,0.6589999794960022,0.1882999986410141
YJR139C,YJL190C,0,-3.2104058,0.25914275646209717,0.6589999794960022,0.188400000333786
YDL175C,YMR052W,0,-3.2106116,0.259040892124176,0.6589999794960022,0.18850000202655792
YBL008W,YMR069W,1,-3.2107704,0.2593320310115814,0.6600000262260437,0.18850000202655792
YPL055C,YGR275W,1,-3.2108464,0.2596229314804077,0.6610000133514404,0.18850000202655792
YBL023C,YDL232W,0,-3.2119098,0.2595210075378418,0.6610000133514404,0.18860000371932983
YMR299C,YPR041W,0,-3.2121918,0.25941914319992065,0.6610000133514404,0.18870000541210175
YER001W,YOL128C,0,-3.2123446,0.2593173682689667,0.6610000133514404,0.18880000710487366
YHR158C,YGR285C,0,-3.2124383,0.25921568274497986,0.6610000133514404,0.18889999389648438
YDR434W,YDL159W,0,-3.21256,0.2591140866279602,0.6610000133514404,0.1889999955892563
YOL078W,YPL159C,0,-3.2131116,0.2590125501155853,0.6610000133514404,0.1890999972820282
YFR036W,YPR131C,0,-3.2132905,0.2589110732078552,0.6610000133514404,0.1891999989748001
YOR079C,YOL124C,0,-3.2138655,0.2588097155094147,0.6610000133514404,0.18930000066757202
YKL085W,YLR007W,0,-3.214264,0.2587084174156189,0.6610000133514404,0.18940000236034393
YPL055C,YNL246W,1,-3.215007,0.25899842381477356,0.6620000004768372,0.18940000236034393
YBR179C,YOR119C,0,-3.2151897,0.25889715552330017,0.6620000004768372,0.18950000405311584
YBL080C,YJL204C,0,-3.215554,0.25879594683647156,0.6620000004768372,0.18960000574588776
YER129W,YGL243W,0,-3.216192,0.2586947977542877,0.6620000004768372,0.18970000743865967
YNL139C,YEL031W,0,-3.2169995,0.25859373807907104,0.6620000004768372,0.18979999423027039
YLR328W,YJR153W,0,-3.2170703,0.25849276781082153,0.6620000004768372,0.1898999959230423
YER104W,YLR424W,0,-3.21713,0.2583918869495392,0.6620000004768372,0.1899999976158142
YJL196C,YBR136W,0,-3.2173762,0.2582910656929016,0.6620000004768372,0.19009999930858612
YDR016C,YGL070C,0,-3.2173827,0.2581903338432312,0.6620000004768372,0.19020000100135803
YBR211C,YPL190C,0,-3.2176082,0.25808966159820557,0.6620000004768372,0.19030000269412994
YDL059C,YGR285C,0,-3.2184834,0.2579890787601471,0.6620000004768372,0.19040000438690186
YEL053C,YJR059W,0,-3.2187917,0.2578885853290558,0.6620000004768372,0.19050000607967377
YDL115C,YOL066C,0,-3.219012,0.25778815150260925,0.6620000004768372,0.19059999287128448
YGR261C,YNR052C,0,-3.219375,0.2576878070831299,0.6620000004768372,0.1906999945640564
YFL033C,YBR123C,0,-3.2194679,0.2575875520706177,0.6620000004768372,0.1907999962568283
YMR280C,YDL128W,0,-3.2200441,0.25748735666275024,0.6620000004768372,0.19089999794960022
YPL152W,YCR008W,0,-3.2201989,0.25738725066185,0.6620000004768372,0.19099999964237213
YDL232W,YBR082C,0,-3.221285,0.2572872042655945,0.6620000004768372,0.19110000133514404
YGR264C,YHR079C-A,0,-3.221297,0.25718724727630615,0.6620000004768372,0.19120000302791595
YKR038C,YJL203W,0,-3.2214918,0.257087379693985,0.6620000004768372,0.19130000472068787
YPR135W,YGL257C,0,-3.221503,0.2569875717163086,0.6620000004768372,0.19140000641345978
YNL317W,YNL236W,0,-3.2220616,0.25688785314559937,0.6620000004768372,0.1914999932050705
YKL206C,YKL042W,0,-3.2220793,0.2567881941795349,0.6620000004768372,0.1915999948978424
YDR299W,YGL113W,0,-3.222412,0.2566886246204376,0.6620000004768372,0.19169999659061432
YOR098C,YPL112C,0,-3.2225559,0.2565891444683075,0.6620000004768372,0.19179999828338623
YDR153C,YPR182W,0,-3.223133,0.25648972392082214,0.6620000004768372,0.19189999997615814
YHR082C,YPL130W,0,-3.22355,0.25639039278030396,0.6620000004768372,0.19200000166893005
YCR048W,YMR055C,0,-3.2238472,0.25629112124443054,0.6620000004768372,0.19210000336170197
YKL130C,YMR313C,0,-3.2240973,0.2561919391155243,0.6620000004768372,0.19220000505447388
YBL003C,YKR029C,1,-3.224363,0.2564796805381775,0.6629999876022339,0.19220000505447388
YGL216W,YLR039C,0,-3.2247074,0.25638049840927124,0.6629999876022339,0.1923000067472458
YBR221C,YLR039C,0,-3.2269495,0.25628140568733215,0.6629999876022339,0.1923999935388565
YHR193C,YDR156W,0,-3.2271833,0.25618237257003784,0.6629999876022339,0.19249999523162842
YNL253W,YBR265W,0,-3.2273006,0.2560834288597107,0.6629999876022339,0.19259999692440033
YMR234W,YOL113W,0,-3.2279456,0.2559845447540283,0.6629999876022339,0.19269999861717224
YGR147C,YOR210W,0,-3.2282493,0.2558857500553131,0.6629999876022339,0.19280000030994415
YIL144W,YEL004W,0,-3.22837,0.25578704476356506,0.6629999876022339,0.19290000200271606
YNL264C,YPL210C,0,-3.228527,0.2556883990764618,0.6629999876022339,0.19300000369548798
YLR355C,YML114C,0,-3.2286136,0.2555898129940033,0.6629999876022339,0.1931000053882599
YLR078C,YBR082C,0,-3.229531,0.25549131631851196,0.6629999876022339,0.1932000070810318
YFL013C,YCL061C,1,-3.229748,0.25577813386917114,0.6639999747276306,0.1932000070810318
YDR096W,YCR020W-B,1,-3.2298543,0.25606468319892883,0.6650000214576721,0.1932000070810318
YGL021W,YNL222W,0,-3.2300959,0.2559661269187927,0.6650000214576721,0.19329999387264252
YHL002W,YGR123C,0,-3.2302258,0.2558676302433014,0.6650000214576721,0.19339999556541443
YFR037C,YAR003W,1,-3.2304137,0.2561538517475128,0.6660000085830688,0.19339999556541443
YJL214W,YPL269W,0,-3.2308156,0.2560553550720215,0.6660000085830688,0.19349999725818634
YKL146W,YIR004W,0,-3.2308662,0.2559569478034973,0.6660000085830688,0.19359999895095825
YLR223C,YDR176W,1,-3.2310565,0.2562427818775177,0.6669999957084656,0.19359999895095825
YHR166C,YHR001W-A,0,-3.2311013,0.2561444044113159,0.6669999957084656,0.19370000064373016
YNL029C,YKR089C,0,-3.2321327,0.2560460567474365,0.6669999957084656,0.19380000233650208
YFR005C,YNL222W,0,-3.2321923,0.2559477984905243,0.6669999957084656,0.193900004029274
YBR290W,YMR163C,0,-3.2326987,0.2558496296405792,0.6669999957084656,0.1940000057220459
YDL084W,YML109W,1,-3.2329166,0.256134957075119,0.6679999828338623,0.1940000057220459
YHL031C,YMR047C,0,-3.2330124,0.25603678822517395,0.6679999828338623,0.1941000074148178
YJL091C,YOR270C,0,-3.23303,0.25593870878219604,0.6679999828338623,0.19419999420642853
YML113W,YAL029C,0,-3.233555,0.2558406889438629,0.6679999828338623,0.19429999589920044
YDR096W,YBR009C,1,-3.2336006,0.2561255693435669,0.6690000295639038,0.19429999589920044
YMR025W,YIL039W,0,-3.2336373,0.25602754950523376,0.6690000295639038,0.19439999759197235
YGL035C,YGR253C,0,-3.2337945,0.2559296190738678,0.6690000295639038,0.19449999928474426
YML051W,YPL110C,0,-3.234019,0.2558317482471466,0.6690000295639038,0.19460000097751617
YBR136W,YFR052W,0,-3.2342477,0.2557339370250702,0.6690000295639038,0.19470000267028809
YOL031C,YPL042C,0,-3.2343552,0.25563621520996094,0.6690000295639038,0.19480000436306
YGL142C,YML064C,0,-3.2355735,0.25553858280181885,0.6690000295639038,0.1949000060558319
YAL022C,YPR168W,0,-3.2356398,0.25544100999832153,0.6690000295639038,0.19499999284744263
YGL254W,YLR006C,0,-3.2356927,0.255343496799469,0.6690000295639038,0.19509999454021454
YCR028C-A,YDR418W,0,-3.2357097,0.255246102809906,0.6690000295639038,0.19519999623298645
YGL071W,YJL143W,0,-3.2357447,0.2551487386226654,0.6690000295639038,0.19529999792575836
YDR141C,YNL073W,0,-3.23583,0.25505146384239197,0.6690000295639038,0.19539999961853027
YAL024C,YOR212W,0,-3.236119,0.2549542784690857,0.6690000295639038,0.19550000131130219
YHR042W,YLR005W,0,-3.2362893,0.2548571527004242,0.6690000295639038,0.1956000030040741
YGL183C,YFL017W-A,0,-3.236292,0.25476008653640747,0.6690000295639038,0.195700004696846
YOR250C,YDR028C,0,-3.2364872,0.2546631097793579,0.6690000295639038,0.19580000638961792
YNR072W,YJR074W,0,-3.236815,0.2545662224292755,0.6690000295639038,0.19589999318122864
YLR399C,YHR056C,1,-3.2369788,0.25484976172447205,0.6700000166893005,0.19589999318122864
YLR438C-A,YNL142W,0,-3.23724,0.25475284457206726,0.6700000166893005,0.19599999487400055
YGL065C,YJR013W,0,-3.2372992,0.25465601682662964,0.6700000166893005,0.19609999656677246
YDL099W,YNL167C,0,-3.2376945,0.2545592784881592,0.6700000166893005,0.19619999825954437
YLR051C,YDR177W,0,-3.2377164,0.2544625997543335,0.6700000166893005,0.19629999995231628
YIL122W,YOR216C,0,-3.238001,0.2543659806251526,0.6700000166893005,0.1964000016450882
YIL076W,YDR011W,0,-3.2380967,0.25426945090293884,0.6700000166893005,0.1965000033378601
YDR211W,YMR101C,0,-3.238246,0.2541729807853699,0.6700000166893005,0.19660000503063202
YNL251C,YDR082W,0,-3.2386854,0.25407660007476807,0.6700000166893005,0.19670000672340393
YGL032C,YGL022W,0,-3.2386942,0.25398027896881104,0.6700000166893005,0.19679999351501465
YJL166W,YDR088C,0,-3.2390378,0.25388404726982117,0.6700000166893005,0.19689999520778656
YNL148C,YNL099C,0,-3.2391698,0.2537878751754761,0.6700000166893005,0.19699999690055847
YGL244W,YOL004W,1,-3.2392108,0.2540704309940338,0.6710000038146973,0.19699999690055847
YBL106C,YKL028W,0,-3.239484,0.2539742588996887,0.6710000038146973,0.19709999859333038
YKR097W,YLR026C,0,-3.239733,0.2538781762123108,0.6710000038146973,0.1972000002861023
YPR052C,YML109W,1,-3.2398617,0.2541603744029999,0.671999990940094,0.1972000002861023
YDL175C,YLR329W,0,-3.2401073,0.25406426191329956,0.671999990940094,0.1973000019788742
YLR144C,YMR299C,0,-3.2401364,0.2539682686328888,0.671999990940094,0.19740000367164612
YLR007W,YBR216C,0,-3.240466,0.2538723051548004,0.671999990940094,0.19750000536441803
YIL150C,YMR053C,1,-3.2409856,0.2541540861129761,0.6729999780654907,0.19750000536441803
YLR022C,YGR090W,0,-3.2411034,0.2540581226348877,0.6729999780654907,0.19760000705718994
YBL099W,YLR277C,0,-3.241517,0.25396227836608887,0.6729999780654907,0.19769999384880066
YCR012W,YLR039C,0,-3.2416728,0.2538664638996124,0.6729999780654907,0.19779999554157257
YDR437W,YLR309C,0,-3.241968,0.25377073884010315,0.6729999780654907,0.19789999723434448
YHL003C,YAL034W-A,0,-3.2437274,0.25367507338523865,0.6729999780654907,0.1979999989271164
YJL091C,YOR174W,0,-3.2445433,0.2535794973373413,0.6729999780654907,0.1981000006198883
YMR247C,YER161C,1,-3.2445662,0.2538606524467468,0.6740000247955322,0.1981000006198883
YMR052W,YER074W-A,0,-3.2451608,0.2537650465965271,0.6740000247955322,0.19820000231266022
YDL074C,YDR190C,1,-3.2459853,0.25404590368270874,0.675000011920929,0.19820000231266022
YOL139C,YBR055C,0,-3.245999,0.2539503276348114,0.675000011920929,0.19830000400543213
YNL222W,YHL007C,0,-3.246028,0.2538548409938812,0.675000011920929,0.19840000569820404
YKL032C,YNL263C,0,-3.2467043,0.25375938415527344,0.675000011920929,0.19850000739097595
YLR394W,YDR420W,0,-3.2471893,0.2536640465259552,0.675000011920929,0.19859999418258667
YGL173C,YGR074W,0,-3.2472012,0.25356873869895935,0.675000011920929,0.19869999587535858
YJL203W,YKL144C,0,-3.2472188,0.25347352027893066,0.675000011920929,0.1987999975681305
YLR324W,YNL310C,0,-3.2474651,0.25337839126586914,0.675000011920929,0.1988999992609024
YML099C,YGR095C,0,-3.2485142,0.25328329205513,0.675000011920929,0.19900000095367432
YBR068C,YJR068W,0,-3.2486062,0.25318828225135803,0.675000011920929,0.19910000264644623
YNL166C,YML006C,0,-3.2495596,0.2530933618545532,0.675000011920929,0.19920000433921814
YGL071W,YJL201W,0,-3.2502353,0.2529985010623932,0.675000011920929,0.19930000603199005
YPR082C,YGL205W,0,-3.2506974,0.25290369987487793,0.675000011920929,0.19939999282360077
YDR432W,YBR265W,0,-3.2515488,0.25280898809432983,0.675000011920929,0.19949999451637268
YDL117W,YPL269W,0,-3.2525797,0.2527143359184265,0.675000011920929,0.1995999962091446
YEL037C,YLR354C,0,-3.2526305,0.25261977314949036,0.675000011920929,0.1996999979019165
YJL060W,YPL048W,0,-3.2532275,0.2525252401828766,0.675000011920929,0.19979999959468842
YKL017C,YDR432W,0,-3.2533123,0.25243082642555237,0.675000011920929,0.19990000128746033
YML099C,YKL166C,0,-3.253331,0.25233644247055054,0.675000011920929,0.20000000298023224
YGR074W,YGL098W,0,-3.253612,0.25224214792251587,0.675000011920929,0.20010000467300415
YDL147W,YFL017W-A,0,-3.254031,0.252147912979126,0.675000011920929,0.20020000636577606
YDR258C,YCR039C,0,-3.2543218,0.25205376744270325,0.675000011920929,0.20029999315738678
YPR037C,YGR098C,0,-3.2547328,0.2519596815109253,0.675000011920929,0.2003999948501587
YNL097C,YGL163C,1,-3.2552125,0.25223881006240845,0.6759999990463257,0.2003999948501587
YOR372C,YLR039C,0,-3.2558842,0.2521447241306305,0.6759999990463257,0.2004999965429306
YMR146C,YBR216C,0,-3.256369,0.2520506978034973,0.6759999990463257,0.20059999823570251
YHR174W,YML034W,0,-3.2565253,0.2519567608833313,0.6759999990463257,0.20069999992847443
YLR032W,YNL126W,0,-3.2566879,0.25186288356781006,0.6759999990463257,0.20080000162124634
YFL024C,YML069W,1,-3.2567017,0.252141535282135,0.6769999861717224,0.20080000162124634
YPL269W,YFL036W,0,-3.2569563,0.25204765796661377,0.6769999861717224,0.20090000331401825
YPR093C,YLR163C,0,-3.2572505,0.2519538402557373,0.6769999861717224,0.20100000500679016
YDL113C,YDL044C,0,-3.257335,0.251860111951828,0.6769999861717224,0.20110000669956207
YBR023C,YLR363C,0,-3.2573702,0.2517664432525635,0.6769999861717224,0.2011999934911728
YCR037C,YMR060C,0,-3.257388,0.2516728639602661,0.6769999861717224,0.2012999951839447
YAR018C,YPR182W,0,-3.2580001,0.2515793442726135,0.6769999861717224,0.2013999968767166
YGR056W,YJL080C,1,-3.2580545,0.25185734033584595,0.6779999732971191,0.2013999968767166
YCR020W-B,YBR103W,1,-3.2581341,0.25213515758514404,0.6790000200271606,0.2013999968767166
YCR002C,YNL312W,0,-3.2584603,0.2520415782928467,0.6790000200271606,0.20149999856948853
YDR075W,YIL153W,0,-3.2586544,0.2519480586051941,0.6790000200271606,0.20160000026226044
YGL240W,YBR186W,0,-3.2587636,0.2518545985221863,0.6790000200271606,0.20170000195503235
YNL259C,YML062C,0,-3.2594988,0.25176122784614563,0.6790000200271606,0.20180000364780426
YLR320W,YLL013C,0,-3.2606757,0.25166791677474976,0.6790000200271606,0.20190000534057617
YCL029C,YKL082C,0,-3.2608254,0.25157466530799866,0.6790000200271606,0.20200000703334808
YNL090W,YIL016W,0,-3.2610862,0.25148147344589233,0.6790000200271606,0.2020999938249588
YGL027C,YLR090W,0,-3.2619028,0.2513883709907532,0.6790000200271606,0.2021999955177307
YKL114C,YDR479C,0,-3.2620585,0.2512953281402588,0.6790000200271606,0.20229999721050262
YGL180W,YLR329W,0,-3.2634518,0.25120237469673157,0.6790000200271606,0.20239999890327454
YER007W,YMR101C,0,-3.2636352,0.2511094808578491,0.6790000200271606,0.20250000059604645
YIR010W,YBR082C,0,-3.264175,0.25101664662361145,0.6790000200271606,0.20260000228881836
YPL115C,YDR146C,0,-3.2641807,0.25092387199401855,0.6790000200271606,0.20270000398159027
YFL023W,YML049C,0,-3.2647126,0.2508311867713928,0.6790000200271606,0.20280000567436218
YKL182W,YIL048W,0,-3.2649899,0.25073856115341187,0.6790000200271606,0.2029000073671341
YDL178W,YDR164C,0,-3.2652457,0.2506459951400757,0.6790000200271606,0.2029999941587448
YJL133W,YNL154C,0,-3.2655432,0.25055351853370667,0.6790000200271606,0.20309999585151672
YJL005W,YNL029C,0,-3.2655497,0.25046107172966003,0.6790000200271606,0.20319999754428864
YBR278W,YFL013C,1,-3.265731,0.2507374584674835,0.6800000071525574,0.20319999754428864
YDL126C,YER020W,0,-3.266014,0.2506450414657593,0.6800000071525574,0.20329999923706055
YJR119C,YBR081C,1,-3.2660635,0.2509211599826813,0.6809999942779541,0.20329999923706055
YLR328W,YGR241C,0,-3.2661512,0.25082874298095703,0.6809999942779541,0.20340000092983246
YPL053C,YDR164C,0,-3.266646,0.25073638558387756,0.6809999942779541,0.20350000262260437
YPR037C,YPL036W,0,-3.2668116,0.25064408779144287,0.6809999942779541,0.20360000431537628
YML024W,YGR144W,0,-3.2669437,0.25055187940597534,0.6809999942779541,0.2037000060081482
YLR256W,YHR150W,0,-3.2669952,0.2504597306251526,0.6809999942779541,0.2037999927997589
YML112W,YOR332W,0,-3.2676966,0.2503676414489746,0.6809999942779541,0.20389999449253082
YGL086W,YJL063C,0,-3.2682135,0.2502756416797638,0.6809999942779541,0.20399999618530273
YDR320C-A,YDR378C,0,-3.2697,0.25018370151519775,0.6809999942779541,0.20409999787807465
YOR380W,YIL147C,0,-3.2697375,0.2500918209552765,0.6809999942779541,0.20419999957084656
YPR051W,YDL064W,0,-3.2698004,0.25,0.6809999942779541,0.20430000126361847
YMR067C,YDR495C,0,-3.2698581,0.24990825355052948,0.6809999942779541,0.20440000295639038
YNR054C,YER123W,0,-3.2703388,0.24981658160686493,0.6809999942779541,0.2045000046491623
YJL094C,YDR079C-A,0,-3.2705643,0.24972496926784515,0.6809999942779541,0.2046000063419342
YPR134W,YNL201C,0,-3.2706301,0.24963343143463135,0.6809999942779541,0.20469999313354492
YDR022C,YMR238W,0,-3.2709196,0.24954195320606232,0.6809999942779541,0.20479999482631683
YER061C,YGR133W,0,-3.2712147,0.24945054948329926,0.6809999942779541,0.20489999651908875
YLR383W,YPL253C,0,-3.2713578,0.24935920536518097,0.6809999942779541,0.20499999821186066
YBL042C,YGR170W,0,-3.2714632,0.24926793575286865,0.6809999942779541,0.20509999990463257
YNL214W,YGR241C,0,-3.2715547,0.2491767257452011,0.6809999942779541,0.20520000159740448
YPL262W,YMR182C,0,-3.2716086,0.24908559024333954,0.6809999942779541,0.2053000032901764
YKR035W-A,YMR156C,0,-3.2719152,0.24899451434612274,0.6809999942779541,0.2054000049829483
YIL035C,YDR202C,0,-3.2725565,0.24890351295471191,0.6809999942779541,0.20550000667572021
YPR193C,YBR279W,1,-3.2726457,0.2491779327392578,0.6819999814033508,0.20550000667572021
YMR305C,YKR072C,0,-3.2728102,0.24908693134784698,0.6819999814033508,0.20559999346733093
YNL023C,YOR172W,0,-3.2730176,0.24899598956108093,0.6819999814033508,0.20569999516010284
YMR177W,YCR106W,0,-3.2735589,0.24890510737895966,0.6819999814033508,0.20579999685287476
YPL204W,YDR122W,0,-3.2738638,0.24881429970264435,0.6819999814033508,0.20589999854564667
YLR153C,YML109W,1,-3.2738912,0.24908825755119324,0.6830000281333923,0.20589999854564667
YJR064W,YML048W,0,-3.274552,0.24899744987487793,0.6830000281333923,0.20600000023841858
YGL124C,YDR495C,0,-3.2746441,0.2489067018032074,0.6830000281333923,0.2061000019311905
YPL101W,YER174C,0,-3.2749672,0.24881602823734283,0.6830000281333923,0.2062000036239624
YGR262C,YNL099C,0,-3.2757251,0.24872541427612305,0.6830000281333923,0.20630000531673431
YLR368W,YFL045C,0,-3.276033,0.24863487482070923,0.6830000281333923,0.20640000700950623
YPR200C,YLR110C,0,-3.2763317,0.24854439496994019,0.6830000281333923,0.20649999380111694
YOR371C,YLR026C,0,-3.276726,0.2484539896249771,0.6830000281333923,0.20659999549388885
YKL206C,YOL127W,0,-3.2769375,0.24836362898349762,0.6830000281333923,0.20669999718666077
YGL194C,YAL011W,1,-3.2769508,0.248636856675148,0.6840000152587891,0.20669999718666077
YJR017C,YLR088W,0,-3.2772665,0.2485465109348297,0.6840000152587891,0.20679999887943268
YGR147C,YPL233W,0,-3.277479,0.2484562247991562,0.6840000152587891,0.2069000005722046
YBL097W,YKL054C,0,-3.2776878,0.24836601316928864,0.6840000152587891,0.2070000022649765
YER157W,YOL034W,0,-3.2779968,0.24827586114406586,0.6840000152587891,0.2071000039577484
YLR238W,YHR077C,0,-3.2783034,0.24818578362464905,0.6840000152587891,0.20720000565052032
YHR186C,YIL014W,0,-3.2786496,0.24809575080871582,0.6840000152587891,0.20730000734329224
YOR288C,YER074W-A,0,-3.2790525,0.24800580739974976,0.6840000152587891,0.20739999413490295
YNL041C,YKL032C,0,-3.2794309,0.24791590869426727,0.6840000152587891,0.20749999582767487
YPL194W,YJL087C,0,-3.2801023,0.24782608449459076,0.6840000152587891,0.20759999752044678
YLR110C,YHR079C,0,-3.2806408,0.24773633480072021,0.6840000152587891,0.2076999992132187
YDL117W,YMR200W,0,-3.2814105,0.24764662981033325,0.6840000152587891,0.2078000009059906
YCR106W,YDR388W,0,-3.2815812,0.24755699932575226,0.6840000152587891,0.2079000025987625
YBR102C,YOR295W,0,-3.2822096,0.24746744334697723,0.6840000152587891,0.20800000429153442
YGL181W,YKR020W,0,-3.2824872,0.2473779320716858,0.6840000152587891,0.20810000598430634
YJL170C,YGR036C,0,-3.2826493,0.2472885102033615,0.6840000152587891,0.20819999277591705
YMR146C,YPL253C,0,-3.282686,0.2471991330385208,0.6840000152587891,0.20829999446868896
YOR011W,YOL051W,0,-3.2827864,0.24710983037948608,0.6840000152587891,0.20839999616146088
YMR247C,YDR227W,1,-3.2834842,0.24738173186779022,0.6850000023841858,0.20839999616146088
YKR038C,YER012W,0,-3.2835102,0.2472924143075943,0.6850000023841858,0.2084999978542328
YPR083W,YEL004W,0,-3.2837636,0.24720317125320435,0.6850000023841858,0.2085999995470047
YHR005C,YOL094C,0,-3.2839715,0.24711400270462036,0.6850000023841858,0.2087000012397766
YDR206W,YGR013W,0,-3.284232,0.24702487885951996,0.6850000023841858,0.20880000293254852
YMR109W,YGL172W,0,-3.2843516,0.24693582952022552,0.6850000023841858,0.20890000462532043
YPL244C,YNL241C,0,-3.284382,0.24684683978557587,0.6850000023841858,0.20900000631809235
YKL005C,YGR005C,0,-3.2845938,0.24675792455673218,0.6850000023841858,0.20909999310970306
YGL167C,YNL201C,0,-3.2846222,0.24666906893253326,0.6850000023841858,0.20919999480247498
YBR110W,YBL046W,0,-3.2850058,0.24658027291297913,0.6850000023841858,0.2092999964952469
YBR136W,YHR098C,0,-3.2866397,0.24649153649806976,0.6850000023841858,0.2093999981880188
YCR008W,YLR240W,0,-3.2872288,0.24640287458896637,0.6850000023841858,0.2094999998807907
YIR009W,YGR074W,0,-3.2872448,0.24631427228450775,0.6850000023841858,0.20960000157356262
YNL014W,YHR067W,0,-3.2875922,0.2462257295846939,0.6850000023841858,0.20970000326633453
YHR050W,YDR460W,0,-3.2878025,0.24613726139068604,0.6850000023841858,0.20980000495910645
YJL036W,YDR325W,0,-3.288037,0.24604885280132294,0.6850000023841858,0.20990000665187836
YOR112W,YOR194C,0,-3.2894437,0.24596050381660461,0.6850000023841858,0.20999999344348907
YBR038W,YKR055W,0,-3.2894707,0.24587221443653107,0.6850000023841858,0.210099995136261
YHL019C,YMR172W,0,-3.2896216,0.2457839995622635,0.6850000023841858,0.2101999968290329
YGR276C,YGR211W,0,-3.2900307,0.24569584429264069,0.6850000023841858,0.2102999985218048
YBR237W,YGR048W,0,-3.290191,0.24560774862766266,0.6850000023841858,0.21040000021457672
YGL130W,YIL056W,0,-3.2904341,0.2455197125673294,0.6850000023841858,0.21050000190734863
YDR392W,YMR236W,1,-3.2904644,0.245790034532547,0.6859999895095825,0.21050000190734863
YBR260C,YLR086W,0,-3.290743,0.24570199847221375,0.6859999895095825,0.21060000360012054
YLR291C,YHL002W,0,-3.290871,0.24561403691768646,0.6859999895095825,0.21070000529289246
YMR263W,YHL025W,1,-3.2911294,0.2458840310573578,0.6869999766349792,0.21070000529289246
YDL155W,YKL204W,0,-3.2917526,0.2457960695028305,0.6869999766349792,0.21080000698566437
YNL091W,YKL041W,0,-3.2917736,0.2457081526517868,0.6869999766349792,0.21089999377727509
YER168C,YEL009C,0,-3.2917762,0.24562031030654907,0.6869999766349792,0.210999995470047
YKL166C,YDL120W,0,-3.292104,0.24553252756595612,0.6869999766349792,0.2110999971628189
YNL243W,YDR470C,0,-3.2924478,0.24544480443000793,0.6869999766349792,0.21119999885559082
YML067C,YLR386W,0,-3.292631,0.24535714089870453,0.6869999766349792,0.21130000054836273
YGL207W,YDR495C,0,-3.2932425,0.2452695518732071,0.6869999766349792,0.21140000224113464
YOR039W,YDR078C,0,-3.2939906,0.24518200755119324,0.6869999766349792,0.21150000393390656
YGL090W,YCL051W,0,-3.2940552,0.24509453773498535,0.6869999766349792,0.21160000562667847
YAL007C,YLR166C,0,-3.2941248,0.24500712752342224,0.6869999766349792,0.21170000731945038
YKL134C,YIL052C,0,-3.2955182,0.2449197918176651,0.6869999766349792,0.2117999941110611
YDR059C,YPR107C,0,-3.2959192,0.24483250081539154,0.6869999766349792,0.211899995803833
YKL179C,YGR028W,0,-3.2964396,0.24474528431892395,0.6869999766349792,0.21199999749660492
YDL105W,YDR388W,0,-3.2966986,0.24465811252593994,0.6869999766349792,0.21209999918937683
YKL135C,YHL031C,0,-3.2967346,0.2445710152387619,0.6869999766349792,0.21220000088214874
YDL164C,YIL014W,0,-3.2968552,0.24448399245738983,0.6869999766349792,0.21230000257492065
YFR008W,YKR003W,0,-3.2982094,0.24439701437950134,0.6869999766349792,0.21240000426769257
YJL098W,YDR425W,0,-3.29834,0.24431009590625763,0.6869999766349792,0.21250000596046448
YBL008W,YPL129W,1,-3.298493,0.2445787489414215,0.6880000233650208,0.21250000596046448
YMR214W,YER074W-A,0,-3.2992277,0.2444918304681778,0.6880000233650208,0.2125999927520752
YLR106C,YHR133C,0,-3.2993143,0.24440497159957886,0.6880000233650208,0.2126999944448471
YGL183C,YDR532C,0,-3.2994094,0.2443181872367859,0.6880000233650208,0.21279999613761902
YER133W,YCR084C,1,-3.299473,0.24458643794059753,0.6890000104904175,0.21279999613761902
YHR001W,YGL070C,0,-3.2995222,0.24449963867664337,0.6890000104904175,0.21289999783039093
YOR224C,YKR089C,0,-3.29967,0.24441291391849518,0.6890000104904175,0.21299999952316284
YML012W,YPL010W,0,-3.300158,0.24432623386383057,0.6890000104904175,0.21310000121593475
YJR089W,YGR113W,0,-3.300619,0.24423962831497192,0.6890000104904175,0.21320000290870667
YMR048W,YAR018C,0,-3.3013368,0.24415308237075806,0.6890000104904175,0.21330000460147858
YPR171W,YFR024C-A,0,-3.3014333,0.24406659603118896,0.6890000104904175,0.2134000062942505
YLR361C,YOR030W,0,-3.302374,0.24398016929626465,0.6890000104904175,0.2134999930858612
YLR304C,YMR025W,0,-3.3028874,0.2438938021659851,0.6890000104904175,0.21359999477863312
YML048W,YJR007W,0,-3.3030837,0.24380749464035034,0.6890000104904175,0.21369999647140503
YNR067C,YLR097C,0,-3.3030913,0.24372126162052155,0.6890000104904175,0.21379999816417694
YDR294C,YBL079W,0,-3.303291,0.24363507330417633,0.6890000104904175,0.21389999985694885
YOR074C,YMR113W,0,-3.3034198,0.24354895949363708,0.6890000104904175,0.21400000154972076
YDL175C,YEL031W,0,-3.3034754,0.24346289038658142,0.6890000104904175,0.21410000324249268
YGL180W,YER012W,0,-3.303763,0.24337689578533173,0.6890000104904175,0.2142000049352646
YMR091C,YML069W,1,-3.3038342,0.24364407360553741,0.6899999976158142,0.2142000049352646
YJL115W,YBR198C,1,-3.3038504,0.2439110428094864,0.6909999847412109,0.2142000049352646
YOR326W,YNL250W,0,-3.304084,0.24382498860359192,0.6909999847412109,0.2143000066280365
YPR143W,YKL173W,0,-3.304279,0.24373897910118103,0.6909999847412109,0.21439999341964722
YGL153W,YHR074W,0,-3.304306,0.24365302920341492,0.6909999847412109,0.21449999511241913
YLR370C,YJR135C,0,-3.3043227,0.24356715381145477,0.6909999847412109,0.21459999680519104
YPL221W,YGL113W,0,-3.3044498,0.2434813231229782,0.6909999847412109,0.21469999849796295
YOR239W,YHR154W,0,-3.3044727,0.24339556694030762,0.6909999847412109,0.21480000019073486
YPR051W,YER173W,0,-3.3044798,0.2433098554611206,0.6909999847412109,0.21490000188350677
YML057W,YDR076W,0,-3.3048239,0.24322421848773956,0.6909999847412109,0.2150000035762787
YLR210W,YDR195W,0,-3.3048604,0.2431386411190033,0.6909999847412109,0.2151000052690506
YDL135C,YDR478W,0,-3.3050148,0.2430531084537506,0.6909999847412109,0.2152000069618225
YLR353W,YJL085W,0,-3.305041,0.2429676502943039,0.6909999847412109,0.21529999375343323
YPR122W,YML104C,0,-3.3052642,0.24288225173950195,0.6909999847412109,0.21539999544620514
YLR113W,YNL222W,0,-3.3053825,0.2427969127893448,0.6909999847412109,0.21549999713897705
YPR165W,YLR298C,0,-3.3054647,0.2427116334438324,0.6909999847412109,0.21559999883174896
YGR078C,YOL066C,0,-3.3056967,0.2426263988018036,0.6909999847412109,0.21570000052452087
YHL038C,YLR116W,0,-3.3060884,0.24254123866558075,0.6909999847412109,0.21580000221729279
YLR332W,YGR074W,0,-3.3062632,0.24245613813400269,0.6909999847412109,0.2159000039100647
YDR331W,YIL153W,0,-3.3064783,0.2423710972070694,0.6909999847412109,0.2160000056028366
YNL243W,YDR330W,0,-3.3070388,0.24228611588478088,0.6909999847412109,0.21610000729560852
YBL085W,YDR518W,0,-3.3070757,0.24220119416713715,0.6909999847412109,0.21619999408721924
YKR095W,YDL058W,0,-3.307212,0.24211633205413818,0.6909999847412109,0.21629999577999115
YGR202C,YNL054W,0,-3.3077133,0.242031529545784,0.6909999847412109,0.21639999747276306
YNL192W,YLR084C,0,-3.3078156,0.2419467717409134,0.6909999847412109,0.21649999916553497
YLR035C,YNL244C,0,-3.3079436,0.24186208844184875,0.6909999847412109,0.21660000085830688
YDL046W,YPL214C,0,-3.3081632,0.2417774647474289,0.6909999847412109,0.2167000025510788
YOR002W,YNL138W,0,-3.3083692,0.2416929006576538,0.6909999847412109,0.2168000042438507
YPL060W,YOR087W,0,-3.3086574,0.2416083961725235,0.6909999847412109,0.21690000593662262
YNL245C,YLR293C,0,-3.3088315,0.24152393639087677,0.6909999847412109,0.21699999272823334
YFR021W,YCR020C-A,0,-3.3093214,0.241439551115036,0.6909999847412109,0.21709999442100525
YER168C,YBL022C,0,-3.3097844,0.24135522544384003,0.6909999847412109,0.21719999611377716
YCL051W,YGR170W,0,-3.3104298,0.24127094447612762,0.6909999847412109,0.21729999780654907
YMR211W,YCL066W,0,-3.3105662,0.2411867380142212,0.6909999847412109,0.21739999949932098
YDL226C,YNL282W,0,-3.3105938,0.24110257625579834,0.6909999847412109,0.2175000011920929
YPR093C,YOR224C,0,-3.3109028,0.24101848900318146,0.6909999847412109,0.2176000028848648
YPR094W,YMR156C,0,-3.3110447,0.24093444645404816,0.6909999847412109,0.21770000457763672
YGL068W,YBL102W,0,-3.311354,0.24085046350955963,0.6909999847412109,0.21780000627040863
YPL190C,YJR112W,0,-3.3114614,0.24076655507087708,0.6909999847412109,0.21789999306201935
YML057W,YJR010C-A,0,-3.3116112,0.2406826913356781,0.6909999847412109,0.21799999475479126
YPL241C,YPL053C,0,-3.3116884,0.2405988872051239,0.6909999847412109,0.21809999644756317
YJR092W,YGL115W,0,-3.3119848,0.24051514267921448,0.6909999847412109,0.21819999814033508
YDR036C,YMR234W,0,-3.3121727,0.24043145775794983,0.6909999847412109,0.218299999833107
YBR286W,YDR325W,0,-3.3121903,0.24034783244132996,0.6909999847412109,0.2184000015258789
YDR040C,YPR139C,0,-3.3124897,0.24026425182819366,0.6909999847412109,0.21850000321865082
YPL085W,YGR195W,0,-3.3126562,0.24018074572086334,0.6909999847412109,0.21860000491142273
YPR036W,YGR241C,0,-3.313056,0.2400972843170166,0.6909999847412109,0.21870000660419464
YHR082C,YDL059C,0,-3.3134937,0.24001389741897583,0.6909999847412109,0.21879999339580536
YPR025C,YKL126W,0,-3.3137777,0.23993055522441864,0.6909999847412109,0.21889999508857727
YMR277W,YGL183C,0,-3.3141868,0.23984727263450623,0.6909999847412109,0.21899999678134918
YKL049C,YGR185C,0,-3.3142643,0.2397640496492386,0.6909999847412109,0.2190999984741211
YPL202C,YDR314C,0,-3.3144243,0.23968088626861572,0.6909999847412109,0.219200000166893
YNL041C,YIR012W,0,-3.3151033,0.23959778249263763,0.6909999847412109,0.21930000185966492
YHR081W,YNL244C,0,-3.3163786,0.23951473832130432,0.6909999847412109,0.21940000355243683
YIL048W,YIL037C,0,-3.31651,0.2394317388534546,0.6909999847412109,0.21950000524520874
YNL317W,YBR223C,0,-3.3169067,0.23934879899024963,0.6909999847412109,0.21960000693798065
YLR384C,YDR072C,0,-3.316982,0.23926593363285065,0.6909999847412109,0.21969999372959137
YLR002C,YJL047C,0,-3.3169954,0.23918311297893524,0.6909999847412109,0.21979999542236328
YBR289W,YPL016W,1,-3.3175318,0.23944637179374695,0.6919999718666077,0.21979999542236328
YJL125C,YGL048C,0,-3.317567,0.23936353623867035,0.6919999718666077,0.2198999971151352
YAL032C,YOR212W,0,-3.3187096,0.23928077518939972,0.6919999718666077,0.2199999988079071
YJL201W,YDR495C,0,-3.3190053,0.23919805884361267,0.6919999718666077,0.22010000050067902
YDR245W,YNR015W,0,-3.3190382,0.2391154170036316,0.6919999718666077,0.22020000219345093
YBL045C,YMR192W,0,-3.319198,0.2390328198671341,0.6919999718666077,0.22030000388622284
YJL002C,YDR515W,0,-3.3192863,0.23895028233528137,0.6919999718666077,0.22040000557899475
YPL218W,YNR026C,0,-3.3200235,0.23886778950691223,0.6919999718666077,0.22050000727176666
YFR021W,YGR286C,0,-3.3200488,0.23878537118434906,0.6919999718666077,0.22059999406337738
YOR117W,YDR362C,0,-3.3201597,0.23870299756526947,0.6919999718666077,0.2206999957561493
YKR072C,YLR043C,0,-3.3203948,0.23862068355083466,0.6919999718666077,0.2207999974489212
YBR020W,YPL031C,0,-3.320462,0.23853842914104462,0.6919999718666077,0.22089999914169312
YKL160W,YFL013C,1,-3.320501,0.23880082368850708,0.6930000185966492,0.22089999914169312
YOR209C,YGL244W,1,-3.32058,0.23906303942203522,0.6940000057220459,0.22089999914169312
YDR195W,YFL017W-A,0,-3.320644,0.2389807105064392,0.6940000057220459,0.22100000083446503
YKL170W,YOL066C,0,-3.3211694,0.23889845609664917,0.6940000057220459,0.22110000252723694
YJR060W,YDR227W,1,-3.321309,0.23916035890579224,0.6949999928474426,0.22110000252723694
YOR249C,YIL112W,1,-3.3213103,0.23942208290100098,0.6959999799728394,0.22110000252723694
YHR102W,YOR326W,0,-3.3219943,0.23933975398540497,0.6959999799728394,0.22120000422000885
YPL133C,YDR201W,0,-3.3224165,0.23925746977329254,0.6959999799728394,0.22130000591278076
YMR162C,YDR495C,0,-3.3224509,0.23917526006698608,0.6959999799728394,0.22139999270439148
YOR231W,YIL021W,0,-3.3225248,0.2390930950641632,0.6959999799728394,0.2214999943971634
YDL164C,YOR226C,0,-3.3225372,0.2390109896659851,0.6959999799728394,0.2215999960899353
YER143W,YJL201W,0,-3.32348,0.23892894387245178,0.6959999799728394,0.22169999778270721
YDL117W,YKL213C,0,-3.3235602,0.23884694278240204,0.6959999799728394,0.22179999947547913
YPR102C,YPR187W,0,-3.3235905,0.23876500129699707,0.6959999799728394,0.22190000116825104
YIL173W,YJL139C,0,-3.3237638,0.23868313431739807,0.6959999799728394,0.22200000286102295
YPL129W,YHR099W,1,-3.3238454,0.23894411325454712,0.6970000267028809,0.22200000286102295
YNR075W,YNR026C,0,-3.3242543,0.23886223137378693,0.6970000267028809,0.22210000455379486
YLR291C,YAL015C,0,-3.3243432,0.2387804090976715,0.6970000267028809,0.22220000624656677
YDR448W,YMR273C,1,-3.3248322,0.23904109001159668,0.6980000138282776,0.22220000624656677
YML049C,YHR014W,0,-3.3251164,0.23895926773548126,0.6980000138282776,0.2222999930381775
YCR048W,YOR313C,0,-3.3255398,0.23887747526168823,0.6980000138282776,0.2223999947309494
YMR038C,YMR255W,0,-3.3255675,0.23879575729370117,0.6980000138282776,0.2224999964237213
YPL116W,YLR052W,1,-3.3261325,0.2390560805797577,0.6990000009536743,0.2224999964237213
YKL053C-A,YDR456W,0,-3.3264492,0.23897436261177063,0.6990000009536743,0.22259999811649323
YNL298W,YDR388W,0,-3.326596,0.23889268934726715,0.6990000009536743,0.22269999980926514
YGL181W,YER151C,0,-3.326618,0.23881107568740845,0.6990000009536743,0.22280000150203705
YPR139C,YOR129C,0,-3.3268936,0.23872950673103333,0.6990000009536743,0.22290000319480896
YLR330W,YIR012W,0,-3.3269162,0.23864799737930298,0.6990000009536743,0.22300000488758087
YDL178W,YIL076W,0,-3.3269794,0.2385665476322174,0.6990000009536743,0.22310000658035278
YOR056C,YDL159W,0,-3.3276336,0.2384851574897766,0.6990000009536743,0.2231999933719635
YOR153W,YER149C,0,-3.328572,0.2384038269519806,0.6990000009536743,0.2232999950647354
YNL119W,YJL036W,0,-3.3286247,0.23832254111766815,0.6990000009536743,0.22339999675750732
YPR067W,YML021C,0,-3.3302236,0.2382413148880005,0.6990000009536743,0.22349999845027924
YER164W,YAR003W,1,-3.330354,0.23850084841251373,0.699999988079071,0.22349999845027924
YLR210W,YFR052W,0,-3.3306348,0.23841962218284607,0.699999988079071,0.22360000014305115
YNR035C,YIL056W,0,-3.3307211,0.238338440656662,0.699999988079071,0.22370000183582306
YPL029W,YMR313C,0,-3.330722,0.23825731873512268,0.699999988079071,0.22380000352859497
YHR072W,YCL063W,0,-3.3308399,0.23817625641822815,0.699999988079071,0.22390000522136688
YML061C,YPR143W,0,-3.3318462,0.2380952388048172,0.699999988079071,0.2240000069141388
YCL067C,YOL100W,0,-3.3320029,0.23801428079605103,0.699999988079071,0.2240999937057495
YKR086W,YEL054C,0,-3.3321874,0.23793338239192963,0.699999988079071,0.22419999539852142
YOL044W,YDR419W,0,-3.3324041,0.2378525286912918,0.699999988079071,0.22429999709129333
YKL022C,YDL198C,0,-3.3325071,0.23777173459529877,0.699999988079071,0.22439999878406525
YIL044C,YDR211W,0,-3.3327029,0.2376910001039505,0.699999988079071,0.22450000047683716
YHR072W-A,YDR165W,0,-3.3327622,0.237610325217247,0.699999988079071,0.22460000216960907
YBL097W,YGR253C,0,-3.3339446,0.2375296950340271,0.699999988079071,0.22470000386238098
YBL085W,YAL059W,0,-3.3339741,0.23744912445545197,0.699999988079071,0.2248000055551529
YGL190C,YBR221C,0,-3.3343446,0.2373685985803604,0.699999988079071,0.2249000072479248
YNL126W,YCL063W,0,-3.3348215,0.23728813230991364,0.699999988079071,0.22499999403953552
YOR355W,YIL106W,0,-3.3350933,0.23720772564411163,0.699999988079071,0.22509999573230743
YJL115W,YPL235W,1,-3.3352213,0.23746612668037415,0.7009999752044678,0.22509999573230743
YLR293C,YGR133W,0,-3.335501,0.23738570511341095,0.7009999752044678,0.22519999742507935
YPL132W,YGL084C,0,-3.3356843,0.23730534315109253,0.7009999752044678,0.22529999911785126
YMR036C,YOL142W,0,-3.336029,0.23722504079341888,0.7009999752044678,0.22540000081062317
YDL192W,YKL004W,0,-3.3361537,0.23714478313922882,0.7009999752044678,0.22550000250339508
YNL135C,YLR052W,1,-3.3362973,0.2374027669429779,0.7020000219345093,0.22550000250339508
YJL026W,YML055W,0,-3.3372214,0.23732250928878784,0.7020000219345093,0.225600004196167
YER032W,YGR048W,0,-3.3379269,0.23724231123924255,0.7020000219345093,0.2257000058889389
YHR115C,YAL055W,0,-3.3379488,0.23716215789318085,0.7020000219345093,0.22579999268054962
YMR316W,YJR147W,0,-3.3380866,0.23708206415176392,0.7020000219345093,0.22589999437332153
YJL092W,YDR195W,0,-3.3381968,0.23700203001499176,0.7020000219345093,0.22599999606609344
YPR083W,YDR478W,0,-3.3385167,0.23692204058170319,0.7020000219345093,0.22609999775886536
YDL105W,YML014W,0,-3.3385227,0.2368421107530594,0.7020000219345093,0.22619999945163727
YGL173C,YIL122W,0,-3.338817,0.23676222562789917,0.7020000219345093,0.22630000114440918
YLR361C,YPL248C,0,-3.3403628,0.23668240010738373,0.7020000219345093,0.2264000028371811
YAL038W,YBL063W,0,-3.3414266,0.23660263419151306,0.7020000219345093,0.226500004529953
YDR113C,YBR114W,0,-3.3415864,0.23652291297912598,0.7020000219345093,0.22660000622272491
YKL057C,YKL042W,0,-3.3420951,0.23644325137138367,0.7020000219345093,0.22669999301433563
YBL097W,YPL096C-A,0,-3.342475,0.23636363446712494,0.7020000219345093,0.22679999470710754
YDL028C,YHR163W,0,-3.3425496,0.236284077167511,0.7020000219345093,0.22689999639987946
YOL130W,YER089C,0,-3.3428776,0.2362045794725418,0.7020000219345093,0.22699999809265137
YNL082W,YKL014C,0,-3.3430583,0.2361251264810562,0.7020000219345093,0.22709999978542328
YDR072C,YNL201C,0,-3.3432052,0.2360457330942154,0.7020000219345093,0.2272000014781952
YJL094C,YLR208W,0,-3.3434129,0.23596638441085815,0.7020000219345093,0.2273000031709671
YDL100C,YCR018C,0,-3.3438616,0.2358870953321457,0.7020000219345093,0.227400004863739
YOR094W,YLR329W,0,-3.3441026,0.235807865858078,0.7020000219345093,0.22750000655651093
YER030W,YMR247C,1,-3.3445597,0.23606447875499725,0.703000009059906,0.22750000655651093
YPR006C,YDR194C,0,-3.3446023,0.23598523437976837,0.703000009059906,0.22759999334812164
YBR109C,YJR084W,0,-3.3447082,0.23590603470802307,0.703000009059906,0.22769999504089355
YPL217C,YIL106W,0,-3.3448548,0.23582690954208374,0.703000009059906,0.22779999673366547
YJL058C,YGR092W,0,-3.3449726,0.2357478141784668,0.703000009059906,0.22789999842643738
YLR353W,YKL054C,0,-3.3450196,0.23566879332065582,0.703000009059906,0.2280000001192093
YJL006C,YNL328C,0,-3.3458111,0.23558981716632843,0.703000009059906,0.2281000018119812
YGL130W,YBR136W,0,-3.3459463,0.23551088571548462,0.703000009059906,0.2282000035047531
YEL032W,YLR350W,0,-3.3463004,0.23543201386928558,0.703000009059906,0.22830000519752502
YAL020C,YGR141W,0,-3.346418,0.23535320162773132,0.703000009059906,0.22840000689029694
YHR079C-A,YER018C,0,-3.347708,0.23527443408966064,0.703000009059906,0.22849999368190765
YLR324W,YLR292C,0,-3.3478408,0.23519571125507355,0.703000009059906,0.22859999537467957
YJL194W,YAR035W,0,-3.3483312,0.23511706292629242,0.703000009059906,0.22869999706745148
YFR027W,YMR016C,0,-3.3483946,0.23503844439983368,0.703000009059906,0.2287999987602234
YDR361C,YBR119W,0,-3.34845,0.2349599003791809,0.703000009059906,0.2289000004529953
YKR082W,YBL080C,0,-3.3494728,0.23488138616085052,0.703000009059906,0.2290000021457672
YMR299C,YDR478W,0,-3.3496146,0.2348029464483261,0.703000009059906,0.22910000383853912
YML086C,YDL015C,0,-3.3498414,0.23472453653812408,0.703000009059906,0.22920000553131104
YDR339C,YKL043W,0,-3.3499532,0.23464620113372803,0.703000009059906,0.22930000722408295
YOR301W,YHL006C,0,-3.3501432,0.23456789553165436,0.703000009059906,0.22939999401569366
YNL016W,YGL113W,0,-3.3514369,0.23448966443538666,0.703000009059906,0.22949999570846558
YLR059C,YNL253W,0,-3.3517773,0.23441146314144135,0.703000009059906,0.2295999974012375
YMR043W,YIL008W,0,-3.3527162,0.234333336353302,0.703000009059906,0.2296999990940094
YGL071W,YLR394W,0,-3.3527544,0.23425525426864624,0.703000009059906,0.2298000007867813
YKL170W,YPL190C,0,-3.35286,0.23417721688747406,0.703000009059906,0.22990000247955322
YOL086C,YPR182W,0,-3.3529093,0.23409923911094666,0.703000009059906,0.23000000417232513
YBR038W,YKL074C,0,-3.3529367,0.23402130603790283,0.703000009059906,0.23010000586509705
YMR022W,YGR116W,1,-3.3530474,0.2342762053012848,0.7039999961853027,0.23010000586509705
YGL168W,YKL140W,0,-3.3534088,0.23419827222824097,0.7039999961853027,0.23019999265670776
YOL034W,YMR016C,0,-3.3544989,0.23412038385868073,0.7039999961853027,0.23029999434947968
YPL098C,YKL058W,0,-3.3552423,0.23404255509376526,0.7039999961853027,0.2303999960422516
YOL038W,YNL310C,0,-3.355474,0.23396477103233337,0.7039999961853027,0.2304999977350235
YNL001W,YMR231W,0,-3.3556297,0.23388704657554626,0.7039999961853027,0.2305999994277954
YPL127C,YCR042C,0,-3.3556378,0.23380936682224274,0.7039999961853027,0.23070000112056732
YOR236W,YJR135C,0,-3.3564007,0.23373174667358398,0.7039999961853027,0.23080000281333923
YER019C-A,YGL210W,0,-3.3564208,0.2336541712284088,0.7039999961853027,0.23090000450611115
YKL021C,YMR218C,0,-3.3571854,0.23357664048671722,0.7039999961853027,0.23100000619888306
YMR073C,YPR074C,0,-3.3572297,0.2334991693496704,0.7039999961853027,0.23109999299049377
YPR051W,YNL250W,0,-3.3574312,0.23342175781726837,0.7039999961853027,0.23119999468326569
YLR025W,YNL012W,0,-3.3576148,0.23334437608718872,0.7039999961853027,0.2312999963760376
YMR264W,YER072W,0,-3.3577707,0.23326706886291504,0.7039999961853027,0.2313999980688095
YPL119C,YDR213W,0,-3.3577905,0.23318979144096375,0.7039999961853027,0.23149999976158142
YBR020W,YGL049C,0,-3.3578618,0.23311258852481842,0.7039999961853027,0.23160000145435333
YER030W,YJR140C,1,-3.3579288,0.23336642980575562,0.7049999833106995,0.23160000145435333
YPR057W,YLR381W,0,-3.3584616,0.2332892119884491,0.7049999833106995,0.23170000314712524
YML032C,YOL127W,0,-3.3589046,0.23321203887462616,0.7049999833106995,0.23180000483989716
YGR101W,YPR042C,0,-3.3595016,0.233134925365448,0.7049999833106995,0.23190000653266907
YGL200C,YNL257C,0,-3.3598,0.23305785655975342,0.7049999833106995,0.23199999332427979
YKL206C,YPR055W,0,-3.3600583,0.23298083245754242,0.7049999833106995,0.2320999950170517
YNL072W,YOL122C,0,-3.3601403,0.2329038679599762,0.7049999833106995,0.2321999967098236
YJL196C,YAR002C-A,0,-3.3602698,0.23282694816589355,0.7049999833106995,0.23229999840259552
YER166W,YLR005W,0,-3.360469,0.2327500879764557,0.7049999833106995,0.23240000009536743
YJL179W,YPR032W,0,-3.3605585,0.2326732724905014,0.7049999833106995,0.23250000178813934
YML036W,YJR022W,0,-3.3612921,0.2325965017080307,0.7049999833106995,0.23260000348091125
YKR054C,YFR048W,0,-3.361467,0.23251979053020477,0.7049999833106995,0.23270000517368317
YDR283C,YKL057C,0,-3.3617804,0.23244312405586243,0.7049999833106995,0.23280000686645508
YHR036W,YPL244C,0,-3.3625243,0.23236651718616486,0.7049999833106995,0.2328999936580658
YMR119W,YMR012W,0,-3.363454,0.23228995501995087,0.7049999833106995,0.2329999953508377
YGL241W,YBL102W,0,-3.3639963,0.23221343755722046,0.7049999833106995,0.23309999704360962
YPR193C,YBR095C,1,-3.3641562,0.23246625065803528,0.7059999704360962,0.23309999704360962
YDL155W,YPR101W,0,-3.3643873,0.23238973319530487,0.7059999704360962,0.23319999873638153
YKL122C,YKL014C,0,-3.3646653,0.23231326043605804,0.7059999704360962,0.23330000042915344
YPL227C,YNL257C,0,-3.3647914,0.232236847281456,0.7059999704360962,0.23340000212192535
YOL164W,YDL093W,0,-3.365858,0.23216047883033752,0.7059999704360962,0.23350000381469727
YLR303W,YGR020C,0,-3.3659227,0.23208415508270264,0.7059999704360962,0.23360000550746918
YJL201W,YHR150W,0,-3.366052,0.23200789093971252,0.7059999704360962,0.2337000072002411
YMR113W,YPR101W,0,-3.3661802,0.231931671500206,0.7059999704360962,0.2337999939918518
YDL137W,YLR005W,0,-3.366843,0.23185549676418304,0.7059999704360962,0.23389999568462372
YGL180W,YLR353W,0,-3.3669326,0.23177938163280487,0.7059999704360962,0.23399999737739563
YDL159W,YOR143C,0,-3.3669627,0.23170331120491028,0.7059999704360962,0.23409999907016754
YDR245W,YGR078C,0,-3.3672686,0.23162730038166046,0.7059999704360962,0.23420000076293945
YFL013C,YML109W,1,-3.3672867,0.2318793088197708,0.7070000171661377,0.23420000076293945
YDR263C,YKR082W,0,-3.3674047,0.2318032830953598,0.7070000171661377,0.23430000245571136
YGR171C,YER165W,0,-3.3674393,0.23172730207443237,0.7070000171661377,0.23440000414848328
YJR083C,YKL045W,0,-3.3677485,0.23165138065814972,0.7070000171661377,0.2345000058412552
YPL127C,YMR129W,0,-3.3680947,0.23157550394535065,0.7070000171661377,0.2345999926328659
YNL068C,YGR059W,0,-3.3683553,0.23149967193603516,0.7070000171661377,0.23469999432563782
YPL015C,YMR022W,1,-3.3684464,0.2317512333393097,0.7080000042915344,0.23469999432563782
YOR156C,YGR143W,0,-3.3684742,0.231675386428833,0.7080000042915344,0.23479999601840973
YIL123W,YLR043C,0,-3.3687632,0.2315996140241623,0.7080000042915344,0.23489999771118164
YGR230W,YMR060C,0,-3.3688958,0.23152387142181396,0.7080000042915344,0.23499999940395355
YCR039C,YNL091W,0,-3.3691208,0.2314481884241104,0.7080000042915344,0.23510000109672546
YJL047C,YDR079C-A,0,-3.369182,0.23137255012989044,0.7080000042915344,0.23520000278949738
YEL009C,YFL059W,0,-3.3692138,0.23129695653915405,0.7080000042915344,0.2353000044822693
YKL017C,YIL023C,0,-3.3692157,0.23122142255306244,0.7080000042915344,0.2354000061750412
YNL009W,YFR033C,0,-3.369358,0.2311459332704544,0.7080000042915344,0.23549999296665192
YIL140W,YGL183C,0,-3.369786,0.23107048869132996,0.7080000042915344,0.23559999465942383
YDL004W,YGR078C,0,-3.369928,0.23099510371685028,0.7080000042915344,0.23569999635219574
YHR001W,YDR486C,0,-3.370211,0.2309197634458542,0.7080000042915344,0.23579999804496765
YER065C,YDL097C,0,-3.370415,0.23084446787834167,0.7080000042915344,0.23589999973773956
YDR183W,YDL055C,0,-3.3705351,0.23076923191547394,0.7080000042915344,0.23600000143051147
YDR488C,YAL043C,0,-3.3710933,0.23069404065608978,0.7080000042915344,0.2361000031232834
YBL022C,YML014W,0,-3.371403,0.2306188941001892,0.7080000042915344,0.2362000048160553
YDR272W,YPL187W,0,-3.3718069,0.23054379224777222,0.7080000042915344,0.2363000065088272
YLR259C,YGL124C,0,-3.3721268,0.23046875,0.7080000042915344,0.23639999330043793
YLR285W,YMR273C,1,-3.3721452,0.2307191640138626,0.7089999914169312,0.23639999330043793
YEL050C,YJL036W,0,-3.3723052,0.2306441068649292,0.7089999914169312,0.23649999499320984
YPR175W,YDR323C,0,-3.3723276,0.23056910932064056,0.7089999914169312,0.23659999668598175
YDL227C,YNR015W,0,-3.3725083,0.23049414157867432,0.7089999914169312,0.23669999837875366
YMR172W,YOR085W,0,-3.372535,0.23041923344135284,0.7089999914169312,0.23680000007152557
YBL003C,YGR275W,1,-3.3727844,0.23066926002502441,0.7099999785423279,0.23680000007152557
YBR278W,YDL084W,1,-3.3734117,0.23091912269592285,0.7110000252723694,0.23680000007152557
YOR388C,YOL156W,0,-3.3734455,0.2308441549539566,0.7110000252723694,0.23690000176429749
YPL254W,YAR003W,1,-3.373624,0.23109379410743713,0.7120000123977661,0.23690000176429749
YGR261C,YJR102C,0,-3.3736427,0.2310188263654709,0.7120000123977661,0.2370000034570694
YPL097W,YGL115W,0,-3.3739278,0.23094388842582703,0.7120000123977661,0.2371000051498413
YGL247W,YMR060C,0,-3.3739312,0.23086899518966675,0.7120000123977661,0.23720000684261322
YPL153C,YPL234C,0,-3.3742912,0.23079416155815125,0.7120000123977661,0.23729999363422394
YPL231W,YMR137C,0,-3.374306,0.23071937263011932,0.7120000123977661,0.23739999532699585
YDL028C,YKR046C,0,-3.3748071,0.23064464330673218,0.7120000123977661,0.23749999701976776
YER028C,YER123W,0,-3.37586,0.23056994378566742,0.7120000123977661,0.23759999871253967
YDR183W,YNL243W,0,-3.3766596,0.23049530386924744,0.7120000123977661,0.23770000040531158
YGL195W,YMR182C,0,-3.3767004,0.23042070865631104,0.7120000123977661,0.2378000020980835
YAL058W,YDR062W,0,-3.376712,0.2303461730480194,0.7120000123977661,0.2379000037908554
YLL019C,YDR170C,0,-3.3773935,0.23027166724205017,0.7120000123977661,0.23800000548362732
YPR083W,YBR218C,0,-3.3775246,0.2301972210407257,0.7120000123977661,0.23810000717639923
YMR080C,YGR275W,1,-3.377668,0.23044602572917938,0.7129999995231628,0.23810000717639923
YDR071C,YMR127C,1,-3.3778784,0.23069466650485992,0.7139999866485596,0.23810000717639923
YOR061W,YML008C,0,-3.3781767,0.23062016069889069,0.7139999866485596,0.23819999396800995
YLL061W,YNL163C,0,-3.3782694,0.23054568469524384,0.7139999866485596,0.23829999566078186
YFL056C,YJR135C,0,-3.378445,0.23047126829624176,0.7139999866485596,0.23839999735355377
YBR210W,YDR235W,0,-3.3785133,0.23039689660072327,0.7139999866485596,0.23849999904632568
YKL015W,YBR080C,0,-3.3790534,0.23032258450984955,0.7139999866485596,0.2386000007390976
YML112W,YDR138W,0,-3.3796258,0.23024830222129822,0.7139999866485596,0.2387000024318695
YOL012C,YBR060C,1,-3.3797617,0.23049645125865936,0.7149999737739563,0.2387000024318695
YGR044C,YAL016W,0,-3.3799918,0.23042216897010803,0.7149999737739563,0.23880000412464142
YDR052C,YML023C,0,-3.3807213,0.23034793138504028,0.7149999737739563,0.23890000581741333
YDR036C,YDR166C,0,-3.3811018,0.2302737534046173,0.7149999737739563,0.23899999260902405
YFL036W,YML043C,0,-3.3812916,0.23019962012767792,0.7149999737739563,0.23909999430179596
YJR055W,YDR079W,0,-3.3816364,0.2301255166530609,0.7149999737739563,0.23919999599456787
YMR186W,YOL127W,0,-3.3819225,0.23005147278308868,0.7149999737739563,0.23929999768733978
YGL063W,YPR186C,0,-3.382426,0.22997748851776123,0.7149999737739563,0.2393999993801117
YGL194C,YDR227W,1,-3.3824878,0.2302250862121582,0.7160000205039978,0.2393999993801117
YJR060W,YPL129W,1,-3.3831553,0.23047251999378204,0.7170000076293945,0.2393999993801117
YHR019C,YOR030W,0,-3.3831592,0.23039846122264862,0.7170000076293945,0.2395000010728836
YMR219W,YPL129W,1,-3.3832843,0.23064568638801575,0.7179999947547913,0.2395000010728836
YJR144W,YDR407C,0,-3.3835037,0.23057161271572113,0.7179999947547913,0.23960000276565552
YJR147W,YKR090W,0,-3.3844287,0.2304975986480713,0.7179999947547913,0.23970000445842743
YHR091C,YMR214W,0,-3.384772,0.23042361438274384,0.7179999947547913,0.23980000615119934
YDR062W,YHR204W,0,-3.3853252,0.23034968972206116,0.7179999947547913,0.23989999294281006
YDR194C,YLR139C,0,-3.3855083,0.23027582466602325,0.7179999947547913,0.23999999463558197
YKL057C,YOL067C,0,-3.3855968,0.23020198941230774,0.7179999947547913,0.24009999632835388
YAL029C,YPL237W,0,-3.3856137,0.2301281988620758,0.7179999947547913,0.2401999980211258
YNR074C,YER151C,0,-3.3860204,0.23005446791648865,0.7179999947547913,0.2402999997138977
YBR089C-A,YKR101W,1,-3.3860323,0.23030108213424683,0.718999981880188,0.2402999997138977
YGL137W,YER123W,0,-3.3861363,0.23022735118865967,0.718999981880188,0.24040000140666962
YGL145W,YKR050W,0,-3.3867078,0.2301536500453949,0.718999981880188,0.24050000309944153
YGR214W,YDR532C,0,-3.386741,0.2300799936056137,0.718999981880188,0.24060000479221344
YOR023C,YPL139C,1,-3.3869965,0.23032629489898682,0.7200000286102295,0.24060000479221344
YDL029W,YGR257C,0,-3.3882322,0.23025263845920563,0.7200000286102295,0.24070000648498535
YPL224C,YLR262C,0,-3.3882453,0.23017902672290802,0.7200000286102295,0.24079999327659607
YOR266W,YOR172W,0,-3.3886766,0.230105459690094,0.7200000286102295,0.24089999496936798
YJR022W,YNL169C,0,-3.388775,0.23003195226192474,0.7200000286102295,0.2409999966621399
YPL048W,YDL015C,0,-3.3893294,0.22995847463607788,0.7200000286102295,0.2410999983549118
YLR329W,YOR179C,0,-3.3894913,0.2298850566148758,0.7200000286102295,0.24120000004768372
YFR027W,YBL055C,0,-3.3895743,0.2298116832971573,0.7200000286102295,0.24130000174045563
YPR057W,YHR072W,0,-3.3896809,0.22973835468292236,0.7200000286102295,0.24140000343322754
YBL002W,YDL153C,1,-3.3902268,0.22998404502868652,0.7210000157356262,0.24140000343322754
YGR108W,YPL112C,0,-3.3905847,0.2299107164144516,0.7210000157356262,0.24150000512599945
YMR033W,YAR003W,1,-3.390653,0.23015619814395905,0.722000002861023,0.24150000512599945
YKL017C,YFR040W,0,-3.3907747,0.23008285462856293,0.722000002861023,0.24160000681877136
YBL085W,YML080W,0,-3.3908298,0.2300095558166504,0.722000002861023,0.24169999361038208
YBR179C,YOR001W,0,-3.3908393,0.22993630170822144,0.722000002861023,0.241799995303154
YOL111C,YGL006W,0,-3.390871,0.22986310720443726,0.722000002861023,0.2418999969959259
YGR253C,YLR006C,0,-3.3916187,0.22978994250297546,0.722000002861023,0.24199999868869781
YOR349W,YLL035W,0,-3.3917572,0.22971683740615845,0.722000002861023,0.24210000038146973
YMR032W,YGL011C,0,-3.3920047,0.22964376211166382,0.722000002861023,0.24220000207424164
YOL042W,YLR002C,0,-3.39202,0.22957074642181396,0.722000002861023,0.24230000376701355
YMR224C,YOL031C,0,-3.3921752,0.2294977754354477,0.722000002861023,0.24240000545978546
YJR001W,YDR489W,0,-3.392246,0.229424849152565,0.722000002861023,0.24250000715255737
YJL001W,YAL043C,0,-3.392458,0.2293519675731659,0.722000002861023,0.2425999939441681
YGR267C,YOR159C,0,-3.3928945,0.22927913069725037,0.722000002861023,0.24269999563694
YDL135C,YOR353C,0,-3.392998,0.22920635342597961,0.722000002861023,0.24279999732971191
YOL017W,YNL135C,1,-3.3930104,0.22945097088813782,0.7229999899864197,0.24279999732971191
YLR026C,YML076C,0,-3.393214,0.22937817871570587,0.7229999899864197,0.24289999902248383
YKL201C,YBL020W,0,-3.3941507,0.2293054163455963,0.7229999899864197,0.24300000071525574
YKL192C,YBR276C,0,-3.3948166,0.22923271358013153,0.7229999899864197,0.24310000240802765
YCR028C,YPL135W,0,-3.3951173,0.22916007041931152,0.7229999899864197,0.24320000410079956
YLR276C,YOR216C,0,-3.3951719,0.2290874570608139,0.7229999899864197,0.24330000579357147
YKL008C,YLR147C,0,-3.395181,0.22901488840579987,0.7229999899864197,0.2433999925851822
YOL133W,YDR388W,0,-3.3957326,0.2289423644542694,0.7229999899864197,0.2434999942779541
YMR022W,YCR084C,1,-3.3958964,0.22918644547462463,0.7239999771118164,0.2434999942779541
YLR320W,YNL167C,0,-3.3961704,0.22911392152309418,0.7239999771118164,0.243599995970726
YKL005C,YAL038W,0,-3.396521,0.2290414422750473,0.7239999771118164,0.24369999766349792
YPL078C,YDR082W,0,-3.3965752,0.228969007730484,0.7239999771118164,0.24379999935626984
YGL253W,YIL023C,0,-3.3973582,0.2288966178894043,0.7239999771118164,0.24390000104904175
YMR078C,YDR011W,0,-3.397579,0.22882427275180817,0.7239999771118164,0.24400000274181366
YBR193C,YJL029C,0,-3.3977683,0.22875197231769562,0.7239999771118164,0.24410000443458557
YGL071W,YAL031C,0,-3.3980577,0.22867971658706665,0.7239999771118164,0.24420000612735748
YDR216W,YBR102C,0,-3.3980715,0.22860752046108246,0.7239999771118164,0.2442999929189682
YDR423C,YGL200C,0,-3.3985162,0.22853535413742065,0.7239999771118164,0.2443999946117401
YBL009W,YNL279W,0,-3.3987696,0.22846323251724243,0.7239999771118164,0.24449999630451202
YOR266W,YFR048W,0,-3.3987782,0.22839117050170898,0.7239999771118164,0.24459999799728394
YDL130W,YDR353W,0,-3.3989427,0.22831913828849792,0.7239999771118164,0.24469999969005585
YMR083W,YGR254W,0,-3.399083,0.22824716567993164,0.7239999771118164,0.24480000138282776
YMR316W,YPR054W,0,-3.3991773,0.22817522287368774,0.7239999771118164,0.24490000307559967
YHR188C,YDR478W,0,-3.399626,0.22810333967208862,0.7239999771118164,0.24500000476837158
YLR353W,YLL035W,0,-3.3996456,0.22803150117397308,0.7239999771118164,0.2451000064611435
YMR033W,YDR190C,1,-3.3998692,0.22827455401420593,0.7250000238418579,0.2451000064611435
YBR274W,YER149C,0,-3.3999348,0.2282027006149292,0.7250000238418579,0.2451999932527542
YPL271W,YKL045W,0,-3.400061,0.22813090682029724,0.7250000238418579,0.24529999494552612
YBR179C,YGL070C,0,-3.4001777,0.22805914282798767,0.7250000238418579,0.24539999663829803
YMR162C,YGR020C,0,-3.400909,0.22798742353916168,0.7250000238418579,0.24549999833106995
YJR017C,YJL210W,0,-3.4009545,0.22791574895381927,0.7250000238418579,0.24560000002384186
YFL003C,YJL047C,0,-3.4019403,0.22784411907196045,0.7250000238418579,0.24570000171661377
YFR052W,YIL143C,0,-3.4020507,0.2277725487947464,0.7250000238418579,0.24580000340938568
YLL021W,YDR246W,0,-3.402081,0.22770100831985474,0.7250000238418579,0.2459000051021576
YPL040C,YLR002C,0,-3.402312,0.22762951254844666,0.7250000238418579,0.2460000067949295
YJL020C,YBR105C,0,-3.402363,0.22755806148052216,0.7250000238418579,0.24609999358654022
YML036W,YER065C,0,-3.4024189,0.22748667001724243,0.7250000238418579,0.24619999527931213
YDL209C,YIL115C,0,-3.4025285,0.2274153083562851,0.7250000238418579,0.24629999697208405
YNL135C,YBR060C,1,-3.4026327,0.22765757143497467,0.7260000109672546,0.24629999697208405
YDL166C,YFR009W,0,-3.402902,0.22758620977401733,0.7260000109672546,0.24639999866485596
YMR322C,YGL095C,0,-3.4040358,0.22751489281654358,0.7260000109672546,0.24650000035762787
YPL007C,YFL058W,0,-3.4040415,0.2274436056613922,0.7260000109672546,0.24660000205039978
YAR014C,YML027W,0,-3.4042451,0.22737237811088562,0.7260000109672546,0.2467000037431717
YJR047C,YLR192C,0,-3.4043713,0.2273011952638626,0.7260000109672546,0.2468000054359436
YDL056W,YMR164C,0,-3.404711,0.227230042219162,0.7260000109672546,0.24690000712871552
YBR009C,YBR231C,1,-3.404852,0.22747184336185455,0.7269999980926514,0.24690000712871552
YER089C,YBR283C,0,-3.404937,0.22740069031715393,0.7269999980926514,0.24699999392032623
YMR069W,YOL148C,1,-3.4051168,0.22764228284358978,0.7279999852180481,0.24699999392032623
YCR024C-A,YMR013C,0,-3.4052804,0.22757111489772797,0.7279999852180481,0.24709999561309814
YMR219W,YLR095C,1,-3.4057126,0.2278124988079071,0.7289999723434448,0.24709999561309814
YPR133C,YCR081W,0,-3.4058902,0.2277413308620453,0.7289999723434448,0.24719999730587006
YPR083W,YMR101C,0,-3.4060671,0.22767020761966705,0.7289999723434448,0.24729999899864197
YBR237W,YDR289C,0,-3.406276,0.2275991290807724,0.7289999723434448,0.24740000069141388
YJR140C,YJR119C,1,-3.4064717,0.22784020006656647,0.7300000190734863,0.24740000069141388
YPR199C,YGL130W,0,-3.4065611,0.22776910662651062,0.7300000190734863,0.2475000023841858
YGR006W,YDR478W,0,-3.4069145,0.22769807279109955,0.7300000190734863,0.2476000040769577
YNL012W,YMR156C,0,-3.4074376,0.22762706875801086,0.7300000190734863,0.24770000576972961
YMR038C,YDL220C,0,-3.4074578,0.22755610942840576,0.7300000190734863,0.24779999256134033
YGR204W,YNL290W,0,-3.4078805,0.22748519480228424,0.7300000190734863,0.24789999425411224
YER083C,YDR337W,0,-3.4078834,0.2274143248796463,0.7300000190734863,0.24799999594688416
YML127W,YDR190C,1,-3.4082072,0.22765493392944336,0.7310000061988831,0.24799999594688416
YBL079W,YOL100W,0,-3.408385,0.22758406400680542,0.7310000061988831,0.24809999763965607
YDR054C,YOL055C,0,-3.4084735,0.22751322388648987,0.7310000061988831,0.24819999933242798
YOR195W,YHR060W,0,-3.4090564,0.2274424433708191,0.7310000061988831,0.2483000010251999
YHL019C,YIR037W,0,-3.409432,0.2273716926574707,0.7310000061988831,0.2484000027179718
YGL195W,YER012W,0,-3.409745,0.2273010015487671,0.7310000061988831,0.2485000044107437
YMR225C,YIL120W,0,-3.4097946,0.22723034024238586,0.7310000061988831,0.24860000610351562
YER040W,YDL181W,0,-3.4100034,0.22715972363948822,0.7310000061988831,0.24869999289512634
YNL280C,YBR228W,0,-3.4100757,0.22708915174007416,0.7310000061988831,0.24879999458789825
YFL013C,YNL107W,1,-3.4104462,0.22732919454574585,0.7319999933242798,0.24879999458789825
YIL150C,YER169W,1,-3.4105551,0.2275690734386444,0.7329999804496765,0.24879999458789825
YKR025W,YKL130C,0,-3.410702,0.22749844193458557,0.7329999804496765,0.24889999628067017
YER114C,YOR381W,0,-3.4110727,0.22742785513401031,0.7329999804496765,0.24899999797344208
YMR162C,YHR059W,0,-3.4112413,0.22735731303691864,0.7329999804496765,0.249099999666214
YPL271W,YDR532C,0,-3.411289,0.22728681564331055,0.7329999804496765,0.2492000013589859
YPL213W,YIL120W,0,-3.4116623,0.22721636295318604,0.7329999804496765,0.2493000030517578
YMR285C,YGL011C,0,-3.4133067,0.2271459549665451,0.7329999804496765,0.24940000474452972
YGR249W,YIL014W,0,-3.4139528,0.22707559168338776,0.7329999804496765,0.24950000643730164
YPL200W,YOR313C,0,-3.414047,0.2270052582025528,0.7329999804496765,0.24959999322891235
YOR153W,YJR043C,0,-3.4144564,0.2269349843263626,0.7329999804496765,0.24969999492168427
YIL033C,YJR019C,0,-3.4150944,0.226864755153656,0.7329999804496765,0.24979999661445618
YMR078C,YGR135W,0,-3.4159238,0.2267945557832718,0.7329999804496765,0.2498999983072281
YBL008W,YAL011W,1,-3.416787,0.22703371942043304,0.734000027179718,0.2498999983072281
YGR286C,YAL058W,0,-3.4173872,0.22696352005004883,0.734000027179718,0.25
YPR163C,YIL023C,0,-3.4178944,0.226893350481987,0.734000027179718,0.2500999867916107
YDL013W,YJR135W-A,0,-3.4179268,0.22682324051856995,0.734000027179718,0.2502000033855438
YGL019W,YNL139C,0,-3.4183288,0.22675316035747528,0.734000027179718,0.25029999017715454
YKR085C,YDR379W,0,-3.4186099,0.2266831398010254,0.734000027179718,0.25040000677108765
YOL135C,YOR231W,0,-3.4187117,0.2266131490468979,0.734000027179718,0.25049999356269836
YER100W,YER041W,0,-3.4191928,0.22654320299625397,0.734000027179718,0.25060001015663147
YER167W,YMR061W,0,-3.4192295,0.22647331655025482,0.734000027179718,0.2506999969482422
YBR023C,YJR090C,0,-3.4200542,0.22640345990657806,0.734000027179718,0.2508000135421753
YDR284C,YPL167C,0,-3.4205961,0.2263336479663849,0.734000027179718,0.250900000333786
YOL012C,YFL013C,1,-3.420729,0.22657212615013123,0.7350000143051147,0.250900000333786
YMR277W,YIL051C,0,-3.4207385,0.22650231420993805,0.7350000143051147,0.25099998712539673
YOR266W,YNL229C,0,-3.421171,0.22643253207206726,0.7350000143051147,0.25110000371932983
YAR019C,YOR060C,0,-3.4213414,0.22636279463768005,0.7350000143051147,0.25119999051094055
YLR117C,YIR008C,0,-3.4214709,0.22629310190677643,0.7350000143051147,0.25130000710487366
YDR302W,YDL056W,0,-3.4218643,0.22622345387935638,0.7350000143051147,0.2513999938964844
YNL166C,YBL061C,0,-3.4222333,0.22615385055541992,0.7350000143051147,0.2515000104904175
YLR088W,YCR026C,0,-3.4224102,0.22608427703380585,0.7350000143051147,0.2515999972820282
YIL140W,YBR055C,0,-3.4224112,0.22601476311683655,0.7350000143051147,0.2517000138759613
YFR041C,YOR253W,0,-3.4225945,0.22594527900218964,0.7350000143051147,0.251800000667572
YDR036C,YLR427W,0,-3.4230216,0.2258758395910263,0.7350000143051147,0.25189998745918274
YHR124W,YDR489W,0,-3.4232152,0.22580644488334656,0.7350000143051147,0.25200000405311584
YNR035C,YJR110W,0,-3.4238002,0.2257370948791504,0.7350000143051147,0.25209999084472656
YMR016C,YGR082W,0,-3.4243765,0.2256677895784378,0.7350000143051147,0.25220000743865967
YNR072W,YML058W,0,-3.424596,0.2255985289812088,0.7350000143051147,0.2522999942302704
YBR247C,YDR409W,0,-3.4246852,0.22552929818630219,0.7350000143051147,0.2524000108242035
YER177W,YML115C,0,-3.4251387,0.22546012699604034,0.7350000143051147,0.2524999976158142
YPL115C,YGR004W,0,-3.425547,0.2253909856081009,0.7350000143051147,0.2526000142097473
YDR517W,YDR077W,0,-3.425788,0.22532188892364502,0.7350000143051147,0.25270000100135803
YMR091C,YNL246W,1,-3.4259963,0.2255592942237854,0.7360000014305115,0.25270000100135803
YDR206W,YBL035C,0,-3.4261782,0.22549019753932953,0.7360000014305115,0.25279998779296875
YOR126C,YBR293W,0,-3.4265597,0.22542113065719604,0.7360000014305115,0.25290000438690186
YFL009W,YIL098C,0,-3.4273152,0.22535210847854614,0.7360000014305115,0.2529999911785126
YIL035C,YBR272C,0,-3.4275897,0.22528313100337982,0.7360000014305115,0.2531000077724457
YMR311C,YOL115W,0,-3.4278529,0.22521419823169708,0.7360000014305115,0.2531999945640564
YGR082W,YGL225W,0,-3.4281404,0.22514531016349792,0.7360000014305115,0.2533000111579895
YBR050C,YLR369W,0,-3.4281952,0.22507645189762115,0.7360000014305115,0.2533999979496002
YJL099W,YDR142C,0,-3.4283924,0.22500763833522797,0.7360000014305115,0.2535000145435333
YML006C,YNR013C,0,-3.4284275,0.22493886947631836,0.7360000014305115,0.25360000133514404
YPL061W,YAL034W-A,0,-3.4286246,0.22487014532089233,0.7360000014305115,0.25369998812675476
YPL048W,YKR062W,0,-3.4286625,0.2248014658689499,0.7360000014305115,0.25380000472068787
YOL017W,YNL262W,1,-3.4286869,0.22503817081451416,0.7369999885559082,0.25380000472068787
YDR101C,YML036W,0,-3.4289055,0.22496947646141052,0.7369999885559082,0.2538999915122986
YGR267C,YBR192W,0,-3.4295752,0.22490082681179047,0.7369999885559082,0.2540000081062317
YMR268C,YAR042W,0,-3.4296818,0.224832221865654,0.7369999885559082,0.2540999948978424
YJL031C,YLR117C,0,-3.430102,0.2247636467218399,0.7369999885559082,0.2542000114917755
YLR032W,YIL061C,0,-3.43033,0.2246951162815094,0.7369999885559082,0.25429999828338623
YLR210W,YOL049W,0,-3.4306557,0.22462664544582367,0.7369999885559082,0.25440001487731934
YGL194C,YNL246W,1,-3.4307601,0.22486288845539093,0.7379999756813049,0.25440001487731934
YOR033C,YOR254C,0,-3.4313624,0.224794402718544,0.7379999756813049,0.25450000166893005
YMR168C,YDR195W,0,-3.4318392,0.22472594678401947,0.7379999756813049,0.25459998846054077
YMR073C,YBL093C,0,-3.4319417,0.22465753555297852,0.7379999756813049,0.2547000050544739
YMR239C,YLR119W,0,-3.4319856,0.22458916902542114,0.7379999756813049,0.2547999918460846
YDR375C,YGL100W,0,-3.4324887,0.22452083230018616,0.7379999756813049,0.2549000084400177
YMR204C,YGR220C,0,-3.4328697,0.22445255517959595,0.7379999756813049,0.2549999952316284
YNL135C,YML041C,1,-3.4330742,0.2246883511543274,0.7390000224113464,0.2549999952316284
YNL328C,YLR363C,0,-3.433409,0.224620059132576,0.7390000224113464,0.2551000118255615
YNL219C,YPL153C,0,-3.433501,0.22455181181430817,0.7390000224113464,0.25519999861717224
YFR050C,YGR135W,0,-3.4335783,0.22448359429836273,0.7390000224113464,0.25529998540878296
YKL064W,YDR330W,0,-3.4336019,0.22441542148590088,0.7390000224113464,0.25540000200271606
YMR048W,YGR135W,0,-3.433666,0.2243472933769226,0.7390000224113464,0.2554999887943268
YDL042C,YPL129W,1,-3.4337726,0.224582701921463,0.7400000095367432,0.2554999887943268
YNL280C,YBR080C,0,-3.4343092,0.22451455891132355,0.7400000095367432,0.2556000053882599
YDR153C,YGR029W,0,-3.4346623,0.22444646060466766,0.7400000095367432,0.2556999921798706
YKL113C,YER005W,0,-3.4354017,0.22437840700149536,0.7400000095367432,0.2558000087738037
YDL145C,YCR039C,0,-3.435558,0.22431039810180664,0.7400000095367432,0.25589999556541443
YDR227W,YNL107W,1,-3.4359267,0.2245454490184784,0.7409999966621399,0.25589999556541443
YML095C,YDR478W,0,-3.4360821,0.22447742521762848,0.7409999966621399,0.25600001215934753
YCR039C,YCR060W,0,-3.4362316,0.22440944612026215,0.7409999966621399,0.25609999895095825
YIL033C,YBR136W,0,-3.4364085,0.2243415117263794,0.7409999966621399,0.25619998574256897
YML086C,YKR003W,0,-3.4369724,0.22427360713481903,0.7409999966621399,0.2563000023365021
YDR120C,YOL109W,0,-3.4370759,0.22420574724674225,0.7409999966621399,0.2563999891281128
YBL071W-A,YLR368W,0,-3.4371667,0.22413793206214905,0.7409999966621399,0.2565000057220459
YDR302W,YPL174C,0,-3.437371,0.22407016158103943,0.7409999966621399,0.2565999925136566
YNL206C,YNL246W,1,-3.4374435,0.22430472075939178,0.7419999837875366,0.2565999925136566
YDR183W,YOL142W,0,-3.4381526,0.22423693537712097,0.7419999837875366,0.2567000091075897
YER149C,YJL053W,0,-3.438231,0.22416917979717255,0.7419999837875366,0.25679999589920044
YPR037C,YOR230W,0,-3.4382966,0.2241014838218689,0.7419999837875366,0.25690001249313354
YLR377C,YMR218C,0,-3.4383552,0.22403381764888763,0.7419999837875366,0.25699999928474426
YBR288C,YBR240C,0,-3.438995,0.22396619617938995,0.7419999837875366,0.257099986076355
YBR179C,YDR098C,0,-3.4392188,0.22389860451221466,0.7419999837875366,0.2572000026702881
YPL228W,YNL002C,0,-3.4392524,0.22383107244968414,0.7419999837875366,0.2572999894618988
YGL194C,YMR044W,1,-3.4393504,0.2240651398897171,0.7429999709129333,0.2572999894618988
YDR317W,YDL093W,0,-3.439453,0.2239975929260254,0.7429999709129333,0.2574000060558319
YMR091C,YCR052W,1,-3.4397175,0.22423146665096283,0.7440000176429749,0.2574000060558319
YGR092W,YHR205W,0,-3.4398274,0.22416390478610992,0.7440000176429749,0.2574999928474426
YMR113W,YLR207W,0,-3.44051,0.2240963876247406,0.7440000176429749,0.25760000944137573
YLR144C,YBR272C,0,-3.4407492,0.22402890026569366,0.7440000176429749,0.25769999623298645
YBR004C,YMR218C,0,-3.4409888,0.2239614725112915,0.7440000176429749,0.25780001282691956
YKR101W,YOL148C,1,-3.4418461,0.22419500350952148,0.7450000047683716,0.25780001282691956
YHR102W,YOL044W,0,-3.4418685,0.22412756085395813,0.7450000047683716,0.2578999996185303
YPL254W,YNL246W,1,-3.4419951,0.2243608981370926,0.7459999918937683,0.2578999996185303
YER087C-B,YLR025W,0,-3.4429162,0.22429344058036804,0.7459999918937683,0.257999986410141
YBR123C,YLR193C,0,-3.4430025,0.22422602772712708,0.7459999918937683,0.2581000030040741
YDR225W,YDR392W,1,-3.4430308,0.22445914149284363,0.746999979019165,0.2581000030040741
YMR224C,YGR202C,0,-3.443105,0.22439171373844147,0.746999979019165,0.2581999897956848
YCR065W,YDR488C,0,-3.443124,0.2243243306875229,0.746999979019165,0.2583000063896179
YOL016C,YMR235C,0,-3.4434712,0.2242569774389267,0.746999979019165,0.25839999318122864
YKL113C,YFL033C,0,-3.4435704,0.2241896688938141,0.746999979019165,0.25850000977516174
YMR316W,YKL021C,0,-3.4439814,0.22412240505218506,0.746999979019165,0.25859999656677246
YDL052C,YER151C,0,-3.4440558,0.2240551859140396,0.746999979019165,0.25870001316070557
YER083C,YBR037C,0,-3.4441595,0.22398801147937775,0.746999979019165,0.2587999999523163
YCR081W,YDR346C,0,-3.444785,0.22392086684703827,0.746999979019165,0.258899986743927
YJL166W,YCR083W,0,-3.444824,0.22385376691818237,0.746999979019165,0.2590000033378601
YJL179W,YML076C,0,-3.4449914,0.22378669679164886,0.746999979019165,0.2590999901294708
YMR219W,YDR224C,1,-3.445652,0.22401916980743408,0.7480000257492065,0.2590999901294708
YBL042C,YMR285C,0,-3.446258,0.22395209968090057,0.7480000257492065,0.25920000672340393
YLR256W,YGR013W,0,-3.4464815,0.22388505935668945,0.7480000257492065,0.25929999351501465
YLR035C,YOL147C,0,-3.4465263,0.2238180786371231,0.7480000257492065,0.25940001010894775
YDR518W,YDR011W,0,-3.4469354,0.22375112771987915,0.7480000257492065,0.25949999690055847
YJL208C,YNL054W,0,-3.4470305,0.22368420660495758,0.7480000257492065,0.2596000134944916
YMR047C,YBR216C,0,-3.44706,0.2236173450946808,0.7480000257492065,0.2597000002861023
YMR314W,YPL120W,0,-3.447437,0.22355051338672638,0.7480000257492065,0.259799987077713
YKL022C,YPL237W,0,-3.447715,0.22348371148109436,0.7480000257492065,0.2599000036716461
YPL268W,YLR034C,0,-3.4480884,0.22341696918010712,0.7480000257492065,0.25999999046325684
YHR023W,YDL097C,0,-3.448148,0.22335025668144226,0.7480000257492065,0.26010000705718994
YMR247C,YBR231C,1,-3.4481778,0.22358208894729614,0.7490000128746033,0.26010000705718994
YJL104W,YKL020C,0,-3.4484396,0.2235153615474701,0.7490000128746033,0.26019999384880066
YPR155C,YDR515W,0,-3.4488547,0.22344869375228882,0.7490000128746033,0.26030001044273376
YPL100W,YOR267C,0,-3.4492397,0.22338204085826874,0.7490000128746033,0.2603999972343445
YBR236C,YLR197W,0,-3.4493716,0.22331544756889343,0.7490000128746033,0.2605000138282776
YDR297W,YLR182W,0,-3.4493728,0.22324888408184052,0.7490000128746033,0.2606000006198883
YGL130W,YLR293C,0,-3.4494154,0.22318236529827118,0.7490000128746033,0.260699987411499
YFL022C,YGL216W,0,-3.4506187,0.22311587631702423,0.7490000128746033,0.26080000400543213
YPL119C,YJL129C,0,-3.450877,0.22304943203926086,0.7490000128746033,0.26089999079704285
YER019W,YDR156W,0,-3.4510336,0.22298303246498108,0.7490000128746033,0.26100000739097595
YPR193C,YCR020W-B,1,-3.4512389,0.2232142835855484,0.75,0.26100000739097595
YER168C,YDR016C,0,-3.4515224,0.22314786911010742,0.75,0.26109999418258667
YOR319W,YNL290W,0,-3.452019,0.22308149933815002,0.75,0.2612000107765198
YIL122W,YML115C,0,-3.452124,0.22301515936851501,0.75,0.2612999975681305
YKL015W,YGL093W,0,-3.4522204,0.2229488641023636,0.75,0.2614000141620636
YLR167W,YLR022C,0,-3.4522574,0.22288261353969574,0.75,0.2615000009536743
YGR104C,YEL002C,0,-3.4524076,0.22281639277935028,0.75,0.26159998774528503
YPL267W,YJR090C,0,-3.453201,0.2227502167224884,0.75,0.26170000433921814
YDR264C,YBR221C,0,-3.4542208,0.2226840853691101,0.75,0.26179999113082886
YAL024C,YOL117W,0,-3.4546592,0.2226179838180542,0.75,0.26190000772476196
YGL238W,YIL008W,0,-3.4551785,0.22255192697048187,0.75,0.2619999945163727
YPL119C,YMR235C,0,-3.455574,0.22248591482639313,0.75,0.2621000111103058
YLR274W,YMR069W,1,-3.4556334,0.22271649539470673,0.7509999871253967,0.2621000111103058
YDR437W,YAL010C,0,-3.4557664,0.2226504534482956,0.7509999871253967,0.2621999979019165
YKL054C,YNL328C,0,-3.4558253,0.22258447110652924,0.7509999871253967,0.2623000144958496
YJL095W,YJL031C,0,-3.4562898,0.22251851856708527,0.7509999871253967,0.2624000012874603
YBR202W,YDL058W,0,-3.4567628,0.22245261073112488,0.7509999871253967,0.26249998807907104
YCR020W-B,YLR052W,1,-3.4576051,0.22268284857273102,0.7519999742507935,0.26249998807907104
YDR416W,YLR222C,0,-3.457786,0.22261692583560944,0.7519999742507935,0.26260000467300415
YLR153C,YMR127C,1,-3.458499,0.22284699976444244,0.753000020980835,0.26260000467300415
YOR288C,YLR034C,0,-3.4585202,0.22278106212615967,0.753000020980835,0.26269999146461487
YML057W,YLR032W,0,-3.4586651,0.22271516919136047,0.753000020980835,0.262800008058548
YBR114W,YOR224C,0,-3.4587328,0.22264932096004486,0.753000020980835,0.2628999948501587
YFR021W,YGL187C,0,-3.4590423,0.22258350253105164,0.753000020980835,0.2630000114440918
YLR372W,YML114C,0,-3.4602945,0.222517728805542,0.753000020980835,0.2630999982357025
YGR113W,YCR031C,0,-3.460382,0.22245199978351593,0.753000020980835,0.2632000148296356
YLR153C,YIL084C,1,-3.4608262,0.22268162667751312,0.7540000081062317,0.2632000148296356
YGR099W,YIL039W,0,-3.460869,0.22261588275432587,0.7540000081062317,0.26330000162124634
YLR405W,YGR082W,0,-3.4608986,0.2225501835346222,0.7540000081062317,0.26339998841285706
YNR008W,YPR055W,0,-3.4613416,0.2224845141172409,0.7540000081062317,0.26350000500679016
YCR098C,YJR074W,0,-3.4624386,0.222418874502182,0.7540000081062317,0.2635999917984009
YGR220C,YGL011C,0,-3.462756,0.22235329449176788,0.7540000081062317,0.263700008392334
YKL022C,YHR070W,0,-3.4629474,0.22228772938251495,0.7540000081062317,0.2637999951839447
YNL292W,YLR212C,0,-3.4629774,0.2222222238779068,0.7540000081062317,0.2639000117778778
YHR191C,YER183C,0,-3.463269,0.22215674817562103,0.7540000081062317,0.2639999985694885
YKL143W,YOR368W,0,-3.4634192,0.22209131717681885,0.7540000081062317,0.26409998536109924
YPR105C,YDL015C,0,-3.4637768,0.22202591598033905,0.7540000081062317,0.26420000195503235
YDR489W,YER151C,0,-3.463908,0.22196055948734283,0.7540000081062317,0.26429998874664307
YDR052C,YMR163C,0,-3.4640858,0.221895232796669,0.7540000081062317,0.26440000534057617
YIL040W,YLR298C,0,-3.4641855,0.22182995080947876,0.7540000081062317,0.2644999921321869
YPR075C,YMR214W,0,-3.4645193,0.2217646986246109,0.7540000081062317,0.26460000872612
YLR117C,YOR109W,0,-3.4645855,0.22169950604438782,0.7540000081062317,0.2646999955177307
YIL103W,YDR432W,0,-3.4649332,0.22163432836532593,0.7540000081062317,0.2648000121116638
YJR121W,YNL271C,0,-3.4650743,0.2215692102909088,0.7540000081062317,0.26489999890327454
YER166W,YNL082W,0,-3.465078,0.2215041071176529,0.7540000081062317,0.26499998569488525
YMR190C,YDR495C,0,-3.465377,0.22143906354904175,0.7540000081062317,0.26510000228881836
YCR014C,YIL056W,0,-3.4654276,0.221374049782753,0.7540000081062317,0.2651999890804291
YFR008W,YLR293C,0,-3.4662538,0.22130906581878662,0.7540000081062317,0.2653000056743622
YNL280C,YPR036W,0,-3.4666865,0.22124412655830383,0.7540000081062317,0.2653999924659729
YNL223W,YPR125W,0,-3.4666994,0.22117923200130463,0.7540000081062317,0.265500009059906
YOL143C,YNL012W,0,-3.4669383,0.2211143672466278,0.7540000081062317,0.2655999958515167
YBL103C,YLR022C,0,-3.467026,0.22104954719543457,0.7540000081062317,0.26570001244544983
YDR224C,YBR198C,1,-3.4671423,0.2212778478860855,0.7549999952316284,0.26570001244544983
YNL049C,YCR081W,0,-3.467351,0.22121301293373108,0.7549999952316284,0.26579999923706055
YJL133W,YOR194C,0,-3.467676,0.22114820778369904,0.7549999952316284,0.26589998602867126
YER154W,YNR039C,0,-3.467778,0.22108346223831177,0.7549999952316284,0.26600000262260437
YPL125W,YGR285C,0,-3.4678009,0.2210187315940857,0.7549999952316284,0.2660999894142151
YCL043C,YNL263C,0,-3.4679224,0.2209540605545044,0.7549999952316284,0.2662000060081482
YAL022C,YNL201C,0,-3.468507,0.2208894044160843,0.7549999952316284,0.2662999927997589
YDL044C,YER082C,0,-3.468634,0.22082480788230896,0.7549999952316284,0.266400009393692
YLR293C,YDR138W,0,-3.46864,0.22076024115085602,0.7549999952316284,0.26649999618530273
YDR298C,YER123W,0,-3.4687772,0.22069570422172546,0.7549999952316284,0.26660001277923584
YKL204W,YGL094C,0,-3.4695303,0.2206312119960785,0.7549999952316284,0.26669999957084656
YDR236C,YIL076W,0,-3.46985,0.2205667495727539,0.7549999952316284,0.2667999863624573
YNL023C,YDR079W,0,-3.46994,0.2205023318529129,0.7549999952316284,0.2669000029563904
YNL048W,YLL006W,0,-3.469971,0.22043795883655548,0.7549999952316284,0.2669999897480011
YJL005W,YCL051W,0,-3.4701202,0.22037361562252045,0.7549999952316284,0.2671000063419342
YMR060C,YDR059C,0,-3.4703047,0.2203093022108078,0.7549999952316284,0.2671999931335449
YDR412W,YOL067C,0,-3.470343,0.22024503350257874,0.7549999952316284,0.267300009727478
YMR225C,YKL203C,0,-3.4703965,0.22018080949783325,0.7549999952316284,0.26739999651908875
YHR191C,YDR331W,0,-3.4704068,0.22011661529541016,0.7549999952316284,0.26750001311302185
YHR079C-A,YDR478W,0,-3.4706619,0.22005246579647064,0.7549999952316284,0.26759999990463257
YGR108W,YDL085W,0,-3.4708989,0.21998834609985352,0.7549999952316284,0.2676999866962433
YOR351C,YOR159C,0,-3.4730642,0.21992427110671997,0.7549999952316284,0.2678000032901764
YIL128W,YGL093W,0,-3.4735105,0.2198602259159088,0.7549999952316284,0.2678999900817871
YER133W,YPR031W,1,-3.4736083,0.22008733451366425,0.7559999823570251,0.2678999900817871
YMR008C,YNL287W,0,-3.4736993,0.2200232893228531,0.7559999823570251,0.2680000066757202
YOR326W,YOR081C,0,-3.4742687,0.21995927393436432,0.7559999823570251,0.26809999346733093
YDL220C,YIL056W,0,-3.4751194,0.21989528834819794,0.7559999823570251,0.26820001006126404
YJL080C,YLR385C,1,-3.4761503,0.22012212872505188,0.7570000290870667,0.26820001006126404
YKL139W,YAR042W,0,-3.4761937,0.2200581431388855,0.7570000290870667,0.26829999685287476
YHR026W,YMR149W,0,-3.4762614,0.2199941873550415,0.7570000290870667,0.26840001344680786
YCR002C,YML085C,0,-3.476505,0.2199302762746811,0.7570000290870667,0.2685000002384186
YOR122C,YDR478W,0,-3.4768422,0.21986639499664307,0.7570000290870667,0.2685999870300293
YPR019W,YML124C,0,-3.477178,0.21980255842208862,0.7570000290870667,0.2687000036239624
YPL271W,YKL055C,0,-3.4772415,0.21973875164985657,0.7570000290870667,0.2687999904155731
YLR361C,YGL073W,0,-3.477432,0.2196749895811081,0.7570000290870667,0.2689000070095062
YMR033W,YGL178W,1,-3.4774797,0.21990136802196503,0.7580000162124634,0.2689000070095062
YMR097C,YBR260C,0,-3.4775436,0.21983759105205536,0.7580000162124634,0.26899999380111694
YKL049C,YLR355C,0,-3.4775736,0.21977384388446808,0.7580000162124634,0.26910001039505005
YGR230W,YLR069C,0,-3.477752,0.21971014142036438,0.7580000162124634,0.26919999718666077
YOL051W,YBR265W,0,-3.4777586,0.21964648365974426,0.7580000162124634,0.26930001378059387
YGL062W,YBR294W,0,-3.478328,0.21958285570144653,0.7580000162124634,0.2694000005722046
YLL001W,YLR116W,0,-3.4785345,0.2195192575454712,0.7580000162124634,0.2694999873638153
YBL026W,YLR010C,0,-3.4786325,0.21945570409297943,0.7580000162124634,0.2696000039577484
YGL137W,YJR010C-A,0,-3.4786394,0.21939218044281006,0.7580000162124634,0.26969999074935913
YBR202W,YLR006C,0,-3.47914,0.21932870149612427,0.7580000162124634,0.26980000734329224
YLR106C,YLR372W,0,-3.479143,0.21926525235176086,0.7580000162124634,0.26989999413490295
YJR097W,YJR102C,0,-3.4793742,0.21920184791088104,0.7580000162124634,0.27000001072883606
YPL018W,YER068W,0,-3.4796805,0.2191384732723236,0.7580000162124634,0.2700999975204468
YDR224C,YMR044W,1,-3.4799302,0.21936416625976562,0.7590000033378601,0.2700999975204468
YER162C,YOR295W,0,-3.4802356,0.219300776720047,0.7590000033378601,0.2702000141143799
YKL213C,YDR183W,0,-3.4803538,0.21923743188381195,0.7590000033378601,0.2703000009059906
YDR364C,YPR054W,0,-3.4804614,0.21917413175106049,0.7590000033378601,0.2703999876976013
YDL197C,YML069W,1,-3.4809783,0.21939954161643982,0.7599999904632568,0.2703999876976013
YAL007C,YDR013W,0,-3.4812162,0.21933622658252716,0.7599999904632568,0.2705000042915344
YGR028W,YCR060W,0,-3.4820583,0.2192729413509369,0.7599999904632568,0.27059999108314514
YOR346W,YDR487C,0,-3.4821033,0.219209685921669,0.7599999904632568,0.27070000767707825
YEL063C,YOR060C,0,-3.4821832,0.2191464751958847,0.7599999904632568,0.27079999446868896
YBR109C,YGL183C,0,-3.4829476,0.21908330917358398,0.7599999904632568,0.27090001106262207
YBR288C,YDR221W,0,-3.483168,0.21902017295360565,0.7599999904632568,0.2709999978542328
YKL130C,YNL054W,0,-3.4837153,0.2189570665359497,0.7599999904632568,0.2711000144481659
YIR010W,YCR071C,0,-3.483838,0.21889400482177734,0.7599999904632568,0.2712000012397766
YGL004C,YML085C,0,-3.4839876,0.21883098781108856,0.7599999904632568,0.27129998803138733
YOL017W,YDR181C,1,-3.4842114,0.21905584633350372,0.7609999775886536,0.27129998803138733
YJR053W,YPR070W,0,-3.4842885,0.21899279952049255,0.7609999775886536,0.27140000462532043
YNL161W,YDL017W,0,-3.484556,0.21892979741096497,0.7609999775886536,0.27149999141693115
YNL251C,YML014W,0,-3.4851031,0.21886684000492096,0.7609999775886536,0.27160000801086426
YDL017W,YDR296W,0,-3.4856246,0.21880391240119934,0.7609999775886536,0.271699994802475
YNL059C,YDR096W,1,-3.4860702,0.21902845799922943,0.7620000243186951,0.271699994802475
YBR211C,YKL166C,0,-3.4860938,0.21896551549434662,0.7620000243186951,0.2718000113964081
YKR034W,YFR031C,0,-3.4863303,0.2189026176929474,0.7620000243186951,0.2718999981880188
YDR392W,YMR053C,1,-3.4866674,0.21912693977355957,0.7630000114440918,0.2718999981880188
YLR223C,YNL206C,1,-3.4872706,0.219351127743721,0.7639999985694885,0.2718999981880188
YNL042W,YGL145W,0,-3.4882271,0.219288170337677,0.7639999985694885,0.2720000147819519
YGR267C,YDR059C,0,-3.488261,0.21922525763511658,0.7639999985694885,0.2721000015735626
YMR014W,YLR103C,0,-3.4884684,0.21916235983371735,0.7639999985694885,0.27219998836517334
YNL230C,YDL030W,0,-3.488785,0.2190995067358017,0.7639999985694885,0.27230000495910645
YBR236C,YIL036W,0,-3.488895,0.21903669834136963,0.7639999985694885,0.27239999175071716
YBL023C,YBR037C,0,-3.4889162,0.21897391974925995,0.7639999985694885,0.27250000834465027
YML081C-A,YDR153C,0,-3.4892402,0.21891117095947266,0.7639999985694885,0.272599995136261
YKL188C,YPR189W,0,-3.4894984,0.21884846687316895,0.7639999985694885,0.2727000117301941
YDR385W,YAL024C,0,-3.4895434,0.21878579258918762,0.7639999985694885,0.2727999985218048
YPL022W,YOR265W,0,-3.4899056,0.21872316300868988,0.7639999985694885,0.2728999853134155
YML004C,YJL179W,0,-3.4899373,0.21866056323051453,0.7639999985694885,0.27300000190734863
YKL046C,YPR141C,0,-3.4900868,0.21859799325466156,0.7639999985694885,0.27309998869895935
YOR023C,YFL013C,1,-3.4909203,0.21882151067256927,0.7649999856948853,0.27309998869895935
YDR060W,YBR114W,0,-3.4920018,0.2187589406967163,0.7649999856948853,0.27320000529289246
YDR221W,YCL005W-A,0,-3.49211,0.21869640052318573,0.7649999856948853,0.2732999920845032
YGL216W,YPR055W,0,-3.492418,0.21863389015197754,0.7649999856948853,0.2734000086784363
YDR099W,YNL073W,0,-3.4927886,0.21857142448425293,0.7649999856948853,0.273499995470047
YMR025W,YBR004C,0,-3.493212,0.2185090035200119,0.7649999856948853,0.2736000120639801
YKL060C,YGR199W,0,-3.4941452,0.21844659745693207,0.7649999856948853,0.2736999988555908
YGR120C,YDR296W,0,-3.4946985,0.21838423609733582,0.7649999856948853,0.27379998564720154
YDR069C,YOR353C,0,-3.4951804,0.21832191944122314,0.7649999856948853,0.27390000224113464
YOR288C,YOR346W,0,-3.4952185,0.21825963258743286,0.7649999856948853,0.27399998903274536
YDR016C,YCR060W,0,-3.495267,0.21819737553596497,0.7649999856948853,0.27410000562667847
YOR094W,YEL053C,0,-3.4957705,0.21813516318798065,0.7649999856948853,0.2741999924182892
YHR150W,YGR192C,0,-3.4958,0.21807298064231873,0.7649999856948853,0.2743000090122223
YLR023C,YER162C,0,-3.4958663,0.2180108278989792,0.7649999856948853,0.274399995803833
YCR039C,YDL047W,0,-3.4959254,0.21794871985912323,0.7649999856948853,0.2745000123977661
YOL051W,YCR083W,0,-3.4960082,0.21788664162158966,0.7649999856948853,0.27459999918937683
YER044C,YPR032W,0,-3.4961789,0.21782460808753967,0.7649999856948853,0.27469998598098755
YOL146W,YKR060W,0,-3.4963171,0.21776258945465088,0.7649999856948853,0.27480000257492065
YDL197C,YOL012C,1,-3.496625,0.21798519790172577,0.765999972820282,0.27480000257492065
YNL082W,YGL045W,0,-3.4968467,0.21792317926883698,0.765999972820282,0.27489998936653137
YDL207W,YBL102W,0,-3.4973018,0.21786120533943176,0.765999972820282,0.2750000059604645
YFL025C,YMR299C,0,-3.497574,0.21779926121234894,0.765999972820282,0.2750999927520752
YOL147C,YKL113C,0,-3.4978607,0.2177373468875885,0.765999972820282,0.2752000093460083
YMR129W,YHL006C,0,-3.498038,0.21767547726631165,0.765999972820282,0.275299996137619
YLR207W,YCR073W-A,0,-3.4981744,0.21761363744735718,0.765999972820282,0.2754000127315521
YNL223W,YIR015W,0,-3.4988976,0.2175518274307251,0.765999972820282,0.27549999952316284
YML129C,YEL027W,0,-3.4992473,0.2174900621175766,0.765999972820282,0.27559998631477356
YKL057C,YOR295W,0,-3.4995143,0.2174283266067505,0.765999972820282,0.27570000290870667
YBR201W,YKL093W,0,-3.499541,0.21736663579940796,0.765999972820282,0.2757999897003174
YGR156W,YHL034C,0,-3.4995923,0.21730495989322662,0.765999972820282,0.2759000062942505
YLR026C,YDR422C,0,-3.5000546,0.21724332869052887,0.765999972820282,0.2759999930858612
YFR034C,YLR329W,0,-3.5008225,0.2171817421913147,0.765999972820282,0.2761000096797943
YOL097C,YBR216C,0,-3.5012786,0.2171201854944229,0.765999972820282,0.27619999647140503
YOL068C,YPR052C,1,-3.5014088,0.21734201908111572,0.7670000195503235,0.27619999647140503
YBR179C,YLR045C,0,-3.5014637,0.21728044748306274,0.7670000195503235,0.27630001306533813
YNL139C,YBR048W,0,-3.501521,0.21721892058849335,0.7670000195503235,0.27639999985694885
YHR056C,YDL042C,1,-3.5015314,0.21744054555892944,0.7680000066757202,0.27639999985694885
YPR135W,YCR071C,0,-3.5016494,0.21737900376319885,0.7680000066757202,0.27649998664855957
YGL174W,YKL179C,0,-3.5018668,0.21731749176979065,0.7680000066757202,0.2766000032424927
YHR001W,YGR181W,0,-3.5026152,0.21725600957870483,0.7680000066757202,0.2766999900341034
YLR131C,YOR057W,0,-3.502667,0.2171945720911026,0.7680000066757202,0.2768000066280365
YDL113C,YPL193W,0,-3.502784,0.21713316440582275,0.7680000066757202,0.2768999934196472
YLR113W,YER070W,0,-3.5029213,0.2170717865228653,0.7680000066757202,0.2770000100135803
YLR318W,YDR146C,0,-3.5036182,0.21701045334339142,0.7680000066757202,0.27709999680519104
YGL206C,YGR181W,0,-3.5037758,0.21694914996623993,0.7680000066757202,0.27720001339912415
YER028C,YOR194C,0,-3.5039425,0.21688789129257202,0.7680000066757202,0.27730000019073486
YNL225C,YNL026W,0,-3.5043564,0.2168266475200653,0.7680000066757202,0.2773999869823456
YDR263C,YGR099W,0,-3.5044494,0.21676544845104218,0.7680000066757202,0.2775000035762787
YGR097W,YJL196C,0,-3.5044549,0.21670429408550262,0.7680000066757202,0.2775999903678894
YDL209C,YPL274W,0,-3.5046318,0.21664315462112427,0.7680000066757202,0.2777000069618225
YMR298W,YER149C,0,-3.5050957,0.2165820598602295,0.7680000066757202,0.2777999937534332
YMR001C,YOR117W,0,-3.5051732,0.2165210098028183,0.7680000066757202,0.27790001034736633
YDL055C,YBR097W,0,-3.5053399,0.2164599746465683,0.7680000066757202,0.27799999713897705
YJR001W,YPR037C,0,-3.505647,0.21639898419380188,0.7680000066757202,0.27810001373291016
YDL161W,YHR102W,0,-3.5059717,0.21633802354335785,0.7680000066757202,0.2782000005245209
YLR098C,YAL016W,0,-3.5061982,0.2162771075963974,0.7680000066757202,0.2782999873161316
YOR224C,YBR058C-A,0,-3.5062473,0.21621622145175934,0.7680000066757202,0.2784000039100647
YNL218W,YDL060W,0,-3.506286,0.21615536510944366,0.7680000066757202,0.2784999907016754
YJR082C,YAL011W,1,-3.5069804,0.2163759171962738,0.7689999938011169,0.2784999907016754
YDR353W,YER074W-A,0,-3.5071871,0.21631504595279694,0.7689999938011169,0.2786000072956085
YHR124W,YER031C,0,-3.5076942,0.21625421941280365,0.7689999938011169,0.27869999408721924
YPL121C,YNL177C,0,-3.5087132,0.21619342267513275,0.7689999938011169,0.27880001068115234
YNL317W,YDL093W,0,-3.5092623,0.21613265573978424,0.7689999938011169,0.27889999747276306
YJR001W,YGR253C,0,-3.5095332,0.2160719335079193,0.7689999938011169,0.27900001406669617
YOR244W,YBL003C,1,-3.5098536,0.2162921279668808,0.7699999809265137,0.27900001406669617
YER129W,YOR159C,0,-3.5099487,0.21623139083385468,0.7699999809265137,0.2791000008583069
YGR029W,YBR037C,0,-3.5100496,0.21617068350315094,0.7699999809265137,0.2791999876499176
YBR038W,YBR058C-A,0,-3.5101194,0.2161100208759308,0.7699999809265137,0.2793000042438507
YKL060C,YJL100W,0,-3.510228,0.21604938805103302,0.7699999809265137,0.2793999910354614
YEL018W,YIL110W,0,-3.510241,0.21598878502845764,0.7699999809265137,0.27950000762939453
YNL153C,YNL066W,0,-3.5102804,0.21592821180820465,0.7699999809265137,0.27959999442100525
YOL044W,YOL091W,0,-3.5103266,0.21586768329143524,0.7699999809265137,0.27970001101493835
YBR193C,YNL072W,0,-3.5107958,0.21580716967582703,0.7699999809265137,0.2797999978065491
YLR144C,YKL045W,0,-3.5109832,0.2157467007637024,0.7699999809265137,0.2799000144004822
YGR057C,YDL130W,0,-3.5114772,0.21568627655506134,0.7699999809265137,0.2800000011920929
YGR123C,YKL045W,0,-3.5115314,0.21562588214874268,0.7699999809265137,0.2800999879837036
YBR179C,YPL157W,0,-3.5119572,0.2155655026435852,0.7699999809265137,0.2802000045776367
YMR069W,YGL058W,1,-3.5123127,0.21578505635261536,0.7710000276565552,0.2802000045776367
YGR108W,YNL257C,0,-3.512355,0.21572467684745789,0.7710000276565552,0.28029999136924744
YPR032W,YKL203C,0,-3.512513,0.215664342045784,0.7710000276565552,0.28040000796318054
YER155C,YIL037C,0,-3.5128462,0.2156040221452713,0.7710000276565552,0.28049999475479126
YIL095W,YMR200W,0,-3.5128489,0.2155437469482422,0.7710000276565552,0.28060001134872437
YML080W,YOL094C,0,-3.513166,0.21548351645469666,0.7710000276565552,0.2806999981403351
YIL014W,YHR073W,0,-3.513254,0.21542330086231232,0.7710000276565552,0.2808000147342682
YML112W,YIL016W,0,-3.5133915,0.21536312997341156,0.7710000276565552,0.2809000015258789
YDR425W,YLR066W,0,-3.5135667,0.2153029888868332,0.7710000276565552,0.2809999883174896
YNL118C,YGR085C,0,-3.5138178,0.2152428776025772,0.7710000276565552,0.28110000491142273
YGL048C,YHR006W,0,-3.5138714,0.2151828110218048,0.7710000276565552,0.28119999170303345
YOL017W,YBL008W,1,-3.514361,0.2154017835855484,0.7720000147819519,0.28119999170303345
YJL039C,YLR141W,0,-3.5145333,0.2153417021036148,0.7720000147819519,0.28130000829696655
YOR236W,YHR006W,0,-3.5145514,0.2152816504240036,0.7720000147819519,0.28139999508857727
YCL066W,YDL128W,0,-3.5146701,0.21522162854671478,0.7720000147819519,0.2815000116825104
YGL158W,YER100W,0,-3.5150335,0.21516165137290955,0.7720000147819519,0.2815999984741211
YJL165C,YOR018W,0,-3.5150783,0.2151017040014267,0.7720000147819519,0.2816999852657318
YLR304C,YGR249W,0,-3.5156426,0.21504178643226624,0.7720000147819519,0.2818000018596649
YFR021W,YAL044C,0,-3.5156908,0.21498189866542816,0.7720000147819519,0.28189998865127563
YKL004W,YEL034W,0,-3.5157135,0.21492205560207367,0.7720000147819519,0.28200000524520874
YBR089C-A,YLR357W,1,-3.5157156,0.21514055132865906,0.7730000019073486,0.28200000524520874
YCR086W,YHR205W,0,-3.5159128,0.21508069336414337,0.7730000019073486,0.28209999203681946
YBL015W,YPR125W,0,-3.5159338,0.21502086520195007,0.7730000019073486,0.28220000863075256
YIL051C,YGL124C,0,-3.5166028,0.21496106684207916,0.7730000019073486,0.2822999954223633
YNL016W,YLR329W,0,-3.5166357,0.21490131318569183,0.7730000019073486,0.2824000120162964
YLR256W,YNL287W,0,-3.5166786,0.2148415744304657,0.7730000019073486,0.2824999988079071
YNL221C,YKL006C-A,0,-3.5168388,0.21478188037872314,0.7730000019073486,0.2825999855995178
YOL076W,YKL214C,0,-3.5176003,0.21472221612930298,0.7730000019073486,0.2827000021934509
YGL116W,YDR212W,0,-3.517605,0.2146625965833664,0.7730000019073486,0.28279998898506165
YOL049W,YEL034W,0,-3.517729,0.214602991938591,0.7730000019073486,0.28290000557899475
YPL100W,YOR241W,0,-3.5179513,0.2145434319972992,0.7730000019073486,0.28299999237060547
YLR131C,YNL232W,0,-3.5182645,0.21448390185832977,0.7730000019073486,0.2831000089645386
YDL004W,YPR133C,0,-3.5183449,0.21442441642284393,0.7730000019073486,0.2831999957561493
YMR296C,YFL008W,0,-3.5195787,0.2143649458885193,0.7730000019073486,0.2833000123500824
YOL009C,YGL243W,0,-3.5196455,0.21430552005767822,0.7730000019073486,0.2833999991416931
YIL076W,YDR325W,0,-3.5202267,0.21424612402915955,0.7730000019073486,0.28349998593330383
YHL040C,YJR031C,0,-3.5203273,0.21418675780296326,0.7730000019073486,0.28360000252723694
YDR194C,YPL232W,0,-3.5211427,0.21412742137908936,0.7730000019073486,0.28369998931884766
YDL046W,YJR010C-A,0,-3.5212495,0.21406812965869904,0.7730000019073486,0.28380000591278076
YKL192C,YCR027C,0,-3.521468,0.2140088528394699,0.7730000019073486,0.2838999927043915
YLR131C,YPL133C,0,-3.5216372,0.21394962072372437,0.7730000019073486,0.2840000092983246
YBR079C,YBL004W,0,-3.522008,0.2138904333114624,0.7730000019073486,0.2840999960899353
YNL135C,YMR044W,1,-3.5221314,0.21410788595676422,0.7739999890327454,0.2840999960899353
YDL099W,YDR011W,0,-3.5222814,0.21404866874217987,0.7739999890327454,0.2842000126838684
YPL204W,YMR163C,0,-3.5225053,0.2139894962310791,0.7739999890327454,0.2842999994754791
YBL040C,YNL073W,0,-3.5226984,0.21393035352230072,0.7739999890327454,0.28439998626708984
YPL267W,YMR113W,0,-3.5231895,0.21387124061584473,0.7739999890327454,0.28450000286102295
YOR329C,YCL005W-A,0,-3.5233881,0.21381215751171112,0.7739999890327454,0.28459998965263367
YBR102C,YHR161C,0,-3.5234196,0.2137531042098999,0.7739999890327454,0.2847000062465668
YPL169C,YDR473C,0,-3.5235193,0.21369409561157227,0.7739999890327454,0.2847999930381775
YGR249W,YBR022W,0,-3.5238721,0.21363510191440582,0.7739999890327454,0.2849000096321106
YMR199W,YML023C,0,-3.524089,0.21357615292072296,0.7739999890327454,0.2849999964237213
YNL333W,YCR042C,0,-3.5242507,0.21351724863052368,0.7739999890327454,0.2851000130176544
YHR015W,YAR031W,0,-3.5243073,0.2134583592414856,0.7739999890327454,0.28519999980926514
YEL034W,YNL177C,0,-3.5244572,0.2133994996547699,0.7739999890327454,0.28529998660087585
YKR086W,YGL135W,0,-3.5248935,0.21334068477153778,0.7739999890327454,0.28540000319480896
YAL022C,YDR378C,0,-3.5249033,0.21328189969062805,0.7739999890327454,0.2854999899864197
YGR199W,YDR325W,0,-3.5253644,0.2132231444120407,0.7739999890327454,0.2856000065803528
YKR036C,YLL024C,0,-3.5254762,0.21316441893577576,0.7739999890327454,0.2856999933719635
YLL061W,YCR027C,0,-3.525521,0.2131057232618332,0.7739999890327454,0.2858000099658966
YMR277W,YOL026C,0,-3.5259187,0.2130470722913742,0.7739999890327454,0.2858999967575073
YNL268W,YGR095C,0,-3.5268784,0.21298843622207642,0.7739999890327454,0.28600001335144043
YLR131C,YHR124W,0,-3.5273855,0.2129298448562622,0.7739999890327454,0.28610000014305115
YGR257C,YJR110W,0,-3.527509,0.21287128329277039,0.7739999890327454,0.28619998693466187
YOR245C,YER178W,0,-3.5276353,0.21281275153160095,0.7739999890327454,0.28630000352859497
YBR296C,YBR293W,0,-3.5277379,0.2127542644739151,0.7739999890327454,0.2863999903202057
YBR109C,YML019W,0,-3.5281327,0.21269579231739044,0.7739999890327454,0.2865000069141388
YNL117W,YPL233W,0,-3.528321,0.21263736486434937,0.7739999890327454,0.2865999937057495
YMR207C,YJR004C,0,-3.528352,0.21257896721363068,0.7739999890327454,0.2867000102996826
YER177W,YDR388W,0,-3.5286238,0.21252059936523438,0.7739999890327454,0.28679999709129333
YMR200W,YHR163W,0,-3.5287068,0.21246226131916046,0.7739999890327454,0.28690001368522644
YML081C-A,YNL253W,0,-3.5287302,0.21240395307540894,0.7739999890327454,0.28700000047683716
YDR085C,YOR355W,0,-3.529351,0.2123456746339798,0.7739999890327454,0.2870999872684479
YNL080C,YDR156W,0,-3.5296383,0.21228744089603424,0.7739999890327454,0.287200003862381
YER013W,YOL039W,0,-3.5298178,0.21222922205924988,0.7739999890327454,0.2872999906539917
YKL015W,YPR132W,0,-3.5299792,0.2121710479259491,0.7739999890327454,0.2874000072479248
YNR067C,YNL282W,0,-3.5303154,0.2121129035949707,0.7739999890327454,0.2874999940395355
YDR037W,YGR059W,0,-3.530555,0.2120547890663147,0.7739999890327454,0.28760001063346863
YNL210W,YOR269W,0,-3.5310888,0.21199671924114227,0.7739999890327454,0.28769999742507935
YER107C,YNL029C,0,-3.531994,0.21193866431713104,0.7739999890327454,0.28780001401901245
YDR298C,YGR082W,0,-3.5322316,0.2118806391954422,0.7739999890327454,0.28790000081062317
YOR353C,YIL144W,0,-3.53229,0.21182265877723694,0.7739999890327454,0.2879999876022339
YBL016W,YIL072W,0,-3.5326202,0.21176470816135406,0.7739999890327454,0.288100004196167
YOR188W,YDR238C,0,-3.5328019,0.21170678734779358,0.7739999890327454,0.2881999909877777
YGL240W,YGR059W,0,-3.5328321,0.21164889633655548,0.7739999890327454,0.2883000075817108
YBL002W,YBR279W,1,-3.5335886,0.2118644118309021,0.7749999761581421,0.2883000075817108
YNL149C,YNL287W,0,-3.5339954,0.2118065059185028,0.7749999761581421,0.28839999437332153
YML071C,YBL047C,0,-3.5341043,0.2117486298084259,0.7749999761581421,0.28850001096725464
YGL115W,YBL055C,0,-3.5343134,0.21169079840183258,0.7749999761581421,0.28859999775886536
YGL183C,YJL074C,0,-3.534356,0.21163298189640045,0.7749999761581421,0.28870001435279846
YKL206C,YDL231C,0,-3.5358162,0.2115752100944519,0.7749999761581421,0.2888000011444092
YMR298W,YDL097C,0,-3.536136,0.21151746809482574,0.7749999761581421,0.2888999879360199
YGR041W,YOR127W,0,-3.5364273,0.21145975589752197,0.7749999761581421,0.289000004529953
YNL278W,YGL240W,0,-3.5364463,0.2114020735025406,0.7749999761581421,0.2890999913215637
YLR035C,YDR129C,0,-3.5370333,0.2113444209098816,0.7749999761581421,0.2892000079154968
YCR002C,YMR032W,0,-3.537289,0.21128679811954498,0.7749999761581421,0.28929999470710754
YJL095W,YDR419W,0,-3.5374649,0.21122922003269196,0.7749999761581421,0.28940001130104065
YKL192C,YJL201W,0,-3.5374815,0.21117165684700012,0.7749999761581421,0.28949999809265137
YDR052C,YGR245C,0,-3.537739,0.21111413836479187,0.7749999761581421,0.2896000146865845
YLR069C,YOR057W,0,-3.5380232,0.211056649684906,0.7749999761581421,0.2897000014781952
YBR290W,YGR185C,0,-3.53809,0.21099917590618134,0.7749999761581421,0.2897999882698059
YKL019W,YKR057W,0,-3.5381978,0.21094174683094025,0.7749999761581421,0.289900004863739
YMR001C,YOR295W,0,-3.5385065,0.21088434755802155,0.7749999761581421,0.28999999165534973
YNL014W,YJL204C,0,-3.5385442,0.21082699298858643,0.7749999761581421,0.29010000824928284
YJL099W,YNR067C,0,-3.538707,0.2107696533203125,0.7749999761581421,0.29019999504089355
YER030W,YDR469W,1,-3.54024,0.2109842300415039,0.7760000228881836,0.29019999504089355
YDL147W,YPR182W,0,-3.5408742,0.2109268754720688,0.7760000228881836,0.29030001163482666
YGL257C,YFR031C,0,-3.5409226,0.21086956560611725,0.7760000228881836,0.2903999984264374
YPL178W,YJR052W,0,-3.5412788,0.2108122855424881,0.7760000228881836,0.2904999852180481
YNL218W,YNL126W,0,-3.5416005,0.21075502038002014,0.7760000228881836,0.2906000018119812
YOR085W,YLR376C,0,-3.541612,0.21069779992103577,0.7760000228881836,0.2906999886035919
YOL164W,YML074C,0,-3.5422215,0.21064060926437378,0.7760000228881836,0.290800005197525
YCL016C,YER118C,0,-3.5422466,0.21058344841003418,0.7760000228881836,0.29089999198913574
YGR199W,YIL153W,0,-3.5423782,0.21052631735801697,0.7760000228881836,0.29100000858306885
YPL042C,YOR043W,0,-3.5427108,0.21046921610832214,0.7760000228881836,0.29109999537467957
YLR084C,YLR045C,0,-3.5427263,0.2104121446609497,0.7760000228881836,0.29120001196861267
YBL093C,YLR167W,0,-3.543157,0.21035510301589966,0.7760000228881836,0.2912999987602234
YNL094W,YML036W,0,-3.5432544,0.2102981060743332,0.7760000228881836,0.2913999855518341
YDR017C,YML064C,0,-3.5433998,0.21024112403392792,0.7760000228881836,0.2915000021457672
YOR249C,YNL262W,1,-3.5435214,0.2104550451040268,0.7770000100135803,0.2915000021457672
YOL011W,YHR135C,0,-3.5435512,0.21039804816246033,0.7770000100135803,0.29159998893737793
YGR038W,YBL055C,0,-3.5442605,0.21034109592437744,0.7770000100135803,0.29170000553131104
YML086C,YGR231C,0,-3.5445755,0.21028417348861694,0.7770000100135803,0.29179999232292175
YKL192C,YML062C,0,-3.5448823,0.21022726595401764,0.7770000100135803,0.29190000891685486
YIR019C,YKR028W,0,-3.5450468,0.21017040312290192,0.7770000100135803,0.2919999957084656
YLR242C,YBR077C,0,-3.54519,0.21011357009410858,0.7770000100135803,0.2921000123023987
YOL049W,YFL017W-A,0,-3.5452144,0.21005676686763763,0.7770000100135803,0.2921999990940094
YKL206C,YDR082W,0,-3.545509,0.20999999344348907,0.7770000100135803,0.2922999858856201
YLR238W,YGR123C,0,-3.5459769,0.2099432647228241,0.7770000100135803,0.2924000024795532
YKR036C,YJL192C,0,-3.546128,0.2098865509033203,0.7770000100135803,0.29249998927116394
YPL181W,YMR273C,1,-3.5462372,0.21009992063045502,0.777999997138977,0.29249998927116394
YJL194W,YKL025C,0,-3.546991,0.21004319190979004,0.777999997138977,0.29260000586509705
YNL288W,YOL016C,0,-3.5473483,0.20998650789260864,0.777999997138977,0.29269999265670776
YPL059W,YBR111W-A,0,-3.5473547,0.20992983877658844,0.777999997138977,0.29280000925064087
YNR075W,YHR027C,0,-3.547407,0.20987321436405182,0.777999997138977,0.2928999960422516
YNL135C,YFR037C,1,-3.5474184,0.21008630096912384,0.7789999842643738,0.2928999960422516
YLR431C,YGL257C,0,-3.5475698,0.21002966165542603,0.7789999842643738,0.2930000126361847
YPR054W,YJL035C,0,-3.5476377,0.2099730521440506,0.7789999842643738,0.2930999994277954
YER143W,YBL080C,0,-3.547696,0.20991645753383636,0.7789999842643738,0.29319998621940613
YGL195W,YOR367W,0,-3.5478354,0.2098599076271057,0.7789999842643738,0.29330000281333923
YHR158C,YPR110C,0,-3.5479066,0.20980338752269745,0.7789999842643738,0.29339998960494995
YGL020C,YCR060W,0,-3.5480719,0.20974689722061157,0.7789999842643738,0.29350000619888306
YOR085W,YLR362W,0,-3.5484326,0.20969043672084808,0.7789999842643738,0.2935999929904938
YKL182W,YMR216C,0,-3.5484507,0.20963402092456818,0.7789999842643738,0.2937000095844269
YOR113W,YER038C,0,-3.549091,0.20957762002944946,0.7789999842643738,0.2937999963760376
YKL182W,YDL005C,0,-3.549101,0.20952124893665314,0.7789999842643738,0.2939000129699707
YML062C,YLR176C,0,-3.5492935,0.2094649076461792,0.7789999842643738,0.2939999997615814
YMR219W,YJL080C,1,-3.5496974,0.20967741310596466,0.7799999713897705,0.2939999997615814
YBR004C,YJR042W,0,-3.549886,0.20962107181549072,0.7799999713897705,0.29409998655319214
YDR148C,YAL029C,0,-3.5503,0.20956474542617798,0.7799999713897705,0.29420000314712524
YLR210W,YDR397C,0,-3.5512493,0.20950846374034882,0.7799999713897705,0.29429998993873596
YDR211W,YJR004C,0,-3.5513866,0.20945219695568085,0.7799999713897705,0.29440000653266907
YML057W,YDR460W,0,-3.5514386,0.20939597487449646,0.7799999713897705,0.2944999933242798
YGL019W,YHR081W,0,-3.5515406,0.20933976769447327,0.7799999713897705,0.2946000099182129
YIR004W,YDR135C,0,-3.5515788,0.20928360521793365,0.7799999713897705,0.2946999967098236
YJR002W,YML031W,0,-3.5517619,0.20922747254371643,0.7799999713897705,0.2948000133037567
YBL063W,YIL031W,0,-3.552378,0.2091713547706604,0.7799999713897705,0.29490000009536743
YNR033W,YDR361C,0,-3.552418,0.20911528170108795,0.7799999713897705,0.29499998688697815
YLL022C,YNL216W,1,-3.5527813,0.20932725071907043,0.781000018119812,0.29499998688697815
YLR318W,YBR061C,0,-3.5529096,0.2092711627483368,0.781000018119812,0.29510000348091125
YPR193C,YPL235W,1,-3.5531209,0.20948298275470734,0.7820000052452087,0.29510000348091125
YDL008W,YOR144C,0,-3.5531428,0.2094268947839737,0.7820000052452087,0.295199990272522
YGL078C,YCR028C,0,-3.5532787,0.20937082171440125,0.7820000052452087,0.2953000068664551
YJR144W,YDR083W,0,-3.5538418,0.20931477844715118,0.7820000052452087,0.2953999936580658
YLR060W,YOR216C,0,-3.553942,0.2092587649822235,0.7820000052452087,0.2955000102519989
YBR236C,YDL137W,0,-3.5543392,0.20920278131961823,0.7820000052452087,0.2955999970436096
YPL055C,YOR209C,1,-3.5546348,0.2094142884016037,0.7829999923706055,0.2955999970436096
YLR350W,YOL039W,0,-3.5554698,0.20935828983783722,0.7829999923706055,0.2957000136375427
YDL015C,YKL041W,0,-3.5556448,0.20930232107639313,0.7829999923706055,0.29580000042915344
YER001W,YGL211W,0,-3.5556462,0.20924639701843262,0.7829999923706055,0.29589998722076416
YOR250C,YLR276C,0,-3.5557823,0.2091904878616333,0.7829999923706055,0.29600000381469727
YNL223W,YLR292C,0,-3.556025,0.20913460850715637,0.7829999923706055,0.296099990606308
YHR081W,YMR164C,0,-3.5561922,0.20907877385616302,0.7829999923706055,0.2962000072002411
YEL062W,YDR412W,0,-3.5562613,0.20902295410633087,0.7829999923706055,0.2962999939918518
YNL223W,YML094W,0,-3.556457,0.2089671790599823,0.7829999923706055,0.2964000105857849
YER116C,YBR097W,0,-3.5565407,0.20891141891479492,0.7829999923706055,0.29649999737739563
YMR052W,YAL032C,0,-3.5569127,0.20885568857192993,0.7829999923706055,0.29660001397132874
YPL145C,YGL216W,0,-3.5571823,0.20880000293254852,0.7829999923706055,0.29670000076293945
YDL126C,YER149C,0,-3.5575476,0.2087443321943283,0.7829999923706055,0.29679998755455017
YOR341W,YNL049C,0,-3.5578768,0.20868870615959167,0.7829999923706055,0.2969000041484833
YDR121W,YJL080C,1,-3.558056,0.20889954268932343,0.7839999794960022,0.2969000041484833
YFL036W,YKL125W,0,-3.5583012,0.2088439017534256,0.7839999794960022,0.296999990940094
YML085C,YKR060W,0,-3.558452,0.20878827571868896,0.7839999794960022,0.2971000075340271
YDL200C,YLR119W,0,-3.5585454,0.2087326943874359,0.7839999794960022,0.2971999943256378
YKL135C,YLR003C,0,-3.559014,0.20867714285850525,0.7839999794960022,0.2973000109195709
YGR041W,YPL151C,0,-3.5590456,0.20862160623073578,0.7839999794960022,0.29739999771118164
YNL135C,YOR123C,1,-3.5592039,0.20883212983608246,0.7850000262260437,0.29739999771118164
YJL047C,YNL244C,0,-3.5593407,0.208776593208313,0.7850000262260437,0.29750001430511475
YGR081C,YOR172W,0,-3.5594008,0.2087210863828659,0.7850000262260437,0.29760000109672546
YBR089C-A,YKR029C,1,-3.5595565,0.20893141627311707,0.7860000133514404,0.29760000109672546
YML081C-A,YGR197C,0,-3.559641,0.2088758945465088,0.7860000133514404,0.2976999878883362
YBR286W,YHR150W,0,-3.5596464,0.2088204026222229,0.7860000133514404,0.2978000044822693
YMR055C,YFL045C,0,-3.5598161,0.2087649405002594,0.7860000133514404,0.29789999127388
YHR115C,YBL040C,0,-3.5601969,0.2087095081806183,0.7860000133514404,0.2980000078678131
YMR067C,YOR083W,0,-3.5602696,0.20865410566329956,0.7860000133514404,0.29809999465942383
YLR361C,YOL135C,0,-3.5608,0.20859873294830322,0.7860000133514404,0.29820001125335693
YLR002C,YKL130C,0,-3.5608354,0.20854337513446808,0.7860000133514404,0.29829999804496765
YEL063C,YBR097W,0,-3.5619361,0.20848806202411652,0.7860000133514404,0.29840001463890076
YNR057C,YKL048C,0,-3.5622544,0.20843277871608734,0.7860000133514404,0.2985000014305115
YBR218C,YHL009C,0,-3.5624948,0.20837752521038055,0.7860000133514404,0.2985999882221222
YPL167C,YGL048C,0,-3.5627496,0.20832228660583496,0.7860000133514404,0.2987000048160553
YNL142W,YMR153W,0,-3.5627906,0.20826709270477295,0.7860000133514404,0.298799991607666
YBR130C,YHR012W,0,-3.5636897,0.20821191370487213,0.7860000133514404,0.2989000082015991
YLR098C,YPR037C,0,-3.5636945,0.2081567794084549,0.7860000133514404,0.29899999499320984
YMR073C,YPL174C,0,-3.563775,0.20810167491436005,0.7860000133514404,0.29910001158714294
YJL201W,YOR212W,0,-3.5638206,0.2080465853214264,0.7860000133514404,0.29919999837875366
YHR031C,YER072W,0,-3.5640345,0.20799152553081512,0.7860000133514404,0.2992999851703644
YKL074C,YNR003C,0,-3.5641315,0.20793651044368744,0.7860000133514404,0.2994000017642975
YDR375C,YKR034W,0,-3.5645323,0.20788151025772095,0.7860000133514404,0.2994999885559082
YEL071W,YJR017C,0,-3.5646098,0.20782653987407684,0.7860000133514404,0.2996000051498413
YHR124W,YOL040C,0,-3.5647,0.20777161419391632,0.7860000133514404,0.299699991941452
YDR054C,YNL156C,0,-3.5650866,0.207716703414917,0.7860000133514404,0.29980000853538513
YOL066C,YHR060W,0,-3.5651155,0.20766182243824005,0.7860000133514404,0.29989999532699585
YPL055C,YBR231C,1,-3.5651605,0.20787110924720764,0.7870000004768372,0.29989999532699585
YDL045C,YLR141W,0,-3.565231,0.2078162133693695,0.7870000004768372,0.30000001192092896
YMR037C,YNL214W,0,-3.5657182,0.20776134729385376,0.7870000004768372,0.3000999987125397
YIL040W,YNL292W,0,-3.5661771,0.2077065259218216,0.7870000004768372,0.3001999855041504
YLR361C,YDR198C,0,-3.5666854,0.20765171945095062,0.7870000004768372,0.3003000020980835
YPL152W,YGL145W,0,-3.5669906,0.20759694278240204,0.7870000004768372,0.3003999888896942
YOL100W,YBL004W,0,-3.5671992,0.20754219591617584,0.7870000004768372,0.3005000054836273
YNL232W,YAL007C,0,-3.567228,0.20748747885227203,0.7870000004768372,0.30059999227523804
YJR022W,YDL087C,0,-3.5672765,0.2074327915906906,0.7870000004768372,0.30070000886917114
YGR099W,YKL014C,0,-3.5675218,0.20737813413143158,0.7870000004768372,0.30079999566078186
YOR316C,YLR005W,0,-3.5675595,0.20732349157333374,0.7870000004768372,0.30090001225471497
YNL279W,YDL159W,0,-3.5677335,0.20726889371871948,0.7870000004768372,0.3009999990463257
YDL236W,YJL168C,1,-3.5678196,0.2074776142835617,0.7879999876022339,0.3009999990463257
YAR019C,YKL119C,0,-3.5681214,0.20742300152778625,0.7879999876022339,0.3010999858379364
YMR190C,YOL093W,0,-3.5698895,0.2073684185743332,0.7879999876022339,0.3012000024318695
YGR041W,YKL120W,0,-3.5699875,0.20731386542320251,0.7879999876022339,0.3012999892234802
YER104W,YFL002C,0,-3.570241,0.20725934207439423,0.7879999876022339,0.30140000581741333
YJL091C,YAR018C,0,-3.5703375,0.20720483362674713,0.7879999876022339,0.30149999260902405
YMR005W,YBR069C,0,-3.570841,0.20715036988258362,0.7879999876022339,0.30160000920295715
YDR473C,YGL120C,0,-3.5708761,0.2070959210395813,0.7879999876022339,0.30169999599456787
YCL035C,YJR050W,0,-3.5708773,0.20704151690006256,0.7879999876022339,0.301800012588501
YMR091C,YER169W,1,-3.5709393,0.20724980533123016,0.7889999747276306,0.301800012588501
YLR342W,YER072W,0,-3.571308,0.20719537138938904,0.7889999747276306,0.3018999993801117
YKL138C-A,YNL264C,0,-3.5716982,0.2071409821510315,0.7889999747276306,0.3019999861717224
YBL097W,YMR232W,0,-3.571717,0.20708660781383514,0.7889999747276306,0.3021000027656555
YPR143W,YER031C,0,-3.5718565,0.20703227818012238,0.7889999747276306,0.30219998955726624
YGL200C,YJL154C,0,-3.57219,0.2069779634475708,0.7889999747276306,0.30230000615119934
YOL026C,YPL159C,0,-3.5723653,0.2069236785173416,0.7889999747276306,0.30239999294281006
YBL002W,YMR236W,1,-3.5726414,0.20713162422180176,0.7900000214576721,0.30239999294281006
YMR316W,YBL022C,0,-3.572992,0.20707732439041138,0.7900000214576721,0.30250000953674316
YPL132W,YLR006C,0,-3.5734148,0.20702305436134338,0.7900000214576721,0.3025999963283539
YLR384C,YLL027W,0,-3.5736363,0.20696882903575897,0.7900000214576721,0.302700012922287
YIR041W,YLR298C,0,-3.573645,0.20691461861133575,0.7900000214576721,0.3027999997138977
YPR128C,YFR005C,0,-3.5736868,0.20686043798923492,0.7900000214576721,0.3028999865055084
YPR171W,YDR529C,0,-3.573828,0.20680628716945648,0.7900000214576721,0.30300000309944153
YNL091W,YIL056W,0,-3.5739112,0.20675216615200043,0.7900000214576721,0.30309998989105225
YBR294W,YDR341C,0,-3.5743527,0.20669806003570557,0.7900000214576721,0.30320000648498535
YEL062W,YGL097W,0,-3.5745256,0.2066439986228943,0.7900000214576721,0.30329999327659607
YER169W,YDL084W,1,-3.574825,0.20685146749019623,0.7910000085830688,0.30329999327659607
YNL059C,YCR052W,1,-3.5748699,0.20705881714820862,0.7919999957084656,0.30329999327659607
YNR067C,YPR046W,0,-3.574912,0.20700471103191376,0.7919999957084656,0.3034000098705292
YDR009W,YOR308C,0,-3.5749304,0.2069506198167801,0.7919999957084656,0.3034999966621399
YOL034W,YGR129W,0,-3.5750368,0.2068965584039688,0.7919999957084656,0.303600013256073
YML060W,YDR489W,0,-3.575047,0.20684251189231873,0.7919999957084656,0.3037000000476837
YMR163C,YER003C,0,-3.5753188,0.20678851008415222,0.7919999957084656,0.30379998683929443
YLL027W,YPL243W,0,-3.5754066,0.2067345380783081,0.7919999957084656,0.30390000343322754
YNL328C,YGL115W,0,-3.5755665,0.20668058097362518,0.7919999957084656,0.30399999022483826
YDR375C,YMR208W,0,-3.5755742,0.20662666857242584,0.7919999957084656,0.30410000681877136
YMR224C,YOL129W,0,-3.5758073,0.2065727710723877,0.7919999957084656,0.3041999936103821
YBR010W,YHR056C,1,-3.575875,0.20677965879440308,0.7929999828338623,0.3041999936103821
YER110C,YKL042W,0,-3.5759642,0.20672576129436493,0.7929999828338623,0.3043000102043152
YLR361C,YLR141W,0,-3.5762203,0.20667187869548798,0.7929999828338623,0.3043999969959259
YKL182W,YHR077C,0,-3.5762243,0.2066180258989334,0.7929999828338623,0.304500013589859
YBR236C,YPL040C,0,-3.576345,0.20656420290470123,0.7929999828338623,0.3046000003814697
YKR031C,YGR144W,0,-3.5765452,0.20651040971279144,0.7929999828338623,0.30469998717308044
YMR298W,YER089C,0,-3.576615,0.20645664632320404,0.7929999828338623,0.30480000376701355
YKL206C,YGL158W,0,-3.5767636,0.20640291273593903,0.7929999828338623,0.30489999055862427
YIR013C,YDR243C,0,-3.576878,0.2063492089509964,0.7929999828338623,0.3050000071525574
YDR156W,YIL039W,0,-3.5770528,0.20629552006721497,0.7929999828338623,0.3050999939441681
YGR217W,YGR270W,0,-3.577141,0.20624187588691711,0.7929999828338623,0.3052000105381012
YGL194C,YBR279W,1,-3.5773351,0.2064482569694519,0.7940000295639038,0.3052000105381012
YGR258C,YJL129C,0,-3.577373,0.20639459788799286,0.7940000295639038,0.3052999973297119
YPL116W,YNL088W,1,-3.5774126,0.2066008299589157,0.7950000166893005,0.3052999973297119
YBR215W,YAR003W,1,-3.577475,0.2068069577217102,0.7960000038146973,0.3052999973297119
YHR034C,YDR498C,0,-3.577759,0.20675325393676758,0.7960000038146973,0.305400013923645
YHR015W,YDL047W,0,-3.5782635,0.20669956505298615,0.7960000038146973,0.30550000071525574
YGL066W,YBR198C,1,-3.5784667,0.20690549910068512,0.796999990940094,0.30550000071525574
YDR205W,YGL207W,0,-3.579333,0.2068518102169037,0.796999990940094,0.30559998750686646
YKL054C,YAR002W,0,-3.5795546,0.20679813623428345,0.796999990940094,0.30570000410079956
YBL090W,YER005W,0,-3.579763,0.2067444920539856,0.796999990940094,0.3057999908924103
YER001W,YDR228C,0,-3.5798414,0.20669087767601013,0.796999990940094,0.3059000074863434
YDL128W,YDR495C,0,-3.5799592,0.20663727819919586,0.796999990940094,0.3059999942779541
YCR026C,YKR014C,0,-3.5803607,0.20658372342586517,0.796999990940094,0.3061000108718872
YJL184W,YGL062W,0,-3.580931,0.20653018355369568,0.796999990940094,0.3061999976634979
YDL084W,YNL088W,1,-3.5813503,0.2067357450723648,0.7979999780654907,0.3061999976634979
YGL167C,YNL250W,0,-3.581383,0.2066822052001953,0.7979999780654907,0.30630001425743103
YLR286C,YBL080C,0,-3.5815852,0.2066286951303482,0.7979999780654907,0.30640000104904175
YOL104C,YER012W,0,-3.5837004,0.2065751999616623,0.7979999780654907,0.30649998784065247
YGL033W,YMR204C,0,-3.5850275,0.20652173459529877,0.7979999780654907,0.30660000443458557
YNL074C,YPR094W,0,-3.5853112,0.20646829903125763,0.7979999780654907,0.3066999912261963
YLR002C,YMR156C,0,-3.5854647,0.20641489326953888,0.7979999780654907,0.3068000078201294
YNL250W,YFL037W,0,-3.5855815,0.20636151731014252,0.7979999780654907,0.3068999946117401
YCR048W,YPL127C,0,-3.5857313,0.20630817115306854,0.7979999780654907,0.3070000112056732
YGR108W,YAL058W,0,-3.5859277,0.20625483989715576,0.7979999780654907,0.30709999799728394
YAL058W,YOL067C,0,-3.5859373,0.20620155334472656,0.7979999780654907,0.30720001459121704
YMR032W,YNL126W,0,-3.5859747,0.20614828169345856,0.7979999780654907,0.30730000138282776
YOR236W,YGR163W,0,-3.5861075,0.20609503984451294,0.7979999780654907,0.3073999881744385
YOL156W,YLR268W,0,-3.5866678,0.2060418277978897,0.7979999780654907,0.3075000047683716
YOR034C,YLR447C,0,-3.586926,0.20598864555358887,0.7979999780654907,0.3075999915599823
YOR002W,YLR181C,0,-3.5871317,0.20593547821044922,0.7979999780654907,0.3077000081539154
YPR055W,YFL004W,0,-3.5873754,0.20588235557079315,0.7979999780654907,0.3077999949455261
YBR199W,YMR225C,0,-3.5874338,0.20582924783229828,0.7979999780654907,0.30790001153945923
YPL202C,YOR188W,0,-3.5875242,0.2057761698961258,0.7979999780654907,0.30799999833106995
YJL006C,YBL004W,0,-3.5876377,0.2057231217622757,0.7979999780654907,0.30809998512268066
YJL194W,YMR314W,0,-3.5878012,0.20567010343074799,0.7979999780654907,0.30820000171661377
YHR124W,YIL018W,0,-3.5891116,0.20561711490154266,0.7979999780654907,0.3082999885082245
YIL124W,YMR234W,0,-3.589124,0.20556414127349854,0.7979999780654907,0.3084000051021576
YBR065C,YCL059C,0,-3.589505,0.2055111974477768,0.7979999780654907,0.3084999918937683
YHR129C,YPR175W,0,-3.5899327,0.20545828342437744,0.7979999780654907,0.3086000084877014
YNL298W,YER082C,0,-3.5905285,0.20540539920330048,0.7979999780654907,0.30869999527931213
YML113W,YOL072W,0,-3.5906034,0.2053525447845459,0.7979999780654907,0.30880001187324524
YBR243C,YKR085C,0,-3.5914376,0.2052997201681137,0.7979999780654907,0.30889999866485596
YPL115C,YNL210W,0,-3.5916035,0.2052469104528427,0.7979999780654907,0.3089999854564667
YOR002W,YCL038C,0,-3.5917687,0.2051941305398941,0.7979999780654907,0.3091000020503998
YMR311C,YOR241W,0,-3.5918477,0.20514139533042908,0.7979999780654907,0.3091999888420105
YMR255W,YPR054W,0,-3.5919771,0.20508866012096405,0.7979999780654907,0.3093000054359436
YLR332W,YMR216C,0,-3.5919945,0.2050359696149826,0.7979999780654907,0.3093999922275543
YDL128W,YER123W,0,-3.5923135,0.20498330891132355,0.7979999780654907,0.3095000088214874
YBR041W,YJR126C,0,-3.5923617,0.20493066310882568,0.7979999780654907,0.30959999561309814
YLR318W,YMR197C,0,-3.5924811,0.2048780471086502,0.7979999780654907,0.30970001220703125
YLR210W,YDR194C,0,-3.5925784,0.20482546091079712,0.7979999780654907,0.30979999899864197
YJL165C,YOR150W,0,-3.5926325,0.20477290451526642,0.7979999780654907,0.3098999857902527
YLL001W,YGR267C,0,-3.593116,0.2047203630208969,0.7979999780654907,0.3100000023841858
YGL191W,YOR295W,0,-3.593559,0.204667866230011,0.7979999780654907,0.3100999891757965
YAL051W,YER074W-A,0,-3.5938337,0.20461538434028625,0.7979999780654907,0.3102000057697296
YJL047C,YNL257C,0,-3.5948012,0.2045629322528839,0.7979999780654907,0.31029999256134033
YGL238W,YPR111W,0,-3.5949016,0.20451050996780396,0.7979999780654907,0.31040000915527344
YEL027W,YJL093C,0,-3.595227,0.2044581025838852,0.7979999780654907,0.31049999594688416
YIL143C,YKL028W,0,-3.5953786,0.20440573990345,0.7979999780654907,0.31060001254081726
YDR284C,YHR077C,0,-3.5957558,0.20435339212417603,0.7979999780654907,0.310699999332428
YOL117W,YNL066W,0,-3.5958307,0.20430107414722443,0.7979999780654907,0.3107999861240387
YDL069C,YOR386W,0,-3.5959342,0.20424878597259521,0.7979999780654907,0.3109000027179718
YHR086W,YGL063W,0,-3.5962775,0.2041965126991272,0.7979999780654907,0.3109999895095825
YBR086C,YHR124W,0,-3.5967174,0.20414428412914276,0.7979999780654907,0.3111000061035156
YEL027W,YEL069C,0,-3.5968597,0.20409207046031952,0.7979999780654907,0.31119999289512634
YGL216W,YKL085W,0,-3.5971024,0.20403988659381866,0.7979999780654907,0.31130000948905945
YBR296C,YNL287W,0,-3.5971425,0.2039877325296402,0.7979999780654907,0.31139999628067017
YNR017W,YIR015W,0,-3.5971615,0.20393559336662292,0.7979999780654907,0.31150001287460327
YOL059W,YGL044C,0,-3.5971928,0.20388349890708923,0.7979999780654907,0.311599999666214
YBR119W,YGR090W,0,-3.5974696,0.20383141934871674,0.7979999780654907,0.3116999864578247
YPR171W,YCL051W,0,-3.5979972,0.20377936959266663,0.7979999780654907,0.3118000030517578
YOR085W,YOR347C,0,-3.598447,0.2037273496389389,0.7979999780654907,0.31189998984336853
YLR170C,YKR046C,0,-3.5985048,0.20367534458637238,0.7979999780654907,0.31200000643730164
YJR093C,YOR162C,0,-3.5985677,0.20362336933612823,0.7979999780654907,0.31209999322891235
YDL087C,YMR142C,0,-3.598667,0.20357142388820648,0.7979999780654907,0.31220000982284546
YDR166C,YJR007W,0,-3.5989833,0.20351950824260712,0.7979999780654907,0.3122999966144562
YDR345C,YJL019W,0,-3.599006,0.20346762239933014,0.7979999780654907,0.3124000132083893
YDL226C,YPR024W,0,-3.599067,0.20341575145721436,0.7979999780654907,0.3125
YGR165W,YDL097C,0,-3.599369,0.20336391031742096,0.7979999780654907,0.3125999867916107
YBR298C,YGR279C,0,-3.5995169,0.20331209897994995,0.7979999780654907,0.3127000033855438
YLR242C,YDR495C,0,-3.5997941,0.20326031744480133,0.7979999780654907,0.31279999017715454
YDR236C,YGL227W,0,-3.600452,0.2032085508108139,0.7979999780654907,0.31290000677108765
YHR070W,YBR165W,0,-3.6004918,0.20315682888031006,0.7979999780654907,0.31299999356269836
YNL117W,YMR005W,0,-3.6006224,0.2031051218509674,0.7979999780654907,0.31310001015663147
YNL135C,YML069W,1,-3.6007712,0.2033078819513321,0.7990000247955322,0.31310001015663147
YJR083C,YLR165C,0,-3.6012366,0.20325617492198944,0.7990000247955322,0.3131999969482422
YPL194W,YNL142W,0,-3.6013625,0.20320448279380798,0.7990000247955322,0.3133000135421753
YDR469W,YIL084C,1,-3.6024537,0.20340706408023834,0.800000011920929,0.3133000135421753
YKL110C,YOL135C,0,-3.6025648,0.2033553570508957,0.800000011920929,0.313400000333786
YOR236W,YLR069C,0,-3.6025846,0.20330367982387543,0.800000011920929,0.31349998712539673
YEL061C,YBR050C,0,-3.6025982,0.20325203239917755,0.800000011920929,0.31360000371932983
YNL223W,YKL182W,0,-3.6027925,0.20320039987564087,0.800000011920929,0.31369999051094055
YMR055C,YPR036W,0,-3.6028492,0.20314881205558777,0.800000011920929,0.31380000710487366
YJR025C,YBR037C,0,-3.6029384,0.20309723913669586,0.800000011920929,0.3138999938964844
YKL220C,YFL022C,0,-3.6030006,0.20304568111896515,0.800000011920929,0.3140000104904175
YBR133C,YKL212W,0,-3.60313,0.20299416780471802,0.800000011920929,0.3140999972820282
YER036C,YPR086W,0,-3.6031435,0.20294266939163208,0.800000011920929,0.3142000138759613
YKL212W,YPR016C,0,-3.603751,0.20289120078086853,0.800000011920929,0.314300000667572
YNR053C,YPL007C,0,-3.6038992,0.20283976197242737,0.800000011920929,0.31439998745918274
YBL045C,YDR198C,0,-3.6039915,0.2027883380651474,0.800000011920929,0.31450000405311584
YPL149W,YKL004W,0,-3.6042168,0.20273694396018982,0.800000011920929,0.31459999084472656
YNR001C,YIL120W,0,-3.604252,0.20268557965755463,0.800000011920929,0.31470000743865967
YDL115C,YJL124C,0,-3.604935,0.20263424515724182,0.800000011920929,0.3147999942302704
YML086C,YEL032W,0,-3.6052232,0.2025829255580902,0.800000011920929,0.3149000108242035
YNL041C,YGL030W,0,-3.6052797,0.20253165066242218,0.800000011920929,0.3149999976158142
YAR019C,YBR102C,0,-3.6052997,0.20248039066791534,0.800000011920929,0.3151000142097473
YDR448W,YDR469W,1,-3.6053429,0.20268218219280243,0.8009999990463257,0.3151000142097473
YMR047C,YOR275C,0,-3.6053998,0.2026309072971344,0.8009999990463257,0.31520000100135803
YGL216W,YER094C,0,-3.6057112,0.20257966220378876,0.8009999990463257,0.31529998779296875
YNR057C,YPL028W,0,-3.6059468,0.2025284469127655,0.8009999990463257,0.31540000438690186
YHL011C,YMR182C,0,-3.6064162,0.20247724652290344,0.8009999990463257,0.3154999911785126
YBR042C,YGL200C,0,-3.606467,0.20242607593536377,0.8009999990463257,0.3156000077724457
YDR022C,YIL017C,0,-3.606842,0.20237493515014648,0.8009999990463257,0.3156999945640564
YBR020W,YKL141W,0,-3.6069837,0.2023238241672516,0.8009999990463257,0.3158000111579895
YPR054W,YDR212W,0,-3.607095,0.20227272808551788,0.8009999990463257,0.3158999979496002
YKL004W,YML034W,0,-3.6071846,0.20222166180610657,0.8009999990463257,0.3160000145435333
YMR247C,YDR392W,1,-3.6076696,0.20242302119731903,0.8019999861717224,0.3160000145435333
YLR098C,YHR079C-A,0,-3.607899,0.20237194001674652,0.8019999861717224,0.31610000133514404
YFR027W,YDR302W,0,-3.608226,0.2023208886384964,0.8019999861717224,0.31619998812675476
YKL182W,YLR130C,0,-3.6083717,0.20226986706256866,0.8019999861717224,0.31630000472068787
YDR345C,YOL146W,0,-3.6084008,0.20221886038780212,0.8019999861717224,0.3163999915122986
YDR099W,YOR386W,0,-3.6084728,0.20216788351535797,0.8019999861717224,0.3165000081062317
YGL084C,YFR040W,0,-3.6095378,0.2021169364452362,0.8019999861717224,0.3165999948978424
YER177W,YDR404C,0,-3.6097276,0.20206600427627563,0.8019999861717224,0.3167000114917755
YDR254W,YCR071C,0,-3.60973,0.20201511681079865,0.8019999861717224,0.31679999828338623
YNL041C,YJL093C,0,-3.6103504,0.20196424424648285,0.8019999861717224,0.31690001487731934
YDR501W,YGR185C,0,-3.6103523,0.20191338658332825,0.8019999861717224,0.31700000166893005
YCL061C,YGR056W,1,-3.6108897,0.2021142691373825,0.8029999732971191,0.31700000166893005
YDR245W,YKR089C,0,-3.6109793,0.2020634114742279,0.8029999732971191,0.31709998846054077
YKL149C,YKR095W,0,-3.6114943,0.2020125836133957,0.8029999732971191,0.3172000050544739
YGL240W,YJL165C,0,-3.611646,0.20196177065372467,0.8029999732971191,0.3172999918460846
YEL061C,YPL152W,0,-3.6118035,0.20191098749637604,0.8029999732971191,0.3174000084400177
YPL146C,YJL039C,0,-3.6121001,0.2018602341413498,0.8029999732971191,0.3174999952316284
YPL200W,YDL159W,0,-3.6121767,0.20180949568748474,0.8029999732971191,0.3176000118255615
YOR239W,YCR018C,0,-3.6121786,0.20175878703594208,0.8029999732971191,0.31769999861717224
YDL069C,YIR008C,0,-3.6121907,0.2017081081867218,0.8029999732971191,0.31779998540878296
YGL191W,YPR006C,0,-3.6122065,0.2016574591398239,0.8029999732971191,0.31790000200271606
YKL045W,YMR182C,0,-3.6124685,0.20160682499408722,0.8029999732971191,0.3179999887943268
YPL082C,YGR082W,0,-3.612507,0.2015562206506729,0.8029999732971191,0.3181000053882599
YDR017C,YDL059C,0,-3.6125638,0.201505646109581,0.8029999732971191,0.3181999921798706
YJL003W,YFR034C,0,-3.6128614,0.20145508646965027,0.8029999732971191,0.3183000087738037
YOR353C,YOL091W,0,-3.6134024,0.20140457153320312,0.8029999732971191,0.31839999556541443
YBR243C,YEL054C,0,-3.6138344,0.20135405659675598,0.8029999732971191,0.31850001215934753
YDR518W,YLR309C,0,-3.61513,0.20130358636379242,0.8029999732971191,0.31859999895095825
YJL186W,YMR109W,0,-3.6151307,0.20125313103199005,0.8029999732971191,0.31869998574256897
YKL110C,YER008C,0,-3.6153007,0.20120270550251007,0.8029999732971191,0.3188000023365021
YJL020C,YML031W,0,-3.6163154,0.20115230977535248,0.8029999732971191,0.3188999891281128
YJR140C,YGL163C,1,-3.6168568,0.20135237276554108,0.8040000200271606,0.3188999891281128
YOR168W,YLR222C,0,-3.6172223,0.2013019472360611,0.8040000200271606,0.3190000057220459
YJL026W,YER123W,0,-3.6173217,0.2012515664100647,0.8040000200271606,0.3190999925136566
YPR119W,YPR086W,0,-3.6174664,0.2012012004852295,0.8040000200271606,0.3192000091075897
YBR198C,YML109W,1,-3.6176841,0.20140105485916138,0.8050000071525574,0.3192000091075897
YJR021C,YIR022W,0,-3.6185138,0.20135067403316498,0.8050000071525574,0.31929999589920044
YIR025W,YGL120C,0,-3.6192455,0.20130032300949097,0.8050000071525574,0.31940001249313354
YPL101W,YDR393W,0,-3.6193073,0.20125000178813934,0.8050000071525574,0.31949999928474426
YKL110C,YGR033C,0,-3.6205943,0.2011996954679489,0.8050000071525574,0.319599986076355
YNL031C,YIL112W,1,-3.620877,0.2013992965221405,0.8059999942779541,0.319599986076355
YOL068C,YDR071C,1,-3.621287,0.20159880816936493,0.8069999814033508,0.319599986076355
YER019C-A,YCL008C,0,-3.621412,0.20154845714569092,0.8069999814033508,0.3197000026702881
YBR207W,YHL007C,0,-3.621525,0.2014981210231781,0.8069999814033508,0.3197999894618988
YBR073W,YMR156C,0,-3.6220884,0.20144782960414886,0.8069999814033508,0.3199000060558319
YKL191W,YDL097C,0,-3.6221004,0.20139755308628082,0.8069999814033508,0.3199999928474426
YJL042W,YHR165C,0,-3.6227994,0.20134730637073517,0.8069999814033508,0.32010000944137573
YDR225W,YOR123C,1,-3.6233172,0.20154651999473572,0.8080000281333923,0.32010000944137573
YPL254W,YCR052W,1,-3.62334,0.2017456293106079,0.8090000152587891,0.32010000944137573
YCR024C-A,YMR260C,0,-3.623715,0.20169533789157867,0.8090000152587891,0.32019999623298645
YJR053W,YNL153C,0,-3.6238391,0.20164506137371063,0.8090000152587891,0.32030001282691956
YPR006C,YNL244C,0,-3.6240342,0.20159481465816498,0.8090000152587891,0.3203999996185303
YNL223W,YKL002W,0,-3.6242802,0.2015445977449417,0.8090000152587891,0.320499986410141
YNL101W,YML036W,0,-3.624753,0.20149439573287964,0.8090000152587891,0.3206000030040741
YNR034W,YNR039C,0,-3.6250458,0.20144422352313995,0.8090000152587891,0.3206999897956848
YDR085C,YDR022C,0,-3.6251214,0.20139408111572266,0.8090000152587891,0.3208000063896179
YMR072W,YOL127W,0,-3.62526,0.20134395360946655,0.8090000152587891,0.32089999318122864
YBR086C,YDR201W,0,-3.6253474,0.20129385590553284,0.8090000152587891,0.32100000977516174
YJL058C,YOR188W,0,-3.6254175,0.2012437880039215,0.8090000152587891,0.32109999656677246
YCL011C,YOR371C,0,-3.6254346,0.20119373500347137,0.8090000152587891,0.32120001316070557
YER183C,YLL060C,0,-3.6256392,0.20114371180534363,0.8090000152587891,0.3212999999523163
YGR254W,YJL013C,0,-3.6258867,0.20109371840953827,0.8090000152587891,0.321399986743927
YDL232W,YDR240C,0,-3.6260128,0.2010437399148941,0.8090000152587891,0.3215000033378601
YOR372C,YGL153W,0,-3.6260881,0.20099379122257233,0.8090000152587891,0.3215999901294708
YHR165C,YPR132W,0,-3.6268218,0.20094385743141174,0.8090000152587891,0.32170000672340393
YDR302W,YBL103C,0,-3.6274073,0.20089396834373474,0.8090000152587891,0.32179999351501465
YKL008C,YJR135C,0,-3.6275923,0.20084409415721893,0.8090000152587891,0.32190001010894775
YBR080C,YGR048W,0,-3.6279562,0.20079423487186432,0.8090000152587891,0.32199999690055847
YGR185C,YKL041W,0,-3.628924,0.2007444202899933,0.8090000152587891,0.3221000134944916
YOR132W,YKL041W,0,-3.6289268,0.20069462060928345,0.8090000152587891,0.3222000002861023
YNL250W,YBR273C,0,-3.628942,0.2006448358297348,0.8090000152587891,0.322299987077713
YER133W,YBR089C-A,1,-3.6292713,0.20084305107593536,0.8100000023841858,0.322299987077713
YER157W,YDR072C,0,-3.629491,0.20079325139522552,0.8100000023841858,0.3224000036716461
YDL117W,YPL028W,0,-3.6296976,0.20074349641799927,0.8100000023841858,0.32249999046325684
YAL042W,YOR253W,0,-3.6298673,0.2006937563419342,0.8100000023841858,0.32260000705718994
YCR086W,YGR020C,0,-3.6298833,0.20064404606819153,0.8100000023841858,0.32269999384880066
YER177W,YPR080W,0,-3.6300976,0.20059435069561005,0.8100000023841858,0.32280001044273376
YKL082C,YLR417W,0,-3.630624,0.20054468512535095,0.8100000023841858,0.3228999972343445
YNL230C,YER025W,0,-3.630814,0.20049504935741425,0.8100000023841858,0.3230000138282776
YJL184W,YJL074C,0,-3.6312754,0.20044542849063873,0.8100000023841858,0.3231000006198883
YDR254W,YPL154C,0,-3.6314967,0.2003958374261856,0.8100000023841858,0.323199987411499
YOR137C,YDR407C,0,-3.6317198,0.20034627616405487,0.8100000023841858,0.32330000400543213
YKL170W,YDR463W,0,-3.6320574,0.20029672980308533,0.8100000023841858,0.32339999079704285
YPL078C,YML064C,0,-3.6324193,0.20024721324443817,0.8100000023841858,0.32350000739097595
YPL174C,YBR283C,0,-3.6329195,0.2001977264881134,0.8100000023841858,0.32359999418258667
YIR023W,YML048W,0,-3.6331997,0.20014825463294983,0.8100000023841858,0.3237000107765198
YMR277W,YDR345C,0,-3.633651,0.20009881258010864,0.8100000023841858,0.3237999975681305
YNL148C,YPL050C,0,-3.633692,0.20004940032958984,0.8100000023841858,0.3239000141620636
YNL006W,YOR315W,0,-3.6343026,0.20000000298023224,0.8100000023841858,0.3240000009536743
YFL039C,YDR227W,1,-3.6343286,0.2001974880695343,0.8109999895095825,0.3240000009536743
YKR034W,YMR137C,0,-3.634491,0.2001480758190155,0.8109999895095825,0.32409998774528503
YDR331W,YCL067C,0,-3.6345005,0.2000986933708191,0.8109999895095825,0.32420000433921814
YDL008W,YMR117C,0,-3.6348705,0.20004934072494507,0.8109999895095825,0.32429999113082886
YDL137W,YNL309W,0,-3.6350331,0.20000000298023224,0.8109999895095825,0.32440000772476196
YBL082C,YHR124W,0,-3.635504,0.1999506950378418,0.8109999895095825,0.3244999945163727
YKR090W,YER180C-A,0,-3.6355975,0.19990140199661255,0.8109999895095825,0.3246000111103058
YLR153C,YPR179C,1,-3.635598,0.20009857416152954,0.8119999766349792,0.3246000111103058
YKL130C,YCR053W,0,-3.63567,0.2000492662191391,0.8119999766349792,0.3246999979019165
YLR399C,YIL084C,1,-3.635825,0.20024630427360535,0.8130000233650208,0.3246999979019165
YLR098C,YFL048C,0,-3.6362367,0.2001969963312149,0.8130000233650208,0.3248000144958496
YPR052C,YIL084C,1,-3.6362963,0.2003939002752304,0.8140000104904175,0.3248000144958496
YDL004W,YGL113W,0,-3.6367261,0.20034457743167877,0.8140000104904175,0.3249000012874603
YOR103C,YJR007W,0,-3.63674,0.20029526948928833,0.8140000104904175,0.32499998807907104
YGL257C,YIL075C,0,-3.6371605,0.20024600625038147,0.8140000104904175,0.32510000467300415
YER165W,YLL024C,0,-3.6377866,0.2001967579126358,0.8140000104904175,0.32519999146461487
YOR298C-A,YLR191W,0,-3.637885,0.20014752447605133,0.8140000104904175,0.325300008058548
YDR420W,YBL022C,0,-3.6379282,0.20009833574295044,0.8140000104904175,0.3253999948501587
YCR107W,YJL112W,0,-3.6382706,0.20004914700984955,0.8140000104904175,0.3255000114440918
YPR054W,YML058W,0,-3.6383202,0.20000000298023224,0.8140000104904175,0.3255999982357025
YML032C,YOR346W,0,-3.639506,0.19995087385177612,0.8140000104904175,0.3257000148296356
YNL116W,YOR368W,0,-3.6398375,0.1999017745256424,0.8140000104904175,0.32580000162124634
YOL135C,YGR005C,0,-3.6398754,0.19985269010066986,0.8140000104904175,0.32589998841285706
YDR086C,YKL166C,0,-3.640407,0.19980363547801971,0.8140000104904175,0.32600000500679016
YCL061C,YMR022W,1,-3.64041,0.20000000298023224,0.8149999976158142,0.32600000500679016
YFR005C,YBR069C,0,-3.6406112,0.1999509334564209,0.8149999976158142,0.3260999917984009
YLR163C,YLR069C,0,-3.6406252,0.19990189373493195,0.8149999976158142,0.326200008392334
YJR065C,YJL100W,0,-3.6407313,0.1998528689146042,0.8149999976158142,0.3262999951839447
YJL167W,YGR156W,0,-3.6407921,0.19980387389659882,0.8149999976158142,0.3264000117778778
YDR091C,YGR104C,0,-3.6411312,0.19975490868091583,0.8149999976158142,0.3264999985694885
YJR119C,YLR321C,1,-3.6416318,0.19995099306106567,0.8159999847412109,0.3264999985694885
YCR038C,YMR037C,0,-3.6420796,0.1999020129442215,0.8159999847412109,0.32659998536109924
YER183C,YDR443C,0,-3.642124,0.1998530477285385,0.8159999847412109,0.32670000195503235
YNL262W,YHR056C,1,-3.6421864,0.20004896819591522,0.8169999718666077,0.32670000195503235
YNR067C,YLR447C,0,-3.6423843,0.20000000298023224,0.8169999718666077,0.32679998874664307
YJR153W,YOL127W,0,-3.6424391,0.19995105266571045,0.8169999718666077,0.32690000534057617
YPR201W,YDL045C,0,-3.6424408,0.19990213215351105,0.8169999718666077,0.3269999921321869
YDL132W,YMR005W,0,-3.6425366,0.19985322654247284,0.8169999718666077,0.32710000872612
YOL130W,YDL069C,0,-3.6431465,0.19980435073375702,0.8169999718666077,0.3271999955177307
YIL056W,YPL045W,0,-3.643417,0.1997555047273636,0.8169999718666077,0.3273000121116638
YPL100W,YOR295W,0,-3.643593,0.19970667362213135,0.8169999718666077,0.32739999890327454
YLL001W,YKL019W,0,-3.6442916,0.1996578723192215,0.8169999718666077,0.32749998569488525
YLR264W,YPR041W,0,-3.644935,0.19960908591747284,0.8169999718666077,0.32760000228881836
YMR227C,YJL109C,0,-3.6451685,0.19956032931804657,0.8169999718666077,0.3276999890804291
YNL031C,YOL012C,1,-3.6452866,0.19975580275058746,0.8180000185966492,0.3276999890804291
YIL149C,YDL112W,0,-3.6453578,0.19970703125,0.8180000185966492,0.3278000056743622
YNL239W,YBR022W,0,-3.6455545,0.19965828955173492,0.8180000185966492,0.3278999924659729
YDL164C,YFL037W,0,-3.6457107,0.19960956275463104,0.8180000185966492,0.328000009059906
YER020W,YDL015C,0,-3.6458116,0.19956086575984955,0.8180000185966492,0.3280999958515167
YGL124C,YLR362W,0,-3.6464298,0.19951219856739044,0.8180000185966492,0.32820001244544983
YGR188C,YGR270W,0,-3.647123,0.19946354627609253,0.8180000185966492,0.32829999923706055
YDL105W,YFL033C,0,-3.6472547,0.199414923787117,0.8180000185966492,0.32839998602867126
YOR381W,YKL119C,0,-3.6475563,0.19936631619930267,0.8180000185966492,0.32850000262260437
YLR207W,YIL106W,0,-3.6475787,0.19931773841381073,0.8180000185966492,0.3285999894142151
YOL051W,YLR313C,0,-3.6475832,0.19926919043064117,0.8180000185966492,0.3287000060081482
YBL102W,YBR130C,0,-3.647587,0.1992206573486328,0.8180000185966492,0.3287999927997589
YGL027C,YNL243W,0,-3.6475997,0.19917213916778564,0.8180000185966492,0.328900009393692
YOR103C,YKR086W,0,-3.6479986,0.19912366569042206,0.8180000185966492,0.32899999618530273
YIL143C,YDR372C,0,-3.648087,0.19907520711421967,0.8180000185966492,0.32910001277923584
YPL127C,YKL058W,0,-3.648245,0.19902676343917847,0.8180000185966492,0.32919999957084656
YFL003C,YER070W,0,-3.6483905,0.19897834956645966,0.8180000185966492,0.3292999863624573
YPR032W,YBR118W,0,-3.648477,0.19892996549606323,0.8180000185966492,0.3294000029563904
YDL017W,YGR152C,0,-3.6488106,0.198881596326828,0.8180000185966492,0.3294999897480011
YBL022C,YDR126W,0,-3.6493375,0.19883325695991516,0.8180000185966492,0.3296000063419342
YBL105C,YGL169W,0,-3.6493497,0.1987849324941635,0.8180000185966492,0.3296999931335449
YPL267W,YGR270W,0,-3.6495025,0.19873663783073425,0.8180000185966492,0.329800009727478
YIL016W,YHR172W,0,-3.6500142,0.1986883580684662,0.8180000185966492,0.32989999651908875
YJR052W,YHR143W-A,0,-3.6502879,0.1986401230096817,0.8180000185966492,0.33000001311302185
YBL023C,YGL097W,0,-3.6507802,0.19859188795089722,0.8180000185966492,0.33009999990463257
YFR041C,YLR254C,0,-3.6512818,0.19854368269443512,0.8180000185966492,0.3301999866962433
YGL222C,YDR135C,0,-3.6514704,0.1984955072402954,0.8180000185966492,0.3303000032901764
YGR169C,YGL062W,0,-3.6515172,0.1984473615884781,0.8180000185966492,0.3303999900817871
YPL256C,YJL165C,0,-3.65153,0.19839923083782196,0.8180000185966492,0.3305000066757202
YER040W,YOR328W,0,-3.651766,0.19835111498832703,0.8180000185966492,0.33059999346733093
YER114C,YPL096C-A,0,-3.652071,0.19830302894115448,0.8180000185966492,0.33070001006126404
YLR291C,YPL076W,0,-3.6522377,0.19825497269630432,0.8180000185966492,0.33079999685287476
YLR330W,YPL132W,0,-3.6522834,0.19820693135261536,0.8180000185966492,0.33090001344680786
YDL192W,YIL098C,0,-3.6528628,0.19815891981124878,0.8180000185966492,0.3310000002384186
YKR034W,YDL106C,0,-3.6536443,0.1981109231710434,0.8180000185966492,0.3310999870300293
YNL001W,YOR367W,0,-3.6536586,0.1980629563331604,0.8180000185966492,0.3312000036239624
YNL163C,YOR359W,0,-3.653778,0.1980150043964386,0.8180000185966492,0.3312999904155731
YLR023C,YJR004C,0,-3.6538079,0.19796708226203918,0.8180000185966492,0.3314000070095062
YCR106W,YOL066C,0,-3.6538327,0.19791918992996216,0.8180000185966492,0.33149999380111694
YML012W,YHR200W,0,-3.6542275,0.19787131249904633,0.8180000185966492,0.33160001039505005
YFL039C,YNL216W,1,-3.6542358,0.19806529581546783,0.8190000057220459,0.33160001039505005
YGR037C,YLR105C,0,-3.6549013,0.1980174034833908,0.8190000057220459,0.33169999718666077
YOR126C,YOR132W,0,-3.6564171,0.19796954095363617,0.8190000057220459,0.33180001378059387
YOL151W,YOR136W,0,-3.6564248,0.19792170822620392,0.8190000057220459,0.3319000005722046
YGR239C,YLL041C,0,-3.6569872,0.19787387549877167,0.8190000057220459,0.3319999873638153
YDR339C,YBR240C,0,-3.6571279,0.197826087474823,0.8190000057220459,0.3321000039577484
YMR164C,YJL154C,0,-3.6588576,0.19777831435203552,0.8190000057220459,0.33219999074935913
YER178W,YFR050C,0,-3.6592298,0.19773057103157043,0.8190000057220459,0.33230000734329224
YGR118W,YGR059W,0,-3.6592436,0.19768284261226654,0.8190000057220459,0.33239999413490295
YHR027C,YML098W,0,-3.6592622,0.19763512909412384,0.8190000057220459,0.33250001072883606
YPR200C,YPR155C,0,-3.6594903,0.19758746027946472,0.8190000057220459,0.3325999975204468
YOL086C,YER031C,0,-3.659513,0.1975397914648056,0.8190000057220459,0.3327000141143799
YDR264C,YKL073W,0,-3.6596591,0.19749216735363007,0.8190000057220459,0.3328000009059906
YML097C,YKR014C,0,-3.6602442,0.19744455814361572,0.8190000057220459,0.3328999876976013
YPL096W,YDL006W,0,-3.6602788,0.19739696383476257,0.8190000057220459,0.3330000042915344
YHR023W,YBL080C,0,-3.6604116,0.1973493993282318,0.8190000057220459,0.33309999108314514
YNL232W,YNR048W,0,-3.6606839,0.19730184972286224,0.8190000057220459,0.33320000767707825
YIL051C,YIL095W,0,-3.6608756,0.19725432991981506,0.8190000057220459,0.33329999446868896
YBR068C,YLR329W,0,-3.660938,0.19720683991909027,0.8190000057220459,0.33340001106262207
YDR469W,YMR236W,1,-3.66111,0.19740009307861328,0.8199999928474426,0.33340001106262207
YLR254C,YHL006C,0,-3.661501,0.1973525881767273,0.8199999928474426,0.3334999978542328
YBR080C,YKL154W,0,-3.6616046,0.1973050981760025,0.8199999928474426,0.3336000144481659
YOR123C,YNL246W,1,-3.6616535,0.19749820232391357,0.8209999799728394,0.3336000144481659
YLR429W,YHR172W,0,-3.6619136,0.1974506974220276,0.8209999799728394,0.3337000012397766
YDR365C,YPR075C,0,-3.661995,0.197403222322464,0.8209999799728394,0.33379998803138733
YHL002W,YGR152C,0,-3.6623378,0.19735576212406158,0.8209999799728394,0.33390000462532043
YGL065C,YLR103C,0,-3.6623724,0.19730834662914276,0.8209999799728394,0.33399999141693115
YAR018C,YOL038W,0,-3.6623838,0.19726093113422394,0.8209999799728394,0.33410000801086426
YMR238W,YJR131W,0,-3.6624463,0.1972135454416275,0.8209999799728394,0.334199994802475
YGR220C,YJL143W,0,-3.662489,0.19716618955135345,0.8209999799728394,0.3343000113964081
YGL029W,YKR095W,0,-3.6625936,0.1971188485622406,0.8209999799728394,0.3343999981880188
YJR083C,YEL034W,0,-3.6632123,0.19707153737545013,0.8209999799728394,0.3345000147819519
YOL076W,YPR110C,0,-3.663322,0.19702424108982086,0.8209999799728394,0.3346000015735626
YCR020C,YKL108W,0,-3.6634583,0.19697697460651398,0.8209999799728394,0.33469998836517334
YER020W,YOL115W,0,-3.6634605,0.1969297230243683,0.8209999799728394,0.33480000495910645
YHR036W,YEL024W,0,-3.6637573,0.19688250124454498,0.8209999799728394,0.33489999175071716
YGR163W,YCR053W,0,-3.6638088,0.19683529436588287,0.8209999799728394,0.33500000834465027
YMR296C,YOL011W,0,-3.6645627,0.19678811728954315,0.8209999799728394,0.335099995136261
YER020W,YNR048W,0,-3.6648989,0.19674095511436462,0.8209999799728394,0.3352000117301941
YPL160W,YKL042W,0,-3.6649554,0.19669382274150848,0.8209999799728394,0.3352999985218048
YGL090W,YCL034W,0,-3.6649954,0.19664670526981354,0.8209999799728394,0.3353999853134155
YDR377W,YKR036C,0,-3.6652653,0.19659961760044098,0.8209999799728394,0.33550000190734863
YDL226C,YML025C,0,-3.6657002,0.19655254483222961,0.8209999799728394,0.33559998869895935
YBL099W,YKR022C,0,-3.6658144,0.19650550186634064,0.8209999799728394,0.33570000529289246
YLR113W,YKL085W,0,-3.665926,0.19645848870277405,0.8209999799728394,0.3357999920845032
YKL008C,YOR073W,0,-3.6660545,0.19641149044036865,0.8209999799728394,0.3359000086784363
YDR022C,YOL104C,0,-3.6661124,0.19636450707912445,0.8209999799728394,0.335999995470047
YML057W,YBR114W,0,-3.6662495,0.19631755352020264,0.8209999799728394,0.3361000120639801
YGR188C,YGR267C,0,-3.6668444,0.19627061486244202,0.8209999799728394,0.3361999988555908
YMR022W,YHR119W,1,-3.666861,0.1964627206325531,0.8220000267028809,0.3361999988555908
YAR018C,YNL126W,0,-3.6670394,0.1964157670736313,0.8220000267028809,0.33629998564720154
YOR178C,YOR057W,0,-3.667442,0.19636884331703186,0.8220000267028809,0.33640000224113464
YPL192C,YBR228W,0,-3.6677823,0.19632194936275482,0.8220000267028809,0.33649998903274536
YHR200W,YMR013C,0,-3.667937,0.19627507030963898,0.8220000267028809,0.33660000562667847
YJL095W,YMR190C,0,-3.668187,0.19622822105884552,0.8220000267028809,0.3366999924182892
YGL022W,YBR293W,0,-3.6683843,0.19618138670921326,0.8220000267028809,0.3368000090122223
YIL140W,YDR240C,0,-3.6684577,0.1961345672607422,0.8220000267028809,0.336899995803833
YNL099C,YMR313C,0,-3.6685355,0.1960877925157547,0.8220000267028809,0.3370000123977661
YFL059W,YLR298C,0,-3.6688197,0.1960410177707672,0.8220000267028809,0.33709999918937683
YEL037C,YBR127C,0,-3.66914,0.1959942728281021,0.8220000267028809,0.33719998598098755
YBL099W,YPL268W,0,-3.669193,0.1959475576877594,0.8220000267028809,0.33730000257492065
YGL032C,YPR186C,0,-3.669214,0.19590085744857788,0.8220000267028809,0.33739998936653137
YHR031C,YPR107C,0,-3.669563,0.19585418701171875,0.8220000267028809,0.3375000059604645
YJL170C,YCR083W,0,-3.670496,0.1958075314760208,0.8220000267028809,0.3375999927520752
YGL051W,YBR073W,0,-3.6706047,0.19576089084148407,0.8220000267028809,0.3377000093460083
YGL194C,YLL004W,1,-3.6710386,0.1959523856639862,0.8230000138282776,0.3377000093460083
YHR067W,YJR144W,0,-3.671214,0.19590573012828827,0.8230000138282776,0.337799996137619
YMR137C,YLR193C,0,-3.671557,0.1958591192960739,0.8230000138282776,0.3379000127315521
YKL204W,YAR042W,0,-3.6715639,0.19581250846385956,0.8230000138282776,0.33799999952316284
YML078W,YHR205W,0,-3.671797,0.19576594233512878,0.8230000138282776,0.33809998631477356
YLR075W,YBR127C,0,-3.672588,0.195719376206398,0.8230000138282776,0.33820000290870667
YDR141C,YNL072W,0,-3.673498,0.19567285478115082,0.8230000138282776,0.3382999897003174
YEL063C,YMR163C,0,-3.6738899,0.19562633335590363,0.8230000138282776,0.3384000062942505
YML113W,YNL049C,0,-3.6743178,0.19557984173297882,0.8230000138282776,0.3384999930858612
YIR023W,YJL204C,0,-3.6743662,0.1955333799123764,0.8230000138282776,0.3386000096797943
YML094W,YJR052W,0,-3.6745117,0.19548693299293518,0.8230000138282776,0.33869999647140503
YLR286C,YDR318W,0,-3.6747649,0.19544051587581635,0.8230000138282776,0.33880001306533813
YPR199C,YOR117W,0,-3.6748614,0.1953941136598587,0.8230000138282776,0.33889999985694885
YLR276C,YKL220C,0,-3.6751666,0.19534772634506226,0.8230000138282776,0.33899998664855957
YKL220C,YML031W,0,-3.6756833,0.1953013837337494,0.8230000138282776,0.3391000032424927
YGL245W,YKR086W,0,-3.6759412,0.19525504112243652,0.8230000138282776,0.3391999900341034
YKR057W,YGR074W,0,-3.675995,0.19520872831344604,0.8230000138282776,0.3393000066280365
YJR135W-A,YCL069W,0,-3.67612,0.19516243040561676,0.8230000138282776,0.3393999934196472
YBR290W,YOR162C,0,-3.6763172,0.19511616230010986,0.8230000138282776,0.3395000100135803
YKL073W,YLR316C,0,-3.6765778,0.19506992399692535,0.8230000138282776,0.33959999680519104
YKL052C,YPL239W,0,-3.6766965,0.19502370059490204,0.8230000138282776,0.33970001339912415
YNL192W,YHR206W,0,-3.67686,0.19497749209403992,0.8230000138282776,0.33980000019073486
YER126C,YOR172W,0,-3.6780226,0.19493131339550018,0.8230000138282776,0.3398999869823456
YOL044W,YOR359W,0,-3.6786091,0.19488514959812164,0.8230000138282776,0.3400000035762787
YLR200W,YKR053C,0,-3.6789236,0.1948390156030655,0.8230000138282776,0.3400999903678894
YHR205W,YGL207W,0,-3.679114,0.19479289650917053,0.8230000138282776,0.3402000069618225
YAL016W,YAL002W,0,-3.679467,0.19474680721759796,0.8230000138282776,0.3402999937534332
YER174C,YDR456W,0,-3.6796167,0.19470073282718658,0.8230000138282776,0.34040001034736633
YNL113W,YOR195W,0,-3.6797206,0.1946546882390976,0.8230000138282776,0.34049999713897705
YDR397C,YER178W,0,-3.6797268,0.1946086585521698,0.8230000138282776,0.34060001373291016
YGL084C,YER087C-B,0,-3.6797802,0.1945626437664032,0.8230000138282776,0.3407000005245209
YGL247W,YGL095C,0,-3.6799476,0.19451665878295898,0.8230000138282776,0.3407999873161316
YMR199W,YBR216C,0,-3.680172,0.19447070360183716,0.8230000138282776,0.3409000039100647
YGL033W,YNL082W,0,-3.6807349,0.19442476332187653,0.8230000138282776,0.3409999907016754
YDR148C,YJR126C,0,-3.6810772,0.1943788379430771,0.8230000138282776,0.3411000072956085
YGL027C,YNL116W,0,-3.6811073,0.19433294236660004,0.8230000138282776,0.34119999408721924
YDR345C,YDR297W,0,-3.6813576,0.19428706169128418,0.8230000138282776,0.34130001068115234
YLR129W,YDR323C,0,-3.682056,0.1942412108182907,0.8230000138282776,0.34139999747276306
YOR351C,YOL067C,0,-3.6821773,0.19419537484645844,0.8230000138282776,0.34150001406669617
YBR065C,YDL043C,0,-3.6822367,0.19414956867694855,0.8230000138282776,0.3416000008583069
YLR246W,YCR018C,0,-3.6826916,0.19410377740859985,0.8230000138282776,0.3416999876499176
YJL194W,YBR127C,0,-3.6827364,0.19405800104141235,0.8230000138282776,0.3418000042438507
YMR314W,YOR083W,0,-3.6830192,0.19401225447654724,0.8230000138282776,0.3418999910354614
YNL232W,YHR084W,0,-3.6831555,0.19396653771400452,0.8230000138282776,0.34200000762939453
YJL047C,YER074W-A,0,-3.6835737,0.19392083585262299,0.8230000138282776,0.34209999442100525
YGR010W,YDL059C,0,-3.68369,0.19387514889240265,0.8230000138282776,0.34220001101493835
YOR001W,YOR295W,0,-3.6837294,0.1938294917345047,0.8230000138282776,0.3422999978065491
YJR147W,YBR237W,0,-3.6839216,0.19378384947776794,0.8230000138282776,0.3424000144004822
YKL134C,YPR007C,0,-3.684022,0.19373823702335358,0.8230000138282776,0.3425000011920929
YOR150W,YJL029C,0,-3.6840696,0.1936926394701004,0.8230000138282776,0.3425999879837036
YKL135C,YDR272W,0,-3.6841087,0.19364705681800842,0.8230000138282776,0.3427000045776367
YKL182W,YLR298C,0,-3.6843002,0.19360150396823883,0.8230000138282776,0.34279999136924744
YNL290W,YNL026W,0,-3.6843216,0.19355598092079163,0.8230000138282776,0.34290000796318054
YPL249C,YNL326C,0,-3.6846068,0.19351045787334442,0.8230000138282776,0.34299999475479126
YER155C,YLR316C,0,-3.6853716,0.1934649795293808,0.8230000138282776,0.34310001134872437
YPL213W,YKR046C,0,-3.6854618,0.19341950118541718,0.8230000138282776,0.3431999981403351
YJL170C,YNL126W,0,-3.685547,0.19337406754493713,0.8230000138282776,0.3433000147342682
YFL013C,YDL236W,1,-3.6856704,0.1935635358095169,0.8240000009536743,0.3433000147342682
YAL029C,YOL113W,0,-3.685684,0.19351808726787567,0.8240000009536743,0.3434000015258789
YOR244W,YNL135C,1,-3.6857202,0.1937074363231659,0.824999988079071,0.3434000015258789
YER007W,YML014W,0,-3.6860583,0.19366197288036346,0.824999988079071,0.3434999883174896
YJR050W,YOR056C,0,-3.686082,0.19361652433872223,0.824999988079071,0.34360000491142273
YCL008C,YDR395W,0,-3.6861932,0.1935710906982422,0.824999988079071,0.34369999170303345
YDR072C,YDR297W,0,-3.6865957,0.19352568686008453,0.824999988079071,0.34380000829696655
YDR289C,YDR059C,0,-3.686646,0.19348029792308807,0.824999988079071,0.34389999508857727
YAL020C,YPR155C,0,-3.6867363,0.193434938788414,0.824999988079071,0.3440000116825104
YPR135W,YPL097W,0,-3.6870782,0.19338959455490112,0.824999988079071,0.3440999984741211
YHR193C,YPL130W,0,-3.688122,0.19334426522254944,0.824999988079071,0.3441999852657318
YKL053C-A,YHR023W,0,-3.6882741,0.19329896569252014,0.824999988079071,0.3443000018596649
YDR164C,YFL005W,0,-3.6886222,0.19325369596481323,0.824999988079071,0.34439998865127563
YNL192W,YER180C-A,0,-3.6887856,0.19320842623710632,0.824999988079071,0.34450000524520874
YJL196C,YGL201C,0,-3.6896083,0.1931631863117218,0.824999988079071,0.34459999203681946
YCR026C,YDR404C,0,-3.6897666,0.19311797618865967,0.824999988079071,0.34470000863075256
YCR089W,YML011C,0,-3.69004,0.19307278096675873,0.824999988079071,0.3447999954223633
YNL059C,YDR224C,1,-3.6901374,0.19326157867908478,0.8259999752044678,0.3447999954223633
YKL073W,YJR049C,0,-3.6907246,0.19321636855602264,0.8259999752044678,0.3449000120162964
YMR301C,YGL022W,0,-3.6913044,0.1931711882352829,0.8259999752044678,0.3449999988079071
YEL029C,YGR186W,0,-3.6914976,0.19312602281570435,0.8259999752044678,0.3450999855995178
YJL072C,YLR119W,0,-3.6916394,0.193080872297287,0.8259999752044678,0.3452000021934509
YML080W,YNL029C,0,-3.6916583,0.19303575158119202,0.8259999752044678,0.34529998898506165
YDR263C,YPL152W,0,-3.6918957,0.19299066066741943,0.8259999752044678,0.34540000557899475
YPR033C,YGR010W,0,-3.6922662,0.19294556975364685,0.8259999752044678,0.34549999237060547
YHR102W,YDL033C,0,-3.6933448,0.19290050864219666,0.8259999752044678,0.3456000089645386
YKL051W,YNL066W,0,-3.6933916,0.19285547733306885,0.8259999752044678,0.3456999957561493
YHR086W,YKL175W,0,-3.6934478,0.19281046092510223,0.8259999752044678,0.3458000123500824
YCL011C,YHR001W,0,-3.6935768,0.19276545941829681,0.8259999752044678,0.3458999991416931
YBR038W,YPL231W,0,-3.6936212,0.19272048771381378,0.8259999752044678,0.34599998593330383
YAL010C,YGL124C,0,-3.69388,0.19267553091049194,0.8259999752044678,0.34610000252723694
YIL121W,YNL012W,0,-3.6941123,0.1926306039094925,0.8259999752044678,0.34619998931884766
YMR026C,YGR141W,0,-3.6941407,0.19258567690849304,0.8259999752044678,0.34630000591278076
YJR125C,YPR067W,0,-3.6941435,0.19254079461097717,0.8259999752044678,0.3463999927043915
YPR111W,YIL056W,0,-3.6944172,0.1924959272146225,0.8259999752044678,0.3465000092983246
YJL041W,YLR248W,0,-3.6951787,0.19245107471942902,0.8259999752044678,0.3465999960899353
YER061C,YPR164W,0,-3.6955087,0.19240623712539673,0.8259999752044678,0.3467000126838684
YOR237W,YPR032W,0,-3.6957033,0.19236142933368683,0.8259999752044678,0.3467999994754791
YER089C,YLR292C,0,-3.6959095,0.19231665134429932,0.8259999752044678,0.34689998626708984
YKL051W,YKL041W,0,-3.6960795,0.192271888256073,0.8259999752044678,0.34700000286102295
YKL113C,YKR001C,0,-3.6960828,0.19222714006900787,0.8259999752044678,0.34709998965263367
YAR014C,YDR212W,0,-3.6962054,0.19218240678310394,0.8259999752044678,0.3472000062465668
YIL097W,YDR501W,0,-3.6962628,0.1921377032995224,0.8259999752044678,0.3472999930381775
YBR161W,YNL106C,0,-3.6963441,0.19209302961826324,0.8259999752044678,0.3474000096321106
YPR128C,YLR212C,0,-3.6967213,0.1920483559370041,0.8259999752044678,0.3474999964237213
YCR020C,YKL020C,0,-3.6973383,0.19200371205806732,0.8259999752044678,0.3476000130176544
YIL037C,YDR314C,0,-3.6974277,0.19195909798145294,0.8259999752044678,0.34769999980926514
YKL206C,YPL157W,0,-3.697563,0.19191449880599976,0.8259999752044678,0.34779998660087585
YJL115W,YNL135C,1,-3.6977298,0.19210220873355865,0.8270000219345093,0.34779998660087585
YGL047W,YMR052W,0,-3.6977499,0.19205759465694427,0.8270000219345093,0.34790000319480896
YGL194C,YOL068C,1,-3.6981542,0.19224518537521362,0.828000009059906,0.34790000319480896
YER028C,YNL279W,0,-3.698449,0.19220055639743805,0.828000009059906,0.3479999899864197
YPL218W,YGR143W,0,-3.698781,0.19215595722198486,0.828000009059906,0.3481000065803528
YKR063C,YGR082W,0,-3.6987932,0.19211137294769287,0.828000009059906,0.3481999933719635
YGR113W,YOL142W,0,-3.6988614,0.19206680357456207,0.828000009059906,0.3483000099658966
YGL090W,YMR149W,0,-3.6990116,0.19202226400375366,0.828000009059906,0.3483999967575073
YCL017C,YLR376C,0,-3.6993442,0.19197773933410645,0.828000009059906,0.34850001335144043
YBR185C,YKL126W,0,-3.7000802,0.19193324446678162,0.828000009059906,0.34860000014305115
YGL206C,YML095C,0,-3.7001774,0.19188876450061798,0.828000009059906,0.34869998693466187
YIL002C,YOL142W,0,-3.7006304,0.19184429943561554,0.828000009059906,0.34880000352859497
YKL179C,YEL027W,0,-3.700962,0.19179986417293549,0.828000009059906,0.3488999903202057
YOR046C,YJR007W,0,-3.7009623,0.19175544381141663,0.828000009059906,0.3490000069141388
YLR246W,YGR239C,0,-3.701162,0.19171103835105896,0.828000009059906,0.3490999937057495
YKL001C,YFR034C,0,-3.701221,0.19166666269302368,0.828000009059906,0.3492000102996826
YDR345C,YGR279C,0,-3.7012804,0.1916223168373108,0.828000009059906,0.34929999709129333
YDL232W,YBL057C,0,-3.7013597,0.1915779709815979,0.828000009059906,0.34940001368522644
YLR450W,YBR260C,0,-3.701422,0.1915336549282074,0.828000009059906,0.34950000047683716
YER174C,YGL167C,0,-3.7022073,0.19148936867713928,0.828000009059906,0.3495999872684479
YKL046C,YGL100W,0,-3.7025125,0.19144508242607117,0.828000009059906,0.349700003862381
YPL154C,YHR160C,0,-3.702542,0.19140082597732544,0.828000009059906,0.3497999906539917
YLR133W,YCR009C,0,-3.70285,0.1913565993309021,0.828000009059906,0.3499000072479248
YLR399C,YMR219W,1,-3.7029479,0.19154344499111176,0.8289999961853027,0.3499000072479248
YOR153W,YBR265W,0,-3.7032177,0.19149918854236603,0.8289999961853027,0.3499999940395355
YNL274C,YJR160C,0,-3.7032897,0.1914549618959427,0.8289999961853027,0.35010001063346863
YDL209C,YBR143C,0,-3.7033455,0.19141076505184174,0.8289999961853027,0.35019999742507935
YER104W,YJL109C,0,-3.7035172,0.19136656820774078,0.8289999961853027,0.35030001401901245
YCL029C,YBR182C,0,-3.7037008,0.1913224160671234,0.8289999961853027,0.35040000081062317
YNL251C,YDR488C,0,-3.704008,0.19127826392650604,0.8289999961853027,0.3504999876022339
YHR011W,YDR407C,0,-3.704096,0.19123414158821106,0.8289999961853027,0.350600004196167
YGR108W,YML078W,0,-3.70422,0.19119003415107727,0.8289999961853027,0.3506999909877777
YKL208W,YDR419W,0,-3.7047973,0.19114595651626587,0.8289999961853027,0.3508000075817108
YGR246C,YJL112W,0,-3.7049258,0.19110189378261566,0.8289999961853027,0.35089999437332153
YKL082C,YER049W,0,-3.704958,0.19105784595012665,0.8289999961853027,0.35100001096725464
YPL132W,YKL196C,0,-3.7058473,0.19101382791996002,0.8289999961853027,0.35109999775886536
YBR131W,YLR355C,0,-3.7063034,0.1909698247909546,0.8289999961853027,0.35120001435279846
YCR060W,YDR322C-A,0,-3.706497,0.19092583656311035,0.8289999961853027,0.3513000011444092
YOR231W,YPL045W,0,-3.7066803,0.1908818781375885,0.8289999961853027,0.3513999879360199
YCR098C,YKL095W,0,-3.7068024,0.19083793461322784,0.8289999961853027,0.351500004529953
YER183C,YDL194W,0,-3.707053,0.19079402089118958,0.8289999961853027,0.3515999913215637
YPL112C,YNL026W,0,-3.7071202,0.1907501220703125,0.8289999961853027,0.3517000079154968
YGL051W,YDR393W,0,-3.7072532,0.19070623815059662,0.8289999961853027,0.35179999470710754
YER183C,YDR244W,0,-3.7076879,0.19066236913204193,0.8289999961853027,0.35190001130104065
YMR008C,YCL008C,0,-3.7079914,0.19061852991580963,0.8289999961853027,0.35199999809265137
YGR188C,YDL135C,0,-3.7086012,0.19057470560073853,0.8289999961853027,0.3521000146865845
YHR082C,YGR212W,0,-3.7090678,0.1905309110879898,0.8289999961853027,0.3522000014781952
YEL029C,YOR083W,0,-3.7093701,0.19048713147640228,0.8289999961853027,0.3522999882698059
YKR101W,YBR231C,1,-3.709572,0.1906730979681015,0.8299999833106995,0.3522999882698059
YOR377W,YLR353W,0,-3.7099078,0.19062930345535278,0.8299999833106995,0.352400004863739
YBR161W,YNL169C,0,-3.7101748,0.19058553874492645,0.8299999833106995,0.35249999165534973
YKL048C,YMR149W,0,-3.710324,0.19054177403450012,0.8299999833106995,0.35260000824928284
YGR264C,YIL031W,0,-3.7103345,0.19049805402755737,0.8299999833106995,0.35269999504089355
YOR371C,YBR004C,0,-3.7104099,0.19045433402061462,0.8299999833106995,0.35280001163482666
YBL047C,YGR118W,0,-3.710443,0.19041064381599426,0.8299999833106995,0.3528999984264374
YIL085C,YJR010C-A,0,-3.7104905,0.1903669685125351,0.8299999833106995,0.3529999852180481
YOR244W,YDR224C,1,-3.7107317,0.19055262207984924,0.8309999704360962,0.3529999852180481
YOL066C,YLR222C,0,-3.711703,0.19050894677639008,0.8309999704360962,0.3531000018119812
YDR228C,YHR143W-A,0,-3.7117434,0.1904652714729309,0.8309999704360962,0.3531999886035919
YBR212W,YKL214C,0,-3.7125554,0.19042162597179413,0.8309999704360962,0.353300005197525
YLR102C,YDR339C,0,-3.7127535,0.19037801027297974,0.8309999704360962,0.35339999198913574
YLR275W,YNL012W,0,-3.712985,0.19033440947532654,0.8309999704360962,0.35350000858306885
YJL053W,YER094C,0,-3.713415,0.19029082357883453,0.8309999704360962,0.35359999537467957
YGL090W,YIR033W,0,-3.713775,0.19024725258350372,0.8309999704360962,0.35370001196861267
YKL054C,YLR275W,0,-3.7143455,0.1902037113904953,0.8309999704360962,0.3537999987602234
YOR160W,YJL204C,0,-3.7152355,0.19016018509864807,0.8309999704360962,0.3538999855518341
YBL026W,YMR200W,0,-3.715416,0.19011667370796204,0.8309999704360962,0.3540000021457672
YDL209C,YLR059C,0,-3.7156587,0.1900731921195984,0.8309999704360962,0.35409998893737793
YJL001W,YGR072W,0,-3.7156737,0.19002972543239594,0.8309999704360962,0.35420000553131104
YAL041W,YGR152C,0,-3.7156909,0.18998628854751587,0.8309999704360962,0.35429999232292175
YCL025C,YLR115W,0,-3.7157605,0.1899428516626358,0.8309999704360962,0.35440000891685486
YDR216W,YPL213W,0,-3.7159808,0.18989944458007812,0.8309999704360962,0.3544999957084656
YPR051W,YPL019C,0,-3.7162027,0.18985606729984283,0.8309999704360962,0.3546000123023987
YIL140W,YER049W,0,-3.71693,0.18981270492076874,0.8309999704360962,0.3546999990940094
YCR086W,YOR237W,0,-3.7172673,0.18976935744285583,0.8309999704360962,0.3547999858856201
YGR238C,YML029W,0,-3.7173338,0.18972602486610413,0.8309999704360962,0.3549000024795532
YDR404C,YKR060W,0,-3.717508,0.1896827220916748,0.8309999704360962,0.35499998927116394
YNL264C,YKL148C,0,-3.7175477,0.18963943421840668,0.8309999704360962,0.35510000586509705
YCL066W,YNL138W,0,-3.717592,0.18959616124629974,0.8309999704360962,0.35519999265670776
YER165W,YGR009C,0,-3.7176182,0.1895529180765152,0.8309999704360962,0.35530000925064087
YPL078C,YKL006C-A,0,-3.7178948,0.18950968980789185,0.8309999704360962,0.3553999960422516
YMR280C,YJL166W,0,-3.718562,0.18946649134159088,0.8309999704360962,0.3555000126361847
YDL099W,YHL027W,0,-3.7192798,0.18942329287528992,0.8309999704360962,0.3555999994277954
YCL017C,YFR005C,0,-3.7195902,0.18938012421131134,0.8309999704360962,0.35569998621940613
YAL031C,YGL227W,0,-3.7201328,0.18933698534965515,0.8309999704360962,0.35580000281333923
YBR023C,YOL125W,0,-3.7202148,0.18929384648799896,0.8309999704360962,0.35589998960494995
YPL060W,YCL034W,0,-3.7205327,0.18925073742866516,0.8309999704360962,0.35600000619888306
YLR332W,YLR313C,0,-3.7215831,0.18920764327049255,0.8309999704360962,0.3560999929904938
YPR105C,YAL031C,0,-3.7217035,0.18916457891464233,0.8309999704360962,0.3562000095844269
YMR055C,YBR143C,0,-3.7221744,0.1891215294599533,0.8309999704360962,0.3562999963760376
YGR086C,YER116C,0,-3.722471,0.18907849490642548,0.8309999704360962,0.3564000129699707
YPR183W,YLR354C,0,-3.7227588,0.18903549015522003,0.8309999704360962,0.3564999997615814
YDR524C,YOR159C,0,-3.7229397,0.18899250030517578,0.8309999704360962,0.35659998655319214
YBR065C,YNL304W,0,-3.7234461,0.18894952535629272,0.8309999704360962,0.35670000314712524
YKR079C,YOR106W,0,-3.7234495,0.18890656530857086,0.8309999704360962,0.35679998993873596
YOL017W,YML041C,1,-3.7234633,0.18909090757369995,0.8320000171661377,0.35679998993873596
YKL204W,YHR133C,0,-3.7236207,0.1890479475259781,0.8320000171661377,0.35690000653266907
YML127W,YHL025W,1,-3.723666,0.18923217058181763,0.8330000042915344,0.35690000653266907
YKL120W,YFR051C,0,-3.7239919,0.18918919563293457,0.8330000042915344,0.3569999933242798
YGR195W,YJR046W,0,-3.7241325,0.1891462355852127,0.8330000042915344,0.3571000099182129
YIL076W,YOL055C,0,-3.7243493,0.18910329043865204,0.8330000042915344,0.3571999967098236
YOL011W,YER012W,0,-3.7244189,0.18906037509441376,0.8330000042915344,0.3573000133037567
YER028C,YJL208C,0,-3.7248697,0.18901747465133667,0.8330000042915344,0.35740000009536743
YJL089W,YPL130W,0,-3.7248766,0.18897458910942078,0.8330000042915344,0.35749998688697815
YDL164C,YLL031C,0,-3.7250936,0.18893173336982727,0.8330000042915344,0.35760000348091125
YHR187W,YCR057C,0,-3.7257164,0.18888889253139496,0.8330000042915344,0.357699990272522
YBL024W,YNL283C,0,-3.7258234,0.18884606659412384,0.8330000042915344,0.3578000068664551
YGL094C,YMR013C,0,-3.7260265,0.1888032704591751,0.8330000042915344,0.3578999936580658
YDR427W,YER100W,0,-3.726083,0.18876047432422638,0.8330000042915344,0.3580000102519989
YDR091C,YOR229W,0,-3.7261093,0.18871772289276123,0.8330000042915344,0.3580999970436096
YOR046C,YGR227W,0,-3.7261257,0.18867497146129608,0.8330000042915344,0.3582000136375427
YER162C,YPL274W,0,-3.726354,0.18863224983215332,0.8330000042915344,0.35830000042915344
YPL194W,YPR191W,0,-3.7264872,0.18858954310417175,0.8330000042915344,0.35839998722076416
YDL145C,YER019C-A,0,-3.7266285,0.18854685127735138,0.8330000042915344,0.35850000381469727
YDR106W,YPR019W,0,-3.7269552,0.1885041892528534,0.8330000042915344,0.358599990606308
YJR046W,YDR002W,0,-3.7279058,0.1884615421295166,0.8330000042915344,0.3587000072002411
YBR010W,YIL150C,1,-3.7282972,0.1886451095342636,0.8339999914169312,0.3587000072002411
YPL078C,YER028C,0,-3.728301,0.18860244750976562,0.8339999914169312,0.3587999939918518
YMR035W,YNL029C,0,-3.7283323,0.18855980038642883,0.8339999914169312,0.3589000105857849
YJL024C,YDR446W,0,-3.7283733,0.18851718306541443,0.8339999914169312,0.35899999737739563
YOR377W,YBR171W,0,-3.7284,0.18847458064556122,0.8339999914169312,0.35910001397132874
YGL044C,YIL056W,0,-3.728404,0.1884319931268692,0.8339999914169312,0.35920000076293945
YJR119C,YBR231C,1,-3.7284915,0.1886153221130371,0.8349999785423279,0.35920000076293945
YJL053W,YLR139C,0,-3.7291853,0.1885727196931839,0.8349999785423279,0.35929998755455017
YAL007C,YEL051W,0,-3.7291858,0.18853014707565308,0.8349999785423279,0.3594000041484833
YBR221C,YDR427W,0,-3.7293904,0.18848758935928345,0.8349999785423279,0.359499990940094
YDL051W,YDR323C,0,-3.729459,0.188445046544075,0.8349999785423279,0.3596000075340271
YJL081C,YDR224C,1,-3.7295082,0.188628152012825,0.8360000252723694,0.3596000075340271
YPL116W,YHR090C,1,-3.7300136,0.18881118297576904,0.8370000123977661,0.3596000075340271
YLR176C,YPL063W,0,-3.730056,0.18876861035823822,0.8370000123977661,0.3596999943256378
YHL024W,YER022W,0,-3.730285,0.1887260377407074,0.8370000123977661,0.3598000109195709
YDL145C,YLR384C,0,-3.7304375,0.18868349492549896,0.8370000123977661,0.35989999771118164
YMR305C,YIR018W,0,-3.7307782,0.18864096701145172,0.8370000123977661,0.36000001430511475
YHR079C-A,YGR285C,0,-3.7308142,0.18859846889972687,0.8370000123977661,0.36010000109672546
YGR171C,YER180C-A,0,-3.730823,0.1885559856891632,0.8370000123977661,0.3601999878883362
YDR244W,YDR120C,0,-3.7310224,0.18851351737976074,0.8370000123977661,0.3603000044822693
YJL085W,YDR503C,0,-3.7312536,0.18847106397151947,0.8370000123977661,0.36039999127388
YIR010W,YGR081C,0,-3.7312725,0.18842864036560059,0.8370000123977661,0.3605000078678131
YCR071C,YPL032C,0,-3.731414,0.1883862316608429,0.8370000123977661,0.36059999465942383
YMR192W,YDR201W,0,-3.7316022,0.1883438378572464,0.8370000123977661,0.36070001125335693
YOL002C,YDR484W,0,-3.732591,0.1883014589548111,0.8370000123977661,0.36079999804496765
YLR010C,YDR353W,0,-3.7328513,0.18825910985469818,0.8370000123977661,0.36090001463890076
YKL008C,YDR142C,0,-3.7329128,0.18821677565574646,0.8370000123977661,0.3610000014305115
YMR287C,YNR072W,0,-3.7332652,0.18817445635795593,0.8370000123977661,0.3610999882221222
YCL029C,YKR034W,0,-3.7341232,0.1881321668624878,0.8370000123977661,0.3612000048160553
YML104C,YCR009C,0,-3.734557,0.18808989226818085,0.8370000123977661,0.361299991607666
YOL059W,YMR268C,0,-3.7347324,0.1880476325750351,0.8370000123977661,0.3614000082015991
YNR013C,YOL094C,0,-3.7358608,0.18800538778305054,0.8370000123977661,0.36149999499320984
YPL085W,YDR079C-A,0,-3.7359786,0.18796317279338837,0.8370000123977661,0.36160001158714294
YAL041W,YDR129C,0,-3.7361531,0.1879209727048874,0.8370000123977661,0.36169999837875366
YJR147W,YJL013C,0,-3.7362754,0.1878787875175476,0.8370000123977661,0.3617999851703644
YGL178W,YBR103W,1,-3.7362926,0.18806104362010956,0.8379999995231628,0.3617999851703644
YMR081C,YLR005W,0,-3.7363327,0.18801884353160858,0.8379999995231628,0.3619000017642975
YDR448W,YOR023C,1,-3.7364256,0.18820098042488098,0.8389999866485596,0.3619000017642975
YJR083C,YDR236C,0,-3.7369044,0.18815878033638,0.8389999866485596,0.3619999885559082
YOR327C,YNL138W,0,-3.736985,0.18811659514904022,0.8389999866485596,0.3621000051498413
YDL201W,YLR425W,0,-3.7371454,0.18807442486286163,0.8389999866485596,0.362199991941452
YBL023C,YBR162C,0,-3.7372584,0.18803226947784424,0.8389999866485596,0.36230000853538513
YLR051C,YDL235C,0,-3.7373383,0.18799014389514923,0.8389999866485596,0.36239999532699585
YDR423C,YNL287W,0,-3.7373664,0.18794803321361542,0.8389999866485596,0.36250001192092896
YKL208W,YGR241C,0,-3.7373722,0.1879059374332428,0.8389999866485596,0.3625999987125397
YCL043C,YGL097W,0,-3.7376552,0.18786385655403137,0.8389999866485596,0.3626999855041504
YPL059W,YMR197C,0,-3.7378666,0.18782180547714233,0.8389999866485596,0.3628000020980835
YOR349W,YIL039W,0,-3.7381897,0.1877797693014145,0.8389999866485596,0.3628999888896942
YIL021W,YOL117W,0,-3.7391717,0.18773774802684784,0.8389999866485596,0.3630000054836273
YDR432W,YPR024W,0,-3.7393687,0.18769575655460358,0.8389999866485596,0.36309999227523804
YFL034C-B,YHR091C,0,-3.7395136,0.18765376508235931,0.8389999866485596,0.36320000886917114
YDR448W,YBL003C,1,-3.7396433,0.1878354251384735,0.8399999737739563,0.36320000886917114
YJR092W,YDL106C,0,-3.73971,0.18779343366622925,0.8399999737739563,0.36329999566078186
YML032C,YBR228W,0,-3.7401297,0.18775145709514618,0.8399999737739563,0.36340001225471497
YDR302W,YER038C,0,-3.740174,0.1877094954252243,0.8399999737739563,0.3634999990463257
YDR281C,YKL119C,0,-3.7401783,0.18766756355762482,0.8399999737739563,0.3635999858379364
YGL051W,YGL070C,0,-3.7402208,0.18762564659118652,0.8399999737739563,0.3637000024318695
YOR261C,YOR027W,0,-3.7404563,0.18758374452590942,0.8399999737739563,0.3637999892234802
YMR072W,YER190W,0,-3.7404597,0.18754185736179352,0.8399999737739563,0.36390000581741333
YGR216C,YKL079W,0,-3.740901,0.1875,0.8399999737739563,0.36399999260902405
YHR143W-A,YHR178W,0,-3.7410748,0.18745815753936768,0.8399999737739563,0.36410000920295715
YOR381W,YBR283C,0,-3.7411237,0.18741632997989655,0.8399999737739563,0.36419999599456787
YMR287C,YDL170W,0,-3.7413518,0.1873745322227478,0.8399999737739563,0.364300012588501
YMR025W,YGR254W,0,-3.7414882,0.18733273446559906,0.8399999737739563,0.3643999993801117
YOR126C,YNL236W,0,-3.7416787,0.1872909665107727,0.8399999737739563,0.3644999861717224
YHR139C,YPL157W,0,-3.7422993,0.18724921345710754,0.8399999737739563,0.3646000027656555
YLL019C,YPL032C,0,-3.7424107,0.18720749020576477,0.8399999737739563,0.36469998955726624
YGL043W,YGL181W,0,-3.7427297,0.1871657818555832,0.8399999737739563,0.36480000615119934
YDL033C,YJR102C,0,-3.7427456,0.1871240884065628,0.8399999737739563,0.36489999294281006
YKL220C,YDR372C,0,-3.7430336,0.1870824098587036,0.8399999737739563,0.36500000953674316
YGR141W,YML097C,0,-3.7432225,0.18704074621200562,0.8399999737739563,0.3650999963283539
YMR056C,YDL046W,0,-3.7432835,0.18699911236763,0.8399999737739563,0.365200012922287
YPL116W,YGL066W,1,-3.7432997,0.1871800571680069,0.8410000205039978,0.365200012922287
YJL194W,YOL142W,0,-3.7434056,0.1871384084224701,0.8410000205039978,0.3652999997138977
YBR109C,YJL087C,0,-3.7437825,0.18709677457809448,0.8410000205039978,0.3653999865055084
YKL160W,YBR010W,1,-3.7443178,0.18727758526802063,0.8420000076293945,0.3653999865055084
YNL223W,YLR115W,0,-3.7444046,0.18723593652248383,0.8420000076293945,0.36550000309944153
YLR450W,YPL097W,0,-3.7444162,0.18719430267810822,0.8420000076293945,0.36559998989105225
YML004C,YJL053W,0,-3.7444327,0.187152698636055,0.8420000076293945,0.36570000648498535
YOR002W,YHR152W,0,-3.7445533,0.18711110949516296,0.8420000076293945,0.36579999327659607
YJL001W,YDR129C,0,-3.7445867,0.18706953525543213,0.8420000076293945,0.3659000098705292
YKL016C,YHR152W,0,-3.7447217,0.18702799081802368,0.8420000076293945,0.3659999966621399
YDR182W,YCR037C,0,-3.7454379,0.18698644638061523,0.8420000076293945,0.366100013256073
YAL041W,YMR281W,0,-3.7460718,0.18694493174552917,0.8420000076293945,0.3662000000476837
YBR155W,YGL086W,0,-3.7461066,0.1869034469127655,0.8420000076293945,0.36629998683929443
YJL219W,YKR095W,0,-3.7462804,0.18686196208000183,0.8420000076293945,0.36640000343322754
YPL127C,YHR092C,0,-3.746349,0.18682050704956055,0.8420000076293945,0.36649999022483826
YLR384C,YOL011W,0,-3.7468007,0.18677905201911926,0.8420000076293945,0.36660000681877136
YCR073W-A,YDR484W,0,-3.746841,0.18673764169216156,0.8420000076293945,0.3666999936103821
YAL059W,YKL032C,0,-3.7473936,0.18669623136520386,0.8420000076293945,0.3668000102043152
YLR133W,YJL085W,0,-3.7482579,0.18665485084056854,0.8420000076293945,0.3668999969959259
YKL052C,YPL203W,0,-3.7483284,0.18661347031593323,0.8420000076293945,0.367000013589859
YDR518W,YER151C,0,-3.7484045,0.1865721195936203,0.8420000076293945,0.3671000003814697
YGL168W,YBR297W,0,-3.7488105,0.18653079867362976,0.8420000076293945,0.36719998717308044
YPL076W,YMR164C,0,-3.7488465,0.18648947775363922,0.8420000076293945,0.36730000376701355
YPR075C,YPL192C,0,-3.7491033,0.18644818663597107,0.8420000076293945,0.36739999055862427
YKL135C,YML074C,0,-3.7494233,0.1864069104194641,0.8420000076293945,0.3675000071525574
YMR038C,YGR085C,0,-3.749564,0.18636564910411835,0.8420000076293945,0.3675999939441681
YMR162C,YGL006W,0,-3.7502227,0.18632440268993378,0.8420000076293945,0.3677000105381012
YIL124W,YOR112W,0,-3.7509737,0.1862831860780716,0.8420000076293945,0.3677999973297119
YDL245C,YHL011C,0,-3.7509928,0.1862419843673706,0.8420000076293945,0.367900013923645
YAL015C,YJL036W,0,-3.7509935,0.1862007975578308,0.8420000076293945,0.36800000071525574
YBR119W,YER049W,0,-3.7510743,0.1861596256494522,0.8420000076293945,0.36809998750686646
YLR026C,YNL126W,0,-3.7510853,0.186118483543396,0.8420000076293945,0.36820000410079956
YLR368W,YNL287W,0,-3.7514071,0.18607734143733978,0.8420000076293945,0.3682999908924103
YBR196C,YOR057W,0,-3.7515967,0.18603622913360596,0.8420000076293945,0.3684000074863434
YNL280C,YOL034W,0,-3.7517195,0.18599514663219452,0.8420000076293945,0.3684999942779541
YKR035W-A,YBR186W,0,-3.7520022,0.18595406413078308,0.8420000076293945,0.3686000108718872
YGR163W,YPR167C,0,-3.752409,0.18591301143169403,0.8420000076293945,0.3686999976634979
YHR069C,YNL049C,0,-3.7529492,0.18587195873260498,0.8420000076293945,0.36880001425743103
YEL062W,YKL148C,0,-3.7530875,0.18583093583583832,0.8420000076293945,0.36890000104904175
YIL035C,YER110C,0,-3.753175,0.18578994274139404,0.8420000076293945,0.36899998784065247
YGR216C,YPL036W,0,-3.7531846,0.18574894964694977,0.8420000076293945,0.36910000443458557
YHR034C,YPL218W,0,-3.753225,0.18570798635482788,0.8420000076293945,0.3691999912261963
YBR272C,YDR129C,0,-3.7534583,0.1856670379638672,0.8420000076293945,0.3693000078201294
YKL141W,YJL156C,0,-3.753592,0.1856261044740677,0.8420000076293945,0.3693999946117401
YGL253W,YOR230W,0,-3.754391,0.18558518588542938,0.8420000076293945,0.3695000112056732
YDR137W,YGL048C,0,-3.7544916,0.18554429709911346,0.8420000076293945,0.36959999799728394
YPL271W,YPL268W,0,-3.7546284,0.18550340831279755,0.8420000076293945,0.36970001459121704
YLR329W,YNL290W,0,-3.7546618,0.18546254932880402,0.8420000076293945,0.36980000138282776
YDR273W,YOR344C,0,-3.7552383,0.18542172014713287,0.8420000076293945,0.3698999881744385
YDR284C,YPL169C,0,-3.755544,0.18538089096546173,0.8420000076293945,0.3700000047683716
YGR197C,YAL001C,0,-3.7563174,0.18534007668495178,0.8420000076293945,0.3700999915599823
YGR003W,YDR040C,0,-3.7565444,0.18529929220676422,0.8420000076293945,0.3702000081539154
YOR002W,YDR135C,0,-3.7568207,0.18525852262973785,0.8420000076293945,0.3702999949455261
YML099C,YIL002C,0,-3.7571166,0.18521776795387268,0.8420000076293945,0.37040001153945923
YOR094W,YBR290W,0,-3.7571633,0.1851770430803299,0.8420000076293945,0.37049999833106995
YPR171W,YLR008C,0,-3.7571638,0.1851363182067871,0.8420000076293945,0.37059998512268066
YEL053C,YMR140W,0,-3.7572825,0.1850956231355667,0.8420000076293945,0.37070000171661377
YHR171W,YLR134W,0,-3.7574332,0.1850549429655075,0.8420000076293945,0.3707999885082245
YAR019C,YJL036W,0,-3.7586064,0.1850142776966095,0.8420000076293945,0.3709000051021576
YPL200W,YLR025W,0,-3.7587872,0.18497364223003387,0.8420000076293945,0.3709999918937683
YDR243C,YOR275C,0,-3.7600484,0.18493300676345825,0.8420000076293945,0.3711000084877014
YHL038C,YGL210W,0,-3.7601533,0.18489240109920502,0.8420000076293945,0.37119999527931213
YOR106W,YOR087W,0,-3.760393,0.18485181033611298,0.8420000076293945,0.37130001187324524
YGR267C,YER165W,0,-3.7606826,0.18481123447418213,0.8420000076293945,0.37139999866485596
YBR217W,YOR178C,0,-3.7608001,0.18477068841457367,0.8420000076293945,0.3714999854564667
YBR290W,YDL112W,0,-3.7614713,0.1847301423549652,0.8420000076293945,0.3716000020503998
YKR046C,YBR218C,0,-3.7621522,0.18468962609767914,0.8420000076293945,0.3716999888420105
YPL218W,YML025C,0,-3.7621992,0.18464912474155426,0.8420000076293945,0.3718000054359436
YCR089W,YPL244C,0,-3.7622283,0.18460863828659058,0.8420000076293945,0.3718999922275543
YCR081W,YPL232W,0,-3.76241,0.18456816673278809,0.8420000076293945,0.3720000088214874
YCR063W,YPL082C,0,-3.7625453,0.18452772498130798,0.8420000076293945,0.37209999561309814
YJL192C,YOL055C,0,-3.7627008,0.18448729813098907,0.8420000076293945,0.37220001220703125
YDR479C,YCL069W,0,-3.7634976,0.18444687128067017,0.8420000076293945,0.37229999899864197
YOR033C,YPR094W,0,-3.763762,0.18440648913383484,0.8420000076293945,0.3723999857902527
YHR001W,YOR224C,0,-3.7639067,0.1843661069869995,0.8420000076293945,0.3725000023841858
YHL038C,YMR182C,0,-3.7641811,0.18432573974132538,0.8420000076293945,0.3725999891757965
YOR031W,YPL232W,0,-3.7642891,0.18428540229797363,0.8420000076293945,0.3727000057697296
YCR082W,YIL122W,0,-3.7646759,0.18424507975578308,0.8420000076293945,0.37279999256134033
YOR274W,YKR020W,0,-3.7649477,0.18420477211475372,0.8420000076293945,0.37290000915527344
YKL110C,YML091C,0,-3.7650282,0.18416447937488556,0.8420000076293945,0.37299999594688416
YKL054C,YKR095W-A,0,-3.765248,0.1841242015361786,0.8420000076293945,0.37310001254081726
YHR069C,YFR005C,0,-3.7652574,0.184083953499794,0.8420000076293945,0.373199999332428
YOR328W,YBL103C,0,-3.7653463,0.18404372036457062,0.8420000076293945,0.3732999861240387
YDR201W,YDR126W,0,-3.7653525,0.18400350213050842,0.8420000076293945,0.3734000027179718
YDL030W,YOL093W,0,-3.7656262,0.18396329879760742,0.8420000076293945,0.3734999895095825
YDR228C,YKR079C,0,-3.765744,0.18392311036586761,0.8420000076293945,0.3736000061035156
YPL268W,YER118C,0,-3.765896,0.183882936835289,0.8420000076293945,0.37369999289512634
YDR272W,YGL011C,0,-3.7659373,0.18384279310703278,0.8420000076293945,0.37380000948905945
YMR015C,YGR202C,0,-3.7659817,0.18380266427993774,0.8420000076293945,0.37389999628067017
YMR213W,YLR206W,0,-3.7659848,0.1837625503540039,0.8420000076293945,0.37400001287460327
YOR061W,YDR312W,0,-3.7660515,0.18372245132923126,0.8420000076293945,0.374099999666214
YPL053C,YOR253W,0,-3.766117,0.1836823672056198,0.8420000076293945,0.3741999864578247
YMR182C,YDL112W,0,-3.7666948,0.18364231288433075,0.8420000076293945,0.3743000030517578
YHR133C,YGR033C,0,-3.766782,0.18360227346420288,0.8420000076293945,0.37439998984336853
YIR017C,YOR332W,0,-3.7668242,0.183562234044075,0.8420000076293945,0.37450000643730164
YJR002W,YLR059C,0,-3.7670605,0.18352223932743073,0.8420000076293945,0.37459999322891235
YIL052C,YGL115W,0,-3.7671905,0.18348224461078644,0.8420000076293945,0.37470000982284546
YNL127W,YMR183C,0,-3.7679112,0.18344226479530334,0.8420000076293945,0.3747999966144562
YIL066C,YNL049C,0,-3.7680748,0.18340231478214264,0.8420000076293945,0.3749000132083893
YPR019W,YMR164C,0,-3.7681155,0.18336236476898193,0.8420000076293945,0.375
YER142C,YGL051W,0,-3.7682016,0.18332244455814362,0.8420000076293945,0.3750999867916107
YPL192C,YDR473C,0,-3.7684739,0.1832825392484665,0.8420000076293945,0.3752000033855438
YKL008C,YGR144W,0,-3.7688217,0.18324264883995056,0.8420000076293945,0.37529999017715454
YOL002C,YJL029C,0,-3.7693207,0.18320278823375702,0.8420000076293945,0.37540000677108765
YOL078W,YLR002C,0,-3.7695837,0.18316292762756348,0.8420000076293945,0.37549999356269836
YPL249C,YIL038C,0,-3.7696185,0.18312309682369232,0.8420000076293945,0.37560001015663147
YDL209C,YML043C,0,-3.770187,0.18308328092098236,0.8420000076293945,0.3756999969482422
YKL130C,YKL079W,0,-3.7702425,0.1830434799194336,0.8420000076293945,0.3758000135421753
YKL114C,YER018C,0,-3.7704866,0.18300369381904602,0.8420000076293945,0.375900000333786
YCR089W,YKL064W,0,-3.7709801,0.18296392261981964,0.8420000076293945,0.37599998712539673
YGR280C,YDR409W,0,-3.7711892,0.18292418122291565,0.8420000076293945,0.37610000371932983
YDR281C,YLR360W,0,-3.7712553,0.18288445472717285,0.8420000076293945,0.37619999051094055
YGR029W,YGR170W,0,-3.7714474,0.18284472823143005,0.8420000076293945,0.37630000710487366
YDR280W,YOR359W,0,-3.7714853,0.18280503153800964,0.8420000076293945,0.3763999938964844
YBR286W,YNL145W,0,-3.7716205,0.18276534974575043,0.8420000076293945,0.3765000104904175
YLR219W,YDR464W,0,-3.7716484,0.1827256977558136,0.8420000076293945,0.3765999972820282
YPL231W,YNR048W,0,-3.7717447,0.18268604576587677,0.8420000076293945,0.3767000138759613
YMR037C,YJL204C,0,-3.7717843,0.18264642357826233,0.8420000076293945,0.376800000667572
YBR298C,YGL063W,0,-3.771797,0.18260681629180908,0.8420000076293945,0.37689998745918274
YLR163C,YOL026C,0,-3.772096,0.18256720900535583,0.8420000076293945,0.37700000405311584
YGL020C,YOR332W,0,-3.772366,0.18252764642238617,0.8420000076293945,0.37709999084472656
YDR224C,YBR231C,1,-3.7724295,0.18270480632781982,0.8429999947547913,0.37709999084472656
YHL006C,YGR074W,0,-3.7724612,0.18266522884368896,0.8429999947547913,0.37720000743865967
YLR246W,YGR180C,0,-3.7725422,0.1826256513595581,0.8429999947547913,0.3772999942302704
YDR488C,YFL005W,0,-3.7729328,0.18258608877658844,0.8429999947547913,0.3774000108242035
YDR022C,YIL125W,0,-3.7729366,0.18254655599594116,0.8429999947547913,0.3774999976158142
YOR039W,YJL025W,0,-3.7732,0.18250703811645508,0.8429999947547913,0.3776000142097473
YJL063C,YDR002W,0,-3.7737477,0.1824675351381302,0.8429999947547913,0.37770000100135803
YOR377W,YLR119W,0,-3.7738664,0.1824280470609665,0.8429999947547913,0.37779998779296875
YPL135W,YPR107C,0,-3.7738926,0.182388573884964,0.8429999947547913,0.37790000438690186
YCR067C,YIL061C,0,-3.774062,0.18234913051128387,0.8429999947547913,0.3779999911785126
YDL200C,YIR015W,0,-3.7753947,0.18230968713760376,0.8429999947547913,0.3781000077724457
YNL298W,YHR026W,0,-3.7754095,0.18227027356624603,0.8429999947547913,0.3781999945640564
YOR002W,YGR013W,0,-3.7757673,0.1822308748960495,0.8429999947547913,0.3783000111579895
YDR264C,YJL111W,0,-3.7765114,0.18219149112701416,0.8429999947547913,0.3783999979496002
YJR021C,YER123W,0,-3.7767966,0.18215212225914001,0.8429999947547913,0.3785000145435333
YGR267C,YIR022W,0,-3.777308,0.18211276829242706,0.8429999947547913,0.37860000133514404
YLR115W,YNL241C,0,-3.7776332,0.1820734292268753,0.8429999947547913,0.37869998812675476
YOL127W,YBR240C,0,-3.778198,0.18203411996364594,0.8429999947547913,0.37880000472068787
YGL019W,YMR146C,0,-3.778221,0.18199482560157776,0.8429999947547913,0.3788999915122986
YPR042C,YPL214C,0,-3.778474,0.18195553123950958,0.8429999947547913,0.3790000081062317
YOL143C,YML028W,0,-3.77859,0.1819162666797638,0.8429999947547913,0.3790999948978424
YGL169W,YGL243W,0,-3.7786715,0.1818770170211792,0.8429999947547913,0.3792000114917755
YBR085W,YIR009W,0,-3.778879,0.181837797164917,0.8429999947547913,0.37929999828338623
YGR010W,YGL095C,0,-3.7789009,0.18179857730865479,0.8429999947547913,0.37940001487731934
YJL125C,YBL103C,0,-3.7789543,0.18175937235355377,0.8429999947547913,0.37950000166893005
YML043C,YOR216C,0,-3.778981,0.18172019720077515,0.8429999947547913,0.37959998846054077
YCR091W,YKL126W,0,-3.779259,0.18168103694915771,0.8429999947547913,0.3797000050544739
YCR089W,YBR223C,0,-3.7793906,0.18164189159870148,0.8429999947547913,0.3797999918460846
YOR315W,YJL029C,0,-3.7794957,0.18160276114940643,0.8429999947547913,0.3799000084400177
YGR284C,YDR478W,0,-3.77967,0.18156364560127258,0.8429999947547913,0.3799999952316284
YOL016C,YHL031C,0,-3.7797759,0.18152454495429993,0.8429999947547913,0.3801000118255615
YBR205W,YGL093W,0,-3.7800598,0.18148547410964966,0.8429999947547913,0.38019999861717224
YNL177C,YJR004C,0,-3.7801788,0.1814464032649994,0.8429999947547913,0.38029998540878296
YJL050W,YDR030C,0,-3.780253,0.1814073622226715,0.8429999947547913,0.38040000200271606
YMR264W,YPR108W,0,-3.7802954,0.18136833608150482,0.8429999947547913,0.3804999887943268
YML048W,YGR192C,0,-3.780496,0.18132932484149933,0.8429999947547913,0.3806000053882599
YLL031C,YOR322C,0,-3.7812116,0.18129032850265503,0.8429999947547913,0.3806999921798706
YKR056W,YLR298C,0,-3.7816107,0.18125134706497192,0.8429999947547913,0.3808000087738037
YKL146W,YDR037W,0,-3.7819633,0.18121238052845,0.8429999947547913,0.38089999556541443
YDL197C,YGR063C,1,-3.782277,0.18138834834098816,0.843999981880188,0.38089999556541443
YPR052C,YKR101W,1,-3.7825396,0.18156424164772034,0.8450000286102295,0.38089999556541443
YPL160W,YGL225W,0,-3.7830935,0.18152524530887604,0.8450000286102295,0.38100001215934753
YLR394W,YPL127C,0,-3.7832084,0.18148624897003174,0.8450000286102295,0.38109999895095825
YOR046C,YOR313C,0,-3.7832606,0.18144728243350983,0.8450000286102295,0.38119998574256897
YMR172W,YDL046W,0,-3.7851994,0.1814083307981491,0.8450000286102295,0.3813000023365021
YHR015W,YML034W,0,-3.7852643,0.18136939406394958,0.8450000286102295,0.3813999891281128
YMR053C,YNL246W,1,-3.7853422,0.18154506385326385,0.8460000157356262,0.3813999891281128
YGR202C,YER019C-A,0,-3.785694,0.18150611221790314,0.8460000157356262,0.3815000057220459
YHR115C,YBR083W,0,-3.7859282,0.1814671754837036,0.8460000157356262,0.3815999925136566
YJR140C,YLR223C,1,-3.7859614,0.18164272606372833,0.847000002861023,0.3815999925136566
YMR004W,YGL120C,0,-3.7861602,0.18160377442836761,0.847000002861023,0.3817000091075897
YCR020W-B,YGR063C,1,-3.7861943,0.18177920579910278,0.8479999899864197,0.3817000091075897
YGR098C,YML051W,0,-3.7862709,0.18174025416374207,0.8479999899864197,0.38179999589920044
YBR155W,YPR082C,0,-3.7862773,0.18170130252838135,0.8479999899864197,0.38190001249313354
YJL179W,YDR545W,0,-3.7867172,0.18166238069534302,0.8479999899864197,0.38199999928474426
YDR361C,YLR008C,0,-3.7874682,0.18162347376346588,0.8479999899864197,0.382099986076355
YPL267W,YFL033C,0,-3.7875214,0.18158458173274994,0.8479999899864197,0.3822000026702881
YMR212C,YOR371C,0,-3.7875452,0.1815457046031952,0.8479999899864197,0.3822999894618988
YFL025C,YCL052C,0,-3.7875473,0.18150684237480164,0.8479999899864197,0.3824000060558319
YLR242C,YGR141W,0,-3.7881691,0.18146800994873047,0.8479999899864197,0.3824999928474426
YGR230W,YJL143W,0,-3.788615,0.1814291775226593,0.8479999899864197,0.38260000944137573
YPL010W,YDL097C,0,-3.7886693,0.18139037489891052,0.8479999899864197,0.38269999623298645
YBL045C,YBR294W,0,-3.789069,0.18135158717632294,0.8479999899864197,0.38280001282691956
YMR047C,YDR412W,0,-3.7893994,0.18131281435489655,0.8479999899864197,0.3828999996185303
YOR346W,YGR241C,0,-3.7894058,0.18127404153347015,0.8479999899864197,0.382999986410141
YMR204C,YLR316C,0,-3.7894318,0.18123531341552734,0.8479999899864197,0.3831000030040741
YDL209C,YGR090W,0,-3.7894914,0.18119658529758453,0.8479999899864197,0.3831999897956848
YLL035W,YDL058W,0,-3.7896407,0.18115787208080292,0.8479999899864197,0.3833000063896179
YBL099W,YOR193W,0,-3.7904956,0.1811191737651825,0.8479999899864197,0.38339999318122864
YNL298W,YOR236W,0,-3.7906563,0.18108050525188446,0.8479999899864197,0.38350000977516174
YIL098C,YGL173C,0,-3.7909777,0.18104185163974762,0.8479999899864197,0.38359999656677246
YGR188C,YPR033C,0,-3.7915072,0.18100319802761078,0.8479999899864197,0.38370001316070557
YJL060W,YPL256C,0,-3.7917411,0.18096457421779633,0.8479999899864197,0.3837999999523163
YFR027W,YNL153C,0,-3.7924576,0.18092596530914307,0.8479999899864197,0.383899986743927
YKL135C,YIL037C,0,-3.7926726,0.180887371301651,0.8479999899864197,0.3840000033378601
YFL023W,YIL075C,0,-3.7929745,0.18084879219532013,0.8479999899864197,0.3840999901294708
YNL066W,YNL241C,0,-3.7930524,0.18081022799015045,0.8479999899864197,0.38420000672340393
YJL196C,YPL244C,0,-3.7931793,0.18077169358730316,0.8479999899864197,0.38429999351501465
YOR181W,YGL090W,0,-3.7932563,0.18073315918445587,0.8479999899864197,0.38440001010894775
YDR116C,YER151C,0,-3.7932632,0.18069465458393097,0.8479999899864197,0.38449999690055847
YDL192W,YBR037C,0,-3.7936568,0.18065614998340607,0.8479999899864197,0.3846000134944916
YNL232W,YIL120W,0,-3.79382,0.18061767518520355,0.8479999899864197,0.3847000002861023
YBR020W,YOL104C,0,-3.79421,0.18057921528816223,0.8479999899864197,0.384799987077713
YPL116W,YCR033W,1,-3.7945406,0.1807536780834198,0.8489999771118164,0.384799987077713
YCR082W,YDR459C,0,-3.7946231,0.18071520328521729,0.8489999771118164,0.3849000036716461
YJL069C,YNL197C,0,-3.7946322,0.18067674338817596,0.8489999771118164,0.38499999046325684
YJL062W,YIL052C,0,-3.794966,0.18063829839229584,0.8489999771118164,0.38510000705718994
YPL121C,YDR170C,0,-3.7955494,0.1805998682975769,0.8489999771118164,0.38519999384880066
YNL159C,YOL122C,0,-3.7958896,0.18056146800518036,0.8489999771118164,0.38530001044273376
YPL101W,YMR192W,0,-3.7961562,0.1805230677127838,0.8489999771118164,0.3853999972343445
YBL090W,YGL092W,0,-3.796725,0.18048469722270966,0.8489999771118164,0.3855000138282776
YDL093W,YCR067C,0,-3.7972724,0.1804463267326355,0.8489999771118164,0.3856000006198883
YPL078C,YDR156W,0,-3.7973564,0.18040798604488373,0.8489999771118164,0.385699987411499
YOL117W,YNL126W,0,-3.7975147,0.18036966025829315,0.8489999771118164,0.38580000400543213
YNL142W,YPR134W,0,-3.7976496,0.18033134937286377,0.8489999771118164,0.38589999079704285
YOL148C,YMR053C,1,-3.797653,0.1805054098367691,0.8500000238418579,0.38589999079704285
YMR119W,YDR443C,0,-3.79776,0.18046708405017853,0.8500000238418579,0.38600000739097595
YAL041W,YGR044C,0,-3.7980084,0.18042878806591034,0.8500000238418579,0.38609999418258667
YKL007W,YGR144W,0,-3.7981765,0.18039049208164215,0.8500000238418579,0.3862000107765198
YDR473C,YER089C,0,-3.7988045,0.18035221099853516,0.8500000238418579,0.3862999975681305
YGR101W,YLR193C,0,-3.7991896,0.18031395971775055,0.8500000238418579,0.3864000141620636
YPL125W,YBL080C,0,-3.8004673,0.18027570843696594,0.8500000238418579,0.3865000009536743
YBR057C,YHR070W,0,-3.8006961,0.18023748695850372,0.8500000238418579,0.38659998774528503
YPL217C,YDR180W,0,-3.8008068,0.1801992803812027,0.8500000238418579,0.38670000433921814
YNL312W,YOR353C,0,-3.8009346,0.18016108870506287,0.8500000238418579,0.38679999113082886
YJR050W,YOR081C,0,-3.801402,0.18012291193008423,0.8500000238418579,0.38690000772476196
YJL178C,YDL188C,0,-3.8016434,0.18008475005626678,0.8500000238418579,0.3869999945163727
YKL179C,YMR208W,0,-3.801849,0.18004660308361053,0.8500000238418579,0.3871000111103058
YIL037C,YIL031W,0,-3.8018508,0.18000847101211548,0.8500000238418579,0.3871999979019165
YBR109C,YPL187W,0,-3.8021495,0.17997035384178162,0.8500000238418579,0.3873000144958496
YMR119W,YGR238C,0,-3.8022408,0.17993226647377014,0.8500000238418579,0.3874000012874603
YBR130C,YDR078C,0,-3.8023133,0.17989417910575867,0.8500000238418579,0.38749998807907104
YBR237W,YOR073W,0,-3.8023353,0.17985612154006958,0.8500000238418579,0.38760000467300415
YJR082C,YBR089C-A,1,-3.8024685,0.18002961575984955,0.8510000109672546,0.38760000467300415
YDR263C,YOR216C,0,-3.8025372,0.17999154329299927,0.8510000109672546,0.38769999146461487
YER006W,YJL104W,0,-3.8025646,0.17995348572731018,0.8510000109672546,0.387800008058548
YPL149W,YGR170W,0,-3.8026597,0.1799154281616211,0.8510000109672546,0.3878999948501587
YNL090W,YOL124C,0,-3.8027294,0.1798774003982544,0.8510000109672546,0.3880000114440918
YJL058C,YOR116C,0,-3.8027658,0.1798393875360489,0.8510000109672546,0.3880999982357025
YJR055W,YPL243W,0,-3.8027718,0.17980138957500458,0.8510000109672546,0.3882000148296356
YHR001W,YDR487C,0,-3.8031027,0.17976340651512146,0.8510000109672546,0.38830000162124634
YBR065C,YPR187W,0,-3.8031497,0.17972545325756073,0.8510000109672546,0.38839998841285706
YDL192W,YDR272W,0,-3.803248,0.1796875,0.8510000109672546,0.38850000500679016
YGL027C,YGR007W,0,-3.8037457,0.17964956164360046,0.8510000109672546,0.3885999917984009
YDR486C,YHR048W,0,-3.8039684,0.17961165308952332,0.8510000109672546,0.388700008392334
YOL111C,YBR050C,0,-3.804321,0.17957374453544617,0.8510000109672546,0.3887999951839447
YIR023W,YML025C,0,-3.804444,0.1795358657836914,0.8510000109672546,0.3889000117778778
YJR132W,YKL130C,0,-3.8045793,0.17949800193309784,0.8510000109672546,0.3889999985694885
YKR082W,YOL080C,0,-3.805024,0.17946013808250427,0.8510000109672546,0.38909998536109924
YHR129C,YFR036W,0,-3.8050327,0.1794223040342331,0.8510000109672546,0.38920000195503235
YPR124W,YGR135W,0,-3.80533,0.1793844848871231,0.8510000109672546,0.38929998874664307
YMR247C,YML109W,1,-3.8054073,0.1795574277639389,0.8519999980926514,0.38929998874664307
YOL040C,YKL041W,0,-3.8057692,0.17951959371566772,0.8519999980926514,0.38940000534057617
YPL160W,YGL216W,0,-3.8059967,0.17948177456855774,0.8519999980926514,0.3894999921321869
YGL020C,YCL035C,0,-3.806022,0.17944397032260895,0.8519999980926514,0.38960000872612
YOR020C,YHR038W,0,-3.8063295,0.17940619587898254,0.8519999980926514,0.3896999955177307
YIL140W,YHL022C,0,-3.8064082,0.17936842143535614,0.8519999980926514,0.3898000121116638
YKL138C-A,YNL167C,0,-3.806602,0.17933066189289093,0.8519999980926514,0.38989999890327454
YLR383W,YNL334C,0,-3.8067455,0.1792929321527481,0.8519999980926514,0.38999998569488525
YKR086W,YDL081C,0,-3.8071752,0.17925520241260529,0.8519999980926514,0.39010000228881836
YMR078C,YER003C,0,-3.8072166,0.17921750247478485,0.8519999980926514,0.3901999890804291
YKL192C,YLR246W,0,-3.8073342,0.1791798174381256,0.8519999980926514,0.3903000056743622
YIL002C,YBR022W,0,-3.807473,0.17914213240146637,0.8519999980926514,0.3903999924659729
YGL035C,YPL058C,0,-3.8076422,0.17910447716712952,0.8519999980926514,0.390500009059906
YDR240C,YOR045W,0,-3.807711,0.17906683683395386,0.8519999980926514,0.3905999958515167
YNL042W,YKL126W,0,-3.8079476,0.1790292114019394,0.8519999980926514,0.39070001244544983
YJL014W,YGL238W,0,-3.8085315,0.17899160087108612,0.8519999980926514,0.39079999923706055
YJR140C,YHR056C,1,-3.8088105,0.17916403710842133,0.8529999852180481,0.39079999923706055
YDL113C,YML034W,0,-3.8089054,0.17912641167640686,0.8529999852180481,0.39089998602867126
YMR055C,YKL188C,0,-3.8092422,0.17908881604671478,0.8529999852180481,0.39100000262260437
YDL117W,YHR188C,0,-3.8092654,0.1790512204170227,0.8529999852180481,0.3910999894142151
YJR131W,YMR016C,0,-3.8093812,0.17901363968849182,0.8529999852180481,0.3912000060081482
YNL006W,YOR313C,0,-3.8099873,0.17897607386112213,0.8529999852180481,0.3912999927997589
YDR238C,YFL008W,0,-3.810252,0.17893853783607483,0.8529999852180481,0.391400009393692
YJR004C,YKL014C,0,-3.810258,0.17890100181102753,0.8529999852180481,0.39149999618530273
YML071C,YML067C,0,-3.8111613,0.1788634955883026,0.8529999852180481,0.39160001277923584
YGL178W,YHL025W,1,-3.8111732,0.17903563380241394,0.8539999723434448,0.39160001277923584
YKL208W,YHR026W,0,-3.8114367,0.17899811267852783,0.8539999723434448,0.39169999957084656
YOR030W,YFL017W-A,0,-3.8116891,0.17896060645580292,0.8539999723434448,0.3917999863624573
YBR119W,YDR435C,0,-3.8117886,0.1789231151342392,0.8539999723434448,0.3919000029563904
YHR143W-A,YGR104C,0,-3.8118513,0.17888562381267548,0.8539999723434448,0.3919999897480011
YIR013C,YHR042W,0,-3.8120031,0.17884816229343414,0.8539999723434448,0.3921000063419342
YDR499W,YCR044C,0,-3.8120413,0.178810715675354,0.8539999723434448,0.3921999931335449
YBL082C,YML095C,0,-3.812075,0.17877328395843506,0.8539999723434448,0.392300009727478
YAL026C,YDR194C,0,-3.8129923,0.1787358671426773,0.8539999723434448,0.39239999651908875
YNL042W,YOR032C,0,-3.8130386,0.17869846522808075,0.8539999723434448,0.39250001311302185
YEL030W,YDR165W,0,-3.8131652,0.17866109311580658,0.8539999723434448,0.39259999990463257
YFR021W,YER174C,0,-3.813473,0.1786237210035324,0.8539999723434448,0.3926999866962433
YCR107W,YBR294W,0,-3.8136942,0.17858636379241943,0.8539999723434448,0.3928000032901764
YKL073W,YGL236C,0,-3.8139079,0.17854902148246765,0.8539999723434448,0.3928999900817871
YPL233W,YOL054W,0,-3.813987,0.17851170897483826,0.8539999723434448,0.3930000066757202
YJR004C,YDR341C,0,-3.8140767,0.17847439646720886,0.8539999723434448,0.39309999346733093
YDR385W,YJR055W,0,-3.8142648,0.17843711376190186,0.8539999723434448,0.39320001006126404
YNL153C,YER110C,0,-3.8142922,0.17839983105659485,0.8539999723434448,0.39329999685287476
YGL187C,YJL035C,0,-3.8143604,0.17836257815361023,0.8539999723434448,0.39340001344680786
YAL034W-A,YOL142W,0,-3.8144593,0.1783253252506256,0.8539999723434448,0.3935000002384186
YMR255W,YIR022W,0,-3.8144767,0.17828810214996338,0.8539999723434448,0.3935999870300293
YNL268W,YJR112W,0,-3.8152754,0.17825089395046234,0.8539999723434448,0.3937000036239624
YGR109C,YNL291C,0,-3.8155692,0.1782136857509613,0.8539999723434448,0.3937999904155731
YPL015C,YHR099W,1,-3.8157873,0.17838513851165771,0.8550000190734863,0.3937999904155731
YDR060W,YOR150W,0,-3.8160424,0.17834793031215668,0.8550000190734863,0.3939000070095062
YBL020W,YDL081C,0,-3.8165743,0.17831073701381683,0.8550000190734863,0.39399999380111694
YNL029C,YDR487C,0,-3.816745,0.17827355861663818,0.8550000190734863,0.39410001039505005
YER177W,YJL039C,0,-3.817553,0.17823639512062073,0.8550000190734863,0.39419999718666077
YBR111W-A,YEL004W,0,-3.8177292,0.17819924652576447,0.8550000190734863,0.39430001378059387
YGR029W,YGR181W,0,-3.817898,0.1781621128320694,0.8550000190734863,0.3944000005722046
YKL046C,YHR048W,0,-3.8181016,0.17812499403953552,0.8550000190734863,0.3944999873638153
YJL095W,YGL062W,0,-3.8182058,0.17808790504932404,0.8550000190734863,0.3946000039577484
YIL149C,YMR322C,0,-3.8183095,0.17805081605911255,0.8550000190734863,0.39469999074935913
YML006C,YNL268W,0,-3.8184044,0.17801374197006226,0.8550000190734863,0.39480000734329224
YJR083C,YIL140W,0,-3.8187916,0.17797668278217316,0.8550000190734863,0.39489999413490295
YKR066C,YOR367W,0,-3.819054,0.17793965339660645,0.8550000190734863,0.39500001072883606
YBR153W,YPL029W,0,-3.8191857,0.17790262401103973,0.8550000190734863,0.3950999975204468
YOR236W,YKR067W,0,-3.8191984,0.17786560952663422,0.8550000190734863,0.3952000141143799
YNL117W,YDR314C,0,-3.819227,0.1778286248445511,0.8550000190734863,0.3953000009059906
YLR109W,YOR266W,0,-3.819417,0.17779164016246796,0.8550000190734863,0.3953999876976013
YBL004W,YDL128W,0,-3.8196084,0.17775467038154602,0.8550000190734863,0.3955000042915344
YNL220W,YPR135W,0,-3.819666,0.17771773040294647,0.8550000190734863,0.39559999108314514
YDR099W,YBL033C,0,-3.8197272,0.17768080532550812,0.8550000190734863,0.39570000767707825
YAL023C,YGR009C,0,-3.819768,0.17764388024806976,0.8550000190734863,0.39579999446868896
YDR289C,YGL093W,0,-3.8201795,0.1776069849729538,0.8550000190734863,0.39590001106262207
YPR055W,YPL237W,0,-3.8201935,0.17757008969783783,0.8550000190734863,0.3959999978542328
YDR397C,YPL239W,0,-3.8208327,0.17753322422504425,0.8550000190734863,0.3961000144481659
YJL194W,YLR291C,0,-3.8208475,0.17749637365341187,0.8550000190734863,0.3962000012397766
YGR163W,YPL087W,0,-3.8210523,0.17745952308177948,0.8550000190734863,0.39629998803138733
YMR301C,YCL051W,0,-3.8210533,0.17742270231246948,0.8550000190734863,0.39640000462532043
YOL011W,YHR026W,0,-3.821355,0.17738589644432068,0.8550000190734863,0.39649999141693115
YLR193C,YJR126C,0,-3.8214133,0.17734909057617188,0.8550000190734863,0.39660000801086426
YMR116C,YGL044C,0,-3.8217344,0.17731231451034546,0.8550000190734863,0.396699994802475
YMR036C,YKL034W,0,-3.822697,0.17727555334568024,0.8550000190734863,0.3968000113964081
YJR002W,YIL075C,0,-3.8230505,0.1772388070821762,0.8550000190734863,0.3968999981880188
YKL179C,YPL283C,0,-3.8232403,0.17720207571983337,0.8550000190734863,0.3970000147819519
YNL223W,YOL147C,0,-3.823541,0.17716535925865173,0.8550000190734863,0.3971000015735626
YGR120C,YPL274W,0,-3.8235517,0.1771286576986313,0.8550000190734863,0.39719998836517334
YPR183W,YKR022C,0,-3.8238537,0.17709195613861084,0.8550000190734863,0.39730000495910645
YHR026W,YFL005W,0,-3.824225,0.17705528438091278,0.8550000190734863,0.39739999175071716
YDR040C,YFL033C,0,-3.824394,0.17701862752437592,0.8550000190734863,0.39750000834465027
YGR038W,YDR079C-A,0,-3.8244195,0.17698198556900024,0.8550000190734863,0.397599995136261
YIL002C,YOR346W,0,-3.824429,0.17694535851478577,0.8550000190734863,0.3977000117301941
YFL025C,YOL117W,0,-3.8250587,0.17690874636173248,0.8550000190734863,0.3977999985218048
YFL060C,YJL045W,0,-3.825084,0.1768721491098404,0.8550000190734863,0.3978999853134155
YDR036C,YOL026C,0,-3.8251708,0.1768355667591095,0.8550000190734863,0.39800000190734863
YCL052C,YJR021C,0,-3.8256388,0.176799014210701,0.8550000190734863,0.39809998869895935
YDL150W,YLR362W,0,-3.8256776,0.17676246166229248,0.8550000190734863,0.39820000529289246
YMR208W,YDR212W,0,-3.8257544,0.17672592401504517,0.8550000190734863,0.3982999920845032
YMR192W,YGL115W,0,-3.826166,0.17668940126895905,0.8550000190734863,0.3984000086784363
YMR208W,YAL010C,0,-3.82647,0.17665289342403412,0.8550000190734863,0.398499995470047
YPL116W,YDR227W,1,-3.8268654,0.1768229752779007,0.8560000061988831,0.398499995470047
YER032W,YAR035W,0,-3.827118,0.17678645253181458,0.8560000061988831,0.3986000120639801
YPL115C,YDL232W,0,-3.8272226,0.17674994468688965,0.8560000061988831,0.3986999988555908
YML086C,YOR267C,0,-3.827244,0.1767134666442871,0.8560000061988831,0.39879998564720154
YOR127W,YCL008C,0,-3.8273585,0.17667698860168457,0.8560000061988831,0.39890000224113464
YHR187W,YCL008C,0,-3.8274083,0.17664052546024323,0.8560000061988831,0.39899998903274536
YLR223C,YPR018W,1,-3.828017,0.1768103986978531,0.8569999933242798,0.39899998903274536
YBL047C,YJR144W,0,-3.8280933,0.17677392065525055,0.8569999933242798,0.39910000562667847
YER107C,YLR193C,0,-3.8282623,0.1767374724149704,0.8569999933242798,0.3991999924182892
YLR256W,YGL255W,0,-3.8285878,0.17670102417469025,0.8569999933242798,0.3993000090122223
YNL177C,YCR012W,0,-3.8286135,0.17666460573673248,0.8569999933242798,0.399399995803833
YDL117W,YOR148C,0,-3.828653,0.17662818729877472,0.8569999933242798,0.3995000123977661
YOR313C,YKR053C,0,-3.828749,0.17659179866313934,0.8569999933242798,0.39959999918937683
YPL101W,YLR034C,0,-3.8288429,0.17655542492866516,0.8569999933242798,0.39969998598098755
YBR164C,YGL168W,0,-3.8289664,0.17651905119419098,0.8569999933242798,0.39980000257492065
YDR072C,YPR168W,0,-3.8291087,0.17648270726203918,0.8569999933242798,0.39989998936653137
YLR363C,YGR070W,0,-3.829286,0.1764463633298874,0.8569999933242798,0.4000000059604645
YFL048C,YBR118W,0,-3.8294704,0.17641004920005798,0.8569999933242798,0.4000999927520752
YDR086C,YKR014C,0,-3.8298671,0.17637373507022858,0.8569999933242798,0.4002000093460083
YBR256C,YCR060W,0,-3.830488,0.17633745074272156,0.8569999933242798,0.400299996137619
YPR042C,YDR200C,0,-3.8307855,0.17630116641521454,0.8569999933242798,0.4004000127315521
YNL286W,YHR158C,0,-3.8309925,0.1762649118900299,0.8569999933242798,0.40049999952316284
YKR024C,YGL153W,0,-3.8313198,0.17622867226600647,0.8569999933242798,0.40059998631477356
YDL132W,YBL093C,0,-3.8313744,0.17619243264198303,0.8569999933242798,0.40070000290870667
YDL130W,YBR165W,0,-3.8314455,0.17615622282028198,0.8569999933242798,0.4007999897003174
YHR191C,YGR258C,0,-3.831673,0.17612001299858093,0.8569999933242798,0.4009000062942505
YGL245W,YPR055W,0,-3.8322237,0.17608383297920227,0.8569999933242798,0.4009999930858612
YDL236W,YCR033W,1,-3.8324335,0.176253080368042,0.8579999804496765,0.4009999930858612
YDL126C,YNL214W,0,-3.8326461,0.17621688544750214,0.8579999804496765,0.4011000096797943
YOR020C,YJR010C-A,0,-3.8328261,0.17618070542812347,0.8579999804496765,0.40119999647140503
YIL070C,YOR332W,0,-3.8330433,0.1761445254087448,0.8579999804496765,0.40130001306533813
YLR353W,YCR039C,0,-3.8331325,0.17610837519168854,0.8579999804496765,0.40139999985694885
YOL078W,YDL117W,0,-3.8331814,0.17607223987579346,0.8579999804496765,0.40149998664855957
YGL043W,YGL004C,0,-3.8335147,0.17603610455989838,0.8579999804496765,0.4016000032424927
YKR062W,YJL138C,0,-3.8336246,0.17599999904632568,0.8579999804496765,0.4016999900341034
YOR031W,YKL002W,0,-3.83392,0.17596390843391418,0.8579999804496765,0.4018000066280365
YCR024C-A,YOR216C,0,-3.8341408,0.17592781782150269,0.8579999804496765,0.4018999934196472
YDR317W,YGL006W,0,-3.834233,0.17589175701141357,0.8579999804496765,0.4020000100135803
YJL101C,YPL204W,0,-3.834313,0.17585571110248566,0.8579999804496765,0.40209999680519104
YNL325C,YHR088W,0,-3.834346,0.17581966519355774,0.8579999804496765,0.40220001339912415
YJL091C,YNL169C,0,-3.8350782,0.1757836490869522,0.8579999804496765,0.40230000019073486
YFR052W,YMR190C,0,-3.836188,0.17574764788150787,0.8579999804496765,0.4023999869823456
YDL008W,YEL012W,0,-3.8362327,0.17571164667606354,0.8579999804496765,0.4025000035762787
YPL267W,YOL122C,0,-3.8366077,0.1756756752729416,0.8579999804496765,0.4025999903678894
YNR026C,YDR443C,0,-3.836883,0.17563971877098083,0.8579999804496765,0.4027000069618225
YGR092W,YKL176C,0,-3.8370082,0.17560376226902008,0.8579999804496765,0.4027999937534332
YFL022C,YGR253C,0,-3.8370502,0.1755678355693817,0.8579999804496765,0.40290001034736633
YNL042W,YIL002C,0,-3.8371053,0.17553190886974335,0.8579999804496765,0.40299999713897705
YLR242C,YGR230W,0,-3.8371084,0.17549601197242737,0.8579999804496765,0.40310001373291016
YNR033W,YJL125C,0,-3.837188,0.17546012997627258,0.8579999804496765,0.4032000005245209
YHR068W,YOR230W,0,-3.837334,0.1754242479801178,0.8579999804496765,0.4032999873161316
YGL181W,YCL067C,0,-3.8375015,0.1753883957862854,0.8579999804496765,0.4034000039100647
YNL148C,YKR083C,0,-3.8375154,0.175352543592453,0.8579999804496765,0.4034999907016754
YDR284C,YCL039W,0,-3.8375633,0.175316721200943,0.8579999804496765,0.4036000072956085
YIL009W,YMR100W,0,-3.8379416,0.17528089880943298,0.8579999804496765,0.40369999408721924
YCR065W,YBL103C,0,-3.8379514,0.17524509131908417,0.8579999804496765,0.40380001068115234
YDR277C,YDR312W,0,-3.8380444,0.17520931363105774,0.8579999804496765,0.40389999747276306
YPR001W,YFL008W,0,-3.8380513,0.1751735359430313,0.8579999804496765,0.40400001406669617
YHR163W,YGR094W,0,-3.8383863,0.17513778805732727,0.8579999804496765,0.4041000008583069
YNL223W,YML034W,0,-3.8386004,0.17510204017162323,0.8579999804496765,0.4041999876499176
YNL009W,YKL008C,0,-3.8387196,0.17506630718708038,0.8579999804496765,0.4043000042438507
YLR078C,YKR053C,0,-3.8392036,0.17503060400485992,0.8579999804496765,0.4043999910354614
YLL031C,YGR244C,0,-3.8392403,0.17499490082263947,0.8579999804496765,0.40450000762939453
YCR081W,YDR126W,0,-3.8400085,0.1749592125415802,0.8579999804496765,0.40459999442100525
YMR163C,YOR229W,0,-3.8401783,0.17492355406284332,0.8579999804496765,0.40470001101493835
YDR378C,YGR014W,0,-3.8404877,0.17488789558410645,0.8579999804496765,0.4047999978065491
YBR089C-A,YCR052W,1,-3.8406363,0.17505604028701782,0.859000027179718,0.4047999978065491
YDR153C,YER070W,0,-3.8410025,0.17502038180828094,0.859000027179718,0.4049000144004822
YJL087C,YKR053C,0,-3.8410265,0.17498472332954407,0.859000027179718,0.4050000011920929
YGR013W,YAL016W,0,-3.8417218,0.17494907975196838,0.859000027179718,0.4050999879837036
YHR067W,YBR057C,0,-3.8419983,0.1749134659767151,0.859000027179718,0.4052000045776367
YMR190C,YMR095C,0,-3.8421128,0.1748778522014618,0.859000027179718,0.40529999136924744
YOR349W,YKL186C,0,-3.8421144,0.1748422533273697,0.859000027179718,0.40540000796318054
YDR524C,YOL133W,0,-3.8422341,0.17480666935443878,0.859000027179718,0.40549999475479126
YIL038C,YNL054W,0,-3.8428123,0.17477111518383026,0.859000027179718,0.40560001134872437
YKL022C,YMR204C,0,-3.8432586,0.17473556101322174,0.859000027179718,0.4056999981403351
YDR036C,YDR393W,0,-3.8436227,0.17470002174377441,0.859000027179718,0.4058000147342682
YNL264C,YDR212W,0,-3.8440864,0.17466449737548828,0.859000027179718,0.4059000015258789
YPR119W,YML057W,0,-3.8444712,0.17462898790836334,0.859000027179718,0.4059999883174896
YNR058W,YOL091W,0,-3.8447065,0.1745934933423996,0.859000027179718,0.40610000491142273
YLR113W,YJL087C,0,-3.8454928,0.17455801367759705,0.859000027179718,0.40619999170303345
YCL024W,YIL016W,0,-3.8472295,0.1745225489139557,0.859000027179718,0.40630000829696655
YGR014W,YPL096W,0,-3.84741,0.17448709905147552,0.859000027179718,0.40639999508857727
YGR238C,YPL050C,0,-3.8476574,0.17445166409015656,0.859000027179718,0.4065000116825104
YLR256W,YDL036C,0,-3.8481083,0.17441624402999878,0.859000027179718,0.4065999984741211
YDR099W,YDR170C,0,-3.848209,0.1743808388710022,0.859000027179718,0.4066999852657318
YDR198C,YHL007C,0,-3.8483212,0.1743454486131668,0.859000027179718,0.4068000018596649
YMR092C,YOL128C,0,-3.8489056,0.17431005835533142,0.859000027179718,0.40689998865127563
YPR023C,YNL246W,1,-3.8489351,0.17447757720947266,0.8600000143051147,0.40689998865127563
YMR219W,YLL022C,1,-3.849316,0.17464503645896912,0.8610000014305115,0.40689998865127563
YPL231W,YMR095C,0,-3.8493779,0.17460961639881134,0.8610000014305115,0.40700000524520874
YIL040W,YPR163C,0,-3.8496897,0.17457421123981476,0.8610000014305115,0.40709999203681946
YHR086W,YJR049C,0,-3.8498867,0.17453882098197937,0.8610000014305115,0.40720000863075256
YDR078C,YNL253W,0,-3.8506699,0.17450344562530518,0.8610000014305115,0.4072999954223633
YDR419W,YGR211W,0,-3.850929,0.17446808516979218,0.8610000014305115,0.4074000120162964
YPL145C,YKL019W,0,-3.8523505,0.17443273961544037,0.8610000014305115,0.4074999988079071
YNL041C,YKR050W,0,-3.8524258,0.17439740896224976,0.8610000014305115,0.4075999855995178
YLR117C,YLR048W,0,-3.8526251,0.17436209321022034,0.8610000014305115,0.4077000021934509
YDL126C,YDR076W,0,-3.8529332,0.1743267923593521,0.8610000014305115,0.40779998898506165
YAL020C,YOL129W,0,-3.853037,0.1742914915084839,0.8610000014305115,0.40790000557899475
YDR420W,YJL001W,0,-3.8532283,0.17425622045993805,0.8610000014305115,0.40799999237060547
YBR065C,YDR302W,0,-3.8534353,0.1742209643125534,0.8610000014305115,0.4081000089645386
YKL160W,YOR191W,1,-3.8538158,0.17438802123069763,0.8619999885559082,0.4081000089645386
YLR361C,YHR124W,0,-3.8538947,0.1743527501821518,0.8619999885559082,0.4081999957561493
YDL008W,YKL085W,0,-3.8539128,0.17431749403476715,0.8619999885559082,0.4083000123500824
YGL071W,YGR258C,0,-3.8541083,0.1742822527885437,0.8619999885559082,0.4083999991416931
YLR309C,YGR014W,0,-3.8551059,0.17424701154232025,0.8619999885559082,0.40849998593330383
YAR018C,YEL004W,0,-3.855548,0.1742118000984192,0.8619999885559082,0.40860000252723694
YGR101W,YJR046W,0,-3.8556702,0.17417660355567932,0.8619999885559082,0.40869998931884766
YCL051W,YPR016C,0,-3.8558598,0.17414140701293945,0.8619999885559082,0.40880000591278076
YHR188C,YDR228C,0,-3.8561532,0.17410624027252197,0.8619999885559082,0.4088999927043915
YPL015C,YDL236W,1,-3.856302,0.17427301406860352,0.8629999756813049,0.4088999927043915
YDL132W,YDR486C,0,-3.8566332,0.17423783242702484,0.8629999756813049,0.4090000092983246
YHL027W,YGR118W,0,-3.8566816,0.17420266568660736,0.8629999756813049,0.4090999960899353
YLR075W,YKR057W,0,-3.8572662,0.17416751384735107,0.8629999756813049,0.4092000126838684
YDL095W,YOL129W,0,-3.8574793,0.1741323620080948,0.8629999756813049,0.4092999994754791
YIL009W,YER038C,0,-3.8575666,0.1740972399711609,0.8629999756813049,0.40939998626708984
YGR262C,YEL002C,0,-3.8578079,0.174062117934227,0.8629999756813049,0.40950000286102295
YDR293C,YMR313C,0,-3.857877,0.17402702569961548,0.8629999756813049,0.40959998965263367
YLR240W,YER074W-A,0,-3.8579428,0.17399193346500397,0.8629999756813049,0.4097000062465668
YDR264C,YHR058C,0,-3.8580184,0.17395685613155365,0.8629999756813049,0.4097999930381775
YPR067W,YLR350W,0,-3.85805,0.17392180860042572,0.8629999756813049,0.4099000096321106
YLR103C,YHR067W,0,-3.8586104,0.1738867610692978,0.8629999756813049,0.4099999964237213
YGR169C,YOL028C,0,-3.8588612,0.17385172843933105,0.8629999756813049,0.4101000130176544
YNL041C,YMR316W,0,-3.8588755,0.1738167107105255,0.8629999756813049,0.41019999980926514
YEL061C,YLR459W,0,-3.8589933,0.17378172278404236,0.8629999756813049,0.41029998660087585
YBR048W,YMR218C,0,-3.8594382,0.1737467348575592,0.8629999756813049,0.41040000319480896
YOR377W,YNL210W,0,-3.8595788,0.17371176183223724,0.8629999756813049,0.4104999899864197
YFL039C,YML069W,1,-3.8598096,0.1738780438899994,0.8640000224113464,0.4104999899864197
YGR037C,YAR018C,0,-3.859991,0.17384305596351624,0.8640000224113464,0.4106000065803528
YPR178W,YDR202C,0,-3.8611531,0.17380808293819427,0.8640000224113464,0.4106999933719635
YBR085W,YLR221C,0,-3.8611653,0.1737731248140335,0.8640000224113464,0.4108000099658966
YBL093C,YPL218W,0,-3.8614852,0.17373818159103394,0.8640000224113464,0.4108999967575073
YPL048W,YOR142W,0,-3.861675,0.17370325326919556,0.8640000224113464,0.41100001335144043
YIL036W,YOL009C,0,-3.862084,0.17366833984851837,0.8640000224113464,0.41110000014305115
YCL066W,YDR079C-A,0,-3.862634,0.17363344132900238,0.8640000224113464,0.41119998693466187
YKR034W,YDR002W,0,-3.8627503,0.17359855771064758,0.8640000224113464,0.41130000352859497
YCR081W,YBR216C,0,-3.862783,0.17356367409229279,0.8640000224113464,0.4113999903202057
YDL069C,YOR129C,0,-3.862847,0.17352882027626038,0.8640000224113464,0.4115000069141388
YML008C,YGR264C,0,-3.8629875,0.17349398136138916,0.8640000224113464,0.4115999937057495
YGR231C,YKR053C,0,-3.8631127,0.17345914244651794,0.8640000224113464,0.4117000102996826
YDL148C,YOR148C,0,-3.8633502,0.17342433333396912,0.8640000224113464,0.41179999709129333
YKL085W,YOL076W,0,-3.863686,0.1733895242214203,0.8640000224113464,0.41190001368522644
YOR249C,YER169W,1,-3.8638322,0.1735553741455078,0.8650000095367432,0.41190001368522644
YMR255W,YJL138C,0,-3.8638866,0.17352056503295898,0.8650000095367432,0.41200000047683716
YJL091C,YOR241W,0,-3.863959,0.17348575592041016,0.8650000095367432,0.4120999872684479
YGR007W,YOR341W,0,-3.8643653,0.17345097661018372,0.8650000095367432,0.412200003862381
YHR023W,YPL063W,0,-3.8644068,0.17341619729995728,0.8650000095367432,0.4122999906539917
YDL017W,YMR308C,0,-3.8646553,0.17338143289089203,0.8650000095367432,0.4124000072479248
YMR142C,YOR045W,0,-3.8646848,0.17334669828414917,0.8650000095367432,0.4124999940395355
YGL037C,YMR075W,1,-3.8655798,0.1735123246908188,0.8659999966621399,0.4124999940395355
YMR287C,YNL251C,0,-3.8655922,0.17347756028175354,0.8659999966621399,0.41260001063346863
YHR077C,YFR040W,0,-3.8658633,0.17344282567501068,0.8659999966621399,0.41269999742507935
YML095C,YER031C,0,-3.8659713,0.17340809106826782,0.8659999966621399,0.41280001401901245
YOR002W,YOR178C,0,-3.8660333,0.17337337136268616,0.8659999966621399,0.41290000081062317
YLL043W,YDR470C,0,-3.866755,0.17333866655826569,0.8659999966621399,0.4129999876022339
YOR160W,YKL058W,0,-3.8667855,0.1733039766550064,0.8659999966621399,0.413100004196167
YKL148C,YIL022W,0,-3.8671715,0.17326930165290833,0.8659999966621399,0.4131999909877777
YIL120W,YML095C,0,-3.8671956,0.17323464155197144,0.8659999966621399,0.4133000075817108
YML074C,YLR192C,0,-3.8672836,0.17319999635219574,0.8659999966621399,0.41339999437332153
YPR070W,YPL019C,0,-3.8673217,0.17316536605358124,0.8659999966621399,0.41350001096725464
YOL009C,YIL110W,0,-3.8676953,0.17313075065612793,0.8659999966621399,0.41359999775886536
YNL259C,YCR012W,0,-3.8677933,0.17309613525867462,0.8659999966621399,0.41370001435279846
YGR246C,YEL053C,0,-3.868367,0.1730615496635437,0.8659999966621399,0.4138000011444092
YGR048W,YOR305W,0,-3.8686686,0.17302697896957397,0.8659999966621399,0.4138999879360199
YKL135C,YLR045C,0,-3.8688595,0.17299240827560425,0.8659999966621399,0.414000004529953
YDR518W,YML027W,0,-3.8692198,0.17295785248279572,0.8659999966621399,0.4140999913215637
YNL261W,YDR310C,1,-3.869854,0.17312300205230713,0.8669999837875366,0.4140999913215637
YDR337W,YBR024W,0,-3.870002,0.1730884462594986,0.8669999837875366,0.4142000079154968
YMR117C,YNL229C,0,-3.8705018,0.17305389046669006,0.8669999837875366,0.41429999470710754
YML023C,YDR078C,0,-3.870586,0.17301936447620392,0.8669999837875366,0.41440001130104065
YMR164C,YJL128C,0,-3.871847,0.17298483848571777,0.8669999837875366,0.41449999809265137
YKL154W,YOR229W,0,-3.8725078,0.17295032739639282,0.8669999837875366,0.4146000146865845
YHR042W,YOR162C,0,-3.8726351,0.17291583120822906,0.8669999837875366,0.4147000014781952
YER017C,YDR302W,0,-3.872773,0.1728813499212265,0.8669999837875366,0.4147999882698059
YBR186W,YPL218W,0,-3.873154,0.17284688353538513,0.8669999837875366,0.414900004863739
YEL015W,YAL002W,0,-3.8732016,0.17281243205070496,0.8669999837875366,0.41499999165534973
YOR288C,YER180C-A,0,-3.8733268,0.17277799546718597,0.8669999837875366,0.41510000824928284
YPL160W,YHR152W,0,-3.8734915,0.17274357378482819,0.8669999837875366,0.41519999504089355
YDR069C,YLR139C,0,-3.8735125,0.1727091670036316,0.8669999837875366,0.41530001163482666
YNR034W,YNL202W,0,-3.8738403,0.172674760222435,0.8669999837875366,0.4153999984264374
YNL059C,YOL017W,1,-3.8740907,0.17283950746059418,0.8679999709129333,0.4153999984264374
YGR257C,YIR019C,0,-3.8741462,0.17280510067939758,0.8679999709129333,0.4154999852180481
YOR216C,YNL138W,0,-3.8749545,0.172770693898201,0.8679999709129333,0.4156000018119812
YCL034W,YNL091W,0,-3.8749607,0.17273631691932678,0.8679999709129333,0.4156999886035919
YOL164W,YOL146W,0,-3.8752213,0.17270195484161377,0.8679999709129333,0.415800005197525
YLR084C,YLR360W,0,-3.875614,0.17266759276390076,0.8679999709129333,0.41589999198913574
YOL111C,YOL129W,0,-3.8756409,0.17263326048851013,0.8679999709129333,0.41600000858306885
YBL002W,YML010W,1,-3.8761353,0.1727977693080902,0.8690000176429749,0.41600000858306885
YAL031C,YER038C,0,-3.87681,0.1727634221315384,0.8690000176429749,0.41609999537467957
YBR240C,YML029W,0,-3.8768196,0.17272907495498657,0.8690000176429749,0.41620001196861267
YHR191C,YIR019C,0,-3.8768332,0.17269475758075714,0.8690000176429749,0.4162999987602234
YNR013C,YOR116C,0,-3.876841,0.1726604402065277,0.8690000176429749,0.4163999855518341
YPL061W,YDL099W,0,-3.8768427,0.17262613773345947,0.8690000176429749,0.4165000021457672
YOR367W,YDR240C,0,-3.8770378,0.17259185016155243,0.8690000176429749,0.41659998893737793
YIR009W,YGR082W,0,-3.8773794,0.17255759239196777,0.8690000176429749,0.41670000553131104
YDL015C,YLR262C,0,-3.8784988,0.17252333462238312,0.8690000176429749,0.41679999232292175
YMR213W,YOL002C,0,-3.8788052,0.17248907685279846,0.8690000176429749,0.41690000891685486
YOL078W,YBR256C,0,-3.878881,0.1724548488855362,0.8690000176429749,0.4169999957084656
YJR105W,YNR027W,0,-3.879295,0.17242063581943512,0.8690000176429749,0.4171000123023987
YOR098C,YML091C,0,-3.8793228,0.17238643765449524,0.8690000176429749,0.4171999990940094
YLR114C,YML110C,0,-3.8796813,0.17235223948955536,0.8690000176429749,0.4172999858856201
YLR357W,YDR469W,1,-3.8800223,0.1725163608789444,0.8700000047683716,0.4172999858856201
YPL100W,YBR276C,0,-3.8800771,0.17248216271400452,0.8700000047683716,0.4174000024795532
YDR264C,YHR152W,0,-3.8801165,0.17244796454906464,0.8700000047683716,0.41749998927116394
YJR083C,YGR094W,0,-3.8801548,0.17241379618644714,0.8700000047683716,0.41760000586509705
YJR092W,YLR043C,0,-3.8802526,0.17237962782382965,0.8700000047683716,0.41769999265670776
YCL026C-A,YMR096W,0,-3.8803594,0.17234548926353455,0.8700000047683716,0.41780000925064087
YJL026W,YKR057W,0,-3.8804753,0.17231135070323944,0.8700000047683716,0.4178999960422516
YOR074C,YER021W,0,-3.8811858,0.17227722704410553,0.8700000047683716,0.4180000126361847
YHL040C,YBR273C,0,-3.8821514,0.1722431182861328,0.8700000047683716,0.4180999994277954
YOR119C,YFL004W,0,-3.8826706,0.1722090244293213,0.8700000047683716,0.41819998621940613
YPL254W,YDR225W,1,-3.883291,0.17237284779548645,0.8709999918937683,0.41819998621940613
YIR013C,YPL193W,0,-3.8834467,0.17233873903751373,0.8709999918937683,0.41830000281333923
YHR065C,YER100W,0,-3.8837268,0.1723046451807022,0.8709999918937683,0.41839998960494995
YDL178W,YHL034C,0,-3.8837478,0.17227056622505188,0.8709999918937683,0.41850000619888306
YHR067W,YMR137C,0,-3.8846617,0.17223650217056274,0.8709999918937683,0.4185999929904938
YFR019W,YKR089C,0,-3.8850772,0.1722024530172348,0.8709999918937683,0.4187000095844269
YLR332W,YKR053C,0,-3.8851035,0.17216841876506805,0.8709999918937683,0.4187999963760376
YML008C,YJR052W,0,-3.885259,0.1721343845129013,0.8709999918937683,0.4189000129699707
YMR182C,YNR039C,0,-3.885308,0.17210038006305695,0.8709999918937683,0.4189999997615814
YJL214W,YDR330W,0,-3.885685,0.17206637561321259,0.8709999918937683,0.41909998655319214
YML074C,YPL218W,0,-3.885701,0.17203238606452942,0.8709999918937683,0.41920000314712524
YIR010W,YOL055C,0,-3.8857572,0.17199842631816864,0.8709999918937683,0.41929998993873596
YPL231W,YOR193W,0,-3.8857887,0.17196446657180786,0.8709999918937683,0.41940000653266907
YAL058W,YLR248W,0,-3.8857994,0.17193052172660828,0.8709999918937683,0.4194999933242798
YLR060W,YFR050C,0,-3.8859098,0.17189659178256989,0.8709999918937683,0.4196000099182129
YNL207W,YML043C,0,-3.8859828,0.1718626618385315,0.8709999918937683,0.4196999967098236
YIL112W,YDR224C,1,-3.8864534,0.17202603816986084,0.871999979019165,0.4196999967098236
YAL024C,YNL145W,0,-3.8865392,0.17199210822582245,0.871999979019165,0.4198000133037567
YOR049C,YMR005W,0,-3.8870876,0.17195819318294525,0.871999979019165,0.41990000009536743
YKL160W,YDR363W,1,-3.887104,0.17212145030498505,0.8730000257492065,0.41990000009536743
YKR035W-A,YDL039C,0,-3.8875792,0.17208752036094666,0.8730000257492065,0.41999998688697815
YDR016C,YGL246C,0,-3.8879273,0.17205360531806946,0.8730000257492065,0.42010000348091125
YIL140W,YLR347C,0,-3.8881948,0.17201970517635345,0.8730000257492065,0.420199990272522
YGR244C,YJR126C,0,-3.8884819,0.17198581993579865,0.8730000257492065,0.4203000068664551
YDR039C,YPR182W,0,-3.888553,0.17195193469524384,0.8730000257492065,0.4203999936580658
YKL054C,YIL076W,0,-3.8886151,0.1719180792570114,0.8730000257492065,0.4205000102519989
YGR057C,YPR080W,0,-3.8887496,0.171884223818779,0.8730000257492065,0.4205999970436096
YER169W,YHR056C,1,-3.8887625,0.17204724252223969,0.8740000128746033,0.4205999970436096
YDR404C,YBR069C,0,-3.8889506,0.17201338708400726,0.8740000128746033,0.4207000136375427
YMR026C,YCR012W,0,-3.8890562,0.17197953164577484,0.8740000128746033,0.42080000042915344
YMR308C,YOR254C,0,-3.889354,0.1719457060098648,0.8740000128746033,0.42089998722076416
YOR351C,YML098W,0,-3.889887,0.17191188037395477,0.8740000128746033,0.42100000381469727
YBR085W,YBR023C,0,-3.890219,0.17187806963920593,0.8740000128746033,0.421099990606308
YBR202W,YOR036W,0,-3.8904974,0.1718442738056183,0.8740000128746033,0.4212000072002411
YHR073W,YBL035C,0,-3.8906097,0.17181049287319183,0.8740000128746033,0.4212999939918518
YNR019W,YKL073W,0,-3.890973,0.17177672684192657,0.8740000128746033,0.4214000105857849
YBR021W,YNR052C,0,-3.8912766,0.1717429757118225,0.8740000128746033,0.42149999737739563
YOR195W,YHR152W,0,-3.891528,0.17170923948287964,0.8740000128746033,0.42160001397132874
YKL182W,YOR329C,0,-3.8917277,0.17167550325393677,0.8740000128746033,0.42170000076293945
YDL132W,YDR263C,0,-3.8919623,0.17164179682731628,0.8740000128746033,0.42179998755455017
YML078W,YBR196C,0,-3.8925827,0.1716080904006958,0.8740000128746033,0.4219000041484833
YPR031W,YMR273C,1,-3.8931234,0.17177070677280426,0.875,0.4219000041484833
YOR204W,YIL070C,0,-3.8936272,0.17173700034618378,0.875,0.421999990940094
YNR013C,YMR101C,0,-3.894052,0.1717032939195633,0.875,0.4221000075340271
YLR086W,YHR152W,0,-3.8942852,0.171669602394104,0.875,0.4221999943256378
YGR230W,YPR036W,0,-3.8944325,0.1716359406709671,0.875,0.4223000109195709
YGL187C,YBR192W,0,-3.8948758,0.1716022789478302,0.875,0.42239999771118164
YOR182C,YGL011C,0,-3.8949313,0.1715686321258545,0.875,0.42250001430511475
YLR144C,YLR165C,0,-3.8954427,0.17153500020503998,0.875,0.42260000109672546
YPL098C,YOL142W,0,-3.8955016,0.17150136828422546,0.875,0.4226999878883362
YLR167W,YHL007C,0,-3.8958051,0.17146776616573334,0.875,0.4228000044822693
YDL198C,YGL006W,0,-3.895857,0.1714341640472412,0.875,0.42289999127388
YBR161W,YBR105C,0,-3.8959043,0.17140059173107147,0.875,0.4230000078678131
YGR109C,YOR231W,0,-3.89658,0.17136701941490173,0.875,0.42309999465942383
YKL154W,YKL034W,0,-3.8966262,0.1713334619998932,0.875,0.42320001125335693
YGR286C,YHR152W,0,-3.8978646,0.17129991948604584,0.875,0.42329999804496765
YOL158C,YMR079W,0,-3.8978689,0.17126639187335968,0.875,0.42340001463890076
YGR262C,YFL060C,0,-3.8983748,0.17123287916183472,0.875,0.4235000014305115
YER110C,YNL309W,0,-3.8987134,0.17119936645030975,0.875,0.4235999882221222
YDR421W,YIL160C,0,-3.8994582,0.17116588354110718,0.875,0.4237000048160553
YOL005C,YOL097C,0,-3.8995266,0.1711324006319046,0.875,0.423799991607666
YNL101W,YCR038C,0,-3.9001026,0.17109894752502441,0.875,0.4239000082015991
YNL139C,YGR197C,0,-3.9001312,0.17106549441814423,0.875,0.42399999499320984
YGR003W,YGR094W,0,-3.90017,0.17103205621242523,0.875,0.42410001158714294
YNL116W,YDL036C,0,-3.9002597,0.17099863290786743,0.875,0.42419999837875366
YLR144C,YLR370C,0,-3.9002676,0.17096522450447083,0.875,0.4242999851703644
YPL115C,YOR187W,0,-3.9005713,0.17093181610107422,0.875,0.4244000017642975
YBR133C,YBR256C,0,-3.9007425,0.1708984375,0.875,0.4244999885559082
YIL044C,YLL019C,0,-3.9008305,0.17086505889892578,0.875,0.4246000051498413
YPL268W,YHR163W,0,-3.9018657,0.17083171010017395,0.875,0.424699991941452
YML112W,YKR054C,0,-3.9022732,0.17079836130142212,0.875,0.42480000853538513
YBR272C,YOR089C,0,-3.903104,0.17076502740383148,0.875,0.42489999532699585
YNL006W,YAL024C,0,-3.9032145,0.17073170840740204,0.875,0.42500001192092896
YDR184C,YGR072W,0,-3.9032257,0.1706984043121338,0.875,0.4250999987125397
YOL139C,YKL113C,0,-3.9033062,0.17066510021686554,0.875,0.4251999855041504
YGR077C,YKL141W,0,-3.903322,0.17063182592391968,0.875,0.4253000020980835
YFL013C,YML041C,1,-3.9035087,0.1707935333251953,0.8759999871253967,0.4253000020980835
YCR008W,YPR016C,0,-3.9038017,0.17076022922992706,0.8759999871253967,0.4253999888896942
YGL238W,YLR424W,0,-3.9040608,0.1707269549369812,0.8759999871253967,0.4255000054836273
YLR429W,YPR042C,0,-3.9044197,0.17069368064403534,0.8759999871253967,0.42559999227523804
YDR411C,YGL115W,0,-3.9044204,0.17066043615341187,0.8759999871253967,0.42570000886917114
YNL268W,YOR275C,0,-3.904791,0.1706271916627884,0.8759999871253967,0.42579999566078186
YBL071W-A,YKL170W,0,-3.9049768,0.1705939620733261,0.8759999871253967,0.42590001225471497
YJR158W,YMR200W,0,-3.9052198,0.17056074738502502,0.8759999871253967,0.4259999990463257
YBR068C,YMR150C,0,-3.9054291,0.17052754759788513,0.8759999871253967,0.4260999858379364
YMR192W,YGL073W,0,-3.9054306,0.17049436271190643,0.8759999871253967,0.4262000024318695
YGR113W,YLR166C,0,-3.9055176,0.17046117782592773,0.8759999871253967,0.4262999892234802
YER014C-A,YNR067C,0,-3.9060938,0.17042802274227142,0.8759999871253967,0.42640000581741333
YDL008W,YLR075W,0,-3.906869,0.1703948676586151,0.8759999871253967,0.42649999260902405
YBR196C,YML115C,0,-3.9071395,0.17036172747612,0.8759999871253967,0.42660000920295715
YPL152W,YKL173W,0,-3.9073682,0.17032860219478607,0.8759999871253967,0.42669999599456787
YCR038C,YPL145C,0,-3.9077628,0.17029549181461334,0.8759999871253967,0.426800012588501
YDR299W,YLR433C,0,-3.9078157,0.1702623963356018,0.8759999871253967,0.4268999993801117
YML081C-A,YIL035C,0,-3.9079773,0.17022930085659027,0.8759999871253967,0.4269999861717224
YLR028C,YBR293W,0,-3.9081745,0.17019623517990112,0.8759999871253967,0.4271000027656555
YHR116W,YDL043C,0,-3.9081895,0.17016316950321198,0.8759999871253967,0.42719998955726624
YMR073C,YPR054W,0,-3.9082224,0.17013011872768402,0.8759999871253967,0.42730000615119934
YDR221W,YHR150W,0,-3.9085703,0.17009708285331726,0.8759999871253967,0.42739999294281006
YJL081C,YDL236W,1,-3.9089453,0.17025820910930634,0.8769999742507935,0.42739999294281006
YDR039C,YOR117W,0,-3.9089568,0.17022515833377838,0.8769999742507935,0.42750000953674316
YJR105W,YMR012W,0,-3.9091604,0.17019212245941162,0.8769999742507935,0.4275999963283539
YOL049W,YPL190C,0,-3.9093144,0.17015910148620605,0.8769999742507935,0.427700012922287
YER020W,YLR167W,0,-3.9095788,0.17012609541416168,0.8769999742507935,0.4277999997138977
YKL052C,YNL241C,0,-3.9102347,0.1700930893421173,0.8769999742507935,0.4278999865055084
YLR069C,YGR270W,0,-3.9104283,0.17006011307239532,0.8769999742507935,0.42800000309944153
YPR171W,YOR142W,0,-3.9112828,0.17002713680267334,0.8769999742507935,0.42809998989105225
YOR371C,YFL060C,0,-3.9115818,0.16999419033527374,0.8769999742507935,0.42820000648498535
YMR288W,YML028W,0,-3.9118605,0.16996124386787415,0.8769999742507935,0.42829999327659607
YDL135C,YHR014W,0,-3.9119098,0.16992831230163574,0.8769999742507935,0.4284000098705292
YKL152C,YBR188C,0,-3.9123497,0.16989539563655853,0.8769999742507935,0.4284999966621399
YNL068C,YLR084C,0,-3.913205,0.16986247897148132,0.8769999742507935,0.428600013256073
YKL129C,YDR088C,0,-3.913234,0.1698295921087265,0.8769999742507935,0.4287000000476837
YGR038W,YGR082W,0,-3.9134476,0.16979670524597168,0.8769999742507935,0.42879998683929443
YNL325C,YNL138W,0,-3.913828,0.16976383328437805,0.8769999742507935,0.42890000343322754
YNL278W,YBR237W,0,-3.9140103,0.1697309911251068,0.8769999742507935,0.42899999022483826
YJL178C,YPL200W,0,-3.9141786,0.16969814896583557,0.8769999742507935,0.42910000681877136
YNL288W,YBR276C,0,-3.914497,0.16966530680656433,0.8769999742507935,0.4291999936103821
YNR008W,YDL148C,0,-3.9149382,0.16963249444961548,0.8769999742507935,0.4293000102043152
YNL059C,YPL015C,1,-3.915064,0.16979306936264038,0.878000020980835,0.4293000102043152
YEL027W,YDR079W,0,-3.9151268,0.16976024210453033,0.878000020980835,0.4293999969959259
YKL149C,YBR237W,0,-3.9151523,0.16972742974758148,0.878000020980835,0.429500013589859
YLR133W,YBR213W,0,-3.915222,0.16969463229179382,0.878000020980835,0.4296000003814697
YKL129C,YBR130C,0,-3.915288,0.16966183483600616,0.878000020980835,0.42969998717308044
YER133W,YAR003W,1,-3.9154031,0.16982226073741913,0.8790000081062317,0.42969998717308044
YOR078W,YOR346W,0,-3.9155648,0.16978944838047028,0.8790000081062317,0.42980000376701355
YMR145C,YDR113C,0,-3.9157603,0.1697566658258438,0.8790000081062317,0.42989999055862427
YNL066W,YKL214C,0,-3.9159272,0.16972388327121735,0.8790000081062317,0.4300000071525574
YAL012W,YHR161C,0,-3.9168994,0.16969111561775208,0.8790000081062317,0.4300999939441681
YBL071W-A,YKL034W,0,-3.917086,0.169658362865448,0.8790000081062317,0.4302000105381012
YJL111W,YER154W,0,-3.917146,0.16962562501430511,0.8790000081062317,0.4302999973297119
YGR197C,YER022W,0,-3.9172175,0.16959290206432343,0.8790000081062317,0.430400013923645
YDR375C,YKR097W,0,-3.9173787,0.16956017911434174,0.8790000081062317,0.43050000071525574
YGR143W,YCL063W,0,-3.917446,0.16952748596668243,0.8790000081062317,0.43059998750686646
YOR056C,YDR201W,0,-3.9174836,0.16949479281902313,0.8790000081062317,0.43070000410079956
YPR122W,YLR130C,0,-3.9175954,0.16946211457252502,0.8790000081062317,0.4307999908924103
YCR048W,YMR322C,0,-3.9176202,0.1694294512271881,0.8790000081062317,0.4309000074863434
YDR317W,YBL046W,0,-3.918497,0.1693968027830124,0.8790000081062317,0.4309999942779541
YBL097W,YNL294C,0,-3.9186413,0.16936416923999786,0.8790000081062317,0.4311000108718872
YNL003C,YOR106W,0,-3.9186943,0.16933153569698334,0.8790000081062317,0.4311999976634979
YLL027W,YBR260C,0,-3.9187672,0.16929891705513,0.8790000081062317,0.43130001425743103
YHR088W,YJL035C,0,-3.9188898,0.16926631331443787,0.8790000081062317,0.43140000104904175
YNL127W,YHR042W,0,-3.9193053,0.16923372447490692,0.8790000081062317,0.43149998784065247
YJR001W,YAL042W,0,-3.91957,0.16920115053653717,0.8790000081062317,0.43160000443458557
YBR276C,YLR045C,0,-3.9195929,0.1691685914993286,0.8790000081062317,0.4316999912261963
YDL085W,YOL115W,0,-3.9198084,0.16913604736328125,0.8790000081062317,0.4318000078201294
YDR072C,YOR153W,0,-3.919835,0.1691035032272339,0.8790000081062317,0.4318999946117401
YGL240W,YKL073W,0,-3.919858,0.16907097399234772,0.8790000081062317,0.4320000112056732
YOL146W,YKL034W,0,-3.9202669,0.16903845965862274,0.8790000081062317,0.43209999799728394
YGL181W,YBR260C,0,-3.9204247,0.16900596022605896,0.8790000081062317,0.43220001459121704
YDR323C,YDR212W,0,-3.920489,0.16897347569465637,0.8790000081062317,0.43230000138282776
YDL102W,YLR075W,0,-3.9209702,0.16894099116325378,0.8790000081062317,0.4323999881744385
YEL036C,YBR276C,0,-3.9209852,0.16890853643417358,0.8790000081062317,0.4325000047683716
YKL079W,YNL244C,0,-3.9210532,0.16887608170509338,0.8790000081062317,0.4325999915599823
YPR163C,YNL054W,0,-3.9211261,0.16884364187717438,0.8790000081062317,0.4327000081539154
YGR037C,YKR037C,0,-3.921337,0.16881121695041656,0.8790000081062317,0.4327999949455261
YAL044C,YGL045W,0,-3.9213874,0.16877880692481995,0.8790000081062317,0.43290001153945923
YBR085W,YJL139C,0,-3.9215028,0.16874639689922333,0.8790000081062317,0.43299999833106995
YPL204W,YMR117C,0,-3.921564,0.1687140166759491,0.8790000081062317,0.43309998512268066
YBR131W,YEL012W,0,-3.9216745,0.16868163645267487,0.8790000081062317,0.43320000171661377
YDR198C,YPL012W,0,-3.9220755,0.16864927113056183,0.8790000081062317,0.4332999885082245
YER089C,YIL066C,0,-3.922076,0.16861692070960999,0.8790000081062317,0.4334000051021576
YLR144C,YBR041W,0,-3.9223845,0.16858458518981934,0.8790000081062317,0.4334999918937683
YKR095W-A,YHR178W,0,-3.92266,0.1685522496700287,0.8790000081062317,0.4336000084877014
YML078W,YFR051C,0,-3.9226909,0.16851994395256042,0.8790000081062317,0.43369999527931213
YPR110C,YIL063C,0,-3.9227731,0.16848763823509216,0.8790000081062317,0.43380001187324524
YLR088W,YKL186C,0,-3.92296,0.1684553474187851,0.8790000081062317,0.43389999866485596
YML048W,YDR137W,0,-3.9230168,0.16842307150363922,0.8790000081062317,0.4339999854564667
YBL071W-A,YDR280W,0,-3.9231803,0.16839081048965454,0.8790000081062317,0.4341000020503998
YLR043C,YER031C,0,-3.923219,0.16835854947566986,0.8790000081062317,0.4341999888420105
YNL148C,YLR119W,0,-3.9233286,0.16832631826400757,0.8790000081062317,0.4343000054359436
YNL280C,YDR228C,0,-3.9235039,0.16829408705234528,0.8790000081062317,0.4343999922275543
YBL008W,YDL084W,1,-3.9239268,0.16845329105854034,0.8799999952316284,0.4343999922275543
YPL224C,YKL045W,0,-3.9240086,0.16842105984687805,0.8799999952316284,0.4345000088214874
YIL040W,YPL152W,0,-3.924362,0.16838882863521576,0.8799999952316284,0.43459999561309814
YOR322C,YER003C,0,-3.9243896,0.16835661232471466,0.8799999952316284,0.43470001220703125
YDR281C,YDR078C,0,-3.9246802,0.16832441091537476,0.8799999952316284,0.43479999899864197
YBR041W,YDL130W,0,-3.924698,0.16829220950603485,0.8799999952316284,0.4348999857902527
YML060W,YBL033C,0,-3.924859,0.16826003789901733,0.8799999952316284,0.4350000023841858
YPL218W,YIL023C,0,-3.9251716,0.16822786629199982,0.8799999952316284,0.4350999891757965
YKL220C,YNL282W,0,-3.9262083,0.1681957244873047,0.8799999952316284,0.4352000057697296
YER177W,YER151C,0,-3.926232,0.16816358268260956,0.8799999952316284,0.43529999256134033
YER036C,YHR205W,0,-3.9267704,0.16813144087791443,0.8799999952316284,0.43540000915527344
YOL149W,YER179W,0,-3.9267766,0.1680993288755417,0.8799999952316284,0.43549999594688416
YDR420W,YGR152C,0,-3.9267852,0.16806723177433014,0.8799999952316284,0.43560001254081726
YER038C,YGR020C,0,-3.92687,0.1680351346731186,0.8799999952316284,0.435699999332428
YKL045W,YDR129C,0,-3.9272325,0.16800305247306824,0.8799999952316284,0.4357999861240387
YML012W,YGR156W,0,-3.9276216,0.16797098517417908,0.8799999952316284,0.4359000027179718
YOR160W,YPL120W,0,-3.9276755,0.1679389327764511,0.8799999952316284,0.4359999895095825
YNR016C,YKR027W,0,-3.9277194,0.16790689527988434,0.8799999952316284,0.4361000061035156
YDL056W,YGR044C,0,-3.9277766,0.16787485778331757,0.8799999952316284,0.43619999289512634
YGR152C,YDR484W,0,-3.9280267,0.167842835187912,0.8799999952316284,0.43630000948905945
YFR040W,YMR190C,0,-3.928149,0.1678108274936676,0.8799999952316284,0.43639999628067017
YOR117W,YLR362W,0,-3.928334,0.1677788347005844,0.8799999952316284,0.43650001287460327
YAL015C,YKL120W,0,-3.928479,0.16774685680866241,0.8799999952316284,0.436599999666214
YJR119C,YCR084C,1,-3.9285553,0.16790546476840973,0.8809999823570251,0.436599999666214
YPR141C,YGL068W,0,-3.928754,0.16787347197532654,0.8809999823570251,0.4366999864578247
YPL048W,YLR291C,0,-3.9288769,0.16784149408340454,0.8809999823570251,0.4368000030517578
YJR002W,YGR220C,0,-3.9295976,0.16780953109264374,0.8809999823570251,0.43689998984336853
YDL188C,YDR409W,0,-3.9297159,0.16777756810188293,0.8809999823570251,0.43700000643730164
YER012W,YOR027W,0,-3.9297302,0.16774562001228333,0.8809999823570251,0.43709999322891235
YIL040W,YKL002W,0,-3.9298542,0.1677136868238449,0.8809999823570251,0.43720000982284546
YGL183C,YPR074C,0,-3.930111,0.1676817685365677,0.8809999823570251,0.4372999966144562
YDL245C,YER162C,0,-3.9302936,0.16764985024929047,0.8809999823570251,0.4374000132083893
YLR318W,YGR281W,0,-3.9303005,0.16761796176433563,0.8809999823570251,0.4375
YPL048W,YMR079W,0,-3.9303882,0.1675860732793808,0.8809999823570251,0.4375999867916107
YER087C-B,YFL059W,0,-3.9304235,0.16755419969558716,0.8809999823570251,0.4377000033855438
YMR001C,YIL022W,0,-3.931005,0.1675223410129547,0.8809999823570251,0.43779999017715454
YER038C,YNL312W,0,-3.9310253,0.16749049723148346,0.8809999823570251,0.43790000677108765
YOR353C,YOR344C,0,-3.931032,0.1674586534500122,0.8809999823570251,0.43799999356269836
YFR021W,YCL005W-A,0,-3.9311028,0.16742683947086334,0.8809999823570251,0.43810001015663147
YNL139C,YGL104C,0,-3.931139,0.16739502549171448,0.8809999823570251,0.4381999969482422
YPR171W,YGL053W,0,-3.9314353,0.1673632264137268,0.8809999823570251,0.4383000135421753
YPR193C,YJL168C,1,-3.9323533,0.1675213724374771,0.8820000290870667,0.4383000135421753
YNR001C,YHR074W,0,-3.9323673,0.16748955845832825,0.8820000290870667,0.438400000333786
YJR132W,YOR119C,0,-3.932673,0.16745775938034058,0.8820000290870667,0.43849998712539673
YDL226C,YLR298C,0,-3.9329426,0.1674259752035141,0.8820000290870667,0.43860000371932983
YEL037C,YDR324C,0,-3.9333072,0.16739419102668762,0.8820000290870667,0.43869999051094055
YDR205W,YHR163W,0,-3.9333959,0.16736242175102234,0.8820000290870667,0.43880000710487366
YML011C,YOR329C,0,-3.9338057,0.16733068227767944,0.8820000290870667,0.4388999938964844
YJR017C,YNR048W,0,-3.9338567,0.16729894280433655,0.8820000290870667,0.4390000104904175
YKR076W,YOR040W,0,-3.9341247,0.16726720333099365,0.8820000290870667,0.4390999972820282
YPL116W,YCL061C,1,-3.9341466,0.16742511093616486,0.8830000162124634,0.4390999972820282
YOL130W,YKL052C,0,-3.934441,0.16739337146282196,0.8830000162124634,0.4392000138759613
YOL017W,YCR033W,1,-3.9345748,0.1675511747598648,0.8840000033378601,0.4392000138759613
YDR221W,YOL156W,0,-3.9345958,0.16751942038536072,0.8840000033378601,0.439300000667572
YNL329C,YPL010W,0,-3.9346657,0.16748768091201782,0.8840000033378601,0.43939998745918274
YEL034W,YPR165W,0,-3.9349697,0.16745595633983612,0.8840000033378601,0.43950000405311584
YGL200C,YNL328C,0,-3.9351578,0.1674242466688156,0.8840000033378601,0.43959999084472656
YMR173W,YHL028W,0,-3.935212,0.1673925369977951,0.8840000033378601,0.43970000743865967
YDR411C,YLR368W,0,-3.935787,0.1673608422279358,0.8840000033378601,0.4397999942302704
YGL130W,YIL039W,0,-3.9367888,0.16732916235923767,0.8840000033378601,0.4399000108242035
YER019W,YLR039C,0,-3.9371436,0.16729749739170074,0.8840000033378601,0.4399999976158142
YLR096W,YHR082C,0,-3.9377363,0.167265847325325,0.8840000033378601,0.4401000142097473
YPR138C,YKR072C,0,-3.93832,0.16723419725894928,0.8840000033378601,0.44020000100135803
YLR353W,YOL122C,0,-3.9384122,0.16720257699489594,0.8840000033378601,0.44029998779296875
YCR075C,YKR050W,0,-3.9384549,0.1671709567308426,0.8840000033378601,0.44040000438690186
YBR207W,YPL234C,0,-3.9388149,0.16713935136795044,0.8840000033378601,0.4404999911785126
YGR239C,YIL138C,0,-3.938829,0.1671077460050583,0.8840000033378601,0.4406000077724457
YHR031C,YNL287W,0,-3.9390643,0.16707617044448853,0.8840000033378601,0.4406999945640564
YAL016W,YLR425W,0,-3.9395034,0.16704459488391876,0.8840000033378601,0.4408000111579895
YBL099W,YLR006C,0,-3.9398859,0.1670130342245102,0.8840000033378601,0.4408999979496002
YLL013C,YER082C,0,-3.940364,0.16698148846626282,0.8840000033378601,0.4410000145435333
YNR030W,YGL206C,0,-3.9406788,0.16694995760917664,0.8840000033378601,0.44110000133514404
YDR524C,YML078W,0,-3.9411614,0.16691842675209045,0.8840000033378601,0.44119998812675476
YDR488C,YOR301W,0,-3.9412298,0.16688691079616547,0.8840000033378601,0.44130000472068787
YOL002C,YDL030W,0,-3.9412663,0.16685540974140167,0.8840000033378601,0.4413999915122986
YDR329C,YOR045W,0,-3.9415843,0.16682392358779907,0.8840000033378601,0.4415000081062317
YJR074W,YPL233W,0,-3.941692,0.16679245233535767,0.8840000033378601,0.4415999948978424
YBR243C,YNL072W,0,-3.9418547,0.16676098108291626,0.8840000033378601,0.4417000114917755
YDL161W,YOR150W,0,-3.9429557,0.16672953963279724,0.8840000033378601,0.44179999828338623
YPR105C,YOR265W,0,-3.943056,0.16669809818267822,0.8840000033378601,0.44190001487731934
YDR297W,YML098W,0,-3.9437616,0.1666666716337204,0.8840000033378601,0.44200000166893005
YNL048W,YDL154W,0,-3.9438431,0.16663524508476257,0.8840000033378601,0.44209998846054077
YPL007C,YHR048W,0,-3.944229,0.16660384833812714,0.8840000033378601,0.4422000050544739
YCR065W,YOL128C,0,-3.9446845,0.1665724515914917,0.8840000033378601,0.4422999918460846
YJL058C,YBR105C,0,-3.9456356,0.16654106974601746,0.8840000033378601,0.4424000084400177
YGR217W,YKR014C,0,-3.945701,0.1665097028017044,0.8840000033378601,0.4424999952316284
YPL008W,YCL051W,0,-3.9458234,0.16647833585739136,0.8840000033378601,0.4426000118255615
YMR190C,YNL243W,0,-3.9458272,0.1664469987154007,0.8840000033378601,0.44269999861717224
YOR181W,YER019C-A,0,-3.946719,0.16641566157341003,0.8840000033378601,0.44279998540878296
YJR153W,YMR243C,0,-3.9471562,0.16638433933258057,0.8840000033378601,0.44290000200271606
YKL046C,YGL053W,0,-3.9478486,0.1663530319929123,0.8840000033378601,0.4429999887943268
YPL040C,YPL203W,0,-3.9482284,0.16632172465324402,0.8840000033378601,0.4431000053882599
YJR053W,YOL005C,0,-3.9485157,0.16629044711589813,0.8840000033378601,0.4431999921798706
YGR036C,YMR308C,0,-3.9485714,0.16625916957855225,0.8840000033378601,0.4433000087738037
YML004C,YBR256C,0,-3.9486291,0.16622790694236755,0.8840000033378601,0.44339999556541443
YLR246W,YOR001W,0,-3.9494736,0.16619665920734406,0.8840000033378601,0.44350001215934753
YGL094C,YOL100W,0,-3.9496481,0.16616541147232056,0.8840000033378601,0.44359999895095825
YLR103C,YHR200W,0,-3.9496505,0.16613417863845825,0.8840000033378601,0.44369998574256897
YLR165C,YNR048W,0,-3.949758,0.16610297560691833,0.8840000033378601,0.4438000023365021
YBR243C,YER041W,0,-3.9503171,0.16607175767421722,0.8840000033378601,0.4438999891281128
YBR050C,YGR009C,0,-3.9503868,0.1660405695438385,0.8840000033378601,0.4440000057220459
YGL124C,YKL113C,0,-3.9506762,0.16600939631462097,0.8840000033378601,0.4440999925136566
YJR031C,YNR015W,0,-3.9511998,0.16597822308540344,0.8840000033378601,0.4442000091075897
YKL021C,YPR164W,0,-3.9514246,0.1659470647573471,0.8840000033378601,0.44429999589920044
YER044C,YDR311W,0,-3.951917,0.16591592133045197,0.8840000033378601,0.44440001249313354
YNL054W,YCL069W,0,-3.952206,0.16588477790355682,0.8840000033378601,0.44449999928474426
YMR237W,YFR036W,0,-3.952387,0.16585366427898407,0.8840000033378601,0.444599986076355
YMR081C,YLR208W,0,-3.952457,0.16582255065441132,0.8840000033378601,0.4447000026702881
YJR006W,YPR107C,0,-3.9527352,0.16579145193099976,0.8840000033378601,0.4447999894618988
YML086C,YKL086W,0,-3.953288,0.1657603532075882,0.8840000033378601,0.4449000060558319
YDR318W,YKR097W,0,-3.9540565,0.16572928428649902,0.8840000033378601,0.4449999928474426
YPL217C,YDR206W,0,-3.9540617,0.16569821536540985,0.8840000033378601,0.44510000944137573
YOR380W,YMR140W,0,-3.954292,0.16566716134548187,0.8840000033378601,0.44519999623298645
YHR164C,YJL090C,0,-3.9543319,0.1656361222267151,0.8840000033378601,0.44530001282691956
YMR281W,YDL111C,0,-3.954333,0.1656050980091095,0.8840000033378601,0.4453999996185303
YML032C,YLR193C,0,-3.9548616,0.1655740737915039,0.8840000033378601,0.445499986410141
YHR067W,YOL122C,0,-3.9552164,0.1655430644750595,0.8840000033378601,0.4456000030040741
YMR237W,YGR264C,0,-3.9555104,0.1655120700597763,0.8840000033378601,0.4456999897956848
YDR480W,YGR103W,0,-3.95607,0.1654810905456543,0.8840000033378601,0.4458000063896179
YHR124W,YDR156W,0,-3.956591,0.16545012593269348,0.8840000033378601,0.44589999318122864
YNL159C,YLR208W,0,-3.9567585,0.16541916131973267,0.8840000033378601,0.44600000977516174
YOR061W,YOR153W,0,-3.956783,0.16538821160793304,0.8840000033378601,0.44609999656677246
YJR060W,YPR193C,1,-3.9577193,0.165544331073761,0.8849999904632568,0.44609999656677246
YDR361C,YDR180W,0,-3.9580748,0.16551336646080017,0.8849999904632568,0.44620001316070557
YOL149W,YPR138C,0,-3.9582195,0.16548241674900055,0.8849999904632568,0.4462999999523163
YER065C,YML011C,0,-3.958528,0.16545148193836212,0.8849999904632568,0.446399986743927
YDR101C,YPL008W,0,-3.9585457,0.1654205620288849,0.8849999904632568,0.4465000033378601
YDR046C,YOR156C,0,-3.9592311,0.16538964211940765,0.8849999904632568,0.4465999901294708
YGR268C,YHR158C,0,-3.96042,0.1653587371110916,0.8849999904632568,0.44670000672340393
YPL224C,YPR102C,0,-3.9605775,0.16532784700393677,0.8849999904632568,0.44679999351501465
YLR318W,YIL065C,0,-3.9607747,0.16529697179794312,0.8849999904632568,0.44690001010894775
YPL110C,YGL016W,0,-3.9609902,0.16526611149311066,0.8849999904632568,0.44699999690055847
YCR028C,YBR265W,0,-3.961293,0.1652352511882782,0.8849999904632568,0.4471000134944916
YDR216W,YPR086W,0,-3.9617164,0.16520440578460693,0.8849999904632568,0.4472000002861023
YDL046W,YJL029C,0,-3.961735,0.16517357528209686,0.8849999904632568,0.447299987077713
YDR272W,YMR139W,0,-3.9617386,0.1651427447795868,0.8849999904632568,0.4474000036716461
YML011C,YJL045W,0,-3.9621217,0.1651119440793991,0.8849999904632568,0.44749999046325684
YKL220C,YJR013W,0,-3.9621375,0.16508114337921143,0.8849999904632568,0.44760000705718994
YCR082W,YJL129C,0,-3.962466,0.16505035758018494,0.8849999904632568,0.44769999384880066
YCR065W,YOR224C,0,-3.962762,0.16501957178115845,0.8849999904632568,0.44780001044273376
YMR238W,YLR116W,0,-3.963034,0.16498881578445435,0.8849999904632568,0.4478999972343445
YGR082W,YOR083W,0,-3.9632387,0.16495805978775024,0.8849999904632568,0.4480000138282776
YKL028W,YOL102C,0,-3.9632514,0.16492731869220734,0.8849999904632568,0.4481000006198883
YDR499W,YLL040C,0,-3.9635139,0.16489659249782562,0.8849999904632568,0.448199987411499
YDR076W,YBR080C,0,-3.963823,0.1648658663034439,0.8849999904632568,0.44830000400543213
YKL049C,YDR345C,0,-3.9638283,0.16483516991138458,0.8849999904632568,0.44839999079704285
YNL009W,YJL133W,0,-3.9652169,0.16480447351932526,0.8849999904632568,0.44850000739097595
YBL090W,YKL020C,0,-3.965519,0.16477379202842712,0.8849999904632568,0.44859999418258667
YER166W,YKL144C,0,-3.9655478,0.164743110537529,0.8849999904632568,0.4487000107765198
YFL056C,YDR331W,0,-3.965646,0.16471244394779205,0.8849999904632568,0.4487999975681305
YOR116C,YDR218C,0,-3.9657714,0.1646818071603775,0.8849999904632568,0.4489000141620636
YMR231W,YDL052C,0,-3.965791,0.16465115547180176,0.8849999904632568,0.4490000009536743
YOR142W,YDR478W,0,-3.9660962,0.1646205335855484,0.8849999904632568,0.44909998774528503
YPR201W,YGR197C,0,-3.9681513,0.16458992660045624,0.8849999904632568,0.44920000433921814
YHR091C,YPL188W,0,-3.9681513,0.16455931961536407,0.8849999904632568,0.44929999113082886
YKR083C,YBR035C,0,-3.9686887,0.1645287275314331,0.8849999904632568,0.44940000772476196
YPL202C,YML055W,0,-3.9689004,0.16449813544750214,0.8849999904632568,0.4494999945163727
YHL003C,YGL030W,0,-3.9690216,0.16446757316589355,0.8849999904632568,0.4496000111103058
YNL214W,YMR305C,0,-3.9693067,0.16443701088428497,0.8849999904632568,0.4496999979019165
YLR452C,YDR002W,0,-3.9702628,0.16440646350383759,0.8849999904632568,0.4498000144958496
YHL031C,YMR032W,0,-3.971299,0.1643759310245514,0.8849999904632568,0.4499000012874603
YJL128C,YGL097W,0,-3.9713938,0.1643453985452652,0.8849999904632568,0.44999998807907104
YKR036C,YJL219W,0,-3.9716134,0.1643148958683014,0.8849999904632568,0.45010000467300415
YGR029W,YAL017W,0,-3.971739,0.16428439319133759,0.8849999904632568,0.45019999146461487
YOL086C,YDR395W,0,-3.9718337,0.16425389051437378,0.8849999904632568,0.450300008058548
YLR452C,YOL072W,0,-3.9719062,0.16422341763973236,0.8849999904632568,0.4503999948501587
YGL093W,YOR089C,0,-3.9719589,0.16419294476509094,0.8849999904632568,0.4505000114440918
YLR134W,YNL072W,0,-3.9720957,0.16416248679161072,0.8849999904632568,0.4505999982357025
YPR175W,YDR057W,0,-3.972121,0.1641320437192917,0.8849999904632568,0.4507000148296356
YGR057C,YPR016C,0,-3.9722748,0.16410161554813385,0.8849999904632568,0.45080000162124634
YDR191W,YOR191W,1,-3.972904,0.16425658762454987,0.8859999775886536,0.45080000162124634
YFL048C,YPL029W,0,-3.9729564,0.16422612965106964,0.8859999775886536,0.45089998841285706
YPL082C,YJL063C,0,-3.97321,0.1641957014799118,0.8859999775886536,0.45100000500679016
YDR503C,YDR280W,0,-3.9736423,0.16416527330875397,0.8859999775886536,0.4510999917984009
YLR097C,YIR019C,0,-3.973702,0.16413486003875732,0.8859999775886536,0.451200008392334
YMR208W,YNL292W,0,-3.973956,0.16410446166992188,0.8859999775886536,0.4512999951839447
YFL045C,YGR181W,0,-3.9741223,0.16407407820224762,0.8859999775886536,0.4514000117778778
YDL039C,YMR313C,0,-3.9743197,0.16404369473457336,0.8859999775886536,0.4514999985694885
YJR090C,YDR487C,0,-3.9747577,0.1640133261680603,0.8859999775886536,0.45159998536109924
YKL093W,YCR027C,0,-3.9747987,0.16398297250270844,0.8859999775886536,0.45170000195503235
YBL090W,YOL034W,0,-3.9751318,0.16395263373851776,0.8859999775886536,0.45179998874664307
YNL029C,YPL012W,0,-3.975539,0.1639222949743271,0.8859999775886536,0.45190000534057617
YLR405W,YLR193C,0,-3.9758768,0.1638919711112976,0.8859999775886536,0.4519999921321869
YDR040C,YDR311W,0,-3.9762905,0.16386166214942932,0.8859999775886536,0.45210000872612
YGL120C,YGL044C,0,-3.9766443,0.16383136808872223,0.8859999775886536,0.4521999955177307
YOR322C,YLR136C,0,-3.9767985,0.16380107402801514,0.8859999775886536,0.4523000121116638
YML008C,YDR529C,0,-3.9771678,0.16377079486846924,0.8859999775886536,0.45239999890327454
YLR051C,YER013W,0,-3.977197,0.16374053061008453,0.8859999775886536,0.45249998569488525
YDR425W,YOR295W,0,-3.9775467,0.16371026635169983,0.8859999775886536,0.45260000228881836
YBR038W,YDR463W,0,-3.978513,0.1636800318956375,0.8859999775886536,0.4526999890804291
YGR028W,YKR028W,0,-3.9785519,0.1636497974395752,0.8859999775886536,0.4528000056743622
YHR164C,YOL113W,0,-3.9787042,0.16361957788467407,0.8859999775886536,0.4528999924659729
YNR074C,YMR037C,0,-3.9795265,0.16358935832977295,0.8859999775886536,0.453000009059906
YOR377W,YOR137C,0,-3.9797077,0.1635591685771942,0.8859999775886536,0.4530999958515167
YKL138C-A,YAL001C,0,-3.9800699,0.16352897882461548,0.8859999775886536,0.45320001244544983
YGL227W,YIL023C,0,-3.9806018,0.16349880397319794,0.8859999775886536,0.45329999923706055
YBR193C,YNL214W,0,-3.9809985,0.1634686291217804,0.8859999775886536,0.45339998602867126
YMR056C,YLR329W,0,-3.9810822,0.16343848407268524,0.8859999775886536,0.45350000262260437
YNR010W,YKL212W,0,-3.981092,0.1634083390235901,0.8859999775886536,0.4535999894142151
YHR019C,YGL092W,0,-3.9814994,0.16337820887565613,0.8859999775886536,0.4537000060081482
YMR008C,YOR043W,0,-3.9815528,0.16334807872772217,0.8859999775886536,0.4537999927997589
YFR009W,YEL004W,0,-3.9816437,0.1633179783821106,0.8859999775886536,0.453900009393692
YPL159C,YER162C,0,-3.9819033,0.16328787803649902,0.8859999775886536,0.45399999618530273
YPL026C,YKL034W,0,-3.9820182,0.16325779259204865,0.8859999775886536,0.45410001277923584
YLR291C,YML058W-A,0,-3.9821403,0.16322770714759827,0.8859999775886536,0.45419999957084656
YGR059W,YGR047C,0,-3.982175,0.16319763660430908,0.8859999775886536,0.4542999863624573
YLR116W,YHL007C,0,-3.9826014,0.1631675809621811,0.8859999775886536,0.4544000029563904
YBL047C,YNL016W,0,-3.9826438,0.1631375402212143,0.8859999775886536,0.4544999897480011
YGL006W,YKL019W,0,-3.982868,0.1631075143814087,0.8859999775886536,0.4546000063419342
YLR429W,YJL190C,0,-3.9833841,0.1630774885416031,0.8859999775886536,0.4546999931335449
YJL167W,YBR058C-A,0,-3.9836748,0.16304747760295868,0.8859999775886536,0.454800009727478
YPL221W,YER008C,0,-3.9837081,0.16301748156547546,0.8859999775886536,0.45489999651908875
YNL259C,YLR023C,0,-3.9837916,0.16298748552799225,0.8859999775886536,0.45500001311302185
YML086C,YBR221C,0,-3.9842894,0.16295751929283142,0.8859999775886536,0.45509999990463257
YDL090C,YGR241C,0,-3.9843168,0.1629275530576706,0.8859999775886536,0.4551999866962433
YDR425W,YPR107C,0,-3.9847395,0.16289758682250977,0.8859999775886536,0.4553000032901764
YMR048W,YGR095C,0,-3.9849226,0.16286765038967133,0.8859999775886536,0.4553999900817871
YOR156C,YBR265W,0,-3.984987,0.16283771395683289,0.8859999775886536,0.4555000066757202
YAR031W,YER151C,0,-3.9855802,0.16280779242515564,0.8859999775886536,0.45559999346733093
YCL066W,YKL073W,0,-3.9857936,0.1627778857946396,0.8859999775886536,0.45570001006126404
YKR054C,YER180C-A,0,-3.985949,0.16274797916412354,0.8859999775886536,0.45579999685287476
YGR123C,YER013W,0,-3.986359,0.16271808743476868,0.8859999775886536,0.45590001344680786
YPR138C,YDR135C,0,-3.9865677,0.162688210606575,0.8859999775886536,0.4560000002384186
YDR255C,YMR235C,0,-3.9867299,0.16265834867954254,0.8859999775886536,0.4560999870300293
YML081C-A,YFR048W,0,-3.9869568,0.16262848675251007,0.8859999775886536,0.4562000036239624
YNL220W,YDR421W,0,-3.987367,0.1625986397266388,0.8859999775886536,0.4562999904155731
YMR168C,YDR058C,0,-3.9875891,0.1625688076019287,0.8859999775886536,0.4564000070095062
YFL050C,YJL196C,0,-3.9884684,0.16253899037837982,0.8859999775886536,0.45649999380111694
YGL142C,YHR001W,0,-3.988684,0.16250917315483093,0.8859999775886536,0.45660001039505005
YDR434W,YHR070W,0,-3.9891045,0.16247937083244324,0.8859999775886536,0.45669999718666077
YDL004W,YBR165W,0,-3.9895337,0.16244958341121674,0.8859999775886536,0.45680001378059387
YIL013C,YJL087C,0,-3.9896524,0.16241979598999023,0.8859999775886536,0.4569000005722046
YNL135C,YOL068C,1,-3.989673,0.16257330775260925,0.8870000243186951,0.4569000005722046
YML069W,YHR056C,1,-3.9897087,0.1627267748117447,0.8880000114440918,0.4569000005722046
YBR298C,YAL016W,0,-3.9897504,0.1626969575881958,0.8880000114440918,0.4569999873638153
YKR038C,YML024W,0,-3.9898798,0.1626671552658081,0.8880000114440918,0.4571000039577484
YEL050C,YAR035W,0,-3.990023,0.1626373678445816,0.8880000114440918,0.45719999074935913
YML074C,YOR298C-A,0,-3.9900315,0.1626075804233551,0.8880000114440918,0.45730000734329224
YBL023C,YNL248C,0,-3.9902885,0.1625778079032898,0.8880000114440918,0.45739999413490295
YDL039C,YBR165W,0,-3.9905655,0.16254805028438568,0.8880000114440918,0.45750001072883606
YOR145C,YLR292C,0,-3.9906127,0.16251830756664276,0.8880000114440918,0.4575999975204468
YPL075W,YDR407C,0,-3.991195,0.16248856484889984,0.8880000114440918,0.4577000141143799
YJL005W,YGL168W,0,-3.9917865,0.16245883703231812,0.8880000114440918,0.4578000009059906
YLR206W,YHR023W,0,-3.99236,0.16242912411689758,0.8880000114440918,0.4578999876976013
YBL013W,YHL028W,0,-3.9925172,0.16239941120147705,0.8880000114440918,0.4580000042915344
YDR411C,YOR137C,0,-3.992561,0.1623697131872177,0.8880000114440918,0.45809999108314514
YNL163C,YLR055C,0,-3.9927373,0.16234003007411957,0.8880000114440918,0.45820000767707825
YBL084C,YDL097C,0,-3.9929128,0.16231036186218262,0.8880000114440918,0.45829999446868896
YKL057C,YGL120C,0,-3.9929664,0.16228070855140686,0.8880000114440918,0.45840001106262207
YLR381W,YOR073W,0,-3.993141,0.1622510552406311,0.8880000114440918,0.4584999978542328
YDR432W,YNL253W,0,-3.99342,0.16222141683101654,0.8880000114440918,0.4586000144481659
YLR304C,YGL229C,0,-3.9936454,0.16219177842140198,0.8880000114440918,0.4587000012397766
YOL130W,YML004C,0,-3.9941509,0.1621621549129486,0.8880000114440918,0.45879998803138733
YNL290W,YHR014W,0,-3.9943564,0.16213256120681763,0.8880000114440918,0.45890000462532043
YOR150W,YKL214C,0,-3.9944785,0.16210295259952545,0.8880000114440918,0.45899999141693115
YBR065C,YDL014W,0,-3.995085,0.16207337379455566,0.8880000114440918,0.45910000801086426
YDR434W,YPR086W,0,-3.9951937,0.16204379498958588,0.8880000114440918,0.459199994802475
YKL191W,YGL222C,0,-3.995451,0.16201423108577728,0.8880000114440918,0.4593000113964081
YBL090W,YHR150W,0,-3.9956174,0.16198468208312988,0.8880000114440918,0.4593999981880188
YNL325C,YCL034W,0,-3.995897,0.16195513308048248,0.8880000114440918,0.4595000147819519
YCR044C,YER070W,0,-3.996063,0.16192559897899628,0.8880000114440918,0.4596000015735626
YBL026W,YLR148W,0,-3.9961457,0.16189607977867126,0.8880000114440918,0.45969998836517334
YKL022C,YMR109W,0,-3.99634,0.16186657547950745,0.8880000114440918,0.45980000495910645
YMR231W,YJR021C,0,-3.9963806,0.16183707118034363,0.8880000114440918,0.45989999175071716
YPL069C,YOR087W,0,-3.9967062,0.161807581782341,0.8880000114440918,0.46000000834465027
YLR353W,YPL193W,0,-3.9968445,0.16177810728549957,0.8880000114440918,0.460099995136261
YBL033C,YER031C,0,-3.9979725,0.16174863278865814,0.8880000114440918,0.4602000117301941
YFL003C,YBR221C,0,-3.9982846,0.1617191731929779,0.8880000114440918,0.4602999985218048
YPR122W,YKL126W,0,-3.9985209,0.16168972849845886,0.8880000114440918,0.4603999853134155
YJR031C,YAL001C,0,-3.9987485,0.161660298705101,0.8880000114440918,0.46050000190734863
YER180C-A,YPL029W,0,-3.999016,0.16163086891174316,0.8880000114440918,0.46059998869895935
YGR262C,YHR067W,0,-3.9991028,0.1616014540195465,0.8880000114440918,0.46070000529289246
YLR401C,YPL120W,0,-3.9991326,0.16157205402851105,0.8880000114440918,0.4607999920845032
YGR249W,YIR015W,0,-3.99937,0.16154265403747559,0.8880000114440918,0.4609000086784363
YHR030C,YGR072W,0,-3.9998386,0.1615132838487625,0.8880000114440918,0.460999995470047
YLL015W,YNL250W,0,-3.999902,0.16148389875888824,0.8880000114440918,0.4611000120639801
YGR288W,YOR386W,0,-3.9999776,0.16145454347133636,0.8880000114440918,0.4611999988555908
YKR038C,YER126C,0,-4.000103,0.16142518818378448,0.8880000114440918,0.46129998564720154
YPL256C,YLR022C,0,-4.000435,0.161395862698555,0.8880000114440918,0.46140000224113464
YPL267W,YJL129C,0,-4.000848,0.1613665223121643,0.8880000114440918,0.46149998903274536
YBR288C,YGL255W,0,-4.001399,0.161337211728096,0.8880000114440918,0.46160000562667847
YGL092W,YML060W,0,-4.0015426,0.1613079011440277,0.8880000114440918,0.4616999924182892
YMR030W,YAR008W,0,-4.0019283,0.1612786054611206,0.8880000114440918,0.4618000090122223
YHR058C,YOR132W,0,-4.002131,0.1612493246793747,0.8880000114440918,0.461899995803833
YDR263C,YMR216C,0,-4.002803,0.16122004389762878,0.8880000114440918,0.4620000123977661
YDR292C,YPR036W,0,-4.0030603,0.16119077801704407,0.8880000114440918,0.46209999918937683
YDR518W,YJL039C,0,-4.0031576,0.16116152703762054,0.8880000114440918,0.46219998598098755
YGL238W,YBR035C,0,-4.0031767,0.16113227605819702,0.8880000114440918,0.46230000257492065
YFL013C,YJR119C,1,-4.003319,0.16128447651863098,0.8889999985694885,0.46230000257492065
YJR031C,YNL139C,0,-4.003637,0.16125521063804626,0.8889999985694885,0.46239998936653137
YGL200C,YPR005C,0,-4.003908,0.16122597455978394,0.8889999985694885,0.4625000059604645
YEL018W,YIR019C,0,-4.0039167,0.1611967384815216,0.8889999985694885,0.4625999927520752
YKR054C,YFR034C,0,-4.0040865,0.16116751730442047,0.8889999985694885,0.4627000093460083
YKL140W,YJR156C,0,-4.004278,0.16113829612731934,0.8889999985694885,0.462799996137619
YFR046C,YPL135W,0,-4.004532,0.1611091047525406,0.8889999985694885,0.4629000127315521
YGR009C,YJL029C,0,-4.004986,0.16107989847660065,0.8889999985694885,0.46299999952316284
YFL010W-A,YOR270C,0,-4.0060053,0.1610507220029831,0.8889999985694885,0.46309998631477356
YNL118C,YOL158C,0,-4.0062985,0.16102156043052673,0.8889999985694885,0.46320000290870667
YPR088C,YBR294W,0,-4.006568,0.16099239885807037,0.8889999985694885,0.4632999897003174
YPL244C,YGR296W,0,-4.006663,0.160963237285614,0.8889999985694885,0.4634000062942505
YAL044C,YNL329C,0,-4.0068407,0.16093410551548004,0.8889999985694885,0.4634999930858612
YHR092C,YEL050C,0,-4.00756,0.16090497374534607,0.8889999985694885,0.4636000096797943
YGL180W,YER049W,0,-4.0075855,0.1608758568763733,0.8889999985694885,0.46369999647140503
YJR031C,YDR281C,0,-4.007702,0.1608467549085617,0.8889999985694885,0.46380001306533813
YKL146W,YBR212W,0,-4.007778,0.16081765294075012,0.8889999985694885,0.46389999985694885
YPR057W,YOR380W,0,-4.008543,0.16078856587409973,0.8889999985694885,0.46399998664855957
YOR079C,YGL173C,0,-4.0085993,0.16075949370861053,0.8889999985694885,0.4641000032424927
YLR109W,YDR388W,0,-4.008658,0.16073042154312134,0.8889999985694885,0.4641999900341034
YPR175W,YLR086W,0,-4.008803,0.16070137917995453,0.8889999985694885,0.4643000066280365
YDR264C,YGL097W,0,-4.0089407,0.16067233681678772,0.8889999985694885,0.4643999934196472
YLR370C,YDL164C,0,-4.0089808,0.1606432944536209,0.8889999985694885,0.4645000100135803
YDL100C,YDR325W,0,-4.0089817,0.1606142669916153,0.8889999985694885,0.46459999680519104
YGR006W,YEL012W,0,-4.0094347,0.16058525443077087,0.8889999985694885,0.46470001339912415
YJR160C,YPL243W,0,-4.009594,0.16055625677108765,0.8889999985694885,0.46480000019073486
YNL148C,YBR155W,0,-4.0096087,0.16052725911140442,0.8889999985694885,0.4648999869823456
YMR234W,YOR224C,0,-4.010059,0.16049829125404358,0.8889999985694885,0.4650000035762787
YMR264W,YDR146C,0,-4.0101423,0.16046930849552155,0.8889999985694885,0.4650999903678894
YCR039C,YPL283C,0,-4.010287,0.1604403555393219,0.8889999985694885,0.4652000069618225
YML105C,YBR156C,0,-4.010338,0.16041140258312225,0.8889999985694885,0.4652999937534332
YOL115W,YPR074C,0,-4.010519,0.1603824645280838,0.8889999985694885,0.46540001034736633
YFR036W,YER025W,0,-4.010764,0.16035354137420654,0.8889999985694885,0.46549999713897705
YOR377W,YAR031W,0,-4.010865,0.16032461822032928,0.8889999985694885,0.46560001373291016
YLR394W,YIL128W,0,-4.0111284,0.16029570996761322,0.8889999985694885,0.4657000005245209
YGR003W,YDR148C,0,-4.011257,0.16026681661605835,0.8889999985694885,0.4657999873161316
YNR075W,YGL243W,0,-4.0116014,0.16023792326450348,0.8889999985694885,0.4659000039100647
YOR236W,YNL126W,0,-4.012046,0.1602090448141098,0.8889999985694885,0.4659999907016754
YOR095C,YIL063C,0,-4.012061,0.16018018126487732,0.8889999985694885,0.4661000072956085
YGL168W,YHR154W,0,-4.0124426,0.16015131771564484,0.8889999985694885,0.46619999408721924
YGL033W,YPL145C,0,-4.0130887,0.16012248396873474,0.8889999985694885,0.46630001068115234
YLR353W,YDR517W,0,-4.013103,0.16009365022182465,0.8889999985694885,0.46639999747276306
YPL059W,YDR246W,0,-4.0131397,0.16006481647491455,0.8889999985694885,0.46650001406669617
YGL178W,YGR116W,1,-4.013322,0.16021601855754852,0.8899999856948853,0.46650001406669617
YGL194C,YNL330C,1,-4.0135107,0.1603671759366989,0.890999972820282,0.46650001406669617
YCR091W,YOR181W,0,-4.0137,0.16033831238746643,0.890999972820282,0.4666000008583069
YHR079C-A,YER093C,0,-4.014594,0.16030946373939514,0.890999972820282,0.4666999876499176
YGL065C,YDR057W,0,-4.0146327,0.16028062999248505,0.890999972820282,0.4668000042438507
YIL097W,YDR323C,0,-4.01501,0.16025179624557495,0.890999972820282,0.4668999910354614
YMR264W,YPR112C,0,-4.0159955,0.16022297739982605,0.890999972820282,0.46700000762939453
YOR326W,YJL047C,0,-4.0163784,0.16019417345523834,0.890999972820282,0.46709999442100525
YJR089W,YGL006W,0,-4.016535,0.16016538441181183,0.890999972820282,0.46720001101493835
YGR254W,YLR134W,0,-4.016976,0.16013659536838531,0.890999972820282,0.4672999978065491
YGL187C,YBR102C,0,-4.0175014,0.16010782122612,0.890999972820282,0.4674000144004822
YHR056C,YCR052W,1,-4.017555,0.1602587103843689,0.8920000195503235,0.4674000144004822
YLR350W,YPL063W,0,-4.0178356,0.16022992134094238,0.8920000195503235,0.4675000011920929
YMR014W,YJR153W,0,-4.0184765,0.16020114719867706,0.8920000195503235,0.4675999879837036
YHR135C,YDR532C,0,-4.0185113,0.16017238795757294,0.8920000195503235,0.4677000045776367
YIL121W,YJR135W-A,0,-4.018799,0.1601436287164688,0.8920000195503235,0.46779999136924744
YLR102C,YBR288C,0,-4.0192966,0.16011488437652588,0.8920000195503235,0.46790000796318054
YER030W,YML010W,1,-4.0195312,0.16026560962200165,0.8930000066757202,0.46790000796318054
YOR346W,YKR059W,0,-4.020174,0.16023685038089752,0.8930000066757202,0.46799999475479126
YOR265W,YDL135C,0,-4.02032,0.1602081060409546,0.8930000066757202,0.46810001134872437
YMR213W,YNL251C,0,-4.0205336,0.16017937660217285,0.8930000066757202,0.4681999981403351
YKL004W,YBR210W,0,-4.02061,0.1601506471633911,0.8930000066757202,0.4683000147342682
YJL091C,YOR295W,0,-4.0207825,0.16012193262577057,0.8930000066757202,0.4684000015258789
YMR139W,YDR082W,0,-4.020959,0.16009321808815002,0.8930000066757202,0.4684999883174896
YGR092W,YCR075C,0,-4.0209913,0.16006453335285187,0.8930000066757202,0.46860000491142273
YOR098C,YDR501W,0,-4.021014,0.1600358486175537,0.8930000066757202,0.46869999170303345
YMR116C,YHR200W,0,-4.0211887,0.16000716388225555,0.8930000066757202,0.46880000829696655
YIL123W,YDL064W,0,-4.021715,0.15997850894927979,0.8930000066757202,0.46889999508857727
YLR394W,YBL035C,0,-4.0217237,0.15994985401630402,0.8930000066757202,0.4690000116825104
YNL219C,YLL011W,0,-4.022002,0.15992119908332825,0.8930000066757202,0.4690999984741211
YBR109C,YLR268W,0,-4.022311,0.15989257395267487,0.8930000066757202,0.4691999852657318
YDR046C,YBR205W,0,-4.022341,0.15986394882202148,0.8930000066757202,0.4693000018596649
YKR054C,YFR024C-A,0,-4.0223684,0.1598353385925293,0.8930000066757202,0.46939998865127563
YIR005W,YHL011C,0,-4.0224953,0.1598067283630371,0.8930000066757202,0.46950000524520874
YPR019W,YER052C,0,-4.0225983,0.15977813303470612,0.8930000066757202,0.46959999203681946
YJL014W,YOR315W,0,-4.022998,0.15974955260753632,0.8930000066757202,0.46970000863075256
YJL047C,YGR080W,0,-4.0230703,0.1597209870815277,0.8930000066757202,0.4697999954223633
YBL045C,YBR196C,0,-4.023141,0.1596924215555191,0.8930000066757202,0.4699000120162964
YIR017C,YOR305W,0,-4.023305,0.1596638709306717,0.8930000066757202,0.4699999988079071
YPL051W,YOR275C,0,-4.0233135,0.15963532030582428,0.8930000066757202,0.4700999855995178
YLR144C,YOR174W,0,-4.0234327,0.15960678458213806,0.8930000066757202,0.4702000021934509
YDR236C,YML006C,0,-4.023877,0.15957826375961304,0.8930000066757202,0.47029998898506165
YER155C,YDR177W,0,-4.023947,0.1595497578382492,0.8930000066757202,0.47040000557899475
YGL142C,YKR072C,0,-4.0241528,0.15952125191688538,0.8930000066757202,0.47049999237060547
YCR086W,YLR298C,0,-4.0242214,0.15949276089668274,0.8930000066757202,0.4706000089645386
YGL051W,YDL044C,0,-4.0246716,0.1594642847776413,0.8930000066757202,0.4706999957561493
YHR116W,YPL106C,0,-4.024868,0.15943580865859985,0.8930000066757202,0.4708000123500824
YDR473C,YDR202C,0,-4.0248737,0.1594073474407196,0.8930000066757202,0.4708999991416931
YPL204W,YBR293W,0,-4.0254383,0.15937890112400055,0.8930000066757202,0.47099998593330383
YJR089W,YCR040W,0,-4.0254784,0.1593504697084427,0.8930000066757202,0.47110000252723694
YHL027W,YLR006C,0,-4.0255775,0.15932203829288483,0.8930000066757202,0.47119998931884766
YDR005C,YDL135C,0,-4.0256014,0.15929360687732697,0.8930000066757202,0.47130000591278076
YPR104C,YOL104C,0,-4.0258684,0.1592652052640915,0.8930000066757202,0.4713999927043915
YBR186W,YLR026C,0,-4.026003,0.15923680365085602,0.8930000066757202,0.4715000092983246
YBL003C,YPL055C,1,-4.026277,0.15938669443130493,0.8939999938011169,0.4715000092983246
YBR218C,YJR049C,0,-4.026304,0.15935829281806946,0.8939999938011169,0.4715999960899353
YHL031C,YBL035C,0,-4.026352,0.15932989120483398,0.8939999938011169,0.4717000126838684
YDR106W,YMR208W,0,-4.026367,0.1593014895915985,0.8939999938011169,0.4717999994754791
YCR082W,YDL085W,0,-4.0266213,0.15927311778068542,0.8939999938011169,0.47189998626708984
YGR204W,YOL125W,0,-4.027261,0.15924474596977234,0.8939999938011169,0.47200000286102295
YLR022C,YPR139C,0,-4.0278563,0.15921638906002045,0.8939999938011169,0.47209998965263367
YOL104C,YMR190C,0,-4.028265,0.15918803215026855,0.8939999938011169,0.4722000062465668
YJR065C,YJL170C,0,-4.028529,0.15915969014167786,0.8939999938011169,0.4722999930381775
YBR160W,YHR082C,0,-4.0290275,0.15913136303424835,0.8939999938011169,0.4724000096321106
YGR108W,YPR078C,0,-4.029335,0.15910303592681885,0.8939999938011169,0.4724999964237213
YJR121W,YDL154W,0,-4.0297174,0.15907473862171173,0.8939999938011169,0.4726000130176544
YLR153C,YML127W,1,-4.030204,0.15922433137893677,0.8949999809265137,0.4726000130176544
YBL013W,YHR067W,0,-4.030303,0.15919601917266846,0.8949999809265137,0.47269999980926514
YGR086C,YOR212W,0,-4.030305,0.15916770696640015,0.8949999809265137,0.47279998660087585
YDR040C,YDR388W,0,-4.0307655,0.15913940966129303,0.8949999809265137,0.47290000319480896
YHR079C,YPL187W,0,-4.030819,0.1591111123561859,0.8949999809265137,0.4729999899864197
YGR165W,YGR007W,0,-4.031067,0.15908282995224,0.8949999809265137,0.4731000065803528
YAR019C,YLR126C,0,-4.0311384,0.15905456244945526,0.8949999809265137,0.4731999933719635
YKL004W,YOL102C,0,-4.03122,0.15902629494667053,0.8949999809265137,0.4733000099658966
YLR303W,YOR045W,0,-4.031624,0.158998042345047,0.8949999809265137,0.4733999967575073
YBR272C,YIL070C,0,-4.0316997,0.15896980464458466,0.8949999809265137,0.47350001335144043
YNL003C,YDR086C,0,-4.03187,0.15894156694412231,0.8949999809265137,0.47360000014305115
YNL135C,YML127W,1,-4.0323095,0.15909090638160706,0.8960000276565552,0.47360000014305115
YDR329C,YCR083W,0,-4.032321,0.15906266868114471,0.8960000276565552,0.47369998693466187
YFR019W,YNL106C,0,-4.032407,0.15903443098068237,0.8960000276565552,0.47380000352859497
YBR272C,YGL167C,0,-4.0328455,0.15900620818138123,0.8960000276565552,0.4738999903202057
YGL098W,YDR545W,0,-4.033104,0.15897800028324127,0.8960000276565552,0.4740000069141388
YJL095W,YBR042C,0,-4.033325,0.15894979238510132,0.8960000276565552,0.4740999937057495
YLR259C,YHR161C,0,-4.0334196,0.15892159938812256,0.8960000276565552,0.4742000102996826
YIL013C,YLR305C,0,-4.0336127,0.158893421292305,0.8960000276565552,0.47429999709129333
YBL061C,YOR043W,0,-4.0336246,0.15886524319648743,0.8960000276565552,0.47440001368522644
YDR116C,YJL012C,0,-4.03366,0.15883708000183105,0.8960000276565552,0.47450000047683716
YPL061W,YDL155W,0,-4.0336676,0.15880893170833588,0.8960000276565552,0.4745999872684479
YPL040C,YBR129C,0,-4.0340347,0.1587807834148407,0.8960000276565552,0.474700003862381
YGL211W,YOR193W,0,-4.034133,0.1587526649236679,0.8960000276565552,0.4747999906539917
YBR205W,YKR050W,0,-4.0344057,0.15872453153133392,0.8960000276565552,0.4749000072479248
YNL006W,YJR102C,0,-4.0345073,0.15869642794132233,0.8960000276565552,0.4749999940395355
YNR054C,YML059C,0,-4.0353203,0.15866832435131073,0.8960000276565552,0.47510001063346863
YER143W,YOL128C,0,-4.0354934,0.15864022076129913,0.8960000276565552,0.47519999742507935
YGL209W,YOR344C,0,-4.036188,0.15861214697360992,0.8960000276565552,0.47530001401901245
YHL002W,YNL257C,0,-4.036192,0.15858407318592072,0.8960000276565552,0.47540000081062317
YJR006W,YOL067C,0,-4.0361996,0.1585560142993927,0.8960000276565552,0.4754999876022339
YBR109C,YPL012W,0,-4.0364,0.15852795541286469,0.8960000276565552,0.475600004196167
YGL078C,YBR172C,0,-4.0364056,0.15849991142749786,0.8960000276565552,0.4756999909877777
YKL073W,YLR219W,0,-4.0365386,0.15847188234329224,0.8960000276565552,0.4758000075817108
YOL149W,YMR035W,0,-4.0367136,0.1584438532590866,0.8960000276565552,0.47589999437332153
YPL008W,YDR372C,0,-4.036951,0.15841583907604218,0.8960000276565552,0.47600001096725464
YGL158W,YNL283C,0,-4.0371103,0.15838783979415894,0.8960000276565552,0.47609999775886536
YER038C,YOR315W,0,-4.0374594,0.1583598405122757,0.8960000276565552,0.47620001435279846
YDL003W,YPR101W,0,-4.037513,0.15833185613155365,0.8960000276565552,0.4763000011444092
YBR109C,YJL214W,0,-4.0378113,0.1583038866519928,0.8960000276565552,0.4763999879360199
YKR038C,YPL097W,0,-4.0378475,0.15827591717243195,0.8960000276565552,0.476500004529953
YHL027W,YOL117W,0,-4.038411,0.1582479625940323,0.8960000276565552,0.4765999913215637
YHR067W,YKR063C,0,-4.0384865,0.15822002291679382,0.8960000276565552,0.4767000079154968
YMR200W,YKR059W,0,-4.0386324,0.15819208323955536,0.8960000276565552,0.47679999470710754
YDR255C,YGL093W,0,-4.039178,0.15816417336463928,0.8960000276565552,0.47690001130104065
YPL116W,YPL138C,1,-4.0393753,0.15831273794174194,0.8970000147819519,0.47690001130104065
YJL025W,YCR067C,0,-4.039422,0.15828481316566467,0.8970000147819519,0.47699999809265137
YMR162C,YOR344C,0,-4.0399218,0.1582568734884262,0.8970000147819519,0.4771000146865845
YFR047C,YER151C,0,-4.040373,0.15822896361351013,0.8970000147819519,0.4772000014781952
YHR133C,YOR106W,0,-4.0406294,0.15820105373859406,0.8970000147819519,0.4772999882698059
YMR173W,YBL080C,0,-4.041651,0.15817315876483917,0.8970000147819519,0.477400004863739
YPL096W,YBR024W,0,-4.041773,0.15814527869224548,0.8970000147819519,0.47749999165534973
YLR435W,YDR247W,0,-4.042059,0.1581173986196518,0.8970000147819519,0.47760000824928284
YNL161W,YHR055C,0,-4.042131,0.1580895334482193,0.8970000147819519,0.47769999504089355
YKL073W,YLR003C,0,-4.042137,0.1580616682767868,0.8970000147819519,0.47780001163482666
YEL056W,YMR127C,1,-4.0421467,0.15821000933647156,0.8980000019073486,0.47780001163482666
YDR076W,YJL069C,0,-4.0422316,0.15818214416503906,0.8980000019073486,0.4778999984264374
YPL155C,YFR001W,0,-4.0424795,0.15815427899360657,0.8980000019073486,0.4779999852180481
YOR023C,YPL254W,1,-4.042519,0.15830251574516296,0.8989999890327454,0.4779999852180481
YJR158W,YKL141W,0,-4.0427213,0.15827465057373047,0.8989999890327454,0.4781000018119812
YDL014W,YOL034W,0,-4.0428395,0.15824678540229797,0.8989999890327454,0.4781999886035919
YGL092W,YER095W,0,-4.043207,0.15821893513202667,0.8989999890327454,0.478300005197525
YGR261C,YDL166C,0,-4.043372,0.15819109976291656,0.8989999890327454,0.47839999198913574
YDL113C,YDR435C,0,-4.0439997,0.15816326439380646,0.8989999890327454,0.47850000858306885
YPR132W,YPR078C,0,-4.0446463,0.15813544392585754,0.8989999890327454,0.47859999537467957
YGR113W,YOL128C,0,-4.04494,0.15810763835906982,0.8989999890327454,0.47870001196861267
YER017C,YBR136W,0,-4.0451994,0.1580798327922821,0.8989999890327454,0.4787999987602234
YOL005C,YMR146C,0,-4.0456505,0.15805204212665558,0.8989999890327454,0.4788999855518341
YDL014W,YBR118W,0,-4.0458603,0.15802425146102905,0.8989999890327454,0.4790000021457672
YLR427W,YIL153W,0,-4.0460978,0.15799649059772491,0.8989999890327454,0.47909998893737793
YIL072W,YHR042W,0,-4.0461884,0.15796872973442078,0.8989999890327454,0.47920000553131104
YNL270C,YDL045C,0,-4.0467634,0.15794096887111664,0.8989999890327454,0.47929999232292175
YOL139C,YOR226C,0,-4.0468836,0.1579132229089737,0.8989999890327454,0.47940000891685486
YHR200W,YML043C,0,-4.047614,0.15788549184799194,0.8989999890327454,0.4794999957084656
YPR175W,YBR237W,0,-4.0478735,0.1578577756881714,0.8989999890327454,0.4796000123023987
YDL150W,YIL173W,0,-4.048072,0.15783005952835083,0.8989999890327454,0.4796999990940094
YHR158C,YGL039W,0,-4.0481987,0.15780235826969147,0.8989999890327454,0.4797999858856201
YGL178W,YFR037C,1,-4.048995,0.15795016288757324,0.8999999761581421,0.4797999858856201
YOR056C,YLR090W,0,-4.0492015,0.15792244672775269,0.8999999761581421,0.4799000024795532
YIL013C,YNL312W,0,-4.0493546,0.15789473056793213,0.8999999761581421,0.47999998927116394
YBL026W,YHR139C,0,-4.049514,0.15786704421043396,0.8999999761581421,0.48010000586509705
YBR297W,YJR102C,0,-4.050233,0.1578393578529358,0.8999999761581421,0.48019999265670776
YML081C-A,YDR174W,0,-4.0503426,0.15781167149543762,0.8999999761581421,0.48030000925064087
YOR043W,YOR230W,0,-4.0503597,0.15778401494026184,0.8999999761581421,0.4803999960422516
YDR508C,YOR368W,0,-4.050394,0.15775635838508606,0.8999999761581421,0.4805000126361847
YNL153C,YOL049W,0,-4.050453,0.15772870182991028,0.8999999761581421,0.4805999994277954
YLR113W,YER180C-A,0,-4.0506544,0.15770107507705688,0.8999999761581421,0.48069998621940613
YHR056C,YDR485C,1,-4.0508413,0.15784862637519836,0.9010000228881836,0.48069998621940613
YDR141C,YDR545W,0,-4.051306,0.15782098472118378,0.9010000228881836,0.48080000281333923
YGR097W,YBR273C,0,-4.0513306,0.1577933430671692,0.9010000228881836,0.48089998960494995
YJL196C,YNL310C,0,-4.0515285,0.1577657163143158,0.9010000228881836,0.48100000619888306
YAL044C,YLR105C,0,-4.0515413,0.1577380895614624,0.9010000228881836,0.4810999929904938
YJR153W,YDR195W,0,-4.051546,0.1577104777097702,0.9010000228881836,0.4812000095844269
YGL247W,YER183C,0,-4.051605,0.1576828807592392,0.9010000228881836,0.4812999963760376
YDR397C,YDR418W,0,-4.052827,0.15765529870986938,0.9010000228881836,0.4814000129699707
YGR220C,YJR132W,0,-4.053255,0.15762771666049957,0.9010000228881836,0.4814999997615814
YBL040C,YCL005W-A,0,-4.0535693,0.15760013461112976,0.9010000228881836,0.48159998655319214
YBR243C,YDR484W,0,-4.0537033,0.15757258236408234,0.9010000228881836,0.48170000314712524
YJL111W,YOL010W,0,-4.053765,0.1575450301170349,0.9010000228881836,0.48179998993873596
YFL034C-B,YLR362W,0,-4.0538588,0.1575174778699875,0.9010000228881836,0.48190000653266907
YBR171W,YDR422C,0,-4.054081,0.15748995542526245,0.9010000228881836,0.4819999933242798
YOR224C,YDR082W,0,-4.0544214,0.15746243298053741,0.9010000228881836,0.4821000099182129
YOL095C,YGL063W,0,-4.0547867,0.15743491053581238,0.9010000228881836,0.4821999967098236
YMR016C,YLR466W,0,-4.0550117,0.15740740299224854,0.9010000228881836,0.4823000133037567
YIL122W,YML124C,0,-4.0550265,0.1573799103498459,0.9010000228881836,0.48240000009536743
YHR169W,YJL039C,0,-4.0551643,0.15735243260860443,0.9010000228881836,0.48249998688697815
YJR089W,YHR092C,0,-4.0552025,0.15732495486736298,0.9010000228881836,0.48260000348091125
YLR084C,YNL241C,0,-4.055373,0.15729749202728271,0.9010000228881836,0.482699990272522
YEL053C,YIR015W,0,-4.05608,0.15727002918720245,0.9010000228881836,0.4828000068664551
YOL104C,YKL173W,0,-4.056286,0.1572425812482834,0.9010000228881836,0.4828999936580658
YCL005W-A,YHL009C,0,-4.056493,0.1572151482105255,0.9010000228881836,0.4830000102519989
YLR370C,YNR035C,0,-4.0565176,0.15718771517276764,0.9010000228881836,0.4830999970436096
YLR078C,YKL201C,0,-4.0565376,0.15716029703617096,0.9010000228881836,0.4832000136375427
YOL049W,YDL043C,0,-4.057876,0.15713289380073547,0.9010000228881836,0.48330000042915344
YJL184W,YER095W,0,-4.057953,0.1571054905653,0.9010000228881836,0.48339998722076416
YGR007W,YFR003C,0,-4.058028,0.1570781022310257,0.9010000228881836,0.48350000381469727
YMR056C,YJL186W,0,-4.0585713,0.1570507287979126,0.9010000228881836,0.483599990606308
YER114C,YOR237W,0,-4.0588717,0.1570233553647995,0.9010000228881836,0.4837000072002411
YLR291C,YBR058C-A,0,-4.058984,0.1569959968328476,0.9010000228881836,0.4837999939918518
YBL003C,YPL138C,1,-4.059089,0.15714286267757416,0.9020000100135803,0.4837999939918518
YML078W,YER100W,0,-4.0594797,0.15711548924446106,0.9020000100135803,0.4839000105857849
YGR103W,YHL009C,0,-4.0597715,0.15708811581134796,0.9020000100135803,0.48399999737739563
YNL037C,YMR164C,0,-4.0603952,0.15706077218055725,0.9020000100135803,0.48410001397132874
YOR058C,YFL058W,0,-4.060513,0.15703342854976654,0.9020000100135803,0.48420000076293945
YIL123W,YDL112W,0,-4.0606933,0.15700608491897583,0.9020000100135803,0.48429998755455017
YPL227C,YOL040C,0,-4.061038,0.1569787710905075,0.9020000100135803,0.4844000041484833
YPR200C,YDL100C,0,-4.0612583,0.15695145726203918,0.9020000100135803,0.484499990940094
YER114C,YHR188C,0,-4.0617743,0.15692414343357086,0.9020000100135803,0.4846000075340271
YLR291C,YHR042W,0,-4.0618896,0.15689684450626373,0.9020000100135803,0.4846999943256378
YPR111W,YMR049C,0,-4.0620084,0.1568695604801178,0.9020000100135803,0.4848000109195709
YML112W,YOR275C,0,-4.062065,0.15684229135513306,0.9020000100135803,0.48489999771118164
YJL039C,YIL095W,0,-4.0620837,0.15681502223014832,0.9020000100135803,0.48500001430511475
YPL048W,YFR003C,0,-4.0624733,0.15678776800632477,0.9020000100135803,0.48510000109672546
YHL034C,YOR295W,0,-4.062664,0.15676051378250122,0.9020000100135803,0.4851999878883362
YNL142W,YNL177C,0,-4.062694,0.15673327445983887,0.9020000100135803,0.4853000044822693
YAL043C,YIL008W,0,-4.0627394,0.1567060500383377,0.9020000100135803,0.48539999127388
YMR162C,YOR195W,0,-4.062769,0.15667882561683655,0.9020000100135803,0.4855000078678131
YHL002W,YDR456W,0,-4.0627785,0.15665161609649658,0.9020000100135803,0.48559999465942383
YML110C,YKL186C,0,-4.0628576,0.15662440657615662,0.9020000100135803,0.48570001125335693
YML129C,YMR081C,0,-4.063265,0.15659722685813904,0.9020000100135803,0.48579999804496765
YGR180C,YGR059W,0,-4.063283,0.15657004714012146,0.9020000100135803,0.48590001463890076
YOL013C,YGL229C,0,-4.063299,0.15654286742210388,0.9020000100135803,0.4860000014305115
YDR083W,YJL089W,0,-4.06331,0.1565157026052475,0.9020000100135803,0.4860999882221222
YJL001W,YPR178W,0,-4.063491,0.1564885526895523,0.9020000100135803,0.4862000048160553
YDR448W,YNL031C,1,-4.064545,0.1566348671913147,0.902999997138977,0.4862000048160553
YNR035C,YOL104C,0,-4.064904,0.1566077023744583,0.902999997138977,0.486299991607666
YOR140W,YFL059W,0,-4.065072,0.15658053755760193,0.902999997138977,0.4864000082015991
YDL055C,YIR011C,0,-4.0653524,0.15655340254306793,0.902999997138977,0.48649999499320984
YKL113C,YBR293W,0,-4.0654,0.15652626752853394,0.902999997138977,0.48660001158714294
YLR139C,YMR101C,0,-4.0660543,0.15649913251399994,0.902999997138977,0.48669999837875366
YJR090C,YDR079W,0,-4.066518,0.15647201240062714,0.902999997138977,0.4867999851703644
YGR253C,YOR224C,0,-4.067458,0.15644490718841553,0.902999997138977,0.4869000017642975
YGL044C,YLR372W,0,-4.067491,0.15641780197620392,0.902999997138977,0.4869999885559082
YMR173W,YER074W-A,0,-4.0676627,0.1563907116651535,0.902999997138977,0.4871000051498413
YGL226C-A,YBL102W,0,-4.0676785,0.15636363625526428,0.902999997138977,0.487199991941452
YPL256C,YIR008C,0,-4.06783,0.15633656084537506,0.902999997138977,0.48730000853538513
YNL248C,YGR047C,0,-4.0679235,0.15630950033664703,0.902999997138977,0.48739999532699585
YPR081C,YCR037C,0,-4.068529,0.1562824547290802,0.902999997138977,0.48750001192092896
YDL223C,YBR083W,0,-4.0686045,0.15625540912151337,0.902999997138977,0.4875999987125397
YOL059W,YMR139W,0,-4.0688877,0.15622837841510773,0.902999997138977,0.4876999855041504
YJL219W,YOR288C,0,-4.0693226,0.1562013477087021,0.902999997138977,0.4878000020980835
YCR066W,YML091C,0,-4.0694532,0.15617433190345764,0.902999997138977,0.4878999888896942
YKL113C,YNL334C,0,-4.0700793,0.1561473309993744,0.902999997138977,0.4880000054836273
YER032W,YDL130W,0,-4.070365,0.15612033009529114,0.902999997138977,0.48809999227523804
YCL039W,YJL143W,0,-4.070367,0.15609334409236908,0.902999997138977,0.48820000886917114
YBL063W,YBR058C-A,0,-4.070503,0.15606637299060822,0.902999997138977,0.48829999566078186
YGL247W,YPL231W,0,-4.0706644,0.15603940188884735,0.902999997138977,0.48840001225471497
YNL282W,YPR178W,0,-4.07086,0.15601244568824768,0.902999997138977,0.4884999990463257
YOR209C,YNL246W,1,-4.071091,0.1561582237482071,0.9039999842643738,0.4884999990463257
YIL035C,YLR163C,0,-4.0711575,0.15613126754760742,0.9039999842643738,0.4885999858379364
YML077W,YPL221W,0,-4.0714445,0.15610429644584656,0.9039999842643738,0.4887000024318695
YDR503C,YEL054C,0,-4.0719995,0.15607735514640808,0.9039999842643738,0.4887999892234802
YOR275C,YLR055C,0,-4.0720944,0.1560503989458084,0.9039999842643738,0.48890000581741333
YOR011W,YIL138C,0,-4.072219,0.15602347254753113,0.9039999842643738,0.48899999260902405
YHR067W,YER019W,0,-4.0722466,0.15599654614925385,0.9039999842643738,0.48910000920295715
YHR160C,YLR154C,0,-4.0724754,0.15596963465213776,0.9039999842643738,0.48919999599456787
YJL020C,YML061C,0,-4.072482,0.15594272315502167,0.9039999842643738,0.489300012588501
YDR423C,YGR216C,0,-4.072566,0.15591582655906677,0.9039999842643738,0.4893999993801117
YBR004C,YIR011C,0,-4.0729856,0.15588894486427307,0.9039999842643738,0.4894999861717224
YDR256C,YMR208W,0,-4.073023,0.15586206316947937,0.9039999842643738,0.4896000027656555
YNL281W,YHR150W,0,-4.0730677,0.15583519637584686,0.9039999842643738,0.48969998955726624
YPL237W,YER074W-A,0,-4.073182,0.15580834448337555,0.9039999842643738,0.48980000615119934
YPL022W,YER082C,0,-4.0732145,0.15578149259090424,0.9039999842643738,0.48989999294281006
YGL150C,YHR056C,1,-4.0733566,0.15592694282531738,0.9049999713897705,0.48989999294281006
YIL033C,YPL218W,0,-4.0733757,0.15590009093284607,0.9049999713897705,0.49000000953674316
YFL003C,YGL063W,0,-4.073431,0.15587323904037476,0.9049999713897705,0.4900999963283539
YBR198C,YNL246W,1,-4.073433,0.15601859986782074,0.906000018119812,0.4900999963283539
YGL051W,YLR264W,0,-4.0739202,0.15599173307418823,0.906000018119812,0.490200012922287
YKL220C,YDR379W,0,-4.0746098,0.15596488118171692,0.906000018119812,0.4902999997138977
YKL146W,YPL234C,0,-4.0749645,0.1559380441904068,0.906000018119812,0.4903999865055084
YNL082W,YDR443C,0,-4.075179,0.15591120719909668,0.906000018119812,0.49050000309944153
YHR129C,YNL009W,0,-4.0754766,0.15588437020778656,0.906000018119812,0.49059998989105225
YBR228W,YDR146C,0,-4.0754833,0.15585756301879883,0.906000018119812,0.49070000648498535
YFL039C,YMR022W,1,-4.075613,0.15600274503231049,0.9070000052452087,0.49070000648498535
YLR088W,YBR182C,0,-4.0756493,0.15597592294216156,0.9070000052452087,0.49079999327659607
YPR199C,YGL001C,0,-4.0759745,0.15594910085201263,0.9070000052452087,0.4909000098705292
YPL145C,YER070W,0,-4.0761085,0.1559222936630249,0.9070000052452087,0.4909999966621399
YKL099C,YGR270W,0,-4.076211,0.15589550137519836,0.9070000052452087,0.491100013256073
YML129C,YBR080C,0,-4.0766315,0.15586870908737183,0.9070000052452087,0.4912000000476837
YGL181W,YBR118W,0,-4.0766983,0.15584193170070648,0.9070000052452087,0.49129998683929443
YFR019W,YNL236W,0,-4.0773773,0.15581515431404114,0.9070000052452087,0.49140000343322754
YDR335W,YJL166W,0,-4.077462,0.155788391828537,0.9070000052452087,0.49149999022483826
YPL254W,YGL178W,1,-4.0775137,0.15593336522579193,0.9079999923706055,0.49149999022483826
YAL020C,YGL247W,0,-4.077533,0.1559065878391266,0.9079999923706055,0.49160000681877136
YOR130C,YDR487C,0,-4.077612,0.15587982535362244,0.9079999923706055,0.4916999936103821
YBR179C,YDR083W,0,-4.077911,0.15585307776927948,0.9079999923706055,0.4918000102043152
YPL190C,YOR344C,0,-4.077914,0.15582633018493652,0.9079999923706055,0.4918999969959259
YDR046C,YHL007C,0,-4.0779676,0.15579958260059357,0.9079999923706055,0.492000013589859
YMR035W,YLR075W,0,-4.0783286,0.155772864818573,0.9079999923706055,0.4921000003814697
YHR086W,YER093C,0,-4.078457,0.15574614703655243,0.9079999923706055,0.49219998717308044
YLR134W,YPL032C,0,-4.078466,0.15571942925453186,0.9079999923706055,0.49230000376701355
YDR414C,YJL069C,0,-4.078888,0.15569272637367249,0.9079999923706055,0.49239999055862427
YGR286C,YER028C,0,-4.078971,0.1556660383939743,0.9079999923706055,0.4925000071525574
YPR144C,YOR057W,0,-4.079136,0.15563935041427612,0.9079999923706055,0.4925999939441681
YJL121C,YGL243W,0,-4.079626,0.15561267733573914,0.9079999923706055,0.4927000105381012
YBR211C,YOR073W,0,-4.079812,0.15558601915836334,0.9079999923706055,0.4927999973297119
YDR272W,YKL186C,0,-4.079847,0.15555936098098755,0.9079999923706055,0.492900013923645
YMR280C,YER021W,0,-4.079878,0.15553271770477295,0.9079999923706055,0.49300000071525574
YNR032C-A,YKL015W,0,-4.080271,0.15550607442855835,0.9079999923706055,0.49309998750686646
YBR272C,YDR449C,0,-4.0804853,0.15547944605350494,0.9079999923706055,0.49320000410079956
YGR095C,YHR070W,0,-4.080614,0.15545283257961273,0.9079999923706055,0.4932999908924103
YBR160W,YGL223C,0,-4.0807476,0.15542621910572052,0.9079999923706055,0.4934000074863434
YDR113C,YFL036W,0,-4.0811214,0.1553996205329895,0.9079999923706055,0.4934999942779541
YGL190C,YHR052W,0,-4.0812426,0.15537303686141968,0.9079999923706055,0.4936000108718872
YMR142C,YFR003C,0,-4.081332,0.15534645318984985,0.9079999923706055,0.4936999976634979
YDR163W,YDL093W,0,-4.081428,0.15531986951828003,0.9079999923706055,0.49380001425743103
YBR205W,YMR096W,0,-4.0814857,0.1552933156490326,0.9079999923706055,0.49390000104904175
YNL106C,YML011C,0,-4.082157,0.15526676177978516,0.9079999923706055,0.49399998784065247
YKL042W,YOR132W,0,-4.082337,0.15524020791053772,0.9079999923706055,0.49410000443458557
YDL178W,YKR057W,0,-4.082574,0.15521366894245148,0.9079999923706055,0.4941999912261963
YGR204W,YDR388W,0,-4.0827827,0.15518714487552643,0.9079999923706055,0.4943000078201294
YFL023W,YKL220C,0,-4.08339,0.15516063570976257,0.9079999923706055,0.4943999946117401
YPL012W,YPR054W,0,-4.0838137,0.15513412654399872,0.9079999923706055,0.4945000112056732
YNL029C,YGR080W,0,-4.0838537,0.15510761737823486,0.9079999923706055,0.49459999799728394
YBR068C,YNL317W,0,-4.084732,0.1550811231136322,0.9079999923706055,0.49470001459121704
YBL042C,YKL173W,0,-4.085051,0.15505464375019073,0.9079999923706055,0.49480000138282776
YGR097W,YDR195W,0,-4.0855827,0.15502816438674927,0.9079999923706055,0.4948999881744385
YNR072W,YPR164W,0,-4.0857296,0.155001699924469,0.9079999923706055,0.4950000047683716
YKL004W,YJL109C,0,-4.0862246,0.15497525036334991,0.9079999923706055,0.4950999915599823
YBR048W,YIR011C,0,-4.0866413,0.15494880080223083,0.9079999923706055,0.4952000081539154
YNL173C,YBR055C,0,-4.0866585,0.15492236614227295,0.9079999923706055,0.4952999949455261
YLR284C,YNL291C,0,-4.0871735,0.15489594638347626,0.9079999923706055,0.49540001153945923
YLR221C,YGR104C,0,-4.0872703,0.15486952662467957,0.9079999923706055,0.49549999833106995
YOL094C,YLL016W,0,-4.0873337,0.15484310686588287,0.9079999923706055,0.49559998512268066
YER013W,YDL083C,0,-4.0878363,0.15481670200824738,0.9079999923706055,0.49570000171661377
YMR008C,YGR285C,0,-4.08786,0.15479031205177307,0.9079999923706055,0.4957999885082245
YBR154C,YGR047C,0,-4.088752,0.15476393699645996,0.9079999923706055,0.4959000051021576
YGL226C-A,YNR003C,0,-4.0888557,0.15473756194114685,0.9079999923706055,0.4959999918937683
YOL143C,YPR163C,0,-4.0888567,0.15471120178699493,0.9079999923706055,0.4961000084877014
YOR031W,YDR499W,0,-4.0888615,0.15468484163284302,0.9079999923706055,0.49619999527931213
YMR128W,YKR022C,0,-4.089509,0.1546584963798523,0.9079999923706055,0.49630001187324524
YFL029C,YBL026W,0,-4.0904565,0.15463215112686157,0.9079999923706055,0.49639999866485596
YPR049C,YML048W,0,-4.0908747,0.15460582077503204,0.9079999923706055,0.4964999854564667
YJL133W,YOR159C,0,-4.0908995,0.1545795053243637,0.9079999923706055,0.4966000020503998
YER003C,YCR042C,0,-4.092024,0.15455318987369537,0.9079999923706055,0.4966999888420105
YNR003C,YDR324C,0,-4.0920687,0.15452688932418823,0.9079999923706055,0.4968000054359436
YML036W,YOR174W,0,-4.092616,0.1545005887746811,0.9079999923706055,0.4968999922275543
YDR101C,YDR212W,0,-4.092984,0.15447431802749634,0.9079999923706055,0.4970000088214874
YPR133C,YFL004W,0,-4.093001,0.1544480323791504,0.9079999923706055,0.49709999561309814
YER052C,YIL120W,0,-4.0932183,0.15442176163196564,0.9079999923706055,0.49720001220703125
YDR517W,YNL091W,0,-4.0936966,0.15439550578594208,0.9079999923706055,0.49729999899864197
YJR047C,YPR019W,0,-4.0940037,0.1543692648410797,0.9079999923706055,0.4973999857902527
YGR123C,YDR137W,0,-4.0941563,0.15434302389621735,0.9079999923706055,0.4975000023841858
YLR102C,YGR141W,0,-4.094922,0.15431679785251617,0.9079999923706055,0.4975999891757965
YFR027W,YHL031C,0,-4.095249,0.154290571808815,0.9079999923706055,0.4977000057697296
YLL042C,YDR407C,0,-4.095396,0.15426436066627502,0.9079999923706055,0.49779999256134033
YMR065W,YPL063W,0,-4.0954494,0.15423814952373505,0.9079999923706055,0.49790000915527344
YGR180C,YFR040W,0,-4.0956354,0.15421195328235626,0.9079999923706055,0.49799999594688416
YLL060C,YJR102C,0,-4.0959454,0.15418577194213867,0.9079999923706055,0.49810001254081726
YKL020C,YKL126W,0,-4.0959687,0.15415959060192108,0.9079999923706055,0.498199999332428
YCL066W,YOR328W,0,-4.0962577,0.15413342416286469,0.9079999923706055,0.4982999861240387
YDR331W,YNL239W,0,-4.096393,0.1541072577238083,0.9079999923706055,0.4984000027179718
YGL254W,YOL143C,0,-4.0964813,0.15408110618591309,0.9079999923706055,0.4984999895095825
YLR286C,YJL089W,0,-4.096586,0.15405496954917908,0.9079999923706055,0.4986000061035156
YOL149W,YER089C,0,-4.0966787,0.15402883291244507,0.9079999923706055,0.49869999289512634
YHR187W,YGR085C,0,-4.096875,0.15400271117687225,0.9079999923706055,0.49880000948905945
YOR145C,YPR088C,0,-4.0970974,0.15397660434246063,0.9079999923706055,0.49889999628067017
YPR138C,YDR394W,0,-4.0975914,0.153950497508049,0.9079999923706055,0.49900001287460327
YLR075W,YLR224W,0,-4.0981255,0.1539243906736374,0.9079999923706055,0.499099999666214
YJR119C,YHR056C,1,-4.098135,0.15406779944896698,0.9089999794960022,0.499099999666214
YIL036W,YER123W,0,-4.098258,0.15404169261455536,0.9089999794960022,0.4991999864578247
YBR205W,YLR181C,0,-4.0991993,0.15401558578014374,0.9089999794960022,0.4993000030517578
YNL118C,YDR492W,0,-4.0994396,0.1539894938468933,0.9089999794960022,0.49939998984336853
YPL267W,YOR313C,0,-4.0994854,0.15396341681480408,0.9089999794960022,0.49950000643730164
YPL178W,YDL095W,0,-4.09956,0.15393733978271484,0.9089999794960022,0.49959999322891235
YHL028W,YHR161C,0,-4.100177,0.1539112776517868,0.9089999794960022,0.49970000982284546
YDL194W,YOL125W,0,-4.1002235,0.15388521552085876,0.9089999794960022,0.4997999966144562
YCR018C,YOR132W,0,-4.100361,0.15385916829109192,0.9089999794960022,0.4999000132083893
YHL038C,YIL018W,0,-4.1007147,0.15383313596248627,0.9089999794960022,0.5
YOR136W,YPL085W,0,-4.100773,0.15380710363388062,0.9089999794960022,0.5001000165939331
YER107C,YMR109W,0,-4.1008368,0.15378108620643616,0.9089999794960022,0.5001999735832214
YOL095C,YDR165W,0,-4.101762,0.1537550687789917,0.9089999794960022,0.5002999901771545
YPR182W,YGR141W,0,-4.101947,0.15372906625270844,0.9089999794960022,0.5004000067710876
YMR042W,YPL059W,0,-4.102206,0.15370307862758636,0.9089999794960022,0.5005000233650208
YOL021C,YMR197C,0,-4.1027517,0.1536770910024643,0.9089999794960022,0.5005999803543091
YDL153C,YAL011W,1,-4.1027727,0.15382014214992523,0.9100000262260437,0.5005999803543091
YBR042C,YFL059W,0,-4.1028547,0.15379415452480316,0.9100000262260437,0.5006999969482422
YER020W,YPL190C,0,-4.1030197,0.1537681668996811,0.9100000262260437,0.5008000135421753
YPR128C,YDR446W,0,-4.1030703,0.15374217927455902,0.9100000262260437,0.5008999705314636
YKL134C,YKR057W,0,-4.103319,0.15371622145175934,0.9100000262260437,0.5009999871253967
YJL001W,YNL292W,0,-4.1035614,0.15369024872779846,0.9100000262260437,0.5011000037193298
YLR206W,YML094W,0,-4.1041155,0.15366430580615997,0.9100000262260437,0.5012000203132629
YDL074C,YOL012C,1,-4.1042557,0.15380719304084778,0.9110000133514404,0.5012000203132629
YFR027W,YNL214W,0,-4.1045847,0.1537812352180481,0.9110000133514404,0.5012999773025513
YGL065C,YKL006C-A,0,-4.104822,0.1537552773952484,0.9110000133514404,0.5013999938964844
YPR185W,YGL097W,0,-4.1050634,0.15372933447360992,0.9110000133514404,0.5015000104904175
YHR023W,YMR260C,0,-4.1053715,0.15370339155197144,0.9110000133514404,0.5016000270843506
YER001W,YIL115C,0,-4.1056633,0.15367746353149414,0.9110000133514404,0.5016999840736389
YOR113W,YNL042W,0,-4.106242,0.15365155041217804,0.9110000133514404,0.501800000667572
YJR013W,YLR148W,0,-4.106242,0.15362563729286194,0.9110000133514404,0.5019000172615051
YBL047C,YDR277C,0,-4.106407,0.15359972417354584,0.9110000133514404,0.5019999742507935
YOR103C,YAL043C,0,-4.1065207,0.15357384085655212,0.9110000133514404,0.5020999908447266
YMR218C,YLR193C,0,-4.107147,0.1535479575395584,0.9110000133514404,0.5022000074386597
YGR108W,YPL239W,0,-4.1073256,0.1535220742225647,0.9110000133514404,0.5023000240325928
YFL029C,YNL156C,0,-4.1073856,0.15349620580673218,0.9110000133514404,0.5023999810218811
YLR110C,YBL035C,0,-4.107481,0.15347035229206085,0.9110000133514404,0.5024999976158142
YCR008W,YDR165W,0,-4.1075497,0.15344449877738953,0.9110000133514404,0.5026000142097473
YDR420W,YGL257C,0,-4.1081553,0.1534186601638794,0.9110000133514404,0.5026999711990356
YCL034W,YJL192C,0,-4.1084967,0.15339282155036926,0.9110000133514404,0.5027999877929688
YPL100W,YJL121C,0,-4.1085367,0.15336699783802032,0.9110000133514404,0.5029000043869019
YOL017W,YHR099W,1,-4.1087837,0.15350951254367828,0.9120000004768372,0.5029000043869019
YKL139W,YLR459W,0,-4.108816,0.15348367393016815,0.9120000004768372,0.503000020980835
YGR225W,YGL205W,0,-4.1089983,0.1534578502178192,0.9120000004768372,0.5030999779701233
YOR274W,YOR137C,0,-4.109002,0.15343202650547028,0.9120000004768372,0.5031999945640564
YBR159W,YML025C,0,-4.1091127,0.15340621769428253,0.9120000004768372,0.5033000111579895
YLR284C,YFL058W,0,-4.1091137,0.15338042378425598,0.9120000004768372,0.5034000277519226
YKL007W,YML104C,0,-4.1091185,0.15335462987422943,0.9120000004768372,0.5034999847412109
YDR252W,YJL001W,0,-4.1093864,0.15332885086536407,0.9120000004768372,0.503600001335144
YBR274W,YLR045C,0,-4.10952,0.15330307185649872,0.9120000004768372,0.5037000179290771
YJL100W,YBR237W,0,-4.1095333,0.15327730774879456,0.9120000004768372,0.5037999749183655
YKL139W,YNR032W,0,-4.1097736,0.1532515585422516,0.9120000004768372,0.5038999915122986
YHR114W,YNL197C,0,-4.110366,0.15322580933570862,0.9120000004768372,0.5040000081062317
YBR160W,YAL007C,0,-4.1104107,0.15320006012916565,0.9120000004768372,0.5041000247001648
YBL090W,YBR293W,0,-4.110629,0.15317434072494507,0.9120000004768372,0.5041999816894531
YOR295W,YJR103W,0,-4.1106634,0.1531486213207245,0.9120000004768372,0.5042999982833862
YGR142W,YBR002C,0,-4.1107464,0.1531229019165039,0.9120000004768372,0.5044000148773193
YDR434W,YFR050C,0,-4.1108084,0.15309719741344452,0.9120000004768372,0.5044999718666077
YNR032C-A,YOL020W,0,-4.11088,0.15307150781154633,0.9120000004768372,0.5045999884605408
YGL206C,YDL111C,0,-4.1109104,0.15304581820964813,0.9120000004768372,0.5047000050544739
YLR023C,YEL037C,0,-4.110983,0.15302012860774994,0.9120000004768372,0.504800021648407
YDL161W,YMR204C,0,-4.1110306,0.15299446880817413,0.9120000004768372,0.5048999786376953
YLR276C,YBR002C,0,-4.1111774,0.15296880900859833,0.9120000004768372,0.5049999952316284
YLR330W,YJR150C,0,-4.111204,0.15294314920902252,0.9120000004768372,0.5051000118255615
YML081C-A,YDR195W,0,-4.111823,0.1529175043106079,0.9120000004768372,0.5052000284194946
YHR115C,YOR347C,0,-4.1128235,0.1528918743133545,0.9120000004768372,0.505299985408783
YDL003W,YLR212C,0,-4.1131716,0.15286624431610107,0.9120000004768372,0.5054000020027161
YOR178C,YDR459C,0,-4.113202,0.15284062922000885,0.9120000004768372,0.5055000185966492
YDR069C,YBR004C,0,-4.113353,0.15281501412391663,0.9120000004768372,0.5055999755859375
YBL009W,YNL012W,0,-4.1133966,0.1527894139289856,0.9120000004768372,0.5056999921798706
YMR139W,YJR103W,0,-4.113744,0.15276381373405457,0.9120000004768372,0.5058000087738037
YOL021C,YBR105C,0,-4.1139507,0.15273822844028473,0.9120000004768372,0.5059000253677368
YJR065C,YNL332W,0,-4.1148386,0.1527126580476761,0.9120000004768372,0.5059999823570251
YNL231C,YAL002W,0,-4.11489,0.15268708765506744,0.9120000004768372,0.5060999989509583
YBL084C,YMR308C,0,-4.115243,0.15266153216362,0.9120000004768372,0.5062000155448914
YPR155C,YKR072C,0,-4.1154537,0.15263597667217255,0.9120000004768372,0.5062999725341797
YPR138C,YKR089C,0,-4.1155567,0.1526104360818863,0.9120000004768372,0.5063999891281128
YDR059C,YHR060W,0,-4.115573,0.15258491039276123,0.9120000004768372,0.5065000057220459
YNL148C,YPL221W,0,-4.1158323,0.15255938470363617,0.9120000004768372,0.506600022315979
YMR207C,YER180C-A,0,-4.1159563,0.1525338739156723,0.9120000004768372,0.5066999793052673
YNR072W,YHR072W-A,0,-4.116169,0.15250836312770844,0.9120000004768372,0.5067999958992004
YMR213W,YOR243C,0,-4.1161814,0.15248286724090576,0.9120000004768372,0.5069000124931335
YKL213C,YCR089W,0,-4.1163883,0.1524573713541031,0.9120000004768372,0.5070000290870667
YAL020C,YBL084C,0,-4.1165314,0.1524318903684616,0.9120000004768372,0.507099986076355
YER022W,YPR036W,0,-4.116557,0.15240642428398132,0.9120000004768372,0.5072000026702881
YBR077C,YNL310C,0,-4.1173286,0.15238095819950104,0.9120000004768372,0.5073000192642212
YJR013W,YKL086W,0,-4.117425,0.15235549211502075,0.9120000004768372,0.5073999762535095
YDR085C,YDR345C,0,-4.117481,0.15233005583286285,0.9120000004768372,0.5074999928474426
YMR275C,YKR055W,0,-4.1176443,0.15230460464954376,0.9120000004768372,0.5076000094413757
YML086C,YEL054C,0,-4.119011,0.15227918326854706,0.9120000004768372,0.5077000260353088
YCR071C,YOR188W,0,-4.1208086,0.15225376188755035,0.9120000004768372,0.5077999830245972
YER028C,YDL064W,0,-4.1209736,0.15222834050655365,0.9120000004768372,0.5078999996185303
YNL325C,YLR136C,0,-4.121414,0.15220293402671814,0.9120000004768372,0.5080000162124634
YDR069C,YER025W,0,-4.12148,0.15217754244804382,0.9120000004768372,0.5080999732017517
YBL045C,YNR052C,0,-4.1217775,0.1521521508693695,0.9120000004768372,0.5081999897956848
YPL217C,YLR455W,0,-4.121998,0.15212677419185638,0.9120000004768372,0.5083000063896179
YHL027W,YIL021W,0,-4.1230373,0.15210139751434326,0.9120000004768372,0.508400022983551
YNL328C,YDR247W,0,-4.1233587,0.15207603573799133,0.9120000004768372,0.5084999799728394
YMR316W,YPR175W,0,-4.123369,0.1520506888628006,0.9120000004768372,0.5085999965667725
YBR286W,YLR166C,0,-4.123582,0.15202534198760986,0.9120000004768372,0.5087000131607056
YHR116W,YML061C,0,-4.1237288,0.15199999511241913,0.9120000004768372,0.5088000297546387
YNL009W,YPR102C,0,-4.123824,0.15197467803955078,0.9120000004768372,0.508899986743927
YDR216W,YJL203W,0,-4.1245346,0.15194934606552124,0.9120000004768372,0.5090000033378601
YGR217W,YDR449C,0,-4.1246576,0.1519240438938141,0.9120000004768372,0.5091000199317932
YOR204W,YJL098W,0,-4.124795,0.15189872682094574,0.9120000004768372,0.5091999769210815
YBR286W,YPL200W,0,-4.1252604,0.15187343955039978,0.9120000004768372,0.5092999935150146
YBR228W,YGR059W,0,-4.1255274,0.15184815227985382,0.9120000004768372,0.5094000101089478
YNL068C,YNL239W,0,-4.125637,0.15182287991046906,0.9120000004768372,0.5095000267028809
YHR164C,YDR341C,0,-4.126216,0.1517976075410843,0.9120000004768372,0.5095999836921692
YDR345C,YBR188C,0,-4.1264315,0.15177233517169952,0.9120000004768372,0.5097000002861023
YDR314C,YML032C,0,-4.1268787,0.15174709260463715,0.9120000004768372,0.5098000168800354
YDL200C,YPR036W,0,-4.1269884,0.15172185003757477,0.9120000004768372,0.5098999738693237
YML008C,YPL154C,0,-4.1271076,0.1516966074705124,0.9120000004768372,0.5099999904632568
YJR097W,YGR048W,0,-4.1272507,0.1516713798046112,0.9120000004768372,0.5101000070571899
YGR108W,YPR037C,0,-4.1274395,0.15164615213871002,0.9120000004768372,0.510200023651123
YDR345C,YBL050W,0,-4.1277275,0.15162095427513123,0.9120000004768372,0.5102999806404114
YOR160W,YML011C,0,-4.1281424,0.15159574151039124,0.9120000004768372,0.5103999972343445
YIL140W,YER142C,0,-4.1282225,0.15157054364681244,0.9120000004768372,0.5105000138282776
YOR313C,YLR043C,0,-4.1282625,0.15154536068439484,0.9120000004768372,0.5105999708175659
YLR342W,YKL120W,0,-4.1283226,0.15152019262313843,0.9120000004768372,0.510699987411499
YNL334C,YML055W,0,-4.1283894,0.15149500966072083,0.9120000004768372,0.5108000040054321
YGL044C,YDR213W,0,-4.1284122,0.1514698565006256,0.9120000004768372,0.5109000205993652
YJL106W,YOR187W,0,-4.1284647,0.1514447033405304,0.9120000004768372,0.5109999775886536
YLR163C,YPL036W,0,-4.1285553,0.15141956508159637,0.9120000004768372,0.5110999941825867
YML012W,YPL276W,0,-4.1289625,0.15139442682266235,0.9120000004768372,0.5112000107765198
YBL023C,YLR222C,0,-4.1289663,0.15136928856372833,0.9120000004768372,0.5113000273704529
YJR053W,YPL098C,0,-4.1290646,0.1513441801071167,0.9120000004768372,0.5113999843597412
YJL042W,YNL290W,0,-4.1291485,0.15131907165050507,0.9120000004768372,0.5115000009536743
YHR084W,YBR143C,0,-4.129428,0.15129396319389343,0.9120000004768372,0.5116000175476074
YLL016W,YKL006C-A,0,-4.129525,0.151268869638443,0.9120000004768372,0.5116999745368958
YNL080C,YGL053W,0,-4.1299,0.15124377608299255,0.9120000004768372,0.5117999911308289
YMR096W,YHL022C,0,-4.1305656,0.1512186974287033,0.9120000004768372,0.511900007724762
YBR236C,YIL007C,0,-4.13072,0.15119363367557526,0.9120000004768372,0.5120000243186951
YBR202W,YLR106C,0,-4.1310167,0.1511685699224472,0.9120000004768372,0.5120999813079834
YML129C,YKL032C,0,-4.131113,0.15114352107048035,0.9120000004768372,0.5121999979019165
YKR086W,YLR048W,0,-4.1312857,0.1511184722185135,0.9120000004768372,0.5123000144958496
YDR054C,YDR059C,0,-4.1327286,0.15109343826770782,0.9120000004768372,0.5123999714851379
YNL223W,YLR134W,0,-4.132844,0.15106840431690216,0.9120000004768372,0.512499988079071
YNL201C,YCL005W-A,0,-4.132943,0.1510433852672577,0.9120000004768372,0.5126000046730042
YAL017W,YGL145W,0,-4.1330156,0.15101838111877441,0.9120000004768372,0.5127000212669373
YPL078C,YLL019C,0,-4.133196,0.15099337697029114,0.9120000004768372,0.5127999782562256
YDR364C,YOL055C,0,-4.1332664,0.15096838772296906,0.9120000004768372,0.5128999948501587
YDR205W,YDR484W,0,-4.133436,0.15094339847564697,0.9120000004768372,0.5130000114440918
YOL164W,YLR347C,0,-4.133623,0.15091842412948608,0.9120000004768372,0.5131000280380249
YGR165W,YDR002W,0,-4.1337976,0.1508934497833252,0.9120000004768372,0.5131999850273132
YML008C,YNL243W,0,-4.1338186,0.1508684903383255,0.9120000004768372,0.5133000016212463
YBL002W,YHR056C,1,-4.1341906,0.15100893378257751,0.9129999876022339,0.5133000016212463
YCR063W,YJL072C,0,-4.1342916,0.15098395943641663,0.9129999876022339,0.5134000182151794
YGL019W,YGR185C,0,-4.1344213,0.15095899999141693,0.9129999876022339,0.5134999752044678
YIL124W,YKR053C,0,-4.134696,0.15093404054641724,0.9129999876022339,0.5135999917984009
YOL133W,YJL025W,0,-4.1353197,0.15090909600257874,0.9129999876022339,0.513700008392334
YLR318W,YML097C,0,-4.135852,0.15088415145874023,0.9129999876022339,0.5138000249862671
YBR214W,YLR025W,0,-4.13647,0.15085922181606293,0.9129999876022339,0.5138999819755554
YPR193C,YKR029C,1,-4.136551,0.1509995013475418,0.9139999747276306,0.5138999819755554
YKL084W,YJL139C,0,-4.136571,0.1509745568037033,0.9139999747276306,0.5139999985694885
YJL003W,YPL169C,0,-4.136812,0.150949627161026,0.9139999747276306,0.5141000151634216
YDR388W,YMR117C,0,-4.137397,0.1509246975183487,0.9139999747276306,0.51419997215271
YLR330W,YNR075W,0,-4.137727,0.15089978277683258,0.9139999747276306,0.5142999887466431
YMR281W,YCL035C,0,-4.1380997,0.15087488293647766,0.9139999747276306,0.5144000053405762
YOR349W,YER038C,0,-4.1381245,0.15084996819496155,0.9139999747276306,0.5145000219345093
YBL002W,YGL150C,1,-4.13815,0.1509900987148285,0.9150000214576721,0.5145000219345093
YBR218C,YGR270W,0,-4.1384363,0.15096518397331238,0.9150000214576721,0.5145999789237976
YER166W,YPR005C,0,-4.1386137,0.15094028413295746,0.9150000214576721,0.5146999955177307
YNL218W,YGR296W,0,-4.138953,0.15091538429260254,0.9150000214576721,0.5148000121116638
YML036W,YEL054C,0,-4.1396523,0.1508904993534088,0.9150000214576721,0.5149000287055969
YDR256C,YDL226C,0,-4.1396904,0.15086562931537628,0.9150000214576721,0.5149999856948853
YAR031W,YHL027W,0,-4.1399174,0.15084074437618256,0.9150000214576721,0.5151000022888184
YPL241C,YGR020C,0,-4.139923,0.15081588923931122,0.9150000214576721,0.5152000188827515
YCR071C,YOR301W,0,-4.1409597,0.15079103410243988,0.9150000214576721,0.5152999758720398
YHR114W,YIL114C,0,-4.1412563,0.15076619386672974,0.9150000214576721,0.5153999924659729
YLR051C,YKR090W,0,-4.141471,0.1507413536310196,0.9150000214576721,0.515500009059906
YKR066C,YNL016W,0,-4.141944,0.15071652829647064,0.9150000214576721,0.5156000256538391
YKR054C,YDL198C,0,-4.142543,0.1506917029619217,0.9150000214576721,0.5156999826431274
YCL005W-A,YFR003C,0,-4.1439085,0.15066689252853394,0.9150000214576721,0.5157999992370605
YJR092W,YDL198C,0,-4.14394,0.15064208209514618,0.9150000214576721,0.5159000158309937
YHR193C,YLR262C,0,-4.1440744,0.15061728656291962,0.9150000214576721,0.515999972820282
YDR216W,YMR301C,0,-4.144087,0.15059249103069305,0.9150000214576721,0.5160999894142151
YLR139C,YPL019C,0,-4.1453047,0.15056771039962769,0.9150000214576721,0.5162000060081482
YAL035W,YHR098C,0,-4.1453094,0.1505429446697235,0.9150000214576721,0.5163000226020813
YBL057C,YKL020C,0,-4.145321,0.15051817893981934,0.9150000214576721,0.5163999795913696
YFL039C,YGL244W,1,-4.1454983,0.15065789222717285,0.9160000085830688,0.5163999795913696
YPL200W,YJL166W,0,-4.145811,0.15063312649726868,0.9160000085830688,0.5164999961853027
YBR185C,YGL094C,0,-4.1460476,0.1506083458662033,0.9160000085830688,0.5166000127792358
YKL114C,YGR145W,0,-4.1462345,0.15058359503746033,0.9160000085830688,0.516700029373169
YKL129C,YGL095C,0,-4.146784,0.15055884420871735,0.9160000085830688,0.5167999863624573
YAL038W,YBL057C,0,-4.1467905,0.15053409337997437,0.9160000085830688,0.5169000029563904
YFR021W,YOR027W,0,-4.147235,0.15050937235355377,0.9160000085830688,0.5170000195503235
YOR109W,YAL032C,0,-4.1474237,0.15048463642597198,0.9160000085830688,0.5170999765396118
YLR242C,YOR236W,0,-4.1475954,0.1504599153995514,0.9160000085830688,0.5171999931335449
YHR058C,YBR080C,0,-4.1476603,0.150435209274292,0.9160000085830688,0.517300009727478
YPR105C,YDL115C,0,-4.1485157,0.1504105031490326,0.9160000085830688,0.5174000263214111
YPR135W,YBR218C,0,-4.1499567,0.1503858119249344,0.9160000085830688,0.5174999833106995
YCL039W,YGR270W,0,-4.150198,0.15036113560199738,0.9160000085830688,0.5175999999046326
YDR091C,YNL253W,0,-4.1504354,0.15033644437789917,0.9160000085830688,0.5177000164985657
YHR079C-A,YKR020W,0,-4.151552,0.15031178295612335,0.9160000085830688,0.517799973487854
YIL103W,YPL274W,0,-4.151684,0.15028712153434753,0.9160000085830688,0.5178999900817871
YKL001C,YOR230W,0,-4.1517134,0.15026246011257172,0.9160000085830688,0.5180000066757202
YPL096C-A,YHR086W,0,-4.1517954,0.1502378284931183,0.9160000085830688,0.5181000232696533
YGR152C,YDR486C,0,-4.1524506,0.15021318197250366,0.9160000085830688,0.5181999802589417
YDR256C,YDR335W,0,-4.153139,0.15018855035305023,0.9160000085830688,0.5182999968528748
YIR004W,YOR103C,0,-4.1532326,0.150163933634758,0.9160000085830688,0.5184000134468079
YNL333W,YDR341C,0,-4.1534233,0.15013931691646576,0.9160000085830688,0.5184999704360962
YOR388C,YOR373W,0,-4.1541014,0.15011471509933472,0.9160000085830688,0.5185999870300293
YLL024C,YIL173W,0,-4.154155,0.15009011328220367,0.9160000085830688,0.5187000036239624
YHR171W,YNL049C,0,-4.154809,0.15006552636623383,0.9160000085830688,0.5188000202178955
YNL080C,YOR187W,0,-4.1549387,0.15004095435142517,0.9160000085830688,0.5188999772071838
YDR435C,YKR089C,0,-4.1553087,0.15001638233661652,0.9160000085830688,0.5189999938011169
YJR147W,YJR050W,0,-4.1556406,0.14999181032180786,0.9160000085830688,0.51910001039505
YDL003W,YNL264C,0,-4.155733,0.1499672532081604,0.9160000085830688,0.5192000269889832
YPL051W,YOR085W,0,-4.1557674,0.14994271099567413,0.9160000085830688,0.5192999839782715
YJR155W,YHR007C,0,-4.1561813,0.14991816878318787,0.9160000085830688,0.5194000005722046
YJL071W,YNL207W,0,-4.156432,0.1498936414718628,0.9160000085830688,0.5195000171661377
YOR381W,YDR235W,0,-4.1565437,0.14986911416053772,0.9160000085830688,0.519599974155426
YML099C,YDL060W,0,-4.15656,0.14984458684921265,0.9160000085830688,0.5196999907493591
YBR129C,YML047C,0,-4.156582,0.14982008934020996,0.9160000085830688,0.5198000073432922
YKL001C,YBL102W,0,-4.1566944,0.14979559183120728,0.9160000085830688,0.5199000239372253
YJR155W,YCR063W,0,-4.1566963,0.1497710943222046,0.9160000085830688,0.5199999809265137
YKL152C,YDR488C,0,-4.1569023,0.1497466117143631,0.9160000085830688,0.5200999975204468
YMR150C,YJL116C,0,-4.157132,0.1497221291065216,0.9160000085830688,0.5202000141143799
YCL025C,YPR108W,0,-4.157696,0.1496976613998413,0.9160000085830688,0.5202999711036682
YNL072W,YJR110W,0,-4.1579237,0.1496732085943222,0.9160000085830688,0.5203999876976013
YOL086C,YLR318W,0,-4.1586857,0.1496487557888031,0.9160000085830688,0.5205000042915344
YPL026C,YLR466W,0,-4.1588306,0.149624302983284,0.9160000085830688,0.5206000208854675
YIR004W,YLL006W,0,-4.1593285,0.1495998650789261,0.9160000085830688,0.5206999778747559
YGR288W,YMR183C,0,-4.1599693,0.14957544207572937,0.9160000085830688,0.520799994468689
YJL025W,YDR120C,0,-4.160631,0.14955101907253265,0.9160000085830688,0.5209000110626221
YAL009W,YOL097C,0,-4.16064,0.14952661097049713,0.9160000085830688,0.5210000276565552
YMR275C,YJR139C,0,-4.161295,0.1495022028684616,0.9160000085830688,0.5210999846458435
YEL063C,YCR039C,0,-4.161483,0.14947780966758728,0.9160000085830688,0.5212000012397766
YJL140W,YOL142W,0,-4.161721,0.14945341646671295,0.9160000085830688,0.5213000178337097
YJR002W,YER005W,0,-4.1619883,0.14942903816699982,0.9160000085830688,0.521399974822998
YEL037C,YMR243C,0,-4.162113,0.14940465986728668,0.9160000085830688,0.5214999914169312
YDR022C,YNR052C,0,-4.1624317,0.14938029646873474,0.9160000085830688,0.5216000080108643
YKL002W,YKL008C,0,-4.162778,0.149355947971344,0.9160000085830688,0.5217000246047974
YER095W,YHR070W,0,-4.1631126,0.14933159947395325,0.9160000085830688,0.5217999815940857
YNL135C,YBR089C-A,1,-4.1632032,0.149470254778862,0.9169999957084656,0.5217999815940857
YPR111W,YLR466W,0,-4.1632977,0.14944589138031006,0.9169999957084656,0.5218999981880188
YPL212C,YKL113C,0,-4.1633034,0.1494215428829193,0.9169999957084656,0.5220000147819519
YHR019C,YGL033W,0,-4.1635647,0.14939719438552856,0.9169999957084656,0.5220999717712402
YLR438C-A,YDR078C,0,-4.1638546,0.149372860789299,0.9169999957084656,0.5221999883651733
YJR074W,YGR118W,0,-4.1638575,0.14934852719306946,0.9169999957084656,0.5223000049591064
YPL178W,YHR060W,0,-4.1640005,0.1493242084980011,0.9169999957084656,0.5224000215530396
YJL166W,YBR080C,0,-4.1641035,0.14929990470409393,0.9169999957084656,0.5224999785423279
YBR068C,YDR314C,0,-4.1646986,0.14927560091018677,0.9169999957084656,0.522599995136261
YOR150W,YDL040C,0,-4.1647654,0.1492512971162796,0.9169999957084656,0.5227000117301941
YER126C,YDR362C,0,-4.164957,0.14922700822353363,0.9169999957084656,0.5228000283241272
YJL145W,YHR050W,0,-4.1650457,0.14920273423194885,0.9169999957084656,0.5228999853134155
YDL170W,YEL002C,0,-4.165476,0.14917846024036407,0.9169999957084656,0.5230000019073486
YLR110C,YOR351C,0,-4.165756,0.1491542011499405,0.9169999957084656,0.5231000185012817
YDL045C,YOR181W,0,-4.165859,0.1491299420595169,0.9169999957084656,0.5231999754905701
YGR288W,YCL043C,0,-4.1659737,0.14910569787025452,0.9169999957084656,0.5232999920845032
YOR099W,YDR129C,0,-4.166419,0.14908145368099213,0.9169999957084656,0.5234000086784363
YER052C,YCL044C,0,-4.166606,0.14905722439289093,0.9169999957084656,0.5235000252723694
YKL005C,YMR296C,0,-4.166812,0.14903299510478973,0.9169999957084656,0.5235999822616577
YNR027W,YML014W,0,-4.1671476,0.14900878071784973,0.9169999957084656,0.5236999988555908
YGL032C,YDR276C,0,-4.167288,0.14898456633090973,0.9169999957084656,0.5238000154495239
YJL042W,YLL040C,0,-4.1673822,0.14896036684513092,0.9169999957084656,0.5238999724388123
YML110C,YOR267C,0,-4.1676884,0.1489361673593521,0.9169999957084656,0.5239999890327454
YIL103W,YCR009C,0,-4.168455,0.1489119827747345,0.9169999957084656,0.5241000056266785
YOR002W,YMR199W,0,-4.1685095,0.14888781309127808,0.9169999957084656,0.5242000222206116
YOR030W,YJL214W,0,-4.1685877,0.14886364340782166,0.9169999957084656,0.5242999792098999
YDR339C,YBR265W,0,-4.1686516,0.14883947372436523,0.9169999957084656,0.524399995803833
YGR086C,YOR353C,0,-4.168915,0.14881531894207,0.9169999957084656,0.5245000123977661
YNL055C,YKR014C,0,-4.1692286,0.14879117906093597,0.9169999957084656,0.5246000289916992
YER164W,YMR127C,1,-4.1693125,0.14892926812171936,0.9179999828338623,0.5246000289916992
YOR140W,YPL063W,0,-4.1696405,0.14890511333942413,0.9179999828338623,0.5246999859809875
YIR010W,YLR086W,0,-4.169736,0.1488809585571289,0.9179999828338623,0.5248000025749207
YER119C,YNL317W,0,-4.1698904,0.14885681867599487,0.9179999828338623,0.5249000191688538
YOR122C,YDR427W,0,-4.1700077,0.14883267879486084,0.9179999828338623,0.5249999761581421
YDR005C,YOR344C,0,-4.17054,0.148808553814888,0.9179999828338623,0.5250999927520752
YNL156C,YDR255C,0,-4.170638,0.14878444373607635,0.9179999828338623,0.5252000093460083
YDL232W,YLR447C,0,-4.1706696,0.1487603336572647,0.9179999828338623,0.5253000259399414
YDR190C,YMR127C,1,-4.1709642,0.14889824390411377,0.9190000295639038,0.5253000259399414
YDR009W,YKL188C,0,-4.171026,0.14887413382530212,0.9190000295639038,0.5253999829292297
YOL016C,YGL168W,0,-4.1711674,0.14885000884532928,0.9190000295639038,0.5254999995231628
YGR286C,YLR433C,0,-4.1712,0.14882591366767883,0.9190000295639038,0.525600016117096
YGR086C,YIL076W,0,-4.171297,0.14880181849002838,0.9190000295639038,0.5256999731063843
YDR488C,YLR448W,0,-4.1719027,0.14877772331237793,0.9190000295639038,0.5257999897003174
YKR050W,YGR141W,0,-4.172125,0.14875364303588867,0.9190000295639038,0.5259000062942505
YBR200W,YDR256C,0,-4.1726713,0.14872956275939941,0.9190000295639038,0.5260000228881836
YNL286W,YOR173W,0,-4.172777,0.14870549738407135,0.9190000295639038,0.5260999798774719
YGL211W,YIL039W,0,-4.1730824,0.14868144690990448,0.9190000295639038,0.526199996471405
YMR207C,YDR213W,0,-4.173093,0.1486573964357376,0.9190000295639038,0.5263000130653381
YJR090C,YMR145C,0,-4.173214,0.14863334596157074,0.9190000295639038,0.5264000296592712
YNL279W,YOL125W,0,-4.1733923,0.14860931038856506,0.9190000295639038,0.5264999866485596
YMR081C,YAR031W,0,-4.1736107,0.14858528971672058,0.9190000295639038,0.5266000032424927
YBR136W,YNR049C,0,-4.1741905,0.1485612690448761,0.9190000295639038,0.5267000198364258
YNR033W,YGL043W,0,-4.1745777,0.14853724837303162,0.9190000295639038,0.5267999768257141
YNL259C,YLR320W,0,-4.1746254,0.14851325750350952,0.9190000295639038,0.5268999934196472
YKR066C,YGR133W,0,-4.1753035,0.14848925173282623,0.9190000295639038,0.5270000100135803
YDR378C,YOR047C,0,-4.175973,0.14846526086330414,0.9190000295639038,0.5271000266075134
YER013W,YLR248W,0,-4.176111,0.14844128489494324,0.9190000295639038,0.5271999835968018
YBR077C,YER041W,0,-4.176115,0.14841730892658234,0.9190000295639038,0.5273000001907349
YBR217W,YOL002C,0,-4.1761894,0.14839334785938263,0.9190000295639038,0.527400016784668
YOR085W,YJR004C,0,-4.176401,0.14836938679218292,0.9190000295639038,0.5274999737739563
YGL229C,YIL138C,0,-4.1765804,0.1483454406261444,0.9190000295639038,0.5275999903678894
YJR139C,YGR212W,0,-4.1768293,0.1483214944601059,0.9190000295639038,0.5277000069618225
YGL238W,YJL190C,0,-4.17688,0.14829756319522858,0.9190000295639038,0.5278000235557556
YKL043W,YJL012C,0,-4.1769066,0.14827363193035126,0.9190000295639038,0.527899980545044
YPL227C,YHR026W,0,-4.1770935,0.14824971556663513,0.9190000295639038,0.527999997138977
YDR225W,YPL138C,1,-4.177205,0.1483870893716812,0.9200000166893005,0.527999997138977
YML064C,YOR132W,0,-4.177617,0.1483631730079651,0.9200000166893005,0.5281000137329102
YDR062W,YOR001W,0,-4.17766,0.14833924174308777,0.9200000166893005,0.5281999707221985
YKL130C,YPL019C,0,-4.1776752,0.14831532537937164,0.9200000166893005,0.5282999873161316
YOL076W,YIL120W,0,-4.1777935,0.1482914239168167,0.9200000166893005,0.5284000039100647
YJL184W,YOR109W,0,-4.1778116,0.14826752245426178,0.9200000166893005,0.5285000205039978
YPL217C,YMR293C,0,-4.1779137,0.14824363589286804,0.9200000166893005,0.5285999774932861
YER177W,YNL294C,0,-4.1782875,0.1482197493314743,0.9200000166893005,0.5286999940872192
YBR161W,YPR190C,0,-4.1789293,0.14819587767124176,0.9200000166893005,0.5288000106811523
YCR086W,YDR488C,0,-4.178981,0.14817200601100922,0.9200000166893005,0.5289000272750854
YPL063W,YOR084W,0,-4.1791973,0.14814814925193787,0.9200000166893005,0.5289999842643738
YDR446W,YER007W,0,-4.1796246,0.14812429249286652,0.9200000166893005,0.5291000008583069
YGL205W,YDR198C,0,-4.180518,0.14810045063495636,0.9200000166893005,0.52920001745224
YMR162C,YEL004W,0,-4.180706,0.1480766087770462,0.9200000166893005,0.5292999744415283
YDL174C,YDR174W,0,-4.181244,0.14805278182029724,0.9200000166893005,0.5293999910354614
YJR131W,YLR316C,0,-4.1813087,0.14802895486354828,0.9200000166893005,0.5295000076293945
YNR019W,YDR208W,0,-4.181423,0.1480051428079605,0.9200000166893005,0.5296000242233276
YML095C,YKL108W,0,-4.181448,0.14798134565353394,0.9200000166893005,0.529699981212616
YDR446W,YBR129C,0,-4.1814528,0.14795754849910736,0.9200000166893005,0.5297999978065491
YFL039C,YDR363W,1,-4.1817093,0.1480945497751236,0.9210000038146973,0.5297999978065491
YGR257C,YLR277C,0,-4.181802,0.14807073771953583,0.9210000038146973,0.5299000144004822
YCR086W,YDR165W,0,-4.1818733,0.14804694056510925,0.9210000038146973,0.5299999713897705
YHL034C,YER160C,0,-4.1824455,0.14802314341068268,0.9210000038146973,0.5300999879837036
YMR022W,YBR275C,1,-4.1826744,0.14816005527973175,0.921999990940094,0.5300999879837036
YFL039C,YLR357W,1,-4.1829157,0.14829692244529724,0.9229999780654907,0.5300999879837036
YPL159C,YDR077W,0,-4.1844187,0.14827309548854828,0.9229999780654907,0.5302000045776367
YCR075C,YLR139C,0,-4.184723,0.1482492834329605,0.9229999780654907,0.5303000211715698
YMR080C,YDL084W,1,-4.184971,0.14838606119155884,0.9240000247955322,0.5303000211715698
YMR052W,YPR016C,0,-4.1852303,0.14836223423480988,0.9240000247955322,0.5303999781608582
YHR067W,YPL210C,0,-4.185437,0.1483384221792221,0.9240000247955322,0.5304999947547913
YOR206W,YLR119W,0,-4.1857996,0.14831461012363434,0.9240000247955322,0.5306000113487244
YML081C-A,YKL086W,0,-4.1859617,0.14829079806804657,0.9240000247955322,0.5307000279426575
YJR097W,YPR032W,0,-4.186082,0.1482670158147812,0.9240000247955322,0.5307999849319458
YMR268C,YER190W,0,-4.186165,0.14824321866035461,0.9240000247955322,0.5309000015258789
YBR077C,YDR330W,0,-4.186347,0.14821943640708923,0.9240000247955322,0.531000018119812
YPR190C,YCL054W,0,-4.1864815,0.14819566905498505,0.9240000247955322,0.5310999751091003
YER149C,YHR026W,0,-4.18653,0.14817190170288086,0.9240000247955322,0.5311999917030334
YDR331W,YMR035W,0,-4.1870575,0.14814814925193787,0.9240000247955322,0.5313000082969666
YFL005W,YGL104C,0,-4.1873665,0.14812439680099487,0.9240000247955322,0.5314000248908997
YJR153W,YOL100W,0,-4.1880484,0.14810065925121307,0.9240000247955322,0.531499981880188
YOL051W,YIR026C,0,-4.1881466,0.14807692170143127,0.9240000247955322,0.5315999984741211
YOR298C-A,YNL012W,0,-4.1897173,0.14805319905281067,0.9240000247955322,0.5317000150680542
YGL047W,YER177W,0,-4.1899652,0.14802947640419006,0.9240000247955322,0.5317999720573425
YLR110C,YOR224C,0,-4.190135,0.14800576865673065,0.9240000247955322,0.5318999886512756
YKL149C,YOR003W,0,-4.1902046,0.14798206090927124,0.9240000247955322,0.5320000052452087
YGR037C,YOR095C,0,-4.190216,0.14795836806297302,0.9240000247955322,0.5321000218391418
YBL047C,YNL099C,0,-4.1905584,0.1479346752166748,0.9240000247955322,0.5321999788284302
YGL084C,YML031W,0,-4.191372,0.14791099727153778,0.9240000247955322,0.5322999954223633
YFL024C,YMR022W,1,-4.191408,0.14804737269878387,0.925000011920929,0.5322999954223633
YKL026C,YOR130C,0,-4.191678,0.14802367985248566,0.925000011920929,0.5324000120162964
YPL119C,YJR141W,0,-4.191766,0.14800000190734863,0.925000011920929,0.5325000286102295
YNR033W,YIL125W,0,-4.1918955,0.1479763239622116,0.925000011920929,0.5325999855995178
YMR314W,YJR135W-A,0,-4.1920834,0.14795266091823578,0.925000011920929,0.5327000021934509
YNL145W,YLR362W,0,-4.1924286,0.14792899787425995,0.925000011920929,0.532800018787384
YOL130W,YHR124W,0,-4.1926775,0.14790533483028412,0.925000011920929,0.5328999757766724
YBL022C,YOR216C,0,-4.192913,0.14788170158863068,0.925000011920929,0.5329999923706055
YNR057C,YNL106C,0,-4.1930056,0.14785805344581604,0.925000011920929,0.5331000089645386
YKL139W,YBL061C,0,-4.1934967,0.1478344202041626,0.925000011920929,0.5332000255584717
YKL110C,YOL115W,0,-4.1935263,0.14781080186367035,0.925000011920929,0.53329998254776
YMR049C,YOR127W,0,-4.1935406,0.1477871835231781,0.925000011920929,0.5333999991416931
YER143W,YKR038C,0,-4.1937065,0.14776358008384705,0.925000011920929,0.5335000157356262
YGL092W,YLR426W,0,-4.1942635,0.147739976644516,0.925000011920929,0.5335999727249146
YOL071W,YKR025W,0,-4.194522,0.14771638810634613,0.925000011920929,0.5336999893188477
YFL029C,YHR143W-A,0,-4.1947517,0.14769279956817627,0.925000011920929,0.5338000059127808
YLR401C,YKL182W,0,-4.195017,0.1476692259311676,0.925000011920929,0.5339000225067139
YNL004W,YBR035C,0,-4.1953583,0.14764565229415894,0.925000011920929,0.5339999794960022
YPL267W,YKL099C,0,-4.195492,0.14762209355831146,0.925000011920929,0.5340999960899353
YNL139C,YPR190C,0,-4.195775,0.147598534822464,0.925000011920929,0.5342000126838684
YMR281W,YDL051W,0,-4.1959457,0.1475749909877777,0.925000011920929,0.5343000292778015
YBR200W,YLR126C,0,-4.1963587,0.14755144715309143,0.925000011920929,0.5343999862670898
YBR111W-A,YER100W,0,-4.196415,0.14752790331840515,0.925000011920929,0.534500002861023
YPR105C,YML008C,0,-4.1965666,0.14750438928604126,0.925000011920929,0.534600019454956
YKL055C,YJR021C,0,-4.196703,0.14748086035251617,0.925000011920929,0.5346999764442444
YPR108W,YJL190C,0,-4.196851,0.14745736122131348,0.925000011920929,0.5347999930381775
YCR010C,YKR076W,0,-4.1968794,0.14743384718894958,0.925000011920929,0.5349000096321106
YEL053C,YKL214C,0,-4.196946,0.14741036295890808,0.925000011920929,0.5350000262260437
YGL070C,YDR164C,0,-4.197093,0.14738686382770538,0.925000011920929,0.535099983215332
YDR077W,YPL007C,0,-4.197253,0.14736339449882507,0.925000011920929,0.5351999998092651
YNR075W,YIR012W,0,-4.19759,0.14733991026878357,0.925000011920929,0.5353000164031982
YBL085W,YDR435C,0,-4.1978054,0.14731645584106445,0.925000011920929,0.5353999733924866
YOR288C,YHR023W,0,-4.199175,0.14729298651218414,0.925000011920929,0.5354999899864197
YJL167W,YDL128W,0,-4.199298,0.14726954698562622,0.925000011920929,0.5356000065803528
YBR214W,YER008C,0,-4.20006,0.1472460925579071,0.925000011920929,0.5357000231742859
YIL140W,YDR443C,0,-4.200094,0.14722266793251038,0.925000011920929,0.5357999801635742
YHR056C,YNL246W,1,-4.2001333,0.14735837280750275,0.9259999990463257,0.5357999801635742
YML110C,YER165W,0,-4.200387,0.14733491837978363,0.9259999990463257,0.5358999967575073
YHR086W,YGR099W,0,-4.2007113,0.1473114788532257,0.9259999990463257,0.5360000133514404
YLR002C,YNL163C,0,-4.200824,0.14728805422782898,0.9259999990463257,0.5360999703407288
YHR098C,YNR015W,0,-4.2009764,0.14726462960243225,0.9259999990463257,0.5361999869346619
YPR190C,YDR394W,0,-4.201152,0.14724121987819672,0.9259999990463257,0.536300003528595
YNR030W,YLR106C,0,-4.201214,0.14721781015396118,0.9259999990463257,0.5364000201225281
YOR288C,YGR258C,0,-4.2012777,0.14719440042972565,0.9259999990463257,0.5364999771118164
YJL058C,YLR090W,0,-4.201332,0.1471710056066513,0.9259999990463257,0.5365999937057495
YPL137C,YOR305W,0,-4.2018375,0.14714762568473816,0.9259999990463257,0.5367000102996826
YPR187W,YGR181W,0,-4.202138,0.147124245762825,0.9259999990463257,0.5368000268936157
YGR199W,YCR083W,0,-4.2025166,0.14710088074207306,0.9259999990463257,0.536899983882904
YKL007W,YMR192W,0,-4.2028303,0.1470775157213211,0.9259999990463257,0.5370000004768372
YNL014W,YGL211W,0,-4.2031574,0.14705415070056915,0.9259999990463257,0.5371000170707703
YGL187C,YOR322C,0,-4.2034597,0.1470308005809784,0.9259999990463257,0.5371999740600586
YOR045W,YML029W,0,-4.2035065,0.14700746536254883,0.9259999990463257,0.5372999906539917
YFL013C,YGR063C,1,-4.2038765,0.14714285731315613,0.9269999861717224,0.5372999906539917
YFL010W-A,YPL069C,0,-4.203888,0.14711950719356537,0.9269999861717224,0.5374000072479248
YHL040C,YKL028W,0,-4.2042093,0.1470961570739746,0.9269999861717224,0.5375000238418579
YGR048W,YGL095C,0,-4.2043076,0.14707282185554504,0.9269999861717224,0.5375999808311462
YGL240W,YDR202C,0,-4.2051086,0.14704948663711548,0.9269999861717224,0.5376999974250793
YPR138C,YBR276C,0,-4.2052145,0.1470261663198471,0.9269999861717224,0.5378000140190125
YOL139C,YGL255W,0,-4.2052727,0.14700286090373993,0.9269999861717224,0.5378999710083008
YPL012W,YPR055W,0,-4.2059116,0.14697954058647156,0.9269999861717224,0.5379999876022339
YPR020W,YDR407C,0,-4.20595,0.14695625007152557,0.9269999861717224,0.538100004196167
YGL021W,YGL033W,0,-4.2061872,0.1469329595565796,0.9269999861717224,0.5382000207901001
YLL027W,YAL001C,0,-4.206813,0.1469096690416336,0.9269999861717224,0.5382999777793884
YFL034C-B,YHR023W,0,-4.2072067,0.14688639342784882,0.9269999861717224,0.5383999943733215
YBL040C,YGR158C,0,-4.207491,0.14686311781406403,0.9269999861717224,0.5385000109672546
YCR048W,YGL225W,0,-4.207794,0.14683985710144043,0.9269999861717224,0.5386000275611877
YDR211W,YNL075W,0,-4.2082224,0.14681659638881683,0.9269999861717224,0.5386999845504761
YLR401C,YJR043C,0,-4.208705,0.14679335057735443,0.9269999861717224,0.5388000011444092
YOR113W,YKL074C,0,-4.2088366,0.14677010476589203,0.9269999861717224,0.5389000177383423
YGR103W,YKR028W,0,-4.209057,0.14674687385559082,0.9269999861717224,0.5389999747276306
YML077W,YHR065C,0,-4.2092476,0.1467236429452896,0.9269999861717224,0.5390999913215637
YDR255C,YGR251W,0,-4.209264,0.1467004269361496,0.9269999861717224,0.5392000079154968
YPL200W,YER154W,0,-4.209529,0.14667721092700958,0.9269999861717224,0.5393000245094299
YLR116W,YGR181W,0,-4.2099333,0.14665400981903076,0.9269999861717224,0.5393999814987183
YKL057C,YJR049C,0,-4.2106504,0.14663080871105194,0.9269999861717224,0.5394999980926514
YIL014W,YLR313C,0,-4.210778,0.14660762250423431,0.9269999861717224,0.5396000146865845
YKL138C-A,YJL001W,0,-4.2112045,0.1465844362974167,0.9269999861717224,0.5396999716758728
YKL051W,YJL192C,0,-4.211792,0.14656126499176025,0.9269999861717224,0.5397999882698059
YPR111W,YJL184W,0,-4.2118587,0.14653809368610382,0.9269999861717224,0.539900004863739
YKL001C,YJL138C,0,-4.2119665,0.14651493728160858,0.9269999861717224,0.5400000214576721
YOR349W,YDR435C,0,-4.212062,0.14649178087711334,0.9269999861717224,0.5400999784469604
YKL007W,YPL203W,0,-4.2122784,0.1464686393737793,0.9269999861717224,0.5401999950408936
YMR043W,YOL104C,0,-4.212332,0.14644549787044525,0.9269999861717224,0.5403000116348267
YML112W,YJL042W,0,-4.212455,0.1464223712682724,0.9269999861717224,0.5404000282287598
YER127W,YPL175W,0,-4.2127285,0.14639924466609955,0.9269999861717224,0.5404999852180481
YGL216W,YMR008C,0,-4.212762,0.1463761180639267,0.9269999861717224,0.5406000018119812
YLR023C,YAL001C,0,-4.2130823,0.14635302126407623,0.9269999861717224,0.5407000184059143
YJL098W,YGL207W,0,-4.2134438,0.14632990956306458,0.9269999861717224,0.5407999753952026
YGR028W,YOR253W,0,-4.2139053,0.1463068127632141,0.9269999861717224,0.5408999919891357
YNL161W,YJL210W,0,-4.2142553,0.14628373086452484,0.9269999861717224,0.5410000085830688
YER087C-B,YLR193C,0,-4.2143707,0.14626064896583557,0.9269999861717224,0.541100025177002
YML059C,YCL054W,0,-4.214987,0.1462375819683075,0.9269999861717224,0.5411999821662903
YKR067W,YOL067C,0,-4.2153482,0.14621451497077942,0.9269999861717224,0.5412999987602234
YDL137W,YBR213W,0,-4.216095,0.14619144797325134,0.9269999861717224,0.5414000153541565
YBR201W,YNL304W,0,-4.2162533,0.14616839587688446,0.9269999861717224,0.5414999723434448
YCR010C,YDR135C,0,-4.216256,0.14614535868167877,0.9269999861717224,0.5415999889373779
YCL008C,YGL169W,0,-4.2167616,0.14612232148647308,0.9269999861717224,0.541700005531311
YKL152C,YOR367W,0,-4.216901,0.1460992842912674,0.9269999861717224,0.5418000221252441
YDR298C,YER020W,0,-4.216939,0.1460762619972229,0.9269999861717224,0.5418999791145325
YNL214W,YCL063W,0,-4.2169905,0.1460532546043396,0.9269999861717224,0.5419999957084656
YMR065W,YJR103W,0,-4.2170353,0.1460302472114563,0.9269999861717224,0.5421000123023987
YDR062W,YJR160C,0,-4.2171345,0.146007239818573,0.9269999861717224,0.5422000288963318
YLR175W,YNL287W,0,-4.2175865,0.1459842473268509,0.9269999861717224,0.5422999858856201
YMR255W,YGR044C,0,-4.2177677,0.14596126973628998,0.9269999861717224,0.5424000024795532
YDL036C,YLR448W,0,-4.217825,0.14593829214572906,0.9269999861717224,0.5425000190734863
YNL192W,YGR010W,0,-4.218416,0.14591531455516815,0.9269999861717224,0.5425999760627747
YNL094W,YMR213W,0,-4.2184734,0.14589235186576843,0.9269999861717224,0.5426999926567078
YNL016W,YEL051W,0,-4.2187643,0.1458693891763687,0.9269999861717224,0.5428000092506409
YOR018W,YGL135W,0,-4.2187834,0.1458464413881302,0.9269999861717224,0.542900025844574
YDR298C,YPR055W,0,-4.2188187,0.14582350850105286,0.9269999861717224,0.5429999828338623
YJL092W,YGR268C,0,-4.2190676,0.14580056071281433,0.9269999861717224,0.5430999994277954
YPL132W,YCR027C,0,-4.2200775,0.1457776427268982,0.9269999861717224,0.5432000160217285
YGR254W,YLR346C,0,-4.220278,0.14575470983982086,0.9269999861717224,0.5432999730110168
YGR101W,YLR248W,0,-4.2203226,0.14573180675506592,0.9269999861717224,0.54339998960495
YPR201W,YGR010W,0,-4.2203445,0.14570890367031097,0.9269999861717224,0.5435000061988831
YKL120W,YNR015W,0,-4.2207193,0.14568600058555603,0.9269999861717224,0.5436000227928162
YGR280C,YGL022W,0,-4.220826,0.14566311240196228,0.9269999861717224,0.5436999797821045
YER114C,YKL143W,0,-4.2212477,0.14564022421836853,0.9269999861717224,0.5437999963760376
YAR002C-A,YKL120W,0,-4.2212934,0.14561733603477478,0.9269999861717224,0.5439000129699707
YOR047C,YPL087W,0,-4.221485,0.14559447765350342,0.9269999861717224,0.5440000295639038
YDR025W,YML028W,0,-4.2219286,0.14557160437107086,0.9269999861717224,0.5440999865531921
YLL018C-A,YML104C,0,-4.2221785,0.1455487459897995,0.9269999861717224,0.5442000031471252
YGR006W,YGR180C,0,-4.2225876,0.14552590250968933,0.9269999861717224,0.5443000197410583
YDR377W,YHR001W,0,-4.222826,0.14550305902957916,0.9269999861717224,0.5443999767303467
YOR377W,YCR065W,0,-4.2230825,0.1454802304506302,0.9269999861717224,0.5444999933242798
YMR216C,YCL005W-A,0,-4.2237415,0.1454574018716812,0.9269999861717224,0.5446000099182129
YPR001W,YGL004C,0,-4.224121,0.14543457329273224,0.9269999861717224,0.544700026512146
YHR133C,YOR132W,0,-4.2241707,0.14541175961494446,0.9269999861717224,0.5447999835014343
YBL085W,YJL063C,0,-4.224448,0.14538896083831787,0.9269999861717224,0.5449000000953674
YDL102W,YPR051W,0,-4.224886,0.14536616206169128,0.9269999861717224,0.5450000166893005
YPR001W,YLR045C,0,-4.2251062,0.1453433632850647,0.9269999861717224,0.5450999736785889
YGR204W,YIL021W,0,-4.2257175,0.1453205794095993,0.9269999861717224,0.545199990272522
YFL056C,YOR270C,0,-4.2263317,0.1452978104352951,0.9269999861717224,0.5453000068664551
YMR137C,YKL148C,0,-4.2268286,0.1452750414609909,0.9269999861717224,0.5454000234603882
YDR054C,YHR048W,0,-4.2274837,0.1452522724866867,0.9269999861717224,0.5454999804496765
YDR208W,YOL091W,0,-4.2281895,0.1452295184135437,0.9269999861717224,0.5455999970436096
YHL038C,YDL130W,0,-4.2282085,0.1452067643404007,0.9269999861717224,0.5457000136375427
YHR067W,YNL156C,0,-4.228649,0.14518402516841888,0.9269999861717224,0.545799970626831
YOR026W,YAL017W,0,-4.2288485,0.14516128599643707,0.9269999861717224,0.5458999872207642
YDR212W,YBR118W,0,-4.229226,0.14513856172561646,0.9269999861717224,0.5460000038146973
YFL024C,YIL084C,1,-4.2302675,0.1452723890542984,0.9279999732971191,0.5460000038146973
YHR036W,YPL152W,0,-4.2308264,0.1452496498823166,0.9279999732971191,0.5461000204086304
YDR251W,YLR324W,0,-4.2311077,0.14522691071033478,0.9279999732971191,0.5461999773979187
YCR083W,YNR048W,0,-4.2311487,0.14520418643951416,0.9279999732971191,0.5462999939918518
YMR053C,YLR272C,1,-4.2314987,0.14533792436122894,0.9290000200271606,0.5462999939918518
YGR225W,YDL145C,0,-4.231658,0.14531518518924713,0.9290000200271606,0.5464000105857849
YNL259C,YNL334C,0,-4.231861,0.1452924609184265,0.9290000200271606,0.546500027179718
YPL133C,YGR211W,0,-4.232093,0.1452697366476059,0.9290000200271606,0.5465999841690063
YER053C,YOL122C,0,-4.232271,0.14524702727794647,0.9290000200271606,0.5467000007629395
YGR152C,YIR018W,0,-4.2323017,0.14522431790828705,0.9290000200271606,0.5468000173568726
YAL031C,YOL076W,0,-4.2328033,0.14520162343978882,0.9290000200271606,0.5468999743461609
YOR349W,YDR235W,0,-4.233412,0.1451789289712906,0.9290000200271606,0.546999990940094
YBR286W,YBR185C,0,-4.2339687,0.14515624940395355,0.9290000200271606,0.5471000075340271
YPL271W,YHL011C,0,-4.23425,0.14513356983661652,0.9290000200271606,0.5472000241279602
YLR088W,YIL125W,0,-4.234501,0.14511090517044067,0.9290000200271606,0.5472999811172485
YMR153W,YOR122C,0,-4.2346563,0.14508824050426483,0.9290000200271606,0.5473999977111816
YJL094C,YGL183C,0,-4.2346697,0.14506559073925018,0.9290000200271606,0.5475000143051147
YOR250C,YER040W,0,-4.236429,0.14504294097423553,0.9290000200271606,0.5475999712944031
YCL026C-A,YJL165C,0,-4.2366905,0.1450202912092209,0.9290000200271606,0.5476999878883362
YCR098C,YDL005C,0,-4.236701,0.14499765634536743,0.9290000200271606,0.5478000044822693
YLL018C-A,YER178W,0,-4.2370996,0.14497503638267517,0.9290000200271606,0.5479000210762024
YHR164C,YGR212W,0,-4.2373505,0.1449524164199829,0.9290000200271606,0.5479999780654907
YML031W,YDR285W,0,-4.2375746,0.14492979645729065,0.9290000200271606,0.5480999946594238
YMR225C,YGR038W,0,-4.2383423,0.14490719139575958,0.9290000200271606,0.5482000112533569
YDL174C,YLR163C,0,-4.238494,0.14488458633422852,0.9290000200271606,0.54830002784729
YLR097C,YBL057C,0,-4.238846,0.14486199617385864,0.9290000200271606,0.5483999848365784
YGL169W,YNL244C,0,-4.239128,0.14483942091464996,0.9290000200271606,0.5485000014305115
YIL062C,YBL093C,0,-4.239437,0.1448168307542801,0.9290000200271606,0.5486000180244446
YDR385W,YGL073W,0,-4.2394733,0.1447942703962326,0.9290000200271606,0.5486999750137329
YHR164C,YOL158C,0,-4.23993,0.14477169513702393,0.9290000200271606,0.548799991607666
YBR276C,YLR372W,0,-4.240307,0.14474914968013763,0.9290000200271606,0.5489000082015991
YHR091C,YLR313C,0,-4.2409105,0.14472658932209015,0.9290000200271606,0.5490000247955322
YCR057C,YPL175W,0,-4.2414274,0.14470404386520386,0.9290000200271606,0.5490999817848206
YHR072W,YNL326C,0,-4.2414494,0.14468151330947876,0.9290000200271606,0.5491999983787537
YPL055C,YBR089C-A,1,-4.2420006,0.14481469988822937,0.9300000071525574,0.5491999983787537
YOR355W,YLR025W,0,-4.242588,0.14479215443134308,0.9300000071525574,0.5493000149726868
YDR141C,YDR353W,0,-4.2425976,0.1447696089744568,0.9300000071525574,0.5493999719619751
YCL008C,YDR079C-A,0,-4.242717,0.1447470784187317,0.9300000071525574,0.5494999885559082
YDR099W,YDR443C,0,-4.242874,0.14472456276416779,0.9300000071525574,0.5496000051498413
YHR056C,YPL129W,1,-4.2429037,0.14485763013362885,0.9309999942779541,0.5496000051498413
YIR013C,YBR192W,0,-4.243045,0.14483509957790375,0.9309999942779541,0.5497000217437744
YBL082C,YCR040W,0,-4.2432823,0.14481256902217865,0.9309999942779541,0.5497999787330627
YLR401C,YCL008C,0,-4.24333,0.14479005336761475,0.9309999942779541,0.5498999953269958
YER032W,YPL135W,0,-4.243369,0.14476753771305084,0.9309999942779541,0.550000011920929
YBL045C,YAL024C,0,-4.2446756,0.14474502205848694,0.9309999942779541,0.5501000285148621
YBR132C,YDR182W,0,-4.2449827,0.14472252130508423,0.9309999942779541,0.5501999855041504
YBL040C,YGR077C,0,-4.245183,0.1447000354528427,0.9309999942779541,0.5503000020980835
YOL033W,YPR107C,0,-4.245839,0.1446775496006012,0.9309999942779541,0.5504000186920166
YHR019C,YNL231C,0,-4.246004,0.14465506374835968,0.9309999942779541,0.5504999756813049
YGR257C,YGR199W,0,-4.2460403,0.14463259279727936,0.9309999942779541,0.550599992275238
YDR009W,YOR373W,0,-4.2465496,0.14461012184619904,0.9309999942779541,0.5507000088691711
YDL192W,YOL128C,0,-4.2469893,0.1445876657962799,0.9309999942779541,0.5508000254631042
YOL147C,YHL006C,0,-4.2473993,0.14456522464752197,0.9309999942779541,0.5508999824523926
YFR024C-A,YDR388W,0,-4.2474194,0.14454276859760284,0.9309999942779541,0.5509999990463257
YMR305C,YLR362W,0,-4.247526,0.1445203423500061,0.9309999942779541,0.5511000156402588
YGR142W,YNL169C,0,-4.2480955,0.14449790120124817,0.9309999942779541,0.5511999726295471
YAL023C,YNL263C,0,-4.2487707,0.14447547495365143,0.9309999942779541,0.5512999892234802
YOR098C,YJL025W,0,-4.248907,0.14445306360721588,0.9309999942779541,0.5514000058174133
YJL167W,YGL135W,0,-4.2489967,0.14443065226078033,0.9309999942779541,0.5515000224113464
YPL106C,YCL033C,0,-4.249324,0.14440825581550598,0.9309999942779541,0.5515999794006348
YEL062W,YBR080C,0,-4.24988,0.14438585937023163,0.9309999942779541,0.5516999959945679
YGL035C,YML001W,0,-4.2499523,0.14436346292495728,0.9309999942779541,0.551800012588501
YHR171W,YJR064W,0,-4.250355,0.14434108138084412,0.9309999942779541,0.5519000291824341
YDR030C,YKL148C,0,-4.250558,0.14431871473789215,0.9309999942779541,0.5519999861717224
YDR449C,YDR532C,0,-4.250905,0.14429634809494019,0.9309999942779541,0.5521000027656555
YPR049C,YGL212W,0,-4.2510605,0.14427398145198822,0.9309999942779541,0.5522000193595886
YHR164C,YMR156C,0,-4.2517977,0.14425162971019745,0.9309999942779541,0.552299976348877
YPR187W,YNL263C,0,-4.2518826,0.14422927796840668,0.9309999942779541,0.5523999929428101
YDL198C,YMR313C,0,-4.2525063,0.1442069411277771,0.9309999942779541,0.5525000095367432
YNR016C,YGL255W,0,-4.252881,0.14418460428714752,0.9309999942779541,0.5526000261306763
YFL050C,YJL179W,0,-4.2529173,0.14416228234767914,0.9309999942779541,0.5526999831199646
YBL090W,YGR214W,0,-4.253208,0.14413996040821075,0.9309999942779541,0.5527999997138977
YBL047C,YOR084W,0,-4.2533426,0.14411765336990356,0.9309999942779541,0.5529000163078308
YKL186C,YHL022C,0,-4.2533464,0.14409534633159637,0.9309999942779541,0.5529999732971191
YCR002C,YMR308C,0,-4.2534685,0.14407303929328918,0.9309999942779541,0.5530999898910522
YER012W,YDR218C,0,-4.2539864,0.1440507471561432,0.9309999942779541,0.5532000064849854
YNL037C,YKL201C,0,-4.2540245,0.1440284699201584,0.9309999942779541,0.5533000230789185
YBR068C,YKL186C,0,-4.254382,0.14400619268417358,0.9309999942779541,0.5533999800682068
YAL058W,YDL174C,0,-4.2546577,0.14398391544818878,0.9309999942779541,0.5534999966621399
YAL056W,YOL142W,0,-4.2550735,0.14396165311336517,0.9309999942779541,0.553600013256073
YKR066C,YMR149W,0,-4.2556753,0.14393939077854156,0.9309999942779541,0.5536999702453613
YDL005C,YJL210W,0,-4.2557087,0.14391714334487915,0.9309999942779541,0.5537999868392944
YOL026C,YDR459C,0,-4.2557306,0.14389489591121674,0.9309999942779541,0.5539000034332275
YKR095W,YIL066C,0,-4.256031,0.14387266337871552,0.9309999942779541,0.5540000200271606
YLR394W,YBR171W,0,-4.2562504,0.1438504308462143,0.9309999942779541,0.554099977016449
YLR353W,YPL126W,0,-4.256502,0.14382821321487427,0.9309999942779541,0.5541999936103821
YPR065W,YKR079C,0,-4.2575684,0.14380599558353424,0.9309999942779541,0.5543000102043152
YPL026C,YOR060C,0,-4.257674,0.1437837779521942,0.9309999942779541,0.5544000267982483
YGR195W,YOR084W,0,-4.2580605,0.14376157522201538,0.9309999942779541,0.5544999837875366
YPR049C,YGR289C,0,-4.2585344,0.14373938739299774,0.9309999942779541,0.5546000003814697
YDR314C,YFL002C,0,-4.259611,0.1437171995639801,0.9309999942779541,0.5547000169754028
YDR365C,YGL195W,0,-4.260087,0.14369501173496246,0.9309999942779541,0.5547999739646912
YER177W,YJR160C,0,-4.2600956,0.14367283880710602,0.9309999942779541,0.5548999905586243
YLL006W,YJR002W,0,-4.2603855,0.14365066587924957,0.9309999942779541,0.5550000071525574
YBR210W,YML094W,0,-4.2606144,0.14362850785255432,0.9309999942779541,0.5551000237464905
YGL253W,YBR182C,0,-4.2606783,0.14360634982585907,0.9309999942779541,0.5551999807357788
YKL208W,YKL011C,0,-4.2608805,0.143584206700325,0.9309999942779541,0.5552999973297119
YBL040C,YGL089C,0,-4.2612505,0.14356206357479095,0.9309999942779541,0.555400013923645
YOR150W,YPR168W,0,-4.261525,0.1435399353504181,0.9309999942779541,0.5554999709129333
YBL022C,YPR074C,0,-4.261688,0.14351780712604523,0.9309999942779541,0.5555999875068665
YKL095W,YCL033C,0,-4.2617607,0.14349567890167236,0.9309999942779541,0.5557000041007996
YCR071C,YOR084W,0,-4.261943,0.1434735655784607,0.9309999942779541,0.5558000206947327
YDR254W,YGL035C,0,-4.261965,0.14345146715641022,0.9309999942779541,0.555899977684021
YJR150C,YOL010W,0,-4.262068,0.14342936873435974,0.9309999942779541,0.5559999942779541
YKR090W,YER162C,0,-4.2625694,0.14340727031230927,0.9309999942779541,0.5561000108718872
YFL010W-A,YPL098C,0,-4.2633,0.14338518679141998,0.9309999942779541,0.5562000274658203
YNL054W,YNL160W,0,-4.263685,0.1433631032705307,0.9309999942779541,0.5562999844551086
YBR221C,YOL129W,0,-4.263839,0.1433410346508026,0.9309999942779541,0.5564000010490417
YLR246W,YIR012W,0,-4.2639837,0.14331896603107452,0.9309999942779541,0.5565000176429749
YML129C,YKL085W,0,-4.2639866,0.14329691231250763,0.9309999942779541,0.5565999746322632
YIL110W,YKL070W,0,-4.2641573,0.14327485859394073,0.9309999942779541,0.5566999912261963
YDR473C,YHR030C,0,-4.265232,0.14325280487537384,0.9309999942779541,0.5568000078201294
YKL054C,YCR040W,0,-4.2652407,0.14323076605796814,0.9309999942779541,0.5569000244140625
YPR020W,YER074W-A,0,-4.2656612,0.14320874214172363,0.9309999942779541,0.5569999814033508
YJL002C,YDR091C,0,-4.265891,0.14318671822547913,0.9309999942779541,0.5570999979972839
YMR119W,YHR007C,0,-4.266347,0.14316469430923462,0.9309999942779541,0.557200014591217
YPR133C,YPL234C,0,-4.266426,0.1431426852941513,0.9309999942779541,0.5572999715805054
YGL253W,YKR028W,0,-4.2668247,0.143120676279068,0.9309999942779541,0.5573999881744385
YPL267W,YLR219W,0,-4.2669516,0.14309868216514587,0.9309999942779541,0.5575000047683716
YJR092W,YGR178C,0,-4.268321,0.14307668805122375,0.9309999942779541,0.5576000213623047
YGR142W,YPR155C,0,-4.268344,0.14305470883846283,0.9309999942779541,0.557699978351593
YAR002C-A,YJL047C,0,-4.2686167,0.1430327296257019,0.9309999942779541,0.5577999949455261
YNL080C,YNL334C,0,-4.2686863,0.14301075041294098,0.9309999942779541,0.5579000115394592
YGL021W,YJR139C,0,-4.2707376,0.14298878610134125,0.9309999942779541,0.5580000281333923
YOR367W,YBR171W,0,-4.2709503,0.1429668366909027,0.9309999942779541,0.5580999851226807
YGR254W,YLR069C,0,-4.2711086,0.14294487237930298,0.9309999942779541,0.5582000017166138
YKR095W-A,YDR146C,0,-4.2713957,0.14292293787002563,0.9309999942779541,0.5583000183105469
YPL061W,YPL214C,0,-4.2724075,0.1429010033607483,0.9309999942779541,0.5583999752998352
YHR142W,YPR104C,0,-4.272544,0.14287906885147095,0.9309999942779541,0.5584999918937683
YDL155W,YKL082C,0,-4.2725773,0.1428571492433548,0.9309999942779541,0.5586000084877014
YPL050C,YCR067C,0,-4.2727003,0.14283522963523865,0.9309999942779541,0.5587000250816345
YFL039C,YPR052C,1,-4.273139,0.14296671748161316,0.9319999814033508,0.5587000250816345
YOR249C,YLR095C,1,-4.2738466,0.1430981606245041,0.9330000281333923,0.5587000250816345
YKL208W,YPL190C,0,-4.274164,0.14307621121406555,0.9330000281333923,0.5587999820709229
YGL130W,YJL109C,0,-4.2741814,0.1430542767047882,0.9330000281333923,0.558899998664856
YER165W,YJR068W,0,-4.274926,0.14303234219551086,0.9330000281333923,0.5590000152587891
YCR081W,YML124C,0,-4.276067,0.14301042258739471,0.9330000281333923,0.5590999722480774
YGL178W,YML041C,1,-4.2762337,0.1431417614221573,0.9340000152587891,0.5590999722480774
YPL116W,YGL150C,1,-4.276602,0.14327305555343628,0.9350000023841858,0.5590999722480774
YJL091C,YOR087W,0,-4.2770042,0.14325110614299774,0.9350000023841858,0.5591999888420105
YJR070C,YGL158W,0,-4.277092,0.1432291716337204,0.9350000023841858,0.5593000054359436
YOR136W,YMR047C,0,-4.2771444,0.14320722222328186,0.9350000023841858,0.5594000220298767
YOR319W,YEL032W,0,-4.2776003,0.1431853026151657,0.9350000023841858,0.559499979019165
YBR093C,YMR293C,0,-4.277974,0.14316336810588837,0.9350000023841858,0.5595999956130981
YKL146W,YMR032W,0,-4.278326,0.1431414633989334,0.9350000023841858,0.5597000122070312
YFR024C-A,YPL174C,0,-4.2784767,0.14311954379081726,0.9350000023841858,0.5598000288009644
YNR057C,YGL004C,0,-4.278491,0.1430976390838623,0.9350000023841858,0.5598999857902527
YER044C,YDR238C,0,-4.2786083,0.14307574927806854,0.9350000023841858,0.5600000023841858
YGR279C,YMR095C,0,-4.278702,0.14305385947227478,0.9350000023841858,0.5601000189781189
YPR187W,YDR322C-A,0,-4.2787905,0.14303196966648102,0.9350000023841858,0.5601999759674072
YER151C,YCR061W,0,-4.2791204,0.14301009476184845,0.9350000023841858,0.5602999925613403
YDR339C,YCR018C,0,-4.279353,0.14298821985721588,0.9350000023841858,0.5604000091552734
YPL097W,YFL008W,0,-4.2798777,0.1429663598537445,0.9350000023841858,0.5605000257492065
YDR138W,YMR182C,0,-4.2804184,0.14294449985027313,0.9350000023841858,0.5605999827384949
YDR178W,YLR119W,0,-4.280694,0.14292265474796295,0.9350000023841858,0.560699999332428
YNL264C,YLR424W,0,-4.281169,0.14290080964565277,0.9350000023841858,0.5608000159263611
YFR019W,YHL034C,0,-4.2812424,0.14287897944450378,0.9350000023841858,0.5608999729156494
YER008C,YPR133C,0,-4.2813215,0.1428571492433548,0.9350000023841858,0.5609999895095825
YPR122W,YCR012W,0,-4.2816133,0.1428353190422058,0.9350000023841858,0.5611000061035156
YOR204W,YOR020C,0,-4.281618,0.14281350374221802,0.9350000023841858,0.5612000226974487
YDR384C,YGR118W,0,-4.282527,0.14279168844223022,0.9350000023841858,0.5612999796867371
YFL039C,YML065W,1,-4.2826138,0.14292258024215698,0.9359999895095825,0.5612999796867371
YDR025W,YDR393W,0,-4.283087,0.1429007649421692,0.9359999895095825,0.5613999962806702
YLR144C,YGL169W,0,-4.2831516,0.1428789496421814,0.9359999895095825,0.5615000128746033
YJR050W,YGL205W,0,-4.2833433,0.1428571492433548,0.9359999895095825,0.5616000294685364
YDL056W,YDR435C,0,-4.2835245,0.1428353488445282,0.9359999895095825,0.5616999864578247
YHR072W,YBL041W,0,-4.283531,0.1428135484457016,0.9359999895095825,0.5618000030517578
YGL020C,YNL128W,0,-4.284156,0.1427917629480362,0.9359999895095825,0.5619000196456909
YAL015C,YNR034W,0,-4.284377,0.1427699774503708,0.9359999895095825,0.5619999766349792
YBR185C,YOR274W,0,-4.2843924,0.14274820685386658,0.9359999895095825,0.5620999932289124
YDR508C,YKL058W,0,-4.2845144,0.14272643625736237,0.9359999895095825,0.5622000098228455
YDR126W,YOL125W,0,-4.2851744,0.14270468056201935,0.9359999895095825,0.5623000264167786
YPR132W,YDR322C-A,0,-4.2852154,0.14268292486667633,0.9359999895095825,0.5623999834060669
YBR020W,YHL011C,0,-4.285516,0.1426611840724945,0.9359999895095825,0.5625
YMR128W,YBR283C,0,-4.2856884,0.14263944327831268,0.9359999895095825,0.5626000165939331
YML031W,YLL011W,0,-4.285734,0.14261770248413086,0.9359999895095825,0.5626999735832214
YGL078C,YOR373W,0,-4.285803,0.14259597659111023,0.9359999895095825,0.5627999901771545
YKL049C,YIL120W,0,-4.2862453,0.1425742506980896,0.9359999895095825,0.5629000067710876
YPR042C,YJR033C,0,-4.286483,0.14255253970623016,0.9359999895095825,0.5630000233650208
YMR255W,YKL086W,0,-4.286502,0.14253082871437073,0.9359999895095825,0.5630999803543091
YCL043C,YEL031W,0,-4.286543,0.14250913262367249,0.9359999895095825,0.5631999969482422
YDR058C,YNR039C,0,-4.2872763,0.14248743653297424,0.9359999895095825,0.5633000135421753
YNR003C,YDR341C,0,-4.2874575,0.1424657553434372,0.9359999895095825,0.5633999705314636
YMR056C,YIL160C,0,-4.2881804,0.14244407415390015,0.9359999895095825,0.5634999871253967
YGL254W,YOL097C,0,-4.288189,0.1424223929643631,0.9359999895095825,0.5636000037193298
YMR036C,YNL214W,0,-4.288354,0.14240072667598724,0.9359999895095825,0.5637000203132629
YGL209W,YOR229W,0,-4.2884035,0.14237907528877258,0.9359999895095825,0.5637999773025513
YNL004W,YBL022C,0,-4.2886868,0.14235740900039673,0.9359999895095825,0.5638999938964844
YDL231C,YBR155W,0,-4.288951,0.14233577251434326,0.9359999895095825,0.5640000104904175
YDR411C,YBR123C,0,-4.2889566,0.1423141211271286,0.9359999895095825,0.5641000270843506
YLR060W,YJR021C,0,-4.2889643,0.14229248464107513,0.9359999895095825,0.5641999840736389
YML042W,YNL202W,0,-4.28926,0.14227086305618286,0.9359999895095825,0.564300000667572
YGR216C,YBR228W,0,-4.2892714,0.1422492414712906,0.9359999895095825,0.5644000172615051
YBR177C,YNL127W,0,-4.2903547,0.14222761988639832,0.9359999895095825,0.5644999742507935
YAR035W,YGL255W,0,-4.2907295,0.14220601320266724,0.9359999895095825,0.5645999908447266
YBR086C,YDR465C,0,-4.290736,0.14218442142009735,0.9359999895095825,0.5647000074386597
YDL004W,YIL110W,0,-4.290862,0.14216281473636627,0.9359999895095825,0.5648000240325928
YJL196C,YKR095W,0,-4.2910814,0.1421412229537964,0.9359999895095825,0.5648999810218811
YJR006W,YHR001W-A,0,-4.2916327,0.1421196460723877,0.9359999895095825,0.5649999976158142
YDL154W,YHR034C,0,-4.291646,0.142098069190979,0.9359999895095825,0.5651000142097473
YJL050W,YBL004W,0,-4.2925463,0.1420765072107315,0.9359999895095825,0.5651999711990356
YJL041W,YOR294W,0,-4.2926846,0.142054945230484,0.9359999895095825,0.5652999877929688
YMR208W,YLR262C,0,-4.2929144,0.1420333832502365,0.9359999895095825,0.5654000043869019
YDR481C,YHR060W,0,-4.2933617,0.1420118361711502,0.9359999895095825,0.565500020980835
YML058W-A,YER031C,0,-4.2937956,0.1419902890920639,0.9359999895095825,0.5655999779701233
YDL030W,YKR056W,0,-4.294056,0.1419687569141388,0.9359999895095825,0.5656999945640564
YLR330W,YFL036W,0,-4.2945137,0.14194722473621368,0.9359999895095825,0.5658000111579895
YEL063C,YGL238W,0,-4.295021,0.14192570745944977,0.9359999895095825,0.5659000277519226
YER183C,YDR116C,0,-4.2960663,0.14190419018268585,0.9359999895095825,0.5659999847412109
YGL135W,YOR294W,0,-4.2963953,0.14188267290592194,0.9359999895095825,0.566100001335144
YHR079C,YBR058C-A,0,-4.2965517,0.1418611705303192,0.9359999895095825,0.5662000179290771
YHR079C,YGL104C,0,-4.296982,0.1418396681547165,0.9359999895095825,0.5662999749183655
YDR254W,YGR014W,0,-4.297117,0.14181818068027496,0.9359999895095825,0.5663999915122986
YDR174W,YNL333W,0,-4.2972946,0.14179669320583344,0.9359999895095825,0.5665000081062317
YCR002C,YKL122C,0,-4.297781,0.1417752206325531,0.9359999895095825,0.5666000247001648
YPL271W,YIL114C,0,-4.298212,0.14175374805927277,0.9359999895095825,0.5666999816894531
YEL017C-A,YGL062W,0,-4.298397,0.14173229038715363,0.9359999895095825,0.5667999982833862
YJR033C,YAL016W,0,-4.298641,0.1417108178138733,0.9359999895095825,0.5669000148773193
YLR238W,YBL020W,0,-4.298768,0.14168937504291534,0.9359999895095825,0.5669999718666077
YEL037C,YDR293C,0,-4.299097,0.1416679322719574,0.9359999895095825,0.5670999884605408
YPL275W,YDR245W,0,-4.29955,0.14164648950099945,0.9359999895095825,0.5672000050544739
YCR038C,YGR123C,0,-4.299631,0.1416250616312027,0.9359999895095825,0.567300021648407
YPL053C,YFR003C,0,-4.299945,0.14160363376140594,0.9359999895095825,0.5673999786376953
YLR372W,YLR386W,0,-4.300503,0.1415822058916092,0.9359999895095825,0.5674999952316284
YBR057C,YLR126C,0,-4.3007154,0.14156079292297363,0.9359999895095825,0.5676000118255615
YOR034C,YNL251C,0,-4.3010874,0.14153939485549927,0.9359999895095825,0.5677000284194946
YPL078C,YDL150W,0,-4.301117,0.1415179967880249,0.9359999895095825,0.567799985408783
YMR296C,YMR314W,0,-4.302006,0.14149659872055054,0.9359999895095825,0.5679000020027161
YMR264W,YKL150W,0,-4.3025455,0.14147521555423737,0.9359999895095825,0.5680000185966492
YKR027W,YDL059C,0,-4.3027105,0.1414538323879242,0.9359999895095825,0.5680999755859375
YFL022C,YML043C,0,-4.3028955,0.14143246412277222,0.9359999895095825,0.5681999921798706
YDR372C,YML001W,0,-4.303398,0.14141109585762024,0.9359999895095825,0.5683000087738037
YBL015W,YLR028C,0,-4.303714,0.14138972759246826,0.9359999895095825,0.5684000253677368
YER012W,YDR091C,0,-4.3044033,0.14136837422847748,0.9359999895095825,0.5684999823570251
YOR322C,YBR117C,0,-4.304529,0.1413470208644867,0.9359999895095825,0.5685999989509583
YNL219C,YDL106C,0,-4.3047495,0.1413256824016571,0.9359999895095825,0.5687000155448914
YFL057C,YKR054C,0,-4.304762,0.14130434393882751,0.9359999895095825,0.5687999725341797
YER068W,YLR119W,0,-4.305093,0.14128302037715912,0.9359999895095825,0.5688999891281128
YDR277C,YMR216C,0,-4.3051195,0.14126169681549072,0.9359999895095825,0.5690000057220459
YKL192C,YLR005W,0,-4.3053217,0.14124037325382233,0.9359999895095825,0.569100022315979
YFR001W,YIR041W,0,-4.3058233,0.14121906459331512,0.9359999895095825,0.5691999793052673
YCR031C,YNL026W,0,-4.306076,0.14119777083396912,0.9359999895095825,0.5692999958992004
YEL027W,YLR167W,0,-4.306319,0.1411764770746231,0.9359999895095825,0.5694000124931335
YMR138W,YER082C,0,-4.3066387,0.1411551833152771,0.9359999895095825,0.5695000290870667
YBR110W,YPL012W,0,-4.306752,0.1411338895559311,0.9359999895095825,0.569599986076355
YHR187W,YDR335W,0,-4.306836,0.14111262559890747,0.9359999895095825,0.5697000026702881
YDR263C,YGR078C,0,-4.306878,0.14109134674072266,0.9359999895095825,0.5698000192642212
YKL141W,YDR240C,0,-4.3070164,0.14107008278369904,0.9359999895095825,0.5698999762535095
YGL236C,YOR275C,0,-4.3071966,0.14104881882667542,0.9359999895095825,0.5699999928474426
YDL164C,YEL034W,0,-4.307375,0.141027569770813,0.9359999895095825,0.5701000094413757
YPR049C,YGR286C,0,-4.307787,0.14100632071495056,0.9359999895095825,0.5702000260353088
YIL065C,YEL004W,0,-4.3081083,0.14098508656024933,0.9359999895095825,0.5702999830245972
YHR006W,YOL125W,0,-4.308486,0.1409638524055481,0.9359999895095825,0.5703999996185303
YBR286W,YBR218C,0,-4.308899,0.14094263315200806,0.9359999895095825,0.5705000162124634
YOL039W,YER082C,0,-4.309326,0.14092141389846802,0.9359999895095825,0.5705999732017517
YLR360W,YDR545W,0,-4.3093557,0.14090019464492798,0.9359999895095825,0.5706999897956848
YDR101C,YLR362W,0,-4.3098803,0.14087899029254913,0.9359999895095825,0.5708000063896179
YGR028W,YLR043C,0,-4.3103905,0.1408577859401703,0.9359999895095825,0.570900022983551
YGR113W,YER052C,0,-4.310481,0.14083659648895264,0.9359999895095825,0.5709999799728394
YNL329C,YPR010C,0,-4.3107634,0.14081540703773499,0.9359999895095825,0.5710999965667725
YBL102W,YLR275W,0,-4.311061,0.14079421758651733,0.9359999895095825,0.5712000131607056
YDL003W,YIL080W,0,-4.3112383,0.14077304303646088,0.9359999895095825,0.5713000297546387
YLR242C,YKL051W,0,-4.311248,0.1407518833875656,0.9359999895095825,0.571399986743927
YFL002C,YLR362W,0,-4.311408,0.14073072373867035,0.9359999895095825,0.5715000033378601
YDL004W,YNR032W,0,-4.3114824,0.14070956408977509,0.9359999895095825,0.5716000199317932
YKL186C,YGL158W,0,-4.3116465,0.14068840444087982,0.9359999895095825,0.5716999769210815
YGL044C,YNL313C,0,-4.311673,0.14066727459430695,0.9359999895095825,0.5717999935150146
YOR130C,YOL115W,0,-4.31174,0.14064612984657288,0.9359999895095825,0.5719000101089478
YHR114W,YML048W,0,-4.311903,0.140625,0.9359999895095825,0.5720000267028809
YKR097W,YGL137W,0,-4.311964,0.14060387015342712,0.9359999895095825,0.5720999836921692
YOR188W,YCR058C,0,-4.3121023,0.14058275520801544,0.9359999895095825,0.5722000002861023
YOL008W,YDR339C,0,-4.312563,0.14056164026260376,0.9359999895095825,0.5723000168800354
YDL194W,YDR395W,0,-4.3131695,0.14054054021835327,0.9359999895095825,0.5723999738693237
YLR080W,YGR257C,0,-4.313382,0.14051944017410278,0.9359999895095825,0.5724999904632568
YGL226C-A,YMR095C,0,-4.31396,0.1404983550310135,0.9359999895095825,0.5726000070571899
YOL013C,YNL304W,0,-4.3140097,0.1404772698879242,0.9359999895095825,0.572700023651123
YPR164W,YKL201C,0,-4.314392,0.1404561847448349,0.9359999895095825,0.5727999806404114
YFL003C,YDL059C,0,-4.31497,0.1404351145029068,0.9359999895095825,0.5728999972343445
YDR106W,YBL050W,0,-4.3152313,0.1404140442609787,0.9359999895095825,0.5730000138282776
YDL200C,YMR322C,0,-4.3152866,0.1403929740190506,0.9359999895095825,0.5730999708175659
YGL181W,YOR210W,0,-4.3154287,0.1403719186782837,0.9359999895095825,0.573199987411499
YDL126C,YOR045W,0,-4.315586,0.14035087823867798,0.9359999895095825,0.5733000040054321
YJR047C,YPL203W,0,-4.3160152,0.14032983779907227,0.9359999895095825,0.5734000205993652
YBR155W,YER070W,0,-4.316616,0.14030879735946655,0.9359999895095825,0.5734999775886536
YLR370C,YMR213W,0,-4.316818,0.14028777182102203,0.9359999895095825,0.5735999941825867
YAL026C,YGL158W,0,-4.31736,0.14026674628257751,0.9359999895095825,0.5737000107765198
YBL099W,YHR008C,0,-4.3176994,0.1402457356452942,0.9359999895095825,0.5738000273704529
YER107C,YHR178W,0,-4.3177185,0.14022472500801086,0.9359999895095825,0.5738999843597412
YNL023C,YCR053W,0,-4.3177786,0.14020371437072754,0.9359999895095825,0.5740000009536743
YGR225W,YLL015W,0,-4.317898,0.1401827186346054,0.9359999895095825,0.5741000175476074
YOR178C,YMR197C,0,-4.3179283,0.14016172289848328,0.9359999895095825,0.5741999745368958
YBR205W,YDR481C,0,-4.318205,0.14014074206352234,0.9359999895095825,0.5742999911308289
YCR071C,YDR388W,0,-4.318392,0.1401197612285614,0.9359999895095825,0.574400007724762
YLR284C,YKL008C,0,-4.318925,0.14009878039360046,0.9359999895095825,0.5745000243186951
YLR106C,YDL046W,0,-4.3189545,0.14007781445980072,0.9359999895095825,0.5745999813079834
YOL091W,YOR087W,0,-4.318965,0.14005686342716217,0.9359999895095825,0.5746999979019165
YJR137C,YOR142W,0,-4.319213,0.14003591239452362,0.9359999895095825,0.5748000144958496
YNL159C,YDR201W,0,-4.3192387,0.14001496136188507,0.9359999895095825,0.5748999714851379
YOR168W,YDR388W,0,-4.3192596,0.13999401032924652,0.9359999895095825,0.574999988079071
YKL086W,YBR118W,0,-4.31989,0.13997308909893036,0.9359999895095825,0.5751000046730042
YMR072W,YDR330W,0,-4.3202677,0.139952152967453,0.9359999895095825,0.5752000212669373
YAL026C,YIL009W,0,-4.32069,0.13993123173713684,0.9359999895095825,0.5752999782562256
YER065C,YLR032W,0,-4.320717,0.13991031050682068,0.9359999895095825,0.5753999948501587
YNL127W,YML061C,0,-4.321084,0.1398894041776657,0.9359999895095825,0.5755000114440918
YJR150C,YNL025C,0,-4.3211613,0.13986849784851074,0.9359999895095825,0.5756000280380249
YMR182C,YDL194W,0,-4.3214025,0.13984760642051697,0.9359999895095825,0.5756999850273132
YDR495C,YGL255W,0,-4.322114,0.1398267149925232,0.9359999895095825,0.5758000016212463
YJL050W,YDL040C,0,-4.322551,0.13980582356452942,0.9359999895095825,0.5759000182151794
YNL101W,YMR192W,0,-4.3229446,0.13978494703769684,0.9359999895095825,0.5759999752044678
YDR411C,YGR156W,0,-4.323044,0.13976407051086426,0.9359999895095825,0.5760999917984009
YHR160C,YJL204C,0,-4.323289,0.13974320888519287,0.9359999895095825,0.576200008392334
YEL056W,YCL061C,1,-4.323717,0.13987162709236145,0.9369999766349792,0.576200008392334
YGR013W,YBR058C-A,0,-4.323763,0.13985075056552887,0.9369999766349792,0.5763000249862671
YOR058C,YOR178C,0,-4.32393,0.1398298740386963,0.9369999766349792,0.5763999819755554
YDR263C,YJL085W,0,-4.324149,0.1398090124130249,0.9369999766349792,0.5764999985694885
YPR007C,YER018C,0,-4.324318,0.13978815078735352,0.9369999766349792,0.5766000151634216
YJR089W,YBR169C,0,-4.324416,0.13976730406284332,0.9369999766349792,0.57669997215271
YMR116C,YLR075W,0,-4.324705,0.13974645733833313,0.9369999766349792,0.5767999887466431
YNL271C,YBR006W,0,-4.324936,0.13972562551498413,0.9369999766349792,0.5769000053405762
YIL035C,YLR455W,0,-4.324973,0.13970477879047394,0.9369999766349792,0.5770000219345093
YER168C,YHR019C,0,-4.325183,0.13968396186828613,0.9369999766349792,0.5770999789237976
YBR294W,YLR466W,0,-4.3259993,0.13966314494609833,0.9369999766349792,0.5771999955177307
YJL102W,YDR217C,0,-4.3263254,0.13964232802391052,0.9369999766349792,0.5773000121116638
YLR401C,YOR269W,0,-4.326873,0.13962151110172272,0.9369999766349792,0.5774000287055969
YDL040C,YGR090W,0,-4.3277216,0.1396007090806961,0.9369999766349792,0.5774999856948853
YPR020W,YLR254C,0,-4.328064,0.1395799219608307,0.9369999766349792,0.5776000022888184
YOR142W,YLR130C,0,-4.328227,0.13955913484096527,0.9369999766349792,0.5777000188827515
YPR171W,YOR245C,0,-4.328904,0.13953834772109985,0.9369999766349792,0.5777999758720398
YER044C,YOL095C,0,-4.329048,0.13951757550239563,0.9369999766349792,0.5778999924659729
YGR171C,YLR022C,0,-4.3297024,0.1394968032836914,0.9369999766349792,0.578000009059906
YAL015C,YMR061W,0,-4.3299465,0.13947603106498718,0.9369999766349792,0.5781000256538391
YGR070W,YGR094W,0,-4.3301125,0.13945527374744415,0.9369999766349792,0.5781999826431274
YPL248C,YNL167C,0,-4.330166,0.13943451642990112,0.9369999766349792,0.5782999992370605
YLR433C,YPL086C,0,-4.3311443,0.1394137740135193,0.9369999766349792,0.5784000158309937
YIR008C,YGL104C,0,-4.331394,0.13939303159713745,0.9369999766349792,0.578499972820282
YOR181W,YHR069C,0,-4.331623,0.1393723040819168,0.9369999766349792,0.5785999894142151
YPR108W,YPR137W,0,-4.3318577,0.13935157656669617,0.9369999766349792,0.5787000060081482
YLR328W,YDL194W,0,-4.33208,0.13933084905147552,0.9369999766349792,0.5788000226020813
YLR186W,YOR373W,0,-4.3328075,0.13931013643741608,0.9369999766349792,0.5788999795913696
YGR081C,YKL203C,0,-4.333335,0.13928942382335663,0.9369999766349792,0.5789999961853027
YOR288C,YBR192W,0,-4.3333874,0.13926872611045837,0.9369999766349792,0.5791000127792358
YPL132W,YKR072C,0,-4.3335934,0.13924802839756012,0.9369999766349792,0.579200029373169
YOL135C,YFL059W,0,-4.3336773,0.13922734558582306,0.9369999766349792,0.5792999863624573
YJR125C,YLR309C,0,-4.3338633,0.139206662774086,0.9369999766349792,0.5794000029563904
YGR225W,YIL023C,0,-4.334011,0.13918597996234894,0.9369999766349792,0.5795000195503235
YDL166C,YOR085W,0,-4.3340597,0.13916531205177307,0.9369999766349792,0.5795999765396118
YJL031C,YBR129C,0,-4.334305,0.1391446441411972,0.9369999766349792,0.5796999931335449
YKL016C,YGL181W,0,-4.334858,0.13912397623062134,0.9369999766349792,0.579800009727478
YNL014W,YGR111W,0,-4.335062,0.13910332322120667,0.9369999766349792,0.5799000263214111
YPL187W,YDR246W,0,-4.335537,0.13908268511295319,0.9369999766349792,0.5799999833106995
YFR028C,YNL012W,0,-4.335746,0.1390620321035385,0.9369999766349792,0.5800999999046326
YDR501W,YFL045C,0,-4.33605,0.13904139399528503,0.9369999766349792,0.5802000164985657
YML014W,YOR359W,0,-4.336115,0.13902077078819275,0.9369999766349792,0.580299973487854
YDL113C,YGR279C,0,-4.33622,0.13900014758110046,0.9369999766349792,0.5803999900817871
YEL054C,YIL063C,0,-4.3362255,0.13897952437400818,0.9369999766349792,0.5805000066757202
YDL192W,YJR074W,0,-4.3363066,0.1389589160680771,0.9369999766349792,0.5806000232696533
YGL033W,YNL292W,0,-4.33634,0.1389383226633072,0.9369999766349792,0.5806999802589417
YDL200C,YPL130W,0,-4.336439,0.1389177143573761,0.9369999766349792,0.5807999968528748
YLR066W,YBR250W,0,-4.336548,0.1388971209526062,0.9369999766349792,0.5809000134468079
YOR328W,YDR238C,0,-4.3368835,0.1388765424489975,0.9369999766349792,0.5809999704360962
YMR145C,YNL248C,0,-4.337864,0.1388559639453888,0.9369999766349792,0.5810999870300293
YPL271W,YDR059C,0,-4.338073,0.1388353854417801,0.9369999766349792,0.5812000036239624
YGR286C,YNR039C,0,-4.3385468,0.13881482183933258,0.9369999766349792,0.5813000202178955
YML042W,YKL008C,0,-4.339076,0.13879425823688507,0.9369999766349792,0.5813999772071838
YPL244C,YCL075W,0,-4.3396873,0.13877369463443756,0.9369999766349792,0.5814999938011169
YFL025C,YDL230W,0,-4.339696,0.13875314593315125,0.9369999766349792,0.58160001039505
YOR371C,YPL094C,0,-4.339946,0.13873259723186493,0.9369999766349792,0.5817000269889832
YCL059C,YJL128C,0,-4.341157,0.1387120634317398,0.9369999766349792,0.5817999839782715
YBR296C,YDR435C,0,-4.3411684,0.13869152963161469,0.9369999766349792,0.5819000005722046
YOR316C,YLR045C,0,-4.3414497,0.13867101073265076,0.9369999766349792,0.5820000171661377
YKL001C,YKR095W-A,0,-4.3415318,0.13865049183368683,0.9369999766349792,0.582099974155426
YDR276C,YDL081C,0,-4.342206,0.1386299729347229,0.9369999766349792,0.5821999907493591
YGL195W,YGR152C,0,-4.342394,0.13860946893692017,0.9369999766349792,0.5823000073432922
YER044C,YNL290W,0,-4.3425274,0.13858896493911743,0.9369999766349792,0.5824000239372253
YBR213W,YPL152W,0,-4.342572,0.1385684758424759,0.9369999766349792,0.5824999809265137
YAL054C,YJL081C,1,-4.3429604,0.1386958509683609,0.9380000233650208,0.5824999809265137
YMR001C,YJL121C,0,-4.3434877,0.13867534697055817,0.9380000233650208,0.5825999975204468
YIL009W,YDL154W,0,-4.343651,0.13865484297275543,0.9380000233650208,0.5827000141143799
YLR259C,YHR001W-A,0,-4.344201,0.1386343538761139,0.9380000233650208,0.5827999711036682
YNL214W,YGL062W,0,-4.3443127,0.13861386477947235,0.9380000233650208,0.5828999876976013
YOR168W,YLR097C,0,-4.3444157,0.1385933756828308,0.9380000233650208,0.5830000042915344
YLR106C,YFL037W,0,-4.344533,0.13857290148735046,0.9380000233650208,0.5831000208854675
YDL074C,YGL178W,1,-4.3449545,0.13870014250278473,0.9390000104904175,0.5831000208854675
YFR041C,YEL009C,0,-4.345093,0.13867966830730438,0.9390000104904175,0.5831999778747559
YMR092C,YKL048C,0,-4.3453026,0.13865917921066284,0.9390000104904175,0.583299994468689
YER001W,YOR145C,0,-4.346341,0.1386387199163437,0.9390000104904175,0.5834000110626221
YGR057C,YHR030C,0,-4.346758,0.13861824572086334,0.9390000104904175,0.5835000276565552
YOR316C,YHR014W,0,-4.3467703,0.1385977864265442,0.9390000104904175,0.5835999846458435
YDR182W,YHR068W,0,-4.3469124,0.13857732713222504,0.9390000104904175,0.5837000012397766
YIL070C,YKL043W,0,-4.34746,0.13855688273906708,0.9390000104904175,0.5838000178337097
YOL049W,YNR017W,0,-4.3476095,0.13853643834590912,0.9390000104904175,0.583899974822998
YHR039C,YMR129W,0,-4.3477154,0.13851600885391235,0.9390000104904175,0.5839999914169312
YCL025C,YFR027W,0,-4.348052,0.1384955793619156,0.9390000104904175,0.5841000080108643
YGR029W,YHR070W,0,-4.3481865,0.13847514986991882,0.9390000104904175,0.5842000246047974
YKL191W,YHR074W,0,-4.348219,0.13845473527908325,0.9390000104904175,0.5842999815940857
YER083C,YGR059W,0,-4.3484144,0.13843432068824768,0.9390000104904175,0.5843999981880188
YOL021C,YKR025W,0,-4.3485146,0.1384139209985733,0.9390000104904175,0.5845000147819519
YNL159C,YNL016W,0,-4.3492117,0.13839352130889893,0.9390000104904175,0.5845999717712402
YIL106W,YCR031C,0,-4.349412,0.13837312161922455,0.9390000104904175,0.5846999883651733
YDL085W,YLR240W,0,-4.3501387,0.13835273683071136,0.9390000104904175,0.5848000049591064
YLR381W,YDR484W,0,-4.350333,0.13833235204219818,0.9390000104904175,0.5849000215530396
YHR030C,YGR270W,0,-4.350691,0.1383119821548462,0.9390000104904175,0.5849999785423279
YMR056C,YGR249W,0,-4.350951,0.1382916122674942,0.9390000104904175,0.585099995136261
YDR085C,YPL204W,0,-4.351058,0.1382712423801422,0.9390000104904175,0.5852000117301941
YKL191W,YPL127C,0,-4.351203,0.13825088739395142,0.9390000104904175,0.5853000283241272
YOR030W,YER173W,0,-4.351266,0.13823053240776062,0.9390000104904175,0.5853999853134155
YBL033C,YDR465C,0,-4.3516436,0.13821019232273102,0.9390000104904175,0.5855000019073486
YOR085W,YDR515W,0,-4.351675,0.13818985223770142,0.9390000104904175,0.5856000185012817
YOL095C,YHR204W,0,-4.351795,0.13816951215267181,0.9390000104904175,0.5856999754905701
YDR099W,YMR192W,0,-4.352234,0.1381491869688034,0.9390000104904175,0.5857999920845032
YJR105W,YBR284W,0,-4.3522453,0.138128861784935,0.9390000104904175,0.5859000086784363
YOR226C,YML047C,0,-4.352461,0.13810855150222778,0.9390000104904175,0.5860000252723694
YJR135W-A,YPL203W,0,-4.352503,0.13808824121952057,0.9390000104904175,0.5860999822616577
YGL016W,YER089C,0,-4.3526087,0.13806793093681335,0.9390000104904175,0.5861999988555908
YFL010W-A,YOL072W,0,-4.3527546,0.13804763555526733,0.9390000104904175,0.5863000154495239
YNL153C,YER028C,0,-4.3529797,0.1380273401737213,0.9390000104904175,0.5863999724388123
YIR012W,YLR003C,0,-4.3531113,0.1380070596933365,0.9390000104904175,0.5864999890327454
YGL238W,YGR180C,0,-4.3533754,0.13798677921295166,0.9390000104904175,0.5866000056266785
YKR055W,YLR197W,0,-4.3539715,0.13796649873256683,0.9390000104904175,0.5867000222206116
YGR239C,YBR240C,0,-4.3544855,0.1379462331533432,0.9390000104904175,0.5867999792098999
YNR072W,YOR153W,0,-4.3545322,0.13792596757411957,0.9390000104904175,0.586899995803833
YHR186C,YDL051W,0,-4.355543,0.13790571689605713,0.9390000104904175,0.5870000123977661
YML042W,YBR143C,0,-4.3563147,0.1378854662179947,0.9390000104904175,0.5871000289916992
YGL174W,YOR132W,0,-4.3567715,0.13786521553993225,0.9390000104904175,0.5871999859809875
YJL020C,YOR301W,0,-4.358224,0.137844979763031,0.9390000104904175,0.5873000025749207
YGR288W,YDR429C,0,-4.358984,0.13782474398612976,0.9390000104904175,0.5874000191688538
YPL119C,YIR012W,0,-4.359232,0.1378045231103897,0.9390000104904175,0.5874999761581421
YMR030W,YDR212W,0,-4.359456,0.13778430223464966,0.9390000104904175,0.5875999927520752
YOL147C,YER019C-A,0,-4.359728,0.1377640813589096,0.9390000104904175,0.5877000093460083
YGR197C,YBR294W,0,-4.360033,0.13774387538433075,0.9390000104904175,0.5878000259399414
YDR440W,YBL003C,1,-4.360298,0.13787034153938293,0.9399999976158142,0.5878000259399414
YNL031C,YMR273C,1,-4.3605347,0.13799677789211273,0.9409999847412109,0.5878000259399414
YBL057C,YLR136C,0,-4.360799,0.1379765421152115,0.9409999847412109,0.5878999829292297
YGL051W,YNR048W,0,-4.361103,0.13795630633831024,0.9409999847412109,0.5879999995231628
YOL149W,YOL093W,0,-4.3611183,0.1379360854625702,0.9409999847412109,0.588100016117096
YEL009C,YGL094C,0,-4.3613873,0.13791587948799133,0.9409999847412109,0.5881999731063843
YLR097C,YLR455W,0,-4.361408,0.13789565861225128,0.9409999847412109,0.5882999897003174
YJR046W,YDL112W,0,-4.3619175,0.13787545263767242,0.9409999847412109,0.5884000062942505
YPL241C,YDR208W,0,-4.362424,0.13785526156425476,0.9409999847412109,0.5885000228881836
YMR056C,YLR131C,0,-4.3625383,0.1378350704908371,0.9409999847412109,0.5885999798774719
YDR277C,YBR237W,0,-4.3631716,0.13781487941741943,0.9409999847412109,0.588699996471405
YNL325C,YIL016W,0,-4.3632393,0.13779470324516296,0.9409999847412109,0.5888000130653381
YIL007C,YHR124W,0,-4.363242,0.1377745270729065,0.9409999847412109,0.5889000296592712
YJL019W,YOL039W,0,-4.363263,0.13775435090065002,0.9409999847412109,0.5889999866485596
YNL230C,YPL012W,0,-4.3638487,0.13773418962955475,0.9409999847412109,0.5891000032424927
YBR073W,YIL138C,0,-4.364373,0.13771402835845947,0.9409999847412109,0.5892000198364258
YLL060C,YMR079W,0,-4.3651543,0.1376938819885254,0.9409999847412109,0.5892999768257141
YJR139C,YBL033C,0,-4.3657694,0.1376737356185913,0.9409999847412109,0.5893999934196472
YEL036C,YCL017C,0,-4.3658495,0.13765360414981842,0.9409999847412109,0.5895000100135803
YHR114W,YOL080C,0,-4.3664684,0.13763345777988434,0.9409999847412109,0.5896000266075134
YDR256C,YGL089C,0,-4.3666124,0.13761334121227264,0.9409999847412109,0.5896999835968018
YMR032W,YOL080C,0,-4.3675537,0.13759320974349976,0.9409999847412109,0.5898000001907349
YMR208W,YCR098C,0,-4.367834,0.13757309317588806,0.9409999847412109,0.589900016784668
YNL294C,YGR241C,0,-4.3691244,0.13755299150943756,0.9409999847412109,0.5899999737739563
YPL262W,YOR110W,0,-4.369296,0.13753288984298706,0.9409999847412109,0.5900999903678894
YLR002C,YIL153W,0,-4.369916,0.13751278817653656,0.9409999847412109,0.5902000069618225
YJL020C,YFR046C,0,-4.3702793,0.13749270141124725,0.9409999847412109,0.5903000235557556
YER019C-A,YDR393W,0,-4.370572,0.13747261464595795,0.9409999847412109,0.590399980545044
YDR178W,YJL129C,0,-4.370614,0.13745252788066864,0.9409999847412109,0.590499997138977
YMR008C,YNL292W,0,-4.3712196,0.13743245601654053,0.9409999847412109,0.5906000137329102
YML123C,YLR425W,0,-4.3712263,0.13741238415241241,0.9409999847412109,0.5906999707221985
YBL082C,YDR218C,0,-4.371375,0.1373923271894455,0.9409999847412109,0.5907999873161316
YPR057W,YPL266W,0,-4.3714123,0.13737225532531738,0.9409999847412109,0.5909000039100647
YER083C,YJR070C,0,-4.3720026,0.13735221326351166,0.9409999847412109,0.5910000205039978
YDR009W,YGR276C,0,-4.372487,0.13733217120170593,0.9409999847412109,0.5910999774932861
YCL055W,YOL033W,0,-4.3732452,0.1373121291399002,0.9409999847412109,0.5911999940872192
YBR177C,YDR059C,0,-4.3735924,0.13729208707809448,0.9409999847412109,0.5913000106811523
YOR178C,YHR206W,0,-4.3737,0.13727205991744995,0.9409999847412109,0.5914000272750854
YFL010W-A,YKL208W,0,-4.373951,0.1372520476579666,0.9409999847412109,0.5914999842643738
YDR375C,YLR284C,0,-4.3741446,0.13723202049732208,0.9409999847412109,0.5916000008583069
YGR280C,YOR254C,0,-4.3742485,0.13721200823783875,0.9409999847412109,0.59170001745224
YDR418W,YKL051W,0,-4.374345,0.1371920108795166,0.9409999847412109,0.5917999744415283
YDR423C,YPL159C,0,-4.3747606,0.13717201352119446,0.9409999847412109,0.5918999910354614
YDR184C,YPL256C,0,-4.3751984,0.13715201616287231,0.9409999847412109,0.5920000076293945
YJR033C,YOR305W,0,-4.37605,0.13713203370571136,0.9409999847412109,0.5921000242233276
YPR016C,YBR162C,0,-4.3761377,0.13711205124855042,0.9409999847412109,0.592199981212616
YLL019C,YOR373W,0,-4.3762856,0.13709206879138947,0.9409999847412109,0.5922999978065491
YIL033C,YGR047C,0,-4.37644,0.1370721012353897,0.9409999847412109,0.5924000144004822
YAL023C,YER104W,0,-4.3767014,0.13705213367938995,0.9409999847412109,0.5924999713897705
YNR075W,YJL125C,0,-4.377077,0.1370321810245514,0.9409999847412109,0.5925999879837036
YKL060C,YDR030C,0,-4.3771515,0.13701222836971283,0.9409999847412109,0.5927000045776367
YMR311C,YPR075C,0,-4.377161,0.13699229061603546,0.9409999847412109,0.5928000211715698
YNL128W,YNL304W,0,-4.377302,0.1369723379611969,0.9409999847412109,0.5928999781608582
YJL085W,YOR132W,0,-4.37741,0.13695241510868073,0.9409999847412109,0.5929999947547913
YBR024W,YDL130W-A,0,-4.377451,0.13693247735500336,0.9409999847412109,0.5931000113487244
YJR121W,YHR008C,0,-4.3783894,0.13691255450248718,0.9409999847412109,0.5932000279426575
YJL001W,YER095W,0,-4.3792896,0.136892631649971,0.9409999847412109,0.5932999849319458
YPR132W,YPL218W,0,-4.379327,0.13687272369861603,0.9409999847412109,0.5934000015258789
YGR156W,YDR289C,0,-4.379547,0.13685281574726105,0.9409999847412109,0.593500018119812
YGL094C,YGL053W,0,-4.379792,0.13683292269706726,0.9409999847412109,0.5935999751091003
YLR368W,YMR175W,0,-4.380125,0.13681302964687347,0.9409999847412109,0.5936999917030334
YIL014W,YOR110W,0,-4.3803177,0.1367931365966797,0.9409999847412109,0.5938000082969666
YJR006W,YOR043W,0,-4.3805265,0.1367732584476471,0.9409999847412109,0.5939000248908997
YNL101W,YJL128C,0,-4.380583,0.1367533802986145,0.9409999847412109,0.593999981880188
YJR069C,YKL086W,0,-4.3808346,0.1367335021495819,0.9409999847412109,0.5940999984741211
YKL021C,YER005W,0,-4.3809175,0.1367136389017105,0.9409999847412109,0.5942000150680542
YKR066C,YNL001W,0,-4.3811293,0.1366937756538391,0.9409999847412109,0.5942999720573425
YER127W,YOR329C,0,-4.381192,0.1366739273071289,0.9409999847412109,0.5943999886512756
YOL068C,YMR053C,1,-4.3814297,0.13679930567741394,0.9419999718666077,0.5943999886512756
YLL022C,YDL084W,1,-4.381489,0.1369246393442154,0.9430000185966492,0.5943999886512756
YDR218C,YDR322C-A,0,-4.3815346,0.1369047611951828,0.9430000185966492,0.5945000052452087
YPR134W,YAL015C,0,-4.3818636,0.1368848830461502,0.9430000185966492,0.5946000218391418
YHR068W,YDL097C,0,-4.3819685,0.1368650197982788,0.9430000185966492,0.5946999788284302
YBR161W,YCL044C,0,-4.382352,0.1368451565504074,0.9430000185966492,0.5947999954223633
YOR329C,YPR107C,0,-4.3834143,0.1368253082036972,0.9430000185966492,0.5949000120162964
YIL125W,YDR030C,0,-4.383566,0.136805459856987,0.9430000185966492,0.5950000286102295
YEL036C,YIL056W,0,-4.3835726,0.1367856115102768,0.9430000185966492,0.5950999855995178
YDR361C,YGL124C,0,-4.383643,0.13676577806472778,0.9430000185966492,0.5952000021934509
YBR290W,YBR188C,0,-4.3838367,0.13674594461917877,0.9430000185966492,0.595300018787384
YBR243C,YMR224C,0,-4.384061,0.13672611117362976,0.9430000185966492,0.5953999757766724
YPL275W,YGR264C,0,-4.3842936,0.13670629262924194,0.9430000185966492,0.5954999923706055
YGR254W,YFR052W,0,-4.3844566,0.13668647408485413,0.9430000185966492,0.5956000089645386
YPL269W,YJR019C,0,-4.3846455,0.1366666704416275,0.9430000185966492,0.5957000255584717
YAL055W,YDL043C,0,-4.3849735,0.13664686679840088,0.9430000185966492,0.59579998254776
YMR232W,YMR153W,0,-4.3850584,0.13662706315517426,0.9430000185966492,0.5958999991416931
YDR206W,YPL130W,0,-4.385234,0.13660727441310883,0.9430000185966492,0.5960000157356262
YPL096W,YOR129C,0,-4.3853025,0.1365874856710434,0.9430000185966492,0.5960999727249146
YFR041C,YJL089W,0,-4.386285,0.13656771183013916,0.9430000185966492,0.5961999893188477
YMR204C,YBR117C,0,-4.3869963,0.13654792308807373,0.9430000185966492,0.5963000059127808
YOL080C,YKL125W,0,-4.3871193,0.1365281641483307,0.9430000185966492,0.5964000225067139
YLL061W,YMR235C,0,-4.3871555,0.13650839030742645,0.9430000185966492,0.5964999794960022
YGL019W,YBR297W,0,-4.3873787,0.1364886313676834,0.9430000185966492,0.5965999960899353
YGR163W,YPR190C,0,-4.3874454,0.13646888732910156,0.9430000185966492,0.5967000126838684
YOR145C,YER100W,0,-4.387827,0.13644914329051971,0.9430000185966492,0.5968000292778015
YDR529C,YDR285W,0,-4.3878765,0.13642939925193787,0.9430000185966492,0.5968999862670898
YML129C,YNL145W,0,-4.3880796,0.1364096701145172,0.9430000185966492,0.597000002861023
YIR033W,YJL208C,0,-4.388133,0.13638992607593536,0.9430000185966492,0.597100019454956
YOR112W,YJR019C,0,-4.388254,0.1363702118396759,0.9430000185966492,0.5971999764442444
YDL055C,YDR353W,0,-4.38853,0.13635049760341644,0.9430000185966492,0.5972999930381775
YPL098C,YDL128W,0,-4.3891,0.13633078336715698,0.9430000185966492,0.5974000096321106
YJL128C,YML123C,0,-4.3892756,0.13631106913089752,0.9430000185966492,0.5975000262260437
YKL008C,YGR020C,0,-4.3894606,0.13629136979579926,0.9430000185966492,0.597599983215332
YER020W,YML097C,0,-4.389681,0.136271670460701,0.9430000185966492,0.5976999998092651
YHR031C,YLR337W,0,-4.389929,0.13625198602676392,0.9430000185966492,0.5978000164031982
YNL332W,YER082C,0,-4.390481,0.13623230159282684,0.9430000185966492,0.5978999733924866
YGL120C,YKL070W,0,-4.3905773,0.13621261715888977,0.9430000185966492,0.5979999899864197
YBR211C,YHR055C,0,-4.3912783,0.1361929476261139,0.9430000185966492,0.5981000065803528
YPR119W,YKL138C-A,0,-4.3914976,0.136173278093338,0.9430000185966492,0.5982000231742859
YPR201W,YCL029C,0,-4.392024,0.13615362346172333,0.9430000185966492,0.5982999801635742
YCR010C,YGR143W,0,-4.3923216,0.13613396883010864,0.9430000185966492,0.5983999967575073
YGR048W,YLR240W,0,-4.3924675,0.13611431419849396,0.9430000185966492,0.5985000133514404
YHR068W,YAL016W,0,-4.3928423,0.13609467446804047,0.9430000185966492,0.5985999703407288
YPL167C,YBR058C-A,0,-4.3934584,0.13607503473758698,0.9430000185966492,0.5986999869346619
YFL057C,YBR082C,0,-4.3935356,0.13605540990829468,0.9430000185966492,0.598800003528595
YGL194C,YMR236W,1,-4.393592,0.13618002831935883,0.9440000057220459,0.598800003528595
YGR159C,YNL072W,0,-4.3947735,0.13616038858890533,0.9440000057220459,0.5989000201225281
YBR243C,YLR191W,0,-4.3956985,0.13614074885845184,0.9440000057220459,0.5989999771118164
YKL182W,YBR073W,0,-4.396039,0.13612112402915955,0.9440000057220459,0.5990999937057495
YML057W,YIL017W,0,-4.396652,0.13610149919986725,0.9440000057220459,0.5992000102996826
YGR171C,YHR030C,0,-4.3969784,0.13608187437057495,0.9440000057220459,0.5993000268936157
YLR433C,YAL042W,0,-4.3972683,0.13606226444244385,0.9440000057220459,0.599399983882904
YOL164W,YOR116C,0,-4.3973303,0.13604265451431274,0.9440000057220459,0.5995000004768372
YCL038C,YBR068C,0,-4.3975687,0.13602305948734283,0.9440000057220459,0.5996000170707703
YGL191W,YCL026C-A,0,-4.398223,0.13600346446037292,0.9440000057220459,0.5996999740600586
YNL156C,YGR281W,0,-4.3989,0.13598386943340302,0.9440000057220459,0.5997999906539917
YFL029C,YHR001W-A,0,-4.399102,0.1359642744064331,0.9440000057220459,0.5999000072479248
YKR097W,YDR213W,0,-4.399678,0.1359446942806244,0.9440000057220459,0.6000000238418579
YMR192W,YOR110W,0,-4.399934,0.13592512905597687,0.9440000057220459,0.6000999808311462
YPL145C,YBR293W,0,-4.4001493,0.13590556383132935,0.9440000057220459,0.6001999974250793
YLR268W,YER072W,0,-4.400304,0.13588599860668182,0.9440000057220459,0.6003000140190125
YDL181W,YDR501W,0,-4.4003744,0.1358664333820343,0.9440000057220459,0.6003999710083008
YCL067C,YFR050C,0,-4.400505,0.13584688305854797,0.9440000057220459,0.6004999876022339
YKL160W,YDR227W,1,-4.400633,0.13597121834754944,0.9449999928474426,0.6004999876022339
YPL275W,YEL051W,0,-4.4017305,0.1359516680240631,0.9449999928474426,0.600600004196167
YPL249C,YNL163C,0,-4.402153,0.1359321027994156,0.9449999928474426,0.6007000207901001
YGR225W,YGR013W,0,-4.4026947,0.13591255247592926,0.9449999928474426,0.6007999777793884
YMR043W,YCR072C,0,-4.402993,0.13589301705360413,0.9449999928474426,0.6008999943733215
YHR067W,YJL219W,0,-4.403145,0.1358734667301178,0.9449999928474426,0.6010000109672546
YMR281W,YJL047C,0,-4.4033775,0.13585394620895386,0.9449999928474426,0.6011000275611877
YER106W,YOL010W,0,-4.403468,0.13583441078662872,0.9449999928474426,0.6011999845504761
YJL085W,YML047C,0,-4.4035263,0.13581489026546478,0.9449999928474426,0.6013000011444092
YNL002C,YBR058C,0,-4.4040318,0.13579536974430084,0.9449999928474426,0.6014000177383423
YOR351C,YGR094W,0,-4.4041224,0.1357758641242981,0.9449999928474426,0.6014999747276306
YGR239C,YML025C,0,-4.4048405,0.13575635850429535,0.9449999928474426,0.6015999913215637
YJL019W,YDL033C,0,-4.405034,0.1357368528842926,0.9449999928474426,0.6017000079154968
YER108C,YER094C,0,-4.4057055,0.13571736216545105,0.9449999928474426,0.6018000245094299
YDR037W,YDL194W,0,-4.406229,0.1356978714466095,0.9449999928474426,0.6018999814987183
YPL178W,YEL050C,0,-4.406316,0.13567839562892914,0.9449999928474426,0.6019999980926514
YMR035W,YEL050C,0,-4.4064493,0.13565891981124878,0.9449999928474426,0.6021000146865845
YBR035C,YPR139C,0,-4.406452,0.13563944399356842,0.9449999928474426,0.6021999716758728
YOR347C,YOR308C,0,-4.406639,0.13561998307704926,0.9449999928474426,0.6022999882698059
YFR024C-A,YAL010C,0,-4.407035,0.1356005221605301,0.9449999928474426,0.602400004863739
YCR073W-A,YGR211W,0,-4.407138,0.13558106124401093,0.9449999928474426,0.6025000214576721
YIL009W,YGR048W,0,-4.407958,0.13556161522865295,0.9449999928474426,0.6025999784469604
YFL025C,YHL022C,0,-4.4084244,0.13554216921329498,0.9449999928474426,0.6026999950408936
YPL060W,YJR156C,0,-4.4085646,0.135522723197937,0.9449999928474426,0.6028000116348267
YJR126C,YNL247W,0,-4.4086447,0.13550329208374023,0.9449999928474426,0.6029000282287598
YPL135W,YHR143W-A,0,-4.4087257,0.13548387587070465,0.9449999928474426,0.6029999852180481
YCR067C,YKL006C-A,0,-4.4087887,0.13546444475650787,0.9449999928474426,0.6031000018119812
YDR320C-A,YPL012W,0,-4.4088373,0.1354450285434723,0.9449999928474426,0.6032000184059143
YGR180C,YLR055C,0,-4.4088545,0.1354256272315979,0.9449999928474426,0.6032999753952026
YCL035C,YOR073W,0,-4.409032,0.1354062259197235,0.9449999928474426,0.6033999919891357
YOR168W,YMR045C,0,-4.409342,0.13538682460784912,0.9449999928474426,0.6035000085830688
YPL100W,YMR192W,0,-4.409343,0.13536742329597473,0.9449999928474426,0.603600025177002
YGL191W,YGR054W,0,-4.4094963,0.13534803688526154,0.9449999928474426,0.6036999821662903
YPL059W,YBR130C,0,-4.410099,0.13532865047454834,0.9449999928474426,0.6037999987602234
YNL329C,YNL294C,0,-4.410429,0.13530927896499634,0.9449999928474426,0.6039000153541565
YPL266W,YAR042W,0,-4.4106445,0.13528990745544434,0.9449999928474426,0.6039999723434448
YGL021W,YKR003W,0,-4.4110537,0.13527053594589233,0.9449999928474426,0.6040999889373779
YJL012C,YDL109C,0,-4.4112415,0.13525117933750153,0.9449999928474426,0.604200005531311
YBR118W,YJL048C,0,-4.411601,0.13523182272911072,0.9449999928474426,0.6043000221252441
YGL206C,YDL112W,0,-4.411639,0.1352124810218811,0.9449999928474426,0.6043999791145325
YER044C-A,YMR165C,0,-4.411666,0.1351931393146515,0.9449999928474426,0.6044999957084656
YML132W,YHR102W,0,-4.4121,0.13517379760742188,0.9449999928474426,0.6046000123023987
YLR256W,YBL026W,0,-4.4122887,0.13515445590019226,0.9449999928474426,0.6047000288963318
YGR145W,YDR283C,0,-4.412464,0.13513512909412384,0.9449999928474426,0.6047999858856201
YIR013C,YLR008C,0,-4.412714,0.1351158171892166,0.9449999928474426,0.6049000024795532
YDR168W,YKR095W-A,0,-4.412779,0.1350964903831482,0.9449999928474426,0.6050000190734863
YDR283C,YLR332W,0,-4.413045,0.13507719337940216,0.9449999928474426,0.6050999760627747
YLR074C,YEL037C,0,-4.4132605,0.13505788147449493,0.9449999928474426,0.6051999926567078
YGR041W,YMR232W,0,-4.413288,0.1350385844707489,0.9449999928474426,0.6053000092506409
YDL030W,YOR049C,0,-4.413391,0.13501928746700287,0.9449999928474426,0.605400025844574
YPL050C,YBR037C,0,-4.413414,0.13500000536441803,0.9449999928474426,0.6054999828338623
YLR191W,YNL026W,0,-4.413727,0.1349807232618332,0.9449999928474426,0.6055999994277954
YNL101W,YPL145C,0,-4.4137526,0.13496144115924835,0.9449999928474426,0.6057000160217285
YKL055C,YNL231C,0,-4.413788,0.1349421739578247,0.9449999928474426,0.6057999730110168
YDR216W,YBR110W,0,-4.415577,0.13492290675640106,0.9449999928474426,0.60589998960495
YHR124W,YKL120W,0,-4.416628,0.13490363955497742,0.9449999928474426,0.6060000061988831
YNL065W,YPL085W,0,-4.416828,0.13488438725471497,0.9449999928474426,0.6061000227928162
YKL082C,YGR033C,0,-4.417096,0.13486513495445251,0.9449999928474426,0.6061999797821045
YDL060W,YOR332W,0,-4.4172535,0.13484589755535126,0.9449999928474426,0.6062999963760376
YNR016C,YOL005C,0,-4.41761,0.1348266452550888,0.9449999928474426,0.6064000129699707
YCR091W,YPR074C,0,-4.4177017,0.13480742275714874,0.9449999928474426,0.6065000295639038
YNL230C,YJL116C,0,-4.41774,0.13478818535804749,0.9449999928474426,0.6065999865531921
YER165W,YCR037C,0,-4.41782,0.13476896286010742,0.9449999928474426,0.6067000031471252
YGR288W,YAR008W,0,-4.418023,0.13474975526332855,0.9449999928474426,0.6068000197410583
YOL012C,YMR127C,1,-4.4181175,0.13487310707569122,0.9459999799728394,0.6068000197410583
YAL038W,YHR139C,0,-4.4183493,0.13485388457775116,0.9459999799728394,0.6068999767303467
YBL015W,YNL222W,0,-4.4183702,0.1348346620798111,0.9459999799728394,0.6069999933242798
YDR182W,YEL050C,0,-4.418477,0.13481545448303223,0.9459999799728394,0.6071000099182129
YPL221W,YCR072C,0,-4.418499,0.13479623198509216,0.9459999799728394,0.607200026512146
YLR293C,YML019W,0,-4.418808,0.1347770392894745,0.9459999799728394,0.6072999835014343
YMR061W,YOR224C,0,-4.419037,0.13475783169269562,0.9459999799728394,0.6074000000953674
YDR488C,YOR368W,0,-4.419096,0.13473863899707794,0.9459999799728394,0.6075000166893005
YIL044C,YHR124W,0,-4.419507,0.13471944630146027,0.9459999799728394,0.6075999736785889
YBL071W-A,YCR067C,0,-4.4197206,0.13470026850700378,0.9459999799728394,0.607699990272522
YJR084W,YKL141W,0,-4.4200315,0.1346810907125473,0.9459999799728394,0.6078000068664551
YML071C,YLL011W,0,-4.421257,0.13466192781925201,0.9459999799728394,0.6079000234603882
YMR150C,YER003C,0,-4.421525,0.13464275002479553,0.9459999799728394,0.6079999804496765
YGL247W,YOR137C,0,-4.421541,0.13462360203266144,0.9459999799728394,0.6080999970436096
YPL121C,YBR212W,0,-4.422266,0.13460443913936615,0.9459999799728394,0.6082000136375427
YDL040C,YHL012W,0,-4.422367,0.13458529114723206,0.9459999799728394,0.608299970626831
YPR190C,YML076C,0,-4.4229984,0.13456614315509796,0.9459999799728394,0.6083999872207642
YDR194C,YDL055C,0,-4.4230156,0.13454701006412506,0.9459999799728394,0.6085000038146973
YLR342W,YNR015W,0,-4.423026,0.13452787697315216,0.9459999799728394,0.6086000204086304
YBR243C,YDR164C,0,-4.4231443,0.13450874388217926,0.9459999799728394,0.6086999773979187
YFL056C,YIL008W,0,-4.4236774,0.13448962569236755,0.9459999799728394,0.6087999939918518
YBL002W,YCL061C,1,-4.423789,0.13461264967918396,0.9470000267028809,0.6087999939918518
YGR086C,YOL010W,0,-4.4240093,0.13459351658821106,0.9470000267028809,0.6089000105857849
YNL230C,YKL193C,0,-4.42408,0.13457439839839935,0.9470000267028809,0.609000027179718
YDR069C,YLR219W,0,-4.4241905,0.13455526530742645,0.9470000267028809,0.6090999841690063
YJR025C,YML112W,0,-4.424469,0.13453616201877594,0.9470000267028809,0.6092000007629395
YDR385W,YGR212W,0,-4.424941,0.13451704382896423,0.9470000267028809,0.6093000173568726
YDR419W,YNL247W,0,-4.425008,0.13449794054031372,0.9470000267028809,0.6093999743461609
YPR154W,YDR213W,0,-4.4250164,0.1344788372516632,0.9470000267028809,0.609499990940094
YDR503C,YDL036C,0,-4.425765,0.1344597488641739,0.9470000267028809,0.6096000075340271
YBR237W,YOR294W,0,-4.426162,0.13444066047668457,0.9470000267028809,0.6097000241279602
YKL138C-A,YCL063W,0,-4.4263906,0.13442157208919525,0.9470000267028809,0.6097999811172485
YNL218W,YJL164C,0,-4.4266443,0.13440249860286713,0.9470000267028809,0.6098999977111816
YPL127C,YER038C,0,-4.427042,0.134383425116539,0.9470000267028809,0.6100000143051147
YNL280C,YDR075W,0,-4.427226,0.13436435163021088,0.9470000267028809,0.6100999712944031
YER040W,YOR230W,0,-4.4272957,0.13434529304504395,0.9470000267028809,0.6101999878883362
YOR085W,YOR265W,0,-4.4273977,0.13432623445987701,0.9470000267028809,0.6103000044822693
YDL029W,YOL039W,0,-4.4275837,0.13430719077587128,0.9470000267028809,0.6104000210762024
YGR245C,YBL050W,0,-4.4276085,0.13428814709186554,0.9470000267028809,0.6104999780654907
YLR401C,YDR246W,0,-4.428153,0.1342691034078598,0.9470000267028809,0.6105999946594238
YLR167W,YGL227W,0,-4.42848,0.13425007462501526,0.9470000267028809,0.6107000112533569
YIR013C,YCR024C-A,0,-4.4285192,0.13423104584217072,0.9470000267028809,0.61080002784729
YPR200C,YBR077C,0,-4.4287844,0.13421201705932617,0.9470000267028809,0.6108999848365784
YAL042W,YIL082W-A,0,-4.4287977,0.13419300317764282,0.9470000267028809,0.6110000014305115
YHL019C,YDL006W,0,-4.4289055,0.13417398929595947,0.9470000267028809,0.6111000180244446
YOL149W,YNR034W,0,-4.429138,0.13415497541427612,0.9470000267028809,0.6111999750137329
YOR113W,YKL073W,0,-4.429492,0.13413597643375397,0.9470000267028809,0.611299991607666
YPR081C,YKL019W,0,-4.4295454,0.1341169774532318,0.9470000267028809,0.6114000082015991
YBR177C,YER022W,0,-4.429845,0.13409799337387085,0.9470000267028809,0.6115000247955322
YBL099W,YML048W,0,-4.429923,0.1340790092945099,0.9470000267028809,0.6115999817848206
YGL090W,YOR294W,0,-4.4299736,0.13406002521514893,0.9470000267028809,0.6116999983787537
YGL187C,YGL243W,0,-4.4306,0.13404104113578796,0.9470000267028809,0.6118000149726868
YGR157W,YHR042W,0,-4.431061,0.1340220719575882,0.9470000267028809,0.6118999719619751
YNL259C,YER089C,0,-4.4312153,0.13400311768054962,0.9470000267028809,0.6119999885559082
YIL065C,YHR139C,0,-4.4318094,0.13398414850234985,0.9470000267028809,0.6121000051498413
YGR103W,YML097C,0,-4.4321527,0.13396519422531128,0.9470000267028809,0.6122000217437744
YGR231C,YER070W,0,-4.4328613,0.1339462548494339,0.9470000267028809,0.6122999787330627
YBR154C,YOR308C,0,-4.4332895,0.13392731547355652,0.9470000267028809,0.6123999953269958
YPR201W,YLR301W,0,-4.433441,0.13390837609767914,0.9470000267028809,0.612500011920929
YLR107W,YDR400W,0,-4.4338713,0.13388943672180176,0.9470000267028809,0.6126000285148621
YDL085W,YHR154W,0,-4.4339685,0.13387051224708557,0.9470000267028809,0.6126999855041504
YNL153C,YKR050W,0,-4.434663,0.13385158777236938,0.9470000267028809,0.6128000020980835
YLR401C,YPL276W,0,-4.434704,0.1338326781988144,0.9470000267028809,0.6129000186920166
YNR032C-A,YER021W,0,-4.4358015,0.1338137686252594,0.9470000267028809,0.6129999756813049
YPR010C,YGR296W,0,-4.4358873,0.1337948590517044,0.9470000267028809,0.613099992275238
YOR241W,YGR042W,0,-4.436017,0.1337759643793106,0.9470000267028809,0.6132000088691711
YLR175W,YJR090C,0,-4.4360676,0.13375705480575562,0.9470000267028809,0.6133000254631042
YGR097W,YOL028C,0,-4.436491,0.133738175034523,0.9470000267028809,0.6133999824523926
YOL149W,YPL121C,0,-4.436716,0.1337192952632904,0.9470000267028809,0.6134999990463257
YDR296W,YDR459C,0,-4.436775,0.1337004154920578,0.9470000267028809,0.6136000156402588
YNL106C,YLR066W,0,-4.4369926,0.1336815357208252,0.9470000267028809,0.6136999726295471
YEL063C,YDR432W,0,-4.437002,0.13366267085075378,0.9470000267028809,0.6137999892234802
YDR040C,YDL064W,0,-4.4371395,0.13364380598068237,0.9470000267028809,0.6139000058174133
YNL250W,YKL193C,0,-4.437419,0.13362494111061096,0.9470000267028809,0.6140000224113464
YNL286W,YAL043C,0,-4.4376793,0.13360609114170074,0.9470000267028809,0.6140999794006348
YKR081C,YKL212W,0,-4.4379654,0.13358724117279053,0.9470000267028809,0.6141999959945679
YGR014W,YBR273C,0,-4.438058,0.1335684061050415,0.9470000267028809,0.614300012588501
YLR074C,YGR258C,0,-4.4380875,0.13354957103729248,0.9470000267028809,0.6144000291824341
YGR268C,YHR081W,0,-4.4382315,0.13353073596954346,0.9470000267028809,0.6144999861717224
YPL262W,YNL292W,0,-4.4394884,0.13351191580295563,0.9470000267028809,0.6146000027656555
YMR299C,YLL024C,0,-4.439522,0.1334930956363678,0.9470000267028809,0.6147000193595886
YDR202C,YJL138C,0,-4.4397507,0.13347427546977997,0.9470000267028809,0.614799976348877
YDR364C,YOR142W,0,-4.440074,0.13345547020435333,0.9470000267028809,0.6148999929428101
YMR237W,YNL006W,0,-4.4407234,0.1334366649389267,0.9470000267028809,0.6150000095367432
YML012W,YJR097W,0,-4.4409122,0.13341785967350006,0.9470000267028809,0.6151000261306763
YDR085C,YOR236W,0,-4.441023,0.13339906930923462,0.9470000267028809,0.6151999831199646
YLL009C,YMR287C,0,-4.441227,0.13338027894496918,0.9470000267028809,0.6152999997138977
YJR150C,YGR170W,0,-4.441327,0.13336150348186493,0.9470000267028809,0.6154000163078308
YPL125W,YLR075W,0,-4.441416,0.1333427131175995,0.9470000267028809,0.6154999732971191
YBL022C,YOR081C,0,-4.4416046,0.13332395255565643,0.9470000267028809,0.6155999898910522
YPL125W,YCR073W-A,0,-4.4416447,0.13330517709255219,0.9470000267028809,0.6157000064849854
YPL097W,YIL016W,0,-4.441743,0.13328641653060913,0.9470000267028809,0.6158000230789185
YAL012W,YGL210W-A,0,-4.442114,0.13326765596866608,0.9470000267028809,0.6158999800682068
YOR085W,YPL167C,0,-4.442198,0.13324891030788422,0.9470000267028809,0.6159999966621399
YER167W,YNR057C,0,-4.442749,0.13323016464710236,0.9470000267028809,0.616100013256073
YPL159C,YOL142W,0,-4.4430656,0.1332114189863205,0.9470000267028809,0.6161999702453613
YDR434W,YOR315W,0,-4.4432144,0.13319268822669983,0.9470000267028809,0.6162999868392944
YHR089C,YKL214C,0,-4.443612,0.13317395746707916,0.9470000267028809,0.6164000034332275
YHL019C,YOR250C,0,-4.4440393,0.1331552267074585,0.9470000267028809,0.6165000200271606
YCL035C,YLR309C,0,-4.444827,0.13313651084899902,0.9470000267028809,0.616599977016449
YPL271W,YCR081W,0,-4.445009,0.13311779499053955,0.9470000267028809,0.6166999936103821
YDL015C,YML027W,0,-4.4452305,0.13309907913208008,0.9470000267028809,0.6168000102043152
YKR027W,YDR263C,0,-4.446431,0.1330803781747818,0.9470000267028809,0.6169000267982483
YAL012W,YKL099C,0,-4.4464912,0.13306167721748352,0.9470000267028809,0.6169999837875366
YGR281W,YKL075C,0,-4.4472303,0.13304299116134644,0.9470000267028809,0.6171000003814697
YDR195W,YBR006W,0,-4.447237,0.13302430510520935,0.9470000267028809,0.6172000169754028
YKL019W,YPR187W,0,-4.447337,0.13300561904907227,0.9470000267028809,0.6172999739646912
YPR141C,YGR103W,0,-4.4480934,0.13298693299293518,0.9470000267028809,0.6173999905586243
YPL063W,YPR078C,0,-4.448188,0.1329682618379593,0.9470000267028809,0.6175000071525574
YHR056C,YBR231C,1,-4.4484987,0.13308998942375183,0.9480000138282776,0.6175000071525574
YDR098C,YER082C,0,-4.44876,0.13307130336761475,0.9480000138282776,0.6176000237464905
YCR075C,YDR164C,0,-4.448763,0.13305263221263885,0.9480000138282776,0.6176999807357788
YML067C,YKL144C,0,-4.4490776,0.13303396105766296,0.9480000138282776,0.6177999973297119
YPR183W,YDR240C,0,-4.449233,0.13301528990268707,0.9480000138282776,0.617900013923645
YDR393W,YPR080W,0,-4.449374,0.13299663364887238,0.9480000138282776,0.6179999709129333
YER142C,YNL025C,0,-4.450304,0.13297797739505768,0.9480000138282776,0.6180999875068665
YBR250W,YOR143C,0,-4.450363,0.13295932114124298,0.9480000138282776,0.6182000041007996
YPL160W,YGL070C,0,-4.450942,0.13294067978858948,0.9480000138282776,0.6183000206947327
YBR118W,YDR449C,0,-4.451165,0.13292203843593597,0.9480000138282776,0.618399977684021
YGL180W,YKL043W,0,-4.4513674,0.13290341198444366,0.9480000138282776,0.6184999942779541
YIR017C,YHR042W,0,-4.4514294,0.13288477063179016,0.9480000138282776,0.6186000108718872
YOR193W,YJL204C,0,-4.4517174,0.13286615908145905,0.9480000138282776,0.6187000274658203
YGR169C,YMR095C,0,-4.451762,0.13284753262996674,0.9480000138282776,0.6187999844551086
YKL188C,YPL253C,0,-4.451926,0.13282892107963562,0.9480000138282776,0.6189000010490417
YFL050C,YCR005C,0,-4.452174,0.1328103095293045,0.9480000138282776,0.6190000176429749
YAL001C,YOL128C,0,-4.452963,0.13279171288013458,0.9480000138282776,0.6190999746322632
YIR010W,YOR237W,0,-4.453059,0.13277311623096466,0.9480000138282776,0.6191999912261963
YOR002W,YPR190C,0,-4.4531727,0.13275451958179474,0.9480000138282776,0.6193000078201294
YMR042W,YDR378C,0,-4.4534054,0.13273592293262482,0.9480000138282776,0.6194000244140625
YDR148C,YMR197C,0,-4.454156,0.1327173411846161,0.9480000138282776,0.6194999814033508
YBL057C,YKL193C,0,-4.454527,0.13269877433776855,0.9480000138282776,0.6195999979972839
YLR242C,YMR140W,0,-4.4545813,0.13268019258975983,0.9480000138282776,0.619700014591217
YGL191W,YHR030C,0,-4.4546404,0.1326616257429123,0.9480000138282776,0.6197999715805054
YDR101C,YEL063C,0,-4.4548683,0.13264307379722595,0.9480000138282776,0.6198999881744385
YDR244W,YLR208W,0,-4.454898,0.13262450695037842,0.9480000138282776,0.6200000047683716
YBL004W,YIL017C,0,-4.454914,0.13260595500469208,0.9480000138282776,0.6201000213623047
YOR030W,YNL210W,0,-4.454996,0.13258741796016693,0.9480000138282776,0.620199978351593
YKR003W,YBL061C,0,-4.4551477,0.1325688660144806,0.9480000138282776,0.6202999949455261
YER032W,YIL056W,0,-4.4551525,0.13255032896995544,0.9480000138282776,0.6204000115394592
YHR068W,YPR036W,0,-4.4557476,0.1325318068265915,0.9480000138282776,0.6205000281333923
YNL106C,YIL173W,0,-4.456092,0.13251328468322754,0.9480000138282776,0.6205999851226807
YBR185C,YJR033C,0,-4.45621,0.1324947625398636,0.9480000138282776,0.6207000017166138
YOR020C,YGL216W,0,-4.4564114,0.13247624039649963,0.9480000138282776,0.6208000183105469
YLR238W,YBR058C-A,0,-4.456628,0.13245773315429688,0.9480000138282776,0.6208999752998352
YKL085W,YNL243W,0,-4.4573364,0.13243922591209412,0.9480000138282776,0.6209999918937683
YDR518W,YML074C,0,-4.4573736,0.13242073357105255,0.9480000138282776,0.6211000084877014
YGL030W,YBR265W,0,-4.4573956,0.132402241230011,0.9480000138282776,0.6212000250816345
YNL261W,YAR003W,1,-4.4576197,0.13252338767051697,0.9490000009536743,0.6212000250816345
YDR140W,YGL053W,0,-4.4578094,0.1325048804283142,0.9490000009536743,0.6212999820709229
YNL317W,YGR251W,0,-4.4578533,0.13248638808727264,0.9490000009536743,0.621399998664856
YMR163C,YJR103W,0,-4.4580173,0.13246789574623108,0.9490000009536743,0.6215000152587891
YMR296C,YKL170W,0,-4.4582033,0.13244940340518951,0.9490000009536743,0.6215999722480774
YPL268W,YGL097W,0,-4.4591255,0.13243092596530914,0.9490000009536743,0.6216999888420105
YOL049W,YGR054W,0,-4.4591856,0.13241244852542877,0.9490000009536743,0.6218000054359436
YHR055C,YJL063C,0,-4.4600906,0.1323939710855484,0.9490000009536743,0.6219000220298767
YBR080C,YMR293C,0,-4.4603634,0.13237550854682922,0.9490000009536743,0.621999979019165
YLR167W,YNL229C,0,-4.46089,0.13235704600811005,0.9490000009536743,0.6220999956130981
YMR092C,YPL137C,0,-4.4621477,0.13233858346939087,0.9490000009536743,0.6222000122070312
YKR055W,YMR322C,0,-4.4621687,0.13232013583183289,0.9490000009536743,0.6223000288009644
YAR014C,YDR206W,0,-4.462824,0.1323016881942749,0.9490000009536743,0.6223999857902527
YHR174W,YGR010W,0,-4.4631395,0.13228324055671692,0.9490000009536743,0.6225000023841858
YDR361C,YBR297W,0,-4.4632425,0.13226480782032013,0.9490000009536743,0.6226000189781189
YNL004W,YDR285W,0,-4.463276,0.13224637508392334,0.9490000009536743,0.6226999759674072
YMR042W,YPL019C,0,-4.463464,0.13222795724868774,0.9490000009536743,0.6227999925613403
YNR058W,YKR095W,0,-4.4636917,0.13220952451229095,0.9490000009536743,0.6229000091552734
YBR236C,YHL028W,0,-4.4640512,0.13219110667705536,0.9490000009536743,0.6230000257492065
YGR220C,YOR212W,0,-4.464122,0.13217270374298096,0.9490000009536743,0.6230999827384949
YDR075W,YNL247W,0,-4.4642134,0.13215430080890656,0.9490000009536743,0.623199999332428
YEL017C-A,YCR083W,0,-4.4642553,0.13213589787483215,0.9490000009536743,0.6233000159263611
YML051W,YPL063W,0,-4.46428,0.13211749494075775,0.9490000009536743,0.6233999729156494
YHR059W,YPR010C,0,-4.4644594,0.13209910690784454,0.9490000009536743,0.6234999895095825
YEL030W,YGL104C,0,-4.464733,0.13208071887493134,0.9490000009536743,0.6236000061035156
YIL103W,YGL181W,0,-4.4647646,0.13206234574317932,0.9490000009536743,0.6237000226974487
YNL329C,YGL135W,0,-4.4651546,0.1320439726114273,0.9490000009536743,0.6237999796867371
YJL019W,YAL017W,0,-4.4656916,0.1320255994796753,0.9490000009536743,0.6238999962806702
YGR195W,YLR240W,0,-4.4656944,0.13200722634792328,0.9490000009536743,0.6240000128746033
YKR076W,YDR311W,0,-4.4658422,0.13198886811733246,0.9490000009536743,0.6241000294685364
YLR206W,YBR165W,0,-4.466194,0.13197052478790283,0.9490000009536743,0.6241999864578247
YKL114C,YOR332W,0,-4.4663363,0.131952166557312,0.9490000009536743,0.6243000030517578
YGR145W,YDR425W,0,-4.4663734,0.13193382322788239,0.9490000009536743,0.6244000196456909
YBR177C,YPR032W,0,-4.4668055,0.13191547989845276,0.9490000009536743,0.6244999766349792
YOL082W,YLR301W,0,-4.467126,0.13189715147018433,0.9490000009536743,0.6245999932289124
YLR102C,YDR101C,0,-4.4671907,0.1318788230419159,0.9490000009536743,0.6247000098228455
YDL178W,YNL119W,0,-4.467429,0.13186049461364746,0.9490000009536743,0.6248000264167786
YAR018C,YOL128C,0,-4.467576,0.13184218108654022,0.9490000009536743,0.6248999834060669
YGR220C,YML028W,0,-4.467643,0.13182386755943298,0.9490000009536743,0.625
YML042W,YLL027W,0,-4.4677105,0.13180555403232574,0.9490000009536743,0.6251000165939331
YJL121C,YOR295W,0,-4.4685163,0.1317872554063797,0.9490000009536743,0.6251999735832214
YOR181W,YHR060W,0,-4.469454,0.13176895678043365,0.9490000009536743,0.6252999901771545
YDL031W,YLR426W,0,-4.4695234,0.1317506581544876,0.9490000009536743,0.6254000067710876
YPR057W,YHR133C,0,-4.469593,0.13173237442970276,0.9490000009536743,0.6255000233650208
YJR092W,YDR028C,0,-4.4697237,0.1317140907049179,0.9490000009536743,0.6255999803543091
YGR214W,YCL075W,0,-4.469846,0.13169580698013306,0.9490000009536743,0.6256999969482422
YNR054C,YPL275W,0,-4.4701614,0.1316775381565094,0.9490000009536743,0.6258000135421753
YGR141W,YOR084W,0,-4.4706717,0.13165926933288574,0.9490000009536743,0.6258999705314636
YPL076W,YML098W,0,-4.470752,0.13164100050926208,0.9490000009536743,0.6259999871253967
YNL006W,YBR035C,0,-4.4709167,0.13162274658679962,0.9490000009536743,0.6261000037193298
YKL165C,YLR035C,0,-4.47124,0.13160449266433716,0.9490000009536743,0.6262000203132629
YHR193C,YJR097W,0,-4.471429,0.1315862387418747,0.9490000009536743,0.6262999773025513
YDR358W,YER012W,0,-4.471652,0.13156799972057343,0.9490000009536743,0.6263999938964844
YBL024W,YBR196C,0,-4.471777,0.13154976069927216,0.9490000009536743,0.6265000104904175
YAL029C,YGL120C,0,-4.4721346,0.13153153657913208,0.9490000009536743,0.6266000270843506
YMR164C,YCL033C,0,-4.472562,0.1315132975578308,0.9490000009536743,0.6266999840736389
YCR024C-A,YLR026C,0,-4.4726057,0.13149508833885193,0.9490000009536743,0.626800000667572
YJR074W,YNL154C,0,-4.4730024,0.13147686421871185,0.9490000009536743,0.6269000172615051
YIL036W,YDR411C,0,-4.473222,0.13145865499973297,0.9490000009536743,0.6269999742507935
YJR090C,YER065C,0,-4.4738007,0.1314404457807541,0.9490000009536743,0.6270999908447266
YKL192C,YDL004W,0,-4.474063,0.1314222365617752,0.9490000009536743,0.6272000074386597
YHL007C,YOL128C,0,-4.474118,0.13140404224395752,0.9490000009536743,0.6273000240325928
YGR186W,YML025C,0,-4.4741745,0.13138584792613983,0.9490000009536743,0.6273999810218811
YGL240W,YCL063W,0,-4.474221,0.13136766850948334,0.9490000009536743,0.6274999976158142
YKR097W,YNR034W,0,-4.4743385,0.13134947419166565,0.9490000009536743,0.6276000142097473
YHR200W,YGR059W,0,-4.4754457,0.13133130967617035,0.9490000009536743,0.6276999711990356
YOL008W,YHR069C,0,-4.4764576,0.13131313025951385,0.9490000009536743,0.6277999877929688
YMR069W,YCR033W,1,-4.4765434,0.13143330812454224,0.949999988079071,0.6277999877929688
YGL089C,YPL232W,0,-4.4768906,0.13141512870788574,0.949999988079071,0.6279000043869019
YIL103W,YHR193C,0,-4.477269,0.13139696419239044,0.949999988079071,0.628000020980835
YDL008W,YML043C,0,-4.477585,0.13137878477573395,0.949999988079071,0.6280999779701233
YOR204W,YKL141W,0,-4.477645,0.13136062026023865,0.949999988079071,0.6281999945640564
YOL002C,YLR372W,0,-4.4778814,0.13134245574474335,0.949999988079071,0.6283000111579895
YER126C,YHL022C,0,-4.477975,0.13132430613040924,0.949999988079071,0.6284000277519226
YAL044C,YML031W,0,-4.478401,0.13130615651607513,0.949999988079071,0.6284999847412109
YGR262C,YMR232W,0,-4.4784327,0.13128800690174103,0.949999988079071,0.628600001335144
YGR163W,YGR059W,0,-4.478485,0.13126985728740692,0.949999988079071,0.6287000179290771
YDR434W,YDL097C,0,-4.478504,0.131251722574234,0.949999988079071,0.6287999749183655
YDL056W,YOR137C,0,-4.4785557,0.1312336027622223,0.949999988079071,0.6288999915122986
YMR015C,YDR484W,0,-4.478608,0.13121546804904938,0.949999988079071,0.6290000081062317
YNL101W,YGR163W,0,-4.4786987,0.13119734823703766,0.949999988079071,0.6291000247001648
YER119C,YIL063C,0,-4.478879,0.13117922842502594,0.949999988079071,0.6291999816894531
YLR069C,YIL128W,0,-4.4790506,0.13116112351417542,0.949999988079071,0.6292999982833862
YDR299W,YIL138C,0,-4.479089,0.1311430186033249,0.949999988079071,0.6294000148773193
YGR177C,YDL095W,0,-4.479143,0.13112491369247437,0.949999988079071,0.6294999718666077
YLR197W,YML097C,0,-4.479292,0.13110682368278503,0.949999988079071,0.6295999884605408
YHR069C,YOL020W,0,-4.4796658,0.1310887336730957,0.949999988079071,0.6297000050544739
YAL007C,YOR230W,0,-4.479823,0.13107064366340637,0.949999988079071,0.629800021648407
YDR025W,YJL145W,0,-4.480502,0.13105255365371704,0.949999988079071,0.6298999786376953
YMR047C,YJL141C,0,-4.4805346,0.1310344785451889,0.949999988079071,0.6299999952316284
YLR383W,YDR247W,0,-4.480584,0.13101641833782196,0.949999988079071,0.6301000118255615
YPL100W,YEL034W,0,-4.4808683,0.13099834322929382,0.949999988079071,0.6302000284194946
YJL104W,YLR066W,0,-4.480975,0.13098028302192688,0.949999988079071,0.630299985408783
YNL250W,YHR038W,0,-4.481179,0.13096222281455994,0.949999988079071,0.6304000020027161
YNL074C,YDR078C,0,-4.4816036,0.1309441775083542,0.949999988079071,0.6305000185966492
YGR257C,YMR235C,0,-4.4826,0.13092613220214844,0.949999988079071,0.6305999755859375
YGR216C,YOR193W,0,-4.482733,0.1309080868959427,0.949999988079071,0.6306999921798706
YLR424W,YBR216C,0,-4.483017,0.13089005649089813,0.949999988079071,0.6308000087738037
YAR008W,YMR146C,0,-4.483882,0.13087202608585358,0.949999988079071,0.6309000253677368
YKL038W,YNL025C,0,-4.4839067,0.13085399568080902,0.949999988079071,0.6309999823570251
YJL005W,YMR013C,0,-4.4845333,0.13083598017692566,0.949999988079071,0.6310999989509583
YER052C,YOR076C,0,-4.484619,0.1308179497718811,0.949999988079071,0.6312000155448914
YOL080C,YHR178W,0,-4.4847136,0.13079994916915894,0.949999988079071,0.6312999725341797
YDR322C-A,YKL126W,0,-4.4847317,0.13078193366527557,0.949999988079071,0.6313999891281128
YNL298W,YML024W,0,-4.4847517,0.1307639330625534,0.949999988079071,0.6315000057220459
YNL055C,YPR024W,0,-4.484833,0.13074594736099243,0.949999988079071,0.631600022315979
YNL159C,YJR103W,0,-4.484853,0.13072794675827026,0.949999988079071,0.6316999793052673
YNR032W,YLR452C,0,-4.4852533,0.1307099610567093,0.949999988079071,0.6317999958992004
YIR013C,YJR055W,0,-4.48569,0.13069197535514832,0.949999988079071,0.6319000124931335
YNL270C,YPL032C,0,-4.4859037,0.13067400455474854,0.949999988079071,0.6320000290870667
YGR158C,YCL075W,0,-4.486286,0.13065603375434875,0.949999988079071,0.632099986076355
YCR039C,YDR293C,0,-4.48629,0.13063806295394897,0.949999988079071,0.6322000026702881
YGL084C,YLR275W,0,-4.4865646,0.1306201070547104,0.949999988079071,0.6323000192642212
YCR065W,YOL127W,0,-4.486782,0.1306021511554718,0.949999988079071,0.6323999762535095
YJR155W,YNL041C,0,-4.4871798,0.13058419525623322,0.949999988079071,0.6324999928474426
YIL009W,YER001W,0,-4.487994,0.13056623935699463,0.949999988079071,0.6326000094413757
YDL099W,YPR181C,0,-4.488225,0.13054829835891724,0.949999988079071,0.6327000260353088
YJL108C,YJL109C,0,-4.488284,0.13053037226200104,0.949999988079071,0.6327999830245972
YDL231C,YOR367W,0,-4.488414,0.13051243126392365,0.949999988079071,0.6328999996185303
YDR503C,YDL112W,0,-4.489047,0.13049450516700745,0.949999988079071,0.6330000162124634
YOL124C,YPR139C,0,-4.4893074,0.13047657907009125,0.949999988079071,0.6330999732017517
YGL095C,YGL255W,0,-4.489605,0.13045866787433624,0.949999988079071,0.6331999897956848
YMR047C,YJR141W,0,-4.49018,0.13044075667858124,0.949999988079071,0.6333000063896179
YGL032C,YNL065W,0,-4.490425,0.13042284548282623,0.949999988079071,0.633400022983551
YOR349W,YDL230W,0,-4.4906845,0.13040493428707123,0.949999988079071,0.6334999799728394
YDR397C,YGL062W,0,-4.490756,0.13038703799247742,0.949999988079071,0.6335999965667725
YPR200C,YOR326W,0,-4.490898,0.1303691565990448,0.949999988079071,0.6337000131607056
YIL125W,YDR194C,0,-4.491434,0.130351260304451,0.949999988079071,0.6338000297546387
YDL197C,YKR101W,1,-4.491785,0.13047057390213013,0.9509999752044678,0.6338000297546387
YPL086C,YMR281W,0,-4.4917927,0.13045267760753632,0.9509999752044678,0.633899986743927
YOR100C,YGL241W,0,-4.491914,0.1304347813129425,0.9509999752044678,0.6340000033378601
YOR244W,YGL178W,1,-4.4919214,0.13055403530597687,0.9520000219345093,0.6340000033378601
YML058W-A,YDR276C,0,-4.491973,0.13053612411022186,0.9520000219345093,0.6341000199317932
YOL026C,YIR026C,0,-4.492283,0.13051822781562805,0.9520000219345093,0.6341999769210815
YLR370C,YNL329C,0,-4.4924746,0.13050034642219543,0.9520000219345093,0.6342999935150146
YBR089C-A,YMR263W,1,-4.4928045,0.13061951100826263,0.953000009059906,0.6342999935150146
YOL066C,YDR165W,0,-4.493308,0.13060161471366882,0.953000009059906,0.6344000101089478
YBL022C,YJL138C,0,-4.4933243,0.130583718419075,0.953000009059906,0.6345000267028809
YDL036C,YJR145C,0,-4.493642,0.1305658370256424,0.953000009059906,0.6345999836921692
YNR057C,YGR211W,0,-4.4946413,0.13054794073104858,0.953000009059906,0.6347000002861023
YOL158C,YPL117C,0,-4.4946556,0.13053005933761597,0.953000009059906,0.6348000168800354
YDL014W,YPL041C,0,-4.4946804,0.13051219284534454,0.953000009059906,0.6348999738693237
YHR135C,YOR084W,0,-4.4952354,0.13049431145191193,0.953000009059906,0.6349999904632568
YPL228W,YCL026C-A,0,-4.4955854,0.1304764449596405,0.953000009059906,0.6351000070571899
YLR096W,YLR126C,0,-4.4971333,0.13045859336853027,0.953000009059906,0.635200023651123
YNL281W,YNL014W,0,-4.4971952,0.13044072687625885,0.953000009059906,0.6352999806404114
YDL039C,YMR197C,0,-4.4973392,0.13042287528514862,0.953000009059906,0.6353999972343445
YIL009W,YLR447C,0,-4.4976377,0.13040503859519958,0.953000009059906,0.6355000138282776
YJR153W,YKL148C,0,-4.4976683,0.13038718700408936,0.953000009059906,0.6355999708175659
YJL140W,YLL016W,0,-4.498605,0.13036935031414032,0.953000009059906,0.635699987411499
YGL001C,YBR057C,0,-4.4988937,0.13035152852535248,0.953000009059906,0.6358000040054321
YGR288W,YNL142W,0,-4.500249,0.13033369183540344,0.953000009059906,0.6359000205993652
YIL072W,YER018C,0,-4.5010796,0.1303158700466156,0.953000009059906,0.6359999775886536
YGL144C,YOR182C,0,-4.5012445,0.13029806315898895,0.953000009059906,0.6360999941825867
YPR183W,YHR102W,0,-4.5012846,0.1302802413702011,0.953000009059906,0.6362000107765198
YPR138C,YBL046W,0,-4.5015697,0.13026243448257446,0.953000009059906,0.6363000273704529
YOR187W,YDR330W,0,-4.502367,0.130244642496109,0.953000009059906,0.6363999843597412
YDR377W,YKL175W,0,-4.5026016,0.13022683560848236,0.953000009059906,0.6365000009536743
YNR034W,YBR111W-A,0,-4.502799,0.1302090436220169,0.953000009059906,0.6366000175476074
YFR041C,YMR210W,0,-4.5028515,0.13019125163555145,0.953000009059906,0.6366999745368958
YLL031C,YOR008C-A,0,-4.50294,0.1301734745502472,0.953000009059906,0.6367999911308289
YMR263W,YJL080C,1,-4.5030203,0.13029226660728455,0.9539999961853027,0.6367999911308289
YDR122W,YOR122C,0,-4.5030375,0.1302744746208191,0.9539999961853027,0.636900007724762
YCR063W,YML097C,0,-4.50305,0.13025669753551483,0.9539999961853027,0.6370000243186951
YGR094W,YPL239W,0,-4.5033474,0.13023890554904938,0.9539999961853027,0.6370999813079834
YER127W,YMR314W,0,-4.5037613,0.13022112846374512,0.9539999961853027,0.6371999979019165
YBR050C,YOL125W,0,-4.503809,0.13020335137844086,0.9539999961853027,0.6373000144958496
YIL115C,YJR141W,0,-4.503935,0.1301855891942978,0.9539999961853027,0.6373999714851379
YMR313C,YOL093W,0,-4.504032,0.13016782701015472,0.9539999961853027,0.637499988079071
YPL137C,YOL049W,0,-4.504204,0.13015006482601166,0.9539999961853027,0.6376000046730042
YKL192C,YER014C-A,0,-4.5044146,0.13013231754302979,0.9539999961853027,0.6377000212669373
YFR021W,YOR206W,0,-4.504506,0.1301145702600479,0.9539999961853027,0.6377999782562256
YPL110C,YOR045W,0,-4.504588,0.13009682297706604,0.9539999961853027,0.6378999948501587
YLR060W,YLR248W,0,-4.504753,0.13007909059524536,0.9539999961853027,0.6380000114440918
YJR070C,YLR025W,0,-4.5049334,0.1300613433122635,0.9539999961853027,0.6381000280380249
YNL223W,YHR058C,0,-4.504964,0.130043625831604,0.9539999961853027,0.6381999850273132
YER089C,YDL083C,0,-4.5049963,0.13002589344978333,0.9539999961853027,0.6383000016212463
YGL247W,YHR081W,0,-4.5051517,0.13000817596912384,0.9539999961853027,0.6384000182151794
YDR216W,YML071C,0,-4.5052614,0.12999045848846436,0.9539999961853027,0.6384999752044678
YGR059W,YDR523C,0,-4.505271,0.12997275590896606,0.9539999961853027,0.6385999917984009
YER030W,YDL236W,1,-4.505842,0.13009126484394073,0.9549999833106995,0.6385999917984009
YDR060W,YKR082W,0,-4.505907,0.13007354736328125,0.9549999833106995,0.638700008392334
YGL116W,YJR139C,0,-4.5060663,0.13005582988262177,0.9549999833106995,0.6388000249862671
YPL050C,YAL009W,0,-4.5061026,0.13003812730312347,0.9549999833106995,0.6388999819755554
YAL054C,YDR440W,1,-4.5065565,0.13015656173229218,0.9559999704360962,0.6388999819755554
YDR484W,YNL213C,0,-4.507121,0.1301388442516327,0.9559999704360962,0.6389999985694885
YGR286C,YOR168W,0,-4.5076084,0.1301211416721344,0.9559999704360962,0.6391000151634216
YLR355C,YPL096W,0,-4.5076284,0.13010342419147491,0.9559999704360962,0.63919997215271
YJR158W,YPR155C,0,-4.5092087,0.13008572161197662,0.9559999704360962,0.6392999887466431
YNL066W,YJL114W,0,-4.509658,0.13006803393363953,0.9559999704360962,0.6394000053405762
YPL018W,YHR092C,0,-4.5098877,0.13005033135414124,0.9559999704360962,0.6395000219345093
YKL060C,YDL154W,0,-4.509898,0.13003264367580414,0.9559999704360962,0.6395999789237976
YCL029C,YPL075W,0,-4.5116796,0.13001495599746704,0.9559999704360962,0.6396999955177307
YMR004W,YDL014W,0,-4.511945,0.12999728322029114,0.9559999704360962,0.6398000121116638
YOR245C,YDL111C,0,-4.512273,0.12997961044311523,0.9559999704360962,0.6399000287055969
YEL069C,YFL008W,0,-4.512783,0.12996193766593933,0.9559999704360962,0.6399999856948853
YNL117W,YJL029C,0,-4.5131063,0.12994426488876343,0.9559999704360962,0.6401000022888184
YKL084W,YIR017C,0,-4.513343,0.12992660701274872,0.9559999704360962,0.6402000188827515
YOR206W,YBL005W-B,0,-4.5143805,0.129908949136734,0.9559999704360962,0.6402999758720398
YNL009W,YFR031C,0,-4.514455,0.1298913061618805,0.9559999704360962,0.6403999924659729
YGL206C,YOR151C,0,-4.5146036,0.12987366318702698,0.9559999704360962,0.640500009059906
YCR060W,YDR059C,0,-4.514969,0.12985602021217346,0.9559999704360962,0.6406000256538391
YOR122C,YHL012W,0,-4.5150366,0.12983837723731995,0.9559999704360962,0.6406999826431274
YBL099W,YMR299C,0,-4.515195,0.12982074916362762,0.9559999704360962,0.6407999992370605
YNL271C,YCR072C,0,-4.515765,0.1298031210899353,0.9559999704360962,0.6409000158309937
YMR231W,YLR426W,0,-4.515815,0.12978550791740417,0.9559999704360962,0.640999972820282
YPL267W,YML078W,0,-4.5158167,0.12976787984371185,0.9559999704360962,0.6410999894142151
YER104W,YHR006W,0,-4.5159597,0.12975026667118073,0.9559999704360962,0.6412000060081482
YBL079W,YHR065C,0,-4.5165386,0.1297326683998108,0.9559999704360962,0.6413000226020813
YBR085W,YDR276C,0,-4.5165806,0.12971505522727966,0.9559999704360962,0.6413999795913696
YPL267W,YOL020W,0,-4.516698,0.12969745695590973,0.9559999704360962,0.6414999961853027
YDL085W,YGR251W,0,-4.516922,0.129679873585701,0.9559999704360962,0.6416000127792358
YGL194C,YHR099W,1,-4.5174007,0.12979790568351746,0.9570000171661377,0.6416000127792358
YEL053C,YHL006C,0,-4.5175896,0.12978030741214752,0.9570000171661377,0.641700029373169
YJL157C,YJL139C,0,-4.5176096,0.1297627091407776,0.9570000171661377,0.6417999863624573
YMR234W,YPR110C,0,-4.517892,0.12974512577056885,0.9570000171661377,0.6419000029563904
YBL015W,YGR143W,0,-4.518798,0.1297275274991989,0.9570000171661377,0.6420000195503235
YKL085W,YKR086W,0,-4.518917,0.12970994412899017,0.9570000171661377,0.6420999765396118
YLR074C,YMR234W,0,-4.519658,0.12969237565994263,0.9570000171661377,0.6421999931335449
YGR109C,YOL051W,0,-4.520384,0.1296747922897339,0.9570000171661377,0.642300009727478
YOR143C,YJL139C,0,-4.5206585,0.12965722382068634,0.9570000171661377,0.6424000263214111
YML104C,YGR044C,0,-4.5208683,0.1296396702528,0.9570000171661377,0.6424999833106995
YPR133C,YLR354C,0,-4.5222435,0.12962210178375244,0.9570000171661377,0.6425999999046326
YLR109W,YGL227W,0,-4.5224066,0.1296045482158661,0.9570000171661377,0.6427000164985657
YPR175W,YOR143C,0,-4.5224724,0.12958699464797974,0.9570000171661377,0.642799973487854
YFR028C,YOR040W,0,-4.522502,0.12956945598125458,0.9570000171661377,0.6428999900817871
YKL182W,YHL012W,0,-4.5226803,0.12955191731452942,0.9570000171661377,0.6430000066757202
YOR018W,YML043C,0,-4.5227346,0.12953437864780426,0.9570000171661377,0.6431000232696533
YCL040W,YJR103W,0,-4.5229445,0.1295168548822403,0.9570000171661377,0.6431999802589417
YNL037C,YHR152W,0,-4.523159,0.12949931621551514,0.9570000171661377,0.6432999968528748
YBR286W,YJL170C,0,-4.523221,0.12948180735111237,0.9570000171661377,0.6434000134468079
YKL058W,YGL255W,0,-4.523238,0.1294642835855484,0.9570000171661377,0.6434999704360962
YDR244W,YDL170W,0,-4.5232687,0.12944677472114563,0.9570000171661377,0.6435999870300293
YPR155C,YOR159C,0,-4.523699,0.12942926585674286,0.9570000171661377,0.6437000036239624
YGL097W,YLR426W,0,-4.5237646,0.12941177189350128,0.9570000171661377,0.6438000202178955
YNL003C,YBR105C,0,-4.5238132,0.1293942630290985,0.9570000171661377,0.6438999772071838
YGR288W,YGL068W,0,-4.5239305,0.12937676906585693,0.9570000171661377,0.6439999938011169
YNL110C,YPR054W,0,-4.5240316,0.12935929000377655,0.9570000171661377,0.64410001039505
YER149C,YHR074W,0,-4.5241365,0.12934179604053497,0.9570000171661377,0.6442000269889832
YDR188W,YDR055W,0,-4.5241766,0.1293243169784546,0.9570000171661377,0.6442999839782715
YGL210W-A,YCR072C,0,-4.5244436,0.1293068528175354,0.9570000171661377,0.6444000005722046
YDR361C,YAL058W,0,-4.525093,0.1292893886566162,0.9570000171661377,0.6445000171661377
YGL078C,YLR377C,0,-4.525161,0.12927190959453583,0.9570000171661377,0.644599974155426
YKR027W,YHR082C,0,-4.5254097,0.12925446033477783,0.9570000171661377,0.6446999907493591
YDR323C,YGR285C,0,-4.5258856,0.12923699617385864,0.9570000171661377,0.6448000073432922
YOR267C,YDL005C,0,-4.5262146,0.12921954691410065,0.9570000171661377,0.6449000239372253
YJR144W,YMR096W,0,-4.526232,0.12920211255550385,0.9570000171661377,0.6449999809265137
YPL202C,YDR377W,0,-4.5263233,0.12918466329574585,0.9570000171661377,0.6450999975204468
YMR116C,YDR345C,0,-4.526758,0.12916722893714905,0.9570000171661377,0.6452000141143799
YPL029W,YML028W,0,-4.527199,0.12914979457855225,0.9570000171661377,0.6452999711036682
YDL197C,YHR056C,1,-4.527321,0.12926730513572693,0.9580000042915344,0.6452999711036682
YLR429W,YLL011W,0,-4.527334,0.12924987077713013,0.9580000042915344,0.6453999876976013
YDR284C,YDR002W,0,-4.5275726,0.12923243641853333,0.9580000042915344,0.6455000042915344
YCR024C-A,YNL241C,0,-4.5280447,0.12921500205993652,0.9580000042915344,0.6456000208854675
YCL016C,YCR058C,0,-4.528058,0.12919756770133972,0.9580000042915344,0.6456999778747559
YDR224C,YPR031W,1,-4.5281267,0.12931498885154724,0.9589999914169312,0.6456999778747559
YBR177C,YMR037C,0,-4.528186,0.12929755449295044,0.9589999914169312,0.645799994468689
YPR124W,YBR213W,0,-4.528576,0.12928013503551483,0.9589999914169312,0.6459000110626221
YIL121W,YCL063W,0,-4.5287123,0.12926270067691803,0.9589999914169312,0.6460000276565552
YBR200W,YNL074C,0,-4.529252,0.12924528121948242,0.9589999914169312,0.6460999846458435
YDR108W,YIR041W,0,-4.529393,0.12922786176204681,0.9589999914169312,0.6462000012397766
YML042W,YJR135C,0,-4.5298405,0.1292104572057724,0.9589999914169312,0.6463000178337097
YMR172W,YMR150C,0,-4.529855,0.12919305264949799,0.9589999914169312,0.646399974822998
YJL108C,YER180C-A,0,-4.530052,0.12917564809322357,0.9589999914169312,0.6464999914169312
YBR160W,YMR316W,0,-4.5302954,0.12915824353694916,0.9589999914169312,0.6466000080108643
YDR194C,YGR185C,0,-4.5309477,0.12914085388183594,0.9589999914169312,0.6467000246047974
YBR298C,YLR130C,0,-4.530958,0.12912346422672272,0.9589999914169312,0.6467999815940857
YPL204W,YFL058W,0,-4.5321236,0.1291060894727707,0.9589999914169312,0.6468999981880188
YAL059W,YPR191W,0,-4.532325,0.12908869981765747,0.9589999914169312,0.6470000147819519
YJL099W,YJL053W,0,-4.5323343,0.12907132506370544,0.9589999914169312,0.6470999717712402
YJL219W,YMR005W,0,-4.532694,0.1290539652109146,0.9589999914169312,0.6471999883651733
YBL045C,YOR116C,0,-4.5327196,0.12903660535812378,0.9589999914169312,0.6473000049591064
YLR284C,YOR073W,0,-4.5331707,0.12901924550533295,0.9589999914169312,0.6474000215530396
YIL026C,YDL033C,0,-4.5338535,0.12900188565254211,0.9589999914169312,0.6474999785423279
YMR164C,YDL033C,0,-4.534384,0.12898452579975128,0.9589999914169312,0.647599995136261
YPL018W,YER107C,0,-4.5345516,0.12896718084812164,0.9589999914169312,0.6477000117301941
YER001W,YNL119W,0,-4.534728,0.1289498507976532,0.9589999914169312,0.6478000283241272
YFR047C,YNL068C,0,-4.5349913,0.12893250584602356,0.9589999914169312,0.6478999853134155
YML011C,YOL020W,0,-4.5352955,0.12891517579555511,0.9589999914169312,0.6480000019073486
YPR135W,YBL024W,0,-4.535513,0.12889784574508667,0.9589999914169312,0.6481000185012817
YER119C,YDR342C,0,-4.535803,0.12888053059577942,0.9589999914169312,0.6481999754905701
YGL124C,YFR050C,0,-4.5359774,0.12886321544647217,0.9589999914169312,0.6482999920845032
YDR174W,YDR078C,0,-4.5361633,0.12884590029716492,0.9589999914169312,0.6484000086784363
YCR002C,YLL027W,0,-4.5365,0.12882858514785767,0.9589999914169312,0.6485000252723694
YOL016C,YFL002C,0,-4.5365496,0.1288112848997116,0.9589999914169312,0.6485999822616577
YLL035W,YLR006C,0,-4.536968,0.12879398465156555,0.9589999914169312,0.6486999988555908
YGL187C,YPR175W,0,-4.5372953,0.1287766844034195,0.9589999914169312,0.6488000154495239
YLR355C,YMR139W,0,-4.537367,0.12875939905643463,0.9589999914169312,0.6488999724388123
YER126C,YLR045C,0,-4.5379677,0.12874211370944977,0.9589999914169312,0.6489999890327454
YGL130W,YDL085W,0,-4.538026,0.1287248283624649,0.9589999914169312,0.6491000056266785
YNR019W,YPL243W,0,-4.53817,0.12870755791664124,0.9589999914169312,0.6492000222206116
YGR254W,YBR228W,0,-4.538183,0.12869028747081757,0.9589999914169312,0.6492999792098999
YLR355C,YDL128W,0,-4.5383177,0.1286730170249939,0.9589999914169312,0.649399995803833
YBL084C,YJL025W,0,-4.5389986,0.12865576148033142,0.9589999914169312,0.6495000123977661
YKL179C,YOL129W,0,-4.539275,0.12863849103450775,0.9589999914169312,0.6496000289916992
YCR042C,YBR284W,0,-4.539398,0.12862125039100647,0.9589999914169312,0.6496999859809875
YGL150C,YJR119C,1,-4.539817,0.12873810529708862,0.9599999785423279,0.6496999859809875
YPL224C,YPR016C,0,-4.539855,0.12872083485126495,0.9599999785423279,0.6498000025749207
YNL041C,YJL012C-A,0,-4.5401373,0.12870357930660248,0.9599999785423279,0.6499000191688538
YGR262C,YML113W,0,-4.5404234,0.12868632376194,0.9599999785423279,0.6499999761581421
YDR456W,YDR088C,0,-4.5408,0.12866908311843872,0.9599999785423279,0.6500999927520752
YPR094W,YHR206W,0,-4.540925,0.12865184247493744,0.9599999785423279,0.6502000093460083
YLR284C,YJL025W,0,-4.541003,0.12863460183143616,0.9599999785423279,0.6503000259399414
YDR255C,YOR083W,0,-4.541004,0.12861736118793488,0.9599999785423279,0.6503999829292297
YOR156C,YPR110C,0,-4.5410175,0.1286001354455948,0.9599999785423279,0.6504999995231628
YFL039C,YJL168C,1,-4.541154,0.1287168562412262,0.9610000252723694,0.6504999995231628
YBR010W,YPR193C,1,-4.5411835,0.12883353233337402,0.9620000123977661,0.6504999995231628
YBR297W,YML124C,0,-4.541213,0.12881627678871155,0.9620000123977661,0.650600016117096
YBR205W,YIR012W,0,-4.541498,0.12879903614521027,0.9620000123977661,0.6506999731063843
YBL033C,YJL143W,0,-4.54179,0.12878179550170898,0.9620000123977661,0.6507999897003174
YJR125C,YGL022W,0,-4.542574,0.1287645548582077,0.9620000123977661,0.6509000062942505
YDR252W,YGL137W,0,-4.542637,0.12874732911586761,0.9620000123977661,0.6510000228881836
YNL066W,YLR455W,0,-4.542823,0.12873008847236633,0.9620000123977661,0.6510999798774719
YNL145W,YPL120W,0,-4.5429754,0.12871287763118744,0.9620000123977661,0.651199996471405
YGR197C,YOR270C,0,-4.543154,0.12869565188884735,0.9620000123977661,0.6513000130653381
YNR008W,YKL148C,0,-4.5432377,0.12867844104766846,0.9620000123977661,0.6514000296592712
YPR189W,YNL313C,0,-4.5433397,0.12866123020648956,0.9620000123977661,0.6514999866485596
YGL020C,YPL187W,0,-4.5434065,0.12864401936531067,0.9620000123977661,0.6516000032424927
YNR054C,YLR224W,0,-4.5441904,0.12862682342529297,0.9620000123977661,0.6517000198364258
YPR082C,YJL192C,0,-4.5442324,0.12860962748527527,0.9620000123977661,0.6517999768257141
YFR001W,YHR214C-B,0,-4.54475,0.12859243154525757,0.9620000123977661,0.6518999934196472
YER162C,YER118C,0,-4.545519,0.12857525050640106,0.9620000123977661,0.6520000100135803
YFL059W,YHR048W,0,-4.5460014,0.12855806946754456,0.9620000123977661,0.6521000266075134
YGL020C,YJL145W,0,-4.546193,0.12854088842868805,0.9620000123977661,0.6521999835968018
YGL084C,YDR170C,0,-4.5465355,0.12852370738983154,0.9620000123977661,0.6523000001907349
YLL016W,YDL015C,0,-4.5469923,0.12850654125213623,0.9620000123977661,0.652400016784668
YMR060C,YOL097C,0,-4.547229,0.12848937511444092,0.9620000123977661,0.6524999737739563
YDL178W,YGR288W,0,-4.547262,0.1284722238779068,0.9620000123977661,0.6525999903678894
YOR288C,YMR164C,0,-4.5474443,0.12845507264137268,0.9620000123977661,0.6527000069618225
YKL165C,YBR153W,0,-4.5477962,0.12843792140483856,0.9620000123977661,0.6528000235557556
YLL060C,YDL130W,0,-4.548174,0.12842077016830444,0.9620000123977661,0.652899980545044
YPL132W,YHR070W,0,-4.5484343,0.12840363383293152,0.9620000123977661,0.652999997138977
YPL115C,YNL286W,0,-4.5486784,0.1283864974975586,0.9620000123977661,0.6531000137329102
YPL187W,YGR249W,0,-4.5489044,0.12836936116218567,0.9620000123977661,0.6531999707221985
YPR144C,YIL017W,0,-4.5492983,0.12835223972797394,0.9620000123977661,0.6532999873161316
YDR245W,YDR277C,0,-4.54957,0.1283351182937622,0.9620000123977661,0.6534000039100647
YER012W,YDR059C,0,-4.54963,0.12831799685955048,0.9620000123977661,0.6535000205039978
YDR184C,YJR021C,0,-4.549652,0.12830087542533875,0.9620000123977661,0.6535999774932861
YKL038W,YLR034C,0,-4.5505266,0.1282837688922882,0.9620000123977661,0.6536999940872192
YML048W,YIR005W,0,-4.5505486,0.12826666235923767,0.9620000123977661,0.6538000106811523
YJL145W,YPR041W,0,-4.550603,0.12824957072734833,0.9620000123977661,0.6539000272750854
YDR238C,YOR132W,0,-4.550952,0.1282324641942978,0.9620000123977661,0.6539999842643738
YDR515W,YDR443C,0,-4.551797,0.12821538746356964,0.9620000123977661,0.6541000008583069
YDR469W,YCR033W,1,-4.553211,0.12833155691623688,0.9629999995231628,0.6541000008583069
YHR091C,YDR456W,0,-4.553625,0.12831445038318634,0.9629999995231628,0.65420001745224
YER168C,YDR281C,0,-4.553693,0.128297358751297,0.9629999995231628,0.6542999744415283
YMR079W,YOL093W,0,-4.5538244,0.12828026711940765,0.9629999995231628,0.6543999910354614
YBR290W,YDL038C,0,-4.5543375,0.1282631903886795,0.9629999995231628,0.6545000076293945
YDR016C,YLR355C,0,-4.5543394,0.12824609875679016,0.9629999995231628,0.6546000242233276
YBR093C,YIR011C,0,-4.5546207,0.128229022026062,0.9629999995231628,0.654699981212616
YMR199W,YDR297W,0,-4.555217,0.12821196019649506,0.9629999995231628,0.6547999978065491
YPL012W,YML029W,0,-4.555339,0.1281948834657669,0.9629999995231628,0.6549000144004822
YLR248W,YLR045C,0,-4.5555973,0.12817782163619995,0.9629999995231628,0.6549999713897705
YDL081C,YNL257C,0,-4.555874,0.128160759806633,0.9629999995231628,0.6550999879837036
YHR006W,YER041W,0,-4.556204,0.12814371287822723,0.9629999995231628,0.6552000045776367
YDR446W,YKR097W,0,-4.5565376,0.12812666594982147,0.9629999995231628,0.6553000211715698
YJL095W,YCR005C,0,-4.556899,0.1281096190214157,0.9629999995231628,0.6553999781608582
YPR033C,YOR326W,0,-4.557021,0.12809257209300995,0.9629999995231628,0.6554999947547913
YLR080W,YJR139C,0,-4.5577,0.12807554006576538,0.9629999995231628,0.6556000113487244
YJR144W,YJL108C,0,-4.5587626,0.1280585080385208,0.9629999995231628,0.6557000279426575
YDL003W,YPL063W,0,-4.559121,0.12804149091243744,0.9629999995231628,0.6557999849319458
YBR201W,YDR194C,0,-4.5594254,0.12802445888519287,0.9629999995231628,0.6559000015258789
YDL004W,YEL002C,0,-4.559492,0.1280074417591095,0.9629999995231628,0.656000018119812
YHR183W,YGR178C,0,-4.5596733,0.12799042463302612,0.9629999995231628,0.6560999751091003
YDR009W,YOL011W,0,-4.5600414,0.12797342240810394,0.9629999995231628,0.6561999917030334
YDR518W,YBR297W,0,-4.5601187,0.12795642018318176,0.9629999995231628,0.6563000082969666
YCL035C,YOR216C,0,-4.5606127,0.12793941795825958,0.9629999995231628,0.6564000248908997
YDR258C,YOR305W,0,-4.561301,0.1279224157333374,0.9629999995231628,0.656499981880188
YNL236W,YOR305W,0,-4.5614223,0.12790542840957642,0.9629999995231628,0.6565999984741211
YOL151W,YJR043C,0,-4.561846,0.12788844108581543,0.9629999995231628,0.6567000150680542
YPR125W,YMR046C,0,-4.561923,0.12787146866321564,0.9629999995231628,0.6567999720573425
YGL065C,YPL262W,0,-4.5620823,0.12785448133945465,0.9629999995231628,0.6568999886512756
YGL029W,YJL089W,0,-4.562375,0.12783750891685486,0.9629999995231628,0.6570000052452087
YHR039C,YKR053C,0,-4.562419,0.12782055139541626,0.9629999995231628,0.6571000218391418
YDR211W,YHL028W,0,-4.5625544,0.12780357897281647,0.9629999995231628,0.6571999788284302
YKL053C-A,YGL167C,0,-4.5629187,0.12778662145137787,0.9629999995231628,0.6572999954223633
YCL063W,YIL082W-A,0,-4.5631237,0.12776966392993927,0.9629999995231628,0.6574000120162964
YMR109W,YOR341W,0,-4.563422,0.12775272130966187,0.9629999995231628,0.6575000286102295
YML077W,YNL163C,0,-4.5634537,0.12773577868938446,0.9629999995231628,0.6575999855995178
YLR304C,YLR332W,0,-4.563648,0.12771883606910706,0.9629999995231628,0.6577000021934509
YOR073W,YML045W,0,-4.563677,0.12770189344882965,0.9629999995231628,0.657800018787384
YDR365C,YPL218W,0,-4.564082,0.12768496572971344,0.9629999995231628,0.6578999757766724
YGL212W,YGL104C,0,-4.5641594,0.12766803801059723,0.9629999995231628,0.6579999923706055
YDL117W,YMR015C,0,-4.564535,0.12765111029148102,0.9629999995231628,0.6581000089645386
YDR022C,YBL005W-A,0,-4.5647593,0.127634197473526,0.9629999995231628,0.6582000255584717
YFL025C,YDR329C,0,-4.5647936,0.12761728465557098,0.9629999995231628,0.65829998254776
YNR058W,YML012W,0,-4.5652065,0.12760037183761597,0.9629999995231628,0.6583999991416931
YDL112W,YCL019W,0,-4.56524,0.12758345901966095,0.9629999995231628,0.6585000157356262
YHR042W,YKL075C,0,-4.5656185,0.12756656110286713,0.9629999995231628,0.6585999727249146
YDR085C,YOL094C,0,-4.56577,0.1275496631860733,0.9629999995231628,0.6586999893188477
YDL006W,YFL059W,0,-4.566101,0.12753278017044067,0.9629999995231628,0.6588000059127808
YLL018C-A,YDL106C,0,-4.566766,0.12751589715480804,0.9629999995231628,0.6589000225067139
YLR155C,YBL084C,0,-4.5672064,0.12749901413917542,0.9629999995231628,0.6589999794960022
YGR204W,YNL214W,0,-4.567542,0.12748213112354279,0.9629999995231628,0.6590999960899353
YER054C,YDL159W,0,-4.56804,0.12746524810791016,0.9629999995231628,0.6592000126838684
YNL281W,YKL075C,0,-4.568697,0.12744837999343872,0.9629999995231628,0.6593000292778015
YJL018W,YDR460W,0,-4.5688477,0.12743152678012848,0.9629999995231628,0.6593999862670898
YLL015W,YIL009W,0,-4.5692024,0.12741465866565704,0.9629999995231628,0.659500002861023
YCR018C,YBL106C,0,-4.5696716,0.1273978054523468,0.9629999995231628,0.659600019454956
YPR200C,YJL021C,0,-4.5703745,0.12738095223903656,0.9629999995231628,0.6596999764442444
YKL084W,YDR079C-A,0,-4.570814,0.12736409902572632,0.9629999995231628,0.6597999930381775
YDL194W,YBR006W,0,-4.570919,0.12734726071357727,0.9629999995231628,0.6599000096321106
YJL100W,YKR095W-A,0,-4.571162,0.12733042240142822,0.9629999995231628,0.6600000262260437
YGR041W,YIL080W,0,-4.571308,0.12731358408927917,0.9629999995231628,0.660099983215332
YHR186C,YOR008C-A,0,-4.5718393,0.12729676067829132,0.9629999995231628,0.6601999998092651
YKL138C-A,YLR212C,0,-4.572214,0.12727993726730347,0.9629999995231628,0.6603000164031982
YGR245C,YBR105C,0,-4.5723515,0.1272631138563156,0.9629999995231628,0.6603999733924866
YPR201W,YMR190C,0,-4.5726786,0.12724630534648895,0.9629999995231628,0.6604999899864197
YPL012W,YLL016W,0,-4.572891,0.1272294819355011,0.9629999995231628,0.6606000065803528
YAL054C,YPL016W,1,-4.5730267,0.1273447871208191,0.9639999866485596,0.6606000065803528
YNL220W,YOR116C,0,-4.5733175,0.12732796370983124,0.9639999866485596,0.6607000231742859
YGR129W,YDR353W,0,-4.573324,0.12731114029884338,0.9639999866485596,0.6607999801635742
YDL085W,YCR027C,0,-4.5736113,0.12729433178901672,0.9639999866485596,0.6608999967575073
YIL040W,YHR012W,0,-4.573675,0.12727752327919006,0.9639999866485596,0.6610000133514404
YDL198C,YCL035C,0,-4.573694,0.1272607296705246,0.9639999866485596,0.6610999703407288
YER155C,YNL202W,0,-4.5739822,0.12724392116069794,0.9639999866485596,0.6611999869346619
YKL055C,YOR182C,0,-4.5743113,0.12722712755203247,0.9639999866485596,0.661300003528595
YGL006W,YKL122C,0,-4.574498,0.1272103488445282,0.9639999866485596,0.6614000201225281
YLR284C,YNL334C,0,-4.574588,0.12719355523586273,0.9639999866485596,0.6614999771118164
YDR255C,YER123W,0,-4.575018,0.12717677652835846,0.9639999866485596,0.6615999937057495
YDR156W,YKL075C,0,-4.575369,0.12716001272201538,0.9639999866485596,0.6617000102996826
YIL140W,YLR003C,0,-4.576048,0.1271432340145111,0.9639999866485596,0.6618000268936157
YFR021W,YFL011W-A,0,-4.576195,0.12712647020816803,0.9639999866485596,0.661899983882904
YOR240W,YDR460W,0,-4.5765553,0.12710970640182495,0.9639999866485596,0.6620000004768372
YML047C,YNR048W,0,-4.576556,0.12709294259548187,0.9639999866485596,0.6621000170707703
YER110C,YGR289C,0,-4.576667,0.1270761936903,0.9639999866485596,0.6621999740600586
YNL242W,YLL024C,0,-4.576974,0.1270594447851181,0.9639999866485596,0.6622999906539917
YPL115C,YBR182C,0,-4.5776834,0.12704269587993622,0.9639999866485596,0.6624000072479248
YJR065C,YER094C,0,-4.577691,0.12702596187591553,0.9639999866485596,0.6625000238418579
YMR146C,YDR213W,0,-4.5780334,0.12700922787189484,0.9639999866485596,0.6625999808311462
YLR069C,YNL207W,0,-4.5780954,0.12699249386787415,0.9639999866485596,0.6626999974250793
YDR168W,YGR268C,0,-4.578125,0.12697575986385345,0.9639999866485596,0.6628000140190125
YLR060W,YLR450W,0,-4.5784216,0.12695904076099396,0.9639999866485596,0.6628999710083008
YNL145W,YPR002W,0,-4.578436,0.12694232165813446,0.9639999866485596,0.6629999876022339
YLR353W,YCL026C-A,0,-4.5791197,0.12692560255527496,0.9639999866485596,0.663100004196167
YDL051W,YOL066C,0,-4.5793276,0.12690889835357666,0.9639999866485596,0.6632000207901001
YMR078C,YNL006W,0,-4.579521,0.12689219415187836,0.9639999866485596,0.6632999777793884
YJL129C,YGR281W,0,-4.582081,0.12687548995018005,0.9639999866485596,0.6633999943733215
YLR186W,YGL201C,0,-4.5834856,0.12685880064964294,0.9639999866485596,0.6635000109672546
YAL010C,YGR272C,0,-4.5851727,0.12684211134910583,0.9639999866485596,0.6636000275611877
YGR246C,YDR202C,0,-4.585252,0.12682542204856873,0.9639999866485596,0.6636999845504761
YLL043W,YCR073W-A,0,-4.585264,0.12680873274803162,0.9639999866485596,0.6638000011444092
YIL125W,YGR241C,0,-4.5856047,0.1267920583486557,0.9639999866485596,0.6639000177383423
YDR273W,YMR015C,0,-4.585618,0.12677538394927979,0.9639999866485596,0.6639999747276306
YDR184C,YMR214W,0,-4.587549,0.12675870954990387,0.9639999866485596,0.6640999913215637
YML011C,YBR048W,0,-4.587737,0.12674205005168915,0.9639999866485596,0.6642000079154968
YDR388W,YPL239W,0,-4.5880337,0.12672539055347443,0.9639999866485596,0.6643000245094299
YCL035C,YNL310C,0,-4.5882635,0.1267087310552597,0.9639999866485596,0.6643999814987183
YDR216W,YDL052C,0,-4.5887175,0.12669207155704498,0.9639999866485596,0.6644999980926514
YKL152C,YML062C,0,-4.589286,0.12667542695999146,0.9639999866485596,0.6646000146865845
YIR015W,YLR222C,0,-4.589446,0.12665878236293793,0.9639999866485596,0.6646999716758728
YDR039C,YDL090C,0,-4.5894527,0.1266421377658844,0.9639999866485596,0.6647999882698059
YER082C,YER074W-A,0,-4.589964,0.12662550806999207,0.9639999866485596,0.664900004863739
YPR171W,YOL129W,0,-4.5900927,0.12660887837409973,0.9639999866485596,0.6650000214576721
YLR154C,YBR012W-A,0,-4.5909767,0.1265922486782074,0.9639999866485596,0.6650999784469604
YHL040C,YGL226C-A,0,-4.5910406,0.12657563388347626,0.9639999866485596,0.6651999950408936
YPR201W,YKL028W,0,-4.5911827,0.12655901908874512,0.9639999866485596,0.6653000116348267
YOL127W,YFL045C,0,-4.591379,0.12654240429401398,0.9639999866485596,0.6654000282287598
YOR133W,YML131W,0,-4.5915585,0.12652578949928284,0.9639999866485596,0.6654999852180481
YDR523C,YOR229W,0,-4.5916233,0.1265091896057129,0.9639999866485596,0.6656000018119812
YAL010C,YGR170W,0,-4.5920763,0.12649258971214294,0.9639999866485596,0.6657000184059143
YPR010C,YDL109C,0,-4.5921335,0.126475989818573,0.9639999866485596,0.6657999753952026
YMR238W,YKL043W,0,-4.5921926,0.12645940482616425,0.9639999866485596,0.6658999919891357
YLR022C,YDR160W,0,-4.5932283,0.1264428049325943,0.9639999866485596,0.6660000085830688
YDR377W,YPL187W,0,-4.5937376,0.12642623484134674,0.9639999866485596,0.666100025177002
YOR113W,YBR004C,0,-4.5938663,0.126409649848938,0.9639999866485596,0.6661999821662903
YAL035W,YCL019W,0,-4.5947857,0.12639307975769043,0.9639999866485596,0.6662999987602234
YKL213C,YOR266W,0,-4.595063,0.12637650966644287,0.9639999866485596,0.6664000153541565
YOR257W,YJL108C,0,-4.595146,0.1263599395751953,0.9639999866485596,0.6664999723434448
YNL201C,YNL313C,0,-4.596176,0.12634338438510895,0.9639999866485596,0.6665999889373779
YLL018C-A,YPR042C,0,-4.596323,0.12632682919502258,0.9639999866485596,0.666700005531311
YJR160C,YBL035C,0,-4.5964613,0.12631027400493622,0.9639999866485596,0.6668000221252441
YOL139C,YBL035C,0,-4.5967693,0.12629371881484985,0.9639999866485596,0.6668999791145325
YCR086W,YCR058C,0,-4.5968447,0.12627717852592468,0.9639999866485596,0.6669999957084656
YPR201W,YLR051C,0,-4.597172,0.1262606382369995,0.9639999866485596,0.6671000123023987
YGR267C,YLL011W,0,-4.5976925,0.12624411284923553,0.9639999866485596,0.6672000288963318
YNR002C,YMR012W,0,-4.5977154,0.12622757256031036,0.9639999866485596,0.6672999858856201
YJR065C,YGL097W,0,-4.5977583,0.1262110471725464,0.9639999866485596,0.6674000024795532
YOL071W,YBR012W-B,0,-4.5979853,0.1261945217847824,0.9639999866485596,0.6675000190734863
YDR256C,YEL012W,0,-4.598276,0.12617801129817963,0.9639999866485596,0.6675999760627747
YJL093C,YPR107C,0,-4.5985584,0.12616150081157684,0.9639999866485596,0.6676999926567078
YAR002C-A,YIL009W,0,-4.598769,0.12614499032497406,0.9639999866485596,0.6678000092506409
YPR181C,YGR251W,0,-4.598916,0.12612847983837128,0.9639999866485596,0.667900025844574
YML077W,YNL202W,0,-4.5989237,0.1261119842529297,0.9639999866485596,0.6679999828338623
YDR294C,YJL093C,0,-4.5991793,0.1260954886674881,0.9639999866485596,0.6680999994277954
YDR069C,YML074C,0,-4.599183,0.1260789930820465,0.9639999866485596,0.6682000160217285
YKR020W,YGL255W,0,-4.599304,0.1260625123977661,0.9639999866485596,0.6682999730110168
YLR157C,YOL158C,0,-4.599373,0.12604603171348572,0.9639999866485596,0.66839998960495
YHL027W,YIL017C,0,-4.5996437,0.12602955102920532,0.9639999866485596,0.6685000061988831
YFL025C,YKL214C,0,-4.600175,0.12601307034492493,0.9639999866485596,0.6686000227928162
YIL044C,YJR156C,0,-4.600913,0.12599660456180573,0.9639999866485596,0.6686999797821045
YKR035W-A,YBR020W,0,-4.601181,0.12598013877868652,0.9639999866485596,0.6687999963760376
YGL027C,YOL043C,0,-4.601207,0.12596367299556732,0.9639999866485596,0.6689000129699707
YOL091W,YDR495C,0,-4.6013575,0.12594722211360931,0.9639999866485596,0.6690000295639038
YHR188C,YJL039C,0,-4.601473,0.1259307712316513,0.9639999866485596,0.6690999865531921
YGR254W,YKL026C,0,-4.6016817,0.1259143203496933,0.9639999866485596,0.6692000031471252
YOR188W,YLR426W,0,-4.6017275,0.1258978694677353,0.9639999866485596,0.6693000197410583
YLR370C,YOR119C,0,-4.6021194,0.12588143348693848,0.9639999866485596,0.6693999767303467
YPL227C,YIR017C,0,-4.6021624,0.12586499750614166,0.9639999866485596,0.6694999933242798
YGL068W,YCR020C,0,-4.602254,0.12584856152534485,0.9639999866485596,0.6696000099182129
YJR047C,YMR192W,0,-4.602339,0.12583214044570923,0.9639999866485596,0.669700026512146
YDR030C,YLR107W,0,-4.6024523,0.1258157193660736,0.9639999866485596,0.6697999835014343
YGR123C,YDR255C,0,-4.6024723,0.125799298286438,0.9639999866485596,0.6699000000953674
YGL045W,YDR198C,0,-4.602474,0.12578287720680237,0.9639999866485596,0.6700000166893005
YLR246W,YPR075C,0,-4.602538,0.12576647102832794,0.9639999866485596,0.6700999736785889
YGL063W,YDR120C,0,-4.6027107,0.12575006484985352,0.9639999866485596,0.670199990272522
YKL085W,YML019W,0,-4.602726,0.1257336586713791,0.9639999866485596,0.6703000068664551
YLR189C,YMR225C,0,-4.6027813,0.12571726739406586,0.9639999866485596,0.6704000234603882
YER127W,YMR225C,0,-4.603121,0.12570087611675262,0.9639999866485596,0.6704999804496765
YJL109C,YEL002C,0,-4.6031647,0.1256844848394394,0.9639999866485596,0.6705999970436096
YPR105C,YKL001C,0,-4.603586,0.12566809356212616,0.9639999866485596,0.6707000136375427
YOR349W,YJR147W,0,-4.603628,0.12565171718597412,0.9639999866485596,0.670799970626831
YOL127W,YJR046W,0,-4.6039143,0.12563534080982208,0.9639999866485596,0.6708999872207642
YBR161W,YHR070W,0,-4.6047344,0.12561897933483124,0.9639999866485596,0.6710000038146973
YOR346W,YOR073W,0,-4.6051865,0.1256026029586792,0.9639999866485596,0.6711000204086304
YPL018W,YOR008C-A,0,-4.605686,0.12558624148368835,0.9639999866485596,0.6711999773979187
YKL084W,YHR163W,0,-4.6057835,0.1255698800086975,0.9639999866485596,0.6712999939918518
YMR175W,YHL028W,0,-4.6059713,0.12555353343486786,0.9639999866485596,0.6714000105857849
YOR275C,YGL104C,0,-4.6062984,0.12553717195987701,0.9639999866485596,0.671500027179718
YHL024W,YNR048W,0,-4.6063137,0.12552084028720856,0.9639999866485596,0.6715999841690063
YOL054W,YPR080W,0,-4.606447,0.1255044937133789,0.9639999866485596,0.6717000007629395
YHL040C,YPR110C,0,-4.6066084,0.12548814713954926,0.9639999866485596,0.6718000173568726
YNL091W,YHR079C-A,0,-4.606843,0.1254718154668808,0.9639999866485596,0.6718999743461609
YNL159C,YKL001C,0,-4.606848,0.12545549869537354,0.9639999866485596,0.671999990940094
YDR122W,YPL007C,0,-4.608821,0.12543916702270508,0.9639999866485596,0.6721000075340271
YDR353W,YMR051C,0,-4.6093893,0.12542285025119781,0.9639999866485596,0.6722000241279602
YMR036C,YOR084W,0,-4.60952,0.12540653347969055,0.9639999866485596,0.6722999811172485
YJR090C,YOR229W,0,-4.6100807,0.1253902167081833,0.9639999866485596,0.6723999977111816
YPL174C,YER126C,0,-4.6101007,0.12537391483783722,0.9639999866485596,0.6725000143051147
YLR450W,YGL241W,0,-4.6104126,0.12535761296749115,0.9639999866485596,0.6725999712944031
YLR329W,YPR080W,0,-4.6107807,0.12534131109714508,0.9639999866485596,0.6726999878883362
YDR211W,YGL181W,0,-4.610834,0.125325009226799,0.9639999866485596,0.6728000044822693
YNL236W,YDR306C,0,-4.611163,0.12530872225761414,0.9639999866485596,0.6729000210762024
YLR206W,YKR072C,0,-4.611373,0.12529243528842926,0.9639999866485596,0.6729999780654907
YPR193C,YJL080C,1,-4.6116524,0.12540610134601593,0.9649999737739563,0.6729999780654907
YPL087W,YCL033C,0,-4.6116743,0.12538981437683105,0.9649999737739563,0.6730999946594238
YLR080W,YDR113C,0,-4.6120005,0.12537352740764618,0.9649999737739563,0.6732000112533569
YBL098W,YDR337W,0,-4.6121063,0.1253572404384613,0.9649999737739563,0.67330002784729
YGR284C,YKL119C,0,-4.6122417,0.12534095346927643,0.9649999737739563,0.6733999848365784
YPR001W,YDR477W,0,-4.612418,0.12532468140125275,0.9649999737739563,0.6735000014305115
YDR416W,YGL096W,0,-4.612442,0.12530839443206787,0.9649999737739563,0.6736000180244446
YOR381W,YLR350W,0,-4.6125565,0.12529213726520538,0.9649999737739563,0.6736999750137329
YPR165W,YCR061W,0,-4.6126003,0.1252758651971817,0.9649999737739563,0.673799991607666
YDR221W,YKL035W,0,-4.613083,0.1252596080303192,0.9649999737739563,0.6739000082015991
YOL122C,YGR042W,0,-4.613124,0.12524335086345673,0.9649999737739563,0.6740000247955322
YGL238W,YKR095W-A,0,-4.6132317,0.12522709369659424,0.9649999737739563,0.6740999817848206
YKR067W,YCR066W,0,-4.6134615,0.12521085143089294,0.9649999737739563,0.6741999983787537
YGL209W,YPR125W,0,-4.6134825,0.12519460916519165,0.9649999737739563,0.6743000149726868
YPL126W,YBL033C,0,-4.6134996,0.12517836689949036,0.9649999737739563,0.6743999719619751
YNL016W,YLR193C,0,-4.6135283,0.12516212463378906,0.9649999737739563,0.6744999885559082
YBR159W,YGR059W,0,-4.6136417,0.12514589726924896,0.9649999737739563,0.6746000051498413
YLR160C,YLR324W,0,-4.613675,0.12512966990470886,0.9649999737739563,0.6747000217437744
YML071C,YLR003C,0,-4.614066,0.12511344254016876,0.9649999737739563,0.6747999787330627
YHR011W,YJR132W,0,-4.614108,0.12509723007678986,0.9649999737739563,0.6748999953269958
YLR270W,YIL149C,0,-4.6147118,0.12508101761341095,0.9649999737739563,0.675000011920929
YLR055C,YPL041C,0,-4.614977,0.12506480515003204,0.9649999737739563,0.6751000285148621
YEL062W,YDR079W,0,-4.615122,0.12504859268665314,0.9649999737739563,0.6751999855041504
YML113W,YEL050C,0,-4.6158476,0.12503239512443542,0.9649999737739563,0.6753000020980835
YDR456W,YMR260C,0,-4.6160326,0.1250161975622177,0.9649999737739563,0.6754000186920166
YDL178W,YHR065C,0,-4.616168,0.125,0.9649999737739563,0.6754999756813049
YNR019W,YLR008C,0,-4.6164427,0.12498380988836288,0.9649999737739563,0.675599992275238
YBL015W,YJL019W,0,-4.616667,0.12496762722730637,0.9649999737739563,0.6757000088691711
YBR042C,YLR039C,0,-4.6168337,0.12495144456624985,0.9649999737739563,0.6758000254631042
YIL140W,YOR113W,0,-4.6169424,0.12493526935577393,0.9649999737739563,0.6758999824523926
YPR065W,YMR218C,0,-4.617466,0.124919094145298,0.9649999737739563,0.6759999990463257
YHL031C,YGL205W,0,-4.617507,0.12490292638540268,0.9649999737739563,0.6761000156402588
YFL039C,YPL129W,1,-4.6188793,0.12501618266105652,0.9660000205039978,0.6761000156402588
YKL082C,YCL074W,0,-4.6189785,0.125,0.9660000205039978,0.6761999726295471
YKR095W-A,YBR097W,0,-4.6192837,0.12498382478952408,0.9660000205039978,0.6762999892234802
YKR095W,YOR049C,0,-4.6194124,0.12496765702962875,0.9660000205039978,0.6764000058174133
YPL051W,YJL053W,0,-4.6198606,0.12495149672031403,0.9660000205039978,0.6765000224113464
YDR385W,YML094W,0,-4.619982,0.1249353364109993,0.9660000205039978,0.6765999794006348
YOR001W,YLR337W,0,-4.6209154,0.12491917610168457,0.9660000205039978,0.6766999959945679
YER149C,YBR012W-A,0,-4.621561,0.12490302324295044,0.9660000205039978,0.676800012588501
YNR033W,YPL018W,0,-4.621603,0.1248868778347969,0.9660000205039978,0.6769000291824341
YDL175C,YGL047W,0,-4.622075,0.12487073242664337,0.9660000205039978,0.6769999861717224
YPL028W,YKL045W,0,-4.622077,0.12485459446907043,0.9660000205039978,0.6771000027656555
YPR141C,YBR293W,0,-4.6221867,0.1248384565114975,0.9660000205039978,0.6772000193595886
YDR345C,YBR035C,0,-4.6224804,0.12482232600450516,0.9660000205039978,0.677299976348877
YCR057C,YCR027C,0,-4.6228046,0.12480620294809341,0.9660000205039978,0.6773999929428101
YMR211W,YBL013W,0,-4.6237345,0.12479007989168167,0.9660000205039978,0.6775000095367432
YPL012W,YDL118W,0,-4.625531,0.12477395683526993,0.9660000205039978,0.6776000261306763
YGR055W,YGR007W,0,-4.625678,0.12475784868001938,0.9660000205039978,0.6776999831199646
YPL112C,YGR054W,0,-4.626108,0.12474173307418823,0.9660000205039978,0.6777999997138977
YPR182W,YOR187W,0,-4.6265364,0.12472563236951828,0.9660000205039978,0.6779000163078308
YOR204W,YLR136C,0,-4.6272764,0.12470952421426773,0.9660000205039978,0.6779999732971191
YGR169C,YDL170W,0,-4.6275263,0.12469343096017838,0.9660000205039978,0.6780999898910522
YOL026C,YIL077C,0,-4.6275826,0.12467733770608902,0.9660000205039978,0.6782000064849854
YLR276C,YIR012W,0,-4.6278133,0.12466124445199966,0.9660000205039978,0.6783000230789185
YLR304C,YJL021C,0,-4.6284075,0.1246451586484909,0.9660000205039978,0.6783999800682068
YOR079C,YPL274W,0,-4.6288567,0.12462908029556274,0.9660000205039978,0.6784999966621399
YJR025C,YGR057C,0,-4.6288595,0.12461300194263458,0.9660000205039978,0.678600013256073
YFL023W,YER041W,0,-4.629225,0.12459693104028702,0.9660000205039978,0.6786999702453613
YDR245W,YEL031W,0,-4.629492,0.12458086013793945,0.9660000205039978,0.6787999868392944
YGR178C,YOR073W,0,-4.629714,0.12456479668617249,0.9660000205039978,0.6789000034332275
YER049W,YDR120C,0,-4.630004,0.12454873323440552,0.9660000205039978,0.6790000200271606
YMR277W,YPR167C,0,-4.6301184,0.12453267723321915,0.9660000205039978,0.679099977016449
YPR131C,YHR030C,0,-4.630911,0.12451662868261337,0.9660000205039978,0.6791999936103821
YIL098C,YOR315W,0,-4.631423,0.1245005801320076,0.9660000205039978,0.6793000102043152
YDR040C,YMR035W,0,-4.631469,0.12448453903198242,0.9660000205039978,0.6794000267982483
YGR230W,YFL002W-A,0,-4.63151,0.12446849793195724,0.9660000205039978,0.6794999837875366
YOR133W,YOR373W,0,-4.631543,0.12445246428251266,0.9660000205039978,0.6796000003814697
YKL141W,YPL276W,0,-4.6325045,0.12443643063306808,0.9660000205039978,0.6797000169754028
YPL125W,YBR297W,0,-4.632538,0.1244204044342041,0.9660000205039978,0.6797999739646912
YNL291C,YGR296W,0,-4.632988,0.12440437823534012,0.9660000205039978,0.6798999905586243
YGR059W,YNL247W,0,-4.633279,0.12438835948705673,0.9660000205039978,0.6800000071525574
YGL195W,YJL164C,0,-4.634119,0.12437234818935394,0.9660000205039978,0.6801000237464905
YJR160C,YJL108C,0,-4.6341534,0.12435633689165115,0.9660000205039978,0.6801999807357788
YBL090W,YPR080W,0,-4.6346827,0.12434032559394836,0.9660000205039978,0.6802999973297119
YNL294C,YPL237W,0,-4.634899,0.12432432174682617,0.9660000205039978,0.680400013923645
YIL123W,YJL029C,0,-4.6349144,0.12430832535028458,0.9660000205039978,0.6804999709129333
YDR245W,YDL079C,0,-4.6352186,0.12429232895374298,0.9660000205039978,0.6805999875068665
YDR503C,YOR095C,0,-4.635228,0.12427634000778198,0.9660000205039978,0.6807000041007996
YFL025C,YLR466W,0,-4.6355095,0.12426035851240158,0.9660000205039978,0.6808000206947327
YNL068C,YMR045C,0,-4.635786,0.12424436956644058,0.9660000205039978,0.680899977684021
YHR001W,YEL031W,0,-4.636503,0.12422839552164078,0.9660000205039978,0.6809999942779541
YLR148W,YJR028W,0,-4.6365194,0.12421242147684097,0.9660000205039978,0.6811000108718872
YIR037W,YLR167W,0,-4.636979,0.12419645488262177,0.9660000205039978,0.6812000274658203
YKL129C,YJL069C,0,-4.6372395,0.12418048828840256,0.9660000205039978,0.6812999844551086
YGL046W,YDR486C,0,-4.6374664,0.12416452169418335,0.9660000205039978,0.6814000010490417
YHL031C,YKL006C-A,0,-4.637892,0.12414857000112534,0.9660000205039978,0.6815000176429749
YLR008C,YOR270C,0,-4.637906,0.12413261085748672,0.9660000205039978,0.6815999746322632
YBR110W,YOR344C,0,-4.638049,0.12411666661500931,0.9660000205039978,0.6816999912261963
YML025C,YLR126C,0,-4.6385555,0.12410072237253189,0.9660000205039978,0.6818000078201294
YOL149W,YNL113W,0,-4.6390123,0.12408477813005447,0.9660000205039978,0.6819000244140625
YNL094W,YKL043W,0,-4.6394634,0.12406884133815765,0.9660000205039978,0.6819999814033508
YPR175W,YOR119C,0,-4.6396847,0.12405291199684143,0.9660000205039978,0.6820999979972839
YDR052C,YDR284C,0,-4.640094,0.12403698265552521,0.9660000205039978,0.682200014591217
YLR060W,YGR280C,0,-4.6400967,0.12402105331420898,0.9660000205039978,0.6822999715805054
YPL262W,YKL042W,0,-4.640912,0.12400513142347336,0.9660000205039978,0.6823999881744385
YOR275C,YPL218W,0,-4.6417427,0.12398921698331833,0.9660000205039978,0.6825000047683716
YPR122W,YBR036C,0,-4.6417713,0.1239733025431633,0.9660000205039978,0.6826000213623047
YFL003C,YKL041W,0,-4.641865,0.12395739555358887,0.9660000205039978,0.682699978351593
YOR162C,YJR141W,0,-4.642112,0.12394149601459503,0.9660000205039978,0.6827999949455261
YNR057C,YBL005W-A,0,-4.6425295,0.1239255964756012,0.9660000205039978,0.6829000115394592
YLR060W,YDR346C,0,-4.6427975,0.12390969693660736,0.9660000205039978,0.6830000281333923
YHR193C,YOR043W,0,-4.6430054,0.12389380484819412,0.9660000205039978,0.6830999851226807
YDR036C,YML123C,0,-4.6434555,0.12387792021036148,0.9660000205039978,0.6832000017166138
YEL071W,YOR162C,0,-4.644191,0.12386203557252884,0.9660000205039978,0.6833000183105469
YER049W,YLR262C,0,-4.644636,0.1238461509346962,0.9660000205039978,0.6833999752998352
YMR060C,YCL074W,0,-4.645337,0.12383028119802475,0.9660000205039978,0.6834999918937683
YOR168W,YBL100W-B,0,-4.6464148,0.1238144040107727,0.9660000205039978,0.6836000084877014
YHL031C,YLL016W,0,-4.6471853,0.12379854172468185,0.9660000205039978,0.6837000250816345
YBR185C,YBR171W,0,-4.647935,0.1237826719880104,0.9660000205039978,0.6837999820709229
YAR042W,YLR455W,0,-4.648161,0.12376681715250015,0.9660000205039978,0.683899998664856
YOL009C,YLL061W,0,-4.6483583,0.1237509623169899,0.9660000205039978,0.6840000152587891
YPL217C,YAL022C,0,-4.6490126,0.12373510748147964,0.9660000205039978,0.6840999722480774
YER044C,YLR139C,0,-4.6490507,0.12371926009654999,0.9660000205039978,0.6841999888420105
YFR033C,YMR182C,0,-4.6493473,0.12370342016220093,0.9660000205039978,0.6843000054359436
YOR367W,YOR045W,0,-4.649806,0.12368758022785187,0.9660000205039978,0.6844000220298767
YDL106C,YLR009W,0,-4.65003,0.1236717477440834,0.9660000205039978,0.684499979019165
YOR181W,YOL011W,0,-4.6501513,0.12365591526031494,0.9660000205039978,0.6845999956130981
YLR170C,YIR026C,0,-4.6510506,0.12364009022712708,0.9660000205039978,0.6847000122070312
YML029W,YGR296W,0,-4.6511345,0.12362426519393921,0.9660000205039978,0.6848000288009644
YNL129W,YMR260C,0,-4.6514425,0.12360844761133194,0.9660000205039978,0.6848999857902527
YDR085C,YEL012W,0,-4.6514626,0.12359263002872467,0.9660000205039978,0.6850000023841858
YMR092C,YIL085C,0,-4.6524134,0.123576819896698,0.9660000205039978,0.6851000189781189
YGL094C,YOR148C,0,-4.6526976,0.12356100976467133,0.9660000205039978,0.6851999759674072
YGR225W,YDR126W,0,-4.653426,0.12354520708322525,0.9660000205039978,0.6852999925613403
YFL010W-A,YKL138C-A,0,-4.6537714,0.12352941185235977,0.9660000205039978,0.6854000091552734
YMR192W,YFL045C,0,-4.654196,0.1235136166214943,0.9660000205039978,0.6855000257492065
YBL024W,YDR443C,0,-4.6545315,0.12349782884120941,0.9660000205039978,0.6855999827384949
YJL089W,YLR313C,0,-4.6550007,0.12348204106092453,0.9660000205039978,0.685699999332428
YHR036W,YLL016W,0,-4.6551514,0.12346626073122025,0.9660000205039978,0.6858000159263611
YOR130C,YKL070W,0,-4.655548,0.12345048040151596,0.9660000205039978,0.6858999729156494
YGR092W,YDR465C,0,-4.6565466,0.12343470752239227,0.9660000205039978,0.6859999895095825
YOR377W,YBR284W,0,-4.6568384,0.12341893464326859,0.9660000205039978,0.6861000061035156
YDR501W,YML014W,0,-4.6568613,0.1234031692147255,0.9660000205039978,0.6862000226974487
YCR048W,YER190W,0,-4.657028,0.1233874037861824,0.9660000205039978,0.6862999796867371
YKR039W,YHR102W,0,-4.657193,0.12337164580821991,0.9660000205039978,0.6863999962806702
YKL085W,YPL212C,0,-4.657851,0.12335589528083801,0.9660000205039978,0.6865000128746033
YDL227C,YOR226C,0,-4.6579456,0.12334014475345612,0.9660000205039978,0.6866000294685364
YJL021C,YAR014C,0,-4.658064,0.12332439422607422,0.9660000205039978,0.6866999864578247
YOL020W,YGR281W,0,-4.6580725,0.12330865114927292,0.9660000205039978,0.6868000030517578
YMR264W,YPL041C,0,-4.6581154,0.12329291552305222,0.9660000205039978,0.6869000196456909
YKL016C,YER072W,0,-4.6583023,0.12327717989683151,0.9660000205039978,0.6869999766349792
YDR221W,YCL019W,0,-4.6586647,0.1232614517211914,0.9660000205039978,0.6870999932289124
YNL135C,YGL178W,1,-4.6586657,0.12337330728769302,0.9670000076293945,0.6870999932289124
YPL078C,YJR141W,0,-4.6587353,0.12335757166147232,0.9670000076293945,0.6872000098228455
YGR204W,YOL078W,0,-4.658741,0.12334183603525162,0.9670000076293945,0.6873000264167786
YDR524C,YGR251W,0,-4.6590004,0.12332610785961151,0.9670000076293945,0.6873999834060669
YOR045W,YCL069W,0,-4.659359,0.1233103796839714,0.9670000076293945,0.6875
YDL100C,YAL015C,0,-4.6594687,0.1232946589589119,0.9670000076293945,0.6876000165939331
YOR034C,YFR028C,0,-4.6595488,0.12327893823385239,0.9670000076293945,0.6876999735832214
YJR055W,YGR094W,0,-4.659853,0.12326322495937347,0.9670000076293945,0.6877999901771545
YDL087C,YKL200C,0,-4.6599197,0.12324751168489456,0.9670000076293945,0.6879000067710876
YFL039C,YLR418C,1,-4.660179,0.12335924804210663,0.9679999947547913,0.6879000067710876
YKL134C,YMR050C,0,-4.6603813,0.12334352731704712,0.9679999947547913,0.6880000233650208
YOR241W,YKR095W-A,0,-4.660619,0.1233278140425682,0.9679999947547913,0.6880999803543091
YFL023W,YCR098C,0,-4.6611137,0.1233121007680893,0.9679999947547913,0.6881999969482422
YLR117C,YOR245C,0,-4.6613636,0.12329639494419098,0.9679999947547913,0.6883000135421753
YNL029C,YLR134W,0,-4.6614637,0.12328068912029266,0.9679999947547913,0.6883999705314636
YLR377C,YBR276C,0,-4.6621485,0.12326499074697495,0.9679999947547913,0.6884999871253967
YBR160W,YGR165W,0,-4.662178,0.12324929982423782,0.9679999947547913,0.6886000037193298
YPL202C,YBL106C,0,-4.663044,0.1232336089015007,0.9679999947547913,0.6887000203132629
YFL009W,YDL014W,0,-4.6633787,0.12321792542934418,0.9679999947547913,0.6887999773025513
YAL031C,YKL075C,0,-4.6637287,0.12320224195718765,0.9679999947547913,0.6888999938964844
YBR083W,YER138C,0,-4.6639175,0.12318655848503113,0.9679999947547913,0.6890000104904175
YAR014C,YHL012W,0,-4.663928,0.1231708899140358,0.9679999947547913,0.6891000270843506
YOL135C,YNL129W,0,-4.6639566,0.12315521389245987,0.9679999947547913,0.6891999840736389
YIL026C,YMR165C,0,-4.6644917,0.12313955277204514,0.9679999947547913,0.689300000667572
YBR145W,YGR188C,0,-4.664776,0.1231238842010498,0.9679999947547913,0.6894000172615051
YDL223C,YCR037C,0,-4.665371,0.12310823053121567,0.9679999947547913,0.6894999742507935
YPR154W,YER022W,0,-4.665739,0.12309257686138153,0.9679999947547913,0.6895999908447266
YOR094W,YKR066C,0,-4.665844,0.1230769231915474,0.9679999947547913,0.6897000074386597
YGL187C,YAL056W,0,-4.6658926,0.12306127697229385,0.9679999947547913,0.6898000240325928
YML078W,YJL098W,0,-4.665905,0.12304563075304031,0.9679999947547913,0.6898999810218811
YLR376C,YCR073W-A,0,-4.666686,0.12302999198436737,0.9679999947547913,0.6899999976158142
YPL233W,YDR465C,0,-4.666811,0.12301436066627502,0.9679999947547913,0.6901000142097473
YNL117W,YHR206W,0,-4.6669683,0.12299872934818268,0.9679999947547913,0.6901999711990356
YDL117W,YIL125W,0,-4.6670513,0.12298310548067093,0.9679999947547913,0.6902999877929688
YDR317W,YIL143C,0,-4.667305,0.12296748161315918,0.9679999947547913,0.6904000043869019
YLR153C,YPR052C,1,-4.6675367,0.12307887524366379,0.968999981880188,0.6904000043869019
YLR391W,YPL188W,0,-4.6675396,0.12306324392557144,0.968999981880188,0.690500020980835
YER179W,YKL119C,0,-4.6677217,0.12304762005805969,0.968999981880188,0.6905999779701233
YDR198C,YJL138C,0,-4.6679773,0.12303199619054794,0.968999981880188,0.6906999945640564
YJL020C,YLR008C,0,-4.6679983,0.12301637977361679,0.968999981880188,0.6908000111579895
YIL167W,YGL113W,0,-4.668042,0.12300076335668564,0.968999981880188,0.6909000277519226
YOR034C,YER119C,0,-4.66807,0.12298514693975449,0.968999981880188,0.6909999847412109
YKR054C,YMR134W,0,-4.6687193,0.12296954542398453,0.968999981880188,0.691100001335144
YKR067W,YAL029C,0,-4.66883,0.12295393645763397,0.968999981880188,0.6912000179290771
YCR091W,YKL028W,0,-4.6690054,0.12293834239244461,0.968999981880188,0.6912999749183655
YPL200W,YHL031C,0,-4.66903,0.12292274832725525,0.968999981880188,0.6913999915122986
YBR201W,YCL019W,0,-4.6691036,0.12290715426206589,0.968999981880188,0.6915000081062317
YKL016C,YMR232W,0,-4.669469,0.12289156764745712,0.968999981880188,0.6916000247001648
YDR343C,YIR037W,0,-4.6695843,0.12287598103284836,0.968999981880188,0.6916999816894531
YKL170W,YBR061C,0,-4.669692,0.12286040186882019,0.968999981880188,0.6917999982833862
YGL043W,YPR110C,0,-4.6699467,0.12284483015537262,0.968999981880188,0.6919000148773193
YJR125C,YPL204W,0,-4.6700964,0.12282925844192505,0.968999981880188,0.6919999718666077
YBR020W,YOR194C,0,-4.6701937,0.12281368672847748,0.968999981880188,0.6920999884605408
YOL009C,YNL002C,0,-4.6703825,0.1227981224656105,0.968999981880188,0.6922000050544739
YHR187W,YCR040W,0,-4.670435,0.12278256565332413,0.968999981880188,0.692300021648407
YPL271W,YJL042W,0,-4.67048,0.12276700884103775,0.968999981880188,0.6923999786376953
YDR245W,YIL056W,0,-4.6707144,0.12275145947933197,0.968999981880188,0.6924999952316284
YJL020C,YBR182C,0,-4.6708784,0.12273591011762619,0.968999981880188,0.6926000118255615
YGL173C,YJR156C,0,-4.670994,0.12272036820650101,0.968999981880188,0.6927000284194946
YDR411C,YGL113W,0,-4.671091,0.12270482629537582,0.968999981880188,0.692799985408783
YFR047C,YFL005W,0,-4.671109,0.12268929183483124,0.968999981880188,0.6929000020027161
YLL001W,YOL002C,0,-4.6711617,0.12267375737428665,0.968999981880188,0.6930000185966492
YML112W,YDL118W,0,-4.671171,0.12265823036432266,0.968999981880188,0.6930999755859375
YLR248W,YJR029W,0,-4.6719446,0.12264270335435867,0.968999981880188,0.6931999921798706
YLR116W,YAL017W,0,-4.672738,0.12262718379497528,0.968999981880188,0.6933000087738037
YFR024C-A,YOR301W,0,-4.673272,0.12261166423559189,0.968999981880188,0.6934000253677368
YNL023C,YCR012W,0,-4.673296,0.12259615212678909,0.968999981880188,0.6934999823570251
YPL221W,YER040W,0,-4.6734667,0.1225806474685669,0.968999981880188,0.6935999989509583
YHL047C,YNL332W,0,-4.673685,0.1225651428103447,0.968999981880188,0.6937000155448914
YNR049C,YLR313C,0,-4.673827,0.1225496381521225,0.968999981880188,0.6937999725341797
YLR153C,YGL178W,1,-4.6741114,0.12266059964895248,0.9700000286102295,0.6937999725341797
YDR524C,YJL170C,0,-4.6742277,0.12264508754014969,0.9700000286102295,0.6938999891281128
YCL035C,YGR281W,0,-4.675309,0.12262958288192749,0.9700000286102295,0.6940000057220459
YGR078C,YBR024W,0,-4.6753798,0.12261407822370529,0.9700000286102295,0.694100022315979
YLR026C,YMR051C,0,-4.67579,0.12259858101606369,0.9700000286102295,0.6941999793052673
YNR074C,YDR122W,0,-4.675867,0.12258309125900269,0.9700000286102295,0.6942999958992004
YBR111W-A,YGR047C,0,-4.6758966,0.12256760150194168,0.9700000286102295,0.6944000124931335
YBR010W,YMR053C,1,-4.6762657,0.12267845869064331,0.9710000157356262,0.6944000124931335
YNL135C,YDL236W,1,-4.676386,0.12278928607702255,0.972000002861023,0.6944000124931335
YGR055W,YDR369C,0,-4.6766596,0.12277378141880035,0.972000002861023,0.6945000290870667
YNL223W,YOR168W,0,-4.6768026,0.12275826930999756,0.972000002861023,0.694599986076355
YOR100C,YER029C,0,-4.6769857,0.12274277210235596,0.972000002861023,0.6947000026702881
YBL024W,YDR135C,0,-4.6771355,0.12272727489471436,0.972000002861023,0.6948000192642212
YBR041W,YBL042C,0,-4.677911,0.12271177768707275,0.972000002861023,0.6948999762535095
YOR136W,YBL100W-B,0,-4.6782684,0.12269628793001175,0.972000002861023,0.6949999928474426
YAR015W,YCR020C-A,0,-4.6783314,0.12268080562353134,0.972000002861023,0.6951000094413757
YGR008C,YBR012W-B,0,-4.6786814,0.12266532331705093,0.972000002861023,0.6952000260353088
YLL018C-A,YFL033C,0,-4.6789207,0.12264984101057053,0.972000002861023,0.6952999830245972
YML048W,YGR042W,0,-4.679003,0.12263436615467072,0.972000002861023,0.6953999996185303
YIL051C,YMR026C,0,-4.6792965,0.1226188987493515,0.972000002861023,0.6955000162124634
YGL206C,YFR019W,0,-4.6793356,0.12260343134403229,0.972000002861023,0.6955999732017517
YGL070C,YMR175W,0,-4.6793528,0.12258797138929367,0.972000002861023,0.6956999897956848
YML058W-A,YLR262C,0,-4.6795244,0.12257251143455505,0.972000002861023,0.6958000063896179
YOR074C,YDR039C,0,-4.679538,0.12255705147981644,0.972000002861023,0.695900022983551
YDR407C,YCL069W,0,-4.679572,0.12254160642623901,0.972000002861023,0.6959999799728394
YGL169W,YDR395W,0,-4.6802206,0.122526153922081,0.972000002861023,0.6960999965667725
YKR025W,YGR095C,0,-4.6812057,0.12251071631908417,0.972000002861023,0.6962000131607056
YLR097C,YKR059W,0,-4.681365,0.12249527126550674,0.972000002861023,0.6963000297546387
YDR179C,YBL047C,0,-4.681903,0.12247984111309052,0.972000002861023,0.696399986743927
YLR353W,YGR055W,0,-4.6819706,0.12246440351009369,0.972000002861023,0.6965000033378601
YLR186W,YKL143W,0,-4.682296,0.12244898080825806,0.972000002861023,0.6966000199317932
YIL035C,YKR046C,0,-4.6826,0.12243355810642242,0.972000002861023,0.6966999769210815
YOL043C,YKL043W,0,-4.6826706,0.12241813540458679,0.972000002861023,0.6967999935150146
YDL230W,YHR143W-A,0,-4.6827354,0.12240272015333176,0.972000002861023,0.6969000101089478
YEL050C,YDR372C,0,-4.682845,0.12238730490207672,0.972000002861023,0.6970000267028809
YKL200C,YML060W,0,-4.682914,0.12237189710140228,0.972000002861023,0.6970999836921692
YHL031C,YCR040W,0,-4.6831293,0.12235649675130844,0.972000002861023,0.6972000002861023
YCL067C,YKL038W,0,-4.6832037,0.1223410964012146,0.972000002861023,0.6973000168800354
YGR029W,YIL167W,0,-4.6837673,0.12232569605112076,0.972000002861023,0.6973999738693237
YDL069C,YDL024C,0,-4.684436,0.12231030315160751,0.972000002861023,0.6974999904632568
YDR087C,YCL019W,0,-4.6845245,0.12229491770267487,0.972000002861023,0.6976000070571899
YBR132C,YKR002W,0,-4.6845255,0.12227953225374222,0.972000002861023,0.697700023651123
YPL190C,YGR080W,0,-4.6847343,0.12226415425539017,0.972000002861023,0.6977999806404114
YPL075W,YLR167W,0,-4.6847696,0.12224877625703812,0.972000002861023,0.6978999972343445
YNL202W,YOR132W,0,-4.6848087,0.12223339825868607,0.972000002861023,0.6980000138282776
YHR072W,YCR098C,0,-4.685274,0.12221802771091461,0.972000002861023,0.6980999708175659
YCR020C,YDR013W,0,-4.6852818,0.12220266461372375,0.972000002861023,0.698199987411499
YLR324W,YMR139W,0,-4.6853952,0.1221873015165329,0.972000002861023,0.6983000040054321
YDR320C-A,YIR041W,0,-4.6856756,0.12217194586992264,0.972000002861023,0.6984000205993652
YOR074C,YKR034W,0,-4.6856785,0.12215659022331238,0.972000002861023,0.6984999775886536
YOR045W,YDR018C,0,-4.6857576,0.12214124202728271,0.972000002861023,0.6985999941825867
YBR243C,YMR050C,0,-4.6862755,0.12212589383125305,0.972000002861023,0.6987000107765198
YFL033C,YCR061W,0,-4.686681,0.12211055308580399,0.972000002861023,0.6988000273704529
YOR168W,YKL001C,0,-4.6869154,0.12209521234035492,0.972000002861023,0.6988999843597412
YPL241C,YCL039W,0,-4.6869345,0.12207987904548645,0.972000002861023,0.6990000009536743
YCR072C,YGR104C,0,-4.6869383,0.12206454575061798,0.972000002861023,0.6991000175476074
YBR159W,YPL232W,0,-4.6878233,0.12204921990633011,0.972000002861023,0.6991999745368958
YHR166C,YBR247C,0,-4.6879053,0.12203390151262283,0.972000002861023,0.6992999911308289
YKL113C,YLL040C,0,-4.688282,0.12201857566833496,0.972000002861023,0.699400007724762
YGR286C,YJL113W,0,-4.6885433,0.12200326472520828,0.972000002861023,0.6995000243186951
YLR353W,YPL248C,0,-4.6886444,0.1219879537820816,0.972000002861023,0.6995999813079834
YBR205W,YML039W,0,-4.6889257,0.12197264283895493,0.972000002861023,0.6996999979019165
YJL042W,YJL012C,0,-4.6891565,0.12195733934640884,0.972000002861023,0.6998000144958496
YDL046W,YBR171W,0,-4.6896667,0.12194204330444336,0.972000002861023,0.6998999714851379
YPR002W,YNL329C,0,-4.6896677,0.12192674726247787,0.972000002861023,0.699999988079071
YPL135W,YDR013W,0,-4.6900616,0.12191145122051239,0.972000002861023,0.7001000046730042
YDR473C,YOR027W,0,-4.6903477,0.1218961626291275,0.972000002861023,0.7002000212669373
YKL188C,YJR141W,0,-4.6903887,0.12188087403774261,0.972000002861023,0.7002999782562256
YDR419W,YGR111W,0,-4.6904097,0.12186560034751892,0.972000002861023,0.7003999948501587
YER143W,YCR028C-A,0,-4.690631,0.12185031920671463,0.972000002861023,0.7005000114440918
YMR165C,YDL128W,0,-4.6907177,0.12183504551649094,0.972000002861023,0.7006000280380249
YKR035W-A,YMR165C,0,-4.691098,0.12181977927684784,0.972000002861023,0.7006999850273132
YOL117W,YGR005C,0,-4.691123,0.12180451303720474,0.972000002861023,0.7008000016212463
YBR055C,YML027W,0,-4.691478,0.12178924679756165,0.972000002861023,0.7009000182151794
YPR102C,YCR073C,0,-4.692589,0.12177398800849915,0.972000002861023,0.7009999752044678
YDR022C,YNR001C,0,-4.6927147,0.12175873667001724,0.972000002861023,0.7010999917984009
YGR038W,YER138C,0,-4.6930485,0.12174348533153534,0.972000002861023,0.701200008392334
YJL128C,YMR093W,0,-4.6931124,0.12172824144363403,0.972000002861023,0.7013000249862671
YML110C,YGL097W,0,-4.69314,0.12171299755573273,0.972000002861023,0.7013999819755554
YML095C,YLL056C,0,-4.693228,0.12169776111841202,0.972000002861023,0.7014999985694885
YDL043C,YGR192C,0,-4.6939096,0.12168252468109131,0.972000002861023,0.7016000151634216
YML058W-A,YOL146W,0,-4.6945906,0.1216672956943512,0.972000002861023,0.70169997215271
YGL043W,YBR185C,0,-4.694932,0.12165206670761108,0.972000002861023,0.7017999887466431
YKL135C,YFL010W-A,0,-4.6949883,0.12163684517145157,0.972000002861023,0.7019000053405762
YLR080W,YPR033C,0,-4.6952543,0.12162162363529205,0.972000002861023,0.7020000219345093
YGL090W,YKL122C,0,-4.6953163,0.12160640209913254,0.972000002861023,0.7020999789237976
YNR054C,YDR339C,0,-4.695524,0.12159119546413422,0.972000002861023,0.7021999955177307
YPR165W,YLR022C,0,-4.696105,0.1215759813785553,0.972000002861023,0.7023000121116638
YJR031C,YNL037C,0,-4.6963797,0.12156078219413757,0.972000002861023,0.7024000287055969
YER179W,YDL166C,0,-4.6964483,0.12154558300971985,0.972000002861023,0.7024999856948853
YDL166C,YNR032W,0,-4.6965885,0.12153038382530212,0.972000002861023,0.7026000022888184
YPL048W,YNL279W,0,-4.6968355,0.121515192091465,0.972000002861023,0.7027000188827515
YGR261C,YNL332W,0,-4.6983204,0.12150000035762787,0.972000002861023,0.7027999758720398
YOR298C-A,YMR305C,0,-4.699624,0.12148481607437134,0.972000002861023,0.7028999924659729
YMR322C,YBL005W-A,0,-4.6996813,0.12146963179111481,0.972000002861023,0.703000009059906
YGR165W,YJL166W,0,-4.6999865,0.12145445495843887,0.972000002861023,0.7031000256538391
YBL016W,YPL276W,0,-4.7005415,0.12143927812576294,0.972000002861023,0.7031999826431274
YFR028C,YDR005C,0,-4.7008276,0.1214241087436676,0.972000002861023,0.7032999992370605
YNR072W,YBR218C,0,-4.7009525,0.12140894681215286,0.972000002861023,0.7034000158309937
YPR201W,YKR046C,0,-4.701226,0.12139377743005753,0.972000002861023,0.703499972820282
YHL025W,YDR392W,1,-4.701376,0.12150349467992783,0.9729999899864197,0.703499972820282
YMR116C,YBR035C,0,-4.701393,0.12148832529783249,0.9729999899864197,0.7035999894142151
YOR100C,YDR532C,0,-4.7015457,0.12147315591573715,0.9729999899864197,0.7037000060081482
YGR177C,YER154W,0,-4.701666,0.12145799398422241,0.9729999899864197,0.7038000226020813
YMR100W,YLR337W,0,-4.701911,0.12144283205270767,0.9729999899864197,0.7038999795913696
YAR002W,YMR050C,0,-4.702195,0.12142767757177353,0.9729999899864197,0.7039999961853027
YHR059W,YGL016W,0,-4.7028875,0.12141253054141998,0.9729999899864197,0.7041000127792358
YPL060W,YBR154C,0,-4.7039185,0.12139738351106644,0.9729999899864197,0.704200029373169
YDL235C,YBL005W-B,0,-4.7048626,0.12138223648071289,0.9729999899864197,0.7042999863624573
YOR326W,YOR294W,0,-4.705037,0.12136709690093994,0.9729999899864197,0.7044000029563904
YLR117C,YOR095C,0,-4.7052546,0.12135195732116699,0.9729999899864197,0.7045000195503235
YAL012W,YJL114W,0,-4.7053785,0.12133682519197464,0.9729999899864197,0.7045999765396118
YOR182C,YNR048W,0,-4.7054586,0.12132169306278229,0.9729999899864197,0.7046999931335449
YGR037C,YNR039C,0,-4.705599,0.12130656838417053,0.9729999899864197,0.704800009727478
YBR034C,YNR048W,0,-4.7056007,0.12129145115613937,0.9729999899864197,0.7049000263214111
YPL058C,YMR267W,0,-4.7057095,0.12127633392810822,0.9729999899864197,0.7049999833106995
YGL053W,YBL004W,0,-4.7058487,0.12126121670007706,0.9729999899864197,0.7050999999046326
YFR047C,YKL175W,0,-4.7059402,0.1212461069226265,0.9729999899864197,0.7052000164985657
YMR260C,YER190W,0,-4.706459,0.12123099714517593,0.9729999899864197,0.705299973487854
YNL169C,YIL153W,0,-4.706484,0.12121589481830597,0.9729999899864197,0.7053999900817871
YDR079W,YOR143C,0,-4.7065487,0.1212007999420166,0.9729999899864197,0.7055000066757202
YML048W,YJL026W,0,-4.706601,0.12118570506572723,0.9729999899864197,0.7056000232696533
YNL259C,YNL068C,0,-4.706869,0.12117061018943787,0.9729999899864197,0.7056999802589417
YDL017W,YPL152W,0,-4.7071266,0.1211555227637291,0.9729999899864197,0.7057999968528748
YCR075C,YBR118W,0,-4.7072916,0.12114043533802032,0.9729999899864197,0.7059000134468079
YIL002C,YLR455W,0,-4.7077074,0.12112535536289215,0.9729999899864197,0.7059999704360962
YDR343C,YDR195W,0,-4.708129,0.12111028283834457,0.9729999899864197,0.7060999870300293
YJL167W,YGR285C,0,-4.708496,0.121095210313797,0.9729999899864197,0.7062000036239624
YGR005C,YIL017C,0,-4.7087593,0.12108013778924942,0.9729999899864197,0.7063000202178955
YNR058W,YHR191C,0,-4.708843,0.12106507271528244,0.9729999899864197,0.7063999772071838
YGL181W,YHR050W,0,-4.7088566,0.12105001509189606,0.9729999899864197,0.7064999938011169
YGR227W,YDR322C-A,0,-4.7090254,0.12103495746850967,0.9729999899864197,0.70660001039505
YHR133C,YNR064C,0,-4.710437,0.12101989984512329,0.9729999899864197,0.7067000269889832
YKL007W,YBR182C,0,-4.7106752,0.1210048496723175,0.9729999899864197,0.7067999839782715
YJL164C,YJR102C,0,-4.710677,0.12098980695009232,0.9729999899864197,0.7069000005722046
YGR288W,YDR156W,0,-4.7109003,0.12097476422786713,0.9729999899864197,0.7070000171661377
YOR240W,YDR443C,0,-4.711236,0.12095972150564194,0.9729999899864197,0.707099974155426
YBL057C,YNL332W,0,-4.7113533,0.12094468623399734,0.9729999899864197,0.7071999907493591
YGL240W,YHR092C,0,-4.7114153,0.12092965096235275,0.9729999899864197,0.7073000073432922
YJL058C,YNL016W,0,-4.7115135,0.12091462314128876,0.9729999899864197,0.7074000239372253
YIR023W,YGL253W,0,-4.712159,0.12089960277080536,0.9729999899864197,0.7074999809265137
YHL040C,YDL014W,0,-4.7126303,0.12088458240032196,0.9729999899864197,0.7075999975204468
YER168C,YDR492W,0,-4.7129173,0.12086956202983856,0.9729999899864197,0.7077000141143799
YJR121W,YPL187W,0,-4.7138557,0.12085454910993576,0.9729999899864197,0.7077999711036682
YGL173C,YHR197W,0,-4.714012,0.12083954364061356,0.9729999899864197,0.7078999876976013
YGL027C,YLR086W,0,-4.7143908,0.12082453817129135,0.9729999899864197,0.7080000042915344
YDR009W,YPL053C,0,-4.714405,0.12080953270196915,0.9729999899864197,0.7081000208854675
YFR009W,YFL059W,0,-4.714493,0.12079453468322754,0.9729999899864197,0.7081999778747559
YKR027W,YDR236C,0,-4.7145844,0.12077954411506653,0.9729999899864197,0.708299994468689
YPL138C,YBR198C,1,-4.714987,0.12088866531848907,0.9739999771118164,0.708299994468689
YDR106W,YGR254W,0,-4.7154446,0.12087366729974747,0.9739999771118164,0.7084000110626221
YGR238C,YJR156C,0,-4.7155943,0.12085866928100586,0.9739999771118164,0.7085000276565552
YHR165C,YNL160W,0,-4.715803,0.12084367126226425,0.9739999771118164,0.7085999846458435
YHR019C,YPL192C,0,-4.7161007,0.12082868069410324,0.9739999771118164,0.7087000012397766
YGR037C,YLR431C,0,-4.7161465,0.12081369757652283,0.9739999771118164,0.7088000178337097
YPL217C,YML091C,0,-4.716861,0.12079870700836182,0.9739999771118164,0.708899974822998
YPR201W,YJR145C,0,-4.7173157,0.120783731341362,0.9739999771118164,0.7089999914169312
YKR034W,YER053C,0,-4.7178173,0.12076875567436218,0.9739999771118164,0.7091000080108643
YJL092W,YPL152W,0,-4.7184334,0.12075378000736237,0.9739999771118164,0.7092000246047974
YML112W,YBR012W-A,0,-4.7186975,0.12073881179094315,0.9739999771118164,0.7092999815940857
YDR385W,YNL312W,0,-4.718979,0.12072384357452393,0.9739999771118164,0.7093999981880188
YPL240C,YHR081W,0,-4.719386,0.1207088828086853,0.9739999771118164,0.7095000147819519
YNL248C,YML024W,0,-4.7196484,0.12069392949342728,0.9739999771118164,0.7095999717712402
YDR198C,YBR012W-A,0,-4.7203426,0.12067897617816925,0.9739999771118164,0.7096999883651733
YGR074W,YOR027W,0,-4.7206144,0.12066402286291122,0.9739999771118164,0.7098000049591064
YDR098C,YER106W,0,-4.7208138,0.1206490769982338,0.9739999771118164,0.7099000215530396
YLR377C,YOR182C,0,-4.720977,0.12063413113355637,0.9739999771118164,0.7099999785423279
YLR429W,YKL099C,0,-4.720995,0.12061919271945953,0.9739999771118164,0.710099995136261
YBR021W,YPL096W,0,-4.7211895,0.1206042617559433,0.9739999771118164,0.7102000117301941
YNL192W,YPL234C,0,-4.721257,0.12058933079242706,0.9739999771118164,0.7103000283241272
YBR119W,YPR080W,0,-4.721508,0.12057439982891083,0.9739999771118164,0.7103999853134155
YHR070W,YKL075C,0,-4.722417,0.12055947631597519,0.9739999771118164,0.7105000019073486
YDR016C,YBL071W-A,0,-4.722496,0.12054455280303955,0.9739999771118164,0.7106000185012817
YNL312W,YBL100W-B,0,-4.7226496,0.12052963674068451,0.9739999771118164,0.7106999754905701
YPL190C,YLR048W,0,-4.7228985,0.12051472067832947,0.9739999771118164,0.7107999920845032
YGL053W,YBR058C-A,0,-4.7230377,0.12049981206655502,0.9739999771118164,0.7109000086784363
YGR246C,YNL333W,0,-4.7231436,0.12048491090536118,0.9739999771118164,0.7110000252723694
YBR214W,YKR072C,0,-4.72316,0.12047000974416733,0.9739999771118164,0.7110999822616577
YPL125W,YOR230W,0,-4.723634,0.12045510858297348,0.9739999771118164,0.7111999988555908
YOR011W,YDR060W,0,-4.723768,0.12044021487236023,0.9739999771118164,0.7113000154495239
YBR159W,YPR112C,0,-4.72421,0.12042532116174698,0.9739999771118164,0.7113999724388123
YML129C,YOR305W,0,-4.724367,0.12041043490171432,0.9739999771118164,0.7114999890327454
YML057W,YPL076W,0,-4.7245026,0.12039554864168167,0.9739999771118164,0.7116000056266785
YBR237W,YML027W,0,-4.724763,0.12038066983222961,0.9739999771118164,0.7117000222206116
YPL146C,YKL019W,0,-4.7253666,0.12036579102277756,0.9739999771118164,0.7117999792098999
YPL169C,YGR192C,0,-4.7256784,0.1203509196639061,0.9739999771118164,0.711899995803833
YJL106W,YKL201C,0,-4.7260227,0.12033604830503464,0.9739999771118164,0.7120000123977661
YIR041W,YPR010C,0,-4.726103,0.12032118439674377,0.9739999771118164,0.7121000289916992
YDR481C,YOR216C,0,-4.7267065,0.12030632048845291,0.9739999771118164,0.7121999859809875
YJR021C,YBR080C,0,-4.727669,0.12029146403074265,0.9739999771118164,0.7123000025749207
YOR127W,YDR025W,0,-4.727746,0.12027661502361298,0.9739999771118164,0.7124000191688538
YNL166C,YDR343C,0,-4.7277813,0.12026175856590271,0.9739999771118164,0.7124999761581421
YGR129W,YMR050C,0,-4.7280912,0.12024691700935364,0.9739999771118164,0.7125999927520752
YBR132C,YOR103C,0,-4.728215,0.12023206800222397,0.9739999771118164,0.7127000093460083
YNL328C,YIL080W,0,-4.728916,0.1202172338962555,0.9739999771118164,0.7128000259399414
YLR424W,YCL033C,0,-4.7292385,0.12020239233970642,0.9739999771118164,0.7128999829292297
YMR026C,YLR126C,0,-4.729456,0.12018755823373795,0.9739999771118164,0.7129999995231628
YBR185C,YKL057C,0,-4.7295895,0.12017273157835007,0.9739999771118164,0.713100016117096
YBR201W,YPL283C,0,-4.7301435,0.12015790492296219,0.9739999771118164,0.7131999731063843
YEL071W,YMR234W,0,-4.7301807,0.12014308571815491,0.9739999771118164,0.7132999897003174
YJL018W,YGL004C,0,-4.7304306,0.12012826651334763,0.9739999771118164,0.7134000062942505
YNL127W,YPR163C,0,-4.7305593,0.12011345475912094,0.9739999771118164,0.7135000228881836
YCL039W,YCL034W,0,-4.7307644,0.12009864300489426,0.9739999771118164,0.7135999798774719
YOL076W,YNR064C,0,-4.730833,0.12008383870124817,0.9739999771118164,0.713699996471405
YDR446W,YMR139W,0,-4.7310762,0.12006903439760208,0.9739999771118164,0.7138000130653381
YPR020W,YFL004W,0,-4.7317514,0.12005423754453659,0.9739999771118164,0.7139000296592712
YOR236W,YDR263C,0,-4.732419,0.1200394406914711,0.9739999771118164,0.7139999866485596
YPL265W,YJR026W,0,-4.7324715,0.12002464383840561,0.9739999771118164,0.7141000032424927
YGL011C,YBR006W,0,-4.7329464,0.12000985443592072,0.9739999771118164,0.7142000198364258
YCR012W,YHR138C,0,-4.7335863,0.11999507248401642,0.9739999771118164,0.7142999768257141
YOR078W,YGR296W,0,-4.733835,0.11998029053211212,0.9739999771118164,0.7143999934196472
YML085C,YER190W,0,-4.733942,0.11996551603078842,0.9739999771118164,0.7145000100135803
YAL012W,YGL144C,0,-4.734331,0.11995074152946472,0.9739999771118164,0.7146000266075134
YLR284C,YBL035C,0,-4.734412,0.11993596702814102,0.9739999771118164,0.7146999835968018
YGR055W,YMR156C,0,-4.734419,0.11992119997739792,0.9739999771118164,0.7148000001907349
YOR040W,YJL208C,0,-4.734617,0.11990644037723541,0.9739999771118164,0.714900016784668
YPL053C,YPR065W,0,-4.7346735,0.1198916807770729,0.9739999771118164,0.7149999737739563
YBL082C,YKL143W,0,-4.7346916,0.1198769211769104,0.9739999771118164,0.7150999903678894
YKR067W,YOR043W,0,-4.7350283,0.11986216902732849,0.9739999771118164,0.7152000069618225
YDR098C,YJL098W,0,-4.735195,0.11984742432832718,0.9739999771118164,0.7153000235557556
YCR039C,YDR523C,0,-4.7353125,0.11983267962932587,0.9739999771118164,0.715399980545044
YER070W,YJL164C,0,-4.735471,0.11981793493032455,0.9739999771118164,0.715499997138977
YBL099W,YPR002W,0,-4.7363844,0.11980319768190384,0.9739999771118164,0.7156000137329102
YJL125C,YCR058C,0,-4.7364435,0.11978846043348312,0.9739999771118164,0.7156999707221985
YLR002C,YJL089W,0,-4.737118,0.119773730635643,0.9739999771118164,0.7157999873161316
YCL038C,YOR288C,0,-4.7373657,0.11975900828838348,0.9739999771118164,0.7159000039100647
YIL022W,YCL075W,0,-4.737424,0.11974428594112396,0.9739999771118164,0.7160000205039978
YAL007C,YBL005W-B,0,-4.7375994,0.11972956359386444,0.9739999771118164,0.7160999774932861
YGL027C,YKL070W,0,-4.73794,0.11971484869718552,0.9739999771118164,0.7161999940872192
YDR240C,YKL070W,0,-4.7383623,0.11970013380050659,0.9739999771118164,0.7163000106811523
YPL058C,YNL221C,0,-4.7388783,0.11968542635440826,0.9739999771118164,0.7164000272750854
YHR065C,YBR182C,0,-4.739422,0.11967071890830994,0.9739999771118164,0.7164999842643738
YHR055C,YAL055W,0,-4.739562,0.1196560189127922,0.9739999771118164,0.7166000008583069
YBR201W,YNL214W,0,-4.7399015,0.11964131891727448,0.9739999771118164,0.71670001745224
YGL095C,YLR337W,0,-4.7400713,0.11962662637233734,0.9739999771118164,0.7167999744415283
YGL169W,YOR088W,0,-4.74012,0.11961193382740021,0.9739999771118164,0.7168999910354614
YNR001C,YKL046C,0,-4.740181,0.11959724873304367,0.9739999771118164,0.7170000076293945
YDR432W,YBR035C,0,-4.7401915,0.11958256363868713,0.9739999771118164,0.7171000242233276
YER110C,YMR140W,0,-4.7402678,0.1195678859949112,0.9739999771118164,0.717199981212616
YKL195W,YGR156W,0,-4.740966,0.11955320835113525,0.9739999771118164,0.7172999978065491
YIL125W,YGL209W,0,-4.741619,0.11953853815793991,0.9739999771118164,0.7174000144004822
YIR017C,YMR260C,0,-4.7417507,0.11952386796474457,0.9739999771118164,0.7174999713897705
YMR049C,YKL082C,0,-4.742317,0.11950920522212982,0.9739999771118164,0.7175999879837036
YEL036C,YPL266W,0,-4.742614,0.11949454247951508,0.9739999771118164,0.7177000045776367
YMR204C,YOR088W,0,-4.7426863,0.11947987973690033,0.9739999771118164,0.7178000211715698
YGL084C,YJL128C,0,-4.7432604,0.11946522444486618,0.9739999771118164,0.7178999781608582
YPR175W,YPR101W,0,-4.7433786,0.11945057660341263,0.9739999771118164,0.7179999947547913
YMR311C,YOL133W,0,-4.743581,0.11943592876195908,0.9739999771118164,0.7181000113487244
YCR075C,YPL096W,0,-4.7437468,0.11942128837108612,0.9739999771118164,0.7182000279426575
YPL095C,YJL018W,0,-4.7440414,0.11940664798021317,0.9739999771118164,0.7182999849319458
YBR100W,YOR194C,0,-4.7441797,0.11939200758934021,0.9739999771118164,0.7184000015258789
YGL247W,YJR021C,0,-4.7444086,0.11937737464904785,0.9739999771118164,0.718500018119812
YBR111W-A,YKL175W,0,-4.7459564,0.1193627417087555,0.9739999771118164,0.7185999751091003
YNR002C,YIR011C,0,-4.7459993,0.11934811621904373,0.9739999771118164,0.7186999917030334
YFL029C,YNL339C,0,-4.746008,0.11933349817991257,0.9739999771118164,0.7188000082969666
YNL159C,YPL026C,0,-4.746258,0.1193188801407814,0.9739999771118164,0.7189000248908997
YNL177C,YBR265W,0,-4.746336,0.11930426210165024,0.9739999771118164,0.718999981880188
YDR099W,YLR346C,0,-4.7463474,0.11928965151309967,0.9739999771118164,0.7190999984741211
YDR358W,YJL036W,0,-4.746564,0.1192750409245491,0.9739999771118164,0.7192000150680542
YPR005C,YDR393W,0,-4.74774,0.11926043778657913,0.9739999771118164,0.7192999720573425
YOR178C,YJR141W,0,-4.7478456,0.11924583464860916,0.9739999771118164,0.7193999886512756
YOL026C,YGL095C,0,-4.748168,0.11923123896121979,0.9739999771118164,0.7195000052452087
YHR055C,YMR146C,0,-4.7483377,0.11921664327383041,0.9739999771118164,0.7196000218391418
YDL220C,YPR163C,0,-4.74953,0.11920205503702164,0.9739999771118164,0.7196999788284302
YBL097W,YDR465C,0,-4.7496176,0.11918746680021286,0.9739999771118164,0.7197999954223633
YCL059C,YJL208C,0,-4.7496977,0.11917288601398468,0.9739999771118164,0.7199000120162964
YPR185W,YDR489W,0,-4.750352,0.1191583052277565,0.9739999771118164,0.7200000286102295
YLR328W,YAL017W,0,-4.7504215,0.11914373189210892,0.9739999771118164,0.7200999855995178
YDR238C,YDL118W,0,-4.750641,0.11912915855646133,0.9739999771118164,0.7202000021934509
YBR083W,YIL022W,0,-4.751258,0.11911459267139435,0.9739999771118164,0.720300018787384
YLL018C-A,YLR305C,0,-4.7512693,0.11910002678632736,0.9739999771118164,0.7203999757766724
YIL035C,YOR031W,0,-4.7515593,0.11908546090126038,0.9739999771118164,0.7204999923706055
YCR075C,YCR020C,0,-4.7522545,0.11907090246677399,0.9739999771118164,0.7206000089645386
YDR513W,YER149C,0,-4.752837,0.1190563514828682,0.9739999771118164,0.7207000255584717
YML047C,YDR202C,0,-4.75395,0.1190418004989624,0.9739999771118164,0.72079998254776
YKL052C,YGR008C,0,-4.753952,0.11902724951505661,0.9739999771118164,0.7208999991416931
YBR161W,YJR006W,0,-4.7542944,0.11901270598173141,0.9739999771118164,0.7210000157356262
YOR245C,YFL045C,0,-4.754466,0.11899816989898682,0.9739999771118164,0.7210999727249146
YPR005C,YCR058C,0,-4.7550287,0.11898363381624222,0.9739999771118164,0.7211999893188477
YGR156W,YPL237W,0,-4.755377,0.11896909773349762,0.9739999771118164,0.7213000059127808
YNL232W,YMR008C,0,-4.7554502,0.11895456910133362,0.9739999771118164,0.7214000225067139
YNR019W,YGL142C,0,-4.7556324,0.11894004046916962,0.9739999771118164,0.7214999794960022
YLR066W,YDR429C,0,-4.7561646,0.11892551928758621,0.9739999771118164,0.7215999960899353
YLL061W,YOR288C,0,-4.7562084,0.11891099810600281,0.9739999771118164,0.7217000126838684
YER052C,YOR253W,0,-4.756378,0.118896484375,0.9739999771118164,0.7218000292778015
YJR135W-A,YOR084W,0,-4.7566643,0.11888197064399719,0.9739999771118164,0.7218999862670898
YBR145W,YGL243W,0,-4.756669,0.11886746436357498,0.9739999771118164,0.722000002861023
YGR165W,YNL156C,0,-4.7571373,0.11885295808315277,0.9739999771118164,0.722100019454956
YER173W,YCR073W-A,0,-4.757168,0.11883845925331116,0.9739999771118164,0.7221999764442444
YHR081W,YGL135W,0,-4.7579727,0.11882396042346954,0.9739999771118164,0.7222999930381775
YMR037C,YIL080W,0,-4.759124,0.11880946904420853,0.9739999771118164,0.7224000096321106
YBL015W,YGR204W,0,-4.759467,0.11879497766494751,0.9739999771118164,0.7225000262260437
YKL206C,YLR155C,0,-4.759468,0.11878048628568649,0.9739999771118164,0.722599983215332
YBR100W,YLR324W,0,-4.7596216,0.11876600235700607,0.9739999771118164,0.7226999998092651
YDL115C,YHR020W,0,-4.761078,0.11875152587890625,0.9739999771118164,0.7228000164031982
YKL200C,YKL014C,0,-4.761531,0.11873704940080643,0.9739999771118164,0.7228999733924866
YKL038W,YBR214W,0,-4.7616215,0.1187225729227066,0.9739999771118164,0.7229999899864197
YNL012W,YCL075W,0,-4.7618265,0.11870810389518738,0.9739999771118164,0.7231000065803528
YLR401C,YMR267W,0,-4.7618275,0.11869364231824875,0.9739999771118164,0.7232000231742859
YJR105W,YOR078W,0,-4.7621727,0.11867917329072952,0.9739999771118164,0.7232999801635742
YPL240C,YAL017W,0,-4.762329,0.11866471916437149,0.9739999771118164,0.7233999967575073
YOR204W,YNR072W,0,-4.7626524,0.11865026503801346,0.9739999771118164,0.7235000133514404
YNR017W,YLR193C,0,-4.7628813,0.11863581091165543,0.9739999771118164,0.7235999703407288
YDL198C,YDR345C,0,-4.7630644,0.11862136423587799,0.9739999771118164,0.7236999869346619
YDL166C,YGR163W,0,-4.763584,0.11860691756010056,0.9739999771118164,0.723800003528595
YBR132C,YOL066C,0,-4.7638035,0.11859247833490372,0.9739999771118164,0.7239000201225281
YMR213W,YGL001C,0,-4.763912,0.11857803910970688,0.9739999771118164,0.7239999771118164
YFR047C,YPR075C,0,-4.7639666,0.11856359988451004,0.9739999771118164,0.7240999937057495
YDR254W,YOL100W,0,-4.7640047,0.1185491755604744,0.9739999771118164,0.7242000102996826
YDL095W,YIL077C,0,-4.7641,0.11853474378585815,0.9739999771118164,0.7243000268936157
YJL060W,YGR024C,0,-4.764531,0.11852031946182251,0.9739999771118164,0.724399983882904
YAR019C,YCR039C,0,-4.7650337,0.11850590258836746,0.9739999771118164,0.7245000004768372
YGR257C,YOR305W,0,-4.765503,0.11849148571491241,0.9739999771118164,0.7246000170707703
YHL047C,YML061C,0,-4.765523,0.11847706884145737,0.9739999771118164,0.7246999740600586
YDL008W,YPL276W,0,-4.7655563,0.11846265941858292,0.9739999771118164,0.7247999906539917
YFR047C,YER001W,0,-4.7657213,0.11844825744628906,0.9739999771118164,0.7249000072479248
YCR055C,YCR009C,0,-4.7660847,0.11843385547399521,0.9739999771118164,0.7250000238418579
YAR042W,YLR346C,0,-4.7661037,0.11841945350170135,0.9739999771118164,0.7250999808311462
YPL076W,YBR048W,0,-4.766204,0.1184050589799881,0.9739999771118164,0.7251999974250793
YJL091C,YPL283C,0,-4.7662067,0.11839066445827484,0.9739999771118164,0.7253000140190125
YKL060C,YNL222W,0,-4.7670307,0.11837627738714218,0.9739999771118164,0.7253999710083008
YER108C,YLR009W,0,-4.7670393,0.11836189031600952,0.9739999771118164,0.7254999876022339
YBR297W,YPR036W,0,-4.767725,0.11834751069545746,0.9739999771118164,0.725600004196167
YLR069C,YML024W,0,-4.7683764,0.1183331310749054,0.9739999771118164,0.7257000207901001
YDR025W,YKL122C,0,-4.768837,0.11831875890493393,0.9739999771118164,0.7257999777793884
YML114C,YMR045C,0,-4.769268,0.11830438673496246,0.9739999771118164,0.7258999943733215
YPR167C,YKL074C,0,-4.769356,0.118290014564991,0.9739999771118164,0.7260000109672546
YOL117W,YBR012W-B,0,-4.770068,0.11827564984560013,0.9739999771118164,0.7261000275611877
YHR042W,YDR113C,0,-4.770194,0.11826129257678986,0.9739999771118164,0.7261999845504761
YNL014W,YKL019W,0,-4.7703333,0.11824693530797958,0.9739999771118164,0.7263000011444092
YCL026C-A,YGR285C,0,-4.7709904,0.11823257803916931,0.9739999771118164,0.7264000177383423
YDR164C,YPR080W,0,-4.771393,0.11821822822093964,0.9739999771118164,0.7264999747276306
YJL186W,YGR251W,0,-4.771409,0.11820388585329056,0.9739999771118164,0.7265999913215637
YER040W,YER106W,0,-4.7715693,0.11818954348564148,0.9739999771118164,0.7267000079154968
YIL076W,YCL019W,0,-4.7716227,0.1181752011179924,0.9739999771118164,0.7268000245094299
YBR085W,YHR193C,0,-4.7719746,0.11816086620092392,0.9739999771118164,0.7268999814987183
YLR074C,YAL007C,0,-4.772154,0.11814653128385544,0.9739999771118164,0.7269999980926514
YHL047C,YFR021W,0,-4.7722282,0.11813220381736755,0.9739999771118164,0.7271000146865845
YPL063W,YJL114W,0,-4.7724943,0.11811787635087967,0.9739999771118164,0.7271999716758728
YNL207W,YMR210W,0,-4.7727823,0.11810355633497238,0.9739999771118164,0.7272999882698059
YBL105C,YNL247W,0,-4.772807,0.1180892363190651,0.9739999771118164,0.727400004863739
YER044C-A,YGR007W,0,-4.772847,0.1180749163031578,0.9739999771118164,0.7275000214576721
YHR036W,YAR019C,0,-4.773055,0.11806060373783112,0.9739999771118164,0.7275999784469604
YCR020C,YJL072C,0,-4.7732697,0.11804629862308502,0.9739999771118164,0.7276999950408936
YHR052W,YDR098C,0,-4.773303,0.11803199350833893,0.9739999771118164,0.7278000116348267
YER108C,YMR149W,0,-4.7735043,0.11801768839359283,0.9739999771118164,0.7279000282287598
YFL009W,YKR050W,0,-4.773864,0.11800339072942734,0.9739999771118164,0.7279999852180481
YGR276C,YGL039W,0,-4.774047,0.11798910051584244,0.9739999771118164,0.7281000018119812
YIR017C,YKL099C,0,-4.7743587,0.11797480285167694,0.9739999771118164,0.7282000184059143
YDR342C,YPL040C,0,-4.77481,0.11796052008867264,0.9739999771118164,0.7282999753952026
YLR069C,YJR002W,0,-4.775079,0.11794623732566833,0.9739999771118164,0.7283999919891357
YCR089W,YMR260C,0,-4.7751245,0.11793195456266403,0.9739999771118164,0.7285000085830688
YKL176C,YGR296W,0,-4.7752447,0.11791767925024033,0.9739999771118164,0.728600025177002
YDR517W,YJR043C,0,-4.775502,0.11790340393781662,0.9739999771118164,0.7286999821662903
YGL027C,YKL193C,0,-4.776499,0.11788912862539291,0.9739999771118164,0.7287999987602234
YKL170W,YOL097C,0,-4.776779,0.1178748607635498,0.9739999771118164,0.7289000153541565
YNL231C,YHR014W,0,-4.776969,0.11786060035228729,0.9739999771118164,0.7289999723434448
YCR026C,YDR314C,0,-4.77701,0.11784633994102478,0.9739999771118164,0.7290999889373779
YJL006C,YOR008C-A,0,-4.77701,0.11783207952976227,0.9739999771118164,0.729200005531311
YDR513W,YNR072W,0,-4.7782145,0.11781782656908035,0.9739999771118164,0.7293000221252441
YNL127W,YDR545W,0,-4.779027,0.11780358105897903,0.9739999771118164,0.7293999791145325
YDR178W,YNL025C,0,-4.7791843,0.11778933554887772,0.9739999771118164,0.7294999957084656
YMR173W,YLR329W,0,-4.7804117,0.1177750900387764,0.9739999771118164,0.7296000123023987
YNR075W,YFL018W-A,0,-4.7809124,0.11776085197925568,0.9739999771118164,0.7297000288963318
YNL073W,YDL085W,0,-4.7814236,0.11774661391973495,0.9739999771118164,0.7297999858856201
YHR015W,YMR046C,0,-4.781929,0.11773238331079483,0.9739999771118164,0.7299000024795532
YKL022C,YGR244C,0,-4.782048,0.1177181527018547,0.9739999771118164,0.7300000190734863
YPL237W,YER072W,0,-4.78267,0.11770392954349518,0.9739999771118164,0.7300999760627747
YMR165C,YLR136C,0,-4.782858,0.11768970638513565,0.9739999771118164,0.7301999926567078
YGL206C,YFL037W,0,-4.783228,0.11767548322677612,0.9739999771118164,0.7303000092506409
YDR052C,YDR456W,0,-4.7835875,0.11766126751899719,0.9739999771118164,0.730400025844574
YPL175W,YKR059W,0,-4.784254,0.11764705926179886,0.9739999771118164,0.7304999828338623
YNL110C,YML085C,0,-4.784336,0.11763285100460052,0.9739999771118164,0.7305999994277954
YHR116W,YIR026C,0,-4.784482,0.11761864274740219,0.9739999771118164,0.7307000160217285
YKL138C-A,YHR048W,0,-4.7845,0.11760444194078445,0.9739999771118164,0.7307999730110168
YGL021W,YBR012W-B,0,-4.7847395,0.11759024858474731,0.9739999771118164,0.73089998960495
YKL095W,YKL075C,0,-4.7847996,0.11757604777812958,0.9739999771118164,0.7310000061988831
YPL110C,YKL075C,0,-4.785145,0.11756186187267303,0.9739999771118164,0.7311000227928162
YJR139C,YML091C,0,-4.785177,0.1175476685166359,0.9739999771118164,0.7311999797821045
YOR074C,YHR193C,0,-4.7852173,0.11753348261117935,0.9739999771118164,0.7312999963760376
YNL003C,YDL083C,0,-4.7853117,0.1175193041563034,0.9739999771118164,0.7314000129699707
YJL021C,YDR492W,0,-4.785537,0.11750512570142746,0.9739999771118164,0.7315000295639038
YEL034W,YBL035C,0,-4.785672,0.11749095469713211,0.9739999771118164,0.7315999865531921
YEL062W,YCR058C,0,-4.7871666,0.11747678369283676,0.9739999771118164,0.7317000031471252
YER143W,YDR324C,0,-4.7872267,0.11746261268854141,0.9739999771118164,0.7318000197410583
YJL133W,YFR033C,0,-4.7880125,0.11744844913482666,0.9739999771118164,0.7318999767303467
YJL116C,YBR012W-B,0,-4.788232,0.1174342930316925,0.9739999771118164,0.7319999933242798
YKL220C,YDL060W,0,-4.788501,0.11742012947797775,0.9739999771118164,0.7321000099182129
YKL220C,YBR196C,0,-4.7885094,0.1174059808254242,0.9739999771118164,0.732200026512146
YCR010C,YLR391W,0,-4.788685,0.11739182472229004,0.9739999771118164,0.7322999835014343
YCL003W,YML064C,0,-4.7887125,0.11737768352031708,0.9739999771118164,0.7324000000953674
YGR097W,YKR081C,0,-4.7888174,0.11736353486776352,0.9739999771118164,0.7325000166893005
YHR193C,YER118C,0,-4.788933,0.11734940111637115,0.9739999771118164,0.7325999736785889
YPL095C,YDL188C,0,-4.789175,0.1173352599143982,0.9739999771118164,0.732699990272522
YGR120C,YKL188C,0,-4.7894325,0.11732112616300583,0.9739999771118164,0.7328000068664551
YGL245W,YML123C,0,-4.7896166,0.11730699986219406,0.9739999771118164,0.7329000234603882
YDL105W,YKR086W,0,-4.7897034,0.1172928735613823,0.9739999771118164,0.7329999804496765
YGR156W,YIL008W,0,-4.789813,0.11727874726057053,0.9739999771118164,0.7330999970436096
YNL333W,YOR338W,0,-4.7904234,0.11726462841033936,0.9739999771118164,0.7332000136375427
YJR065C,YOR136W,0,-4.7907095,0.11725050956010818,0.9739999771118164,0.733299970626831
YKL186C,YLR048W,0,-4.7908373,0.11723639816045761,0.9739999771118164,0.7333999872207642
YDR503C,YGL246C,0,-4.791054,0.11722228676080704,0.9739999771118164,0.7335000038146973
YAL054C,YOR249C,1,-4.7911654,0.11732851713895798,0.9750000238418579,0.7335000038146973
YHR055C,YJL053W,0,-4.7913475,0.1173144057393074,0.9750000238418579,0.7336000204086304
YGR044C,YLR360W,0,-4.791539,0.11730028688907623,0.9750000238418579,0.7336999773979187
YMR055C,YCL074W,0,-4.7916813,0.11728617548942566,0.9750000238418579,0.7337999939918518
YCR002C,YOR195W,0,-4.791765,0.11727207154035568,0.9750000238418579,0.7339000105857849
YGR195W,YOR132W,0,-4.791793,0.1172579675912857,0.9750000238418579,0.734000027179718
YHR005C,YGR101W,0,-4.792307,0.11724386364221573,0.9750000238418579,0.7340999841690063
YLR048W,YDR246W,0,-4.792344,0.11722976714372635,0.9750000238418579,0.7342000007629395
YML043C,YBR082C,0,-4.792363,0.11721567809581757,0.9750000238418579,0.7343000173568726
YDL083C,YFL005W,0,-4.7925234,0.11720158904790878,0.9750000238418579,0.7343999743461609
YPL212C,YKL154W,0,-4.792921,0.1171875,0.9750000238418579,0.734499990940094
YER108C,YOL142W,0,-4.7932606,0.11717341840267181,0.9750000238418579,0.7346000075340271
YBL097W,YGR186W,0,-4.79342,0.11715933680534363,0.9750000238418579,0.7347000241279602
YGL187C,YDR324C,0,-4.793584,0.11714526265859604,0.9750000238418579,0.7347999811172485
YKL143W,YPL041C,0,-4.7937546,0.11713118851184845,0.9750000238418579,0.7348999977111816
YLR163C,YDR297W,0,-4.793782,0.11711711436510086,0.9750000238418579,0.7350000143051147
YLR291C,YOL129W,0,-4.7938604,0.11710304766893387,0.9750000238418579,0.7350999712944031
YJR059W,YOR338W,0,-4.7943687,0.11708898842334747,0.9750000238418579,0.7351999878883362
YKL152C,YGL201C,0,-4.7947407,0.11707492917776108,0.9750000238418579,0.7353000044822693
YOL044W,YCR055C,0,-4.7952633,0.11706086993217468,0.9750000238418579,0.7354000210762024
YOR193W,YDR465C,0,-4.795434,0.11704681813716888,0.9750000238418579,0.7354999780654907
YNL270C,YPL152W,0,-4.7962856,0.11703276634216309,0.9750000238418579,0.7355999946594238
YBR038W,YDR324C,0,-4.796973,0.11701872199773788,0.9750000238418579,0.7357000112533569
YOR254C,YNR064C,0,-4.796981,0.11700467765331268,0.9750000238418579,0.73580002784729
YPR105C,YIL082W-A,0,-4.7971354,0.11699064075946808,0.9750000238418579,0.7358999848365784
YHL040C,YOR332W,0,-4.7976522,0.11697660386562347,0.9750000238418579,0.7360000014305115
YBL015W,YLR438C-A,0,-4.797765,0.11696257442235947,0.9750000238418579,0.7361000180244446
YCR009C,YOR008C-A,0,-4.79801,0.11694854497909546,0.9750000238418579,0.7361999750137329
YER143W,YKL075C,0,-4.7983093,0.11693451553583145,0.9750000238418579,0.736299991607666
YPL029W,YMR210W,0,-4.7983923,0.11692049354314804,0.9750000238418579,0.7364000082015991
YPL155C,YDL118W,0,-4.7986364,0.11690647155046463,0.9750000238418579,0.7365000247955322
YDL132W,YMR177W,0,-4.79865,0.11689245700836182,0.9750000238418579,0.7365999817848206
YJL116C,YCL003W,0,-4.798896,0.1168784499168396,0.9750000238418579,0.7366999983787537
YLR381W,YDR283C,0,-4.7990227,0.11686443537473679,0.9750000238418579,0.7368000149726868
YOL072W,YLR337W,0,-4.799288,0.11685042828321457,0.9750000238418579,0.7368999719619751
YBR100W,YDR501W,0,-4.7994423,0.11683642864227295,0.9750000238418579,0.7369999885559082
YGR099W,YLR224W,0,-4.7994423,0.11682242900133133,0.9750000238418579,0.7371000051498413
YHR197W,YGR072W,0,-4.7999687,0.1168084368109703,0.9750000238418579,0.7372000217437744
YBL079W,YBR118W,0,-4.80072,0.11679444462060928,0.9750000238418579,0.7372999787330627
YIL124W,YKL176C,0,-4.800749,0.11678045243024826,0.9750000238418579,0.7373999953269958
YLR196W,YDR079C-A,0,-4.800826,0.11676646769046783,0.9750000238418579,0.737500011920929
YKL144C,YML024W,0,-4.8010607,0.11675248295068741,0.9750000238418579,0.7376000285148621
YHR171W,YCL026C-A,0,-4.801136,0.11673850566148758,0.9750000238418579,0.7376999855041504
YJL125C,YGL045W,0,-4.801814,0.11672452837228775,0.9750000238418579,0.7378000020980835
YNL223W,YER025W,0,-4.8021727,0.11671055853366852,0.9750000238418579,0.7379000186920166
YDL079C,YMR145C,0,-4.802696,0.11669658869504929,0.9750000238418579,0.7379999756813049
YJR158W,YCL034W,0,-4.8031845,0.11668262630701065,0.9750000238418579,0.738099992275238
YKL084W,YMR097C,0,-4.80319,0.11666866391897202,0.9750000238418579,0.7382000088691711
YHR142W,YGL207W,0,-4.8032255,0.11665470153093338,0.9750000238418579,0.7383000254631042
YLR401C,YIR033W,0,-4.803278,0.11664074659347534,0.9750000238418579,0.7383999824523926
YMR303C,YJR125C,0,-4.803418,0.1166267916560173,0.9750000238418579,0.7384999990463257
YGL098W,YLR466W,0,-4.803459,0.11661284416913986,0.9750000238418579,0.7386000156402588
YLR005W,YER160C,0,-4.8051367,0.11659889668226242,0.9750000238418579,0.7386999726295471
YIL013C,YCL054W,0,-4.8059416,0.11658495664596558,0.9750000238418579,0.7387999892234802
YHR197W,YLR119W,0,-4.8061123,0.11657101660966873,0.9750000238418579,0.7389000058174133
YER108C,YLR268W,0,-4.8062973,0.11655708402395248,0.9750000238418579,0.7390000224113464
YLR210W,YKR067W,0,-4.806671,0.11654315143823624,0.9750000238418579,0.7390999794006348
YDR184C,YJR126C,0,-4.806716,0.11652921885251999,0.9750000238418579,0.7391999959945679
YEL029C,YFR003C,0,-4.8067427,0.11651529371738434,0.9750000238418579,0.739300012588501
YEL024W,YJL045W,0,-4.807518,0.11650137603282928,0.9750000238418579,0.7394000291824341
YCR055C,YKR028W,0,-4.8077545,0.11648745834827423,0.9750000238418579,0.7394999861717224
YPL075W,YLR438C-A,0,-4.807865,0.11647354066371918,0.9750000238418579,0.7396000027656555
YHR183W,YPL188W,0,-4.8088207,0.11645963042974472,0.9750000238418579,0.7397000193595886
YIL098C,YGR257C,0,-4.808852,0.11644572019577026,0.9750000238418579,0.739799976348877
YDR141C,YOR098C,0,-4.808902,0.1164318099617958,0.9750000238418579,0.7398999929428101
YLR391W-A,YER065C,0,-4.8094997,0.11641790717840195,0.9750000238418579,0.7400000095367432
YJR047C,YDR205W,0,-4.8097982,0.11640401184558868,0.9750000238418579,0.7401000261306763
YGR225W,YHR161C,0,-4.809943,0.11639011651277542,0.9750000238418579,0.7401999831199646
YPR124W,YOR130C,0,-4.8104687,0.11637622117996216,0.9750000238418579,0.7402999997138977
YBR243C,YNR064C,0,-4.8106546,0.11636233329772949,0.9750000238418579,0.7404000163078308
YKL053C-A,YFL004W,0,-4.811698,0.11634844541549683,0.9750000238418579,0.7404999732971191
YMR316W,YJL018W,0,-4.812808,0.11633456498384476,0.9750000238418579,0.7405999898910522
YDR298C,YBR057C,0,-4.813732,0.11632068455219269,0.9750000238418579,0.7407000064849854
YJR105W,YHL040C,0,-4.81376,0.11630681157112122,0.9750000238418579,0.7408000230789185
YPR088C,YHR214C-B,0,-4.813779,0.11629293859004974,0.9750000238418579,0.7408999800682068
YGR157W,YDR201W,0,-4.814208,0.11627907305955887,0.9750000238418579,0.7409999966621399
YLR466W,YLR426W,0,-4.8144016,0.116265207529068,0.9750000238418579,0.741100013256073
YKL200C,YGR202C,0,-4.815445,0.11625134199857712,0.9750000238418579,0.7411999702453613
YLL027W,YMR164C,0,-4.815505,0.11623748391866684,0.9750000238418579,0.7412999868392944
YJL060W,YKL126W,0,-4.8157806,0.11622362583875656,0.9750000238418579,0.7414000034332275
YOR133W,YBL090W,0,-4.8158855,0.11620977520942688,0.9750000238418579,0.7415000200271606
YLR256W,YLR435W,0,-4.8164825,0.1161959245800972,0.9750000238418579,0.741599977016449
YDR364C,YOL071W,0,-4.817026,0.11618208140134811,0.9750000238418579,0.7416999936103821
YCL038C,YNL291C,0,-4.817091,0.11616823822259903,0.9750000238418579,0.7418000102043152
YFL035C-A,YFL045C,0,-4.81818,0.11615439504384995,0.9750000238418579,0.7419000267982483
YGL187C,YGL226C-A,0,-4.818269,0.11614055931568146,0.9750000238418579,0.7419999837875366
YMR116C,YLR293C,0,-4.8187933,0.11612672358751297,0.9750000238418579,0.7421000003814697
YNL142W,YDR296W,0,-4.8196,0.11611289530992508,0.9750000238418579,0.7422000169754028
YJL196C,YJL190C,0,-4.819913,0.11609907448291779,0.9750000238418579,0.7422999739646912
YMR015C,YGR251W,0,-4.820405,0.1160852462053299,0.9750000238418579,0.7423999905586243
YKL026C,YLR320W,0,-4.820591,0.1160714253783226,0.9750000238418579,0.7425000071525574
YAL016W,YBL100W-B,0,-4.8207636,0.1160576120018959,0.9750000238418579,0.7426000237464905
YPL275W,YNL099C,0,-4.8208694,0.11604379862546921,0.9750000238418579,0.7426999807357788
YPL078C,YER089C,0,-4.820917,0.11602999269962311,0.9750000238418579,0.7427999973297119
YHR007C,YGR133W,0,-4.8220224,0.11601617932319641,0.9750000238418579,0.742900013923645
YER167W,YHR052W,0,-4.822385,0.11600238084793091,0.9750000238418579,0.7429999709129333
YKR067W,YGL113W,0,-4.8230667,0.1159885823726654,0.9750000238418579,0.7430999875068665
YDR345C,YPR125W,0,-4.823107,0.1159747838973999,0.9750000238418579,0.7432000041007996
YPL265W,YOL038W,0,-4.823431,0.115960992872715,0.9750000238418579,0.7433000206947327
YOR380W,YEL024W,0,-4.8237696,0.11594720184803009,0.9750000238418579,0.743399977684021
YLR304C,YOL011W,0,-4.823862,0.11593341082334518,0.9750000238418579,0.7434999942779541
YIL065C,YDR213W,0,-4.823971,0.11591962724924088,0.9750000238418579,0.7436000108718872
YCL066W,YPL019C,0,-4.8239956,0.11590585112571716,0.9750000238418579,0.7437000274658203
YNL009W,YDR487C,0,-4.824958,0.11589207500219345,0.9750000238418579,0.7437999844551086
YGL016W,YPR051W,0,-4.825242,0.11587829887866974,0.9750000238418579,0.7439000010490417
YOR237W,YER001W,0,-4.825368,0.11586453020572662,0.9750000238418579,0.7440000176429749
YPL265W,YDL033C,0,-4.825433,0.11585076153278351,0.9750000238418579,0.7440999746322632
YER044C,YLR268W,0,-4.8258963,0.1158369928598404,0.9750000238418579,0.7441999912261963
YDL230W,YDR146C,0,-4.8261566,0.11582323908805847,0.9750000238418579,0.7443000078201294
YFR036W,YKL110C,0,-4.8262186,0.11580947786569595,0.9750000238418579,0.7444000244140625
YOR349W,YKL032C,0,-4.8264685,0.11579572409391403,0.9750000238418579,0.7444999814033508
YJR126C,YER190W,0,-4.826517,0.11578197032213211,0.9750000238418579,0.7445999979972839
YOR265W,YBL055C,0,-4.82666,0.11576822400093079,0.9750000238418579,0.744700014591217
YDR317W,YBR212W,0,-4.826927,0.11575448513031006,0.9750000238418579,0.7447999715805054
YCL003W,YKR020W,0,-4.8275967,0.11574073880910873,0.9750000238418579,0.7448999881744385
YER094C,YDL118W,0,-4.827673,0.115726999938488,0.9750000238418579,0.7450000047683716
YBR217W,YKL053C-A,0,-4.8278475,0.11571326851844788,0.9750000238418579,0.7451000213623047
YBR201W,YJL214W,0,-4.8282194,0.11569953709840775,0.9750000238418579,0.745199978351593
YMR139W,YPL218W,0,-4.8282394,0.11568580567836761,0.9750000238418579,0.7452999949455261
YGR078C,YCR062W,0,-4.828246,0.11567208170890808,0.9750000238418579,0.7454000115394592
YOL104C,YCR055C,0,-4.8283377,0.11565836519002914,0.9750000238418579,0.7455000281333923
YGR159C,YNL304W,0,-4.8284264,0.11564464122056961,0.9750000238418579,0.7455999851226807
YOR294W,YML124C,0,-4.8287134,0.11563093215227127,0.9750000238418579,0.7457000017166138
YNR074C,YPL110C,0,-4.828992,0.11561721563339233,0.9750000238418579,0.7458000183105469
YEL029C,YER070W,0,-4.8292274,0.115603506565094,0.9750000238418579,0.7458999752998352
YLR424W,YPR080W,0,-4.8297367,0.11558980494737625,0.9750000238418579,0.7459999918937683
YIL117C,YCR018C,0,-4.8298416,0.11557610332965851,0.9750000238418579,0.7461000084877014
YHR005C,YPL135W,0,-4.8299036,0.11556240171194077,0.9750000238418579,0.7462000250816345
YNL282W,YIL082W-A,0,-4.8303976,0.11554870754480362,0.9750000238418579,0.7462999820709229
YAL059W,YML045W,0,-4.8308105,0.11553501337766647,0.9750000238418579,0.746399998664856
YLR028C,YMR051C,0,-4.8310804,0.11552132666110992,0.9750000238418579,0.7465000152587891
YBR132C,YGL253W,0,-4.8312654,0.11550763994455338,0.9750000238418579,0.7465999722480774
YDR025W,YGR161C-D,0,-4.8316803,0.11549396067857742,0.9750000238418579,0.7466999888420105
YGR288W,YJL012C-A,0,-4.831787,0.11548028141260147,0.9750000238418579,0.7468000054359436
YBR200W,YMR035W,0,-4.8324537,0.11546660214662552,0.9750000238418579,0.7469000220298767
YJR137C,YLR212C,0,-4.8324833,0.11545293033123016,0.9750000238418579,0.746999979019165
YNL026W,YHR014W,0,-4.8325367,0.11543925851583481,0.9750000238418579,0.7470999956130981
YOR133W,YKL084W,0,-4.832699,0.11542559415102005,0.9750000238418579,0.7472000122070312
YBR143C,YOL125W,0,-4.833109,0.11541192978620529,0.9750000238418579,0.7473000288009644
YGR261C,YDL109C,0,-4.8340225,0.11539827287197113,0.9750000238418579,0.7473999857902527
YGL200C,YMR308C,0,-4.83405,0.11538461595773697,0.9750000238418579,0.7475000023841858
YER162C,YKR079C,0,-4.834136,0.11537095904350281,0.9750000238418579,0.7476000189781189
YCL003W,YGL097W,0,-4.834241,0.11535730957984924,0.9750000238418579,0.7476999759674072
YPL194W,YMR305C,0,-4.8342724,0.11534366756677628,0.9750000238418579,0.7477999925613403
YOR181W,YOR148C,0,-4.83434,0.11533001810312271,0.9750000238418579,0.7479000091552734
YER017C,YFR047C,0,-4.834361,0.11531638354063034,0.9750000238418579,0.7480000257492065
YBR038W,YFR024C-A,0,-4.8343973,0.11530274152755737,0.9750000238418579,0.7480999827384949
YKL004W,YOR040W,0,-4.834443,0.115289106965065,0.9750000238418579,0.748199999332428
YBR132C,YMR113W,0,-4.836091,0.11527547985315323,0.9750000238418579,0.7483000159263611
YGL181W,YCR081W,0,-4.8364363,0.11526185274124146,0.9750000238418579,0.7483999729156494
YNL207W,YBL100W-B,0,-4.836688,0.11524822562932968,0.9750000238418579,0.7484999895095825
YIL051C,YPL274W,0,-4.836932,0.1152346059679985,0.9750000238418579,0.7486000061035156
YMR192W,YBR111W-A,0,-4.8370523,0.11522098630666733,0.9750000238418579,0.7487000226974487
YER143W,YMR117C,0,-4.8372717,0.11520737409591675,0.9750000238418579,0.7487999796867371
YNR016C,YMR296C,0,-4.8376017,0.11519376188516617,0.9750000238418579,0.7488999962806702
YIL017W,YIR018W,0,-4.8377895,0.11518015712499619,0.9750000238418579,0.7490000128746033
YPL019C,YER160C,0,-4.838382,0.1151665449142456,0.9750000238418579,0.7491000294685364
YAL031C,YNL251C,0,-4.8384657,0.11515294760465622,0.9750000238418579,0.7491999864578247
YOL095C,YDL038C,0,-4.838608,0.11513935029506683,0.9750000238418579,0.7493000030517578
YHL002W,YKL001C,0,-4.8395424,0.11512575298547745,0.9750000238418579,0.7494000196456909
YOR036W,YDR120C,0,-4.8396616,0.11511216312646866,0.9750000238418579,0.7494999766349792
YLR448W,YCR073C,0,-4.8398275,0.11509857326745987,0.9750000238418579,0.7495999932289124
YER052C,YLL040C,0,-4.8401794,0.11508498340845108,0.9750000238418579,0.7497000098228455
YFL018W-A,YLR372W,0,-4.840267,0.11507140100002289,0.9750000238418579,0.7498000264167786
YGL236C,YOR110W,0,-4.8403397,0.11505782604217529,0.9750000238418579,0.7498999834060669
YHR169W,YDR489W,0,-4.841071,0.1150442510843277,0.9750000238418579,0.75
YKL058W,YJL114W,0,-4.8412075,0.1150306761264801,0.9750000238418579,0.7501000165939331
YBR132C,YPL268W,0,-4.8414316,0.1150171086192131,0.9750000238418579,0.7501999735832214
YBR036C,YDL130W,0,-4.8414364,0.1150035411119461,0.9750000238418579,0.7502999901771545
YDR264C,YER160C,0,-4.8416834,0.11498997360467911,0.9750000238418579,0.7504000067710876
YHR186C,YDR202C,0,-4.8419914,0.1149764135479927,0.9750000238418579,0.7505000233650208
YGL051W,YKL120W,0,-4.842169,0.1149628609418869,0.9750000238418579,0.7505999803543091
YHR012W,YCL019W,0,-4.842309,0.1149493008852005,0.9750000238418579,0.7506999969482422
YHR077C,YJR004C,0,-4.8424177,0.11493575572967529,0.9750000238418579,0.7508000135421753
YHR091C,YCL019W,0,-4.842986,0.11492220312356949,0.9750000238418579,0.7508999705314636
YPL187W,YDR487C,0,-4.844818,0.11490866541862488,0.9750000238418579,0.7509999871253967
YIL097W,YML043C,0,-4.845359,0.11489512026309967,0.9750000238418579,0.7511000037193298
YPL217C,YDR256C,0,-4.845601,0.11488158255815506,0.9750000238418579,0.7512000203132629
YCR086W,YIL101C,0,-4.8456717,0.11486805230379105,0.9750000238418579,0.7512999773025513
YOR216C,YMR051C,0,-4.845809,0.11485451459884644,0.9750000238418579,0.7513999938964844
YHR074W,YOL010W,0,-4.845833,0.11484099179506302,0.9750000238418579,0.7515000104904175
YHR039C-B,YOR230W,0,-4.846301,0.114827461540699,0.9750000238418579,0.7516000270843506
YLR318W,YJL093C,0,-4.8467493,0.11481394618749619,0.9750000238418579,0.7516999840736389
YOR032C,YHR079C-B,0,-4.8471756,0.11480042338371277,0.9750000238418579,0.751800000667572
YHR052W,YPR105C,0,-4.8471794,0.11478690803050995,0.9750000238418579,0.7519000172615051
YJR158W,YOR110W,0,-4.8472357,0.11477339267730713,0.9750000238418579,0.7519999742507935
YGL051W,YNL244C,0,-4.847293,0.1147598847746849,0.9750000238418579,0.7520999908447266
YJL013C,YGL236C,0,-4.8476906,0.11474638432264328,0.9750000238418579,0.7522000074386597
YNL294C,YGR109W-B,0,-4.847788,0.11473287642002106,0.9750000238418579,0.7523000240325928
YNR067C,YJL214W,0,-4.8480463,0.11471937596797943,0.9750000238418579,0.7523999810218811
YKL051W,YPL026C,0,-4.8485937,0.1147058829665184,0.9750000238418579,0.7524999976158142
YOR079C,YIL125W,0,-4.8485956,0.11469238996505737,0.9750000238418579,0.7526000142097473
YNL117W,YKL082C,0,-4.8487186,0.11467889696359634,0.9750000238418579,0.7526999711990356
YLR069C,YER087C-B,0,-4.8492756,0.11466541141271591,0.9750000238418579,0.7527999877929688
YFL018W-A,YDR407C,0,-4.849369,0.11465192586183548,0.9750000238418579,0.7529000043869019
YOL164W,YDL064W,0,-4.849595,0.11463844776153564,0.9750000238418579,0.753000020980835
YJL167W,YCL019W,0,-4.8503323,0.11462496966123581,0.9750000238418579,0.7530999779701233
YHL040C,YPL145C,0,-4.8506603,0.11461149901151657,0.9750000238418579,0.7531999945640564
YPR190C,YML045W,0,-4.8507023,0.11459802836179733,0.9750000238418579,0.7533000111579895
YPL087W,YNL054W-B,0,-4.8509254,0.1145845577120781,0.9750000238418579,0.7534000277519226
YER127W,YGR272C,0,-4.8513584,0.11457109451293945,0.9750000238418579,0.7534999847412109
YDL130W,YGR038C-B,0,-4.8521805,0.11455763131380081,0.9750000238418579,0.753600001335144
YOR250C,YHR055C,0,-4.852476,0.11454417556524277,0.9750000238418579,0.7537000179290771
YEL071W,YML051W,0,-4.8527365,0.11453071981668472,0.9750000238418579,0.7537999749183655
YJR065C,YNL001W,0,-4.8532953,0.11451726406812668,0.9750000238418579,0.7538999915122986
YHR171W,YLR148W,0,-4.8534765,0.11450381577014923,0.9750000238418579,0.7540000081062317
YOR036W,YBR192W,0,-4.8538246,0.11449036747217178,0.9750000238418579,0.7541000247001648
YER017C,YJR141W,0,-4.853938,0.11447692662477493,0.9750000238418579,0.7541999816894531
YNL091W,YHR138C,0,-4.853961,0.11446348577737808,0.9750000238418579,0.7542999982833862
YFL011W-A,YIL066C,0,-4.8547897,0.11445005238056183,0.9750000238418579,0.7544000148773193
YMR117C,YMR051C,0,-4.855335,0.11443661898374557,0.9750000238418579,0.7544999718666077
YIL033C,YMR190C,0,-4.8553724,0.11442319303750992,0.9750000238418579,0.7545999884605408
YNL219C,YBL005W-A,0,-4.855541,0.11440975964069366,0.9750000238418579,0.7547000050544739
YKL017C,YPL019C,0,-4.855962,0.1143963411450386,0.9750000238418579,0.754800021648407
YPR031W,YGL037C,1,-4.856187,0.11450023204088211,0.9760000109672546,0.754800021648407
YGR264C,YOR315W,0,-4.856406,0.11448680609464645,0.9760000109672546,0.7548999786376953
YOL043C,YBR156C,0,-4.856429,0.1144733726978302,0.9760000109672546,0.7549999952316284
YNR019W,YHR072W-A,0,-4.8564386,0.11445995420217514,0.9760000109672546,0.7551000118255615
YDR518W,YLR035C,0,-4.8567724,0.11444652825593948,0.9760000109672546,0.7552000284194946
YHR174W,YIL117C,0,-4.8568897,0.11443310976028442,0.9760000109672546,0.755299985408783
YER003C,YCR055C,0,-4.8570175,0.11441969871520996,0.9760000109672546,0.7554000020027161
YOL128C,YJR029W,0,-4.8574247,0.1144062802195549,0.9760000109672546,0.7555000185966492
YDR294C,YLR452C,0,-4.857745,0.11439287662506104,0.9760000109672546,0.7555999755859375
YBR132C,YJR004C,0,-4.857893,0.11437946557998657,0.9760000109672546,0.7556999921798706
YIR009W,YER160C,0,-4.8580246,0.1143660619854927,0.9760000109672546,0.7558000087738037
YML059C,YGR197C,0,-4.8581705,0.11435266584157944,0.9760000109672546,0.7559000253677368
YHR052W,YMR079W,0,-4.858384,0.11433926969766617,0.9760000109672546,0.7559999823570251
YJL106W,YDL038C,0,-4.8584375,0.1143258735537529,0.9760000109672546,0.7560999989509583
YNL116W,YKL035W,0,-4.8586073,0.11431248486042023,0.9760000109672546,0.7562000155448914
YPL061W,YHR055C,0,-4.859495,0.11429909616708755,0.9760000109672546,0.7562999725341797
YNL219C,YDR492W,0,-4.859872,0.11428571492433548,0.9760000109672546,0.7563999891281128
YIL040W,YLR284C,0,-4.860714,0.1142723336815834,0.9760000109672546,0.7565000057220459
YLR223C,YMR053C,1,-4.8609467,0.1143760234117508,0.9769999980926514,0.7565000057220459
YOR145C,YDL130W,0,-4.8612995,0.11436263471841812,0.9769999980926514,0.756600022315979
YDR377W,YLR045C,0,-4.861496,0.11434925347566605,0.9769999980926514,0.7566999793052673
YDR030C,YNL202W,0,-4.861902,0.11433587223291397,0.9769999980926514,0.7567999958992004
YJL178C,YGL169W,0,-4.8621893,0.1143224909901619,0.9769999980926514,0.7569000124931335
YBL082C,YOR142W-A,0,-4.8628483,0.11430911719799042,0.9769999980926514,0.7570000290870667
YGR010W,YPR163C,0,-4.86304,0.11429574340581894,0.9769999980926514,0.757099986076355
YLR113W,YPR110C,0,-4.864197,0.11428236961364746,0.9769999980926514,0.7572000026702881
YBL099W,YPR137W,0,-4.8643265,0.11426900327205658,0.9769999980926514,0.7573000192642212
YPL130W,YML039W,0,-4.8644114,0.1142556443810463,0.9769999980926514,0.7573999762535095
YDR200C,YMR045C,0,-4.864662,0.11424228549003601,0.9769999980926514,0.7574999928474426
YJL050W,YDR425W,0,-4.86491,0.11422892659902573,0.9769999980926514,0.7576000094413757
YLR355C,YNL149C,0,-4.865511,0.11421557515859604,0.9769999980926514,0.7577000260353088
YFL011W-A,YNR058W,0,-4.8657207,0.11420222371816635,0.9769999980926514,0.7577999830245972
YNL268W,YKL014C,0,-4.866028,0.11418887227773666,0.9769999980926514,0.7578999996185303
YMR173W,YHL027W,0,-4.8662252,0.11417552828788757,0.9769999980926514,0.7580000162124634
YLR353W,YDL003W,0,-4.867547,0.11416218429803848,0.9769999980926514,0.7580999732017517
YGR044C,YKL006C-A,0,-4.867794,0.11414884775876999,0.9769999980926514,0.7581999897956848
YOL049W,YMR045C,0,-4.8678427,0.1141355112195015,0.9769999980926514,0.7583000063896179
YNL048W,YJL012C-A,0,-4.868161,0.1141221821308136,0.9769999980926514,0.758400022983551
YAR015W,YPL224C,0,-4.868449,0.1141088530421257,0.9769999980926514,0.7584999799728394
YMR081C,YDR412W,0,-4.8687,0.1140955239534378,0.9769999980926514,0.7585999965667725
YOR351C,YER190W,0,-4.86882,0.1140822023153305,0.9769999980926514,0.7587000131607056
YNL248C,YFL002W-B,0,-4.869752,0.1140688881278038,0.9769999980926514,0.7588000297546387
YHL040C,YKL143W,0,-4.869775,0.1140555664896965,0.9769999980926514,0.758899986743927
YLR222C,YOR332W,0,-4.8700247,0.1140422523021698,0.9769999980926514,0.7590000033378601
YOR113W,YCR073C,0,-4.8700743,0.1140289455652237,0.9769999980926514,0.7591000199317932
YOL005C,YDL083C,0,-4.8703613,0.11401563882827759,0.9769999980926514,0.7591999769210815
YKL150W,YLR032W,0,-4.870364,0.11400233209133148,0.9769999980926514,0.7592999935150146
YKR024C,YKL144C,0,-4.8706913,0.11398903280496597,0.9769999980926514,0.7594000101089478
YER143W,YLR377C,0,-4.8707733,0.11397573351860046,0.9769999980926514,0.7595000267028809
YBR109C,YJL113W,0,-4.87088,0.11396244168281555,0.9769999980926514,0.7595999836921692
YAR002C-A,YLR452C,0,-4.8710938,0.11394914984703064,0.9769999980926514,0.7597000002861023
YPR131C,YNL066W,0,-4.8711395,0.11393585801124573,0.9769999980926514,0.7598000168800354
YNL129W,YJR028W,0,-4.871686,0.11392257362604141,0.9769999980926514,0.7598999738693237
YNL201C,YMR045C,0,-4.8717165,0.1139092892408371,0.9769999980926514,0.7599999904632568
YKR027W,YNL313C,0,-4.8722143,0.11389601230621338,0.9769999980926514,0.7601000070571899
YER166W,YGL039W,0,-4.872369,0.11388273537158966,0.9769999980926514,0.760200023651123
YHR075C,YDR164C,0,-4.8730564,0.11386946588754654,0.9769999980926514,0.7602999806404114
YJL101C,YLR141W,0,-4.873377,0.11385619640350342,0.9769999980926514,0.7603999972343445
YKR067W,YNR013C,0,-4.8737783,0.1138429269194603,0.9769999980926514,0.7605000138282776
YDR046C,YLL016W,0,-4.873934,0.11382966488599777,0.9769999980926514,0.7605999708175659
YDL230W,YLR424W,0,-4.874053,0.11381640285253525,0.9769999980926514,0.760699987411499
YCR027C,YDR120C,0,-4.8749714,0.11380314826965332,0.9769999980926514,0.7608000040054321
YKL016C,YOR316C,0,-4.875082,0.11378989368677139,0.9769999980926514,0.7609000205993652
YGR204W,YPL249C,0,-4.8754997,0.11377663910388947,0.9769999980926514,0.7609999775886536
YEL071W,YPR178W,0,-4.87566,0.11376339197158813,0.9769999980926514,0.7610999941825867
YFL011W-A,YCL033C,0,-4.875783,0.1137501448392868,0.9769999980926514,0.7612000107765198
YBL024W,YKR095W-A,0,-4.876642,0.11373690515756607,0.9769999980926514,0.7613000273704529
YDL093W,YDR394W,0,-4.8769274,0.11372366547584534,0.9769999980926514,0.7613999843597412
YBL009W,YDR479C,0,-4.877265,0.1137104257941246,0.9769999980926514,0.7615000009536743
YPL028W,YDR210W-B,0,-4.877491,0.11369719356298447,0.9769999980926514,0.7616000175476074
YNL253W,YHR214C-B,0,-4.87753,0.11368396878242493,0.9769999980926514,0.7616999745368958
YJL018W,YJL012C-A,0,-4.8776045,0.11367073655128479,0.9769999980926514,0.7617999911308289
YML051W,YDR323C,0,-4.8777523,0.11365751177072525,0.9769999980926514,0.761900007724762
YOL125W,YIL029C,0,-4.877783,0.11364429444074631,0.9769999980926514,0.7620000243186951
YMR311C,YJL133W,0,-4.87805,0.11363107711076736,0.9769999980926514,0.7620999813079834
YER108C,YPL244C,0,-4.8781366,0.11361785978078842,0.9769999980926514,0.7621999979019165
YLR144C,YOR237W,0,-4.878702,0.11360464990139008,0.9769999980926514,0.7623000144958496
YDR039C,YNL207W,0,-4.87879,0.11359144002199173,0.9769999980926514,0.7623999714851379
YOR030W,YCR058C,0,-4.87912,0.11357823759317398,0.9769999980926514,0.762499988079071
YPL082C,YDR450W,0,-4.879219,0.11356503516435623,0.9769999980926514,0.7626000046730042
YCR005C,YJR135W-A,0,-4.879594,0.11355183273553848,0.9769999980926514,0.7627000212669373
YPL106C,YMR046C,0,-4.8796988,0.11353863775730133,0.9769999980926514,0.7627999782562256
YOR133W,YBR022W,0,-4.8797836,0.11352545022964478,0.9769999980926514,0.7628999948501587
YJR053W,YCR080W,0,-4.87994,0.11351225525140762,0.9769999980926514,0.7630000114440918
YNL118C,YNR064C,0,-4.880004,0.11349906772375107,0.9769999980926514,0.7631000280380249
YGR009C,YML027W,0,-4.8802147,0.11348588764667511,0.9769999980926514,0.7631999850273132
YJL058C,YJL012C-A,0,-4.8802156,0.11347270756959915,0.9769999980926514,0.7633000016212463
YKL138C-A,YGR178C,0,-4.8802977,0.1134595274925232,0.9769999980926514,0.7634000182151794
YDR276C,YJL114W,0,-4.880579,0.11344635486602783,0.9769999980926514,0.7634999752044678
YDR261C-D,YGR109W-B,0,-4.8806295,0.11343318223953247,0.9769999980926514,0.7635999917984009
YMR083W,YPL026C,0,-4.880785,0.1134200170636177,0.9769999980926514,0.763700008392334
YFL011W-A,YEL063C,0,-4.8811235,0.11340685188770294,0.9769999980926514,0.7638000249862671
YNL278W,YPL240C,0,-4.881178,0.11339368671178818,0.9769999980926514,0.7638999819755554
YOL071W,YOR326W,0,-4.881299,0.11338052898645401,0.9769999980926514,0.7639999985694885
YDR283C,YML045W,0,-4.8814516,0.11336737126111984,0.9769999980926514,0.7641000151634216
YCL035C,YGR165W,0,-4.881587,0.11335422098636627,0.9769999980926514,0.76419997215271
YDR013W,YLR466W,0,-4.881752,0.1133410707116127,0.9769999980926514,0.7642999887466431
YGL078C,YGR144W,0,-4.8820686,0.11332792043685913,0.9769999980926514,0.7644000053405762
YOR085W,YFL002W-A,0,-4.8821554,0.11331477761268616,0.9769999980926514,0.7645000219345093
YDR423C,YOL147C,0,-4.8824873,0.11330163478851318,0.9769999980926514,0.7645999789237976
YPR093C,YLL041C,0,-4.882554,0.1132884994149208,0.9769999980926514,0.7646999955177307
YGL226C-A,YFR003C,0,-4.8828077,0.11327536404132843,0.9769999980926514,0.7648000121116638
YGL172W,YDR247W,0,-4.882861,0.11326222866773605,0.9769999980926514,0.7649000287055969
YPR186C,YPR074C,0,-4.883497,0.11324910074472427,0.9769999980926514,0.7649999856948853
YAR014C,YCR062W,0,-4.8835783,0.1132359728217125,0.9769999980926514,0.7651000022888184
YDR171W,YBL023C,0,-4.8838463,0.11322285234928131,0.9769999980926514,0.7652000188827515
YAL038W,YBL005W-A,0,-4.8849983,0.11320973187685013,0.9769999980926514,0.7652999758720398
YDR142C,YOR386W,0,-4.885087,0.11319661885499954,0.9769999980926514,0.7653999924659729
YML055W,YJL109C,0,-4.8850956,0.11318350583314896,0.9769999980926514,0.765500009059906
YPR023C,YDR225W,1,-4.885269,0.11328622698783875,0.9779999852180481,0.765500009059906
YDR017C,YDL118W,0,-4.8853416,0.11327310651540756,0.9779999852180481,0.7656000256538391
YCR055C,YKL038W,0,-4.8854227,0.11325998604297638,0.9779999852180481,0.7656999826431274
YGL049C,YMR051C,0,-4.8859987,0.1132468730211258,0.9779999852180481,0.7657999992370605
YDR120C,YKR060W,0,-4.886404,0.11323375999927521,0.9779999852180481,0.7659000158309937
YCL008C,YGR296W,0,-4.8864164,0.11322065442800522,0.9779999852180481,0.765999972820282
YER119C,YOR229W,0,-4.8866196,0.11320754885673523,0.9779999852180481,0.7660999894142151
YDR039C,YCL003W,0,-4.886862,0.11319444328546524,0.9779999852180481,0.7662000060081482
YJL021C,YDL120W,0,-4.8873024,0.11318134516477585,0.9779999852180481,0.7663000226020813
YJL167W,YDR280W,0,-4.888503,0.11316824704408646,0.9779999852180481,0.7663999795913696
YKR060W,YOR142W-A,0,-4.888997,0.11315515637397766,0.9779999852180481,0.7664999961853027
YKR050W,YDR246W,0,-4.889305,0.11314206570386887,0.9779999852180481,0.7666000127792358
YLR088W,YHL012W,0,-4.890709,0.11312897503376007,0.9779999852180481,0.766700029373169
YCR055C,YBR294W,0,-4.890997,0.11311589181423187,0.9779999852180481,0.7667999863624573
YGL030W,YJR046W,0,-4.891011,0.11310280859470367,0.9779999852180481,0.7669000029563904
YKL148C,YBL004W,0,-4.89104,0.11308973282575607,0.9779999852180481,0.7670000195503235
YJR147W,YDL120W,0,-4.891264,0.11307665705680847,0.9779999852180481,0.7670999765396118
YGR072W,YMR050C,0,-4.8913536,0.11306358128786087,0.9779999852180481,0.7671999931335449
YJR069C,YPL257W-A,0,-4.891506,0.11305051296949387,0.9779999852180481,0.767300009727478
YJL122W,YLR254C,0,-4.8916235,0.11303744465112686,0.9779999852180481,0.7674000263214111
YMR280C,YPL153C,0,-4.8920555,0.11302438378334045,0.9779999852180481,0.7674999833106995
YNL111C,YCL035C,0,-4.892251,0.11301132291555405,0.9779999852180481,0.7675999999046326
YER142C,YBR093C,0,-4.8923864,0.11299826949834824,0.9779999852180481,0.7677000164985657
YML094W,YIR012W,0,-4.8923903,0.11298521608114243,0.9779999852180481,0.767799973487854
YLR405W,YOR206W,0,-4.8936434,0.11297216266393661,0.9779999852180481,0.7678999900817871
YKL152C,YEL062W,0,-4.8938684,0.1129591092467308,0.9779999852180481,0.7680000066757202
YOR240W,YDR030C,0,-4.893878,0.11294607073068619,0.9779999852180481,0.7681000232696533
YGR217W,YGR108W,0,-4.8939896,0.11293302476406097,0.9779999852180481,0.7681999802589417
YJL058C,YMR210W,0,-4.8940907,0.11291998624801636,0.9779999852180481,0.7682999968528748
YER070W,YDR306C,0,-4.8943863,0.11290694773197174,0.9779999852180481,0.7684000134468079
YOR288C,YKL125W,0,-4.89468,0.11289391666650772,0.9779999852180481,0.7684999704360962
YEL053C,YFL035C,0,-4.8948145,0.1128808856010437,0.9779999852180481,0.7685999870300293
YGR296W,YGR109W-B,0,-4.895585,0.11286786198616028,0.9779999852180481,0.7687000036239624
YCR028C-A,YBR192W,0,-4.895652,0.11285483837127686,0.9779999852180481,0.7688000202178955
YNL250W,YEL012W,0,-4.8956947,0.11284181475639343,0.9779999852180481,0.7688999772071838
YKL208W,YNL287W,0,-4.895981,0.1128287985920906,0.9779999852180481,0.7689999938011169
YKL129C,YPR041W,0,-4.8961782,0.11281578242778778,0.9779999852180481,0.76910001039505
YPL061W,YFL037W,0,-4.896224,0.11280276626348495,0.9779999852180481,0.7692000269889832
YMR052W,YDR258C,0,-4.8964186,0.11278975754976273,0.9779999852180481,0.7692999839782715
YGR225W,YML094W,0,-4.8965454,0.1127767562866211,0.9779999852180481,0.7694000005722046
YOR136W,YDR296W,0,-4.8967094,0.11276374757289886,0.9779999852180481,0.7695000171661377
YBL082C,YOR313C,0,-4.896845,0.11275074630975723,0.9779999852180481,0.769599974155426
YDL083C,YDR495C,0,-4.896888,0.1127377524971962,0.9779999852180481,0.7696999907493591
YOR206W,YLR329W,0,-4.8968916,0.11272475868463516,0.9779999852180481,0.7698000073432922
YJL006C,YOR132W,0,-4.8969727,0.11271176487207413,0.9779999852180481,0.7699000239372253
YKL213C,YGR244C,0,-4.897003,0.11269877851009369,0.9779999852180481,0.7699999809265137
YOL139C,YOR343W-B,0,-4.8974686,0.11268579214811325,0.9779999852180481,0.7700999975204468
YJL092W,YPL146C,0,-4.8974924,0.11267281323671341,0.9779999852180481,0.7702000141143799
YML132W,YDR060W,0,-4.8975067,0.11265983432531357,0.9779999852180481,0.7702999711036682
YKL200C,YCR026C,0,-4.8977127,0.11264685541391373,0.9779999852180481,0.7703999876976013
YDR148C,YPR016C,0,-4.8984585,0.11263388395309448,0.9779999852180481,0.7705000042915344
YOR230W,YPL060C-A,0,-4.8985147,0.11262091249227524,0.9779999852180481,0.7706000208854675
YDR009W,YOL040C,0,-4.89874,0.112607941031456,0.9779999852180481,0.7706999778747559
YMR049C,YLR167W,0,-4.898985,0.11259497702121735,0.9779999852180481,0.770799994468689
YGL209W,YKR050W,0,-4.899022,0.1125820204615593,0.9779999852180481,0.7709000110626221
YPL048W,YGL246C,0,-4.8990965,0.11256906390190125,0.9779999852180481,0.7710000276565552
YOR206W,YBL079W,0,-4.899166,0.1125561073422432,0.9779999852180481,0.7710999846458435
YDR513W,YGL095C,0,-4.90003,0.11254315078258514,0.9779999852180481,0.7712000012397766
YHR007C,YOR047C,0,-4.900094,0.11253020167350769,0.9779999852180481,0.7713000178337097
YJR132W,YCL054W,0,-4.900263,0.11251726001501083,0.9779999852180481,0.771399974822998
YJR070C,YOR142W-A,0,-4.9002924,0.11250431090593338,0.9779999852180481,0.7714999914169312
YJR150C,YLR147C,0,-4.900296,0.11249137669801712,0.9779999852180481,0.7716000080108643
YHL027W,YMR087W,0,-4.9006605,0.11247843503952026,0.9779999852180481,0.7717000246047974
YJL154C,YJR026W,0,-4.9014587,0.112465500831604,0.9779999852180481,0.7717999815940857
YOR308C,YGR027W-B,0,-4.9026976,0.11245256662368774,0.9779999852180481,0.7718999981880188
YLL043W,YGR279C,0,-4.902751,0.11243963986635208,0.9779999852180481,0.7720000147819519
YKL043W,YOR143C,0,-4.9031687,0.11242671310901642,0.9779999852180481,0.7720999717712402
YDR358W,YLR163C,0,-4.9036226,0.11241379380226135,0.9779999852180481,0.7721999883651733
YCL026C-A,YLR386W,0,-4.903867,0.11240087449550629,0.9779999852180481,0.7723000049591064
YLL035W,YMR045C,0,-4.904194,0.11238795518875122,0.9779999852180481,0.7724000215530396
YAL041W,YFL035C,0,-4.905181,0.11237504333257675,0.9779999852180481,0.7724999785423279
YNL082W,YHL012W,0,-4.9052525,0.11236213147640228,0.9779999852180481,0.772599995136261
YJL074C,YDR449C,0,-4.9053545,0.11234922707080841,0.9779999852180481,0.7727000117301941
YIL018W,YGR251W,0,-4.905489,0.11233632266521454,0.9779999852180481,0.7728000283241272
YJL196C,YOR343W-B,0,-4.9056263,0.11232341825962067,0.9779999852180481,0.7728999853134155
YDR087C,YGR161C-D,0,-4.9056263,0.11231052130460739,0.9779999852180481,0.7730000019073486
YPR102C,YBR069C,0,-4.905697,0.11229762434959412,0.9779999852180481,0.7731000185012817
YOR269W,YJL001W,0,-4.9063663,0.11228472739458084,0.9779999852180481,0.7731999754905701
YLR360W,YPL283C,0,-4.906518,0.11227183789014816,0.9779999852180481,0.7732999920845032
YNL118C,YKL138C-A,0,-4.9076033,0.11225895583629608,0.9779999852180481,0.7734000086784363
YOL113W,YGR074W,0,-4.9079256,0.1122460663318634,0.9779999852180481,0.7735000252723694
YJR137C,YER041W,0,-4.909011,0.11223318427801132,0.9779999852180481,0.7735999822616577
YIL066C,YMR260C,0,-4.9091825,0.11222030967473984,0.9779999852180481,0.7736999988555908
YER020W,YHR214C-C,0,-4.9091825,0.11220743507146835,0.9779999852180481,0.7738000154495239
YPR042C,YFL060C,0,-4.909258,0.11219456046819687,0.9779999852180481,0.7738999724388123
YOL146W,YDR306C,0,-4.9092836,0.11218169331550598,0.9779999852180481,0.7739999890327454
YIL076W,YHL012W,0,-4.911251,0.1121688261628151,0.9779999852180481,0.7741000056266785
YDL166C,YDR120C,0,-4.9113874,0.1121559664607048,0.9779999852180481,0.7742000222206116
YEL054C,YOR192C-B,0,-4.911395,0.11214309930801392,0.9779999852180481,0.7742999792098999
YBL035C,YBL005W-A,0,-4.9115076,0.11213024705648422,0.9779999852180481,0.774399995803833
YHR081W,YBR221C,0,-4.911846,0.11211738735437393,0.9779999852180481,0.7745000123977661
YJR125C,YDR435C,0,-4.912594,0.11210454255342484,0.9779999852180481,0.7746000289916992
YJR155W,YGL236C,0,-4.913624,0.11209169030189514,0.9779999852180481,0.7746999859809875
YBR185C,YER044C-A,0,-4.9143295,0.11207884550094604,0.9779999852180481,0.7748000025749207
YJR125C,YGR280C,0,-4.914898,0.11206600069999695,0.9779999852180481,0.7749000191688538
YDR072C,YGR244C,0,-4.9149065,0.11205316334962845,0.9779999852180481,0.7749999761581421
YML025C,YPL276W,0,-4.9149246,0.11204032599925995,0.9779999852180481,0.7750999927520752
YER052C,YGR181W,0,-4.9149666,0.11202748864889145,0.9779999852180481,0.7752000093460083
YNL113W,YPR016C,0,-4.916067,0.11201465874910355,0.9779999852180481,0.7753000259399414
YBR041W,YIL017W,0,-4.916378,0.11200182884931564,0.9779999852180481,0.7753999829292297
YDR395W,YDR018C,0,-4.9166727,0.11198900640010834,0.9779999852180481,0.7754999995231628
YCL052C,YGL063W,0,-4.916936,0.11197618395090103,0.9779999852180481,0.775600016117096
YLR210W,YNL009W,0,-4.9169416,0.11196336895227432,0.9779999852180481,0.7756999731063843
YBR286W,YML080W,0,-4.9170675,0.11195054650306702,0.9779999852180481,0.7757999897003174
YJL109C,YJL012C-A,0,-4.9177046,0.1119377389550209,0.9779999852180481,0.7759000062942505
YGR225W,YER013W,0,-4.918071,0.1119249239563942,0.9779999852180481,0.7760000228881836
YBR297W,YJL113W,0,-4.918253,0.11191211640834808,0.9779999852180481,0.7760999798774719
YOL005C,YGR042W,0,-4.918293,0.11189931631088257,0.9779999852180481,0.776199996471405
YCL044C,YCL005W-A,0,-4.918792,0.11188650876283646,0.9779999852180481,0.7763000130653381
YBL035C,YKL141W,0,-4.919181,0.11187371611595154,0.9779999852180481,0.7764000296592712
YPL127C,YIL013C,0,-4.91971,0.11186091601848602,0.9779999852180481,0.7764999866485596
YOL021C,YML039W,0,-4.919879,0.1118481233716011,0.9779999852180481,0.7766000032424927
YGR161C,YNL247W,0,-4.920129,0.11183533817529678,0.9779999852180481,0.7767000198364258
YDL047W,YMR045C,0,-4.92037,0.11182254552841187,0.9779999852180481,0.7767999768257141
YKL110C,YOR036W,0,-4.920842,0.11180976033210754,0.9779999852180481,0.7768999934196472
YGR081C,YOR270C,0,-4.9208517,0.11179698258638382,0.9779999852180481,0.7770000100135803
YPL048W,YNL334C,0,-4.9210205,0.1117842048406601,0.9779999852180481,0.7771000266075134
YJL178C,YDR316W-B,0,-4.921303,0.11177142709493637,0.9779999852180481,0.7771999835968018
YLR034C,YPL257W-A,0,-4.9216995,0.11175865679979324,0.9779999852180481,0.7773000001907349
YNL037C,YGL246C,0,-4.921752,0.11174588650465012,0.9779999852180481,0.777400016784668
YPR020W,YER041W,0,-4.9219046,0.11173312366008759,0.9779999852180481,0.7774999737739563
YLL041C,YLR277C,0,-4.9219694,0.11172035336494446,0.9779999852180481,0.7775999903678894
YJL214W,YJR029W,0,-4.9228954,0.11170759797096252,0.9779999852180481,0.7777000069618225
YDR423C,YER138C,0,-4.923668,0.1116948351264,0.9779999852180481,0.7778000235557556
YGL029W,YKL001C,0,-4.923908,0.11168207973241806,0.9779999852180481,0.777899980545044
YPL275W,YHL027W,0,-4.9241056,0.11166933178901672,0.9779999852180481,0.777999997138977
YER162C,YFL018W-A,0,-4.9244823,0.11165658384561539,0.9779999852180481,0.7781000137329102
YHR169W,YPL096W,0,-4.9246187,0.11164383590221405,0.9779999852180481,0.7781999707221985
YOR367W,YMR210W,0,-4.924981,0.11163109540939331,0.9779999852180481,0.7782999873161316
YEL024W,YHR088W,0,-4.9260225,0.11161835491657257,0.9779999852180481,0.7784000039100647
YER123W,YDR365W-A,0,-4.9263268,0.11160561442375183,0.9779999852180481,0.7785000205039978
YLR377C,YJL191W,0,-4.9265547,0.11159288138151169,0.9779999852180481,0.7785999774932861
YLR022C,YGR281W,0,-4.926646,0.11158014833927155,0.9779999852180481,0.7786999940872192
YOR316C,YOR073W,0,-4.9274817,0.111567422747612,0.9779999852180481,0.7788000106811523
YBR105C,YDR545W,0,-4.9275227,0.11155469715595245,0.9779999852180481,0.7789000272750854
YBR026C,YJL072C,0,-4.9280634,0.11154197156429291,0.9779999852180481,0.7789999842643738
YCL012W,YOR348C,0,-4.928356,0.11152925342321396,0.9779999852180481,0.7791000008583069
YFL011W-A,YMR213W,0,-4.929308,0.11151653528213501,0.9779999852180481,0.77920001745224
YKL073W,YHL012W,0,-4.9298735,0.11150381714105606,0.9779999852180481,0.7792999744415283
YPL265W,YOR288C,0,-4.9304924,0.11149110645055771,0.9779999852180481,0.7793999910354614
YPL160W,YOL044W,0,-4.930848,0.11147840321063995,0.9779999852180481,0.7795000076293945
YHR079C-B,YKR028W,0,-4.9311,0.1114656925201416,0.9779999852180481,0.7796000242233276
YCR053W,YOR192C-B,0,-4.9314213,0.11145298928022385,0.9779999852180481,0.779699981212616
YML078W,YER106W,0,-4.9317856,0.11144029349088669,0.9779999852180481,0.7797999978065491
YOL133W,YLR227W-A,0,-4.9319305,0.11142759770154953,0.9779999852180481,0.7799000144004822
YCR091W,YGL035C,0,-4.9320765,0.11141490191221237,0.9779999852180481,0.7799999713897705
YLR276C,YNL116W,0,-4.9324274,0.11140220612287521,0.9779999852180481,0.7800999879837036
YNR057C,YHR163W,0,-4.9325485,0.11138952523469925,0.9779999852180481,0.7802000045776367
YNL270C,YDR284C,0,-4.9325705,0.11137683689594269,0.9779999852180481,0.7803000211715698
YJR145C,YGL104C,0,-4.932583,0.11136415600776672,0.9779999852180481,0.7803999781608582
YJL214W,YHR081W,0,-4.9327602,0.11135147511959076,0.9779999852180481,0.7804999947547913
YGR037C,YPR191W,0,-4.9328814,0.1113387942314148,0.9779999852180481,0.7806000113487244
YML047C,YLR386W,0,-4.933119,0.11132612079381943,0.9779999852180481,0.7807000279426575
YHR164C,YHR072W,0,-4.9332285,0.11131345480680466,0.9779999852180481,0.7807999849319458
YBL024W,YKR001C,0,-4.9339056,0.11130078881978989,0.9779999852180481,0.7809000015258789
YBR186W,YKR081C,0,-4.9340553,0.11128812283277512,0.9779999852180481,0.781000018119812
YCR098C,YGL205W,0,-4.9341116,0.11127545684576035,0.9779999852180481,0.7810999751091003
YDR046C,YGL153W,0,-4.9341307,0.11126279830932617,0.9779999852180481,0.7811999917030334
YLR155C,YBL102W,0,-4.9341364,0.111250139772892,0.9779999852180481,0.7813000082969666
YJL021C,YBR057C,0,-4.9351025,0.11123748868703842,0.9779999852180481,0.7814000248908997
YOR078W,YMR096W,0,-4.93569,0.11122483760118484,0.9779999852180481,0.781499981880188
YHR023W,YOR142W-B,0,-4.9357004,0.11121218651533127,0.9779999852180481,0.7815999984741211
YGR256W,YBR276C,0,-4.9357243,0.11119954288005829,0.9779999852180481,0.7817000150680542
YDR037W,YLR410W-A,0,-4.9361086,0.1111869066953659,0.9779999852180481,0.7817999720573425
YNL042W,YDR365C,0,-4.937046,0.11117426306009293,0.9779999852180481,0.7818999886512756
YBR155W,YDL230W,0,-4.937087,0.11116162687540054,0.9779999852180481,0.7820000052452087
YER119C,YGL210W-A,0,-4.9371033,0.11114899069070816,0.9779999852180481,0.7821000218391418
YGL097W,YLR410W-A,0,-4.937127,0.11113636195659637,0.9779999852180481,0.7821999788284302
YGR092W,YKR097W,0,-4.937479,0.11112373322248459,0.9779999852180481,0.7822999954223633
YJL042W,YDR137W,0,-4.9376316,0.1111111119389534,0.9779999852180481,0.7824000120162964
YBR160W,YFL002W-B,0,-4.9376364,0.11109849065542221,0.9779999852180481,0.7825000286102295
YDR085C,YGL216W,0,-4.9376945,0.11108586937189102,0.9779999852180481,0.7825999855995178
YLR391W,YNL326C,0,-4.938099,0.11107325553894043,0.9779999852180481,0.7827000021934509
YPR001W,YBR034C,0,-4.938369,0.11106064170598984,0.9779999852180481,0.782800018787384
YGL254W,YML004C,0,-4.9388733,0.11104802787303925,0.9779999852180481,0.7828999757766724
YDR037W,YIL101C,0,-4.94018,0.11103542149066925,0.9779999852180481,0.7829999923706055
YJL002C,YMR051C,0,-4.940875,0.11102281510829926,0.9779999852180481,0.7831000089645386
YGR178C,YBR228W,0,-4.9410105,0.11101021617650986,0.9779999852180481,0.7832000255584717
YGL053W,YKR086W,0,-4.9411945,0.11099761724472046,0.9779999852180481,0.78329998254776
YHR001W,YLR055C,0,-4.941676,0.11098501831293106,0.9779999852180481,0.7833999991416931
YFL039C,YPL116W,1,-4.941943,0.11108589917421341,0.9789999723434448,0.7833999991416931
YKL021C,YNR032W,0,-4.9420977,0.11107329279184341,0.9789999723434448,0.7835000157356262
YML061C,YCR055C,0,-4.9424534,0.11106069386005402,0.9789999723434448,0.7835999727249146
YML059C,YDR018C,0,-4.94258,0.11104809492826462,0.9789999723434448,0.7836999893188477
YBR161W,YOL135C,0,-4.942666,0.11103549599647522,0.9789999723434448,0.7838000059127808
YKL004W,YLR394W,0,-4.94267,0.11102290451526642,0.9789999723434448,0.7839000225067139
YNL068C,YOR343W-A,0,-4.9430475,0.11101032048463821,0.9789999723434448,0.7839999794960022
YBR131W,YNL111C,0,-4.9431353,0.11099772900342941,0.9789999723434448,0.7840999960899353
YLR153C,YJL115W,1,-4.943202,0.111098513007164,0.9800000190734863,0.7840999960899353
YFL011W-A,YLR361C,0,-4.9434175,0.1110859215259552,0.9800000190734863,0.7842000126838684
YDL039C,YDR247W,0,-4.943964,0.1110733300447464,0.9800000190734863,0.7843000292778015
YPR135W,YFL035C,0,-4.944165,0.1110607460141182,0.9800000190734863,0.7843999862670898
YKL200C,YNL292W,0,-4.944354,0.11104816198348999,0.9800000190734863,0.784500002861023
YOL109W,YCR062W,0,-4.9448996,0.11103557795286179,0.9800000190734863,0.784600019454956
YDL014W,YDR261C-D,0,-4.944989,0.11102299392223358,0.9800000190734863,0.7846999764442444
YGL047W,YGL090W,0,-4.9454336,0.11101042479276657,0.9800000190734863,0.7847999930381775
YHR124W,YOR373W,0,-4.945508,0.11099784821271896,0.9800000190734863,0.7849000096321106
YLR026C,YHR039C-B,0,-4.9456244,0.11098527908325195,0.9800000190734863,0.7850000262260437
YLR305C,YGR027W-B,0,-4.9458075,0.11097270995378494,0.9800000190734863,0.785099983215332
YEL017C-A,YFR040W,0,-4.9458838,0.11096014827489853,0.9800000190734863,0.7851999998092651
YJL018W,YBR276C,0,-4.9460745,0.11094758659601212,0.9800000190734863,0.7853000164031982
YKL120W,YDL015C,0,-4.946145,0.1109350249171257,0.9800000190734863,0.7853999733924866
YFL005W,YJL114W,0,-4.946371,0.11092247068881989,0.9800000190734863,0.7854999899864197
YER110C,YDR261C-D,0,-4.946933,0.11090991646051407,0.9800000190734863,0.7856000065803528
YNL159C,YOR274W,0,-4.9469643,0.11089736223220825,0.9800000190734863,0.7857000231742859
YGL027C,YDR052C,0,-4.9472322,0.11088481545448303,0.9800000190734863,0.7857999801635742
YPL094C,YBL100W-B,0,-4.9476976,0.11087226867675781,0.9800000190734863,0.7858999967575073
YIR005W,YNL145W,0,-4.9477835,0.11085972934961319,0.9800000190734863,0.7860000133514404
YPR007C,YOR088W,0,-4.948085,0.11084719002246857,0.9800000190734863,0.7860999703407288
YIL095W,YJR145C,0,-4.948704,0.11083465069532394,0.9800000190734863,0.7861999869346619
YLR212C,YCL019W,0,-4.9488344,0.11082211881875992,0.9800000190734863,0.786300003528595
YFL008W,YGR080W,0,-4.949028,0.11080958694219589,0.9800000190734863,0.7864000201225281
YPR105C,YOR245C,0,-4.949301,0.11079706251621246,0.9800000190734863,0.7864999771118164
YBR132C,YAL017W,0,-4.9495316,0.11078453809022903,0.9800000190734863,0.7865999937057495
YLR147C,YPL087W,0,-4.9496975,0.1107720136642456,0.9800000190734863,0.7867000102996826
YOR367W,YBR105C,0,-4.950059,0.11075949668884277,0.9800000190734863,0.7868000268936157
YDR098C,YDR281C,0,-4.950226,0.11074697971343994,0.9800000190734863,0.786899983882904
YHR067W,YML128C,0,-4.951002,0.11073446273803711,0.9800000190734863,0.7870000004768372
YAL022C,YBL100W-B,0,-4.9511213,0.11072195321321487,0.9800000190734863,0.7871000170707703
YBR159W,YMR026C,0,-4.9515095,0.11070944368839264,0.9800000190734863,0.7871999740600586
YMR100W,YDR165W,0,-4.951663,0.110696941614151,0.9800000190734863,0.7872999906539917
YLL006W,YKL014C,0,-4.951849,0.11068443953990936,0.9800000190734863,0.7874000072479248
YFL035C,YJR145C,0,-4.952139,0.11067193746566772,0.9800000190734863,0.7875000238418579
YBL022C,YJR141W,0,-4.9522076,0.11065944284200668,0.9800000190734863,0.7875999808311462
YCR020C,YHR214C-C,0,-4.9526577,0.11064694821834564,0.9800000190734863,0.7876999974250793
YJL098W,YEL031W,0,-4.952956,0.1106344535946846,0.9800000190734863,0.7878000140190125
YHR067W,YLR221C,0,-4.953061,0.11062196642160416,0.9800000190734863,0.7878999710083008
YPL048W,YMR136W,0,-4.953211,0.11060947924852371,0.9800000190734863,0.7879999876022339
YDR263C,YML045W,0,-4.9533854,0.11059699952602386,0.9800000190734863,0.788100004196167
YGR256W,YHR079C-A,0,-4.9535513,0.11058451980352402,0.9800000190734863,0.7882000207901001
YLL042C,YNL026W,0,-4.9538193,0.11057204008102417,0.9800000190734863,0.7882999777793884
YGR225W,YOL010W,0,-4.9540854,0.11055956780910492,0.9800000190734863,0.7883999943733215
YJL145W,YHL006C,0,-4.954339,0.11054709553718567,0.9800000190734863,0.7885000109672546
YKR038C,YDR034C-C,0,-4.9543953,0.11053462326526642,0.9800000190734863,0.7886000275611877
YMR173W,YOL072W,0,-4.955246,0.11052215844392776,0.9800000190734863,0.7886999845504761
YMR035W,YLL016W,0,-4.9552736,0.11050970107316971,0.9800000190734863,0.7888000011444092
YDR037W,YHR098C,0,-4.9555864,0.11049723625183105,0.9800000190734863,0.7889000177383423
YDL113C,YHR052W,0,-4.9556084,0.110484778881073,0.9800000190734863,0.7889999747276306
YJL018W,YML025C,0,-4.9562016,0.11047232896089554,0.9800000190734863,0.7890999913215637
YJL018W,YHR206W,0,-4.9563875,0.11045987159013748,0.9800000190734863,0.7892000079154968
YER068W,YPL257W-B,0,-4.956645,0.11044742166996002,0.9800000190734863,0.7893000245094299
YJL186W,YIL082W-A,0,-4.9566813,0.11043497920036316,0.9800000190734863,0.7893999814987183
YKL134C,YBR083W,0,-4.9567003,0.1104225367307663,0.9800000190734863,0.7894999980926514
YPL256C,YLR410W-A,0,-4.956849,0.11041009426116943,0.9800000190734863,0.7896000146865845
YJR052W,YLL041C,0,-4.957322,0.11039765924215317,0.9800000190734863,0.7896999716758728
YNL148C,YGL047W,0,-4.9574738,0.1103852242231369,0.9800000190734863,0.7897999882698059
YHR079C-B,YPR107C,0,-4.9574823,0.11037278920412064,0.9800000190734863,0.789900004863739
YNR001C,YOR116C,0,-4.9575987,0.11036036163568497,0.9800000190734863,0.7900000214576721
YOL117W,YNL160W,0,-4.9577045,0.1103479340672493,0.9800000190734863,0.7900999784469604
YAL017W,YDR246W,0,-4.9586096,0.11033550649881363,0.9800000190734863,0.7901999950408936
YLR129W,YGR038C-B,0,-4.958894,0.11032308638095856,0.9800000190734863,0.7903000116348267
YJR097W,YDR314C,0,-4.95893,0.11031067371368408,0.9800000190734863,0.7904000282287598
YGR159C,YDR365W-A,0,-4.958997,0.11029825359582901,0.9800000190734863,0.7904999852180481
YPL076W,YGL253W,0,-4.959239,0.11028584092855453,0.9800000190734863,0.7906000018119812
YML080W,YBR199W,0,-4.9601517,0.11027343571186066,0.9800000190734863,0.7907000184059143
YGL065C,YFL035C,0,-4.9608364,0.11026102304458618,0.9800000190734863,0.7907999753952026
YCR027C,YLR410W-A,0,-4.9609394,0.1102486252784729,0.9800000190734863,0.7908999919891357
YNL197C,YCR062W,0,-4.9609623,0.11023622006177902,0.9800000190734863,0.7910000085830688
YOL158C,YGL089C,0,-4.961198,0.11022382229566574,0.9800000190734863,0.791100025177002
YOR240W,YPL265W,0,-4.961294,0.11021142452955246,0.9800000190734863,0.7911999821662903
YKL085W,YIL038C,0,-4.9631567,0.11019903421401978,0.9800000190734863,0.7912999987602234
YFL025C,YHR214C-C,0,-4.9634953,0.11018664389848709,0.9800000190734863,0.7914000153541565
YMR137C,YCL075W,0,-4.9635763,0.1101742535829544,0.9800000190734863,0.7914999723434448
YJL021C,YOR116C,0,-4.963809,0.11016187071800232,0.9800000190734863,0.7915999889373779
YOR142W,YMR175W,0,-4.9639816,0.11014948785305023,0.9800000190734863,0.791700005531311
YDR394W,YNL247W,0,-4.9645367,0.11013711243867874,0.9800000190734863,0.7918000221252441
YJL003W,YNR064C,0,-4.964608,0.11012472957372665,0.9800000190734863,0.7918999791145325
YDL081C,YDR365W-B,0,-4.9647217,0.11011236160993576,0.9800000190734863,0.7919999957084656
YDR009W,YAL068C,0,-4.9651136,0.11009998619556427,0.9800000190734863,0.7921000123023987
YLR293C,YCR020C,0,-4.965494,0.11008761823177338,0.9800000190734863,0.7922000288963318
YFR021W,YJL125C,0,-4.965543,0.11007525771856308,0.9800000190734863,0.7922999858856201
YGR097W,YOR192C-A,0,-4.9657564,0.11006288975477219,0.9800000190734863,0.7924000024795532
YGR264C,YPL187W,0,-4.9661856,0.11005053669214249,0.9800000190734863,0.7925000190734863
YFR034C,YMR046C,0,-4.9663086,0.11003817617893219,0.9800000190734863,0.7925999760627747
YKL016C,YNR032W,0,-4.9667444,0.11002582311630249,0.9800000190734863,0.7926999926567078
YJR135W-A,YDR261W-B,0,-4.966913,0.11001347005367279,0.9800000190734863,0.7928000092506409
YDR101C,YOL045W,0,-4.967168,0.11000112444162369,0.9800000190734863,0.792900025844574
YAL023C,YLR410W-A,0,-4.9674387,0.10998877882957458,0.9800000190734863,0.7929999828338623
YGL190C,YHR007C,0,-4.967663,0.10997643321752548,0.9800000190734863,0.7930999994277954
YBL042C,YGL167C,0,-4.9682007,0.10996409505605698,0.9800000190734863,0.7932000160217285
YLR304C,YBL071W-A,0,-4.9682674,0.10995175689458847,0.9800000190734863,0.7932999730110168
YBL098W,YDR086C,0,-4.9688416,0.10993941873311996,0.9800000190734863,0.79339998960495
YCL059C,YDR210W-A,0,-4.96891,0.10992708802223206,0.9800000190734863,0.7935000061988831
YFL048C,YER137C-A,0,-4.969121,0.10991475731134415,0.9800000190734863,0.7936000227928162
YFL035C-A,YGR047C,0,-4.9694624,0.10990243405103683,0.9800000190734863,0.7936999797821045
YJL108C,YHR165C,0,-4.9697,0.10989011079072952,0.9800000190734863,0.7937999963760376
YPR133C,YGR161W-A,0,-4.9697523,0.10987778753042221,0.9800000190734863,0.7939000129699707
YGR289C,YNL251C,0,-4.9701643,0.1098654717206955,0.9800000190734863,0.7940000295639038
YFL050C,YNL286W,0,-4.9702797,0.10985315591096878,0.9800000190734863,0.7940999865531921
YDR495C,YDL038C,0,-4.970358,0.10984084010124207,0.9800000190734863,0.7942000031471252
YLL009C,YEL062W,0,-4.9705534,0.10982853174209595,0.9800000190734863,0.7943000197410583
YIL065C,YPL237W,0,-4.970686,0.10981622338294983,0.9800000190734863,0.7943999767303467
YPL053C,YLR227W-A,0,-4.9708033,0.10980392247438431,0.9800000190734863,0.7944999933242798
YPR201W,YPL269W,0,-4.971283,0.10979162156581879,0.9800000190734863,0.7946000099182129
YDL058W,YCR062W,0,-4.971323,0.10977932065725327,0.9800000190734863,0.794700026512146
YDR456W,YMR051C,0,-4.9715986,0.10976702719926834,0.9800000190734863,0.7947999835014343
YPL106C,YLR455W,0,-4.97167,0.10975473374128342,0.9800000190734863,0.7949000000953674
YKL201C,YOR359W,0,-4.972025,0.10974244028329849,0.9800000190734863,0.7950000166893005
YBL035C,YDR120C,0,-4.972144,0.10973015427589417,0.9800000190734863,0.7950999736785889
YFL010W-A,YLR275W,0,-4.9721937,0.10971786826848984,0.9800000190734863,0.795199990272522
YKL053C-A,YBR237W,0,-4.9722977,0.10970558971166611,0.9800000190734863,0.7953000068664551
YKR076W,YOR045W,0,-4.9724474,0.10969330370426178,0.9800000190734863,0.7954000234603882
YIL117C,YDR470C,0,-4.972497,0.10968103259801865,0.9800000190734863,0.7954999804496765
YAL026C,YLL016W,0,-4.9725037,0.10966875404119492,0.9800000190734863,0.7955999970436096
YOR351C,YIL017W,0,-4.972517,0.10965648293495178,0.9800000190734863,0.7957000136375427
YMR052W,YLR256W-A,0,-4.9725904,0.10964421927928925,0.9800000190734863,0.795799970626831
YLL011W,YDR325W,0,-4.972747,0.10963194817304611,0.9800000190734863,0.7958999872207642
YJL071W,YJR141W,0,-4.9727564,0.10961968451738358,0.9800000190734863,0.7960000038146973
YBR218C,YLR048W,0,-4.9727573,0.10960742831230164,0.9800000190734863,0.7961000204086304
YLR115W,YIL160C,0,-4.972762,0.1095951721072197,0.9800000190734863,0.7961999773979187
YAL068C,YIL147C,0,-4.9727793,0.10958291590213776,0.9800000190734863,0.7962999939918518
YKR059W,YAR010C,0,-4.9728613,0.10957065969705582,0.9800000190734863,0.7964000105857849
YOL013C,YJL018W,0,-4.9729347,0.10955841094255447,0.9800000190734863,0.796500027179718
YJR153W,YOR027W,0,-4.9734163,0.10954616218805313,0.9800000190734863,0.7965999841690063
YLR167W,YDR210C-D,0,-4.973852,0.10953392088413239,0.9800000190734863,0.7967000007629395
YKL008C,YKL200C,0,-4.9740877,0.10952167958021164,0.9800000190734863,0.7968000173568726
YNL142W,YGR109W-B,0,-4.9746933,0.10950944572687149,0.9800000190734863,0.7968999743461609
YMR055C,YNL075W,0,-4.9749994,0.10949720442295074,0.9800000190734863,0.796999990940094
YML113W,YJL036W,0,-4.9753313,0.1094849705696106,0.9800000190734863,0.7971000075340271
YPR033C,YMR175W,0,-4.975396,0.10947274416685104,0.9800000190734863,0.7972000241279602
YNL268W,YGL053W,0,-4.976017,0.10946051776409149,0.9800000190734863,0.7972999811172485
YDR206W,YAL044C,0,-4.976386,0.10944829136133194,0.9800000190734863,0.7973999977111816
YGL205W,YMR305C,0,-4.9763975,0.10943607240915298,0.9800000190734863,0.7975000143051147
YNL159C,YHR030C,0,-4.9765863,0.10942385345697403,0.9800000190734863,0.7975999712944031
YER054C,YDL106C,0,-4.9767685,0.10941163450479507,0.9800000190734863,0.7976999878883362
YBR159W,YGL207W,0,-4.9768105,0.10939942300319672,0.9800000190734863,0.7978000044822693
YDR289C,YGL225W,0,-4.9771366,0.10938721150159836,0.9800000190734863,0.7979000210762024
YHR011W,YHR065C,0,-4.977154,0.109375,0.9800000190734863,0.7979999780654907
YFL048C,YLL056C,0,-4.977355,0.10936279594898224,0.9800000190734863,0.7980999946594238
YNR019W,YCR031C,0,-4.9774075,0.10935059189796448,0.9800000190734863,0.7982000112533569
YCR020C-A,YDR210C-C,0,-4.9776373,0.10933838784694672,0.9800000190734863,0.79830002784729
YGR216C,YDL038C,0,-4.978073,0.10932619124650955,0.9800000190734863,0.7983999848365784
YLL035W,YJL018W,0,-4.9784584,0.10931400209665298,0.9800000190734863,0.7985000014305115
YJL170C,YBR058C-A,0,-4.978586,0.10930180549621582,0.9800000190734863,0.7986000180244446
YDR263C,YIL017C,0,-4.97904,0.10928961634635925,0.9800000190734863,0.7986999750137329
YEL027W,YKL150W,0,-4.9791374,0.10927742719650269,0.9800000190734863,0.798799991607666
YOR150W,YGR161W-B,0,-4.9794245,0.10926524549722672,0.9800000190734863,0.7989000082015991
YPL132W,YLR157C-B,0,-4.9794245,0.10925306379795074,0.9800000190734863,0.7990000247955322
YNL242W,YKL070W,0,-4.9799395,0.10924088954925537,0.9800000190734863,0.7990999817848206
YFL010W-A,YKR059W,0,-4.98011,0.1092287078499794,0.9800000190734863,0.7991999983787537
YDR168W,YLL016W,0,-4.980419,0.10921654105186462,0.9800000190734863,0.7993000149726868
YCR106W,YKR079C,0,-4.9811726,0.10920436680316925,0.9800000190734863,0.7993999719619751
YDR331W,YGL046W,0,-4.981388,0.10919220000505447,0.9800000190734863,0.7994999885559082
YJR043C,YGL046W,0,-4.9815254,0.1091800332069397,0.9800000190734863,0.7996000051498413
YML042W,YFR033C,0,-4.9818726,0.10916787385940552,0.9800000190734863,0.7997000217437744
YFL011W-A,YML057W,0,-4.9822893,0.10915571451187134,0.9800000190734863,0.7997999787330627
YGR158C,YDR202C,0,-4.9825277,0.10914355516433716,0.9800000190734863,0.7998999953269958
YMR303C,YDR365W-B,0,-4.982789,0.10913140326738358,0.9800000190734863,0.800000011920929
YPR167C,YDR180W,0,-4.982794,0.10911925137042999,0.9800000190734863,0.8001000285148621
YOR240W,YML105C,0,-4.9828453,0.10910709947347641,0.9800000190734863,0.8001999855041504
YOR349W,YLL016W,0,-4.983162,0.10909495502710342,0.9800000190734863,0.8003000020980835
YLR305C,YOR192C-B,0,-4.9834194,0.10908281058073044,0.9800000190734863,0.8004000186920166
YPL262W,YHR160C,0,-4.9839344,0.10907067358493805,0.9800000190734863,0.8004999756813049
YAL044C,YOL100W,0,-4.9845295,0.10905853658914566,0.9800000190734863,0.800599992275238
YDR339C,YPR137C-B,0,-4.984577,0.10904639959335327,0.9800000190734863,0.8007000088691711
YKL139W,YBL100W-B,0,-4.9848185,0.10903427004814148,0.9800000190734863,0.8008000254631042
YLR157C,YLR221C,0,-4.98501,0.10902214050292969,0.9800000190734863,0.8008999824523926
YCR040W,YJR042W,0,-4.9853573,0.1090100109577179,0.9800000190734863,0.8009999990463257
YOL147C,YCL003W,0,-4.9856443,0.1089978888630867,0.9800000190734863,0.8011000156402588
YJL058C,YPL019C,0,-4.986125,0.1089857667684555,0.9800000190734863,0.8011999726295471
YLR163C,YGR038C-B,0,-4.9863634,0.10897364467382431,0.9800000190734863,0.8012999892234802
YGL019W,YOR343W-B,0,-4.9863634,0.10896153002977371,0.9800000190734863,0.8014000058174133
YKR050W,YJR029W,0,-4.986454,0.10894941538572311,0.9800000190734863,0.8015000224113464
YGL181W,YJL018W,0,-4.986513,0.10893730819225311,0.9800000190734863,0.8015999794006348
YNR054C,YDR210C-D,0,-4.986785,0.10892520099878311,0.9800000190734863,0.8016999959945679
YIL153W,YGR038C-A,0,-4.9872055,0.10891309380531311,0.9800000190734863,0.801800012588501
YLR391W-A,YFL002C,0,-4.9875393,0.10890098661184311,0.9800000190734863,0.8019000291824341
YPL256C,YPL257W-A,0,-4.987731,0.1088888868689537,0.9800000190734863,0.8019999861717224
YFL011W-A,YGR214W,0,-4.98837,0.1088767945766449,0.9800000190734863,0.8021000027656555
YDR516C,YKR003W,0,-4.98841,0.1088646948337555,0.9800000190734863,0.8022000193595886
YMR117C,YJL114W,0,-4.9889936,0.10885260254144669,0.9800000190734863,0.802299976348877
YJL094C,YBR083W,0,-4.9890013,0.10884051769971848,0.9800000190734863,0.8023999929428101
YOR001W,YBR037C,0,-4.989212,0.10882842540740967,0.9800000190734863,0.8025000095367432
YDL181W,YML034W,0,-4.989806,0.10881634801626205,0.9800000190734863,0.8026000261306763
YDR156W,YCR062W,0,-4.9900484,0.10880426317453384,0.9800000190734863,0.8026999831199646
YKR025W,YFL018W-A,0,-4.990183,0.10879218578338623,0.9800000190734863,0.8027999997138977
YGL033W,YNL075W,0,-4.9902,0.10878010839223862,0.9800000190734863,0.8029000163078308
YDR244W,YBR069C,0,-4.9906673,0.1087680384516716,0.9800000190734863,0.8029999732971191
YML043C,YBR083W,0,-4.990798,0.10875596851110458,0.9800000190734863,0.8030999898910522
YBR069C,YDR261C-D,0,-4.9909782,0.10874389857053757,0.9800000190734863,0.8032000064849854
YOR206W,YAL009W,0,-4.99109,0.10873182862997055,0.9800000190734863,0.8033000230789185
YGR270W,YJR028W,0,-4.991577,0.10871976613998413,0.9800000190734863,0.8033999800682068
YDL154W,YDL083C,0,-4.9916067,0.10870771110057831,0.9800000190734863,0.8034999966621399
YKL086W,YJR007W,0,-4.992281,0.10869564861059189,0.9800000190734863,0.803600013256073
YCL003W,YBR192W,0,-4.9924507,0.10868360102176666,0.9800000190734863,0.8036999702453613
YLR133W,YFL058W,0,-4.992754,0.10867154598236084,0.9800000190734863,0.8037999868392944
YOR204W,YGL205W,0,-4.9928923,0.10865949839353561,0.9800000190734863,0.8039000034332275
YPR191W,YIL138C,0,-4.9931326,0.10864745080471039,0.9800000190734863,0.8040000200271606
YDR171W,YOR008C-A,0,-4.993351,0.10863540321588516,0.9800000190734863,0.804099977016449
YGR280C,YKL051W,0,-4.9934263,0.10862336307764053,0.9800000190734863,0.8041999936103821
YAL068C,YPL283C,0,-4.9934807,0.1086113229393959,0.9800000190734863,0.8043000102043152
YGR197C,YOR008C-A,0,-4.993802,0.10859929025173187,0.9800000190734863,0.8044000267982483
YFL048C,YGR038C-A,0,-4.993824,0.10858725756406784,0.9800000190734863,0.8044999837875366
YLR259C,YHR079C-B,0,-4.994074,0.10857522487640381,0.9800000190734863,0.8046000003814697
YJL101C,YLR337W,0,-4.9941597,0.10856319963932037,0.9800000190734863,0.8047000169754028
YJR131W,YDR412W,0,-4.9951267,0.10855117440223694,0.9800000190734863,0.8047999739646912
YDR449C,YDR365W-A,0,-4.995492,0.1085391491651535,0.9800000190734863,0.8048999905586243
YGL063W,YPR158W-B,0,-4.99559,0.10852713137865067,0.9800000190734863,0.8050000071525574
YHR164C,YPL012W,0,-4.995713,0.10851511359214783,0.9800000190734863,0.8051000237464905
YOR130C,YOR343W-A,0,-4.995885,0.10850310325622559,0.9800000190734863,0.8051999807357788
YPL036W,YPR137C-B,0,-4.996277,0.10849108546972275,0.9800000190734863,0.8052999973297119
YHR164C,YPR137C-B,0,-4.996277,0.1084790825843811,0.9800000190734863,0.805400013923645
YJL019W,YHR196W,0,-4.996479,0.10846707224845886,0.9800000190734863,0.8054999709129333
YPL283C,YBL005W-B,0,-4.996726,0.10845506936311722,0.9800000190734863,0.8055999875068665
YGR037C,YPL257W-A,0,-4.998043,0.10844306647777557,0.9800000190734863,0.8057000041007996
YDR077W,YGR072W,0,-4.998065,0.10843107104301453,0.9800000190734863,0.8058000206947327
YOR136W,YKL125W,0,-4.9981527,0.10841907560825348,0.9800000190734863,0.805899977684021
YDR343C,YLR006C,0,-4.9987764,0.10840708017349243,0.9800000190734863,0.8059999942779541
YCL025C,YBR048W,0,-4.998804,0.10839509218931198,0.9800000190734863,0.8061000108718872
YCR040W,YBR100W,0,-4.998805,0.10838310420513153,0.9800000190734863,0.8062000274658203
YCL026C-A,YLR003C,0,-4.9994164,0.10837111622095108,0.9800000190734863,0.8062999844551086
YER173W,YKL035W,0,-4.9999857,0.10835913568735123,0.9800000190734863,0.8064000010490417
YKL200C,YBR154C,0,-5.0001383,0.10834715515375137,0.9800000190734863,0.8065000176429749
YJL101C,YNL145W,0,-5.0004683,0.10833517462015152,0.9800000190734863,0.8065999746322632
YER174C,YBL106C,0,-5.000491,0.10832320153713226,0.9800000190734863,0.8066999912261963
YJL001W,YDR018C,0,-5.0006742,0.108311228454113,0.9800000190734863,0.8068000078201294
YJL122W,YGL236C,0,-5.000721,0.10829926282167435,0.9800000190734863,0.8069000244140625
YGL223C,YER137C-A,0,-5.0009384,0.10828728973865509,0.9800000190734863,0.8069999814033508
YPL200W,YMR050C,0,-5.0009537,0.10827533155679703,0.9800000190734863,0.8070999979972839
YCR107W,YCR058C,0,-5.0010433,0.10826336592435837,0.9800000190734863,0.807200014591217
YDL059C,YLR337W,0,-5.0011063,0.1082514077425003,0.9800000190734863,0.8072999715805054
YEL032W,YGR044C,0,-5.0013847,0.10823944956064224,0.9800000190734863,0.8073999881744385
YER029C,YBR069C,0,-5.001672,0.10822749882936478,0.9800000190734863,0.8075000047683716
YDR276C,YGR272C,0,-5.002389,0.10821554809808731,0.9800000190734863,0.8076000213623047
YML071C,YKR056W,0,-5.0026283,0.10820359736680984,0.9800000190734863,0.807699978351593
YOR095C,YBL005W-A,0,-5.002762,0.10819165408611298,0.9800000190734863,0.8077999949455261
YMR035W,YOR043W,0,-5.0029707,0.10817971080541611,0.9800000190734863,0.8079000115394592
YLR391W-A,YDR277C,0,-5.003215,0.10816776752471924,0.9800000190734863,0.8080000281333923
YML132W,YER008C,0,-5.0032387,0.10815583169460297,0.9800000190734863,0.8080999851226807
YGL241W,YDR210W-B,0,-5.003557,0.1081438958644867,0.9800000190734863,0.8082000017166138
YLR384C,YNR034W,0,-5.0036993,0.10813196748495102,0.9800000190734863,0.8083000183105469
YBR153W,YDR034C-C,0,-5.003701,0.10812003165483475,0.9800000190734863,0.8083999752998352
YFL018W-A,YNL253W,0,-5.003909,0.10810811072587967,0.9800000190734863,0.8084999918937683
YJR043C,YDR316W-B,0,-5.004321,0.108096182346344,0.9800000190734863,0.8086000084877014
YLR360W,YGR054W,0,-5.0044956,0.10808426141738892,0.9800000190734863,0.8087000250816345
YKL144C,YOR008C-A,0,-5.004527,0.10807234048843384,0.9800000190734863,0.8087999820709229
YLR210W,YML045W,0,-5.004698,0.10806042701005936,0.9800000190734863,0.808899998664856
YHL038C,YGR161C-C,0,-5.005084,0.10804851353168488,0.9800000190734863,0.8090000152587891
YJR139C,YGR161C-D,0,-5.005513,0.1080366000533104,0.9800000190734863,0.8090999722480774
YGL065C,YDR210W-A,0,-5.005848,0.10802469402551651,0.9800000190734863,0.8091999888420105
YMR001C,YLR206W,0,-5.0061417,0.10801278799772263,0.9800000190734863,0.8093000054359436
YIR019C,YEL050C,0,-5.0062313,0.10800088196992874,0.9800000190734863,0.8094000220298767
YGL130W,YGR161W-A,0,-5.006325,0.10798898339271545,0.9800000190734863,0.809499979019165
YLR129W,YPR167C,0,-5.0065346,0.10797708481550217,0.9800000190734863,0.8095999956130981
YER114C,YCR040W,0,-5.0067406,0.10796518623828888,0.9800000190734863,0.8097000122070312
YOR103C,YGR180C,0,-5.0072155,0.10795329511165619,0.9800000190734863,0.8098000288009644
YGL027C,YJR029W,0,-5.0075436,0.1079414039850235,0.9800000190734863,0.8098999857902527
YLR139C,YDL109C,0,-5.0075445,0.10792951285839081,0.9800000190734863,0.8100000023841858
YFL011W-A,YDR487C,0,-5.0075636,0.10791762918233871,0.9800000190734863,0.8101000189781189
YLR103C,YPL098C,0,-5.007701,0.10790574550628662,0.9800000190734863,0.8101999759674072
YGL210W,YOR142W-B,0,-5.0078983,0.10789386928081512,0.9800000190734863,0.8102999925613403
YNR016C,YCR072C,0,-5.008807,0.10788199305534363,0.9800000190734863,0.8104000091552734
YPR183W,YML011C,0,-5.0096436,0.10787011682987213,0.9800000190734863,0.8105000257492065
YKL200C,YKR095W-A,0,-5.009899,0.10785824060440063,0.9800000190734863,0.8105999827384949
YKL191W,YML058W-A,0,-5.0099964,0.10784637182950974,0.9800000190734863,0.810699999332428
YGR006W,YLR256W-A,0,-5.010189,0.10783451050519943,0.9800000190734863,0.8108000159263611
YGR108W,YKL008C,0,-5.010438,0.10782264173030853,0.9800000190734863,0.8108999729156494
YOR240W,YBR057C,0,-5.0106583,0.10781078040599823,0.9800000190734863,0.8109999895095825
YJL014W,YHR098C,0,-5.0107307,0.10779891908168793,0.9800000190734863,0.8111000061035156
YLR391W-A,YNL281W,0,-5.0112543,0.10778706520795822,0.9800000190734863,0.8112000226974487
YJR132W,YOR116C,0,-5.0117254,0.10777521133422852,0.9800000190734863,0.8112999796867371
YER044C,YGL142C,0,-5.0119877,0.10776335746049881,0.9800000190734863,0.8113999962806702
YGL206C,YDR261W-B,0,-5.012288,0.1077515110373497,0.9800000190734863,0.8115000128746033
YPR167C,YLR224W,0,-5.012437,0.10773966461420059,0.9800000190734863,0.8116000294685364
YJR097W,YLR227W-B,0,-5.012574,0.10772782564163208,0.9800000190734863,0.8116999864578247
YER173W,YGR161W-A,0,-5.012908,0.10771597921848297,0.9800000190734863,0.8118000030517578
YJL003W,YGR027W-B,0,-5.013337,0.10770414024591446,0.9800000190734863,0.8119000196456909
YJL102W,YKL014C,0,-5.013961,0.10769230872392654,0.9800000190734863,0.8119999766349792
YFL011W-A,YCL066W,0,-5.01427,0.10768047720193863,0.9800000190734863,0.8120999932289124
YHR069C,YBR082C,0,-5.014388,0.10766864567995071,0.9800000190734863,0.8122000098228455
YPL029W,YLR157C-B,0,-5.014435,0.1076568141579628,0.9800000190734863,0.8123000264167786
YOR142W,YKL075C,0,-5.014477,0.10764499008655548,0.9800000190734863,0.8123999834060669
YJL021C,YPL204W,0,-5.0150995,0.10763316601514816,0.9800000190734863,0.8125
YDL164C,YLR157C-B,0,-5.0155315,0.10762134939432144,0.9800000190734863,0.8126000165939331
YOL127W,YBR143C,0,-5.0155516,0.10760953277349472,0.9800000190734863,0.8126999735832214
YER031C,YPL257W-B,0,-5.015628,0.107597716152668,0.9800000190734863,0.8127999901771545
YBL099W,YOR253W,0,-5.016041,0.10758590698242188,0.9800000190734863,0.8129000067710876
YOL111C,YOL039W,0,-5.0168343,0.10757409781217575,0.9800000190734863,0.8130000233650208
YBR057C,YBR012W-A,0,-5.016941,0.10756228864192963,0.9800000190734863,0.8130999803543091
YIL035C,YKL075C,0,-5.016963,0.1075504794716835,0.9800000190734863,0.8131999969482422
YBR167C,YOR192C-B,0,-5.017249,0.10753867775201797,0.9800000190734863,0.8133000135421753
YDR440W,YEL056W,1,-5.017475,0.10763660073280334,0.9810000061988831,0.8133000135421753
YKR036C,YNL075W,0,-5.0176125,0.10762479156255722,0.9810000061988831,0.8133999705314636
YPR191W,YMR093W,0,-5.0176764,0.1076129898428917,0.9810000061988831,0.8134999871253967
YOR344C,YEL051W,0,-5.017975,0.10760118812322617,0.9810000061988831,0.8136000037193298
YLR391W-A,YDR005C,0,-5.018942,0.10758938640356064,0.9810000061988831,0.8137000203132629
YJL210W,YJR156C,0,-5.019142,0.10757758468389511,0.9810000061988831,0.8137999773025513
YDR296W,YOL091W,0,-5.019169,0.10756579041481018,0.9810000061988831,0.8138999938964844
YOR340C,YLR452C,0,-5.019229,0.10755399614572525,0.9810000061988831,0.8140000104904175
YJR097W,YOR343W-A,0,-5.019348,0.10754220932722092,0.9810000061988831,0.8141000270843506
YIL120W,YFL002W-A,0,-5.019622,0.10753041505813599,0.9810000061988831,0.8141999840736389
YEL036C,YOR192C-A,0,-5.0208273,0.10751863569021225,0.9810000061988831,0.814300000667572
YGR095C,YCR080W,0,-5.0208874,0.10750684887170792,0.9810000061988831,0.8144000172615051
YBL041W,YGR038C-A,0,-5.021161,0.10749506950378418,0.9810000061988831,0.8144999742507935
YMR308C,YDR058C,0,-5.021179,0.10748329013586044,0.9810000061988831,0.8145999908447266
YNL287W,YMR046C,0,-5.0220766,0.1074715182185173,0.9810000061988831,0.8147000074386597
YBR156C,YER049W,0,-5.0224714,0.10745974630117416,0.9810000061988831,0.8148000240325928
YLR153C,YKL160W,1,-5.0227385,0.1075575053691864,0.9819999933242798,0.8148000240325928
YEL069C,YLR303W,0,-5.0228043,0.10754572600126266,0.9819999933242798,0.8148999810218811
YBR169C,YGR109W-A,0,-5.023546,0.10753394663333893,0.9819999933242798,0.8149999976158142
YHR011W,YHR214C-B,0,-5.023697,0.10752217471599579,0.9819999933242798,0.8151000142097473
YML058W,YDR034C-C,0,-5.0239286,0.10751040279865265,0.9819999933242798,0.8151999711990356
YNR017W,YOL005C,0,-5.02407,0.10749863088130951,0.9819999933242798,0.8152999877929688
YPR122W,YMR050C,0,-5.0247507,0.10748686641454697,0.9819999933242798,0.8154000043869019
YNL219C,YGL068W,0,-5.0250664,0.10747510194778442,0.9819999933242798,0.815500020980835
YGL006W,YDL064W,0,-5.0252037,0.10746333748102188,0.9819999933242798,0.8155999779701233
YBR068C,YDR434W,0,-5.0252085,0.10745158046483994,0.9819999933242798,0.8156999945640564
YBR159W,YAR010C,0,-5.025259,0.10743982344865799,0.9819999933242798,0.8158000111579895
YFR027W,YFL018W-A,0,-5.025756,0.10742807388305664,0.9819999933242798,0.8159000277519226
YHL040C,YOL117W,0,-5.0259438,0.1074163168668747,0.9819999933242798,0.8159999847412109
YDR358W,YBR006W,0,-5.026433,0.10740457475185394,0.9819999933242798,0.816100001335144
YMR083W,YDR034C-C,0,-5.0266476,0.1073928251862526,0.9819999933242798,0.8162000179290771
YDR116C,YDR261C-C,0,-5.026742,0.10738108307123184,0.9819999933242798,0.8162999749183655
YPL096C-A,YFL018W-A,0,-5.02682,0.10736934095621109,0.9819999933242798,0.8163999915122986
YIL098C,YGR081C,0,-5.0272703,0.10735760629177094,0.9819999933242798,0.8165000081062317
YKR059W,YIL173W,0,-5.0274296,0.10734587162733078,0.9819999933242798,0.8166000247001648
YGR109C,YKL093W,0,-5.0278397,0.10733413696289062,0.9819999933242798,0.8166999816894531
YJL157C,YFL018W-A,0,-5.0278873,0.10732240229845047,0.9819999933242798,0.8167999982833862
YIR023W,YOR192C-A,0,-5.0280313,0.10731067508459091,0.9819999933242798,0.8169000148773193
YIR004W,YOR192C-B,0,-5.028126,0.10729894787073135,0.9819999933242798,0.8169999718666077
YML080W,YDR210W-A,0,-5.02827,0.10728722810745239,0.9819999933242798,0.8170999884605408
YPL063W,YHR039C-B,0,-5.029025,0.10727550834417343,0.9819999933242798,0.8172000050544739
YKL148C,YOR192C-A,0,-5.0290804,0.10726378858089447,0.9819999933242798,0.817300021648407
YLR291C,YFL018W-A,0,-5.029108,0.1072520762681961,0.9819999933242798,0.8173999786376953
YDL069C,YGR244C,0,-5.0293074,0.10724036395549774,0.9819999933242798,0.8174999952316284
YBL013W,YOR056C,0,-5.0294666,0.10722865164279938,0.9819999933242798,0.8176000118255615
YOR260W,YJL100W,0,-5.029751,0.10721694678068161,0.9819999933242798,0.8177000284194946
YPL256C,YLR292C,0,-5.0298405,0.10720524191856384,0.9819999933242798,0.817799985408783
YOR045W,YGR161C-C,0,-5.0299864,0.10719353705644608,0.9819999933242798,0.8179000020027161
YGR261C,YPL087W,0,-5.0301294,0.1071818396449089,0.9819999933242798,0.8180000185966492
YLR102C,YPR168W,0,-5.030257,0.10717014223337173,0.9819999933242798,0.8180999755859375
YJL157C,YKL073W,0,-5.030411,0.10715844482183456,0.9819999933242798,0.8181999921798706
YDL198C,YOR142W-B,0,-5.031513,0.10714675486087799,0.9819999933242798,0.8183000087738037
YDR258C,YDR137W,0,-5.032398,0.10713506489992142,0.9819999933242798,0.8184000253677368
YNL075W,YDL093W,0,-5.033429,0.10712337493896484,0.9819999933242798,0.8184999823570251
YDR518W,YLR396C,0,-5.033701,0.10711169242858887,0.9819999933242798,0.8185999989509583
YGL095C,YGR027W-B,0,-5.034232,0.10710000991821289,0.9819999933242798,0.8187000155448914
YDL154W,YGL063W,0,-5.0348167,0.10708833485841751,0.9819999933242798,0.8187999725341797
YGL181W,YER118C,0,-5.035178,0.10707665234804153,0.9819999933242798,0.8188999891281128
YBR109C,YBR105C,0,-5.035202,0.10706497728824615,0.9819999933242798,0.8190000057220459
YGL035C,YHL022C,0,-5.0353556,0.10705330967903137,0.9819999933242798,0.819100022315979
YGL229C,YAR010C,0,-5.0355635,0.10704164206981659,0.9819999933242798,0.8191999793052673
YHR160C,YDL112W,0,-5.0355644,0.1070299744606018,0.9819999933242798,0.8192999958992004
YFR036W,YJL141C,0,-5.0355806,0.10701830685138702,0.9819999933242798,0.8194000124931335
YGR225W,YMR067C,0,-5.0362244,0.10700664669275284,0.9819999933242798,0.8195000290870667
YGL033W,YFL002W-B,0,-5.036475,0.10699498653411865,0.9819999933242798,0.819599986076355
YBR272C,YHR039C-B,0,-5.0365067,0.10698333382606506,0.9819999933242798,0.8197000026702881
YPL095C,YJR112W,0,-5.036848,0.10697168111801147,0.9819999933242798,0.8198000192642212
YDR335W,YJL121C,0,-5.037278,0.10696002840995789,0.9819999933242798,0.8198999762535095
YOR113W,YHR143W-A,0,-5.0378103,0.1069483757019043,0.9819999933242798,0.8199999928474426
YER019C-A,YPL257W-A,0,-5.0383825,0.1069367304444313,0.9819999933242798,0.8201000094413757
YMR140W,YML014W,0,-5.0389147,0.10692508518695831,0.9819999933242798,0.8202000260353088
YCR008W,YJL114W,0,-5.038995,0.10691344738006592,0.9819999933242798,0.8202999830245972
YFL010W-A,YOR192C-B,0,-5.0390987,0.10690180957317352,0.9819999933242798,0.8203999996185303
YKR027W,YAR019C,0,-5.039111,0.10689017176628113,0.9819999933242798,0.8205000162124634
YDL174C,YCR058C,0,-5.0392475,0.10687853395938873,0.9819999933242798,0.8205999732017517
YGR044C,YOR116C,0,-5.0397377,0.10686690360307693,0.9819999933242798,0.8206999897956848
YOR110W,YDR261W-B,0,-5.039916,0.10685528069734573,0.9819999933242798,0.8208000063896179
YPL213W,YNL248C,0,-5.0399456,0.10684365034103394,0.9819999933242798,0.820900022983551
YAL007C,YFL018W-A,0,-5.0400143,0.10683202743530273,0.9819999933242798,0.8209999799728394
YHR129C,YBL005W-A,0,-5.040148,0.10682040452957153,0.9819999933242798,0.8210999965667725
YOR160W,YMR305C,0,-5.0401506,0.10680878907442093,0.9819999933242798,0.8212000131607056
YIR023W,YIL029C,0,-5.040226,0.10679717361927032,0.9819999933242798,0.8213000297546387
YBR132C,YMR255W,0,-5.0406084,0.10678555816411972,0.9819999933242798,0.821399986743927
YDR365C,YLR410W-A,0,-5.0408993,0.10677395015954971,0.9819999933242798,0.8215000033378601
YPR046W,YLR227W-B,0,-5.0408993,0.1067623421549797,0.9819999933242798,0.8216000199317932
YDL036C,YAR010C,0,-5.04095,0.1067507341504097,0.9819999933242798,0.8216999769210815
YKR028W,YLR227W-A,0,-5.040989,0.10673913359642029,0.9819999933242798,0.8217999935150146
YPL032C,YDR495C,0,-5.041191,0.10672753304243088,0.9819999933242798,0.8219000101089478
YDL207W,YCR058C,0,-5.0412083,0.10671593248844147,0.9819999933242798,0.8220000267028809
YHR039C,YJL047C,0,-5.0412626,0.10670433193445206,0.9819999933242798,0.8220999836921692
YPR083W,YCR080W,0,-5.0417423,0.10669273883104324,0.9819999933242798,0.8222000002861023
YKL073W,YFL035C,0,-5.0418377,0.10668115317821503,0.9819999933242798,0.8223000168800354
YMR072W,YPR163C,0,-5.041952,0.10666956007480621,0.9819999933242798,0.8223999738693237
YIL124W,YLR405W,0,-5.042345,0.106657974421978,0.9819999933242798,0.8224999904632568
YLR170C,YOR185C,0,-5.0427647,0.10664639621973038,0.9819999933242798,0.8226000070571899
YMR055C,YPL257W-B,0,-5.0429897,0.10663481056690216,0.9819999933242798,0.822700023651123
YNL111C,YBR136W,0,-5.043354,0.10662323236465454,0.9819999933242798,0.8227999806404114
YKL053C-A,YJL164C,0,-5.043377,0.10661166161298752,0.9819999933242798,0.8228999972343445
YDR292C,YGR054W,0,-5.043577,0.1066000834107399,0.9819999933242798,0.8230000138282776
YOR349W,YLR227W-A,0,-5.043701,0.10658851265907288,0.9819999933242798,0.8230999708175659
YHR019C,YFL035C,0,-5.044009,0.10657694935798645,0.9819999933242798,0.823199987411499
YMR163C,YHR075C,0,-5.0440893,0.10656538605690002,0.9819999933242798,0.8233000040054321
YLR160C,YNL251C,0,-5.0441027,0.1065538227558136,0.9819999933242798,0.8234000205993652
YLR196W,YPL193W,0,-5.0443773,0.10654225945472717,0.9819999933242798,0.8234999775886536
YOL086C,YDR261C-C,0,-5.044547,0.10653070360422134,0.9819999933242798,0.8235999941825867
YML124C,YER137C-A,0,-5.044591,0.10651914775371552,0.9819999933242798,0.8237000107765198
YPL036W,YOR216C,0,-5.0452166,0.10650759190320969,0.9819999933242798,0.8238000273704529
YMR172W,YMR175W,0,-5.0453424,0.10649604350328445,0.9819999933242798,0.8238999843597412
YLR391W-A,YDR221W,0,-5.045554,0.10648449510335922,0.9819999933242798,0.8240000009536743
YFR028C,YCR062W,0,-5.045596,0.10647294670343399,0.9819999933242798,0.8241000175476074
YBR256C,YCR083W,0,-5.045615,0.10646140575408936,0.9819999933242798,0.8241999745368958
YLR130C,YPL060C-A,0,-5.0457478,0.10644986480474472,0.9819999933242798,0.8242999911308289
YOR240W,YNL037C,0,-5.0458784,0.10643832385540009,0.9819999933242798,0.824400007724762
YKL048C,YOR142W-A,0,-5.045924,0.10642679035663605,0.9819999933242798,0.8245000243186951
YER180C-A,YDR449C,0,-5.0462637,0.10641525685787201,0.9819999933242798,0.8245999813079834
YFR008W,YNL075W,0,-5.046298,0.10640373080968857,0.9819999933242798,0.8246999979019165
YOL082W,YKR035W-A,0,-5.0464582,0.10639219731092453,0.9819999933242798,0.8248000144958496
YPR036W,YLR227W-B,0,-5.047497,0.10638067126274109,0.9819999933242798,0.8248999714851379
YFL011W-A,YJR001W,0,-5.0479546,0.10636915266513824,0.9819999933242798,0.824999988079071
YHR007C,YKR037C,0,-5.0481358,0.1063576266169548,0.9819999933242798,0.8251000046730042
YHR143W-A,YGL030W,0,-5.0482216,0.10634611546993256,0.9819999933242798,0.8252000212669373
YMR238W,YDL174C,0,-5.0487614,0.10633459687232971,0.9819999933242798,0.8252999782562256
YAR002W,YOR003W,0,-5.0489063,0.10632308572530746,0.9819999933242798,0.8253999948501587
YFL057C,YMR149W,0,-5.0493507,0.10631157457828522,0.9819999933242798,0.8255000114440918
YGL210W-A,YOR148C,0,-5.049487,0.10630006343126297,0.9819999933242798,0.8256000280380249
YOR032C,YAR035W,0,-5.0502577,0.10628855973482132,0.9819999933242798,0.8256999850273132
YJR135C,YHR214C-B,0,-5.050308,0.10627705603837967,0.9819999933242798,0.8258000016212463
YFR019W,YDR210C-C,0,-5.050459,0.10626555234193802,0.9819999933242798,0.8259000182151794
YNR002C,YPR155C,0,-5.0506706,0.10625405609607697,0.9819999933242798,0.8259999752044678
YFL034C-B,YBL005W-B,0,-5.05103,0.10624255985021591,0.9819999933242798,0.8260999917984009
YDL132W,YGR103W,0,-5.0510836,0.10623107105493546,0.9819999933242798,0.826200008392334
YIR033W,YPL192C,0,-5.0513134,0.1062195748090744,0.9819999933242798,0.8263000249862671
YPL137C,YLR227W-A,0,-5.051358,0.10620809346437454,0.9819999933242798,0.8263999819755554
YER127W,YNL138W,0,-5.0516148,0.10619660466909409,0.9819999933242798,0.8264999985694885
YLR116W,YFL002W-B,0,-5.051753,0.10618512332439423,0.9819999933242798,0.8266000151634216
YOL082W,YAL043C,0,-5.05227,0.10617364197969437,0.9819999933242798,0.82669997215271
YPL193W,YFL058W,0,-5.0523434,0.1061621606349945,0.9819999933242798,0.8267999887466431
YPR164W,YER137C-A,0,-5.0526543,0.10615068674087524,0.9819999933242798,0.8269000053405762
YML051W,YDR098C,0,-5.053074,0.10613921284675598,0.9819999933242798,0.8270000219345093
YLR417W,YLR256W-A,0,-5.0532913,0.10612773895263672,0.9819999933242798,0.8270999789237976
YLR006C,YPL214C,0,-5.053377,0.10611627250909805,0.9819999933242798,0.8271999955177307
YLR134W,YLR383W,0,-5.0534306,0.10610480606555939,0.9819999933242798,0.8273000121116638
YGR199W,YFL002W-B,0,-5.053686,0.10609334707260132,0.9819999933242798,0.8274000287055969
YGR077C,YPL257W-B,0,-5.0538836,0.10608188062906265,0.9819999933242798,0.8274999856948853
YOL086C,YGR027W-B,0,-5.054434,0.10607042908668518,0.9819999933242798,0.8276000022888184
YLR391W,YIL106W,0,-5.054558,0.10605897009372711,0.9819999933242798,0.8277000188827515
YER044C-A,YPL010W,0,-5.0550814,0.10604751855134964,0.9819999933242798,0.8277999758720398
YOR179C,YLR410W-A,0,-5.0551367,0.10603606700897217,0.9819999933242798,0.8278999924659729
YGR261C,YDR098C-B,0,-5.055663,0.1060246154665947,0.9819999933242798,0.828000009059906
YDR364C,YDR261W-B,0,-5.055949,0.10601317137479782,0.9819999933242798,0.8281000256538391
YLR191W,YGR161W-B,0,-5.0564985,0.10600172728300095,0.9819999933242798,0.8281999826431274
YJL121C,YOR027W,0,-5.056753,0.10599028319120407,0.9819999933242798,0.8282999992370605
YBR237W,YHR048W,0,-5.0569,0.10597884654998779,0.9819999933242798,0.8284000158309937
YBR288C,YNL111C,0,-5.0571165,0.10596740990877151,0.9819999933242798,0.828499972820282
YKL195W,YDR316W-B,0,-5.057333,0.10595598071813583,0.9819999933242798,0.8285999894142151
YCR098C,YGR027W-B,0,-5.057355,0.10594454407691956,0.9819999933242798,0.8287000060081482
YPL061W,YLR350W,0,-5.0578594,0.10593311488628387,0.9819999933242798,0.8288000226020813
YJL089W,YOR194C,0,-5.057954,0.10592169314622879,0.9819999933242798,0.8288999795913696
YML128C,YCR106W,0,-5.0579615,0.10591026395559311,0.9819999933242798,0.8289999961853027
YAL038W,YMR104C,0,-5.0583696,0.10589884966611862,0.9819999933242798,0.8291000127792358
YDR236C,YOL034W,0,-5.058811,0.10588742792606354,0.9819999933242798,0.829200029373169
YKL002W,YDR210W-B,0,-5.058936,0.10587601363658905,0.9819999933242798,0.8292999863624573
YJL005W,YOR192C-B,0,-5.058936,0.10586459934711456,0.9819999933242798,0.8294000029563904
YIL114C,YDR210W-B,0,-5.05898,0.10585318505764008,0.9819999933242798,0.8295000195503235
YDL137W,YMR146C,0,-5.0593185,0.10584177821874619,0.9819999933242798,0.8295999765396118
YDR465C,YGR285C,0,-5.059492,0.1058303713798523,0.9819999933242798,0.8296999931335449
YDL017W,YCR080W,0,-5.059573,0.1058189645409584,0.9819999933242798,0.829800009727478
YPL022W,YGR161W-A,0,-5.0597715,0.10580756515264511,0.9819999933242798,0.8299000263214111
YLR105C,YCR080W,0,-5.060116,0.10579616576433182,0.9819999933242798,0.8299999833106995
YML104C,YNR053C,0,-5.060131,0.10578476637601852,0.9819999933242798,0.8300999999046326
YMR164C,YGR178C,0,-5.0601683,0.10577337443828583,0.9819999933242798,0.8302000164985657
YDR419W,YDR210W-A,0,-5.060214,0.10576198250055313,0.9819999933242798,0.830299973487854
YOR018W,YDR365W-B,0,-5.060277,0.10575059056282043,0.9819999933242798,0.8303999900817871
YOL127W,YJL190C,0,-5.060334,0.10573920607566833,0.9819999933242798,0.8305000066757202
YPR131C,YML039W,0,-5.060519,0.10572782158851624,0.9819999933242798,0.8306000232696533
YGL097W,YDR261W-B,0,-5.0607796,0.10571643710136414,0.9819999933242798,0.8306999802589417
YOR261C,YJR145C,0,-5.0608416,0.10570506006479263,0.9819999933242798,0.8307999968528748
YOL080C,YBL050W,0,-5.060873,0.10569368302822113,0.9819999933242798,0.8309000134468079
YFL050C,YLR391W,0,-5.061059,0.10568230599164963,0.9819999933242798,0.8309999704360962
YOL151W,YIL051C,0,-5.061061,0.10567093640565872,0.9819999933242798,0.8310999870300293
YBR004C,YER162C,0,-5.0612545,0.10565956681966782,0.9819999933242798,0.8312000036239624
YKR034W,YLR048W,0,-5.0612946,0.10564819723367691,0.9819999933242798,0.8313000202178955
YBR119W,YBR069C,0,-5.0620947,0.1056368350982666,0.9819999933242798,0.8313999772071838
YNL001W,YDR261C-C,0,-5.0622253,0.10562547296285629,0.9819999933242798,0.8314999938011169
YNL065W,YGR199W,0,-5.0622263,0.10561411082744598,0.9819999933242798,0.83160001039505
YMR280C,YDR465C,0,-5.0622835,0.10560275614261627,0.9819999933242798,0.8317000269889832
YMR100W,YMR210W,0,-5.062622,0.10559140145778656,0.9819999933242798,0.8317999839782715
YEL019C,YGR161C-D,0,-5.0631256,0.10558004677295685,0.9819999933242798,0.8319000005722046
YPR128C,YPL275W,0,-5.063588,0.10556869208812714,0.9819999933242798,0.8320000171661377
YOL049W,YLR452C,0,-5.063718,0.10555734485387802,0.9819999933242798,0.832099974155426
YEL051W,YLR227W-B,0,-5.0639,0.1055460050702095,0.9819999933242798,0.8321999907493591
YFL035C-A,YGL104C,0,-5.0639877,0.10553465783596039,0.9819999933242798,0.8323000073432922
YEL034W,YKL085W,0,-5.0643435,0.10552331805229187,0.9819999933242798,0.8324000239372253
YLR270W,YOR160W,0,-5.065113,0.10551197826862335,0.9819999933242798,0.8324999809265137
YML081C-A,YOR343W-A,0,-5.0654926,0.10550064593553543,0.9819999933242798,0.8325999975204468
YFL035C,YML060W,0,-5.0659676,0.10548931360244751,0.9819999933242798,0.8327000141143799
YNL220W,YGR195W,0,-5.0664215,0.10547798126935959,0.9819999933242798,0.8327999711036682
YJL154C,YGR038C-A,0,-5.0665607,0.10546664893627167,0.9819999933242798,0.8328999876976013
YMR061W,YBR012W-A,0,-5.0668516,0.10545532405376434,0.9819999933242798,0.8330000042915344
YKL011C,YFL002W-A,0,-5.0669184,0.10544400662183762,0.9819999933242798,0.8331000208854675
YJL116C,YJR021C,0,-5.066963,0.10543268173933029,0.9819999933242798,0.8331999778747559
YPR107C,YGR161C-C,0,-5.0670633,0.10542136430740356,0.9819999933242798,0.833299994468689
YPL059W,YDR138W,0,-5.0673,0.10541004687547684,0.9819999933242798,0.8334000110626221
YGL027C,YPL237W,0,-5.0674696,0.1053987368941307,0.9819999933242798,0.8335000276565552
YGR135W,YDR210C-C,0,-5.0683193,0.10538741946220398,0.9819999933242798,0.8335999846458435
YJL102W,YHR069C,0,-5.0685396,0.10537611693143845,0.9819999933242798,0.8337000012397766
YPL193W,YGR109W-B,0,-5.068676,0.10536480695009232,0.9819999933242798,0.8338000178337097
YIL008W,YNL054W-B,0,-5.0689373,0.10535350441932678,0.9819999933242798,0.833899974822998
YGL115W,YDR261C-D,0,-5.0689898,0.10534220188856125,0.9819999933242798,0.8339999914169312
YOR031W,YKL173W,0,-5.0694017,0.10533089935779572,0.9819999933242798,0.8341000080108643
YDR252W,YLR372W,0,-5.0694857,0.10531960427761078,0.9819999933242798,0.8342000246047974
YBL097W,YOR100C,0,-5.0697002,0.10530830919742584,0.9819999933242798,0.8342999815940857
YKL011C,YNL004W,0,-5.0697393,0.1052970215678215,0.9819999933242798,0.8343999981880188
YLR391W-A,YPR189W,0,-5.0698853,0.10528572648763657,0.9819999933242798,0.8345000147819519
YFR050C,YDR210C-C,0,-5.0701733,0.10527443885803223,0.9819999933242798,0.8345999717712402
YPL192C,YOR047C,0,-5.0705805,0.10526315867900848,0.9819999933242798,0.8346999883651733
YLR193C,YCL074W,0,-5.0709124,0.10525187849998474,0.9819999933242798,0.8348000049591064
YHR079C-B,YLR181C,0,-5.0715694,0.105240598320961,0.9819999933242798,0.8349000215530396
YFR031C,YNL054W-B,0,-5.071618,0.10522931814193726,0.9819999933242798,0.8349999785423279
YLL035W,YDR034C-C,0,-5.072791,0.10521804541349411,0.9819999933242798,0.835099995136261
YGL019W,YCR062W,0,-5.0731277,0.10520677268505096,0.9819999933242798,0.8352000117301941
YER179W,YLR080W,0,-5.0736895,0.10519549995660782,0.9819999933242798,0.8353000283241272
YDR283C,YOR343W-A,0,-5.0737963,0.10518423467874527,0.9819999933242798,0.8353999853134155
YLR221C,YOR270C,0,-5.074259,0.10517296940088272,0.9819999933242798,0.8355000019073486
YDR166C,YNL054W-A,0,-5.0746346,0.10516170412302017,0.9819999933242798,0.8356000185012817
YLR318W,YGR109W-A,0,-5.0747175,0.10515044629573822,0.9819999933242798,0.8356999754905701
YOR178C,YEL024W,0,-5.075139,0.10513918846845627,0.9819999933242798,0.8357999920845032
YOR257W,YOR192C-A,0,-5.0753565,0.10512793064117432,0.9819999933242798,0.8359000086784363
YKL148C,YMR156C,0,-5.0754356,0.10511668026447296,0.9819999933242798,0.8360000252723694
YKL179C,YDR210W-B,0,-5.0756397,0.1051054298877716,0.9819999933242798,0.8360999822616577
YGR059W,YPL257W-A,0,-5.075712,0.10509417951107025,0.9819999933242798,0.8361999988555908
YPL061W,YBR069C,0,-5.076415,0.1050829291343689,0.9819999933242798,0.8363000154495239
YFL011W-A,YHL002W,0,-5.0764875,0.10507168620824814,0.9819999933242798,0.8363999724388123
YGL051W,YAR010C,0,-5.076661,0.10506045073270798,0.9819999933242798,0.8364999890327454
YBR020W,YDR261C-C,0,-5.07705,0.10504920780658722,0.9819999933242798,0.8366000056266785
YLR284C,YJL045W,0,-5.077317,0.10503797233104706,0.9819999933242798,0.8367000222206116
YLL012W,YOR343W-A,0,-5.077838,0.1050267368555069,0.9819999933242798,0.8367999792098999
YGR004W,YGR109W-B,0,-5.0783873,0.10501550883054733,0.9819999933242798,0.836899995803833
YDR180W,YGR008C,0,-5.079503,0.10500428080558777,0.9819999933242798,0.8370000123977661
YPR199C,YDL109C,0,-5.0799465,0.1049930527806282,0.9819999933242798,0.8371000289916992
YLR383W,YPR078C,0,-5.079957,0.10498182475566864,0.9819999933242798,0.8371999859809875
YGL043W,YLR136C,0,-5.080059,0.10497060418128967,0.9819999933242798,0.8373000025749207
YOL002C,YDR091C,0,-5.080205,0.1049593836069107,0.9819999933242798,0.8374000191688538
YNL243W,YDR210W-A,0,-5.080701,0.10494817048311234,0.9819999933242798,0.8374999761581421
YMR214W,YLR222C,0,-5.0809402,0.10493694990873337,0.9819999933242798,0.8375999927520752
YDL099W,YDR210C-D,0,-5.081032,0.104925736784935,0.9819999933242798,0.8377000093460083
YJR137C,YDR311W,0,-5.0814867,0.10491453111171722,0.9819999933242798,0.8378000259399414
YKL058W,YML131W,0,-5.0815573,0.10490332543849945,0.9819999933242798,0.8378999829292297
YJR004C,YDR365W-A,0,-5.081949,0.10489211976528168,0.9819999933242798,0.8379999995231628
YGR249W,YER162C,0,-5.0820637,0.1048809140920639,0.9819999933242798,0.838100016117096
YMR035W,YKR079C,0,-5.082548,0.10486971586942673,0.9819999933242798,0.8381999731063843
YDR377W,YJL018W,0,-5.083069,0.10485851764678955,0.9819999933242798,0.8382999897003174
YML085C,YHR138C,0,-5.0831995,0.10484731942415237,0.9819999933242798,0.8384000062942505
YPL192C,YNR064C,0,-5.083391,0.1048361286520958,0.9819999933242798,0.8385000228881836
YER106W,YLR256W-A,0,-5.083432,0.10482493788003922,0.9819999933242798,0.8385999798774719
YJL100W,YGR027W-B,0,-5.083624,0.10481374710798264,0.9819999933242798,0.838699996471405
YGR246C,YOR343W-B,0,-5.083702,0.10480256378650665,0.9819999933242798,0.8388000130653381
YOR099W,YGR161W-A,0,-5.0839767,0.10479138046503067,0.9819999933242798,0.8389000296592712
YPL121C,YCL074W,0,-5.0842543,0.10478019714355469,0.9819999933242798,0.8389999866485596
YPR167C,YLR008C,0,-5.0848665,0.1047690138220787,0.9819999933242798,0.8391000032424927
YLR424W,YGR161C-C,0,-5.0849514,0.10475783795118332,0.9819999933242798,0.8392000198364258
YDL045C,YPR163C,0,-5.0852537,0.10474666953086853,0.9819999933242798,0.8392999768257141
YER014C-A,YCR080W,0,-5.0854235,0.10473549365997314,0.9819999933242798,0.8393999934196472
YDR078C,YPR158C-D,0,-5.0854445,0.10472432523965836,0.9819999933242798,0.8395000100135803
YDL220C,YML045W,0,-5.085683,0.10471315681934357,0.9819999933242798,0.8396000266075134
YDR088C,YFL018W-A,0,-5.0859365,0.10470199584960938,0.9819999933242798,0.8396999835968018
YGL158W,YLR256W-A,0,-5.0862007,0.10469083487987518,0.9819999933242798,0.8398000001907349
YLL016W,YNL304W,0,-5.0862474,0.10467967391014099,0.9819999933242798,0.839900016784668
YMR186W,YJL098W,0,-5.086647,0.1046685129404068,0.9819999933242798,0.8399999737739563
YGL021W,YDR210C-D,0,-5.0867224,0.1046573594212532,0.9819999933242798,0.8400999903678894
YDR388W,YLR410W-A,0,-5.086834,0.10464620590209961,0.9819999933242798,0.8402000069618225
YPR054W,YOR142W-B,0,-5.086836,0.10463505238294601,0.9819999933242798,0.8403000235557556
YBR085W,YHR205W,0,-5.0868397,0.10462390631437302,0.9819999933242798,0.840399980545044
YIR013C,YGR027W-B,0,-5.086857,0.10461276024580002,0.9819999933242798,0.840499997138977
YLL013C,YDR365W-A,0,-5.087347,0.10460162162780762,0.9819999933242798,0.8406000137329102
YCL067C,YGR109W-A,0,-5.087509,0.10459047555923462,0.9819999933242798,0.8406999707221985
YFL035C-A,YBR035C,0,-5.0877686,0.10457933694124222,0.9819999933242798,0.8407999873161316
YGL206C,YDL051W,0,-5.0878296,0.10456820577383041,0.9819999933242798,0.8409000039100647
YIL140W,YCR083W,0,-5.088072,0.10455706715583801,0.9819999933242798,0.8410000205039978
YLR396C,YGR054W,0,-5.088619,0.10454593598842621,0.9819999933242798,0.8410999774932861
YDR285W,YLR410W-A,0,-5.0889254,0.104534812271595,0.9819999933242798,0.8411999940872192
YBL015W,YGL048C,0,-5.0890083,0.1045236811041832,0.9819999933242798,0.8413000106811523
YLR109W,YGR109W-A,0,-5.089266,0.10451255738735199,0.9819999933242798,0.8414000272750854
YJL116C,YHR042W,0,-5.089387,0.10450143367052078,0.9819999933242798,0.8414999842643738
YCR055C,YMR218C,0,-5.0894175,0.10449031740427017,0.9819999933242798,0.8416000008583069
YER160C,YPL060C-A,0,-5.0894413,0.10447920113801956,0.9819999933242798,0.84170001745224
YLR105C,YDR261C-D,0,-5.0897627,0.10446808487176895,0.9819999933242798,0.8417999744415283
YJL018W,YOL034W,0,-5.08994,0.10445697605609894,0.9819999933242798,0.8418999910354614
YJL018W,YGR111W,0,-5.0900793,0.10444585978984833,0.9819999933242798,0.8420000076293945
YDR037W,YPR036W-A,0,-5.0900793,0.10443475842475891,0.9819999933242798,0.8421000242233276
YMR083W,YLR157C-A,0,-5.0900793,0.1044236496090889,0.9819999933242798,0.842199981212616
YNL257C,YNL054W-B,0,-5.0900793,0.10441254824399948,0.9819999933242798,0.8422999978065491
YFL011W-A,YHL012W,0,-5.0900793,0.10440144687891006,0.9819999933242798,0.8424000144004822
YNL126W,YNL284C-A,0,-5.0900793,0.10439034551382065,0.9819999933242798,0.8424999713897705
YNL037C,YOR343C-A,0,-5.0900793,0.10437925159931183,0.9819999933242798,0.8425999879837036
YKL099C,YPR036W-A,0,-5.0900793,0.10436815768480301,0.9819999933242798,0.8427000045776367
YHR079C-A,YOR142W-B,0,-5.0900793,0.10435706377029419,0.9819999933242798,0.8428000211715698
YLR320W,YDR261W-B,0,-5.0900793,0.10434597730636597,0.9819999933242798,0.8428999781608582
YKL099C,YLR157C-A,0,-5.0900793,0.10433489084243774,0.9819999933242798,0.8429999947547913
YDR325W,YBL101W-B,0,-5.0900793,0.10432380437850952,0.9819999933242798,0.8431000113487244
YLR212C,YBL101W-A,0,-5.0900793,0.1043127253651619,0.9819999933242798,0.8432000279426575
YOR295W,YBL101W-A,0,-5.0900793,0.10430164635181427,0.9819999933242798,0.8432999849319458
YMR296C,YHL009W-A,0,-5.0900793,0.10429056733846664,0.9819999933242798,0.8434000015258789
YDR212W,YLR157C-A,0,-5.0900793,0.10427949577569962,0.9819999933242798,0.843500018119812
YOL082W,YNL284C-A,0,-5.0900793,0.10426842421293259,0.9819999933242798,0.8435999751091003
YFL034C-B,YGR109W-A,0,-5.0900793,0.10425735265016556,0.9819999933242798,0.8436999917030334
YGR161W-A,YOR343C-A,0,-5.0900793,0.10424628108739853,0.9819999933242798,0.8438000082969666
YGR161W-B,YOR343C-A,0,-5.0900793,0.1042352169752121,0.9819999933242798,0.8439000248908997
YHR129C,YHL009W-A,0,-5.0900793,0.10422415286302567,0.9819999933242798,0.843999981880188
YLL018C-A,YDR210W-D,0,-5.0900793,0.10421309620141983,0.9819999933242798,0.8440999984741211
YJL021C,YDR210C-D,0,-5.0900793,0.104202039539814,0.9819999933242798,0.8442000150680542
YKL025C,YLR256W-A,0,-5.0900793,0.10419098287820816,0.9819999933242798,0.8442999720573425
YOR174W,YOR343C-A,0,-5.0900793,0.10417992621660233,0.9819999933242798,0.8443999886512756
YBR102C,YBL101W-A,0,-5.0900793,0.10416887700557709,0.9819999933242798,0.8445000052452087
YHL028W,YPR036W-A,0,-5.0900793,0.10415782779455185,0.9819999933242798,0.8446000218391418
YNL160W,YBL101W-B,0,-5.0900793,0.10414677858352661,0.9819999933242798,0.8446999788284302
YPL059W,YHL009W-A,0,-5.0900793,0.10413573682308197,0.9819999933242798,0.8447999954223633
YJL020C,YLR157C-A,0,-5.0900793,0.10412469506263733,0.9819999933242798,0.8449000120162964
YNR054C,YBL101W-B,0,-5.0900793,0.10411365330219269,0.9819999933242798,0.8450000286102295
YDR314C,YGR027W-B,0,-5.0900793,0.10410261899232864,0.9819999933242798,0.8450999855995178
YOL020W,YPR036W-A,0,-5.0900793,0.1040915846824646,0.9819999933242798,0.8452000021934509
YGL046W,YGR038C-B,0,-5.0900793,0.10408055037260056,0.9819999933242798,0.845300018787384
YOR109W,YNL284C-A,0,-5.0900793,0.10406952351331711,0.9819999933242798,0.8453999757766724
YNL065W,YOR343C-A,0,-5.0900793,0.10405849665403366,0.9819999933242798,0.8454999923706055
YGR256W,YHL009W-A,0,-5.0900793,0.10404746979475021,0.9819999933242798,0.8456000089645386
YJL024C,YDR210W-D,0,-5.0900793,0.10403644293546677,0.9819999933242798,0.8457000255584717
YMR208W,YDR210W-D,0,-5.0900793,0.10402542352676392,0.9819999933242798,0.84579998254776
YJL018W,YBL101W-A,0,-5.0900793,0.10401440411806107,0.9819999933242798,0.8458999991416931
YJL219W,YNL284C-A,0,-5.0900793,0.10400339215993881,0.9819999933242798,0.8460000157356262
YGL120C,YHL009W-A,0,-5.0900793,0.10399237275123596,0.9819999933242798,0.8460999727249146
YOL045W,YDR210W-B,0,-5.0900793,0.10398136079311371,0.9819999933242798,0.8461999893188477
YBR130C,YDR210W-D,0,-5.0900793,0.10397035628557205,0.9819999933242798,0.8463000059127808
YOL124C,YBL101W-A,0,-5.0900793,0.1039593443274498,0.9819999933242798,0.8464000225067139
YGR225W,YGR109W-A,0,-5.0900793,0.10394833981990814,0.9819999933242798,0.8464999794960022
YML036W,YBL101W-A,0,-5.0900793,0.10393734276294708,0.9819999933242798,0.8465999960899353
YBR205W,YHL009W-A,0,-5.0900793,0.10392633825540543,0.9819999933242798,0.8467000126838684
YCR082W,YNL284C-A,0,-5.0900793,0.10391534119844437,0.9819999933242798,0.8468000292778015
YER083C,YPR036W-A,0,-5.0900793,0.1039043515920639,0.9819999933242798,0.8468999862670898
YFL029C,YDR261C-C,0,-5.0900793,0.10389335453510284,0.9819999933242798,0.847000002861023
YOR237W,YHL009W-A,0,-5.0900793,0.10388236492872238,0.9819999933242798,0.847100019454956
YNL268W,YOR343C-A,0,-5.0900793,0.10387137532234192,0.9819999933242798,0.8471999764442444
YBR130C,YBL101W-B,0,-5.0900793,0.10386039316654205,0.9819999933242798,0.8472999930381775
YIL014W,YBL101W-B,0,-5.0900793,0.10384941101074219,0.9819999933242798,0.8474000096321106
YAL009W,YHL009W-A,0,-5.0900793,0.10383842885494232,0.9819999933242798,0.8475000262260437
YBL101W-A,YHR020W,0,-5.0900793,0.10382744669914246,0.9819999933242798,0.847599983215332
YPR083W,YOR343C-A,0,-5.0900793,0.10381647199392319,0.9819999933242798,0.8476999998092651
YOL082W,YBL101W-B,0,-5.0900793,0.10380549728870392,0.9819999933242798,0.8478000164031982
YCR055C,YGR109W-A,0,-5.0900793,0.10379452258348465,0.9819999933242798,0.8478999733924866
YKL114C,YBL101W-A,0,-5.0900793,0.10378355532884598,0.9819999933242798,0.8479999899864197
YIR005W,YDR210W-D,0,-5.0900793,0.1037725880742073,0.9819999933242798,0.8481000065803528
YKL004W,YDR365W-A,0,-5.0900793,0.10376162081956863,0.9819999933242798,0.8482000231742859
YCL033C,YDR210W-D,0,-5.0900793,0.10375066101551056,0.9819999933242798,0.8482999801635742
YOR269W,YHL009W-A,0,-5.0900793,0.10373970121145248,0.9819999933242798,0.8483999967575073
YLR207W,YHL009W-A,0,-5.0900793,0.10372874140739441,0.9819999933242798,0.8485000133514404
YOR045W,YDR210W-D,0,-5.0900793,0.10371778905391693,0.9819999933242798,0.8485999703407288
YNR034W,YBL101W-A,0,-5.0900793,0.10370682924985886,0.9819999933242798,0.8486999869346619
YJR092W,YOR343W-A,0,-5.0900793,0.10369588434696198,0.9819999933242798,0.848800003528595
YPR054W,YDR210W-D,0,-5.0900793,0.1036849319934845,0.9819999933242798,0.8489000201225281
YPR199C,YDR210W-D,0,-5.0900793,0.10367398709058762,0.9819999933242798,0.8489999771118164
YER008C,YDR034C-C,0,-5.0900793,0.10366304218769073,0.9819999933242798,0.8490999937057495
YOR377W,YOR343C-A,0,-5.0900793,0.10365209728479385,0.9819999933242798,0.8492000102996826
YPR025C,YBL101W-B,0,-5.0900793,0.10364115983247757,0.9819999933242798,0.8493000268936157
YOL045W,YDR210C-C,0,-5.0900793,0.10363022238016129,0.9819999933242798,0.849399983882904
YJL179W,YPR036W-A,0,-5.0900793,0.1036192923784256,0.9819999933242798,0.8495000004768372
YBR086C,YPR036W-A,0,-5.0900793,0.10360835492610931,0.9819999933242798,0.8496000170707703
YAL031C,YBL101W-A,0,-5.0900793,0.10359742492437363,0.9819999933242798,0.8496999740600586
YOR315W,YBL101W-B,0,-5.0900793,0.10358649492263794,0.9819999933242798,0.8497999906539917
YOR313C,YNL284C-A,0,-5.0900793,0.10357557237148285,0.9819999933242798,0.8499000072479248
YHR073W,YLR157C-A,0,-5.0900793,0.10356464982032776,0.9819999933242798,0.8500000238418579
YEL004W,YBL101W-A,0,-5.0900793,0.10355372726917267,0.9819999933242798,0.8500999808311462
YCL075W,YGR272C,0,-5.0900793,0.10354281216859818,0.9819999933242798,0.8501999974250793
YBR068C,YLR157C-A,0,-5.0900793,0.10353188961744308,0.9819999933242798,0.8503000140190125
YKL138C-A,YAR010C,0,-5.0900793,0.10352098196744919,0.9819999933242798,0.8503999710083008
YGR244C,YHL009W-A,0,-5.0900793,0.1035100668668747,0.9819999933242798,0.8504999876022339
YDL145C,YDR210W-D,0,-5.0900793,0.1034991592168808,0.9819999933242798,0.850600004196167
YER180C-A,YMR046C,0,-5.0900793,0.1034882515668869,0.9819999933242798,0.8507000207901001
YEL030W,YBL101W-A,0,-5.0900793,0.103477343916893,0.9819999933242798,0.8507999777793884
YOL072W,YBL101W-A,0,-5.0900793,0.1034664437174797,0.9819999933242798,0.8508999943733215
YPR128C,YLR157C-A,0,-5.0900793,0.1034555435180664,0.9819999933242798,0.8510000109672546
YPL130W,YBL101W-B,0,-5.0900793,0.1034446433186531,0.9819999933242798,0.8511000275611877
YOR341W,YBL101W-B,0,-5.0900793,0.1034337505698204,0.9819999933242798,0.8511999845504761
YGR188C,YDR210W-D,0,-5.0900793,0.1034228578209877,0.9819999933242798,0.8513000011444092
YHR019C,YJL018W,0,-5.0904036,0.103411965072155,0.9819999933242798,0.8514000177383423
YER005W,YBL100W-B,0,-5.0907316,0.1034010723233223,0.9819999933242798,0.8514999747276306
YGR254W,YNL054W-A,0,-5.09074,0.10339018702507019,0.9819999933242798,0.8515999913215637
YNL016W,YDR210C-D,0,-5.092081,0.10337930172681808,0.9819999933242798,0.8517000079154968
YOR257W,YCR062W,0,-5.0921345,0.10336842387914658,0.9819999933242798,0.8518000245094299
YCR091W,YLR240W,0,-5.0922394,0.10335753858089447,0.9819999933242798,0.8518999814987183
YFR048W,YGR161C-C,0,-5.0922956,0.10334666073322296,0.9819999933242798,0.8519999980926514
YNL283C,YDR261W-B,0,-5.0923595,0.10333579033613205,0.9819999933242798,0.8521000146865845
YBL013W,YDR365W-A,0,-5.0925055,0.10332491248846054,0.9819999933242798,0.8521999716758728
YLL019C,YMR260C,0,-5.092972,0.10331404209136963,0.9819999933242798,0.8522999882698059
YLR391W-A,YDL059C,0,-5.0929947,0.10330317914485931,0.9819999933242798,0.852400004863739
YLR028C,YLR126C,0,-5.0933332,0.1032923087477684,0.9819999933242798,0.8525000214576721
YOL016C,YGL153W,0,-5.093858,0.10328144580125809,0.9819999933242798,0.8525999784469604
YCL012W,YBR274W,0,-5.0938597,0.10327058285474777,0.9819999933242798,0.8526999950408936
YHR157W,YGR027W-B,0,-5.094041,0.10325972735881805,0.9819999933242798,0.8528000116348267
YDL051W,YOR148C,0,-5.0941296,0.10324887186288834,0.9819999933242798,0.8529000282287598
YDR517W,YIR025W,0,-5.0941973,0.10323801636695862,0.9819999933242798,0.8529999852180481
YCR071C,YNL066W,0,-5.094329,0.1032271608710289,0.9819999933242798,0.8531000018119812
YKL148C,YGR161W-A,0,-5.09435,0.10321631282567978,0.9819999933242798,0.8532000184059143
YEL061C,YDR261C-C,0,-5.0945425,0.10320546478033066,0.9819999933242798,0.8532999753952026
YOR145C,YBR024W,0,-5.095359,0.10319461673498154,0.9819999933242798,0.8533999919891357
YJR052W,YCR080W,0,-5.0956926,0.10318377614021301,0.9819999933242798,0.8535000085830688
YDR446W,YJR028W,0,-5.0957117,0.10317293554544449,0.9819999933242798,0.853600025177002
YJL060W,YER022W,0,-5.09573,0.10316209495067596,0.9819999933242798,0.8536999821662903
YKL064W,YHR157W,0,-5.0957346,0.10315126180648804,0.9819999933242798,0.8537999987602234
YDL227C,YKR046C,0,-5.0963736,0.10314042866230011,0.9819999933242798,0.8539000153541565
YLR131C,YDR261C-C,0,-5.096504,0.10312959551811218,0.9819999933242798,0.8539999723434448
YMR116C,YLR034C,0,-5.096591,0.10311876237392426,0.9819999933242798,0.8540999889373779
YAL047C,YGR161W-A,0,-5.0967245,0.10310793668031693,0.9819999933242798,0.854200005531311
YNL202W,YDR312W,0,-5.096834,0.1030971109867096,0.9819999933242798,0.8543000221252441
YDR054C,YER137C-A,0,-5.096876,0.10308629274368286,0.9819999933242798,0.8543999791145325
YCR080W,YDL015C,0,-5.0969105,0.10307546705007553,0.9819999933242798,0.8544999957084656
YGL020C,YOR003W,0,-5.0973206,0.1030646488070488,0.9819999933242798,0.8546000123023987
YDR339C,YOR192C-A,0,-5.0980988,0.10305383801460266,0.9819999933242798,0.8547000288963318
YJR025C,YCR055C,0,-5.098159,0.10304301977157593,0.9819999933242798,0.8547999858856201
YKL016C,YDR261C-D,0,-5.098177,0.10303220897912979,0.9819999933242798,0.8549000024795532
YPL110C,YGR008C,0,-5.0989866,0.10302139818668365,0.9819999933242798,0.8550000190734863
YDR427W,YKL148C,0,-5.0990896,0.10301059484481812,0.9819999933242798,0.8550999760627747
YBR050C,YHR079C-B,0,-5.099329,0.10299979150295258,0.9819999933242798,0.8551999926567078
YOR316C,YDR443C,0,-5.099388,0.10298898816108704,0.9819999933242798,0.8553000092506409
YDL043C,YPL060C-A,0,-5.09968,0.1029781848192215,0.9819999933242798,0.855400025844574
YHL034C,YFL002W-B,0,-5.099758,0.10296738892793655,0.9819999933242798,0.8554999828338623
YIL051C,YLR240W,0,-5.1000175,0.10295659303665161,0.9819999933242798,0.8555999994277954
YLR193C,YLR157C-B,0,-5.1001635,0.10294580459594727,0.9819999933242798,0.8557000160217285
YDL245C,YBR169C,0,-5.1002283,0.10293500870466232,0.9819999933242798,0.8557999730110168
YGR246C,YHR214C-C,0,-5.100415,0.10292422026395798,0.9819999933242798,0.85589998960495
YAL051W,YKR081C,0,-5.100601,0.10291343182325363,0.9819999933242798,0.8560000061988831
YGR288W,YLR227W-B,0,-5.1015024,0.10290265083312988,0.9819999933242798,0.8561000227928162
YLR186W,YBL040C,0,-5.1015625,0.10289186984300613,0.9819999933242798,0.8561999797821045
YIL008W,YLR227W-B,0,-5.1017,0.10288108885288239,0.9819999933242798,0.8562999963760376
YOR145C,YDR388W,0,-5.1017647,0.10287031531333923,0.9819999933242798,0.8564000129699707
YER041W,YHR048W,0,-5.1019745,0.10285953432321548,0.9819999933242798,0.8565000295639038
YKL148C,YML124C,0,-5.1021824,0.10284876078367233,0.9819999933242798,0.8565999865531921
YLR098C,YPL063W,0,-5.1023426,0.10283799469470978,0.9819999933242798,0.8567000031471252
YKL144C,YCR072C,0,-5.1025057,0.10282722860574722,0.9819999933242798,0.8568000197410583
YOL142W,YHR214C-C,0,-5.1025743,0.10281646251678467,0.9819999933242798,0.8568999767303467
YDL085W,YNL264C,0,-5.102661,0.10280569642782211,0.9819999933242798,0.8569999933242798
YNL283C,YGR027W-B,0,-5.1027946,0.10279493033885956,0.9819999933242798,0.8571000099182129
YOR275C,YGR161W-B,0,-5.1032057,0.1027841717004776,0.9819999933242798,0.857200026512146
YOR348C,YKL034W,0,-5.1032248,0.10277342051267624,0.9819999933242798,0.8572999835014343
YER179W,YOR142W-B,0,-5.1034966,0.10276266187429428,0.9819999933242798,0.8574000000953674
YDR329C,YPR137C-B,0,-5.103733,0.10275191068649292,0.9819999933242798,0.8575000166893005
YDL029W,YPL188W,0,-5.103936,0.10274115949869156,0.9819999933242798,0.8575999736785889
YNL145W,YKR025W,0,-5.104089,0.1027304083108902,0.9819999933242798,0.857699990272522
YGR246C,YDL060W,0,-5.104164,0.10271966457366943,0.9819999933242798,0.8578000068664551
YHL024W,YDR210C-D,0,-5.1043005,0.10270892083644867,0.9819999933242798,0.8579000234603882
YPR041W,YGR111W,0,-5.1043825,0.1026981770992279,0.9819999933242798,0.8579999804496765
YGR258C,YKL125W,0,-5.104739,0.10268744081258774,0.9819999933242798,0.8580999970436096
YCL012W,YJL204C,0,-5.104786,0.10267670452594757,0.9819999933242798,0.8582000136375427
YIL044C,YOR142W-A,0,-5.104883,0.1026659682393074,0.9819999933242798,0.858299970626831
YBL082C,YER137C-A,0,-5.105112,0.10265523940324783,0.9819999933242798,0.8583999872207642
YEL032W,YGL209W,0,-5.1052456,0.10264451056718826,0.9819999933242798,0.8585000038146973
YBR086C,YLR256W-A,0,-5.1057663,0.10263378173112869,0.9819999933242798,0.8586000204086304
YIL048W,YOL080C,0,-5.106035,0.10262305289506912,0.9819999933242798,0.8586999773979187
YDR427W,YLR256W-A,0,-5.106082,0.10261233150959015,0.9819999933242798,0.8587999939918518
YDR173C,YEL069C,0,-5.106163,0.10260161012411118,0.9819999933242798,0.8589000105857849
YIL017W,YLR466W,0,-5.1068077,0.1025908887386322,0.9819999933242798,0.859000027179718
YER106W,YCL003W,0,-5.1068163,0.10258017480373383,0.9819999933242798,0.8590999841690063
YPL224C,YLL011W,0,-5.106841,0.10256946086883545,0.9819999933242798,0.8592000007629395
YJL099W,YBL005W-B,0,-5.1071243,0.10255874693393707,0.9819999933242798,0.8593000173568726
YGL210W-A,YEL050C,0,-5.107876,0.1025480404496193,0.9819999933242798,0.8593999743461609
YJR158W,YPR112C,0,-5.1081553,0.10253732651472092,0.9819999933242798,0.859499990940094
YOR100C,YOR142W-A,0,-5.1083755,0.10252662003040314,0.9819999933242798,0.8596000075340271
YNL236W,YPR158C-D,0,-5.10865,0.10251592099666595,0.9819999933242798,0.8597000241279602
YLR381W,YGL089C,0,-5.10867,0.10250522196292877,0.9819999933242798,0.8597999811172485
YEL017C-A,YLR256W-A,0,-5.108876,0.10249452292919159,0.9819999933242798,0.8598999977111816
YJL102W,YGR161W-A,0,-5.108941,0.1024838238954544,0.9819999933242798,0.8600000143051147
YDR365W-B,YNL213C,0,-5.1091194,0.10247313231229782,0.9819999933242798,0.8600999712944031
YGL004C,YGR109W-A,0,-5.109475,0.10246244072914124,0.9819999933242798,0.8601999878883362
YAR031W,YKL051W,0,-5.1096277,0.10245174914598465,0.9819999933242798,0.8603000044822693
YML123C,YNL257C,0,-5.1103964,0.10244105756282806,0.9819999933242798,0.8604000210762024
YER179W,YPL257W-A,0,-5.1108503,0.10243037343025208,0.9819999933242798,0.8604999780654907
YMR056C,YDR261W-B,0,-5.1109467,0.10241968929767609,0.9819999933242798,0.8605999946594238
YOR206W,YDR529C,0,-5.110956,0.1024090126156807,0.9819999933242798,0.8607000112533569
YER126C,YLR066W,0,-5.111025,0.1023983284831047,0.9819999933242798,0.86080002784729
YKR024C,YCR020C,0,-5.1113806,0.10238765180110931,0.9819999933242798,0.8608999848365784
YBR023C,YDR261C-D,0,-5.111497,0.10237698256969452,0.9819999933242798,0.8610000014305115
YDR005C,YNL054W-A,0,-5.1117554,0.10236630588769913,0.9819999933242798,0.8611000180244446
YNR072W,YDL039C,0,-5.111842,0.10235563665628433,0.9819999933242798,0.8611999750137329
YDR377W,YDR210W-A,0,-5.112468,0.10234497487545013,0.9819999933242798,0.861299991607666
YJL214W,YLR316C,0,-5.1125927,0.10233430564403534,0.9819999933242798,0.8614000082015991
YML124C,YNL054W-A,0,-5.113082,0.10232364386320114,0.9819999933242798,0.8615000247955322
YFR034C,YPR158W-B,0,-5.1131306,0.10231298208236694,0.9819999933242798,0.8615999817848206
YLL018C-A,YPL096C-A,0,-5.1134024,0.10230232030153275,0.9819999933242798,0.8616999983787537
YHL009C,YNL054W-A,0,-5.1140213,0.10229166597127914,0.9819999933242798,0.8618000149726868
YOR362C,YDR210C-C,0,-5.1143446,0.10228101164102554,0.9819999933242798,0.8618999719619751
YOR265W,YPR158W-B,0,-5.114606,0.10227035731077194,0.9819999933242798,0.8619999885559082
YKL170W,YOR088W,0,-5.1147327,0.10225971043109894,0.9819999933242798,0.8621000051498413
YCL069W,YGR161C-C,0,-5.114745,0.10224906355142593,0.9819999933242798,0.8622000217437744
YCR005C,YDR217C,0,-5.115014,0.10223841667175293,0.9819999933242798,0.8622999787330627
YHR193C,YOR192C-A,0,-5.1150675,0.10222777724266052,0.9819999933242798,0.8623999953269958
YMR298W,YOR343W-B,0,-5.1151905,0.10221713036298752,0.9819999933242798,0.862500011920929
YDL028C,YLR256W-A,0,-5.115288,0.10220649093389511,0.9819999933242798,0.8626000285148621
YJR031C,YDR316W-B,0,-5.115301,0.1021958589553833,0.9819999933242798,0.8626999855041504
YCR028C-A,YDR210W-A,0,-5.1155777,0.10218522697687149,0.9819999933242798,0.8628000020980835
YDR503C,YJL050W,0,-5.1156025,0.10217459499835968,0.9819999933242798,0.8629000186920166
YEL009C,YOR267C,0,-5.1156635,0.10216396301984787,0.9819999933242798,0.8629999756813049
YIR022W,YNR034W,0,-5.116042,0.10215333104133606,0.9819999933242798,0.863099992275238
YDR168W,YOR341W,0,-5.1163845,0.10214270651340485,0.9819999933242798,0.8632000088691711
YFR047C,YJR064W,0,-5.1164684,0.10213208198547363,0.9819999933242798,0.8633000254631042
YML023C,YDR316W-B,0,-5.116599,0.10212146490812302,0.9819999933242798,0.8633999824523926
YDL093W,YJL113W,0,-5.1173153,0.1021108478307724,0.9819999933242798,0.8634999990463257
YBR118W,YLR227W-A,0,-5.1174955,0.10210023075342178,0.9819999933242798,0.8636000156402588
YML055W,YOR343W-A,0,-5.117772,0.10208961367607117,0.9819999933242798,0.8636999726295471
YMR280C,YPL169C,0,-5.118121,0.10207900404930115,0.9819999933242798,0.8637999892234802
YHR139C,YLR130C,0,-5.118287,0.10206839442253113,0.9819999933242798,0.8639000058174133
YNL138W,YGR109W-A,0,-5.119463,0.10205778479576111,0.9819999933242798,0.8640000224113464
YOR188W,YPL188W,0,-5.119465,0.10204717516899109,0.9819999933242798,0.8640999794006348
YBR021W,YPL060C-A,0,-5.1195297,0.10203657299280167,0.9819999933242798,0.8641999959945679
YBR021W,YPL239W,0,-5.1196957,0.10202597081661224,0.9819999933242798,0.864300012588501
YNL065W,YOR133W,0,-5.1198635,0.10201537609100342,0.9819999933242798,0.8644000291824341
YKL016C,YLR119W,0,-5.1205425,0.10200478136539459,0.9819999933242798,0.8644999861717224
YNL127W,YJR013W,0,-5.120655,0.10199418663978577,0.9819999933242798,0.8646000027656555
YLR088W,YMR093W,0,-5.1210136,0.10198359191417694,0.9819999933242798,0.8647000193595886
YJL192C,YGR161W-A,0,-5.1210566,0.10197300463914871,0.9819999933242798,0.864799976348877
YKR038C,YGR038C-A,0,-5.1212835,0.10196240991353989,0.9819999933242798,0.8648999929428101
YPL218W,YDR365W-A,0,-5.121646,0.10195183008909225,0.9819999933242798,0.8650000095367432
YKL005C,YFL002W-B,0,-5.1218596,0.10194124281406403,0.9819999933242798,0.8651000261306763
YLR318W,YGR161C-C,0,-5.1219397,0.1019306629896164,0.9819999933242798,0.8651999831199646
YNL049C,YPL087W,0,-5.1224775,0.10192008316516876,0.9819999933242798,0.8652999997138977
YPR025C,YDR210W-A,0,-5.12348,0.10190950334072113,0.9819999933242798,0.8654000163078308
YEL051W,YDR210W-A,0,-5.1237555,0.1018989309668541,0.9819999933242798,0.8654999732971191
YFL011W-A,YOR160W,0,-5.1240788,0.10188835859298706,0.9819999933242798,0.8655999898910522
YPL212C,YGR027W-B,0,-5.1241674,0.10187778621912003,0.9819999933242798,0.8657000064849854
YOR347C,YPL257W-B,0,-5.1242228,0.10186722129583359,0.9819999933242798,0.8658000230789185
YPL240C,YDR365W-A,0,-5.1243057,0.10185665637254715,0.9819999933242798,0.8658999800682068
YJL203W,YKL148C,0,-5.1247797,0.10184609144926071,0.9819999933242798,0.8659999966621399
YDR059C,YJL012C-A,0,-5.12537,0.10183552652597427,0.9819999933242798,0.866100013256073
YFL050C,YHL022C,0,-5.125658,0.10182496905326843,0.9819999933242798,0.8661999702453613
YDR216W,YNL072W,0,-5.1258917,0.10181441158056259,0.9819999933242798,0.8662999868392944
YNR002C,YOR326W,0,-5.1261473,0.10180385410785675,0.9819999933242798,0.8664000034332275
YJR049C,YDR316W-B,0,-5.126232,0.1017933040857315,0.9819999933242798,0.8665000200271606
YGL053W,YMR305C,0,-5.12648,0.10178275406360626,0.9819999933242798,0.866599977016449
YFR047C,YML074C,0,-5.1264877,0.10177220404148102,0.9819999933242798,0.8666999936103821
YMR172W,YDR210W-B,0,-5.1269207,0.10176166146993637,0.9819999933242798,0.8668000102043152
YOR319W,YDR365W-A,0,-5.1271133,0.10175111144781113,0.9819999933242798,0.8669000267982483
YNR057C,YPR190C,0,-5.127413,0.10174056887626648,0.9819999933242798,0.8669999837875366
YGR225W,YLR189C,0,-5.127509,0.10173003375530243,0.9819999933242798,0.8671000003814697
YPL060W,YIL160C,0,-5.1278667,0.10171949118375778,0.9819999933242798,0.8672000169754028
YNL290W,YNL054W-B,0,-5.1278906,0.10170895606279373,0.9819999933242798,0.8672999739646912
YDR478W,YDR210C-C,0,-5.1279736,0.10169842839241028,0.9819999933242798,0.8673999905586243
YPR055W,YHR214C-C,0,-5.128168,0.10168789327144623,0.9819999933242798,0.8675000071525574
YKR035W-A,YER003C,0,-5.1282234,0.10167736560106277,0.9819999933242798,0.8676000237464905
YDR138W,YHR160C,0,-5.128381,0.10166683793067932,0.9819999933242798,0.8676999807357788
YJR131W,YNL054W-B,0,-5.128474,0.10165631771087646,0.9819999933242798,0.8677999973297119
YGR159C,YNL243W,0,-5.128557,0.10164579004049301,0.9819999933242798,0.867900013923645
YOR153W,YCR080W,0,-5.1285667,0.10163526982069016,0.9819999933242798,0.8679999709129333
YER119C,YIL051C,0,-5.128722,0.1016247570514679,0.9819999933242798,0.8680999875068665
YGR059W,YDR210C-D,0,-5.1289186,0.10161423683166504,0.9819999933242798,0.8682000041007996
YDR384C,YCR038C,0,-5.1289396,0.10160372406244278,0.9819999933242798,0.8683000206947327
YPL106C,YOR343W-B,0,-5.129197,0.10159321129322052,0.9819999933242798,0.868399977684021
YCL024W,YGR054W,0,-5.129545,0.10158270597457886,0.9819999933242798,0.8684999942779541
YPL086C,YJR028W,0,-5.1296053,0.1015722006559372,0.9819999933242798,0.8686000108718872
YPL059W,YOR193W,0,-5.129837,0.10156169533729553,0.9819999933242798,0.8687000274658203
YBR156C,YGR038C-A,0,-5.1303196,0.10155119001865387,0.9819999933242798,0.8687999844551086
YBR272C,YDR492W,0,-5.13035,0.1015406921505928,0.9819999933242798,0.8689000010490417
YDR418W,YER072W,0,-5.130663,0.10153018683195114,0.9819999933242798,0.8690000176429749
YLL018C-A,YPL239W,0,-5.130802,0.10151969641447067,0.9819999933242798,0.8690999746322632
YER118C,YKL099C,0,-5.1308613,0.1015091985464096,0.9819999933242798,0.8691999912261963
YER114C,YER054C,0,-5.1320095,0.10149870812892914,0.9819999933242798,0.8693000078201294
YBR236C,YPL087W,0,-5.132164,0.10148821771144867,0.9819999933242798,0.8694000244140625
YLR377C,YGR165W,0,-5.1325235,0.1014777272939682,0.9819999933242798,0.8694999814033508
YGR159C,YDR255C,0,-5.1325903,0.10146724432706833,0.9819999933242798,0.8695999979972839
YDL029W,YMR128W,0,-5.1326313,0.10145676136016846,0.9819999933242798,0.869700014591217
YFL057C,YML043C,0,-5.1331215,0.10144627839326859,0.9819999933242798,0.8697999715805054
YKR022C,YGR109W-A,0,-5.1331635,0.10143580287694931,0.9819999933242798,0.8698999881744385
YLL021W,YDR210W-A,0,-5.1331635,0.10142532736063004,0.9819999933242798,0.8700000047683716
YAR015W,YMR081C,0,-5.133525,0.10141485184431076,0.9819999933242798,0.8701000213623047
YPL188W,YPL060C-A,0,-5.134678,0.10140437632799149,0.9819999933242798,0.870199978351593
YPL106C,YLR227W-B,0,-5.135168,0.10139390826225281,0.9819999933242798,0.8702999949455261
YHR200W,YLR410W-A,0,-5.1352215,0.10138344019651413,0.9819999933242798,0.8704000115394592
YJR002W,YDR456W,0,-5.13529,0.10137297213077545,0.9819999933242798,0.8705000281333923
YCL024W,YNL054W-B,0,-5.1353846,0.10136251151561737,0.9819999933242798,0.8705999851226807
YGR178C,YNL248C,0,-5.1355906,0.10135205090045929,0.9819999933242798,0.8707000017166138
YMR015C,YML039W,0,-5.135746,0.10134159028530121,0.9819999933242798,0.8708000183105469
YGR249W,YLR256W-A,0,-5.135929,0.10133112967014313,0.9819999933242798,0.8708999752998352
YKL095W,YCR061W,0,-5.136216,0.10132067650556564,0.9819999933242798,0.8709999918937683
YNL099C,YDR365W-A,0,-5.1363354,0.10131022334098816,0.9819999933242798,0.8711000084877014
YPL028W,YKL214C,0,-5.136961,0.10129977017641068,0.9819999933242798,0.8712000250816345
YBR086C,YPR065W,0,-5.136982,0.10128932446241379,0.9819999933242798,0.8712999820709229
YHR129C,YGR038C-B,0,-5.1374197,0.1012788787484169,0.9819999933242798,0.871399998664856
YHR205W,YDR365W-A,0,-5.1377172,0.10126843303442001,0.9819999933242798,0.8715000152587891
YFL009W,YLR227W-B,0,-5.137907,0.10125799477100372,0.9819999933242798,0.8715999722480774
YNL073W,YGR161C,0,-5.1379833,0.10124754905700684,0.9819999933242798,0.8716999888420105
YLR391W-A,YPR139C,0,-5.1382313,0.10123711079359055,0.9819999933242798,0.8718000054359436
YKL186C,YDR059C,0,-5.1382427,0.10122667998075485,0.9819999933242798,0.8719000220298767
YOL124C,YFL004W,0,-5.138344,0.10121624171733856,0.9819999933242798,0.871999979019165
YDR078C,YHR214C-B,0,-5.1386433,0.10120581090450287,0.9819999933242798,0.8720999956130981
YLR270W,YJR135W-A,0,-5.1390963,0.10119538009166718,0.9819999933242798,0.8722000122070312
YGR159C,YLR022C,0,-5.139103,0.10118495672941208,0.9819999933242798,0.8723000288009644
YOR195W,YIL017W,0,-5.1391506,0.10117453336715698,0.9819999933242798,0.8723999857902527
YOR039W,YPR158W-B,0,-5.139263,0.10116411000490189,0.9819999933242798,0.8725000023841858
YIL124W,YBR201W,0,-5.1398935,0.10115368664264679,0.9819999933242798,0.8726000189781189
YGL068W,YHR214C-C,0,-5.1407213,0.10114327073097229,0.9819999933242798,0.8726999759674072
YDL024C,YGL120C,0,-5.140832,0.10113285481929779,0.9819999933242798,0.8727999925613403
YDR379W,YOR343W-B,0,-5.140956,0.10112243890762329,0.9819999933242798,0.8729000091552734
YOL097C,YJR141W,0,-5.1415215,0.10111202299594879,0.9819999933242798,0.8730000257492065
YDL085W,YPL152W,0,-5.141673,0.10110161453485489,0.9819999933242798,0.8730999827384949
YLR447C,YDR365W-B,0,-5.142128,0.10109120607376099,0.9819999933242798,0.873199999332428
YGR140W,YJL042W,0,-5.142227,0.10108080506324768,0.9819999933242798,0.8733000159263611
YDR168W,YDR342C,0,-5.1426563,0.10107039660215378,0.9819999933242798,0.8733999729156494
YJL071W,YDR146C,0,-5.142664,0.10105999559164047,0.9819999933242798,0.8734999895095825
YJL219W,YBR192W,0,-5.1427803,0.10104960203170776,0.9819999933242798,0.8736000061035156
YNR074C,YPL157W,0,-5.142894,0.10103920102119446,0.9819999933242798,0.8737000226974487
YJL106W,YDR255C,0,-5.1429024,0.10102880746126175,0.9819999933242798,0.8737999796867371
YKR046C,YPR042C,0,-5.1430683,0.10101841390132904,0.9819999933242798,0.8738999962806702
YAR015W,YNL054W-B,0,-5.143118,0.10100802034139633,0.9819999933242798,0.8740000128746033
YNL084C,YDR210C-C,0,-5.143195,0.10099763423204422,0.9819999933242798,0.8741000294685364
YLR256W,YLL056C,0,-5.1435347,0.10098724812269211,0.9819999933242798,0.8741999864578247
YDR178W,YDR261C-D,0,-5.143586,0.10097686201334,0.9819999933242798,0.8743000030517578
YNL148C,YDR034C-C,0,-5.143873,0.10096648335456848,0.9819999933242798,0.8744000196456909
YOR018W,YDR316W-B,0,-5.1440287,0.10095610469579697,0.9819999933242798,0.8744999766349792
YGR157W,YML131W,0,-5.1443806,0.10094572603702545,0.9819999933242798,0.8745999932289124
YGL183C,YDR412W,0,-5.1444063,0.10093534737825394,0.9819999933242798,0.8747000098228455
YMR207C,YLR227W-B,0,-5.1444454,0.10092497617006302,0.9819999933242798,0.8748000264167786
YIR015W,YBL100W-B,0,-5.1445637,0.1009146049618721,0.9819999933242798,0.8748999834060669
YLR270W,YPL240C,0,-5.1447096,0.10090423375368118,0.9819999933242798,0.875
YPL248C,YIL123W,0,-5.144827,0.10089386254549026,0.9819999933242798,0.8751000165939331
YIR041W,YER118C,0,-5.145525,0.10088349878787994,0.9819999933242798,0.8751999735832214
YMR116C,YMR129W,0,-5.1455956,0.10087313503026962,0.9819999933242798,0.8752999901771545
YMR037C,YFL002W-B,0,-5.1460342,0.1008627787232399,0.9819999933242798,0.8754000067710876
YDR091C,YLL040C,0,-5.1464615,0.10085241496562958,0.9819999933242798,0.8755000233650208
YJR070C,YMR197C,0,-5.146616,0.10084205865859985,0.9819999933242798,0.8755999803543091
YOR031W,YOR142W-B,0,-5.146842,0.10083170980215073,0.9819999933242798,0.8756999969482422
YDR289C,YLR157C-B,0,-5.14692,0.100821353495121,0.9819999933242798,0.8758000135421753
YBL098W,YOR073W,0,-5.1475353,0.10081100463867188,0.9819999933242798,0.8758999705314636
YGR238C,YDR098C-B,0,-5.147728,0.10080065578222275,0.9819999933242798,0.8759999871253967
YOR239W,YGR027W-B,0,-5.147832,0.10079031437635422,0.9819999933242798,0.8761000037193298
YBL045C,YNL009W,0,-5.1479673,0.10077996551990509,0.9819999933242798,0.8762000203132629
YMR186W,YDR316W-B,0,-5.148014,0.10076962411403656,0.9819999933242798,0.8762999773025513
YPL159C,YPR137C-B,0,-5.1480923,0.10075928270816803,0.9819999933242798,0.8763999938964844
YPL110C,YOR192C-B,0,-5.148326,0.1007489487528801,0.9819999933242798,0.8765000104904175
YPR201W,YGR027W-B,0,-5.1484833,0.10073861479759216,0.9819999933242798,0.8766000270843506
YAL044C,YBL005W-A,0,-5.1485977,0.10072828084230423,0.9819999933242798,0.8766999840736389
YFL035C,YLR116W,0,-5.14863,0.1007179468870163,0.9819999933242798,0.876800000667572
YKL043W,YDR210W-B,0,-5.148795,0.10070762038230896,0.9819999933242798,0.8769000172615051
YKL165C,YOR353C,0,-5.149089,0.10069729387760162,0.9819999933242798,0.8769999742507935
YFL057C,YPL204W,0,-5.149925,0.10068696737289429,0.9819999933242798,0.8770999908447266
YJR053W,YHR157W,0,-5.150136,0.10067664831876755,0.9819999933242798,0.8772000074386597
YLR347C,YGR038C-A,0,-5.1501493,0.10066632181406021,0.9819999933242798,0.8773000240325928
YFR047C,YMR314W,0,-5.1502037,0.10065601021051407,0.9819999933242798,0.8773999810218811
YML029W,YDR365W-A,0,-5.1506443,0.10064569115638733,0.9819999933242798,0.8774999976158142
YLR106C,YJL141C,0,-5.150749,0.10063537955284119,0.9819999933242798,0.8776000142097473
YEL037C,YGR161W-A,0,-5.1513214,0.10062506049871445,0.9819999933242798,0.8776999711990356
YDL135C,YDR210W-A,0,-5.151738,0.1006147563457489,0.9819999933242798,0.8777999877929688
YML123C,YGR161C-C,0,-5.152051,0.10060444474220276,0.9819999933242798,0.8779000043869019
YPR105C,YOR142W-A,0,-5.1527805,0.10059414058923721,0.9819999933242798,0.878000020980835
YLR103C,YNR049C,0,-5.152873,0.10058383643627167,0.9819999933242798,0.8780999779701233
YMR177W,YDR261W-B,0,-5.152937,0.10057353228330612,0.9819999933242798,0.8781999945640564
YBL098W,YPL082C,0,-5.15345,0.10056323558092117,0.9819999933242798,0.8783000111579895
YPR006C,YLR337W,0,-5.1542826,0.10055293887853622,0.9819999933242798,0.8784000277519226
YIR037W,YKL195W,0,-5.154297,0.10054264217615128,0.9819999933242798,0.8784999847412109
YOR359W,YNL054W-A,0,-5.1546555,0.10053235292434692,0.9819999933242798,0.878600001335144
YDR364C,YFL035C-A,0,-5.154786,0.10052205622196198,0.9819999933242798,0.8787000179290771
YDR085C,YJL143W,0,-5.1549826,0.10051177442073822,0.9819999933242798,0.8787999749183655
YGL173C,YKR056W,0,-5.1550026,0.10050148516893387,0.9819999933242798,0.8788999915122986
YPR144C,YBR080C,0,-5.155278,0.10049119591712952,0.9819999933242798,0.8790000081062317
YPL100W,YGL001C,0,-5.1553087,0.10048091411590576,0.9819999933242798,0.8791000247001648
YBR109C,YPR158C-D,0,-5.155385,0.1004706397652626,0.9819999933242798,0.8791999816894531
YLR175W,YEL017C-A,0,-5.155777,0.10046035796403885,0.9819999933242798,0.8792999982833862
YLL040C,YPR158W-B,0,-5.1564264,0.10045008361339569,0.9819999933242798,0.8794000148773193
YBR155W,YCR073W-A,0,-5.1564646,0.10043980926275253,0.9819999933242798,0.8794999718666077
YDL115C,YGR038C-B,0,-5.15736,0.10042953491210938,0.9819999933242798,0.8795999884605408
YFL050C,YIL040W,0,-5.1575184,0.10041926801204681,0.9819999933242798,0.8797000050544739
YML025C,YPL257W-A,0,-5.157775,0.10040900111198425,0.9819999933242798,0.879800021648407
YDR423C,YOR343W-A,0,-5.1585007,0.10039873421192169,0.9819999933242798,0.8798999786376953
YMR280C,YPR158C-D,0,-5.158552,0.10038846731185913,0.9819999933242798,0.8799999952316284
YBR093C,YNL163C,0,-5.158757,0.10037820786237717,0.9819999933242798,0.8801000118255615
YDR099W,YDR365W-B,0,-5.158968,0.1003679484128952,0.9819999933242798,0.8802000284194946
YLR066W,YDR261C-C,0,-5.1590195,0.10035768896341324,0.9819999933242798,0.880299985408783
YHR160C,YPL257W-A,0,-5.1598005,0.10034743696451187,0.9819999933242798,0.8804000020027161
YOL028C,YDR034C-C,0,-5.1598444,0.1003371849656105,0.9819999933242798,0.8805000185966492
YCR082W,YPR158C-D,0,-5.1600637,0.10032693296670914,0.9819999933242798,0.8805999755859375
YCL043C,YLR227W-A,0,-5.160328,0.10031668096780777,0.9819999933242798,0.8806999921798706
YCL012W,YKL049C,0,-5.160843,0.100306436419487,0.9819999933242798,0.8808000087738037
YOR133W,YGR144W,0,-5.1609154,0.10029619187116623,0.9819999933242798,0.8809000253677368
YAL054C,YBR009C,1,-5.161009,0.1003880724310875,0.9829999804496765,0.8809000253677368
YJL178C,YPR010C,0,-5.161029,0.10037782043218613,0.9829999804496765,0.8809999823570251
YNL270C,YPL012W,0,-5.161046,0.10036756843328476,0.9829999804496765,0.8810999989509583
YBR077C,YDR365W-B,0,-5.1612053,0.10035732388496399,0.9829999804496765,0.8812000155448914
YBL099W,YNL054W-B,0,-5.1616,0.10034707933664322,0.9829999804496765,0.8812999725341797
YPR131C,YMR104C,0,-5.161723,0.10033683478832245,0.9829999804496765,0.8813999891281128
YAL031C,YER053C,0,-5.1618586,0.10032659769058228,0.9829999804496765,0.8815000057220459
YFL035C-A,YGL229C,0,-5.1626062,0.1003163605928421,0.9829999804496765,0.881600022315979
YAR019C,YPL112C,0,-5.1631308,0.10030612349510193,0.9829999804496765,0.8816999793052673
YDR210W-A,YGR038C-B,0,-5.163191,0.10029588639736176,0.9829999804496765,0.8817999958992004
YDR206W,YLR377C,0,-5.1633434,0.10028565675020218,0.9829999804496765,0.8819000124931335
YPL121C,YNL054W-A,0,-5.163433,0.1002754271030426,0.9829999804496765,0.8820000290870667
YGR257C,YNR053C,0,-5.163439,0.10026519745588303,0.9829999804496765,0.882099986076355
YOR030W,YFL002W-B,0,-5.1636286,0.10025497525930405,0.9829999804496765,0.8822000026702881
YJL090C,YKR076W,0,-5.1639605,0.10024474561214447,0.9829999804496765,0.8823000192642212
YEL030W,YCR040W,0,-5.164281,0.10023452341556549,0.9829999804496765,0.8823999762535095
YJL063C,YER137C-A,0,-5.164406,0.10022430866956711,0.9829999804496765,0.8824999928474426
YJR145C,YKR020W,0,-5.1652794,0.10021408647298813,0.9829999804496765,0.8826000094413757
YPR007C,YDR034C-C,0,-5.1653786,0.10020387172698975,0.9829999804496765,0.8827000260353088
YCR107W,YHR079C-B,0,-5.165579,0.10019365698099136,0.9829999804496765,0.8827999830245972
YER053C,YNL054W-B,0,-5.166671,0.10018344968557358,0.9829999804496765,0.8828999996185303
YJL035C,YGR038C-A,0,-5.1671753,0.10017324239015579,0.9829999804496765,0.8830000162124634
YBR068C,YCL035C,0,-5.1672487,0.100163035094738,0.9829999804496765,0.8830999732017517
YMR095C,YGR161C-D,0,-5.1678295,0.10015282779932022,0.9829999804496765,0.8831999897956848
YNL142W,YOR027W,0,-5.1678534,0.10014262795448303,0.9829999804496765,0.8833000063896179
YOR018W,YMR190C,0,-5.1682777,0.10013242065906525,0.9829999804496765,0.883400022983551
YHR077C,YGR161C-C,0,-5.1687365,0.10012222081422806,0.9829999804496765,0.8834999799728394
YPR175W,YKL148C,0,-5.1688337,0.10011202841997147,0.9829999804496765,0.8835999965667725
YNL274C,YFR024C-A,0,-5.16885,0.10010183602571487,0.9829999804496765,0.8837000131607056
YJL106W,YEL053C,0,-5.169038,0.10009164363145828,0.9829999804496765,0.8838000297546387
YMR078C,YDR261C-D,0,-5.169039,0.10008145123720169,0.9829999804496765,0.883899986743927
YKL196C,YDR261C-D,0,-5.16996,0.1000712588429451,0.9829999804496765,0.8840000033378601
YNL065W,YBL097W,0,-5.170616,0.1000610738992691,0.9829999804496765,0.8841000199317932
YAR014C,YPR158W-B,0,-5.170678,0.10005088895559311,0.9829999804496765,0.8841999769210815
YDR205W,YHR214C-B,0,-5.1707287,0.10004071146249771,0.9829999804496765,0.8842999935150146
YPR122W,YDR316W-B,0,-5.170781,0.10003052651882172,0.9829999804496765,0.8844000101089478
YOR145C,YLR301W,0,-5.171155,0.10002034902572632,0.9829999804496765,0.8845000267028809
YPL202C,YNR002C,0,-5.17167,0.10001017153263092,0.9829999804496765,0.8845999836921692
YIL124W,YLR090W,0,-5.171937,0.10000000149011612,0.9829999804496765,0.8847000002861023
YPL160W,YER070W,0,-5.171958,0.09998983144760132,0.9829999804496765,0.8848000168800354
YJR156C,YOL093W,0,-5.171973,0.09997966140508652,0.9829999804496765,0.8848999738693237
YGL070C,YLL040C,0,-5.1731386,0.09996949136257172,0.9829999804496765,0.8849999904632568
YCL059C,YER028C,0,-5.173415,0.09995932132005692,0.9829999804496765,0.8851000070571899
YPR119W,YNL339C,0,-5.1739254,0.09994915872812271,0.9829999804496765,0.885200023651123
YHR160C,YNL054W-B,0,-5.174164,0.09993899613618851,0.9829999804496765,0.8852999806404114
YJL094C,YJL012C-A,0,-5.1744633,0.0999288409948349,0.9829999804496765,0.8853999972343445
YLL015W,YGR248W,0,-5.1745157,0.09991868585348129,0.9829999804496765,0.8855000138282776
YKL093W,YGR027W-B,0,-5.1746254,0.09990853071212769,0.9829999804496765,0.8855999708175659
YGL094C,YHR214C-C,0,-5.174677,0.09989837557077408,0.9829999804496765,0.885699987411499
YHR164C,YDR545W,0,-5.1747303,0.09988822042942047,0.9829999804496765,0.8858000040054321
YKL079W,YPR158C-D,0,-5.1749325,0.09987807273864746,0.9829999804496765,0.8859000205993652
YML114C,YIL082W-A,0,-5.1763144,0.09986792504787445,0.9829999804496765,0.8859999775886536
YLR133W,YGR059W,0,-5.1763735,0.09985778480768204,0.9829999804496765,0.8860999941825867
YBR002C,YOR305W,0,-5.1764374,0.09984763711690903,0.9829999804496765,0.8862000107765198
YMR173W,YGL135W,0,-5.176901,0.09983749687671661,0.9829999804496765,0.8863000273704529
YCR028C-A,YMR051C,0,-5.1773615,0.0998273566365242,0.9829999804496765,0.8863999843597412
YER129W,YPL257W-A,0,-5.17789,0.09981722384691238,0.9829999804496765,0.8865000009536743
YDR098C,YOR192C-B,0,-5.1784487,0.09980708360671997,0.9829999804496765,0.8866000175476074
YOL071W,YNL129W,0,-5.1789045,0.09979695081710815,0.9829999804496765,0.8866999745368958
YML131W,YOR142W-B,0,-5.179783,0.09978682547807693,0.9829999804496765,0.8867999911308289
YKR046C,YDR098C-B,0,-5.1801586,0.09977669268846512,0.9829999804496765,0.886900007724762
YCR014C,YBR156C,0,-5.180192,0.0997665673494339,0.9829999804496765,0.8870000243186951
YGR192C,YHL012W,0,-5.180334,0.09975644201040268,0.9829999804496765,0.8870999813079834
YOR109W,YDR210W-A,0,-5.18075,0.09974632412195206,0.9829999804496765,0.8871999979019165
YKL148C,YOR159C,0,-5.1809397,0.09973619878292084,0.9829999804496765,0.8873000144958496
YCR063W,YKR039W,0,-5.1813927,0.09972608089447021,0.9829999804496765,0.8873999714851379
YHR135C,YML045W,0,-5.1814556,0.09971596300601959,0.9829999804496765,0.887499988079071
YOR349W,YMR204C,0,-5.18198,0.09970585256814957,0.9829999804496765,0.8876000046730042
YHR188C,YLR303W,0,-5.182126,0.09969574213027954,0.9829999804496765,0.8877000212669373
YMR052W,YDR492W,0,-5.182907,0.09968563169240952,0.9829999804496765,0.8877999782562256
YLR129W,YBR210W,0,-5.183113,0.09967552125453949,0.9829999804496765,0.8878999948501587
YFL010W-A,YFR046C,0,-5.1832085,0.09966541826725006,0.9829999804496765,0.8880000114440918
YOL164W,YDR210C-D,0,-5.1833277,0.09965531527996063,0.9829999804496765,0.8881000280380249
YLR384C,YHR214C-B,0,-5.183529,0.0996452122926712,0.9829999804496765,0.8881999850273132
YPL265W,YMR156C,0,-5.1835947,0.09963510930538177,0.9829999804496765,0.8883000016212463
YHR160C,YNL339C,0,-5.1843643,0.09962501376867294,0.9829999804496765,0.8884000182151794
YNL042W,YGR038C-B,0,-5.1847935,0.09961491823196411,0.9829999804496765,0.8884999752044678
YER104W,YGR161W-B,0,-5.18521,0.09960482269525528,0.9829999804496765,0.8885999917984009
YNL001W,YOR192C-A,0,-5.185569,0.09959473460912704,0.9829999804496765,0.888700008392334
YGL116W,YKL099C,0,-5.185796,0.09958463907241821,0.9829999804496765,0.8888000249862671
YDR168W,YKL035W,0,-5.186351,0.09957455098628998,0.9829999804496765,0.8888999819755554
YLR175W,YOR231W,0,-5.1866703,0.09956447035074234,0.9829999804496765,0.8889999985694885
YLR051C,YGR038C-A,0,-5.186702,0.0995543822646141,0.9829999804496765,0.8891000151634216
YNL239W,YLR301W,0,-5.187542,0.09954430162906647,0.9829999804496765,0.88919997215271
YOL111C,YBR154C,0,-5.188079,0.09953422099351883,0.9829999804496765,0.8892999887466431
YOR106W,YOR142W-B,0,-5.188176,0.09952414780855179,0.9829999804496765,0.8894000053405762
YOR240W,YGL070C,0,-5.1882467,0.09951407462358475,0.9829999804496765,0.8895000219345093
YGR145W,YNL142W,0,-5.1889944,0.0995040014386177,0.9829999804496765,0.8895999789237976
YEL054C,YDR324C,0,-5.1893454,0.09949392825365067,0.9829999804496765,0.8896999955177307
YOR079C,YLR034C,0,-5.1898537,0.09948385506868362,0.9829999804496765,0.8898000121116638
YDR069C,YJL157C,0,-5.1905117,0.09947378933429718,0.9829999804496765,0.8899000287055969
YAL040C,YLR435W,0,-5.1906385,0.09946372359991074,0.9829999804496765,0.8899999856948853
YNL025C,YPL276W,0,-5.1907187,0.09945366531610489,0.9829999804496765,0.8901000022888184
YML067C,YLR301W,0,-5.19086,0.09944359958171844,0.9829999804496765,0.8902000188827515
YMR092C,YDR394W,0,-5.1909113,0.0994335412979126,0.9829999804496765,0.8902999758720398
YMR305C,YER123W,0,-5.1916456,0.09942348301410675,0.9829999804496765,0.8903999924659729
YOL010W,YML085C,0,-5.191765,0.0994134321808815,0.9829999804496765,0.890500009059906
YDR254W,YGR111W,0,-5.1924305,0.09940337389707565,0.9829999804496765,0.8906000256538391
YDR009W,YNL248C,0,-5.1930275,0.0993933230638504,0.9829999804496765,0.8906999826431274
YLR304C,YDR059C,0,-5.193054,0.09938327968120575,0.9829999804496765,0.8907999992370605
YMR305C,YGL022W,0,-5.1932917,0.0993732288479805,0.9829999804496765,0.8909000158309937
YPL218W,YMR322C,0,-5.1936073,0.09936318546533585,0.9829999804496765,0.890999972820282
YGL047W,YBR042C,0,-5.193699,0.09935314208269119,0.9829999804496765,0.8910999894142151
YHR088W,YBL061C,0,-5.1937523,0.09934310615062714,0.9829999804496765,0.8912000060081482
YJL122W,YPL022W,0,-5.195134,0.09933306276798248,0.9829999804496765,0.8913000226020813
YGL145W,YDR261W-B,0,-5.195529,0.09932302683591843,0.9829999804496765,0.8913999795913696
YHR005C,YBR083W,0,-5.195615,0.09931299090385437,0.9829999804496765,0.8914999961853027
YHR129C,YMR049C,0,-5.195796,0.09930296242237091,0.9829999804496765,0.8916000127792358
YEL024W,YOR084W,0,-5.1962786,0.09929292649030685,0.9829999804496765,0.891700029373169
YJR150C,YJL100W,0,-5.19656,0.0992828980088234,0.9829999804496765,0.8917999863624573
YMR232W,YMR134W,0,-5.1967125,0.09927287697792053,0.9829999804496765,0.8919000029563904
YNL119W,YGR077C,0,-5.1969805,0.09926284849643707,0.9829999804496765,0.8920000195503235
YMR056C,YFL002W-A,0,-5.1970644,0.09925282746553421,0.9829999804496765,0.8920999765396118
YKR067W,YDR086C,0,-5.197715,0.09924280643463135,0.9829999804496765,0.8921999931335449
YCL012W,YHR191C,0,-5.1985846,0.09923278540372849,0.9829999804496765,0.892300009727478
YGR082W,YDL038C,0,-5.200403,0.09922277182340622,0.9829999804496765,0.8924000263214111
YGL029W,YIL097W,0,-5.200945,0.09921275824308395,0.9829999804496765,0.8924999833106995
YDR005C,YGR103W,0,-5.201147,0.09920274466276169,0.9829999804496765,0.8925999999046326
YOR074C,YGR214W,0,-5.201726,0.09919273108243942,0.9829999804496765,0.8927000164985657
YGR099W,YOR003W,0,-5.2018538,0.09918272495269775,0.9829999804496765,0.892799973487854
YKL084W,YKR057W,0,-5.201872,0.09917271882295609,0.9829999804496765,0.8928999900817871
YAL054C,YER133W,1,-5.202751,0.09926359355449677,0.984000027179718,0.8928999900817871
YDR254W,YLR197W,0,-5.2030296,0.0992535799741745,0.984000027179718,0.8930000066757202
YOR348C,YHL024W,0,-5.204236,0.09924357384443283,0.984000027179718,0.8931000232696533
YLR206W,YPR158W-B,0,-5.204303,0.09923356026411057,0.984000027179718,0.8931999802589417
YER160C,YOR343W-B,0,-5.2045736,0.0992235541343689,0.984000027179718,0.8932999968528748
YJL190C,YDR422C,0,-5.2047806,0.09921354800462723,0.984000027179718,0.8934000134468079
YML115C,YPL257W-B,0,-5.2050076,0.09920354932546616,0.984000027179718,0.8934999704360962
YJR025C,YJL012C-A,0,-5.2052364,0.09919355064630508,0.984000027179718,0.8935999870300293
YGR289C,YGR281W,0,-5.2053022,0.09918355196714401,0.984000027179718,0.8937000036239624
YMR001C,YMR175W,0,-5.2059927,0.09917355328798294,0.984000027179718,0.8938000202178955
YCL025C,YKL009W,0,-5.206524,0.09916356205940247,0.984000027179718,0.8938999772071838
YPR155C,YCL075W,0,-5.206852,0.09915357083082199,0.984000027179718,0.8939999938011169
YLR114C,YGL210W-A,0,-5.2084665,0.09914357960224152,0.984000027179718,0.89410001039505
YIL097W,YBR297W,0,-5.2086105,0.09913358837366104,0.984000027179718,0.8942000269889832
YPL275W,YCL051W,0,-5.2087173,0.09912360459566116,0.984000027179718,0.8942999839782715
YDR009W,YBR073W,0,-5.2088842,0.09911362081766129,0.984000027179718,0.8944000005722046
YLR051C,YEL050C,0,-5.2098455,0.09910363703966141,0.984000027179718,0.8945000171661377
YJL042W,YGL158W,0,-5.210184,0.09909365326166153,0.984000027179718,0.894599974155426
YML123C,YLR010C,0,-5.210412,0.09908367693424225,0.984000027179718,0.8946999907493591
YIL106W,YPL154C,0,-5.210452,0.09907370060682297,0.984000027179718,0.8948000073432922
YPR128C,YHR020W,0,-5.2112074,0.09906372427940369,0.984000027179718,0.8949000239372253
YPL036W,YKL130C,0,-5.211528,0.099053755402565,0.984000027179718,0.8949999809265137
YAL031C,YLR410W-A,0,-5.211664,0.09904378652572632,0.984000027179718,0.8950999975204468
YOL104C,YCR073C,0,-5.2125406,0.09903381764888763,0.984000027179718,0.8952000141143799
YLR103C,YMR165C,0,-5.2137423,0.09902384877204895,0.984000027179718,0.8952999711036682
YER044C-A,YLR360W,0,-5.214135,0.09901388734579086,0.984000027179718,0.8953999876976013
YGR044C,YPR158C-D,0,-5.2155924,0.09900392591953278,0.984000027179718,0.8955000042915344
YOL026C,YBR171W,0,-5.2164707,0.09899396449327469,0.984000027179718,0.8956000208854675
YDR517W,YDL097C,0,-5.21682,0.0989840030670166,0.984000027179718,0.8956999778747559
YKL057C,YMR050C,0,-5.216838,0.09897404909133911,0.984000027179718,0.895799994468689
YJR160C,YDL055C,0,-5.2173977,0.09896409511566162,0.984000027179718,0.8959000110626221
YGL047W,YNL090W,0,-5.2175074,0.09895414113998413,0.984000027179718,0.8960000276565552
YDR009W,YHR008C,0,-5.2175426,0.09894419461488724,0.984000027179718,0.8960999846458435
YLR189C,YJL063C,0,-5.218068,0.09893424808979034,0.984000027179718,0.8962000012397766
YPL249C,YCR080W,0,-5.2180815,0.09892430156469345,0.984000027179718,0.8963000178337097
YKL079W,YDR316W-B,0,-5.2185574,0.09891435503959656,0.984000027179718,0.896399974822998
YPL031C,YJL012C-A,0,-5.218813,0.09890441596508026,0.984000027179718,0.8964999914169312
YOL151W,YHR204W,0,-5.2191057,0.09889446943998337,0.984000027179718,0.8966000080108643
YFL005W,YCR073C,0,-5.220155,0.09888453781604767,0.984000027179718,0.8967000246047974
YNR002C,YPL101W,0,-5.221795,0.09887459874153137,0.984000027179718,0.8967999815940857
YBL082C,YDR202C,0,-5.2221737,0.09886466711759567,0.984000027179718,0.8968999981880188
YHR124W,YPL159C,0,-5.2223864,0.09885472804307938,0.984000027179718,0.8970000147819519
YGR254W,YDR082W,0,-5.2245245,0.09884480386972427,0.984000027179718,0.8970999717712402
YNR019W,YDR495C,0,-5.224663,0.09883487224578857,0.984000027179718,0.8971999883651733
YMR237W,YHR039C,0,-5.2252655,0.09882494807243347,0.984000027179718,0.8973000049591064
YDR079W,YPL041C,0,-5.225403,0.09881502389907837,0.984000027179718,0.8974000215530396
YFL035C,YKR082W,0,-5.2254486,0.09880509972572327,0.984000027179718,0.8974999785423279
YLR133W,YHR059W,0,-5.2259607,0.09879518300294876,0.984000027179718,0.897599995136261
YOR127W,YMR045C,0,-5.226654,0.09878525882959366,0.984000027179718,0.8977000117301941
YIR022W,YGR195W,0,-5.2272778,0.09877534955739975,0.984000027179718,0.8978000283241272
YGR157W,YNL248C,0,-5.2288465,0.09876543283462524,0.984000027179718,0.8978999853134155
YGR188C,YJL157C,0,-5.2292337,0.09875552356243134,0.984000027179718,0.8980000019073486
YOL133W,YBR012W-A,0,-5.2293415,0.09874560683965683,0.984000027179718,0.8981000185012817
YBR200W,YKR097W,0,-5.2293434,0.09873570501804352,0.984000027179718,0.8981999754905701
YHL007C,YHR138C,0,-5.2295046,0.09872579574584961,0.984000027179718,0.8982999920845032
YKL073W,YDL085W,0,-5.2296486,0.0987158939242363,0.984000027179718,0.8984000086784363
YGR284C,YCL052C,0,-5.229786,0.09870599210262299,0.984000027179718,0.8985000252723694
YCR005C,YER007W,0,-5.230507,0.09869609028100967,0.984000027179718,0.8985999822616577
YBR129C,YHR001W-A,0,-5.230836,0.09868618845939636,0.984000027179718,0.8986999988555908
YNR034W,YKL196C,0,-5.230921,0.09867629408836365,0.984000027179718,0.8988000154495239
YBL061C,YJL164C,0,-5.2318335,0.09866639971733093,0.984000027179718,0.8988999724388123
YMR045C,YOR142W-B,0,-5.232065,0.09865650534629822,0.984000027179718,0.8989999890327454
YLR324W,YGR111W,0,-5.2329407,0.0986466184258461,0.984000027179718,0.8991000056266785
YIL035C,YNR034W,0,-5.234805,0.09863673150539398,0.984000027179718,0.8992000222206116
YOR185C,YDL128W,0,-5.2350693,0.09862684458494186,0.984000027179718,0.8992999792098999
YKL149C,YPL087W,0,-5.2351103,0.09861695766448975,0.984000027179718,0.899399995803833
YER190W,YPR158C-D,0,-5.2358274,0.09860707819461823,0.984000027179718,0.8995000123977661
YCR038C,YIL029C,0,-5.2364464,0.09859719127416611,0.984000027179718,0.8996000289916992
YNL268W,YHR075C,0,-5.2370453,0.09858731925487518,0.984000027179718,0.8996999859809875
YPL256C,YPL117C,0,-5.237898,0.09857743978500366,0.984000027179718,0.8998000025749207
YOR377W,YGR140W,0,-5.238043,0.09856756776571274,0.984000027179718,0.8999000191688538
YFL057C,YGR296W,0,-5.2389603,0.09855769574642181,0.984000027179718,0.8999999761581421
YGR268C,YDL135C,0,-5.2392273,0.09854782372713089,0.984000027179718,0.9000999927520752
YBR085W,YGR239C,0,-5.2392273,0.09853795170783997,0.984000027179718,0.9002000093460083
YOR377W,YPR101W,0,-5.239373,0.09852808713912964,0.984000027179718,0.9003000259399414
YMR073C,YLR134W,0,-5.239856,0.09851822257041931,0.984000027179718,0.9003999829292297
YBL040C,YML047C,0,-5.2408533,0.09850835800170898,0.984000027179718,0.9004999995231628
YBR006W,YKL070W,0,-5.2413063,0.09849850088357925,0.984000027179718,0.900600016117096
YKR039W,YFR024C-A,0,-5.2417507,0.09848863631486893,0.984000027179718,0.9006999731063843
YHR129C,YLR301W,0,-5.241803,0.0984787866473198,0.984000027179718,0.9007999897003174
YDR055W,YPL010W,0,-5.242215,0.09846892952919006,0.984000027179718,0.9009000062942505
YEL029C,YGL029W,0,-5.2430468,0.09845907241106033,0.984000027179718,0.9010000228881836
YER179W,YDR473C,0,-5.2438393,0.0984492227435112,0.984000027179718,0.9010999798774719
YAR015W,YJL186W,0,-5.2448053,0.09843937307596207,0.984000027179718,0.901199996471405
YMR150C,YOR109W,0,-5.2451096,0.09842953085899353,0.984000027179718,0.9013000130653381
YMR136W,YBL004W,0,-5.24561,0.0984196811914444,0.984000027179718,0.9014000296592712
YPL101W,YBR199W,0,-5.245722,0.09840983897447586,0.984000027179718,0.9014999866485596
YLL019C,YML032C,0,-5.246599,0.09839999675750732,0.984000027179718,0.9016000032424927
YPL160W,YGL068W,0,-5.2468348,0.09839016199111938,0.984000027179718,0.9017000198364258
YMR073C,YLL041C,0,-5.2472944,0.09838032722473145,0.984000027179718,0.9017999768257141
YDR331W,YGR289C,0,-5.2476225,0.0983704924583435,0.984000027179718,0.9018999934196472
YOL059W,YHL028W,0,-5.247939,0.09836065769195557,0.984000027179718,0.9020000100135803
YHR174W,YJL203W,0,-5.247957,0.09835082292556763,0.984000027179718,0.9021000266075134
YAL016W,YDR120C,0,-5.2483997,0.09834099560976028,0.984000027179718,0.9021999835968018
YGL096W,YJL012C-A,0,-5.2496786,0.09833116829395294,0.984000027179718,0.9023000001907349
YOR216C,YLL012W,0,-5.250042,0.0983213409781456,0.984000027179718,0.902400016784668
YLR115W,YGR109W-B,0,-5.2509356,0.09831152111291885,0.984000027179718,0.9024999737739563
YGR204W,YPR108W,0,-5.2525034,0.09830170124769211,0.984000027179718,0.9025999903678894
YBR214W,YHR206W,0,-5.2529373,0.09829188138246536,0.984000027179718,0.9027000069618225
YLR372W,YDR058C,0,-5.2547016,0.09828206151723862,0.984000027179718,0.9028000235557556
YDR173C,YOR340C,0,-5.2553654,0.09827224910259247,0.984000027179718,0.902899980545044
YLR098C,YAR010C,0,-5.255562,0.09826242923736572,0.984000027179718,0.902999997138977
YNL243W,YAR010C,0,-5.2566137,0.09825262427330017,0.984000027179718,0.9031000137329102
YGL223C,YNL110C,0,-5.2575417,0.09824281185865402,0.984000027179718,0.9031999707221985
YDR532C,YML039W,0,-5.2579308,0.09823300689458847,0.984000027179718,0.9032999873161316
YJL042W,YHR020W,0,-5.2584085,0.09822320193052292,0.984000027179718,0.9034000039100647
YDL083C,YDL128W,0,-5.2590723,0.09821339696645737,0.984000027179718,0.9035000205039978
YOR148C,YLR227W-B,0,-5.259719,0.09820359200239182,0.984000027179718,0.9035999774932861
YIL066C,YKR059W,0,-5.2600346,0.09819379448890686,0.984000027179718,0.9036999940872192
YOR269W,YOR348C,0,-5.2602215,0.0981839969754219,0.984000027179718,0.9038000106811523
YHR072W-A,YIL056W,0,-5.2610407,0.09817419946193695,0.984000027179718,0.9039000272750854
YKL213C,YGL089C,0,-5.2617903,0.098164401948452,0.984000027179718,0.9039999842643738
YDL230W,YOL117W,0,-5.2623653,0.09815461188554764,0.984000027179718,0.9041000008583069
YLR256W,YOL005C,0,-5.2637196,0.09814482182264328,0.984000027179718,0.90420001745224
YGR268C,YIL123W,0,-5.2640514,0.09813503175973892,0.984000027179718,0.9042999744415283
YBR272C,YAR010C,0,-5.2651215,0.09812524914741516,0.984000027179718,0.9043999910354614
YIL002C,YDR210W-B,0,-5.26527,0.0981154665350914,0.984000027179718,0.9045000076293945
YNL244C,YDR120C,0,-5.2656946,0.09810568392276764,0.984000027179718,0.9046000242233276
YGL021W,YGR195W,0,-5.266206,0.09809590131044388,0.984000027179718,0.904699981212616
YNL075W,YFL005W,0,-5.266412,0.09808612614870071,0.984000027179718,0.9047999978065491
YOR245C,YHR014W,0,-5.266802,0.09807635098695755,0.984000027179718,0.9049000144004822
YDR173C,YPR124W,0,-5.2674074,0.09806657582521439,0.984000027179718,0.9049999713897705
YOR031W,YBR006W,0,-5.268443,0.09805680066347122,0.984000027179718,0.9050999879837036
YJR050W,YPL019C,0,-5.2687798,0.09804703295230865,0.984000027179718,0.9052000045776367
YDR046C,YJR131W,0,-5.268876,0.09803726524114609,0.984000027179718,0.9053000211715698
YNL156C,YJR028W,0,-5.269183,0.09802749752998352,0.984000027179718,0.9053999781608582
YPL096C-A,YHR065C,0,-5.2697754,0.09801772981882095,0.984000027179718,0.9054999947547913
YNL127W,YIL125W,0,-5.2699556,0.09800796955823898,0.984000027179718,0.9056000113487244
YIL155C,YAL047C,0,-5.269964,0.09799820929765701,0.984000027179718,0.9057000279426575
YJL058C,YBR161W,0,-5.270276,0.09798844903707504,0.984000027179718,0.9057999849319458
YNL127W,YOL039W,0,-5.270508,0.09797868877649307,0.984000027179718,0.9059000015258789
YNL138W,YOR143C,0,-5.2709045,0.0979689359664917,0.984000027179718,0.906000018119812
YOR078W,YAL012W,0,-5.2712812,0.09795918315649033,0.984000027179718,0.9060999751091003
YDR339C,YNL075W,0,-5.2716703,0.09794943034648895,0.984000027179718,0.9061999917030334
YHR073W,YHR214C-B,0,-5.272023,0.09793968498706818,0.984000027179718,0.9063000082969666
YPR131C,YOR305W,0,-5.272297,0.0979299396276474,0.984000027179718,0.9064000248908997
YJL101C,YGL255W,0,-5.272317,0.09792019426822662,0.984000027179718,0.906499981880188
YPL058C,YDR501W,0,-5.2731934,0.09791044890880585,0.984000027179718,0.9065999984741211
YDR411C,YMR164C,0,-5.273488,0.09790070354938507,0.984000027179718,0.9067000150680542
YJR059W,YHR172W,0,-5.2735634,0.09789096564054489,0.984000027179718,0.9067999720573425
YDR384C,YEL034W,0,-5.273614,0.09788122773170471,0.984000027179718,0.9068999886512756
YFR024C-A,YIL018W,0,-5.274394,0.09787149727344513,0.984000027179718,0.9070000052452087
YDL033C,YOR003W,0,-5.274725,0.09786175936460495,0.984000027179718,0.9071000218391418
YNR057C,YLR006C,0,-5.276223,0.09785202890634537,0.984000027179718,0.9071999788284302
YPL188W,YCL069W,0,-5.276682,0.09784229844808578,0.984000027179718,0.9072999954223633
YLR134W,YIL021W,0,-5.2772694,0.0978325679898262,0.984000027179718,0.9074000120162964
YML004C,YKL009W,0,-5.2777367,0.09782284498214722,0.984000027179718,0.9075000286102295
YPR134W,YGL225W,0,-5.277792,0.09781312197446823,0.984000027179718,0.9075999855995178
YKL125W,YJR019C,0,-5.2780313,0.09780339896678925,0.984000027179718,0.9077000021934509
YFL003C,YBR172C,0,-5.2782183,0.09779367595911026,0.984000027179718,0.907800018787384
YJL095W,YPL026C,0,-5.280078,0.09778396040201187,0.984000027179718,0.9078999757766724
YLR110C,YAR010C,0,-5.280243,0.09777424484491348,0.984000027179718,0.9079999923706055
YDR317W,YIL002C,0,-5.2806606,0.0977645292878151,0.984000027179718,0.9081000089645386
YGR142W,YDL132W,0,-5.280781,0.0977548211812973,0.984000027179718,0.9082000255584717
YJL122W,YGR101W,0,-5.281047,0.09774510562419891,0.984000027179718,0.90829998254776
YAL044C,YML123C,0,-5.281475,0.09773539751768112,0.984000027179718,0.9083999991416931
YJL116C,YOL128C,0,-5.2818346,0.09772568941116333,0.984000027179718,0.9085000157356262
YNL161W,YHR092C,0,-5.2820816,0.09771598875522614,0.984000027179718,0.9085999727249146
YPL188W,YKR037C,0,-5.283949,0.09770628809928894,0.984000027179718,0.9086999893188477
YPL275W,YJL129C,0,-5.284151,0.09769658744335175,0.984000027179718,0.9088000059127808
YNL111C,YLR222C,0,-5.2849693,0.09768688678741455,0.984000027179718,0.9089000225067139
YNR001C,YOR326W,0,-5.286701,0.09767718613147736,0.984000027179718,0.9089999794960022
YDL130W,YGL229C,0,-5.2871294,0.09766749292612076,0.984000027179718,0.9090999960899353
YNL291C,YPR158W-B,0,-5.287883,0.09765779972076416,0.984000027179718,0.9092000126838684
YKL150W,YJR153W,0,-5.288806,0.09764810651540756,0.984000027179718,0.9093000292778015
YGR254W,YIL167W,0,-5.2890882,0.09763842076063156,0.984000027179718,0.9093999862670898
YER127W,YNL117W,0,-5.2906485,0.09762873500585556,0.984000027179718,0.909500002861023
YDL148C,YDL201W,0,-5.2909517,0.09761904925107956,0.984000027179718,0.909600019454956
YPL248C,YLR090W,0,-5.291853,0.09760936349630356,0.984000027179718,0.9096999764442444
YER177W,YPL146C,0,-5.291875,0.09759968519210815,0.984000027179718,0.9097999930381775
YGR157W,YJL219W,0,-5.2920446,0.09758999943733215,0.984000027179718,0.9099000096321106
YNR067C,YCR028C-A,0,-5.292222,0.09758032858371735,0.984000027179718,0.9100000262260437
YPL224C,YPR155C,0,-5.2927284,0.09757065027952194,0.984000027179718,0.910099983215332
YDR087C,YMR216C,0,-5.293291,0.09756097197532654,0.984000027179718,0.9101999998092651
YJR033C,YCL054W,0,-5.294159,0.09755130112171173,0.984000027179718,0.9103000164031982
YOR349W,YJL026W,0,-5.294572,0.09754163026809692,0.984000027179718,0.9103999733924866
YHR089C,YOR355W,0,-5.2957106,0.09753196686506271,0.984000027179718,0.9104999899864197
YNL145W,YOR265W,0,-5.296156,0.0975222960114479,0.984000027179718,0.9106000065803528
YDR263C,YDR040C,0,-5.2979956,0.0975126326084137,0.984000027179718,0.9107000231742859
YNR019W,YMR025W,0,-5.298048,0.09750296920537949,0.984000027179718,0.9107999801635742
YOR113W,YDL170W,0,-5.298584,0.09749331325292587,0.984000027179718,0.9108999967575073
YAL044C,YKL125W,0,-5.2987957,0.09748365730047226,0.984000027179718,0.9110000133514404
YCR089W,YDL130W,0,-5.2999372,0.09747399389743805,0.984000027179718,0.9110999703407288
YFL010W-A,YLL056C,0,-5.300539,0.09746434539556503,0.984000027179718,0.9111999869346619
YJL036W,YDL118W,0,-5.3019075,0.09745468944311142,0.984000027179718,0.911300003528595
YMR001C,YOL147C,0,-5.3021774,0.0974450409412384,0.984000027179718,0.9114000201225281
YPL248C,YGR195W,0,-5.3025217,0.09743539243936539,0.984000027179718,0.9114999771118164
YIL110W,YOR049C,0,-5.3036156,0.09742574393749237,0.984000027179718,0.9115999937057495
YKL084W,YER118C,0,-5.3037376,0.09741609543561935,0.984000027179718,0.9117000102996826
YNR074C,YKL143W,0,-5.3040676,0.09740645438432693,0.984000027179718,0.9118000268936157
YMR001C,YBL045C,0,-5.3052683,0.09739681333303452,0.984000027179718,0.911899983882904
YLR114C,YBR026C,0,-5.306773,0.0973871722817421,0.984000027179718,0.9120000004768372
YOR237W,YLR354C,0,-5.307419,0.09737753868103027,0.984000027179718,0.9121000170707703
YOR040W,YOL127W,0,-5.3082047,0.09736789762973785,0.984000027179718,0.9121999740600586
YIL167W,YFR003C,0,-5.3084135,0.09735826402902603,0.984000027179718,0.9122999906539917
YHR052W,YDR235W,0,-5.3094387,0.0973486378788948,0.984000027179718,0.9124000072479248
YNL333W,YDL109C,0,-5.3094444,0.09733900427818298,0.984000027179718,0.9125000238418579
YNL220W,YDR148C,0,-5.3094788,0.09732937812805176,0.984000027179718,0.9125999808311462
YFR003C,YIL029C,0,-5.310111,0.09731975197792053,0.984000027179718,0.9126999974250793
YOL127W,YNL332W,0,-5.3102474,0.0973101258277893,0.984000027179718,0.9128000140190125
YLL041C,YGR094W,0,-5.3110294,0.09730050712823868,0.984000027179718,0.9128999710083008
YPR082C,YPL265W,0,-5.311139,0.09729088097810745,0.984000027179718,0.9129999876022339
YIR037W,YBR035C,0,-5.311907,0.09728126227855682,0.984000027179718,0.913100004196167
YER119C,YKR027W,0,-5.3121433,0.09727165102958679,0.984000027179718,0.9132000207901001
YOL071W,YOR085W,0,-5.3139315,0.09726203233003616,0.984000027179718,0.9132999777793884
YJR155W,YOR088W,0,-5.315322,0.09725242108106613,0.984000027179718,0.9133999943733215
YDL113C,YDR177W,0,-5.316002,0.0972428098320961,0.984000027179718,0.9135000109672546
YNR058W,YML047C,0,-5.316553,0.09723319858312607,0.984000027179718,0.9136000275611877
YFL056C,YJL093C,0,-5.316613,0.09722359478473663,0.984000027179718,0.9136999845504761
YJL186W,YBR154C,0,-5.3174143,0.0972139909863472,0.984000027179718,0.9138000011444092
YGL001C,YGR251W,0,-5.3179417,0.09720438718795776,0.984000027179718,0.9139000177383423
YGR159C,YMR013C,0,-5.3186045,0.09719478338956833,0.984000027179718,0.9139999747276306
YIL070C,YNL294C,0,-5.3206367,0.09718518704175949,0.984000027179718,0.9140999913215637
YFL010W-A,YOR294W,0,-5.320922,0.09717559069395065,0.984000027179718,0.9142000079154968
YNL145W,YCR020C,0,-5.3215904,0.09716599434614182,0.984000027179718,0.9143000245094299
YKL176C,YML045W,0,-5.321727,0.09715639799833298,0.984000027179718,0.9143999814987183
YDR258C,YNL287W,0,-5.321907,0.09714680910110474,0.984000027179718,0.9144999980926514
YKL141W,YDR515W,0,-5.322303,0.0971372127532959,0.984000027179718,0.9146000146865845
YMR026C,YLR301W,0,-5.323304,0.09712763130664825,0.984000027179718,0.9146999716758728
YCL034W,YHR157W,0,-5.324791,0.09711804240942001,0.984000027179718,0.9147999882698059
YDR394W,YPR078C,0,-5.3251505,0.09710846096277237,0.984000027179718,0.914900004863739
YML077W,YJR028W,0,-5.3283434,0.09709887206554413,0.984000027179718,0.9150000214576721
YGR289C,YLR002C,0,-5.333948,0.09708929806947708,0.984000027179718,0.9150999784469604
YPR046W,YJR156C,0,-5.3340597,0.09707971662282944,0.984000027179718,0.9151999950408936
YPL155C,YLR157C-B,0,-5.3349924,0.09707014262676239,0.984000027179718,0.9153000116348267
YLR276C,YNL247W,0,-5.3350506,0.09706056118011475,0.984000027179718,0.9154000282287598
YHL019C,YML131W,0,-5.3351936,0.0970509946346283,0.984000027179718,0.9154999852180481
YLR002C,YPL036W,0,-5.335391,0.09704142063856125,0.984000027179718,0.9156000018119812
YBL106C,YLR354C,0,-5.335449,0.0970318540930748,0.984000027179718,0.9157000184059143
YJR137C,YJR141W,0,-5.3361263,0.09702228009700775,0.984000027179718,0.9157999753952026
YPL275W,YJR026W,0,-5.3372755,0.0970127210021019,0.984000027179718,0.9158999919891357
YPL159C,YDR087C,0,-5.3375607,0.09700315445661545,0.984000027179718,0.9160000085830688
YGR161C,YLR055C,0,-5.3392344,0.0969935953617096,0.984000027179718,0.916100025177002
YLL016W,YHR135C,0,-5.34109,0.09698403626680374,0.984000027179718,0.9161999821662903
YLR157C,YKL201C,0,-5.3416405,0.09697447717189789,0.984000027179718,0.9162999987602234
YOL071W,YCL074W,0,-5.3422384,0.09696491807699203,0.984000027179718,0.9164000153541565
YAR002C-A,YBR159W,0,-5.3432016,0.09695536643266678,0.984000027179718,0.9164999723434448
YPR144C,YDL059C,0,-5.344493,0.09694581478834152,0.984000027179718,0.9165999889373779
YDL031W,YML027W,0,-5.3460617,0.09693626314401627,0.984000027179718,0.916700005531311
YLR276C,YNL244C,0,-5.346628,0.09692671149969101,0.984000027179718,0.9168000221252441
YIL117C,YBR172C,0,-5.3484335,0.09691716730594635,0.984000027179718,0.9168999791145325
YAL054C,YDR224C,1,-5.350481,0.09700610488653183,0.9850000143051147,0.9168999791145325
YDR331W,YIL155C,0,-5.3506966,0.09699655324220657,0.9850000143051147,0.9169999957084656
YMR008C,YDR324C,0,-5.350848,0.09698700159788132,0.9850000143051147,0.9171000123023987
YNL111C,YKL193C,0,-5.3518753,0.09697745740413666,0.9850000143051147,0.9172000288963318
YNL250W,YCL075W,0,-5.3524294,0.0969679057598114,0.9850000143051147,0.9172999858856201
YMR047C,YHL024W,0,-5.354601,0.09695836156606674,0.9850000143051147,0.9174000024795532
YGL078C,YGR289C,0,-5.3552227,0.09694881737232208,0.9850000143051147,0.9175000190734863
YDR046C,YEL050C,0,-5.3563604,0.09693928062915802,0.9850000143051147,0.9175999760627747
YDR384C,YEL024W,0,-5.3570385,0.09692973643541336,0.9850000143051147,0.9176999926567078
YLR405W,YDR277C,0,-5.35748,0.0969201996922493,0.9850000143051147,0.9178000092506409
YMR316W,YCL035C,0,-5.3590593,0.09691066294908524,0.9850000143051147,0.917900025844574
YHR092C,YDL085W,0,-5.3590956,0.09690113365650177,0.9850000143051147,0.9179999828338623
YMR038C,YPR190C,0,-5.3596973,0.09689159691333771,0.9850000143051147,0.9180999994277954
YML042W,YGL030W,0,-5.3597155,0.09688206762075424,0.9850000143051147,0.9182000160217285
YDL164C,YIR041W,0,-5.3610315,0.09687253832817078,0.9850000143051147,0.9182999730110168
YPL135W,YOR362C,0,-5.3619967,0.09686301648616791,0.9850000143051147,0.91839998960495
YDL051W,YDR116C,0,-5.3623533,0.09685348719358444,0.9850000143051147,0.9185000061988831
YBL082C,YKL150W,0,-5.3625298,0.09684396535158157,0.9850000143051147,0.9186000227928162
YER061C,YLL061W,0,-5.3628826,0.0968344509601593,0.9850000143051147,0.9186999797821045
YLR074C,YNL012W,0,-5.364456,0.09682492911815643,0.9850000143051147,0.9187999963760376
YGL037C,YPL138C,1,-5.3653717,0.09691370278596878,0.9860000014305115,0.9187999963760376
YKL011C,YBR037C,0,-5.366482,0.09690417349338531,0.9860000014305115,0.9189000129699707
YFR036W,YNL248C,0,-5.367547,0.09689465165138245,0.9860000014305115,0.9190000295639038
YDR264C,YLR224W,0,-5.3675613,0.09688512980937958,0.9860000014305115,0.9190999865531921
YMR260C,YJL141C,0,-5.367629,0.0968756154179573,0.9860000014305115,0.9192000031471252
YGL253W,YLR452C,0,-5.367859,0.09686609357595444,0.9860000014305115,0.9193000197410583
YNL239W,YEL024W,0,-5.3679514,0.09685657918453217,0.9860000014305115,0.9193999767303467
YPL240C,YKR089C,0,-5.367981,0.0968470647931099,0.9860000014305115,0.9194999933242798
YOR120W,YBR183W,0,-5.368432,0.09683755785226822,0.9860000014305115,0.9196000099182129
YJL112W,YER053C,0,-5.368581,0.09682804346084595,0.9860000014305115,0.919700026512146
YDR479C,YNL333W,0,-5.368599,0.09681853652000427,0.9860000014305115,0.9197999835014343
YJR025C,YLR026C,0,-5.3702345,0.0968090295791626,0.9860000014305115,0.9199000000953674
YJL053W,YGR090W,0,-5.371726,0.09679953008890152,0.9860000014305115,0.9200000166893005
YLL027W,YLR264W,0,-5.3736,0.09679002314805984,0.9860000014305115,0.9200999736785889
YJL048C,YJL141C,0,-5.373988,0.09678052365779877,0.9860000014305115,0.920199990272522
YOL094C,YNL160W,0,-5.374505,0.09677102416753769,0.9860000014305115,0.9203000068664551
YDL046W,YPL237W,0,-5.374772,0.09676153212785721,0.9860000014305115,0.9204000234603882
YJL184W,YDL112W,0,-5.3769903,0.09675203263759613,0.9860000014305115,0.9204999804496765
YER020W,YJR049C,0,-5.377762,0.09674254059791565,0.9860000014305115,0.9205999970436096
YDL231C,YDR087C,0,-5.380595,0.09673304855823517,0.9860000014305115,0.9207000136375427
YPR102C,YER190W,0,-5.3816395,0.09672356396913528,0.9860000014305115,0.920799970626831
YLL060C,YPR006C,0,-5.382036,0.0967140719294548,0.9860000014305115,0.9208999872207642
YHR039C,YKL119C,0,-5.382509,0.09670458734035492,0.9860000014305115,0.9210000038146973
YFR041C,YLR134W,0,-5.3826284,0.09669510275125504,0.9860000014305115,0.9211000204086304
YER119C,YDR330W,0,-5.38313,0.09668562561273575,0.9860000014305115,0.9211999773979187
YGL043W,YOR178C,0,-5.3832474,0.09667614102363586,0.9860000014305115,0.9212999939918518
YMR060C,YBR105C,0,-5.3833265,0.09666666388511658,0.9860000014305115,0.9214000105857849
YFL039C,YDR440W,1,-5.383873,0.09675522148609161,0.9869999885559082,0.9214000105857849
YDR046C,YDR057W,0,-5.3871984,0.09674573689699173,0.9869999885559082,0.921500027179718
YKL026C,YMR087W,0,-5.388131,0.09673625230789185,0.9869999885559082,0.9215999841690063
YOL097C,YOR305W,0,-5.3900337,0.09672677516937256,0.9869999885559082,0.9217000007629395
YIL018W,YGR081C,0,-5.3901463,0.09671729803085327,0.9869999885559082,0.9218000173568726
YLL060C,YNR026C,0,-5.3904533,0.09670782089233398,0.9869999885559082,0.9218999743461609
YHR023W,YNL313C,0,-5.390852,0.0966983437538147,0.9869999885559082,0.921999990940094
YOL013C,YBR143C,0,-5.391238,0.09668887406587601,0.9869999885559082,0.9221000075340271
YNL127W,YDR165W,0,-5.3912973,0.09667939692735672,0.9869999885559082,0.9222000241279602
YNL110C,YGL226C-A,0,-5.391327,0.09666993468999863,0.9869999885559082,0.9222999811172485
YLR074C,YAR031W,0,-5.391774,0.09666046500205994,0.9869999885559082,0.9223999977111816
YBL047C,YJL157C,0,-5.3930006,0.09665099531412125,0.9869999885559082,0.9225000143051147
YJR155W,YEL061C,0,-5.3937054,0.09664153307676315,0.9869999885559082,0.9225999712944031
YMR173W,YLR372W,0,-5.3945065,0.09663207083940506,0.9869999885559082,0.9226999878883362
YDL198C,YKL008C,0,-5.3947477,0.09662261605262756,0.9869999885559082,0.9228000044822693
YER119C,YOR089C,0,-5.39485,0.09661315381526947,0.9869999885559082,0.9229000210762024
YBR205W,YHR139C,0,-5.3995123,0.09660369902849197,0.9869999885559082,0.9229999780654907
YLR238W,YCR061W,0,-5.4004316,0.09659424424171448,0.9869999885559082,0.9230999946594238
YKL165C,YOR137C,0,-5.4006176,0.09658478945493698,0.9869999885559082,0.9232000112533569
YPL058C,YMR095C,0,-5.40236,0.09657534211874008,0.9869999885559082,0.92330002784729
YDR171W,YJL138C,0,-5.4025784,0.09656589478254318,0.9869999885559082,0.9233999848365784
YJL031C,YIR037W,0,-5.403989,0.09655644744634628,0.9869999885559082,0.9235000014305115
YCL026C-A,YGR103W,0,-5.4046736,0.09654700011014938,0.9869999885559082,0.9236000180244446
YPL126W,YOR087W,0,-5.404804,0.09653756022453308,0.9869999885559082,0.9236999750137329
YKL052C,YCR061W,0,-5.4056473,0.09652812033891678,0.9869999885559082,0.923799991607666
YJL165C,YLR346C,0,-5.406515,0.09651868045330048,0.9869999885559082,0.9239000082015991
YML094W,YJL164C,0,-5.407693,0.09650924056768417,0.9869999885559082,0.9240000247955322
YPR119W,YCR031C,0,-5.4090624,0.09649980813264847,0.9869999885559082,0.9240999817848206
YNL244C,YJR026W,0,-5.4092083,0.09649036824703217,0.9869999885559082,0.9241999983787537
YJR047C,YDR087C,0,-5.4102106,0.09648093581199646,0.9869999885559082,0.9243000149726868
YOR185C,YJR156C,0,-5.4104652,0.09647151082754135,0.9869999885559082,0.9243999719619751
YNL159C,YGL169W,0,-5.4114237,0.09646207839250565,0.9869999885559082,0.9244999885559082
YCR082W,YIL124W,0,-5.411521,0.09645265340805054,0.9869999885559082,0.9246000051498413
YNL066W,YJL012C,0,-5.4130754,0.09644322842359543,0.9869999885559082,0.9247000217437744
YJL047C,YDR018C,0,-5.414545,0.09643380343914032,0.9869999885559082,0.9247999787330627
YPL036W,YDL120W,0,-5.4150925,0.09642438590526581,0.9869999885559082,0.9248999953269958
YDL198C,YPR102C,0,-5.415801,0.0964149683713913,0.9869999885559082,0.925000011920929
YNR019W,YLR043C,0,-5.415887,0.09640555083751678,0.9869999885559082,0.9251000285148621
YOR341W,YJL109C,0,-5.416972,0.09639613330364227,0.9869999885559082,0.9251999855041504
YIL125W,YGR280C,0,-5.418436,0.09638671576976776,0.9869999885559082,0.9253000020980835
YFL057C,YFL010W-A,0,-5.420375,0.09637730568647385,0.9869999885559082,0.9254000186920166
YGL029W,YGR264C,0,-5.42056,0.09636789560317993,0.9869999885559082,0.9254999756813049
YDR395W,YJR019C,0,-5.420616,0.09635848551988602,0.9869999885559082,0.925599992275238
YPR154W,YKR028W,0,-5.422636,0.0963490828871727,0.9869999885559082,0.9257000088691711
YML042W,YLR427W,0,-5.422824,0.09633968025445938,0.9869999885559082,0.9258000254631042
YCL044C,YBR024W,0,-5.4246645,0.09633027762174606,0.9869999885559082,0.9258999824523926
YKL143W,YFL033C,0,-5.426137,0.09632087498903275,0.9869999885559082,0.9259999990463257
YBR145W,YPL135W,0,-5.426306,0.09631147235631943,0.9869999885559082,0.9261000156402588
YLR009W,YDR126W,0,-5.426629,0.0963020771741867,0.9869999885559082,0.9261999726295471
YNL101W,YDR171W,0,-5.4280806,0.09629268199205399,0.9869999885559082,0.9262999892234802
YDR473C,YHR157W,0,-5.4285975,0.09628328680992126,0.9869999885559082,0.9264000058174133
YDR363W,YGL037C,1,-5.4290133,0.09637144207954407,0.9879999756813049,0.9264000058174133
YAL007C,YEL024W,0,-5.4312544,0.09636203944683075,0.9879999756813049,0.9265000224113464
YCR010C,YOR267C,0,-5.432103,0.09635264426469803,0.9879999756813049,0.9265999794006348
YLR158C,YPL228W,0,-5.4328775,0.09634324908256531,0.9879999756813049,0.9266999959945679
YLR160C,YKR020W,0,-5.4331903,0.09633385390043259,0.9879999756813049,0.926800012588501
YER129W,YGR042W,0,-5.4341545,0.09632445871829987,0.9879999756813049,0.9269000291824341
YKR046C,YMR096W,0,-5.435498,0.09631507098674774,0.9879999756813049,0.9269999861717224
YKL016C,YJL145W,0,-5.435603,0.09630568325519562,0.9879999756813049,0.9271000027656555
YDR395W,YCR083W,0,-5.435894,0.0962962955236435,0.9879999756813049,0.9272000193595886
YNL048W,YFR047C,0,-5.4374056,0.09628691524267197,0.9879999756813049,0.927299976348877
YDR179C,YML131W,0,-5.437463,0.09627752751111984,0.9879999756813049,0.9273999929428101
YGL019W,YLR126C,0,-5.4381886,0.09626814723014832,0.9879999756813049,0.9275000095367432
YAL059W,YOR084W,0,-5.438593,0.09625876694917679,0.9879999756813049,0.9276000261306763
YNL271C,YJL116C,0,-5.4390545,0.09624939411878586,0.9879999756813049,0.9276999831199646
YKL028W,YGL096W,0,-5.4394712,0.09624001383781433,0.9879999756813049,0.9277999997138977
YKL026C,YDR346C,0,-5.440769,0.0962306410074234,0.9879999756813049,0.9279000163078308
YHR007C,YLR059C,0,-5.440811,0.09622126817703247,0.9879999756813049,0.9279999732971191
YGL253W,YLR197W,0,-5.4426317,0.09621190279722214,0.9879999756813049,0.9280999898910522
YDR456W,YDR146C,0,-5.444149,0.09620252996683121,0.9879999756813049,0.9282000064849854
YPL227C,YGR008C,0,-5.4470005,0.09619316458702087,0.9879999756813049,0.9283000230789185
YJL122W,YEL061C,0,-5.4472885,0.09618379920721054,0.9879999756813049,0.9283999800682068
YAR031W,YHL007C,0,-5.447954,0.0961744412779808,0.9879999756813049,0.9284999966621399
YPL132W,YJR145C,0,-5.448085,0.09616507589817047,0.9879999756813049,0.928600013256073
YOR341W,YBR079C,0,-5.448704,0.09615571796894073,0.9879999756813049,0.9286999702453613
YDL083C,YBL004W,0,-5.449854,0.096146360039711,0.9879999756813049,0.9287999868392944
YAL054C,YDL236W,1,-5.45068,0.09623430669307709,0.9890000224113464,0.9287999868392944
YJL020C,YDR018C,0,-5.4521923,0.09622494876384735,0.9890000224113464,0.9289000034332275
YLR286C,YKR024C,0,-5.453191,0.09621558338403702,0.9890000224113464,0.9290000200271606
YJL201W,YPR078C,0,-5.454397,0.09620622545480728,0.9890000224113464,0.929099977016449
YHR075C,YKL108W,0,-5.4551725,0.09619686752557755,0.9890000224113464,0.9291999936103821
YHR007C,YAL001C,0,-5.455243,0.09618750959634781,0.9890000224113464,0.9293000102043152
YJL087C,YOL129W,0,-5.455264,0.09617815911769867,0.9890000224113464,0.9294000267982483
YPL200W,YER053C,0,-5.455673,0.09616880863904953,0.9890000224113464,0.9294999837875366
YOL080C,YLR354C,0,-5.4557295,0.09615945816040039,0.9890000224113464,0.9296000003814697
YDR022C,YGR159C,0,-5.455929,0.09615010768175125,0.9890000224113464,0.9297000169754028
YLR129W,YLR405W,0,-5.457528,0.09614075720310211,0.9890000224113464,0.9297999739646912
YNL068C,YLR372W,0,-5.4579735,0.09613141417503357,0.9890000224113464,0.9298999905586243
YDR077W,YDL130W-A,0,-5.4588604,0.09612207114696503,0.9890000224113464,0.9300000071525574
YBR079C,YDR025W,0,-5.4601345,0.09611272811889648,0.9890000224113464,0.9301000237464905
YLR186W,YAL022C,0,-5.46014,0.09610339254140854,0.9890000224113464,0.9301999807357788
YPR154W,YPL019C,0,-5.4621887,0.0960940569639206,0.9890000224113464,0.9302999973297119
YLR284C,YGR008C,0,-5.4638815,0.09608472138643265,0.9890000224113464,0.930400013923645
YKL011C,YDR037W,0,-5.465328,0.0960753858089447,0.9890000224113464,0.9304999709129333
YBR042C,YHR001W-A,0,-5.4654636,0.09606605023145676,0.9890000224113464,0.9305999875068665
YPR037C,YCR072C,0,-5.4656496,0.09605672210454941,0.9890000224113464,0.9307000041007996
YDR361C,YJL098W,0,-5.4659014,0.09604739397764206,0.9890000224113464,0.9308000206947327
YMR048W,YNL075W,0,-5.4662905,0.09603806585073471,0.9890000224113464,0.930899977684021
YIL117C,YOR132W,0,-5.466857,0.09602873772382736,0.9890000224113464,0.9309999942779541
YGR257C,YOL040C,0,-5.4674816,0.09601941704750061,0.9890000224113464,0.9311000108718872
YNR027W,YJL102W,0,-5.46863,0.09601009637117386,0.9890000224113464,0.9312000274658203
YDR361C,YOR133W,0,-5.4687405,0.0960007756948471,0.9890000224113464,0.9312999844551086
YCL040W,YGL051W,0,-5.4696636,0.09599146246910095,0.9890000224113464,0.9314000010490417
YCL038C,YGR099W,0,-5.4700804,0.0959821417927742,0.9890000224113464,0.9315000176429749
YAR015W,YOR179C,0,-5.470787,0.09597282856702805,0.9890000224113464,0.9315999746322632
YNR002C,YPL041C,0,-5.470955,0.09596351534128189,0.9890000224113464,0.9316999912261963
YER070W,YBR293W,0,-5.4714155,0.09595420956611633,0.9890000224113464,0.9318000078201294
YAL023C,YBR083W,0,-5.471485,0.09594489634037018,0.9890000224113464,0.9319000244140625
YHR197W,YML124C,0,-5.4717264,0.09593559056520462,0.9890000224113464,0.9319999814033508
YDR487C,YDR198C,0,-5.472369,0.09592628479003906,0.9890000224113464,0.9320999979972839
YLR196W,YIL061C,0,-5.4728403,0.0959169790148735,0.9890000224113464,0.932200014591217
YAL034W-A,YPR078C,0,-5.4739075,0.09590768069028854,0.9890000224113464,0.9322999715805054
YDR492W,YGL086W,0,-5.4743376,0.09589838236570358,0.9890000224113464,0.9323999881744385
YPR167C,YEL051W,0,-5.4753485,0.09588908404111862,0.9890000224113464,0.9325000047683716
YCL038C,YPR107C,0,-5.4756556,0.09587978571653366,0.9890000224113464,0.9326000213623047
YMR238W,YJL048C,0,-5.47589,0.0958704948425293,0.9890000224113464,0.932699978351593
YBR286W,YIL117C,0,-5.475994,0.09586119651794434,0.9890000224113464,0.9327999949455261
YDR173C,YJL178C,0,-5.476657,0.09585190564393997,0.9890000224113464,0.9329000115394592
YLL019C,YER118C,0,-5.477832,0.0958426222205162,0.9890000224113464,0.9330000281333923
YPL212C,YHR020W,0,-5.479619,0.09583333134651184,0.9890000224113464,0.9330999851226807
YKR039W,YDR435C,0,-5.479665,0.09582404792308807,0.9890000224113464,0.9332000017166138
YGR244C,YMR165C,0,-5.481057,0.0958147644996643,0.9890000224113464,0.9333000183105469
YLR129W,YLR447C,0,-5.482378,0.09580548107624054,0.9890000224113464,0.9333999752998352
YOL013C,YPL240C,0,-5.484393,0.09579620510339737,0.9890000224113464,0.9334999918937683
YGL084C,YOR326W,0,-5.484665,0.0957869216799736,0.9890000224113464,0.9336000084877014
YPR122W,YOL164W,0,-5.4849567,0.09577764570713043,0.9890000224113464,0.9337000250816345
YEL063C,YPR163C,0,-5.485813,0.09576837718486786,0.9890000224113464,0.9337999820709229
YPR167C,YER070W,0,-5.486847,0.09575910121202469,0.9890000224113464,0.933899998664856
YGL048C,YLR426W,0,-5.4883795,0.09574983268976212,0.9890000224113464,0.9340000152587891
YHR068W,YFL058W,0,-5.4884033,0.09574056416749954,0.9890000224113464,0.9340999722480774
YCR083W,YDL170W,0,-5.4889107,0.09573129564523697,0.9890000224113464,0.9341999888420105
YLL061W,YDL170W,0,-5.489276,0.0957220271229744,0.9890000224113464,0.9343000054359436
YGL016W,YPL058C,0,-5.4904957,0.09571276605129242,0.9890000224113464,0.9344000220298767
YHR092C,YER162C,0,-5.4916773,0.09570350497961044,0.9890000224113464,0.934499979019165
YBL026W,YOR003W,0,-5.492399,0.09569424390792847,0.9890000224113464,0.9345999956130981
YNL111C,YHR091C,0,-5.4926805,0.09568498283624649,0.9890000224113464,0.9347000122070312
YNL166C,YGR055W,0,-5.493023,0.09567572921514511,0.9890000224113464,0.9348000288009644
YDR163W,YJR137C,0,-5.494238,0.09566647559404373,0.9890000224113464,0.9348999857902527
YBR077C,YJR028W,0,-5.4949656,0.09565722197294235,0.9890000224113464,0.9350000023841858
YNR001C,YBR218C,0,-5.49498,0.09564796835184097,0.9890000224113464,0.9351000189781189
YLR175W,YER052C,0,-5.4963026,0.09563872218132019,0.9890000224113464,0.9351999759674072
YAL032C,YBR156C,0,-5.4966755,0.09562946856021881,0.9890000224113464,0.9352999925613403
YNR053C,YGL167C,0,-5.496893,0.09562022984027863,0.9890000224113464,0.9354000091552734
YIL013C,YDR247W,0,-5.497097,0.09561098366975784,0.9890000224113464,0.9355000257492065
YER127W,YPL098C,0,-5.4991446,0.09560173749923706,0.9890000224113464,0.9355999827384949
YLR324W,YLL041C,0,-5.500024,0.09559249877929688,0.9890000224113464,0.935699999332428
YNL065W,YJL003W,0,-5.502288,0.09558326005935669,0.9890000224113464,0.9358000159263611
YLR286C,YIL038C,0,-5.5027018,0.0955740213394165,0.9890000224113464,0.9358999729156494
YAL015C,YCL074W,0,-5.5035353,0.09556479007005692,0.9890000224113464,0.9359999895095825
YER168C,YDR171W,0,-5.503769,0.09555555880069733,0.9890000224113464,0.9361000061035156
YBL015W,YNL239W,0,-5.5038033,0.09554632753133774,0.9890000224113464,0.9362000226974487
YDR184C,YKL191W,0,-5.5041237,0.09553709626197815,0.9890000224113464,0.9362999796867371
YDR013W,YPR080W,0,-5.504263,0.09552786499261856,0.9890000224113464,0.9363999962806702
YDR361C,YCR060W,0,-5.5056314,0.09551864117383957,0.9890000224113464,0.9365000128746033
YGL247W,YKL035W,0,-5.505767,0.09550941735506058,0.9890000224113464,0.9366000294685364
YGL062W,YHR027C,0,-5.5058193,0.09550019353628159,0.9890000224113464,0.9366999864578247
YDR293C,YBR012W-A,0,-5.5071707,0.0954909697175026,0.9890000224113464,0.9368000030517578
YJR092W,YML042W,0,-5.507269,0.0954817533493042,0.9890000224113464,0.9369000196456909
YPL265W,YDL064W,0,-5.509738,0.0954725369811058,0.9890000224113464,0.9369999766349792
YMR268C,YDR165W,0,-5.5104933,0.09546332061290741,0.9890000224113464,0.9370999932289124
YLR264W,YPL214C,0,-5.512024,0.09545410424470901,0.9890000224113464,0.9372000098228455
YOR148C,YMR046C,0,-5.512377,0.09544489532709122,0.9890000224113464,0.9373000264167786
YGL150C,YGL037C,1,-5.5149603,0.09553217887878418,0.9900000095367432,0.9373000264167786
YJL024C,YJR103W,0,-5.5159674,0.09552296251058578,0.9900000095367432,0.9373999834060669
YPL178W,YOR344C,0,-5.516979,0.09551374614238739,0.9900000095367432,0.9375
YNL074C,YIL037C,0,-5.5222244,0.09550453722476959,0.9900000095367432,0.9376000165939331
YKL201C,YKL014C,0,-5.522277,0.0954953208565712,0.9900000095367432,0.9376999735832214
YDL145C,YCR061W,0,-5.522279,0.0954861119389534,0.9900000095367432,0.9377999901771545
YOR100C,YPL188W,0,-5.5239153,0.0954769030213356,0.9900000095367432,0.9379000067710876
YDR202C,YGR296W,0,-5.524641,0.0954676941037178,0.9900000095367432,0.9380000233650208
YGR157W,YBR034C,0,-5.524867,0.0954584926366806,0.9900000095367432,0.9380999803543091
YOR173W,YMR255W,0,-5.525628,0.0954492837190628,0.9900000095367432,0.9381999969482422
YPR093C,YMR050C,0,-5.525693,0.0954400822520256,0.9900000095367432,0.9383000135421753
YHR001W-A,YPL283C,0,-5.5262194,0.095430888235569,0.9900000095367432,0.9383999705314636
YPR190C,YML001W,0,-5.5272026,0.0954216867685318,0.9900000095367432,0.9384999871253967
YOR056C,YLL041C,0,-5.529377,0.0954124927520752,0.9900000095367432,0.9386000037193298
YNR002C,YMR308C,0,-5.529418,0.09540329873561859,0.9900000095367432,0.9387000203132629
YDL100C,YGR159C,0,-5.5316286,0.09539410471916199,0.9900000095367432,0.9387999773025513
YAL012W,YOR245C,0,-5.535184,0.09538491070270538,0.9900000095367432,0.9388999938964844
YOR120W,YBR114W,0,-5.5360985,0.09537572413682938,0.9900000095367432,0.9390000104904175
YPL095C,YCR040W,0,-5.536584,0.09536653757095337,0.9900000095367432,0.9391000270843506
YER053C,YCR073C,0,-5.5385475,0.09535735100507736,0.9900000095367432,0.9391999840736389
YDL232W,YIL160C,0,-5.5393286,0.09534816443920135,0.9900000095367432,0.939300000667572
YNL066W,YKR014C,0,-5.54074,0.09533898532390594,0.9900000095367432,0.9394000172615051
YOR046C,YCL054W,0,-5.5407534,0.09532980620861053,0.9900000095367432,0.9394999742507935
YCL025C,YLR160C,0,-5.5409565,0.09532062709331512,0.9900000095367432,0.9395999908447266
YAL031C,YGL096W,0,-5.542227,0.09531144797801971,0.9900000095367432,0.9397000074386597
YBR086C,YPL276W,0,-5.54243,0.0953022688627243,0.9900000095367432,0.9398000240325928
YER044C,YDR005C,0,-5.543398,0.09529309719800949,0.9900000095367432,0.9398999810218811
YDL198C,YHR069C,0,-5.5434093,0.09528392553329468,0.9900000095367432,0.9399999976158142
YBR217W,YDL130W-A,0,-5.543503,0.09527475386857986,0.9900000095367432,0.9401000142097473
YLR309C,YDL118W,0,-5.544033,0.09526558965444565,0.9900000095367432,0.9401999711990356
YOL013C,YCR057C,0,-5.5442467,0.09525642544031143,0.9900000095367432,0.9402999877929688
YPL135W,YDR165W,0,-5.544592,0.09524726122617722,0.9900000095367432,0.9404000043869019
YLR259C,YGR103W,0,-5.5446024,0.095238097012043,0.9900000095367432,0.940500020980835
YDL166C,YGL039W,0,-5.545457,0.09522893279790878,0.9900000095367432,0.9405999779701233
YDR138W,YDL181W,0,-5.5464983,0.09521977603435516,0.9900000095367432,0.9406999945640564
YPL240C,YCL043C,0,-5.5468616,0.09521061927080154,0.9900000095367432,0.9408000111579895
YPL132W,YBR169C,0,-5.547797,0.09520146250724792,0.9900000095367432,0.9409000277519226
YPR102C,YGR008C,0,-5.548028,0.0951923057436943,0.9900000095367432,0.9409999847412109
YJR031C,YIR026C,0,-5.549012,0.09518315643072128,0.9900000095367432,0.941100001335144
YJL102W,YDR178W,0,-5.5506353,0.09517400711774826,0.9900000095367432,0.9412000179290771
YAR018C,YJL164C,0,-5.5519333,0.09516485780477524,0.9900000095367432,0.9412999749183655
YOL082W,YMR234W,0,-5.5531473,0.09515570849180222,0.9900000095367432,0.9413999915122986
YIL110W,YNR053C,0,-5.554038,0.09514656662940979,0.9900000095367432,0.9415000081062317
YOR173W,YCR012W,0,-5.5548115,0.09513741731643677,0.9900000095367432,0.9416000247001648
YMR211W,YLL019C,0,-5.559,0.09512827545404434,0.9900000095367432,0.9416999816894531
YNL111C,YHR154W,0,-5.559656,0.09511914104223251,0.9900000095367432,0.9417999982833862
YNL055C,YGR072W,0,-5.56013,0.09510999917984009,0.9900000095367432,0.9419000148773193
YOL080C,YPR190C,0,-5.5609293,0.09510086476802826,0.9900000095367432,0.9419999718666077
YHR161C,YMR210W,0,-5.561365,0.09509173035621643,0.9900000095367432,0.9420999884605408
YLR144C,YJR137C,0,-5.562194,0.0950825959444046,0.9900000095367432,0.9422000050544739
YER166W,YML128C,0,-5.564253,0.09507346898317337,0.9900000095367432,0.942300021648407
YIR012W,YML027W,0,-5.564437,0.09506433457136154,0.9900000095367432,0.9423999786376953
YFL039C,YDL074C,1,-5.56645,0.09515122324228287,0.9909999966621399,0.9423999786376953
YNR002C,YIL072W,0,-5.5672474,0.09514208883047104,0.9909999966621399,0.9424999952316284
YOL086C,YML132W,0,-5.567459,0.09513295441865921,0.9909999966621399,0.9426000118255615
YDR069C,YML128C,0,-5.568036,0.09512382745742798,0.9909999966621399,0.9427000284194946
YOR095C,YNL113W,0,-5.568061,0.09511469304561615,0.9909999966621399,0.942799985408783
YPL266W,YKL026C,0,-5.5688457,0.09510556608438492,0.9909999966621399,0.9429000020027161
YBR022W,YHR157W,0,-5.569072,0.09509643912315369,0.9909999966621399,0.9430000185966492
YHR036W,YDR492W,0,-5.574601,0.09508731216192245,0.9909999966621399,0.9430999755859375
YML123C,YBR083W,0,-5.5798035,0.09507819265127182,0.9909999966621399,0.9431999921798706
YKL110C,YGL053W,0,-5.5806456,0.09506907314062119,0.9909999966621399,0.9433000087738037
YPR007C,YPL203W,0,-5.5813875,0.09505995362997055,0.9909999966621399,0.9434000253677368
YMR119W,YGR080W,0,-5.581956,0.09505083411931992,0.9909999966621399,0.9434999823570251
YDR101C,YDL198C,0,-5.583331,0.09504172205924988,0.9909999966621399,0.9435999989509583
YGR284C,YKL173W,0,-5.583396,0.09503260254859924,0.9909999966621399,0.9437000155448914
YCL035C,YPR101W,0,-5.5836973,0.0950234904885292,0.9909999966621399,0.9437999725341797
YGL168W,YBR169C,0,-5.5839157,0.09501437842845917,0.9909999966621399,0.9438999891281128
YJL165C,YMR104C,0,-5.5840282,0.09500527381896973,0.9909999966621399,0.9440000057220459
YGR248W,YGR042W,0,-5.5842857,0.09499616920948029,0.9909999966621399,0.944100022315979
YHR011W,YGR256W,0,-5.5857544,0.09498705714941025,0.9909999966621399,0.9441999793052673
YLR153C,YER030W,1,-5.588166,0.09507379680871964,0.9919999837875366,0.9441999793052673
YHR067W,YIR026C,0,-5.58852,0.0950646847486496,0.9919999837875366,0.9442999958992004
YGR085C,YJL048C,0,-5.5888844,0.09505558013916016,0.9919999837875366,0.9444000124931335
YKL150W,YGL172W,0,-5.5926676,0.09504646807909012,0.9919999837875366,0.9445000290870667
YDR342C,YER110C,0,-5.5946903,0.09503736346960068,0.9919999837875366,0.944599986076355
YJL116C,YGL212W,0,-5.594734,0.09502825886011124,0.9919999837875366,0.9447000026702881
YPR200C,YJR158W,0,-5.5950575,0.0950191542506218,0.9919999837875366,0.9448000192642212
YML019W,YJR145C,0,-5.5962305,0.09501005709171295,0.9919999837875366,0.9448999762535095
YDR252W,YOL151W,0,-5.597184,0.09500095993280411,0.9919999837875366,0.9449999928474426
YPR007C,YLR224W,0,-5.5972233,0.09499186277389526,0.9919999837875366,0.9451000094413757
YNL026W,YOR179C,0,-5.6006813,0.09498276561498642,0.9919999837875366,0.9452000260353088
YLR158C,YDR206W,0,-5.6012516,0.09497366845607758,0.9919999837875366,0.9452999830245972
YKR054C,YER054C,0,-5.603301,0.09496457874774933,0.9919999837875366,0.9453999996185303
YNR001C,YIL037C,0,-5.603673,0.09495548903942108,0.9919999837875366,0.9455000162124634
YPR112C,YHR001W-A,0,-5.6040306,0.09494639933109283,0.9919999837875366,0.9455999732017517
YLR362W,YDL118W,0,-5.6052437,0.09493731707334518,0.9919999837875366,0.9456999897956848
YGL027C,YHR089C,0,-5.6070356,0.09492822736501694,0.9919999837875366,0.9458000063896179
YLR090W,YIL077C,0,-5.60882,0.09491914510726929,0.9919999837875366,0.945900022983551
YKL026C,YER013W,0,-5.609153,0.09491006284952164,0.9919999837875366,0.9459999799728394
YGR177C,YJL116C,0,-5.609809,0.09490098804235458,0.9919999837875366,0.9460999965667725
YOL093W,YIL101C,0,-5.612912,0.09489190578460693,0.9919999837875366,0.9462000131607056
YKL120W,YNL138W,0,-5.613146,0.09488283097743988,0.9919999837875366,0.9463000297546387
YDR342C,YIL056W,0,-5.613699,0.09487375617027283,0.9919999837875366,0.946399986743927
YLR155C,YDL081C,0,-5.6140585,0.09486468136310577,0.9919999837875366,0.9465000033378601
YNR054C,YPL127C,0,-5.614703,0.09485561400651932,0.9919999837875366,0.9466000199317932
YPR081C,YKR025W,0,-5.616556,0.09484654664993286,0.9919999837875366,0.9466999769210815
YPL159C,YBR182C,0,-5.619363,0.0948374792933464,0.9919999837875366,0.9467999935150146
YOL130W,YDR087C,0,-5.619397,0.09482841193675995,0.9919999837875366,0.9469000101089478
YJL116C,YHL009C,0,-5.6194363,0.09481934458017349,0.9919999837875366,0.9470000267028809
YBL098W,YJR042W,0,-5.6201296,0.09481028467416763,0.9919999837875366,0.9470999836921692
YKL176C,YMR210W,0,-5.620183,0.09480122476816177,0.9919999837875366,0.9472000002861023
YGR289C,YOR047C,0,-5.620593,0.09479216486215591,0.9919999837875366,0.9473000168800354
YIR041W,YGR156W,0,-5.6213293,0.09478310495615005,0.9919999837875366,0.9473999738693237
YBR217W,YKL086W,0,-5.6225424,0.09477405250072479,0.9919999837875366,0.9474999904632568
YJL219W,YOR380W,0,-5.622712,0.09476500004529953,0.9919999837875366,0.9476000070571899
YNR001C,YBR129C,0,-5.6258917,0.09475594758987427,0.9919999837875366,0.947700023651123
YAL068C,YBR240C,0,-5.626485,0.094746895134449,0.9919999837875366,0.9477999806404114
YLR189C,YJL094C,0,-5.631667,0.09473785012960434,0.9919999837875366,0.9478999972343445
YER053C,YOL125W,0,-5.6319704,0.09472879767417908,0.9919999837875366,0.9480000138282776
YOR032C,YBR297W,0,-5.633157,0.09471975266933441,0.9919999837875366,0.9480999708175659
YJL109C,YOL128C,0,-5.6335316,0.09471071511507034,0.9919999837875366,0.948199987411499
YIL155C,YDR126W,0,-5.6342783,0.09470167011022568,0.9919999837875366,0.9483000040054321
YML032C,YHL024W,0,-5.634492,0.09469263255596161,0.9919999837875366,0.9484000205993652
YOR341W,YGL104C,0,-5.6348095,0.09468359500169754,0.9919999837875366,0.9484999775886536
YBR168W,YJL089W,0,-5.6354465,0.09467455744743347,0.9919999837875366,0.9485999941825867
YIR010W,YPL240C,0,-5.63678,0.0946655198931694,0.9919999837875366,0.9487000107765198
YJL102W,YPL012W,0,-5.6382704,0.09465648978948593,0.9919999837875366,0.9488000273704529
YMR049C,YOL049W,0,-5.6385775,0.09464745968580246,0.9919999837875366,0.9488999843597412
YGL021W,YLR276C,0,-5.6390886,0.09463842958211899,0.9919999837875366,0.9490000009536743
YDR339C,YKL026C,0,-5.6391735,0.09462939947843552,0.9919999837875366,0.9491000175476074
YJL208C,YMR093W,0,-5.6397076,0.09462037682533264,0.9919999837875366,0.9491999745368958
YNR049C,YOR110W,0,-5.639841,0.09461134672164917,0.9919999837875366,0.9492999911308289
YMR311C,YML131W,0,-5.6416435,0.0946023240685463,0.9919999837875366,0.949400007724762
YPR067W,YGL104C,0,-5.6424093,0.09459330886602402,0.9919999837875366,0.9495000243186951
YER114C,YMR046C,0,-5.645814,0.09458428621292114,0.9919999837875366,0.9495999813079834
YKL179C,YKL148C,0,-5.6465445,0.09457527101039886,0.9919999837875366,0.9496999979019165
YER054C,YBL057C,0,-5.649211,0.09456625580787659,0.9919999837875366,0.9498000144958496
YER054C,YNL210W,0,-5.6497126,0.09455724060535431,0.9919999837875366,0.9498999714851379
YMR153W,YGR008C,0,-5.6510725,0.09454822540283203,0.9919999837875366,0.949999988079071
YLR219W,YMR322C,0,-5.6524553,0.09453921765089035,0.9919999837875366,0.9501000046730042
YER106W,YBR182C,0,-5.653105,0.09453020989894867,0.9919999837875366,0.9502000212669373
YGL078C,YDR508C,0,-5.65322,0.09452120214700699,0.9919999837875366,0.9502999782562256
YJL003W,YLR048W,0,-5.6535606,0.09451219439506531,0.9919999837875366,0.9503999948501587
YHR088W,YOR003W,0,-5.6537523,0.09450319409370422,0.9919999837875366,0.9505000114440918
YNL065W,YDR353W,0,-5.6538153,0.09449418634176254,0.9919999837875366,0.9506000280380249
YLR158C,YAL031C,0,-5.654209,0.09448518604040146,0.9919999837875366,0.9506999850273132
YDL004W,YOL080C,0,-5.6565,0.09447619318962097,0.9919999837875366,0.9508000016212463
YAR010C,YBL005W-A,0,-5.6580267,0.09446719288825989,0.9919999837875366,0.9509000182151794
YBR035C,YIL029C,0,-5.6605396,0.0944582000374794,0.9919999837875366,0.9509999752044678
YHL019C,YOR230W,0,-5.6606274,0.09444920718669891,0.9919999837875366,0.9510999917984009
YDR487C,YJR026W,0,-5.66469,0.09444021433591843,0.9919999837875366,0.951200008392334
YPR143W,YKL126W,0,-5.665019,0.09443122148513794,0.9919999837875366,0.9513000249862671
YKL191W,YGR070W,0,-5.666378,0.09442223608493805,0.9919999837875366,0.9513999819755554
YML128C,YDL090C,0,-5.671895,0.09441325068473816,0.9919999837875366,0.9514999985694885
YBR156C,YHR008C,0,-5.672018,0.09440426528453827,0.9919999837875366,0.9516000151634216
YDL230W,YOR143C,0,-5.672966,0.09439527988433838,0.9919999837875366,0.95169997215271
YOL111C,YBR069C,0,-5.675371,0.09438630193471909,0.9919999837875366,0.9517999887466431
YNL075W,YDL120W,0,-5.6754484,0.0943773165345192,0.9919999837875366,0.9519000053405762
YNR032C-A,YNL160W,0,-5.677226,0.0943683385848999,0.9919999837875366,0.9520000219345093
YHR039C,YGL053W,0,-5.67953,0.0943593680858612,0.9919999837875366,0.9520999789237976
YLL018C-A,YNL214W,0,-5.680188,0.09435039013624191,0.9919999837875366,0.9521999955177307
YEL034W,YGL229C,0,-5.6803207,0.09434141963720322,0.9919999837875366,0.9523000121116638
YBL009W,YJL042W,0,-5.6827803,0.09433244913816452,0.9919999837875366,0.9524000287055969
YML113W,YNL012W,0,-5.6841087,0.09432347863912582,0.9919999837875366,0.9524999856948853
YMR238W,YPR080W,0,-5.686407,0.09431450814008713,0.9919999837875366,0.9526000022888184
YGR256W,YNL294C,0,-5.686878,0.09430554509162903,0.9919999837875366,0.9527000188827515
YNL232W,YDR277C,0,-5.686887,0.09429657459259033,0.9919999837875366,0.9527999758720398
YKR039W,YDR323C,0,-5.6869965,0.09428761154413223,0.9919999837875366,0.9528999924659729
YJL099W,YNR032W,0,-5.6874895,0.09427865594625473,0.9919999837875366,0.953000009059906
YML042W,YHR079C-A,0,-5.6936913,0.09426969289779663,0.9919999837875366,0.9531000256538391
YGR257C,YDR120C,0,-5.6968565,0.09426073729991913,0.9919999837875366,0.9531999826431274
YKL011C,YHR073W,0,-5.697564,0.09425178170204163,0.9919999837875366,0.9532999992370605
YLR158C,YHR088W,0,-5.6983194,0.09424282610416412,0.9919999837875366,0.9534000158309937
YPR105C,YGR080W,0,-5.6990404,0.09423387795686722,0.9919999837875366,0.953499972820282
YBR247C,YOL111C,0,-5.6993885,0.09422492235898972,0.9919999837875366,0.9535999894142151
YJR047C,YLR320W,0,-5.7002716,0.09421597421169281,0.9919999837875366,0.9537000060081482
YHR169W,YHR161C,0,-5.700321,0.0942070260643959,0.9919999837875366,0.9538000226020813
YKR024C,YMR142C,0,-5.703126,0.0941980853676796,0.9919999837875366,0.9538999795913696
YGR225W,YBR083W,0,-5.703209,0.09418913722038269,0.9919999837875366,0.9539999961853027
YLR363C,YGR161C,0,-5.703966,0.09418019652366638,0.9919999837875366,0.9541000127792358
YLR196W,YOR084W,0,-5.7045107,0.09417125582695007,0.9919999837875366,0.954200029373169
YEL027W,YFR001W,0,-5.705286,0.09416231513023376,0.9919999837875366,0.9542999863624573
YOR206W,YDR435C,0,-5.706336,0.09415338188409805,0.9919999837875366,0.9544000029563904
YGL089C,YLR262C,0,-5.7064924,0.09414444118738174,0.9919999837875366,0.9545000195503235
YJL042W,YPL276W,0,-5.707572,0.09413550794124603,0.9919999837875366,0.9545999765396118
YBL082C,YMR104C,0,-5.7082376,0.09412657469511032,0.9919999837875366,0.9546999931335449
YNL242W,YJL091C,0,-5.709221,0.0941176488995552,0.9919999837875366,0.954800009727478
YDR343C,YOL129W,0,-5.709548,0.0941087156534195,0.9919999837875366,0.9549000263214111
YER053C,YDR235W,0,-5.7120667,0.09409978985786438,0.9919999837875366,0.9549999833106995
YML129C,YBR026C,0,-5.71212,0.09409086406230927,0.9919999837875366,0.9550999999046326
YKL095W,YIL077C,0,-5.712515,0.09408194571733475,0.9919999837875366,0.9552000164985657
YBL022C,YMR305C,0,-5.713151,0.09407301992177963,0.9919999837875366,0.955299973487854
YDR141C,YGR161C,0,-5.713215,0.09406410157680511,0.9919999837875366,0.9553999900817871
YKL004W,YLR165C,0,-5.715068,0.0940551832318306,0.9919999837875366,0.9555000066757202
YDR173C,YKL014C,0,-5.716545,0.09404626488685608,0.9919999837875366,0.9556000232696533
YKL134C,YGR008C,0,-5.719776,0.09403734654188156,0.9919999837875366,0.9556999802589417
YEL012W,YCL063W,0,-5.722719,0.09402843564748764,0.9919999837875366,0.9557999968528748
YJR073C,YLR006C,0,-5.7236195,0.09401952475309372,0.9919999837875366,0.9559000134468079
YDL051W,YLR002C,0,-5.724083,0.0940106138586998,0.9919999837875366,0.9559999704360962
YOL076W,YNR049C,0,-5.7255535,0.09400170296430588,0.9919999837875366,0.9560999870300293
YPL240C,YGL004C,0,-5.7257423,0.09399279952049255,0.9919999837875366,0.9562000036239624
YDR178W,YKL028W,0,-5.727172,0.09398389607667923,0.9919999837875366,0.9563000202178955
YDR101C,YAL017W,0,-5.7311172,0.0939749926328659,0.9919999837875366,0.9563999772071838
YGL037C,YCR084C,1,-5.7349157,0.09406081587076187,0.9929999709129333,0.9563999772071838
YDR299W,YBR111W-A,0,-5.735779,0.09405190497636795,0.9929999709129333,0.9564999938011169
YGR177C,YMR207C,0,-5.7362766,0.09404299408197403,0.9929999709129333,0.95660001039505
YLR175W,YLR372W,0,-5.7371874,0.0940340906381607,0.9929999709129333,0.9567000269889832
YCR028C-A,YGR248W,0,-5.73853,0.09402518719434738,0.9929999709129333,0.9567999839782715
YHR133C,YDR449C,0,-5.7393713,0.09401628375053406,0.9929999709129333,0.9569000005722046
YMR042W,YDR342C,0,-5.7408943,0.09400738775730133,0.9929999709129333,0.9570000171661377
YJL191W,YGL255W,0,-5.740896,0.093998484313488,0.9929999709129333,0.957099974155426
YEL029C,YMR136W,0,-5.7439528,0.09398958832025528,0.9929999709129333,0.9571999907493591
YNR017W,YLR126C,0,-5.748334,0.09398069232702255,0.9929999709129333,0.9573000073432922
YHL047C,YIL124W,0,-5.7485886,0.09397179633378983,0.9929999709129333,0.9574000239372253
YML086C,YLR270W,0,-5.7486753,0.0939629077911377,0.9929999709129333,0.9574999809265137
YOL124C,YHL028W,0,-5.7507305,0.09395401924848557,0.9929999709129333,0.9575999975204468
YKL026C,YGL070C,0,-5.7517796,0.09394513070583344,0.9929999709129333,0.9577000141143799
YDR122W,YPR190C,0,-5.752552,0.0939362421631813,0.9929999709129333,0.9577999711036682
YHL040C,YCR020C,0,-5.7545204,0.09392735362052917,0.9929999709129333,0.9578999876976013
YBR021W,YBR183W,0,-5.7552347,0.09391847252845764,0.9929999709129333,0.9580000042915344
YGR284C,YFL058W,0,-5.75704,0.09390959143638611,0.9929999709129333,0.9581000208854675
YPL227C,YGL169W,0,-5.7580757,0.09390071034431458,0.9929999709129333,0.9581999778747559
YBR026C,YAL035W,0,-5.758525,0.09389182925224304,0.9929999709129333,0.958299994468689
YLL024C,YOR344C,0,-5.7585316,0.0938829556107521,0.9929999709129333,0.9584000110626221
YDR059C,YLR346C,0,-5.7589054,0.09387408196926117,0.9929999709129333,0.9585000276565552
YJL069C,YGL225W,0,-5.7597933,0.09386520832777023,0.9929999709129333,0.9585999846458435
YNL281W,YOL002C,0,-5.763708,0.0938563346862793,0.9929999709129333,0.9587000012397766
YDR046C,YHL022C,0,-5.7641335,0.09384746104478836,0.9929999709129333,0.9588000178337097
YDR330W,YGL255W,0,-5.766096,0.09383859485387802,0.9929999709129333,0.958899974822998
YAL040C,YDR446W,0,-5.7671576,0.09382972866296768,0.9929999709129333,0.9589999914169312
YCR086W,YJL048C,0,-5.770687,0.09382086247205734,0.9929999709129333,0.9591000080108643
YFL057C,YDR459C,0,-5.7714844,0.093811996281147,0.9929999709129333,0.9592000246047974
YGL078C,YDL130W,0,-5.7721453,0.09380313754081726,0.9929999709129333,0.9592999815940857
YNR049C,YDL006W,0,-5.7724495,0.09379427880048752,0.9929999709129333,0.9593999981880188
YOR185C,YPL041C,0,-5.773074,0.09378542006015778,0.9929999709129333,0.9595000147819519
YDR016C,YLR466W,0,-5.775262,0.09377656131982803,0.9929999709129333,0.9595999717712402
YKL195W,YIL110W,0,-5.7759085,0.09376770257949829,0.9929999709129333,0.9596999883651733
YDR216W,YPL095C,0,-5.777813,0.09375885128974915,0.9929999709129333,0.9598000049591064
YPL029W,YPL019C,0,-5.7782574,0.09375,0.9929999709129333,0.9599000215530396
YGR140W,YLR270W,0,-5.7796926,0.09374114871025085,0.9929999709129333,0.9599999785423279
YFL057C,YMR182C,0,-5.7797165,0.0937323048710823,0.9929999709129333,0.960099995136261
YDL197C,YGL037C,1,-5.780613,0.09381783753633499,0.9940000176429749,0.960099995136261
YBR021W,YOL151W,0,-5.784587,0.09380898624658585,0.9940000176429749,0.9602000117301941
YGL211W,YKL038W,0,-5.7851515,0.0938001349568367,0.9940000176429749,0.9603000283241272
YDR173C,YOR117W,0,-5.785454,0.09379128366708755,0.9940000176429749,0.9603999853134155
YLR165C,YLL056C,0,-5.7857504,0.09378243237733841,0.9940000176429749,0.9605000019073486
YDR377W,YOR316C,0,-5.7860003,0.09377358853816986,0.9940000176429749,0.9606000185012817
YPR137W,YJL138C,0,-5.786268,0.09376473724842072,0.9940000176429749,0.9606999754905701
YER054C,YML059C,0,-5.787943,0.09375589340925217,0.9940000176429749,0.9607999920845032
YMR237W,YOR294W,0,-5.788233,0.09374704957008362,0.9940000176429749,0.9609000086784363
YBR296C,YMR104C,0,-5.7883053,0.09373821318149567,0.9940000176429749,0.9610000252723694
YNL117W,YPL276W,0,-5.79018,0.09372936934232712,0.9940000176429749,0.9610999822616577
YER006W,YER165W,0,-5.79088,0.09372053295373917,0.9940000176429749,0.9611999988555908
YPL265W,YDR272W,0,-5.7910337,0.09371169656515121,0.9940000176429749,0.9613000154495239
YGR244C,YLL061W,0,-5.7912025,0.09370286762714386,0.9940000176429749,0.9613999724388123
YMR136W,YCR067C,0,-5.792944,0.09369403123855591,0.9940000176429749,0.9614999890327454
YBR286W,YML042W,0,-5.7931604,0.09368520230054855,0.9940000176429749,0.9616000056266785
YDR211W,YPL154C,0,-5.7951384,0.0936763733625412,0.9940000176429749,0.9617000222206116
YNL037C,YDL229W,0,-5.795553,0.09366754442453384,0.9940000176429749,0.9617999792098999
YDR173C,YLL001W,0,-5.7960424,0.09365872293710709,0.9940000176429749,0.961899995803833
YDR258C,YDR378C,0,-5.7963667,0.09364989399909973,0.9940000176429749,0.9620000123977661
YBL098W,YLR369W,0,-5.796975,0.09364107251167297,0.9940000176429749,0.9621000289916992
YER119C,YDR025W,0,-5.7971764,0.09363225102424622,0.9940000176429749,0.9621999859809875
YIL160C,YDR487C,0,-5.8001204,0.09362343698740005,0.9940000176429749,0.9623000025749207
YNR002C,YJL069C,0,-5.801654,0.0936146154999733,0.9940000176429749,0.9624000191688538
YDL130W-A,YOR230W,0,-5.801896,0.09360580146312714,0.9940000176429749,0.9624999761581421
YNR001C,YDL005C,0,-5.801957,0.09359698742628098,0.9940000176429749,0.9625999927520752
YJL060W,YOR313C,0,-5.802354,0.09358817338943481,0.9940000176429749,0.9627000093460083
YBL042C,YMR016C,0,-5.804105,0.09357936680316925,0.9940000176429749,0.9628000259399414
YEL012W,YML027W,0,-5.8070183,0.09357055276632309,0.9940000176429749,0.9628999829292297
YNL074C,YBR156C,0,-5.807474,0.09356174618005753,0.9940000176429749,0.9629999995231628
YPL146C,YDR412W,0,-5.8108244,0.09355293959379196,0.9940000176429749,0.963100016117096
YDR280W,YJR019C,0,-5.810974,0.093544140458107,0.9940000176429749,0.9631999731063843
YMR303C,YDR488C,0,-5.8149385,0.09353533387184143,0.9940000176429749,0.9632999897003174
YHR007C,YKR089C,0,-5.8165474,0.09352653473615646,0.9940000176429749,0.9634000062942505
YGL222C,YFL058W,0,-5.8170795,0.0935177356004715,0.9940000176429749,0.9635000228881836
YMR239C,YDL060W,0,-5.8172083,0.09350893646478653,0.9940000176429749,0.9635999798774719
YNL129W,YLR301W,0,-5.8214035,0.09350014477968216,0.9940000176429749,0.963699996471405
YGL062W,YOR095C,0,-5.82218,0.09349134564399719,0.9940000176429749,0.9638000130653381
YBR172C,YGR197C,0,-5.822218,0.09348255395889282,0.9940000176429749,0.9639000296592712
YDR361C,YPR154W,0,-5.826561,0.09347376227378845,0.9940000176429749,0.9639999866485596
YFL056C,YNL248C,0,-5.827587,0.09346497058868408,0.9940000176429749,0.9641000032424927
YKL139W,YNL274C,0,-5.8291397,0.09345618635416031,0.9940000176429749,0.9642000198364258
YPL241C,YDR515W,0,-5.82918,0.09344740211963654,0.9940000176429749,0.9642999768257141
YBR236C,YDR411C,0,-5.8299,0.09343861788511276,0.9940000176429749,0.9643999934196472
YFR053C,YHR026W,0,-5.8301992,0.09342983365058899,0.9940000176429749,0.9645000100135803
YMR092C,YGR264C,0,-5.8310432,0.09342104941606522,0.9940000176429749,0.9646000266075134
YIL097W,YDR055W,0,-5.8321295,0.09341227263212204,0.9940000176429749,0.9646999835968018
YOR095C,YOR018W,0,-5.834345,0.09340349584817886,0.9940000176429749,0.9648000001907349
YLR270W,YNL210W,0,-5.835411,0.09339471906423569,0.9940000176429749,0.964900016784668
YGL209W,YER072W,0,-5.8382635,0.09338594228029251,0.9940000176429749,0.9649999737739563
YFR033C,YLR448W,0,-5.8403893,0.09337717294692993,0.9940000176429749,0.9650999903678894
YKR076W,YIL016W,0,-5.8431625,0.09336840361356735,0.9940000176429749,0.9652000069618225
YER179W,YBR073W,0,-5.843582,0.09335963428020477,0.9940000176429749,0.9653000235557556
YER119C,YFR050C,0,-5.8441525,0.0933508649468422,0.9940000176429749,0.965399980545044
YBR161W,YDL120W,0,-5.8445206,0.09334209561347961,0.9940000176429749,0.965499997138977
YHR157W,YJR103W,0,-5.8452225,0.09333333373069763,0.9940000176429749,0.9656000137329102
YNL111C,YLR270W,0,-5.8457584,0.09332457184791565,0.9940000176429749,0.9656999707221985
YBR010W,YGL037C,1,-5.848196,0.09340968728065491,0.9950000047683716,0.9656999707221985
YBR207W,YBR214W,0,-5.849045,0.09340091794729233,0.9950000047683716,0.9657999873161316
YDR337W,YMR104C,0,-5.849662,0.09339215606451035,0.9950000047683716,0.9659000039100647
YJL020C,YGR145W,0,-5.8514204,0.09338338673114777,0.9950000047683716,0.9660000205039978
YDR258C,YDR418W,0,-5.8525524,0.09337462484836578,0.9950000047683716,0.9660999774932861
YNL129W,YHR163W,0,-5.8557186,0.0933658629655838,0.9950000047683716,0.9661999940872192
YOR120W,YNL004W,0,-5.85608,0.09335710108280182,0.9950000047683716,0.9663000106811523
YNL094W,YLL041C,0,-5.856181,0.09334834665060043,0.9950000047683716,0.9664000272750854
YPL256C,YER143W,0,-5.8594,0.09333958476781845,0.9950000047683716,0.9664999842643738
YCL038C,YDL223C,0,-5.8625803,0.09333083033561707,0.9950000047683716,0.9666000008583069
YIL155C,YKR056W,0,-5.864024,0.09332207590341568,0.9950000047683716,0.96670001745224
YLR158C,YGR239C,0,-5.8648596,0.09331332892179489,0.9950000047683716,0.9667999744415283
YDR054C,YOR185C,0,-5.864875,0.0933045744895935,0.9950000047683716,0.9668999910354614
YGL089C,YLR197W,0,-5.8654327,0.09329582750797272,0.9950000047683716,0.9670000076293945
YDR173C,YMR150C,0,-5.8681316,0.09328708052635193,0.9950000047683716,0.9671000242233276
YNL279W,YCR028C-A,0,-5.8695507,0.09327833354473114,0.9950000047683716,0.967199981212616
YER054C,YBR168W,0,-5.869754,0.09326959401369095,0.9950000047683716,0.9672999978065491
YPR167C,YJL069C,0,-5.871681,0.09326084703207016,0.9950000047683716,0.9674000144004822
YJR160C,YBR223C,0,-5.8752737,0.09325210750102997,0.9950000047683716,0.9674999713897705
YPR081C,YKL006C-A,0,-5.878996,0.09324336796998978,0.9950000047683716,0.9675999879837036
YEL029C,YHR197W,0,-5.8798428,0.09323463588953018,0.9950000047683716,0.9677000045776367
YLL043W,YIL117C,0,-5.879904,0.09322589635848999,0.9950000047683716,0.9678000211715698
YLR129W,YIR022W,0,-5.880891,0.0932171642780304,0.9950000047683716,0.9678999781608582
YBL098W,YOL104C,0,-5.8812027,0.0932084321975708,0.9950000047683716,0.9679999947547913
YNR034W,YPL237W,0,-5.8812847,0.0931997001171112,0.9950000047683716,0.9681000113487244
YDR498C,YGL096W,0,-5.8849916,0.09319096803665161,0.9950000047683716,0.9682000279426575
YOR245C,YLR022C,0,-5.8887644,0.09318224340677261,0.9950000047683716,0.9682999849319458
YGL047W,YDR284C,0,-5.891038,0.09317351877689362,0.9950000047683716,0.9684000015258789
YKL193C,YOR143C,0,-5.893158,0.09316479414701462,0.9950000047683716,0.968500018119812
YMR049C,YPR112C,0,-5.895811,0.09315606951713562,0.9950000047683716,0.9685999751091003
YCL059C,YMR139W,0,-5.8988333,0.09314735233783722,0.9950000047683716,0.9686999917030334
YLR276C,YJL053W,0,-5.9044924,0.09313863515853882,0.9950000047683716,0.9688000082969666
YLR377C,YLR163C,0,-5.9046154,0.09312991052865982,0.9950000047683716,0.9689000248908997
YOL040C,YPR137W,0,-5.906541,0.09312120079994202,0.9950000047683716,0.968999981880188
YDR339C,YOR136W,0,-5.911248,0.09311248362064362,0.9950000047683716,0.9690999984741211
YER053C,YOR127W,0,-5.912237,0.09310377389192581,0.9950000047683716,0.9692000150680542
YKR038C,YBR214W,0,-5.913535,0.09309505671262741,0.9950000047683716,0.9692999720573425
YHR081W,YGR281W,0,-5.9147186,0.0930863469839096,0.9950000047683716,0.9693999886512756
YLR103C,YBR214W,0,-5.92218,0.0930776447057724,0.9950000047683716,0.9695000052452087
YLR051C,YOR347C,0,-5.9226637,0.0930689349770546,0.9950000047683716,0.9696000218391418
YPR190C,YCL033C,0,-5.925497,0.09306023269891739,0.9950000047683716,0.9696999788284302
YNL142W,YLR275W,0,-5.928053,0.09305153042078018,0.9950000047683716,0.9697999954223633
YDR358W,YDL229W,0,-5.9314394,0.09304282814264297,0.9950000047683716,0.9699000120162964
YAL040C,YMR177W,0,-5.932473,0.09303412586450577,0.9950000047683716,0.9700000286102295
YGR177C,YPR033C,0,-5.932744,0.09302543103694916,0.9950000047683716,0.9700999855995178
YNL129W,YGR123C,0,-5.9331083,0.09301673620939255,0.9950000047683716,0.9702000021934509
YKR081C,YHR031C,0,-5.935754,0.09300804138183594,0.9950000047683716,0.970300018787384
YPL121C,YCR020C,0,-5.9487896,0.09299934655427933,0.9950000047683716,0.9703999757766724
YJL060W,YML113W,0,-5.948949,0.09299065172672272,0.9950000047683716,0.9704999923706055
YDR450W,YPL087W,0,-5.951722,0.0929819643497467,0.9950000047683716,0.9706000089645386
YLL011W,YEL012W,0,-5.9544754,0.09297327697277069,0.9950000047683716,0.9707000255584717
YNL116W,YDR258C,0,-5.957794,0.09296458959579468,0.9950000047683716,0.97079998254776
YJL190C,YJL098W,0,-5.9604187,0.09295590221881866,0.9950000047683716,0.9708999991416931
YER103W,YKL140W,0,-5.9645443,0.09294722229242325,0.9950000047683716,0.9710000157356262
YKL011C,YOR081C,0,-5.9662256,0.09293854236602783,0.9950000047683716,0.9710999727249146
YNR001C,YGR123C,0,-5.966259,0.09292986243963242,0.9950000047683716,0.9711999893188477
YBL098W,YGR113W,0,-5.9679365,0.092921182513237,0.9950000047683716,0.9713000059127808
YMR015C,YOR099W,0,-5.969204,0.09291250258684158,0.9950000047683716,0.9714000225067139
YBL016W,YER126C,0,-5.9717693,0.09290383011102676,0.9950000047683716,0.9714999794960022
YMR128W,YDL051W,0,-5.9745264,0.09289515763521194,0.9950000047683716,0.9715999960899353
YPL240C,YDR077W,0,-5.9770126,0.09288648515939713,0.9950000047683716,0.9717000126838684
YPL146C,YHL028W,0,-5.981105,0.0928778126835823,0.9950000047683716,0.9718000292778015
YNL274C,YLR182W,0,-5.982642,0.09286914020776749,0.9950000047683716,0.9718999862670898
YOR185C,YBR130C,0,-5.984254,0.09286047518253326,0.9950000047683716,0.972000002861023
YDR465C,YOR230W,0,-5.98489,0.09285181015729904,0.9950000047683716,0.972100019454956
YKR039W,YDR113C,0,-5.989794,0.09284314513206482,0.9950000047683716,0.9721999764442444
YOR206W,YDR058C,0,-5.99024,0.0928344875574112,0.9950000047683716,0.9722999930381775
YKL009W,YHR074W,0,-5.9914856,0.09282582253217697,0.9950000047683716,0.9724000096321106
YKR085C,YER053C,0,-5.9921703,0.09281716495752335,0.9950000047683716,0.9725000262260437
YCR005C,YDR098C,0,-5.992897,0.09280850738286972,0.9950000047683716,0.972599983215332
YOL002C,YDL051W,0,-5.992998,0.0927998498082161,0.9950000047683716,0.9726999998092651
YDR273W,YNL210W,0,-5.9991245,0.09279119968414307,0.9950000047683716,0.9728000164031982
YJL122W,YKL148C,0,-6.01227,0.09278254210948944,0.9950000047683716,0.9728999733924866
YDR342C,YLR372W,0,-6.016241,0.09277389198541641,0.9950000047683716,0.9729999899864197
YOL147C,YML027W,0,-6.016364,0.09276524186134338,0.9950000047683716,0.9731000065803528
YKL046C,YMR015C,0,-6.017786,0.09275659918785095,0.9950000047683716,0.9732000231742859
YBR026C,YOR237W,0,-6.018072,0.09274794906377792,0.9950000047683716,0.9732999801635742
YMR303C,YDR254W,0,-6.021061,0.09273930639028549,0.9950000047683716,0.9733999967575073
YLR158C,YHL006C,0,-6.023591,0.09273066371679306,0.9950000047683716,0.9735000133514404
YDR083W,YGL169W,0,-6.024002,0.09272202104330063,0.9950000047683716,0.9735999703407288
YKL038W,YDR515W,0,-6.0240555,0.0927133783698082,0.9950000047683716,0.9736999869346619
YLR160C,YGR181W,0,-6.0292387,0.09270474314689636,0.9950000047683716,0.973800003528595
YBR066C,YOR341W,0,-6.038699,0.09269610792398453,0.9950000047683716,0.9739000201225281
YDR055W,YGR070W,0,-6.0431786,0.09268747270107269,0.9950000047683716,0.9739999771118164
YDR273W,YBR168W,0,-6.0444,0.09267883747816086,0.9950000047683716,0.9740999937057495
YBR066C,YDL111C,0,-6.04797,0.09267020225524902,0.9950000047683716,0.9742000102996826
YIL160C,YLR136C,0,-6.0483894,0.09266157448291779,0.9950000047683716,0.9743000268936157
YKL220C,YER054C,0,-6.0518703,0.09265294671058655,0.9950000047683716,0.974399983882904
YPR154W,YML027W,0,-6.0535975,0.09264431893825531,0.9950000047683716,0.9745000004768372
YGL037C,YCR052W,1,-6.055148,0.09272879362106323,0.9959999918937683,0.9745000004768372
YER054C,YHR154W,0,-6.0564795,0.092720165848732,0.9959999918937683,0.9746000170707703
YOR036W,YIL077C,0,-6.0576515,0.09271153062582016,0.9959999918937683,0.9746999740600586
YMR128W,YDR465C,0,-6.0654488,0.09270290285348892,0.9959999918937683,0.9747999906539917
YPR183W,YPL188W,0,-6.0692368,0.09269427508115768,0.9959999918937683,0.9749000072479248
YJL031C,YNL274C,0,-6.0698366,0.09268564730882645,0.9959999918937683,0.9750000238418579
YJL191W,YPL253C,0,-6.070116,0.0926770269870758,0.9959999918937683,0.9750999808311462
YOR145C,YPR010C,0,-6.071968,0.09266840666532516,0.9959999918937683,0.9751999974250793
YGR103W,YOR243C,0,-6.079134,0.09265977889299393,0.9959999918937683,0.9753000140190125
YKL009W,YGR141W,0,-6.079664,0.09265116602182388,0.9959999918937683,0.9753999710083008
YMR092C,YOR120W,0,-6.0843678,0.09264254570007324,0.9959999918937683,0.9754999876022339
YCL040W,YDR238C,0,-6.091113,0.0926339253783226,0.9959999918937683,0.975600004196167
YLR270W,YJL190C,0,-6.093958,0.09262531250715256,0.9959999918937683,0.9757000207901001
YML042W,YBR129C,0,-6.0943575,0.09261669963598251,0.9959999918937683,0.9757999777793884
YML132W,YPR070W,0,-6.095972,0.09260808676481247,0.9959999918937683,0.9758999943733215
YNL113W,YFL059W,0,-6.098612,0.09259948134422302,0.9959999918937683,0.9760000109672546
YMR303C,YDL060W,0,-6.09993,0.09259086847305298,0.9959999918937683,0.9761000275611877
YDL194W,YGR248W,0,-6.100897,0.09258226305246353,0.9959999918937683,0.9761999845504761
YNL080C,YDL181W,0,-6.1027155,0.09257365763187408,0.9959999918937683,0.9763000011444092
YHR036W,YHR052W,0,-6.1049776,0.09256505221128464,0.9959999918937683,0.9764000177383423
YKL208W,YDR516C,0,-6.109066,0.09255645424127579,0.9959999918937683,0.9764999747276306
YDR407C,YBR183W,0,-6.1104,0.09254785627126694,0.9959999918937683,0.9765999913215637
YIL155C,YBR185C,0,-6.110508,0.09253925830125809,0.9959999918937683,0.9767000079154968
YDR358W,YDR429C,0,-6.1159925,0.09253066033124924,0.9959999918937683,0.9768000245094299
YGR157W,YNR001C,0,-6.1161604,0.09252206236124039,0.9959999918937683,0.9768999814987183
YNL286W,YGR159C,0,-6.1171255,0.09251347184181213,0.9959999918937683,0.9769999980926514
YDR098C,YNL202W,0,-6.1232862,0.09250487387180328,0.9959999918937683,0.9771000146865845
YBR066C,YLR262C,0,-6.1276493,0.09249628335237503,0.9959999918937683,0.9771999716758728
YJR092W,YNL111C,0,-6.1277437,0.09248769283294678,0.9959999918937683,0.9772999882698059
YOR173W,YNL177C,0,-6.1316767,0.09247910976409912,0.9959999918937683,0.977400004863739
YAL054C,YHL025W,1,-6.1325903,0.09256336092948914,0.996999979019165,0.977400004863739
YJR033C,YBR183W,0,-6.136692,0.09255477041006088,0.996999979019165,0.9775000214576721
YGL216W,YER103W,0,-6.1428747,0.09254617989063263,0.996999979019165,0.9775999784469604
YLR160C,YOR040W,0,-6.1431255,0.09253758937120438,0.996999979019165,0.9776999950408936
YML128C,YIR022W,0,-6.1440945,0.09252899885177612,0.996999979019165,0.9778000116348267
YDR294C,YKR037C,0,-6.145363,0.09252041578292847,0.996999979019165,0.9779000282287598
YMR211W,YJL164C,0,-6.1472244,0.09251183271408081,0.996999979019165,0.9779999852180481
YOL008W,YDR516C,0,-6.15246,0.09250324964523315,0.996999979019165,0.9781000018119812
YER054C,YGR123C,0,-6.1593943,0.0924946665763855,0.996999979019165,0.9782000184059143
YBR169C,YML131W,0,-6.1605873,0.09248608350753784,0.996999979019165,0.9782999753952026
YBR290W,YLR270W,0,-6.1616354,0.09247750788927078,0.996999979019165,0.9783999919891357
YBL098W,YMR175W,0,-6.161869,0.09246893227100372,0.996999979019165,0.9785000085830688
YJL214W,YIL117C,0,-6.1651535,0.09246035665273666,0.996999979019165,0.978600025177002
YIL124W,YPR167C,0,-6.166957,0.0924517810344696,0.996999979019165,0.9786999821662903
YDR054C,YBR066C,0,-6.168049,0.09244320541620255,0.996999979019165,0.9787999987602234
YLL041C,YGR185C,0,-6.170561,0.09243463724851608,0.996999979019165,0.9789000153541565
YNL117W,YIL013C,0,-6.171487,0.09242606908082962,0.996999979019165,0.9789999723434448
YIL124W,YPL274W,0,-6.1725807,0.09241750091314316,0.996999979019165,0.9790999889373779
YBR132C,YDR318W,0,-6.175212,0.0924089327454567,0.996999979019165,0.979200005531311
YNL242W,YFL002C,0,-6.175227,0.09240037202835083,0.996999979019165,0.9793000221252441
YMR303C,YDR178W,0,-6.1821165,0.09239181131124496,0.996999979019165,0.9793999791145325
YPR105C,YML128C,0,-6.1832867,0.0923832431435585,0.996999979019165,0.9794999957084656
YKR039W,YPR110C,0,-6.184082,0.09237468987703323,0.996999979019165,0.9796000123023987
YCL038C,YJL069C,0,-6.1852207,0.09236612915992737,0.996999979019165,0.9797000288963318
YPR001W,YHR055C,0,-6.1869974,0.0923575758934021,0.996999979019165,0.9797999858856201
YPL237W,YDR449C,0,-6.194544,0.09234901517629623,0.996999979019165,0.9799000024795532
YDR171W,YMR308C,0,-6.197406,0.09234046190977097,0.996999979019165,0.9800000190734863
YMR186W,YER053C,0,-6.2003736,0.0923319160938263,0.996999979019165,0.9800999760627747
YLR268W,YGR248W,0,-6.2031975,0.09232336282730103,0.996999979019165,0.9801999926567078
YKR076W,YML064C,0,-6.2034035,0.09231481701135635,0.996999979019165,0.9803000092506409
YER127W,YNL074C,0,-6.2040176,0.09230627119541168,0.996999979019165,0.980400025844574
YBR072W,YBL102W,0,-6.206107,0.09229772537946701,0.996999979019165,0.9804999828338623
YMR162C,YJL108C,0,-6.207613,0.09228917956352234,0.996999979019165,0.9805999994277954
YOR120W,YDR086C,0,-6.2112207,0.09228063374757767,0.996999979019165,0.9807000160217285
YGL209W,YOL104C,0,-6.211691,0.09227209538221359,0.996999979019165,0.9807999730110168
YNL153C,YPL087W,0,-6.2165213,0.09226355701684952,0.996999979019165,0.98089998960495
YER107C,YPR154W,0,-6.2204,0.09225501865148544,0.996999979019165,0.9810000061988831
YBR247C,YOL124C,0,-6.223321,0.09224648773670197,0.996999979019165,0.9811000227928162
YDR273W,YCR098C,0,-6.2241373,0.09223794937133789,0.996999979019165,0.9811999797821045
YLR158C,YPL097W,0,-6.2262897,0.09222941845655441,0.996999979019165,0.9812999963760376
YER070W,YPL019C,0,-6.2266493,0.09222088754177094,0.996999979019165,0.9814000129699707
YPR105C,YHR157W,0,-6.2266836,0.09221235662698746,0.996999979019165,0.9815000295639038
YHR005C,YDR342C,0,-6.2283497,0.09220382571220398,0.996999979019165,0.9815999865531921
YLL043W,YIL097W,0,-6.2297087,0.0921953022480011,0.996999979019165,0.9817000031471252
YNL142W,YKL009W,0,-6.230192,0.09218677878379822,0.996999979019165,0.9818000197410583
YPL018W,YJR073C,0,-6.234104,0.09217825531959534,0.996999979019165,0.9818999767303467
YNL111C,YPL094C,0,-6.2355556,0.09216973185539246,0.996999979019165,0.9819999933242798
YHR166C,YFL014W,0,-6.2359924,0.09216121584177017,0.996999979019165,0.9821000099182129
YEL061C,YJL191W,0,-6.2394333,0.09215269237756729,0.996999979019165,0.982200026512146
YKL193C,YHR014W,0,-6.242425,0.09214417636394501,0.996999979019165,0.9822999835014343
YKR034W,YLR009W,0,-6.243744,0.09213566035032272,0.996999979019165,0.9824000000953674
YBR066C,YNR003C,0,-6.2445946,0.09212715178728104,0.996999979019165,0.9825000166893005
YIL155C,YHR079C,0,-6.2507257,0.09211863577365875,0.996999979019165,0.9825999736785889
YOR206W,YGR161C,0,-6.2522554,0.09211012721061707,0.996999979019165,0.982699990272522
YOR173W,YGL035C,0,-6.2562847,0.09210161864757538,0.996999979019165,0.9828000068664551
YER126C,YKL141W,0,-6.2580748,0.09209311008453369,0.996999979019165,0.9829000234603882
YML049C,YGR248W,0,-6.266345,0.092084601521492,0.996999979019165,0.9829999804496765
YGR249W,YER104W,0,-6.274705,0.09207610040903091,0.996999979019165,0.9830999970436096
YGL211W,YKL193C,0,-6.275338,0.09206759929656982,0.996999979019165,0.9832000136375427
YFL057C,YNL075W,0,-6.2813177,0.09205909818410873,0.996999979019165,0.983299970626831
YBR066C,YKL173W,0,-6.2828283,0.09205059707164764,0.996999979019165,0.9833999872207642
YMR049C,YOR120W,0,-6.283104,0.09204209595918655,0.996999979019165,0.9835000038146973
YBR145W,YGL113W,0,-6.2865534,0.09203360229730606,0.996999979019165,0.9836000204086304
YJL157C,YGR103W,0,-6.290264,0.09202510863542557,0.996999979019165,0.9836999773979187
YHR001W-A,YDL060W,0,-6.292138,0.09201661497354507,0.996999979019165,0.9837999939918518
YLR134W,YBR154C,0,-6.2971373,0.09200812131166458,0.996999979019165,0.9839000105857849
YBL003C,YGL037C,1,-6.297697,0.09209191054105759,0.9980000257492065,0.9839000105857849
YGL047W,YNR017W,0,-6.297905,0.0920834094285965,0.9980000257492065,0.984000027179718
YBR160W,YDR516C,0,-6.3004503,0.092074915766716,0.9980000257492065,0.9840999841690063
YMR303C,YJL014W,0,-6.3045073,0.09206642210483551,0.9980000257492065,0.9842000007629395
YKL152C,YBR066C,0,-6.3136253,0.09205792844295502,0.9980000257492065,0.9843000173568726
YGR055W,YGR044C,0,-6.3168144,0.09204943478107452,0.9980000257492065,0.9843999743461609
YGR161C,YER104W,0,-6.317013,0.09204094856977463,0.9980000257492065,0.984499990940094
YNL220W,YEL012W,0,-6.323139,0.09203246235847473,0.9980000257492065,0.9846000075340271
YGR289C,YKR060W,0,-6.326847,0.09202397614717484,0.9980000257492065,0.9847000241279602
YKL017C,YGR161C,0,-6.329028,0.09201548993587494,0.9980000257492065,0.9847999811172485
YGL078C,YHR020W,0,-6.3360033,0.09200700372457504,0.9980000257492065,0.9848999977111816
YHR072W,YIL097W,0,-6.3463087,0.09199852496385574,0.9980000257492065,0.9850000143051147
YML074C,YJR073C,0,-6.3465023,0.09199004620313644,0.9980000257492065,0.9850999712944031
YEL029C,YPR137W,0,-6.3486795,0.09198156744241714,0.9980000257492065,0.9851999878883362
YAR014C,YFR053C,0,-6.355073,0.09197308868169785,0.9980000257492065,0.9853000044822693
YHR075C,YDR218C,0,-6.3560095,0.09196461737155914,0.9980000257492065,0.9854000210762024
YDL223C,YKR095W-A,0,-6.3658934,0.09195613861083984,0.9980000257492065,0.9854999780654907
YMR136W,YLR275W,0,-6.3688364,0.09194766730070114,0.9980000257492065,0.9855999946594238
YFR053C,YLR107W,0,-6.373989,0.09193919599056244,0.9980000257492065,0.9857000112533569
YLR160C,YLR084C,0,-6.37749,0.09193073213100433,0.9980000257492065,0.98580002784729
YPL240C,YDR165W,0,-6.3802633,0.09192226082086563,0.9980000257492065,0.9858999848365784
YDR411C,YNL248C,0,-6.3835173,0.09191379696130753,0.9980000257492065,0.9860000014305115
YOR243C,YNL313C,0,-6.3846207,0.09190533310174942,0.9980000257492065,0.9861000180244446
YER054C,YOL059W,0,-6.39575,0.09189686924219131,0.9980000257492065,0.9861999750137329
YJR007W,YPL087W,0,-6.401124,0.09188840538263321,0.9980000257492065,0.986299991607666
YLR157C,YDR361C,0,-6.4021616,0.0918799489736557,0.9980000257492065,0.9864000082015991
YNL259C,YFR053C,0,-6.4032326,0.09187149256467819,0.9980000257492065,0.9865000247955322
YLR009W,YOR087W,0,-6.4033966,0.09186303615570068,0.9980000257492065,0.9865999817848206
YDR258C,YJL190C,0,-6.4056625,0.09185457974672318,0.9980000257492065,0.9866999983787537
YDR254W,YML128C,0,-6.4105883,0.09184612333774567,0.9980000257492065,0.9868000149726868
YBR072W,YKR095W-A,0,-6.411335,0.09183767437934875,0.9980000257492065,0.9868999719619751
YKL032C,YBR169C,0,-6.4131823,0.09182922542095184,0.9980000257492065,0.9869999885559082
YGL089C,YNR049C,0,-6.4211082,0.09182077646255493,0.9980000257492065,0.9871000051498413
YAL017W,YLR196W,0,-6.426305,0.09181232750415802,0.9980000257492065,0.9872000217437744
YAL056W,YPL240C,0,-6.4284277,0.09180387854576111,0.9980000257492065,0.9872999787330627
YDR358W,YPR016C,0,-6.428562,0.0917954370379448,0.9980000257492065,0.9873999953269958
YHR052W,YDL095W,0,-6.4347134,0.09178699553012848,0.9980000257492065,0.987500011920929
YBR132C,YGR081C,0,-6.4351673,0.09177855402231216,0.9980000257492065,0.9876000285148621
YDL223C,YOR210W,0,-6.438299,0.09177011251449585,0.9980000257492065,0.9876999855041504
YGL174W,YBR066C,0,-6.4419107,0.09176167845726013,0.9980000257492065,0.9878000020980835
YDL166C,YNL075W,0,-6.455904,0.09175324440002441,0.9980000257492065,0.9879000186920166
YMR303C,YDR400W,0,-6.459668,0.0917448028922081,0.9980000257492065,0.9879999756813049
YMR173W,YHR089C,0,-6.463192,0.09173637628555298,0.9980000257492065,0.988099992275238
YDR516C,YPL157W,0,-6.463212,0.09172794222831726,0.9980000257492065,0.9882000088691711
YPL055C,YGL037C,1,-6.464839,0.0918114110827446,0.9990000128746033,0.9882000088691711
YOL071W,YLR222C,0,-6.4656353,0.09180297702550888,0.9990000128746033,0.9883000254631042
YFR047C,YBR159W,0,-6.465803,0.09179454296827316,0.9990000128746033,0.9883999824523926
YPL192C,YGR248W,0,-6.466793,0.09178610891103745,0.9990000128746033,0.9884999990463257
YDL024C,YDR516C,0,-6.4719944,0.09177767485380173,0.9990000128746033,0.9886000156402588
YLR160C,YHR116W,0,-6.4725733,0.0917692482471466,0.9990000128746033,0.9886999726295471
YDL036C,YDL130W-A,0,-6.477499,0.09176081418991089,0.9990000128746033,0.9887999892234802
YLR155C,YGR103W,0,-6.4793425,0.09175238758325577,0.9990000128746033,0.9889000058174133
YDR516C,YKR055W,0,-6.480818,0.09174396097660065,0.9990000128746033,0.9890000224113464
YJR043C,YBR183W,0,-6.484022,0.09173553436994553,0.9990000128746033,0.9890999794006348
YPL240C,YLR448W,0,-6.4871016,0.091727115213871,0.9990000128746033,0.9891999959945679
YCL051W,YBR183W,0,-6.4872017,0.09171869605779648,0.9990000128746033,0.989300012588501
YBR026C,YHR098C,0,-6.494707,0.09171026945114136,0.9990000128746033,0.9894000291824341
YDL181W,YLR264W,0,-6.497052,0.09170185774564743,0.9990000128746033,0.9894999861717224
YDL051W,YOR386W,0,-6.5044584,0.0916934385895729,0.9990000128746033,0.9896000027656555
YNL111C,YER001W,0,-6.5047016,0.09168501943349838,0.9990000128746033,0.9897000193595886
YGR279C,YDR165W,0,-6.525279,0.09167660772800446,0.9990000128746033,0.989799976348877
YER143W,YPL019C,0,-6.5309477,0.09166819602251053,0.9990000128746033,0.9898999929428101
YLR158C,YBR048W,0,-6.535043,0.0916597843170166,0.9990000128746033,0.9900000095367432
YHR007C,YKL026C,0,-6.541127,0.09165137261152267,0.9990000128746033,0.9901000261306763
YLR175W,YPL095C,0,-6.54148,0.09164296835660934,0.9990000128746033,0.9901999831199646
YHR089C,YKR067W,0,-6.5753946,0.09163456410169601,0.9990000128746033,0.9902999997138977
YDR037W,YKL009W,0,-6.576351,0.09162615984678268,0.9990000128746033,0.9904000163078308
YFL014W,YNL264C,0,-6.583621,0.09161775559186935,0.9990000128746033,0.9904999732971191
YER054C,YER116C,0,-6.5849323,0.09160935133695602,0.9990000128746033,0.9905999898910522
YMR173W,YJL098W,0,-6.585395,0.09160095453262329,0.9990000128746033,0.9907000064849854
YGL084C,YIL155C,0,-6.5854225,0.09159255772829056,0.9990000128746033,0.9908000230789185
YKR066C,YGR055W,0,-6.585765,0.09158416092395782,0.9990000128746033,0.9908999800682068
YHR052W,YDL111C,0,-6.5866747,0.09157576411962509,0.9990000128746033,0.9909999966621399
YBR278W,YGL037C,1,-6.5964985,0.09165903180837631,1.0,0.9909999966621399
YKR036C,YGR248W,0,-6.5986614,0.09165062755346298,1.0,0.991100013256073
YIR017C,YML128C,0,-6.602416,0.09164223074913025,1.0,0.9911999702453613
YGR177C,YCL040W,0,-6.612133,0.09163383394479752,1.0,0.9912999868392944
YIL106W,YJR073C,0,-6.619465,0.09162543714046478,1.0,0.9914000034332275
YIL014W,YER103W,0,-6.6210012,0.09161704033613205,1.0,0.9915000200271606
YDR273W,YGR048W,0,-6.6216497,0.09160865098237991,1.0,0.991599977016449
YOL013C,YNL075W,0,-6.633971,0.09160025417804718,1.0,0.9916999936103821
YMR303C,YLR353W,0,-6.6385117,0.09159186482429504,1.0,0.9918000102043152
YGR254W,YLL011W,0,-6.645173,0.09158347547054291,1.0,0.9919000267982483
YBR066C,YLL041C,0,-6.6452236,0.09157509356737137,1.0,0.9919999837875366
YLR264W,YOR049C,0,-6.6710243,0.09156670421361923,1.0,0.9921000003814697
YMR128W,YNL113W,0,-6.67828,0.09155832231044769,1.0,0.9922000169754028
YJR065C,YML128C,0,-6.688921,0.09154994040727615,1.0,0.9922999739646912
YOR120W,YKL130C,0,-6.705328,0.09154155850410461,1.0,0.9923999905586243
YPL224C,YJR073C,0,-6.710495,0.09153318405151367,1.0,0.9925000071525574
YJR073C,YDR120C,0,-6.711566,0.09152480214834213,1.0,0.9926000237464905
YBR072W,YDR137W,0,-6.715516,0.09151642769575119,1.0,0.9926999807357788
YLR270W,YFL002C,0,-6.715769,0.09150805324316025,1.0,0.9927999973297119
YLR009W,YPL214C,0,-6.7222652,0.0914996787905693,1.0,0.992900013923645
YLR175W,YJL125C,0,-6.725911,0.09149131178855896,1.0,0.9929999709129333
YDL113C,YBR066C,0,-6.736062,0.09148293733596802,1.0,0.9930999875068665
YBR072W,YDR281C,0,-6.7479277,0.09147457033395767,1.0,0.9932000041007996
YKR076W,YEL032W,0,-6.7534456,0.09146620333194733,1.0,0.9933000206947327
YDL223C,YGL100W,0,-6.7654953,0.09145783632993698,1.0,0.993399977684021
YOL082W,YGL006W,0,-6.7773657,0.09144947677850723,1.0,0.9934999942779541
YER053C,YGR123C,0,-6.7845182,0.09144110977649689,1.0,0.9936000108718872
YGR248W,YNL154C,0,-6.7902145,0.09143275022506714,1.0,0.9937000274658203
YOL082W,YDR361C,0,-6.7908316,0.09142439067363739,1.0,0.9937999844551086
YBR193C,YBR066C,0,-6.791855,0.09141603112220764,1.0,0.9939000010490417
YML128C,YML058W,0,-6.7952337,0.09140767902135849,1.0,0.9940000176429749
YMR275C,YFL014W,0,-6.7969046,0.09139932692050934,1.0,0.9940999746322632
YMR081C,YML128C,0,-6.8311405,0.09139096736907959,1.0,0.9941999912261963
YOR250C,YMR136W,0,-6.8359127,0.09138262271881104,1.0,0.9943000078201294
YFR053C,YER129W,0,-6.838934,0.09137427061796188,1.0,0.9944000244140625
YDL181W,YLR197W,0,-6.841796,0.09136591851711273,1.0,0.9944999814033508
YGR248W,YPL210C,0,-6.842948,0.09135757386684418,1.0,0.9945999979972839
YDR516C,YNL149C,0,-6.8448887,0.09134922921657562,1.0,0.994700014591217
YML008C,YOR120W,0,-6.846264,0.09134088456630707,1.0,0.9947999715805054
YPL061W,YJR073C,0,-6.848936,0.09133253991603851,1.0,0.9948999881744385
YMR301C,YFL014W,0,-6.8709116,0.09132420271635056,1.0,0.9950000047683716
YOR120W,YHR008C,0,-6.8761063,0.091315858066082,1.0,0.9951000213623047
YDR296W,YHR157W,0,-6.894719,0.09130752086639404,1.0,0.995199978351593
YDL223C,YER021W,0,-6.9511433,0.09129919111728668,1.0,0.9952999949455261
YDL051W,YPL031C,0,-6.95123,0.09129085391759872,1.0,0.9954000115394592
YDL223C,YER003C,0,-7.0184326,0.09128251671791077,1.0,0.9955000281333923
YGR158C,YMR093W,0,-7.020726,0.0912741869688034,1.0,0.9955999851226807
YOR046C,YBR072W,0,-7.0304737,0.09126585721969604,1.0,0.9957000017166138
YBR072W,YOR089C,0,-7.0380783,0.09125752747058868,1.0,0.9958000183105469
YML023C,YGR248W,0,-7.0499964,0.09124920517206192,1.0,0.9958999752998352
YDR087C,YGL227W,0,-7.0538435,0.09124087542295456,1.0,0.9959999918937683
YBL009W,YJL048C,0,-7.0724897,0.0912325531244278,1.0,0.9961000084877014
YLR318W,YOR348C,0,-7.0774717,0.09122423082590103,1.0,0.9962000250816345
YFL014W,YIL114C,0,-7.1043444,0.09121590852737427,1.0,0.9962999820709229
YGR109C,YML128C,0,-7.1047716,0.0912075862288475,1.0,0.996399998664856
YFR047C,YOR340C,0,-7.1074724,0.09119927138090134,1.0,0.9965000152587891
YIL124W,YHR008C,0,-7.12572,0.09119095653295517,1.0,0.9965999722480774
YDL051W,YGR158C,0,-7.1304607,0.091182641685009,1.0,0.9966999888420105
YML128C,YCR057C,0,-7.1350584,0.09117432683706284,1.0,0.9968000054359436
YOR340C,YOL129W,0,-7.1411858,0.09116601198911667,1.0,0.9969000220298767
YDL161W,YFR053C,0,-7.1735506,0.0911577045917511,1.0,0.996999979019165
YBL015W,YLR186W,0,-7.1784706,0.09114939719438553,1.0,0.9970999956130981
YOR348C,YPL193W,0,-7.1816473,0.09114108979701996,1.0,0.9972000122070312
YOR173W,YPL112C,0,-7.2175894,0.09113278239965439,1.0,0.9973000288009644
YPR143W,YER103W,0,-7.217677,0.09112447500228882,1.0,0.9973999857902527
YPR001W,YGR248W,0,-7.2569036,0.09111617505550385,1.0,0.9975000023841858
YDR171W,YHR039C,0,-7.2593927,0.09110787510871887,1.0,0.9976000189781189
YBL042C,YOR348C,0,-7.2919626,0.0910995751619339,1.0,0.9976999759674072
YDR280W,YBR183W,0,-7.3194275,0.09109127521514893,1.0,0.9977999925613403
YGR289C,YGR248W,0,-7.3218765,0.09108297526836395,1.0,0.9979000091552734
YLR270W,YOR243C,0,-7.3382845,0.09107468277215958,1.0,0.9980000257492065
YCL040W,YKL021C,0,-7.413121,0.0910663902759552,1.0,0.9980999827384949
YOR173W,YBR069C,0,-7.418104,0.09105809777975082,1.0,0.998199999332428
YMR136W,YLR264W,0,-7.446748,0.09104980528354645,1.0,0.9983000159263611
YDR516C,YER054C,0,-7.566285,0.09104151278734207,1.0,0.9983999729156494
YBR026C,YKR081C,0,-7.6094284,0.09103322774171829,1.0,0.9984999895095825
YCR057C,YGR280C,0,-7.6152782,0.09102494269609451,1.0,0.9986000061035156
YDL223C,YGR171C,0,-7.669731,0.09101665765047073,1.0,0.9987000226974487
YJR137C,YNL110C,0,-7.672962,0.09100837260484695,1.0,0.9987999796867371
YPR001W,YMR104C,0,-7.7076817,0.09100008755922318,1.0,0.9988999962806702
YOR348C,YDL150W,0,-7.750244,0.09099180996417999,1.0,0.9990000128746033
YHR089C,YOR348C,0,-7.8379364,0.09098353236913681,1.0,0.9991000294685364
YOR095C,YBR183W,0,-7.9850855,0.09097525477409363,1.0,0.9991999864578247
YGR268C,YBR183W,0,-8.003903,0.09096697717905045,1.0,0.9993000030517578
YNL153C,YCL040W,0,-8.055657,0.09095870703458786,1.0,0.9994000196456909
YLR270W,YDL051W,0,-8.067681,0.09095042943954468,1.0,0.9994999766349792
YAR015W,YLL012W,0,-8.157437,0.09094215929508209,1.0,0.9995999932289124
YIL124W,YGR248W,0,-8.258964,0.0909338891506195,1.0,0.9997000098228455
YBR072W,YOL143C,0,-8.343748,0.09092562645673752,1.0,0.9998000264167786
YOR340C,YGR248W,0,-8.623087,0.09091735631227493,1.0,0.9998999834060669
YDR384C,YNL274C,0,-8.688129,0.09090909361839294,1.0,1.0
