Gene A,Gene B,Label,Score,Precision,Recall,False Positive Rate
YJR035W,YNL273W,1,11.876485,1.0,0.0009871668880805373,0.0
YBL003C,YBR278W,1,11.430141,1.0,0.0019743337761610746,0.0
YBR009C,YER053C,0,10.466692,0.6666666865348816,0.0019743337761610746,0.00010013017163146287
YNL250W,YBR010W,1,10.413628,0.75,0.00296150054782629,0.00010013017163146287
YBR123C,YDR224C,0,10.3874,0.6000000238418579,0.00296150054782629,0.00020026034326292574
YDL164C,YGR258C,1,9.797305,0.6666666865348816,0.003948667552322149,0.00020026034326292574
YBR010W,YDR317W,1,9.776007,0.7142857313156128,0.004935834091156721,0.00020026034326292574
YDR225W,YJL092W,1,9.622239,0.75,0.00592300109565258,0.00020026034326292574
YDR224C,YMR156C,1,9.518161,0.7777777910232544,0.006910167634487152,0.00020026034326292574
YER142C,YHR134W,1,9.515991,0.800000011920929,0.007897335104644299,0.00020026034326292574
YJR035W,YIL128W,1,9.327652,0.8181818127632141,0.00888450164347887,0.00020026034326292574
YER029C,YPR192W,0,8.958008,0.75,0.00888450164347887,0.0003003905003424734
YER148W,YDR077W,0,8.92005,0.692307710647583,0.00888450164347887,0.0004005206865258515
YDR022C,YJL158C,0,8.858966,0.6428571343421936,0.00888450164347887,0.0005006508436053991
YBR245C,YDR032C,0,8.800812,0.6000000238418579,0.00888450164347887,0.0006007810006849468
YBR088C,YML095C,1,8.786051,0.625,0.009871668182313442,0.0006007810006849468
YLR376C,YHR099W,1,8.696819,0.6470588445663452,0.010858834721148014,0.0006007810006849468
YMR137C,YKL045W,1,8.686378,0.6666666865348816,0.01184600219130516,0.0006007810006849468
YLR383W,YLR320W,1,8.610149,0.6842105388641357,0.012833168730139732,0.0006007810006849468
YJR035W,YDL154W,1,8.511887,0.699999988079071,0.013820335268974304,0.0006007810006849468
YOR116C,YOR228C,0,8.500489,0.6666666865348816,0.013820335268974304,0.0007009111577644944
YBR272C,YDR225W,1,8.445692,0.6818181872367859,0.01480750273913145,0.0007009111577644944
YJL173C,YFL008W,1,8.421691,0.695652186870575,0.015794670209288597,0.0007009111577644944
YDR393W,YGL031C,0,8.391184,0.6666666865348816,0.015794670209288597,0.000801041373051703
YLR135W,YNL031C,1,8.328632,0.6800000071525574,0.01678183674812317,0.000801041373051703
YBL003C,YDR227W,1,8.311282,0.692307710647583,0.01776900328695774,0.000801041373051703
YBR223C,YDL154W,1,8.277953,0.7037037014961243,0.018756169825792313,0.000801041373051703
YBR289W,YOR005C,1,8.264572,0.7142857313156128,0.019743336364626884,0.000801041373051703
YML021C,YGR258C,1,8.243614,0.7241379022598267,0.020730502903461456,0.000801041373051703
YDL020C,YNL031C,1,8.221199,0.7333333492279053,0.021717669442296028,0.000801041373051703
YKL113C,YDL154W,1,8.193697,0.7419354915618896,0.02270483784377575,0.000801041373051703
YPR023C,YNL082W,1,8.192329,0.75,0.02369200438261032,0.000801041373051703
YOR368W,YOL034W,1,8.171724,0.7575757503509521,0.024679170921444893,0.000801041373051703
YLL009C,YML095C,0,8.13683,0.7352941036224365,0.024679170921444893,0.0009011715301312506
YDL020C,YHR154W,1,8.122674,0.7428571581840515,0.025666337460279465,0.0009011715301312506
YNL082W,YIR002C,1,8.099834,0.75,0.026653503999114037,0.0009011715301312506
YAR007C,YIL136W,0,8.096056,0.7297297120094299,0.026653503999114037,0.0010013016872107983
YOR179C,YGR189C,0,8.041654,0.7105262875556946,0.026653503999114037,0.0011014319024980068
YER142C,YDR030C,1,8.001308,0.7179487347602844,0.02764067053794861,0.0011014319024980068
YDR279W,YOR044W,0,7.997031,0.699999988079071,0.02764067053794861,0.0012015620013698936
YNL206C,YBR214W,0,7.9966393,0.6829268336296082,0.02764067053794861,0.001301692216657102
YBR010W,YKL017C,1,7.987434,0.6904761791229248,0.02862783893942833,0.001301692216657102
YOR033C,YOR005C,1,7.9406614,0.6976743936538696,0.0296150054782629,0.001301692216657102
YMR048W,YBR278W,1,7.9405184,0.7045454382896423,0.030602172017097473,0.001301692216657102
YMR284W,YJL127C,1,7.925543,0.7111111283302307,0.031589340418577194,0.001301692216657102
YAR007C,YNL012W,0,7.8651366,0.695652186870575,0.031589340418577194,0.0014018223155289888
YHR153C,YER184C,0,7.8444276,0.6808510422706604,0.031589340418577194,0.0015019525308161974
YML102W,YML095C,1,7.8325367,0.6875,0.03257650509476662,0.0015019525308161974
YDL166C,YNL331C,0,7.8226423,0.6734693646430969,0.03257650509476662,0.001602082746103406
YBR223C,YML061C,1,7.8141117,0.6800000071525574,0.03356367349624634,0.001602082746103406
YLR383W,YBR114W,1,7.794537,0.686274528503418,0.03455083817243576,0.001602082746103406
YLR007W,YLR320W,1,7.776744,0.692307710647583,0.03553800657391548,0.001602082746103406
YHR153C,YOL065C,0,7.7724175,0.6792452931404114,0.03553800657391548,0.0017022128449752927
YJL048C,YJL189W,0,7.769841,0.6666666865348816,0.03553800657391548,0.0018023430602625012
YIL132C,YNL262W,1,7.741212,0.6727272868156433,0.036525171250104904,0.0018023430602625012
YJR139C,YGL249W,0,7.7319994,0.6607142686843872,0.036525171250104904,0.001902473159134388
YLR321C,YGL163C,1,7.7059946,0.6666666865348816,0.037512339651584625,0.001902473159134388
YNL031C,YER169W,1,7.6970515,0.6724137663841248,0.038499508053064346,0.001902473159134388
YLR287C-A,YLR176C,0,7.67422,0.6610169410705566,0.038499508053064346,0.0020026033744215965
YJR060W,YDR088C,0,7.6603885,0.6499999761581421,0.038499508053064346,0.002102733589708805
YPL068C,YJR155W,0,7.633506,0.6393442749977112,0.038499508053064346,0.0022028638049960136
YGL087C,YGL094C,1,7.6136923,0.6451612710952759,0.03948667272925377,0.0022028638049960136
YPL031C,YGR061C,0,7.6034985,0.6349206566810608,0.03948667272925377,0.0023029937874525785
YGL175C,YCR014C,1,7.5816054,0.640625,0.04047384113073349,0.0023029937874525785
YER142C,YJR144W,1,7.5448503,0.6461538672447205,0.04146100580692291,0.0023029937874525785
YER173W,YNL307C,1,7.5315948,0.6515151262283325,0.042448174208402634,0.0023029937874525785
YDL059C,YNL312W,1,7.5255156,0.6567164063453674,0.043435338884592056,0.0023029937874525785
YPR175W,YER169W,1,7.5209694,0.6617646813392639,0.04442250728607178,0.0023029937874525785
YOR033C,YGL087C,1,7.5110607,0.6666666865348816,0.0454096756875515,0.0023029937874525785
YMR106C,YNL085W,1,7.5060844,0.6714285612106323,0.04639684036374092,0.0023029937874525785
YHR090C,YIL139C,1,7.5024624,0.6760563254356384,0.04738400876522064,0.0023029937874525785
YOL072W,YBR088C,1,7.502385,0.6805555820465088,0.048371173441410065,0.0023029937874525785
YPL177C,YOR063W,0,7.4843965,0.6712328791618347,0.048371173441410065,0.002403124002739787
YML102W,YER169W,1,7.4348183,0.6756756901741028,0.049358341842889786,0.002403124002739787
YHR090C,YJR068W,1,7.4228296,0.6800000071525574,0.05034551024436951,0.002403124002739787
YGL175C,YMR078C,1,7.384035,0.6842105388641357,0.05133267492055893,0.002403124002739787
YBL019W,YBR278W,1,7.3764267,0.6883116960525513,0.05231984332203865,0.002403124002739787
YBL003C,YLR288C,1,7.3607492,0.692307710647583,0.05330700799822807,0.002403124002739787
YAL015C,YBR073W,1,7.3452644,0.6962025165557861,0.054294176399707794,0.002403124002739787
YLR442C,YFR027W,1,7.34041,0.699999988079071,0.05528134107589722,0.002403124002739787
YML060W,YIL153W,1,7.3253565,0.7037037014961243,0.05626850947737694,0.002403124002739787
YBR055C,YDR478W,0,7.321931,0.6951219439506531,0.05626850947737694,0.0025032542180269957
YFR027W,YCR014C,1,7.3200603,0.6987951993942261,0.05725567787885666,0.0025032542180269957
YOR224C,YDR402C,0,7.309451,0.6904761791229248,0.05725567787885666,0.002603384433314204
YDR314C,YDL154W,1,7.306743,0.6941176652908325,0.05824284255504608,0.002603384433314204
YPR049C,YGR037C,0,7.2818537,0.6860465407371521,0.05824284255504608,0.0027035146486014128
YIL153W,YOR217W,1,7.279401,0.6896551847457886,0.0592300109565258,0.0027035146486014128
YOR179C,YER111C,0,7.2735147,0.6818181872367859,0.0592300109565258,0.0028036446310579777
YBR237W,YMR122W-A,0,7.261755,0.6741573214530945,0.0592300109565258,0.0029037748463451862
YIL101C,YGR279C,0,7.2613974,0.6666666865348816,0.0592300109565258,0.003003905061632395
YER171W,YIL154C,1,7.256249,0.6703296899795532,0.060217175632715225,0.003003905061632395
YFL024C,YKL045W,1,7.2241526,0.6739130616188049,0.061204344034194946,0.003003905061632395
YMR223W,YBR241C,0,7.2199793,0.6666666865348816,0.061204344034194946,0.0031040352769196033
YDR022C,YEL017C-A,0,7.2169895,0.6595744490623474,0.061204344034194946,0.003204165492206812
YDR225W,YLR007W,1,7.2099895,0.6631578803062439,0.06219150871038437,0.003204165492206812
YDL166C,YDR283C,0,7.2043123,0.65625,0.06219150871038437,0.003304295474663377
YML011C,YER169W,1,7.201413,0.6597937941551208,0.06317868083715439,0.003304295474663377
YER112W,YPL103C,0,7.1970787,0.6530612111091614,0.06317868083715439,0.0034044256899505854
YHR046C,YDR322W,0,7.1620255,0.6464646458625793,0.06317868083715439,0.003504555905237794
YDL108W,YCR092C,0,7.145294,0.6399999856948853,0.06317868083715439,0.0036046861205250025
YMR042W,YDL099W,0,7.1361246,0.6336633563041687,0.06317868083715439,0.003704816335812211
YFR037C,YHL024W,0,7.131194,0.6274510025978088,0.06317868083715439,0.003804946318268776
YGL249W,YML063W,0,7.122856,0.6213592290878296,0.06317868083715439,0.0039050765335559845
YIR014W,YPL231W,0,7.118996,0.6153846383094788,0.06317868083715439,0.004005206748843193
YER142C,YGL150C,1,7.116772,0.6190476417541504,0.06416584551334381,0.004005206748843193
YPL214C,YFL039C,0,7.1069775,0.6132075190544128,0.06416584551334381,0.004105336964130402
YDR004W,YPL122C,1,7.106489,0.6168224215507507,0.06515301018953323,0.004105336964130402
YER111C,YOR228C,0,7.1011896,0.6111111044883728,0.06515301018953323,0.00420546717941761
YBR087W,YJR135C,0,7.094869,0.60550457239151,0.06515301018953323,0.004305597394704819
YGL163C,YDR499W,1,7.091948,0.6090909242630005,0.06614017486572266,0.004305597394704819
YDR225W,YDR113C,1,7.0918865,0.6126126050949097,0.06712734699249268,0.004305597394704819
YMR284W,YJR043C,1,7.087277,0.6160714030265808,0.0681145116686821,0.004305597394704819
YML011C,YML023C,1,7.085985,0.6194690465927124,0.06910167634487152,0.004305597394704819
YLR288C,YGL163C,1,7.0834994,0.6228070259094238,0.07008884847164154,0.004305597394704819
YHR090C,YMR173W,1,7.0751967,0.626086950302124,0.07107601314783096,0.004305597394704819
YBR073W,YGL087C,1,7.0693207,0.6293103694915771,0.07206317782402039,0.004305597394704819
YBR089C-A,YLL002W,1,7.0502777,0.632478654384613,0.07305034250020981,0.004305597394704819
YFL024C,YEL037C,1,7.0496855,0.6355932354927063,0.07403751462697983,0.004305597394704819
YDL084W,YCR014C,1,7.0411777,0.6386554837226868,0.07502467930316925,0.004305597394704819
YKL004W,YER045C,0,7.037979,0.6333333253860474,0.07502467930316925,0.004405727609992027
YIR012W,YPR192W,0,7.0346556,0.6280992031097412,0.07502467930316925,0.004505857825279236
YML021C,YDR419W,1,7.027712,0.631147563457489,0.07601184397935867,0.004505857825279236
YDR217C,YGR258C,1,7.0261803,0.6341463327407837,0.07699901610612869,0.004505857825279236
YDR225W,YML069W,1,7.0229945,0.6370967626571655,0.07798618078231812,0.004505857825279236
YBR198C,YHR044C,0,7.0229473,0.6320000290870667,0.07798618078231812,0.004605987574905157
YPR023C,YPR056W,1,7.0219774,0.6349206566810608,0.07897334545850754,0.004605987574905157
YNL250W,YJR144W,1,7.0171967,0.6377952694892883,0.07996051013469696,0.004605987574905157
YDR097C,YNL102W,1,7.0156517,0.640625,0.08094768226146698,0.004605987574905157
YOL005C,YKL034W,0,7.0113316,0.6356589198112488,0.08094768226146698,0.004706117790192366
YBL003C,YOR033C,1,7.0078545,0.6384615302085876,0.0819348469376564,0.004706117790192366
YFR027W,YJR082C,1,6.994643,0.6412213444709778,0.08292201161384583,0.004706117790192366
YDL164C,YBR114W,1,6.9911394,0.6439393758773804,0.08390918374061584,0.004706117790192366
YNL136W,YEL059C-A,0,6.9897537,0.6390977501869202,0.08390918374061584,0.004806248005479574
YOL094C,YHR154W,1,6.989217,0.641791045665741,0.08489634841680527,0.004806248005479574
YDR224C,YLR442C,1,6.961503,0.644444465637207,0.08588351309299469,0.004806248005479574
YLL002W,YOR144C,1,6.955558,0.6470588445663452,0.08687067776918411,0.004806248005479574
YDL101C,YMR284W,1,6.9505873,0.6496350169181824,0.08785784989595413,0.004806248005479574
YML027W,YJL136C,0,6.949611,0.6449275612831116,0.08785784989595413,0.004906378220766783
YKL010C,YAR007C,0,6.9441266,0.6402877569198608,0.08785784989595413,0.005006508436053991
YBR160W,YDR317W,1,6.940937,0.6428571343421936,0.08884501457214355,0.005006508436053991
YDR180W,YLL002W,1,6.93769,0.6453900933265686,0.08983217924833298,0.005006508436053991
YJR006W,YBR010W,1,6.92462,0.6478873491287231,0.090819351375103,0.005006508436053991
YDL101C,YDL059C,1,6.90947,0.6503496766090393,0.09180651605129242,0.005006508436053991
YBL003C,YLR035C,1,6.9054775,0.6527777910232544,0.09279368072748184,0.005006508436053991
YBR114W,YJR082C,1,6.8905945,0.6551724076271057,0.09378084540367126,0.005006508436053991
YLR321C,YKL045W,1,6.877411,0.6575342416763306,0.09476801753044128,0.005006508436053991
YOR033C,YGR258C,1,6.8655586,0.6598639488220215,0.0957551822066307,0.005006508436053991
YDR159W,YBR089C-A,1,6.8596067,0.662162184715271,0.09674234688282013,0.005006508436053991
YOR290C,YDL017W,0,6.858922,0.6577181220054626,0.09674234688282013,0.0051066386513412
YML034W,YML063W,0,6.8586206,0.653333306312561,0.09674234688282013,0.005206768866628408
YLR376C,YNL307C,1,6.8549137,0.6556291580200195,0.09772951900959015,0.005206768866628408
YHR090C,YLR376C,1,6.8366985,0.6578947305679321,0.09871668368577957,0.005206768866628408
YOR144C,YBR278W,1,6.830102,0.6601307392120361,0.099703848361969,0.005206768866628408
YML060W,YJL173C,1,6.8242936,0.6623376607894897,0.10069102048873901,0.005206768866628408
YMR156C,YIL128W,1,6.818692,0.6645161509513855,0.10167818516492844,0.005206768866628408
YNL082W,YNL102W,1,6.807171,0.6666666865348816,0.10266534984111786,0.005206768866628408
YDR311W,YNL107W,1,6.803506,0.668789803981781,0.10365251451730728,0.005206768866628408
YBL019W,YKL045W,1,6.802702,0.6708860993385315,0.1046396866440773,0.005206768866628408
YIL126W,YPL046C,1,6.7890353,0.6729559898376465,0.10562685132026672,0.005206768866628408
YOL094C,YDR182W,1,6.7816496,0.675000011920929,0.10661401599645615,0.005206768866628408
YML032C,YJR082C,1,6.7794676,0.6770186424255371,0.10760118812322617,0.005206768866628408
YGL070C,YPR175W,1,6.7729287,0.6790123581886292,0.10858835279941559,0.005206768866628408
YIL145C,YOL120C,0,6.7688656,0.6748466491699219,0.10858835279941559,0.005306899081915617
YER148W,YJL164C,0,6.766204,0.6707317233085632,0.10858835279941559,0.0054070292972028255
YLR376C,YOL004W,1,6.7633023,0.6727272868156433,0.10957551747560501,0.0054070292972028255
YHR090C,YER041W,1,6.758974,0.6746987700462341,0.11056268215179443,0.0054070292972028255
YDL060W,YDR069C,0,6.7587395,0.6706587076187134,0.11056268215179443,0.005507159512490034
YGL232W,YJR160C,0,6.753215,0.6666666865348816,0.11056268215179443,0.005607289262115955
YDR004W,YJR068W,1,6.7463164,0.668639063835144,0.11154985427856445,0.005607289262115955
YNL206C,YML087C,0,6.745034,0.6647058725357056,0.11154985427856445,0.005707419477403164
YPR175W,YML011C,1,6.738909,0.6666666865348816,0.11253701895475388,0.005707419477403164
YPR023C,YKR008W,1,6.7241936,0.6686046719551086,0.1135241836309433,0.005707419477403164
YLR015W,YNL301C,0,6.719331,0.6647399067878723,0.1135241836309433,0.0058075496926903725
YDR030C,YKR056W,1,6.7185316,0.6666666865348816,0.11451135575771332,0.0058075496926903725
YOL090W,YPL046C,1,6.7172737,0.668571412563324,0.11549852043390274,0.0058075496926903725
YGR071C,YOR043W,0,6.713565,0.6647727489471436,0.11549852043390274,0.005907679907977581
YDR460W,YLR320W,1,6.7077456,0.6666666865348816,0.11648568511009216,0.005907679907977581
YDR253C,YMR314W,0,6.7053165,0.6629213690757751,0.11648568511009216,0.00600781012326479
YIR015W,YPR041W,0,6.7041855,0.659217894077301,0.11648568511009216,0.006107940338551998
YDR465C,YHL024W,0,6.6939564,0.6555555462837219,0.11648568511009216,0.006208070553839207
YOR258W,YMR284W,1,6.6867924,0.6574585437774658,0.11747284978628159,0.006208070553839207
YDL164C,YER038C,1,6.684804,0.6593406796455383,0.1184600219130516,0.006208070553839207
YJL081C,YPL122C,1,6.6816697,0.6612021923065186,0.11944718658924103,0.006208070553839207
YML034W,YJL097W,0,6.6772485,0.657608687877655,0.11944718658924103,0.006308200769126415
YLR098C,YDR012W,0,6.670185,0.6540540456771851,0.11944718658924103,0.006408330984413624
YJR158W,YBR009C,0,6.658926,0.6505376100540161,0.11944718658924103,0.006508461199700832
YJL173C,YJR043C,1,6.656415,0.6524063944816589,0.12043435126543045,0.006508461199700832
YDR022C,YER113C,0,6.6550136,0.6489361524581909,0.12043435126543045,0.006608590949326754
YDR314C,YPR135W,1,6.650956,0.6507936716079712,0.12142152339220047,0.006608590949326754
YOL090W,YIL139C,1,6.6483126,0.6526315808296204,0.12240868806838989,0.006608590949326754
YER147C,YKR094C,1,6.647583,0.6544502377510071,0.12339585274457932,0.006608590949326754
YBR160W,YMR017W,0,6.641137,0.6510416865348816,0.12339585274457932,0.006708721164613962
YMR106C,YDR092W,1,6.6349792,0.6528497338294983,0.12438301742076874,0.006708721164613962
YBR123C,YGL249W,0,6.62751,0.6494845151901245,0.12438301742076874,0.006808851379901171
YMR137C,YDR076W,1,6.6091404,0.6512820720672607,0.12537018954753876,0.006808851379901171
YGL175C,YBR088C,1,6.5909667,0.6530612111091614,0.12635736167430878,0.006808851379901171
YML034W,YNL206C,0,6.5905514,0.6497461795806885,0.12635736167430878,0.006908981595188379
YMR167W,YBR289W,1,6.588974,0.6515151262283325,0.1273445188999176,0.006908981595188379
YOL094C,YFL003C,1,6.588872,0.6532663106918335,0.12833169102668762,0.006908981595188379
YPL235W,YBR114W,1,6.5865493,0.6549999713897705,0.12931884825229645,0.006908981595188379
YNL246W,YKR095W,1,6.5841303,0.6567164063453674,0.13030602037906647,0.006908981595188379
YAL041W,YMR306W,0,6.582546,0.6534653306007385,0.13030602037906647,0.007009111810475588
YLR383W,YFL008W,1,6.577363,0.6551724076271057,0.1312931925058365,0.007009111810475588
YBR223C,YHR164C,1,6.576357,0.656862735748291,0.1322803497314453,0.007009111810475588
YNL082W,YNL085W,1,6.5682077,0.6585366129875183,0.13326752185821533,0.007009111810475588
YOL094C,YNL307C,1,6.564078,0.6601941585540771,0.13425469398498535,0.007009111810475588
YGL058W,YOL043C,1,6.558872,0.6618357300758362,0.13524185121059418,0.007009111810475588
YNL031C,YDL042C,1,6.5553503,0.6634615659713745,0.1362290233373642,0.007009111810475588
YOL094C,YML102W,1,6.5450993,0.6650717854499817,0.13721619546413422,0.007009111810475588
YDR283C,YDL075W,0,6.5427923,0.6619047522544861,0.13721619546413422,0.007109242025762796
YJR097W,YDL006W,0,6.538715,0.6587677597999573,0.13721619546413422,0.007209372241050005
YNL102W,YIL154C,1,6.537736,0.6603773832321167,0.13820335268974304,0.007209372241050005
YJL048C,YOR326W,0,6.5344973,0.65727698802948,0.13820335268974304,0.0073095024563372135
YGL232W,YBR058C,0,6.530765,0.6542056202888489,0.13820335268974304,0.007409632671624422
YIR002C,YBR114W,1,6.530453,0.6558139324188232,0.13919052481651306,0.007409632671624422
YDR440W,YOR033C,1,6.5270977,0.6574074029922485,0.14017769694328308,0.007409632671624422
YOR179C,YFR041C,0,6.526849,0.6543778777122498,0.14017769694328308,0.007509762886911631
YDL042C,YOR005C,1,6.5250144,0.6559633016586304,0.1411648541688919,0.007509762886911631
YDR311W,YOL043C,1,6.524494,0.6575342416763306,0.14215202629566193,0.007509762886911631
YDR050C,YML095C,0,6.5187354,0.6545454263687134,0.14215202629566193,0.007609892636537552
YDR096W,YMR223W,0,6.5170026,0.651583731174469,0.14215202629566193,0.0077100228518247604
YJR057W,YJR043C,1,6.5117893,0.6531531810760498,0.14313918352127075,0.0077100228518247604
YLR442C,YJR035W,1,6.5054407,0.6547085046768188,0.14412635564804077,0.0077100228518247604
YDL006W,YHR129C,0,6.501108,0.6517857313156128,0.14412635564804077,0.007810153067111969
YDR228C,YDR054C,0,6.500141,0.648888885974884,0.14412635564804077,0.007910283282399178
YLR005W,YBR278W,1,6.4941745,0.6504424810409546,0.1451135277748108,0.007910283282399178
YLR383W,YGL150C,1,6.487584,0.6519823670387268,0.14610068500041962,0.007910283282399178
YLR032W,YPL155C,0,6.469405,0.6491228342056274,0.14610068500041962,0.008010413497686386
YCR066W,YDR419W,1,6.4676847,0.6506550312042236,0.14708785712718964,0.008010413497686386
YBR009C,YPL204W,0,6.4656105,0.647826075553894,0.14708785712718964,0.008110543712973595
YBR272C,YJR006W,1,6.4644446,0.649350643157959,0.14807502925395966,0.008110543712973595
YLR399C,YPL194W,1,6.4619412,0.6508620977401733,0.14906218647956848,0.008110543712973595
YDR052C,YPL177C,0,6.4597015,0.6480686664581299,0.14906218647956848,0.008210673928260803
YML069W,YDR369C,1,6.459576,0.6495726704597473,0.1500493586063385,0.008210673928260803
YDL070W,YIL139C,1,6.455731,0.651063859462738,0.15103653073310852,0.008210673928260803
YBR289W,YPL031C,0,6.4374495,0.6483050584793091,0.15103653073310852,0.008310804143548012
YIL143C,YNL307C,1,6.433219,0.649789035320282,0.15202368795871735,0.008310804143548012
YDR224C,YDR326C,0,6.4317665,0.6470588445663452,0.15202368795871735,0.00841093435883522
YBR088C,YHR154W,1,6.431309,0.6485355496406555,0.15301086008548737,0.00841093435883522
YAL043C,YML074C,0,6.4211073,0.6458333134651184,0.15301086008548737,0.008511064574122429
YLR186W,YHR010W,0,6.4177294,0.6431535482406616,0.15301086008548737,0.008611194789409637
YCR092C,YHR056C,1,6.412041,0.64462810754776,0.15399803221225739,0.008611194789409637
YPR052C,YIL128W,1,6.4105635,0.6460905075073242,0.1549851894378662,0.008611194789409637
YBR073W,YLR035C,1,6.41031,0.6475409865379333,0.15597236156463623,0.008611194789409637
YGL175C,YBL019W,1,6.4022865,0.6489796042442322,0.15695951879024506,0.008611194789409637
YJL173C,YOR144C,1,6.4005084,0.6504064798355103,0.15794669091701508,0.008611194789409637
YGR258C,YOR217W,1,6.3919477,0.6518218517303467,0.1589338630437851,0.008611194789409637
YAL015C,YJR052W,1,6.3912926,0.6532257795333862,0.15992102026939392,0.008611194789409637
YLR442C,YDR076W,1,6.3909693,0.654618501663208,0.16090819239616394,0.008611194789409637
YOL138C,YJR016C,0,6.3881254,0.6520000100135803,0.16090819239616394,0.008711325004696846
YDL084W,YMR173W,1,6.387098,0.6533864736557007,0.16189536452293396,0.008711325004696846
YDR225W,YBR223C,1,6.3849974,0.6547619104385376,0.16288252174854279,0.008711325004696846
YHR164C,YPR135W,1,6.384458,0.6561264991760254,0.1638696938753128,0.008711325004696846
YLR430W,YPL033C,0,6.3814363,0.6535432934761047,0.1638696938753128,0.008811455219984055
YMR167W,YNL082W,1,6.381094,0.6549019813537598,0.16485686600208282,0.008811455219984055
YER173W,YNL262W,1,6.3786726,0.65625,0.16584402322769165,0.008811455219984055
YMR042W,YGR124W,0,6.377158,0.6536964774131775,0.16584402322769165,0.008911585435271263
YOR258W,YKL017C,1,6.3728647,0.6550387740135193,0.16683119535446167,0.008911585435271263
YGR002C,YCR054C,0,6.3700857,0.6525096297264099,0.16683119535446167,0.009011715650558472
YDR381W,YDL059C,1,6.369219,0.6538461446762085,0.1678183674812317,0.009011715650558472
YDL084W,YGR258C,1,6.364796,0.6551724076271057,0.16880552470684052,0.009011715650558472
YBR087W,YBR114W,1,6.357597,0.6564885377883911,0.16979269683361053,0.009011715650558472
YIL153W,YLL002W,1,6.3552985,0.6577946543693542,0.17077986896038055,0.009011715650558472
YOL072W,YGR189C,0,6.3550377,0.6553030014038086,0.17077986896038055,0.009111844934523106
YDL080C,YFR006W,0,6.3472185,0.652830183506012,0.17077986896038055,0.009211975149810314
YOR033C,YGL127C,1,6.3443294,0.6541353464126587,0.17176702618598938,0.009211975149810314
YER030W,YHR099W,0,6.341593,0.6516854166984558,0.17176702618598938,0.009312105365097523
YBR195C,YMR190C,1,6.3318796,0.6529850959777832,0.1727541983127594,0.009312105365097523
YDL042C,YMR190C,1,6.329385,0.654275119304657,0.17374135553836823,0.009312105365097523
YER173W,YIL139C,1,6.3225694,0.6555555462837219,0.17472852766513824,0.009312105365097523
YGL207W,YBR010W,1,6.320711,0.6568265557289124,0.17571569979190826,0.009312105365097523
YBR158W,YDL110C,0,6.3166428,0.654411792755127,0.17571569979190826,0.009412235580384731
YDL030W,YAL062W,0,6.3139772,0.6520146727561951,0.17571569979190826,0.00951236579567194
YPL031C,YNL129W,0,6.312015,0.6496350169181824,0.17571569979190826,0.009612496010959148
YDR225W,YLR265C,1,6.3107243,0.6509090662002563,0.1767028570175171,0.009612496010959148
YNL112W,YPR192W,0,6.3106947,0.6485507488250732,0.1767028570175171,0.009712626226246357
YOL090W,YHR154W,1,6.310356,0.6498194932937622,0.1776900291442871,0.009712626226246357
YBL023C,YML087C,0,6.3043795,0.6474820375442505,0.1776900291442871,0.009812756441533566
YJL127C,YGR258C,1,6.298643,0.6487455368041992,0.17867720127105713,0.009812756441533566
YOR244W,YHL006C,1,6.297697,0.6499999761581421,0.17966435849666595,0.009812756441533566
YLR442C,YMR078C,1,6.2941065,0.6512455344200134,0.18065153062343597,0.009812756441533566
YDR531W,YPL068C,0,6.2928114,0.6489361524581909,0.18065153062343597,0.009912886656820774
YKL213C,YLR320W,1,6.291251,0.6501767039299011,0.181638702750206,0.009912886656820774
YDR138W,YOR217W,1,6.2870474,0.6514084339141846,0.18262585997581482,0.009912886656820774
YNL250W,YDR182W,1,6.2767677,0.6526315808296204,0.18361303210258484,0.009912886656820774
YDR224C,YIL138C,0,6.2716007,0.6503496766090393,0.18361303210258484,0.010013016872107983
YAR007C,YNL107W,1,6.266899,0.6515679359436035,0.18460020422935486,0.010013016872107983
YNL031C,YOL072W,1,6.265418,0.6527777910232544,0.18558736145496368,0.010013016872107983
YLR446W,YPL090C,0,6.2606115,0.6505190134048462,0.18558736145496368,0.010113147087395191
YBR082C,YGL249W,0,6.2581263,0.6482758522033691,0.18558736145496368,0.0102132773026824
YOR386W,YNL082W,1,6.256371,0.6494845151901245,0.1865745335817337,0.0102132773026824
YGR047C,YPR192W,0,6.2535057,0.6472602486610413,0.1865745335817337,0.010313407517969608
YOR228C,YOR332W,0,6.2513523,0.6450511813163757,0.1865745335817337,0.010413537733256817
YJL041W,YPR096C,0,6.24852,0.6428571343421936,0.1865745335817337,0.010513667948544025
YBR105C,YHR013C,0,6.246982,0.6406779885292053,0.1865745335817337,0.010613798163831234
YBR088C,YLR320W,1,6.245587,0.6418918967247009,0.18756169080734253,0.010613798163831234
YOL127W,YCR094W,0,6.2320557,0.6397306323051453,0.18756169080734253,0.010713928379118443
YBR223C,YDR227W,1,6.229954,0.6409395933151245,0.18854886293411255,0.010713928379118443
YDR225W,YJR043C,1,6.227101,0.6421404480934143,0.18953603506088257,0.010713928379118443
YLR320W,YMR078C,1,6.225071,0.6433333158493042,0.1905231922864914,0.010713928379118443
YDR097C,YDL164C,1,6.2245703,0.644518256187439,0.1915103644132614,0.010713928379118443
YFR027W,YJR043C,1,6.2241297,0.6456953883171082,0.19249753654003143,0.010713928379118443
YDR097C,YOR290C,1,6.221671,0.6468647122383118,0.19348469376564026,0.010713928379118443
YML102W,YKL054C,1,6.216429,0.6480262875556946,0.19447186589241028,0.010713928379118443
YDL059C,YNL307C,1,6.2116523,0.6491803526878357,0.1954590380191803,0.010713928379118443
YHR099W,YFL039C,1,6.206997,0.6503267884254456,0.19644619524478912,0.010713928379118443
YJR035W,YDR182W,1,6.206091,0.6514657735824585,0.19743336737155914,0.010713928379118443
YHR154W,YBR278W,1,6.203241,0.6525974273681641,0.19842053949832916,0.010713928379118443
YGL163C,YML095C,1,6.1966496,0.6537216901779175,0.199407696723938,0.010713928379118443
YDR369C,YNL312W,1,6.183508,0.6548386812210083,0.200394868850708,0.010713928379118443
YDR523C,YKL181W,0,6.1816645,0.6527331471443176,0.200394868850708,0.010814058594405651
YPR186C,YDR402C,0,6.181158,0.6506410241127014,0.200394868850708,0.01091418880969286
YPL195W,YJR001W,0,6.179434,0.6485623121261597,0.200394868850708,0.011014319024980068
YEL018W,YMR078C,1,6.169464,0.6496815085411072,0.20138204097747803,0.011014319024980068
YJL065C,YDL082W,0,6.1680384,0.6476190686225891,0.20138204097747803,0.011114449240267277
YER142C,YML011C,1,6.1572638,0.6487341523170471,0.20236919820308685,0.011114449240267277
YPL028W,YKL042W,0,6.1537447,0.6466876864433289,0.20236919820308685,0.01121457852423191
YOR061W,YOR228C,0,6.149954,0.6446540951728821,0.20236919820308685,0.01131470873951912
YJR060W,YGL059W,0,6.1494265,0.6426331996917725,0.20236919820308685,0.011414838954806328
YHR090C,YNL136W,1,6.1406393,0.643750011920929,0.20335637032985687,0.011414838954806328
YPL269W,YGR158C,0,6.1406007,0.6417445540428162,0.20335637032985687,0.011514969170093536
YGL087C,YER169W,1,6.1389203,0.6428571343421936,0.2043435275554657,0.011514969170093536
YMR016C,YLR414C,0,6.1364293,0.6408668756484985,0.2043435275554657,0.011615099385380745
YBL024W,YOR076C,0,6.134257,0.6388888955116272,0.2043435275554657,0.011715229600667953
YDL200C,YLR357W,1,6.134036,0.6399999856948853,0.20533069968223572,0.011715229600667953
YLR098C,YBR055C,0,6.1329393,0.6380367875099182,0.20533069968223572,0.011815359815955162
YEL018W,YMR048W,1,6.1295586,0.639143705368042,0.20631787180900574,0.011815359815955162
YNL102W,YEL056W,1,6.1293917,0.6402438879013062,0.20730502903461456,0.011815359815955162
YDL164C,YLR320W,1,6.1280484,0.6413373947143555,0.20829220116138458,0.011815359815955162
YDL020C,YNL299W,1,6.1206474,0.6424242258071899,0.2092793732881546,0.011815359815955162
YER038C,YMR173W,1,6.117484,0.6435045599937439,0.21026653051376343,0.011815359815955162
YNL133C,YOR217W,1,6.1159697,0.6445783376693726,0.21125370264053345,0.011815359815955162
YAL015C,YHR081W,1,6.114895,0.6456456184387207,0.21224087476730347,0.011815359815955162
YOR386W,YLR032W,1,6.114024,0.6467065811157227,0.2132280319929123,0.011815359815955162
YGL150C,YGR258C,1,6.1121945,0.6477611660957336,0.2142152041196823,0.011815359815955162
YDL105W,YEL037C,1,6.1081696,0.648809552192688,0.21520237624645233,0.011815359815955162
YDL051W,YLR127C,0,6.105057,0.6468842625617981,0.21520237624645233,0.01191549003124237
YDR263C,YNL307C,1,6.10467,0.6479290127754211,0.21618953347206116,0.01191549003124237
YFR027W,YOR005C,1,6.1031656,0.6489675641059875,0.21717670559883118,0.01191549003124237
YLR357W,YHL006C,1,6.102992,0.6499999761581421,0.21816386282444,0.01191549003124237
YGL175C,YIL148W,1,6.102472,0.6510263681411743,0.21915103495121002,0.01191549003124237
YKR014C,YGL211W,0,6.1017313,0.6491228342056274,0.21915103495121002,0.01201562024652958
YDR121W,YGL094C,1,6.09996,0.6501457691192627,0.22013820707798004,0.01201562024652958
YLR376C,YEL037C,1,6.0994782,0.6511628031730652,0.22112536430358887,0.01201562024652958
YBR010W,YLR399C,1,6.0985703,0.6521739363670349,0.2221125364303589,0.01201562024652958
YDR096W,YPR192W,0,6.09762,0.650288999080658,0.2221125364303589,0.012115750461816788
YOR389W,YPL153C,0,6.0891423,0.6484149694442749,0.2221125364303589,0.012215880677103996
YLR135W,YEL037C,1,6.0860744,0.6494252681732178,0.2230997085571289,0.012215880677103996
YMR036C,YIR009W,0,6.084215,0.6475644707679749,0.2230997085571289,0.012316010892391205
YDR381W,YKL113C,1,6.0841246,0.6485714316368103,0.22408686578273773,0.012316010892391205
YOR167C,YGL191W,0,6.079012,0.6467236280441284,0.22408686578273773,0.012416141107678413
YDR097C,YDL101C,1,6.077364,0.6477272510528564,0.22507403790950775,0.012416141107678413
YOR386W,YJR006W,1,6.0740013,0.6487252116203308,0.22606121003627777,0.012416141107678413
YER038C,YHR154W,1,6.072894,0.6497175097465515,0.2270483672618866,0.012416141107678413
YNL218W,YIL115C,0,6.0718026,0.6478873491287231,0.2270483672618866,0.012516271322965622
YIL139C,YGL163C,1,6.066233,0.648876428604126,0.22803553938865662,0.012516271322965622
YDL110C,YAL044C,0,6.066125,0.6470588445663452,0.22803553938865662,0.01261640153825283
YLL035W,YML063W,0,6.0633965,0.6452513933181763,0.22803553938865662,0.012716531753540039
YJR009C,YML043C,0,6.062628,0.6434540152549744,0.22803553938865662,0.012816661968827248
YOR315W,YKR059W,0,6.062442,0.6416666507720947,0.22803553938865662,0.012916792184114456
YDR510W,YLR078C,0,6.0589304,0.6398891806602478,0.22803553938865662,0.013016922399401665
YLL036C,YKL017C,1,6.0585804,0.6408839821815491,0.22902271151542664,0.013016922399401665
YOL090W,YFL024C,1,6.0542116,0.641873300075531,0.23000986874103546,0.013016922399401665
YDR314C,YDL042C,1,6.047857,0.6428571343421936,0.23099704086780548,0.013016922399401665
YJL090C,YKR094C,1,6.0470247,0.6438356041908264,0.2319841980934143,0.013016922399401665
YDR128W,YJL190C,0,6.046198,0.6420764923095703,0.2319841980934143,0.013117052614688873
YDL164C,YHR134W,1,6.043392,0.6430517435073853,0.23297137022018433,0.013117052614688873
YML034W,YML074C,0,6.039954,0.6413043737411499,0.23297137022018433,0.013217181898653507
YJL219W,YER113C,0,6.039041,0.6395664215087891,0.23297137022018433,0.013317312113940716
YHR160C,YGL031C,0,6.0388155,0.637837827205658,0.23297137022018433,0.013417442329227924
YGL207W,YOL094C,1,6.0384045,0.6388140320777893,0.23395854234695435,0.013417442329227924
YDR263C,YJR035W,1,6.027276,0.6397849321365356,0.23494569957256317,0.013417442329227924
YMR167W,YLR135W,1,6.025875,0.6407506465911865,0.2359328716993332,0.013417442329227924
YBR198C,YKL042W,0,6.0256643,0.6390374302864075,0.2359328716993332,0.013517572544515133
YOR308C,YEL061C,0,6.0255995,0.637333333492279,0.2359328716993332,0.013617702759802341
YBR009C,YJL025W,0,6.0239973,0.6356382966041565,0.2359328716993332,0.01371783297508955
YDR224C,YGR014W,0,6.0202785,0.633952260017395,0.2359328716993332,0.013817963190376759
YJR066W,YDL017W,0,6.0130434,0.6322751045227051,0.2359328716993332,0.013918093405663967
YBR087W,YGR006W,0,6.0124145,0.6306068897247314,0.2359328716993332,0.014018223620951176
YJL081C,YDL042C,1,6.0123405,0.6315789222717285,0.2369200438261032,0.014018223620951176
YOR057W,YIR037W,0,6.0027065,0.6299212574958801,0.2369200438261032,0.014118353836238384
YKL114C,YDR078C,1,6.000038,0.6308900713920593,0.23790720105171204,0.014118353836238384
YBR231C,YKL164C,0,5.9996943,0.6292428374290466,0.23790720105171204,0.014218484051525593
YIL143C,YGL090W,1,5.9966583,0.6302083134651184,0.23889437317848206,0.014218484051525593
YDR440W,YDR456W,0,5.9916525,0.6285714507102966,0.23889437317848206,0.014318614266812801
YOR290C,YOR369C,0,5.98705,0.6269429922103882,0.23889437317848206,0.01441874448210001
YLR373C,YBR245C,0,5.9776983,0.6253229975700378,0.23889437317848206,0.014518874697387218
YBR087W,YNR045W,0,5.97336,0.623711347579956,0.23889437317848206,0.014619004912674427
YBL103C,YHR171W,0,5.9702964,0.622107982635498,0.23889437317848206,0.014719135127961636
YER133W,YML087C,0,5.9702196,0.620512843132019,0.23889437317848206,0.014819265343248844
YIL143C,YGL070C,1,5.963391,0.6214833855628967,0.23988154530525208,0.014819265343248844
YBR272C,YNL085W,1,5.9492264,0.6224489808082581,0.2408687025308609,0.014819265343248844
YNL136W,YBR009C,0,5.9481587,0.6208651661872864,0.2408687025308609,0.014919395558536053
YHL024W,YGR006W,0,5.9468613,0.6192893385887146,0.2408687025308609,0.015019525773823261
YDR190C,YNL107W,1,5.9459047,0.6202531456947327,0.24185587465763092,0.015019525773823261
YEL018W,YNL031C,1,5.9443994,0.6212121248245239,0.24284304678440094,0.015019525773823261
YHR079C-A,YHR099W,1,5.9434376,0.6221662759780884,0.24383020401000977,0.015019525773823261
YBR073W,YLL002W,1,5.9417057,0.623115599155426,0.24481737613677979,0.015019525773823261
YDL164C,YNL273W,1,5.9410954,0.6240601539611816,0.2458045482635498,0.015019525773823261
YBL019W,YDL154W,1,5.939274,0.625,0.24679170548915863,0.015019525773823261
YBR010W,YGL127C,1,5.925145,0.6259351372718811,0.24777887761592865,0.015019525773823261
YDR159W,YNL133C,1,5.922888,0.6268656849861145,0.24876603484153748,0.015019525773823261
YIL115C,YMR184W,0,5.9191084,0.6253101825714111,0.24876603484153748,0.01511965598911047
YDR368W,YLR467W,0,5.9183283,0.6237623691558838,0.24876603484153748,0.015219785273075104
YLL062C,YLR287C-A,0,5.9183226,0.6222222447395325,0.24876603484153748,0.015319915488362312
YAR007C,YKL113C,1,5.915063,0.6231527328491211,0.2497532069683075,0.015319915488362312
YMR201C,YHR081W,1,5.9146395,0.624078631401062,0.2507403790950775,0.015319915488362312
YML069W,YBR010W,1,5.91372,0.625,0.25172755122184753,0.015319915488362312
YDR224C,YJL140W,1,5.9102187,0.6259168982505798,0.25271472334861755,0.015319915488362312
YNL139C,YLR383W,1,5.908882,0.6268292665481567,0.2537018656730652,0.015319915488362312
YDR314C,YML011C,1,5.90865,0.6277372241020203,0.2546890377998352,0.015319915488362312
YPR056W,YEL037C,1,5.9065876,0.6286407709121704,0.2556762099266052,0.015319915488362312
YLR007W,YGR258C,1,5.9043627,0.629539966583252,0.25666338205337524,0.015319915488362312
YGL090W,YIL154C,1,5.8970556,0.6304348111152649,0.25765055418014526,0.015319915488362312
YGR047C,YGL003C,0,5.895735,0.6289156675338745,0.25765055418014526,0.015420045703649521
YJR035W,YGL087C,1,5.8936853,0.629807710647583,0.2586376965045929,0.015420045703649521
YKR062W,YOL149W,0,5.8929377,0.6282973885536194,0.2586376965045929,0.01552017591893673
YDL056W,YLR467W,0,5.892815,0.6267942786216736,0.2586376965045929,0.015620306134223938
YBR123C,YHR117W,0,5.892438,0.6252983212471008,0.2586376965045929,0.015720436349511147
YIL132C,YEL037C,1,5.8905835,0.6261904835700989,0.2596248686313629,0.015720436349511147
YOR061W,YER045C,0,5.880807,0.6247031092643738,0.2596248686313629,0.015820566564798355
YDL043C,YER045C,0,5.8802743,0.6232227683067322,0.2596248686313629,0.015920696780085564
YOR061W,YJL221C,0,5.878064,0.6217494010925293,0.2596248686313629,0.016020826995372772
YER038C,YBR228W,1,5.876056,0.6226415038108826,0.26061204075813293,0.016020826995372772
YDR118W,YOR332W,0,5.8728766,0.6211764812469482,0.26061204075813293,0.01612095721065998
YGL136C,YBR273C,0,5.8701267,0.6197183132171631,0.26061204075813293,0.01622108742594719
YKL213C,YLR288C,1,5.868307,0.620608925819397,0.26159921288490295,0.01622108742594719
YDR242W,YDL060W,0,5.8658853,0.6191588640213013,0.26159921288490295,0.016321217641234398
YKL112W,YIL153W,1,5.8641973,0.6200466156005859,0.262586385011673,0.016321217641234398
YPR175W,YNL107W,1,5.8631763,0.6209302544593811,0.263573557138443,0.016321217641234398
YGL232W,YML095C,0,5.8577557,0.6194895505905151,0.263573557138443,0.016421347856521606
YER174C,YER089C,0,5.8559566,0.6180555820465088,0.263573557138443,0.016521478071808815
YER111C,YGR037C,0,5.854537,0.6166281700134277,0.263573557138443,0.016621608287096024
YNL031C,YER041W,1,5.8533683,0.617511510848999,0.2645606994628906,0.016621608287096024
YPL177C,YJL025W,0,5.8507614,0.6160919666290283,0.2645606994628906,0.016721738502383232
YJR052W,YBR089C-A,1,5.8499393,0.6169725060462952,0.26554787158966064,0.016721738502383232
YML011C,YNL299W,1,5.849862,0.6178489923477173,0.26653504371643066,0.016721738502383232
YPR047W,YJR089W,0,5.8475513,0.6164383292198181,0.26653504371643066,0.01682186871767044
YDR018C,YKR104W,0,5.846977,0.6150341629981995,0.26653504371643066,0.01692199893295765
YER173W,YJL133W,0,5.8380785,0.6136363744735718,0.26653504371643066,0.017022129148244858
YDL164C,YER056C-A,0,5.837802,0.6122449040412903,0.26653504371643066,0.017122259363532066
YCR092C,YDL082W,0,5.8323593,0.610859751701355,0.26653504371643066,0.017222389578819275
YDL084W,YLR394W,1,5.831208,0.6117381453514099,0.2675222158432007,0.017222389578819275
YMR201C,YBR278W,1,5.8299646,0.6126126050949097,0.2685093879699707,0.017222389578819275
YDR440W,YCR014C,1,5.828739,0.6134831309318542,0.26949653029441833,0.017222389578819275
YGR002C,YJR045C,0,5.82782,0.6121076345443726,0.26949653029441833,0.017322519794106483
YML021C,YMR284W,1,5.827181,0.6129754185676575,0.27048370242118835,0.017322519794106483
YOL072W,YOL109W,0,5.824432,0.6116071343421936,0.27048370242118835,0.017422650009393692
YML113W,YNL146W,0,5.8233147,0.6102449893951416,0.27048370242118835,0.0175227802246809
YOR033C,YBR228W,1,5.823016,0.6111111044883728,0.2714708745479584,0.0175227802246809
YDR018C,YGR124W,0,5.818142,0.6097561120986938,0.2714708745479584,0.01762291043996811
YML060W,YBR228W,1,5.8108745,0.6106194853782654,0.2724580466747284,0.01762291043996811
YBR272C,YOR244W,1,5.810622,0.6114790439605713,0.2734452188014984,0.01762291043996811
YDR022C,YHR129C,0,5.805522,0.6101321578025818,0.2734452188014984,0.017723040655255318
YER111C,YGL227W,0,5.804819,0.6087912321090698,0.2734452188014984,0.017823170870542526
YLR321C,YDL047W,1,5.8036814,0.609649121761322,0.27443239092826843,0.017823170870542526
YDR533C,YHR181W,0,5.7990084,0.608315110206604,0.27443239092826843,0.017923301085829735
YER142C,YIL153W,1,5.798645,0.6091703176498413,0.27541953325271606,0.017923301085829735
YPR175W,YOL072W,1,5.798359,0.6100217700004578,0.2764067053794861,0.017923301085829735
YOR389W,YDR118W,0,5.7963963,0.6086956262588501,0.2764067053794861,0.018023431301116943
YER171W,YFL008W,1,5.795225,0.6095444560050964,0.2773938775062561,0.018023431301116943
YDL166C,YER111C,0,5.792096,0.6082251071929932,0.2773938775062561,0.018123561516404152
YDL084W,YKL112W,1,5.7905464,0.6090712547302246,0.2783810496330261,0.018123561516404152
YMR036C,YGR006W,0,5.7858,0.607758641242981,0.2783810496330261,0.01822368986904621
YOR368W,YJR052W,1,5.785239,0.6086021661758423,0.27936822175979614,0.01822368986904621
YNL085W,YDR092W,1,5.7846856,0.6094420552253723,0.28035539388656616,0.01822368986904621
YIL115C,YOR244W,0,5.782293,0.6081370711326599,0.28035539388656616,0.01832382008433342
YBR082C,YNL206C,0,5.7789965,0.6068376302719116,0.28035539388656616,0.01842395029962063
YOR116C,YPR005C,0,5.7772694,0.6055437326431274,0.28035539388656616,0.018524080514907837
YLR127C,YLR286C,0,5.776704,0.6042553186416626,0.28035539388656616,0.018624210730195045
YBR087W,YBR035C,0,5.7764325,0.6029723882675171,0.28035539388656616,0.018724340945482254
YKL032C,YLR399C,1,5.775891,0.6038135886192322,0.2813425362110138,0.018724340945482254
YDR069C,YOR369C,0,5.7680306,0.6025369763374329,0.2813425362110138,0.018824471160769463
YDR097C,YLR394W,1,5.764612,0.6033755540847778,0.2823297083377838,0.018824471160769463
YGL128C,YPR192W,0,5.7638273,0.6021052598953247,0.2823297083377838,0.01892460137605667
YLR098C,YPL204W,0,5.753892,0.6008403301239014,0.2823297083377838,0.01902473159134388
YPL164C,YGL207W,1,5.7530103,0.6016771197319031,0.28331688046455383,0.01902473159134388
YGR008C,YAL003W,0,5.752701,0.6004183888435364,0.28331688046455383,0.019124861806631088
YKR095W,YBR114W,1,5.7501717,0.6012526154518127,0.28430405259132385,0.019124861806631088
YGR063C,YGR075C,0,5.7471046,0.6000000238418579,0.28430405259132385,0.019224992021918297
YOR151C,YML095C,0,5.7393885,0.5987526178359985,0.28430405259132385,0.019325122237205505
YER173W,YDL164C,1,5.7391114,0.5995850563049316,0.28529122471809387,0.019325122237205505
YBR087W,YFL003C,1,5.7379684,0.6004140973091125,0.2862783670425415,0.019325122237205505
YNL262W,YGL127C,1,5.7371874,0.6012396812438965,0.2872655391693115,0.019325122237205505
YLR086W,YKL173W,0,5.7348003,0.6000000238418579,0.2872655391693115,0.019425252452492714
YBL093C,YGR071C,0,5.734109,0.5987654328346252,0.2872655391693115,0.019525382667779922
YDR533C,YLR100W,0,5.7332096,0.5975359082221985,0.2872655391693115,0.01962551288306713
YPR005C,YGR116W,0,5.732581,0.5963114500045776,0.2872655391693115,0.01972564309835434
YDR190C,YJR043C,1,5.732029,0.5971370339393616,0.28825271129608154,0.01972564309835434
YER148W,YGR008C,0,5.726241,0.5959183573722839,0.28825271129608154,0.019825773313641548
YBR223C,YAL015C,1,5.7251773,0.5967413187026978,0.28923988342285156,0.019825773313641548
YNL312W,YPR135W,1,5.7213755,0.5975610017776489,0.2902270555496216,0.019825773313641548
YAL043C,YNL119W,0,5.720849,0.5963488817214966,0.2902270555496216,0.019925903528928757
YCL031C,YGL059W,0,5.7204933,0.5951417088508606,0.2902270555496216,0.020026033744215965
YOL005C,YOR070C,0,5.7184105,0.5939394235610962,0.2902270555496216,0.020126163959503174
YLR096W,YLR446W,0,5.7178974,0.5927419066429138,0.2902270555496216,0.020226294174790382
YDL141W,YGR295C,0,5.7136464,0.591549277305603,0.2902270555496216,0.02032642439007759
YHR164C,YML023C,1,5.7074413,0.5923694968223572,0.2912142276763916,0.02032642439007759
YKL004W,YDR523C,0,5.7053165,0.5911823511123657,0.2912142276763916,0.0204265546053648
YDR288W,YFL003C,1,5.7049017,0.5920000076293945,0.29220137000083923,0.0204265546053648
YDR030C,YML011C,1,5.7022104,0.5928143858909607,0.29318854212760925,0.0204265546053648
YML095C,YKL042W,0,5.697694,0.5916334390640259,0.29318854212760925,0.020526684820652008
YOL030W,YPL017C,0,5.6969194,0.5904572606086731,0.29318854212760925,0.020626815035939217
YNL206C,YHR129C,0,5.696656,0.5892857313156128,0.29318854212760925,0.020726945251226425
YHR207C,YCL061C,0,5.696068,0.5881187915802002,0.29318854212760925,0.020827075466513634
YBR010W,YGL094C,1,5.695841,0.5889328122138977,0.2941757142543793,0.020827075466513634
YLR442C,YPL235W,1,5.694397,0.5897436141967773,0.2951628863811493,0.020827075466513634
YDR533C,YPL068C,0,5.691537,0.5885826945304871,0.2951628863811493,0.020927205681800842
YIR015W,YOR127W,0,5.6899858,0.5874263048171997,0.2951628863811493,0.02102733589708805
YLR376C,YJL090C,1,5.681866,0.5882353186607361,0.2961500585079193,0.02102733589708805
YLR007W,YPL046C,1,5.680765,0.5890411138534546,0.29713723063468933,0.02102733589708805
YDL070W,YOR290C,1,5.6766434,0.58984375,0.29812437295913696,0.02102733589708805
YNL250W,YLR320W,1,5.669279,0.5906432867050171,0.299111545085907,0.02102733589708805
YOR315W,YER180C,0,5.6659365,0.5894941687583923,0.299111545085907,0.02112746611237526
YDR533C,YPR049C,0,5.6648607,0.5883495211601257,0.299111545085907,0.021227596327662468
YDR279W,YJR155W,0,5.664035,0.5872092843055725,0.299111545085907,0.021327726542949677
YOR120W,YJL189W,0,5.6604214,0.5860735177993774,0.299111545085907,0.021427856758236885
YJR097W,YJR155W,0,5.653097,0.584942102432251,0.299111545085907,0.021527986973524094
YHR046C,YOR151C,0,5.6493616,0.5838150382041931,0.299111545085907,0.021628117188811302
YGL090W,YNL273W,1,5.646512,0.5846154093742371,0.300098717212677,0.021628117188811302
YPR164W,YNL290W,1,5.6423597,0.5854126811027527,0.301085889339447,0.021628117188811302
YPL167C,YKL032C,1,5.641233,0.5862069129943848,0.30207306146621704,0.021628117188811302
YDL084W,YDL101C,1,5.640733,0.5869981050491333,0.3030602037906647,0.021628117188811302
YDL070W,YGL207W,1,5.639598,0.5877862572669983,0.3040473759174347,0.021628117188811302
YDR159W,YPR056W,1,5.6389794,0.5885714292526245,0.3050345480442047,0.021628117188811302
YJL221C,YBR009C,0,5.6333,0.5874524712562561,0.3050345480442047,0.02172824740409851
YPR132W,YDL164C,0,5.6280613,0.5863377451896667,0.3050345480442047,0.02182837761938572
YHR079C-A,YML069W,1,5.6259413,0.5871211886405945,0.30602172017097473,0.02182837761938572
YMR167W,YKR056W,1,5.6245184,0.5879017114639282,0.30700889229774475,0.02182837761938572
YJL008C,YKR097W,0,5.6237984,0.5867924690246582,0.30700889229774475,0.021928507834672928
YGR071C,YPL038W,0,5.6207952,0.5856873989105225,0.30700889229774475,0.022028638049960136
YDL105W,YPL167C,1,5.6199656,0.5864661931991577,0.30799606442451477,0.022028638049960136
YER106W,YLR176C,0,5.617641,0.5853658318519592,0.30799606442451477,0.022128768265247345
YLR442C,YJL140W,1,5.61551,0.5861423015594482,0.3089832067489624,0.022128768265247345
YML027W,YDR387C,0,5.6099963,0.5850467085838318,0.3089832067489624,0.022228898480534554
YKL010C,YBR084W,0,5.609932,0.5839552283287048,0.3089832067489624,0.022329026833176613
YIL084C,YPR096C,0,5.609811,0.5828678011894226,0.3089832067489624,0.02242915704846382
YKR062W,YLR038C,0,5.606703,0.5817843675613403,0.3089832067489624,0.02252928726375103
YNL162W,YKR105C,0,5.6057634,0.5807049870491028,0.3089832067489624,0.02262941747903824
YMR043W,YER096W,0,5.604933,0.5796296000480652,0.3089832067489624,0.022729547694325447
YIR036C,YLR172C,0,5.6028104,0.5785582065582275,0.3089832067489624,0.022829677909612656
YOR069W,YER112W,0,5.5992427,0.5774907469749451,0.3089832067489624,0.022929808124899864
YDL192W,YER173W,0,5.5980787,0.5764272809028625,0.3089832067489624,0.023029938340187073
YDR121W,YMR201C,1,5.5916224,0.5772058963775635,0.3099703788757324,0.023029938340187073
YBR055C,YJR022W,0,5.589671,0.5761467814445496,0.3099703788757324,0.02313006855547428
YER171W,YPR164W,1,5.5888195,0.5769230723381042,0.31095755100250244,0.02313006855547428
YDR388W,YER126C,0,5.5888042,0.5758683681488037,0.31095755100250244,0.02323019877076149
YIR014W,YKR094C,0,5.5877542,0.5748175382614136,0.31095755100250244,0.0233303289860487
YMR314W,YIR015W,0,5.5863094,0.5737704634666443,0.31095755100250244,0.023430459201335907
YLR383W,YDL059C,1,5.581763,0.5745454430580139,0.31194472312927246,0.023430459201335907
YDL051W,YPL028W,0,5.5796404,0.5735027194023132,0.31194472312927246,0.023530589416623116
YOR386W,YAL003W,0,5.578656,0.5724637508392334,0.31194472312927246,0.023630719631910324
YDR022C,YDL060W,0,5.577877,0.5714285969734192,0.31194472312927246,0.023730849847197533
YCL055W,YJR134C,0,5.5772843,0.570397138595581,0.31194472312927246,0.02383098006248474
YHR206W,YNL091W,0,5.5771914,0.569369375705719,0.31194472312927246,0.02393111027777195
YER095W,YDR224C,1,5.576683,0.5701438784599304,0.3129318952560425,0.02393111027777195
YMR284W,YLR320W,1,5.5746374,0.5709156394004822,0.3139190375804901,0.02393111027777195
YDR076W,YOL034W,1,5.573058,0.5716845989227295,0.31490620970726013,0.02393111027777195
YKR095W,YGL094C,1,5.570437,0.5724508166313171,0.31589338183403015,0.02393111027777195
YKL114C,YDR359C,1,5.5697165,0.5732142925262451,0.31688055396080017,0.02393111027777195
YJL090C,YDR113C,1,5.5660686,0.5739750266075134,0.3178677260875702,0.02393111027777195
YDR334W,YPR184W,0,5.566045,0.5729537606239319,0.3178677260875702,0.02403124049305916
YBL075C,YNR050C,0,5.5660305,0.5719360709190369,0.3178677260875702,0.024131370708346367
YDR224C,YOR217W,1,5.5643177,0.5726950168609619,0.3188548982143402,0.024131370708346367
YDR265W,YBL057C,0,5.562531,0.5716814398765564,0.3188548982143402,0.024231500923633575
YPR175W,YMR224C,1,5.5605106,0.5724381804466248,0.31984204053878784,0.024231500923633575
YDR182W,YBL019W,1,5.55256,0.5731922388076782,0.32082921266555786,0.024231500923633575
YJR158W,YOR369C,0,5.551961,0.5721830725669861,0.32082921266555786,0.024331631138920784
YNL331C,YDR101C,0,5.5502415,0.5711774826049805,0.32082921266555786,0.024431761354207993
YJL157C,YNR027W,0,5.545621,0.5701754093170166,0.32082921266555786,0.0245318915694952
YIR017C,YML060W,0,5.544292,0.5691769123077393,0.32082921266555786,0.02463202178478241
YJL157C,YOL139C,0,5.5437694,0.5681818127632141,0.32082921266555786,0.024732152000069618
YDR158W,YMR017W,0,5.5435133,0.5671902298927307,0.32082921266555786,0.024832282215356827
YML011C,YGR258C,1,5.539503,0.5679442286491394,0.3218163847923279,0.024832282215356827
YDL101C,YDR523C,0,5.539173,0.5669565200805664,0.3218163847923279,0.024932412430644035
YOL094C,YDR190C,1,5.537901,0.5677083134651184,0.3228035569190979,0.024932412430644035
YDR440W,YGL147C,0,5.5373497,0.566724419593811,0.3228035569190979,0.025032542645931244
YFR037C,YOR080W,0,5.5368996,0.5657439231872559,0.3228035569190979,0.025132672861218452
YBL021C,YIL160C,0,5.532158,0.5647668242454529,0.3228035569190979,0.02523280307650566
YBR087W,YER106W,0,5.529723,0.5637931227684021,0.3228035569190979,0.02533293329179287
YDL084W,YML095C,1,5.5248013,0.5645439028739929,0.3237907290458679,0.02533293329179287
YPR052C,YDR311W,1,5.519759,0.5652921199798584,0.32477790117263794,0.02533293329179287
YDL042C,YNL246W,1,5.5185556,0.5660377144813538,0.32576504349708557,0.02533293329179287
YMR043W,YKL010C,0,5.5167813,0.5650684833526611,0.32576504349708557,0.025433063507080078
YDL030W,YML070W,0,5.5161886,0.5641025900840759,0.32576504349708557,0.025533193722367287
YLR035C,YBR088C,1,5.51523,0.564846396446228,0.3267522156238556,0.025533193722367287
YDR228C,YPL111W,0,5.514591,0.5638841390609741,0.3267522156238556,0.025633323937654495
YML077W,YPR192W,0,5.5145483,0.5629251599311829,0.3267522156238556,0.025733454152941704
YMR137C,YFL024C,1,5.5139236,0.5636672377586365,0.3277393877506256,0.025733454152941704
YIL126W,YLR007W,1,5.509741,0.5644067525863647,0.32872655987739563,0.025733454152941704
YBR237W,YML060W,0,5.5089383,0.5634517669677734,0.32872655987739563,0.025833584368228912
YIL138C,YDL065C,0,5.5068045,0.5625,0.32872655987739563,0.02593371458351612
YHR086W,YFL039C,0,5.5067225,0.5615514516830444,0.32872655987739563,0.02603384479880333
YDR097C,YDR217C,1,5.504155,0.5622895359992981,0.32971373200416565,0.02603384479880333
YER029C,YNR007C,0,5.502857,0.561344563961029,0.32971373200416565,0.026133975014090538
YJL190C,YOR044W,0,5.4927473,0.5604026913642883,0.32971373200416565,0.026234105229377747
YPR175W,YGL163C,1,5.4914427,0.5611390471458435,0.3307008743286133,0.026234105229377747
YDR159W,YHR056C,1,5.4902334,0.5618728995323181,0.3316880464553833,0.026234105229377747
YDR107C,YER111C,0,5.489007,0.5609349012374878,0.3316880464553833,0.026334233582019806
YBR237W,YPR096C,0,5.488088,0.5600000023841858,0.3316880464553833,0.026434363797307014
YOL018C,YER113C,0,5.487402,0.5590682029724121,0.3316880464553833,0.026534494012594223
YML106W,YLR097C,0,5.4872217,0.5581395626068115,0.3316880464553833,0.02663462422788143
YBL021C,YDL065C,0,5.4870787,0.5572139024734497,0.3316880464553833,0.02673475444316864
YDR381W,YNL102W,1,5.4866,0.557947039604187,0.3326752185821533,0.02673475444316864
YGL070C,YLR321C,1,5.4862146,0.5586776733398438,0.33366239070892334,0.02673475444316864
YLR015W,YPR049C,0,5.483697,0.5577557682991028,0.33366239070892334,0.02683488465845585
YOL043C,YJR035W,1,5.481889,0.5584843754768372,0.33464956283569336,0.02683488465845585
YPR056W,YNL133C,1,5.481556,0.5592105388641357,0.3356367349624634,0.02683488465845585
YKL114C,YDR499W,1,5.4792395,0.5599343180656433,0.336623877286911,0.02683488465845585
YBR087W,YHR164C,1,5.4778156,0.5606557130813599,0.33761104941368103,0.02683488465845585
YDL102W,YOR258W,1,5.4774947,0.5613747835159302,0.33859822154045105,0.02683488465845585
YNR016C,YER184C,0,5.474943,0.5604575276374817,0.33859822154045105,0.026935014873743057
YOR120W,YDR393W,0,5.4720078,0.559543251991272,0.33859822154045105,0.027035145089030266
YDL084W,YPR164W,1,5.471625,0.5602605938911438,0.33958539366722107,0.027035145089030266
YDR096W,YLR357W,0,5.471143,0.5593495965003967,0.33958539366722107,0.027135275304317474
YDR224C,YPR056W,1,5.470666,0.5600649118423462,0.3405725657939911,0.027135275304317474
YER095W,YJR060W,0,5.4670453,0.5591571927070618,0.3405725657939911,0.027235405519604683
YDL080C,YOL123W,0,5.463318,0.5582524538040161,0.3405725657939911,0.02733553573489189
YDL019C,YBL010C,0,5.4596415,0.5573505759239197,0.3405725657939911,0.0274356659501791
YKL108W,YOR080W,0,5.4589233,0.5564516186714172,0.3405725657939911,0.02753579616546631
YGL127C,YPL153C,1,5.457182,0.5571658611297607,0.3415597379207611,0.02753579616546631
YJL081C,YHR099W,1,5.4558797,0.5578778386116028,0.34254688024520874,0.02753579616546631
YBR228W,YNL299W,1,5.455842,0.5585874915122986,0.34353405237197876,0.02753579616546631
YPR178W,YPL220W,0,5.4557085,0.557692289352417,0.34353405237197876,0.027635926380753517
YMR235C,YNL077W,0,5.453645,0.5568000078201294,0.34353405237197876,0.027736056596040726
YGL205W,YNR050C,0,5.4528313,0.5559105277061462,0.34353405237197876,0.027836186811327934
YDR253C,YML060W,0,5.4486036,0.5550239086151123,0.34353405237197876,0.027936317026615143
YNL102W,YKL113C,1,5.44759,0.5557324886322021,0.3445212244987488,0.027936317026615143
YDL060W,YFL037W,0,5.446539,0.5548489689826965,0.3445212244987488,0.02803644724190235
YBR240C,YGR124W,0,5.444919,0.5539682507514954,0.3445212244987488,0.02813657745718956
YBR058C,YFR005C,0,5.4355917,0.5530903339385986,0.3445212244987488,0.02823670767247677
YDR032C,YLL035W,0,5.430581,0.5522152185440063,0.3445212244987488,0.028336837887763977
YDR478W,YCR010C,0,5.4304094,0.551342785358429,0.3445212244987488,0.028436968103051186
YPR175W,YIL148W,1,5.429078,0.5520504713058472,0.3455083966255188,0.028436968103051186
YER029C,YIL145C,0,5.4287148,0.5511810779571533,0.3455083966255188,0.028537098318338394
YPR164W,YOL034W,1,5.4278216,0.551886796951294,0.3464955687522888,0.028537098318338394
YPL028W,YML087C,0,5.427326,0.5510203838348389,0.3464955687522888,0.028637228533625603
YNL312W,YNL262W,1,5.4273243,0.5517241358757019,0.34748271107673645,0.028637228533625603
YDL007W,YER174C,0,5.4270544,0.5508607029914856,0.34748271107673645,0.02873735874891281
YLR126C,YOR080W,0,5.426541,0.550000011920929,0.34748271107673645,0.02883748896420002
YDR225W,YDR440W,1,5.425193,0.5507020354270935,0.34846988320350647,0.02883748896420002
YML074C,YNR045W,0,5.4251575,0.5498442649841309,0.34846988320350647,0.02893761917948723
YAL015C,YOR386W,1,5.424643,0.5505443215370178,0.3494570553302765,0.02893761917948723
YER161C,YJR045C,0,5.420517,0.5496894121170044,0.3494570553302765,0.029037749394774437
YDL042C,YNL085W,1,5.4191275,0.5503876209259033,0.3504442274570465,0.029037749394774437
YJL081C,YDR369C,1,5.4132333,0.5510835647583008,0.35143139958381653,0.029037749394774437
YDR050C,YJR158W,0,5.412388,0.5502318143844604,0.35143139958381653,0.029137879610061646
YLL036C,YNL307C,1,5.411067,0.5509259104728699,0.35241857171058655,0.029137879610061646
YPR118W,YDR093W,0,5.4110193,0.5500770211219788,0.35241857171058655,0.029238009825348854
YNL291C,YGL089C,0,5.411007,0.5492307543754578,0.35241857171058655,0.029338140040636063
YMR167W,YOR244W,1,5.4084654,0.5499231815338135,0.3534057140350342,0.029338140040636063
YDR311W,YJR144W,1,5.4062967,0.550613522529602,0.3543928861618042,0.029338140040636063
YKL089W,YPL206C,0,5.4060726,0.5497702956199646,0.3543928861618042,0.02943827025592327
YOL031C,YKL010C,0,5.406019,0.5489296913146973,0.3543928861618042,0.02953840047121048
YOR244W,YNL289W,0,5.4050198,0.5480915904045105,0.3543928861618042,0.02963853068649769
YBR058C,YIL138C,0,5.403925,0.5472561120986938,0.3543928861618042,0.029738660901784897
YLR321C,YNL299W,1,5.4022365,0.5479452013969421,0.3553800582885742,0.029738660901784897
YLR356W,YML063W,0,5.398656,0.5471124649047852,0.3553800582885742,0.029838791117072105
YMR201C,YKR097W,0,5.398218,0.5462822318077087,0.3553800582885742,0.029938921332359314
YHR090C,YFR037C,1,5.3949747,0.5469697117805481,0.35636723041534424,0.029938921332359314
YDL164C,YML063W,0,5.3919086,0.5461422204971313,0.35636723041534424,0.030039051547646523
YDL166C,YNL159C,0,5.387889,0.5453172326087952,0.35636723041534424,0.03013918176293373
YDL164C,YDR138W,1,5.383806,0.5460030436515808,0.35735440254211426,0.03013918176293373
YGL136C,YGL123W,0,5.378306,0.5451807379722595,0.35735440254211426,0.03023931197822094
YLR109W,YMR285C,0,5.3780155,0.544360876083374,0.35735440254211426,0.030339442193508148
YDR448W,YNL212W,0,5.377455,0.5435435175895691,0.35735440254211426,0.030439570546150208
YDR097C,YBR136W,1,5.3769064,0.5442278981208801,0.3583415448665619,0.030439570546150208
YML034W,YMR282C,0,5.374851,0.5434131622314453,0.3583415448665619,0.030539700761437416
YDR052C,YJL048C,0,5.3720403,0.5426008701324463,0.3583415448665619,0.030639830976724625
YDL164C,YER082C,0,5.371115,0.5417910218238831,0.3583415448665619,0.030739961192011833
YOR258W,YPL194W,1,5.3657274,0.5424739122390747,0.3593287169933319,0.030739961192011833
YOR174W,YML074C,0,5.3653326,0.5416666865348816,0.3593287169933319,0.030840091407299042
YGR116W,YGL157W,0,5.3593183,0.5408617854118347,0.3593287169933319,0.03094022162258625
YLR015W,YGR234W,0,5.3560457,0.5400593280792236,0.3593287169933319,0.03104035183787346
YGL090W,YML074C,0,5.3551674,0.5392592549324036,0.3593287169933319,0.031140482053160667
YGL232W,YKL042W,0,5.353521,0.5384615659713745,0.3593287169933319,0.031240612268447876
YHR031C,YPL231W,0,5.3509197,0.5376662015914917,0.3593287169933319,0.031340744346380234
YDR113C,YIL154C,1,5.350052,0.5383480787277222,0.36031588912010193,0.031340744346380234
YLR005W,YER169W,1,5.3431835,0.539027988910675,0.36130306124687195,0.031340744346380234
YBR082C,YDL065C,0,5.3388724,0.5382353067398071,0.36130306124687195,0.03144087269902229
YDR217C,YML023C,1,5.335842,0.538913369178772,0.36229023337364197,0.03144087269902229
YGR008C,YBR009C,0,5.335215,0.5381231904029846,0.36229023337364197,0.03154100477695465
YBR272C,YMR156C,1,5.3342266,0.5387994050979614,0.363277405500412,0.03154100477695465
YKL108W,YHR086W,0,5.33232,0.5380116701126099,0.363277405500412,0.03164113312959671
YDR531W,YML104C,0,5.3321576,0.5372262597084045,0.363277405500412,0.03174126520752907
YDL190C,YNL136W,0,5.3317714,0.5364431738853455,0.363277405500412,0.03184139356017113
YCR092C,YMR201C,1,5.3262634,0.5371178984642029,0.3642645478248596,0.03184139356017113
YNL039W,YBR251W,0,5.324497,0.5363371968269348,0.3642645478248596,0.031941525638103485
YDR288W,YNL133C,1,5.3228045,0.537010133266449,0.36525171995162964,0.031941525638103485
YDR288W,YOL034W,1,5.322169,0.5376811623573303,0.36623889207839966,0.031941525638103485
YNL158W,YCL047C,0,5.322141,0.5369030237197876,0.36623889207839966,0.032041653990745544
YJR057W,YPL022W,1,5.318468,0.5375722646713257,0.3672260642051697,0.032041653990745544
YIL150C,YOR043W,0,5.3165593,0.536796510219574,0.3672260642051697,0.0321417860686779
YDL101C,YDR031W,0,5.3152966,0.5360230803489685,0.3672260642051697,0.03224191442131996
YNL082W,YKR008W,1,5.3127155,0.5366906523704529,0.3682132363319397,0.03224191442131996
YCR092C,YPL153C,1,5.3117933,0.5373563170433044,0.3692004084587097,0.03224191442131996
YML102W,YDR182W,1,5.3074975,0.5380200743675232,0.37018755078315735,0.03224191442131996
YOR179C,YHR161C,0,5.3071146,0.5372492671012878,0.37018755078315735,0.03234204649925232
YNL273W,YFL008W,1,5.3067894,0.5379112958908081,0.37117472290992737,0.03234204649925232
YMR137C,YNL139C,1,5.300812,0.5385714173316956,0.3721618950366974,0.03234204649925232
YFR027W,YNL082W,1,5.3003426,0.539229691028595,0.3731490671634674,0.03234204649925232
YBR022W,YMR152W,0,5.3000927,0.5384615659713745,0.3731490671634674,0.03244217485189438
YLR441C,YGR014W,0,5.300041,0.537695586681366,0.3731490671634674,0.03254230320453644
YFR027W,YLR265C,1,5.2993555,0.5383522510528564,0.3741362392902374,0.03254230320453644
YAR015W,YBR033W,0,5.29858,0.5375886559486389,0.3741362392902374,0.032642435282468796
YBR123C,YJL153C,0,5.2982187,0.5368272066116333,0.3741362392902374,0.032742563635110855
YJL173C,YHR056C,1,5.2932005,0.5374823212623596,0.37512338161468506,0.032742563635110855
YLR286C,YHL036W,0,5.291649,0.5367231369018555,0.37512338161468506,0.03284269571304321
YNL185C,YPL202C,0,5.291122,0.535966157913208,0.37512338161468506,0.03294282406568527
YHR090C,YBR136W,1,5.288281,0.5366197228431702,0.3761105537414551,0.03294282406568527
YIR002C,YIL090W,0,5.281674,0.5358649492263794,0.3761105537414551,0.03304295614361763
YNL166C,YCL069W,0,5.2796917,0.5351123809814453,0.3761105537414551,0.03314308449625969
YMR190C,YNL273W,1,5.277235,0.5357643961906433,0.3770977258682251,0.03314308449625969
YBL093C,YBL061C,0,5.277028,0.5350140333175659,0.3770977258682251,0.03324321657419205
YDL108W,YDL065C,0,5.2734146,0.5342657566070557,0.3770977258682251,0.033343344926834106
YDR448W,YJR075W,0,5.2733917,0.5335195660591125,0.3770977258682251,0.033443477004766464
YDL042C,YIL148W,1,5.2713284,0.5341701507568359,0.3780848979949951,0.033443477004766464
YJR025C,YBL090W,0,5.271137,0.5334261655807495,0.3780848979949951,0.033543605357408524
YOR315W,YLR381W,0,5.265748,0.5326842665672302,0.3780848979949951,0.03364373743534088
YGR124W,YDR362C,0,5.263274,0.5319444537162781,0.3780848979949951,0.03374386578798294
YML034W,YDR479C,0,5.262643,0.5312066674232483,0.3780848979949951,0.0338439978659153
YLR418C,YLR045C,0,5.2601576,0.5304709076881409,0.3780848979949951,0.03394412621855736
YDL020C,YDR311W,1,5.2540073,0.5311203598976135,0.37907207012176514,0.03394412621855736
YPL177C,YPR031W,0,5.2535534,0.530386745929718,0.37907207012176514,0.034044258296489716
YNL007C,YGR076C,0,5.252839,0.5296551585197449,0.37907207012176514,0.034144386649131775
YMR016C,YLR015W,0,5.248128,0.5289255976676941,0.37907207012176514,0.03424451872706413
YBR237W,YOR096W,0,5.2473903,0.5281980633735657,0.37907207012176514,0.03434464707970619
YOR257W,YDR376W,0,5.24667,0.5274725556373596,0.37907207012176514,0.03444477915763855
YBL093C,YER012W,0,5.2427034,0.5267489552497864,0.37907207012176514,0.03454490751028061
YPR118W,YDR520C,0,5.2398343,0.5260273814201355,0.37907207012176514,0.03464503958821297
YER147C,YDR032C,0,5.2390985,0.5253077745437622,0.37907207012176514,0.034745167940855026
YMR290C,YOL152W,0,5.236151,0.5245901346206665,0.37907207012176514,0.034845300018787384
YPL186C,YHR099W,0,5.236087,0.5238744616508484,0.37907207012176514,0.03494542837142944
YDL190C,YLR419W,0,5.2337103,0.5231607556343079,0.37907207012176514,0.0350455604493618
YDR224C,YJR082C,1,5.2332935,0.523809552192688,0.38005924224853516,0.0350455604493618
YIL128W,YER169W,1,5.2328205,0.5244565010070801,0.3810463845729828,0.0350455604493618
YML104C,YIL136W,0,5.2311816,0.5237449407577515,0.3810463845729828,0.03514568880200386
YFR005C,YHR011W,0,5.2295475,0.5230352282524109,0.3810463845729828,0.03524582087993622
YBR240C,YNL189W,0,5.2281103,0.5223274827003479,0.3810463845729828,0.03534594923257828
YGL128C,YBR160W,0,5.2270923,0.5216216444969177,0.3810463845729828,0.035446081310510635
YOL003C,YNL206C,0,5.226713,0.5209176540374756,0.3810463845729828,0.035546209663152695
YOR063W,YGL249W,0,5.221881,0.520215630531311,0.3810463845729828,0.03564634174108505
YBL019W,YIL154C,1,5.221874,0.5208613872528076,0.3820335566997528,0.03564634174108505
YMR004W,YGR076C,0,5.220914,0.5201612710952759,0.3820335566997528,0.03574647009372711
YBR033W,YPR166C,0,5.220275,0.519463062286377,0.3820335566997528,0.03584660217165947
YMR224C,YGL106W,0,5.2193856,0.5187667608261108,0.3820335566997528,0.03594673052430153
YKL173W,YKL034W,0,5.2187243,0.5180723071098328,0.3820335566997528,0.03604686260223389
YHR086W,YGR135W,0,5.218381,0.5173797011375427,0.3820335566997528,0.036146990954875946
YDL166C,YAL058W,0,5.2182803,0.5166889429092407,0.3820335566997528,0.036247123032808304
YPR156C,YER106W,0,5.2135873,0.515999972820282,0.3820335566997528,0.03634725138545036
YKL108W,YBL055C,0,5.2132053,0.515312910079956,0.3820335566997528,0.03644737973809242
YDR495C,YGR162W,0,5.212544,0.5146276354789734,0.3820335566997528,0.03654751181602478
YLR418C,YBR241C,0,5.2107773,0.5139442086219788,0.3820335566997528,0.03664764016866684
YHR154W,YML023C,1,5.206493,0.5145888328552246,0.3830207288265228,0.03664764016866684
YOR057W,YDL065C,0,5.204678,0.5139073133468628,0.3830207288265228,0.0367477722465992
YCR066W,YLL036C,1,5.203616,0.5145502686500549,0.38400790095329285,0.0367477722465992
YEL038W,YPL153C,0,5.200554,0.5138705372810364,0.38400790095329285,0.03684790059924126
YDR279W,YML077W,0,5.199976,0.5131925940513611,0.38400790095329285,0.036948032677173615
YLR396C,YJL136C,0,5.198621,0.5125164985656738,0.38400790095329285,0.037048161029815674
YBL078C,YLR212C,0,5.194713,0.5118421316146851,0.38400790095329285,0.03714829310774803
YAR007C,YML095C,1,5.1942844,0.5124835968017578,0.38499507308006287,0.03714829310774803
YGL210W,YNL191W,0,5.194281,0.5118110179901123,0.38499507308006287,0.03724842146039009
YGL191W,YHR025W,0,5.193967,0.5111402273178101,0.38499507308006287,0.03734855353832245
YOR386W,YDR317W,1,5.193802,0.5117800831794739,0.3859822452068329,0.03734855353832245
YDL138W,YLR287C-A,0,5.1935487,0.5111111402511597,0.3859822452068329,0.03744868189096451
YDR088C,YGR162W,0,5.1905193,0.5104438662528992,0.3859822452068329,0.037548813968896866
YLR266C,YDR103W,0,5.189193,0.5097783803939819,0.3859822452068329,0.037648942321538925
YHL008C,YNL146W,0,5.1861095,0.5091145634651184,0.3859822452068329,0.03774907439947128
YDR004W,YHR134W,1,5.1839247,0.5097529292106628,0.3869693875312805,0.03774907439947128
YHL006C,YOR346W,1,5.182576,0.5103896260261536,0.38795655965805054,0.03774907439947128
YDL130W,YPR192W,0,5.1822104,0.5097275972366333,0.38795655965805054,0.03784920275211334
YKR095W,YOR217W,1,5.1798506,0.5103626847267151,0.38894373178482056,0.03784920275211334
YDR004W,YCR014C,1,5.178111,0.5109961032867432,0.3899309039115906,0.03784920275211334
YMR130W,YAL020C,0,5.176612,0.5103359222412109,0.3899309039115906,0.0379493348300457
YJR060W,YGL106W,0,5.1751213,0.5096774101257324,0.3899309039115906,0.03804946318268776
YPL122C,YML058W-A,1,5.173767,0.5103092789649963,0.3909180760383606,0.03804946318268776
YOL005C,YPL017C,0,5.1721115,0.5096524953842163,0.3909180760383606,0.03814959526062012
YOR179C,YDL051W,0,5.1695757,0.5089974403381348,0.3909180760383606,0.038249723613262177
YDL084W,YOL095C,1,5.166748,0.5096276998519897,0.3919052183628082,0.038249723613262177
YAR007C,YJL173C,1,5.1578407,0.5102564096450806,0.39289239048957825,0.038249723613262177
YPL122C,YNL133C,1,5.1554456,0.5108835101127625,0.39387956261634827,0.038249723613262177
YGL253W,YDR387C,0,5.155288,0.5102301836013794,0.39387956261634827,0.038349855691194534
YBR156C,YOL072W,0,5.154336,0.50957852602005,0.39387956261634827,0.038449984043836594
YHR090C,YBR223C,1,5.1538115,0.5102040767669678,0.3948667347431183,0.038449984043836594
YOR368W,YLR376C,1,5.151879,0.5108280181884766,0.3958539068698883,0.038449984043836594
YIR002C,YDR060W,0,5.151663,0.5101780891418457,0.3958539068698883,0.03855011612176895
YOR182C,YLR038C,0,5.1505394,0.5095298886299133,0.3958539068698883,0.03865024447441101
YDL141W,YJR089W,0,5.149394,0.5088832378387451,0.3958539068698883,0.03875037655234337
YNL102W,YEL037C,1,5.1493483,0.5095056891441345,0.3968410789966583,0.03875037655234337
YNL218W,YLR032W,1,5.146526,0.5101265907287598,0.39782822132110596,0.03875037655234337
YBL057C,YDR069C,0,5.146247,0.50948166847229,0.39782822132110596,0.03885050490498543
YBL054W,YJL101C,0,5.1452985,0.5088383555412292,0.39782822132110596,0.038950636982917786
YOR384W,YHR044C,0,5.142249,0.5081967115402222,0.39782822132110596,0.039050765335559845
YDL105W,YPL121C,1,5.1414237,0.508816123008728,0.398815393447876,0.039050765335559845
YER173W,YJR006W,1,5.141245,0.5094339847564697,0.399802565574646,0.039050765335559845
YDR219C,YJL190C,0,5.1382766,0.5087939500808716,0.399802565574646,0.0391508974134922
YDL108W,YPR102C,0,5.1365347,0.5081555843353271,0.399802565574646,0.03925102576613426
YML011C,YEL019C,1,5.1363683,0.5087719559669495,0.400789737701416,0.03925102576613426
YDR311W,YJL127C,1,5.1349025,0.5093867182731628,0.40177690982818604,0.03925102576613426
YDR013W,YOR039W,0,5.1309557,0.5087500214576721,0.40177690982818604,0.03935115784406662
YDR121W,YBR289W,1,5.1258,0.5093632936477661,0.40276408195495605,0.03935115784406662
YFL003C,YKL045W,1,5.124855,0.5099750757217407,0.4037512242794037,0.03935115784406662
YOL072W,YDL154W,1,5.1242027,0.5105853080749512,0.4047383964061737,0.03935115784406662
YJL052W,YGR262C,0,5.123172,0.5099502205848694,0.4047383964061737,0.03945128619670868
YHR154W,YBR114W,1,5.122097,0.5105590224266052,0.4057255685329437,0.03945128619670868
YIL026C,YOR131C,0,5.121416,0.5099255442619324,0.4057255685329437,0.03955141827464104
YHR105W,YDR390C,0,5.120945,0.5092936754226685,0.4057255685329437,0.039651546627283096
YDL085W,YPR168W,0,5.1165047,0.5086633563041687,0.4057255685329437,0.039751678705215454
YNL330C,YJR082C,1,5.1159687,0.5092707276344299,0.40671274065971375,0.039751678705215454
YGL253W,YLR381W,0,5.1149735,0.5086419582366943,0.40671274065971375,0.03985180705785751
YLL009C,YDR387C,0,5.1141353,0.5080147981643677,0.40671274065971375,0.03995193913578987
YDL137W,YJR160C,0,5.114047,0.5073891878128052,0.40671274065971375,0.04005206748843193
YDR050C,YDR239C,0,5.112459,0.5067650675773621,0.40671274065971375,0.04015219956636429
YGL175C,YMR284W,1,5.110987,0.5073710083961487,0.40769991278648376,0.04015219956636429
YOR174W,YML095C,0,5.11028,0.5067484378814697,0.40769991278648376,0.04025232791900635
YDR004W,YDR317W,1,5.108645,0.5073529481887817,0.4086870551109314,0.04025232791900635
YLR450W,YPL143W,0,5.1074953,0.5067319273948669,0.4086870551109314,0.040352459996938705
YDR228C,YCR094W,0,5.107015,0.5061124563217163,0.4086870551109314,0.040452588349580765
YLR032W,YAL062W,0,5.1067395,0.5054945349693298,0.4086870551109314,0.040552716702222824
YBR198C,YML048W,0,5.1051655,0.504878044128418,0.4086870551109314,0.04065284878015518
YLR418C,YJR134C,0,5.1046324,0.5042631030082703,0.4086870551109314,0.04075297713279724
YNL039W,YLR109W,0,5.103279,0.5036496520042419,0.4086870551109314,0.0408531092107296
YOR308C,YMR037C,0,5.102418,0.503037691116333,0.4086870551109314,0.04095323756337166
YKR038C,YER106W,0,5.090956,0.5024271607398987,0.4086870551109314,0.041053369641304016
YMR042W,YLR446W,0,5.08936,0.5018181800842285,0.4086870551109314,0.041153497993946075
YKL108W,YHR129C,0,5.085698,0.501210629940033,0.4086870551109314,0.04125363007187843
YGR104C,YLR448W,0,5.0855207,0.5006045699119568,0.4086870551109314,0.04135375842452049
YOR174W,YOR070C,0,5.084386,0.5,0.4086870551109314,0.04145389050245285
YCR072C,YDR523C,0,5.083617,0.4993968605995178,0.4086870551109314,0.04155401885509491
YNL039W,YHR186C,0,5.0832686,0.49879518151283264,0.4086870551109314,0.04165415093302727
YBR289W,YBR273C,0,5.082964,0.49819493293762207,0.4086870551109314,0.04175427928566933
YJL048C,YER120W,0,5.081512,0.4975961446762085,0.4086870551109314,0.041854411363601685
YDL101C,YOR347C,0,5.078927,0.49699878692626953,0.4086870551109314,0.041954539716243744
YPL214C,YBL010C,0,5.0769815,0.49640288949012756,0.4086870551109314,0.0420546717941761
YDR117C,YMR122W-A,0,5.0744014,0.4958083927631378,0.4086870551109314,0.04215480014681816
YMR142C,YPL123C,0,5.0735416,0.4952152967453003,0.4086870551109314,0.04225493222475052
YNR027W,YFR037C,0,5.0684314,0.49462366104125977,0.4086870551109314,0.04235506057739258
YEL018W,YML011C,1,5.0660853,0.49522674083709717,0.4096742272377014,0.04235506057739258
YDR177W,YJL156C,0,5.0627675,0.4946364760398865,0.4096742272377014,0.042455192655324936
YBL088C,YDR088C,0,5.0622587,0.494047611951828,0.4096742272377014,0.042555321007966995
YOR308C,YOR061W,0,5.060346,0.49346017837524414,0.4096742272377014,0.04265545308589935
YJL019W,YPL123C,0,5.0597196,0.4928741157054901,0.4096742272377014,0.04275558143854141
YFR037C,YPR102C,0,5.058943,0.4922894537448883,0.4096742272377014,0.04285571351647377
YDR238C,YDR436W,0,5.054699,0.49170616269111633,0.4096742272377014,0.04295584186911583
YJR025C,YKR048C,0,5.050954,0.4911242723464966,0.4096742272377014,0.04305597394704819
YPL121C,YJL133W,0,5.0495462,0.4905437231063843,0.4096742272377014,0.04315610229969025
YJR066W,YDL141W,0,5.04871,0.4899645745754242,0.4096742272377014,0.043256234377622604
YIL126W,YPL122C,1,5.0474014,0.49056604504585266,0.41066139936447144,0.043256234377622604
YDL101C,YHR081W,1,5.0422096,0.4911660850048065,0.41164857149124146,0.043256234377622604
YHL044W,YOL030W,0,5.038893,0.4905882477760315,0.41164857149124146,0.043356362730264664
YOR144C,YDL154W,1,5.037017,0.49118682742118835,0.4126357436180115,0.043356362730264664
YDL164C,YCR014C,1,5.0367737,0.4917840361595154,0.4136229157447815,0.043356362730264664
YBR237W,YEL015W,0,5.031209,0.4912075102329254,0.4136229157447815,0.04345649480819702
YOR037W,YCR047C,0,5.0306673,0.4906323254108429,0.4136229157447815,0.04355662316083908
YDR425W,YDR443C,0,5.0301847,0.4900584816932678,0.4136229157447815,0.04365675523877144
YDL080C,YDR031W,0,5.028156,0.4894859790802002,0.4136229157447815,0.0437568835914135
YCR096C,YMR233W,0,5.0278225,0.48891481757164,0.4136229157447815,0.043857015669345856
YER147C,YGL090W,1,5.0222216,0.4895104765892029,0.4146100580692291,0.043857015669345856
YDR224C,YFR007W,0,5.017111,0.48894062638282776,0.4146100580692291,0.043957144021987915
YKL173W,YEL061C,0,5.016864,0.4883720874786377,0.4146100580692291,0.04405727609992027
YPR073C,YDR166C,0,5.0166016,0.4878048896789551,0.4146100580692291,0.04415740445256233
YBR289W,YPL153C,1,5.0165997,0.48839905858039856,0.41559723019599915,0.04415740445256233
YML018C,YLR079W,0,5.016116,0.4878331422805786,0.41559723019599915,0.04425753653049469
YIL126W,YBR073W,1,5.0147743,0.48842594027519226,0.41658440232276917,0.04425753653049469
YLR373C,YLR142W,0,5.009604,0.4878612756729126,0.41658440232276917,0.04435766488313675
YDR386W,YJR052W,1,5.009046,0.48845264315605164,0.4175715744495392,0.04435766488313675
YNL331C,YDL112W,0,5.0067244,0.48788926005363464,0.4175715744495392,0.04445779696106911
YPL111W,YJR089W,0,5.0008993,0.4873271882534027,0.4175715744495392,0.044557925313711166
YBL024W,YML088W,0,5.0007453,0.48676639795303345,0.4175715744495392,0.044658053666353226
YLR418C,YKL042W,0,5.0000496,0.48620688915252686,0.4175715744495392,0.044758185744285583
YHR021C,YDR265W,0,4.999651,0.4856486916542053,0.4175715744495392,0.04485831409692764
YLR320W,YKL017C,1,4.999564,0.4862385392189026,0.4185587465763092,0.04485831409692764
YMR156C,YNL085W,1,4.9942408,0.4868270456790924,0.41954588890075684,0.04485831409692764
YDR224C,YJL125C,0,4.9913206,0.486270010471344,0.41954588890075684,0.04495844617486
YHR105W,YKL028W,0,4.991275,0.48571428656578064,0.41954588890075684,0.04505857452750206
YPR023C,YDL101C,1,4.989768,0.48630136251449585,0.42053306102752686,0.04505857452750206
YLR045C,YBR009C,0,4.988309,0.4857468605041504,0.42053306102752686,0.04515870660543442
YDR533C,YNL046W,0,4.9873576,0.4851936101913452,0.42053306102752686,0.04525883495807648
YKL010C,YOR217W,0,4.9847665,0.4846416413784027,0.42053306102752686,0.045358967036008835
YFL024C,YNL133C,1,4.983588,0.4852272868156433,0.4215202331542969,0.045358967036008835
YKL112W,YFL039C,1,4.9810743,0.48581159114837646,0.4225074052810669,0.045358967036008835
YGL128C,YHR011W,0,4.9809756,0.4852607846260071,0.4225074052810669,0.045459095388650894
YDR448W,YNR050C,0,4.9797015,0.4847111999988556,0.4225074052810669,0.04555922746658325
YPL022W,YDR511W,0,4.9756436,0.4841628968715668,0.4225074052810669,0.04565935581922531
YBR058C,YER112W,0,4.974563,0.48361581563949585,0.4225074052810669,0.04575948789715767
YBR033W,YEL002C,0,4.9714985,0.4830699861049652,0.4225074052810669,0.04585961624979973
YBL103C,YNL206C,0,4.9680667,0.48252537846565247,0.4225074052810669,0.045959748327732086
YOR290C,YMR037C,0,4.9680014,0.4819819927215576,0.4225074052810669,0.046059876680374146
YNL129W,YNR040W,0,4.967476,0.48143982887268066,0.4225074052810669,0.0461600087583065
YNL218W,YIL132C,1,4.966481,0.4820224642753601,0.4234945774078369,0.0461600087583065
YER029C,YPL204W,0,4.9628606,0.48148149251937866,0.4234945774078369,0.04626013711094856
YPR052C,YER169W,1,4.961102,0.48206278681755066,0.42448174953460693,0.04626013711094856
YDR159W,YNL102W,1,4.960016,0.4826427698135376,0.42546889185905457,0.04626013711094856
YDR004W,YMR156C,1,4.9599047,0.48322147130966187,0.4264560639858246,0.04626013711094856
YBR082C,YGR002C,0,4.954179,0.4826815724372864,0.4264560639858246,0.04636026918888092
YML027W,YNL339C,0,4.952754,0.4821428656578064,0.4264560639858246,0.04646039754152298
YER029C,YLR139C,0,4.951681,0.4816053509712219,0.4264560639858246,0.04656052961945534
YJL090C,YPR108W,0,4.9505653,0.48106902837753296,0.4264560639858246,0.0466606579720974
YML054C,YPR132W,0,4.948794,0.4805339276790619,0.4264560639858246,0.046760790050029755
YJL081C,YCR066W,1,4.946064,0.4811111092567444,0.4274432361125946,0.046760790050029755
YIL115C,YDR486C,0,4.9417343,0.48057714104652405,0.4274432361125946,0.046860918402671814
YJL157C,YGR063C,0,4.940796,0.48004433512687683,0.4274432361125946,0.04696105048060417
YPL031C,YEL015W,0,4.9405856,0.4795127213001251,0.4274432361125946,0.04706117883324623
YBR289W,YKL056C,0,4.9401174,0.4789822995662689,0.4274432361125946,0.04716131091117859
YPL022W,YDR088C,0,4.939723,0.47845304012298584,0.4274432361125946,0.04726143926382065
YDR074W,YOL127W,0,4.9388313,0.4779249429702759,0.4274432361125946,0.047361571341753006
YIL150C,YGR106C,0,4.938303,0.47739800810813904,0.4274432361125946,0.047461699694395065
YNL086W,YBL069W,0,4.9375935,0.4768722355365753,0.4274432361125946,0.04756183177232742
YKR061W,YGR061C,0,4.937432,0.4763476252555847,0.4274432361125946,0.04766196012496948
YJL164C,YKL042W,0,4.93699,0.47582417726516724,0.4274432361125946,0.04776209220290184
YPL143W,YBR164C,0,4.9354854,0.4753018617630005,0.4274432361125946,0.0478622205555439
YLR106C,YGR295C,0,4.9323335,0.47478070855140686,0.4274432361125946,0.04796235263347626
YGL058W,YBL003C,1,4.9315147,0.47535598278045654,0.4284304082393646,0.04796235263347626
YJR045C,YMR017W,0,4.930297,0.4748358726501465,0.4284304082393646,0.04806248098611832
YJL190C,YGR075C,0,4.929455,0.47431695461273193,0.4284304082393646,0.048162613064050674
YJR075W,YMR165C,0,4.927679,0.4737991392612457,0.4284304082393646,0.048262741416692734
YKR062W,YJR076C,0,4.923922,0.47328245639801025,0.4284304082393646,0.04836287349462509
YHR046C,YJR001W,0,4.9235177,0.4727668762207031,0.4284304082393646,0.04846300184726715
YOR308C,YDR320C,0,4.923081,0.4722524583339691,0.4284304082393646,0.04856313392519951
YJL164C,YER051W,0,4.9228334,0.47173914313316345,0.4284304082393646,0.04866326227784157
YIL126W,YDR386W,1,4.9199295,0.47231268882751465,0.42941758036613464,0.04866326227784157
YKL179C,YPR031W,0,4.918082,0.47180044651031494,0.42941758036613464,0.04876339063048363
YNR011C,YKL056C,0,4.916726,0.4712892770767212,0.42941758036613464,0.048863522708415985
YIR017C,YPR122W,0,4.9156218,0.4707792103290558,0.42941758036613464,0.048963651061058044
YDR288W,YPL001W,1,4.915167,0.47135135531425476,0.43040475249290466,0.048963651061058044
YHR164C,YLR320W,1,4.9148445,0.47192224860191345,0.4313918948173523,0.048963651061058044
YAL043C,YOL064C,0,4.9139857,0.47141316533088684,0.4313918948173523,0.0490637831389904
YKL114C,YLR383W,1,4.9128313,0.4719827473163605,0.4323790669441223,0.0490637831389904
YJR052W,YDR311W,1,4.912425,0.4725511372089386,0.43336623907089233,0.0490637831389904
YJL052W,YBL061C,0,4.912158,0.4720430076122284,0.43336623907089233,0.04916391149163246
YKL108W,YMR017W,0,4.911294,0.47153598070144653,0.43336623907089233,0.04926404356956482
YBR160W,YDL109C,0,4.911002,0.471030056476593,0.43336623907089233,0.04936417192220688
YLR127C,YDR197W,0,4.9109154,0.47052517533302307,0.43336623907089233,0.049464304000139236
YGL135W,YGL249W,0,4.9102116,0.47002142667770386,0.43336623907089233,0.049564432352781296
YMR048W,YNL085W,1,4.9096503,0.47058823704719543,0.43435341119766235,0.049564432352781296
YOR315W,YPR041W,0,4.906682,0.470085471868515,0.43435341119766235,0.049664564430713654
YDL108W,YIR023W,0,4.906046,0.46958377957344055,0.43435341119766235,0.04976469278335571
YNL158W,YAL012W,0,4.905629,0.46908316016197205,0.43435341119766235,0.04986482486128807
YDL105W,YNL102W,1,4.9047737,0.4696485698223114,0.4353405833244324,0.04986482486128807
YEL065W,YER088C,0,4.901615,0.4691489338874817,0.4353405833244324,0.04996495321393013
YDL166C,YHR023W,0,4.9007435,0.46865037083625793,0.4353405833244324,0.05006508529186249
YBR087W,YDR386W,1,4.8959885,0.46921443939208984,0.43632772564888,0.05006508529186249
YOL067C,YBR198C,0,4.895344,0.4687168598175049,0.43632772564888,0.05016521364450455
YBR289W,YOL071W,0,4.894273,0.4682203531265259,0.43632772564888,0.050265345722436905
YOR066W,YJR143C,0,4.893246,0.46772485971450806,0.43632772564888,0.050365474075078964
YDR363W-A,YBR214W,0,4.891547,0.4672304391860962,0.43632772564888,0.05046560615301132
YOR039W,YMR184W,0,4.89069,0.4667370617389679,0.43632772564888,0.05056573450565338
YHR206W,YJR025C,0,4.8865004,0.46624472737312317,0.43632772564888,0.05066586658358574
YKL114C,YGL150C,1,4.886304,0.46680715680122375,0.43731489777565,0.05066586658358574
YOR386W,YPL160W,0,4.883769,0.46631577610969543,0.43731489777565,0.0507659949362278
YDL080C,YCR075C,0,4.8828444,0.4658254384994507,0.43731489777565,0.050866127014160156
YJL044C,YML005W,0,4.882538,0.4653361439704895,0.43731489777565,0.050966255366802216
YJL164C,YLR467W,0,4.881385,0.4648478627204895,0.43731489777565,0.05106638744473457
YDL030W,YKR030W,0,4.8790684,0.4643605947494507,0.43731489777565,0.05116651579737663
YDR520C,YBL057C,0,4.8773856,0.46387434005737305,0.43731489777565,0.05126664787530899
YBR156C,YFR005C,0,4.876413,0.463389128446579,0.43731489777565,0.05136677622795105
YML113W,YLR246W,0,4.875974,0.4629049003124237,0.43731489777565,0.05146690830588341
YLR385C,YLR318W,0,4.874329,0.462421715259552,0.43731489777565,0.05156703665852547
YDR014W,YKR097W,0,4.8738956,0.4619395136833191,0.43731489777565,0.051667168736457825
YKL213C,YPL122C,1,4.8728976,0.4625000059604645,0.43830206990242004,0.051667168736457825
YDL102W,YGR002C,1,4.869943,0.46305930614471436,0.43928924202919006,0.051667168736457825
YPL028W,YOR150W,0,4.868506,0.4625779688358307,0.43928924202919006,0.051767297089099884
YLR086W,YAL025C,0,4.86779,0.4620976150035858,0.43928924202919006,0.05186742916703224
YBR022W,YBR123C,0,4.864077,0.46161824464797974,0.43928924202919006,0.0519675575196743
YNL139C,YDR092W,1,4.863833,0.4621761739253998,0.4402764141559601,0.0519675575196743
YDL108W,YPL111W,0,4.8623266,0.4616977274417877,0.4402764141559601,0.05206768959760666
YPL177C,YBR142W,0,4.8611026,0.46122026443481445,0.4402764141559601,0.05216781795024872
YKL114C,YMR173W,1,4.8568277,0.46177685260772705,0.4412635862827301,0.05216781795024872
YBL054W,YDR014W,0,4.8566914,0.4613003134727478,0.4412635862827301,0.052267950028181076
YLL009C,YPL157W,0,4.853425,0.46082472801208496,0.4412635862827301,0.052368078380823135
YML027W,YIL078W,0,4.8482757,0.4603501558303833,0.4412635862827301,0.05246821045875549
YMR314W,YJL073W,0,4.8479495,0.45987653732299805,0.4412635862827301,0.05256833881139755
YGL090W,YPR135W,1,4.8381615,0.46043166518211365,0.44225072860717773,0.05256833881139755
YDR387C,YHR117W,0,4.834486,0.4599589407444,0.44225072860717773,0.05266846716403961
YOR244W,YER038C,1,4.8325,0.46051281690597534,0.44323790073394775,0.05266846716403961
YDR421W,YDR402C,0,4.8301296,0.46004098653793335,0.44323790073394775,0.05276859924197197
YJR139C,YKL156W,0,4.8288965,0.45957010984420776,0.44323790073394775,0.05286872759461403
YHR164C,YNL273W,1,4.828264,0.4601227045059204,0.4442250728607178,0.05286872759461403
YBR289W,YLR318W,0,4.8264885,0.45965269207954407,0.4442250728607178,0.05296885967254639
YDR078C,YIL139C,1,4.8263884,0.4602040946483612,0.4452122449874878,0.05296885967254639
YDL200C,YGL150C,1,4.8255506,0.4607543349266052,0.4461994171142578,0.05296885967254639
YBR245C,YGR189C,0,4.8254156,0.46028512716293335,0.4461994171142578,0.053068988025188446
YOR182C,YDR436W,0,4.823348,0.4598168730735779,0.4461994171142578,0.053169120103120804
YHR079C-A,YOL094C,1,4.8228436,0.4603658616542816,0.44718658924102783,0.053169120103120804
YDR386W,YDR138W,1,4.82172,0.4609137177467346,0.44817373156547546,0.053169120103120804
YDL164C,YML011C,1,4.820366,0.4614604413509369,0.4491609036922455,0.053169120103120804
YML060W,YPL121C,1,4.8195734,0.4620060920715332,0.4501480758190155,0.053169120103120804
YBR231C,YHR070W,0,4.8189926,0.4615384638309479,0.4501480758190155,0.05326924845576286
YOR167C,YML034W,0,4.8187294,0.46107178926467896,0.4501480758190155,0.05336938053369522
YKR038C,YOR221C,0,4.8178973,0.46060606837272644,0.4501480758190155,0.05346950888633728
YIL026C,YDL112W,0,4.8175545,0.46014127135276794,0.4501480758190155,0.05356964096426964
YML034W,YHR172W,0,4.8161488,0.45967742800712585,0.4501480758190155,0.0536697693169117
YOR063W,YIL113W,0,4.815441,0.4592145085334778,0.4501480758190155,0.053769901394844055
YPL194W,YLR306W,0,4.8138967,0.45875251293182373,0.4501480758190155,0.053870029747486115
YBR198C,YMR037C,0,4.81389,0.4582914710044861,0.4501480758190155,0.05397016182541847
YGR063C,YFR006W,0,4.8123384,0.45783132314682007,0.4501480758190155,0.05407029017806053
YHL006C,YPL153C,1,4.810601,0.45837512612342834,0.4511352479457855,0.05407029017806053
YNR011C,YJR068W,0,4.809204,0.4579158425331116,0.4511352479457855,0.05417042225599289
YGR188C,YGR162W,0,4.807934,0.45745745301246643,0.4511352479457855,0.05427055060863495
YGL227W,YBR058C-A,0,4.807908,0.4569999873638153,0.4511352479457855,0.054370682686567307
YJL143W,YGL205W,0,4.806594,0.4565434455871582,0.4511352479457855,0.054470811039209366
YJL048C,YDR362C,0,4.8065147,0.4560878276824951,0.4511352479457855,0.054570943117141724
YHR090C,YHR056C,1,4.805151,0.4566301107406616,0.45212242007255554,0.054570943117141724
YJR144W,YDR092W,1,4.8042736,0.45717132091522217,0.4531095623970032,0.054570943117141724
YLR086W,YPR178W,0,4.803124,0.4567164182662964,0.4531095623970032,0.05467107146978378
YJL157C,YIL115C,0,4.803033,0.4562624394893646,0.4531095623970032,0.05477120354771614
YDR253C,YLR186W,0,4.802372,0.4558093249797821,0.4531095623970032,0.0548713319003582
YLR005W,YEL037C,1,4.801051,0.4563491940498352,0.4540967345237732,0.0548713319003582
YJL190C,YDR507C,0,4.800649,0.45589691400527954,0.4540967345237732,0.05497146397829056
YER148W,YMR257C,0,4.798817,0.4554455578327179,0.4540967345237732,0.05507159233093262
YHR079C-A,YNL290W,1,4.797471,0.4559841752052307,0.4550839066505432,0.05507159233093262
YGL021W,YBR033W,0,4.793995,0.45553359389305115,0.4550839066505432,0.055171724408864975
YLR357W,YDR419W,1,4.79318,0.45607107877731323,0.45607107877731323,0.055171724408864975
YER061C,YDR013W,0,4.791889,0.45562130212783813,0.45607107877731323,0.055271852761507034
YBR024W,YDR315C,0,4.7909884,0.45517241954803467,0.45607107877731323,0.05537198483943939
YDR225W,YBR010W,1,4.790323,0.45570865273475647,0.45705825090408325,0.05537198483943939
YOR290C,YDR320C,0,4.7897596,0.45526057481765747,0.45705825090408325,0.05547211319208145
YMR139W,YBR213W,0,4.7847614,0.4548133611679077,0.45705825090408325,0.05557224527001381
YOR131C,YLR121C,0,4.783664,0.4543670117855072,0.45705825090408325,0.05567237362265587
YGL175C,YER169W,1,4.7832513,0.45490196347236633,0.45804542303085327,0.05567237362265587
YMR016C,YLR287C-A,0,4.782793,0.4544564187526703,0.45804542303085327,0.055772505700588226
YDL102W,YNL299W,1,4.7821403,0.4549902081489563,0.4590325653553009,0.055772505700588226
YML069W,YKL017C,1,4.779063,0.45552298426628113,0.4600197374820709,0.055772505700588226
YER112W,YLR403W,0,4.7777815,0.455078125,0.4600197374820709,0.055872634053230286
YDL075W,YLR356W,0,4.7729006,0.4546341598033905,0.4600197374820709,0.05597276613116264
YIL154C,YPR135W,1,4.770149,0.45516568422317505,0.46100690960884094,0.05597276613116264
YDR311W,YPL046C,1,4.7694664,0.4556961953639984,0.46199408173561096,0.05597276613116264
YOR288C,YDL065C,0,4.769059,0.45525291562080383,0.46199408173561096,0.0560728944838047
YBR055C,YNL091W,0,4.7674317,0.4548105001449585,0.46199408173561096,0.05617302656173706
YFL039C,YDR460W,1,4.767147,0.45533981919288635,0.462981253862381,0.05617302656173706
YJR135C,YHR023W,0,4.7668953,0.4548981487751007,0.462981253862381,0.05627315491437912
YDR523C,YOR326W,0,4.7650123,0.4544573724269867,0.462981253862381,0.05637328699231148
YLR015W,YLR147C,0,4.7649627,0.45401743054389954,0.462981253862381,0.05647341534495354
YKR095W,YNL262W,1,4.763315,0.4545454680919647,0.4639683961868286,0.05647341534495354
YPL194W,YDR088C,0,4.7631354,0.45410627126693726,0.4639683961868286,0.056573547422885895
YJR098C,YOL149W,0,4.7600436,0.4536679685115814,0.4639683961868286,0.056673675775527954
YDL099W,YNL061W,0,4.7579274,0.45323047041893005,0.4639683961868286,0.05677380412817001
YIL150C,YIR023W,0,4.757655,0.45279383659362793,0.4639683961868286,0.05687393620610237
YDR159W,YGR258C,1,4.757637,0.4533205032348633,0.46495556831359863,0.05687393620610237
YJL219W,YBR291C,0,4.7568655,0.45288461446762085,0.46495556831359863,0.05697406455874443
YBR097W,YFR005C,0,4.756017,0.4524495601654053,0.46495556831359863,0.05707419663667679
YKL183W,YJR033C,0,4.7518682,0.45201534032821655,0.46495556831359863,0.05717432498931885
YHR143W,YJL153C,0,4.751579,0.4515819847583771,0.46495556831359863,0.057274457067251205
YBL017C,YIR002C,0,4.7513857,0.45114943385124207,0.46495556831359863,0.057374585419893265
YDL056W,YOR346W,0,4.751319,0.4507177174091339,0.46495556831359863,0.05747471749782562
YDR390C,YLR246W,0,4.7475247,0.4502868056297302,0.46495556831359863,0.05757484585046768
YDR121W,YOR211C,0,4.7455683,0.4498567283153534,0.46495556831359863,0.05767497792840004
YPR070W,YDR077W,0,4.7392645,0.4494274854660034,0.46495556831359863,0.0577751062810421
YML061C,YFR037C,1,4.739024,0.4499523341655731,0.46594274044036865,0.0577751062810421
YML032C,YDR159W,1,4.7387033,0.45047619938850403,0.46692991256713867,0.0577751062810421
YKL045W,YBR089C-A,1,4.7375145,0.45099905133247375,0.4679170846939087,0.0577751062810421
YLR032W,YOL123W,0,4.7374787,0.45057034492492676,0.4679170846939087,0.05787523835897446
YPL220W,YER053C,0,4.733526,0.45014244318008423,0.4679170846939087,0.057975366711616516
YBR289W,YNL290W,1,4.7308044,0.45066413283348083,0.4689042568206787,0.057975366711616516
YDR425W,YPL269W,0,4.7307887,0.450236976146698,0.4689042568206787,0.058075498789548874
YOR346W,YML102W,1,4.7259216,0.45075756311416626,0.46989139914512634,0.058075498789548874
YGR104C,YOL005C,0,4.725462,0.4503311216831207,0.46989139914512634,0.05817562714219093
YIL132C,YLL036C,1,4.7235374,0.4508506655693054,0.47087857127189636,0.05817562714219093
YNR027W,YDR447C,0,4.7214074,0.4504249393939972,0.47087857127189636,0.05827575922012329
YML060W,YDR031W,0,4.7204094,0.44999998807907104,0.47087857127189636,0.05837588757276535
YOR242C,YLR265C,0,4.7195454,0.44957587122917175,0.47087857127189636,0.05847601965069771
YGL058W,YHR099W,1,4.719352,0.45009416341781616,0.4718657433986664,0.05847601965069771
YJL090C,YMR106C,1,4.71875,0.4506114721298218,0.4728529155254364,0.05847601965069771
YJL065C,YDR523C,0,4.71838,0.4501879811286926,0.4728529155254364,0.05857614800333977
YDL102W,YNL307C,1,4.7181883,0.4507042169570923,0.4738400876522064,0.05857614800333977
YPR023C,YOR258W,1,4.716458,0.45121949911117554,0.47482725977897644,0.05857614800333977
YHR207C,YHR117W,0,4.715851,0.45079663395881653,0.47482725977897644,0.058676280081272125
YBR175W,YDL017W,0,4.7158337,0.4503745436668396,0.47482725977897644,0.058776408433914185
YDR113C,YNL102W,1,4.7153006,0.4508886933326721,0.4758144021034241,0.058776408433914185
YDL143W,YLR207W,0,4.7123094,0.4504672884941101,0.4758144021034241,0.05887654051184654
YBR195C,YPR175W,1,4.712125,0.45098039507865906,0.4768015742301941,0.05887654051184654
YML102W,YGL150C,1,4.711523,0.4514925479888916,0.4777887463569641,0.05887654051184654
YDR288W,YGR071C,0,4.7101593,0.45107176899909973,0.4777887463569641,0.0589766688644886
YPR041W,YPR184W,0,4.7101483,0.45065176486968994,0.4777887463569641,0.05907680094242096
YHR031C,YKR048C,0,4.709289,0.4502325654029846,0.4777887463569641,0.05917692929506302
YAR007C,YNL213C,0,4.7073574,0.4498141407966614,0.4777887463569641,0.05927706137299538
YKL213C,YDR263C,1,4.7063026,0.45032498240470886,0.47877591848373413,0.05927706137299538
YFR027W,YIL154C,1,4.704235,0.45083487033843994,0.47976309061050415,0.05927706137299538
YLL002W,YEL037C,1,4.7022877,0.451343834400177,0.4807502329349518,0.05927706137299538
YHR206W,YPR021C,0,4.7016773,0.45092591643333435,0.4807502329349518,0.059377189725637436
YDR219C,YBL021C,0,4.698247,0.4505087733268738,0.4807502329349518,0.059477321803569794
YBL093C,YDR448W,0,4.6973357,0.4500924348831177,0.4807502329349518,0.05957745015621185
YBL078C,YPR063C,0,4.6960936,0.4496768116950989,0.4807502329349518,0.05967758223414421
YHR101C,YGL095C,0,4.695441,0.44926199316978455,0.4807502329349518,0.05977771058678627
YPR070W,YKR104W,0,4.6945314,0.4488479197025299,0.4807502329349518,0.05987784266471863
YLR015W,YBR283C,0,4.693304,0.44843462109565735,0.4807502329349518,0.05997797101736069
YGR058W,YKL042W,0,4.6932664,0.4480220675468445,0.4807502329349518,0.060078103095293045
YKL140W,YDL065C,0,4.689057,0.4476102888584137,0.4807502329349518,0.060178231447935104
YAL043C,YOR063W,0,4.6856413,0.4471992552280426,0.4807502329349518,0.06027836352586746
YMR004W,YKL116C,0,4.684685,0.4467889964580536,0.4807502329349518,0.06037849187850952
YOL005C,YKL042W,0,4.684437,0.44637948274612427,0.4807502329349518,0.06047862395644188
YDR121W,YBR035C,0,4.682362,0.44597068428993225,0.4807502329349518,0.06057875230908394
YDL190C,YPR042C,0,4.6819353,0.4455626606941223,0.4807502329349518,0.060678884387016296
YOR290C,YOL123W,0,4.681366,0.44515538215637207,0.4807502329349518,0.060779012739658356
YPL085W,YDR368W,0,4.680727,0.4447488486766815,0.4807502329349518,0.060879141092300415
YBR024W,YDR013W,0,4.6792493,0.44434306025505066,0.4807502329349518,0.06097927317023277
YBR156C,YKL042W,0,4.678885,0.4439380168914795,0.4807502329349518,0.06107940152287483
YMR314W,YPL074W,0,4.678794,0.44353368878364563,0.4807502329349518,0.06117953360080719
YPL235W,YDR227W,1,4.677574,0.4440400302410126,0.4817374050617218,0.06117953360080719
YER029C,YGR184C,0,4.6754556,0.44363635778427124,0.4817374050617218,0.06127966195344925
YFR037C,YOR076C,0,4.6749525,0.4432334303855896,0.4817374050617218,0.06137979403138161
YOR179C,YML005W,0,4.6732206,0.44283121824264526,0.4817374050617218,0.061479922384023666
YNL330C,YNL246W,1,4.6711226,0.4433363676071167,0.4827245771884918,0.061479922384023666
YKL088W,YDL006W,0,4.670993,0.4429347813129425,0.4827245771884918,0.061580054461956024
YOL018C,YDR177W,0,4.6692386,0.442533940076828,0.4827245771884918,0.061680182814598083
YGL123W,YPR032W,0,4.6678843,0.4421338140964508,0.4827245771884918,0.06178031489253044
YKL173W,YJL097W,0,4.6671486,0.4417344033718109,0.4827245771884918,0.0618804432451725
YER088C,YOR389W,0,4.666628,0.4413357377052307,0.4827245771884918,0.06198057532310486
YML034W,YOR076C,0,4.666542,0.4409377872943878,0.4827245771884918,0.06208070367574692
YOR346W,YPR135W,1,4.663473,0.44144144654273987,0.48371174931526184,0.06208070367574692
YOR348C,YJL065C,0,4.663399,0.4410440921783447,0.48371174931526184,0.062180835753679276
YER174C,YDR069C,0,4.6601973,0.4406474828720093,0.48371174931526184,0.062280964106321335
YPR192W,YPL101W,0,4.6591415,0.44025155901908875,0.48371174931526184,0.06238109618425369
YBL024W,YDR031W,0,4.6589155,0.4398563802242279,0.48371174931526184,0.06248122453689575
YLR134W,YDL130W-A,0,4.658494,0.439461886882782,0.48371174931526184,0.06258135288953781
YDL056W,YNR007C,0,4.6577215,0.43906810879707336,0.48371174931526184,0.06268148869276047
YJR045C,YHR099W,0,4.657667,0.43867501616477966,0.48371174931526184,0.06278161704540253
YHR046C,YNL049C,0,4.6575966,0.43828263878822327,0.48371174931526184,0.06288174539804459
YKR014C,YOR373W,0,4.656924,0.4378909766674042,0.48371174931526184,0.06298187375068665
YBR198C,YGR154C,0,4.6560616,0.4375,0.48371174931526184,0.0630820095539093
YJR104C,YOR066W,0,4.6557517,0.43710970878601074,0.48371174931526184,0.06318213790655136
YJR001W,YER113C,0,4.6537485,0.4367201328277588,0.48371174931526184,0.06328226625919342
YJL052W,YKR104W,0,4.653338,0.43633124232292175,0.48371174931526184,0.06338239461183548
YCL055W,YBR251W,0,4.6491117,0.435943067073822,0.48371174931526184,0.06348253041505814
YDR018C,YEL065W,0,4.6430526,0.4355555474758148,0.48371174931526184,0.0635826587677002
YDL129W,YNL218W,0,4.641753,0.4351687431335449,0.48371174931526184,0.06368278712034225
YNL206C,YER131W,0,4.6413717,0.43478259444236755,0.48371174931526184,0.06378291547298431
YKL164C,YPR031W,0,4.6411133,0.4343971610069275,0.48371174931526184,0.06388305127620697
YDR531W,YOR075W,0,4.6410623,0.43401241302490234,0.48371174931526184,0.06398317962884903
YGL136C,YOL120C,0,4.6405444,0.4336283206939697,0.48371174931526184,0.06408330798149109
YDR022C,YML043C,0,4.6405063,0.433244913816452,0.48371174931526184,0.06418343633413315
YMR042W,YIL039W,0,4.6398826,0.43286219239234924,0.48371174931526184,0.0642835721373558
YDR448W,YBL074C,0,4.639638,0.432480126619339,0.48371174931526184,0.06438370048999786
YOR373W,YOR120W,0,4.639206,0.43209877610206604,0.48371174931526184,0.06448382884263992
YML077W,YPR028W,0,4.6379485,0.43171805143356323,0.48371174931526184,0.06458395719528198
YDL101C,YPL226W,0,4.6379414,0.43133804202079773,0.48371174931526184,0.06468409299850464
YOL034W,YMR078C,1,4.636874,0.43183818459510803,0.48469892144203186,0.06468409299850464
YMR224C,YPR135W,1,4.63685,0.4323374330997467,0.4856860935688019,0.06468409299850464
YBR228W,YNL262W,1,4.636645,0.43283581733703613,0.4866732358932495,0.06468409299850464
YDR228C,YGL155W,0,4.6355467,0.4324561357498169,0.4866732358932495,0.0647842213511467
YDL043C,YER044C,0,4.6337185,0.4320771396160126,0.4866732358932495,0.06488434970378876
YJR022W,YDR128W,0,4.6309147,0.4316987693309784,0.4866732358932495,0.06498447805643082
YFL041W,YGR001C,0,4.629983,0.43132108449935913,0.4866732358932495,0.06508460640907288
YDL099W,YER126C,0,4.6293755,0.4309440553188324,0.4866732358932495,0.06518474221229553
YER041W,YHR134W,1,4.6290045,0.4314410388469696,0.48766040802001953,0.06518474221229553
YML021C,YOL094C,1,4.6276464,0.43193715810775757,0.48864758014678955,0.06518474221229553
YNL218W,YJL173C,1,4.627392,0.4324324429035187,0.48963475227355957,0.06518474221229553
YLR373C,YNL115C,0,4.62728,0.4320557415485382,0.48963475227355957,0.06528487056493759
YJL065C,YNL217W,0,4.625903,0.43167972564697266,0.48963475227355957,0.06538499891757965
YOR039W,YBR299W,0,4.625786,0.43130433559417725,0.48963475227355957,0.06548512727022171
YIL109C,YER007W,0,4.6247225,0.43092963099479675,0.48963475227355957,0.06558526307344437
YGR218W,YHR129C,0,4.624029,0.4305555522441864,0.48963475227355957,0.06568539142608643
YLR109W,YDR297W,0,4.619585,0.4301821291446686,0.48963475227355957,0.06578551977872849
YLR373C,YER070W,0,4.6190605,0.4298093616962433,0.48963475227355957,0.06588564813137054
YKL173W,YML115C,0,4.6183968,0.42943722009658813,0.48963475227355957,0.0659857839345932
YLR015W,YNL242W,0,4.6178813,0.4290657341480255,0.48963475227355957,0.06608591228723526
YOL005C,YPL123C,0,4.6172276,0.4286949038505554,0.48963475227355957,0.06618604063987732
YFR005C,YCR054C,0,4.6165924,0.42832469940185547,0.48963475227355957,0.06628616899251938
YLR357W,YOR217W,1,4.6162224,0.4288179576396942,0.4906219244003296,0.06628616899251938
YNL312W,YEL056W,1,4.614257,0.4293103516101837,0.4916090965270996,0.06628616899251938
YBR114W,YBR098W,1,4.613617,0.429801881313324,0.49259623885154724,0.06628616899251938
YFL029C,YMR289W,0,4.6131134,0.4294320046901703,0.49259623885154724,0.06638630479574203
YJR139C,YDL138W,0,4.6114635,0.42906275391578674,0.49259623885154724,0.0664864331483841
YCR014C,YKL054C,1,4.6104355,0.4295532703399658,0.49358341097831726,0.0664864331483841
YDL056W,YHR186C,0,4.6098413,0.42918455600738525,0.49358341097831726,0.06658656150102615
YBR123C,YMR150C,0,4.6074195,0.42881646752357483,0.49358341097831726,0.06668668985366821
YDR311W,YMR156C,1,4.606614,0.42930591106414795,0.4945705831050873,0.06668668985366821
YDL043C,YKR094C,0,4.605534,0.4289383590221405,0.4945705831050873,0.06678682565689087
YML060W,YPR122W,0,4.604275,0.4285714328289032,0.4945705831050873,0.06688695400953293
YOR120W,YDR362C,0,4.6038275,0.42820513248443604,0.4945705831050873,0.06698708236217499
YNL330C,YKR037C,0,4.6028385,0.427839457988739,0.4945705831050873,0.06708721071481705
YDR420W,YOL019W,0,4.599016,0.42747440934181213,0.4945705831050873,0.0671873465180397
YBR033W,YBR289W,0,4.598176,0.4271099865436554,0.4945705831050873,0.06728747487068176
YBL069W,YLR467W,0,4.597894,0.4267461597919464,0.4945705831050873,0.06738760322332382
YDR533C,YBR291C,0,4.5965266,0.42638298869132996,0.4945705831050873,0.06748773157596588
YGR063C,YBR213W,0,4.596032,0.42602041363716125,0.4945705831050873,0.06758786737918854
YIL009C-A,YNL146W,0,4.5957694,0.4256584644317627,0.4945705831050873,0.0676879957318306
YDL020C,YER147C,1,4.5935693,0.426146000623703,0.4955577552318573,0.0676879957318306
YDL007W,YMR017W,0,4.590084,0.42578455805778503,0.4955577552318573,0.06778812408447266
YLR074C,YDR298C,0,4.5892124,0.4254237413406372,0.4955577552318573,0.06788825243711472
YJR045C,YLR078C,0,4.586995,0.42506349086761475,0.4955577552318573,0.06798838824033737
YBR237W,YDR121W,0,4.5864377,0.4247038960456848,0.4955577552318573,0.06808851659297943
YER029C,YBR164C,0,4.5852156,0.42434489727020264,0.4955577552318573,0.06818864494562149
YBR087W,YDR320C,0,4.5840716,0.4239864945411682,0.4955577552318573,0.06828877329826355
YGR056W,YIL148W,1,4.583841,0.4244725704193115,0.4965449273586273,0.06828877329826355
YBR041W,YPL092W,0,4.583495,0.4241146743297577,0.4965449273586273,0.0683889091014862
YLR320W,YGL127C,1,4.583317,0.424599826335907,0.49753206968307495,0.0683889091014862
YMR016C,YNR022C,0,4.58113,0.42424243688583374,0.49753206968307495,0.06848903745412827
YDR248C,YDR011W,0,4.580893,0.42388561367988586,0.49753206968307495,0.06858916580677032
YOL072W,YPL121C,1,4.5799155,0.424369752407074,0.49851924180984497,0.06858916580677032
YLR265C,YLR383W,1,4.577366,0.42485305666923523,0.499506413936615,0.06858916580677032
YAL015C,YGL150C,1,4.5773153,0.425335556268692,0.500493586063385,0.06858916580677032
YIL143C,YLR135W,1,4.5769625,0.4258172810077667,0.501480758190155,0.06858916580677032
YML106W,YBR009C,0,4.576469,0.4254606366157532,0.501480758190155,0.06868929415941238
YLR086W,YOR288C,0,4.5742817,0.4251045882701874,0.501480758190155,0.06878942996263504
YJL156C,YLR207W,0,4.5710735,0.4247491657733917,0.501480758190155,0.0688895583152771
YHR164C,YFL039C,1,4.570898,0.4252297282218933,0.502467930316925,0.0688895583152771
YDR386W,YMR284W,1,4.5705185,0.4257095158100128,0.5034551024436951,0.0688895583152771
YNR045W,YLR318W,0,4.5704618,0.4253544509410858,0.5034551024436951,0.06898968666791916
YLR098C,YOR057W,0,4.568317,0.42500001192092896,0.5034551024436951,0.06908981502056122
YMR016C,YKR037C,0,4.56754,0.42464613914489746,0.5034551024436951,0.06918994337320328
YKL135C,YDL007W,0,4.5672846,0.42429283261299133,0.5034551024436951,0.06929007917642593
YDR390C,YDR130C,0,4.566718,0.42394015192985535,0.5034551024436951,0.069390207529068
YKR014C,YOL139C,0,4.565377,0.4235880374908447,0.5034551024436951,0.06949033588171005
YNL206C,YGR262C,0,4.5646305,0.42323651909828186,0.5034551024436951,0.06959046423435211
YDR460W,YDL154W,1,4.5625343,0.4237147569656372,0.5044422745704651,0.06959046423435211
YIL138C,YCR010C,0,4.5609612,0.42336371541023254,0.5044422745704651,0.06969060003757477
YER089C,YOR044W,0,4.560463,0.42301324009895325,0.5044422745704651,0.06979072839021683
YOR389W,YGR135W,0,4.560423,0.4226633608341217,0.5044422745704651,0.06989085674285889
YKR061W,YDL075W,0,4.559312,0.4223140478134155,0.5044422745704651,0.06999098509550095
YDR121W,YPL121C,1,4.5587807,0.42279109358787537,0.5054294466972351,0.06999098509550095
YNL039W,YPR041W,0,4.5586224,0.4224422574043274,0.5054294466972351,0.0700911208987236
YDR440W,YEL061C,0,4.5549917,0.4220939874649048,0.5054294466972351,0.07019124925136566
YDL102W,YPL194W,1,4.554546,0.42257001996040344,0.5064165592193604,0.07019124925136566
YGL232W,YPL220W,0,4.5504327,0.42222222685813904,0.5064165592193604,0.07029137760400772
YOR290C,YHR044C,0,4.5482035,0.421875,0.5064165592193604,0.07039150595664978
YKL213C,YPR164W,1,4.547315,0.42235004901885986,0.5074037313461304,0.07039150595664978
YMR016C,YGR158C,0,4.545826,0.42200326919555664,0.5074037313461304,0.07049164175987244
YEL016C,YDL065C,0,4.544837,0.42165708541870117,0.5074037313461304,0.0705917701125145
YLR086W,YCL059C,0,4.5434685,0.42131146788597107,0.5074037313461304,0.07069189846515656
YOR143C,YOR069W,0,4.5422435,0.42096641659736633,0.5074037313461304,0.07079202681779861
YGL175C,YFR027W,1,4.5422115,0.4214402735233307,0.5083909034729004,0.07079202681779861
YGR188C,YER112W,0,4.5380673,0.42109566926956177,0.5083909034729004,0.07089216262102127
YDR224C,YER164W,0,4.5380254,0.4207516312599182,0.5083909034729004,0.07099229097366333
YPR184W,YLR045C,0,4.537358,0.4204081594944,0.5083909034729004,0.07109241932630539
YJR145C,YDR456W,0,4.536653,0.4200652539730072,0.5083909034729004,0.07119254767894745
YPL068C,YPL149W,0,4.536417,0.41972291469573975,0.5083909034729004,0.0712926834821701
YER029C,YBL017C,0,4.536187,0.41938111186027527,0.5083909034729004,0.07139281183481216
YPR118W,YER007W,0,4.5359993,0.41903987526893616,0.5083909034729004,0.07149294018745422
YFL039C,YOR290C,1,4.5345716,0.41951218247413635,0.5093780755996704,0.07149294018745422
YPR108W,YER020W,0,4.531891,0.41917139291763306,0.5093780755996704,0.07159306854009628
YBR030W,YOR211C,0,4.531859,0.4188311696052551,0.5093780755996704,0.07169320434331894
YJL092W,YNL307C,1,4.5309963,0.4193025231361389,0.5103652477264404,0.07169320434331894
YHR021C,YGR014W,0,4.5295134,0.4189627170562744,0.5103652477264404,0.071793332695961
YDL030W,YCR075C,0,4.529418,0.4186234772205353,0.5103652477264404,0.07189346104860306
YCL050C,YDR031W,0,4.5292344,0.4182848036289215,0.5103652477264404,0.07199358940124512
YMR106C,YDR317W,1,4.528633,0.41875505447387695,0.5113524198532104,0.07199358940124512
YBL103C,YLR134W,0,4.5279636,0.4184167981147766,0.5113524198532104,0.07209372520446777
YML060W,YOL149W,0,4.527853,0.41807910799980164,0.5113524198532104,0.07219385355710983
YMR088C,YLR096W,0,4.527829,0.41774192452430725,0.5113524198532104,0.07229398190975189
YLR357W,YOR290C,1,4.5276403,0.4182111322879791,0.5123395919799805,0.07229398190975189
YPR118W,YPR096C,0,4.526915,0.41787439584732056,0.5123395919799805,0.07239411026239395
YML113W,YDL065C,0,4.525834,0.41753822565078735,0.5123395919799805,0.07249424606561661
YLR373C,YPR028W,0,4.5257845,0.41720256209373474,0.5123395919799805,0.07259437441825867
YDR121W,YLR376C,1,4.5248313,0.41767069697380066,0.5133267641067505,0.07259437441825867
YHR046C,YMR094W,0,4.523126,0.41733548045158386,0.5133267641067505,0.07269450277090073
YGL089C,YPL091W,0,4.5221004,0.41700080037117004,0.5133267641067505,0.07279463112354279
YDL129W,YLR343W,0,4.521079,0.4166666567325592,0.5133267641067505,0.07289475947618484
YDR311W,YDR369C,1,4.5147777,0.41713371872901917,0.5143139362335205,0.07289475947618484
YPL017C,YKL143W,0,4.514414,0.41679999232292175,0.5143139362335205,0.0729948952794075
YNR011C,YOR063W,0,4.513607,0.4164668321609497,0.5143139362335205,0.07309502363204956
YGL213C,YNL331C,0,4.513404,0.41613417863845825,0.5143139362335205,0.07319515198469162
YDR239C,YNL012W,0,4.513202,0.4158020615577698,0.5143139362335205,0.07329528033733368
YPL106C,YHR023W,0,4.5122747,0.4154704809188843,0.5143139362335205,0.07339541614055634
YDL192W,YOR347C,0,4.5072455,0.41513943672180176,0.5143139362335205,0.0734955444931984
YJL165C,YGR035C,0,4.5068035,0.4148089289665222,0.5143139362335205,0.07359567284584045
YDR138W,YPL046C,1,4.5045657,0.4152744710445404,0.5153011083602905,0.07359567284584045
YLR450W,YOR069W,0,4.502168,0.4149443507194519,0.5153011083602905,0.07369580119848251
YBL024W,YER020W,0,4.5010214,0.4146147668361664,0.5153011083602905,0.07379593700170517
YJL065C,YBR283C,0,4.500512,0.41428571939468384,0.5153011083602905,0.07389606535434723
YNL136W,YLR327C,0,4.499257,0.4139571785926819,0.5153011083602905,0.07399619370698929
YDR478W,YOL117W,0,4.4976244,0.4136291742324829,0.5153011083602905,0.07409632205963135
YBR289W,YDR436W,0,4.4966183,0.4133016765117645,0.5153011083602905,0.074196457862854
YLR086W,YDL185W,0,4.4960775,0.41297468543052673,0.5153011083602905,0.07429658621549606
YGL136C,YFR037C,0,4.4954586,0.4126482307910919,0.5153011083602905,0.07439671456813812
YBL093C,YKL028W,0,4.494915,0.4123222827911377,0.5153011083602905,0.07449684292078018
YNL246W,YOR290C,1,4.494545,0.4127860963344574,0.5162882804870605,0.07449684292078018
YPL090C,YOR044W,0,4.49262,0.4124605655670166,0.5162882804870605,0.07459697872400284
YDR533C,YHR160C,0,4.491942,0.4121355414390564,0.5162882804870605,0.0746971070766449
YMR016C,YEL065W,0,4.4911547,0.4118110239505768,0.5162882804870605,0.07479723542928696
YGR047C,YLR154C,0,4.4910545,0.41148701310157776,0.5162882804870605,0.07489736378192902
YPL231W,YOR374W,0,4.490712,0.4111635088920593,0.5162882804870605,0.07499749958515167
YOL043C,YIL128W,1,4.486144,0.41162607073783875,0.5172753930091858,0.07499749958515167
YGL128C,YLR154C,0,4.4853954,0.41130298376083374,0.5172753930091858,0.07509762793779373
YBR156C,YPL202C,0,4.484677,0.4109804034233093,0.5172753930091858,0.07519775629043579
YLR086W,YGR062C,0,4.484338,0.4106582999229431,0.5172753930091858,0.07529788464307785
YGR156W,YGL106W,0,4.4833574,0.4103367328643799,0.5172753930091858,0.0753980204463005
YJR144W,YOL034W,1,4.4799995,0.4107981324195862,0.5182625651359558,0.0753980204463005
YGR047C,YGR262C,0,4.478788,0.4104769229888916,0.5182625651359558,0.07549814879894257
YBR082C,YDR032C,0,4.478659,0.41015625,0.5182625651359558,0.07559827715158463
YGR274C,YOR221C,0,4.477969,0.4098360538482666,0.5182625651359558,0.07569840550422668
YGL136C,YOR182C,0,4.4777837,0.4095163941383362,0.5182625651359558,0.07579854130744934
YOR224C,YML042W,0,4.4771223,0.4091971814632416,0.5182625651359558,0.0758986696600914
YML027W,YER173W,0,4.477057,0.40887850522994995,0.5182625651359558,0.07599879801273346
YLR086W,YHL047C,0,4.476822,0.40856030583381653,0.5182625651359558,0.07609892636537552
YLR288C,YML058W-A,1,4.4751916,0.40902021527290344,0.5192497372627258,0.07609892636537552
YMR171C,YER020W,0,4.475096,0.40870240330696106,0.5192497372627258,0.07619906216859818
YOL005C,YIL115C,0,4.474316,0.40838509798049927,0.5192497372627258,0.07629919052124023
YJR097W,YCL075W,0,4.473749,0.4080682694911957,0.5192497372627258,0.0763993188738823
YPR005C,YDR086C,0,4.472926,0.4077519476413727,0.5192497372627258,0.07649944722652435
YNL086W,YIL138C,0,4.4724245,0.4074361026287079,0.5192497372627258,0.07659958302974701
YMR016C,YJL073W,0,4.4713855,0.4071207344532013,0.5192497372627258,0.07669971138238907
YOR315W,YNL339C,0,4.470934,0.4068058729171753,0.5192497372627258,0.07679983973503113
YJL190C,YGL155W,0,4.46954,0.4064914882183075,0.5192497372627258,0.07689996808767319
YLR266C,YML043C,0,4.469138,0.4061776101589203,0.5192497372627258,0.07700009644031525
YLR086W,YGR156W,0,4.4677634,0.4058642089366913,0.5192497372627258,0.0771002322435379
YGR058W,YNL212W,0,4.465843,0.4055512845516205,0.5192497372627258,0.07720036059617996
YNR043W,YML095C,0,4.463043,0.4052388370037079,0.5192497372627258,0.07730048894882202
YDR448W,YER030W,0,4.463038,0.4049268662929535,0.5192497372627258,0.07740061730146408
YKL213C,YJL127C,1,4.4629383,0.4053846299648285,0.5202369093894958,0.07740061730146408
YLR154C,YPR021C,0,4.4623194,0.40507301688194275,0.5202369093894958,0.07750075310468674
YIL139C,YDL154W,1,4.462127,0.4055299460887909,0.5212240815162659,0.07750075310468674
YHR134W,YDR138W,1,4.4612117,0.4059861898422241,0.5222112536430359,0.07750075310468674
YGL035C,YDL192W,0,4.4594097,0.40567484498023987,0.5222112536430359,0.0776008814573288
YHR079C-A,YER162C,1,4.4580426,0.40613025426864624,0.5231984257698059,0.0776008814573288
YNL049C,YDL043C,0,4.4564333,0.405819296836853,0.5231984257698059,0.07770100980997086
YOR315W,YEL015W,0,4.4556704,0.40550878643989563,0.5231984257698059,0.07780113816261292
YER162C,YJR043C,1,4.4556355,0.40596330165863037,0.5241855978965759,0.07780113816261292
YOR290C,YPR168W,0,4.4548635,0.405653178691864,0.5241855978965759,0.07790127396583557
YKR048C,YDL008W,0,4.454809,0.40534350275993347,0.5241855978965759,0.07800140231847763
YAL015C,YDR159W,1,4.4522624,0.4057970941066742,0.525172770023346,0.07800140231847763
YLL050C,YIR015W,0,4.4517365,0.4054878056049347,0.525172770023346,0.07810153067111969
YEL013W,YDL115C,0,4.451299,0.4051789939403534,0.525172770023346,0.07820165902376175
YLR396C,YOR211C,0,4.451152,0.4048706293106079,0.525172770023346,0.0783017948269844
YIR012W,YDR393W,0,4.4499426,0.40456274151802063,0.525172770023346,0.07840192317962646
YFL039C,YER169W,1,4.4471235,0.4050152003765106,0.526159942150116,0.07840192317962646
YCL055W,YAL021C,0,4.4468746,0.404707670211792,0.526159942150116,0.07850205153226852
YOL117W,YGR156W,0,4.4465723,0.40440061688423157,0.526159942150116,0.07860217988491058
YDR107C,YJL136C,0,4.4432654,0.40409401059150696,0.526159942150116,0.07870231568813324
YLR015W,YNL091W,0,4.4430413,0.40378788113594055,0.526159942150116,0.0788024440407753
YFR037C,YCR039C,0,4.4410105,0.40348219871520996,0.526159942150116,0.07890257239341736
YCL055W,YEL015W,0,4.440853,0.4031769931316376,0.526159942150116,0.07900270074605942
YIL109C,YLR385C,0,4.440753,0.4028722643852234,0.526159942150116,0.07910283654928207
YGR058W,YNR041C,0,4.439269,0.402567982673645,0.526159942150116,0.07920296490192413
YDR177W,YJL133W,0,4.4370723,0.40226414799690247,0.526159942150116,0.07930309325456619
YHR153C,YOR257W,0,4.4359527,0.4019607901573181,0.526159942150116,0.07940322160720825
YMR171C,YOL117W,0,4.43494,0.4016578793525696,0.526159942150116,0.07950335741043091
YFR027W,YMR173W,1,4.4348707,0.40210843086242676,0.527147114276886,0.07950335741043091
YBR237W,YBR214W,0,4.4344664,0.4018058776855469,0.527147114276886,0.07960348576307297
YKL028W,YER164W,0,4.4323883,0.4015037715435028,0.527147114276886,0.07970361411571503
YIL132C,YJR068W,1,4.4317684,0.40195342898368835,0.5281342267990112,0.07970361411571503
YLR376C,YDL059C,1,4.430887,0.402402400970459,0.5291213989257812,0.07970361411571503
YMR290C,YLR109W,0,4.4308863,0.402100533246994,0.5291213989257812,0.07980374246835709
YMR316W,YEL065W,0,4.4304194,0.40179911255836487,0.5291213989257812,0.07990387827157974
YHL044W,YOR233W,0,4.429598,0.40149813890457153,0.5291213989257812,0.0800040066242218
YDR520C,YOL077C,0,4.428932,0.401197612285614,0.5291213989257812,0.08010413497686386
YDR533C,YNL039W,0,4.4283977,0.4008975327014923,0.5291213989257812,0.08020426332950592
YBL088C,YPL019C,0,4.428222,0.4005979001522064,0.5291213989257812,0.08030439913272858
YOR368W,YJR057W,1,4.4280715,0.401045560836792,0.5301085710525513,0.08030439913272858
YEL015W,YDR393W,0,4.4273567,0.40074625611305237,0.5301085710525513,0.08040452748537064
YHR046C,YNL306W,0,4.4270043,0.40044742822647095,0.5301085710525513,0.0805046558380127
YPR168W,YGR014W,0,4.424707,0.40014901757240295,0.5301085710525513,0.08060478419065475
YML074C,YCL047C,0,4.423662,0.39985108375549316,0.5301085710525513,0.08070491999387741
YKL112W,YGR002C,1,4.4217353,0.400297611951828,0.5310957431793213,0.08070491999387741
YNL159C,YJR068W,0,4.419811,0.4000000059604645,0.5310957431793213,0.08080504834651947
YIL150C,YLR188W,0,4.4194174,0.3997028172016144,0.5310957431793213,0.08090517669916153
YIL112W,YDR393W,0,4.4192257,0.3994060754776001,0.5310957431793213,0.08100530505180359
YOR033C,YFL003C,1,4.418159,0.39985162019729614,0.5320829153060913,0.08100530505180359
YOR116C,YJL108C,0,4.416602,0.3995552361011505,0.5320829153060913,0.08110543340444565
YOR124C,YJL019W,0,4.4161525,0.3992592692375183,0.5320829153060913,0.0812055692076683
YGL089C,YMR311C,0,4.415174,0.39896371960639954,0.5320829153060913,0.08130569756031036
YPR132W,YBR297W,0,4.41507,0.39866864681243896,0.5320829153060913,0.08140582591295242
YBL021C,YBR084W,0,4.4133344,0.3983739912509918,0.5320829153060913,0.08150595426559448
YGL058W,YKR056W,1,4.413067,0.39881831407546997,0.5330700874328613,0.08150595426559448
YHR079C-A,YLR427W,1,4.411282,0.3992619812488556,0.5340572595596313,0.08150595426559448
YPL231W,YGR156W,0,4.411024,0.39896756410598755,0.5340572595596313,0.08160609006881714
YBR105C,YKR105C,0,4.409617,0.39867353439331055,0.5340572595596313,0.0817062184214592
YOL005C,YPL026C,0,4.4091644,0.39837998151779175,0.5340572595596313,0.08180634677410126
YPR036W,YIL112W,0,4.40691,0.398086816072464,0.5340572595596313,0.08190647512674332
YDL138W,YDR400W,0,4.4056306,0.39779412746429443,0.5340572595596313,0.08200661092996597
YDR315C,YPL048W,0,4.4022655,0.3975018262863159,0.5340572595596313,0.08210673928260803
YAL043C,YGR123C,0,4.401557,0.3972099721431732,0.5340572595596313,0.08220686763525009
YOR224C,YER051W,0,4.4006863,0.39691856503486633,0.5340572595596313,0.08230699598789215
YNR027W,YJR145C,0,4.400422,0.3966275751590729,0.5340572595596313,0.08240713179111481
YDL114W,YKL042W,0,4.400362,0.39633700251579285,0.5340572595596313,0.08250726014375687
YBR286W,YJR058C,0,4.3991346,0.39604684710502625,0.5340572595596313,0.08260738849639893
YLR418C,YKL116C,0,4.398981,0.39575713872909546,0.5340572595596313,0.08270751684904099
YGR054W,YPL159C,0,4.3982587,0.3954678475856781,0.5340572595596313,0.08280765265226364
YMR070W,YPR021C,0,4.397684,0.39517897367477417,0.5340572595596313,0.0829077810049057
YMR171C,YMR036C,0,4.397132,0.39489051699638367,0.5340572595596313,0.08300790935754776
YHR153C,YOL120C,0,4.394396,0.3946024775505066,0.5340572595596313,0.08310803771018982
YML021C,YOR290C,1,4.3936005,0.3950437307357788,0.5350444316864014,0.08310803771018982
YHR079C-A,YLR376C,1,4.393359,0.3954843282699585,0.5360316038131714,0.08310803771018982
YBL103C,YBR205W,0,4.3933115,0.39519649744033813,0.5360316038131714,0.08320817351341248
YGL128C,YJL080C,0,4.393159,0.3949090838432312,0.5360316038131714,0.08330830186605453
YGR008C,YOR044W,0,4.392722,0.3946220874786377,0.5360316038131714,0.0834084302186966
YEL054C,YCL027W,0,4.3913727,0.3943355083465576,0.5360316038131714,0.08350855857133865
YBR237W,YLR126C,0,4.3898044,0.39404934644699097,0.5360316038131714,0.08360869437456131
YOL095C,YEL056W,1,4.388366,0.39448875188827515,0.5370187759399414,0.08360869437456131
YBR237W,YEL054C,0,4.388361,0.3942028880119324,0.5370187759399414,0.08370882272720337
YIL145C,YGR054W,0,4.388359,0.393917441368103,0.5370187759399414,0.08380895107984543
YJR022W,YPR019W,0,4.387486,0.3936324119567871,0.5370187759399414,0.08390907943248749
YML074C,YPR031W,0,4.387433,0.3933477997779846,0.5370187759399414,0.08400921523571014
YEL050C,YPL123C,0,4.3871813,0.39306357502937317,0.5370187759399414,0.0841093435883522
YDR440W,YJR097W,0,4.386369,0.39277979731559753,0.5370187759399414,0.08420947194099426
YLL002W,YFL008W,1,4.3831434,0.39321789145469666,0.5380059480667114,0.08420947194099426
YLR418C,YDR197W,0,4.380973,0.3929343819618225,0.5380059480667114,0.08430960029363632
YKL114C,YNL085W,1,4.3804245,0.3933717608451843,0.5389930605888367,0.08430960029363632
YLR086W,YDL101C,0,4.3797665,0.39308854937553406,0.5389930605888367,0.08440973609685898
YMR026C,YKL116C,0,4.3787403,0.3928057551383972,0.5389930605888367,0.08450986444950104
YDR363W-A,YDR139C,0,4.3783555,0.3925233781337738,0.5389930605888367,0.0846099928021431
YGL206C,YML095C,0,4.3757677,0.39224138855934143,0.5389930605888367,0.08471012115478516
YGR274C,YBR058C-A,0,4.3750715,0.3919597864151001,0.5389930605888367,0.08481025695800781
YOR080W,YER106W,0,4.3730073,0.3916786313056946,0.5389930605888367,0.08491038531064987
YJR025C,YCR098C,0,4.3717284,0.3913978636264801,0.5389930605888367,0.08501051366329193
YNL139C,YIL148W,1,4.3708835,0.3918338119983673,0.5399802327156067,0.08501051366329193
YDR533C,YJR001W,0,4.370619,0.3915533423423767,0.5399802327156067,0.08511064201593399
YPR192W,YER051W,0,4.369302,0.39127326011657715,0.5399802327156067,0.08521077036857605
YIL126W,YER113C,0,4.368938,0.39099356532096863,0.5399802327156067,0.0853109061717987
YPL022W,YIL153W,1,4.3687572,0.39142856001853943,0.5409674048423767,0.0853109061717987
YGL232W,YOR288C,0,4.3686686,0.3911491930484772,0.5409674048423767,0.08541103452444077
YLR035C,YNL262W,1,4.368208,0.3915834426879883,0.5419545769691467,0.08541103452444077
YOL127W,YBL061C,0,4.367829,0.3913043439388275,0.5419545769691467,0.08551116287708282
YEL018W,YDL084W,1,4.366689,0.3917378783226013,0.5429417490959167,0.08551116287708282
YBR237W,YHR023W,0,4.3666844,0.39145907759666443,0.5429417490959167,0.08561129122972488
YML032C,YOL090W,1,4.3666754,0.3918918967247009,0.5439289212226868,0.08561129122972488
YMR167W,YPL167C,1,4.366308,0.3923240900039673,0.5449160933494568,0.08561129122972488
YEL065W,YHR070W,0,4.3643484,0.3920454680919647,0.5449160933494568,0.08571142703294754
YGL090W,YOR043W,0,4.36402,0.3917672038078308,0.5449160933494568,0.0858115553855896
YNL139C,YBR278W,1,4.363045,0.3921985924243927,0.5459032654762268,0.0858115553855896
YGR076C,YPR122W,0,4.3624225,0.39192062616348267,0.5459032654762268,0.08591168373823166
YBR058C,YHR161C,0,4.3623457,0.39164304733276367,0.5459032654762268,0.08601181209087372
YDL192W,YJL106W,0,4.3611684,0.3913658857345581,0.5459032654762268,0.08611194789409637
YGL021W,YOL152W,0,4.360863,0.3910891115665436,0.5459032654762268,0.08621207624673843
YDR279W,YGR076C,0,4.3605533,0.3908127248287201,0.5459032654762268,0.0863122045993805
YMR284W,YER162C,1,4.3604407,0.39124295115470886,0.5468904376029968,0.0863122045993805
YGL089C,YJR121W,0,4.3600593,0.39096683263778687,0.5468904376029968,0.08641233295202255
YJR022W,YJR076C,0,4.359972,0.3906911015510559,0.5468904376029968,0.08651246875524521
YJL164C,YMR223W,0,4.359522,0.3904157876968384,0.5468904376029968,0.08661259710788727
YDL105W,YIL153W,1,4.3583975,0.39084506034851074,0.5478776097297668,0.08661259710788727
YPR052C,YDL047W,1,4.3576956,0.39127373695373535,0.5488647818565369,0.08661259710788727
YHR105W,YMR128W,0,4.3572145,0.39099860191345215,0.5488647818565369,0.08671272546052933
YPR118W,YLR121C,0,4.355814,0.3907238245010376,0.5488647818565369,0.08681285381317139
YBR198C,YDR368W,0,4.355197,0.3904494345188141,0.5488647818565369,0.08691298961639404
YHR031C,YGL210W,0,4.355037,0.3901754319667816,0.5488647818565369,0.0870131179690361
YKR062W,YIL126W,0,4.3547473,0.3899018168449402,0.5488647818565369,0.08711324632167816
YJR158W,YDL060W,0,4.354548,0.3896285891532898,0.5488647818565369,0.08721337467432022
YLR212C,YOR076C,0,4.3538656,0.38935574889183044,0.5488647818565369,0.08731351047754288
YNL085W,YBR278W,1,4.353002,0.3897830545902252,0.5498519539833069,0.08731351047754288
YMR307W,YIL145C,0,4.3517404,0.38951048254966736,0.5498519539833069,0.08741363883018494
YBR022W,YNL244C,0,4.351659,0.38923829793930054,0.5498519539833069,0.087513767182827
YDR425W,YJR058C,0,4.351429,0.38896647095680237,0.5498519539833069,0.08761389553546906
YDR440W,YPL164C,1,4.3510113,0.3893928825855255,0.5508390665054321,0.08761389553546906
YLR015W,YMR223W,0,4.350973,0.3891213536262512,0.5508390665054321,0.08771403133869171
YGR056W,YDL105W,1,4.350816,0.38954704999923706,0.5518262386322021,0.08771403133869171
YNL077W,YMR165C,0,4.348836,0.38927575945854187,0.5518262386322021,0.08781415969133377
YFR037C,YDR376W,0,4.348435,0.3890048861503601,0.5518262386322021,0.08791428804397583
YOR069W,YBL061C,0,4.3479815,0.3887343406677246,0.5518262386322021,0.08801441639661789
YER029C,YKL135C,0,4.347952,0.38846421241760254,0.5518262386322021,0.08811455219984055
YBR286W,YKL017C,0,4.3468866,0.3881944417953491,0.5518262386322021,0.0882146805524826
YOR120W,YKL042W,0,4.34411,0.38792505860328674,0.5518262386322021,0.08831480890512466
YNL102W,YIL148W,1,4.34256,0.3883495032787323,0.5528134107589722,0.08831480890512466
YLR154C,YBR251W,0,4.342457,0.3880803883075714,0.5528134107589722,0.08841493725776672
YMR094W,YDR334W,0,4.3421507,0.3878116309642792,0.5528134107589722,0.08851507306098938
YLR288C,YNL299W,1,4.340098,0.38823530077934265,0.5538005828857422,0.08851507306098938
YML074C,YEL061C,0,4.3378453,0.3879668116569519,0.5538005828857422,0.08861520141363144
YJR104C,YGL106W,0,4.3373117,0.3876986801624298,0.5538005828857422,0.0887153297662735
YHR028C,YOR369C,0,4.336951,0.38743093609809875,0.5538005828857422,0.08881545811891556
YDR420W,YKL021C,0,4.3366013,0.38716354966163635,0.5538005828857422,0.08891559392213821
YGL205W,YHR064C,0,4.3365374,0.386896550655365,0.5538005828857422,0.08901572227478027
YOL018C,YDR117C,0,4.335683,0.3866299092769623,0.5538005828857422,0.08911585062742233
YBR073W,YHR081W,1,4.334757,0.3870523273944855,0.5547877550125122,0.08911585062742233
YMR036C,YPL143W,0,4.334417,0.38678595423698425,0.5547877550125122,0.08921597898006439
YLR373C,YMR316W,0,4.3330064,0.3865199387073517,0.5547877550125122,0.08931610733270645
YDL200C,YFR037C,1,4.3321114,0.3869415819644928,0.5557749271392822,0.08931610733270645
YJL048C,YDR071C,0,4.3310537,0.3866758346557617,0.5557749271392822,0.08941624313592911
YCL069W,YDR096W,0,4.328891,0.3864104449748993,0.5557749271392822,0.08951637148857117
YLR373C,YOL018C,0,4.328682,0.3861454129219055,0.5557749271392822,0.08961649984121323
YJL143W,YIL078W,0,4.3282976,0.3858807384967804,0.5557749271392822,0.08971662819385529
YNR040W,YPL048W,0,4.327798,0.3856164515018463,0.5557749271392822,0.08981676399707794
YEL016C,YMR022W,0,4.3264318,0.3853524923324585,0.5557749271392822,0.08991689234972
YPL164C,YDR369C,1,4.325754,0.3857729136943817,0.5567620992660522,0.08991689234972
YPR102C,YLR139C,0,4.3254395,0.3855092227458954,0.5567620992660522,0.09001702070236206
YDR478W,YLR120C,0,4.3252053,0.3852458894252777,0.5567620992660522,0.09011714905500412
YBR158W,YGR086C,0,4.325182,0.3849829435348511,0.5567620992660522,0.09021728485822678
YHR025W,YCL047C,0,4.3225527,0.3847203254699707,0.5567620992660522,0.09031741321086884
YPR186C,YGR063C,0,4.3196087,0.384458065032959,0.5567620992660522,0.0904175415635109
YDL200C,YLR318W,0,4.318957,0.3841961920261383,0.5567620992660522,0.09051766991615295
YJR158W,YKR009C,0,4.3189063,0.3839346468448639,0.5567620992660522,0.09061780571937561
YDR018C,YOL007C,0,4.3186717,0.38367345929145813,0.5567620992660522,0.09071793407201767
YPL022W,YHL025W,1,4.318336,0.38409245014190674,0.5577492713928223,0.09071793407201767
YPL022W,YER113C,0,4.318134,0.38383153080940247,0.5577492713928223,0.09081806242465973
YBL017C,YDL033C,0,4.317036,0.38357093930244446,0.5577492713928223,0.09091819077730179
YJL052W,YHL016C,0,4.3155665,0.3833107054233551,0.5577492713928223,0.09101832658052444
YDL129W,YDR436W,0,4.315298,0.3830508589744568,0.5577492713928223,0.0911184549331665
YDL099W,YIL160C,0,4.3147297,0.38279134035110474,0.5577492713928223,0.09121858328580856
YPL148C,YJR076C,0,4.3144155,0.38253214955329895,0.5577492713928223,0.09131871163845062
YML060W,YFL024C,1,4.3142204,0.38294991850852966,0.5587364435195923,0.09131871163845062
YER142C,YNL085W,1,4.313939,0.3833671510219574,0.5597236156463623,0.09131871163845062
YIR002C,YMR071C,0,4.3124714,0.38310810923576355,0.5597236156463623,0.09141884744167328
YHR153C,YLR448W,0,4.310137,0.38284942507743835,0.5597236156463623,0.09151897579431534
YMR204C,YDR031W,0,4.307988,0.3825910985469818,0.5597236156463623,0.0916191041469574
YBL078C,YML043C,0,4.3078656,0.38233309984207153,0.5597236156463623,0.09171923249959946
YLR321C,YOR005C,1,4.3077364,0.3827493190765381,0.5607107877731323,0.09171923249959946
YDR478W,YNL185C,0,4.3067594,0.3824915885925293,0.5607107877731323,0.09181936830282211
YDR448W,YDR118W,0,4.3062425,0.3822341859340668,0.5607107877731323,0.09191949665546417
YCR004C,YDR118W,0,4.3062353,0.3819771409034729,0.5607107877731323,0.09201962500810623
YNL301C,YIL112W,0,4.3060637,0.3817204236984253,0.5607107877731323,0.09211975336074829
YNL077W,YPR186C,0,4.3060083,0.38146406412124634,0.5607107877731323,0.09221988916397095
YDL047W,YNL107W,1,4.3056717,0.38187918066978455,0.5616979002952576,0.09221988916397095
YBR289W,YDL110C,0,4.303255,0.3816230595111847,0.5616979002952576,0.092320017516613
YDR314C,YDR180W,1,4.3025727,0.38203752040863037,0.5626850724220276,0.092320017516613
YNL210W,YHR070W,0,4.3023806,0.3817816376686096,0.5626850724220276,0.09242014586925507
YBL024W,YER051W,0,4.3020873,0.3815261125564575,0.5626850724220276,0.09252027422189713
YOR368W,YDL101C,1,4.3019705,0.3819397985935211,0.5636722445487976,0.09252027422189713
YGL128C,YAL044C,0,4.3009396,0.38168448209762573,0.5636722445487976,0.09262041002511978
YLR286C,YER007W,0,4.299672,0.381429523229599,0.5636722445487976,0.09272053837776184
YJL056C,YNL151C,0,4.29958,0.38117489218711853,0.5636722445487976,0.0928206667304039
YOR096W,YDL205C,0,4.299478,0.3809206187725067,0.5636722445487976,0.09292079508304596
YBR231C,YDL184C,0,4.298323,0.38066667318344116,0.5636722445487976,0.09302093088626862
YGR026W,YGR295C,0,4.2972693,0.3804130554199219,0.5636722445487976,0.09312105923891068
YGR037C,YPL153C,0,4.2966304,0.38015979528427124,0.5636722445487976,0.09322118759155273
YPR048W,YGL141W,0,4.296351,0.37990686297416687,0.5636722445487976,0.0933213159441948
YML032C,YPL046C,1,4.2940025,0.38031914830207825,0.5646594166755676,0.0933213159441948
YNL311C,YJL052W,0,4.2936115,0.380066454410553,0.5646594166755676,0.09342144429683685
YFL036W,YLR467W,0,4.2933645,0.379814088344574,0.5646594166755676,0.09352158010005951
YOR288C,YDL141W,0,4.2930307,0.37956205010414124,0.5646594166755676,0.09362170845270157
YMR314W,YJL156C,0,4.289547,0.37931033968925476,0.5646594166755676,0.09372183680534363
YBR087W,YNL218W,1,4.2894135,0.37972167134284973,0.5656465888023376,0.09372183680534363
YNL292W,YNR045W,0,4.2893004,0.37947019934654236,0.5656465888023376,0.09382196515798569
YNL218W,YEL016C,0,4.2878857,0.37921905517578125,0.5656465888023376,0.09392210096120834
YHR056C,YDR227W,1,4.28537,0.37962964177131653,0.5666337609291077,0.09392210096120834
YBR156C,YHR017W,0,4.285212,0.37937870621681213,0.5666337609291077,0.0940222293138504
YER111C,YGR116W,0,4.28184,0.3791281282901764,0.5666337609291077,0.09412235766649246
YIL084C,YBL037W,0,4.2808046,0.3788778781890869,0.5666337609291077,0.09422248601913452
YOL067C,YML074C,0,4.280318,0.3786279559135437,0.5666337609291077,0.09432262182235718
YLL009C,YGR116W,0,4.2801433,0.37837839126586914,0.5666337609291077,0.09442275017499924
YDL143W,YIL084C,0,4.2754393,0.37812912464141846,0.5666337609291077,0.0945228785276413
YDR120C,YDR368W,0,4.2749643,0.37788018584251404,0.5666337609291077,0.09462300688028336
YDR443C,YPR096C,0,4.2723317,0.3776315748691559,0.5666337609291077,0.09472314268350601
YNL330C,YKR095W,1,4.2718267,0.37804076075553894,0.5676209330558777,0.09472314268350601
YDL120W,YDR224C,0,4.2716937,0.3777923882007599,0.5676209330558777,0.09482327103614807
YOL156W,YDR177W,0,4.2715025,0.3775443136692047,0.5676209330558777,0.09492339938879013
YOL005C,YOR242C,0,4.2713776,0.3772965967655182,0.5676209330558777,0.09502352774143219
YJR135C,YER173W,0,4.269589,0.37704917788505554,0.5676209330558777,0.09512366354465485
YDL102W,YJL127C,1,4.268013,0.3774574100971222,0.5686081051826477,0.09512366354465485
YJL158C,YHR011W,0,4.267711,0.37721022963523865,0.5686081051826477,0.0952237918972969
YLR304C,YLR147C,0,4.266583,0.376963347196579,0.5686081051826477,0.09532392024993896
YLR134W,YJL189W,0,4.2642837,0.37671682238578796,0.5686081051826477,0.09542404860258102
YDL138W,YLR139C,0,4.2637935,0.3764705955982208,0.5686081051826477,0.09552418440580368
YDL108W,YDR529C,0,4.263071,0.37622469663619995,0.5686081051826477,0.09562431275844574
YHL006C,YPL121C,1,4.263025,0.37663185596466064,0.5695952773094177,0.09562431275844574
YBR041W,YPL033C,0,4.262253,0.3763861656188965,0.5695952773094177,0.0957244411110878
YHR153C,YNL101W,0,4.26199,0.3761408030986786,0.5695952773094177,0.09582456946372986
YDR288W,YOR005C,1,4.2617044,0.3765472173690796,0.5705824494361877,0.09582456946372986
YBR058C,YJL041W,0,4.261604,0.3763020932674408,0.5705824494361877,0.09592470526695251
YLR276C,YBR231C,0,4.2589984,0.3760572671890259,0.5705824494361877,0.09602483361959457
YER148W,YMR314W,0,4.2583914,0.37581273913383484,0.5705824494361877,0.09612496197223663
YPL051W,YDR279W,0,4.2578964,0.37556853890419006,0.5705824494361877,0.09622509032487869
YOL067C,YPR081C,0,4.257784,0.37532466650009155,0.5705824494361877,0.09632522612810135
YPR023C,YEL056W,1,4.2575593,0.375730037689209,0.5715696215629578,0.09632522612810135
YOR308C,YPL091W,0,4.256525,0.3754863739013672,0.5715696215629578,0.09642535448074341
YMR223W,YGR156W,0,4.256421,0.37524303793907166,0.5715696215629578,0.09652548283338547
YMR036C,YOR257W,0,4.254692,0.375,0.5715696215629578,0.09662561118602753
YJR066W,YHR010W,0,4.254593,0.3747572898864746,0.5715696215629578,0.09672574698925018
YDR279W,YML009C,0,4.2538166,0.3745148777961731,0.5715696215629578,0.09682587534189224
YPL048W,YPR021C,0,4.2507973,0.37427279353141785,0.5715696215629578,0.0969260036945343
YOR057W,YPL048W,0,4.250695,0.3740310072898865,0.5715696215629578,0.09702613204717636
YNL330C,YFR007W,0,4.2502337,0.37378954887390137,0.5715696215629578,0.09712626785039902
YJR022W,YOR211C,0,4.2496443,0.37354838848114014,0.5715696215629578,0.09722639620304108
YNL301C,YLR097C,0,4.2480507,0.37330755591392517,0.5715696215629578,0.09732652455568314
YKL173W,YMR289W,0,4.2473106,0.3730670213699341,0.5715696215629578,0.0974266529083252
YHR046C,YBR036C,0,4.2462707,0.37282678484916687,0.5715696215629578,0.09752678126096725
YAL041W,YPL051W,0,4.2455645,0.3725868761539459,0.5715696215629578,0.09762691706418991
YDR121W,YKR094C,1,4.243361,0.37299033999443054,0.572556734085083,0.09762691706418991
YNL292W,YHR117W,0,4.2425146,0.3727506399154663,0.572556734085083,0.09772704541683197
YBL093C,YKR062W,0,4.241269,0.37251123785972595,0.572556734085083,0.09782717376947403
YGR104C,YJL052W,0,4.2411633,0.3722721338272095,0.572556734085083,0.09792730212211609
YPR052C,YML060W,1,4.23953,0.3726747930049896,0.573543906211853,0.09792730212211609
YNL331C,YJL080C,0,4.2393723,0.37243589758872986,0.573543906211853,0.09802743792533875
YJR075W,YBR299W,0,4.2389083,0.37219730019569397,0.573543906211853,0.0981275662779808
YBR223C,YJR057W,1,4.2386537,0.3725992441177368,0.574531078338623,0.0981275662779808
YDR531W,YLR403W,0,4.238535,0.37236085534095764,0.574531078338623,0.09822769463062286
YHR011W,YFL037W,0,4.2368746,0.37212276458740234,0.574531078338623,0.09832782298326492
YOR386W,YJR068W,1,4.2361403,0.3725239634513855,0.5755182504653931,0.09832782298326492
YMR137C,YJR068W,1,4.2352543,0.37292465567588806,0.5765054225921631,0.09832782298326492
YBL106C,YOR096W,0,4.2344255,0.3726866543292999,0.5765054225921631,0.09842795878648758
YPR118W,YER053C,0,4.234074,0.37244898080825806,0.5765054225921631,0.09852808713912964
YKL143W,YIL113W,0,4.2334876,0.37221160531044006,0.5765054225921631,0.0986282154917717
YBL017C,YJR160C,0,4.232965,0.37197452783584595,0.5765054225921631,0.09872834384441376
YIL145C,YLL038C,0,4.232641,0.3717377483844757,0.5765054225921631,0.09882847964763641
YJL157C,YLL009C,0,4.2320857,0.37150126695632935,0.5765054225921631,0.09892860800027847
YNR016C,YIL084C,0,4.2310634,0.37126511335372925,0.5765054225921631,0.09902873635292053
YBR175W,YNL166C,0,4.2307434,0.37102922797203064,0.5765054225921631,0.09912886470556259
YDR381W,YML011C,1,4.230641,0.37142857909202576,0.5774925947189331,0.09912886470556259
YER171W,YHR164C,1,4.230566,0.3718274235725403,0.5784797668457031,0.09912886470556259
YHR079C-A,YIL153W,1,4.2304635,0.37222573161125183,0.5794669389724731,0.09912886470556259
YLR015W,YPL231W,0,4.228353,0.3719898462295532,0.5794669389724731,0.09922900050878525
YHR046C,YPR156C,0,4.2276335,0.3717542886734009,0.5794669389724731,0.09932912886142731
YDL030W,YKR009C,0,4.2272277,0.37151899933815,0.5794669389724731,0.09942925721406937
YJR066W,YDR096W,0,4.226531,0.37128400802612305,0.5794669389724731,0.09952938556671143
YCR092C,YOL034W,1,4.226506,0.37168142199516296,0.5804541110992432,0.09952938556671143
YMR127C,YCL050C,0,4.2263074,0.3714466094970703,0.5804541110992432,0.09962952136993408
YNL049C,YOR265W,0,4.225461,0.3712121248245239,0.5804541110992432,0.09972964972257614
YLR032W,YLL002W,1,4.2251434,0.37160882353782654,0.5814412832260132,0.09972964972257614
YOR269W,YDR483W,0,4.2241306,0.3713745176792145,0.5814412832260132,0.0998297780752182
YDR465C,YMR306W,0,4.2236767,0.3711405098438263,0.5814412832260132,0.09992990642786026
YJR145C,YER111C,0,4.2216396,0.370906800031662,0.5814412832260132,0.10003004223108292
YKL173W,YNL135C,0,4.219339,0.37067338824272156,0.5814412832260132,0.10013017058372498
YOR290C,YIL148W,1,4.218851,0.37106919288635254,0.5824284553527832,0.10013017058372498
YJL153C,YEL021W,0,4.218753,0.37083595991134644,0.5824284553527832,0.10023029893636703
YPR049C,YLR430W,0,4.217963,0.3706030249595642,0.5824284553527832,0.1003304272890091
YOR143C,YOR217W,0,4.215355,0.37037035822868347,0.5824284553527832,0.10043056309223175
YML077W,YPR186C,0,4.214585,0.370138019323349,0.5824284553527832,0.10053069144487381
YJL073W,YMR109W,0,4.2141023,0.369905948638916,0.5824284553527832,0.10063081979751587
YFL029C,YNR016C,0,4.2120466,0.3696741759777069,0.5824284553527832,0.10073094815015793
YLL009C,YJR098C,0,4.211123,0.3694427013397217,0.5824284553527832,0.10083108395338058
YFR032C-A,YLR370C,0,4.210884,0.3692115247249603,0.5824284553527832,0.10093121230602264
YKR062W,YNL061W,0,4.210199,0.36898061633110046,0.5824284553527832,0.1010313406586647
YNL330C,YML077W,0,4.2097263,0.3687500059604645,0.5824284553527832,0.10113146901130676
YLR385C,YNL217W,0,4.209675,0.36851966381073,0.5824284553527832,0.10123159736394882
YML011C,YLR427W,1,4.209647,0.368913859128952,0.5834155678749084,0.10123159736394882
YIR002C,YOR211C,0,4.2079296,0.36868372559547424,0.5834155678749084,0.10133173316717148
YDR487C,YNL191W,0,4.207929,0.36845386028289795,0.5834155678749084,0.10143186151981354
YJR104C,YHR184W,0,4.2071705,0.36822429299354553,0.5834155678749084,0.1015319898724556
YLR078C,YPL123C,0,4.2071257,0.367995023727417,0.5834155678749084,0.10163211822509766
YHR092C,YLL038C,0,4.206997,0.36776602268218994,0.5834155678749084,0.10173225402832031
YML060W,YAL003W,0,4.205302,0.36753731966018677,0.5834155678749084,0.10183238238096237
YFR008W,YMR285C,0,4.2050447,0.3673088848590851,0.5834155678749084,0.10193251073360443
YER061C,YIL026C,0,4.2039022,0.3670807480812073,0.5834155678749084,0.10203263908624649
YBR289W,YPL121C,1,4.2020364,0.36747363209724426,0.5844027400016785,0.10203263908624649
YDL043C,YKL010C,0,4.2015543,0.3672456443309784,0.5844027400016785,0.10213277488946915
YDR501W,YMR071C,0,4.200944,0.3670179843902588,0.5844027400016785,0.1022329032421112
YDR533C,YJR139C,0,4.200059,0.3667905926704407,0.5844027400016785,0.10233303159475327
YOL127W,YPR032W,0,4.1991315,0.36656346917152405,0.5844027400016785,0.10243315994739532
YGL089C,YPL195W,0,4.198376,0.3663366436958313,0.5844027400016785,0.10253329575061798
YGR058W,YGR292W,0,4.197449,0.36611008644104004,0.5844027400016785,0.10263342410326004
YDR097C,YEL056W,1,4.19687,0.3665018677711487,0.5853899121284485,0.10263342410326004
YDL108W,YNL325C,0,4.196332,0.36627548933029175,0.5853899121284485,0.1027335524559021
YJL143W,YPL202C,0,4.196014,0.3660493791103363,0.5853899121284485,0.10283368080854416
YLR086W,YPL271W,0,4.1955767,0.36582356691360474,0.5853899121284485,0.10293381661176682
YBR087W,YAL058W,0,4.195567,0.36559802293777466,0.5853899121284485,0.10303394496440887
YDL195W,YLR403W,0,4.193372,0.36537277698516846,0.5853899121284485,0.10313407331705093
YGL128C,YCR094W,0,4.193279,0.36514776945114136,0.5853899121284485,0.103234201669693
YOR037W,YPL231W,0,4.1907897,0.3649230897426605,0.5853899121284485,0.10333433747291565
YNL158W,YGR035C,0,4.188527,0.3646986484527588,0.5853899121284485,0.10343446582555771
YOR224C,YLR040C,0,4.188406,0.36447450518608093,0.5853899121284485,0.10353459417819977
YDL056W,YAL003W,0,4.187464,0.3642506003379822,0.5853899121284485,0.10363472253084183
YGL173C,YBL075C,0,4.187066,0.3640270233154297,0.5853899121284485,0.10373485833406448
YJL140W,YDR092W,1,4.1854916,0.364417165517807,0.5863770842552185,0.10373485833406448
YDR425W,YFL044C,0,4.184905,0.36419373750686646,0.5863770842552185,0.10383498668670654
YJL019W,YNR070W,0,4.184267,0.3639705777168274,0.5863770842552185,0.1039351150393486
YLR373C,YMR285C,0,4.18418,0.3637477159500122,0.5863770842552185,0.10403524339199066
YJL065C,YDR120C,0,4.1832037,0.3635250926017761,0.5863770842552185,0.10413537919521332
YDL101C,YAL020C,0,4.182676,0.36330273747444153,0.5863770842552185,0.10423550754785538
YGL040C,YNL135C,0,4.180048,0.3630806803703308,0.5863770842552185,0.10433563590049744
YGL003C,YNL217W,0,4.179818,0.3628588914871216,0.5863770842552185,0.1044357642531395
YKL112W,YGL087C,1,4.178515,0.3632478713989258,0.5873642563819885,0.1044357642531395
YOR063W,YCR075C,0,4.1765623,0.3630262315273285,0.5873642563819885,0.10453590005636215
YMR223W,YIL026C,0,4.175912,0.3628048896789551,0.5873642563819885,0.10463602840900421
YJL136C,YPR081C,0,4.173417,0.36258378624916077,0.5873642563819885,0.10473615676164627
YPL022W,YDL101C,1,4.1712565,0.3629719913005829,0.5883514285087585,0.10473615676164627
YDR465C,YIL084C,0,4.1711082,0.3627510666847229,0.5883514285087585,0.10483628511428833
YOR061W,YDR507C,0,4.1703215,0.3625304102897644,0.5883514285087585,0.10493642091751099
YBL061C,YNL101W,0,4.1686306,0.3623100221157074,0.5883514285087585,0.10503654927015305
YDR312W,YKL116C,0,4.1658807,0.3620899021625519,0.5883514285087585,0.1051366776227951
YOL005C,YDR330W,0,4.165434,0.36187008023262024,0.5883514285087585,0.10523680597543716
YFL003C,YGL094C,1,4.1627064,0.3622572720050812,0.5893386006355286,0.10523680597543716
YMR127C,YHR010W,0,4.162013,0.3620375990867615,0.5893386006355286,0.10533693432807922
YBL069W,YMR204C,0,4.161766,0.36181819438934326,0.5893386006355286,0.10543707013130188
YJR001W,YIL084C,0,4.16094,0.36159902811050415,0.5893386006355286,0.10553719848394394
YDR217C,YGL207W,1,4.1592097,0.3619854748249054,0.5903257727622986,0.10553719848394394
YDR022C,YJL080C,0,4.156943,0.3617664873600006,0.5903257727622986,0.105637326836586
YER088C,YCR081W,0,4.156245,0.3615477681159973,0.5903257727622986,0.10573745518922806
YBR289W,YEL021W,0,4.1555347,0.3613293170928955,0.5903257727622986,0.10583759099245071
YBR136W,YER162C,1,4.1549087,0.3617149889469147,0.5913129448890686,0.10583759099245071
YDR113C,YPL153C,1,4.1542907,0.36210018396377563,0.5923001170158386,0.10583759099245071
YOR290C,YKL212W,0,4.1539116,0.3618817925453186,0.5923001170158386,0.10593771934509277
YJR139C,YOR044W,0,4.1534424,0.3616636395454407,0.5923001170158386,0.10603784769773483
YDR107C,YGL031C,0,4.152897,0.3614457845687866,0.5923001170158386,0.10613797605037689
YOR290C,YGR184C,0,4.152334,0.36122816801071167,0.5923001170158386,0.10623811185359955
YDR329C,YPL155C,0,4.1518426,0.3610108196735382,0.5923001170158386,0.10633824020624161
YOR384W,YIL150C,0,4.151551,0.36079373955726624,0.5923001170158386,0.10643836855888367
YPR175W,YOL094C,1,4.149808,0.36117789149284363,0.5932872891426086,0.10643836855888367
YPR023C,YPL121C,1,4.1496654,0.3615615665912628,0.5942744612693787,0.10643836855888367
YOR069W,YJL008C,0,4.147104,0.3613445460796356,0.5942744612693787,0.10653849691152573
YLR394W,YGL090W,1,4.1469364,0.36172765493392944,0.5952615737915039,0.10653849691152573
YOR039W,YMR017W,0,4.1449594,0.3615107834339142,0.5952615737915039,0.10663863271474838
YPR118W,YNL268W,0,4.143823,0.3612941801548004,0.5952615737915039,0.10673876106739044
YNR050C,YNL012W,0,4.1435957,0.36107784509658813,0.5952615737915039,0.1068388894200325
YBL106C,YBR082C,0,4.1435623,0.36086174845695496,0.5952615737915039,0.10693901777267456
YPR070W,YDR044W,0,4.1434236,0.36064592003822327,0.5952615737915039,0.10703915357589722
YGR056W,YNL262W,1,4.143204,0.36102810502052307,0.5962487459182739,0.10703915357589722
YER007W,YIL124W,0,4.139612,0.3608124256134033,0.5962487459182739,0.10713928192853928
YDR312W,YKL173W,0,4.13866,0.36059701442718506,0.5962487459182739,0.10723941028118134
YCR096C,YDR134C,0,4.1384273,0.3603818714618683,0.5962487459182739,0.1073395386338234
YKL004W,YLR381W,0,4.13779,0.3601669669151306,0.5962487459182739,0.10743967443704605
YDR121W,YKR104W,0,4.1376233,0.35995233058929443,0.5962487459182739,0.10753980278968811
YOL094C,YNL290W,1,4.1366115,0.36033353209495544,0.597235918045044,0.10753980278968811
YOL077C,YDR483W,0,4.135714,0.3601190447807312,0.597235918045044,0.10763993114233017
YER133W,YOL139C,0,4.134091,0.35990482568740845,0.597235918045044,0.10774005949497223
YDR270W,YGL147C,0,4.132966,0.3596908450126648,0.597235918045044,0.10784019529819489
YOR151C,YMR204C,0,4.1323833,0.35947713255882263,0.597235918045044,0.10794032365083694
YDR520C,YJR001W,0,4.132136,0.35926365852355957,0.597235918045044,0.108040452003479
YML124C,YBR040W,0,4.1316347,0.359050452709198,0.597235918045044,0.10814058035612106
YPR118W,YIL155C,0,4.1314096,0.3588374853134155,0.597235918045044,0.10824071615934372
YEL065W,YKL024C,0,4.130903,0.35862478613853455,0.597235918045044,0.10834084451198578
YER147C,YKL054C,1,4.130524,0.3590047359466553,0.598223090171814,0.10834084451198578
YDR315C,YNL310C,0,4.130454,0.35879218578338623,0.598223090171814,0.10844097286462784
YNL049C,YDL164C,0,4.130335,0.3585798740386963,0.598223090171814,0.1085411012172699
YNL262W,YDR419W,1,4.129722,0.3589591979980469,0.599210262298584,0.1085411012172699
YOL064C,YDL065C,0,4.1295576,0.35874703526496887,0.599210262298584,0.10864123702049255
YHR011W,YOR044W,0,4.1281457,0.35853514075279236,0.599210262298584,0.10874136537313461
YDL043C,YGL090W,0,4.1274204,0.35832348465919495,0.599210262298584,0.10884149372577667
YJR110W,YDL136W,0,4.1272416,0.358112096786499,0.599210262298584,0.10894162207841873
YBR105C,YER044C,0,4.1237273,0.3579009473323822,0.599210262298584,0.10904175788164139
YPR178W,YDR443C,0,4.121615,0.3576900362968445,0.599210262298584,0.10914188623428345
YDR386W,YOL094C,1,4.1215525,0.3580683171749115,0.600197434425354,0.10914188623428345
YOR308C,YGR158C,0,4.121269,0.3578575551509857,0.600197434425354,0.1092420145869255
YNL001W,YAL058W,0,4.1184177,0.3576470613479614,0.600197434425354,0.10934214293956757
YIR002C,YGR279C,0,4.1176887,0.35743680596351624,0.600197434425354,0.10944227129220963
YPR184W,YGR076C,0,4.117645,0.35722678899765015,0.600197434425354,0.10954240709543228
YMR211W,YDL184C,0,4.11716,0.35701704025268555,0.600197434425354,0.10964253544807434
YLR086W,YPL059W,0,4.1167254,0.35680750012397766,0.600197434425354,0.1097426638007164
YIL153W,YNL262W,1,4.116304,0.3571847379207611,0.601184606552124,0.1097426638007164
YOR061W,YNR050C,0,4.1161127,0.35697537660598755,0.601184606552124,0.10984279215335846
YLR318W,YGL084C,0,4.115093,0.3567662537097931,0.601184606552124,0.10994292795658112
YHR046C,YMR006C,0,4.1149335,0.35655736923217773,0.601184606552124,0.11004305630922318
YDR050C,YDL127W,0,4.1139836,0.35634875297546387,0.601184606552124,0.11014318466186523
YLR288C,YDL154W,1,4.111261,0.35672515630722046,0.602171778678894,0.11014318466186523
YNL188W,YDR031W,0,4.110796,0.35651665925979614,0.602171778678894,0.1102433130145073
YOR046C,YPL177C,0,4.110451,0.3563084006309509,0.602171778678894,0.11034344881772995
YPL281C,YIL171W,0,4.110174,0.3561004102230072,0.602171778678894,0.11044357717037201
YDR283C,YOR063W,0,4.105615,0.3558926582336426,0.602171778678894,0.11054370552301407
YLR418C,YBR213W,0,4.1054583,0.35568514466285706,0.602171778678894,0.11064383387565613
YEL038W,YMR042W,0,4.1039352,0.35547786951065063,0.602171778678894,0.11074396967887878
YIL101C,YDR510W,0,4.102418,0.3552708327770233,0.602171778678894,0.11084409803152084
YDL051W,YOR043W,0,4.100721,0.3550640344619751,0.602171778678894,0.1109442263841629
YDR138W,YIR002C,1,4.1005325,0.3554392158985138,0.6031589508056641,0.1109442263841629
YDL080C,YDR402C,0,4.1005287,0.3552325665950775,0.6031589508056641,0.11104435473680496
YLR418C,YML037C,0,4.100312,0.35502615571022034,0.6031589508056641,0.11114449054002762
YMR037C,YIR023W,0,4.0983686,0.35481998324394226,0.6031589508056641,0.11124461889266968
YEL059C-A,YHR184W,0,4.0974216,0.3546140491962433,0.6031589508056641,0.11134474724531174
YJR022W,YDR055W,0,4.095339,0.3544083535671234,0.6031589508056641,0.1114448755979538
YDL108W,YMR256C,0,4.094043,0.35420289635658264,0.6031589508056641,0.11154501140117645
YIR014W,YDR507C,0,4.0936065,0.35399767756462097,0.6031589508056641,0.11164513975381851
YBR175W,YPL123C,0,4.0908737,0.3537926971912384,0.6031589508056641,0.11174526810646057
YDL020C,YHL025W,1,4.090779,0.3541666567325592,0.6041461229324341,0.11174526810646057
YGR037C,YIR009W,0,4.089945,0.3539618253707886,0.6041461229324341,0.11184539645910263
YLR127C,YDL185W,0,4.0893364,0.35375723242759705,0.6041461229324341,0.11194553226232529
YLR450W,YML091C,0,4.0888667,0.35355284810066223,0.6041461229324341,0.11204566061496735
YMR307W,YKR059W,0,4.0885534,0.3533487319946289,0.6041461229324341,0.1121457889676094
YLR288C,YDR182W,1,4.0880656,0.35372185707092285,0.6051332950592041,0.1121457889676094
YML034W,YOR039W,0,4.088022,0.35351788997650146,0.6051332950592041,0.11224591732025146
YGR002C,YNL246W,1,4.08741,0.35389047861099243,0.6061204075813293,0.11224591732025146
YJR098C,YDR326C,0,4.087011,0.3536866307258606,0.6061204075813293,0.11234605312347412
YDR381W,YLR427W,1,4.0861287,0.35405871272087097,0.6071075797080994,0.11234605312347412
YEL050C,YOR244W,0,4.0852976,0.3538550138473511,0.6071075797080994,0.11244618147611618
YOR039W,YLR121C,0,4.085249,0.3536515235900879,0.6071075797080994,0.11254630982875824
YLR459W,YGR035C,0,4.0841303,0.3534482717514038,0.6071075797080994,0.1126464381814003
YKL183W,YGL095C,0,4.0834675,0.35324525833129883,0.6071075797080994,0.11274657398462296
YOR384W,YDR376W,0,4.0828223,0.35304248332977295,0.6071075797080994,0.11284670233726501
YNL330C,YOR144C,1,4.0822825,0.3534136414527893,0.6080947518348694,0.11284670233726501
YBR030W,YDR313C,0,4.081717,0.35321101546287537,0.6080947518348694,0.11294683068990707
YLR403W,YGL157W,0,4.0814104,0.35300859808921814,0.6080947518348694,0.11304695904254913
YBR198C,YEL016C,0,4.0800357,0.35280641913414,0.6080947518348694,0.11314709484577179
YOR076C,YOR151C,0,4.078465,0.352604478597641,0.6080947518348694,0.11324722319841385
YOR290C,YPR041W,0,4.0775614,0.3524027466773987,0.6080947518348694,0.11334735155105591
YNR070W,YCR010C,0,4.076094,0.3522012531757355,0.6080947518348694,0.11344747990369797
YNR016C,YNL146W,0,4.0744085,0.35199999809265137,0.6080947518348694,0.11354760825634003
YGL035C,YER070W,0,4.073031,0.35179898142814636,0.6080947518348694,0.11364774405956268
YDR532C,YER173W,0,4.0721164,0.35159817337989807,0.6080947518348694,0.11374787241220474
YOR174W,YKR030W,0,4.0716786,0.3513976037502289,0.6080947518348694,0.1138480007648468
YER142C,YKL025C,1,4.070672,0.3517673909664154,0.6090819239616394,0.1138480007648468
YIL078W,YIL113W,0,4.070141,0.35156694054603577,0.6090819239616394,0.11394812911748886
YIL132C,YDL047W,1,4.0699854,0.3519362211227417,0.6100690960884094,0.11394812911748886
YAL020C,YLR032W,0,4.0698586,0.351735919713974,0.6100690960884094,0.11404826492071152
YOR057W,YKL183W,0,4.069283,0.351535826921463,0.6100690960884094,0.11414839327335358
YBL019W,YOR144C,1,4.06887,0.3519044816493988,0.6110562682151794,0.11414839327335358
YLR109W,YDR044W,0,4.0679703,0.35170453786849976,0.6110562682151794,0.11424852162599564
YPR052C,YMR156C,1,4.067615,0.35207268595695496,0.6120434403419495,0.11424852162599564
YJR022W,YDR247W,0,4.06754,0.35187286138534546,0.6120434403419495,0.1143486499786377
YGL136C,YOL127W,0,4.0674005,0.35167327523231506,0.6120434403419495,0.11444878578186035
YNL107W,YNL133C,1,4.0657015,0.3520408272743225,0.6130306124687195,0.11444878578186035
YMR088C,YIL093C,0,4.0651417,0.35184136033058167,0.6130306124687195,0.11454891413450241
YLR430W,YPR054W,0,4.0631237,0.3516421318054199,0.6130306124687195,0.11464904248714447
YOL067C,YDL080C,0,4.062823,0.3514431118965149,0.6130306124687195,0.11474917083978653
YMR100W,YCL050C,0,4.0626535,0.35124433040618896,0.6130306124687195,0.11484930664300919
YLR446W,YDL146W,0,4.061844,0.35104578733444214,0.6130306124687195,0.11494943499565125
YMR036C,YIL093C,0,4.060885,0.350847452878952,0.6130306124687195,0.1150495633482933
YLR321C,YML061C,1,4.0606685,0.3512139916419983,0.6140177845954895,0.1150495633482933
YDR004W,YER041W,1,4.0602813,0.3515801429748535,0.6150049567222595,0.1150495633482933
YIR015W,YER020W,0,4.060222,0.3513818383216858,0.6150049567222595,0.11514969170093536
YDR443C,YDR288W,0,4.058565,0.35118377208709717,0.6150049567222595,0.11524982750415802
YGR104C,YBR092C,0,4.058461,0.35098591446876526,0.6150049567222595,0.11534995585680008
YDL204W,YBR245C,0,4.058292,0.35078829526901245,0.6150049567222595,0.11545008420944214
YNL128W,YNL189W,0,4.0569167,0.35059088468551636,0.6150049567222595,0.1155502125620842
YDR465C,YMR233W,0,4.053273,0.35039371252059937,0.6150049567222595,0.11565034836530685
YLR373C,YDR390C,0,4.0528975,0.3501967489719391,0.6150049567222595,0.11575047671794891
YPR049C,YDR014W,0,4.052345,0.3499999940395355,0.6150049567222595,0.11585060507059097
YCL055W,YLR074C,0,4.051017,0.34980347752571106,0.6150049567222595,0.11595073342323303
YLR438C-A,YIL136W,0,4.050939,0.3496071696281433,0.6150049567222595,0.11605086922645569
YDR279W,YPR042C,0,4.0498047,0.34941110014915466,0.6150049567222595,0.11615099757909775
YMR043W,YDR402C,0,4.049665,0.34921523928642273,0.6150049567222595,0.11625112593173981
YDR478W,YIR006C,0,4.049356,0.3490196168422699,0.6150049567222595,0.11635125428438187
YDR265W,YHR099W,0,4.048455,0.3488242030143738,0.6150049567222595,0.11645139008760452
YJL019W,YGL168W,0,4.04705,0.3486289978027344,0.6150049567222595,0.11655151844024658
YER029C,YML012W,0,4.0468855,0.3484340012073517,0.6150049567222595,0.11665164679288864
YDR478W,YPR168W,0,4.045996,0.3482392430305481,0.6150049567222595,0.1167517751455307
YER029C,YBL023C,0,4.0432615,0.3480446934700012,0.6150049567222595,0.11685191094875336
YGR002C,YOR005C,1,4.0431747,0.34840869903564453,0.6159921288490295,0.11685191094875336
YBR082C,YLR154C,0,4.042459,0.3482142984867096,0.6159921288490295,0.11695203930139542
YER029C,YMR281W,0,4.042074,0.348020076751709,0.6159921288490295,0.11705216765403748
YOR224C,YBR030W,0,4.0419035,0.3478260934352875,0.6159921288490295,0.11715229600667953
YER111C,YGR061C,0,4.0410957,0.3476323187351227,0.6159921288490295,0.11725243180990219
YHR021C,YER113C,0,4.0396442,0.3474387526512146,0.6159921288490295,0.11735256016254425
YLR283W,YMR080C,0,4.039033,0.34724539518356323,0.6159921288490295,0.11745268851518631
YDR420W,YKL195W,0,4.0384426,0.34705227613449097,0.6159921288490295,0.11755281686782837
YEL065W,YBR040W,0,4.0368757,0.3468593657016754,0.6159921288490295,0.11765294522047043
YDL101C,YEL065W,0,4.0349956,0.3466666638851166,0.6159921288490295,0.11775308102369308
YAL041W,YIL034C,0,4.0343065,0.34647417068481445,0.6159921288490295,0.11785320937633514
YDL143W,YDL067C,0,4.0338793,0.34628191590309143,0.6159921288490295,0.1179533377289772
YDR279W,YPR122W,0,4.0329227,0.34608983993530273,0.6159921288490295,0.11805346608161926
YDL164C,YEL059C-A,0,4.032441,0.34589800238609314,0.6159921288490295,0.11815360188484192
YMR190C,YPL204W,1,4.0305614,0.3462603986263275,0.6169792413711548,0.11815360188484192
YEL054C,YJR089W,0,4.0303555,0.3460686504840851,0.6169792413711548,0.11825373023748398
YKR056W,YGL094C,1,4.028697,0.34643054008483887,0.6179664134979248,0.11825373023748398
YDR078C,YHR099W,1,4.0285854,0.3467920422554016,0.6189535856246948,0.11825373023748398
YJL125C,YGR162W,0,4.025152,0.34660032391548157,0.6189535856246948,0.11835385859012604
YER174C,YOL080C,0,4.0244417,0.3464088439941406,0.6189535856246948,0.1184539869427681
YKR061W,YPL269W,0,4.0243325,0.3462175726890564,0.6189535856246948,0.11855412274599075
YDR312W,YKR050W,0,4.0229387,0.3460264801979065,0.6189535856246948,0.11865425109863281
YDL108W,YGL084C,0,4.022136,0.3458356261253357,0.6189535856246948,0.11875437945127487
YDR088C,YDR116C,0,4.0214562,0.3456449806690216,0.6189535856246948,0.11885450780391693
YDL101C,YDR047W,0,4.021449,0.34545454382896423,0.6189535856246948,0.11895464360713959
YPR192W,YBL082C,0,4.0201464,0.3452643156051636,0.6189535856246948,0.11905477195978165
YGR002C,YKL017C,1,4.0190544,0.3456246554851532,0.6199407577514648,0.11905477195978165
YLR015W,YDR044W,0,4.018612,0.3454345464706421,0.6199407577514648,0.1191549003124237
YPL194W,YBL022C,0,4.0175653,0.3452446460723877,0.6199407577514648,0.11925502866506577
YBR245C,YER164W,0,4.016333,0.34505495429039,0.6199407577514648,0.11935516446828842
YMR100W,YDL006W,0,4.014733,0.34486547112464905,0.6199407577514648,0.11945529282093048
YGL168W,YER096W,0,4.0146756,0.3446761667728424,0.6199407577514648,0.11955542117357254
YBL017C,YLR318W,0,4.013647,0.34448710083961487,0.6199407577514648,0.1196555495262146
YKL042W,YDR421W,0,4.0128613,0.34429824352264404,0.6199407577514648,0.11975568532943726
YDL007W,YDR356W,0,4.012665,0.34410959482192993,0.6199407577514648,0.11985581368207932
YDL109C,YAL012W,0,4.012095,0.34392112493515015,0.6199407577514648,0.11995594203472137
YDR253C,YOR174W,0,4.0111384,0.34373289346694946,0.6199407577514648,0.12005607038736343
YDR510W,YDR103W,0,4.010656,0.3435448706150055,0.6199407577514648,0.12015620619058609
YFR005C,YER153C,0,4.0090694,0.34335702657699585,0.6199407577514648,0.12025633454322815
YJL156C,YNL189W,0,4.0088024,0.3431693911552429,0.6199407577514648,0.12035646289587021
YGR274C,YDR443C,0,4.0084543,0.3429819643497467,0.6199407577514648,0.12045659124851227
YDL080C,YER147C,0,4.0075593,0.3427947461605072,0.6199407577514648,0.12055672705173492
YML034W,YBL039C,0,4.006711,0.3426077365875244,0.6199407577514648,0.12065685540437698
YCR053W,YLR327C,0,4.005538,0.34242093563079834,0.6199407577514648,0.12075698375701904
YBR223C,YMR224C,1,4.005272,0.342779278755188,0.6209279298782349,0.12075698375701904
YDL047W,YML095C,1,4.0029297,0.343137264251709,0.6219151020050049,0.12075698375701904
YDL042C,YEL019C,1,4.0025606,0.34349483251571655,0.6229022741317749,0.12075698375701904
YDR315C,YMR139W,0,4.0014544,0.3433079421520233,0.6229022741317749,0.1208571121096611
YER174C,YPR096C,0,4.0011463,0.3431212604045868,0.6229022741317749,0.12095724791288376
YAL041W,YHL016C,0,3.9979548,0.342934787273407,0.6229022741317749,0.12105737626552582
YMR316W,YER148W,0,3.9978151,0.3427484929561615,0.6229022741317749,0.12115750461816788
YDL059C,YLR007W,1,3.9974144,0.3431053161621094,0.6238894462585449,0.12115750461816788
YAL003W,YDR166C,0,3.9970498,0.34291914105415344,0.6238894462585449,0.12125763297080994
YPL194W,YNL262W,1,3.9969692,0.3432754874229431,0.6248766183853149,0.12125763297080994
YLR134W,YDR239C,0,3.9957223,0.34308943152427673,0.6248766183853149,0.12135776877403259
YDL108W,YDR534C,0,3.9930048,0.34290358424186707,0.6248766183853149,0.12145789712667465
YOR181W,YOR337W,0,3.9928913,0.3427179157733917,0.6248766183853149,0.12155802547931671
YBR240C,YJR016C,0,3.9926772,0.3425324559211731,0.6248766183853149,0.12165815383195877
YBR231C,YHR064C,0,3.9925609,0.3423472046852112,0.6248766183853149,0.12175828218460083
YBR082C,YML060W,0,3.9919465,0.342162162065506,0.6248766183853149,0.12185841798782349
YCL055W,YHR081W,0,3.9917436,0.3419772982597351,0.6248766183853149,0.12195854634046555
YEL018W,YPL122C,1,3.9916568,0.3423326015472412,0.625863790512085,0.12195854634046555
YPL177C,YLR448W,0,3.9915855,0.3421478569507599,0.625863790512085,0.1220586746931076
YAL041W,YNL185C,0,3.9911704,0.3419633209705353,0.625863790512085,0.12215880304574966
YBR156C,YLR078C,0,3.9905157,0.341778963804245,0.625863790512085,0.12225893884897232
YGR274C,YLL001W,0,3.9904983,0.3415948152542114,0.625863790512085,0.12235906720161438
YDR495C,YNL244C,0,3.9900644,0.34141087532043457,0.625863790512085,0.12245919555425644
YIL171W,YBR009C,0,3.9897351,0.34122711420059204,0.625863790512085,0.1225593239068985
YAL015C,YBR278W,1,3.9897056,0.3415814936161041,0.626850962638855,0.1225593239068985
YKR014C,YOR290C,0,3.9890826,0.34139785170555115,0.626850962638855,0.12265945971012115
YGL021W,YHR160C,0,3.988263,0.3412143886089325,0.626850962638855,0.12275958806276321
YDR381W,YBR100W,1,3.987518,0.3415682017803192,0.6278380751609802,0.12275958806276321
YDR288W,YHR056C,1,3.9872358,0.3419216275215149,0.6288252472877502,0.12275958806276321
YPL195W,YNL149C,0,3.9872038,0.34173819422721863,0.6288252472877502,0.12285971641540527
YDR359C,YDL154W,1,3.9871063,0.3420911431312561,0.6298124194145203,0.12285971641540527
YGL210W,YHL016C,0,3.9856796,0.3419078290462494,0.6298124194145203,0.12295984476804733
YNL001W,YHR023W,0,3.9853292,0.341724693775177,0.6298124194145203,0.12305998057126999
YHR079C-A,YPR135W,1,3.9844527,0.3420770764350891,0.6307995915412903,0.12305998057126999
YLR238W,YJL136C,0,3.9844265,0.3418940603733063,0.6307995915412903,0.12316010892391205
YOR308C,YKL179C,0,3.9830384,0.34171122312545776,0.6307995915412903,0.12326023727655411
YDR069C,YNL096C,0,3.9829433,0.34152859449386597,0.6307995915412903,0.12336036562919617
YDR190C,YGL090W,1,3.9819722,0.34188035130500793,0.6317867636680603,0.12336036562919617
YLR090W,YJR060W,0,3.9809418,0.3416978120803833,0.6317867636680603,0.12346050143241882
YBL078C,YOR322C,0,3.9807992,0.3415154814720154,0.6317867636680603,0.12356062978506088
YOR308C,YNL015W,0,3.980173,0.3413333296775818,0.6317867636680603,0.12366075813770294
YDL166C,YPL121C,0,3.9800272,0.3411513864994049,0.6317867636680603,0.123760886490345
YMR043W,YER082C,0,3.9789145,0.34096962213516235,0.6317867636680603,0.12386102229356766
YNL217W,YOR211C,0,3.9789119,0.3407880663871765,0.6317867636680603,0.12396115064620972
YMR247C,YOR217W,0,3.9788604,0.3406067192554474,0.6317867636680603,0.12406127899885178
YMR281W,YCL069W,0,3.9785733,0.3404255211353302,0.6317867636680603,0.12416140735149384
YDL105W,YFL008W,1,3.9785514,0.3407761752605438,0.6327739357948303,0.12416140735149384
YJL127C,YGL087C,1,3.978426,0.3411264717578888,0.6337611079216003,0.12416140735149384
YML077W,YHL036W,0,3.9779973,0.340945303440094,0.6337611079216003,0.12426154315471649
YBR050C,YGR274C,0,3.976867,0.3407643437385559,0.6337611079216003,0.12436167150735855
YKL164C,YBL023C,0,3.976633,0.34058356285095215,0.6337611079216003,0.12446179986000061
YBR237W,YML012W,0,3.9765272,0.3404029607772827,0.6337611079216003,0.12456192821264267
YGL089C,YBR024W,0,3.9754822,0.34022256731987,0.6337611079216003,0.12466206401586533
YDR481C,YEL021W,0,3.975045,0.340042382478714,0.6337611079216003,0.12476219236850739
YLR266C,YJR098C,0,3.9744594,0.3398623466491699,0.6337611079216003,0.12486232072114944
YIL126W,YAL012W,0,3.9726307,0.33968254923820496,0.6337611079216003,0.1249624490737915
YLR343W,YOR369C,0,3.9719143,0.33950290083885193,0.6337611079216003,0.12506258487701416
YJL129C,YEL002C,0,3.9719138,0.3393234610557556,0.6337611079216003,0.12516270577907562
YDR228C,YPL085W,0,3.9715765,0.339144229888916,0.6337611079216003,0.12526284158229828
YDR056C,YJR097W,0,3.9708767,0.33896514773368835,0.6337611079216003,0.12536297738552094
YOR278W,YGR188C,0,3.9704652,0.3387862741947174,0.6337611079216003,0.1254630982875824
YGR008C,YDR177W,0,3.9703598,0.3386076092720032,0.6337611079216003,0.12556323409080505
YBR033W,YGL059W,0,3.969702,0.3384290933609009,0.6337611079216003,0.12566335499286652
YDL080C,YML088W,0,3.9694963,0.3382507860660553,0.6337611079216003,0.12576349079608917
YOR036W,YMR204C,0,3.9685543,0.33807265758514404,0.6337611079216003,0.12586362659931183
YDR440W,YJL008C,0,3.9680054,0.3378947377204895,0.6337611079216003,0.1259637475013733
YJL041W,YEL021W,0,3.9676728,0.3377169966697693,0.6337611079216003,0.12606388330459595
YBL078C,YHR092C,0,3.9671476,0.3375394344329834,0.6337611079216003,0.1261640191078186
YLR396C,YJR076C,0,3.9667132,0.33736205101013184,0.6337611079216003,0.12626414000988007
YLR394W,YDL154W,1,3.9664526,0.33771008253097534,0.6347482800483704,0.12626414000988007
YDR520C,YAR044W,0,3.9657745,0.33753281831741333,0.6347482800483704,0.12636427581310272
YJL157C,YAL044C,0,3.9657097,0.33735573291778564,0.6347482800483704,0.12646439671516418
YMR100W,YCR039C,0,3.965388,0.3371788263320923,0.6347482800483704,0.12656453251838684
YDR052C,YML104C,0,3.963634,0.33700209856033325,0.6347482800483704,0.1266646683216095
YLR100W,YER007W,0,3.9633336,0.33682554960250854,0.6347482800483704,0.12676478922367096
YDR531W,YGL147C,0,3.963193,0.33664920926094055,0.6347482800483704,0.12686492502689362
YNL291C,YOR244W,0,3.9618375,0.3364730477333069,0.6347482800483704,0.12696506083011627
YHR140W,YGR006W,0,3.9617672,0.33629706501960754,0.6347482800483704,0.12706518173217773
YHR027C,YOR386W,0,3.9611259,0.33612126111984253,0.6347482800483704,0.1271653175354004
YHL036W,YNL189W,0,3.9608319,0.33594566583633423,0.6347482800483704,0.12726543843746185
YDR022C,YLR192C,0,3.9605527,0.33577024936676025,0.6347482800483704,0.1273655742406845
YLL062C,YBR198C,0,3.959799,0.3355949819087982,0.6347482800483704,0.12746571004390717
YNL330C,YDR288W,1,3.9594889,0.3359415829181671,0.6357354521751404,0.12746571004390717
YNR020C,YDR031W,0,3.9586873,0.33576643466949463,0.6357354521751404,0.12756583094596863
YBL030C,YGR189C,0,3.9581456,0.33559146523475647,0.6357354521751404,0.12766596674919128
YCL055W,YKL056C,0,3.9579022,0.33541667461395264,0.6357354521751404,0.12776610255241394
YER095W,YGL137W,0,3.9562488,0.33524206280708313,0.6357354521751404,0.1278662234544754
YKL010C,YDR487C,0,3.9561062,0.33506762981414795,0.6357354521751404,0.12796635925769806
YAL010C,YHR010W,0,3.9557006,0.3348934054374695,0.6357354521751404,0.12806648015975952
YMR297W,YOR308C,0,3.9549747,0.33471933007240295,0.6357354521751404,0.12816661596298218
YOL067C,YJR075W,0,3.953938,0.33454546332359314,0.6357354521751404,0.12826675176620483
YLR450W,YDR117C,0,3.9528236,0.33437174558639526,0.6357354521751404,0.1283668726682663
YGL090W,YKL017C,1,3.9527717,0.33471718430519104,0.6367226243019104,0.1283668726682663
YNL292W,YBR082C,0,3.952753,0.3345435559749603,0.6367226243019104,0.12846700847148895
YOR174W,YCR028C,0,3.9524903,0.33437013626098633,0.6367226243019104,0.1285671442747116
YOR244W,YLR005W,1,3.9515986,0.3347150385379791,0.6377097964286804,0.1285671442747116
YNL158W,YPL149W,0,3.9511497,0.3345416784286499,0.6377097964286804,0.12866726517677307
YER171W,YNL085W,1,3.9495583,0.3348861336708069,0.6386969685554504,0.12866726517677307
YOR244W,YAR044W,0,3.9486306,0.3347128927707672,0.6386969685554504,0.12876740097999573
YPL231W,YGR008C,0,3.9461682,0.3345398008823395,0.6386969685554504,0.1288675218820572
YDR359C,YFL008W,1,3.9461539,0.3348837196826935,0.6396840810775757,0.1288675218820572
YKR014C,YJL148W,0,3.9458349,0.3347107470035553,0.6396840810775757,0.12896765768527985
YIL072W,YPR042C,0,3.945248,0.33453795313835144,0.6396840810775757,0.1290677934885025
YOL004W,YIL132C,1,3.9451199,0.33488133549690247,0.6406712532043457,0.1290677934885025
YDR363W-A,YLR147C,0,3.9450347,0.3347086012363434,0.6406712532043457,0.12916791439056396
YIL145C,YML087C,0,3.9448304,0.334536075592041,0.6406712532043457,0.12926805019378662
YNL206C,YGL227W,0,3.9442234,0.334363728761673,0.6406712532043457,0.12936818599700928
YLR086W,YDR400W,0,3.9429026,0.33419156074523926,0.6406712532043457,0.12946830689907074
YJL125C,YPL202C,0,3.9426117,0.33401957154273987,0.6406712532043457,0.1295684427022934
YKL114C,YDR381W,1,3.9420867,0.3343621492385864,0.6416584253311157,0.1295684427022934
YPR052C,YNL307C,1,3.940959,0.33470436930656433,0.6426455974578857,0.1295684427022934
YLR399C,YGL094C,1,3.9391823,0.33504626154899597,0.6436327695846558,0.1295684427022934
YJR097W,YOR244W,0,3.938816,0.33487415313720703,0.6436327695846558,0.12966856360435486
YIL126W,YIL154C,1,3.9384317,0.33521559834480286,0.6446199417114258,0.12966856360435486
YER164W,YOL149W,0,3.9376872,0.33504360914230347,0.6446199417114258,0.12976869940757751
YBR237W,YNL077W,0,3.936586,0.3348717987537384,0.6446199417114258,0.12986883521080017
YDL143W,YBR231C,0,3.9353487,0.33470016717910767,0.6446199417114258,0.12996895611286163
YOR224C,YML060W,0,3.9350393,0.33452868461608887,0.6446199417114258,0.1300690919160843
YIL009C-A,YDR402C,0,3.935024,0.3343574106693268,0.6446199417114258,0.13016921281814575
YDR420W,YNL101W,0,3.9343114,0.33418628573417664,0.6446199417114258,0.1302693486213684
YML005W,YNL306W,0,3.931738,0.3340153396129608,0.6446199417114258,0.13036948442459106
YHR120W,YHL006C,1,3.9314766,0.33435583114624023,0.6456071138381958,0.13036948442459106
YGR006W,YIR023W,0,3.9310992,0.3341849744319916,0.6456071138381958,0.13046960532665253
YER173W,YJR126C,0,3.9310737,0.33401429653167725,0.6456071138381958,0.13056974112987518
YPL154C,YNL244C,0,3.9308412,0.33384379744529724,0.6456071138381958,0.13066987693309784
YBL017C,YBR156C,0,3.9305167,0.33367347717285156,0.6456071138381958,0.1307699978351593
YHR067W,YDR356W,0,3.9296398,0.3335033059120178,0.6456071138381958,0.13087013363838196
YMR198W,YDR054C,0,3.929152,0.3333333432674408,0.6456071138381958,0.13097025454044342
YJL143W,YBL064C,0,3.9287982,0.3331635296344757,0.6456071138381958,0.13107039034366608
YMR290C,YPL231W,0,3.9282703,0.33299389481544495,0.6456071138381958,0.13117052614688873
YDR420W,YMR071C,0,3.9260645,0.3328244388103485,0.6456071138381958,0.1312706470489502
YCL055W,YMR071C,0,3.9245708,0.332655131816864,0.6456071138381958,0.13137078285217285
YJR057W,YPR175W,1,3.9226494,0.33299440145492554,0.6465942859649658,0.13137078285217285
YER111C,YPL160W,0,3.9225276,0.3328252136707306,0.6465942859649658,0.1314709186553955
YKL025C,YOR005C,1,3.9215426,0.3331640362739563,0.6475814580917358,0.1314709186553955
YBR033W,YIL126W,0,3.9211779,0.3329949378967285,0.6475814580917358,0.13157103955745697
YDR121W,YJL056C,0,3.9201958,0.33282598853111267,0.6475814580917358,0.13167117536067963
YNL242W,YIL112W,0,3.9188848,0.33265718817710876,0.6475814580917358,0.1317712962627411
YJL157C,YDL038C,0,3.9184444,0.3324885964393616,0.6475814580917358,0.13187143206596375
YLR086W,YOR396W,0,3.9184444,0.3323201537132263,0.6475814580917358,0.1319715678691864
YLR100W,YLR265C,0,3.9175172,0.3321518898010254,0.6475814580917358,0.13207168877124786
YIL109C,YGL123W,0,3.9166336,0.3319838047027588,0.6475814580917358,0.13217182457447052
YGL089C,YGR135W,0,3.914773,0.3318158686161041,0.6475814580917358,0.13227196037769318
YJL140W,YDR227W,1,3.914021,0.33215367794036865,0.6485686302185059,0.13227196037769318
YHL044W,YGR286C,0,3.913774,0.33198586106300354,0.6485686302185059,0.13237208127975464
YMR190C,YNL246W,1,3.9126923,0.33232322335243225,0.6495558023452759,0.13237208127975464
YLR441C,YCL066W,0,3.9105983,0.3321554660797119,0.6495558023452759,0.1324722170829773
YPR178W,YKL024C,0,3.9105625,0.3319878876209259,0.6495558023452759,0.13257233798503876
YCL069W,YLR318W,0,3.9077988,0.3318204879760742,0.6495558023452759,0.1326724737882614
YBR048W,YLR433C,0,3.9075627,0.3316532373428345,0.6495558023452759,0.13277260959148407
YER095W,YNL012W,0,3.906852,0.33148613572120667,0.6495558023452759,0.13287273049354553
YKR014C,YGL106W,0,3.9063373,0.33131924271583557,0.6495558023452759,0.1329728662967682
YLR427W,YDR402C,0,3.9061725,0.3311524987220764,0.6495558023452759,0.13307300209999084
YBR082C,YHR207C,0,3.905506,0.3309859037399292,0.6495558023452759,0.1331731230020523
YGR088W,YHL004W,0,3.9054918,0.3308195173740387,0.6495558023452759,0.13327325880527496
YER082C,YDR483W,0,3.9054432,0.33065328001976013,0.6495558023452759,0.13337337970733643
YDR121W,YIR002C,1,3.9044473,0.33098945021629333,0.6505429148674011,0.13337337970733643
YGR272C,YPR031W,0,3.9030142,0.33082330226898193,0.6505429148674011,0.13347351551055908
YER133W,YDL099W,0,3.9025407,0.33065730333328247,0.6505429148674011,0.13357365131378174
YBR123C,YNL210W,0,3.902244,0.33049148321151733,0.6505429148674011,0.1336737722158432
YER088C,YIL090W,0,3.9013534,0.33032581210136414,0.6505429148674011,0.13377390801906586
YNR011C,YOR244W,0,3.8999767,0.33016031980514526,0.6505429148674011,0.13387402892112732
YMR070W,YGR292W,0,3.8994823,0.3299950063228607,0.6505429148674011,0.13397416472434998
YNL158W,YJR135C,0,3.8989892,0.3298298418521881,0.6505429148674011,0.13407430052757263
YAR007C,YGR272C,0,3.89894,0.32966482639312744,0.6505429148674011,0.1341744214296341
YDR159W,YHL025W,1,3.8983364,0.33000001311302185,0.6515300869941711,0.1341744214296341
YLR032W,YAR044W,0,3.897389,0.32983508706092834,0.6515300869941711,0.13427455723285675
YBR022W,YLR079W,0,3.8970904,0.32967033982276917,0.6515300869941711,0.1343746930360794
YOR005C,YKL113C,1,3.8961656,0.3300049901008606,0.6525172591209412,0.1343746930360794
YML061C,YIR002C,1,3.894876,0.33033931255340576,0.6535044312477112,0.1343746930360794
YNL031C,YNL246W,1,3.8947392,0.33067330718040466,0.6544916033744812,0.1343746930360794
YDR448W,YPR047W,0,3.894415,0.3305084705352783,0.6544916033744812,0.13447481393814087
YBR105C,YNL012W,0,3.8943088,0.3303437829017639,0.6544916033744812,0.13457494974136353
YHR172W,YGR035C,0,3.8942943,0.33017927408218384,0.6544916033744812,0.134675070643425
YIL145C,YHL036W,0,3.8942285,0.3300149440765381,0.6544916033744812,0.13477520644664764
YFL029C,YOL005C,0,3.894221,0.3298507332801819,0.6544916033744812,0.1348753422498703
YMR037C,YJR135W-A,0,3.8938203,0.3296867311000824,0.6544916033744812,0.13497546315193176
YBR041W,YJL189W,0,3.8911226,0.32952284812927246,0.6544916033744812,0.13507559895515442
YBR158W,YMR122W-A,0,3.8907187,0.32935917377471924,0.6544916033744812,0.13517573475837708
YGL251C,YER020W,0,3.8904397,0.32919561862945557,0.6544916033744812,0.13527585566043854
YDR118W,YOR131C,0,3.8900964,0.3290322721004486,0.6544916033744812,0.1353759914636612
YLR086W,YBR164C,0,3.8891153,0.3288690447807312,0.6544916033744812,0.13547611236572266
YMR016C,YJL133W,0,3.8883414,0.3287059962749481,0.6544916033744812,0.1355762481689453
YJL073W,YER147C,0,3.8876436,0.32854312658309937,0.6544916033744812,0.13567638397216797
YBR097W,YPL026C,0,3.8874762,0.32838037610054016,0.6544916033744812,0.13577650487422943
YDR018C,YER030W,0,3.8857303,0.32821783423423767,0.6544916033744812,0.1358766406774521
YMR004W,YHR129C,0,3.883684,0.32805541157722473,0.6544916033744812,0.13597677648067474
YDL195W,YKR037C,0,3.882932,0.3278931677341461,0.6544916033744812,0.1360768973827362
YBR245C,YPR096C,0,3.8822365,0.32773110270500183,0.6544916033744812,0.13617703318595886
YPL028W,YNL149C,0,3.881609,0.3275691568851471,0.6544916033744812,0.13627715408802032
YLR135W,YFR027W,1,3.8791032,0.3279012441635132,0.6554787755012512,0.13627715408802032
YBR299W,YAR007C,0,3.8787863,0.3277393877506256,0.6554787755012512,0.13637728989124298
YHR046C,YER048W-A,0,3.8782308,0.32757771015167236,0.6554787755012512,0.13647742569446564
YLR356W,YDR334W,0,3.877975,0.32741618156433105,0.6554787755012512,0.1365775465965271
YHR027C,YDR170W-A,0,3.877111,0.3272548019886017,0.6554787755012512,0.13667768239974976
YKR038C,YDL085W,0,3.8769934,0.32709360122680664,0.6554787755012512,0.1367778182029724
YOR288C,YLR079W,0,3.8758063,0.32693254947662354,0.6554787755012512,0.13687793910503387
YMR043W,YBL055C,0,3.87575,0.32677164673805237,0.6554787755012512,0.13697807490825653
YBL054W,YPL121C,0,3.8739715,0.3266109228134155,0.6554787755012512,0.137078195810318
YDR329C,YJL080C,0,3.8726063,0.3264503479003906,0.6554787755012512,0.13717833161354065
YER147C,YGR006W,0,3.8710217,0.32628992199897766,0.6554787755012512,0.1372784674167633
YLR446W,YMR022W,0,3.8695176,0.326129674911499,0.6554787755012512,0.13737858831882477
YLR399C,YIR002C,1,3.8694444,0.32646048069000244,0.6564659476280212,0.13737858831882477
YNL136W,YDL056W,0,3.8688726,0.3263002932071686,0.6564659476280212,0.13747872412204742
YKL004W,YKL178C,0,3.8686986,0.32614025473594666,0.6564659476280212,0.13757885992527008
YDR050C,YCL061C,0,3.8680856,0.32598039507865906,0.6564659476280212,0.13767898082733154
YDR265W,YBL090W,0,3.8678713,0.3258206844329834,0.6564659476280212,0.1377791166305542
YBR055C,YOR143C,0,3.8676202,0.3256611227989197,0.6564659476280212,0.13787923753261566
YJR066W,YGR286C,0,3.8675053,0.3255017101764679,0.6564659476280212,0.13797937333583832
YOL077C,YDR486C,0,3.8670585,0.32534247636795044,0.6564659476280212,0.13807950913906097
YER140W,YGL141W,0,3.8664477,0.32518336176872253,0.6564659476280212,0.13817963004112244
YKR104W,YDR298C,0,3.865593,0.32502442598342896,0.6564659476280212,0.1382797658443451
YPL143W,YIL124W,0,3.8653207,0.3248656690120697,0.6564659476280212,0.13837988674640656
YJL125C,YHR011W,0,3.8650923,0.32470703125,0.6564659476280212,0.1384800225496292
YDL105W,YLR427W,1,3.863861,0.3250366151332855,0.6574531197547913,0.1384800225496292
YDR520C,YDR436W,0,3.8619766,0.3248780369758606,0.6574531197547913,0.13858015835285187
YPL019C,YHR052W,0,3.859145,0.32471963763237,0.6574531197547913,0.13868027925491333
YIL113W,YNL149C,0,3.857718,0.3245614171028137,0.6574531197547913,0.138780415058136
YPL091W,YAL053W,0,3.8577034,0.324403315782547,0.6574531197547913,0.13888055086135864
YIR015W,YHR117W,0,3.857316,0.3242453634738922,0.6574531197547913,0.1389806717634201
YPL019C,YLR371W,0,3.8571703,0.32408758997917175,0.6574531197547913,0.13908080756664276
YNL039W,YDR055W,0,3.856367,0.32392996549606323,0.6574531197547913,0.13918092846870422
YNL308C,YOR044W,0,3.855579,0.32377249002456665,0.6574531197547913,0.13928106427192688
YDR217C,YML021C,1,3.8554137,0.324101060628891,0.6584402918815613,0.13928106427192688
YBR156C,YBR159W,0,3.8545372,0.3239436745643616,0.6584402918815613,0.13938120007514954
YHR028C,YDR334W,0,3.8534875,0.3237864077091217,0.6584402918815613,0.139481320977211
YER133W,YLR371W,0,3.853259,0.32362931966781616,0.6584402918815613,0.13958145678043365
YNL218W,YNR041C,0,3.8529758,0.32347235083580017,0.6584402918815613,0.1396815925836563
YIL145C,YER184C,0,3.8512487,0.3233155608177185,0.6584402918815613,0.13978171348571777
YAL041W,YLR035C-A,0,3.8511007,0.3231589198112488,0.6584402918815613,0.13988184928894043
YLR127C,YGR071C,0,3.8507445,0.323002427816391,0.6584402918815613,0.1399819701910019
YER038C,YDR190C,1,3.8506556,0.3233301043510437,0.6594274640083313,0.1399819701910019
YOR308C,YBR030W,0,3.8501265,0.3231736719608307,0.6594274640083313,0.14008210599422455
YDR093W,YPL172C,0,3.8492208,0.323017418384552,0.6594274640083313,0.1401822417974472
YOR391C,YOL007C,0,3.8488863,0.32286128401756287,0.6594274640083313,0.14028236269950867
YPR056W,YBR073W,1,3.8480163,0.3231883943080902,0.6604146361351013,0.14028236269950867
YIL109C,YAR019C,0,3.847472,0.32303234934806824,0.6604146361351013,0.14038249850273132
YLR098C,YDR379W,0,3.847149,0.3228764533996582,0.6604146361351013,0.14048263430595398
YDL205C,YKL021C,0,3.847146,0.3227207064628601,0.6604146361351013,0.14058275520801544
YBL024W,YCL063W,0,3.8465915,0.32256507873535156,0.6604146361351013,0.1406828910112381
YOL139C,YNL146W,0,3.8437471,0.32240962982177734,0.6604146361351013,0.14078301191329956
YOL127W,YPL060W,0,3.8402405,0.32225432991981506,0.6604146361351013,0.14088314771652222
YHR046C,YLL001W,0,3.8399005,0.3220991790294647,0.6604146361351013,0.14098328351974487
YNR027W,YIL093C,0,3.839851,0.3219441771507263,0.6604146361351013,0.14108340442180634
YGL136C,YCR094W,0,3.8384318,0.32178932428359985,0.6604146361351013,0.141183540225029
YER147C,YGL039W,0,3.837856,0.3216346204280853,0.6604146361351013,0.14128367602825165
YJL158C,YCR040W,0,3.8361144,0.32148006558418274,0.6604146361351013,0.1413837969303131
YNL139C,YLR035C,1,3.8361049,0.3218059539794922,0.6614017486572266,0.1413837969303131
YCL075W,YBR273C,0,3.8354125,0.3216514587402344,0.6614017486572266,0.14148393273353577
YPR005C,YMR223W,0,3.8354025,0.3214971125125885,0.6614017486572266,0.14158405363559723
YDR170W-A,YGR184C,0,3.8348622,0.32134291529655457,0.6614017486572266,0.14168418943881989
YNL086W,YNL166C,0,3.833031,0.32118886709213257,0.6614017486572266,0.14178432524204254
YMR247C,YIL171W,0,3.8328576,0.3210349678993225,0.6614017486572266,0.141884446144104
YOL004W,YDL047W,1,3.8320525,0.32136014103889465,0.6623889207839966,0.141884446144104
YMR167W,YKR095W,1,3.8320475,0.3216850161552429,0.6633760929107666,0.141884446144104
YKL108W,YPL101W,0,3.8319843,0.3215310871601105,0.6633760929107666,0.14198458194732666
YLR154C,YAR044W,0,3.8318357,0.32137733697891235,0.6633760929107666,0.14208470284938812
YDR253C,YIR012W,0,3.831584,0.3212237060070038,0.6633760929107666,0.14218483865261078
YPR049C,YEL016C,0,3.830483,0.32107022404670715,0.6633760929107666,0.14228497445583344
YDR402C,YDR031W,0,3.829125,0.32091689109802246,0.6633760929107666,0.1423850953578949
YLR370C,YHR023W,0,3.827454,0.3207637369632721,0.6633760929107666,0.14248523116111755
YBR100W,YML023C,1,3.8271205,0.3210877776145935,0.6643632650375366,0.14248523116111755
YOR269W,YLR158C,0,3.8263066,0.3209346830844879,0.6643632650375366,0.1425853669643402
YIL143C,YML021C,1,3.8250809,0.3212583363056183,0.6653504371643066,0.1425853669643402
YKL114C,YMR224C,1,3.824685,0.3215816915035248,0.6663376092910767,0.1425853669643402
YPL143W,YDR128W,0,3.8241282,0.3214285671710968,0.6663376092910767,0.14268548786640167
YOR346W,YCR014C,1,3.8236065,0.32175153493881226,0.6673247814178467,0.14268548786640167
YGR071C,YNL115C,0,3.8226132,0.32159847021102905,0.6673247814178467,0.14278562366962433
YKL108W,YOR306C,0,3.8212652,0.3214455544948578,0.6673247814178467,0.1428857445716858
YDL195W,YMR071C,0,3.8210096,0.32129278779029846,0.6673247814178467,0.14298588037490845
YER088C,YOR211C,0,3.819759,0.3211401402950287,0.6673247814178467,0.1430860161781311
YER173W,YER171W,1,3.818875,0.321462482213974,0.6683119535446167,0.1430860161781311
YGL058W,YNL139C,1,3.8187923,0.32178452610969543,0.6692991256713867,0.1430860161781311
YGL003C,YDL115C,0,3.8181944,0.32163187861442566,0.6692991256713867,0.14318613708019257
YPL206C,YBL020W,0,3.8172479,0.3214793801307678,0.6692991256713867,0.14328627288341522
YDR523C,YOR127W,0,3.8159356,0.32132700085639954,0.6692991256713867,0.14338640868663788
YKL112W,YHR164C,1,3.8158631,0.321648508310318,0.6702862977981567,0.14338640868663788
YHL024W,YJL190C,0,3.8155336,0.32149621844291687,0.6702862977981567,0.14348652958869934
YLR142W,YOR326W,0,3.8149595,0.3213440477848053,0.6702862977981567,0.143586665391922
YDL056W,YFR006W,0,3.8144903,0.32119205594062805,0.6702862977981567,0.14368678629398346
YBL054W,YKR105C,0,3.8139355,0.32104018330574036,0.6702862977981567,0.14378692209720612
YGL207W,YEL056W,1,3.8138106,0.32136106491088867,0.6712734699249268,0.14378692209720612
YJR057W,YPL204W,1,3.8125901,0.3216816186904907,0.672260582447052,0.14378692209720612
YOR057W,YDL112W,0,3.8122764,0.321529746055603,0.672260582447052,0.14388705790042877
YKL059C,YGR006W,0,3.8122592,0.32137802243232727,0.672260582447052,0.14398717880249023
YMR297W,YCL063W,0,3.8121119,0.32122641801834106,0.672260582447052,0.1440873146057129
YMR163C,YJR089W,0,3.810937,0.3210749626159668,0.672260582447052,0.14418745040893555
YKL173W,YER112W,0,3.8088825,0.32092365622520447,0.672260582447052,0.144287571310997
YMR042W,YDR297W,0,3.8088806,0.3207724988460541,0.672260582447052,0.14438770711421967
YNR020C,YKR037C,0,3.8073719,0.32062146067619324,0.672260582447052,0.14448782801628113
YBR100W,YGL127C,1,3.8054743,0.32094117999076843,0.673247754573822,0.14448782801628113
YNL031C,YGL163C,1,3.8031695,0.32126057147979736,0.674234926700592,0.14448782801628113
YBR296C,YHR215W,0,3.8029037,0.3211095333099365,0.674234926700592,0.14458796381950378
YML042W,YLR221C,0,3.802874,0.3209586441516876,0.674234926700592,0.14468809962272644
YER051W,YDR031W,0,3.8018286,0.32080790400505066,0.674234926700592,0.1447882205247879
YPR049C,YBL064C,0,3.8016143,0.32065728306770325,0.674234926700592,0.14488835632801056
YNR022C,YLR327C,0,3.8006372,0.3205068111419678,0.674234926700592,0.14498849213123322
YHR206W,YJL133W,0,3.7999897,0.32035645842552185,0.674234926700592,0.14508861303329468
YBR237W,YGR009C,0,3.7997558,0.32020628452301025,0.674234926700592,0.14518874883651733
YCR096C,YDR169C,0,3.7995975,0.3200562298297882,0.674234926700592,0.1452888697385788
YAR007C,YGR194C,0,3.798663,0.3199063241481781,0.674234926700592,0.14538900554180145
YDR253C,YDR402C,0,3.797999,0.31975656747817993,0.674234926700592,0.1454891413450241
YER110C,YCL066W,0,3.7964249,0.3196069300174713,0.674234926700592,0.14558926224708557
YDL033C,YDL195W,0,3.794715,0.31945744156837463,0.674234926700592,0.14568939805030823
YLR154C,YER007W,0,3.7942305,0.3193081021308899,0.674234926700592,0.1457895189523697
YBR087W,YMR190C,1,3.793857,0.31962618231773376,0.6752220988273621,0.1457895189523697
YLR106C,YNL212W,0,3.793477,0.3194768726825714,0.6752220988273621,0.14588965475559235
YJL219W,YOR224C,0,3.7931862,0.3193277418613434,0.6752220988273621,0.145989790558815
YOR179C,YLR096W,0,3.7926664,0.3191787302494049,0.6752220988273621,0.14608991146087646
YBR105C,YML091C,0,3.790803,0.319029837846756,0.6752220988273621,0.14619004726409912
YLR212C,YBR009C,0,3.7895746,0.3188811242580414,0.6752220988273621,0.14629018306732178
YPR098C,YPL060W,0,3.7884262,0.31873252987861633,0.6752220988273621,0.14639030396938324
YHL044W,YJL136C,0,3.7855628,0.3185840845108032,0.6752220988273621,0.1464904397726059
YBR175W,YMR150C,0,3.785205,0.31843575835227966,0.6752220988273621,0.14659056067466736
YBR087W,YNL246W,1,3.7847292,0.3187529146671295,0.6762092709541321,0.14659056067466736
YBR100W,YPR164W,1,3.7837696,0.3190697729587555,0.6771964430809021,0.14659056067466736
YML106W,YDL038C,0,3.7837696,0.31892141699790955,0.6771964430809021,0.14669069647789001
YDR121W,YGL258W-A,0,3.7837696,0.3187732398509979,0.6771964430809021,0.14679083228111267
YBR100W,YJL127C,1,3.7837696,0.3190896511077881,0.6781836152076721,0.14679083228111267
YHR046C,YOR396W,0,3.7837696,0.31894150376319885,0.6781836152076721,0.14689095318317413
YMR201C,YGL258W-A,0,3.7837696,0.31879350543022156,0.6781836152076721,0.1469910889863968
YHR079C-A,YML102W,1,3.7834861,0.3191094696521759,0.6791707873344421,0.1469910889863968
YNL077W,YJR089W,0,3.783441,0.3189615309238434,0.6791707873344421,0.14709122478961945
YGR075C,YDR116C,0,3.7831235,0.3188137114048004,0.6791707873344421,0.1471913456916809
YDR314C,YLR265C,1,3.7830722,0.31912922859191895,0.6801579594612122,0.1471913456916809
YCR047C,YML081C-A,0,3.7826905,0.31898146867752075,0.6801579594612122,0.14729148149490356
YDL069C,YBL021C,0,3.782464,0.3188338875770569,0.6801579594612122,0.14739160239696503
YBR299W,YNL213C,0,3.7816377,0.3186863958835602,0.6801579594612122,0.14749173820018768
YPR192W,YDL110C,0,3.7809901,0.3185390532016754,0.6801579594612122,0.14759187400341034
YLR446W,YKL164C,0,3.7804868,0.3183918595314026,0.6801579594612122,0.1476919949054718
YGR088W,YIR037W,0,3.779605,0.3182448148727417,0.6801579594612122,0.14779213070869446
YDL130W,YER106W,0,3.7772517,0.31809788942337036,0.6801579594612122,0.14789226651191711
YNR027W,YCR081W,0,3.776621,0.3179510831832886,0.6801579594612122,0.14799238741397858
YDR279W,YNL244C,0,3.7763624,0.3178044259548187,0.6801579594612122,0.14809252321720123
YGL168W,YJR060W,0,3.7743158,0.3176579177379608,0.6801579594612122,0.1481926441192627
YOR167C,YER147C,0,3.7740898,0.31751152873039246,0.6801579594612122,0.14829277992248535
YGL058W,YPL001W,1,3.7738755,0.31782588362693787,0.6811451315879822,0.14829277992248535
YDR069C,YHR181W,0,3.773557,0.3176795542240143,0.6811451315879822,0.148392915725708
YLR266C,YDR387C,0,3.7729554,0.31753337383270264,0.6811451315879822,0.14849303662776947
YOL067C,YMR022W,0,3.7720325,0.31738731265068054,0.6811451315879822,0.14859317243099213
YDL060W,YGR218W,0,3.7716267,0.317241370677948,0.6811451315879822,0.14869330823421478
YLR032W,YGR272C,0,3.7706728,0.3170955777168274,0.6811451315879822,0.14879342913627625
YNL001W,YKR090W,0,3.7705903,0.3169499337673187,0.6811451315879822,0.1488935649394989
YDR379W,YDL075W,0,3.770438,0.3168044090270996,0.6811451315879822,0.14899368584156036
YMR316W,YER083C,0,3.769807,0.31665900349617004,0.6811451315879822,0.14909382164478302
YIR014W,YPL154C,0,3.7693362,0.3165137469768524,0.6811451315879822,0.14919395744800568
YPL068C,YOR270C,0,3.767956,0.31636863946914673,0.6811451315879822,0.14929407835006714
YDR536W,YML125C,0,3.767553,0.3162236511707306,0.6811451315879822,0.1493942141532898
YDL200C,YFL008W,1,3.766951,0.31653687357902527,0.6821323037147522,0.1493942141532898
YMR026C,YDR400W,0,3.7665992,0.3163919448852539,0.6821323037147522,0.14949434995651245
YOR386W,YMR190C,1,3.7653522,0.31670480966567993,0.6831194758415222,0.14949434995651245
YOR278W,YCR075C,0,3.7652316,0.31655994057655334,0.6831194758415222,0.1495944708585739
YHR070W,YDR483W,0,3.7639792,0.3164151906967163,0.6831194758415222,0.14969460666179657
YIL132C,YJR043C,1,3.7630293,0.3167276084423065,0.6841065883636475,0.14969460666179657
YDL075W,YNL091W,0,3.7624784,0.31658291816711426,0.6841065883636475,0.14979472756385803
YBR105C,YPR184W,0,3.7622938,0.31643834710121155,0.6841065883636475,0.1498948633670807
YIR012W,YCR028C,0,3.7610934,0.3162939250469208,0.6841065883636475,0.14999499917030334
YMR173W,YDL154W,1,3.7604077,0.3166058361530304,0.6850937604904175,0.14999499917030334
YJL092W,YKR095W,1,3.7601962,0.3169174790382385,0.6860809326171875,0.14999499917030334
YIL126W,YIL132C,1,3.76008,0.3172287940979004,0.6870681047439575,0.14999499917030334
YLR090W,YDR478W,0,3.7596316,0.31708428263664246,0.6870681047439575,0.1500951200723648
YDR012W,YDL141W,0,3.7595894,0.3169398903846741,0.6870681047439575,0.15019525587558746
YDR242W,YLR286C,0,3.758817,0.31679561734199524,0.6870681047439575,0.15029537677764893
YHL024W,YOL133W,0,3.7585516,0.31665149331092834,0.6870681047439575,0.15039551258087158
YJL165C,YNL218W,0,3.7583637,0.3165075182914734,0.6870681047439575,0.15049564838409424
YHR206W,YDR534C,0,3.7554784,0.3163636326789856,0.6870681047439575,0.1505957692861557
YDR503C,YDR239C,0,3.7554653,0.31621989607810974,0.6870681047439575,0.15069590508937836
YDR393W,YMR311C,0,3.755272,0.3160763084888458,0.6870681047439575,0.150796040892601
YDR465C,YML042W,0,3.7552462,0.3159328103065491,0.6870681047439575,0.15089616179466248
YDR315C,YDR018C,0,3.754278,0.31578946113586426,0.6870681047439575,0.15099629759788513
YIL145C,YMR071C,0,3.7541075,0.3156462609767914,0.6870681047439575,0.1510964184999466
YJL157C,YDL141W,0,3.7537997,0.31550318002700806,0.6870681047439575,0.15119655430316925
YGL003C,YLR237W,0,3.7525182,0.3153602182865143,0.6870681047439575,0.1512966901063919
YJR022W,YGR075C,0,3.7512233,0.31521740555763245,0.6870681047439575,0.15139681100845337
YBR156C,YOL139C,0,3.7510805,0.3150746822357178,0.6870681047439575,0.15149694681167603
YDR533C,YBR237W,0,3.7479658,0.3149321377277374,0.6870681047439575,0.15159708261489868
YGL232W,YCR053W,0,3.7474616,0.31478968262672424,0.6870681047439575,0.15169720351696014
YJL090C,YDR376W,0,3.7473145,0.314647376537323,0.6870681047439575,0.1517973393201828
YCR098C,YGR008C,0,3.747313,0.3145051896572113,0.6870681047439575,0.15189746022224426
YMR298W,YPL258C,0,3.7468438,0.31436315178871155,0.6870681047439575,0.15199759602546692
YNL158W,YGR158C,0,3.7461705,0.31422123312950134,0.6870681047439575,0.15209773182868958
YDL166C,YMR247C,0,3.7455225,0.3140794336795807,0.6870681047439575,0.15219785273075104
YDR315C,YPL202C,0,3.744811,0.3139377534389496,0.6870681047439575,0.1522979885339737
YDR018C,YAL035W,0,3.7442172,0.3137962222099304,0.6870681047439575,0.15239812433719635
YGL035C,YMR281W,0,3.7429218,0.3136548101902008,0.6870681047439575,0.1524982452392578
YMR098C,YLR385C,0,3.7426653,0.31351351737976074,0.6870681047439575,0.15259838104248047
YMR080C,YBR291C,0,3.7418475,0.31337234377861023,0.6870681047439575,0.15269850194454193
YGR104C,YER099C,0,3.7400105,0.31323131918907166,0.6870681047439575,0.1527986377477646
YER096W,YOL157C,0,3.7397287,0.31309041380882263,0.6870681047439575,0.15289877355098724
YLR364W,YBR198C,0,3.7390919,0.31294962763786316,0.6870681047439575,0.1529988944530487
YDR299W,YKL116C,0,3.7375882,0.3128089904785156,0.6870681047439575,0.15309903025627136
YLR373C,YNR041C,0,3.7371273,0.31266847252845764,0.6870681047439575,0.15319916605949402
YHL024W,YGL123W,0,3.736992,0.3125280737876892,0.6870681047439575,0.15329928696155548
YBR198C,YLR221C,0,3.7368417,0.3123877942562103,0.6870681047439575,0.15339942276477814
YLR134W,YCL061C,0,3.7367668,0.312247633934021,0.6870681047439575,0.1534995436668396
YHR136C,YBR122C,0,3.7349687,0.3121076226234436,0.6870681047439575,0.15359967947006226
YMR137C,YOL004W,1,3.7342448,0.3124159574508667,0.6880552768707275,0.15359967947006226
YBL061C,YOR217W,0,3.7338889,0.3122759759426117,0.6880552768707275,0.1536998152732849
YDL056W,YER082C,0,3.7333379,0.31213614344596863,0.6880552768707275,0.15379993617534637
YDL070W,YMR156C,1,3.7331429,0.3124440610408783,0.6890424489974976,0.15379993617534637
YIR037W,YGL123W,0,3.7316542,0.3123042583465576,0.6890424489974976,0.15390007197856903
YBL093C,YPR122W,0,3.7303615,0.3121645748615265,0.6890424489974976,0.1540001928806305
YDR533C,YLR439W,0,3.730147,0.3120250403881073,0.6890424489974976,0.15410032868385315
YKL010C,YGR272C,0,3.7296505,0.31188562512397766,0.6890424489974976,0.1542004644870758
YHR206W,YOR290C,0,3.7287488,0.3117463290691376,0.6890424489974976,0.15430058538913727
YMR127C,YDR524C,0,3.7276278,0.31160715222358704,0.6890424489974976,0.15440072119235992
YKL164C,YGR061C,0,3.7274659,0.31146809458732605,0.6890424489974976,0.15450085699558258
YDL192W,YOL103W,0,3.7273462,0.3113291561603546,0.6890424489974976,0.15460097789764404
YIL115C,YJL062W,0,3.7272482,0.3111903667449951,0.6890424489974976,0.1547011137008667
YDR368W,YHR129C,0,3.727129,0.31105169653892517,0.6890424489974976,0.15480123460292816
YLR032W,YJL190C,0,3.7264504,0.3109131455421448,0.6890424489974976,0.15490137040615082
YOR167C,YDL231C,0,3.725944,0.31077471375465393,0.6890424489974976,0.15500150620937347
YDR248C,YLR418C,0,3.724835,0.31063640117645264,0.6890424489974976,0.15510162711143494
YBR214W,YDL200C,0,3.7246678,0.3104982078075409,0.6890424489974976,0.1552017629146576
YNL139C,YLR007W,1,3.7245932,0.3108048141002655,0.6900296211242676,0.1552017629146576
YLR038C,YKL116C,0,3.7245903,0.31066668033599854,0.6900296211242676,0.15530189871788025
YDR270W,YJR076C,0,3.724376,0.3105286657810211,0.6900296211242676,0.1554020196199417
YIL112W,YOR043W,0,3.723516,0.31039077043533325,0.6900296211242676,0.15550215542316437
YPR186C,YHR017W,0,3.7216036,0.31025299429893494,0.6900296211242676,0.15560227632522583
YGR135W,YGL155W,0,3.720245,0.31011533737182617,0.6900296211242676,0.1557024121284485
YOL152W,YIR002C,0,3.7190738,0.30997782945632935,0.6900296211242676,0.15580254793167114
YGL089C,YIL034C,0,3.7185416,0.3098404109477997,0.6900296211242676,0.1559026688337326
YFL041W,YDR420W,0,3.7175045,0.30970314145088196,0.6900296211242676,0.15600280463695526
YIL084C,YDR447C,0,3.716002,0.3095659911632538,0.6900296211242676,0.15610294044017792
YLR318W,YJL062W,0,3.7155948,0.30942896008491516,0.6900296211242676,0.15620306134223938
YDL043C,YDR334W,0,3.714777,0.3092920482158661,0.6900296211242676,0.15630319714546204
YIL153W,YDR092W,1,3.7137928,0.30959752202033997,0.6910167932510376,0.15630319714546204
YIL153W,YGL087C,1,3.7136064,0.30990272760391235,0.6920039653778076,0.15630319714546204
YGL210W,YDR103W,0,3.712646,0.3097657859325409,0.6920039653778076,0.1564033180475235
YDL200C,YGR200C,0,3.7094002,0.309628963470459,0.6920039653778076,0.15650345385074615
YDR503C,YOL005C,0,3.7092867,0.3094922602176666,0.6920039653778076,0.1566035896539688
YLR186W,YGR279C,0,3.7090812,0.3093557059764862,0.6920039653778076,0.15670371055603027
YNL330C,YLR399C,1,3.7090132,0.3096603453159332,0.6929911375045776,0.15670371055603027
YML069W,YDR113C,1,3.7088075,0.30996471643447876,0.6939783096313477,0.15670371055603027
YDL164C,YMR306W,0,3.7085385,0.30982813239097595,0.6939783096313477,0.15680384635925293
YLR276C,YJR089W,0,3.7072334,0.3096916377544403,0.6939783096313477,0.15690398216247559
YOR381W,YBL060W,0,3.7057993,0.3095552623271942,0.6939783096313477,0.15700410306453705
YHR031C,YDL056W,0,3.705106,0.30941900610923767,0.6939783096313477,0.1571042388677597
YBR289W,YHR154W,1,3.7038977,0.3097228407859802,0.6949654221534729,0.1571042388677597
YIL143C,YNL218W,1,3.7030737,0.3100263774394989,0.6959525942802429,0.1571042388677597
YDL075W,YLR207W,0,3.7028904,0.30989012122154236,0.6959525942802429,0.15720435976982117
YDR118W,YJR155W,0,3.702797,0.309753954410553,0.6959525942802429,0.15730449557304382
YNL098C,YDR320C,0,3.701841,0.30961790680885315,0.6959525942802429,0.15740463137626648
YGL163C,YFL003C,1,3.7014704,0.309920996427536,0.6969397664070129,0.15740463137626648
YBR030W,YJR126C,0,3.701387,0.30978497862815857,0.6969397664070129,0.15750475227832794
YNR008W,YER131W,0,3.7009687,0.30964910984039307,0.6969397664070129,0.1576048880815506
YMR080C,YIL160C,0,3.7009182,0.3095133602619171,0.6969397664070129,0.15770502388477325
YIL126W,YDL200C,1,3.6996756,0.3098159432411194,0.697926938533783,0.15770502388477325
YBR240C,YCL075W,0,3.6995993,0.3096802532672882,0.697926938533783,0.15780514478683472
YDR242W,YMR080C,0,3.699432,0.3095446527004242,0.697926938533783,0.15790528059005737
YKR014C,YAR044W,0,3.6991684,0.3094092011451721,0.697926938533783,0.15800540149211884
YIL126W,YBR136W,1,3.6987438,0.3097112774848938,0.698914110660553,0.15800540149211884
YMR036C,YNL210W,0,3.6982026,0.3095758557319641,0.698914110660553,0.1581055372953415
YDR363W-A,YNL289W,0,3.6978965,0.309440553188324,0.698914110660553,0.15820567309856415
YJR009C,YGR272C,0,3.6967907,0.3093053698539734,0.698914110660553,0.1583057940006256
YDL129W,YOR373W,0,3.6963449,0.30917030572891235,0.698914110660553,0.15840592980384827
YOR066W,YNR016C,0,3.6954877,0.30903536081314087,0.698914110660553,0.15850605070590973
YMR086W,YCR094W,0,3.6953564,0.30890053510665894,0.698914110660553,0.15860618650913239
YHR067W,YDR166C,0,3.6949716,0.30876579880714417,0.698914110660553,0.15870632231235504
YDR447C,YPL038W,0,3.6947982,0.30863121151924133,0.698914110660553,0.1588064432144165
YOR290C,YCR028C,0,3.6940937,0.30849674344062805,0.698914110660553,0.15890657901763916
YJL108C,YCL050C,0,3.6930518,0.30836236476898193,0.698914110660553,0.15900671482086182
YLR450W,YFR007W,0,3.6928067,0.30822813510894775,0.698914110660553,0.15910683572292328
YJL019W,YDL060W,0,3.6917143,0.30809399485588074,0.698914110660553,0.15920697152614594
YJR009C,YPR073C,0,3.6912456,0.30795997381210327,0.698914110660553,0.1593070924282074
YEL016C,YGR194C,0,3.6904168,0.30782610177993774,0.698914110660553,0.15940722823143005
YPL121C,YPL001W,1,3.6896,0.30812689661979675,0.699901282787323,0.15940722823143005
YPL121C,YJR068W,1,3.6893115,0.30842745304107666,0.700888454914093,0.15940722823143005
YJR060W,YNR001C,0,3.6879876,0.30829352140426636,0.700888454914093,0.1595073640346527
YER184C,YLR441C,0,3.6879628,0.3081597089767456,0.700888454914093,0.15960748493671417
YDR120C,YDR115W,0,3.687366,0.3080260157585144,0.700888454914093,0.15970762073993683
YDL144C,YBL055C,0,3.6873577,0.30789244174957275,0.700888454914093,0.15980775654315948
YGR009C,YPR098C,0,3.6870036,0.30775898694992065,0.700888454914093,0.15990787744522095
YDR126W,YPR031W,0,3.686852,0.3076256513595581,0.700888454914093,0.1600080132484436
YNL107W,YDR499W,1,3.6864235,0.3079255223274231,0.701875627040863,0.1600080132484436
YIL172C,YPL153C,0,3.6856003,0.30779221653938293,0.701875627040863,0.16010813415050507
YOL067C,YDR326C,0,3.68477,0.3076590299606323,0.701875627040863,0.16020826995372772
YBR123C,YDL101C,0,3.6836905,0.30752596259117126,0.701875627040863,0.16030840575695038
YPL177C,YDR510W,0,3.6836715,0.30739298462867737,0.701875627040863,0.16040852665901184
YDL043C,YLR147C,0,3.6834908,0.3072601556777954,0.701875627040863,0.1605086624622345
YKR008W,YIL128W,1,3.6831946,0.30755940079689026,0.7028627991676331,0.1605086624622345
YIR017C,YNL268W,0,3.682327,0.3074266016483307,0.7028627991676331,0.16060879826545715
YMR043W,YKL218C,0,3.6818159,0.30729392170906067,0.7028627991676331,0.16070891916751862
YDR448W,YGR075C,0,3.6807084,0.3071613311767578,0.7028627991676331,0.16080905497074127
YER088C,YPL160W,0,3.6797094,0.3070288896560669,0.7028627991676331,0.16090917587280273
YEL065W,YHR044C,0,3.678739,0.30689653754234314,0.7028627991676331,0.1610093116760254
YER088C,YBL090W,0,3.6779842,0.3067643344402313,0.7028627991676331,0.16110944747924805
YBR198C,YDR520C,0,3.677899,0.30663222074508667,0.7028627991676331,0.1612095683813095
YPR168W,YGR279C,0,3.677689,0.30650022625923157,0.7028627991676331,0.16130970418453217
YHL040C,YML116W,0,3.6751468,0.30636832118034363,0.7028627991676331,0.16140983998775482
YDR120C,YGR279C,0,3.6750748,0.3062365651130676,0.7028627991676331,0.16150996088981628
YGL168W,YDR065W,0,3.675057,0.3061048984527588,0.7028627991676331,0.16161009669303894
YBR237W,YML094W,0,3.6746588,0.3059733510017395,0.7028627991676331,0.1617102175951004
YHR167W,YLR246W,0,3.6741648,0.30584192276000977,0.7028627991676331,0.16181035339832306
YJL158C,YOL120C,0,3.6729343,0.3057106137275696,0.7028627991676331,0.16191048920154572
YGR009C,YMR094W,0,3.6721168,0.30557939410209656,0.7028627991676331,0.16201061010360718
YML054C,YDR139C,0,3.6720972,0.3054482936859131,0.7028627991676331,0.16211074590682983
YOR386W,YLR246W,0,3.6695046,0.30531731247901917,0.7028627991676331,0.1622108668088913
YJR104C,YDL120W,0,3.6694999,0.3051864504814148,0.7028627991676331,0.16231100261211395
YMR306W,YDR096W,0,3.669376,0.3050557076931,0.7028627991676331,0.1624111384153366
YOL157C,YMR017W,0,3.6678476,0.3049250543117523,0.7028627991676331,0.16251125931739807
YNL210W,YPL121C,0,3.6653721,0.3047945201396942,0.7028627991676331,0.16261139512062073
YER061C,YLR385C,0,3.6643474,0.30466410517692566,0.7028627991676331,0.16271153092384338
YDL210W,YOR244W,0,3.6641538,0.30453377962112427,0.7028627991676331,0.16281165182590485
YOR143C,YOR131C,0,3.66406,0.3044036030769348,0.7028627991676331,0.1629117876291275
YPR166C,YLR176C,0,3.6623545,0.3042735159397125,0.7028627991676331,0.16301190853118896
YOR151C,YDR510W,0,3.6621723,0.3041435182094574,0.7028627991676331,0.16311204433441162
YOR046C,YDR368W,0,3.6618662,0.3040136694908142,0.7028627991676331,0.16321218013763428
YLR287C-A,YBL055C,0,3.661653,0.3038839101791382,0.7028627991676331,0.16331230103969574
YHR090C,YLR399C,1,3.6613438,0.30418089032173157,0.7038499712944031,0.16331230103969574
YJL025W,YDR393W,0,3.6610723,0.30405116081237793,0.7038499712944031,0.1634124368429184
YER041W,YJL127C,1,3.6601985,0.30434781312942505,0.7048371434211731,0.1634124368429184
YNL086W,YOR167C,0,3.6589627,0.3042181432247162,0.7048371434211731,0.16351257264614105
YDR032C,YDL095W,0,3.658914,0.3040885925292969,0.7048371434211731,0.16361269354820251
YDR388W,YER045C,0,3.657897,0.3039591312408447,0.7048371434211731,0.16371282935142517
YDR052C,YAL003W,0,3.657883,0.30382978916168213,0.7048371434211731,0.16381295025348663
YDR224C,YOR306C,0,3.65769,0.3037005662918091,0.7048371434211731,0.1639130860567093
YNR011C,YKL143W,0,3.6575227,0.3035714328289032,0.7048371434211731,0.16401322185993195
YER029C,YNL322C,0,3.657427,0.30344241857528687,0.7048371434211731,0.1641133427619934
YCR047C,YPL026C,0,3.656996,0.3033135235309601,0.7048371434211731,0.16421347856521606
YMR127C,YKR059W,0,3.654445,0.30318471789360046,0.7048371434211731,0.16431361436843872
YML037C,YDL065C,0,3.652348,0.3030560314655304,0.7048371434211731,0.16441373527050018
YPL028W,YOR014W,0,3.6489155,0.3029274642467499,0.7048371434211731,0.16451387107372284
YJR158W,YOR069W,0,3.6482527,0.3027989864349365,0.7048371434211731,0.1646139919757843
YMR080C,YBR123C,0,3.6480048,0.3026706278324127,0.7048371434211731,0.16471412777900696
YOL030W,YPR016C,0,3.6438737,0.3025423586368561,0.7048371434211731,0.16481426358222961
YBR237W,YKL173W,0,3.6438437,0.3024142384529114,0.7048371434211731,0.16491438448429108
YCR077C,YPL149W,0,3.6429315,0.30228620767593384,0.7048371434211731,0.16501452028751373
YMR298W,YOR242C,0,3.642829,0.30215826630592346,0.7048371434211731,0.1651146560907364
YML129C,YDR118W,0,3.6427226,0.30203044414520264,0.7048371434211731,0.16521477699279785
YBR160W,YJR068W,1,3.6418333,0.302325576543808,0.7058242559432983,0.16521477699279785
YDR466W,YIL051C,0,3.641015,0.30219781398773193,0.7058242559432983,0.1653149127960205
YBL021C,YMR152W,0,3.6406364,0.30207014083862305,0.7058242559432983,0.16541503369808197
YOL157C,YGL031C,0,3.6396637,0.3019425570964813,0.7058242559432983,0.16551516950130463
YDR529C,YBL010C,0,3.6385832,0.30181512236595154,0.7058242559432983,0.16561530530452728
YJR097W,YMR224C,0,3.63846,0.3016877770423889,0.7058242559432983,0.16571542620658875
YOR269W,YOR067C,0,3.637759,0.30156052112579346,0.7058242559432983,0.1658155620098114
YLR038C,YER173W,0,3.6369443,0.30143338441848755,0.7058242559432983,0.16591569781303406
YGR104C,YBR185C,0,3.636063,0.3013063669204712,0.7058242559432983,0.16601581871509552
YMR211W,YDR390C,0,3.6353545,0.301179438829422,0.7058242559432983,0.16611595451831818
YBL020W,YBR231C,0,3.6349528,0.30105262994766235,0.7058242559432983,0.16621607542037964
YJL092W,YLR005W,1,3.6341043,0.3013468086719513,0.7068114280700684,0.16621607542037964
YCR096C,YDR120C,0,3.633613,0.30122002959251404,0.7068114280700684,0.1663162112236023
YDL080C,YBR142W,0,3.6324427,0.30109336972236633,0.7068114280700684,0.16641634702682495
YOR046C,YDL017W,0,3.6323614,0.3009667992591858,0.7068114280700684,0.1665164679288864
YJR098C,YOR061W,0,3.631957,0.3008403480052948,0.7068114280700684,0.16661660373210907
YDR118W,YBR299W,0,3.6319094,0.30071398615837097,0.7068114280700684,0.16671672463417053
YGR104C,YDR481C,0,3.6309693,0.3005877435207367,0.7068114280700684,0.1668168604373932
YLR035C,YBR278W,1,3.6291895,0.3008812367916107,0.7077986001968384,0.1668168604373932
YLR035C-A,YNR041C,0,3.6289806,0.30075502395629883,0.7077986001968384,0.16691699624061584
YLR370C,YDL080C,0,3.6289382,0.3006289303302765,0.7077986001968384,0.1670171171426773
YBR022W,YGR234W,0,3.6270018,0.3005029261112213,0.7077986001968384,0.16711725294589996
YMR130W,YJR058C,0,3.626873,0.3003770411014557,0.7077986001968384,0.16721738874912262
YDR315C,YMR311C,0,3.6265566,0.3002512454986572,0.7077986001968384,0.16731750965118408
YNL250W,YLR265C,1,3.6247494,0.3005441725254059,0.7087857723236084,0.16731750965118408
YHR207C,YMR086W,0,3.623731,0.3004184067249298,0.7087857723236084,0.16741764545440674
YHR027C,YBR035C,0,3.6235254,0.3002927601337433,0.7087857723236084,0.1675177663564682
YKR014C,YDR503C,0,3.6223333,0.3001672327518463,0.7087857723236084,0.16761790215969086
YEL065W,YPL204W,0,3.621717,0.3000417947769165,0.7087857723236084,0.1677180379629135
YOR047C,YBR264C,0,3.6164305,0.29991644620895386,0.7087857723236084,0.16781815886497498
YDR523C,YNR022C,0,3.6159081,0.29979121685028076,0.7087857723236084,0.16791829466819763
YML011C,YDR317W,1,3.6156287,0.3000834584236145,0.7097729444503784,0.16791829466819763
YEL015W,YEL061C,0,3.6152496,0.2999582886695862,0.7097729444503784,0.1680184304714203
YIL109C,YLR357W,0,3.6147351,0.299833208322525,0.7097729444503784,0.16811855137348175
YBR240C,YLR221C,0,3.6144996,0.29970821738243103,0.7097729444503784,0.1682186871767044
YLR142W,YDR420W,0,3.6144247,0.2995833456516266,0.7097729444503784,0.16831880807876587
YDR078C,YDL200C,1,3.6136127,0.29987505078315735,0.7107601165771484,0.16831880807876587
YHR153C,YDR315C,0,3.6126752,0.2997502088546753,0.7107601165771484,0.16841894388198853
YDL137W,YPL231W,0,3.6120238,0.2996254563331604,0.7107601165771484,0.16851907968521118
YOR258W,YLR032W,1,3.6114252,0.2999168038368225,0.7117472887039185,0.16851907968521118
YDR536W,YDL143W,0,3.6114082,0.2997921109199524,0.7117472887039185,0.16861920058727264
YOL133W,YBR213W,0,3.611219,0.29966750741004944,0.7117472887039185,0.1687193363904953
YCR096C,YPL154C,0,3.6105387,0.29954299330711365,0.7117472887039185,0.16881947219371796
YER161C,YLR048W,0,3.6102936,0.2994185984134674,0.7117472887039185,0.16891959309577942
YDR134C,YKR030W,0,3.6102285,0.2992943227291107,0.7117472887039185,0.16901972889900208
YPL059W,YDR239C,0,3.6102178,0.2991701364517212,0.7117472887039185,0.16911984980106354
YPR041W,YML087C,0,3.610148,0.29904603958129883,0.7117472887039185,0.1692199856042862
YOR175C,YOR044W,0,3.608375,0.298922061920166,0.7117472887039185,0.16932012140750885
YML113W,YNR070W,0,3.6083708,0.29879817366600037,0.7117472887039185,0.1694202423095703
YEL038W,YIR023W,0,3.607858,0.29867440462112427,0.7117472887039185,0.16952037811279297
YAR007C,YPL159C,0,3.6078243,0.29855072498321533,0.7117472887039185,0.16962051391601562
YGR274C,YPR186C,0,3.6070461,0.29842716455459595,0.7117472887039185,0.1697206348180771
YBL093C,YGR292W,0,3.607008,0.2983036935329437,0.7117472887039185,0.16982077062129974
YDR443C,YLR079W,0,3.6069036,0.29818031191825867,0.7117472887039185,0.1699208915233612
YOR288C,YER044C,0,3.606437,0.29805704951286316,0.7117472887039185,0.17002102732658386
YLR109W,YPR118W,0,3.6056461,0.2979338765144348,0.7117472887039185,0.17012116312980652
YGR295C,YKL164C,0,3.6055923,0.297810822725296,0.7117472887039185,0.17022128403186798
YER068W,YLR086W,0,3.604742,0.2976878583431244,0.7117472887039185,0.17032141983509064
YGL035C,YNL077W,0,3.6042597,0.2975650131702423,0.7117472887039185,0.1704215407371521
YGL089C,YDR465C,0,3.6041758,0.2974422574043274,0.7117472887039185,0.17052167654037476
YKL178C,YOL105C,0,3.6035595,0.29731959104537964,0.7117472887039185,0.1706218123435974
YNL031C,YNL290W,1,3.603486,0.29760923981666565,0.7127344608306885,0.1706218123435974
YER096W,YDR077W,0,3.6033683,0.2974866032600403,0.7127344608306885,0.17072193324565887
YDR456W,YMR122W-A,0,3.6023078,0.29736408591270447,0.7127344608306885,0.17082206904888153
YOL064C,YKR009C,0,3.601415,0.2972416579723358,0.7127344608306885,0.1709222048521042
YJR104C,YPL068C,0,3.600041,0.2971193492412567,0.7127344608306885,0.17102232575416565
YHR153C,YDL085W,0,3.5988784,0.2969971299171448,0.7127344608306885,0.1711224615573883
YHR023W,YLR441C,0,3.597317,0.296875,0.7127344608306885,0.17122258245944977
YNR070W,YLL022C,0,3.59684,0.2967529892921448,0.7127344608306885,0.17132271826267242
YOL152W,YJL080C,0,3.5966675,0.2966310679912567,0.7127344608306885,0.17142285406589508
YMR016C,YKL154W,0,3.596031,0.2965092360973358,0.7127344608306885,0.17152297496795654
YEL016C,YBR299W,0,3.5957255,0.29638752341270447,0.7127344608306885,0.1716231107711792
YMR036C,YDR071C,0,3.5954375,0.2962659001350403,0.7127344608306885,0.17172324657440186
YGR184C,YMR165C,0,3.59436,0.29614436626434326,0.7127344608306885,0.17182336747646332
YDL129W,YJR143C,0,3.5931444,0.2960229516029358,0.7127344608306885,0.17192350327968597
YBR041W,YJL019W,0,3.5929666,0.2959016263484955,0.7127344608306885,0.17202362418174744
YPL101W,YJL190C,0,3.5929403,0.2957804203033447,0.7127344608306885,0.1721237599849701
YML113W,YPL017C,0,3.5929303,0.29565930366516113,0.7127344608306885,0.17222389578819275
YGL210W,YPR184W,0,3.5928464,0.2955382764339447,0.7127344608306885,0.1723240166902542
YOL003C,YPR168W,0,3.5923538,0.29541733860969543,0.7127344608306885,0.17242415249347687
YDR356W,YCL061C,0,3.5917423,0.2952965199947357,0.7127344608306885,0.17252428829669952
YIL150C,YDL180W,0,3.5915756,0.29517579078674316,0.7127344608306885,0.172624409198761
YJL092W,YOR217W,1,3.5897431,0.29546383023262024,0.7137216329574585,0.172624409198761
YPR132W,YCL031C,0,3.589724,0.2953431308269501,0.7137216329574585,0.17272454500198364
YGL155W,YDL112W,0,3.5885901,0.29522255063056946,0.7137216329574585,0.1728246659040451
YMR130W,YGR286C,0,3.5883365,0.2951020300388336,0.7137216329574585,0.17292480170726776
YBR175W,YAL003W,0,3.5875602,0.29498162865638733,0.7137216329574585,0.17302493751049042
YGR047C,YAL053W,0,3.586887,0.2948613464832306,0.7137216329574585,0.17312505841255188
YMR004W,YLR318W,0,3.5862656,0.29474112391471863,0.7137216329574585,0.17322519421577454
YNL311C,YOR124C,0,3.585925,0.2946210205554962,0.7137216329574585,0.1733253300189972
YMR211W,YKL028W,0,3.5859194,0.29450100660324097,0.7137216329574585,0.17342545092105865
YGL185C,YDR447C,0,3.5848064,0.29438111186027527,0.7137216329574585,0.1735255867242813
YIL113W,YAL044C,0,3.5841136,0.29426130652427673,0.7137216329574585,0.17362570762634277
YOL120C,YPL186C,0,3.5822,0.29414159059524536,0.7137216329574585,0.17372584342956543
YOR265W,YMR289W,0,3.5817518,0.29402196407318115,0.7137216329574585,0.17382597923278809
YGR029W,YDL129W,0,3.5814228,0.2939024269580841,0.7137216329574585,0.17392610013484955
YFR037C,YHR044C,0,3.5812895,0.2937830090522766,0.7137216329574585,0.1740262359380722
YML043C,YDL017W,0,3.5812032,0.2936636805534363,0.7137216329574585,0.17412635684013367
YPL022W,YFR037C,1,3.5782132,0.29395046830177307,0.7147088050842285,0.17412635684013367
YKL135C,YHR017W,0,3.5776954,0.2938311696052551,0.7147088050842285,0.17422649264335632
YLR096W,YLR188W,0,3.577681,0.29371196031570435,0.7147088050842285,0.17432662844657898
YML058W-A,YMR201C,1,3.5763965,0.2939983904361725,0.7156959772109985,0.17432662844657898
YJR134C,YPR096C,0,3.5762765,0.2938792109489441,0.7156959772109985,0.17442674934864044
YGL089C,YJR134C,0,3.5747533,0.29376012086868286,0.7156959772109985,0.1745268851518631
YNL049C,YDR052C,0,3.5741122,0.2936411499977112,0.7156959772109985,0.17462702095508575
YER029C,YEL058W,0,3.573978,0.29352226853370667,0.7156959772109985,0.17472714185714722
YDR501W,YGR184C,0,3.5724485,0.2934034764766693,0.7156959772109985,0.17482727766036987
YBR289W,YIR037W,0,3.5719461,0.2932848036289215,0.7156959772109985,0.17492739856243134
YHR101C,YJR089W,0,3.5712316,0.2931661903858185,0.7156959772109985,0.175027534365654
YMR070W,YER113C,0,3.5710068,0.293047696352005,0.7156959772109985,0.17512767016887665
YKL178C,YOR096W,0,3.5706143,0.2929292917251587,0.7156959772109985,0.1752277910709381
YJL164C,YEL016C,0,3.5700643,0.29281097650527954,0.7156959772109985,0.17532792687416077
YLR078C,YOR127W,0,3.5695662,0.29269278049468994,0.7156959772109985,0.17542806267738342
YDR079C-A,YEL019C,1,3.5690594,0.2929781973361969,0.7166830897331238,0.17542806267738342
YDL065C,YCR092C,0,3.568781,0.2928600311279297,0.7166830897331238,0.17552818357944489
YNL206C,YJR001W,0,3.56785,0.29274192452430725,0.7166830897331238,0.17562831938266754
YOR348C,YLR318W,0,3.5668683,0.29262393712997437,0.7166830897331238,0.175728440284729
YKL173W,YPR005C,0,3.5667734,0.29250603914260864,0.7166830897331238,0.17582857608795166
YMR130W,YDL099W,0,3.5656757,0.2923882305622101,0.7166830897331238,0.17592871189117432
YNL330C,YER179W,1,3.5650158,0.29267311096191406,0.7176702618598938,0.17592871189117432
YDL065C,YHR011W,0,3.564979,0.2925553321838379,0.7176702618598938,0.17602883279323578
YGL213C,YGL205W,0,3.5647466,0.2924376428127289,0.7176702618598938,0.17612896859645844
YDR288W,YJL056C,0,3.5646164,0.2923200726509094,0.7176702618598938,0.1762291043996811
YDR190C,YKL032C,1,3.564386,0.2926045060157776,0.7186574339866638,0.1762291043996811
YMR224C,YMR012W,0,3.5642133,0.29248693585395813,0.7186574339866638,0.17632922530174255
YMR006C,YMR109W,0,3.5635636,0.2923694849014282,0.7186574339866638,0.1764293611049652
YPL095C,YKL116C,0,3.563321,0.2922520935535431,0.7186574339866638,0.17652948200702667
YCR040W,YAR007C,0,3.563077,0.2921348214149475,0.7186574339866638,0.17662961781024933
YJL133W,YDL008W,0,3.5619144,0.2920176386833191,0.7186574339866638,0.17672975361347198
YJL165C,YOR143C,0,3.5611546,0.2919005751609802,0.7186574339866638,0.17682987451553345
YIR002C,YGL157W,0,3.5606308,0.29178357124328613,0.7186574339866638,0.1769300103187561
YLR381W,YLR306W,0,3.5603008,0.2916666567325592,0.7186574339866638,0.17703014612197876
YPR164W,YKL032C,1,3.5601664,0.2919503450393677,0.7196446061134338,0.17703014612197876
YBL074C,YER184C,0,3.5596895,0.29183346033096313,0.7196446061134338,0.17713026702404022
YML058W-A,YGR258C,1,3.5596566,0.29211685061454773,0.7206317782402039,0.17713026702404022
YHR027C,YCR054C,0,3.5567799,0.2919999957084656,0.7206317782402039,0.17723040282726288
YOR167C,YLR201C,0,3.5563698,0.291883260011673,0.7206317782402039,0.17733052372932434
YJL158C,YMR224C,0,3.5558825,0.29176658391952515,0.7206317782402039,0.177430659532547
YPL194W,YNR050C,0,3.5554814,0.29165002703666687,0.7206317782402039,0.17753079533576965
YOR368W,YIL126W,1,3.5542328,0.2919329106807709,0.7216189503669739,0.17753079533576965
YBR166C,YAL008W,0,3.5541267,0.2918163537979126,0.7216189503669739,0.17763091623783112
YAL043C,YJR126C,0,3.5529532,0.29169991612434387,0.7216189503669739,0.17773105204105377
YMR233W,YCR092C,0,3.552567,0.2915835678577423,0.7216189503669739,0.17783118784427643
YLR214W,YGL039W,0,3.552095,0.2914673089981079,0.7216189503669739,0.1779313087463379
YLR266C,YPR049C,0,3.551939,0.2913511395454407,0.7216189503669739,0.17803144454956055
YLR099C,YGR200C,0,3.5516567,0.2912350594997406,0.7216189503669739,0.178131565451622
YGR184C,YGR218W,0,3.5506802,0.2911190688610077,0.7216189503669739,0.17823170125484467
YGL185C,YGL227W,0,3.5504527,0.29100319743156433,0.7216189503669739,0.17833183705806732
YML034W,YKL143W,0,3.5504246,0.29088738560676575,0.7216189503669739,0.17843195796012878
YHR207C,YOR332W,0,3.550305,0.2907716929912567,0.7216189503669739,0.17853209376335144
YHR207C,YCR037C,0,3.5499158,0.29065605998039246,0.7216189503669739,0.1786322146654129
YJR144W,YMR048W,1,3.5483177,0.29093798995018005,0.7226061224937439,0.1786322146654129
YDL137W,YOR386W,0,3.5481586,0.29082241654396057,0.7226061224937439,0.17873235046863556
YBR058C,YIL101C,0,3.5479622,0.29070690274238586,0.7226061224937439,0.17883248627185822
YMR233W,YBR009C,0,3.5477524,0.2905915081501007,0.7226061224937439,0.17893260717391968
YKL140W,YGL222C,0,3.5472279,0.2904762029647827,0.7226061224937439,0.17903274297714233
YHR027C,YBL022C,0,3.546509,0.2903609573841095,0.7226061224937439,0.179132878780365
YHR086W,YPR032W,0,3.5462217,0.29024583101272583,0.7226061224937439,0.17923299968242645
YIR015W,YDL180W,0,3.5457056,0.2901307940483093,0.7226061224937439,0.1793331354856491
YPR096C,YKR050W,0,3.5454862,0.29001584649086,0.7226061224937439,0.17943325638771057
YEL018W,YDR217C,1,3.544108,0.2902970314025879,0.7235932946205139,0.17943325638771057
YML027W,YDL019C,0,3.5440688,0.29018211364746094,0.7235932946205139,0.17953339219093323
YCL027W,YAL012W,0,3.5439816,0.29006728529930115,0.7235932946205139,0.17963352799415588
YGR056W,YPR164W,1,3.5439434,0.2903481125831604,0.7245804667472839,0.17963352799415588
YPL194W,YAL043C,0,3.5433044,0.2902332842350006,0.7245804667472839,0.17973364889621735
YKL088W,YOL005C,0,3.543045,0.29011857509613037,0.7245804667472839,0.17983378469944
YIL109C,YMR022W,0,3.5429912,0.2900039553642273,0.7245804667472839,0.17993392050266266
YDL101C,YPL092W,0,3.5425885,0.2898894250392914,0.7245804667472839,0.18003404140472412
YGL021W,YBL057C,0,3.5425565,0.28977498412132263,0.7245804667472839,0.18013417720794678
YNL158W,YFR005C,0,3.5421631,0.28966060280799866,0.7245804667472839,0.18023429811000824
YBR048W,YML042W,0,3.5405898,0.28954634070396423,0.7245804667472839,0.1803344339132309
YLR106C,YLL035W,0,3.5401022,0.289432168006897,0.7245804667472839,0.18043456971645355
YDL129W,YCR047C,0,3.5398657,0.2893180847167969,0.7245804667472839,0.18053469061851501
YLR286C,YDL110C,0,3.5396233,0.28920409083366394,0.7245804667472839,0.18063482642173767
YMR171C,YDR166C,0,3.538867,0.28909018635749817,0.7245804667472839,0.18073496222496033
YPR166C,YGR188C,0,3.5387847,0.28897637128829956,0.7245804667472839,0.1808350831270218
YKR061W,YNL227C,0,3.5380027,0.2888626456260681,0.7245804667472839,0.18093521893024445
YJR009C,YNL248C,0,3.537795,0.28874900937080383,0.7245804667472839,0.1810353398323059
YBR207W,YOR332W,0,3.537693,0.2886354625225067,0.7245804667472839,0.18113547563552856
YGR058W,YDR356W,0,3.5373755,0.28852200508117676,0.7245804667472839,0.18123561143875122
YCL069W,YLR306W,0,3.5354571,0.28840863704681396,0.7245804667472839,0.18133573234081268
YLR373C,YJL148W,0,3.5354161,0.28829535841941833,0.7245804667472839,0.18143586814403534
YER147C,YKL056C,0,3.5344636,0.28818216919898987,0.7245804667472839,0.181536003947258
YPL074W,YHL036W,0,3.5343368,0.28806906938552856,0.7245804667472839,0.18163612484931946
YHR120W,YKR008W,1,3.5333834,0.28834837675094604,0.725567638874054,0.18163612484931946
YPL148C,YLR099C,0,3.533331,0.28823530673980713,0.725567638874054,0.18173626065254211
YJR160C,YGR054W,0,3.5328488,0.288122296333313,0.725567638874054,0.18183638155460358
YJL129C,YJL073W,0,3.5326824,0.2880094051361084,0.725567638874054,0.18193651735782623
YLR005W,YJR043C,1,3.5320032,0.28828829526901245,0.726554811000824,0.18193651735782623
YDR312W,YJL129C,0,3.5304322,0.28817540407180786,0.726554811000824,0.1820366531610489
YOR391C,YHR070W,0,3.5303514,0.2880626320838928,0.726554811000824,0.18213677406311035
YHR027C,YPL269W,0,3.5295258,0.28794991970062256,0.726554811000824,0.182236909866333
YBL093C,YJL121C,0,3.5292015,0.28783729672431946,0.726554811000824,0.18233703076839447
YJL065C,YBR231C,0,3.5289235,0.2877247929573059,0.726554811000824,0.18243716657161713
YDL080C,YNR011C,0,3.5285077,0.28761234879493713,0.726554811000824,0.18253730237483978
YLR147C,YOL117W,0,3.527848,0.2874999940395355,0.726554811000824,0.18263742327690125
YLR035C-A,YDR436W,0,3.5270298,0.2873877286911011,0.726554811000824,0.1827375590801239
YJR066W,YCR075C,0,3.5270028,0.2872755527496338,0.726554811000824,0.18283769488334656
YGL040C,YMR224C,0,3.5257692,0.28716346621513367,0.726554811000824,0.18293781578540802
YDR388W,YLR265C,0,3.525309,0.2870514690876007,0.726554811000824,0.18303795158863068
YLR450W,YKL056C,0,3.5249355,0.2869395613670349,0.726554811000824,0.18313807249069214
YGL253W,YEL016C,0,3.5243402,0.2868277430534363,0.726554811000824,0.1832382082939148
YDL129W,YLR008C,0,3.523249,0.2867160141468048,0.726554811000824,0.18333834409713745
YGL206C,YNL325C,0,3.5224845,0.2866043746471405,0.726554811000824,0.1834384649991989
YPR049C,YBR185C,0,3.5217247,0.28649279475212097,0.726554811000824,0.18353860080242157
YGL090W,YLR318W,0,3.5213223,0.286381334066391,0.726554811000824,0.18363873660564423
YNL039W,YOR290C,0,3.5204992,0.2862699329853058,0.726554811000824,0.1837388575077057
YDR448W,YCL057C-A,0,3.5203047,0.28615862131118774,0.726554811000824,0.18383899331092834
YDL190C,YMR287C,0,3.519758,0.28604742884635925,0.726554811000824,0.1839391142129898
YKR058W,YER112W,0,3.519322,0.28593629598617554,0.726554811000824,0.18403925001621246
YKL183W,YDL130W-A,0,3.51897,0.285825252532959,0.726554811000824,0.18413938581943512
YDL190C,YFR005C,0,3.5181632,0.2857142984867096,0.726554811000824,0.18423950672149658
YNL049C,YCL066W,0,3.517889,0.285603404045105,0.726554811000824,0.18433964252471924
YJR097W,YHR129C,0,3.5173142,0.2854926288127899,0.726554811000824,0.1844397783279419
YFL003C,YDR138W,1,3.5157433,0.28576967120170593,0.727541983127594,0.1844397783279419
YOR046C,YGR191W,0,3.515707,0.28565892577171326,0.727541983127594,0.18453989923000336
YEL065W,YBR231C,0,3.514931,0.28554823994636536,0.727541983127594,0.184640035033226
YDR101C,YDL082W,0,3.5142221,0.2854376435279846,0.727541983127594,0.18474015593528748
YML063W,YGR014W,0,3.5139616,0.28532713651657104,0.727541983127594,0.18484029173851013
YIR014W,YIR006C,0,3.5134394,0.28521671891212463,0.727541983127594,0.1849404275417328
YGL141W,YPR073C,0,3.5127616,0.2851063907146454,0.727541983127594,0.18504054844379425
YDL043C,YAR018C,0,3.5119066,0.2849961221218109,0.727541983127594,0.1851406842470169
YDR279W,YDR421W,0,3.5117996,0.284885972738266,0.727541983127594,0.18524082005023956
YEL038W,YLL022C,0,3.5112514,0.28477588295936584,0.727541983127594,0.18534094095230103
YKL218C,YDR044W,0,3.5108485,0.28466588258743286,0.727541983127594,0.18544107675552368
YOL127W,YKR058W,0,3.5106125,0.28455597162246704,0.727541983127594,0.18554119765758514
YBR088C,YJR043C,1,3.510558,0.2848321199417114,0.7285290956497192,0.18554119765758514
YLR394W,YNL085W,1,3.5101275,0.2851080298423767,0.7295162677764893,0.18554119765758514
YJR158W,YMR163C,0,3.5100608,0.2849980592727661,0.7295162677764893,0.1856413334608078
YGR058W,YGR218W,0,3.5100393,0.28488820791244507,0.7295162677764893,0.18574146926403046
YML034W,YER184C,0,3.5090442,0.2847784161567688,0.7295162677764893,0.18584159016609192
YGL090W,YLR032W,1,3.509015,0.28505393862724304,0.7305034399032593,0.18584159016609192
YDR481C,YOR061W,0,3.5083032,0.28494417667388916,0.7305034399032593,0.18594172596931458
YJL108C,YGR075C,0,3.5083025,0.28483447432518005,0.7305034399032593,0.18604186177253723
YDR456W,YPR186C,0,3.507845,0.2847248911857605,0.7305034399032593,0.1861419826745987
YLR418C,YDL146W,0,3.5073206,0.2846153974533081,0.7305034399032593,0.18624211847782135
YDL101C,YLR450W,0,3.5067565,0.2845059633255005,0.7305034399032593,0.1863422393798828
YHR167W,YGR062C,0,3.5065842,0.28439661860466003,0.7305034399032593,0.18644237518310547
YLR096W,YFR041C,0,3.5035725,0.28428736329078674,0.7305034399032593,0.18654251098632812
YCL063W,YER180C,0,3.5031443,0.2841781973838806,0.7305034399032593,0.1866426318883896
YGL213C,YPL091W,0,3.5025501,0.28406909108161926,0.7305034399032593,0.18674276769161224
YPL231W,YMR208W,0,3.5022635,0.28396010398864746,0.7305034399032593,0.1868428885936737
YKR056W,YDL154W,1,3.501967,0.28423476219177246,0.7314906120300293,0.1868428885936737
YLR097C,YAL062W,0,3.5015287,0.28412577509880066,0.7314906120300293,0.18694302439689636
YGR058W,YDL184C,0,3.500146,0.284016877412796,0.7314906120300293,0.18704316020011902
YOR179C,YER088C,0,3.4996634,0.28390803933143616,0.7314906120300293,0.18714328110218048
YER140W,YGR008C,0,3.4996576,0.28379932045936584,0.7314906120300293,0.18724341690540314
YDL075W,YNR007C,0,3.4992888,0.2836906611919403,0.7314906120300293,0.1873435527086258
YGL150C,YFL003C,1,3.4990544,0.28396478295326233,0.7324777841567993,0.1873435527086258
YJL092W,YPR135W,1,3.496728,0.28423872590065,0.7334649562835693,0.1873435527086258
YDR507C,YGL059W,0,3.4960392,0.2841300070285797,0.7334649562835693,0.18744367361068726
YMR224C,YHR154W,1,3.4942863,0.2844036817550659,0.7344521284103394,0.18744367361068726
YDR033W,YJL129C,0,3.492118,0.284294992685318,0.7344521284103394,0.1875438094139099
YNL001W,YDR318W,0,3.4919777,0.28418639302253723,0.7344521284103394,0.18764393031597137
YML042W,YHR186C,0,3.4917736,0.28407788276672363,0.7344521284103394,0.18774406611919403
YLR086W,YKR038C,0,3.4912348,0.2839694619178772,0.7344521284103394,0.1878442019224167
YLR032W,YOR080W,0,3.4907813,0.2838611304759979,0.7344521284103394,0.18794432282447815
YMR036C,YMR016C,0,3.4907413,0.2837528586387634,0.7344521284103394,0.1880444586277008
YDR317W,YNL133C,1,3.4900906,0.2840259373188019,0.7354393005371094,0.1880444586277008
YMR306W,YPR192W,0,3.4897647,0.28391769528388977,0.7354393005371094,0.18814459443092346
YKL108W,YHL004W,0,3.4888291,0.28380951285362244,0.7354393005371094,0.18824471533298492
YDR117C,YBL010C,0,3.4873264,0.28370144963264465,0.7354393005371094,0.18834485113620758
YDR465C,YMR017W,0,3.4870782,0.28359344601631165,0.7354393005371094,0.18844497203826904
YPL122C,YDL084W,1,3.4867754,0.2838660478591919,0.7364264726638794,0.18844497203826904
YBR033W,YPR073C,0,3.486742,0.2837580740451813,0.7364264726638794,0.1885451078414917
YDL056W,YEL058W,0,3.4865496,0.2836501896381378,0.7364264726638794,0.18864524364471436
YBR240C,YKL154W,0,3.4863048,0.28354236483573914,0.7364264726638794,0.18874536454677582
YER174C,YOL092W,0,3.4839635,0.28343465924263,0.7364264726638794,0.18884550034999847
YDR239C,YDR077W,0,3.4831092,0.28332701325416565,0.7364264726638794,0.18894563615322113
YNL158W,YOR150W,0,3.4818912,0.28321942687034607,0.7364264726638794,0.1890457570552826
YHR046C,YCR098C,0,3.4810739,0.28311195969581604,0.7364264726638794,0.18914589285850525
YHR027C,YBR160W,0,3.4790218,0.2830045521259308,0.7364264726638794,0.1892460137605667
YPR049C,YGL206C,0,3.4788332,0.2828972339630127,0.7364264726638794,0.18934614956378937
YOL152W,YKL056C,0,3.4786263,0.28279000520706177,0.7364264726638794,0.18944628536701202
YDR440W,YBR105C,0,3.4779072,0.2826828360557556,0.7364264726638794,0.1895464062690735
YDR529C,YDL184C,0,3.4778547,0.2825757563114166,0.7364264726638794,0.18964654207229614
YER041W,YLR427W,1,3.4774792,0.28284740447998047,0.7374136447906494,0.18964654207229614
YOL067C,YOR124C,0,3.4768586,0.28274035453796387,0.7374136447906494,0.1897466778755188
YJR068W,YHR070W,0,3.4760532,0.28263336420059204,0.7374136447906494,0.18984679877758026
YAL020C,YOR036W,0,3.4755337,0.2825264632701874,0.7374136447906494,0.18994693458080292
YDR177W,YLR318W,0,3.4743078,0.2824196517467499,0.7374136447906494,0.19004705548286438
YML009C,YOL147C,0,3.4741592,0.28231292963027954,0.7374136447906494,0.19014719128608704
YBR156C,YAR018C,0,3.4737558,0.282206267118454,0.7374136447906494,0.1902473270893097
YCR096C,YAL013W,0,3.4735954,0.2820996940135956,0.7374136447906494,0.19034744799137115
YJR009C,YBR291C,0,3.472589,0.28199321031570435,0.7374136447906494,0.1904475837945938
YGR056W,YDR182W,1,3.4723992,0.2822641432285309,0.7384008169174194,0.1904475837945938
YPL022W,YGL229C,0,3.472348,0.28215768933296204,0.7384008169174194,0.19054770469665527
YIR006C,YIL009C-A,0,3.4713466,0.28205129504203796,0.7384008169174194,0.19064784049987793
YOR037W,YPR108W,0,3.4702477,0.28194496035575867,0.7384008169174194,0.19074797630310059
YPR049C,YGR189C,0,3.4696338,0.2818387448787689,0.7384008169174194,0.19084809720516205
YBR176W,YDR239C,0,3.4692636,0.28173258900642395,0.7384008169174194,0.1909482330083847
YJL170C,YNL213C,0,3.468861,0.28162649273872375,0.7384008169174194,0.19104836881160736
YPL028W,YBR040W,0,3.4678855,0.2815205156803131,0.7384008169174194,0.19114848971366882
YEL061C,YJR089W,0,3.467855,0.28141459822654724,0.7384008169174194,0.19124862551689148
YHL036W,YOR269W,0,3.46722,0.28130877017974854,0.7384008169174194,0.19134874641895294
YMR198W,YAL008W,0,3.4668703,0.2812030017375946,0.7384008169174194,0.1914488822221756
YDL043C,YLR427W,0,3.466403,0.28109732270240784,0.7384008169174194,0.19154901802539825
YOL157C,YGL157W,0,3.4661598,0.28099173307418823,0.7384008169174194,0.19164913892745972
YDL006W,YJR068W,0,3.4658618,0.2808862328529358,0.7384008169174194,0.19174927473068237
YBL106C,YLR048W,0,3.4656515,0.2807807922363281,0.7384008169174194,0.19184941053390503
YGL035C,YFL037W,0,3.4649274,0.28067541122436523,0.7384008169174194,0.1919495314359665
YPL194W,YOR347C,0,3.464729,0.2805701494216919,0.7384008169174194,0.19204966723918915
YMR247C,YOR242C,0,3.4601002,0.28046494722366333,0.7384008169174194,0.1921497881412506
YER088C,YMR303C,0,3.4584568,0.28035983443260193,0.7384008169174194,0.19224992394447327
YPL089C,YDR297W,0,3.458012,0.2802547812461853,0.7384008169174194,0.19235005974769592
YMR171C,YJL164C,0,3.4580054,0.28014981746673584,0.7384008169174194,0.19245018064975739
YHR023W,YDR330W,0,3.4578614,0.28004491329193115,0.7384008169174194,0.19255031645298004
YDR096W,YOL103W,0,3.4562793,0.279940128326416,0.7384008169174194,0.1926504522562027
YMR100W,YJL041W,0,3.4557118,0.27983540296554565,0.7384008169174194,0.19275057315826416
YEL059C-A,YJL189W,0,3.4554245,0.27973073720932007,0.7384008169174194,0.19285070896148682
YJR104C,YOL117W,0,3.4554095,0.27962616086006165,0.7384008169174194,0.19295082986354828
YNL039W,YLR172C,0,3.4553227,0.2795216739177704,0.7384008169174194,0.19305096566677094
YPL051W,YDL127W,0,3.4539814,0.2794172465801239,0.7384008169174194,0.1931511014699936
YDR531W,YNL149C,0,3.4538245,0.2793129086494446,0.7384008169174194,0.19325122237205505
YDL141W,YLR306W,0,3.452798,0.2792086601257324,0.7384008169174194,0.1933513581752777
YOL003C,YGR035C,0,3.4526615,0.27910447120666504,0.7384008169174194,0.19345149397850037
YCL061C,YBL023C,0,3.4526272,0.2790003716945648,0.7384008169174194,0.19355161488056183
YLR090W,YDR503C,0,3.4525514,0.2788963317871094,0.7384008169174194,0.19365175068378448
YDL164C,YGL035C,0,3.451976,0.2787924110889435,0.7384008169174194,0.19375187158584595
YGL089C,YGL206C,0,3.4518428,0.2786885201931,0.7384008169174194,0.1938520073890686
YGR184C,YDR421W,0,3.45166,0.27858471870422363,0.7384008169174194,0.19395214319229126
YMR130W,YDR128W,0,3.4514186,0.27848100662231445,0.7384008169174194,0.19405226409435272
YPR023C,YFR037C,1,3.451403,0.2787495255470276,0.7393879294395447,0.19405226409435272
YLR172C,YGR123C,0,3.4509559,0.2786458432674408,0.7393879294395447,0.19415239989757538
YJL041W,YLR207W,0,3.4501777,0.2785422205924988,0.7393879294395447,0.19425253570079803
YPL167C,YDR419W,1,3.4500232,0.27881041169166565,0.7403751015663147,0.19425253570079803
YDR079C-A,YDR180W,1,3.4496589,0.2790784239768982,0.7413622736930847,0.19425253570079803
YNL159C,YKL042W,0,3.4493513,0.2789747416973114,0.7413622736930847,0.1943526566028595
YLR438C-A,YDR313C,0,3.448988,0.2788711488246918,0.7413622736930847,0.19445279240608215
YHR172W,YML060W,0,3.4489539,0.2787676453590393,0.7413622736930847,0.19455291330814362
YJL164C,YMR017W,0,3.4487677,0.2786642014980316,0.7413622736930847,0.19465304911136627
YKL213C,YJR006W,1,3.4482343,0.27893173694610596,0.7423494458198547,0.19465304911136627
YPR048W,YHR099W,0,3.4475334,0.27882832288742065,0.7423494458198547,0.19475318491458893
YGR056W,YEL018W,1,3.4462407,0.2790956199169159,0.7433366179466248,0.19475318491458893
YJR145C,YDR052C,0,3.444663,0.2789922058582306,0.7433366179466248,0.1948533058166504
YJR144W,YML058W-A,1,3.4446466,0.27925926446914673,0.7443237900733948,0.1948533058166504
YML009C,YPR054W,0,3.4443665,0.2791558802127838,0.7443237900733948,0.19495344161987305
YDR078C,YGL058W,1,3.443699,0.2794226408004761,0.7453109622001648,0.19495344161987305
YGR286C,YDR077W,0,3.4430742,0.27931928634643555,0.7453109622001648,0.1950535625219345
YBR228W,YLR320W,1,3.4423995,0.2795858085155487,0.7462981343269348,0.1950535625219345
YHR076W,YDL080C,0,3.4422379,0.2794824540615082,0.7462981343269348,0.19515369832515717
YDR113C,YLR321C,1,3.441814,0.27974870800971985,0.7472853064537048,0.19515369832515717
YDR456W,YAL012W,0,3.4405828,0.2796453535556793,0.7472853064537048,0.19525383412837982
YGL251C,YMR163C,0,3.4396477,0.27954208850860596,0.7472853064537048,0.19535395503044128
YOR116C,YGR006W,0,3.4380753,0.27943891286849976,0.7472853064537048,0.19545409083366394
YLR265C,YJR082C,1,3.4378462,0.2797048091888428,0.7482724785804749,0.19545409083366394
YER029C,YMR171C,0,3.437632,0.2796016335487366,0.7482724785804749,0.1955542266368866
YCL047C,YJL109C,0,3.4374747,0.27949851751327515,0.7482724785804749,0.19565434753894806
YDR170W-A,YGR035C,0,3.4370556,0.2793954908847809,0.7482724785804749,0.19575448334217072
YDR478W,YOR244W,0,3.4370518,0.2792925536632538,0.7482724785804749,0.19585460424423218
YDR217C,YBR010W,1,3.4359503,0.279558002948761,0.7492596507072449,0.19585460424423218
YNL049C,YDL060W,0,3.4354525,0.2794550955295563,0.7492596507072449,0.19595474004745483
YMR188C,YHR099W,0,3.434561,0.27935221791267395,0.7492596507072449,0.1960548758506775
YNL158W,YNL213C,0,3.4334927,0.2792494595050812,0.7492596507072449,0.19615499675273895
YGL095C,YLL035W,0,3.433171,0.2791467308998108,0.7492596507072449,0.1962551325559616
YER061C,YER111C,0,3.4328847,0.27904412150382996,0.7492596507072449,0.19635526835918427
YGR218W,YLR403W,0,3.4320083,0.2789415717124939,0.7492596507072449,0.19645538926124573
YER140W,YDR362C,0,3.431914,0.2788390815258026,0.7492596507072449,0.19655552506446838
YFR003C,YLR427W,0,3.4311147,0.2787366807460785,0.7492596507072449,0.19665564596652985
YDR050C,YBR213W,0,3.430798,0.27863436937332153,0.7492596507072449,0.1967557817697525
YKL173W,YPL033C,0,3.4307537,0.27853211760520935,0.7492596507072449,0.19685591757297516
YDR126W,YML048W,0,3.4295797,0.27842992544174194,0.7492596507072449,0.19695603847503662
YNR011C,YJR076C,0,3.426258,0.2783278226852417,0.7492596507072449,0.19705617427825928
YMR036C,YGL232W,0,3.42556,0.2782258093357086,0.7492596507072449,0.19715631008148193
YLR090W,YML042W,0,3.4251838,0.2781238555908203,0.7492596507072449,0.1972564309835434
YDL043C,YPL159C,0,3.4247913,0.27802199125289917,0.7492596507072449,0.19735656678676605
YIL126W,YDR369C,1,3.4246569,0.278286337852478,0.7502467632293701,0.19735656678676605
YLR373C,YKR037C,0,3.4242077,0.2781844735145569,0.7502467632293701,0.19745668768882751
YOL072W,YKR095W,1,3.4237647,0.27844858169555664,0.7512339353561401,0.19745668768882751
YNL077W,YPL074W,0,3.4232793,0.2783467471599579,0.7512339353561401,0.19755682349205017
YDR170W-A,YBR024W,0,3.4218354,0.2782449722290039,0.7512339353561401,0.19765695929527283
YER091C,YDR420W,0,3.4210968,0.2781432867050171,0.7512339353561401,0.1977570801973343
YHR184W,YMR122W-A,0,3.420953,0.27804166078567505,0.7512339353561401,0.19785721600055695
YBR240C,YGL090W,0,3.4205325,0.2779400944709778,0.7512339353561401,0.1979573518037796
YOL003C,YEL059C-A,0,3.4204583,0.2778386175632477,0.7512339353561401,0.19805747270584106
YKL135C,YBL021C,0,3.420442,0.27773723006248474,0.7512339353561401,0.19815760850906372
YDR079C-A,YDR386W,1,3.4191566,0.27800074219703674,0.7522211074829102,0.19815760850906372
YDR022C,YDR425W,0,3.419026,0.2778993546962738,0.7522211074829102,0.19825772941112518
YBR205W,YER112W,0,3.418096,0.27779802680015564,0.7522211074829102,0.19835786521434784
YBL103C,YGR106C,0,3.417498,0.27769678831100464,0.7522211074829102,0.1984580010175705
YJL090C,YPL194W,1,3.417481,0.2779599130153656,0.7532082796096802,0.1984580010175705
YDR511W,YCR010C,0,3.417088,0.277858704328537,0.7532082796096802,0.19855812191963196
YBL020W,YMR204C,0,3.4165103,0.27775755524635315,0.7532082796096802,0.19865825772285461
YBR267W,YGL168W,0,3.4162583,0.2776564657688141,0.7532082796096802,0.19875837862491608
YDL127W,YDL192W,0,3.4152613,0.2775554656982422,0.7532082796096802,0.19885851442813873
YER133W,YLR265C,0,3.4148962,0.27745455503463745,0.7532082796096802,0.1989586502313614
YNL210W,YHR181W,0,3.4145188,0.2773537039756775,0.7532082796096802,0.19905877113342285
YFR037C,YEL015W,0,3.414452,0.2772529125213623,0.7532082796096802,0.1991589069366455
YML034W,YJR094W-A,0,3.4142725,0.2771522104740143,0.7532082796096802,0.19925904273986816
YMR314W,YDR169C,0,3.414251,0.27705156803131104,0.7532082796096802,0.19935916364192963
YNL158W,YAL008W,0,3.412117,0.27695098519325256,0.7532082796096802,0.19945929944515228
YPL235W,YNL262W,1,3.4118154,0.27721336483955383,0.7541954517364502,0.19945929944515228
YDR318W,YEL002C,0,3.4112763,0.27711281180381775,0.7541954517364502,0.19955942034721375
YDR288W,YBR195C,1,3.4086685,0.27737492322921753,0.7551826238632202,0.19955942034721375
YOR124C,YGL185C,0,3.4074275,0.27727437019348145,0.7551826238632202,0.1996595561504364
YGR058W,YNL096C,0,3.4072206,0.2771739065647125,0.7551826238632202,0.19975969195365906
YHR070W,YGL031C,0,3.407156,0.27707353234291077,0.7551826238632202,0.19985981285572052
YDR481C,YML074C,0,3.4071307,0.2769732177257538,0.7551826238632202,0.19995994865894318
YPL068C,YJL101C,0,3.4065027,0.2768729627132416,0.7551826238632202,0.20006008446216583
YLR419W,YMR122W-A,0,3.4057844,0.27677279710769653,0.7551826238632202,0.2001602053642273
YIR002C,YIL111W,0,3.4050374,0.27667269110679626,0.7551826238632202,0.20026034116744995
YDR531W,YLR035C-A,0,3.4048617,0.27657267451286316,0.7551826238632202,0.2003604620695114
YBR237W,YDR436W,0,3.4044929,0.27647271752357483,0.7551826238632202,0.20046059787273407
YOL092W,YDR393W,0,3.4038148,0.2763728201389313,0.7551826238632202,0.20056073367595673
YDR531W,YHL044W,0,3.4030776,0.2762730121612549,0.7551826238632202,0.2006608545780182
YGL136C,YBR245C,0,3.4013903,0.27617329359054565,0.7551826238632202,0.20076099038124084
YNL246W,YOR217W,1,3.4013531,0.2764345109462738,0.7561697959899902,0.20076099038124084
YGL003C,YOL064C,0,3.4013114,0.2763347625732422,0.7561697959899902,0.2008611261844635
YBL017C,YPL048W,0,3.4003668,0.2762351334095001,0.7561697959899902,0.20096124708652496
YDR013W,YPL153C,0,3.4000833,0.27613553404808044,0.7561697959899902,0.20106138288974762
YKL088W,YKR094C,0,3.3999264,0.27603602409362793,0.7561697959899902,0.20116150379180908
YPR192W,YOR242C,0,3.3994799,0.2759366035461426,0.7561697959899902,0.20126163959503174
YML034W,YEL064C,0,3.39893,0.275837242603302,0.7561697959899902,0.2013617753982544
YHR153C,YMR017W,0,3.3983264,0.2757379412651062,0.7561697959899902,0.20146189630031586
YDR079C-A,YNL102W,1,3.3980575,0.2759985625743866,0.7571569681167603,0.20146189630031586
YOL133W,YPL159C,0,3.3980408,0.2758992910385132,0.7571569681167603,0.2015620321035385
YNR020C,YGL157W,0,3.3977504,0.27580007910728455,0.7571569681167603,0.20166216790676117
YDR315C,YDL017W,0,3.3975773,0.2757009267807007,0.7571569681167603,0.20176228880882263
YMR201C,YGR258C,1,3.3973432,0.2759611904621124,0.7581441402435303,0.20176228880882263
YNR007C,YDL184C,0,3.3964663,0.27586206793785095,0.7581441402435303,0.2018624246120453
YGR029W,YDR014W,0,3.3959103,0.27576300501823425,0.7581441402435303,0.20196254551410675
YDR071C,YKL010C,0,3.3949559,0.2756640315055847,0.7581441402435303,0.2020626813173294
YGR056W,YJL081C,1,3.3949025,0.2759239375591278,0.7591313123703003,0.2020626813173294
YJL046W,YEL064C,0,3.394536,0.27582496404647827,0.7591313123703003,0.20216281712055206
YPR166C,YER106W,0,3.3933263,0.2757260799407959,0.7591313123703003,0.20226293802261353
YDL101C,YPR166C,0,3.3929296,0.2756272256374359,0.7591313123703003,0.20236307382583618
YOR096W,YGL059W,0,3.392502,0.2755284905433655,0.7591313123703003,0.20246319472789764
YDL105W,YNL085W,1,3.3923864,0.27578797936439514,0.7601184844970703,0.20246319472789764
YBR123C,YPL095C,0,3.39205,0.2756892144680023,0.7601184844970703,0.2025633305311203
YMR224C,YDR507C,0,3.3917747,0.27559053897857666,0.7601184844970703,0.20266346633434296
YMR287C,YNL310C,0,3.391563,0.27549195289611816,0.7601184844970703,0.20276358723640442
YER029C,YDR342C,0,3.391498,0.27539342641830444,0.7601184844970703,0.20286372303962708
YDR376W,YNL091W,0,3.3892522,0.2752949595451355,0.7601184844970703,0.20296385884284973
YDR052C,YLR287C-A,0,3.3882918,0.2751965820789337,0.7601184844970703,0.2030639797449112
YFR003C,YDR054C,0,3.388143,0.2750982642173767,0.7601184844970703,0.20316411554813385
YOR080W,YGR037C,0,3.3873808,0.2750000059604645,0.7601184844970703,0.2032642364501953
YDR448W,YNL191W,0,3.386942,0.274901807308197,0.7601184844970703,0.20336437225341797
YFL041W,YLL038C,0,3.3867502,0.27480369806289673,0.7601184844970703,0.20346450805664062
YOR242C,YPL048W,0,3.3861878,0.2747056782245636,0.7601184844970703,0.2035646289587021
YLR396C,YNL325C,0,3.3855405,0.27460771799087524,0.7601184844970703,0.20366476476192474
YIL026C,YKR105C,0,3.3849583,0.27450981736183167,0.7601184844970703,0.2037649005651474
YGL210W,YAL044C,0,3.384923,0.27441197633743286,0.7601184844970703,0.20386502146720886
YLR135W,YHL025W,1,3.3845892,0.27467045187950134,0.7611056566238403,0.20386502146720886
YBL093C,YPL026C,0,3.3836186,0.2745726406574249,0.7611056566238403,0.20396515727043152
YJR035W,YLR427W,1,3.3833792,0.2748309075832367,0.7620927691459656,0.20396515727043152
YMR233W,YNR011C,0,3.3833742,0.2747330963611603,0.7620927691459656,0.20406527817249298
YMR070W,YJR059W,0,3.3822339,0.274635374546051,0.7620927691459656,0.20416541397571564
YPR070W,YNL191W,0,3.3822017,0.27453768253326416,0.7620927691459656,0.2042655497789383
YOR116C,YPL177C,0,3.3813667,0.27444010972976685,0.7620927691459656,0.20436567068099976
YOR036W,YDL060W,0,3.380924,0.2743425667285919,0.7620927691459656,0.2044658064842224
YDR465C,YIL004C,0,3.37993,0.27424511313438416,0.7620927691459656,0.20456594228744507
YOR116C,YER048W-A,0,3.3798275,0.27414771914482117,0.7620927691459656,0.20466606318950653
YJL041W,YHR017W,0,3.3794415,0.27405041456222534,0.7620927691459656,0.2047661989927292
YHR092C,YJR135C,0,3.3786092,0.2739531695842743,0.7620927691459656,0.20486631989479065
YLR357W,YJL109C,0,3.3783948,0.273855984210968,0.7620927691459656,0.2049664556980133
YCL069W,YNR001C,0,3.3779845,0.2737588584423065,0.7620927691459656,0.20506659150123596
YJL046W,YAL020C,0,3.3775258,0.2736618220806122,0.7620927691459656,0.20516671240329742
YJL157C,YBR033W,0,3.3764958,0.2735648453235626,0.7620927691459656,0.20526684820652008
YIL084C,YDR368W,0,3.3762147,0.27346792817115784,0.7620927691459656,0.20536698400974274
YOR120W,YHR036W,0,3.3741205,0.2733711004257202,0.7620927691459656,0.2054671049118042
YER096W,YJL102W,0,3.3735948,0.27327433228492737,0.7620927691459656,0.20556724071502686
YKL178C,YEL002C,0,3.3724885,0.2731776237487793,0.7620927691459656,0.20566736161708832
YCR098C,YGR006W,0,3.3714135,0.2730810046195984,0.7620927691459656,0.20576749742031097
YNL242W,YOL007C,0,3.3712275,0.27298444509506226,0.7620927691459656,0.20586763322353363
YMR211W,YGR035C,0,3.3711572,0.2728879451751709,0.7620927691459656,0.2059677541255951
YIL150C,YLR172C,0,3.3708057,0.2727915048599243,0.7620927691459656,0.20606788992881775
YOR179C,YNL096C,0,3.3703408,0.2726951539516449,0.7620927691459656,0.2061680257320404
YGL128C,YJL065C,0,3.3696663,0.27259886264801025,0.7620927691459656,0.20626814663410187
YBR058C,YGR037C,0,3.3694718,0.2725026607513428,0.7620927691459656,0.20636828243732452
YDR078C,YPL164C,1,3.3693426,0.272759348154068,0.7630799412727356,0.20636828243732452
YCR081W,YKL108W,0,3.3687685,0.2726631462574005,0.7630799412727356,0.206468403339386
YKL218C,YPL258C,0,3.3684344,0.2725670039653778,0.7630799412727356,0.20656853914260864
YDR079C-A,YKR094C,1,3.3674378,0.27282339334487915,0.7640671133995056,0.20656853914260864
YJR145C,YDR118W,0,3.3672614,0.27272728085517883,0.7640671133995056,0.2066686749458313
YPR054W,YGL031C,0,3.3669565,0.2726311981678009,0.7640671133995056,0.20676879584789276
YNL311C,YJL046W,0,3.366746,0.27253520488739014,0.7640671133995056,0.20686893165111542
YHR076W,YDL210W,0,3.3666837,0.27243927121162415,0.7640671133995056,0.20696905255317688
YPR096C,YOR211C,0,3.366386,0.2723434269428253,0.7640671133995056,0.20706918835639954
YML113W,YDL144C,0,3.3663297,0.2722476124763489,0.7640671133995056,0.2071693241596222
YDR022C,YJL048C,0,3.3656342,0.2721518874168396,0.7640671133995056,0.20726944506168365
YJL019W,YDR169C,0,3.364984,0.2720562517642975,0.7640671133995056,0.2073695808649063
YPL017C,YER153C,0,3.364446,0.27196064591407776,0.7640671133995056,0.20746971666812897
YDR126W,YOR270C,0,3.36427,0.2718651294708252,0.7640671133995056,0.20756983757019043
YLR040C,YOL002C,0,3.3640437,0.2717696726322174,0.7640671133995056,0.20766997337341309
YGR029W,YMR130W,0,3.3636441,0.2716742753982544,0.7640671133995056,0.20777009427547455
YPL123C,YFR007W,0,3.3630176,0.27157893776893616,0.7640671133995056,0.2078702300786972
YDR170W-A,YEL017C-A,0,3.362848,0.2714836895465851,0.7640671133995056,0.20797036588191986
YDL190C,YIL145C,0,3.3616347,0.2713885009288788,0.7640671133995056,0.20807048678398132
YAR007C,YNL189W,0,3.3612647,0.27129337191581726,0.7640671133995056,0.20817062258720398
YDL144C,YEL021W,0,3.3606863,0.2711983323097229,0.7640671133995056,0.20827075839042664
YDR022C,YDR486C,0,3.3605847,0.2711033225059509,0.7640671133995056,0.2083708792924881
YDR079C-A,YDR419W,1,3.3580217,0.27135854959487915,0.7650542855262756,0.2083708792924881
YKL100C,YCL061C,0,3.3578506,0.27126356959342957,0.7650542855262756,0.20847101509571075
YCR039C,YNR022C,0,3.357675,0.27116864919662476,0.7650542855262756,0.20857113599777222
YJR098C,YER173W,0,3.3576138,0.2710737884044647,0.7650542855262756,0.20867127180099487
YBL020W,YKL042W,0,3.3567286,0.27097901701927185,0.7650542855262756,0.20877140760421753
YDR265W,YHR184W,0,3.3562202,0.27088430523872375,0.7650542855262756,0.208871528506279
YDR510W,YGR001C,0,3.3557706,0.27078965306282043,0.7650542855262756,0.20897166430950165
YPL195W,YGR006W,0,3.3552904,0.2706950604915619,0.7650542855262756,0.2090718001127243
YDR103W,YGL157W,0,3.3551836,0.2706005573272705,0.7650542855262756,0.20917192101478577
YBL074C,YIL136W,0,3.3547964,0.2705061137676239,0.7650542855262756,0.20927205681800842
YGL089C,YDR050C,0,3.3547025,0.27041172981262207,0.7650542855262756,0.20937217772006989
YML106W,YNL101W,0,3.3545218,0.270317405462265,0.7650542855262756,0.20947231352329254
YJL125C,YOR290C,0,3.3543372,0.27022314071655273,0.7650542855262756,0.2095724493265152
YOL127W,YJL062W,0,3.3541257,0.2701289653778076,0.7650542855262756,0.20967257022857666
YML074C,YPL103C,0,3.3534484,0.2700348496437073,0.7650542855262756,0.20977270603179932
YGL191W,YJL090C,0,3.3533971,0.2699407935142517,0.7650542855262756,0.20987284183502197
YLL009C,YNR070W,0,3.3533113,0.2698467969894409,0.7650542855262756,0.20997296273708344
YLR098C,YCL031C,0,3.353048,0.2697528600692749,0.7650542855262756,0.2100730985403061
YOR278W,YGR158C,0,3.352515,0.26965901255607605,0.7650542855262756,0.21017321944236755
YBR105C,YDL180W,0,3.3511786,0.269565224647522,0.7650542855262756,0.2102733552455902
YJR134C,YAR007C,0,3.3498452,0.26947149634361267,0.7650542855262756,0.21037349104881287
YNL001W,YBR050C,0,3.347695,0.26937782764434814,0.7650542855262756,0.21047361195087433
YDL099W,YNR040W,0,3.3460083,0.2692842185497284,0.7650542855262756,0.21057374775409698
YLR170C,YDR524C,0,3.345314,0.2691906988620758,0.7650542855262756,0.21067386865615845
YHL036W,YDR130C,0,3.3441758,0.2690972089767456,0.7650542855262756,0.2107740044593811
YBL093C,YLR357W,0,3.343744,0.26900380849838257,0.7650542855262756,0.21087414026260376
YBL093C,YER091C,0,3.342285,0.2689104676246643,0.7650542855262756,0.21097426116466522
YGL021W,YPR098C,0,3.3420439,0.2688172161579132,0.7650542855262756,0.21107439696788788
YGL095C,YDR390C,0,3.3409066,0.2687239944934845,0.7650542855262756,0.21117453277111053
YMR139W,YLR446W,0,3.339696,0.26863086223602295,0.7650542855262756,0.211274653673172
YLR032W,YGL094C,1,3.3389928,0.2688842713832855,0.7660414576530457,0.211274653673172
YML042W,YMR122W-A,0,3.337003,0.268791139125824,0.7660414576530457,0.21137478947639465
YER088C,YKL183W,0,3.3362281,0.2686980664730072,0.7660414576530457,0.21147491037845612
YOR066W,YDR443C,0,3.3359663,0.2686050534248352,0.7660414576530457,0.21157504618167877
YDR170W-A,YLL035W,0,3.3358257,0.268512099981308,0.7660414576530457,0.21167518198490143
YGR292W,YNL166C,0,3.335728,0.2684192359447479,0.7660414576530457,0.2117753028869629
YIR014W,YMR235C,0,3.3353288,0.26832643151283264,0.7660414576530457,0.21187543869018555
YJR010C-A,YMR122W-A,0,3.3349667,0.26823365688323975,0.7660414576530457,0.2119755744934082
YKL100C,YMR043W,0,3.3341618,0.268140971660614,0.7660414576530457,0.21207569539546967
YBR297W,YDL082W,0,3.334084,0.26804834604263306,0.7660414576530457,0.21217583119869232
YNL280C,YHR129C,0,3.3329926,0.26795580983161926,0.7660414576530457,0.21227595210075378
YCR072C,YDL017W,0,3.3304515,0.26786330342292786,0.7660414576530457,0.21237608790397644
YHR076W,YOR265W,0,3.3302836,0.2677708864212036,0.7660414576530457,0.2124762237071991
YPL144W,YML088W,0,3.3289652,0.26767849922180176,0.7660414576530457,0.21257634460926056
YOR046C,YLR188W,0,3.3285358,0.26758620142936707,0.7660414576530457,0.21267648041248322
YMR016C,YOR269W,0,3.3284218,0.26749396324157715,0.7660414576530457,0.21277661621570587
YLR096W,YMR152W,0,3.327898,0.267401784658432,0.7660414576530457,0.21287673711776733
YDR402C,YDL130W-A,0,3.3277943,0.26730966567993164,0.7660414576530457,0.21297687292099
YKL004W,YGR047C,0,3.3272746,0.26721763610839844,0.7660414576530457,0.21307699382305145
YNR070W,YIL124W,0,3.3270674,0.2671256363391876,0.7660414576530457,0.2131771296262741
YNL291C,YMR036C,0,3.3269913,0.26703372597694397,0.7660414576530457,0.21327726542949677
YDL101C,YBR050C,0,3.32697,0.2669418752193451,0.7660414576530457,0.21337738633155823
YDR130C,YGR279C,0,3.3262415,0.2668500542640686,0.7660414576530457,0.21347752213478088
YPL164C,YML069W,1,3.3257532,0.26710209250450134,0.7670286297798157,0.21347752213478088
YDR139C,YML070W,0,3.3254552,0.26701030135154724,0.7670286297798157,0.21357765793800354
YOL065C,YPL060W,0,3.3248348,0.2669185698032379,0.7670286297798157,0.213677778840065
YBR087W,YNL217W,0,3.324694,0.26682692766189575,0.7670286297798157,0.21377791464328766
YOR151C,YPL028W,0,3.32369,0.266735315322876,0.7670286297798157,0.21387803554534912
YDR118W,YJR059W,0,3.3234134,0.26664379239082336,0.7670286297798157,0.21397817134857178
YDR312W,YPR049C,0,3.3227458,0.2665523290634155,0.7670286297798157,0.21407830715179443
YKR061W,YDR239C,0,3.322,0.2664608955383301,0.7670286297798157,0.2141784280538559
YIL009C-A,YIL138C,0,3.3209171,0.2663695514202118,0.7670286297798157,0.21427856385707855
YPL085W,YGR272C,0,3.3207383,0.2662782669067383,0.7670286297798157,0.2143786996603012
YLR376C,YLR005W,1,3.3201606,0.2665296196937561,0.7680158019065857,0.2143786996603012
YEL050C,YDR313C,0,3.3196337,0.266438364982605,0.7680158019065857,0.21447882056236267
YLR373C,YLL011W,0,3.3192194,0.26634714007377625,0.7680158019065857,0.21457895636558533
YCR020C,YBR156C,0,3.3188515,0.2662559747695923,0.7680158019065857,0.2146790772676468
YJL143W,YKL109W,0,3.3188047,0.2661648988723755,0.7680158019065857,0.21477921307086945
YLR109W,YOR070C,0,3.3180807,0.26607388257980347,0.7680158019065857,0.2148793488740921
YHR028C,YMR285C,0,3.3179011,0.26598289608955383,0.7680158019065857,0.21497946977615356
YLR343W,YDR418W,0,3.3176138,0.26589199900627136,0.7680158019065857,0.21507960557937622
YLL062C,YML077W,0,3.3174844,0.26580116152763367,0.7680158019065857,0.21517972648143768
YBL093C,YLR343W,0,3.3172636,0.26571038365364075,0.7680158019065857,0.21527986228466034
YMR316W,YMR022W,0,3.3169847,0.2656196653842926,0.7680158019065857,0.215379998087883
YDR170W-A,YKL173W,0,3.3166451,0.26552900671958923,0.7680158019065857,0.21548011898994446
YDL143W,YDR368W,0,3.3165252,0.26543840765953064,0.7680158019065857,0.21558025479316711
YGL009C,YDR478W,0,3.3161874,0.2653478980064392,0.7680158019065857,0.21568039059638977
YLR343W,YPR186C,0,3.3153827,0.26525741815567017,0.7680158019065857,0.21578051149845123
YNL049C,YKL059C,0,3.3152487,0.2651669979095459,0.7680158019065857,0.2158806473016739
YBR267W,YLR040C,0,3.3151386,0.2650766670703888,0.7680158019065857,0.21598076820373535
YGL206C,YML104C,0,3.3148205,0.2649863660335541,0.7680158019065857,0.216080904006958
YLR005W,YLR007W,1,3.3145618,0.26523664593696594,0.7690029740333557,0.216080904006958
YOL064C,YGL227W,0,3.3136659,0.2651463449001312,0.7690029740333557,0.21618103981018066
YLL022C,YIR009W,0,3.3120992,0.26505613327026367,0.7690029740333557,0.21628116071224213
YDR126W,YDR400W,0,3.312049,0.2649659812450409,0.7690029740333557,0.21638129651546478
YDR079C-A,YNL082W,1,3.3113642,0.2652159035205841,0.7699901461601257,0.21638129651546478
YKL042W,YJL109C,0,3.3111432,0.26512575149536133,0.7699901461601257,0.21648143231868744
YGL089C,YIL160C,0,3.3107328,0.2650356888771057,0.7699901461601257,0.2165815532207489
YCR039C,YHR099W,0,3.3107314,0.2649456560611725,0.7699901461601257,0.21668168902397156
YFR003C,YEL050C,0,3.3105807,0.26485568284988403,0.7699901461601257,0.21678180992603302
YPL226W,YOL018C,0,3.3100023,0.26476576924324036,0.7699901461601257,0.21688194572925568
YIL126W,YJL133W,0,3.3095193,0.26467594504356384,0.7699901461601257,0.21698208153247833
YLR040C,YBR009C,0,3.3085673,0.2645861506462097,0.7699901461601257,0.2170822024345398
YGL253W,YMR208W,0,3.3082182,0.26449644565582275,0.7699901461601257,0.21718233823776245
YFL004W,YBR097W,0,3.3081787,0.2644067704677582,0.7699901461601257,0.2172824740409851
YIL143C,YHR120W,1,3.307921,0.26465603709220886,0.7709773182868958,0.2172824740409851
YDL166C,YML015C,0,3.3072076,0.2645663917064667,0.7709773182868958,0.21738259494304657
YER140W,YBR185C,0,3.306703,0.26447680592536926,0.7709773182868958,0.21748273074626923
YIR012W,YBR164C,0,3.306377,0.2643872797489166,0.7709773182868958,0.2175828516483307
YDL166C,YLL001W,0,3.3059356,0.26429781317710876,0.7709773182868958,0.21768298745155334
YKL198C,YBL082C,0,3.3046288,0.2642083764076233,0.7709773182868958,0.217783123254776
YLR032W,YLR120C,0,3.3035493,0.264119029045105,0.7709773182868958,0.21788324415683746
YBL069W,YKR050W,0,3.303442,0.26402974128723145,0.7709773182868958,0.21798337996006012
YKR061W,YDR520C,0,3.3033047,0.2639405131340027,0.7709773182868958,0.21808351576328278
YGL185C,YDL144C,0,3.3031654,0.2638513445854187,0.7709773182868958,0.21818363666534424
YML037C,YJR068W,0,3.3031607,0.2637622356414795,0.7709773182868958,0.2182837724685669
YCR077C,YDR069C,0,3.3018906,0.26367318630218506,0.7709773182868958,0.21838389337062836
YHR027C,YLR106C,0,3.3014302,0.2635841965675354,0.7709773182868958,0.218484029173851
YHR076W,YJR013W,0,3.3000536,0.2634952664375305,0.7709773182868958,0.21858416497707367
YBR082C,YKL116C,0,3.2995849,0.2634063959121704,0.7709773182868958,0.21868428587913513
YKL156W,YMR282C,0,3.2993636,0.2633175849914551,0.7709773182868958,0.2187844216823578
YBL088C,YHR064C,0,3.2972186,0.2632288634777069,0.7709773182868958,0.21888454258441925
YLR172C,YDR231C,0,3.2971318,0.26314017176628113,0.7709773182868958,0.2189846783876419
YNL291C,YJR160C,0,3.2960403,0.2630515396595001,0.7709773182868958,0.21908481419086456
YDL065C,YHR081W,0,3.2959595,0.2629629671573639,0.7709773182868958,0.21918493509292603
YDR126W,YKL183W,0,3.2958937,0.26287445425987244,0.7709773182868958,0.21928507089614868
YLR106C,YOR120W,0,3.2954822,0.26278600096702576,0.7709773182868958,0.21938520669937134
YLR385C,YDL060W,0,3.2954426,0.26269760727882385,0.7709773182868958,0.2194853276014328
YIL090W,YLR357W,0,3.2944593,0.2626092731952667,0.7709773182868958,0.21958546340465546
YHR079C-A,YLR007W,1,3.2943847,0.2628571391105652,0.7719644904136658,0.21958546340465546
YOR389W,YDR065W,0,3.2937682,0.26276880502700806,0.7719644904136658,0.21968558430671692
YER147C,YKL017C,1,3.2937388,0.2630164623260498,0.772951602935791,0.21968558430671692
YER091C,YHR117W,0,3.2933528,0.2629281282424927,0.772951602935791,0.21978572010993958
YBR160W,YBR084W,0,3.2930722,0.2628398835659027,0.772951602935791,0.21988585591316223
YER148W,YJL106W,0,3.2921584,0.26275166869163513,0.772951602935791,0.2199859768152237
YAR015W,YDR380W,0,3.2920384,0.2626635432243347,0.772951602935791,0.22008611261844635
YDL069C,YKL024C,0,3.2912636,0.2625754475593567,0.772951602935791,0.220186248421669
YML037C,YDL185W,0,3.2895947,0.2624874413013458,0.772951602935791,0.22028636932373047
YER161C,YOL140W,0,3.289536,0.26239946484565735,0.772951602935791,0.22038650512695312
YDR117C,YJL008C,0,3.2891564,0.26231154799461365,0.772951602935791,0.2204866260290146
YBR040W,YPL154C,0,3.2884703,0.2622237205505371,0.772951602935791,0.22058676183223724
YOL139C,YGL141W,0,3.2881098,0.26213592290878296,0.772951602935791,0.2206868976354599
YJR068W,YML063W,0,3.2871861,0.2620481848716736,0.772951602935791,0.22078701853752136
YDR481C,YOR221C,0,3.2870023,0.26196053624153137,0.772951602935791,0.22088715434074402
YLL013C,YHR027C,0,3.2859745,0.26187291741371155,0.772951602935791,0.22098729014396667
YGR274C,YOR322C,0,3.2856913,0.2617853581905365,0.772951602935791,0.22108741104602814
YDR103W,YFL037W,0,3.284618,0.2616978585720062,0.772951602935791,0.2211875468492508
YBR030W,YEL002C,0,3.2842648,0.2616104185581207,0.772951602935791,0.22128766775131226
YMR264W,YLR446W,0,3.2833004,0.26152303814888,0.772951602935791,0.2213878035545349
YKR094C,YNR045W,0,3.2823608,0.26143571734428406,0.772951602935791,0.22148793935775757
YPR192W,YPL028W,0,3.2811463,0.2613484561443329,0.772951602935791,0.22158806025981903
YJR060W,YHL036W,0,3.2801876,0.2612612545490265,0.772951602935791,0.2216881960630417
YDL007W,YOR039W,0,3.2795835,0.26117411255836487,0.772951602935791,0.22178833186626434
YPL022W,YPL160W,0,3.2786329,0.261087030172348,0.772951602935791,0.2218884527683258
YDR531W,YBR058C-A,0,3.277464,0.26100000739097595,0.772951602935791,0.22198858857154846
YLR459W,YER184C,0,3.2762094,0.26091301441192627,0.772951602935791,0.22208870947360992
YNL292W,YDL127W,0,3.2761443,0.26082611083984375,0.772951602935791,0.22218884527683258
YKL088W,YBR055C,0,3.2759542,0.260739266872406,0.772951602935791,0.22228898108005524
YOR076C,YMR292W,0,3.2758555,0.26065245270729065,0.772951602935791,0.2223891019821167
YBR055C,YJL221C,0,3.2755961,0.26056572794914246,0.772951602935791,0.22248923778533936
YPL038W,YIL124W,0,3.275475,0.26047903299331665,0.772951602935791,0.222589373588562
YGR058W,YDR312W,0,3.27539,0.260392427444458,0.772951602935791,0.22268949449062347
YMR201C,YKL181W,0,3.275238,0.26030585169792175,0.772951602935791,0.22278963029384613
YPL160W,YOR211C,0,3.2751281,0.2602193355560303,0.772951602935791,0.2228897511959076
YGL185C,YPR032W,0,3.2743328,0.26013287901878357,0.772951602935791,0.22298988699913025
YGL210W,YJR135W-A,0,3.2740397,0.26004648208618164,0.772951602935791,0.2230900228023529
YOL120C,YDR402C,0,3.2730637,0.2599601447582245,0.772951602935791,0.22319014370441437
YGL128C,YER110C,0,3.27245,0.2598738670349121,0.772951602935791,0.22329027950763702
YGR104C,YPR032W,0,3.2723339,0.2597876489162445,0.772951602935791,0.2233904004096985
YDR158W,YOR067C,0,3.2721276,0.2597014904022217,0.772951602935791,0.22349053621292114
YBR160W,YGL207W,1,3.2721205,0.25994694232940674,0.773938775062561,0.22349053621292114
YGR076C,YGR037C,0,3.2717664,0.2598607838153839,0.773938775062561,0.2235906720161438
YGR029W,YBL017C,0,3.271603,0.25977468490600586,0.773938775062561,0.22369079291820526
YLR214W,YKR059W,0,3.271492,0.2596886456012726,0.773938775062561,0.22379092872142792
YDR402C,YNL135C,0,3.270457,0.2596026360988617,0.773938775062561,0.22389106452465057
YLR188W,YOR269W,0,3.2691526,0.25951671600341797,0.773938775062561,0.22399118542671204
YIR002C,YOR044W,0,3.2688618,0.25943082571029663,0.773938775062561,0.2240913212299347
YNL158W,YMR223W,0,3.26868,0.25934502482414246,0.773938775062561,0.22419144213199615
YNL207W,YJR134C,0,3.2686477,0.25925925374031067,0.773938775062561,0.2242915779352188
YMR070W,YML081C-A,0,3.2681117,0.25917354226112366,0.773938775062561,0.22439171373844147
YNR020C,YIL009C-A,0,3.2676966,0.2590878903865814,0.773938775062561,0.22449183464050293
YDR356W,YKR097W,0,3.2666297,0.25900229811668396,0.773938775062561,0.22459197044372559
YML027W,YDR279W,0,3.2666254,0.2589167654514313,0.773938775062561,0.22469210624694824
YMR094W,YDR330W,0,3.2662182,0.25883129239082336,0.773938775062561,0.2247922271490097
YKL100C,YLR433C,0,3.264378,0.25874587893486023,0.773938775062561,0.22489236295223236
YLR007W,YDR227W,1,3.26426,0.25899043679237366,0.774925947189331,0.22489236295223236
YDL099W,YEL021W,0,3.2609696,0.2589050233364105,0.774925947189331,0.22499248385429382
YNR022C,YGR279C,0,3.260914,0.2588196396827698,0.774925947189331,0.22509261965751648
YNL330C,YJL129C,0,3.2607827,0.2587343454360962,0.774925947189331,0.22519275546073914
YER088C,YOR233W,0,3.2607293,0.258649080991745,0.774925947189331,0.2252928763628006
YLR212C,YDR069C,0,3.2605498,0.25856390595436096,0.774925947189331,0.22539301216602325
YNL159C,YGR123C,0,3.2600691,0.2584787607192993,0.774925947189331,0.2254931479692459
YGL058W,YHL025W,1,3.259422,0.25872284173965454,0.7759131193161011,0.2254931479692459
YCR039C,YLR212C,0,3.2593713,0.2586376965045929,0.7759131193161011,0.22559326887130737
YDR329C,YPL111W,0,3.2591825,0.2585526406764984,0.7759131193161011,0.22569340467453003
YOL152W,YNL098C,0,3.2572806,0.2584676146507263,0.7759131193161011,0.2257935255765915
YIL009C-A,YGL141W,0,3.255804,0.258382648229599,0.7759131193161011,0.22589366137981415
YER110C,YHR186C,0,3.2555213,0.25829774141311646,0.7759131193161011,0.2259937971830368
YLR106C,YGL222C,0,3.2552786,0.2582128643989563,0.7759131193161011,0.22609391808509827
YIL004C,YHR140W,0,3.2541585,0.2581280767917633,0.7759131193161011,0.22619405388832092
YHL040C,YHL016C,0,3.2529578,0.2580433487892151,0.7759131193161011,0.22629418969154358
YKL140W,YJR001W,0,3.252869,0.25795865058898926,0.7759131193161011,0.22639431059360504
YLR383W,YDL047W,1,3.2528412,0.25820210576057434,0.7769002914428711,0.22639431059360504
YJL041W,YKL017C,0,3.2526278,0.2581174075603485,0.7769002914428711,0.2264944463968277
YMR004W,YOL123W,0,3.2523406,0.25803279876708984,0.7769002914428711,0.22659456729888916
YNL061W,YIL126W,0,3.2518542,0.25794821977615356,0.7769002914428711,0.22669470310211182
YKL112W,YBR136W,1,3.2517745,0.2581913471221924,0.7778874635696411,0.22669470310211182
YLR147C,YNR022C,0,3.2501764,0.2581067681312561,0.7778874635696411,0.22679483890533447
YNL162W,YDR239C,0,3.249658,0.258022278547287,0.7778874635696411,0.22689495980739594
YLR127C,YLR038C,0,3.249518,0.25793781876564026,0.7778874635696411,0.2269950956106186
YMR043W,YHR147C,0,3.2489986,0.2578533887863159,0.7778874635696411,0.22709521651268005
YDR078C,YMR106C,1,3.2479677,0.2580961585044861,0.7788746356964111,0.22709521651268005
YDR047W,YBL023C,0,3.2464676,0.25801175832748413,0.7788746356964111,0.2271953523159027
YDL200C,YDR317W,1,3.2464554,0.2582543194293976,0.7798618078231812,0.2271953523159027
YHL019C,YLR045C,0,3.2464497,0.258169949054718,0.7798618078231812,0.22729548811912537
YCR096C,YIL126W,0,3.2458363,0.25808557868003845,0.7798618078231812,0.22739560902118683
YBR022W,YMR150C,0,3.245121,0.25800129771232605,0.7798618078231812,0.22749574482440948
YBL021C,YNL151C,0,3.2447836,0.2579170763492584,0.7798618078231812,0.22759588062763214
YLR288C,YGL087C,1,3.2443674,0.2581592798233032,0.7808489799499512,0.22759588062763214
YGL009C,YPL103C,0,3.243836,0.2580750286579132,0.7808489799499512,0.2276960015296936
YOR069W,YDR390C,0,3.2424655,0.25799086689949036,0.7808489799499512,0.22779613733291626
YGL003C,YHR167W,0,3.2419903,0.2579067349433899,0.7808489799499512,0.22789625823497772
YKL183W,YPR070W,0,3.241681,0.2578226923942566,0.7808489799499512,0.22799639403820038
YDR134C,YNL115C,0,3.2411416,0.2577386796474457,0.7808489799499512,0.22809652984142303
YBR087W,YDR158W,0,3.2408361,0.25765472650527954,0.7808489799499512,0.2281966507434845
YHR206W,YAL008W,0,3.240748,0.2575708329677582,0.7808489799499512,0.22829678654670715
YLR096W,YAL058W,0,3.2402725,0.2574869692325592,0.7808489799499512,0.2283969223499298
YLR127C,YOR043W,0,3.240096,0.2574031949043274,0.7808489799499512,0.22849704325199127
YKL089W,YOR278W,0,3.2395902,0.25731945037841797,0.7808489799499512,0.22859717905521393
YPL143W,YOR039W,0,3.239096,0.2572357654571533,0.7808489799499512,0.2286972999572754
YIL101C,YDR483W,0,3.2383683,0.25715214014053345,0.7808489799499512,0.22879743576049805
YER056C-A,YDR420W,0,3.2382965,0.25706857442855835,0.7808489799499512,0.2288975715637207
YAR019C,YDR511W,0,3.237318,0.256985068321228,0.7808489799499512,0.22899769246578217
YLR318W,YOR332W,0,3.2364674,0.2569015920162201,0.7808489799499512,0.22909782826900482
YKL089W,YNL339C,0,3.2354856,0.25681817531585693,0.7808489799499512,0.22919796407222748
YBL017C,YDL038C,0,3.2342944,0.25673481822013855,0.7808489799499512,0.22929808497428894
YDR270W,YGR184C,0,3.2340426,0.25665152072906494,0.7808489799499512,0.2293982207775116
YDR126W,YDR447C,0,3.232739,0.2565682828426361,0.7808489799499512,0.22949834167957306
YBL074C,YNL268W,0,3.2307653,0.25648507475852966,0.7808489799499512,0.22959847748279572
YLR238W,YDR177W,0,3.2299345,0.2564019560813904,0.7808489799499512,0.22969861328601837
YKL059C,YGR184C,0,3.2295132,0.2563188672065735,0.7808489799499512,0.22979873418807983
YJL052W,YKL024C,0,3.229407,0.25623583793640137,0.7808489799499512,0.2298988699913025
YNR045W,YGR162W,0,3.2292576,0.25615283846855164,0.7808489799499512,0.22999900579452515
YGR071C,YDR368W,0,3.2286873,0.25606992840766907,0.7808489799499512,0.2300991266965866
YKL028W,YMR012W,0,3.2285895,0.2559870481491089,0.7808489799499512,0.23019926249980927
YJR060W,YLR014C,0,3.2276912,0.2559042274951935,0.7808489799499512,0.23029938340187073
YBR205W,YMR282C,0,3.2274942,0.25582146644592285,0.7808489799499512,0.23039951920509338
YFL036W,YAL058W,0,3.226814,0.255738765001297,0.7808489799499512,0.23049965500831604
YML124C,YJR089W,0,3.2256382,0.2556561231613159,0.7808489799499512,0.2305997759103775
YOR373W,YDL085W,0,3.225462,0.2555735111236572,0.7808489799499512,0.23069991171360016
YMR287C,YDR376W,0,3.2252688,0.2554909586906433,0.7808489799499512,0.23080003261566162
YLR090W,YLR419W,0,3.2246752,0.25540846586227417,0.7808489799499512,0.23090016841888428
YDL141W,YGR101W,0,3.2246375,0.2553260028362274,0.7808489799499512,0.23100030422210693
YDR368W,YKL116C,0,3.2243142,0.2552436292171478,0.7808489799499512,0.2311004251241684
YOR076C,YLR221C,0,3.222355,0.2551612854003906,0.7808489799499512,0.23120056092739105
YER095W,YJR097W,0,3.2223434,0.2550790011882782,0.7808489799499512,0.2313006967306137
YPR016C,YHR064C,0,3.2220275,0.25499677658081055,0.7808489799499512,0.23140081763267517
YMR036C,YER012W,0,3.2205915,0.25491461157798767,0.7808489799499512,0.23150095343589783
YDL144C,YGR191W,0,3.2203674,0.2548324763774872,0.7808489799499512,0.2316010743379593
YGL222C,YOL120C,0,3.2200549,0.25475040078163147,0.7808489799499512,0.23170121014118195
YCR092C,YDR390C,0,3.2196891,0.25466838479042053,0.7808489799499512,0.2318013459444046
YDR118W,YOR269W,0,3.2194767,0.25458642840385437,0.7808489799499512,0.23190146684646606
YML106W,YOR039W,0,3.217626,0.2545045018196106,0.7808489799499512,0.23200160264968872
YMR016C,YLR459W,0,3.2175884,0.2544226348400116,0.7808489799499512,0.23210173845291138
YGL089C,YAL034W-A,0,3.2173662,0.2543408274650574,0.7808489799499512,0.23220185935497284
YBR198C,YCR077C,0,3.216585,0.2542590796947479,0.7808489799499512,0.2323019951581955
YNL301C,YOR269W,0,3.215505,0.25417739152908325,0.7808489799499512,0.23240211606025696
YGL035C,YNL098C,0,3.2140603,0.25409573316574097,0.7808489799499512,0.23250225186347961
YDL059C,YJL140W,1,3.2127166,0.2543352544307709,0.7818361520767212,0.23250225186347961
YMR130W,YBL064C,0,3.212338,0.254253625869751,0.7818361520767212,0.23260238766670227
YIL113W,YKR050W,0,3.210291,0.25417202711105347,0.7818361520767212,0.23270250856876373
YNR061C,YJR143C,0,3.210282,0.25409045815467834,0.7818361520767212,0.2328026443719864
YKR094C,YLR005W,1,3.2100794,0.25432971119880676,0.7828233242034912,0.2328026443719864
YLR100W,YJR134C,0,3.2098727,0.25424814224243164,0.7828233242034912,0.23290278017520905
YNL039W,YGL168W,0,3.208467,0.2541666626930237,0.7828233242034912,0.2330029010772705
YHL044W,YMR306W,0,3.2067637,0.2540852427482605,0.7828233242034912,0.23310303688049316
YMR171C,YIR009W,0,3.2061162,0.2540038526058197,0.7828233242034912,0.23320315778255463
YDR466W,YOR057W,0,3.205807,0.2539225220680237,0.7828233242034912,0.23330329358577728
YBL054W,YOR356W,0,3.205609,0.25384122133255005,0.7828233242034912,0.23340342938899994
YMR070W,YJL101C,0,3.2046146,0.2537600100040436,0.7828233242034912,0.2335035502910614
YGR029W,YML005W,0,3.2043886,0.2536788284778595,0.7828233242034912,0.23360368609428406
YNL039W,YNL091W,0,3.203968,0.2535977065563202,0.7828233242034912,0.2337038218975067
YBL106C,YFL037W,0,3.203575,0.25351661443710327,0.7828233242034912,0.23380394279956818
YDL069C,YDR402C,0,3.2019596,0.2534356117248535,0.7828233242034912,0.23390407860279083
YOR269W,YDR055W,0,3.201572,0.25335463881492615,0.7828233242034912,0.2340041995048523
YHR184W,YDR088C,0,3.201502,0.25327372550964355,0.7828233242034912,0.23410433530807495
YMR224C,YDL059C,1,3.200695,0.2535121440887451,0.7838104367256165,0.23410433530807495
YLR015W,YOR346W,0,3.1990747,0.2534312307834625,0.7838104367256165,0.2342044711112976
YHR021C,YER147C,0,3.1984415,0.2533503472805023,0.7838104367256165,0.23430459201335907
YMR316W,YGR014W,0,3.1984224,0.2532695233821869,0.7838104367256165,0.23440472781658173
YGR274C,YDR116C,0,3.1972656,0.2531887888908386,0.7838104367256165,0.23450486361980438
YNR070W,YBL057C,0,3.1972027,0.25310805439949036,0.7838104367256165,0.23460498452186584
YPR056W,YDR419W,1,3.1970735,0.2533460855484009,0.7847976088523865,0.23460498452186584
YCL055W,YMR208W,0,3.1966586,0.253265380859375,0.7847976088523865,0.2347051203250885
YNL077W,YKR038C,0,3.1964464,0.2531847059726715,0.7847976088523865,0.23480524122714996
YIL172C,YMR165C,0,3.195795,0.2531041204929352,0.7847976088523865,0.23490537703037262
YLR343W,YDR523C,0,3.1952796,0.25302356481552124,0.7847976088523865,0.23500551283359528
YOL005C,YHR052W,0,3.1949244,0.2529430389404297,0.7847976088523865,0.23510563373565674
YOL133W,YIL084C,0,3.1945994,0.2528626024723053,0.7847976088523865,0.2352057695388794
YHR147C,YIL171W,0,3.1945395,0.2527821958065033,0.7847976088523865,0.23530589044094086
YHL008C,YOR224C,0,3.1941342,0.25270184874534607,0.7847976088523865,0.2354060262441635
YDR052C,YBR050C,0,3.1925685,0.25262153148651123,0.7847976088523865,0.23550616204738617
YDL231C,YLR318W,0,3.19235,0.25254130363464355,0.7847976088523865,0.23560628294944763
YOR308C,YMR016C,0,3.1921697,0.25246110558509827,0.7847976088523865,0.2357064187526703
YHR086W,YIL160C,0,3.1920612,0.25238096714019775,0.7847976088523865,0.23580655455589294
YJL221C,YPL085W,0,3.1911976,0.25230085849761963,0.7847976088523865,0.2359066754579544
YDR079C-A,YBR073W,1,3.1910524,0.2525380849838257,0.7857847809791565,0.2359066754579544
YJL041W,YHR036W,0,3.190364,0.25245797634124756,0.7857847809791565,0.23600681126117706
YBL074C,YLR186W,0,3.189835,0.2523779273033142,0.7857847809791565,0.23610693216323853
YDL101C,YJL056C,0,3.1897235,0.25229793787002563,0.7857847809791565,0.23620706796646118
YNL166C,YDR065W,0,3.1891532,0.25221800804138184,0.7857847809791565,0.23630720376968384
YPL195W,YOR374W,0,3.188251,0.2521381080150604,0.7857847809791565,0.2364073246717453
YDR465C,YNR022C,0,3.1878455,0.2520582675933838,0.7857847809791565,0.23650746047496796
YLR433C,YDL082W,0,3.1876712,0.25197848677635193,0.7857847809791565,0.2366075962781906
YML054C,YKR094C,0,3.187654,0.25189873576164246,0.7857847809791565,0.23670771718025208
YGL147C,YER044C,0,3.1869369,0.25181904435157776,0.7857847809791565,0.23680785298347473
YDR363W-A,YOR270C,0,3.1868863,0.25173941254615784,0.7857847809791565,0.2369079738855362
YMR086W,YDR239C,0,3.1852772,0.2516598105430603,0.7857847809791565,0.23700810968875885
YLR265C,YOR014W,0,3.1829467,0.25158026814460754,0.7857847809791565,0.2371082454919815
YMR167W,YDR076W,1,3.1829123,0.2518167495727539,0.7867719531059265,0.2371082454919815
YOL133W,YDR031W,0,3.182827,0.25173720717430115,0.7867719531059265,0.23720836639404297
YMR022W,YGR279C,0,3.182703,0.25165772438049316,0.7867719531059265,0.23730850219726562
YPL031C,YLR010C,0,3.1821651,0.25157827138900757,0.7867719531059265,0.23740863800048828
YDR079C-A,YDR092W,1,3.181441,0.25181445479393005,0.7877591252326965,0.23740863800048828
YER179W,YIL139C,1,3.1811252,0.2520504593849182,0.7887462973594666,0.23740863800048828
YGL253W,YGR188C,0,3.1810305,0.25197097659111023,0.7887462973594666,0.23750875890254974
YJL101C,YDL184C,0,3.1806693,0.251891553401947,0.7887462973594666,0.2376088947057724
YOL067C,YHR064C,0,3.179646,0.2518121600151062,0.7887462973594666,0.23770901560783386
YAL015C,YOL072W,1,3.1793392,0.25204789638519287,0.7897334694862366,0.23770901560783386
YJR104C,YER120W,0,3.1782784,0.25196850299835205,0.7897334694862366,0.23780915141105652
YOL064C,YOR391C,0,3.1780655,0.251889169216156,0.7897334694862366,0.23790928721427917
YDR236C,YPR166C,0,3.1780171,0.25180989503860474,0.7897334694862366,0.23800940811634064
YOL018C,YOR044W,0,3.1776679,0.25173065066337585,0.7897334694862366,0.2381095439195633
YDR190C,YPL194W,1,3.1771984,0.25196602940559387,0.7907206416130066,0.2381095439195633
YGL251C,YOL077C,0,3.176315,0.251886785030365,0.7907206416130066,0.23820967972278595
YCL055W,YLR430W,0,3.1738,0.2518076002597809,0.7907206416130066,0.2383098006248474
YER095W,YGR188C,0,3.1737273,0.25172847509384155,0.7907206416130066,0.23840993642807007
YML094W,YIR006C,0,3.1735675,0.2516493797302246,0.7907206416130066,0.23851005733013153
YPR118W,YEL059C-A,0,3.1734293,0.25157034397125244,0.7907206416130066,0.2386101931333542
YJR139C,YLR438C-A,0,3.1726193,0.25149136781692505,0.7907206416130066,0.23871032893657684
YDL043C,YPR186C,0,3.1720853,0.25141242146492004,0.7907206416130066,0.2388104498386383
YLR287C-A,YBR213W,0,3.1710424,0.2513335347175598,0.7907206416130066,0.23891058564186096
YGR056W,YPR052C,1,3.170835,0.25156837701797485,0.7917078137397766,0.23891058564186096
YDR079C-A,YIL143C,1,3.1702,0.25180307030677795,0.7926949858665466,0.23891058564186096
YGL141W,YAL058W,0,3.169921,0.25172412395477295,0.7926949858665466,0.23901070654392242
YDR536W,YOR322C,0,3.1695328,0.2516452670097351,0.7926949858665466,0.23911084234714508
YOL064C,YBR160W,0,3.1694922,0.25156641006469727,0.7926949858665466,0.23921097815036774
YDL109C,YPR184W,0,3.1687965,0.2514876425266266,0.7926949858665466,0.2393110990524292
YEL064C,YNR011C,0,3.1687036,0.2514089047908783,0.7926949858665466,0.23941123485565186
YAR015W,YIL126W,0,3.1682818,0.2513301968574524,0.7926949858665466,0.2395113706588745
YDR456W,YER112W,0,3.1675906,0.25125157833099365,0.7926949858665466,0.23961149156093597
YPL085W,YER020W,0,3.1673098,0.2511729598045349,0.7926949858665466,0.23971162736415863
YDR318W,YOL080C,0,3.1668696,0.25109443068504333,0.7926949858665466,0.2398117482662201
YHR099W,YGL175C,1,3.1666205,0.2513285279273987,0.7936821579933167,0.2398117482662201
YML034W,YNL217W,0,3.165658,0.2512499988079071,0.7936821579933167,0.23991188406944275
YDR180W,YDR359C,1,3.165108,0.2514839172363281,0.7946692705154419,0.23991188406944275
YDL210W,YLR430W,0,3.164885,0.25140535831451416,0.7946692705154419,0.2400120198726654
YML106W,YIL072W,0,3.1648664,0.25132688879966736,0.7946692705154419,0.24011214077472687
YJR110W,YNL185C,0,3.1634617,0.25124844908714294,0.7946692705154419,0.24021227657794952
YPL144W,YDR012W,0,3.163041,0.2511700391769409,0.7946692705154419,0.24031241238117218
YDL138W,YLR097C,0,3.1621916,0.25109168887138367,0.7946692705154419,0.24041253328323364
YHR076W,YJL090C,0,3.16177,0.2510133981704712,0.7946692705154419,0.2405126690864563
YDR478W,YPR184W,0,3.1610456,0.2509351670742035,0.7946692705154419,0.24061278998851776
YKL135C,YPR096C,0,3.1600306,0.2508569657802582,0.7946692705154419,0.24071292579174042
YFR032C-A,YJL165C,0,3.1598704,0.25077882409095764,0.7946692705154419,0.24081306159496307
YKL164C,YPR054W,0,3.1596622,0.2507007122039795,0.7946692705154419,0.24091318249702454
YNL086W,YMR297W,0,3.1591964,0.2506226599216461,0.7946692705154419,0.2410133183002472
YLR450W,YMR256C,0,3.1586843,0.2505446672439575,0.7946692705154419,0.24111345410346985
YNR020C,YLR327C,0,3.1582863,0.2504667043685913,0.7946692705154419,0.2412135750055313
YDR121W,YOR076C,0,3.1581686,0.2503888010978699,0.7946692705154419,0.24131371080875397
YDR436W,YDR055W,0,3.1572776,0.2503109574317932,0.7946692705154419,0.24141383171081543
YGL128C,YJL170C,0,3.1568747,0.25023314356803894,0.7946692705154419,0.24151396751403809
YBR237W,YAL053W,0,3.1561174,0.25015538930892944,0.7946692705154419,0.24161410331726074
YDR288W,YGR188C,0,3.155922,0.25007766485214233,0.7946692705154419,0.2417142242193222
YJL106W,YNL188W,0,3.1558998,0.25,0.7946692705154419,0.24181436002254486
YDR386W,YKR095W,1,3.1555026,0.25023284554481506,0.7956564426422119,0.24181436002254486
YMR223W,YDR093W,0,3.155437,0.25015518069267273,0.7956564426422119,0.24191449582576752
YMR223W,YPL186C,0,3.1542776,0.25007757544517517,0.7956564426422119,0.24201461672782898
YLR356W,YKL108W,0,3.1539054,0.25,0.7956564426422119,0.24211475253105164
YER133W,YOR174W,0,3.1535985,0.2499224841594696,0.7956564426422119,0.2422148734331131
YDR424C,YNL077W,0,3.1532297,0.2498450130224228,0.7956564426422119,0.24231500923633575
YNL206C,YPL089C,0,3.1528282,0.24976758658885956,0.7956564426422119,0.2424151450395584
YGR054W,YHR044C,0,3.1526732,0.2496902048587799,0.7956564426422119,0.24251526594161987
YDR536W,YMR201C,0,3.1522582,0.24961288273334503,0.7956564426422119,0.24261540174484253
YCL063W,YDR169C,0,3.1513226,0.24953560531139374,0.7956564426422119,0.24271553754806519
YLR192C,YMR127C,0,3.1511173,0.24945837259292603,0.7956564426422119,0.24281565845012665
YDR386W,YMR048W,1,3.1508584,0.24969059228897095,0.7966436147689819,0.24281565845012665
YIL171W,YHR052W,0,3.1506603,0.24961335957050323,0.7966436147689819,0.2429157942533493
YBR092C,YNL188W,0,3.1495242,0.2495361715555191,0.7966436147689819,0.24301591515541077
YGR189C,YDR298C,0,3.1493342,0.24945904314517975,0.7966436147689819,0.24311605095863342
YML005W,YER111C,0,3.1491265,0.24938195943832397,0.7966436147689819,0.24321618676185608
YGR106C,YPL031C,0,3.148848,0.2493049055337906,0.7966436147689819,0.24331630766391754
YBR055C,YLR035C-A,0,3.1480625,0.24922791123390198,0.7966436147689819,0.2434164434671402
YDR046C,YCL059C,0,3.1471906,0.24915097653865814,0.7966436147689819,0.24351656436920166
YIL084C,YBR122C,0,3.1471553,0.2490740716457367,0.7966436147689819,0.24361670017242432
YBR160W,YOL125W,0,3.1463609,0.24899722635746002,0.7966436147689819,0.24371683597564697
YNL146W,YPL090C,0,3.145977,0.24892042577266693,0.7966436147689819,0.24381695687770844
YJR160C,YGL090W,0,3.1456952,0.24884366989135742,0.7966436147689819,0.2439170926809311
YDL138W,YBR213W,0,3.1448195,0.2487669587135315,0.7966436147689819,0.24401722848415375
YNL218W,YHR129C,0,3.1437142,0.24869029223918915,0.7966436147689819,0.2441173493862152
YDL069C,YKL181W,0,3.1426952,0.24861368536949158,0.7966436147689819,0.24421748518943787
YNL299W,YGL127C,1,3.142028,0.24884508550167084,0.797630786895752,0.24421748518943787
YLR035C-A,YGR061C,0,3.141358,0.24876847863197327,0.797630786895752,0.24431760609149933
YLR096W,YOL092W,0,3.1413512,0.24869190156459808,0.797630786895752,0.24441774189472198
YFL036W,YLR154C,0,3.141117,0.24861538410186768,0.797630786895752,0.24451787769794464
YDL130W,YJL108C,0,3.1405053,0.24853891134262085,0.797630786895752,0.2446179986000061
YJR006W,YML011C,1,3.1398451,0.24876998364925385,0.798617959022522,0.2446179986000061
YJR139C,YMR312W,0,3.1396067,0.24869351089000702,0.798617959022522,0.24471813440322876
YBL106C,YKL164C,0,3.139185,0.24861708283424377,0.798617959022522,0.24481827020645142
YOR046C,YOL133W,0,3.1369195,0.2485406994819641,0.798617959022522,0.24491839110851288
YHR021C,YEL065W,0,3.135831,0.24846437573432922,0.798617959022522,0.24501852691173553
YMR100W,YJL170C,0,3.1355844,0.24838808178901672,0.798617959022522,0.245118647813797
YLR035C,YML095C,1,3.135473,0.24861878156661987,0.799605131149292,0.245118647813797
YBL017C,YPL231W,0,3.1340523,0.24854250252246857,0.799605131149292,0.24521878361701965
YDR032C,YDR330W,0,3.1333575,0.24846625328063965,0.799605131149292,0.2453189194202423
YDR448W,YCR028C,0,3.1322486,0.2483900636434555,0.799605131149292,0.24541904032230377
YPL258C,YGL123W,0,3.1320572,0.24831391870975494,0.799605131149292,0.24551917612552643
YDR065W,YBR009C,0,3.1315677,0.24823781847953796,0.799605131149292,0.24561931192874908
YHL024W,YGL205W,0,3.1313353,0.24816176295280457,0.799605131149292,0.24571943283081055
YOR347C,YEL016C,0,3.131293,0.24808575212955475,0.799605131149292,0.2458195686340332
YPR096C,YDR368W,0,3.1310701,0.2480098009109497,0.799605131149292,0.24591968953609467
YHR206W,YBR122C,0,3.1302128,0.24793387949466705,0.799605131149292,0.24601982533931732
YGL090W,YDR130C,0,3.1300359,0.24785801768302917,0.799605131149292,0.24611996114253998
YMR139W,YER164W,0,3.1298075,0.24778220057487488,0.799605131149292,0.24622008204460144
YKL218C,YBR035C,0,3.1294022,0.24770642817020416,0.799605131149292,0.2463202178478241
YMR130W,YMR311C,0,3.1292531,0.24763070046901703,0.799605131149292,0.24642035365104675
YNL158W,YDL008W,0,3.1282225,0.24755501747131348,0.799605131149292,0.24652047455310822
YGR104C,YMR026C,0,3.1267557,0.2474793791770935,0.799605131149292,0.24662061035633087
YDR358W,YDR128W,0,3.12655,0.24740378558635712,0.799605131149292,0.24672073125839233
YOR346W,YNL246W,1,3.1264596,0.24763359129428864,0.800592303276062,0.24672073125839233
YJL221C,YDR239C,0,3.1264057,0.24755799770355225,0.800592303276062,0.246820867061615
YKL218C,YJL025W,0,3.1262686,0.24748244881629944,0.800592303276062,0.24692100286483765
YIL072W,YCR075C,0,3.1261125,0.2474069595336914,0.800592303276062,0.2470211237668991
YJL041W,YDL184C,0,3.1249928,0.24733150005340576,0.800592303276062,0.24712125957012177
YOR346W,YMR106C,1,3.1248374,0.24756097793579102,0.801579475402832,0.24712125957012177
YDL006W,YIL155C,0,3.1244984,0.24748551845550537,0.801579475402832,0.24722138047218323
YOR269W,YIL124W,0,3.1241674,0.2474101185798645,0.801579475402832,0.24732151627540588
YJL164C,YGL106W,0,3.123433,0.24733474850654602,0.801579475402832,0.24742165207862854
YDR050C,YKL017C,0,3.1212919,0.24725943803787231,0.801579475402832,0.24752177298069
YNL136W,YDR419W,1,3.121006,0.2474885880947113,0.802566647529602,0.24752177298069
YDR330W,YDR483W,0,3.1204114,0.2474132627248764,0.802566647529602,0.24762190878391266
YML124C,YPR081C,0,3.1201308,0.24733799695968628,0.802566647529602,0.24772204458713531
YDL080C,YCR028C,0,3.1199555,0.24726277589797974,0.802566647529602,0.24782216548919678
YEL064C,YLR381W,0,3.1196513,0.24718759953975677,0.802566647529602,0.24792230129241943
YKR104W,YMR224C,0,3.1194775,0.2471124678850174,0.802566647529602,0.2480224221944809
YPL101W,YNL115C,0,3.119408,0.2470373809337616,0.802566647529602,0.24812255799770355
YPL091W,YDR050C,0,3.119303,0.24696233868598938,0.802566647529602,0.2482226938009262
YCR010C,YNL096C,0,3.1185596,0.24688734114170074,0.802566647529602,0.24832281470298767
YGL227W,YDR320C,0,3.1165395,0.2468123883008957,0.802566647529602,0.24842295050621033
YER120W,YOL005C,0,3.1160274,0.24673748016357422,0.802566647529602,0.24852308630943298
YDR034C-C,YCL066W,0,3.115695,0.24666261672973633,0.802566647529602,0.24862320721149445
YDL080C,YJL158C,0,3.1156166,0.2465878129005432,0.802566647529602,0.2487233430147171
YOR151C,YJR068W,0,3.1154888,0.24651303887367249,0.802566647529602,0.24882346391677856
YML124C,YPL017C,0,3.1148572,0.24643830955028534,0.802566647529602,0.24892359972000122
YPL164C,YGR002C,1,3.1148572,0.24666666984558105,0.8035538196563721,0.24892359972000122
YPL022W,YDL059C,1,3.1146069,0.24689488112926483,0.8045409917831421,0.24892359972000122
YBR082C,YGR189C,0,3.1137035,0.2468201071023941,0.8045409917831421,0.24902373552322388
YJL046W,YFR037C,0,3.1135128,0.24674537777900696,0.8045409917831421,0.24912385642528534
YJR134C,YLR403W,0,3.1132674,0.2466707080602646,0.8045409917831421,0.249223992228508
YGR063C,YIL155C,0,3.1113858,0.2465960681438446,0.8045409917831421,0.24932412803173065
YOL064C,YBR231C,0,3.111174,0.2465214729309082,0.8045409917831421,0.24942424893379211
YBR240C,YNL248C,0,3.1109798,0.24644693732261658,0.8045409917831421,0.24952438473701477
YIR036C,YDL099W,0,3.1108418,0.24637243151664734,0.8045409917831421,0.24962450563907623
YIL160C,YKL212W,0,3.1091607,0.24629797041416168,0.8045409917831421,0.2497246414422989
YIL004C,YDR054C,0,3.1090074,0.2462235689163208,0.8045409917831421,0.24982477724552155
YJL048C,YPL258C,0,3.108742,0.2461491972208023,0.8045409917831421,0.249924898147583
YJR009C,YOR381W,0,3.10816,0.2460748851299286,0.8045409917831421,0.25002503395080566
YDR279W,YBL023C,0,3.1080313,0.24600060284137726,0.8045409917831421,0.2501251697540283
YIL172C,YKL154W,0,3.1076944,0.2459263801574707,0.8045409917831421,0.250225305557251
YGR008C,YER045C,0,3.1059663,0.24585218727588654,0.8045409917831421,0.25032541155815125
YLR142W,YOL005C,0,3.1045008,0.24577803909778595,0.8045409917831421,0.2504255473613739
YOR373W,YER044C,0,3.1033921,0.24570395052433014,0.8045409917831421,0.25052568316459656
YAL034W-A,YMR023C,0,3.1030552,0.24562989175319672,0.8045409917831421,0.2506258189678192
YDR170W-A,YJL102W,0,3.1015296,0.24555589258670807,0.8045409917831421,0.25072595477104187
YCL063W,YLR045C,0,3.1013188,0.2454819232225418,0.8045409917831421,0.25082606077194214
YER061C,YPL231W,0,3.1006732,0.24540801346302032,0.8045409917831421,0.2509261965751648
YDR334W,YHR099W,0,3.0995443,0.24533413350582123,0.8045409917831421,0.25102633237838745
YGL035C,YER180C,0,3.0990932,0.2452603131532669,0.8045409917831421,0.2511264681816101
YMR098C,YDR118W,0,3.098932,0.24518652260303497,0.8045409917831421,0.25122660398483276
YLR096W,YHL019C,0,3.0981884,0.24511277675628662,0.8045409917831421,0.25132670998573303
YDR501W,YLR237W,0,3.0981197,0.24503909051418304,0.8045409917831421,0.2514268457889557
YER179W,YBR114W,1,3.0978878,0.24526600539684296,0.8055281639099121,0.2514268457889557
YDR263C,YLR005W,1,3.0965047,0.24549278616905212,0.8065152764320374,0.2514268457889557
YNL325C,YER030W,0,3.096483,0.24541904032230377,0.8065152764320374,0.25152698159217834
YER061C,YMR221C,0,3.0947385,0.245345339179039,0.8065152764320374,0.251627117395401
YJL164C,YER184C,0,3.0946007,0.2452716827392578,0.8065152764320374,0.25172725319862366
YMR306W,YMR012W,0,3.0939198,0.2451980859041214,0.8065152764320374,0.2518273890018463
YER099C,YHR027C,0,3.0925813,0.24512451887130737,0.8065152764320374,0.2519274950027466
YGR063C,YGR220C,0,3.0922012,0.24505099654197693,0.8065152764320374,0.25202763080596924
YBL103C,YJR121W,0,3.0919886,0.24497750401496887,0.8065152764320374,0.2521277666091919
YMR080C,YBL088C,0,3.0918021,0.2449040710926056,0.8065152764320374,0.25222790241241455
YBL088C,YJR144W,1,3.0907683,0.24513036012649536,0.8075024485588074,0.25222790241241455
YMR173W,YER162C,1,3.0904007,0.2453565001487732,0.8084896206855774,0.25222790241241455
YJL221C,YCR040W,0,3.0903945,0.24528302252292633,0.8084896206855774,0.2523280382156372
YDL166C,YPL220W,0,3.0899,0.24520957469940186,0.8084896206855774,0.2524281442165375
YOR278W,YPL121C,0,3.0897236,0.24513618648052216,0.8084896206855774,0.25252828001976013
YDR071C,YER112W,0,3.0869617,0.24506284296512604,0.8084896206855774,0.2526284158229828
YOR046C,YLR304C,0,3.0869105,0.2449895292520523,0.8084896206855774,0.25272855162620544
YJL125C,YLR120C,0,3.0868435,0.24491627514362335,0.8084896206855774,0.2528286874294281
YGR056W,YJL127C,1,3.0847502,0.24514199793338776,0.8094767928123474,0.2528286874294281
YBR048W,YCR028C,0,3.084366,0.2450687438249588,0.8094767928123474,0.25292879343032837
YMR042W,YGR001C,0,3.0841832,0.24499551951885223,0.8094767928123474,0.253028929233551
YOL123W,YGL155W,0,3.0830193,0.24492233991622925,0.8094767928123474,0.2531290650367737
YML015C,YOL117W,0,3.0826392,0.24484920501708984,0.8094767928123474,0.25322920083999634
YDL138W,YBR289W,0,3.0825915,0.24477611482143402,0.8094767928123474,0.253329336643219
YIR014W,YER153C,0,3.0818074,0.24470306932926178,0.8094767928123474,0.25342947244644165
YPR049C,YOR396W,0,3.0812335,0.24463006854057312,0.8094767928123474,0.2535295784473419
YHL044W,YPL026C,0,3.080665,0.24455711245536804,0.8094767928123474,0.2536297142505646
YER174C,YIL112W,0,3.0798602,0.24448420107364655,0.8094767928123474,0.25372985005378723
YDL210W,YLR120C,0,3.079779,0.24441131949424744,0.8094767928123474,0.2538299858570099
YDR520C,YOR369C,0,3.0795517,0.2443384975194931,0.8094767928123474,0.25393012166023254
YAL020C,YMR128W,0,3.0788226,0.24426572024822235,0.8094767928123474,0.2540302276611328
YDL033C,YJL121C,0,3.0786667,0.244192972779274,0.8094767928123474,0.25413036346435547
YGL106W,YCR054C,0,3.077931,0.2441202700138092,0.8094767928123474,0.2542304992675781
YPL177C,YDR507C,0,3.0778666,0.244047611951828,0.8094767928123474,0.2543306350708008
YDL007W,YLR221C,0,3.0771885,0.24397501349449158,0.8094767928123474,0.25443077087402344
YHL044W,YDR479C,0,3.0766635,0.24390244483947754,0.8094767928123474,0.2545308768749237
YCR072C,YKL140W,0,3.075207,0.24382992088794708,0.8094767928123474,0.25463101267814636
YMR070W,YPL177C,0,3.0744662,0.243757426738739,0.8094767928123474,0.254731148481369
YPL157W,YML091C,0,3.0743947,0.24368499219417572,0.8094767928123474,0.2548312842845917
YOR116C,YKL179C,0,3.0737653,0.243612602353096,0.8094767928123474,0.25493142008781433
YGL135W,YPL258C,0,3.0735135,0.24354024231433868,0.8094767928123474,0.255031555891037
YOR384W,YDR036C,0,3.073465,0.24346792697906494,0.8094767928123474,0.25513166189193726
YKL143W,YLR121C,0,3.0731633,0.24339567124843597,0.8094767928123474,0.2552317976951599
YMR247C,YGR124W,0,3.072293,0.2433234453201294,0.8094767928123474,0.25533193349838257
YDR107C,YGR071C,0,3.072191,0.2432512640953064,0.8094767928123474,0.2554320693016052
YOR116C,YMR289W,0,3.071464,0.24317912757396698,0.8094767928123474,0.2555322051048279
YKL088W,YER161C,0,3.0709484,0.24310702085494995,0.8094767928123474,0.25563231110572815
YDR079C-A,YER162C,1,3.0695238,0.24333135783672333,0.8104639649391174,0.25563231110572815
YBR175W,YGL003C,0,3.0688074,0.2432592660188675,0.8104639649391174,0.2557324469089508
YPR096C,YMR150C,0,3.0687342,0.24318720400333405,0.8104639649391174,0.25583258271217346
YOR308C,YDL033C,0,3.068343,0.24311518669128418,0.8104639649391174,0.2559327185153961
YDL129W,YGR279C,0,3.068261,0.2430432140827179,0.8104639649391174,0.2560328543186188
YMR247C,YIL160C,0,3.0667315,0.2429712861776352,0.8104639649391174,0.25613296031951904
YDR279W,YFR007W,0,3.0664167,0.24289940297603607,0.8104639649391174,0.2562330961227417
YOR368W,YMR167W,1,3.0653634,0.24312333762645721,0.8114511370658875,0.2562330961227417
YPL031C,YDL030W,0,3.064373,0.2430514544248581,0.8114511370658875,0.25633323192596436
YOL018C,YDL095W,0,3.0641274,0.24297960102558136,0.8114511370658875,0.256433367729187
YBL061C,YDR330W,0,3.0638227,0.2429078072309494,0.8114511370658875,0.25653350353240967
YCR094W,YNL325C,0,3.0621724,0.24283604323863983,0.8114511370658875,0.25663360953330994
YLR158C,YJL121C,0,3.061991,0.24276432394981384,0.8114511370658875,0.2567337453365326
YKL011C,YHR207C,0,3.0615706,0.24269264936447144,0.8114511370658875,0.25683388113975525
YLR038C,YAL003W,0,3.0615082,0.2426210194826126,0.8114511370658875,0.2569340169429779
YEL059C-A,YDL184C,0,3.0612168,0.24254941940307617,0.8114511370658875,0.25703415274620056
YDR182W,YIL153W,1,3.0610518,0.24277286231517792,0.8124383091926575,0.25703415274620056
YOR096W,YDL195W,0,3.0608559,0.24270126223564148,0.8124383091926575,0.2571342885494232
YPL121C,YIL136W,0,3.0597868,0.24262972176074982,0.8124383091926575,0.2572343945503235
YLR096W,YIL090W,0,3.0595367,0.24255821108818054,0.8124383091926575,0.25733453035354614
YBL106C,YKL017C,0,3.059441,0.24248674511909485,0.8124383091926575,0.2574346661567688
YLR035C-A,YMR152W,0,3.0592542,0.24241532385349274,0.8124383091926575,0.25753480195999146
YOR326W,YHR011W,0,3.0587144,0.242343932390213,0.8124383091926575,0.2576349377632141
YBL093C,YIL101C,0,3.0586195,0.24227260053157806,0.8124383091926575,0.2577350437641144
YNL158W,YOR386W,0,3.0583463,0.2422012984752655,0.8124383091926575,0.25783517956733704
YOL064C,YGL059W,0,3.0580015,0.24213004112243652,0.8124383091926575,0.2579353153705597
YKL109W,YJL189W,0,3.057754,0.24205882847309113,0.8124383091926575,0.25803545117378235
YJL219W,YEL058W,0,3.0576606,0.24198764562606812,0.8124383091926575,0.258135586977005
YDL065C,YKR009C,0,3.0563283,0.24191652238368988,0.8124383091926575,0.2582356929779053
YJR134C,YDL082W,0,3.0561523,0.24184542894363403,0.8124383091926575,0.25833582878112793
YBR097W,YGR124W,0,3.0561502,0.24177438020706177,0.8124383091926575,0.2584359645843506
YDL115C,YFL044C,0,3.0557327,0.24170337617397308,0.8124383091926575,0.25853610038757324
YOR174W,YHR099W,0,3.0556614,0.24163241684436798,0.8124383091926575,0.2586362361907959
YOR384W,YJR009C,0,3.055132,0.24156148731708527,0.8124383091926575,0.25873637199401855
YDL136W,YJR001W,0,3.0544698,0.24149061739444733,0.8124383091926575,0.2588364779949188
YPL148C,YDR169C,0,3.0535357,0.24141977727413177,0.8124383091926575,0.2589366137981415
YMR036C,YDR093W,0,3.052984,0.2413489669561386,0.8124383091926575,0.25903674960136414
YGL136C,YNL310C,0,3.0523458,0.24127821624279022,0.8124383091926575,0.2591368854045868
YKL213C,YOL004W,1,3.0521026,0.241500586271286,0.8134254813194275,0.2591368854045868
YPL148C,YGL155W,0,3.0520914,0.24142982065677643,0.8134254813194275,0.25923702120780945
YDL210W,YOR127W,0,3.0519853,0.24135911464691162,0.8134254813194275,0.2593371272087097
YNR008W,YLR221C,0,3.05149,0.2412884384393692,0.8134254813194275,0.2594372630119324
YAR007C,YJR059W,0,3.0494385,0.24121779203414917,0.8134254813194275,0.25953739881515503
YMR307W,YDL115C,0,3.048922,0.2411472052335739,0.8134254813194275,0.2596375346183777
YHL040C,YIL026C,0,3.0475059,0.24107664823532104,0.8134254813194275,0.25973767042160034
YJL081C,YDR159W,1,3.047317,0.2412986308336258,0.8144126534461975,0.25973767042160034
YNL207W,YNL136W,0,3.0463178,0.24122807383537292,0.8144126534461975,0.2598377764225006
YOR096W,YKL116C,0,3.0457337,0.24115756154060364,0.8144126534461975,0.25993791222572327
YDR420W,YER164W,0,3.0450397,0.24108707904815674,0.8144126534461975,0.2600380480289459
YOL005C,YLR237W,0,3.04483,0.24101665616035461,0.8144126534461975,0.2601381838321686
YLR439W,YOL147C,0,3.0441673,0.24094626307487488,0.8144126534461975,0.26023831963539124
YBL060W,YMR302C,0,3.042752,0.24087591469287872,0.8144126534461975,0.2603384256362915
YOR373W,YGL141W,0,3.042488,0.24080561101436615,0.8144126534461975,0.26043856143951416
YLR032W,YKR030W,0,3.0419798,0.24073533713817596,0.8144126534461975,0.2605386972427368
YCR077C,YDR523C,0,3.039433,0.24066510796546936,0.8144126534461975,0.2606388330459595
YKL178C,YBL090W,0,3.0390034,0.24059492349624634,0.8144126534461975,0.26073896884918213
YER174C,YHR147C,0,3.0389154,0.2405247837305069,0.8144126534461975,0.2608391046524048
YJR009C,YBL057C,0,3.0378516,0.24045467376708984,0.8144126534461975,0.26093921065330505
YJL164C,YJL062W,0,3.037449,0.24038460850715637,0.8144126534461975,0.2610393464565277
YMR017W,YER045C,0,3.0369165,0.24031458795070648,0.8144126534461975,0.26113948225975037
YDL069C,YAL008W,0,3.0368812,0.24024461209774017,0.8144126534461975,0.261239618062973
YLR430W,YNL135C,0,3.0366411,0.24017466604709625,0.8144126534461975,0.2613397538661957
YDL115C,YGR194C,0,3.0362024,0.2401047796010971,0.8144126534461975,0.26143985986709595
YLR418C,YOR347C,0,3.0360763,0.24003490805625916,0.8144126534461975,0.2615399956703186
YOL133W,YBL021C,0,3.03444,0.23996509611606598,0.8144126534461975,0.26164013147354126
YCR039C,YGR124W,0,3.033718,0.2398953139781952,0.8144126534461975,0.2617402672767639
YOR066W,YJR022W,0,3.033643,0.23982557654380798,0.8144126534461975,0.2618404030799866
YDR096W,YER161C,0,3.0335782,0.23975588381290436,0.8144126534461975,0.26194050908088684
YOR384W,YER061C,0,3.0333736,0.23968623578548431,0.8144126534461975,0.2620406448841095
YBL088C,YDR086C,0,3.0326872,0.23961661756038666,0.8144126534461975,0.26214078068733215
YAR018C,YDR421W,0,3.032674,0.23954704403877258,0.8144126534461975,0.2622409164905548
YGR047C,YOR391C,0,3.0325615,0.2394775003194809,0.8144126534461975,0.26234105229377747
YBR289W,YDR182W,1,3.0324478,0.23969820141792297,0.8153998255729675,0.26234105229377747
YDR400W,YDR421W,0,3.0318646,0.2396286576986313,0.8153998255729675,0.2624411880970001
YMR257C,YJR135C,0,3.0317988,0.23955915868282318,0.8153998255729675,0.2625412940979004
YDL204W,YHR023W,0,3.0312202,0.23948970437049866,0.8153998255729675,0.26264142990112305
YDR130C,YIL124W,0,3.030554,0.23942029476165771,0.8153998255729675,0.2627415657043457
YDR270W,YMR023C,0,3.0298193,0.23935091495513916,0.8153998255729675,0.26284170150756836
YKR104W,YBL023C,0,3.0294359,0.2392815798521042,0.8153998255729675,0.262941837310791
YDR456W,YOR224C,0,3.0284333,0.2392122745513916,0.8153998255729675,0.2630419433116913
YLR288C,YDR092W,1,3.026852,0.23943254351615906,0.8163869976997375,0.2630419433116913
YDR465C,YDR520C,0,3.026772,0.23936323821544647,0.8163869976997375,0.26314207911491394
YNL049C,YOR269W,0,3.0258722,0.23929397761821747,0.8163869976997375,0.2632422149181366
YJR075W,YOL072W,0,3.0243979,0.23922476172447205,0.8163869976997375,0.26334235072135925
YMR314W,YPL048W,0,3.024307,0.239155575633049,0.8163869976997375,0.2634424865245819
YLR142W,YJR143C,0,3.0242193,0.23908643424510956,0.8163869976997375,0.2635425925254822
YKL198C,YPL103C,0,3.0232086,0.2390173375606537,0.8163869976997375,0.26364272832870483
YLR127C,YPR036W,0,3.0221088,0.2389482855796814,0.8163869976997375,0.2637428641319275
YOR381W,YDL099W,0,3.0214815,0.2388792634010315,0.8163869976997375,0.26384299993515015
YGR104C,YCR098C,0,3.020979,0.23881028592586517,0.8163869976997375,0.2639431357383728
YNL218W,YPL160W,0,3.0189743,0.23874133825302124,0.8163869976997375,0.26404324173927307
YGL136C,YER110C,0,3.0188937,0.2386724352836609,0.8163869976997375,0.2641433775424957
YMR257C,YNL166C,0,3.018806,0.23860357701778412,0.8163869976997375,0.2642435133457184
YNL331C,YLR327C,0,3.0182254,0.23853476345539093,0.8163869976997375,0.26434364914894104
YOL067C,YMR314W,0,3.018015,0.23846597969532013,0.8163869976997375,0.2644437849521637
YGL168W,YAL035W,0,3.01685,0.23839722573757172,0.8163869976997375,0.26454392075538635
YOR332W,YBL055C,0,3.016763,0.23832853138446808,0.8163869976997375,0.2646440267562866
YBR240C,YPL103C,0,3.016359,0.23825986683368683,0.8163869976997375,0.2647441625595093
YKR105C,YPL153C,0,3.0152974,0.23819124698638916,0.8163869976997375,0.26484429836273193
YCL075W,YLR099C,0,3.0149956,0.23812265694141388,0.8163869976997375,0.2649444341659546
YGR002C,YLR207W,0,3.0147414,0.23805411159992218,0.8163869976997375,0.26504456996917725
YMR026C,YLR327C,0,3.0146203,0.23798561096191406,0.8163869976997375,0.2651446759700775
YLR266C,YFL044C,0,3.0143912,0.23791714012622833,0.8163869976997375,0.26524481177330017
YDL195W,YHL036W,0,3.0140965,0.23784871399402618,0.8163869976997375,0.2653449475765228
YBR272C,YKR056W,1,3.0140405,0.2380678504705429,0.8173741102218628,0.2653449475765228
YFL041W,YPR192W,0,3.0139873,0.23799942433834076,0.8173741102218628,0.2654450833797455
YBR264C,YNL218W,0,3.0138927,0.237931028008461,0.8173741102218628,0.26554521918296814
YAR015W,YLR121C,0,3.0136423,0.23786267638206482,0.8173741102218628,0.2656453251838684
YJR097W,YFL037W,0,3.0134163,0.23779436945915222,0.8173741102218628,0.26574546098709106
YBR176W,YNL244C,0,3.0128388,0.237726092338562,0.8173741102218628,0.2658455967903137
YFR032C-A,YBR156C,0,3.0125558,0.23765785992145538,0.8173741102218628,0.2659457325935364
YBR082C,YGR279C,0,3.0125184,0.23758967220783234,0.8173741102218628,0.26604586839675903
YGL157W,YJL109C,0,3.012313,0.23752151429653168,0.8173741102218628,0.2661460041999817
YNL210W,YOR244W,0,3.0121431,0.2374534010887146,0.8173741102218628,0.26624611020088196
YGL173C,YBL093C,0,3.011005,0.2373853176832199,0.8173741102218628,0.2663462460041046
YCR092C,YER171W,1,3.0096998,0.23760390281677246,0.8183612823486328,0.2663462460041046
YAR044W,YLR176C,0,3.0086312,0.23753581941127777,0.8183612823486328,0.26644638180732727
YNL128W,YKL108W,0,3.0080853,0.23746778070926666,0.8183612823486328,0.2665465176105499
YER184C,YLR430W,0,3.006441,0.23739977180957794,0.8183612823486328,0.2666466534137726
YLR127C,YER044C,0,3.0059953,0.2373318076133728,0.8183612823486328,0.26674675941467285
YJL008C,YLR010C,0,3.0041728,0.23726388812065125,0.8183612823486328,0.2668468952178955
YBL078C,YMR282C,0,3.0036683,0.23719599843025208,0.8183612823486328,0.26694703102111816
YGL106W,YOL056W,0,3.002762,0.2371281534433365,0.8183612823486328,0.2670471668243408
YDR288W,YHR081W,1,3.0023172,0.23734629154205322,0.8193484544754028,0.2670471668243408
YHR031C,YAR018C,0,3.0019221,0.23727844655513763,0.8193484544754028,0.2671473026275635
YMR016C,YPR122W,0,3.0008473,0.23721063137054443,0.8193484544754028,0.26724740862846375
YGR058W,YGL185C,0,3.000484,0.23714286088943481,0.8193484544754028,0.2673475444316864
YML037C,YGL084C,0,2.9994624,0.23707512021064758,0.8193484544754028,0.26744768023490906
YFR037C,YCR037C,0,2.9980896,0.23700742423534393,0.8193484544754028,0.2675478160381317
YIL171W,YJL136C,0,2.9975014,0.23693977296352386,0.8193484544754028,0.26764795184135437
YBR264C,YER140W,0,2.9971526,0.23687215149402618,0.8193484544754028,0.26774805784225464
YDR170W-A,YDR380W,0,2.996651,0.2368045598268509,0.8193484544754028,0.2678481936454773
YOR290C,YGR194C,0,2.9966183,0.23673702776432037,0.8193484544754028,0.26794832944869995
YGL128C,YMR188C,0,2.9956079,0.23666952550411224,0.8193484544754028,0.2680484652519226
YDL138W,YDR390C,0,2.9949598,0.2366020530462265,0.8193484544754028,0.26814860105514526
YJL041W,YDR534C,0,2.9934347,0.23653462529182434,0.8193484544754028,0.2682487368583679
YOR257W,YGR162W,0,2.9933949,0.23646724224090576,0.8193484544754028,0.2683488428592682
YNL061W,YBL074C,0,2.9933782,0.23639988899230957,0.8193484544754028,0.26844897866249084
YDR379W,YMR163C,0,2.9922485,0.23633258044719696,0.8193484544754028,0.2685491144657135
YJL170C,YCR047C,0,2.992215,0.23626530170440674,0.8193484544754028,0.26864925026893616
YDL127W,YBR097W,0,2.9920235,0.2361980676651001,0.8193484544754028,0.2687493860721588
YGL178W,YKL059C,0,2.9918125,0.23613086342811584,0.8193484544754028,0.2688494920730591
YAL043C,YJL106W,0,2.99158,0.23606370389461517,0.8193484544754028,0.26894962787628174
YEL064C,YJL106W,0,2.9913936,0.23599658906459808,0.8193484544754028,0.2690497636795044
YAL043C,YGR241C,0,2.9901097,0.23592950403690338,0.8193484544754028,0.26914989948272705
YPL194W,YBR213W,0,2.9899292,0.23586246371269226,0.8193484544754028,0.2692500352859497
YHR105W,YGR189C,0,2.9898458,0.23579545319080353,0.8193484544754028,0.26935014128685
YBR123C,YDL065C,0,2.9897776,0.23572848737239838,0.8193484544754028,0.26945027709007263
YDR379W,YHR117W,0,2.9894476,0.2356615513563156,0.8193484544754028,0.2695504128932953
YOR384W,YDR118W,0,2.98919,0.23559466004371643,0.8193484544754028,0.26965054869651794
YIR014W,YBR205W,0,2.9888115,0.23552781343460083,0.8193484544754028,0.2697506844997406
YDL080C,YPL153C,0,2.9885874,0.23546099662780762,0.8193484544754028,0.26985082030296326
YJL102W,YHR010W,0,2.9884238,0.2353942096233368,0.8193484544754028,0.2699509263038635
YBR198C,YLR427W,0,2.9879472,0.23532746732234955,0.8193484544754028,0.2700510621070862
YPL281C,YPL159C,0,2.9875786,0.2352607697248459,0.8193484544754028,0.27015119791030884
YHR206W,YLR074C,0,2.9870684,0.2351941019296646,0.8193484544754028,0.2702513337135315
YCL027W,YML091C,0,2.986615,0.23512747883796692,0.8193484544754028,0.27035146951675415
YLR090W,YCL061C,0,2.9859662,0.2350608855485916,0.8193484544754028,0.2704515755176544
YLR370C,YDL143W,0,2.985785,0.2349943369626999,0.8193484544754028,0.2705517113208771
YKL173W,YGL147C,0,2.9839373,0.23492781817913055,0.8193484544754028,0.27065184712409973
YOR257W,YPL214C,0,2.982921,0.2348613440990448,0.8193484544754028,0.2707519829273224
YLR005W,YLR394W,1,2.9820375,0.23507779836654663,0.8203356266021729,0.2707519829273224
YIL074C,YMR122W-A,0,2.9814057,0.23501130938529968,0.8203356266021729,0.27085211873054504
YKL032C,YEL056W,1,2.981374,0.23522759974002838,0.8213227987289429,0.27085211873054504
YLR373C,YIR002C,0,2.9804676,0.23516111075878143,0.8213227987289429,0.2709522247314453
YJR052W,YKL017C,1,2.9803119,0.2353772222995758,0.8223099708557129,0.2709522247314453
YDR265W,YLR097C,0,2.979436,0.23531073331832886,0.8223099708557129,0.27105236053466797
YAR044W,YIR009W,0,2.978524,0.2352442741394043,0.8223099708557129,0.2711524963378906
YDL127W,YBL069W,0,2.977676,0.23517785966396332,0.8223099708557129,0.2712526321411133
YMR006C,YGR008C,0,2.9776573,0.23511148989200592,0.8223099708557129,0.27135276794433594
YHR027C,YLL038C,0,2.977653,0.2350451499223709,0.8223099708557129,0.2714528739452362
YHR013C,YKR050W,0,2.9773993,0.2349788397550583,0.8223099708557129,0.27155300974845886
YDR030C,YJL127C,1,2.9768262,0.23519457876682281,0.8232971429824829,0.27155300974845886
YLL009C,YEL054C,0,2.9767063,0.2351282835006714,0.8232971429824829,0.2716531455516815
YGL035C,YML095C,0,2.9765005,0.23506200313568115,0.8232971429824829,0.2717532813549042
YER027C,YDR088C,0,2.9752033,0.2349957674741745,0.8232971429824829,0.27185341715812683
YLR418C,YDR283C,0,2.9741242,0.23492957651615143,0.8232971429824829,0.2719535529613495
YOL072W,YDR166C,0,2.973335,0.23486341536045074,0.8232971429824829,0.27205365896224976
YMR211W,YLR385C,0,2.9730034,0.23479729890823364,0.8232971429824829,0.2721537947654724
YOL065C,YOL018C,0,2.9725986,0.23473121225833893,0.8232971429824829,0.27225393056869507
YDR030C,YBR136W,1,2.9724817,0.23494653403759003,0.8242843151092529,0.27225393056869507
YDL130W,YJL102W,0,2.9720047,0.2348804473876953,0.8242843151092529,0.2723540663719177
YIL078W,YJR059W,0,2.9709313,0.23481440544128418,0.8242843151092529,0.2724542021751404
YMR217W,YLR356W,0,2.9704065,0.23474837839603424,0.8242843151092529,0.27255430817604065
YER007W,YHR129C,0,2.9698567,0.23468241095542908,0.8242843151092529,0.2726544439792633
YKL025C,YMR190C,1,2.9687154,0.2348974496126175,0.825271487236023,0.2726544439792633
YLR446W,YLR014C,0,2.9682064,0.23483146727085114,0.825271487236023,0.27275457978248596
YNL330C,YCR075C,0,2.967744,0.23476551473140717,0.825271487236023,0.2728547155857086
YLR090W,YMR224C,0,2.9655964,0.23469960689544678,0.825271487236023,0.2729548513889313
YDR170W-A,YHR117W,0,2.962854,0.23463372886180878,0.825271487236023,0.27305495738983154
YAL021C,YGL251C,0,2.9628177,0.23456789553165436,0.825271487236023,0.2731550931930542
YDR425W,YDL007W,0,2.9624908,0.23450210690498352,0.825271487236023,0.27325522899627686
YDR011W,YDR044W,0,2.9606175,0.23443634808063507,0.825271487236023,0.2733553647994995
YGL089C,YER147C,0,2.9602609,0.234370619058609,0.825271487236023,0.27345550060272217
YBR156C,YGR002C,0,2.9599676,0.23430493474006653,0.825271487236023,0.2735556364059448
YJR110W,YPL281C,0,2.9587464,0.23423928022384644,0.825271487236023,0.2736557424068451
YMR130W,YHL024W,0,2.9587226,0.23417367041110992,0.825271487236023,0.27375587821006775
YOL065C,YMR306W,0,2.95864,0.2341080904006958,0.825271487236023,0.2738560140132904
YNR027W,YMR184W,0,2.9577394,0.23404255509376526,0.825271487236023,0.27395614981651306
YGR279C,YOR211C,0,2.95747,0.2339770495891571,0.825271487236023,0.2740562856197357
YDL200C,YPL022W,1,2.9573202,0.2341913878917694,0.826258659362793,0.2740562856197357
YBR158W,YCR040W,0,2.9569895,0.23412586748600006,0.826258659362793,0.274156391620636
YCL061C,YJR143C,0,2.9562793,0.2340604066848755,0.826258659362793,0.27425652742385864
YHR167W,YGL227W,0,2.9562407,0.2339949607849121,0.826258659362793,0.2743566632270813
YLR106C,YGR076C,0,2.9562035,0.2339295744895935,0.826258659362793,0.27445679903030396
YLL009C,YGR075C,0,2.9560323,0.2338642030954361,0.826258659362793,0.2745569348335266
YJL165C,YBR040W,0,2.9557514,0.23379887640476227,0.826258659362793,0.2746570408344269
YGL128C,YDL190C,0,2.954988,0.23373359441757202,0.826258659362793,0.27475717663764954
YIL171W,YOR043W,0,2.9548798,0.23366834223270416,0.826258659362793,0.2748573124408722
YDR531W,YBR050C,0,2.953961,0.2336031198501587,0.826258659362793,0.27495744824409485
YHR028C,YFR008W,0,2.9538326,0.2335379421710968,0.826258659362793,0.2750575840473175
YMR088C,YEL038W,0,2.953271,0.2334728091955185,0.826258659362793,0.27515771985054016
YAR019C,YDR466W,0,2.9527802,0.23340769112110138,0.826258659362793,0.27525782585144043
YCL047C,YDR054C,0,2.950943,0.23334263265132904,0.826258659362793,0.2753579616546631
YDR013W,YLR433C,0,2.9509296,0.2332775890827179,0.826258659362793,0.27545809745788574
YBL057C,YPL155C,0,2.9507687,0.23321259021759033,0.826258659362793,0.2755582332611084
YML077W,YEL058W,0,2.9505932,0.23314763605594635,0.826258659362793,0.27565836906433105
YCR037C,YMR017W,0,2.9499178,0.23308271169662476,0.826258659362793,0.2757584750652313
YDR381W,YBR160W,1,2.9495568,0.2332962155342102,0.827245831489563,0.2757584750652313
YJL056C,YDR390C,0,2.948822,0.23323127627372742,0.827245831489563,0.275858610868454
YMR316W,YBR264C,0,2.9484813,0.2331663817167282,0.827245831489563,0.27595874667167664
YIL109C,YMR247C,0,2.948229,0.23310153186321259,0.827245831489563,0.2760588824748993
YDR242W,YOL071W,0,2.9482038,0.23303671181201935,0.827245831489563,0.27615901827812195
YGL222C,YDL110C,0,2.9479792,0.2329719215631485,0.827245831489563,0.2762591242790222
YML040W,YBL082C,0,2.947946,0.23290717601776123,0.827245831489563,0.2763592600822449
YGR002C,YLR288C,1,2.9477944,0.23312030732631683,0.8282329440116882,0.2763592600822449
YPL019C,YOL120C,0,2.9477372,0.23305556178092957,0.8282329440116882,0.27645939588546753
YGL232W,YIL084C,0,2.9473162,0.2329908311367035,0.8282329440116882,0.2765595316886902
YAL043C,YLR121C,0,2.9466796,0.232926145195961,0.8282329440116882,0.27665966749191284
YLR418C,YOL071W,0,2.946566,0.2328615039587021,0.8282329440116882,0.2767597734928131
YOL117W,YER089C,0,2.9453406,0.23279689252376556,0.8282329440116882,0.27685990929603577
YHR099W,YHR154W,1,2.9451492,0.2330097109079361,0.8292201161384583,0.27685990929603577
YIL078W,YPL172C,0,2.9443052,0.23294508457183838,0.8292201161384583,0.2769600450992584
YJR160C,YNL098C,0,2.9439123,0.23288050293922424,0.8292201161384583,0.2770601809024811
YOR278W,YHR023W,0,2.9435816,0.2328159660100937,0.8292201161384583,0.27716031670570374
YDR510W,YBL090W,0,2.9435773,0.23275145888328552,0.8292201161384583,0.2772604525089264
YMR285C,YCL066W,0,2.9434323,0.23268698155879974,0.8292201161384583,0.27736055850982666
YJR089W,YDR116C,0,2.9426124,0.23262254893779755,0.8292201161384583,0.2774606943130493
YLR090W,YMR023C,0,2.9420128,0.23255814611911774,0.8292201161384583,0.277560830116272
YBL024W,YPR070W,0,2.941877,0.23249377310276031,0.8292201161384583,0.27766096591949463
YPL068C,YDL065C,0,2.9408083,0.23242944478988647,0.8292201161384583,0.2777611017227173
YFR003C,YOR356W,0,2.9404595,0.23236514627933502,0.8292201161384583,0.27786120772361755
YBR158W,YIL084C,0,2.9398227,0.23230087757110596,0.8292201161384583,0.2779613435268402
YOL034W,YKL113C,1,2.9392972,0.23251312971115112,0.8302072882652283,0.2779613435268402
YDL043C,YOL077C,0,2.9385571,0.23244886100292206,0.8302072882652283,0.27806147933006287
YDR390C,YML081C-A,0,2.9375598,0.23238463699817657,0.8302072882652283,0.2781616151332855
YMR163C,YOL120C,0,2.9373398,0.23232044279575348,0.8302072882652283,0.2782617509365082
YDR263C,YDL059C,1,2.93712,0.23253245651721954,0.8311944603919983,0.2782617509365082
YHR207C,YOR044W,0,2.9368632,0.23246824741363525,0.8311944603919983,0.27836185693740845
YNL292W,YPL258C,0,2.936596,0.23240408301353455,0.8311944603919983,0.2784619927406311
YJL165C,YDR362C,0,2.936021,0.23233994841575623,0.8311944603919983,0.27856212854385376
YJL219W,YOR211C,0,2.9357343,0.2322758585214615,0.8311944603919983,0.2786622643470764
YJL190C,YPR081C,0,2.9356813,0.23221179842948914,0.8311944603919983,0.2787624001502991
YDL200C,YIL132C,1,2.9344366,0.23242348432540894,0.8321816325187683,0.2787624001502991
YML034W,YGR286C,0,2.9340734,0.23235942423343658,0.8321816325187683,0.27886253595352173
YDL231C,YGL210W,0,2.9337687,0.23229539394378662,0.8321816325187683,0.278962641954422
YOL152W,YDR101C,0,2.9319725,0.23223140835762024,0.8321816325187683,0.27906277775764465
YDR022C,YNL306W,0,2.9317465,0.23216745257377625,0.8321816325187683,0.2791629135608673
YIR002C,YER173W,1,2.9313412,0.23237885534763336,0.8331688046455383,0.2791629135608673
YER174C,YMR023C,0,2.9309926,0.23231488466262817,0.8331688046455383,0.27926304936408997
YDR242W,YER025W,0,2.9301844,0.23225095868110657,0.8331688046455383,0.2793631851673126
YBR213W,YCL066W,0,2.9297676,0.23218707740306854,0.8331688046455383,0.2794632911682129
YPR192W,YER110C,0,2.9296985,0.2321232110261917,0.8331688046455383,0.27956342697143555
YNL007C,YPR042C,0,2.9296718,0.23205938935279846,0.8331688046455383,0.2796635627746582
YGL210W,YLR441C,0,2.928741,0.2319955974817276,0.8331688046455383,0.27976369857788086
YGR047C,YDR495C,0,2.9285035,0.23193185031414032,0.8331688046455383,0.2798638343811035
YNR027W,YGL213C,0,2.9280381,0.23186813294887543,0.8331688046455383,0.2799639403820038
YHR099W,YDR180W,1,2.9279819,0.23207910358905792,0.8341559767723083,0.2799639403820038
YIL126W,YDR190C,1,2.927324,0.23228995501995087,0.8351431488990784,0.2799639403820038
YBR228W,YIL153W,1,2.927219,0.23250068724155426,0.8361303210258484,0.2799639403820038
YDR420W,YHR117W,0,2.9263954,0.2324368804693222,0.8361303210258484,0.28006407618522644
YOR242C,YKR050W,0,2.9260814,0.23237311840057373,0.8361303210258484,0.2801642119884491
YML095C,YDR055W,0,2.9257262,0.23230938613414764,0.8361303210258484,0.28026434779167175
YDR347W,YJR158W,0,2.925434,0.23224568367004395,0.8361303210258484,0.2803644835948944
YDR420W,YBL023C,0,2.9252133,0.23218201100826263,0.8361303210258484,0.2804645895957947
YJR066W,YNL012W,0,2.9246812,0.2321183830499649,0.8361303210258484,0.28056472539901733
YDR510W,YMR184W,0,2.9239118,0.23205479979515076,0.8361303210258484,0.28066486120224
YOL152W,YLR246W,0,2.9237714,0.2319912314414978,0.8361303210258484,0.28076499700546265
YMR130W,YCL047C,0,2.9236922,0.23192770779132843,0.8361303210258484,0.2808651328086853
YKL173W,YKL156W,0,2.9235387,0.23186421394348145,0.8361303210258484,0.28096526861190796
YDL109C,YDR390C,0,2.923223,0.23180076479911804,0.8361303210258484,0.2810653746128082
YPL214C,YJR135W-A,0,2.9231427,0.23173734545707703,0.8361303210258484,0.2811655104160309
YDL047W,YLR288C,1,2.9229684,0.23194748163223267,0.8371174931526184,0.2811655104160309
YHR021C,YBR097W,0,2.922758,0.23188406229019165,0.8371174931526184,0.28126564621925354
YPL164C,YDR359C,1,2.9221163,0.23209403455257416,0.8381046652793884,0.28126564621925354
YPR096C,YLR176C,0,2.9218793,0.23203061521053314,0.8381046652793884,0.2813657820224762
YDL229W,YFR003C,0,2.9212265,0.23196721076965332,0.8381046652793884,0.28146591782569885
YDL130W,YER088C,0,2.9211717,0.23190385103225708,0.8381046652793884,0.2815660238265991
YHR206W,YPL206C,0,2.9204528,0.23184052109718323,0.8381046652793884,0.2816661596298218
YJL044C,YOR356W,0,2.9198177,0.23177723586559296,0.8381046652793884,0.28176629543304443
YPL074W,YDR362C,0,2.9193137,0.23171398043632507,0.8381046652793884,0.2818664312362671
YFL044C,YLR158C,0,2.9177504,0.23165075480937958,0.8381046652793884,0.28196656703948975
YDR036C,YDR402C,0,2.9177022,0.23158755898475647,0.8381046652793884,0.28206667304039
YKL156W,YNL301C,0,2.917289,0.23152440786361694,0.8381046652793884,0.28216680884361267
YDR011W,YGR188C,0,2.9168835,0.2314612865447998,0.8381046652793884,0.2822669446468353
YDL137W,YBL055C,0,2.9168708,0.23139819502830505,0.8381046652793884,0.282367080450058
YMR224C,YML115C,0,2.9163475,0.23133514821529388,0.8381046652793884,0.28246721625328064
YER111C,YPL159C,0,2.9163349,0.2312721312046051,0.8381046652793884,0.2825673520565033
YMR312W,YMR150C,0,2.9161606,0.2312091439962387,0.8381046652793884,0.28266745805740356
YOL095C,YNL102W,1,2.9150062,0.2314184606075287,0.8390917778015137,0.28266745805740356
YIL113W,YPL160W,0,2.9144783,0.2313554733991623,0.8390917778015137,0.2827675938606262
YOR124C,YPL051W,0,2.9141302,0.2312925159931183,0.8390917778015137,0.2828677296638489
YIL150C,YGR220C,0,2.9139915,0.23122960329055786,0.8390917778015137,0.28296786546707153
YDR107C,YLR212C,0,2.9136064,0.23116670548915863,0.8390917778015137,0.2830680012702942
YER089C,YDR330W,0,2.9133592,0.23110386729240417,0.8390917778015137,0.28316810727119446
YHR206W,YHR089C,0,2.9122725,0.2310410439968109,0.8390917778015137,0.2832682430744171
YDR356W,YNR041C,0,2.9122543,0.23097826540470123,0.8390917778015137,0.28336837887763977
YCR075C,YLR265C,0,2.9104116,0.23091551661491394,0.8390917778015137,0.2834685146808624
YJL219W,YAL023C,0,2.9096627,0.23085279762744904,0.8390917778015137,0.2835686504840851
YLR035C-A,YLR467W,0,2.9095285,0.2307901233434677,0.8390917778015137,0.28366875648498535
YOR066W,YBR164C,0,2.9094825,0.23072746396064758,0.8390917778015137,0.283768892288208
YDR128W,YOR337W,0,2.9088585,0.23066486418247223,0.8390917778015137,0.28386902809143066
YKL010C,YPR122W,0,2.9087992,0.23060227930545807,0.8390917778015137,0.2839691638946533
YDR239C,YIL155C,0,2.9086454,0.2305397391319275,0.8390917778015137,0.284069299697876
YNL306W,YDL056W,0,2.9081976,0.2304772287607193,0.8390917778015137,0.28416940569877625
YNL039W,YGL106W,0,2.9078596,0.2304147481918335,0.8390917778015137,0.2842695415019989
YDR533C,YDR465C,0,2.9073777,0.23035229742527008,0.8390917778015137,0.28436967730522156
YKL100C,YOR182C,0,2.9070241,0.23028989136219025,0.8390917778015137,0.2844698131084442
YIL034C,YER114C,0,2.906362,0.2302275151014328,0.8390917778015137,0.28456994891166687
YBR041W,YDR523C,0,2.9054887,0.23016518354415894,0.8390917778015137,0.2846700847148895
YPR156C,YCL069W,0,2.9053273,0.23010286688804626,0.8390917778015137,0.2847701907157898
YMR100W,YHL016C,0,2.9051528,0.23004059493541718,0.8390917778015137,0.28487032651901245
YBL017C,YBR009C,0,2.9049408,0.22997835278511047,0.8390917778015137,0.2849704623222351
YOR308C,YOL127W,0,2.904904,0.22991615533828735,0.8390917778015137,0.28507059812545776
YAL034W-A,YLR433C,0,2.9040625,0.22985397279262543,0.8390917778015137,0.2851707339286804
YER029C,YDR503C,0,2.9040356,0.22979183495044708,0.8390917778015137,0.2852708399295807
YDR097C,YPL204W,1,2.9034395,0.23000000417232513,0.8400789499282837,0.2852708399295807
YBL024W,YPL038W,0,2.9032674,0.2299378514289856,0.8400789499282837,0.28537097573280334
YKR037C,YGR184C,0,2.903069,0.22987574338912964,0.8400789499282837,0.285471111536026
YDR312W,YMR109W,0,2.902986,0.22981366515159607,0.8400789499282837,0.28557124733924866
YPR132W,YJR058C,0,2.9028418,0.2297516167163849,0.8400789499282837,0.2856713831424713
YER174C,YLR121C,0,2.901864,0.2296896129846573,0.8400789499282837,0.2857714891433716
YGL128C,YGL039W,0,2.9014864,0.22962762415409088,0.8400789499282837,0.28587162494659424
YMR247C,YPL022W,0,2.9010777,0.22956568002700806,0.8400789499282837,0.2859717607498169
YLR035C-A,YNL129W,0,2.9007647,0.2295037806034088,0.8400789499282837,0.28607189655303955
YBR136W,YNL133C,1,2.9006717,0.22971151769161224,0.8410661220550537,0.28607189655303955
YDR182W,YFL003C,1,2.899604,0.22991913557052612,0.8420532941818237,0.28607189655303955
YCR081W,YOR233W,0,2.8974771,0.2298571765422821,0.8420532941818237,0.2861720323562622
YDR424C,YLR450W,0,2.8973894,0.22979526221752167,0.8420532941818237,0.28627216815948486
YOL127W,YDL017W,0,2.8969746,0.22973336279392242,0.8420532941818237,0.28637227416038513
YLR096W,YML063W,0,2.8968253,0.22967150807380676,0.8420532941818237,0.2864724099636078
YDL101C,YLR079W,0,2.896809,0.2296096831560135,0.8420532941818237,0.28657254576683044
YNL207W,YJR076C,0,2.895573,0.2295479029417038,0.8420532941818237,0.2866726815700531
YHR207C,YJL221C,0,2.8947492,0.2294861376285553,0.8420532941818237,0.28677281737327576
YNL218W,YDR322W,0,2.894627,0.22942441701889038,0.8420532941818237,0.286872923374176
YDR022C,YOL125W,0,2.8943748,0.22936272621154785,0.8420532941818237,0.2869730591773987
YEL065W,YEL016C,0,2.8940823,0.2293010801076889,0.8420532941818237,0.28707319498062134
YNR020C,YDR529C,0,2.8939023,0.22923944890499115,0.8420532941818237,0.287173330783844
YKR014C,YDL130W-A,0,2.8927882,0.22917786240577698,0.8420532941818237,0.28727346658706665
YDR096W,YMR127C,0,2.8912868,0.2291163057088852,0.8420532941818237,0.2873735725879669
YLR418C,YDR510W,0,2.8902774,0.2290547788143158,0.8420532941818237,0.2874737083911896
YDL195W,YNL135C,0,2.889814,0.2289932817220688,0.8420532941818237,0.28757384419441223
YLR318W,YPR047W,0,2.8896184,0.22893182933330536,0.8420532941818237,0.2876739799976349
YBR175W,YJL062W-A,0,2.8893428,0.22887040674686432,0.8420532941818237,0.28777411580085754
YJR001W,YJL189W,0,2.8887413,0.22880901396274567,0.8420532941818237,0.2878742218017578
YLR096W,YDL180W,0,2.8882737,0.2287476509809494,0.8420532941818237,0.28797435760498047
YDR440W,YHR025W,0,2.888126,0.22868633270263672,0.8420532941818237,0.2880744934082031
YPR048W,YKL135C,0,2.8878675,0.22862502932548523,0.8420532941818237,0.2881746292114258
YHR046C,YDR421W,0,2.8876648,0.22856377065181732,0.8420532941818237,0.28827476501464844
YPR019W,YDL112W,0,2.8850222,0.2285025417804718,0.8420532941818237,0.2883749008178711
YLR139C,YGL157W,0,2.8834965,0.22844134271144867,0.8420532941818237,0.28847500681877136
YDL110C,YPR031W,0,2.8834333,0.22838018834590912,0.8420532941818237,0.288575142621994
YDR225W,YFR037C,1,2.882626,0.22858671844005585,0.8430404663085938,0.288575142621994
YPL194W,YDL184C,0,2.882111,0.2285255491733551,0.8430404663085938,0.2886752784252167
YJR065C,YER184C,0,2.8818238,0.22846442461013794,0.8430404663085938,0.28877541422843933
YLR098C,YLR385C,0,2.8811698,0.22840331494808197,0.8430404663085938,0.288875550031662
YBR273C,YOR270C,0,2.880711,0.22834224998950958,0.8430404663085938,0.28897565603256226
YKL140W,YNR050C,0,2.8805318,0.22828121483325958,0.8430404663085938,0.2890757918357849
YDL110C,YGR279C,0,2.8804135,0.22822020947933197,0.8430404663085938,0.28917592763900757
YLR364W,YER140W,0,2.8802037,0.22815923392772675,0.8430404663085938,0.2892760634422302
YDR242W,YPL090C,0,2.8795924,0.2280982881784439,0.8430404663085938,0.2893761992454529
YIR006C,YLR207W,0,2.8792663,0.22803738713264465,0.8430404663085938,0.28947630524635315
YPR192W,YHR117W,0,2.8787928,0.2279765009880066,0.8430404663085938,0.2895764410495758
YLR154C,YBR164C,0,2.8786998,0.2279156595468521,0.8430404663085938,0.28967657685279846
YPL121C,YIR002C,1,2.878345,0.22812166810035706,0.8440276384353638,0.28967657685279846
YDL056W,YDR117C,0,2.8782141,0.22806081175804138,0.8440276384353638,0.2897767126560211
YOR037W,YDR421W,0,2.878189,0.2280000001192093,0.8440276384353638,0.2898768484592438
YDL195W,YJL062W-A,0,2.877952,0.22793921828269958,0.8440276384353638,0.28997698426246643
YMR127C,YIL160C,0,2.8758273,0.22787846624851227,0.8440276384353638,0.2900770902633667
YML027W,YNL191W,0,2.8756292,0.22781774401664734,0.8440276384353638,0.29017722606658936
YHL024W,YJR076C,0,2.8751915,0.227757066488266,0.8440276384353638,0.290277361869812
YDL137W,YMR211W,0,2.8746576,0.22769640386104584,0.8440276384353638,0.29037749767303467
YDR086C,YDR342C,0,2.874198,0.22763578593730927,0.8440276384353638,0.2904776334762573
YDL129W,YLR418C,0,2.8737674,0.22757519781589508,0.8440276384353638,0.2905777394771576
YKL059C,YOL019W,0,2.8736115,0.22751463949680328,0.8440276384353638,0.29067787528038025
YJL219W,YDL051W,0,2.87176,0.22745411098003387,0.8440276384353638,0.2907780110836029
YAL023C,YBR009C,0,2.8714604,0.22739361226558685,0.8440276384353638,0.29087814688682556
YER148W,YNL289W,0,2.8711886,0.2273331582546234,0.8440276384353638,0.2909782826900482
YBL103C,YJL102W,0,2.8709278,0.22727273404598236,0.8440276384353638,0.2910783886909485
YAL020C,YDR288W,0,2.8706865,0.2272123247385025,0.8440276384353638,0.29117852449417114
YBR175W,YOL117W,0,2.8704085,0.22715196013450623,0.8440276384353638,0.2912786602973938
YDR466W,YOL120C,0,2.870181,0.22709164023399353,0.8440276384353638,0.29137879610061646
YCL069W,YOR217W,0,2.869868,0.22703133523464203,0.8440276384353638,0.2914789319038391
YLR086W,YLR450W,0,2.869339,0.22697106003761292,0.8440276384353638,0.2915790379047394
YNR008W,YOL077C,0,2.8686903,0.22691082954406738,0.8440276384353638,0.29167917370796204
YDR248C,YHL008C,0,2.8682952,0.22685062885284424,0.8440276384353638,0.2917793095111847
YJR110W,YDR443C,0,2.8682141,0.22679045796394348,0.8440276384353638,0.29187944531440735
YOR368W,YOL072W,1,2.8678641,0.22699549794197083,0.8450148105621338,0.29187944531440735
YBR286W,YKL011C,0,2.867588,0.22693531215190887,0.8450148105621338,0.29197958111763
YBR097W,YPL186C,0,2.8673325,0.2268751710653305,0.8450148105621338,0.29207971692085266
YLR276C,YDR014W,0,2.8670416,0.22681504487991333,0.8450148105621338,0.29217982292175293
YNL162W,YLR381W,0,2.866953,0.22675496339797974,0.8450148105621338,0.2922799587249756
YOR047C,YBR164C,0,2.8661907,0.22669491171836853,0.8450148105621338,0.29238009452819824
YNL159C,YMR287C,0,2.8659496,0.2266348898410797,0.8450148105621338,0.2924802303314209
YMR233W,YDL067C,0,2.8652656,0.22657491266727448,0.8450148105621338,0.29258036613464355
YLR142W,YER048W-A,0,2.8648973,0.22651495039463043,0.8450148105621338,0.2926804721355438
YHR027C,YLR121C,0,2.8645754,0.22645503282546997,0.8450148105621338,0.2927806079387665
YPL174C,YJL189W,0,2.8639157,0.2263951301574707,0.8450148105621338,0.29288074374198914
YPR096C,YDR483W,0,2.8633482,0.22633527219295502,0.8450148105621338,0.2929808795452118
YPR156C,YCL055W,0,2.8629687,0.22627544403076172,0.8450148105621338,0.29308101534843445
YBR024W,YPR096C,0,2.8627949,0.2262156456708908,0.8450148105621338,0.2931811213493347
YNR008W,YGR088W,0,2.8623352,0.22615587711334229,0.8450148105621338,0.2932812571525574
YGL168W,YNR047W,0,2.8621993,0.22609613835811615,0.8450148105621338,0.29338139295578003
YMR224C,YNL015W,0,2.8621879,0.2260364443063736,0.8450148105621338,0.2934815287590027
YGL035C,YKR097W,0,2.8621328,0.22597676515579224,0.8450148105621338,0.29358166456222534
YLR419W,YOR057W,0,2.8618536,0.22591713070869446,0.8450148105621338,0.293681800365448
YOR221C,YPL202C,0,2.8615746,0.22585752606391907,0.8450148105621338,0.29378190636634827
YMR036C,YNL098C,0,2.861197,0.22579793632030487,0.8450148105621338,0.2938820421695709
YBR033W,YDR047W,0,2.8600757,0.22573839128017426,0.8450148105621338,0.2939821779727936
YDR315C,YKL143W,0,2.8596966,0.22567887604236603,0.8450148105621338,0.29408231377601624
YLR086W,YDR297W,0,2.859182,0.22561940550804138,0.8450148105621338,0.2941824495792389
YDR253C,YBL037W,0,2.8584633,0.22555994987487793,0.8450148105621338,0.29428255558013916
YER153C,YKL042W,0,2.8579862,0.22550052404403687,0.8450148105621338,0.2943826913833618
YJL106W,YPL048W,0,2.8577588,0.22544114291667938,0.8450148105621338,0.2944828271865845
YPL101W,YBR035C,0,2.8563795,0.2253817766904831,0.8450148105621338,0.29458296298980713
YHR067W,YDL112W,0,2.8557324,0.22532245516777039,0.8450148105621338,0.2946830987930298
YKR061W,YOR244W,0,2.8552873,0.22526316344738007,0.8450148105621338,0.29478320479393005
YBR082C,YER070W,0,2.8539085,0.22520388662815094,0.8450148105621338,0.2948833405971527
YJR110W,YOR233W,0,2.8538733,0.2251446545124054,0.8450148105621338,0.29498347640037537
YOR278W,YDL101C,0,2.8532977,0.22508545219898224,0.8450148105621338,0.295083612203598
YDR466W,YIL084C,0,2.8527582,0.22502629458904266,0.8450148105621338,0.2951837480068207
YLL011W,YKL042W,0,2.852428,0.22496715188026428,0.8450148105621338,0.29528388381004333
YPL174C,YDR166C,0,2.8522305,0.2249080389738083,0.8450148105621338,0.2953839898109436
YNL031C,YJL140W,1,2.8519785,0.22511163353919983,0.8460019826889038,0.2953839898109436
YGR088W,YHR117W,0,2.8514535,0.22505252063274384,0.8460019826889038,0.29548412561416626
YFR032C-A,YCR009C,0,2.8511906,0.22499343752861023,0.8460019826889038,0.2955842614173889
YJL044C,YJL153C,0,2.850544,0.224934384226799,0.8460019826889038,0.2956843972206116
YJL219W,YDR103W,0,2.8501563,0.22487536072731018,0.8460019826889038,0.29578453302383423
YJL143W,YER025W,0,2.8494384,0.22481636703014374,0.8460019826889038,0.2958846390247345
YLR142W,YJR016C,0,2.8493195,0.22475740313529968,0.8460019826889038,0.29598477482795715
YMR316W,YNL289W,0,2.8479774,0.2246984839439392,0.8460019826889038,0.2960849106311798
YPL159C,YBR164C,0,2.8478415,0.22463957965373993,0.8460019826889038,0.29618504643440247
YGL035C,YKR037C,0,2.8474789,0.22458072006702423,0.8460019826889038,0.2962851822376251
YEL015W,YJL156C,0,2.8471773,0.22452187538146973,0.8460019826889038,0.2963852882385254
YJL041W,YHL032C,0,2.8471134,0.2244630753993988,0.8460019826889038,0.29648542404174805
YNL291C,YJR155W,0,2.8464427,0.22440429031848907,0.8460019826889038,0.2965855598449707
YDR533C,YMR037C,0,2.8463092,0.22434554994106293,0.8460019826889038,0.29668569564819336
YIL004C,YNL136W,0,2.846119,0.22428683936595917,0.8460019826889038,0.296785831451416
YKL088W,YDR511W,0,2.846107,0.2242281585931778,0.8460019826889038,0.2968859374523163
YPR048W,YLR246W,0,2.846035,0.2241695076227188,0.8460019826889038,0.29698607325553894
YMR071C,YLR403W,0,2.8458984,0.22411087155342102,0.8460019826889038,0.2970862090587616
YDL080C,YLL001W,0,2.8458657,0.2240522801876068,0.8460019826889038,0.29718634486198425
YNL139C,YML023C,1,2.845678,0.22425509989261627,0.8469891548156738,0.29718634486198425
YML060W,YPL235W,1,2.845336,0.22445780038833618,0.8479763269424438,0.29718634486198425
YPL106C,YPR168W,0,2.8448684,0.2243991643190384,0.8479763269424438,0.2972864806652069
YNL307C,YDR092W,1,2.8436537,0.22460173070430756,0.8489634990692139,0.2972864806652069
YML037C,YER126C,0,2.8436108,0.22454307973384857,0.8489634990692139,0.29738661646842957
YOR179C,YLR357W,0,2.842722,0.22448447346687317,0.8489634990692139,0.29748672246932983
YER153C,YNL339C,0,2.8420668,0.22442588210105896,0.8489634990692139,0.2975868582725525
YJL148W,YML088W,0,2.8408954,0.22436733543872833,0.8489634990692139,0.29768699407577515
YDR238C,YPL092W,0,2.840179,0.2243088185787201,0.8489634990692139,0.2977871298789978
YML037C,YPR168W,0,2.839488,0.22425033152103424,0.8489634990692139,0.29788726568222046
YML077W,YNL268W,0,2.8383818,0.22419185936450958,0.8489634990692139,0.2979873716831207
YJR126C,YLR176C,0,2.838308,0.2241334319114685,0.8489634990692139,0.2980875074863434
YNR008W,YJR110W,0,2.8373008,0.22407503426074982,0.8489634990692139,0.29818764328956604
YNR011C,YJL102W,0,2.8372247,0.22401666641235352,0.8489634990692139,0.2982877790927887
YDL190C,YDR279W,0,2.8364453,0.2239583283662796,0.8489634990692139,0.29838791489601135
YOR257W,YDL143W,0,2.8363762,0.22390002012252808,0.8489634990692139,0.2984880208969116
YDR466W,YHR117W,0,2.8363588,0.22384174168109894,0.8489634990692139,0.2985881567001343
YOL003C,YDR130C,0,2.8359957,0.22378350794315338,0.8489634990692139,0.29868829250335693
YGR058W,YNL242W,0,2.8351305,0.22372528910636902,0.8489634990692139,0.2987884283065796
YDR440W,YCR047C,0,2.8350472,0.22366710007190704,0.8489634990692139,0.29888856410980225
YMR026C,YPR073C,0,2.8348484,0.22360894083976746,0.8489634990692139,0.2989886999130249
YIL109C,YCL059C,0,2.83463,0.22355081140995026,0.8489634990692139,0.29908880591392517
YMR287C,YLR446W,0,2.8345075,0.22349272668361664,0.8489634990692139,0.2991889417171478
YOR384W,YOL152W,0,2.8342757,0.2234346568584442,0.8489634990692139,0.2992890775203705
YDL210W,YGR006W,0,2.8341658,0.22337661683559418,0.8489634990692139,0.29938921332359314
YIL171W,YDL112W,0,2.834095,0.22331862151622772,0.8489634990692139,0.2994893491268158
YOL072W,YFL037W,0,2.8336728,0.22326064109802246,0.8489634990692139,0.29958945512771606
YGL147C,YKL109W,0,2.8330462,0.22320270538330078,0.8489634990692139,0.2996895909309387
YIL150C,YOR244W,0,2.8330085,0.2231447845697403,0.8489634990692139,0.2997897267341614
YDL114W,YPR036W,0,2.8325675,0.2230868935585022,0.8489634990692139,0.29988986253738403
YJL073W,YOR039W,0,2.8321137,0.22302904725074768,0.8489634990692139,0.2999899983406067
YDR380W,YER164W,0,2.8319635,0.22297121584415436,0.8489634990692139,0.30009010434150696
YDR263C,YDR092W,1,2.831161,0.2231726348400116,0.8499506711959839,0.30009010434150696
YDL231C,YOR124C,0,2.8306754,0.22311480343341827,0.8499506711959839,0.3001902401447296
YHL032C,YKR104W,0,2.8297133,0.22305700182914734,0.8499506711959839,0.30029037594795227
YJL048C,YIL171W,0,2.8297124,0.2229992300271988,0.8499506711959839,0.3003905117511749
YML104C,YDL115C,0,2.8295138,0.22294148802757263,0.8499506711959839,0.3004906475543976
YDL166C,YOL030W,0,2.8287046,0.22288377583026886,0.8499506711959839,0.30059075355529785
YDL129W,YGR063C,0,2.8285127,0.22282609343528748,0.8499506711959839,0.3006908893585205
YLR035C-A,YMR201C,0,2.8283806,0.22276844084262848,0.8499506711959839,0.30079102516174316
YPR132W,YMR100W,0,2.8282132,0.22271081805229187,0.8499506711959839,0.3008911609649658
YDR533C,YGR001C,0,2.8264608,0.22265322506427765,0.8499506711959839,0.3009912967681885
YDR495C,YEL065W,0,2.82536,0.22259566187858582,0.8499506711959839,0.30109143257141113
YKL140W,YDR283C,0,2.824807,0.22253812849521637,0.8499506711959839,0.3011915385723114
YDR312W,YER044C,0,2.8244884,0.2224806249141693,0.8499506711959839,0.30129167437553406
YDL192W,YJL080C,0,2.8244119,0.22242315113544464,0.8499506711959839,0.3013918101787567
YER148W,YDR326C,0,2.8242214,0.22236570715904236,0.8499506711959839,0.30149194598197937
YNL301C,YPR178W,0,2.8237703,0.22230829298496246,0.8499506711959839,0.301592081785202
YOR143C,YKL116C,0,2.8228443,0.22225090861320496,0.8499506711959839,0.3016921877861023
YLR007W,YER095W,1,2.821935,0.2224516123533249,0.8509377837181091,0.3016921877861023
YKL021C,YNL135C,0,2.8216527,0.22239422798156738,0.8509377837181091,0.30179232358932495
YJR158W,YPR019W,0,2.8216505,0.22233685851097107,0.8509377837181091,0.3018924593925476
YPL153C,YOR144C,1,2.820737,0.22253738343715668,0.8519249558448792,0.3018924593925476
YAL010C,YKL181W,0,2.82063,0.22248001396656036,0.8519249558448792,0.30199259519577026
YLR086W,YNL289W,0,2.8201282,0.22242267429828644,0.8519249558448792,0.3020927309989929
YLR418C,YLR221C,0,2.8195298,0.2223653644323349,0.8519249558448792,0.3021928369998932
YCL066W,YOR221C,0,2.8192785,0.22230808436870575,0.8519249558448792,0.30229297280311584
YGL210W,YOR063W,0,2.8191423,0.222250834107399,0.8519249558448792,0.3023931086063385
YPR178W,YDR077W,0,2.8189585,0.2221936136484146,0.8519249558448792,0.30249324440956116
YNL227C,YOR092W,0,2.8184667,0.22213642299175262,0.8519249558448792,0.3025933802127838
YML034W,YCR010C,0,2.8183036,0.22207926213741302,0.8519249558448792,0.30269351601600647
YHR023W,YKR009C,0,2.818237,0.2220221310853958,0.8519249558448792,0.30279362201690674
YGL135W,YGL251C,0,2.8181744,0.2219650149345398,0.8519249558448792,0.3028937578201294
YOL072W,YPL038W,0,2.8180938,0.22190794348716736,0.8519249558448792,0.30299389362335205
YKR094C,YPL258C,0,2.81742,0.2218509018421173,0.8519249558448792,0.3030940294265747
YDR425W,YMR289W,0,2.817388,0.22179388999938965,0.8519249558448792,0.30319416522979736
YHL024W,YNL185C,0,2.817134,0.22173689305782318,0.8519249558448792,0.30329427123069763
YER056C-A,YMR184W,0,2.8170323,0.2216799408197403,0.8519249558448792,0.3033944070339203
YNL301C,YPL101W,0,2.8169456,0.2216230034828186,0.8519249558448792,0.30349454283714294
YPL160W,YCR054C,0,2.8166175,0.2215661108493805,0.8519249558448792,0.3035946786403656
YDR032C,YDR252W,0,2.8158398,0.22150923311710358,0.8519249558448792,0.30369481444358826
YMR188C,YDR169C,0,2.814745,0.22145240008831024,0.8519249558448792,0.3037949204444885
YEL015W,YJR076C,0,2.8141563,0.2213955819606781,0.8519249558448792,0.3038950562477112
YDR248C,YNL244C,0,2.813684,0.22133880853652954,0.8519249558448792,0.30399519205093384
YDL069C,YDL185W,0,2.8132136,0.22128205001354218,0.8519249558448792,0.3040953278541565
YBR164C,YJR089W,0,2.8127081,0.2212253212928772,0.8519249558448792,0.30419546365737915
YML005W,YLR265C,0,2.8123965,0.2211686372756958,0.8519249558448792,0.3042955696582794
YHR099W,YGR258C,1,2.8123918,0.22136817872524261,0.8529121279716492,0.3042955696582794
YBL022C,YMR037C,0,2.8115535,0.22131147980690002,0.8529121279716492,0.3043957054615021
YPL085W,YLR176C,0,2.8113708,0.22125479578971863,0.8529121279716492,0.30449584126472473
YOL127W,YDL127W,0,2.8111455,0.2211981564760208,0.8529121279716492,0.3045959770679474
YMR306W,YDR077W,0,2.8106787,0.22114154696464539,0.8529121279716492,0.30469611287117004
YOL100W,YDL112W,0,2.8103645,0.22108495235443115,0.8529121279716492,0.3047962486743927
YER171W,YOR033C,1,2.8100376,0.22128421068191528,0.8538993000984192,0.3047962486743927
YKR059W,YBR030W,0,2.808393,0.22122761607170105,0.8538993000984192,0.30489635467529297
YDL164C,YLR040C,0,2.8081913,0.2211710512638092,0.8538993000984192,0.3049964904785156
YDR046C,YPL157W,0,2.8063023,0.22111451625823975,0.8538993000984192,0.3050966262817383
YBL106C,YPR156C,0,2.8052278,0.22105801105499268,0.8538993000984192,0.30519676208496094
YDL195W,YLR097C,0,2.8043747,0.221001535654068,0.8538993000984192,0.3052968978881836
YAL010C,YER089C,0,2.803742,0.2209450900554657,0.8538993000984192,0.30539700388908386
YLR040C,YGR184C,0,2.8030384,0.2208886593580246,0.8538993000984192,0.3054971396923065
YKR062W,YGR063C,0,2.8029866,0.22083227336406708,0.8538993000984192,0.3055972754955292
YJR001W,YJR058C,0,2.8012996,0.22077590227127075,0.8538993000984192,0.30569741129875183
YCR072C,YLR318W,0,2.8010912,0.220719575881958,0.8538993000984192,0.3057975471019745
YNL049C,YEL013W,0,2.797946,0.22066326439380646,0.8538993000984192,0.30589765310287476
YPR049C,YDR356W,0,2.7972531,0.2206069827079773,0.8538993000984192,0.3059977889060974
YOL156W,YMR004W,0,2.7971044,0.2205507457256317,0.8538993000984192,0.30609792470932007
YGR156W,YOR131C,0,2.7969985,0.22049452364444733,0.8538993000984192,0.3061980605125427
YKR097W,YOL056W,0,2.7969294,0.22043833136558533,0.8538993000984192,0.3062981963157654
YGL232W,YJL170C,0,2.7967951,0.22038216888904572,0.8538993000984192,0.30639833211898804
YBL024W,YJL008C,0,2.796238,0.2203260362148285,0.8538993000984192,0.3064984381198883
YJL156C,YDR054C,0,2.7959542,0.22026993334293365,0.8538993000984192,0.30659857392311096
YGR262C,YNL101W,0,2.794082,0.2202138453722,0.8538993000984192,0.3066987097263336
YCL075W,YNL098C,0,2.7940345,0.22015780210494995,0.8538993000984192,0.3067988455295563
YAL044C,YDR534C,0,2.79355,0.22010177373886108,0.8538993000984192,0.30689898133277893
YNL207W,YGL039W,0,2.7934778,0.2200457900762558,0.8538993000984192,0.3069990873336792
YLL062C,YHR153C,0,2.7926173,0.2199898213148117,0.8538993000984192,0.30709922313690186
YGL206C,YHR067W,0,2.7921739,0.2199338972568512,0.8538993000984192,0.3071993589401245
YOR039W,YPL160W,0,2.7907686,0.21987798810005188,0.8538993000984192,0.30729949474334717
YGL089C,YDR524C,0,2.7896028,0.21982210874557495,0.8538993000984192,0.3073996305465698
YMR287C,YAL008W,0,2.7894802,0.2197662591934204,0.8538993000984192,0.3074997365474701
YER061C,YFR007W,0,2.7885976,0.21971043944358826,0.8538993000984192,0.30759987235069275
YIL171W,YOR269W,0,2.788209,0.2196546494960785,0.8538993000984192,0.3077000081539154
YJR066W,YGL039W,0,2.7874365,0.2195988893508911,0.8538993000984192,0.30780014395713806
YIL070C,YOR373W,0,2.787075,0.21954314410686493,0.8538993000984192,0.3079002797603607
YPR070W,YGL141W,0,2.7865887,0.21948744356632233,0.8538993000984192,0.308000385761261
YDR299W,YOR326W,0,2.7865303,0.21943175792694092,0.8538993000984192,0.30810052156448364
YBL017C,YBL069W,0,2.7863846,0.2193761169910431,0.8538993000984192,0.3082006573677063
YPL195W,YLR147C,0,2.7863634,0.21932049095630646,0.8538993000984192,0.30830079317092896
YHL008C,YPL019C,0,2.786057,0.2192648947238922,0.8538993000984192,0.3084009289741516
YML005W,YER113C,0,2.7859864,0.21920932829380035,0.8538993000984192,0.30850106477737427
YBL030C,YMR094W,0,2.785365,0.21915379166603088,0.8538993000984192,0.30860117077827454
YDR379W,YLR381W,0,2.7831357,0.2190982848405838,0.8538993000984192,0.3087013065814972
YHR134W,YEL037C,1,2.782388,0.21929602324962616,0.8548864722251892,0.3087013065814972
YHR143W,YPL074W,0,2.7813358,0.21924050152301788,0.8548864722251892,0.30880144238471985
YKR097W,YNR041C,0,2.7809768,0.219185009598732,0.8548864722251892,0.3089015781879425
YLR096W,YCR053W,0,2.78033,0.2191295474767685,0.8548864722251892,0.30900171399116516
YMR281W,YGR075C,0,2.7802804,0.21907411515712738,0.8548864722251892,0.30910181999206543
YPR048W,YNL188W,0,2.7786179,0.21901871263980865,0.8548864722251892,0.3092019557952881
YFR037C,YJL158C,0,2.776822,0.21896333992481232,0.8548864722251892,0.30930209159851074
YOR167C,YJR058C,0,2.7762592,0.21890798211097717,0.8548864722251892,0.3094022274017334
YDR190C,YBR088C,1,2.7761955,0.21910537779331207,0.8558736443519592,0.3094022274017334
YBL106C,YLR126C,0,2.7761219,0.21905001997947693,0.8558736443519592,0.30950236320495605
YLR306W,YBL055C,0,2.7755198,0.21899469196796417,0.8558736443519592,0.3096024692058563
YDR170W-A,YIL125W,0,2.7755182,0.2189393937587738,0.8558736443519592,0.309702605009079
YGR063C,YOR211C,0,2.7749574,0.21888412535190582,0.8558736443519592,0.30980274081230164
YML032C,YAR007C,1,2.7749352,0.21908126771450043,0.8568608164787292,0.30980274081230164
YBR240C,YCR020C,0,2.7747545,0.21902598440647125,0.8568608164787292,0.3099028766155243
YDL105W,YPL194W,1,2.7746992,0.2192230075597763,0.8578479886054993,0.3099028766155243
YDR312W,YAR018C,0,2.774687,0.21916772425174713,0.8578479886054993,0.31000301241874695
YBR207W,YPR031W,0,2.7742643,0.21911245584487915,0.8578479886054993,0.3101031482219696
YBR158W,YDL060W,0,2.773509,0.21905721724033356,0.8578479886054993,0.3102032542228699
YDR456W,YDR231C,0,2.7729475,0.21900202333927155,0.8578479886054993,0.31030339002609253
YOR224C,YDR483W,0,2.7722259,0.21894684433937073,0.8578479886054993,0.3104035258293152
YJL157C,YAL043C,0,2.7718258,0.2188916802406311,0.8578479886054993,0.31050366163253784
YDR170W-A,YKL183W,0,2.7715845,0.21883656084537506,0.8578479886054993,0.3106037974357605
YOR315W,YNL128W,0,2.7705238,0.2187814712524414,0.8578479886054993,0.31070390343666077
YPL269W,YPR031W,0,2.7700605,0.21872639656066895,0.8578479886054993,0.3108040392398834
YDR219C,YCR040W,0,2.7700047,0.21867136657238007,0.8578479886054993,0.3109041750431061
YMR142C,YPR168W,0,2.768989,0.21861635148525238,0.8578479886054993,0.31100431084632874
YER147C,YBR283C,0,2.7685478,0.21856136620044708,0.8578479886054993,0.3111044466495514
YKL218C,YGL205W,0,2.7685347,0.21850641071796417,0.8578479886054993,0.31120455265045166
YNR061C,YCL031C,0,2.7674441,0.21845148503780365,0.8578479886054993,0.3113046884536743
YCL063W,YLR467W,0,2.7673805,0.21839658915996552,0.8578479886054993,0.311404824256897
YOR066W,YOR322C,0,2.7673142,0.21834170818328857,0.8578479886054993,0.31150496006011963
YIL004C,YFR015C,0,2.7667065,0.21828685700893402,0.8578479886054993,0.3116050958633423
YDR170W-A,YNL112W,0,2.76546,0.21823205053806305,0.8578479886054993,0.31170523166656494
YNL210W,YAR044W,0,2.7647033,0.21817725896835327,0.8578479886054993,0.3118053376674652
YGL035C,YIL084C,0,2.764533,0.21812249720096588,0.8578479886054993,0.31190547347068787
YNL210W,YKR009C,0,2.7640388,0.21806775033473969,0.8578479886054993,0.3120056092739105
YCL063W,YER051W,0,2.7636662,0.21801304817199707,0.8578479886054993,0.3121057450771332
YPL148C,YMR198W,0,2.7633615,0.21795836091041565,0.8578479886054993,0.31220588088035583
YCR009C,YHR044C,0,2.7632089,0.2179037183523178,0.8578479886054993,0.3123059868812561
YER082C,YPR122W,0,2.7626276,0.21784909069538116,0.8578479886054993,0.31240612268447876
YDR270W,YMR086W,0,2.7622056,0.2177944928407669,0.8578479886054993,0.3125062584877014
YJL157C,YLR459W,0,2.7620099,0.21773990988731384,0.8578479886054993,0.3126063942909241
YDR288W,YBR030W,0,2.7588599,0.21768537163734436,0.8578479886054993,0.31270653009414673
YHL032C,YAR007C,0,2.7587545,0.21763084828853607,0.8578479886054993,0.312806636095047
YLR090W,YDL130W-A,0,2.7577262,0.21757636964321136,0.8578479886054993,0.31290677189826965
YMR166C,YMR056C,0,2.7565584,0.21752190589904785,0.8578479886054993,0.3130069077014923
YOR063W,YDR032C,0,2.7564425,0.21746747195720673,0.8578479886054993,0.31310704350471497
YDL069C,YER148W,0,2.7563753,0.2174130529165268,0.8578479886054993,0.3132071793079376
YJL106W,YJL097W,0,2.7562666,0.21735867857933044,0.8578479886054993,0.3133072853088379
YLR396C,YNL098C,0,2.7559369,0.2173043191432953,0.8578479886054993,0.31340742111206055
YPR102C,YDL056W,0,2.7553,0.2172500044107437,0.8578479886054993,0.3135075569152832
YDR138W,YML095C,1,2.7550902,0.21744564175605774,0.8588351607322693,0.3135075569152832
YNL291C,YBR009C,0,2.7547803,0.21739129722118378,0.8588351607322693,0.31360769271850586
YGL211W,YNR020C,0,2.7545912,0.2173369973897934,0.8588351607322693,0.3137078285217285
YJR135C,YBL022C,0,2.7542744,0.2172827124595642,0.8588351607322693,0.31380796432495117
YPL019C,YHR215W,0,2.75372,0.2172284573316574,0.8588351607322693,0.31390807032585144
YPR048W,YGR029W,0,2.7532449,0.217174232006073,0.8588351607322693,0.3140082061290741
YLR373C,YPR070W,0,2.7530956,0.21712003648281097,0.8588351607322693,0.31410834193229675
YGR263C,YOR150W,0,2.752966,0.21706587076187134,0.8588351607322693,0.3142084777355194
YPL091W,YPR032W,0,2.7528415,0.2170117199420929,0.8588351607322693,0.31430861353874207
YOL031C,YLR276C,0,2.7523866,0.21695759892463684,0.8588351607322693,0.31440871953964233
YGL229C,YPL204W,0,2.7520976,0.21690352261066437,0.8588351607322693,0.314508855342865
YKL154W,YJL136C,0,2.7520456,0.2168494462966919,0.8588351607322693,0.31460899114608765
YDR231C,YLR438C-A,0,2.7514305,0.216795414686203,0.8588351607322693,0.3147091269493103
YLR172C,YIL160C,0,2.7513955,0.2167413979768753,0.8588351607322693,0.31480926275253296
YBL088C,YNL166C,0,2.7507653,0.2166874259710312,0.8588351607322693,0.3149093687534332
YBR291C,YGL227W,0,2.750013,0.21663346886634827,0.8588351607322693,0.3150095045566559
YMR235C,YDR313C,0,2.7495186,0.21657954156398773,0.8588351607322693,0.31510964035987854
YLR266C,YDL095W,0,2.7494202,0.2165256291627884,0.8588351607322693,0.3152097761631012
YNL049C,YOR174W,0,2.7483017,0.21647176146507263,0.8588351607322693,0.31530991196632385
YMR312W,YCL047C,0,2.7479727,0.21641790866851807,0.8588351607322693,0.3154100477695465
YHR046C,YER086W,0,2.7476408,0.2163640856742859,0.8588351607322693,0.3155101537704468
YDR503C,YOL007C,0,2.7473826,0.2163102924823761,0.8588351607322693,0.31561028957366943
YDL136W,YDR265W,0,2.747065,0.2162565290927887,0.8588351607322693,0.3157104253768921
YAL008W,YPL220W,0,2.7467995,0.2162027806043625,0.8588351607322693,0.31581056118011475
YLL062C,YNL101W,0,2.745974,0.21614906191825867,0.8588351607322693,0.3159106969833374
YHR153C,YGL090W,0,2.7453399,0.21609537303447723,0.8588351607322693,0.31601080298423767
YMR233W,YLL038C,0,2.7444806,0.2160417139530182,0.8588351607322693,0.3161109387874603
YGL147C,YER007W,0,2.744334,0.21598808467388153,0.8588351607322693,0.316211074590683
YCL069W,YEL021W,0,2.7441883,0.21593447029590607,0.8588351607322693,0.31631121039390564
YNL162W,YLR010C,0,2.7441177,0.21588090062141418,0.8588351607322693,0.3164113461971283
YER041W,YEL037C,1,2.7440972,0.21607542037963867,0.8598223328590393,0.3164113461971283
YDL129W,YJR121W,0,2.7439833,0.2160218209028244,0.8598223328590393,0.31651145219802856
YCL066W,YNL135C,0,2.7436986,0.2159682661294937,0.8598223328590393,0.3166115880012512
YLR427W,YOR347C,0,2.743389,0.21591472625732422,0.8598223328590393,0.3167117238044739
YOL094C,YPL153C,1,2.7433293,0.21610905230045319,0.8608095049858093,0.3167117238044739
YHR027C,YLR446W,0,2.743246,0.2160554975271225,0.8608095049858093,0.31681185960769653
YBR237W,YPR021C,0,2.7424848,0.2160019874572754,0.8608095049858093,0.3169119954109192
YBR228W,YDR499W,1,2.7422137,0.21619613468647003,0.8617966175079346,0.3169119954109192
YGR274C,YDR177W,0,2.7421458,0.21614260971546173,0.8617966175079346,0.31701210141181946
YNL218W,YLR237W,0,2.7409983,0.21608911454677582,0.8617966175079346,0.3171122372150421
YJR134C,YIL171W,0,2.7408566,0.2160356342792511,0.8617966175079346,0.31721237301826477
YNR016C,YCR040W,0,2.7405453,0.21598218381404877,0.8617966175079346,0.3173125088214874
YCR039C,YPR192W,0,2.7396264,0.21592876315116882,0.8617966175079346,0.3174126446247101
YLR097C,YBL021C,0,2.7384222,0.21587537229061127,0.8617966175079346,0.31751278042793274
YHR044C,YGR061C,0,2.7378492,0.2158219963312149,0.8617966175079346,0.317612886428833
YJR139C,YGL039W,0,2.7375696,0.21576866507530212,0.8617966175079346,0.31771302223205566
YKL154W,YMR026C,0,2.7372818,0.21571534872055054,0.8617966175079346,0.3178131580352783
YMR100W,YBL055C,0,2.7372303,0.21566206216812134,0.8617966175079346,0.317913293838501
YKL199C,YGL157W,0,2.737022,0.21560879051685333,0.8617966175079346,0.31801342964172363
YOR315W,YDR318W,0,2.7359848,0.21555554866790771,0.8617966175079346,0.3181135356426239
YNL007C,YKL198C,0,2.7359843,0.21550235152244568,0.8617966175079346,0.31821367144584656
YGR009C,YPR096C,0,2.735867,0.21544915437698364,0.8617966175079346,0.3183138072490692
YLR287C-A,YKR048C,0,2.7357678,0.2153960019350052,0.8617966175079346,0.31841394305229187
YJL170C,YNL129W,0,2.7356443,0.21534286439418793,0.8617966175079346,0.3185140788555145
YHL024W,YBL037W,0,2.735498,0.21528977155685425,0.8617966175079346,0.3186141848564148
YML042W,YMR026C,0,2.735483,0.21523669362068176,0.8617966175079346,0.31871432065963745
YMR235C,YHR099W,0,2.734865,0.21518363058567047,0.8617966175079346,0.3188144564628601
YBR237W,YMR211W,0,2.7342012,0.21513061225414276,0.8617966175079346,0.31891459226608276
YJL072C,YIR002C,0,2.7342005,0.21507760882377625,0.8617966175079346,0.3190147280693054
YIL138C,YLR078C,0,2.7340577,0.21502463519573212,0.8617966175079346,0.3191148638725281
YBR058C,YKR050W,0,2.7338789,0.21497167646884918,0.8617966175079346,0.31921496987342834
YJR160C,YGR101W,0,2.7329698,0.21491876244544983,0.8617966175079346,0.319315105676651
YGL213C,YDR011W,0,2.7323408,0.21486586332321167,0.8617966175079346,0.31941524147987366
YGL173C,YKL100C,0,2.7305152,0.2148129940032959,0.8617966175079346,0.3195153772830963
YJL170C,YER082C,0,2.7304797,0.21476015448570251,0.8617966175079346,0.31961551308631897
YNR022C,YER045C,0,2.7300072,0.21470732986927032,0.8617966175079346,0.31971561908721924
YMR289W,YLR176C,0,2.7298417,0.21465453505516052,0.8617966175079346,0.3198157548904419
YLR418C,YGL084C,0,2.7291942,0.2146017700433731,0.8617966175079346,0.31991589069366455
YJR160C,YMR201C,0,2.7287076,0.21454903483390808,0.8617966175079346,0.3200160264968872
YPR041W,YGR200C,0,2.728406,0.21449631452560425,0.8617966175079346,0.32011616230010986
YDL006W,YLL038C,0,2.7283885,0.2144436240196228,0.8617966175079346,0.32021626830101013
YOL018C,YNL112W,0,2.7280354,0.21439096331596375,0.8617966175079346,0.3203164041042328
YBR033W,YMR282C,0,2.7272303,0.21433833241462708,0.8617966175079346,0.32041653990745544
YLR238W,YDR158W,0,2.7267733,0.2142857164144516,0.8617966175079346,0.3205166757106781
YAL020C,YHR081W,0,2.7266302,0.2142331302165985,0.8617966175079346,0.32061681151390076
YMR306W,YNL101W,0,2.7264872,0.2141805738210678,0.8617966175079346,0.320716917514801
YGR262C,YMR312W,0,2.7262368,0.2141280323266983,0.8617966175079346,0.3208170533180237
YKL199C,YGR262C,0,2.726172,0.21407552063465118,0.8617966175079346,0.32091718912124634
YFL039C,YOR233W,0,2.7259307,0.21402303874492645,0.8617966175079346,0.321017324924469
YPL106C,YDR523C,0,2.7254834,0.2139705866575241,0.8617966175079346,0.32111746072769165
YGL021W,YDL185W,0,2.7242484,0.21391816437244415,0.8617966175079346,0.3212175965309143
YNL049C,YAL034W-A,0,2.7235837,0.2138657569885254,0.8617966175079346,0.3213177025318146
YLR134W,YGR062C,0,2.7235312,0.21381337940692902,0.8617966175079346,0.32141783833503723
YPL144W,YNR061C,0,2.7232852,0.21376101672649384,0.8617966175079346,0.3215179741382599
YMR094W,YLR438C-A,0,2.722033,0.21370868384838104,0.8617966175079346,0.32161810994148254
YNL159C,YNL301C,0,2.7212565,0.21365638077259064,0.8617966175079346,0.3217182457447052
YJR052W,YNL307C,1,2.720993,0.2138487845659256,0.8627837896347046,0.3217182457447052
YPL028W,YOR211C,0,2.719965,0.2137964814901352,0.8627837896347046,0.32181835174560547
YER184C,YJR135W-A,0,2.7197163,0.21374419331550598,0.8627837896347046,0.3219184875488281
YOL127W,YDR510W,0,2.7196832,0.21369193494319916,0.8627837896347046,0.3220186233520508
YHR046C,YNL189W,0,2.719513,0.21363969147205353,0.8627837896347046,0.32211875915527344
YBR159W,YDL006W,0,2.7180474,0.21358749270439148,0.8627837896347046,0.3222188949584961
YKL199C,YOL109W,0,2.7173684,0.21353530883789062,0.8627837896347046,0.32231900095939636
YAL043C,YJL158C,0,2.7170942,0.21348313987255096,0.8627837896347046,0.322419136762619
YMR130W,YLR154C,0,2.716364,0.21343101561069489,0.8627837896347046,0.3225192725658417
YDR170W-A,YOL072W,0,2.7163162,0.21337890625,0.8627837896347046,0.32261940836906433
YJL221C,YPR054W,0,2.7160385,0.2133268266916275,0.8627837896347046,0.322719544172287
YDR033W,YPL051W,0,2.71559,0.2132747620344162,0.8627837896347046,0.32281967997550964
YIR014W,YHR092C,0,2.7153502,0.21322274208068848,0.8627837896347046,0.3229197859764099
YOR131C,YDR298C,0,2.7141163,0.21317073702812195,0.8627837896347046,0.32301992177963257
YMR224C,YNR047W,0,2.713587,0.2131187468767166,0.8627837896347046,0.3231200575828552
YDR134C,YGL147C,0,2.7135215,0.21306680142879486,0.8627837896347046,0.3232201933860779
YDR329C,YCR077C,0,2.7130008,0.2130148708820343,0.8627837896347046,0.32332032918930054
YKL178C,YDR071C,0,2.7128134,0.21296297013759613,0.8627837896347046,0.3234204351902008
YJL065C,YLR139C,0,2.7117682,0.21291108429431915,0.8627837896347046,0.32352057099342346
YGR008C,YEL050C,0,2.7105937,0.21285922825336456,0.8627837896347046,0.3236207067966461
YNL049C,YOR233W,0,2.710486,0.21280740201473236,0.8627837896347046,0.3237208425998688
YEL061C,YER007W,0,2.7100668,0.21275560557842255,0.8627837896347046,0.32382097840309143
YLR170C,YMR071C,0,2.7088368,0.21270382404327393,0.8627837896347046,0.3239210844039917
YDR315C,YOL100W,0,2.7086709,0.2126520723104477,0.8627837896347046,0.32402122020721436
YKL034W,YOR270C,0,2.7086682,0.21260033547878265,0.8627837896347046,0.324121356010437
YGL210W,YPR042C,0,2.70824,0.2125486433506012,0.8627837896347046,0.32422149181365967
YDR030C,YNL107W,1,2.7070394,0.21274009346961975,0.8637709617614746,0.32422149181365967
YKL199C,YDL030W,0,2.7066917,0.2126883864402771,0.8637709617614746,0.3243216276168823
YHR207C,YMR223W,0,2.7062345,0.21263669431209564,0.8637709617614746,0.3244217336177826
YJL090C,YOR127W,0,2.7051597,0.21258503198623657,0.8637709617614746,0.32452186942100525
YGL095C,YCL050C,0,2.7048151,0.2125333994626999,0.8637709617614746,0.3246220052242279
YFR005C,YPR016C,0,2.7044775,0.2124817818403244,0.8637709617614746,0.32472214102745056
YGL191W,YLR385C,0,2.7042792,0.2124302089214325,0.8637709617614746,0.3248222768306732
YML106W,YNR045W,0,2.7040424,0.2123786360025406,0.8637709617614746,0.3249224126338959
YJL052W,YPL204W,0,2.7037692,0.21232710778713226,0.8637709617614746,0.32502251863479614
YBL106C,YMR287C,0,2.703367,0.21227559447288513,0.8637709617614746,0.3251226544380188
YPR166C,YNL268W,0,2.7022767,0.2122241109609604,0.8637709617614746,0.32522279024124146
YJR066W,YPL144W,0,2.7018766,0.21217264235019684,0.8637709617614746,0.3253229260444641
YPL269W,YLR287C-A,0,2.700677,0.21212121844291687,0.8637709617614746,0.32542306184768677
YGL136C,YLR121C,0,2.7003465,0.2120697945356369,0.8637709617614746,0.32552316784858704
YMR290C,YIL101C,0,2.6999311,0.21201841533184052,0.8637709617614746,0.3256233036518097
YLR134W,YNL325C,0,2.6998565,0.21196705102920532,0.8637709617614746,0.32572343945503235
YLR343W,YDR529C,0,2.6981354,0.21191571652889252,0.8637709617614746,0.325823575258255
YER088C,YPL017C,0,2.697122,0.2118644118309021,0.8637709617614746,0.32592371106147766
YDR501W,YPL281C,0,2.6959789,0.21181312203407288,0.8637709617614746,0.32602381706237793
YGL253W,YOL080C,0,2.695965,0.21176186203956604,0.8637709617614746,0.3261239528656006
YPL149W,YMR165C,0,2.6957295,0.2117106169462204,0.8637709617614746,0.32622408866882324
YHR186C,YGR200C,0,2.695478,0.21165941655635834,0.8637709617614746,0.3263242244720459
YBR024W,YGR075C,0,2.6943057,0.21160821616649628,0.8637709617614746,0.32642436027526855
YJL033W,YKR061W,0,2.6935182,0.2115570604801178,0.8637709617614746,0.3265244960784912
YBR207W,YER012W,0,2.6934106,0.2115059196949005,0.8637709617614746,0.3266246020793915
YGL128C,YER045C,0,2.6929893,0.21145480871200562,0.8637709617614746,0.32672473788261414
YFR015C,YDL006W,0,2.6929872,0.2114037275314331,0.8637709617614746,0.3268248736858368
YBR123C,YNL091W,0,2.6928418,0.2113526612520218,0.8637709617614746,0.32692500948905945
YIL009C-A,YLR139C,0,2.6912513,0.21130162477493286,0.8637709617614746,0.3270251452922821
YBR097W,YGR156W,0,2.688984,0.21125060319900513,0.8637709617614746,0.3271252512931824
YCL063W,YJL221C,0,2.6888647,0.21119961142539978,0.8637709617614746,0.32722538709640503
YNL330C,YEL015W,0,2.6885817,0.21114864945411682,0.8637709617614746,0.3273255228996277
YIR002C,YJL097W,0,2.687175,0.21109770238399506,0.8637709617614746,0.32742565870285034
YOR384W,YDR362C,0,2.685666,0.21104678511619568,0.8637709617614746,0.327525794506073
YDR456W,YDL038C,0,2.685354,0.2109958976507187,0.8637709617614746,0.32762590050697327
YDR056C,YBL061C,0,2.6852946,0.2109450399875641,0.8637709617614746,0.3277260363101959
YLR098C,YGL251C,0,2.684708,0.21089419722557068,0.8637709617614746,0.3278261721134186
YDR466W,YGL137W,0,2.6843612,0.21084336936473846,0.8637709617614746,0.32792630791664124
YJL170C,YDR116C,0,2.6842003,0.21079258620738983,0.8637709617614746,0.3280264437198639
YBL017C,YPR073C,0,2.6835897,0.2107418179512024,0.8637709617614746,0.32812654972076416
YGL090W,YNL246W,1,2.6827817,0.21093185245990753,0.8647581338882446,0.32812654972076416
YAL041W,YER161C,0,2.681394,0.2108810842037201,0.8647581338882446,0.3282266855239868
YNL210W,YLR126C,0,2.6813815,0.21083033084869385,0.8647581338882446,0.3283268213272095
YBR267W,YLL038C,0,2.6807923,0.2107795923948288,0.8647581338882446,0.32842695713043213
YDL030W,YLR154C,0,2.68054,0.21072888374328613,0.8647581338882446,0.3285270929336548
YNL293W,YER131W,0,2.6804807,0.21067820489406586,0.8647581338882446,0.32862722873687744
YHR105W,YDR197W,0,2.6803641,0.21062755584716797,0.8647581338882446,0.3287273347377777
YDR217C,YKL213C,1,2.6797183,0.21081730723381042,0.8657453060150146,0.3287273347377777
YKL199C,YBR092C,0,2.6782908,0.21076664328575134,0.8657453060150146,0.32882747054100037
YKL059C,YHR129C,0,2.6775599,0.21071600914001465,0.8657453060150146,0.328927606344223
YDR520C,YDR297W,0,2.6766772,0.21066538989543915,0.8657453060150146,0.3290277421474457
YDR018C,YKL108W,0,2.6761796,0.21061480045318604,0.8657453060150146,0.32912787795066833
YPL085W,YPR073C,0,2.6756616,0.21056422591209412,0.8657453060150146,0.3292279839515686
YDR313C,YNL189W,0,2.674821,0.21051368117332458,0.8657453060150146,0.32932811975479126
YOR288C,YPR028W,0,2.6742787,0.21046316623687744,0.8657453060150146,0.3294282555580139
YMR211W,YLR040C,0,2.6739626,0.2104126662015915,0.8657453060150146,0.3295283913612366
YKL109W,YGR279C,0,2.6729655,0.21036219596862793,0.8657453060150146,0.32962852716445923
YCR004C,YKL198C,0,2.6729228,0.21031175553798676,0.8657453060150146,0.3297286331653595
YKR097W,YPR032W,0,2.6709733,0.21026133000850677,0.8657453060150146,0.32982876896858215
YBL060W,YER173W,0,2.6695685,0.21021093428134918,0.8657453060150146,0.3299289047718048
YBR286W,YGL089C,0,2.6695385,0.21016055345535278,0.8657453060150146,0.33002904057502747
YGR274C,YGR101W,0,2.6687045,0.21011020243167877,0.8657453060150146,0.3301291763782501
YBR223C,YPL167C,1,2.6683471,0.21029940247535706,0.8667324781417847,0.3301291763782501
YDR018C,YGR035C,0,2.6677692,0.21024903655052185,0.8667324781417847,0.3302293121814728
YBR058C-A,YKL198C,0,2.667666,0.21019870042800903,0.8667324781417847,0.33032941818237305
YDR238C,YDR478W,0,2.667653,0.2101483941078186,0.8667324781417847,0.3304295539855957
YCR014C,YDR180W,1,2.6672964,0.21033740043640137,0.8677196502685547,0.3304295539855957
YNL158W,YDR197W,0,2.667206,0.21028707921504974,0.8677196502685547,0.33052968978881836
YDR224C,YGR054W,0,2.666891,0.2102367877960205,0.8677196502685547,0.330629825592041
YDR052C,YLR430W,0,2.666879,0.21018651127815247,0.8677196502685547,0.33072996139526367
YKL199C,YHR089C,0,2.6667562,0.2101362645626068,0.8677196502685547,0.33083006739616394
YPL206C,YPR031W,0,2.6664348,0.21008604764938354,0.8677196502685547,0.3309302031993866
YBL074C,YOR337W,0,2.6647239,0.21003584563732147,0.8677196502685547,0.33103033900260925
YMR208W,YNL012W,0,2.664555,0.2099856734275818,0.8677196502685547,0.3311304748058319
YMR171C,YPR122W,0,2.6640906,0.2099355161190033,0.8677196502685547,0.33123061060905457
YEL016C,YBR160W,0,2.663443,0.2098853886127472,0.8677196502685547,0.33133071660995483
YIL150C,YPR054W,0,2.663168,0.20983527600765228,0.8677196502685547,0.3314308524131775
YGR104C,YOR063W,0,2.6631527,0.20978520810604095,0.8677196502685547,0.33153098821640015
YDL075W,YDR032C,0,2.6623015,0.20973514020442963,0.8677196502685547,0.3316311240196228
YBR055C,YDR239C,0,2.6620455,0.20968511700630188,0.8677196502685547,0.33173125982284546
YBR087W,YMR312W,0,2.6617823,0.20963510870933533,0.8677196502685547,0.3318313956260681
YPL148C,YMR152W,0,2.6613915,0.20958511531352997,0.8677196502685547,0.3319315016269684
YML074C,YOL056W,0,2.6610174,0.2095351666212082,0.8677196502685547,0.33203163743019104
YAL043C,YOR326W,0,2.6601968,0.2094852179288864,0.8677196502685547,0.3321317732334137
YDL007W,YLL022C,0,2.6595,0.20943531394004822,0.8677196502685547,0.33223190903663635
YPR049C,YDR252W,0,2.658798,0.20938542485237122,0.8677196502685547,0.332332044839859
YOL007C,YGR272C,0,2.6582153,0.2093355506658554,0.8677196502685547,0.3324321508407593
YEL065W,YER007W,0,2.658121,0.20928572118282318,0.8677196502685547,0.33253228664398193
YER147C,YOL072W,1,2.6573615,0.20947393774986267,0.8687068223953247,0.33253228664398193
YPR005C,YPR073C,0,2.6572924,0.20942407846450806,0.8687068223953247,0.3326324224472046
YGR223C,YBL090W,0,2.6560965,0.20937426388263702,0.8687068223953247,0.33273255825042725
YLR266C,YBL020W,0,2.6560616,0.209324449300766,0.8687068223953247,0.3328326940536499
YOL004W,YOL094C,1,2.6552138,0.20951248705387115,0.8696939945220947,0.3328326940536499
YMR247C,YGL251C,0,2.6546147,0.20946267247200012,0.8696939945220947,0.33293280005455017
YHR116W,YEL016C,0,2.6541243,0.20941288769245148,0.8696939945220947,0.3330329358577728
YBR214W,YOL007C,0,2.6540613,0.20936311781406403,0.8696939945220947,0.3331330716609955
YGL206C,YKR094C,0,2.6532621,0.20931337773799896,0.8696939945220947,0.33323320746421814
YBR296C,YER068W,0,2.6530046,0.2092636525630951,0.8696939945220947,0.3333333432674408
YBL103C,YIR015W,0,2.6527586,0.2092139571905136,0.8696939945220947,0.33343344926834106
YDR138W,YDR092W,1,2.651926,0.2094017118215561,0.8706811666488647,0.33343344926834106
YDL210W,YJL189W,0,2.651903,0.20935200154781342,0.8706811666488647,0.3335335850715637
YDR263C,YDL154W,1,2.6514292,0.20953963696956635,0.8716683387756348,0.3335335850715637
YLR370C,YKL178C,0,2.650031,0.20948991179466248,0.8716683387756348,0.3336337208747864
YLR433C,YLR467W,0,2.649877,0.2094402313232422,0.8716683387756348,0.33373385667800903
YDL075W,YDR318W,0,2.6488752,0.2093905657529831,0.8716683387756348,0.3338339924812317
YOR228C,YBL010C,0,2.6488085,0.2093409150838852,0.8716683387756348,0.33393412828445435
YML018C,YPL091W,0,2.6476023,0.20929129421710968,0.8716683387756348,0.3340342342853546
YOR278W,YJR001W,0,2.6459656,0.20924170315265656,0.8716683387756348,0.33413437008857727
YJR139C,YCR010C,0,2.645809,0.20919214189052582,0.8716683387756348,0.3342345058917999
YNL158W,YJL164C,0,2.6451206,0.20914258062839508,0.8716683387756348,0.3343346416950226
YMR282C,YJL136C,0,2.644929,0.20909306406974792,0.8716683387756348,0.33443477749824524
YBL024W,YPL258C,0,2.644874,0.20904356241226196,0.8716683387756348,0.3345348834991455
YJL136C,YIL126W,0,2.6447606,0.2089940756559372,0.8716683387756348,0.33463501930236816
YKL199C,YBR084W,0,2.6438837,0.208944633603096,0.8716683387756348,0.3347351551055908
YMR128W,YER045C,0,2.6437688,0.20889519155025482,0.8716683387756348,0.3348352909088135
YPL060W,YMR150C,0,2.6437368,0.20884579420089722,0.8716683387756348,0.33493542671203613
YDR315C,YLR079W,0,2.6436656,0.2087964117527008,0.8716683387756348,0.3350355327129364
YDR356W,YHR052W,0,2.6426837,0.2087470442056656,0.8716683387756348,0.33513566851615906
YGL210W,YDL007W,0,2.6420245,0.20869770646095276,0.8716683387756348,0.3352358043193817
YLR214W,YAR044W,0,2.642022,0.20864839851856232,0.8716683387756348,0.33533594012260437
YJL157C,YHR215W,0,2.641669,0.20859910547733307,0.8716683387756348,0.335436075925827
YLR126C,YPR019W,0,2.6415863,0.20854982733726501,0.8716683387756348,0.3355362117290497
YDR121W,YPL159C,0,2.6415737,0.20850059390068054,0.8716683387756348,0.33563631772994995
YDR368W,YNL289W,0,2.6407533,0.20845137536525726,0.8716683387756348,0.3357364535331726
YPL269W,YJR045C,0,2.6403685,0.20840217173099518,0.8716683387756348,0.33583658933639526
YBR035C,YLR467W,0,2.63964,0.20835299789905548,0.8716683387756348,0.3359367251396179
YGR058W,YOL123W,0,2.639212,0.20830383896827698,0.8716683387756348,0.3360368609428406
YFR032C-A,YDR320C,0,2.638896,0.20825470983982086,0.8716683387756348,0.33613696694374084
YKL199C,YGR156W,0,2.6380615,0.20820561051368713,0.8716683387756348,0.3362371027469635
YGR106C,YDR065W,0,2.6373272,0.2081565260887146,0.8716683387756348,0.33633723855018616
YDR022C,YOR131C,0,2.6370618,0.20810747146606445,0.8716683387756348,0.3364373743534088
YJR033C,YHR013C,0,2.6367154,0.2080584317445755,0.8716683387756348,0.33653751015663147
YDR242W,YER048W-A,0,2.6359892,0.20800942182540894,0.8716683387756348,0.33663761615753174
YKL199C,YHR036W,0,2.6358266,0.20796042680740356,0.8716683387756348,0.3367377519607544
YOL092W,YAR044W,0,2.6337724,0.20791146159172058,0.8716683387756348,0.33683788776397705
YOR174W,YHR064C,0,2.6332438,0.20786252617835999,0.8716683387756348,0.3369380235671997
YBL069W,YER007W,0,2.6319635,0.20781360566616058,0.8716683387756348,0.33703815937042236
YML094W,YJR033C,0,2.63141,0.20776470005512238,0.8716683387756348,0.33713826537132263
YJR033C,YLR446W,0,2.631122,0.20771582424640656,0.8716683387756348,0.3372384011745453
YOR096W,YKL017C,0,2.6311212,0.20766697824001312,0.8716683387756348,0.33733853697776794
YLR008C,YPL186C,0,2.631109,0.20761814713478088,0.8716683387756348,0.3374386727809906
YER061C,YDR134C,0,2.630507,0.20756934583187103,0.8716683387756348,0.33753880858421326
YNL007C,YML063W,0,2.6304743,0.20752055943012238,0.8716683387756348,0.3376389443874359
YLR459W,YPL074W,0,2.6295917,0.2074718028306961,0.8716683387756348,0.3377390503883362
YBL103C,YER114C,0,2.6295118,0.20742306113243103,0.8716683387756348,0.33783918619155884
YML015C,YAL043C,0,2.628325,0.20737434923648834,0.8716683387756348,0.3379393219947815
YNL162W,YOR269W,0,2.6263492,0.20732566714286804,0.8716683387756348,0.33803945779800415
YKL088W,YLR147C,0,2.6242623,0.20727699995040894,0.8716683387756348,0.3381395936012268
YDL143W,YGR218W,0,2.6231613,0.20722834765911102,0.8716683387756348,0.3382396996021271
YDR138W,YGL087C,1,2.6229267,0.20741435885429382,0.87265545129776,0.3382396996021271
YHR206W,YIL026C,0,2.6216898,0.2073657065629959,0.87265545129776,0.33833983540534973
YPL085W,YOL125W,0,2.6215296,0.2073170691728592,0.87265545129776,0.3384399712085724
YBR136W,YIL154C,1,2.6213293,0.20750293135643005,0.87364262342453,0.3384399712085724
YGL090W,YJL052W,0,2.6212435,0.20745429396629333,0.87364262342453,0.33854010701179504
YMR109W,YNL213C,0,2.6208572,0.2074056714773178,0.87364262342453,0.3386402428150177
YDL231C,YNR022C,0,2.6204839,0.20735707879066467,0.87364262342453,0.33874034881591797
YDR231C,YPL153C,0,2.6198657,0.20730850100517273,0.87364262342453,0.3388404846191406
YML034W,YJR065C,0,2.6197612,0.20725995302200317,0.87364262342453,0.3389406204223633
YDL144C,YGL039W,0,2.6197307,0.2072114199399948,0.87364262342453,0.33904075622558594
YDR038C,YML088W,0,2.6191862,0.20716291666030884,0.87364262342453,0.3391408920288086
YAR018C,YPR073C,0,2.6191006,0.20711444318294525,0.87364262342453,0.33924102783203125
YBL088C,YMR201C,1,2.6190257,0.20729994773864746,0.8746297955513,0.33924102783203125
YCR053W,YDL017W,0,2.618718,0.20725145936012268,0.8746297955513,0.3393411338329315
YIL101C,YFR008W,0,2.6181436,0.2072030007839203,0.8746297955513,0.3394412696361542
YJR075W,YJL065C,0,2.6179516,0.2071545422077179,0.8746297955513,0.33954140543937683
YDR121W,YDL047W,1,2.6178865,0.20733988285064697,0.8756169676780701,0.33954140543937683
YJL106W,YCR040W,0,2.6153836,0.20729142427444458,0.8756169676780701,0.3396415412425995
YFL039C,YER020W,0,2.6141055,0.20724299550056458,0.8756169676780701,0.33974167704582214
YPL106C,YGL222C,0,2.6133819,0.20719458162784576,0.8756169676780701,0.3398417830467224
YML129C,YKL042W,0,2.6128006,0.20714619755744934,0.8756169676780701,0.33994191884994507
YHL036W,YDR534C,0,2.6120095,0.2070978283882141,0.8756169676780701,0.3400420546531677
YML124C,YLR446W,0,2.6120071,0.20704948902130127,0.8756169676780701,0.3401421904563904
YOR155C,YMR122W-A,0,2.6119747,0.20700116455554962,0.8756169676780701,0.34024232625961304
YPR108W,YCR054C,0,2.6106648,0.20695286989212036,0.8756169676780701,0.3403424322605133
YDR050C,YOR151C,0,2.6096041,0.2069045901298523,0.8756169676780701,0.34044256806373596
YNL293W,YPL085W,0,2.6090784,0.20685634016990662,0.8756169676780701,0.3405427038669586
YIL109C,YBR001C,0,2.6088696,0.20680812001228333,0.8756169676780701,0.3406428396701813
YFL041W,YJR075W,0,2.608755,0.20675989985466003,0.8756169676780701,0.34074297547340393
YNL001W,YJL156C,0,2.6084883,0.20671172440052032,0.8756169676780701,0.3408430814743042
YDR248C,YIL072W,0,2.6081553,0.2066635638475418,0.8756169676780701,0.34094321727752686
YDR358W,YPL022W,0,2.6081047,0.2066154181957245,0.8756169676780701,0.3410433530807495
YAL010C,YOR332W,0,2.6079655,0.20656730234622955,0.8756169676780701,0.34114348888397217
YJR160C,YML081C-A,0,2.6076598,0.2065192013978958,0.8756169676780701,0.3412436246871948
YAL035W,YHR010W,0,2.6069932,0.20647113025188446,0.8756169676780701,0.3413437604904175
YKL218C,YOR143C,0,2.6066654,0.2064230889081955,0.8756169676780701,0.34144386649131775
YGR056W,YLR376C,1,2.6064792,0.20660772919654846,0.8766041398048401,0.34144386649131775
YKL178C,YML081C-A,0,2.606186,0.2065596580505371,0.8766041398048401,0.3415440022945404
YBL030C,YKL056C,0,2.6061652,0.20651163160800934,0.8766041398048401,0.34164413809776306
YFR041C,YDR402C,0,2.6057544,0.20646362006664276,0.8766041398048401,0.3417442739009857
YKR058W,YIR015W,0,2.6057243,0.20641562342643738,0.8766041398048401,0.3418444097042084
YDL200C,YMR173W,1,2.605166,0.20660004019737244,0.8775913119316101,0.3418444097042084
YJR158W,YEL016C,0,2.6045442,0.20655204355716705,0.8775913119316101,0.34194451570510864
YNL107W,YMR156C,1,2.6039205,0.20673635601997375,0.8785784840583801,0.34194451570510864
YML054C,YDR253C,0,2.6035519,0.20668834447860718,0.8785784840583801,0.3420446515083313
YKR014C,YDR487C,0,2.6034694,0.2066403478384018,0.8785784840583801,0.34214478731155396
YGL173C,YDL069C,0,2.6034312,0.2065923810005188,0.8785784840583801,0.3422449231147766
YMR247C,YEL015W,0,2.6033638,0.2065444439649582,0.8785784840583801,0.34234505891799927
YDR253C,YDR418W,0,2.602961,0.20649652183055878,0.8785784840583801,0.34244516491889954
YHR105W,YLR385C,0,2.6026707,0.20644861459732056,0.8785784840583801,0.3425453007221222
YKR094C,YML102W,1,2.6023796,0.20663265883922577,0.8795656561851501,0.3425453007221222
YBR289W,YDR197W,0,2.6023235,0.20658473670482635,0.8795656561851501,0.34264543652534485
YML129C,YKR061W,0,2.6022618,0.20653685927391052,0.8795656561851501,0.3427455723285675
YHR028C,YPL177C,0,2.6019742,0.20648899674415588,0.8795656561851501,0.34284570813179016
YML058W-A,YNL290W,1,2.6017575,0.20667284727096558,0.8805528283119202,0.34284570813179016
YBL017C,YDR456W,0,2.601721,0.20662496984004974,0.8805528283119202,0.3429458439350128
YMR036C,YKR097W,0,2.601445,0.2065771222114563,0.8805528283119202,0.3430459499359131
YLR142W,YOL056W,0,2.599153,0.20652928948402405,0.8805528283119202,0.34314608573913574
YDR363W-A,YPL123C,0,2.5983825,0.20648148655891418,0.8805528283119202,0.3432462215423584
YLR032W,YER082C,0,2.5978298,0.20643369853496552,0.8805528283119202,0.34334635734558105
YMR043W,YGR075C,0,2.597762,0.20638592541217804,0.8805528283119202,0.3434464931488037
YDL030W,YLR357W,0,2.5974731,0.20633819699287415,0.8805528283119202,0.343546599149704
YNL331C,YOL007C,0,2.59711,0.20629046857357025,0.8805528283119202,0.34364673495292664
YDR520C,YDL112W,0,2.5970604,0.20624276995658875,0.8805528283119202,0.3437468707561493
YHR099W,YLR442C,1,2.5968535,0.20642626285552979,0.8815400004386902,0.3437468707561493
YDR533C,YJR121W,0,2.596254,0.20637854933738708,0.8815400004386902,0.34384700655937195
YDR387C,YGR279C,0,2.5960069,0.20633086562156677,0.8815400004386902,0.3439471423625946
YIL074C,YGL141W,0,2.595862,0.20628321170806885,0.8815400004386902,0.3440472483634949
YJL072C,YBR092C,0,2.595242,0.20623557269573212,0.8815400004386902,0.34414738416671753
YPR028W,YBR213W,0,2.5951996,0.20618794858455658,0.8815400004386902,0.3442475199699402
YPL204W,YNL262W,1,2.594635,0.20637118816375732,0.8825271725654602,0.3442475199699402
YMR070W,YNL268W,0,2.594421,0.2063235640525818,0.8825271725654602,0.34434765577316284
YGL119W,YBR058C-A,0,2.5929608,0.20627595484256744,0.8825271725654602,0.3444477915763855
YPL194W,YGR101W,0,2.5925012,0.2062283754348755,0.8825271725654602,0.34454789757728577
YDL143W,YGR054W,0,2.592319,0.20618081092834473,0.8825271725654602,0.3446480333805084
YEL013W,YER111C,0,2.5917666,0.20613327622413635,0.8825271725654602,0.3447481691837311
YPR166C,YOR066W,0,2.5908146,0.20608575642108917,0.8825271725654602,0.34484830498695374
YLR356W,YAR018C,0,2.5900226,0.20603825151920319,0.8825271725654602,0.3449484407901764
YDL069C,YBR198C,0,2.5899377,0.2059907764196396,0.8825271725654602,0.34504857659339905
YKL183W,YKL179C,0,2.5891278,0.20594333112239838,0.8825271725654602,0.3451486825942993
YPL148C,YLR147C,0,2.5887208,0.20589590072631836,0.8825271725654602,0.345248818397522
YMR247C,YOL019W,0,2.588491,0.20584848523139954,0.8825271725654602,0.34534895420074463
YDR253C,YNL331C,0,2.5878067,0.2058010995388031,0.8825271725654602,0.3454490900039673
YKL179C,YER045C,0,2.5876203,0.20575374364852905,0.8825271725654602,0.34554922580718994
YIL093C,YDL065C,0,2.5871177,0.2057064026594162,0.8825271725654602,0.3456493318080902
YBR195C,YJR068W,1,2.5865068,0.20588912069797516,0.8835142850875854,0.3456493318080902
YDR022C,YJR160C,0,2.585411,0.2058417648077011,0.8835142850875854,0.34574946761131287
YDL069C,YOR124C,0,2.5851722,0.20579443871974945,0.8835142850875854,0.3458496034145355
YML037C,YDR523C,0,2.584781,0.20574712753295898,0.8835142850875854,0.3459497392177582
YGL119W,YDR046C,0,2.5846605,0.2056998461484909,0.8835142850875854,0.34604987502098083
YLR170C,YDR511W,0,2.5842285,0.20565257966518402,0.8835142850875854,0.3461499810218811
YGL205W,YCR037C,0,2.5835702,0.20560532808303833,0.8835142850875854,0.34625011682510376
YPR156C,YOR332W,0,2.582725,0.20555810630321503,0.8835142850875854,0.3463502526283264
YER027C,YDR283C,0,2.581842,0.2055109143257141,0.8835142850875854,0.3464503884315491
YBR050C,YKL212W,0,2.5817473,0.2054637223482132,0.8835142850875854,0.34655052423477173
YMR127C,YER153C,0,2.581538,0.20541657507419586,0.8835142850875854,0.3466506600379944
YFL004W,YMR165C,0,2.581403,0.20536944270133972,0.8835142850875854,0.34675076603889465
YLR154C,YML074C,0,2.5807278,0.20532232522964478,0.8835142850875854,0.3468509018421173
YJL221C,YJR076C,0,2.579821,0.20527522265911102,0.8835142850875854,0.34695103764533997
YOR047C,YJR022W,0,2.5797255,0.20522816479206085,0.8835142850875854,0.3470511734485626
YPR168W,YPL038W,0,2.5797253,0.20518110692501068,0.8835142850875854,0.3471513092517853
YPL074W,YLR045C,0,2.5784373,0.2051340788602829,0.8835142850875854,0.34725141525268555
YPL194W,YPR036W,0,2.5773811,0.2050870805978775,0.8835142850875854,0.3473515510559082
YKL199C,YMR127C,0,2.576589,0.2050400972366333,0.8835142850875854,0.34745168685913086
YDL007W,YLR237W,0,2.5762389,0.2049931287765503,0.8835142850875854,0.3475518226623535
YDR253C,YDR103W,0,2.5753326,0.20494619011878967,0.8835142850875854,0.34765195846557617
YOR347C,YMR109W,0,2.5739574,0.20489926636219025,0.8835142850875854,0.34775206446647644
YDR134C,YNL339C,0,2.573844,0.2048523724079132,0.8835142850875854,0.3478522002696991
YJL108C,YOR069W,0,2.5736732,0.20480549335479736,0.8835142850875854,0.34795233607292175
YDR363W-A,YGR037C,0,2.5735412,0.2047586292028427,0.8835142850875854,0.3480524718761444
YLR188W,YDR387C,0,2.5732942,0.20471180975437164,0.8835142850875854,0.34815260767936707
YDR503C,YLR385C,0,2.5714502,0.20466499030590057,0.8835142850875854,0.34825271368026733
YMR088C,YER131W,0,2.5710452,0.2046182006597519,0.8835142850875854,0.34835284948349
YML058W-A,YGL087C,1,2.570702,0.20479999482631683,0.8845014572143555,0.34835284948349
YLR127C,YDR077W,0,2.570478,0.20475320518016815,0.8845014572143555,0.34845298528671265
YOR257W,YHR052W,0,2.569135,0.20470641553401947,0.8845014572143555,0.3485531210899353
YIL172C,YMR306W,0,2.5687375,0.20465965569019318,0.8845014572143555,0.34865325689315796
YKR056W,YBR089C-A,1,2.566833,0.20484128594398499,0.8854886293411255,0.34865325689315796
YJL108C,YAL062W,0,2.5658245,0.2047945261001587,0.8854886293411255,0.3487533926963806
YDR228C,YOR070C,0,2.5653484,0.2047477811574936,0.8854886293411255,0.3488534986972809
YBR048W,YGL185C,0,2.565054,0.20470105111598969,0.8854886293411255,0.34895363450050354
YBR024W,YOR057W,0,2.563786,0.20465435087680817,0.8854886293411255,0.3490537703037262
YDR139C,YDR486C,0,2.5627642,0.20460766553878784,0.8854886293411255,0.34915390610694885
YCR072C,YOR067C,0,2.5625703,0.2045610100030899,0.8854886293411255,0.3492540419101715
YNR070W,YGL155W,0,2.5613494,0.20451436936855316,0.8854886293411255,0.3493541479110718
YDR231C,YPL085W,0,2.5611503,0.2044677436351776,0.8854886293411255,0.34945428371429443
YOR381W,YLR418C,0,2.560917,0.20442114770412445,0.8854886293411255,0.3495544195175171
YDR279W,YBL074C,0,2.5598974,0.20437456667423248,0.8854886293411255,0.34965455532073975
YKL017C,YHR099W,1,2.5595894,0.20455580949783325,0.8864758014678955,0.34965455532073975
YMR208W,YGR200C,0,2.5590081,0.20450922846794128,0.8864758014678955,0.3497546911239624
YMR142C,YIL009C-A,0,2.5586002,0.2044626623392105,0.8864758014678955,0.34985479712486267
YDR288W,YGR002C,1,2.5578294,0.20464375615119934,0.8874629735946655,0.34985479712486267
YPL031C,YGR054W,0,2.5575438,0.20459717512130737,0.8874629735946655,0.3499549329280853
YDL043C,YDR362C,0,2.557352,0.2045506238937378,0.8874629735946655,0.350055068731308
YGR047C,YBL060W,0,2.5559855,0.2045040875673294,0.8874629735946655,0.35015520453453064
YJR158W,YGL253W,0,2.5559313,0.2044575810432434,0.8874629735946655,0.3502553403377533
YNL159C,YNL308C,0,2.5558429,0.2044110894203186,0.8874629735946655,0.35035547614097595
YLR238W,YLR371W,0,2.5545669,0.2043646275997162,0.8874629735946655,0.3504555821418762
YCR096C,YMR094W,0,2.5543594,0.20431818068027496,0.8874629735946655,0.3505557179450989
YOR257W,YLR207W,0,2.553973,0.20427176356315613,0.8874629735946655,0.35065585374832153
YOR179C,YER068W,0,2.553489,0.2042253464460373,0.8874629735946655,0.3507559895515442
YNL207W,YDR393W,0,2.5521774,0.20417897403240204,0.8874629735946655,0.35085612535476685
YDR117C,YNL146W,0,2.5515113,0.20413260161876678,0.8874629735946655,0.3509562313556671
YKR062W,YDR297W,0,2.5514107,0.20408625900745392,0.8874629735946655,0.35105636715888977
YIR006C,YFL037W,0,2.551123,0.20403994619846344,0.8874629735946655,0.3511565029621124
YDR420W,YOR131C,0,2.551093,0.20399364829063416,0.8874629735946655,0.3512566387653351
YDR139C,YLR078C,0,2.55085,0.20394736528396606,0.8874629735946655,0.35135677456855774
YOR037W,YDR440W,0,2.5504405,0.20390111207962036,0.8874629735946655,0.351456880569458
YFR037C,YJR015W,0,2.5497344,0.20385487377643585,0.8874629735946655,0.35155701637268066
YOR381W,YPL074W,0,2.5495567,0.20380866527557373,0.8874629735946655,0.3516571521759033
YER061C,YOR315W,0,2.5494106,0.2037624716758728,0.8874629735946655,0.351757287979126
YKL183W,YBL037W,0,2.5485988,0.20371629297733307,0.8874629735946655,0.35185742378234863
YJR097W,YNL128W,0,2.5483427,0.20367014408111572,0.8874629735946655,0.3519575595855713
YGL249W,YNL212W,0,2.547466,0.20362401008605957,0.8874629735946655,0.35205766558647156
YBL017C,YKL028W,0,2.5464964,0.2035779058933258,0.8874629735946655,0.3521578013896942
YPL106C,YDL110C,0,2.5459542,0.20353180170059204,0.8874629735946655,0.35225793719291687
YKL218C,YBR251W,0,2.5453825,0.20348574221134186,0.8874629735946655,0.3523580729961395
YEL054C,YDR046C,0,2.5453787,0.20343969762325287,0.8874629735946655,0.3524582087993622
YBR058C-A,YLR467W,0,2.544802,0.20339366793632507,0.8874629735946655,0.35255831480026245
YLR238W,YKL017C,0,2.5447984,0.20334765315055847,0.8874629735946655,0.3526584506034851
YPL195W,YJR060W,0,2.543987,0.20330166816711426,0.8874629735946655,0.35275858640670776
YGR223C,YMR314W,0,2.5439231,0.20325571298599243,0.8874629735946655,0.3528587222099304
YNL112W,YMR221C,0,2.5437877,0.2032097578048706,0.8874629735946655,0.3529588580131531
YDL102W,YFL008W,1,2.5430965,0.20338982343673706,0.8884501457214355,0.3529588580131531
YNL158W,YIR037W,0,2.5427341,0.20334388315677643,0.8884501457214355,0.35305896401405334
YOL092W,YIR017C,0,2.5426831,0.2032979428768158,0.8884501457214355,0.353159099817276
YHR206W,YIL051C,0,2.5415597,0.20325203239917755,0.8884501457214355,0.35325923562049866
YER133W,YOL120C,0,2.5407155,0.2032061368227005,0.8884501457214355,0.3533593714237213
YIL172C,YIL004C,0,2.5398378,0.20316027104854584,0.8884501457214355,0.35345950722694397
YDR520C,YKL108W,0,2.5392475,0.20311442017555237,0.8884501457214355,0.35355961322784424
YDR363W-A,YOL149W,0,2.5380473,0.2030685991048813,0.8884501457214355,0.3536597490310669
YLR170C,YPR132W,0,2.538025,0.2030227780342102,0.8884501457214355,0.35375988483428955
YNL339C,YDR116C,0,2.537726,0.2029770016670227,0.8884501457214355,0.3538600206375122
YDR253C,YDL017W,0,2.5376945,0.2029312252998352,0.8884501457214355,0.35396015644073486
YDL210W,YJR001W,0,2.5372813,0.2028854787349701,0.8884501457214355,0.3540602922439575
YDL166C,YDR252W,0,2.5369127,0.20283976197242737,0.8884501457214355,0.3541603982448578
YHL008C,YDR436W,0,2.535026,0.20279404520988464,0.8884501457214355,0.35426053404808044
YOR033C,YKL032C,1,2.535022,0.2029736489057541,0.8894373178482056,0.35426053404808044
YOR356W,YGR006W,0,2.5347037,0.20292793214321136,0.8894373178482056,0.3543606698513031
YJR098C,YPR042C,0,2.5344849,0.20288223028182983,0.8894373178482056,0.35446080565452576
YBR040W,YGR062C,0,2.5343566,0.2028365582227707,0.8894373178482056,0.3545609414577484
YOR332W,YPL033C,0,2.533707,0.20279090106487274,0.8894373178482056,0.3546610474586487
YDR390C,YGR218W,0,2.5335002,0.20274527370929718,0.8894373178482056,0.35476118326187134
YBR041W,YBR198C,0,2.5328112,0.2026996612548828,0.8894373178482056,0.354861319065094
YDL137W,YGR156W,0,2.5324707,0.20265406370162964,0.8894373178482056,0.35496145486831665
YDL051W,YFL041W,0,2.5324159,0.20260849595069885,0.8894373178482056,0.3550615906715393
YER007W,YOR044W,0,2.5319252,0.20256294310092926,0.8894373178482056,0.3551616966724396
YPR166C,YNL101W,0,2.531362,0.20251742005348206,0.8894373178482056,0.35526183247566223
YLR370C,YOR326W,0,2.5313263,0.20247191190719604,0.8894373178482056,0.3553619682788849
YPR132W,YLR430W,0,2.531096,0.20242641866207123,0.8894373178482056,0.35546210408210754
YOR037W,YCL061C,0,2.5310028,0.2023809552192688,0.8894373178482056,0.3555622398853302
YGL191W,YDR320C-A,0,2.530703,0.20233550667762756,0.8894373178482056,0.35566237568855286
YKL199C,YER174C,0,2.530676,0.20229007303714752,0.8894373178482056,0.3557624816894531
YGR035C,YDR298C,0,2.5306377,0.20224466919898987,0.8894373178482056,0.3558626174926758
YMR006C,YLR459W,0,2.5301175,0.2021992802619934,0.8894373178482056,0.35596275329589844
YOR047C,YHR099W,0,2.5297391,0.20215392112731934,0.8894373178482056,0.3560628890991211
YLR134W,YAL003W,0,2.529551,0.20210856199264526,0.8894373178482056,0.35616302490234375
YNL218W,YGR188C,0,2.5285668,0.20206324756145477,0.8894373178482056,0.356263130903244
YCR009C,YJR089W,0,2.5284219,0.20201793313026428,0.8894373178482056,0.3563632667064667
YLR170C,YLR127C,0,2.5274897,0.20197264850139618,0.8894373178482056,0.35646340250968933
YDR242W,YER082C,0,2.5272765,0.20192739367485046,0.8894373178482056,0.356563538312912
YER087C-A,YCR072C,0,2.5272405,0.20188213884830475,0.8894373178482056,0.35666367411613464
YML015C,YPL195W,0,2.5265746,0.20183691382408142,0.8894373178482056,0.3567637801170349
YBR286W,YAL043C,0,2.5256042,0.20179171860218048,0.8894373178482056,0.35686391592025757
YDL082W,YPL202C,0,2.5255022,0.20174652338027954,0.8894373178482056,0.3569640517234802
YER180C,YPL048W,0,2.525481,0.20170137286186218,0.8894373178482056,0.3570641875267029
YOR067C,YKL021C,0,2.5248845,0.20165622234344482,0.8894373178482056,0.35716432332992554
YCL075W,YDR420W,0,2.524681,0.20161110162734985,0.8894373178482056,0.3572644293308258
YFL036W,YJL129C,0,2.5240512,0.20156599581241608,0.8894373178482056,0.35736456513404846
YIR006C,YJL041W,0,2.5239444,0.2015209197998047,0.8894373178482056,0.3574647009372711
YPL281C,YER051W,0,2.5238962,0.2014758437871933,0.8894373178482056,0.3575648367404938
YGL249W,YAR044W,0,2.5238814,0.2014308124780655,0.8894373178482056,0.35766497254371643
YIL074C,YOR348C,0,2.5229156,0.20138578116893768,0.8894373178482056,0.3577651083469391
YPL090C,YDR047W,0,2.5226145,0.20134077966213226,0.8894373178482056,0.35786521434783936
YMR036C,YLR237W,0,2.5222178,0.20129579305648804,0.8894373178482056,0.357965350151062
YBR105C,YML088W,0,2.5218666,0.2012508362531662,0.8894373178482056,0.35806548595428467
YMR223W,YMR012W,0,2.5212831,0.20120589435100555,0.8894373178482056,0.3581656217575073
YBR058C,YPR019W,0,2.5210764,0.2011609673500061,0.8894373178482056,0.35826575756073
YNL136W,YDR093W,0,2.520936,0.20111607015132904,0.8894373178482056,0.35836586356163025
YLR147C,YOR244W,0,2.5199761,0.20107118785381317,0.8894373178482056,0.3584659993648529
YGL137W,YCR053W,0,2.5195982,0.2010263204574585,0.8894373178482056,0.35856613516807556
YNL077W,YJL008C,0,2.5193255,0.2009814828634262,0.8894373178482056,0.3586662709712982
YBL088C,YDR158W,0,2.5180333,0.20093666017055511,0.8894373178482056,0.3587664067745209
YDR101C,YPL153C,0,2.518015,0.2008918672800064,0.8894373178482056,0.35886651277542114
YJL019W,YGR220C,0,2.5167656,0.2008470743894577,0.8894373178482056,0.3589666485786438
YKR058W,YHR117W,0,2.5157342,0.20080231130123138,0.8894373178482056,0.35906678438186646
YDR228C,YPL220W,0,2.5157108,0.20075757801532745,0.8894373178482056,0.3591669201850891
YHL047C,YOR240W,0,2.5156975,0.20071285963058472,0.8894373178482056,0.35926705598831177
YML005W,YLR040C,0,2.5150182,0.20066815614700317,0.8894373178482056,0.3593671917915344
YOL067C,YER096W,0,2.514824,0.20062346756458282,0.8894373178482056,0.3594672977924347
YHR134W,YBR100W,1,2.514482,0.20080143213272095,0.8904244899749756,0.3594672977924347
YIL039W,YLR337W,0,2.514245,0.2007567286491394,0.8904244899749756,0.35956743359565735
YFR037C,YEL016C,0,2.514018,0.20071205496788025,0.8904244899749756,0.35966756939888
YDR466W,YML063W,0,2.514004,0.20066741108894348,0.8904244899749756,0.35976770520210266
YDR279W,YDR093W,0,2.513936,0.2006227821111679,0.8904244899749756,0.3598678410053253
YHR079C-B,YOL043C,1,2.5135603,0.20080053806304932,0.8914116621017456,0.3598678410053253
YHR105W,YBL101W-A,0,2.5135279,0.20075589418411255,0.8914116621017456,0.3599679470062256
YOR396W,YNL325C,0,2.5132732,0.20071126520633698,0.8914116621017456,0.36006808280944824
YAR018C,YGL258W-A,0,2.5132732,0.2006666660308838,0.8914116621017456,0.3601682186126709
YGL258W-A,YNL135C,0,2.5132732,0.2006220817565918,0.8914116621017456,0.36026835441589355
YKL199C,YHR099W,0,2.5132732,0.2005775272846222,0.8914116621017456,0.3603684902191162
YDL038C,YIL101C,0,2.5132732,0.2005329728126526,0.8914116621017456,0.3604685962200165
YGL258W-A,YPL028W,0,2.5132732,0.20048844814300537,0.8914116621017456,0.36056873202323914
YHR079C-A,YBR100W,1,2.5132732,0.2006659209728241,0.8923988342285156,0.36056873202323914
YDL038C,YBR291C,0,2.5132732,0.20062139630317688,0.8923988342285156,0.3606688678264618
YJL165C,YGL258W-A,0,2.5132732,0.20057688653469086,0.8923988342285156,0.36076900362968445
YBL106C,YDL038C,0,2.5132732,0.20053239166736603,0.8923988342285156,0.3608691394329071
YOR396W,YCR075C,0,2.5132732,0.2004879117012024,0.8923988342285156,0.3609692454338074
YGL258W-A,YCR075C,0,2.5132732,0.20044346153736115,0.8923988342285156,0.36106938123703003
YGL258W-A,YGR220C,0,2.5132732,0.2003990262746811,0.8923988342285156,0.3611695170402527
YDL038C,YMR312W,0,2.5132732,0.20035460591316223,0.8923988342285156,0.36126965284347534
YGL106W,YOR396W,0,2.5132732,0.20031021535396576,0.8923988342285156,0.361369788646698
YDL038C,YNL061W,0,2.5132732,0.20026583969593048,0.8923988342285156,0.36146992444992065
YDL038C,YAR018C,0,2.5132732,0.2002214789390564,0.8923988342285156,0.3615700304508209
YML042W,YOR396W,0,2.5132732,0.2001771479845047,0.8923988342285156,0.3616701662540436
YDL038C,YGL155W,0,2.5132732,0.2001328319311142,0.8923988342285156,0.36177030205726624
YPL281C,YMR122W-A,0,2.5132732,0.2000885307788849,0.8923988342285156,0.3618704378604889
YDL038C,YGR295C,0,2.5132732,0.20004425942897797,0.8923988342285156,0.36197057366371155
YGL258W-A,YNL268W,0,2.5132732,0.20000000298023224,0.8923988342285156,0.3620706796646118
YGL258W-A,YOR306C,0,2.5132732,0.1999557614326477,0.8923988342285156,0.3621708154678345
YDL038C,YIL171W,0,2.5132732,0.19991154968738556,0.8923988342285156,0.36227095127105713
YGL258W-A,YDR483W,0,2.5132732,0.1998673379421234,0.8923988342285156,0.3623710870742798
YOR396W,YIR023W,0,2.5132732,0.19982317090034485,0.8923988342285156,0.36247122287750244
YDL038C,YHR184W,0,2.5132732,0.19977900385856628,0.8923988342285156,0.3625713288784027
YDL038C,YBR283C,0,2.5132732,0.1997348666191101,0.8923988342285156,0.36267146468162537
YLR158C,YOR396W,0,2.5132732,0.19969074428081512,0.8923988342285156,0.362771600484848
YDL038C,YJL062W,0,2.5132732,0.19964663684368134,0.8923988342285156,0.3628717362880707
YGL258W-A,YNL189W,0,2.5132732,0.19960255920886993,0.8923988342285156,0.36297187209129333
YGL258W-A,YJL056C,0,2.5132732,0.19955849647521973,0.8923988342285156,0.363072007894516
YLL050C,YER164W,0,2.5132208,0.1995144486427307,0.8923988342285156,0.36317211389541626
YJL164C,YBL101W-A,0,2.5131984,0.1994704306125641,0.8923988342285156,0.3632722496986389
YHR039C-B,YHR011W,0,2.512875,0.19942642748355865,0.8923988342285156,0.3633723855018616
YMR233W,YKR058W,0,2.512577,0.19938243925571442,0.8923988342285156,0.36347252130508423
YPL143W,YKL158W,0,2.512575,0.19933848083019257,0.8923988342285156,0.3635726571083069
YPR063C,YML012W,0,2.512539,0.1992945373058319,0.8923988342285156,0.36367276310920715
YHR167W,YKL158W,0,2.5121877,0.19925060868263245,0.8923988342285156,0.3637728989124298
YHR079C-B,YBR073W,1,2.5121543,0.1994270533323288,0.8933860063552856,0.3637728989124298
YBR164C,YMR150C,0,2.5119991,0.19938312470912933,0.8933860063552856,0.36387303471565247
YHR079C-B,YER179W,1,2.5114045,0.19955946505069733,0.8943731784820557,0.36387303471565247
YDR342C,YKL158W,0,2.510085,0.19951552152633667,0.8943731784820557,0.3639731705188751
YBR082C,YMR128W,0,2.5098104,0.1994715929031372,0.8943731784820557,0.3640733063220978
YBR092C,YPL085W,0,2.5096452,0.19942769408226013,0.8943731784820557,0.36417341232299805
YMR208W,YNL325C,0,2.5094602,0.19938381016254425,0.8943731784820557,0.3642735481262207
YGL206C,YHR099W,0,2.508977,0.19933994114398956,0.8943731784820557,0.36437368392944336
YIL084C,YJR155W,0,2.5084243,0.19929608702659607,0.8943731784820557,0.364473819732666
YPR156C,YBR122C,0,2.5074751,0.19925224781036377,0.8943731784820557,0.36457395553588867
YIL009C-A,YKL143W,0,2.5073211,0.19920843839645386,0.8943731784820557,0.36467406153678894
YJL052W,YLR337W,0,2.5069194,0.19916465878486633,0.8943731784820557,0.3647741973400116
YOR381W,YBR175W,0,2.5068438,0.1991208791732788,0.8943731784820557,0.36487433314323425
YKL178C,YBR058C-A,0,2.50627,0.19907712936401367,0.8943731784820557,0.3649744689464569
YJL156C,YOL077C,0,2.5056896,0.19903339445590973,0.8943731784820557,0.36507460474967957
YDL033C,YOR039W,0,2.5053346,0.19898967444896698,0.8943731784820557,0.3651747405529022
YOL139C,YHL032C,0,2.5050075,0.19894598424434662,0.8943731784820557,0.3652748465538025
YKL045W,YPL235W,1,2.5049024,0.1991218477487564,0.8953602910041809,0.3652748465538025
YKR038C,YHR039C-B,0,2.504527,0.19907814264297485,0.8953602910041809,0.36537498235702515
YBR175W,YLR337W,0,2.504419,0.1990344524383545,0.8953602910041809,0.3654751181602478
YDR217C,YHR120W,1,2.504118,0.19921018183231354,0.8963474631309509,0.3654751181602478
YHR092C,YER131W,0,2.5030787,0.19916647672653198,0.8963474631309509,0.36557525396347046
YBL064C,YDR139C,0,2.5030289,0.19912280142307281,0.8963474631309509,0.3656753897666931
YOR240W,YOL019W,0,2.5028405,0.19907915592193604,0.8963474631309509,0.3657754957675934
YPR132W,YMR150C,0,2.5022702,0.19903551042079926,0.8963474631309509,0.36587563157081604
YDR096W,YDR400W,0,2.5021033,0.19899189472198486,0.8963474631309509,0.3659757673740387
YBL054W,YDL200C,0,2.5018473,0.19894829392433167,0.8963474631309509,0.36607590317726135
YLR287C-A,YEL058W,0,2.5018325,0.19890470802783966,0.8963474631309509,0.366176038980484
YJR135W-A,YNR047W,0,2.5017588,0.19886115193367004,0.8963474631309509,0.3662761449813843
YMR130W,YDR478W,0,2.501363,0.19881761074066162,0.8963474631309509,0.36637628078460693
YBR040W,YGR279C,0,2.5011258,0.1987740844488144,0.8963474631309509,0.3664764165878296
YGR263C,YOR332W,0,2.500696,0.19873057305812836,0.8963474631309509,0.36657655239105225
YFL039C,YLR438C-A,0,2.5001082,0.1986870914697647,0.8963474631309509,0.3666766881942749
YDL065C,YLR265C,0,2.499963,0.19864362478256226,0.8963474631309509,0.36677682399749756
YER174C,YPL143W,0,2.4997678,0.198600172996521,0.8963474631309509,0.3668769299983978
YML015C,YJL221C,0,2.4997342,0.19855675101280212,0.8963474631309509,0.3669770658016205
YMR056C,YBR030W,0,2.4995928,0.19851332902908325,0.8963474631309509,0.36707720160484314
YIR012W,YDR330W,0,2.4985893,0.19846995174884796,0.8963474631309509,0.3671773374080658
YOR067C,YLR337W,0,2.498167,0.19842657446861267,0.8963474631309509,0.36727747321128845
YML054C,YOR240W,0,2.4974337,0.19838322699069977,0.8963474631309509,0.3673775792121887
YLR147C,YAL044C,0,2.4970102,0.19833987951278687,0.8963474631309509,0.3674777150154114
YPL121C,YNL310C,0,2.4948401,0.19829657673835754,0.8963474631309509,0.36757785081863403
YMR016C,YHR039C-B,0,2.4945083,0.19825327396392822,0.8963474631309509,0.3676779866218567
YCL069W,YGL106W,0,2.4943638,0.1982100009918213,0.8963474631309509,0.36777812242507935
YLR450W,YEL065W,0,2.4935129,0.19816674292087555,0.8963474631309509,0.3678782284259796
YDR253C,YOL133W,0,2.4923458,0.198123499751091,0.8963474631309509,0.36797836422920227
YGL222C,YBL069W,0,2.4922411,0.19808028638362885,0.8963474631309509,0.3680785000324249
YDR086C,YDL115C,0,2.4920235,0.1980370730161667,0.8963474631309509,0.3681786358356476
YML060W,YJR135W-A,0,2.4915943,0.19799388945102692,0.8963474631309509,0.36827877163887024
YDL210W,YOL100W,0,2.4912968,0.19795073568820953,0.8963474631309509,0.3683789074420929
YER088C,YCR092C,0,2.4909859,0.19790758192539215,0.8963474631309509,0.36847901344299316
YAL041W,YNL159C,0,2.4905832,0.19786445796489716,0.8963474631309509,0.3685791492462158
YJR066W,YLR356W,0,2.4902034,0.19782134890556335,0.8963474631309509,0.3686792850494385
YNL091W,YAL062W,0,2.4894328,0.19777825474739075,0.8963474631309509,0.36877942085266113
YDR242W,YJR160C,0,2.489153,0.19773519039154053,0.8963474631309509,0.3688795566558838
YDL080C,YGL178W,0,2.4883785,0.1976921409368515,0.8963474631309509,0.36897966265678406
YDR329C,YLL038C,0,2.487931,0.19764910638332367,0.8963474631309509,0.3690797984600067
YBR048W,YDR128W,0,2.487291,0.19760608673095703,0.8963474631309509,0.36917993426322937
YGL210W,YIR023W,0,2.4864695,0.19756309688091278,0.8963474631309509,0.369280070066452
YDR177W,YML087C,0,2.486393,0.19752012193202972,0.8963474631309509,0.3693802058696747
YKL158W,YKL056C,0,2.4863427,0.19747716188430786,0.8963474631309509,0.36948031187057495
YKL183W,YPL281C,0,2.4860559,0.1974342316389084,0.8963474631309509,0.3695804476737976
YLR074C,YER153C,0,2.4856794,0.1973913013935089,0.8963474631309509,0.36968058347702026
YDR315C,YDR077W,0,2.485003,0.19734840095043182,0.8963474631309509,0.3697807192802429
YGR292W,YDR071C,0,2.4849453,0.19730551540851593,0.8963474631309509,0.3698808550834656
YDL051W,YBL069W,0,2.4836226,0.19726265966892242,0.8963474631309509,0.36998096108436584
YPL143W,YLR403W,0,2.483539,0.19721980392932892,0.8963474631309509,0.3700810968875885
YGL106W,YGR061C,0,2.4834228,0.1971769779920578,0.8963474631309509,0.37018123269081116
YOL065C,YGL168W,0,2.4826522,0.19713416695594788,0.8963474631309509,0.3702813684940338
YLR045C,YNR047W,0,2.4826148,0.19709138572216034,0.8963474631309509,0.37038150429725647
YJL044C,YBR097W,0,2.481867,0.1970486044883728,0.8963474631309509,0.3704816401004791
YLR134W,YML113W,0,2.4816253,0.19700585305690765,0.8963474631309509,0.3705817461013794
YAL035W,YER007W,0,2.481429,0.1969631165266037,0.8963474631309509,0.37068188190460205
YER027C,YDL006W,0,2.4813771,0.19692040979862213,0.8963474631309509,0.3707820177078247
YHR017W,YGR272C,0,2.4810615,0.19687770307064056,0.8963474631309509,0.37088215351104736
YIR006C,YDR117C,0,2.4806674,0.19683502614498138,0.8963474631309509,0.37098228931427
YNR050C,YBR207W,0,2.4806025,0.1967923641204834,0.8963474631309509,0.3710823953151703
YBL103C,YPL195W,0,2.4800014,0.1967497318983078,0.8963474631309509,0.37118253111839294
YBR024W,YAL013W,0,2.4798627,0.1967070996761322,0.8963474631309509,0.3712826669216156
YEL015W,YPR054W,0,2.4795027,0.196664497256279,0.8963474631309509,0.37138280272483826
YBL078C,YGL123W,0,2.4779975,0.19662190973758698,0.8963474631309509,0.3714829385280609
YMR171C,YHL019C,0,2.4774568,0.19657935202121735,0.8963474631309509,0.3715830445289612
YLR283W,YEL002C,0,2.477314,0.19653679430484772,0.8963474631309509,0.37168318033218384
YGR071C,YJR126C,0,2.4769685,0.19649426639080048,0.8963474631309509,0.3717833161354065
YLR418C,YDR507C,0,2.4767842,0.19645175337791443,0.8963474631309509,0.37188345193862915
YMR289W,YHR036W,0,2.475507,0.19640925526618958,0.8963474631309509,0.3719835877418518
YNL242W,YDL127W,0,2.4752557,0.1963667869567871,0.8963474631309509,0.37208372354507446
YHL008C,YIL072W,0,2.474574,0.19632431864738464,0.8963474631309509,0.37218382954597473
YGR063C,YOR043W,0,2.4739962,0.19628188014030457,0.8963474631309509,0.3722839653491974
YJL148W,YLR265C,0,2.4738164,0.19623947143554688,0.8963474631309509,0.37238410115242004
YKL034W,YGR116W,0,2.4730835,0.19619706273078918,0.8963474631309509,0.3724842369556427
YHR027C,YKL158W,0,2.4721699,0.19615468382835388,0.8963474631309509,0.37258437275886536
YLR396C,YCL069W,0,2.4719348,0.19611230492591858,0.8963474631309509,0.3726844787597656
YCL061C,YBR283C,0,2.4716094,0.19606997072696686,0.8963474631309509,0.3727846145629883
YOR278W,YLL050C,0,2.4711752,0.19602763652801514,0.8963474631309509,0.37288475036621094
YJL153C,YJL080C,0,2.4707048,0.1959853172302246,0.8963474631309509,0.3729848861694336
YNL158W,YNL061W,0,2.4700394,0.19594302773475647,0.8963474631309509,0.37308502197265625
YBL060W,YML037C,0,2.4697673,0.19590075314044952,0.8963474631309509,0.3731851279735565
YER133W,YOR067C,0,2.4691584,0.19585849344730377,0.8963474631309509,0.3732852637767792
YHR079C-B,YEL037C,1,2.4682767,0.19603191316127777,0.897334635257721,0.3732852637767792
YLL062C,YPR063C,0,2.4679008,0.19598965346813202,0.897334635257721,0.37338539958000183
YJL165C,YOL019W,0,2.467857,0.19594740867614746,0.897334635257721,0.3734855353832245
YLR430W,YDR507C,0,2.4673135,0.1959051787853241,0.897334635257721,0.37358567118644714
YLL013C,YMR307W,0,2.465833,0.19586296379566193,0.897334635257721,0.3736857771873474
YBR175W,YGR234W,0,2.4650807,0.19582076370716095,0.897334635257721,0.37378591299057007
YKL135C,YGR009C,0,2.4648738,0.19577859342098236,0.897334635257721,0.3738860487937927
YDR182W,YHR056C,1,2.464081,0.19595175981521606,0.898321807384491,0.3738860487937927
YKL178C,YDL060W,0,2.4636004,0.19590957462787628,0.898321807384491,0.3739861845970154
YGR047C,YDR139C,0,2.4626973,0.1958674192428589,0.898321807384491,0.37408632040023804
YMR316W,YDR529C,0,2.462364,0.1958252638578415,0.898321807384491,0.3741864562034607
YCL075W,YKL158W,0,2.4600546,0.19578313827514648,0.898321807384491,0.37428656220436096
YDL130W,YMR042W,0,2.4598126,0.19574101269245148,0.898321807384491,0.3743866980075836
YPR178W,YLR207W,0,2.4592,0.19569893181324005,0.898321807384491,0.3744868338108063
YKL199C,YEL065W,0,2.4589477,0.19565685093402863,0.898321807384491,0.37458696961402893
YBR058C,YHR129C,0,2.4588864,0.1956147849559784,0.898321807384491,0.3746871054172516
YHR076W,YMR221C,0,2.4588394,0.19557274878025055,0.898321807384491,0.37478721141815186
YER110C,YPL103C,0,2.4588196,0.1955307275056839,0.898321807384491,0.3748873472213745
YJL156C,YNL091W,0,2.4583762,0.19548872113227844,0.898321807384491,0.37498748302459717
YPR056W,YLR427W,1,2.4574924,0.1956615149974823,0.899308979511261,0.37498748302459717
YNL061W,YML081C-A,0,2.4574413,0.19561949372291565,0.899308979511261,0.3750876188278198
YER111C,YDR158W,0,2.456972,0.1955775022506714,0.899308979511261,0.3751877546310425
YER070W,YPR047W,0,2.4548502,0.19553552567958832,0.899308979511261,0.37528786063194275
YOR096W,YKL181W,0,2.4546244,0.19549356400966644,0.899308979511261,0.3753879964351654
YMR235C,YDR170W-A,0,2.4543982,0.19545161724090576,0.899308979511261,0.37548813223838806
YKL158W,YLR010C,0,2.4543743,0.19540970027446747,0.899308979511261,0.3755882680416107
YPL195W,YER020W,0,2.4517975,0.19536778330802917,0.899308979511261,0.3756884038448334
YML005W,YDR421W,0,2.4512298,0.19532589614391327,0.899308979511261,0.37578853964805603
YDR050C,YMR004W,0,2.4511926,0.19528402388095856,0.899308979511261,0.3758886456489563
YPL220W,YLR306W,0,2.4502568,0.19524218142032623,0.899308979511261,0.37598878145217896
YOR179C,YIL084C,0,2.4496272,0.1952003389596939,0.899308979511261,0.3760889172554016
YDL069C,YPR108W,0,2.4496086,0.19515852630138397,0.899308979511261,0.37618905305862427
YDR239C,YMR208W,0,2.449085,0.19511672854423523,0.899308979511261,0.3762891888618469
YDL136W,YOR039W,0,2.4486213,0.19507494568824768,0.899308979511261,0.3763892948627472
YIR012W,YEL002C,0,2.4484594,0.19503317773342133,0.899308979511261,0.37648943066596985
YBR159W,YDL180W,0,2.4479427,0.19499143958091736,0.899308979511261,0.3765895664691925
YOL007C,YML048W,0,2.4475777,0.19494971632957458,0.899308979511261,0.37668970227241516
YBR166C,YBL022C,0,2.4472616,0.194908007979393,0.899308979511261,0.3767898380756378
YHR079C-B,YPL194W,1,2.4471154,0.1950802206993103,0.900296151638031,0.3767898380756378
YDR400W,YPL095C,0,2.4470558,0.19503849744796753,0.900296151638031,0.3768899440765381
YHR099W,YKL045W,1,2.4462223,0.19521060585975647,0.901283323764801,0.3768899440765381
YLR096W,YLL038C,0,2.4461763,0.1951688826084137,0.901283323764801,0.37699007987976074
YAL035W,YLR433C,0,2.44561,0.19512715935707092,0.901283323764801,0.3770902156829834
YBR033W,YPL206C,0,2.4422545,0.19508546590805054,0.901283323764801,0.37719035148620605
YPL206C,YMR152W,0,2.4418902,0.19504378736019135,0.901283323764801,0.3772904872894287
YNL086W,YAL008W,0,2.4406261,0.19500213861465454,0.901283323764801,0.377390593290329
YJL046W,YKR014C,0,2.4395955,0.19496048986911774,0.901283323764801,0.37749072909355164
YDR376W,YMR004W,0,2.4388454,0.19491887092590332,0.901283323764801,0.3775908648967743
YCL066W,YER106W,0,2.4384823,0.1948772668838501,0.901283323764801,0.37769100069999695
YDL210W,YIL160C,0,2.4379652,0.19483567774295807,0.901283323764801,0.3777911365032196
YDR013W,YER096W,0,2.4373665,0.19479411840438843,0.901283323764801,0.37789127230644226
YOL003C,YDR320C-A,0,2.43716,0.1947525590658188,0.901283323764801,0.37799137830734253
YOR240W,YDR251W,0,2.4370468,0.19471102952957153,0.901283323764801,0.3780915141105652
YER161C,YBR040W,0,2.4365826,0.19466951489448547,0.901283323764801,0.37819164991378784
YPL095C,YOL080C,0,2.43636,0.1946280151605606,0.901283323764801,0.3782917857170105
YOR151C,YPR036W,0,2.4354548,0.19458653032779694,0.901283323764801,0.37839192152023315
YMR211W,YKR037C,0,2.435317,0.19454506039619446,0.901283323764801,0.3784920275211334
YBR289W,YLR079W,0,2.435267,0.19450362026691437,0.901283323764801,0.3785921633243561
YJR001W,YHL036W,0,2.4351876,0.19446219503879547,0.901283323764801,0.37869229912757874
YOR155C,YAR044W,0,2.4349294,0.19442078471183777,0.901283323764801,0.3787924349308014
YOR036W,YDL112W,0,2.434764,0.19437938928604126,0.901283323764801,0.37889257073402405
YDR236C,YJR155W,0,2.4346995,0.19433800876140594,0.901283323764801,0.3789926767349243
YDR443C,YGL084C,0,2.4336097,0.19429665803909302,0.901283323764801,0.379092812538147
YPR132W,YFL036W,0,2.4335563,0.19425532221794128,0.901283323764801,0.37919294834136963
YLR090W,YBR035C,0,2.4335237,0.19421400129795074,0.901283323764801,0.3792930841445923
YLL013C,YLR419W,0,2.4335074,0.1941726952791214,0.901283323764801,0.37939321994781494
YFL004W,YBR050C,0,2.4331808,0.19413140416145325,0.901283323764801,0.3794933557510376
YER025W,YLR096W,0,2.433139,0.19409014284610748,0.901283323764801,0.37959346175193787
YHR101C,YHR011W,0,2.4330878,0.19404888153076172,0.901283323764801,0.3796935975551605
YMR004W,YDR197W,0,2.4327114,0.19400765001773834,0.901283323764801,0.3797937333583832
YDR356W,YOR217W,0,2.4314036,0.19396643340587616,0.901283323764801,0.37989386916160583
YPL144W,YDR326C,0,2.431301,0.19392523169517517,0.901283323764801,0.3799940049648285
YJL090C,YGR061C,0,2.4312966,0.19388404488563538,0.901283323764801,0.38009411096572876
YHR167W,YER180C,0,2.4307745,0.19384288787841797,0.901283323764801,0.3801942467689514
YOL067C,YJR145C,0,2.4307673,0.19380174577236176,0.901283323764801,0.3802943825721741
YIL153W,YPL194W,1,2.43071,0.19397284090518951,0.902270495891571,0.3802943825721741
YDR012W,YMR285C,0,2.4305463,0.1939316838979721,0.902270495891571,0.38039451837539673
YDR121W,YHR064C,0,2.4299903,0.1938905417919159,0.902270495891571,0.3804946541786194
YIL039W,YHR052W,0,2.4292228,0.19384941458702087,0.902270495891571,0.38059476017951965
YPL091W,YOR242C,0,2.4290187,0.19380831718444824,0.902270495891571,0.3806948959827423
YHL024W,YIL112W,0,2.4286258,0.1937672197818756,0.902270495891571,0.38079503178596497
YPL157W,YDR014W,0,2.4284024,0.19372615218162537,0.902270495891571,0.3808951675891876
YDR420W,YPR096C,0,2.4283502,0.19368509948253632,0.902270495891571,0.3809953033924103
YDL115C,YGL040C,0,2.4279344,0.19364406168460846,0.902270495891571,0.38109540939331055
YKL004W,YLR096W,0,2.4264388,0.193603053689003,0.902270495891571,0.3811955451965332
YHR046C,YOL156W,0,2.424839,0.19356204569339752,0.902270495891571,0.38129568099975586
YAR019C,YBR231C,0,2.4246306,0.19352106750011444,0.902270495891571,0.3813958168029785
YAL013W,YGR272C,0,2.4239244,0.19348010420799255,0.902270495891571,0.38149595260620117
YNR016C,YDR103W,0,2.4234233,0.19343915581703186,0.902270495891571,0.38159608840942383
YPL144W,YMR223W,0,2.423318,0.19339822232723236,0.902270495891571,0.3816961944103241
YLR097C,YNL213C,0,2.4230998,0.19335730373859406,0.902270495891571,0.38179633021354675
YLR467W,YBL023C,0,2.4224846,0.19331641495227814,0.902270495891571,0.3818964660167694
YMR100W,YPL089C,0,2.4222102,0.1932755410671234,0.902270495891571,0.38199660181999207
YPL121C,YDR317W,1,2.421919,0.193446084856987,0.9032576680183411,0.38199660181999207
YDR531W,YGL009C,0,2.421529,0.19340519607067108,0.9032576680183411,0.3820967376232147
YKR061W,YPL154C,0,2.4213502,0.19336432218551636,0.9032576680183411,0.382196843624115
YPL121C,YDR279W,0,2.4209826,0.19332347810268402,0.9032576680183411,0.38229697942733765
YOL067C,YDL109C,0,2.4206715,0.19328263401985168,0.9032576680183411,0.3823971152305603
YDR113C,YLR265C,1,2.4203393,0.19345301389694214,0.9042448401451111,0.3823971152305603
YJL046W,YGR234W,0,2.4192576,0.1934121549129486,0.9042448401451111,0.38249725103378296
YOR076C,YAL034W-A,0,2.418654,0.19337132573127747,0.9042448401451111,0.3825973868370056
YOL031C,YCL031C,0,2.4184437,0.1933305263519287,0.9042448401451111,0.3826974928379059
YNR027W,YDR014W,0,2.418321,0.19328972697257996,0.9042448401451111,0.38279762864112854
YBR289W,YLR438C-A,0,2.4172997,0.1932489424943924,0.9042448401451111,0.3828977644443512
YOR265W,YML063W,0,2.4170823,0.19320818781852722,0.9042448401451111,0.38299790024757385
YDL143W,YDL085W,0,2.4155622,0.19316743314266205,0.9042448401451111,0.3830980360507965
YHR181W,YPR073C,0,2.4148889,0.19312670826911926,0.9042448401451111,0.38319817185401917
YJR009C,YGR037C,0,2.4146094,0.19308599829673767,0.9042448401451111,0.38329827785491943
YPL148C,YPR070W,0,2.4145477,0.19304531812667847,0.9042448401451111,0.3833984136581421
YOR075W,YGL095C,0,2.414208,0.19300463795661926,0.9042448401451111,0.38349854946136475
YDR440W,YDR115W,0,2.4140291,0.19296397268772125,0.9042448401451111,0.3835986852645874
YMR088C,YER110C,0,2.4136786,0.19292333722114563,0.9042448401451111,0.38369882106781006
YKR048C,YML095C,0,2.4131117,0.1928827166557312,0.9042448401451111,0.3837989270687103
YGL222C,YNR001C,0,2.412971,0.19284211099147797,0.9042448401451111,0.383899062871933
YIR006C,YGL095C,0,2.4123042,0.19280152022838593,0.9042448401451111,0.38399919867515564
YDR465C,YNL159C,0,2.4121099,0.19276094436645508,0.9042448401451111,0.3840993344783783
YHL040C,YPL220W,0,2.4110956,0.19272038340568542,0.9042448401451111,0.38419947028160095
YHR120W,YML060W,1,2.411011,0.1928901970386505,0.9052320122718811,0.38419947028160095
YLR147C,YGL040C,0,2.4107933,0.19284963607788086,0.9052320122718811,0.3842995762825012
YER148W,YLR186W,0,2.4106293,0.1928090900182724,0.9052320122718811,0.3843997120857239
YFR005C,YJR059W,0,2.4103744,0.19276855885982513,0.9052320122718811,0.38449984788894653
YER095W,YDR092W,1,2.409771,0.1929382085800171,0.9062191247940063,0.38449984788894653
YHR161C,YNL185C,0,2.4092026,0.19289766252040863,0.9062191247940063,0.3845999836921692
YPR073C,YLR120C,0,2.4088132,0.19285714626312256,0.9062191247940063,0.38470011949539185
YDR443C,YMR037C,0,2.4081054,0.1928166300058365,0.9062191247940063,0.3848002254962921
YGL035C,YGL249W,0,2.4076457,0.1927761435508728,0.9062191247940063,0.38490036129951477
YLR170C,YGL161C,0,2.4076347,0.1927356719970703,0.9062191247940063,0.3850004971027374
YMR037C,YBR231C,0,2.407617,0.19269521534442902,0.9062191247940063,0.3851006329059601
YJR098C,YPR041W,0,2.4076035,0.1926547735929489,0.9062191247940063,0.38520076870918274
YNL086W,YGR086C,0,2.4074054,0.19261434674263,0.9062191247940063,0.3853009045124054
YOR384W,YER111C,0,2.4072723,0.19257394969463348,0.9062191247940063,0.38540101051330566
YHR167W,YLR045C,0,2.406996,0.19253355264663696,0.9062191247940063,0.3855011463165283
YER147C,YJR143C,0,2.406793,0.19249318540096283,0.9062191247940063,0.385601282119751
YGL089C,YLR371W,0,2.406056,0.1924528330564499,0.9062191247940063,0.38570141792297363
YDR536W,YEL013W,0,2.4054062,0.19241249561309814,0.9062191247940063,0.3858015537261963
YJL044C,YPL220W,0,2.404347,0.1923721730709076,0.9062191247940063,0.38590165972709656
YBR299W,YLR337W,0,2.4038234,0.19233186542987823,0.9062191247940063,0.3860017955303192
YML054C,YLR014C,0,2.4037604,0.19229157269001007,0.9062191247940063,0.38610193133354187
YBR158W,YKL143W,0,2.403535,0.1922513097524643,0.9062191247940063,0.3862020671367645
YLR446W,YDL008W,0,2.4032187,0.1922110617160797,0.9062191247940063,0.3863022029399872
YLR364W,YAR007C,0,2.402705,0.19217081367969513,0.9062191247940063,0.38640230894088745
YDR130C,YKL028W,0,2.402584,0.19213059544563293,0.9062191247940063,0.3865024447441101
YBR030W,YOL125W,0,2.4005992,0.19209039211273193,0.9062191247940063,0.38660258054733276
YJL136C,YPL026C,0,2.4001896,0.19205020368099213,0.9062191247940063,0.3867027163505554
YOL152W,YPL172C,0,2.4001875,0.1920100450515747,0.9062191247940063,0.3868028521537781
YER068W,YPL269W,0,2.3999252,0.1919698864221573,0.9062191247940063,0.38690298795700073
YBR092C,YBR040W,0,2.3998775,0.19192975759506226,0.9062191247940063,0.387003093957901
YKL199C,YOR228C,0,2.3991194,0.19188962876796722,0.9062191247940063,0.38710322976112366
YHR153C,YOR061W,0,2.399067,0.19184952974319458,0.9062191247940063,0.3872033655643463
YDL006W,YDR486C,0,2.3983045,0.19180944561958313,0.9062191247940063,0.38730350136756897
YOR131C,YLR207W,0,2.3981519,0.19176937639713287,0.9062191247940063,0.3874036371707916
YGL211W,YLR246W,0,2.3977013,0.1917293220758438,0.9062191247940063,0.3875037431716919
YMR080C,YPL194W,0,2.3974664,0.19168928265571594,0.9062191247940063,0.38760387897491455
YER025W,YOR181W,0,2.3974516,0.19164927303791046,0.9062191247940063,0.3877040147781372
YKL199C,YOR092W,0,2.396822,0.19160926342010498,0.9062191247940063,0.38780415058135986
YJL221C,YDR420W,0,2.3966217,0.1915692836046219,0.9062191247940063,0.3879042863845825
YKL218C,YDL099W,0,2.3965106,0.1915293186903,0.9062191247940063,0.3880043923854828
YLR109W,YMR037C,0,2.3964872,0.19148936867713928,0.9062191247940063,0.38810452818870544
YDR283C,YDL180W,0,2.3960066,0.19144943356513977,0.9062191247940063,0.3882046639919281
YCL075W,YDR261W-B,0,2.3959374,0.19140951335430145,0.9062191247940063,0.38830479979515076
YMR130W,YOR228C,0,2.3953474,0.19136960804462433,0.9062191247940063,0.3884049355983734
YCL063W,YDR320C-A,0,2.394834,0.1913297176361084,0.9062191247940063,0.38850507140159607
YMR208W,YER106W,0,2.394337,0.19128985702991486,0.9062191247940063,0.38860517740249634
YCR039C,YPL281C,0,2.3942895,0.1912499964237213,0.9062191247940063,0.388705313205719
YJR025C,YDR126W,0,2.3939788,0.19121016561985016,0.9062191247940063,0.38880544900894165
YOR389W,YBL101W-A,0,2.3937092,0.1911703497171402,0.9062191247940063,0.3889055848121643
YOR037W,YNL077W,0,2.393701,0.19113054871559143,0.9062191247940063,0.38900572061538696
YMR235C,YOR244W,0,2.393691,0.19109076261520386,0.9062191247940063,0.38910582661628723
YER051W,YOR044W,0,2.3936682,0.19105099141597748,0.9062191247940063,0.3892059624195099
YDR326C,YOR075W,0,2.39365,0.1910112351179123,0.9062191247940063,0.38930609822273254
YDR056C,YDR447C,0,2.3935618,0.1909714937210083,0.9062191247940063,0.3894062340259552
YKL218C,YAR044W,0,2.3928094,0.1909317821264267,0.9062191247940063,0.38950636982917786
YDR536W,YCR092C,0,2.3927011,0.1908920705318451,0.9062191247940063,0.3896064758300781
YGL123W,YPL204W,0,2.3923433,0.19085238873958588,0.9062191247940063,0.3897066116333008
YJL121C,YNR041C,0,2.3907368,0.19081272184848785,0.9062191247940063,0.38980674743652344
YDR283C,YDL130W-A,0,2.3906317,0.19077306985855103,0.9062191247940063,0.3899068832397461
YIL171W,YKL212W,0,2.390092,0.1907334327697754,0.9062191247940063,0.39000701904296875
YNL291C,YMR316W,0,2.388442,0.19069381058216095,0.9062191247940063,0.390107125043869
YKL173W,YBR092C,0,2.3878276,0.1906542032957077,0.9062191247940063,0.3902072608470917
YJL090C,YDR288W,1,2.3864756,0.19082225859165192,0.9072062969207764,0.3902072608470917
YML015C,YER030W,0,2.3860316,0.19078265130519867,0.9072062969207764,0.39030739665031433
YHR021C,YGR071C,0,2.3856263,0.19074304401874542,0.9072062969207764,0.390407532453537
YBR158W,YOR067C,0,2.3855546,0.19070346653461456,0.9072062969207764,0.39050766825675964
YEL013W,YNR045W,0,2.3854988,0.1906639039516449,0.9072062969207764,0.3906078040599823
YBR289W,YDR318W,0,2.3849332,0.19062435626983643,0.9072062969207764,0.39070791006088257
YOL127W,YDR088C,0,2.3846695,0.19058482348918915,0.9072062969207764,0.3908080458641052
YOR348C,YEL061C,0,2.3844182,0.19054530560970306,0.9072062969207764,0.3909081816673279
YDR443C,YDR400W,0,2.3834722,0.19050580263137817,0.9072062969207764,0.39100831747055054
YDR030C,YDR311W,1,2.3834524,0.1906735748052597,0.9081934690475464,0.39100831747055054
YNL312W,YPL121C,1,2.3818593,0.19084127247333527,0.9091806411743164,0.39100831747055054
YAR015W,YLR127C,0,2.381528,0.190801739692688,0.9091806411743164,0.3911084532737732
YNL162W,YNL310C,0,2.3811793,0.1907622218132019,0.9091806411743164,0.39120855927467346
YDR170W-A,YIR023W,0,2.38049,0.19072271883487701,0.9091806411743164,0.3913086950778961
YDL231C,YJL221C,0,2.3804321,0.19068323075771332,0.9091806411743164,0.3914088308811188
YDR060W,YPL202C,0,2.3802562,0.19064375758171082,0.9091806411743164,0.39150896668434143
YPR166C,YDL112W,0,2.380225,0.1906042993068695,0.9091806411743164,0.3916091024875641
YBR205W,YGL039W,0,2.3798475,0.19056487083435059,0.9091806411743164,0.39170920848846436
YGR106C,YBR142W,0,2.3797898,0.19052544236183167,0.9091806411743164,0.391809344291687
YDR420W,YCL050C,0,2.3797793,0.19048604369163513,0.9091806411743164,0.39190948009490967
YKL183W,YDL067C,0,2.379773,0.1904466450214386,0.9091806411743164,0.3920096158981323
YKL004W,YPR032W,0,2.3791027,0.19040727615356445,0.9091806411743164,0.392109751701355
YML034W,YDR177W,0,2.3790088,0.1903679221868515,0.9091806411743164,0.39220988750457764
YHR181W,YDR166C,0,2.3784683,0.19032858312129974,0.9091806411743164,0.3923099935054779
YER070W,YGR124W,0,2.378457,0.19028925895690918,0.9091806411743164,0.39241012930870056
YNR020C,YER113C,0,2.3780856,0.1902499496936798,0.9091806411743164,0.3925102651119232
YOR386W,YDR421W,0,2.3771367,0.19021065533161163,0.9091806411743164,0.3926104009151459
YKL154W,YPR178W,0,2.3766012,0.19017137587070465,0.9091806411743164,0.39271053671836853
YBR022W,YDR093W,0,2.3765662,0.19013212621212006,0.9091806411743164,0.3928106427192688
YJR158W,YHR086W,0,2.3763742,0.19009287655353546,0.9091806411743164,0.39291077852249146
YPL121C,YDL180W,0,2.375928,0.19005365669727325,0.9091806411743164,0.3930109143257141
YLR090W,YIL084C,0,2.3756175,0.19001443684101105,0.9091806411743164,0.39311105012893677
YMR233W,YJL062W,0,2.375468,0.18997524678707123,0.9091806411743164,0.3932111859321594
YDL007W,YDR320C-A,0,2.3752718,0.1899360716342926,0.9091806411743164,0.3933112919330597
YBL030C,YLR035C-A,0,2.3749475,0.18989691138267517,0.9091806411743164,0.39341142773628235
YER099C,YPL103C,0,2.3748715,0.18985776603221893,0.9091806411743164,0.393511563539505
YHL040C,YCL031C,0,2.3747044,0.1898186355829239,0.9091806411743164,0.39361169934272766
YDR495C,YGL095C,0,2.3739028,0.18977952003479004,0.9091806411743164,0.3937118351459503
YDL141W,YNL191W,0,2.3730197,0.18974041938781738,0.9091806411743164,0.3938119411468506
YLR448W,YOR039W,0,2.3728855,0.18970133364200592,0.9091806411743164,0.39391207695007324
YMR297W,YDR443C,0,2.37111,0.18966227769851685,0.9091806411743164,0.3940122127532959
YEL021W,YNL325C,0,2.3709793,0.18962322175502777,0.9091806411743164,0.39411234855651855
YOR265W,YPR054W,0,2.3699691,0.18958419561386108,0.9091806411743164,0.3942124843597412
YPR156C,YCR053W,0,2.3697925,0.1895451694726944,0.9091806411743164,0.39431262016296387
YBR040W,YPR122W,0,2.369205,0.1895061731338501,0.9091806411743164,0.39441272616386414
YDL192W,YPL048W,0,2.3686717,0.189467191696167,0.9091806411743164,0.3945128619670868
YDL056W,YAL058W,0,2.3686333,0.18942822515964508,0.9091806411743164,0.39461299777030945
YFL039C,YOL043C,1,2.3676744,0.18959489464759827,0.9101678133010864,0.39461299777030945
YBR097W,YPL123C,0,2.3665786,0.18955592811107635,0.9101678133010864,0.3947131335735321
YDR425W,YJL065C,0,2.3661096,0.18951696157455444,0.9101678133010864,0.39481326937675476
YDR217C,YPL022W,1,2.365891,0.18968351185321808,0.9111549854278564,0.39481326937675476
YHL008C,YOR046C,0,2.3658729,0.18964454531669617,0.9111549854278564,0.39491337537765503
YHR153C,YJL062W-A,0,2.3651612,0.18960559368133545,0.9111549854278564,0.3950135111808777
YMR036C,YCL066W,0,2.364991,0.18956664204597473,0.9111549854278564,0.39511364698410034
YGL185C,YER164W,0,2.3648372,0.1895277202129364,0.9111549854278564,0.395213782787323
YEL038W,YML106W,0,2.3647,0.18948881328105927,0.9111549854278564,0.39531391859054565
YKL010C,YGR037C,0,2.3643627,0.18944992125034332,0.9111549854278564,0.3954140245914459
YDL164C,YPL092W,0,2.3640864,0.18941104412078857,0.9111549854278564,0.3955141603946686
YML124C,YBL061C,0,2.3630664,0.18937218189239502,0.9111549854278564,0.39561429619789124
YMR256C,YML081C-A,0,2.3624187,0.18933333456516266,0.9111549854278564,0.3957144320011139
YDR329C,YDR393W,0,2.3624158,0.1892945021390915,0.9111549854278564,0.39581456780433655
YNR022C,YGR220C,0,2.3622124,0.18925568461418152,0.9111549854278564,0.3959147036075592
YJR121W,YPR047W,0,2.3621874,0.18921689689159393,0.9111549854278564,0.3960148096084595
YLR238W,YHR025W,0,2.36195,0.18917810916900635,0.9111549854278564,0.39611494541168213
YJL048C,YKR062W,0,2.3616729,0.18913935124874115,0.9111549854278564,0.3962150812149048
YDL030W,YDR044W,0,2.3613622,0.18910059332847595,0.9111549854278564,0.39631521701812744
YLR096W,YDR044W,0,2.361169,0.18906186521053314,0.9111549854278564,0.3964153528213501
YDR121W,YLR221C,0,2.3607805,0.18902313709259033,0.9111549854278564,0.39651545882225037
YCL027W,YOL125W,0,2.3601286,0.1889844387769699,0.9111549854278564,0.396615594625473
YML077W,YOR386W,0,2.3601162,0.18894575536251068,0.9111549854278564,0.3967157304286957
YOR356W,YDR334W,0,2.3599176,0.18890708684921265,0.9111549854278564,0.39681586623191833
YDR436W,YPL033C,0,2.3587985,0.1888684332370758,0.9111549854278564,0.396916002035141
YDR128W,YJR076C,0,2.3587213,0.18882979452610016,0.9111549854278564,0.39701610803604126
YGR056W,YPL164C,1,2.358502,0.18899570405483246,0.9121421575546265,0.39701610803604126
YOR381W,YER184C,0,2.3580816,0.18895705044269562,0.9121421575546265,0.3971162438392639
YJL165C,YOR116C,0,2.3567877,0.18891842663288116,0.9121421575546265,0.3972163796424866
YBR240C,YGR061C,0,2.356472,0.1888798028230667,0.9121421575546265,0.39731651544570923
YKR094C,YML058W-A,1,2.3564587,0.18904557824134827,0.9131293296813965,0.39731651544570923
YLR467W,YKL116C,0,2.3560674,0.1890069544315338,0.9131293296813965,0.3974166512489319
YBR175W,YNL151C,0,2.3553705,0.18896833062171936,0.9131293296813965,0.39751675724983215
YOR076C,YGL222C,0,2.355265,0.1889297366142273,0.9131293296813965,0.3976168930530548
YLR343W,YIR017C,0,2.3548446,0.18889115750789642,0.9131293296813965,0.39771702885627747
YDR270W,YNL136W,0,2.3539982,0.18885259330272675,0.9131293296813965,0.3978171646595001
YDR128W,YDR368W,0,2.3537107,0.18881404399871826,0.9131293296813965,0.3979173004627228
YNL210W,YMR127C,0,2.353445,0.18877550959587097,0.9131293296813965,0.39801743626594543
YJL044C,YKR105C,0,2.3527646,0.18873699009418488,0.9131293296813965,0.3981175422668457
YGR101W,YLR154C,0,2.3526697,0.18869848549365997,0.9131293296813965,0.39821767807006836
YJL129C,YIR017C,0,2.352386,0.18866001069545746,0.9131293296813965,0.398317813873291
YBR041W,YBL088C,0,2.3501706,0.18862153589725494,0.9131293296813965,0.39841794967651367
YML027W,YDR358W,0,2.349787,0.18858307600021362,0.9131293296813965,0.39851808547973633
YKL156W,YHR105W,0,2.3491023,0.1885446459054947,0.9131293296813965,0.3986181914806366
YOL123W,YCL047C,0,2.3487954,0.18850621581077576,0.9131293296813965,0.39871832728385925
YPR166C,YLL022C,0,2.348678,0.18846780061721802,0.9131293296813965,0.3988184630870819
YDR018C,YOL156W,0,2.3483932,0.18842941522598267,0.9131293296813965,0.39891859889030457
YAR019C,YBR058C-A,0,2.348094,0.1883910447359085,0.9131293296813965,0.3990187346935272
YMR130W,YAR007C,0,2.347799,0.18835267424583435,0.9131293296813965,0.3991188406944275
YMR043W,YML012W,0,2.3474886,0.18831433355808258,0.9131293296813965,0.39921897649765015
YDR086C,YKL158W,0,2.3472726,0.188276007771492,0.9131293296813965,0.3993191123008728
YAL020C,YPL258C,0,2.3465042,0.18823768198490143,0.9131293296813965,0.39941924810409546
YJL073W,YER164W,0,2.3464718,0.18819938600063324,0.9131293296813965,0.3995193839073181
YPL059W,YGR272C,0,2.3464575,0.18816110491752625,0.9131293296813965,0.39961951971054077
YIR002C,YOR240W,0,2.3458698,0.18812283873558044,0.9131293296813965,0.39971962571144104
YPL204W,YDR499W,1,2.3457942,0.18828792870044708,0.9141165018081665,0.39971962571144104
YNR061C,YDR418W,0,2.3448222,0.1882496476173401,0.9141165018081665,0.3998197615146637
YGR002C,YBR122C,0,2.3443785,0.1882113814353943,0.9141165018081665,0.39991989731788635
YDL069C,YHR039C-B,0,2.344025,0.18817313015460968,0.9141165018081665,0.400020033121109
YHR025W,YMR184W,0,2.3439887,0.18813490867614746,0.9141165018081665,0.40012016892433167
YDR503C,YJR060W,0,2.343939,0.18809668719768524,0.9141165018081665,0.40022027492523193
YLR192C,YKL158W,0,2.3433425,0.1880584955215454,0.9141165018081665,0.4003204107284546
YGR262C,YHR036W,0,2.3432455,0.18802030384540558,0.9141165018081665,0.40042054653167725
YCR039C,YAL013W,0,2.3430085,0.18798214197158813,0.9141165018081665,0.4005206823348999
YJL092W,YBR090C-A,1,2.3428912,0.1881469488143921,0.9151036739349365,0.4005206823348999
YGL249W,YOR070C,0,2.3414922,0.18810877203941345,0.9151036739349365,0.40062081813812256
YEL065W,YHR081W,0,2.3409057,0.18807059526443481,0.9151036739349365,0.4007209241390228
YOR257W,YOR182C,0,2.340698,0.18803244829177856,0.9151036739349365,0.4008210599422455
YPR048W,YMR302C,0,2.340557,0.1879943162202835,0.9151036739349365,0.40092119574546814
YLR090W,YGL249W,0,2.340324,0.18795619904994965,0.9151036739349365,0.4010213315486908
YDL114W,YPL121C,0,2.339776,0.18791809678077698,0.9151036739349365,0.40112146735191345
YPR156C,YDR116C,0,2.3396273,0.1878800094127655,0.9151036739349365,0.4012215733528137
YOL152W,YJL062W-A,0,2.3390598,0.18784195184707642,0.9151036739349365,0.4013217091560364
YNR011C,YBR084W,0,2.3388116,0.18780389428138733,0.9151036739349365,0.40142184495925903
YGL251C,YAL012W,0,2.3380766,0.18776585161685944,0.9151036739349365,0.4015219807624817
YGL222C,YNR045W,0,2.3380387,0.18772782385349274,0.9151036739349365,0.40162211656570435
YMR080C,YBL060W,0,2.337934,0.18768981099128723,0.9151036739349365,0.401722252368927
YCL063W,YER088C,0,2.3377728,0.1876518279314041,0.9151036739349365,0.40182235836982727
YDL069C,YOL007C,0,2.3370068,0.187613844871521,0.9151036739349365,0.4019224941730499
YLR170C,YLR079W,0,2.3357773,0.18757587671279907,0.9151036739349365,0.4020226299762726
YOR356W,YDR054C,0,2.3355398,0.18753793835639954,0.9151036739349365,0.40212276577949524
YDR466W,YPL019C,0,2.3347952,0.1875,0.9151036739349365,0.4022229015827179
YDL067C,YBR213W,0,2.3347178,0.18746207654476166,0.9151036739349365,0.40232300758361816
YBR176W,YJR058C,0,2.3344696,0.1874241828918457,0.9151036739349365,0.4024231433868408
YDR531W,YJL065C,0,2.3338716,0.18738628923892975,0.9151036739349365,0.4025232791900635
YAL020C,YML115C,0,2.3337553,0.18734842538833618,0.9151036739349365,0.40262341499328613
YAL013W,YIL112W,0,2.3330579,0.18731056153774261,0.9151036739349365,0.4027235507965088
YPL144W,YMR022W,0,2.332942,0.18727272748947144,0.9151036739349365,0.40282365679740906
YDR456W,YPR098C,0,2.3321805,0.18723490834236145,0.9151036739349365,0.4029237926006317
YFR037C,YJL062W,0,2.3313122,0.18719708919525146,0.9151036739349365,0.40302392840385437
YJR104C,YCR094W,0,2.3311052,0.18715929985046387,0.9151036739349365,0.403124064207077
YLR343W,YGR191W,0,2.330629,0.18712152540683746,0.9151036739349365,0.4032242000102997
YAL034W-A,YGR184C,0,2.3303638,0.18708375096321106,0.9151036739349365,0.40332433581352234
YDL137W,YGL185C,0,2.3301783,0.18704600632190704,0.9151036739349365,0.4034244418144226
YDL137W,YDR077W,0,2.3299713,0.18700827658176422,0.9151036739349365,0.40352457761764526
YNL112W,YKL198C,0,2.3293734,0.1869705468416214,0.9151036739349365,0.4036247134208679
YDR329C,YBR166C,0,2.3291225,0.18693284690380096,0.9151036739349365,0.4037248492240906
YKR014C,YNL339C,0,2.3283744,0.18689516186714172,0.9151036739349365,0.40382498502731323
YMR211W,YNR016C,0,2.3274498,0.18685749173164368,0.9151036739349365,0.4039250910282135
YDR531W,YLR086W,0,2.3273993,0.18681983649730682,0.9151036739349365,0.40402522683143616
YOR348C,YDR128W,0,2.3273633,0.18678218126296997,0.9151036739349365,0.4041253626346588
YOR265W,YOR069W,0,2.3270316,0.1867445558309555,0.9151036739349365,0.40422549843788147
YBR050C,YER120W,0,2.3267627,0.18670694530010223,0.9151036739349365,0.4043256342411041
YML113W,YDR032C,0,2.3266668,0.18666934967041016,0.9151036739349365,0.4044257402420044
YML042W,YMR086W,0,2.325375,0.18663176894187927,0.9151036739349365,0.40452587604522705
YIL109C,YJR143C,0,2.3248448,0.18659420311450958,0.9151036739349365,0.4046260118484497
YOR348C,YCR039C,0,2.3247252,0.1865566521883011,0.9151036739349365,0.40472614765167236
YMR247C,YHR101C,0,2.3239222,0.18651911616325378,0.9151036739349365,0.404826283454895
YAR010C,YHR039C-B,0,2.3237405,0.18648159503936768,0.9151036739349365,0.4049263894557953
YJR104C,YEL065W,0,2.323028,0.18644408881664276,0.9151036739349365,0.40502652525901794
YMR307W,YHR027C,0,2.3226218,0.18640659749507904,0.9151036739349365,0.4051266610622406
YDR465C,YDR362C,0,2.3205278,0.1863691210746765,0.9151036739349365,0.40522679686546326
YER082C,YER113C,0,2.319118,0.18633165955543518,0.9151036739349365,0.4053269326686859
YPL148C,YDR011W,0,2.3185925,0.18629421293735504,0.9151036739349365,0.40542706847190857
YHR044C,YDR486C,0,2.318323,0.1862567812204361,0.9151036739349365,0.40552717447280884
YBL057C,YBR012W-B,0,2.3173242,0.18621936440467834,0.9151036739349365,0.4056273102760315
YDL205C,YDL109C,0,2.3159168,0.1861819624900818,0.9151036739349365,0.40572744607925415
YNL091W,YER030W,0,2.3155382,0.18614457547664642,0.9151036739349365,0.4058275818824768
YDR312W,YPR028W,0,2.3154664,0.18610720336437225,0.9151036739349365,0.40592771768569946
YMR217W,YJL065C,0,2.3138258,0.18606984615325928,0.9151036739349365,0.40602782368659973
YJR025C,YPR122W,0,2.3137603,0.1860325038433075,0.9151036739349365,0.4061279594898224
YOR381W,YDL085W,0,2.3136778,0.1859951913356781,0.9151036739349365,0.40622809529304504
YGL229C,YDL200C,0,2.3122883,0.1859578788280487,0.9151036739349365,0.4063282310962677
YDL109C,YBR040W,0,2.311351,0.1859205812215805,0.9151036739349365,0.40642836689949036
YOL127W,YGR075C,0,2.31092,0.1858832985162735,0.9151036739349365,0.4065284729003906
YKL158W,YPR031W,0,2.310865,0.18584603071212769,0.9151036739349365,0.4066286087036133
YMR188C,YFL041W,0,2.309532,0.18580877780914307,0.9151036739349365,0.40672874450683594
YDR479C,YJR098C,0,2.309204,0.18577153980731964,0.9151036739349365,0.4068288803100586
YPR166C,YLL038C,0,2.3089032,0.1857343167066574,0.9151036739349365,0.40692901611328125
YNR061C,YOR233W,0,2.3088355,0.18569710850715637,0.9151036739349365,0.4070291519165039
YJL108C,YNL129W,0,2.3087392,0.18565993010997772,0.9151036739349365,0.4071292579174042
YEL038W,YML087C,0,2.3080754,0.18562275171279907,0.9151036739349365,0.40722939372062683
YPL226W,YER184C,0,2.307657,0.18558558821678162,0.9151036739349365,0.4073295295238495
YER180C,YDR077W,0,2.3068414,0.18554843962192535,0.9151036739349365,0.40742966532707214
YLR287C-A,YNL012W,0,2.3066783,0.18551130592823029,0.9151036739349365,0.4075298011302948
YDL192W,YBL022C,0,2.3049278,0.1854741871356964,0.9151036739349365,0.40762990713119507
YIR014W,YDL146W,0,2.3048253,0.18543708324432373,0.9151036739349365,0.4077300429344177
YML088W,YBL023C,0,2.3042197,0.18539999425411224,0.9151036739349365,0.4078301787376404
YJR006W,YPL001W,1,2.303771,0.1855628937482834,0.9160908460617065,0.4078301787376404
YPR048W,YJR104C,0,2.3032317,0.1855257898569107,0.9160908460617065,0.40793031454086304
YBR097W,YNL101W,0,2.3032076,0.18548870086669922,0.9160908460617065,0.4080304503440857
YDL069C,YKL158W,0,2.3026772,0.18545164167881012,0.9160908460617065,0.40813055634498596
YPR102C,YPR073C,0,2.3023343,0.18541458249092102,0.9160908460617065,0.4082306921482086
YPL019C,YBR297W,0,2.3021069,0.1853775531053543,0.9160908460617065,0.4083308279514313
YGR156W,YCR054C,0,2.30155,0.1853405237197876,0.9160908460617065,0.40843096375465393
YOL004W,YPL121C,1,2.3008778,0.18550319969654083,0.9170779585838318,0.40843096375465393
YMR282C,YAL035W,0,2.300792,0.18546615540981293,0.9170779585838318,0.4085310995578766
YIR036C,YJR126C,0,2.3006153,0.1854291409254074,0.9170779585838318,0.40863123536109924
YER025W,YDL060W,0,2.3005486,0.18539214134216309,0.9170779585838318,0.4087313413619995
YMR006C,YOL123W,0,2.3004627,0.18535514175891876,0.9170779585838318,0.40883147716522217
YLR106C,YJL101C,0,2.299304,0.18531817197799683,0.9170779585838318,0.4089316129684448
YJR045C,YNL115C,0,2.2978663,0.18528121709823608,0.9170779585838318,0.4090317487716675
YLR008C,YER113C,0,2.296541,0.18524426221847534,0.9170779585838318,0.40913188457489014
YOL031C,YIR015W,0,2.2953348,0.185207337141037,0.9170779585838318,0.4092319905757904
YOL133W,YGR184C,0,2.2944713,0.18517042696475983,0.9170779585838318,0.40933212637901306
YOL018C,YDR169C,0,2.2938852,0.18513351678848267,0.9170779585838318,0.4094322621822357
YOL031C,YML060W,0,2.2936413,0.1850966364145279,0.9170779585838318,0.4095323979854584
YHR081W,YER169W,1,2.292962,0.18525896966457367,0.9180651307106018,0.4095323979854584
YNL280C,YPL269W,0,2.2924328,0.1852220743894577,0.9180651307106018,0.40963253378868103
YIL078W,YPL089C,0,2.2920337,0.18518517911434174,0.9180651307106018,0.4097326397895813
YGL232W,YGR002C,0,2.2916605,0.18514831364154816,0.9180651307106018,0.40983277559280396
YLR078C,YDR031W,0,2.2913618,0.18511146306991577,0.9180651307106018,0.4099329113960266
YPR042C,YML087C,0,2.2912273,0.18507462739944458,0.9180651307106018,0.41003304719924927
YOR075W,YDR447C,0,2.2902703,0.18503780663013458,0.9180651307106018,0.4101331830024719
YJL165C,YLR306W,0,2.2899852,0.18500100076198578,0.9180651307106018,0.4102332890033722
YDL166C,YOR228C,0,2.289693,0.18496419489383698,0.9180651307106018,0.41033342480659485
YIL074C,YDR071C,0,2.289135,0.18492741882801056,0.9180651307106018,0.4104335606098175
YOL117W,YNR001C,0,2.2890177,0.18489065766334534,0.9180651307106018,0.41053369641304016
YNL159C,YLR126C,0,2.2884443,0.1848539113998413,0.9180651307106018,0.4106338322162628
YOR066W,YDR139C,0,2.288406,0.18481716513633728,0.9180651307106018,0.4107339680194855
YPL106C,YDL030W,0,2.287899,0.18478044867515564,0.9180651307106018,0.41083407402038574
YJR001W,YGL059W,0,2.2875295,0.1847437471151352,0.9180651307106018,0.4109342098236084
YOL100W,YJR076C,0,2.2873602,0.18470704555511475,0.9180651307106018,0.41103434562683105
YPR036W,YLR357W,0,2.2850444,0.1846703737974167,0.9180651307106018,0.4111344814300537
YLR327C,YDR116C,0,2.2846513,0.18463371694087982,0.9180651307106018,0.41123461723327637
YKL178C,YNL242W,0,2.284474,0.18459706008434296,0.9180651307106018,0.41133472323417664
YLR439W,YER020W,0,2.2838604,0.18456043303012848,0.9180651307106018,0.4114348590373993
YGR159C,YLR337W,0,2.283835,0.184523805975914,0.9180651307106018,0.41153499484062195
YGR002C,YOR374W,0,2.2837126,0.1844872087240219,0.9180651307106018,0.4116351306438446
YEL064C,YIR012W,0,2.2833,0.18445061147212982,0.9180651307106018,0.41173526644706726
YOL105C,YHR010W,0,2.2831302,0.18441404402256012,0.9180651307106018,0.41183537244796753
YJR104C,YKR014C,0,2.2826042,0.18437747657299042,0.9180651307106018,0.4119355082511902
YCL061C,YBR297W,0,2.2825918,0.1843409389257431,0.9180651307106018,0.41203564405441284
YLR381W,YDR447C,0,2.2816193,0.1843044012784958,0.9180651307106018,0.4121357798576355
YMR221C,YDR014W,0,2.2811966,0.18426787853240967,0.9180651307106018,0.41223591566085815
YCL031C,YHR186C,0,2.2802532,0.18423138558864594,0.9180651307106018,0.4123360514640808
YAL035W,YKR097W,0,2.2802095,0.1841948926448822,0.9180651307106018,0.4124361574649811
YPL177C,YAL013W,0,2.279774,0.18415841460227966,0.9180651307106018,0.41253629326820374
YKL183W,YNL151C,0,2.2794845,0.18412195146083832,0.9180651307106018,0.4126364290714264
YGR292W,YPL101W,0,2.2792401,0.18408551812171936,0.9180651307106018,0.41273656487464905
YMR142C,YAL043C,0,2.2792284,0.1840490847826004,0.9180651307106018,0.4128367006778717
YAL034W-A,YLR097C,0,2.2790787,0.18401266634464264,0.9180651307106018,0.412936806678772
YNL293W,YJR068W,0,2.2790086,0.18397626280784607,0.9180651307106018,0.41303694248199463
YAL034W-A,YDR231C,0,2.2781518,0.1839398741722107,0.9180651307106018,0.4131370782852173
YNL310C,YDR031W,0,2.2778864,0.1839035004377365,0.9180651307106018,0.41323721408843994
YOL156W,YDL112W,0,2.2770576,0.18386714160442352,0.9180651307106018,0.4133373498916626
YPL281C,YPL220W,0,2.276886,0.18383079767227173,0.9180651307106018,0.41343745589256287
YER086W,YMR224C,0,2.2762876,0.18379446864128113,0.9180651307106018,0.4135375916957855
YBR082C,YDR118W,0,2.2759674,0.18375815451145172,0.9180651307106018,0.4136377274990082
YCL027W,YER030W,0,2.2745652,0.1837218552827835,0.9180651307106018,0.41373786330223083
YBL030C,YER112W,0,2.2736545,0.1836855560541153,0.9180651307106018,0.4138379991054535
YJL170C,YFR015C,0,2.2735515,0.18364928662776947,0.9180651307106018,0.41393810510635376
YGR058W,YOR228C,0,2.2734156,0.18361303210258484,0.9180651307106018,0.4140382409095764
YHR023W,YPL103C,0,2.2732086,0.1835767924785614,0.9180651307106018,0.4141383767127991
YDL051W,YJL125C,0,2.2730677,0.18354055285453796,0.9180651307106018,0.41423851251602173
YER036C,YMR285C,0,2.2723155,0.18350434303283691,0.9180651307106018,0.4143386483192444
YLR099C,YJL121C,0,2.2722774,0.18346813321113586,0.9180651307106018,0.41443878412246704
YDR225W,YDR359C,1,2.2719126,0.18362918496131897,0.9190523028373718,0.41443878412246704
YJR066W,YLR045C,0,2.2703042,0.18359297513961792,0.9190523028373718,0.4145388901233673
YMR171C,YOR315W,0,2.2690647,0.18355678021907806,0.9190523028373718,0.41463902592658997
YLR446W,YML095C,0,2.2689493,0.1835206001996994,0.9190523028373718,0.4147391617298126
YMR247C,YLR438C-A,0,2.2689364,0.18348443508148193,0.9190523028373718,0.4148392975330353
YML070W,YGR188C,0,2.2683854,0.18344826996326447,0.9190523028373718,0.41493943333625793
YER007W,YOR242C,0,2.2681887,0.18341213464736938,0.9190523028373718,0.4150395393371582
YOR386W,YML058W-A,1,2.2677186,0.18357297778129578,0.9200394749641418,0.4150395393371582
YHR214W-G,YGR194C,0,2.2676482,0.1835368275642395,0.9200394749641418,0.41513967514038086
YLR312C-B,YEL065W,0,2.2676482,0.18350069224834442,0.9200394749641418,0.4152398109436035
YDL060W,YAR070W-A,0,2.2676482,0.18346457183361053,0.9200394749641418,0.41533994674682617
YCL048W-A,YGR123C,0,2.2676482,0.18342846632003784,0.9200394749641418,0.41544008255004883
YCR029C-A,YJR025C,0,2.2676482,0.18339236080646515,0.9200394749641418,0.4155401885509491
YCL048W-A,YLR014C,0,2.2676482,0.18335628509521484,0.9200394749641418,0.41564032435417175
YKL158W,YOR211C,0,2.2676482,0.18332022428512573,0.9200394749641418,0.4157404601573944
YHR079C-B,YML058W-A,1,2.2676482,0.18348082900047302,0.9210266470909119,0.4157404601573944
YPL096C-A,YCR094W,0,2.2676482,0.18344475328922272,0.9210266470909119,0.41584059596061707
YDR236C,YPL096C-A,0,2.2676482,0.1834086924791336,0.9210266470909119,0.4159407317638397
YER096W,YHR214W-G,0,2.2676482,0.1833726465702057,0.9210266470909119,0.4160408675670624
YDR014W-A,YDR113C,1,2.2676482,0.18353311717510223,0.9220138192176819,0.4160408675670624
YPL096C-A,YLR100W,0,2.2676482,0.18349705636501312,0.9220138192176819,0.41614097356796265
YER056C-A,YPL096C-A,0,2.2676482,0.1834610104560852,0.9220138192176819,0.4162411093711853
YCR029C-A,YPR054W,0,2.2676482,0.18342497944831848,0.9220138192176819,0.41634124517440796
YCL048W-A,YMR051C,0,2.2676482,0.18338896334171295,0.9220138192176819,0.4164413809776306
YNL077W,YHR039C-B,0,2.2676482,0.18335296213626862,0.9220138192176819,0.41654151678085327
YNL308C,YHR214W-G,0,2.2676482,0.18331697583198547,0.9220138192176819,0.41664162278175354
YCR098C,YAR070W-A,0,2.2676482,0.18328100442886353,0.9220138192176819,0.4167417585849762
YPL189C-A,YMR004W,0,2.2676482,0.18324504792690277,0.9220138192176819,0.41684189438819885
YHR214W-G,YPL160W,0,2.2676482,0.1832091063261032,0.9220138192176819,0.4169420301914215
YJL046W,YHR214W-G,0,2.2676482,0.18317316472530365,0.9220138192176819,0.41704216599464417
YLR015W,YCR029C-A,0,2.2676482,0.18313725292682648,0.9220138192176819,0.41714227199554443
YCR029C-A,YJR135W-A,0,2.2676482,0.1831013560295105,0.9220138192176819,0.4172424077987671
YLR312C-B,YML113W,0,2.2676482,0.18306545913219452,0.9220138192176819,0.41734254360198975
YCL048W-A,YBL010C,0,2.2676482,0.18302959203720093,0.9220138192176819,0.4174426794052124
YCL048W-A,YBL055C,0,2.2676482,0.18299372494220734,0.9220138192176819,0.41754281520843506
YLR312C-B,YDR402C,0,2.2676482,0.18295788764953613,0.9220138192176819,0.4176429212093353
YDR033W,YAR070W-A,0,2.2676482,0.18292205035686493,0.9220138192176819,0.417743057012558
YDR356W,YKL158W,0,2.2676482,0.18288622796535492,0.9220138192176819,0.41784319281578064
YKL114C,YDR014W-A,1,2.2676482,0.18304620683193207,0.9230009913444519,0.41784319281578064
YHR214W-G,YER164W,0,2.2676482,0.18301036953926086,0.9230009913444519,0.4179433286190033
YHL040C,YHR214W-G,0,2.2676482,0.18297456204891205,0.9230009913444519,0.41804346442222595
YAR019C,YPL189C-A,0,2.2676482,0.18293875455856323,0.9230009913444519,0.4181436002254486
YLR312C-B,YKL042W,0,2.2676482,0.1829029768705368,0.9230009913444519,0.4182437062263489
YHR021C,YPL096C-A,0,2.2676482,0.18286719918251038,0.9230009913444519,0.41834384202957153
YCL048W-A,YGR037C,0,2.2676482,0.18283143639564514,0.9230009913444519,0.4184439778327942
YLR312C-B,YPR184W,0,2.2676482,0.1827957034111023,0.9230009913444519,0.41854411363601685
YAL020C,YPL096C-A,0,2.2676482,0.18275997042655945,0.9230009913444519,0.4186442494392395
YMR142C,YCL048W-A,0,2.2676482,0.1827242523431778,0.9230009913444519,0.41874435544013977
YOR240W,YDL112W,0,2.2676482,0.18268854916095734,0.9230009913444519,0.4188444912433624
YDR014W-A,YPL204W,1,2.2676482,0.18284821510314941,0.9239881634712219,0.4188444912433624
YPL096C-A,YMR109W,0,2.2676482,0.18281249701976776,0.9239881634712219,0.4189446270465851
YPL096C-A,YBR213W,0,2.2676482,0.1827768087387085,0.9239881634712219,0.41904476284980774
YLR312C-B,YMR204C,0,2.2676482,0.18274112045764923,0.9239881634712219,0.4191448986530304
YAL043C,YAR070W-A,0,2.2676482,0.18270544707775116,0.9239881634712219,0.41924500465393066
YDR265W,YPL189C-A,0,2.2676482,0.18266978859901428,0.9239881634712219,0.4193451404571533
YIL172C,YBL101W-A,0,2.2676482,0.1826341450214386,0.9239881634712219,0.419445276260376
YDR022C,YAR070W-A,0,2.2676482,0.1825985163450241,0.9239881634712219,0.41954541206359863
YLR312C-B,YNL322C,0,2.2676482,0.1825629025697708,0.9239881634712219,0.4196455478668213
YPL189C-A,YGR014W,0,2.2676482,0.1825273036956787,0.9239881634712219,0.41974568367004395
YPR028W,YAR070W-A,0,2.2676482,0.1824917197227478,0.9239881634712219,0.4198457896709442
YCR029C-A,YER007W,0,2.2676482,0.1824561357498169,0.9239881634712219,0.41994592547416687
YCR029C-A,YNL136W,0,2.2676482,0.18242058157920837,0.9239881634712219,0.4200460612773895
YJL019W,YAR070W-A,0,2.2676482,0.18238504230976105,0.9239881634712219,0.4201461970806122
YGL191W,YPL096C-A,0,2.2676482,0.18234950304031372,0.9239881634712219,0.42024633288383484
YPL189C-A,YOR150W,0,2.2676482,0.1823139786720276,0.9239881634712219,0.4203464388847351
YKL088W,YPL096C-A,0,2.2676482,0.18227848410606384,0.9239881634712219,0.42044657468795776
YCR029C-A,YEL061C,0,2.2676482,0.1822429895401001,0.9239881634712219,0.4205467104911804
YLR312C-B,YDL060W,0,2.2676482,0.18220750987529755,0.9239881634712219,0.4206468462944031
YLR312C-B,YBR040W,0,2.2676482,0.1821720451116562,0.9239881634712219,0.42074698209762573
YLR312C-B,YBL037W,0,2.2676482,0.18213659524917603,0.9239881634712219,0.420847088098526
YDL166C,YPL189C-A,0,2.2676482,0.18210116028785706,0.9239881634712219,0.42094722390174866
YNL077W,YHR214W-G,0,2.2676482,0.18206574022769928,0.9239881634712219,0.4210473597049713
YCL048W-A,YOR346W,0,2.2676482,0.1820303350687027,0.9239881634712219,0.42114749550819397
YCR029C-A,YDR228C,0,2.2676482,0.1819949448108673,0.9239881634712219,0.4212476313114166
YPL189C-A,YLR014C,0,2.2676482,0.18195956945419312,0.9239881634712219,0.4213477373123169
YCL048W-A,YJL189W,0,2.2676482,0.18192419409751892,0.9239881634712219,0.42144787311553955
YDR418W,YCL048W-A,0,2.2676482,0.18188884854316711,0.9239881634712219,0.4215480089187622
YER091C,YAR070W-A,0,2.2676482,0.1818535029888153,0.9239881634712219,0.42164814472198486
YNL331C,YPL189C-A,0,2.2676482,0.1818181872367859,0.9239881634712219,0.4217482805252075
YLR154C,YAR070W-A,0,2.2676482,0.18178287148475647,0.9239881634712219,0.4218484163284302
YKL100C,YCL048W-A,0,2.2676482,0.18174757063388824,0.9239881634712219,0.42194852232933044
YDR014W-A,YDR138W,1,2.2676482,0.18190643191337585,0.9249753355979919,0.42194852232933044
YLR312C-B,YIR009W,0,2.2676482,0.18187111616134644,0.9249753355979919,0.4220486581325531
YLR312C-B,YDR465C,0,2.2676482,0.1818358302116394,0.9249753355979919,0.42214879393577576
YPL096C-A,YDR139C,0,2.2676482,0.18180054426193237,0.9249753355979919,0.4222489297389984
YHR039C-B,YGL141W,0,2.2676482,0.18176527321338654,0.9249753355979919,0.42234906554222107
YCL048W-A,YLR078C,0,2.2676482,0.1817300170660019,0.9249753355979919,0.42244917154312134
YDR014W-A,YDL154W,1,2.2676482,0.18188869953155518,0.925962507724762,0.42244917154312134
YOR240W,YJL073W,0,2.2676482,0.18185342848300934,0.925962507724762,0.422549307346344
YPL189C-A,YLR078C,0,2.2676482,0.1818181872367859,0.925962507724762,0.42264944314956665
YHR214W-G,YHL004W,0,2.2676482,0.18178294599056244,0.925962507724762,0.4227495789527893
YDR036C,YPL096C-A,0,2.2676482,0.18174771964550018,0.925962507724762,0.42284971475601196
YPL074W,YBL101W-A,0,2.2676482,0.18171250820159912,0.925962507724762,0.42294982075691223
YDR014W-A,YIL139C,1,2.2676482,0.18187101185321808,0.926949679851532,0.42294982075691223
YHR079C-B,YHR079C-A,1,2.2676482,0.18202944099903107,0.9279367923736572,0.42294982075691223
YHL016C,YAR070W-A,0,2.2676482,0.18199418485164642,0.9279367923736572,0.4230499565601349
YDR014W-A,YJL092W,1,2.2676482,0.18215253949165344,0.9289239645004272,0.4230499565601349
YLR134W,YAR070W-A,0,2.2676482,0.1821172833442688,0.9289239645004272,0.42315009236335754
YDR052C,YHR214W-G,0,2.2676482,0.18208204209804535,0.9289239645004272,0.4232502281665802
YPL189C-A,YLL035W,0,2.2676482,0.1820468157529831,0.9289239645004272,0.42335036396980286
YDL137W,YCR029C-A,0,2.2676482,0.18201160430908203,0.9289239645004272,0.4234504997730255
YLR312C-B,YJL052W,0,2.2676482,0.18197640776634216,0.9289239645004272,0.4235506057739258
YCR029C-A,YPL206C,0,2.2676482,0.1819412261247635,0.9289239645004272,0.42365074157714844
YLR439W,YPL096C-A,0,2.2676482,0.18190604448318481,0.9289239645004272,0.4237508773803711
YLR312C-B,YOR092W,0,2.2676482,0.18187089264392853,0.9289239645004272,0.42385101318359375
YBR036C,YCR029C-A,0,2.2676482,0.18183575570583344,0.9289239645004272,0.4239511489868164
YCL048W-A,YJL056C,0,2.2676482,0.18180061876773834,0.9289239645004272,0.4240512549877167
YCR029C-A,YBR175W,0,2.2676482,0.18176549673080444,0.9289239645004272,0.42415139079093933
YPL189C-A,YHR081W,0,2.2676482,0.18173040449619293,0.9289239645004272,0.424251526594162
YPL096C-A,YLR304C,0,2.2676482,0.18169531226158142,0.9289239645004272,0.42435166239738464
YGL137W,YPL096C-A,0,2.2676482,0.1816602349281311,0.9289239645004272,0.4244517982006073
YCL075W,YHR214W-G,0,2.2676482,0.18162517249584198,0.9289239645004272,0.42455190420150757
YCL048W-A,YMR023C,0,2.2676482,0.18159012496471405,0.9289239645004272,0.4246520400047302
YCR029C-A,YJR075W,0,2.2676482,0.18155507743358612,0.9289239645004272,0.4247521758079529
YPL194W,YPL096C-A,0,2.2676482,0.18152005970478058,0.9289239645004272,0.42485231161117554
YCR039C,YCL057C-A,0,2.2676482,0.18148505687713623,0.9289239645004272,0.4249524474143982
YCL048W-A,YLR079W,0,2.2676482,0.18145005404949188,0.9289239645004272,0.42505258321762085
YBR041W,YCL048W-A,0,2.2676482,0.18141508102416992,0.9289239645004272,0.4251526892185211
YLR312C-B,YOL071W,0,2.2676482,0.18138010799884796,0.9289239645004272,0.4252528250217438
YPL189C-A,YDR288W,0,2.2676482,0.1813451498746872,0.9289239645004272,0.42535296082496643
YLR312C-B,YDR510W,0,2.2676482,0.18131020665168762,0.9289239645004272,0.4254530966281891
YDR056C,YCR029C-A,0,2.2676482,0.18127527832984924,0.9289239645004272,0.42555323243141174
YOR124C,YKL158W,0,2.2676482,0.18124036490917206,0.9289239645004272,0.425653338432312
YHR214W-G,YLR438C-A,0,2.2676482,0.18120546638965607,0.9289239645004272,0.42575347423553467
YHR214W-G,YDL065C,0,2.2676482,0.18117058277130127,0.9289239645004272,0.4258536100387573
YHR214W-G,YNL310C,0,2.2676482,0.18113571405410767,0.9289239645004272,0.42595374584198
YCR029C-A,YJL158C,0,2.2676482,0.18110084533691406,0.9289239645004272,0.42605388164520264
YIL070C,YAR070W-A,0,2.2676482,0.18106600642204285,0.9289239645004272,0.4261539876461029
YGL119W,YPL096C-A,0,2.2676482,0.18103116750717163,0.9289239645004272,0.42625412344932556
YDL137W,YPL189C-A,0,2.2676482,0.1809963434934616,0.9289239645004272,0.4263542592525482
YEL058W,YAR070W-A,0,2.2676482,0.18096153438091278,0.9289239645004272,0.4264543950557709
YDR014W-A,YNL218W,1,2.2676482,0.18111900985240936,0.9299111366271973,0.4264543950557709
YCR029C-A,YJL170C,0,2.2676482,0.18108420073986053,0.9299111366271973,0.42655453085899353
YLR312C-B,YOR386W,0,2.2676482,0.1810493916273117,0.9299111366271973,0.4266546368598938
YML129C,YHR214W-G,0,2.2676482,0.18101459741592407,0.9299111366271973,0.42675477266311646
YLR312C-B,YGL168W,0,2.2676482,0.18097983300685883,0.9299111366271973,0.4268549084663391
YCR029C-A,YJR097W,0,2.2676482,0.18094506859779358,0.9299111366271973,0.42695504426956177
YCR029C-A,YBL061C,0,2.2676482,0.18091031908988953,0.9299111366271973,0.4270551800727844
YDR363W-A,YPL189C-A,0,2.2676482,0.18087556958198547,0.9299111366271973,0.4271553158760071
YHR214W-G,YJR045C,0,2.2676482,0.1808408498764038,0.9299111366271973,0.42725542187690735
YDR034C-C,YCL057C-A,0,2.2676482,0.18080614507198334,0.9299111366271973,0.42735555768013
YPL106C,YAR070W-A,0,2.2676482,0.18077144026756287,0.9299111366271973,0.42745569348335266
YPL096C-A,YDR487C,0,2.2676482,0.18073676526546478,0.9299111366271973,0.4275558292865753
YOR240W,YIL126W,0,2.2676482,0.1807020902633667,0.9299111366271973,0.427655965089798
YBL078C,YAR070W-A,0,2.2676482,0.1806674301624298,0.9299111366271973,0.42775607109069824
YOR116C,YPL096C-A,0,2.2676482,0.1806327849626541,0.9299111366271973,0.4278562068939209
YLR312C-B,YJR015W,0,2.2676482,0.1805981546640396,0.9299111366271973,0.42795634269714355
YDR014W-A,YJR052W,1,2.2676482,0.18075522780418396,0.9308983087539673,0.42795634269714355
YPL022W,YHR214W-G,0,2.2676482,0.18072058260440826,0.9308983087539673,0.4280564785003662
YDL136W,YCR029C-A,0,2.2676482,0.18068595230579376,0.9308983087539673,0.42815661430358887
YOR061W,YBL101W-A,0,2.2676482,0.18065133690834045,0.9308983087539673,0.42825672030448914
YLR109W,YPL096C-A,0,2.2676482,0.18061673641204834,0.9308983087539673,0.4283568561077118
YIL093C,YPL096C-A,0,2.2676482,0.18058215081691742,0.9308983087539673,0.42845699191093445
YHR214W-G,YGR200C,0,2.2676482,0.1805475801229477,0.9308983087539673,0.4285571277141571
YHR214W-G,YDR523C,0,2.2676482,0.18051300942897797,0.9308983087539673,0.42865726351737976
YOR155C,YCL048W-A,0,2.2676482,0.18047846853733063,0.9308983087539673,0.4287573993206024
YHR214W-G,YPR081C,0,2.2676482,0.1804439276456833,0.9308983087539673,0.4288575053215027
YOL065C,YHR214W-G,0,2.2676482,0.18040941655635834,0.9308983087539673,0.42895764112472534
YPL189C-A,YDR529C,0,2.2676482,0.1803749054670334,0.9308983087539673,0.429057776927948
YLR099C,YAR070W-A,0,2.2676482,0.18034040927886963,0.9308983087539673,0.42915791273117065
YPL096C-A,YFR008W,0,2.2676482,0.18030592799186707,0.9308983087539673,0.4292580485343933
YDL210W,YCL048W-A,0,2.2676482,0.1802714616060257,0.9308983087539673,0.4293581545352936
YPR132W,YHR214W-G,0,2.2676482,0.18023701012134552,0.9308983087539673,0.42945829033851624
YHR214W-G,YHR081W,0,2.2676482,0.18020255863666534,0.9308983087539673,0.4295584261417389
YGR047C,YCL048W-A,0,2.2676482,0.18016813695430756,0.9308983087539673,0.42965856194496155
YAR070W-A,YDL112W,0,2.2676482,0.18013371527194977,0.9308983087539673,0.4297586977481842
YPL096C-A,YMR285C,0,2.2676482,0.18009930849075317,0.9308983087539673,0.4298588037490845
YML094W,YCL048W-A,0,2.2676482,0.18006491661071777,0.9308983087539673,0.42995893955230713
YLR312C-B,YPL153C,0,2.2676482,0.18003053963184357,0.9308983087539673,0.4300590753555298
YMR080C,YOL100W,0,2.2675567,0.17999617755413055,0.9308983087539673,0.43015921115875244
YDR117C,YPL160W,0,2.267281,0.17996183037757874,0.9308983087539673,0.4302593469619751
YGR106C,YBL023C,0,2.267035,0.1799274981021881,0.9308983087539673,0.43035945296287537
YMR094W,YDR443C,0,2.266721,0.17989316582679749,0.9308983087539673,0.430459588766098
YML094W,YPL202C,0,2.2664998,0.17985886335372925,0.9308983087539673,0.4305597245693207
YGR035C,YDR420W,0,2.2661862,0.179824560880661,0.9308983087539673,0.43065986037254333
YJL143W,YLL050C,0,2.2661657,0.17979027330875397,0.9308983087539673,0.430759996175766
YNR020C,YNL015W,0,2.2659302,0.17975600063800812,0.9308983087539673,0.43086013197898865
YAL013W,YAL044C,0,2.2657058,0.17972174286842346,0.9308983087539673,0.4309602379798889
YDR465C,YLR134W,0,2.2656436,0.1796875,0.9308983087539673,0.4310603737831116
YGR263C,YMR184W,0,2.265532,0.17965327203273773,0.9308983087539673,0.43116050958633423
YBR058C-A,YPL154C,0,2.2651076,0.17961904406547546,0.9308983087539673,0.4312606453895569
YJR139C,YER086W,0,2.2648706,0.17958484590053558,0.9308983087539673,0.43136078119277954
YGR106C,YPL174C,0,2.2648,0.1795506477355957,0.9308983087539673,0.4314608871936798
YBR055C,YER088C,0,2.2647052,0.17951646447181702,0.9308983087539673,0.43156102299690247
YAL008W,YMR022W,0,2.2646675,0.17948229610919952,0.9308983087539673,0.4316611588001251
YLR134W,YHR010W,0,2.264393,0.17944814264774323,0.9308983087539673,0.4317612946033478
YML043C,YBL101W-A,0,2.2642584,0.17941400408744812,0.9308983087539673,0.43186143040657043
YLR106C,YBR213W,0,2.2633057,0.1793798804283142,0.9308983087539673,0.4319615364074707
YER070W,YAR044W,0,2.2631512,0.1793457567691803,0.9308983087539673,0.43206167221069336
YDR418W,YLR371W,0,2.262999,0.17931166291236877,0.9308983087539673,0.432161808013916
YHR136C,YDL082W,0,2.2625473,0.17927756905555725,0.9308983087539673,0.43226194381713867
YLR192C,YOR391C,0,2.2621374,0.17924349009990692,0.9308983087539673,0.43236207962036133
YKL140W,YBR160W,0,2.2605832,0.17920942604541779,0.9308983087539673,0.432462215423584
YLR135W,YHR134W,1,2.2605357,0.1793653815984726,0.9318854808807373,0.432462215423584
YDL115C,YDR330W,0,2.260493,0.17933130264282227,0.9318854808807373,0.43256232142448425
YBR092C,YHR023W,0,2.2595005,0.17929723858833313,0.9318854808807373,0.4326624572277069
YDR248C,YNL292W,0,2.2592127,0.17926320433616638,0.9318854808807373,0.43276259303092957
YOR179C,YOL030W,0,2.2590277,0.17922917008399963,0.9318854808807373,0.4328627288341522
YLR142W,YPL195W,0,2.258687,0.17919513583183289,0.9318854808807373,0.4329628646373749
YOR308C,YNL301C,0,2.258623,0.17916113138198853,0.9318854808807373,0.43306297063827515
YOR201C,YDR362C,0,2.2582307,0.17912714183330536,0.9318854808807373,0.4331631064414978
YIR012W,YAL013W,0,2.2577105,0.1790931522846222,0.9318854808807373,0.43326324224472046
YLR097C,YOL117W,0,2.2573502,0.17905917763710022,0.9318854808807373,0.4333633780479431
YGR274C,YGL040C,0,2.2572021,0.17902521789073944,0.9318854808807373,0.43346351385116577
YNL077W,YJL073W,0,2.2570696,0.17899127304553986,0.9318854808807373,0.43356361985206604
YNL330C,YLL036C,1,2.256883,0.1791469156742096,0.9328726530075073,0.43356361985206604
YHR105W,YOR389W,0,2.256856,0.17911297082901,0.9328726530075073,0.4336637556552887
YOR381W,YGL161C,0,2.256151,0.17907902598381042,0.9328726530075073,0.43376389145851135
YLR045C,YNL149C,0,2.255296,0.17904509603977203,0.9328726530075073,0.433864027261734
YHR028C,YKR097W,0,2.2552438,0.17901118099689484,0.9328726530075073,0.43396416306495667
YPL148C,YPL060W,0,2.2550745,0.17897726595401764,0.9328726530075073,0.43406426906585693
YIR014W,YDR495C,0,2.2549539,0.17894338071346283,0.9328726530075073,0.4341644048690796
YHL016C,YLR176C,0,2.2548451,0.1789095103740692,0.9328726530075073,0.43426454067230225
YIR037W,YIL115C,0,2.254621,0.1788756400346756,0.9328726530075073,0.4343646764755249
YER048W-A,YHR136C,0,2.254345,0.17884178459644318,0.9328726530075073,0.43446481227874756
YHR081W,YJL101C,0,2.254099,0.17880794405937195,0.9328726530075073,0.4345649480819702
YJR110W,YBR251W,0,2.2540686,0.17877411842346191,0.9328726530075073,0.4346650540828705
YPL269W,YDR261W-B,0,2.2539692,0.17874030768871307,0.9328726530075073,0.43476518988609314
YMR235C,YPL257W-A,0,2.253673,0.17870651185512543,0.9328726530075073,0.4348653256893158
YDR393W,YJR135W-A,0,2.2534437,0.17867271602153778,0.9328726530075073,0.43496546149253845
YDR121W,YDL192W,0,2.253096,0.17863893508911133,0.9328726530075073,0.4350655972957611
YKR059W,YKR097W,0,2.2527876,0.17860518395900726,0.9328726530075073,0.4351657032966614
YKL059C,YML088W,0,2.2526484,0.1785714328289032,0.9328726530075073,0.43526583909988403
YER007W,YPR122W,0,2.2511835,0.17853769659996033,0.9328726530075073,0.4353659749031067
YFR008W,YHR099W,0,2.2511268,0.17850396037101746,0.9328726530075073,0.43546611070632935
YHR052W,YKR009C,0,2.249627,0.17847025394439697,0.9328726530075073,0.435566246509552
YKR097W,YOR014W,0,2.249278,0.17843656241893768,0.9328726530075073,0.43566635251045227
YGL205W,YJL062W-A,0,2.2490194,0.1784028708934784,0.9328726530075073,0.4357664883136749
YDL108W,YER082C,0,2.2479246,0.1783691942691803,0.9328726530075073,0.4358666241168976
YOL117W,YMR109W,0,2.24792,0.1783355325460434,0.9328726530075073,0.43596675992012024
YBR136W,YKL017C,1,2.2475455,0.1784905642271042,0.9338598251342773,0.43596675992012024
YGL089C,YOR315W,0,2.2468596,0.1784568876028061,0.9338598251342773,0.4360668957233429
YGR088W,YGR124W,0,2.245807,0.17842324078083038,0.9338598251342773,0.43616703152656555
YDR465C,YGR188C,0,2.244104,0.17838959395885468,0.9338598251342773,0.4362671375274658
YGL232W,YHR023W,0,2.2430894,0.17835596203804016,0.9338598251342773,0.4363672733306885
YKR058W,YDR393W,0,2.2429252,0.17832233011722565,0.9338598251342773,0.43646740913391113
YBR166C,YJL080C,0,2.242851,0.17828872799873352,0.9338598251342773,0.4365675449371338
YCR020C,YKL028W,0,2.2424417,0.1782551407814026,0.9338598251342773,0.43666768074035645
YGR035C,YNL135C,0,2.2418008,0.17822155356407166,0.9338598251342773,0.4367677867412567
YML061C,YGL087C,1,2.2410874,0.17837634682655334,0.9348469972610474,0.4367677867412567
YGL206C,YDL007W,0,2.2410212,0.17834274470806122,0.9348469972610474,0.43686792254447937
YGL222C,YDR313C,0,2.2408736,0.17830917239189148,0.9348469972610474,0.436968058347702
YCR072C,YGR071C,0,2.2408657,0.17827560007572174,0.9348469972610474,0.4370681941509247
YML027W,YNL049C,0,2.2396185,0.1782420426607132,0.9348469972610474,0.43716832995414734
YKL135C,YNL119W,0,2.238989,0.17820850014686584,0.9348469972610474,0.4372684359550476
YKL154W,YJL056C,0,2.2383394,0.1781749725341797,0.9348469972610474,0.43736857175827026
YJR065C,YMR109W,0,2.2378519,0.17814145982265472,0.9348469972610474,0.4374687075614929
YPR042C,YGR189C,0,2.2371821,0.17810796201229095,0.9348469972610474,0.4375688433647156
YLR172C,YGR162W,0,2.2371652,0.17807446420192719,0.9348469972610474,0.43766897916793823
YDR283C,YLR318W,0,2.2367864,0.1780409812927246,0.9348469972610474,0.4377690851688385
YBL060W,YER113C,0,2.2364502,0.17800751328468323,0.9348469972610474,0.43786922097206116
YOR381W,YNL061W,0,2.2364,0.17797406017780304,0.9348469972610474,0.4379693567752838
YJR013W,YDR448W,0,2.2363453,0.17794062197208405,0.9348469972610474,0.43806949257850647
YFL036W,YDR334W,0,2.2362075,0.17790719866752625,0.9348469972610474,0.4381696283817291
YHR171W,YGR054W,0,2.236083,0.17787377536296844,0.9348469972610474,0.4382697641849518
YCR096C,YLR099C,0,2.2358332,0.17784038186073303,0.9348469972610474,0.43836987018585205
YDL143W,YPL026C,0,2.2355738,0.17780698835849762,0.9348469972610474,0.4384700059890747
YHR086W,YDR158W,0,2.234561,0.1777736097574234,0.9348469972610474,0.43857014179229736
YLR266C,YJL164C,0,2.2335322,0.17774024605751038,0.9348469972610474,0.43867027759552
YLR450W,YNL135C,0,2.2335062,0.17770688235759735,0.9348469972610474,0.4387704133987427
YNL306W,YLR010C,0,2.232884,0.1776735484600067,0.9348469972610474,0.43887051939964294
YDR050C,YMR289W,0,2.2328572,0.17764021456241608,0.9348469972610474,0.4389706552028656
YOR167C,YLR192C,0,2.2322009,0.17760689556598663,0.9348469972610474,0.43907079100608826
YLR207W,YNR047W,0,2.2322006,0.17757359147071838,0.9348469972610474,0.4391709268093109
YDR315C,YOR174W,0,2.2320192,0.17754030227661133,0.9348469972610474,0.43927106261253357
YHR046C,YDL112W,0,2.2319221,0.17750702798366547,0.9348469972610474,0.43937116861343384
YDL007W,YMR071C,0,2.2310658,0.1774737685918808,0.9348469972610474,0.4394713044166565
YDR248C,YLR032W,0,2.2307863,0.17744050920009613,0.9348469972610474,0.43957144021987915
YDR363W-A,YOL071W,0,2.2302926,0.17740726470947266,0.9348469972610474,0.4396715760231018
YML077W,YGL031C,0,2.2294595,0.17737403512001038,0.9348469972610474,0.43977171182632446
YGR026W,YPR156C,0,2.2294302,0.1773408204317093,0.9348469972610474,0.4398718476295471
YLR134W,YGL155W,0,2.2292278,0.1773076206445694,0.9348469972610474,0.4399719536304474
YBL021C,YLR246W,0,2.2289383,0.1772744357585907,0.9348469972610474,0.44007208943367004
YCL075W,YDR447C,0,2.228789,0.177241250872612,0.9348469972610474,0.4401722252368927
YOR373W,YML063W,0,2.2277536,0.1772080808877945,0.9348469972610474,0.44027236104011536
YGL229C,YJR060W,0,2.2275052,0.17717492580413818,0.9348469972610474,0.440372496843338
YDL085W,YDR166C,0,2.2272162,0.17714178562164307,0.9348469972610474,0.4404726028442383
YGL253W,YNL128W,0,2.2270494,0.17710866034030914,0.9348469972610474,0.44057273864746094
YMR056C,YLR078C,0,2.2267628,0.17707553505897522,0.9348469972610474,0.4406728744506836
YLR126C,YGR272C,0,2.225962,0.17704243957996368,0.9348469972610474,0.44077301025390625
YOR278W,YPR102C,0,2.2258809,0.17700934410095215,0.9348469972610474,0.4408731460571289
YEL038W,YER061C,0,2.225763,0.1769762635231018,0.9348469972610474,0.4409732520580292
YGR295C,YDL180W,0,2.2255192,0.17694319784641266,0.9348469972610474,0.44107338786125183
YML115C,YDR507C,0,2.2254553,0.1769101470708847,0.9348469972610474,0.4411735236644745
YIL074C,YAL058W,0,2.224711,0.17687709629535675,0.9348469972610474,0.44127365946769714
YJL056C,YDR103W,0,2.223696,0.17684407532215118,0.9348469972610474,0.4413737952709198
YML037C,YNL012W,0,2.2233582,0.17681105434894562,0.9348469972610474,0.44147390127182007
YBR286W,YDR219C,0,2.2233052,0.17677804827690125,0.9348469972610474,0.4415740370750427
YKR038C,YDR483W,0,2.2230098,0.17674505710601807,0.9348469972610474,0.4416741728782654
YGL206C,YDL043C,0,2.2225938,0.1767120659351349,0.9348469972610474,0.44177430868148804
YDR052C,YGR162W,0,2.2224922,0.1766791045665741,0.9348469972610474,0.4418744444847107
YPL019C,YGL205W,0,2.2218087,0.1766461431980133,0.9348469972610474,0.44197458028793335
YOL120C,YCL027W,0,2.221641,0.1766131967306137,0.9348469972610474,0.4420746862888336
YML124C,YBL037W,0,2.221037,0.1765802651643753,0.9348469972610474,0.4421748220920563
YBR267W,YJR022W,0,2.220961,0.1765473484992981,0.9348469972610474,0.44227495789527893
YOL018C,YGR189C,0,2.2207656,0.17651444673538208,0.9348469972610474,0.4423750936985016
YNR027W,YOL105C,0,2.2206616,0.17648154497146606,0.9348469972610474,0.44247522950172424
YGL211W,YCR075C,0,2.220581,0.17644867300987244,0.9348469972610474,0.4425753355026245
YNL291C,YDL033C,0,2.2202218,0.1764158010482788,0.9348469972610474,0.44267547130584717
YHR027C,YMR016C,0,2.2200022,0.17638294398784637,0.9348469972610474,0.4427756071090698
YLR207W,YPR054W,0,2.219652,0.17635008692741394,0.9348469972610474,0.4428757429122925
YPR156C,YDR387C,0,2.2196417,0.1763172596693039,0.9348469972610474,0.44297587871551514
YHR067W,YNL301C,0,2.2188983,0.17628443241119385,0.9348469972610474,0.4430759847164154
YDR381W,YBR090C-A,1,2.2179508,0.17643775045871735,0.9358341693878174,0.4430759847164154
YKR038C,YDR330W,0,2.217687,0.1764049082994461,0.9358341693878174,0.44317612051963806
YDL200C,YDR034C-C,0,2.217558,0.17637209594249725,0.9358341693878174,0.4432762563228607
YDR313C,YGL031C,0,2.2175033,0.1763392835855484,0.9358341693878174,0.4433763921260834
YDR118W,YDR368W,0,2.217319,0.17630648612976074,0.9358341693878174,0.44347652792930603
YDL210W,YAL058W,0,2.2170508,0.17627370357513428,0.9358341693878174,0.4435766637325287
YMR142C,YGR035C,0,2.2169971,0.176240935921669,0.9358341693878174,0.44367676973342896
YHL040C,YNL227C,0,2.215011,0.17620818316936493,0.9358341693878174,0.4437769055366516
YOL067C,YOR348C,0,2.2149088,0.17617543041706085,0.9358341693878174,0.44387704133987427
YIL101C,YHR081W,0,2.2138467,0.17614269256591797,0.9358341693878174,0.4439771771430969
YDL138W,YLR014C,0,2.2131793,0.17610996961593628,0.9358341693878174,0.4440773129463196
YOR356W,YPL269W,0,2.2127085,0.17607726156711578,0.9358341693878174,0.44417741894721985
YJR158W,YOL077C,0,2.2123497,0.17604456841945648,0.9358341693878174,0.4442775547504425
YER110C,YKL017C,0,2.2118897,0.17601187527179718,0.9358341693878174,0.44437769055366516
YNR043W,YER153C,0,2.2115436,0.17597921192646027,0.9358341693878174,0.4444778263568878
YPL051W,YJL062W-A,0,2.2115393,0.17594654858112335,0.9358341693878174,0.4445779621601105
YBR001C,YIL084C,0,2.211465,0.17591390013694763,0.9358341693878174,0.44467806816101074
YMR235C,YDL146W,0,2.2105207,0.1758812665939331,0.9358341693878174,0.4447782039642334
YOR384W,YOR337W,0,2.2097893,0.17584863305091858,0.9358341693878174,0.44487833976745605
YDL080C,YAL062W,0,2.2095735,0.17581602931022644,0.9358341693878174,0.4449784755706787
YLR170C,YNL339C,0,2.209497,0.1757834255695343,0.9358341693878174,0.44507861137390137
YDL205C,YEL050C,0,2.209446,0.17575083673000336,0.9358341693878174,0.445178747177124
YJR065C,YLR433C,0,2.209265,0.1757182627916336,0.9358341693878174,0.4452788531780243
YOR288C,YGL178W,0,2.2092085,0.17568568885326385,0.9358341693878174,0.44537898898124695
YDR511W,YDR261W-B,0,2.2088366,0.1756531447172165,0.9358341693878174,0.4454791247844696
YML085C,YER126C,0,2.2077587,0.17562060058116913,0.9358341693878174,0.44557926058769226
YIL009C-A,YDR486C,0,2.2076242,0.17558807134628296,0.9358341693878174,0.4456793963909149
YNL242W,YER106W,0,2.2065544,0.17555555701255798,0.9358341693878174,0.4457795023918152
YGL135W,YMR042W,0,2.2057917,0.1755230575799942,0.9358341693878174,0.44587963819503784
YDR456W,YPR041W,0,2.2052672,0.17549055814743042,0.9358341693878174,0.4459797739982605
YHR036W,YPR032W,0,2.2051346,0.17545807361602783,0.9358341693878174,0.44607990980148315
YOL067C,YMR128W,0,2.2039976,0.17542560398578644,0.9358341693878174,0.4461800456047058
YDR532C,YDR224C,0,2.2036264,0.17539314925670624,0.9358341693878174,0.4462801516056061
YNL306W,YPR031W,0,2.2034588,0.17536070942878723,0.9358341693878174,0.44638028740882874
YOR257W,YML124C,0,2.20266,0.17532828450202942,0.9358341693878174,0.4464804232120514
YDL075W,YGR191W,0,2.202457,0.1752958595752716,0.9358341693878174,0.44658055901527405
YDL101C,YJL173C,1,2.202378,0.17544832825660706,0.9368213415145874,0.44658055901527405
YKL164C,YFR007W,0,2.2022693,0.17541590332984924,0.9368213415145874,0.4466806948184967
YER140W,YEL002C,0,2.202117,0.17538347840309143,0.9368213415145874,0.446780800819397
YKL100C,YOR080W,0,2.201304,0.1753510683774948,0.9368213415145874,0.44688093662261963
YOR288C,YCL061C,0,2.2003715,0.1753186732530594,0.9368213415145874,0.4469810724258423
YDL136W,YLR086W,0,2.200354,0.17528629302978516,0.9368213415145874,0.44708120822906494
YPL206C,YER184C,0,2.1995826,0.17525392770767212,0.9368213415145874,0.4471813440322876
YPL154C,YER030W,0,2.1986744,0.17522156238555908,0.9368213415145874,0.44728147983551025
YGL089C,YOL157C,0,2.198391,0.17518921196460724,0.9368213415145874,0.4473815858364105
YJR016C,YOR242C,0,2.1983452,0.17515689134597778,0.9368213415145874,0.4474817216396332
YLL038C,YHL032C,0,2.1981745,0.17512455582618713,0.9368213415145874,0.44758185744285583
YKL017C,YPL235W,1,2.1981568,0.1752767562866211,0.9378085136413574,0.44758185744285583
YDR531W,YOL117W,0,2.197698,0.17524442076683044,0.9378085136413574,0.4476819932460785
YDR341C,YML012W,0,2.1975982,0.175212100148201,0.9378085136413574,0.44778212904930115
YLR086W,YHL019C,0,2.1974895,0.17517979443073273,0.9378085136413574,0.4478822350502014
YOL100W,YIL138C,0,2.197237,0.17514748871326447,0.9378085136413574,0.4479823708534241
YOR343W-A,YKL021C,0,2.1959333,0.1751152127981186,0.9378085136413574,0.44808250665664673
YMR127C,YLR078C,0,2.1957698,0.17508293688297272,0.9378085136413574,0.4481826424598694
YOR337W,YLL022C,0,2.1955523,0.17505067586898804,0.9378085136413574,0.44828277826309204
YHR140W,YAR018C,0,2.1952,0.17501842975616455,0.9378085136413574,0.4483828842639923
YJL072C,YKR059W,0,2.1945162,0.17498618364334106,0.9378085136413574,0.44848302006721497
YGR159C,YPL257W-A,0,2.1938887,0.17495395243167877,0.9378085136413574,0.4485831558704376
YJL143W,YDL007W,0,2.1937819,0.17492175102233887,0.9378085136413574,0.4486832916736603
YJR145C,YIL084C,0,2.1934464,0.17488954961299896,0.9378085136413574,0.44878342747688293
YLR008C,YER068W,0,2.1933436,0.17485734820365906,0.9378085136413574,0.4488835632801056
YPL060W,YGR123C,0,2.1929433,0.17482517659664154,0.9378085136413574,0.44898366928100586
YML070W,YDR421W,0,2.191576,0.17479300498962402,0.9378085136413574,0.4490838050842285
YOR179C,YNL077W,0,2.1912925,0.1747608482837677,0.9378085136413574,0.44918394088745117
YKR061W,YHR160C,0,2.1910162,0.17472870647907257,0.9378085136413574,0.44928407669067383
YDL114W,YGR223C,0,2.1908402,0.17469657957553864,0.9378085136413574,0.4493842124938965
YOR356W,YNL310C,0,2.190607,0.1746644675731659,0.9378085136413574,0.44948431849479675
YDR107C,YBL074C,0,2.1890802,0.17463235557079315,0.9378085136413574,0.4495844542980194
YJL044C,YNL185C,0,2.1884851,0.1746002584695816,0.9378085136413574,0.44968459010124207
YDR238C,YML060W,0,2.1881466,0.17456817626953125,0.9378085136413574,0.4497847259044647
YHR039C-B,YHR070W,0,2.1876407,0.1745360940694809,0.9378085136413574,0.4498848617076874
YKL011C,YOR131C,0,2.1876135,0.17450404167175293,0.9378085136413574,0.44998496770858765
YOR151C,YLR038C,0,2.1873736,0.17447198927402496,0.9378085136413574,0.4500851035118103
YMR128W,YDL006W,0,2.18659,0.1744399517774582,0.9378085136413574,0.45018523931503296
YDR536W,YBR251W,0,2.1864972,0.1744079291820526,0.9378085136413574,0.4502853751182556
YAL034W-A,YHR011W,0,2.1863282,0.17437592148780823,0.9378085136413574,0.45038551092147827
YOL138C,YJL073W,0,2.185667,0.17434391379356384,0.9378085136413574,0.45048561692237854
YIL051C,YLR186W,0,2.184585,0.17431192100048065,0.9378085136413574,0.4505857527256012
YHR105W,YOR046C,0,2.1833608,0.17427994310855865,0.9378085136413574,0.45068588852882385
YNL242W,YIL101C,0,2.1820068,0.17424798011779785,0.9378085136413574,0.4507860243320465
YJL165C,YPR047W,0,2.1812844,0.17421603202819824,0.9378085136413574,0.45088616013526917
YDR139C,YJR068W,0,2.1811564,0.17418408393859863,0.9378085136413574,0.4509862959384918
YKL140W,YGR154C,0,2.1808195,0.17415215075016022,0.9378085136413574,0.4510864019393921
YMR264W,YPL257W-A,0,2.1804788,0.174120232462883,0.9378085136413574,0.45118653774261475
YIL172C,YJR022W,0,2.1788979,0.17408832907676697,0.9378085136413574,0.4512866735458374
YMR281W,YDL099W,0,2.1767673,0.17405642569065094,0.9378085136413574,0.45138680934906006
YLR370C,YOR373W,0,2.1765752,0.1740245521068573,0.9378085136413574,0.4514869451522827
YDR315C,YLR286C,0,2.1760237,0.17399267852306366,0.9378085136413574,0.451587051153183
YJL153C,YOR228C,0,2.1758451,0.1739608198404312,0.9378085136413574,0.45168718695640564
YOL156W,YHL004W,0,2.1750276,0.17392896115779877,0.9378085136413574,0.4517873227596283
YDL229W,YML095C,0,2.1747394,0.1738971322774887,0.9378085136413574,0.45188745856285095
YPL257W-A,YHL016C,0,2.1736007,0.17386530339717865,0.9378085136413574,0.4519875943660736
YDR418W,YPL028W,0,2.1735082,0.17383348941802979,0.9378085136413574,0.4520877003669739
YBR022W,YOR067C,0,2.1729558,0.17380169034004211,0.9378085136413574,0.45218783617019653
YDR315C,YNL212W,0,2.1723936,0.17376989126205444,0.9378085136413574,0.4522879719734192
YGR162W,YDR507C,0,2.1723692,0.17373810708522797,0.9378085136413574,0.45238810777664185
YDR139C,YPR168W,0,2.1714902,0.17370633780956268,0.9378085136413574,0.4524882435798645
YNL039W,YML125C,0,2.170727,0.1736745834350586,0.9378085136413574,0.45258837938308716
YDR044W,YOR246C,0,2.1702976,0.1736428439617157,0.9378085136413574,0.4526884853839874
YKR105C,YOR127W,0,2.1699355,0.1736111044883728,0.9378085136413574,0.4527886211872101
YOL139C,YOR036W,0,2.1680064,0.1735793948173523,0.9378085136413574,0.45288875699043274
YDR465C,YER120W,0,2.1674984,0.1735476851463318,0.9378085136413574,0.4529888927936554
YOR192C-B,YHR044C,0,2.1672573,0.17351597547531128,0.9378085136413574,0.45308902859687805
YCR047C,YKL017C,0,2.1668212,0.17348429560661316,0.9378085136413574,0.4531891345977783
YER070W,YLR448W,0,2.166746,0.17345261573791504,0.9378085136413574,0.453289270401001
YLR385C,YBL069W,0,2.1656058,0.1734209507703781,0.9378085136413574,0.45338940620422363
YMR307W,YDR011W,0,2.1652808,0.17338930070400238,0.9378085136413574,0.4534895420074463
YHR046C,YDL108W,0,2.1652622,0.17335766553878784,0.9378085136413574,0.45358967781066895
YPR041W,YCR094W,0,2.1649737,0.1733260303735733,0.9378085136413574,0.4536897838115692
YMR137C,YBR090C-A,1,2.1644623,0.17347683012485504,0.9387956857681274,0.4536897838115692
YER070W,YBR241C,0,2.1642907,0.1734451949596405,0.9387956857681274,0.45378991961479187
YGL039W,YBR058C-A,0,2.1641688,0.17341355979442596,0.9387956857681274,0.4538900554180145
YJL062W-A,YDR420W,0,2.1640759,0.1733819544315338,0.9387956857681274,0.4539901912212372
YOR120W,YLR467W,0,2.1637769,0.17335034906864166,0.9387956857681274,0.45409032702445984
YGR184C,YJR059W,0,2.1637044,0.1733187586069107,0.9387956857681274,0.4541904330253601
YJL072C,YER147C,0,2.1636891,0.17328716814517975,0.9387956857681274,0.45429056882858276
YDR316W-A,YOR150W,0,2.163588,0.17325560748577118,0.9387956857681274,0.4543907046318054
YJR057W,YBR090C-A,1,2.1633294,0.1734061986207962,0.9397827982902527,0.4543907046318054
YGR234W,YOL149W,0,2.163147,0.17337460815906525,0.9397827982902527,0.4544908404350281
YNL119W,YGR272C,0,2.163124,0.17334304749965668,0.9397827982902527,0.45459097623825073
YDR011W,YKR030W,0,2.1631207,0.1733114868402481,0.9397827982902527,0.4546911120414734
YBR024W,YDR320C,0,2.162764,0.17327994108200073,0.9397827982902527,0.45479121804237366
YPL155C,YPL202C,0,2.162446,0.17324841022491455,0.9397827982902527,0.4548913538455963
YJR110W,YER012W,0,2.1619396,0.17321687936782837,0.9397827982902527,0.45499148964881897
YHR044C,YAL058W,0,2.1608436,0.17318537831306458,0.9397827982902527,0.4550916254520416
YBR050C,YDL056W,0,2.1606634,0.17315387725830078,0.9397827982902527,0.4551917612552643
YDR253C,YBR159W,0,2.1601198,0.17312239110469818,0.9397827982902527,0.45529186725616455
YDR387C,YDR322W,0,2.1587458,0.17309090495109558,0.9397827982902527,0.4553920030593872
YLL062C,YDR096W,0,2.1585991,0.17305944859981537,0.9397827982902527,0.45549213886260986
YBR040W,YDL184C,0,2.158446,0.17302799224853516,0.9397827982902527,0.4555922746658325
YOR240W,YPR032W,0,2.15833,0.17299655079841614,0.9397827982902527,0.4556924104690552
YPL257W-A,YBR009C,0,2.1579914,0.17296510934829712,0.9397827982902527,0.45579251646995544
YOR143C,YLR381W,0,2.1562726,0.1729336977005005,0.9397827982902527,0.4558926522731781
YPL121C,YKL042W,0,2.1560729,0.17290228605270386,0.9397827982902527,0.45599278807640076
YMR314W,YGR062C,0,2.1556764,0.17287088930606842,0.9397827982902527,0.4560929238796234
YJL072C,YOR039W,0,2.1551344,0.17283950746059418,0.9397827982902527,0.45619305968284607
YMR316W,YDR071C,0,2.154982,0.17280812561511993,0.9397827982902527,0.4562931954860687
YMR163C,YHR013C,0,2.1534827,0.17277677357196808,0.9397827982902527,0.456393301486969
YAR019C,YOR127W,0,2.1529684,0.17274542152881622,0.9397827982902527,0.45649343729019165
YBL103C,YPL060W,0,2.1525307,0.17271408438682556,0.9397827982902527,0.4565935730934143
YBR176W,YMR122W-A,0,2.1522036,0.1726827472448349,0.9397827982902527,0.45669370889663696
YOR240W,YGR076C,0,2.150053,0.17265143990516663,0.9397827982902527,0.4567938446998596
YLR097C,YFL039C,0,2.1499538,0.17262013256549835,0.9397827982902527,0.4568939507007599
YDR071C,YMR165C,0,2.148183,0.17258882522583008,0.9397827982902527,0.45699408650398254
YDR536W,YPL103C,0,2.1468744,0.1725575476884842,0.9397827982902527,0.4570942223072052
YHR023W,YOR067C,0,2.1468582,0.1725262850522995,0.9397827982902527,0.45719435811042786
YNL039W,YOL125W,0,2.1459987,0.1724950224161148,0.9397827982902527,0.4572944939136505
YPL059W,YIR006C,0,2.1450787,0.1724637746810913,0.9397827982902527,0.4573945999145508
YDR096W,YAL025C,0,2.144647,0.1724325269460678,0.9397827982902527,0.45749473571777344
YDL231C,YLR221C,0,2.1437616,0.1724013090133667,0.9397827982902527,0.4575948715209961
YOR036W,YDL008W,0,2.1431417,0.1723700910806656,0.9397827982902527,0.45769500732421875
YAR007C,YMR208W,0,2.143041,0.17233888804912567,0.9397827982902527,0.4577951431274414
YBR022W,YHR160C,0,2.1425474,0.17230768501758575,0.9397827982902527,0.4578952491283417
YPL031C,YMR026C,0,2.1423106,0.17227651178836823,0.9397827982902527,0.45799538493156433
YNL310C,YIL115C,0,2.1419606,0.1722453385591507,0.9397827982902527,0.458095520734787
YOL120C,YOL056W,0,2.1417093,0.17221418023109436,0.9397827982902527,0.45819565653800964
YJR135C,YLR304C,0,2.1416569,0.17218303680419922,0.9397827982902527,0.4582957923412323
YDR270W,YCR075C,0,2.140152,0.17215189337730408,0.9397827982902527,0.45839592814445496
YJL025W,YHR011W,0,2.138563,0.17212077975273132,0.9397827982902527,0.4584960341453552
YBR175W,YFL044C,0,2.1375751,0.17208966612815857,0.9397827982902527,0.4585961699485779
YGR104C,YIL172C,0,2.1375415,0.17205855250358582,0.9397827982902527,0.45869630575180054
YMR235C,YHL009W-B,0,2.1375332,0.17202746868133545,0.9397827982902527,0.4587964415550232
YDR263C,YMR201C,1,2.1371958,0.17217706143856049,0.9407699704170227,0.4587964415550232
YBR058C,YER091C,0,2.1363149,0.17214594781398773,0.9407699704170227,0.45889657735824585
YDR236C,YDR069C,0,2.1354797,0.17211486399173737,0.9407699704170227,0.4589966833591461
YLL011W,YDR047W,0,2.1353912,0.172083780169487,0.9407699704170227,0.4590968191623688
YOR315W,YLR385C,0,2.135351,0.17205271124839783,0.9407699704170227,0.45919695496559143
YER029C,YJR015W,0,2.1351347,0.17202165722846985,0.9407699704170227,0.4592970907688141
YER174C,YGL185C,0,2.1337855,0.17199061810970306,0.9407699704170227,0.45939722657203674
YDR315C,YPL085W,0,2.1329992,0.17195957899093628,0.9407699704170227,0.459497332572937
YJL165C,YDL056W,0,2.131926,0.1719285547733307,0.9407699704170227,0.45959746837615967
YNR050C,YJR060W,0,2.131846,0.1718975454568863,0.9407699704170227,0.4596976041793823
YAR018C,YKR048C,0,2.1316128,0.1718665510416031,0.9407699704170227,0.459797739982605
YFR006W,YBL074C,0,2.131051,0.17183555662631989,0.9407699704170227,0.45989787578582764
YJR155W,YOR014W,0,2.1296666,0.17180457711219788,0.9407699704170227,0.4599980115890503
YJR075W,YPR178W,0,2.1295729,0.17177361249923706,0.9407699704170227,0.46009811758995056
YEL064C,YEL016C,0,2.1294641,0.17174266278743744,0.9407699704170227,0.4601982533931732
YMR142C,YOR221C,0,2.1294575,0.17171171307563782,0.9407699704170227,0.4602983891963959
YLR371W,YIL072W,0,2.129385,0.1716807782649994,0.9407699704170227,0.46039852499961853
YDL137W,YOL127W,0,2.1293485,0.17164985835552216,0.9407699704170227,0.4604986608028412
YEL013W,YEL061C,0,2.1292083,0.17161893844604492,0.9407699704170227,0.46059876680374146
YLR106C,YGR191W,0,2.1280859,0.17158804833889008,0.9407699704170227,0.4606989026069641
YDR044W,YKL158W,0,2.1278856,0.17155715823173523,0.9407699704170227,0.46079903841018677
YOL133W,YPR073C,0,2.1276321,0.17152628302574158,0.9407699704170227,0.4608991742134094
YHR215W,YAL043C,0,2.127439,0.17149540781974792,0.9407699704170227,0.4609993100166321
YOR278W,YDL110C,0,2.1270156,0.17146456241607666,0.9407699704170227,0.46109941601753235
YMR298W,YER007W,0,2.1266696,0.1714337170124054,0.9407699704170227,0.461199551820755
YML060W,YML009C,0,2.1265798,0.17140287160873413,0.9407699704170227,0.46129968762397766
YER096W,YDL067C,0,2.126408,0.17137205600738525,0.9407699704170227,0.4613998234272003
YLR192C,YBL101W-A,0,2.126275,0.17134124040603638,0.9407699704170227,0.461499959230423
YLR096W,YNL054W-B,0,2.12578,0.1713104397058487,0.9407699704170227,0.46160006523132324
YMR282C,YKR104W,0,2.1252449,0.1712796539068222,0.9407699704170227,0.4617002010345459
YNL061W,YPL048W,0,2.124998,0.1712488830089569,0.9407699704170227,0.46180033683776855
YJR033C,YOL157C,0,2.1244037,0.1712181121110916,0.9407699704170227,0.4619004726409912
YGR035C,YGR188C,0,2.123413,0.1711873561143875,0.9407699704170227,0.46200060844421387
YGR008C,YNR041C,0,2.1229239,0.1711566150188446,0.9407699704170227,0.4621007442474365
YDR316W-A,YLR204W,0,2.1227086,0.1711258739233017,0.9407699704170227,0.4622008502483368
YJR033C,YMR223W,0,2.1226945,0.17109514772891998,0.9407699704170227,0.46230098605155945
YCR037C,YML081C-A,0,2.1225362,0.17106443643569946,0.9407699704170227,0.4624011218547821
YDR342C,YGL106W,0,2.1224768,0.17103374004364014,0.9407699704170227,0.46250125765800476
YJR066W,YPL091W,0,2.122097,0.1710030436515808,0.9407699704170227,0.4626013934612274
YIL004C,YBR123C,0,2.1208472,0.17097237706184387,0.9407699704170227,0.4627014994621277
YHR207C,YLR139C,0,2.1207738,0.17094171047210693,0.9407699704170227,0.46280163526535034
YJL081C,YOR346W,1,2.120614,0.17109039425849915,0.9417571425437927,0.46280163526535034
YJR066W,YDL185W,0,2.1204848,0.171059712767601,0.9417571425437927,0.462901771068573
YHR027C,YKR037C,0,2.1204839,0.17102904617786407,0.9417571425437927,0.46300190687179565
YPR137C-B,YOR061W,0,2.1192021,0.17099837958812714,0.9417571425437927,0.4631020426750183
YJR110W,YKL154W,0,2.1191652,0.17096774280071259,0.9417571425437927,0.4632021486759186
YPL206C,YML125C,0,2.1190615,0.17093710601329803,0.9417571425437927,0.46330228447914124
YPR178W,YDR298C,0,2.118812,0.17090648412704468,0.9417571425437927,0.4634024202823639
YBR090C-A,YNL102W,1,2.1187737,0.17105498909950256,0.9427443146705627,0.4634024202823639
YDR270W,YDL185W,0,2.118023,0.171024352312088,0.9427443146705627,0.46350255608558655
YDL115C,YNL289W,0,2.1169267,0.17099373042583466,0.9427443146705627,0.4636026918888092
YBR055C,YBR058C-A,0,2.1158729,0.1709631234407425,0.9427443146705627,0.46370282769203186
YGR123C,YDR252W,0,2.1157432,0.17093251645565033,0.9427443146705627,0.46380293369293213
YPR132W,YDR421W,0,2.115665,0.17090193927288055,0.9427443146705627,0.4639030694961548
YOL133W,YDR400W,0,2.114505,0.17087134718894958,0.9427443146705627,0.46400320529937744
YML042W,YNL091W,0,2.1139946,0.170840784907341,0.9427443146705627,0.4641033411026001
YCR066W,YMR201C,1,2.1128116,0.17098909616470337,0.9437314867973328,0.4641033411026001
YNR061C,YOR269W,0,2.1123164,0.1709585189819336,0.9437314867973328,0.46420347690582275
YDL136W,YER120W,0,2.1116421,0.17092794179916382,0.9437314867973328,0.464303582906723
YLL062C,YGL136C,0,2.1115034,0.17089739441871643,0.9437314867973328,0.4644037187099457
YFL004W,YJR098C,0,2.1114109,0.17086684703826904,0.9437314867973328,0.46450385451316833
YBR297W,YDL130W-A,0,2.1111305,0.17083631455898285,0.9437314867973328,0.464603990316391
YNL188W,YDL184C,0,2.1103497,0.17080578207969666,0.9437314867973328,0.46470412611961365
YHR013C,YPL095C,0,2.109655,0.17077527940273285,0.9437314867973328,0.4648042321205139
YFL029C,YLR038C,0,2.10919,0.17074477672576904,0.9437314867973328,0.4649043679237366
YDR436W,YHL004W,0,2.1091788,0.17071428894996643,0.9437314867973328,0.46500450372695923
YER131W,YDL180W,0,2.1088994,0.17068380117416382,0.9437314867973328,0.4651046395301819
YLR337W,YPR032W,0,2.1087327,0.1706533432006836,0.9437314867973328,0.46520477533340454
YDR495C,YLR438C-A,0,2.108129,0.17062288522720337,0.9437314867973328,0.4653049111366272
YHR046C,YJL106W,0,2.1079035,0.17059242725372314,0.9437314867973328,0.46540501713752747
YOR348C,YKR030W,0,2.1069152,0.1705619990825653,0.9437314867973328,0.4655051529407501
YKR038C,YML125C,0,2.1068268,0.17053157091140747,0.9437314867973328,0.4656052887439728
YBL017C,YJR097W,0,2.1066616,0.17050115764141083,0.9437314867973328,0.46570542454719543
YHR039C-B,YOR326W,0,2.105711,0.17047075927257538,0.9437314867973328,0.4658055603504181
YBR213W,YPR122W,0,2.1054769,0.17044036090373993,0.9437314867973328,0.46590566635131836
YDR329C,YER164W,0,2.104933,0.17040997743606567,0.9437314867973328,0.466005802154541
YBL106C,YDR443C,0,2.1048431,0.1703796088695526,0.9437314867973328,0.46610593795776367
YBL030C,YIL039W,0,2.104813,0.17034925520420074,0.9437314867973328,0.46620607376098633
YNL292W,YFL036W,0,2.1043704,0.17031890153884888,0.9437314867973328,0.466306209564209
YHR067W,YGR027W-B,0,2.1042929,0.1702885627746582,0.9437314867973328,0.46640631556510925
YOR116C,YLR106C,0,2.1032102,0.17025823891162872,0.9437314867973328,0.4665064513683319
YMR139W,YLR418C,0,2.102977,0.17022791504859924,0.9437314867973328,0.46660658717155457
YNL227C,YOR211C,0,2.1029458,0.17019762098789215,0.9437314867973328,0.4667067229747772
YKL183W,YJL097W,0,2.1023033,0.17016731202602386,0.9437314867973328,0.4668068587779999
YAL053W,YOR143C,0,2.102053,0.17013703286647797,0.9437314867973328,0.46690696477890015
YLL050C,YMR224C,0,2.1019926,0.17010676860809326,0.9437314867973328,0.4670071005821228
YGL249W,YMR201C,0,2.1013927,0.17007650434970856,0.9437314867973328,0.46710723638534546
YHL009W-B,YHL019C,0,2.1011977,0.17004624009132385,0.9437314867973328,0.4672073721885681
YJL052W,YPL123C,0,2.1010027,0.17001600563526154,0.9437314867973328,0.46730750799179077
YML094W,YLR237W,0,2.1005402,0.16998577117919922,0.9437314867973328,0.4674076437950134
YPL226W,YPR178W,0,2.0996609,0.1699555516242981,0.9437314867973328,0.4675077497959137
YLR283W,YBR164C,0,2.099558,0.16992534697055817,0.9437314867973328,0.46760788559913635
YKL056C,YDR252W,0,2.098895,0.16989514231681824,0.9437314867973328,0.467708021402359
YDR283C,YHR184W,0,2.0968833,0.1698649674654007,0.9437314867973328,0.46780815720558167
YLR343W,YOR092W,0,2.0961347,0.16983477771282196,0.9437314867973328,0.4679082930088043
YDR074W,YBR048W,0,2.0958352,0.1698046177625656,0.9437314867973328,0.4680083990097046
YDR356W,YDL030W,0,2.095745,0.16977445781230927,0.9437314867973328,0.46810853481292725
YOL138C,YIL084C,0,2.0955007,0.1697443127632141,0.9437314867973328,0.4682086706161499
YGR292W,YCL063W,0,2.0950692,0.16971418261528015,0.9437314867973328,0.46830880641937256
YOL031C,YNR011C,0,2.0949848,0.16968406736850739,0.9437314867973328,0.4684089422225952
YOR192C-A,YER111C,0,2.0939057,0.16965395212173462,0.9437314867973328,0.4685090482234955
YHR136C,YMR303C,0,2.0928621,0.16962385177612305,0.9437314867973328,0.46860918402671814
YKL178C,YBR058C,0,2.092823,0.16959375143051147,0.9437314867973328,0.4687093198299408
YHL047C,YNL244C,0,2.0915604,0.1695636808872223,0.9437314867973328,0.46880945563316345
YMR088C,YMR184W,0,2.090307,0.1695336103439331,0.9437314867973328,0.4689095914363861
YBL022C,YER106W,0,2.089955,0.16950353980064392,0.9437314867973328,0.46900972723960876
YBR264C,YCL047C,0,2.089628,0.16947349905967712,0.9437314867973328,0.46910983324050903
YGR184C,YGR123C,0,2.0888162,0.16944345831871033,0.9437314867973328,0.4692099690437317
YMR233W,YAL058W,0,2.088476,0.16941343247890472,0.9437314867973328,0.46931010484695435
YJL062W-A,YLR158C,0,2.0872302,0.16938342154026031,0.9437314867973328,0.469410240650177
YPL059W,YGL258W-A,0,2.0872302,0.1693534106016159,0.9437314867973328,0.46951037645339966
YJL062W-A,YHR086W,0,2.0872302,0.1693234145641327,0.9437314867973328,0.4696104824542999
YML106W,YMR056C,0,2.086713,0.16929343342781067,0.9437314867973328,0.4697106182575226
YFR005C,YEL016C,0,2.086494,0.16926345229148865,0.9437314867973328,0.46981075406074524
YEL017C-A,YOR343W-A,0,2.0862286,0.16923348605632782,0.9437314867973328,0.4699108898639679
YJR160C,YDR330W,0,2.086053,0.16920353472232819,0.9437314867973328,0.47001102566719055
YFR015C,YPR096C,0,2.0857275,0.16917359828948975,0.9437314867973328,0.4701111316680908
YBR022W,YER044C,0,2.085686,0.1691436618566513,0.9437314867973328,0.4702112674713135
YPR054W,YOR244W,0,2.085513,0.16911374032497406,0.9437314867973328,0.47031140327453613
YMR070W,YDR103W,0,2.0850673,0.169083833694458,0.9437314867973328,0.4704115390777588
YLL050C,YMR026C,0,2.084931,0.16905394196510315,0.9437314867973328,0.47051167488098145
YDR139C,YIL112W,0,2.0840232,0.1690240502357483,0.9437314867973328,0.4706117808818817
YCR039C,YOR057W,0,2.0837648,0.16899417340755463,0.9437314867973328,0.47071191668510437
YDL019C,YGL205W,0,2.0835626,0.16896429657936096,0.9437314867973328,0.470812052488327
YOR192C-A,YMR023C,0,2.0832052,0.1689344346523285,0.9437314867973328,0.4709121882915497
YGL191W,YGR279C,0,2.0830574,0.16890458762645721,0.9437314867973328,0.47101232409477234
YCR072C,YOR347C,0,2.082929,0.16887475550174713,0.9437314867973328,0.471112459897995
YIL072W,YJL065C,0,2.082915,0.16884493827819824,0.9437314867973328,0.47121256589889526
YDR253C,YOR192C-A,0,2.0813165,0.16881512105464935,0.9437314867973328,0.4713127017021179
YLL009C,YPR158C-D,0,2.080608,0.16878530383110046,0.9437314867973328,0.4714128375053406
YMR037C,YLR078C,0,2.0804255,0.16875551640987396,0.9437314867973328,0.47151297330856323
YIR014W,YNL207W,0,2.0799184,0.16872572898864746,0.9437314867973328,0.4716131091117859
YCL047C,YDR483W,0,2.0797114,0.16869595646858215,0.9437314867973328,0.47171321511268616
YOR373W,YKL173W,0,2.0793324,0.16866619884967804,0.9437314867973328,0.4718133509159088
YDR013W,YLR139C,0,2.0790865,0.16863644123077393,0.9437314867973328,0.47191348671913147
YKL140W,YCR047C,0,2.0771267,0.168606698513031,0.9437314867973328,0.4720136225223541
YLR221C,YKR104W,0,2.0763636,0.16857697069644928,0.9437314867973328,0.4721137583255768
YER070W,YDR128W,0,2.0763178,0.16854724287986755,0.9437314867973328,0.47221386432647705
YJL221C,YJR060W,0,2.076247,0.16851754486560822,0.9437314867973328,0.4723140001296997
YDR418W,YGL059W,0,2.0753677,0.16848783195018768,0.9437314867973328,0.47241413593292236
YBR092C,YGR274C,0,2.074574,0.16845814883708954,0.9437314867973328,0.472514271736145
YOR116C,YDR358W,0,2.074256,0.1684284657239914,0.9437314867973328,0.4726144075393677
YER113C,YHR070W,0,2.0742202,0.16839879751205444,0.9437314867973328,0.47271454334259033
YOR288C,YBL069W,0,2.0731091,0.1683691442012787,0.9437314867973328,0.4728146493434906
YER140W,YPL103C,0,2.0730011,0.16833949089050293,0.9437314867973328,0.47291478514671326
YOR201C,YKL164C,0,2.0726092,0.16830985248088837,0.9437314867973328,0.4730149209499359
YPR063C,YDL200C,0,2.0718672,0.168280228972435,0.9437314867973328,0.47311505675315857
YOL103W,YOR242C,0,2.0718324,0.16825062036514282,0.9437314867973328,0.4732151925563812
YBR050C,YOL030W,0,2.0710385,0.16822101175785065,0.9437314867973328,0.4733152985572815
YKL011C,YGR286C,0,2.070411,0.16819141805171967,0.9437314867973328,0.47341543436050415
YHR031C,YLR120C,0,2.0699296,0.16816182434558868,0.9437314867973328,0.4735155701637268
YGL213C,YER113C,0,2.0695279,0.1681322604417801,0.9437314867973328,0.47361570596694946
YGL249W,YHL047C,0,2.0694938,0.1681026965379715,0.9437314867973328,0.4737158417701721
YLR214W,YDL180W,0,2.069397,0.1680731326341629,0.9437314867973328,0.4738159477710724
YDR368W,YKL164C,0,2.0693004,0.1680435985326767,0.9437314867973328,0.47391608357429504
YLR035C-A,YGL009C,0,2.0687368,0.1680140644311905,0.9437314867973328,0.4740162193775177
YDR299W,YCL027W,0,2.0681753,0.16798453032970428,0.9437314867973328,0.47411635518074036
YGL168W,YDR177W,0,2.0681539,0.16795502603054047,0.9437314867973328,0.474216490983963
YNL046W,YLR327C,0,2.0677102,0.16792552173137665,0.9437314867973328,0.4743165969848633
YMR233W,YGR135W,0,2.0664396,0.16789603233337402,0.9437314867973328,0.47441673278808594
YDL192W,YDR320C,0,2.0663002,0.1678665429353714,0.9437314867973328,0.4745168685913086
YLR186W,YKL028W,0,2.0662286,0.16783708333969116,0.9437314867973328,0.47461700439453125
YOL092W,YMR071C,0,2.0656357,0.16780762374401093,0.9437314867973328,0.4747171401977539
YOR346W,YNL312W,1,2.0656059,0.16795367002487183,0.9447186589241028,0.4747171401977539
YBR050C,YMR086W,0,2.0655558,0.1679241955280304,0.9447186589241028,0.47481727600097656
YOR037W,YKL158W,0,2.0648675,0.16789473593235016,0.9447186589241028,0.47491738200187683
YDR115W,YDR130C,0,2.0646791,0.16786529123783112,0.9447186589241028,0.4750175178050995
YCL069W,YIL124W,0,2.0646033,0.16783584654331207,0.9447186589241028,0.47511765360832214
YNR043W,YDL008W,0,2.0645008,0.16780641674995422,0.9447186589241028,0.4752177894115448
YLR364W,YBR207W,0,2.0644166,0.16777700185775757,0.9447186589241028,0.47531792521476746
YNL146W,YDR031W,0,2.064268,0.1677475869655609,0.9447186589241028,0.4754180312156677
YJR110W,YFL029C,0,2.0631034,0.16771818697452545,0.9447186589241028,0.4755181670188904
YHL004W,YNL339C,0,2.0627248,0.16768880188465118,0.9447186589241028,0.47561830282211304
YOR389W,YML081C-A,0,2.0626197,0.1676594316959381,0.9447186589241028,0.4757184386253357
YPR048W,YCR094W,0,2.0622766,0.16763006150722504,0.9447186589241028,0.47581857442855835
YLL038C,YFR006W,0,2.062166,0.16760070621967316,0.9447186589241028,0.4759186804294586
YJR139C,YLR154C,0,2.0619054,0.16757135093212128,0.9447186589241028,0.4760188162326813
YGR088W,YJR010C-A,0,2.0615005,0.1675420105457306,0.9447186589241028,0.47611895203590393
YJL219W,YGR286C,0,2.0613503,0.1675126850605011,0.9447186589241028,0.4762190878391266
YBR289W,YBR097W,0,2.061336,0.1674833744764328,0.9447186589241028,0.47631922364234924
YDR356W,YBR175W,0,2.0612986,0.1674540638923645,0.9447186589241028,0.4764193594455719
YDR481C,YNR050C,0,2.060648,0.1674247682094574,0.9447186589241028,0.47651946544647217
YIL171W,YCL050C,0,2.0591853,0.1673954874277115,0.9447186589241028,0.4766196012496948
YDR456W,YHR099W,0,2.0591824,0.16736620664596558,0.9447186589241028,0.4767197370529175
YOR192C-A,YEL015W,0,2.0590136,0.16733694076538086,0.9447186589241028,0.47681987285614014
YMR233W,YGL253W,0,2.0587988,0.16730768978595734,0.9447186589241028,0.4769200086593628
YMR188C,YLR246W,0,2.0587575,0.167278453707695,0.9447186589241028,0.47702011466026306
YCL063W,YDR210W-B,0,2.0587106,0.16724921762943268,0.9447186589241028,0.4771202504634857
YGL213C,YNL136W,0,2.05817,0.16721999645233154,0.9447186589241028,0.4772203862667084
YOL133W,YPR032W,0,2.0577736,0.1671907752752304,0.9447186589241028,0.47732052206993103
YLR238W,YNL115C,0,2.0573874,0.16716156899929047,0.9447186589241028,0.4774206578731537
YDR315C,YNL146W,0,2.056981,0.16713237762451172,0.9447186589241028,0.47752076387405396
YDR316W-A,YDR298C,0,2.056157,0.16710320115089417,0.9447186589241028,0.4776208996772766
YLR045C,YER020W,0,2.056123,0.1670740246772766,0.9447186589241028,0.47772103548049927
YOL103W,YLL038C,0,2.0549622,0.16704486310482025,0.9447186589241028,0.4778211712837219
YOR155C,YDR128W,0,2.053557,0.1670157015323639,0.9447186589241028,0.4779213070869446
YHR136C,YER020W,0,2.0528977,0.16698656976222992,0.9447186589241028,0.47802141308784485
YJR135C,YJL109C,0,2.05288,0.16695743799209595,0.9447186589241028,0.4781215488910675
YDR242W,YNL218W,0,2.052632,0.16692830622196198,0.9447186589241028,0.47822168469429016
YOR066W,YJL052W,0,2.0525587,0.1668992042541504,0.9447186589241028,0.4783218204975128
YER088C,YML115C,0,2.0520687,0.1668701022863388,0.9447186589241028,0.4784219563007355
YGL251C,YKL164C,0,2.051793,0.16684100031852722,0.9447186589241028,0.47852209210395813
YML085C,YOR221C,0,2.0516226,0.16681192815303802,0.9447186589241028,0.4786221981048584
YJR110W,YHL047C,0,2.0512,0.16678285598754883,0.9447186589241028,0.47872233390808105
YJR104C,YNL112W,0,2.051117,0.16675378382205963,0.9447186589241028,0.4788224697113037
YPR178W,YFR007W,0,2.0507705,0.16672474145889282,0.9447186589241028,0.47892260551452637
YKL010C,YDR313C,0,2.0506706,0.166695699095726,0.9447186589241028,0.479022741317749
YPL101W,YAL012W,0,2.0500164,0.1666666716337204,0.9447186589241028,0.4791228473186493
YOR257W,YLR079W,0,2.049006,0.16663764417171478,0.9447186589241028,0.47922298312187195
YNL289W,YNL135C,0,2.0488944,0.16660863161087036,0.9447186589241028,0.4793231189250946
YDR236C,YAR044W,0,2.0482826,0.16657963395118713,0.9447186589241028,0.47942325472831726
YIL172C,YKL199C,0,2.0482826,0.1665506511926651,0.9447186589241028,0.4795233905315399
YFR032C-A,YGR272C,0,2.0482826,0.16652166843414307,0.9447186589241028,0.4796234965324402
YDR236C,YGL258W-A,0,2.0482826,0.16649268567562103,0.9447186589241028,0.47972363233566284
YKR048C,YOR396W,0,2.0482826,0.1664637327194214,0.9447186589241028,0.4798237681388855
YCR096C,YJL019W,0,2.048163,0.16643477976322174,0.9447186589241028,0.47992390394210815
YOL103W,YIR023W,0,2.0477748,0.1664058417081833,0.9447186589241028,0.4800240397453308
YJL072C,YKR030W,0,2.0473905,0.16637691855430603,0.9447186589241028,0.48012417554855347
YDR239C,YLR246W,0,2.046843,0.16634799540042877,0.9447186589241028,0.48022428154945374
YKL140W,YIR015W,0,2.0466292,0.1663190871477127,0.9447186589241028,0.4803244173526764
YLR099C,YJR135W-A,0,2.0461872,0.16629017889499664,0.9447186589241028,0.48042455315589905
YDR466W,YOR116C,0,2.0453763,0.16626128554344177,0.9447186589241028,0.4805246889591217
YGL211W,YLR032W,0,2.045233,0.1662324070930481,0.9447186589241028,0.48062482476234436
YCR020C,YHR089C,0,2.045227,0.1662035435438156,0.9447186589241028,0.48072493076324463
YML027W,YMR314W,0,2.0451677,0.16617467999458313,0.9447186589241028,0.4808250665664673
YJR104C,YBR036C,0,2.0448344,0.16614583134651184,0.9447186589241028,0.48092520236968994
YDR456W,YJL148W,0,2.0438504,0.16611699759960175,0.9447186589241028,0.4810253381729126
YPR132W,YJL090C,0,2.0435123,0.16608816385269165,0.9447186589241028,0.48112547397613525
YOR124C,YPR118W,0,2.0431757,0.16605934500694275,0.9447186589241028,0.4812255799770355
YGL211W,YFR041C,0,2.0429544,0.16603054106235504,0.9447186589241028,0.4813257157802582
YBL106C,YFL041W,0,2.0421305,0.16600173711776733,0.9447186589241028,0.48142585158348083
YER091C,YBR185C,0,2.0419598,0.16597294807434082,0.9447186589241028,0.4815259873867035
YDR012W,YMR198W,0,2.0413861,0.1659441590309143,0.9447186589241028,0.48162612318992615
YKR094C,YOR217W,1,2.041226,0.1660887598991394,0.9457058310508728,0.48162612318992615
YHL009W-B,YPR192W,0,2.0398498,0.1660599708557129,0.9457058310508728,0.4817262589931488
YLR286C,YLR403W,0,2.0397968,0.16603119671344757,0.9457058310508728,0.4818263649940491
YOL100W,YJR065C,0,2.0389357,0.16600242257118225,0.9457058310508728,0.48192650079727173
YNL218W,YDR380W,0,2.0385506,0.16597366333007812,0.9457058310508728,0.4820266366004944
YML032C,YAL015C,1,2.038466,0.16611813008785248,0.9466930031776428,0.4820266366004944
YPR158C-D,YBR040W,0,2.0384116,0.16608937084674835,0.9466930031776428,0.48212677240371704
YML034W,YCL057C-A,0,2.0381727,0.16606061160564423,0.9466930031776428,0.4822269082069397
YDR356W,YDL067C,0,2.0381563,0.1660318523645401,0.9466930031776428,0.48232701420783997
YGR104C,YPR070W,0,2.0375795,0.16600312292575836,0.9466930031776428,0.4824271500110626
YBL030C,YOL030W,0,2.037338,0.16597437858581543,0.9466930031776428,0.4825272858142853
YDR265W,YML042W,0,2.0373056,0.16594566404819489,0.9466930031776428,0.48262742161750793
YAR019C,YKL028W,0,2.037236,0.16591694951057434,0.9466930031776428,0.4827275574207306
YBR090C-A,YGL127C,1,2.0369613,0.16606123745441437,0.9476801753044128,0.4827275574207306
YOL105C,YBR030W,0,2.0369601,0.16603250801563263,0.9476801753044128,0.48282766342163086
YMR070W,YDL112W,0,2.0369375,0.16600380837917328,0.9476801753044128,0.4829277992248535
YPL231W,YDR236C,0,2.036927,0.16597510874271393,0.9476801753044128,0.48302793502807617
YMR070W,YHR081W,0,2.0367556,0.16594640910625458,0.9476801753044128,0.48312807083129883
YML023C,YHR056C,1,2.0362837,0.16609056293964386,0.9486673474311829,0.48312807083129883
YDR315C,YDR093W,0,2.0358505,0.1660618633031845,0.9486673474311829,0.4832282066345215
YCR020C,YDR034C-C,0,2.0348992,0.16603317856788635,0.9486673474311829,0.48332831263542175
YPL101W,YLR014C,0,2.0344815,0.1660044938325882,0.9486673474311829,0.4834284484386444
YLR201C,YGR279C,0,2.0331397,0.16597582399845123,0.9486673474311829,0.48352858424186707
YER148W,YLR450W,0,2.0328677,0.16594715416431427,0.9486673474311829,0.4836287200450897
YBR198C,YIL090W,0,2.0327916,0.1659185141324997,0.9486673474311829,0.4837288558483124
YHR067W,YGL141W,0,2.0322833,0.16588987410068512,0.9486673474311829,0.48382899165153503
YGL119W,YMR224C,0,2.0320053,0.16586123406887054,0.9486673474311829,0.4839290976524353
YGL211W,YDR320C-A,0,2.0319567,0.16583260893821716,0.9486673474311829,0.48402923345565796
YOR192C-B,YIL138C,0,2.031918,0.16580399870872498,0.9486673474311829,0.4841293692588806
YDR134C,YHR186C,0,2.0313702,0.16577540338039398,0.9486673474311829,0.48422950506210327
YJL072C,YJL065C,0,2.0306475,0.165746808052063,0.9486673474311829,0.4843296408653259
YLR090W,YHR184W,0,2.0298147,0.1657182276248932,0.9486673474311829,0.4844297468662262
YGR002C,YHR081W,1,2.0286283,0.1658620685338974,0.9496545195579529,0.4844297468662262
YLR459W,YAL008W,0,2.0285487,0.1658334732055664,0.9496545195579529,0.48452988266944885
YML094W,YDR483W,0,2.028251,0.1658048927783966,0.9496545195579529,0.4846300184726715
YER086W,YGR272C,0,2.0275054,0.165776327252388,0.9496545195579529,0.48473015427589417
YIL090W,YDR362C,0,2.0272412,0.1657477617263794,0.9496545195579529,0.4848302900791168
YPL167C,YER095W,1,2.025711,0.16589146852493286,0.9506416320800781,0.4848302900791168
YDR219C,YPL257W-A,0,2.0247316,0.16586290299892426,0.9506416320800781,0.4849303960800171
YJL072C,YPL101W,0,2.024309,0.16583433747291565,0.9506416320800781,0.48503053188323975
YER114C,YOR244W,0,2.024102,0.16580578684806824,0.9506416320800781,0.4851306676864624
YOL003C,YDR118W,0,2.0233047,0.16577723622322083,0.9506416320800781,0.48523080348968506
YJL019W,YDL075W,0,2.0232198,0.1657487154006958,0.9506416320800781,0.4853309392929077
YDR418W,YKR059W,0,2.0230963,0.16572017967700958,0.9506416320800781,0.48543107509613037
YLR459W,YIR002C,0,2.0224254,0.16569167375564575,0.9506416320800781,0.48553118109703064
YLR438C-A,YJL189W,0,2.0222788,0.16566316783428192,0.9506416320800781,0.4856313169002533
YBL069W,YJR143C,0,2.0217285,0.16563467681407928,0.9506416320800781,0.48573145270347595
YDR479C,YBR291C,0,2.021484,0.16560618579387665,0.9506416320800781,0.4858315885066986
YLR394W,YIL153W,1,2.0207212,0.165749654173851,0.9516288042068481,0.4858315885066986
YBR205W,YJL065C,0,2.0204365,0.16572116315364838,0.9516288042068481,0.48593172430992126
YDR533C,YDR299W,0,2.0203857,0.16569267213344574,0.9516288042068481,0.48603183031082153
YDL067C,YLR427W,0,2.0202193,0.1656642109155655,0.9516288042068481,0.4861319661140442
YDR253C,YLR266C,0,2.020181,0.16563573479652405,0.9516288042068481,0.48623210191726685
YIL150C,YDR034C-C,0,2.0191255,0.165607288479805,0.9516288042068481,0.4863322377204895
YHR044C,YGR062C,0,2.0189657,0.16557884216308594,0.9516288042068481,0.48643237352371216
YDR018C,YOL018C,0,2.01847,0.16555041074752808,0.9516288042068481,0.4865324795246124
YDL108W,YPL031C,0,2.0184338,0.16552197933197021,0.9516288042068481,0.4866326153278351
YER056C-A,YOR192C-A,0,2.0179992,0.16549356281757355,0.9516288042068481,0.48673275113105774
YLR048W,YDL112W,0,2.0169678,0.16546516120433807,0.9516288042068481,0.4868328869342804
YOL100W,YGL155W,0,2.01563,0.1654367595911026,0.9516288042068481,0.48693302273750305
YNL166C,YML042W,0,2.0154896,0.16540837287902832,0.9516288042068481,0.4870331287384033
YLR170C,YBR158W,0,2.015478,0.16538000106811523,0.9516288042068481,0.487133264541626
YML129C,YBR123C,0,2.0149145,0.16535162925720215,0.9516288042068481,0.48723340034484863
YOL065C,YOR224C,0,2.014494,0.16532327234745026,0.9516288042068481,0.4873335361480713
YBR036C,YPL257W-A,0,2.0136824,0.16529493033885956,0.9516288042068481,0.48743367195129395
YKL156W,YJR022W,0,2.0136337,0.16526658833026886,0.9516288042068481,0.4875338077545166
YFL039C,YAL062W,0,2.0133753,0.16523826122283936,0.9516288042068481,0.48763391375541687
YMR223W,YOR150W,0,2.0128214,0.16520993411540985,0.9516288042068481,0.4877340495586395
YCR039C,YMR184W,0,2.0127172,0.16518163681030273,0.9516288042068481,0.4878341853618622
YIR037W,YOL007C,0,2.012702,0.16515333950519562,0.9516288042068481,0.48793432116508484
YHR079C-B,YDR419W,1,2.0123692,0.16529633104801178,0.9526159763336182,0.48793432116508484
YLR373C,YOR269W,0,2.0121226,0.16526801884174347,0.9526159763336182,0.4880344569683075
YOL031C,YJR134C,0,2.01212,0.16523972153663635,0.9526159763336182,0.48813456296920776
YLR074C,YPL095C,0,2.0118423,0.16521143913269043,0.9526159763336182,0.4882346987724304
YJL219W,YPR032W,0,2.011372,0.1651831567287445,0.9526159763336182,0.4883348345756531
YGL123W,YOR270C,0,2.010973,0.16515488922595978,0.9526159763336182,0.48843497037887573
YEL059C-A,YJL106W,0,2.0109627,0.16512662172317505,0.9526159763336182,0.4885351061820984
YJR110W,YKL156W,0,2.010354,0.1650983691215515,0.9526159763336182,0.48863521218299866
YBR012W-A,YPL068C,0,2.0094404,0.16507013142108917,0.9526159763336182,0.4887353479862213
YDR159W,YOR005C,1,2.0087786,0.16521292924880981,0.9536031484603882,0.4887353479862213
YMR235C,YBR058C-A,0,2.0084987,0.16518467664718628,0.9536031484603882,0.48883548378944397
YOL138C,YOR080W,0,2.008183,0.16515643894672394,0.9536031484603882,0.4889356195926666
YBR264C,YDR288W,0,2.0076241,0.1651282012462616,0.9536031484603882,0.4890357553958893
YDR231C,YAR044W,0,2.0074143,0.16509997844696045,0.9536031484603882,0.48913589119911194
YMR166C,YJR135W-A,0,2.0071905,0.1650717705488205,0.9536031484603882,0.4892359972000122
YBR160W,YHR052W,0,2.0066762,0.16504356265068054,0.9536031484603882,0.48933613300323486
YBR299W,YKR030W,0,2.0065331,0.16501536965370178,0.9536031484603882,0.4894362688064575
YER174C,YIR017C,0,2.0042605,0.16498719155788422,0.9536031484603882,0.4895364046096802
YKL109W,YDR368W,0,2.0033133,0.16495901346206665,0.9536031484603882,0.48963654041290283
YJR057W,YOR033C,1,2.0024679,0.16510158777236938,0.9545903205871582,0.48963654041290283
YGR263C,YJR001W,0,2.0019727,0.16507340967655182,0.9545903205871582,0.4897366464138031
YHR143W,YKL173W,0,2.00132,0.16504523158073425,0.9545903205871582,0.48983678221702576
YNR011C,YJR155W,0,1.9996893,0.16501706838607788,0.9545903205871582,0.4899369180202484
YLR364W,YLR246W,0,1.9988635,0.1649889051914215,0.9545903205871582,0.49003705382347107
YBR291C,YHR099W,0,1.9986979,0.16496075689792633,0.9545903205871582,0.4901371896266937
YHR140W,YLR176C,0,1.9984052,0.16493262350559235,0.9545903205871582,0.490237295627594
YPR048W,YER036C,0,1.99773,0.16490450501441956,0.9545903205871582,0.49033743143081665
YDR466W,YGR162W,0,1.9973385,0.16487638652324677,0.9545903205871582,0.4904375672340393
YLR038C,YKR058W,0,1.9972832,0.16484828293323517,0.9545903205871582,0.49053770303726196
YLR446W,YGR135W,0,1.9967046,0.16482017934322357,0.9545903205871582,0.4906378388404846
YGL155W,YLR265C,0,1.9946455,0.16479209065437317,0.9545903205871582,0.4907379448413849
YNL012W,YKL158W,0,1.9941525,0.16476401686668396,0.9545903205871582,0.49083808064460754
YOR179C,YGR116W,0,1.9935367,0.16473594307899475,0.9545903205871582,0.4909382164478302
YMR211W,YHL047C,0,1.9933168,0.16470788419246674,0.9545903205871582,0.49103835225105286
YMR163C,YOL007C,0,1.993122,0.16467984020709991,0.9545903205871582,0.4911384880542755
YPR168W,YNL061W,0,1.992624,0.1646517962217331,0.9545903205871582,0.49123862385749817
YFL002W-A,YPL017C,0,1.9924436,0.16462376713752747,0.9545903205871582,0.49133872985839844
YKL088W,YOL109W,0,1.9923465,0.16459573805332184,0.9545903205871582,0.4914388656616211
YGR101W,YDR139C,0,1.9917454,0.1645677387714386,0.9545903205871582,0.49153900146484375
YBL093C,YOR224C,0,1.9913521,0.16453972458839417,0.9545903205871582,0.4916391372680664
YGL210W,YGL157W,0,1.9907155,0.16451174020767212,0.9545903205871582,0.49173927307128906
YMR257C,YJR094W-A,0,1.9905233,0.16448375582695007,0.9545903205871582,0.49183937907218933
YER086W,YMR071C,0,1.9903764,0.16445578634738922,0.9545903205871582,0.491939514875412
YNL227C,YJR045C,0,1.9885343,0.16442781686782837,0.9545903205871582,0.49203965067863464
YPL091W,YDR503C,0,1.9884698,0.1643998622894287,0.9545903205871582,0.4921397864818573
YCR098C,YER153C,0,1.9880731,0.16437192261219025,0.9545903205871582,0.49223992228507996
YBR097W,YJL148W,0,1.9880372,0.16434398293495178,0.9545903205871582,0.4923400282859802
YMR070W,YBR207W,0,1.9877689,0.1643160581588745,0.9545903205871582,0.4924401640892029
YHR143W,YMR302C,0,1.9874837,0.16428814828395844,0.9545903205871582,0.49254029989242554
YDL195W,YLR078C,0,1.986743,0.16426023840904236,0.9545903205871582,0.4926404356956482
YAL041W,YDR299W,0,1.986006,0.16423234343528748,0.9545903205871582,0.49274057149887085
YHR028C,YDR115W,0,1.9854302,0.1642044484615326,0.9545903205871582,0.4928407073020935
YKR061W,YFL041W,0,1.9849145,0.1641765683889389,0.9545903205871582,0.4929408133029938
YMR247C,YPR186C,0,1.9846811,0.1641487032175064,0.9545903205871582,0.49304094910621643
YLR265C,YBR136W,1,1.9845843,0.16429056227207184,0.9555774927139282,0.49304094910621643
YHR076W,YIR006C,0,1.9845617,0.16426268219947815,0.9555774927139282,0.4931410849094391
YNL248C,YPR041W,0,1.9836538,0.16423481702804565,0.9555774927139282,0.49324122071266174
YEL015W,YBR245C,0,1.9831696,0.16420695185661316,0.9555774927139282,0.4933413565158844
YLR170C,YFL029C,0,1.982913,0.16417910158634186,0.9555774927139282,0.49344146251678467
YDR317W,YJR043C,1,1.9820169,0.16432084143161774,0.9565646648406982,0.49344146251678467
YDL144C,YGR279C,0,1.9819624,0.16429297626018524,0.9565646648406982,0.4935415983200073
YBR237W,YPR005C,0,1.9817684,0.16426512598991394,0.9565646648406982,0.49364173412323
YOR043W,YDR115W,0,1.9815865,0.16423729062080383,0.9565646648406982,0.49374186992645264
YMR217W,YDL115C,0,1.9809643,0.16420945525169373,0.9565646648406982,0.4938420057296753
YDR270W,YDR219C,0,1.9801333,0.1641816347837448,0.9565646648406982,0.49394211173057556
YEL064C,YDL067C,0,1.9798354,0.1641538143157959,0.9565646648406982,0.4940422475337982
YNR050C,YDR511W,0,1.9796578,0.16412602365016937,0.9565646648406982,0.4941423833370209
YOR096W,YER020W,0,1.9792726,0.16409821808338165,0.9565646648406982,0.49424251914024353
YGR200C,YHR064C,0,1.9791245,0.16407044231891632,0.9565646648406982,0.4943426549434662
YLR142W,YDR177W,0,1.9788237,0.164042666554451,0.9565646648406982,0.49444276094436646
YKL140W,YLR419W,0,1.9786111,0.16401489078998566,0.9565646648406982,0.4945428967475891
YOL031C,YBL082C,0,1.9774053,0.1639871448278427,0.9565646648406982,0.49464303255081177
YPR048W,YDR107C,0,1.9773786,0.16395938396453857,0.9565646648406982,0.4947431683540344
YLL050C,YBL090W,0,1.9773183,0.16393165290355682,0.9565646648406982,0.4948433041572571
YDR288W,YPL154C,0,1.976687,0.16390392184257507,0.9565646648406982,0.49494343996047974
YDL130W,YAR044W,0,1.9766405,0.16387620568275452,0.9565646648406982,0.49504354596138
YIL109C,YGR106C,0,1.9762057,0.16384848952293396,0.9565646648406982,0.49514368176460266
YFR032C-A,YBL020W,0,1.9760935,0.1638207882642746,0.9565646648406982,0.4952438175678253
YGL213C,YGL084C,0,1.9760659,0.16379310190677643,0.9565646648406982,0.495343953371048
YCL075W,YEL061C,0,1.9760104,0.16376541554927826,0.9565646648406982,0.49544408917427063
YJR094W-A,YPL031C,0,1.9757702,0.16373774409294128,0.9565646648406982,0.4955441951751709
YBR092C,YJL133W,0,1.9754143,0.1637100875377655,0.9565646648406982,0.49564433097839355
YLR008C,YIR006C,0,1.9752738,0.16368243098258972,0.9565646648406982,0.4957444667816162
YCR098C,YJR089W,0,1.9748445,0.16365478932857513,0.9565646648406982,0.49584460258483887
YML129C,YLR035C-A,0,1.9747338,0.16362714767456055,0.9565646648406982,0.4959447383880615
YIR014W,YHR039C-B,0,1.9728465,0.16359952092170715,0.9565646648406982,0.4960448443889618
YPR054W,YGR189C,0,1.9728332,0.16357190907001495,0.9565646648406982,0.49614498019218445
YIR017C,YHR044C,0,1.9727547,0.16354429721832275,0.9565646648406982,0.4962451159954071
YMR006C,YDR238C,0,1.972663,0.16351670026779175,0.9565646648406982,0.49634525179862976
YMR139W,YCR081W,0,1.9718058,0.16348911821842194,0.9565646648406982,0.4964453876018524
YGR008C,YHL016C,0,1.9716532,0.16346153616905212,0.9565646648406982,0.4965455234050751
YGL191W,YMR303C,0,1.9715376,0.1634339690208435,0.9565646648406982,0.49664562940597534
YKR061W,YGR295C,0,1.9709328,0.1634064018726349,0.9565646648406982,0.496745765209198
YLR418C,YPR028W,0,1.9691833,0.16337884962558746,0.9565646648406982,0.49684590101242065
YCR004C,YGR156W,0,1.9683169,0.16335131227970123,0.9565646648406982,0.4969460368156433
YOL127W,YHR044C,0,1.9682093,0.163323774933815,0.9565646648406982,0.49704617261886597
YER099C,YDL136W,0,1.9680119,0.16329625248908997,0.9565646648406982,0.49714627861976624
YJR121W,YJL019W,0,1.9679749,0.16326874494552612,0.9565646648406982,0.4972464144229889
YNL227C,YNR001C,0,1.9678936,0.16324123740196228,0.9565646648406982,0.49734655022621155
YDR456W,YNL308C,0,1.9670854,0.16321374475955963,0.9565646648406982,0.4974466860294342
YOL071W,YOR228C,0,1.9668932,0.16318625211715698,0.9565646648406982,0.49754682183265686
YIR037W,YMR017W,0,1.9665868,0.16315877437591553,0.9565646648406982,0.49764692783355713
YKL195W,YDR120C,0,1.9664872,0.16313131153583527,0.9565646648406982,0.4977470636367798
YBL088C,YLR007W,1,1.9657788,0.1632721722126007,0.9575518369674683,0.4977470636367798
YDR224C,YLL050C,0,1.9651645,0.16324469447135925,0.9575518369674683,0.49784719944000244
YIL009C-A,YPR021C,0,1.9646146,0.163217231631279,0.9575518369674683,0.4979473352432251
YLR403W,YPL202C,0,1.9636471,0.16318976879119873,0.9575518369674683,0.49804747104644775
YPL177C,YHL019C,0,1.9628096,0.16316232085227966,0.9575518369674683,0.498147577047348
YER068W,YPL143W,0,1.9615942,0.1631348878145218,0.9575518369674683,0.4982477128505707
YDR425W,YER099C,0,1.9610329,0.16310745477676392,0.9575518369674683,0.49834784865379333
YDR481C,YER106W,0,1.959893,0.16308002173900604,0.9575518369674683,0.498447984457016
YDR495C,YDL030W,0,1.9593561,0.16305261850357056,0.9575518369674683,0.49854812026023865
YGR286C,YDR103W,0,1.9591938,0.16302521526813507,0.9575518369674683,0.4986482560634613
YMR023C,YJL102W,0,1.9591076,0.16299781203269958,0.9575518369674683,0.4987483620643616
YCR072C,YIL090W,0,1.9586585,0.1629704236984253,0.9575518369674683,0.49884849786758423
YGR124W,YBL055C,0,1.9579747,0.1629430502653122,0.9575518369674683,0.4989486336708069
YHR207C,YJL056C,0,1.9565427,0.1629156917333603,0.9575518369674683,0.49904876947402954
YGL089C,YGR035C,0,1.955578,0.1628883332014084,0.9575518369674683,0.4991489052772522
YDL136W,YBR142W,0,1.9552481,0.16286097466945648,0.9575518369674683,0.49924901127815247
YMR287C,YBL022C,0,1.954986,0.16283364593982697,0.9575518369674683,0.4993491470813751
YDR511W,YPL149W,0,1.9544961,0.16280631721019745,0.9575518369674683,0.4994492828845978
YDR018C,YKL034W,0,1.9544706,0.16277898848056793,0.9575518369674683,0.49954941868782043
YBR175W,YER044C,0,1.9542502,0.1627516746520996,0.9575518369674683,0.4996495544910431
YPL017C,YCL031C,0,1.9541516,0.16272437572479248,0.9575518369674683,0.49974966049194336
YKR048C,YOL125W,0,1.953958,0.16269707679748535,0.9575518369674683,0.499849796295166
YNL159C,YOR343W-A,0,1.9536126,0.16266979277133942,0.9575518369674683,0.49994993209838867
YGL119W,YOL007C,0,1.9531317,0.16264252364635468,0.9575518369674683,0.5000500679016113
YLR356W,YLR045C,0,1.9528085,0.16261525452136993,0.9575518369674683,0.500150203704834
YGR200C,YDR252W,0,1.9520319,0.1625880002975464,0.9575518369674683,0.5002503395080566
YGL141W,YCR037C,0,1.9519886,0.16256074607372284,0.9575518369674683,0.5003504753112793
YHR215W,YAL058W,0,1.9518228,0.16253350675106049,0.9575518369674683,0.500450611114502
YJL044C,YER020W,0,1.9504318,0.16250628232955933,0.9575518369674683,0.5005506873130798
YCR092C,YAL044C,0,1.9499313,0.16247905790805817,0.9575518369674683,0.5006508231163025
YOR131C,YBR040W,0,1.9496437,0.1624518483877182,0.9575518369674683,0.5007509589195251
YMR292W,YOR332W,0,1.9477723,0.16242465376853943,0.9575518369674683,0.5008510947227478
YER174C,YJR134C,0,1.9475248,0.16239745914936066,0.9575518369674683,0.5009512305259705
YHL019C,YJR075W,0,1.947301,0.16237026453018188,0.9575518369674683,0.5010513663291931
YEL058W,YGL084C,0,1.9457428,0.1623430997133255,0.9575518369674683,0.5011515021324158
YDR013W,YIL026C,0,1.9457045,0.16231593489646912,0.9575518369674683,0.5012516379356384
YDR531W,YER153C,0,1.9441193,0.16228877007961273,0.9575518369674683,0.5013517737388611
YDL136W,YMR257C,0,1.9427929,0.16226162016391754,0.9575518369674683,0.5014519095420837
YDL166C,YNL217W,0,1.9427292,0.16223448514938354,0.9575518369674683,0.5015520453453064
YDL166C,YJL101C,0,1.9426364,0.16220736503601074,0.9575518369674683,0.5016521215438843
YLR204W,YDR379W,0,1.9421496,0.16218023002147675,0.9575518369674683,0.5017522573471069
YHR206W,YJL097W,0,1.9420995,0.16215312480926514,0.9575518369674683,0.5018523931503296
YKL183W,YOL125W,0,1.9417175,0.16212601959705353,0.9575518369674683,0.5019525289535522
YDR387C,YDR103W,0,1.9416492,0.1620989292860031,0.9575518369674683,0.5020526647567749
YOR224C,YNL149C,0,1.9414098,0.1620718389749527,0.9575518369674683,0.5021528005599976
YAL020C,YNL135C,0,1.941091,0.16204477846622467,0.9575518369674683,0.5022529363632202
YHR067W,YBR048W,0,1.9409668,0.16201770305633545,0.9575518369674683,0.5023530721664429
YDL075W,YOR080W,0,1.940906,0.16199064254760742,0.9575518369674683,0.5024532079696655
YOL103W,YPL038W,0,1.9403818,0.1619635969400406,0.9575518369674683,0.5025533437728882
YJR025C,YJR089W,0,1.940195,0.16193656623363495,0.9575518369674683,0.5026534199714661
YKL183W,YOL120C,0,1.9398825,0.1619095355272293,0.9575518369674683,0.5027535557746887
YLR450W,YNL129W,0,1.9398316,0.16188250482082367,0.9575518369674683,0.5028536915779114
YIR012W,YPL048W,0,1.9398007,0.16185550391674042,0.9575518369674683,0.502953827381134
YOR343W-A,YGR188C,0,1.9396572,0.16182848811149597,0.9575518369674683,0.5030539631843567
YIL093C,YMR282C,0,1.9396337,0.1618015021085739,0.9575518369674683,0.5031540989875793
YKL010C,YBR231C,0,1.9389694,0.16177451610565186,0.9575518369674683,0.503254234790802
YNL136W,YCR037C,0,1.9389154,0.161747545003891,0.9575518369674683,0.5033543705940247
YDR481C,YOR373W,0,1.9388524,0.16172057390213013,0.9575518369674683,0.5034545063972473
YJL106W,YIL084C,0,1.9387538,0.16169361770153046,0.9575518369674683,0.50355464220047
YDL069C,YHR036W,0,1.9385738,0.1616666615009308,0.9575518369674683,0.5036547780036926
YMR281W,YGL106W,0,1.938267,0.1616397202014923,0.9575518369674683,0.5037548542022705
YHR172W,YHL004W,0,1.9378743,0.16161279380321503,0.9575518369674683,0.5038549900054932
YIR037W,YLR441C,0,1.9378145,0.16158586740493774,0.9575518369674683,0.5039551258087158
YBR036C,YHR153C,0,1.9376425,0.16155895590782166,0.9575518369674683,0.5040552616119385
YCR020C,YDR402C,0,1.9373558,0.16153205931186676,0.9575518369674683,0.5041553974151611
YHR021C,YDR032C,0,1.9373102,0.16150516271591187,0.9575518369674683,0.5042555332183838
YKL140W,YDL085W,0,1.9372852,0.16147828102111816,0.9575518369674683,0.5043556690216064
YOR116C,YOR242C,0,1.9366391,0.16145139932632446,0.9575518369674683,0.5044558048248291
YJR145C,YDL136W,0,1.9341527,0.16142453253269196,0.9575518369674683,0.5045559406280518
YDL109C,YDR003W,0,1.9335902,0.16139766573905945,0.9575518369674683,0.5046560764312744
YBL024W,YJL158C,0,1.9326025,0.16137081384658813,0.9575518369674683,0.5047562122344971
YGR029W,YNL207W,0,1.9325621,0.16134397685527802,0.9575518369674683,0.504856288433075
YJL157C,YLL035W,0,1.9324188,0.1613171398639679,0.9575518369674683,0.5049564242362976
YIR012W,YPR019W,0,1.9312212,0.16129031777381897,0.9575518369674683,0.5050565600395203
YKL173W,YEL065W,0,1.9304994,0.16126351058483124,0.9575518369674683,0.5051566958427429
YLR201C,YGL090W,0,1.929054,0.1612367033958435,0.9575518369674683,0.5052568316459656
YJR098C,YLR172C,0,1.9281902,0.16120991110801697,0.9575518369674683,0.5053569674491882
YIL009C-A,YKL212W,0,1.9278637,0.16118311882019043,0.9575518369674683,0.5054571032524109
YBR267W,YDR236C,0,1.9276674,0.16115634143352509,0.9575518369674683,0.5055572390556335
YHR027C,YML113W,0,1.9275776,0.16112956404685974,0.9575518369674683,0.5056573748588562
YER068W,YDL067C,0,1.9272528,0.1611028015613556,0.9575518369674683,0.5057575106620789
YLR154C,YOR217W,0,1.9269359,0.16107605397701263,0.9575518369674683,0.5058575868606567
YMR150C,YDR116C,0,1.9267306,0.16104930639266968,0.9575518369674683,0.5059577226638794
YPL281C,YOL019W,0,1.9262497,0.16102257370948792,0.9575518369674683,0.506057858467102
YDL143W,YMR071C,0,1.9261202,0.16099585592746735,0.9575518369674683,0.5061579942703247
YMR098C,YMR017W,0,1.9260676,0.16096913814544678,0.9575518369674683,0.5062581300735474
YJL143W,YAL013W,0,1.9257869,0.1609424203634262,0.9575518369674683,0.50635826587677
YGL222C,YBR105C,0,1.925278,0.16091573238372803,0.9575518369674683,0.5064584016799927
YDR536W,YOL156W,0,1.9249065,0.16088902950286865,0.9575518369674683,0.5065585374832153
YDR425W,YAR018C,0,1.9244425,0.16086235642433167,0.9575518369674683,0.506658673286438
YOL003C,YER120W,0,1.9238677,0.16083568334579468,0.9575518369674683,0.5067588090896606
YOL065C,YML070W,0,1.9218929,0.16080902516841888,0.9575518369674683,0.5068589448928833
YDR495C,YML081C-A,0,1.9213209,0.1607823669910431,0.9575518369674683,0.5069590210914612
YGR047C,YLR207W,0,1.9212056,0.1607557237148285,0.9575518369674683,0.5070591568946838
YBR058C-A,YIR009W,0,1.9210613,0.1607290804386139,0.9575518369674683,0.5071592926979065
YDL143W,YBR198C,0,1.9207292,0.16070245206356049,0.9575518369674683,0.5072594285011292
YEL054C,YPL123C,0,1.9206206,0.16067583858966827,0.9575518369674683,0.5073595643043518
YDL136W,YGR027W-B,0,1.9201382,0.16064922511577606,0.9575518369674683,0.5074597001075745
YBR040W,YBL010C,0,1.9195919,0.16062262654304504,0.9575518369674683,0.5075598359107971
YGR295C,YMR037C,0,1.918653,0.16059602797031403,0.9575518369674683,0.5076599717140198
YOL067C,YML115C,0,1.9186037,0.1605694442987442,0.9575518369674683,0.5077601075172424
YCL063W,YJR089W,0,1.918464,0.16054286062717438,0.9575518369674683,0.5078602433204651
YDR074W,YPL174C,0,1.91715,0.16051630675792694,0.9575518369674683,0.507960319519043
YOR278W,YIL111W,0,1.9169071,0.1604897379875183,0.9575518369674683,0.5080604553222656
YDR242W,YPL059W,0,1.9168068,0.16046319901943207,0.9575518369674683,0.5081605911254883
YDR536W,YGL229C,0,1.9159808,0.16043664515018463,0.9575518369674683,0.5082607269287109
YDL056W,YKL024C,0,1.9158561,0.16041012108325958,0.9575518369674683,0.5083608627319336
YGR184C,YBL082C,0,1.9157839,0.16038359701633453,0.9575518369674683,0.5084609985351562
YPR118W,YLR286C,0,1.9155974,0.16035708785057068,0.9575518369674683,0.5085611343383789
YDR379W,YDL108W,0,1.9141423,0.16033057868480682,0.9575518369674683,0.5086612701416016
YFR003C,YGR220C,0,1.9138262,0.16030408442020416,0.9575518369674683,0.5087614059448242
YOR167C,YBR299W,0,1.9131486,0.1602775901556015,0.9575518369674683,0.5088615417480469
YBL024W,YFR037C,0,1.9116529,0.16025111079216003,0.9575518369674683,0.5089616775512695
YOR066W,YBR084W,0,1.911612,0.16022464632987976,0.9575518369674683,0.5090617537498474
YIR006C,YNR022C,0,1.9107772,0.1601981818675995,0.9575518369674683,0.5091618895530701
YBL022C,YPR096C,0,1.9102777,0.1601717323064804,0.9575518369674683,0.5092620253562927
YNL086W,YER111C,0,1.9100791,0.16014528274536133,0.9575518369674683,0.5093621611595154
YGL206C,YHR207C,0,1.9089123,0.16011884808540344,0.9575518369674683,0.509462296962738
YOR240W,YML060W,0,1.9086375,0.16009242832660675,0.9575518369674683,0.5095624327659607
YNL046W,YIL101C,0,1.9080234,0.16006600856781006,0.9575518369674683,0.5096625685691833
YBR299W,YER184C,0,1.9079409,0.16003960371017456,0.9575518369674683,0.509762704372406
YDL129W,YLR097C,0,1.9077853,0.16001319885253906,0.9575518369674683,0.5098628401756287
YIL093C,YNR016C,0,1.9076278,0.15998680889606476,0.9575518369674683,0.5099629759788513
YOR174W,YNL149C,0,1.9068598,0.15996041893959045,0.9575518369674683,0.510063111782074
YDL143W,YOR151C,0,1.9061142,0.15993404388427734,0.9575518369674683,0.5101631879806519
YLR008C,YHR207C,0,1.9061128,0.15990768373012543,0.9575518369674683,0.5102633237838745
YPL148C,YKL164C,0,1.9059937,0.1598813235759735,0.9575518369674683,0.5103634595870972
YNL015W,YAL012W,0,1.9057325,0.1598549783229828,0.9575518369674683,0.5104635953903198
YOR192C-A,YJL080C,0,1.9049072,0.15982863306999207,0.9575518369674683,0.5105637311935425
YBL039C,YCL027W,0,1.9041884,0.15980230271816254,0.9575518369674683,0.5106638669967651
YPR158C-D,YPL089C,0,1.9024297,0.1597759872674942,0.9575518369674683,0.5107640027999878
YDR387C,YIL155C,0,1.9018245,0.15974967181682587,0.9575518369674683,0.5108641386032104
YPL271W,YML042W,0,1.9016099,0.15972337126731873,0.9575518369674683,0.5109642744064331
YOL117W,YBR185C,0,1.9014575,0.15969707071781158,0.9575518369674683,0.5110644102096558
YDR342C,YOR369C,0,1.9011623,0.15967078506946564,0.9575518369674683,0.5111644864082336
YPL051W,YPL257W-A,0,1.9011152,0.1596444994211197,0.9575518369674683,0.5112646222114563
YJR155W,YKL158W,0,1.9009007,0.15961822867393494,0.9575518369674683,0.511364758014679
YDR242W,YNL112W,0,1.9007872,0.15959197282791138,0.9575518369674683,0.5114648938179016
YLR204W,YDR014W,0,1.8999112,0.15956571698188782,0.9575518369674683,0.5115650296211243
YMR287C,YGL059W,0,1.8993628,0.15953947603702545,0.9575518369674683,0.5116651654243469
YNL311C,YJR134C,0,1.8990757,0.15951323509216309,0.9575518369674683,0.5117653012275696
YDR065W,YHR070W,0,1.8990376,0.15948700904846191,0.9575518369674683,0.5118654370307922
YDL185W,YNL012W,0,1.8988891,0.15946079790592194,0.9575518369674683,0.5119655728340149
YJR009C,YPR156C,0,1.8983448,0.15943458676338196,0.9575518369674683,0.5120657086372375
YDR299W,YGL095C,0,1.8978846,0.15940837562084198,0.9575518369674683,0.5121658444404602
YJR052W,YPL121C,1,1.8978128,0.15954649448394775,0.9585390090942383,0.5121658444404602
YJR033C,YJR059W,0,1.8972905,0.15952028334140778,0.9585390090942383,0.5122659206390381
YMR086W,YCR075C,0,1.8967948,0.159494087100029,0.9585390090942383,0.5123660564422607
YBL017C,YPR122W,0,1.8967199,0.1594678908586502,0.9585390090942383,0.5124661922454834
YPL214C,YGR075C,0,1.896664,0.15944170951843262,0.9585390090942383,0.512566328048706
YGL021W,YJR001W,0,1.8962674,0.15941552817821503,0.9585390090942383,0.5126664638519287
YBR176W,YIL090W,0,1.8961072,0.15938936173915863,0.9585390090942383,0.5127665996551514
YFL039C,YBR185C,0,1.8959318,0.15936321020126343,0.9585390090942383,0.512866735458374
YGR124W,YLR186W,0,1.8956699,0.15933705866336823,0.9585390090942383,0.5129668712615967
YER095W,YOL071W,0,1.894659,0.15931090712547302,0.9585390090942383,0.5130670070648193
YIR012W,YGR184C,0,1.894479,0.159284770488739,0.9585390090942383,0.513167142868042
YNL101W,YBL090W,0,1.8941382,0.1592586487531662,0.9585390090942383,0.5132672190666199
YDR379W,YML088W,0,1.8941176,0.15923254191875458,0.9585390090942383,0.5133673548698425
YDR231C,YKR048C,0,1.8935097,0.15920642018318176,0.9585390090942383,0.5134674906730652
YER099C,YIL004C,0,1.8931676,0.15918032824993134,0.9585390090942383,0.5135676264762878
YLR214W,YHR215W,0,1.8929073,0.1591542363166809,0.9585390090942383,0.5136677622795105
YEL064C,YBL101W-A,0,1.8925081,0.15912815928459167,0.9585390090942383,0.5137678980827332
YOR278W,YJR097W,0,1.8916879,0.15910208225250244,0.9585390090942383,0.5138680338859558
YBL088C,YFR003C,0,1.891511,0.1590760201215744,0.9585390090942383,0.5139681696891785
YDR466W,YDR038C,0,1.8912092,0.15904995799064636,0.9585390090942383,0.5140683054924011
YDR531W,YML116W,0,1.890914,0.15902391076087952,0.9585390090942383,0.5141684412956238
YKL025C,YGR002C,1,1.890707,0.15916161239147186,0.9595261812210083,0.5141684412956238
YLR109W,YDR483W,0,1.8905733,0.15913556516170502,0.9595261812210083,0.5142685770988464
YGR262C,YNL098C,0,1.8898743,0.15910951793193817,0.9595261812210083,0.5143686532974243
YNL330C,YPL174C,0,1.8894713,0.15908347070217133,0.9595261812210083,0.514468789100647
YOR080W,YBR185C,0,1.8890064,0.15905743837356567,0.9595261812210083,0.5145689249038696
YPL281C,YDL185W,0,1.8876808,0.15903142094612122,0.9595261812210083,0.5146690607070923
YCR028C,YGR279C,0,1.8876233,0.15900540351867676,0.9595261812210083,0.5147691965103149
YER147C,YGL040C,0,1.8875276,0.1589793860912323,0.9595261812210083,0.5148693323135376
YMR306W,YBL020W,0,1.8872206,0.15895339846611023,0.9595261812210083,0.5149694681167603
YGR058W,YNL077W,0,1.8865879,0.15892741084098816,0.9595261812210083,0.5150696039199829
YJL062W-A,YCR081W,0,1.8865721,0.1589014232158661,0.9595261812210083,0.5151697397232056
YER184C,YER012W,0,1.8861773,0.1588754504919052,0.9595261812210083,0.5152698755264282
YDL019C,YFR007W,0,1.88612,0.15884947776794434,0.9595261812210083,0.5153699517250061
YGR029W,YCL061C,0,1.886054,0.15882353484630585,0.9595261812210083,0.5154700875282288
YDL229W,YPL257W-A,0,1.8857307,0.15879757702350616,0.9595261812210083,0.5155702233314514
YHR101C,YMR086W,0,1.8850083,0.15877164900302887,0.9595261812210083,0.5156703591346741
YHL040C,YBR241C,0,1.8846874,0.15874570608139038,0.9595261812210083,0.5157704949378967
YPR132W,YDL056W,0,1.8837062,0.15871979296207428,0.9595261812210083,0.5158706307411194
YOL157C,YLR265C,0,1.8836024,0.15869387984275818,0.9595261812210083,0.515970766544342
YDR316W-A,YNL159C,0,1.8833594,0.15866796672344208,0.9595261812210083,0.5160709023475647
YNL210W,YLR441C,0,1.883307,0.15864208340644836,0.9595261812210083,0.5161710381507874
YDR126W,YDR031W,0,1.8822985,0.15861618518829346,0.9595261812210083,0.51627117395401
YCR077C,YHR039C-B,0,1.8812381,0.15859030187129974,0.9595261812210083,0.5163713097572327
YIL126W,YBR030W,0,1.8809907,0.15856443345546722,0.9595261812210083,0.5164713859558105
YLL001W,YPL095C,0,1.8809701,0.1585385799407959,0.9595261812210083,0.5165715217590332
YLR078C,YDL130W-A,0,1.880742,0.15851272642612457,0.9595261812210083,0.5166716575622559
YPR118W,YDR034C-C,0,1.8807024,0.15848687291145325,0.9595261812210083,0.5167717933654785
YNL291C,YDR330W,0,1.8804271,0.15846103429794312,0.9595261812210083,0.5168719291687012
YDR329C,YNL185C,0,1.8802289,0.15843521058559418,0.9595261812210083,0.5169720649719238
YOL003C,YER133W,0,1.8800265,0.15840938687324524,0.9595261812210083,0.5170722007751465
YMR109W,YDR320C,0,1.879864,0.1583835780620575,0.9595261812210083,0.5171723365783691
YDR252W,YMR012W,0,1.879495,0.15835776925086975,0.9595261812210083,0.5172724723815918
YLL050C,YBR214W,0,1.879405,0.1583319753408432,0.9595261812210083,0.5173726081848145
YOR269W,YJR059W,0,1.8793623,0.15830619633197784,0.9595261812210083,0.5174727439880371
YHR044C,YGR156W,0,1.8791052,0.1582804173231125,0.9595261812210083,0.517572820186615
YDR320C,YOR217W,0,1.8790302,0.15825463831424713,0.9595261812210083,0.5176729559898376
YDR056C,YGR047C,0,1.8789029,0.15822887420654297,0.9595261812210083,0.5177730917930603
YDR420W,YJL133W,0,1.8784094,0.158203125,0.9595261812210083,0.517873227596283
YLR214W,YOR257W,0,1.8783711,0.15817737579345703,0.9595261812210083,0.5179733633995056
YDR210W-B,YML081C-A,0,1.8773966,0.15815164148807526,0.9595261812210083,0.5180734992027283
YPR036W,YKL158W,0,1.8773844,0.15812592208385468,0.9595261812210083,0.5181736350059509
YLR045C,YJR126C,0,1.876966,0.1581001877784729,0.9595261812210083,0.5182737708091736
YNL306W,YDR034C-C,0,1.876634,0.1580744832754135,0.9595261812210083,0.5183739066123962
YPL257W-A,YDR055W,0,1.8760198,0.15804877877235413,0.9595261812210083,0.5184740424156189
YMR036C,YNL166C,0,1.8756988,0.15802308917045593,0.9595261812210083,0.5185741186141968
YJR094W-A,YOR127W,0,1.8755456,0.15799739956855774,0.9595261812210083,0.5186742544174194
YDL114W,YDR118W,0,1.8752661,0.15797172486782074,0.9595261812210083,0.5187743902206421
YLR097C,YPL172C,0,1.8747873,0.15794605016708374,0.9595261812210083,0.5188745260238647
YJL143W,YNL242W,0,1.8747435,0.15792039036750793,0.9595261812210083,0.5189746618270874
YGL223C,YNR045W,0,1.87448,0.15789473056793213,0.9595261812210083,0.5190747976303101
YDR326C,YER112W,0,1.8737932,0.15786908566951752,0.9595261812210083,0.5191749334335327
YMR298W,YLR459W,0,1.873558,0.1578434556722641,0.9595261812210083,0.5192750692367554
YOL018C,YFL037W,0,1.8735276,0.15781782567501068,0.9595261812210083,0.519375205039978
YOL003C,YJR143C,0,1.8733616,0.15779221057891846,0.9595261812210083,0.5194753408432007
YMR298W,YLR045C,0,1.8724124,0.15776659548282623,0.9595261812210083,0.5195754766464233
YMR217W,YER089C,0,1.871682,0.1577409952878952,0.9595261812210083,0.5196755528450012
YDR536W,YHR136C,0,1.8712115,0.15771539509296417,0.9595261812210083,0.5197756886482239
YJR022W,YPL174C,0,1.8712046,0.15768980979919434,0.9595261812210083,0.5198758244514465
YKL135C,YKL158W,0,1.8690886,0.1576642394065857,0.9595261812210083,0.5199759602546692
YDR052C,YMR128W,0,1.8685522,0.15763866901397705,0.9595261812210083,0.5200760960578918
YOR384W,YDL060W,0,1.867862,0.1576130986213684,0.9595261812210083,0.5201762318611145
YMR306W,YNR041C,0,1.8678074,0.15758754312992096,0.9595261812210083,0.5202763676643372
YGL123W,YGR037C,0,1.8676721,0.1575620025396347,0.9595261812210083,0.5203765034675598
YDR071C,YAL012W,0,1.8672371,0.15753646194934845,0.9595261812210083,0.5204766392707825
YDL109C,YFR008W,0,1.8670676,0.1575109362602234,0.9595261812210083,0.5205767750740051
YKR094C,YCL066W,0,1.8670131,0.15748541057109833,0.9595261812210083,0.520676851272583
YCL063W,YOL056W,0,1.8666663,0.15745989978313446,0.9595261812210083,0.5207769870758057
YDR312W,YDR093W,0,1.8660108,0.1574344038963318,0.9595261812210083,0.5208771228790283
YGR027W-B,YGR191W,0,1.8658737,0.1574089080095291,0.9595261812210083,0.520977258682251
YPR036W,YOR044W,0,1.8649528,0.15738342702388763,0.9595261812210083,0.5210773944854736
YLR356W,YBR040W,0,1.8646103,0.15735794603824615,0.9595261812210083,0.5211775302886963
YNL330C,YFL039C,1,1.8645902,0.15749433636665344,0.9605133533477783,0.5211775302886963
YKR038C,YJL121C,0,1.8642317,0.15746884047985077,0.9605133533477783,0.521277666091919
YGL229C,YDR393W,0,1.864013,0.1574433594942093,0.9605133533477783,0.5213778018951416
YOR175C,YHR039C-B,0,1.8639499,0.157417893409729,0.9605133533477783,0.5214779376983643
YLR074C,YKR104W,0,1.8631732,0.15739242732524872,0.9605133533477783,0.5215780735015869
YCL047C,YDR101C,0,1.8630337,0.15736697614192963,0.9605133533477783,0.5216782093048096
YDR495C,YJR135W-A,0,1.8626161,0.15734152495861053,0.9605133533477783,0.5217782855033875
YDL033C,YLR014C,0,1.8615651,0.15731608867645264,0.9605133533477783,0.5218784213066101
YNR008W,YIR037W,0,1.8614649,0.15729065239429474,0.9605133533477783,0.5219785571098328
YOL100W,YGR106C,0,1.8613331,0.15726523101329803,0.9605133533477783,0.5220786929130554
YHR207C,YNL289W,0,1.8610802,0.15723982453346252,0.9605133533477783,0.5221788287162781
YLR090W,YKL143W,0,1.8607754,0.15721441805362701,0.9605133533477783,0.5222789645195007
YDR219C,YPL160W,0,1.8605398,0.1571890115737915,0.9605133533477783,0.5223791003227234
YJL062W-A,YAR018C,0,1.8601651,0.1571636199951172,0.9605133533477783,0.522479236125946
YLR286C,YLR099C,0,1.8599592,0.15713824331760406,0.9605133533477783,0.5225793719291687
YDR022C,YMR022W,0,1.8595998,0.15711286664009094,0.9605133533477783,0.5226795077323914
YAL034W-A,YPR047W,0,1.8589501,0.157087504863739,0.9605133533477783,0.5227795839309692
YHR027C,YPL068C,0,1.8589301,0.15706214308738708,0.9605133533477783,0.5228797197341919
YNL210W,YPR036W,0,1.8583373,0.15703679621219635,0.9605133533477783,0.5229798555374146
YBR048W,YNL339C,0,1.8580489,0.1570114642381668,0.9605133533477783,0.5230799913406372
YER179W,YDR076W,1,1.8578241,0.15714746713638306,0.9615004658699036,0.5230799913406372
YDR022C,YGL232W,0,1.8570292,0.15712212026119232,0.9615004658699036,0.5231801271438599
YHL016C,YKL158W,0,1.8564951,0.1570967733860016,0.9615004658699036,0.5232802629470825
YEL065W,YAL008W,0,1.855183,0.15707144141197205,0.9615004658699036,0.5233803987503052
YGL211W,YKL143W,0,1.855154,0.1570461094379425,0.9615004658699036,0.5234805345535278
YBR156C,YOR075W,0,1.8550558,0.15702079236507416,0.9615004658699036,0.5235806703567505
YKL025C,YDR311W,1,1.8546122,0.15715667605400085,0.9624876379966736,0.5235806703567505
YDL019C,YMR086W,0,1.8540903,0.1571313440799713,0.9624876379966736,0.5236808061599731
YNL061W,YAL012W,0,1.8537018,0.15710602700710297,0.9624876379966736,0.5237809419631958
YMR233W,YCL055W,0,1.8532095,0.15708070993423462,0.9624876379966736,0.5238810181617737
YPR156C,YML124C,0,1.8526251,0.15705540776252747,0.9624876379966736,0.5239811539649963
YLR427W,YJL190C,0,1.8523955,0.1570301204919815,0.9624876379966736,0.524081289768219
YBR097W,YER020W,0,1.8523855,0.15700483322143555,0.9624876379966736,0.5241814255714417
YDL108W,YDR436W,0,1.8521535,0.1569795459508896,0.9624876379966736,0.5242815613746643
YNR008W,YJR025C,0,1.851902,0.15695428848266602,0.9624876379966736,0.524381697177887
YGR027W-B,YOR242C,0,1.8516655,0.15692901611328125,0.9624876379966736,0.5244818329811096
YDL130W,YER082C,0,1.8515754,0.15690375864505768,0.9624876379966736,0.5245819687843323
YOR332W,YHR036W,0,1.8495679,0.1568785160779953,0.9624876379966736,0.5246821045875549
YOR373W,YBR164C,0,1.8494921,0.15685328841209412,0.9624876379966736,0.5247822403907776
YLR201C,YBL060W,0,1.8489059,0.15682804584503174,0.9624876379966736,0.5248823761940002
YHR067W,YOR192C-A,0,1.8480294,0.15680283308029175,0.9624876379966736,0.5249824523925781
YBR296C,YBR055C,0,1.8478721,0.15677762031555176,0.9624876379966736,0.5250825881958008
YNL191W,YCL057C-A,0,1.8474553,0.15675240755081177,0.9624876379966736,0.5251827239990234
YDR107C,YDR034C-C,0,1.8473455,0.15672720968723297,0.9624876379966736,0.5252828598022461
YHL009W-B,YKR104W,0,1.847181,0.15670202672481537,0.9624876379966736,0.5253829956054688
YJL046W,YFL044C,0,1.8466538,0.15667684376239777,0.9624876379966736,0.5254831314086914
YJL121C,YML088W,0,1.8453863,0.15665167570114136,0.9624876379966736,0.5255832672119141
YLR459W,YNL207W,0,1.8453531,0.15662650763988495,0.9624876379966736,0.5256834030151367
YDL056W,YDL095W,0,1.8452575,0.15660135447978973,0.9624876379966736,0.5257835388183594
YHR039C-B,YDR118W,0,1.8452404,0.15657620131969452,0.9624876379966736,0.525883674621582
YDL006W,YGR295C,0,1.8445557,0.1565510630607605,0.9624876379966736,0.5259837508201599
YDR248C,YML060W,0,1.8443122,0.15652592480182648,0.9624876379966736,0.5260838866233826
YDR376W,YIL155C,0,1.8439778,0.15650080144405365,0.9624876379966736,0.5261840224266052
YOR265W,YHR099W,0,1.8435097,0.15647569298744202,0.9624876379966736,0.5262841582298279
YDR013W,YKL198C,0,1.8435042,0.15645058453083038,0.9624876379966736,0.5263842940330505
YKR048C,YNL325C,0,1.84333,0.15642547607421875,0.9624876379966736,0.5264844298362732
YPL101W,YHL004W,0,1.8432763,0.1564003825187683,0.9624876379966736,0.5265845656394958
YPL195W,YDR478W,0,1.8421043,0.15637530386447906,0.9624876379966736,0.5266847014427185
YNL330C,YDR248C,0,1.8419386,0.15635022521018982,0.9624876379966736,0.5267848372459412
YER159C-A,YDR134C,0,1.8419176,0.15632516145706177,0.9624876379966736,0.5268849730491638
YHR092C,YDL060W,0,1.8418124,0.15630009770393372,0.9624876379966736,0.5269851088523865
YNL217W,YMR292W,0,1.8416638,0.15627504885196686,0.9624876379966736,0.5270851850509644
YNL054W-B,YPL085W,0,1.8413074,0.15625,0.9624876379966736,0.527185320854187
YDR448W,YPL143W,0,1.8406096,0.15622496604919434,0.9624876379966736,0.5272854566574097
YPR098C,YBR198C,0,1.8404834,0.15619993209838867,0.9624876379966736,0.5273855924606323
YJL033W,YDR253C,0,1.8403835,0.1561749130487442,0.9624876379966736,0.527485728263855
YLR098C,YMR285C,0,1.8393633,0.15614990890026093,0.9624876379966736,0.5275858640670776
YBL093C,YOR066W,0,1.8388906,0.15612490475177765,0.9624876379966736,0.5276859998703003
YDR036C,YOR306C,0,1.838868,0.15609990060329437,0.9624876379966736,0.527786135673523
YMR316W,YDR507C,0,1.8387349,0.1560749113559723,0.9624876379966736,0.5278862714767456
YJR098C,YBR245C,0,1.838486,0.1560499370098114,0.9624876379966736,0.5279864072799683
YDR219C,YOL031C,0,1.8382227,0.1560249626636505,0.9624876379966736,0.5280864834785461
YDR236C,YML081C-A,0,1.8382039,0.15600000321865082,0.9624876379966736,0.5281866192817688
YOR389W,YIL072W,0,1.8376472,0.15597504377365112,0.9624876379966736,0.5282867550849915
YIL009C-A,YLR078C,0,1.8376315,0.15595009922981262,0.9624876379966736,0.5283868908882141
YJL143W,YER086W,0,1.8373857,0.15592515468597412,0.9624876379966736,0.5284870266914368
YDR312W,YDR018C,0,1.8372173,0.15590022504329681,0.9624876379966736,0.5285871624946594
YNL206C,YPL085W,0,1.8358347,0.1558752954006195,0.9624876379966736,0.5286872982978821
YGL253W,YOL007C,0,1.8357863,0.1558503806591034,0.9624876379966736,0.5287874341011047
YNL039W,YER120W,0,1.8352718,0.15582548081874847,0.9624876379966736,0.5288875699043274
YIL074C,YMR211W,0,1.8352227,0.15580058097839355,0.9624876379966736,0.52898770570755
YDL051W,YDR034C-C,0,1.8351226,0.15577568113803864,0.9624876379966736,0.5290878415107727
YOR066W,YGR191W,0,1.8350873,0.1557507961988449,0.9624876379966736,0.5291879177093506
YDR418W,YNL054W-B,0,1.8345151,0.15572592616081238,0.9624876379966736,0.5292880535125732
YBR033W,YDR055W,0,1.8342346,0.15570105612277985,0.9624876379966736,0.5293881893157959
YGL227W,YBR251W,0,1.8338308,0.15567618608474731,0.9624876379966736,0.5294883251190186
YOR343W-A,YAL003W,0,1.833762,0.15565134584903717,0.9624876379966736,0.5295884609222412
YDR312W,YOR131C,0,1.8336002,0.15562649071216583,0.9624876379966736,0.5296885967254639
YLR364W,YKR038C,0,1.8331519,0.15560166537761688,0.9624876379966736,0.5297887325286865
YDR242W,YPL031C,0,1.8331182,0.15557682514190674,0.9624876379966736,0.5298888683319092
YDR210W-B,YGR191W,0,1.8330555,0.15555201470851898,0.9624876379966736,0.5299890041351318
YGL147C,YKL116C,0,1.8328441,0.15552720427513123,0.9624876379966736,0.5300891399383545
YDR238C,YBR273C,0,1.8327572,0.15550239384174347,0.9624876379966736,0.5301892757415771
YDR238C,YPL111W,0,1.8321288,0.1554775983095169,0.9624876379966736,0.530289351940155
YOR337W,YNL101W,0,1.8318751,0.15545280277729034,0.9624876379966736,0.5303894877433777
YHR076W,YLR090W,0,1.8317064,0.15542802214622498,0.9624876379966736,0.5304896235466003
YLR096W,YCR077C,0,1.8306481,0.1554032564163208,0.9624876379966736,0.530589759349823
YPR102C,YDL030W,0,1.8295915,0.15537849068641663,0.9624876379966736,0.5306898951530457
YDR316W-A,YAL043C,0,1.8290565,0.15535372495651245,0.9624876379966736,0.5307900309562683
YPL089C,YOR044W,0,1.8284585,0.15532897412776947,0.9624876379966736,0.530890166759491
YGL213C,YKR105C,0,1.8280228,0.15530423820018768,0.9624876379966736,0.5309903025627136
YDR420W,YBL090W,0,1.8267734,0.1552795022726059,0.9624876379966736,0.5310904383659363
YPR158C-D,YBL022C,0,1.8254684,0.1552547812461853,0.9624876379966736,0.5311905741691589
YLR370C,YMR130W,0,1.825187,0.1552300602197647,0.9624876379966736,0.5312906503677368
YPL060W,YNL189W,0,1.8247044,0.1552053540945053,0.9624876379966736,0.5313907861709595
YLR214W,YOR270C,0,1.8245422,0.1551806479692459,0.9624876379966736,0.5314909219741821
YKL156W,YDR420W,0,1.8244116,0.1551559567451477,0.9624876379966736,0.5315910577774048
YJR025C,YDR297W,0,1.8234402,0.1551312655210495,0.9624876379966736,0.5316911935806274
YNL331C,YBL061C,0,1.823439,0.1551065891981125,0.9624876379966736,0.5317913293838501
YOR381W,YPL111W,0,1.8233879,0.15508191287517548,0.9624876379966736,0.5318914651870728
YJL062W-A,YNL227C,0,1.8231976,0.15505725145339966,0.9624876379966736,0.5319916009902954
YOL117W,YLL022C,0,1.8223959,0.15503259003162384,0.9624876379966736,0.5320917367935181
YOL156W,YCL027W,0,1.8222213,0.15500794351100922,0.9624876379966736,0.5321918725967407
YHR052W,YDR034C-C,0,1.8217213,0.1549833118915558,0.9624876379966736,0.5322920083999634
YKL011C,YAL025C,0,1.8216865,0.15495868027210236,0.9624876379966736,0.5323920845985413
YLR170C,YOR224C,0,1.821462,0.15493404865264893,0.9624876379966736,0.5324922204017639
YNL325C,YER045C,0,1.821392,0.1549094319343567,0.9624876379966736,0.5325923562049866
YBR084W,YER153C,0,1.8200655,0.15488483011722565,0.9624876379966736,0.5326924920082092
YBR214W,YCR010C,0,1.8189924,0.1548602283000946,0.9624876379966736,0.5327926278114319
YDL195W,YDR236C,0,1.8182207,0.15483564138412476,0.9624876379966736,0.5328927636146545
YJL008C,YER112W,0,1.8177643,0.1548110544681549,0.9624876379966736,0.5329928994178772
YBL069W,YPR108W,0,1.817447,0.15478646755218506,0.9624876379966736,0.5330930352210999
YLR170C,YPL195W,0,1.8173661,0.1547619104385376,0.9624876379966736,0.5331931710243225
YOR240W,YER164W,0,1.8171027,0.15473733842372894,0.9624876379966736,0.5332933068275452
YMR316W,YOR381W,0,1.8169916,0.15471279621124268,0.9624876379966736,0.533393383026123
YMR208W,YNL115C,0,1.8164767,0.15468823909759521,0.9624876379966736,0.5334935188293457
YPR166C,YIL126W,0,1.8145552,0.15466371178627014,0.9624876379966736,0.5335936546325684
YML012W,YLR371W,0,1.8141046,0.15463916957378387,0.9624876379966736,0.533693790435791
YOR315W,YOR369C,0,1.8140512,0.15461465716362,0.9624876379966736,0.5337939262390137
YDR065W,YDR252W,0,1.8137372,0.15459014475345612,0.9624876379966736,0.5338940620422363
YLR142W,YPR178W,0,1.8136559,0.15456563234329224,0.9624876379966736,0.533994197845459
YGL213C,YKR094C,0,1.8134203,0.15454113483428955,0.9624876379966736,0.5340943336486816
YBL088C,YEL058W,0,1.8131478,0.15451663732528687,0.9624876379966736,0.5341944694519043
YJR104C,YKL004W,0,1.811656,0.15449215471744537,0.9624876379966736,0.534294605255127
YNL091W,YGR200C,0,1.8109874,0.15446768701076508,0.9624876379966736,0.5343947410583496
YKR037C,YPR041W,0,1.8092343,0.15444321930408478,0.9624876379966736,0.5344948172569275
YML125C,YOR043W,0,1.8090425,0.15441875159740448,0.9624876379966736,0.5345949530601501
YPR042C,YML115C,0,1.808629,0.15439429879188538,0.9624876379966736,0.5346950888633728
YDL007W,YJL125C,0,1.8078713,0.15436986088752747,0.9624876379966736,0.5347952246665955
YHL009W-B,YPR041W,0,1.8078701,0.15434542298316956,0.9624876379966736,0.5348953604698181
YDL085W,YFR008W,0,1.8076612,0.15432098507881165,0.9624876379966736,0.5349954962730408
YPR021C,YDR380W,0,1.8076265,0.15429656207561493,0.9624876379966736,0.5350956320762634
YDL051W,YMR221C,0,1.8070478,0.1542721539735794,0.9624876379966736,0.5351957678794861
YJL158C,YPL033C,0,1.807018,0.15424774587154388,0.9624876379966736,0.5352959036827087
YFR003C,YBR097W,0,1.8065594,0.15422335267066956,0.9624876379966736,0.5353960394859314
YDL231C,YML094W,0,1.8065312,0.15419895946979523,0.9624876379966736,0.5354961156845093
YBR299W,YGL031C,0,1.8059793,0.1541745662689209,0.9624876379966736,0.5355962514877319
YDR330W,YJL109C,0,1.8059298,0.15415020287036896,0.9624876379966736,0.5356963872909546
YIL109C,YMR303C,0,1.8057718,0.15412582457065582,0.9624876379966736,0.5357965230941772
YBL075C,YHR010W,0,1.8047668,0.15410147607326508,0.9624876379966736,0.5358966588973999
YDL109C,YFL037W,0,1.8047222,0.15407711267471313,0.9624876379966736,0.5359967947006226
YLL062C,YFL036W,0,1.8037839,0.15405277907848358,0.9624876379966736,0.5360969305038452
YMR006C,YLR139C,0,1.8025646,0.15402843058109283,0.9624876379966736,0.5361970663070679
YLR318W,YGR123C,0,1.8021142,0.15400411188602448,0.9624876379966736,0.5362972021102905
YBR245C,YDR400W,0,1.8019468,0.15397977828979492,0.9624876379966736,0.5363973379135132
YBR176W,YIR023W,0,1.7995088,0.15395547449588776,0.9624876379966736,0.5364974737167358
YMR056C,YBR009C,0,1.7994268,0.1539311707019806,0.9624876379966736,0.5365975499153137
YKL089W,YHR160C,0,1.7990775,0.15390686690807343,0.9624876379966736,0.5366976857185364
YKR104W,YGR158C,0,1.7986946,0.15388257801532745,0.9624876379966736,0.536797821521759
YIR037W,YER164W,0,1.7986848,0.15385828912258148,0.9624876379966736,0.5368979573249817
YDR316W-A,YER110C,0,1.7983814,0.1538340151309967,0.9624876379966736,0.5369980931282043
YDR219C,YBR213W,0,1.7981398,0.15380975604057312,0.9624876379966736,0.537098228931427
YOR265W,YHR081W,0,1.7980403,0.15378548204898834,0.9624876379966736,0.5371983647346497
YNL217W,YGR162W,0,1.797775,0.15376123785972595,0.9624876379966736,0.5372985005378723
YDL192W,YBR084W,0,1.7969661,0.15373699367046356,0.9624876379966736,0.537398636341095
YNL086W,YDL008W,0,1.7962968,0.15371274948120117,0.9624876379966736,0.5374987721443176
YKL140W,YNR041C,0,1.7961166,0.15368852019309998,0.9624876379966736,0.5375989079475403
YOR181W,YIL090W,0,1.7960657,0.15366430580615997,0.9624876379966736,0.5376989841461182
YJR160C,YDR103W,0,1.7955981,0.15364009141921997,0.9624876379966736,0.5377991199493408
YOL103W,YCL050C,0,1.7951466,0.15361587703227997,0.9624876379966736,0.5378992557525635
YKL173W,YHR136C,0,1.794982,0.15359167754650116,0.9624876379966736,0.5379993915557861
YAL043C,YOL019W,0,1.7948501,0.15356749296188354,0.9624876379966736,0.5380995273590088
YER082C,YMR165C,0,1.7942832,0.15354330837726593,0.9624876379966736,0.5381996631622314
YOR069W,YML037C,0,1.7941083,0.15351912379264832,0.9624876379966736,0.5382997989654541
YNL293W,YPR122W,0,1.7939065,0.1534949690103531,0.9624876379966736,0.5383999347686768
YDR456W,YKR105C,0,1.7938507,0.15347079932689667,0.9624876379966736,0.5385000705718994
YMR235C,YMR316W,0,1.793119,0.15344664454460144,0.9624876379966736,0.5386002063751221
YDL143W,YNL158W,0,1.792079,0.1534225046634674,0.9624876379966736,0.5387002825737
YGL213C,YGR006W,0,1.7920566,0.15339836478233337,0.9624876379966736,0.5388004183769226
YBR286W,YHR101C,0,1.7914696,0.15337423980236053,0.9624876379966736,0.5389005541801453
YEL054C,YLL011W,0,1.791346,0.1533501148223877,0.9624876379966736,0.5390006899833679
YIL051C,YEL061C,0,1.7907748,0.15332598984241486,0.9624876379966736,0.5391008257865906
YJL044C,YDR368W,0,1.7907722,0.1533018797636032,0.9624876379966736,0.5392009615898132
YPL157W,YMR109W,0,1.7902188,0.15327778458595276,0.9624876379966736,0.5393010973930359
YNL191W,YHR064C,0,1.790088,0.1532536894083023,0.9624876379966736,0.5394012331962585
YGR056W,YJL173C,1,1.789504,0.15338677167892456,0.9634748101234436,0.5394012331962585
YDL136W,YGL222C,0,1.7894627,0.15336266160011292,0.9634748101234436,0.5395013689994812
YMR094W,YFL039C,0,1.7884452,0.15333856642246246,0.9634748101234436,0.5396015048027039
YDL127W,YBR283C,0,1.7879885,0.1533144861459732,0.9634748101234436,0.5397016406059265
YOR036W,YER045C,0,1.7870122,0.15329040586948395,0.9634748101234436,0.5398017168045044
YEL017C-A,YFL037W,0,1.7869619,0.1532663255929947,0.9634748101234436,0.539901852607727
YOR192C-B,YBR267W,0,1.7863845,0.15324226021766663,0.9634748101234436,0.5400019884109497
YPL106C,YDR060W,0,1.7861918,0.15321820974349976,0.9634748101234436,0.5401021242141724
YMR128W,YKL034W,0,1.785924,0.15319415926933289,0.9634748101234436,0.540202260017395
YNR027W,YDR261W-B,0,1.7852051,0.1531701236963272,0.9634748101234436,0.5403023958206177
YIL009C-A,YPL257W-A,0,1.7851021,0.15314608812332153,0.9634748101234436,0.5404025316238403
YHR067W,YCR039C,0,1.7845501,0.15312205255031586,0.9634748101234436,0.540502667427063
YKL218C,YLR074C,0,1.7839688,0.15309803187847137,0.9634748101234436,0.5406028032302856
YHR160C,YDR130C,0,1.7837114,0.15307402610778809,0.9634748101234436,0.5407029390335083
YMR257C,YJL065C,0,1.7830534,0.1530500203371048,0.9634748101234436,0.5408030152320862
YDR418W,YDL115C,0,1.7828076,0.1530260294675827,0.9634748101234436,0.5409031510353088
YBL054W,YLR356W,0,1.7826571,0.1530020385980606,0.9634748101234436,0.5410032868385315
YOR192C-A,YHR052W,0,1.782519,0.1529780626296997,0.9634748101234436,0.5411034226417542
YFL029C,YJL158C,0,1.7824326,0.1529540866613388,0.9634748101234436,0.5412035584449768
YER153C,YDL095W,0,1.7820785,0.1529301106929779,0.9634748101234436,0.5413036942481995
YDR219C,YDR003W,0,1.7818569,0.1529061496257782,0.9634748101234436,0.5414038300514221
YMR056C,YPL153C,0,1.7817781,0.15288220345973969,0.9634748101234436,0.5415039658546448
YJR098C,YIR006C,0,1.781203,0.15285825729370117,0.9634748101234436,0.5416041016578674
YGL035C,YPL123C,0,1.7802813,0.15283432602882385,0.9634748101234436,0.5417042374610901
YOR143C,YGR220C,0,1.7801526,0.15281039476394653,0.9634748101234436,0.5418043732643127
YLR127C,YDR034C-C,0,1.7792373,0.1527864784002304,0.9634748101234436,0.5419044494628906
YDR261W-B,YOR242C,0,1.7788169,0.15276256203651428,0.9634748101234436,0.5420045852661133
YPR048W,YBL101W-A,0,1.778702,0.15273866057395935,0.9634748101234436,0.5421047210693359
YNL213C,YBL020W,0,1.7775128,0.15271475911140442,0.9634748101234436,0.5422048568725586
YBL078C,YOR076C,0,1.7761045,0.1526908576488495,0.9634748101234436,0.5423049926757812
YLR139C,YDL017W,0,1.776016,0.15266698598861694,0.9634748101234436,0.5424051284790039
YML074C,YEL021W,0,1.7741921,0.1526430994272232,0.9634748101234436,0.5425052642822266
YJL062W-A,YBR273C,0,1.7741818,0.15261922776699066,0.9634748101234436,0.5426054000854492
YBR176W,YNL012W,0,1.7741716,0.1525953710079193,0.9634748101234436,0.5427055358886719
YHR025W,YDR210W-B,0,1.7738721,0.15257151424884796,0.9634748101234436,0.5428056716918945
YDR316W-A,YKR061W,0,1.7732501,0.1525476723909378,0.9634748101234436,0.5429057478904724
YPL026C,YDR252W,0,1.7732031,0.15252383053302765,0.9634748101234436,0.5430058836936951
YOL065C,YNL128W,0,1.7727399,0.1525000035762787,0.9634748101234436,0.5431060194969177
YDR316W-A,YNL301C,0,1.7713646,0.15247617661952972,0.9634748101234436,0.5432061553001404
YOL007C,YJL109C,0,1.7701544,0.15245236456394196,0.9634748101234436,0.543306291103363
YDR318W,YHL032C,0,1.770127,0.1524285525083542,0.9634748101234436,0.5434064269065857
YGR223C,YPR019W,0,1.7690548,0.15240474045276642,0.9634748101234436,0.5435065627098083
YMR289W,YDR523C,0,1.7688512,0.15238095819950104,0.9634748101234436,0.543606698513031
YJL165C,YPL103C,0,1.7683148,0.15235716104507446,0.9634748101234436,0.5437068343162537
YDR342C,YDR003W,0,1.7681223,0.15233337879180908,0.9634748101234436,0.5438069701194763
YDL138W,YIL145C,0,1.7680945,0.1523096114397049,0.9634748101234436,0.543907105922699
YDR316W-A,YEL059C-A,0,1.7679411,0.1522858440876007,0.9634748101234436,0.5440071821212769
YML058W-A,YHR056C,1,1.767886,0.1524180918931961,0.9644619822502136,0.5440071821212769
YLR396C,YDL101C,0,1.7674799,0.15239432454109192,0.9644619822502136,0.5441073179244995
YML129C,YOL117W,0,1.7674541,0.15237055718898773,0.9644619822502136,0.5442074537277222
YNR027W,YDR115W,0,1.767247,0.15234678983688354,0.9644619822502136,0.5443075895309448
YBR159W,YOL149W,0,1.7671802,0.15232303738594055,0.9644619822502136,0.5444077253341675
YEL064C,YKL034W,0,1.7671125,0.15229929983615875,0.9644619822502136,0.5445078611373901
YNL242W,YDR014W,0,1.7669237,0.15227556228637695,0.9644619822502136,0.5446079969406128
YPL149W,YLR357W,0,1.7667644,0.15225182473659515,0.9644619822502136,0.5447081327438354
YLR106C,YCL061C,0,1.7663097,0.15222810208797455,0.9644619822502136,0.5448082685470581
YJL048C,YPR108W,0,1.765414,0.15220439434051514,0.9644619822502136,0.5449084043502808
YCR004C,YML063W,0,1.7652876,0.15218068659305573,0.9644619822502136,0.5450085401535034
YOL072W,YNL307C,1,1.7651014,0.1523127257823944,0.9654491543769836,0.5450085401535034
YOR043W,YGL157W,0,1.7644292,0.1522890031337738,0.9654491543769836,0.5451086163520813
YJR066W,YKL059C,0,1.7641414,0.1522652953863144,0.9654491543769836,0.545208752155304
YMR026C,YGR218W,0,1.762929,0.15224158763885498,0.9654491543769836,0.5453088879585266
YNL330C,YJR059W,0,1.7626847,0.15221789479255676,0.9654491543769836,0.5454090237617493
YLR172C,YLR430W,0,1.7619054,0.15219421684741974,0.9654491543769836,0.5455091595649719
YOR389W,YKL164C,0,1.7616353,0.15217052400112152,0.9654491543769836,0.5456092953681946
YEL038W,YKR009C,0,1.7614069,0.1521468609571457,0.9654491543769836,0.5457094311714172
YHR021C,YPL026C,0,1.7608204,0.15212319791316986,0.9654491543769836,0.5458095669746399
YKL034W,YPL123C,0,1.7603662,0.15209953486919403,0.9654491543769836,0.5459097027778625
YMR257C,YBR185C,0,1.7593315,0.1520758867263794,0.9654491543769836,0.5460098385810852
YLR109W,YJL065C,0,1.7592887,0.15205223858356476,0.9654491543769836,0.5461099147796631
YOL065C,YJR126C,0,1.7592425,0.15202860534191132,0.9654491543769836,0.5462100505828857
YML015C,YFR008W,0,1.7590466,0.15200497210025787,0.9654491543769836,0.5463101863861084
YFL036W,YDR283C,0,1.7585086,0.15198135375976562,0.9654491543769836,0.546410322189331
YHL047C,YIL160C,0,1.7573915,0.15195773541927338,0.9654491543769836,0.5465104579925537
YER086W,YIL074C,0,1.7566344,0.15193413197994232,0.9654491543769836,0.5466105937957764
YIL074C,YOR346W,0,1.7564664,0.15191052854061127,0.9654491543769836,0.546710729598999
YJL062W-A,YLR207W,0,1.7554116,0.1518869400024414,0.9654491543769836,0.5468108654022217
YMR211W,YDR047W,0,1.7554003,0.15186335146427155,0.9654491543769836,0.5469110012054443
YDR012W,YIL171W,0,1.754736,0.15183977782726288,0.9654491543769836,0.547011137008667
YHR116W,YAL013W,0,1.7545626,0.1518162041902542,0.9654491543769836,0.5471112728118896
YKR014C,YDR103W,0,1.75395,0.15179264545440674,0.9654491543769836,0.5472113490104675
YGL173C,YBR087W,0,1.7536211,0.15176908671855927,0.9654491543769836,0.5473114848136902
YDR190C,YBR090C-A,1,1.7524258,0.15190069377422333,0.9664363265037537,0.5473114848136902
YMR247C,YIL009C-A,0,1.7522166,0.15187713503837585,0.9664363265037537,0.5474116206169128
YER027C,YDR166C,0,1.7513072,0.15185357630252838,0.9664363265037537,0.5475117564201355
YOR175C,YLR045C,0,1.751155,0.1518300175666809,0.9664363265037537,0.5476118922233582
YKR094C,YCL027W,0,1.7508829,0.15180648863315582,0.9664363265037537,0.5477120280265808
YHL009W-B,YOR374W,0,1.7506155,0.15178294479846954,0.9664363265037537,0.5478121638298035
YMR166C,YDR320C-A,0,1.7503319,0.15175941586494446,0.9664363265037537,0.5479122996330261
YNL031C,YBL003C,1,1.7498091,0.15189088881015778,0.9674234986305237,0.5479122996330261
YOR080W,YPR073C,0,1.7497765,0.1518673449754715,0.9674234986305237,0.5480124354362488
YJL044C,YDL180W,0,1.7491965,0.1518438160419464,0.9674234986305237,0.5481125712394714
YJR158W,YDR239C,0,1.748956,0.15182028710842133,0.9674234986305237,0.5482126474380493
YOR175C,YLR396C,0,1.7488647,0.15179677307605743,0.9674234986305237,0.548312783241272
YJL090C,YDR390C,0,1.7485824,0.15177327394485474,0.9674234986305237,0.5484129190444946
YMR128W,YOL072W,0,1.7483857,0.15174977481365204,0.9674234986305237,0.5485130548477173
YOR155C,YLR106C,0,1.7479703,0.15172627568244934,0.9674234986305237,0.5486131906509399
YHR215W,YDR210W-B,0,1.7476805,0.15170279145240784,0.9674234986305237,0.5487133264541626
YER133W,YBR122C,0,1.7475418,0.15167930722236633,0.9674234986305237,0.5488134622573853
YDR363W-A,YNL054W-B,0,1.7471881,0.15165583789348602,0.9674234986305237,0.5489135980606079
YAR015W,YBL030C,0,1.7468406,0.1516323685646057,0.9674234986305237,0.5490137338638306
YKR094C,YNL213C,0,1.746712,0.1516089141368866,0.9674234986305237,0.5491138696670532
YDR134C,YMR037C,0,1.7457027,0.15158545970916748,0.9674234986305237,0.5492140054702759
YIL090W,YER106W,0,1.7456393,0.15156202018260956,0.9674234986305237,0.5493140816688538
YKL183W,YDR034C-C,0,1.7447526,0.15153858065605164,0.9674234986305237,0.5494142174720764
YLR214W,YIL078W,0,1.7444856,0.1515151560306549,0.9674234986305237,0.5495143532752991
YMR139W,YIL072W,0,1.7437029,0.15149173140525818,0.9674234986305237,0.5496144890785217
YOR257W,YBR198C,0,1.743645,0.15146832168102264,0.9674234986305237,0.5497146248817444
YBR207W,YPL092W,0,1.7436097,0.1514449119567871,0.9674234986305237,0.549814760684967
YBL088C,YKL164C,0,1.7433273,0.15142150223255157,0.9674234986305237,0.5499148964881897
YPR137C-B,YMR264W,0,1.7427756,0.15139812231063843,0.9674234986305237,0.5500150322914124
YNR020C,YOR374W,0,1.742759,0.1513747274875641,0.9674234986305237,0.550115168094635
YHR092C,YMR004W,0,1.742694,0.15135134756565094,0.9674234986305237,0.5502153038978577
YGR295C,YAL058W,0,1.7426558,0.151327982544899,0.9674234986305237,0.5503154397010803
YDL141W,YGR135W,0,1.7426308,0.15130461752414703,0.9674234986305237,0.5504155158996582
YGL213C,YDR169C,0,1.7425176,0.15128125250339508,0.9674234986305237,0.5505156517028809
YCR047C,YGR188C,0,1.7421614,0.15125791728496552,0.9674234986305237,0.5506157875061035
YEL016C,YNL339C,0,1.741383,0.15123456716537476,0.9674234986305237,0.5507159233093262
YDL229W,YMR285C,0,1.7411262,0.1512112319469452,0.9674234986305237,0.5508160591125488
YFR003C,YKL158W,0,1.740803,0.15118791162967682,0.9674234986305237,0.5509161949157715
YFL004W,YDL190C,0,1.739612,0.15116459131240845,0.9674234986305237,0.5510163307189941
YLR221C,YKL164C,0,1.7391284,0.15114127099514008,0.9674234986305237,0.5511164665222168
YOL127W,YDR322W,0,1.7375747,0.1511179655790329,0.9674234986305237,0.5512166023254395
YGR123C,YPR032W,0,1.7370089,0.15109466016292572,0.9674234986305237,0.5513167381286621
YLR212C,YOR396W,0,1.7369206,0.15107136964797974,0.9674234986305237,0.55141681432724
YLR430W,YDR252W,0,1.7364053,0.15104809403419495,0.9674234986305237,0.5515169501304626
YDR052C,YDL112W,0,1.7353411,0.15102481842041016,0.9674234986305237,0.5516170859336853
YDR536W,YOR069W,0,1.735157,0.15100154280662537,0.9674234986305237,0.551717221736908
YOR116C,YOR182C,0,1.7349701,0.15097828209400177,0.9674234986305237,0.5518173575401306
YPR158C-D,YGR200C,0,1.7339348,0.15095502138137817,0.9674234986305237,0.5519174933433533
YJL062W-A,YFL041W,0,1.7335098,0.15093177556991577,0.9674234986305237,0.5520176291465759
YLR459W,YML005W,0,1.7333152,0.15090852975845337,0.9674234986305237,0.5521177649497986
YNL292W,YMR256C,0,1.7330484,0.15088529884815216,0.9674234986305237,0.5522179007530212
YKR037C,YMR221C,0,1.7314222,0.15086206793785095,0.9674234986305237,0.5523180365562439
YOL103W,YNL054W-B,0,1.7313675,0.15083885192871094,0.9674234986305237,0.5524181723594666
YIL072W,YML115C,0,1.7311854,0.15081563591957092,0.9674234986305237,0.5525182485580444
YMR307W,YDL112W,0,1.731135,0.1507924348115921,0.9674234986305237,0.5526183843612671
YDL192W,YOR246C,0,1.7293627,0.15076923370361328,0.9674234986305237,0.5527185201644897
YCR094W,YMR150C,0,1.7293365,0.15074603259563446,0.9674234986305237,0.5528186559677124
YIL109C,YOR270C,0,1.7293093,0.15072286128997803,0.9674234986305237,0.5529187917709351
YKL198C,YFL037W,0,1.728714,0.1506996750831604,0.9674234986305237,0.5530189275741577
YEL064C,YMR152W,0,1.7285162,0.15067650377750397,0.9674234986305237,0.5531190633773804
YIR036C,YOR069W,0,1.7283096,0.15065334737300873,0.9674234986305237,0.553219199180603
YHL009W-B,YDL006W,0,1.7279041,0.1506301909685135,0.9674234986305237,0.5533193349838257
YLR170C,YER045C,0,1.7261328,0.15060703456401825,0.9674234986305237,0.5534194707870483
YKL025C,YJL127C,1,1.7254199,0.15073755383491516,0.9684106707572937,0.5534194707870483
YKL140W,YMR127C,0,1.7253697,0.15071439743041992,0.9684106707572937,0.5535195469856262
YJL033W,YBR058C,0,1.7248986,0.15069124102592468,0.9684106707572937,0.5536196827888489
YMR235C,YER036C,0,1.72476,0.15066809952259064,0.9684106707572937,0.5537198185920715
YDL051W,YKL179C,0,1.7242162,0.1506449580192566,0.9684106707572937,0.5538199543952942
YLR078C,YLR121C,0,1.72421,0.15062183141708374,0.9684106707572937,0.5539200901985168
YOR155C,YKL140W,0,1.7237823,0.1505987048149109,0.9684106707572937,0.5540202260017395
YIL093C,YDL080C,0,1.7235305,0.15057559311389923,0.9684106707572937,0.5541203618049622
YPL174C,YDR003W,0,1.7232475,0.15055248141288757,0.9684106707572937,0.5542204976081848
YBL078C,YDR312W,0,1.7226936,0.1505293846130371,0.9684106707572937,0.5543206334114075
YAL041W,YBR166C,0,1.7225889,0.15050628781318665,0.9684106707572937,0.5544207692146301
YDL192W,YBR009C,0,1.7224298,0.15048320591449738,0.9684106707572937,0.5545209050178528
YOL103W,YPL281C,0,1.7207401,0.1504601240158081,0.9684106707572937,0.5546209812164307
YDL204W,YKL212W,0,1.7195401,0.15043704211711884,0.9684106707572937,0.5547211170196533
YBR035C,YHL016C,0,1.7186738,0.15041399002075195,0.9684106707572937,0.554821252822876
YDR329C,YGL161C,0,1.7185159,0.15039092302322388,0.9684106707572937,0.5549213886260986
YER110C,YDR298C,0,1.7178693,0.150367870926857,0.9684106707572937,0.5550215244293213
YOR037W,YJR098C,0,1.7174773,0.1503448337316513,0.9684106707572937,0.555121660232544
YMR247C,YIL125W,0,1.7174451,0.15032179653644562,0.9684106707572937,0.5552217960357666
YNL306W,YGL031C,0,1.717319,0.15029875934123993,0.9684106707572937,0.5553219318389893
YER140W,YAL020C,0,1.7172801,0.15027573704719543,0.9684106707572937,0.5554220676422119
YBL030C,YOR217W,0,1.7172155,0.15025271475315094,0.9684106707572937,0.5555222034454346
YLR192C,YPL231W,0,1.7167528,0.15022970736026764,0.9684106707572937,0.5556222796440125
YJR135W-A,YOR014W,0,1.7163433,0.15020669996738434,0.9684106707572937,0.5557224154472351
YLR170C,YPL159C,0,1.7160931,0.15018370747566223,0.9684106707572937,0.5558225512504578
YDL067C,YGL039W,0,1.7144043,0.15016072988510132,0.9684106707572937,0.5559226870536804
YAL043C,YIL138C,0,1.7132733,0.1501377373933792,0.9684106707572937,0.5560228228569031
YOL139C,YOR043W,0,1.7128608,0.1501147598028183,0.9684106707572937,0.5561229586601257
YBR214W,YKR048C,0,1.7124494,0.15009179711341858,0.9684106707572937,0.5562230944633484
YGR027W-B,YEL058W,0,1.7120976,0.15006883442401886,0.9684106707572937,0.556323230266571
YDR329C,YDL017W,0,1.7116797,0.15004588663578033,0.9684106707572937,0.5564233660697937
YMR188C,YKL034W,0,1.7112589,0.1500229388475418,0.9684106707572937,0.5565235018730164
YOR116C,YDL007W,0,1.7110577,0.15000000596046448,0.9684106707572937,0.556623637676239
YOR096W,YNL207W,0,1.7110168,0.14997707307338715,0.9684106707572937,0.5567237138748169
YIR036C,YJR010C-A,0,1.7104943,0.14995414018630981,0.9684106707572937,0.5568238496780396
YKL198C,YER030W,0,1.7101618,0.14993122220039368,0.9684106707572937,0.5569239854812622
YLR364W,YDL043C,0,1.7095299,0.14990831911563873,0.9684106707572937,0.5570241212844849
YJR065C,YKL158W,0,1.7094423,0.1498854160308838,0.9684106707572937,0.5571242570877075
YOR201C,YPR158C-D,0,1.7093529,0.14986251294612885,0.9684106707572937,0.5572243928909302
YPL177C,YDR065W,0,1.7089378,0.1498396247625351,0.9684106707572937,0.5573245286941528
YDR356W,YOR063W,0,1.7088013,0.14981673657894135,0.9684106707572937,0.5574246644973755
YDR270W,YML060W,0,1.7086854,0.1497938632965088,0.9684106707572937,0.5575248003005981
YAL020C,YCL055W,0,1.7086343,0.14977099001407623,0.9684106707572937,0.5576249361038208
YCR040W,YBR164C,0,1.7085202,0.14974813163280487,0.9684106707572937,0.5577250719070435
YGR026W,YML077W,0,1.7084808,0.1497252732515335,0.9684106707572937,0.5578251481056213
YML124C,YPR042C,0,1.7075125,0.14970242977142334,0.9684106707572937,0.557925283908844
YMR098C,YMR037C,0,1.7071652,0.14967958629131317,0.9684106707572937,0.5580254197120667
YPR132W,YDR358W,0,1.7071075,0.1496567577123642,0.9684106707572937,0.5581255555152893
YDR532C,YMR297W,0,1.7066523,0.14963392913341522,0.9684106707572937,0.558225691318512
YBR084W,YPR081C,0,1.7062969,0.14961110055446625,0.9684106707572937,0.5583258271217346
YGL123W,YBL023C,0,1.7058114,0.14958828687667847,0.9684106707572937,0.5584259629249573
YLR459W,YKL017C,0,1.7057163,0.14956548810005188,0.9684106707572937,0.5585260987281799
YKL135C,YHR161C,0,1.7054944,0.1495426893234253,0.9684106707572937,0.5586262345314026
YMR098C,YLR371W,0,1.704673,0.1495198905467987,0.9684106707572937,0.5587263703346252
YNL292W,YHR092C,0,1.7040654,0.1494971066713333,0.9684106707572937,0.5588264465332031
YOR167C,YGL161C,0,1.7033081,0.14947432279586792,0.9684106707572937,0.5589265823364258
YDR341C,YML087C,0,1.7032253,0.14945155382156372,0.9684106707572937,0.5590267181396484
YJR033C,YML070W,0,1.7028515,0.14942878484725952,0.9684106707572937,0.5591268539428711
YNL001W,YIL138C,0,1.7027069,0.14940603077411652,0.9684106707572937,0.5592269897460938
YAL034W-A,YGL141W,0,1.7023256,0.1493832767009735,0.9684106707572937,0.5593271255493164
YLR318W,YJR058C,0,1.7017386,0.1493605375289917,0.9684106707572937,0.5594272613525391
YMR287C,YDL130W,0,1.7013946,0.1493377983570099,0.9684106707572937,0.5595273971557617
YDR316W-A,YHR025W,0,1.701314,0.14931507408618927,0.9684106707572937,0.5596275329589844
YJR075W,YGR027W-B,0,1.7009609,0.14929234981536865,0.9684106707572937,0.559727668762207
YCL066W,YLR014C,0,1.7008257,0.14926962554454803,0.9684106707572937,0.5598278045654297
YFR003C,YGR035C,0,1.6990104,0.1492469161748886,0.9684106707572937,0.5599278807640076
YOL127W,YCR092C,0,1.698449,0.14922422170639038,0.9684106707572937,0.5600280165672302
YOL125W,YDR390C,0,1.6978874,0.14920152723789215,0.9684106707572937,0.5601281523704529
YMR088C,YBL023C,0,1.6978109,0.14917883276939392,0.9684106707572937,0.5602282881736755
YGL173C,YMR287C,0,1.6977917,0.14915615320205688,0.9684106707572937,0.5603284239768982
YDR456W,YGR274C,0,1.6972163,0.14913347363471985,0.9684106707572937,0.5604285597801208
YPR042C,YBR185C,0,1.6972156,0.149110808968544,0.9684106707572937,0.5605286955833435
YJR143C,YLR121C,0,1.6962547,0.14908814430236816,0.9684106707572937,0.5606288313865662
YOL067C,YDR261W-B,0,1.6962231,0.14906549453735352,0.9684106707572937,0.5607289671897888
YLR266C,YOR337W,0,1.6941977,0.14904284477233887,0.9684106707572937,0.5608291029930115
YKR062W,YGR223C,0,1.6941941,0.1490202099084854,0.9684106707572937,0.5609291791915894
YHR017W,YJL190C,0,1.693983,0.14899757504463196,0.9684106707572937,0.561029314994812
YIL027C,YOR192C-A,0,1.6930523,0.1489749401807785,0.9684106707572937,0.5611294507980347
YNL292W,YOR315W,0,1.6929588,0.14895232021808624,0.9684106707572937,0.5612295866012573
YGR014W,YDR330W,0,1.692416,0.14892971515655518,0.9684106707572937,0.56132972240448
YDR253C,YDR056C,0,1.6923505,0.1489071100950241,0.9684106707572937,0.5614298582077026
YCR039C,YNL268W,0,1.6913232,0.14888450503349304,0.9684106707572937,0.5615299940109253
YFL002W-A,YCL069W,0,1.6894693,0.14886191487312317,0.9684106707572937,0.561630129814148
YLR097C,YNR045W,0,1.6890132,0.1488393247127533,0.9684106707572937,0.5617302656173706
YDR012W,YIR015W,0,1.6885288,0.14881674945354462,0.9684106707572937,0.5618304014205933
YOL133W,YIL155C,0,1.6882448,0.14879417419433594,0.9684106707572937,0.5619305372238159
YHL009W-B,YDR011W,0,1.6879747,0.14877161383628845,0.9684106707572937,0.5620306134223938
YPL157W,YDR086C,0,1.6866957,0.14874905347824097,0.9684106707572937,0.5621307492256165
YBR122C,YPL038W,0,1.6864445,0.14872650802135468,0.9684106707572937,0.5622308850288391
YDR466W,YLR246W,0,1.6860912,0.14870396256446838,0.9684106707572937,0.5623310208320618
YJL062W-A,YBL020W,0,1.6854813,0.1486814171075821,0.9684106707572937,0.5624311566352844
YNL166C,YGL059W,0,1.6852922,0.148658886551857,0.9684106707572937,0.5625312924385071
YDR379W,YLR192C,0,1.6844909,0.1486363708972931,0.9684106707572937,0.5626314282417297
YHR161C,YPR073C,0,1.6836703,0.148613840341568,0.9684106707572937,0.5627315640449524
YDL200C,YER179W,1,1.6836607,0.14874280989170074,0.9693978428840637,0.5627315640449524
YPL157W,YBR058C-A,0,1.6826546,0.14872027933597565,0.9693978428840637,0.562831699848175
YAL010C,YER083C,0,1.6823341,0.14869776368141174,0.9693978428840637,0.5629318356513977
YPR158C-D,YGL031C,0,1.6819644,0.14867524802684784,0.9693978428840637,0.5630319118499756
YJL044C,YER140W,0,1.6817731,0.14865274727344513,0.9693978428840637,0.5631320476531982
YDR134C,YKL059C,0,1.6812688,0.14863024652004242,0.9693978428840637,0.5632321834564209
YPR158C-D,YLR207W,0,1.6809584,0.1486077457666397,0.9693978428840637,0.5633323192596436
YJL170C,YPL177C,0,1.6805583,0.1485852599143982,0.9693978428840637,0.5634324550628662
YHR067W,YPR073C,0,1.6801513,0.14856278896331787,0.9693978428840637,0.5635325908660889
YGR223C,YGR002C,0,1.6800523,0.14854031801223755,0.9693978428840637,0.5636327266693115
YJL062W-A,YOR174W,0,1.6799903,0.14851784706115723,0.9693978428840637,0.5637328624725342
YOR066W,YCL066W,0,1.6769391,0.1484953910112381,0.9693978428840637,0.5638329982757568
YBL030C,YPL186C,0,1.6767945,0.14847293496131897,0.9693978428840637,0.5639331340789795
YIL004C,YDL112W,0,1.6767778,0.14845049381256104,0.9693978428840637,0.5640332698822021
YAR019C,YML034W,0,1.6762073,0.1484280526638031,0.9693978428840637,0.56413334608078
YNL207W,YDL144C,0,1.6758258,0.14840562641620636,0.9693978428840637,0.5642334818840027
YNL227C,YHR129C,0,1.6755339,0.14838320016860962,0.9693978428840637,0.5643336176872253
YJR045C,YML081C-A,0,1.6752964,0.14836077392101288,0.9693978428840637,0.564433753490448
YBL090W,YML088W,0,1.674941,0.14833836257457733,0.9693978428840637,0.5645338892936707
YHL009W-B,YBR159W,0,1.674709,0.14831596612930298,0.9693978428840637,0.5646340250968933
YNL311C,YKL011C,0,1.674506,0.14829356968402863,0.9693978428840637,0.564734160900116
YJL136C,YHR186C,0,1.6741436,0.14827117323875427,0.9693978428840637,0.5648342967033386
YDL127W,YCL059C,0,1.6739092,0.1482487916946411,0.9693978428840637,0.5649344325065613
YDL205C,YDR320C,0,1.6737125,0.14822641015052795,0.9693978428840637,0.5650345683097839
YDL006W,YBR084W,0,1.6736856,0.148204043507576,0.9693978428840637,0.5651347041130066
YPR041W,YLR176C,0,1.6736109,0.14818167686462402,0.9693978428840637,0.5652347803115845
YIL109C,YDR261W-B,0,1.6735115,0.14815932512283325,0.9693978428840637,0.5653349161148071
YGL119W,YJL062W-A,0,1.6733165,0.14813697338104248,0.9693978428840637,0.5654350519180298
YGR106C,YER012W,0,1.6731417,0.1481146365404129,0.9693978428840637,0.5655351877212524
YDR465C,YCL031C,0,1.672921,0.14809229969978333,0.9693978428840637,0.5656353235244751
YKL088W,YCR040W,0,1.6725295,0.14806996285915375,0.9693978428840637,0.5657354593276978
YMR211W,YJR045C,0,1.6716634,0.14804764091968536,0.9693978428840637,0.5658355951309204
YNL242W,YER045C,0,1.6714427,0.14802531898021698,0.9693978428840637,0.5659357309341431
YDL137W,YBL039C,0,1.6714214,0.1480030119419098,0.9693978428840637,0.5660358667373657
YIL070C,YIL136W,0,1.6712775,0.1479807049036026,0.9693978428840637,0.5661360025405884
YGR063C,YDR251W,0,1.6710522,0.1479584127664566,0.9693978428840637,0.5662360787391663
YOR192C-B,YNL242W,0,1.6709183,0.1479361206293106,0.9693978428840637,0.5663362145423889
YJL219W,YBL061C,0,1.6707592,0.1479138433933258,0.9693978428840637,0.5664363503456116
YKL179C,YKR048C,0,1.6707479,0.147891566157341,0.9693978428840637,0.5665364861488342
YOR192C-A,YDR013W,0,1.6703417,0.1478693038225174,0.9693978428840637,0.5666366219520569
YHR076W,YGR062C,0,1.6690001,0.1478470265865326,0.9693978428840637,0.5667367577552795
YMR128W,YNL054W-B,0,1.6689987,0.14782477915287018,0.9693978428840637,0.5668368935585022
YDL205C,YDR334W,0,1.6689931,0.14780253171920776,0.9693978428840637,0.5669370293617249
YML077W,YGL084C,0,1.6686941,0.14778028428554535,0.9693978428840637,0.5670371651649475
YNL293W,YDR448W,0,1.6686897,0.14775805175304413,0.9693978428840637,0.5671373009681702
YKL034W,YPR021C,0,1.6683617,0.1477358192205429,0.9693978428840637,0.5672374367713928
YMR257C,YHL019C,0,1.667707,0.14771360158920288,0.9693978428840637,0.5673375129699707
YER086W,YIL078W,0,1.6671529,0.14769138395786285,0.9693978428840637,0.5674376487731934
YGL168W,YJL101C,0,1.6666417,0.14766916632652283,0.9693978428840637,0.567537784576416
YIL109C,YDR047W,0,1.6665288,0.147646963596344,0.9693978428840637,0.5676379203796387
YJR033C,YNL146W,0,1.6664577,0.14762477576732635,0.9693978428840637,0.5677380561828613
YKL181W,YIL115C,0,1.6664401,0.14760258793830872,0.9693978428840637,0.567838191986084
YOL071W,YMR122W-A,0,1.6664059,0.14758040010929108,0.9693978428840637,0.5679383277893066
YJR066W,YKL195W,0,1.6651669,0.14755822718143463,0.9693978428840637,0.5680384635925293
YDR347W,YJL062W-A,0,1.6650674,0.14753605425357819,0.9693978428840637,0.568138599395752
YMR171C,YGL191W,0,1.6648467,0.14751389622688293,0.9693978428840637,0.5682387351989746
YOL067C,YKR050W,0,1.6646729,0.14749173820018768,0.9693978428840637,0.5683388113975525
YDR239C,YOR269W,0,1.664191,0.14746959507465363,0.9693978428840637,0.5684389472007751
YLR370C,YER131W,0,1.6641717,0.14744745194911957,0.9693978428840637,0.5685390830039978
YDR329C,YDL192W,0,1.6633718,0.1474253088235855,0.9693978428840637,0.5686392188072205
YHR143W,YAL044C,0,1.6633573,0.14740318059921265,0.9693978428840637,0.5687393546104431
YHR027C,YKL021C,0,1.6630135,0.14738105237483978,0.9693978428840637,0.5688394904136658
YDL138W,YAL035W,0,1.6617401,0.1473589390516281,0.9693978428840637,0.5689396262168884
YKR061W,YOR131C,0,1.6610868,0.14733684062957764,0.9693978428840637,0.5690397620201111
YBL101W-A,YOL109W,0,1.6609277,0.14731472730636597,0.9693978428840637,0.5691398978233337
YIL138C,YLR327C,0,1.6607009,0.1472926288843155,0.9693978428840637,0.5692400336265564
YCR081W,YDR003W,0,1.6605229,0.1472705453634262,0.9693978428840637,0.569340169429779
YEL064C,YLR096W,0,1.6604285,0.14724846184253693,0.9693978428840637,0.5694402456283569
YPR132W,YOR381W,0,1.6603601,0.14722639322280884,0.9693978428840637,0.5695403814315796
YKR056W,YNL218W,1,1.6600193,0.14735421538352966,0.9703850150108337,0.5695403814315796
YDR013W,YDR158W,0,1.6591911,0.14733213186264038,0.9703850150108337,0.5696405172348022
YPR166C,YOR127W,0,1.6585227,0.1473100483417511,0.9703850150108337,0.5697406530380249
YDR046C,YGL251C,0,1.6584756,0.147287979722023,0.9703850150108337,0.5698407888412476
YDL195W,YER012W,0,1.6566201,0.14726591110229492,0.9703850150108337,0.5699409246444702
YDL085W,YGR220C,0,1.6560943,0.14724385738372803,0.9703850150108337,0.5700410604476929
YFL002W-A,YJR001W,0,1.6560535,0.14722180366516113,0.9703850150108337,0.5701411962509155
YJL062W-A,YLR450W,0,1.6558034,0.14719976484775543,0.9703850150108337,0.5702413320541382
YJR134C,YBR030W,0,1.6557369,0.14717772603034973,0.9703850150108337,0.5703414678573608
YOR192C-B,YMR165C,0,1.6549201,0.14715568721294403,0.9703850150108337,0.5704416036605835
YER133W,YNL054W-B,0,1.654623,0.14713366329669952,0.9703850150108337,0.5705416798591614
YFR015C,YNL112W,0,1.6543257,0.14711163938045502,0.9703850150108337,0.570641815662384
YDR032C,YOR043W,0,1.6515679,0.1470896303653717,0.9703850150108337,0.5707419514656067
YOR047C,YPR178W,0,1.6510589,0.1470676213502884,0.9703850150108337,0.5708420872688293
YDR316W-A,YLR403W,0,1.6509167,0.14704562723636627,0.9703850150108337,0.570942223072052
YKR059W,YPL160W,0,1.6508698,0.14702363312244415,0.9703850150108337,0.5710423588752747
YHL009W-B,YBL082C,0,1.650826,0.14700163900852203,0.9703850150108337,0.5711424946784973
YDL127W,YGR008C,0,1.6507986,0.1469796597957611,0.9703850150108337,0.57124263048172
YPL060W,YLR467W,0,1.6503567,0.14695769548416138,0.9703850150108337,0.5713427662849426
YGL135W,YBR198C,0,1.6495597,0.14693573117256165,0.9703850150108337,0.5714429020881653
YBR176W,YCL055W,0,1.6495416,0.14691376686096191,0.9703850150108337,0.5715429782867432
YDR210W-B,YOL077C,0,1.6488787,0.14689181745052338,0.9703850150108337,0.5716431140899658
YBR273C,YDR261W-B,0,1.648845,0.14686986804008484,0.9703850150108337,0.5717432498931885
YLR100W,YDR116C,0,1.6484075,0.1468479186296463,0.9703850150108337,0.5718433856964111
YOR257W,YDL130W-A,0,1.6483469,0.14682598412036896,0.9703850150108337,0.5719435214996338
YMR088C,YML077W,0,1.6461949,0.1468040645122528,0.9703850150108337,0.5720436573028564
YNL054W-B,YOR067C,0,1.6455443,0.14678214490413666,0.9703850150108337,0.5721437931060791
YBL017C,YEL054C,0,1.6451218,0.1467602252960205,0.9703850150108337,0.5722439289093018
YLR383W,YBR088C,1,1.6450434,0.14688760042190552,0.9713721871376038,0.5722439289093018
YLR126C,YHR147C,0,1.644921,0.14686566591262817,0.9713721871376038,0.5723440647125244
YOL103W,YOR337W,0,1.6440694,0.14684376120567322,0.9713721871376038,0.5724442005157471
YNL129W,YDR166C,0,1.6435279,0.14682184159755707,0.9713721871376038,0.5725443363189697
YOL064C,YHR013C,0,1.6435139,0.1467999368906021,0.9713721871376038,0.5726444125175476
YBR156C,YNL217W,0,1.6427248,0.14677804708480835,0.9713721871376038,0.5727445483207703
YFR032C-A,YLR147C,0,1.6416647,0.1467561572790146,0.9713721871376038,0.5728446841239929
YER096W,YNL091W,0,1.641603,0.14673426747322083,0.9713721871376038,0.5729448199272156
YLR459W,YMR257C,0,1.6415926,0.14671239256858826,0.9713721871376038,0.5730449557304382
YEL064C,YOR240W,0,1.6408565,0.1466905176639557,0.9713721871376038,0.5731450915336609
YDR479C,YOR257W,0,1.6407975,0.14666865766048431,0.9713721871376038,0.5732452273368835
YFL039C,YHR154W,1,1.6407045,0.1467958241701126,0.972359299659729,0.5732452273368835
YDL137W,YER086W,0,1.6406593,0.14677394926548004,0.972359299659729,0.5733453631401062
YML042W,YLR120C,0,1.6403836,0.14675208926200867,0.972359299659729,0.5734454989433289
YDR074W,YPL160W,0,1.6402186,0.1467302292585373,0.972359299659729,0.5735456347465515
YOR347C,YLR048W,0,1.6395264,0.14670836925506592,0.972359299659729,0.5736457109451294
YIR002C,YNL185C,0,1.6385815,0.14668652415275574,0.972359299659729,0.573745846748352
YLL062C,YJR059W,0,1.6385056,0.14666467905044556,0.972359299659729,0.5738459825515747
YER048W-A,YKL042W,0,1.638418,0.14664284884929657,0.972359299659729,0.5739461183547974
YFL039C,YMR012W,0,1.6383921,0.14662101864814758,0.972359299659729,0.57404625415802
YJR057W,YGR002C,1,1.6383793,0.14674802124500275,0.973346471786499,0.57404625415802
YOR192C-B,YLR371W,0,1.637572,0.14672619104385376,0.973346471786499,0.5741463899612427
YPL089C,YAL058W,0,1.637277,0.14670436084270477,0.973346471786499,0.5742465257644653
YHL009W-B,YGR292W,0,1.6358025,0.1466825306415558,0.973346471786499,0.574346661567688
YNL129W,YDR320C,0,1.6354876,0.146660715341568,0.973346471786499,0.5744467973709106
YBR058C,YGR027W-B,0,1.6354499,0.1466389000415802,0.973346471786499,0.5745469331741333
YKL088W,YDL109C,0,1.6337361,0.1466170996427536,0.973346471786499,0.574647068977356
YOR356W,YDR118W,0,1.6334374,0.146595299243927,0.973346471786499,0.5747471451759338
YBR050C,YNR011C,0,1.6334127,0.1465735137462616,0.973346471786499,0.5748472809791565
YHL040C,YNL077W,0,1.6333466,0.1465517282485962,0.973346471786499,0.5749474167823792
YBR286W,YBR264C,0,1.6329591,0.1465299427509308,0.973346471786499,0.5750475525856018
YOL100W,YER164W,0,1.6328173,0.14650817215442657,0.973346471786499,0.5751476883888245
YPL258C,YGR200C,0,1.6315727,0.14648640155792236,0.973346471786499,0.5752478241920471
YOR182C,YLR438C-A,0,1.6312892,0.14646464586257935,0.973346471786499,0.5753479599952698
YDL210W,YLR192C,0,1.6310952,0.14644289016723633,0.973346471786499,0.5754480957984924
YML125C,YKR105C,0,1.631005,0.1464211493730545,0.973346471786499,0.5755482316017151
YOR151C,YNL054W-B,0,1.6303976,0.14639940857887268,0.973346471786499,0.5756483674049377
YPL271W,YDR177W,0,1.6297885,0.14637766778469086,0.973346471786499,0.5757484436035156
YBR286W,YOL138C,0,1.6295824,0.14635594189167023,0.973346471786499,0.5758485794067383
YDR388W,YML012W,0,1.6287466,0.1463342308998108,0.973346471786499,0.5759487152099609
YLL062C,YJR065C,0,1.6280863,0.14631250500679016,0.973346471786499,0.5760488510131836
YDR387C,YMR224C,0,1.6280712,0.14629079401493073,0.973346471786499,0.5761489868164062
YLR237W,YCR037C,0,1.6280162,0.14626909792423248,0.973346471786499,0.5762491226196289
YJL062W-A,YJR059W,0,1.6271179,0.14624740183353424,0.973346471786499,0.5763492584228516
YCR020C,YIL074C,0,1.626847,0.1462257206439972,0.973346471786499,0.5764493942260742
YDR320C,YGR116W,0,1.623996,0.14620403945446014,0.973346471786499,0.5765495300292969
YDR503C,YDR252W,0,1.6237105,0.1461823582649231,0.973346471786499,0.5766496658325195
YDR341C,YLL011W,0,1.6226857,0.14616069197654724,0.973346471786499,0.5767498016357422
YIL070C,YHR010W,0,1.6219081,0.1461390256881714,0.973346471786499,0.5768498778343201
YCR081W,YEL021W,0,1.6209427,0.14611737430095673,0.973346471786499,0.5769500136375427
YNL162W,YPL068C,0,1.6193216,0.14609572291374207,0.973346471786499,0.5770501494407654
YGL119W,YMR165C,0,1.6182286,0.1460740715265274,0.973346471786499,0.577150285243988
YCR039C,YNL289W,0,1.6181817,0.14605243504047394,0.973346471786499,0.5772504210472107
YDR219C,YLR127C,0,1.6170408,0.14603079855442047,0.973346471786499,0.5773505568504333
YLR396C,YBR231C,0,1.6169347,0.1460091769695282,0.973346471786499,0.577450692653656
YOL127W,YNR007C,0,1.6167626,0.14598757028579712,0.973346471786499,0.5775508284568787
YER048W-A,YLR403W,0,1.6165979,0.14596594870090485,0.973346471786499,0.5776509642601013
YPR137C-B,YAL044C,0,1.6161737,0.14594434201717377,0.973346471786499,0.577751100063324
YOR288C,YJL008C,0,1.6159246,0.14592275023460388,0.973346471786499,0.5778512358665466
YIL125W,YDR239C,0,1.6150901,0.145901158452034,0.973346471786499,0.5779513120651245
YPL017C,YLL050C,0,1.6149733,0.1458795666694641,0.973346471786499,0.5780514478683472
YIL111W,YOR240W,0,1.6145298,0.14585798978805542,0.973346471786499,0.5781515836715698
YEL065W,YGL178W,0,1.6135288,0.14583641290664673,0.973346471786499,0.5782517194747925
YJR110W,YML070W,0,1.6125456,0.14581485092639923,0.973346471786499,0.5783518552780151
YOR069W,YNL115C,0,1.6125138,0.14579328894615173,0.973346471786499,0.5784519910812378
YER056C-A,YNR070W,0,1.6124824,0.14577172696590424,0.973346471786499,0.5785521268844604
YMR023C,YDR436W,0,1.6114259,0.14575017988681793,0.973346471786499,0.5786522626876831
YGR223C,YGR027W-B,0,1.6107538,0.14572864770889282,0.973346471786499,0.5787523984909058
YOR265W,YER091C,0,1.6107047,0.14570710062980652,0.973346471786499,0.5788525342941284
YMR235C,YMR006C,0,1.6106431,0.1456855833530426,0.973346471786499,0.5789526104927063
YFR032C-A,YAL043C,0,1.6098409,0.1456640511751175,0.973346471786499,0.579052746295929
YBL101W-A,YBR040W,0,1.6098261,0.14564253389835358,0.973346471786499,0.5791528820991516
YDR034C-C,YDR330W,0,1.6096584,0.14562103152275085,0.973346471786499,0.5792530179023743
YBL093C,YPL281C,0,1.6088712,0.14559952914714813,0.973346471786499,0.5793531537055969
YOR037W,YBR213W,0,1.6079488,0.1455780267715454,0.973346471786499,0.5794532895088196
YKL135C,YJL072C,0,1.6077945,0.14555653929710388,0.973346471786499,0.5795534253120422
YAL010C,YHR092C,0,1.6077414,0.14553505182266235,0.973346471786499,0.5796535611152649
YDR440W,YLR399C,1,1.6076019,0.1456611603498459,0.974333643913269,0.5796535611152649
YCR094W,YOL056W,0,1.606955,0.14563965797424316,0.974333643913269,0.5797536969184875
YAR019C,YLR306W,0,1.6067064,0.14561817049980164,0.974333643913269,0.5798538327217102
YLR188W,YDL130W,0,1.6065694,0.1455966979265213,0.974333643913269,0.5799539685249329
YML094W,YLR246W,0,1.6061262,0.14557522535324097,0.974333643913269,0.5800540447235107
YGL135W,YJL164C,0,1.6055436,0.14555375277996063,0.974333643913269,0.5801541805267334
YEL054C,YNL061W,0,1.6054038,0.1455322951078415,0.974333643913269,0.580254316329956
YER140W,YGR220C,0,1.6052532,0.14551083743572235,0.974333643913269,0.5803544521331787
YMR290C,YMR256C,0,1.6051303,0.1454893797636032,0.974333643913269,0.5804545879364014
YOL133W,YPL090C,0,1.6041918,0.14546793699264526,0.974333643913269,0.580554723739624
YGR029W,YCR072C,0,1.6033607,0.1454465091228485,0.974333643913269,0.5806548595428467
YLR204W,YNL149C,0,1.6026464,0.14542508125305176,0.974333643913269,0.5807549953460693
YDR270W,YER053C,0,1.6025091,0.145403653383255,0.974333643913269,0.580855131149292
YPR049C,YOL019W,0,1.6022043,0.14538224041461945,0.974333643913269,0.5809552669525146
YPR016C,YNL135C,0,1.6021154,0.1453608274459839,0.974333643913269,0.5810553431510925
YIR036C,YHL047C,0,1.6020286,0.14533941447734833,0.974333643913269,0.5811554789543152
YGL161C,YLR035C-A,0,1.6014967,0.14531801640987396,0.974333643913269,0.5812556147575378
YCL057C-A,YDR483W,0,1.6000049,0.1452966332435608,0.974333643913269,0.5813557505607605
YGL120C,YNL146W,0,1.5998074,0.14527525007724762,0.974333643913269,0.5814558863639832
YGR223C,YJR126C,0,1.5998058,0.14525386691093445,0.974333643913269,0.5815560221672058
YIR014W,YFL039C,0,1.599422,0.14523248374462128,0.974333643913269,0.5816561579704285
YBR097W,YLL022C,0,1.5986911,0.1452111154794693,0.974333643913269,0.5817562937736511
YML005W,YJR033C,0,1.5979123,0.14518976211547852,0.974333643913269,0.5818564295768738
YJR139C,YMR217W,0,1.5978594,0.14516840875148773,0.974333643913269,0.5819565653800964
YDL067C,YIL039W,0,1.5970962,0.14514705538749695,0.974333643913269,0.5820567011833191
YOR224C,YJR097W,0,1.5967212,0.14512571692466736,0.974333643913269,0.582156777381897
YHR089C,YJL062W-A,0,1.5964764,0.14510437846183777,0.974333643913269,0.5822569131851196
YJL164C,YAL058W,0,1.5961661,0.14508305490016937,0.974333643913269,0.5823570489883423
YGL173C,YBR240C,0,1.5958204,0.14506173133850098,0.974333643913269,0.5824571847915649
YJR098C,YAL044C,0,1.5946811,0.14504040777683258,0.974333643913269,0.5825573205947876
YNL086W,YDL082W,0,1.5941626,0.14501909911632538,0.974333643913269,0.5826574563980103
YJL219W,YBR299W,0,1.5936582,0.14499779045581818,0.974333643913269,0.5827575922012329
YKL004W,YCL059C,0,1.5935814,0.14497649669647217,0.974333643913269,0.5828577280044556
YJR110W,YER147C,0,1.593565,0.14495520293712616,0.974333643913269,0.5829578638076782
YDR316W-A,YFR008W,0,1.5928891,0.14493392407894135,0.974333643913269,0.5830579996109009
YKL179C,YEL058W,0,1.5922921,0.14491264522075653,0.974333643913269,0.5831580758094788
YMR128W,YIL026C,0,1.5910411,0.14489136636257172,0.974333643913269,0.5832582116127014
YKR058W,YIR017C,0,1.5907956,0.1448701024055481,0.974333643913269,0.5833583474159241
YBL078C,YPL157W,0,1.590278,0.14484883844852448,0.974333643913269,0.5834584832191467
YCR020C,YBR009C,0,1.5891398,0.14482758939266205,0.974333643913269,0.5835586190223694
YDR503C,YHR036W,0,1.5887382,0.14480634033679962,0.974333643913269,0.583658754825592
YOL156W,YBR058C,0,1.5885668,0.1447850912809372,0.974333643913269,0.5837588906288147
YDL229W,YOR373W,0,1.588242,0.14476385712623596,0.974333643913269,0.5838590264320374
YJR066W,YEL013W,0,1.5875514,0.14474263787269592,0.974333643913269,0.58395916223526
YGR026W,YAR019C,0,1.5871372,0.1447214037179947,0.974333643913269,0.5840592980384827
YLR419W,YOR014W,0,1.5870856,0.14470018446445465,0.974333643913269,0.5841594338417053
YCL069W,YIL171W,0,1.5856802,0.1446789801120758,0.974333643913269,0.5842595100402832
YJR060W,YDR103W,0,1.5854471,0.14465777575969696,0.974333643913269,0.5843596458435059
YER140W,YJL041W,0,1.5851982,0.14463657140731812,0.974333643913269,0.5844597816467285
YOR120W,YBL037W,0,1.5851758,0.14461538195610046,0.974333643913269,0.5845599174499512
YKL088W,YMR128W,0,1.5848949,0.1445941925048828,0.974333643913269,0.5846600532531738
YNL242W,YHL032C,0,1.584174,0.14457301795482635,0.974333643913269,0.5847601890563965
YBR024W,YKR050W,0,1.5834455,0.1445518434047699,0.974333643913269,0.5848603248596191
YDR210W-B,YOR067C,0,1.583128,0.14453068375587463,0.974333643913269,0.5849604606628418
YPL106C,YEL021W,0,1.5829523,0.14450952410697937,0.974333643913269,0.5850605964660645
YNR045W,YKR030W,0,1.5829034,0.1444883644580841,0.974333643913269,0.5851607322692871
YJR110W,YNL210W,0,1.5828704,0.14446721971035004,0.974333643913269,0.5852608680725098
YOR373W,YDR034C-C,0,1.5828311,0.14444607496261597,0.974333643913269,0.5853609442710876
YDR487C,YJR089W,0,1.5824914,0.1444249302148819,0.974333643913269,0.5854610800743103
YGR029W,YLR186W,0,1.5823693,0.14440380036830902,0.974333643913269,0.585561215877533
YFR005C,YDR044W,0,1.5822649,0.14438268542289734,0.974333643913269,0.5856613516807556
YMR233W,YDR055W,0,1.5820175,0.14436155557632446,0.974333643913269,0.5857614874839783
YDR379W,YOR265W,0,1.5820125,0.14434045553207397,0.974333643913269,0.5858616232872009
YOR384W,YNL039W,0,1.5818385,0.1443193405866623,0.974333643913269,0.5859617590904236
YDL137W,YIL111W,0,1.5817149,0.1442982405424118,0.974333643913269,0.5860618948936462
YMR098C,YGL123W,0,1.5806272,0.1442771553993225,0.974333643913269,0.5861620306968689
YNL159C,YMR098C,0,1.5790682,0.14425607025623322,0.974333643913269,0.5862621665000916
YBL075C,YGR154C,0,1.5772223,0.14423498511314392,0.974333643913269,0.5863622426986694
YEL015W,YLR237W,0,1.5765791,0.14421391487121582,0.974333643913269,0.5864623785018921
YER070W,YDR380W,0,1.5761645,0.14419284462928772,0.974333643913269,0.5865625143051147
YMR130W,YIL111W,0,1.5761356,0.14417177438735962,0.974333643913269,0.5866626501083374
YMR166C,YDR270W,0,1.5756743,0.1441507190465927,0.974333643913269,0.5867627859115601
YIL093C,YAL021C,0,1.5756158,0.144129678606987,0.974333643913269,0.5868629217147827
YLR126C,YKL195W,0,1.5753119,0.1441086232662201,0.974333643913269,0.5869630575180054
YLR106C,YKL056C,0,1.5742159,0.14408759772777557,0.974333643913269,0.587063193321228
YGR054W,YPL204W,0,1.5741415,0.14406655728816986,0.974333643913269,0.5871633291244507
YDL184C,YLR265C,0,1.5736511,0.14404553174972534,0.974333643913269,0.5872634649276733
YML095C,YDR320C,0,1.5733563,0.14402452111244202,0.974333643913269,0.587363600730896
YHR067W,YGR223C,0,1.5730219,0.1440034955739975,0.974333643913269,0.5874636769294739
YJL062W-A,YKL108W,0,1.5724845,0.14398249983787537,0.974333643913269,0.5875638127326965
YDL065C,YAL044C,0,1.5721655,0.14396148920059204,0.974333643913269,0.5876639485359192
YDL210W,YJL156C,0,1.5717549,0.1439404934644699,0.974333643913269,0.5877640843391418
YIL078W,YAL008W,0,1.5717182,0.14391951262950897,0.974333643913269,0.5878642201423645
YML048W,YGR135W,0,1.5706869,0.14389853179454803,0.974333643913269,0.5879643559455872
YJL080C,YCR075C,0,1.5701663,0.1438775509595871,0.974333643913269,0.5880644917488098
YPL144W,YPL204W,0,1.5696844,0.14385658502578735,0.974333643913269,0.5881646275520325
YDR342C,YDR421W,0,1.5695801,0.1438356190919876,0.974333643913269,0.5882647633552551
YJL052W,YOL140W,0,1.5695453,0.14381465315818787,0.974333643913269,0.5883648991584778
YJR104C,YDR077W,0,1.5693005,0.14379370212554932,0.974333643913269,0.5884649753570557
YML129C,YFL044C,0,1.5690854,0.14377276599407196,0.974333643913269,0.5885651111602783
YAR019C,YDR158W,0,1.568333,0.1437518149614334,0.974333643913269,0.588665246963501
YPL186C,YPR032W,0,1.5682666,0.14373089373111725,0.974333643913269,0.5887653827667236
YPR098C,YGR194C,0,1.5681584,0.1437099575996399,0.974333643913269,0.5888655185699463
YDR320C-A,YMR256C,0,1.5673499,0.14368903636932373,0.974333643913269,0.588965654373169
YOR037W,YDR248C,0,1.5654643,0.14366811513900757,0.974333643913269,0.5890657901763916
YDR032C,YJR089W,0,1.5654348,0.1436472088098526,0.974333643913269,0.5891659259796143
YOR037W,YER045C,0,1.5647974,0.14362630248069763,0.974333643913269,0.5892660617828369
YOR046C,YOR063W,0,1.5644859,0.14360541105270386,0.974333643913269,0.5893661975860596
YER148W,YKL109W,0,1.5644015,0.14358451962471008,0.974333643913269,0.5894663333892822
YOR265W,YMR306W,0,1.5640028,0.1435636430978775,0.974333643913269,0.5895664095878601
YGL161C,YOR192C-A,0,1.5638646,0.14354275166988373,0.974333643913269,0.5896665453910828
YNL308C,YLR433C,0,1.5636516,0.14352189004421234,0.974333643913269,0.5897666811943054
YML094W,YDR166C,0,1.5634861,0.14350101351737976,0.974333643913269,0.5898668169975281
YER091C,YNL012W,0,1.5628856,0.14348015189170837,0.974333643913269,0.5899669528007507
YKL059C,YDR297W,0,1.5623095,0.14345930516719818,0.974333643913269,0.5900670886039734
YDR320C-A,YDL108W,0,1.5620382,0.143438458442688,0.974333643913269,0.590167224407196
YFR003C,YOR039W,0,1.5617212,0.1434176117181778,0.974333643913269,0.5902673602104187
YFR015C,YPR047W,0,1.5613654,0.1433967798948288,0.974333643913269,0.5903674960136414
YLR096W,YLL011W,0,1.5605052,0.1433759480714798,0.974333643913269,0.590467631816864
YDR126W,YPL031C,0,1.5601513,0.1433551162481308,0.974333643913269,0.5905677676200867
YJR098C,YER120W,0,1.5595634,0.143334299325943,0.974333643913269,0.5906678438186646
YDL190C,YER120W,0,1.5592754,0.1433134824037552,0.974333643913269,0.5907679796218872
YKL154W,YER012W,0,1.5581275,0.14329268038272858,0.974333643913269,0.5908681154251099
YGR062C,YDL130W-A,0,1.5579658,0.14327187836170197,0.974333643913269,0.5909682512283325
YER025W,YER088C,0,1.5577445,0.14325109124183655,0.974333643913269,0.5910683870315552
YHR215W,YAL013W,0,1.5572383,0.14323030412197113,0.974333643913269,0.5911685228347778
YDR320C-A,YDR117C,0,1.5567298,0.1432095170021057,0.974333643913269,0.5912686586380005
YDR236C,YOR039W,0,1.5565275,0.1431887447834015,0.974333643913269,0.5913687944412231
YOR233W,YNL339C,0,1.5559235,0.14316797256469727,0.974333643913269,0.5914689302444458
YAL010C,YMR292W,0,1.555727,0.14314721524715424,0.974333643913269,0.5915690660476685
YOR391C,YOR092W,0,1.5556753,0.14312644302845,0.974333643913269,0.5916691422462463
YBR205W,YNL115C,0,1.555351,0.14310570061206818,0.974333643913269,0.591769278049469
YGR263C,YOR240W,0,1.5553331,0.14308495819568634,0.974333643913269,0.5918694138526917
YMR036C,YOR343W-A,0,1.5549653,0.1430642157793045,0.974333643913269,0.5919695496559143
YMR235C,YKL116C,0,1.55475,0.14304347336292267,0.974333643913269,0.592069685459137
YMR256C,YBL057C,0,1.5547111,0.14302274584770203,0.974333643913269,0.5921698212623596
YGL191W,YDR322W,0,1.5543191,0.14300203323364258,0.974333643913269,0.5922699570655823
YBR024W,YDR443C,0,1.5529251,0.14298130571842194,0.974333643913269,0.5923700928688049
YNL292W,YBR214W,0,1.5523617,0.14296060800552368,0.974333643913269,0.5924702286720276
YOR278W,YOR288C,0,1.5522037,0.14293989539146423,0.974333643913269,0.5925703644752502
YOL157C,YDR483W,0,1.551201,0.14291919767856598,0.974333643913269,0.5926705002784729
YPL258C,YDR169C,0,1.5510799,0.14289851486682892,0.974333643913269,0.5927705764770508
YOR192C-B,YPR166C,0,1.550498,0.14287781715393066,0.974333643913269,0.5928707122802734
YMR307W,YBL054W,0,1.5501595,0.1428571492433548,0.974333643913269,0.5929708480834961
YBR159W,YMR163C,0,1.5493858,0.14283646643161774,0.974333643913269,0.5930709838867188
YBR092C,YDL030W,0,1.5478841,0.14281579852104187,0.974333643913269,0.5931711196899414
YDR239C,YPR184W,0,1.547551,0.1427951455116272,0.974333643913269,0.5932712554931641
YIL070C,YML095C,0,1.5468738,0.14277447760105133,0.974333643913269,0.5933713912963867
YER048W-A,YDR014W,0,1.5453379,0.14275383949279785,0.974333643913269,0.5934715270996094
YDR242W,YPL089C,0,1.5453168,0.14273318648338318,0.974333643913269,0.593571662902832
YLR158C,YDR330W,0,1.5450934,0.1427125483751297,0.974333643913269,0.5936717987060547
YOL157C,YAL012W,0,1.5447674,0.14269192516803741,0.974333643913269,0.5937718749046326
YAR019C,YOR290C,0,1.5447245,0.14267128705978394,0.974333643913269,0.5938720107078552
YER174C,YGR086C,0,1.544265,0.14265067875385284,0.974333643913269,0.5939721465110779
YBR001C,YER184C,0,1.5440099,0.14263005554676056,0.974333643913269,0.5940722823143005
YJR009C,YEL002C,0,1.5433815,0.14260944724082947,0.974333643913269,0.5941724181175232
YDR069C,YML087C,0,1.5432897,0.14258885383605957,0.974333643913269,0.5942725539207458
YBR122C,YER106W,0,1.5432656,0.14256824553012848,0.974333643913269,0.5943726897239685
YOR143C,YOR075W,0,1.5413158,0.14254766702651978,0.974333643913269,0.5944728255271912
YKL183W,YDR313C,0,1.5392654,0.14252707362174988,0.974333643913269,0.5945729613304138
YMR139W,YDL109C,0,1.5390255,0.14250649511814117,0.974333643913269,0.5946730971336365
YJR013W,YIL004C,0,1.5389462,0.14248593151569366,0.974333643913269,0.5947732329368591
YGR295C,YCR075C,0,1.5387852,0.14246535301208496,0.974333643913269,0.594873309135437
YJL019W,YDR120C,0,1.5387357,0.14244480431079865,0.974333643913269,0.5949734449386597
YPL091W,YPL206C,0,1.5382118,0.14242424070835114,0.974333643913269,0.5950735807418823
YJR139C,YGR124W,0,1.5378466,0.14240369200706482,0.974333643913269,0.595173716545105
YDR261W-B,YBR231C,0,1.537528,0.1423831433057785,0.974333643913269,0.5952738523483276
YAR015W,YDL007W,0,1.5374148,0.14236260950565338,0.974333643913269,0.5953739881515503
YKL154W,YLR446W,0,1.5371903,0.14234207570552826,0.974333643913269,0.595474123954773
YDR320C-A,YMR004W,0,1.53707,0.14232155680656433,0.974333643913269,0.5955742597579956
YLR318W,YPL257W-A,0,1.5369184,0.1423010379076004,0.974333643913269,0.5956743955612183
YDR121W,YOR240W,0,1.5361781,0.14228051900863647,0.974333643913269,0.5957745313644409
YIL109C,YOR181W,0,1.5361781,0.14226001501083374,0.974333643913269,0.5958746075630188
YKR038C,YDR298C,0,1.535066,0.142239511013031,0.974333643913269,0.5959747433662415
YHL032C,YDR322W,0,1.5336276,0.14221902191638947,0.974333643913269,0.5960748791694641
YJL170C,YOR057W,0,1.5335577,0.14219853281974792,0.974333643913269,0.5961750149726868
YPR137C-B,YGL251C,0,1.5333503,0.14217804372310638,0.974333643913269,0.5962751507759094
YDR069C,YJL121C,0,1.5321877,0.14215756952762604,0.974333643913269,0.5963752865791321
YML018C,YBR166C,0,1.531884,0.1421370953321457,0.974333643913269,0.5964754223823547
YMR297W,YAL053W,0,1.5318532,0.14211663603782654,0.974333643913269,0.5965755581855774
YNL331C,YBL064C,0,1.5317333,0.14209617674350739,0.974333643913269,0.5966756939888
YML094W,YJR134C,0,1.5313352,0.14207571744918823,0.974333643913269,0.5967758297920227
YMR281W,YMR221C,0,1.5310543,0.14205527305603027,0.974333643913269,0.5968759655952454
YBL106C,YMR023C,0,1.5295879,0.14203482866287231,0.974333643913269,0.5969760417938232
YML015C,YJR045C,0,1.5295053,0.14201438426971436,0.974333643913269,0.5970761775970459
YJR001W,YPR070W,0,1.5283986,0.1419939547777176,0.974333643913269,0.5971763134002686
YDR320C-A,YEL017C-A,0,1.5272131,0.14197354018688202,0.974333643913269,0.5972764492034912
YHR134W,YNL136W,1,1.5271096,0.14209693670272827,0.9753208160400391,0.5972764492034912
YCR096C,YGL040C,0,1.526821,0.1420765072107315,0.9753208160400391,0.5973765850067139
YNR027W,YDL080C,0,1.5268085,0.14205607771873474,0.9753208160400391,0.5974767208099365
YJR158W,YDL019C,0,1.526716,0.14203564822673798,0.9753208160400391,0.5975768566131592
YBR036C,YDR320C-A,0,1.5265461,0.1420152336359024,0.9753208160400391,0.5976769924163818
YDR312W,YNL301C,0,1.5261941,0.14199481904506683,0.9753208160400391,0.5977771282196045
YDR069C,YNL339C,0,1.5238891,0.14197441935539246,0.9753208160400391,0.5978772640228271
YMR316W,YPR054W,0,1.5234109,0.14195401966571808,0.9753208160400391,0.5979773998260498
YGL119W,YDR224C,0,1.5233558,0.1419336348772049,0.9753208160400391,0.5980774760246277
YDR318W,YKL198C,0,1.5231345,0.1419132500886917,0.9753208160400391,0.5981776118278503
YDR299W,YBL088C,0,1.5228205,0.14189286530017853,0.9753208160400391,0.598277747631073
YJL219W,YJR065C,0,1.5226073,0.14187248051166534,0.9753208160400391,0.5983778834342957
YHR206W,YDR531W,0,1.5215144,0.14185211062431335,0.9753208160400391,0.5984780192375183
YLR381W,YDL180W,0,1.5212485,0.14183175563812256,0.9753208160400391,0.598578155040741
YKL017C,YJL189W,0,1.5207822,0.14181140065193176,0.9753208160400391,0.5986782908439636
YHR184W,YLR014C,0,1.5205775,0.14179104566574097,0.9753208160400391,0.5987784266471863
YKR038C,YAL021C,0,1.5199679,0.14177070558071136,0.9753208160400391,0.5988785624504089
YDL231C,YMR012W,0,1.5197865,0.14175036549568176,0.9753208160400391,0.5989786982536316
YNL242W,YDR318W,0,1.5196909,0.14173002541065216,0.9753208160400391,0.5990787744522095
YLR419W,YLR040C,0,1.5183599,0.14170970022678375,0.9753208160400391,0.5991789102554321
YER148W,YJL190C,0,1.5181892,0.14168937504291534,0.9753208160400391,0.5992790460586548
YPR063C,YML015C,0,1.5180418,0.14166904985904694,0.9753208160400391,0.5993791818618774
YGR002C,YDR158W,0,1.5180213,0.14164873957633972,0.9753208160400391,0.5994793176651001
YDR117C,YOR326W,0,1.5179191,0.1416284441947937,0.9753208160400391,0.5995794534683228
YER086W,YER164W,0,1.517653,0.1416081339120865,0.9753208160400391,0.5996795892715454
YPR048W,YBR084W,0,1.5139104,0.14158785343170166,0.9753208160400391,0.5997797250747681
YDL114W,YLR439W,0,1.5132082,0.14156755805015564,0.9753208160400391,0.5998798608779907
YGL039W,YGL141W,0,1.5124981,0.1415472775697708,0.9753208160400391,0.5999799966812134
YHL036W,YDR487C,0,1.511724,0.141526997089386,0.9753208160400391,0.600080132484436
YOR369C,YOL125W,0,1.5116482,0.14150673151016235,0.9753208160400391,0.6001802086830139
YEL013W,YMR026C,0,1.5114651,0.14148646593093872,0.9753208160400391,0.6002803444862366
YDR074W,YIL051C,0,1.511383,0.14146621525287628,0.9753208160400391,0.6003804802894592
YNR050C,YDR231C,0,1.5110736,0.14144594967365265,0.9753208160400391,0.6004806160926819
YDR425W,YHR039C-B,0,1.5107396,0.1414257138967514,0.9753208160400391,0.6005807518959045
YIL160C,YIL112W,0,1.5104189,0.14140546321868896,0.9753208160400391,0.6006808876991272
YDL095W,YGR272C,0,1.5101922,0.14138522744178772,0.9753208160400391,0.6007810235023499
YMR088C,YDL108W,0,1.5100644,0.14136500656604767,0.9753208160400391,0.6008811593055725
YBL030C,YKR097W,0,1.5099984,0.14134478569030762,0.9753208160400391,0.6009812951087952
YLR142W,YLR045C,0,1.5097475,0.14132456481456757,0.9753208160400391,0.6010814309120178
YOR167C,YBL024W,0,1.5094817,0.14130434393882751,0.9753208160400391,0.6011815071105957
YJR098C,YML009C,0,1.5068742,0.14128413796424866,0.9753208160400391,0.6012816429138184
YMR171C,YIL093C,0,1.5064795,0.141263946890831,0.9753208160400391,0.601381778717041
YJR144W,YOR217W,1,1.5056536,0.1413867026567459,0.9763079881668091,0.601381778717041
YOR356W,YDR261W-B,0,1.5052829,0.14136649668216705,0.9763079881668091,0.6014819145202637
YDL051W,YOL123W,0,1.5050962,0.1413462907075882,0.9763079881668091,0.6015820503234863
YHL040C,YDL185W,0,1.5048971,0.14132609963417053,0.9763079881668091,0.601682186126709
YDR501W,YLR099C,0,1.5044657,0.14130589365959167,0.9763079881668091,0.6017823219299316
YLR238W,YDR379W,0,1.5044352,0.1412857174873352,0.9763079881668091,0.6018824577331543
YLR126C,YOR150W,0,1.5042567,0.14126552641391754,0.9763079881668091,0.601982593536377
YBL017C,YER148W,0,1.5039792,0.14124536514282227,0.9763079881668091,0.6020827293395996
YDR261W-B,YHL016C,0,1.5039274,0.1412251889705658,0.9763079881668091,0.6021828651428223
YJR075W,YNL213C,0,1.5032113,0.14120502769947052,0.9763079881668091,0.6022829413414001
YPL206C,YPR122W,0,1.5029773,0.14118486642837524,0.9763079881668091,0.6023830771446228
YJL044C,YGR154C,0,1.5023962,0.14116472005844116,0.9763079881668091,0.6024832129478455
YDR342C,YDR247W,0,1.500783,0.14114457368850708,0.9763079881668091,0.6025833487510681
YDL019C,YBR166C,0,1.50067,0.141124427318573,0.9763079881668091,0.6026834845542908
YAR019C,YDR003W,0,1.5003425,0.1411042958498001,0.9763079881668091,0.6027836203575134
YPR108W,YAL044C,0,1.5001922,0.14108416438102722,0.9763079881668091,0.6028837561607361
YFR003C,YMR184W,0,1.4994292,0.14106404781341553,0.9763079881668091,0.6029838919639587
YJR110W,YHL019C,0,1.4993525,0.14104393124580383,0.9763079881668091,0.6030840277671814
YNL331C,YOR343W-A,0,1.4987042,0.14102381467819214,0.9763079881668091,0.603184163570404
YBL106C,YNL158W,0,1.4986686,0.14100371301174164,0.9763079881668091,0.6032842397689819
YHR160C,YLR048W,0,1.4977157,0.14098361134529114,0.9763079881668091,0.6033843755722046
YJL125C,YLL001W,0,1.4968505,0.14096350967884064,0.9763079881668091,0.6034845113754272
YPL271W,YDR356W,0,1.4967071,0.14094342291355133,0.9763079881668091,0.6035846471786499
YDR121W,YDL180W,0,1.4952979,0.14092333614826202,0.9763079881668091,0.6036847829818726
YPL257W-A,YOR067C,0,1.4951547,0.1409032642841339,0.9763079881668091,0.6037849187850952
YLR450W,YDR534C,0,1.4949889,0.1408831924200058,0.9763079881668091,0.6038850545883179
YDL138W,YOR343W-A,0,1.493968,0.14086312055587769,0.9763079881668091,0.6039851903915405
YDR486C,YDR169C,0,1.4932971,0.14084306359291077,0.9763079881668091,0.6040853261947632
YDR479C,YGR286C,0,1.4930673,0.14082300662994385,0.9763079881668091,0.6041854619979858
YGL191W,YLR433C,0,1.4929967,0.14080296456813812,0.9763079881668091,0.6042855978012085
YDR320C-A,YDR487C,0,1.4928031,0.1407829225063324,0.9763079881668091,0.6043856739997864
YMR166C,YER148W,0,1.4926906,0.14076288044452667,0.9763079881668091,0.604485809803009
YFL036W,YGR002C,0,1.4926891,0.14074285328388214,0.9763079881668091,0.6045859456062317
YFR041C,YDR320C-A,0,1.4920515,0.1407228261232376,0.9763079881668091,0.6046860814094543
YPR028W,YDR362C,0,1.4913824,0.14070279896259308,0.9763079881668091,0.604786217212677
YBR240C,YPR158C-D,0,1.4913759,0.14068278670310974,0.9763079881668091,0.6048863530158997
YFL044C,YKL024C,0,1.4913524,0.1406627744436264,0.9763079881668091,0.6049864888191223
YKL143W,YOR242C,0,1.4907218,0.14064277708530426,0.9763079881668091,0.605086624622345
YPR047W,YDR393W,0,1.4893591,0.14062277972698212,0.9763079881668091,0.6051867604255676
YKL173W,YGL229C,0,1.4886221,0.14060278236865997,0.9763079881668091,0.6052868962287903
YMR198W,YER044C,0,1.4884022,0.14058279991149902,0.9763079881668091,0.6053870320320129
YGL253W,YDR003W,0,1.4870815,0.14056281745433807,0.9763079881668091,0.6054871082305908
YEL065W,YPR081C,0,1.4869646,0.14054284989833832,0.9763079881668091,0.6055872440338135
YAL020C,YOR070C,0,1.4847885,0.14052288234233856,0.9763079881668091,0.6056873798370361
YDR210W-B,YER045C,0,1.4847537,0.1405029147863388,0.9763079881668091,0.6057875156402588
YDR107C,YML124C,0,1.4847487,0.14048294723033905,0.9763079881668091,0.6058876514434814
YLR238W,YLR120C,0,1.4833331,0.14046300947666168,0.9763079881668091,0.6059877872467041
YLR459W,YNL149C,0,1.4827269,0.14044305682182312,0.9763079881668091,0.6060879230499268
YAL043C,YPR108W,0,1.4826726,0.14042311906814575,0.9763079881668091,0.6061880588531494
YER106W,YFR007W,0,1.4823512,0.14040318131446838,0.9763079881668091,0.6062881946563721
YNL146W,YFR008W,0,1.4813572,0.14038324356079102,0.9763079881668091,0.6063883304595947
YLL062C,YHR052W,0,1.4798437,0.14036332070827484,0.9763079881668091,0.6064884066581726
YER131W,YIL145C,0,1.4788196,0.14034341275691986,0.9763079881668091,0.6065885424613953
YNL280C,YLR048W,0,1.4787709,0.1403234899044037,0.9763079881668091,0.6066886782646179
YDL033C,YOL002C,0,1.478563,0.1403035819530487,0.9763079881668091,0.6067888140678406
YOL064C,YOR070C,0,1.478382,0.14028368890285492,0.9763079881668091,0.6068889498710632
YML104C,YPR042C,0,1.4783708,0.14026379585266113,0.9763079881668091,0.6069890856742859
YKR062W,YIR023W,0,1.4765265,0.14024390280246735,0.9763079881668091,0.6070892214775085
YOR047C,YER120W,0,1.4759083,0.14022402465343475,0.9763079881668091,0.6071893572807312
YBR205W,YLR276C,0,1.4756856,0.14020414650440216,0.9763079881668091,0.6072894930839539
YJL143W,YBL021C,0,1.4756339,0.14018426835536957,0.9763079881668091,0.6073896288871765
YEL059C-A,YDL130W-A,0,1.4754105,0.14016440510749817,0.9763079881668091,0.6074897646903992
YDR297W,YLR045C,0,1.47453,0.14014454185962677,0.9763079881668091,0.607589840888977
YGR027W-B,YHR052W,0,1.473973,0.14012467861175537,0.9763079881668091,0.6076899766921997
YGR035C,YNR022C,0,1.4734344,0.14010483026504517,0.9763079881668091,0.6077901124954224
YKL212W,YMR122W-A,0,1.4728113,0.14008498191833496,0.9763079881668091,0.607890248298645
YAL008W,YHL004W,0,1.4723761,0.14006514847278595,0.9763079881668091,0.6079903841018677
YIL109C,YOL019W,0,1.4722446,0.14004531502723694,0.9763079881668091,0.6080905199050903
YDR320C-A,YBL090W,0,1.4720976,0.14002548158168793,0.9763079881668091,0.608190655708313
YGR035C,YGR001C,0,1.4717517,0.1400056630373001,0.9763079881668091,0.6082907915115356
YOR389W,YGL227W,0,1.4713962,0.1399858444929123,0.9763079881668091,0.6083909273147583
YDR322W,YDR014W,0,1.4710286,0.13996604084968567,0.9763079881668091,0.608491063117981
YIL078W,YKL164C,0,1.4706737,0.13994622230529785,0.9763079881668091,0.6085911393165588
YMR307W,YAR010C,0,1.470198,0.13992643356323242,0.9763079881668091,0.6086912751197815
YHL009W-B,YPR186C,0,1.4701043,0.1399066299200058,0.9763079881668091,0.6087914109230042
YOR039W,YNL339C,0,1.4694611,0.13988684117794037,0.9763079881668091,0.6088915467262268
YOR047C,YBL093C,0,1.4694347,0.13986706733703613,0.9763079881668091,0.6089916825294495
YNR040W,YOR014W,0,1.4685943,0.1398472785949707,0.9763079881668091,0.6090918183326721
YMR122W-A,YGR001C,0,1.4683042,0.13982751965522766,0.9763079881668091,0.6091919541358948
YNL280C,YDR320C-A,0,1.4680818,0.13980774581432343,0.9763079881668091,0.6092920899391174
YMR247C,YPL019C,0,1.4669585,0.13978798687458038,0.9763079881668091,0.6093922257423401
YJL190C,YHR010W,0,1.4669406,0.13976822793483734,0.9763079881668091,0.6094923615455627
YHR067W,YGL191W,0,1.4666668,0.1397484838962555,0.9763079881668091,0.6095924973487854
YDR388W,YFL041W,0,1.4666345,0.13972873985767365,0.9763079881668091,0.6096925735473633
YGR162W,YGL031C,0,1.4658904,0.1397089958190918,0.9763079881668091,0.6097927093505859
YPR098C,YDR166C,0,1.4658633,0.13968926668167114,0.9763079881668091,0.6098928451538086
YMR281W,YHR044C,0,1.4658555,0.1396695375442505,0.9763079881668091,0.6099929809570312
YHR076W,YMR287C,0,1.4652656,0.13964982330799103,0.9763079881668091,0.6100931167602539
YGL211W,YPR019W,0,1.4652468,0.13963009417057037,0.9763079881668091,0.6101932525634766
YFR005C,YCL057C-A,0,1.4651424,0.1396103948354721,0.9763079881668091,0.6102933883666992
YHR052W,YJR068W,0,1.4645814,0.13959068059921265,0.9763079881668091,0.6103935241699219
YFL029C,YJR135W-A,0,1.463521,0.13957098126411438,0.9763079881668091,0.6104936599731445
YPL214C,YBL101W-A,0,1.4631956,0.1395512968301773,0.9763079881668091,0.6105937957763672
YKL154W,YNR070W,0,1.4631501,0.13953159749507904,0.9763079881668091,0.6106939315795898
YCR081W,YDR069C,0,1.4630406,0.13951191306114197,0.9763079881668091,0.6107940077781677
YER140W,YCR004C,0,1.4627073,0.1394922435283661,0.9763079881668091,0.6108941435813904
YGL119W,YBR231C,0,1.4626746,0.1394725739955902,0.9763079881668091,0.610994279384613
YNL166C,YPR108W,0,1.4624904,0.13945290446281433,0.9763079881668091,0.6110944151878357
YCL027W,YGL059W,0,1.4623113,0.13943324983119965,0.9763079881668091,0.6111945509910583
YGR220C,YPR019W,0,1.4619311,0.13941359519958496,0.9763079881668091,0.611294686794281
YCR081W,YML037C,0,1.4618986,0.13939394056797028,0.9763079881668091,0.6113948225975037
YGR002C,YBR297W,0,1.4615483,0.13937430083751678,0.9763079881668091,0.6114949584007263
YCR010C,YLR403W,0,1.4608097,0.1393546611070633,0.9763079881668091,0.611595094203949
YLR008C,YOR066W,0,1.4604768,0.1393350213766098,0.9763079881668091,0.6116952300071716
YOR076C,YDL180W,0,1.4598731,0.1393153965473175,0.9763079881668091,0.6117953062057495
YDR182W,YPL204W,1,1.4598432,0.13943661749362946,0.9772951602935791,0.6117953062057495
YDR424C,YHR161C,0,1.4591256,0.13941697776317596,0.9772951602935791,0.6118954420089722
YOL138C,YLR438C-A,0,1.4590135,0.13939735293388367,0.9772951602935791,0.6119955778121948
YLR126C,YER112W,0,1.4589993,0.13937772810459137,0.9772951602935791,0.6120957136154175
YOR036W,YJL158C,0,1.458786,0.13935810327529907,0.9772951602935791,0.6121958494186401
YMR316W,YBL010C,0,1.4584407,0.13933849334716797,0.9772951602935791,0.6122959852218628
YLL062C,YCL055W,0,1.4582962,0.13931888341903687,0.9772951602935791,0.6123961210250854
YPL220W,YOL007C,0,1.4570833,0.13929928839206696,0.9772951602935791,0.6124962568283081
YKR104W,YML048W,0,1.4570072,0.13927967846393585,0.9772951602935791,0.6125963926315308
YML077W,YLR318W,0,1.456579,0.13926009833812714,0.9772951602935791,0.6126965284347534
YDR046C,YPL160W,0,1.4554374,0.13924050331115723,0.9772951602935791,0.6127966642379761
YDR283C,YBR175W,0,1.4550487,0.1392209231853485,0.9772951602935791,0.612896740436554
YMR088C,YLR014C,0,1.455017,0.1392013430595398,0.9772951602935791,0.6129968762397766
YGL120C,YPR178W,0,1.4549391,0.13918177783489227,0.9772951602935791,0.6130970120429993
YPL106C,YCR096C,0,1.4546654,0.13916221261024475,0.9772951602935791,0.6131971478462219
YML077W,YIL115C,0,1.4545405,0.13914266228675842,0.9772951602935791,0.6132972836494446
YAL021C,YIR009W,0,1.454389,0.1391230970621109,0.9772951602935791,0.6133974194526672
YKL218C,YHR081W,0,1.4539983,0.13910356163978577,0.9772951602935791,0.6134975552558899
YLR212C,YNR020C,0,1.4537824,0.13908401131629944,0.9772951602935791,0.6135976910591125
YDR210W-B,YDR483W,0,1.4527751,0.1390644758939743,0.9772951602935791,0.6136978268623352
YDR060W,YBR160W,0,1.4526219,0.13904494047164917,0.9772951602935791,0.6137979626655579
YOL138C,YDL051W,0,1.4526149,0.13902541995048523,0.9772951602935791,0.6138980388641357
YOR043W,YPL186C,0,1.452321,0.1390058994293213,0.9772951602935791,0.6139981746673584
YCR098C,YGR035C,0,1.4522845,0.13898637890815735,0.9772951602935791,0.614098310470581
YEL064C,YHR105W,0,1.4516728,0.1389668732881546,0.9772951602935791,0.6141984462738037
YNL206C,YOR240W,0,1.4506843,0.13894736766815186,0.9772951602935791,0.6142985820770264
YNL112W,YBL021C,0,1.4492953,0.1389278769493103,0.9772951602935791,0.614398717880249
YJR065C,YLR467W,0,1.4492446,0.13890837132930756,0.9772951602935791,0.6144988536834717
YKL100C,YNL213C,0,1.4490086,0.1388888955116272,0.9772951602935791,0.6145989894866943
YER133W,YKL056C,0,1.4481035,0.13886940479278564,0.9772951602935791,0.614699125289917
YHL044W,YNL054W-B,0,1.4477186,0.13884992897510529,0.9772951602935791,0.6147992610931396
YDR436W,YOR246C,0,1.44751,0.13883045315742493,0.9772951602935791,0.6148993968963623
YPR032W,YHR099W,0,1.4464171,0.13881099224090576,0.9772951602935791,0.6149994730949402
YJL046W,YDR210W-B,0,1.4450886,0.1387915313243866,0.9772951602935791,0.6150996088981628
YDR440W,YMR045C,0,1.4448168,0.13877207040786743,0.9772951602935791,0.6151997447013855
YDR536W,YDL190C,0,1.4444292,0.13875262439250946,0.9772951602935791,0.6152998805046082
YHR031C,YLR134W,0,1.4438503,0.1387331783771515,0.9772951602935791,0.6154000163078308
YCR066W,YJL127C,1,1.443829,0.13885386288166046,0.9782823324203491,0.6154000163078308
YAL010C,YOR127W,0,1.4430165,0.1388344019651413,0.9782823324203491,0.6155001521110535
YPL204W,YIR002C,1,1.442636,0.1389550417661667,0.9792695045471191,0.6155001521110535
YJL165C,YDR166C,0,1.4419425,0.13893558084964752,0.9792695045471191,0.6156002879142761
YOR181W,YLR134W,0,1.441744,0.13891611993312836,0.9792695045471191,0.6157004237174988
YPR137C-B,YGR162W,0,1.4411203,0.13889667391777039,0.9792695045471191,0.6158005595207214
YIL093C,YDR228C,0,1.4402206,0.13887722790241241,0.9792695045471191,0.6159006953239441
YBR205W,YML015C,0,1.4397067,0.13885778188705444,0.9792695045471191,0.616000771522522
YMR297W,YDL120W,0,1.4393362,0.13883835077285767,0.9792695045471191,0.6161009073257446
YLR214W,YBL057C,0,1.4388669,0.1388189196586609,0.9792695045471191,0.6162010431289673
YPR063C,YGR194C,0,1.4384801,0.1387995034456253,0.9792695045471191,0.6163011789321899
YOR265W,YFL044C,0,1.4384489,0.13878007233142853,0.9792695045471191,0.6164013147354126
YOR192C-B,YBR214W,0,1.4380231,0.13876067101955414,0.9792695045471191,0.6165014505386353
YDR316W-A,YGR200C,0,1.435915,0.13874125480651855,0.9792695045471191,0.6166015863418579
YOL117W,YPR047W,0,1.4351915,0.13872185349464417,0.9792695045471191,0.6167017221450806
YBR296C,YOR039W,0,1.4346848,0.13870246708393097,0.9792695045471191,0.6168018579483032
YIR014W,YNL136W,0,1.4339554,0.13868306577205658,0.9792695045471191,0.6169019937515259
YER087C-A,YPL269W,0,1.4338684,0.13866367936134338,0.9792695045471191,0.6170021295547485
YMR217W,YOR346W,0,1.432862,0.13864430785179138,0.9792695045471191,0.6171022057533264
YLR126C,YDR501W,0,1.4323317,0.13862493634223938,0.9792695045471191,0.6172023415565491
YDR456W,YKR058W,0,1.4309652,0.13860556483268738,0.9792695045471191,0.6173024773597717
YMR088C,YER030W,0,1.4304142,0.13858619332313538,0.9792695045471191,0.6174026131629944
YDR356W,YDL095W,0,1.4302137,0.13856683671474457,0.9792695045471191,0.617502748966217
YLR448W,YLR045C,0,1.4297334,0.13854748010635376,0.9792695045471191,0.6176028847694397
YML104C,YLR427W,0,1.4294515,0.13852813839912415,0.9792695045471191,0.6177030205726624
YMR287C,YLR120C,0,1.429037,0.13850879669189453,0.9792695045471191,0.617803156375885
YFL029C,YBR175W,0,1.4288658,0.13848945498466492,0.9792695045471191,0.6179032921791077
YMR257C,YDR334W,0,1.4286351,0.1384701281785965,0.9792695045471191,0.6180034279823303
YGL021W,YIL009C-A,0,1.4284519,0.13845080137252808,0.9792695045471191,0.618103563785553
YOR192C-A,YDR326C,0,1.4274511,0.13843147456645966,0.9792695045471191,0.6182036399841309
YDR532C,YOR396W,0,1.426413,0.13841216266155243,0.9792695045471191,0.6183037757873535
YLR204W,YBR050C,0,1.4261678,0.1383928507566452,0.9792695045471191,0.6184039115905762
YAR018C,YFL044C,0,1.4260519,0.13837355375289917,0.9792695045471191,0.6185040473937988
YDR387C,YFR007W,0,1.4260503,0.13835425674915314,0.9792695045471191,0.6186041831970215
YDR342C,YOR150W,0,1.4260266,0.1383349597454071,0.9792695045471191,0.6187043190002441
YPR063C,YJR155W,0,1.4246595,0.13831567764282227,0.9792695045471191,0.6188044548034668
YKL154W,YOR182C,0,1.4241533,0.13829639554023743,0.9792695045471191,0.6189045906066895
YDL019C,YKL183W,0,1.4236916,0.1382771134376526,0.9792695045471191,0.6190047264099121
YLR201C,YOR356W,0,1.4236768,0.13825784623622894,0.9792695045471191,0.6191048622131348
YDR261W-B,YDR483W,0,1.4236317,0.1382385790348053,0.9792695045471191,0.6192049384117126
YGL003C,YLR176C,0,1.4235283,0.13821931183338165,0.9792695045471191,0.6193050742149353
YGR188C,YCL057C-A,0,1.423085,0.1382000595331192,0.9792695045471191,0.619405210018158
YGR263C,YGR054W,0,1.422892,0.13818080723285675,0.9792695045471191,0.6195053458213806
YJR094W-A,YER147C,0,1.4215969,0.1381615549325943,0.9792695045471191,0.6196054816246033
YMR208W,YOR322C,0,1.4210978,0.13814231753349304,0.9792695045471191,0.6197056174278259
YMR150C,YPL092W,0,1.4208896,0.13812308013439178,0.9792695045471191,0.6198057532310486
YNL185C,YHL016C,0,1.4205894,0.13810385763645172,0.9792695045471191,0.6199058890342712
YJL143W,YLR237W,0,1.4205192,0.13808463513851166,0.9792695045471191,0.6200060248374939
YDL229W,YJR065C,0,1.4201883,0.1380654126405716,0.9792695045471191,0.6201061606407166
YFR037C,YCL057C-A,0,1.4199345,0.13804620504379272,0.9792695045471191,0.6202062964439392
YFR003C,YLR221C,0,1.4190216,0.13802699744701385,0.9792695045471191,0.6203063726425171
YGR194C,YPL202C,0,1.4186126,0.13800778985023499,0.9792695045471191,0.6204065084457397
YHR101C,YNL212W,0,1.4183648,0.1379885971546173,0.9792695045471191,0.6205066442489624
YHR143W,YIL078W,0,1.4178529,0.13796940445899963,0.9792695045471191,0.6206067800521851
YLR134W,YNL054W-B,0,1.4177396,0.13795021176338196,0.9792695045471191,0.6207069158554077
YGR279C,YKL024C,0,1.4174422,0.13793103396892548,0.9792695045471191,0.6208070516586304
YKR030W,YGR200C,0,1.4172306,0.137911856174469,0.9792695045471191,0.620907187461853
YKL004W,YOR174W,0,1.4171457,0.1378926932811737,0.9792695045471191,0.6210073232650757
YOL065C,YNL054W-B,0,1.4159853,0.13787353038787842,0.9792695045471191,0.6211074590682983
YLR370C,YPL092W,0,1.4157813,0.13785436749458313,0.9792695045471191,0.621207594871521
YDR170W-A,YLR035C-A,0,1.4149961,0.13783520460128784,0.9792695045471191,0.6213076710700989
YOR124C,YBR297W,0,1.4131103,0.13781605660915375,0.9792695045471191,0.6214078068733215
YPL144W,YLR014C,0,1.4128318,0.13779692351818085,0.9792695045471191,0.6215079426765442
YCR004C,YCL031C,0,1.4124587,0.13777777552604675,0.9792695045471191,0.6216080784797668
YNR027W,YOR374W,0,1.411846,0.13775864243507385,0.9792695045471191,0.6217082142829895
YMR289W,YHR140W,0,1.4107342,0.13773952424526215,0.9792695045471191,0.6218083500862122
YKL140W,YOR116C,0,1.4102943,0.13772039115428925,0.9792695045471191,0.6219084858894348
YOR143C,YBR030W,0,1.4102162,0.13770127296447754,0.9792695045471191,0.6220086216926575
YDR299W,YGR279C,0,1.4098781,0.13768216967582703,0.9792695045471191,0.6221087574958801
YER159C-A,YPR028W,0,1.4097093,0.13766305148601532,0.9792695045471191,0.6222088932991028
YMR307W,YLR371W,0,1.4090735,0.137643963098526,0.9792695045471191,0.6223090291023254
YBL064C,YGL059W,0,1.4088593,0.1376248598098755,0.9792695045471191,0.6224091053009033
YCR081W,YGR135W,0,1.4083061,0.13760577142238617,0.9792695045471191,0.622509241104126
YAR007C,YDR044W,0,1.4074596,0.13758668303489685,0.9792695045471191,0.6226093769073486
YDL229W,YLR438C-A,0,1.4065077,0.13756760954856873,0.9792695045471191,0.6227095127105713
YPL257W-A,YOL140W,0,1.4053221,0.1375485360622406,0.9792695045471191,0.622809648513794
YHR046C,YKL116C,0,1.4041872,0.13752946257591248,0.9792695045471191,0.6229097843170166
YOR151C,YML113W,0,1.4032861,0.13751038908958435,0.9792695045471191,0.6230099201202393
YJR135C,YNL115C,0,1.402642,0.13749133050441742,0.9792695045471191,0.6231100559234619
YML027W,YOR201C,0,1.4020256,0.13747228682041168,0.9792695045471191,0.6232101917266846
YOR192C-A,YBL069W,0,1.4015843,0.13745322823524475,0.9792695045471191,0.6233103275299072
YLR078C,YNR047W,0,1.4012747,0.1374341994524002,0.9792695045471191,0.6234104633331299
YDL138W,YHR215W,0,1.4010923,0.13741515576839447,0.9792695045471191,0.6235105395317078
YER126C,YFL039C,0,1.400933,0.13739612698554993,0.9792695045471191,0.6236106753349304
YDL180W,YOL149W,0,1.4000115,0.13737709820270538,0.9792695045471191,0.6237108111381531
YKL218C,YOR036W,0,1.3999245,0.13735806941986084,0.9792695045471191,0.6238109469413757
YOR201C,YDR288W,0,1.399543,0.1373390555381775,0.9792695045471191,0.6239110827445984
YML104C,YHR184W,0,1.3988931,0.13732004165649414,0.9792695045471191,0.624011218547821
YCR096C,YGL090W,0,1.3988318,0.13730104267597198,0.9792695045471191,0.6241113543510437
YBR033W,YOR181W,0,1.3986113,0.13728204369544983,0.9792695045471191,0.6242114901542664
YGL178W,YBR283C,0,1.3981668,0.13726304471492767,0.9792695045471191,0.624311625957489
YDL109C,YAL058W,0,1.3960937,0.13724404573440552,0.9792695045471191,0.6244117617607117
YCR094W,YGR014W,0,1.3959445,0.13722506165504456,0.9792695045471191,0.6245118379592896
YKL089W,YDR050C,0,1.3948228,0.1372060924768448,0.9792695045471191,0.6246119737625122
YOL003C,YDR387C,0,1.3944712,0.13718710839748383,0.9792695045471191,0.6247121095657349
YLR419W,YKL212W,0,1.3942683,0.13716813921928406,0.9792695045471191,0.6248122453689575
YLR439W,YMR221C,0,1.3935373,0.1371491700410843,0.9792695045471191,0.6249123811721802
YLR078C,YER053C,0,1.3929493,0.13713021576404572,0.9792695045471191,0.6250125169754028
YCR072C,YJL190C,0,1.3926969,0.13711126148700714,0.9792695045471191,0.6251126527786255
YJR025C,YJL101C,0,1.3919721,0.13709232211112976,0.9792695045471191,0.6252127885818481
YGL021W,YOR076C,0,1.3915133,0.1370733678340912,0.9792695045471191,0.6253129243850708
YLR126C,YER161C,0,1.3912526,0.1370544284582138,0.9792695045471191,0.6254130601882935
YDL164C,YML115C,0,1.3905271,0.13703550398349762,0.9792695045471191,0.6255131959915161
YHR079C-B,YOL072W,1,1.389833,0.1371546983718872,0.9802566766738892,0.6255131959915161
YER056C-A,YPR122W,0,1.3897158,0.13713575899600983,0.9802566766738892,0.625613272190094
YPR168W,YOL140W,0,1.3861985,0.13711681962013245,0.9802566766738892,0.6257134079933167
YLR126C,YOR044W,0,1.386198,0.13709788024425507,0.9802566766738892,0.6258135437965393
YGL211W,YBR166C,0,1.385086,0.13707895576953888,0.9802566766738892,0.625913679599762
YJR145C,YDR316W-A,0,1.3848232,0.1370600461959839,0.9802566766738892,0.6260138154029846
YER068W,YML113W,0,1.3847752,0.1370411217212677,0.9802566766738892,0.6261139512062073
YGR088W,YOL123W,0,1.384616,0.1370222121477127,0.9802566766738892,0.6262140870094299
YLL013C,YNL159C,0,1.3839431,0.1370033174753189,0.9802566766738892,0.6263142228126526
YJL164C,YIL126W,0,1.3832034,0.13698440790176392,0.9802566766738892,0.6264143586158752
YOR167C,YKL143W,0,1.38293,0.13696551322937012,0.9802566766738892,0.6265144944190979
YDL099W,YGR220C,0,1.3827906,0.1369466334581375,0.9802566766738892,0.6266145706176758
YDR012W,YDR400W,0,1.3818345,0.1369277387857437,0.9802566766738892,0.6267147064208984
YML060W,YLL001W,0,1.3818232,0.1369088590145111,0.9802566766738892,0.6268148422241211
YHR067W,YGR014W,0,1.3813758,0.1368899941444397,0.9802566766738892,0.6269149780273438
YGR263C,YBL060W,0,1.3807118,0.1368711292743683,0.9802566766738892,0.6270151138305664
YER095W,YLR147C,0,1.3802345,0.13685226440429688,0.9802566766738892,0.6271152496337891
YDL114W,YER070W,0,1.379304,0.13683339953422546,0.9802566766738892,0.6272153854370117
YLR139C,YPL092W,0,1.3784626,0.13681454956531525,0.9802566766738892,0.6273155212402344
YDR532C,YER159C-A,0,1.378265,0.13679569959640503,0.9802566766738892,0.627415657043457
YDR115W,YLR078C,0,1.3776543,0.136776864528656,0.9802566766738892,0.6275157928466797
YDR011W,YJL125C,0,1.3776393,0.13675802946090698,0.9802566766738892,0.6276159286499023
YDL210W,YGL229C,0,1.3776338,0.13673919439315796,0.9802566766738892,0.6277160048484802
YOR348C,YGR123C,0,1.3773098,0.13672035932540894,0.9802566766738892,0.6278161406517029
YOR381W,YNL158W,0,1.3772339,0.1367015391588211,0.9802566766738892,0.6279162764549255
YOR179C,YLR430W,0,1.3763473,0.13668271899223328,0.9802566766738892,0.6280164122581482
YML124C,YNL096C,0,1.3756653,0.13666391372680664,0.9802566766738892,0.6281165480613708
YDR479C,YMR257C,0,1.3753922,0.13664510846138,0.9802566766738892,0.6282166838645935
YIL004C,YOL065C,0,1.3753908,0.13662630319595337,0.9802566766738892,0.6283168196678162
YMR088C,YPL195W,0,1.3750424,0.13660751283168793,0.9802566766738892,0.6284169554710388
YBR041W,YOR116C,0,1.3749528,0.13658872246742249,0.9802566766738892,0.6285170912742615
YLR446W,YOR240W,0,1.3733193,0.13656993210315704,0.9802566766738892,0.6286172270774841
YCR066W,YBR136W,1,1.3717152,0.13668866455554962,0.9812438488006592,0.6286172270774841
YGR220C,YML081C-A,0,1.3706688,0.13666987419128418,0.9812438488006592,0.628717303276062
YMR235C,YJL108C,0,1.3702255,0.13665108382701874,0.9812438488006592,0.6288174390792847
YJL153C,YOL157C,0,1.3700504,0.1366323083639145,0.9812438488006592,0.6289175748825073
YGL168W,YML063W,0,1.3699439,0.13661351799964905,0.9812438488006592,0.62901771068573
YDR210W-B,YMR026C,0,1.3685589,0.136594757437706,0.9812438488006592,0.6291178464889526
YNL031C,YBR010W,1,1.3683621,0.13671338558197021,0.9822310209274292,0.6291178464889526
YCR077C,YMR127C,0,1.3672752,0.13669459521770477,0.9822310209274292,0.6292179822921753
YMR198W,YHL036W,0,1.367125,0.13667581975460052,0.9822310209274292,0.629318118095398
YJL136C,YHR052W,0,1.3668942,0.13665705919265747,0.9822310209274292,0.6294182538986206
YDR486C,YPR042C,0,1.3660884,0.13663828372955322,0.9822310209274292,0.6295183897018433
YJL157C,YDL138W,0,1.3660327,0.13661952316761017,0.9822310209274292,0.6296185255050659
YBR176W,YGL090W,0,1.3641742,0.13660076260566711,0.9822310209274292,0.6297186613082886
YGR054W,YDR298C,0,1.3640141,0.13658201694488525,0.9822310209274292,0.6298187375068665
YML116W,YBR207W,0,1.3638207,0.1365632712841034,0.9822310209274292,0.6299188733100891
YPL091W,YOL007C,0,1.3636714,0.13654452562332153,0.9822310209274292,0.6300190091133118
YLR370C,YLR172C,0,1.3636496,0.13652579486370087,0.9822310209274292,0.6301191449165344
YJL219W,YDR511W,0,1.3628738,0.1365070641040802,0.9822310209274292,0.6302192807197571
YPL204W,YBR114W,1,1.3625128,0.1366255134344101,0.9832181930541992,0.6302192807197571
YEL054C,YER174C,0,1.3623439,0.13660678267478943,0.9832181930541992,0.6303194165229797
YPR063C,YNR045W,0,1.3618664,0.13658803701400757,0.9832181930541992,0.6304195523262024
YML054C,YML129C,0,1.3615459,0.1365693062543869,0.9832181930541992,0.630519688129425
YMR290C,YLR427W,0,1.3607512,0.13655059039592743,0.9832181930541992,0.6306198239326477
YGL135W,YNR070W,0,1.3605509,0.13653187453746796,0.9832181930541992,0.6307199597358704
YBL057C,YLR441C,0,1.3603721,0.13651315867900848,0.9832181930541992,0.630820095539093
YGL178W,YLR100W,0,1.3590311,0.136494442820549,0.9832181930541992,0.6309201717376709
YLL009C,YGR047C,0,1.3586233,0.13647574186325073,0.9832181930541992,0.6310203075408936
YKL140W,YGR286C,0,1.3580537,0.13645705580711365,0.9832181930541992,0.6311204433441162
YDR036C,YDR239C,0,1.357348,0.13643835484981537,0.9832181930541992,0.6312205791473389
YKL056C,YGR116W,0,1.3572191,0.13641966879367828,0.9832181930541992,0.6313207149505615
YDR219C,YBL088C,0,1.3568728,0.1364009827375412,0.9832181930541992,0.6314208507537842
YBL054W,YNL322C,0,1.3565441,0.1363823115825653,0.9832181930541992,0.6315209865570068
YFL002W-A,YDR342C,0,1.3565308,0.13636364042758942,0.9832181930541992,0.6316211223602295
YGR263C,YML074C,0,1.3558557,0.13634496927261353,0.9832181930541992,0.6317212581634521
YDR386W,YFL039C,1,1.3555613,0.13646318018436432,0.9842053055763245,0.6317212581634521
YDL195W,YEL065W,0,1.3548582,0.13644450902938843,0.9842053055763245,0.6318213939666748
YJR104C,YFL002W-A,0,1.3548486,0.13642583787441254,0.9842053055763245,0.6319214701652527
YEL061C,YLR337W,0,1.3544885,0.13640716671943665,0.9842053055763245,0.6320216059684753
YOR347C,YGL031C,0,1.354104,0.13638851046562195,0.9842053055763245,0.632121741771698
YJL164C,YKR097W,0,1.3532732,0.13636985421180725,0.9842053055763245,0.6322218775749207
YPR137C-B,YDL085W,0,1.3530684,0.13635119795799255,0.9842053055763245,0.6323220133781433
YDR242W,YOR043W,0,1.3525553,0.13633255660533905,0.9842053055763245,0.632422149181366
YML106W,YDR261W-B,0,1.3522537,0.13631391525268555,0.9842053055763245,0.6325222849845886
YLR396C,YPR070W,0,1.3517071,0.13629528880119324,0.9842053055763245,0.6326224207878113
YDR316W-A,YLR357W,0,1.3514775,0.13627664744853973,0.9842053055763245,0.6327225565910339
YJL102W,YGL039W,0,1.3514185,0.13625803589820862,0.9842053055763245,0.6328226923942566
YJL165C,YDR523C,0,1.3495244,0.1362394094467163,0.9842053055763245,0.6329228281974792
YOR389W,YGR241C,0,1.3495018,0.1362207978963852,0.9842053055763245,0.6330229043960571
YAR019C,YIR037W,0,1.349454,0.13620218634605408,0.9842053055763245,0.6331230401992798
YLR192C,YOR150W,0,1.3484002,0.13618357479572296,0.9842053055763245,0.6332231760025024
YIR014W,YDL006W,0,1.347595,0.13616497814655304,0.9842053055763245,0.6333233118057251
YGR292W,YDR093W,0,1.3473723,0.13614638149738312,0.9842053055763245,0.6334234476089478
YDR424C,YCL055W,0,1.3472794,0.1361277997493744,0.9842053055763245,0.6335235834121704
YMR080C,YDL129W,0,1.3471069,0.13610921800136566,0.9842053055763245,0.6336237192153931
YLR371W,YKL017C,0,1.3468101,0.13609063625335693,0.9842053055763245,0.6337238550186157
YFR008W,YPL048W,0,1.346804,0.1360720694065094,0.9842053055763245,0.6338239908218384
YLL013C,YMR290C,0,1.346699,0.13605348765850067,0.9842053055763245,0.633924126625061
YJR145C,YGL210W,0,1.3464918,0.13603493571281433,0.9842053055763245,0.6340242028236389
YGL009C,YCR075C,0,1.3460358,0.1360163688659668,0.9842053055763245,0.6341243386268616
YMR098C,YDR034C-C,0,1.3458662,0.13599781692028046,0.9842053055763245,0.6342244744300842
YPR042C,YDR031W,0,1.3457291,0.13597926497459412,0.9842053055763245,0.6343246102333069
YJL080C,YAR044W,0,1.3454745,0.13596072793006897,0.9842053055763245,0.6344247460365295
YJL156C,YKL056C,0,1.3453997,0.13594219088554382,0.9842053055763245,0.6345248818397522
YJL072C,YPL051W,0,1.345066,0.13592365384101868,0.9842053055763245,0.6346250176429749
YPR158C-D,YIL051C,0,1.3447386,0.13590513169765472,0.9842053055763245,0.6347251534461975
YMR166C,YER131W,0,1.344579,0.13588660955429077,0.9842053055763245,0.6348252892494202
YBR048W,YHR186C,0,1.344111,0.13586808741092682,0.9842053055763245,0.6349254250526428
YOL092W,YHR064C,0,1.3438208,0.13584956526756287,0.9842053055763245,0.6350255608558655
YJR059W,YLR176C,0,1.3434489,0.1358310580253601,0.9842053055763245,0.6351256370544434
YDR261W-B,YDL112W,0,1.3434457,0.13581256568431854,0.9842053055763245,0.635225772857666
YDR347W,YMR184W,0,1.3432796,0.13579405844211578,0.9842053055763245,0.6353259086608887
YIR036C,YHR017W,0,1.3432378,0.13577556610107422,0.9842053055763245,0.6354260444641113
YHL009W-B,YDL143W,0,1.3428202,0.13575707376003265,0.9842053055763245,0.635526180267334
YDR055W,YNL339C,0,1.3423538,0.13573859632015228,0.9842053055763245,0.6356263160705566
YNL291C,YMR290C,0,1.3421569,0.1357201188802719,0.9842053055763245,0.6357264518737793
YOR076C,YDR393W,0,1.3417974,0.13570164144039154,0.9842053055763245,0.635826587677002
YLR147C,YGL031C,0,1.341619,0.13568317890167236,0.9842053055763245,0.6359267234802246
YJR033C,YOR228C,0,1.3415829,0.13566471636295319,0.9842053055763245,0.6360268592834473
YFR003C,YDR065W,0,1.341418,0.135646253824234,0.9842053055763245,0.6361269354820251
YNR020C,YNL339C,0,1.3411533,0.13562780618667603,0.9842053055763245,0.6362270712852478
YNL207W,YFL037W,0,1.3402765,0.13560935854911804,0.9842053055763245,0.6363272070884705
YBR050C,YDR261W-B,0,1.3399699,0.13559091091156006,0.9842053055763245,0.6364273428916931
YJL219W,YDL231C,0,1.3396451,0.13557247817516327,0.9842053055763245,0.6365274786949158
YDR056C,YKL021C,0,1.3395847,0.13555404543876648,0.9842053055763245,0.6366276144981384
YHR116W,YHR044C,0,1.3388162,0.1355356127023697,0.9842053055763245,0.6367277503013611
YBL054W,YPL186C,0,1.3383948,0.1355171948671341,0.9842053055763245,0.6368278861045837
YNL049C,YPR031W,0,1.3375529,0.1354987770318985,0.9842053055763245,0.6369280219078064
YDR033W,YPL257W-A,0,1.336809,0.1354803591966629,0.9842053055763245,0.637028157711029
YDR056C,YDR011W,0,1.3349394,0.1354619562625885,0.9842053055763245,0.6371282935142517
YMR006C,YBL093C,0,1.3349094,0.1354435533285141,0.9842053055763245,0.6372283697128296
YNL146W,YCR010C,0,1.3342836,0.1354251503944397,0.9842053055763245,0.6373285055160522
YDR379W,YDL184C,0,1.333983,0.1354067623615265,0.9842053055763245,0.6374286413192749
YMR298W,YPL204W,0,1.3339765,0.13538837432861328,0.9842053055763245,0.6375287771224976
YPL271W,YER180C,0,1.3336316,0.13536998629570007,0.9842053055763245,0.6376289129257202
YDL138W,YHR140W,0,1.3334116,0.13535161316394806,0.9842053055763245,0.6377290487289429
YMR042W,YNR001C,0,1.3329866,0.13533324003219604,0.9842053055763245,0.6378291845321655
YKL004W,YER030W,0,1.3327025,0.13531488180160522,0.9842053055763245,0.6379293203353882
YOR124C,YNL162W,0,1.3324542,0.1352965086698532,0.9842053055763245,0.6380294561386108
YDL136W,YGR234W,0,1.3324326,0.1352781504392624,0.9842053055763245,0.6381295919418335
YNL218W,YOR240W,0,1.3320185,0.13525980710983276,0.9842053055763245,0.6382297277450562
YPL051W,YIL084C,0,1.3318446,0.13524144887924194,0.9842053055763245,0.638329803943634
YEL054C,YLR127C,0,1.3313444,0.13522310554981232,0.9842053055763245,0.6384299397468567
YOR047C,YPL157W,0,1.3309264,0.13520477712154388,0.9842053055763245,0.6385300755500793
YPR158C-D,YOR290C,0,1.3294733,0.13518643379211426,0.9842053055763245,0.638630211353302
YNL136W,YGR158C,0,1.3292617,0.13516810536384583,0.9842053055763245,0.6387303471565247
YNL189W,YPL092W,0,1.3290735,0.1351497918367386,0.9842053055763245,0.6388304829597473
YNL077W,YBL074C,0,1.3290713,0.13513147830963135,0.9842053055763245,0.63893061876297
YHR160C,YOR120W,0,1.3285367,0.1351131647825241,0.9842053055763245,0.6390307545661926
YNL077W,YJR155W,0,1.3284062,0.13509485125541687,0.9842053055763245,0.6391308903694153
YBR251W,YGR037C,0,1.3282952,0.13507655262947083,0.9842053055763245,0.6392310261726379
YGR076C,YOR014W,0,1.3281482,0.13505825400352478,0.9842053055763245,0.6393311023712158
YPR137C-B,YNL308C,0,1.3277203,0.13503995537757874,0.9842053055763245,0.6394312381744385
YNL128W,YMR312W,0,1.3274472,0.13502167165279388,0.9842053055763245,0.6395313739776611
YMR198W,YKL181W,0,1.3271879,0.13500338792800903,0.9842053055763245,0.6396315097808838
YLR096W,YCL031C,0,1.3265823,0.13498510420322418,0.9842053055763245,0.6397316455841064
YBR136W,YJR082C,1,1.3264791,0.13510221242904663,0.9851924777030945,0.6397316455841064
YGL222C,YDR054C,0,1.32636,0.13508391380310059,0.9851924777030945,0.6398317813873291
YDR495C,YCR077C,0,1.3263161,0.13506564497947693,0.9851924777030945,0.6399319171905518
YJR094W-A,YLR327C,0,1.326221,0.13504736125469208,0.9851924777030945,0.6400320529937744
YPL022W,YMR056C,0,1.3259821,0.13502909243106842,0.9851924777030945,0.6401321887969971
YLR419W,YPL095C,0,1.3254325,0.13501082360744476,0.9851924777030945,0.6402323246002197
YLR371W,YOL109W,0,1.3252226,0.1349925547838211,0.9851924777030945,0.6403324604034424
YDR466W,YPL089C,0,1.3251309,0.13497430086135864,0.9851924777030945,0.6404325366020203
YBR286W,YIL027C,0,1.3249419,0.13495604693889618,0.9851924777030945,0.6405326724052429
YDR487C,YFL037W,0,1.3247793,0.1349378079175949,0.9851924777030945,0.6406328082084656
YBR097W,YGR061C,0,1.3227777,0.13491956889629364,0.9851924777030945,0.6407329440116882
YDR032C,YCL047C,0,1.3227706,0.13490132987499237,0.9851924777030945,0.6408330798149109
YCR098C,YBR251W,0,1.3222903,0.1348830908536911,0.9851924777030945,0.6409332156181335
YJL157C,YBL010C,0,1.3218825,0.13486486673355103,0.9851924777030945,0.6410333514213562
YDR236C,YKL034W,0,1.3212285,0.13484664261341095,0.9851924777030945,0.6411334872245789
YGL211W,YDR511W,0,1.3211157,0.13482841849327087,0.9851924777030945,0.6412336230278015
YDR060W,YER113C,0,1.3197687,0.134810209274292,0.9851924777030945,0.6413337588310242
YGR292W,YML091C,0,1.319087,0.1347920000553131,0.9851924777030945,0.641433835029602
YKL004W,YGL039W,0,1.318812,0.13477380573749542,0.9851924777030945,0.6415339708328247
YLL001W,YER106W,0,1.3185694,0.13475559651851654,0.9851924777030945,0.6416341066360474
YJL044C,YLR100W,0,1.3182713,0.13473741710186005,0.9851924777030945,0.64173424243927
YJL065C,YBR166C,0,1.3178198,0.13471922278404236,0.9851924777030945,0.6418343782424927
YGR076C,YDR313C,0,1.3163638,0.13470104336738586,0.9851924777030945,0.6419345140457153
YDR425W,YHL019C,0,1.3162946,0.13468286395072937,0.9851924777030945,0.642034649848938
YDR056C,YMR051C,0,1.3156351,0.13466468453407288,0.9851924777030945,0.6421347856521606
YDL120W,YCR037C,0,1.3155926,0.13464652001857758,0.9851924777030945,0.6422349214553833
YIL109C,YNR041C,0,1.3154304,0.13462835550308228,0.9851924777030945,0.642335057258606
YPR063C,YHR171W,0,1.3145828,0.13461019098758698,0.9851924777030945,0.6424351930618286
YBR264C,YNL135C,0,1.3116647,0.13459204137325287,0.9851924777030945,0.6425352692604065
YIL084C,YNL188W,0,1.3115036,0.13457389175891876,0.9851924777030945,0.6426354050636292
YDR107C,YGR194C,0,1.3113749,0.13455575704574585,0.9851924777030945,0.6427355408668518
YEL054C,YOL117W,0,1.3113585,0.13453760743141174,0.9851924777030945,0.6428356766700745
YML085C,YER112W,0,1.3111441,0.13451947271823883,0.9851924777030945,0.6429358124732971
YGL223C,YDR252W,0,1.310977,0.1345013529062271,0.9851924777030945,0.6430359482765198
YOR143C,YNL310C,0,1.3107355,0.1344832181930542,0.9851924777030945,0.6431360840797424
YLR238W,YER061C,0,1.3101175,0.13446509838104248,0.9851924777030945,0.6432362198829651
YBR296C,YGL210W,0,1.3100513,0.13444699347019196,0.9851924777030945,0.6433363556861877
YJL072C,YER106W,0,1.3089943,0.13442887365818024,0.9851924777030945,0.6434364914894104
YJL164C,YLR207W,0,1.3086405,0.1344107687473297,0.9851924777030945,0.6435366272926331
YPL157W,YER053C,0,1.3083472,0.13439267873764038,0.9851924777030945,0.6436367034912109
YAL053W,YJL044C,0,1.3069592,0.13437457382678986,0.9851924777030945,0.6437368392944336
YPL148C,YMR204C,0,1.3062601,0.13435648381710052,0.9851924777030945,0.6438369750976562
YGL161C,YDL008W,0,1.3050743,0.1343384087085724,0.9851924777030945,0.6439371109008789
YMR122W-A,YLR014C,0,1.3033377,0.13432031869888306,0.9851924777030945,0.6440372467041016
YDR036C,YBL039C,0,1.3015847,0.13430224359035492,0.9851924777030945,0.6441373825073242
YHL032C,YDL185W,0,1.3014104,0.13428418338298798,0.9851924777030945,0.6442375183105469
YBR036C,YKL042W,0,1.3007561,0.13426610827445984,0.9851924777030945,0.6443376541137695
YDR531W,YKR090W,0,1.3005211,0.1342480480670929,0.9851924777030945,0.6444377899169922
YLR038C,YOR069W,0,1.2998266,0.13422998785972595,0.9851924777030945,0.6445379257202148
YPR158C-D,YOR044W,0,1.2991809,0.1342119425535202,0.9851924777030945,0.6446380019187927
YMR098C,YOR092W,0,1.2986488,0.13419389724731445,0.9851924777030945,0.6447381377220154
YBR296C,YOR270C,0,1.2980132,0.1341758519411087,0.9851924777030945,0.644838273525238
YJL052W,YKR105C,0,1.2970667,0.13415782153606415,0.9851924777030945,0.6449384093284607
YNL096C,YPL204W,0,1.2968512,0.1341397911310196,0.9851924777030945,0.6450385451316833
YFL039C,YFL008W,1,1.2961235,0.13425615429878235,0.9861796498298645,0.6450385451316833
YHR028C,YOL002C,0,1.2953843,0.1342381089925766,0.9861796498298645,0.645138680934906
YOR373W,YGR218W,0,1.2944906,0.13422007858753204,0.9861796498298645,0.6452388167381287
YDR487C,YHR070W,0,1.2939591,0.1342020481824875,0.9861796498298645,0.6453389525413513
YDR046C,YGL090W,0,1.293719,0.13418401777744293,0.9861796498298645,0.645439088344574
YPL106C,YHR027C,0,1.2934119,0.13416600227355957,0.9861796498298645,0.6455392241477966
YBR251W,YJL133W,0,1.2928002,0.13414797186851501,0.9861796498298645,0.6456393599510193
YBL054W,YDL051W,0,1.2921623,0.13412997126579285,0.9861796498298645,0.6457394361495972
YJL019W,YER053C,0,1.2917306,0.13411195576190948,0.9861796498298645,0.6458395719528198
YER140W,YDL006W,0,1.290884,0.13409395515918732,0.9861796498298645,0.6459397077560425
YHR046C,YDR242W,0,1.290085,0.13407596945762634,0.9861796498298645,0.6460398435592651
YNL308C,YNL158W,0,1.2875124,0.13405796885490417,0.9861796498298645,0.6461399793624878
YDR456W,YPR108W,0,1.2866446,0.1340399831533432,0.9861796498298645,0.6462401151657104
YIL070C,YPL269W,0,1.2865024,0.13402199745178223,0.9861796498298645,0.6463402509689331
YJL129C,YDR031W,0,1.2859361,0.13400402665138245,0.9861796498298645,0.6464403867721558
YNL301C,YGL157W,0,1.2851615,0.13398605585098267,0.9861796498298645,0.6465405225753784
YOR116C,YDR003W,0,1.2844436,0.13396808505058289,0.9861796498298645,0.6466406583786011
YFR041C,YOR343W-A,0,1.28442,0.1339501142501831,0.9861796498298645,0.646740734577179
YOL003C,YDR466W,0,1.2836683,0.13393215835094452,0.9861796498298645,0.6468408703804016
YCL063W,YDR421W,0,1.2835988,0.13391420245170593,0.9861796498298645,0.6469410061836243
YIL172C,YMR303C,0,1.2833046,0.13389626145362854,0.9861796498298645,0.6470411419868469
YDR253C,YCL047C,0,1.2830627,0.13387832045555115,0.9861796498298645,0.6471412777900696
YCL027W,YER184C,0,1.283012,0.13386037945747375,0.9861796498298645,0.6472414135932922
YMR281W,YER161C,0,1.2829275,0.13384243845939636,0.9861796498298645,0.6473415493965149
YMR036C,YLR304C,0,1.2817773,0.13382451236248016,0.9861796498298645,0.6474416851997375
YOL138C,YBR084W,0,1.2804189,0.13380658626556396,0.9861796498298645,0.6475418210029602
YKL109W,YPL159C,0,1.2797747,0.13378867506980896,0.9861796498298645,0.6476419568061829
YDR011W,YDR117C,0,1.277905,0.13377074897289276,0.9861796498298645,0.6477420926094055
YOL077C,YLR430W,0,1.277042,0.13375283777713776,0.9861796498298645,0.6478421688079834
YER133W,YLR337W,0,1.2768997,0.13373494148254395,0.9861796498298645,0.647942304611206
YLL038C,YKL010C,0,1.2763327,0.13371704518795013,0.9861796498298645,0.6480424404144287
YGL173C,YJL221C,0,1.2761528,0.13369914889335632,0.9861796498298645,0.6481425762176514
YHL047C,YGL031C,0,1.2759368,0.1336812525987625,0.9861796498298645,0.648242712020874
YLL013C,YCR053W,0,1.2751056,0.1336633712053299,0.9861796498298645,0.6483428478240967
YHR167W,YDR103W,0,1.273366,0.13364548981189728,0.9861796498298645,0.6484429836273193
YER068W,YJL019W,0,1.2728814,0.13362760841846466,0.9861796498298645,0.648543119430542
YHL032C,YGR027W-B,0,1.2723362,0.13360974192619324,0.9861796498298645,0.6486432552337646
YBL037W,YPR096C,0,1.2720505,0.13359187543392181,0.9861796498298645,0.6487433910369873
YOR143C,YHR023W,0,1.2719433,0.1335740089416504,0.9861796498298645,0.6488434672355652
YKR038C,YDR251W,0,1.2718883,0.13355614244937897,0.9861796498298645,0.6489436030387878
YPL031C,YDR003W,0,1.2716057,0.13353829085826874,0.9861796498298645,0.6490437388420105
YIR014W,YFR008W,0,1.2712332,0.1335204541683197,0.9861796498298645,0.6491438746452332
YHR143W,YNR020C,0,1.2701378,0.13350260257720947,0.9861796498298645,0.6492440104484558
YER027C,YBR033W,0,1.2700953,0.13348476588726044,0.9861796498298645,0.6493441462516785
YJR001W,YDR486C,0,1.2679516,0.1334669291973114,0.9861796498298645,0.6494442820549011
YMR142C,YPL226W,0,1.2679175,0.13344910740852356,0.9861796498298645,0.6495444178581238
YDL229W,YDR126W,0,1.2650878,0.13343128561973572,0.9861796498298645,0.6496445536613464
YMR302C,YIL113W,0,1.2644432,0.13341346383094788,0.9861796498298645,0.6497446894645691
YNR008W,YKL164C,0,1.2631563,0.13339564204216003,0.9861796498298645,0.6498448252677917
YCR009C,YOL127W,0,1.2609478,0.1333778351545334,0.9861796498298645,0.6499449014663696
YMR080C,YHR013C,0,1.2605336,0.13336002826690674,0.9861796498298645,0.6500450372695923
YNL325C,YJL025W,0,1.2601045,0.13334223628044128,0.9861796498298645,0.6501451730728149
YCR098C,YLR381W,0,1.2600348,0.13332442939281464,0.9861796498298645,0.6502453088760376
YHR172W,YLR186W,0,1.2597792,0.13330665230751038,0.9861796498298645,0.6503454446792603
YFL039C,YMR017W,0,1.2593033,0.13328886032104492,0.9861796498298645,0.6504455804824829
YNL268W,YJR135W-A,0,1.2587472,0.13327108323574066,0.9861796498298645,0.6505457162857056
YGL168W,YLR265C,0,1.2578645,0.1332533061504364,0.9861796498298645,0.6506458520889282
YOR384W,YDR115W,0,1.2562249,0.13323552906513214,0.9861796498298645,0.6507459878921509
YER159C-A,YER173W,0,1.2559297,0.13321776688098907,0.9861796498298645,0.6508461236953735
YPR156C,YOL103W,0,1.2552488,0.133200004696846,0.9861796498298645,0.6509462594985962
YDR376W,YHR011W,0,1.2551038,0.13318224251270294,0.9861796498298645,0.6510463356971741
YPR048W,YKL218C,0,1.2547661,0.13316449522972107,0.9861796498298645,0.6511464715003967
YDR011W,YLR045C,0,1.2539238,0.1331467479467392,0.9861796498298645,0.6512466073036194
YNL293W,YGL141W,0,1.2532759,0.13312900066375732,0.9861796498298645,0.651346743106842
YLR201C,YPL177C,0,1.2531636,0.13311125338077545,0.9861796498298645,0.6514468789100647
YMR056C,YDR210W-B,0,1.2527313,0.13309352099895477,0.9861796498298645,0.6515470147132874
YLR433C,YNR047W,0,1.2517538,0.1330757886171341,0.9861796498298645,0.65164715051651
YGR158C,YKL028W,0,1.2517341,0.1330580711364746,0.9861796498298645,0.6517472863197327
YNL330C,YOL100W,0,1.2505417,0.13304035365581512,0.9861796498298645,0.6518474221229553
YAL034W-A,YMR221C,0,1.2501694,0.13302263617515564,0.9861796498298645,0.651947557926178
YPR005C,YHR186C,0,1.2496665,0.13300491869449615,0.9861796498298645,0.6520476341247559
YJR013W,YOR242C,0,1.2485456,0.13298721611499786,0.9861796498298645,0.6521477699279785
YLR238W,YDR018C,0,1.2485447,0.13296951353549957,0.9861796498298645,0.6522479057312012
YGR154C,YDR047W,0,1.2483373,0.13295182585716248,0.9861796498298645,0.6523480415344238
YOL100W,YDR034C-C,0,1.2474663,0.13293413817882538,0.9861796498298645,0.6524481773376465
YOR063W,YLR038C,0,1.2474606,0.13291645050048828,0.9861796498298645,0.6525483131408691
YHR086W,YBR299W,0,1.2473203,0.13289876282215118,0.9861796498298645,0.6526484489440918
YDR318W,YJL025W,0,1.2470343,0.13288109004497528,0.9861796498298645,0.6527485847473145
YGL119W,YMR188C,0,1.2469474,0.13286341726779938,0.9861796498298645,0.6528487205505371
YDL144C,YDR298C,0,1.2468553,0.13284574449062347,0.9861796498298645,0.6529488563537598
YML054C,YNL101W,0,1.2462865,0.13282808661460876,0.9861796498298645,0.6530489921569824
YNL293W,YDR368W,0,1.2455032,0.13281042873859406,0.9861796498298645,0.6531490683555603
YDR425W,YDR231C,0,1.2450217,0.13279277086257935,0.9861796498298645,0.653249204158783
YJR097W,YER131W,0,1.2447535,0.13277511298656464,0.9861796498298645,0.6533493399620056
YGR241C,YGL251C,0,1.2444791,0.13275747001171112,0.9861796498298645,0.6534494757652283
YDR536W,YDR379W,0,1.2437848,0.1327398419380188,0.9861796498298645,0.6535496115684509
YDR466W,YIL093C,0,1.2433306,0.13272219896316528,0.9861796498298645,0.6536497473716736
YGL137W,YHL004W,0,1.2427742,0.13270457088947296,0.9861796498298645,0.6537498831748962
YLL013C,YDL144C,0,1.2426499,0.13268694281578064,0.9861796498298645,0.6538500189781189
YGL191W,YHR052W,0,1.2418723,0.1326693296432495,0.9861796498298645,0.6539501547813416
YDR093W,YBL022C,0,1.2410331,0.1326517015695572,0.9861796498298645,0.6540502905845642
YDL137W,YPR047W,0,1.2407473,0.13263408839702606,0.9861796498298645,0.6541503667831421
YHL040C,YOL109W,0,1.2405206,0.13261649012565613,0.9861796498298645,0.6542505025863647
YHR021C,YBR164C,0,1.240275,0.1325988918542862,0.9861796498298645,0.6543506383895874
YJR160C,YNL212W,0,1.2400982,0.13258129358291626,0.9861796498298645,0.6544507741928101
YOR096W,YMR152W,0,1.2398523,0.13256369531154633,0.9861796498298645,0.6545509099960327
YDL120W,YDR376W,0,1.2385243,0.13254611194133759,0.9861796498298645,0.6546510457992554
YKL135C,YDR379W,0,1.2383516,0.13252852857112885,0.9861796498298645,0.654751181602478
YGL039W,YHR011W,0,1.2382135,0.1325109452009201,0.9861796498298645,0.6548513174057007
YDR197W,YDR534C,0,1.2379329,0.13249336183071136,0.9861796498298645,0.6549514532089233
YPL106C,YMR042W,0,1.2378521,0.13247579336166382,0.9861796498298645,0.655051589012146
YOR096W,YCL075W,0,1.237735,0.13245823979377747,0.9861796498298645,0.6551517248153687
YGL211W,YDR261W-B,0,1.237537,0.13244067132472992,0.9861796498298645,0.6552518010139465
YGL120C,YOR092W,0,1.2373627,0.13242311775684357,0.9861796498298645,0.6553519368171692
YLR201C,YOR346W,0,1.2368706,0.13240556418895721,0.9861796498298645,0.6554520726203918
YJR010C-A,YGL040C,0,1.2367325,0.13238802552223206,0.9861796498298645,0.6555522084236145
YHR046C,YAL044C,0,1.2366765,0.1323704719543457,0.9861796498298645,0.6556523442268372
YDL120W,YDR239C,0,1.2362052,0.13235294818878174,0.9861796498298645,0.6557524800300598
YER159C-A,YGL227W,0,1.2351966,0.13233540952205658,0.9861796498298645,0.6558526158332825
YOR373W,YEL017C-A,0,1.2345225,0.13231788575649261,0.9861796498298645,0.6559527516365051
YMR289W,YLR327C,0,1.234098,0.13230036199092865,0.9861796498298645,0.6560528874397278
YIL027C,YDR170W-A,0,1.2340173,0.13228283822536469,0.9861796498298645,0.6561530232429504
YML012W,YER007W,0,1.2336967,0.13226532936096191,0.9861796498298645,0.6562530994415283
YGR029W,YGR088W,0,1.2334603,0.13224782049655914,0.9861796498298645,0.656353235244751
YPR158C-D,YJR058C,0,1.2332631,0.13223031163215637,0.9861796498298645,0.6564533710479736
YPL017C,YLL038C,0,1.2325777,0.1322128176689148,0.9861796498298645,0.6565535068511963
YGR200C,YOR044W,0,1.2322844,0.13219530880451202,0.9861796498298645,0.656653642654419
YML074C,YHR117W,0,1.2309276,0.13217782974243164,0.9861796498298645,0.6567537784576416
YJL033W,YBR264C,0,1.2308335,0.13216033577919006,0.9861796498298645,0.6568539142608643
YDL067C,YAL012W,0,1.2304082,0.13214285671710968,0.9861796498298645,0.6569540500640869
YJL046W,YJR135W-A,0,1.2293342,0.1321253776550293,0.9861796498298645,0.6570541858673096
YDR297W,YLR186W,0,1.228802,0.1321079134941101,0.9861796498298645,0.6571543216705322
YPR118W,YGR189C,0,1.2282141,0.13209043443202972,0.9861796498298645,0.6572544574737549
YOR278W,YHL047C,0,1.2274977,0.13207297027111053,0.9861796498298645,0.6573545336723328
YDR495C,YBR291C,0,1.2263458,0.13205552101135254,0.9861796498298645,0.6574546694755554
YDR228C,YDL184C,0,1.2260923,0.13203807175159454,0.9861796498298645,0.6575548052787781
YNL280C,YDR261W-B,0,1.2252883,0.13202062249183655,0.9861796498298645,0.6576549410820007
YDR531W,YPL155C,0,1.225066,0.13200317323207855,0.9861796498298645,0.6577550768852234
YLR237W,YIL160C,0,1.224137,0.13198572397232056,0.9861796498298645,0.657855212688446
YCR081W,YBR009C,0,1.2235234,0.13196828961372375,0.9861796498298645,0.6579553484916687
YMR166C,YPR184W,0,1.2225081,0.13195087015628815,0.9861796498298645,0.6580554842948914
YEL061C,YBL020W,0,1.2218102,0.13193343579769135,0.9861796498298645,0.658155620098114
YIL111W,YMR285C,0,1.2215968,0.13191601634025574,0.9861796498298645,0.6582557559013367
YOL103W,YDR390C,0,1.2211039,0.13189859688282013,0.9861796498298645,0.6583558917045593
YDR379W,YFR041C,0,1.2208654,0.13188119232654572,0.9861796498298645,0.6584559679031372
YGL137W,YCR040W,0,1.2201115,0.1318637877702713,0.9861796498298645,0.6585561037063599
YGL251C,YDL082W,0,1.2200081,0.1318463832139969,0.9861796498298645,0.6586562395095825
YDL204W,YOL064C,0,1.2196119,0.13182897865772247,0.9861796498298645,0.6587563753128052
YLR204W,YPL172C,0,1.2189468,0.13181158900260925,0.9861796498298645,0.6588565111160278
YBL106C,YHR147C,0,1.2185471,0.13179419934749603,0.9861796498298645,0.6589566469192505
YER025W,YDR288W,0,1.2179998,0.1317768096923828,0.9861796498298645,0.6590567827224731
YOR096W,YOR346W,0,1.2173979,0.1317594349384308,0.9861796498298645,0.6591569185256958
YER048W-A,YDR400W,0,1.2164485,0.13174206018447876,0.9861796498298645,0.6592570543289185
YOL105C,YKL059C,0,1.2157851,0.13172468543052673,0.9861796498298645,0.6593571901321411
YOR182C,YJL158C,0,1.2157577,0.1317073106765747,0.9861796498298645,0.659457266330719
YKL089W,YGR156W,0,1.2157496,0.13168995082378387,0.9861796498298645,0.6595574021339417
YOR037W,YLR096W,0,1.2149796,0.13167259097099304,0.9861796498298645,0.6596575379371643
YOL071W,YJR135W-A,0,1.2149596,0.1316552460193634,0.9861796498298645,0.659757673740387
YPR132W,YDR065W,0,1.2149497,0.13163790106773376,0.9861796498298645,0.6598578095436096
YFR006W,YNL115C,0,1.2144755,0.13162055611610413,0.9861796498298645,0.6599579453468323
YLR396C,YPR019W,0,1.2135763,0.1316032111644745,0.9861796498298645,0.6600580811500549
YKL173W,YPL111W,0,1.2127484,0.13158588111400604,0.9861796498298645,0.6601582169532776
YDR238C,YIL090W,0,1.2124863,0.1315685510635376,0.9861796498298645,0.6602583527565002
YKL140W,YDL080C,0,1.2123252,0.13155122101306915,0.9861796498298645,0.6603584885597229
YMR289W,YLR438C-A,0,1.2121134,0.1315339058637619,0.9861796498298645,0.6604586243629456
YOR181W,YOR386W,0,1.2120528,0.13151659071445465,0.9861796498298645,0.6605587005615234
YCR009C,YDR177W,0,1.211591,0.1314992755651474,0.9861796498298645,0.6606588363647461
YML012W,YGR009C,0,1.2108557,0.13148197531700134,0.9861796498298645,0.6607589721679688
YEL061C,YOL072W,0,1.2099125,0.1314646601676941,0.9861796498298645,0.6608591079711914
YJL033W,YCL069W,0,1.2098721,0.13144737482070923,0.9861796498298645,0.6609592437744141
YJL157C,YBR273C,0,1.2097907,0.13143007457256317,0.9861796498298645,0.6610593795776367
YDR038C,YHR140W,0,1.2090797,0.1314127892255783,0.9861796498298645,0.6611595153808594
YHR092C,YAL020C,0,1.2087663,0.13139550387859344,0.9861796498298645,0.661259651184082
YGR295C,YDL017W,0,1.2075925,0.13137821853160858,0.9861796498298645,0.6613597869873047
YHR215W,YHR013C,0,1.2070024,0.1313609480857849,0.9861796498298645,0.6614599227905273
YCR077C,YJL056C,0,1.2060285,0.13134367763996124,0.9861796498298645,0.6615599989891052
YJR066W,YBL054W,0,1.2059475,0.13132640719413757,0.9861796498298645,0.6616601347923279
YJR016C,YNL158W,0,1.2057763,0.1313091516494751,0.9861796498298645,0.6617602705955505
YFL002W-A,YIL171W,0,1.2055533,0.13129189610481262,0.9861796498298645,0.6618604063987732
YLR441C,YBR185C,0,1.2054745,0.13127464056015015,0.9861796498298645,0.6619605422019958
YMR171C,YDR448W,0,1.2047104,0.13125738501548767,0.9861796498298645,0.6620606780052185
YHR056C,YBR089C-A,1,1.2041675,0.13137151300907135,0.9871668219566345,0.6620606780052185
YMR139W,YLR154C,0,1.20405,0.13135425746440887,0.9871668219566345,0.6621608138084412
YDL114W,YER131W,0,1.2025092,0.1313370168209076,0.9871668219566345,0.6622609496116638
YFL029C,YDR117C,0,1.2023808,0.13131976127624512,0.9871668219566345,0.6623610854148865
YHR207C,YLR430W,0,1.2017429,0.13130252063274384,0.9871668219566345,0.6624612212181091
YDL130W,YLR221C,0,1.2016497,0.13128527998924255,0.9871668219566345,0.6625613570213318
YPL195W,YKL116C,0,1.2009996,0.13126805424690247,0.9871668219566345,0.6626614332199097
YFL039C,YOR374W,0,1.1997309,0.13125081360340118,0.9871668219566345,0.6627615690231323
YGR159C,YMR012W,0,1.199582,0.1312336027622223,0.9871668219566345,0.662861704826355
YKR094C,YPL172C,0,1.1993104,0.1312163770198822,0.9871668219566345,0.6629618406295776
YER159C-A,YJL048C,0,1.1989241,0.1311991661787033,0.9871668219566345,0.6630619764328003
YOL065C,YAL025C,0,1.1986771,0.13118195533752441,0.9871668219566345,0.663162112236023
YHR120W,YGL090W,1,1.1984326,0.13129590451717377,0.9881539940834045,0.663162112236023
YNL213C,YER112W,0,1.198193,0.13127869367599487,0.9881539940834045,0.6632622480392456
YPL281C,YDR055W,0,1.1971911,0.13126146793365479,0.9881539940834045,0.6633623838424683
YDL120W,YHR186C,0,1.1967744,0.1312442570924759,0.9881539940834045,0.6634625196456909
YPR158C-D,YCL069W,0,1.1955624,0.1312270611524582,0.9881539940834045,0.6635626554489136
YOR096W,YNR020C,0,1.1954471,0.1312098503112793,0.9881539940834045,0.6636627912521362
YDR056C,YMR017W,0,1.1951038,0.1311926543712616,0.9881539940834045,0.6637628674507141
YNL086W,YGR063C,0,1.1948292,0.1311754733324051,0.9881539940834045,0.6638630032539368
YMR166C,YOL109W,0,1.1944087,0.1311582773923874,0.9881539940834045,0.6639631390571594
YFL036W,YER012W,0,1.1939552,0.13114109635353088,0.9881539940834045,0.6640632748603821
YOR066W,YER110C,0,1.1936641,0.13112391531467438,0.9881539940834045,0.6641634106636047
YGR002C,YGR156W,0,1.1916646,0.13110674917697906,0.9881539940834045,0.6642635464668274
YLR192C,YJR134C,0,1.1914564,0.13108958303928375,0.9881539940834045,0.66436368227005
YCR047C,YCR054C,0,1.1908869,0.13107241690158844,0.9881539940834045,0.6644638180732727
YBR092C,YNL162W,0,1.190625,0.13105525076389313,0.9881539940834045,0.6645639538764954
YIL009C-A,YLR433C,0,1.1905103,0.131038099527359,0.9881539940834045,0.664664089679718
YGR189C,YPL204W,0,1.1904558,0.1310209482908249,0.9881539940834045,0.6647641658782959
YER070W,YMR217W,0,1.1904532,0.13100379705429077,0.9881539940834045,0.6648643016815186
YOR270C,YOL109W,0,1.1901052,0.13098664581775665,0.9881539940834045,0.6649644374847412
YEL013W,YMR139W,0,1.1896615,0.13096950948238373,0.9881539940834045,0.6650645732879639
YDR313C,YOR244W,0,1.1873392,0.130952388048172,0.9881539940834045,0.6651647090911865
YOR066W,YGL084C,0,1.186229,0.13093525171279907,0.9881539940834045,0.6652648448944092
YNR027W,YPL258C,0,1.1859838,0.13091813027858734,0.9881539940834045,0.6653649806976318
YJR160C,YIL009C-A,0,1.1856995,0.1309010088443756,0.9881539940834045,0.6654651165008545
YOL138C,YHR089C,0,1.1853675,0.13088388741016388,0.9881539940834045,0.6655652523040771
YER164W,YNL151C,0,1.1852788,0.13086678087711334,0.9881539940834045,0.6656653881072998
YBR082C,YBR105C,0,1.185021,0.1308496743440628,0.9881539940834045,0.6657655239105225
YJL048C,YPL186C,0,1.1846905,0.13083256781101227,0.9881539940834045,0.6658656001091003
YLR212C,YDR093W,0,1.1843035,0.13081547617912292,0.9881539940834045,0.665965735912323
YIR036C,YMR208W,0,1.1839807,0.13079838454723358,0.9881539940834045,0.6660658717155457
YJR139C,YDR134C,0,1.1838528,0.13078129291534424,0.9881539940834045,0.6661660075187683
YBL064C,YOL149W,0,1.1838111,0.1307642012834549,0.9881539940834045,0.666266143321991
YEL061C,YGL155W,0,1.1829278,0.13074712455272675,0.9881539940834045,0.6663662791252136
YML012W,YBR084W,0,1.182846,0.1307300478219986,0.9881539940834045,0.6664664149284363
YLR221C,YLR265C,0,1.1825055,0.13071298599243164,0.9881539940834045,0.6665665507316589
YNL227C,YPL159C,0,1.1824294,0.1306959092617035,0.9881539940834045,0.6666666865348816
YBL054W,YGR220C,0,1.1822848,0.13067884743213654,0.9881539940834045,0.6667668223381042
YOL092W,YFL044C,0,1.1821144,0.13066180050373077,0.9881539940834045,0.6668668985366821
YHR036W,YMR037C,0,1.1813166,0.13064473867416382,0.9881539940834045,0.6669670343399048
YGR223C,YPR166C,0,1.1808813,0.13062769174575806,0.9881539940834045,0.6670671701431274
YOL065C,YMR037C,0,1.1802619,0.1306106448173523,0.9881539940834045,0.6671673059463501
YDL138W,YIR037W,0,1.1802115,0.13059361279010773,0.9881539940834045,0.6672674417495728
YER140W,YLR357W,0,1.1801758,0.13057656586170197,0.9881539940834045,0.6673675775527954
YKR048C,YCL057C-A,0,1.1800003,0.1305595338344574,0.9881539940834045,0.6674677133560181
YOR343W-A,YOL140W,0,1.1797317,0.13054251670837402,0.9881539940834045,0.6675678491592407
YER048W-A,YKR030W,0,1.1795133,0.13052549958229065,0.9881539940834045,0.6676679849624634
YER099C,YLR126C,0,1.1791722,0.13050846755504608,0.9881539940834045,0.667768120765686
YHR028C,YMR071C,0,1.1789507,0.1304914653301239,0.9881539940834045,0.6678682565689087
YER159C-A,YOR043W,0,1.178843,0.13047444820404053,0.9881539940834045,0.6679683327674866
YOR224C,YNL054W-B,0,1.1778134,0.13045744597911835,0.9881539940834045,0.6680684685707092
YLR459W,YNR050C,0,1.1776184,0.13044044375419617,0.9881539940834045,0.6681686043739319
YOR151C,YGR123C,0,1.1775664,0.13042345643043518,0.9881539940834045,0.6682687401771545
YER114C,YOR269W,0,1.1775142,0.1304064691066742,0.9881539940834045,0.6683688759803772
YDR329C,YPL281C,0,1.1760566,0.1303894817829132,0.9881539940834045,0.6684690117835999
YJR104C,YIL138C,0,1.1757178,0.13037249445915222,0.9881539940834045,0.6685691475868225
YML054C,YKL154W,0,1.1747028,0.13035552203655243,0.9881539940834045,0.6686692833900452
YOR348C,YPL204W,0,1.1744368,0.13033853471279144,0.9881539940834045,0.6687694191932678
YMR211W,YNL096C,0,1.1741796,0.13032157719135284,0.9881539940834045,0.6688695549964905
YOR384W,YDR261W-B,0,1.1740726,0.13030460476875305,0.9881539940834045,0.6689696311950684
YDL144C,YOR120W,0,1.1733377,0.13028764724731445,0.9881539940834045,0.669069766998291
YLR008C,YOR391C,0,1.1729318,0.13027068972587585,0.9881539940834045,0.6691699028015137
YDR166C,YJL189W,0,1.1723905,0.13025374710559845,0.9881539940834045,0.6692700386047363
YFR008W,YDR313C,0,1.1717924,0.13023678958415985,0.9881539940834045,0.669370174407959
YLR147C,YDR047W,0,1.1715568,0.13021984696388245,0.9881539940834045,0.6694703102111816
YDR077W,YDR507C,0,1.1715237,0.13020291924476624,0.9881539940834045,0.6695704460144043
YHR046C,YHR028C,0,1.1715041,0.13018597662448883,0.9881539940834045,0.669670581817627
YIL051C,YLR014C,0,1.1711639,0.13016904890537262,0.9881539940834045,0.6697707176208496
YJR065C,YOR217W,0,1.1687189,0.1301521211862564,0.9881539940834045,0.6698708534240723
YJL157C,YNL098C,0,1.1682057,0.1301352083683014,0.9881539940834045,0.6699709892272949
YNL280C,YGL157W,0,1.1681843,0.13011829555034637,0.9881539940834045,0.6700710654258728
YDL043C,YDR158W,0,1.1675489,0.13010138273239136,0.9881539940834045,0.6701712012290955
YGL210W,YDR358W,0,1.1671804,0.13008446991443634,0.9881539940834045,0.6702713370323181
YPL106C,YLR419W,0,1.1653602,0.13006757199764252,0.9881539940834045,0.6703714728355408
YJR143C,YDL184C,0,1.1653277,0.1300506740808487,0.9881539940834045,0.6704716086387634
YDR231C,YBR164C,0,1.1652968,0.13003377616405487,0.9881539940834045,0.6705717444419861
YPL111W,YLR441C,0,1.1637346,0.13001687824726105,0.9881539940834045,0.6706718802452087
YLR204W,YNL310C,0,1.163321,0.12999999523162842,0.9881539940834045,0.6707720160484314
YML106W,YDR034C-C,0,1.1630468,0.1299831122159958,0.9881539940834045,0.670872151851654
YDL210W,YER112W,0,1.1623479,0.12996624410152435,0.9881539940834045,0.6709722876548767
YAR019C,YNL244C,0,1.1613704,0.12994937598705292,0.9881539940834045,0.6710724234580994
YBR164C,YNL268W,0,1.1612562,0.12993250787258148,0.9881539940834045,0.6711724996566772
YPL231W,YDR228C,0,1.1604443,0.12991563975811005,0.9881539940834045,0.6712726354598999
YNR043W,YLR038C,0,1.1596904,0.1298987865447998,0.9881539940834045,0.6713727712631226
YGR295C,YDL115C,0,1.1596117,0.12988191843032837,0.9881539940834045,0.6714729070663452
YCR081W,YOR075W,0,1.1595361,0.12986508011817932,0.9881539940834045,0.6715730428695679
YGL249W,YGR002C,0,1.158999,0.12984822690486908,0.9881539940834045,0.6716731786727905
YHR013C,YOL140W,0,1.1586199,0.12983138859272003,0.9881539940834045,0.6717733144760132
YKL143W,YOL140W,0,1.1586008,0.12981455028057098,0.9881539940834045,0.6718734502792358
YHR021C,YNL306W,0,1.1581348,0.12979771196842194,0.9881539940834045,0.6719735860824585
YIL074C,YCR054C,0,1.1579897,0.12978088855743408,0.9881539940834045,0.6720737218856812
YDR012W,YJR089W,0,1.1576291,0.12976406514644623,0.9881539940834045,0.672173798084259
YNL149C,YJL008C,0,1.1561425,0.12974724173545837,0.9881539940834045,0.6722739338874817
YLR343W,YOR080W,0,1.156041,0.1297304332256317,0.9881539940834045,0.6723740696907043
YBR240C,YGR026W,0,1.1559651,0.12971362471580505,0.9881539940834045,0.672474205493927
YOL031C,YJL062W,0,1.1558605,0.1296968162059784,0.9881539940834045,0.6725743412971497
YKL109W,YOR337W,0,1.1552117,0.12968000769615173,0.9881539940834045,0.6726744771003723
YNL185C,YNL310C,0,1.1535814,0.12966321408748627,0.9881539940834045,0.672774612903595
YLR438C-A,YLR430W,0,1.1534672,0.1296464204788208,0.9881539940834045,0.6728747487068176
YBR050C,YNR070W,0,1.15197,0.12962962687015533,0.9881539940834045,0.6729748845100403
YML094W,YHR186C,0,1.1514444,0.12961284816265106,0.9881539940834045,0.6730750203132629
YHR025W,YIL039W,0,1.151422,0.1295960694551468,0.9881539940834045,0.6731751561164856
YBR048W,YDR228C,0,1.1508193,0.12957929074764252,0.9881539940834045,0.6732752323150635
YPL226W,YBR297W,0,1.1498227,0.12956251204013824,0.9881539940834045,0.6733753681182861
YBL057C,YBL055C,0,1.1494651,0.12954574823379517,0.9881539940834045,0.6734755039215088
YOR332W,YPL204W,0,1.148777,0.1295289844274521,0.9881539940834045,0.6735756397247314
YKL156W,YPL031C,0,1.1484036,0.129512220621109,0.9881539940834045,0.6736757755279541
YAR015W,YPR031W,0,1.147752,0.12949547171592712,0.9881539940834045,0.6737759113311768
YBR166C,YOR233W,0,1.1477168,0.12947872281074524,0.9881539940834045,0.6738760471343994
YDR297W,YEL058W,0,1.1472073,0.12946197390556335,0.9881539940834045,0.6739761829376221
YDL143W,YGL168W,0,1.1470435,0.12944523990154266,0.9881539940834045,0.6740763187408447
YDR436W,YOL125W,0,1.1466178,0.12942849099636078,0.9881539940834045,0.6741764545440674
YDR247W,YLR176C,0,1.1463809,0.12941177189350128,0.9881539940834045,0.6742765307426453
YLR439W,YNR016C,0,1.1462387,0.1293950378894806,0.9881539940834045,0.6743766665458679
YHL019C,YPL103C,0,1.1459547,0.1293783187866211,0.9881539940834045,0.6744768023490906
YDR418W,YKL028W,0,1.1457781,0.1293615847826004,0.9881539940834045,0.6745769381523132
YDR033W,YLR467W,0,1.1455939,0.1293448805809021,0.9881539940834045,0.6746770739555359
YHR025W,YMR303C,0,1.1450846,0.1293281614780426,0.9881539940834045,0.6747772097587585
YPR042C,YKL024C,0,1.1446284,0.1293114572763443,0.9881539940834045,0.6748773455619812
YMR006C,YGR086C,0,1.144378,0.129294753074646,0.9881539940834045,0.6749774813652039
YOR224C,YPR028W,0,1.1435552,0.1292780637741089,0.9881539940834045,0.6750776171684265
YNL128W,YGR135W,0,1.1435314,0.12926135957241058,0.9881539940834045,0.6751777529716492
YNR020C,YDR320C,0,1.143246,0.12924467027187347,0.9881539940834045,0.6752778887748718
YDR418W,YCL069W,0,1.1418953,0.12922799587249756,0.9881539940834045,0.6753779649734497
YMR142C,YOR315W,0,1.1415569,0.12921130657196045,0.9881539940834045,0.6754781007766724
YOL117W,YDL185W,0,1.1408446,0.12919463217258453,0.9881539940834045,0.675578236579895
YPR054W,YHR064C,0,1.1407585,0.12917795777320862,0.9881539940834045,0.6756783723831177
YNL310C,YDR486C,0,1.14048,0.1291612833738327,0.9881539940834045,0.6757785081863403
YHL009W-B,YIR036C,0,1.140461,0.12914462387561798,0.9881539940834045,0.675878643989563
YMR316W,YIL026C,0,1.1400379,0.12912796437740326,0.9881539940834045,0.6759787797927856
YDL192W,YOR069W,0,1.1395595,0.12911130487918854,0.9881539940834045,0.6760789155960083
YOR381W,YOR063W,0,1.1389847,0.129094660282135,0.9881539940834045,0.676179051399231
YKR014C,YCL027W,0,1.1389159,0.12907801568508148,0.9881539940834045,0.6762791872024536
YDR283C,YPR041W,0,1.1378022,0.12906137108802795,0.9881539940834045,0.6763792634010315
YOR181W,YGR241C,0,1.137286,0.12904472649097443,0.9881539940834045,0.6764793992042542
YOR175C,YPL174C,0,1.1365122,0.1290280967950821,0.9881539940834045,0.6765795350074768
YNL191W,YNL091W,0,1.136299,0.12901146709918976,0.9881539940834045,0.6766796708106995
YPR036W,YPL186C,0,1.1357412,0.12899485230445862,0.9881539940834045,0.6767798066139221
YBL093C,YPR158C-D,0,1.134614,0.12897822260856628,0.9881539940834045,0.6768799424171448
YER061C,YIL072W,0,1.1338823,0.12896160781383514,0.9881539940834045,0.6769800782203674
YLR283W,YLL022C,0,1.1333139,0.128944993019104,0.9881539940834045,0.6770802140235901
YER051W,YBL055C,0,1.133262,0.12892839312553406,0.9881539940834045,0.6771803498268127
YLR090W,YDR065W,0,1.1332439,0.12891177833080292,0.9881539940834045,0.6772804856300354
YJL008C,YBL082C,0,1.133008,0.12889517843723297,0.9881539940834045,0.6773806214332581
YER140W,YOR044W,0,1.1324173,0.12887859344482422,0.9881539940834045,0.6774806976318359
YDR219C,YIL138C,0,1.132312,0.12886199355125427,0.9881539940834045,0.6775808334350586
YLR439W,YHR099W,0,1.1321754,0.12884540855884552,0.9881539940834045,0.6776809692382812
YOR155C,YDR288W,0,1.1301712,0.12882882356643677,0.9881539940834045,0.6777811050415039
YER174C,YDR231C,0,1.1298422,0.1288122534751892,0.9881539940834045,0.6778812408447266
YCR072C,YHL016C,0,1.1282566,0.12879568338394165,0.9881539940834045,0.6779813766479492
YDR386W,YPL204W,1,1.1275601,0.12890775501728058,0.9891411662101746,0.6779813766479492
YGL003C,YKR009C,0,1.1272442,0.12889117002487183,0.9891411662101746,0.6780815124511719
YFR032C-A,YOL092W,0,1.1270196,0.12887459993362427,0.9891411662101746,0.6781816482543945
YFR032C-A,YBR198C,0,1.1270053,0.1288580298423767,0.9891411662101746,0.6782817840576172
YMR316W,YER068W,0,1.1266689,0.12884145975112915,0.9891411662101746,0.6783819198608398
YDR169C,YMR012W,0,1.1254947,0.1288248896598816,0.9891411662101746,0.6784820556640625
YDR529C,YJL008C,0,1.1253289,0.12880833446979523,0.9891411662101746,0.6785821318626404
YBR267W,YOR066W,0,1.1244045,0.12879177927970886,0.9891411662101746,0.678682267665863
YMR281W,YDL127W,0,1.1234148,0.1287752240896225,0.9891411662101746,0.6787824034690857
YBR058C,YNR016C,0,1.122092,0.12875866889953613,0.9891411662101746,0.6788825392723083
YBL106C,YHR117W,0,1.1214278,0.12874212861061096,0.9891411662101746,0.678982675075531
YBR176W,YML074C,0,1.1210507,0.1287255883216858,0.9891411662101746,0.6790828108787537
YHR036W,YDL095W,0,1.1207286,0.12870906293392181,0.9891411662101746,0.6791829466819763
YMR316W,YBR289W,0,1.1202108,0.12869252264499664,0.9891411662101746,0.679283082485199
YFL004W,YOR092W,0,1.1200328,0.12867599725723267,0.9891411662101746,0.6793832182884216
YBL106C,YIL093C,0,1.1198812,0.1286594718694687,0.9891411662101746,0.6794833540916443
YDR236C,YGR200C,0,1.1195313,0.1286429613828659,0.9891411662101746,0.6795834302902222
YML094W,YBR231C,0,1.1186184,0.12862645089626312,0.9891411662101746,0.6796835660934448
YER120W,YAL058W,0,1.1184541,0.12860994040966034,0.9891411662101746,0.6797837018966675
YMR235C,YDR071C,0,1.1182467,0.12859342992305756,0.9891411662101746,0.6798838376998901
YBR084W,YDR447C,0,1.1173689,0.12857693433761597,0.9891411662101746,0.6799839735031128
YDR418W,YJL121C,0,1.1173588,0.12856042385101318,0.9891411662101746,0.6800841093063354
YMR006C,YHL008C,0,1.117061,0.1285439431667328,0.9891411662101746,0.6801842451095581
YOR278W,YNL210W,0,1.1163424,0.1285274475812912,0.9891411662101746,0.6802843809127808
YJR110W,YBR160W,0,1.1160955,0.1285109668970108,0.9891411662101746,0.6803845167160034
YOR265W,YCR010C,0,1.1159352,0.1284944862127304,0.9891411662101746,0.6804846525192261
YDR299W,YDR071C,0,1.1146467,0.12847800552845,0.9891411662101746,0.6805847883224487
YOR224C,YOR374W,0,1.114593,0.1284615397453308,0.9891411662101746,0.6806848645210266
YBL103C,YKL059C,0,1.113663,0.1284450739622116,0.9891411662101746,0.6807850003242493
YPR005C,YLR237W,0,1.1133887,0.1284286081790924,0.9891411662101746,0.6808851361274719
YOR182C,YAL058W,0,1.1133804,0.1284121423959732,0.9891411662101746,0.6809852719306946
YJL158C,YDR313C,0,1.1133251,0.1283956915140152,0.9891411662101746,0.6810854077339172
YPR137C-B,YPL068C,0,1.1126136,0.1283792406320572,0.9891411662101746,0.6811855435371399
YBL078C,YFL002W-A,0,1.1121292,0.12836280465126038,0.9891411662101746,0.6812856793403625
YGR008C,YPR016C,0,1.1120983,0.12834635376930237,0.9891411662101746,0.6813858151435852
YHR017W,YDR313C,0,1.1114695,0.12832991778850555,0.9891411662101746,0.6814859509468079
YMR094W,YNL098C,0,1.1107603,0.12831348180770874,0.9891411662101746,0.6815860867500305
YHR207C,YGR001C,0,1.1105329,0.12829706072807312,0.9891411662101746,0.6816861629486084
YGL137W,YOL077C,0,1.1100903,0.1282806247472763,0.9891411662101746,0.681786298751831
YDR425W,YOR120W,0,1.109727,0.12826420366764069,0.9891411662101746,0.6818864345550537
YLR419W,YER120W,0,1.109446,0.12824779748916626,0.9891411662101746,0.6819865703582764
YJL165C,YLR356W,0,1.1093752,0.12823137640953064,0.9891411662101746,0.682086706161499
YHR101C,YBL064C,0,1.1073151,0.1282149702310562,0.9891411662101746,0.6821868419647217
YHL036W,YOR244W,0,1.106622,0.1281985640525818,0.9891411662101746,0.6822869777679443
YLR283W,YIL125W,0,1.1058525,0.12818217277526855,0.9891411662101746,0.682387113571167
YKL154W,YML048W,0,1.1042143,0.12816576659679413,0.9891411662101746,0.6824872493743896
YKR062W,YJL052W,0,1.1041825,0.1281493753194809,0.9891411662101746,0.6825873851776123
YBR160W,YOR374W,0,1.1039753,0.12813299894332886,0.9891411662101746,0.682687520980835
YPL121C,YCL027W,0,1.1037582,0.12811660766601562,0.9891411662101746,0.6827875971794128
YDL195W,YAL034W-A,0,1.1034178,0.1281002312898636,0.9891411662101746,0.6828877329826355
YAL010C,YIL051C,0,1.1031945,0.12808385491371155,0.9891411662101746,0.6829878687858582
YER053C,YDR313C,0,1.1019067,0.1280674785375595,0.9891411662101746,0.6830880045890808
YJR145C,YGL095C,0,1.101286,0.12805111706256866,0.9891411662101746,0.6831881403923035
YMR198W,YDR421W,0,1.1000537,0.12803475558757782,0.9891411662101746,0.6832882761955261
YMR098C,YLR441C,0,1.0999993,0.12801839411258698,0.9891411662101746,0.6833884119987488
YDR315C,YML087C,0,1.0990641,0.12800204753875732,0.9891411662101746,0.6834885478019714
YDR299W,YAL058W,0,1.0984361,0.12798570096492767,0.9891411662101746,0.6835886836051941
YAL010C,YFR006W,0,1.0983672,0.12796935439109802,0.9891411662101746,0.6836888194084167
YGL035C,YNL268W,0,1.0982045,0.12795300781726837,0.9891411662101746,0.6837889552116394
YDL101C,YGR220C,0,1.0974245,0.12793667614459991,0.9891411662101746,0.6838890314102173
YJR033C,YNL227C,0,1.0961835,0.12792034447193146,0.9891411662101746,0.6839891672134399
YPR158C-D,YBL023C,0,1.0944103,0.127904012799263,0.9891411662101746,0.6840893030166626
YBR159W,YLR450W,0,1.0940899,0.12788768112659454,0.9891411662101746,0.6841894388198853
YOR201C,YBL037W,0,1.093965,0.12787136435508728,0.9891411662101746,0.6842895746231079
YOL139C,YNL325C,0,1.0935906,0.12785504758358002,0.9891411662101746,0.6843897104263306
YPR036W,YER089C,0,1.0934031,0.12783873081207275,0.9891411662101746,0.6844898462295532
YGL213C,YPR063C,0,1.0927576,0.12782242894172668,0.9891411662101746,0.6845899820327759
YJR060W,YOR270C,0,1.0909939,0.12780612707138062,0.9891411662101746,0.6846901178359985
YBR213W,YPL214C,0,1.0908868,0.12778982520103455,0.9891411662101746,0.6847902536392212
YKL179C,YER126C,0,1.0903311,0.12777352333068848,0.9891411662101746,0.6848903298377991
YMR122W-A,YGR116W,0,1.0900667,0.1277572363615036,0.9891411662101746,0.6849904656410217
YPL281C,YMR311C,0,1.0899615,0.12774094939231873,0.9891411662101746,0.6850906014442444
YHR117W,YOR092W,0,1.0895618,0.12772466242313385,0.9891411662101746,0.685190737247467
YML018C,YKL108W,0,1.0883057,0.12770839035511017,0.9891411662101746,0.6852908730506897
YMR139W,YML081C-A,0,1.0882068,0.1276921182870865,0.9891411662101746,0.6853910088539124
YDR134C,YDL185W,0,1.0873103,0.1276758462190628,0.9891411662101746,0.685491144657135
YDR033W,YDR038C,0,1.0867591,0.12765957415103912,0.9891411662101746,0.6855912804603577
YHR116W,YPL214C,0,1.0856979,0.12764331698417664,0.9891411662101746,0.6856914162635803
YJL046W,YMR208W,0,1.0839037,0.12762705981731415,0.9891411662101746,0.685791552066803
YAR019C,YMR042W,0,1.083902,0.12761080265045166,0.9891411662101746,0.6858916878700256
YKL042W,YBR012W-B,0,1.082925,0.12759454548358917,0.9891411662101746,0.6859917640686035
YAL034W-A,YCL057C-A,0,1.0824502,0.12757830321788788,0.9891411662101746,0.6860918998718262
YDL136W,YGL178W,0,1.0823014,0.12756206095218658,0.9891411662101746,0.6861920356750488
YDR239C,YIR017C,0,1.0809368,0.1275458186864853,0.9891411662101746,0.6862921714782715
YJL044C,YKL034W,0,1.0808921,0.1275295913219452,0.9891411662101746,0.6863923072814941
YNR061C,YDL099W,0,1.0804577,0.1275133639574051,0.9891411662101746,0.6864924430847168
YOL105C,YER070W,0,1.0802569,0.127497136592865,0.9891411662101746,0.6865925788879395
YNL054W-B,YOR211C,0,1.0801327,0.1274809092283249,0.9891411662101746,0.6866927146911621
YJL143W,YPL157W,0,1.0796592,0.12746469676494598,0.9891411662101746,0.6867928504943848
YPR137C-B,YDR270W,0,1.0794963,0.12744848430156708,0.9891411662101746,0.6868929862976074
YPR096C,YNL151C,0,1.0791962,0.12743227183818817,0.9891411662101746,0.6869930624961853
YNL098C,YOR092W,0,1.0787497,0.12741607427597046,0.9891411662101746,0.687093198299408
YDR261W-B,YLR139C,0,1.0782669,0.12739987671375275,0.9891411662101746,0.6871933341026306
YBL024W,YDR400W,0,1.0779467,0.12738367915153503,0.9891411662101746,0.6872934699058533
YJL219W,YOL157C,0,1.0778819,0.12736748158931732,0.9891411662101746,0.6873936057090759
YPL226W,YJL190C,0,1.0776749,0.1273512989282608,0.9891411662101746,0.6874937415122986
YHR160C,YFR006W,0,1.077114,0.12733511626720428,0.9891411662101746,0.6875938773155212
YOR061W,YBL055C,0,1.0763265,0.12731893360614777,0.9891411662101746,0.6876940131187439
YMR290C,YMR094W,0,1.0761821,0.12730275094509125,0.9891411662101746,0.6877941489219666
YDR018C,YHR086W,0,1.0753745,0.12728658318519592,0.9891411662101746,0.6878942847251892
YGR263C,YKR104W,0,1.0746999,0.1272704154253006,0.9891411662101746,0.6879944205284119
YMR289W,YNR040W,0,1.0745497,0.12725424766540527,0.9891411662101746,0.6880944967269897
YHR076W,YBR291C,0,1.0743024,0.12723809480667114,0.9891411662101746,0.6881946325302124
YMR316W,YLR448W,0,1.0733359,0.127221941947937,0.9891411662101746,0.6882947683334351
YDR341C,YGL206C,0,1.072037,0.12720578908920288,0.9891411662101746,0.6883949041366577
YOR384W,YDL141W,0,1.0718334,0.12718963623046875,0.9891411662101746,0.6884950399398804
YNL210W,YHR017W,0,1.0704887,0.1271734982728958,0.9891411662101746,0.688595175743103
YPL074W,YMR312W,0,1.0704454,0.12715736031532288,0.9891411662101746,0.6886953115463257
YIL172C,YIL090W,0,1.0698396,0.12714122235774994,0.9891411662101746,0.6887954473495483
YNL077W,YLR109W,0,1.0694187,0.1271250993013382,0.9891411662101746,0.688895583152771
YDL229W,YJR045C,0,1.0693607,0.12710896134376526,0.9891411662101746,0.6889957189559937
YNL054W-B,YJL008C,0,1.0689828,0.1270928531885147,0.9891411662101746,0.6890957951545715
YNL293W,YGL222C,0,1.0658091,0.12707673013210297,0.9891411662101746,0.6891959309577942
YMR006C,YFL039C,0,1.0654718,0.12706060707569122,0.9891411662101746,0.6892960667610168
YGL147C,YPL089C,0,1.0645367,0.12704449892044067,0.9891411662101746,0.6893962025642395
YPL121C,YMR098C,0,1.0640677,0.12702839076519012,0.9891411662101746,0.6894963383674622
YGR162W,YDR483W,0,1.0640091,0.12701229751110077,0.9891411662101746,0.6895964741706848
YHR153C,YBL090W,0,1.0636733,0.1269962042570114,0.9891411662101746,0.6896966099739075
YJR016C,YJR089W,0,1.0634992,0.12698011100292206,0.9891411662101746,0.6897967457771301
YHL009W-B,YPR021C,0,1.0633276,0.1269640177488327,0.9891411662101746,0.6898968815803528
YBR164C,YPR042C,0,1.0632023,0.12694792449474335,0.9891411662101746,0.6899970173835754
YNR061C,YGL003C,0,1.0629135,0.12693184614181519,0.9891411662101746,0.6900971531867981
YMR290C,YBL101W-A,0,1.0622889,0.12691576778888702,0.9891411662101746,0.690197229385376
YOL092W,YBR164C,0,1.0620105,0.12689968943595886,0.9891411662101746,0.6902973651885986
YFL002W-A,YLR381W,0,1.0619754,0.1268836259841919,0.9891411662101746,0.6903975009918213
YOL103W,YJL080C,0,1.0619149,0.12686756253242493,0.9891411662101746,0.690497636795044
YJL072C,YOL157C,0,1.0609515,0.12685149908065796,0.9891411662101746,0.6905977725982666
YNL007C,YNL151C,0,1.0608007,0.126835435628891,0.9891411662101746,0.6906979084014893
YCR020C,YER053C,0,1.0607198,0.12681938707828522,0.9891411662101746,0.6907980442047119
YGR234W,YJL062W,0,1.0606072,0.12680333852767944,0.9891411662101746,0.6908981800079346
YER153C,YKR048C,0,1.0603122,0.12678728997707367,0.9891411662101746,0.6909983158111572
YMR088C,YHR044C,0,1.06022,0.1267712563276291,0.9891411662101746,0.6910984516143799
YGL205W,YJL153C,0,1.0600262,0.1267552226781845,0.9891411662101746,0.6911985874176025
YPL059W,YHR181W,0,1.0585774,0.12673918902873993,0.9891411662101746,0.6912986636161804
YPL091W,YGR154C,0,1.0581348,0.12672315537929535,0.9891411662101746,0.6913987994194031
YHL009W-B,YNL242W,0,1.0576217,0.12670713663101196,0.9891411662101746,0.6914989352226257
YKL011C,YLR097C,0,1.0560105,0.12669111788272858,0.9891411662101746,0.6915990710258484
YHR143W,YFR041C,0,1.0558957,0.1266750991344452,0.9891411662101746,0.691699206829071
YER099C,YCL031C,0,1.0558519,0.1266590803861618,0.9891411662101746,0.6917993426322937
YDR465C,YNR016C,0,1.0558385,0.1266430765390396,0.9891411662101746,0.6918994784355164
YIL138C,YPL204W,0,1.0544951,0.12662707269191742,0.9891411662101746,0.691999614238739
YIL111W,YML081C-A,0,1.0518374,0.12661106884479523,0.9891411662101746,0.6920997500419617
YOR046C,YCL059C,0,1.0505443,0.12659507989883423,0.9891411662101746,0.6921998858451843
YOR182C,YHR140W,0,1.0496053,0.12657907605171204,0.9891411662101746,0.6922999620437622
YNL311C,YOR096W,0,1.0482332,0.12656308710575104,0.9891411662101746,0.6924000978469849
YIR014W,YCR094W,0,1.0479507,0.12654711306095123,0.9891411662101746,0.6925002336502075
YDR060W,YIL113W,0,1.0479436,0.12653112411499023,0.9891411662101746,0.6926003694534302
YAL044C,YMR150C,0,1.0478518,0.12651515007019043,0.9891411662101746,0.6927005052566528
YLR433C,YJL148W,0,1.0475405,0.12649917602539062,0.9891411662101746,0.6928006410598755
YBR207W,YBL020W,0,1.0473342,0.12648321688175201,0.9891411662101746,0.6929007768630981
YIL171W,YCR028C,0,1.0470474,0.1264672428369522,0.9891411662101746,0.6930009126663208
YCR098C,YDR342C,0,1.0462551,0.1264512836933136,0.9891411662101746,0.6931010484695435
YLR214W,YNL091W,0,1.0453378,0.126435324549675,0.9891411662101746,0.6932011842727661
YER061C,YPL155C,0,1.0450921,0.12641938030719757,0.9891411662101746,0.6933013200759888
YLR371W,YDR261W-B,0,1.0449228,0.12640343606472015,0.9891411662101746,0.6934013962745667
YNL129W,YBL101W-A,0,1.0445664,0.12638749182224274,0.9891411662101746,0.6935015320777893
YMR217W,YGR124W,0,1.0438448,0.12637154757976532,0.9891411662101746,0.693601667881012
YOR240W,YLL001W,0,1.0437038,0.1263556182384491,0.9891411662101746,0.6937018036842346
YDL229W,YOR124C,0,1.0434868,0.12633967399597168,0.9891411662101746,0.6938019394874573
YGR263C,YER148W,0,1.042123,0.12632374465465546,0.9891411662101746,0.6939020752906799
YJL189W,YAL025C,0,1.0419375,0.12630783021450043,0.9891411662101746,0.6940022110939026
YBR092C,YLR045C,0,1.0415016,0.1262919008731842,0.9891411662101746,0.6941023468971252
YOL077C,YEL050C,0,1.0411458,0.12627598643302917,0.9891411662101746,0.6942024827003479
YOL127W,YER174C,0,1.0411161,0.12626008689403534,0.9891411662101746,0.6943026185035706
YLR204W,YDR529C,0,1.0388856,0.1262441724538803,0.9891411662101746,0.6944026947021484
YNL322C,YLR286C,0,1.0388242,0.12622827291488647,0.9891411662101746,0.6945028305053711
YIL051C,YLR176C,0,1.0387143,0.12621237337589264,0.9891411662101746,0.6946029663085938
YOL019W,YER112W,0,1.0384914,0.1261964738368988,0.9891411662101746,0.6947031021118164
YPL060W,YOR246C,0,1.0381511,0.12618058919906616,0.9891411662101746,0.6948032379150391
YJL102W,YGR071C,0,1.0374516,0.12616468966007233,0.9891411662101746,0.6949033737182617
YIL004C,YFR037C,0,1.037416,0.12614880502223969,0.9891411662101746,0.6950035095214844
YER184C,YKR030W,0,1.0373206,0.12613293528556824,0.9891411662101746,0.695103645324707
YLR385C,YBL037W,0,1.0371671,0.1261170506477356,0.9891411662101746,0.6952037811279297
YJR158W,YPL095C,0,1.0355368,0.12610118091106415,0.9891411662101746,0.6953039169311523
YOL030W,YDR261W-B,0,1.0352503,0.1260853111743927,0.9891411662101746,0.695404052734375
YDR052C,YDR239C,0,1.03506,0.12606945633888245,0.9891411662101746,0.6955041289329529
YML129C,YMR109W,0,1.0339348,0.126053586602211,0.9891411662101746,0.6956042647361755
YDL231C,YDR261W-B,0,1.0339223,0.12603773176670074,0.9891411662101746,0.6957044005393982
YOL156W,YAL012W,0,1.0328788,0.1260218769311905,0.9891411662101746,0.6958045363426208
YDR056C,YBR122C,0,1.0313061,0.12600603699684143,0.9891411662101746,0.6959046721458435
YMR100W,YKR059W,0,1.0306001,0.12599019706249237,0.9891411662101746,0.6960048079490662
YOR155C,YHR136C,0,1.0298815,0.1259743571281433,0.9891411662101746,0.6961049437522888
YMR130W,YJL025W,0,1.0295507,0.12595851719379425,0.9891411662101746,0.6962050795555115
YBR142W,YBL090W,0,1.028719,0.12594269216060638,0.9891411662101746,0.6963052153587341
YER068W,YNL189W,0,1.0279427,0.12592685222625732,0.9891411662101746,0.6964053511619568
YOR265W,YGL147C,0,1.0277896,0.12591102719306946,0.9891411662101746,0.6965054273605347
YDR322W,YOR337W,0,1.0275022,0.12589521706104279,0.9891411662101746,0.6966055631637573
YOR391C,YLR078C,0,1.0274235,0.12587939202785492,0.9891411662101746,0.69670569896698
YGL210W,YOL056W,0,1.027337,0.12586358189582825,0.9891411662101746,0.6968058347702026
YNL207W,YGR101W,0,1.0265377,0.12584777176380157,0.9891411662101746,0.6969059705734253
YLR418C,YER110C,0,1.0261184,0.1258319765329361,0.9891411662101746,0.697006106376648
YNL268W,YDL112W,0,1.0258402,0.12581616640090942,0.9891411662101746,0.6971062421798706
YDR329C,YLR121C,0,1.0255148,0.12580037117004395,0.9891411662101746,0.6972063779830933
YBR159W,YNL191W,0,1.0252864,0.12578459084033966,0.9891411662101746,0.6973065137863159
YML054C,YNL213C,0,1.0252059,0.12576879560947418,0.9891411662101746,0.6974066495895386
YMR166C,YJL025W,0,1.0249975,0.1257530152797699,0.9891411662101746,0.6975067853927612
YJL164C,YBL020W,0,1.0246967,0.1257372349500656,0.9891411662101746,0.6976068615913391
YML015C,YDR322W,0,1.02425,0.12572145462036133,0.9891411662101746,0.6977069973945618
YGL223C,YOL152W,0,1.0241686,0.12570568919181824,0.9891411662101746,0.6978071331977844
YBR048W,YMR204C,0,1.0233318,0.12568990886211395,0.9891411662101746,0.6979072690010071
YCR040W,YNR007C,0,1.0233257,0.12567414343357086,0.9891411662101746,0.6980074048042297
YDR056C,YDR115W,0,1.0228708,0.12565839290618896,0.9891411662101746,0.6981075406074524
YGR008C,YPL123C,0,1.0228641,0.12564262747764587,0.9891411662101746,0.698207676410675
YKL089W,YBR001C,0,1.0227382,0.12562687695026398,0.9891411662101746,0.6983078122138977
YHR067W,YNR043W,0,1.0221003,0.12561112642288208,0.9891411662101746,0.6984079480171204
YFL036W,YIL124W,0,1.0220917,0.12559539079666138,0.9891411662101746,0.698508083820343
YFL036W,YJL101C,0,1.0203707,0.12557964026927948,0.9891411662101746,0.6986082196235657
YOL092W,YGL090W,0,1.0201869,0.12556390464305878,0.9891411662101746,0.6987082958221436
YHL019C,YNL015W,0,1.0198162,0.12554818391799927,0.9891411662101746,0.6988084316253662
YDL231C,YPL154C,0,1.0196776,0.12553244829177856,0.9891411662101746,0.6989085674285889
YLL062C,YER159C-A,0,1.019504,0.12551672756671906,0.9891411662101746,0.6990087032318115
YNL325C,YLR120C,0,1.0194956,0.12550100684165955,0.9891411662101746,0.6991088390350342
YNR043W,YGL059W,0,1.0191202,0.12548528611660004,0.9891411662101746,0.6992089748382568
YML037C,YDR443C,0,1.0184786,0.12546956539154053,0.9891411662101746,0.6993091106414795
YML104C,YMR211W,0,1.0179548,0.1254538595676422,0.9891411662101746,0.6994092464447021
YJR110W,YHL009W-B,0,1.0157803,0.1254381537437439,0.9891411662101746,0.6995093822479248
YPL019C,YCL027W,0,1.0153122,0.12542246282100677,0.9891411662101746,0.6996095180511475
YBR164C,YOL149W,0,1.0152407,0.12540675699710846,0.9891411662101746,0.6997095942497253
YJR033C,YGR262C,0,1.0141315,0.12539106607437134,0.9891411662101746,0.699809730052948
YPL157W,YER184C,0,1.0140884,0.12537537515163422,0.9891411662101746,0.6999098658561707
YPL148C,YGR009C,0,1.0139179,0.1253596842288971,0.9891411662101746,0.7000100016593933
YHL008C,YBR241C,0,1.013811,0.12534400820732117,0.9891411662101746,0.700110137462616
YOR063W,YMR221C,0,1.0136981,0.12532833218574524,0.9891411662101746,0.7002102732658386
YIL027C,YDL130W-A,0,1.0133713,0.1253126561641693,0.9891411662101746,0.7003104090690613
YML106W,YML125C,0,1.0128903,0.12529698014259338,0.9891411662101746,0.7004105448722839
YMR139W,YPL059W,0,1.0124447,0.12528131902217865,0.9891411662101746,0.7005106806755066
YGR076C,YOR346W,0,1.0109038,0.12526565790176392,0.9891411662101746,0.7006108164787292
YBR291C,YDL060W,0,1.0107665,0.12524999678134918,0.9891411662101746,0.7007109522819519
YPR048W,YHR052W,0,1.0103499,0.12523435056209564,0.9891411662101746,0.7008110284805298
YDL143W,YHR171W,0,1.0100763,0.1252186894416809,0.9891411662101746,0.7009111642837524
YPL090C,YHR186C,0,1.009998,0.12520304322242737,0.9891411662101746,0.7010113000869751
YOR175C,YIL124W,0,1.008404,0.12518741190433502,0.9891411662101746,0.7011114358901978
YBR041W,YFR015C,0,1.0083731,0.12517176568508148,0.9891411662101746,0.7012115716934204
YDR071C,YPL143W,0,1.008249,0.12515613436698914,0.9891411662101746,0.7013117074966431
YFL002W-A,YLR127C,0,1.0080957,0.1251405030488968,0.9891411662101746,0.7014118432998657
YBL039C,YGL178W,0,1.0080522,0.12512487173080444,0.9891411662101746,0.7015119791030884
YDR329C,YDR524C,0,1.0078957,0.1251092553138733,0.9891411662101746,0.701612114906311
YNR022C,YDR447C,0,1.0078263,0.12509363889694214,0.9891411662101746,0.7017122507095337
YLR343W,YLL022C,0,1.0068927,0.125078022480011,0.9891411662101746,0.7018123269081116
YAL012W,YDR166C,0,1.0066307,0.12506240606307983,0.9891411662101746,0.7019124627113342
YPR028W,YHR086W,0,1.0064092,0.12504680454730988,0.9891411662101746,0.7020125985145569
YOR181W,YDR050C,0,1.0062615,0.12503118813037872,0.9891411662101746,0.7021127343177795
YHR017W,YBR040W,0,1.0040218,0.12501560151576996,0.9891411662101746,0.7022128701210022
YJR134C,YBR297W,0,1.0039225,0.125,0.9891411662101746,0.7023130059242249
YDR236C,YBR245C,0,1.0034572,0.12498440593481064,0.9891411662101746,0.7024131417274475
YDL141W,YNR040W,0,1.0024939,0.12496881932020187,0.9891411662101746,0.7025132775306702
YNL280C,YDR033W,0,1.0014038,0.12495323270559311,0.9891411662101746,0.7026134133338928
YJL019W,YIL009C-A,0,1.001096,0.12493765354156494,0.9891411662101746,0.7027135491371155
YLR343W,YDR228C,0,1.000748,0.12492208182811737,0.9891411662101746,0.7028136849403381
YJR094W-A,YJR059W,0,1.0004705,0.1249065101146698,0.9891411662101746,0.702913761138916
YER056C-A,YPL157W,0,1.0000768,0.12489093840122223,0.9891411662101746,0.7030138969421387
YGL161C,YJR022W,0,0.9994099,0.12487537413835526,0.9891411662101746,0.7031140327453613
YOR063W,YJL008C,0,0.9983911,0.12485980987548828,0.9891411662101746,0.703214168548584
YLR040C,YPR016C,0,0.998245,0.1248442530632019,0.9891411662101746,0.7033143043518066
YML043C,YBL060W,0,0.99797976,0.12482870370149612,0.9891411662101746,0.7034144401550293
YGL123W,YLR176C,0,0.9975789,0.12481315433979034,0.9891411662101746,0.703514575958252
YHL019C,YIL155C,0,0.99743235,0.12479760497808456,0.9891411662101746,0.7036147117614746
YNL306W,YNR045W,0,0.99650383,0.12478207051753998,0.9891411662101746,0.7037148475646973
YIL124W,YOR221C,0,0.9962487,0.1247665286064148,0.9891411662101746,0.7038149833679199
YDR261W-B,YBL023C,0,0.9951457,0.12475099414587021,0.9891411662101746,0.7039151191711426
YKL183W,YER126C,0,0.99492985,0.12473546713590622,0.9891411662101746,0.7040151953697205
YJL125C,YIL155C,0,0.99470997,0.12471994012594223,0.9891411662101746,0.7041153311729431
YOL019W,YJL025W,0,0.99463606,0.12470442056655884,0.9891411662101746,0.7042154669761658
YHL009W-B,YMR188C,0,0.9942627,0.12468890100717545,0.9891411662101746,0.7043156027793884
YGR026W,YER133W,0,0.9940821,0.12467338889837265,0.9891411662101746,0.7044157385826111
YBR164C,YER089C,0,0.9940612,0.12465787678956985,0.9891411662101746,0.7045158743858337
YOR192C-B,YNR020C,0,0.9940578,0.12464237213134766,0.9891411662101746,0.7046160101890564
YPL269W,YML087C,0,0.9940104,0.12462686747312546,0.9891411662101746,0.704716145992279
YOR192C-A,YCR004C,0,0.9937118,0.12461137026548386,0.9891411662101746,0.7048162817955017
YNR011C,YKL109W,0,0.9911067,0.12459587305784225,0.9891411662101746,0.7049164175987244
YNL306W,YJL090C,0,0.99061203,0.12458038330078125,0.9891411662101746,0.7050164937973022
YML094W,YBR166C,0,0.98962307,0.12456489354372025,0.9891411662101746,0.7051166296005249
YDL231C,YEL002C,0,0.9893916,0.12454941123723984,0.9891411662101746,0.7052167654037476
YOR167C,YPR073C,0,0.9892919,0.12453392893075943,0.9891411662101746,0.7053169012069702
YML116W,YDR379W,0,0.98798263,0.12451845407485962,0.9891411662101746,0.7054170370101929
YDR253C,YPL214C,0,0.98754793,0.12450297921895981,0.9891411662101746,0.7055171728134155
YIL051C,YDR096W,0,0.98702514,0.1244875118136406,0.9891411662101746,0.7056173086166382
YGL161C,YPL202C,0,0.98689383,0.12447205185890198,0.9891411662101746,0.7057174444198608
YOR337W,YNR047W,0,0.98598796,0.12445659190416336,0.9891411662101746,0.7058175802230835
YLR287C-A,YBR185C,0,0.98578125,0.12444113194942474,0.9891411662101746,0.7059177160263062
YLR287C-A,YLR430W,0,0.9853043,0.12442567944526672,0.9891411662101746,0.7060178518295288
YHR028C,YMR022W,0,0.9852936,0.1244102343916893,0.9891411662101746,0.7061179280281067
YGR088W,YGR220C,0,0.9852717,0.12439478933811188,0.9891411662101746,0.7062180638313293
YDR322W,YPR031W,0,0.9852623,0.12437934428453445,0.9891411662101746,0.706318199634552
YDR388W,YBR092C,0,0.98514205,0.12436390668153763,0.9891411662101746,0.7064183354377747
YHL019C,YOL103W,0,0.98474663,0.1243484765291214,0.9891411662101746,0.7065184712409973
YHR092C,YPL019C,0,0.98371106,0.12433304637670517,0.9891411662101746,0.70661860704422
YGL206C,YKL010C,0,0.98362124,0.12431761622428894,0.9891411662101746,0.7067187428474426
YPR028W,YPL153C,0,0.9834913,0.12430219352245331,0.9891411662101746,0.7068188786506653
YHR215W,YAR018C,0,0.9815879,0.12428677827119827,0.9891411662101746,0.7069190144538879
YPR158C-D,YDL184C,0,0.98115396,0.12427136301994324,0.9891411662101746,0.7070191502571106
YOL157C,YDR298C,0,0.9803277,0.1242559552192688,0.9891411662101746,0.7071192264556885
YGL178W,YML070W,0,0.9802828,0.12424054741859436,0.9891411662101746,0.7072193622589111
YPL157W,YJR126C,0,0.9799658,0.12422513961791992,0.9891411662101746,0.7073194980621338
YGR124W,YOR039W,0,0.977165,0.12420974671840668,0.9891411662101746,0.7074196338653564
YKR061W,YLR014C,0,0.9765595,0.12419434636831284,0.9891411662101746,0.7075197696685791
YLR192C,YER045C,0,0.9762654,0.12417895346879959,0.9891411662101746,0.7076199054718018
YDR532C,YPL089C,0,0.9760078,0.12416356801986694,0.9891411662101746,0.7077200412750244
YEL064C,YDR322W,0,0.9759304,0.1241481825709343,0.9891411662101746,0.7078201770782471
YOR278W,YKL183W,0,0.97543365,0.12413280457258224,0.9891411662101746,0.7079203128814697
YAL053W,YOL056W,0,0.9746163,0.1241174265742302,0.9891411662101746,0.7080204486846924
YDL192W,YGL084C,0,0.9740121,0.12410205602645874,0.9891411662101746,0.708120584487915
YIL093C,YLR014C,0,0.9736125,0.12408668547868729,0.9891411662101746,0.7082206606864929
YGL210W,YOR332W,0,0.97137177,0.12407132238149643,0.9891411662101746,0.7083207964897156
YML054C,YKL017C,0,0.9707918,0.12405595928430557,0.9891411662101746,0.7084209322929382
YMR166C,YML113W,0,0.9706314,0.12404060363769531,0.9891411662101746,0.7085210680961609
YJR016C,YGL178W,0,0.97062624,0.12402524799108505,0.9891411662101746,0.7086212038993835
YGL251C,YGR135W,0,0.96963584,0.12400989979505539,0.9891411662101746,0.7087213397026062
YHR143W,YDR044W,0,0.9695146,0.12399455159902573,0.9891411662101746,0.7088214755058289
YPL157W,YLR127C,0,0.9685889,0.12397921085357666,0.9891411662101746,0.7089216113090515
YCR096C,YPR073C,0,0.9673419,0.12396387755870819,0.9891411662101746,0.7090217471122742
YDL019C,YDR298C,0,0.9664331,0.12394853681325912,0.9891411662101746,0.7091218829154968
YIL150C,YLR448W,0,0.9658507,0.12393321096897125,0.9891411662101746,0.7092219591140747
YMR100W,YDR420W,0,0.9657164,0.12391788512468338,0.9891411662101746,0.7093220949172974
YER159C-A,YHL004W,0,0.965705,0.12390255928039551,0.9891411662101746,0.70942223072052
YLR283W,YJL041W,0,0.9652193,0.12388724088668823,0.9891411662101746,0.7095223665237427
YDL019C,YPL022W,0,0.96472526,0.12387192249298096,0.9891411662101746,0.7096225023269653
YHR028C,YFL041W,0,0.96471477,0.12385661154985428,0.9891411662101746,0.709722638130188
YOR047C,YDL184C,0,0.96466696,0.1238413080573082,0.9891411662101746,0.7098227739334106
YJR097W,YGR200C,0,0.9645334,0.12382600456476212,0.9891411662101746,0.7099229097366333
YPL144W,YPL019C,0,0.9644942,0.12381070107221603,0.9891411662101746,0.710023045539856
YHR215W,YBR291C,0,0.96431816,0.12379540503025055,0.9891411662101746,0.7101231813430786
YDR033W,YNL218W,0,0.9636536,0.12378010898828506,0.9891411662101746,0.7102233171463013
YDL067C,YMR303C,0,0.9627037,0.12376482039690018,0.9891411662101746,0.7103233933448792
YGL120C,YPL031C,0,0.9625938,0.12374953925609589,0.9891411662101746,0.7104235291481018
YLR364W,YBR164C,0,0.96210736,0.1237342581152916,0.9891411662101746,0.7105236649513245
YLL001W,YPR047W,0,0.96125644,0.1237189769744873,0.9891411662101746,0.7106238007545471
YDR481C,YDR031W,0,0.96092165,0.12370370328426361,0.9891411662101746,0.7107239365577698
YPL144W,YIR037W,0,0.96040666,0.12368843704462051,0.9891411662101746,0.7108240723609924
YDL069C,YBR289W,0,0.9597092,0.12367317080497742,0.9891411662101746,0.7109242081642151
YHR184W,YNL244C,0,0.9590742,0.12365790456533432,0.9891411662101746,0.7110243439674377
YBL075C,YJR065C,0,0.95866954,0.12364264577627182,0.9891411662101746,0.7111244797706604
YER087C-A,YDR252W,0,0.9583322,0.12362738698720932,0.9891411662101746,0.7112246155738831
YEL059C-A,YOL007C,0,0.9569827,0.12361213564872742,0.9891411662101746,0.7113247513771057
YCR072C,YNL301C,0,0.9560876,0.12359689176082611,0.9891411662101746,0.7114248275756836
YJR015W,YKL042W,0,0.95553666,0.1235816478729248,0.9891411662101746,0.7115249633789062
YNL096C,YMR017W,0,0.95527697,0.1235664039850235,0.9891411662101746,0.7116250991821289
YIL111W,YDR014W,0,0.9551012,0.12355117499828339,0.9891411662101746,0.7117252349853516
YOR155C,YKL179C,0,0.9544481,0.12353593856096268,0.9891411662101746,0.7118253707885742
YER111C,YMR017W,0,0.9539658,0.12352070957422256,0.9891411662101746,0.7119255065917969
YGL213C,YER126C,0,0.95396364,0.12350548803806305,0.9891411662101746,0.7120256423950195
YMR006C,YDR356W,0,0.95300627,0.12349026650190353,0.9891411662101746,0.7121257781982422
YNL091W,YGR061C,0,0.9520111,0.12347504496574402,0.9891411662101746,0.7122259140014648
YOL117W,YJL056C,0,0.9518964,0.1234598308801651,0.9891411662101746,0.7123260498046875
YHR017W,YDR400W,0,0.9515924,0.12344462424516678,0.9891411662101746,0.7124261260032654
YHR105W,YDR032C,0,0.9513539,0.12342941761016846,0.9891411662101746,0.712526261806488
YOR039W,YFL037W,0,0.95126206,0.12341421097517014,0.9891411662101746,0.7126263976097107
YDR465C,YER053C,0,0.95122486,0.12339901179075241,0.9891411662101746,0.7127265334129333
YGL161C,YDR118W,0,0.9512011,0.12338382005691528,0.9891411662101746,0.712826669216156
YHR171W,YPL101W,0,0.9511697,0.12336862832307816,0.9891411662101746,0.7129268050193787
YGL021W,YOL133W,0,0.9509644,0.12335344403982162,0.9891411662101746,0.7130269408226013
YPL204W,YOR217W,1,0.950832,0.12346135079860687,0.9901283383369446,0.7130269408226013
YKL089W,YGR135W,0,0.95038295,0.12344615161418915,0.9901283383369446,0.713127076625824
YPL059W,YDR069C,0,0.95029926,0.12343095988035202,0.9901283383369446,0.7132272124290466
YBR205W,YHR181W,0,0.9487349,0.12341577559709549,0.9901283383369446,0.7133273482322693
YPL060W,YBL039C,0,0.9484115,0.12340059131383896,0.9901283383369446,0.7134274840354919
YIL051C,YCR081W,0,0.94824487,0.12338540703058243,0.9901283383369446,0.7135275602340698
YKL088W,YOL105C,0,0.9478091,0.1233702301979065,0.9901283383369446,0.7136276960372925
YKL089W,YNL280C,0,0.94762236,0.12335506081581116,0.9901283383369446,0.7137278318405151
YIL034C,YMR256C,0,0.9459629,0.12333989143371582,0.9901283383369446,0.7138279676437378
YGL137W,YKL156W,0,0.94584596,0.12332472950220108,0.9901283383369446,0.7139281034469604
YNL330C,YGR218W,0,0.9456879,0.12330956757068634,0.9901283383369446,0.7140282392501831
YFL047W,YKL212W,0,0.9452409,0.1232944056391716,0.9901283383369446,0.7141283750534058
YAL023C,YGR184C,0,0.9452077,0.12327925115823746,0.9901283383369446,0.7142285108566284
YPR005C,YNL115C,0,0.94490075,0.12326410412788391,0.9901283383369446,0.7143286466598511
YGR263C,YCL063W,0,0.94391775,0.12324895709753036,0.9901283383369446,0.7144287824630737
YOR096W,YLR074C,0,0.9437877,0.12323381006717682,0.9901283383369446,0.7145288586616516
YJR016C,YJR155W,0,0.94328374,0.12321867048740387,0.9901283383369446,0.7146289944648743
YBL082C,YOR014W,0,0.94281876,0.12320353835821152,0.9901283383369446,0.7147291302680969
YOR150W,YMR165C,0,0.94167215,0.12318840622901917,0.9901283383369446,0.7148292660713196
YLR158C,YKL116C,0,0.94115776,0.12317327409982681,0.9901283383369446,0.7149294018745422
YNL227C,YDR402C,0,0.940326,0.12315815687179565,0.9901283383369446,0.7150295376777649
YAR015W,YCR053W,0,0.9395337,0.1231430321931839,0.9901283383369446,0.7151296734809875
YJL072C,YLR356W,0,0.9392267,0.12312791496515274,0.9901283383369446,0.7152298092842102
YER048W-A,YNL244C,0,0.9360077,0.12311280518770218,0.9901283383369446,0.7153299450874329
YIL074C,YKL028W,0,0.93501955,0.12309769541025162,0.9901283383369446,0.7154300808906555
YDR347W,YDR169C,0,0.9349527,0.12308258563280106,0.9901283383369446,0.7155302166938782
YHR028C,YKL140W,0,0.9346618,0.12306748330593109,0.9901283383369446,0.715630292892456
YHR052W,YDL017W,0,0.9341655,0.12305238842964172,0.9901283383369446,0.7157304286956787
YLR147C,YML115C,0,0.93353754,0.12303729355335236,0.9901283383369446,0.7158305644989014
YML005W,YER180C,0,0.93172574,0.12302219867706299,0.9901283383369446,0.715930700302124
YKL011C,YDR011W,0,0.9316608,0.12300711125135422,0.9901283383369446,0.7160308361053467
YLR370C,YIL004C,0,0.93093216,0.12299203127622604,0.9901283383369446,0.7161309719085693
YJL153C,YHR136C,0,0.9307259,0.12297695130109787,0.9901283383369446,0.716231107711792
YJL072C,YDL146W,0,0.9304415,0.1229618713259697,0.9901283383369446,0.7163312435150146
YER086W,YGR071C,0,0.93020856,0.12294679880142212,0.9901283383369446,0.7164313793182373
YGL249W,YOL117W,0,0.92854244,0.12293173372745514,0.9901283383369446,0.71653151512146
YNR045W,YAR018C,0,0.9284526,0.12291666865348816,0.9901283383369446,0.7166315913200378
YNL112W,YPL220W,0,0.9252776,0.12290160357952118,0.9901283383369446,0.7167317271232605
YHR186C,YKL056C,0,0.92525434,0.1228865459561348,0.9901283383369446,0.7168318629264832
YGR292W,YCL050C,0,0.923592,0.12287149578332901,0.9901283383369446,0.7169319987297058
YDR299W,YJR060W,0,0.92324007,0.12285644561052322,0.9901283383369446,0.7170321345329285
YLR446W,YKL034W,0,0.9229413,0.12284139543771744,0.9901283383369446,0.7171322703361511
YML106W,YOR116C,0,0.92287576,0.12282635271549225,0.9901283383369446,0.7172324061393738
YKL108W,YGR027W-B,0,0.92279685,0.12281131744384766,0.9901283383369446,0.7173325419425964
YDR510W,YNL189W,0,0.9219996,0.12279627472162247,0.9901283383369446,0.7174326777458191
YHR025W,YAL013W,0,0.9215561,0.12278124690055847,0.9901283383369446,0.7175328135490417
YJR134C,YKL024C,0,0.9214597,0.12276621907949448,0.9901283383369446,0.7176329493522644
YML042W,YIL009C-A,0,0.9207493,0.12275119125843048,0.9901283383369446,0.7177330255508423
YIL111W,YBR058C-A,0,0.9203435,0.12273617088794708,0.9901283383369446,0.7178331613540649
YDR424C,YDR052C,0,0.91875285,0.12272115796804428,0.9901283383369446,0.7179332971572876
YBL030C,YMR022W,0,0.9177147,0.12270614504814148,0.9901283383369446,0.7180334329605103
YLR100W,YEL002C,0,0.9172872,0.12269113212823868,0.9901283383369446,0.7181335687637329
YDR265W,YNR001C,0,0.91682464,0.12267612665891647,0.9901283383369446,0.7182337045669556
YMR100W,YGL123W,0,0.91629314,0.12266112118959427,0.9901283383369446,0.7183338403701782
YKR038C,YLR438C-A,0,0.91615736,0.12264612317085266,0.9901283383369446,0.7184339761734009
YPL144W,YLR204W,0,0.9158753,0.12263112515211105,0.9901283383369446,0.7185341119766235
YEL059C-A,YDR065W,0,0.9157814,0.12261613458395004,0.9901283383369446,0.7186342477798462
YDR060W,YNL213C,0,0.91569185,0.12260115146636963,0.9901283383369446,0.7187343835830688
YNL299W,YIL148W,1,0.9153503,0.12270838767290115,0.9911155104637146,0.7187343835830688
YOR120W,YPL095C,0,0.9151827,0.12269338965415955,0.9911155104637146,0.7188344597816467
YMR166C,YMR012W,0,0.9142417,0.12267839908599854,0.9911155104637146,0.7189345955848694
YJR059W,YKL056C,0,0.91373014,0.12266340851783752,0.9911155104637146,0.719034731388092
YDR013W,YER180C,0,0.9129229,0.12264842540025711,0.9911155104637146,0.7191348671913147
YMR256C,YCL061C,0,0.9123887,0.1226334422826767,0.9911155104637146,0.7192350029945374
YDR341C,YDR038C,0,0.9109839,0.12261846661567688,0.9911155104637146,0.71933513879776
YJR029W,YAR010C,0,0.91086185,0.12260349094867706,0.9911155104637146,0.7194352746009827
YCR077C,YOL149W,0,0.90999067,0.12258852273225784,0.9911155104637146,0.7195354104042053
YGR274C,YER044C,0,0.9099005,0.12257355451583862,0.9911155104637146,0.719635546207428
YMR281W,YLR438C-A,0,0.9093768,0.12255859375,0.9911155104637146,0.7197356820106506
YPR098C,YML005W,0,0.90894175,0.12254363298416138,0.9911155104637146,0.7198357582092285
YJL170C,YBR105C,0,0.9088131,0.12252867966890335,0.9911155104637146,0.7199358940124512
YLR459W,YNL206C,0,0.9079518,0.12251372635364532,0.9911155104637146,0.7200360298156738
YER068W,YDL204W,0,0.9077178,0.1224987804889679,0.9911155104637146,0.7201361656188965
YOR151C,YCR094W,0,0.9067061,0.12248383462429047,0.9911155104637146,0.7202363014221191
YDL051W,YPL226W,0,0.90565133,0.12246889621019363,0.9911155104637146,0.7203364372253418
YJR015W,YGL141W,0,0.9033708,0.1224539577960968,0.9911155104637146,0.7204365730285645
YHL047C,YOR347C,0,0.90211785,0.12243902683258057,0.9911155104637146,0.7205367088317871
YOL117W,YOR270C,0,0.9010111,0.12242409586906433,0.9911155104637146,0.7206368446350098
YMR004W,YBR251W,0,0.90068126,0.1224091649055481,0.9911155104637146,0.7207369804382324
YER096W,YLR357W,0,0.89921683,0.12239424884319305,0.9911155104637146,0.7208371162414551
YJL165C,YLR207W,0,0.8970957,0.12237932533025742,0.9911155104637146,0.720937192440033
YAL020C,YER106W,0,0.89659446,0.12236440926790237,0.9911155104637146,0.7210373282432556
YNR050C,YBR058C,0,0.8963963,0.12234950065612793,0.9911155104637146,0.7211374640464783
YNL291C,YHL036W,0,0.8943425,0.12233459204435349,0.9911155104637146,0.7212375998497009
YDR238C,YGR234W,0,0.89431834,0.12231969088315964,0.9911155104637146,0.7213377356529236
YER025W,YAL008W,0,0.8930775,0.12230478972196579,0.9911155104637146,0.7214378714561462
YOR265W,YDR387C,0,0.89251703,0.12228988856077194,0.9911155104637146,0.7215380072593689
YMR088C,YBL093C,0,0.89181346,0.12227499485015869,0.9911155104637146,0.7216381430625916
YIL072W,YHR010W,0,0.8908334,0.12226010859012604,0.9911155104637146,0.7217382788658142
YKL183W,YER082C,0,0.890095,0.12224522233009338,0.9911155104637146,0.7218384146690369
YMR098C,YDR032C,0,0.88957876,0.12223033607006073,0.9911155104637146,0.7219384908676147
YGL173C,YLR467W,0,0.8894839,0.12221545726060867,0.9911155104637146,0.7220386266708374
YGL191W,YDR044W,0,0.8886843,0.12220058590173721,0.9911155104637146,0.7221387624740601
YML018C,YLR192C,0,0.8885706,0.12218571454286575,0.9911155104637146,0.7222388982772827
YMR290C,YCL055W,0,0.88815606,0.1221708431839943,0.9911155104637146,0.7223390340805054
YNL159C,YCL055W,0,0.8873869,0.12215597927570343,0.9911155104637146,0.722439169883728
YNL306W,YCR075C,0,0.8872505,0.12214112281799316,0.9911155104637146,0.7225393056869507
YLR098C,YLR097C,0,0.88704205,0.1221262589097023,0.9911155104637146,0.7226394414901733
YLR276C,YDL110C,0,0.8867475,0.12211140990257263,0.9911155104637146,0.722739577293396
YFL041W,YKL109W,0,0.88667715,0.12209656089544296,0.9911155104637146,0.7228397130966187
YGR241C,YER153C,0,0.88666093,0.1220817118883133,0.9911155104637146,0.7229398488998413
YBR105C,YPL026C,0,0.8864143,0.12206687033176422,0.9911155104637146,0.7230399250984192
YER048W-A,YGR220C,0,0.88629794,0.12205202877521515,0.9911155104637146,0.7231400609016418
YNL248C,YIL115C,0,0.88619107,0.12203719466924667,0.9911155104637146,0.7232401967048645
YIL126W,YPR122W,0,0.8855895,0.1220223605632782,0.9911155104637146,0.7233403325080872
YMR163C,YBL090W,0,0.8854011,0.12200753390789032,0.9911155104637146,0.7234404683113098
YOL100W,YNL119W,0,0.8849653,0.12199270725250244,0.9911155104637146,0.7235406041145325
YOL030W,YLR357W,0,0.88483727,0.12197788804769516,0.9911155104637146,0.7236407399177551
YDR071C,YCR054C,0,0.8841384,0.12196306884288788,0.9911155104637146,0.7237408757209778
YEL054C,YBR299W,0,0.88354033,0.1219482570886612,0.9911155104637146,0.7238410115242004
YER113C,YDR380W,0,0.8830081,0.12193344533443451,0.9911155104637146,0.7239411473274231
YHR027C,YNL227C,0,0.88255507,0.12191864103078842,0.9911155104637146,0.7240412831306458
YLR126C,YOR092W,0,0.88200384,0.12190383672714233,0.9911155104637146,0.7241413593292236
YBR097W,YIL039W,0,0.88185394,0.12188903987407684,0.9911155104637146,0.7242414951324463
YKL140W,YHL016C,0,0.88150924,0.12187424302101135,0.9911155104637146,0.724341630935669
YHR172W,YIL078W,0,0.8809396,0.12185944616794586,0.9911155104637146,0.7244417667388916
YFL004W,YLR096W,0,0.88007224,0.12184465676546097,0.9911155104637146,0.7245419025421143
YMR221C,YHR117W,0,0.87915844,0.12182987481355667,0.9911155104637146,0.7246420383453369
YNL322C,YMR128W,0,0.87904966,0.12181509286165237,0.9911155104637146,0.7247421741485596
YOR373W,YDR326C,0,0.87896585,0.12180031836032867,0.9911155104637146,0.7248423099517822
YGL249W,YER180C,0,0.8787215,0.12178554385900497,0.9911155104637146,0.7249424457550049
YFL004W,YGL253W,0,0.87808865,0.12177076935768127,0.9911155104637146,0.7250425815582275
YOR167C,YNL166C,0,0.8777704,0.12175600230693817,0.9911155104637146,0.7251426577568054
YOL065C,YFL002W-A,0,0.87724054,0.12174124270677567,0.9911155104637146,0.7252427935600281
YPR102C,YBR166C,0,0.8765812,0.12172647565603256,0.9911155104637146,0.7253429293632507
YFL029C,YCR040W,0,0.8762365,0.12171172350645065,0.9911155104637146,0.7254430651664734
YDR003W,YMR311C,0,0.8757962,0.12169697135686874,0.9911155104637146,0.725543200969696
YIL074C,YBL023C,0,0.8748576,0.12168221920728683,0.9911155104637146,0.7256433367729187
YLR448W,YDR501W,0,0.8729607,0.12166747450828552,0.9911155104637146,0.7257434725761414
YBR166C,YOL080C,0,0.8722279,0.12165272980928421,0.9911155104637146,0.725843608379364
YOL139C,YLR207W,0,0.87206423,0.1216379925608635,0.9911155104637146,0.7259437441825867
YJL033W,YNL166C,0,0.87063015,0.12162325531244278,0.9911155104637146,0.7260438799858093
YOR047C,YHR101C,0,0.870027,0.12160852551460266,0.9911155104637146,0.726144015789032
YDR418W,YDR313C,0,0.86757267,0.12159379571676254,0.9911155104637146,0.7262440919876099
YLR038C,YDR117C,0,0.866736,0.12157907336950302,0.9911155104637146,0.7263442277908325
YHR076W,YER095W,0,0.8663549,0.1215643510222435,0.9911155104637146,0.7264443635940552
YPR063C,YML081C-A,0,0.8663356,0.12154963612556458,0.9911155104637146,0.7265444993972778
YER140W,YIL026C,0,0.86537075,0.12153492122888565,0.9911155104637146,0.7266446352005005
YPL206C,YNL007C,0,0.8647527,0.12152021378278732,0.9911155104637146,0.7267447710037231
YDL144C,YHR181W,0,0.86448884,0.121505506336689,0.9911155104637146,0.7268449068069458
YHR021C,YFL036W,0,0.86434567,0.12149080634117126,0.9911155104637146,0.7269450426101685
YPL144W,YBR123C,0,0.86404645,0.12147610634565353,0.9911155104637146,0.7270451784133911
YNL101W,YNL325C,0,0.86357796,0.1214614063501358,0.9911155104637146,0.7271453142166138
YIL093C,YOL007C,0,0.8624506,0.12144671380519867,0.9911155104637146,0.7272453904151917
YDR036C,YMR045C,0,0.862355,0.12143202871084213,0.9911155104637146,0.7273455262184143
YOL065C,YOR211C,0,0.86233556,0.1214173436164856,0.9911155104637146,0.727445662021637
YHR116W,YHL036W,0,0.860802,0.12140265852212906,0.9911155104637146,0.7275457978248596
YMR281W,YOL156W,0,0.86030227,0.12138798087835312,0.9911155104637146,0.7276459336280823
YKL088W,YDR126W,0,0.86001873,0.12137331068515778,0.9911155104637146,0.7277460694313049
YCR053W,YNL191W,0,0.8599796,0.12135863304138184,0.9911155104637146,0.7278462052345276
YLR008C,YML124C,0,0.85897255,0.12134397029876709,0.9911155104637146,0.7279463410377502
YGL249W,YML087C,0,0.857898,0.12132930755615234,0.9911155104637146,0.7280464768409729
YMR088C,YIL136W,0,0.85782045,0.1213146448135376,0.9911155104637146,0.7281466126441956
YPL148C,YJL165C,0,0.8572324,0.12129998952150345,0.9911155104637146,0.7282467484474182
YLR126C,YIL084C,0,0.8571902,0.1212853342294693,0.9911155104637146,0.7283468246459961
YIR014W,YDR251W,0,0.8568891,0.12127068638801575,0.9911155104637146,0.7284469604492188
YKR059W,YOL072W,0,0.85640574,0.1212560385465622,0.9911155104637146,0.7285470962524414
YGL141W,YBR012W-B,0,0.85590357,0.12124139815568924,0.9911155104637146,0.7286472320556641
YGR241C,YJR060W,0,0.85385793,0.12122675776481628,0.9911155104637146,0.7287473678588867
YDL144C,YGR054W,0,0.8535581,0.12121212482452393,0.9911155104637146,0.7288475036621094
YOR167C,YLR109W,0,0.853528,0.12119749188423157,0.9911155104637146,0.728947639465332
YDR261W-B,YDL185W,0,0.85220647,0.12118285894393921,0.9911155104637146,0.7290477752685547
YLR038C,YOL019W,0,0.85170025,0.12116823345422745,0.9911155104637146,0.7291479110717773
YJL052W,YNL015W,0,0.8516673,0.12115361541509628,0.9911155104637146,0.729248046875
YIL111W,YLL001W,0,0.8516651,0.12113899737596512,0.9911155104637146,0.7293481230735779
YHR089C,YPL172C,0,0.8507909,0.12112437933683395,0.9911155104637146,0.7294482588768005
YOL031C,YPR168W,0,0.850047,0.12110976874828339,0.9911155104637146,0.7295483946800232
YMR264W,YDR166C,0,0.84969985,0.12109516561031342,0.9911155104637146,0.7296485304832458
YLR287C-A,YBL010C,0,0.8495921,0.12108056247234344,0.9911155104637146,0.7297486662864685
YHR140W,YMR150C,0,0.8489872,0.12106595933437347,0.9911155104637146,0.7298488020896912
YKL179C,YIL101C,0,0.84831125,0.1210513636469841,0.9911155104637146,0.7299489378929138
YBR082C,YHR025W,0,0.84777427,0.12103676795959473,0.9911155104637146,0.7300490736961365
YGL206C,YLR096W,0,0.84691346,0.12102217972278595,0.9911155104637146,0.7301492094993591
YDL008W,YML081C-A,0,0.84674037,0.12100759148597717,0.9911155104637146,0.7302493453025818
YKL089W,YJL133W,0,0.84669846,0.12099301069974899,0.9911155104637146,0.7303494811058044
YLR439W,YOR043W,0,0.8459442,0.12097842991352081,0.9911155104637146,0.7304495573043823
YPL195W,YMR208W,0,0.8431926,0.12096385657787323,0.9911155104637146,0.730549693107605
YDL138W,YDR231C,0,0.8424721,0.12094928324222565,0.9911155104637146,0.7306498289108276
YDR012W,YML125C,0,0.8408799,0.12093471735715866,0.9911155104637146,0.7307499647140503
YGL178W,YCR028C,0,0.8404522,0.12092015147209167,0.9911155104637146,0.730850100517273
YDR341C,YNR022C,0,0.84019613,0.12090558558702469,0.9911155104637146,0.7309502363204956
YIL172C,YJL129C,0,0.8401371,0.1208910271525383,0.9911155104637146,0.7310503721237183
YLR008C,YLR430W,0,0.8400955,0.12087647616863251,0.9911155104637146,0.7311505079269409
YDL130W,YLR099C,0,0.8389848,0.12086192518472672,0.9911155104637146,0.7312506437301636
YDR219C,YLR040C,0,0.8387169,0.12084737420082092,0.9911155104637146,0.7313507795333862
YMR173W,YJL140W,1,0.8385467,0.12095317989587784,0.9921026825904846,0.7313507795333862
YDR236C,YDR510W,0,0.8383651,0.12093862891197205,0.9921026825904846,0.7314509153366089
YJL072C,YPL111W,0,0.83702695,0.12092407792806625,0.9921026825904846,0.7315509915351868
YML085C,YKL212W,0,0.83690816,0.12090952694416046,0.9921026825904846,0.7316511273384094
YGL021W,YPL159C,0,0.8367728,0.12089498341083527,0.9921026825904846,0.7317512631416321
YKL218C,YML124C,0,0.8367454,0.12088043987751007,0.9921026825904846,0.7318513989448547
YPR049C,YOL092W,0,0.8366756,0.12086590379476547,0.9921026825904846,0.7319515347480774
YNL185C,YJR060W,0,0.83631676,0.12085136771202087,0.9921026825904846,0.7320516705513
YDR011W,YDL085W,0,0.8351172,0.12083683907985687,0.9921026825904846,0.7321518063545227
YBR264C,YAL034W-A,0,0.83498585,0.12082231044769287,0.9921026825904846,0.7322519421577454
YGL222C,YHR052W,0,0.83442044,0.12080778926610947,0.9921026825904846,0.732352077960968
YKR090W,YPR168W,0,0.8342002,0.12079326808452606,0.9921026825904846,0.7324522137641907
YIL093C,YGR071C,0,0.8337684,0.12077875435352325,0.9921026825904846,0.7325522899627686
YDR299W,YEL064C,0,0.83349353,0.12076424062252045,0.9921026825904846,0.7326524257659912
YDR388W,YDL112W,0,0.8333648,0.12074972689151764,0.9921026825904846,0.7327525615692139
YBL017C,YML087C,0,0.83334017,0.12073522061109543,0.9921026825904846,0.7328526973724365
YBR092C,YGR006W,0,0.8329037,0.12072072178125381,0.9921026825904846,0.7329528331756592
YNL098C,YDR534C,0,0.8325767,0.1207062229514122,0.9921026825904846,0.7330529689788818
YMR297W,YHL036W,0,0.8312528,0.12069172412157059,0.9921026825904846,0.7331531047821045
YGL035C,YMR004W,0,0.8302819,0.12067723274230957,0.9921026825904846,0.7332532405853271
YKL195W,YKR097W,0,0.8298601,0.12066274136304855,0.9921026825904846,0.7333533763885498
YDR487C,YLR430W,0,0.82894987,0.12064825743436813,0.9921026825904846,0.7334535121917725
YNL210W,YML005W,0,0.82892865,0.12063378095626831,0.9921026825904846,0.7335536479949951
YMR282C,YGR035C,0,0.82856965,0.12061929702758789,0.9921026825904846,0.733653724193573
YHR089C,YIL090W,0,0.8269949,0.12060482054948807,0.9921026825904846,0.7337538599967957
YFR015C,YJL008C,0,0.8269834,0.12059035152196884,0.9921026825904846,0.7338539958000183
YDL210W,YOL092W,0,0.82650936,0.12057588249444962,0.9921026825904846,0.733954131603241
YJL198W,YIL101C,0,0.8260733,0.12056142091751099,0.9921026825904846,0.7340542674064636
YDR466W,YDR115W,0,0.8250601,0.12054695934057236,0.9921026825904846,0.7341544032096863
YGL211W,YOR070C,0,0.8232912,0.12053250521421432,0.9921026825904846,0.7342545390129089
YIL143C,YLR265C,1,0.8232379,0.12063796818256378,0.9930898547172546,0.7342545390129089
YDR379W,YBL020W,0,0.822031,0.12062349915504456,0.9930898547172546,0.7343546748161316
YHR052W,YLR467W,0,0.821911,0.12060903757810593,0.9930898547172546,0.7344548106193542
YPL144W,YMR311C,0,0.82160485,0.1205945834517479,0.9930898547172546,0.7345549464225769
YDR342C,YDR390C,0,0.82108366,0.12058012932538986,0.9930898547172546,0.7346550226211548
YFL041W,YLR139C,0,0.82052463,0.12056567519903183,0.9930898547172546,0.7347551584243774
YGL147C,YOR269W,0,0.81894416,0.1205512285232544,0.9930898547172546,0.7348552942276001
YMR297W,YGL253W,0,0.81815404,0.12053678184747696,0.9930898547172546,0.7349554300308228
YML037C,YLR014C,0,0.8177566,0.12052234262228012,0.9930898547172546,0.7350555658340454
YCR072C,YOL064C,0,0.817303,0.12050790339708328,0.9930898547172546,0.7351557016372681
YCR072C,YBR251W,0,0.816589,0.12049347162246704,0.9930898547172546,0.7352558374404907
YDR318W,YPR070W,0,0.81649053,0.1204790398478508,0.9930898547172546,0.7353559732437134
YCR020C,YAL023C,0,0.8163229,0.12046461552381516,0.9930898547172546,0.735456109046936
YBL090W,YPR019W,0,0.8162616,0.12045019119977951,0.9930898547172546,0.7355562448501587
YOL105C,YDL110C,0,0.8160322,0.12043577432632446,0.9930898547172546,0.7356563806533813
YOR201C,YJR155W,0,0.8140781,0.12042135745286942,0.9930898547172546,0.7357564568519592
YDL127W,YCL075W,0,0.8139414,0.12040694057941437,0.9930898547172546,0.7358565926551819
YHR207C,YJL190C,0,0.8133209,0.12039253115653992,0.9930898547172546,0.7359567284584045
YER036C,YDR318W,0,0.8129506,0.12037812918424606,0.9930898547172546,0.7360568642616272
YER180C,YOR092W,0,0.81169266,0.12036371976137161,0.9930898547172546,0.7361570000648499
YKL004W,YIL093C,0,0.81018734,0.12034932523965836,0.9930898547172546,0.7362571358680725
YJL046W,YJL019W,0,0.809927,0.1203349307179451,0.9930898547172546,0.7363572716712952
YIR037W,YMR208W,0,0.808301,0.12032053619623184,0.9930898547172546,0.7364574074745178
YJR139C,YFR006W,0,0.80747306,0.12030614912509918,0.9930898547172546,0.7365575432777405
YOR046C,YAL013W,0,0.80626357,0.12029176205396652,0.9930898547172546,0.7366576790809631
YKL089W,YMR088C,0,0.8057463,0.12027738243341446,0.9930898547172546,0.7367578148841858
YGR035C,YIL145C,0,0.80566895,0.1202630028128624,0.9930898547172546,0.7368578910827637
YGR124W,YLR120C,0,0.8050052,0.12024862319231033,0.9930898547172546,0.7369580268859863
YOL018C,YHR136C,0,0.8035879,0.12023425102233887,0.9930898547172546,0.737058162689209
YMR287C,YJR001W,0,0.8004835,0.120219886302948,0.9930898547172546,0.7371582984924316
YJL165C,YMR311C,0,0.79985654,0.12020552158355713,0.9930898547172546,0.7372584342956543
YOR175C,YBL021C,0,0.7986689,0.12019115686416626,0.9930898547172546,0.737358570098877
YLR459W,YDR387C,0,0.7986212,0.12017679959535599,0.9930898547172546,0.7374587059020996
YNL001W,YOR092W,0,0.79766357,0.12016244977712631,0.9930898547172546,0.7375588417053223
YBL106C,YHR171W,0,0.7964515,0.12014809250831604,0.9930898547172546,0.7376589775085449
YFR041C,YMR152W,0,0.79608905,0.12013375014066696,0.9930898547172546,0.7377591133117676
YBR205W,YCL057C-A,0,0.7957336,0.12011940032243729,0.9930898547172546,0.7378591895103455
YDR056C,YPR098C,0,0.79549325,0.1201050654053688,0.9930898547172546,0.7379593253135681
YDR456W,YKL183W,0,0.7953035,0.12009072303771973,0.9930898547172546,0.7380594611167908
YJR098C,YHR017W,0,0.794546,0.12007638812065125,0.9930898547172546,0.7381595969200134
YOR201C,YEL050C,0,0.794032,0.12006206065416336,0.9930898547172546,0.7382597327232361
YHL047C,YOL109W,0,0.7938541,0.12004773318767548,0.9930898547172546,0.7383598685264587
YDL099W,YGR027W-B,0,0.7931491,0.12003340572118759,0.9930898547172546,0.7384600043296814
YEL061C,YPR073C,0,0.7928518,0.1200190857052803,0.9930898547172546,0.738560140132904
YPR098C,YHL004W,0,0.79269713,0.12000477313995361,0.9930898547172546,0.7386602759361267
YFL041W,YHR117W,0,0.7922904,0.11999046057462692,0.9930898547172546,0.7387604117393494
YPL019C,YOL140W,0,0.7921743,0.11997614800930023,0.9930898547172546,0.738860547542572
YHR147C,YGR184C,0,0.79207623,0.11996184289455414,0.9930898547172546,0.7389606237411499
YJL198W,YLR318W,0,0.7919009,0.11994753777980804,0.9930898547172546,0.7390607595443726
YKL164C,YGR194C,0,0.7915079,0.11993324011564255,0.9930898547172546,0.7391608953475952
YER087C-A,YDR420W,0,0.79098976,0.11991894245147705,0.9930898547172546,0.7392610311508179
YER061C,YKL028W,0,0.7904767,0.11990464478731155,0.9930898547172546,0.7393611669540405
YML043C,YJL073W,0,0.78952354,0.11989036202430725,0.9930898547172546,0.7394613027572632
YMR142C,YNL046W,0,0.7890245,0.11987607181072235,0.9930898547172546,0.7395614385604858
YDR034C-C,YDR380W,0,0.78902066,0.11986178904771805,0.9930898547172546,0.7396615743637085
YBR024W,YPL281C,0,0.7889679,0.11984751373529434,0.9930898547172546,0.7397617101669312
YNL207W,YBR245C,0,0.7889551,0.11983323097229004,0.9930898547172546,0.7398618459701538
YHL019C,YPL258C,0,0.78867936,0.11981896311044693,0.9930898547172546,0.7399619221687317
YJR001W,YOR246C,0,0.7883451,0.11980469524860382,0.9930898547172546,0.7400620579719543
YOR265W,YPL269W,0,0.7882133,0.11979042738676071,0.9930898547172546,0.740162193775177
YPL214C,YPL186C,0,0.78788483,0.1197761669754982,0.9930898547172546,0.7402623295783997
YOL002C,YDR103W,0,0.78768325,0.11976190656423569,0.9930898547172546,0.7403624653816223
YJR076C,YBR166C,0,0.78717566,0.11974764615297318,0.9930898547172546,0.740462601184845
YLR154C,YGR154C,0,0.786709,0.11973339319229126,0.9930898547172546,0.7405627369880676
YJR045C,YCL047C,0,0.78604835,0.11971914768218994,0.9930898547172546,0.7406628727912903
YLR204W,YHR013C,0,0.78578484,0.11970490217208862,0.9930898547172546,0.7407630085945129
YLR439W,YOR036W,0,0.78480035,0.1196906566619873,0.9930898547172546,0.7408631443977356
YGR292W,YHR171W,0,0.7842541,0.11967641860246658,0.9930898547172546,0.7409632802009583
YKL183W,YOR120W,0,0.7834668,0.11966218799352646,0.9930898547172546,0.7410633563995361
YOR270C,YJL109C,0,0.7833739,0.11964795738458633,0.9930898547172546,0.7411634922027588
YAR015W,YOR192C-B,0,0.78261983,0.11963372677564621,0.9930898547172546,0.7412636280059814
YPR102C,YPL048W,0,0.7826126,0.11961950361728668,0.9930898547172546,0.7413637638092041
YDR086C,YDR326C,0,0.78236353,0.11960528045892715,0.9930898547172546,0.7414638996124268
YIR014W,YDR288W,0,0.78206205,0.11959105730056763,0.9930898547172546,0.7415640354156494
YKR094C,YOL056W,0,0.78179616,0.1195768490433693,0.9930898547172546,0.7416641712188721
YBR267W,YML037C,0,0.78166765,0.11956263333559036,0.9930898547172546,0.7417643070220947
YDL007W,YOR046C,0,0.78092057,0.11954842507839203,0.9930898547172546,0.7418644428253174
YOL138C,YNL061W,0,0.7800189,0.1195342168211937,0.9930898547172546,0.74196457862854
YNR016C,YPL026C,0,0.7794695,0.11952001601457596,0.9930898547172546,0.7420646548271179
YDR238C,YOL072W,0,0.7793381,0.11950582265853882,0.9930898547172546,0.7421647906303406
YNL280C,YDR421W,0,0.7787943,0.11949162930250168,0.9930898547172546,0.7422649264335632
YOL031C,YPL031C,0,0.77820116,0.11947743594646454,0.9930898547172546,0.7423650622367859
YHL009W-B,YGR184C,0,0.77603805,0.119463250041008,0.9930898547172546,0.7424651980400085
YGL135W,YBR033W,0,0.77581084,0.11944906413555145,0.9930898547172546,0.7425653338432312
YOL156W,YDL082W,0,0.77579486,0.11943487823009491,0.9930898547172546,0.7426654696464539
YER048W-A,YIL138C,0,0.7744355,0.11942069977521896,0.9930898547172546,0.7427656054496765
YGL173C,YFR007W,0,0.774086,0.11940652877092361,0.9930898547172546,0.7428657412528992
YML043C,YJR076C,0,0.77251613,0.11939235776662827,0.9930898547172546,0.7429658770561218
YCR020C,YPL231W,0,0.77218676,0.11937818676233292,0.9930898547172546,0.7430660128593445
YGR101W,YPL143W,0,0.7720283,0.11936402320861816,0.9930898547172546,0.7431660890579224
YNR061C,YML085C,0,0.77195424,0.11934986710548401,0.9930898547172546,0.743266224861145
YJR013W,YML125C,0,0.7711661,0.11933570355176926,0.9930898547172546,0.7433663606643677
YOR181W,YLR371W,0,0.7707093,0.1193215548992157,0.9930898547172546,0.7434664964675903
YMR128W,YKR059W,0,0.77037776,0.11930739879608154,0.9930898547172546,0.743566632270813
YHR116W,YGR071C,0,0.77030885,0.11929325014352798,0.9930898547172546,0.7436667680740356
YLR008C,YOR233W,0,0.770025,0.11927910894155502,0.9930898547172546,0.7437669038772583
YBL061C,YPL204W,0,0.76967776,0.11926496773958206,0.9930898547172546,0.743867039680481
YGL178W,YPL092W,0,0.7694422,0.1192508265376091,0.9930898547172546,0.7439671754837036
YDL120W,YKL021C,0,0.7683825,0.11923669278621674,0.9930898547172546,0.7440673112869263
YLR283W,YNL191W,0,0.76789105,0.11922256648540497,0.9930898547172546,0.7441674470901489
YGR026W,YPR016C,0,0.76597285,0.1192084401845932,0.9930898547172546,0.7442675232887268
YDR055W,YMR012W,0,0.76515573,0.11919431388378143,0.9930898547172546,0.7443676590919495
YLL013C,YOL030W,0,0.7651238,0.11918019503355026,0.9930898547172546,0.7444677948951721
YNL325C,YDR031W,0,0.76467586,0.11916607618331909,0.9930898547172546,0.7445679306983948
YMR289W,YOL072W,0,0.7641743,0.11915195733308792,0.9930898547172546,0.7446680665016174
YIL072W,YBR084W,0,0.76400733,0.11913784593343735,0.9930898547172546,0.7447682023048401
YDR036C,YBR267W,0,0.7635843,0.11912374198436737,0.9930898547172546,0.7448683381080627
YMR306W,YNR070W,0,0.7635742,0.1191096380352974,0.9930898547172546,0.7449684739112854
YNL151C,YPL092W,0,0.7634989,0.11909553408622742,0.9930898547172546,0.7450686097145081
YMR264W,YIL150C,0,0.761608,0.11908143758773804,0.9930898547172546,0.7451687455177307
YER099C,YDR536W,0,0.7605326,0.11906734853982925,0.9930898547172546,0.7452688217163086
YGR159C,YAL013W,0,0.7589836,0.11905325204133987,0.9930898547172546,0.7453689575195312
YNL149C,YLR121C,0,0.7580428,0.11903917044401169,0.9930898547172546,0.7454690933227539
YER070W,YGL249W,0,0.7578183,0.1190250813961029,0.9930898547172546,0.7455692291259766
YER120W,YGR220C,0,0.75724024,0.11901099979877472,0.9930898547172546,0.7456693649291992
YCR004C,YCL047C,0,0.75712,0.11899692565202713,0.9930898547172546,0.7457695007324219
YML125C,YDR510W,0,0.75699836,0.11898285150527954,0.9930898547172546,0.7458696365356445
YJR121W,YMR287C,0,0.75644934,0.11896877735853195,0.9930898547172546,0.7459697723388672
YOL065C,YNL112W,0,0.7554786,0.11895471066236496,0.9930898547172546,0.7460699081420898
YKR058W,YGL185C,0,0.7551085,0.11894065141677856,0.9930898547172546,0.7461700439453125
YGR086C,YAL003W,0,0.7546145,0.11892658472061157,0.9930898547172546,0.7462701797485352
YNL292W,YEL065W,0,0.7539326,0.11891253292560577,0.9930898547172546,0.746370255947113
YLR337W,YNL151C,0,0.7525428,0.11889847368001938,0.9930898547172546,0.7464703917503357
YMR298W,YJR121W,0,0.75006235,0.11888442188501358,0.9930898547172546,0.7465705275535583
YGL191W,YBR241C,0,0.74959266,0.11887037754058838,0.9930898547172546,0.746670663356781
YLR364W,YNR007C,0,0.7487115,0.11885633319616318,0.9930898547172546,0.7467707991600037
YOR076C,YOL117W,0,0.74790925,0.11884228885173798,0.9930898547172546,0.7468709349632263
YJR010C-A,YDR342C,0,0.74728316,0.11882825195789337,0.9930898547172546,0.746971070766449
YML091C,YNL289W,0,0.7470479,0.11881422251462936,0.9930898547172546,0.7470712065696716
YMR142C,YGL210W,0,0.74691796,0.11880018562078476,0.9930898547172546,0.7471713423728943
YJL129C,YBR012W-A,0,0.7468139,0.11878616362810135,0.9930898547172546,0.7472714781761169
YJR121W,YHL008C,0,0.745772,0.11877213418483734,0.9930898547172546,0.7473715543746948
YOR356W,YLL050C,0,0.7456938,0.11875811964273453,0.9930898547172546,0.7474716901779175
YLR008C,YBR176W,0,0.7451832,0.11874409765005112,0.9930898547172546,0.7475718259811401
YML043C,YMR292W,0,0.74381524,0.1187300831079483,0.9930898547172546,0.7476719617843628
YBR055C,YOR369C,0,0.7434039,0.11871607601642609,0.9930898547172546,0.7477720975875854
YBR296C,YDL060W,0,0.74325234,0.11870206147432327,0.9930898547172546,0.7478722333908081
YOR384W,YDR210W-B,0,0.7424914,0.11868806183338165,0.9930898547172546,0.7479723691940308
YLR098C,YDR116C,0,0.7422843,0.11867406219244003,0.9930898547172546,0.7480725049972534
YKL100C,YMR198W,0,0.7422228,0.11866006255149841,0.9930898547172546,0.7481726408004761
YPL106C,YBR231C,0,0.7412728,0.11864607036113739,0.9930898547172546,0.7482727766036987
YKR056W,YMR156C,1,0.7399898,0.11874999850988388,0.9940770268440247,0.7482727766036987
YHR215W,YKL116C,0,0.7387399,0.11873599886894226,0.9940770268440247,0.7483729124069214
YER110C,YOL149W,0,0.73803544,0.11872199922800064,0.9940770268440247,0.7484729886054993
YDR012W,YMR208W,0,0.7378317,0.11870800703763962,0.9940770268440247,0.7485731244087219
YBR041W,YPL031C,0,0.7364582,0.1186940148472786,0.9940770268440247,0.7486732602119446
YDL184C,YBL023C,0,0.73639905,0.11868002265691757,0.9940770268440247,0.7487733960151672
YLR370C,YDR342C,0,0.73594666,0.11866603791713715,0.9940770268440247,0.7488735318183899
YOR228C,YNL096C,0,0.73534805,0.11865205317735672,0.9940770268440247,0.7489736676216125
YGR088W,YCR010C,0,0.7341776,0.11863807588815689,0.9940770268440247,0.7490738034248352
YBR158W,YCL055W,0,0.7341535,0.11862409859895706,0.9940770268440247,0.7491739392280579
YJL041W,YBR283C,0,0.7332353,0.11861012876033783,0.9940770268440247,0.7492740750312805
YNL112W,YDR093W,0,0.73165625,0.1185961589217186,0.9940770268440247,0.7493742108345032
YLR439W,YPL095C,0,0.7307513,0.11858219653367996,0.9940770268440247,0.749474287033081
YNL322C,YLR040C,0,0.7305987,0.11856823414564133,0.9940770268440247,0.7495744228363037
YJR134C,YGR200C,0,0.73038524,0.11855427175760269,0.9940770268440247,0.7496745586395264
YOR348C,YPL101W,0,0.72931314,0.11854031682014465,0.9940770268440247,0.749774694442749
YFR032C-A,YOL005C,0,0.7291217,0.11852636188268661,0.9940770268440247,0.7498748302459717
YJR145C,YPL019C,0,0.7290094,0.11851241439580917,0.9940770268440247,0.7499749660491943
YNL322C,YGR191W,0,0.7287911,0.11849846690893173,0.9940770268440247,0.750075101852417
YCL061C,YNL189W,0,0.72866464,0.11848452687263489,0.9940770268440247,0.7501752376556396
YPL195W,YER082C,0,0.7283711,0.11847058683633804,0.9940770268440247,0.7502753734588623
YDR283C,YMR037C,0,0.72816575,0.1184566542506218,0.9940770268440247,0.750375509262085
YOR257W,YGR061C,0,0.7265749,0.11844272166490555,0.9940770268440247,0.7504756450653076
YPL019C,YGR218W,0,0.7265605,0.1184287890791893,0.9940770268440247,0.7505757212638855
YLR139C,YNL289W,0,0.72600377,0.11841486394405365,0.9940770268440247,0.7506758570671082
YGR158C,YDR252W,0,0.7256638,0.118400938808918,0.9940770268440247,0.7507759928703308
YML070W,YDR320C,0,0.7248571,0.11838702112436295,0.9940770268440247,0.7508761286735535
YDR093W,YOL140W,0,0.724851,0.11837310343980789,0.9940770268440247,0.7509762644767761
YMR233W,YLR188W,0,0.72452486,0.11835919320583344,0.9940770268440247,0.7510764002799988
YMR257C,YHR117W,0,0.7242912,0.11834528297185898,0.9940770268440247,0.7511765360832214
YLR142W,YKL109W,0,0.7241701,0.11833137273788452,0.9940770268440247,0.7512766718864441
YDL210W,YDR297W,0,0.7239121,0.11831746995449066,0.9940770268440247,0.7513768076896667
YDR283C,YDR093W,0,0.72289765,0.1183035746216774,0.9940770268440247,0.7514769434928894
YML104C,YGR162W,0,0.7217783,0.11828967183828354,0.9940770268440247,0.7515770792961121
YDL136W,YOR014W,0,0.72077024,0.11827578395605087,0.9940770268440247,0.7516771554946899
YLR371W,YAL012W,0,0.7205671,0.11826188862323761,0.9940770268440247,0.7517772912979126
YDR177W,YFL037W,0,0.72052467,0.11824800074100494,0.9940770268440247,0.7518774271011353
YOR181W,YFR006W,0,0.7204943,0.11823412030935287,0.9940770268440247,0.7519775629043579
YBR050C,YPR081C,0,0.7197646,0.1182202398777008,0.9940770268440247,0.7520776987075806
YDR270W,YHR215W,0,0.7197559,0.11820635944604874,0.9940770268440247,0.7521778345108032
YJR121W,YNR050C,0,0.71961594,0.11819248646497726,0.9940770268440247,0.7522779703140259
YFR041C,YHR147C,0,0.7194199,0.11817862093448639,0.9940770268440247,0.7523781061172485
YLR459W,YAL053W,0,0.71917593,0.11816474795341492,0.9940770268440247,0.7524782419204712
YBR205W,YLR433C,0,0.71824217,0.11815088242292404,0.9940770268440247,0.7525783777236938
YDL137W,YLR439W,0,0.7179104,0.11813702434301376,0.9940770268440247,0.7526784539222717
YMR070W,YNL166C,0,0.717046,0.11812316626310349,0.9940770268440247,0.7527785897254944
YIL051C,YGR006W,0,0.71651965,0.1181093156337738,0.9940770268440247,0.752878725528717
YML042W,YOR228C,0,0.71577895,0.11809546500444412,0.9940770268440247,0.7529788613319397
YGL213C,YJR094W-A,0,0.7152324,0.11808161437511444,0.9940770268440247,0.7530789971351624
YLR439W,YOR039W,0,0.71398604,0.11806777119636536,0.9940770268440247,0.753179132938385
YBR205W,YGL137W,0,0.71360135,0.11805392801761627,0.9940770268440247,0.7532792687416077
YAR010C,YER180C,0,0.7134755,0.11804009228944778,0.9940770268440247,0.7533794045448303
YLR142W,YOL138C,0,0.71316457,0.1180262565612793,0.9940770268440247,0.753479540348053
YNL301C,YML115C,0,0.71300703,0.11801242083311081,0.9940770268440247,0.7535796761512756
YNL331C,YPL095C,0,0.712842,0.11799859255552292,0.9940770268440247,0.7536798119544983
YDR126W,YNR001C,0,0.712726,0.11798477172851562,0.9940770268440247,0.7537798881530762
YDR038C,YML081C-A,0,0.7124401,0.11797094345092773,0.9940770268440247,0.7538800239562988
YJL153C,YGR158C,0,0.71210337,0.11795713007450104,0.9940770268440247,0.7539801597595215
YPL206C,YER089C,0,0.7119999,0.11794330924749374,0.9940770268440247,0.7540802955627441
YHR076W,YLR098C,0,0.7117737,0.11792950332164764,0.9940770268440247,0.7541804313659668
YJR145C,YJR097W,0,0.71111125,0.11791568994522095,0.9940770268440247,0.7542805671691895
YOL120C,YLR099C,0,0.7108048,0.11790188401937485,0.9940770268440247,0.7543807029724121
YFL004W,YER070W,0,0.7104717,0.11788808554410934,0.9940770268440247,0.7544808387756348
YDL231C,YDR069C,0,0.70935595,0.11787427961826324,0.9940770268440247,0.7545809745788574
YMR006C,YHR136C,0,0.70926046,0.11786048859357834,0.9940770268440247,0.7546811103820801
YJR098C,YER180C,0,0.70911753,0.11784669756889343,0.9940770268440247,0.754781186580658
YPL226W,YIL078W,0,0.70761347,0.11783290654420853,0.9940770268440247,0.7548813223838806
YER140W,YOL123W,0,0.7072479,0.11781911551952362,0.9940770268440247,0.7549814581871033
YJR033C,YJR134C,0,0.70681024,0.11780533194541931,0.9940770268440247,0.7550815939903259
YMR023C,YOR233W,0,0.706747,0.1177915558218956,0.9940770268440247,0.7551817297935486
YML012W,YOL019W,0,0.7059438,0.11777777969837189,0.9940770268440247,0.7552818655967712
YBR251W,YLR121C,0,0.70404804,0.11776400357484818,0.9940770268440247,0.7553820013999939
YBR207W,YJL121C,0,0.70359343,0.11775023490190506,0.9940770268440247,0.7554821372032166
YML074C,YPR036W,0,0.7033901,0.11773646622896194,0.9940770268440247,0.7555822730064392
YOL080C,YOR014W,0,0.7026013,0.11772270500659943,0.9940770268440247,0.7556824088096619
YLR439W,YPL154C,0,0.7025662,0.11770894378423691,0.9940770268440247,0.7557825446128845
YML094W,YHR105W,0,0.70224726,0.11769518256187439,0.9940770268440247,0.7558826208114624
YOL065C,YKL109W,0,0.7016446,0.11768142879009247,0.9940770268440247,0.7559827566146851
YER083C,YHL044W,0,0.70060706,0.11766768246889114,0.9940770268440247,0.7560828924179077
YOR192C-B,YCR047C,0,0.7002246,0.11765392869710922,0.9940770268440247,0.7561830282211304
YPL214C,YDL146W,0,0.700103,0.1176401898264885,0.9940770268440247,0.756283164024353
YMR233W,YNL096C,0,0.6993221,0.11762644350528717,0.9940770268440247,0.7563832998275757
YMR098C,YDL205C,0,0.69906604,0.11761270463466644,0.9940770268440247,0.7564834356307983
YER082C,YJL080C,0,0.69820666,0.11759897321462631,0.9940770268440247,0.756583571434021
YLR356W,YGR076C,0,0.6976048,0.11758524179458618,0.9940770268440247,0.7566837072372437
YFL041W,YIL136W,0,0.6973909,0.11757151037454605,0.9940770268440247,0.7567838430404663
YLR356W,YPL174C,0,0.6959404,0.11755778640508652,0.9940770268440247,0.756883978843689
YPR156C,YNL248C,0,0.693926,0.11754406243562698,0.9940770268440247,0.7569840550422668
YOL127W,YLR109W,0,0.6914437,0.11753034591674805,0.9940770268440247,0.7570841908454895
YPR118W,YMR004W,0,0.69117486,0.11751662939786911,0.9940770268440247,0.7571843266487122
YIL109C,YLR304C,0,0.690106,0.11750292032957077,0.9940770268440247,0.7572844624519348
YMR224C,YLR120C,0,0.6900404,0.11748921126127243,0.9940770268440247,0.7573845982551575
YGL178W,YDL144C,0,0.6885317,0.11747550219297409,0.9940770268440247,0.7574847340583801
YKL218C,YGR027W-B,0,0.6873853,0.11746180057525635,0.9940770268440247,0.7575848698616028
YLR172C,YLR121C,0,0.6861101,0.1174480989575386,0.9940770268440247,0.7576850056648254
YJR013W,YGL141W,0,0.6860079,0.11743440479040146,0.9940770268440247,0.7577851414680481
YFL036W,YDR134C,0,0.6853863,0.11742071062326431,0.9940770268440247,0.7578852772712708
YDR248C,YBR241C,0,0.68447274,0.11740701645612717,0.9940770268440247,0.7579853534698486
YLR008C,YJL125C,0,0.684324,0.11739332973957062,0.9940770268440247,0.7580854892730713
YML074C,YKL021C,0,0.6842668,0.11737965047359467,0.9940770268440247,0.758185625076294
YDR322W,YPR054W,0,0.6836245,0.11736596375703812,0.9940770268440247,0.7582857608795166
YMR235C,YEL013W,0,0.68334836,0.11735229194164276,0.9940770268440247,0.7583858966827393
YGL039W,YHL016C,0,0.6832755,0.11733861267566681,0.9940770268440247,0.7584860324859619
YML054C,YKL135C,0,0.6830189,0.11732494831085205,0.9940770268440247,0.7585861682891846
YLR204W,YDR036C,0,0.68242866,0.1173112764954567,0.9940770268440247,0.7586863040924072
YJR066W,YOR181W,0,0.68125784,0.11729761213064194,0.9940770268440247,0.7587864398956299
YDL112W,YAL058W,0,0.67941993,0.11728394776582718,0.9940770268440247,0.7588865756988525
YLR040C,YGR006W,0,0.6785312,0.11727029085159302,0.9940770268440247,0.7589867115020752
YJR089W,YOR221C,0,0.6783705,0.11725663393735886,0.9940770268440247,0.7590867877006531
YCR009C,YAL062W,0,0.67822814,0.11724298447370529,0.9940770268440247,0.7591869235038757
YMR292W,YNL015W,0,0.6770546,0.11722933501005173,0.9940770268440247,0.7592870593070984
YKR037C,YPR070W,0,0.6760807,0.11721569299697876,0.9940770268440247,0.759387195110321
YDR532C,YJR160C,0,0.67604214,0.11720205098390579,0.9940770268440247,0.7594873309135437
YLR214W,YEL065W,0,0.6760388,0.11718840897083282,0.9940770268440247,0.7595874667167664
YMR080C,YGL168W,0,0.6752928,0.11717477440834045,0.9940770268440247,0.759687602519989
YIL051C,YJR045C,0,0.67488694,0.11716113984584808,0.9940770268440247,0.7597877383232117
YNL146W,YHR140W,0,0.6737281,0.11714751273393631,0.9940770268440247,0.7598878741264343
YHL004W,YIR009W,0,0.67308176,0.11713388562202454,0.9940770268440247,0.759988009929657
YBL106C,YCL031C,0,0.6728397,0.11712025851011276,0.9940770268440247,0.7600880861282349
YLR419W,YNL098C,0,0.6726354,0.11710663884878159,0.9940770268440247,0.7601882219314575
YMR290C,YDL141W,0,0.67251575,0.117093026638031,0.9940770268440247,0.7602883577346802
YEL065W,YFL039C,0,0.6712967,0.11707940697669983,0.9940770268440247,0.7603884935379028
YGL213C,YBR105C,0,0.6702884,0.11706580221652985,0.9940770268440247,0.7604886293411255
YGR026W,YGR292W,0,0.67011786,0.11705219000577927,0.9940770268440247,0.7605887651443481
YLR192C,YER056C-A,0,0.66990083,0.11703858524560928,0.9940770268440247,0.7606889009475708
YNL242W,YER174C,0,0.6695427,0.1170249879360199,0.9940770268440247,0.7607890367507935
YJL102W,YAL058W,0,0.6679038,0.11701139062643051,0.9940770268440247,0.7608891725540161
YML116W,YJR058C,0,0.667542,0.11699779331684113,0.9940770268440247,0.7609893083572388
YIL109C,YOL138C,0,0.6669825,0.11698420345783234,0.9940770268440247,0.7610894441604614
YKL164C,YDR054C,0,0.66656613,0.11697061359882355,0.9940770268440247,0.7611895203590393
YDR038C,YOR244W,0,0.66561794,0.11695702373981476,0.9940770268440247,0.761289656162262
YGL120C,YFL039C,0,0.66548073,0.11694344133138657,0.9940770268440247,0.7613897919654846
YDR093W,YNL248C,0,0.6652012,0.11692986637353897,0.9940770268440247,0.7614899277687073
YMR264W,YHL016C,0,0.6650869,0.11691629141569138,0.9940770268440247,0.7615900635719299
YIL051C,YER091C,0,0.6643605,0.11690271645784378,0.9940770268440247,0.7616901993751526
YML018C,YIL125W,0,0.66372526,0.11688914895057678,0.9940770268440247,0.7617903351783752
YLR396C,YEL065W,0,0.6621528,0.11687558144330978,0.9940770268440247,0.7618904709815979
YJL221C,YBL020W,0,0.6614606,0.11686201393604279,0.9940770268440247,0.7619906067848206
YPR048W,YDR047W,0,0.6603868,0.11684845387935638,0.9940770268440247,0.7620907425880432
YMR289W,YER053C,0,0.6584423,0.11683490127325058,0.9940770268440247,0.7621908187866211
YGL173C,YNL242W,0,0.6584159,0.11682134866714478,0.9940770268440247,0.7622909545898438
YFL036W,YNL213C,0,0.65841454,0.11680779606103897,0.9940770268440247,0.7623910903930664
YML054C,YLR438C-A,0,0.6571671,0.11679425090551376,0.9940770268440247,0.7624912261962891
YER114C,YDR210W-B,0,0.65698576,0.11678070574998856,0.9940770268440247,0.7625913619995117
YDR093W,YDR130C,0,0.6558903,0.11676716059446335,0.9940770268440247,0.7626914978027344
YIL074C,YDL060W,0,0.65473276,0.11675362288951874,0.9940770268440247,0.762791633605957
YDL195W,YOR075W,0,0.65450096,0.11674008518457413,0.9940770268440247,0.7628917694091797
YDR265W,YDR038C,0,0.65417534,0.11672655493021011,0.9940770268440247,0.7629919052124023
YNL293W,YPL031C,0,0.6520684,0.1167130246758461,0.9940770268440247,0.763092041015625
YOR047C,YOR067C,0,0.6512524,0.11669950187206268,0.9940770268440247,0.7631921768188477
YLR403W,YDR298C,0,0.65098846,0.11668597906827927,0.9940770268440247,0.7632922530174255
YIR037W,YDR003W,0,0.6506073,0.11667245626449585,0.9940770268440247,0.7633923888206482
YDR238C,YML081C-A,0,0.6484226,0.11665894091129303,0.9940770268440247,0.7634925246238708
YBL054W,YJL109C,0,0.6467917,0.1166454330086708,0.9940770268440247,0.7635926604270935
YDR210W-B,YDR524C,0,0.64663357,0.11663191765546799,0.9940770268440247,0.7636927962303162
YDL144C,YDR115W,0,0.64655614,0.11661840975284576,0.9940770268440247,0.7637929320335388
YBR159W,YJR135C,0,0.6462399,0.11660490930080414,0.9940770268440247,0.7638930678367615
YLL013C,YDL017W,0,0.64558804,0.11659140884876251,0.9940770268440247,0.7639932036399841
YDR447C,YNL091W,0,0.6450528,0.11657790839672089,0.9940770268440247,0.7640933394432068
YHL008C,YGL141W,0,0.6448221,0.11656441539525986,0.9940770268440247,0.7641934752464294
YHR147C,YNR022C,0,0.64460933,0.11655092239379883,0.9940770268440247,0.7642936110496521
YBL075C,YJL170C,0,0.64452887,0.1165374368429184,0.9940770268440247,0.76439368724823
YNR020C,YPL257W-A,0,0.6442273,0.11652395129203796,0.9940770268440247,0.7644938230514526
YER027C,YEL017C-A,0,0.6431184,0.11651047319173813,0.9940770268440247,0.7645939588546753
YMR235C,YLR286C,0,0.6417579,0.1164969950914383,0.9940770268440247,0.764694094657898
YFR003C,YHL032C,0,0.6415021,0.11648351699113846,0.9940770268440247,0.7647942304611206
YLR356W,YOR228C,0,0.63957226,0.11647004634141922,0.9940770268440247,0.7648943662643433
YNL046W,YMR043W,0,0.6392852,0.11645657569169998,0.9940770268440247,0.7649945020675659
YMR142C,YKL212W,0,0.6384375,0.11644310504198074,0.9940770268440247,0.7650946378707886
YLR238W,YDR032C,0,0.6375638,0.1164296418428421,0.9940770268440247,0.7651947736740112
YPL206C,YPL022W,0,0.63671964,0.11641618609428406,0.9940770268440247,0.7652949094772339
YLR439W,YDR320C,0,0.63538384,0.11640273034572601,0.9940770268440247,0.7653949856758118
YDR532C,YHL047C,0,0.63454366,0.11638927459716797,0.9940770268440247,0.7654951214790344
YPL172C,YDR288W,0,0.6341308,0.11637582629919052,0.9940770268440247,0.7655952572822571
YIL004C,YML085C,0,0.6336981,0.11636237800121307,0.9940770268440247,0.7656953930854797
YBR166C,YNL217W,0,0.6332985,0.11634892970323563,0.9940770268440247,0.7657955288887024
YFL002W-A,YDR501W,0,0.6327051,0.11633548885583878,0.9940770268440247,0.765895664691925
YDR270W,YBR283C,0,0.6326605,0.11632204800844193,0.9940770268440247,0.7659958004951477
YOR356W,YDL109C,0,0.63228506,0.11630861461162567,0.9940770268440247,0.7660959362983704
YNR027W,YGL136C,0,0.6322224,0.11629518121480942,0.9940770268440247,0.766196072101593
YER086W,YCR004C,0,0.6319119,0.11628175526857376,0.9940770268440247,0.7662962079048157
YDR130C,YML115C,0,0.6316631,0.1162683293223381,0.9940770268440247,0.7663963437080383
YJL102W,YDR390C,0,0.6315769,0.11625490337610245,0.9940770268440247,0.7664964199066162
YDR219C,YLR357W,0,0.6314278,0.11624148488044739,0.9940770268440247,0.7665965557098389
YML074C,YDR120C,0,0.63137484,0.11622807383537292,0.9940770268440247,0.7666966915130615
YJR066W,YPL177C,0,0.63112223,0.11621465533971786,0.9940770268440247,0.7667968273162842
YOR369C,YOR067C,0,0.62995267,0.1162012442946434,0.9940770268440247,0.7668969631195068
YJL156C,YLR014C,0,0.6297728,0.11618784070014954,0.9940770268440247,0.7669970989227295
YFL002W-A,YKR038C,0,0.628965,0.11617443710565567,0.9940770268440247,0.7670972347259521
YFR041C,YDR177W,0,0.6288432,0.1161610335111618,0.9940770268440247,0.7671973705291748
YER148W,YDR120C,0,0.6285986,0.11614763736724854,0.9940770268440247,0.7672975063323975
YGL003C,YML095C,0,0.62674356,0.11613424122333527,0.9940770268440247,0.7673976421356201
YBR264C,YLR109W,0,0.62602174,0.116120845079422,0.9940770268440247,0.767497718334198
YDL051W,YBL039C,0,0.6257297,0.11610745638608932,0.9940770268440247,0.7675978541374207
YOR070C,YIL136W,0,0.6246393,0.11609407514333725,0.9940770268440247,0.7676979899406433
YIR037W,YBL010C,0,0.62458163,0.11608069390058517,0.9940770268440247,0.767798125743866
YHR184W,YGL095C,0,0.6235049,0.1160673126578331,0.9940770268440247,0.7678982615470886
YIL034C,YPL269W,0,0.6216756,0.11605393886566162,0.9940770268440247,0.7679983973503113
YGR008C,YOR092W,0,0.6216707,0.11604056507349014,0.9940770268440247,0.7680985331535339
YOR143C,YDR380W,0,0.6213776,0.11602719128131866,0.9940770268440247,0.7681986689567566
YLR074C,YPL111W,0,0.6211438,0.11601382493972778,0.9940770268440247,0.7682988047599792
YLR459W,YGR156W,0,0.6204225,0.1160004585981369,0.9940770268440247,0.7683989405632019
YPR048W,YAR019C,0,0.6193254,0.11598709970712662,0.9940770268440247,0.7684990763664246
YDR056C,YOR332W,0,0.61915743,0.11597374081611633,0.9940770268440247,0.7685991525650024
YMR071C,YML063W,0,0.6179828,0.11596038937568665,0.9940770268440247,0.7686992883682251
YMR139W,YMR026C,0,0.61776775,0.11594703793525696,0.9940770268440247,0.7687994241714478
YGL120C,YGL155W,0,0.6177421,0.11593368649482727,0.9940770268440247,0.7688995599746704
YLR214W,YPR122W,0,0.61666894,0.11592034250497818,0.9940770268440247,0.7689996957778931
YOR265W,YER184C,0,0.6165733,0.11590699851512909,0.9940770268440247,0.7690998315811157
YEL015W,YDR086C,0,0.61599517,0.1158936619758606,0.9940770268440247,0.7691999673843384
YLR214W,YDR036C,0,0.6152999,0.1158803254365921,0.9940770268440247,0.769300103187561
YBR286W,YML091C,0,0.6140175,0.11586698889732361,0.9940770268440247,0.7694002389907837
YMR235C,YPR016C,0,0.6131037,0.11585365980863571,0.9940770268440247,0.7695003747940063
YHR025W,YNL301C,0,0.6127894,0.11584033071994781,0.9940770268440247,0.7696004509925842
YEL059C-A,YBL061C,0,0.6126002,0.11582700908184052,0.9940770268440247,0.7697005867958069
YJR139C,YKL218C,0,0.61215323,0.11581368744373322,0.9940770268440247,0.7698007225990295
YNL185C,YIL111W,0,0.6117069,0.11580036580562592,0.9940770268440247,0.7699008584022522
YDL069C,YFL036W,0,0.6103468,0.11578705161809921,0.9940770268440247,0.7700009942054749
YJR121W,YLR448W,0,0.60892963,0.11577373743057251,0.9940770268440247,0.7701011300086975
YKL143W,YOR131C,0,0.60806,0.1157604306936264,0.9940770268440247,0.7702012658119202
YJR134C,YDR487C,0,0.60596865,0.1157471239566803,0.9940770268440247,0.7703014016151428
YDR388W,YHR140W,0,0.60586023,0.11573382467031479,0.9940770268440247,0.7704015374183655
YOR037W,YLR385C,0,0.60380185,0.11572052538394928,0.9940770268440247,0.7705016732215881
YDL067C,YGR135W,0,0.6037069,0.11570722609758377,0.9940770268440247,0.7706018090248108
YKL024C,YGR194C,0,0.6030992,0.11569393426179886,0.9940770268440247,0.7707018852233887
YGR054W,YBR185C,0,0.6026064,0.11568064242601395,0.9940770268440247,0.7708020210266113
YMR171C,YOL019W,0,0.60249805,0.11566735804080963,0.9940770268440247,0.770902156829834
YOR047C,YOR201C,0,0.6020216,0.11565407365560532,0.9940770268440247,0.7710022926330566
YER025W,YKR050W,0,0.6017313,0.115640789270401,0.9940770268440247,0.7711024284362793
YNL012W,YCL050C,0,0.60165495,0.11562751233577728,0.9940770268440247,0.771202564239502
YGL178W,YER126C,0,0.6013733,0.11561423540115356,0.9940770268440247,0.7713027000427246
YNL188W,YOL149W,0,0.60038954,0.11560096591711044,0.9940770268440247,0.7714028358459473
YFL047W,YHR136C,0,0.5998944,0.11558769643306732,0.9940770268440247,0.7715029716491699
YLR439W,YPL195W,0,0.5979402,0.1155744269490242,0.9940770268440247,0.7716031074523926
YMR290C,YKL034W,0,0.59696573,0.11556116491556168,0.9940770268440247,0.7717032432556152
YBR159W,YFR005C,0,0.59665304,0.11554790288209915,0.9940770268440247,0.7718033194541931
YMR292W,YNL244C,0,0.5963239,0.11553464829921722,0.9940770268440247,0.7719034552574158
YKL181W,YBL055C,0,0.596287,0.1155213937163353,0.9940770268440247,0.7720035910606384
YNL049C,YBR214W,0,0.5962279,0.11550814658403397,0.9940770268440247,0.7721037268638611
YDR388W,YDR466W,0,0.5954582,0.11549489945173264,0.9940770268440247,0.7722038626670837
YPL269W,YBR164C,0,0.5954543,0.1154816523194313,0.9940770268440247,0.7723039984703064
YLR008C,YKL028W,0,0.595404,0.11546841263771057,0.9940770268440247,0.772404134273529
YJL153C,YPR108W,0,0.59463394,0.11545517295598984,0.9940770268440247,0.7725042700767517
YJR057W,YKL032C,1,0.59333575,0.11555657535791397,0.9950641393661499,0.7725042700767517
YMR256C,YLR318W,0,0.5922882,0.11554332822561264,0.9950641393661499,0.7726044058799744
YER159C-A,YPR031W,0,0.5916447,0.1155300885438919,0.9950641393661499,0.772704541683197
YPL143W,YDR169C,0,0.59090245,0.11551684886217117,0.9950641393661499,0.7728046178817749
YDR356W,YKR048C,0,0.59082675,0.11550360918045044,0.9950641393661499,0.7729047536849976
YLL013C,YKL181W,0,0.58975375,0.1154903769493103,0.9950641393661499,0.7730048894882202
YDL137W,YJL048C,0,0.5890889,0.11547714471817017,0.9950641393661499,0.7731050252914429
YJL170C,YMR042W,0,0.5885345,0.11546391993761063,0.9950641393661499,0.7732051610946655
YNL046W,YJR134C,0,0.5884895,0.11545069515705109,0.9950641393661499,0.7733052968978882
YJR013W,YBL055C,0,0.5881515,0.11543747037649155,0.9950641393661499,0.7734054327011108
YKR038C,YJR045C,0,0.5875155,0.1154242530465126,0.9950641393661499,0.7735055685043335
YLR214W,YPL031C,0,0.58618414,0.11541103571653366,0.9950641393661499,0.7736057043075562
YER048W-A,YHR181W,0,0.58581376,0.11539782583713531,0.9950641393661499,0.7737058401107788
YAL020C,YDR014W,0,0.5845427,0.11538461595773697,0.9950641393661499,0.7738059759140015
YFL004W,YDR055W,0,0.58436924,0.11537140607833862,0.9950641393661499,0.7739060521125793
YJL044C,YIR017C,0,0.5829194,0.11535820364952087,0.9950641393661499,0.774006187915802
YKR038C,YDR044W,0,0.5825259,0.11534500867128372,0.9950641393661499,0.7741063237190247
YKL100C,YPL103C,0,0.5806017,0.11533180624246597,0.9950641393661499,0.7742064595222473
YMR298W,YMR257C,0,0.5801067,0.11531861126422882,0.9950641393661499,0.77430659532547
YBR001C,YBR205W,0,0.5788754,0.11530542373657227,0.9950641393661499,0.7744067311286926
YPR102C,YOL019W,0,0.57754755,0.11529223620891571,0.9950641393661499,0.7745068669319153
YLR142W,YDL019C,0,0.5773166,0.11527904868125916,0.9950641393661499,0.7746070027351379
YDR322W,YLR246W,0,0.57665634,0.1152658686041832,0.9950641393661499,0.7747071385383606
YNL322C,YPR073C,0,0.5748502,0.11525268852710724,0.9950641393661499,0.7748072743415833
YPR186C,YPR031W,0,0.5748237,0.11523950845003128,0.9950641393661499,0.7749073505401611
YDL075W,YDR368W,0,0.5744808,0.11522633582353592,0.9950641393661499,0.7750074863433838
YJL102W,YKL198C,0,0.57423705,0.11521317064762115,0.9950641393661499,0.7751076221466064
YER159C-A,YKR058W,0,0.57381284,0.1151999980211258,0.9950641393661499,0.7752077579498291
YOL003C,YPR028W,0,0.5733838,0.11518683284521103,0.9950641393661499,0.7753078937530518
YKL143W,YLL022C,0,0.57277185,0.11517367511987686,0.9950641393661499,0.7754080295562744
YAL034W-A,YDR393W,0,0.5727303,0.1151605173945427,0.9950641393661499,0.7755081653594971
YBL030C,YPR186C,0,0.57217216,0.11514735966920853,0.9950641393661499,0.7756083011627197
YHR101C,YPL060W,0,0.5717996,0.11513420939445496,0.9950641393661499,0.7757084369659424
YGL178W,YGR262C,0,0.5713886,0.11512105911970139,0.9950641393661499,0.775808572769165
YBL101W-A,YPL033C,0,0.5709051,0.11510791629552841,0.9950641393661499,0.7759087085723877
YIR036C,YHR136C,0,0.570692,0.11509477347135544,0.9950641393661499,0.7760087847709656
YDR299W,YGR047C,0,0.57035077,0.11508163064718246,0.9950641393661499,0.7761089205741882
YNL310C,YLR441C,0,0.570187,0.11506849527359009,0.9950641393661499,0.7762090563774109
YJR098C,YDR511W,0,0.5697342,0.11505535989999771,0.9950641393661499,0.7763091921806335
YMR298W,YFL002W-A,0,0.5695647,0.11504222452640533,0.9950641393661499,0.7764093279838562
YGR262C,YOR337W,0,0.5690993,0.11502909660339355,0.9950641393661499,0.7765094637870789
YMR264W,YNL207W,0,0.5687231,0.11501597613096237,0.9950641393661499,0.7766095995903015
YJR015W,YBR058C,0,0.5685469,0.11500285565853119,0.9950641393661499,0.7767097353935242
YER083C,YER068W,0,0.56743145,0.1149897351861,0.9950641393661499,0.7768098711967468
YDR077W,YOR337W,0,0.5672555,0.11497661471366882,0.9950641393661499,0.7769100069999695
YAL034W-A,YML037C,0,0.56705326,0.11496350169181824,0.9950641393661499,0.7770101428031921
YLR419W,YEL021W,0,0.5660359,0.11495039612054825,0.9950641393661499,0.77711021900177
YNR022C,YKL056C,0,0.5660189,0.11493728309869766,0.9950641393661499,0.7772103548049927
YER061C,YKR058W,0,0.56562454,0.11492418497800827,0.9950641393661499,0.7773104906082153
YJL125C,YER082C,0,0.56458026,0.11491107940673828,0.9950641393661499,0.777410626411438
YGL137W,YML074C,0,0.56410956,0.11489798128604889,0.9950641393661499,0.7775107622146606
YGR263C,YGL155W,0,0.5632974,0.1148848906159401,0.9950641393661499,0.7776108980178833
YDR219C,YLR427W,0,0.56248677,0.1148717924952507,0.9950641393661499,0.777711033821106
YLR204W,YLR433C,0,0.5601717,0.1148587092757225,0.9950641393661499,0.7778111696243286
YJL129C,YBR058C,0,0.5598755,0.11484561860561371,0.9950641393661499,0.7779113054275513
YPL271W,YGR062C,0,0.5596087,0.11483253538608551,0.9950641393661499,0.7780114412307739
YJR013W,YGL210W,0,0.55865246,0.11481945216655731,0.9950641393661499,0.7781115174293518
YDR239C,YLR430W,0,0.5584168,0.11480637639760971,0.9950641393661499,0.7782116532325745
YKL089W,YDL099W,0,0.5580666,0.11479330062866211,0.9950641393661499,0.7783117890357971
YMR290C,YKL017C,0,0.5579087,0.1147802323102951,0.9950641393661499,0.7784119248390198
YJL125C,YKL195W,0,0.55714077,0.1147671639919281,0.9950641393661499,0.7785120606422424
YKL154W,YBR058C-A,0,0.5551506,0.1147540956735611,0.9950641393661499,0.7786121964454651
YKL179C,YAL025C,0,0.555019,0.11474103480577469,0.9950641393661499,0.7787123322486877
YGL173C,YMR208W,0,0.5549365,0.11472797393798828,0.9950641393661499,0.7788124680519104
YER027C,YAL035W,0,0.55384207,0.11471492052078247,0.9950641393661499,0.7789126038551331
YIL039W,YML081C-A,0,0.55293596,0.11470186710357666,0.9950641393661499,0.7790127396583557
YPL059W,YOR221C,0,0.5527536,0.11468881368637085,0.9950641393661499,0.7791128754615784
YIL090W,YNR045W,0,0.5525599,0.11467576771974564,0.9950641393661499,0.7792129516601562
YJL133W,YGL155W,0,0.55253124,0.11466272175312042,0.9950641393661499,0.7793130874633789
YDR128W,YBR035C,0,0.552016,0.1146496832370758,0.9950641393661499,0.7794132232666016
YKL181W,YDR443C,0,0.5519832,0.11463664472103119,0.9950641393661499,0.7795133590698242
YNL322C,YPL103C,0,0.5516585,0.11462360620498657,0.9950641393661499,0.7796134948730469
YDL229W,YLR403W,0,0.5515111,0.11461057513952255,0.9950641393661499,0.7797136306762695
YBL057C,YOR332W,0,0.5515064,0.11459754407405853,0.9950641393661499,0.7798137664794922
YDR329C,YHR017W,0,0.5510243,0.11458452045917511,0.9950641393661499,0.7799139022827148
YOL065C,YER153C,0,0.5507664,0.11457149684429169,0.9950641393661499,0.7800140380859375
YFL036W,YDR096W,0,0.54942954,0.11455847322940826,0.9950641393661499,0.7801141738891602
YLR237W,YDR088C,0,0.54838264,0.11454545706510544,0.9950641393661499,0.780214250087738
YLL013C,YDR014W,0,0.5476161,0.11453244090080261,0.9950641393661499,0.7803143858909607
YOR326W,YPR042C,0,0.5474437,0.11451942473649979,0.9950641393661499,0.7804145216941833
YLR439W,YFR015C,0,0.5473423,0.11450641602277756,0.9950641393661499,0.780514657497406
YMR298W,YKR050W,0,0.54652417,0.11449341475963593,0.9950641393661499,0.7806147933006287
YBR012W-B,YLR430W,0,0.54638153,0.1144804060459137,0.9950641393661499,0.7807149291038513
YNL001W,YJL025W,0,0.54631543,0.11446741223335266,0.9950641393661499,0.780815064907074
YOR096W,YLR048W,0,0.54610354,0.11445441097021103,0.9950641393661499,0.7809152007102966
YEL064C,YOR386W,0,0.5440563,0.11444141715765,0.9950641393661499,0.7810153365135193
YNR045W,YGL039W,0,0.54390097,0.11442842334508896,0.9950641393661499,0.7811154723167419
YJR045C,YBR185C,0,0.54373664,0.11441543698310852,0.9950641393661499,0.7812156081199646
YAR015W,YER086W,0,0.5428307,0.11440245062112808,0.9950641393661499,0.7813156843185425
YHR076W,YHL047C,0,0.54184616,0.11438947170972824,0.9950641393661499,0.7814158201217651
YJL097W,YML088W,0,0.53943944,0.1143764927983284,0.9950641393661499,0.7815159559249878
YGR159C,YOR131C,0,0.5393548,0.11436351388692856,0.9950641393661499,0.7816160917282104
YFL047W,YDR320C-A,0,0.5390287,0.11435054242610931,0.9950641393661499,0.7817162275314331
YML085C,YPR178W,0,0.5373721,0.11433757096529007,0.9950641393661499,0.7818163633346558
YGL168W,YER184C,0,0.5360764,0.11432459950447083,0.9950641393661499,0.7819164991378784
YCR077C,YBL069W,0,0.53338206,0.11431163549423218,0.9950641393661499,0.7820166349411011
YDR507C,YHR064C,0,0.53281945,0.11429867148399353,0.9950641393661499,0.7821167707443237
YDR074W,YHL047C,0,0.53217345,0.11428571492433548,0.9950641393661499,0.7822169065475464
YNL330C,YER147C,1,0.53141695,0.11438612639904022,0.9960513114929199,0.7822169065475464
YKL021C,YGR194C,0,0.53099227,0.11437315493822098,0.9960513114929199,0.7823169827461243
YMR257C,YBR122C,0,0.5308668,0.11436019837856293,0.9960513114929199,0.7824171185493469
YGL147C,YDR115W,0,0.5305442,0.11434723436832428,0.9960513114929199,0.7825172543525696
YFL047W,YAL010C,0,0.52943015,0.11433427780866623,0.9960513114929199,0.7826173901557922
YGL119W,YDL138W,0,0.5292342,0.11432132124900818,0.9960513114929199,0.7827175259590149
YOR143C,YGR162W,0,0.5287213,0.11430837213993073,0.9960513114929199,0.7828176617622375
YIL051C,YDL095W,0,0.52842766,0.11429542303085327,0.9960513114929199,0.7829177975654602
YKL024C,YDR031W,0,0.52834296,0.11428248137235641,0.9960513114929199,0.7830179333686829
YNL308C,YNL339C,0,0.5281507,0.11426953226327896,0.9960513114929199,0.7831180691719055
YJL062W,YLR176C,0,0.52789336,0.1142565980553627,0.9960513114929199,0.7832182049751282
YDR532C,YLR204W,0,0.5277357,0.11424365639686584,0.9960513114929199,0.7833183407783508
YJL170C,YOR326W,0,0.5276209,0.11423072218894958,0.9960513114929199,0.7834184169769287
YMR094W,YDR297W,0,0.52701896,0.11421779543161392,0.9960513114929199,0.7835185527801514
YBL057C,YBL022C,0,0.5264771,0.11420486867427826,0.9960513114929199,0.783618688583374
YDL069C,YER089C,0,0.52357835,0.1141919419169426,0.9960513114929199,0.7837188243865967
YPL269W,YCR094W,0,0.52319,0.11417902261018753,0.9960513114929199,0.7838189601898193
YHL047C,YMR221C,0,0.52285576,0.11416610330343246,0.9960513114929199,0.783919095993042
YDR011W,YHR160C,0,0.52162814,0.1141531839966774,0.9960513114929199,0.7840192317962646
YIL027C,YPL038W,0,0.5212957,0.11414027214050293,0.9960513114929199,0.7841193675994873
YCR081W,YBR160W,0,0.5209559,0.11412736028432846,0.9960513114929199,0.78421950340271
YLR371W,YNL268W,0,0.5199793,0.11411445587873459,0.9960513114929199,0.7843196392059326
YER095W,YLR109W,0,0.51936865,0.11410155147314072,0.9960513114929199,0.7844197750091553
YJR010C-A,YAL020C,0,0.5186221,0.11408864706754684,0.9960513114929199,0.7845198512077332
YER184C,YOR221C,0,0.51801956,0.11407575011253357,0.9960513114929199,0.7846199870109558
YDR440W,YOL080C,0,0.5168936,0.1140628531575203,0.9960513114929199,0.7847201228141785
YDR465C,YLR096W,0,0.516776,0.11404996365308762,0.9960513114929199,0.7848202586174011
YDR236C,YDL008W,0,0.5154256,0.11403707414865494,0.9960513114929199,0.7849203944206238
YLR038C,YGR200C,0,0.51517797,0.11402418464422226,0.9960513114929199,0.7850205302238464
YDR436W,YIL113W,0,0.51461244,0.11401130259037018,0.9960513114929199,0.7851206660270691
YMR139W,YMR188C,0,0.51402134,0.1139984205365181,0.9960513114929199,0.7852208018302917
YBR058C-A,YJL189W,0,0.51330113,0.11398553848266602,0.9960513114929199,0.7853209376335144
YAL034W-A,YOR242C,0,0.51072884,0.11397266387939453,0.9960513114929199,0.7854210734367371
YHR089C,YDR507C,0,0.5106245,0.11395978927612305,0.9960513114929199,0.7855211496353149
YHR116W,YDR239C,0,0.5103869,0.11394692212343216,0.9960513114929199,0.7856212854385376
YJL129C,YNL162W,0,0.5091487,0.11393405497074127,0.9960513114929199,0.7857214212417603
YLR158C,YPL038W,0,0.50852805,0.11392119526863098,0.9960513114929199,0.7858215570449829
YPL031C,YJL158C,0,0.50808847,0.1139083281159401,0.9960513114929199,0.7859216928482056
YMR287C,YDR261W-B,0,0.5074324,0.1138954758644104,0.9960513114929199,0.7860218286514282
YHL044W,YLR040C,0,0.5070268,0.11388261616230011,0.9960513114929199,0.7861219644546509
YCR053W,YGR001C,0,0.506339,0.11386976391077042,0.9960513114929199,0.7862221002578735
YER126C,YLR327C,0,0.5055208,0.11385691910982132,0.9960513114929199,0.7863222360610962
YER114C,YOL147C,0,0.5042452,0.11384407430887222,0.9960513114929199,0.7864223718643188
YER113C,YOR306C,0,0.5037445,0.11383122950792313,0.9960513114929199,0.7865225076675415
YJR009C,YML124C,0,0.5028563,0.11381838470697403,0.9960513114929199,0.7866225838661194
YGL178W,YLR158C,0,0.5012346,0.11380554735660553,0.9960513114929199,0.786722719669342
YDR532C,YPL258C,0,0.50049376,0.11379271745681763,0.9960513114929199,0.7868228554725647
YER061C,YHR181W,0,0.50040406,0.11377988010644913,0.9960513114929199,0.7869229912757874
YDR128W,YPL111W,0,0.4992561,0.11376705020666122,0.9960513114929199,0.78702312707901
YPR156C,YKR094C,0,0.49652725,0.11375422775745392,0.9960513114929199,0.7871232628822327
YHL019C,YMR042W,0,0.49502164,0.11374140530824661,0.9960513114929199,0.7872233986854553
YBR035C,YKL116C,0,0.49421966,0.1137285828590393,0.9960513114929199,0.787323534488678
YIL138C,YDR483W,0,0.4931209,0.1137157678604126,0.9960513114929199,0.7874236702919006
YER159C-A,YOR076C,0,0.49302468,0.11370295286178589,0.9960513114929199,0.7875238060951233
YDR236C,YNL212W,0,0.49097544,0.11369013786315918,0.9960513114929199,0.7876238822937012
YMR264W,YDR297W,0,0.48900104,0.11367733031511307,0.9960513114929199,0.7877240180969238
YDL069C,YOR374W,0,0.48732018,0.11366452276706696,0.9960513114929199,0.7878241539001465
YBL106C,YBR142W,0,0.48550075,0.11365172266960144,0.9960513114929199,0.7879242897033691
YCL055W,YIL125W,0,0.48467928,0.11363892257213593,0.9960513114929199,0.7880244255065918
YBR283C,YDR047W,0,0.48440996,0.11362612247467041,0.9960513114929199,0.7881245613098145
YDL075W,YOR067C,0,0.48437026,0.11361332982778549,0.9960513114929199,0.7882246971130371
YLR370C,YDL180W,0,0.48272106,0.11360053718090057,0.9960513114929199,0.7883248329162598
YHR171W,YJL052W,0,0.48272055,0.11358775198459625,0.9960513114929199,0.7884249687194824
YKL089W,YDR022C,0,0.48248547,0.11357496678829193,0.9960513114929199,0.7885251045227051
YBL082C,YML088W,0,0.48186025,0.11356218159198761,0.9960513114929199,0.7886252403259277
YIL070C,YER112W,0,0.48171595,0.11354940384626389,0.9960513114929199,0.7887253165245056
YBR214W,YGL185C,0,0.48114336,0.11353662610054016,0.9960513114929199,0.7888254523277283
YGL211W,YOL123W,0,0.48088938,0.11352385580539703,0.9960513114929199,0.7889255881309509
YJL046W,YMR312W,0,0.48053813,0.11351107805967331,0.9960513114929199,0.7890257239341736
YML074C,YJL136C,0,0.48021346,0.11349831521511078,0.9960513114929199,0.7891258597373962
YGL253W,YJL102W,0,0.47959638,0.11348554491996765,0.9960513114929199,0.7892259955406189
YGR086C,YDR322W,0,0.47913608,0.11347278207540512,0.9960513114929199,0.7893261313438416
YLR170C,YLR266C,0,0.479119,0.11346002668142319,0.9960513114929199,0.7894262671470642
YIL027C,YOR039W,0,0.47894904,0.11344727128744125,0.9960513114929199,0.7895264029502869
YER070W,YJL056C,0,0.47864485,0.11343451589345932,0.9960513114929199,0.7896265387535095
YNL311C,YKL179C,0,0.47748157,0.11342176049947739,0.9960513114929199,0.7897266149520874
YFL029C,YPL214C,0,0.47689134,0.11340901255607605,0.9960513114929199,0.7898267507553101
YLR098C,YMR051C,0,0.476418,0.11339627206325531,0.9960513114929199,0.7899268865585327
YMR257C,YBR273C,0,0.47637996,0.11338352411985397,0.9960513114929199,0.7900270223617554
YCR028C,YOR374W,0,0.47611812,0.11337078362703323,0.9960513114929199,0.790127158164978
YLR459W,YDR093W,0,0.47541946,0.11335805058479309,0.9960513114929199,0.7902272939682007
YAL008W,YLR207W,0,0.4741678,0.11334531754255295,0.9960513114929199,0.7903274297714233
YER036C,YGR116W,0,0.47384137,0.1133325845003128,0.9960513114929199,0.790427565574646
YBL030C,YPR028W,0,0.47210196,0.11331985890865326,0.9960513114929199,0.7905277013778687
YKL154W,YDR139C,0,0.47185653,0.11330713331699371,0.9960513114929199,0.7906278371810913
YML042W,YBR251W,0,0.47165,0.11329440772533417,0.9960513114929199,0.790727972984314
YPR048W,YOR036W,0,0.47150862,0.11328168958425522,0.9960513114929199,0.7908280491828918
YCL063W,YOR224C,0,0.47149622,0.11326897144317627,0.9960513114929199,0.7909281849861145
YPL226W,YJR060W,0,0.47140846,0.11325626075267792,0.9960513114929199,0.7910283207893372
YKR059W,YLR286C,0,0.4701147,0.11324355006217957,0.9960513114929199,0.7911284565925598
YML129C,YAL044C,0,0.46960866,0.11323083937168121,0.9960513114929199,0.7912285923957825
YGR123C,YDR088C,0,0.46940067,0.11321813613176346,0.9960513114929199,0.7913287281990051
YLR371W,YBR214W,0,0.46864104,0.1132054328918457,0.9960513114929199,0.7914288640022278
YPL269W,YJL080C,0,0.46852094,0.11319272965192795,0.9960513114929199,0.7915289998054504
YBR267W,YDR318W,0,0.46799445,0.11318003386259079,0.9960513114929199,0.7916291356086731
YDL067C,YOR044W,0,0.46759352,0.11316733807325363,0.9960513114929199,0.7917292714118958
YDR447C,YGR076C,0,0.46752357,0.11315464973449707,0.9960513114929199,0.7918294072151184
YJL073W,YBR164C,0,0.46541172,0.11314196139574051,0.9960513114929199,0.7919294834136963
YMR022W,YJL062W,0,0.4647781,0.11312927305698395,0.9960513114929199,0.792029619216919
YER048W-A,YIL125W,0,0.4631362,0.11311659216880798,0.9960513114929199,0.7921297550201416
YER114C,YJR076C,0,0.46206105,0.11310391128063202,0.9960513114929199,0.7922298908233643
YCL063W,YKR038C,0,0.46205956,0.11309123784303665,0.9960513114929199,0.7923300266265869
YNR001C,YLR265C,0,0.4613242,0.11307856440544128,0.9960513114929199,0.7924301624298096
YDR529C,YOR326W,0,0.45799425,0.11306589096784592,0.9960513114929199,0.7925302982330322
YLL013C,YML034W,0,0.457219,0.11305322498083115,0.9960513114929199,0.7926304340362549
YKL088W,YDR534C,0,0.45595238,0.11304055899381638,0.9960513114929199,0.7927305698394775
YER061C,YDR380W,0,0.4549162,0.1130278930068016,0.9960513114929199,0.7928307056427002
YML129C,YGL191W,0,0.45423958,0.11301523447036743,0.9960513114929199,0.7929307818412781
YDL006W,YDR380W,0,0.45403016,0.11300257593393326,0.9960513114929199,0.7930309176445007
YGL021W,YER082C,0,0.45399302,0.11298992484807968,0.9960513114929199,0.7931310534477234
YML027W,YFL002W-A,0,0.45367754,0.1129772737622261,0.9960513114929199,0.793231189250946
YMR257C,YOL139C,0,0.45360765,0.11296462267637253,0.9960513114929199,0.7933313250541687
YJL033W,YLR467W,0,0.45292872,0.11295197904109955,0.9960513114929199,0.7934314608573914
YOL105C,YMR314W,0,0.4503395,0.11293933540582657,0.9960513114929199,0.793531596660614
YHL044W,YDL205C,0,0.44948602,0.11292669177055359,0.9960513114929199,0.7936317324638367
YPL074W,YGR062C,0,0.44831005,0.1129140555858612,0.9960513114929199,0.7937318682670593
YOR124C,YPR016C,0,0.44761765,0.11290141940116882,0.9960513114929199,0.793832004070282
YNL207W,YER112W,0,0.4473978,0.11288879066705704,0.9960513114929199,0.7939321398735046
YLR414C,YKL181W,0,0.44717148,0.11287616193294525,0.9960513114929199,0.7940322160720825
YPL106C,YHL040C,0,0.44506082,0.11286353319883347,0.9960513114929199,0.7941323518753052
YNL293W,YBR105C,0,0.4446808,0.11285091191530228,0.9960513114929199,0.7942324876785278
YBL037W,YJL189W,0,0.4428208,0.11283829063177109,0.9960513114929199,0.7943326234817505
YBR035C,YMR152W,0,0.44260812,0.1128256767988205,0.9960513114929199,0.7944327592849731
YER086W,YGR158C,0,0.44120938,0.1128130555152893,0.9960513114929199,0.7945328950881958
YBR159W,YMR256C,0,0.44095507,0.11280044913291931,0.9960513114929199,0.7946330308914185
YMR004W,YDR483W,0,0.44087815,0.11278783529996872,0.9960513114929199,0.7947331666946411
YNL077W,YPL154C,0,0.44086188,0.11277522891759872,0.9960513114929199,0.7948333024978638
YDL136W,YCR053W,0,0.4407369,0.11276262998580933,0.9960513114929199,0.7949334383010864
YPL271W,YNR016C,0,0.44069114,0.11275003105401993,0.9960513114929199,0.7950335144996643
YGL035C,YDR298C,0,0.43845478,0.11273743212223053,0.9960513114929199,0.795133650302887
YDL204W,YGL003C,0,0.43740875,0.11272483319044113,0.9960513114929199,0.7952337861061096
YMR316W,YML116W,0,0.43633276,0.11271224170923233,0.9960513114929199,0.7953339219093323
YNL158W,YKR105C,0,0.43620008,0.11269965022802353,0.9960513114929199,0.7954340577125549
YDR334W,YCL031C,0,0.4360149,0.11268706619739532,0.9960513114929199,0.7955341935157776
YDR022C,YIL051C,0,0.43600804,0.11267448216676712,0.9960513114929199,0.7956343293190002
YMR221C,YCL047C,0,0.43491143,0.11266190558671951,0.9960513114929199,0.7957344651222229
YLR097C,YCL027W,0,0.43426287,0.11264932155609131,0.9960513114929199,0.7958346009254456
YDR326C,YLR467W,0,0.43382704,0.1126367524266243,0.9960513114929199,0.7959347367286682
YPL106C,YCR077C,0,0.4334529,0.11262417584657669,0.9960513114929199,0.7960348725318909
YLR396C,YFL041W,0,0.43343532,0.11261160671710968,0.9960513114929199,0.7961349487304688
YGR123C,YOL007C,0,0.43286344,0.11259903758764267,0.9960513114929199,0.7962350845336914
YDR347W,YBL069W,0,0.43214083,0.11258647590875626,0.9960513114929199,0.7963352203369141
YLR192C,YDR239C,0,0.43030906,0.11257391422986984,0.9960513114929199,0.7964353561401367
YIL039W,YEL021W,0,0.43018526,0.11256136000156403,0.9960513114929199,0.7965354919433594
YDR012W,YEL054C,0,0.43007004,0.11254879832267761,0.9960513114929199,0.796635627746582
YER153C,YHR136C,0,0.4293762,0.11253625154495239,0.9960513114929199,0.7967357635498047
YGR162W,YGR061C,0,0.42910698,0.11252369731664658,0.9960513114929199,0.7968358993530273
YNL293W,YLR419W,0,0.42808843,0.11251115053892136,0.9960513114929199,0.79693603515625
YPR102C,YAL012W,0,0.426316,0.11249860376119614,0.9960513114929199,0.7970361709594727
YPR063C,YFR041C,0,0.42608535,0.11248606443405151,0.9960513114929199,0.7971363067626953
YMR128W,YGR218W,0,0.42523783,0.11247352510690689,0.9960513114929199,0.7972363829612732
YML054C,YLR414C,0,0.4251154,0.11246099323034286,0.9960513114929199,0.7973365187644958
YHR116W,YIL136W,0,0.4227056,0.11244845390319824,0.9960513114929199,0.7974366545677185
YKR037C,YHR064C,0,0.42245734,0.11243592947721481,0.9960513114929199,0.7975367903709412
YDL136W,YGR086C,0,0.42162746,0.11242339760065079,0.9960513114929199,0.7976369261741638
YDR297W,YGR188C,0,0.4206932,0.11241087317466736,0.9960513114929199,0.7977370619773865
YIL051C,YOR043W,0,0.4187048,0.11239834874868393,0.9960513114929199,0.7978371977806091
YNR001C,YML088W,0,0.41440696,0.1123858317732811,0.9960513114929199,0.7979373335838318
YNL242W,YGL157W,0,0.41281238,0.11237331479787827,0.9960513114929199,0.7980374693870544
YMR233W,YOL125W,0,0.41267633,0.11236080527305603,0.9960513114929199,0.7981376051902771
YIL111W,YAL058W,0,0.41137454,0.1123482882976532,0.9960513114929199,0.798237681388855
YML106W,YOR075W,0,0.41050303,0.11233578622341156,0.9960513114929199,0.7983378171920776
YLR283W,YAL008W,0,0.40989268,0.11232327669858932,0.9960513114929199,0.7984379529953003
YLR139C,YGR071C,0,0.40914172,0.11231077462434769,0.9960513114929199,0.798538088798523
YML106W,YKR037C,0,0.40881968,0.11229827255010605,0.9960513114929199,0.7986382246017456
YPL231W,YGR106C,0,0.40817064,0.11228577792644501,0.9960513114929199,0.7987383604049683
YHR147C,YNL325C,0,0.40549746,0.11227328330278397,0.9960513114929199,0.7988384962081909
YLR439W,YGL039W,0,0.4043684,0.11226078867912292,0.9960513114929199,0.7989386320114136
YHL004W,YGL059W,0,0.40406275,0.11224830150604248,0.9960513114929199,0.7990387678146362
YPL177C,YOR044W,0,0.4028573,0.11223581433296204,0.9960513114929199,0.7991389036178589
YDL067C,YAL062W,0,0.40250945,0.11222333461046219,0.9960513114929199,0.7992390394210815
YKL143W,YBL023C,0,0.4024215,0.11221085488796234,0.9960513114929199,0.7993391156196594
YBL039C,YPL074W,0,0.4020282,0.1121983751654625,0.9960513114929199,0.7994392514228821
YEL038W,YIR037W,0,0.40040684,0.11218590289354324,0.9960513114929199,0.7995393872261047
YBR286W,YOR061W,0,0.39936215,0.11217343062162399,0.9960513114929199,0.7996395230293274
YLR467W,YDR534C,0,0.39891806,0.11216095834970474,0.9960513114929199,0.79973965883255
YCR072C,YDL185W,0,0.3985908,0.11214849352836609,0.9960513114929199,0.7998397946357727
YDR524C,YLR438C-A,0,0.39834327,0.11213602870702744,0.9960513114929199,0.7999399304389954
YNL146W,YKL034W,0,0.39824408,0.11212357133626938,0.9960513114929199,0.800040066242218
YKL088W,YGL084C,0,0.39767382,0.11211111396551132,0.9960513114929199,0.8001402020454407
YIL074C,YLR381W,0,0.39752916,0.11209865659475327,0.9960513114929199,0.8002403378486633
YLR121C,YML063W,0,0.39663392,0.1120862066745758,0.9960513114929199,0.8003404140472412
YNL001W,YDR534C,0,0.3946877,0.11207375675439835,0.9960513114929199,0.8004405498504639
YBR024W,YDR511W,0,0.3937071,0.11206130683422089,0.9960513114929199,0.8005406856536865
YGR086C,YAL044C,0,0.3911446,0.11204886436462402,0.9960513114929199,0.8006408214569092
YLR096W,YIL078W,0,0.38923252,0.11203642189502716,0.9960513114929199,0.8007409572601318
YDR501W,YKL028W,0,0.3888065,0.1120239794254303,0.9960513114929199,0.8008410930633545
YBR036C,YGL229C,0,0.3872652,0.11201154440641403,0.9960513114929199,0.8009412288665771
YKR062W,YGL229C,0,0.38542658,0.11199910938739777,0.9960513114929199,0.8010413646697998
YPR005C,YNL227C,0,0.38422614,0.1119866818189621,0.9960513114929199,0.8011415004730225
YBR024W,YGR241C,0,0.3833248,0.11197425425052643,0.9960513114929199,0.8012416362762451
YNL268W,YKL028W,0,0.38258845,0.11196182668209076,0.9960513114929199,0.8013417720794678
YAL053W,YNL325C,0,0.38247854,0.11194940656423569,0.9960513114929199,0.8014418482780457
YML106W,YLR106C,0,0.3821238,0.11193698644638062,0.9960513114929199,0.8015419840812683
YPL281C,YOL125W,0,0.38098267,0.11192457377910614,0.9960513114929199,0.801642119884491
YDR074W,YPL271W,0,0.37998092,0.11191215366125107,0.9960513114929199,0.8017422556877136
YDR347W,YPL028W,0,0.37894422,0.11189974844455719,0.9960513114929199,0.8018423914909363
YLR396C,YDR297W,0,0.3777343,0.11188733577728271,0.9960513114929199,0.8019425272941589
YCR098C,YOR244W,0,0.37568676,0.11187493056058884,0.9960513114929199,0.8020426630973816
YDL138W,YBL064C,0,0.3688723,0.11186252534389496,0.9960513114929199,0.8021427989006042
YDL129W,YMR256C,0,0.3680468,0.11185012757778168,0.9960513114929199,0.8022429347038269
YLR448W,YJR060W,0,0.36775798,0.1118377298116684,0.9960513114929199,0.8023430705070496
YPR132W,YLR304C,0,0.36689004,0.11182533204555511,0.9960513114929199,0.8024431467056274
YOR155C,YOL056W,0,0.36682135,0.11181294173002243,0.9960513114929199,0.8025432825088501
YBR035C,YGR014W,0,0.36638534,0.11180055141448975,0.9960513114929199,0.8026434183120728
YHR089C,YDR363W-A,0,0.36596614,0.11178816854953766,0.9960513114929199,0.8027435541152954
YOR356W,YML043C,0,0.36573285,0.11177578568458557,0.9960513114929199,0.8028436899185181
YMR307W,YDL060W,0,0.36399347,0.11176340281963348,0.9960513114929199,0.8029438257217407
YHL019C,YMR109W,0,0.36296868,0.111751027405262,0.9960513114929199,0.8030439615249634
YOR047C,YGR047C,0,0.36099058,0.1117386519908905,0.9960513114929199,0.803144097328186
YAL008W,YLL022C,0,0.36060423,0.11172627657651901,0.9960513114929199,0.8032442331314087
YNL308C,YBL023C,0,0.35982877,0.11171390861272812,0.9960513114929199,0.8033443689346313
YML116W,YPR166C,0,0.35972747,0.11170154064893723,0.9960513114929199,0.803444504737854
YMR217W,YGR220C,0,0.3596031,0.11168917268514633,0.9960513114929199,0.8035445809364319
YMR316W,YJL108C,0,0.3592591,0.11167681217193604,0.9960513114929199,0.8036447167396545
YDR236C,YDL185W,0,0.3584653,0.11166445165872574,0.9960513114929199,0.8037448525428772
YCR072C,YML015C,0,0.35691077,0.11165209859609604,0.9960513114929199,0.8038449883460999
YFR008W,YFR006W,0,0.3562889,0.11163974553346634,0.9960513114929199,0.8039451241493225
YHR184W,YJL148W,0,0.35619378,0.11162739247083664,0.9960513114929199,0.8040452599525452
YHL016C,YLR403W,0,0.35613137,0.11161504685878754,0.9960513114929199,0.8041453957557678
YOR151C,YMR221C,0,0.35555935,0.11160270124673843,0.9960513114929199,0.8042455315589905
YBL022C,YPL095C,0,0.3551117,0.11159035563468933,0.9960513114929199,0.8043456673622131
YER140W,YLR038C,0,0.35378247,0.11157801747322083,0.9960513114929199,0.8044458031654358
YML018C,YDR103W,0,0.35251915,0.11156567931175232,0.9960513114929199,0.8045459389686584
YBL088C,YPR158C-D,0,0.35210943,0.11155334115028381,0.9960513114929199,0.8046460151672363
YLR147C,YDR115W,0,0.35112014,0.1115410104393959,0.9960513114929199,0.804746150970459
YLL050C,YMR303C,0,0.35092664,0.11152868717908859,0.9960513114929199,0.8048462867736816
YOR167C,YIR023W,0,0.35068938,0.11151635646820068,0.9960513114929199,0.8049464225769043
YFL002W-A,YJL136C,0,0.35058224,0.11150403320789337,0.9960513114929199,0.805046558380127
YJL048C,YNR043W,0,0.34809566,0.11149170994758606,0.9960513114929199,0.8051466941833496
YMR088C,YHL024W,0,0.34718382,0.11147939413785934,0.9960513114929199,0.8052468299865723
YHR143W,YCR081W,0,0.34648705,0.11146707832813263,0.9960513114929199,0.8053469657897949
YHL009W-B,YFR005C,0,0.34618482,0.11145476996898651,0.9960513114929199,0.8054471015930176
YMR256C,YHR010W,0,0.34509528,0.1114424541592598,0.9960513114929199,0.8055472373962402
YIR037W,YNR040W,0,0.34354937,0.11143014580011368,0.9960513114929199,0.8056473135948181
YMR292W,YNL098C,0,0.34287596,0.11141784489154816,0.9960513114929199,0.8057474493980408
YHR021C,YOR179C,0,0.34172374,0.11140554398298264,0.9960513114929199,0.8058475852012634
YDL204W,YEL002C,0,0.3413936,0.11139324307441711,0.9960513114929199,0.8059477210044861
YJL125C,YAL062W,0,0.34125158,0.11138094961643219,0.9960513114929199,0.8060478568077087
YER153C,YHR013C,0,0.34035397,0.11136865615844727,0.9960513114929199,0.8061479926109314
YLR100W,YJL190C,0,0.33962482,0.11135636270046234,0.9960513114929199,0.806248128414154
YKR048C,YBR009C,0,0.33906376,0.11134407669305801,0.9960513114929199,0.8063482642173767
YAR018C,YGR116W,0,0.33903825,0.11133179068565369,0.9960513114929199,0.8064484000205994
YDR532C,YMR312W,0,0.33827433,0.11131950467824936,0.9960513114929199,0.806548535823822
YGR123C,YER020W,0,0.3379618,0.11130722612142563,0.9960513114929199,0.8066486716270447
YDR297W,YPL068C,0,0.33589208,0.1112949475646019,0.9960513114929199,0.8067487478256226
YDR356W,YCR094W,0,0.3356372,0.11128267645835876,0.9960513114929199,0.8068488836288452
YOL065C,YFR041C,0,0.33521822,0.11127039790153503,0.9960513114929199,0.8069490194320679
YML125C,YLR176C,0,0.33482367,0.1112581342458725,0.9960513114929199,0.8070491552352905
YLR396C,YJL153C,0,0.33446,0.11124586313962936,0.9960513114929199,0.8071492910385132
YDR011W,YDR436W,0,0.33403346,0.11123359948396683,0.9960513114929199,0.8072494268417358
YFL002W-A,YNR041C,0,0.33386433,0.11122134327888489,0.9960513114929199,0.8073495626449585
YHR089C,YPL095C,0,0.3332832,0.11120907962322235,0.9960513114929199,0.8074496984481812
YLR414C,YKR058W,0,0.33270118,0.11119682341814041,0.9960513114929199,0.8075498342514038
YLR126C,YER096W,0,0.33267507,0.11118457466363907,0.9960513114929199,0.8076499700546265
YLR396C,YDR139C,0,0.33201277,0.11117232590913773,0.9960513114929199,0.8077500462532043
YEL015W,YLR079W,0,0.33199233,0.11116007715463638,0.9960513114929199,0.807850182056427
YJR010C-A,YDR376W,0,0.33036518,0.11114782840013504,0.9960513114929199,0.8079503178596497
YDR299W,YHR181W,0,0.32917202,0.1111355870962143,0.9960513114929199,0.8080504536628723
YKL143W,YKL017C,0,0.32889852,0.11112334579229355,0.9960513114929199,0.808150589466095
YIL172C,YLR204W,0,0.32866323,0.1111111119389534,0.9960513114929199,0.8082507252693176
YJL143W,YER027C,0,0.32792568,0.11109887808561325,0.9960513114929199,0.8083508610725403
YBR176W,YHL047C,0,0.32776716,0.1110866442322731,0.9960513114929199,0.8084509968757629
YPR028W,YLR433C,0,0.3264454,0.11107441782951355,0.9960513114929199,0.8085511326789856
YGL253W,YBR084W,0,0.32623988,0.111062191426754,0.9960513114929199,0.8086512684822083
YMR235C,YER106W,0,0.32545388,0.11104996502399445,0.9960513114929199,0.8087514042854309
YKL011C,YKL143W,0,0.32542658,0.11103774607181549,0.9960513114929199,0.8088514804840088
YOR175C,YBR231C,0,0.3249799,0.11102552711963654,0.9960513114929199,0.8089516162872314
YOR182C,YML009C,0,0.32380155,0.11101331561803818,0.9960513114929199,0.8090517520904541
YMR188C,YOR326W,0,0.3229702,0.11100109666585922,0.9960513114929199,0.8091518878936768
YDR481C,YOL103W,0,0.3225634,0.11098889261484146,0.9960513114929199,0.8092520236968994
YML129C,YDL129W,0,0.32213974,0.1109766811132431,0.9960513114929199,0.8093521595001221
YDL127W,YDR060W,0,0.3219952,0.11096447706222534,0.9960513114929199,0.8094522953033447
YIL039W,YOL157C,0,0.32151932,0.11095227301120758,0.9960513114929199,0.8095524311065674
YDR139C,YHL016C,0,0.32147238,0.11094007641077042,0.9960513114929199,0.80965256690979
YOR037W,YBL054W,0,0.3205287,0.11092787981033325,0.9960513114929199,0.8097527027130127
YDR456W,YMR223W,0,0.32010102,0.11091568320989609,0.9960513114929199,0.8098527789115906
YGR159C,YJL190C,0,0.3188635,0.11090349406003952,0.9960513114929199,0.8099529147148132
YGR062C,YLR078C,0,0.31864756,0.11089130491018295,0.9960513114929199,0.8100530505180359
YGL223C,YDR347W,0,0.31692547,0.11087912321090698,0.9960513114929199,0.8101531863212585
YAL010C,YHL016C,0,0.31558162,0.11086693406105042,0.9960513114929199,0.8102533221244812
YPL019C,YNR001C,0,0.3136466,0.11085475981235504,0.9960513114929199,0.8103534579277039
YDR126W,YDR387C,0,0.3127368,0.11084257811307907,0.9960513114929199,0.8104535937309265
YOR315W,YGR101W,0,0.31164676,0.1108304038643837,0.9960513114929199,0.8105537295341492
YGL136C,YHR167W,0,0.3109743,0.11081822961568832,0.9960513114929199,0.8106538653373718
YNL268W,YPR054W,0,0.3104871,0.11080606281757355,0.9960513114929199,0.8107540011405945
YHL036W,YOL123W,0,0.30801627,0.11079389601945877,0.9960513114929199,0.8108541369438171
YNL096C,YER106W,0,0.30782413,0.110781729221344,0.9960513114929199,0.810954213142395
YGR263C,YLR357W,0,0.30666423,0.11076956987380981,0.9960513114929199,0.8110543489456177
YJR075W,YNL248C,0,0.30658746,0.11075741052627563,0.9960513114929199,0.8111544847488403
YIL171W,YKR030W,0,0.3063945,0.11074525117874146,0.9960513114929199,0.811254620552063
YGL211W,YBR160W,0,0.30253744,0.11073309928178787,0.9960513114929199,0.8113547563552856
YLR192C,YML048W,0,0.30140924,0.11072094738483429,0.9960513114929199,0.8114548921585083
YGL135W,YHR136C,0,0.30107015,0.1107088029384613,0.9960513114929199,0.811555027961731
YGR262C,YJL056C,0,0.3002835,0.11069665104150772,0.9960513114929199,0.8116551637649536
YMR188C,YDL075W,0,0.2999603,0.11068451404571533,0.9960513114929199,0.8117552995681763
YPL220W,YPL092W,0,0.29985058,0.11067236959934235,0.9960513114929199,0.8118554353713989
YNR007C,YDR103W,0,0.29975867,0.11066023260354996,0.9960513114929199,0.8119555711746216
YLL062C,YDR421W,0,0.2995965,0.11064809560775757,0.9960513114929199,0.8120556473731995
YLR427W,YHR140W,0,0.29775196,0.11063596606254578,0.9960513114929199,0.8121557831764221
YMR287C,YDR402C,0,0.2961552,0.11062383651733398,0.9960513114929199,0.8122559189796448
YOR036W,YCR077C,0,0.29535007,0.11061170697212219,0.9960513114929199,0.8123560547828674
YEL013W,YLR381W,0,0.29518548,0.110599584877491,0.9960513114929199,0.8124561905860901
YGL039W,YBR251W,0,0.2945972,0.1105874627828598,0.9960513114929199,0.8125563263893127
YOL019W,YPL149W,0,0.29242864,0.11057534068822861,0.9960513114929199,0.8126564621925354
YOR356W,YGR200C,0,0.29113114,0.11056322604417801,0.9960513114929199,0.8127565979957581
YOL100W,YOR386W,0,0.29050097,0.11055111140012741,0.9960513114929199,0.8128567337989807
YJR013W,YDL099W,0,0.28983074,0.11053900420665741,0.9960513114929199,0.8129568696022034
YJL102W,YJL101C,0,0.28974187,0.11052688956260681,0.9960513114929199,0.8130569458007812
YBR055C,YDR418W,0,0.2896762,0.11051478981971741,0.9960513114929199,0.8131570816040039
YJR121W,YHL047C,0,0.28936687,0.1105026826262474,0.9960513114929199,0.8132572174072266
YLR343W,YOL080C,0,0.28876358,0.110490582883358,0.9960513114929199,0.8133573532104492
YDL129W,YLR154C,0,0.28854632,0.1104784831404686,0.9960513114929199,0.8134574890136719
YBR166C,YDL017W,0,0.28624946,0.11046639084815979,0.9960513114929199,0.8135576248168945
YLR214W,YBL022C,0,0.28614706,0.11045429855585098,0.9960513114929199,0.8136577606201172
YHL019C,YOR246C,0,0.28542548,0.11044220626354218,0.9960513114929199,0.8137578964233398
YBR291C,YHR036W,0,0.2852779,0.11043012142181396,0.9960513114929199,0.8138580322265625
YPL157W,YDR003W,0,0.28418624,0.11041803658008575,0.9960513114929199,0.8139581680297852
YML124C,YJL097W,0,0.2833981,0.11040595173835754,0.9960513114929199,0.8140583038330078
YMR235C,YMR022W,0,0.28330582,0.11039387434720993,0.9960513114929199,0.8141583800315857
YMR297W,YOR326W,0,0.28267872,0.11038179695606232,0.9960513114929199,0.8142585158348083
YNL306W,YKL116C,0,0.28037035,0.1103697195649147,0.9960513114929199,0.814358651638031
YOR047C,YLR142W,0,0.27963358,0.11035764962434769,0.9960513114929199,0.8144587874412537
YGL120C,YJL189W,0,0.27924174,0.11034557968378067,0.9960513114929199,0.8145589232444763
YJL221C,YPR028W,0,0.2783031,0.11033351719379425,0.9960513114929199,0.814659059047699
YFR041C,YML115C,0,0.2766056,0.11032145470380783,0.9960513114929199,0.8147591948509216
YHR076W,YMR036C,0,0.27567792,0.11030939221382141,0.9960513114929199,0.8148593306541443
YEL061C,YHR011W,0,0.27524275,0.11029732972383499,0.9960513114929199,0.8149594664573669
YFL002W-A,YNL151C,0,0.2743736,0.11028527468442917,0.9960513114929199,0.8150596022605896
YLR283W,YDR503C,0,0.27356097,0.11027322709560394,0.9960513114929199,0.8151596784591675
YGL039W,YHR099W,0,0.2711603,0.11026117205619812,0.9960513114929199,0.8152598142623901
YNL322C,YPR019W,0,0.27048326,0.1102491244673729,0.9960513114929199,0.8153599500656128
YLR343W,YJL109C,0,0.2704612,0.11023708432912827,0.9960513114929199,0.8154600858688354
YJL143W,YCL050C,0,0.26933002,0.11022503674030304,0.9960513114929199,0.8155602216720581
YER083C,YEL013W,0,0.26879904,0.11021299660205841,0.9960513114929199,0.8156603574752808
YKL183W,YGR220C,0,0.26855445,0.11020096391439438,0.9960513114929199,0.8157604932785034
YFR041C,YOL139C,0,0.26837164,0.11018892377614975,0.9960513114929199,0.8158606290817261
YGL253W,YPL172C,0,0.2675899,0.11017689108848572,0.9960513114929199,0.8159607648849487
YMR298W,YIR036C,0,0.2673637,0.11016486585140228,0.9960513114929199,0.8160609006881714
YGR263C,YCR047C,0,0.26557174,0.11015284061431885,0.9960513114929199,0.816161036491394
YBR001C,YLR306W,0,0.26485184,0.11014081537723541,0.9960513114929199,0.8162611126899719
YHR028C,YGR292W,0,0.264197,0.11012879014015198,0.9960513114929199,0.8163612484931946
YDR465C,YFL002W-A,0,0.26336035,0.11011677235364914,0.9960513114929199,0.8164613842964172
YIL078W,YOR070C,0,0.2630473,0.1101047545671463,0.9960513114929199,0.8165615200996399
YER120W,YJR075W,0,0.26094246,0.11009274423122406,0.9960513114929199,0.8166616559028625
YMR224C,YKR030W,0,0.26088405,0.11008073389530182,0.9960513114929199,0.8167617917060852
YKL135C,YLR098C,0,0.26067746,0.11006872355937958,0.9960513114929199,0.8168619275093079
YDR046C,YOR076C,0,0.26066846,0.11005672067403793,0.9960513114929199,0.8169620633125305
YJL052W,YGR002C,0,0.26011187,0.11004471778869629,0.9960513114929199,0.8170621991157532
YNR020C,YML009C,0,0.25948706,0.11003271490335464,0.9960513114929199,0.8171623349189758
YMR264W,YCL047C,0,0.25584903,0.1100207194685936,0.9960513114929199,0.8172624707221985
YGR061C,YAL062W,0,0.25483155,0.11000872403383255,0.9960513114929199,0.8173625469207764
YBR283C,YDR014W,0,0.25480413,0.1099967285990715,0.9960513114929199,0.817462682723999
YLR040C,YKL181W,0,0.25201917,0.10998474061489105,0.9960513114929199,0.8175628185272217
YOR228C,YJR045C,0,0.25162888,0.1099727526307106,0.9960513114929199,0.8176629543304443
YBR092C,YCR047C,0,0.2512823,0.10996076464653015,0.9960513114929199,0.817763090133667
YOR143C,YDL108W,0,0.250698,0.1099487841129303,0.9960513114929199,0.8178632259368896
YDR265W,YFR015C,0,0.2498574,0.10993680357933044,0.9960513114929199,0.8179633617401123
YLR237W,YMR023C,0,0.24956113,0.10992483049631119,0.9960513114929199,0.818063497543335
YGR184C,YPL172C,0,0.2490902,0.10991285741329193,0.9960513114929199,0.8181636333465576
YDL033C,YIL026C,0,0.24894354,0.10990088433027267,0.9960513114929199,0.8182637691497803
YLR100W,YMR204C,0,0.24846044,0.10988891124725342,0.9960513114929199,0.8183638453483582
YLR120C,YKL164C,0,0.24760109,0.10987694561481476,0.9960513114929199,0.8184639811515808
YOR288C,YLR430W,0,0.24717474,0.1098649799823761,0.9960513114929199,0.8185641169548035
YML116W,YFR006W,0,0.24667025,0.10985302180051804,0.9960513114929199,0.8186642527580261
YOL071W,YEL061C,0,0.24642277,0.10984106361865997,0.9960513114929199,0.8187643885612488
YJR016C,YOL149W,0,0.24625367,0.10982910543680191,0.9960513114929199,0.8188645243644714
YJR110W,YML060W,0,0.24606836,0.10981715470552444,0.9960513114929199,0.8189646601676941
YOR356W,YGR075C,0,0.24571204,0.10980520397424698,0.9960513114929199,0.8190647959709167
YJR015W,YPR186C,0,0.24569385,0.10979325324296951,0.9960513114929199,0.8191649317741394
YMR128W,YJL106W,0,0.24565943,0.10978130996227264,0.9960513114929199,0.8192650675773621
YGL206C,YGR191W,0,0.24533957,0.10976936668157578,0.9960513114929199,0.8193652033805847
YNL185C,YOR127W,0,0.24494797,0.1097574234008789,0.9960513114929199,0.8194652795791626
YPL159C,YDR313C,0,0.2446943,0.10974548757076263,0.9960513114929199,0.8195654153823853
YOR066W,YPR036W,0,0.24350321,0.10973355174064636,0.9960513114929199,0.8196655511856079
YHR143W,YJR076C,0,0.24308515,0.10972161591053009,0.9960513114929199,0.8197656869888306
YOR047C,YBR022W,0,0.24180162,0.10970968753099442,0.9960513114929199,0.8198658227920532
YAL053W,YDR362C,0,0.2408849,0.10969775915145874,0.9960513114929199,0.8199659585952759
YLL038C,YPL155C,0,0.24080843,0.10968583822250366,0.9960513114929199,0.8200660943984985
YMR292W,YKR009C,0,0.24038398,0.10967390984296799,0.9960513114929199,0.8201662302017212
YNL001W,YDR247W,0,0.24006286,0.1096619963645935,0.9960513114929199,0.8202663660049438
YIL074C,YFR007W,0,0.23808035,0.10965007543563843,0.9960513114929199,0.8203665018081665
YDR533C,YIL074C,0,0.23749825,0.10963816195726395,0.9960513114929199,0.8204665780067444
YGR088W,YGL003C,0,0.2367509,0.10962624847888947,0.9960513114929199,0.820566713809967
YER114C,YPR047W,0,0.23639852,0.10961434245109558,0.9960513114929199,0.8206668496131897
YGL229C,YDR313C,0,0.23605512,0.1096024364233017,0.9960513114929199,0.8207669854164124
YER114C,YBR185C,0,0.23587775,0.10959053039550781,0.9960513114929199,0.820867121219635
YLR283W,YEL013W,0,0.23481087,0.10957862436771393,0.9960513114929199,0.8209672570228577
YDL192W,YJL189W,0,0.2347194,0.10956672579050064,0.9960513114929199,0.8210673928260803
YGR088W,YOL019W,0,0.2314325,0.10955483466386795,0.9960513114929199,0.821167528629303
YKL183W,YOL080C,0,0.23097703,0.10954293608665466,0.9960513114929199,0.8212676644325256
YHR021C,YDR478W,0,0.2308842,0.10953104496002197,0.9960513114929199,0.8213678002357483
YGL232W,YHR052W,0,0.2303904,0.10951916128396988,0.9960513114929199,0.821467936038971
YFL002W-A,YOR014W,0,0.2301377,0.10950727015733719,0.9960513114929199,0.8215680122375488
YJR094W-A,YLR430W,0,0.22977072,0.1094953864812851,0.9960513114929199,0.8216681480407715
YIL172C,YNL268W,0,0.22715288,0.1094835102558136,0.9960513114929199,0.8217682838439941
YER086W,YDR032C,0,0.2264468,0.1094716265797615,0.9960513114929199,0.8218684196472168
YMR152W,YMR017W,0,0.22529459,0.10945975035429001,0.9960513114929199,0.8219685554504395
YJL198W,YMR086W,0,0.2236591,0.10944788157939911,0.9960513114929199,0.8220686912536621
YKR037C,YOR070C,0,0.2232166,0.10943600535392761,0.9960513114929199,0.8221688270568848
YJR158W,YOR246C,0,0.22266454,0.10942414402961731,0.9960513114929199,0.8222689628601074
YNL185C,YGL106W,0,0.2218954,0.10941227525472641,0.9960513114929199,0.8223690986633301
YDR524C,YNL012W,0,0.22158834,0.10940041393041611,0.9960513114929199,0.8224692344665527
YDR056C,YDR387C,0,0.22118837,0.1093885526061058,0.9960513114929199,0.8225693106651306
YHR172W,YIL145C,0,0.22063458,0.1093766912817955,0.9960513114929199,0.8226694464683533
YLR448W,YEL061C,0,0.21864468,0.1093648374080658,0.9960513114929199,0.8227695822715759
YLR204W,YIR036C,0,0.21789736,0.10935298353433609,0.9960513114929199,0.8228697180747986
YIL172C,YGL084C,0,0.21785498,0.10934113711118698,0.9960513114929199,0.8229698538780212
YLR172C,YIR015W,0,0.21777588,0.10932929068803787,0.9960513114929199,0.8230699896812439
YJL072C,YOR306C,0,0.21738377,0.10931744426488876,0.9960513114929199,0.8231701254844666
YOR037W,YLR370C,0,0.21570835,0.10930559784173965,0.9960513114929199,0.8232702612876892
YKL011C,YLR154C,0,0.21539608,0.10929375886917114,0.9960513114929199,0.8233703970909119
YMR312W,YMR071C,0,0.2152172,0.10928191989660263,0.9960513114929199,0.8234705328941345
YOR037W,YIR023W,0,0.2147718,0.10927008837461472,0.9960513114929199,0.8235706686973572
YGL147C,YPL154C,0,0.213781,0.1092582568526268,0.9960513114929199,0.8236707448959351
YOR124C,YHR181W,0,0.21357757,0.10924642533063889,0.9960513114929199,0.8237708806991577
YEL017C-A,YIL138C,0,0.21351308,0.10923460125923157,0.9960513114929199,0.8238710165023804
YMR290C,YOL147C,0,0.21350777,0.10922277718782425,0.9960513114929199,0.823971152305603
YDR060W,YCR054C,0,0.21246201,0.10921095311641693,0.9960513114929199,0.8240712881088257
YMR235C,YDL144C,0,0.21224669,0.10919913649559021,0.9960513114929199,0.8241714239120483
YEL013W,YPL048W,0,0.21179837,0.10918731987476349,0.9960513114929199,0.824271559715271
YNL301C,YGR234W,0,0.21041855,0.10917550325393677,0.9960513114929199,0.8243716955184937
YNR008W,YOL140W,0,0.21006155,0.10916369408369064,0.9960513114929199,0.8244718313217163
YDR074W,YOL140W,0,0.20959601,0.10915188491344452,0.9960513114929199,0.824571967124939
YNL227C,YDR231C,0,0.20959389,0.1091400757431984,0.9960513114929199,0.8246721029281616
YNL001W,YPL159C,0,0.20874569,0.10912827402353287,0.9960513114929199,0.8247721791267395
YLR238W,YOR246C,0,0.2078051,0.10911647230386734,0.9960513114929199,0.8248723149299622
YGR101W,YLR385C,0,0.2070787,0.10910467058420181,0.9960513114929199,0.8249724507331848
YDR236C,YOR290C,0,0.20531592,0.10909287631511688,0.9960513114929199,0.8250725865364075
YER096W,YPL149W,0,0.20519015,0.10908108204603195,0.9960513114929199,0.8251727223396301
YPR158C-D,YPL258C,0,0.2038445,0.10906928777694702,0.9960513114929199,0.8252728581428528
YBL057C,YLR430W,0,0.20378435,0.10905750095844269,0.9960513114929199,0.8253729939460754
YDR012W,YOL139C,0,0.2017178,0.10904571413993835,0.9960513114929199,0.8254731297492981
YHR171W,YNR047W,0,0.20146334,0.10903393477201462,0.9960513114929199,0.8255732655525208
YML060W,YMR045C,0,0.20143867,0.10902214795351028,0.9960513114929199,0.8256734013557434
YLR154C,YOR306C,0,0.20091537,0.10901036858558655,0.9960513114929199,0.8257734775543213
YJR010C-A,YGL253W,0,0.20086169,0.10899859666824341,0.9960513114929199,0.825873613357544
YHR025W,YDL195W,0,0.20083374,0.10898682475090027,0.9960513114929199,0.8259737491607666
YDR069C,YPL028W,0,0.2006365,0.10897505283355713,0.9960513114929199,0.8260738849639893
YJL158C,YKL034W,0,0.19975233,0.10896328091621399,0.9960513114929199,0.8261740207672119
YLR008C,YER096W,0,0.19913143,0.10895151644945145,0.9960513114929199,0.8262741565704346
YLR266C,YPR005C,0,0.19899061,0.1089397519826889,0.9960513114929199,0.8263742923736572
YFL004W,YPR166C,0,0.19789511,0.10892799496650696,0.9960513114929199,0.8264744281768799
YMR264W,YGR116W,0,0.1975733,0.10891623795032501,0.9960513114929199,0.8265745639801025
YOR332W,YLL035W,0,0.19705927,0.10890448093414307,0.9960513114929199,0.8266746997833252
YER086W,YKL056C,0,0.19668305,0.10889272391796112,0.9960513114929199,0.8267748355865479
YOR067C,YOR233W,0,0.19663572,0.10888097435235977,0.9960513114929199,0.8268749117851257
YMR171C,YBR267W,0,0.19656521,0.10886922478675842,0.9960513114929199,0.8269750475883484
YMR098C,YMR211W,0,0.19606337,0.10885748267173767,0.9960513114929199,0.827075183391571
YAL034W-A,YGR075C,0,0.19517618,0.10884574055671692,0.9960513114929199,0.8271753191947937
YNR001C,YDR014W,0,0.19508019,0.10883399844169617,0.9960513114929199,0.8272754549980164
YAR019C,YNR070W,0,0.19366077,0.10882226377725601,0.9960513114929199,0.827375590801239
YOR224C,YPL143W,0,0.19251451,0.10881052166223526,0.9960513114929199,0.8274757266044617
YLR126C,YBL020W,0,0.19214778,0.1087987944483757,0.9960513114929199,0.8275758624076843
YPL195W,YLL001W,0,0.18993214,0.10878705978393555,0.9960513114929199,0.827675998210907
YNL046W,YDL109C,0,0.1877509,0.10877533257007599,0.9960513114929199,0.8277761340141296
YML043C,YHR023W,0,0.18682861,0.10876360535621643,0.9960513114929199,0.8278762102127075
YDR283C,YMR042W,0,0.18608016,0.10875188559293747,0.9960513114929199,0.8279763460159302
YER068W,YDR279W,0,0.18607706,0.10874016582965851,0.9960513114929199,0.8280764818191528
YJR121W,YOR224C,0,0.18583775,0.10872844606637955,0.9960513114929199,0.8281766176223755
YKR090W,YAL020C,0,0.18427157,0.10871673375368118,0.9960513114929199,0.8282767534255981
YOR257W,YPL143W,0,0.18345535,0.10870502144098282,0.9960513114929199,0.8283768892288208
YOR150W,YGR001C,0,0.18342489,0.10869330912828445,0.9960513114929199,0.8284770250320435
YDR270W,YLR276C,0,0.18188885,0.10868160426616669,0.9960513114929199,0.8285771608352661
YBR159W,YDR247W,0,0.1817607,0.10866989940404892,0.9960513114929199,0.8286772966384888
YER036C,YLR139C,0,0.18175218,0.10865819454193115,0.9960513114929199,0.8287774324417114
YDR299W,YPL074W,0,0.1817329,0.10864649713039398,0.9960513114929199,0.8288775682449341
YLL062C,YOR201C,0,0.18115678,0.10863479971885681,0.9960513114929199,0.828977644443512
YMR188C,YNL091W,0,0.18081993,0.10862310230731964,0.9960513114929199,0.8290777802467346
YIR012W,YGR054W,0,0.18068498,0.10861141234636307,0.9960513114929199,0.8291779160499573
YLR204W,YDR239C,0,0.17961931,0.1085997223854065,0.9960513114929199,0.8292780518531799
YDR503C,YGR001C,0,0.17754567,0.10858803242444992,0.9960513114929199,0.8293781876564026
YER086W,YLR014C,0,0.17725068,0.10857634991407394,0.9960513114929199,0.8294783234596252
YOR192C-B,YMR023C,0,0.17593768,0.10856466740369797,0.9960513114929199,0.8295784592628479
YPL226W,YCR054C,0,0.17569754,0.10855298489332199,0.9960513114929199,0.8296785950660706
YBR012W-A,YOR224C,0,0.17564595,0.10854130983352661,0.9960513114929199,0.8297787308692932
YLR188W,YGL084C,0,0.1753931,0.10852963477373123,0.9960513114929199,0.8298788666725159
YBR214W,YER012W,0,0.17268145,0.10851795971393585,0.9960513114929199,0.8299789428710938
YOL105C,YBR087W,0,0.17190443,0.10850629210472107,0.9960513114929199,0.8300790786743164
YGR274C,YDR115W,0,0.17134434,0.10849462449550629,0.9960513114929199,0.8301792144775391
YPR158C-D,YJR097W,0,0.17064422,0.1084829568862915,0.9960513114929199,0.8302793502807617
YCR094W,YDR298C,0,0.17019904,0.10847129672765732,0.9960513114929199,0.8303794860839844
YDR251W,YHR181W,0,0.16985685,0.10845963656902313,0.9960513114929199,0.830479621887207
YGL089C,YER087C-A,0,0.16948795,0.10844797641038895,0.9960513114929199,0.8305797576904297
YER120W,YGR002C,0,0.16946137,0.10843632370233536,0.9960513114929199,0.8306798934936523
YLL062C,YKR050W,0,0.16878974,0.10842467099428177,0.9960513114929199,0.830780029296875
YNL227C,YER112W,0,0.1671874,0.10841302573680878,0.9960513114929199,0.8308801651000977
YGL135W,YPR102C,0,0.16713166,0.10840137302875519,0.9960513114929199,0.8309803009033203
YJR121W,YGR002C,0,0.16690046,0.1083897277712822,0.9960513114929199,0.8310803771018982
YOR288C,YGR086C,0,0.16665667,0.1083780899643898,0.9960513114929199,0.8311805129051208
YNR008W,YCL055W,0,0.16598338,0.10836644470691681,0.9960513114929199,0.8312806487083435
YNL280C,YNL101W,0,0.16569628,0.10835481435060501,0.9960513114929199,0.8313807845115662
YMR233W,YDR044W,0,0.16535032,0.10834317654371262,0.9960513114929199,0.8314809203147888
YHL047C,YBR185C,0,0.16530633,0.10833154618740082,0.9960513114929199,0.8315810561180115
YOR288C,YDR380W,0,0.16238976,0.10831991583108902,0.9960513114929199,0.8316811919212341
YNL149C,YJL062W,0,0.16226879,0.10830828547477722,0.9960513114929199,0.8317813277244568
YNR061C,YJR134C,0,0.16120888,0.10829666256904602,0.9960513114929199,0.8318814635276794
YIL171W,YGR071C,0,0.16022307,0.10828503966331482,0.9960513114929199,0.8319815993309021
YOL092W,YBR251W,0,0.15988821,0.10827341675758362,0.9960513114929199,0.8320817351341248
YDL137W,YDR065W,0,0.15934914,0.10826180130243301,0.9960513114929199,0.8321818113327026
YMR130W,YMR285C,0,0.157774,0.10825018584728241,0.9960513114929199,0.8322819471359253
YJR015W,YMR256C,0,0.15722445,0.1082385778427124,0.9960513114929199,0.832382082939148
YMR088C,YOR067C,0,0.15592518,0.1082269623875618,0.9960513114929199,0.8324822187423706
YKR094C,YFL037W,0,0.15442723,0.10821536183357239,0.9960513114929199,0.8325823545455933
YGL095C,YER089C,0,0.15356827,0.10820375382900238,0.9960513114929199,0.8326824903488159
YER082C,YMR285C,0,0.15338817,0.10819215327501297,0.9960513114929199,0.8327826261520386
YKR094C,YMR292W,0,0.15190864,0.10818055272102356,0.9960513114929199,0.8328827619552612
YJR058C,YLR158C,0,0.15165809,0.10816895216703415,0.9960513114929199,0.8329828977584839
YER159C-A,YMR302C,0,0.15076685,0.10815735906362534,0.9960513114929199,0.8330830335617065
YPL155C,YDL095W,0,0.15068817,0.10814576596021652,0.9960513114929199,0.8331831097602844
YPR047W,YLR010C,0,0.14921372,0.10813417285680771,0.9960513114929199,0.8332832455635071
YIL138C,YCR075C,0,0.14728767,0.10812258720397949,0.9960513114929199,0.8333833813667297
YIL051C,YCR092C,0,0.14693686,0.10811100155115128,0.9960513114929199,0.8334835171699524
YKL088W,YGR124W,0,0.14654213,0.10809942334890366,0.9960513114929199,0.833583652973175
YOR116C,YOR315W,0,0.14640287,0.10808784514665604,0.9960513114929199,0.8336837887763977
YMR139W,YBR205W,0,0.14623466,0.10807626694440842,0.9960513114929199,0.8337839245796204
YKL156W,YPL038W,0,0.14556652,0.1080646887421608,0.9960513114929199,0.833884060382843
YDR101C,YOL140W,0,0.14549834,0.10805311799049377,0.9960513114929199,0.8339841961860657
YLR439W,YKR009C,0,0.14544755,0.10804154723882675,0.9960513114929199,0.8340843319892883
YDR247W,YPR021C,0,0.14539862,0.10802997648715973,0.9960513114929199,0.834184467792511
YPR132W,YML113W,0,0.1451937,0.1080184131860733,0.9960513114929199,0.8342845439910889
YBL037W,YHR011W,0,0.14245036,0.10800684988498688,0.9960513114929199,0.8343846797943115
YJR015W,YPL103C,0,0.14077437,0.10799529403448105,0.9960513114929199,0.8344848155975342
YMR006C,YDR465C,0,0.14045227,0.10798373073339462,0.9960513114929199,0.8345849514007568
YLR371W,YHR147C,0,0.13963696,0.1079721748828888,0.9960513114929199,0.8346850872039795
YPL106C,YFR008W,0,0.13907647,0.10796062648296356,0.9960513114929199,0.8347852230072021
YDL185W,YDR032C,0,0.13816313,0.10794907808303833,0.9960513114929199,0.8348853588104248
YFL041W,YGL227W,0,0.13783032,0.1079375296831131,0.9960513114929199,0.8349854946136475
YER036C,YDR018C,0,0.13734007,0.10792598128318787,0.9960513114929199,0.8350856304168701
YPL144W,YNL098C,0,0.13653249,0.10791444033384323,0.9960513114929199,0.8351857662200928
YLL001W,YER110C,0,0.13594425,0.1079028993844986,0.9960513114929199,0.8352858424186707
YDL127W,YBR122C,0,0.1338957,0.10789135843515396,0.9960513114929199,0.8353859782218933
YBR001C,YNL207W,0,0.13341159,0.10787982493638992,0.9960513114929199,0.835486114025116
YPL271W,YHL036W,0,0.13241312,0.10786829143762589,0.9960513114929199,0.8355862498283386
YPL144W,YMR128W,0,0.13227189,0.10785675793886185,0.9960513114929199,0.8356863856315613
YNL146W,YHR052W,0,0.13213563,0.1078452318906784,0.9960513114929199,0.8357865214347839
YPL206C,YML115C,0,0.13175896,0.10783370584249496,0.9960513114929199,0.8358866572380066
YJL125C,YJL109C,0,0.13166001,0.10782218724489212,0.9960513114929199,0.8359867930412292
YPL059W,YLR381W,0,0.13124347,0.10781066119670868,0.9960513114929199,0.8360869288444519
YML012W,YJR134C,0,0.13040212,0.10779914259910583,0.9960513114929199,0.8361870646476746
YLR192C,YLL050C,0,0.12973845,0.10778763145208359,0.9960513114929199,0.8362872004508972
YOR143C,YJR097W,0,0.12890306,0.10777611285448074,0.9960513114929199,0.8363872766494751
YDR379W,YOR356W,0,0.12729555,0.1077646017074585,0.9960513114929199,0.8364874124526978
YCR009C,YGL035C,0,0.12705025,0.10775309801101685,0.9960513114929199,0.8365875482559204
YGR054W,YBR297W,0,0.12693244,0.1077415943145752,0.9960513114929199,0.8366876840591431
YNL077W,YPR081C,0,0.12682462,0.10773009061813354,0.9960513114929199,0.8367878198623657
YGR200C,YNR047W,0,0.12678316,0.1077185869216919,0.9960513114929199,0.8368879556655884
YBL039C,YGL039W,0,0.12616718,0.10770709067583084,0.9960513114929199,0.836988091468811
YIR037W,YOR067C,0,0.1254282,0.10769559442996979,0.9960513114929199,0.8370882272720337
YDL085W,YDR447C,0,0.123155236,0.10768409818410873,0.9960513114929199,0.8371883630752563
YOR075W,YOL125W,0,0.122772515,0.10767260938882828,0.9960513114929199,0.837288498878479
YBR283C,YOR070C,0,0.12135506,0.10766112059354782,0.9960513114929199,0.8373886346817017
YML124C,YDL184C,0,0.119644225,0.10764963179826736,0.9960513114929199,0.8374887108802795
YML091C,YIL026C,0,0.11910087,0.1076381504535675,0.9960513114929199,0.8375888466835022
YKL135C,YAL044C,0,0.11902818,0.10762666910886765,0.9960513114929199,0.8376889824867249
YMR257C,YDL110C,0,0.11859572,0.10761518776416779,0.9960513114929199,0.8377891182899475
YDR511W,YPR047W,0,0.11745641,0.10760371387004852,0.9960513114929199,0.8378892540931702
YGR086C,YOR070C,0,0.11534011,0.10759223997592926,0.9960513114929199,0.8379893898963928
YBR035C,YKL024C,0,0.11365217,0.10758076608181,0.9960513114929199,0.8380895256996155
YBR299W,YPL033C,0,0.11205143,0.10756929963827133,0.9960513114929199,0.8381896615028381
YBR296C,YML005W,0,0.10986501,0.10755783319473267,0.9960513114929199,0.8382897973060608
YBR122C,YOR374W,0,0.109770164,0.107546366751194,0.9960513114929199,0.8383899331092834
YNL046W,YPL123C,0,0.10964319,0.10753490030765533,0.9960513114929199,0.8384900093078613
YNL098C,YLR120C,0,0.109486334,0.10752344131469727,0.9960513114929199,0.838590145111084
YER068W,YML034W,0,0.10919356,0.1075119897723198,0.9960513114929199,0.8386902809143066
YGL213C,YPL226W,0,0.10617599,0.10750053077936172,0.9960513114929199,0.8387904167175293
YJR065C,YMR037C,0,0.10613161,0.10748907923698425,0.9960513114929199,0.838890552520752
YGL173C,YNL268W,0,0.106061995,0.10747762769460678,0.9960513114929199,0.8389906883239746
YGR054W,YOL002C,0,0.10525787,0.1074661836028099,0.9960513114929199,0.8390908241271973
YOR167C,YLR364W,0,0.10475695,0.10745473951101303,0.9960513114929199,0.8391909599304199
YAL023C,YPL258C,0,0.10431424,0.10744329541921616,0.9960513114929199,0.8392910957336426
YGR295C,YAL062W,0,0.10279153,0.10743185877799988,0.9960513114929199,0.8393912315368652
YDR247W,YJL109C,0,0.102132246,0.1074204221367836,0.9960513114929199,0.8394913673400879
YPL106C,YKL024C,0,0.10195148,0.10740898549556732,0.9960513114929199,0.8395914435386658
YER036C,YIL072W,0,0.10188949,0.10739754885435104,0.9960513114929199,0.8396915793418884
YER053C,YLL035W,0,0.10151875,0.10738611966371536,0.9960513114929199,0.8397917151451111
YCL047C,YGR061C,0,0.10124439,0.10737469047307968,0.9960513114929199,0.8398918509483337
YIL039W,YNL112W,0,0.099607676,0.1073632687330246,0.9960513114929199,0.8399919867515564
YML085C,YBR299W,0,0.09734258,0.10735184699296951,0.9960513114929199,0.840092122554779
YCR009C,YER131W,0,0.09716992,0.10734042525291443,0.9960513114929199,0.8401922583580017
YGL135W,YDR534C,0,0.0969232,0.10732901096343994,0.9960513114929199,0.8402923941612244
YNL098C,YNL191W,0,0.096628934,0.10731758922338486,0.9960513114929199,0.840392529964447
YOL100W,YPL101W,0,0.09645021,0.10730618238449097,0.9960513114929199,0.8404926657676697
YLR120C,YDR031W,0,0.09583005,0.10729476809501648,0.9960513114929199,0.8405927419662476
YJR010C-A,YHR081W,0,0.095330834,0.10728336125612259,0.9960513114929199,0.8406928777694702
YER036C,YJL052W,0,0.095086694,0.1072719544172287,0.9960513114929199,0.8407930135726929
YER120W,YBR142W,0,0.094598815,0.10726054757833481,0.9960513114929199,0.8408931493759155
YPR021C,YER030W,0,0.09328723,0.10724914819002151,0.9960513114929199,0.8409932851791382
YFL041W,YKL108W,0,0.09286934,0.10723774880170822,0.9960513114929199,0.8410934209823608
YDR046C,YLR304C,0,0.092096925,0.10722635686397552,0.9960513114929199,0.8411935567855835
YNL061W,YOR127W,0,0.09161949,0.10721496492624283,0.9960513114929199,0.8412936925888062
YDR388W,YDR134C,0,0.09091765,0.10720357298851013,0.9960513114929199,0.8413938283920288
YFR015C,YLR079W,0,0.09043336,0.10719218105077744,0.9960513114929199,0.8414939641952515
YFL029C,YDR297W,0,0.08904307,0.10718079656362534,0.9960513114929199,0.8415940999984741
YBR166C,YDR380W,0,0.08741206,0.10716941207647324,0.9960513114929199,0.841694176197052
YDR448W,YJR029W,0,0.08722103,0.10715802758932114,0.9960513114929199,0.8417943120002747
YER161C,YGR189C,0,0.086870074,0.10714665055274963,0.9960513114929199,0.8418944478034973
YBR012W-B,YIR009W,0,0.086185694,0.10713527351617813,0.9960513114929199,0.84199458360672
YOR228C,YGR218W,0,0.0860866,0.10712389647960663,0.9960513114929199,0.8420947194099426
YOL127W,YMR311C,0,0.08582902,0.10711252689361572,0.9960513114929199,0.8421948552131653
YDR107C,YOL152W,0,0.08389521,0.10710115730762482,0.9960513114929199,0.8422949910163879
YDR299W,YOR057W,0,0.08349577,0.10708978772163391,0.9960513114929199,0.8423951268196106
YLR040C,YBR231C,0,0.08302474,0.1070784255862236,0.9960513114929199,0.8424952626228333
YKL011C,YMR056C,0,0.08077076,0.1070670634508133,0.9960513114929199,0.8425953984260559
YML125C,YIR023W,0,0.07968539,0.10705570131540298,0.9960513114929199,0.8426954746246338
YIL039W,YAL003W,0,0.07834375,0.10704434663057327,0.9960513114929199,0.8427956104278564
YBR273C,YMR165C,0,0.07798849,0.10703299194574356,0.9960513114929199,0.8428957462310791
YKL181W,YPL153C,0,0.07647514,0.10702163726091385,0.9960513114929199,0.8429958820343018
YML124C,YMR303C,0,0.07627857,0.10701029002666473,0.9960513114929199,0.8430960178375244
YDR456W,YLR433C,0,0.076189816,0.10699894279241562,0.9960513114929199,0.8431961536407471
YDR050C,YKR048C,0,0.07428503,0.1069875955581665,0.9960513114929199,0.8432962894439697
YBL103C,YIL112W,0,0.07377383,0.10697624832391739,0.9960513114929199,0.8433964252471924
YOR047C,YLR418C,0,0.07190558,0.10696490854024887,0.9960513114929199,0.843496561050415
YBL022C,YLR158C,0,0.07146379,0.10695356875658035,0.9960513114929199,0.8435966968536377
YFR006W,YLR403W,0,0.06978771,0.10694223642349243,0.9960513114929199,0.8436968326568604
YNL012W,YAL012W,0,0.06971836,0.10693090409040451,0.9960513114929199,0.8437969088554382
YGL137W,YPL111W,0,0.068481445,0.10691957175731659,0.9960513114929199,0.8438970446586609
YDR481C,YOL080C,0,0.0659945,0.10690824687480927,0.9960513114929199,0.8439971804618835
YDL231C,YBR283C,0,0.065714166,0.10689691454172134,0.9960513114929199,0.8440973162651062
YDR532C,YDR012W,0,0.06392473,0.10688558965921402,0.9960513114929199,0.8441974520683289
YDR219C,YGR054W,0,0.0638957,0.10687427222728729,0.9960513114929199,0.8442975878715515
YKL100C,YJR059W,0,0.06265432,0.10686295479536057,0.9960513114929199,0.8443977236747742
YKR090W,YGL084C,0,0.06045711,0.10685163736343384,0.9960513114929199,0.8444978594779968
YIL039W,YLR147C,0,0.060377866,0.10684031993150711,0.9960513114929199,0.8445979952812195
YDR038C,YDR421W,0,0.059234977,0.10682900995016098,0.9960513114929199,0.8446981310844421
YMR128W,YML077W,0,0.05803609,0.10681769996881485,0.9960513114929199,0.8447982668876648
YIL125W,YPL149W,0,0.05609107,0.10680638998746872,0.9960513114929199,0.8448983430862427
YNR061C,YJL097W,0,0.05536735,0.10679508745670319,0.9960513114929199,0.8449984788894653
YGR220C,YGL157W,0,0.055265903,0.10678378492593765,0.9960513114929199,0.845098614692688
YJL153C,YLL022C,0,0.055108786,0.10677248984575272,0.9960513114929199,0.8451987504959106
YPL144W,YJR001W,0,0.0543451,0.10676118731498718,0.9960513114929199,0.8452988862991333
YMR094W,YJR001W,0,0.05396737,0.10674989223480225,0.9960513114929199,0.845399022102356
YMR166C,YDR322W,0,0.052498057,0.1067386046051979,0.9960513114929199,0.8454991579055786
YPR028W,YCR004C,0,0.051485777,0.10672730952501297,0.9960513114929199,0.8455992937088013
YNL129W,YKL116C,0,0.04909724,0.10671602189540863,0.9960513114929199,0.8456994295120239
YOL077C,YGL084C,0,0.048689365,0.10670473426580429,0.9960513114929199,0.8457995653152466
YJL033W,YER068W,0,0.04740483,0.10669345408678055,0.9960513114929199,0.8458996415138245
YBR084W,YHR013C,0,0.047367454,0.1066821739077568,0.9960513114929199,0.8459997773170471
YOL092W,YIL136W,0,0.04730916,0.10667089372873306,0.9960513114929199,0.8460999131202698
YPR005C,YDR065W,0,0.04593885,0.10665962100028992,0.9960513114929199,0.8462000489234924
YGL213C,YJL106W,0,0.045698285,0.10664834827184677,0.9960513114929199,0.8463001847267151
YGL253W,YJL133W,0,0.044142008,0.10663707554340363,0.9960513114929199,0.8464003205299377
YDR379W,YNL135C,0,0.043624222,0.10662580281496048,0.9960513114929199,0.8465004563331604
YGR220C,YNL289W,0,0.04241407,0.10661453753709793,0.9960513114929199,0.8466005921363831
YGL120C,YPL160W,0,0.042220786,0.10660327225923538,0.9960513114929199,0.8467007279396057
YNL293W,YHR140W,0,0.042207062,0.10659201443195343,0.9960513114929199,0.8468008637428284
YAR019C,YJR097W,0,0.0417393,0.10658075660467148,0.9960513114929199,0.846900999546051
YLR142W,YOL125W,0,0.040305912,0.10656949877738953,0.9960513114929199,0.8470010757446289
YNL311C,YGL040C,0,0.039928228,0.10655824095010757,0.9960513114929199,0.8471012115478516
YDR329C,YPL172C,0,0.038755894,0.10654699057340622,0.9960513114929199,0.8472013473510742
YGR035C,YHR011W,0,0.03798306,0.10653574019670486,0.9960513114929199,0.8473014831542969
YOR201C,YJL136C,0,0.037044972,0.10652448982000351,0.9960513114929199,0.8474016189575195
YOL067C,YPL172C,0,0.036922634,0.10651324689388275,0.9960513114929199,0.8475017547607422
YDR117C,YML063W,0,0.03483346,0.106502003967762,0.9960513114929199,0.8476018905639648
YDR479C,YJL190C,0,0.03427148,0.10649076849222183,0.9960513114929199,0.8477020263671875
YJR033C,YCL050C,0,0.033314705,0.10647952556610107,0.9960513114929199,0.8478021621704102
YGR263C,YHL004W,0,0.033201993,0.10646829009056091,0.9960513114929199,0.8479022979736328
YDR248C,YBR158W,0,0.033067554,0.10645706206560135,0.9960513114929199,0.8480023741722107
YNL159C,YLR450W,0,0.031375647,0.10644582659006119,0.9960513114929199,0.8481025099754333
YGL120C,YJL190C,0,0.031098723,0.10643459856510162,0.9960513114929199,0.848202645778656
YDR533C,YDR342C,0,0.030747175,0.10642337054014206,0.9960513114929199,0.8483027815818787
YBR159W,YDL184C,0,0.02918613,0.10641214996576309,0.9960513114929199,0.8484029173851013
YER061C,YMR289W,0,0.027451307,0.10640092939138412,0.9960513114929199,0.848503053188324
YNL128W,YIL111W,0,0.027142495,0.10638970881700516,0.9960513114929199,0.8486031889915466
YML125C,YHR010W,0,0.026578635,0.10637849569320679,0.9960513114929199,0.8487033247947693
YJR015W,YDL205C,0,0.02632922,0.10636727511882782,0.9960513114929199,0.8488034605979919
YFR041C,YGR101W,0,0.025938898,0.10635606944561005,0.9960513114929199,0.8489035964012146
YDR012W,YPR042C,0,0.02586174,0.10634485632181168,0.9960513114929199,0.8490037322044373
YLR214W,YGL206C,0,0.024020076,0.1063336506485939,0.9960513114929199,0.8491038084030151
YHL032C,YDL065C,0,0.023401141,0.10632244497537613,0.9960513114929199,0.8492039442062378
YLR283W,YKL059C,0,0.023368955,0.10631123930215836,0.9960513114929199,0.8493040800094604
YNL112W,YLL035W,0,0.022693157,0.10630004107952118,0.9960513114929199,0.8494042158126831
YML125C,YMR022W,0,0.022037596,0.106288842856884,0.9960513114929199,0.8495043516159058
YAR015W,YNL096C,0,0.021162987,0.10627765208482742,0.9960513114929199,0.8496044874191284
YNL119W,YML081C-A,0,0.0211021,0.10626645386219025,0.9960513114929199,0.8497046232223511
YPR048W,YGR220C,0,0.02029121,0.10625526309013367,0.9960513114929199,0.8498047590255737
YGR054W,YPL026C,0,0.020097375,0.10624407976865768,0.9960513114929199,0.8499048948287964
YER056C-A,YDR003W,0,0.019665003,0.1062328889966011,0.9960513114929199,0.850005030632019
YML085C,YOR391C,0,0.019653805,0.10622170567512512,0.9960513114929199,0.8501051664352417
YIL125W,YLR186W,0,0.016873598,0.10621052980422974,0.9960513114929199,0.8502052426338196
YIR012W,YDL095W,0,0.014135376,0.10619934648275375,0.9960513114929199,0.8503053784370422
YGL039W,YCR010C,0,0.010588884,0.10618817061185837,0.9960513114929199,0.8504055142402649
YJL080C,YNL244C,0,0.010267645,0.10617699474096298,0.9960513114929199,0.8505056500434875
YJR160C,YBL055C,0,0.010121793,0.1061658263206482,0.9960513114929199,0.8506057858467102
YIL074C,YDR298C,0,0.0091686845,0.1061546579003334,0.9960513114929199,0.8507059216499329
YPR184W,YLR121C,0,0.008938611,0.10614348948001862,0.9960513114929199,0.8508060574531555
YHR143W,YPR016C,0,0.0072672963,0.10613232105970383,0.9960513114929199,0.8509061932563782
YDR247W,YGR014W,0,0.0072232485,0.10612116008996964,0.9960513114929199,0.8510063290596008
YIL070C,YLR357W,0,0.0035755038,0.10610999912023544,0.9960513114929199,0.8511064648628235
YDR523C,YDR313C,0,0.0012706518,0.10609884560108185,0.9960513114929199,0.8512065410614014
YHR161C,YNR016C,0,0.0011582375,0.10608768463134766,0.9960513114929199,0.851306676864624
YDR003W,YPL048W,0,-0.0027589202,0.10607653856277466,0.9960513114929199,0.8514068126678467
YER131W,YGR123C,0,-0.0053516775,0.10606538504362106,0.9960513114929199,0.8515069484710693
YBR207W,YER110C,0,-0.005721569,0.10605423897504807,0.9960513114929199,0.851607084274292
YML054C,YFL002W-A,0,-0.010046363,0.10604309290647507,0.9960513114929199,0.8517072200775146
YDR503C,YOR386W,0,-0.010079205,0.10603194683790207,0.9960513114929199,0.8518073558807373
YJR015W,YOR036W,0,-0.010973241,0.10602080821990967,0.9960513114929199,0.85190749168396
YJR139C,YMR221C,0,-0.011326879,0.10600966960191727,0.9960513114929199,0.8520076274871826
YJR094W-A,YBR084W,0,-0.01219219,0.10599853098392487,0.9960513114929199,0.8521077632904053
YJR010C-A,YMR184W,0,-0.012510061,0.10598739236593246,0.9960513114929199,0.8522078990936279
YGL003C,YLR097C,0,-0.01367408,0.10597626119852066,0.9960513114929199,0.8523079752922058
YER025W,YJL102W,0,-0.013792634,0.10596513003110886,0.9960513114929199,0.8524081110954285
YDR388W,YNL185C,0,-0.017595187,0.10595400631427765,0.9960513114929199,0.8525082468986511
YML070W,YFR007W,0,-0.017706156,0.10594288259744644,0.9960513114929199,0.8526083827018738
YDR056C,YNL115C,0,-0.018413305,0.10593175888061523,0.9960513114929199,0.8527085185050964
YML129C,YDR322W,0,-0.020352244,0.10592063516378403,0.9960513114929199,0.8528086543083191
YLR448W,YOR080W,0,-0.02093929,0.10590951889753342,0.9960513114929199,0.8529087901115417
YJL080C,YER153C,0,-0.022828564,0.1058984026312828,0.9960513114929199,0.8530089259147644
YDR033W,YOR167C,0,-0.023146272,0.10588729381561279,0.9960513114929199,0.8531090617179871
YML124C,YOR076C,0,-0.024227858,0.10587617754936218,0.9960513114929199,0.8532091975212097
YPL106C,YDR032C,0,-0.026265025,0.10586506873369217,0.9960513114929199,0.8533092737197876
YOL103W,YGR158C,0,-0.026741326,0.10585396736860275,0.9960513114929199,0.8534094095230103
YMR221C,YHR086W,0,-0.0269956,0.10584285855293274,0.9960513114929199,0.8535095453262329
YER044C,YJL121C,0,-0.027922153,0.10583175718784332,0.9960513114929199,0.8536096811294556
YLL011W,YJL106W,0,-0.028341949,0.1058206632733345,0.9960513114929199,0.8537098169326782
YPR166C,YNR040W,0,-0.029301092,0.10580956190824509,0.9960513114929199,0.8538099527359009
YNL308C,YER173W,0,-0.029439628,0.10579846799373627,0.9960513114929199,0.8539100885391235
YNR007C,YBL082C,0,-0.030193567,0.10578737407922745,0.9960513114929199,0.8540102243423462
YJL073W,YML063W,0,-0.030495167,0.10577628761529922,0.9960513114929199,0.8541103601455688
YPL144W,YGR009C,0,-0.03151846,0.105765201151371,0.9960513114929199,0.8542104959487915
YGL205W,YLR414C,0,-0.032571733,0.10575411468744278,0.9960513114929199,0.8543106317520142
YEL061C,YNL189W,0,-0.03278345,0.10574302822351456,0.9960513114929199,0.854410707950592
YDL143W,YMR292W,0,-0.033792257,0.10573194921016693,0.9960513114929199,0.8545108437538147
YDR510W,YER180C,0,-0.035221934,0.1057208701968193,0.9960513114929199,0.8546109795570374
YML077W,YER110C,0,-0.03544098,0.10570979863405228,0.9960513114929199,0.85471111536026
YGR027W-B,YML088W,0,-0.036730945,0.10569871962070465,0.9960513114929199,0.8548112511634827
YDR238C,YDR047W,0,-0.03990358,0.10568764805793762,0.9960513114929199,0.8549113869667053
YOR381W,YPL160W,0,-0.041985497,0.10567658394575119,0.9960513114929199,0.855011522769928
YHR010W,YGR001C,0,-0.04639709,0.10566551238298416,0.9960513114929199,0.8551116585731506
YJL097W,YKL010C,0,-0.04650271,0.10565444827079773,0.9960513114929199,0.8552117943763733
YOR066W,YPL174C,0,-0.04707013,0.1056433916091919,0.9960513114929199,0.855311930179596
YFL036W,YGL040C,0,-0.04804811,0.10563232749700546,0.9960513114929199,0.8554120063781738
YLR448W,YPL220W,0,-0.048097454,0.10562127083539963,0.9960513114929199,0.8555121421813965
YDL137W,YER131W,0,-0.048212647,0.10561021417379379,0.9960513114929199,0.8556122779846191
YIL034C,YLR450W,0,-0.04968077,0.10559916496276855,0.9960513114929199,0.8557124137878418
YNL098C,YNL189W,0,-0.05027449,0.10558811575174332,0.9960513114929199,0.8558125495910645
YMR282C,YOR061W,0,-0.05061686,0.10557706654071808,0.9960513114929199,0.8559126853942871
YDR481C,YPL089C,0,-0.05079782,0.10556601732969284,0.9960513114929199,0.8560128211975098
YPL091W,YMR042W,0,-0.051388264,0.1055549755692482,0.9960513114929199,0.8561129570007324
YKL100C,YEL059C-A,0,-0.051632762,0.10554393380880356,0.9960513114929199,0.8562130928039551
YFL047W,YML085C,0,-0.05192852,0.10553289204835892,0.9960513114929199,0.8563132286071777
YOR233W,YDL095W,0,-0.052000523,0.10552185773849487,0.9960513114929199,0.8564133644104004
YDR236C,YPL186C,0,-0.052041054,0.10551082342863083,0.9960513114929199,0.8565134406089783
YLR172C,YEL050C,0,-0.053251505,0.10549978911876678,0.9960513114929199,0.8566135764122009
YHR052W,YGL106W,0,-0.05401659,0.10548876225948334,0.9960513114929199,0.8567137122154236
YDL007W,YEL059C-A,0,-0.054091513,0.10547773540019989,0.9960513114929199,0.8568138480186462
YDR101C,YKL024C,0,-0.055417657,0.10546670854091644,0.9960513114929199,0.8569139838218689
YFR041C,YDR503C,0,-0.056433633,0.10545568913221359,0.9960513114929199,0.8570141196250916
YMR256C,YGR220C,0,-0.05654767,0.10544466227293015,0.9960513114929199,0.8571142554283142
YJR075W,YBR214W,0,-0.058328807,0.10543365031480789,0.9960513114929199,0.8572143912315369
YML124C,YNL151C,0,-0.058908165,0.10542263090610504,0.9960513114929199,0.8573145270347595
YJL033W,YBR205W,0,-0.059512585,0.10541161894798279,0.9960513114929199,0.8574146628379822
YMR080C,YGL213C,0,-0.059968293,0.10540060698986053,0.9960513114929199,0.8575147986412048
YIL034C,YJL056C,0,-0.06006503,0.10538959503173828,0.9960513114929199,0.8576148748397827
YFL047W,YDR166C,0,-0.060429513,0.10537859052419662,0.9960513114929199,0.8577150106430054
YMR217W,YIL111W,0,-0.060506165,0.10536758601665497,0.9960513114929199,0.857815146446228
YGL120C,YFR041C,0,-0.061679482,0.10535658150911331,0.9960513114929199,0.8579152822494507
YBR166C,YHR070W,0,-0.062134035,0.10534558445215225,0.9960513114929199,0.8580154180526733
YML040W,YGL210W,0,-0.06268835,0.10533458739519119,0.9960513114929199,0.858115553855896
YIL039W,YLL035W,0,-0.06324002,0.10532359033823013,0.9960513114929199,0.8582156896591187
YKL004W,YBR055C,0,-0.06735778,0.10531260073184967,0.9960513114929199,0.8583158254623413
YBR001C,YDR531W,0,-0.06742835,0.10530160367488861,0.9960513114929199,0.858415961265564
YOR356W,YCR054C,0,-0.07008088,0.10529062151908875,0.9960513114929199,0.8585160970687866
YGR076C,YDR169C,0,-0.07197142,0.10527963191270828,0.9960513114929199,0.8586161732673645
YMR023C,YPL026C,0,-0.073253036,0.10526864975690842,0.9960513114929199,0.8587163090705872
YOR348C,YPL206C,0,-0.07362604,0.10525766760110855,0.9960513114929199,0.8588164448738098
YNL185C,YPL143W,0,-0.07387075,0.10524668544530869,0.9960513114929199,0.8589165806770325
YIL070C,YKL017C,0,-0.07455647,0.10523571074008942,0.9960513114929199,0.8590167164802551
YNL096C,YDL184C,0,-0.07483165,0.10522473603487015,0.9960513114929199,0.8591168522834778
YGR029W,YNL054W-B,0,-0.07514018,0.10521376132965088,0.9960513114929199,0.8592169880867004
YDR003W,YDR120C,0,-0.07565367,0.10520279407501221,0.9960513114929199,0.8593171238899231
YDL231C,YIR037W,0,-0.07570404,0.10519182682037354,0.9960513114929199,0.8594172596931458
YEL054C,YHL016C,0,-0.07742137,0.10518085956573486,0.9960513114929199,0.8595173954963684
YER099C,YMR043W,0,-0.07777089,0.10516989976167679,0.9960513114929199,0.8596175312995911
YJR013W,YGR184C,0,-0.07790887,0.10515893995761871,0.9960513114929199,0.859717607498169
YFL004W,YGR234W,0,-0.07911259,0.10514798015356064,0.9960513114929199,0.8598177433013916
YDR251W,YIL026C,0,-0.08043355,0.10513702034950256,0.9960513114929199,0.8599178791046143
YNL061W,YOR014W,0,-0.08121359,0.10512606799602509,0.9960513114929199,0.8600180149078369
YMR037C,YJL121C,0,-0.08226448,0.10511511564254761,0.9960513114929199,0.8601181507110596
YDL006W,YIL101C,0,-0.082310125,0.10510416328907013,0.9960513114929199,0.8602182865142822
YDL051W,YOL147C,0,-0.08288324,0.10509321838617325,0.9960513114929199,0.8603184223175049
YPL159C,YGL227W,0,-0.08294481,0.10508227348327637,0.9960513114929199,0.8604185581207275
YIL070C,YNR047W,0,-0.083070606,0.10507132858037949,0.9960513114929199,0.8605186939239502
YEL064C,YDR158W,0,-0.08366215,0.1050603911280632,0.9960513114929199,0.8606188297271729
YMR088C,YNR061C,0,-0.08471529,0.10504945367574692,0.9960513114929199,0.8607189059257507
YLR287C-A,YNL188W,0,-0.08490729,0.10503851622343063,0.9960513114929199,0.8608190417289734
YOR322C,YLR099C,0,-0.085255146,0.10502758622169495,0.9960513114929199,0.860919177532196
YNL248C,YHR010W,0,-0.08675921,0.10501665621995926,0.9960513114929199,0.8610193133354187
YHR172W,YLR385C,0,-0.08745736,0.10500572621822357,0.9960513114929199,0.8611194491386414
YLR214W,YDR003W,0,-0.088059306,0.10499479621648788,0.9960513114929199,0.861219584941864
YLL013C,YOL133W,0,-0.089145005,0.1049838736653328,0.9960513114929199,0.8613197207450867
YPL106C,YJL052W,0,-0.09024814,0.1049729511141777,0.9960513114929199,0.8614198565483093
YPR028W,YBR241C,0,-0.09027743,0.10496202856302261,0.9960513114929199,0.861519992351532
YLR427W,YGR158C,0,-0.0911842,0.10495111346244812,0.9960513114929199,0.8616201281547546
YFR041C,YMR109W,0,-0.09336239,0.10494019836187363,0.9960513114929199,0.8617202639579773
YPL157W,YDL030W,0,-0.09469285,0.10492928326129913,0.9960513114929199,0.8618203401565552
YML116W,YDR116C,0,-0.09819865,0.10491837561130524,0.9960513114929199,0.8619204759597778
YNL280C,YIL155C,0,-0.09839034,0.10490746796131134,0.9960513114929199,0.8620206117630005
YBR286W,YBR283C,0,-0.09934509,0.10489656031131744,0.9960513114929199,0.8621207475662231
YLR139C,YDR252W,0,-0.10013859,0.10488565266132355,0.9960513114929199,0.8622208833694458
YPL269W,YDR158W,0,-0.10098666,0.10487475246191025,0.9960513114929199,0.8623210191726685
YER083C,YDR298C,0,-0.10154939,0.10486385226249695,0.9960513114929199,0.8624211549758911
YIL051C,YKR009C,0,-0.10352343,0.10485295951366425,0.9960513114929199,0.8625212907791138
YOR063W,YNL212W,0,-0.10378641,0.10484205931425095,0.9960513114929199,0.8626214265823364
YPL206C,YHL016C,0,-0.10401806,0.10483116656541824,0.9960513114929199,0.8627215623855591
YFR006W,YGR123C,0,-0.10430676,0.10482028126716614,0.9960513114929199,0.862821638584137
YCL027W,YPR122W,0,-0.104450464,0.10480938851833344,0.9960513114929199,0.8629217743873596
YDR320C,YDR101C,0,-0.10516119,0.10479850322008133,0.9960513114929199,0.8630219101905823
YPL111W,YDR483W,0,-0.105291665,0.10478761792182922,0.9960513114929199,0.8631220459938049
YLR364W,YKL056C,0,-0.1074816,0.10477674007415771,0.9960513114929199,0.8632221817970276
YDR003W,YNL091W,0,-0.10844481,0.1047658622264862,0.9960513114929199,0.8633223176002502
YMR302C,YPL095C,0,-0.108772635,0.1047549843788147,0.9960513114929199,0.8634224534034729
YHR171W,YLR038C,0,-0.11053643,0.10474410653114319,0.9960513114929199,0.8635225892066956
YLR238W,YBR082C,0,-0.111754894,0.10473323613405228,0.9960513114929199,0.8636227250099182
YML018C,YDL130W,0,-0.113858014,0.10472236573696136,0.9960513114929199,0.8637228608131409
YOR037W,YDR326C,0,-0.11413801,0.10471149533987045,0.9960513114929199,0.8638229966163635
YLR192C,YNR050C,0,-0.11484009,0.10470063239336014,0.9960513114929199,0.8639230728149414
YML085C,YDR065W,0,-0.11616683,0.10468976944684982,0.9960513114929199,0.8640232086181641
YIR037W,YDR288W,0,-0.118887424,0.10467890650033951,0.9960513114929199,0.8641233444213867
YOL065C,YBL030C,0,-0.12008549,0.10466805100440979,0.9960513114929199,0.8642234802246094
YGL009C,YNR045W,0,-0.1205526,0.10465719550848007,0.9960513114929199,0.864323616027832
YGL206C,YIL124W,0,-0.12143639,0.10464634001255035,0.9960513114929199,0.8644237518310547
YDR479C,YMR256C,0,-0.12200022,0.10463548451662064,0.9960513114929199,0.8645238876342773
YML012W,YPL153C,0,-0.12285769,0.10462463647127151,0.9960513114929199,0.8646240234375
YHR036W,YGR001C,0,-0.12552929,0.1046137884259224,0.9960513114929199,0.8647241592407227
YAL044C,YGR075C,0,-0.12592524,0.10460294783115387,0.9960513114929199,0.8648242950439453
YPL154C,YAL012W,0,-0.12600243,0.10459209978580475,0.9960513114929199,0.864924430847168
YDR316W-A,YDL017W,0,-0.12698609,0.10458125919103622,0.9960513114929199,0.8650245070457458
YPL174C,YOR131C,0,-0.12765944,0.1045704185962677,0.9960513114929199,0.8651246428489685
YIL093C,YKL181W,0,-0.12867212,0.10455958545207977,0.9960513114929199,0.8652247786521912
YER061C,YGR124W,0,-0.1289801,0.10454875230789185,0.9960513114929199,0.8653249144554138
YMR281W,YHL019C,0,-0.12923676,0.10453791916370392,0.9960513114929199,0.8654250502586365
YNL280C,YGR006W,0,-0.13128364,0.10452709347009659,0.9960513114929199,0.8655251860618591
YPL195W,YBR283C,0,-0.13186926,0.10451626032590866,0.9960513114929199,0.8656253218650818
YDR065W,YOR131C,0,-0.13299912,0.10450543463230133,0.9960513114929199,0.8657254576683044
YLR276C,YCR054C,0,-0.13423395,0.1044946163892746,0.9960513114929199,0.8658255934715271
YDR299W,YDR052C,0,-0.13459194,0.10448379069566727,0.9960513114929199,0.8659257292747498
YMR166C,YLR266C,0,-0.1346721,0.10447297245264053,0.9960513114929199,0.8660258054733276
YMR312W,YGR135W,0,-0.13592312,0.1044621616601944,0.9960513114929199,0.8661259412765503
YHR089C,YCL057C-A,0,-0.13648105,0.10445134341716766,0.9960513114929199,0.866226077079773
YDR038C,YPR186C,0,-0.13660797,0.10444053262472153,0.9960513114929199,0.8663262128829956
YDR251W,YCR028C,0,-0.13721946,0.10442972183227539,0.9960513114929199,0.8664263486862183
YER087C-A,YPL017C,0,-0.13741603,0.10441891849040985,0.9960513114929199,0.8665264844894409
YJR013W,YER126C,0,-0.14161587,0.10440811514854431,0.9960513114929199,0.8666266202926636
YGL021W,YGR063C,0,-0.14204407,0.10439731180667877,0.9960513114929199,0.8667267560958862
YPL281C,YMR071C,0,-0.14276826,0.10438650846481323,0.9960513114929199,0.8668268918991089
YDR425W,YOR374W,0,-0.14317113,0.10437571257352829,0.9960513114929199,0.8669270277023315
YMR088C,YBR036C,0,-0.1434966,0.10436491668224335,0.9960513114929199,0.8670271635055542
YDL137W,YGR116W,0,-0.14430797,0.1043541207909584,0.9960513114929199,0.8671272397041321
YBR286W,YLR304C,0,-0.14524458,0.10434333235025406,0.9960513114929199,0.8672273755073547
YBR159W,YER053C,0,-0.14551848,0.10433254390954971,0.9960513114929199,0.8673275113105774
YML054C,YKL034W,0,-0.14682512,0.10432175546884537,0.9960513114929199,0.8674276471138
YGL119W,YBR299W,0,-0.14804912,0.10431096702814102,0.9960513114929199,0.8675277829170227
YPL206C,YNL015W,0,-0.14996403,0.10430018603801727,0.9960513114929199,0.8676279187202454
YLL038C,YOL123W,0,-0.15016477,0.10428940504789352,0.9960513114929199,0.867728054523468
YJR143C,YEL058W,0,-0.15053028,0.10427862405776978,0.9960513114929199,0.8678281903266907
YKL143W,YFR007W,0,-0.15196317,0.10426785051822662,0.9960513114929199,0.8679283261299133
YNL311C,YNL101W,0,-0.15325302,0.10425707697868347,0.9960513114929199,0.868028461933136
YKL089W,YNL322C,0,-0.15428364,0.10424630343914032,0.9960513114929199,0.8681285381317139
YJR013W,YJL065C,0,-0.15458149,0.10423553735017776,0.9960513114929199,0.8682286739349365
YBR159W,YER082C,0,-0.15752295,0.10422477126121521,0.9960513114929199,0.8683288097381592
YOR181W,YDL184C,0,-0.15795475,0.10421400517225266,0.9960513114929199,0.8684289455413818
YHR067W,YPL258C,0,-0.15880847,0.1042032390832901,0.9960513114929199,0.8685290813446045
YDL180W,YPL149W,0,-0.15937999,0.10419248044490814,0.9960513114929199,0.8686292171478271
YIL160C,YLR306W,0,-0.15942764,0.10418172180652618,0.9960513114929199,0.8687293529510498
YKL212W,YOR127W,0,-0.15996265,0.10417097061872482,0.9960513114929199,0.8688294887542725
YPR047W,YBL090W,0,-0.1617123,0.10416021198034286,0.9960513114929199,0.8689296245574951
YAL020C,YIR037W,0,-0.16232032,0.1041494607925415,0.9960513114929199,0.8690297603607178
YEL059C-A,YKL034W,0,-0.164061,0.10413871705532074,0.9960513114929199,0.8691298961639404
YBR205W,YFL044C,0,-0.16443086,0.10412796586751938,0.9960513114929199,0.8692299723625183
YDL085W,YNR001C,0,-0.16545245,0.10411722213029861,0.9960513114929199,0.869330108165741
YGL178W,YLR172C,0,-0.16705996,0.10410647839307785,0.9960513114929199,0.8694302439689636
YJL072C,YHR089C,0,-0.16741693,0.10409574210643768,0.9960513114929199,0.8695303797721863
YML116W,YIR015W,0,-0.16756317,0.10408499836921692,0.9960513114929199,0.8696305155754089
YEL017C-A,YPR081C,0,-0.16951653,0.10407426208257675,0.9960513114929199,0.8697306513786316
YDR219C,YJR059W,0,-0.1703918,0.10406353324651718,0.9960513114929199,0.8698307871818542
YPR063C,YPR041W,0,-0.17044014,0.10405279695987701,0.9960513114929199,0.8699309229850769
YOL103W,YOR080W,0,-0.17391628,0.10404206812381744,0.9960513114929199,0.8700310587882996
YPL157W,YBR122C,0,-0.17425922,0.10403134673833847,0.9960513114929199,0.8701311945915222
YMR139W,YJL190C,0,-0.17620552,0.1040206179022789,0.9960513114929199,0.8702313303947449
YNL322C,YJR001W,0,-0.17725968,0.10400989651679993,0.9960513114929199,0.8703314065933228
YBR001C,YGR191W,0,-0.17917109,0.10399917513132095,0.9960513114929199,0.8704315423965454
YFL004W,YJR110W,0,-0.18129182,0.10398845374584198,0.9960513114929199,0.8705316781997681
YKL156W,YGR054W,0,-0.18353537,0.1039777398109436,0.9960513114929199,0.8706318140029907
YML005W,YBR291C,0,-0.18455303,0.10396702587604523,0.9960513114929199,0.8707319498062134
YDR312W,YHR147C,0,-0.18467556,0.10395631939172745,0.9960513114929199,0.870832085609436
YER131W,YIL101C,0,-0.18555468,0.10394560545682907,0.9960513114929199,0.8709322214126587
YMR098C,YER082C,0,-0.18644953,0.10393489897251129,0.9960513114929199,0.8710323572158813
YMR233W,YGR191W,0,-0.1866321,0.10392419248819351,0.9960513114929199,0.871132493019104
YEL017C-A,YHR044C,0,-0.18776333,0.10391349345445633,0.9960513114929199,0.8712326288223267
YIL090W,YLR237W,0,-0.18843764,0.10390278697013855,0.9960513114929199,0.8713327050209045
YER048W-A,YGR061C,0,-0.18907191,0.10389209538698196,0.9960513114929199,0.8714328408241272
YJR121W,YNR041C,0,-0.18913436,0.10388139635324478,0.9960513114929199,0.8715329766273499
YMR051C,YPL202C,0,-0.1908508,0.1038707047700882,0.9960513114929199,0.8716331124305725
YJR143C,YDR120C,0,-0.19731387,0.10386001318693161,0.9960513114929199,0.8717332482337952
YAL041W,YER110C,0,-0.19790912,0.10384932160377502,0.9960513114929199,0.8718333840370178
YFL047W,YOR076C,0,-0.19904941,0.10383863002061844,0.9960513114929199,0.8719335198402405
YGR263C,YDL114W,0,-0.19984527,0.10382794588804245,0.9960513114929199,0.8720336556434631
YFL047W,YGL232W,0,-0.20194095,0.10381726175546646,0.9960513114929199,0.8721337914466858
YOL071W,YGL084C,0,-0.20369533,0.10380658507347107,0.9960513114929199,0.8722339272499084
YAR015W,YDL112W,0,-0.20444572,0.10379590839147568,0.9960513114929199,0.8723340630531311
YDR093W,YOR374W,0,-0.20526052,0.10378523170948029,0.9960513114929199,0.872434139251709
YBR036C,YHR207C,0,-0.2053949,0.1037745550274849,0.9960513114929199,0.8725342750549316
YER086W,YMR051C,0,-0.20653528,0.1037638857960701,0.9960513114929199,0.8726344108581543
YDL210W,YDR044W,0,-0.2073068,0.1037532165646553,0.9960513114929199,0.872734546661377
YNL151C,YOR221C,0,-0.20929018,0.10374254733324051,0.9960513114929199,0.8728346824645996
YOL156W,YLR441C,0,-0.209488,0.10373187810182571,0.9960513114929199,0.8729348182678223
YDR511W,YNL115C,0,-0.21125373,0.10372121632099152,0.9960513114929199,0.8730349540710449
YFL047W,YPR081C,0,-0.21185422,0.10371055454015732,0.9960513114929199,0.8731350898742676
YJL198W,YMR150C,0,-0.2124263,0.10369990020990372,0.9960513114929199,0.8732352256774902
YJL158C,YDL185W,0,-0.21254024,0.10368923842906952,0.9960513114929199,0.8733353614807129
YNL119W,YPR019W,0,-0.21476877,0.10367858409881592,0.9960513114929199,0.8734354376792908
YMR139W,YOR044W,0,-0.2153648,0.10366793721914291,0.9960513114929199,0.8735355734825134
YIR036C,YER045C,0,-0.21636628,0.10365728288888931,0.9960513114929199,0.8736357092857361
YEL002C,YLR121C,0,-0.2180197,0.10364663600921631,0.9960513114929199,0.8737358450889587
YJR015W,YMR290C,0,-0.21824872,0.1036359891295433,0.9960513114929199,0.8738359808921814
YGR026W,YNL248C,0,-0.21948749,0.1036253497004509,0.9960513114929199,0.873936116695404
YIL070C,YDR265W,0,-0.22305363,0.1036147028207779,0.9960513114929199,0.8740362524986267
YDR197W,YPR016C,0,-0.22335342,0.10360406339168549,0.9960513114929199,0.8741363883018494
YJL102W,YLR246W,0,-0.22525397,0.10359343141317368,0.9960513114929199,0.874236524105072
YJL165C,YNL007C,0,-0.22613013,0.10358279198408127,0.9960513114929199,0.8743366599082947
YOR175C,YNL301C,0,-0.22646469,0.10357216000556946,0.9960513114929199,0.8744367957115173
YBR283C,YKL116C,0,-0.23005891,0.10356152802705765,0.9960513114929199,0.8745368719100952
YIL109C,YGR220C,0,-0.23035538,0.10355090349912643,0.9960513114929199,0.8746370077133179
YJR094W-A,YBR030W,0,-0.23103738,0.10354027897119522,0.9960513114929199,0.8747371435165405
YER140W,YOR337W,0,-0.23170924,0.10352965444326401,0.9960513114929199,0.8748372793197632
YLL013C,YPL271W,0,-0.23307204,0.1035190299153328,0.9960513114929199,0.8749374151229858
YKL100C,YNL191W,0,-0.23334411,0.10350841283798218,0.9960513114929199,0.8750375509262085
YLR237W,YPR019W,0,-0.23556107,0.10349779576063156,0.9960513114929199,0.8751376867294312
YDL229W,YDL085W,0,-0.23578356,0.10348717868328094,0.9960513114929199,0.8752378225326538
YHR076W,YGR220C,0,-0.23614526,0.10347656905651093,0.9960513114929199,0.8753379583358765
YBL030C,YER030W,0,-0.23710008,0.10346595197916031,0.9960513114929199,0.8754380941390991
YML125C,YOL120C,0,-0.23835301,0.10345534980297089,0.9960513114929199,0.875538170337677
YER114C,YML115C,0,-0.23949146,0.10344474017620087,0.9960513114929199,0.8756383061408997
YIL109C,YKR038C,0,-0.24036786,0.10343413800001144,0.9960513114929199,0.8757384419441223
YNL293W,YLR126C,0,-0.24046832,0.10342353582382202,0.9960513114929199,0.875838577747345
YDL007W,YGL039W,0,-0.24097759,0.1034129336476326,0.9960513114929199,0.8759387135505676
YOR155C,YJL097W,0,-0.24664602,0.10340233892202377,0.9960513114929199,0.8760388493537903
YPR156C,YFR008W,0,-0.24764878,0.10339174419641495,0.9960513114929199,0.8761389851570129
YDR032C,YMR152W,0,-0.24837027,0.10338114947080612,0.9960513114929199,0.8762391209602356
YOR037W,YMR070W,0,-0.24882855,0.1033705547451973,0.9960513114929199,0.8763392567634583
YMR023C,YLR014C,0,-0.24942249,0.10335996747016907,0.9960513114929199,0.8764393925666809
YNL322C,YJL080C,0,-0.24956739,0.10334938019514084,0.9960513114929199,0.8765395283699036
YDR036C,YIL125W,0,-0.24986169,0.10333879292011261,0.9960513114929199,0.8766396045684814
YGR009C,YAL021C,0,-0.25173846,0.10332821309566498,0.9960513114929199,0.8767397403717041
YDR056C,YER133W,0,-0.25195986,0.10331763327121735,0.9960513114929199,0.8768398761749268
YDL130W,YOR127W,0,-0.2521586,0.10330705344676971,0.9960513114929199,0.8769400119781494
YOR096W,YOR036W,0,-0.25526315,0.10329648107290268,0.9960513114929199,0.8770401477813721
YNL308C,YLR419W,0,-0.25662854,0.10328590124845505,0.9960513114929199,0.8771402835845947
YMR290C,YBL057C,0,-0.25816274,0.10327533632516861,0.9960513114929199,0.8772404193878174
YOR369C,YNL119W,0,-0.25839978,0.10326476395130157,0.9960513114929199,0.87734055519104
YGR234W,YMR012W,0,-0.2591408,0.10325419902801514,0.9960513114929199,0.8774406909942627
YJR110W,YGL120C,0,-0.25942838,0.1032436341047287,0.9960513114929199,0.8775408267974854
YKR058W,YBR241C,0,-0.2603665,0.10323306918144226,0.9960513114929199,0.877640962600708
YMR287C,YLR450W,0,-0.2611142,0.10322250425815582,0.9960513114929199,0.8777410387992859
YJR059W,YDL130W-A,0,-0.26212925,0.10321194678544998,0.9960513114929199,0.8778411746025085
YOR389W,YHR171W,0,-0.26314452,0.10320138931274414,0.9960513114929199,0.8779413104057312
YPL206C,YDR486C,0,-0.26360157,0.1031908392906189,0.9960513114929199,0.8780414462089539
YGR026W,YML063W,0,-0.26481497,0.10318028181791306,0.9960513114929199,0.8781415820121765
YJL102W,YMR303C,0,-0.2651723,0.10316973179578781,0.9960513114929199,0.8782417178153992
YAL053W,YHR140W,0,-0.26707268,0.10315918922424316,0.9960513114929199,0.8783418536186218
YDR341C,YNL306W,0,-0.26743868,0.10314863920211792,0.9960513114929199,0.8784419894218445
YBR012W-A,YCR054C,0,-0.268111,0.10313809663057327,0.9960513114929199,0.8785421252250671
YDL229W,YLR040C,0,-0.26993227,0.10312755405902863,0.9960513114929199,0.8786422610282898
YNL322C,YNL012W,0,-0.27031642,0.10311701893806458,0.9960513114929199,0.8787423372268677
YIL009C-A,YAR010C,0,-0.27043876,0.10310647636651993,0.9960513114929199,0.8788424730300903
YBL060W,YBR122C,0,-0.27112913,0.10309594124555588,0.9960513114929199,0.878942608833313
YJR076C,YJL148W,0,-0.27170557,0.10308541357517242,0.9960513114929199,0.8790427446365356
YAL053W,YOR265W,0,-0.27211702,0.10307487845420837,0.9960513114929199,0.8791428804397583
YLR266C,YNL268W,0,-0.27274412,0.10306435078382492,0.9960513114929199,0.879243016242981
YDR126W,YDL115C,0,-0.27545777,0.10305382311344147,0.9960513114929199,0.8793431520462036
YDR033W,YIL027C,0,-0.2761795,0.10304330289363861,0.9960513114929199,0.8794432878494263
YDR065W,YNR001C,0,-0.2765357,0.10303277522325516,0.9960513114929199,0.8795434236526489
YMR264W,YMR042W,0,-0.27768105,0.1030222550034523,0.9960513114929199,0.8796435594558716
YPL144W,YPL271W,0,-0.2787262,0.10301174223423004,0.9960513114929199,0.8797436952590942
YDR248C,YJR015W,0,-0.27885318,0.10300122201442719,0.9960513114929199,0.8798437714576721
YER061C,YHR161C,0,-0.27919358,0.10299070924520493,0.9960513114929199,0.8799439072608948
YLR192C,YMR208W,0,-0.2794991,0.10298019647598267,0.9960513114929199,0.8800440430641174
YLR433C,YDR169C,0,-0.27967525,0.102969691157341,0.9960513114929199,0.8801441788673401
YDR283C,YHR140W,0,-0.2800651,0.10295918583869934,0.9960513114929199,0.8802443146705627
YGR263C,YOR155C,0,-0.28208208,0.10294868052005768,0.9960513114929199,0.8803444504737854
YGL039W,YKR097W,0,-0.282419,0.10293817520141602,0.9960513114929199,0.8804445862770081
YER027C,YDR330W,0,-0.28287658,0.10292767733335495,0.9960513114929199,0.8805447220802307
YOR373W,YKL143W,0,-0.28393227,0.10291717946529388,0.9960513114929199,0.8806448578834534
YIL078W,YEL050C,0,-0.28571463,0.10290668159723282,0.9960513114929199,0.880744993686676
YJL143W,YML116W,0,-0.28588203,0.10289618372917175,0.9960513114929199,0.8808450698852539
YIL125W,YPR118W,0,-0.28972113,0.10288569331169128,0.9960513114929199,0.8809452056884766
YDR312W,YDR074W,0,-0.2897581,0.10287520289421082,0.9960513114929199,0.8810453414916992
YML124C,YOR306C,0,-0.29123712,0.10286471247673035,0.9960513114929199,0.8811454772949219
YLR048W,YER020W,0,-0.2947634,0.10285422950983047,0.9960513114929199,0.8812456130981445
YDL109C,YKL028W,0,-0.29755142,0.1028437465429306,0.9960513114929199,0.8813457489013672
YMR022W,YGR218W,0,-0.29769874,0.10283326357603073,0.9960513114929199,0.8814458847045898
YLR266C,YJL121C,0,-0.297914,0.10282278805971146,0.9960513114929199,0.8815460205078125
YMR297W,YGL211W,0,-0.29816735,0.10281231254339218,0.9960513114929199,0.8816461563110352
YOL092W,YHR136C,0,-0.29852295,0.1028018370270729,0.9960513114929199,0.8817462921142578
YNL291C,YPR073C,0,-0.2989256,0.10279136151075363,0.9960513114929199,0.8818464279174805
YKL100C,YDR326C,0,-0.30184874,0.10278089344501495,0.9960513114929199,0.8819465041160583
YBR264C,YHR160C,0,-0.30365983,0.10277042537927628,0.9960513114929199,0.882046639919281
YMR088C,YER025W,0,-0.30557907,0.1027599573135376,0.9960513114929199,0.8821467757225037
YER086W,YMR188C,0,-0.30618262,0.10274948924779892,0.9960513114929199,0.8822469115257263
YIL034C,YDR330W,0,-0.30654028,0.10273902863264084,0.9960513114929199,0.882347047328949
YGR241C,YPR122W,0,-0.30822963,0.10272856801748276,0.9960513114929199,0.8824471831321716
YJL033W,YOL064C,0,-0.3084116,0.10271810740232468,0.9960513114929199,0.8825473189353943
YER091C,YIL136W,0,-0.31111228,0.10270765423774719,0.9960513114929199,0.8826474547386169
YDR055W,YDR047W,0,-0.3118807,0.10269720107316971,0.9960513114929199,0.8827475905418396
YLR212C,YGR116W,0,-0.3119363,0.10268674790859222,0.9960513114929199,0.8828477263450623
YEL059C-A,YDR313C,0,-0.3137762,0.10267630219459534,0.9960513114929199,0.8829478025436401
YBL039C,YPR081C,0,-0.31591892,0.10266584903001785,0.9960513114929199,0.8830479383468628
YER099C,YGR135W,0,-0.31832618,0.10265541076660156,0.9960513114929199,0.8831480741500854
YER027C,YNR001C,0,-0.32302022,0.10264496505260468,0.9960513114929199,0.8832482099533081
YBR291C,YJR075W,0,-0.3232136,0.10263452678918839,0.9960513114929199,0.8833483457565308
YBR036C,YMR016C,0,-0.32340163,0.1026240810751915,0.9960513114929199,0.8834484815597534
YPR098C,YBR030W,0,-0.32397205,0.1026136502623558,0.9960513114929199,0.8835486173629761
YML129C,YHR161C,0,-0.3240396,0.10260321199893951,0.9960513114929199,0.8836487531661987
YDR060W,YGR061C,0,-0.3241112,0.10259278118610382,0.9960513114929199,0.8837488889694214
YDR479C,YAL053W,0,-0.32731462,0.10258235037326813,0.9960513114929199,0.883849024772644
YJL097W,YIR009W,0,-0.32986283,0.10257191956043243,0.9960513114929199,0.8839491605758667
YGR200C,YHL004W,0,-0.3307288,0.10256149619817734,0.9960513114929199,0.8840492367744446
YMR316W,YMR045C,0,-0.33100516,0.10255107283592224,0.9960513114929199,0.8841493725776672
YMR166C,YPR016C,0,-0.33529198,0.10254064947366714,0.9960513114929199,0.8842495083808899
YDR347W,YFR015C,0,-0.33721125,0.10253023356199265,0.9960513114929199,0.8843496441841125
YNR061C,YGL205W,0,-0.33763087,0.10251981019973755,0.9960513114929199,0.8844497799873352
YLR433C,YPR054W,0,-0.33787233,0.10250939428806305,0.9960513114929199,0.8845499157905579
YER068W,YLR204W,0,-0.33974987,0.10249898582696915,0.9960513114929199,0.8846500515937805
YOL139C,YPL103C,0,-0.34012622,0.10248856991529465,0.9960513114929199,0.8847501873970032
YLR204W,YJL148W,0,-0.34057844,0.10247816145420074,0.9960513114929199,0.8848503232002258
YER133W,YPR028W,0,-0.3412571,0.10246775299310684,0.9960513114929199,0.8849504590034485
YOR175C,YPL026C,0,-0.3420881,0.10245735198259354,0.9960513114929199,0.8850505948066711
YLR126C,YDR077W,0,-0.34477153,0.10244695097208023,0.9960513114929199,0.885150671005249
YAR019C,YLL050C,0,-0.34536025,0.10243654996156693,0.9960513114929199,0.8852508068084717
YLR045C,YGR162W,0,-0.34710073,0.10242614895105362,0.9960513114929199,0.8853509426116943
YJL158C,YDL180W,0,-0.35213256,0.10241575539112091,0.9960513114929199,0.885451078414917
YOL100W,YMR289W,0,-0.3522455,0.1024053618311882,0.9960513114929199,0.8855512142181396
YKL025C,YFL039C,1,-0.35315222,0.1024964451789856,0.9970384836196899,0.8855512142181396
YNR050C,YER106W,0,-0.35337377,0.10248604416847229,0.9970384836196899,0.8856513500213623
YJL033W,YOL105C,0,-0.3546546,0.10247565060853958,0.9970384836196899,0.885751485824585
YDR347W,YPL090C,0,-0.35739213,0.10246524959802628,0.9970384836196899,0.8858516216278076
YML094W,YPL090C,0,-0.35789418,0.10245485603809357,0.9970384836196899,0.8859517574310303
YHR021C,YBR033W,0,-0.35811132,0.10244446992874146,0.9970384836196899,0.8860518932342529
YDR096W,YJL158C,0,-0.35901737,0.10243407636880875,0.9970384836196899,0.8861519694328308
YJL153C,YPR081C,0,-0.35928154,0.10242369025945663,0.9970384836196899,0.8862521052360535
YNL162W,YNL128W,0,-0.3596865,0.10241330415010452,0.9970384836196899,0.8863522410392761
YIL093C,YER180C,0,-0.36033112,0.10240291804075241,0.9970384836196899,0.8864523768424988
YOR224C,YOR120W,0,-0.36242682,0.1023925393819809,0.9970384836196899,0.8865525126457214
YPL144W,YBL054W,0,-0.362665,0.10238216072320938,0.9970384836196899,0.8866526484489441
YIL027C,YFR005C,0,-0.3633129,0.10237178206443787,0.9970384836196899,0.8867527842521667
YDR126W,YIR015W,0,-0.36346853,0.10236140340566635,0.9970384836196899,0.8868529200553894
YNL248C,YDR362C,0,-0.36544377,0.10235103219747543,0.9970384836196899,0.8869530558586121
YPL271W,YJR065C,0,-0.3670757,0.10234066098928452,0.9970384836196899,0.8870531916618347
YBR159W,YGL222C,0,-0.3674407,0.1023302972316742,0.9970384836196899,0.8871533274650574
YJL129C,YDR236C,0,-0.36786905,0.10231992602348328,0.9970384836196899,0.8872534036636353
YNL166C,YEL021W,0,-0.36930144,0.10230956226587296,0.9970384836196899,0.8873535394668579
YDR055W,YOL109W,0,-0.37006748,0.10229919850826263,0.9970384836196899,0.8874536752700806
YHR067W,YDL007W,0,-0.37027633,0.10228884220123291,0.9970384836196899,0.8875538110733032
YLR448W,YIL155C,0,-0.37167275,0.10227847844362259,0.9970384836196899,0.8876539468765259
YNL046W,YEL059C-A,0,-0.37254637,0.10226812213659286,0.9970384836196899,0.8877540826797485
YER083C,YJR143C,0,-0.37351736,0.10225777328014374,0.9970384836196899,0.8878542184829712
YIR037W,YJL073W,0,-0.37468278,0.10224741697311401,0.9970384836196899,0.8879543542861938
YLR045C,YLR121C,0,-0.3774928,0.10223706811666489,0.9970384836196899,0.8880544900894165
YLR074C,YNL149C,0,-0.37758029,0.10222671926021576,0.9970384836196899,0.8881546258926392
YFL004W,YOR057W,0,-0.37810183,0.10221637785434723,0.9970384836196899,0.888254702091217
YNR061C,YJL073W,0,-0.37873232,0.1022060289978981,0.9970384836196899,0.8883548378944397
YIL074C,YBR245C,0,-0.37876457,0.10219568759202957,0.9970384836196899,0.8884549736976624
YGL213C,YGL106W,0,-0.37949038,0.10218535363674164,0.9970384836196899,0.888555109500885
YGL249W,YNR047W,0,-0.37979212,0.10217501223087311,0.9970384836196899,0.8886552453041077
YGR123C,YJR126C,0,-0.38029101,0.10216467827558517,0.9970384836196899,0.8887553811073303
YBR158W,YDL180W,0,-0.3807493,0.10215434432029724,0.9970384836196899,0.888855516910553
YLR204W,YIL051C,0,-0.38237834,0.10214401036500931,0.9970384836196899,0.8889556527137756
YEL054C,YOL002C,0,-0.38397104,0.10213368386030197,0.9970384836196899,0.8890557885169983
YMR086W,YBR214W,0,-0.38667873,0.10212335735559464,0.9970384836196899,0.889155924320221
YDR511W,YDR115W,0,-0.3892935,0.1021130308508873,0.9970384836196899,0.8892560601234436
YBR159W,YNL301C,0,-0.38954568,0.10210271179676056,0.9970384836196899,0.8893561363220215
YNL112W,YOL077C,0,-0.38999662,0.10209238529205322,0.9970384836196899,0.8894562721252441
YDL229W,YKL028W,0,-0.39164627,0.10208206623792648,0.9970384836196899,0.8895564079284668
YNL227C,YPL123C,0,-0.3942284,0.10207175463438034,0.9970384836196899,0.8896565437316895
YBR296C,YLR045C,0,-0.39439487,0.1020614355802536,0.9970384836196899,0.8897566795349121
YHR215W,YGR086C,0,-0.39632052,0.10205112397670746,0.9970384836196899,0.8898568153381348
YHR215W,YGR135W,0,-0.39650208,0.10204081982374191,0.9970384836196899,0.8899569511413574
YMR188C,YHR129C,0,-0.39660493,0.10203050822019577,0.9970384836196899,0.8900570869445801
YJR029W,YLR079W,0,-0.39718592,0.10202020406723022,0.9970384836196899,0.8901572227478027
YOR182C,YER030W,0,-0.39879853,0.10200989991426468,0.9970384836196899,0.8902573585510254
YJR029W,YER126C,0,-0.39940298,0.10199959576129913,0.9970384836196899,0.890357494354248
YMR023C,YER053C,0,-0.40111634,0.10198929905891418,0.9970384836196899,0.8904575705528259
YJR013W,YNL242W,0,-0.40230817,0.10197899490594864,0.9970384836196899,0.8905577063560486
YDR247W,YMR303C,0,-0.40410396,0.10196870565414429,0.9970384836196899,0.8906578421592712
YMR281W,YHR081W,0,-0.40601784,0.10195840895175934,0.9970384836196899,0.8907579779624939
YOR347C,YLR221C,0,-0.4066049,0.10194811969995499,0.9970384836196899,0.8908581137657166
YDL033C,YDL146W,0,-0.40939417,0.10193783044815063,0.9970384836196899,0.8909582495689392
YJL033W,YOR061W,0,-0.40973818,0.10192754119634628,0.9970384836196899,0.8910583853721619
YDR247W,YFL037W,0,-0.40996593,0.10191725194454193,0.9970384836196899,0.8911585211753845
YMR282C,YGR063C,0,-0.41218317,0.10190697014331818,0.9970384836196899,0.8912586569786072
YCR072C,YJR121W,0,-0.4133371,0.10189668834209442,0.9970384836196899,0.8913587927818298
YML054C,YER099C,0,-0.41382778,0.10188641399145126,0.9970384836196899,0.8914588689804077
YDR074W,YFL002W-A,0,-0.41789472,0.10187613219022751,0.9970384836196899,0.8915590047836304
YBR296C,YMR217W,0,-0.4181071,0.10186585783958435,0.9970384836196899,0.891659140586853
YPL144W,YMR026C,0,-0.4197834,0.10185558348894119,0.9970384836196899,0.8917592763900757
YBR296C,YBR299W,0,-0.4199286,0.10184531658887863,0.9970384836196899,0.8918594121932983
YIL090W,YIL113W,0,-0.42152816,0.10183504968881607,0.9970384836196899,0.891959547996521
YDL192W,YNL115C,0,-0.42160857,0.10182478278875351,0.9970384836196899,0.8920596837997437
YGR241C,YPR186C,0,-0.4231717,0.10181451588869095,0.9970384836196899,0.8921598196029663
YKL143W,YPR031W,0,-0.4232012,0.10180425643920898,0.9970384836196899,0.892259955406189
YPL271W,YDR032C,0,-0.4234113,0.10179398953914642,0.9970384836196899,0.8923600912094116
YNL308C,YPL153C,0,-0.42471117,0.10178373754024506,0.9970384836196899,0.8924602270126343
YHR027C,YER053C,0,-0.42481494,0.10177347809076309,0.9970384836196899,0.8925603032112122
YJR104C,YLR370C,0,-0.42676228,0.10176322609186172,0.9970384836196899,0.8926604390144348
YGR263C,YLR370C,0,-0.4272562,0.10175297409296036,0.9970384836196899,0.8927605748176575
YNL191W,YDR044W,0,-0.4279644,0.10174272209405899,0.9970384836196899,0.8928607106208801
YHR025W,YNR043W,0,-0.4330266,0.10173247009515762,0.9970384836196899,0.8929608464241028
YBR084W,YMR311C,0,-0.43398106,0.10172222554683685,0.9970384836196899,0.8930609822273254
YMR006C,YDR044W,0,-0.43460107,0.10171198099851608,0.9970384836196899,0.8931611180305481
YPL106C,YBR158W,0,-0.43594587,0.10170174390077591,0.9970384836196899,0.8932612538337708
YDR060W,YGR154C,0,-0.43736452,0.10169149935245514,0.9970384836196899,0.8933613896369934
YDL137W,YDL205C,0,-0.4396137,0.10168126225471497,0.9970384836196899,0.8934615254402161
YML043C,YDR120C,0,-0.4402549,0.10167102515697479,0.9970384836196899,0.893561601638794
YOR356W,YCL059C,0,-0.4425774,0.10166079550981522,0.9970384836196899,0.8936617374420166
YDR056C,YOR131C,0,-0.44738194,0.10165056586265564,0.9970384836196899,0.8937618732452393
YBR164C,YOL123W,0,-0.44828266,0.10164033621549606,0.9970384836196899,0.8938620090484619
YGL120C,YLR276C,0,-0.4504444,0.10163010656833649,0.9970384836196899,0.8939621448516846
YMR173W,YER095W,1,-0.45048612,0.10172049701213837,0.99802565574646,0.8939621448516846
YGR123C,YPL204W,0,-0.4523589,0.1017102599143982,0.99802565574646,0.8940622806549072
YGL211W,YJL101C,0,-0.4529072,0.10170003026723862,0.99802565574646,0.8941624164581299
YBR012W-A,YKR058W,0,-0.45440906,0.10168980062007904,0.99802565574646,0.8942625522613525
YGR220C,YIL126W,0,-0.45506555,0.10167957097291946,0.99802565574646,0.8943626880645752
YGL135W,YBL023C,0,-0.45578408,0.10166934877634048,0.99802565574646,0.8944628238677979
YHR181W,YNL115C,0,-0.45779437,0.1016591265797615,0.99802565574646,0.8945629596710205
YGR159C,YIR023W,0,-0.46237433,0.10164890438318253,0.99802565574646,0.8946630358695984
YDR219C,YKL028W,0,-0.46322,0.10163868218660355,0.99802565574646,0.894763171672821
YIL111W,YBR231C,0,-0.46381795,0.10162846744060516,0.99802565574646,0.8948633074760437
YGR076C,YGR014W,0,-0.46508664,0.10161825269460678,0.99802565574646,0.8949634432792664
YGL206C,YML113W,0,-0.4682371,0.1016080379486084,0.99802565574646,0.895063579082489
YGR159C,YBR012W-B,0,-0.47053143,0.10159783065319061,0.99802565574646,0.8951637148857117
YGR001C,YOR092W,0,-0.4708278,0.10158762335777283,0.99802565574646,0.8952638506889343
YMR264W,YGL168W,0,-0.47115895,0.10157741606235504,0.99802565574646,0.895363986492157
YOL127W,YGL178W,0,-0.47186685,0.10156720876693726,0.99802565574646,0.8954641222953796
YBR036C,YDL095W,0,-0.47295567,0.10155700892210007,0.99802565574646,0.8955642580986023
YDR388W,YDL110C,0,-0.47320116,0.10154680907726288,0.99802565574646,0.8956643342971802
YMR142C,YDR139C,0,-0.47390088,0.10153660923242569,0.99802565574646,0.8957644701004028
YMR080C,YDR479C,0,-0.47402096,0.1015264093875885,0.99802565574646,0.8958646059036255
YMR166C,YER061C,0,-0.4742334,0.10151621699333191,0.99802565574646,0.8959647417068481
YAL010C,YOR391C,0,-0.47554445,0.10150602459907532,0.99802565574646,0.8960648775100708
YLR120C,YLR306W,0,-0.47840518,0.10149583220481873,0.99802565574646,0.8961650133132935
YJL157C,YDR379W,0,-0.47868428,0.10148564726114273,0.99802565574646,0.8962651491165161
YLR126C,YDL130W,0,-0.48117322,0.10147546231746674,0.99802565574646,0.8963652849197388
YBL039C,YPL172C,0,-0.48281324,0.10146527737379074,0.99802565574646,0.8964654207229614
YDL204W,YDR032C,0,-0.4841859,0.10145509243011475,0.99802565574646,0.8965655565261841
YDR358W,YDL075W,0,-0.4861737,0.10144491493701935,0.99802565574646,0.8966656923294067
YIL034C,YBR122C,0,-0.48642403,0.10143473744392395,0.99802565574646,0.8967657685279846
YDR238C,YGR218W,0,-0.4864651,0.10142455995082855,0.99802565574646,0.8968659043312073
YMR088C,YLR078C,0,-0.48814505,0.10141438245773315,0.99802565574646,0.8969660401344299
YDR511W,YMR314W,0,-0.48826534,0.10140421241521835,0.99802565574646,0.8970661759376526
YMR282C,YLR467W,0,-0.48849967,0.10139404237270355,0.99802565574646,0.8971663117408752
YOR167C,YMR006C,0,-0.48870528,0.10138387233018875,0.99802565574646,0.8972664475440979
YDR251W,YHL016C,0,-0.4893452,0.10137370973825455,0.99802565574646,0.8973665833473206
YNL162W,YIL136W,0,-0.49457574,0.10136354714632034,0.99802565574646,0.8974667191505432
YFL047W,YKR058W,0,-0.4966484,0.10135338455438614,0.99802565574646,0.8975668549537659
YNL086W,YDR520C,0,-0.49696586,0.10134322196245193,0.99802565574646,0.8976669907569885
YLR201C,YHR147C,0,-0.4976035,0.10133306682109833,0.99802565574646,0.8977671265602112
YFL002W-A,YBL030C,0,-0.49781922,0.10132291167974472,0.99802565574646,0.8978672027587891
YOR063W,YMR217W,0,-0.4978713,0.10131275653839111,0.99802565574646,0.8979673385620117
YGR220C,YOR131C,0,-0.49849543,0.1013026088476181,0.99802565574646,0.8980674743652344
YBL039C,YBR231C,0,-0.49924603,0.1012924537062645,0.99802565574646,0.898167610168457
YOR288C,YNR043W,0,-0.4995234,0.10128230601549149,0.99802565574646,0.8982677459716797
YKR090W,YDR380W,0,-0.49993333,0.10127216577529907,0.99802565574646,0.8983678817749023
YJR010C-A,YML113W,0,-0.50114524,0.10126201808452606,0.99802565574646,0.898468017578125
YDR117C,YJL133W,0,-0.5026231,0.10125187784433365,0.99802565574646,0.8985681533813477
YOL105C,YML124C,0,-0.503563,0.10124173760414124,0.99802565574646,0.8986682891845703
YJR015W,YOR066W,0,-0.50546134,0.10123159736394882,0.99802565574646,0.898768424987793
YJR015W,YER164W,0,-0.50782996,0.101221464574337,0.99802565574646,0.8988685011863708
YIL074C,YPL195W,0,-0.5082411,0.10121133178472519,0.99802565574646,0.8989686369895935
YDL229W,YMR080C,0,-0.5097313,0.10120119899511337,0.99802565574646,0.8990687727928162
YBR299W,YJR059W,0,-0.5098909,0.10119107365608215,0.99802565574646,0.8991689085960388
YFL004W,YLR176C,0,-0.51025236,0.10118094831705093,0.99802565574646,0.8992690443992615
YML129C,YDL229W,0,-0.5103326,0.10117082297801971,0.99802565574646,0.8993691802024841
YDR033W,YAL043C,0,-0.51402974,0.1011606976389885,0.99802565574646,0.8994693160057068
YNL129W,YOR337W,0,-0.5166729,0.10115057229995728,0.99802565574646,0.8995694518089294
YGR008C,YDR031W,0,-0.51668143,0.10114045441150665,0.99802565574646,0.8996695876121521
YBL064C,YNL306W,0,-0.5188985,0.10113033652305603,0.99802565574646,0.8997697234153748
YLR142W,YML042W,0,-0.51933324,0.101120226085186,0.99802565574646,0.8998698592185974
YKL181W,YPL160W,0,-0.51934314,0.10111010819673538,0.99802565574646,0.8999699354171753
YMR290C,YOR080W,0,-0.5194206,0.10109999775886536,0.99802565574646,0.900070071220398
YPL226W,YCR039C,0,-0.5205268,0.10108988732099533,0.99802565574646,0.9001702070236206
YAL034W-A,YJL221C,0,-0.5206406,0.1010797843337059,0.99802565574646,0.9002703428268433
YDL136W,YDL075W,0,-0.52076817,0.10106968134641647,0.99802565574646,0.9003704786300659
YBR024W,YEL013W,0,-0.5218606,0.10105957835912704,0.99802565574646,0.9004706144332886
YMR128W,YEL058W,0,-0.52413976,0.10104947537183762,0.99802565574646,0.9005707502365112
YMR312W,YPR016C,0,-0.5254673,0.10103937983512878,0.99802565574646,0.9006708860397339
YHR147C,YKL212W,0,-0.5255048,0.10102927684783936,0.99802565574646,0.9007710218429565
YML094W,YNL217W,0,-0.5255608,0.10101918131113052,0.99802565574646,0.9008711576461792
YCR077C,YLR427W,0,-0.5276748,0.10100909322500229,0.99802565574646,0.9009712338447571
YLL013C,YCR039C,0,-0.5296035,0.10099899768829346,0.99802565574646,0.9010713696479797
YGL229C,YOL005C,0,-0.52987975,0.10098890960216522,0.99802565574646,0.9011715054512024
YDR511W,YLR127C,0,-0.5337444,0.10097882896661758,0.99802565574646,0.901271641254425
YPL271W,YMR314W,0,-0.5344341,0.10096874088048935,0.99802565574646,0.9013717770576477
YFL004W,YLR396C,0,-0.53511953,0.10095866024494171,0.99802565574646,0.9014719128608704
YOR066W,YOR221C,0,-0.5353889,0.10094857960939407,0.99802565574646,0.901572048664093
YNR050C,YLR357W,0,-0.5402557,0.10093849897384644,0.99802565574646,0.9016721844673157
YGL253W,YNL129W,0,-0.54041636,0.1009284183382988,0.99802565574646,0.9017723202705383
YGR101W,YKR097W,0,-0.54045856,0.10091834515333176,0.99802565574646,0.901872456073761
YOR124C,YHR081W,0,-0.54149103,0.10090827196836472,0.99802565574646,0.9019725918769836
YLR204W,YER036C,0,-0.54242396,0.10089820623397827,0.99802565574646,0.9020726680755615
YDR358W,YLR147C,0,-0.5430399,0.10088813304901123,0.99802565574646,0.9021728038787842
YDR418W,YOR221C,0,-0.545191,0.10087806731462479,0.99802565574646,0.9022729396820068
YML125C,YCR075C,0,-0.5454886,0.10086800158023834,0.99802565574646,0.9023730754852295
YOL031C,YDR483W,0,-0.54560417,0.1008579432964325,0.99802565574646,0.9024732112884521
YPR063C,YPL220W,0,-0.5459931,0.10084787756204605,0.99802565574646,0.9025733470916748
YLR287C-A,YGR191W,0,-0.5486243,0.1008378192782402,0.99802565574646,0.9026734828948975
YOR348C,YOR265W,0,-0.5502124,0.10082776844501495,0.99802565574646,0.9027736186981201
YIL078W,YOR270C,0,-0.5509162,0.1008177101612091,0.99802565574646,0.9028737545013428
YOR288C,YLR074C,0,-0.5511583,0.10080765932798386,0.99802565574646,0.9029738903045654
YML129C,YJL136C,0,-0.55119836,0.1007976084947586,0.99802565574646,0.9030739665031433
YDR033W,YLR038C,0,-0.5542031,0.10078755766153336,0.99802565574646,0.903174102306366
YPL106C,YDR481C,0,-0.5546193,0.1007775142788887,0.99802565574646,0.9032742381095886
YBR036C,YLR237W,0,-0.5548316,0.10076747089624405,0.99802565574646,0.9033743739128113
YBR296C,YMR012W,0,-0.5561737,0.1007574275135994,0.99802565574646,0.9034745097160339
YLR419W,YML125C,0,-0.55816805,0.10074738413095474,0.99802565574646,0.9035746455192566
YBR296C,YDL200C,0,-0.56036234,0.10073734819889069,0.99802565574646,0.9036747813224792
YDL204W,YAR018C,0,-0.5618034,0.10072731226682663,0.99802565574646,0.9037749171257019
YMR023C,YHR010W,0,-0.5672662,0.10071727633476257,0.99802565574646,0.9038750529289246
YGR286C,YBR012W-B,0,-0.5682688,0.10070724040269852,0.99802565574646,0.9039751887321472
YER140W,YLL035W,0,-0.5696404,0.10069721192121506,0.99802565574646,0.9040753245353699
YBR273C,YMR022W,0,-0.5697419,0.1006871834397316,0.99802565574646,0.9041754007339478
YGL120C,YGR124W,0,-0.5715481,0.10067715495824814,0.99802565574646,0.9042755365371704
YOR014W,YNL115C,0,-0.57340175,0.10066713392734528,0.99802565574646,0.9043756723403931
YBR001C,YDR322W,0,-0.5734143,0.10065710544586182,0.99802565574646,0.9044758081436157
YIL111W,YOL157C,0,-0.5740987,0.10064708441495895,0.99802565574646,0.9045759439468384
YPL206C,YPL123C,0,-0.5745283,0.10063707083463669,0.99802565574646,0.904676079750061
YHL024W,YIL124W,0,-0.57616735,0.10062704980373383,0.99802565574646,0.9047762155532837
YKL135C,YKL056C,0,-0.57684183,0.10061703622341156,0.99802565574646,0.9048763513565063
YGR263C,YER089C,0,-0.5787455,0.1006070226430893,0.99802565574646,0.904976487159729
YBR012W-A,YNL185C,0,-0.5802398,0.10059701651334763,0.99802565574646,0.9050766229629517
YPL101W,YIL124W,0,-0.58041644,0.10058700293302536,0.99802565574646,0.9051767587661743
YNR001C,YMR109W,0,-0.5841056,0.10057699680328369,0.99802565574646,0.9052768349647522
YML042W,YPL159C,0,-0.58483446,0.10056699812412262,0.99802565574646,0.9053769707679749
YCR053W,YKL021C,0,-0.58597195,0.10055699199438095,0.99802565574646,0.9054771065711975
YDR117C,YPL149W,0,-0.5865165,0.10054699331521988,0.99802565574646,0.9055772423744202
YPL174C,YDR486C,0,-0.58704007,0.10053699463605881,0.99802565574646,0.9056773781776428
YNL119W,YBR241C,0,-0.58858585,0.10052699595689774,0.99802565574646,0.9057775139808655
YDL143W,YOR092W,0,-0.5887977,0.10051700472831726,0.99802565574646,0.9058776497840881
YCR077C,YMR312W,0,-0.589244,0.10050700604915619,0.99802565574646,0.9059777855873108
YLR214W,YKL218C,0,-0.5894729,0.10049701482057571,0.99802565574646,0.9060779213905334
YHR147C,YGR234W,0,-0.5919951,0.10048703104257584,0.99802565574646,0.9061780571937561
YDR011W,YDR297W,0,-0.5932288,0.10047703981399536,0.99802565574646,0.906278133392334
YDR056C,YOR217W,0,-0.6003089,0.10046705603599548,0.99802565574646,0.9063782691955566
YIL034C,YPR108W,0,-0.6006399,0.1004570722579956,0.99802565574646,0.9064784049987793
YCL059C,YGR241C,0,-0.6023028,0.10044709593057632,0.99802565574646,0.906578540802002
YBR001C,YBR048W,0,-0.60358816,0.10043711215257645,0.99802565574646,0.9066786766052246
YJR104C,YOL071W,0,-0.6036662,0.10042713582515717,0.99802565574646,0.9067788124084473
YER082C,YKL181W,0,-0.603971,0.10041716694831848,0.99802565574646,0.9068789482116699
YML085C,YJL190C,0,-0.60459846,0.1004071906208992,0.99802565574646,0.9069790840148926
YOL100W,YER082C,0,-0.60526264,0.10039722174406052,0.99802565574646,0.9070792198181152
YML125C,YER091C,0,-0.60594696,0.10038725286722183,0.99802565574646,0.9071793556213379
YNL046W,YLR371W,0,-0.6100955,0.10037728399038315,0.99802565574646,0.9072794914245605
YJR015W,YBR283C,0,-0.61060244,0.10036731511354446,0.99802565574646,0.9073795676231384
YBL024W,YMR152W,0,-0.6106733,0.10035735368728638,0.99802565574646,0.9074797034263611
YAL053W,YGR116W,0,-0.6131291,0.10034739226102829,0.99802565574646,0.9075798392295837
YOL092W,YOR075W,0,-0.61340857,0.1003374382853508,0.99802565574646,0.9076799750328064
YJL198W,YJL136C,0,-0.61358654,0.10032747685909271,0.99802565574646,0.907780110836029
YDL229W,YML034W,0,-0.6155112,0.10031752288341522,0.99802565574646,0.9078802466392517
YJR094W-A,YPL085W,0,-0.6165208,0.10030756890773773,0.99802565574646,0.9079803824424744
YDL146W,YOL123W,0,-0.61654645,0.10029762238264084,0.99802565574646,0.908080518245697
YCR009C,YEL013W,0,-0.61735666,0.10028766840696335,0.99802565574646,0.9081806540489197
YOR224C,YBR164C,0,-0.6201115,0.10027772188186646,0.99802565574646,0.9082807898521423
YNL308C,YPL028W,0,-0.62049234,0.10026777535676956,0.99802565574646,0.9083808660507202
YDR503C,YKL024C,0,-0.62207794,0.10025783628225327,0.99802565574646,0.9084810018539429
YML009C,YDL082W,0,-0.6233436,0.10024788975715637,0.99802565574646,0.9085811376571655
YLR419W,YPL160W,0,-0.62364244,0.10023795068264008,0.99802565574646,0.9086812734603882
YDR036C,YGL040C,0,-0.6255922,0.10022801905870438,0.99802565574646,0.9087814092636108
YHR171W,YGR295C,0,-0.626678,0.10021807998418808,0.99802565574646,0.9088815450668335
YER120W,YOR242C,0,-0.62819874,0.10020814836025238,0.99802565574646,0.9089816808700562
YKL024C,YOL056W,0,-0.6283192,0.10019821673631668,0.99802565574646,0.9090818166732788
YMR184W,YLR078C,0,-0.62852675,0.10018828511238098,0.99802565574646,0.9091819524765015
YHR116W,YKL212W,0,-0.62869906,0.10017836093902588,0.99802565574646,0.9092820882797241
YPL220W,YLR079W,0,-0.6322416,0.10016843676567078,0.99802565574646,0.9093822240829468
YDR358W,YNL301C,0,-0.6336194,0.10015851259231567,0.99802565574646,0.9094823002815247
YOR116C,YNL308C,0,-0.63449717,0.10014858841896057,0.99802565574646,0.9095824360847473
YDR536W,YNR007C,0,-0.6361077,0.10013867169618607,0.99802565574646,0.90968257188797
YIL034C,YBR012W-B,0,-0.63789535,0.10012874752283096,0.99802565574646,0.9097827076911926
YDL120W,YMR290C,0,-0.6396418,0.10011883825063705,0.99802565574646,0.9098828434944153
YLR126C,YIR037W,0,-0.6400725,0.10010892152786255,0.99802565574646,0.9099829792976379
YOR175C,YOL156W,0,-0.6405208,0.10009901225566864,0.99802565574646,0.9100831151008606
YGR241C,YKL010C,0,-0.64182794,0.10008910298347473,0.99802565574646,0.9101832509040833
YDR047W,YBR185C,0,-0.6430541,0.10007919371128082,0.99802565574646,0.9102833867073059
YPL144W,YPR102C,0,-0.64416546,0.10006928443908691,0.99802565574646,0.9103835225105286
YBR048W,YOL005C,0,-0.6476991,0.1000593826174736,0.99802565574646,0.9104836583137512
YDR481C,YHR067W,0,-0.6493404,0.10004948079586029,0.99802565574646,0.9105837345123291
YIL074C,YLR154C,0,-0.65072167,0.10003957897424698,0.99802565574646,0.9106838703155518
YMR264W,YBL069W,0,-0.6513878,0.10002968460321426,0.99802565574646,0.9107840061187744
YDR283C,YHL004W,0,-0.6531265,0.10001978278160095,0.99802565574646,0.9108841419219971
YDL146W,YDL112W,0,-0.65346557,0.10000989586114883,0.99802565574646,0.9109842777252197
YDR065W,YML037C,0,-0.6540132,0.10000000149011612,0.99802565574646,0.9110844135284424
YJR029W,YCR094W,0,-0.65665215,0.0999901071190834,0.99802565574646,0.911184549331665
YBR097W,YPL048W,0,-0.6578584,0.09998022019863129,0.99802565574646,0.9112846851348877
YKR062W,YGR027W-B,0,-0.66025436,0.09997033327817917,0.99802565574646,0.9113848209381104
YDR231C,YHR011W,0,-0.6618564,0.09996045380830765,0.99802565574646,0.911484956741333
YGL223C,YLR414C,0,-0.66186017,0.09995056688785553,0.99802565574646,0.9115850329399109
YMR086W,YPL186C,0,-0.6627197,0.09994068741798401,0.99802565574646,0.9116851687431335
YLR364W,YGL123W,0,-0.6642261,0.09993080794811249,0.99802565574646,0.9117853045463562
YMR022W,YOR326W,0,-0.66514087,0.09992093592882156,0.99802565574646,0.9118854403495789
YNL310C,YPL186C,0,-0.6671387,0.09991105645895004,0.99802565574646,0.9119855761528015
YKL004W,YIL136W,0,-0.6672319,0.09990118443965912,0.99802565574646,0.9120857119560242
YGR191W,YCR037C,0,-0.6695316,0.0998913124203682,0.99802565574646,0.9121858477592468
YBL039C,YLR121C,0,-0.6716813,0.09988144785165787,0.99802565574646,0.9122859835624695
YML125C,YFR006W,0,-0.6731807,0.09987158328294754,0.99802565574646,0.9123861193656921
YLR414C,YPL031C,0,-0.67390394,0.09986171126365662,0.99802565574646,0.9124862551689148
YMR080C,YDR299W,0,-0.67514074,0.09985185414552689,0.99802565574646,0.9125863909721375
YJR139C,YLR276C,0,-0.67519355,0.09984198957681656,0.99802565574646,0.9126864671707153
YML091C,YBL055C,0,-0.6761381,0.09983213245868683,0.99802565574646,0.912786602973938
YPL059W,YKR050W,0,-0.68023705,0.0998222753405571,0.99802565574646,0.9128867387771606
YER131W,YKR097W,0,-0.6816374,0.09981241822242737,0.99802565574646,0.9129868745803833
YHR171W,YPL159C,0,-0.6841302,0.09980256855487823,0.99802565574646,0.913087010383606
YHR017W,YKL195W,0,-0.6852097,0.0997927188873291,0.99802565574646,0.9131871461868286
YPL157W,YGR188C,0,-0.68628705,0.09978286921977997,0.99802565574646,0.9132872819900513
YJL219W,YBR012W-A,0,-0.6895322,0.09977301955223083,0.99802565574646,0.9133874177932739
YER091C,YJR076C,0,-0.6897924,0.0997631698846817,0.99802565574646,0.9134875535964966
YPL271W,YOR374W,0,-0.6942625,0.09975332766771317,0.99802565574646,0.9135876893997192
YBL057C,YCL031C,0,-0.6942956,0.09974348545074463,0.99802565574646,0.9136877655982971
YFL047W,YBL088C,0,-0.698613,0.09973365068435669,0.99802565574646,0.9137879014015198
YLR221C,YGR054W,0,-0.6989914,0.09972380846738815,0.99802565574646,0.9138880372047424
YGL039W,YJL101C,0,-0.700588,0.09971397370100021,0.99802565574646,0.9139881730079651
YML104C,YOR346W,0,-0.70317715,0.09970413893461227,0.99802565574646,0.9140883088111877
YJL165C,YNL012W,0,-0.70417553,0.09969431161880493,0.99802565574646,0.9141884446144104
YBR012W-B,YGR014W,0,-0.707232,0.09968447685241699,0.99802565574646,0.9142885804176331
YER095W,YNL248C,0,-0.711313,0.09967464953660965,0.99802565574646,0.9143887162208557
YLL001W,YHL016C,0,-0.7130667,0.0996648296713829,0.99802565574646,0.9144888520240784
YPL226W,YDR520C,0,-0.71348816,0.09965500235557556,0.99802565574646,0.914588987827301
YOL139C,YLR430W,0,-0.7137631,0.09964518249034882,0.99802565574646,0.9146891236305237
YEL054C,YPL089C,0,-0.7143161,0.09963536262512207,0.99802565574646,0.9147891998291016
YBR185C,YBL082C,0,-0.717151,0.09962554275989532,0.99802565574646,0.9148893356323242
YER068W,YOR063W,0,-0.7183564,0.09961572289466858,0.99802565574646,0.9149894714355469
YML094W,YHR181W,0,-0.7191742,0.09960591048002243,0.99802565574646,0.9150896072387695
YMR297W,YBL088C,0,-0.71974593,0.09959609806537628,0.99802565574646,0.9151897430419922
YLR343W,YBL082C,0,-0.7204172,0.09958628565073013,0.99802565574646,0.9152898788452148
YPR063C,YJL148W,0,-0.7229135,0.09957648068666458,0.99802565574646,0.9153900146484375
YPL106C,YJR121W,0,-0.7229473,0.09956667572259903,0.99802565574646,0.9154901504516602
YGR026W,YGR200C,0,-0.72824645,0.09955687075853348,0.99802565574646,0.9155902862548828
YNL280C,YPR036W,0,-0.72962046,0.09954706579446793,0.99802565574646,0.9156904220581055
YER140W,YJR097W,0,-0.7302667,0.09953726828098297,0.99802565574646,0.9157904982566833
YJL198W,YJL109C,0,-0.7309174,0.09952746331691742,0.99802565574646,0.915890634059906
YGR054W,YBR122C,0,-0.7329666,0.09951766580343246,0.99802565574646,0.9159907698631287
YJR075W,YGR037C,0,-0.7346368,0.0995078757405281,0.99802565574646,0.9160909056663513
YGR076C,YOR150W,0,-0.73538804,0.09949807822704315,0.99802565574646,0.916191041469574
YNL159C,YDR055W,0,-0.73644483,0.0994882881641388,0.99802565574646,0.9162911772727966
YHR010W,YMR012W,0,-0.7369034,0.09947849810123444,0.99802565574646,0.9163913130760193
YMR292W,YER053C,0,-0.7377707,0.09946871548891068,0.99802565574646,0.9164914488792419
YGL205W,YOR150W,0,-0.7383849,0.09945892542600632,0.99802565574646,0.9165915846824646
YDR033W,YDR242W,0,-0.74300134,0.09944914281368256,0.99802565574646,0.9166917204856873
YDR077W,YGL106W,0,-0.7430527,0.0994393602013588,0.99802565574646,0.9167918562889099
YFL036W,YNL322C,0,-0.7465725,0.09942958503961563,0.99802565574646,0.9168919324874878
YGL039W,YKL056C,0,-0.7478022,0.09941980242729187,0.99802565574646,0.9169920682907104
YDR219C,YAL023C,0,-0.74881524,0.0994100272655487,0.99802565574646,0.9170922040939331
YIL160C,YLR327C,0,-0.74916303,0.09940025210380554,0.99802565574646,0.9171923398971558
YDR418W,YBL022C,0,-0.74985504,0.09939048439264297,0.99802565574646,0.9172924757003784
YDL120W,YDR074W,0,-0.75401074,0.09938071668148041,0.99802565574646,0.9173926115036011
YNL293W,YMR208W,0,-0.75497615,0.09937094897031784,0.99802565574646,0.9174927473068237
YMR051C,YER030W,0,-0.75521684,0.09936118125915527,0.99802565574646,0.9175928831100464
YJR145C,YAL013W,0,-0.75552845,0.0993514135479927,0.99802565574646,0.917693018913269
YBR296C,YLR265C,0,-0.75592387,0.09934165328741074,0.99802565574646,0.9177931547164917
YMR086W,YBR142W,0,-0.7568394,0.09933189302682877,0.99802565574646,0.9178932905197144
YOL105C,YLR381W,0,-0.7577939,0.0993221327662468,0.99802565574646,0.9179933667182922
YNL210W,YNR020C,0,-0.7602397,0.09931237995624542,0.99802565574646,0.9180935025215149
YMR128W,YKL109W,0,-0.76130915,0.09930261969566345,0.99802565574646,0.9181936383247375
YBR048W,YOR332W,0,-0.7616008,0.09929286688566208,0.99802565574646,0.9182937741279602
YFL047W,YOR067C,0,-0.76329476,0.0992831215262413,0.99802565574646,0.9183939099311829
YJR104C,YCR004C,0,-0.7644118,0.09927336871623993,0.99802565574646,0.9184940457344055
YOR036W,YDR096W,0,-0.76494354,0.09926362335681915,0.99802565574646,0.9185941815376282
YER120W,YPL103C,0,-0.767571,0.09925387799739838,0.99802565574646,0.9186943173408508
YJL108C,YOR075W,0,-0.7676066,0.0992441326379776,0.99802565574646,0.9187944531440735
YPR184W,YPL186C,0,-0.7697365,0.09923439472913742,0.99802565574646,0.9188945889472961
YGR263C,YPL226W,0,-0.7753156,0.09922465682029724,0.99802565574646,0.918994665145874
YER087C-A,YNL210W,0,-0.77719456,0.09921491891145706,0.99802565574646,0.9190948009490967
YKR090W,YLR385C,0,-0.7775296,0.09920518100261688,0.99802565574646,0.9191949367523193
YML040W,YDR052C,0,-0.7777393,0.0991954505443573,0.99802565574646,0.919295072555542
YFL004W,YDL130W,0,-0.7810006,0.09918571263551712,0.99802565574646,0.9193952083587646
YDR322W,YDL095W,0,-0.7811928,0.09917598217725754,0.99802565574646,0.9194953441619873
YHL047C,YOL140W,0,-0.78392357,0.09916625916957855,0.99802565574646,0.91959547996521
YPL154C,YFL037W,0,-0.787994,0.09915652871131897,0.99802565574646,0.9196956157684326
YKR014C,YJL164C,0,-0.78878856,0.09914680570363998,0.99802565574646,0.9197957515716553
YBR048W,YCL059C,0,-0.7893154,0.099137082695961,0.99802565574646,0.9198958873748779
YFR006W,YER012W,0,-0.78966373,0.09912736713886261,0.99802565574646,0.9199960231781006
YBR055C,YMR045C,0,-0.7908745,0.09911764413118362,0.99802565574646,0.9200960993766785
YGR086C,YML063W,0,-0.7913138,0.09910792857408524,0.99802565574646,0.9201962351799011
YJR076C,YFR007W,0,-0.7913946,0.09909821301698685,0.99802565574646,0.9202963709831238
YNL306W,YNL248C,0,-0.7923776,0.09908850491046906,0.99802565574646,0.9203965067863464
YAR010C,YIL126W,0,-0.793977,0.09907878935337067,0.99802565574646,0.9204966425895691
YML085C,YCL031C,0,-0.7966677,0.09906908124685287,0.99802565574646,0.9205967783927917
YMR257C,YOR374W,0,-0.7997707,0.09905937314033508,0.99802565574646,0.9206969141960144
YBR087W,YMR051C,0,-0.80188227,0.09904967248439789,0.99802565574646,0.9207970499992371
YLR106C,YOL092W,0,-0.80191535,0.0990399718284607,0.99802565574646,0.9208971858024597
YGR124W,YOR075W,0,-0.8027457,0.0990302637219429,0.99802565574646,0.9209973216056824
YLR201C,YDL099W,0,-0.8033038,0.0990205705165863,0.99802565574646,0.9210973978042603
YER036C,YLR265C,0,-0.8033348,0.09901086986064911,0.99802565574646,0.9211975336074829
YOL105C,YGR063C,0,-0.80336857,0.09900117665529251,0.99802565574646,0.9212976694107056
YGR292W,YNR061C,0,-0.80339456,0.09899148344993591,0.99802565574646,0.9213978052139282
YLR370C,YBL082C,0,-0.80577075,0.09898179024457932,0.99802565574646,0.9214979410171509
YGL173C,YKL109W,0,-0.80604064,0.09897209703922272,0.99802565574646,0.9215980768203735
YBR286W,YGL084C,0,-0.806488,0.09896241128444672,0.99802565574646,0.9216982126235962
YMR122W-A,YER053C,0,-0.8065357,0.09895272552967072,0.99802565574646,0.9217983484268188
YKR090W,YOR356W,0,-0.8080355,0.09894303977489471,0.99802565574646,0.9218984842300415
YGL232W,YMR051C,0,-0.81078005,0.09893336147069931,0.99802565574646,0.9219986200332642
YMR235C,YGR086C,0,-0.81173337,0.09892367571592331,0.99802565574646,0.9220987558364868
YKL154W,YER044C,0,-0.8123572,0.0989139974117279,0.99802565574646,0.9221988320350647
YJR010C-A,YKL179C,0,-0.81626475,0.0989043265581131,0.99802565574646,0.9222989678382874
YMR171C,YHR052W,0,-0.8168006,0.0988946482539177,0.99802565574646,0.92239910364151
YGL213C,YJR059W,0,-0.8177217,0.09888497740030289,0.99802565574646,0.9224992394447327
YLR419W,YOR092W,0,-0.8190068,0.09887530654668808,0.99802565574646,0.9225993752479553
YDR238C,YBR164C,0,-0.82011753,0.09886563569307327,0.99802565574646,0.922699511051178
YMR235C,YCR047C,0,-0.8207637,0.09885597229003906,0.99802565574646,0.9227996468544006
YIL125W,YIR023W,0,-0.8221606,0.09884630143642426,0.99802565574646,0.9228997826576233
YBL075C,YDR447C,0,-0.8233914,0.09883663803339005,0.99802565574646,0.922999918460846
YOR043W,YML115C,0,-0.82670283,0.09882698208093643,0.99802565574646,0.9231000542640686
YDR060W,YPL214C,0,-0.8283178,0.09881731867790222,0.99802565574646,0.9232001304626465
YLL011W,YER110C,0,-0.8342999,0.09880766272544861,0.99802565574646,0.9233002662658691
YLR192C,YDR283C,0,-0.838601,0.098798006772995,0.99802565574646,0.9234004020690918
YPL074W,YJL025W,0,-0.8397753,0.09878835082054138,0.99802565574646,0.9235005378723145
YGR162W,YMR045C,0,-0.8412578,0.09877870231866837,0.99802565574646,0.9236006736755371
YGL147C,YDR169C,0,-0.8449077,0.09876905381679535,0.99802565574646,0.9237008094787598
YER070W,YKL028W,0,-0.845389,0.09875940531492233,0.99802565574646,0.9238009452819824
YLR283W,YFL037W,0,-0.8454288,0.09874975681304932,0.99802565574646,0.9239010810852051
YOR047C,YPL186C,0,-0.84598786,0.0987401083111763,0.99802565574646,0.9240012168884277
YIL093C,YPL159C,0,-0.84638864,0.09873046725988388,0.99802565574646,0.9241013526916504
YKL143W,YGR220C,0,-0.8464323,0.09872082620859146,0.99802565574646,0.924201488494873
YER044C,YMR184W,0,-0.84936035,0.09871119260787964,0.99802565574646,0.9243015646934509
YMR256C,YBR299W,0,-0.8515446,0.09870155155658722,0.99802565574646,0.9244017004966736
YBR283C,YFR006W,0,-0.8530944,0.0986919179558754,0.99802565574646,0.9245018362998962
YER020W,YDR330W,0,-0.8535692,0.09868228435516357,0.99802565574646,0.9246019721031189
YLR097C,YDR251W,0,-0.85365754,0.09867265075445175,0.99802565574646,0.9247021079063416
YBR050C,YPR021C,0,-0.85616356,0.09866302460432053,0.99802565574646,0.9248022437095642
YGL003C,YJR076C,0,-0.85783905,0.0986533984541893,0.99802565574646,0.9249023795127869
YKR090W,YEL013W,0,-0.86377656,0.09864377230405807,0.99802565574646,0.9250025153160095
YPL074W,YGR191W,0,-0.86530435,0.09863414615392685,0.99802565574646,0.9251026511192322
YBR296C,YEL017C-A,0,-0.8681729,0.09862452745437622,0.99802565574646,0.9252027869224548
YMR257C,YGR063C,0,-0.8699439,0.098614901304245,0.99802565574646,0.9253029227256775
YLR120C,YIL124W,0,-0.8701443,0.09860528260469437,0.99802565574646,0.9254029989242554
YBR012W-A,YKL034W,0,-0.8759836,0.09859567135572433,0.99802565574646,0.925503134727478
YGL119W,YDL110C,0,-0.8774049,0.0985860526561737,0.99802565574646,0.9256032705307007
YDR299W,YDR478W,0,-0.8782666,0.09857644140720367,0.99802565574646,0.9257034063339233
YDR197W,YGR279C,0,-0.87870765,0.09856683015823364,0.99802565574646,0.925803542137146
YJL221C,YDR261W-B,0,-0.8788474,0.09855722635984421,0.99802565574646,0.9259036779403687
YBR036C,YHL008C,0,-0.8808144,0.09854761511087418,0.99802565574646,0.9260038137435913
YFL004W,YPR118W,0,-0.8836771,0.09853801131248474,0.99802565574646,0.926103949546814
YBL106C,YPL111W,0,-0.8849922,0.0985284075140953,0.99802565574646,0.9262040853500366
YPL271W,YDL017W,0,-0.885893,0.09851880371570587,0.99802565574646,0.9263042211532593
YMR188C,YGL253W,0,-0.8878379,0.09850920736789703,0.99802565574646,0.9264042973518372
YDR251W,YDL110C,0,-0.88797456,0.0984996110200882,0.99802565574646,0.9265044331550598
YGR062C,YLR441C,0,-0.88887656,0.09849001467227936,0.99802565574646,0.9266045689582825
YIL074C,YLR221C,0,-0.8895265,0.09848041832447052,0.99802565574646,0.9267047047615051
YMR290C,YDR231C,0,-0.8899539,0.09847082942724228,0.99802565574646,0.9268048405647278
YER114C,YJR033C,0,-0.890348,0.09846124053001404,0.99802565574646,0.9269049763679504
YJR029W,YDR362C,0,-0.8909408,0.0984516516327858,0.99802565574646,0.9270051121711731
YDR270W,YKL164C,0,-0.89203495,0.09844206273555756,0.99802565574646,0.9271052479743958
YMR142C,YOR257W,0,-0.8979694,0.09843248128890991,0.99802565574646,0.9272053837776184
YML115C,YDR169C,0,-0.89899147,0.09842289984226227,0.99802565574646,0.9273055195808411
YDR322W,YEL021W,0,-0.89996386,0.09841331839561462,0.99802565574646,0.9274056553840637
YNR007C,YHR070W,0,-0.90428036,0.09840373694896698,0.99802565574646,0.9275057315826416
YER025W,YGL229C,0,-0.90670514,0.09839416295289993,0.99802565574646,0.9276058673858643
YER099C,YAL035W,0,-0.9093195,0.09838458895683289,0.99802565574646,0.9277060031890869
YMR292W,YMR208W,0,-0.9111678,0.09837501496076584,0.99802565574646,0.9278061389923096
YPL154C,YOL002C,0,-0.9122355,0.09836544096469879,0.99802565574646,0.9279062747955322
YKL021C,YLR430W,0,-0.91232526,0.09835587441921234,0.99802565574646,0.9280064105987549
YHR052W,YOL077C,0,-0.91316074,0.0983463004231453,0.99802565574646,0.9281065464019775
YJR058C,YPL204W,0,-0.9148924,0.09833674132823944,0.99802565574646,0.9282066822052002
YJR094W-A,YGR154C,0,-0.91495943,0.09832717478275299,0.99802565574646,0.9283068180084229
YAL053W,YMR285C,0,-0.91548276,0.09831760823726654,0.99802565574646,0.9284069538116455
YER044C,YIR023W,0,-0.91580737,0.09830804914236069,0.99802565574646,0.9285070300102234
YDR012W,YER131W,0,-0.91664946,0.09829849004745483,0.99802565574646,0.928607165813446
YMR166C,YPL031C,0,-0.9173627,0.09828893840312958,0.99802565574646,0.9287073016166687
YDL033C,YGR220C,0,-0.918034,0.09827937930822372,0.99802565574646,0.9288074374198914
YCR072C,YOR120W,0,-0.91916543,0.09826982766389847,0.99802565574646,0.928907573223114
YBR001C,YIL111W,0,-0.9201859,0.09826027601957321,0.99802565574646,0.9290077090263367
YBR012W-B,YKL017C,0,-0.92281854,0.09825073182582855,0.99802565574646,0.9291078448295593
YML116W,YML074C,0,-0.9251363,0.0982411801815033,0.99802565574646,0.929207980632782
YDL095W,YOR246C,0,-0.92630327,0.09823163598775864,0.99802565574646,0.9293081164360046
YAL058W,YGL084C,0,-0.929463,0.09822209179401398,0.99802565574646,0.9294082522392273
YDR536W,YNL217W,0,-0.9322456,0.09821254760026932,0.99802565574646,0.92950838804245
YDR424C,YKL135C,0,-0.9333436,0.09820301085710526,0.99802565574646,0.9296084642410278
YDL033C,YKL179C,0,-0.9333964,0.09819347411394119,0.99802565574646,0.9297086000442505
YHR161C,YNL213C,0,-0.9348346,0.09818393737077713,0.99802565574646,0.9298087358474731
YDR358W,YHR081W,0,-0.93537426,0.09817440062761307,0.99802565574646,0.9299088716506958
YDL137W,YGR124W,0,-0.9377655,0.0981648713350296,0.99802565574646,0.9300090074539185
YDL231C,YFL002W-A,0,-0.9408114,0.09815534204244614,0.99802565574646,0.9301091432571411
YGR194C,YDR116C,0,-0.94624627,0.09814581274986267,0.99802565574646,0.9302092790603638
YBL078C,YMR316W,0,-0.9508918,0.0981362834572792,0.99802565574646,0.9303094148635864
YJR015W,YLR109W,0,-0.95391583,0.09812676161527634,0.99802565574646,0.9304095506668091
YER086W,YCR075C,0,-0.9541134,0.09811723232269287,0.99802565574646,0.9305096864700317
YGL253W,YPL103C,0,-0.96075964,0.0981077179312706,0.99802565574646,0.9306098222732544
YDL204W,YMR022W,0,-0.9609921,0.09809819608926773,0.99802565574646,0.9307098984718323
YGR159C,YPR042C,0,-0.962536,0.09808867424726486,0.99802565574646,0.9308100342750549
YDL192W,YCL031C,0,-0.96316445,0.09807915985584259,0.99802565574646,0.9309101700782776
YHR140W,YBR297W,0,-0.9633489,0.09806964546442032,0.99802565574646,0.9310103058815002
YLR192C,YOR075W,0,-0.96556884,0.09806013852357864,0.99802565574646,0.9311104416847229
YAL041W,YMR256C,0,-0.9665271,0.09805062413215637,0.99802565574646,0.9312105774879456
YJL046W,YNR043W,0,-0.966627,0.0980411171913147,0.99802565574646,0.9313107132911682
YDR297W,YOR127W,0,-0.9680497,0.09803161025047302,0.99802565574646,0.9314108490943909
YLL013C,YGL161C,0,-0.9691155,0.09802210330963135,0.99802565574646,0.9315109848976135
YMR188C,YNL119W,0,-0.97174126,0.09801260381937027,0.99802565574646,0.9316111207008362
YIL039W,YPL068C,0,-0.97345245,0.09800310432910919,0.99802565574646,0.9317111968994141
YGL119W,YDR120C,0,-0.9736666,0.09799360483884811,0.99802565574646,0.9318113327026367
YGL147C,YMR303C,0,-0.9774211,0.09798410534858704,0.99802565574646,0.9319114685058594
YNL166C,YDR231C,0,-0.9776827,0.09797461330890656,0.99802565574646,0.932011604309082
YML043C,YJR135C,0,-0.9794233,0.09796511381864548,0.99802565574646,0.9321117401123047
YBR048W,YDR418W,0,-0.98112935,0.097955621778965,0.99802565574646,0.9322118759155273
YHR161C,YDR443C,0,-0.98244774,0.09794613718986511,0.99802565574646,0.93231201171875
YER056C-A,YER110C,0,-0.9847413,0.09793664515018463,0.99802565574646,0.9324121475219727
YBR267W,YLR188W,0,-0.98481846,0.09792716056108475,0.99802565574646,0.9325122833251953
YGR241C,YJR033C,0,-0.9865252,0.09791767597198486,0.99802565574646,0.932612419128418
YLL011W,YER089C,0,-0.9873075,0.09790819138288498,0.99802565574646,0.9327125549316406
YDR036C,YDR261W-B,0,-0.9884101,0.09789871424436569,0.99802565574646,0.9328126311302185
YIL034C,YLL022C,0,-0.9902844,0.09788922965526581,0.99802565574646,0.9329127669334412
YJL153C,YDR288W,0,-0.9907789,0.09787975251674652,0.99802565574646,0.9330129027366638
YNL322C,YKL116C,0,-0.99167526,0.09787028282880783,0.99802565574646,0.9331130385398865
YGR234W,YNL310C,0,-0.9919578,0.09786080569028854,0.99802565574646,0.9332131743431091
YJL198W,YPL092W,0,-0.9928826,0.09785133600234985,0.99802565574646,0.9333133101463318
YNL166C,YAR010C,0,-0.99424344,0.09784186631441116,0.99802565574646,0.9334134459495544
YMR281W,YDR120C,0,-0.9958251,0.09783239662647247,0.99802565574646,0.9335135817527771
YGR223C,YOL019W,0,-0.99605864,0.09782293438911438,0.99802565574646,0.9336137175559998
YCR053W,YDR158W,0,-0.9963737,0.09781346470117569,0.99802565574646,0.9337138533592224
YOL105C,YPL177C,0,-0.99665666,0.0978040024638176,0.99802565574646,0.9338139295578003
YDL120W,YDR330W,0,-0.99987924,0.0977945476770401,0.99802565574646,0.933914065361023
YMR281W,YGR062C,0,-1.0006272,0.097785085439682,0.99802565574646,0.9340142011642456
YOL031C,YEL054C,0,-1.0017087,0.09777563065290451,0.99802565574646,0.9341143369674683
YHR161C,YCL031C,0,-1.0035629,0.09776617586612701,0.99802565574646,0.9342144727706909
YDL204W,YLR120C,0,-1.0041925,0.09775672107934952,0.99802565574646,0.9343146085739136
YNL166C,YJL025W,0,-1.0053874,0.09774726629257202,0.99802565574646,0.9344147443771362
YMR166C,YKR097W,0,-1.008971,0.09773781895637512,0.99802565574646,0.9345148801803589
YBR283C,YDL008W,0,-1.0095309,0.09772837162017822,0.99802565574646,0.9346150159835815
YMR128W,YGR001C,0,-1.0162759,0.09771892428398132,0.99802565574646,0.9347151517868042
YGR241C,YOL002C,0,-1.0172983,0.09770948439836502,0.99802565574646,0.9348152875900269
YJL080C,YJL189W,0,-1.0176458,0.09770003706216812,0.99802565574646,0.9349153637886047
YGL205W,YPL214C,0,-1.0179465,0.09769059717655182,0.99802565574646,0.9350154995918274
YAL021C,YLR147C,0,-1.0179914,0.09768115729093552,0.99802565574646,0.93511563539505
YNR050C,YHR167W,0,-1.0186524,0.09767172485589981,0.99802565574646,0.9352157711982727
YDR248C,YLR448W,0,-1.0208536,0.09766228497028351,0.99802565574646,0.9353159070014954
YDL137W,YDR511W,0,-1.0278245,0.0976528525352478,0.99802565574646,0.935416042804718
YDR524C,YER044C,0,-1.0294666,0.0976434201002121,0.99802565574646,0.9355161786079407
YGR286C,YER051W,0,-1.0296942,0.09763399511575699,0.99802565574646,0.9356163144111633
YDR326C,YBL082C,0,-1.0364951,0.09762456268072128,0.99802565574646,0.935716450214386
YNL308C,YDR529C,0,-1.0371155,0.09761513769626617,0.99802565574646,0.9358165860176086
YOR288C,YNL268W,0,-1.0387489,0.09760571271181107,0.99802565574646,0.9359166622161865
YGL161C,YOL072W,0,-1.0425986,0.09759629517793655,0.99802565574646,0.9360167980194092
YOR257W,YDR158W,0,-1.0506551,0.09758687019348145,0.99802565574646,0.9361169338226318
YNL191W,YJR045C,0,-1.0510645,0.09757745265960693,0.99802565574646,0.9362170696258545
YML040W,YOR270C,0,-1.0513755,0.09756803512573242,0.99802565574646,0.9363172054290771
YGL229C,YBR214W,0,-1.057476,0.09755862504243851,0.99802565574646,0.9364173412322998
YNL322C,YPL048W,0,-1.0589938,0.097549207508564,0.99802565574646,0.9365174770355225
YNL166C,YLR448W,0,-1.0604265,0.09753979742527008,0.99802565574646,0.9366176128387451
YMR264W,YCL075W,0,-1.0604948,0.09753038734197617,0.99802565574646,0.9367177486419678
YMR188C,YML074C,0,-1.0622098,0.09752097725868225,0.99802565574646,0.9368178844451904
YCL047C,YMR303C,0,-1.0637183,0.09751157462596893,0.99802565574646,0.9369180202484131
YHR023W,YBR012W-B,0,-1.0661457,0.09750217199325562,0.99802565574646,0.937018096446991
YFL004W,YGR154C,0,-1.0683917,0.0974927693605423,0.99802565574646,0.9371182322502136
YKL195W,YOR233W,0,-1.0699098,0.09748336672782898,0.99802565574646,0.9372183680534363
YNL293W,YOL031C,0,-1.0700442,0.09747397154569626,0.99802565574646,0.9373185038566589
YJR065C,YGR123C,0,-1.0710369,0.09746456891298294,0.99802565574646,0.9374186396598816
YCR009C,YHR207C,0,-1.0717906,0.09745517373085022,0.99802565574646,0.9375187754631042
YDL006W,YAR010C,0,-1.0729291,0.0974457859992981,0.99802565574646,0.9376189112663269
YDR219C,YOL072W,0,-1.0749528,0.09743639081716537,0.99802565574646,0.9377190470695496
YOL064C,YMR045C,0,-1.0751687,0.09742700308561325,0.99802565574646,0.9378191828727722
YBL064C,YCR004C,0,-1.0757542,0.09741761535406113,0.99802565574646,0.9379193186759949
YDR479C,YDR060W,0,-1.0766059,0.097408227622509,0.99802565574646,0.9380194544792175
YOL139C,YDL184C,0,-1.0779059,0.09739884734153748,0.99802565574646,0.9381195306777954
YBR297W,YPL186C,0,-1.0796865,0.09738945960998535,0.99802565574646,0.9382196664810181
YJR029W,YOL157C,0,-1.0808793,0.09738007932901382,0.99802565574646,0.9383198022842407
YNL185C,YKL181W,0,-1.0813771,0.0973706990480423,0.99802565574646,0.9384199380874634
YOL019W,YPL160W,0,-1.0844333,0.09736132621765137,0.99802565574646,0.938520073890686
YEL059C-A,YGL084C,0,-1.0851803,0.09735195338726044,0.99802565574646,0.9386202096939087
YGR123C,YGL084C,0,-1.0858432,0.09734257310628891,0.99802565574646,0.9387203454971313
YNL227C,YDR239C,0,-1.0878464,0.09733320772647858,0.99802565574646,0.938820481300354
YAL053W,YOR014W,0,-1.0931855,0.09732383489608765,0.99802565574646,0.9389206171035767
YPL031C,YGL040C,0,-1.0948541,0.09731446951627731,0.99802565574646,0.9390207529067993
YML040W,YBR245C,0,-1.0953875,0.09730510413646698,0.99802565574646,0.9391208291053772
YMR139W,YLR237W,0,-1.0967333,0.09729573875665665,0.99802565574646,0.9392209649085999
YKL100C,YPL154C,0,-1.099886,0.09728637337684631,0.99802565574646,0.9393211007118225
YBR036C,YNL210W,0,-1.1007028,0.09727701544761658,0.99802565574646,0.9394212365150452
YEL059C-A,YER012W,0,-1.1021881,0.09726765751838684,0.99802565574646,0.9395213723182678
YOR356W,YMR056C,0,-1.1022445,0.0972582995891571,0.99802565574646,0.9396215081214905
YGR200C,YMR311C,0,-1.103623,0.09724894165992737,0.99802565574646,0.9397216439247131
YGR241C,YNL244C,0,-1.1061039,0.09723959118127823,0.99802565574646,0.9398217797279358
YML129C,YNL098C,0,-1.1062176,0.09723023325204849,0.99802565574646,0.9399219155311584
YBL039C,YEL050C,0,-1.1096122,0.09722089022397995,0.99802565574646,0.9400220513343811
YMR290C,YHR070W,0,-1.1105249,0.09721153974533081,0.99802565574646,0.9401221871376038
YIL070C,YHR129C,0,-1.1121504,0.09720218926668167,0.99802565574646,0.9402222633361816
YKL011C,YNL248C,0,-1.1140809,0.09719284623861313,0.99802565574646,0.9403223991394043
YDR046C,YNR061C,0,-1.1156011,0.09718350321054459,0.99802565574646,0.940422534942627
YLR370C,YDR101C,0,-1.1163156,0.09717416018247604,0.99802565574646,0.9405226707458496
YOR155C,YIR036C,0,-1.1186094,0.0971648246049881,0.99802565574646,0.9406228065490723
YDR511W,YAL025C,0,-1.120797,0.09715548902750015,0.99802565574646,0.9407229423522949
YDR033W,YER025W,0,-1.125503,0.09714615345001221,0.99802565574646,0.9408230781555176
YGL120C,YBR214W,0,-1.1265932,0.09713681787252426,0.99802565574646,0.9409232139587402
YAL053W,YOL117W,0,-1.1266623,0.09712748229503632,0.99802565574646,0.9410233497619629
YKR059W,YBR273C,0,-1.1296275,0.09711815416812897,0.99802565574646,0.9411234855651855
YBR012W-A,YOR057W,0,-1.1301736,0.09710882604122162,0.99802565574646,0.9412235617637634
YHR160C,YNL244C,0,-1.1301843,0.09709949791431427,0.99802565574646,0.9413236975669861
YNL322C,YKL179C,0,-1.1372083,0.09709017723798752,0.99802565574646,0.9414238333702087
YBL030C,YKL028W,0,-1.1439791,0.09708084911108017,0.99802565574646,0.9415239691734314
YML129C,YHR215W,0,-1.1455765,0.09707152843475342,0.99802565574646,0.941624104976654
YIL034C,YMR184W,0,-1.1483538,0.09706221520900726,0.99802565574646,0.9417242407798767
YER053C,YLR467W,0,-1.1493313,0.09705289453268051,0.99802565574646,0.9418243765830994
YGR123C,YMR071C,0,-1.1494062,0.09704358130693436,0.99802565574646,0.941924512386322
YML043C,YNL098C,0,-1.1506017,0.0970342606306076,0.99802565574646,0.9420246481895447
YFL036W,YMR217W,0,-1.1510849,0.09702495485544205,0.99802565574646,0.9421247839927673
YHR161C,YPR096C,0,-1.1513925,0.09701564162969589,0.99802565574646,0.94222491979599
YOR037W,YGL123W,0,-1.1523142,0.09700633585453033,0.99802565574646,0.9423249959945679
YGR106C,YDL095W,0,-1.1605351,0.09699702262878418,0.99802565574646,0.9424251317977905
YOL071W,YOR131C,0,-1.1671904,0.09698772430419922,0.99802565574646,0.9425252676010132
YBR001C,YPR028W,0,-1.1675179,0.09697841852903366,0.99802565574646,0.9426254034042358
YDR251W,YDR298C,0,-1.1697996,0.0969691127538681,0.99802565574646,0.9427255392074585
YKR090W,YDR330W,0,-1.1700642,0.09695981442928314,0.99802565574646,0.9428256750106812
YGR191W,YOR211C,0,-1.172512,0.09695051610469818,0.99802565574646,0.9429258108139038
YGL173C,YPR042C,0,-1.1746356,0.09694122523069382,0.99802565574646,0.9430259466171265
YGR088W,YDL120W,0,-1.1783488,0.09693192690610886,0.99802565574646,0.9431260824203491
YMR307W,YBR035C,0,-1.1809978,0.09692263603210449,0.99802565574646,0.9432262182235718
YBR214W,YDR298C,0,-1.1811278,0.09691334515810013,0.99802565574646,0.9433262944221497
YHR147C,YPR047W,0,-1.1814994,0.09690405428409576,0.99802565574646,0.9434264302253723
YLR212C,YNL248C,0,-1.1840792,0.0968947634100914,0.99802565574646,0.943526566028595
YML085C,YBR084W,0,-1.1847154,0.09688547998666763,0.99802565574646,0.9436267018318176
YLR109W,YNL135C,0,-1.1851809,0.09687619656324387,0.99802565574646,0.9437268376350403
YNL112W,YOL125W,0,-1.1905681,0.0968669131398201,0.99802565574646,0.9438269734382629
YDR060W,YKL212W,0,-1.1959449,0.09685763716697693,0.99802565574646,0.9439271092414856
YJL080C,YDR313C,0,-1.1961994,0.09684835374355316,0.99802565574646,0.9440272450447083
YDR038C,YCR075C,0,-1.196598,0.09683907777070999,0.99802565574646,0.9441273808479309
YDR388W,YPL204W,0,-1.1973188,0.09682980924844742,0.99802565574646,0.9442275166511536
YDR520C,YBR012W-B,0,-1.201973,0.09682053327560425,0.99802565574646,0.9443276524543762
YJR013W,YHR089C,0,-1.2029376,0.09681126475334167,0.99802565574646,0.9444277286529541
YDR093W,YKL056C,0,-1.2055467,0.0968019887804985,0.99802565574646,0.9445278644561768
YDL075W,YJL190C,0,-1.2059983,0.09679272025823593,0.99802565574646,0.9446280002593994
YOR201C,YGL206C,0,-1.2084063,0.09678345918655396,0.99802565574646,0.9447281360626221
YGR088W,YDL051W,0,-1.208725,0.09677419066429138,0.99802565574646,0.9448282718658447
YER087C-A,YNL188W,0,-1.2094209,0.0967649295926094,0.99802565574646,0.9449284076690674
YGL213C,YOL077C,0,-1.2102681,0.09675566852092743,0.99802565574646,0.94502854347229
YER025W,YHR207C,0,-1.2104694,0.09674641489982605,0.99802565574646,0.9451286792755127
YGR241C,YGR076C,0,-1.2161738,0.09673715382814407,0.99802565574646,0.9452288150787354
YML040W,YLR074C,0,-1.216669,0.0967279002070427,0.99802565574646,0.945328950881958
YGR088W,YIL113W,0,-1.2216735,0.09671864658594131,0.99802565574646,0.9454290866851807
YBR087W,YJR029W,0,-1.2220383,0.09670939296483994,0.99802565574646,0.9455291628837585
YOR347C,YNL248C,0,-1.2231524,0.09670014679431915,0.99802565574646,0.9456292986869812
YDR424C,YOR369C,0,-1.2269946,0.09669089317321777,0.99802565574646,0.9457294344902039
YHR089C,YDL082W,0,-1.2287688,0.09668164700269699,0.99802565574646,0.9458295702934265
YKL100C,YLR048W,0,-1.2325499,0.09667240083217621,0.99802565574646,0.9459297060966492
YER091C,YML048W,0,-1.2329266,0.09666316211223602,0.99802565574646,0.9460298418998718
YPR047W,YNL151C,0,-1.2331486,0.09665392339229584,0.99802565574646,0.9461299777030945
YHR089C,YHR186C,0,-1.233797,0.09664467722177505,0.99802565574646,0.9462301135063171
YBR296C,YJR065C,0,-1.2344325,0.09663544595241547,0.99802565574646,0.9463302493095398
YFL004W,YJL041W,0,-1.2345147,0.09662620723247528,0.99802565574646,0.9464303851127625
YFL002W-A,YPR168W,0,-1.2372653,0.09661697596311569,0.99802565574646,0.9465304613113403
YLR448W,YOL092W,0,-1.2418368,0.0966077372431755,0.99802565574646,0.946630597114563
YER087C-A,YIR012W,0,-1.2435185,0.09659850597381592,0.99802565574646,0.9467307329177856
YAL035W,YEL050C,0,-1.243748,0.09658928215503693,0.99802565574646,0.9468308687210083
YFL047W,YOR179C,0,-1.2448366,0.09658005088567734,0.99802565574646,0.946931004524231
YFL047W,YDR116C,0,-1.2544246,0.09657082706689835,0.99802565574646,0.9470311403274536
YKL034W,YGL040C,0,-1.2563326,0.09656160324811935,0.99802565574646,0.9471312761306763
YOR150W,YGR194C,0,-1.2591385,0.09655237942934036,0.99802565574646,0.9472314119338989
YJR098C,YMR056C,0,-1.2623407,0.09654316306114197,0.99802565574646,0.9473315477371216
YDL007W,YJR016C,0,-1.2627163,0.09653394669294357,0.99802565574646,0.9474316835403442
YIL124W,YOL140W,0,-1.2643081,0.09652473032474518,0.99802565574646,0.9475318193435669
YER131W,YGR101W,0,-1.2644556,0.09651551395654678,0.99802565574646,0.9476318955421448
YJL062W,YPL202C,0,-1.2649231,0.09650629758834839,0.99802565574646,0.9477320313453674
YDR322W,YER110C,0,-1.266287,0.09649708867073059,0.99802565574646,0.9478321671485901
YML125C,YGL123W,0,-1.2673285,0.09648787975311279,0.99802565574646,0.9479323029518127
YBR214W,YPR184W,0,-1.2675728,0.096478670835495,0.99802565574646,0.9480324387550354
YNL001W,YBR012W-B,0,-1.2687763,0.0964694693684578,0.99802565574646,0.9481325745582581
YDL204W,YOR014W,0,-1.2711303,0.09646026045084,0.99802565574646,0.9482327103614807
YDR347W,YCL031C,0,-1.2773709,0.0964510589838028,0.99802565574646,0.9483328461647034
YNR045W,YBR185C,0,-1.2786621,0.0964418575167656,0.99802565574646,0.948432981967926
YMR051C,YIL136W,0,-1.2848823,0.0964326560497284,0.99802565574646,0.9485331177711487
YEL002C,YOR150W,0,-1.285906,0.09642346203327179,0.99802565574646,0.9486331939697266
YGR159C,YMR208W,0,-1.2874753,0.09641426801681519,0.99802565574646,0.9487333297729492
YDL130W,YPL258C,0,-1.2890179,0.09640507400035858,0.99802565574646,0.9488334655761719
YER114C,YCL031C,0,-1.2924767,0.09639587998390198,0.99802565574646,0.9489336013793945
YJR121W,YKR058W,0,-1.2926726,0.09638669341802597,0.99802565574646,0.9490337371826172
YMR264W,YLR109W,0,-1.2946856,0.09637749940156937,0.99802565574646,0.9491338729858398
YOR155C,YGR001C,0,-1.2955757,0.09636831283569336,0.99802565574646,0.9492340087890625
YJR029W,YDR054C,0,-1.2993348,0.09635913372039795,0.99802565574646,0.9493341445922852
YBR092C,YML063W,0,-1.3014464,0.09634994715452194,0.99802565574646,0.9494342803955078
YKR090W,YOL127W,0,-1.3041553,0.09634076803922653,0.99802565574646,0.9495344161987305
YOL004W,YNL133C,1,-1.3065891,0.09642686694860458,0.99901282787323,0.9495344161987305
YJL129C,YCR053W,0,-1.3073809,0.09641768038272858,0.99901282787323,0.9496345520019531
YBL090W,YLR430W,0,-1.3082389,0.09640850126743317,0.99901282787323,0.949734628200531
YDR038C,YMR285C,0,-1.3108653,0.09639931470155716,0.99901282787323,0.9498347640037537
YHR206W,YER087C-A,0,-1.3121423,0.09639013558626175,0.99901282787323,0.9499348998069763
YOL105C,YMR289W,0,-1.313897,0.09638094902038574,0.99901282787323,0.950035035610199
YDR297W,YNL129W,0,-1.3159697,0.09637177735567093,0.99901282787323,0.9501351714134216
YJR121W,YOR131C,0,-1.3188787,0.09636259824037552,0.99901282787323,0.9502353072166443
YDL166C,YBR142W,0,-1.3191779,0.09635341912508011,0.99901282787323,0.9503354430198669
YOR201C,YDR103W,0,-1.3213115,0.0963442474603653,0.99901282787323,0.9504355788230896
YGR123C,YOL147C,0,-1.3239841,0.09633507579565048,0.99901282787323,0.9505357146263123
YDR033W,YBR024W,0,-1.3278649,0.09632591158151627,0.99901282787323,0.9506358504295349
YAL035W,YOR070C,0,-1.3279473,0.09631673991680145,0.99901282787323,0.9507359862327576
YER114C,YOR070C,0,-1.3291624,0.09630757570266724,0.99901282787323,0.9508360624313354
YKR090W,YGR156W,0,-1.3307076,0.09629841148853302,0.99901282787323,0.9509361982345581
YML040W,YBR022W,0,-1.3336678,0.0962892472743988,0.99901282787323,0.9510363340377808
YNL322C,YBL064C,0,-1.3342497,0.09628009051084518,0.99901282787323,0.9511364698410034
YOL030W,YDR120C,0,-1.334577,0.09627092629671097,0.99901282787323,0.9512366056442261
YBL020W,YML009C,0,-1.3350778,0.09626176953315735,0.99901282787323,0.9513367414474487
YPL172C,YOR326W,0,-1.3354256,0.09625261276960373,0.99901282787323,0.9514368772506714
YDR116C,YDR483W,0,-1.339527,0.0962434634566307,0.99901282787323,0.951537013053894
YJR145C,YML074C,0,-1.3404146,0.09623430669307709,0.99901282787323,0.9516371488571167
YML094W,YEL054C,0,-1.3407815,0.09622515738010406,0.99901282787323,0.9517372846603394
YOL100W,YNL115C,0,-1.3421242,0.09621600806713104,0.99901282787323,0.9518373608589172
YMR098C,YHR025W,0,-1.3450189,0.09620686620473862,0.99901282787323,0.9519374966621399
YDR012W,YBR122C,0,-1.3453791,0.0961977168917656,0.99901282787323,0.9520376324653625
YBR084W,YNL096C,0,-1.3504454,0.09618857502937317,0.99901282787323,0.9521377682685852
YJL153C,YDR118W,0,-1.3540814,0.09617943316698074,0.99901282787323,0.9522379040718079
YBR055C,YML113W,0,-1.3582996,0.09617029130458832,0.99901282787323,0.9523380398750305
YDR347W,YML063W,0,-1.3588495,0.09616115689277649,0.99901282787323,0.9524381756782532
YJR029W,YOR322C,0,-1.3589349,0.09615202248096466,0.99901282787323,0.9525383114814758
YHR089C,YDR086C,0,-1.3609265,0.09614288061857224,0.99901282787323,0.9526384472846985
YPR166C,YBR012W-B,0,-1.366348,0.096133753657341,0.99901282787323,0.9527385830879211
YMR256C,YLL022C,0,-1.3665121,0.09612461924552917,0.99901282787323,0.9528387188911438
YJL198W,YBR041W,0,-1.369679,0.09611549228429794,0.99901282787323,0.9529387950897217
YKL089W,YLR304C,0,-1.3699322,0.09610636532306671,0.99901282787323,0.9530389308929443
YFR008W,YGL040C,0,-1.370668,0.09609723836183548,0.99901282787323,0.953139066696167
YBL039C,YLR120C,0,-1.3711016,0.09608811140060425,0.99901282787323,0.9532392024993896
YNL061W,YKL181W,0,-1.3713145,0.09607899188995361,0.99901282787323,0.9533393383026123
YAR010C,YER112W,0,-1.3717806,0.09606987237930298,0.99901282787323,0.953439474105835
YGR263C,YNL268W,0,-1.3722221,0.09606075286865234,0.99901282787323,0.9535396099090576
YPR063C,YDR117C,0,-1.3735129,0.09605163335800171,0.99901282787323,0.9536397457122803
YMR198W,YDR503C,0,-1.375797,0.09604251384735107,0.99901282787323,0.9537398815155029
YDL033C,YHR099W,0,-1.3832144,0.09603340178728104,0.99901282787323,0.9538400173187256
YLR304C,YNL217W,0,-1.3888549,0.096024289727211,0.99901282787323,0.9539400935173035
YDR056C,YOL120C,0,-1.389633,0.09601517766714096,0.99901282787323,0.9540402293205261
YGL120C,YGL084C,0,-1.3911501,0.09600607305765152,0.99901282787323,0.9541403651237488
YHR028C,YDR400W,0,-1.3978474,0.09599696099758148,0.99901282787323,0.9542405009269714
YMR264W,YBL037W,0,-1.3987966,0.09598785638809204,0.99901282787323,0.9543406367301941
YJL136C,YGR123C,0,-1.3990332,0.0959787592291832,0.99901282787323,0.9544407725334167
YER099C,YDR534C,0,-1.4003844,0.09596965461969376,0.99901282787323,0.9545409083366394
YKL034W,YNL217W,0,-1.4021201,0.09596055746078491,0.99901282787323,0.9546410441398621
YDR265W,YIL125W,0,-1.4059438,0.09595145285129547,0.99901282787323,0.9547411799430847
YKL195W,YDL082W,0,-1.4088746,0.09594235569238663,0.99901282787323,0.9548413157463074
YKL212W,YHR186C,0,-1.4101529,0.09593326598405838,0.99901282787323,0.95494145154953
YMR188C,YBR142W,0,-1.4108429,0.09592416882514954,0.99901282787323,0.9550415277481079
YER061C,YJL052W,0,-1.4116367,0.09591507911682129,0.99901282787323,0.9551416635513306
YLR121C,YDR044W,0,-1.4185734,0.09590598940849304,0.99901282787323,0.9552417993545532
YBR036C,YMR224C,0,-1.4219036,0.0958968997001648,0.99901282787323,0.9553419351577759
YDR033W,YPR073C,0,-1.4232602,0.09588781744241714,0.99901282787323,0.9554420709609985
YNL308C,YMR051C,0,-1.4276946,0.0958787277340889,0.99901282787323,0.9555422067642212
YBR036C,YAL023C,0,-1.4286802,0.09586964547634125,0.99901282787323,0.9556423425674438
YML018C,YLR419W,0,-1.4317479,0.0958605632185936,0.99901282787323,0.9557424783706665
YPL144W,YJR025C,0,-1.4345294,0.09585148841142654,0.99901282787323,0.9558426141738892
YBL030C,YKL212W,0,-1.4441861,0.0958424061536789,0.99901282787323,0.9559427499771118
YHR161C,YPR070W,0,-1.4451666,0.09583333134651184,0.99901282787323,0.9560428261756897
YLL050C,YOR067C,0,-1.450028,0.09582425653934479,0.99901282787323,0.9561429619789124
YBR001C,YGL095C,0,-1.4525775,0.09581518918275833,0.99901282787323,0.956243097782135
YBR036C,YIL004C,0,-1.4542748,0.09580611437559128,0.99901282787323,0.9563432335853577
YAR019C,YOL125W,0,-1.455191,0.09579704701900482,0.99901282787323,0.9564433693885803
YKR090W,YGR014W,0,-1.4603974,0.09578797966241837,0.99901282787323,0.956543505191803
YHR027C,YNR061C,0,-1.464078,0.09577891230583191,0.99901282787323,0.9566436409950256
YJL080C,YIL113W,0,-1.4666682,0.09576985239982605,0.99901282787323,0.9567437767982483
YHR052W,YBL082C,0,-1.4673483,0.0957607850432396,0.99901282787323,0.956843912601471
YBR267W,YOL123W,0,-1.4674621,0.09575172513723373,0.99901282787323,0.9569440484046936
YCR020C,YBR214W,0,-1.4679377,0.09574266523122787,0.99901282787323,0.9570441842079163
YEL061C,YDR115W,0,-1.4693251,0.09573361277580261,0.99901282787323,0.9571442604064941
YAL012W,YAL003W,0,-1.4705629,0.09572455286979675,0.99901282787323,0.9572443962097168
YML040W,YDL075W,0,-1.4706539,0.09571550041437149,0.99901282787323,0.9573445320129395
YNL212W,YBR012W-B,0,-1.4744332,0.09570644795894623,0.99901282787323,0.9574446678161621
YBL039C,YKL059C,0,-1.4762211,0.09569740295410156,0.99901282787323,0.9575448036193848
YMR152W,YJL109C,0,-1.482943,0.0956883504986763,0.99901282787323,0.9576449394226074
YBR036C,YGR071C,0,-1.4853485,0.09567930549383163,0.99901282787323,0.9577450752258301
YMR051C,YBR122C,0,-1.4867901,0.09567026048898697,0.99901282787323,0.9578452110290527
YHR089C,YKR094C,0,-1.4868724,0.0956612154841423,0.99901282787323,0.9579453468322754
YNL046W,YDR038C,0,-1.501868,0.09565217047929764,0.99901282787323,0.958045482635498
YFR041C,YLR318W,0,-1.5149071,0.09564313292503357,0.99901282787323,0.9581456184387207
YPL074W,YOL056W,0,-1.5152044,0.0956340953707695,0.99901282787323,0.9582456946372986
YMR139W,YPL186C,0,-1.5158429,0.09562505781650543,0.99901282787323,0.9583458304405212
YOR063W,YDR115W,0,-1.517178,0.09561602771282196,0.99901282787323,0.9584459662437439
YAL008W,YEL002C,0,-1.5179639,0.09560699015855789,0.99901282787323,0.9585461020469666
YER114C,YMR302C,0,-1.5232124,0.09559796005487442,0.99901282787323,0.9586462378501892
YOL139C,YJL121C,0,-1.529681,0.09558892995119095,0.99901282787323,0.9587463736534119
YML009C,YCL050C,0,-1.5392542,0.09557989984750748,0.99901282787323,0.9588465094566345
YGR241C,YML091C,0,-1.5398035,0.0955708771944046,0.99901282787323,0.9589466452598572
YIL155C,YBR142W,0,-1.5430396,0.09556184709072113,0.99901282787323,0.9590467810630798
YDL229W,YOL103W,0,-1.5466839,0.09555282443761826,0.99901282787323,0.9591469168663025
YGL120C,YHR171W,0,-1.5484354,0.09554380923509598,0.99901282787323,0.9592469930648804
YPL144W,YMR208W,0,-1.5490117,0.0955347865819931,0.99901282787323,0.959347128868103
YHR161C,YJL073W,0,-1.5495008,0.09552577137947083,0.99901282787323,0.9594472646713257
YIL034C,YDR511W,0,-1.5506659,0.09551675617694855,0.99901282787323,0.9595474004745483
YBR286W,YBR009C,0,-1.5514054,0.09550774097442627,0.99901282787323,0.959647536277771
YPR036W,YOR332W,0,-1.5636961,0.09549872577190399,0.99901282787323,0.9597476720809937
YML125C,YDR231C,0,-1.5640602,0.09548971801996231,0.99901282787323,0.9598478078842163
YPR102C,YAL044C,0,-1.565316,0.09548070281744003,0.99901282787323,0.959947943687439
YDR376W,YMR017W,0,-1.5672402,0.09547169506549835,0.99901282787323,0.9600480794906616
YLR121C,YOR217W,0,-1.570483,0.09546269476413727,0.99901282787323,0.9601482152938843
YDR139C,YOL077C,0,-1.57167,0.09545368701219559,0.99901282787323,0.9602483510971069
YKL156W,YMR045C,0,-1.5719669,0.0954446867108345,0.99901282787323,0.9603484272956848
YDR388W,YJL153C,0,-1.5735711,0.09543568640947342,0.99901282787323,0.9604485630989075
YGL253W,YLR237W,0,-1.5774157,0.09542668610811234,0.99901282787323,0.9605486989021301
YIL034C,YIL093C,0,-1.5784017,0.09541768580675125,0.99901282787323,0.9606488347053528
YLR414C,YHR052W,0,-1.5790346,0.09540869295597076,0.99901282787323,0.9607489705085754
YIL113W,YLR403W,0,-1.5811359,0.09539970010519028,0.99901282787323,0.9608491063117981
YJL198W,YDL056W,0,-1.5842133,0.09539070725440979,0.99901282787323,0.9609492421150208
YFR008W,YMR204C,0,-1.5933596,0.0953817144036293,0.99901282787323,0.9610493779182434
YBR012W-A,YNL244C,0,-1.5952047,0.09537272900342941,0.99901282787323,0.9611495137214661
YKL011C,YGR008C,0,-1.595824,0.09536373615264893,0.99901282787323,0.9612496495246887
YDR436W,YPL159C,0,-1.5996759,0.09535475075244904,0.99901282787323,0.9613497257232666
YML048W,YGR191W,0,-1.602026,0.09534577280282974,0.99901282787323,0.9614498615264893
YBR296C,YML060W,0,-1.6033598,0.09533678740262985,0.99901282787323,0.9615499973297119
YGR263C,YBR092C,0,-1.607132,0.09532780945301056,0.99901282787323,0.9616501331329346
YJR029W,YBL020W,0,-1.60898,0.09531883150339127,0.99901282787323,0.9617502689361572
YIL070C,YJL129C,0,-1.6091284,0.09530985355377197,0.99901282787323,0.9618504047393799
YGR088W,YMR127C,0,-1.609755,0.09530087560415268,0.99901282787323,0.9619505405426025
YJL198W,YPR028W,0,-1.613774,0.09529190510511398,0.99901282787323,0.9620506763458252
YDL120W,YBL020W,0,-1.6152272,0.09528292715549469,0.99901282787323,0.9621508121490479
YPL226W,YOR150W,0,-1.6176008,0.095273956656456,0.99901282787323,0.9622509479522705
YKL181W,YOR120W,0,-1.6227866,0.0952649936079979,0.99901282787323,0.9623510837554932
YGR076C,YOR337W,0,-1.625287,0.0952560231089592,0.99901282787323,0.962451159954071
YKR090W,YER045C,0,-1.6260321,0.0952470600605011,0.99901282787323,0.9625512957572937
YDR479C,YDR251W,0,-1.6267904,0.095238097012043,0.99901282787323,0.9626514315605164
YDR251W,YGL084C,0,-1.6308621,0.0952291339635849,0.99901282787323,0.962751567363739
YER099C,YGR123C,0,-1.6336077,0.0952201709151268,0.99901282787323,0.9628517031669617
YIL034C,YDR077W,0,-1.6356558,0.0952112153172493,0.99901282787323,0.9629518389701843
YDL130W,YPR041W,0,-1.6364621,0.0952022597193718,0.99901282787323,0.963051974773407
YHR181W,YPL026C,0,-1.6381197,0.0951933041214943,0.99901282787323,0.9631521105766296
YGR159C,YGR218W,0,-1.6427976,0.09518434852361679,0.99901282787323,0.9632522463798523
YDR379W,YHR181W,0,-1.6453185,0.09517540037631989,0.99901282787323,0.963352382183075
YNR043W,YGR037C,0,-1.6461096,0.09516644477844238,0.99901282787323,0.9634525179862976
YNR043W,YOL123W,0,-1.6515895,0.09515749663114548,0.99901282787323,0.9635525941848755
YGL135W,YDR380W,0,-1.6587725,0.09514854848384857,0.99901282787323,0.9636527299880981
YLR414C,YDR014W,0,-1.6587769,0.09513960778713226,0.99901282787323,0.9637528657913208
YDL120W,YJR016C,0,-1.6620368,0.09513066709041595,0.99901282787323,0.9638530015945435
YGL253W,YJR029W,0,-1.6680207,0.09512171894311905,0.99901282787323,0.9639531373977661
YPR041W,YHL004W,0,-1.6701646,0.09511277824640274,0.99901282787323,0.9640532732009888
YMR303C,YHR010W,0,-1.6737112,0.09510384500026703,0.99901282787323,0.9641534090042114
YKL100C,YML048W,0,-1.6768262,0.09509490430355072,0.99901282787323,0.9642535448074341
YNL322C,YLR414C,0,-1.6817192,0.09508597105741501,0.99901282787323,0.9643536806106567
YML070W,YIL136W,0,-1.6836333,0.0950770378112793,0.99901282787323,0.9644538164138794
YGL253W,YJL073W,0,-1.6847264,0.09506810456514359,0.99901282787323,0.9645538926124573
YNL046W,YLR304C,0,-1.6866219,0.09505917876958847,0.99901282787323,0.9646540284156799
YLR188W,YNL115C,0,-1.6889517,0.09505024552345276,0.99901282787323,0.9647541642189026
YML018C,YGL161C,0,-1.7022052,0.09504131972789764,0.99901282787323,0.9648543000221252
YAL053W,YPL048W,0,-1.7125025,0.09503239393234253,0.99901282787323,0.9649544358253479
YPL214C,YGR135W,0,-1.7146529,0.09502347558736801,0.99901282787323,0.9650545716285706
YDL130W,YKL212W,0,-1.7157617,0.0950145497918129,0.99901282787323,0.9651547074317932
YGR295C,YPL154C,0,-1.716517,0.09500563144683838,0.99901282787323,0.9652548432350159
YDR101C,YJL109C,0,-1.7195358,0.09499671310186386,0.99901282787323,0.9653549790382385
YOR063W,YGL040C,0,-1.7211502,0.09498779475688934,0.99901282787323,0.9654551148414612
YER099C,YNL292W,0,-1.7211902,0.09497888386249542,0.99901282787323,0.9655552506446838
YDL120W,YDR101C,0,-1.7216983,0.0949699729681015,0.99901282787323,0.9656553268432617
YJR029W,YPR032W,0,-1.7267668,0.09496106207370758,0.99901282787323,0.9657554626464844
YNL293W,YPL204W,0,-1.7272387,0.09495215117931366,0.99901282787323,0.965855598449707
YPL160W,YDR044W,0,-1.7327349,0.09494324028491974,0.99901282787323,0.9659557342529297
YDR347W,YBR283C,0,-1.7336919,0.09493433684110641,0.99901282787323,0.9660558700561523
YBR036C,YLR008C,0,-1.7392274,0.0949254259467125,0.99901282787323,0.966156005859375
YHR181W,YOR217W,0,-1.7424393,0.09491652250289917,0.99901282787323,0.9662561416625977
YKL025C,YKR056W,1,-1.7457654,0.09500140696763992,1.0,0.9662561416625977
YFL004W,YDR486C,0,-1.748595,0.094992496073246,1.0,0.9663562774658203
YAL053W,YBL060W,0,-1.754255,0.09498359262943268,1.0,0.966456413269043
YEL059C-A,YLL001W,0,-1.757625,0.09497468918561935,1.0,0.9665565490722656
YFL036W,YOL071W,0,-1.7634338,0.09496578574180603,1.0,0.9666566252708435
YDR425W,YDL205C,0,-1.7637142,0.0949568822979927,1.0,0.9667567610740662
YNR007C,YGL059W,0,-1.7657199,0.09494797885417938,1.0,0.9668568968772888
YIL034C,YOL065C,0,-1.7709819,0.09493908286094666,1.0,0.9669570326805115
YGL161C,YPR192W,0,-1.7823983,0.09493018686771393,1.0,0.9670571684837341
YKL179C,YMR051C,0,-1.7850525,0.0949212908744812,1.0,0.9671573042869568
YNL149C,YGL059W,0,-1.7851739,0.09491239488124847,1.0,0.9672574400901794
YPR042C,YDL112W,0,-1.7855401,0.09490350633859634,1.0,0.9673575758934021
YHR171W,YPL092W,0,-1.7860557,0.09489461034536362,1.0,0.9674577116966248
YOR063W,YIL155C,0,-1.7861147,0.09488572180271149,1.0,0.9675578474998474
YBL039C,YDR086C,0,-1.7892115,0.09487684071063995,1.0,0.9676579833030701
YML040W,YIL027C,0,-1.7892507,0.09486795216798782,1.0,0.967758059501648
YNL311C,YOR143C,0,-1.7902458,0.09485907107591629,1.0,0.9678581953048706
YKR094C,YMR303C,0,-1.7945516,0.09485018998384476,1.0,0.9679583311080933
YOL031C,YLR048W,0,-1.7951888,0.09484130889177322,1.0,0.9680584669113159
YDR069C,YOR374W,0,-1.7963305,0.09483242779970169,1.0,0.9681586027145386
YNL280C,YGL059W,0,-1.797238,0.09482355415821075,1.0,0.9682587385177612
YCR009C,YDL185W,0,-1.7987515,0.09481467306613922,1.0,0.9683588743209839
YCR009C,YML113W,0,-1.8015229,0.09480579942464828,1.0,0.9684590101242065
YAL021C,YOR346W,0,-1.803476,0.09479693323373795,1.0,0.9685591459274292
YGL229C,YOR374W,0,-1.8036829,0.09478805959224701,1.0,0.9686592817306519
YMR290C,YOL140W,0,-1.8046691,0.09477919340133667,1.0,0.9687593579292297
YPL214C,YPR016C,0,-1.8110427,0.09477032721042633,1.0,0.9688594937324524
YER061C,YDR313C,0,-1.8115344,0.09476146101951599,1.0,0.968959629535675
YER174C,YOR228C,0,-1.8121557,0.09475259482860565,1.0,0.9690597653388977
YBR012W-A,YMR071C,0,-1.8133187,0.09474373608827591,1.0,0.9691599011421204
YGR124W,YHR136C,0,-1.8146715,0.09473486989736557,1.0,0.969260036945343
YBR241C,YDR169C,0,-1.8193059,0.09472601115703583,1.0,0.9693601727485657
YAL023C,YHR013C,0,-1.8207425,0.09471715986728668,1.0,0.9694603085517883
YDR074W,YGR162W,0,-1.8224301,0.09470830112695694,1.0,0.969560444355011
YJR029W,YOL002C,0,-1.8285089,0.0946994498372078,1.0,0.9696605801582336
YHR025W,YML048W,0,-1.8309827,0.09469059854745865,1.0,0.9697607159614563
YIL051C,YBR299W,0,-1.8329504,0.0946817472577095,1.0,0.9698607921600342
YER087C-A,YDL006W,0,-1.835994,0.09467289596796036,1.0,0.9699609279632568
YDR511W,YIL155C,0,-1.8389511,0.09466405212879181,1.0,0.9700610637664795
YDR536W,YLR074C,0,-1.8403195,0.09465520828962326,1.0,0.9701611995697021
YDL060W,YDR115W,0,-1.8440369,0.09464636445045471,1.0,0.9702613353729248
YDR481C,YHR052W,0,-1.8450029,0.09463752061128616,1.0,0.9703614711761475
YMR142C,YFR032C-A,0,-1.84976,0.09462867677211761,1.0,0.9704616069793701
YLR048W,YOR075W,0,-1.8510814,0.09461984038352966,1.0,0.9705617427825928
YOR201C,YJR143C,0,-1.8629326,0.09461100399494171,1.0,0.9706618785858154
YMR264W,YBR267W,0,-1.8670034,0.09460216760635376,1.0,0.9707620143890381
YMR188C,YDL085W,0,-1.870621,0.09459333121776581,1.0,0.9708621501922607
YDR341C,YJR094W-A,0,-1.8727717,0.09458450227975845,1.0,0.9709622263908386
YER036C,YMR098C,0,-1.8801017,0.0945756733417511,1.0,0.9710623621940613
YBL078C,YBR299W,0,-1.8822128,0.09456684440374374,1.0,0.9711624979972839
YAL053W,YGL035C,0,-1.8919486,0.09455801546573639,1.0,0.9712626338005066
YPL106C,YNL046W,0,-1.8920037,0.09454918652772903,1.0,0.9713627696037292
YML094W,YEL015W,0,-1.8973702,0.09454036504030228,1.0,0.9714629054069519
YCL059C,YNL112W,0,-1.9149284,0.09453154355287552,1.0,0.9715630412101746
YHR172W,YJL097W,0,-1.9180416,0.09452272206544876,1.0,0.9716631770133972
YIL051C,YJL101C,0,-1.918911,0.094513900578022,1.0,0.9717633128166199
YPL157W,YIL155C,0,-1.9211954,0.09450508654117584,1.0,0.9718634486198425
YMR302C,YNL244C,0,-1.9212176,0.09449626505374908,1.0,0.9719635248184204
YCR009C,YJR065C,0,-1.9245431,0.09448745101690292,1.0,0.9720636606216431
YJL033W,YMR302C,0,-1.9268742,0.09447864443063736,1.0,0.9721637964248657
YMR139W,YER082C,0,-1.9292647,0.0944698303937912,1.0,0.9722639322280884
YPL106C,YJR025C,0,-1.9294676,0.09446102380752563,1.0,0.972364068031311
YOR037W,YER120W,0,-1.9325241,0.09445221722126007,1.0,0.9724642038345337
YDL067C,YJL102W,0,-1.9338263,0.0944434106349945,1.0,0.9725643396377563
YOR167C,YIL078W,0,-1.9360385,0.09443460404872894,1.0,0.972664475440979
YKL004W,YHR147C,0,-1.9412258,0.09442580491304398,1.0,0.9727646112442017
YAL023C,YMR217W,0,-1.9449778,0.09441699832677841,1.0,0.9728647470474243
YOL071W,YDR380W,0,-1.9498284,0.09440819919109344,1.0,0.972964882850647
YDR071C,YGR200C,0,-1.9627799,0.09439940005540848,1.0,0.9730649590492249
YOR228C,YNR001C,0,-1.9631714,0.09439060837030411,1.0,0.9731650948524475
YIL111W,YCL027W,0,-1.9702579,0.09438181668519974,1.0,0.9732652306556702
YLR038C,YOL080C,0,-1.9740114,0.09437301754951477,1.0,0.9733653664588928
YDR056C,YDR456W,0,-1.9805261,0.0943642258644104,1.0,0.9734655022621155
YNL162W,YNL112W,0,-1.9822807,0.09435544162988663,1.0,0.9735656380653381
YML040W,YBR097W,0,-1.9844482,0.09434664994478226,1.0,0.9736657738685608
YJR013W,YBR198C,0,-1.9886005,0.09433786571025848,1.0,0.9737659096717834
YAL053W,YBR158W,0,-1.9887915,0.09432908147573471,1.0,0.9738660454750061
YGL120C,YER110C,0,-1.9909718,0.09432029724121094,1.0,0.9739661812782288
YIL027C,YJR010C-A,0,-1.9983097,0.09431151300668716,1.0,0.9740662574768066
YER048W-A,YMR045C,0,-2.0024853,0.09430273622274399,1.0,0.9741663932800293
YML116W,YDL127W,0,-2.0135605,0.09429395943880081,1.0,0.974266529083252
YDR003W,YJR059W,0,-2.0147808,0.09428518265485764,1.0,0.9743666648864746
YOR175C,YEL065W,0,-2.0152063,0.09427640587091446,1.0,0.9744668006896973
YMR051C,YBR105C,0,-2.0176835,0.09426763653755188,1.0,0.9745669364929199
YML040W,YJR139C,0,-2.0187004,0.0942588597536087,1.0,0.9746670722961426
YER036C,YDR368W,0,-2.0427656,0.09425009042024612,1.0,0.9747672080993652
YGR191W,YNL325C,0,-2.0441377,0.09424132108688354,1.0,0.9748673439025879
YLR048W,YIL138C,0,-2.045905,0.09423255920410156,1.0,0.9749674797058105
YJL097W,YPL103C,0,-2.0469012,0.09422378987073898,1.0,0.9750676155090332
YML040W,YPR166C,0,-2.0511386,0.094215027987957,1.0,0.9751676917076111
YDL146W,YOR150W,0,-2.0540152,0.09420626610517502,1.0,0.9752678275108337
YJL198W,YIL027C,0,-2.0565288,0.09419750422239304,1.0,0.9753679633140564
YIL111W,YBR012W-B,0,-2.0649874,0.09418874979019165,1.0,0.975468099117279
YBR185C,YNL189W,0,-2.0653675,0.09417999535799026,1.0,0.9755682349205017
YDR532C,YBR048W,0,-2.065619,0.09417124092578888,1.0,0.9756683707237244
YBR198C,YBR012W-B,0,-2.0669165,0.0941624864935875,1.0,0.975768506526947
YML085C,YMR037C,0,-2.0712302,0.09415373206138611,1.0,0.9758686423301697
YOR182C,YMR292W,0,-2.0716014,0.09414498507976532,1.0,0.9759687781333923
YER091C,YFL037W,0,-2.074316,0.09413623064756393,1.0,0.976068913936615
YPR063C,YDR044W,0,-2.079841,0.09412748366594315,1.0,0.9761689901351929
YDL130W,YML074C,0,-2.0800152,0.09411873668432236,1.0,0.9762691259384155
YDR356W,YML009C,0,-2.0812893,0.09410999715328217,1.0,0.9763692617416382
YNL311C,YLR448W,0,-2.0835319,0.09410125762224197,1.0,0.9764693975448608
YGL120C,YLR201C,0,-2.0887432,0.09409251064062119,1.0,0.9765695333480835
YML116W,YML042W,0,-2.1024923,0.094083771109581,1.0,0.9766696691513062
YJR045C,YMR045C,0,-2.1056333,0.0940750390291214,1.0,0.9767698049545288
YER086W,YDR297W,0,-2.1111336,0.09406629949808121,1.0,0.9768699407577515
YOR181W,YMR303C,0,-2.112718,0.09405756741762161,1.0,0.9769700765609741
YOR037W,YOL092W,0,-2.1156926,0.09404883533716202,1.0,0.9770702123641968
YJL097W,YIL126W,0,-2.119264,0.09404010325670242,1.0,0.9771703481674194
YJL080C,YNR007C,0,-2.1254942,0.09403137117624283,1.0,0.9772704243659973
YLR201C,YPL154C,0,-2.128777,0.09402264654636383,1.0,0.97737056016922
YBR012W-A,YBR058C,0,-2.1299143,0.09401392191648483,1.0,0.9774706959724426
YJR121W,YIL155C,0,-2.1323948,0.09400519728660583,1.0,0.9775708317756653
YGR123C,YER044C,0,-2.1338751,0.09399647265672684,1.0,0.9776709675788879
YDR238C,YGR116W,0,-2.1383255,0.09398775547742844,1.0,0.9777711033821106
YLR364W,YOL139C,0,-2.1508484,0.09397903084754944,1.0,0.9778712391853333
YIL125W,YJL097W,0,-2.1524022,0.09397031366825104,1.0,0.9779713749885559
YBR267W,YJR065C,0,-2.1591988,0.09396159648895264,1.0,0.9780715107917786
YBL060W,YPL095C,0,-2.1601405,0.09395288676023483,1.0,0.9781716465950012
YOL105C,YLR304C,0,-2.1662824,0.09394416958093643,1.0,0.9782717823982239
YFL004W,YIL111W,0,-2.1686132,0.09393545985221863,1.0,0.9783718585968018
YKR090W,YPR054W,0,-2.1686776,0.09392675012350082,1.0,0.9784719944000244
YJL133W,YNL151C,0,-2.170844,0.09391804039478302,1.0,0.9785721302032471
YIL124W,YMR311C,0,-2.1738021,0.09390933811664581,1.0,0.9786722660064697
YIL034C,YJR029W,0,-2.1871877,0.09390062838792801,1.0,0.9787724018096924
YBR001C,YNL248C,0,-2.1904864,0.0938919261097908,1.0,0.978872537612915
YGL119W,YNL162W,0,-2.1995156,0.0938832238316536,1.0,0.9789726734161377
YIL145C,YAR010C,0,-2.2017655,0.09387452155351639,1.0,0.9790728092193604
YLL011W,YCR075C,0,-2.2194004,0.09386582672595978,1.0,0.979172945022583
YBR267W,YDR342C,0,-2.2477663,0.09385713189840317,1.0,0.9792730808258057
YIL051C,YLR221C,0,-2.2530675,0.09384843707084656,1.0,0.9793731570243835
YER087C-A,YKL156W,0,-2.2794063,0.09383974224328995,1.0,0.9794732928276062
YGR159C,YOR269W,0,-2.2822077,0.09383104741573334,1.0,0.9795734286308289
YGR159C,YOR155C,0,-2.2832725,0.09382236003875732,1.0,0.9796735644340515
YCR072C,YDR358W,0,-2.2846045,0.09381367266178131,1.0,0.9797737002372742
YBR214W,YDL180W,0,-2.290976,0.0938049852848053,1.0,0.9798738360404968
YGR159C,YIL111W,0,-2.2939296,0.09379629790782928,1.0,0.9799739718437195
YFL047W,YIR017C,0,-2.2969952,0.09378761053085327,1.0,0.9800741076469421
YDR479C,YLR048W,0,-2.2973404,0.09377893060445786,1.0,0.9801742434501648
YDL146W,YDR169C,0,-2.2973657,0.09377025067806244,1.0,0.9802743792533875
YDL204W,YGR286C,0,-2.310408,0.09376157075166702,1.0,0.9803745150566101
YPL226W,YBR122C,0,-2.3104348,0.0937528908252716,1.0,0.980474591255188
YDR055W,YPR081C,0,-2.3169124,0.09374421834945679,1.0,0.9805747270584106
YDR033W,YPR049C,0,-2.3279958,0.09373553842306137,1.0,0.9806748628616333
YBR036C,YOR076C,0,-2.3323,0.09372686594724655,1.0,0.980774998664856
YGR026W,YCL059C,0,-2.3340044,0.09371820092201233,1.0,0.9808751344680786
YDL130W,YGR001C,0,-2.3397193,0.09370952844619751,1.0,0.9809752702713013
YJR110W,YBR012W-A,0,-2.3453104,0.09370086342096329,1.0,0.9810754060745239
YMR188C,YJR016C,0,-2.3629572,0.09369219094514847,1.0,0.9811755418777466
YBR267W,YDR031W,0,-2.3736866,0.09368352591991425,1.0,0.9812756776809692
YPL226W,YBR175W,0,-2.379977,0.09367486834526062,1.0,0.9813758134841919
YNL322C,YOR290C,0,-2.3863654,0.0936662033200264,1.0,0.9814758896827698
YER114C,YDL060W,0,-2.389992,0.09365754574537277,1.0,0.9815760254859924
YDR107C,YLR276C,0,-2.391265,0.09364888817071915,1.0,0.9816761612892151
YGR223C,YOR063W,0,-2.3959785,0.09364023059606552,1.0,0.9817762970924377
YDR251W,YGR279C,0,-2.3968103,0.0936315730214119,1.0,0.9818764328956604
YER056C-A,YBR273C,0,-2.4076352,0.09362292289733887,1.0,0.9819765686988831
YBR012W-A,YHR167W,0,-2.4125361,0.09361426532268524,1.0,0.9820767045021057
YGL161C,YJL158C,0,-2.4171932,0.09360561519861221,1.0,0.9821768403053284
YBR092C,YAR010C,0,-2.4199345,0.09359697252511978,1.0,0.982276976108551
YJR121W,YKL212W,0,-2.4222949,0.09358832240104675,1.0,0.9823771119117737
YHR028C,YLR109W,0,-2.4230886,0.09357967972755432,1.0,0.9824772477149963
YNL308C,YMR302C,0,-2.4391086,0.09357102960348129,1.0,0.9825773239135742
YJL133W,YLR441C,0,-2.4405828,0.09356238692998886,1.0,0.9826774597167969
YER087C-A,YDL033C,0,-2.4662132,0.09355375170707703,1.0,0.9827775955200195
YML116W,YLR158C,0,-2.4745734,0.0935451090335846,1.0,0.9828777313232422
YLR414C,YPL258C,0,-2.4757817,0.09353647381067276,1.0,0.9829778671264648
YPR063C,YDL060W,0,-2.4870567,0.09352783858776093,1.0,0.9830780029296875
YNL308C,YMR217W,0,-2.4912157,0.09351920336484909,1.0,0.9831781387329102
YDR077W,YJR089W,0,-2.491394,0.09351056814193726,1.0,0.9832782745361328
YBR048W,YBR273C,0,-2.4951081,0.09350194036960602,1.0,0.9833784103393555
YOR175C,YMR037C,0,-2.4980948,0.09349330514669418,1.0,0.9834785461425781
YDR086C,YNL217W,0,-2.4987977,0.09348467737436295,1.0,0.9835786819458008
YAR010C,YLR441C,0,-2.5017781,0.0934760570526123,1.0,0.9836787581443787
YNL322C,YHR136C,0,-2.5082455,0.09346742928028107,1.0,0.9837788939476013
YMR051C,YKL017C,0,-2.5108924,0.09345880895853043,1.0,0.983879029750824
YKL154W,YER126C,0,-2.511948,0.09345018118619919,1.0,0.9839791655540466
YGL161C,YOR306C,0,-2.5400236,0.09344156086444855,1.0,0.9840793013572693
YBR012W-A,YML074C,0,-2.5403864,0.0934329479932785,1.0,0.9841794371604919
YML012W,YCL050C,0,-2.5414119,0.09342432767152786,1.0,0.9842795729637146
YDR341C,YGL157W,0,-2.556712,0.09341571480035782,1.0,0.9843797087669373
YGR191W,YAL058W,0,-2.5588381,0.09340710192918777,1.0,0.9844798445701599
YML040W,YKL088W,0,-2.5596447,0.09339848905801773,1.0,0.9845799803733826
YMR302C,YER053C,0,-2.570242,0.09338987618684769,1.0,0.9846800565719604
YPL226W,YKL181W,0,-2.5719388,0.09338127076625824,1.0,0.9847801923751831
YBL078C,YNR001C,0,-2.583383,0.0933726578950882,1.0,0.9848803281784058
YML018C,YLR327C,0,-2.5951002,0.09336405247449875,1.0,0.9849804639816284
YJR076C,YDL185W,0,-2.6046457,0.0933554545044899,1.0,0.9850805997848511
YPL060W,YNR047W,0,-2.607274,0.09334684908390045,1.0,0.9851807355880737
YER091C,YGR158C,0,-2.63061,0.0933382511138916,1.0,0.9852808713912964
YDR013W,YJR029W,0,-2.643443,0.09332964569330215,1.0,0.985381007194519
YER114C,YDR478W,0,-2.6539223,0.0933210477232933,1.0,0.9854811429977417
YGR159C,YJL048C,0,-2.653962,0.09331245720386505,1.0,0.9855812788009644
YBR283C,YGR076C,0,-2.6572146,0.0933038592338562,1.0,0.985681414604187
YDR036C,YNL322C,0,-2.6731386,0.09329526871442795,1.0,0.9857814908027649
YJL198W,YEL017C-A,0,-2.6818447,0.0932866781949997,1.0,0.9858816266059875
YFR041C,YML085C,0,-2.685995,0.09327808767557144,1.0,0.9859817624092102
YDR532C,YLR450W,0,-2.6888704,0.09326949715614319,1.0,0.9860818982124329
YLR304C,YGR124W,0,-2.697093,0.09326090663671494,1.0,0.9861820340156555
YER087C-A,YDR065W,0,-2.7048223,0.09325232356786728,1.0,0.9862821698188782
YDR418W,YNL101W,0,-2.7155569,0.09324374049901962,1.0,0.9863823056221008
YDR299W,YMR302C,0,-2.719689,0.09323515743017197,1.0,0.9864824414253235
YER036C,YPL258C,0,-2.7262776,0.09322658181190491,1.0,0.9865825772285461
YJR076C,YLR441C,0,-2.729711,0.09321799874305725,1.0,0.9866827130317688
YML129C,YHR070W,0,-2.731541,0.09320942312479019,1.0,0.9867827892303467
YLR396C,YOR075W,0,-2.7413478,0.09320084750652313,1.0,0.9868829250335693
YIL074C,YMR051C,0,-2.7579987,0.09319227188825607,1.0,0.986983060836792
YHR161C,YIL125W,0,-2.7581666,0.09318369626998901,1.0,0.9870831966400146
YIL125W,YKL143W,0,-2.78055,0.09317512810230255,1.0,0.9871833324432373
YER086W,YHL019C,0,-2.7847476,0.09316655993461609,1.0,0.98728346824646
YGR159C,YKL181W,0,-2.794364,0.09315799176692963,1.0,0.9873836040496826
YDR077W,YER053C,0,-2.7994056,0.09314942359924316,1.0,0.9874837398529053
YBR036C,YGR286C,0,-2.7994194,0.0931408628821373,1.0,0.9875838756561279
YDL204W,YLR154C,0,-2.8046088,0.09313229471445084,1.0,0.9876840114593506
YLR204W,YDL095W,0,-2.8206248,0.09312373399734497,1.0,0.9877841472625732
YHR116W,YMR045C,0,-2.8229547,0.0931151732802391,1.0,0.9878842234611511
YMR297W,YDR298C,0,-2.8254085,0.09310662001371384,1.0,0.9879843592643738
YPL090C,YDL184C,0,-2.8269851,0.09309805929660797,1.0,0.9880844950675964
YOR127W,YGR279C,0,-2.8344765,0.0930895060300827,1.0,0.9881846308708191
YEL013W,YIR012W,0,-2.8560631,0.09308095276355743,1.0,0.9882847666740417
YER087C-A,YLR120C,0,-2.8710804,0.09307239949703217,1.0,0.9883849024772644
YIL125W,YLL022C,0,-2.875971,0.0930638462305069,1.0,0.9884850382804871
YNL119W,YDR368W,0,-2.8768568,0.09305530041456223,1.0,0.9885851740837097
YER087C-A,YHR092C,0,-2.8776774,0.09304675459861755,1.0,0.9886853098869324
YDL146W,YKL017C,0,-2.8878126,0.09303820878267288,1.0,0.988785445690155
YPR028W,YDR487C,0,-2.8924682,0.09302966296672821,1.0,0.9888855218887329
YHR116W,YOR096W,0,-2.8948197,0.09302111715078354,1.0,0.9889856576919556
YDR077W,YPL123C,0,-2.8966703,0.09301257878541946,1.0,0.9890857934951782
YMR023C,YLR441C,0,-2.8988967,0.09300404042005539,1.0,0.9891859292984009
YIL027C,YOR326W,0,-2.90522,0.09299550205469131,1.0,0.9892860651016235
YAR010C,YJL121C,0,-2.9118202,0.09298696368932724,1.0,0.9893862009048462
YDR074W,YOR036W,0,-2.9201875,0.09297843277454376,1.0,0.9894863367080688
YBR036C,YOR067C,0,-2.9339056,0.09296989440917969,1.0,0.9895864725112915
YJR121W,YDR231C,0,-2.94262,0.09296136349439621,1.0,0.9896866083145142
YIL090W,YBR297W,0,-2.9460447,0.09295283257961273,1.0,0.9897867441177368
YOR326W,YDR101C,0,-2.9478388,0.09294430911540985,1.0,0.9898868799209595
YDR465C,YOR288C,0,-2.9503002,0.09293577820062637,1.0,0.9899869561195374
YKR090W,YPL271W,0,-2.9806132,0.09292725473642349,1.0,0.99008709192276
YPR028W,YOL123W,0,-3.012958,0.09291873127222061,1.0,0.9901872277259827
YMR051C,YJL156C,0,-3.0510614,0.09291020780801773,1.0,0.9902873635292053
YIL039W,YDR529C,0,-3.058691,0.09290168434381485,1.0,0.990387499332428
YOR175C,YHR027C,0,-3.0760856,0.09289316833019257,1.0,0.9904876351356506
YGR295C,YAR010C,0,-3.0833912,0.09288465231657028,1.0,0.9905877709388733
YMR139W,YGR008C,0,-3.0888407,0.092876136302948,1.0,0.990687906742096
YPR028W,YDL095W,0,-3.1093307,0.09286762028932571,1.0,0.9907880425453186
YOL071W,YOL080C,0,-3.1216598,0.09285910427570343,1.0,0.9908881783485413
YBL039C,YLL001W,0,-3.1309724,0.09285059571266174,1.0,0.9909883141517639
YKR090W,YJR045C,0,-3.1806169,0.09284208714962006,1.0,0.9910883903503418
YHR089C,YDL200C,0,-3.1812272,0.09283357858657837,1.0,0.9911885261535645
YML043C,YKL195W,0,-3.1964011,0.09282507002353668,1.0,0.9912886619567871
YHR161C,YBL082C,0,-3.2201898,0.09281656891107559,1.0,0.9913887977600098
YER087C-A,YGL155W,0,-3.2421424,0.0928080603480339,1.0,0.9914889335632324
YHR161C,YOR337W,0,-3.2519026,0.09279955923557281,1.0,0.9915890693664551
YBR092C,YJL108C,0,-3.270597,0.09279105812311172,1.0,0.9916892051696777
YOL071W,YOR246C,0,-3.2706223,0.09278256446123123,1.0,0.9917893409729004
YER087C-A,YCR004C,0,-3.2744713,0.09277406334877014,1.0,0.991889476776123
YBR012W-A,YNL112W,0,-3.2833552,0.09276556968688965,1.0,0.9919896125793457
YLR356W,YMR022W,0,-3.2977314,0.09275707602500916,1.0,0.9920896887779236
YER056C-A,YPL090C,0,-3.3061237,0.09274858236312866,1.0,0.9921898245811462
YHR023W,YLR430W,0,-3.3104615,0.09274008870124817,1.0,0.9922899603843689
YBR036C,YMR004W,0,-3.3303533,0.09273160248994827,1.0,0.9923900961875916
YML125C,YIL078W,0,-3.3429751,0.09272310882806778,1.0,0.9924902319908142
YBL039C,YPR108W,0,-3.3500693,0.09271462261676788,1.0,0.9925903677940369
YJL102W,YHR081W,0,-3.3912039,0.09270614385604858,1.0,0.9926905035972595
YIL111W,YPR016C,0,-3.3980458,0.09269765764474869,1.0,0.9927906394004822
YJL198W,YBL082C,0,-3.421766,0.09268917888402939,1.0,0.9928907752037048
YBR001C,YER087C-A,0,-3.4238098,0.09268069267272949,1.0,0.9929909110069275
YNR001C,YOL077C,0,-3.4242673,0.09267221391201019,1.0,0.9930910468101501
YFL004W,YML091C,0,-3.4317255,0.09266374260187149,1.0,0.993191123008728
YDR358W,YMR221C,0,-3.4418564,0.09265526384115219,1.0,0.9932912588119507
YKL004W,YGR194C,0,-3.4425817,0.09264679253101349,1.0,0.9933913946151733
YJR015W,YDR117C,0,-3.4537668,0.09263831377029419,1.0,0.993491530418396
YML018C,YHR171W,0,-3.4999907,0.09262984991073608,1.0,0.9935916662216187
YBR296C,YMR171C,0,-3.5228405,0.09262137860059738,1.0,0.9936918020248413
YLR450W,YOR346W,0,-3.558353,0.09261290729045868,1.0,0.993791937828064
YAR010C,YOR092W,0,-3.586872,0.09260444343090057,1.0,0.9938920736312866
YHR116W,YJR143C,0,-3.6173751,0.09259597957134247,1.0,0.9939922094345093
YOR288C,YOL123W,0,-3.624809,0.09258751571178436,1.0,0.9940923452377319
YER086W,YPL153C,0,-3.6287289,0.09257905185222626,1.0,0.9941924214363098
YER087C-A,YOR014W,0,-3.6656287,0.09257059544324875,1.0,0.9942925572395325
YOR047C,YOR374W,0,-3.6686509,0.09256213158369064,1.0,0.9943926930427551
YML012W,YHL032C,0,-3.6726222,0.09255367517471313,1.0,0.9944928288459778
YER087C-A,YER148W,0,-3.6937795,0.09254521876573563,1.0,0.9945929646492004
YHR089C,YDR534C,0,-3.6962376,0.09253676980733871,1.0,0.9946931004524231
YDR242W,YER087C-A,0,-3.7110748,0.0925283133983612,1.0,0.9947932362556458
YPR028W,YOR270C,0,-3.7137573,0.0925198644399643,1.0,0.9948933720588684
YFL047W,YEL054C,0,-3.7208872,0.09251141548156738,1.0,0.9949935078620911
YER087C-A,YBR159W,0,-3.7433448,0.09250296652317047,1.0,0.9950936436653137
YDR299W,YOR120W,0,-3.7456896,0.09249452501535416,1.0,0.9951937794685364
YJR015W,YGR220C,0,-3.7732823,0.09248607605695724,1.0,0.9952938556671143
YIL111W,YML091C,0,-3.7919905,0.09247763454914093,1.0,0.9953939914703369
YFL002W-A,YBR012W-B,0,-3.8063443,0.09246919304132462,1.0,0.9954941272735596
YPL271W,YMR051C,0,-3.8104694,0.0924607515335083,1.0,0.9955942630767822
YHR116W,YEL054C,0,-3.855833,0.09245231002569199,1.0,0.9956943988800049
YMR051C,YOR039W,0,-3.8595352,0.09244387596845627,1.0,0.9957945346832275
YGR191W,YOR014W,0,-3.8810952,0.09243544191122055,1.0,0.9958946704864502
YDL192W,YAR010C,0,-3.9051685,0.09242700785398483,1.0,0.9959948062896729
YLR414C,YBL061C,0,-3.928121,0.09241857379674911,1.0,0.9960949420928955
YJR094W-A,YML070W,0,-3.9892516,0.092410147190094,1.0,0.9961950778961182
YGR086C,YAL025C,0,-4.0306416,0.09240171313285828,1.0,0.996295154094696
YLR038C,YOR306C,0,-4.032323,0.09239328652620316,1.0,0.9963952898979187
YAR010C,YCL027W,0,-4.0385675,0.09238485991954803,1.0,0.9964954257011414
YKL004W,YJL102W,0,-4.0411067,0.09237643331289291,1.0,0.996595561504364
YCL059C,YKL195W,0,-4.0715313,0.09236801415681839,1.0,0.9966956973075867
YGR159C,YPL159C,0,-4.074665,0.09235959500074387,1.0,0.9967958331108093
YBR036C,YHR215W,0,-4.108314,0.09235116839408875,1.0,0.996895968914032
YDR033W,YDR358W,0,-4.1094666,0.09234274923801422,1.0,0.9969961047172546
YPR028W,YNL189W,0,-4.1573634,0.0923343375325203,1.0,0.9970962405204773
YMR045C,YNL244C,0,-4.1629167,0.09232591837644577,1.0,0.9971963763237
YHR089C,YJL109C,0,-4.2580433,0.09231750667095184,1.0,0.9972965121269226
YDR074W,YDR247W,0,-4.2865,0.09230909496545792,1.0,0.9973965883255005
YMR142C,YOR369C,0,-4.3162518,0.09230068325996399,1.0,0.9974967241287231
YML054C,YKL024C,0,-4.323531,0.09229227155447006,1.0,0.9975968599319458
YIL039W,YNL098C,0,-4.336261,0.09228386729955673,1.0,0.9976969957351685
YPL160W,YGR279C,0,-4.3794155,0.0922754630446434,1.0,0.9977971315383911
YMR139W,YJR059W,0,-4.386943,0.09226705878973007,1.0,0.9978972673416138
YER087C-A,YOL031C,0,-4.399792,0.09225865453481674,1.0,0.9979974031448364
YGL120C,YGR194C,0,-4.4279747,0.09225025027990341,1.0,0.9980975389480591
YFL047W,YJL073W,0,-4.607498,0.09224185347557068,1.0,0.9981976747512817
YFL047W,YPL160W,0,-4.6236095,0.09223344922065735,1.0,0.9982978105545044
YDR115W,YOL080C,0,-4.736409,0.09222505241632462,1.0,0.998397946357727
YML129C,YDL051W,0,-4.750934,0.09221665561199188,1.0,0.9984980225563049
YGR191W,YMR012W,0,-4.7864695,0.09220826625823975,1.0,0.9985981583595276
YDL204W,YOR246C,0,-4.808489,0.09219986945390701,1.0,0.9986982941627502
YNL308C,YIL155C,0,-4.8940234,0.09219148010015488,1.0,0.9987984299659729
YDL146W,YHL016C,0,-5.0682926,0.09218309074640274,1.0,0.9988985657691956
YLR074C,YCR047C,0,-5.0770473,0.0921747013926506,1.0,0.9989987015724182
YIR017C,YMR045C,0,-5.2636585,0.09216631948947906,1.0,0.9990988373756409
YJR094W-A,YLR048W,0,-5.289944,0.09215793013572693,1.0,0.9991989731788635
YHR172W,YNR016C,0,-5.4441967,0.09214954823255539,1.0,0.9992991089820862
YDR503C,YAR010C,0,-5.815078,0.09214116632938385,1.0,0.9993992447853088
YPL226W,YGR086C,0,-6.238982,0.09213278442621231,1.0,0.9994993209838867
YML085C,YOR374W,0,-6.6407466,0.09212440997362137,1.0,0.9995994567871094
YDL204W,YLR448W,0,-7.3491573,0.09211602807044983,1.0,0.999699592590332
YPL144W,YNR040W,0,-11.067138,0.09210765361785889,1.0,0.9997997283935547
YLR381W,YER089C,0,-11.400518,0.09209927916526794,1.0,0.9998998641967773
YHR023W,YDR093W,0,-12.967859,0.0920909121632576,1.0,1.0
