Gene A,Gene B,Label,Score,Precision,Recall,False Positive Rate
YOL132W,YCL048W,0,9.887152,0.0,0.0,9.999999747378752e-05
YNL210W,YDR078C,1,7.4181137,0.5,0.0010000000474974513,9.999999747378752e-05
YPL017C,YGL127C,1,7.2904663,0.6666666865348816,0.0020000000949949026,9.999999747378752e-05
YLR010C,YOL084W,0,7.197576,0.5,0.0020000000949949026,0.00019999999494757503
YBR088C,YNL210W,1,7.177453,0.6000000238418579,0.003000000026077032,0.00019999999494757503
YGL033W,YML061C,1,7.004834,0.6666666865348816,0.004000000189989805,0.00019999999494757503
YHR079C-B,YHR079C-A,1,6.9177575,0.7142857313156128,0.004999999888241291,0.00019999999494757503
YER179W,YML061C,1,6.6307583,0.75,0.006000000052154064,0.00019999999494757503
YIL107C,YML027W,0,6.607612,0.6666666865348816,0.006000000052154064,0.0003000000142492354
YER106W,YDR515W,0,6.421321,0.6000000238418579,0.006000000052154064,0.00039999998989515007
YLR324W,YBL009W,0,6.4182224,0.5454545617103577,0.006000000052154064,0.0005000000237487257
YER147C,YHL024W,1,6.298187,0.5833333134651184,0.007000000216066837,0.0005000000237487257
YHR050W,YDL222C,0,6.2630105,0.5384615659713745,0.007000000216066837,0.0006000000284984708
YBR098W,YNL210W,1,6.190715,0.5714285969734192,0.00800000037997961,0.0006000000284984708
YDR545W,YPL017C,1,6.101681,0.6000000238418579,0.008999999612569809,0.0006000000284984708
YBR088C,YMR133W,1,6.075322,0.625,0.009999999776482582,0.0006000000284984708
YGR120C,YHR096C,0,6.029062,0.5882353186607361,0.009999999776482582,0.000699999975040555
YGL127C,YNL210W,1,5.996468,0.6111111044883728,0.010999999940395355,0.000699999975040555
YPR154W,YJR159W,0,5.9622517,0.5789473652839661,0.010999999940395355,0.0007999999797903001
YHR153C,YHL024W,1,5.9239664,0.6000000238418579,0.012000000104308128,0.0007999999797903001
YHR153C,YGL127C,1,5.882246,0.6190476417541504,0.013000000268220901,0.0007999999797903001
YLR327C,YPL174C,0,5.8797197,0.5909090638160706,0.013000000268220901,0.0008999999845400453
YHR153C,YER095W,1,5.8708563,0.6086956262588501,0.014000000432133675,0.0008999999845400453
YKL012W,YIL004C,0,5.8504286,0.5833333134651184,0.014000000432133675,0.0010000000474974513
YLR276C,YFL011W,0,5.7879972,0.5600000023841858,0.014000000432133675,0.0010999999940395355
YPL192C,YNR056C,0,5.777346,0.5384615659713745,0.014000000432133675,0.0012000000569969416
YHL024W,YLR035C,1,5.666414,0.5555555820465088,0.014999999664723873,0.0012000000569969416
YER054C,YBL008W,0,5.662844,0.5357142686843872,0.014999999664723873,0.0013000000035390258
YLR035C,YNL312W,1,5.662538,0.5517241358757019,0.01600000075995922,0.0013000000035390258
YPL017C,YER095W,1,5.616214,0.5666666626930237,0.017000000923871994,0.0013000000035390258
YML088W,YDR216W,0,5.590111,0.5483871102333069,0.017000000923871994,0.00139999995008111
YKR100C,YDR019C,0,5.581335,0.53125,0.017000000923871994,0.001500000013038516
YCR092C,YNL210W,1,5.578715,0.5454545617103577,0.017999999225139618,0.001500000013038516
YPL008W,YGR223C,0,5.57284,0.529411792755127,0.017999999225139618,0.0015999999595806003
YPR151C,YER065C,0,5.548395,0.5142857432365417,0.017999999225139618,0.0017000000225380063
YEL004W,YDR014W,0,5.5377617,0.5,0.017999999225139618,0.0017999999690800905
YCR054C,YDR479C,0,5.523176,0.4864864945411682,0.017999999225139618,0.0019000000320374966
YKR053C,YDL110C,0,5.4706626,0.4736842215061188,0.017999999225139618,0.0020000000949949026
YLR135W,YJL090C,1,5.463931,0.4871794879436493,0.01899999938905239,0.0020000000949949026
YOR368W,YBR088C,1,5.462219,0.5,0.019999999552965164,0.0020000000949949026
YPR046W,YDL222C,0,5.4551897,0.4878048896789551,0.019999999552965164,0.002099999925121665
YPR201W,YIR031C,0,5.45069,0.4761904776096344,0.019999999552965164,0.002199999988079071
YLR234W,YHR079C-A,1,5.4378996,0.4883720874786377,0.020999999716877937,0.002199999988079071
YPL269W,YKR060W,0,5.434959,0.47727271914482117,0.020999999716877937,0.002300000051036477
YLR307W,YPR066W,0,5.434508,0.46666666865348816,0.020999999716877937,0.002400000113993883
YHR037W,YIL073C,0,5.414374,0.45652174949645996,0.020999999716877937,0.0024999999441206455
YPL017C,YDR180W,1,5.3998547,0.4680851101875305,0.02199999988079071,0.0024999999441206455
YER147C,YNL250W,1,5.388048,0.4791666567325592,0.023000000044703484,0.0024999999441206455
YPL230W,YLR174W,0,5.3851147,0.4693877696990967,0.023000000044703484,0.0026000000070780516
YPR068C,YOR190W,0,5.3702507,0.46000000834465027,0.023000000044703484,0.0027000000700354576
YFL003C,YDR386W,1,5.353859,0.47058823704719543,0.024000000208616257,0.0027000000700354576
YFL003C,YLR263W,1,5.3434067,0.48076921701431274,0.02500000037252903,0.0027000000700354576
YHR094C,YLR136C,0,5.33485,0.4716981053352356,0.02500000037252903,0.00279999990016222
YBR130C,YCL048W,0,5.304905,0.46296295523643494,0.02500000037252903,0.002899999963119626
YIR013C,YOL084W,0,5.289872,0.4545454680919647,0.02500000037252903,0.003000000026077032
YEL004W,YDL130W-A,0,5.263265,0.4464285671710968,0.02500000037252903,0.003100000089034438
YBR088C,YHR157W,1,5.244638,0.45614033937454224,0.026000000536441803,0.003100000089034438
YDL214C,YJL139C,0,5.2150183,0.4482758641242981,0.026000000536441803,0.0031999999191612005
YGL033W,YDL101C,1,5.180851,0.4576271176338196,0.027000000700354576,0.0031999999191612005
YHL024W,YLR320W,1,5.176369,0.46666666865348816,0.02800000086426735,0.0031999999191612005
YPL124W,YGL017W,0,5.1632023,0.4590163826942444,0.02800000086426735,0.0032999999821186066
YOL077C,YOR202W,0,5.15961,0.4516128897666931,0.02800000086426735,0.0034000000450760126
YPL230W,YPL008W,0,5.158166,0.4444444477558136,0.02800000086426735,0.0035000001080334187
YER106W,YJR102C,0,5.152224,0.4375,0.02800000086426735,0.003599999938160181
YMR059W,YNL152W,0,5.074906,0.4307692348957062,0.02800000086426735,0.003700000001117587
YNL339C,YNL210W,1,5.0728264,0.43939393758773804,0.028999999165534973,0.003700000001117587
YJR086W,YIL073C,0,5.071105,0.43283581733703613,0.028999999165534973,0.003800000064074993
YDL154W,YDR386W,1,5.069438,0.44117647409439087,0.029999999329447746,0.003800000064074993
YOR368W,YDR446W,1,5.0682335,0.4492753744125366,0.03099999949336052,0.003800000064074993
YPL198W,YBL074C,0,5.0611806,0.44285714626312256,0.03099999949336052,0.0038999998942017555
YBR088C,YNL250W,1,5.059632,0.4507042169570923,0.03200000151991844,0.0038999998942017555
YMR303C,YER060W-A,0,5.0486183,0.4444444477558136,0.03200000151991844,0.004000000189989805
YBL031W,YLR323C,0,5.0280695,0.4383561611175537,0.03200000151991844,0.004100000020116568
YER041W,YOR272W,0,5.004029,0.4324324429035187,0.03200000151991844,0.00419999985024333
YGR109C,YPL046C,0,5.002528,0.4266666769981384,0.03200000151991844,0.00430000014603138
YNL278W,YIL073C,0,4.9986315,0.42105263471603394,0.03200000151991844,0.004399999976158142
YLR341W,YGL246C,0,4.976473,0.41558441519737244,0.03200000151991844,0.0044999998062849045
YPL123C,YLR377C,0,4.967258,0.41025641560554504,0.03200000151991844,0.004600000102072954
YBL031W,YPR005C,0,4.9583836,0.40506330132484436,0.03200000151991844,0.004699999932199717
YNL083W,YDR014W,0,4.9487915,0.4000000059604645,0.03200000151991844,0.004800000227987766
YOR144C,YER179W,1,4.9477468,0.40740740299224854,0.032999999821186066,0.004800000227987766
YOR032C,YCL063W,0,4.9319916,0.40243902802467346,0.032999999821186066,0.004900000058114529
YDR058C,YLR059C,0,4.918209,0.39759036898612976,0.032999999821186066,0.004999999888241291
YCL027C-A,YDR450W,0,4.913535,0.3928571343421936,0.032999999821186066,0.005100000184029341
YDR130C,YKL132C,0,4.9107704,0.38823530077934265,0.032999999821186066,0.005200000014156103
YBL078C,YLL052C,0,4.9080405,0.38372093439102173,0.032999999821186066,0.0052999998442828655
YMR175W,YHR187W,0,4.907057,0.37931033968925476,0.032999999821186066,0.005400000140070915
YPL061W,YKL091C,0,4.8836417,0.375,0.032999999821186066,0.005499999970197678
YCL019W,YPL164C,1,4.871604,0.3820224702358246,0.03400000184774399,0.005499999970197678
YPR183W,YDL110C,0,4.86747,0.3777777850627899,0.03400000184774399,0.00559999980032444
YDR501W,YNL158W,0,4.865424,0.37362638115882874,0.03400000184774399,0.00570000009611249
YLR467W,YHL024W,1,4.8646474,0.3804347813129425,0.03500000014901161,0.00570000009611249
YKL086W,YJL092W,0,4.8594027,0.37634408473968506,0.03500000014901161,0.005799999926239252
YPL186C,YPR007C,0,4.8550243,0.3723404109477997,0.03500000014901161,0.005900000222027302
YMR165C,YGL194C,0,4.849701,0.3684210479259491,0.03500000014901161,0.006000000052154064
YDR446W,YDR540C,1,4.8483377,0.375,0.035999998450279236,0.006000000052154064
YCL044C,YKL096W,0,4.8457294,0.3711340129375458,0.035999998450279236,0.006099999882280827
YDR501W,YGL032C,0,4.843111,0.36734694242477417,0.035999998450279236,0.006200000178068876
YOL034W,YER179W,1,4.8381324,0.3737373650074005,0.03700000047683716,0.006200000178068876
YPR178W,YDL008W,0,4.8327866,0.3700000047683716,0.03700000047683716,0.006300000008195639
YNL148C,YLR154C,0,4.8288994,0.3663366436958313,0.03700000047683716,0.006399999838322401
YMR288W,YBR231C,0,4.827772,0.36274510622024536,0.03700000047683716,0.006500000134110451
YNR070W,YGR104C,0,4.826953,0.35922330617904663,0.03700000047683716,0.006599999964237213
YMR001C,YDR004W,1,4.81908,0.36538460850715637,0.03799999877810478,0.006599999964237213
YKR027W,YMR198W,0,4.815959,0.3619047701358795,0.03799999877810478,0.0066999997943639755
YDR104C,YMR154C,0,4.8120413,0.35849055647850037,0.03799999877810478,0.006800000090152025
YDR482C,YNL072W,0,4.803881,0.35514017939567566,0.03799999877810478,0.006899999920278788
YGL033W,YLR135W,1,4.7836614,0.3611111044883728,0.039000000804662704,0.006899999920278788
YLR010C,YPL192C,0,4.7805276,0.35779815912246704,0.039000000804662704,0.007000000216066837
YLR393W,YEL001C,0,4.779183,0.3545454442501068,0.039000000804662704,0.0071000000461936
YDR482C,YML075C,0,4.77356,0.3513513505458832,0.039000000804662704,0.007199999876320362
YOR258W,YLR272C,0,4.769688,0.3482142984867096,0.039000000804662704,0.007300000172108412
YBR160W,YML095C,1,4.7681856,0.3539822995662689,0.03999999910593033,0.007300000172108412
YBL074C,YIL019W,0,4.763073,0.35087719559669495,0.03999999910593033,0.007400000002235174
YPL121C,YER147C,1,4.7623954,0.35652172565460205,0.04100000113248825,0.007400000002235174
YHR167W,YBR136W,1,4.7564397,0.36206895112991333,0.041999999433755875,0.007400000002235174
YMR167W,YDR004W,1,4.7470617,0.36752137541770935,0.0430000014603138,0.007400000002235174
YCL016C,YGL021W,0,4.7428794,0.3644067943096161,0.0430000014603138,0.007499999832361937
YDR440W,YLR135W,1,4.7428336,0.36974790692329407,0.04399999976158142,0.007499999832361937
YDL101C,YDR180W,1,4.7401524,0.375,0.04500000178813934,0.007499999832361937
YFR038W,YOR141C,1,4.7398458,0.3801652789115906,0.04600000008940697,0.007499999832361937
YNL293W,YAL032C,0,4.7324076,0.37704917788505554,0.04600000008940697,0.007600000128149986
YKR096W,YDL087C,0,4.728065,0.3739837408065796,0.04600000008940697,0.007699999958276749
YBL057C,YHR031C,0,4.727743,0.3709677457809448,0.04600000008940697,0.007799999788403511
YGL064C,YBL097W,0,4.724763,0.36800000071525574,0.04600000008940697,0.007899999618530273
YIL107C,YML111W,0,4.717593,0.3650793731212616,0.04600000008940697,0.00800000037997961
YBL017C,YML054C,0,4.7137938,0.36220473051071167,0.04600000008940697,0.008100000210106373
YPL194W,YNL250W,1,4.7065234,0.3671875,0.04699999839067459,0.008100000210106373
YDR104C,YJR110W,0,4.7052035,0.3643410801887512,0.04699999839067459,0.008200000040233135
YDR117C,YDL239C,0,4.7008133,0.36153846979141235,0.04699999839067459,0.008299999870359898
YDR117C,YNR070W,0,4.6992245,0.35877862572669983,0.04699999839067459,0.00839999970048666
YHR124W,YKL138C,0,4.69606,0.35606059432029724,0.04699999839067459,0.008500000461935997
YBR065C,YML060W,0,4.6924486,0.35338345170021057,0.04699999839067459,0.00860000029206276
YNL311C,YLR364W,0,4.6853867,0.3507462739944458,0.04699999839067459,0.008700000122189522
YLR320W,YLR418C,1,4.6837792,0.35555556416511536,0.04800000041723251,0.008700000122189522
YLR010C,YPL124W,0,4.6805663,0.3529411852359772,0.04800000041723251,0.008799999952316284
YLR320W,YML061C,1,4.6740923,0.35766422748565674,0.04899999871850014,0.008799999952316284
YDR180W,YLR135W,1,4.6719284,0.36231884360313416,0.05000000074505806,0.008799999952316284
YBR088C,YMR167W,1,4.670943,0.36690646409988403,0.050999999046325684,0.008799999952316284
YDL154W,YHR079C-A,1,4.665988,0.37142857909202576,0.052000001072883606,0.008799999952316284
YCL027C-A,YPL019C,0,4.6637964,0.368794322013855,0.052000001072883606,0.008899999782443047
YNR032W,YIL073C,0,4.663498,0.3661971688270569,0.052000001072883606,0.008999999612569809
YMR094W,YPL258C,0,4.6592665,0.3636363744735718,0.052000001072883606,0.009100000374019146
YLR004C,YOR118W,0,4.653197,0.3611111044883728,0.052000001072883606,0.009200000204145908
YMR303C,YHR172W,0,4.652543,0.35862070322036743,0.052000001072883606,0.00930000003427267
YPL017C,YJR043C,1,4.651796,0.36301368474960327,0.05299999937415123,0.00930000003427267
YBR012W-B,YDR386W,1,4.644253,0.36734694242477417,0.05400000140070915,0.00930000003427267
YGL073W,YPR124W,0,4.6418376,0.36486485600471497,0.05400000140070915,0.009399999864399433
YPL230W,YNL311C,0,4.6364937,0.3624161183834076,0.05400000140070915,0.009499999694526196
YNL328C,YBL003C,0,4.6220098,0.36000001430511475,0.05400000140070915,0.009600000455975533
YLR341W,YGR049W,0,4.619942,0.3576158881187439,0.05400000140070915,0.009700000286102295
YPR175W,YKR077W,0,4.6146708,0.3552631437778473,0.05400000140070915,0.009800000116229057
YPL111W,YLR170C,0,4.612173,0.3529411852359772,0.05400000140070915,0.00989999994635582
YNL077W,YOR334W,0,4.607209,0.350649356842041,0.05400000140070915,0.009999999776482582
YPL271W,YLL010C,0,4.6040716,0.34838709235191345,0.05400000140070915,0.010099999606609344
YPR104C,YHL009C,0,4.600984,0.3461538553237915,0.05400000140070915,0.010200000368058681
YPL017C,YNL210W,1,4.594054,0.35031846165657043,0.054999999701976776,0.010200000368058681
YNL194C,YDR197W,0,4.591302,0.34810125827789307,0.054999999701976776,0.010300000198185444
YNL330C,YNL210W,1,4.5808992,0.3522012531757355,0.0560000017285347,0.010300000198185444
YNL088W,YJL051W,1,4.5808816,0.35624998807907104,0.05700000002980232,0.010300000198185444
YJL051W,YPR164W,1,4.5806265,0.3602484464645386,0.057999998331069946,0.010300000198185444
YDR440W,YMR133W,1,4.579914,0.3641975224018097,0.05900000035762787,0.010300000198185444
YKL033W,YML075C,0,4.578745,0.3619631826877594,0.05900000035762787,0.010400000028312206
YPR075C,YHR011W,0,4.570076,0.35975611209869385,0.05900000035762787,0.010499999858438969
YCR054C,YJR158W,0,4.5591393,0.35757574439048767,0.05900000035762787,0.010599999688565731
YLR396C,YDR522C,0,4.5509367,0.35542169213294983,0.05900000035762787,0.010700000450015068
YNL222W,YER153C,0,4.5464234,0.35329341888427734,0.05900000035762787,0.01080000028014183
YER020W,YJR160C,0,4.5423145,0.3511904776096344,0.05900000035762787,0.010900000110268593
YOR083W,YJL168C,0,4.5317144,0.3491124212741852,0.05900000035762787,0.010999999940395355
YGR224W,YCL045C,0,4.5214825,0.34705883264541626,0.05900000035762787,0.011099999770522118
YML062C,YDR004W,1,4.520403,0.35087719559669495,0.05999999865889549,0.011099999770522118
YHR079C-A,YEL019C,1,4.484281,0.35465115308761597,0.061000000685453415,0.011099999770522118
YPL092W,YDR439W,0,4.4809556,0.35260117053985596,0.061000000685453415,0.01119999960064888
YKR075C,YPR070W,0,4.4708314,0.35057470202445984,0.061000000685453415,0.011300000362098217
YDL159W,YML107C,0,4.4697027,0.34857141971588135,0.061000000685453415,0.01140000019222498
YLR459W,YFR008W,0,4.4672856,0.34659090638160706,0.061000000685453415,0.011500000022351742
YLR288C,YAR009C,1,4.466837,0.3502824902534485,0.06199999898672104,0.011500000022351742
YKR031C,YPL116W,0,4.462767,0.3483146131038666,0.06199999898672104,0.011599999852478504
YLR035C,YNL210W,1,4.461524,0.3519552946090698,0.06300000101327896,0.011599999852478504
YDR027C,YLL052C,0,4.459737,0.3499999940395355,0.06300000101327896,0.011699999682605267
YJR110W,YFL053W,0,4.4594426,0.3480663001537323,0.06300000101327896,0.011800000444054604
YOL034W,YJR027W,1,4.453847,0.35164836049079895,0.06400000303983688,0.011800000444054604
YBR012W-B,YMR045C,1,4.452486,0.35519126057624817,0.06499999761581421,0.011800000444054604
YDL105W,YOR144C,1,4.452468,0.3586956560611725,0.06599999964237213,0.011800000444054604
YLR298C,YPL024W,0,4.449492,0.3567567467689514,0.06599999964237213,0.011900000274181366
YOR144C,YDR004W,1,4.447216,0.36021506786346436,0.06700000166893005,0.011900000274181366
YHR090C,YJR159W,0,4.444236,0.3582887649536133,0.06700000166893005,0.012000000104308128
YER147C,YMR106C,1,4.443352,0.3617021143436432,0.06800000369548798,0.012000000104308128
YBR088C,YMR045C,1,4.4429874,0.3650793731212616,0.0689999982714653,0.012000000104308128
YDL159W,YKL134C,0,4.4426665,0.36315789818763733,0.0689999982714653,0.01209999993443489
YBL009W,YLR090W,0,4.4423127,0.36125653982162476,0.0689999982714653,0.012199999764561653
YGR161C-D,YGR038C-B,1,4.442117,0.3645833432674408,0.07000000029802322,0.012199999764561653
YGR161C-D,YDR210C-D,1,4.4381285,0.3678756356239319,0.07100000232458115,0.012199999764561653
YOR034C,YNR056C,0,4.435455,0.3659793734550476,0.07100000232458115,0.012299999594688416
YBR123C,YCR102C,0,4.432918,0.3641025722026825,0.07100000232458115,0.012400000356137753
YLR263W,YML095C,1,4.4322877,0.36734694242477417,0.07199999690055847,0.012400000356137753
YPR201W,YKL002W,0,4.4315314,0.36548224091529846,0.07199999690055847,0.012500000186264515
YJL003W,YAL034W-A,0,4.431217,0.3636363744735718,0.07199999690055847,0.012600000016391277
YMR045C,YGR038C-B,1,4.431147,0.3668341636657715,0.0729999989271164,0.012600000016391277
YBR073W,YER095W,1,4.4268503,0.3700000047683716,0.07400000095367432,0.012600000016391277
YER160C,YGR038C-B,1,4.4262853,0.3731343150138855,0.07500000298023224,0.012600000016391277
YOL067C,YHL013C,0,4.4239244,0.37128713726997375,0.07500000298023224,0.01269999984651804
YER044C-A,YDL154W,1,4.4218693,0.37438422441482544,0.07599999755620956,0.01269999984651804
YER160C,YPR158W-B,1,4.420551,0.37745097279548645,0.07699999958276749,0.01269999984651804
YDR540C,YGR296W,1,4.408112,0.3804877996444702,0.07800000160932541,0.01269999984651804
YML045W,YCL019W,1,4.408104,0.38349515199661255,0.07900000363588333,0.01269999984651804
YMR050C,YDR386W,1,4.4071913,0.3864734172821045,0.07999999821186066,0.01269999984651804
YMR050C,YHR079C-A,1,4.405963,0.38942307233810425,0.08100000023841858,0.01269999984651804
YGR217W,YIL066C,0,4.4028406,0.38755980134010315,0.08100000023841858,0.012799999676644802
YGL033W,YMR224C,1,4.4015923,0.39047619700431824,0.0820000022649765,0.012799999676644802
YGR161C-D,YDR210W-B,1,4.3992176,0.39336493611335754,0.08299999684095383,0.012799999676644802
YMR045C,YDR098C-B,1,4.396823,0.3962264060974121,0.08399999886751175,0.012799999676644802
YLR288C,YBR098W,1,4.3962183,0.39906102418899536,0.08500000089406967,0.012799999676644802
YPR031W,YDR034C-C,0,4.3958526,0.3971962630748749,0.08500000089406967,0.012900000438094139
YMR283C,YHR096C,0,4.3954005,0.39534884691238403,0.08500000089406967,0.013000000268220901
YGR109C,YDR108W,0,4.394136,0.39351850748062134,0.08500000089406967,0.013100000098347664
YCL019W,YPR158C-D,1,4.392681,0.3963133692741394,0.0860000029206276,0.013100000098347664
YOR192C-B,YNL284C-B,1,4.392228,0.39908257126808167,0.08699999749660492,0.013100000098347664
YPR137C-B,YBR012W-B,1,4.390481,0.4018264710903168,0.08799999952316284,0.013100000098347664
YMR050C,YJR027W,1,4.388364,0.40454545617103577,0.08900000154972076,0.013100000098347664
YCL019W,YNL284C-B,1,4.3866625,0.4072398245334625,0.09000000357627869,0.013100000098347664
YDR210W-B,YOR141C,1,4.3830385,0.4099099040031433,0.09099999815225601,0.013100000098347664
YDR291W,YBL074C,0,4.3826303,0.40807175636291504,0.09099999815225601,0.013199999928474426
YER095W,YLR035C,1,4.38246,0.4107142984867096,0.09200000017881393,0.013199999928474426
YER108C,YKL014C,0,4.3818107,0.40888887643814087,0.09200000017881393,0.013299999758601189
YFL002W-A,YDR210C-D,1,4.3818088,0.4115044176578522,0.09300000220537186,0.013299999758601189
YOL034W,YBL100W-B,1,4.3814197,0.4140969216823578,0.09399999678134918,0.013299999758601189
YHR129C,YLR347C,0,4.378294,0.41228070855140686,0.09399999678134918,0.013399999588727951
YBL075C,YHR001W-A,0,4.377986,0.4104803502559662,0.09399999678134918,0.013500000350177288
YAR071W,YER060W,0,4.3755965,0.40869563817977905,0.09399999678134918,0.01360000018030405
YLR035C,YGL250W,1,4.373548,0.411255419254303,0.0949999988079071,0.01360000018030405
YLR157C-B,YOR141C,1,4.3731365,0.4137931168079376,0.09600000083446503,0.01360000018030405
YDR316W-B,YFL002W-A,1,4.372101,0.4163089990615845,0.09700000286102295,0.01360000018030405
YDL101C,YPR164W,1,4.3671584,0.4188034236431122,0.09799999743700027,0.01360000018030405
YDR098C-B,YOR141C,1,4.3669233,0.42127659916877747,0.0989999994635582,0.01360000018030405
YIL093C,YNL318C,0,4.364571,0.4194915294647217,0.0989999994635582,0.013700000010430813
YER160C,YML045W,1,4.3641486,0.4219409227371216,0.10000000149011612,0.013700000010430813
YGR161C,YDL017W,0,4.3620615,0.42016807198524475,0.10000000149011612,0.013799999840557575
YBR012W-B,YDR365W-B,1,4.361358,0.4225941300392151,0.10100000351667404,0.013799999840557575
YMR190C,YBL100W-B,1,4.361082,0.42500001192092896,0.10199999809265137,0.013799999840557575
YGR296W,YPR158W-B,1,4.3597403,0.4273858964443207,0.10300000011920929,0.013799999840557575
YDR545W,YPR158W-B,1,4.357022,0.42975205183029175,0.10400000214576721,0.013799999840557575
YDR447C,YNL146W,0,4.355181,0.4279835522174835,0.10400000214576721,0.013899999670684338
YGL078C,YHR214C-C,0,4.3520064,0.4262295067310333,0.10400000214576721,0.014000000432133675
YPR137C-B,YGR296W,1,4.351873,0.4285714328289032,0.10499999672174454,0.014000000432133675
YDR316W-B,YPR018W,1,4.3492217,0.43089431524276733,0.10599999874830246,0.014000000432133675
YBR012W-B,YOR144C,1,4.3489122,0.43319839239120483,0.10700000077486038,0.014000000432133675
YGR161C-D,YDR545W,1,4.348548,0.4354838728904724,0.1080000028014183,0.014000000432133675
YOR192C-B,YLR467W,1,4.346346,0.43775099515914917,0.10899999737739563,0.014000000432133675
YPR137C-B,YDL101C,1,4.346211,0.4399999976158142,0.10999999940395355,0.014000000432133675
YER159C-A,YER036C,0,4.344818,0.43824702501296997,0.10999999940395355,0.014100000262260437
YIL127C,YHR214C-C,0,4.3438296,0.4365079402923584,0.10999999940395355,0.0142000000923872
YPR137C-B,YER038C,1,4.3411126,0.4387351870536804,0.11100000143051147,0.0142000000923872
YKL006C-A,YDR437W,0,4.3405514,0.437007874250412,0.11100000143051147,0.014299999922513962
YDR098C-A,YOR347C,0,4.3403254,0.43529412150382996,0.11100000143051147,0.014399999752640724
YMR190C,YNL284C-B,1,4.338011,0.4375,0.1120000034570694,0.014399999752640724
YLR467W,YNL284C-B,1,4.3364367,0.43968871235847473,0.11299999803304672,0.014399999752640724
YOR250C,YKL089W,0,4.3352556,0.43798449635505676,0.11299999803304672,0.014499999582767487
YER147C,YGR038C-B,1,4.3344,0.44015443325042725,0.11400000005960464,0.014499999582767487
YDR300C,YOL103W-A,0,4.333011,0.4384615421295166,0.11400000005960464,0.014600000344216824
YDR316W-A,YPL068C,0,4.332548,0.4367816150188446,0.11400000005960464,0.014700000174343586
YER147C,YPR158W-B,1,4.3321314,0.43893128633499146,0.11500000208616257,0.014700000174343586
YDR545W,YNL210W,1,4.3315897,0.44106462597846985,0.11599999666213989,0.014700000174343586
YHR081W,YGR027W-B,1,4.33028,0.4431818127632141,0.11699999868869781,0.014700000174343586
YDR110W,YGR027W-B,1,4.3302336,0.44528302550315857,0.11800000071525574,0.014700000174343586
YLR157C-B,YBR098W,1,4.328706,0.44736841320991516,0.11900000274181366,0.014700000174343586
YJR019C,YLR318W,0,4.328561,0.44569289684295654,0.11900000274181366,0.014800000004470348
YDR316W-B,YDL101C,1,4.3280573,0.447761207818985,0.11999999731779099,0.014800000004470348
YNL284C-B,YBR098W,1,4.326576,0.4498141407966614,0.12099999934434891,0.014800000004470348
YLR157C-B,YHR167W,1,4.326437,0.45185184478759766,0.12200000137090683,0.014800000004470348
YOR343W-A,YGL095C,0,4.326252,0.45018449425697327,0.12200000137090683,0.01489999983459711
YPL194W,YDR540C,1,4.326207,0.4522058963775635,0.12300000339746475,0.01489999983459711
YDR545W,YDR365W-B,1,4.3250947,0.4542124569416046,0.12399999797344208,0.01489999983459711
YGL107C,YLR227W-A,0,4.3250484,0.45255473256111145,0.12399999797344208,0.014999999664723873
YIL155C,YPR066W,0,4.324918,0.4509090781211853,0.12399999797344208,0.01510000042617321
YGR091W,YNL331C,0,4.3248177,0.4492753744125366,0.12399999797344208,0.015200000256299973
YPR158W-A,YKL181W,0,4.3234367,0.4476534426212311,0.12399999797344208,0.015300000086426735
YFL034C-B,YER054C,0,4.3225007,0.4460431635379791,0.12399999797344208,0.015399999916553497
YMR275C,YOR343W-A,0,4.322,0.4444444477558136,0.12399999797344208,0.01549999974668026
YLR263W,YDR261W-B,1,4.320372,0.4464285671710968,0.125,0.01549999974668026
YKL092C,YPL246C,0,4.319874,0.44483986496925354,0.125,0.015599999576807022
YDR034C-D,YNL284C-B,1,4.318122,0.44680851697921753,0.12600000202655792,0.015599999576807022
YDR210W-B,YNL054W-B,1,4.318122,0.44876325130462646,0.12700000405311584,0.015599999576807022
YOL034W,YMR224C,1,4.3176336,0.4507042169570923,0.12800000607967377,0.015599999576807022
YPR158C-D,YAR007C,1,4.3170204,0.4526315927505493,0.1289999932050705,0.015599999576807022
YER159C-A,YGL099W,0,4.316877,0.45104894042015076,0.1289999932050705,0.015699999406933784
YPR158W-A,YER118C,0,4.316781,0.44947734475135803,0.1289999932050705,0.015799999237060547
YMR190C,YDR365W-B,1,4.3166375,0.4513888955116272,0.12999999523162842,0.015799999237060547
YML098W,YCR070W,0,4.3159494,0.4498269855976105,0.12999999523162842,0.01590000092983246
YJL090C,YGR027W-B,1,4.315632,0.4517241418361664,0.13099999725818634,0.01590000092983246
YCR034W,YGR161W-A,0,4.3143873,0.4501718282699585,0.13099999725818634,0.01600000075995922
YBR102C,YJR159W,0,4.3139887,0.44863012433052063,0.13099999725818634,0.016100000590085983
YER159C-A,YKL152C,0,4.3139563,0.447098970413208,0.13099999725818634,0.016200000420212746
YMR167W,YDR098C-B,1,4.3137646,0.44897958636283875,0.13199999928474426,0.016200000420212746
YER095W,YNL284C-B,1,4.3137164,0.45084744691848755,0.13300000131130219,0.016200000420212746
YLR154W-C,YNR011C,0,4.31306,0.4493243098258972,0.13300000131130219,0.016300000250339508
YBL100W-B,YGR027W-B,1,4.312807,0.4511784613132477,0.1340000033378601,0.016300000250339508
YHL009W-B,YKL011C,1,4.312663,0.4530201256275177,0.13500000536441803,0.016300000250339508
YGR161W-A,YDR520C,0,4.3121367,0.45150500535964966,0.13500000536441803,0.01640000008046627
YDL130W,YGR161W-A,0,4.3118014,0.44999998807907104,0.13500000536441803,0.016499999910593033
YOR005C,YPR158W-B,1,4.3114185,0.4518272280693054,0.13600000739097595,0.016499999910593033
YJL051W,YDR365W-B,1,4.3106523,0.4536423981189728,0.13699999451637268,0.016499999910593033
YOR144C,YLR135W,1,4.3095565,0.4554455578327179,0.1379999965429306,0.016499999910593033
YPR158C-D,YJL173C,1,4.3090963,0.4572368562221527,0.13899999856948853,0.016499999910593033
YFL052W,YDR343C,0,4.3085003,0.4557377099990845,0.13899999856948853,0.016599999740719795
YOR057W,YDR210W-A,0,4.3074923,0.4542483687400818,0.13899999856948853,0.016699999570846558
YDR078C,YGR027W-B,1,4.3072286,0.4560260474681854,0.14000000059604645,0.016699999570846558
YDR316W-B,YPL022W,1,4.307205,0.4577922224998474,0.14100000262260437,0.016699999570846558
YOR192C-B,YJL090C,1,4.3060555,0.45954692363739014,0.1420000046491623,0.016699999570846558
YPL015C,YPR158W-B,1,4.3060317,0.4612903296947479,0.14300000667572021,0.016699999570846558
YER106W,YLR054C,0,4.3052635,0.45980706810951233,0.14300000667572021,0.01679999940097332
YBR193C,YDR261C-C,0,4.3050504,0.4583333432674408,0.14300000667572021,0.016899999231100082
YKR086W,YDR034C-C,0,4.305026,0.4568690061569214,0.14300000667572021,0.017000000923871994
YML045W,YHL009W-B,1,4.3049545,0.4585987329483032,0.14399999380111694,0.017000000923871994
YCR089W,YLL052C,0,4.3033285,0.4571428596973419,0.14399999380111694,0.017100000753998756
YNL054W-B,YBL100W-B,1,4.302943,0.45886075496673584,0.14499999582767487,0.017100000753998756
YPR137C-B,YER147C,1,4.3028717,0.460567831993103,0.1459999978542328,0.017100000753998756
YGL033W,YDR261W-B,1,4.301507,0.46226415038108826,0.1469999998807907,0.017100000753998756
YDR316W-A,YKR077W,0,4.3008366,0.46081504225730896,0.1469999998807907,0.01720000058412552
YNL299W,YPL257W-A,0,4.2999744,0.4593749940395355,0.1469999998807907,0.01730000041425228
YLL018C-A,YAL032C,0,4.299638,0.4579439163208008,0.1469999998807907,0.017400000244379044
YPL121C,YGR038C-B,1,4.299424,0.45962733030319214,0.14800000190734863,0.017400000244379044
YOR192C-B,YPL283C,1,4.299041,0.4613003134727478,0.14900000393390656,0.017400000244379044
YGR082W,YER159C-A,0,4.2988977,0.45987653732299805,0.14900000393390656,0.017500000074505806
YPR158W-A,YJR047C,0,4.2985864,0.45846155285835266,0.14900000393390656,0.01759999990463257
YLR157C-B,YDR440W,1,4.2984667,0.4601227045059204,0.15000000596046448,0.01759999990463257
YOR343W-A,YDR105C,0,4.298131,0.4587155878543854,0.15000000596046448,0.01769999973475933
YGR038C-B,YBR098W,1,4.2980833,0.4603658616542816,0.1509999930858612,0.01769999973475933
YDL143W,YGR027W-A,0,4.2978916,0.45896655321121216,0.1509999930858612,0.017799999564886093
YLR157C-B,YMR167W,1,4.2977724,0.46060606837272644,0.15199999511241913,0.017799999564886093
YPR137C-B,YDR446W,1,4.2977724,0.4622356593608856,0.15299999713897705,0.017799999564886093
YDR365W-A,YER048W-A,0,4.2977,0.46084338426589966,0.15299999713897705,0.017899999395012856
YHR157W,YNL284C-B,1,4.2970343,0.462462455034256,0.15399999916553497,0.017899999395012856
YGR109W-A,YEL047C,0,4.2961025,0.46107783913612366,0.15399999916553497,0.017999999225139618
YOR192C-B,YDR261W-B,1,4.295664,0.46268656849861145,0.1550000011920929,0.017999999225139618
YHL009W-B,YNL054W-B,1,4.293828,0.4642857015132904,0.15600000321865082,0.017999999225139618
YPR137C-B,YGL173C,1,4.2935266,0.4658753573894501,0.15700000524520874,0.017999999225139618
YHL009W-B,YDR261W-B,1,4.2934713,0.4674556255340576,0.15800000727176666,0.017999999225139618
YER044C-A,YMR106C,1,4.293257,0.4690265357494354,0.1589999943971634,0.017999999225139618
YDR246W,YGR161C-C,0,4.2928963,0.4676470458507538,0.1589999943971634,0.01810000091791153
YIL155C,YCL069W,0,4.2925396,0.4662756621837616,0.1589999943971634,0.018200000748038292
YOR192C-A,YHR203C,0,4.29243,0.4649122953414917,0.1589999943971634,0.018300000578165054
YGL167C,YOR192C-A,0,4.2920194,0.46355685591697693,0.1589999943971634,0.018400000408291817
YDR210W-B,YIL082W-A,1,4.291553,0.4651162922382355,0.1599999964237213,0.018400000408291817
YFL002W-A,YMR133W,1,4.2904344,0.46666666865348816,0.16099999845027924,0.018400000408291817
YDR316W-B,YLR135W,1,4.2899914,0.46820810437202454,0.16200000047683716,0.018400000408291817
YPR158W-A,YPL063W,0,4.2895527,0.46685880422592163,0.16200000047683716,0.01850000023841858
YDR316W-B,YER179W,1,4.2895527,0.4683907926082611,0.16300000250339508,0.01850000023841858
YPL060C-A,YGL120C,0,4.2892513,0.467048704624176,0.16300000250339508,0.01860000006854534
YDR316W-B,YHR157W,1,4.289169,0.46857142448425293,0.164000004529953,0.01860000006854534
YPR158W-A,YPL111W,0,4.2891417,0.4672364592552185,0.164000004529953,0.018699999898672104
YFR055W,YBL100W-B,1,4.289135,0.46875,0.16500000655651093,0.018699999898672104
YBR073W,YMR133W,1,4.2887664,0.47025495767593384,0.16599999368190765,0.018699999898672104
YGL173C,YNL284C-B,1,4.288758,0.4717514216899872,0.16699999570846558,0.018699999898672104
YHR142W,YGR109W-A,0,4.287826,0.47042253613471985,0.16699999570846558,0.018799999728798866
YHR157W,YGR038C-B,1,4.2876616,0.47191011905670166,0.1679999977350235,0.018799999728798866
YOR192C-B,YLR376C,1,4.287497,0.4733893573284149,0.16899999976158142,0.018799999728798866
YCR038C,YOR343W-A,0,4.287442,0.4720670282840729,0.16899999976158142,0.01889999955892563
YGL035C,YDR098C-A,0,4.286648,0.470752090215683,0.16899999976158142,0.01899999938905239
YLR175W,YPL060C-A,0,4.286566,0.4694444537162781,0.16899999976158142,0.019099999219179153
YDR316W-A,YER178W,0,4.286264,0.4681440591812134,0.16899999976158142,0.019200000911951065
YKL027W,YGR161C-C,0,4.2858257,0.46685081720352173,0.16899999976158142,0.019300000742077827
YOR192C-B,YML023C,1,4.285771,0.4683195650577545,0.17000000178813934,0.019300000742077827
YDR545W,YGR027W-B,1,4.285634,0.46978020668029785,0.17100000381469727,0.019300000742077827
YHL009W-B,YKL113C,1,4.284565,0.47123289108276367,0.1720000058412552,0.019300000742077827
YDR034C-C,YOR036W,0,4.2835236,0.46994534134864807,0.1720000058412552,0.01940000057220459
YIL093C,YOR156C,0,4.283292,0.46866485476493835,0.1720000058412552,0.019500000402331352
YIL065C,YDR261C-C,0,4.2831397,0.46739131212234497,0.1720000058412552,0.019600000232458115
YHL009W-B,YBR098W,1,4.283085,0.46883469820022583,0.17299999296665192,0.019600000232458115
YER072W,YDR034C-C,0,4.2827973,0.4675675630569458,0.17299999296665192,0.019700000062584877
YHR016C,YDR210W-A,0,4.282523,0.46630728244781494,0.17299999296665192,0.01979999989271164
YCR105W,YIR009W,0,4.2824097,0.4650537669658661,0.17299999296665192,0.019899999722838402
YDR316W-B,YNL330C,1,4.2823315,0.46648794412612915,0.17399999499320984,0.019899999722838402
YJR043C,YGR027W-B,1,4.2822495,0.4679144322872162,0.17499999701976776,0.019899999722838402
YDR120C,YFL053W,0,4.2818055,0.46666666865348816,0.17499999701976776,0.019999999552965164
YDR034C-D,YOL034W,1,4.281715,0.4680851101875305,0.17599999904632568,0.019999999552965164
YDL154W,YDR210W-B,1,4.281331,0.4694960117340088,0.1770000010728836,0.019999999552965164
YCR054C,YOR192C-A,0,4.2811666,0.4682539701461792,0.1770000010728836,0.020099999383091927
YNL054W-B,YNL210W,1,4.2803173,0.4696570038795471,0.17800000309944153,0.020099999383091927
YPL060C-A,YJL033W,0,4.2800016,0.4684210419654846,0.17800000309944153,0.02019999921321869
YDR446W,YHL009W-B,1,4.2799335,0.46981626749038696,0.17900000512599945,0.02019999921321869
YMR045C,YGR027W-B,1,4.2796454,0.4712041914463043,0.18000000715255737,0.02019999921321869
YBR044C,YDR210W-A,0,4.279111,0.4699738919734955,0.18000000715255737,0.0203000009059906
YGL173C,YDR365W-B,1,4.278796,0.4713541567325592,0.1809999942779541,0.0203000009059906
YNR070W,YDL136W,0,4.2787237,0.4701298773288727,0.1809999942779541,0.020400000736117363
YCL027C-A,YNR026C,0,4.2783194,0.46891191601753235,0.1809999942779541,0.020500000566244125
YOR192C-B,YDR446W,1,4.2760005,0.47028422355651855,0.18199999630451202,0.020500000566244125
YLR157C-B,YPR164W,1,4.27585,0.47164949774742126,0.18299999833106995,0.020500000566244125
YDR110W,YDR365W-B,1,4.274918,0.4730077087879181,0.18400000035762787,0.020500000566244125
YGL205W,YOR242C,0,4.2744293,0.47179487347602844,0.18400000035762787,0.020600000396370888
YLR096W,YFL056C,0,4.273456,0.47058823704719543,0.18400000035762787,0.02070000022649765
YGL136C,YDR210W-A,0,4.273274,0.4693877696990967,0.18400000035762787,0.020800000056624413
YKL134C,YOL103W-A,0,4.272493,0.468193382024765,0.18400000035762787,0.020899999886751175
YDR288W,YDR098C-B,1,4.2723694,0.4695431590080261,0.1850000023841858,0.020899999886751175
YJL051W,YPR158W-B,1,4.2722597,0.47088608145713806,0.1860000044107437,0.020899999886751175
YPR137C-B,YNL139C,1,4.271342,0.4722222089767456,0.18700000643730164,0.020899999886751175
YDR098C-A,YEL017C-A,0,4.27115,0.4710327386856079,0.18700000643730164,0.020999999716877937
YDR365W-A,YDR399W,0,4.2711363,0.46984925866127014,0.18700000643730164,0.0210999995470047
YDR210C-D,YLR263W,1,4.2705336,0.47117793560028076,0.18799999356269836,0.0210999995470047
YPL226W,YGR161W-A,0,4.2703347,0.4699999988079071,0.18799999356269836,0.021199999377131462
YLR190W,YDR210W-A,0,4.2702045,0.4688279330730438,0.18799999356269836,0.021299999207258224
YNL139C,YDR098C-B,1,4.270026,0.4701492488384247,0.1889999955892563,0.021299999207258224
YDR545W,YNL054W-B,1,4.269622,0.47146400809288025,0.1899999976158142,0.021299999207258224
YOR192C-B,YDR440W,1,4.2695537,0.4727722704410553,0.19099999964237213,0.021299999207258224
YPR079W,YLR056W,0,4.269184,0.47160494327545166,0.19099999964237213,0.021400000900030136
YDR034C-D,YDR004W,1,4.2689166,0.4729064106941223,0.19200000166893005,0.021400000900030136
YKR031C,YGR027W-A,0,4.268834,0.47174447774887085,0.19200000166893005,0.0215000007301569
YLR263W,YGR038C-B,1,4.2684507,0.4730392098426819,0.19300000369548798,0.0215000007301569
YML023C,YNL284C-B,1,4.2682104,0.47432762384414673,0.1940000057220459,0.0215000007301569
YDR488C,YOR192C,0,4.267919,0.4731707274913788,0.1940000057220459,0.02160000056028366
YDR098C-A,YJR076C,0,4.2663403,0.4720194637775421,0.1940000057220459,0.021700000390410423
YDR034C-D,YDL185W,1,4.2660866,0.473300963640213,0.19499999284744263,0.021700000390410423
YPR158C-D,YDR180W,1,4.265395,0.47457626461982727,0.19599999487400055,0.021700000390410423
YLR035C,YPR158W-B,1,4.264539,0.4758453965187073,0.19699999690055847,0.021700000390410423
YPR158C-D,YPL022W,1,4.264292,0.4771084189414978,0.1979999989271164,0.021700000390410423
YLR135W,YPR158W-B,1,4.263048,0.47836539149284363,0.19900000095367432,0.021700000390410423
YOR056C,YOR192C-A,0,4.2629867,0.4772182106971741,0.19900000095367432,0.021800000220537186
YDR365W-B,YOL006C,1,4.2625823,0.4784688949584961,0.20000000298023224,0.021800000220537186
YDR365W-A,YNL096C,0,4.262483,0.4773269593715668,0.20000000298023224,0.021900000050663948
YER147C,YNL054W-B,1,4.2620068,0.47857141494750977,0.20100000500679016,0.021900000050663948
YPR158W-A,YHR204W,0,4.261219,0.4774346649646759,0.20100000500679016,0.02199999988079071
YPL015C,YOR192C-B,1,4.2610373,0.47867298126220703,0.20200000703334808,0.02199999988079071
YDR316W-A,YLR421C,0,4.2602634,0.47754135727882385,0.20200000703334808,0.022099999710917473
YPL056C,YHR092C,0,4.260127,0.47641509771347046,0.20200000703334808,0.022199999541044235
YGR161C-D,YJL113W,1,4.2599325,0.477647066116333,0.2029999941587448,0.022199999541044235
YAR009C,YJR029W,1,4.2597666,0.47887325286865234,0.20399999618530273,0.022199999541044235
YDR316W-B,YNL312W,1,4.2595787,0.48009368777275085,0.20499999821186066,0.022199999541044235
YNL046W,YNL054W-A,0,4.2592764,0.4789719581604004,0.20499999821186066,0.022299999371170998
YAR009C,YLR135W,1,4.258713,0.48018649220466614,0.20600000023841858,0.022299999371170998
YDR034C-D,YFR055W,1,4.2584343,0.48139533400535583,0.2070000022649765,0.022299999371170998
YGL033W,YNL054W-B,1,4.258003,0.48259860277175903,0.20800000429153442,0.022299999371170998
YNL054W-B,YLR135W,1,4.257433,0.48379629850387573,0.20900000631809235,0.022299999371170998
YGR161C-D,YDL154W,1,4.2568126,0.4849884510040283,0.20999999344348907,0.022299999371170998
YDR110W,YGR161C-D,1,4.256686,0.4861751198768616,0.210999995470047,0.022299999371170998
YBL008W-A,YLR355C,0,4.2563434,0.4850574731826782,0.210999995470047,0.02239999920129776
YOR088W,YLR227W-A,0,4.2563434,0.48394495248794556,0.210999995470047,0.02250000089406967
YGL022W,YAR070W-A,0,4.2563434,0.4828375279903412,0.210999995470047,0.022600000724196434
YBR100W,YFL002W-A,1,4.2563434,0.4840182662010193,0.21199999749660492,0.022600000724196434
YLR419W,YJL018W,0,4.2563434,0.4829157292842865,0.21199999749660492,0.022700000554323196
YPL006W,YAR070W-A,0,4.2563434,0.48181816935539246,0.21199999749660492,0.02280000038444996
YHL018W,YER108C,0,4.2563434,0.48072561621665955,0.21199999749660492,0.02290000021457672
YNL176C,YJL133C-A,0,4.2563434,0.479638010263443,0.21199999749660492,0.023000000044703484
YLR239C,YNL024C-A,0,4.2563434,0.478555291891098,0.21199999749660492,0.023099999874830246
YOR343C-A,YER118C,0,4.2563434,0.477477490901947,0.21199999749660492,0.02319999970495701
YBR100W,YJR029W,1,4.2563434,0.47865167260169983,0.21299999952316284,0.02319999970495701
YGL258W-A,YDR469W,0,4.2563434,0.47757846117019653,0.21299999952316284,0.02329999953508377
YOL086W-A,YPR102C,0,4.2563434,0.47651007771492004,0.21299999952316284,0.023399999365210533
YNL241C,YLR157C-A,0,4.2563434,0.4754464328289032,0.21299999952316284,0.023499999195337296
YOR293W,YLR157C-A,0,4.2563434,0.474387526512146,0.21299999952316284,0.023600000888109207
YOR260W,YHR214W-G,0,4.2563434,0.47333332896232605,0.21299999952316284,0.02370000071823597
YNL024C-A,YIR036C,0,4.2563434,0.47228381037712097,0.21299999952316284,0.023800000548362732
YAL013W,YBL101W-A,0,4.2563434,0.4712389409542084,0.21299999952316284,0.023900000378489494
YOR343C-B,YLR007W,1,4.2563434,0.47240617871284485,0.21400000154972076,0.023900000378489494
YGL250W,YDR210W-D,1,4.2563434,0.47356829047203064,0.2150000035762787,0.023900000378489494
YDR524C-B,YLR225C,0,4.2563434,0.47252747416496277,0.2150000035762787,0.024000000208616257
YDR524C-B,YML034W,0,4.2563434,0.4714912176132202,0.2150000035762787,0.02410000003874302
YGL258W-A,YIL117C,0,4.2563434,0.470459520816803,0.2150000035762787,0.02419999986886978
YKR099C-A,YBL008W-A,0,4.2563434,0.4694323241710663,0.2150000035762787,0.024299999698996544
YHL009W-A,YHR146W,0,4.2563434,0.46840959787368774,0.2150000035762787,0.024399999529123306
YDR135C,YBL008W-A,0,4.2563434,0.46739131212234497,0.2150000035762787,0.02449999935925007
YFL018C,YLR157C-A,0,4.2563434,0.4663774371147156,0.2150000035762787,0.02459999918937683
YOR343C-A,YNL099C,0,4.2563434,0.46536797285079956,0.2150000035762787,0.024700000882148743
YOR343C-B,YNL312W,1,4.2563434,0.4665226638317108,0.2160000056028366,0.024700000882148743
YOR343C-B,YJR043C,1,4.2563434,0.4676724076271057,0.21699999272823334,0.024700000882148743
YOR343C-B,YLR288C,1,4.2563434,0.46881720423698425,0.21799999475479126,0.024700000882148743
YJL018W,YPL108W,0,4.2563434,0.4678111672401428,0.21799999475479126,0.024800000712275505
YOR343C-B,YPR158W-B,1,4.2563434,0.4689507484436035,0.21899999678134918,0.024800000712275505
YCR023C,YCR070W,0,4.2563434,0.46794870495796204,0.21899999678134918,0.024900000542402267
YER160C,YDR210W-D,1,4.2563434,0.46908316016197205,0.2199999988079071,0.024900000542402267
YCL048W-A,YDR038C,0,4.2563434,0.4680851101875305,0.2199999988079071,0.02500000037252903
YPL189C-A,YDR343C,0,4.2563434,0.46709129214286804,0.2199999988079071,0.025100000202655792
YNL024C-A,YNL097C,0,4.2563434,0.4661017060279846,0.2199999988079071,0.025200000032782555
YBR121C,YER053C-A,0,4.2563434,0.4651162922382355,0.2199999988079071,0.025299999862909317
YNL054W-B,YBR136W,1,4.2563434,0.46624472737312317,0.22100000083446503,0.025299999862909317
YBR200W-A,YOR334W,0,4.2563434,0.46526315808296204,0.22100000083446503,0.02539999969303608
YDR386W,YDR210W-D,1,4.2563434,0.4663865566253662,0.22200000286102295,0.02539999969303608
YGL258W-A,YBR048W,0,4.2563434,0.4654088020324707,0.22200000286102295,0.025499999523162842
YNL206C,YJL133C-A,0,4.2563434,0.4644351601600647,0.22200000286102295,0.025599999353289604
YMR125W,YER053C-A,0,4.2563434,0.46346554160118103,0.22200000286102295,0.025699999183416367
YJL090C,YDR210W-D,1,4.2563434,0.4645833373069763,0.22300000488758087,0.025699999183416367
YOR343C-B,YDR446W,1,4.2563434,0.46569645404815674,0.2240000069141388,0.025699999183416367
YHL009W-B,YHR079C-A,1,4.2563434,0.46680498123168945,0.22499999403953552,0.025699999183416367
YOR343C-B,YOL072W,1,4.2563434,0.4679088890552521,0.22599999606609344,0.025699999183416367
YOR343C-A,YGL032C,0,4.2563434,0.46694216132164,0.22599999606609344,0.025800000876188278
YLR157C-A,YJL002C,0,4.2563434,0.46597936749458313,0.22599999606609344,0.02590000070631504
YDR210W-C,YOL140W,0,4.2563434,0.4650205671787262,0.22599999606609344,0.026000000536441803
YDR210W-C,YBL036C,0,4.2563434,0.46406570076942444,0.22599999606609344,0.026100000366568565
YML065W,YJL133C-A,0,4.2563434,0.46311476826667786,0.22599999606609344,0.026200000196695328
YBR100W,YGR038C-B,1,4.2563434,0.46421268582344055,0.22699999809265137,0.026200000196695328
YGR038C-B,YLR320W,1,4.2563434,0.4653061330318451,0.2280000001192093,0.026200000196695328
YNL270C,YJL133C-A,0,4.2563434,0.46435844898223877,0.2280000001192093,0.02630000002682209
YJL089W,YCL048W-A,0,4.2563434,0.46341463923454285,0.2280000001192093,0.026399999856948853
YHR079C-A,YPR158C-D,1,4.2563434,0.46450304985046387,0.2290000021457672,0.026399999856948853
YGR271C-A,YBR200W-A,0,4.2563434,0.4635627567768097,0.2290000021457672,0.026499999687075615
YPR137C-B,YFL003C,1,4.2563434,0.46464645862579346,0.23000000417232513,0.026499999687075615
YOR343C-B,YFR038W,1,4.2563434,0.4657258093357086,0.23100000619888306,0.026499999687075615
YOR158W,YHR214W-G,0,4.2563434,0.4647887349128723,0.23100000619888306,0.026599999517202377
YOR343C-B,YHL024W,1,4.2563434,0.4658634662628174,0.23199999332427979,0.026599999517202377
YOR343C-B,YDR078C,1,4.2563434,0.46693387627601624,0.2329999953508377,0.026599999517202377
YDR210W-C,YMR104C,0,4.2563434,0.4659999907016754,0.2329999953508377,0.02669999934732914
YJL179W,YBL101W-A,0,4.2563434,0.46506986021995544,0.2329999953508377,0.026799999177455902
YGL033W,YOR343C-B,1,4.2563434,0.4661354720592499,0.23399999737739563,0.026799999177455902
YAL011W,YBL101W-A,0,4.2563434,0.4652087390422821,0.23399999737739563,0.026900000870227814
YHR079C-A,YDR210W-B,1,4.2563434,0.466269850730896,0.23499999940395355,0.026900000870227814
YBL008W-A,YDR210W-A,0,4.2563434,0.4653465449810028,0.23499999940395355,0.027000000700354576
YNL025C,YBL008W-A,0,4.2563434,0.4644268751144409,0.23499999940395355,0.02710000053048134
YFR024C,YDL012C,0,4.2563434,0.4635108411312103,0.23499999940395355,0.0272000003606081
YMR050C,YDR210W-D,1,4.2563434,0.4645669162273407,0.23600000143051147,0.0272000003606081
YBR200W-A,YAL034W-A,0,4.2563434,0.46365422010421753,0.23600000143051147,0.027300000190734863
YOR343C-B,YMR224C,1,4.2563434,0.4647058844566345,0.2370000034570694,0.027300000190734863
YLR118C,YFL018W-A,0,4.2563434,0.463796466588974,0.2370000034570694,0.027400000020861626
YLR157C-B,YOR343C-B,1,4.2563434,0.46484375,0.23800000548362732,0.027400000020861626
YFR024C,YNR048W,0,4.2563434,0.4639376103878021,0.23800000548362732,0.027499999850988388
YER053C-A,YPR165W,0,4.2563434,0.4630350172519684,0.23800000548362732,0.02759999968111515
YNL024C-A,YNR055C,0,4.2563434,0.462135910987854,0.23800000548362732,0.027699999511241913
YDR261W-B,YLR320W,1,4.2563434,0.4631783068180084,0.23899999260902405,0.027699999511241913
YOR343C-B,YFL003C,1,4.2563434,0.4642166197299957,0.23999999463558197,0.027699999511241913
YNL024C-A,YOR298C-A,0,4.2563434,0.46332046389579773,0.23999999463558197,0.027799999341368675
YOR343C-B,YML045W,1,4.2563434,0.4643545150756836,0.2409999966621399,0.027799999341368675
YBR100W,YDR261W-B,1,4.2563434,0.4653846025466919,0.24199999868869781,0.027799999341368675
YHR079C-B,YNL284C-B,1,4.2563434,0.466410756111145,0.24300000071525574,0.027799999341368675
YDR210W-B,YDR210W-D,1,4.2563434,0.4674329459667206,0.24400000274181366,0.027799999341368675
YHR079C-A,YDR261W-B,1,4.2563434,0.46845123171806335,0.24500000476837158,0.027799999341368675
YPL198W,YOR343C-A,0,4.2563434,0.46755725145339966,0.24500000476837158,0.027899999171495438
YOR343C-B,YNL250W,1,4.2563434,0.46857142448425293,0.2460000067949295,0.027899999171495438
YDR034C-D,YFL003C,1,4.2563434,0.4695817530155182,0.24699999392032623,0.027899999171495438
YGR048W,YDR524C-B,0,4.2563434,0.4686906933784485,0.24699999392032623,0.02800000086426735
YDR148C,YOR343C-A,0,4.2563434,0.467803031206131,0.24699999392032623,0.02810000069439411
YDL049C,YHR214W-G,0,4.2563434,0.4669187068939209,0.24699999392032623,0.028200000524520874
YNL330C,YDR210W-D,1,4.2563434,0.4679245352745056,0.24799999594688416,0.028200000524520874
YCL048W-A,YLR188W,0,4.2563434,0.46704331040382385,0.24799999594688416,0.028300000354647636
YPL169C,YHR214W-G,0,4.2563434,0.4661654233932495,0.24799999594688416,0.0284000001847744
YGL258W-A,YLR286C,0,4.2563434,0.4652908146381378,0.24799999594688416,0.02850000001490116
YIR013C,YER053C-A,0,4.2563434,0.46441948413848877,0.24799999594688416,0.028599999845027924
YEL032W,YNL024C-A,0,4.2563434,0.46355140209198,0.24799999594688416,0.028699999675154686
YGR161C-D,YBR136W,1,4.2563434,0.46455225348472595,0.24899999797344208,0.028699999675154686
YCR016W,YGL258W-A,0,4.2563434,0.46368715167045593,0.24899999797344208,0.02879999950528145
YHL009W-A,YOR192C,0,4.2563434,0.4628252685070038,0.24899999797344208,0.02889999933540821
YOR343C-A,YER060W-A,0,4.2563434,0.4619666039943695,0.24899999797344208,0.028999999165534973
YHR036W,YJL133C-A,0,4.2563434,0.4611110985279083,0.24899999797344208,0.029100000858306885
YBL008W-A,YLR399C,0,4.2563434,0.4602587819099426,0.24899999797344208,0.029200000688433647
YBR073W,YOR343C-B,1,4.2563434,0.46125462651252747,0.25,0.029200000688433647
YML065W,YDR524C-B,0,4.2563434,0.460405170917511,0.25,0.02930000051856041
YBR090C-A,YBL101W-A,0,4.2563434,0.4595588147640228,0.25,0.029400000348687172
YLR368W,YNL024C-A,0,4.2563434,0.4587155878543854,0.25,0.029500000178813934
YER053C-A,YML091C,0,4.2563434,0.45787546038627625,0.25,0.029600000008940697
YHR214W-G,YBR241C,0,4.2563434,0.45703840255737305,0.25,0.02969999983906746
YMR226C,YCR070W,0,4.2563434,0.4562043845653534,0.25,0.02979999966919422
YJL133C-A,YER166W,0,4.2563434,0.4553734064102173,0.25,0.029899999499320984
YGL258W-A,YBL063W,0,4.2563434,0.4545454680919647,0.25,0.029999999329447746
YDR316W-B,YBR073W,1,4.2563434,0.4555353820323944,0.25099998712539673,0.029999999329447746
YFR032C-A,YDR524C-B,0,4.2563434,0.4547101557254791,0.25099998712539673,0.03009999915957451
YHR079C-B,YCL019W,1,4.2563434,0.4556961953639984,0.25200000405311584,0.03009999915957451
YNL067W,YJL133C-A,0,4.2563434,0.454873651266098,0.25200000405311584,0.03020000085234642
YDR481C,YBL101W-A,0,4.2563434,0.454054057598114,0.25200000405311584,0.030300000682473183
YOL086W-A,YBR056W,0,4.2563434,0.4532374143600464,0.25200000405311584,0.030400000512599945
YOR037W,YHR214W-G,0,4.2563434,0.45242369174957275,0.25200000405311584,0.030500000342726707
YOR192C-B,YHR079C-B,1,4.2563434,0.4534050226211548,0.2529999911785126,0.030500000342726707
YFL035C-A,YCR102C,0,4.2563434,0.45259392261505127,0.2529999911785126,0.03060000017285347
YCL048W-A,YOR315W,0,4.2563434,0.45178571343421936,0.2529999911785126,0.030700000002980232
YMR133W,YDR210W-D,1,4.2563434,0.4527629315853119,0.2540000081062317,0.030700000002980232
YBR100W,YOR192C-B,1,4.2563434,0.45373666286468506,0.2549999952316284,0.030700000002980232
YGL258W-A,YNL217W,0,4.2563434,0.4529307186603546,0.2549999952316284,0.030799999833106995
YHR039C,YGR027W-B,1,4.2563434,0.45390069484710693,0.25600001215934753,0.030799999833106995
YBR171W,YER053C-A,0,4.2563434,0.4530973434448242,0.25600001215934753,0.030899999663233757
YDR210W-C,YNL265C,0,4.2563434,0.45229682326316833,0.25600001215934753,0.03099999949336052
YBL008W-A,YLR272C,0,4.2563434,0.4514991044998169,0.25600001215934753,0.031099999323487282
YGR272C,YPR098C,0,4.2563434,0.4507042169570923,0.25600001215934753,0.031199999153614044
YHL009W-A,YIL136W,0,4.2563434,0.4499121308326721,0.25600001215934753,0.031300000846385956
YEL032W,YGR161C-C,0,4.2563434,0.449122816324234,0.25600001215934753,0.03139999881386757
YHL009W-A,YHR165C,0,4.2563434,0.44833624362945557,0.25600001215934753,0.03150000050663948
YBR123C,YNL024C-A,0,4.2563434,0.4475524425506592,0.25600001215934753,0.031599998474121094
YGL258W-A,YDL229W,0,4.2563434,0.44677138328552246,0.25600001215934753,0.031700000166893005
YER036C,YHR214W-G,0,4.2563434,0.445993036031723,0.25600001215934753,0.03180000185966492
YPL149W,YLR157C-A,0,4.2563434,0.44521740078926086,0.25600001215934753,0.03189999982714653
YDR365W-B,YDR261W-B,1,4.2560153,0.4461805522441864,0.25699999928474426,0.03189999982714653
YBR012W-B,YGR027W-B,1,4.2558184,0.4471403956413269,0.257999986410141,0.03189999982714653
YOR144C,YNL054W-B,1,4.2553163,0.4480968713760376,0.2590000033378601,0.03189999982714653
YFR032C-A,YLR312C-B,0,4.2552414,0.4473229646682739,0.2590000033378601,0.03200000151991844
YNL312W,YPR158W-B,1,4.2550154,0.4482758641242981,0.25999999046325684,0.03200000151991844
YHL009W-B,YDL154W,1,4.2546287,0.4492254853248596,0.26100000739097595,0.03200000151991844
YGL249W,YBR203W,0,4.25459,0.4484536051750183,0.26100000739097595,0.032099999487400055
YOR368W,YDR034C-D,1,4.2542505,0.4493996500968933,0.2619999945163727,0.032099999487400055
YER095W,YLR135W,1,4.2537236,0.45034247636795044,0.2630000114440918,0.032099999487400055
YDR210C-D,YDR288W,1,4.252599,0.4512820541858673,0.2639999985694885,0.032099999487400055
YGL173C,YDR261W-B,1,4.2525415,0.4522184431552887,0.26499998569488525,0.032099999487400055
YDR034C-D,YMR001C,1,4.2524385,0.4531516134738922,0.26600000262260437,0.032099999487400055
YDR365W-B,YDR078C,1,4.25241,0.45408162474632263,0.2669999897480011,0.032099999487400055
YHL024W,YDR210W-B,1,4.252118,0.45500847697257996,0.2680000066757202,0.032099999487400055
YGL127C,YGR027W-B,1,4.2520504,0.4559321999549866,0.26899999380111694,0.032099999487400055
YDL185W,YDR365W-B,1,4.2512956,0.4568527936935425,0.27000001072883606,0.032099999487400055
YNL039W,YFR053C,0,4.251248,0.4560810923576355,0.27000001072883606,0.03220000118017197
YDR386W,YNL054W-B,1,4.251246,0.4569983184337616,0.2709999978542328,0.03220000118017197
YHR113W,YCL012W,0,4.250993,0.45622894167900085,0.2709999978542328,0.03229999914765358
YDR166C,YJL062W-A,0,4.250833,0.45546218752861023,0.2709999978542328,0.03240000084042549
YDR365W-A,YMR024W,0,4.2501745,0.45469799637794495,0.2709999978542328,0.032499998807907104
YML023C,YPR158W-B,1,4.2499824,0.45561137795448303,0.2720000147819519,0.032499998807907104
YDR210W-B,YGL250W,1,4.249509,0.45652174949645996,0.27300000190734863,0.032499998807907104
YOR192C-B,YNL139C,1,4.247943,0.45742905139923096,0.27399998903274536,0.032499998807907104
YDR116C,YHR214C-C,0,4.247302,0.4566666781902313,0.27399998903274536,0.032600000500679016
YDR210C-D,YNL250W,1,4.247216,0.4575707018375397,0.2750000059604645,0.032600000500679016
YGR296W,YNL054W-B,1,4.2470956,0.45847177505493164,0.2759999930858612,0.032600000500679016
YHL009W-B,YDL105W,1,4.247039,0.45936980843544006,0.2770000100135803,0.032600000500679016
YDR316W-B,YLR263W,1,4.2469387,0.4602648913860321,0.27799999713897705,0.032600000500679016
YJL189W,YDR210W-A,0,4.246697,0.4595041275024414,0.27799999713897705,0.03269999846816063
YFR047C,YDR248C,0,4.245924,0.4587458670139313,0.27799999713897705,0.03280000016093254
YDR365W-B,YPL022W,1,4.2453017,0.4596375524997711,0.27900001406669617,0.03280000016093254
YDR261C-C,YOR132W,0,4.2452946,0.45888158679008484,0.27900001406669617,0.03290000185370445
YMR224C,YPR158C-D,1,4.2451663,0.4597701132297516,0.2800000011920929,0.03290000185370445
YBR073W,YPL121C,1,4.2451286,0.46065574884414673,0.2809999883174896,0.03290000185370445
YDR045C,YGR109W-A,0,4.244995,0.4599018096923828,0.2809999883174896,0.032999999821186066
YMR050C,YOL072W,1,4.2447214,0.46078431606292725,0.28200000524520874,0.032999999821186066
YER044C-A,YDR098C-B,1,4.244312,0.46166396141052246,0.28299999237060547,0.032999999821186066
YCL019W,YDR261W-B,1,4.24407,0.46254071593284607,0.2840000092983246,0.032999999821186066
YMR224C,YPR158W-B,1,4.2438564,0.46341463923454285,0.2849999964237213,0.032999999821186066
YNR011C,YJL170C,0,4.243608,0.46266233921051025,0.2849999964237213,0.03310000151395798
YMR050C,YGR027W-B,1,4.2434006,0.4635332226753235,0.28600001335144043,0.03310000151395798
YHR079C-B,YNL339C,1,4.243022,0.4644013047218323,0.28700000047683716,0.03310000151395798
YGR227W,YLR307W,0,4.242971,0.46365106105804443,0.28700000047683716,0.03319999948143959
YNL250W,YGR038C-B,1,4.242837,0.46451613306999207,0.2879999876022339,0.03319999948143959
YOR192C-A,YCR107W,0,4.2419806,0.4637681245803833,0.2879999876022339,0.0333000011742115
YOR368W,YDR316W-B,1,4.2414966,0.46463021636009216,0.289000004529953,0.0333000011742115
YMR001C,YNL284C-B,1,4.241124,0.46548956632614136,0.28999999165534973,0.0333000011742115
YBL075C,YLR313C,0,4.2409105,0.46474358439445496,0.28999999165534973,0.033399999141693115
YIL031W,YDR210W-A,0,4.240275,0.46399998664855957,0.28999999165534973,0.03350000083446503
YCR040W,YNL054W-A,0,4.2398725,0.4632587730884552,0.28999999165534973,0.03359999880194664
YOR192C-A,YGL023C,0,4.2391725,0.46251994371414185,0.28999999165534973,0.03370000049471855
YDR210C-D,YBR279W,1,4.238383,0.4633758068084717,0.29100000858306885,0.03370000049471855
YOR354C,YDR261W-B,1,4.237876,0.46422892808914185,0.2919999957084656,0.03370000049471855
YDR210C-D,YHL009W-B,1,4.2371907,0.4650793671607971,0.2930000126361847,0.03370000049471855
YER015W,YPR022C,0,4.2370944,0.464342325925827,0.2930000126361847,0.033799998462200165
YER160C,YHL009W-B,1,4.2370863,0.4651898741722107,0.2939999997615814,0.033799998462200165
YLR040C,YPL056C,0,4.2370496,0.4644549787044525,0.2939999997615814,0.033900000154972076
YPR137C-B,YDL154W,1,4.2367887,0.46529969573020935,0.29499998688697815,0.033900000154972076
YMR190C,YDR540C,1,4.236763,0.4661417305469513,0.29600000381469727,0.033900000154972076
YHL009W-B,YER095W,1,4.236744,0.4669811427593231,0.296999990940094,0.033900000154972076
YMR001C,YDR098C-B,1,4.2360287,0.46781790256500244,0.2980000078678131,0.033900000154972076
YPL204W,YGR027W-A,0,4.235835,0.4670846462249756,0.2980000078678131,0.03400000184774399
YPL164C,YDR261W-B,1,4.235418,0.46791863441467285,0.29899999499320984,0.03400000184774399
YGR038C-B,YJL113W,1,4.2346134,0.46875,0.30000001192092896,0.03400000184774399
YER159C-A,YPL209C,0,4.234375,0.46801871061325073,0.30000001192092896,0.0340999998152256
YJL062W-A,YOR196C,0,4.234069,0.4672897160053253,0.30000001192092896,0.03420000150799751
YGR161C-D,YOR144C,1,4.233511,0.46811819076538086,0.3009999990463257,0.03420000150799751
YJL051W,YDR098C-B,1,4.2321997,0.46894410252571106,0.3019999861717224,0.03420000150799751
YFL047W,YDR210W-A,0,4.2309484,0.46821704506874084,0.3019999861717224,0.034299999475479126
YJL158C,YCL062W,0,4.230904,0.4674922525882721,0.3019999861717224,0.03440000116825104
YDR402C,YJR022W,0,4.230788,0.4667696952819824,0.3019999861717224,0.03449999913573265
YOR258W,YJL062W-A,0,4.230649,0.4660493731498718,0.3019999861717224,0.03460000082850456
YHL009W-B,YHR167W,1,4.230546,0.46687209606170654,0.30300000309944153,0.03460000082850456
YDR210C-D,YNL312W,1,4.230278,0.4676923155784607,0.30399999022483826,0.03460000082850456
YBR030W,YDR170W-A,0,4.2299767,0.4669739007949829,0.30399999022483826,0.034699998795986176
YDR221W,YDR261C-C,0,4.2294292,0.46625766158103943,0.30399999022483826,0.03480000048875809
YOR058C,YFL035C-A,0,4.229192,0.465543657541275,0.30399999022483826,0.0348999984562397
YDR098C-A,YBR297W,0,4.2284307,0.46483179926872253,0.30399999022483826,0.03500000014901161
YPR158W-A,YOR391C,0,4.228371,0.46412214636802673,0.30399999022483826,0.035100001841783524
YOR094W,YDR261C-C,0,4.2277904,0.46341463923454285,0.30399999022483826,0.03519999980926514
YGR227W,YPL021W,0,4.227429,0.4627092778682709,0.30399999022483826,0.03530000150203705
YLR069C,YNR071C,0,4.226371,0.4620060920715332,0.30399999022483826,0.03539999946951866
YOL034W,YJL090C,1,4.2252665,0.46282246708869934,0.3050000071525574,0.03539999946951866
YPL060C-A,YOR214C,0,4.225168,0.46212121844291687,0.3050000071525574,0.03550000116229057
YPL060C-A,YDR289C,0,4.224721,0.4614220857620239,0.3050000071525574,0.035599999129772186
YIL093C,YJL021C,0,4.2247095,0.4607250690460205,0.3050000071525574,0.0357000008225441
YHR157W,YDR180W,1,4.224112,0.4615384638309479,0.3059999942779541,0.0357000008225441
YDR034C-D,YGL127C,1,4.223976,0.46234938502311707,0.3070000112056732,0.0357000008225441
YDR316W-B,YBR160W,1,4.223887,0.46315789222717285,0.30799999833106995,0.0357000008225441
YMR190C,YNL054W-B,1,4.2237973,0.46396395564079285,0.3089999854564667,0.0357000008225441
YHL044W,YKL089W,0,4.222634,0.46326836943626404,0.3089999854564667,0.03579999879002571
YJL051W,YDR440W,1,4.221491,0.4640718698501587,0.3100000023841858,0.03579999879002571
YPR137C-B,YOL006C,1,4.221384,0.46487295627593994,0.3109999895095825,0.03579999879002571
YDR210C-D,YJR043C,1,4.221175,0.4656716287136078,0.31200000643730164,0.03579999879002571
YGL195W,YOR192C-A,0,4.2208476,0.4649776518344879,0.31200000643730164,0.03590000048279762
YOR367W,YFL035C-A,0,4.220828,0.4642857015132904,0.31200000643730164,0.035999998450279236
YLR417W,YDR080W,0,4.2201943,0.46359583735466003,0.31200000643730164,0.03610000014305115
YLR070C,YGR109W-A,0,4.2201624,0.462907999753952,0.31200000643730164,0.03620000183582306
YPR158W-A,YIL009W,0,4.2200136,0.46222221851348877,0.31200000643730164,0.03629999980330467
YPL141C,YNL197C,0,4.2198315,0.4615384638309479,0.31200000643730164,0.036400001496076584
YDR034C-D,YML061C,1,4.219358,0.4623338282108307,0.31299999356269836,0.036400001496076584
YOR144C,YGR038C-B,1,4.2187023,0.4631268382072449,0.3140000104904175,0.036400001496076584
YKL011C,YDR098C-B,1,4.2184935,0.4639175236225128,0.3149999976158142,0.036400001496076584
YDL164C,YPR158W-B,1,4.2182255,0.4647058844566345,0.3160000145435333,0.036400001496076584
YPR158W-A,YNL145W,0,4.218136,0.46402350068092346,0.3160000145435333,0.0364999994635582
YHL009W-B,YPR158W-B,1,4.2177787,0.464809387922287,0.31700000166893005,0.0364999994635582
YPR137C-B,YNL250W,1,4.217719,0.46559298038482666,0.3179999887943268,0.0364999994635582
YDL185W,YGR038C-B,1,4.2167063,0.4663742780685425,0.3190000057220459,0.0364999994635582
YDR034C-D,YJR027W,1,4.2167063,0.46715328097343445,0.3199999928474426,0.0364999994635582
YLR376C,YAR009C,1,4.216344,0.46793001890182495,0.32100000977516174,0.0364999994635582
YGR161C-D,YLR007W,1,4.2155437,0.4687045216560364,0.32199999690055847,0.0364999994635582
YOR192C-B,YKL011C,1,4.2151566,0.46947672963142395,0.3230000138282776,0.0364999994635582
YDR034C-C,YOR253W,0,4.2144713,0.4687953591346741,0.3230000138282776,0.03660000115633011
YDL154W,YDR365W-B,1,4.2144117,0.469565212726593,0.3240000009536743,0.03660000115633011
YGR161C-D,YOR354C,1,4.212892,0.4703328609466553,0.32499998807907104,0.03660000115633011
YOL076W,YJL062W-A,0,4.211409,0.4696531891822815,0.32499998807907104,0.03669999912381172
YER095W,YDR261W-B,1,4.2113724,0.4704184830188751,0.32600000500679016,0.03669999912381172
YGR165W,YDR316W-A,0,4.2111216,0.469740629196167,0.32600000500679016,0.03680000081658363
YPR034W,YOR343W-A,0,4.2105985,0.46906474232673645,0.32600000500679016,0.03689999878406525
YCL069W,YNL222W,0,4.209966,0.4683907926082611,0.32600000500679016,0.03700000047683716
YOR028C,YDR210W-A,0,4.209912,0.46771878004074097,0.32600000500679016,0.03709999844431877
YBR088C,YGR027W-B,1,4.2087345,0.4684813618659973,0.3269999921321869,0.03709999844431877
YHR005C,YHR214C-C,0,4.2086034,0.4678111672401428,0.3269999921321869,0.03720000013709068
YKL113C,YDR261W-B,1,4.207796,0.46857142448425293,0.328000009059906,0.03720000013709068
YOR316C,YPL060C-A,0,4.207796,0.4679029881954193,0.328000009059906,0.037300001829862595
YDR316W-B,YFR038W,1,4.2073135,0.46866098046302795,0.32899999618530273,0.037300001829862595
YCL019W,YOL072W,1,4.2070074,0.4694167971611023,0.33000001311302185,0.037300001829862595
YDR365W-B,YEL019C,1,4.206003,0.4701704680919647,0.3310000002384186,0.037300001829862595
YHR214C-C,YGL157W,0,4.2052794,0.4695035517215729,0.3310000002384186,0.03739999979734421
YDR052C,YNL054W-A,0,4.2047276,0.46883851289749146,0.3310000002384186,0.03750000149011612
YPR137C-B,YML095C,1,4.2038655,0.46958982944488525,0.3319999873638153,0.03750000149011612
YDL185W,YDR098C-B,1,4.2026935,0.47033897042274475,0.3330000042915344,0.03750000149011612
YLR157C-B,YFR038W,1,4.202521,0.4710860252380371,0.33399999141693115,0.03750000149011612
YOR192C-B,YLR007W,1,4.20228,0.47183099389076233,0.33500000834465027,0.03750000149011612
YNL250W,YDR098C-B,1,4.202245,0.472573846578598,0.335999995470047,0.03750000149011612
YNL054W-B,YJL090C,1,4.2021766,0.4733146131038666,0.3370000123977661,0.03750000149011612
YBL060W,YOL052C-A,0,4.2018914,0.47265076637268066,0.3370000123977661,0.03759999945759773
YNL330C,YHL009W-B,1,4.201349,0.4733893573284149,0.33799999952316284,0.03759999945759773
YPL155C,YBL100W-A,0,4.2009525,0.4727272689342499,0.33799999952316284,0.037700001150369644
YOR192C-B,YML062C,1,4.2007627,0.47346368432044983,0.33899998664855957,0.037700001150369644
YOL086W-A,YDL025C,0,4.2003937,0.47280335426330566,0.33899998664855957,0.03779999911785126
YNL284C-B,YLR418C,1,4.199832,0.4735375940799713,0.3400000035762787,0.03779999911785126
YDR110W,YBL100W-B,1,4.1982307,0.4742698073387146,0.3409999907016754,0.03779999911785126
YMR167W,YGR027W-B,1,4.197384,0.4749999940395355,0.34200000762939453,0.03779999911785126
YPR007C,YKR077W,0,4.196327,0.47434118390083313,0.34200000762939453,0.03790000081062317
YKL081W,YDR261C-C,0,4.1955566,0.4736842215061188,0.34200000762939453,0.03799999877810478
YJR027W,YDR365W-B,1,4.1953154,0.4744121730327606,0.34299999475479126,0.03799999877810478
YPL022W,YGR027W-B,1,4.1946945,0.4751381278038025,0.3440000116825104,0.03799999877810478
YOR065W,YOL103W-A,0,4.194591,0.4744827449321747,0.3440000116825104,0.038100000470876694
YLL026W,YGR049W,0,4.1937027,0.4738292098045349,0.3440000116825104,0.03819999843835831
YDL105W,YOR141C,1,4.1914606,0.4745529592037201,0.3449999988079071,0.03819999843835831
YFR038W,YPR158W-B,1,4.1913505,0.4752747118473053,0.34599998593330383,0.03819999843835831
YOL006C,YGR027W-B,1,4.1904535,0.4759945273399353,0.34700000286102295,0.03819999843835831
YML027W,YOR343W-A,0,4.1894884,0.47534245252609253,0.34700000286102295,0.03830000013113022
YLR007W,YDR261W-B,1,4.1893506,0.4760601818561554,0.3479999899864197,0.03830000013113022
YMR190C,YGR027W-B,1,4.1890745,0.4767759442329407,0.3490000069141388,0.03830000013113022
YHR072W-A,YPR098C,0,4.188937,0.4761255085468292,0.3490000069141388,0.03840000182390213
YDR363W-A,YHR214C-C,0,4.187834,0.47547683119773865,0.3490000069141388,0.03849999979138374
YDR034C-D,YLR288C,1,4.1876955,0.4761904776096344,0.3499999940395355,0.03849999979138374
YKL011C,YPR158W-B,1,4.1876955,0.47690218687057495,0.35100001096725464,0.03849999979138374
YPR158W-A,YIL123W,0,4.1876955,0.4762550890445709,0.35100001096725464,0.038600001484155655
YPL021W,YIL023C,0,4.1874866,0.47560974955558777,0.35100001096725464,0.03869999945163727
YDR540C,YJL090C,1,4.1868124,0.4763193428516388,0.35199999809265137,0.03869999945163727
YBR240C,YGR161W-A,0,4.1867304,0.47567567229270935,0.35199999809265137,0.03880000114440918
YCL054W,YDR210W-A,0,4.1866612,0.4750337302684784,0.35199999809265137,0.03889999911189079
YNL054W-B,YOR005C,1,4.1865234,0.4757412374019623,0.3529999852180481,0.03889999911189079
YHR214C-C,YOR233W,0,4.185903,0.47510093450546265,0.3529999852180481,0.039000000804662704
YMR288W,YDR130C,0,4.185194,0.4744623601436615,0.3529999852180481,0.03909999877214432
YDR482C,YML033W,0,4.185187,0.47382551431655884,0.3529999852180481,0.03920000046491623
YDR098C-B,YJR043C,1,4.184662,0.4745308458805084,0.3540000021457672,0.03920000046491623
YDR316W-B,YML095C,1,4.184386,0.4752342700958252,0.35499998927116394,0.03920000046491623
YGR060W,YOR386W,0,4.18361,0.4745989441871643,0.35499998927116394,0.03929999843239784
YER160C,YDL185W,1,4.1831007,0.4753004014492035,0.35600000619888306,0.03929999843239784
YJR027W,YDR386W,1,4.182748,0.47600001096725464,0.3569999933242798,0.03929999843239784
YOR192C-B,YLR418C,1,4.1823864,0.47669774293899536,0.3580000102519989,0.03929999843239784
YNL088W,YLR157C-B,1,4.1803174,0.47739362716674805,0.35899999737739563,0.03929999843239784
YCR092C,YMR045C,1,4.1801214,0.4780876636505127,0.36000001430511475,0.03929999843239784
YOR253W,YHR184W,0,4.179532,0.4774535894393921,0.36000001430511475,0.039400000125169754
YLR467W,YBL100W-B,1,4.1788073,0.47814568877220154,0.3610000014305115,0.039400000125169754
YGR161C-D,YLR418C,1,4.1781797,0.47883597016334534,0.3619999885559082,0.039400000125169754
YPR008W,YER159C-A,0,4.1759043,0.4782034456729889,0.3619999885559082,0.039500001817941666
YNL181W,YDR210W-A,0,4.1752834,0.47757256031036377,0.3619999885559082,0.03959999978542328
YBL066C,YPL060C-A,0,4.1727324,0.47694334387779236,0.3619999885559082,0.03970000147819519
YHR102W,YBL009W,0,4.172146,0.47631579637527466,0.3619999885559082,0.039799999445676804
YPR158W-B,YLR418C,1,4.1715603,0.47700393199920654,0.3630000054836273,0.039799999445676804
YDL105W,YPR158C-D,1,4.1712847,0.47769027948379517,0.36399999260902405,0.039799999445676804
YDR210C-D,YPL017C,1,4.1708016,0.4783748388290405,0.36500000953674316,0.039799999445676804
YBR122C,YLL052C,0,4.170503,0.47774869203567505,0.36500000953674316,0.039900001138448715
YNL250W,YJL113W,1,4.168532,0.47843137383461,0.3659999966621399,0.039900001138448715
YKR086W,YGL061C,0,4.1684284,0.47780677676200867,0.3659999966621399,0.03999999910593033
YNL054W-B,YGL250W,1,4.1680436,0.47848761081695557,0.367000013589859,0.03999999910593033
YPR137C-B,YDR004W,1,4.1667333,0.4791666567325592,0.36800000071525574,0.03999999910593033
YER054C,YCR067C,0,4.1662054,0.47854354977607727,0.36800000071525574,0.04010000079870224
YGR161C-D,YJR029W,1,4.165837,0.47922077775001526,0.36899998784065247,0.04010000079870224
YER045C,YOR192C-A,0,4.165492,0.4785992205142975,0.36899998784065247,0.04019999876618385
YBR107C,YJL092W,0,4.1650305,0.47797927260398865,0.36899998784065247,0.040300000458955765
YDL105W,YDR365W-B,1,4.1617002,0.4786545932292938,0.3700000047683716,0.040300000458955765
YLR288C,YOR144C,1,4.1612744,0.4793281555175781,0.3709999918937683,0.040300000458955765
YIL031W,YOL086W-A,0,4.1604295,0.4787096679210663,0.3709999918937683,0.04039999842643738
YHR124W,YPR110C,0,4.159228,0.4780927896499634,0.3709999918937683,0.04050000011920929
YIR008C,YOR190W,0,4.1585026,0.477477490901947,0.3709999918937683,0.0406000018119812
YDL134C-A,YDR435C,0,4.158142,0.4768637418746948,0.3709999918937683,0.040699999779462814
YML034W,YJR159W,0,4.1576395,0.47625160217285156,0.3709999918937683,0.040800001472234726
YDR365W-B,YFR038W,1,4.156286,0.4769230782985687,0.3720000088214874,0.040800001472234726
YGR161W-A,YJR125C,0,4.1543307,0.47631242871284485,0.3720000088214874,0.04089999943971634
YGR038C-B,YDR004W,1,4.1535034,0.47698208689689636,0.37299999594688416,0.04089999943971634
YDL095W,YPL257W-A,0,4.152526,0.47637292742729187,0.37299999594688416,0.04100000113248825
YHR153C,YJL173C,1,4.1522565,0.4770408272743225,0.37400001287460327,0.04100000113248825
YHR153C,YDL164C,1,4.15209,0.47770699858665466,0.375,0.04100000113248825
YOL034W,YDR113C,1,4.1518273,0.4783715009689331,0.37599998712539673,0.04100000113248825
YNL014W,YPL257W-A,0,4.151473,0.47776365280151367,0.37599998712539673,0.041099999099969864
YML076C,YPL257W-A,0,4.1513224,0.4771573543548584,0.37599998712539673,0.041200000792741776
YDR034C-D,YDL154W,1,4.1513224,0.4778200387954712,0.37700000405311584,0.041200000792741776
YNL328C,YBR008C,0,4.1500473,0.4772152006626129,0.37700000405311584,0.04129999876022339
YNL012W,YOL103W-A,0,4.1487656,0.4766118824481964,0.37700000405311584,0.0414000004529953
YDR098C-A,YMR052W,0,4.14869,0.47601011395454407,0.37700000405311584,0.04149999842047691
YAL034W-A,YMR283C,0,4.146805,0.4754098355770111,0.37700000405311584,0.041600000113248825
YLR157C-B,YJR029W,1,4.1458325,0.4760705232620239,0.3779999911785126,0.041600000113248825
YDR004W,YJL173C,1,4.144302,0.4767295718193054,0.3790000081062317,0.041600000113248825
YMR170C,YHR105W,0,4.1429253,0.4761306643486023,0.3790000081062317,0.04170000180602074
YOL105C,YJL168C,0,4.142385,0.47553324699401855,0.3790000081062317,0.04179999977350235
YPL005W,YLR308W,0,4.1406746,0.4749373495578766,0.3790000081062317,0.04190000146627426
YGR161W-A,YOR171C,0,4.1402674,0.474342942237854,0.3790000081062317,0.041999999433755875
YGR027W-A,YIL010W,0,4.137936,0.4737499952316284,0.3790000081062317,0.042100001126527786
YLR131C,YJL062W-A,0,4.1379066,0.4731585383415222,0.3790000081062317,0.0421999990940094
YEL019C,YBL100W-B,1,4.1364384,0.4738154709339142,0.3799999952316284,0.0421999990940094
YKL158W,YGL243W,0,4.134829,0.4732254147529602,0.3799999952316284,0.04230000078678131
YOR192C-B,YDL105W,1,4.1346273,0.4738805890083313,0.38100001215934753,0.04230000078678131
YPL173W,YMR280C,0,4.133957,0.47329193353652954,0.38100001215934753,0.042399998754262924
YEL004W,YNL164C,0,4.1326847,0.4727047085762024,0.38100001215934753,0.042500000447034836
YJL062W-A,YAL023C,0,4.1305084,0.47211897373199463,0.38100001215934753,0.04259999841451645
YBR003W,YGL240W,0,4.1288743,0.4715346395969391,0.38100001215934753,0.04270000010728836
YDR034C-C,YDL156W,0,4.1280847,0.47095179557800293,0.38100001215934753,0.04280000180006027
YLR157C-B,YJR027W,1,4.1280847,0.47160494327545166,0.38199999928474426,0.04280000180006027
YAR009C,YMR001C,1,4.127869,0.47225648164749146,0.382999986410141,0.04280000180006027
YER025W,YCR070W,0,4.126979,0.4716748893260956,0.382999986410141,0.042899999767541885
YBR049C,YCR058C,0,4.126714,0.47109469771385193,0.382999986410141,0.0430000014603138
YGR062C,YKR105C,0,4.1255403,0.4705159664154053,0.382999986410141,0.04309999942779541
YGL047W,YOL103W-A,0,4.124625,0.46993863582611084,0.382999986410141,0.04320000112056732
YOR088W,YKR049C,0,4.1234217,0.469362735748291,0.382999986410141,0.043299999088048935
YLR312C-B,YFL039C,0,4.122471,0.4687882363796234,0.382999986410141,0.04340000078082085
YJR027W,YPR158C-D,1,4.1201134,0.4694376587867737,0.3840000033378601,0.04340000078082085
YBR084C-A,YAR066W,0,4.119914,0.46886447072029114,0.3840000033378601,0.04349999874830246
YPR003C,YER058W,0,4.11968,0.4682926833629608,0.3840000033378601,0.04360000044107437
YML045W,YER044C-A,1,4.11942,0.4689403176307678,0.38499999046325684,0.04360000044107437
YFL009W,YJL021C,0,4.1183095,0.46836984157562256,0.38499999046325684,0.043699998408555984
YLR157C-B,YDR004W,1,4.11718,0.46901580691337585,0.38600000739097595,0.043699998408555984
YJL156C,YGL061C,0,4.111257,0.46844661235809326,0.38600000739097595,0.043800000101327896
YBR100W,YCR092C,1,4.1095114,0.46909090876579285,0.3869999945163727,0.043800000101327896
YHR206W,YJL168C,0,4.108388,0.4685229957103729,0.3869999945163727,0.04390000179409981
YER091C,YGR125W,0,4.1074443,0.4679564833641052,0.3869999945163727,0.04399999976158142
YMR192W,YLR227W-A,0,4.1072536,0.46739131212234497,0.3869999945163727,0.04410000145435333
YLR035C-A,YDR099W,0,4.1060286,0.46682751178741455,0.3869999945163727,0.044199999421834946
YDR352W,YER102W,0,4.105275,0.4662650525569916,0.3869999945163727,0.04430000111460686
YLR288C,YMR045C,1,4.101442,0.4669073522090912,0.3880000114440918,0.04430000111460686
YPR158W-A,YGR166W,0,4.0995827,0.4663461446762085,0.3880000114440918,0.04439999908208847
YLR008C,YPL257W-A,0,4.097026,0.46578630805015564,0.3880000114440918,0.04450000077486038
YHL009W-B,YHL024W,1,4.096875,0.4664268493652344,0.3889999985694885,0.04450000077486038
YML021C,YDR438W,0,4.0952854,0.4658682644367218,0.3889999985694885,0.044599998742341995
YHL006C,YDR098C-B,1,4.09492,0.4665071666240692,0.38999998569488525,0.044599998742341995
YHR079C-B,YLR007W,1,4.094456,0.46714457869529724,0.39100000262260437,0.044599998742341995
YDL095W,YDL134C-A,0,4.0923376,0.4665871262550354,0.39100000262260437,0.04470000043511391
YJR090C,YML047C,0,4.0890074,0.4660309851169586,0.39100000262260437,0.04479999840259552
YBR090C-A,YNR020C,0,4.088085,0.4654761850833893,0.39100000262260437,0.04490000009536743
YDL038C,YMR311C,0,4.0879235,0.464922696352005,0.39100000262260437,0.04500000178813934
YBR073W,YLR135W,1,4.087533,0.4655582010746002,0.3919999897480011,0.04500000178813934
YBR221C,YNL181W,0,4.0869823,0.46500593423843384,0.3919999897480011,0.045099999755620956
YDR085C,YLL010C,0,4.083683,0.4644549787044525,0.3919999897480011,0.04520000144839287
YJL118W,YDR227W,0,4.0833907,0.46390533447265625,0.3919999897480011,0.04529999941587448
YMR091C,YOL091W,0,4.0824733,0.46335697174072266,0.3919999897480011,0.04540000110864639
YOL034W,YHR079C-A,1,4.0822773,0.46399056911468506,0.3930000066757202,0.04540000110864639
YBR090C-A,YCL050C,0,4.082185,0.463443398475647,0.3930000066757202,0.045499999076128006
YHR099W,YER033C,0,4.081684,0.46289753913879395,0.3930000066757202,0.04560000076889992
YLR337W,YPR095C,0,4.0806656,0.4623529314994812,0.3930000066757202,0.04569999873638153
YJL203W,YHR086W,0,4.078942,0.4618096351623535,0.3930000066757202,0.04580000042915344
YLR337W,YML125C,0,4.07825,0.4612676203250885,0.3930000066757202,0.045899998396635056
YPL124W,YBL084C,0,4.0755405,0.46072685718536377,0.3930000066757202,0.04600000008940697
YHR196W,YIL121W,0,4.074205,0.4601873457431793,0.3930000066757202,0.04610000178217888
YAR009C,YKL011C,1,4.072962,0.46081870794296265,0.39399999380111694,0.04610000178217888
YDL038C,YKR003W,0,4.0727787,0.4602803885936737,0.39399999380111694,0.04619999974966049
YPR199C,YJL021C,0,4.0709596,0.45974329113960266,0.39399999380111694,0.046300001442432404
YBR100W,YFL003C,1,4.0691214,0.4603729546070099,0.39500001072883606,0.046300001442432404
YHR124W,YKR029C,0,4.067941,0.45983701944351196,0.39500001072883606,0.04639999940991402
YOR258W,YJL020C,0,4.067851,0.4593023359775543,0.39500001072883606,0.04650000110268593
YDR077W,YPL275W,0,4.0662956,0.4587688744068146,0.39500001072883606,0.04659999907016754
YPL168W,YFR053C,0,4.0647464,0.4582366645336151,0.39500001072883606,0.04670000076293945
YPL169C,YDL134C-A,0,4.060197,0.45770567655563354,0.39500001072883606,0.046799998730421066
YML055W,YHR035W,0,4.0563755,0.45717594027519226,0.39500001072883606,0.04690000042319298
YLR337W,YPL271W,0,4.055876,0.4566473960876465,0.39500001072883606,0.04699999839067459
YBR100W,YDL185W,1,4.054332,0.45727482438087463,0.3959999978542328,0.04699999839067459
YML011C,YER174C,0,4.053048,0.4567474126815796,0.3959999978542328,0.0471000000834465
YLR035C,YDR288W,1,4.0478454,0.4573732614517212,0.3970000147819519,0.0471000000834465
YOR336W,YFL035C-A,0,4.046962,0.4568469524383545,0.3970000147819519,0.047200001776218414
YKL035W,YGR049W,0,4.0461454,0.4563218355178833,0.3970000147819519,0.04729999974370003
YAR071W,YNL076W,0,4.0458717,0.45579794049263,0.3970000147819519,0.04740000143647194
YBR021W,YKR045C,0,4.0458612,0.4552752375602722,0.3970000147819519,0.04749999940395355
YDR191W,YCR040W,0,4.044734,0.45475372672080994,0.3970000147819519,0.047600001096725464
YER018C,YHR090C,0,4.0437827,0.45423340797424316,0.3970000147819519,0.04769999906420708
YJR027W,YPL022W,1,4.0429945,0.45485714077949524,0.39800000190734863,0.04769999906420708
YNL111C,YPR005C,0,4.041494,0.4543378949165344,0.39800000190734863,0.04780000075697899
YGL092W,YNR056C,0,4.0409975,0.4538198411464691,0.39800000190734863,0.0478999987244606
YMR280C,YLR127C,0,4.0386925,0.45330294966697693,0.39800000190734863,0.04800000041723251
YJL208C,YGR038C-B,1,4.0368633,0.45392492413520813,0.39899998903274536,0.04800000041723251
YER007C-A,YNR061C,0,4.0363746,0.4534091055393219,0.39899998903274536,0.04809999838471413
YLR312C-B,YDR382W,0,4.0357637,0.4528944492340088,0.39899998903274536,0.04820000007748604
YDR540C,YPL283C,1,4.0312834,0.4535147249698639,0.4000000059604645,0.04820000007748604
YAR009C,YJL113W,1,4.030869,0.45413362979888916,0.4009999930858612,0.04820000007748604
YKL005C,YMR017W,0,4.0303783,0.45361989736557007,0.4009999930858612,0.04830000177025795
YNL053W,YBR180W,0,4.0299125,0.4531073570251465,0.4009999930858612,0.04839999973773956
YDR085C,YCL005W-A,0,4.023944,0.45259594917297363,0.4009999930858612,0.048500001430511475
YKR078W,YLR109W,0,4.0219,0.4520856738090515,0.4009999930858612,0.04859999939799309
YLR393W,YBR161W,0,4.0215206,0.4515765905380249,0.4009999930858612,0.048700001090765
YOR368W,YBL100W-B,1,4.021326,0.4521934688091278,0.4020000100135803,0.048700001090765
YHL024W,YER095W,1,4.0208454,0.4528089761734009,0.40299999713897705,0.048700001090765
YMR051C,YOR026W,0,4.01992,0.4523007869720459,0.40299999713897705,0.04879999905824661
YGR099W,YNL222W,0,4.017235,0.45179373025894165,0.40299999713897705,0.048900000751018524
YFR014C,YFL035C-A,0,4.017164,0.45128780603408813,0.40299999713897705,0.04899999871850014
YML045W,YDL154W,1,4.01612,0.45190155506134033,0.40400001406669617,0.04899999871850014
YPL018W,YLR013W,0,4.015128,0.451396644115448,0.40400001406669617,0.04910000041127205
YOL130W,YDR338C,0,4.0151176,0.4508928656578064,0.40400001406669617,0.04919999837875366
YOR195W,YBL005W-A,0,4.012266,0.45039018988609314,0.40400001406669617,0.049300000071525574
YDR362C,YBL100W-A,0,4.011777,0.4498886466026306,0.40400001406669617,0.049400001764297485
YHR116W,YJL021C,0,4.011483,0.44938820600509644,0.40400001406669617,0.0494999997317791
YGL096W,YPL158C,0,4.010617,0.448888897895813,0.40400001406669617,0.04960000142455101
YHR153C,YAR009C,1,4.0092726,0.44950056076049805,0.4050000011920929,0.04960000142455101
YPL242C,YLL052C,0,4.009159,0.449002206325531,0.4050000011920929,0.04969999939203262
YNL194C,YOR109W,0,4.008091,0.4485049843788147,0.4050000011920929,0.049800001084804535
YJR027W,YAR007C,1,4.0057793,0.4491150379180908,0.4059999883174896,0.049800001084804535
YBL017C,YHR039C-B,0,4.0053854,0.4486187696456909,0.4059999883174896,0.04989999905228615
YCL027C-A,YAL068C,0,4.004427,0.44812363386154175,0.4059999883174896,0.05000000074505806
YDR312W,YOR177C,0,4.0012474,0.44762954115867615,0.4059999883174896,0.05009999871253967
YML076C,YPL198W,0,4.000053,0.4471365511417389,0.4059999883174896,0.050200000405311584
YJR027W,YLR320W,1,3.9997463,0.44774478673934937,0.40700000524520874,0.050200000405311584
YHR043C,YCR021C,0,3.9989374,0.4472527503967285,0.40700000524520874,0.0502999983727932
YOR088W,YDR074W,0,3.9986372,0.4467617869377136,0.40700000524520874,0.05040000006556511
YFL002W-A,YHR167W,1,3.9977727,0.44736841320991516,0.40799999237060547,0.05040000006556511
YAR042W,YNL222W,0,3.9977393,0.44687843322753906,0.40799999237060547,0.05050000175833702
YLR001C,YPR095C,0,3.9972758,0.44638949632644653,0.40799999237060547,0.050599999725818634
YMR106C,YCL019W,1,3.9966702,0.4469945430755615,0.4090000092983246,0.050599999725818634
YOL007C,YDL123W,0,3.994903,0.4465065598487854,0.4090000092983246,0.050700001418590546
YHR152W,YJL021C,0,3.9941735,0.44601961970329285,0.4090000092983246,0.05079999938607216
YML045W,YDL101C,1,3.992475,0.4466230869293213,0.4099999964237213,0.05079999938607216
YKL035W,YJL062W-A,0,3.9867048,0.44613710045814514,0.4099999964237213,0.05090000107884407
YLR439W,YCL068C,0,3.9853542,0.44565218687057495,0.4099999964237213,0.050999999046325684
YLR134W,YPL202C,0,3.9843194,0.44516828656196594,0.4099999964237213,0.051100000739097595
YGR283C,YPL192C,0,3.9836774,0.4446854591369629,0.4099999964237213,0.05119999870657921
YHR079C-B,YML095C,1,3.9830525,0.4452871084213257,0.41100001335144043,0.05119999870657921
YDR545W,YJL051W,1,3.981437,0.4458874464035034,0.41200000047683716,0.05119999870657921
YJR035W,YGR062C,0,3.9797816,0.44540539383888245,0.41200000047683716,0.05130000039935112
YIL093C,YIL131C,0,3.979494,0.44492441415786743,0.41200000047683716,0.05139999836683273
YPL225W,YDR522C,0,3.979196,0.4444444477558136,0.41200000047683716,0.051500000059604645
YLR266C,YMR105C,0,3.9785209,0.44396552443504333,0.41200000047683716,0.051600001752376556
YKL158W,YNL244C,0,3.9772356,0.44348761439323425,0.41200000047683716,0.05169999971985817
YMR233W,YDR170W-A,0,3.9771526,0.44301074743270874,0.41200000047683716,0.05180000141263008
YHL024W,YJR029W,1,3.9766774,0.4436090290546417,0.4129999876022339,0.05180000141263008
YFL002W-A,YJR029W,1,3.9747055,0.44420599937438965,0.414000004529953,0.05180000141263008
YML064C,YNR056C,0,3.9737663,0.4437299072742462,0.414000004529953,0.051899999380111694
YLR259C,YER108C,0,3.9736857,0.44325482845306396,0.414000004529953,0.052000001072883606
YHL024W,YJL113W,1,3.9725864,0.4438502788543701,0.41499999165534973,0.052000001072883606
YDR348C,YNL166C,0,3.9714847,0.4433760643005371,0.41499999165534973,0.05209999904036522
YGL128C,YLR154C,0,3.9706216,0.44290289282798767,0.41499999165534973,0.05220000073313713
YLR312C-B,YIR009W,0,3.9700422,0.442430704832077,0.41499999165534973,0.052299998700618744
YBL005W-A,YLR188W,0,3.968443,0.44195953011512756,0.41499999165534973,0.052400000393390656
YPR018W,YAR009C,1,3.967533,0.44255319237709045,0.41600000858306885,0.052400000393390656
YHR123W,YDR014W,0,3.9666893,0.44208288192749023,0.41600000858306885,0.05249999836087227
YCR058C,YML070W,0,3.9662519,0.4416135847568512,0.41600000858306885,0.05260000005364418
YNL243W,YJL062W-A,0,3.964081,0.44114527106285095,0.41600000858306885,0.05270000174641609
YNL311C,YLR312C-B,0,3.9604275,0.4406779706478119,0.41600000858306885,0.052799999713897705
YDL020C,YHL018W,0,3.957405,0.4402116537094116,0.41600000858306885,0.05290000140666962
YLR075W,YJL028W,0,3.9535012,0.43974629044532776,0.41600000858306885,0.05299999937415123
YDR540C,YBR136W,1,3.9526556,0.4403378963470459,0.4169999957084656,0.05299999937415123
YGR272C,YBL084C,0,3.9518242,0.43987342715263367,0.4169999957084656,0.05310000106692314
YML037C,YFL056C,0,3.9493315,0.43940991163253784,0.4169999957084656,0.053199999034404755
YBR168W,YKL163W,0,3.9483292,0.4389473795890808,0.4169999957084656,0.053300000727176666
YLR127C,YBL013W,0,3.9478555,0.4384858012199402,0.4169999957084656,0.05339999869465828
YMR113W,YPL056C,0,3.9464355,0.43802520632743835,0.4169999957084656,0.05350000038743019
YKR096W,YER122C,0,3.9431639,0.4375655949115753,0.4169999957084656,0.053599998354911804
YGL205W,YOR019W,0,3.9430475,0.4371069073677063,0.4169999957084656,0.053700000047683716
YPR007C,YIL067C,0,3.941924,0.4366492033004761,0.4169999957084656,0.05380000174045563
YPL040C,YNL128W,0,3.9408906,0.43619248270988464,0.4169999957084656,0.05389999970793724
YEL004W,YNL041C,0,3.9387133,0.43573668599128723,0.4169999957084656,0.05400000140070915
YLR223C,YOR011W,0,3.9371953,0.4352818429470062,0.4169999957084656,0.054099999368190765
YMR323W,YKL138C-A,0,3.93682,0.4348279535770416,0.4169999957084656,0.05420000106096268
YJR105W,YDR214W,0,3.9366865,0.43437498807907104,0.4169999957084656,0.05429999902844429
YLR312C-B,YGR009C,0,3.9360666,0.43392300605773926,0.4169999957084656,0.0544000007212162
YCL068C,YGR215W,0,3.9356828,0.4334719479084015,0.4169999957084656,0.054499998688697815
YNL116W,YBL097W,0,3.9354084,0.43302181363105774,0.4169999957084656,0.05460000038146973
YBR088C,YBR098W,1,3.934042,0.4336099624633789,0.4180000126361847,0.05460000038146973
YOR202W,YDL031W,0,3.9308453,0.4331606328487396,0.4180000126361847,0.05469999834895134
YNL328C,YIR008C,0,3.9301887,0.43271222710609436,0.4180000126361847,0.05480000004172325
YBR073W,YJR029W,1,3.9298177,0.43329885601997375,0.4189999997615814,0.05480000004172325
YDR409W,YMR118C,0,3.9296317,0.43285122513771057,0.4189999997615814,0.05490000173449516
YIR028W,YHR178W,0,3.9295573,0.4324045479297638,0.4189999997615814,0.054999999701976776
YDL101C,YML061C,1,3.928157,0.4329896867275238,0.41999998688697815,0.054999999701976776
YFL018W-A,YGL061C,0,3.9273946,0.4325437545776367,0.41999998688697815,0.05510000139474869
YHR094C,YJL108C,0,3.9255557,0.43209877610206604,0.41999998688697815,0.0551999993622303
YPL024W,YBR019C,0,3.9242911,0.4316546618938446,0.41999998688697815,0.05530000105500221
YBR088C,YJR027W,1,3.922629,0.4322381913661957,0.42100000381469727,0.05530000105500221
YNL148C,YAL058W,0,3.9206803,0.4317948818206787,0.42100000381469727,0.055399999022483826
YHR007C,YBL013W,0,3.9200964,0.4313524663448334,0.42100000381469727,0.05550000071525574
YNL106C,YAR010C,0,3.919548,0.43091094493865967,0.42100000381469727,0.05559999868273735
YJR132W,YPL275W,0,3.9191098,0.43047034740448,0.42100000381469727,0.05570000037550926
YKL139W,YCL012W,0,3.9188876,0.4300306439399719,0.42100000381469727,0.055799998342990875
YLR010C,YDL017W,0,3.9178367,0.4295918345451355,0.42100000381469727,0.05590000003576279
YPR133C,YOR009W,0,3.9177957,0.4291539192199707,0.42100000381469727,0.0560000017285347
YBL100W-B,YIL082W-A,1,3.9171903,0.4297352433204651,0.421999990940094,0.0560000017285347
YLR297W,YLR059C,0,3.917048,0.42929807305336,0.421999990940094,0.05609999969601631
YHL016C,YDL099W,0,3.9167657,0.4288617968559265,0.421999990940094,0.05620000138878822
YGL127C,YBL100W-B,1,3.9155617,0.4294416308403015,0.4230000078678131,0.05620000138878822
YCR066W,YBR094W,0,3.9144516,0.42900609970092773,0.4230000078678131,0.056299999356269836
YGL033W,YMR190C,1,3.913874,0.4295845925807953,0.42399999499320984,0.056299999356269836
YDR039C,YBR090C-A,0,3.9096644,0.4291498064994812,0.42399999499320984,0.05640000104904175
YMR094W,YMR052W,0,3.9087076,0.42871588468551636,0.42399999499320984,0.05649999901652336
YLR467W,YBR012W-B,1,3.9086843,0.4292929172515869,0.42500001192092896,0.05649999901652336
YCR058C,YKL088W,0,3.9072127,0.42885974049568176,0.42500001192092896,0.05660000070929527
YGL144C,YDR014W,0,3.9068198,0.42842742800712585,0.42500001192092896,0.056699998676776886
YJL065C,YIL171W,0,3.9064846,0.4279959797859192,0.42500001192092896,0.0568000003695488
YNR061C,YER118C,0,3.9055302,0.42756539583206177,0.42500001192092896,0.05689999833703041
YDL038C,YIL031W,0,3.9036813,0.4271356761455536,0.42500001192092896,0.05700000002980232
YLR393W,YOR258W,0,3.8987699,0.42670682072639465,0.42500001192092896,0.057100001722574234
YBL009W,YDR448W,0,3.8970985,0.42627882957458496,0.42500001192092896,0.05719999969005585
YCR008W,YOR022C,0,3.8970888,0.4258517026901245,0.42500001192092896,0.05730000138282776
YDR506C,YGR001C,0,3.8969913,0.4254254400730133,0.42500001192092896,0.05739999935030937
YMR050C,YER147C,1,3.8963954,0.4259999990463257,0.4259999990463257,0.05739999935030937
YNL325C,YBL005W-A,0,3.8962393,0.4255744218826294,0.4259999990463257,0.057500001043081284
YNL254C,YCL027C-A,0,3.895914,0.42514970898628235,0.4259999990463257,0.0575999990105629
YGL073W,YIL119C,0,3.8938046,0.42472583055496216,0.4259999990463257,0.05770000070333481
YNL312W,YML061C,1,3.8933444,0.425298810005188,0.4269999861717224,0.05770000070333481
YMR134W,YLR158C,0,3.891655,0.4248756170272827,0.4269999861717224,0.05779999867081642
YJL051W,YGL127C,1,3.8902845,0.4254473149776459,0.42800000309944153,0.05779999867081642
YDL164C,YJR029W,1,3.8876429,0.4260178804397583,0.42899999022483826,0.05779999867081642
YHL006C,YBL100W-B,1,3.8871908,0.42658731341362,0.4300000071525574,0.05779999867081642
YPR121W,YDL156W,0,3.8871093,0.42616450786590576,0.4300000071525574,0.05790000036358833
YCL019W,YOR005C,1,3.8861136,0.4267326593399048,0.4309999942779541,0.05790000036358833
YNL233W,YKL012W,0,3.8855166,0.42631056904792786,0.4309999942779541,0.057999998331069946
YHR031C,YNL152W,0,3.884653,0.4258893132209778,0.4309999942779541,0.05810000002384186
YHR153C,YDR113C,1,3.884234,0.4264560639858246,0.4320000112056732,0.05810000002384186
YOL067C,YDR322C-A,0,3.8841162,0.42603549361228943,0.4320000112056732,0.05820000171661377
YDR191W,YPL021W,0,3.8829865,0.42561575770378113,0.4320000112056732,0.05829999968409538
YLR408C,YBR296C,0,3.882069,0.4251968562602997,0.4320000112056732,0.058400001376867294
YJL018W,YPR108W,0,3.8819385,0.4247787594795227,0.4320000112056732,0.05849999934434891
YML041C,YDR134C,0,3.8793745,0.4243614971637726,0.4320000112056732,0.05860000103712082
YMR167W,YNL210W,1,3.8790505,0.42492640018463135,0.43299999833106995,0.05860000103712082
YBR119W,YOR088W,0,3.878416,0.42450979351997375,0.43299999833106995,0.05869999900460243
YHR039C,YNL339C,1,3.8771234,0.42507344484329224,0.4339999854564667,0.05869999900460243
YDR005C,YCR005C,0,3.8748283,0.42465752363204956,0.4339999854564667,0.058800000697374344
YDL042C,YLR364W,0,3.8739514,0.42424243688583374,0.4339999854564667,0.05889999866485596
YCR058C,YDR329C,0,3.872953,0.423828125,0.4339999854564667,0.05900000035762787
YGL073W,YLR035C-A,0,3.869141,0.4234146475791931,0.4339999854564667,0.05909999832510948
YCR098C,YOR190W,0,3.868793,0.4230019450187683,0.4339999854564667,0.05920000001788139
YAR009C,YGR296W,1,3.867644,0.42356377840042114,0.4350000023841858,0.05920000001788139
YJR135C,YDR242W,0,3.8669803,0.42315176129341125,0.4350000023841858,0.059300001710653305
YDL087C,YER019W,0,3.8643606,0.42274051904678345,0.4350000023841858,0.05939999967813492
YDR541C,YLR096W,0,3.8631659,0.4223301112651825,0.4350000023841858,0.05950000137090683
YPL015C,YBR100W,1,3.8629894,0.42289039492607117,0.4359999895095825,0.05950000137090683
YMR122W-A,YDR483W,0,3.8611908,0.42248061299324036,0.4359999895095825,0.05959999933838844
YER147C,YCL019W,1,3.8609464,0.4230397045612335,0.43700000643730164,0.05959999933838844
YJR073C,YOR037W,0,3.8597302,0.42263054847717285,0.43700000643730164,0.059700001031160355
YCL019W,YML023C,1,3.8592186,0.4231884181499481,0.43799999356269836,0.059700001031160355
YJL208C,YMR167W,1,3.8587008,0.42374518513679504,0.4390000104904175,0.059700001031160355
YDR291W,YFL011W,0,3.85813,0.42333653569221497,0.4390000104904175,0.05979999899864197
YCL062W,YMR197C,0,3.8573895,0.42292872071266174,0.4390000104904175,0.05990000069141388
YBR098W,YJL113W,1,3.8521638,0.42348411679267883,0.4399999976158142,0.05990000069141388
YNR055C,YPL056C,0,3.8520508,0.42307692766189575,0.4399999976158142,0.05999999865889549
YBR131W,YLR312C-B,0,3.8494403,0.42267051339149475,0.4399999976158142,0.060100000351667404
YOR035C,YJR159W,0,3.8474383,0.42226487398147583,0.4399999976158142,0.06019999831914902
YDL044C,YML121W,0,3.8457177,0.421860009431839,0.4399999976158142,0.06030000001192093
YJL219W,YLR154W-C,0,3.8434725,0.4214559495449066,0.4399999976158142,0.06040000170469284
YBR073W,YFL002W-A,1,3.8431194,0.42200955748558044,0.4410000145435333,0.06040000170469284
YDL200C,YBR216C,0,3.843033,0.4216061234474182,0.4410000145435333,0.060499999672174454
YCR092C,YDR180W,1,3.8399642,0.42215853929519653,0.44200000166893005,0.060499999672174454
YBR100W,YDR540C,1,3.839864,0.4227099120616913,0.4429999887943268,0.060499999672174454
YAR009C,YDR180W,1,3.838667,0.42326024174690247,0.4440000057220459,0.060499999672174454
YMR050C,YBR279W,1,3.8384907,0.4238095283508301,0.4449999928474426,0.060499999672174454
YAR009C,YLR418C,1,3.8384185,0.42435774207115173,0.44600000977516174,0.060499999672174454
YGL033W,YDL105W,1,3.8374553,0.4249049425125122,0.44699999690055847,0.060499999672174454
YHR157W,YGR296W,1,3.8366861,0.4254510998725891,0.4480000138282776,0.060499999672174454
YDR113C,YFL003C,1,3.8365953,0.42599621415138245,0.4490000009536743,0.060499999672174454
YJL129C,YNL041C,0,3.8361857,0.42559242248535156,0.4490000009536743,0.060600001364946365
YDR279W,YOR009W,0,3.8333187,0.42518940567970276,0.4490000009536743,0.06069999933242798
YER044C-A,YHR039C,1,3.8320582,0.42573320865631104,0.44999998807907104,0.06069999933242798
YOR179C,YDR201W,0,3.8313794,0.4253308176994324,0.44999998807907104,0.06080000102519989
YMR015C,YDR080W,0,3.831032,0.4249291718006134,0.44999998807907104,0.0608999989926815
YLR411W,YDR513W,0,3.8283403,0.4245283007621765,0.44999998807907104,0.061000000685453415
YOR033C,YFR030W,0,3.8281682,0.4241281747817993,0.44999998807907104,0.06109999865293503
YDL105W,YJL113W,1,3.8271122,0.42467042803764343,0.45100000500679016,0.06109999865293503
YDR288W,YJL113W,1,3.8256168,0.42521166801452637,0.4519999921321869,0.06109999865293503
YFL002W-A,YLR467W,1,3.8251798,0.42575186491012573,0.453000009059906,0.06109999865293503
YLR337W,YDR517W,0,3.8251567,0.4253521263599396,0.453000009059906,0.06120000034570694
YMR122W-A,YDR238C,0,3.8249395,0.4249531030654907,0.453000009059906,0.06129999831318855
YDL105W,YDR386W,1,3.8244994,0.4254920482635498,0.45399999618530273,0.06129999831318855
YDR113C,YCL019W,1,3.8244433,0.4260299503803253,0.45500001311302185,0.06129999831318855
YOR373W,YLR306W,0,3.8243976,0.42563143372535706,0.45500001311302185,0.061400000005960464
YJL160C,YER144C,0,3.8242955,0.4252336323261261,0.45500001311302185,0.061500001698732376
YPL158C,YDR363W-A,0,3.8219714,0.4248366057872772,0.45500001311302185,0.06159999966621399
YHR214W,YDL049C,0,3.8219457,0.42444029450416565,0.45500001311302185,0.0617000013589859
YOR368W,YHR079C-A,1,3.821779,0.4249767065048218,0.4560000002384186,0.0617000013589859
YMR050C,YPL022W,1,3.819505,0.4255121052265167,0.4569999873638153,0.0617000013589859
YML087C,YKL055C,0,3.8192568,0.42511627078056335,0.4569999873638153,0.061799999326467514
YBR131W,YCL020W,0,3.8191824,0.4247211813926697,0.4569999873638153,0.061900001019239426
YHR153C,YLR466W,1,3.8189468,0.42525532841682434,0.4580000042915344,0.061900001019239426
YLR312C-B,YGL099W,0,3.8177824,0.4248608648777008,0.4580000042915344,0.06199999898672104
YHR079C-B,YDR180W,1,3.8157454,0.42539387941360474,0.45899999141693115,0.06199999898672104
YNL217W,YBR217W,0,3.8148904,0.42500001192092896,0.45899999141693115,0.06210000067949295
YNL025C,YPL116W,0,3.8146462,0.4246068596839905,0.45899999141693115,0.062199998646974564
YPR185W,YMR081C,0,3.813911,0.4242144227027893,0.45899999141693115,0.062300000339746475
YPL121C,YDR180W,1,3.8121176,0.4247460663318634,0.46000000834465027,0.062300000339746475
YER095W,YDR004W,1,3.8116357,0.4252767562866211,0.460999995470047,0.062300000339746475
YCR068W,YCL062W,0,3.8106616,0.4248847961425781,0.460999995470047,0.06239999830722809
YPL069C,YDR425W,0,3.8091557,0.42449355125427246,0.460999995470047,0.0625
YER179W,YIL082W-A,1,3.809104,0.42502298951148987,0.4620000123977661,0.0625
YHL024W,YDR004W,1,3.8067632,0.42555147409439087,0.46299999952316284,0.0625
YPR049C,YEL063C,0,3.8058853,0.4251607060432434,0.46299999952316284,0.06260000169277191
YKL021C,YOR202W,0,3.8032656,0.42477065324783325,0.46299999952316284,0.06270000338554382
YCR096C,YNR073C,0,3.802115,0.4243813157081604,0.46299999952316284,0.06279999762773514
YPL181W,YHL022C,0,3.8000665,0.42399266362190247,0.46299999952316284,0.06289999932050705
YPL124W,YDR513W,0,3.7991023,0.4236047565937042,0.46299999952316284,0.06300000101327896
YDR320C,YHR003C,0,3.796955,0.4232175648212433,0.46299999952316284,0.06310000270605087
YNL286W,YDR134C,0,3.7968564,0.42283105850219727,0.46299999952316284,0.06319999694824219
YIR035C,YGL192W,0,3.7961688,0.42244526743888855,0.46299999952316284,0.0632999986410141
YOR068C,YNL268W,0,3.794165,0.42206016182899475,0.46299999952316284,0.06340000033378601
YCL062W,YDR510W,0,3.794026,0.42167577147483826,0.46299999952316284,0.06350000202655792
YPL075W,YBL005W-A,0,3.7939196,0.42129209637641907,0.46299999952316284,0.06360000371932983
YMR257C,YOR262W,0,3.791988,0.4209090769290924,0.46299999952316284,0.06369999796152115
YIL131C,YMR047C,0,3.7911637,0.42052680253982544,0.46299999952316284,0.06379999965429306
YOR032C,YJL050W,0,3.7900257,0.420145183801651,0.46299999952316284,0.06390000134706497
YNR073C,YHR067W,0,3.789353,0.41976428031921387,0.46299999952316284,0.06400000303983688
YBR253W,YIR019C,0,3.7880769,0.41938406229019165,0.46299999952316284,0.0640999972820282
YGL205W,YIL068C,0,3.7840683,0.41900452971458435,0.46299999952316284,0.06419999897480011
YLR297W,YDL126C,0,3.7836785,0.41862568259239197,0.46299999952316284,0.06430000066757202
YDR003W,YDR115W,0,3.7836382,0.4182475209236145,0.46299999952316284,0.06440000236034393
YLR057W,YNL126W,0,3.7835832,0.41787004470825195,0.46299999952316284,0.06449999660253525
YDR156W,YPL275W,0,3.7828965,0.41749322414398193,0.46299999952316284,0.06459999829530716
YOR179C,YLR081W,0,3.7822711,0.4171171188354492,0.46299999952316284,0.06469999998807907
YJL167W,YJR088C,0,3.7818081,0.41674166917800903,0.46299999952316284,0.06480000168085098
YER160C,YPR018W,1,3.780577,0.41726619005203247,0.46399998664855957,0.06480000168085098
YBR297W,YLR086W,0,3.7802973,0.41689127683639526,0.46399998664855957,0.0649000033736229
YBR208C,YPL275W,0,3.7797348,0.416517049074173,0.46399998664855957,0.06499999761581421
YLR431C,YJL092W,0,3.7795134,0.4161435067653656,0.46399998664855957,0.06509999930858612
YML005W,YDR170W-A,0,3.778655,0.41577062010765076,0.46399998664855957,0.06520000100135803
YIL131C,YLR035C-A,0,3.7785664,0.41539838910102844,0.46399998664855957,0.06530000269412994
YCL066W,YGR181W,0,3.7781186,0.41502684354782104,0.46399998664855957,0.06539999693632126
YMR100W,YCL062W,0,3.775877,0.4146559536457062,0.46399998664855957,0.06549999862909317
YER045C,YKL221W,0,3.7753057,0.41428571939468384,0.46399998664855957,0.06560000032186508
YCR066W,YOR088W,0,3.7738013,0.41391614079475403,0.46399998664855957,0.065700002014637
YLR258W,YGR087C,0,3.773524,0.41354724764823914,0.46399998664855957,0.0658000037074089
YPL246C,YPL056C,0,3.7712195,0.4131789803504944,0.46399998664855957,0.06589999794960022
YGL231C,YDL033C,0,3.7711875,0.41281139850616455,0.46399998664855957,0.06599999964237213
YAR050W,YCL062W,0,3.7700102,0.41244444251060486,0.46399998664855957,0.06610000133514404
YPR061C,YGR047C,0,3.7695775,0.4120781421661377,0.46399998664855957,0.06620000302791595
YBR240C,YIL004C,0,3.7688756,0.41171249747276306,0.46399998664855957,0.06629999727010727
YHR152W,YBL100W-A,0,3.7685628,0.41134750843048096,0.46399998664855957,0.06639999896287918
YKR092C,YGL184C,0,3.768035,0.4109831750392914,0.46399998664855957,0.06650000065565109
YGL127C,YJL113W,1,3.7659879,0.4115044176578522,0.4650000035762787,0.06650000065565109
YGL033W,YLR007W,1,3.764682,0.41202476620674133,0.4659999907016754,0.06650000065565109
YCR072C,YLR381W,0,3.7637575,0.4116607904434204,0.4659999907016754,0.066600002348423
YBR012W-B,YHL024W,1,3.7633736,0.4121800661087036,0.46700000762939453,0.066600002348423
YCR058C,YDR506C,0,3.7622683,0.4118165671825409,0.46700000762939453,0.06669999659061432
YPL022W,YJL113W,1,3.7619605,0.4123347997665405,0.46799999475479126,0.06669999659061432
YPR055W,YPR184W,0,3.7619097,0.4119718372821808,0.46799999475479126,0.06679999828338623
YIL153W,YDL030W,0,3.7614512,0.4116095006465912,0.46799999475479126,0.06689999997615814
YLR229C,YPL130W,0,3.7613544,0.41124778985977173,0.46799999475479126,0.06700000166893005
YDL012C,YOR245C,0,3.760872,0.4108867347240448,0.46799999475479126,0.06710000336170197
YOR032C,YGR062C,0,3.7608614,0.410526305437088,0.46799999475479126,0.06719999760389328
YGL231C,YNL218W,0,3.7605805,0.41016653180122375,0.46799999475479126,0.06729999929666519
YPR154W,YLR233C,0,3.7600327,0.40980735421180725,0.46799999475479126,0.0674000009894371
YJL101C,YKR104W,0,3.7595477,0.4094488322734833,0.46799999475479126,0.06750000268220901
YDR446W,YOR144C,1,3.7581558,0.40996503829956055,0.4690000116825104,0.06750000268220901
YFL031W,YER087C-A,0,3.7580092,0.4096069931983948,0.4690000116825104,0.06759999692440033
YPL141C,YHR011W,0,3.757974,0.40924957394599915,0.4690000116825104,0.06769999861717224
YNL250W,YFR038W,1,3.757557,0.4097646176815033,0.4699999988079071,0.06769999861717224
YHR157W,YJL090C,1,3.7574472,0.4102787375450134,0.47099998593330383,0.06769999861717224
YCL019W,YER095W,1,3.7562346,0.4107919931411743,0.47200000286102295,0.06769999861717224
YCL068C,YPL275W,0,3.7538376,0.4104347825050354,0.47200000286102295,0.06780000030994415
YOL007C,YGR075C,0,3.752893,0.4100781977176666,0.47200000286102295,0.06790000200271606
YFL002W-A,YLR376C,1,3.7527819,0.4105902910232544,0.4729999899864197,0.06790000200271606
YGR272C,YML124C,0,3.7499475,0.4102341830730438,0.4729999899864197,0.06800000369548798
YML023C,YHR157W,1,3.7499206,0.410745233297348,0.4740000069141388,0.06800000369548798
YIL015W,YDR438W,0,3.7497134,0.41038960218429565,0.4740000069141388,0.06809999793767929
YKR099C-A,YCR029C-A,0,3.7485423,0.4100345969200134,0.4740000069141388,0.0681999996304512
YCL075W,YLR089C,0,3.7483592,0.40968021750450134,0.4740000069141388,0.06830000132322311
YOR039W,YDL069C,0,3.7477915,0.409326434135437,0.4740000069141388,0.06840000301599503
YOR356W,YBR258C,0,3.7471495,0.40897324681282043,0.4740000069141388,0.06849999725818634
YDR110W,YJR027W,1,3.7469223,0.4094827473163605,0.4749999940395355,0.06849999725818634
YNL111C,YER153C,0,3.7468104,0.4091300666332245,0.4749999940395355,0.06859999895095825
YNL169C,YDR259C,0,3.7450628,0.40877798199653625,0.4749999940395355,0.06870000064373016
YDL105W,YDR540C,1,3.7447915,0.4092863202095032,0.47600001096725464,0.06870000064373016
YDR134C,YPR184W,0,3.7447724,0.40893471240997314,0.47600001096725464,0.06880000233650208
YGR203W,YGR275W,0,3.7443511,0.40858370065689087,0.47600001096725464,0.06889999657869339
YGR166W,YOR391C,0,3.7439783,0.40823328495025635,0.47600001096725464,0.0689999982714653
YJR095W,YDR266C,0,3.743548,0.4078834652900696,0.47600001096725464,0.06909999996423721
YLR226W,YDR314C,0,3.743409,0.40753424167633057,0.47600001096725464,0.06920000165700912
YEL020W-A,YLR431C,0,3.7406414,0.4071856141090393,0.47600001096725464,0.06930000334978104
YNR032C-A,YOL135C,0,3.7402272,0.4068376123905182,0.47600001096725464,0.06939999759197235
YKL033W,YAR050W,0,3.7398832,0.40649017691612244,0.47600001096725464,0.06949999928474426
YPR105C,YPR022C,0,3.7381444,0.40614333748817444,0.47600001096725464,0.06960000097751617
YHR157W,YJR029W,1,3.7368026,0.4066496193408966,0.47699999809265137,0.06960000097751617
YBR012W-B,YKL011C,1,3.7362587,0.40715503692626953,0.4779999852180481,0.06960000097751617
YLR266C,YDR170W-A,0,3.733876,0.4068085253238678,0.4779999852180481,0.06970000267028809
YNL088W,YGL033W,1,3.733203,0.40731292963027954,0.4790000021457672,0.06970000267028809
YMR190C,YMR106C,1,3.732647,0.40781646966934204,0.47999998927116394,0.06970000267028809
YLR337W,YIL085C,0,3.7321362,0.4074702858924866,0.47999998927116394,0.0697999969124794
YLR220W,YCL057C-A,0,3.731286,0.40712466835975647,0.47999998927116394,0.06989999860525131
YFL062W,YJL046W,0,3.7297974,0.4067796468734741,0.47999998927116394,0.07000000029802322
YBL100W-A,YOR022C,0,3.7282324,0.4064352214336395,0.47999998927116394,0.07010000199079514
YLL032C,YIL018W,0,3.7268937,0.4060913622379303,0.47999998927116394,0.07020000368356705
YKL005C,YMR293C,0,3.7254236,0.4057480990886688,0.47999998927116394,0.07029999792575836
YJR029W,YJR043C,1,3.7253444,0.40625,0.48100000619888306,0.07029999792575836
YFL002W-A,YBR228W,1,3.7245526,0.4067510664463043,0.4819999933242798,0.07029999792575836
YHR214W,YLR106C,0,3.72258,0.4064081013202667,0.4819999933242798,0.07039999961853027
YIL068C,YHR172W,0,3.7218974,0.4060657024383545,0.4819999933242798,0.07050000131130219
YBR100W,YOL068C,1,3.7215037,0.40656566619873047,0.4830000102519989,0.07050000131130219
YBR210W,YPR148C,0,3.7093482,0.40622371435165405,0.4830000102519989,0.0706000030040741
YNL176C,YNL068C,0,3.7072768,0.4058823585510254,0.4830000102519989,0.07069999724626541
YML127W,YPL116W,0,3.70512,0.4055415689945221,0.4830000102519989,0.07079999893903732
YHR079C-A,YGL127C,1,3.7046282,0.4060402810573578,0.48399999737739563,0.07079999893903732
YLR194C,YNR032C-A,0,3.7030768,0.4056999087333679,0.48399999737739563,0.07090000063180923
YER140W,YCL050C,0,3.702949,0.4053601324558258,0.48399999737739563,0.07100000232458115
YJR108W,YER039C,0,3.7013986,0.40502092242240906,0.48399999737739563,0.07109999656677246
YER018C,YPL057C,0,3.7012572,0.4046822786331177,0.48399999737739563,0.07119999825954437
YHR039C,YER147C,1,3.6977596,0.40517961978912354,0.48500001430511475,0.07119999825954437
YCL016C,YPL155C,0,3.69706,0.4048413932323456,0.48500001430511475,0.07129999995231628
YNL339C,YDR540C,1,3.6967762,0.40533778071403503,0.4860000014305115,0.07129999995231628
YLR396C,YDL104C,0,3.693238,0.4050000011920929,0.4860000014305115,0.0714000016450882
YMR215W,YDR248C,0,3.6903756,0.4046627879142761,0.4860000014305115,0.07150000333786011
YJR150C,YPL021W,0,3.6894262,0.40432611107826233,0.4860000014305115,0.07159999758005142
YMR045C,YNL210W,1,3.688164,0.4048212766647339,0.4869999885559082,0.07159999758005142
YOL157C,YHR141C,0,3.688089,0.4044850468635559,0.4869999885559082,0.07169999927282333
YLR276C,YOR175C,0,3.6877923,0.4041493833065033,0.4869999885559082,0.07180000096559525
YML076C,YJL028W,0,3.687664,0.40381425619125366,0.4869999885559082,0.07190000265836716
YDR409W,YOL157C,0,3.687588,0.4034796953201294,0.4869999885559082,0.07199999690055847
YJL118W,YCL068C,0,3.687582,0.4031457006931305,0.4869999885559082,0.07209999859333038
YGR272C,YDR246W,0,3.6867723,0.40281224250793457,0.4869999885559082,0.0722000002861023
YOL135C,YFL035C-A,0,3.6866684,0.402479350566864,0.4869999885559082,0.0723000019788742
YOR240W,YKL178C,0,3.6861086,0.40214699506759644,0.4869999885559082,0.07240000367164612
YPL130W,YLR037C,0,3.6859462,0.40181517601013184,0.4869999885559082,0.07249999791383743
YGL065C,YNL325C,0,3.6856966,0.4014839231967926,0.4869999885559082,0.07259999960660934
YOL075C,YMR266W,0,3.6854157,0.40115320682525635,0.4869999885559082,0.07270000129938126
YCR020C,YNL213C,0,3.6845431,0.40082305669784546,0.4869999885559082,0.07280000299215317
YPL168W,YCR010C,0,3.68359,0.40049341320991516,0.4869999885559082,0.07289999723434448
YIL038C,YKL096W,0,3.6826973,0.40016433596611023,0.4869999885559082,0.0729999989271164
YML066C,YLR144C,0,3.681851,0.3998357951641083,0.4869999885559082,0.0731000006198883
YML045W,YBR279W,1,3.6812122,0.400328129529953,0.4880000054836273,0.0731000006198883
YFL022C,YPL275W,0,3.6810346,0.4000000059604645,0.4880000054836273,0.07320000231266022
YOR346W,YGR287C,0,3.680953,0.39967238903045654,0.4880000054836273,0.07329999655485153
YPL233W,YOL089C,0,3.6803102,0.399345338344574,0.4880000054836273,0.07339999824762344
YKL222C,YBL005W-A,0,3.6800954,0.399018794298172,0.4880000054836273,0.07349999994039536
YOR368W,YDL154W,1,3.6795669,0.39950981736183167,0.48899999260902405,0.07349999994039536
YFL035C-A,YGR211W,0,3.6792808,0.3991836607456207,0.48899999260902405,0.07360000163316727
YBR012W-B,YOR141C,1,3.6789474,0.399673730134964,0.49000000953674316,0.07360000163316727
YCR098C,YPL066W,0,3.6783924,0.3993479907512665,0.49000000953674316,0.07370000332593918
YBL100W-A,YIL115C,0,3.6769123,0.39902278780937195,0.49000000953674316,0.0737999975681305
YCR058C,YMR125W,0,3.6755886,0.3986981213092804,0.49000000953674316,0.0738999992609024
YMR291W,YPR095C,0,3.675512,0.3983739912509918,0.49000000953674316,0.07400000095367432
YBR162C,YAR066W,0,3.6742635,0.39805036783218384,0.49000000953674316,0.07410000264644623
YFL002W-A,YOL068C,1,3.6693702,0.3985389471054077,0.4909999966621399,0.07410000264644623
YLR266C,YFL035C-A,0,3.667533,0.39821574091911316,0.4909999966621399,0.07419999688863754
YDL211C,YOR017W,0,3.6670384,0.3978930413722992,0.4909999966621399,0.07429999858140945
YJL196C,YOR064C,0,3.6655598,0.3975708484649658,0.4909999966621399,0.07440000027418137
YCL019W,YPR164W,1,3.6651876,0.3980582654476166,0.492000013589859,0.07440000027418137
YPL056C,YIL109C,0,3.664332,0.39773645997047424,0.492000013589859,0.07450000196695328
YIL117C,YDR325W,0,3.6631215,0.3974151909351349,0.492000013589859,0.07460000365972519
YDR113C,YDR386W,1,3.6628706,0.3979015350341797,0.49300000071525574,0.07460000365972519
YPL228W,YHL009C,0,3.6627727,0.39758065342903137,0.49300000071525574,0.0746999979019165
YCL019W,YFR055W,1,3.661105,0.39806607365608215,0.49399998784065247,0.0746999979019165
YMR050C,YDR540C,1,3.6604369,0.39855071902275085,0.4950000047683716,0.0746999979019165
YDR501W,YPR061C,0,3.6587553,0.39823007583618164,0.4950000047683716,0.07479999959468842
YBR073W,YMR045C,1,3.6566608,0.3987138271331787,0.4959999918937683,0.07479999959468842
YDR468C,YNL086W,0,3.6561985,0.39839357137680054,0.4959999918937683,0.07490000128746033
YLR376C,YMR045C,1,3.6556168,0.3988763988018036,0.4970000088214874,0.07490000128746033
YJR027W,YLR467W,1,3.6554594,0.39935845136642456,0.49799999594688416,0.07490000128746033
YFR006W,YIL066C,0,3.6540885,0.3990384638309479,0.49799999594688416,0.07500000298023224
YNL012W,YBL005W-A,0,3.6537008,0.3987189829349518,0.49799999594688416,0.07509999722242355
YBR186W,YHR140W,0,3.6527793,0.3984000086784363,0.49799999594688416,0.07519999891519547
YER109C,YKR037C,0,3.6511695,0.39808154106140137,0.49799999594688416,0.07530000060796738
YGR272C,YGL092W,0,3.650519,0.39776358008384705,0.49799999594688416,0.07540000230073929
YOR144C,YML061C,1,3.6476839,0.3982442021369934,0.49900001287460327,0.07540000230073929
YPL281C,YDR235W,0,3.6467066,0.3979266285896301,0.49900001287460327,0.0754999965429306
YPL108W,YLR089C,0,3.646618,0.39760956168174744,0.49900001287460327,0.07559999823570251
YDR011W,YJL184W,0,3.6458707,0.39729300141334534,0.49900001287460327,0.07569999992847443
YOR027W,YJL021C,0,3.6454756,0.39697691798210144,0.49900001287460327,0.07580000162124634
YKL192C,YCL062W,0,3.6435366,0.3966613709926605,0.49900001287460327,0.07590000331401825
YFR038W,YMR133W,1,3.6427994,0.39714059233665466,0.5,0.07590000331401825
YKL063C,YLR201C,0,3.6424508,0.3968254029750824,0.5,0.07599999755620956
YPL092W,YPL189W,0,3.6423335,0.3965107202529907,0.5,0.07609999924898148
YDL153C,YHR039C-B,0,3.6411004,0.39619651436805725,0.5,0.07620000094175339
YAR018C,YDR056C,0,3.6397116,0.39588281512260437,0.5,0.0763000026345253
YOR368W,YER038C,1,3.6392057,0.39636075496673584,0.5009999871253967,0.0763000026345253
YKL011C,YJL113W,1,3.637425,0.3968379497528076,0.5019999742507935,0.0763000026345253
YML037C,YDR322W,0,3.636229,0.39652448892593384,0.5019999742507935,0.07639999687671661
YLR337C,YPL236C,0,3.6351264,0.39621153473854065,0.5019999742507935,0.07649999856948853
YFL035C-A,YNR055C,0,3.6339543,0.39589905738830566,0.5019999742507935,0.07660000026226044
YIL119C,YJL069C,0,3.6339455,0.39558708667755127,0.5019999742507935,0.07670000195503235
YHR116W,YPR005C,0,3.6336184,0.3952755928039551,0.5019999742507935,0.07680000364780426
YOR144C,YML095C,1,3.6333106,0.39575138688087463,0.503000020980835,0.07680000364780426
YNR045W,YAR010C,0,3.6330166,0.3954402506351471,0.503000020980835,0.07689999788999557
YDR047W,YDL222C,0,3.6313012,0.39512962102890015,0.503000020980835,0.07699999958276749
YKL027W,YKR078W,0,3.6309144,0.3948194682598114,0.503000020980835,0.0771000012755394
YBR100W,YML062C,1,3.6290627,0.3952941298484802,0.5040000081062317,0.0771000012755394
YNL180C,YAL015C,0,3.6274943,0.39498433470726013,0.5040000081062317,0.07720000296831131
YHR106W,YBR135W,0,3.626935,0.39467501640319824,0.5040000081062317,0.07729999721050262
YHR157W,YBR136W,1,3.6261363,0.3951486647129059,0.5049999952316284,0.07729999721050262
YDR439W,YDR308C,0,3.6260805,0.39483970403671265,0.5049999952316284,0.07739999890327454
YJR155W,YDL030W,0,3.6258607,0.39453125,0.5049999952316284,0.07750000059604645
YLR132C,YJR104C,0,3.6250615,0.39422327280044556,0.5049999952316284,0.07760000228881836
YJR027W,YDL105W,1,3.6248055,0.39469578862190247,0.5059999823570251,0.07760000228881836
YOR144C,YIL082W-A,1,3.6185856,0.39516758918762207,0.5070000290870667,0.07760000228881836
YLR413W,YGR017W,0,3.6182666,0.39485982060432434,0.5070000290870667,0.07769999653100967
YPR164W,YEL019C,1,3.617794,0.3953307271003723,0.5080000162124634,0.07769999653100967
YKL138C,YIL073C,0,3.6171083,0.39502331614494324,0.5080000162124634,0.07779999822378159
YBR098W,YDR078C,1,3.6168659,0.39549338817596436,0.5090000033378601,0.07779999822378159
YMR048W,YML040W,0,3.6168463,0.39518633484840393,0.5090000033378601,0.0778999999165535
YPR071W,YMR293C,0,3.6163747,0.3948797583580017,0.5090000033378601,0.07800000160932541
YLR286C,YGR272C,0,3.6152844,0.3945736289024353,0.5090000033378601,0.07810000330209732
YML019W,YOR016C,0,3.6138546,0.3942680060863495,0.5090000033378601,0.07819999754428864
YNL339C,YHL024W,1,3.6128783,0.3947368562221527,0.5099999904632568,0.07819999754428864
YLR337W,YOR063W,0,3.6125584,0.39443156123161316,0.5099999904632568,0.07829999923706055
YER160C,YPR164W,1,3.6122417,0.39489954710006714,0.5109999775886536,0.07829999923706055
YJR152W,YMR070W,0,3.609384,0.39459457993507385,0.5109999775886536,0.07840000092983246
YBR012W-B,YLR418C,1,3.6091795,0.395061731338501,0.5120000243186951,0.07840000092983246
YNL293W,YML102W,0,3.6067848,0.39475712180137634,0.5120000243186951,0.07850000262260437
YPL015C,YGL033W,1,3.6033251,0.3952234089374542,0.5130000114440918,0.07850000262260437
YNR054C,YCR068W,0,3.6030262,0.39491915702819824,0.5130000114440918,0.07859999686479568
YHR210C,YOR136W,0,3.6025672,0.39461538195610046,0.5130000114440918,0.0786999985575676
YOR037W,YIR019C,0,3.602282,0.3943120539188385,0.5130000114440918,0.07880000025033951
YLR234W,YJL113W,1,3.602198,0.3947772681713104,0.5139999985694885,0.07880000025033951
YNL217W,YGL198W,0,3.6009312,0.3944742977619171,0.5139999985694885,0.07890000194311142
YPR068C,YMR164C,0,3.6001825,0.3941717743873596,0.5139999985694885,0.07900000363588333
YMR289W,YDR248C,0,3.599256,0.3938697278499603,0.5139999985694885,0.07909999787807465
YKL222C,YER041W,0,3.5947351,0.39356815814971924,0.5139999985694885,0.07919999957084656
YFL041W,YNR040W,0,3.5942965,0.39326703548431396,0.5139999985694885,0.07930000126361847
YBR258C,YDR435C,0,3.5933838,0.3929663598537445,0.5139999985694885,0.07940000295639038
YBR090C-A,YOR077W,0,3.5920537,0.39266616106033325,0.5139999985694885,0.0794999971985817
YML066C,YNR023W,0,3.5919986,0.3923664093017578,0.5139999985694885,0.07959999889135361
YGL033W,YCL019W,1,3.5909588,0.39282989501953125,0.5149999856948853,0.07959999889135361
YMR094W,YLR013W,0,3.5906684,0.39253050088882446,0.5149999856948853,0.07970000058412552
YPL090C,YDR019C,0,3.590103,0.3922315239906311,0.5149999856948853,0.07980000227689743
YER044C-A,YPL194W,1,3.58994,0.39269405603408813,0.515999972820282,0.07980000227689743
YPR096C,YCR091W,0,3.5892057,0.3923954367637634,0.515999972820282,0.07989999651908875
YMR044W,YDR348C,0,3.5885835,0.39209726452827454,0.515999972820282,0.07999999821186066
YER109C,YOR081C,0,3.5870419,0.39179953932762146,0.515999972820282,0.08009999990463257
YJL051W,YIL082W-A,1,3.5863779,0.39226099848747253,0.5170000195503235,0.08009999990463257
YJL137C,YHR035W,0,3.5828063,0.3919636011123657,0.5170000195503235,0.08020000159740448
YNL257C,YJL021C,0,3.5823667,0.3916666805744171,0.5170000195503235,0.08030000329017639
YDR462W,YPR121W,0,3.5812678,0.39137017726898193,0.5170000195503235,0.0803999975323677
YLR466W,YBL100W-B,1,3.5805106,0.39183056354522705,0.5180000066757202,0.0803999975323677
YKL107W,YML131W,0,3.579936,0.39153438806533813,0.5180000066757202,0.08049999922513962
YPL271W,YDL223C,0,3.5796032,0.39123865962028503,0.5180000066757202,0.08060000091791153
YAR044W,YFL062W,0,3.5791972,0.39094340801239014,0.5180000066757202,0.08070000261068344
YBR103W,YPL189C-A,0,3.577734,0.39064857363700867,0.5180000066757202,0.08079999685287476
YLL032C,YIL010W,0,3.576965,0.390354186296463,0.5180000066757202,0.08089999854564667
YOR368W,YFL003C,1,3.576779,0.39081326127052307,0.5189999938011169,0.08089999854564667
YMR306W,YAL014C,0,3.575153,0.3905192017555237,0.5189999938011169,0.08100000023841858
YDR180W,YML095C,1,3.5724049,0.3909774422645569,0.5199999809265137,0.08100000023841858
YDR255C,YJL106W,0,3.5717065,0.39068371057510376,0.5199999809265137,0.08110000193119049
YDL105W,YER179W,1,3.5711777,0.3911411464214325,0.5210000276565552,0.08110000193119049
YBR233W-A,YJR025C,0,3.569977,0.39084771275520325,0.5210000276565552,0.0812000036239624
YML095C,YJL090C,1,3.5695312,0.3913043439388275,0.5220000147819519,0.0812000036239624
YML074C,YBL010C,0,3.5688183,0.39101123809814453,0.5220000147819519,0.08129999786615372
YJL092W,YDR384C,0,3.567708,0.390718549489975,0.5220000147819519,0.08139999955892563
YBL100W-A,YAL014C,0,3.5660052,0.3904263377189636,0.5220000147819519,0.08150000125169754
YFR024C,YBR094W,0,3.565748,0.3901345431804657,0.5220000147819519,0.08160000294446945
YDL109C,YER113C,0,3.5637522,0.3898431658744812,0.5220000147819519,0.08169999718666077
YFR034C,YJL021C,0,3.5605407,0.3895522356033325,0.5220000147819519,0.08179999887943268
YHR035W,YJR056C,0,3.5600967,0.38926175236701965,0.5220000147819519,0.08190000057220459
YLR035C-A,YKL079W,0,3.5577497,0.3889716863632202,0.5220000147819519,0.0820000022649765
YJL018W,YFL031W,0,3.556921,0.3886820673942566,0.5220000147819519,0.08209999650716782
YLR328W,YGR001C,0,3.5568397,0.3883928656578064,0.5220000147819519,0.08219999819993973
YPR199C,YKL138C-A,0,3.5565782,0.38810408115386963,0.5220000147819519,0.08229999989271164
YIR031C,YAL008W,0,3.555283,0.3878157436847687,0.5220000147819519,0.08240000158548355
YBR204C,YMR048W,0,3.5549796,0.38752785325050354,0.5220000147819519,0.08250000327825546
YJL014W,YAR010C,0,3.5547457,0.38724035024642944,0.5220000147819519,0.08259999752044678
YNL250W,YMR133W,1,3.5545316,0.3876945972442627,0.5230000019073486,0.08259999752044678
YDL105W,YIL082W-A,1,3.5536723,0.38814815878868103,0.5239999890327454,0.08259999752044678
YCR092C,YML023C,1,3.551547,0.38860103487968445,0.5249999761581421,0.08259999752044678
YNL318C,YOR157C,0,3.5491753,0.3883136212825775,0.5249999761581421,0.08269999921321869
YGR004W,YDR210W,0,3.547617,0.3880265951156616,0.5249999761581421,0.0828000009059906
YML011C,YKL209C,0,3.5470827,0.38774001598358154,0.5249999761581421,0.08290000259876251
YBL005W-A,YBR201W,0,3.5451713,0.3874538838863373,0.5249999761581421,0.08299999684095383
YFL003C,YJL113W,1,3.5441086,0.3879055976867676,0.5260000228881836,0.08299999684095383
YBR073W,YDL101C,1,3.5438266,0.38835665583610535,0.5270000100135803,0.08299999684095383
YDL154W,YAR007C,1,3.543668,0.3888070583343506,0.527999997138977,0.08299999684095383
YBR131W,YBR050C,0,3.5430498,0.3885209858417511,0.527999997138977,0.08309999853372574
YKL146W,YHL026C,0,3.5412214,0.38823530077934265,0.527999997138977,0.08320000022649765
YDR367W,YFL052W,0,3.5409122,0.38795003294944763,0.527999997138977,0.08330000191926956
YDR113C,YJL113W,1,3.540389,0.3883994221687317,0.5289999842643738,0.08330000191926956
YPR003C,YGR086C,0,3.539619,0.38811445236206055,0.5289999842643738,0.08340000361204147
YMR122W-A,YLL005C,0,3.539543,0.38782989978790283,0.5289999842643738,0.08349999785423279
YBR100W,YMR001C,1,3.5391092,0.38827839493751526,0.5299999713897705,0.08349999785423279
YPL049C,YOR242C,0,3.5370674,0.3879941403865814,0.5299999713897705,0.0835999995470047
YCL048W,YJL013C,0,3.5365124,0.387710303068161,0.5299999713897705,0.08370000123977661
YOL060C,YPL018W,0,3.5361252,0.3874269127845764,0.5299999713897705,0.08380000293254852
YER160C,YPL283C,1,3.5360036,0.3878743648529053,0.531000018119812,0.08380000293254852
YGL249W,YLL006W,0,3.535655,0.38759124279022217,0.531000018119812,0.08389999717473984
YCL019W,YOR141C,1,3.5355258,0.38803791999816895,0.5320000052452087,0.08389999717473984
YCR047C,YCL005W-A,0,3.534556,0.3877550959587097,0.5320000052452087,0.08399999886751175
YOR144C,YJL113W,1,3.533718,0.3882010281085968,0.5329999923706055,0.08399999886751175
YJL173C,YML095C,1,3.5332484,0.38864627480506897,0.5339999794960022,0.08399999886751175
YDR363W,YMR221C,0,3.5327296,0.38836362957954407,0.5339999794960022,0.08410000056028366
YLR337W,YIL097W,0,3.532341,0.3880814015865326,0.5339999794960022,0.08420000225305557
YLR098C,YOR321W,0,3.5317798,0.38779956102371216,0.5339999794960022,0.08429999649524689
YDR324C,YNL021W,0,3.5304213,0.38751813769340515,0.5339999794960022,0.0843999981880188
YMR244C-A,YDL095W,0,3.5294507,0.3872371315956116,0.5339999794960022,0.08449999988079071
YBR012W-A,YJR041C,0,3.5290868,0.38695651292800903,0.5339999794960022,0.08460000157356262
YBL009W,YDR308C,0,3.528622,0.3866763114929199,0.5339999794960022,0.08470000326633453
YDL134C-A,YBR205W,0,3.5268862,0.38639652729034424,0.5339999794960022,0.08479999750852585
YKL211C,YIL019W,0,3.5256782,0.3861171305179596,0.5339999794960022,0.08489999920129776
YJL059W,YDR507C,0,3.5241854,0.3858381509780884,0.5339999794960022,0.08500000089406967
YNR063W,YPL095C,0,3.5231678,0.3855595588684082,0.5339999794960022,0.08510000258684158
YHR035W,YGR274C,0,3.5230198,0.38528138399124146,0.5339999794960022,0.0851999968290329
YPL097W,YOR190W,0,3.520579,0.38500359654426575,0.5339999794960022,0.08529999852180481
YOR266W,YNR048W,0,3.5193143,0.38472622632980347,0.5339999794960022,0.08540000021457672
YGL063W,YCL047C,0,3.5180182,0.3844492435455322,0.5339999794960022,0.08550000190734863
YBR040W,YBR203W,0,3.5173237,0.384172648191452,0.5339999794960022,0.08560000360012054
YDR004W,YBL100W-B,1,3.5168633,0.38461539149284363,0.5350000262260437,0.08560000360012054
YKL158W,YOR073W,0,3.5168214,0.3843390941619873,0.5350000262260437,0.08569999784231186
YCR106W,YML037C,0,3.5120425,0.384063184261322,0.5350000262260437,0.08579999953508377
YLR139C,YCR097W,0,3.5114796,0.3837876617908478,0.5350000262260437,0.08590000122785568
YEL044W,YGL249W,0,3.5105453,0.38351255655288696,0.5350000262260437,0.0860000029206276
YBL084C,YPL024W,0,3.509537,0.3832378089427948,0.5350000262260437,0.08609999716281891
YER173W,YMR045C,1,3.5092413,0.3836793005466461,0.5360000133514404,0.08609999716281891
YMR134W,YKL167C,0,3.5092309,0.38340485095977783,0.5360000133514404,0.08619999885559082
YER102W,YDR506C,0,3.5090394,0.383130818605423,0.5360000133514404,0.08630000054836273
YDL012C,YHR014W,0,3.5071702,0.38285714387893677,0.5360000133514404,0.08640000224113464
YGL139W,YPL236C,0,3.5068789,0.3825838565826416,0.5360000133514404,0.08649999648332596
YOR384W,YNR071C,0,3.5059757,0.38231098651885986,0.5360000133514404,0.08659999817609787
YHR033W,YLR277C,0,3.5035176,0.3820384740829468,0.5360000133514404,0.08669999986886978
YDL124W,YOL152W,0,3.5005145,0.3817663788795471,0.5360000133514404,0.0868000015616417
YER044C-A,YML061C,1,3.500463,0.38220641016960144,0.5370000004768372,0.0868000015616417
YFL035C-B,YGR048W,0,3.4994445,0.3819345533847809,0.5370000004768372,0.0869000032544136
YMR224C,YMR106C,1,3.499324,0.3823738396167755,0.5379999876022339,0.0869000032544136
YNL046W,YML092C,0,3.4992495,0.38210228085517883,0.5379999876022339,0.08699999749660492
YAR009C,YGL127C,1,3.4989362,0.38254082202911377,0.5389999747276306,0.08699999749660492
YOR144C,YPL022W,1,3.4982667,0.38297873735427856,0.5400000214576721,0.08699999749660492
YGR125W,YOL156W,0,3.4970946,0.38270729780197144,0.5400000214576721,0.08709999918937683
YOR354C,YDR004W,1,3.496327,0.38314446806907654,0.5410000085830688,0.08709999918937683
YPL015C,YBR012W-B,1,3.4956224,0.3835810422897339,0.5419999957084656,0.08709999918937683
YCR016W,YOR110W,0,3.4952202,0.3833097517490387,0.5419999957084656,0.08720000088214874
YBL100W-A,YDR038C,0,3.493804,0.38303887844085693,0.5419999957084656,0.08730000257492065
YOR264W,YML034W,0,3.4920974,0.3827683627605438,0.5419999957084656,0.08739999681711197
YDR407C,YHL022C,0,3.4920733,0.38249823451042175,0.5419999957084656,0.08749999850988388
YDR402C,YER012W,0,3.4916255,0.3822284936904907,0.5419999957084656,0.08760000020265579
YPL121C,YBR012W-B,1,3.4899797,0.3826638460159302,0.5429999828338623,0.08760000020265579
YOR173W,YDL018C,0,3.48942,0.38239437341690063,0.5429999828338623,0.0877000018954277
YLR466W,YIL082W-A,1,3.489047,0.3828289806842804,0.5440000295639038,0.0877000018954277
YCL045C,YHR020W,0,3.4888592,0.38255977630615234,0.5440000295639038,0.08780000358819962
YHR039C,YMR133W,1,3.488816,0.3829936683177948,0.5450000166893005,0.08780000358819962
YBR175W,YPL209C,0,3.4887931,0.38272473216056824,0.5450000166893005,0.08789999783039093
YDR191W,YGL249W,0,3.4885488,0.3824561536312103,0.5450000166893005,0.08799999952316284
YOL072W,YIL082W-A,1,3.488183,0.3828892111778259,0.5460000038146973,0.08799999952316284
YBR088C,YCL019W,1,3.4879138,0.3833216428756714,0.546999990940094,0.08799999952316284
YMR234W,YLR382C,0,3.4871686,0.3830532133579254,0.546999990940094,0.08810000121593475
YKL218C,YJR120W,0,3.4859092,0.3827851712703705,0.546999990940094,0.08820000290870667
YML037C,YER014W,0,3.4855168,0.3825174868106842,0.546999990940094,0.08829999715089798
YKL049C,YGR026W,0,3.4854915,0.3822501599788666,0.546999990940094,0.08839999884366989
YDL134C-A,YMR247C,0,3.4845185,0.3819832503795624,0.546999990940094,0.0885000005364418
YPL194W,YDR180W,1,3.4832702,0.3824145197868347,0.5479999780654907,0.0885000005364418
YJR150C,YHL017W,0,3.4831598,0.3821478486061096,0.5479999780654907,0.08860000222921371
YGL145W,YBR028C,0,3.4817338,0.3818815350532532,0.5479999780654907,0.08869999647140503
YGL185C,YLR077W,0,3.4805436,0.38161560893058777,0.5479999780654907,0.08879999816417694
YLR337W,YHL011C,0,3.4805114,0.381350040435791,0.5479999780654907,0.08889999985694885
YER173W,YFL003C,1,3.4799948,0.3817802369594574,0.5490000247955322,0.08889999985694885
YBR016W,YMR188C,0,3.4794326,0.38151493668556213,0.5490000247955322,0.08900000154972076
YPL138C,YML131W,0,3.4771943,0.3812499940395355,0.5490000247955322,0.08910000324249268
YFL018W-A,YLR212C,0,3.4758415,0.38098543882369995,0.5490000247955322,0.08919999748468399
YDR436W,YML038C,0,3.4751453,0.38072121143341064,0.5490000247955322,0.0892999991774559
YCL061C,YGR278W,0,3.475062,0.3804573714733124,0.5490000247955322,0.08940000087022781
YMR292W,YDR022C,0,3.4749866,0.38019391894340515,0.5490000247955322,0.08950000256299973
YDL105W,YBR228W,1,3.4749377,0.38062283396720886,0.550000011920929,0.08950000256299973
YKL063C,YHR006W,0,3.4729154,0.38035961985588074,0.550000011920929,0.08959999680519104
YJL089W,YCL020W,0,3.471694,0.38009676337242126,0.550000011920929,0.08969999849796295
YOR240W,YML100W,0,3.4713912,0.37983426451683044,0.550000011920929,0.08980000019073486
YCL019W,YJR043C,1,3.4710279,0.38026225566864014,0.5509999990463257,0.08980000019073486
YMR189W,YPR065W,0,3.4710095,0.3799999952316284,0.5509999990463257,0.08990000188350677
YKL017C,YDR495C,0,3.4698424,0.37973812222480774,0.5509999990463257,0.09000000357627869
YJL118W,YER178W,0,3.469551,0.3794765770435333,0.5509999990463257,0.09009999781847
YPL121C,YGL127C,1,3.4695163,0.379903644323349,0.5519999861717224,0.09009999781847
YHR214W,YPL037C,0,3.469493,0.3796423673629761,0.5519999861717224,0.09019999951124191
YKL137W,YOR250C,0,3.4693832,0.3793814480304718,0.5519999861717224,0.09030000120401382
YJL051W,YLR288C,1,3.4690564,0.3798076808452606,0.5529999732971191,0.09030000120401382
YOR009W,YOR022C,0,3.4688053,0.37954699993133545,0.5529999732971191,0.09040000289678574
YDR402C,YBL063W,0,3.468772,0.3792867064476013,0.5529999732971191,0.09049999713897705
YLR150W,YLL032C,0,3.4680374,0.37902674078941345,0.5529999732971191,0.09059999883174896
YFR014C,YOR022C,0,3.466576,0.37876713275909424,0.5529999732971191,0.09070000052452087
YGR140W,YOR009W,0,3.4662325,0.3785078823566437,0.5529999732971191,0.09080000221729279
YJR029W,YOR141C,1,3.4645185,0.37893298268318176,0.5540000200271606,0.09080000221729279
YCL019W,YBR228W,1,3.4634268,0.3793574869632721,0.5550000071525574,0.09080000221729279
YOR032C,YLL066C,0,3.462837,0.3790983557701111,0.5550000071525574,0.0908999964594841
YMR050C,YDR180W,1,3.461949,0.3795221745967865,0.5559999942779541,0.0908999964594841
YCL029C,YPL192C,0,3.4610434,0.379263311624527,0.5559999942779541,0.09099999815225601
YIL171W,YPL013C,0,3.4608114,0.3790047764778137,0.5559999942779541,0.09109999984502792
YLR010C,YML107C,0,3.4602673,0.3787465989589691,0.5559999942779541,0.09120000153779984
YGL111W,YAR010C,0,3.4598062,0.37848877906799316,0.5559999942779541,0.09130000323057175
YMR045C,YBR098W,1,3.45784,0.378911554813385,0.5569999814033508,0.09130000323057175
YDR023W,YAR010C,0,3.4567692,0.37865397334098816,0.5569999814033508,0.09139999747276306
YHR214W,YNL183C,0,3.4564478,0.37839674949645996,0.5569999814033508,0.09149999916553497
YGR041W,YHR039C-B,0,3.4561636,0.378139853477478,0.5569999814033508,0.09160000085830688
YJR035W,YJL014W,0,3.454821,0.37788331508636475,0.5569999814033508,0.0917000025510788
YPL198W,YBL097W,0,3.4544415,0.37762710452079773,0.5569999814033508,0.09179999679327011
YHL008C,YLR357W,0,3.4542491,0.37737128138542175,0.5569999814033508,0.09189999848604202
YPR025C,YGL210W-A,0,3.4534853,0.37711578607559204,0.5569999814033508,0.09200000017881393
YGR247W,YPR046W,0,3.4532094,0.3768606185913086,0.5569999814033508,0.09210000187158585
YBR016W,YGR165W,0,3.4492025,0.3766058087348938,0.5569999814033508,0.09220000356435776
YBR100W,YNL139C,1,3.4484591,0.3770270347595215,0.5580000281333923,0.09220000356435776
YMR175W,YPR037C,0,3.4478877,0.3767724633216858,0.5580000281333923,0.09229999780654907
YGR165W,YDR014W,0,3.4476063,0.37651821970939636,0.5580000281333923,0.09239999949932098
YLR058C,YAL011W,0,3.447506,0.3762643337249756,0.5580000281333923,0.0925000011920929
YER160C,YOL068C,1,3.4465778,0.37668463587760925,0.5590000152587891,0.0925000011920929
YJL056C,YNL213C,0,3.446405,0.3764309883117676,0.5590000152587891,0.09260000288486481
YLL010C,YNL035C,0,3.4461038,0.37617766857147217,0.5590000152587891,0.09269999712705612
YGR234W,YGR266W,0,3.4459732,0.375924676656723,0.5590000152587891,0.09279999881982803
YML018C,YCL039W,0,3.4446316,0.37567204236984253,0.5590000152587891,0.09290000051259995
YER016W,YNR056C,0,3.4434936,0.3754197359085083,0.5590000152587891,0.09300000220537186
YPR175W,YGR223C,0,3.4423168,0.3751677870750427,0.5590000152587891,0.09309999644756317
YJR027W,YML061C,1,3.4414625,0.3755868673324585,0.5600000023841858,0.09309999644756317
YLR288C,YGL127C,1,3.4411402,0.3760053515434265,0.5609999895095825,0.09309999644756317
YNL190W,YNL306W,0,3.4410694,0.3757535219192505,0.5609999895095825,0.09319999814033508
YDL038C,YGR184C,0,3.4405053,0.3755020201206207,0.5609999895095825,0.093299999833107
YBR301W,YLR045C,0,3.4394314,0.37525084614753723,0.5609999895095825,0.0934000015258789
YER120W,YHR080C,0,3.4392233,0.375,0.5609999895095825,0.09350000321865082
YIL129C,YDR085C,0,3.438758,0.3747495114803314,0.5609999895095825,0.09359999746084213
YPR022C,YLL001W,0,3.4378877,0.3744993209838867,0.5609999895095825,0.09369999915361404
YMR042W,YOR284W,0,3.4366386,0.37424948811531067,0.5609999895095825,0.09380000084638596
YOR201C,YER078C,0,3.435886,0.37400001287460327,0.5609999895095825,0.09390000253915787
YBR012W-B,YDR540C,1,3.4348116,0.3744170665740967,0.5619999766349792,0.09390000253915787
YML023C,YMR045C,1,3.4344454,0.3748335540294647,0.5630000233650208,0.09390000253915787
YGR272C,YOR103C,0,3.4336035,0.3745841681957245,0.5630000233650208,0.09399999678134918
YPR063C,YMR316W,0,3.4320192,0.3743351101875305,0.5630000233650208,0.0940999984741211
YNL241C,YFR016C,0,3.4320188,0.3740863800048828,0.5630000233650208,0.094200000166893
YDR239C,YHR185C,0,3.4307835,0.37383797764778137,0.5630000233650208,0.09430000185966492
YDL180W,YLL010C,0,3.429779,0.3735899031162262,0.5630000233650208,0.09440000355243683
YBR100W,YDL101C,1,3.428814,0.3740053176879883,0.5640000104904175,0.09440000355243683
YJR109C,YJR098C,0,3.4280705,0.3737574517726898,0.5640000104904175,0.09449999779462814
YLR320W,YJL113W,1,3.4278798,0.374172180891037,0.5649999976158142,0.09449999779462814
YDR352W,YPL130W,0,3.4269388,0.3739245533943176,0.5649999976158142,0.09459999948740005
YKL222C,YPL215W,0,3.4268875,0.37367725372314453,0.5649999976158142,0.09470000118017197
YMR050C,YBR160W,1,3.4244442,0.3740912079811096,0.5659999847412109,0.09470000118017197
YCR107W,YHL009C,0,3.4242811,0.37384411692619324,0.5659999847412109,0.09480000287294388
YCR038C,YPR173C,0,3.422882,0.3735973536968231,0.5659999847412109,0.09489999711513519
YNL305C,YDR169C,0,3.42241,0.37335091829299927,0.5659999847412109,0.0949999988079071
YDR288W,YBR098W,1,3.4222689,0.3737640082836151,0.5669999718666077,0.0949999988079071
YPL006W,YML041C,0,3.4202085,0.373517781496048,0.5669999718666077,0.09510000050067902
YGL127C,YLR135W,1,3.4185905,0.3739302158355713,0.5680000185966492,0.09510000050067902
YFL052W,YLR345W,0,3.417639,0.37368419766426086,0.5680000185966492,0.09520000219345093
YLR288C,YHR167W,1,3.417274,0.37409597635269165,0.5690000057220459,0.09520000219345093
YER100W,YKL221W,0,3.4166155,0.3738501965999603,0.5690000057220459,0.09529999643564224
YHR188C,YGL006W,0,3.4165297,0.3736047148704529,0.5690000057220459,0.09539999812841415
YNL241C,YAR010C,0,3.4164677,0.3733595907688141,0.5690000057220459,0.09549999982118607
YGL127C,YER179W,1,3.4156234,0.37377050518989563,0.5699999928474426,0.09549999982118607
YMR122W-A,YHR076W,0,3.4153507,0.37352555990219116,0.5699999928474426,0.09560000151395798
YMR291W,YJL181W,0,3.4149594,0.37328094244003296,0.5699999928474426,0.09570000320672989
YIL155C,YER153C,0,3.4146347,0.373036652803421,0.5699999928474426,0.0957999974489212
YNL280C,YBL100W-A,0,3.413636,0.37279266119003296,0.5699999928474426,0.09589999914169312
YLR312C-B,YCL011C,0,3.413596,0.37254902720451355,0.5699999928474426,0.09600000083446503
YLR460C,YPR124W,0,3.4125857,0.372305691242218,0.5699999928474426,0.09610000252723694
YKL143W,YJR152W,0,3.4092817,0.37206265330314636,0.5699999928474426,0.09619999676942825
YDR446W,YJR043C,1,3.408381,0.37247228622436523,0.5709999799728394,0.09619999676942825
YBR088C,YML095C,1,3.408259,0.37288135290145874,0.5720000267028809,0.09619999676942825
YOR273C,YKL109W,0,3.4080963,0.37263843417167664,0.5720000267028809,0.09629999846220016
YLR310C,YFL018W-A,0,3.4078557,0.3723958432674408,0.5720000267028809,0.09640000015497208
YNL328C,YBR104W,0,3.4068067,0.37215355038642883,0.5720000267028809,0.09650000184774399
YOL060C,YBL005W-A,0,3.406331,0.37191158533096313,0.5720000267028809,0.0966000035405159
YJR117W,YIL172C,0,3.4055786,0.3716699182987213,0.5720000267028809,0.09669999778270721
YFR055W,YJR029W,1,3.404089,0.37207791209220886,0.5730000138282776,0.09669999778270721
YAR071W,YDR270W,0,3.4028769,0.37183648347854614,0.5730000138282776,0.09679999947547913
YIL172C,YGR140W,0,3.4027736,0.3715953230857849,0.5730000138282776,0.09690000116825104
YFR032C-A,YCR102C,0,3.4020352,0.37135449051856995,0.5730000138282776,0.09700000286102295
YLL054C,YBL008W,0,3.4019535,0.37111398577690125,0.5730000138282776,0.09709999710321426
YBR016W,YBR200W,0,3.4017975,0.3708737790584564,0.5730000138282776,0.09719999879598618
YDL129W,YMR063W,0,3.399992,0.37063390016555786,0.5730000138282776,0.09730000048875809
YMR322C,YNL317W,0,3.399524,0.3703943192958832,0.5730000138282776,0.09740000218153
YIL015W,YDR134C,0,3.3984613,0.3701550364494324,0.5730000138282776,0.09749999642372131
YPL241C,YOL095C,0,3.397859,0.36991608142852783,0.5730000138282776,0.09759999811649323
YLR466W,YJR029W,1,3.3962564,0.370322585105896,0.5740000009536743,0.09759999811649323
YJR160C,YML133C,0,3.3958304,0.3700838088989258,0.5740000009536743,0.09769999980926514
YPL164C,YIL082W-A,1,3.3950233,0.3704896867275238,0.574999988079071,0.09769999980926514
YPL121C,YDR004W,1,3.3949761,0.37089502811431885,0.5759999752044678,0.09769999980926514
YCR029C-A,YHL035C,0,3.3941536,0.3706563711166382,0.5759999752044678,0.09780000150203705
YGR202C,YLL067C,0,3.3925214,0.3704180121421814,0.5759999752044678,0.09790000319480896
YIR008C,YJR056C,0,3.3918595,0.3701799511909485,0.5759999752044678,0.09799999743700027
YAR009C,YDR440W,1,3.3913007,0.3705844581127167,0.5770000219345093,0.09799999743700027
YLR288C,YEL019C,1,3.3891306,0.3709884583950043,0.578000009059906,0.09799999743700027
YDR501W,YDL066W,0,3.3879838,0.3707504868507385,0.578000009059906,0.09809999912977219
YGR207C,YOL088C,0,3.3871236,0.37051281332969666,0.578000009059906,0.0982000008225441
YGL121C,YMR012W,0,3.3869982,0.37027546763420105,0.578000009059906,0.09830000251531601
YDR134C,YOL152W,0,3.3868477,0.3700384199619293,0.578000009059906,0.09839999675750732
YOL016C,YLR337W,0,3.3835955,0.36980167031288147,0.578000009059906,0.09849999845027924
YNR030W,YLR413W,0,3.3833354,0.3695652186870575,0.578000009059906,0.09860000014305115
YER108C,YHR001W,0,3.38225,0.3693290650844574,0.578000009059906,0.09870000183582306
YGL251C,YBR084W,0,3.382103,0.36909323930740356,0.578000009059906,0.09880000352859497
YMR068W,YOL095C,0,3.3812878,0.3688576817512512,0.578000009059906,0.09889999777078629
YAR009C,YHR081W,1,3.3812447,0.36926019191741943,0.5789999961853027,0.09889999777078629
YPL155C,YHR006W,0,3.3799407,0.3690248429775238,0.5789999961853027,0.0989999994635582
YJR010C-A,YOL031C,0,3.379621,0.36878982186317444,0.5789999961853027,0.09910000115633011
YER091C,YPL095C,0,3.3785014,0.36855506896972656,0.5789999961853027,0.09920000284910202
YLR121C,YGL048C,0,3.3781192,0.36832061409950256,0.5789999961853027,0.09929999709129333
YMR094W,YNR026C,0,3.3780544,0.36808645725250244,0.5789999961853027,0.09939999878406525
YKR099W,YMR045C,1,3.376518,0.3684879243373871,0.5799999833106995,0.09939999878406525
YGR004W,YCR018C,0,3.375644,0.3682539761066437,0.5799999833106995,0.09950000047683716
YGL168W,YPL003W,0,3.3754063,0.36802029609680176,0.5799999833106995,0.09960000216960907
YER160C,YDL105W,1,3.3739142,0.3684210479259491,0.5809999704360962,0.09960000216960907
YML045W,YER179W,1,3.373735,0.36882129311561584,0.5820000171661377,0.09960000216960907
YKL059C,YCL057C-A,0,3.3734064,0.3685877025127411,0.5820000171661377,0.09969999641180038
YBR216C,YMR263W,0,3.372989,0.3683544397354126,0.5820000171661377,0.0997999981045723
YDL064W,YGR071C,0,3.3728192,0.3681214451789856,0.5820000171661377,0.09989999979734421
YML045W,YLR467W,1,3.3720732,0.3685208559036255,0.5830000042915344,0.09989999979734421
YKR083C,YKR087C,0,3.3704538,0.3682880699634552,0.5830000042915344,0.10000000149011612
YGR279C,YGR071C,0,3.370344,0.3680555522441864,0.5830000042915344,0.10010000318288803
YOR002W,YBR090C-A,0,3.3699708,0.3678233325481415,0.5830000042915344,0.10019999742507935
YAL028W,YCR004C,0,3.369841,0.36759141087532043,0.5830000042915344,0.10029999911785126
YHR039C-B,YMR080C,0,3.3688521,0.36735978722572327,0.5830000042915344,0.10040000081062317
YER143W,YDR531W,0,3.3674335,0.36712846159935,0.5830000042915344,0.10050000250339508
YKL012W,YDR139C,0,3.3664596,0.36689743399620056,0.5830000042915344,0.1005999967455864
YJL063C,YDR325W,0,3.363781,0.36666667461395264,0.5830000042915344,0.1006999984383583
YMR130W,YKL127W,0,3.3629582,0.3664362132549286,0.5830000042915344,0.10080000013113022
YNL020C,YDR520C,0,3.3629441,0.36620602011680603,0.5830000042915344,0.10090000182390213
YBR267W,YDL030W,0,3.3626738,0.36597615480422974,0.5830000042915344,0.10100000351667404
YGR074W,YGR203W,0,3.3617864,0.36574655771255493,0.5830000042915344,0.10109999775886536
YER140W,YDR342C,0,3.3614597,0.3655172288417816,0.5830000042915344,0.10119999945163727
YOR329C,YOR295W,0,3.3604565,0.36528822779655457,0.5830000042915344,0.10130000114440918
YPL187W,YCR067C,0,3.3590426,0.365059494972229,0.5830000042915344,0.10140000283718109
YPL141C,YDL211C,0,3.3590357,0.36483103036880493,0.5830000042915344,0.1014999970793724
YDR531W,YGL178W,0,3.3580728,0.36460286378860474,0.5830000042915344,0.10159999877214432
YNL323W,YGR122W,0,3.3571134,0.3643749952316284,0.5830000042915344,0.10170000046491623
YMR056C,YDR402C,0,3.3564453,0.3641473948955536,0.5830000042915344,0.10180000215768814
YNL159C,YJR150C,0,3.3545556,0.36392009258270264,0.5830000042915344,0.10189999639987946
YFL049W,YPR097W,0,3.353827,0.36369308829307556,0.5830000042915344,0.10199999809265137
YJR132W,YBL075C,0,3.3536708,0.3634663224220276,0.5830000042915344,0.10209999978542328
YER106W,YFR006W,0,3.3527215,0.3632398843765259,0.5830000042915344,0.10220000147819519
YOR060C,YML060W,0,3.3508065,0.36301368474960327,0.5830000042915344,0.1023000031709671
YDR104C,YNR026C,0,3.35074,0.36278781294822693,0.5830000042915344,0.10239999741315842
YBL074C,YEL077C,0,3.3486776,0.3625621795654297,0.5830000042915344,0.10249999910593033
YDL211C,YMR037C,0,3.3480177,0.3623368442058563,0.5830000042915344,0.10260000079870224
YLR189C,YIL026C,0,3.3471026,0.36211180686950684,0.5830000042915344,0.10270000249147415
YHR079C-B,YLR035C,1,3.3455317,0.36250776052474976,0.5839999914169312,0.10270000249147415
YBR100W,YMR167W,1,3.3445225,0.3629032373428345,0.5849999785423279,0.10270000249147415
YLR396C,YDR111C,0,3.344418,0.3626782298088074,0.5849999785423279,0.10279999673366547
YNR026C,YMR127C,0,3.3433092,0.36245352029800415,0.5849999785423279,0.10289999842643738
YOL039W,YHL018W,0,3.3422723,0.3622291088104248,0.5849999785423279,0.10300000011920929
YAR050W,YNL317W,0,3.3411546,0.36200493574142456,0.5849999785423279,0.1031000018119812
YGL079W,YDR143C,0,3.3406596,0.3617810904979706,0.5849999785423279,0.10320000350475311
YER184C,YBR186W,0,3.3406281,0.3615574836730957,0.5849999785423279,0.10329999774694443
YML041C,YBR001C,0,3.3397856,0.3613341450691223,0.5849999785423279,0.10339999943971634
YBR186W,YGR040W,0,3.3390462,0.3611111044883728,0.5849999785423279,0.10350000113248825
YHL017W,YDL018C,0,3.3381188,0.3608883321285248,0.5849999785423279,0.10360000282526016
YMR050C,YML095C,1,3.3371413,0.3612823784351349,0.5860000252723694,0.10360000282526016
YLR223C,YDR536W,0,3.3355558,0.3610597550868988,0.5860000252723694,0.10369999706745148
YIL155C,YHR202W,0,3.3348613,0.3608374297618866,0.5860000252723694,0.10379999876022339
YOL149W,YJL216C,0,3.3343337,0.3606153726577759,0.5860000252723694,0.1039000004529953
YJL216C,YGR026W,0,3.3341525,0.36039361357688904,0.5860000252723694,0.10400000214576721
YGR156W,YBR297W,0,3.3334856,0.3601720929145813,0.5860000252723694,0.10409999638795853
YLR010C,YDR339C,0,3.3304572,0.35995087027549744,0.5860000252723694,0.10419999808073044
YGL008C,YAR010C,0,3.329793,0.3597298860549927,0.5860000252723694,0.10429999977350235
YDL065C,YLR178C,0,3.329239,0.3595091998577118,0.5860000252723694,0.10440000146627426
YDR540C,YJR029W,1,3.3285947,0.35990190505981445,0.5870000123977661,0.10440000146627426
YBR100W,YMR106C,1,3.3252332,0.3602941036224365,0.5879999995231628,0.10440000146627426
YGR284C,YDL119C,0,3.3251767,0.3600734770298004,0.5879999995231628,0.10450000315904617
YDR386W,YLR320W,1,3.3251362,0.3604651093482971,0.5889999866485596,0.10450000315904617
YPR009W,YBL005W-A,0,3.3193629,0.36024466156959534,0.5889999866485596,0.10459999740123749
YDL079C,YGR009C,0,3.3186347,0.36002445220947266,0.5889999866485596,0.1046999990940094
YLR263W,YKL113C,1,3.31852,0.36041539907455444,0.5899999737739563,0.1046999990940094
YMR130W,YNL038W,0,3.3182228,0.3601953685283661,0.5899999737739563,0.10480000078678131
YHR035W,YNL315C,0,3.3181405,0.3599756062030792,0.5899999737739563,0.10490000247955322
YHL050C,YLR085C,0,3.3178034,0.35975611209869385,0.5899999737739563,0.10499999672174454
YPR168W,YBR248C,0,3.3176236,0.3595368564128876,0.5899999737739563,0.10509999841451645
YJR015W,YEL077C,0,3.3165874,0.3593178987503052,0.5899999737739563,0.10520000010728836
YOL075C,YKL129C,0,3.3164372,0.35909920930862427,0.5899999737739563,0.10530000180006027
YGR106C,YOR214C,0,3.3157196,0.35888078808784485,0.5899999737739563,0.10540000349283218
YCR106W,YGR211W,0,3.3155918,0.35866260528564453,0.5899999737739563,0.1054999977350235
YHR178W,YIL160C,0,3.314903,0.3584447205066681,0.5899999737739563,0.10559999942779541
YER167W,YCL020W,0,3.313935,0.35822707414627075,0.5899999737739563,0.10570000112056732
YML096W,YPL228W,0,3.3138566,0.3580096960067749,0.5899999737739563,0.10580000281333923
YDL114W,YNL227C,0,3.3128195,0.35779261589050293,0.5899999737739563,0.10589999705553055
YNL112W,YCR020C,0,3.312199,0.35757574439048767,0.5899999737739563,0.10599999874830246
YKR039W,YOR308C,0,3.3120112,0.3573591709136963,0.5899999737739563,0.10610000044107437
YNL088W,YIL082W-A,1,3.3084784,0.3577481806278229,0.5910000205039978,0.10610000044107437
YML023C,YIL082W-A,1,3.3081973,0.35813671350479126,0.5920000076293945,0.10610000044107437
YOR341W,YER078C,0,3.3068118,0.35792019963264465,0.5920000076293945,0.10620000213384628
YCR092C,YGR296W,1,3.305173,0.35830816626548767,0.5929999947547913,0.10620000213384628
YJR029W,YDR180W,1,3.304033,0.3586956560611725,0.593999981880188,0.10620000213384628
YCR097W,YGR062C,0,3.3036594,0.35847917199134827,0.593999981880188,0.1062999963760376
YBR018C,YJL216C,0,3.3029969,0.35826295614242554,0.593999981880188,0.10639999806880951
YDR197W,YDR115W,0,3.302893,0.3580470085144043,0.593999981880188,0.10649999976158142
YDR287W,YGR277C,0,3.3027248,0.35783132910728455,0.593999981880188,0.10660000145435333
YDL105W,YDR078C,1,3.3015044,0.3582179546356201,0.5950000286102295,0.10660000145435333
YDR386W,YDR078C,1,3.3012176,0.3586041033267975,0.5960000157356262,0.10660000145435333
YMR045C,YPL022W,1,3.3009982,0.35898977518081665,0.597000002861023,0.10660000145435333
YLR138W,YHL017W,0,3.2972252,0.3587740361690521,0.597000002861023,0.10670000314712524
YAL013W,YPL275W,0,3.2966652,0.3585585653781891,0.597000002861023,0.10679999738931656
YHR111W,YEL004W,0,3.2960973,0.35834333300590515,0.597000002861023,0.10689999908208847
YBR085W,YNL024C,0,3.295703,0.3581283688545227,0.597000002861023,0.10700000077486038
YHL021C,YJR088C,0,3.2954614,0.35791367292404175,0.597000002861023,0.1071000024676323
YLR313C,YPL175W,0,3.295353,0.3576992154121399,0.597000002861023,0.10719999670982361
YMR291W,YOL051W,0,3.2951746,0.3574850261211395,0.597000002861023,0.10729999840259552
YHL006C,YJR029W,1,3.294526,0.35786953568458557,0.5979999899864197,0.10729999840259552
YDR506C,YDR212W,0,3.292822,0.35765549540519714,0.5979999899864197,0.10740000009536743
YLR106C,YGR277C,0,3.292276,0.3574417233467102,0.5979999899864197,0.10750000178813934
YOR368W,YMR045C,1,3.292243,0.3578255772590637,0.5989999771118164,0.10750000178813934
YHL018W,YNL029C,0,3.2916598,0.3576119542121887,0.5989999771118164,0.10760000348091125
YGR220C,YLR299W,0,3.2910118,0.3573985695838928,0.5989999771118164,0.10769999772310257
YER160C,YKR099W,1,3.2894652,0.3577817678451538,0.6000000238418579,0.10769999772310257
YDR440W,YLR035C,1,3.289456,0.3581644892692566,0.6010000109672546,0.10769999772310257
YKR049C,YML107C,0,3.2893624,0.35795116424560547,0.6010000109672546,0.10779999941587448
YML133C,YNL209W,0,3.2893505,0.35773810744285583,0.6010000109672546,0.10790000110864639
YAR010C,YLR068W,0,3.2885203,0.3575252890586853,0.6010000109672546,0.1080000028014183
YOR240W,YCL061C,0,3.2883,0.35731270909309387,0.6010000109672546,0.10809999704360962
YKL158W,YCL010C,0,3.2878914,0.3571004271507263,0.6010000109672546,0.10819999873638153
YFL037W,YNL077W,0,3.2878466,0.3568883538246155,0.6010000109672546,0.10830000042915344
YDL115C,YMR011W,0,3.2877808,0.35667654871940613,0.6010000109672546,0.10840000212192535
YIL147C,YHL022C,0,3.2876863,0.35646501183509827,0.6010000109672546,0.10849999636411667
YGL053W,YER058W,0,3.2872808,0.3562537133693695,0.6010000109672546,0.10859999805688858
YKR095W-A,YNR020C,0,3.2865224,0.35604265332221985,0.6010000109672546,0.10869999974966049
YIL172C,YIL034C,0,3.2862613,0.3558318614959717,0.6010000109672546,0.1088000014424324
YMR050C,YHR081W,1,3.2861538,0.3562130033969879,0.6019999980926514,0.1088000014424324
YOR356W,YJR089W,0,3.2849364,0.3560023605823517,0.6019999980926514,0.10890000313520432
YJL018W,YML113W,0,3.2848055,0.35579195618629456,0.6019999980926514,0.10899999737739563
YLR297W,YML115C,0,3.2847044,0.3555818200111389,0.6019999980926514,0.10909999907016754
YPL108W,YLR212C,0,3.2844949,0.35537189245224,0.6019999980926514,0.10920000076293945
YDR020C,YGL151W,0,3.283739,0.35516223311424255,0.6019999980926514,0.10930000245571136
YBR091C,YIL172C,0,3.2827375,0.3549528419971466,0.6019999980926514,0.10939999669790268
YBR073W,YFL003C,1,3.2821689,0.3553329408168793,0.6029999852180481,0.10939999669790268
YCR063W,YLL042C,0,3.281951,0.3551236689090729,0.6029999852180481,0.10949999839067459
YFL029C,YOR022C,0,3.280034,0.35491466522216797,0.6029999852180481,0.1096000000834465
YGR140W,YOR217W,0,3.2797945,0.3547058701515198,0.6029999852180481,0.10970000177621841
YOR252W,YMR134W,0,3.2788062,0.35449734330177307,0.6029999852180481,0.10980000346899033
YGL222C,YBL061C,0,3.2786689,0.35428908467292786,0.6029999852180481,0.10989999771118164
YOL092W,YBL097W,0,3.2772565,0.35408103466033936,0.6029999852180481,0.10999999940395355
YNL030W,YGL160W,0,3.275125,0.35387325286865234,0.6029999852180481,0.11010000109672546
YBL037W,YGL090W,0,3.2748568,0.35366567969322205,0.6029999852180481,0.11020000278949738
YDL109C,YGL020C,0,3.2731795,0.35345837473869324,0.6029999852180481,0.11029999703168869
YPL096C-A,YGR275W,0,3.2725112,0.35325130820274353,0.6029999852180481,0.1103999987244606
YMR050C,YGL127C,1,3.272409,0.3536299765110016,0.6039999723434448,0.1103999987244606
YNL291C,YDR541C,0,3.2715425,0.3534230589866638,0.6039999723434448,0.11050000041723251
YKL049C,YOR386W,0,3.2706704,0.35321637988090515,0.6039999723434448,0.11060000211000443
YNR073C,YDR486C,0,3.270075,0.3530099391937256,0.6039999723434448,0.11069999635219574
YGR013W,YCR063W,0,3.2688122,0.3528037369251251,0.6039999723434448,0.11079999804496765
YML045W,YFR055W,1,3.2686367,0.35318154096603394,0.6050000190734863,0.11079999804496765
YBR012W-A,YML100W,0,3.2680075,0.3529754877090454,0.6050000190734863,0.11089999973773956
YDR320C-A,YBR214W,0,3.2668695,0.352769672870636,0.6050000190734863,0.11100000143051147
YGR067C,YHR188C,0,3.2665594,0.35256409645080566,0.6050000190734863,0.11110000312328339
YGL124C,YPR066W,0,3.2660222,0.35235875844955444,0.6050000190734863,0.1111999973654747
YGR295C,YOR049C,0,3.2647943,0.3521536588668823,0.6050000190734863,0.11129999905824661
YHR183W,YNL328C,0,3.2628517,0.3519487977027893,0.6050000190734863,0.11140000075101852
YEL020W-A,YMR271C,0,3.262681,0.3517441749572754,0.6050000190734863,0.11150000244379044
YIL043C,YDR056C,0,3.2625818,0.3515397906303406,0.6050000190734863,0.11159999668598175
YDL214C,YKR090W,0,3.262085,0.35133564472198486,0.6050000190734863,0.11169999837875366
YER159C,YJR056C,0,3.2620287,0.35113173723220825,0.6050000190734863,0.11180000007152557
YCR102C,YJR065C,0,3.2600834,0.35092806816101074,0.6050000190734863,0.11190000176429749
YBL067C,YBR180W,0,3.2590108,0.35072463750839233,0.6050000190734863,0.1120000034570694
YGR207C,YCR105W,0,3.2585318,0.350521445274353,0.6050000190734863,0.11209999769926071
YNR073C,YKR030W,0,3.2580693,0.35031846165657043,0.6050000190734863,0.11219999939203262
YEL077C,YPL179W,0,3.2578225,0.35011574625968933,0.6050000190734863,0.11230000108480453
YCR058C,YHL036W,0,3.25764,0.34991323947906494,0.6050000190734863,0.11240000277757645
YJL219W,YNR023W,0,3.2575107,0.34971097111701965,0.6050000190734863,0.11249999701976776
YHR188C,YCL020W,0,3.2566686,0.34950894117355347,0.6050000190734863,0.11259999871253967
YMR204C,YJL216C,0,3.2566402,0.3493071496486664,0.6050000190734863,0.11270000040531158
YKL145W,YBL100W-A,0,3.255778,0.3491055965423584,0.6050000190734863,0.1128000020980835
YBR085W,YAR008W,0,3.2551727,0.3489042818546295,0.6050000190734863,0.11289999634027481
YHL021C,YIR019C,0,3.2543406,0.34870317578315735,0.6050000190734863,0.11299999803304672
YMR224C,YER147C,1,3.2542138,0.34907832741737366,0.6060000061988831,0.11299999803304672
YIR021W,YML005W,0,3.2540367,0.3488773703575134,0.6060000061988831,0.11309999972581863
YDL110C,YPR073C,0,3.2536728,0.3486766517162323,0.6060000061988831,0.11320000141859055
YGR122W,YCR027C,0,3.252811,0.3484761416912079,0.6060000061988831,0.11330000311136246
YGL045W,YPL066W,0,3.2518556,0.3482758700847626,0.6060000061988831,0.11339999735355377
YDL134C-A,YDL058W,0,3.2481508,0.348075807094574,0.6060000061988831,0.11349999904632568
YPL108W,YDL165W,0,3.247581,0.34787601232528687,0.6060000061988831,0.1136000007390976
YJL092W,YBR139W,0,3.247049,0.34767642617225647,0.6060000061988831,0.1137000024318695
YMR207C,YER041W,0,3.2468069,0.3474770784378052,0.6060000061988831,0.11379999667406082
YPR018W,YLR135W,1,3.2460454,0.3478510081768036,0.6069999933242798,0.11379999667406082
YMR122W-A,YGR271C-A,0,3.2457623,0.34765177965164185,0.6069999933242798,0.11389999836683273
YAL009W,YDR402C,0,3.2442617,0.3474527895450592,0.6069999933242798,0.11400000005960464
YER044C-A,YNL312W,1,3.243155,0.3478260934352875,0.6079999804496765,0.11400000005960464
YAR066W,YGR161C,0,3.2424903,0.3476272225379944,0.6079999804496765,0.11410000175237656
YCL020W,YIR019C,0,3.2419062,0.347428560256958,0.6079999804496765,0.11420000344514847
YEL006W,YOL156W,0,3.2409225,0.3472301661968231,0.6079999804496765,0.11429999768733978
YDR118W,YAL068C,0,3.2405581,0.34703195095062256,0.6079999804496765,0.1143999993801117
YDL154W,YLR035C,1,3.2402017,0.34740445017814636,0.609000027179718,0.1143999993801117
YKR078W,YBL036C,0,3.2399168,0.34720638394355774,0.609000027179718,0.1145000010728836
YCR107W,YCR033W,0,3.2398067,0.3470085561275482,0.609000027179718,0.11460000276565552
YLR135W,YPL283C,1,3.2394276,0.3473803997039795,0.6100000143051147,0.11460000276565552
YLR233C,YJL001W,0,3.2390175,0.3471826910972595,0.6100000143051147,0.11469999700784683
YCL019W,YBR160W,1,3.2387128,0.3475540280342102,0.6110000014305115,0.11469999700784683
YLR467W,YPL164C,1,3.2382293,0.34792494773864746,0.6119999885559082,0.11469999700784683
YMR047C,YER096W,0,3.2377691,0.3477272689342499,0.6119999885559082,0.11479999870061874
YMR045C,YJR043C,1,3.2374682,0.34809768199920654,0.6129999756813049,0.11479999870061874
YCR098C,YPL008W,0,3.2372105,0.3479001224040985,0.6129999756813049,0.11490000039339066
YLR263W,YOR005C,1,3.236122,0.3482699990272522,0.6140000224113464,0.11490000039339066
YNL082W,YLR453C,0,3.2347493,0.3480725586414337,0.6140000224113464,0.11500000208616257
YFR003C,YIL067C,0,3.2332058,0.34787535667419434,0.6140000224113464,0.11509999632835388
YIL148W,YER184C,0,3.2325983,0.34767836332321167,0.6140000224113464,0.1151999980211258
YML037C,YLR265C,0,3.231528,0.3474816083908081,0.6140000224113464,0.1152999997138977
YPL140C,YDR523C,0,3.2311418,0.34728506207466125,0.6140000224113464,0.11540000140666962
YLR194C,YMR125W,0,3.2303019,0.3470887541770935,0.6140000224113464,0.11550000309944153
YER160C,YNL312W,1,3.2276504,0.347457617521286,0.6150000095367432,0.11550000309944153
YNL020C,YML118W,0,3.2272167,0.3472614288330078,0.6150000095367432,0.11559999734163284
YNL115C,YJL216C,0,3.2270594,0.34706544876098633,0.6150000095367432,0.11569999903440475
YHR196W,YHR152W,0,3.2269568,0.34686970710754395,0.6150000095367432,0.11580000072717667
YPR070W,YJR153W,0,3.2248707,0.3466741740703583,0.6150000095367432,0.11590000241994858
YJR160C,YIR014W,0,3.2240589,0.3464788794517517,0.6150000095367432,0.11599999666213989
YML001W,YDL030W,0,3.2233717,0.34628379344940186,0.6150000095367432,0.1160999983549118
YNL339C,YIL082W-A,1,3.2227907,0.34665167331695557,0.6159999966621399,0.1160999983549118
YHR202W,YOL003C,0,3.2226322,0.34645670652389526,0.6159999966621399,0.11620000004768372
YFR006W,YDL010W,0,3.2208228,0.3462619483470917,0.6159999966621399,0.11630000174045563
YNL339C,YER095W,1,3.22044,0.34662920236587524,0.6169999837875366,0.11630000174045563
YER095W,YPL283C,1,3.2193637,0.3469960689544678,0.6179999709129333,0.11630000174045563
YPR067W,YLR064W,0,3.2189755,0.3468013405799866,0.6179999709129333,0.11640000343322754
YIL156W,YNL247W,0,3.218899,0.3466068506240845,0.6179999709129333,0.11649999767541885
YNL186W,YLR040C,0,3.218895,0.3464125692844391,0.6179999709129333,0.11659999936819077
YDR270W,YOR334W,0,3.2184472,0.3462184965610504,0.6179999709129333,0.11670000106096268
YLR226W,YOR197W,0,3.217684,0.34602463245391846,0.6179999709129333,0.11680000275373459
YMR130W,YML022W,0,3.216662,0.3458310067653656,0.6179999709129333,0.1168999969959259
YAR009C,YFR055W,1,3.2164023,0.34619686007499695,0.6190000176429749,0.1168999969959259
YER173W,YHL024W,1,3.2157779,0.34656232595443726,0.6200000047683716,0.1168999969959259
YER173W,YNL139C,1,3.2156286,0.34692737460136414,0.6209999918937683,0.1168999969959259
YIR015W,YLR417W,0,3.2154496,0.3467336595058441,0.6209999918937683,0.11699999868869781
YOL023W,YOL157C,0,3.214161,0.3465401828289032,0.6209999918937683,0.11710000038146973
YNL288W,YHR210C,0,3.2133327,0.346346914768219,0.6209999918937683,0.11720000207424164
YDL012C,YKR105C,0,3.212937,0.3461538553237915,0.6209999918937683,0.11729999631643295
YDR362C,YBR021W,0,3.2125196,0.3459610044956207,0.6209999918937683,0.11739999800920486
YLR337C,YFL052W,0,3.2114859,0.34576836228370667,0.6209999918937683,0.11749999970197678
YCL062W,YDR465C,0,3.2098627,0.3455759584903717,0.6209999918937683,0.11760000139474869
YOL109W,YOR058C,0,3.2092712,0.34538376331329346,0.6209999918937683,0.1177000030875206
YBR279W,YHR167W,1,3.2089252,0.3457476496696472,0.621999979019165,0.1177000030875206
YOR068C,YMR052W,0,3.208044,0.34555554389953613,0.621999979019165,0.11779999732971191
YCR066W,YNL229C,0,3.2075038,0.34536367654800415,0.621999979019165,0.11789999902248383
YLR185W,YCL062W,0,3.2068174,0.3451720178127289,0.621999979019165,0.11800000071525574
YFL035C-B,YAR018C,0,3.2066894,0.3449805974960327,0.621999979019165,0.11810000240802765
YHR172W,YNL146W,0,3.2066603,0.3447893559932709,0.621999979019165,0.11819999665021896
YHR035W,YLR372W,0,3.2059283,0.34459832310676575,0.621999979019165,0.11829999834299088
YOR144C,YPR164W,1,3.2050953,0.3449612259864807,0.6230000257492065,0.11829999834299088
YGL086W,YGR212W,0,3.204381,0.3447703421115875,0.6230000257492065,0.11840000003576279
YLR098C,YER005W,0,3.2043366,0.34457963705062866,0.6230000257492065,0.1185000017285347
YIL064W,YJR135C,0,3.2041838,0.3443891704082489,0.6230000257492065,0.11860000342130661
YLR004C,YIL010W,0,3.2041495,0.34419888257980347,0.6230000257492065,0.11869999766349792
YKL195W,YLR343W,0,3.203551,0.34400883316993713,0.6230000257492065,0.11879999935626984
YHR009C,YBR092C,0,3.2035084,0.3438189923763275,0.6230000257492065,0.11890000104904175
YDR534C,YCR023C,0,3.2010298,0.3436293303966522,0.6230000257492065,0.11900000274181366
YBR253W,YDR020C,0,3.200687,0.34343990683555603,0.6230000257492065,0.11909999698400497
YOR172W,YJL021C,0,3.1960776,0.34325069189071655,0.6230000257492065,0.11919999867677689
YDL212W,YKL138C-A,0,3.195802,0.3430616855621338,0.6230000257492065,0.1193000003695488
YML107C,YLR148W,0,3.194409,0.34287285804748535,0.6230000257492065,0.11940000206232071
YNR055C,YCL012W,0,3.192222,0.342684268951416,0.6230000257492065,0.11949999630451202
YJR054W,YDL033C,0,3.1919446,0.3424958884716034,0.6230000257492065,0.11959999799728394
YBR073W,YDL105W,1,3.1914005,0.34285715222358704,0.6240000128746033,0.11959999799728394
YGR289C,YMR162C,0,3.1906004,0.3426688611507416,0.6240000128746033,0.11969999969005585
YIL084C,YHR178W,0,3.1890342,0.34248077869415283,0.6240000128746033,0.11980000138282776
YMR130W,YEL005C,0,3.1880212,0.3422929346561432,0.6240000128746033,0.11990000307559967
YLR313C,YGR123C,0,3.1876626,0.34210526943206787,0.6240000128746033,0.11999999731779099
YDR110W,YPR164W,1,3.186757,0.34246575832366943,0.625,0.11999999731779099
YOR195W,YDL243C,0,3.1865025,0.34227821230888367,0.625,0.1200999990105629
YHL008C,YEL003W,0,3.1863842,0.3420908451080322,0.625,0.12020000070333481
YLR038C,YKL100C,0,3.1854863,0.3419037163257599,0.625,0.12030000239610672
YDL154W,YGL127C,1,3.1854572,0.34226351976394653,0.6259999871253967,0.12030000239610672
YIL070C,YJL139C,0,3.1852558,0.34207651019096375,0.6259999871253967,0.12039999663829803
YDL003W,YLL038C,0,3.1841393,0.3418896794319153,0.6259999871253967,0.12049999833106995
YER176W,YNL024C,0,3.1839027,0.34170305728912354,0.6259999871253967,0.12060000002384186
YIL107C,YLR086W,0,3.182085,0.3415166437625885,0.6259999871253967,0.12070000171661377
YER006W,YMR189W,0,3.182074,0.3413304388523102,0.6259999871253967,0.12080000340938568
YJR017C,YML131W,0,3.1806512,0.3411444127559662,0.6259999871253967,0.120899997651577
YDR480W,YDL156W,0,3.1796098,0.3409585952758789,0.6259999871253967,0.12099999934434891
YJR015W,YJR094W-A,0,3.179449,0.34077298641204834,0.6259999871253967,0.12110000103712082
YNR061C,YDR311W,0,3.1783226,0.3405875861644745,0.6259999871253967,0.12120000272989273
YLR229C,YNL181W,0,3.1781082,0.34040239453315735,0.6259999871253967,0.12129999697208405
YGL201C,YIR007W,0,3.177062,0.34021738171577454,0.6259999871253967,0.12139999866485596
YLR411W,YDR169C,0,3.176938,0.34003257751464844,0.6259999871253967,0.12150000035762787
YCR069W,YFL061W,0,3.1766717,0.33984798192977905,0.6259999871253967,0.12160000205039978
YGR207C,YNR030W,0,3.1766706,0.3396635949611664,0.6259999871253967,0.1216999962925911
YMR122W-A,YNL189W,0,3.1765482,0.33947938680648804,0.6259999871253967,0.121799997985363
YJR056C,YGL232W,0,3.1753867,0.3392953872680664,0.6259999871253967,0.12189999967813492
YPL031C,YCL020W,0,3.1745,0.3391115963459015,0.6259999871253967,0.12200000137090683
YGL073W,YLR116W,0,3.174316,0.3389279842376709,0.6259999871253967,0.12210000306367874
YHR142W,YJR134C,0,3.1741552,0.338744580745697,0.6259999871253967,0.12219999730587006
YOR193W,YCR070W,0,3.1740975,0.33856138586997986,0.6259999871253967,0.12229999899864197
YGR272C,YHR154W,0,3.1723144,0.338378369808197,0.6259999871253967,0.12240000069141388
YER001W,YKL125W,0,3.1709101,0.3381955623626709,0.6259999871253967,0.12250000238418579
YBR153W,YMR051C,0,3.1709023,0.3380129635334015,0.6259999871253967,0.1225999966263771
YBR012W-A,YOL078W,0,3.1707957,0.3378305435180664,0.6259999871253967,0.12269999831914902
YER147C,YPR164W,1,3.1703176,0.33818769454956055,0.6269999742507935,0.12269999831914902
YHR013C,YIL171W,0,3.1693225,0.338005393743515,0.6269999742507935,0.12280000001192093
YLR225C,YOL069W,0,3.1677346,0.3378232717514038,0.6269999742507935,0.12290000170469284
YKL220C,YDR466W,0,3.1663759,0.3376413583755493,0.6269999742507935,0.12300000339746475
YDR191W,YMR262W,0,3.1654313,0.33745962381362915,0.6269999742507935,0.12309999763965607
YAR009C,YDL185W,1,3.165257,0.3378160297870636,0.628000020980835,0.12309999763965607
YPR114W,YER148W,0,3.1647692,0.337634414434433,0.628000020980835,0.12319999933242798
YMR058W,YNL190W,0,3.1642928,0.3374529778957367,0.628000020980835,0.12330000102519989
YCL016C,YKR046C,0,3.1636252,0.3372717499732971,0.628000020980835,0.1234000027179718
YCR029C-A,YBR185C,0,3.1635933,0.33709070086479187,0.628000020980835,0.12349999696016312
YOR348C,YDR536W,0,3.1628852,0.33690986037254333,0.628000020980835,0.12359999865293503
YPL281C,YLR448W,0,3.1607432,0.3367292284965515,0.628000020980835,0.12370000034570694
YNL181W,YGR158C,0,3.1604235,0.336548775434494,0.628000020980835,0.12380000203847885
YIL084C,YLR132C,0,3.1603975,0.33636850118637085,0.628000020980835,0.12389999628067017
YIR028W,YMR184W,0,3.1601849,0.3361884355545044,0.628000020980835,0.12399999797344208
YPL111W,YNR071C,0,3.1596358,0.33600854873657227,0.628000020980835,0.12409999966621399
YJL208C,YER095W,1,3.1594207,0.33636364340782166,0.6290000081062317,0.12409999966621399
YJL118W,YLL057C,0,3.1592934,0.3361838459968567,0.6290000081062317,0.1242000013589859
YCL062W,YCR031C,0,3.1591778,0.3360042870044708,0.6290000081062317,0.12430000305175781
YGR202C,YCR010C,0,3.1591048,0.3358248770236969,0.6290000081062317,0.12439999729394913
YAL008W,YGL061C,0,3.15871,0.3356456756591797,0.6290000081062317,0.12449999898672104
YKL188C,YLR106C,0,3.1580708,0.3354666531085968,0.6290000081062317,0.12460000067949295
YDR301W,YDL220C,0,3.1575756,0.33528783917427063,0.6290000081062317,0.12470000237226486
YMR220W,YBR180W,0,3.1572113,0.3351092040538788,0.6290000081062317,0.12479999661445618
YMR204C,YCR081W,0,3.1567001,0.33493077754974365,0.6290000081062317,0.12489999830722809
YGL033W,YJR027W,1,3.1559625,0.3352847397327423,0.6299999952316284,0.12489999830722809
YMR175W,YPL123C,0,3.1556554,0.33510637283325195,0.6299999952316284,0.125
YGR030C,YML040W,0,3.1553557,0.3349282443523407,0.6299999952316284,0.1251000016927719
YMR051C,YJL099W,0,3.1544726,0.3347502648830414,0.6299999952316284,0.12520000338554382
YMR041C,YCL057C-A,0,3.154229,0.3345724940299988,0.6299999952316284,0.12530000507831573
YDL095W,YPL066W,0,3.1526663,0.3343949019908905,0.6299999952316284,0.12540000677108765
YFL055W,YDR019C,0,3.1520786,0.33421751856803894,0.6299999952316284,0.12549999356269836
YBR056W,YNL214W,0,3.151991,0.3340402841567993,0.6299999952316284,0.12559999525547028
YNL323W,YHR003C,0,3.1512442,0.3338632881641388,0.6299999952316284,0.1256999969482422
YKL197C,YLR106C,0,3.1512146,0.3336864411830902,0.6299999952316284,0.1257999986410141
YCR029C-A,YOR227W,0,3.150965,0.33350980281829834,0.6299999952316284,0.125900000333786
YGR156W,YNL217W,0,3.1503477,0.3333333432674408,0.6299999952316284,0.12600000202655792
YDR108W,YBR028C,0,3.150033,0.3331570625305176,0.6299999952316284,0.12610000371932983
YOR191W,YCL062W,0,3.1489372,0.3329809606075287,0.6299999952316284,0.12620000541210175
YPR131C,YOR125C,0,3.1484861,0.3328050673007965,0.6299999952316284,0.12630000710487366
YJL025W,YFL052W,0,3.1481836,0.33262935280799866,0.6299999952316284,0.12639999389648438
YLR225C,YIL138C,0,3.1480386,0.33245381712913513,0.6299999952316284,0.1264999955892563
YNL083W,YBR022W,0,3.1472888,0.3322784900665283,0.6299999952316284,0.1265999972820282
YHR157W,YMR167W,1,3.1471758,0.332630455493927,0.6309999823570251,0.1265999972820282
YBR023C,YMR313C,0,3.1465394,0.33245521783828735,0.6309999823570251,0.1266999989748001
YDR033W,YNL146W,0,3.1458097,0.33228015899658203,0.6309999823570251,0.12680000066757202
YNR038W,YCL061C,0,3.1457376,0.33210524916648865,0.6309999823570251,0.12690000236034393
YHR113W,YER048W-A,0,3.1443448,0.33193057775497437,0.6309999823570251,0.12700000405311584
YMR224C,YDR540C,1,3.143555,0.33228179812431335,0.6320000290870667,0.12700000405311584
YLR451W,YGL224C,0,3.1435072,0.33210718631744385,0.6320000290870667,0.12710000574588776
YPR022C,YDR464W,0,3.1421475,0.33193278312683105,0.6320000290870667,0.12720000743865967
YJL208C,YPL121C,1,3.1420052,0.33228346705436707,0.6330000162124634,0.12720000743865967
YHR113W,YLR378C,0,3.141561,0.33210912346839905,0.6330000162124634,0.12729999423027039
YKL099C,YHR123W,0,3.141183,0.33193498849868774,0.6330000162124634,0.1273999959230423
YPL189C-A,YML047C,0,3.1386528,0.3317610025405884,0.6330000162124634,0.1274999976158142
YJL092W,YDR248C,0,3.1382113,0.3315872251987457,0.6330000162124634,0.12759999930858612
YPL281C,YDR283C,0,3.13744,0.3314136266708374,0.6330000162124634,0.12770000100135803
YOL034W,YBR136W,1,3.1365392,0.33176347613334656,0.6340000033378601,0.12770000100135803
YLR410W,YJL056C,0,3.1362448,0.3315899670124054,0.6340000033378601,0.12780000269412994
YDL012C,YPL168W,0,3.1357365,0.33141663670539856,0.6340000033378601,0.12790000438690186
YKR053C,YOR192C,0,3.1355186,0.33124345541000366,0.6340000033378601,0.12800000607967377
YMR106C,YLR467W,1,3.1345384,0.3315926790237427,0.6349999904632568,0.12800000607967377
YDL042C,YJR120W,0,3.1341257,0.33141961693763733,0.6349999904632568,0.12809999287128448
YKR094C,YPL275W,0,3.132536,0.3312467336654663,0.6349999904632568,0.1281999945640564
YDR522C,YPL177C,0,3.132205,0.3310740292072296,0.6349999904632568,0.1282999962568283
YKL005C,YDL180W,0,3.1321766,0.33090150356292725,0.6349999904632568,0.12839999794960022
YNL148C,YDL058W,0,3.1319747,0.3307291567325592,0.6349999904632568,0.12849999964237213
YBR035C,YIL073C,0,3.1314127,0.3305569887161255,0.6349999904632568,0.12860000133514404
YML033W,YLR052W,0,3.1298954,0.3303850293159485,0.6349999904632568,0.12870000302791595
YPL017C,YJL113W,1,3.1298594,0.3307332396507263,0.6359999775886536,0.12870000302791595
YPL254W,YLR090W,0,3.1291277,0.3305613398551941,0.6359999775886536,0.12880000472068787
YPL158C,YHR203C,0,3.128362,0.3303896188735962,0.6359999775886536,0.12890000641345978
YBR130C,YER108C,0,3.1280053,0.3302180767059326,0.6359999775886536,0.1289999932050705
YLR057W,YJL116C,0,3.1278424,0.33004671335220337,0.6359999775886536,0.1290999948978424
YKL222C,YBR248C,0,3.12773,0.32987552881240845,0.6359999775886536,0.12919999659061432
YNL299W,YGL243W,0,3.127604,0.32970452308654785,0.6359999775886536,0.12929999828338623
YGL020C,YOR037W,0,3.1255984,0.3295336663722992,0.6359999775886536,0.12939999997615814
YOR298C-A,YCL012W,0,3.1245556,0.32936301827430725,0.6359999775886536,0.12950000166893005
YMR040W,YMR070W,0,3.1233287,0.32919254899024963,0.6359999775886536,0.12960000336170197
YPR201W,YPL153C,0,3.122999,0.32902225852012634,0.6359999775886536,0.12970000505447388
YCR107W,YEL051W,0,3.1229367,0.328852117061615,0.6359999775886536,0.1298000067472458
YIR013C,YNL003C,0,3.1225152,0.32868218421936035,0.6359999775886536,0.1298999935388565
YHR214W,YHL007C,0,3.1221294,0.32851240038871765,0.6359999775886536,0.12999999523162842
YMR131C,YKL089W,0,3.1218176,0.3283427953720093,0.6359999775886536,0.13009999692440033
YKL139W,YBL014C,0,3.1215134,0.32817336916923523,0.6359999775886536,0.13019999861717224
YNR012W,YDL134C-A,0,3.1211681,0.3280041217803955,0.6359999775886536,0.13030000030994415
YJL216C,YPL126W,0,3.120578,0.3278350532054901,0.6359999775886536,0.13040000200271606
YDR108W,YDR243C,0,3.120061,0.32766616344451904,0.6359999775886536,0.13050000369548798
YBL074C,YDR126W,0,3.1195154,0.3274974226951599,0.6359999775886536,0.1306000053882599
YHR070W,YNL181W,0,3.1186721,0.3273288607597351,0.6359999775886536,0.1307000070810318
YBR221C,YEL004W,0,3.1184857,0.327160507440567,0.6359999775886536,0.13079999387264252
YNL180C,YLR010C,0,3.1180115,0.3269922733306885,0.6359999775886536,0.13089999556541443
YNR033W,YIL011W,0,3.1178112,0.32682424783706665,0.6359999775886536,0.13099999725818634
YLR426W,YDR127W,0,3.117665,0.32665640115737915,0.6359999775886536,0.13109999895095825
YNL041C,YMR293C,0,3.1171186,0.3264887034893036,0.6359999775886536,0.13120000064373016
YBR105C,YKL199C,0,3.116584,0.32632118463516235,0.6359999775886536,0.13130000233650208
YDL191W,YAR010C,0,3.1156838,0.32615384459495544,0.6359999775886536,0.131400004029274
YFL018C,YGR071C,0,3.115487,0.32598668336868286,0.6359999775886536,0.1315000057220459
YIR031C,YLR013W,0,3.1150866,0.3258196711540222,0.6359999775886536,0.1316000074148178
YKL049C,YFL052W,0,3.1146863,0.3256528377532959,0.6359999775886536,0.13169999420642853
YGL168W,YIR033W,0,3.11418,0.3254861831665039,0.6359999775886536,0.13179999589920044
YGL175C,YDL141W,0,3.114044,0.32531970739364624,0.6359999775886536,0.13189999759197235
YKL149C,YLR212C,0,3.1130242,0.3251533806324005,0.6359999775886536,0.13199999928474426
YCL019W,YBL100W-B,1,3.1103559,0.32549822330474854,0.6370000243186951,0.13199999928474426
YNR001C,YGR096W,0,3.109227,0.32533198595046997,0.6370000243186951,0.13210000097751617
YBR100W,YLR288C,1,3.1083808,0.3256763517856598,0.6380000114440918,0.13210000097751617
YDR489W,YNR071C,0,3.1054406,0.3255102038383484,0.6380000114440918,0.13220000267028809
YHR106W,YLR154C,0,3.105096,0.3253442049026489,0.6380000114440918,0.13230000436306
YER141W,YML040W,0,3.103976,0.3251783847808838,0.6380000114440918,0.1324000060558319
YDR280W,YOL069W,0,3.1035562,0.325012743473053,0.6380000114440918,0.13249999284744263
YLR194C,YER100W,0,3.1035533,0.3248472511768341,0.6380000114440918,0.13259999454021454
YOL130W,YMR051C,0,3.1035,0.32468193769454956,0.6380000114440918,0.13269999623298645
YPR168W,YDR115W,0,3.1033728,0.32451677322387695,0.6380000114440918,0.13279999792575836
YML062C,YPL022W,1,3.103239,0.32486018538475037,0.6389999985694885,0.13279999792575836
YLR001C,YJR135W-A,0,3.1031961,0.3246951103210449,0.6389999985694885,0.13289999961853027
YGR046W,YOR258W,0,3.10293,0.3245302140712738,0.6389999985694885,0.13300000131130219
YLR376C,YER179W,1,3.1016755,0.32487308979034424,0.6399999856948853,0.13300000131130219
YPL015C,YCR092C,1,3.0997002,0.3252156376838684,0.640999972820282,0.13300000131130219
YFL035C-B,YDR188W,0,3.0985928,0.3250507116317749,0.640999972820282,0.1331000030040741
YDR013W,YDR201W,0,3.0973563,0.3248859643936157,0.640999972820282,0.133200004696846
YJR152W,YPL116W,0,3.0971365,0.3247213661670685,0.640999972820282,0.13330000638961792
YLR143W,YMR214W,0,3.0958543,0.32455697655677795,0.640999972820282,0.13339999318122864
YKR099C-A,YLR102C,0,3.0954885,0.324392706155777,0.640999972820282,0.13349999487400055
YJR027W,YLR466W,1,3.0952141,0.3247344493865967,0.6420000195503235,0.13349999487400055
YMR002W,YIL113W,0,3.0952048,0.32457026839256287,0.6420000195503235,0.13359999656677246
YHR035W,YDR452W,0,3.0948174,0.3244062662124634,0.6420000195503235,0.13369999825954437
YBR301W,YIR003W,0,3.0936427,0.32424241304397583,0.6420000195503235,0.13379999995231628
YBL003C,YPL161C,0,3.0923696,0.3240787386894226,0.6420000195503235,0.1339000016450882
YDL098C,YBL005W-A,0,3.0920277,0.3239152431488037,0.6420000195503235,0.1340000033378601
YBL075C,YMR072W,0,3.0910006,0.32375189661979675,0.6420000195503235,0.13410000503063202
YPL207W,YPL236C,0,3.090979,0.32358869910240173,0.6420000195503235,0.13420000672340393
YDR134C,YLR240W,0,3.0903473,0.32342568039894104,0.6420000195503235,0.13429999351501465
YKL158W,YGR008C,0,3.0894585,0.3232628405094147,0.6420000195503235,0.13439999520778656
YFR042W,YNL270C,0,3.0891263,0.32310014963150024,0.6420000195503235,0.13449999690055847
YJL118W,YGR212W,0,3.0891192,0.32293763756752014,0.6420000195503235,0.13459999859333038
YIL075C,YLR126C,0,3.088365,0.322775274515152,0.6420000195503235,0.1347000002861023
YEL032W,YMR170C,0,3.0872855,0.32261306047439575,0.6420000195503235,0.1348000019788742
YDL214C,YGR188C,0,3.0865183,0.32245102524757385,0.6420000195503235,0.13490000367164612
YML018C,YKL025C,0,3.0845187,0.3222891688346863,0.6420000195503235,0.13500000536441803
YML024W,YNL134C,0,3.0829318,0.32212743163108826,0.6420000195503235,0.13510000705718994
YDR390C,YHR140W,0,3.082857,0.32196590304374695,0.6420000195503235,0.13519999384880066
YDL213C,YGR049W,0,3.08282,0.3218045234680176,0.6420000195503235,0.13529999554157257
YLR190W,YOR179C,0,3.082489,0.32164329290390015,0.6420000195503235,0.13539999723434448
YAL047C,YPR097W,0,3.0817628,0.32148221135139465,0.6420000195503235,0.1354999989271164
YDL139C,YPL085W,0,3.0809844,0.3213213086128235,0.6420000195503235,0.1356000006198883
YNL097C,YLR225C,0,3.0805273,0.32116058468818665,0.6420000195503235,0.13570000231266022
YDL223C,YBR028C,0,3.0795403,0.32100000977516174,0.6420000195503235,0.13580000400543213
YMR130W,YDR394W,0,3.0793467,0.3208395838737488,0.6420000195503235,0.13590000569820404
YIL072W,YBR236C,0,3.0787857,0.32067930698394775,0.6420000195503235,0.13600000739097595
YJL046W,YDR014W,0,3.0778487,0.32051920890808105,0.6420000195503235,0.13609999418258667
YIL067C,YLR274W,0,3.0773418,0.3203592896461487,0.6420000195503235,0.13619999587535858
YIL121W,YOR022C,0,3.0773292,0.32019948959350586,0.6420000195503235,0.1362999975681305
YPL092W,YPL108W,0,3.0766215,0.32003986835479736,0.6420000195503235,0.1363999992609024
YHR024C,YGL089C,0,3.0766103,0.3198804259300232,0.6420000195503235,0.13650000095367432
YER108C,YGR275W,0,3.075826,0.3197211027145386,0.6420000195503235,0.13660000264644623
YBR090C-A,YBR055C,0,3.075364,0.3195619583129883,0.6420000195503235,0.13670000433921814
YNR019W,YBR208C,0,3.0747192,0.3194029927253723,0.6420000195503235,0.13680000603199005
YFL053W,YNL054W,0,3.0745597,0.3192441463470459,0.6420000195503235,0.13689999282360077
YKL092C,YIL009C-A,0,3.0743608,0.3190854787826538,0.6420000195503235,0.13699999451637268
YLR128W,YNL146W,0,3.0731726,0.31892696022987366,0.6420000195503235,0.1370999962091446
YOR228C,YKL127W,0,3.07317,0.31876862049102783,0.6420000195503235,0.1371999979019165
YNL159C,YMR287C,0,3.0711043,0.31861042976379395,0.6420000195503235,0.13729999959468842
YIR028W,YPR128C,0,3.0699427,0.318452388048172,0.6420000195503235,0.13740000128746033
YNL115C,YEL077C,0,3.0694575,0.318294495344162,0.6420000195503235,0.13750000298023224
YIR013C,YDR324C,0,3.0691152,0.3181367814540863,0.6420000195503235,0.13760000467300415
YDL154W,YBR098W,1,3.0689147,0.31847450137138367,0.6430000066757202,0.13760000467300415
YBR240C,YGR009C,0,3.068786,0.31831681728363037,0.6430000066757202,0.13770000636577606
YBR267W,YIR003W,0,3.0671532,0.3181593418121338,0.6430000066757202,0.13779999315738678
YPL189C-A,YML048W,0,3.0670688,0.31800198554992676,0.6430000066757202,0.1378999948501587
YML011C,YBR164C,0,3.0669549,0.31784477829933167,0.6430000066757202,0.1379999965429306
YML024W,YKL088W,0,3.0656111,0.3176877498626709,0.6430000066757202,0.13809999823570251
YOR293W,YBL036C,0,3.0647135,0.31753087043762207,0.6430000066757202,0.13819999992847443
YBL056W,YML040W,0,3.0641284,0.3173741400241852,0.6430000066757202,0.13830000162124634
YOR389W,YMR244C-A,0,3.062808,0.31721755862236023,0.6430000066757202,0.13840000331401825
YOL135C,YNR075W,0,3.0606961,0.3170611560344696,0.6430000066757202,0.13850000500679016
YFL039C,YPR148C,0,3.0605652,0.31690487265586853,0.6430000066757202,0.13860000669956207
YHR039C,YDL154W,1,3.0573225,0.317241370677948,0.6439999938011169,0.13860000669956207
YER030W,YCL005W-A,0,3.0554597,0.3170851767063141,0.6439999938011169,0.1386999934911728
YML045W,YFR038W,1,3.0554495,0.3174212574958801,0.6449999809265137,0.1386999934911728
YNL101W,YHR184W,0,3.055067,0.317265123128891,0.6449999809265137,0.1387999951839447
YEL048C,YGR181W,0,3.0544715,0.3171091377735138,0.6449999809265137,0.1388999968767166
YBR100W,YJL051W,1,3.0542917,0.31744471192359924,0.6460000276565552,0.1388999968767166
YML113W,YGR260W,0,3.0538645,0.3172888159751892,0.6460000276565552,0.13899999856948853
YHL013C,YPR174C,0,3.0533805,0.3171330392360687,0.6460000276565552,0.13910000026226044
YDR363W,YJL207C,0,3.0530272,0.31697744131088257,0.6460000276565552,0.13920000195503235
YLR298C,YPR134W,0,3.051859,0.31682196259498596,0.6460000276565552,0.13930000364780426
YER140W,YER082C,0,3.051814,0.3166666626930237,0.6460000276565552,0.13940000534057617
YLR306W,YOL156W,0,3.0515208,0.31651151180267334,0.6460000276565552,0.13950000703334808
YNL194C,YGR099W,0,3.05095,0.31635650992393494,0.6460000276565552,0.1395999938249588
YDR287W,YGL027C,0,3.0504513,0.31620165705680847,0.6460000276565552,0.1396999955177307
YOL157C,YAL012W,0,3.0503964,0.31604695320129395,0.6460000276565552,0.13979999721050262
YLL001W,YNR040W,0,3.0499465,0.31589242815971375,0.6460000276565552,0.13989999890327454
YNL325C,YNL077W,0,3.0489464,0.3157380223274231,0.6460000276565552,0.14000000059604645
YMR015C,YDL124W,0,3.048012,0.3155837953090668,0.6460000276565552,0.14010000228881836
YKR029C,YOL065C,0,3.0478163,0.3154296875,0.6460000276565552,0.14020000398159027
YEL016C,YOR295W,0,3.0477886,0.31527575850486755,0.6460000276565552,0.14030000567436218
YOR356W,YPL156C,0,3.0475688,0.31512194871902466,0.6460000276565552,0.1404000073671341
YDR213W,YER054C,0,3.0475187,0.3149683177471161,0.6460000276565552,0.1404999941587448
YPL038W,YNL065W,0,3.0472288,0.31481480598449707,0.6460000276565552,0.14059999585151672
YER071C,YDR300C,0,3.0470133,0.3146614730358124,0.6460000276565552,0.14069999754428864
YDR208W,YOR306C,0,3.0469549,0.3145082890987396,0.6460000276565552,0.14079999923706055
YDL164C,YBR228W,1,3.0467043,0.3148418366909027,0.6470000147819519,0.14079999923706055
YNL151C,YGR014W,0,3.045059,0.31468871235847473,0.6470000147819519,0.14090000092983246
YDL174C,YKR087C,0,3.0436335,0.3145357370376587,0.6470000147819519,0.14100000262260437
YMR175W,YMR283C,0,3.041763,0.3143829107284546,0.6470000147819519,0.14110000431537628
YER141W,YBR018C,0,3.041601,0.31423020362854004,0.6470000147819519,0.1412000060081482
YOR103C,YBL010C,0,3.0411174,0.3140776753425598,0.6470000147819519,0.1412999927997589
YOR252W,YPL209C,0,3.041107,0.31392526626586914,0.6470000147819519,0.14139999449253082
YCR017C,YPL096C-A,0,3.0404353,0.3137730360031128,0.6470000147819519,0.14149999618530273
YPL060W,YNL315C,0,3.0396056,0.3136209547519684,0.6470000147819519,0.14159999787807465
YGL063W,YPR086W,0,3.0386975,0.3134689927101135,0.6470000147819519,0.14169999957084656
YPL001W,YGL243W,0,3.0375319,0.3133171796798706,0.6470000147819519,0.14180000126361847
YIL119C,YGR128C,0,3.0369105,0.313165545463562,0.6470000147819519,0.14190000295639038
YHL044W,YDL117W,0,3.0368013,0.31301403045654297,0.6470000147819519,0.1420000046491623
YML066C,YOR298C-A,0,3.0365012,0.31286266446113586,0.6470000147819519,0.1421000063419342
YPR022C,YDR506C,0,3.0363588,0.3127114474773407,0.6470000147819519,0.14219999313354492
YEL077C,YLR275W,0,3.0334535,0.31256037950515747,0.6470000147819519,0.14229999482631683
YFL053W,YJL111W,0,3.032812,0.3124094605445862,0.6470000147819519,0.14239999651908875
YDR013W,YLL066C,0,3.0326571,0.31225869059562683,0.6470000147819519,0.14249999821186066
YMR050C,YHR167W,1,3.0324917,0.31259045004844666,0.6480000019073486,0.14249999821186066
YDL191W,YJR129C,0,3.0321403,0.3124397397041321,0.6480000019073486,0.14259999990463257
YML114C,YDR019C,0,3.0321183,0.31228914856910706,0.6480000019073486,0.14270000159740448
YLR204W,YGR161C,0,3.0319247,0.31213873624801636,0.6480000019073486,0.1428000032901764
YCL005W-A,YGL013C,0,3.0317295,0.3119884431362152,0.6480000019073486,0.1429000049829483
YIL099W,YER069W,0,3.0307827,0.311838299036026,0.6480000019073486,0.14300000667572021
YHR090C,YOR022C,0,3.0307553,0.31168830394744873,0.6480000019073486,0.14309999346733093
YNL250W,YDR180W,1,3.0304496,0.3120192289352417,0.6489999890327454,0.14309999346733093
YJL028W,YPR082C,0,3.0299761,0.3118692934513092,0.6489999890327454,0.14319999516010284
YJL028W,YAL043C,0,3.0296068,0.31171950697898865,0.6489999890327454,0.14329999685287476
YLR032W,YHR112C,0,3.029364,0.31156983971595764,0.6489999890327454,0.14339999854564667
YOR322C,YBR241C,0,3.0291417,0.31142035126686096,0.6489999890327454,0.14350000023841858
YDL154W,YDR078C,1,3.027697,0.311750590801239,0.6499999761581421,0.14350000023841858
YHR206W,YLR233C,0,3.0276573,0.3116011619567871,0.6499999761581421,0.1436000019311905
YNL045W,YGR091W,0,3.026875,0.31145185232162476,0.6499999761581421,0.1437000036239624
YGL073W,YDL004W,0,3.0261843,0.31130269169807434,0.6499999761581421,0.14380000531673431
YDL150W,YJR129C,0,3.0256615,0.3111536502838135,0.6499999761581421,0.14390000700950623
YAL011W,YOR330C,0,3.025314,0.31100478768348694,0.6499999761581421,0.14399999380111694
YGR060W,YDR363W,0,3.0245914,0.31085604429244995,0.6499999761581421,0.14409999549388885
YGR296W,YLR135W,1,3.024493,0.31118547916412354,0.6510000228881836,0.14409999549388885
YJR027W,YER095W,1,3.023476,0.31151458621025085,0.6520000100135803,0.14409999549388885
YMR134W,YDL230W,0,3.0233674,0.3113658130168915,0.6520000100135803,0.14419999718666077
YNL310C,YBR168W,0,3.0231392,0.31121718883514404,0.6520000100135803,0.14429999887943268
YPR046W,YGR220C,0,3.023086,0.31106871366500854,0.6520000100135803,0.1444000005722046
YMR247C,YHR112C,0,3.0230653,0.3109203577041626,0.6520000100135803,0.1445000022649765
YMR074C,YGR135W,0,3.022918,0.3107721507549286,0.6520000100135803,0.1446000039577484
YGR266W,YIL052C,0,3.0227363,0.3106240928173065,0.6520000100135803,0.14470000565052032
YBR022W,YOR155C,0,3.0224643,0.3104761838912964,0.6520000100135803,0.14480000734329224
YNL149C,YLR283W,0,3.0206132,0.3103284239768982,0.6520000100135803,0.14489999413490295
YEL026W,YKR105C,0,3.0203085,0.31018078327178955,0.6520000100135803,0.14499999582767487
YPL132W,YFL055W,0,3.0179353,0.31003329157829285,0.6520000100135803,0.14509999752044678
YAR066W,YMR053C,0,3.0175738,0.3098859190940857,0.6520000100135803,0.1451999992132187
YBR019C,YOR057W,0,3.0170403,0.30973872542381287,0.6520000100135803,0.1453000009059906
YDR111C,YHR103W,0,3.0169215,0.3095916509628296,0.6520000100135803,0.1454000025987625
YPL108W,YLR318W,0,3.0168464,0.30944469571113586,0.6520000100135803,0.14550000429153442
YBR295W,YAR010C,0,3.016442,0.30929791927337646,0.6520000100135803,0.14560000598430634
YDR284C,YEL004W,0,3.0160623,0.3091512620449066,0.6520000100135803,0.14569999277591705
YPL076W,YPR174C,0,3.014268,0.3090047538280487,0.6520000100135803,0.14579999446868896
YDL205C,YBR162C,0,3.0137005,0.30885836482048035,0.6520000100135803,0.14589999616146088
YDR018C,YER111C,0,3.0132227,0.3087121248245239,0.6520000100135803,0.1459999978542328
YDR352W,YGL223C,0,3.0130277,0.30856603384017944,0.6520000100135803,0.1460999995470047
YBL057C,YBR012W-A,0,3.0125153,0.3084200620651245,0.6520000100135803,0.1462000012397766
YBR296C,YNL054W,0,3.011828,0.3082742393016815,0.6520000100135803,0.14630000293254852
YDR219C,YOR003W,0,3.0113945,0.3081285357475281,0.6520000100135803,0.14640000462532043
YHR111W,YJL216C,0,3.0100048,0.3079829812049866,0.6520000100135803,0.14650000631809235
YDL137W,YMR226C,0,3.0098774,0.307837575674057,0.6520000100135803,0.14659999310970306
YDR004W,YMR133W,1,3.009544,0.30816423892974854,0.652999997138977,0.14659999310970306
YGR286C,YNR056C,0,3.0093708,0.30801886320114136,0.652999997138977,0.14669999480247498
YPR151C,YOR249C,0,3.0093033,0.3078736364841461,0.652999997138977,0.1467999964952469
YLL018C,YCL012W,0,3.008369,0.3077285587787628,0.652999997138977,0.1468999981880188
YNL086W,YHR001W,0,3.0075617,0.30758360028266907,0.652999997138977,0.1469999998807907
YDR111C,YOL157C,0,3.0074751,0.30743879079818726,0.652999997138977,0.14710000157356262
YKL027W,YDR021W,0,3.0073264,0.3072941303253174,0.652999997138977,0.14720000326633453
YLR306W,YBR043C,0,3.006941,0.30714958906173706,0.652999997138977,0.14730000495910645
YDL130W,YLR143W,0,3.0065496,0.3070051670074463,0.652999997138977,0.14740000665187836
YER099C,YHR122W,0,3.0048547,0.30686089396476746,0.652999997138977,0.14749999344348907
YDR025W,YMR170C,0,3.003348,0.30671676993370056,0.652999997138977,0.147599995136261
YIL064W,YMR257C,0,3.0019763,0.3065727651119232,0.652999997138977,0.1476999968290329
YAL015C,YLR308W,0,3.001739,0.3064289093017578,0.652999997138977,0.1477999985218048
YGL001C,YJR129C,0,3.0017161,0.30628517270088196,0.652999997138977,0.14790000021457672
YHR079C-B,YMR167W,1,3.0017133,0.3066104054450989,0.6539999842643738,0.14790000021457672
YDR382W,YOL132W,0,2.9990869,0.3064667284488678,0.6539999842643738,0.14800000190734863
YBL017C,YBR018C,0,2.9988961,0.30632317066192627,0.6539999842643738,0.14810000360012054
YDR239C,YOR284W,0,2.9983325,0.3061797618865967,0.6539999842643738,0.14820000529289246
YDL247W,YHR042W,0,2.998163,0.30603650212287903,0.6539999842643738,0.14830000698566437
YJL208C,YIL082W-A,1,2.9980416,0.3063610792160034,0.6549999713897705,0.14830000698566437
YFL035C-B,YKR025W,0,2.9973154,0.30621784925460815,0.6549999713897705,0.14839999377727509
YOR228C,YER087C-A,0,2.9961128,0.30607476830482483,0.6549999713897705,0.148499995470047
YOR389W,YOR018W,0,2.995634,0.30593180656433105,0.6549999713897705,0.1485999971628189
YOR063W,YKL199C,0,2.9941845,0.3057889938354492,0.6549999713897705,0.14869999885559082
YPL162C,YPL001W,0,2.9935105,0.30564630031585693,0.6549999713897705,0.14880000054836273
YLR032W,YOL001W,0,2.993076,0.3055037260055542,0.6549999713897705,0.14890000224113464
YPL168W,YER040W,0,2.992378,0.3053613007068634,0.6549999713897705,0.14900000393390656
YDL005C,YML015C,0,2.991794,0.30521902441978455,0.6549999713897705,0.14910000562667847
YNL167C,YHR138C,0,2.9910214,0.30507683753967285,0.6549999713897705,0.14920000731945038
YHR154W,YJR065C,0,2.990576,0.3049348294734955,0.6549999713897705,0.1492999941110611
YBR267W,YNL288W,0,2.989366,0.30479294061660767,0.6549999713897705,0.149399995803833
YEL048C,YHR020W,0,2.9893012,0.3046511709690094,0.6549999713897705,0.14949999749660492
YCR042C,YML127W,0,2.9890423,0.3045095205307007,0.6549999713897705,0.14959999918937683
YAL051W,YDR020C,0,2.9887886,0.3043680191040039,0.6549999713897705,0.14970000088214874
YDL092W,YDR248C,0,2.9881575,0.30422666668891907,0.6549999713897705,0.14980000257492065
YGR227W,YNL181W,0,2.9876633,0.3040854334831238,0.6549999713897705,0.14990000426769257
YJL102W,YNL191W,0,2.9874322,0.30394431948661804,0.6549999713897705,0.15000000596046448
YPR022C,YGL013C,0,2.9873557,0.30380332469940186,0.6549999713897705,0.1500999927520752
YLR247C,YOL156W,0,2.9868038,0.30366250872612,0.6549999713897705,0.1501999944448471
YLL067C,YML106W,0,2.9858568,0.3035217821598053,0.6549999713897705,0.15029999613761902
YBR234C,YKL092C,0,2.9839232,0.30338120460510254,0.6549999713897705,0.15039999783039093
YML070W,YOL152W,0,2.9837809,0.30324074625968933,0.6549999713897705,0.15049999952316284
YAL013W,YJL221C,0,2.9834075,0.3031004071235657,0.6549999713897705,0.15060000121593475
YBR240C,YBR028C,0,2.983295,0.30296021699905396,0.6549999713897705,0.15070000290870667
YGL166W,YOL095C,0,2.9827833,0.3028201460838318,0.6549999713897705,0.15080000460147858
YKL011C,YIL082W-A,1,2.982108,0.30314233899116516,0.656000018119812,0.15080000460147858
YPL246C,YNL128W,0,2.9817104,0.3030022978782654,0.656000018119812,0.1509000062942505
YMR305C,YBR217W,0,2.9814568,0.30286240577697754,0.656000018119812,0.1509999930858612
YKL220C,YJR110W,0,2.9807944,0.30272266268730164,0.656000018119812,0.15109999477863312
YMR076C,YNL036W,0,2.98044,0.3025830388069153,0.656000018119812,0.15119999647140503
YJL046W,YNL189W,0,2.9799192,0.3024435341358185,0.656000018119812,0.15129999816417694
YBR049C,YDR217C,0,2.9798384,0.30230414867401123,0.656000018119812,0.15139999985694885
YOL092W,YKL096W,0,2.9777775,0.3021649122238159,0.656000018119812,0.15150000154972076
YDL014W,YBL010C,0,2.9775333,0.30202579498291016,0.656000018119812,0.15160000324249268
YBR012W-A,YBR146W,0,2.9772015,0.30188679695129395,0.656000018119812,0.1517000049352646
YMR244C-A,YIR010W,0,2.977022,0.3017479181289673,0.656000018119812,0.1518000066280365
YEL050C,YCL061C,0,2.97564,0.30160918831825256,0.656000018119812,0.15189999341964722
YPL254W,YBL075C,0,2.9746532,0.3014705777168274,0.656000018119812,0.15199999511241913
YOL128C,YJL050W,0,2.9745805,0.30133211612701416,0.656000018119812,0.15209999680519104
YDL129W,YKL163W,0,2.9744039,0.3011937439441681,0.656000018119812,0.15219999849796295
YBL084C,YMR156C,0,2.974347,0.30105552077293396,0.656000018119812,0.15230000019073486
YBR142W,YCL062W,0,2.9737902,0.3009174168109894,0.656000018119812,0.15240000188350677
YJR152W,YGR260W,0,2.971807,0.30077946186065674,0.656000018119812,0.1525000035762787
YBL019W,YPL192C,0,2.9711456,0.30064162611961365,0.656000018119812,0.1526000052690506
YML062C,YOR005C,1,2.9703689,0.300961971282959,0.6570000052452087,0.1526000052690506
YOR131C,YDR483W,0,2.969421,0.3008241653442383,0.6570000052452087,0.1527000069618225
YLR411W,YHR191C,0,2.9690943,0.3006865084171295,0.6570000052452087,0.15279999375343323
YBL075C,YBR241C,0,2.9689589,0.3005489408969879,0.6570000052452087,0.15289999544620514
YGL033W,YBR279W,1,2.9679694,0.30086877942085266,0.6579999923706055,0.15289999544620514
YER184C,YPR098C,0,2.9678493,0.30073127150535583,0.6579999923706055,0.15299999713897705
YAL034W-A,YLR363C,0,2.9676366,0.30059388279914856,0.6579999923706055,0.15309999883174896
YAL009W,YPL172C,0,2.96677,0.30045661330223083,0.6579999923706055,0.15320000052452087
YGL105W,YIR003W,0,2.9665308,0.30031949281692505,0.6579999923706055,0.15330000221729279
YLL054C,YKL114C,0,2.9654007,0.3001824915409088,0.6579999923706055,0.1534000039100647
YLR054C,YMR312W,0,2.964859,0.30004560947418213,0.6579999923706055,0.1535000056028366
YHR039C,YMR001C,1,2.9648366,0.3003646433353424,0.6589999794960022,0.1535000056028366
YGR041W,YHR076W,0,2.9643369,0.3002277910709381,0.6589999794960022,0.15360000729560852
YOL072W,YMR167W,1,2.9630394,0.30054643750190735,0.6600000262260437,0.15360000729560852
YHR183W,YPL236C,0,2.962276,0.3004096448421478,0.6600000262260437,0.15369999408721924
YNL318C,YNR045W,0,2.961061,0.30027297139167786,0.6600000262260437,0.15379999577999115
YML094W,YPL275W,0,2.9609911,0.30013641715049744,0.6600000262260437,0.15389999747276306
YLR266C,YDR191W,0,2.9603925,0.30000001192092896,0.6600000262260437,0.15399999916553497
YGL255W,YJR129C,0,2.9577363,0.29986369609832764,0.6600000262260437,0.15410000085830688
YLL023C,YOR359W,0,2.9575865,0.29972752928733826,0.6600000262260437,0.1542000025510788
YNR073C,YMR286W,0,2.9563832,0.29959145188331604,0.6600000262260437,0.1543000042438507
YCL019W,YDR004W,1,2.9562669,0.2999092638492584,0.6610000133514404,0.1543000042438507
YHR150W,YMR226C,0,2.9559708,0.299773246049881,0.6610000133514404,0.15440000593662262
YBR105C,YNL002C,0,2.9550848,0.2996373474597931,0.6610000133514404,0.15449999272823334
YJR067C,YCR045C,0,2.9546673,0.29950159788131714,0.6610000133514404,0.15459999442100525
YOR046C,YGR001C,0,2.9543686,0.29936593770980835,0.6610000133514404,0.15469999611377716
YOR087W,YNR040W,0,2.954227,0.2992304265499115,0.6610000133514404,0.15479999780654907
YDR110W,YBR088C,1,2.953349,0.2995475232601166,0.6620000004768372,0.15479999780654907
YIR036C,YHR154W,0,2.953164,0.2994120419025421,0.6620000004768372,0.15489999949932098
YDR523C,YKR024C,0,2.9524846,0.2992766797542572,0.6620000004768372,0.1550000011920929
YML059C,YBL014C,0,2.952081,0.29914143681526184,0.6620000004768372,0.1551000028848648
YJL208C,YJL113W,1,2.9511971,0.29945799708366394,0.6629999876022339,0.1551000028848648
YNL286W,YPR183W,0,2.9510438,0.29932281374931335,0.6629999876022339,0.15520000457763672
YML066C,YPR161C,0,2.9498255,0.29918771982192993,0.6629999876022339,0.15530000627040863
YPL281C,YLR242C,0,2.949647,0.29905277490615845,0.6629999876022339,0.15539999306201935
YOL075C,YNL177C,0,2.9493687,0.2989179491996765,0.6629999876022339,0.15549999475479126
YML033W,YLR106C,0,2.9493108,0.29878324270248413,0.6629999876022339,0.15559999644756317
YJL097W,YER087C-A,0,2.9490821,0.2986486554145813,0.6629999876022339,0.15569999814033508
YKL005C,YMR048W,0,2.9485986,0.298514187335968,0.6629999876022339,0.155799999833107
YML096W,YKL160W,0,2.9483895,0.2983798384666443,0.6629999876022339,0.1559000015258789
YMR001C,YDR288W,1,2.947696,0.29869544506073,0.6639999747276306,0.1559000015258789
YLR352W,YCR045C,0,2.9474828,0.298561155796051,0.6639999747276306,0.15600000321865082
YHL018W,YCR028C,0,2.9463098,0.29842695593833923,0.6639999747276306,0.15610000491142273
YBL075C,YBR208C,0,2.9459982,0.2982929050922394,0.6639999747276306,0.15620000660419464
YBR012W-A,YIR019C,0,2.9442706,0.2981589436531067,0.6639999747276306,0.15629999339580536
YER095W,YMR045C,1,2.943585,0.29847395420074463,0.6650000214576721,0.15629999339580536
YLR297W,YLR158C,0,2.9434738,0.2983400523662567,0.6650000214576721,0.15639999508857727
YPR120C,YOL030W,0,2.9431257,0.29820626974105835,0.6650000214576721,0.15649999678134918
YOR371C,YGL032C,0,2.9429786,0.29807260632514954,0.6650000214576721,0.1565999984741211
YLR098C,YBR286W,0,2.942449,0.2979390621185303,0.6650000214576721,0.156700000166893
YLL016W,YOR181W,0,2.9412472,0.29780563712120056,0.6650000214576721,0.15680000185966492
YPL146C,YGR188C,0,2.9406781,0.2976723313331604,0.6650000214576721,0.15690000355243683
YNR027W,YBR114W,0,2.9404156,0.2975391447544098,0.6650000214576721,0.15700000524520874
YJL160C,YDR239C,0,2.9369886,0.29740607738494873,0.6650000214576721,0.15710000693798065
YOR363C,YDR186C,0,2.9368708,0.2972731292247772,0.6650000214576721,0.15719999372959137
YML031W,YGR017W,0,2.9365785,0.29714030027389526,0.6650000214576721,0.15729999542236328
YDR087C,YLR313C,0,2.9361258,0.29700759053230286,0.6650000214576721,0.1573999971151352
YKR075C,YJL145W,0,2.9350495,0.296875,0.6650000214576721,0.1574999988079071
YNL106C,YCR018C,0,2.934966,0.2967425286769867,0.6650000214576721,0.15760000050067902
YGL096W,YDL200C,0,2.9348834,0.29661017656326294,0.6650000214576721,0.15770000219345093
YGR007W,YFR006W,0,2.9347744,0.29647794365882874,0.6650000214576721,0.15780000388622284
YOR298C-A,YJR153W,0,2.9347036,0.2963458001613617,0.6650000214576721,0.15790000557899475
YJL160C,YDR038C,0,2.9344337,0.2962138056755066,0.6650000214576721,0.15800000727176666
YCR020C,YHL009C,0,2.9343781,0.29608193039894104,0.6650000214576721,0.15809999406337738
YML121W,YJL118W,0,2.9340034,0.29595014452934265,0.6650000214576721,0.1581999957561493
YBR233W-A,YMR303C,0,2.9335976,0.2958185076713562,0.6650000214576721,0.1582999974489212
YEL004W,YLR378C,0,2.9332588,0.2956869602203369,0.6650000214576721,0.15839999914169312
YNL190W,YAL068C,0,2.9331563,0.29555556178092957,0.6650000214576721,0.15850000083446503
YFR030W,YPR174C,0,2.9330833,0.2954242527484894,0.6650000214576721,0.15860000252723694
YDR006C,YDR367W,0,2.9323554,0.29529306292533875,0.6650000214576721,0.15870000422000885
YHR176W,YLR238W,0,2.9322987,0.29516199231147766,0.6650000214576721,0.15880000591278076
YOR240W,YAL026C,0,2.9314528,0.2950310707092285,0.6650000214576721,0.15889999270439148
YNR056C,YGR277C,0,2.93049,0.29490020871162415,0.6650000214576721,0.1589999943971634
YBL075C,YER030W,0,2.9301312,0.2947694957256317,0.6650000214576721,0.1590999960899353
YDR156W,YFL018W-A,0,2.9300375,0.29463890194892883,0.6650000214576721,0.15919999778270721
YCL075W,YKL069W,0,2.9291549,0.2945084273815155,0.6650000214576721,0.15929999947547913
YGR257C,YHR202W,0,2.9288278,0.29437804222106934,0.6650000214576721,0.15940000116825104
YIL158W,YLR039C,0,2.928058,0.2942477762699127,0.6650000214576721,0.15950000286102295
YNL279W,YMR313C,0,2.927432,0.29411765933036804,0.6650000214576721,0.15960000455379486
YOR131C,YOR315W,0,2.9273767,0.2939876317977905,0.6650000214576721,0.15970000624656677
YBR050C,YLL054C,0,2.9269714,0.29385772347450256,0.6650000214576721,0.1597999930381775
YML027W,YOL156W,0,2.925857,0.29372790455818176,0.6650000214576721,0.1598999947309494
YBR218C,YLR426W,0,2.9251945,0.2935982346534729,0.6650000214576721,0.1599999964237213
YPL016W,YHR160C,0,2.9247725,0.2934686541557312,0.6650000214576721,0.16009999811649323
YDR362C,YER028C,0,2.9245334,0.29333922266960144,0.6650000214576721,0.16019999980926514
YOR278W,YGR154C,0,2.9238374,0.29320988059043884,0.6650000214576721,0.16030000150203705
YNL134C,YOL098C,0,2.9232316,0.2930806577205658,0.6650000214576721,0.16040000319480896
YFL018C,YBR028C,0,2.9219813,0.2929515540599823,0.6650000214576721,0.16050000488758087
YDL105W,YDL164C,1,2.9209542,0.29326286911964417,0.6660000085830688,0.16050000488758087
YDL214C,YML021C,0,2.9206033,0.29313379526138306,0.6660000085830688,0.16060000658035278
YMR291W,YOR118W,0,2.9200678,0.2930048406124115,0.6660000085830688,0.1606999933719635
YDR177W,YLR306W,0,2.919953,0.2928759753704071,0.6660000085830688,0.1607999950647354
YGR283C,YGR132C,0,2.9197538,0.29274725914001465,0.6660000085830688,0.16089999675750732
YJL216C,YGR047C,0,2.9193907,0.29261863231658936,0.6660000085830688,0.16099999845027924
YNR063W,YGR059W,0,2.9180026,0.2924901247024536,0.6660000085830688,0.16110000014305115
YLR100W,YIL168W,0,2.9178028,0.29236170649528503,0.6660000085830688,0.16120000183582306
YOR179C,YPL055C,0,2.9174612,0.2922334372997284,0.6660000085830688,0.16130000352859497
YER060W-A,YPR173C,0,2.9159915,0.2921052575111389,0.6660000085830688,0.16140000522136688
YOR368W,YMR001C,1,2.9155083,0.2924156188964844,0.6669999957084656,0.16140000522136688
YBR004C,YML005W,0,2.9146876,0.2922874689102173,0.6669999957084656,0.1615000069141388
YDL058W,YDR019C,0,2.9134116,0.29215943813323975,0.6669999957084656,0.1615999937057495
YLL066C,YDR235W,0,2.911553,0.29203152656555176,0.6669999957084656,0.16169999539852142
YCL075W,YDR037W,0,2.911202,0.2919037342071533,0.6669999957084656,0.16179999709129333
YDR011W,YDR234W,0,2.9111335,0.29177603125572205,0.6669999957084656,0.16189999878406525
YLR277C,YHR122W,0,2.9107733,0.2916484475135803,0.6669999957084656,0.16200000047683716
YPR188C,YKL071W,0,2.9099813,0.29152098298072815,0.6669999957084656,0.16210000216960907
YMR305C,YDL247W,0,2.9099748,0.29139360785484314,0.6669999957084656,0.16220000386238098
YIR035C,YPL258C,0,2.9099169,0.29126638174057007,0.6669999957084656,0.1623000055551529
YOR044W,YBL013W,0,2.9084787,0.29113924503326416,0.6669999957084656,0.1624000072479248
YER095W,YDR440W,1,2.9077773,0.2914485037326813,0.6679999828338623,0.1624000072479248
YER070W,YDR248C,0,2.907145,0.29132142663002014,0.6679999828338623,0.16249999403953552
YMR204C,YLL021W,0,2.9064775,0.2911944091320038,0.6679999828338623,0.16259999573230743
YDR287W,YMR220W,0,2.9064622,0.29106754064559937,0.6679999828338623,0.16269999742507935
YOL077W-A,YCL005W-A,0,2.9054306,0.2909407615661621,0.6679999828338623,0.16279999911785126
YER110C,YBR028C,0,2.9052823,0.2908141016960144,0.6679999828338623,0.16290000081062317
YLL032C,YNL336W,0,2.9043043,0.29068756103515625,0.6679999828338623,0.16300000250339508
YNL181W,YMR009W,0,2.9034212,0.29056110978126526,0.6679999828338623,0.163100004196167
YNL130C,YFL056C,0,2.9032297,0.2904347777366638,0.6679999828338623,0.1632000058889389
YBR090C-A,YBR078W,0,2.9028,0.29030856490135193,0.6679999828338623,0.16329999268054962
YAL028W,YDR367W,0,2.9020176,0.2901824414730072,0.6679999828338623,0.16339999437332153
YIL173W,YER149C,0,2.901689,0.290056437253952,0.6679999828338623,0.16349999606609344
YHR036W,YDR134C,0,2.9016497,0.2899305522441864,0.6679999828338623,0.16359999775886536
YOR258W,YMR029C,0,2.899686,0.2898047864437103,0.6679999828338623,0.16369999945163727
YGR262C,YAR066W,0,2.8996208,0.2896791100502014,0.6679999828338623,0.16380000114440918
YDR021W,YBR159W,0,2.8991995,0.28955352306365967,0.6679999828338623,0.1639000028371811
YFR040W,YDL017W,0,2.896297,0.28942808508872986,0.6679999828338623,0.164000004529953
YER075C,YML126C,0,2.896262,0.2893027365207672,0.6679999828338623,0.16410000622272491
YMR163C,YCR094W,0,2.8952441,0.28917747735977173,0.6679999828338623,0.16419999301433563
YBR056W,YHR023W,0,2.8945346,0.2890523672103882,0.6679999828338623,0.16429999470710754
YGL001C,YLR106C,0,2.8940694,0.2889273464679718,0.6679999828338623,0.16439999639987946
YOR368W,YLR466W,1,2.8919537,0.2892347574234009,0.6690000295639038,0.16439999639987946
YGL107C,YLR356W,0,2.8912582,0.2891097664833069,0.6690000295639038,0.16449999809265137
YFL018W-A,YML047C,0,2.8899198,0.28898489475250244,0.6690000295639038,0.16459999978542328
YOL077W-A,YPL189C-A,0,2.8898175,0.28886011242866516,0.6690000295639038,0.1647000014781952
YGL098W,YHR191C,0,2.8891516,0.28873541951179504,0.6690000295639038,0.1648000031709671
YLR411W,YOR103C,0,2.888211,0.28861087560653687,0.6690000295639038,0.164900004863739
YER147C,YBR228W,1,2.8878756,0.2889176309108734,0.6700000166893005,0.164900004863739
YLR115W,YDR123C,0,2.886335,0.2887931168079376,0.6700000166893005,0.16500000655651093
YOL075C,YDR412W,0,2.8846054,0.288668692111969,0.6700000166893005,0.16509999334812164
YMR106C,YJR043C,1,2.8834076,0.2889750301837921,0.6710000038146973,0.16509999334812164
YCR065W,YBL103C,0,2.883041,0.2888506352901459,0.6710000038146973,0.16519999504089355
YPR046W,YOL156W,0,2.8829532,0.2887263298034668,0.6710000038146973,0.16529999673366547
YDL144C,YOR087W,0,2.8824177,0.28860214352607727,0.6710000038146973,0.16539999842643738
YML074C,YNR069C,0,2.88241,0.2884780764579773,0.6710000038146973,0.1655000001192093
YIL064W,YOL069W,0,2.8818915,0.2883540987968445,0.6710000038146973,0.1656000018119812
YDR448W,YOR026W,0,2.881657,0.2882302403450012,0.6710000038146973,0.1657000035047531
YIL034C,YPR049C,0,2.881397,0.2881064713001251,0.6710000038146973,0.16580000519752502
YER169W,YCL069W,0,2.8812733,0.2879828214645386,0.6710000038146973,0.16590000689029694
YHR214W,YDR365C,0,2.8802612,0.2878592908382416,0.6710000038146973,0.16599999368190765
YKR007W,YLR307W,0,2.8802452,0.28773584961891174,0.6710000038146973,0.16609999537467957
YDR213W,YJL099W,0,2.87989,0.28761252760887146,0.6710000038146973,0.16619999706745148
YER183C,YCR105W,0,2.8794599,0.28748929500579834,0.6710000038146973,0.1662999987602234
YLR373C,YKL216W,0,2.8791506,0.28736618161201477,0.6710000038146973,0.1664000004529953
YOL069W,YDR103W,0,2.878901,0.28724315762519836,0.6710000038146973,0.1665000021457672
YKR029C,YHR011W,0,2.8786287,0.2871202528476715,0.6710000038146973,0.16660000383853912
YMR060C,YIL160C,0,2.878535,0.2869974374771118,0.6710000038146973,0.16670000553131104
YJR109C,YGR108W,0,2.8783712,0.2868747413158417,0.6710000038146973,0.16680000722408295
YOR033C,YJL010C,0,2.8782732,0.2867521345615387,0.6710000038146973,0.16689999401569366
YLL013C,YIL172C,0,2.8764365,0.28662964701652527,0.6710000038146973,0.16699999570846558
YGL227W,YDR320C-A,0,2.8755867,0.286507248878479,0.6710000038146973,0.1670999974012375
YIR003W,YHL025W,0,2.8749037,0.2863849699497223,0.6710000038146973,0.1671999990940094
YOR005C,YIL082W-A,1,2.8747048,0.286689430475235,0.671999990940094,0.1671999990940094
YMR130W,YBR022W,0,2.873579,0.28656715154647827,0.671999990940094,0.1673000007867813
YGR211W,YOR214C,0,2.873287,0.2864450216293335,0.671999990940094,0.16740000247955322
YGL063W,YPL051W,0,2.8729806,0.2863229513168335,0.671999990940094,0.16750000417232513
YLR381W,YHR083W,0,2.8720355,0.28620103001594543,0.671999990940094,0.16760000586509705
YLR117C,YDR311W,0,2.8713162,0.28607916831970215,0.671999990940094,0.16769999265670776
YDL080C,YCL057C-A,0,2.8704123,0.2859574556350708,0.671999990940094,0.16779999434947968
YHL024W,YDR540C,1,2.870063,0.2862611711025238,0.6729999780654907,0.16779999434947968
YJL116C,YGL160W,0,2.8699486,0.28613945841789246,0.6729999780654907,0.1678999960422516
YBR085W,YOR195W,0,2.8689785,0.28601783514022827,0.6729999780654907,0.1679999977350235
YGR109C,YDR058C,0,2.868764,0.285896360874176,0.6729999780654907,0.1680999994277954
YPL009C,YOR132W,0,2.8687572,0.28577494621276855,0.6729999780654907,0.16820000112056732
YKR099W,YHR079C-A,1,2.8684762,0.2860780954360962,0.6740000247955322,0.16820000112056732
YGR263C,YPL181W,0,2.8669293,0.2859567105770111,0.6740000247955322,0.16830000281333923
YGL045W,YPL130W,0,2.8641868,0.2858354449272156,0.6740000247955322,0.16840000450611115
YGL085W,YLR014C,0,2.8639736,0.2857142984867096,0.6740000247955322,0.16850000619888306
YDR054C,YOL029C,0,2.862597,0.2855932116508484,0.6740000247955322,0.16859999299049377
YOL023W,YIL023C,0,2.8624475,0.28547224402427673,0.6740000247955322,0.16869999468326569
YMR106C,YDR078C,1,2.8620915,0.28577476739883423,0.675000011920929,0.16869999468326569
YDR219C,YER054C,0,2.861326,0.28565382957458496,0.675000011920929,0.1687999963760376
YJL209W,YDL119C,0,2.8608518,0.28553298115730286,0.675000011920929,0.1688999980688095
YLR362W,YBL069W,0,2.8604758,0.2854122519493103,0.675000011920929,0.16899999976158142
YOR017W,YKL017C,0,2.859305,0.2852916419506073,0.675000011920929,0.16910000145435333
YBR045C,YGL125W,0,2.8581557,0.2851710915565491,0.675000011920929,0.16920000314712524
YNL311C,YML042W,0,2.8579721,0.2850506901741028,0.675000011920929,0.16930000483989716
YML031W,YNL181W,0,2.8571296,0.28493034839630127,0.675000011920929,0.16940000653266907
YCL011C,YNL128W,0,2.855661,0.2848101258277893,0.675000011920929,0.16949999332427979
YPL008W,YKL127W,0,2.8554928,0.2846899926662445,0.675000011920929,0.1695999950170517
YGR004W,YNR056C,0,2.8548493,0.28456997871398926,0.675000011920929,0.1696999967098236
YCR081W,YGL032C,0,2.8541126,0.28445005416870117,0.675000011920929,0.16979999840259552
YJL074C,YIL018W,0,2.8530817,0.28433024883270264,0.675000011920929,0.16990000009536743
YMR287C,YIR036C,0,2.8527842,0.28421053290367126,0.675000011920929,0.17000000178813934
YNL058C,YPL030W,0,2.8521872,0.28409090638160706,0.675000011920929,0.17010000348091125
YDR204W,YDR208W,0,2.8513672,0.2839713990688324,0.675000011920929,0.17020000517368317
YKL077W,YGR116W,0,2.8512154,0.2838519811630249,0.675000011920929,0.17030000686645508
YLR259C,YLR414C,0,2.8512049,0.28373265266418457,0.675000011920929,0.1703999936580658
YDR488C,YGR001C,0,2.8511329,0.2836134433746338,0.675000011920929,0.1704999953508377
YPL121C,YDL101C,1,2.8508039,0.28391432762145996,0.6759999990463257,0.1704999953508377
YCL026C-A,YJR134C,0,2.8499894,0.2837951183319092,0.6759999990463257,0.17059999704360962
YBR135W,YCR023C,0,2.8497891,0.28367602825164795,0.6759999990463257,0.17069999873638153
YIL172C,YMR142C,0,2.8493948,0.28355705738067627,0.6759999990463257,0.17080000042915344
YDR221W,YOL095C,0,2.8493695,0.28343814611434937,0.6759999990463257,0.17090000212192535
YHR214W,YHR154W,0,2.8487968,0.283319354057312,0.6759999990463257,0.17100000381469727
YML111W,YPR186C,0,2.848737,0.2832006812095642,0.6759999990463257,0.17110000550746918
YIR028W,YLR121C,0,2.848702,0.2830820679664612,0.6759999990463257,0.1712000072002411
YMR291W,YER102W,0,2.848465,0.2829635739326477,0.6759999990463257,0.1712999939918518
YIL091C,YLR210W,0,2.847847,0.2828451991081238,0.6759999990463257,0.17139999568462372
YLR446W,YOL098C,0,2.8474157,0.28272688388824463,0.6759999990463257,0.17149999737739563
YOR058C,YER114C,0,2.846655,0.28260868787765503,0.6759999990463257,0.17159999907016754
YJL072C,YDR139C,0,2.8465624,0.282490611076355,0.6759999990463257,0.17170000076293945
YBR139W,YOR391C,0,2.8463988,0.2823725938796997,0.6759999990463257,0.17180000245571136
YFL049W,YDR041W,0,2.8461847,0.282254695892334,0.6759999990463257,0.17190000414848328
YMR224C,YER038C,1,2.8459184,0.2825542688369751,0.6769999861717224,0.17190000414848328
YFR049W,YGR017W,0,2.844795,0.2824363708496094,0.6769999861717224,0.1720000058412552
YDL101C,YOR005C,1,2.844276,0.2827356159687042,0.6779999732971191,0.1720000058412552
YPR034W,YNL300W,0,2.8439403,0.2826177477836609,0.6779999732971191,0.1720999926328659
YOL006C,YDR180W,1,2.8435047,0.2829166650772095,0.6790000200271606,0.1720999926328659
YLR032W,YDR395W,0,2.8429475,0.2827988266944885,0.6790000200271606,0.17219999432563782
YIL117C,YLR019W,0,2.8422675,0.28268110752105713,0.6790000200271606,0.17229999601840973
YCR075C,YGL017W,0,2.841463,0.2825634479522705,0.6790000200271606,0.17239999771118164
YGL145W,YLL066C,0,2.840677,0.2824459373950958,0.6790000200271606,0.17249999940395355
YLR102C,YHR187W,0,2.8403904,0.2823284864425659,0.6790000200271606,0.17260000109672546
YLR045C,YJR098C,0,2.8403187,0.2822111248970032,0.6790000200271606,0.17270000278949738
YLR121C,YCL068C,0,2.8388133,0.28209388256073,0.6790000200271606,0.1728000044822693
YLR417W,YLR116W,0,2.8382201,0.28197672963142395,0.6790000200271606,0.1729000061750412
YDR532C,YCR105W,0,2.8366544,0.28185969591140747,0.6790000200271606,0.17299999296665192
YIL050W,YLR307W,0,2.8356524,0.28174275159835815,0.6790000200271606,0.17309999465942383
YDR482C,YOR221C,0,2.8348408,0.2816258668899536,0.6790000200271606,0.17319999635219574
YBL100W-A,YEL071W,0,2.8343067,0.281509131193161,0.6790000200271606,0.17329999804496765
YPR063C,YCR086W,0,2.833748,0.2813924551010132,0.6790000200271606,0.17339999973773956
YOR173W,YNL041C,0,2.8323011,0.2812758982181549,0.6790000200271606,0.17350000143051147
YPL143W,YCR043C,0,2.8321185,0.2811594307422638,0.6790000200271606,0.1736000031232834
YOR368W,YER044C-A,1,2.8319273,0.28145694732666016,0.6800000071525574,0.1736000031232834
YBR279W,YMR045C,1,2.831095,0.2817542552947998,0.6809999942779541,0.1736000031232834
YCR098C,YGR287C,0,2.8306222,0.2816377282142639,0.6809999942779541,0.1737000048160553
YDR506C,YDR065W,0,2.8305817,0.2815212905406952,0.6809999942779541,0.1738000065088272
YIL008W,YER153C,0,2.8290014,0.281404972076416,0.6809999942779541,0.17389999330043793
YKR090W,YDL049C,0,2.8276196,0.2812887132167816,0.6809999942779541,0.17399999499320984
YMR094W,YDR486C,0,2.8263175,0.28117257356643677,0.6809999942779541,0.17409999668598175
YFL053W,YGL106W,0,2.8260365,0.28105655312538147,0.6809999942779541,0.17419999837875366
YJL180C,YDR533C,0,2.8258562,0.28094059228897095,0.6809999942779541,0.17430000007152557
YIL097W,YGL001C,0,2.8255663,0.28082475066185,0.6809999942779541,0.17440000176429749
YMR243C,YCR020C,0,2.8242545,0.28070899844169617,0.6809999942779541,0.1745000034570694
YGR203W,YDL008W,0,2.8234177,0.2805933356285095,0.6809999942779541,0.1746000051498413
YBR085W,YGR158C,0,2.823221,0.28047776222229004,0.6809999942779541,0.17470000684261322
YEL054C,YCL068C,0,2.8216083,0.2803622782230377,0.6809999942779541,0.17479999363422394
YHR081W,YDR180W,1,2.8204274,0.28065842390060425,0.6819999814033508,0.17479999363422394
YGL185C,YER078C,0,2.8204215,0.2805429995059967,0.6819999814033508,0.17489999532699585
YFL024C,YPL227C,0,2.8198514,0.28042763471603394,0.6819999814033508,0.17499999701976776
YNL139C,YML061C,1,2.818774,0.2807233929634094,0.6830000281333923,0.17499999701976776
YDR121W,YPL280W,0,2.816381,0.28060805797576904,0.6830000281333923,0.17509999871253967
YHR153C,YMR106C,1,2.816339,0.28090348839759827,0.6840000152587891,0.17509999871253967
YLR419W,YNR030W,0,2.8160539,0.2807881832122803,0.6840000152587891,0.17520000040531158
YML042W,YLR132C,0,2.8151703,0.28067296743392944,0.6840000152587891,0.1753000020980835
YOR368W,YDL101C,1,2.8144953,0.2809680104255676,0.6850000023841858,0.1753000020980835
YNL278W,YJL062W,0,2.8144298,0.2808527946472168,0.6850000023841858,0.1754000037908554
YBR228W,YNL312W,1,2.8138788,0.2811475396156311,0.6859999895095825,0.1754000037908554
YML126C,YLR442C,0,2.8133197,0.28103235363960266,0.6859999895095825,0.17550000548362732
YMR074C,YER019W,0,2.8130496,0.28091728687286377,0.6859999895095825,0.17560000717639923
YIL155C,YOR330C,0,2.8128471,0.28080227971076965,0.6859999895095825,0.17569999396800995
YFR005C,YNL336W,0,2.8120136,0.2806873917579651,0.6859999895095825,0.17579999566078186
YPR032W,YLR158C,0,2.8119245,0.2805725932121277,0.6859999895095825,0.17589999735355377
YFL056C,YNR048W,0,2.8114436,0.28045788407325745,0.6859999895095825,0.17599999904632568
YOR339C,YHR142W,0,2.8109932,0.28034326434135437,0.6859999895095825,0.1761000007390976
YCR040W,YJR042W,0,2.8105886,0.28022876381874084,0.6859999895095825,0.1762000024318695
YML121W,YDL247W,0,2.810492,0.2801143229007721,0.6859999895095825,0.17630000412464142
YKR078W,YDR339C,0,2.8098502,0.2800000011920929,0.6859999895095825,0.17640000581741333
YNL188W,YDL069C,0,2.80924,0.27988576889038086,0.6859999895095825,0.17649999260902405
YIL122W,YIL068C,0,2.8079386,0.279771625995636,0.6859999895095825,0.17659999430179596
YNL311C,YNL007C,0,2.807517,0.2796575725078583,0.6859999895095825,0.17669999599456787
YHL020C,YLR405W,0,2.8073277,0.27954360842704773,0.6859999895095825,0.17679999768733978
YPR032W,YLL053C,0,2.8052669,0.27942973375320435,0.6859999895095825,0.1768999993801117
YER093C,YBR215W,0,2.8042314,0.2793159484863281,0.6859999895095825,0.1770000010728836
YER095W,YDR180W,1,2.8035665,0.2796092927455902,0.6869999766349792,0.1770000010728836
YBL072C,YLR098C,0,2.8034387,0.2794955372810364,0.6869999766349792,0.17710000276565552
YDR197W,YHR014W,0,2.8029804,0.2793818712234497,0.6869999766349792,0.17720000445842743
YJR052W,YDR356W,0,2.8022842,0.2792682945728302,0.6869999766349792,0.17730000615119934
YIR010W,YJL129C,0,2.7999675,0.27915480732917786,0.6869999766349792,0.17739999294281006
YCR077C,YDR020C,0,2.7993515,0.27904143929481506,0.6869999766349792,0.17749999463558197
YDR538W,YMR166C,0,2.7992947,0.27892813086509705,0.6869999766349792,0.17759999632835388
YLR084C,YDR317W,0,2.7974443,0.2788149416446686,0.6869999766349792,0.1776999980211258
YKL042W,YJL072C,0,2.7971938,0.2787018120288849,0.6869999766349792,0.1777999997138977
YKL222C,YKL164C,0,2.7963157,0.27858880162239075,0.6869999766349792,0.17790000140666962
YNL088W,YHR079C-A,1,2.7961056,0.2788812220096588,0.6880000233650208,0.17790000140666962
YLR408C,YPL144W,0,2.7951076,0.27876824140548706,0.6880000233650208,0.17800000309944153
YHR178W,YDR452W,0,2.7950816,0.2786553204059601,0.6880000233650208,0.17810000479221344
YPL021W,YFL025C,0,2.7931244,0.27854251861572266,0.6880000233650208,0.17820000648498535
YPL121C,YFR038W,1,2.7928143,0.2788344919681549,0.6890000104904175,0.17820000648498535
YIR002C,YOR016C,0,2.7921066,0.2787216901779175,0.6890000104904175,0.17829999327659607
YJL083W,YML066C,0,2.7917218,0.2786089777946472,0.6890000104904175,0.17839999496936798
YJL133W,YOR059C,0,2.7916472,0.2784963548183441,0.6890000104904175,0.1784999966621399
YCL066W,YPR052C,0,2.7914562,0.27838385105133057,0.6890000104904175,0.1785999983549118
YPL228W,YLL036C,0,2.7913876,0.2782714068889618,0.6890000104904175,0.17870000004768372
YOR172W,YER129W,0,2.7903914,0.2781590521335602,0.6890000104904175,0.17880000174045563
YAR044W,YDR261C,0,2.789886,0.2780468165874481,0.6890000104904175,0.17890000343322754
YGL064C,YJR084W,0,2.7895224,0.27793464064598083,0.6890000104904175,0.17900000512599945
YOL072W,YFL003C,1,2.788095,0.2782258093357086,0.6899999976158142,0.17900000512599945
YGR005C,YCR005C,0,2.7879958,0.2781136631965637,0.6899999976158142,0.17910000681877136
YBR180W,YBL039C,0,2.787802,0.278001606464386,0.6899999976158142,0.17919999361038208
YOR240W,YKL028W,0,2.7835805,0.2778896391391754,0.6899999976158142,0.179299995303154
YHR036W,YCL039W,0,2.7830973,0.2777777910232544,0.6899999976158142,0.1793999969959259
YFR015C,YOL084W,0,2.7801824,0.27766600251197815,0.6899999976158142,0.17949999868869781
YHL025W,YJR098C,0,2.7796354,0.27755430340766907,0.6899999976158142,0.17960000038146973
YMR208W,YKL222C,0,2.7795758,0.27744269371032715,0.6899999976158142,0.17970000207424164
YHL044W,YOR056C,0,2.7789147,0.2773312032222748,0.6899999976158142,0.17980000376701355
YER033C,YDL194W,0,2.7777305,0.2772197723388672,0.6899999976158142,0.17990000545978546
YOR058C,YIR015W,0,2.7771297,0.27710843086242676,0.6899999976158142,0.18000000715255737
YIL172C,YML075C,0,2.7769904,0.2769971787929535,0.6899999976158142,0.1800999939441681
YGL045W,YOR381W,0,2.77671,0.2768860459327698,0.6899999976158142,0.18019999563694
YML037C,YIR012W,0,2.7764637,0.27677497267723083,0.6899999976158142,0.18029999732971191
YLR194C,YDR450W,0,2.7759635,0.27666398882865906,0.6899999976158142,0.18039999902248383
YFR055W,YOL006C,1,2.77494,0.27695390582084656,0.6909999847412109,0.18039999902248383
YER149C,YNL326C,0,2.7748928,0.27684295177459717,0.6909999847412109,0.18050000071525574
YKR096W,YOR197W,0,2.7735305,0.27673208713531494,0.6909999847412109,0.18060000240802765
YHR026W,YBL097W,0,2.7734306,0.2766213119029999,0.6909999847412109,0.18070000410079956
YIL121W,YHR170W,0,2.772157,0.2765105962753296,0.6909999847412109,0.18080000579357147
YNL190W,YLR084C,0,2.7718241,0.27639999985694885,0.6909999847412109,0.1808999925851822
YDR020C,YNL327W,0,2.7717972,0.2762894928455353,0.6909999847412109,0.1809999942779541
YLR419W,YDR441C,0,2.7703266,0.2761790454387665,0.6909999847412109,0.181099995970726
YPR031W,YOR033C,0,2.7702951,0.27606871724128723,0.6909999847412109,0.18119999766349792
YDR437W,YDR046C,0,2.7699752,0.27595847845077515,0.6909999847412109,0.18129999935626984
YPR004C,YGR218W,0,2.7695513,0.27584829926490784,0.6909999847412109,0.18140000104904175
YHL020C,YPL063W,0,2.7689016,0.2757382392883301,0.6909999847412109,0.18150000274181366
YDL079C,YHR014W,0,2.7678542,0.2756282389163971,0.6909999847412109,0.18160000443458557
YMR063W,YGR054W,0,2.7672474,0.2755183279514313,0.6909999847412109,0.18170000612735748
YIR033W,YML075C,0,2.7665887,0.275408536195755,0.6909999847412109,0.1817999929189682
YJR117W,YJL100W,0,2.7665606,0.2752988040447235,0.6909999847412109,0.1818999946117401
YBL078C,YDR065W,0,2.7659006,0.2751891613006592,0.6909999847412109,0.18199999630451202
YNL330C,YHR079C-B,1,2.7658823,0.27547770738601685,0.6919999718666077,0.18199999630451202
YIL093C,YBR152W,0,2.765646,0.2753680944442749,0.6919999718666077,0.18209999799728394
YKR064W,YER040W,0,2.7654505,0.27525854110717773,0.6919999718666077,0.18219999969005585
YDR314C,YBR258C,0,2.7648764,0.2751491069793701,0.6919999718666077,0.18230000138282776
YML067C,YMR257C,0,2.763424,0.2750397324562073,0.6919999718666077,0.18240000307559967
YPR101W,YOL080C,0,2.762678,0.274930477142334,0.6919999718666077,0.18250000476837158
YDL064W,YOL042W,0,2.7621076,0.27482128143310547,0.6919999718666077,0.1826000064611435
YDR021W,YFL008W,0,2.7618446,0.2747121751308441,0.6919999718666077,0.1826999932527542
YLL032C,YBR104W,0,2.7606812,0.2746031880378723,0.6919999718666077,0.18279999494552612
YCL075W,YER184C,0,2.7600634,0.2744942605495453,0.6919999718666077,0.18289999663829803
YGR071C,YMR109W,0,2.759673,0.2743854224681854,0.6919999718666077,0.18299999833106995
YHL040C,YJL013C,0,2.7594385,0.27427664399147034,0.6919999718666077,0.18310000002384186
YBR077C,YMR059W,0,2.7590818,0.2741679847240448,0.6919999718666077,0.18320000171661377
YPR063C,YDR345C,0,2.7583578,0.2740594148635864,0.6919999718666077,0.18330000340938568
YBL088C,YHR187W,0,2.7580526,0.2739509046077728,0.6919999718666077,0.1834000051021576
YNL007C,YML133C,0,2.7576294,0.2738425135612488,0.6919999718666077,0.1835000067949295
YER042W,YNL146W,0,2.7558117,0.2737341821193695,0.6919999718666077,0.18359999358654022
YML023C,YDR004W,1,2.7553144,0.27402135729789734,0.6930000185966492,0.18359999358654022
YLR035C,YKL113C,1,2.7538307,0.27430829405784607,0.6940000057220459,0.18359999358654022
YER153C,YMR154C,0,2.7534952,0.2741999328136444,0.6940000057220459,0.18369999527931213
YBL004W,YDL220C,0,2.7533762,0.2740916311740875,0.6940000057220459,0.18379999697208405
YLL032C,YHR116W,0,2.753198,0.2739834189414978,0.6940000057220459,0.18389999866485596
YER140W,YPR120C,0,2.7528706,0.27387529611587524,0.6940000057220459,0.18400000035762787
YPL121C,YLR007W,1,2.750543,0.2741617262363434,0.6949999928474426,0.18400000035762787
YBL072C,YJL106W,0,2.750259,0.2740536332130432,0.6949999928474426,0.18410000205039978
YPL108W,YBR130C,0,2.750152,0.2739455997943878,0.6949999928474426,0.1842000037431717
YNL186W,YPR122W,0,2.7500677,0.2738376557826996,0.6949999928474426,0.1843000054359436
YCL075W,YGL257C,0,2.7489777,0.2737298011779785,0.6949999928474426,0.18440000712871552
YBR012W-A,YGR295C,0,2.7485323,0.2736220359802246,0.6949999928474426,0.18449999392032623
YGL201C,YLR074C,0,2.7477412,0.27351436018943787,0.6949999928474426,0.18459999561309814
YMR283C,YDR115W,0,2.747116,0.2734067738056183,0.6949999928474426,0.18469999730587006
YMR244C-A,YGL090W,0,2.7469902,0.2732992470264435,0.6949999928474426,0.18479999899864197
YLL013C,YML100W,0,2.7465491,0.27319180965423584,0.6949999928474426,0.18490000069141388
YJL221C,YBR156C,0,2.7453773,0.27308449149131775,0.6949999928474426,0.1850000023841858
YGL249W,YLR256W,0,2.7453759,0.27297723293304443,0.6949999928474426,0.1851000040769577
YOR319W,YJL168C,0,2.7450457,0.2728700339794159,0.6949999928474426,0.18520000576972961
YPL015C,YDL105W,1,2.7445645,0.27315542101860046,0.6959999799728394,0.18520000576972961
YER056C,YHR115C,0,2.7445178,0.2730482518672943,0.6959999799728394,0.18529999256134033
YGL153W,YJL174W,0,2.7442193,0.2729411721229553,0.6959999799728394,0.18539999425411224
YER173W,YBR136W,1,2.7440794,0.27322617173194885,0.6970000267028809,0.18539999425411224
YDR009W,YOL152W,0,2.7437441,0.27311912178993225,0.6970000267028809,0.18549999594688416
YDL105W,YOL006C,1,2.7433965,0.2734038531780243,0.6980000138282776,0.18549999594688416
YDL201W,YLR364W,0,2.7432156,0.2732968032360077,0.6980000138282776,0.18559999763965607
YDL112W,YLR126C,0,2.742867,0.27318981289863586,0.6980000138282776,0.18569999933242798
YLR142W,YLR384C,0,2.7427497,0.2730829417705536,0.6980000138282776,0.1858000010251999
YDR388W,YDR239C,0,2.7417593,0.2729761302471161,0.6980000138282776,0.1859000027179718
YBR018C,YGR068C,0,2.7415004,0.27286943793296814,0.6980000138282776,0.1860000044107437
YER184C,YKR038C,0,2.7396965,0.27276280522346497,0.6980000138282776,0.18610000610351562
YGR006W,YNR001C,0,2.7385287,0.27265626192092896,0.6980000138282776,0.18619999289512634
YPL012W,YOL030W,0,2.737954,0.2725497782230377,0.6980000138282776,0.18629999458789825
YPL249C,YDR384C,0,2.7379413,0.27244341373443604,0.6980000138282776,0.18639999628067017
YKL063C,YJL110C,0,2.737937,0.2723371088504791,0.6980000138282776,0.18649999797344208
YML092C,YGR071C,0,2.737227,0.2722308933734894,0.6980000138282776,0.186599999666214
YJR152W,YHR114W,0,2.736961,0.2721247673034668,0.6980000138282776,0.1867000013589859
YJL074C,YHR036W,0,2.7352219,0.272018700838089,0.6980000138282776,0.1868000030517578
YER033C,YNL146W,0,2.7340622,0.27191272377967834,0.6980000138282776,0.18690000474452972
YPR121W,YLR442C,0,2.7329662,0.27180686593055725,0.6980000138282776,0.18700000643730164
YLR006C,YBL036C,0,2.7304778,0.27170103788375854,0.6980000138282776,0.18709999322891235
YPL024W,YHR186C,0,2.7299852,0.2715953290462494,0.6980000138282776,0.18719999492168427
YJR144W,YOR262W,0,2.729744,0.271489679813385,0.6980000138282776,0.18729999661445618
YGL222C,YDL058W,0,2.729597,0.2713841497898102,0.6980000138282776,0.1873999983072281
YCL048W,YDR038C,0,2.7278447,0.27127864956855774,0.6980000138282776,0.1875
YHR115C,YHR009C,0,2.727584,0.27117326855659485,0.6980000138282776,0.1876000016927719
YNL088W,YDR180W,1,2.7272286,0.2714563012123108,0.6990000009536743,0.1876000016927719
YCR048W,YLL010C,0,2.726673,0.2713509202003479,0.6990000009536743,0.18770000338554382
YDL161W,YER045C,0,2.7261117,0.2712456285953522,0.6990000009536743,0.18780000507831573
YJR158W,YBR185C,0,2.725626,0.2711404263973236,0.6990000009536743,0.18790000677108765
YBR131W,YHR086W,0,2.7249002,0.2710352838039398,0.6990000009536743,0.18799999356269836
YHR003C,YER007W,0,2.7239513,0.2709302306175232,0.6990000009536743,0.18809999525547028
YER173W,YGL250W,1,2.723948,0.27121269702911377,0.699999988079071,0.18809999525547028
YDL105W,YBR160W,1,2.7238746,0.27149495482444763,0.7009999752044678,0.18809999525547028
YJL073W,YHR102W,0,2.7235637,0.27138984203338623,0.7009999752044678,0.1881999969482422
YBR253W,YDL114W,0,2.7234943,0.271284818649292,0.7009999752044678,0.1882999986410141
YNL233W,YGR001C,0,2.7233799,0.2711798846721649,0.7009999752044678,0.188400000333786
YMR192W,YKR097W,0,2.7217512,0.2710750102996826,0.7009999752044678,0.18850000202655792
YDL190C,YIL066C,0,2.721665,0.2709702253341675,0.7009999752044678,0.18860000371932983
YNL306W,YJR159W,0,2.721317,0.2708655297756195,0.7009999752044678,0.18870000541210175
YNL241C,YHR202W,0,2.7204978,0.2707609236240387,0.7009999752044678,0.18880000710487366
YDR288W,YDR180W,1,2.7201939,0.27104246616363525,0.7020000219345093,0.18880000710487366
YCR075C,YKL108W,0,2.7200923,0.27093786001205444,0.7020000219345093,0.18889999389648438
YDR488C,YJR120W,0,2.7200146,0.2708333432674408,0.7020000219345093,0.1889999955892563
YPL135W,YIL013C,0,2.7188401,0.2707288861274719,0.7020000219345093,0.1890999972820282
YER109C,YPR112C,0,2.7181733,0.2706245183944702,0.7020000219345093,0.1891999989748001
YKL012W,YGR191W,0,2.7172368,0.27052024006843567,0.7020000219345093,0.18930000066757202
YAR071W,YDR021W,0,2.7167573,0.2704160213470459,0.7020000219345093,0.18940000236034393
YKL077W,YOL095C,0,2.7166898,0.2703118920326233,0.7020000219345093,0.18950000405311584
YNL217W,YNL222W,0,2.7162347,0.27020785212516785,0.7020000219345093,0.18960000574588776
YMR030W,YGR001C,0,2.7159362,0.2701038718223572,0.7020000219345093,0.18970000743865967
YNR061C,YCR039C,0,2.7158403,0.27000001072883606,0.7020000219345093,0.18979999423027039
YPR063C,YPR032W,0,2.7145395,0.26989617943763733,0.7020000219345093,0.1898999959230423
YGL126W,YMR226C,0,2.7116084,0.26979246735572815,0.7020000219345093,0.1899999976158142
YMR152W,YJL203W,0,2.7108011,0.26968881487846375,0.7020000219345093,0.19009999930858612
YJL065C,YDR019C,0,2.710643,0.2695852518081665,0.7020000219345093,0.19020000100135803
YKR062W,YDR495C,0,2.7104316,0.2694817781448364,0.7020000219345093,0.19030000269412994
YHR052W,YGL178W,0,2.7098334,0.2693783640861511,0.7020000219345093,0.19040000438690186
YBR186W,YJR058C,0,2.709585,0.269275039434433,0.7020000219345093,0.19050000607967377
YGL065C,YDR056C,0,2.7090187,0.2691717743873596,0.7020000219345093,0.19059999287128448
YCL001W,YPL108W,0,2.7083004,0.2690685987472534,0.7020000219345093,0.1906999945640564
YKR078W,YKR097W,0,2.7075975,0.2689655125141144,0.7020000219345093,0.1907999962568283
YGR205W,YKL173W,0,2.7073808,0.2688625156879425,0.7020000219345093,0.19089999794960022
YOR115C,YLR132C,0,2.707048,0.2687595784664154,0.7020000219345093,0.19099999964237213
YFL009W,YBR239C,0,2.7065697,0.26865673065185547,0.7020000219345093,0.19110000133514404
YNL311C,YOR044W,0,2.7058752,0.2685539424419403,0.7020000219345093,0.19120000302791595
YKL099C,YDR210W,0,2.7043762,0.2684512436389923,0.7020000219345093,0.19130000472068787
YCR048W,YMR130W,0,2.7041318,0.2683486342430115,0.7020000219345093,0.19140000641345978
YPR071W,YJL078C,0,2.7039356,0.2682460844516754,0.7020000219345093,0.1914999932050705
YJL104W,YKR086W,0,2.7020674,0.2681436240673065,0.7020000219345093,0.1915999948978424
YKL043W,YGL240W,0,2.7010815,0.2680412232875824,0.7020000219345093,0.19169999659061432
YML096W,YGR158C,0,2.6991563,0.2679389417171478,0.7020000219345093,0.19179999828338623
YDL002C,YPL095C,0,2.6988406,0.26783668994903564,0.7020000219345093,0.19189999997615814
YBL055C,YDL087C,0,2.6986902,0.267734557390213,0.7020000219345093,0.19200000166893005
YBR070C,YPL024W,0,2.6986847,0.26763248443603516,0.7020000219345093,0.19210000336170197
YNL214W,YFR016C,0,2.6974678,0.26753050088882446,0.7020000219345093,0.19220000505447388
YNL069C,YDR056C,0,2.6962821,0.26742857694625854,0.7020000219345093,0.1923000067472458
YPL269W,YDR096W,0,2.6949205,0.2673267424106598,0.7020000219345093,0.1923999935388565
YPR022C,YNL049C,0,2.6945286,0.2672249674797058,0.7020000219345093,0.19249999523162842
YLR246W,YCR024C,0,2.693814,0.267123281955719,0.7020000219345093,0.19259999692440033
YPL108W,YML027W,0,2.6935472,0.26702168583869934,0.7020000219345093,0.19269999861717224
YLR368W,YIL004C,0,2.6934197,0.26692014932632446,0.7020000219345093,0.19280000030994415
YDR113C,YDR078C,1,2.6929593,0.267198771238327,0.703000009059906,0.19280000030994415
YFR040W,YML042W,0,2.6928666,0.26709726452827454,0.703000009059906,0.19290000200271606
YPR107C,YNL045W,0,2.692485,0.2669958174228668,0.703000009059906,0.19300000369548798
YOR073W,YAL062W,0,2.6924293,0.26689445972442627,0.703000009059906,0.1931000053882599
YBR152W,YGR014W,0,2.6922953,0.2667931616306305,0.703000009059906,0.1932000070810318
YDR531W,YBR239C,0,2.6917825,0.2666919529438019,0.703000009059906,0.19329999387264252
YLR313C,YJR033C,0,2.691593,0.26659083366394043,0.703000009059906,0.19339999556541443
YLL062C,YLR001C,0,2.6899319,0.26648977398872375,0.703000009059906,0.19349999725818634
YML031W,YPR096C,0,2.6896904,0.26638877391815186,0.703000009059906,0.19359999895095825
YNL225C,YML015C,0,2.6890566,0.2662878930568695,0.703000009059906,0.19370000064373016
YMR051C,YJL042W,0,2.68899,0.26618704199790955,0.703000009059906,0.19380000233650208
YKL158W,YJR077C,0,2.6883814,0.26608631014823914,0.703000009059906,0.193900004029274
YDR545W,YLR263W,1,2.68726,0.2663639783859253,0.7039999961853027,0.193900004029274
YPR068C,YFL004W,0,2.6869743,0.2662632465362549,0.7039999961853027,0.1940000057220459
YNL252C,YIL168W,0,2.6868484,0.26616257429122925,0.7039999961853027,0.1941000074148178
YLR056W,YLR077W,0,2.6868384,0.2660619914531708,0.7039999961853027,0.19419999420642853
YOR113W,YML034W,0,2.6864798,0.2659614682197571,0.7039999961853027,0.19429999589920044
YGL160W,YHR187W,0,2.6851792,0.26586103439331055,0.7039999961853027,0.19439999759197235
YPR022C,YNL068C,0,2.6849115,0.2657606601715088,0.7039999961853027,0.19449999928474426
YDL189W,YDL058W,0,2.6849053,0.2656603753566742,0.7039999961853027,0.19460000097751617
YPR075C,YHR122W,0,2.6842785,0.26556017994880676,0.7039999961853027,0.19470000267028809
YDR291W,YLR414C,0,2.6833816,0.2654600441455841,0.7039999961853027,0.19480000436306
YDL012C,YPR181C,0,2.683027,0.2653599679470062,0.7039999961853027,0.1949000060558319
YDR372C,YKL088W,0,2.6829886,0.2652599811553955,0.7039999961853027,0.19499999284744263
YCR097W,YNR045W,0,2.681996,0.26516008377075195,0.7039999961853027,0.19509999454021454
YBR198C,YJR056C,0,2.6811805,0.2650602459907532,0.7039999961853027,0.19519999623298645
YLR154C,YDL184C,0,2.680994,0.26496046781539917,0.7039999961853027,0.19529999792575836
YER111C,YJR129C,0,2.680923,0.2648608088493347,0.7039999961853027,0.19539999961853027
YLR002C,YOR265W,0,2.680159,0.26476117968559265,0.7039999961853027,0.19550000131130219
YGR208W,YBR237W,0,2.6797721,0.26466163992881775,0.7039999961853027,0.1956000030040741
YBL060W,YPL033C,0,2.6797266,0.26456218957901,0.7039999961853027,0.195700004696846
YOR117W,YAR019C,0,2.6784635,0.26446279883384705,0.7039999961853027,0.19580000638961792
YPR068C,YBR122C,0,2.6782317,0.26436349749565125,0.7039999961853027,0.19589999318122864
YLR069C,YNR063W,0,2.6778884,0.2642642557621002,0.7039999961853027,0.19599999487400055
YPR066W,YOL078W,0,2.677557,0.26416510343551636,0.7039999961853027,0.19609999656677246
YLR283W,YOR362C,0,2.677444,0.26406601071357727,0.7039999961853027,0.19619999825954437
YNL305C,YLR378C,0,2.6767085,0.26396700739860535,0.7039999961853027,0.19629999995231628
YHR111W,YER118C,0,2.6766634,0.2638680636882782,0.7039999961853027,0.1964000016450882
YBR146W,YHR202W,0,2.6761556,0.2637692093849182,0.7039999961853027,0.1965000033378601
YOR396W,YDR317W,0,2.675869,0.263670414686203,0.7039999961853027,0.19660000503063202
YHL006C,YDR078C,1,2.6757588,0.2639460861682892,0.7049999833106995,0.19660000503063202
YJL165C,YBR159W,0,2.6757443,0.263847291469574,0.7049999833106995,0.19670000672340393
YGR200C,YOL095C,0,2.6750007,0.2637485861778259,0.7049999833106995,0.19679999351501465
YML062C,YLR263W,1,2.6741486,0.26402392983436584,0.7059999704360962,0.19679999351501465
YOL144W,YLR297W,0,2.674079,0.2639252245426178,0.7059999704360962,0.19689999520778656
YIL072W,YGL001C,0,2.6732788,0.2638266086578369,0.7059999704360962,0.19699999690055847
YOR389W,YBL031W,0,2.6722589,0.2637280523777008,0.7059999704360962,0.19709999859333038
YNL190W,YDR148C,0,2.6722429,0.26362958550453186,0.7059999704360962,0.1972000002861023
YDR446W,YKL011C,1,2.6719747,0.2639044523239136,0.7070000171661377,0.1972000002861023
YLL032C,YKL150W,0,2.6716568,0.26380595564842224,0.7070000171661377,0.1973000019788742
YPL040C,YLL053C,0,2.6715605,0.26370757818222046,0.7070000171661377,0.19740000367164612
YGR075C,YNL125C,0,2.671442,0.26360926032066345,0.7070000171661377,0.19750000536441803
YML038C,YPL144W,0,2.6711397,0.2635110020637512,0.7070000171661377,0.19760000705718994
YKL077W,YMR226C,0,2.6710777,0.26341280341148376,0.7070000171661377,0.19769999384880066
YJR015W,YBL017C,0,2.6705084,0.26331472396850586,0.7070000171661377,0.19779999554157257
YJL028W,YMR309C,0,2.6704106,0.26321667432785034,0.7070000171661377,0.19789999723434448
YJL160C,YLR077W,0,2.6699662,0.263118714094162,0.7070000171661377,0.1979999989271164
YPR141C,YJL002C,0,2.669868,0.2630208432674408,0.7070000171661377,0.1981000006198883
YMR163C,YDR123C,0,2.669662,0.2629230320453644,0.7070000171661377,0.19820000231266022
YML060W,YJL054W,0,2.6695924,0.26282528042793274,0.7070000171661377,0.19830000400543213
YJL062W,YOR330C,0,2.6667485,0.26272761821746826,0.7070000171661377,0.19840000569820404
YHR016C,YOR174W,0,2.66644,0.26263001561164856,0.7070000171661377,0.19850000739097595
YOR337W,YBL036C,0,2.6655235,0.262532502412796,0.7070000171661377,0.19859999418258667
YNL152W,YFL029C,0,2.6644864,0.26243504881858826,0.7070000171661377,0.19869999587535858
YJL181W,YBL054W,0,2.6644711,0.26233765482902527,0.7070000171661377,0.1987999975681305
YDL113C,YNL315C,0,2.663727,0.26224035024642944,0.7070000171661377,0.1988999992609024
YDR394W,YHL018W,0,2.6635845,0.2621431350708008,0.7070000171661377,0.19900000095367432
YDR075W,YEL016C,0,2.6634564,0.2620459496974945,0.7070000171661377,0.19910000264644623
YGL251C,YNL068C,0,2.66343,0.2619488835334778,0.7070000171661377,0.19920000433921814
YOL119C,YHR107C,0,2.661646,0.26185184717178345,0.7070000171661377,0.19930000603199005
YER015W,YEL039C,0,2.660392,0.2617549002170563,0.7070000171661377,0.19939999282360077
YGR013W,YNL214W,0,2.6600323,0.26165804266929626,0.7070000171661377,0.19949999451637268
YIL064W,YOR346W,0,2.65943,0.26156121492385864,0.7070000171661377,0.1995999962091446
YDR092W,YPL174C,0,2.6572325,0.26146450638771057,0.7070000171661377,0.1996999979019165
YOR347C,YKL199C,0,2.6565535,0.2613678276538849,0.7070000171661377,0.19979999959468842
YNL245C,YNL072W,0,2.655969,0.26127123832702637,0.7070000171661377,0.19990000128746033
YDR054C,YNL311C,0,2.6557221,0.261174738407135,0.7070000171661377,0.20000000298023224
YCL069W,YCR042C,0,2.655559,0.2610782980918884,0.7070000171661377,0.20010000467300415
YEL004W,YML065W,0,2.6548967,0.2609819173812866,0.7070000171661377,0.20020000636577606
YNL339C,YDL105W,1,2.6544988,0.26125460863113403,0.7080000042915344,0.20020000636577606
YNL046W,YLR299W,0,2.6538806,0.2611582577228546,0.7080000042915344,0.20029999315738678
YPL155C,YML114C,0,2.6529613,0.2610619366168976,0.7080000042915344,0.2003999948501587
YLR139C,YKL135C,0,2.6525412,0.2609657347202301,0.7080000042915344,0.2004999965429306
YJL073W,YOR017W,0,2.651637,0.260869562625885,0.7080000042915344,0.20059999823570251
YER173W,YLR466W,1,2.650663,0.2611418068408966,0.7089999914169312,0.20059999823570251
YKL039W,YCR005C,0,2.6505609,0.2610456645488739,0.7089999914169312,0.20069999992847443
YER091C,YOR341W,0,2.6491613,0.26094958186149597,0.7089999914169312,0.20080000162124634
YEL004W,YNL294C,0,2.648717,0.2608535587787628,0.7089999914169312,0.20090000331401825
YHR039C,YLR035C,1,2.6486738,0.2611254155635834,0.7099999785423279,0.20090000331401825
YNL328C,YGR033C,0,2.6485069,0.2610294222831726,0.7099999785423279,0.20100000500679016
YHR003C,YKL048C,0,2.6483421,0.2609334886074066,0.7099999785423279,0.20110000669956207
YLR131C,YJR022W,0,2.6481984,0.2608376145362854,0.7099999785423279,0.2011999934911728
YGR013W,YNL325C,0,2.6481488,0.26074182987213135,0.7099999785423279,0.2012999951839447
YER018C,YKL033W,0,2.647846,0.26064610481262207,0.7099999785423279,0.2013999968767166
YOL140W,YML040W,0,2.6471488,0.26055046916007996,0.7099999785423279,0.20149999856948853
YPL141C,YBR079C,0,2.6468995,0.2604548931121826,0.7099999785423279,0.20160000026226044
YBL023C,YDR162C,0,2.646187,0.26035937666893005,0.7099999785423279,0.20170000195503235
YDL109C,YGL087C,0,2.6438344,0.26026391983032227,0.7099999785423279,0.20180000364780426
YJL083W,YNL245C,0,2.6429818,0.26016855239868164,0.7099999785423279,0.20190000534057617
YER091C,YCL066W,0,2.6425405,0.2600732743740082,0.7099999785423279,0.20200000703334808
YDR362C,YGR138C,0,2.6424112,0.2599780261516571,0.7099999785423279,0.2020999938249588
YIL148W,YER062C,0,2.6420772,0.2598828673362732,0.7099999785423279,0.2021999955177307
YDR135C,YMR163C,0,2.6412616,0.25978776812553406,0.7099999785423279,0.20229999721050262
YLR078C,YIL031W,0,2.6408858,0.2596927583217621,0.7099999785423279,0.20239999890327454
YDR386W,YOL006C,1,2.6404572,0.25996342301368713,0.7110000252723694,0.20239999890327454
YKR027W,YLR345W,0,2.640452,0.25986841320991516,0.7110000252723694,0.20250000059604645
YDR300C,YPL155C,0,2.6403513,0.25977346301078796,0.7110000252723694,0.20260000228881836
YBL021C,YHR014W,0,2.639808,0.25967860221862793,0.7110000252723694,0.20270000398159027
YNL305C,YPR023C,0,2.639607,0.25958380103111267,0.7110000252723694,0.20280000567436218
YOL139C,YDR103W,0,2.639533,0.2594890594482422,0.7110000252723694,0.2029000073671341
YJR088C,YKL008C,0,2.638608,0.2593943774700165,0.7110000252723694,0.2029999941587448
YDR104C,YKL046C,0,2.638332,0.25929978489875793,0.7110000252723694,0.20309999585151672
YPR018W,YHR157W,1,2.6380599,0.25956982374191284,0.7120000123977661,0.20309999585151672
YOR246C,YPL231W,0,2.6379635,0.2594752311706543,0.7120000123977661,0.20319999754428864
YOR026W,YER180C,0,2.6379495,0.2593806982040405,0.7120000123977661,0.20329999923706055
YPL241C,YLR427W,0,2.6371868,0.25928622484207153,0.7120000123977661,0.20340000092983246
YGR205W,YBL072C,0,2.6367383,0.2591918408870697,0.7120000123977661,0.20350000262260437
YML066C,YBR034C,0,2.6364865,0.25909751653671265,0.7120000123977661,0.20360000431537628
YBR214W,YMR070W,0,2.6362493,0.25900328159332275,0.7120000123977661,0.2037000060081482
YJR126C,YKR045C,0,2.635569,0.25890907645225525,0.7120000123977661,0.2037999927997589
YKL216W,YNL218W,0,2.6353307,0.2588149905204773,0.7120000123977661,0.20389999449253082
YNL046W,YKL049C,0,2.6343188,0.25872093439102173,0.7120000123977661,0.20399999618530273
YCR072C,YGR067C,0,2.6340008,0.25862693786621094,0.7120000123977661,0.20409999787807465
YLR467W,YBR098W,1,2.6334562,0.258896142244339,0.7129999995231628,0.20409999787807465
YLR057W,YHR080C,0,2.6333694,0.2588021755218506,0.7129999995231628,0.20419999957084656
YBL060W,YGL093W,0,2.6321428,0.25870826840400696,0.7129999995231628,0.20430000126361847
YPL225W,YPR023C,0,2.6305752,0.2586144506931305,0.7129999995231628,0.20440000295639038
YJL138C,YGR283C,0,2.6305008,0.2585206627845764,0.7129999995231628,0.2045000046491623
YLR352W,YPL175W,0,2.629156,0.2584269642829895,0.7129999995231628,0.2046000063419342
YLR234W,YJR043C,1,2.6288984,0.25869566202163696,0.7139999866485596,0.2046000063419342
YFL026W,YLR413W,0,2.6284027,0.25860196352005005,0.7139999866485596,0.20469999313354492
YNL247W,YML101C,0,2.6282942,0.2585083246231079,0.7139999866485596,0.20479999482631683
YLR115W,YPL047W,0,2.6267767,0.25841477513313293,0.7139999866485596,0.20489999651908875
YOR140W,YHL016C,0,2.6267502,0.25832128524780273,0.7139999866485596,0.20499999821186066
YEL004W,YNL030W,0,2.6260035,0.2582278549671173,0.7139999866485596,0.20509999990463257
YML041C,YLR446W,0,2.6250386,0.25813448429107666,0.7139999866485596,0.20520000159740448
YHR176W,YLR138W,0,2.6249752,0.2580412030220032,0.7139999866485596,0.2053000032901764
YKL127W,YDR437W,0,2.6247578,0.25794798135757446,0.7139999866485596,0.2054000049829483
YOR368W,YMR167W,1,2.6246603,0.2582159638404846,0.7149999737739563,0.2054000049829483
YHR152W,YNL129W,0,2.6236942,0.2581227421760559,0.7149999737739563,0.20550000667572021
YNL136W,YFL026W,0,2.623324,0.258029580116272,0.7149999737739563,0.20559999346733093
YBL045C,YDR520C,0,2.622666,0.2579365074634552,0.7149999737739563,0.20569999516010284
YPL045W,YHR202W,0,2.622613,0.2578434944152832,0.7149999737739563,0.20579999685287476
YBL084C,YMR163C,0,2.6222584,0.257750540971756,0.7149999737739563,0.20589999854564667
YDL214C,YNL009W,0,2.6217926,0.25765764713287354,0.7149999737739563,0.20600000023841858
YGL227W,YOR003W,0,2.6213584,0.25756484270095825,0.7149999737739563,0.2061000019311905
YPR151C,YOR017W,0,2.6210954,0.25747209787368774,0.7149999737739563,0.2062000036239624
YDR352W,YDL082W,0,2.6210623,0.257379412651062,0.7149999737739563,0.20630000531673431
YLR313C,YDR221W,0,2.6210465,0.25728678703308105,0.7149999737739563,0.20640000700950623
YCR088W,YBR028C,0,2.6209557,0.25719425082206726,0.7149999737739563,0.20649999380111694
YOR143C,YER184C,0,2.6206207,0.25710177421569824,0.7149999737739563,0.20659999549388885
YHR039C,YJL173C,1,2.620372,0.257368803024292,0.7160000205039978,0.20659999549388885
YBR131W,YOR130C,0,2.6203198,0.257276326417923,0.7160000205039978,0.20669999718666077
YLR086W,YDR439W,0,2.6198597,0.25718390941619873,0.7160000205039978,0.20679999887943268
YJR043C,YOR141C,1,2.618529,0.2574506402015686,0.7170000076293945,0.20679999887943268
YPR107C,YKR083C,0,2.6185267,0.25735822319984436,0.7170000076293945,0.2069000005722046
YDR006C,YBR241C,0,2.6184235,0.2572658658027649,0.7170000076293945,0.2070000022649765
YPR173C,YBR156C,0,2.6157098,0.2571735978126526,0.7170000076293945,0.2071000039577484
YDR312W,YLR085C,0,2.6151917,0.25708138942718506,0.7170000076293945,0.20720000565052032
YPR164W,YML095C,1,2.6142206,0.2573476731777191,0.7179999947547913,0.20720000565052032
YGR103W,YML011C,0,2.6136446,0.2572554647922516,0.7179999947547913,0.20730000734329224
YNL316C,YNL053W,0,2.6132364,0.25716331601142883,0.7179999947547913,0.20739999413490295
YPL194W,YGR296W,1,2.6128182,0.257429301738739,0.718999981880188,0.20739999413490295
YOL146W,YPL153C,0,2.6120582,0.25733715295791626,0.718999981880188,0.20749999582767487
YPL169C,YOL078W,0,2.6120095,0.25724509358406067,0.718999981880188,0.20759999752044678
YFL053W,YKL016C,0,2.6119769,0.25715306401252747,0.718999981880188,0.2076999992132187
YHR215W,YBR154C,0,2.6118402,0.2570611238479614,0.718999981880188,0.2078000009059906
YBR186W,YOR359W,0,2.609604,0.25696927309036255,0.718999981880188,0.2079000025987625
YBR105C,YLR332W,0,2.6094959,0.25687745213508606,0.718999981880188,0.20800000429153442
YML018C,YCL029C,0,2.6089058,0.25678572058677673,0.718999981880188,0.20810000598430634
YGR121C,YNL278W,0,2.6085715,0.2566940486431122,0.718999981880188,0.20819999277591705
YMR063W,YDR235W,0,2.6082578,0.2566024363040924,0.718999981880188,0.20829999446868896
YEL048C,YLR399C,0,2.607866,0.2565108835697174,0.718999981880188,0.20839999616146088
YDL144C,YOR210W,0,2.6077847,0.2564193904399872,0.718999981880188,0.2084999978542328
YPR096C,YOR256C,0,2.607087,0.2563279867172241,0.718999981880188,0.2085999995470047
YHR045W,YOL076W,0,2.6052208,0.25623664259910583,0.718999981880188,0.2087000012397766
YIL117C,YGR235C,0,2.6046128,0.2561453580856323,0.718999981880188,0.20880000293254852
YGL166W,YLR207W,0,2.6043448,0.2560541331768036,0.718999981880188,0.20890000462532043
YJL046W,YLR403W,0,2.6042938,0.25596296787261963,0.718999981880188,0.20900000631809235
YJR113C,YEL048C,0,2.6032357,0.25587189197540283,0.718999981880188,0.20909999310970306
YPR004C,YPR102C,0,2.6027346,0.2557808756828308,0.718999981880188,0.20919999480247498
YJL156C,YOR372C,0,2.60035,0.2556898891925812,0.718999981880188,0.2092999964952469
YHR194W,YOR247W,0,2.599812,0.2555989921092987,0.718999981880188,0.2093999981880188
YML031W,YGL085W,0,2.5997987,0.2555081844329834,0.718999981880188,0.2094999998807907
YNL101W,YGR001C,0,2.5992618,0.2554174065589905,0.718999981880188,0.20960000157356262
YIR035C,YNR024W,0,2.5990615,0.2553267180919647,0.718999981880188,0.20970000326633453
YDL220C,YLR403W,0,2.5987425,0.25523605942726135,0.718999981880188,0.20980000495910645
YKL221W,YDL004W,0,2.5975428,0.25514549016952515,0.718999981880188,0.20990000665187836
YGL039W,YPR004C,0,2.5970635,0.2550549805164337,0.718999981880188,0.20999999344348907
YNL216W,YGR059W,0,2.5966694,0.25496453046798706,0.718999981880188,0.210099995136261
YKL135C,YOL156W,0,2.5956964,0.25487416982650757,0.718999981880188,0.2101999968290329
YPL141C,YOL154W,0,2.5955021,0.25478383898735046,0.718999981880188,0.2102999985218048
YIL127C,YKL048C,0,2.5953872,0.2546935975551605,0.718999981880188,0.21040000021457672
YPL145C,YLR345W,0,2.5953343,0.25460338592529297,0.718999981880188,0.21050000190734863
YPL016W,YBR189W,0,2.5941749,0.2545132637023926,0.718999981880188,0.21060000360012054
YMR056C,YLR343W,0,2.5941339,0.25442320108413696,0.718999981880188,0.21070000529289246
YNL021W,YPR121W,0,2.5935502,0.2543332278728485,0.718999981880188,0.21080000698566437
YPR046W,YLR399C,0,2.5913591,0.25424328446388245,0.718999981880188,0.21089999377727509
YGR071C,YIL063C,0,2.5909758,0.25415340065956116,0.718999981880188,0.210999995470047
YNL311C,YDL010W,0,2.590632,0.25406360626220703,0.718999981880188,0.2110999971628189
YML096W,YBR234C,0,2.5903711,0.2539738714694977,0.718999981880188,0.21119999885559082
YGR087C,YHL035C,0,2.590312,0.2538841664791107,0.718999981880188,0.21130000054836273
YNL014W,YDR343C,0,2.5892344,0.2537945508956909,0.718999981880188,0.21140000224113464
YDR342C,YPR021C,0,2.5891986,0.2537050247192383,0.718999981880188,0.21150000393390656
YLR381W,YBL047C,0,2.5890326,0.25361552834510803,0.718999981880188,0.21160000562667847
YNL134C,YPL074W,0,2.588803,0.25352609157562256,0.718999981880188,0.21170000731945038
YPR066W,YER153C,0,2.5887,0.25343671441078186,0.718999981880188,0.2117999941110611
YDL132W,YOL075C,0,2.5883458,0.2533474266529083,0.718999981880188,0.211899995803833
YKR053C,YIL069C,0,2.5876875,0.25325819849967957,0.718999981880188,0.21199999749660492
YGR023W,YGR071C,0,2.5876637,0.2531690001487732,0.718999981880188,0.21209999918937683
YHR079C-A,YJL090C,1,2.587366,0.25343188643455505,0.7200000286102295,0.21209999918937683
YLR216C,YCR102C,0,2.586954,0.25334271788597107,0.7200000286102295,0.21220000088214874
YNR008W,YLR022C,0,2.5864444,0.25325360894203186,0.7200000286102295,0.21230000257492065
YKL212W,YHL026C,0,2.586153,0.2531645596027374,0.7200000286102295,0.21240000426769257
YNL126W,YJL062W,0,2.586112,0.25307556986808777,0.7200000286102295,0.21250000596046448
YJR084W,YIL019W,0,2.5844865,0.2529866397380829,0.7200000286102295,0.2125999927520752
YPL162C,YCR018C,0,2.584478,0.25289779901504517,0.7200000286102295,0.2126999944448471
YMR058W,YDR522C,0,2.5841293,0.25280898809432983,0.7200000286102295,0.21279999613761902
YAR042W,YDR210W,0,2.582853,0.25272026658058167,0.7200000286102295,0.21289999783039093
YLR324W,YLR413W,0,2.5827339,0.2526315748691559,0.7200000286102295,0.21299999952316284
YDR225W,YNL094W,0,2.5826428,0.25254297256469727,0.7200000286102295,0.21310000121593475
YPR106W,YBL021C,0,2.5824864,0.2524544298648834,0.7200000286102295,0.21320000290870667
YBR193C,YDR439W,0,2.5819714,0.25236591696739197,0.7200000286102295,0.21330000460147858
YHR032W,YLR332W,0,2.5808628,0.2522774934768677,0.7200000286102295,0.2134000062942505
YML008C,YDR056C,0,2.580852,0.25218912959098816,0.7200000286102295,0.2134999930858612
YJL036W,YKR045C,0,2.5807738,0.2521008551120758,0.7200000286102295,0.21359999477863312
YDR018C,YDR009W,0,2.5803404,0.25201261043548584,0.7200000286102295,0.21369999647140503
YIL120W,YOR259C,0,2.579718,0.25192442536354065,0.7200000286102295,0.21379999816417694
YJL100W,YFR028C,0,2.5797162,0.25183629989624023,0.7200000286102295,0.21389999985694885
YJR143C,YHR020W,0,2.579709,0.251748263835907,0.7200000286102295,0.21400000154972076
YDL025C,YGR076C,0,2.5791724,0.2516602575778961,0.7200000286102295,0.21410000324249268
YKR077W,YKR052C,0,2.5776577,0.2515723407268524,0.7200000286102295,0.2142000049352646
YNL212W,YOL152W,0,2.5772438,0.2514844536781311,0.7200000286102295,0.2143000066280365
YPL249C,YKR086W,0,2.5768125,0.25139665603637695,0.7200000286102295,0.21439999341964722
YHR003C,YNL048W,0,2.575659,0.2513088881969452,0.7200000286102295,0.21449999511241913
YDR039C,YMR101C,0,2.5740678,0.2512212097644806,0.7200000286102295,0.21459999680519104
YIL173W,YLR051C,0,2.572538,0.25113359093666077,0.7200000286102295,0.21469999849796295
YHL006C,YHR167W,1,2.5722923,0.25139468908309937,0.7210000157356262,0.21469999849796295
YER120W,YMR198W,0,2.5702202,0.25130707025527954,0.7210000157356262,0.21480000019073486
YBR153W,YJL153C,0,2.5700274,0.2512195110321045,0.7210000157356262,0.21490000188350677
YIL064W,YHR007C,0,2.569446,0.2511320114135742,0.7210000157356262,0.2150000035762787
YMR149W,YMR262W,0,2.5671701,0.2510445713996887,0.7210000157356262,0.2151000052690506
YGL033W,YKR099W,1,2.566803,0.2513052523136139,0.722000002861023,0.2151000052690506
YPR178W,YIL064W,0,2.5665936,0.2512178122997284,0.722000002861023,0.2152000069618225
YBR253W,YML096W,0,2.566445,0.25113043189048767,0.722000002861023,0.21529999375343323
YHR181W,YIL019W,0,2.5651753,0.2510431110858917,0.722000002861023,0.21539999544620514
YKR075C,YLR370C,0,2.5649118,0.25095584988594055,0.722000002861023,0.21549999713897705
YBR023C,YLR086W,0,2.5644858,0.25086864829063416,0.722000002861023,0.21559999883174896
YDR523C,YPL234C,0,2.5637095,0.2507815361022949,0.722000002861023,0.21570000052452087
YMR011W,YNL076W,0,2.5636554,0.2506944537162781,0.722000002861023,0.21580000221729279
YER044C-A,YML023C,1,2.5630713,0.2509545385837555,0.7229999899864197,0.21580000221729279
YBR094W,YLL054C,0,2.5626023,0.25086745619773865,0.7229999899864197,0.2159000039100647
YMR044W,YLR408C,0,2.5620928,0.2507804334163666,0.7229999899864197,0.2160000056028366
YER114C,YER111C,0,2.5618987,0.2506934702396393,0.7229999899864197,0.21610000729560852
YLR057W,YBR023C,0,2.5612264,0.25060659646987915,0.7229999899864197,0.21619999408721924
YLL054C,YDL223C,0,2.5597708,0.2505197525024414,0.7229999899864197,0.21629999577999115
YPL269W,YML093W,0,2.5596063,0.25043296813964844,0.7229999899864197,0.21639999747276306
YBR018C,YPL051W,0,2.5583673,0.25034627318382263,0.7229999899864197,0.21649999916553497
YBL035C,YPR049C,0,2.5578651,0.2502596080303192,0.7229999899864197,0.21660000085830688
YKL077W,YDR251W,0,2.5577378,0.25017300248146057,0.7229999899864197,0.2167000025510788
YMR190C,YLR467W,1,2.5576499,0.2504323720932007,0.7239999771118164,0.2167000025510788
YER045C,YNL075W,0,2.5565186,0.25034579634666443,0.7239999771118164,0.2168000042438507
YHR157W,YOL068C,1,2.5563936,0.25060489773750305,0.7250000238418579,0.2168000042438507
YMR118C,YLR074C,0,2.5539856,0.2505183219909668,0.7250000238418579,0.21690000593662262
YHR003C,YAL005C,0,2.553677,0.25043177604675293,0.7250000238418579,0.21699999272823334
YDR234W,YKL071W,0,2.553425,0.25034528970718384,0.7250000238418579,0.21709999442100525
YDR345C,YGL085W,0,2.5533566,0.2502588927745819,0.7250000238418579,0.21719999611377716
YGL168W,YPR034W,0,2.5499876,0.25017252564430237,0.7250000238418579,0.21729999780654907
YKR097W,YLL015W,0,2.5490658,0.25008624792099,0.7250000238418579,0.21739999949932098
YPL270W,YDR065W,0,2.5487664,0.25,0.7250000238418579,0.2175000011920929
YHR023W,YPL190C,0,2.548337,0.24991382658481598,0.7250000238418579,0.2176000028848648
YML009C,YPL095C,0,2.5464165,0.24982769787311554,0.7250000238418579,0.21770000457763672
YNL328C,YNL183C,0,2.5458488,0.24974164366722107,0.7250000238418579,0.21780000627040863
YLR216C,YDL243C,0,2.5456333,0.24965564906597137,0.7250000238418579,0.21789999306201935
YPR022C,YGL226W,0,2.5454683,0.24956971406936646,0.7250000238418579,0.21799999475479126
YMR119W,YDL058W,0,2.544714,0.24948382377624512,0.7250000238418579,0.21809999644756317
YCR008W,YDL174C,0,2.543969,0.24939800798892975,0.7250000238418579,0.21819999814033508
YPL189W,YGL137W,0,2.5435402,0.24931223690509796,0.7250000238418579,0.218299999833107
YPR018W,YMR224C,1,2.5433588,0.24957029521465302,0.7260000109672546,0.218299999833107
YBL055C,YKR077W,0,2.5430686,0.24948453903198242,0.7260000109672546,0.2184000015258789
YMR001C,YDR180W,1,2.5430682,0.24974235892295837,0.7269999980926514,0.2184000015258789
YHR122W,YNL191W,0,2.5429358,0.2496565878391266,0.7269999980926514,0.21850000321865082
YDL120W,YOR058C,0,2.5428967,0.24957089126110077,0.7269999980926514,0.21860000491142273
YDL066W,YFR008W,0,2.5427947,0.24948523938655853,0.7269999980926514,0.21870000660419464
YPL189W,YBR033W,0,2.5420027,0.24939966201782227,0.7269999980926514,0.21879999339580536
YHR178W,YNL189W,0,2.5417252,0.24931412935256958,0.7269999980926514,0.21889999508857727
YLR174W,YNL275W,0,2.541719,0.24922865629196167,0.7269999980926514,0.21899999678134918
YLR315W,YOR014W,0,2.5413008,0.24914324283599854,0.7269999980926514,0.2190999984741211
YOR033C,YKL014C,0,2.5412734,0.24905790388584137,0.7269999980926514,0.219200000166893
YNL194C,YNL118C,0,2.5411797,0.24897260963916779,0.7269999980926514,0.21930000185966492
YLR297W,YMR024W,0,2.5384474,0.24888736009597778,0.7269999980926514,0.21940000355243683
YCR072C,YML085C,0,2.537336,0.24880218505859375,0.7269999980926514,0.21950000524520874
YLR448W,YML131W,0,2.537316,0.2487170696258545,0.7269999980926514,0.21960000693798065
YPL248C,YLR352W,0,2.5369182,0.24863201379776,0.7269999980926514,0.21969999372959137
YGR205W,YDR248C,0,2.53691,0.2485470026731491,0.7269999980926514,0.21979999542236328
YIL067C,YDR239C,0,2.5361304,0.24846206605434418,0.7269999980926514,0.2198999971151352
YPL164C,YDL101C,1,2.5356872,0.24871882796287537,0.7279999852180481,0.2198999971151352
YHR158C,YHR140W,0,2.5343213,0.24863387644290924,0.7279999852180481,0.2199999988079071
YDL211C,YJL203W,0,2.5339613,0.24854899942874908,0.7279999852180481,0.22010000050067902
YOR360C,YBR152W,0,2.5335283,0.2484641671180725,0.7279999852180481,0.22020000219345093
YOR368W,YEL019C,1,2.5333343,0.24872057139873505,0.7289999723434448,0.22020000219345093
YPL202C,YHR072W-A,0,2.5328162,0.24863573908805847,0.7289999723434448,0.22030000388622284
YLR385C,YHR046C,0,2.5323493,0.24855096638202667,0.7289999723434448,0.22040000557899475
YML018C,YCR038C,0,2.53158,0.24846625328063965,0.7289999723434448,0.22050000727176666
YDR258C,YOL098C,0,2.5309973,0.2483815997838974,0.7289999723434448,0.22059999406337738
YER131W,YLR116W,0,2.5308423,0.24829700589179993,0.7289999723434448,0.2206999957561493
YML062C,YER179W,1,2.5304527,0.24855294823646545,0.7300000190734863,0.2206999957561493
YBR198C,YPL158C,0,2.5304294,0.2484683394432068,0.7300000190734863,0.2207999974489212
YIL137C,YNL206C,0,2.5303357,0.2483838051557541,0.7300000190734863,0.22089999914169312
YJL097W,YLR068W,0,2.5297918,0.24829931557178497,0.7300000190734863,0.22100000083446503
YGL079W,YMR298W,0,2.5295727,0.24821488559246063,0.7300000190734863,0.22110000252723694
YDR362C,YJL170C,0,2.5292666,0.24813053011894226,0.7300000190734863,0.22120000422000885
YOR211C,YOL033W,0,2.528165,0.24804620444774628,0.7300000190734863,0.22130000591278076
YPL124W,YPL256C,0,2.5279045,0.24796195328235626,0.7300000190734863,0.22139999270439148
YOR255W,YPL028W,0,2.5277467,0.24787776172161102,0.7300000190734863,0.2214999943971634
YIL091C,YBR087W,0,2.5270557,0.24779361486434937,0.7300000190734863,0.2215999960899353
YJL019W,YOR306C,0,2.526484,0.24770954251289368,0.7300000190734863,0.22169999778270721
YFL049W,YKL137W,0,2.5256937,0.24762551486492157,0.7300000190734863,0.22179999947547913
YKL132C,YOR245C,0,2.525539,0.24754154682159424,0.7300000190734863,0.22190000116825104
YJR035W,YDL033C,0,2.5251071,0.2474576234817505,0.7300000190734863,0.22200000286102295
YOR202W,YLR431C,0,2.5249684,0.2473737746477127,0.7300000190734863,0.22210000455379486
YPL066W,YLR192C,0,2.524779,0.2472899705171585,0.7300000190734863,0.22220000624656677
YNL136W,YBR267W,0,2.5245647,0.24720622599124908,0.7300000190734863,0.2222999930381775
YGR098C,YPR049C,0,2.5236936,0.24712254106998444,0.7300000190734863,0.2223999947309494
YMR207C,YMR055C,0,2.523292,0.24703891575336456,0.7300000190734863,0.2224999964237213
YGR067C,YLR336C,0,2.5223818,0.24695535004138947,0.7300000190734863,0.22259999811649323
YDL235C,YLR136C,0,2.5221438,0.24687182903289795,0.7300000190734863,0.22269999980926514
YER149C,YOL098C,0,2.521165,0.2467883676290512,0.7300000190734863,0.22280000150203705
YKL158W,YDL130W-A,0,2.519741,0.24670496582984924,0.7300000190734863,0.22290000319480896
YDR110W,YER173W,1,2.5183804,0.24695946276187897,0.7310000061988831,0.22290000319480896
YBL084C,YBR290W,0,2.5176718,0.246876060962677,0.7310000061988831,0.22300000488758087
YOL076W,YHL022C,0,2.5164244,0.24679270386695862,0.7310000061988831,0.22310000658035278
YDL117W,YOL094C,0,2.5159326,0.2467094212770462,0.7310000061988831,0.2231999933719635
YOL016C,YAL011W,0,2.5156097,0.24662618339061737,0.7310000061988831,0.2232999950647354
YMR236W,YBR203W,0,2.5146923,0.2465430051088333,0.7310000061988831,0.22339999675750732
YKL005C,YMR104C,0,2.5146189,0.24645987153053284,0.7310000061988831,0.22349999845027924
YCR029C-A,YDR055W,0,2.5127718,0.24637681245803833,0.7310000061988831,0.22360000014305115
YGL115W,YHL036W,0,2.512539,0.2462937980890274,0.7310000061988831,0.22370000183582306
YHL018W,YEL047C,0,2.5123658,0.24621084332466125,0.7310000061988831,0.22380000352859497
YAR050W,YNL037C,0,2.5115209,0.24612794816493988,0.7310000061988831,0.22390000522136688
YLR352W,YGR158C,0,2.5106068,0.2460450977087021,0.7310000061988831,0.2240000069141388
YER142C,YOR011W,0,2.5103688,0.24596232175827026,0.7310000061988831,0.2240999937057495
YFR027W,YOR344C,0,2.510189,0.24587957561016083,0.7310000061988831,0.22419999539852142
YLR288C,YKR099W,1,2.5097384,0.24613314867019653,0.7319999933242798,0.22419999539852142
YJL170C,YBR114W,0,2.5094469,0.2460504174232483,0.7319999933242798,0.22429999709129333
YER091C,YBL009W,0,2.5089943,0.24596774578094482,0.7319999933242798,0.22439999878406525
YGL039W,YDR289C,0,2.5087078,0.24588511884212494,0.7319999933242798,0.22450000047683716
YJR125C,YKL138C-A,0,2.5086408,0.24580255150794983,0.7319999933242798,0.22460000216960907
YPL281C,YOR372C,0,2.508189,0.2457200437784195,0.7319999933242798,0.22470000386238098
YBL067C,YNR020C,0,2.5080755,0.24563758075237274,0.7319999933242798,0.2248000055551529
YKL063C,YGL115W,0,2.5080643,0.24555517733097076,0.7319999933242798,0.2249000072479248
YPR168W,YER083C,0,2.5074477,0.24547283351421356,0.7319999933242798,0.22499999403953552
YGR138C,YDR123C,0,2.5071588,0.24539054930210114,0.7319999933242798,0.22509999573230743
YDR224C,YJR001W,0,2.5071478,0.2453083097934723,0.7319999933242798,0.22519999742507935
YDL154W,YMR167W,1,2.5061738,0.2455611377954483,0.7329999804496765,0.22519999742507935
YMR060C,YDR243C,0,2.5060847,0.24547889828681946,0.7329999804496765,0.22529999911785126
YBR098W,YOR005C,1,2.5057566,0.24573150277137756,0.734000027179718,0.22529999911785126
YBR171W,YHR105W,0,2.5056868,0.24564926326274872,0.734000027179718,0.22540000081062317
YKL092C,YNL134C,0,2.5054955,0.24556708335876465,0.734000027179718,0.22550000250339508
YGL039W,YDL156W,0,2.5038774,0.24548494815826416,0.734000027179718,0.225600004196167
YFR005C,YDR118W,0,2.5029263,0.24540287256240845,0.734000027179718,0.2257000058889389
YGL136C,YLR446W,0,2.502871,0.2453208565711975,0.734000027179718,0.22579999268054962
YNL328C,YBR198C,0,2.5026093,0.24523888528347015,0.734000027179718,0.22589999437332153
YGR005C,YOR009W,0,2.500728,0.24515697360038757,0.734000027179718,0.22599999606609344
YGR040W,YJR022W,0,2.5005221,0.24507512152194977,0.734000027179718,0.22609999775886536
YDL003W,YBR105C,0,2.5004487,0.24499332904815674,0.734000027179718,0.22619999945163727
YPL215W,YGL157W,0,2.500113,0.2449115812778473,0.734000027179718,0.22630000114440918
YKL146W,YCR105W,0,2.4995732,0.24482989311218262,0.734000027179718,0.2264000028371811
YDL109C,YBR198C,0,2.4994745,0.24474824965000153,0.734000027179718,0.226500004529953
YPR063C,YOL012C,0,2.499309,0.2446666657924652,0.734000027179718,0.22660000622272491
YDR390C,YBR239C,0,2.4989777,0.24458514153957367,0.734000027179718,0.22669999301433563
YOR131C,YLR077W,0,2.4969437,0.2445036619901657,0.734000027179718,0.22679999470710754
YCR028C-A,YMR118C,0,2.4963868,0.24442224204540253,0.734000027179718,0.22689999639987946
YHL008C,YBR298C,0,2.4962664,0.24434088170528412,0.734000027179718,0.22699999809265137
YNL323W,YDR243C,0,2.4957418,0.2442595660686493,0.734000027179718,0.22709999978542328
YDL159W,YLR144C,0,2.4952056,0.24417831003665924,0.734000027179718,0.2272000014781952
YNL082W,YLR071C,0,2.4946723,0.24409711360931396,0.734000027179718,0.2273000031709671
YNL093W,YLR039C,0,2.4934947,0.24401596188545227,0.734000027179718,0.227400004863739
YGR207C,YHR044C,0,2.4932137,0.24393485486507416,0.734000027179718,0.22750000655651093
YNL288W,YLR001C,0,2.4928992,0.24385382235050201,0.734000027179718,0.22759999334812164
YDR039C,YNL233W,0,2.4928865,0.24377283453941345,0.734000027179718,0.22769999504089355
YNL323W,YOL021C,0,2.4926121,0.24369190633296967,0.734000027179718,0.22779999673366547
YDL072C,YPL096C-A,0,2.4922798,0.24361102283000946,0.734000027179718,0.22789999842643738
YBR228W,YER038C,1,2.491029,0.24386197328567505,0.7350000143051147,0.22789999842643738
YIL064W,YOL008W,0,2.4898777,0.24378108978271484,0.7350000143051147,0.2280000001192093
YOR039W,YLR413W,0,2.489849,0.24370026588439941,0.7350000143051147,0.2281000018119812
YDL124W,YLR138W,0,2.4888434,0.24361948668956757,0.7350000143051147,0.2282000035047531
YPL186C,YHR045W,0,2.4884489,0.2435387670993805,0.7350000143051147,0.22830000519752502
YOL068C,YNL210W,1,2.487647,0.24378933012485504,0.7360000014305115,0.22830000519752502
YMR323W,YHL047C,0,2.4868107,0.24370861053466797,0.7360000014305115,0.22840000689029694
YOL105C,YDR495C,0,2.486774,0.24362793564796448,0.7360000014305115,0.22849999368190765
YML087C,YNL176C,0,2.4867249,0.24354732036590576,0.7360000014305115,0.22859999537467957
YBR016W,YBR127C,0,2.486624,0.24346674978733063,0.7360000014305115,0.22869999706745148
YNL233W,YML041C,0,2.486554,0.24338623881340027,0.7360000014305115,0.2287999987602234
YDR432W,YHR122W,0,2.4864419,0.24330578744411469,0.7360000014305115,0.2289000004529953
YKR098C,YMR063W,0,2.4853745,0.24322538077831268,0.7360000014305115,0.2290000021457672
YOR004W,YGL116W,0,2.482432,0.24314503371715546,0.7360000014305115,0.22910000383853912
YIL050W,YKL088W,0,2.482223,0.2430647313594818,0.7360000014305115,0.22920000553131104
YPR019W,YNR048W,0,2.481114,0.24298448860645294,0.7360000014305115,0.22930000722408295
YNR024W,YOL019W,0,2.4804096,0.24290429055690765,0.7360000014305115,0.22939999401569366
YPL148C,YJL181W,0,2.4798322,0.24282415211200714,0.7360000014305115,0.22949999570846558
YBR158W,YMR189W,0,2.479577,0.2427440583705902,0.7360000014305115,0.2295999974012375
YPL168W,YMR285C,0,2.478208,0.24266402423381805,0.7360000014305115,0.2296999990940094
YGR125W,YBL084C,0,2.4776115,0.24258404970169067,0.7360000014305115,0.2298000007867813
YDR283C,YMR233W,0,2.4772425,0.24250411987304688,0.7360000014305115,0.22990000247955322
YGR235C,YNR008W,0,2.4771311,0.24242424964904785,0.7360000014305115,0.23000000417232513
YDL101C,YPL283C,1,2.4770114,0.24267369508743286,0.7369999885559082,0.23000000417232513
YIL107C,YGL025C,0,2.476366,0.24259380996227264,0.7369999885559082,0.23010000586509705
YGL045W,YML082W,0,2.4752166,0.2425139844417572,0.7369999885559082,0.23019999265670776
YFR027W,YOR192C,0,2.4737997,0.24243420362472534,0.7369999885559082,0.23029999434947968
YLR306W,YLR448W,0,2.4735188,0.24235448241233826,0.7369999885559082,0.2303999960422516
YFL018W-A,YER087C-A,0,2.4732275,0.24227482080459595,0.7369999885559082,0.2304999977350235
YMR130W,YDL102W,0,2.4725597,0.24219520390033722,0.7369999885559082,0.2305999994277954
YGL168W,YMR044W,0,2.471993,0.24211563169956207,0.7369999885559082,0.23070000112056732
YMR305C,YJR155W,0,2.471672,0.2420361191034317,0.7369999885559082,0.23080000281333923
YKL198C,YNL264C,0,2.4699225,0.2419566661119461,0.7369999885559082,0.23090000450611115
YKL112W,YCR043C,0,2.4681864,0.2418772578239441,0.7369999885559082,0.23100000619888306
YGL127C,YMR167W,1,2.4678848,0.2421259880065918,0.7379999756813049,0.23100000619888306
YLL066C,YPL220W,0,2.4671285,0.24204657971858978,0.7379999756813049,0.23109999299049377
YIL037C,YFR051C,0,2.4662046,0.24196721613407135,0.7379999756813049,0.23119999468326569
YDR004W,YLR320W,1,2.4655187,0.24221566319465637,0.7390000224113464,0.23119999468326569
YDL098C,YKR045C,0,2.4653633,0.24213629961013794,0.7390000224113464,0.2312999963760376
YPR114W,YGL048C,0,2.4653072,0.24205699563026428,0.7390000224113464,0.2313999980688095
YJL208C,YLR263W,1,2.4638405,0.24230517446994781,0.7400000095367432,0.2313999980688095
YPL189W,YER112W,0,2.4634562,0.24222585558891296,0.7400000095367432,0.23149999976158142
YGR174C,YDL069C,0,2.4623733,0.2421465963125229,0.7400000095367432,0.23160000145435333
YLL032C,YPR086W,0,2.462148,0.2420673817396164,0.7400000095367432,0.23170000314712524
YGR272C,YJL050W,0,2.4614625,0.24198822677135468,0.7400000095367432,0.23180000483989716
YML043C,YDR402C,0,2.461414,0.24190911650657654,0.7400000095367432,0.23190000653266907
YNL213C,YNL218W,0,2.461223,0.24183006584644318,0.7400000095367432,0.23199999332427979
YBR070C,YGL038C,0,2.4608243,0.2417510598897934,0.7400000095367432,0.2320999950170517
YHL004W,YNL257C,0,2.4603567,0.2416721135377884,0.7400000095367432,0.2321999967098236
YFL049W,YDR148C,0,2.4603333,0.24159321188926697,0.7400000095367432,0.23229999840259552
YPL168W,YMR264W,0,2.4596834,0.24151435494422913,0.7400000095367432,0.23240000009536743
YDL211C,YHR076W,0,2.4593558,0.24143555760383606,0.7400000095367432,0.23250000178813934
YDL101C,YJR043C,1,2.4590256,0.2416829764842987,0.7409999966621399,0.23250000178813934
YMR208W,YOR001W,0,2.4585936,0.24160417914390564,0.7409999966621399,0.23260000348091125
YIL120W,YDL049C,0,2.4580078,0.24152542650699615,0.7409999966621399,0.23270000517368317
YNL176C,YEL042W,0,2.457653,0.24144671857357025,0.7409999966621399,0.23280000686645508
YDL226C,YLR040C,0,2.4563828,0.24136808514595032,0.7409999966621399,0.2328999936580658
YIL030C,YPL096C-A,0,2.4558735,0.24128948152065277,0.7409999966621399,0.2329999953508377
YPR016C,YJR056C,0,2.4556546,0.2412109375,0.7409999966621399,0.23309999704360962
YMR044W,YHR094C,0,2.455531,0.2411324381828308,0.7409999966621399,0.23319999873638153
YNL158W,YLR013W,0,2.455334,0.2410539984703064,0.7409999966621399,0.23330000042915344
YBR018C,YDR194C,0,2.4542499,0.24097560346126556,0.7409999966621399,0.23340000212192535
YIL111W,YAL019W,0,2.4540763,0.2408972680568695,0.7409999966621399,0.23350000381469727
YNR070W,YDL014W,0,2.4538732,0.24081897735595703,0.7409999966621399,0.23360000550746918
YBR097W,YLL053C,0,2.4526021,0.24074074625968933,0.7409999966621399,0.2337000072002411
YGR005C,YOR192C,0,2.452211,0.2406625598669052,0.7409999966621399,0.2337999939918518
YDR002W,YMR226C,0,2.4491165,0.24058441817760468,0.7409999966621399,0.23389999568462372
YPL005W,YDR088C,0,2.4483619,0.2405063360929489,0.7409999966621399,0.23399999737739563
YAL015C,YPR183W,0,2.4477758,0.24042829871177673,0.7409999966621399,0.23409999907016754
YHR079C-B,YNL210W,1,2.4474902,0.2406746745109558,0.7419999837875366,0.23409999907016754
YER147C,YKL113C,1,2.4468732,0.24092088639736176,0.7429999709129333,0.23409999907016754
YML037C,YGL126W,0,2.446857,0.2408427894115448,0.7429999709129333,0.23420000076293945
YCR044C,YOL067C,0,2.4465365,0.24076473712921143,0.7429999709129333,0.23430000245571136
YML077W,YDR541C,0,2.4463644,0.24068674445152283,0.7429999709129333,0.23440000414848328
YBL084C,YDL103C,0,2.4458532,0.240608811378479,0.7429999709129333,0.2345000058412552
YER063W,YLR453C,0,2.44581,0.24053092300891876,0.7429999709129333,0.2345999926328659
YLR131C,YDR292C,0,2.4436836,0.2404530793428421,0.7429999709129333,0.23469999432563782
YLR222C,YBR038W,0,2.4434323,0.24037528038024902,0.7429999709129333,0.23479999601840973
YML062C,YML061C,1,2.4433274,0.240620955824852,0.7440000176429749,0.23479999601840973
YBL009W,YFR006W,0,2.4432297,0.2405431568622589,0.7440000176429749,0.23489999771118164
YEL059C-A,YLR166C,0,2.4426537,0.2404654175043106,0.7440000176429749,0.23499999940395355
YDL080C,YPR066W,0,2.4426153,0.2403877228498459,0.7440000176429749,0.23510000109672546
YJR066W,YOR033C,0,2.4419718,0.24031007289886475,0.7440000176429749,0.23520000278949738
YNL329C,YBR295W,0,2.441099,0.24023248255252838,0.7440000176429749,0.2353000044822693
YMR170C,YJL054W,0,2.4408972,0.2401549369096756,0.7440000176429749,0.2354000061750412
YDL012C,YOL140W,0,2.4401689,0.2400774508714676,0.7440000176429749,0.23549999296665192
YLR460C,YMR230W,0,2.4386845,0.23999999463558197,0.7440000176429749,0.23559999465942383
YLR446W,YLR362W,0,2.4382794,0.23992261290550232,0.7440000176429749,0.23569999635219574
YHR184W,YIL049W,0,2.4377358,0.23984526097774506,0.7440000176429749,0.23579999804496765
YML081W,YKR079C,0,2.4373133,0.23976796865463257,0.7440000176429749,0.23589999973773956
YNL330C,YEL019C,1,2.4371598,0.24001288414001465,0.7450000047683716,0.23589999973773956
YPR114W,YAL035W,0,2.4367623,0.23993559181690216,0.7450000047683716,0.23600000143051147
YLR136C,YOL152W,0,2.4367223,0.23985834419727325,0.7450000047683716,0.2361000031232834
YBR160W,YLR320W,1,2.4358282,0.24010299146175385,0.7459999918937683,0.2361000031232834
YLR190W,YKL110C,0,2.434942,0.24002574384212494,0.7459999918937683,0.2362000048160553
YDR545W,YGL250W,1,2.4346595,0.24027018249034882,0.746999979019165,0.2362000048160553
YFR038W,YGR296W,1,2.4345193,0.24051447212696075,0.7480000257492065,0.2362000048160553
YMR170C,YKL058W,0,2.4344325,0.24043716490268707,0.7480000257492065,0.2363000065088272
YOL034W,YMR190C,1,2.4342072,0.2406812310218811,0.7490000128746033,0.2363000065088272
YDL120W,YKL198C,0,2.4342043,0.24060392379760742,0.7490000128746033,0.23639999330043793
YBR123C,YKR029C,0,2.4338102,0.24052664637565613,0.7490000128746033,0.23649999499320984
YNL136W,YPL009C,0,2.433339,0.2404494434595108,0.7490000128746033,0.23659999668598175
YDR538W,YDL109C,0,2.4327703,0.24037227034568787,0.7490000128746033,0.23669999837875366
YCR088W,YML043C,0,2.431252,0.2402951568365097,0.7490000128746033,0.23680000007152557
YML076C,YKL089W,0,2.430963,0.24021808803081512,0.7490000128746033,0.23690000176429749
YPL001W,YNR020C,0,2.429274,0.24014106392860413,0.7490000128746033,0.2370000034570694
YNL021W,YOR022C,0,2.4289355,0.2400640994310379,0.7490000128746033,0.2371000051498413
YDR291W,YIL093C,0,2.4286923,0.23998717963695526,0.7490000128746033,0.23720000684261322
YCR016W,YER113C,0,2.4282181,0.2399103194475174,0.7490000128746033,0.23729999363422394
YER184C,YCL059C,0,2.4276876,0.23983348906040192,0.7490000128746033,0.23739999532699585
YER078C,YAL032C,0,2.4274728,0.2397567182779312,0.7490000128746033,0.23749999701976776
YHL006C,YBR160W,1,2.4269562,0.23999999463558197,0.75,0.23749999701976776
YDR006C,YOL095C,0,2.4264903,0.23992322385311127,0.75,0.23759999871253967
YKL077W,YJL062W,0,2.42648,0.23984649777412415,0.75,0.23770000040531158
YHR042W,YDL058W,0,2.4261813,0.2397698163986206,0.75,0.2378000020980835
YDL146W,YJR144W,0,2.4261642,0.23969319462776184,0.75,0.2379000037908554
YNL250W,YNL139C,1,2.4260285,0.23993609845638275,0.7509999871253967,0.2379000037908554
YBR237W,YHR166C,0,2.4256983,0.239859476685524,0.7509999871253967,0.23800000548362732
YIR014W,YCL059C,0,2.4248087,0.2397828847169876,0.7509999871253967,0.23810000717639923
YJL089W,YKL045W,0,2.4247046,0.239706352353096,0.7509999871253967,0.23819999396800995
YDR448W,YOL030W,0,2.4243264,0.239629864692688,0.7509999871253967,0.23829999566078186
YDR017C,YDR506C,0,2.4241605,0.23955342173576355,0.7509999871253967,0.23839999735355377
YLL067C,YJL108C,0,2.4239743,0.2394770383834839,0.7509999871253967,0.23849999904632568
YER056C,YNL035C,0,2.4236095,0.2394006997346878,0.7509999871253967,0.2386000007390976
YDR171W,YDR080W,0,2.4233742,0.2393244057893753,0.7509999871253967,0.2387000024318695
YIL111W,YLR446W,0,2.4211383,0.23924817144870758,0.7509999871253967,0.23880000412464142
YIL129C,YLR121C,0,2.4206796,0.23917198181152344,0.7509999871253967,0.23890000581741333
YOR384W,YGL023C,0,2.4203162,0.23909582197666168,0.7509999871253967,0.23899999260902405
YLL022C,YJL091C,0,2.4195604,0.2390197366476059,0.7509999871253967,0.23909999430179596
YEL016C,YHR210C,0,2.4192705,0.2389436811208725,0.7509999871253967,0.23919999599456787
YLR139C,YDR438W,0,2.41888,0.23886768519878387,0.7509999871253967,0.23929999768733978
YGL065C,YHR086W,0,2.4182298,0.23879173398017883,0.7509999871253967,0.2393999993801117
YER032W,YLR077W,0,2.4175882,0.23871582746505737,0.7509999871253967,0.2395000010728836
YDR237W,YJR066W,0,2.417543,0.2386399805545807,0.7509999871253967,0.23960000276565552
YLL054C,YER119C,0,2.4169095,0.2385641634464264,0.7509999871253967,0.23970000445842743
YDR014W,YLR013W,0,2.416597,0.23848840594291687,0.7509999871253967,0.23980000615119934
YBR152W,YHR203C,0,2.4165506,0.23841269314289093,0.7509999871253967,0.23989999294281006
YJR088C,YHR122W,0,2.415588,0.23833703994750977,0.7509999871253967,0.23999999463558197
YGL022W,YDR425W,0,2.4153352,0.238261416554451,0.7509999871253967,0.24009999632835388
YMR023C,YNL326C,0,2.4151626,0.238185852766037,0.7509999871253967,0.2401999980211258
YMR283C,YFL041W,0,2.413381,0.23811033368110657,0.7509999871253967,0.2402999997138977
YHR139C,YPL085W,0,2.4129272,0.23803485929965973,0.7509999871253967,0.24040000140666962
YBR050C,YER048W-A,0,2.4124377,0.23795944452285767,0.7509999871253967,0.24050000309944153
YOL067C,YPL116W,0,2.411533,0.23788407444953918,0.7509999871253967,0.24060000479221344
YKL107W,YER007W,0,2.410657,0.2378087341785431,0.7509999871253967,0.24070000648498535
YOR363C,YER065C,0,2.4101722,0.23773345351219177,0.7509999871253967,0.24079999327659607
YOR115C,YOL156W,0,2.4099197,0.23765823245048523,0.7509999871253967,0.24089999496936798
YFL039C,YPL024W,0,2.4095733,0.23758304119110107,0.7509999871253967,0.2409999966621399
YER048C,YDR014W,0,2.4094489,0.2375079095363617,0.7509999871253967,0.2410999983549118
YIR022W,YDR356W,0,2.4089646,0.2374328225851059,0.7509999871253967,0.24120000004768372
YFR025C,YGL240W,0,2.407401,0.23735778033733368,0.7509999871253967,0.24130000174045563
YNR043W,YKR095W,0,2.4064534,0.23728278279304504,0.7509999871253967,0.24140000343322754
YOL075C,YGR223C,0,2.4063025,0.23720782995224,0.7509999871253967,0.24150000512599945
YGL086W,YGL040C,0,2.4049253,0.2371329367160797,0.7509999871253967,0.24160000681877136
YGL035C,YOR308C,0,2.4048529,0.23705808818340302,0.7509999871253967,0.24169999361038208
YIR028W,YAR019C,0,2.404745,0.2369832694530487,0.7509999871253967,0.241799995303154
YDL114W,YHR042W,0,2.4047382,0.23690851032733917,0.7509999871253967,0.2418999969959259
YOR028C,YLR352W,0,2.4043841,0.23683381080627441,0.7509999871253967,0.24199999868869781
YAR003W,YGR083C,0,2.4038272,0.23675914108753204,0.7509999871253967,0.24210000038146973
YKL077W,YBR205W,0,2.402473,0.23668453097343445,0.7509999871253967,0.24220000207424164
YLR136C,YDL223C,0,2.4020686,0.23660995066165924,0.7509999871253967,0.24230000376701355
YGR292W,YGL028C,0,2.4018936,0.2365354299545288,0.7509999871253967,0.24240000545978546
YKL065C,YIL172C,0,2.4004722,0.23646095395088196,0.7509999871253967,0.24250000715255737
YGL079W,YLL039C,0,2.3998508,0.2363865226507187,0.7509999871253967,0.2425999939441681
YHR142W,YIL110W,0,2.3985822,0.2363121509552002,0.7509999871253967,0.24269999563694
YLR117C,YNR008W,0,2.3972564,0.2362378090620041,0.7509999871253967,0.24279999732971191
YIR007W,YLR332W,0,2.3968346,0.23616352677345276,0.7509999871253967,0.24289999902248383
YPR004C,YGL098W,0,2.396529,0.23608927428722382,0.7509999871253967,0.24300000071525574
YCR058C,YPR061C,0,2.3961644,0.23601508140563965,0.7509999871253967,0.24310000240802765
YGR057C,YKL212W,0,2.396125,0.23594093322753906,0.7509999871253967,0.24320000410079956
YDR320C,YPR070W,0,2.3951533,0.23586682975292206,0.7509999871253967,0.24330000579357147
YGL151W,YLR414C,0,2.3950167,0.23579278588294983,0.7509999871253967,0.2433999925851822
YIL050W,YAR044W,0,2.394567,0.2357187718153,0.7509999871253967,0.2434999942779541
YDL110C,YBL008W,0,2.3934288,0.23564480245113373,0.7509999871253967,0.243599995970726
YKR095W,YLR174W,0,2.393002,0.23557089269161224,0.7509999871253967,0.24369999766349792
YPL095C,YHR187W,0,2.3928442,0.23549702763557434,0.7509999871253967,0.24379999935626984
YDL150W,YOL067C,0,2.3922853,0.23542319238185883,0.7509999871253967,0.24390000104904175
YLR336C,YFL056C,0,2.3911352,0.23534941673278809,0.7509999871253967,0.24400000274181366
YOL096C,YBL013W,0,2.3905578,0.23527568578720093,0.7509999871253967,0.24410000443458557
YDR050C,YJL046W,0,2.3904195,0.23520199954509735,0.7509999871253967,0.24420000612735748
YBR168W,YJR150C,0,2.3890681,0.23512837290763855,0.7509999871253967,0.2442999929189682
YML011C,YDL064W,0,2.3887122,0.23505477607250214,0.7509999871253967,0.2443999946117401
YJR033C,YOR153W,0,2.3866968,0.2349812239408493,0.7509999871253967,0.24449999630451202
YJR033C,YKL079W,0,2.3856194,0.23490773141384125,0.7509999871253967,0.24459999799728394
YDR202C,YLR037C,0,2.3817716,0.23483426868915558,0.7509999871253967,0.24469999969005585
YNL053W,YCR018C,0,2.3814898,0.23476086556911469,0.7509999871253967,0.24480000138282776
YBL074C,YJR048W,0,2.38136,0.23468750715255737,0.7509999871253967,0.24490000307559967
YPL189C-A,YAL023C,0,2.380545,0.23461417853832245,0.7509999871253967,0.24500000476837158
YDR446W,YOL068C,1,2.38038,0.23485322296619415,0.7519999742507935,0.24500000476837158
YGL144C,YLR059C,0,2.379692,0.23477989435195923,0.7519999742507935,0.2451000064611435
YHR167W,YJL173C,1,2.3794575,0.23501873016357422,0.753000020980835,0.2451000064611435
YJR152W,YOR265W,0,2.3788013,0.2349454015493393,0.753000020980835,0.2451999932527542
YDR287W,YLR446W,0,2.377953,0.23487211763858795,0.753000020980835,0.24529999494552612
YDR485C,YDR317W,0,2.3773768,0.2347988784313202,0.753000020980835,0.24539999663829803
YNL047C,YKR024C,0,2.3766356,0.234725683927536,0.753000020980835,0.24549999833106995
YPR114W,YKL002W,0,2.3765223,0.2346525341272354,0.753000020980835,0.24560000002384186
YML042W,YHR210C,0,2.3751793,0.2345794439315796,0.753000020980835,0.24570000171661377
YPR004C,YIL039W,0,2.3751502,0.23450638353824615,0.753000020980835,0.24580000340938568
YOR373W,YML021C,0,2.3751192,0.2344333678483963,0.753000020980835,0.2459000051021576
YGR120C,YPL008W,0,2.3748507,0.23436041176319122,0.753000020980835,0.2460000067949295
YLR419W,YNL183C,0,2.3742719,0.23428748548030853,0.753000020980835,0.24609999358654022
YBL009W,YBL071W-A,0,2.374184,0.23421461880207062,0.753000020980835,0.24619999527931213
YIR035C,YDR212W,0,2.3736868,0.23414179682731628,0.753000020980835,0.24629999697208405
YJR046W,YER169W,0,2.3736465,0.23406900465488434,0.753000020980835,0.24639999866485596
YPR175W,YGL077C,0,2.37279,0.23399627208709717,0.753000020980835,0.24650000035762787
YOL109W,YNL061W,0,2.372651,0.23392358422279358,0.753000020980835,0.24660000205039978
YDR018C,YJR017C,0,2.3720717,0.23385092616081238,0.753000020980835,0.2467000037431717
YDR358W,YDR377W,0,2.3716815,0.23377832770347595,0.753000020980835,0.2468000054359436
YOL034W,YOR141C,1,2.370638,0.23401613533496857,0.7540000081062317,0.2468000054359436
YPL280W,YDL165W,0,2.370253,0.23394353687763214,0.7540000081062317,0.24690000712871552
YDR018C,YMR156C,0,2.3697276,0.2338709682226181,0.7540000081062317,0.24699999392032623
YNL076W,YOR247W,0,2.3692331,0.23379844427108765,0.7540000081062317,0.24709999561309814
YKR075C,YBR036C,0,2.368483,0.23372597992420197,0.7540000081062317,0.24719999730587006
YDR540C,YHR081W,1,2.3681922,0.23396342992782593,0.7549999952316284,0.24719999730587006
YIR034C,YGL013C,0,2.3676085,0.23389095067977905,0.7549999952316284,0.24729999899864197
YGL243W,YLR045C,0,2.3674214,0.23381851613521576,0.7549999952316284,0.24740000069141388
YNL045W,YNL176C,0,2.3673828,0.23374612629413605,0.7549999952316284,0.2475000023841858
YHL032C,YNL086W,0,2.3655884,0.23367378115653992,0.7549999952316284,0.2476000040769577
YPL242C,YER110C,0,2.3653595,0.23360148072242737,0.7549999952316284,0.24770000576972961
YJL058C,YPL028W,0,2.3640351,0.2335292249917984,0.7549999952316284,0.24779999256134033
YFR055W,YMR001C,1,2.3636847,0.23376622796058655,0.7559999823570251,0.24779999256134033
YDR214W,YNL021W,0,2.363683,0.23369397222995758,0.7559999823570251,0.24789999425411224
YNR041C,YKR009C,0,2.362773,0.2336217612028122,0.7559999823570251,0.24799999594688416
YBR139W,YPL128C,0,2.3626745,0.2335495799779892,0.7559999823570251,0.24809999763965607
YOL017W,YGL192W,0,2.3623273,0.23347745835781097,0.7559999823570251,0.24819999933242798
YLR276C,YDR022C,0,2.362299,0.23340536653995514,0.7559999823570251,0.2483000010251999
YFL003C,YPL283C,1,2.3616018,0.23364198207855225,0.7570000290870667,0.2483000010251999
YBL066C,YPL280W,0,2.361598,0.2335698902606964,0.7570000290870667,0.2484000027179718
YDL067C,YGR003W,0,2.3609102,0.23349784314632416,0.7570000290870667,0.2485000044107437
YDR379W,YKL196C,0,2.3604398,0.23342584073543549,0.7570000290870667,0.24860000610351562
YMR188C,YJR015W,0,2.3595054,0.2333538830280304,0.7570000290870667,0.24869999289512634
YHR101C,YPL018W,0,2.3581166,0.2332819700241089,0.7570000290870667,0.24879999458789825
YNL094W,YFL053W,0,2.3579602,0.23321010172367096,0.7570000290870667,0.24889999628067017
YLR115W,YDR011W,0,2.3579378,0.2331382781267166,0.7570000290870667,0.24899999797344208
YCR073C,YPL108W,0,2.3578663,0.23306649923324585,0.7570000290870667,0.249099999666214
YLR288C,YFR038W,1,2.3577895,0.2333025485277176,0.7580000162124634,0.249099999666214
YLR003C,YHR020W,0,2.3575733,0.23323076963424683,0.7580000162124634,0.2492000013589859
YFR006W,YDR382W,0,2.3553536,0.23315902054309845,0.7580000162124634,0.2493000030517578
YPL225W,YOR157C,0,2.3546515,0.23308733105659485,0.7580000162124634,0.24940000474452972
YDR108W,YLR246W,0,2.3531494,0.23301567137241364,0.7580000162124634,0.24950000643730164
YKL018W,YDR201W,0,2.3518314,0.2329440712928772,0.7580000162124634,0.24959999322891235
YJR131W,YDR283C,0,2.351247,0.23287250101566315,0.7580000162124634,0.24969999492168427
YPR201W,YDR299W,0,2.3502913,0.23280097544193268,0.7580000162124634,0.24979999661445618
YBR018C,YLR158C,0,2.3501706,0.23272950947284698,0.7580000162124634,0.2498999983072281
YLR424W,YMR322C,0,2.34938,0.23265807330608368,0.7580000162124634,0.25
YGL085W,YMR266W,0,2.3490655,0.23258668184280396,0.7580000162124634,0.2500999867916107
YDL003W,YCL061C,0,2.3489861,0.2325153350830078,0.7580000162124634,0.2502000033855438
YLR451W,YAL047C,0,2.3489847,0.23244403302669525,0.7580000162124634,0.25029999017715454
YLR011W,YLR362W,0,2.3480613,0.23237277567386627,0.7580000162124634,0.25040000677108765
YDL101C,YER038C,1,2.3477983,0.23260803520679474,0.7590000033378601,0.25040000677108765
YDR191W,YOR035C,0,2.3474615,0.23253676295280457,0.7590000033378601,0.25049999356269836
YML076C,YIL110W,0,2.3463888,0.23246555030345917,0.7590000033378601,0.25060001015663147
YJR158W,YER021W,0,2.3455544,0.23239436745643616,0.7590000033378601,0.2506999969482422
YHR079C-A,YLR418C,1,2.3454604,0.23262932896614075,0.7599999904632568,0.2506999969482422
YGR170W,YOL095C,0,2.3454149,0.23255814611911774,0.7599999904632568,0.2508000135421753
YPL132W,YGL196W,0,2.344915,0.23248699307441711,0.7599999904632568,0.250900000333786
YKL029C,YLR426W,0,2.3441896,0.23241589963436127,0.7599999904632568,0.25099998712539673
YJR117W,YPR131C,0,2.343308,0.232344850897789,0.7599999904632568,0.25110000371932983
YOR088W,YLR098C,0,2.3432918,0.23227383196353912,0.7599999904632568,0.25119999051094055
YIL147C,YOR014W,0,2.3426404,0.23220287263393402,0.7599999904632568,0.25130000710487366
YGL038C,YLL014W,0,2.342333,0.2321319431066513,0.7599999904632568,0.2513999938964844
YMR237W,YGR001C,0,2.3422754,0.23206107318401337,0.7599999904632568,0.2515000104904175
YOL034W,YMR001C,1,2.3417325,0.23229548335075378,0.7609999775886536,0.2515000104904175
YJL051W,YMR106C,1,2.3415084,0.23252975940704346,0.7620000243186951,0.2515000104904175
YLR061W,YHL017W,0,2.3410332,0.23245881497859955,0.7620000243186951,0.2515999972820282
YGL145W,YKR018C,0,2.3405604,0.23238793015480042,0.7620000243186951,0.2517000138759613
YMR016C,YCR024C,0,2.3404188,0.23231707513332367,0.7620000243186951,0.251800000667572
YDL012C,YGL048C,0,2.340418,0.2322462648153305,0.7620000243186951,0.25189998745918274
YPL145C,YIL127C,0,2.3403296,0.23217549920082092,0.7620000243186951,0.25200000405311584
YGR142W,YFL018W-A,0,2.339902,0.23210477828979492,0.7620000243186951,0.25209999084472656
YDR424C,YKR060W,0,2.3397534,0.2320341020822525,0.7620000243186951,0.25220000743865967
YDL135C,YIL067C,0,2.3391514,0.23196347057819366,0.7620000243186951,0.2522999942302704
YMR011W,YEL061C,0,2.3381197,0.2318928837776184,0.7620000243186951,0.2524000108242035
YJL179W,YOL044W,0,2.3380244,0.23182232677936554,0.7620000243186951,0.2524999976158142
YJL026W,YOL117W,0,2.337711,0.23175182938575745,0.7620000243186951,0.2526000142097473
YNL106C,YCL026C-A,0,2.337708,0.23168136179447174,0.7620000243186951,0.25270000100135803
YML009C,YDR367W,0,2.337284,0.23161093890666962,0.7620000243186951,0.25279998779296875
YDR163W,YOR348C,0,2.3370552,0.23154056072235107,0.7620000243186951,0.25290000438690186
YJL025W,YHL025W,0,2.3369699,0.2314702272415161,0.7620000243186951,0.2529999911785126
YOR278W,YCL057C-A,0,2.3355927,0.23139993846416473,0.7620000243186951,0.2531000077724457
YPR047W,YBR298C,0,2.3349614,0.23132969439029694,0.7620000243186951,0.2531999945640564
YJL212C,YDL191W,0,2.3346572,0.23125948011875153,0.7620000243186951,0.2533000111579895
YLR376C,YGR296W,1,2.3343606,0.23149271309375763,0.7630000114440918,0.2533000111579895
YPR114W,YJR135W-A,0,2.334291,0.23142249882221222,0.7630000114440918,0.2533999979496002
YIL072W,YOR157C,0,2.3341866,0.2313523292541504,0.7630000114440918,0.2535000145435333
YBR085W,YLR040C,0,2.3328285,0.23128220438957214,0.7630000114440918,0.25360000133514404
YJR135C,YNR069C,0,2.3321989,0.23121212422847748,0.7630000114440918,0.25369998812675476
YOR358W,YLR170C,0,2.3315554,0.2311420738697052,0.7630000114440918,0.25380000472068787
YHR070W,YJL203W,0,2.3313031,0.2310720831155777,0.7630000114440918,0.2538999915122986
YDR462W,YNL063W,0,2.3302183,0.23100212216377258,0.7630000114440918,0.2540000081062317
YBR028C,YDR127W,0,2.330172,0.23093220591545105,0.7630000114440918,0.2540999948978424
YDL109C,YER036C,0,2.3293614,0.2308623343706131,0.7630000114440918,0.2542000114917755
YML013W,YBL036C,0,2.329333,0.23079249262809753,0.7630000114440918,0.25429999828338623
YML126C,YOL100W,0,2.3293028,0.23072271049022675,0.7630000114440918,0.25440001487731934
YHR188C,YER053C,0,2.3287787,0.23065295815467834,0.7630000114440918,0.25450000166893005
YML023C,YJL173C,1,2.3287206,0.23088546097278595,0.7639999985694885,0.25450000166893005
YLR276C,YJR073C,0,2.328091,0.23081570863723755,0.7639999985694885,0.25459998846054077
YBR014C,YML047C,0,2.3278813,0.23074600100517273,0.7639999985694885,0.2547000050544739
YML055W,YCL044C,0,2.3274422,0.2306763231754303,0.7639999985694885,0.2547999918460846
YDL161W,YDR443C,0,2.3272698,0.23060670495033264,0.7639999985694885,0.2549000084400177
YDL214C,YPL275W,0,2.3272443,0.23053711652755737,0.7639999985694885,0.2549999952316284
YGL100W,YMR163C,0,2.3268147,0.23046757280826569,0.7639999985694885,0.2551000118255615
YJL100W,YOR033C,0,2.3265796,0.23039807379245758,0.7639999985694885,0.25519999861717224
YLR216C,YLR098C,0,2.3257947,0.23032860457897186,0.7639999985694885,0.25529998540878296
YML009C,YMR251W-A,0,2.3254533,0.23025919497013092,0.7639999985694885,0.25540000200271606
YML114C,YHL017W,0,2.3250046,0.23018981516361237,0.7639999985694885,0.2554999887943268
YMR001C,YPL022W,1,2.3244138,0.23042169213294983,0.7649999856948853,0.2554999887943268
YIL005W,YOR033C,0,2.3240323,0.23035229742527008,0.7649999856948853,0.2556000053882599
YDR013W,YPL177C,0,2.323588,0.2302829623222351,0.7649999856948853,0.2556999921798706
YHR090C,YPL192C,0,2.323485,0.23021365702152252,0.7649999856948853,0.2558000087738037
YOR284W,YGR166W,0,2.322877,0.2301444113254547,0.7649999856948853,0.25589999556541443
YOR368W,YHL024W,1,2.322637,0.23037594556808472,0.765999972820282,0.25589999556541443
YCL026C-A,YBR283C,0,2.322077,0.23030667006969452,0.765999972820282,0.25600001215934753
YHR090C,YPL190C,0,2.3216023,0.2302374541759491,0.765999972820282,0.25609999895095825
YGR138C,YJR065C,0,2.321121,0.23016826808452606,0.765999972820282,0.25619998574256897
YML023C,YMR167W,1,2.32076,0.23039951920509338,0.7670000195503235,0.25619998574256897
YLR426W,YBL025W,0,2.320638,0.23033033311367035,0.7670000195503235,0.2563000023365021
YLR066W,YKL221W,0,2.3199582,0.2302611768245697,0.7670000195503235,0.2563999891281128
YGR138C,YER086W,0,2.318612,0.23019208014011383,0.7670000195503235,0.2565000057220459
YPL135W,YLR205C,0,2.3186064,0.23012301325798035,0.7670000195503235,0.2565999925136566
YDR197W,YOR177C,0,2.318445,0.23005399107933044,0.7670000195503235,0.2567000091075897
YHR196W,YNL035C,0,2.3174481,0.22998501360416412,0.7670000195503235,0.25679999589920044
YIL087C,YGL045W,0,2.316349,0.2299160659313202,0.7670000195503235,0.25690001249313354
YPR151C,YIR021W,0,2.315441,0.22984716296195984,0.7670000195503235,0.25699999928474426
YPL016W,YPL207W,0,2.3145208,0.22977830469608307,0.7670000195503235,0.257099986076355
YGR075C,YDR507C,0,2.3130488,0.22970949113368988,0.7670000195503235,0.2572000026702881
YLL036C,YGL018C,0,2.3125968,0.22964072227478027,0.7670000195503235,0.2572999894618988
YDR359C,YJR108W,0,2.312284,0.22957198321819305,0.7670000195503235,0.2574000060558319
YER157W,YBR227C,0,2.3117719,0.22950328886508942,0.7670000195503235,0.2574999928474426
YLL023C,YFL025C,0,2.3115873,0.22943463921546936,0.7670000195503235,0.25760000944137573
YOL092W,YPL091W,0,2.310653,0.22936603426933289,0.7670000195503235,0.25769999623298645
YCR107W,YPR105C,0,2.3100867,0.2292974591255188,0.7670000195503235,0.25780001282691956
YKR099W,YDR540C,1,2.3098133,0.2295278012752533,0.7680000066757202,0.25780001282691956
YPL008W,YCR105W,0,2.309453,0.22945921123027802,0.7680000066757202,0.2578999996185303
YPL085W,YHL022C,0,2.3088207,0.2293906807899475,0.7680000066757202,0.257999986410141
YGL131C,YOR001W,0,2.308641,0.2293221801519394,0.7680000066757202,0.2581000030040741
YCR106W,YER026C,0,2.308556,0.22925372421741486,0.7680000066757202,0.2581999897956848
YNL116W,YKL107W,0,2.307965,0.2291853129863739,0.7680000066757202,0.2583000063896179
YBR189W,YOR246C,0,2.307551,0.22911694645881653,0.7680000066757202,0.25839999318122864
YMR130W,YCL050C,0,2.306924,0.22904860973358154,0.7680000066757202,0.25850000977516174
YER123W,YKL109W,0,2.3069146,0.22898031771183014,0.7680000066757202,0.25859999656677246
YCR068W,YJR002W,0,2.3064988,0.22891207039356232,0.7680000066757202,0.25870001316070557
YOR033C,YLR019W,0,2.3052044,0.22884386777877808,0.7680000066757202,0.2587999999523163
YDR363W-A,YFL025C,0,2.3037896,0.22877569496631622,0.7680000066757202,0.258899986743927
YPL144W,YHL009C,0,2.3033772,0.22870756685733795,0.7680000066757202,0.2590000033378601
YOR128C,YGL160W,0,2.303088,0.22863948345184326,0.7680000066757202,0.2590999901294708
YBL091C,YCL048W,0,2.3027344,0.22857142984867096,0.7680000066757202,0.25920000672340393
YFR055W,YOR144C,1,2.3026366,0.2288009524345398,0.7689999938011169,0.25920000672340393
YER015W,YHL003C,0,2.3025036,0.2287328988313675,0.7689999938011169,0.25929999351501465
YNL299W,YKL048C,0,2.3023558,0.22866488993167877,0.7689999938011169,0.25940001010894775
YDR111C,YOR375C,0,2.301193,0.22859691083431244,0.7689999938011169,0.25949999690055847
YDL159W,YLR001C,0,2.3009076,0.2285289764404297,0.7689999938011169,0.2596000134944916
YNL264C,YDL087C,0,2.3006277,0.22846108675003052,0.7689999938011169,0.2597000002861023
YHR194W,YGL001C,0,2.300609,0.22839322686195374,0.7689999938011169,0.259799987077713
YDL144C,YDR267C,0,2.300189,0.22832541167736053,0.7689999938011169,0.2599000036716461
YHR196W,YER091C,0,2.3000565,0.22825764119625092,0.7689999938011169,0.25999999046325684
YPR003C,YOR103C,0,2.2986383,0.22818991541862488,0.7689999938011169,0.26010000705718994
YPL189W,YGL028C,0,2.2983809,0.22812221944332123,0.7689999938011169,0.26019999384880066
YJL098W,YHR138C,0,2.2975667,0.22805456817150116,0.7689999938011169,0.26030001044273376
YDL112W,YOR295W,0,2.2965746,0.22798696160316467,0.7689999938011169,0.2603999972343445
YGL253W,YDL010W,0,2.295978,0.22791938483715057,0.7689999938011169,0.2605000138282776
YFR007W,YIL121W,0,2.2950099,0.22785185277462006,0.7689999938011169,0.2606000006198883
YEL001C,YML107C,0,2.2938423,0.22778436541557312,0.7689999938011169,0.260699987411499
YLR381W,YKR089C,0,2.2937207,0.22771690785884857,0.7689999938011169,0.26080000400543213
YDR004W,YKL011C,1,2.293202,0.22794553637504578,0.7699999809265137,0.26080000400543213
YDR242W,YLR377C,0,2.2913284,0.22787806391716003,0.7699999809265137,0.26089999079704285
YDR368W,YKL107W,0,2.289122,0.22781065106391907,0.7699999809265137,0.26100000739097595
YEL005C,YIL147C,0,2.2888894,0.2277432680130005,0.7699999809265137,0.26109999418258667
YPR056W,YNL278W,0,2.2886224,0.2276759296655655,0.7699999809265137,0.2612000107765198
YJL051W,YMR133W,1,2.2884243,0.22790423035621643,0.7710000276565552,0.2612000107765198
YCL057C-A,YGR035C,0,2.2879615,0.22783687710762024,0.7710000276565552,0.2612999975681305
YLR071C,YMR063W,0,2.2875082,0.22776956856250763,0.7710000276565552,0.2614000141620636
YBR229C,YML081W,0,2.2868652,0.2277023047208786,0.7710000276565552,0.2615000009536743
YPL234C,YNL216W,0,2.286338,0.22763507068157196,0.7710000276565552,0.26159998774528503
YFL026W,YDL031W,0,2.2849789,0.2275678813457489,0.7710000276565552,0.26170000433921814
YGR194C,YMR051C,0,2.2849073,0.22750073671340942,0.7710000276565552,0.26179999113082886
YHR150W,YJL026W,0,2.2844367,0.22743362188339233,0.7710000276565552,0.26190000772476196
YHR215W,YLR357W,0,2.284371,0.22736655175685883,0.7710000276565552,0.2619999945163727
YOR030W,YBR014C,0,2.284215,0.2272995263338089,0.7710000276565552,0.2621000111103058
YML086C,YDR248C,0,2.2836008,0.22723253071308136,0.7710000276565552,0.2621999979019165
YER054C,YBL045C,0,2.2820187,0.2271655797958374,0.7710000276565552,0.2623000144958496
YLR010C,YNL045W,0,2.2811484,0.22709867358207703,0.7710000276565552,0.2624000012874603
YDL058W,YKR079C,0,2.2809157,0.22703179717063904,0.7710000276565552,0.26249998807907104
YLR131C,YGL141W,0,2.2803836,0.22696496546268463,0.7710000276565552,0.26260000467300415
YGL086W,YHR108W,0,2.2803268,0.2268981784582138,0.7710000276565552,0.26269999146461487
YLR131C,YMR231W,0,2.28006,0.22683142125606537,0.7710000276565552,0.262800008058548
YML121W,YDR108W,0,2.2793586,0.2267647087574005,0.7710000276565552,0.2628999948501587
YER061C,YPL181W,0,2.278463,0.22669802606105804,0.7710000276565552,0.2630000114440918
YNL083W,YLR225C,0,2.2780209,0.22663138806819916,0.7710000276565552,0.2630999982357025
YJR105W,YOL075C,0,2.2776818,0.22656479477882385,0.7710000276565552,0.2632000148296356
YDL204W,YHL026C,0,2.2773006,0.22649823129177094,0.7710000276565552,0.26330000162124634
YGR165W,YPL224C,0,2.2757099,0.2264317125082016,0.7710000276565552,0.26339998841285706
YKL027W,YJL122W,0,2.2748938,0.22636523842811584,0.7710000276565552,0.26350000500679016
YOR100C,YGL231C,0,2.2737203,0.22629879415035248,0.7710000276565552,0.2635999917984009
YER031C,YAL061W,0,2.2735708,0.2262323945760727,0.7710000276565552,0.263700008392334
YCR106W,YBL027W,0,2.2728238,0.2261660248041153,0.7710000276565552,0.2637999951839447
YKL056C,YBL025W,0,2.272664,0.22609969973564148,0.7710000276565552,0.2639000117778778
YDR307W,YCR065W,0,2.2720394,0.22603341937065125,0.7710000276565552,0.2639999985694885
YER041W,YJR137C,0,2.271657,0.2259671688079834,0.7710000276565552,0.26409998536109924
YHR150W,YJR102C,0,2.271558,0.22590096294879913,0.7710000276565552,0.26420000195503235
YAR019C,YMR002W,0,2.2714143,0.22583480179309845,0.7710000276565552,0.26429998874664307
YER133W,YHR003C,0,2.271125,0.22576867043972015,0.7710000276565552,0.26440000534057617
YPL022W,YPR164W,1,2.2706192,0.22599531710147858,0.7720000147819519,0.26440000534057617
YDR362C,YPL016W,0,2.2695985,0.2259291708469391,0.7720000147819519,0.2644999921321869
YIL123W,YPL174C,0,2.2679965,0.22586308419704437,0.7720000147819519,0.26460000872612
YPR175W,YNL048W,0,2.2678668,0.22579701244831085,0.7720000147819519,0.2646999955177307
YKL100C,YGR260W,0,2.2676475,0.2257310003042221,0.7720000147819519,0.2648000121116638
YPL254W,YOR157C,0,2.2675982,0.22566500306129456,0.7720000147819519,0.26489999890327454
YNR024W,YNL152W,0,2.267242,0.22559906542301178,0.7720000147819519,0.26499998569488525
YDR155C,YHL026C,0,2.266029,0.2255331575870514,0.7720000147819519,0.26510000228881836
YPL194W,YPR164W,1,2.2656634,0.2257593423128128,0.7730000019073486,0.26510000228881836
YLR352W,YDL141W,0,2.2652943,0.22569343447685242,0.7730000019073486,0.2651999890804291
YJR110W,YHR020W,0,2.2639468,0.22562755644321442,0.7730000019073486,0.2653000056743622
YIL037C,YGR035C,0,2.2629416,0.22556172311306,0.7730000019073486,0.2653999924659729
YHL047C,YDL168W,0,2.261116,0.22549591958522797,0.7730000019073486,0.265500009059906
YOR026W,YLR037C,0,2.2610464,0.22543016076087952,0.7730000019073486,0.2655999958515167
YBR253W,YGR287C,0,2.2598429,0.22536443173885345,0.7730000019073486,0.26570001244544983
YER018C,YMR162C,0,2.258597,0.22529874742031097,0.7730000019073486,0.26579999923706055
YPR068C,YKL140W,0,2.2583709,0.22523309290409088,0.7730000019073486,0.26589998602867126
YDR342C,YHR003C,0,2.2579834,0.22516749799251556,0.7730000019073486,0.26600000262260437
YJR086W,YLR323C,0,2.257742,0.22510191798210144,0.7730000019073486,0.2660999894142151
YKR009C,YMR211W,0,2.2573414,0.2250363826751709,0.7730000019073486,0.2662000060081482
YOL012C,YGL011C,0,2.2569938,0.22497089207172394,0.7730000019073486,0.2662999927997589
YML087C,YGR058W,0,2.256085,0.22490544617176056,0.7730000019073486,0.266400009393692
YOL149W,YJR013W,0,2.2542372,0.22484003007411957,0.7730000019073486,0.26649999618530273
YML065W,YLR242C,0,2.2541761,0.22477464377880096,0.7730000019073486,0.26660001277923584
YLR032W,YBR296C,0,2.2534547,0.22470930218696594,0.7730000019073486,0.26669999957084656
YGL111W,YDR538W,0,2.2530463,0.2246440052986145,0.7730000019073486,0.2667999863624573
YJR158W,YOR369C,0,2.2527175,0.22457873821258545,0.7730000019073486,0.2669000029563904
YPR075C,YLR310C,0,2.2503505,0.22451350092887878,0.7730000019073486,0.2669999897480011
YPR108W,YMR059W,0,2.2501667,0.2244483232498169,0.7730000019073486,0.2671000063419342
YMR256C,YPR066W,0,2.2488809,0.2243831604719162,0.7730000019073486,0.2671999931335449
YBL080C,YOR344C,0,2.2486842,0.22431805729866028,0.7730000019073486,0.267300009727478
YDL180W,YNL148C,0,2.2482297,0.22425296902656555,0.7730000019073486,0.26739999651908875
YLR222C,YLL031C,0,2.2479515,0.2241879403591156,0.7730000019073486,0.26750001311302185
YNL041C,YOR315W,0,2.2477744,0.22412294149398804,0.7730000019073486,0.26759999990463257
YER087C-A,YMR230W,0,2.2467532,0.22405797243118286,0.7730000019073486,0.2676999866962433
YGL063W,YPR070W,0,2.2462425,0.22399304807186127,0.7730000019073486,0.2678000032901764
YOR131C,YBR132C,0,2.245833,0.22392815351486206,0.7730000019073486,0.2678999900817871
YNL194C,YDR213W,0,2.244403,0.22386330366134644,0.7730000019073486,0.2680000066757202
YDR302W,YPL268W,0,2.2441323,0.2237984985113144,0.7730000019073486,0.26809999346733093
YBL056W,YLR307W,0,2.2439332,0.22373372316360474,0.7730000019073486,0.26820001006126404
YMR044W,YER174C,0,2.2438338,0.22366897761821747,0.7730000019073486,0.26829999685287476
YFL003C,YOR141C,1,2.2426796,0.22389355301856995,0.7739999890327454,0.26829999685287476
YCR042C,YPL026C,0,2.2420473,0.22382880747318268,0.7739999890327454,0.26840001344680786
YHR026W,YDR408C,0,2.2414937,0.2237640917301178,0.7739999890327454,0.2685000002384186
YJL177W,YBR213W,0,2.2407045,0.2236994206905365,0.7739999890327454,0.2685999870300293
YDR216W,YDR107C,0,2.2405572,0.22363479435443878,0.7739999890327454,0.2687000036239624
YKL110C,YLR013W,0,2.240305,0.22357019782066345,0.7739999890327454,0.2687999904155731
YIL090W,YBR114W,0,2.2398424,0.2235056310892105,0.7739999890327454,0.2689000070095062
YHL019C,YDL119C,0,2.2390833,0.22344110906124115,0.7739999890327454,0.26899999380111694
YLR081W,YLR364W,0,2.2386892,0.22337661683559418,0.7739999890327454,0.26910001039505005
YLR207W,YNL308C,0,2.2386646,0.2233121693134308,0.7739999890327454,0.26919999718666077
YGR295C,YNL097C,0,2.2383935,0.22324776649475098,0.7739999890327454,0.26930001378059387
YMR058W,YPL270W,0,2.2375903,0.22318339347839355,0.7739999890327454,0.2694000005722046
YHR165C,YFR053C,0,2.2373366,0.22311905026435852,0.7739999890327454,0.2694999873638153
YOR256C,YML102W,0,2.237123,0.22305475175380707,0.7739999890327454,0.2696000039577484
YOR250C,YGR132C,0,2.2370505,0.2229904979467392,0.7739999890327454,0.26969999074935913
YAL041W,YIL160C,0,2.236459,0.2229262739419937,0.7739999890327454,0.26980000734329224
YJR067C,YLR307W,0,2.2353635,0.22286207973957062,0.7739999890327454,0.26989999413490295
YPL170W,YGR108W,0,2.2343714,0.2227979302406311,0.7739999890327454,0.27000001072883606
YFL050C,YJL035C,0,2.233654,0.22273381054401398,0.7739999890327454,0.2700999975204468
YDR545W,YJL208C,1,2.2327476,0.22295741736888885,0.7749999761581421,0.2700999975204468
YEL011W,YHR134W,0,2.2327337,0.22289329767227173,0.7749999761581421,0.2702000141143799
YOR087W,YPR046W,0,2.2324483,0.222829207777977,0.7749999761581421,0.2703000009059906
YCR072C,YOR069W,0,2.2324312,0.22276516258716583,0.7749999761581421,0.2703999876976013
YER109C,YDL223C,0,2.2320452,0.22270114719867706,0.7749999761581421,0.2705000042915344
YNL251C,YEL039C,0,2.2304053,0.22263717651367188,0.7749999761581421,0.27059999108314514
YOR150W,YDL030W,0,2.230376,0.22257323563098907,0.7749999761581421,0.27070000767707825
YMR190C,YGL250W,1,2.229345,0.22279644012451172,0.7760000228881836,0.27070000767707825
YIL031W,YGL234W,0,2.2289538,0.22273248434066772,0.7760000228881836,0.27079999446868896
YKL107W,YIR006C,0,2.2287073,0.2226685732603073,0.7760000228881836,0.27090001106262207
YER071C,YKL079W,0,2.2287023,0.22260470688343048,0.7760000228881836,0.2709999978542328
YJR067C,YHR158C,0,2.228578,0.22254087030887604,0.7760000228881836,0.2711000144481659
YER106W,YGL161C,0,2.228058,0.22247706353664398,0.7760000228881836,0.2712000012397766
YNL041C,YDL165W,0,2.2274141,0.2224133014678955,0.7760000228881836,0.27129998803138733
YDL194W,YMR198W,0,2.2274044,0.22234956920146942,0.7760000228881836,0.27140000462532043
YIL031W,YAL032C,0,2.2266784,0.22228588163852692,0.7760000228881836,0.27149999141693115
YML077W,YPL066W,0,2.2265053,0.2222222238779068,0.7760000228881836,0.27160000801086426
YGL249W,YPL152W,0,2.226264,0.22215859591960907,0.7760000228881836,0.271699994802475
YOR278W,YGR215W,0,2.2262175,0.22209501266479492,0.7760000228881836,0.2718000113964081
YKL183W,YER078C,0,2.2257128,0.22203147411346436,0.7760000228881836,0.2718999981880188
YPR068C,YMR086W,0,2.2239313,0.22196796536445618,0.7760000228881836,0.2720000147819519
YDR317W,YIL112W,0,2.2230737,0.22190448641777039,0.7760000228881836,0.2721000015735626
YNR061C,YBR302C,0,2.221952,0.22184105217456818,0.7760000228881836,0.27219998836517334
YCR042C,YIL131C,0,2.2212615,0.22177764773368835,0.7760000228881836,0.27230000495910645
YIR028W,YPL249C,0,2.2189488,0.22171428799629211,0.7760000228881836,0.27239999175071716
YLR421C,YBR156C,0,2.2186213,0.22165095806121826,0.7760000228881836,0.27250000834465027
YEL026W,YCL057C-A,0,2.2177722,0.2215876579284668,0.7760000228881836,0.272599995136261
YDL124W,YDR331W,0,2.2162256,0.2215244024991989,0.7760000228881836,0.2727000117301941
YHR181W,YDL102W,0,2.2159357,0.2214611917734146,0.7760000228881836,0.2727999985218048
YGR234W,YNL058C,0,2.2150433,0.2213979959487915,0.7760000228881836,0.2728999853134155
YLR388W,YMR086W,0,2.2147708,0.22133485972881317,0.7760000228881836,0.27300000190734863
YDR541C,YDL209C,0,2.2146554,0.22127173840999603,0.7760000228881836,0.27309998869895935
YLR408C,YDR297W,0,2.2142272,0.22120866179466248,0.7760000228881836,0.27320000529289246
YDR462W,YER184C,0,2.213201,0.2211456298828125,0.7760000228881836,0.2732999920845032
YFR040W,YGL032C,0,2.2120578,0.2210826277732849,0.7760000228881836,0.2734000086784363
YJL209W,YDR244W,0,2.2118237,0.2210196554660797,0.7760000228881836,0.273499995470047
YPL162C,YLL021W,0,2.2118163,0.2209567129611969,0.7760000228881836,0.2736000120639801
YGR156W,YMR011W,0,2.211546,0.22089383006095886,0.7760000228881836,0.2736999988555908
YPR003C,YNL116W,0,2.21132,0.22083096206188202,0.7760000228881836,0.27379998564720154
YFR007W,YOR017W,0,2.211141,0.22076813876628876,0.7760000228881836,0.27390000224113464
YCR054C,YEL071W,0,2.210956,0.22070534527301788,0.7760000228881836,0.27399998903274536
YJR025C,YDR259C,0,2.2106628,0.2206425964832306,0.7760000228881836,0.27410000562667847
YHR064C,YLL014W,0,2.2105384,0.22057987749576569,0.7760000228881836,0.2741999924182892
YCR016W,YKL069W,0,2.2102902,0.22051718831062317,0.7760000228881836,0.2743000090122223
YDR186C,YLR059C,0,2.209514,0.22045454382896423,0.7760000228881836,0.274399995803833
YNR061C,YDL230W,0,2.2089877,0.22039192914962769,0.7760000228881836,0.2745000123977661
YGL136C,YGL175C,0,2.2086182,0.22032935917377472,0.7760000228881836,0.27459999918937683
YJL127C,YDR400W,0,2.2072442,0.22026681900024414,0.7760000228881836,0.27469998598098755
YNL112W,YLL066C,0,2.2072344,0.22020430862903595,0.7760000228881836,0.27480000257492065
YCR089W,YPL108W,0,2.2038198,0.22014184296131134,0.7760000228881836,0.27489998936653137
YBR279W,YFR038W,1,2.2037272,0.22036302089691162,0.7770000100135803,0.27489998936653137
YJR132W,YDR093W,0,2.2036963,0.22030054032802582,0.7770000100135803,0.2750000059604645
YER148W,YPL009C,0,2.203562,0.2202380895614624,0.7770000100135803,0.2750999927520752
YGR163W,YLR142W,0,2.203485,0.22017568349838257,0.7770000100135803,0.2752000093460083
YDL153C,YHR023W,0,2.2034683,0.22011330723762512,0.7770000100135803,0.275299996137619
YMR125W,YBL008W,0,2.2029057,0.22005097568035126,0.7770000100135803,0.2754000127315521
YBR204C,YNL031C,0,2.2018778,0.21998867392539978,0.7770000100135803,0.27549999952316284
YKL211C,YPL209C,0,2.2017205,0.2199264019727707,0.7770000100135803,0.27559998631477356
YNL254C,YKL139W,0,2.2016304,0.21986417472362518,0.7770000100135803,0.27570000290870667
YBR297W,YIL062C,0,2.199711,0.21980197727680206,0.7770000100135803,0.2757999897003174
YIR010W,YGR277C,0,2.1989572,0.21973982453346252,0.7770000100135803,0.2759000062942505
YPL118W,YIL171W,0,2.1985142,0.21967768669128418,0.7770000100135803,0.2759999930858612
YER044C-A,YGL127C,1,2.1982684,0.2198982536792755,0.777999997138977,0.2759999930858612
YBR158W,YDR248C,0,2.1979918,0.21983611583709717,0.777999997138977,0.2761000096797943
YDR186C,YLR109W,0,2.197848,0.2197740077972412,0.777999997138977,0.27619999647140503
YER071C,YAL005C,0,2.1977525,0.21971194446086884,0.777999997138977,0.27630001306533813
YER038C,YML061C,1,2.1977272,0.21993224322795868,0.7789999842643738,0.27630001306533813
YLR352W,YCL040W,0,2.197715,0.2198701649904251,0.7789999842643738,0.27639999985694885
YLR310C,YOR372C,0,2.1976876,0.21980813145637512,0.7789999842643738,0.27649998664855957
YJL133W,YBR241C,0,2.1968486,0.21974612772464752,0.7789999842643738,0.2766000032424927
YLL054C,YOL094C,0,2.1968212,0.2196841537952423,0.7789999842643738,0.2766999900341034
YFR037C,YHR020W,0,2.1966214,0.21962220966815948,0.7789999842643738,0.2768000066280365
YLR210W,YBL040C,0,2.1965442,0.21956031024456024,0.7789999842643738,0.2768999934196472
YDR280W,YNL212W,0,2.19595,0.21949845552444458,0.7789999842643738,0.2770000100135803
YDL114W,YJL154C,0,2.1956706,0.2194366157054901,0.7789999842643738,0.27709999680519104
YPR151C,YMR012W,0,2.1944993,0.21937482059001923,0.7789999842643738,0.27720001339912415
YPL169C,YOL076W,0,2.1944969,0.21931307017803192,0.7789999842643738,0.27730000019073486
YNR055C,YHR020W,0,2.1940863,0.2192513346672058,0.7789999842643738,0.2773999869823456
YMR192W,YDR221W,0,2.1940684,0.21918964385986328,0.7789999842643738,0.2775000035762787
YLR467W,YPR164W,1,2.1921728,0.2194092869758606,0.7799999713897705,0.2775000035762787
YER044C-A,YEL019C,1,2.191195,0.21962879598140717,0.781000018119812,0.2775000035762787
YGR234W,YCR107W,0,2.1910238,0.21956704556941986,0.781000018119812,0.2775999903678894
YLR385C,YKR003W,0,2.189371,0.21950533986091614,0.781000018119812,0.2777000069618225
YDR079C-A,YPR120C,0,2.1880271,0.2194436639547348,0.781000018119812,0.2777999937534332
YCR003W,YBR065C,0,2.1878912,0.21938201785087585,0.781000018119812,0.27790001034736633
YCR044C,YLR405W,0,2.1878068,0.2193204164505005,0.781000018119812,0.27799999713897705
YAR066W,YGR049W,0,2.1873717,0.2192588448524475,0.781000018119812,0.27810001373291016
YPR075C,YIL064W,0,2.185886,0.21919730305671692,0.781000018119812,0.2782000005245209
YJL221C,YDR200C,0,2.185259,0.2191358059644699,0.781000018119812,0.2782999873161316
YIR003W,YEL013W,0,2.1838849,0.2190743386745453,0.781000018119812,0.2784000039100647
YIL007C,YEL048C,0,2.1837063,0.21901290118694305,0.781000018119812,0.2784999907016754
YBR107C,YDL087C,0,2.1834018,0.2189514935016632,0.781000018119812,0.2786000072956085
YCR092C,YOL068C,1,2.1833308,0.21917040646076202,0.7820000052452087,0.2786000072956085
YPL022W,YJL090C,1,2.1830897,0.2193891853094101,0.7829999923706055,0.2786000072956085
YCL027W,YPL045W,0,2.1830583,0.21932773292064667,0.7829999923706055,0.27869999408721924
YNR069C,YGR181W,0,2.1818047,0.21926631033420563,0.7829999923706055,0.27880001068115234
YHR181W,YOR033C,0,2.1813412,0.21920493245124817,0.7829999923706055,0.27889999747276306
YBR205W,YGR096W,0,2.1799908,0.2191435694694519,0.7829999923706055,0.27900001406669617
YEL058W,YNL061W,0,2.1795683,0.21908226609230042,0.7829999923706055,0.2791000008583069
YDR440W,YOL068C,1,2.1795368,0.21930070221424103,0.7839999794960022,0.2791000008583069
YOL007C,YML027W,0,2.1783042,0.21923936903476715,0.7839999794960022,0.2791999876499176
YHR136C,YHR178W,0,2.1780734,0.21917808055877686,0.7839999794960022,0.2793000042438507
YGL207W,YPR054W,0,2.1779332,0.21911682188510895,0.7839999794960022,0.2793999910354614
YDL058W,YEL002C,0,2.177423,0.21905560791492462,0.7839999794960022,0.27950000762939453
YLR015W,YHR009C,0,2.1771276,0.2189944088459015,0.7839999794960022,0.27959999442100525
YDL119C,YOR265W,0,2.176058,0.21893325448036194,0.7839999794960022,0.27970001101493835
YNL299W,YLR170C,0,2.1758554,0.21887214481830597,0.7839999794960022,0.2797999978065491
YDR352W,YML063W,0,2.1737876,0.2188110500574112,0.7839999794960022,0.2799000144004822
YIR031C,YMR104C,0,2.1734576,0.21875,0.7839999794960022,0.2800000011920929
YGR125W,YOR131C,0,2.172924,0.2186889797449112,0.7839999794960022,0.2800999879837036
YDL079C,YPL239W,0,2.172137,0.21862800419330597,0.7839999794960022,0.2802000045776367
YIL072W,YPR058W,0,2.1721,0.21856704354286194,0.7839999794960022,0.28029999136924744
YKL025C,YPR161C,0,2.1714892,0.2185061275959015,0.7839999794960022,0.28040000796318054
YJL219W,YDR486C,0,2.1707535,0.21844525635242462,0.7839999794960022,0.28049999475479126
YDL080C,YPL258C,0,2.1699233,0.21838440001010895,0.7839999794960022,0.28060001134872437
YPR095C,YPL234C,0,2.1698403,0.21832358837127686,0.7839999794960022,0.2806999981403351
YIL129C,YGR057C,0,2.1683416,0.21826280653476715,0.7839999794960022,0.2808000147342682
YDR316W,YNL111C,0,2.167965,0.21820205450057983,0.7839999794960022,0.2809000015258789
YML066C,YDR003W,0,2.1678672,0.2181413471698761,0.7839999794960022,0.2809999883174896
YLR421C,YAL011W,0,2.1666222,0.21808066964149475,0.7839999794960022,0.28110000491142273
YJL003W,YGL155W,0,2.165952,0.2180200219154358,0.7839999794960022,0.28119999170303345
YCR097W,YPL013C,0,2.1658068,0.21795940399169922,0.7839999794960022,0.28130000829696655
YER054C,YIR004W,0,2.1656933,0.21789883077144623,0.7839999794960022,0.28139999508857727
YKR093W,YJL168C,0,2.1641567,0.21783828735351562,0.7839999794960022,0.2815000116825104
YDR488C,YEL003W,0,2.1632423,0.2177777737379074,0.7839999794960022,0.2815999984741211
YMR268C,YFL044C,0,2.1628554,0.21771730482578278,0.7839999794960022,0.2816999852657318
YGR026W,YHR201C,0,2.1626678,0.21765685081481934,0.7839999794960022,0.2818000018596649
YMR056C,YDR359C,0,2.162136,0.21759644150733948,0.7839999794960022,0.28189998865127563
YGL005C,YBR201W,0,2.1620073,0.2175360769033432,0.7839999794960022,0.28200000524520874
YJL106W,YCR024C-A,0,2.161244,0.21747572720050812,0.7839999794960022,0.28209999203681946
YDR051C,YGL246C,0,2.1612215,0.21741542220115662,0.7839999794960022,0.28220000863075256
YGR057C,YGR138C,0,2.1608794,0.2173551470041275,0.7839999794960022,0.2822999954223633
YMR056C,YCL054W,0,2.1600497,0.21729490160942078,0.7839999794960022,0.2824000120162964
YDL101C,YBR228W,1,2.1585755,0.21751177310943604,0.7850000262260437,0.2824000120162964
YMR029C,YNR075W,0,2.1581097,0.2174515277147293,0.7850000262260437,0.2824999988079071
YJL148W,YLR019W,0,2.1578472,0.21739129722118378,0.7850000262260437,0.2825999855995178
YDR478W,YML013W,0,2.1570678,0.21733111143112183,0.7850000262260437,0.2827000021934509
YGL205W,YLR201C,0,2.1568458,0.21727097034454346,0.7850000262260437,0.28279998898506165
YHL015W,YBR203W,0,2.1568172,0.21721084415912628,0.7850000262260437,0.28290000557899475
YDL082W,YJR150C,0,2.1562257,0.2171507626771927,0.7850000262260437,0.28299999237060547
YPL086C,YLR318W,0,2.1561227,0.21709071099758148,0.7850000262260437,0.2831000089645386
YPL187W,YPL211W,0,2.1561098,0.21703068912029266,0.7850000262260437,0.2831999957561493
YER081W,YIL117C,0,2.1560543,0.21697069704532623,0.7850000262260437,0.2833000123500824
YHR167W,YKL113C,1,2.1548905,0.2171870619058609,0.7860000133514404,0.2833000123500824
YLR249W,YFL061W,0,2.1548076,0.21712706983089447,0.7860000133514404,0.2833999991416931
YOR144C,YLR418C,1,2.1539133,0.217343270778656,0.7870000004768372,0.2833999991416931
YNL126W,YML127W,0,2.1527934,0.21728326380252838,0.7870000004768372,0.28349998593330383
YBL091C,YPR054W,0,2.1514897,0.21722330152988434,0.7870000004768372,0.28360000252723694
YGL087C,YDL119C,0,2.1512861,0.2171633541584015,0.7870000004768372,0.28369998931884766
YLR071C,YER129W,0,2.1505685,0.21710345149040222,0.7870000004768372,0.28380000591278076
YFL044C,YBR180W,0,2.150385,0.21704357862472534,0.7870000004768372,0.2838999927043915
YGR161C,YDL108W,0,2.1497445,0.21698373556137085,0.7870000004768372,0.2840000092983246
YCR047C,YHL022C,0,2.1497092,0.21692392230033875,0.7870000004768372,0.2840999960899353
YOR368W,YNL139C,1,2.1495605,0.21713970601558685,0.7879999876022339,0.2840999960899353
YLR432W,YNL311C,0,2.1487365,0.21707989275455475,0.7879999876022339,0.2842000126838684
YLL054C,YGL226W,0,2.1476564,0.21702010929584503,0.7879999876022339,0.2842999994754791
YBR254C,YGR274C,0,2.147148,0.2169603556394577,0.7879999876022339,0.28439998626708984
YLR100W,YLR102C,0,2.1452048,0.21690063178539276,0.7879999876022339,0.28450000286102295
YMR289W,YOR173W,0,2.1433752,0.2168409526348114,0.7879999876022339,0.28459998965263367
YLR263W,YOL006C,1,2.1426773,0.21705639362335205,0.7889999747276306,0.28459998965263367
YDL207W,YLR116W,0,2.1422207,0.2169966995716095,0.7889999747276306,0.2847000062465668
YLR433C,YMR220W,0,2.142204,0.21693703532218933,0.7889999747276306,0.2847999930381775
YPL266W,YGL184C,0,2.1409438,0.21687740087509155,0.7889999747276306,0.2849000096321106
YOR389W,YNL321W,0,2.140499,0.21681781113147736,0.7889999747276306,0.2849999964237213
YPR168W,YDR432W,0,2.1401522,0.21675823628902435,0.7889999747276306,0.2851000130176544
YJR073C,YLL057C,0,2.1388443,0.21669870615005493,0.7889999747276306,0.28519999980926514
YOR298C-A,YDR184C,0,2.138211,0.2166392058134079,0.7889999747276306,0.28529998660087585
YJL036W,YEL018W,0,2.137968,0.21657973527908325,0.7889999747276306,0.28540000319480896
YGR205W,YER031C,0,2.1376882,0.2165203094482422,0.7889999747276306,0.2854999899864197
YPR185W,YGR266W,0,2.1373563,0.21646089851856232,0.7889999747276306,0.2856000065803528
YGL207W,YJL035C,0,2.137056,0.21640153229236603,0.7889999747276306,0.2856999933719635
YPL116W,YIL109C,0,2.136931,0.21634219586849213,0.7889999747276306,0.2858000099658966
YML104C,YDR536W,0,2.1367183,0.2162828892469406,0.7889999747276306,0.2858999967575073
YJL197W,YHR003C,0,2.1362548,0.21622362732887268,0.7889999747276306,0.28600001335144043
YKL218C,YMR278W,0,2.136217,0.21616438031196594,0.7889999747276306,0.28610000014305115
YDR219C,YJL151C,0,2.1340222,0.21610517799854279,0.7889999747276306,0.28619998693466187
YLL005C,YPR070W,0,2.1338432,0.21604600548744202,0.7889999747276306,0.28630000352859497
YIL107C,YHL047C,0,2.1336107,0.21598686277866364,0.7889999747276306,0.2863999903202057
YIL162W,YPR005C,0,2.1332169,0.21592774987220764,0.7889999747276306,0.2865000069141388
YER114C,YOR334W,0,2.1332164,0.21586866676807404,0.7889999747276306,0.2865999937057495
YBR268W,YDL056W,0,2.1331909,0.215809628367424,0.7889999747276306,0.2867000102996826
YIL099W,YKR009C,0,2.1323113,0.21575061976909637,0.7889999747276306,0.28679999709129333
YDL138W,YBL054W,0,2.1301188,0.21569164097309113,0.7889999747276306,0.28690001368522644
YFL049W,YMR293C,0,2.1297274,0.21563269197940826,0.7889999747276306,0.28700000047683716
YPL271W,YHR044C,0,2.1283877,0.2155737727880478,0.7889999747276306,0.2870999872684479
YDR127W,YMR086W,0,2.1282535,0.2155148833990097,0.7889999747276306,0.287200003862381
YOR067C,YKR052C,0,2.1275706,0.2154560387134552,0.7889999747276306,0.2872999906539917
YBR237W,YDR279W,0,2.1271658,0.2153972089290619,0.7889999747276306,0.2874000072479248
YMR277W,YMR048W,0,2.126665,0.21533842384815216,0.7889999747276306,0.2874999940395355
YDL145C,YPR063C,0,2.1265645,0.21527966856956482,0.7889999747276306,0.28760001063346863
YKL113C,YOR141C,1,2.126259,0.21549372375011444,0.7900000214576721,0.28760001063346863
YOR113W,YJR093C,0,2.1249633,0.2154349535703659,0.7900000214576721,0.28769999742507935
YKL220C,YBR299W,0,2.1245086,0.21537622809410095,0.7900000214576721,0.28780001401901245
YDR005C,YBR028C,0,2.1243026,0.2153175324201584,0.7900000214576721,0.28790000081062317
YOR228C,YNL181W,0,2.1242936,0.21525885164737701,0.7900000214576721,0.2879999876022339
YGL053W,YHR183W,0,2.1236658,0.21520021557807922,0.7900000214576721,0.288100004196167
YDR191W,YNL265C,0,2.123361,0.21514160931110382,0.7900000214576721,0.2881999909877777
YGR205W,YDL235C,0,2.122208,0.2150830328464508,0.7900000214576721,0.2883000075817108
YLR411W,YJL072C,0,2.1192763,0.21502450108528137,0.7900000214576721,0.28839999437332153
YFL036W,YER033C,0,2.1191127,0.21496598422527313,0.7900000214576721,0.28850001096725464
YDR430C,YGL106W,0,2.1182258,0.21490751206874847,0.7900000214576721,0.28859999775886536
YJR131W,YJL069C,0,2.1178768,0.214849054813385,0.7900000214576721,0.28870001435279846
YHR101C,YHR076W,0,2.1170874,0.21479064226150513,0.7900000214576721,0.2888000011444092
YDR210W,YGL115W,0,2.1167524,0.21473225951194763,0.7900000214576721,0.2888999879360199
YFL049W,YGL150C,0,2.1146648,0.21467390656471252,0.7900000214576721,0.289000004529953
YJR046W,YLL022C,0,2.1134617,0.214615598320961,0.7900000214576721,0.2890999913215637
YPL233W,YPL256C,0,2.1132333,0.21455730497837067,0.7900000214576721,0.2892000079154968
YPL089C,YPL192C,0,2.1129544,0.21449905633926392,0.7900000214576721,0.28929999470710754
YJL074C,YER006W,0,2.112549,0.21444082260131836,0.7900000214576721,0.28940001130104065
YOL138C,YOR319W,0,2.1124403,0.21438263356685638,0.7900000214576721,0.28949999809265137
YIL158W,YJL057C,0,2.1122715,0.2143244743347168,0.7900000214576721,0.2896000146865845
YNL128W,YNL061W,0,2.111342,0.2142663449048996,0.7900000214576721,0.2897000014781952
YCL038C,YDR289C,0,2.111209,0.21420824527740479,0.7900000214576721,0.2897999882698059
YLR190W,YDR141C,0,2.111137,0.21415017545223236,0.7900000214576721,0.289900004863739
YBR233W-A,YGR104C,0,2.1109421,0.21409213542938232,0.7900000214576721,0.28999999165534973
YDR478W,YML038C,0,2.110825,0.21403414011001587,0.7900000214576721,0.29010000824928284
YDL008W,YEL063C,0,2.110414,0.2139761596918106,0.7900000214576721,0.29019999504089355
YER140W,YCR008W,0,2.1092854,0.21391822397708893,0.7900000214576721,0.29030001163482666
YNL136W,YLR310C,0,2.107809,0.21386031806468964,0.7900000214576721,0.2903999984264374
YOL098C,YJL170C,0,2.1076307,0.21380244195461273,0.7900000214576721,0.2904999852180481
YBR050C,YOL049W,0,2.1071014,0.21374459564685822,0.7900000214576721,0.2906000018119812
YNL246W,YER178W,0,2.1070163,0.2136867791414261,0.7900000214576721,0.2906999886035919
YDL065C,YOR306C,0,2.106412,0.21362899243831635,0.7900000214576721,0.290800005197525
YMR047C,YER111C,0,2.1063447,0.213571235537529,0.7900000214576721,0.29089999198913574
YIR010W,YBL003C,0,2.105891,0.21351350843906403,0.7900000214576721,0.29100000858306885
YJL008C,YLR013W,0,2.1054897,0.21345582604408264,0.7900000214576721,0.29109999537467957
YBR204C,YFR009W,0,2.1049514,0.21339815855026245,0.7900000214576721,0.29120001196861267
YNL083W,YLR102C,0,2.1044612,0.21334053575992584,0.7900000214576721,0.2912999987602234
YPL133C,YGL185C,0,2.101559,0.21328294277191162,0.7900000214576721,0.2913999855518341
YNL279W,YIL039W,0,2.1007555,0.2132253646850586,0.7900000214576721,0.2915000021457672
YFL044C,YGR261C,0,2.099931,0.21316783130168915,0.7900000214576721,0.29159998893737793
YDR393W,YDL018C,0,2.0986288,0.2131103277206421,0.7900000214576721,0.29170000553131104
YIL037C,YDR388W,0,2.097515,0.21305285394191742,0.7900000214576721,0.29179999232292175
YPR042C,YHR009C,0,2.0974052,0.21299540996551514,0.7900000214576721,0.29190000891685486
YNL088W,YDR386W,1,2.0973344,0.21320754289627075,0.7910000085830688,0.29190000891685486
YPR075C,YJL045W,0,2.095008,0.21315009891986847,0.7910000085830688,0.2919999957084656
YPR107C,YHL025W,0,2.0940504,0.21309266984462738,0.7910000085830688,0.2921000123023987
YFR037C,YBL036C,0,2.09378,0.21303528547286987,0.7910000085830688,0.2921999990940094
YPR108W,YDL210W,0,2.0931187,0.21297791600227356,0.7910000085830688,0.2922999858856201
YDL207W,YDR367W,0,2.0928235,0.21292059123516083,0.7910000085830688,0.2924000024795532
YJR113C,YLR362W,0,2.0923104,0.21286329627037048,0.7910000085830688,0.29249998927116394
YBR302C,YCR005C,0,2.0916815,0.21280603110790253,0.7910000085830688,0.29260000586509705
YNL039W,YMR068W,0,2.091508,0.21274879574775696,0.7910000085830688,0.29269999265670776
YCR044C,YNL115C,0,2.0912833,0.21269159018993378,0.7910000085830688,0.29280000925064087
YPL281C,YBL061C,0,2.0909772,0.21263441443443298,0.7910000085830688,0.2928999960422516
YHR206W,YKR034W,0,2.0905309,0.21257726848125458,0.7910000085830688,0.2930000126361847
YPR029C,YNL148C,0,2.088958,0.21252015233039856,0.7910000085830688,0.2930999994277954
YML023C,YBR160W,1,2.0880241,0.21273167431354523,0.7919999957084656,0.2930999994277954
YMR190C,YPL017C,1,2.0878155,0.21294307708740234,0.7929999828338623,0.2930999994277954
YNL197C,YIL107C,0,2.0874867,0.21288590133190155,0.7929999828338623,0.29319998621940613
YLR121C,YHR104W,0,2.0867424,0.21282877027988434,0.7929999828338623,0.29330000281333923
YOR273C,YDL130W,0,2.0862648,0.21277166903018951,0.7929999828338623,0.29339998960494995
YPL187W,YNL246W,0,2.0851,0.21271459758281708,0.7929999828338623,0.29350000619888306
YOR129C,YKL183W,0,2.0846958,0.21265755593776703,0.7929999828338623,0.2935999929904938
YGL145W,YNL206C,0,2.0840187,0.21260052919387817,0.7929999828338623,0.2937000095844269
YDL165W,YEL016C,0,2.0832992,0.2125435471534729,0.7929999828338623,0.2937999963760376
YMR101C,YGL142C,0,2.0827699,0.21248659491539001,0.7929999828338623,0.2939000129699707
YBR153W,YJR010C-A,0,2.081985,0.2124296873807907,0.7929999828338623,0.2939999997615814
YCR039C,YDR356W,0,2.0808518,0.2123727947473526,0.7929999828338623,0.29409998655319214
YHR176W,YML034W,0,2.0794272,0.21231593191623688,0.7929999828338623,0.29420000314712524
YLL053C,YOR080W,0,2.079297,0.21225909888744354,0.7929999828338623,0.29429998993873596
YOR047C,YIL091C,0,2.0787592,0.2122022956609726,0.7929999828338623,0.29440000653266907
YML011C,YPL159C,0,2.0779595,0.21214553713798523,0.7929999828338623,0.2944999933242798
YLR283W,YGL166W,0,2.0775342,0.21208879351615906,0.7929999828338623,0.2946000099182129
YDR018C,YBR298C,0,2.0775166,0.21203207969665527,0.7929999828338623,0.2946999967098236
YHR152W,YDR326C,0,2.0767403,0.21197541058063507,0.7929999828338623,0.2948000133037567
YDR074W,YBR235W,0,2.0762508,0.21191875636577606,0.7929999828338623,0.29490000009536743
YBR070C,YDR163W,0,2.076216,0.21186214685440063,0.7929999828338623,0.29499998688697815
YJL209W,YHR070W,0,2.075847,0.2118055522441864,0.7929999828338623,0.29510000348091125
YGR205W,YEL047C,0,2.074768,0.21174900233745575,0.7929999828338623,0.295199990272522
YCR028C-A,YPL193W,0,2.0742812,0.2116924673318863,0.7929999828338623,0.2953000068664551
YPL164C,YFR055W,1,2.0740185,0.21190285682678223,0.7940000295639038,0.2953000068664551
YBR175W,YCL020W,0,2.07392,0.21184632182121277,0.7940000295639038,0.2953999936580658
YDL042C,YIL009C-A,0,2.0733523,0.2117898166179657,0.7940000295639038,0.2955000102519989
YIL099W,YHR089C,0,2.0730958,0.21173332631587982,0.7940000295639038,0.2955999970436096
YDL181W,YPL051W,0,2.072021,0.21167688071727753,0.7940000295639038,0.2957000136375427
YGR296W,YOR141C,1,2.0711062,0.21188698709011078,0.7950000166893005,0.2957000136375427
YMR167W,YLR466W,1,2.070692,0.21209698915481567,0.7960000038146973,0.2957000136375427
YIR023W,YDL103C,0,2.0697956,0.2120404839515686,0.7960000038146973,0.29580000042915344
YPL100W,YDR019C,0,2.0679812,0.21198402345180511,0.7960000038146973,0.29589998722076416
YDR088C,YMR283C,0,2.0674512,0.21192757785320282,0.7960000038146973,0.29600000381469727
YLR143W,YPL115C,0,2.0673761,0.2118711769580841,0.7960000038146973,0.296099990606308
YJL123C,YPL072W,0,2.0671988,0.2118147909641266,0.7960000038146973,0.2962000072002411
YDR054C,YJR150C,0,2.0671484,0.21175844967365265,0.7960000038146973,0.2962999939918518
YPR016C,YKR018C,0,2.0670776,0.2117021232843399,0.7960000038146973,0.2964000105857849
YMR131C,YOL076W,0,2.0665066,0.21164584159851074,0.7960000038146973,0.29649999737739563
YIR013C,YBR272C,0,2.0664394,0.21158957481384277,0.7960000038146973,0.29660001397132874
YGR123C,YPR148C,0,2.0662427,0.2115333527326584,0.7960000038146973,0.29670000076293945
YKR095W-A,YJR019C,0,2.0661497,0.2114771455526352,0.7960000038146973,0.29679998755455017
YML088W,YJR066W,0,2.065637,0.21142098307609558,0.7960000038146973,0.2969000041484833
YMR119W,YFL056C,0,2.0654602,0.21136485040187836,0.7960000038146973,0.296999990940094
YMR149W,YCL061C,0,2.0646625,0.21130873262882233,0.7960000038146973,0.2971000075340271
YDL002C,YFL052W,0,2.0644667,0.21125265955924988,0.7960000038146973,0.2971999943256378
YBR094W,YCR091W,0,2.0625553,0.21119660139083862,0.7960000038146973,0.2973000109195709
YCR009C,YIL087C,0,2.0624256,0.21114058792591095,0.7960000038146973,0.29739999771118164
YDL164C,YML061C,1,2.0623312,0.21134977042675018,0.796999990940094,0.29739999771118164
YGL098W,YPR174C,0,2.0615249,0.21129374206066132,0.796999990940094,0.29750001430511475
YOR066W,YCL066W,0,2.0613663,0.21123774349689484,0.796999990940094,0.29760000109672546
YBR036C,YGL013C,0,2.0613663,0.21118177473545074,0.796999990940094,0.2976999878883362
YIL064W,YGR181W,0,2.0604668,0.21112582087516785,0.796999990940094,0.2978000044822693
YCL066W,YBL008W,0,2.0603044,0.21106991171836853,0.796999990940094,0.29789999127388
YPL015C,YPL164C,1,2.0600128,0.2112787961959839,0.7979999780654907,0.29789999127388
YOL039W,YOR246C,0,2.0589404,0.21122287213802338,0.7979999780654907,0.2980000078678131
YJL106W,YJR064W,0,2.0588267,0.21116697788238525,0.7979999780654907,0.29809999465942383
YBR152W,YNL071W,0,2.0588226,0.21111111342906952,0.7979999780654907,0.29820001125335693
YCL064C,YPL172C,0,2.0585487,0.21105527877807617,0.7979999780654907,0.29829999804496765
YER106W,YKL178C,0,2.0584173,0.2109994739294052,0.7979999780654907,0.29840001463890076
YHR123W,YKL112W,0,2.057672,0.21094369888305664,0.7979999780654907,0.2985000014305115
YDR237W,YMR048W,0,2.057314,0.21088795363903046,0.7979999780654907,0.2985999882221222
YGR060W,YOR288C,0,2.057148,0.21083223819732666,0.7979999780654907,0.2987000048160553
YLR327C,YLL022C,0,2.0561829,0.21077655255794525,0.7979999780654907,0.298799991607666
YOR119C,YCR086W,0,2.056017,0.21072088181972504,0.7979999780654907,0.2989000082015991
YDR363W,YOR337W,0,2.0551686,0.2106652557849884,0.7979999780654907,0.29899999499320984
YLR001C,YHR080C,0,2.053785,0.21060965955257416,0.7979999780654907,0.29910001158714294
YER018C,YJL156C,0,2.0533075,0.2105540931224823,0.7979999780654907,0.29919999837875366
YDR529C,YLL057C,0,2.0521605,0.21049855649471283,0.7979999780654907,0.2992999851703644
YLR095C,YEL065W,0,2.0518982,0.21044303476810455,0.7979999780654907,0.2994000017642975
YCR094W,YJL013C,0,2.0514326,0.21038755774497986,0.7979999780654907,0.2994999885559082
YMR190C,YLR376C,1,2.051314,0.21059568226337433,0.7990000247955322,0.2994999885559082
YBR210W,YEL064C,0,2.049933,0.21054019033908844,0.7990000247955322,0.2996000051498413
YDL044C,YBR198C,0,2.0498466,0.21048471331596375,0.7990000247955322,0.299699991941452
YDR213W,YML026C,0,2.04932,0.21042928099632263,0.7990000247955322,0.29980000853538513
YBR191W,YOR127W,0,2.0491076,0.2103738784790039,0.7990000247955322,0.29989999532699585
YJL046W,YJL050W,0,2.048994,0.21031850576400757,0.7990000247955322,0.30000001192092896
YCL017C,YPL130W,0,2.0483236,0.21026316285133362,0.7990000247955322,0.3000999987125397
YPL017C,YDR288W,1,2.047604,0.21047092974185944,0.800000011920929,0.3000999987125397
YHL006C,YLR007W,1,2.0473986,0.2106785923242569,0.8009999990463257,0.3000999987125397
YNL088W,YEL019C,1,2.0473695,0.2108861356973648,0.8019999861717224,0.3000999987125397
YOL020W,YNL115C,0,2.0473356,0.2108307033777237,0.8019999861717224,0.3001999855041504
YOR117W,YNR008W,0,2.0472453,0.21077530086040497,0.8019999861717224,0.3003000020980835
YFR024C,YER062C,0,2.0468006,0.21071991324424744,0.8019999861717224,0.3003999888896942
YPL072W,YMR002W,0,2.0459766,0.2106645703315735,0.8019999861717224,0.3005000054836273
YNL279W,YIR007W,0,2.0433054,0.21060924232006073,0.8019999861717224,0.30059999227523804
YER106W,YLR449W,0,2.0426388,0.21055394411087036,0.8019999861717224,0.30070000886917114
YLR055C,YMR104C,0,2.0412693,0.21049869060516357,0.8019999861717224,0.30079999566078186
YIL119C,YGL147C,0,2.0408995,0.21044345200061798,0.8019999861717224,0.30090001225471497
YDL003W,YML131W,0,2.0408802,0.21038824319839478,0.8019999861717224,0.3009999990463257
YMR234W,YGL003C,0,2.0400753,0.21033306419849396,0.8019999861717224,0.3010999858379364
YDR485C,YLR297W,0,2.0400283,0.21027792990207672,0.8019999861717224,0.3012000024318695
YGL246C,YHR009C,0,2.0395465,0.21022281050682068,0.8019999861717224,0.3012999892234802
YOL092W,YDR242W,0,2.0394745,0.21016772091388702,0.8019999861717224,0.30140000581741333
YNL305C,YOR303W,0,2.0391767,0.21011266112327576,0.8019999861717224,0.30149999260902405
YNR030W,YGL224C,0,2.038943,0.21005761623382568,0.8019999861717224,0.30160000920295715
YBR083W,YAL048C,0,2.0384455,0.2100026160478592,0.8019999861717224,0.30169999599456787
YPL225W,YDR194C,0,2.0376556,0.2099476456642151,0.8019999861717224,0.301800012588501
YKR095W,YPL018W,0,2.0375404,0.20989270508289337,0.8019999861717224,0.3018999993801117
YKR072C,YEL003W,0,2.0356524,0.20983777940273285,0.8019999861717224,0.3019999861717224
YPL032C,YDR464W,0,2.0351384,0.2097828984260559,0.8019999861717224,0.3021000027656555
YKR096W,YGR001C,0,2.0350199,0.20972803235054016,0.8019999861717224,0.30219998955726624
YDR301W,YPL212C,0,2.0348494,0.2096731960773468,0.8019999861717224,0.30230000615119934
YBR158W,YCR091W,0,2.0343099,0.20961840450763702,0.8019999861717224,0.30239999294281006
YLL013C,YIL017C,0,2.034307,0.20956362783908844,0.8019999861717224,0.30250000953674316
YBR289W,YBL099W,0,2.0342796,0.20950888097286224,0.8019999861717224,0.3025999963283539
YLR363C,YGR181W,0,2.0337648,0.20945416390895844,0.8019999861717224,0.302700012922287
YLR277C,YDL093W,0,2.0335493,0.20939947664737701,0.8019999861717224,0.3027999997138977
YFL035C-B,YJR052W,0,2.0332885,0.20934481918811798,0.8019999861717224,0.3028999865055084
YPR120C,YDR407C,0,2.0326607,0.20929019153118134,0.8019999861717224,0.30300000309944153
YKL040C,YLR127C,0,2.0322523,0.20923557877540588,0.8019999861717224,0.30309998989105225
YDL012C,YFL029C,0,2.0308008,0.209181010723114,0.8019999861717224,0.30320000648498535
YLR086W,YOR117W,0,2.0306032,0.20912647247314453,0.8019999861717224,0.30329999327659607
YPL194W,YKL113C,1,2.0305383,0.2093326449394226,0.8029999732971191,0.30329999327659607
YOR228C,YGR029W,0,2.0294201,0.20927807688713074,0.8029999732971191,0.3034000098705292
YOR039W,YFL034C-A,0,2.0292542,0.20922355353832245,0.8029999732971191,0.3034999966621399
YBR102C,YPL209C,0,2.0287342,0.20916905999183655,0.8029999732971191,0.303600013256073
YNL116W,YBR159W,0,2.0287015,0.20911458134651184,0.8029999732971191,0.3037000000476837
YDR197W,YPL255W,0,2.0283282,0.20906014740467072,0.8029999732971191,0.30379998683929443
YDR329C,YLR188W,0,2.0282087,0.20900572836399078,0.8029999732971191,0.30390000343322754
YDL065C,YHR013C,0,2.028162,0.20895133912563324,0.8029999732971191,0.30399999022483826
YLR306W,YLR039C,0,2.0277677,0.20889697968959808,0.8029999732971191,0.30410000681877136
YOR252W,YGL224C,0,2.0258324,0.20884265005588531,0.8029999732971191,0.3041999936103821
YNL134C,YOR315W,0,2.0255919,0.20878835022449493,0.8029999732971191,0.3043000102043152
YLL021W,YOL052C-A,0,2.0253341,0.20873408019542694,0.8029999732971191,0.3043999969959259
YNL250W,YOR141C,1,2.0248303,0.20893971621990204,0.8040000200271606,0.3043999969959259
YOL078W,YFL029C,0,2.024157,0.20888543128967285,0.8040000200271606,0.304500013589859
YDR488C,YDR210W,0,2.0239067,0.20883117616176605,0.8040000200271606,0.3046000003814697
YOR195W,YBR069C,0,2.0225444,0.20877693593502045,0.8040000200271606,0.30469998717308044
YDL002C,YBR161W,0,2.0221605,0.20872274041175842,0.8040000200271606,0.30480000376701355
YDR273W,YJL048C,0,2.0209436,0.2086685746908188,0.8040000200271606,0.30489999055862427
YPL271W,YDL119C,0,2.0208325,0.20861442387104034,0.8040000200271606,0.3050000071525574
YEL015W,YOL095C,0,2.0205722,0.20856031775474548,0.8040000200271606,0.3050999939441681
YIL085C,YKL184W,0,2.0204053,0.20850622653961182,0.8040000200271606,0.3052000105381012
YPL036W,YHR088W,0,2.0198896,0.20845216512680054,0.8040000200271606,0.3052999973297119
YNL329C,YJR049C,0,2.0195045,0.20839813351631165,0.8040000200271606,0.305400013923645
YDL042C,YDR210W,0,2.0187984,0.20834413170814514,0.8040000200271606,0.30550000071525574
YBR073W,YLR467W,1,2.0185895,0.20854921638965607,0.8050000071525574,0.30550000071525574
YPL026C,YDL030W,0,2.018486,0.20849521458148956,0.8050000071525574,0.30559998750686646
YOR057W,YGR188C,0,2.01832,0.20844122767448425,0.8050000071525574,0.30570000410079956
YGL141W,YOL058W,0,2.0178568,0.20838727056980133,0.8050000071525574,0.3057999908924103
YOR396W,YPL230W,0,2.0176418,0.2083333283662796,0.8050000071525574,0.3059000074863434
YOR396W,YAR033W,0,2.0167027,0.20827943086624146,0.8050000071525574,0.3059999942779541
YOL140W,YIL171W,0,2.016013,0.2082255631685257,0.8050000071525574,0.3061000108718872
YDR206W,YDR065W,0,2.015676,0.20817171037197113,0.8050000071525574,0.3061999976634979
YOL017W,YBR135W,0,2.0154538,0.20811788737773895,0.8050000071525574,0.30630001425743103
YJL036W,YPR021C,0,2.0133822,0.20806409418582916,0.8050000071525574,0.30640000104904175
YNR019W,YOL080C,0,2.0132933,0.20801033079624176,0.8050000071525574,0.30649998784065247
YFR014C,YGR054W,0,2.011126,0.20795659720897675,0.8050000071525574,0.30660000443458557
YBR175W,YBR214W,0,2.0110488,0.20790289342403412,0.8050000071525574,0.3066999912261963
YOR278W,YNL134C,0,2.0096812,0.20784921944141388,0.8050000071525574,0.3068000078201294
YGR099W,YLL035W,0,2.0089068,0.20779556035995483,0.8050000071525574,0.3068999946117401
YPL103C,YDR126W,0,2.008535,0.20774193108081818,0.8050000071525574,0.3070000112056732
YPL033C,YJL080C,0,2.0083551,0.2076883316040039,0.8050000071525574,0.30709999799728394
YDR202C,YBR056W,0,2.0080209,0.20763476192951202,0.8050000071525574,0.30720001459121704
YPL010W,YNR069C,0,2.0069108,0.20758122205734253,0.8050000071525574,0.30730000138282776
YHR158C,YLL053C,0,2.0066822,0.20752771198749542,0.8050000071525574,0.3073999881744385
YEL071W,YBL046W,0,2.006286,0.2074742317199707,0.8050000071525574,0.3075000047683716
YGR129W,YKL077W,0,2.0061474,0.20742076635360718,0.8050000071525574,0.3075999915599823
YDL112W,YHR191C,0,2.0060906,0.20736733078956604,0.8050000071525574,0.3077000081539154
YNR019W,YGR170W,0,2.0052018,0.20731393992900848,0.8050000071525574,0.3077999949455261
YGR271C-A,YBR028C,0,2.0051622,0.20726054906845093,0.8050000071525574,0.30790001153945923
YOR101W,YKL048C,0,2.0050938,0.20720720291137695,0.8050000071525574,0.30799999833106995
YEL017C-A,YBR040W,0,2.0048556,0.20715388655662537,0.8050000071525574,0.30809998512268066
YMR125W,YDR311W,0,2.0044403,0.20710058510303497,0.8050000071525574,0.30820000171661377
YMR154C,YGL184C,0,2.00429,0.20704732835292816,0.8050000071525574,0.3082999885082245
YML048W,YLR427W,0,2.0042086,0.20699408650398254,0.8050000071525574,0.3084000051021576
YEL071W,YBR028C,0,2.0039444,0.20694087445735931,0.8050000071525574,0.3084999918937683
YDR252W,YNL300W,0,2.0023885,0.20688769221305847,0.8050000071525574,0.3086000084877014
YGL111W,YGL257C,0,2.002148,0.20683453977108002,0.8050000071525574,0.30869999527931213
YDR479C,YLR442C,0,2.0010328,0.20678140223026276,0.8050000071525574,0.30880001187324524
YBR131W,YLL001W,0,2.0007138,0.20672829449176788,0.8050000071525574,0.30889999866485596
YOR189W,YIR004W,0,2.0000215,0.2066752314567566,0.8050000071525574,0.3089999854564667
YDL117W,YBL020W,0,1.9994619,0.2066221833229065,0.8050000071525574,0.3091000020503998
YJL044C,YCL047C,0,1.9990376,0.2065691500902176,0.8050000071525574,0.3091999888420105
YBR153W,YGR029W,0,1.9983548,0.20651616156101227,0.8050000071525574,0.3093000054359436
YHR202W,YLR006C,0,1.9974227,0.20646320283412933,0.8050000071525574,0.3093999922275543
YDR280W,YPR082C,0,1.996963,0.2064102590084076,0.8050000071525574,0.3095000088214874
YLR439W,YKL100C,0,1.9966626,0.20635734498500824,0.8050000071525574,0.30959999561309814
YDR398W,YER018C,0,1.9961183,0.20630446076393127,0.8050000071525574,0.30970001220703125
YDL124W,YIL009C-A,0,1.9954612,0.2062516063451767,0.8050000071525574,0.30979999899864197
YLR405W,YKR061W,0,1.9949067,0.2061987668275833,0.8050000071525574,0.3098999857902527
YPL194W,YOL072W,1,1.9927754,0.20640204846858978,0.8059999942779541,0.3098999857902527
YOL138C,YGL129C,0,1.9926245,0.2063492089509964,0.8059999942779541,0.3100000023841858
YPR082C,YPR033C,0,1.9924881,0.2062963843345642,0.8059999942779541,0.3100999891757965
YJR105W,YNL161W,0,1.9917951,0.2062436044216156,0.8059999942779541,0.3102000057697296
YGL213C,YHL009C,0,1.9911935,0.20619083940982819,0.8059999942779541,0.31029999256134033
YKL045W,YLR369W,0,1.9905193,0.20613810420036316,0.8059999942779541,0.31040000915527344
YBL018C,YLR283W,0,1.9896089,0.20608539879322052,0.8059999942779541,0.31049999594688416
YDL080C,YNL075W,0,1.9887421,0.20603272318840027,0.8059999942779541,0.31060001254081726
YOL092W,YHR011W,0,1.9887015,0.2059800624847412,0.8059999942779541,0.310699999332428
YHL021C,YKL043W,0,1.9884812,0.20592744648456573,0.8059999942779541,0.3107999861240387
YGL009C,YLR225C,0,1.987272,0.20587484538555145,0.8059999942779541,0.3109000027179718
YOL012C,YHR202W,0,1.9871655,0.20582227408885956,0.8059999942779541,0.3109999895095825
YLR085C,YDL006W,0,1.986802,0.20576971769332886,0.8059999942779541,0.3111000061035156
YNL051W,YKR064W,0,1.9864653,0.20571720600128174,0.8059999942779541,0.31119999289512634
YDL210W,YER078C,0,1.9847426,0.2056647092103958,0.8059999942779541,0.31130000948905945
YDL154W,YBR279W,1,1.9845643,0.20586735010147095,0.8069999814033508,0.31130000948905945
YDR300C,YCR020W-B,0,1.9844894,0.20581483840942383,0.8069999814033508,0.31139999628067017
YLR007W,YLR320W,1,1.9825754,0.20601734519004822,0.8080000281333923,0.31139999628067017
YLR368W,YOR065W,0,1.9816076,0.2059648185968399,0.8080000281333923,0.31150001287460327
YNL103W,YDR259C,0,1.9812521,0.20591233670711517,0.8080000281333923,0.311599999666214
YOR269W,YDL209C,0,1.9810746,0.20585986971855164,0.8080000281333923,0.3116999864578247
YOR143C,YOR189W,0,1.980643,0.20580743253231049,0.8080000281333923,0.3118000030517578
YLR017W,YOL154W,0,1.980314,0.20575502514839172,0.8080000281333923,0.31189998984336853
YMR094W,YLR126C,0,1.9800414,0.20570264756679535,0.8080000281333923,0.31200000643730164
YER003C,YHR139C,0,1.9800341,0.20565029978752136,0.8080000281333923,0.31209999322891235
YNL126W,YNL119W,0,1.9788761,0.20559796690940857,0.8080000281333923,0.31220000982284546
YML098W,YFL055W,0,1.9784399,0.20554566383361816,0.8080000281333923,0.3122999966144562
YOR140W,YPR066W,0,1.9778891,0.20549339056015015,0.8080000281333923,0.3124000132083893
YKR095W-A,YDL110C,0,1.9772975,0.20544113218784332,0.8080000281333923,0.3125
YNL021W,YKL107W,0,1.9770274,0.20538891851902008,0.8080000281333923,0.3125999867916107
YOR231W,YDR118W,0,1.9769652,0.20533671975135803,0.8080000281333923,0.3127000033855438
YPL226W,YPL192C,0,1.9766431,0.20528455078601837,0.8080000281333923,0.31279999017715454
YLR221C,YDR520C,0,1.976331,0.2052324116230011,0.8080000281333923,0.31290000677108765
YMR170C,YLR441C,0,1.9756231,0.20518028736114502,0.8080000281333923,0.31299999356269836
YOL127W,YEL020C,0,1.9755279,0.20512820780277252,0.8080000281333923,0.31310001015663147
YIL112W,YNR075W,0,1.9751854,0.20507614314556122,0.8080000281333923,0.3131999969482422
YCR094W,YNL251C,0,1.9741118,0.2050241082906723,0.8080000281333923,0.3133000135421753
YGR005C,YMR247C,0,1.9739356,0.20497208833694458,0.8080000281333923,0.313400000333786
YDR538W,YOR198C,0,1.9733429,0.20492011308670044,0.8080000281333923,0.31349998712539673
YOL023W,YOL060C,0,1.9729905,0.2048681527376175,0.8080000281333923,0.31360000371932983
YNL009W,YDL076C,0,1.9724703,0.20481622219085693,0.8080000281333923,0.31369999051094055
YPL183C,YPL019C,0,1.9717196,0.20476432144641876,0.8080000281333923,0.31380000710487366
YFL044C,YBL055C,0,1.9715093,0.20471243560314178,0.8080000281333923,0.3138999938964844
YLL031C,YGR152C,0,1.9712529,0.2046605944633484,0.8080000281333923,0.3140000104904175
YLR084C,YOL042W,0,1.9711559,0.2046087682247162,0.8080000281333923,0.3140999972820282
YPR048W,YBL051C,0,1.9710844,0.20455695688724518,0.8080000281333923,0.3142000138759613
YBR301W,YGL243W,0,1.9704443,0.20450519025325775,0.8080000281333923,0.314300000667572
YLL036C,YHL026C,0,1.9702953,0.20445343852043152,0.8080000281333923,0.31439998745918274
YOR381W,YIL010W,0,1.9697713,0.20440171658992767,0.8080000281333923,0.31450000405311584
YDR342C,YPL158C,0,1.9693363,0.20435002446174622,0.8080000281333923,0.31459999084472656
YGL039W,YNL056W,0,1.9690996,0.20429836213588715,0.8080000281333923,0.31470000743865967
YEL038W,YGR059W,0,1.9676881,0.20424671471118927,0.8080000281333923,0.3147999942302704
YGL171W,YFL008W,0,1.9666746,0.20419509708881378,0.8080000281333923,0.3149000108242035
YGL173C,YMR167W,1,1.9658008,0.20439615845680237,0.8090000152587891,0.3149000108242035
YKR083C,YIL031W,0,1.9656963,0.20434452593326569,0.8090000152587891,0.3149999976158142
YCR023C,YHR114W,0,1.9652901,0.2042929232120514,0.8090000152587891,0.3151000142097473
YLR066W,YDL209C,0,1.9651544,0.20424135029315948,0.8090000152587891,0.31520000100135803
YCL055W,YDL222C,0,1.9651445,0.20418980717658997,0.8090000152587891,0.31529998779296875
YGL238W,YMR014W,0,1.965068,0.20413827896118164,0.8090000152587891,0.31540000438690186
YOL027C,YPL072W,0,1.9647558,0.2040867805480957,0.8090000152587891,0.3154999911785126
YGR140W,YNL029C,0,1.963341,0.20403531193733215,0.8090000152587891,0.3156000077724457
YOR033C,YDR510W,0,1.9633172,0.2039838582277298,0.8090000152587891,0.3156999945640564
YLR090W,YMR211W,0,1.9630113,0.20393244922161102,0.8090000152587891,0.3158000111579895
YHL008C,YNL222W,0,1.9601494,0.20388105511665344,0.8090000152587891,0.3158999979496002
YPR094W,YBL078C,0,1.9600754,0.20382967591285706,0.8090000152587891,0.3160000145435333
YMR098C,YAL068C,0,1.9600357,0.20377834141254425,0.8090000152587891,0.31610000133514404
YLR003C,YGL085W,0,1.9593203,0.20372702181339264,0.8090000152587891,0.31619998812675476
YPL017C,YLR466W,1,1.9593083,0.20392748713493347,0.8100000023841858,0.31619998812675476
YIL162W,YPR097W,0,1.9589106,0.20387616753578186,0.8100000023841858,0.31630000472068787
YHL008C,YJL125C,0,1.9587961,0.20382486283779144,0.8100000023841858,0.3163999915122986
YBR126C,YIL016W,0,1.9583082,0.2037735879421234,0.8100000023841858,0.3165000081062317
YIL087C,YPL249C-A,0,1.9582653,0.20372232794761658,0.8100000023841858,0.3165999948978424
YNL139C,YGL127C,1,1.9572389,0.2039225548505783,0.8109999895095825,0.3165999948978424
YML081C-A,YCL040W,0,1.9568832,0.20387129485607147,0.8109999895095825,0.3167000114917755
YGR104C,YLR188W,0,1.9566903,0.20382004976272583,0.8109999895095825,0.31679999828338623
YDL232W,YOR196C,0,1.9565902,0.20376884937286377,0.8109999895095825,0.31690001487731934
YOL135C,YBL019W,0,1.9561532,0.2037176638841629,0.8109999895095825,0.31700000166893005
YLR260W,YOR201C,0,1.9556692,0.20366649329662323,0.8109999895095825,0.31709998846054077
YJR098C,YDL126C,0,1.954726,0.20361536741256714,0.8109999895095825,0.3172000050544739
YOR228C,YNL129W,0,1.9537306,0.20356425642967224,0.8109999895095825,0.3172999918460846
YGR217W,YMR271C,0,1.953575,0.20351317524909973,0.8109999895095825,0.3174000084400177
YPR029C,YPR052C,0,1.953573,0.2034621238708496,0.8109999895095825,0.3174999952316284
YDL080C,YOR069W,0,1.9534678,0.20341108739376068,0.8109999895095825,0.3176000118255615
YIL084C,YGR108W,0,1.9532471,0.20336008071899414,0.8109999895095825,0.31769999861717224
YFR047C,YCL068C,0,1.9518564,0.20330910384655,0.8109999895095825,0.31779998540878296
YNL257C,YIL016W,0,1.951837,0.20325814187526703,0.8109999895095825,0.31790000200271606
YPR057W,YIL056W,0,1.9509386,0.20320720970630646,0.8109999895095825,0.3179999887943268
YJR125C,YOR295W,0,1.9504085,0.20315630733966827,0.8109999895095825,0.3181000053882599
YGL079W,YIL118W,0,1.9496052,0.20310543477535248,0.8109999895095825,0.3181999921798706
YLR393W,YLR081W,0,1.9484583,0.20305457711219788,0.8109999895095825,0.3183000087738037
YPL060W,YHL036W,0,1.9482077,0.20300374925136566,0.8109999895095825,0.31839999556541443
YDR379W,YGL116W,0,1.9479653,0.20295295119285583,0.8109999895095825,0.31850001215934753
YJL209W,YDR055W,0,1.9478263,0.2029021829366684,0.8109999895095825,0.31859999895095825
YLR341W,YML005W,0,1.9463851,0.20285142958164215,0.8109999895095825,0.31869998574256897
YHR039C,YDR180W,1,1.9454646,0.20305076241493225,0.8119999766349792,0.31869998574256897
YJR090C,YML082W,0,1.9452926,0.2029999941587448,0.8119999766349792,0.3188000023365021
YNL045W,YPR145W,0,1.9443462,0.20294925570487976,0.8119999766349792,0.3188999891281128
YLR467W,YER038C,1,1.9439106,0.20314842462539673,0.8130000233650208,0.3188999891281128
YHR215W,YKL069W,0,1.9439011,0.20309767127037048,0.8130000233650208,0.3190000057220459
YLR055C,YGR108W,0,1.9438262,0.20304694771766663,0.8130000233650208,0.3190999925136566
YMR055C,YJL001W,0,1.9436831,0.20299625396728516,0.8130000233650208,0.3192000091075897
YML065W,YDL223C,0,1.9432504,0.20294557511806488,0.8130000233650208,0.31929999589920044
YDR307W,YPL157W,0,1.9431615,0.20289494097232819,0.8130000233650208,0.31940001249313354
YJR042W,YIL009C-A,0,1.9424483,0.2028443068265915,0.8130000233650208,0.31949999928474426
YNL272C,YDR279W,0,1.9415402,0.20279371738433838,0.8130000233650208,0.319599986076355
YNL046W,YFL047W,0,1.9414641,0.20274314284324646,0.8130000233650208,0.3197000026702881
YLR017W,YDR507C,0,1.9410334,0.20269259810447693,0.8130000233650208,0.3197999894618988
YHL028W,YOR059C,0,1.940766,0.2026420682668686,0.8130000233650208,0.3199000060558319
YDL056W,YPL227C,0,1.940376,0.20259158313274384,0.8130000233650208,0.3199999928474426
YJL162C,YPL153C,0,1.939749,0.20254111289978027,0.8130000233650208,0.32010000944137573
YJL074C,YLR002C,0,1.9390161,0.2024906575679779,0.8130000233650208,0.32019999623298645
YLR419W,YJL102W,0,1.9388312,0.20244023203849792,0.8130000233650208,0.32030001282691956
YDL005C,YDR376W,0,1.938545,0.20238983631134033,0.8130000233650208,0.3203999996185303
YGR004W,YJL170C,0,1.9382327,0.20233947038650513,0.8130000233650208,0.320499986410141
YLR337C,YML060W,0,1.9379976,0.20228911936283112,0.8130000233650208,0.3206000030040741
YOL109W,YNL151C,0,1.9375548,0.20223881304264069,0.8130000233650208,0.3206999897956848
YNL308C,YJL019W,0,1.9365826,0.20218850672245026,0.8130000233650208,0.3208000063896179
YHR150W,YPR022C,0,1.9361317,0.2021382451057434,0.8130000233650208,0.32089999318122864
YJR109C,YGL192W,0,1.9357356,0.20208799839019775,0.8130000233650208,0.32100000977516174
YBR102C,YJL062W,0,1.9349915,0.2020377665758133,0.8130000233650208,0.32109999656677246
YOR195W,YKL010C,0,1.9349163,0.20198757946491241,0.8130000233650208,0.32120001316070557
YNL158W,YDR194C,0,1.9348662,0.20193740725517273,0.8130000233650208,0.3212999999523163
YER114C,YHR014W,0,1.9343601,0.20188726484775543,0.8130000233650208,0.321399986743927
YLR361C,YKR027W,0,1.9336672,0.20183713734149933,0.8130000233650208,0.3215000033378601
YJR046W,YLR308W,0,1.9318755,0.2017870396375656,0.8130000233650208,0.3215999901294708
YNL139C,YPL022W,1,1.9316533,0.20198510587215424,0.8140000104904175,0.3215999901294708
YLR010C,YDR190C,0,1.9301143,0.20193500816822052,0.8140000104904175,0.32170000672340393
YNL240C,YLR095C,0,1.9299672,0.201884925365448,0.8140000104904175,0.32179999351501465
YDL095W,YLR308W,0,1.929602,0.20183485746383667,0.8140000104904175,0.32190001010894775
YDR221W,YJL099W,0,1.9293082,0.20178483426570892,0.8140000104904175,0.32199999690055847
YLR032W,YER184C,0,1.9289248,0.20173482596874237,0.8140000104904175,0.3221000134944916
YBR034C,YMR154C,0,1.9272072,0.201684832572937,0.8140000104904175,0.3222000002861023
YPL026C,YGL206C,0,1.9271668,0.20163488388061523,0.8140000104904175,0.322299987077713
YEL016C,YDL236W,0,1.9269397,0.20158495008945465,0.8140000104904175,0.3224000036716461
YEL019C,YNL312W,1,1.9268714,0.20178261399269104,0.8149999976158142,0.3224000036716461
YGL128C,YOR358W,0,1.926181,0.20173268020153046,0.8149999976158142,0.32249999046325684
YLL032C,YBR069C,0,1.9260962,0.20168274641036987,0.8149999976158142,0.32260000705718994
YMR275C,YPR192W,0,1.9257932,0.20163285732269287,0.8149999976158142,0.32269999384880066
YOR284W,YAL068C,0,1.9252869,0.20158298313617706,0.8149999976158142,0.32280001044273376
YDR255C,YDR264C,0,1.9235629,0.20153313875198364,0.8149999976158142,0.3228999972343445
YCR005C,YJL216C,0,1.9225291,0.20148330926895142,0.8149999976158142,0.3230000138282776
YMR307W,YAL021C,0,1.9221653,0.20143350958824158,0.8149999976158142,0.3231000006198883
YHR111W,YPL269W,0,1.9212806,0.20138373970985413,0.8149999976158142,0.323199987411499
YFL062W,YMR164C,0,1.9205017,0.20133398473262787,0.8149999976158142,0.32330000400543213
YMR076C,YDR243C,0,1.9197562,0.2012842744588852,0.8149999976158142,0.32339999079704285
YPR054W,YLR193C,0,1.9196692,0.20123456418514252,0.8149999976158142,0.32350000739097595
YOR144C,YNL312W,1,1.9195973,0.2014317512512207,0.8159999847412109,0.32350000739097595
YMR183C,YMR017W,0,1.9195515,0.20138204097747803,0.8159999847412109,0.32359999418258667
YER003C,YOR101W,0,1.919221,0.20133234560489655,0.8159999847412109,0.3237000107765198
YAL009W,YER061C,0,1.9186635,0.20128268003463745,0.8159999847412109,0.3237999975681305
YGR065C,YJL019W,0,1.9180965,0.20123304426670074,0.8159999847412109,0.3239000141620636
YDL066W,YNL086W,0,1.9169244,0.20118343830108643,0.8159999847412109,0.3240000009536743
YDR108W,YDR435C,0,1.9169229,0.2011338472366333,0.8159999847412109,0.32409998774528503
YNL046W,YNR071C,0,1.9157673,0.20108427107334137,0.8159999847412109,0.32420000433921814
YNL081C,YLL054C,0,1.9154372,0.20103473961353302,0.8159999847412109,0.32429999113082886
YDR346C,YOR189W,0,1.9152317,0.20098522305488586,0.8159999847412109,0.32440000772476196
YNR001C,YCR045C,0,1.9150273,0.2009357362985611,0.8159999847412109,0.3244999945163727
YHL006C,YER095W,1,1.9148532,0.20113244652748108,0.8169999718666077,0.3244999945163727
YML123C,YHR014W,0,1.9142551,0.20108294486999512,0.8169999718666077,0.3246000111103058
YDR044W,YCL068C,0,1.9141695,0.20103345811367035,0.8169999718666077,0.3246999979019165
YER177W,YHR096C,0,1.9139621,0.20098401606082916,0.8169999718666077,0.3248000144958496
YGL039W,YOL039W,0,1.9135785,0.20093457400798798,0.8169999718666077,0.3249000012874603
YNL005C,YMR017W,0,1.9135754,0.20088517665863037,0.8169999718666077,0.32499998807907104
YPL143W,YIL026C,0,1.9133863,0.20083579421043396,0.8169999718666077,0.32510000467300415
YDR315C,YHR134W,0,1.9133022,0.20078642666339874,0.8169999718666077,0.32519999146461487
YNL151C,YJL157C,0,1.9128448,0.2007371038198471,0.8169999718666077,0.325300008058548
YJL044C,YKR022C,0,1.9128425,0.20068779587745667,0.8169999718666077,0.3253999948501587
YLR361C,YBR241C,0,1.9128168,0.20063850283622742,0.8169999718666077,0.3255000114440918
YDL144C,YOR326W,0,1.9127749,0.20058923959732056,0.8169999718666077,0.3255999982357025
YPR025C,YNL212W,0,1.9120458,0.20054000616073608,0.8169999718666077,0.3257000148296356
YHR039C,YBR160W,1,1.9117398,0.20073619484901428,0.8180000185966492,0.3257000148296356
YPR019W,YJL013C,0,1.9101218,0.20068694651126862,0.8180000185966492,0.32580000162124634
YPL227C,YLR265C,0,1.9093087,0.20063772797584534,0.8180000185966492,0.32589998841285706
YKR095W-A,YOR086C,0,1.9085422,0.20058852434158325,0.8180000185966492,0.32600000500679016
YLR337C,YDR329C,0,1.9085376,0.20053935050964355,0.8180000185966492,0.3260999917984009
YNL139C,YDL164C,1,1.9071296,0.20073530077934265,0.8190000057220459,0.3260999917984009
YLR127C,YJR014W,0,1.9068537,0.20068611204624176,0.8190000057220459,0.326200008392334
YOL121C,YOL123W,0,1.9067926,0.20063693821430206,0.8190000057220459,0.3262999951839447
YOR374W,YOR058C,0,1.9059727,0.20058780908584595,0.8190000057220459,0.3264000117778778
YLR399C,YKL052C,0,1.9053173,0.20053869485855103,0.8190000057220459,0.3264999985694885
YPL210C,YOR044W,0,1.9032356,0.2004895955324173,0.8190000057220459,0.32659998536109924
YNL275W,YNL111C,0,1.9029697,0.20044052600860596,0.8190000057220459,0.32670000195503235
YDR283C,YJL110C,0,1.9027627,0.200391486287117,0.8190000057220459,0.32679998874664307
YCL069W,YDR099W,0,1.9009643,0.20034246146678925,0.8190000057220459,0.32690000534057617
YOR269W,YPL255W,0,1.900518,0.20029346644878387,0.8190000057220459,0.3269999921321869
YJR139C,YNR069C,0,1.8997579,0.2002445012331009,0.8190000057220459,0.32710000872612
YDR365C,YIR017C,0,1.8988541,0.2001955509185791,0.8190000057220459,0.3271999955177307
YLR057W,YER122C,0,1.8988252,0.2001466304063797,0.8190000057220459,0.3273000121116638
YOL110W,YLR170C,0,1.8986846,0.2000977247953415,0.8190000057220459,0.32739999890327454
YHR062C,YPL051W,0,1.8980386,0.20004884898662567,0.8190000057220459,0.32749998569488525
YGR120C,YOR256C,0,1.8970891,0.20000000298023224,0.8190000057220459,0.32760000228881836
YGL032C,YMR127C,0,1.8963354,0.199951171875,0.8190000057220459,0.3276999890804291
YBR188C,YMR225C,0,1.8960946,0.19990237057209015,0.8190000057220459,0.3278000056743622
YOR083W,YJL010C,0,1.8959949,0.1998535841703415,0.8190000057220459,0.3278999924659729
YNL088W,YBR073W,1,1.895991,0.2000487893819809,0.8199999928474426,0.3278999924659729
YGR054W,YHR201C,0,1.8957794,0.20000000298023224,0.8199999928474426,0.328000009059906
YBR009C,YGL013C,0,1.8955909,0.19995123147964478,0.8199999928474426,0.3280999958515167
YML104C,YKL208W,0,1.8951105,0.1999024897813797,0.8199999928474426,0.32820001244544983
YPL190C,YLR287C-A,0,1.8930078,0.19985376298427582,0.8199999928474426,0.32829999923706055
YOR103C,YDL240W,0,1.8924682,0.19980506598949432,0.8199999928474426,0.32839998602867126
YJL162C,YGL084C,0,1.891149,0.19975639879703522,0.8199999928474426,0.32850000262260437
YDR280W,YLR142W,0,1.8909359,0.1997077465057373,0.8199999928474426,0.3285999894142151
YDL211C,YHR065C,0,1.8905692,0.19965912401676178,0.8199999928474426,0.3287000060081482
YDL124W,YOR233W,0,1.8894864,0.19961051642894745,0.8199999928474426,0.3287999927997589
YNL246W,YHR150W,0,1.8894773,0.1995619386434555,0.8199999928474426,0.328900009393692
YKL059C,YPL030W,0,1.8890994,0.19951337575912476,0.8199999928474426,0.32899999618530273
YPR104C,YMR247C,0,1.8887789,0.1994648575782776,0.8199999928474426,0.32910001277923584
YPR029C,YOR346W,0,1.8886957,0.19941633939743042,0.8199999928474426,0.32919999957084656
YDL003W,YDL229W,0,1.8884144,0.19936785101890564,0.8199999928474426,0.3292999863624573
YER095W,YKL113C,1,1.887444,0.19956247508525848,0.8209999799728394,0.3292999863624573
YMR323W,YNR019W,0,1.8865933,0.1995139718055725,0.8209999799728394,0.3294000029563904
YOR269W,YMR192W,0,1.886507,0.19946549832820892,0.8209999799728394,0.3294999897480011
YFR042W,YDR186C,0,1.8861005,0.19941705465316772,0.8209999799728394,0.3296000063419342
YLL067C,YPL051W,0,1.8854308,0.19936862587928772,0.8209999799728394,0.3296999931335449
YJR110W,YIR006C,0,1.8849075,0.1993202269077301,0.8209999799728394,0.329800009727478
YPR104C,YHR020W,0,1.8840001,0.19927184283733368,0.8209999799728394,0.32989999651908875
YER038C,YPL283C,1,1.8835423,0.19946615397930145,0.8220000267028809,0.32989999651908875
YJL174W,YMR009W,0,1.8835254,0.19941775500774384,0.8220000267028809,0.33000001311302185
YML124C,YOL156W,0,1.8834546,0.1993693858385086,0.8220000267028809,0.33009999990463257
YJR009C,YKL028W,0,1.8832948,0.19932104647159576,0.8220000267028809,0.3301999866962433
YLR381W,YMR156C,0,1.8832699,0.19927272200584412,0.8220000267028809,0.3303000032901764
YLR263W,YAR007C,1,1.8819332,0.1994667947292328,0.8230000138282776,0.3303000032901764
YDR386W,YBR160W,1,1.8809073,0.1996607631444931,0.8240000009536743,0.3303000032901764
YBR133C,YEL058W,0,1.8808997,0.19961240887641907,0.8240000009536743,0.3303999900817871
YDR538W,YOR346W,0,1.8806438,0.19956405460834503,0.8240000009536743,0.3305000066757202
YGL243W,YOR290C,0,1.8804616,0.19951574504375458,0.8240000009536743,0.33059999346733093
YNL053W,YLR431C,0,1.8799323,0.19946743547916412,0.8240000009536743,0.33070001006126404
YHR098C,YLR081W,0,1.8796934,0.19941917061805725,0.8240000009536743,0.33079999685287476
YML042W,YDR506C,0,1.8788223,0.19937092065811157,0.8240000009536743,0.33090001344680786
YNR046W,YPL076W,0,1.8772917,0.1993226855993271,0.8240000009536743,0.3310000002384186
YMR110C,YIL011W,0,1.8770769,0.199274480342865,0.8240000009536743,0.3310999870300293
YJL162C,YDL184C,0,1.8767265,0.19922630488872528,0.8240000009536743,0.3312000036239624
YNL139C,YLR320W,1,1.8764598,0.19941987097263336,0.824999988079071,0.3312000036239624
YBR152W,YPR041W,0,1.8742521,0.19937168061733246,0.824999988079071,0.3312999904155731
YHL040C,YLR341W,0,1.8736626,0.19932350516319275,0.824999988079071,0.3314000070095062
YER074W-A,YLR221C,0,1.8734001,0.19927535951137543,0.824999988079071,0.33149999380111694
YDL008W,YDR139C,0,1.8730354,0.1992272436618805,0.824999988079071,0.33160001039505005
YOR337W,YCR097W,0,1.8722594,0.19917914271354675,0.824999988079071,0.33169999718666077
YNL020C,YLR051C,0,1.8717761,0.1991310715675354,0.824999988079071,0.33180001378059387
YKL011C,YLR418C,1,1.8713291,0.1993243247270584,0.8259999752044678,0.33180001378059387
YLR373C,YNL222W,0,1.8699651,0.19927623867988586,0.8259999752044678,0.3319000005722046
YJR048W,YLL042C,0,1.8690836,0.1992281675338745,0.8259999752044678,0.3319999873638153
YIL087C,YLR204W,0,1.8689637,0.19918012619018555,0.8259999752044678,0.3321000039577484
YOR034C,YNL106C,0,1.8687516,0.19913211464881897,0.8259999752044678,0.33219999074935913
YDR519W,YDL239C,0,1.8686285,0.1990841180086136,0.8259999752044678,0.33230000734329224
YLR276C,YBR023C,0,1.8684087,0.1990361511707306,0.8259999752044678,0.33239999413490295
YOR258W,YMR318C,0,1.8681033,0.1989881992340088,0.8259999752044678,0.33250001072883606
YPR042C,YLR205C,0,1.8680457,0.19894027709960938,0.8259999752044678,0.3325999975204468
YOR371C,YBR214W,0,1.8678455,0.19889236986637115,0.8259999752044678,0.3327000141143799
YBR103W,YGR261C,0,1.8672807,0.19884449243545532,0.8259999752044678,0.3328000009059906
YNL263C,YOR188W,0,1.8670994,0.19879662990570068,0.8259999752044678,0.3328999876976013
YLR286C,YNR032C-A,0,1.866206,0.19874879717826843,0.8259999752044678,0.3330000042915344
YHR050W,YPR094W,0,1.8658729,0.19870097935199738,0.8259999752044678,0.33309999108314514
YDR358W,YKR072C,0,1.8655002,0.1986531913280487,0.8259999752044678,0.33320000767707825
YPL026C,YDR343C,0,1.8649812,0.19860543310642242,0.8259999752044678,0.33329999446868896
YGR170W,YOR081C,0,1.8635508,0.19855768978595734,0.8259999752044678,0.33340001106262207
YNL024C,YMR086W,0,1.8633901,0.19850997626781464,0.8259999752044678,0.3334999978542328
YPR181C,YOR208W,0,1.8631678,0.19846227765083313,0.8259999752044678,0.3336000144481659
YNL299W,YEL002C,0,1.8630164,0.198414608836174,0.8259999752044678,0.3337000012397766
YJL094C,YMR257C,0,1.8627241,0.1983669549226761,0.8259999752044678,0.33379998803138733
YPL060W,YPL038W,0,1.8625374,0.19831933081150055,0.8259999752044678,0.33390000462532043
YGL139W,YPR021C,0,1.8620207,0.1982717216014862,0.8259999752044678,0.33399999141693115
YOL122C,YPR151C,0,1.8620031,0.19822414219379425,0.8259999752044678,0.33410000801086426
YJL183W,YJL118W,0,1.861827,0.1981765776872635,0.8259999752044678,0.334199994802475
YOL075C,YHR063C,0,1.8616018,0.19812904298305511,0.8259999752044678,0.3343000113964081
YBR112C,YAL047C,0,1.8612195,0.19808153808116913,0.8259999752044678,0.3343999981880188
YMR214W,YBR235W,0,1.8608608,0.19803404808044434,0.8259999752044678,0.3345000147819519
YPL164C,YML062C,1,1.8604198,0.19822627305984497,0.8270000219345093,0.3345000147819519
YNL062C,YKL045W,0,1.8597962,0.19817876815795898,0.8270000219345093,0.3346000015735626
YNL046W,YDR073W,0,1.8593818,0.19813129305839539,0.8270000219345093,0.33469998836517334
YDL164C,YBR160W,1,1.859206,0.1983233541250229,0.828000009059906,0.33469998836517334
YBR237W,YBR211C,0,1.8590276,0.1982758641242981,0.828000009059906,0.33480000495910645
YOR103C,YOL156W,0,1.8578817,0.1982283890247345,0.828000009059906,0.33489999175071716
YDR057W,YLR190W,0,1.857449,0.1981809437274933,0.828000009059906,0.33500000834465027
YER113C,YML010W,0,1.8572783,0.19813352823257446,0.828000009059906,0.335099995136261
YMR244C-A,YML127W,0,1.856725,0.19808612763881683,0.828000009059906,0.3352000117301941
YLR007W,YBR098W,1,1.8566799,0.19827792048454285,0.8289999961853027,0.3352000117301941
YNL207W,YBR203W,0,1.8564415,0.19823050498962402,0.8289999961853027,0.3352999985218048
YHR081W,YEL019C,1,1.8557463,0.19842217862606049,0.8299999833106995,0.3352999985218048
YGR178C,YOL117W,0,1.8552688,0.19837476313114166,0.8299999833106995,0.3353999853134155
YKR095W-A,YDR425W,0,1.8552226,0.19832736253738403,0.8299999833106995,0.33550000190734863
YNL222W,YGR029W,0,1.8546412,0.1982799768447876,0.8299999833106995,0.33559998869895935
YBR085W,YOL088C,0,1.8534462,0.19823262095451355,0.8299999833106995,0.33570000529289246
YGR014W,YER183C,0,1.8531305,0.1981852948665619,0.8299999833106995,0.3357999920845032
YNL291C,YPL253C,0,1.8525312,0.19813798367977142,0.8299999833106995,0.3359000086784363
YDR027C,YDR123C,0,1.8523026,0.19809068739414215,0.8299999833106995,0.335999995470047
YFR034C,YNR026C,0,1.8518536,0.19804342091083527,0.8299999833106995,0.3361000120639801
YDL065C,YNL133C,0,1.8512698,0.19799618422985077,0.8299999833106995,0.3361999988555908
YPR169W,YLR212C,0,1.8500626,0.19794896245002747,0.8299999833106995,0.33629998564720154
YML015C,YOL115W,0,1.8496716,0.19790177047252655,0.8299999833106995,0.33640000224113464
YIL051C,YLR225C,0,1.8495097,0.19785459339618683,0.8299999833106995,0.33649998903274536
YJL164C,YDL247W,0,1.8494234,0.1978074312210083,0.8299999833106995,0.33660000562667847
YOR354C,YLR466W,1,1.8494027,0.19799856841564178,0.8309999704360962,0.33660000562667847
YGL194C,YOR075W,0,1.8485537,0.19795140624046326,0.8309999704360962,0.3366999924182892
YPR009W,YPL089C,0,1.8482748,0.19790425896644592,0.8309999704360962,0.3368000090122223
YKR087C,YER148W,0,1.8480189,0.19785714149475098,0.8309999704360962,0.336899995803833
YDR246W,YJR048W,0,1.8476413,0.19781003892421722,0.8309999704360962,0.3370000123977661
YLR237W,YER040W,0,1.8468688,0.19776296615600586,0.8309999704360962,0.33709999918937683
YNR059W,YDR309C,0,1.8465958,0.19771592319011688,0.8309999704360962,0.33719998598098755
YJL183W,YDR469W,0,1.8458872,0.1976688802242279,0.8309999704360962,0.33730000257492065
YOR090C,YPR066W,0,1.8456372,0.1976218819618225,0.8309999704360962,0.33739998936653137
YCR054C,YMR223W,0,1.8455905,0.1975748986005783,0.8309999704360962,0.3375000059604645
YHR098C,YML027W,0,1.8455853,0.1975279301404953,0.8309999704360962,0.3375999927520752
YOR347C,YIR014W,0,1.8453162,0.19748099148273468,0.8309999704360962,0.3377000093460083
YMR216C,YER153C,0,1.8439538,0.19743406772613525,0.8309999704360962,0.337799996137619
YIR021W,YPR031W,0,1.8438556,0.19738717377185822,0.8309999704360962,0.3379000127315521
YML011C,YDL020C,0,1.8436093,0.19734029471874237,0.8309999704360962,0.33799999952316284
YML077W,YDR406W,0,1.842651,0.1972934454679489,0.8309999704360962,0.33809998631477356
YMR277W,YDL102W,0,1.8423064,0.19724661111831665,0.8309999704360962,0.33820000290870667
YDR348C,YHR112C,0,1.8413746,0.19719980657100677,0.8309999704360962,0.3382999897003174
YOR374W,YML114C,0,1.8407673,0.1971530318260193,0.8309999704360962,0.3384000062942505
YDR365C,YGR055W,0,1.8406762,0.1971062570810318,0.8309999704360962,0.3384999930858612
YKR095W,YKL140W,0,1.8404758,0.1970595270395279,0.8309999704360962,0.3386000096797943
YGL090W,YFL008W,0,1.8404164,0.197012796998024,0.8309999704360962,0.33869999647140503
YPL225W,YHL009C,0,1.8403133,0.19696611166000366,0.8309999704360962,0.33880001306533813
YDR477W,YDL240W,0,1.8400695,0.19691942632198334,0.8309999704360962,0.33889999985694885
YGR125W,YKL107W,0,1.839696,0.1968727856874466,0.8309999704360962,0.33899998664855957
YOL041C,YIR009W,0,1.8396546,0.19682614505290985,0.8309999704360962,0.3391000032424927
YDR104C,YDR510W,0,1.8394924,0.1967795342206955,0.8309999704360962,0.3391999900341034
YIL043C,YLR315W,0,1.838181,0.19673295319080353,0.8309999704360962,0.3393000066280365
YIL064W,YMR059W,0,1.8376303,0.19668638706207275,0.8309999704360962,0.3393999934196472
YCR068W,YML091C,0,1.8368876,0.19663985073566437,0.8309999704360962,0.3395000100135803
YAR015W,YGR224W,0,1.8360447,0.19659332931041718,0.8309999704360962,0.33959999680519104
YNL106C,YOR011W,0,1.8349637,0.19654683768749237,0.8309999704360962,0.33970001339912415
YLR360W,YJR054W,0,1.8349398,0.19650036096572876,0.8309999704360962,0.33980000019073486
YER123W,YBR198C,0,1.8346574,0.19645389914512634,0.8309999704360962,0.3398999869823456
YPL162C,YKL002W,0,1.8342252,0.1964074671268463,0.8309999704360962,0.3400000035762787
YLR193C,YPL137C,0,1.832794,0.19636106491088867,0.8309999704360962,0.3400999903678894
YOR140W,YGL125W,0,1.8318623,0.19631467759609222,0.8309999704360962,0.3402000069618225
YLR172C,YDR019C,0,1.8309772,0.19626830518245697,0.8309999704360962,0.3402999937534332
YIL127C,YGL085W,0,1.8306863,0.1962219625711441,0.8309999704360962,0.34040001034736633
YDR052C,YKR065C,0,1.8302411,0.19617563486099243,0.8309999704360962,0.34049999713897705
YGR086C,YLL013C,0,1.8290855,0.19612933695316315,0.8309999704360962,0.34060001373291016
YER140W,YMR162C,0,1.8289479,0.19608305394649506,0.8309999704360962,0.3407000005245209
YGR013W,YNL029C,0,1.8288069,0.19603680074214935,0.8309999704360962,0.3407999873161316
YNL233W,YNL189W,0,1.8282473,0.19599056243896484,0.8309999704360962,0.3409000039100647
YOR278W,YFL016C,0,1.8276675,0.19594435393810272,0.8309999704360962,0.3409999907016754
YMR104C,YDR248C,0,1.8263879,0.1958981603384018,0.8309999704360962,0.3411000072956085
YPR100W,YDL058W,0,1.8258955,0.19585199654102325,0.8309999704360962,0.34119999408721924
YBR264C,YKR093W,0,1.8255366,0.1958058476448059,0.8309999704360962,0.34130001068115234
YMR257C,YDR309C,0,1.8249586,0.19575971364974976,0.8309999704360962,0.34139999747276306
YMR012W,YPR174C,0,1.8248982,0.195713609457016,0.8309999704360962,0.34150001406669617
YGR054W,YMR266W,0,1.8240585,0.19566753506660461,0.8309999704360962,0.3416000008583069
YML126C,YBL014C,0,1.8238876,0.19562147557735443,0.8309999704360962,0.3416999876499176
YLR089C,YJL026W,0,1.8222657,0.19557543098926544,0.8309999704360962,0.3418000042438507
YBR112C,YGR091W,0,1.8218914,0.19552941620349884,0.8309999704360962,0.3418999910354614
YJR109C,YMR163C,0,1.8215907,0.19548341631889343,0.8309999704360962,0.34200000762939453
YOL137W,YDL155W,0,1.8211243,0.1954374462366104,0.8309999704360962,0.34209999442100525
YHR003C,YAR019C,0,1.8202734,0.1953914910554886,0.8309999704360962,0.34220001101493835
YMR130W,YBR069C,0,1.8196514,0.19534555077552795,0.8309999704360962,0.3422999978065491
YDR478W,YPL108W,0,1.8190942,0.1952996402978897,0.8309999704360962,0.3424000144004822
YPL177C,YHL009C,0,1.8187732,0.19525375962257385,0.8309999704360962,0.3425000011920929
YDR361C,YOR344C,0,1.818676,0.1952078938484192,0.8309999704360962,0.3425999879837036
YBR193C,YOR358W,0,1.8182054,0.19516204297542572,0.8309999704360962,0.3427000045776367
YPR055W,YML007W,0,1.8167019,0.19511622190475464,0.8309999704360962,0.34279999136924744
YIL137C,YJR102C,0,1.8163234,0.19507041573524475,0.8309999704360962,0.34290000796318054
YLR098C,YOR381W,0,1.8161709,0.19502463936805725,0.8309999704360962,0.34299999475479126
YOL121C,YKR092C,0,1.8157239,0.19497887790203094,0.8309999704360962,0.34310001134872437
YDR057W,YGR287C,0,1.8155329,0.19493314623832703,0.8309999704360962,0.3431999981403351
YJL127C,YNR001C,0,1.8154494,0.1948874294757843,0.8309999704360962,0.3433000147342682
YGR287C,YDR452W,0,1.8134683,0.19484172761440277,0.8309999704360962,0.3434000015258789
YOL092W,YML066C,0,1.8119078,0.19479605555534363,0.8309999704360962,0.3434999883174896
YDR206W,YML021C,0,1.8116124,0.19475041329860687,0.8309999704360962,0.34360000491142273
YER015W,YOR257W,0,1.8114944,0.1947047859430313,0.8309999704360962,0.34369999170303345
YBR153W,YOR358W,0,1.8113074,0.19465917348861694,0.8309999704360962,0.34380000829696655
YER018C,YDR393W,0,1.8108876,0.19461357593536377,0.8309999704360962,0.34389999508857727
YDR471W,YOR195W,0,1.8103932,0.19456802308559418,0.8309999704360962,0.3440000116825104
YGR217W,YER028C,0,1.8099822,0.19452247023582458,0.8309999704360962,0.3440999984741211
YLR181C,YJR150C,0,1.8097394,0.19447694718837738,0.8309999704360962,0.3441999852657318
YNL188W,YKL176C,0,1.809233,0.19443143904209137,0.8309999704360962,0.3443000018596649
YPL055C,YBR021W,0,1.8089503,0.19438596069812775,0.8309999704360962,0.34439998865127563
YDR506C,YOR208W,0,1.8086171,0.1943405121564865,0.8309999704360962,0.34450000524520874
YBL106C,YHL031C,0,1.8080051,0.19429506361484528,0.8309999704360962,0.34459999203681946
YGL135W,YPL021W,0,1.8076789,0.19424964487552643,0.8309999704360962,0.34470000863075256
YML085C,YER060W-A,0,1.8075176,0.19420425593852997,0.8309999704360962,0.3447999954223633
YDR315C,YER180C,0,1.8073653,0.1941588819026947,0.8309999704360962,0.3449000120162964
YOR113W,YPL009C,0,1.8063415,0.19411352276802063,0.8309999704360962,0.3449999988079071
YLR055C,YGL077C,0,1.8053563,0.19406819343566895,0.8309999704360962,0.3450999855995178
YER183C,YOL031C,0,1.8053383,0.19402287900447845,0.8309999704360962,0.3452000021934509
YPR128C,YKL002W,0,1.8050365,0.19397759437561035,0.8309999704360962,0.34529998898506165
YOR303W,YPR124W,0,1.8048887,0.19393232464790344,0.8309999704360962,0.34540000557899475
YNL339C,YOR354C,1,1.8043545,0.194120392203331,0.8320000171661377,0.34540000557899475
YMR170C,YDR179C,0,1.803549,0.1940751075744629,0.8320000171661377,0.34549999237060547
YDR244W,YGL106W,0,1.8027121,0.19402985274791718,0.8320000171661377,0.3456000089645386
YNL025C,YAR071W,0,1.8026565,0.19398461282253265,0.8320000171661377,0.3456999957561493
YML102W,YKL008C,0,1.8024735,0.19393938779830933,0.8320000171661377,0.3458000123500824
YDR320C-A,YGR184C,0,1.8018848,0.1938941925764084,0.8320000171661377,0.3458999991416931
YNL286W,YNL002C,0,1.8013113,0.19384902715682983,0.8320000171661377,0.34599998593330383
YHR043C,YKR001C,0,1.8012344,0.19380386173725128,0.8320000171661377,0.34610000252723694
YAL042W,YLR098C,0,1.8008723,0.19375872611999512,0.8320000171661377,0.34619998931884766
YGL016W,YGL126W,0,1.7997013,0.19371362030506134,0.8320000171661377,0.34630000591278076
YLR274W,YNL130C,0,1.7994895,0.19366852939128876,0.8320000171661377,0.3463999927043915
YLR115W,YNL162W,0,1.7978388,0.19362345337867737,0.8320000171661377,0.3465000092983246
YDR228C,YLR148W,0,1.7972727,0.19357840716838837,0.8320000171661377,0.3465999960899353
YJL012C,YDR018C,0,1.7950503,0.19353337585926056,0.8320000171661377,0.3467000126838684
YMR091C,YCL064C,0,1.7946049,0.19348837435245514,0.8320000171661377,0.3467999994754791
YLL067C,YLR453C,0,1.7940111,0.1934433877468109,0.8320000171661377,0.34689998626708984
YBL106C,YPR016C,0,1.7933662,0.19339841604232788,0.8320000171661377,0.34700000286102295
YOR367W,YHL002W,0,1.7932637,0.19335347414016724,0.8320000171661377,0.34709998965263367
YDR110W,YEL019C,1,1.7917603,0.19354088604450226,0.8330000042915344,0.34709998965263367
YMR023C,YOL091W,0,1.7914327,0.19349592924118042,0.8330000042915344,0.3472000062465668
YER001W,YDL030W,0,1.7904229,0.19345100224018097,0.8330000042915344,0.3472999930381775
YHL006C,YHR039C,1,1.7894222,0.19363826513290405,0.8339999914169312,0.3472999930381775
YDR122W,YNL191W,0,1.7893755,0.19359330832958221,0.8339999914169312,0.3474000096321106
YNL081C,YHR200W,0,1.7889827,0.19354838132858276,0.8339999914169312,0.3474999964237213
YDR326C,YDR075W,0,1.7883782,0.1935034841299057,0.8339999914169312,0.3476000130176544
YLR237W,YDR248C,0,1.7882824,0.19345858693122864,0.8339999914169312,0.34769999980926514
YDR163W,YLR109W,0,1.7882055,0.19341373443603516,0.8339999914169312,0.34779998660087585
YCL051W,YLR233C,0,1.7881678,0.19336888194084167,0.8339999914169312,0.34790000319480896
YCR107W,YOR375C,0,1.7878203,0.19332405924797058,0.8339999914169312,0.3479999899864197
YJL109C,YMR154C,0,1.7875118,0.19327925145626068,0.8339999914169312,0.3481000065803528
YKR010C,YLR409C,0,1.7874029,0.19323447346687317,0.8339999914169312,0.3481999933719635
YDR288W,YKL113C,1,1.787264,0.1934213638305664,0.8349999785423279,0.3481999933719635
YMR282C,YPL116W,0,1.7871765,0.1933765560388565,0.8349999785423279,0.3483000099658966
YDR258C,YDR009W,0,1.7864481,0.1933317929506302,0.8349999785423279,0.3483999967575073
YMR224C,YHR081W,1,1.785301,0.1935185194015503,0.8360000252723694,0.3483999967575073
YLR032W,YHR117W,0,1.785264,0.1934737265110016,0.8360000252723694,0.34850001335144043
YGL231C,YGL095C,0,1.7841313,0.19342896342277527,0.8360000252723694,0.34860000014305115
YJL102W,YLR120C,0,1.7834711,0.19338423013687134,0.8360000252723694,0.34869998693466187
YER123W,YDL033C,0,1.7831974,0.1933394968509674,0.8360000252723694,0.34880000352859497
YOR346W,YAL034W-A,0,1.7829916,0.19329479336738586,0.8360000252723694,0.3488999903202057
YKR083C,YPR166C,0,1.7829288,0.1932501196861267,0.8360000252723694,0.3490000069141388
YPL145C,YJR126C,0,1.7828763,0.19320546090602875,0.8360000252723694,0.3490999937057495
YDL095W,YGR047C,0,1.7823792,0.19316081702709198,0.8360000252723694,0.3492000102996826
YOR273C,YLR210W,0,1.7819463,0.1931161880493164,0.8360000252723694,0.34929999709129333
YOL138C,YOL152W,0,1.7815872,0.19307158887386322,0.8360000252723694,0.34940001368522644
YAL051W,YDR003W,0,1.7809731,0.19302701950073242,0.8360000252723694,0.34950000047683716
YGL168W,YOR196C,0,1.7804644,0.19298245012760162,0.8360000252723694,0.3495999872684479
YKL108W,YOL056W,0,1.7799671,0.1929379254579544,0.8360000252723694,0.349700003862381
YPL089C,YIR017C,0,1.7792704,0.1928934007883072,0.8360000252723694,0.3497999906539917
YJL137C,YGL205W,0,1.7792084,0.19284890592098236,0.8360000252723694,0.3499000072479248
YGR080W,YJL008C,0,1.7788746,0.19280442595481873,0.8360000252723694,0.3499999940395355
YER147C,YER038C,1,1.7787697,0.19299054145812988,0.8370000123977661,0.3499999940395355
YMR289W,YDR311W,0,1.7778523,0.19294606149196625,0.8370000123977661,0.35010001063346863
YDL052C,YOR073W,0,1.7772617,0.1929015964269638,0.8370000123977661,0.35019999742507935
YPL045W,YIL008W,0,1.7764628,0.19285714626312256,0.8370000123977661,0.35030001401901245
YDL043C,YMR047C,0,1.7751067,0.1928127110004425,0.8370000123977661,0.35040000081062317
YPL239W,YBR057C,0,1.7750227,0.19276830554008484,0.8370000123977661,0.3504999876022339
YNL053W,YMR306W,0,1.7748525,0.19272392988204956,0.8370000123977661,0.350600004196167
YGR003W,YEL011W,0,1.7741964,0.19267955422401428,0.8370000123977661,0.3506999909877777
YMR015C,YCL039W,0,1.7723538,0.1926352083683014,0.8370000123977661,0.3508000075817108
YOL125W,YER118C,0,1.772306,0.1925908923149109,0.8370000123977661,0.35089999437332153
YOL068C,YML095C,1,1.7721901,0.192776620388031,0.8379999995231628,0.35089999437332153
YIL011W,YPR173C,0,1.7713275,0.1927322894334793,0.8379999995231628,0.35100001096725464
YPL046C,YER042W,0,1.771275,0.1926879733800888,0.8379999995231628,0.35109999775886536
YDR228C,YKL046C,0,1.7699335,0.1926436722278595,0.8379999995231628,0.35120001435279846
YBR097W,YFL024C,0,1.7695879,0.19259940087795258,0.8379999995231628,0.3513000011444092
YDL067C,YBR114W,0,1.7694126,0.19255514442920685,0.8379999995231628,0.3513999879360199
YLR207W,YKL052C,0,1.7691436,0.1925109177827835,0.8379999995231628,0.351500004529953
YHR115C,YLR070C,0,1.7686038,0.19246669113636017,0.8379999995231628,0.3515999913215637
YPL204W,YMR165C,0,1.7675474,0.1924225091934204,0.8379999995231628,0.3517000079154968
YGR274C,YEL020C,0,1.7673721,0.19237832725048065,0.8379999995231628,0.35179999470710754
YGL070C,YOR250C,0,1.7671851,0.19233417510986328,0.8379999995231628,0.35190001130104065
YOR048C,YJL186W,0,1.7671828,0.1922900378704071,0.8379999995231628,0.35199999809265137
YDR118W,YOR192C,0,1.7669433,0.19224593043327332,0.8379999995231628,0.3521000146865845
YPL103C,YBR264C,0,1.7668432,0.19220183789730072,0.8379999995231628,0.3522000014781952
YMR081C,YBR044C,0,1.7651453,0.19215776026248932,0.8379999995231628,0.3522999882698059
YKL108W,YDL230W,0,1.7650782,0.1921137124300003,0.8379999995231628,0.352400004863739
YDR118W,YLR242C,0,1.7644559,0.19206967949867249,0.8379999995231628,0.35249999165534973
YOR211C,YGR156W,0,1.7627518,0.19202566146850586,0.8379999995231628,0.35260000824928284
YDR005C,YOR132W,0,1.7625979,0.19198167324066162,0.8379999995231628,0.35269999504089355
YNL132W,YBR057C,0,1.7625098,0.19193769991397858,0.8379999995231628,0.35280001163482666
YER106W,YNL031C,0,1.7624463,0.19189374148845673,0.8379999995231628,0.3528999984264374
YHR013C,YMR086W,0,1.7607303,0.19184981286525726,0.8379999995231628,0.3529999852180481
YLL031C,YOR004W,0,1.7605685,0.191805899143219,0.8379999995231628,0.3531000018119812
YLR410W,YLR210W,0,1.7598988,0.1917620152235031,0.8379999995231628,0.3531999886035919
YOL098C,YDL230W,0,1.7595861,0.19171814620494843,0.8379999995231628,0.353300005197525
YKR087C,YOR257W,0,1.759137,0.19167429208755493,0.8379999995231628,0.35339999198913574
YPL248C,YIL158W,0,1.7591307,0.19163045287132263,0.8379999995231628,0.35350000858306885
YDR532C,YLR433C,0,1.7578816,0.19158664345741272,0.8379999995231628,0.35359999537467957
YGR220C,YDR289C,0,1.7566756,0.1915428638458252,0.8379999995231628,0.35370001196861267
YDL223C,YMR198W,0,1.7564746,0.19149908423423767,0.8379999995231628,0.3537999987602234
YMR306W,YML038C,0,1.7563326,0.19145533442497253,0.8379999995231628,0.3538999855518341
YOL144W,YKR013W,0,1.7547522,0.1914115995168686,0.8379999995231628,0.3540000021457672
YGL250W,YJL090C,1,1.7537302,0.19159625470638275,0.8389999866485596,0.3540000021457672
YJL058C,YMR216C,0,1.7532408,0.19155250489711761,0.8389999866485596,0.35409998893737793
YDR379W,YIL137C,0,1.7527978,0.19150878489017487,0.8389999866485596,0.35420000553131104
YNR063W,YJL048C,0,1.7512012,0.1914650797843933,0.8389999866485596,0.35429999232292175
YBR241C,YDR248C,0,1.7500992,0.19142140448093414,0.8389999866485596,0.35440000891685486
YPR054W,YDL004W,0,1.7495413,0.19137774407863617,0.8389999866485596,0.3544999957084656
YPL269W,YER161C,0,1.7481512,0.1913340985774994,0.8389999866485596,0.3546000123023987
YBR162W-A,YIL026C,0,1.7463062,0.1912904679775238,0.8389999866485596,0.3546999990940094
YMR257C,YOR322C,0,1.7457641,0.1912468671798706,0.8389999866485596,0.3547999858856201
YFL037W,YGR091W,0,1.7453284,0.1912032812833786,0.8389999866485596,0.3549000024795532
YOR113W,YPR061C,0,1.7452922,0.1911597102880478,0.8389999866485596,0.35499998927116394
YDR538W,YGL023C,0,1.7441009,0.19111616909503937,0.8389999866485596,0.35510000586509705
YPR166C,YMR154C,0,1.7435796,0.19107264280319214,0.8389999866485596,0.35519999265670776
YPL140C,YOR130C,0,1.7409775,0.1910291463136673,0.8389999866485596,0.35530000925064087
YLR133W,YMR264W,0,1.7408581,0.19098566472530365,0.8389999866485596,0.3553999960422516
YGR054W,YOR080W,0,1.7406228,0.1909421980381012,0.8389999866485596,0.3555000126361847
YFL031W,YOR188W,0,1.7405398,0.19089874625205994,0.8389999866485596,0.3555999994277954
YFR046C,YGL095C,0,1.740174,0.19085532426834106,0.8389999866485596,0.35569998621940613
YPR031W,YCR097W,0,1.738729,0.1908119171857834,0.8389999866485596,0.35580000281333923
YPL254W,YJL207C,0,1.7387258,0.1907685250043869,0.8389999866485596,0.35589998960494995
YDR443C,YOR337W,0,1.7386277,0.1907251626253128,0.8389999866485596,0.35600000619888306
YER164W,YEL027W,0,1.7383373,0.1906818151473999,0.8389999866485596,0.3560999929904938
YER094C,YIL160C,0,1.7378464,0.1906384974718094,0.8389999866485596,0.3562000095844269
YPR107C,YCR096C,0,1.7368559,0.19059517979621887,0.8389999866485596,0.3562999963760376
YLR099C,YER111C,0,1.7367065,0.19055189192295074,0.8389999866485596,0.3564000129699707
YKL141W,YLR414C,0,1.7362461,0.190508633852005,0.8389999866485596,0.3564999997615814
YPR065W,YHR203C,0,1.736114,0.19046537578105927,0.8389999866485596,0.35659998655319214
YNL103W,YLL014W,0,1.7352412,0.1904221475124359,0.8389999866485596,0.35670000314712524
YDL079C,YPL253C,0,1.7349141,0.19037894904613495,0.8389999866485596,0.35679998993873596
YHR194W,YKL221W,0,1.7349102,0.19033575057983398,0.8389999866485596,0.35690000653266907
YNL088W,YDR288W,1,1.7343855,0.19051939249038696,0.8399999737739563,0.35690000653266907
YDR307W,YOR120W,0,1.7341735,0.190476194024086,0.8399999737739563,0.3569999933242798
YOR172W,YPL153C,0,1.7329783,0.19043301045894623,0.8399999737739563,0.3571000099182129
YNL293W,YDR143C,0,1.7324032,0.19038984179496765,0.8399999737739563,0.3571999967098236
YDR191W,YNR016C,0,1.7317837,0.19034670293331146,0.8399999737739563,0.3573000133037567
YMR190C,YPL283C,1,1.7316501,0.19053013622760773,0.8410000205039978,0.3573000133037567
YCR073C,YMR263W,0,1.7306799,0.19048698246479034,0.8410000205039978,0.35740000009536743
YPL005W,YLR127C,0,1.7305324,0.19044384360313416,0.8410000205039978,0.35749998688697815
YLR403W,YIL114C,0,1.7294309,0.19040071964263916,0.8410000205039978,0.35760000348091125
YKL179C,YLR013W,0,1.72859,0.19035762548446655,0.8410000205039978,0.357699990272522
YGR194C,YDR394W,0,1.7285346,0.19031454622745514,0.8410000205039978,0.3578000068664551
YDR456W,YHR073W,0,1.728114,0.1902714967727661,0.8410000205039978,0.3578999936580658
YDR011W,YKR100C,0,1.7280037,0.19022846221923828,0.8410000205039978,0.3580000102519989
YML027W,YIR012W,0,1.7268654,0.19018544256687164,0.8410000205039978,0.3580999970436096
YKR095W,YNL056W,0,1.7266928,0.1901424378156662,0.8410000205039978,0.3582000136375427
YJL148W,YKR050W,0,1.7255217,0.19009946286678314,0.8410000205039978,0.35830000042915344
YNL088W,YMR001C,1,1.7252715,0.19028247892856598,0.8420000076293945,0.35830000042915344
YKL173W,YNL176C,0,1.7252246,0.19023948907852173,0.8420000076293945,0.35839998722076416
YCL055W,YDR247W,0,1.7250762,0.19019651412963867,0.8420000076293945,0.35850000381469727
YOR197W,YOR344C,0,1.7249433,0.190153568983078,0.8420000076293945,0.358599990606308
YAL041W,YNR048W,0,1.7248952,0.19011063873767853,0.8420000076293945,0.3587000072002411
YLR214W,YHL022C,0,1.7240156,0.19006772339344025,0.8420000076293945,0.3587999939918518
YDR320C,YGR166W,0,1.7239702,0.19002482295036316,0.8420000076293945,0.3589000105857849
YDR236C,YBL021C,0,1.7234602,0.18998195230960846,0.8420000076293945,0.35899999737739563
YKL049C,YOL021C,0,1.7233648,0.18993909657001495,0.8420000076293945,0.35910001397132874
YHR043C,YNL045W,0,1.7229397,0.18989625573158264,0.8420000076293945,0.35920000076293945
YGR014W,YMR262W,0,1.7227905,0.18985344469547272,0.8420000076293945,0.35929998755455017
YMR306W,YAL055W,0,1.722723,0.1898106336593628,0.8420000076293945,0.3594000041484833
YOR228C,YDL020C,0,1.7225982,0.18976786732673645,0.8420000076293945,0.359499990940094
YLR263W,YDR004W,1,1.7217112,0.18995042145252228,0.8429999947547913,0.359499990940094
YNL058C,YBR101C,0,1.7181207,0.18990764021873474,0.8429999947547913,0.3596000075340271
YBR167C,YPR118W,0,1.7175901,0.1898648589849472,0.8429999947547913,0.3596999943256378
YDL066W,YDL030W,0,1.7175314,0.18982210755348206,0.8429999947547913,0.3598000109195709
YBR055C,YLR097C,0,1.7174582,0.1897793859243393,0.8429999947547913,0.35989999771118164
YDL079C,YHR191C,0,1.7169206,0.18973666429519653,0.8429999947547913,0.36000001430511475
YNL279W,YPR007C,0,1.716576,0.18969397246837616,0.8429999947547913,0.36010000109672546
YDL113C,YCR097W,0,1.715867,0.18965129554271698,0.8429999947547913,0.3601999878883362
YOR339C,YFL016C,0,1.7157142,0.189608633518219,0.8429999947547913,0.3603000044822693
YGL097W,YOR308C,0,1.7156489,0.1895660012960434,0.8429999947547913,0.36039999127388
YBL063W,YHR084W,0,1.715352,0.189523383975029,0.8429999947547913,0.3605000078678131
YPR114W,YML104C,0,1.7152709,0.18948078155517578,0.8429999947547913,0.36059999465942383
YOR127W,YDL058W,0,1.7152058,0.18943820893764496,0.8429999947547913,0.36070001125335693
YJL157C,YHL036W,0,1.7148687,0.18939563632011414,0.8429999947547913,0.36079999804496765
YKR095W,YLR059C,0,1.7132689,0.1893530935049057,0.8429999947547913,0.36090001463890076
YPR168W,YER075C,0,1.7130382,0.18931058049201965,0.8429999947547913,0.3610000014305115
YIL154C,YLR246W,0,1.7128803,0.1892680674791336,0.8429999947547913,0.3610999882221222
YIL065C,YIL067C,0,1.7125167,0.18922558426856995,0.8429999947547913,0.3612000048160553
YPL146C,YLR092W,0,1.7121775,0.18918313086032867,0.8429999947547913,0.361299991607666
YPL144W,YNL001W,0,1.712048,0.1891406774520874,0.8429999947547913,0.3614000082015991
YCR097W,YLL050C,0,1.712043,0.18909825384616852,0.8429999947547913,0.36149999499320984
YGR156W,YNL068C,0,1.711921,0.18905584514141083,0.8429999947547913,0.36160001158714294
YGL093W,YLR060W,0,1.7114037,0.18901345133781433,0.8429999947547913,0.36169999837875366
YGL073W,YIL067C,0,1.7112207,0.18897108733654022,0.8429999947547913,0.3617999851703644
YLR426W,YDR495C,0,1.7110354,0.1889287382364273,0.8429999947547913,0.3619000017642975
YGR067C,YOR272W,0,1.7105179,0.18888640403747559,0.8429999947547913,0.3619999885559082
YLR083C,YBR139W,0,1.7102718,0.18884408473968506,0.8429999947547913,0.3621000051498413
YPR075C,YLR274W,0,1.710147,0.18880179524421692,0.8429999947547913,0.362199991941452
YGL194C,YIL033C,0,1.709969,0.18875952064990997,0.8429999947547913,0.36230000853538513
YNL041C,YOR260W,0,1.7090051,0.18871726095676422,0.8429999947547913,0.36239999532699585
YDL146W,YNL280C,0,1.7088906,0.18867501616477966,0.8429999947547913,0.36250001192092896
YBR041W,YOR017W,0,1.70874,0.1886328011751175,0.8429999947547913,0.3625999987125397
YML093W,YBR169C,0,1.7076344,0.18859060108661652,0.8429999947547913,0.3626999855041504
YML126C,YLR449W,0,1.7072475,0.18854841589927673,0.8429999947547913,0.3628000020980835
YKL158W,YDL103C,0,1.7070568,0.18850626051425934,0.8429999947547913,0.3628999888896942
YNL167C,YPR052C,0,1.7070559,0.18846412003040314,0.8429999947547913,0.3630000054836273
YLR327C,YKR018C,0,1.7069976,0.18842199444770813,0.8429999947547913,0.36309999227523804
YPL168W,YHR084W,0,1.7069095,0.18837988376617432,0.8429999947547913,0.36320000886917114
YDR186C,YHR122W,0,1.7065878,0.1883378028869629,0.8429999947547913,0.36329999566078186
YIL154C,YHR142W,0,1.7065454,0.18829573690891266,0.8429999947547913,0.36340001225471497
YGR148C,YBL097W,0,1.7062547,0.18825368583202362,0.8429999947547913,0.3634999990463257
YOL044W,YDR425W,0,1.7057585,0.18821164965629578,0.8429999947547913,0.3635999858379364
YGL128C,YDR316W,0,1.7055705,0.18816964328289032,0.8429999947547913,0.3637000024318695
YCR047C,YPR161C,0,1.7053018,0.18812765181064606,0.8429999947547913,0.3637999892234802
YPL214C,YIL051C,0,1.7048981,0.188085675239563,0.8429999947547913,0.36390000581741333
YJL056C,YDR515W,0,1.7045019,0.1880437135696411,0.8429999947547913,0.36399999260902405
YIL064W,YNR016C,0,1.7032627,0.18800178170204163,0.8429999947547913,0.36410000920295715
YNL293W,YDL108W,0,1.7019746,0.18795986473560333,0.8429999947547913,0.36419999599456787
YKR097W,YDR469W,0,1.7010561,0.18791796267032623,0.8429999947547913,0.364300012588501
YMR231W,YGL206C,0,1.7008551,0.18787609040737152,0.8429999947547913,0.3643999993801117
YGR194C,YMR264W,0,1.6996318,0.1878342181444168,0.8429999947547913,0.3644999861717224
YOR201C,YDR279W,0,1.6995952,0.18779237568378448,0.8429999947547913,0.3646000027656555
YGR005C,YLR272C,0,1.6977065,0.18775056302547455,0.8429999947547913,0.36469998955726624
YKL195W,YNR073C,0,1.6974311,0.1877087503671646,0.8429999947547913,0.36480000615119934
YKL154W,YKR061W,0,1.696785,0.18766696751117706,0.8429999947547913,0.36489999294281006
YOR193W,YLR451W,0,1.6962949,0.1876251995563507,0.8429999947547913,0.36500000953674316
YDL138W,YBR106W,0,1.6958159,0.18758344650268555,0.8429999947547913,0.3650999963283539
YNL221C,YAR019C,0,1.6953988,0.18754170835018158,0.8429999947547913,0.365200012922287
YLR396C,YDR462W,0,1.6937476,0.1875,0.8429999947547913,0.3652999997138977
YGR087C,YKL055C,0,1.6935301,0.18745830655097961,0.8429999947547913,0.3653999865055084
YML076C,YDR320C,0,1.6927549,0.18741662800312042,0.8429999947547913,0.36550000309944153
YLR345W,YHL035C,0,1.6923234,0.18737497925758362,0.8429999947547913,0.36559998989105225
YFR034C,YJL054W,0,1.6921698,0.18733333051204681,0.8429999947547913,0.36570000648498535
YNL012W,YPL236C,0,1.6919017,0.1872917115688324,0.8429999947547913,0.36579999327659607
YNL158W,YAL001C,0,1.6917331,0.18725010752677917,0.8429999947547913,0.3659000098705292
YNL264C,YPL157W,0,1.6914593,0.18720853328704834,0.8429999947547913,0.3659999966621399
YJL221C,YPL089C,0,1.6904275,0.1871669590473175,0.8429999947547913,0.366100013256073
YBR181C,YPR037C,0,1.6890609,0.18712541460990906,0.8429999947547913,0.3662000000476837
YPL123C,YLR332W,0,1.6889638,0.1870838850736618,0.8429999947547913,0.36629998683929443
YMR268C,YGL008C,0,1.6888368,0.18704238533973694,0.8429999947547913,0.36640000343322754
YMR244C-A,YNL056W,0,1.6887386,0.18700088560581207,0.8429999947547913,0.36649999022483826
YDR471W,YBR056W,0,1.6884503,0.1869594156742096,0.8429999947547913,0.36660000681877136
YMR287C,YGL226W,0,1.6880281,0.1869179606437683,0.8429999947547913,0.3666999936103821
YBR073W,YER147C,1,1.6878945,0.1870982050895691,0.843999981880188,0.3666999936103821
YDR116C,YIL119C,0,1.6872824,0.1870567351579666,0.843999981880188,0.3668000102043152
YJR033C,YKL108W,0,1.6869029,0.18701529502868652,0.843999981880188,0.3668999969959259
YBR083W,YNL158W,0,1.6866848,0.18697385489940643,0.843999981880188,0.367000013589859
YNL289W,YDR028C,0,1.6865618,0.18693244457244873,0.843999981880188,0.3671000003814697
YCL016C,YMR313C,0,1.6864077,0.18689104914665222,0.843999981880188,0.36719998717308044
YJL179W,YGR278W,0,1.6854899,0.1868496835231781,0.843999981880188,0.36730000376701355
YEL011W,YBR039W,0,1.6854373,0.18680831789970398,0.843999981880188,0.36739999055862427
YDR191W,YBL030C,0,1.6847951,0.18676698207855225,0.843999981880188,0.3675000071525574
YPR022C,YPL084W,0,1.6840937,0.1867256611585617,0.843999981880188,0.3675999939441681
YGR041W,YIL053W,0,1.6829695,0.18668435513973236,0.843999981880188,0.3677000105381012
YGL195W,YLR233C,0,1.6821334,0.1866430789232254,0.843999981880188,0.3677999973297119
YOR058C,YJR058C,0,1.6816998,0.18660181760787964,0.843999981880188,0.367900013923645
YDR326C,YBL063W,0,1.6815935,0.18656057119369507,0.843999981880188,0.36800000071525574
YPL135W,YCL038C,0,1.6814703,0.1865193396806717,0.843999981880188,0.36809998750686646
YKL006C-A,YDR259C,0,1.6807809,0.1864781230688095,0.843999981880188,0.36820000410079956
YLR040C,YBR159W,0,1.6805072,0.18643693625926971,0.843999981880188,0.3682999908924103
YLR256W,YDR107C,0,1.6802752,0.1863957643508911,0.843999981880188,0.3684000074863434
YJL158C,YOR022C,0,1.6801448,0.1863546073436737,0.843999981880188,0.3684999942779541
YHR183W,YFR003C,0,1.6794602,0.1863134652376175,0.843999981880188,0.3686000108718872
YKR095W,YPL153C,0,1.6786582,0.18627235293388367,0.843999981880188,0.3686999976634979
YJL046W,YNR007C,0,1.6776767,0.18623124063014984,0.843999981880188,0.36880001425743103
YOR069W,YKL084W,0,1.6771872,0.1861901581287384,0.843999981880188,0.36890000104904175
YOR167C,YNL305C,0,1.6766306,0.18614909052848816,0.843999981880188,0.36899998784065247
YOL068C,YKL011C,1,1.6761131,0.18632856011390686,0.8450000286102295,0.36899998784065247
YOR231W,YNL152W,0,1.6757517,0.18628747761249542,0.8450000286102295,0.36910000443458557
YJL069C,YIL109C,0,1.6754259,0.18624642491340637,0.8450000286102295,0.3691999912261963
YHR016C,YFR006W,0,1.6753577,0.18620537221431732,0.8450000286102295,0.3693000078201294
YAL055W,YKR034W,0,1.6752895,0.18616434931755066,0.8450000286102295,0.3693999946117401
YLR424W,YDR119W,0,1.6750939,0.1861233413219452,0.8450000286102295,0.3695000112056732
YOR270C,YOL156W,0,1.6747817,0.1860823631286621,0.8450000286102295,0.36959999799728394
YGR287C,YMR297W,0,1.6736591,0.18604138493537903,0.8450000286102295,0.36970001459121704
YJL014W,YEL064C,0,1.6734035,0.18600043654441833,0.8450000286102295,0.36980000138282776
YPR022C,YHR201C,0,1.6733499,0.18595950305461884,0.8450000286102295,0.3698999881744385
YML009C,YBR019C,0,1.6725612,0.18591858446598053,0.8450000286102295,0.3700000047683716
YML041C,YNL212W,0,1.6716981,0.1858776956796646,0.8450000286102295,0.3700999915599823
YNL180C,YPL155C,0,1.6715515,0.1858368217945099,0.8450000286102295,0.3702000081539154
YDR219C,YBR030W,0,1.6714885,0.18579594790935516,0.8450000286102295,0.3702999949455261
YBR200W,YMR211W,0,1.6696821,0.18575510382652283,0.8450000286102295,0.37040001153945923
YNL009W,YJL101C,0,1.6682563,0.18571428954601288,0.8450000286102295,0.37049999833106995
YLR172C,YOL058W,0,1.6682229,0.18567347526550293,0.8450000286102295,0.37059998512268066
YDL130W-A,YNL181W,0,1.6668417,0.18563269078731537,0.8450000286102295,0.37070000171661377
YMR165C,YNL242W,0,1.6666336,0.185591921210289,0.8450000286102295,0.3707999885082245
YPL100W,YPR073C,0,1.6663992,0.18555116653442383,0.8450000286102295,0.3709000051021576
YEL059C-A,YGR140W,0,1.6662245,0.18551042675971985,0.8450000286102295,0.3709999918937683
YPL116W,YMR286W,0,1.665626,0.18546971678733826,0.8450000286102295,0.3711000084877014
YDR315C,YER065C,0,1.6655372,0.18542900681495667,0.8450000286102295,0.37119999527931213
YLR222C,YBL063W,0,1.665469,0.18538832664489746,0.8450000286102295,0.37130001187324524
YOR066W,YNL315C,0,1.6653204,0.18534766137599945,0.8450000286102295,0.37139999866485596
YLR451W,YPL179W,0,1.6648526,0.18530701100826263,0.8450000286102295,0.3714999854564667
YMR274C,YMR040W,0,1.6646211,0.1852663904428482,0.8450000286102295,0.3716000020503998
YLR258W,YDL231C,0,1.6644232,0.18522578477859497,0.8450000286102295,0.3716999888420105
YGR099W,YER065C,0,1.6630607,0.18518517911434174,0.8450000286102295,0.3718000054359436
YOR101W,YHL022C,0,1.6624511,0.1851446032524109,0.8450000286102295,0.3718999922275543
YKL051W,YJR048W,0,1.6619159,0.18510405719280243,0.8450000286102295,0.3720000088214874
YAL053W,YIR019C,0,1.6618035,0.18506351113319397,0.8450000286102295,0.37209999561309814
YOR172W,YPR034W,0,1.6612881,0.1850229948759079,0.8450000286102295,0.37220001220703125
YML031W,YGR278W,0,1.6609523,0.18498249351978302,0.8450000286102295,0.37229999899864197
YHR202W,YBR034C,0,1.6604164,0.18494200706481934,0.8450000286102295,0.3723999857902527
YOR234C,YEL048C,0,1.6599948,0.18490153551101685,0.8450000286102295,0.3725000023841858
YNR053C,YGR088W,0,1.6585138,0.18486107885837555,0.8450000286102295,0.3725999891757965
YIL131C,YBL035C,0,1.6582935,0.18482065200805664,0.8450000286102295,0.3727000057697296
YBR301W,YER113C,0,1.6579751,0.18478022515773773,0.8450000286102295,0.37279999256134033
YML098W,YKR037C,0,1.6576238,0.1847398281097412,0.8450000286102295,0.37290000915527344
YDR477W,YOR306C,0,1.6572595,0.18469946086406708,0.8450000286102295,0.37299999594688416
YDR489W,YFL004W,0,1.6569905,0.18465909361839294,0.8450000286102295,0.37310001254081726
YPR065W,YDL195W,0,1.6567973,0.18461874127388,0.8450000286102295,0.373199999332428
YKL222C,YDL104C,0,1.656596,0.18457841873168945,0.8450000286102295,0.3732999861240387
YLR117C,YJR041C,0,1.6560371,0.1845381110906601,0.8450000286102295,0.3734000027179718
YOR229W,YLR132C,0,1.6551279,0.18449781835079193,0.8450000286102295,0.3734999895095825
YLR352W,YKL183W,0,1.6540968,0.18445754051208496,0.8450000286102295,0.3736000061035156
YGL049C,YKL004W,0,1.6539793,0.18441729247570038,0.8450000286102295,0.37369999289512634
YLR466W,YPL022W,1,1.6535096,0.1845952421426773,0.8460000157356262,0.37369999289512634
YNL194C,YER122C,0,1.6527057,0.18455497920513153,0.8460000157356262,0.37380000948905945
YKL096W,YIL075C,0,1.6525493,0.18451471626758575,0.8460000157356262,0.37389999628067017
YGL079W,YPR103W,0,1.6523852,0.18447448313236237,0.8460000157356262,0.37400001287460327
YBR088C,YHR167W,1,1.6518432,0.18465228378772736,0.847000002861023,0.37400001287460327
YOR117W,YML116W,0,1.6510358,0.18461203575134277,0.847000002861023,0.374099999666214
YMR044W,YIL068C,0,1.6494776,0.18457180261611938,0.847000002861023,0.3741999864578247
YBR088C,YML023C,1,1.646199,0.18474945425987244,0.8479999899864197,0.3741999864578247
YLR439W,YLR039C,0,1.6460723,0.18470922112464905,0.8479999899864197,0.3743000030517578
YDR108W,YBR293W,0,1.6459306,0.18466898798942566,0.8479999899864197,0.37439998984336853
YOR083W,YBR200W,0,1.6458793,0.18462878465652466,0.8479999899864197,0.37450000643730164
YMR070W,YKR003W,0,1.6447058,0.18458859622478485,0.8479999899864197,0.37459999322891235
YHR092C,YDL230W,0,1.644118,0.18454842269420624,0.8479999899864197,0.37470000982284546
YBL014C,YHR166C,0,1.6440394,0.18450826406478882,0.8479999899864197,0.3747999966144562
YDL025C,YLR071C,0,1.6429576,0.1844681352376938,0.8479999899864197,0.3749000132083893
YOR356W,YDR422C,0,1.6426365,0.18442800641059875,0.8479999899864197,0.375
YKR088C,YLR377C,0,1.6424091,0.1843879073858261,0.8479999899864197,0.3750999867916107
YPL210C,YER033C,0,1.6422694,0.18434782326221466,0.8479999899864197,0.3752000033855438
YPL233W,YOR250C,0,1.6406714,0.1843077540397644,0.8479999899864197,0.37529999017715454
YLR134W,YNL151C,0,1.640099,0.18426771461963654,0.8479999899864197,0.37540000677108765
YPL090C,YFR015C,0,1.6387782,0.18422767519950867,0.8479999899864197,0.37549999356269836
YJL008C,YGR235C,0,1.6387477,0.18418766558170319,0.8479999899864197,0.37560001015663147
YMR088C,YOR253W,0,1.6386342,0.1841476708650589,0.8479999899864197,0.3756999969482422
YMR167W,YPR164W,1,1.6381797,0.18432480096817017,0.8489999771118164,0.3756999969482422
YNL291C,YNL190W,0,1.6375356,0.18428479135036469,0.8489999771118164,0.3758000135421753
YGR208W,YDR108W,0,1.6361792,0.1842447966337204,0.8489999771118164,0.375900000333786
YLR406C,YBR241C,0,1.6359419,0.1842048168182373,0.8489999771118164,0.37599998712539673
YNL288W,YNL164C,0,1.6354809,0.1841648519039154,0.8489999771118164,0.37610000371932983
YER029C,YLR233C,0,1.6345462,0.1841249167919159,0.8489999771118164,0.37619999051094055
YGR165W,YDL003W,0,1.6340612,0.18408499658107758,0.8489999771118164,0.37630000710487366
YER027C,YHR017W,0,1.6335695,0.18404509127140045,0.8489999771118164,0.3763999938964844
YLR052W,YIL130W,0,1.6330147,0.18400520086288452,0.8489999771118164,0.3765000104904175
YDR028C,YGL059W,0,1.6327938,0.18396532535552979,0.8489999771118164,0.3765999972820282
YGR065C,YML131W,0,1.6322539,0.18392547965049744,0.8489999771118164,0.3767000138759613
YLR310C,YGL115W,0,1.6311632,0.1838856339454651,0.8489999771118164,0.376800000667572
YNL164C,YER019W,0,1.6301203,0.18384581804275513,0.8489999771118164,0.37689998745918274
YKR058W,YLR446W,0,1.6286573,0.18380601704120636,0.8489999771118164,0.37700000405311584
YDR480W,YGR108W,0,1.6284235,0.1837662309408188,0.8489999771118164,0.37709999084472656
YDR113C,YNL312W,1,1.6280007,0.18394286930561066,0.8500000238418579,0.37709999084472656
YLR421C,YBR161W,0,1.6274828,0.1839030683040619,0.8500000238418579,0.37720000743865967
YOR193W,YMR098C,0,1.6268378,0.1838632971048355,0.8500000238418579,0.3772999942302704
YIL117C,YKR030W,0,1.6263902,0.18382352590560913,0.8500000238418579,0.3774000108242035
YOR032C,YER014W,0,1.626343,0.18378378450870514,0.8500000238418579,0.3774999976158142
YDL207W,YIL040W,0,1.626103,0.18374405801296234,0.8500000238418579,0.3776000142097473
YJL198W,YDR176W,0,1.62605,0.18370434641838074,0.8500000238418579,0.37770000100135803
YPL246C,YIL127C,0,1.6242194,0.18366464972496033,0.8500000238418579,0.37779998779296875
YML038C,YBR214W,0,1.6238908,0.1836249679327011,0.8500000238418579,0.37790000438690186
YLR189C,YDL188C,0,1.6230559,0.18358531594276428,0.8500000238418579,0.3779999911785126
YOR288C,YCR081W,0,1.6229364,0.18354566395282745,0.8500000238418579,0.3781000077724457
YLR035C,YJR043C,1,1.6228061,0.18372192978858948,0.8510000109672546,0.3781000077724457
YML004C,YGR054W,0,1.6213061,0.18368227779865265,0.8510000109672546,0.3781999945640564
YLR258W,YDR219C,0,1.6193049,0.18364264070987701,0.8510000109672546,0.3783000111579895
YPR081C,YMR314W,0,1.6191981,0.18360301852226257,0.8510000109672546,0.3783999979496002
YOR266W,YNR024W,0,1.6187415,0.18356341123580933,0.8510000109672546,0.3785000145435333
YGL144C,YNL161W,0,1.6182508,0.18352383375167847,0.8510000109672546,0.37860000133514404
YIL015W,YHR203C,0,1.617213,0.1834842562675476,0.8510000109672546,0.37869998812675476
YDR057W,YGR274C,0,1.6168549,0.18344470858573914,0.8510000109672546,0.37880000472068787
YBL018C,YPL008W,0,1.6168242,0.18340517580509186,0.8510000109672546,0.3788999915122986
YPR185W,YER184C,0,1.6165757,0.18336565792560577,0.8510000109672546,0.3790000081062317
YGL079W,YNR045W,0,1.6161267,0.18332615494728088,0.8510000109672546,0.3790999948978424
YLR337C,YJL091C,0,1.61571,0.1832866668701172,0.8510000109672546,0.3792000114917755
YPL066W,YFR025C,0,1.6151963,0.18324719369411469,0.8510000109672546,0.37929999828338623
YLR368W,YHR148W,0,1.6149592,0.18320775032043457,0.8510000109672546,0.37940001487731934
YDL164C,YHR081W,1,1.6146572,0.18338355422019958,0.8519999980926514,0.37940001487731934
YMR012W,YLR442C,0,1.6145138,0.18334409594535828,0.8519999980926514,0.37950000166893005
YJL210W,YDR356W,0,1.6142464,0.18330465257167816,0.8519999980926514,0.37959998846054077
YJR118C,YMR053C,0,1.6138642,0.18326522409915924,0.8519999980926514,0.3797000050544739
YMR268C,YGL025C,0,1.6137552,0.1832258105278015,0.8519999980926514,0.3797999918460846
YIL129C,YDR322W,0,1.6130327,0.18318641185760498,0.8519999980926514,0.3799000084400177
YJL036W,YLR166C,0,1.6121099,0.18314702808856964,0.8519999980926514,0.3799999952316284
YPR133C,YBL037W,0,1.6111032,0.1831076741218567,0.8519999980926514,0.3801000118255615
YLR234W,YKR099W,1,1.6100338,0.18328319489955902,0.8529999852180481,0.3801000118255615
YER123W,YNL242W,0,1.6092105,0.18324382603168488,0.8529999852180481,0.38019999861717224
YBR212W,YGL194C,0,1.6092099,0.18320447206497192,0.8529999852180481,0.38029998540878296
YER106W,YOR086C,0,1.6083639,0.18316513299942017,0.8529999852180481,0.38040000200271606
YDR372C,YOL012C,0,1.6083422,0.1831258088350296,0.8529999852180481,0.3804999887943268
YJR132W,YPL063W,0,1.6079319,0.18308649957180023,0.8529999852180481,0.3806000053882599
YBL061C,YDR289C,0,1.6078342,0.18304720520973206,0.8529999852180481,0.3806999921798706
YGL067W,YOR016C,0,1.6070775,0.18300794064998627,0.8529999852180481,0.3808000087738037
YCR034W,YLR459W,0,1.6050531,0.18296867609024048,0.8529999852180481,0.38089999556541443
YPL144W,YPL265W,0,1.6039889,0.18292944133281708,0.8529999852180481,0.38100001215934753
YNL326C,YER060W-A,0,1.6034511,0.18289022147655487,0.8529999852180481,0.38109999895095825
YBR034C,YLR363C,0,1.6024604,0.18285101652145386,0.8529999852180481,0.38119998574256897
YGL039W,YMR109W,0,1.6022198,0.18281182646751404,0.8529999852180481,0.3813000023365021
YDL020C,YGR005C,0,1.6020322,0.1827726662158966,0.8529999852180481,0.3813999891281128
YDR252W,YGR009C,0,1.6020095,0.18273350596427917,0.8529999852180481,0.3815000057220459
YOR177C,YBL020W,0,1.6016624,0.18269436061382294,0.8529999852180481,0.3815999925136566
YMR001C,YHR081W,1,1.6015002,0.18286937475204468,0.8539999723434448,0.3815999925136566
YGL185C,YGR191W,0,1.6014978,0.18283022940158844,0.8539999723434448,0.3817000091075897
YDL145C,YBL084C,0,1.6012748,0.1827910989522934,0.8539999723434448,0.38179999589920044
YJL122W,YBL013W,0,1.6012301,0.18275198340415955,0.8539999723434448,0.38190001249313354
YHR197W,YLL024C,0,1.6006812,0.1827128827571869,0.8539999723434448,0.38199999928474426
YNL245C,YER044C,0,1.5993152,0.18267379701137543,0.8539999723434448,0.382099986076355
YDR111C,YHR003C,0,1.5983272,0.18263472616672516,0.8539999723434448,0.3822000026702881
YCR054C,YBR030W,0,1.598124,0.18259568512439728,0.8539999723434448,0.3822999894618988
YKL188C,YNL005C,0,1.597708,0.1825566440820694,0.8539999723434448,0.3824000060558319
YDL115C,YFR051C,0,1.5974799,0.1825176328420639,0.8539999723434448,0.3824999928474426
YCR058C,YLR333C,0,1.5973881,0.1824786365032196,0.8539999723434448,0.38260000944137573
YGL008C,YER127W,0,1.5961947,0.1824396550655365,0.8539999723434448,0.38269999623298645
YOR077W,YHR205W,0,1.595897,0.1824006885290146,0.8539999723434448,0.38280001282691956
YGL096W,YHR117W,0,1.5958319,0.18236173689365387,0.8539999723434448,0.3828999996185303
YPL214C,YOR221C,0,1.5955131,0.18232280015945435,0.8539999723434448,0.382999986410141
YML008C,YGR035C,0,1.5953698,0.18228387832641602,0.8539999723434448,0.3831000030040741
YJR089W,YIL098C,0,1.5944922,0.18224498629570007,0.8539999723434448,0.3831999897956848
YJR086W,YPR032W,0,1.5938063,0.18220610916614532,0.8539999723434448,0.3833000063896179
YLR221C,YJR013W,0,1.5937594,0.18216723203659058,0.8539999723434448,0.38339999318122864
YGR121C,YER153C,0,1.5930023,0.18212838470935822,0.8539999723434448,0.38350000977516174
YHR073W,YPR103W,0,1.5925461,0.18208955228328705,0.8539999723434448,0.38359999656677246
YLR378C,YKL221W,0,1.5922902,0.18205073475837708,0.8539999723434448,0.38370001316070557
YPL270W,YIR017C,0,1.5921133,0.1820119321346283,0.8539999723434448,0.3837999999523163
YML092C,YGR030C,0,1.5919706,0.1819731444120407,0.8539999723434448,0.383899986743927
YKR086W,YKR003W,0,1.5918851,0.1819343864917755,0.8539999723434448,0.3840000033378601
YEL017C-A,YDR143C,0,1.5916847,0.18189562857151031,0.8539999723434448,0.3840999901294708
YDR524C,YGL017W,0,1.5916502,0.1818569004535675,0.8539999723434448,0.38420000672340393
YNL339C,YER038C,1,1.5913771,0.1820310801267624,0.8550000190734863,0.38420000672340393
YMR207C,YDL141W,0,1.5913279,0.1819923371076584,0.8550000190734863,0.38429999351501465
YLR011W,YBR091C,0,1.588687,0.18195360898971558,0.8550000190734863,0.38440001010894775
YGR202C,YPR049C,0,1.5882663,0.18191489577293396,0.8550000190734863,0.38449999690055847
YCR040W,YMR104C,0,1.5880588,0.18187619745731354,0.8550000190734863,0.3846000134944916
YBR161W,YDL240W,0,1.5879791,0.1818375140428543,0.8550000190734863,0.3847000002861023
YJL137C,YPL005W,0,1.5867324,0.18179884552955627,0.8550000190734863,0.384799987077713
YKL212W,YNR051C,0,1.586396,0.18176020681858063,0.8550000190734863,0.3849000036716461
YKL194C,YAL034W-A,0,1.5849307,0.18172156810760498,0.8550000190734863,0.38499999046325684
YNL024C,YDR384C,0,1.5843682,0.18168295919895172,0.8550000190734863,0.38510000705718994
YLR190W,YDR291W,0,1.5842689,0.18164436519145966,0.8550000190734863,0.38519999384880066
YML123C,YMR037C,0,1.5842285,0.1816057711839676,0.8550000190734863,0.38530001044273376
YLR081W,YBL014C,0,1.5832071,0.1815672069787979,0.8550000190734863,0.3853999972343445
YLR095C,YCR005C,0,1.5830853,0.18152865767478943,0.8550000190734863,0.3855000138282776
YGR209C,YDL136W,0,1.5826902,0.18149012327194214,0.8550000190734863,0.3856000006198883
YIL117C,YNL310C,0,1.5825024,0.18145161867141724,0.8550000190734863,0.385699987411499
YKL062W,YCR047C,0,1.5812072,0.18141311407089233,0.8550000190734863,0.38580000400543213
YMR307W,YNL245C,0,1.5811285,0.18137462437152863,0.8550000190734863,0.38589999079704285
YMR217W,YCR094W,0,1.580853,0.1813361644744873,0.8550000190734863,0.38600000739097595
YLL028W,YHL009C,0,1.5808444,0.18129770457744598,0.8550000190734863,0.38609999418258667
YDR006C,YFL061W,0,1.5806546,0.18125927448272705,0.8550000190734863,0.3862000107765198
YFL044C,YFR034C,0,1.5804822,0.1812208592891693,0.8550000190734863,0.3862999975681305
YOR205C,YDL067C,0,1.5780895,0.18118245899677277,0.8550000190734863,0.3864000141620636
YKR030W,YBR169C,0,1.5775228,0.18114407360553741,0.8550000190734863,0.3865000009536743
YPR181C,YHL036W,0,1.575304,0.18110570311546326,0.8550000190734863,0.38659998774528503
YHR120W,YIL091C,0,1.5751219,0.1810673475265503,0.8550000190734863,0.38670000433921814
YKL096W,YLL001W,0,1.5748508,0.18102900683879852,0.8550000190734863,0.38679999113082886
YGR013W,YMR068W,0,1.5748287,0.18099068105220795,0.8550000190734863,0.38690000772476196
YAL013W,YDR463W,0,1.574588,0.18095238506793976,0.8550000190734863,0.3869999945163727
YDL109C,YGR074W,0,1.5742974,0.18091408908367157,0.8550000190734863,0.3871000111103058
YKL135C,YKL197C,0,1.5737249,0.18087582290172577,0.8550000190734863,0.3871999979019165
YJR088C,YDR329C,0,1.5733926,0.18083755671977997,0.8550000190734863,0.3873000144958496
YML021C,YGR030C,0,1.5733243,0.18079932034015656,0.8550000190734863,0.3874000012874603
YNL288W,YEL055C,0,1.5728344,0.18076109886169434,0.8550000190734863,0.38749998807907104
YER074W-A,YGL205W,0,1.5722708,0.1807228922843933,0.8550000190734863,0.38760000467300415
YML098W,YGL145W,0,1.5716541,0.18068470060825348,0.8550000190734863,0.38769999146461487
YKL077W,YDR463W,0,1.5711259,0.18064652383327484,0.8550000190734863,0.387800008058548
YGR091W,YER035W,0,1.5707169,0.1806083619594574,0.8550000190734863,0.3878999948501587
YJR113C,YLR158C,0,1.5703568,0.18057021498680115,0.8550000190734863,0.3880000114440918
YIL123W,YEL061C,0,1.5687594,0.18053209781646729,0.8550000190734863,0.3880999982357025
YOL128C,YML093W,0,1.5684118,0.18049398064613342,0.8550000190734863,0.3882000148296356
YNL115C,YDL115C,0,1.5673629,0.18045589327812195,0.8550000190734863,0.38830000162124634
YDL149W,YNL133C,0,1.5672826,0.18041780591011047,0.8550000190734863,0.38839998841285706
YAL002W,YLR128W,0,1.5656908,0.1803797483444214,0.8550000190734863,0.38850000500679016
YGR279C,YGR057C,0,1.5654451,0.1803417056798935,0.8550000190734863,0.3885999917984009
YCL030C,YGL085W,0,1.5649376,0.1803036630153656,0.8550000190734863,0.388700008392334
YLR343W,YDR276C,0,1.564374,0.1802656501531601,0.8550000190734863,0.3887999951839447
YMR015C,YBL078C,0,1.5636073,0.18022765219211578,0.8550000190734863,0.3889000117778778
YBL037W,YGL013C,0,1.562585,0.18018966913223267,0.8550000190734863,0.3889999985694885
YMR287C,YML016C,0,1.5622714,0.18015170097351074,0.8550000190734863,0.38909998536109924
YIL037C,YNL081C,0,1.5620189,0.1801137626171112,0.8550000190734863,0.38920000195503235
YIL125W,YDR270W,0,1.5612133,0.18007582426071167,0.8550000190734863,0.38929998874664307
YGL063W,YOR201C,0,1.5603595,0.18003790080547333,0.8550000190734863,0.38940000534057617
YNL025C,YLR328W,0,1.5601745,0.18000000715255737,0.8550000190734863,0.3894999921321869
YGR154C,YDR483W,0,1.5594293,0.17996211349964142,0.8550000190734863,0.38960000872612
YMR023C,YOL156W,0,1.5593218,0.17992424964904785,0.8550000190734863,0.3896999955177307
YOR336W,YOL152W,0,1.5586448,0.17988638579845428,0.8550000190734863,0.3898000121116638
YAL041W,YMR036C,0,1.5578051,0.1798485517501831,0.8550000190734863,0.38989999890327454
YIL067C,YPR079W,0,1.5567154,0.17981073260307312,0.8550000190734863,0.38999998569488525
YMR105C,YML007W,0,1.5566514,0.17977291345596313,0.8550000190734863,0.39010000228881836
YBR160W,YMR167W,1,1.5565444,0.17994534969329834,0.8560000061988831,0.39010000228881836
YER081W,YOR028C,0,1.5564649,0.17990753054618835,0.8560000061988831,0.3901999890804291
YLR089C,YLR384C,0,1.5562607,0.17986972630023956,0.8560000061988831,0.3903000056743622
YDL119C,YBL101C,0,1.5555555,0.17983193695545197,0.8560000061988831,0.3903999924659729
YLR258W,YLR459W,0,1.5546497,0.17979416251182556,0.8560000061988831,0.390500009059906
YML064C,YKL135C,0,1.5532173,0.17975640296936035,0.8560000061988831,0.3905999958515167
YLR155C,YJR049C,0,1.5527444,0.17971865832805634,0.8560000061988831,0.39070001244544983
YDR434W,YOR259C,0,1.5526528,0.1796809434890747,0.8560000061988831,0.39079999923706055
YLR011W,YKR030W,0,1.5525397,0.17964322865009308,0.8560000061988831,0.39089998602867126
YDR180W,YGL250W,1,1.5517044,0.1798153519630432,0.8569999933242798,0.39089998602867126
YIL122W,YHR003C,0,1.5516928,0.17977763712406158,0.8569999933242798,0.39100000262260437
YML092C,YMR233W,0,1.5507604,0.17973993718624115,0.8569999933242798,0.3910999894142151
YBL057C,YCR072C,0,1.5503659,0.17970223724842072,0.8569999933242798,0.3912000060081482
YNL051W,YGR140W,0,1.549825,0.17966456711292267,0.8569999933242798,0.3912999927997589
YLR373C,YGR005C,0,1.5488243,0.17962691187858582,0.8569999933242798,0.391400009393692
YAL058W,YBL013W,0,1.5485611,0.17958927154541016,0.8569999933242798,0.39149999618530273
YJR108W,YOR306C,0,1.5485414,0.1795516461133957,0.8569999933242798,0.39160001277923584
YGL124C,YGR065C,0,1.5483816,0.17951403558254242,0.8569999933242798,0.39169999957084656
YPR009W,YOR190W,0,1.5482608,0.17947643995285034,0.8569999933242798,0.3917999863624573
YNL293W,YMR104C,0,1.5480849,0.17943885922431946,0.8569999933242798,0.3919000029563904
YJR110W,YBR181C,0,1.5465102,0.17940129339694977,0.8569999933242798,0.3919999897480011
YIL158W,YPR141C,0,1.5461104,0.17936375737190247,0.8569999933242798,0.3921000063419342
YDR162C,YBR168W,0,1.5457945,0.17932622134685516,0.8569999933242798,0.3921999931335449
YJL219W,YBL088C,0,1.5443616,0.17928870022296906,0.8569999933242798,0.392300009727478
YJR108W,YGL098W,0,1.5435244,0.17925120890140533,0.8569999933242798,0.39239999651908875
YNL188W,YBR203W,0,1.5431695,0.1792137175798416,0.8569999933242798,0.39250001311302185
YOL139C,YHR138C,0,1.5429716,0.17917625606060028,0.8569999933242798,0.39259999990463257
YPR168W,YNL053W,0,1.5426261,0.17913879454135895,0.8569999933242798,0.3926999866962433
YHR194W,YCL029C,0,1.5417386,0.17910136282444,0.8569999933242798,0.3928000032901764
YBR160W,YAR007C,1,1.5417086,0.1792728751897812,0.8579999804496765,0.3928000032901764
YDL180W,YPR165W,0,1.5416509,0.17923542857170105,0.8579999804496765,0.3928999900817871
YBR208C,YKL149C,0,1.5415246,0.1791979968547821,0.8579999804496765,0.3930000066757202
YNL047C,YKR089C,0,1.5415084,0.17916058003902435,0.8579999804496765,0.39309999346733093
YMR118C,YFR051C,0,1.5399992,0.1791231781244278,0.8579999804496765,0.39320001006126404
YMR277W,YEL063C,0,1.539646,0.17908579111099243,0.8579999804496765,0.39329999685287476
YLR378C,YBL035C,0,1.5390446,0.17904841899871826,0.8579999804496765,0.39340001344680786
YNR024W,YKL211C,0,1.5389918,0.17901106178760529,0.8579999804496765,0.3935000002384186
YDL160C,YLL001W,0,1.5386152,0.1789737194776535,0.8579999804496765,0.3935999870300293
YMR001C,YGR296W,1,1.5374553,0.179144948720932,0.859000027179718,0.3935999870300293
YMR287C,YLR237W,0,1.5373731,0.17910759150981903,0.859000027179718,0.3937000036239624
YBR045C,YMR012W,0,1.5358684,0.17907024919986725,0.859000027179718,0.3937999904155731
YPR054W,YOL005C,0,1.5356004,0.17903293669223785,0.859000027179718,0.3939000070095062
YGL078C,YEL047C,0,1.5354309,0.17899562418460846,0.859000027179718,0.39399999380111694
YPR031W,YDR020C,0,1.5353205,0.17895832657814026,0.859000027179718,0.39410001039505005
YIL022W,YDL181W,0,1.5343558,0.17892105877399445,0.859000027179718,0.39419999718666077
YLR097C,YLR116W,0,1.5340195,0.17888379096984863,0.859000027179718,0.39430001378059387
YER045C,YGL070C,0,1.5340014,0.1788465529680252,0.859000027179718,0.3944000005722046
YDL204W,YJR153W,0,1.5334847,0.17880932986736298,0.859000027179718,0.3944999873638153
YMR024W,YOR227W,0,1.5329113,0.17877210676670074,0.859000027179718,0.3946000039577484
YMR224C,YOL068C,1,1.5326464,0.1789429932832718,0.8600000143051147,0.3946000039577484
YKR050W,YEL016C,0,1.5317004,0.17890575528144836,0.8600000143051147,0.39469999074935913
YJL210W,YER078C,0,1.5308021,0.17886854708194733,0.8600000143051147,0.39480000734329224
YBR160W,YDR180W,1,1.5305086,0.17903929948806763,0.8610000014305115,0.39480000734329224
YDR368W,YPR046W,0,1.5302151,0.1790020763874054,0.8610000014305115,0.39489999413490295
YML041C,YCR003W,0,1.5290804,0.17896486818790436,0.8610000014305115,0.39500001072883606
YDR534C,YJR017C,0,1.5287967,0.17892767488956451,0.8610000014305115,0.3950999975204468
YCR092C,YDL185W,1,1.5270166,0.17909827828407288,0.8619999885559082,0.3950999975204468
YDL174C,YDR103W,0,1.5266204,0.17906107008457184,0.8619999885559082,0.3952000141143799
YBL060W,YBR254C,0,1.5259451,0.179023876786232,0.8619999885559082,0.3953000009059906
YNL183C,YHR009C,0,1.5248878,0.17898671329021454,0.8619999885559082,0.3953999876976013
YLL062C,YDL110C,0,1.523656,0.17894954979419708,0.8619999885559082,0.3955000042915344
YPL056C,YPR112C,0,1.5235997,0.17891241610050201,0.8619999885559082,0.39559999108314514
YDL232W,YJL219W,0,1.5227637,0.17887528240680695,0.8619999885559082,0.39570000767707825
YDR398W,YIL073C,0,1.522654,0.17883817851543427,0.8619999885559082,0.39579999446868896
YJR117W,YPL233W,0,1.5224639,0.17880107462406158,0.8619999885559082,0.39590001106262207
YPL231W,YIL026C,0,1.5220165,0.1787640005350113,0.8619999885559082,0.3959999978542328
YDR519W,YPL001W,0,1.5214058,0.178726926445961,0.8619999885559082,0.3961000144481659
YGL136C,YNL167C,0,1.5210352,0.1786898821592331,0.8619999885559082,0.3962000012397766
YNL046W,YNR027W,0,1.5202606,0.17865285277366638,0.8619999885559082,0.39629998803138733
YKR010C,YML081C-A,0,1.5200794,0.17861583828926086,0.8619999885559082,0.39640000462532043
YDR096W,YNL035C,0,1.5188631,0.17857882380485535,0.8619999885559082,0.39649999141693115
YGL231C,YER139C,0,1.518363,0.17854183912277222,0.8619999885559082,0.39660000801086426
YLR467W,YBR279W,1,1.5178754,0.17871195077896118,0.8629999756813049,0.39660000801086426
YPL210C,YMR105C,0,1.5178528,0.17867495119571686,0.8629999756813049,0.396699994802475
YDR315C,YDR143C,0,1.5177416,0.17863796651363373,0.8629999756813049,0.3968000113964081
YKL062W,YDL141W,0,1.5170941,0.1786009967327118,0.8629999756813049,0.3968999981880188
YEL021W,YAL008W,0,1.516844,0.17856404185295105,0.8629999756813049,0.3970000147819519
YHR108W,YOR010C,0,1.5166742,0.1785271018743515,0.8629999756813049,0.3971000015735626
YDR323C,YKL006C-A,0,1.5164824,0.17849017679691315,0.8629999756813049,0.39719998836517334
YKL051W,YDR210W,0,1.5160136,0.178453266620636,0.8629999756813049,0.39730000495910645
YLR448W,YKL178C,0,1.5155375,0.17841637134552002,0.8629999756813049,0.39739999175071716
YDR501W,YJL180C,0,1.5151765,0.17837949097156525,0.8629999756813049,0.39750000834465027
YPL097W,YNL152W,0,1.5150533,0.17834262549877167,0.8629999756813049,0.397599995136261
YML088W,YLR262C,0,1.5145636,0.17830578982830048,0.8629999756813049,0.3977000117301941
YPL022W,YML095C,1,1.5143459,0.1784755289554596,0.8640000224113464,0.3977000117301941
YKL027W,YLR200W,0,1.5139897,0.17843866348266602,0.8640000224113464,0.3977999985218048
YNL222W,YLR332W,0,1.5137229,0.17840181291103363,0.8640000224113464,0.3978999853134155
YHR001W-A,YDL222C,0,1.5122384,0.17836499214172363,0.8640000224113464,0.39800000190734863
YNL053W,YDR234W,0,1.5121131,0.17832817137241364,0.8640000224113464,0.39809998869895935
YDR141C,YGR014W,0,1.5112691,0.17829138040542603,0.8640000224113464,0.39820000529289246
YNL124W,YBR083W,0,1.5106286,0.17825458943843842,0.8640000224113464,0.3982999920845032
YCL067C,YCR067C,0,1.5096132,0.1782178282737732,0.8640000224113464,0.3984000086784363
YGR097W,YDL102W,0,1.509475,0.17818106710910797,0.8640000224113464,0.398499995470047
YJR132W,YFR041C,0,1.5093915,0.17814433574676514,0.8640000224113464,0.3986000120639801
YGR245C,YPR073C,0,1.5091647,0.1781076043844223,0.8640000224113464,0.3986999988555908
YKL107W,YOR258W,0,1.5091076,0.17807090282440186,0.8640000224113464,0.39879998564720154
YMR012W,YAR018C,0,1.5088377,0.1780342012643814,0.8640000224113464,0.39890000224113464
YJR088C,YIL009W,0,1.5081835,0.17799752950668335,0.8640000224113464,0.39899998903274536
YBR094W,YER161C,0,1.5081661,0.1779608577489853,0.8640000224113464,0.39910000562667847
YGR041W,YOR319W,0,1.5081542,0.17792421579360962,0.8640000224113464,0.3991999924182892
YNL254C,YIL051C,0,1.507801,0.17788758873939514,0.8640000224113464,0.3993000090122223
YBR008C,YIL009C-A,0,1.5069697,0.17785096168518066,0.8640000224113464,0.399399995803833
YLR466W,YJR043C,1,1.5061035,0.1780201643705368,0.8650000095367432,0.399399995803833
YDR160W,YEL021W,0,1.5054579,0.17798353731632233,0.8650000095367432,0.3995000123977661
YLR229C,YOR094W,0,1.5050496,0.17794692516326904,0.8650000095367432,0.39959999918937683
YBR279W,YFL003C,1,1.5048311,0.17811600863933563,0.8659999966621399,0.39959999918937683
YFL049W,YBL102W,0,1.5042453,0.17807938158512115,0.8659999966621399,0.39969998598098755
YFL025C,YDR096W,0,1.5037549,0.17804276943206787,0.8659999966621399,0.39980000257492065
YDR484W,YOR022C,0,1.5037212,0.17800617218017578,0.8659999966621399,0.39989998936653137
YBR058C,YBL017C,0,1.5033222,0.17796958982944489,0.8659999966621399,0.4000000059604645
YOL059W,YHR193C,0,1.502778,0.17793302237987518,0.8659999966621399,0.4000999927520752
YDL129W,YNL077W,0,1.5019186,0.17789646983146667,0.8659999966621399,0.4002000093460083
YFR055W,YGL250W,1,1.5013652,0.17806531488895416,0.8669999837875366,0.4002000093460083
YDR456W,YOL065C,0,1.501356,0.17802874743938446,0.8669999837875366,0.400299996137619
YKL185W,YOR250C,0,1.501036,0.17799219489097595,0.8669999837875366,0.4004000127315521
YDL056W,YFR053C,0,1.5007519,0.17795567214488983,0.8669999837875366,0.40049999952316284
YCL026C-A,YOR175C,0,1.500529,0.1779191493988037,0.8669999837875366,0.40059998631477356
YHR086W,YKR037C,0,1.4999862,0.17788264155387878,0.8669999837875366,0.40070000290870667
YDL229W,YKR105C,0,1.4999027,0.17784614861011505,0.8669999837875366,0.4007999897003174
YIR026C,YDR115W,0,1.4995463,0.1778096854686737,0.8669999837875366,0.4009000062942505
YDR113C,YBR279W,1,1.4994054,0.1779782623052597,0.8679999709129333,0.4009000062942505
YBR121C,YOR242C,0,1.4985261,0.17794178426265717,0.8679999709129333,0.4009999930858612
YNL326C,YML081W,0,1.4983046,0.17790530622005463,0.8679999709129333,0.4011000096797943
YML107C,YLR210W,0,1.498082,0.17786885797977448,0.8679999709129333,0.40119999647140503
YKR092C,YER051W,0,1.498026,0.17783240973949432,0.8679999709129333,0.40130001306533813
YOL071W,YBR040W,0,1.4976056,0.17779599130153656,0.8679999709129333,0.40139999985694885
YDL175C,YDR227W,0,1.495985,0.1777595728635788,0.8679999709129333,0.40149998664855957
YMR306W,YHR143W,0,1.4944124,0.17772318422794342,0.8679999709129333,0.4016000032424927
YNR054C,YPL085W,0,1.4935579,0.17768679559230804,0.8679999709129333,0.4016999900341034
YOR284W,YJR134C,0,1.4933882,0.17765043675899506,0.8679999709129333,0.4018000066280365
YDL103C,YKL209C,0,1.4928192,0.17761407792568207,0.8679999709129333,0.4018999934196472
YMR184W,YLL018C-A,0,1.4924656,0.17757773399353027,0.8679999709129333,0.4020000100135803
YMR242C,YPR106W,0,1.4918655,0.17754141986370087,0.8679999709129333,0.40209999680519104
YHR203C,YJL091C,0,1.4912014,0.17750510573387146,0.8679999709129333,0.40220001339912415
YIR034C,YDR273W,0,1.4899127,0.17746882140636444,0.8679999709129333,0.40230000019073486
YDL161W,YHR016C,0,1.4896979,0.17743253707885742,0.8679999709129333,0.4023999869823456
YJL072C,YAR003W,0,1.488927,0.1773962825536728,0.8679999709129333,0.4025000035762787
YLR467W,YOL068C,1,1.4886134,0.1775643676519394,0.8690000176429749,0.4025000035762787
YML074C,YNL048W,0,1.4885405,0.17752808332443237,0.8690000176429749,0.4025999903678894
YPL015C,YNL339C,1,1.488342,0.1776960790157318,0.8700000047683716,0.4025999903678894
YML055W,YCR010C,0,1.4879005,0.1776597946882248,0.8700000047683716,0.4027000069618225
YGL210W,YGR295C,0,1.4877561,0.17762352526187897,0.8700000047683716,0.4027999937534332
YMR037C,YOR208W,0,1.4877439,0.17758725583553314,0.8700000047683716,0.40290001034736633
YGL250W,YML095C,1,1.4872516,0.17775510251522064,0.8709999918937683,0.40290001034736633
YER167W,YGL240W,0,1.4872434,0.17771883308887482,0.8709999918937683,0.40299999713897705
YDR352W,YJL013C,0,1.487236,0.17768257856369019,0.8709999918937683,0.40310001373291016
YIL072W,YJL050W,0,1.4867214,0.17764633893966675,0.8709999918937683,0.4032000005245209
YGR206W,YOR308C,0,1.4866517,0.1776101142168045,0.8709999918937683,0.4032999873161316
YNR043W,YER153C,0,1.4858474,0.17757390439510345,0.8709999918937683,0.4034000039100647
YIL014W,YOR322C,0,1.4856222,0.1775377094745636,0.8709999918937683,0.4034999907016754
YKL149C,YNL331C,0,1.4852805,0.17750152945518494,0.8709999918937683,0.4036000072956085
YMR318C,YOR174W,0,1.484334,0.17746536433696747,0.8709999918937683,0.40369999408721924
YGL254W,YOL116W,0,1.4838586,0.1774292141199112,0.8709999918937683,0.40380001068115234
YDL149W,YER099C,0,1.4823849,0.1773930788040161,0.8709999918937683,0.40389999747276306
YOR028C,YJR094W-A,0,1.4816687,0.17735695838928223,0.8709999918937683,0.40400001406669617
YBR131W,YCL050C,0,1.4815321,0.17732085287570953,0.8709999918937683,0.4041000008583069
YNR055C,YBR239C,0,1.4815289,0.17728474736213684,0.8709999918937683,0.4041999876499176
YLR196W,YER019W,0,1.4814959,0.17724867165088654,0.8709999918937683,0.4043000042438507
YNL058C,YDR092W,0,1.481174,0.17721261084079742,0.8709999918937683,0.4043999910354614
YDR251W,YHR009C,0,1.4805639,0.1771765649318695,0.8709999918937683,0.40450000762939453
YPL063W,YDR123C,0,1.4798747,0.17714053392410278,0.8709999918937683,0.40459999442100525
YNL115C,YDR375C,0,1.4798467,0.17710451781749725,0.8709999918937683,0.40470001101493835
YDL135C,YPL258C,0,1.4795016,0.17706851661205292,0.8709999918937683,0.4047999978065491
YBR058C,YBR290W,0,1.4778017,0.17703251540660858,0.8709999918937683,0.4049000144004822
YDR011W,YBR135W,0,1.4777796,0.17699654400348663,0.8709999918937683,0.4050000011920929
YGR090W,YOR075W,0,1.4774383,0.17696058750152588,0.8709999918937683,0.4050999879837036
YOR229W,YDR073W,0,1.4771491,0.17692464590072632,0.8709999918937683,0.4052000045776367
YGL222C,YPL198W,0,1.476052,0.17688870429992676,0.8709999918937683,0.40529999136924744
YML004C,YPR094W,0,1.4758492,0.17685279250144958,0.8709999918937683,0.40540000796318054
YNL088W,YOL072W,1,1.4751472,0.1770198941230774,0.871999979019165,0.40540000796318054
YKL154W,YLR181C,0,1.4748983,0.17698396742343903,0.871999979019165,0.40549999475479126
YKL155C,YIL056W,0,1.4748297,0.17694805562496185,0.871999979019165,0.40560001134872437
YMR313C,YHR134W,0,1.4739443,0.17691215872764587,0.871999979019165,0.4056999981403351
YER100W,YMR036C,0,1.4738245,0.1768762618303299,0.871999979019165,0.4058000147342682
YCR044C,YNL188W,0,1.4731576,0.1768403947353363,0.871999979019165,0.4059000015258789
YML029W,YGR078C,0,1.4729682,0.1768045425415039,0.871999979019165,0.4059999883174896
YLR121C,YBL038W,0,1.4727516,0.1767687052488327,0.871999979019165,0.40610000491142273
YJR131W,YGR038W,0,1.4722282,0.1767328679561615,0.871999979019165,0.40619999170303345
YKR081C,YPL175W,0,1.4721947,0.17669706046581268,0.871999979019165,0.40630000829696655
YPL088W,YML029W,0,1.4719296,0.17666126787662506,0.871999979019165,0.40639999508857727
YBR098W,YLR466W,1,1.4717882,0.1768280267715454,0.8730000257492065,0.40639999508857727
YLR242C,YKR081C,0,1.4713703,0.1767922192811966,0.8730000257492065,0.4065000116825104
YIL111W,YGR005C,0,1.4706695,0.17675642669200897,0.8730000257492065,0.4065999984741211
YIL105C,YBR203W,0,1.4704398,0.17672064900398254,0.8730000257492065,0.4066999852657318
YKR099W,YHL024W,1,1.4701557,0.17688727378845215,0.8740000128746033,0.4066999852657318
YLR139C,YOR182C,0,1.4691005,0.17685148119926453,0.8740000128746033,0.4068000018596649
YER106W,YJL050W,0,1.4690248,0.1768157035112381,0.8740000128746033,0.40689998865127563
YGL181W,YDR096W,0,1.4683883,0.17677994072437286,0.8740000128746033,0.40700000524520874
YGR075C,YBR069C,0,1.4680918,0.17674419283866882,0.8740000128746033,0.40709999203681946
YOR115C,YLR382C,0,1.4674969,0.17670844495296478,0.8740000128746033,0.40720000863075256
YCR075C,YMR164C,0,1.4668598,0.17667272686958313,0.8740000128746033,0.4072999954223633
YDR436W,YBR217W,0,1.4666828,0.17663702368736267,0.8740000128746033,0.4074000120162964
YNR045W,YER011W,0,1.4658089,0.1766013354063034,0.8740000128746033,0.4074999988079071
YNL199C,YKR061W,0,1.4655802,0.17656566202640533,0.8740000128746033,0.4075999855995178
YDL079C,YFR041C,0,1.4651153,0.17652998864650726,0.8740000128746033,0.4077000021934509
YMR058W,YOR037W,0,1.4638065,0.17649434506893158,0.8740000128746033,0.40779998898506165
YGR074W,YOR010C,0,1.4637412,0.1764587163925171,0.8740000128746033,0.40790000557899475
YKR042W,YFR034C,0,1.4630213,0.1764230877161026,0.8740000128746033,0.40799999237060547
YBR004C,YJL010C,0,1.4620337,0.1763874888420105,0.8740000128746033,0.4081000089645386
YFL044C,YNL316C,0,1.4613285,0.1763518899679184,0.8740000128746033,0.4081999957561493
YJL051W,YOR354C,1,1.4611576,0.176518052816391,0.875,0.4081999957561493
YER062C,YDR127W,0,1.4611449,0.1764824539422989,0.875,0.4083000123500824
YDR160W,YKR042W,0,1.4603441,0.17644686996936798,0.875,0.4083999991416931
YDR522C,YFL036W,0,1.4602768,0.17641128599643707,0.875,0.40849998593330383
YDR054C,YLR405W,0,1.4602301,0.17637573182582855,0.875,0.40860000252723694
YPR056W,YGR063C,0,1.4594817,0.17634019255638123,0.875,0.40869998931884766
YIL053W,YLR092W,0,1.4586846,0.1763046532869339,0.875,0.40880000591278076
YLR260W,YOL056W,0,1.4584384,0.17626914381980896,0.875,0.4088999927043915
YOL103W,YDR399W,0,1.4584123,0.17623363435268402,0.875,0.4090000092983246
YBL023C,YIR022W,0,1.4582227,0.17619815468788147,0.875,0.4090999960899353
YDL087C,YHR001W,0,1.4581552,0.17616267502307892,0.875,0.4092000126838684
YBR199W,YDL049C,0,1.4577832,0.17612721025943756,0.875,0.4092999994754791
YMR152W,YLR385C,0,1.457396,0.1760917752981186,0.875,0.40939998626708984
YDL066W,YHL003C,0,1.4570363,0.17605634033679962,0.875,0.40950000286102295
YOL017W,YER031C,0,1.4570061,0.17602092027664185,0.875,0.40959998965263367
YIL098C,YIL026C,0,1.4568743,0.17598551511764526,0.875,0.4097000062465668
YNL126W,YMR037C,0,1.4567208,0.17595012485980988,0.875,0.4097999930381775
YEL005C,YML042W,0,1.4551702,0.17591474950313568,0.875,0.4099000096321106
YKR027W,YKL112W,0,1.4543097,0.17587940394878387,0.875,0.4099999964237213
YNL185C,YJL116C,0,1.4542539,0.17584405839443207,0.875,0.4101000130176544
YPL232W,YEL047C,0,1.4538522,0.17580871284008026,0.875,0.41019999980926514
YGR041W,YGL123W,0,1.4529124,0.17577339708805084,0.875,0.41029998660087585
YMR165C,YBR286W,0,1.4527383,0.17573809623718262,0.875,0.41040000319480896
YBR043C,YGL178W,0,1.4527316,0.17570281028747559,0.875,0.4104999899864197
YLR446W,YGL226W,0,1.4520463,0.17566753923892975,0.875,0.4106000065803528
YBR171W,YER042W,0,1.4500884,0.1756322830915451,0.875,0.4106999933719635
YPL233W,YPL130W,0,1.4492157,0.17559702694416046,0.875,0.4108000099658966
YLR098C,YGL207W,0,1.4491774,0.1755618005990982,0.875,0.4108999967575073
YJL089W,YKR031C,0,1.4483491,0.17552657425403595,0.875,0.41100001335144043
YGL145W,YLR003C,0,1.4481993,0.17549137771129608,0.875,0.41110000014305115
YJL148W,YDR510W,0,1.447549,0.1754561811685562,0.875,0.41119998693466187
YHR113W,YIL115C,0,1.4472926,0.17542101442813873,0.875,0.41130000352859497
YPR081C,YAL035W,0,1.4464787,0.17538584768772125,0.875,0.4113999903202057
YPL254W,YMR156C,0,1.4461662,0.17535069584846497,0.875,0.4115000069141388
YDR533C,YGR195W,0,1.4453539,0.17531557381153107,0.875,0.4115999937057495
YDR153C,YKR105C,0,1.4452524,0.17528045177459717,0.875,0.4117000102996826
YGL012W,YOL088C,0,1.4450407,0.17524534463882446,0.875,0.41179999709129333
YLR092W,YOR178C,0,1.4450133,0.17521025240421295,0.875,0.41190001368522644
YLR388W,YOL058W,0,1.4449676,0.17517517507076263,0.875,0.41200000047683716
YFR037C,YIL114C,0,1.4443219,0.1751401126384735,0.875,0.4120999872684479
YDL129W,YBR008C,0,1.4440618,0.17510506510734558,0.875,0.412200003862381
YCL047C,YLR186W,0,1.4434898,0.17507003247737885,0.875,0.4122999906539917
YKL032C,YCR005C,0,1.4429518,0.1750349998474121,0.875,0.4124000072479248
YER005W,YJR049C,0,1.4424858,0.17499999701976776,0.875,0.4124999940395355
YCR017C,YNL029C,0,1.4424659,0.1749650090932846,0.875,0.41260001063346863
YJL090C,YML061C,1,1.442237,0.1751299500465393,0.8759999871253967,0.41260001063346863
YLL048C,YHL035C,0,1.4414402,0.17509494721889496,0.8759999871253967,0.41269999742507935
YOL138C,YFL004W,0,1.4412578,0.1750599592924118,0.8759999871253967,0.41280001401901245
YNL300W,YML086C,0,1.4411683,0.17502497136592865,0.8759999871253967,0.41290000081062317
YGR279C,YNL254C,0,1.4409114,0.17499001324176788,0.8759999871253967,0.4129999876022339
YNL328C,YDR128W,0,1.4406872,0.1749550700187683,0.8759999871253967,0.413100004196167
YOR269W,YER028C,0,1.4404906,0.17492012679576874,0.8759999871253967,0.4131999909877777
YNL041C,YJL094C,0,1.4397708,0.17488521337509155,0.8759999871253967,0.4133000075817108
YBR088C,YOL006C,1,1.4397062,0.17504990100860596,0.8769999742507935,0.4133000075817108
YGL045W,YDR334W,0,1.4388905,0.17501497268676758,0.8769999742507935,0.41339999437332153
YDR201W,YNL272C,0,1.4382032,0.1749800443649292,0.8769999742507935,0.41350001096725464
YPL116W,YDR421W,0,1.4373391,0.1749451458454132,0.8769999742507935,0.41359999775886536
YKL079W,YMR127C,0,1.4360774,0.17491024732589722,0.8769999742507935,0.41370001435279846
YDR088C,YML064C,0,1.4359145,0.1748753786087036,0.8769999742507935,0.4138000011444092
YKR083C,YCR042C,0,1.4357384,0.17484050989151,0.8769999742507935,0.4138999879360199
YDR377W,YOR188W,0,1.4355974,0.1748056560754776,0.8769999742507935,0.414000004529953
YPL269W,YFL062W,0,1.434959,0.17477083206176758,0.8769999742507935,0.4140999913215637
YGR087C,YNL054W,0,1.4327555,0.17473600804805756,0.8769999742507935,0.4142000079154968
YFL004W,YDL087C,0,1.430856,0.17470119893550873,0.8769999742507935,0.41429999470710754
YMR044W,YKL080W,0,1.4306294,0.1746664047241211,0.8769999742507935,0.41440001130104065
YOR043W,YMR048W,0,1.4272778,0.17463162541389465,0.8769999742507935,0.41449999809265137
YFR055W,YDL164C,1,1.4268699,0.1747959405183792,0.878000020980835,0.41449999809265137
YHR113W,YPL001W,0,1.4267769,0.17476114630699158,0.878000020980835,0.4146000146865845
YOL094C,YEL002C,0,1.4259288,0.17472636699676514,0.878000020980835,0.4147000014781952
YGR178C,YKL101W,0,1.425678,0.1746916025876999,0.878000020980835,0.4147999882698059
YGR013W,YMR289W,0,1.4256766,0.17465685307979584,0.878000020980835,0.414900004863739
YNL083W,YOR131C,0,1.4255633,0.17462211847305298,0.878000020980835,0.41499999165534973
YGL035C,YHR076W,0,1.4252013,0.1745873987674713,0.878000020980835,0.41510000824928284
YPR121W,YBL037W,0,1.4246702,0.17455267906188965,0.878000020980835,0.41519999504089355
YLL014W,YBR296C,0,1.4233043,0.17451798915863037,0.878000020980835,0.41530001163482666
YIL123W,YAL061W,0,1.4224863,0.1744833141565323,0.878000020980835,0.4153999984264374
YGL144C,YEL048C,0,1.4224516,0.1744486391544342,0.878000020980835,0.4154999852180481
YBR008C,YLR097C,0,1.4220667,0.17441397905349731,0.878000020980835,0.4156000018119812
YER131W,YGL157W,0,1.421425,0.1743793487548828,0.878000020980835,0.4156999886035919
YHR025W,YDR128W,0,1.4212092,0.1743447184562683,0.878000020980835,0.415800005197525
YPR068C,YOL148C,0,1.4211009,0.174310103058815,0.878000020980835,0.41589999198913574
YPR081C,YBR041W,0,1.4208615,0.1742755025625229,0.878000020980835,0.41600000858306885
YDL049C,YOR075W,0,1.4207066,0.17424091696739197,0.878000020980835,0.41609999537467957
YGR266W,YNL213C,0,1.4204016,0.17420634627342224,0.878000020980835,0.41620001196861267
YDR016C,YDR194C,0,1.41964,0.1741717904806137,0.878000020980835,0.4162999987602234
YHR150W,YHR099W,0,1.4195585,0.17413724958896637,0.878000020980835,0.4163999855518341
YDL042C,YOR372C,0,1.4195509,0.17410272359848022,0.878000020980835,0.4165000021457672
YKR095W,YJL046W,0,1.4188187,0.17406819760799408,0.878000020980835,0.41659998893737793
YDR032C,YOR076C,0,1.4182569,0.17403370141983032,0.878000020980835,0.41670000553131104
YOR100C,YOR149C,0,1.4170424,0.17399920523166656,0.878000020980835,0.41679999232292175
YPL194W,YGL250W,1,1.4167359,0.1741628646850586,0.8790000081062317,0.41679999232292175
YOL133W,YLR247C,0,1.4160652,0.17412836849689484,0.8790000081062317,0.41690000891685486
YHR117W,YDR421W,0,1.4155327,0.17409388720989227,0.8790000081062317,0.4169999957084656
YER075C,YMR149W,0,1.4155195,0.1740594059228897,0.8790000081062317,0.4171000123023987
YJR110W,YGL151W,0,1.4154891,0.17402493953704834,0.8790000081062317,0.4171999990940094
YHR016C,YEL016C,0,1.4150428,0.17399050295352936,0.8790000081062317,0.4172999858856201
YBR167C,YJL019W,0,1.4149104,0.17395606637001038,0.8790000081062317,0.4174000024795532
YMR323W,YGL219C,0,1.4144655,0.1739216446876526,0.8790000081062317,0.41749998927116394
YGL196W,YBR185C,0,1.4142665,0.173887237906456,0.8790000081062317,0.41760000586509705
YBR135W,YMR127C,0,1.4139669,0.1738528460264206,0.8790000081062317,0.41769999265670776
YLR007W,YEL019C,1,1.4134277,0.17401622235774994,0.8799999952316284,0.41769999265670776
YGL076C,YLR460C,0,1.4124473,0.17398181557655334,0.8799999952316284,0.41780000925064087
YDL138W,YOR258W,0,1.4124458,0.17394742369651794,0.8799999952316284,0.4178999960422516
YDR481C,YHR099W,0,1.4123302,0.17391304671764374,0.8799999952316284,0.4180000126361847
YJL020C,YJR048W,0,1.4121515,0.17387868463993073,0.8799999952316284,0.4180999994277954
YLR385C,YHR204W,0,1.4118862,0.1738443374633789,0.8799999952316284,0.41819998621940613
YOR198C,YEL004W,0,1.410632,0.1738099902868271,0.8799999952316284,0.41830000281333923
YER086W,YML034W,0,1.4104882,0.17377567291259766,0.8799999952316284,0.41839998960494995
YJL058C,YNL065W,0,1.4100988,0.17374135553836823,0.8799999952316284,0.41850000619888306
YPL036W,YCR037C,0,1.409956,0.17370706796646118,0.8799999952316284,0.4185999929904938
YBR079C,YIL101C,0,1.409197,0.17367278039455414,0.8799999952316284,0.4187000095844269
YGL016W,YOL094C,0,1.407703,0.17363852262496948,0.8799999952316284,0.4187999963760376
YJL162C,YLR410W,0,1.4066932,0.17360426485538483,0.8799999952316284,0.4189000129699707
YKL065C,YGR023W,0,1.4066668,0.17357002198696136,0.8799999952316284,0.4189999997615814
YLR376C,YKL011C,1,1.4063395,0.17373299598693848,0.8809999823570251,0.4189999997615814
YBR234C,YGR166W,0,1.4059502,0.17369873821735382,0.8809999823570251,0.41909998655319214
YJL212C,YOL076W,0,1.4058249,0.17366449534893036,0.8809999823570251,0.41920000314712524
YJL072C,YHR073W,0,1.4045198,0.1736302673816681,0.8809999823570251,0.41929998993873596
YPR034W,YCR071C,0,1.4041638,0.17359605431556702,0.8809999823570251,0.41940000653266907
YMR204C,YLR069C,0,1.4038867,0.17356185615062714,0.8809999823570251,0.4194999933242798
YLR424W,YJL001W,0,1.4037111,0.17352767288684845,0.8809999823570251,0.4196000099182129
YDL025C,YOL100W,0,1.4027135,0.17349350452423096,0.8809999823570251,0.4196999967098236
YLR055C,YMR088C,0,1.4019493,0.17345933616161346,0.8809999823570251,0.4198000133037567
YPR034W,YOR073W,0,1.4016619,0.17342519760131836,0.8809999823570251,0.41990000009536743
YIL068C,YGR092W,0,1.4007525,0.17339105904102325,0.8809999823570251,0.41999998688697815
YML070W,YKL017C,0,1.3999478,0.17335695028305054,0.8809999823570251,0.42010000348091125
YNL021W,YIL105C,0,1.3987806,0.17332284152507782,0.8809999823570251,0.420199990272522
YJR132W,YPL179W,0,1.3985255,0.1732887476682663,0.8809999823570251,0.4203000068664551
YGL201C,YLR067C,0,1.398165,0.17325466871261597,0.8809999823570251,0.4203999936580658
YDR287W,YDR118W,0,1.3979385,0.17322060465812683,0.8809999823570251,0.4205000102519989
YMR268C,YKL145W,0,1.3974338,0.1731865555047989,0.8809999823570251,0.4205999970436096
YNL222W,YOR067C,0,1.397321,0.17315252125263214,0.8809999823570251,0.4207000136375427
YNR032C-A,YJL139C,0,1.3965235,0.1731184870004654,0.8809999823570251,0.42080000042915344
YJL127C,YIL097W,0,1.3960493,0.17308448255062103,0.8809999823570251,0.42089998722076416
YHR121W,YKL209C,0,1.3960207,0.17305047810077667,0.8809999823570251,0.42100000381469727
YDR255C,YPL006W,0,1.3959985,0.1730165034532547,0.8809999823570251,0.421099990606308
YLR175W,YLR142W,0,1.3945878,0.17298252880573273,0.8809999823570251,0.4212000072002411
YIL023C,YOR308C,0,1.3935575,0.17294856905937195,0.8809999823570251,0.4212999939918518
YPR095C,YKR080W,0,1.3934019,0.17291462421417236,0.8809999823570251,0.4214000105857849
YBL071W-A,YGL226W,0,1.3927208,0.17288069427013397,0.8809999823570251,0.42149999737739563
YGR091W,YER063W,0,1.3925213,0.17284677922725677,0.8809999823570251,0.42160001397132874
YJL210W,YJR052W,0,1.392127,0.17281286418437958,0.8809999823570251,0.42170000076293945
YKR075C,YLR185W,0,1.3920598,0.17277897894382477,0.8809999823570251,0.42179998755455017
YGL153W,YNL263C,0,1.391894,0.17274509370326996,0.8809999823570251,0.4219000041484833
YKR087C,YOR217W,0,1.3911257,0.17271123826503754,0.8809999823570251,0.421999990940094
YER184C,YOR060C,0,1.391057,0.17267738282680511,0.8809999823570251,0.4221000075340271
YDL020C,YHR031C,0,1.3903742,0.1726435422897339,0.8809999823570251,0.4221999943256378
YJR067C,YHL028W,0,1.3900497,0.17260971665382385,0.8809999823570251,0.4223000109195709
YHL016C,YEL042W,0,1.388897,0.172575905919075,0.8809999823570251,0.42239999771118164
YOL068C,YDR180W,1,1.3887774,0.1727379560470581,0.8820000290870667,0.42239999771118164
YMR170C,YGL084C,0,1.3881314,0.17270413041114807,0.8820000290870667,0.42250001430511475
YOL146W,YBR237W,0,1.3880944,0.17267031967639923,0.8820000290870667,0.42260000109672546
YGL168W,YPL111W,0,1.3867182,0.17263652384281158,0.8820000290870667,0.4226999878883362
YBR123C,YML004C,0,1.3847942,0.17260274291038513,0.8820000290870667,0.4228000044822693
YDL231C,YDR407C,0,1.3847625,0.17256896197795868,0.8820000290870667,0.42289999127388
YGR087C,YGL178W,0,1.3846233,0.17253521084785461,0.8820000290870667,0.4230000078678131
YOR120W,YOL019W,0,1.3846077,0.17250145971775055,0.8820000290870667,0.42309999465942383
YKL069W,YDR463W,0,1.3844538,0.17246773838996887,0.8820000290870667,0.42320001125335693
YDR101C,YKL184W,0,1.383707,0.1724340170621872,0.8820000290870667,0.42329999804496765
YGR163W,YMR233W,0,1.3835027,0.1724003106355667,0.8820000290870667,0.42340001463890076
YOR129C,YPR017C,0,1.3820482,0.17236661911010742,0.8820000290870667,0.4235000014305115
YLR435W,YCL016C,0,1.3818177,0.17233294248580933,0.8820000290870667,0.4235999882221222
YJL123C,YLR216C,0,1.3817009,0.17229928076267242,0.8820000290870667,0.4237000048160553
YML059C,YGL020C,0,1.381539,0.17226561903953552,0.8820000290870667,0.423799991607666
YER041W,YKL026C,0,1.3813547,0.172231987118721,0.8820000290870667,0.4239000082015991
YOR157C,YDL209C,0,1.3800937,0.1721983551979065,0.8820000290870667,0.42399999499320984
YOL121C,YOR037W,0,1.3799675,0.17216475307941437,0.8820000290870667,0.42410001158714294
YAL012W,YMR165C,0,1.3798734,0.17213115096092224,0.8820000290870667,0.42419999837875366
YIR015W,YLR200W,0,1.3790282,0.1720975637435913,0.8820000290870667,0.4242999851703644
YOL105C,YFR040W,0,1.3789414,0.17206399142742157,0.8820000290870667,0.4244000017642975
YIL008W,YER039C,0,1.378636,0.17203043401241302,0.8820000290870667,0.4244999885559082
YDL120W,YIR031C,0,1.3786101,0.17199687659740448,0.8820000290870667,0.4246000051498413
YMR274C,YLL021W,0,1.3783244,0.17196334898471832,0.8820000290870667,0.424699991941452
YGL022W,YJL184W,0,1.3782969,0.17192982137203217,0.8820000290870667,0.42480000853538513
YDR501W,YIL009W,0,1.376414,0.1718963235616684,0.8820000290870667,0.42489999532699585
YLR054C,YML118W,0,1.3755918,0.17186282575130463,0.8820000290870667,0.42500001192092896
YOR030W,YML048W,0,1.3754406,0.17182934284210205,0.8820000290870667,0.4250999987125397
YDL159W,YAL012W,0,1.3752892,0.17179587483406067,0.8820000290870667,0.4251999855041504
YDR210W,YOR359W,0,1.3750899,0.17176242172718048,0.8820000290870667,0.4253000020980835
YKL164C,YAL032C,0,1.3740518,0.1717289686203003,0.8820000290870667,0.4253999888896942
YER072W,YMR165C,0,1.3739167,0.1716955453157425,0.8820000290870667,0.4255000054836273
YPL008W,YJL069C,0,1.3729026,0.1716621220111847,0.8820000290870667,0.42559999227523804
YGL198W,YHR143W,0,1.3723786,0.17162872850894928,0.8820000290870667,0.42570000886917114
YLR086W,YBR229C,0,1.3723263,0.17159533500671387,0.8820000290870667,0.42579999566078186
YPL140C,YDR242W,0,1.3720661,0.17156195640563965,0.8820000290870667,0.42590001225471497
YGR006W,YCR088W,0,1.3717501,0.17152859270572662,0.8820000290870667,0.4259999990463257
YER075C,YDR092W,0,1.3716435,0.1714952290058136,0.8820000290870667,0.4260999858379364
YPR079W,YJR099W,0,1.3713504,0.17146189510822296,0.8820000290870667,0.4262000024318695
YGR235C,YKR046C,0,1.3704164,0.17142857611179352,0.8820000290870667,0.4262999892234802
YBR018C,YIL118W,0,1.3701668,0.17139525711536407,0.8820000290870667,0.42640000581741333
YDL166C,YLR393W,0,1.3700933,0.17136195302009583,0.8820000290870667,0.42649999260902405
YER023W,YJR022W,0,1.3700249,0.17132867872714996,0.8820000290870667,0.42660000920295715
YHR076W,YBR231C,0,1.3683918,0.1712954044342041,0.8820000290870667,0.42669999599456787
YOL128C,YBR104W,0,1.3673407,0.17126213014125824,0.8820000290870667,0.426800012588501
YNL312W,YDR078C,1,1.367086,0.1714230179786682,0.8830000162124634,0.426800012588501
YER110C,YKL149C,0,1.3670535,0.17138975858688354,0.8830000162124634,0.4268999993801117
YGR057C,YLR205C,0,1.3670301,0.17135648429393768,0.8830000162124634,0.4269999861717224
YDR190C,YIL049W,0,1.3668889,0.1713232398033142,0.8830000162124634,0.4271000027656555
YGR263C,YOL009C,0,1.3667136,0.17129001021385193,0.8830000162124634,0.42719998955726624
YOL001W,YEL047C,0,1.3665012,0.17125679552555084,0.8830000162124634,0.42730000615119934
YLR223C,YIL016W,0,1.3662921,0.17122358083724976,0.8830000162124634,0.42739999294281006
YPR017C,YDR107C,0,1.3661929,0.17119038105010986,0.8830000162124634,0.42750000953674316
YLR139C,YDR435C,0,1.3660511,0.17115719616413116,0.8830000162124634,0.4275999963283539
YHR025W,YCR018C,0,1.3655981,0.17112402617931366,0.8830000162124634,0.427700012922287
YCL026C-A,YEL039C,0,1.3650131,0.17109087109565735,0.8830000162124634,0.4277999997138977
YMR302C,YGR289C,0,1.364264,0.17105773091316223,0.8830000162124634,0.4278999865055084
YPR031W,YBL101C,0,1.3641815,0.17102459073066711,0.8830000162124634,0.42800000309944153
YPL060W,YOR384W,0,1.3635436,0.17099148035049438,0.8830000162124634,0.42809998989105225
YDR529C,YGL157W,0,1.361889,0.17095836997032166,0.8830000162124634,0.42820000648498535
YDR348C,YKL125W,0,1.361479,0.17092527449131012,0.8830000162124634,0.42829999327659607
YKL185W,YHR158C,0,1.3603238,0.17089219391345978,0.8830000162124634,0.4284000098705292
YOR045W,YOL052C-A,0,1.3600734,0.17085912823677063,0.8830000162124634,0.4284999966621399
YOR061W,YER060W,0,1.3599386,0.17082607746124268,0.8830000162124634,0.428600013256073
YOR288C,YBR218C,0,1.3595012,0.17079304158687592,0.8830000162124634,0.4287000000476837
YMR004W,YLR181C,0,1.3591974,0.17076000571250916,0.8830000162124634,0.42879998683929443
YPL046C,YGR008C,0,1.358551,0.1707269847393036,0.8830000162124634,0.42890000343322754
YDR489W,YHL025W,0,1.3565571,0.1706939935684204,0.8830000162124634,0.42899999022483826
YPR009W,YHR169W,0,1.3561146,0.17066100239753723,0.8830000162124634,0.42910000681877136
YLR131C,YJL158C,0,1.3558577,0.17062802612781525,0.8830000162124634,0.4291999936103821
YMR316W,YKL149C,0,1.355526,0.17059504985809326,0.8830000162124634,0.4293000102043152
YKL113C,YPL283C,1,1.3553944,0.1707552671432495,0.8840000033378601,0.4293000102043152
YNL322C,YER087C-A,0,1.3540914,0.17072229087352753,0.8840000033378601,0.4293999969959259
YJR105W,YKL132C,0,1.3540885,0.17068932950496674,0.8840000033378601,0.429500013589859
YDR354W,YOR358W,0,1.3537216,0.17065636813640594,0.8840000033378601,0.4296000003814697
YOL034W,YDL164C,1,1.3535244,0.17081645131111145,0.8849999904632568,0.4296000003814697
YNR043W,YOR246C,0,1.3533502,0.17078347504138947,0.8849999904632568,0.42969998717308044
YLR204W,YGL231C,0,1.3530397,0.17075052857398987,0.8849999904632568,0.42980000376701355
YHR181W,YJL003W,0,1.3517342,0.17071759700775146,0.8849999904632568,0.42989999055862427
YCR027C,YDR385W,0,1.3517148,0.17068466544151306,0.8849999904632568,0.4300000071525574
YBR160W,YLR466W,1,1.3510938,0.17084458470344543,0.8859999775886536,0.4300000071525574
YOL001W,YOL123W,0,1.3507038,0.17081163823604584,0.8859999775886536,0.4300999939441681
YOL061W,YGL106W,0,1.3500793,0.17077872157096863,0.8859999775886536,0.4302000105381012
YGL173C,YLR467W,1,1.3499357,0.17093852162361145,0.8870000243186951,0.4302000105381012
YNL293W,YKL221W,0,1.3496747,0.17090559005737305,0.8870000243186951,0.4302999973297119
YNL020C,YML016C,0,1.3494434,0.17087265849113464,0.8870000243186951,0.430400013923645
YOR043W,YBR030W,0,1.3486644,0.17083975672721863,0.8870000243186951,0.43050000071525574
YAL020C,YDR435C,0,1.348251,0.1708068549633026,0.8870000243186951,0.43059998750686646
YER036C,YCR018C,0,1.3480506,0.1707739681005478,0.8870000243186951,0.43070000410079956
YPL241C,YNL047C,0,1.3479954,0.17074109613895416,0.8870000243186951,0.4307999908924103
YGL027C,YKL079W,0,1.3470337,0.17070823907852173,0.8870000243186951,0.4309000074863434
YGL089C,YBR203W,0,1.3469367,0.1706753969192505,0.8870000243186951,0.4309999942779541
YDR197W,YLR453C,0,1.3469083,0.17064255475997925,0.8870000243186951,0.4311000108718872
YFL034C-B,YMR322C,0,1.3467355,0.1706097275018692,0.8870000243186951,0.4311999976634979
YNR061C,YBR273C,0,1.3463724,0.17057693004608154,0.8870000243186951,0.43130001425743103
YMR207C,YLR216C,0,1.3454854,0.17054413259029388,0.8870000243186951,0.43140000104904175
YJL208C,YNL312W,1,1.3451571,0.17070357501506805,0.8880000114440918,0.43140000104904175
YML081C-A,YLL038C,0,1.3449274,0.1706707626581192,0.8880000114440918,0.43149998784065247
YOL121C,YMR192W,0,1.3449001,0.17063796520233154,0.8880000114440918,0.43160000443458557
YDL201W,YPR201W,0,1.344887,0.17060518264770508,0.8880000114440918,0.4316999912261963
YGR253C,YDR056C,0,1.344663,0.1705724149942398,0.8880000114440918,0.4318000078201294
YOR354C,YDR180W,1,1.3444225,0.17073170840740204,0.8889999985694885,0.4318000078201294
YGR165W,YBR199W,0,1.3443897,0.17069892585277557,0.8889999985694885,0.4318999946117401
YGR224W,YCR021C,0,1.3434371,0.1706661581993103,0.8889999985694885,0.4320000112056732
YKL012W,YOL021C,0,1.3429272,0.17063339054584503,0.8889999985694885,0.43209999799728394
YER007C-A,YOR391C,0,1.3428802,0.17060065269470215,0.8889999985694885,0.43220001459121704
YBR069C,YPL268W,0,1.3428235,0.17056791484355927,0.8889999985694885,0.43230000138282776
YNL075W,YPL192C,0,1.3426074,0.17053520679473877,0.8889999985694885,0.4323999881744385
YCR034W,YPR082C,0,1.342572,0.17050249874591827,0.8889999985694885,0.4325000047683716
YBR212W,YNL111C,0,1.3423369,0.17046980559825897,0.8889999985694885,0.4325999915599823
YMR022W,YKL012W,0,1.3419598,0.17043711245059967,0.8889999985694885,0.4327000081539154
YGR129W,YDL226C,0,1.3406016,0.17040444910526276,0.8889999985694885,0.4327999949455261
YDR399W,YEL020C,0,1.3399873,0.17037178575992584,0.8889999985694885,0.43290001153945923
YPR110C,YJL002C,0,1.339746,0.17033915221691132,0.8889999985694885,0.43299999833106995
YGR156W,YGR152C,0,1.3392782,0.1703065186738968,0.8889999985694885,0.43309998512268066
YCR037C,YOL115W,0,1.3387636,0.17027390003204346,0.8889999985694885,0.43320000171661377
YMR224C,YER095W,1,1.3382092,0.17043279111385345,0.8899999856948853,0.43320000171661377
YBR279W,YBR228W,1,1.3376939,0.17059160768985748,0.890999972820282,0.43320000171661377
YGR055W,YOL060C,0,1.3375549,0.17055895924568176,0.890999972820282,0.4332999885082245
YDL205C,YNL317W,0,1.3369806,0.17052631080150604,0.890999972820282,0.4334000051021576
YNL212W,YNL111C,0,1.3367653,0.1704936921596527,0.890999972820282,0.4334999918937683
YIL111W,YNR023W,0,1.3365388,0.17046107351779938,0.890999972820282,0.4336000084877014
YGR274C,YPR154W,0,1.3348655,0.17042845487594604,0.890999972820282,0.43369999527931213
YOR149C,YGR278W,0,1.3346249,0.1703958660364151,0.890999972820282,0.43380001187324524
YDL146W,YHR114W,0,1.3343993,0.17036329209804535,0.890999972820282,0.43389999866485596
YOR246C,YHR160C,0,1.3343785,0.1703307181596756,0.890999972820282,0.4339999854564667
YOR133W,YOL011W,0,1.3342099,0.17029815912246704,0.890999972820282,0.4341000020503998
YOL007C,YML133C,0,1.3336957,0.17026561498641968,0.890999972820282,0.4341999888420105
YPR056W,YHR067W,0,1.3336196,0.1702330857515335,0.890999972820282,0.4343000054359436
YPL228W,YNL005C,0,1.3325205,0.17020057141780853,0.890999972820282,0.4343999922275543
YKL069W,YLR090W,0,1.3324287,0.17016807198524475,0.890999972820282,0.4345000088214874
YMR092C,YGL049C,0,1.3316162,0.17013557255268097,0.890999972820282,0.43459999561309814
YLR201C,YPR141C,0,1.3315277,0.17010308802127838,0.890999972820282,0.43470001220703125
YCR028C-A,YPL024W,0,1.330642,0.170070618391037,0.890999972820282,0.43479999899864197
YDR104C,YDR065W,0,1.3303951,0.1700381636619568,0.890999972820282,0.4348999857902527
YDR456W,YBR216C,0,1.3299677,0.17000572383403778,0.890999972820282,0.4350000023841858
YCL010C,YPL235W,0,1.3288026,0.16997329890727997,0.890999972820282,0.4350999891757965
YBR015C,YNL265C,0,1.3282515,0.16994087398052216,0.890999972820282,0.4352000057697296
YNL294C,YOR081C,0,1.3282115,0.16990846395492554,0.890999972820282,0.43529999256134033
YGL136C,YOR372C,0,1.3278086,0.1698760688304901,0.890999972820282,0.43540000915527344
YIL069C,YHL035C,0,1.3274517,0.16984368860721588,0.890999972820282,0.43549999594688416
YMR207C,YGR024C,0,1.3274187,0.16981132328510284,0.890999972820282,0.43560001254081726
YLR058C,YNL002C,0,1.3270897,0.1697789579629898,0.890999972820282,0.435699999332428
YHL013C,YLR079W,0,1.3245271,0.16974662244319916,0.890999972820282,0.4357999861240387
YGR192C,YCR086W,0,1.3244886,0.1697142869234085,0.890999972820282,0.4359000027179718
YER056C,YNL047C,0,1.3234303,0.16968196630477905,0.890999972820282,0.4359999895095825
YKR053C,YNL212W,0,1.3228282,0.1696496605873108,0.890999972820282,0.4361000061035156
YGL065C,YOR205C,0,1.3227844,0.16961735486984253,0.890999972820282,0.43619999289512634
YNL115C,YER005W,0,1.3217424,0.16958507895469666,0.890999972820282,0.43630000948905945
YLR189C,YJL008C,0,1.3217132,0.16955280303955078,0.890999972820282,0.43639999628067017
YGR194C,YDR270W,0,1.3215289,0.1695205420255661,0.890999972820282,0.43650001287460327
YDR032C,YLR127C,0,1.3210387,0.16948829591274261,0.890999972820282,0.436599999666214
YNL272C,YPL128C,0,1.3209364,0.16945606470108032,0.890999972820282,0.4366999864578247
YKR099W,YDR288W,1,1.3203108,0.1696140021085739,0.8920000195503235,0.4366999864578247
YMR303C,YMR164C,0,1.3201948,0.16958175599575043,0.8920000195503235,0.4368000030517578
YGR280C,YBL009W,0,1.31921,0.16954950988292694,0.8920000195503235,0.43689998984336853
YGR091W,YEL047C,0,1.3191819,0.16951729357242584,0.8920000195503235,0.43700000643730164
YJL065C,YOR372C,0,1.3190815,0.16948507726192474,0.8920000195503235,0.43709999322891235
YPR009W,YML102W,0,1.3187848,0.16945289075374603,0.8920000195503235,0.43720000982284546
YNL257C,YNL099C,0,1.3174944,0.16942070424556732,0.8920000195503235,0.4372999966144562
YML054C,YOL055C,0,1.316226,0.1693885326385498,0.8920000195503235,0.4374000132083893
YPL081W,YPR055W,0,1.3153205,0.16935637593269348,0.8920000195503235,0.4375
YFL022C,YOR391C,0,1.3147678,0.16932421922683716,0.8920000195503235,0.4375999867916107
YCL031C,YPL220W,0,1.3138398,0.16929209232330322,0.8920000195503235,0.4377000033855438
YKL218C,YER086W,0,1.3130286,0.1692599654197693,0.8920000195503235,0.43779999017715454
YER031C,YGL124C,0,1.3130229,0.16922785341739655,0.8920000195503235,0.43790000677108765
YJR132W,YBR103W,0,1.3124492,0.169195756316185,0.8920000195503235,0.43799999356269836
YDL043C,YEL003W,0,1.3123704,0.16916365921497345,0.8920000195503235,0.43810001015663147
YKL027W,YBR296C,0,1.3122461,0.1691315919160843,0.8920000195503235,0.4381999969482422
YPR101W,YOL117W,0,1.311632,0.16909952461719513,0.8920000195503235,0.4383000135421753
YOL058W,YPR073C,0,1.3106034,0.16906747221946716,0.8920000195503235,0.438400000333786
YGR001C,YDL004W,0,1.3103267,0.1690354347229004,0.8920000195503235,0.43849998712539673
YOR356W,YMR047C,0,1.3101038,0.1690034121274948,0.8920000195503235,0.43860000371932983
YKL032C,YNR023W,0,1.3100195,0.16897138953208923,0.8920000195503235,0.43869999051094055
YHR176W,YDR194C,0,1.3098466,0.16893939673900604,0.8920000195503235,0.43880000710487366
YJL196C,YIR006C,0,1.3097252,0.16890740394592285,0.8920000195503235,0.4388999938964844
YKL002W,YIL160C,0,1.3086843,0.16887542605400085,0.8920000195503235,0.4390000104904175
YDR320C,YDR523C,0,1.3086793,0.16884346306324005,0.8920000195503235,0.4390999972820282
YBR258C,YER011W,0,1.3085907,0.16881150007247925,0.8920000195503235,0.4392000138759613
YBR029C,YML001W,0,1.3066087,0.16877956688404083,0.8920000195503235,0.439300000667572
YNL020C,YPR124W,0,1.3060291,0.16874763369560242,0.8920000195503235,0.43939998745918274
YJL208C,YDR180W,1,1.3057605,0.1689048558473587,0.8930000066757202,0.43939998745918274
YLR226W,YIL041W,0,1.3055239,0.1688729226589203,0.8930000066757202,0.43950000405311584
YDR469W,YLR384C,0,1.3048514,0.16884098947048187,0.8930000066757202,0.43959999084472656
YGL192W,YGL134W,0,1.3046879,0.16880907118320465,0.8930000066757202,0.43970000743865967
YHL019C,YOR033C,0,1.3042285,0.16877716779708862,0.8930000066757202,0.4397999942302704
YGR286C,YDR331W,0,1.3040013,0.1687452793121338,0.8930000066757202,0.4399000108242035
YMR274C,YOR172W,0,1.3039953,0.16871339082717896,0.8930000066757202,0.4399999976158142
YER143W,YNR040W,0,1.303716,0.1686815321445465,0.8930000066757202,0.4401000142097473
YOR389W,YOR244W,0,1.3030763,0.16864967346191406,0.8930000066757202,0.44020000100135803
YDL201W,YOR081C,0,1.302879,0.1686178296804428,0.8930000066757202,0.44029998779296875
YMR042W,YHR036W,0,1.3022857,0.16858598589897156,0.8930000066757202,0.44040000438690186
YMR040W,YJR001W,0,1.300448,0.1685541719198227,0.8930000066757202,0.4404999911785126
YDR399W,YKR064W,0,1.2993753,0.16852235794067383,0.8930000066757202,0.4406000077724457
YML069W,YIL103W,0,1.298985,0.16849055886268616,0.8930000066757202,0.4406999945640564
YHR157W,YLR466W,1,1.2987633,0.1686474233865738,0.8939999938011169,0.4406999945640564
YOR027W,YDR073W,0,1.2987095,0.16861560940742493,0.8939999938011169,0.4408000111579895
YOR260W,YLR265C,0,1.2981486,0.16858382523059845,0.8939999938011169,0.4408999979496002
YJL018W,YNL077W,0,1.298018,0.16855204105377197,0.8939999938011169,0.4410000145435333
YER012W,YDL156W,0,1.2979866,0.1685202568769455,0.8939999938011169,0.44110000133514404
YOR026W,YHL025W,0,1.2977042,0.1684885025024414,0.8939999938011169,0.44119998812675476
YJR097W,YML031W,0,1.2968715,0.16845674812793732,0.8939999938011169,0.44130000472068787
YHR107C,YHR186C,0,1.296452,0.16842502355575562,0.8939999938011169,0.4413999915122986
YPL009C,YPL004C,0,1.2960117,0.1683932989835739,0.8939999938011169,0.4415000081062317
YOR197W,YLR127C,0,1.2952971,0.1683615893125534,0.8939999938011169,0.4415999948978424
YGR189C,YDR147W,0,1.2952626,0.1683298796415329,0.8939999938011169,0.4417000114917755
YMR043W,YDR536W,0,1.2949405,0.16829819977283478,0.8939999938011169,0.44179999828338623
YGR014W,YFR008W,0,1.2948148,0.16826651990413666,0.8939999938011169,0.44190001487731934
YNL039W,YKL209C,0,1.2946,0.16823485493659973,0.8939999938011169,0.44200000166893005
YHR050W,YOR334W,0,1.2945275,0.168203204870224,0.8939999938011169,0.44209998846054077
YDL213C,YHR013C,0,1.2940602,0.16817155480384827,0.8939999938011169,0.4422000050544739
YER169W,YOR036W,0,1.2940419,0.16813993453979492,0.8939999938011169,0.4422999918460846
YER016W,YBR084W,0,1.2937527,0.16810831427574158,0.8939999938011169,0.4424000084400177
YGR204W,YML125C,0,1.2934672,0.16807670891284943,0.8939999938011169,0.4424999952316284
YLR388W,YHR009C,0,1.292692,0.16804511845111847,0.8939999938011169,0.4426000118255615
YAL043C,YMR247C,0,1.2921515,0.1680135279893875,0.8939999938011169,0.44269999861717224
YER173W,YOR354C,1,1.2916167,0.16816985607147217,0.8949999809265137,0.44269999861717224
YBL063W,YOR122C,0,1.2912667,0.1681382656097412,0.8949999809265137,0.44279998540878296
YML041C,YGR235C,0,1.2901227,0.16810669004917145,0.8949999809265137,0.44290000200271606
YPL058C,YPR143W,0,1.2900454,0.16807511448860168,0.8949999809265137,0.4429999887943268
YJR145C,YGL116W,0,1.2890878,0.16804355382919312,0.8949999809265137,0.4431000053882599
YDR424C,YDR536W,0,1.2887928,0.16801200807094574,0.8949999809265137,0.4431999921798706
YLL006W,YDR400W,0,1.2886845,0.16798047721385956,0.8949999809265137,0.4433000087738037
YKL039W,YBL008W,0,1.2869849,0.16794896125793457,0.8949999809265137,0.44339999556541443
YMR225C,YJL078C,0,1.286755,0.16791744530200958,0.8949999809265137,0.44350001215934753
YHR153C,YAR007C,1,1.2864072,0.16807353496551514,0.8960000276565552,0.44350001215934753
YCL011C,YDL102W,0,1.2843502,0.16804200410842896,0.8960000276565552,0.44359999895095825
YOR354C,YLR035C,1,1.284153,0.16819801926612854,0.8970000147819519,0.44359999895095825
YDR545W,YML061C,1,1.2838582,0.16835395991802216,0.8980000019073486,0.44359999895095825
YDL058W,YHR207C,0,1.2833891,0.1683223992586136,0.8980000019073486,0.44369998574256897
YMR204C,YKL065C,0,1.282987,0.1682908535003662,0.8980000019073486,0.4438000023365021
YPL068C,YPL212C,0,1.2823257,0.16825932264328003,0.8980000019073486,0.4438999891281128
YAR007C,YLR418C,1,1.2821099,0.1684151440858841,0.8989999890327454,0.4438999891281128
YNL149C,YDR243C,0,1.2815939,0.16838359832763672,0.8989999890327454,0.4440000057220459
YPR025C,YKL080W,0,1.2813251,0.16835205256938934,0.8989999890327454,0.4440999925136566
YFL026W,YGR253C,0,1.2802497,0.16832053661346436,0.8989999890327454,0.4442000091075897
YER133W,YLR382C,0,1.2797923,0.16828903555870056,0.8989999890327454,0.44429999589920044
YIL031W,YBR056W,0,1.2790811,0.16825753450393677,0.8989999890327454,0.44440001249313354
YLL062C,YDR115W,0,1.2790267,0.16822604835033417,0.8989999890327454,0.44449999928474426
YDL161W,YCR017C,0,1.2788649,0.16819457709789276,0.8989999890327454,0.444599986076355
YOL077W-A,YGR088W,0,1.2786996,0.16816310584545135,0.8989999890327454,0.4447000026702881
YCR088W,YML102W,0,1.2777777,0.16813166439533234,0.8989999890327454,0.4447999894618988
YHR001W-A,YAR019C,0,1.2771146,0.16810022294521332,0.8989999890327454,0.4449000060558319
YPR034W,YJL115W,0,1.2765718,0.1680687963962555,0.8989999890327454,0.4449999928474426
YLR071C,YBR009C,0,1.2757163,0.16803738474845886,0.8989999890327454,0.44510000944137573
YBL054W,YFR008W,0,1.2757003,0.16800597310066223,0.8989999890327454,0.44519999623298645
YOR047C,YOR217W,0,1.2752253,0.167974591255188,0.8989999890327454,0.44530001282691956
YGR135W,YPL100W,0,1.2746819,0.16794320940971375,0.8989999890327454,0.4453999996185303
YDR532C,YNR049C,0,1.2731223,0.1679118424654007,0.8989999890327454,0.445499986410141
YJL121C,YMR021C,0,1.2729377,0.16788049042224884,0.8989999890327454,0.4456000030040741
YHL002W,YIR014W,0,1.2727196,0.16784913837909698,0.8989999890327454,0.4456999897956848
YJR155W,YCR045C,0,1.2725117,0.16781780123710632,0.8989999890327454,0.4458000063896179
YBR094W,YOR073W,0,1.2718744,0.16778649389743805,0.8989999890327454,0.44589999318122864
YPR029C,YDR452W,0,1.2717502,0.16775517165660858,0.8989999890327454,0.44600000977516174
YMR188C,YER149C,0,1.2714161,0.1677238792181015,0.8989999890327454,0.44609999656677246
YOR298C-A,YBR001C,0,1.2708632,0.16769260168075562,0.8989999890327454,0.44620001316070557
YLR118C,YDR197W,0,1.2703133,0.16766132414340973,0.8989999890327454,0.4462999999523163
YNL323W,YLR364W,0,1.2703022,0.16763006150722504,0.8989999890327454,0.446399986743927
YNL041C,YBR207W,0,1.2700937,0.16759881377220154,0.8989999890327454,0.4465000033378601
YCL047C,YCL055W,0,1.2698818,0.16756756603717804,0.8989999890327454,0.4465999901294708
YHR129C,YBL087C,0,1.268399,0.16753633320331573,0.8989999890327454,0.44670000672340393
YHR169W,YLR319C,0,1.2683494,0.16750513017177582,0.8989999890327454,0.44679999351501465
YOR354C,YBR160W,1,1.2680615,0.1676602065563202,0.8999999761581421,0.44679999351501465
YNL288W,YNL316C,0,1.2678018,0.16762898862361908,0.8999999761581421,0.44690001010894775
YMR127C,YDL018C,0,1.2676432,0.16759777069091797,0.8999999761581421,0.44699999690055847
YMR076C,YBR114W,0,1.2673963,0.16756656765937805,0.8999999761581421,0.4471000134944916
YNL328C,YOL049W,0,1.2666705,0.16753536462783813,0.8999999761581421,0.4472000002861023
YBR186W,YHR216W,0,1.2666281,0.1675041913986206,0.8999999761581421,0.447299987077713
YOR347C,YDR479C,0,1.2664857,0.16747301816940308,0.8999999761581421,0.4474000036716461
YIL014W,YKL002W,0,1.266223,0.16744185984134674,0.8999999761581421,0.44749999046325684
YIR002C,YPL106C,0,1.2651218,0.1674107164144516,0.8999999761581421,0.44760000705718994
YPL170W,YDR363W,0,1.2650614,0.16737957298755646,0.8999999761581421,0.44769999384880066
YIL031W,YKR022C,0,1.2632695,0.1673484593629837,0.8999999761581421,0.44780001044273376
YHR181W,YMR283C,0,1.2632244,0.16731734573841095,0.8999999761581421,0.4478999972343445
YDR283C,YBR229C,0,1.2620656,0.1672862470149994,0.8999999761581421,0.4480000138282776
YBR210W,YLR262C,0,1.2616026,0.16725516319274902,0.8999999761581421,0.4481000006198883
YGL167C,YPL152W,0,1.2615798,0.16722407937049866,0.8999999761581421,0.448199987411499
YFL037W,YMR053C,0,1.2597097,0.16719301044940948,0.8999999761581421,0.44830000400543213
YLR099C,YFR049W,0,1.2591908,0.1671619564294815,0.8999999761581421,0.44839999079704285
YPL146C,YHR072W-A,0,1.2586201,0.16713091731071472,0.8999999761581421,0.44850000739097595
YDR120C,YAR050W,0,1.2581078,0.16709989309310913,0.8999999761581421,0.44859999418258667
YDR432W,YJL101C,0,1.2573655,0.16706886887550354,0.8999999761581421,0.4487000107765198
YLR007W,YGL127C,1,1.2571088,0.16722345352172852,0.9010000228881836,0.4487000107765198
YHR123W,YOR247W,0,1.2569505,0.16719242930412292,0.9010000228881836,0.4487999975681305
YBR168W,YNL189W,0,1.2558804,0.16716140508651733,0.9010000228881836,0.4489000141620636
YFR055W,YJL173C,1,1.255567,0.16731590032577515,0.9020000100135803,0.4489000141620636
YJR019C,YDL033C,0,1.2555039,0.16728486120700836,0.9020000100135803,0.4490000009536743
YMR195W,YDR387C,0,1.2552223,0.16725385189056396,0.9020000100135803,0.44909998774528503
YDL060W,YKR001C,0,1.2550833,0.16722284257411957,0.9020000100135803,0.44920000433921814
YIL030C,YDR363W,0,1.2548511,0.16719184815883636,0.9020000100135803,0.44929999113082886
YJL109C,YML058W,0,1.2547903,0.16716085374355316,0.9020000100135803,0.44940000772476196
YPL164C,YDL164C,1,1.2544414,0.16731517016887665,0.902999997138977,0.44940000772476196
YEL017C-A,YGR024C,0,1.2541225,0.16728417575359344,0.902999997138977,0.4494999945163727
YOL149W,YGR211W,0,1.2531376,0.16725319623947144,0.902999997138977,0.4496000111103058
YNR059W,YBR036C,0,1.2528255,0.16722221672534943,0.902999997138977,0.4496999979019165
YDR517W,YOR120W,0,1.2526443,0.1671912670135498,0.902999997138977,0.4498000144958496
YPL016W,YDR022C,0,1.2524629,0.16716031730175018,0.902999997138977,0.4499000012874603
YBR088C,YGL173C,1,1.2521923,0.16731445491313934,0.9039999842643738,0.4499000012874603
YML041C,YDR003W,0,1.2518764,0.16728349030017853,0.9039999842643738,0.44999998807907104
YDR447C,YKL008C,0,1.2516655,0.1672525405883789,0.9039999842643738,0.45010000467300415
YNR051C,YOL021C,0,1.2512443,0.16722160577774048,0.9039999842643738,0.45019999146461487
YBR212W,YLR147C,0,1.2512072,0.16719068586826324,0.9039999842643738,0.450300008058548
YPR058W,YLR068W,0,1.2503371,0.167159765958786,0.9039999842643738,0.4503999948501587
YNL225C,YCR081W,0,1.2502077,0.16712886095046997,0.9039999842643738,0.4505000114440918
YLR066W,YDR130C,0,1.2492454,0.16709797084331512,0.9039999842643738,0.4505999982357025
YDR147W,YHR138C,0,1.2490718,0.16706708073616028,0.9039999842643738,0.4507000148296356
YER133W,YBR004C,0,1.2488967,0.16703622043132782,0.9039999842643738,0.45080000162124634
YMR183C,YDR325W,0,1.2481533,0.16700536012649536,0.9039999842643738,0.45089998841285706
YHR098C,YLR435W,0,1.2477951,0.1669745147228241,0.9039999842643738,0.45100000500679016
YDR255C,YDR201W,0,1.247646,0.16694366931915283,0.9039999842643738,0.4510999917984009
YLR315W,YDR126W,0,1.2473112,0.16691285371780396,0.9039999842643738,0.451200008392334
YPL211W,YHR160C,0,1.2472522,0.16688203811645508,0.9039999842643738,0.4512999951839447
YDR258C,YHL013C,0,1.2469052,0.1668512374162674,0.9039999842643738,0.4514000117778778
YKL018W,YBR227C,0,1.2458687,0.1668204516172409,0.9039999842643738,0.4514999985694885
YOR208W,YOL003C,0,1.2455742,0.16678966581821442,0.9039999842643738,0.45159998536109924
YDL141W,YBR201W,0,1.2445582,0.16675889492034912,0.9039999842643738,0.45170000195503235
YML009C,YMR232W,0,1.2437359,0.16672813892364502,0.9039999842643738,0.45179998874664307
YIL031W,YML008C,0,1.2431405,0.1666973978281021,0.9039999842643738,0.45190000534057617
YGL243W,YDL102W,0,1.2424898,0.1666666716337204,0.9039999842643738,0.4519999921321869
YFR028C,YMR322C,0,1.2407708,0.16663594543933868,0.9039999842643738,0.45210000872612
YLR216C,YKL149C,0,1.2405949,0.16660523414611816,0.9039999842643738,0.4521999955177307
YDR409W,YNL068C,0,1.2404424,0.16657453775405884,0.9039999842643738,0.4523000121116638
YBR003W,YKL088W,0,1.2396481,0.1665438413619995,0.9039999842643738,0.45239999890327454
YGL002W,YPL085W,0,1.238758,0.16651317477226257,0.9039999842643738,0.45249998569488525
YEL059C-A,YLR148W,0,1.2385079,0.16648250818252563,0.9039999842643738,0.45260000228881836
YDL103C,YLR079W,0,1.2382845,0.1664518564939499,0.9039999842643738,0.4526999890804291
YPL058C,YNL270C,0,1.2371473,0.16642120480537415,0.9039999842643738,0.4528000056743622
YDR409W,YPL012W,0,1.23684,0.1663905829191208,0.9039999842643738,0.4528999924659729
YBR251W,YLR417W,0,1.2366624,0.16635996103286743,0.9039999842643738,0.453000009059906
YOR205C,YLR246W,0,1.2364879,0.16632935404777527,0.9039999842643738,0.4530999958515167
YNL289W,YMR313C,0,1.2360681,0.1662987470626831,0.9039999842643738,0.45320001244544983
YML082W,YBR101C,0,1.2359966,0.16626816987991333,0.9039999842643738,0.45329999923706055
YOR330C,YKR092C,0,1.2358003,0.16623759269714355,0.9039999842643738,0.45339998602867126
YGR049W,YDR047W,0,1.2349541,0.16620703041553497,0.9039999842643738,0.45350000262260437
YMR199W,YLR003C,0,1.234778,0.1661764681339264,0.9039999842643738,0.4535999894142151
YKR053C,YKL040C,0,1.2345462,0.1661459356546402,0.9039999842643738,0.4537000060081482
YPL153C,YLR037C,0,1.2343717,0.166115403175354,0.9039999842643738,0.4537999927997589
YKR095W,YER167W,0,1.2326579,0.166084885597229,0.9039999842643738,0.453900009393692
YDL232W,YDR143C,0,1.231836,0.166054368019104,0.9039999842643738,0.45399999618530273
YOR036W,YDR248C,0,1.2318125,0.1660238802433014,0.9039999842643738,0.45410001277923584
YOL123W,YNL176C,0,1.2315098,0.16599339246749878,0.9039999842643738,0.45419999957084656
YNR032C-A,YHR105W,0,1.2315085,0.16596291959285736,0.9039999842643738,0.4542999863624573
YBL003C,YER011W,0,1.2313287,0.16593244671821594,0.9039999842643738,0.4544000029563904
YEL047C,YHR184W,0,1.230947,0.1659020036458969,0.9039999842643738,0.4544999897480011
YDR287W,YHL008C,0,1.230624,0.16587156057357788,0.9039999842643738,0.4546000063419342
YPR008W,YLR077W,0,1.2305862,0.16584113240242004,0.9039999842643738,0.4546999931335449
YOR336W,YJL115W,0,1.2303598,0.1658107042312622,0.9039999842643738,0.454800009727478
YBL023C,YLR249W,0,1.2303557,0.16578030586242676,0.9039999842643738,0.45489999651908875
YDL117W,YHR084W,0,1.2297511,0.1657499074935913,0.9039999842643738,0.45500001311302185
YLR342W,YGR249W,0,1.2295725,0.16571952402591705,0.9039999842643738,0.45509999990463257
YPR081C,YOL149W,0,1.2295138,0.165689155459404,0.9039999842643738,0.4551999866962433
YBL005W,YPR094W,0,1.22818,0.16565878689289093,0.9039999842643738,0.4553000032901764
YHL038C,YMR158W,0,1.2271225,0.16562843322753906,0.9039999842643738,0.4553999900817871
YOL146W,YIL107C,0,1.226668,0.1655980944633484,0.9039999842643738,0.4555000066757202
YJR117W,YGR098C,0,1.225845,0.1655677706003189,0.9039999842643738,0.45559999346733093
YER109C,YER051W,0,1.2253139,0.16553744673728943,0.9039999842643738,0.45570001006126404
YDR117C,YNL275W,0,1.2252051,0.16550713777542114,0.9039999842643738,0.45579999685287476
YNL009W,YNL275W,0,1.2228642,0.16547684371471405,0.9039999842643738,0.45590001344680786
YLR459W,YDR147W,0,1.222846,0.16544656455516815,0.9039999842643738,0.4560000002384186
YDR001C,YER019W,0,1.2221508,0.16541628539562225,0.9039999842643738,0.4560999870300293
YOR156C,YER078C,0,1.2216488,0.16538602113723755,0.9039999842643738,0.4562000036239624
YBR153W,YGL100W,0,1.2209692,0.16535577178001404,0.9039999842643738,0.4562999904155731
YDR202C,YNL049C,0,1.2200384,0.16532553732395172,0.9039999842643738,0.4564000070095062
YKL116C,YOR250C,0,1.219592,0.1652953028678894,0.9039999842643738,0.45649999380111694
YNL280C,YLR096W,0,1.219539,0.16526508331298828,0.9039999842643738,0.45660001039505005
YIL068C,YLR084C,0,1.2186142,0.16523487865924835,0.9039999842643738,0.45669999718666077
YIL173W,YIR008C,0,1.2181873,0.16520467400550842,0.9039999842643738,0.45680001378059387
YJL183W,YHR092C,0,1.2178949,0.16517449915409088,0.9039999842643738,0.4569000005722046
YLR432W,YKR105C,0,1.2176627,0.16514432430267334,0.9039999842643738,0.4569999873638153
YGL005C,YHR073W,0,1.2169971,0.1651141494512558,0.9039999842643738,0.4571000039577484
YKL027W,YCR038C,0,1.2164803,0.16508400440216064,0.9039999842643738,0.45719999074935913
YOR048C,YPL153C,0,1.2155641,0.1650538593530655,0.9039999842643738,0.45730000734329224
YDR119W,YDR058C,0,1.2135775,0.16502372920513153,0.9039999842643738,0.45739999413490295
YIL011W,YKL197C,0,1.212947,0.16499361395835876,0.9039999842643738,0.45750001072883606
YGL006W,YJR049C,0,1.2128896,0.164963498711586,0.9039999842643738,0.4575999975204468
YDL146W,YDR331W,0,1.2117893,0.16493341326713562,0.9039999842643738,0.4577000141143799
YKL154W,YIL087C,0,1.2112726,0.16490331292152405,0.9039999842643738,0.4578000009059906
YBL018C,YKL116C,0,1.211129,0.16487324237823486,0.9039999842643738,0.4578999876976013
YJR035W,YKL028W,0,1.2111164,0.16484318673610687,0.9039999842643738,0.4580000042915344
YIR010W,YGR029W,0,1.2103854,0.16481313109397888,0.9039999842643738,0.45809999108314514
YMR119W,YGR217W,0,1.2102584,0.16478309035301208,0.9039999842643738,0.45820000767707825
YDR545W,YBR279W,1,1.209594,0.16493530571460724,0.9049999713897705,0.45820000767707825
YMR056C,YPR166C,0,1.2090437,0.16490525007247925,0.9049999713897705,0.45829999446868896
YDL161W,YLL005C,0,1.2089181,0.16487520933151245,0.9049999713897705,0.45840001106262207
YLR373C,YGL115W,0,1.2088671,0.16484516859054565,0.9049999713897705,0.4584999978542328
YPL146C,YJL204C,0,1.2079537,0.16481515765190125,0.9049999713897705,0.4586000144481659
YOR096W,YNL247W,0,1.2076428,0.16478514671325684,0.9049999713897705,0.4587000012397766
YBL050W,YJR058C,0,1.2074587,0.16475513577461243,0.9049999713897705,0.45879998803138733
YGL107C,YDL220C,0,1.2071023,0.1647251546382904,0.9049999713897705,0.45890000462532043
YKL138C,YOL052C-A,0,1.207056,0.16469517350196838,0.9049999713897705,0.45899999141693115
YDR348C,YDL188C,0,1.2057074,0.16466520726680756,0.9049999713897705,0.45910000801086426
YBR212W,YHR105W,0,1.2040851,0.16463525593280792,0.9049999713897705,0.459199994802475
YER169W,YDR194C,0,1.2036953,0.1646053045988083,0.9049999713897705,0.4593000113964081
YHR121W,YIL103W,0,1.2035629,0.16457538306713104,0.9049999713897705,0.4593999981880188
YPL210C,YOR332W,0,1.2031143,0.1645454615354538,0.9049999713897705,0.4595000147819519
YBL072C,YLR399C,0,1.201993,0.16451554000377655,0.9049999713897705,0.4596000015735626
YIL072W,YGL048C,0,1.2017368,0.1644856482744217,0.9049999713897705,0.45969998836517334
YBR112C,YER053C,0,1.2001302,0.16445575654506683,0.9049999713897705,0.45980000495910645
YML015C,YDL108W,0,1.199069,0.16442586481571198,0.9049999713897705,0.45989999175071716
YMR161W,YGR017W,0,1.1990253,0.1643960028886795,0.9049999713897705,0.46000000834465027
YMR116C,YLR225C,0,1.1983958,0.16436614096164703,0.9049999713897705,0.460099995136261
YKL002W,YER065C,0,1.1983325,0.16433629393577576,0.9049999713897705,0.4602000117301941
YMR135C,YKL167C,0,1.1983091,0.16430646181106567,0.9049999713897705,0.4602999985218048
YOR284W,YGL095C,0,1.1978936,0.16427664458751678,0.9049999713897705,0.4603999853134155
YIL123W,YOR037W,0,1.1976366,0.1642468273639679,0.9049999713897705,0.46050000190734863
YOR127W,YDR325W,0,1.1973709,0.1642170250415802,0.9049999713897705,0.46059998869895935
YDR291W,YNL221C,0,1.1961045,0.1641872227191925,0.9049999713897705,0.46070000529289246
YBR035C,YDL076C,0,1.1951917,0.1641574501991272,0.9049999713897705,0.4607999920845032
YLR189C,YIL168W,0,1.1951271,0.1641276776790619,0.9049999713897705,0.4609000086784363
YLR070C,YKL058W,0,1.1928573,0.16409792006015778,0.9049999713897705,0.460999995470047
YKR099W,YLR035C,1,1.1923717,0.164249449968338,0.906000018119812,0.460999995470047
YBL051C,YEL060C,0,1.1921073,0.1642196774482727,0.906000018119812,0.4611000120639801
YHR089C,YLR044C,0,1.1919215,0.1641899198293686,0.906000018119812,0.4611999988555908
YHR102W,YOR312C,0,1.1912649,0.16416017711162567,0.906000018119812,0.46129998564720154
YPR094W,YNL068C,0,1.1905599,0.16413043439388275,0.906000018119812,0.46140000224113464
YER096W,YKL084W,0,1.1884944,0.16410070657730103,0.906000018119812,0.46149998903274536
YGL063W,YBL099W,0,1.1883614,0.1640709936618805,0.906000018119812,0.46160000562667847
YOR337W,YJL101C,0,1.1883454,0.16404128074645996,0.906000018119812,0.4616999924182892
YCR105W,YER083C,0,1.1881287,0.16401158273220062,0.906000018119812,0.4618000090122223
YPR004C,YFR031C-A,0,1.1873047,0.16398189961910248,0.906000018119812,0.461899995803833
YMR106C,YLR376C,1,1.1866977,0.1641331911087036,0.9070000052452087,0.461899995803833
YER147C,YLR467W,1,1.1860305,0.16428442299365997,0.9079999923706055,0.461899995803833
YDR256C,YHR210C,0,1.1836852,0.16425471007823944,0.9079999923706055,0.4620000123977661
YBR268W,YPL270W,0,1.1819555,0.1642249971628189,0.9079999923706055,0.46209999918937683
YPL137C,YLR414C,0,1.181638,0.16419529914855957,0.9079999923706055,0.46219998598098755
YLL013C,YDR293C,0,1.1814022,0.16416561603546143,0.9079999923706055,0.46230000257492065
YJR099W,YDL165W,0,1.1813613,0.16413593292236328,0.9079999923706055,0.46239998936653137
YHR102W,YPL152W,0,1.1808429,0.16410626471042633,0.9079999923706055,0.4625000059604645
YNL056W,YDR463W,0,1.1805261,0.16407661139965057,0.9079999923706055,0.4625999927520752
YLR181C,YOL042W,0,1.1804752,0.164046972990036,0.9079999923706055,0.4627000093460083
YOR371C,YDL175C,0,1.1804419,0.16401733458042145,0.9079999923706055,0.462799996137619
YBL067C,YIL167W,0,1.1798501,0.16398772597312927,0.9079999923706055,0.4629000127315521
YOR144C,YOR005C,1,1.1792457,0.16413867473602295,0.9089999794960022,0.4629000127315521
YDR244W,YBR162W-A,0,1.1790307,0.16410905122756958,0.9089999794960022,0.46299999952316284
YPR018W,YOL006C,1,1.17752,0.1642599254846573,0.9100000262260437,0.46299999952316284
YBL035C,YEL002C,0,1.1772091,0.16423028707504272,0.9100000262260437,0.46309998631477356
YDR482C,YNL086W,0,1.1766046,0.16420064866542816,0.9100000262260437,0.46320000290870667
YER169W,YHL021C,0,1.1763587,0.1641710251569748,0.9100000262260437,0.4632999897003174
YBR200W,YDL236W,0,1.1762819,0.16414141654968262,0.9100000262260437,0.4634000062942505
YDR237W,YMR154C,0,1.1753697,0.16411180794239044,0.9100000262260437,0.4634999930858612
YAL051W,YDR038C,0,1.1753367,0.16408221423625946,0.9100000262260437,0.4636000096797943
YHR036W,YKL148C,0,1.1752315,0.16405263543128967,0.9100000262260437,0.46369999647140503
YDL117W,YLR037C,0,1.174453,0.16402307152748108,0.9100000262260437,0.46380001306533813
YDR420W,YJL013C,0,1.173775,0.16399350762367249,0.9100000262260437,0.46389999985694885
YMR277W,YJR099W,0,1.1724334,0.16396395862102509,0.9100000262260437,0.46399998664855957
YCL016C,YEL020C,0,1.1723185,0.16393442451953888,0.9100000262260437,0.4641000032424927
YFR041C,YLR200W,0,1.1720123,0.16390490531921387,0.9100000262260437,0.4641999900341034
YGL145W,YLR378C,0,1.1717117,0.16387538611888885,0.9100000262260437,0.4643000066280365
YDR420W,YGL192W,0,1.171607,0.16384588181972504,0.9100000262260437,0.4643999934196472
YJR121W,YGR274C,0,1.1714108,0.16381637752056122,0.9100000262260437,0.4645000100135803
YGL053W,YGL133W,0,1.1713641,0.1637869030237198,0.9100000262260437,0.46459999680519104
YBR083W,YGR132C,0,1.1706355,0.16375742852687836,0.9100000262260437,0.46470001339912415
YJL012C,YIL111W,0,1.1705561,0.16372795403003693,0.9100000262260437,0.46480000019073486
YCR066W,YGR192C,0,1.1703806,0.16369850933551788,0.9100000262260437,0.4648999869823456
YGL210W,YIR035C,0,1.1697233,0.16366906464099884,0.9100000262260437,0.4650000035762787
YGL166W,YBL046W,0,1.1692455,0.163639634847641,0.9100000262260437,0.4650999903678894
YHR123W,YBL027W,0,1.168993,0.16361020505428314,0.9100000262260437,0.4652000069618225
YAL021C,YDR330W,0,1.1689134,0.16358080506324768,0.9100000262260437,0.4652999937534332
YKR039W,YNL135C,0,1.1685095,0.16355140507221222,0.9100000262260437,0.46540001034736633
YAL028W,YEL048C,0,1.1677036,0.16352201998233795,0.9100000262260437,0.46549999713897705
YOL144W,YPL020C,0,1.1673983,0.16349263489246368,0.9100000262260437,0.46560001373291016
YDR477W,YOL018C,0,1.1672761,0.1634632647037506,0.9100000262260437,0.4657000005245209
YDR393W,YLR144C,0,1.1672604,0.16343390941619873,0.9100000262260437,0.4657999873161316
YNR012W,YPL265W,0,1.1672242,0.16340455412864685,0.9100000262260437,0.4659000039100647
YIL040W,YJL115W,0,1.1666939,0.16337522864341736,0.9100000262260437,0.4659999907016754
YDR456W,YLL013C,0,1.1666739,0.16334590315818787,0.9100000262260437,0.4661000072956085
YBR135W,YOR011W,0,1.166253,0.16331657767295837,0.9100000262260437,0.46619999408721924
YLL026W,YPL085W,0,1.1660541,0.16328728199005127,0.9100000262260437,0.46630001068115234
YAR007C,YDR078C,1,1.1650071,0.1634373813867569,0.9110000133514404,0.46630001068115234
YGR087C,YGR138C,0,1.1636078,0.1634080708026886,0.9110000133514404,0.46639999747276306
YKL183W,YDL069C,0,1.1635613,0.1633787602186203,0.9110000133514404,0.46650001406669617
YGR092W,YBR022W,0,1.1634915,0.1633494645357132,0.9110000133514404,0.4666000008583069
YKL052C,YOR250C,0,1.1634636,0.16332018375396729,0.9110000133514404,0.4666999876499176
YOR358W,YGR140W,0,1.1633198,0.16329091787338257,0.9110000133514404,0.4668000042438507
YOR127W,YNL229C,0,1.1614089,0.16326165199279785,0.9110000133514404,0.4668999910354614
YDL240W,YIL138C,0,1.1591659,0.16323240101337433,0.9110000133514404,0.46700000762939453
YBR073W,YDR386W,1,1.1584041,0.16338230669498444,0.9120000004768372,0.46700000762939453
YNL020C,YJL091C,0,1.1583767,0.16335304081439972,0.9120000004768372,0.46709999442100525
YKL191W,YLR399C,0,1.1578251,0.163323774933815,0.9120000004768372,0.46720001101493835
YDR315C,YOR197W,0,1.1570556,0.16329453885555267,0.9120000004768372,0.4672999978065491
YKL059C,YHR187W,0,1.1564682,0.16326530277729034,0.9120000004768372,0.4674000144004822
YKL005C,YOR201C,0,1.1564244,0.1632360816001892,0.9120000004768372,0.4675000011920929
YDR440W,YGR296W,1,1.1559708,0.16338582336902618,0.9129999876022339,0.4675000011920929
YDL043C,YER001W,0,1.1558013,0.16335658729076385,0.9129999876022339,0.4675999879837036
YNL254C,YMR197C,0,1.1557182,0.16332736611366272,0.9129999876022339,0.4677000045776367
YDR182W,YLR210W,0,1.154587,0.16329815983772278,0.9129999876022339,0.46779999136924744
YNL139C,YLR418C,1,1.1538551,0.1634477823972702,0.9139999747276306,0.46779999136924744
YER074W-A,YOR380W,0,1.1531094,0.16341856122016907,0.9139999747276306,0.46790000796318054
YLR388W,YDL127W,0,1.1524341,0.16338934004306793,0.9139999747276306,0.46799999475479126
YDR503C,YGL013C,0,1.1518736,0.16336014866828918,0.9139999747276306,0.46810001134872437
YBR110W,YDR253C,0,1.1513602,0.16333095729351044,0.9139999747276306,0.4681999981403351
YCR079W,YER096W,0,1.1508114,0.1633017659187317,0.9139999747276306,0.4683000147342682
YGR040W,YOR253W,0,1.149967,0.16327260434627533,0.9139999747276306,0.4684000015258789
YHR036W,YHR143W,0,1.1485181,0.16324344277381897,0.9139999747276306,0.4684999883174896
YOL146W,YNL207W,0,1.1477551,0.1632142812013626,0.9139999747276306,0.46860000491142273
YKL062W,YJR152W,0,1.1472158,0.16318514943122864,0.9139999747276306,0.46869999170303345
YNL118C,YDL127W,0,1.1471719,0.16315601766109467,0.9139999747276306,0.46880000829696655
YDR001C,YFL037W,0,1.1453376,0.1631269007921219,0.9139999747276306,0.46889999508857727
YDR051C,YHR134W,0,1.1447015,0.1630977839231491,0.9139999747276306,0.4690000116825104
YOL080C,YKR022C,0,1.1443906,0.16306868195533752,0.9139999747276306,0.4690999984741211
YBR234C,YGR212W,0,1.1438311,0.16303959488868713,0.9139999747276306,0.4691999852657318
YOR151C,YKL132C,0,1.143812,0.16301052272319794,0.9139999747276306,0.4693000018596649
YML059C,YML010W,0,1.1434932,0.16298145055770874,0.9139999747276306,0.46939998865127563
YLR293C,YBR045C,0,1.1419561,0.16295239329338074,0.9139999747276306,0.46950000524520874
YGR223C,YPR073C,0,1.1417704,0.16292335093021393,0.9139999747276306,0.46959999203681946
YKL043W,YGR002C,0,1.1415117,0.16289430856704712,0.9139999747276306,0.46970000863075256
YNL188W,YMR043W,0,1.1409963,0.1628652960062027,0.9139999747276306,0.4697999954223633
YGL039W,YCL035C,0,1.1404946,0.16283626854419708,0.9139999747276306,0.4699000120162964
YBR084W,YBL106C,0,1.1404358,0.16280727088451385,0.9139999747276306,0.4699999988079071
YOL092W,YBL078C,0,1.1400557,0.16277827322483063,0.9139999747276306,0.4700999855995178
YDR284C,YLL005C,0,1.1390107,0.1627492904663086,0.9139999747276306,0.4702000021934509
YGR174C,YBL035C,0,1.138097,0.16272030770778656,0.9139999747276306,0.47029998898506165
YGR209C,YNL311C,0,1.1374094,0.16269135475158691,0.9139999747276306,0.47040000557899475
YLR100W,YPL111W,0,1.1370864,0.16266240179538727,0.9139999747276306,0.47049999237060547
YML115C,YOR004W,0,1.1369123,0.16263344883918762,0.9139999747276306,0.4706000089645386
YDL102W,YKL112W,0,1.1360788,0.16260452568531036,0.9139999747276306,0.4706999957561493
YIL129C,YPL116W,0,1.1354527,0.1625756025314331,0.9139999747276306,0.4708000123500824
YDR214W,YGL157W,0,1.1347446,0.16254667937755585,0.9139999747276306,0.4708999991416931
YJL076W,YOL078W,0,1.1344194,0.16251778602600098,0.9139999747276306,0.47099998593330383
YMR067C,YIL068C,0,1.1337602,0.1624888926744461,0.9139999747276306,0.47110000252723694
YDR347W,YHR178W,0,1.133435,0.16246001422405243,0.9139999747276306,0.47119998931884766
YLR284C,YER023W,0,1.1319305,0.16243113577365875,0.9139999747276306,0.47130000591278076
YPL187W,YGL119W,0,1.1318939,0.16240227222442627,0.9139999747276306,0.4713999927043915
YMR288W,YDL192W,0,1.1318601,0.16237342357635498,0.9139999747276306,0.4715000092983246
YHR113W,YGL141W,0,1.1317737,0.16234458982944489,0.9139999747276306,0.4715999960899353
YHR194W,YDR208W,0,1.1312685,0.1623157560825348,0.9139999747276306,0.4717000126838684
YGR289C,YOL117W,0,1.1310422,0.1622869372367859,0.9139999747276306,0.4717999994754791
YMR170C,YOR119C,0,1.1298995,0.162258118391037,0.9139999747276306,0.47189998626708984
YMR043W,YNR020C,0,1.129252,0.16222932934761047,0.9139999747276306,0.47200000286102295
YJL123C,YLR034C,0,1.1289897,0.16220052540302277,0.9139999747276306,0.47209998965263367
YPR107C,YGL020C,0,1.1287684,0.16217175126075745,0.9139999747276306,0.4722000062465668
YDL091C,YGR234W,0,1.1285185,0.16214297711849213,0.9139999747276306,0.4722999930381775
YOR196C,YOR190W,0,1.1281146,0.162114217877388,0.9139999747276306,0.4724000096321106
YGL208W,YOR049C,0,1.1280808,0.16208547353744507,0.9139999747276306,0.4724999964237213
YCR035C,YDR515W,0,1.1270877,0.16205674409866333,0.9139999747276306,0.4726000130176544
YOR396W,YFR041C,0,1.1267691,0.1620280146598816,0.9139999747276306,0.47269999980926514
YBR215W,YGR007W,0,1.1246877,0.16199928522109985,0.9139999747276306,0.47279998660087585
YJL145W,YFR010W,0,1.1240188,0.1619705855846405,0.9139999747276306,0.47290000319480896
YIL031W,YKL049C,0,1.1233476,0.16194188594818115,0.9139999747276306,0.4729999899864197
YIL074C,YML070W,0,1.1232437,0.161913201212883,0.9139999747276306,0.4731000065803528
YJL096W,YLR019W,0,1.1221179,0.16188451647758484,0.9139999747276306,0.4731999933719635
YLL062C,YGR038W,0,1.1218591,0.16185584664344788,0.9139999747276306,0.4733000099658966
YDR363W,YOL002C,0,1.1214565,0.1618271917104721,0.9139999747276306,0.4733999967575073
YMR247C,YOR210W,0,1.1210877,0.16179855167865753,0.9139999747276306,0.47350001335144043
YDL117W,YHR146W,0,1.1210579,0.16176991164684296,0.9139999747276306,0.47360000014305115
YJL063C,YDR073W,0,1.1208531,0.16174128651618958,0.9139999747276306,0.47369998693466187
YNR061C,YMR109W,0,1.1203802,0.1617126613855362,0.9139999747276306,0.47380000352859497
YNL118C,YGL207W,0,1.119941,0.1616840660572052,0.9139999747276306,0.4738999903202057
YNL199C,YPR098C,0,1.1198387,0.1616554707288742,0.9139999747276306,0.4740000069141388
YNL136W,YIL154C,0,1.1193444,0.1616268754005432,0.9139999747276306,0.4740999937057495
YIL099W,YDL189W,0,1.1186287,0.1615983098745346,0.9139999747276306,0.4742000102996826
YBR104W,YPL157W,0,1.118262,0.1615697294473648,0.9139999747276306,0.47429999709129333
YGL147C,YMR198W,0,1.1181071,0.1615411788225174,0.9139999747276306,0.47440001368522644
YJR097W,YNL154C,0,1.1177089,0.16151262819766998,0.9139999747276306,0.47450000047683716
YPR021C,YJL020C,0,1.1165533,0.16148409247398376,0.9139999747276306,0.4745999872684479
YHR094C,YEL038W,0,1.1162479,0.16145557165145874,0.9139999747276306,0.474700003862381
YPL169C,YDL123W,0,1.115809,0.16142705082893372,0.9139999747276306,0.4747999906539917
YOL146W,YLR368W,0,1.1155272,0.16139854490756989,0.9139999747276306,0.4749000072479248
YBR056W,YNL161W,0,1.1154394,0.16137005388736725,0.9139999747276306,0.4749999940395355
YJR058C,YNL077W,0,1.1151831,0.1613415777683258,0.9139999747276306,0.47510001063346863
YBR234C,YDR448W,0,1.1151032,0.16131310164928436,0.9139999747276306,0.47519999742507935
YGL243W,YMR314W,0,1.1150233,0.16128462553024292,0.9139999747276306,0.47530001401901245
YJL167W,YLR403W,0,1.114517,0.16125617921352386,0.9139999747276306,0.47540000081062317
YPL069C,YOL116W,0,1.11404,0.1612277328968048,0.9139999747276306,0.4754999876022339
YPR071W,YNL133C,0,1.1127454,0.16119930148124695,0.9139999747276306,0.475600004196167
YOR195W,YDR375C,0,1.1123402,0.1611708700656891,0.9139999747276306,0.4756999909877777
YER123W,YEL050C,0,1.1121727,0.16114245355129242,0.9139999747276306,0.4758000075817108
YDL144C,YLR038C,0,1.1100144,0.16111405193805695,0.9139999747276306,0.47589999437332153
YMR167W,YJL090C,1,1.1095936,0.1612619012594223,0.9150000214576721,0.47589999437332153
YMR260C,YLR019W,0,1.1093397,0.16123348474502563,0.9150000214576721,0.47600001096725464
YHR178W,YKL091C,0,1.1093302,0.16120506823062897,0.9150000214576721,0.47609999775886536
YMR017W,YOL139C,0,1.1087494,0.1611766815185547,0.9150000214576721,0.47620001435279846
YIR037W,YHR072W-A,0,1.1078868,0.1611482948064804,0.9150000214576721,0.4763000011444092
YIL120W,YBR029C,0,1.1075944,0.16111990809440613,0.9150000214576721,0.4763999879360199
YDR349C,YGR188C,0,1.1071013,0.16109155118465424,0.9150000214576721,0.476500004529953
YCR004C,YPL248C,0,1.1068087,0.16106319427490234,0.9150000214576721,0.4765999913215637
YBL082C,YNL161W,0,1.1061559,0.16103485226631165,0.9150000214576721,0.4767000079154968
YDR122W,YCR067C,0,1.1056944,0.16100651025772095,0.9150000214576721,0.47679999470710754
YGL167C,YLR260W,0,1.1055309,0.16097818315029144,0.9150000214576721,0.47690001130104065
YDR160W,YPL190C,0,1.1049346,0.16094987094402313,0.9150000214576721,0.47699999809265137
YPL144W,YGR257C,0,1.1045291,0.16092155873775482,0.9150000214576721,0.4771000146865845
YHR176W,YLR056W,0,1.1039954,0.1608932614326477,0.9150000214576721,0.4772000014781952
YBR237W,YNL164C,0,1.1038678,0.16086497902870178,0.9150000214576721,0.4772999882698059
YPR095C,YJL136C,0,1.1032746,0.16083669662475586,0.9150000214576721,0.477400004863739
YBL105C,YJL054W,0,1.1025114,0.16080842912197113,0.9150000214576721,0.47749999165534973
YNL098C,YML047C,0,1.1024767,0.1607801765203476,0.9150000214576721,0.47760000824928284
YPL047W,YJL078C,0,1.102382,0.16075193881988525,0.9150000214576721,0.47769999504089355
YDR328C,YOR253W,0,1.1023028,0.1607237011194229,0.9150000214576721,0.47780001163482666
YPR183W,YKL125W,0,1.100611,0.16069546341896057,0.9150000214576721,0.4778999984264374
YDR184C,YCR005C,0,1.1001565,0.16066725552082062,0.9150000214576721,0.4779999852180481
YOL012C,YCR105W,0,1.0998421,0.16063904762268066,0.9150000214576721,0.4781000018119812
YOL059W,YDR126W,0,1.0991964,0.1606108546257019,0.9150000214576721,0.4781999886035919
YKR088C,YNL068C,0,1.09847,0.16058266162872314,0.9150000214576721,0.478300005197525
YGL144C,YGR218W,0,1.0983241,0.16055448353290558,0.9150000214576721,0.47839999198913574
YBR021W,YML021C,0,1.0975453,0.1605263203382492,0.9150000214576721,0.47850000858306885
YBR030W,YML057W,0,1.0968828,0.16049815714359283,0.9150000214576721,0.47859999537467957
YBR216C,YBR207W,0,1.0950481,0.16047000885009766,0.9150000214576721,0.47870001196861267
YNL088W,YML023C,1,1.0948935,0.16061721742153168,0.9160000085830688,0.47870001196861267
YDR349C,YGR065C,0,1.094734,0.1605890542268753,0.9160000085830688,0.4787999987602234
YOR172W,YDL174C,0,1.0942786,0.16056090593338013,0.9160000085830688,0.4788999855518341
YBR160W,YPL283C,1,1.0938511,0.16070802509784698,0.9169999957084656,0.4788999855518341
YHR203C,YOR118W,0,1.0936992,0.1606798619031906,0.9169999957084656,0.4790000021457672
YCR077C,YJR068W,0,1.0931256,0.16065171360969543,0.9169999957084656,0.47909998893737793
YCR048W,YAR019C,0,1.0923522,0.16062358021736145,0.9169999957084656,0.47920000553131104
YFL005W,YDR487C,0,1.0922748,0.16059544682502747,0.9169999957084656,0.47929999232292175
YJL203W,YCR031C,0,1.0910871,0.16056732833385468,0.9169999957084656,0.47940000891685486
YHR070W,YML131W,0,1.0910773,0.16053920984268188,0.9169999957084656,0.4794999957084656
YDR318W,YFL029C,0,1.0910327,0.16051112115383148,0.9169999957084656,0.4796000123023987
YPL072W,YER099C,0,1.0902908,0.16048301756381989,0.9169999957084656,0.4796999990940094
YMR288W,YAL042W,0,1.0899272,0.16045494377613068,0.9169999957084656,0.4797999858856201
YMR289W,YEL058W,0,1.0893769,0.16042686998844147,0.9169999957084656,0.4799000024795532
YDL091C,YLR357W,0,1.0886784,0.16039881110191345,0.9169999957084656,0.47999998927116394
YPR008W,YLR431C,0,1.0885413,0.16037075221538544,0.9169999957084656,0.48010000586509705
YOR027W,YGR138C,0,1.0877762,0.1603427231311798,0.9169999957084656,0.48019999265670776
YKL154W,YPL046C,0,1.0877751,0.160314679145813,0.9169999957084656,0.48030000925064087
YDR162C,YLL005C,0,1.0875582,0.16028666496276855,0.9169999957084656,0.4803999960422516
YFL047W,YBR288C,0,1.0874269,0.16025865077972412,0.9169999957084656,0.4805000126361847
YCL063W,YGR058W,0,1.0872245,0.16023065149784088,0.9169999957084656,0.4805999994277954
YBR204C,YOR003W,0,1.0851772,0.16020265221595764,0.9169999957084656,0.48069998621940613
YBL005W,YCR039C,0,1.0851343,0.1601746678352356,0.9169999957084656,0.48080000281333923
YMR081C,YGR125W,0,1.0851226,0.16014669835567474,0.9169999957084656,0.48089998960494995
YLR409C,YDL030W,0,1.0840776,0.1601187288761139,0.9169999957084656,0.48100000619888306
YML023C,YGR296W,1,1.0835533,0.16026535630226135,0.9179999828338623,0.48100000619888306
YNR012W,YNL020C,0,1.0833311,0.1602373868227005,0.9179999828338623,0.4810999929904938
YCR047C,YDR469W,0,1.0830292,0.16020941734313965,0.9179999828338623,0.4812000095844269
YBL056W,YJR052W,0,1.0829189,0.16018146276474,0.9179999828338623,0.4812999963760376
YOR018W,YML081W,0,1.0815532,0.16015352308750153,0.9179999828338623,0.4814000129699707
YDL207W,YHR143W,0,1.0808808,0.16012558341026306,0.9179999828338623,0.4814999997615814
YJL033W,YNR048W,0,1.0807601,0.1600976586341858,0.9179999828338623,0.48159998655319214
YDR040C,YHR001W-A,0,1.0802629,0.16006974875926971,0.9179999828338623,0.48170000314712524
YOR384W,YJR108W,0,1.0801859,0.16004183888435364,0.9179999828338623,0.48179998993873596
YJR131W,YNL286W,0,1.0793943,0.16001394391059875,0.9179999828338623,0.48190000653266907
YMR068W,YDR216W,0,1.0793166,0.15998606383800507,0.9179999828338623,0.4819999933242798
YIL065C,YLL022C,0,1.0790353,0.15995818376541138,0.9179999828338623,0.4821000099182129
YOR066W,YNL191W,0,1.0783118,0.15993031859397888,0.9179999828338623,0.4821999967098236
YML106W,YNL275W,0,1.0780131,0.1599024534225464,0.9179999828338623,0.4823000133037567
YDR122W,YLR099C,0,1.0774906,0.15987460315227509,0.9179999828338623,0.48240000009536743
YGL005C,YGL025C,0,1.0774069,0.15984676778316498,0.9179999828338623,0.48249998688697815
YGL130W,YHR207C,0,1.0771313,0.15981894731521606,0.9179999828338623,0.48260000348091125
YLR371W,YOL147C,0,1.0765996,0.15979112684726715,0.9179999828338623,0.482699990272522
YMR131C,YNL149C,0,1.0764894,0.15976330637931824,0.9179999828338623,0.4828000068664551
YNL059C,YKL008C,0,1.0759637,0.1597355157136917,0.9179999828338623,0.4828999936580658
YJL033W,YBL013W,0,1.0751846,0.15970772504806519,0.9179999828338623,0.4830000102519989
YIR033W,YGL213C,0,1.0745066,0.15967994928359985,0.9179999828338623,0.4830999970436096
YKL025C,YJL207C,0,1.0744852,0.15965217351913452,0.9179999828338623,0.4832000136375427
YCR034W,YBL035C,0,1.0742562,0.15962441265583038,0.9179999828338623,0.48330000042915344
YPR131C,YKR097W,0,1.0741109,0.15959666669368744,0.9179999828338623,0.48339998722076416
YHR073W,YBL022C,0,1.0737406,0.1595689207315445,0.9179999828338623,0.48350000381469727
YMR234W,YHR016C,0,1.0731976,0.15954118967056274,0.9179999828338623,0.483599990606308
YGR086C,YBR244W,0,1.0731261,0.1595134735107422,0.9179999828338623,0.4837000072002411
YNL194C,YJL069C,0,1.072444,0.15948575735092163,0.9179999828338623,0.4837999939918518
YER029C,YMR290C,0,1.0722176,0.15945805609226227,0.9179999828338623,0.4839000105857849
YLR357W,YEL024W,0,1.071821,0.1594303548336029,0.9179999828338623,0.48399999737739563
YLL022C,YOL088C,0,1.0704532,0.15940266847610474,0.9179999828338623,0.48410001397132874
YLR451W,YGR063C,0,1.0703788,0.15937499701976776,0.9179999828338623,0.48420000076293945
YER126C,YIL073C,0,1.0698628,0.15934734046459198,0.9179999828338623,0.48429998755455017
YIL009W,YKL010C,0,1.0691878,0.1593196839094162,0.9179999828338623,0.4844000041484833
YHR120W,YBR101C,0,1.068238,0.1592920422554016,0.9179999828338623,0.484499990940094
YKL164C,YDL222C,0,1.0679051,0.15926440060138702,0.9179999828338623,0.4846000075340271
YLR054C,YJL170C,0,1.0672908,0.15923677384853363,0.9179999828338623,0.4846999943256378
YAR033W,YHL013C,0,1.0663754,0.15920916199684143,0.9179999828338623,0.4848000109195709
YMR275C,YMR109W,0,1.06579,0.15918155014514923,0.9179999828338623,0.48489999771118164
YNL256W,YIL009C-A,0,1.0655897,0.15915395319461823,0.9179999828338623,0.48500001430511475
YBR291C,YGR058W,0,1.0644871,0.1591263711452484,0.9179999828338623,0.48510000109672546
YIR002C,YER071C,0,1.0633969,0.1590987890958786,0.9179999828338623,0.4851999878883362
YBR073W,YMR224C,1,1.0632734,0.15924449265003204,0.9190000295639038,0.4851999878883362
YPR008W,YML059C,0,1.0622425,0.15921691060066223,0.9190000295639038,0.4853000044822693
YJR068W,YOR321W,0,1.0617371,0.15918932855129242,0.9190000295639038,0.48539999127388
YGR097W,YLR115W,0,1.0601921,0.1591617614030838,0.9190000295639038,0.4855000078678131
YHR123W,YKL084W,0,1.0592128,0.15913419425487518,0.9190000295639038,0.48559999465942383
YPR120C,YDR247W,0,1.0591308,0.15910664200782776,0.9190000295639038,0.48570001125335693
YOR059C,YGL106W,0,1.0589256,0.15907910466194153,0.9190000295639038,0.48579999804496765
YKL028W,YDR427W,0,1.058666,0.1590515822172165,0.9190000295639038,0.48590001463890076
YEL061C,YBR014C,0,1.0579914,0.15902405977249146,0.9190000295639038,0.4860000014305115
YGL035C,YHR158C,0,1.0579145,0.15899653732776642,0.9190000295639038,0.4860999882221222
YDR318W,YOL055C,0,1.0568271,0.15896902978420258,0.9190000295639038,0.4862000048160553
YDL207W,YIR019C,0,1.0563822,0.15894153714179993,0.9190000295639038,0.486299991607666
YPR007C,YDR293C,0,1.056034,0.15891405940055847,0.9190000295639038,0.4864000082015991
YOR188W,YDR264C,0,1.0558299,0.15888658165931702,0.9190000295639038,0.48649999499320984
YLR393W,YNL087W,0,1.0552843,0.15885911881923676,0.9190000295639038,0.48660001158714294
YGL073W,YIL118W,0,1.0551778,0.1588316559791565,0.9190000295639038,0.48669999837875366
YER141W,YHL026C,0,1.0546213,0.15880422294139862,0.9190000295639038,0.4867999851703644
YPR020W,YNL227C,0,1.0543981,0.15877677500247955,0.9190000295639038,0.4869000017642975
YIL027C,YDR119W,0,1.0541127,0.15874935686588287,0.9190000295639038,0.4869999885559082
YHL006C,YLR467W,1,1.0540202,0.1588946431875229,0.9200000166893005,0.4869999885559082
YLR131C,YLR037C,0,1.0538551,0.15886721014976501,0.9200000166893005,0.4871000051498413
YDR533C,YMR257C,0,1.0536212,0.15883977711200714,0.9200000166893005,0.487199991941452
YDL155W,YPR122W,0,1.0510278,0.15881235897541046,0.9200000166893005,0.48730000853538513
YPR108W,YIR008C,0,1.0495125,0.15878495573997498,0.9200000166893005,0.48739999532699585
YKR099W,YNL250W,1,1.0491769,0.15893010795116425,0.9210000038146973,0.48739999532699585
YDL100C,YLR435W,0,1.0489659,0.15890268981456757,0.9210000038146973,0.48750001192092896
YJR091C,YDR257C,0,1.0488535,0.15887528657913208,0.9210000038146973,0.4875999987125397
YDL214C,YER030W,0,1.0487407,0.1588478833436966,0.9210000038146973,0.4876999855041504
YDR393W,YBR149W,0,1.0484879,0.1588204801082611,0.9210000038146973,0.4878000020980835
YLR433C,YIR008C,0,1.047963,0.158793106675148,0.9210000038146973,0.4878999888896942
YER164W,YPR106W,0,1.0476384,0.1587657332420349,0.9210000038146973,0.4880000054836273
YKL054C,YCL044C,0,1.0466869,0.15873835980892181,0.9210000038146973,0.48809999227523804
YIR034C,YGR241C,0,1.0465965,0.1587110161781311,0.9210000038146973,0.48820000886917114
YOR018W,YNL216W,0,1.0463251,0.1586836725473404,0.9210000038146973,0.48829999566078186
YOR077W,YGL211W,0,1.0459956,0.15865632891654968,0.9210000038146973,0.48840001225471497
YIL118W,YKR077W,0,1.0455403,0.15862900018692017,0.9210000038146973,0.4884999990463257
YBR123C,YIL137C,0,1.0449888,0.15860168635845184,0.9210000038146973,0.4885999858379364
YBR280C,YFR015C,0,1.0449258,0.15857438743114471,0.9210000038146973,0.4887000024318695
YGR296W,YJL173C,1,1.044872,0.1587192267179489,0.921999990940094,0.4887000024318695
YPR188C,YJR052W,0,1.044727,0.1586919128894806,0.921999990940094,0.4887999892234802
YLR431C,YER119C,0,1.0445044,0.15866459906101227,0.921999990940094,0.48890000581741333
YOR197W,YER111C,0,1.0443609,0.15863730013370514,0.921999990940094,0.48899999260902405
YBR158W,YJR134C,0,1.0436941,0.1586100161075592,0.921999990940094,0.48910000920295715
YDR213W,YNL308C,0,1.0431564,0.15858273208141327,0.921999990940094,0.48919999599456787
YLR133W,YNL247W,0,1.0429642,0.15855546295642853,0.921999990940094,0.489300012588501
YBR229C,YHR009C,0,1.0422627,0.1585281938314438,0.921999990940094,0.4893999993801117
YCL044C,YDR096W,0,1.0414884,0.15850093960762024,0.921999990940094,0.4894999861717224
YDR388W,YFL053W,0,1.0412865,0.15847370028495789,0.921999990940094,0.4896000027656555
YPL233W,YGR038W,0,1.041095,0.15844647586345673,0.921999990940094,0.48969998955726624
YOR312C,YCL038C,0,1.0402858,0.15841923654079437,0.921999990940094,0.48980000615119934
YGL139W,YDR176W,0,1.0402601,0.1583920270204544,0.921999990940094,0.48989999294281006
YPL123C,YLR275W,0,1.0381981,0.15836481750011444,0.921999990940094,0.49000000953674316
YDR188W,YGR277C,0,1.038093,0.15833762288093567,0.921999990940094,0.4900999963283539
YNL156C,YLR106C,0,1.0377288,0.1583104431629181,0.921999990940094,0.490200012922287
YBL018C,YIR003W,0,1.0376496,0.1582832634449005,0.921999990940094,0.4902999997138977
YBL060W,YPL028W,0,1.0372834,0.15825609862804413,0.921999990940094,0.4903999865055084
YOR113W,YNL093W,0,1.0367494,0.15822893381118774,0.921999990940094,0.49050000309944153
YCR107W,YLR014C,0,1.0358078,0.15820178389549255,0.921999990940094,0.49059998989105225
YOR034C,YBL005W,0,1.0352719,0.15817464888095856,0.921999990940094,0.49070000648498535
YER126C,YIL004C,0,1.0348469,0.15814751386642456,0.921999990940094,0.49079999327659607
YDL075W,YLR360W,0,1.0336146,0.15812039375305176,0.921999990940094,0.4909000098705292
YPL241C,YIL019W,0,1.0331233,0.15809327363967896,0.921999990940094,0.4909999966621399
YDR006C,YKL002W,0,1.0330064,0.15806616842746735,0.921999990940094,0.491100013256073
YPR141C,YOL117W,0,1.0329685,0.15803907811641693,0.921999990940094,0.4912000000476837
YOR265W,YHR134W,0,1.0320358,0.1580120027065277,0.921999990940094,0.49129998683929443
YBR073W,YLR466W,1,1.0315323,0.15815627574920654,0.9229999780654907,0.49129998683929443
YAL011W,YLR340W,0,1.031406,0.15812917053699493,0.9229999780654907,0.49140000343322754
YPL140C,YNL051W,0,1.0311269,0.1581020951271057,0.9229999780654907,0.49149999022483826
YKL143W,YNL115C,0,1.0306567,0.1580750197172165,0.9229999780654907,0.49160000681877136
YGL166W,YDL017W,0,1.0300019,0.15804794430732727,0.9229999780654907,0.4916999936103821
YCR018C,YDL126C,0,1.0299828,0.15802088379859924,0.9229999780654907,0.4918000102043152
YGR041W,YHR024C,0,1.0299824,0.1579938381910324,0.9229999780654907,0.4918999969959259
YKL218C,YGR245C,0,1.0294774,0.15796679258346558,0.9229999780654907,0.492000013589859
YHR018C,YBR142W,0,1.0294715,0.15793976187705994,0.9229999780654907,0.4921000003814697
YDR101C,YBR156C,0,1.0271373,0.1579127460718155,0.9229999780654907,0.49219998717308044
YCL017C,YKL149C,0,1.0263543,0.15788573026657104,0.9229999780654907,0.49230000376701355
YKL146W,YIL090W,0,1.0263252,0.1578587293624878,0.9229999780654907,0.49239999055862427
YMR291W,YMR139W,0,1.0258833,0.15783174335956573,0.9229999780654907,0.4925000071525574
YHR089C,YPL234C,0,1.0258627,0.15780475735664368,0.9229999780654907,0.4925999939441681
YPL008W,YOL001W,0,1.0249963,0.15777777135372162,0.9229999780654907,0.4927000105381012
YGL073W,YMR109W,0,1.0235599,0.15775081515312195,0.9229999780654907,0.4927999973297119
YDR538W,YBR109C,0,1.0235406,0.15772385895252228,0.9229999780654907,0.492900013923645
YPR009W,YKR067W,0,1.0233823,0.1576969027519226,0.9229999780654907,0.49300000071525574
YOR271C,YGL032C,0,1.0229405,0.15766997635364532,0.9229999780654907,0.49309998750686646
YPL024W,YOL019W,0,1.0228415,0.15764303505420685,0.9229999780654907,0.49320000410079956
YLR234W,YDL185W,1,1.0222096,0.15778689086437225,0.9240000247955322,0.49320000410079956
YML098W,YHL025W,0,1.0212553,0.15775994956493378,0.9240000247955322,0.4932999908924103
YBR227C,YDR003W,0,1.0204475,0.1577330082654953,0.9240000247955322,0.4934000074863434
YBR254C,YDR468C,0,1.0202198,0.1577060967683792,0.9240000247955322,0.4934999942779541
YPL190C,YEL065W,0,1.0200466,0.15767918527126312,0.9240000247955322,0.4936000108718872
YGL065C,YNL336W,0,1.0193058,0.15765227377414703,0.9240000247955322,0.4936999976634979
YNR069C,YOR295W,0,1.0187511,0.15762537717819214,0.9240000247955322,0.49380001425743103
YER048C,YCR017C,0,1.0177,0.15759849548339844,0.9240000247955322,0.49390000104904175
YOR091W,YOR321W,0,1.0168068,0.15757162868976593,0.9240000247955322,0.49399998784065247
YPR028W,YMR023C,0,1.016535,0.15754476189613342,0.9240000247955322,0.49410000443458557
YGL150C,YOR188W,0,1.0160162,0.15751789510250092,0.9240000247955322,0.4941999912261963
YLR071C,YBR236C,0,1.0151732,0.1574910581111908,0.9240000247955322,0.4943000078201294
YCL061C,YDR041W,0,1.0145018,0.15746420621871948,0.9240000247955322,0.4943999946117401
YGR108W,YBR236C,0,1.0127563,0.15743738412857056,0.9240000247955322,0.4945000112056732
YPR048W,YHR076W,0,1.012579,0.15741056203842163,0.9240000247955322,0.49459999799728394
YHL035C,YJR102C,0,1.0124831,0.1573837548494339,0.9240000247955322,0.49470001459121704
YKL164C,YIL113W,0,1.0124785,0.15735694766044617,0.9240000247955322,0.49480000138282776
YPL230W,YDR050C,0,1.0121522,0.15733015537261963,0.9240000247955322,0.4948999881744385
YML100W,YIL040W,0,1.0114024,0.15730337798595428,0.9240000247955322,0.4950000047683716
YLR054C,YMR271C,0,1.0103765,0.15727660059928894,0.9240000247955322,0.4950999915599823
YGL173C,YML023C,1,1.0103254,0.15742000937461853,0.925000011920929,0.4950999915599823
YPR188C,YML093W,0,1.0090151,0.15739323198795319,0.925000011920929,0.4952000081539154
YDR256C,YLR299W,0,1.0083481,0.15736645460128784,0.925000011920929,0.4952999949455261
YMR231W,YOL055C,0,1.0082855,0.1573396772146225,0.925000011920929,0.49540001153945923
YBR280C,YLR176C,0,1.006387,0.15731292963027954,0.925000011920929,0.49549999833106995
YDR384C,YIL096C,0,1.0063429,0.15728618204593658,0.925000011920929,0.49559998512268066
YPL103C,YBL055C,0,1.0063248,0.15725943446159363,0.925000011920929,0.49570000171661377
YGR068C,YGR261C,0,1.005292,0.15723270177841187,0.925000011920929,0.4957999885082245
YLR097C,YNL327W,0,1.0048776,0.1572059839963913,0.925000011920929,0.4959000051021576
YNL270C,YJL186W,0,1.0048386,0.15717926621437073,0.925000011920929,0.4959999918937683
YER007W,YKL179C,0,1.0041701,0.15715256333351135,0.925000011920929,0.4961000084877014
YJL125C,YLR319C,0,1.0032028,0.15712587535381317,0.925000011920929,0.49619999527931213
YPL036W,YAL043C,0,1.0022413,0.157099187374115,0.925000011920929,0.49630001187324524
YOR328W,YEL039C,0,1.0014454,0.157072514295578,0.925000011920929,0.49639999866485596
YBL027W,YPR049C,0,1.0013499,0.15704584121704102,0.925000011920929,0.4964999854564667
YMR059W,YKL035W,0,1.0009694,0.15701918303966522,0.925000011920929,0.4966000020503998
YPR178W,YPR122W,0,1.0005661,0.15699252486228943,0.925000011920929,0.4966999888420105
YNL306W,YKR034W,0,1.000504,0.15696589648723602,0.925000011920929,0.4968000054359436
YGR030C,YMR211W,0,1.0002714,0.15693925321102142,0.925000011920929,0.4968999922275543
YPL001W,YGR038W,0,0.9998662,0.1569126397371292,0.925000011920929,0.4970000088214874
YPL018W,YOR267C,0,0.9997021,0.156886026263237,0.925000011920929,0.49709999561309814
YJL129C,YPR034W,0,0.99957114,0.1568594127893448,0.925000011920929,0.49720001220703125
YPR003C,YHR113W,0,0.9994502,0.15683282911777496,0.925000011920929,0.49729999899864197
YOR119C,YER035W,0,0.99793756,0.15680624544620514,0.925000011920929,0.4973999857902527
YHR031C,YOR257W,0,0.99666023,0.15677966177463531,0.925000011920929,0.4975000023841858
YIL030C,YOR188W,0,0.99569714,0.15675309300422668,0.925000011920929,0.4975999891757965
YOR087W,YOR094W,0,0.99519426,0.15672653913497925,0.925000011920929,0.4977000057697296
YGL229C,YJL143W,0,0.99501574,0.1566999852657318,0.925000011920929,0.49779999256134033
YDL085W,YOR242C,0,0.9949651,0.15667344629764557,0.925000011920929,0.49790000915527344
YBR153W,YJL168C,0,0.99441916,0.15664690732955933,0.925000011920929,0.49799999594688416
YDR021W,YGR047C,0,0.99395275,0.15662038326263428,0.925000011920929,0.49810001254081726
YGL253W,YDR143C,0,0.9937875,0.15659387409687042,0.925000011920929,0.498199999332428
YLR430W,YNL049C,0,0.9936757,0.15656736493110657,0.925000011920929,0.4982999861240387
YIL007C,YHR165C,0,0.9933374,0.1565408706665039,0.925000011920929,0.4984000027179718
YCL010C,YGL255W,0,0.9923038,0.15651437640190125,0.925000011920929,0.4984999895095825
YNL224C,YJL101C,0,0.9919473,0.15648789703845978,0.925000011920929,0.4986000061035156
YGL137W,YML057W,0,0.99188733,0.1564614325761795,0.925000011920929,0.49869999289512634
YDR130C,YAL021C,0,0.9918051,0.15643496811389923,0.925000011920929,0.49880000948905945
YER023W,YDR045C,0,0.9912232,0.15640851855278015,0.925000011920929,0.49889999628067017
YMR004W,YBR087W,0,0.99114865,0.15638208389282227,0.925000011920929,0.49900001287460327
YKL018W,YBL046W,0,0.99107236,0.15635564923286438,0.925000011920929,0.499099999666214
YBR153W,YOR182C,0,0.9901113,0.1563292145729065,0.925000011920929,0.4991999864578247
YKL135C,YOR094W,0,0.9901066,0.156302809715271,0.925000011920929,0.4993000030517578
YPR048W,YOR256C,0,0.99009895,0.1562764048576355,0.925000011920929,0.49939998984336853
YPL033C,YMR305C,0,0.9887674,0.15625,0.925000011920929,0.49950000643730164
YLR431C,YNL177C,0,0.9879415,0.1562236100435257,0.925000011920929,0.49959999322891235
YBR049C,YER016W,0,0.9879238,0.15619723498821259,0.925000011920929,0.49970000982284546
YGL135W,YDR198C,0,0.9869606,0.15617085993289948,0.925000011920929,0.4997999966144562
YNL051W,YJR049C,0,0.98522496,0.15614449977874756,0.925000011920929,0.4999000132083893
YDL136W,YJR134C,0,0.9850421,0.15611813962459564,0.925000011920929,0.5
YER026C,YHR172W,0,0.9849089,0.15609179437160492,0.925000011920929,0.5001000165939331
YOR018W,YPL117C,0,0.98396003,0.1560654640197754,0.925000011920929,0.5001999735832214
YDR380W,YEL059C-A,0,0.98369104,0.15603913366794586,0.925000011920929,0.5002999901771545
YNL263C,YKR046C,0,0.98329365,0.15601281821727753,0.925000011920929,0.5004000067710876
YOR043W,YNL132W,0,0.98327804,0.1559865027666092,0.925000011920929,0.5005000233650208
YKL069W,YBR272C,0,0.9832012,0.15596020221710205,0.925000011920929,0.5005999803543091
YLR138W,YJL069C,0,0.9829944,0.1559339165687561,0.925000011920929,0.5006999969482422
YHL028W,YDR484W,0,0.982755,0.15590763092041016,0.925000011920929,0.5008000135421753
YOR221C,YKL216W,0,0.9823272,0.1558813601732254,0.925000011920929,0.5008999705314636
YJL162C,YBL005W,0,0.98209643,0.15585510432720184,0.925000011920929,0.5009999871253967
YOR172W,YML124C,0,0.9815211,0.1558288335800171,0.925000011920929,0.5011000037193298
YGL111W,YOR127W,0,0.98112094,0.15580259263515472,0.925000011920929,0.5012000203132629
YDR409W,YNL180C,0,0.9811087,0.15577635169029236,0.925000011920929,0.5012999773025513
YGR205W,YLR258W,0,0.98079634,0.1557501256465912,0.925000011920929,0.5013999938964844
YML064C,YLR170C,0,0.97912824,0.15572389960289001,0.925000011920929,0.5015000104904175
YGR261C,YKR052C,0,0.9779454,0.15569768846035004,0.925000011920929,0.5016000270843506
YNR024W,YLR242C,0,0.9778938,0.15567149221897125,0.925000011920929,0.5016999840736389
YER061C,YGR158C,0,0.97719157,0.15564529597759247,0.925000011920929,0.501800000667572
YDR397C,YNL002C,0,0.9771157,0.15561911463737488,0.925000011920929,0.5019000172615051
YBR101C,YDL243C,0,0.9767518,0.1555929332971573,0.925000011920929,0.5019999742507935
YPL020C,YOR260W,0,0.9755354,0.1555667668581009,0.925000011920929,0.5020999908447266
YKR083C,YKL135C,0,0.97498363,0.1555406153202057,0.925000011920929,0.5022000074386597
YGL201C,YPR016C,0,0.9743142,0.15551446378231049,0.925000011920929,0.5023000240325928
YGL168W,YML094W,0,0.9728067,0.15548831224441528,0.925000011920929,0.5023999810218811
YGL064C,YDR326C,0,0.9727973,0.15546219050884247,0.925000011920929,0.5024999976158142
YCR028C-A,YER096W,0,0.9719441,0.15543605387210846,0.925000011920929,0.5026000142097473
YOR284W,YPR134W,0,0.97150636,0.15540994703769684,0.925000011920929,0.5026999711990356
YIL154C,YGL067W,0,0.9714304,0.15538384020328522,0.925000011920929,0.5027999877929688
YGL003C,YLR147C,0,0.97097087,0.1553577482700348,0.925000011920929,0.5029000043869019
YOL137W,YBR248C,0,0.9709332,0.15533165633678436,0.925000011920929,0.503000020980835
YIL106W,YCL033C,0,0.9706889,0.15530557930469513,0.925000011920929,0.5030999779701233
YHR072W,YGR212W,0,0.9706146,0.1552795022726059,0.925000011920929,0.5031999945640564
YGL240W,YFR010W,0,0.97006166,0.15525344014167786,0.925000011920929,0.5033000111579895
YIR021W,YEL063C,0,0.96996033,0.155227392911911,0.925000011920929,0.5034000277519226
YGR170W,YFL050C,0,0.96994597,0.15520134568214417,0.925000011920929,0.5034999847412109
YJL179W,YGL017W,0,0.96985877,0.1551753133535385,0.925000011920929,0.503600001335144
YDR017C,YPL086C,0,0.96984994,0.15514928102493286,0.925000011920929,0.5037000179290771
YLR272C,YHR203C,0,0.96965426,0.1551232635974884,0.925000011920929,0.5037999749183655
YLR403W,YLR188W,0,0.96781653,0.15509724617004395,0.925000011920929,0.5038999915122986
YOL128C,YGL023C,0,0.9668437,0.15507124364376068,0.925000011920929,0.5040000081062317
YPR042C,YDL093W,0,0.9663428,0.1550452560186386,0.925000011920929,0.5041000247001648
YIR010W,YIR034C,0,0.9661622,0.15501926839351654,0.925000011920929,0.5041999816894531
YEL050C,YOR044W,0,0.96610093,0.15499329566955566,0.925000011920929,0.5042999982833862
YLR178C,YDR103W,0,0.966,0.15496733784675598,0.925000011920929,0.5044000148773193
YIL005W,YDL240W,0,0.9649774,0.1549413800239563,0.925000011920929,0.5044999718666077
YNR047W,YMR306W,0,0.9649755,0.15491542220115662,0.925000011920929,0.5045999884605408
YOR127W,YOR265W,0,0.9648563,0.15488947927951813,0.925000011920929,0.5047000050544739
YGL005C,YDR121W,0,0.96447194,0.15486355125904083,0.925000011920929,0.504800021648407
YDR027C,YHR034C,0,0.96416414,0.15483762323856354,0.925000011920929,0.5048999786376953
YPL015C,YER044C-A,1,0.96375996,0.15497907996177673,0.9259999990463257,0.5048999786376953
YLR307W,YHR007C,0,0.96359766,0.15495315194129944,0.9259999990463257,0.5049999952316284
YOL137W,YOR319W,0,0.96351373,0.15492722392082214,0.9259999990463257,0.5051000118255615
YNL286W,YBR030W,0,0.9632863,0.15490131080150604,0.9259999990463257,0.5052000284194946
YJL044C,YPL057C,0,0.96245635,0.15487539768218994,0.9259999990463257,0.505299985408783
YPR199C,YCR079W,0,0.9616667,0.15484949946403503,0.9259999990463257,0.5054000020027161
YKR053C,YIL160C,0,0.9616542,0.15482360124588013,0.9259999990463257,0.5055000185966492
YBR258C,YGL049C,0,0.96146035,0.1547977328300476,0.9259999990463257,0.5055999755859375
YDL104C,YBL082C,0,0.95858574,0.1547718495130539,0.9259999990463257,0.5056999921798706
YEL027W,YPR186C,0,0.95684993,0.15474599599838257,0.9259999990463257,0.5058000087738037
YNL220W,YNR011C,0,0.9553191,0.15472012758255005,0.9259999990463257,0.5059000253677368
YBR073W,YJL090C,1,0.9549971,0.15486134588718414,0.9269999861717224,0.5059000253677368
YNL036W,YNL311C,0,0.9544029,0.15483547747135162,0.9269999861717224,0.5059999823570251
YOR270C,YPL175W,0,0.95420825,0.1548096239566803,0.9269999861717224,0.5060999989509583
YNR059W,YOL075C,0,0.95376253,0.15478377044200897,0.9269999861717224,0.5062000155448914
YPL057C,YMR014W,0,0.95320463,0.15475793182849884,0.9269999861717224,0.5062999725341797
YGR087C,YLL011W,0,0.95246696,0.1547320932149887,0.9269999861717224,0.5063999891281128
YMR274C,YOL077W-A,0,0.9522679,0.15470626950263977,0.9269999861717224,0.5065000057220459
YER015W,YHR016C,0,0.9522607,0.15468046069145203,0.9269999861717224,0.506600022315979
YNL190W,YOR061W,0,0.95203155,0.15465465188026428,0.9269999861717224,0.5066999793052673
YOR195W,YLR384C,0,0.95149803,0.15462885797023773,0.9269999861717224,0.5067999958992004
YFR030W,YNR075W,0,0.9512668,0.15460306406021118,0.9269999861717224,0.5069000124931335
YIL162W,YPL206C,0,0.9507822,0.15457728505134583,0.9269999861717224,0.5070000290870667
YOR228C,YGL085W,0,0.9504391,0.15455152094364166,0.9269999861717224,0.507099986076355
YDL136W,YMR233W,0,0.9493276,0.1545257568359375,0.9269999861717224,0.5072000026702881
YOR083W,YKL101W,0,0.9488516,0.15449999272823334,0.9269999861717224,0.5073000192642212
YGL092W,YPL181W,0,0.9484324,0.15447425842285156,0.9269999861717224,0.5073999762535095
YKR018C,YJL091C,0,0.94820493,0.1544485241174698,0.9269999861717224,0.5074999928474426
YLR327C,YNL068C,0,0.9478383,0.154422789812088,0.9269999861717224,0.5076000094413757
YER056C,YLR170C,0,0.9473102,0.15439707040786743,0.9269999861717224,0.5077000260353088
YPL164C,YKL113C,1,0.94675756,0.1545378863811493,0.9279999732971191,0.5077000260353088
YDL101C,YLR418C,1,0.94587004,0.15467865765094757,0.9290000200271606,0.5077000260353088
YNL197C,YER027C,0,0.9451365,0.1546529084444046,0.9290000200271606,0.5077999830245972
YPL177C,YMR052W,0,0.9450098,0.15462715923786163,0.9290000200271606,0.5078999996185303
YOR143C,YDR182W,0,0.9449185,0.15460142493247986,0.9290000200271606,0.5080000162124634
YNR012W,YML118W,0,0.9443103,0.15457570552825928,0.9290000200271606,0.5080999732017517
YER123W,YIL062C,0,0.9443097,0.1545499861240387,0.9290000200271606,0.5081999897956848
YML019W,YOR094W,0,0.9434829,0.1545242816209793,0.9290000200271606,0.5083000063896179
YHR115C,YPL069C,0,0.94300723,0.15449859201908112,0.9290000200271606,0.508400022983551
YBR043C,YML113W,0,0.9416475,0.15447290241718292,0.9290000200271606,0.5084999799728394
YMR207C,YFR004W,0,0.94155395,0.15444721281528473,0.9290000200271606,0.5085999965667725
YER074W-A,YKR058W,0,0.9412396,0.15442153811454773,0.9290000200271606,0.5087000131607056
YCL051W,YBR176W,0,0.9405493,0.15439587831497192,0.9290000200271606,0.5088000297546387
YGR284C,YLR059C,0,0.9400545,0.15437021851539612,0.9290000200271606,0.508899986743927
YOL071W,YHR184W,0,0.93999547,0.1543445736169815,0.9290000200271606,0.5090000033378601
YNL133C,YKL048C,0,0.9396496,0.1543189436197281,0.9290000200271606,0.5091000199317932
YDR057W,YML121W,0,0.9395745,0.15429331362247467,0.9290000200271606,0.5091999769210815
YNL047C,YJR108W,0,0.9369857,0.15426768362522125,0.9290000200271606,0.5092999935150146
YBR188C,YDR484W,0,0.9363353,0.15424206852912903,0.9290000200271606,0.5094000101089478
YMR199W,YGR055W,0,0.9353465,0.154216468334198,0.9290000200271606,0.5095000267028809
YLR127C,YER112W,0,0.9339464,0.15419086813926697,0.9290000200271606,0.5095999836921692
YER007C-A,YPR094W,0,0.932686,0.15416528284549713,0.9290000200271606,0.5097000002861023
YDR264C,YGL028C,0,0.93206203,0.1541396975517273,0.9290000200271606,0.5098000168800354
YGR060W,YGR097W,0,0.9320135,0.15411412715911865,0.9290000200271606,0.5098999738693237
YOR298C-A,YPL038W,0,0.9319863,0.1540885716676712,0.9290000200271606,0.5099999904632568
YNL199C,YNL289W,0,0.93193656,0.15406301617622375,0.9290000200271606,0.5101000070571899
YEL051W,YOR192C,0,0.93172514,0.1540374755859375,0.9290000200271606,0.510200023651123
YDR128W,YML005W,0,0.9305192,0.15401193499565125,0.9290000200271606,0.5102999806404114
YDR480W,YML116W,0,0.92969775,0.15398640930652618,0.9290000200271606,0.5103999972343445
YOR027W,YMR233W,0,0.9293059,0.15396088361740112,0.9290000200271606,0.5105000138282776
YEL071W,YML125C,0,0.9287085,0.15393537282943726,0.9290000200271606,0.5105999708175659
YML042W,YMR156C,0,0.9285911,0.15390987694263458,0.9290000200271606,0.510699987411499
YLR327C,YDR007W,0,0.92831707,0.1538843810558319,0.9290000200271606,0.5108000040054321
YHL016C,YOL091W,0,0.9280224,0.15385890007019043,0.9290000200271606,0.5109000205993652
YCL067C,YPL038W,0,0.9274967,0.15383341908454895,0.9290000200271606,0.5109999775886536
YAL041W,YKR049C,0,0.92728186,0.15380795300006866,0.9290000200271606,0.5110999941825867
YGR060W,YJL002C,0,0.9266254,0.15378248691558838,0.9290000200271606,0.5112000107765198
YMR076C,YFL005W,0,0.9265091,0.1537570357322693,0.9290000200271606,0.5113000273704529
YJL184W,YKL139W,0,0.92517227,0.1537315845489502,0.9290000200271606,0.5113999843597412
YER016W,YOR127W,0,0.9250061,0.1537061482667923,0.9290000200271606,0.5115000009536743
YLR139C,YNL072W,0,0.92473054,0.1536807268857956,0.9290000200271606,0.5116000175476074
YOL023W,YML069W,0,0.9244424,0.1536553055047989,0.9290000200271606,0.5116999745368958
YOL072W,YDR078C,1,0.9241598,0.1537952721118927,0.9300000071525574,0.5116999745368958
YGL098W,YKL148C,0,0.92415684,0.1537698358297348,0.9300000071525574,0.5117999911308289
YBR110W,YIL147C,0,0.92339617,0.1537444144487381,0.9300000071525574,0.511900007724762
YOR037W,YLR215C,0,0.923212,0.1537190079689026,0.9300000071525574,0.5120000243186951
YPL214C,YDR315C,0,0.92279315,0.15369360148906708,0.9300000071525574,0.5120999813079834
YDR347W,YBL008W,0,0.92274255,0.15366820991039276,0.9300000071525574,0.5121999979019165
YBL090W,YKL049C,0,0.9218671,0.15364281833171844,0.9300000071525574,0.5123000144958496
YIL051C,YOR091W,0,0.9211408,0.15361744165420532,0.9300000071525574,0.5123999714851379
YNR019W,YIL056W,0,0.92078304,0.1535920798778534,0.9300000071525574,0.512499988079071
YOL147C,YLL014W,0,0.9207137,0.15356671810150146,0.9300000071525574,0.5126000046730042
YKL027W,YHR172W,0,0.91922975,0.15354135632514954,0.9300000071525574,0.5127000212669373
YMR026C,YOR196C,0,0.9190204,0.1535160094499588,0.9300000071525574,0.5127999782562256
YPR166C,YIL014W,0,0.91890883,0.15349067747592926,0.9300000071525574,0.5128999948501587
YPL255W,YNL327W,0,0.9187454,0.15346534550189972,0.9300000071525574,0.5130000114440918
YCL010C,YCR008W,0,0.9185837,0.15344002842903137,0.9300000071525574,0.5131000280380249
YKL191W,YKL209C,0,0.9184144,0.15341471135616302,0.9300000071525574,0.5131999850273132
YDL119C,YOR059C,0,0.91813964,0.15338940918445587,0.9300000071525574,0.5133000016212463
YDL014W,YBR217W,0,0.9180209,0.1533641219139099,0.9300000071525574,0.5134000182151794
YGR192C,YAL019W,0,0.91750526,0.15333883464336395,0.9300000071525574,0.5134999752044678
YHR120W,YMR068W,0,0.9174419,0.153313547372818,0.9300000071525574,0.5135999917984009
YPR199C,YAL034W-A,0,0.91674995,0.15328827500343323,0.9300000071525574,0.513700008392334
YER020W,YDR334W,0,0.915222,0.15326301753520966,0.9300000071525574,0.5138000249862671
YMR070W,YGR003W,0,0.91438925,0.15323776006698608,0.9300000071525574,0.5138999819755554
YDR438W,YHR020W,0,0.9140632,0.1532125174999237,0.9300000071525574,0.5139999985694885
YBR164C,YCR077C,0,0.9135709,0.15318728983402252,0.9300000071525574,0.5141000151634216
YJL026W,YMR283C,0,0.9133216,0.15316206216812134,0.9300000071525574,0.51419997215271
YBR133C,YOR335C,0,0.9130137,0.15313683450222015,0.9300000071525574,0.5142999887466431
YCR048W,YPL190C,0,0.9127393,0.15311162173748016,0.9300000071525574,0.5144000053405762
YML038C,YOL003C,0,0.9121678,0.15308642387390137,0.9300000071525574,0.5145000219345093
YHR115C,YNL023C,0,0.91137785,0.15306122601032257,0.9300000071525574,0.5145999789237976
YOR127W,YIL010W,0,0.91063386,0.15303604304790497,0.9300000071525574,0.5146999955177307
YDR538W,YGR062C,0,0.9106152,0.15301086008548737,0.9300000071525574,0.5148000121116638
YPL204W,YIL013C,0,0.9105281,0.15298569202423096,0.9300000071525574,0.5149000287055969
YDR225W,YML060W,0,0.90983903,0.15296052396297455,0.9300000071525574,0.5149999856948853
YER061C,YDR390C,0,0.9090574,0.15293537080287933,0.9300000071525574,0.5151000022888184
YGL100W,YJR042W,0,0.90882117,0.1529102325439453,0.9300000071525574,0.5152000188827515
YCL054W,YNL076W,0,0.9087419,0.1528850942850113,0.9300000071525574,0.5152999758720398
YHR072W,YBL039C,0,0.90861917,0.15285995602607727,0.9300000071525574,0.5153999924659729
YGL207W,YLR426W,0,0.9075145,0.15283483266830444,0.9300000071525574,0.515500009059906
YLR356W,YNL097C,0,0.9064316,0.1528097242116928,0.9300000071525574,0.5156000256538391
YKL113C,YML061C,1,0.90640986,0.15294890105724335,0.9309999942779541,0.5156000256538391
YNL007C,YDR356W,0,0.9060221,0.15292377769947052,0.9309999942779541,0.5156999826431274
YLL048C,YLR453C,0,0.90558404,0.1528986692428589,0.9309999942779541,0.5157999992370605
YNL330C,YGR296W,1,0.90504086,0.15303777158260345,0.9319999814033508,0.5157999992370605
YDL135C,YDR123C,0,0.9044635,0.15301264822483063,0.9319999814033508,0.5159000158309937
YJL093C,YER157W,0,0.90426326,0.1529875248670578,0.9319999814033508,0.515999972820282
YAL043C,YDR375C,0,0.9040929,0.15296241641044617,0.9319999814033508,0.5160999894142151
YDR320C,YPL115C,0,0.90384376,0.15293730795383453,0.9319999814033508,0.5162000060081482
YDR363W-A,YOL060C,0,0.9037049,0.1529122292995453,0.9319999814033508,0.5163000226020813
YDR069C,YBL080C,0,0.9032555,0.15288713574409485,0.9319999814033508,0.5163999795913696
YBR077C,YOR264W,0,0.90313673,0.1528620570898056,0.9319999814033508,0.5164999961853027
YDR110W,YDL164C,1,0.9029754,0.15300098061561584,0.9330000281333923,0.5164999961853027
YNL188W,YMR110C,0,0.9029739,0.1529759019613266,0.9330000281333923,0.5166000127792358
YLR223C,YPR134W,0,0.90242773,0.15295082330703735,0.9330000281333923,0.516700029373169
YBR049C,YOR189W,0,0.90087473,0.1529257446527481,0.9330000281333923,0.5167999863624573
YLR095C,YKL179C,0,0.8999495,0.15290068089962006,0.9330000281333923,0.5169000029563904
YPL008W,YCL059C,0,0.89837337,0.1528756320476532,0.9330000281333923,0.5170000195503235
YPL241C,YBL031W,0,0.898052,0.15285058319568634,0.9330000281333923,0.5170999765396118
YDR113C,YLR007W,1,0.89796233,0.15298935770988464,0.9340000152587891,0.5170999765396118
YNL280C,YDR058C,0,0.89722013,0.1529642939567566,0.9340000152587891,0.5171999931335449
YDR110W,YDR545W,1,0.8970965,0.15310299396514893,0.9350000023841858,0.5171999931335449
YBR109C,YDR438W,0,0.8969915,0.15307793021202087,0.9350000023841858,0.517300009727478
YPR081C,YGL136C,0,0.8968516,0.15305286645889282,0.9350000023841858,0.5174000263214111
YPL012W,YBL025W,0,0.89633656,0.15302781760692596,0.9350000023841858,0.5174999833106995
YOR172W,YJR016C,0,0.8945826,0.1530027836561203,0.9350000023841858,0.5175999999046326
YKL220C,YEL046C,0,0.89454764,0.15297774970531464,0.9350000023841858,0.5177000164985657
YAR014C,YJR050W,0,0.89417756,0.15295273065567017,0.9350000023841858,0.517799973487854
YKR083C,YHR171W,0,0.8936875,0.1529277116060257,0.9350000023841858,0.5178999900817871
YML082W,YLR450W,0,0.89358664,0.15290269255638123,0.9350000023841858,0.5180000066757202
YPL158C,YBL055C,0,0.8929491,0.15287770330905914,0.9350000023841858,0.5181000232696533
YPL235W,YKL046C,0,0.8924567,0.15285269916057587,0.9350000023841858,0.5181999802589417
YMR274C,YDR107C,0,0.8909577,0.15282772481441498,0.9350000023841858,0.5182999968528748
YLR258W,YJL078C,0,0.89078176,0.1528027504682541,0.9350000023841858,0.5184000134468079
YML077W,YNL101W,0,0.89020264,0.1527777761220932,0.9350000023841858,0.5184999704360962
YNL154C,YAR008W,0,0.89018416,0.1527528166770935,0.9350000023841858,0.5185999870300293
YCR039C,YNL315C,0,0.88936096,0.152727872133255,0.9350000023841858,0.5187000036239624
YIL034C,YNL041C,0,0.88934267,0.1527029275894165,0.9350000023841858,0.5188000202178955
YLR376C,YOL006C,1,0.8891408,0.15284128487110138,0.9359999895095825,0.5188000202178955
YOR078W,YKL209C,0,0.8887111,0.15281632542610168,0.9359999895095825,0.5188999772071838
YDR027C,YLR096W,0,0.88834554,0.15279138088226318,0.9359999895095825,0.5189999938011169
YDR044W,YNL045W,0,0.8880814,0.15276643633842468,0.9359999895095825,0.51910001039505
YNR022C,YGL222C,0,0.88768935,0.15274152159690857,0.9359999895095825,0.5192000269889832
YPL123C,YDR308C,0,0.8872683,0.15271659195423126,0.9359999895095825,0.5192999839782715
YMR072W,YAR019C,0,0.8851359,0.15269167721271515,0.9359999895095825,0.5194000005722046
YDR397C,YKL157W,0,0.8840065,0.15266677737236023,0.9359999895095825,0.5195000171661377
YML082W,YDL226C,0,0.883691,0.1526418775320053,0.9359999895095825,0.519599974155426
YML088W,YNL149C,0,0.8835069,0.15261699259281158,0.9359999895095825,0.5196999907493591
YJR096W,YDR212W,0,0.8834439,0.15259210765361786,0.9359999895095825,0.5198000073432922
YBL071W-A,YOR122C,0,0.88307583,0.15256723761558533,0.9359999895095825,0.5199000239372253
YHR031C,YDR483W,0,0.8826536,0.1525423675775528,0.9359999895095825,0.5199999809265137
YHL004W,YPL074W,0,0.88132536,0.15251751244068146,0.9359999895095825,0.5200999975204468
YGL027C,YMR128W,0,0.8813237,0.1524926722049713,0.9359999895095825,0.5202000141143799
YFL022C,YOR094W,0,0.88132185,0.15246783196926117,0.9359999895095825,0.5202999711036682
YCR065W,YBL004W,0,0.8803496,0.15244299173355103,0.9359999895095825,0.5203999876976013
YHL011C,YDL123W,0,0.8803221,0.15241816639900208,0.9359999895095825,0.5205000042915344
YGR116W,YGL077C,0,0.8796203,0.15239335596561432,0.9359999895095825,0.5206000208854675
YOL094C,YPR058W,0,0.8795383,0.15236854553222656,0.9359999895095825,0.5206999778747559
YCR106W,YGR224W,0,0.8792735,0.15234375,0.9359999895095825,0.520799994468689
YHR146W,YDL112W,0,0.87791723,0.15231895446777344,0.9359999895095825,0.5209000110626221
YCR091W,YJL143W,0,0.87786484,0.15229417383670807,0.9359999895095825,0.5210000276565552
YPL170W,YDR190C,0,0.8769282,0.1522693932056427,0.9359999895095825,0.5210999846458435
YOR032C,YHR186C,0,0.8766327,0.15224462747573853,0.9359999895095825,0.5212000012397766
YJR089W,YDR322W,0,0.8765961,0.15221987664699554,0.9359999895095825,0.5213000178337097
YDR346C,YCL001W,0,0.87625587,0.15219512581825256,0.9359999895095825,0.521399974822998
YHR128W,YLR399C,0,0.8758366,0.15217037498950958,0.9359999895095825,0.5214999914169312
YHR006W,YKL004W,0,0.875402,0.1521456390619278,0.9359999895095825,0.5216000080108643
YDR001C,YOR197W,0,0.873819,0.1521209180355072,0.9359999895095825,0.5217000246047974
YKL129C,YDR118W,0,0.87353545,0.1520961970090866,0.9359999895095825,0.5217999815940857
YGL150C,YDR384C,0,0.8735348,0.1520714908838272,0.9359999895095825,0.5218999981880188
YOR264W,YJL096W,0,0.8730931,0.1520467847585678,0.9359999895095825,0.5220000147819519
YNL240C,YIL013C,0,0.872895,0.1520220935344696,0.9359999895095825,0.5220999717712402
YBL005W,YPL198W,0,0.872107,0.1519974023103714,0.9359999895095825,0.5221999883651733
YPL015C,YDL164C,1,0.87202245,0.15213508903980255,0.9369999766349792,0.5221999883651733
YKL079W,YKL221W,0,0.87165236,0.15211038291454315,0.9369999766349792,0.5223000049591064
YHR165C,YKL016C,0,0.87152827,0.15208570659160614,0.9369999766349792,0.5224000215530396
YDR301W,YGL219C,0,0.8710549,0.15206101536750793,0.9369999766349792,0.5224999785423279
YDL100C,YGR003W,0,0.87093556,0.15203633904457092,0.9369999766349792,0.522599995136261
YGR170W,YHR143W,0,0.8697474,0.1520116776227951,0.9369999766349792,0.5227000117301941
YOR028C,YOL012C,0,0.8680756,0.1519870162010193,0.9369999766349792,0.5228000283241272
YML066C,YEL027W,0,0.8680624,0.15196236968040466,0.9369999766349792,0.5228999853134155
YKL084W,YDL017W,0,0.8677411,0.15193773806095123,0.9369999766349792,0.5230000019073486
YNL132W,YGL125W,0,0.8675143,0.1519131064414978,0.9369999766349792,0.5231000185012817
YMR063W,YDR486C,0,0.86672705,0.15188847482204437,0.9369999766349792,0.5231999754905701
YPL204W,YDR463W,0,0.86664563,0.15186385810375214,0.9369999766349792,0.5232999920845032
YDR359C,YOR328W,0,0.8652702,0.1518392413854599,0.9369999766349792,0.5234000086784363
YPR081C,YPR188C,0,0.86493987,0.15181463956832886,0.9369999766349792,0.5235000252723694
YNR026C,YDR123C,0,0.86395377,0.151790052652359,0.9369999766349792,0.5235999822616577
YHR196W,YOR193W,0,0.8631525,0.15176546573638916,0.9369999766349792,0.5236999988555908
YML055W,YKR100C,0,0.8627172,0.1517408937215805,0.9369999766349792,0.5238000154495239
YOR201C,YGR044C,0,0.8624335,0.15171632170677185,0.9369999766349792,0.5238999724388123
YCR017C,YPL190C,0,0.86221534,0.1516917645931244,0.9369999766349792,0.5239999890327454
YGL124C,YMR278W,0,0.86156195,0.15166720747947693,0.9369999766349792,0.5241000056266785
YIL084C,YKR089C,0,0.86153066,0.15164266526699066,0.9369999766349792,0.5242000222206116
YJR152W,YJL097W,0,0.8614033,0.1516181230545044,0.9369999766349792,0.5242999792098999
YDR456W,YMR052W,0,0.86139256,0.15159359574317932,0.9369999766349792,0.524399995803833
YDR490C,YOR250C,0,0.8610746,0.15156906843185425,0.9369999766349792,0.5245000123977661
YML081C-A,YKL125W,0,0.86090803,0.15154455602169037,0.9369999766349792,0.5246000289916992
YMR268C,YNR050C,0,0.86083853,0.15152005851268768,0.9369999766349792,0.5246999859809875
YIR028W,YKL211C,0,0.8592135,0.151495561003685,0.9369999766349792,0.5248000025749207
YDR300C,YJR096W,0,0.8589861,0.1514710634946823,0.9369999766349792,0.5249000191688538
YOR026W,YER086W,0,0.8585212,0.15144658088684082,0.9369999766349792,0.5249999761581421
YOL122C,YPL172C,0,0.85848945,0.15142211318016052,0.9369999766349792,0.5250999927520752
YPL178W,YKR022C,0,0.8583636,0.15139764547348022,0.9369999766349792,0.5252000093460083
YOR191W,YBR296C,0,0.85797584,0.15137317776679993,0.9369999766349792,0.5253000259399414
YDL147W,YOR244W,0,0.8578061,0.15134872496128082,0.9369999766349792,0.5253999829292297
YKL156W,YAR008W,0,0.8572431,0.1513242870569229,0.9369999766349792,0.5254999995231628
YGL226W,YPR073C,0,0.8570889,0.151299849152565,0.9369999766349792,0.525600016117096
YAL043C,YFL037W,0,0.8567878,0.1512754261493683,0.9369999766349792,0.5256999731063843
YOL071W,YPL242C,0,0.85658085,0.15125100314617157,0.9369999766349792,0.5257999897003174
YMR226C,YEL034W,0,0.8561971,0.15122659504413605,0.9369999766349792,0.5259000062942505
YKL212W,YKL091C,0,0.85607105,0.15120220184326172,0.9369999766349792,0.5260000228881836
YNL329C,YJL098W,0,0.8559585,0.1511777937412262,0.9369999766349792,0.5260999798774719
YBL023C,YMR260C,0,0.8549731,0.15115341544151306,0.9369999766349792,0.526199996471405
YGL065C,YIL043C,0,0.8548465,0.15112903714179993,0.9369999766349792,0.5263000130653381
YMR226C,YLR070C,0,0.8544255,0.1511046588420868,0.9369999766349792,0.5264000296592712
YKL216W,YNL007C,0,0.85427284,0.15108029544353485,0.9369999766349792,0.5264999866485596
YMR149W,YDR194C,0,0.853651,0.1510559469461441,0.9369999766349792,0.5266000032424927
YBR264C,YJL056C,0,0.85273564,0.15103159844875336,0.9369999766349792,0.5267000198364258
YCR017C,YBL082C,0,0.8526763,0.1510072499513626,0.9369999766349792,0.5267999768257141
YHR098C,YPL227C,0,0.8511586,0.15098291635513306,0.9369999766349792,0.5268999934196472
YKL011C,YNL312W,1,0.8511472,0.15111970901489258,0.9380000233650208,0.5268999934196472
YBR297W,YJR045C,0,0.85085344,0.15109536051750183,0.9380000233650208,0.5270000100135803
YIL147C,YDL205C,0,0.8507902,0.15107102692127228,0.9380000233650208,0.5271000266075134
YHR120W,YDR221W,0,0.85051656,0.15104669332504272,0.9380000233650208,0.5271999835968018
YKR007W,YOR344C,0,0.85040784,0.15102237462997437,0.9380000233650208,0.5273000001907349
YFR037C,YML092C,0,0.8499836,0.1509980708360672,0.9380000233650208,0.527400016784668
YDR252W,YOL077W-A,0,0.8487872,0.15097376704216003,0.9380000233650208,0.5274999737739563
YPR007C,YMR029C,0,0.847955,0.15094946324825287,0.9380000233650208,0.5275999903678894
YPL169C,YDL178W,0,0.84784305,0.1509251743555069,0.9380000233650208,0.5277000069618225
YER003C,YBR301W,0,0.84745723,0.15090090036392212,0.9380000233650208,0.5278000235557556
YPR184W,YBR034C,0,0.8470091,0.15087662637233734,0.9380000233650208,0.527899980545044
YKL099C,YOR372C,0,0.84698004,0.15085236728191376,0.9380000233650208,0.527999997138977
YPL177C,YFL004W,0,0.84565383,0.15082810819149017,0.9380000233650208,0.5281000137329102
YML012W,YMR125W,0,0.84558547,0.15080386400222778,0.9380000233650208,0.5281999707221985
YAL007C,YKR060W,0,0.8446091,0.1507796198129654,0.9380000233650208,0.5282999873161316
YGL139W,YKR025W,0,0.8445543,0.1507553905248642,0.9380000233650208,0.5284000039100647
YIR003W,YDR273W,0,0.84448886,0.150731161236763,0.9380000233650208,0.5285000205039978
YER056C,YDR162C,0,0.8438747,0.150706946849823,0.9380000233650208,0.5285999774932861
YMR048W,YGL206C,0,0.8432433,0.150682732462883,0.9380000233650208,0.5286999940872192
YOR155C,YDR276C,0,0.8431097,0.1506585329771042,0.9380000233650208,0.5288000106811523
YPR105C,YEL050C,0,0.84294736,0.15063433349132538,0.9380000233650208,0.5289000272750854
YFL018C,YLR361C,0,0.8420598,0.15061014890670776,0.9380000233650208,0.5289999842643738
YOR375C,YOR190W,0,0.8418838,0.15058596432209015,0.9380000233650208,0.5291000008583069
YDR050C,YMR055C,0,0.8415179,0.15056179463863373,0.9380000233650208,0.52920001745224
YNL091W,YKR045C,0,0.8407705,0.1505376398563385,0.9380000233650208,0.5292999744415283
YBR254C,YBR057C,0,0.8398203,0.15051348507404327,0.9380000233650208,0.5293999910354614
YBR164C,YDR309C,0,0.83870316,0.15048933029174805,0.9380000233650208,0.5295000076293945
YOL127W,YOR073W,0,0.83860296,0.150465190410614,0.9380000233650208,0.5296000242233276
YLR200W,YLR068W,0,0.8378985,0.15044106543064117,0.9380000233650208,0.529699981212616
YJR090C,YGR278W,0,0.8361333,0.15041694045066833,0.9380000233650208,0.5297999978065491
YGR192C,YPR118W,0,0.8350457,0.1503928154706955,0.9380000233650208,0.5299000144004822
YKR053C,YJL054W,0,0.83504105,0.15036870539188385,0.9380000233650208,0.5299999713897705
YOR371C,YPL053C,0,0.83482313,0.1503446102142334,0.9380000233650208,0.5300999879837036
YNL270C,YBR009C,0,0.8346298,0.15032051503658295,0.9380000233650208,0.5302000045776367
YMR288W,YMR262W,0,0.8344161,0.1502964198589325,0.9380000233650208,0.5303000211715698
YDL185W,YBR098W,1,0.83419913,0.1504325568675995,0.9390000104904175,0.5303000211715698
YJL102W,YIL127C,0,0.8338716,0.15040846168994904,0.9390000104904175,0.5303999781608582
YDR519W,YER056C-A,0,0.8337643,0.15038436651229858,0.9390000104904175,0.5304999947547913
YBR065C,YJR045C,0,0.83360934,0.15036028623580933,0.9390000104904175,0.5306000113487244
YBL042C,YDR422C,0,0.8332875,0.15033622086048126,0.9390000104904175,0.5307000279426575
YOR207C,YLR127C,0,0.83328664,0.1503121554851532,0.9390000104904175,0.5307999849319458
YER042W,YNL321W,0,0.8330831,0.15028809010982513,0.9390000104904175,0.5309000015258789
YDR253C,YFL009W,0,0.8330591,0.15026403963565826,0.9390000104904175,0.531000018119812
YER001W,YGL044C,0,0.8319686,0.1502400040626526,0.9390000104904175,0.5310999751091003
YDR436W,YKL139W,0,0.83186793,0.1502159684896469,0.9390000104904175,0.5311999917030334
YDR265W,YNL152W,0,0.83182836,0.15019193291664124,0.9390000104904175,0.5313000082969666
YML059C,YLR262C,0,0.83171076,0.15016791224479675,0.9390000104904175,0.5314000248908997
YHL038C,YDR044W,0,0.83161783,0.15014390647411346,0.9390000104904175,0.531499981880188
YNL169C,YMR214W,0,0.83032465,0.15011990070343018,0.9390000104904175,0.5315999984741211
YJR077C,YBL022C,0,0.8302441,0.15009590983390808,0.9390000104904175,0.5317000150680542
YJL045W,YKL112W,0,0.830114,0.150071918964386,0.9390000104904175,0.5317999720573425
YOR136W,YHR020W,0,0.82994187,0.15004794299602509,0.9390000104904175,0.5318999886512756
YGL246C,YMR264W,0,0.82959366,0.15002396702766418,0.9390000104904175,0.5320000052452087
YER019W,YER146W,0,0.8294552,0.15000000596046448,0.9390000104904175,0.5321000218391418
YGR198W,YNL039W,0,0.8292482,0.14997604489326477,0.9390000104904175,0.5321999788284302
YML093W,YBL082C,0,0.82833296,0.14995209872722626,0.9390000104904175,0.5322999954223633
YDL146W,YGL161C,0,0.82787144,0.14992815256118774,0.9390000104904175,0.5324000120162964
YGR103W,YLR078C,0,0.8274113,0.14990422129631042,0.9390000104904175,0.5325000286102295
YNL183C,YEL002C,0,0.8273282,0.1498802900314331,0.9390000104904175,0.5325999855995178
YBR123C,YPL249C-A,0,0.82725036,0.14985637366771698,0.9390000104904175,0.5327000021934509
YJL162C,YGL219C,0,0.8268682,0.14983245730400085,0.9390000104904175,0.532800018787384
YHR120W,YMR022W,0,0.8265711,0.14980855584144592,0.9390000104904175,0.5328999757766724
YHR167W,YLR466W,1,0.82644814,0.14994417130947113,0.9399999976158142,0.5328999757766724
YDR051C,YDR395W,0,0.82643306,0.149920254945755,0.9399999976158142,0.5329999923706055
YPR067W,YLR143W,0,0.8258874,0.14989635348320007,0.9399999976158142,0.5331000089645386
YKL086W,YHR203C,0,0.8254677,0.14987245202064514,0.9399999976158142,0.5332000255584717
YBR022W,YPL265W,0,0.82463443,0.1498485505580902,0.9399999976158142,0.53329998254776
YGR049W,YML091C,0,0.82442284,0.14982467889785767,0.9399999976158142,0.5333999991416931
YLR061W,YGL093W,0,0.82402045,0.14980079233646393,0.9399999976158142,0.5335000157356262
YCL010C,YDR012W,0,0.8238716,0.14977692067623138,0.9399999976158142,0.5335999727249146
YJR105W,YDL019C,0,0.82041574,0.14975306391716003,0.9399999976158142,0.5336999893188477
YLR061W,YKR080W,0,0.8202715,0.14972920715808868,0.9399999976158142,0.5338000059127808
YNL206C,YBL088C,0,0.82015914,0.14970536530017853,0.9399999976158142,0.5339000225067139
YNL270C,YHR117W,0,0.8198581,0.14968152344226837,0.9399999976158142,0.5339999794960022
YBR244W,YHR142W,0,0.81795883,0.1496576964855194,0.9399999976158142,0.5340999960899353
YDR280W,YOL116W,0,0.8168883,0.14963386952877045,0.9399999976158142,0.5342000126838684
YHR142W,YJR135C,0,0.81634223,0.14961005747318268,0.9399999976158142,0.5343000292778015
YOL119C,YPR102C,0,0.8161291,0.1495862454175949,0.9399999976158142,0.5343999862670898
YDR166C,YMR233W,0,0.815573,0.14956244826316833,0.9399999976158142,0.534500002861023
YNL091W,YEL055C,0,0.8153702,0.14953865110874176,0.9399999976158142,0.534600019454956
YDR468C,YKL059C,0,0.81456655,0.14951486885547638,0.9399999976158142,0.5346999764442444
YER074W-A,YLR369W,0,0.8132845,0.1494911015033722,0.9399999976158142,0.5347999930381775
YIR010W,YJL189W,0,0.8131821,0.1494673192501068,0.9399999976158142,0.5349000096321106
YBR078W,YML093W,0,0.81260234,0.14944356679916382,0.9399999976158142,0.5350000262260437
YDL080C,YLL036C,0,0.81255263,0.14941979944705963,0.9399999976158142,0.535099983215332
YHL009C,YNR038W,0,0.81250125,0.14939606189727783,0.9399999976158142,0.5351999998092651
YNR047W,YDL161W,0,0.8116569,0.14937232434749603,0.9399999976158142,0.5353000164031982
YKL198C,YGR158C,0,0.81151646,0.14934858679771423,0.9399999976158142,0.5353999733924866
YDR513W,YGR283C,0,0.8113555,0.14932486414909363,0.9399999976158142,0.5354999899864197
YLR150W,YMR055C,0,0.8092728,0.14930114150047302,0.9399999976158142,0.5356000065803528
YGL092W,YLR442C,0,0.8090683,0.1492774337530136,0.9399999976158142,0.5357000231742859
YOR143C,YIL126W,0,0.8087817,0.1492537260055542,0.9399999976158142,0.5357999801635742
YDR298C,YCR067C,0,0.80847675,0.14923003315925598,0.9399999976158142,0.5358999967575073
YPL133C,YGL077C,0,0.80758965,0.14920635521411896,0.9399999976158142,0.5360000133514404
YDR399W,YIL073C,0,0.80751944,0.14918266236782074,0.9399999976158142,0.5360999703407288
YOR224C,YCR027C,0,0.8072541,0.1491589993238449,0.9399999976158142,0.5361999869346619
YPR055W,YLR237W,0,0.8068123,0.14913533627986908,0.9399999976158142,0.536300003528595
YHR070W,YNR011C,0,0.8060801,0.14911167323589325,0.9399999976158142,0.5364000201225281
YDR128W,YER118C,0,0.8060757,0.1490880250930786,0.9399999976158142,0.5364999771118164
YKL052C,YPL174C,0,0.8057419,0.14906437695026398,0.9399999976158142,0.5365999937057495
YLR298C,YER042W,0,0.80517364,0.14904074370861053,0.9399999976158142,0.5367000102996826
YFR005C,YGR240C,0,0.80516183,0.1490171253681183,0.9399999976158142,0.5368000268936157
YHR197W,YOR375C,0,0.8048932,0.14899350702762604,0.9399999976158142,0.536899983882904
YOL001W,YDR395W,0,0.80465066,0.1489698886871338,0.9399999976158142,0.5370000004768372
YML067C,YGL232W,0,0.80432856,0.14894628524780273,0.9399999976158142,0.5371000170707703
YKL167C,YDL209C,0,0.80380166,0.14892268180847168,0.9399999976158142,0.5371999740600586
YOR087W,YLR052W,0,0.803771,0.14889909327030182,0.9399999976158142,0.5372999906539917
YLR037C,YER021W,0,0.803378,0.14887551963329315,0.9399999976158142,0.5374000072479248
YER126C,YNL275W,0,0.8026488,0.14885194599628448,0.9399999976158142,0.5375000238418579
YNL233W,YJR025C,0,0.8015026,0.14882837235927582,0.9399999976158142,0.5375999808311462
YDR251W,YPL209C,0,0.8005514,0.14880481362342834,0.9399999976158142,0.5376999974250793
YDL115C,YHR148W,0,0.79990935,0.14878125488758087,0.9399999976158142,0.5378000140190125
YPR017C,YBL031W,0,0.7997591,0.1487577110528946,0.9399999976158142,0.5378999710083008
YPL193W,YMR043W,0,0.7995463,0.1487341821193695,0.9399999976158142,0.5379999876022339
YJL127C,YJL143W,0,0.7991795,0.14871065318584442,0.9399999976158142,0.538100004196167
YLR121C,YOL003C,0,0.79882526,0.14868712425231934,0.9399999976158142,0.5382000207901001
YMR022W,YIR015W,0,0.7987963,0.14866361021995544,0.9399999976158142,0.5382999777793884
YOL031C,YLR068W,0,0.79865974,0.14864009618759155,0.9399999976158142,0.5383999943733215
YHR142W,YOR290C,0,0.79861796,0.14861659705638885,0.9399999976158142,0.5385000109672546
YBR073W,YOL072W,1,0.79857045,0.1487511843442917,0.9409999847412109,0.5385000109672546
YJL208C,YEL019C,1,0.79830086,0.14888572692871094,0.9419999718666077,0.5385000109672546
YLR396C,YOR014W,0,0.7982301,0.14886219799518585,0.9419999718666077,0.5386000275611877
YDR488C,YOR016C,0,0.79713476,0.14883868396282196,0.9419999718666077,0.5386999845504761
YGL067W,YPR023C,0,0.79675746,0.14881516993045807,0.9419999718666077,0.5388000011444092
YJL002C,YGL142C,0,0.79660696,0.14879165589809418,0.9419999718666077,0.5389000177383423
YHL009C,YBR205W,0,0.7956064,0.14876815676689148,0.9419999718666077,0.5389999747276306
YIL124W,YJR134C,0,0.7953723,0.14874467253684998,0.9419999718666077,0.5390999913215637
YPR094W,YIL018W,0,0.79530776,0.14872118830680847,0.9419999718666077,0.5392000079154968
YNL199C,YOR125C,0,0.7948532,0.14869770407676697,0.9419999718666077,0.5393000245094299
YDR481C,YLR138W,0,0.79446507,0.14867424964904785,0.9419999718666077,0.5393999814987183
YBR297W,YDR363W,0,0.79438853,0.14865078032016754,0.9419999718666077,0.5394999980926514
YMR081C,YJR108W,0,0.79400456,0.14862732589244843,0.9419999718666077,0.5396000146865845
YGR041W,YKL184W,0,0.793946,0.1486038863658905,0.9419999718666077,0.5396999716758728
YPL144W,YNL264C,0,0.7922103,0.14858044683933258,0.9419999718666077,0.5397999882698059
YLL028W,YOR149C,0,0.7920485,0.14855700731277466,0.9419999718666077,0.539900004863739
YDR256C,YOL117W,0,0.79145473,0.14853358268737793,0.9419999718666077,0.5400000214576721
YGL079W,YOL033W,0,0.7908457,0.1485101729631424,0.9419999718666077,0.5400999784469604
YDR398W,YHR101C,0,0.79064417,0.14848676323890686,0.9419999718666077,0.5401999950408936
YLR266C,YIR036C,0,0.7903177,0.14846335351467133,0.9419999718666077,0.5403000116348267
YAL001C,YHR096C,0,0.788589,0.14843995869159698,0.9419999718666077,0.5404000282287598
YCR036W,YBR258C,0,0.78846514,0.14841657876968384,0.9419999718666077,0.5404999852180481
YER170W,YHR067W,0,0.78821886,0.1483931988477707,0.9419999718666077,0.5406000018119812
YFR028C,YBR009C,0,0.78646344,0.14836981892585754,0.9419999718666077,0.5407000184059143
YKL018W,YLR363C,0,0.7862132,0.1483464539051056,0.9419999718666077,0.5407999753952026
YNL132W,YHR026W,0,0.78620565,0.14832310378551483,0.9419999718666077,0.5408999919891357
YPL085W,YPR070W,0,0.7861829,0.14829975366592407,0.9419999718666077,0.5410000085830688
YEL059C-A,YER094C,0,0.78558993,0.1482764035463333,0.9419999718666077,0.541100025177002
YDR288W,YLR466W,1,0.7855821,0.14841045439243317,0.9430000185966492,0.541100025177002
YGR087C,YML058W,0,0.78472763,0.1483870893716812,0.9430000185966492,0.5411999821662903
YPR199C,YFL036W,0,0.78454864,0.14836375415325165,0.9430000185966492,0.5412999987602234
YOL126C,YNL229C,0,0.78439534,0.14834041893482208,0.9430000185966492,0.5414000153541565
YOL103W,YDR303C,0,0.783881,0.14831708371639252,0.9430000185966492,0.5414999723434448
YKL042W,YLR265C,0,0.7833459,0.14829376339912415,0.9430000185966492,0.5415999889373779
YLR431C,YDL192W,0,0.7830126,0.14827044308185577,0.9430000185966492,0.541700005531311
YBL106C,YML124C,0,0.78286326,0.1482471376657486,0.9430000185966492,0.5418000221252441
YIL010W,YDR264C,0,0.7826278,0.14822383224964142,0.9430000185966492,0.5418999791145325
YMR201C,YLR385C,0,0.78221804,0.14820054173469543,0.9430000185966492,0.5419999957084656
YPL016W,YOR359W,0,0.78193206,0.14817725121974945,0.9430000185966492,0.5421000123023987
YNL183C,YLR274W,0,0.78182685,0.14815396070480347,0.9430000185966492,0.5422000288963318
YGR087C,YFL053W,0,0.7816093,0.14813069999217987,0.9430000185966492,0.5422999858856201
YJL127C,YDR096W,0,0.7795229,0.14810742437839508,0.9430000185966492,0.5424000024795532
YKL150W,YFL036W,0,0.7790694,0.14808416366577148,0.9430000185966492,0.5425000190734863
YGR098C,YHR206W,0,0.7789848,0.14806091785430908,0.9430000185966492,0.5425999760627747
YEL001C,YPR037C,0,0.7781366,0.14803767204284668,0.9430000185966492,0.5426999926567078
YGR154C,YDR194C,0,0.776693,0.14801444113254547,0.9430000185966492,0.5428000092506409
YGL125W,YHR044C,0,0.7764463,0.14799121022224426,0.9430000185966492,0.542900025844574
YML058W,YHR201C,0,0.7759769,0.14796799421310425,0.9430000185966492,0.5429999828338623
YPL006W,YIL101C,0,0.77570236,0.14794477820396423,0.9430000185966492,0.5430999994277954
YHR196W,YOL135C,0,0.7749382,0.14792156219482422,0.9430000185966492,0.5432000160217285
YPR178W,YLR071C,0,0.7744672,0.1478983759880066,0.9430000185966492,0.5432999730110168
YKL052C,YAL055W,0,0.77314126,0.14787517488002777,0.9430000185966492,0.54339998960495
YOR172W,YOR079C,0,0.7728585,0.14785198867321014,0.9430000185966492,0.5435000061988831
YGR044C,YGL194C,0,0.7724793,0.1478288173675537,0.9430000185966492,0.5436000227928162
YPR007C,YGR220C,0,0.770679,0.14780564606189728,0.9430000185966492,0.5436999797821045
YGR061C,YDR303C,0,0.77060926,0.14778247475624084,0.9430000185966492,0.5437999963760376
YDR001C,YBL002W,0,0.7703879,0.1477593183517456,0.9430000185966492,0.5439000129699707
YJL173C,YDR078C,1,0.7702498,0.14789284765720367,0.9440000057220459,0.5439000129699707
YJR060W,YDR097C,0,0.77022743,0.14786967635154724,0.9440000057220459,0.5440000295639038
YDR447C,YMR109W,0,0.77015924,0.147846519947052,0.9440000057220459,0.5440999865531921
YOL020W,YCR075C,0,0.7692671,0.14782336354255676,0.9440000057220459,0.5442000031471252
YDR516C,YDR013W,0,0.76898634,0.14780022203922272,0.9440000057220459,0.5443000197410583
YJL183W,YNR030W,0,0.7684883,0.14777708053588867,0.9440000057220459,0.5443999767303467
YNL159C,YBL067C,0,0.7675374,0.14775395393371582,0.9440000057220459,0.5444999933242798
YDR283C,YMR318C,0,0.76605195,0.14773082733154297,0.9440000057220459,0.5446000099182129
YBR014C,YHR099W,0,0.76571745,0.1477077156305313,0.9440000057220459,0.544700026512146
YDR402C,YFL004W,0,0.7656647,0.14768460392951965,0.9440000057220459,0.5447999835014343
YNR054C,YKR030W,0,0.7652904,0.1476615071296692,0.9440000057220459,0.5449000000953674
YDR533C,YMR216C,0,0.7638207,0.14763841032981873,0.9440000057220459,0.5450000166893005
YOL058W,YER146W,0,0.76378644,0.14761532843112946,0.9440000057220459,0.5450999736785889
YML076C,YCL054W,0,0.7634018,0.14759224653244019,0.9440000057220459,0.545199990272522
YOR348C,YLR132C,0,0.7625537,0.1475691795349121,0.9440000057220459,0.5453000068664551
YLR100W,YPL145C,0,0.7623716,0.14754611253738403,0.9440000057220459,0.5454000234603882
YBR208C,YGR044C,0,0.76125133,0.14752304553985596,0.9440000057220459,0.5454999804496765
YJL012C,YOR033C,0,0.76024693,0.14749999344348907,0.9440000057220459,0.5455999970436096
YGR205W,YPL012W,0,0.75848234,0.1474769562482834,0.9440000057220459,0.5457000136375427
YPL241C,YJR019C,0,0.7579231,0.1474539190530777,0.9440000057220459,0.545799970626831
YER141W,YOR113W,0,0.7577658,0.1474308967590332,0.9440000057220459,0.5458999872207642
YNL286W,YGL054C,0,0.75632876,0.1474078744649887,0.9440000057220459,0.5460000038146973
YPL135W,YHL028W,0,0.75599885,0.1473848521709442,0.9440000057220459,0.5461000204086304
YGL250W,YDR078C,1,0.75537014,0.14751794934272766,0.9449999928474426,0.5461000204086304
YGR057C,YBR107C,0,0.7548996,0.14749492704868317,0.9449999928474426,0.5461999773979187
YOR143C,YPL153C,0,0.75398576,0.14747190475463867,0.9449999928474426,0.5462999939918518
YER081W,YPL048W,0,0.75333893,0.14744889736175537,0.9449999928474426,0.5464000105857849
YLR284C,YMR211W,0,0.7527177,0.14742588996887207,0.9449999928474426,0.546500027179718
YGR156W,YDL178W,0,0.75240993,0.14740289747714996,0.9449999928474426,0.5465999841690063
YNL316C,YNL119W,0,0.7523589,0.14737991988658905,0.9449999928474426,0.5467000007629395
YGL205W,YDR041W,0,0.7514733,0.14735692739486694,0.9449999928474426,0.5468000173568726
YLR327C,YDR486C,0,0.75095785,0.14733394980430603,0.9449999928474426,0.5468999743461609
YEL005C,YGR046W,0,0.7508804,0.1473109871149063,0.9449999928474426,0.546999990940094
YOR172W,YER124C,0,0.7506479,0.1472880244255066,0.9449999928474426,0.5471000075340271
YBR030W,YJR068W,0,0.75046104,0.14726507663726807,0.9449999928474426,0.5472000241279602
YNL190W,YIL074C,0,0.75014055,0.14724212884902954,0.9449999928474426,0.5472999811172485
YJL010C,YEL002C,0,0.7497134,0.1472191959619522,0.9449999928474426,0.5473999977111816
YJL065C,YBR015C,0,0.74960005,0.14719626307487488,0.9449999928474426,0.5475000143051147
YJL209W,YGR192C,0,0.74942744,0.14717333018779755,0.9449999928474426,0.5475999712944031
YFR047C,YAL002W,0,0.7489876,0.1471504271030426,0.9449999928474426,0.5476999878883362
YLR450W,YAL025C,0,0.74888545,0.14712750911712646,0.9449999928474426,0.5478000044822693
YOR090C,YPR036W,0,0.7480552,0.14710460603237152,0.9449999928474426,0.5479000210762024
YER035W,YDR080W,0,0.74796706,0.14708171784877777,0.9449999928474426,0.5479999780654907
YNL322C,YML060W,0,0.7471238,0.14705882966518402,0.9449999928474426,0.5480999946594238
YGR261C,YER086W,0,0.7466127,0.14703594148159027,0.9449999928474426,0.5482000112533569
YNL014W,YPR161C,0,0.74619555,0.14701306819915771,0.9449999928474426,0.54830002784729
YGL173C,YHR167W,1,0.74597234,0.14714574813842773,0.9459999799728394,0.54830002784729
YNL190W,YCL016C,0,0.745808,0.14712285995483398,0.9459999799728394,0.5483999848365784
YPL235W,YBR272C,0,0.74541384,0.14709998667240143,0.9459999799728394,0.5485000014305115
YDR283C,YHR065C,0,0.7448134,0.14707711338996887,0.9459999799728394,0.5486000180244446
YCL047C,YNL336W,0,0.74436724,0.1470542550086975,0.9459999799728394,0.5486999750137329
YDL056W,YNL099C,0,0.74388057,0.14703139662742615,0.9459999799728394,0.548799991607666
YFL018C,YDR171W,0,0.74332076,0.14700855314731598,0.9459999799728394,0.5489000082015991
YNL250W,YLR418C,1,0.74094033,0.14714108407497406,0.9470000267028809,0.5489000082015991
YGR092W,YFR010W,0,0.7409401,0.1471182256937027,0.9470000267028809,0.5490000247955322
YLL006W,YNL056W,0,0.740909,0.14709536731243134,0.9470000267028809,0.5490999817848206
YDL092W,YDL103C,0,0.7405783,0.14707252383232117,0.9470000267028809,0.5491999983787537
YDR538W,YJL072C,0,0.74056727,0.1470496952533722,0.9470000267028809,0.5493000149726868
YPL249C-A,YOR155C,0,0.7397512,0.14702685177326202,0.9470000267028809,0.5493999719619751
YMR139W,YDR127W,0,0.73908466,0.14700403809547424,0.9470000267028809,0.5494999885559082
YNL059C,YPR108W,0,0.7388394,0.14698122441768646,0.9470000267028809,0.5496000051498413
YGL049C,YLR144C,0,0.7373416,0.14695841073989868,0.9470000267028809,0.5497000217437744
YGR129W,YIL031W,0,0.7366758,0.1469356119632721,0.9470000267028809,0.5497999787330627
YMR067C,YOR334W,0,0.7363768,0.1469128131866455,0.9470000267028809,0.5498999953269958
YOR320C,YPL023C,0,0.73600495,0.14689002931118011,0.9470000267028809,0.550000011920929
YDL178W,YKL135C,0,0.73481953,0.14686724543571472,0.9470000267028809,0.5501000285148621
YDR334W,YJR152W,0,0.7347588,0.14684447646141052,0.9470000267028809,0.5501999855041504
YKL197C,YPL179W,0,0.7345972,0.14682170748710632,0.9470000267028809,0.5503000020980835
YLR439W,YLR242C,0,0.73457116,0.14679893851280212,0.9470000267028809,0.5504000186920166
YAL041W,YBL054W,0,0.733992,0.1467761993408203,0.9470000267028809,0.5504999756813049
YPR201W,YGL131C,0,0.7337239,0.1467534452676773,0.9470000267028809,0.550599992275238
YIR033W,YNL148C,0,0.73368585,0.1467307060956955,0.9470000267028809,0.5507000088691711
YLR292C,YDR038C,0,0.7334589,0.14670798182487488,0.9470000267028809,0.5508000254631042
YEL021W,YER149C,0,0.73325115,0.14668525755405426,0.9470000267028809,0.5508999824523926
YNL326C,YBR156C,0,0.7322977,0.14666253328323364,0.9470000267028809,0.5509999990463257
YKL191W,YPL053C,0,0.7322476,0.14663982391357422,0.9470000267028809,0.5511000156402588
YBR244W,YHL020C,0,0.7318262,0.146617129445076,0.9470000267028809,0.5511999726295471
YMR287C,YIL009C-A,0,0.7313875,0.14659442007541656,0.9470000267028809,0.5512999892234802
YBR254C,YOR231W,0,0.73123956,0.14657174050807953,0.9470000267028809,0.5514000058174133
YDR027C,YIR034C,0,0.7307479,0.1465490609407425,0.9470000267028809,0.5515000224113464
YKL056C,YLL005C,0,0.7299485,0.14652638137340546,0.9470000267028809,0.5515999794006348
YHR024C,YKR064W,0,0.7298767,0.14650371670722961,0.9470000267028809,0.5516999959945679
YBR248C,YGR140W,0,0.7295229,0.14648105204105377,0.9470000267028809,0.551800012588501
YGR068C,YML107C,0,0.7291148,0.14645840227603912,0.9470000267028809,0.5519000291824341
YIR002C,YPL051W,0,0.7290646,0.14643575251102448,0.9470000267028809,0.5519999861717224
YOL034W,YDL185W,1,0.72896934,0.1465677171945572,0.9480000138282776,0.5519999861717224
YDR040C,YOR118W,0,0.728588,0.14654506742954254,0.9480000138282776,0.5521000027656555
YOR303W,YDR330W,0,0.72781134,0.1465224176645279,0.9480000138282776,0.5522000193595886
YMR208W,YKL028W,0,0.7277111,0.14649976789951324,0.9480000138282776,0.552299976348877
YJL179W,YDR438W,0,0.72635293,0.1464771330356598,0.9480000138282776,0.5523999929428101
YKL035W,YAL010C,0,0.72628975,0.14645449817180634,0.9480000138282776,0.5525000095367432
YCR098C,YDR390C,0,0.72610146,0.14643187820911407,0.9480000138282776,0.5526000261306763
YJL180C,YER007W,0,0.72546834,0.146409273147583,0.9480000138282776,0.5526999831199646
YMR223W,YBR005W,0,0.7246693,0.14638665318489075,0.9480000138282776,0.5527999997138977
YKR093W,YMR021C,0,0.7242837,0.14636406302452087,0.9480000138282776,0.5529000163078308
YML067C,YCR018C,0,0.72390246,0.1463414579629898,0.9480000138282776,0.5529999732971191
YDR001C,YHR044C,0,0.7236939,0.14631888270378113,0.9480000138282776,0.5530999898910522
YML009C,YDR438W,0,0.7235184,0.14629629254341125,0.9480000138282776,0.5532000064849854
YDR118W,YHR062C,0,0.7233708,0.14627371728420258,0.9480000138282776,0.5533000230789185
YMR014W,YLR081W,0,0.7231185,0.1462511569261551,0.9480000138282776,0.5533999800682068
YOR316C,YIL056W,0,0.72283375,0.1462285965681076,0.9480000138282776,0.5534999966621399
YOR260W,YDL184C,0,0.7210423,0.1462060511112213,0.9480000138282776,0.553600013256073
YDR469W,YKL178C,0,0.7194173,0.14618350565433502,0.9480000138282776,0.5536999702453613
YDL181W,YLR077W,0,0.71937716,0.14616096019744873,0.9480000138282776,0.5537999868392944
YCL026C-A,YJL020C,0,0.7176114,0.14613842964172363,0.9480000138282776,0.5539000034332275
YKL132C,YOR132W,0,0.7172366,0.14611589908599854,0.9480000138282776,0.5540000200271606
YKL027W,YDR178W,0,0.7170172,0.14609338343143463,0.9480000138282776,0.554099977016449
YKL185W,YOR064C,0,0.71650237,0.14607088267803192,0.9480000138282776,0.5541999936103821
YNL254C,YNL209W,0,0.7163427,0.1460483819246292,0.9480000138282776,0.5543000102043152
YLR450W,YER180C,0,0.71627045,0.1460258811712265,0.9480000138282776,0.5544000267982483
YFR046C,YJR076C,0,0.7157936,0.14600339531898499,0.9480000138282776,0.5544999837875366
YKL065C,YHR210C,0,0.71506983,0.14598090946674347,0.9480000138282776,0.5546000003814697
YOR002W,YBL025W,0,0.71437275,0.14595842361450195,0.9480000138282776,0.5547000169754028
YIL014W,YBR211C,0,0.7125132,0.14593596756458282,0.9480000138282776,0.5547999739646912
YBR087W,YKR024C,0,0.7123781,0.1459134966135025,0.9480000138282776,0.5548999905586243
YNL094W,YOR011W,0,0.71173686,0.14589104056358337,0.9480000138282776,0.5550000071525574
YGL006W,YDR422C,0,0.711403,0.14586859941482544,0.9480000138282776,0.5551000237464905
YML100W,YOL041C,0,0.7105679,0.1458461582660675,0.9480000138282776,0.5551999807357788
YCR044C,YGR209C,0,0.71002215,0.14582371711730957,0.9480000138282776,0.5552999973297119
YJL121C,YJL109C,0,0.7096615,0.14580129086971283,0.9480000138282776,0.555400013923645
YDL213C,YPR131C,0,0.70878077,0.1457788646221161,0.9480000138282776,0.5554999709129333
YLR037C,YIL138C,0,0.7084788,0.14575645327568054,0.9480000138282776,0.5555999875068665
YMR244C-A,YNR046W,0,0.7084558,0.1457340568304062,0.9480000138282776,0.5557000041007996
YBR168W,YDL165W,0,0.70821905,0.14571164548397064,0.9480000138282776,0.5558000206947327
YHL038C,YJL010C,0,0.7064346,0.14568926393985748,0.9480000138282776,0.555899977684021
YDR322C-A,YIL130W,0,0.7056988,0.14566686749458313,0.9480000138282776,0.5559999942779541
YNL101W,YHR072W,0,0.70555896,0.14564448595046997,0.9480000138282776,0.5561000108718872
YGL213C,YBL020W,0,0.70519245,0.145622119307518,0.9480000138282776,0.5562000274658203
YDL159W,YOR034C,0,0.70504487,0.14559975266456604,0.9480000138282776,0.5562999844551086
YPL228W,YJL115W,0,0.70385855,0.14557740092277527,0.9480000138282776,0.5564000010490417
YLR403W,YNL145W,0,0.70364785,0.1455550491809845,0.9480000138282776,0.5565000176429749
YPR020W,YPR070W,0,0.70336264,0.14553269743919373,0.9480000138282776,0.5565999746322632
YGR009C,YOR178C,0,0.70313114,0.14551036059856415,0.9480000138282776,0.5566999912261963
YHR090C,YGL192W,0,0.7030246,0.14548802375793457,0.9480000138282776,0.5568000078201294
YPL235W,YJL054W,0,0.70287824,0.1454657018184662,0.9480000138282776,0.5569000244140625
YHR141C,YLL036C,0,0.7022302,0.145443394780159,0.9480000138282776,0.5569999814033508
YHR204W,YBL103C,0,0.702146,0.1454210728406906,0.9480000138282776,0.5570999979972839
YOL144W,YER005W,0,0.70160115,0.14539876580238342,0.9480000138282776,0.557200014591217
YOR127W,YDR041W,0,0.7013867,0.14537647366523743,0.9480000138282776,0.5572999715805054
YDL113C,YNR020C,0,0.7012865,0.14535418152809143,0.9480000138282776,0.5573999881744385
YDR297W,YDR055W,0,0.7011521,0.14533190429210663,0.9480000138282776,0.5575000047683716
YNL308C,YAL032C,0,0.70105493,0.14530962705612183,0.9480000138282776,0.5576000213623047
YPL005W,YOR295W,0,0.7010249,0.14528734982013702,0.9480000138282776,0.557699978351593
YDR349C,YER056C-A,0,0.70100105,0.14526508748531342,0.9480000138282776,0.5577999949455261
YER176W,YOL061W,0,0.6993514,0.145242840051651,0.9480000138282776,0.5579000115394592
YBL009W,YPR052C,0,0.6992047,0.1452205926179886,0.9480000138282776,0.5580000281333923
YML098W,YDR088C,0,0.6991633,0.14519834518432617,0.9480000138282776,0.5580999851226807
YNR032W,YLR299W,0,0.6989814,0.14517611265182495,0.9480000138282776,0.5582000017166138
YLL021W,YPL089C,0,0.69825155,0.14515388011932373,0.9480000138282776,0.5583000183105469
YKR087C,YKL014C,0,0.6979102,0.1451316624879837,0.9480000138282776,0.5583999752998352
YGR287C,YIL009C-A,0,0.69754475,0.14510944485664368,0.9480000138282776,0.5584999918937683
YBR191W,YLR313C,0,0.6973695,0.14508724212646484,0.9480000138282776,0.5586000084877014
YNL111C,YGL106W,0,0.6972025,0.145065039396286,0.9480000138282776,0.5587000250816345
YMR220W,YNL229C,0,0.6970882,0.14504283666610718,0.9480000138282776,0.5587999820709229
YKL108W,YKL167C,0,0.69692266,0.14502064883708954,0.9480000138282776,0.558899998664856
YDR501W,YDR099W,0,0.6966878,0.1449984759092331,0.9480000138282776,0.5590000152587891
YPL100W,YOR290C,0,0.6957368,0.14497630298137665,0.9480000138282776,0.5590999722480774
YIL111W,YOR060C,0,0.6957083,0.1449541300535202,0.9480000138282776,0.5591999888420105
YCR034W,YBR105C,0,0.69530916,0.14493197202682495,0.9480000138282776,0.5593000054359436
YNL151C,YLR246W,0,0.6952746,0.1449098140001297,0.9480000138282776,0.5594000220298767
YLL036C,YLR382C,0,0.6950755,0.14488767087459564,0.9480000138282776,0.559499979019165
YDR448W,YFL041W,0,0.6950615,0.14486552774906158,0.9480000138282776,0.5595999956130981
YMR150C,YLR059C,0,0.69498265,0.14484338462352753,0.9480000138282776,0.5597000122070312
YNL241C,YCL033C,0,0.69487524,0.14482127130031586,0.9480000138282776,0.5598000288009644
YMR197C,YBR057C,0,0.6945744,0.144799143075943,0.9480000138282776,0.5598999857902527
YBR058C,YDR247W,0,0.6944665,0.14477702975273132,0.9480000138282776,0.5600000023841858
YOL042W,YLR019W,0,0.6935562,0.14475493133068085,0.9480000138282776,0.5601000189781189
YCR039C,YIL098C,0,0.6933385,0.14473281800746918,0.9480000138282776,0.5601999759674072
YGL032C,YKL008C,0,0.6931349,0.1447107344865799,0.9480000138282776,0.5602999925613403
YGL089C,YGL175C,0,0.6923535,0.1446886509656906,0.9480000138282776,0.5604000091552734
YGR224W,YOR125C,0,0.6900425,0.14466656744480133,0.9480000138282776,0.5605000257492065
YJR013W,YDR293C,0,0.68964624,0.14464449882507324,0.9480000138282776,0.5605999827384949
YGR057C,YBL004W,0,0.68941844,0.14462243020534515,0.9480000138282776,0.560699999332428
YOR073W,YAL021C,0,0.6875999,0.14460036158561707,0.9480000138282776,0.5608000159263611
YMR274C,YBR123C,0,0.68643045,0.14457830786705017,0.9480000138282776,0.5608999729156494
YMR175W,YCL040W,0,0.68585944,0.14455626904964447,0.9480000138282776,0.5609999895095825
YIL074C,YKL163W,0,0.68504,0.14453423023223877,0.9480000138282776,0.5611000061035156
YBR110W,YGL119W,0,0.68479204,0.14451219141483307,0.9480000138282776,0.5612000226974487
YNL221C,YOR153W,0,0.68398696,0.14449016749858856,0.9480000138282776,0.5612999796867371
YGR286C,YJL125C,0,0.68351144,0.14446814358234406,0.9480000138282776,0.5613999962806702
YBL024W,YJR109C,0,0.6818483,0.14444613456726074,0.9480000138282776,0.5615000128746033
YDR398W,YKL211C,0,0.68154776,0.14442412555217743,0.9480000138282776,0.5616000294685364
YKL079W,YMR312W,0,0.681324,0.1444021314382553,0.9480000138282776,0.5616999864578247
YKL046C,YMR109W,0,0.68127733,0.1443801373243332,0.9480000138282776,0.5618000030517578
YPL106C,YML075C,0,0.68117255,0.14435815811157227,0.9480000138282776,0.5619000196456909
YKL160W,YIL004C,0,0.68094736,0.14433617889881134,0.9480000138282776,0.5619999766349792
YJL121C,YJL164C,0,0.68018425,0.14431419968605042,0.9480000138282776,0.5620999932289124
YLR085C,YMR286W,0,0.679984,0.14429223537445068,0.9480000138282776,0.5622000098228455
YMR268C,YPL226W,0,0.67968214,0.14427027106285095,0.9480000138282776,0.5623000264167786
YHR111W,YMR231W,0,0.67864674,0.14424832165241241,0.9480000138282776,0.5623999834060669
YAL009W,YDL095W,0,0.6781161,0.14422638714313507,0.9480000138282776,0.5625
YDR252W,YBR043C,0,0.6776694,0.14420443773269653,0.9480000138282776,0.5626000165939331
YGR170W,YML131W,0,0.67712283,0.1441825032234192,0.9480000138282776,0.5626999735832214
YGL249W,YHR216W,0,0.67683995,0.14416058361530304,0.9480000138282776,0.5627999901771545
YDL091C,YML075C,0,0.6766958,0.1441386640071869,0.9480000138282776,0.5629000067710876
YBR068C,YER062C,0,0.6763077,0.14411675930023193,0.9480000138282776,0.5630000233650208
YBL031W,YKR085C,0,0.6758803,0.14409485459327698,0.9480000138282776,0.5630999803543091
YPL234C,YNR008W,0,0.6758749,0.14407294988632202,0.9480000138282776,0.5631999969482422
YBR234C,YDR168W,0,0.6754652,0.14405106008052826,0.9480000138282776,0.5633000135421753
YJL058C,YNL186W,0,0.67534316,0.1440291702747345,0.9480000138282776,0.5633999705314636
YCR067C,YJR056C,0,0.67495275,0.14400729537010193,0.9480000138282776,0.5634999871253967
YBR050C,YNL003C,0,0.6748502,0.14398542046546936,0.9480000138282776,0.5636000037193298
YCR036W,YBR005W,0,0.6740403,0.14396356046199799,0.9480000138282776,0.5637000203132629
YBL066C,YAL041W,0,0.6730656,0.1439417004585266,0.9480000138282776,0.5637999773025513
YOR266W,YPL203W,0,0.67295516,0.14391984045505524,0.9480000138282776,0.5638999938964844
YLR008C,YLR079W,0,0.67260724,0.14389799535274506,0.9480000138282776,0.5640000104904175
YDR372C,YLR421C,0,0.67215997,0.14387615025043488,0.9480000138282776,0.5641000270843506
YKL081W,YBR175W,0,0.671798,0.1438543200492859,0.9480000138282776,0.5641999840736389
YMR183C,YAL058W,0,0.67142063,0.1438325047492981,0.9480000138282776,0.564300000667572
YPL192C,YDR382W,0,0.67138153,0.1438106745481491,0.9480000138282776,0.5644000172615051
YNL246W,YNL077W,0,0.6711478,0.1437888741493225,0.9480000138282776,0.5644999742507935
YGL119W,YNL156C,0,0.6709982,0.14376705884933472,0.9480000138282776,0.5645999908447266
YBR094W,YPR156C,0,0.670865,0.14374525845050812,0.9480000138282776,0.5647000074386597
YNL213C,YPR058W,0,0.67000985,0.1437234729528427,0.9480000138282776,0.5648000240325928
YDL120W,YPL123C,0,0.6689533,0.1437016874551773,0.9480000138282776,0.5648999810218811
YOL007C,YLR287C-A,0,0.66888726,0.1436799019575119,0.9480000138282776,0.5649999976158142
YDL145C,YDR259C,0,0.6685443,0.1436581313610077,0.9480000138282776,0.5651000142097473
YNL067W,YDL030W,0,0.6677277,0.14363636076450348,0.9480000138282776,0.5651999711990356
YLR328W,YBR126C,0,0.66726774,0.14361460506916046,0.9480000138282776,0.5652999877929688
YDL178W,YOR329C,0,0.66721797,0.14359284937381744,0.9480000138282776,0.5654000043869019
YOR336W,YEL055C,0,0.66627973,0.14357110857963562,0.9480000138282776,0.565500020980835
YNL220W,YDR145W,0,0.66611993,0.1435493677854538,0.9480000138282776,0.5655999779701233
YBR179C,YPL204W,0,0.66581714,0.14352762699127197,0.9480000138282776,0.5656999945640564
YDR300C,YLR451W,0,0.6654699,0.14350590109825134,0.9480000138282776,0.5658000111579895
YER072W,YGR170W,0,0.6654699,0.1434841901063919,0.9480000138282776,0.5659000277519226
YLR360W,YMR029C,0,0.6649742,0.14346246421337128,0.9480000138282776,0.5659999847412109
YBL080C,YDR043C,0,0.6646851,0.14344076812267303,0.9480000138282776,0.566100001335144
YLR189C,YGL167C,0,0.6634799,0.1434190571308136,0.9480000138282776,0.5662000179290771
YMR244C-A,YOR271C,0,0.6632706,0.14339736104011536,0.9480000138282776,0.5662999749183655
YJR043C,YLR418C,1,0.6629726,0.14352692663669586,0.9490000009536743,0.5662999749183655
YGL192W,YDR385W,0,0.6627832,0.14350521564483643,0.9490000009536743,0.5663999915122986
YER139C,YKR079C,0,0.6627481,0.14348351955413818,0.9490000009536743,0.5665000081062317
YBR131W,YOL122C,0,0.66211075,0.14346182346343994,0.9490000009536743,0.5666000247001648
YGL150C,YPL235W,0,0.6613238,0.1434401422739029,0.9490000009536743,0.5666999816894531
YNL240C,YMR271C,0,0.66113234,0.14341846108436584,0.9490000009536743,0.5667999982833862
YMR288W,YLR014C,0,0.66058105,0.14339679479599,0.9490000009536743,0.5669000148773193
YIL074C,YJR047C,0,0.660182,0.14337512850761414,0.9490000009536743,0.5669999718666077
YGR170W,YIL078W,0,0.6590055,0.14335347712039948,0.9490000009536743,0.5670999884605408
YDR122W,YLR207W,0,0.6588123,0.14333182573318481,0.9490000009536743,0.5672000050544739
YHR176W,YBL045C,0,0.65857905,0.14331017434597015,0.9490000009536743,0.567300021648407
YNL251C,YMR161W,0,0.65833664,0.1432885378599167,0.9490000009536743,0.5673999786376953
YMR026C,YPL023C,0,0.65813816,0.14326690137386322,0.9490000009536743,0.5674999952316284
YIL137C,YOR208W,0,0.6573089,0.14324527978897095,0.9490000009536743,0.5676000118255615
YJR131W,YJR137C,0,0.657108,0.14322365820407867,0.9490000009536743,0.5677000284194946
YPL253C,YMR263W,0,0.6555268,0.1432020515203476,0.9490000009536743,0.567799985408783
YDR054C,YLR343W,0,0.6555223,0.14318044483661652,0.9490000009536743,0.5679000020027161
YLR266C,YHR063C,0,0.65542096,0.14315885305404663,0.9490000009536743,0.5680000185966492
YGR279C,YML127W,0,0.6553627,0.14313726127147675,0.9490000009536743,0.5680999755859375
YDL006W,YOR247W,0,0.6552578,0.14311566948890686,0.9490000009536743,0.5681999921798706
YDR022C,YER110C,0,0.6552348,0.14309409260749817,0.9490000009536743,0.5683000087738037
YKL005C,YEL044W,0,0.65502244,0.14307251572608948,0.9490000009536743,0.5684000253677368
YGR271C-A,YGL016W,0,0.65471363,0.14305095374584198,0.9490000009536743,0.5684999823570251
YMR150C,YMR247C,0,0.65310127,0.14302939176559448,0.9490000009536743,0.5685999989509583
YLR118C,YLR001C,0,0.6520532,0.14300782978534698,0.9490000009536743,0.5687000155448914
YDL160C,YOL097C,0,0.6519184,0.14298628270626068,0.9490000009536743,0.5687999725341797
YDR032C,YNL247W,0,0.6518265,0.14296475052833557,0.9490000009536743,0.5688999891281128
YDR358W,YER159C,0,0.65141726,0.14294321835041046,0.9490000009536743,0.5690000057220459
YPL103C,YDR122W,0,0.64950293,0.14292168617248535,0.9490000009536743,0.569100022315979
YHR103W,YNL048W,0,0.6489023,0.14290016889572144,0.9490000009536743,0.5691999793052673
YMR128W,YGR206W,0,0.64865506,0.14287865161895752,0.9490000009536743,0.5692999958992004
YLR075W,YCR005C,0,0.6481401,0.1428571492433548,0.9490000009536743,0.5694000124931335
YMR230W,YJL115W,0,0.6481166,0.14283564686775208,0.9490000009536743,0.5695000290870667
YMR243C,YOR202W,0,0.6479201,0.14281414449214935,0.9490000009536743,0.569599986076355
YLR238W,YMR236W,0,0.64747864,0.14279265701770782,0.9490000009536743,0.5697000026702881
YDR092W,YBR181C,0,0.6473425,0.1427711695432663,0.9490000009536743,0.5698000192642212
YDL123W,YER042W,0,0.6473042,0.14274969696998596,0.9490000009536743,0.5698999762535095
YHR039C,YGL173C,1,0.6466296,0.14287862181663513,0.949999988079071,0.5698999762535095
YLR181C,YGR024C,0,0.6465303,0.1428571492433548,0.949999988079071,0.5699999928474426
YLR070C,YKL048C,0,0.64622515,0.14283566176891327,0.949999988079071,0.5701000094413757
YDL112W,YEL047C,0,0.6461663,0.14281418919563293,0.949999988079071,0.5702000260353088
YOR273C,YOR257W,0,0.6459645,0.1427927315235138,0.949999988079071,0.5702999830245972
YDR488C,YBL008W,0,0.6448202,0.14277125895023346,0.949999988079071,0.5703999996185303
YNL088W,YBR098W,1,0.64391726,0.14290007948875427,0.9509999752044678,0.5703999996185303
YCR004C,YKR093W,0,0.6436747,0.14287860691547394,0.9509999752044678,0.5705000162124634
YDR339C,YOR010C,0,0.6435461,0.1428571492433548,0.9509999752044678,0.5705999732017517
YGL092W,YBR214W,0,0.6431028,0.14283569157123566,0.9509999752044678,0.5706999897956848
YHR083W,YER109C,0,0.64306587,0.14281423389911652,0.9509999752044678,0.5708000063896179
YNR048W,YPL239W,0,0.6414956,0.14279279112815857,0.9509999752044678,0.570900022983551
YIL017C,YDL119C,0,0.6408797,0.14277134835720062,0.9509999752044678,0.5709999799728394
YML106W,YNL077W,0,0.6400474,0.14274992048740387,0.9509999752044678,0.5710999965667725
YNL113W,YER011W,0,0.6382662,0.1427285075187683,0.9509999752044678,0.5712000131607056
YNL048W,YPL051W,0,0.6381192,0.14270707964897156,0.9509999752044678,0.5713000297546387
YKR010C,YER139C,0,0.6375811,0.142685666680336,0.9509999752044678,0.571399986743927
YPR131C,YML085C,0,0.6375763,0.14266426861286163,0.9509999752044678,0.5715000033378601
YOR319W,YIL138C,0,0.6369072,0.14264287054538727,0.9509999752044678,0.5716000199317932
YDR362C,YMR290C,0,0.63680446,0.1426214724779129,0.9509999752044678,0.5716999769210815
YDR283C,YPL262W,0,0.6364781,0.14260008931159973,0.9509999752044678,0.5717999935150146
YGR135W,YLR085C,0,0.63645416,0.14257870614528656,0.9509999752044678,0.5719000101089478
YDR020C,YDL069C,0,0.635942,0.14255733788013458,0.9509999752044678,0.5720000267028809
YNL315C,YDR463W,0,0.6359041,0.1425359696149826,0.9509999752044678,0.5720999836921692
YGL173C,YEL019C,1,0.6357799,0.14266446232795715,0.9520000219345093,0.5720999836921692
YDL130W-A,YNL317W,0,0.63500625,0.14264309406280518,0.9520000219345093,0.5722000002861023
YDR244W,YLR256W,0,0.6345649,0.1426217257976532,0.9520000219345093,0.5723000168800354
YPL176C,YCL001W,0,0.6342424,0.14260035753250122,0.9520000219345093,0.5723999738693237
YLR439W,YGR002C,0,0.63377076,0.14257900416851044,0.9520000219345093,0.5724999904632568
YEL064C,YMR230W,0,0.6327134,0.14255765080451965,0.9520000219345093,0.5726000070571899
YKL056C,YKL028W,0,0.6326784,0.14253631234169006,0.9520000219345093,0.572700023651123
YDR482C,YGL142C,0,0.6324024,0.14251497387886047,0.9520000219345093,0.5727999806404114
YJL151C,YHL003C,0,0.6321948,0.14249363541603088,0.9520000219345093,0.5728999972343445
YKL218C,YOR322C,0,0.63209915,0.1424723118543625,0.9520000219345093,0.5730000138282776
YOR172W,YOR157C,0,0.63141733,0.1424509882926941,0.9520000219345093,0.5730999708175659
YBL091C,YLR274W,0,0.6306232,0.1424296796321869,0.9520000219345093,0.573199987411499
YCR016W,YIR036C,0,0.6305248,0.1424083709716797,0.9520000219345093,0.5733000040054321
YOR103C,YDR091C,0,0.63039833,0.14238707721233368,0.9520000219345093,0.5734000205993652
YNL286W,YLR355C,0,0.6292191,0.14236578345298767,0.9520000219345093,0.5734999775886536
YOR371C,YJL196C,0,0.6285419,0.14234450459480286,0.9520000219345093,0.5735999941825867
YIL068C,YDL122W,0,0.6274644,0.14232321083545685,0.9520000219345093,0.5737000107765198
YBR133C,YNL180C,0,0.6269699,0.14230194687843323,0.9520000219345093,0.5738000273704529
YOR380W,YNL054W,0,0.626819,0.1422806829214096,0.9520000219345093,0.5738999843597412
YLR086W,YER118C,0,0.62628734,0.142259418964386,0.9520000219345093,0.5740000009536743
YDR204W,YMR188C,0,0.62597597,0.14223815500736237,0.9520000219345093,0.5741000175476074
YNL116W,YPL063W,0,0.62597376,0.14221690595149994,0.9520000219345093,0.5741999745368958
YPR132W,YIR009W,0,0.625898,0.1421956717967987,0.9520000219345093,0.5742999911308289
YGR041W,YKR027W,0,0.6255364,0.14217443764209747,0.9520000219345093,0.574400007724762
YKR030W,YHR154W,0,0.62549466,0.14215320348739624,0.9520000219345093,0.5745000243186951
YDR108W,YFR025C,0,0.6251035,0.1421319842338562,0.9520000219345093,0.5745999813079834
YGR091W,YOL059W,0,0.6238105,0.14211076498031616,0.9520000219345093,0.5746999979019165
YNL330C,YJL090C,1,0.62312007,0.1422388106584549,0.953000009059906,0.5746999979019165
YNR046W,YGR014W,0,0.62240285,0.14221757650375366,0.953000009059906,0.5748000144958496
YAL020C,YJL157C,0,0.6222734,0.14219635725021362,0.953000009059906,0.5748999714851379
YCL050C,YIL049W,0,0.6222295,0.14217515289783478,0.953000009059906,0.574999988079071
YPR183W,YKR014C,0,0.6220603,0.14215393364429474,0.953000009059906,0.5751000046730042
YER026C,YBR241C,0,0.6202723,0.1421327441930771,0.953000009059906,0.5752000212669373
YGL053W,YJL019W,0,0.6200872,0.14211153984069824,0.953000009059906,0.5752999782562256
YER070W,YCL055W,0,0.6194686,0.1420903503894806,0.953000009059906,0.5753999948501587
YDL181W,YOR322C,0,0.61895555,0.14206917583942413,0.953000009059906,0.5755000114440918
YJL108C,YDR171W,0,0.6188623,0.14204800128936768,0.953000009059906,0.5756000280380249
YOR109W,YFL022C,0,0.61872864,0.14202682673931122,0.953000009059906,0.5756999850273132
YMR072W,YLR098C,0,0.6185862,0.14200566709041595,0.953000009059906,0.5758000016212463
YML113W,YJL002C,0,0.6183051,0.1419845074415207,0.953000009059906,0.5759000182151794
YBR109C,YPL089C,0,0.6182879,0.14196334779262543,0.953000009059906,0.5759999752044678
YJL091C,YOR329C,0,0.61793923,0.14194220304489136,0.953000009059906,0.5760999917984009
YDR507C,YER053C,0,0.61731505,0.14192107319831848,0.953000009059906,0.576200008392334
YGL053W,YBR102C,0,0.6166682,0.1418999433517456,0.953000009059906,0.5763000249862671
YBR030W,YJL110C,0,0.61620706,0.14187881350517273,0.953000009059906,0.5763999819755554
YOL092W,YOR009W,0,0.6157375,0.14185769855976105,0.953000009059906,0.5764999985694885
YOR076C,YCR033W,0,0.61558676,0.14183658361434937,0.953000009059906,0.5766000151634216
YEL021W,YPR173C,0,0.61556184,0.14181548357009888,0.953000009059906,0.57669997215271
YHR120W,YDR007W,0,0.61533755,0.1417943686246872,0.953000009059906,0.5767999887466431
YMR298W,YER100W,0,0.61503774,0.1417732834815979,0.953000009059906,0.5769000053405762
YDR538W,YLR240W,0,0.61448264,0.1417521983385086,0.953000009059906,0.5770000219345093
YJL008C,YIL156W,0,0.61390966,0.1417311131954193,0.953000009059906,0.5770999789237976
YOL109W,YOR115C,0,0.61361235,0.1417100429534912,0.953000009059906,0.5771999955177307
YKL141W,YPL241C,0,0.6124896,0.1416889727115631,0.953000009059906,0.5773000121116638
YBR022W,YNL130C,0,0.61184186,0.141667902469635,0.953000009059906,0.5774000287055969
YNL240C,YOL117W,0,0.6113868,0.1416468471288681,0.953000009059906,0.5774999856948853
YOL072W,YMR001C,1,0.6103746,0.14177441596984863,0.9539999961853027,0.5774999856948853
YGR234W,YOL152W,0,0.60988736,0.14175334572792053,0.9539999961853027,0.5776000022888184
YKR001C,YJL145W,0,0.609634,0.14173229038715363,0.9539999961853027,0.5777000188827515
YDR052C,YFL002C,0,0.60951483,0.14171123504638672,0.9539999961853027,0.5777999758720398
YGL053W,YBR069C,0,0.6090764,0.1416901797056198,0.9539999961853027,0.5778999924659729
YMR189W,YOR069W,0,0.6080084,0.1416691392660141,0.9539999961853027,0.578000009059906
YOR229W,YPR086W,0,0.60793096,0.14164811372756958,0.9539999961853027,0.5781000256538391
YHR031C,YLL035W,0,0.607801,0.14162707328796387,0.9539999961853027,0.5781999826431274
YDL160C,YER127W,0,0.607352,0.14160606265068054,0.9539999961853027,0.5782999992370605
YDR182W,YOR060C,0,0.6068838,0.14158503711223602,0.9539999961853027,0.5784000158309937
YBR102C,YNL161W,0,0.6056386,0.1415640264749527,0.9539999961853027,0.578499972820282
YHR176W,YGL054C,0,0.6042448,0.14154303073883057,0.9539999961853027,0.5785999894142151
YMR113W,YPL085W,0,0.6041318,0.14152203500270844,0.9539999961853027,0.5787000060081482
YPR107C,YPR056W,0,0.60358465,0.1415010392665863,0.9539999961853027,0.5788000226020813
YMR091C,YBR293W,0,0.60266495,0.14148005843162537,0.9539999961853027,0.5788999795913696
YHR031C,YEL055C,0,0.6018729,0.14145907759666443,0.9539999961853027,0.5789999961853027
YCR069W,YCR042C,0,0.6007708,0.1414380967617035,0.9539999961853027,0.5791000127792358
YDL100C,YOR307C,0,0.6007554,0.14141713082790375,0.9539999961853027,0.579200029373169
YKR083C,YLR223C,0,0.60074574,0.1413961797952652,0.9539999961853027,0.5792999863624573
YPL036W,YGL124C,0,0.5993927,0.14137522876262665,0.9539999961853027,0.5794000029563904
YGL144C,YPL063W,0,0.59932154,0.1413542777299881,0.9539999961853027,0.5795000195503235
YBR264C,YLR147C,0,0.59930646,0.14133332669734955,0.9539999961853027,0.5795999765396118
YOL128C,YBR265W,0,0.59844494,0.1413124054670334,0.9539999961853027,0.5796999931335449
YBR191W,YOR066W,0,0.5983723,0.14129146933555603,0.9539999961853027,0.579800009727478
YHR024C,YKL127W,0,0.5981999,0.14127054810523987,0.9539999961853027,0.5799000263214111
YGR092W,YDL165W,0,0.59691757,0.1412496268749237,0.9539999961853027,0.5799999833106995
YCL039W,YNL257C,0,0.5969058,0.14122872054576874,0.9539999961853027,0.5800999999046326
YHL006C,YOR005C,1,0.59659135,0.14135582745075226,0.9549999833106995,0.5800999999046326
YBL005W,YDR377W,0,0.5961958,0.1413349062204361,0.9549999833106995,0.5802000164985657
YDR456W,YLR127C,0,0.59559476,0.14131399989128113,0.9549999833106995,0.580299973487854
YLR054C,YOR109W,0,0.59496474,0.14129309356212616,0.9549999833106995,0.5803999900817871
YNL162W,YHR202W,0,0.59467214,0.1412721872329712,0.9549999833106995,0.5805000066757202
YBR264C,YJL101C,0,0.5940478,0.14125129580497742,0.9549999833106995,0.5806000232696533
YLR327C,YER060W-A,0,0.59404325,0.14123040437698364,0.9549999833106995,0.5806999802589417
YCL016C,YHR064C,0,0.59240574,0.14120952785015106,0.9549999833106995,0.5807999968528748
YFL018C,YDR390C,0,0.5906192,0.14118865132331848,0.9549999833106995,0.5809000134468079
YOR262W,YOR381W,0,0.58902836,0.1411677747964859,0.9549999833106995,0.5809999704360962
YPR082C,YDR200C,0,0.587762,0.14114691317081451,0.9549999833106995,0.5810999870300293
YBR041W,YDR487C,0,0.5877538,0.14112605154514313,0.9549999833106995,0.5812000036239624
YER051W,YKL114C,0,0.5874691,0.14110520482063293,0.9549999833106995,0.5813000202178955
YKR072C,YER062C,0,0.58647466,0.14108435809612274,0.9549999833106995,0.5813999772071838
YIL070C,YPR019W,0,0.5857871,0.14106351137161255,0.9549999833106995,0.5814999938011169
YIL034C,YPL170W,0,0.58554184,0.14104267954826355,0.9549999833106995,0.58160001039505
YOR110W,YPR166C,0,0.58547556,0.14102184772491455,0.9549999833106995,0.5817000269889832
YNR055C,YER180C,0,0.5852328,0.14100103080272675,0.9549999833106995,0.5817999839782715
YPL120W,YPL008W,0,0.5845716,0.14098021388053894,0.9549999833106995,0.5819000005722046
YKL004W,YHR207C,0,0.58292747,0.14095941185951233,0.9549999833106995,0.5820000171661377
YDR088C,YOL056W,0,0.58244765,0.14093860983848572,0.9549999833106995,0.582099974155426
YJR117W,YLR038C,0,0.5816654,0.1409178078174591,0.9549999833106995,0.5821999907493591
YCR020W-B,YDR212W,0,0.58160895,0.1408970206975937,0.9549999833106995,0.5823000073432922
YGR087C,YDL141W,0,0.5815425,0.14087623357772827,0.9549999833106995,0.5824000239372253
YIL074C,YIL130W,0,0.5811326,0.14085546135902405,0.9549999833106995,0.5824999809265137
YKL092C,YOR173W,0,0.5799453,0.14083468914031982,0.9549999833106995,0.5825999975204468
YKR031C,YOR132W,0,0.5796056,0.1408139169216156,0.9549999833106995,0.5827000141143799
YBR091C,YDR324C,0,0.57930756,0.14079315960407257,0.9549999833106995,0.5827999711036682
YNR041C,YHR171W,0,0.577716,0.14077240228652954,0.9549999833106995,0.5828999876976013
YBR229C,YOR257W,0,0.5776059,0.1407516598701477,0.9549999833106995,0.5830000042915344
YIR003W,YNL075W,0,0.5771111,0.14073091745376587,0.9549999833106995,0.5831000208854675
YER056C,YHR176W,0,0.5764606,0.14071017503738403,0.9549999833106995,0.5831999778747559
YNL053W,YML022W,0,0.574999,0.1406894475221634,0.9549999833106995,0.583299994468689
YOL103W,YLR240W,0,0.5744672,0.14066873490810394,0.9549999833106995,0.5834000110626221
YKL139W,YLR398C,0,0.57396954,0.1406480073928833,0.9549999833106995,0.5835000276565552
YCR039C,YPR061C,0,0.57245076,0.14062729477882385,0.9549999833106995,0.5835999846458435
YPL231W,YIL098C,0,0.5717962,0.1406065970659256,0.9549999833106995,0.5837000012397766
YLR011W,YCR037C,0,0.57172817,0.14058589935302734,0.9549999833106995,0.5838000178337097
YOR373W,YMR225C,0,0.5714766,0.1405652016401291,0.9549999833106995,0.583899974822998
YGL210W,YOR386W,0,0.5706727,0.14054451882839203,0.9549999833106995,0.5839999914169312
YER051W,YDL188C,0,0.57051206,0.14052383601665497,0.9549999833106995,0.5841000080108643
YJL109C,YML075C,0,0.5701694,0.1405031681060791,0.9549999833106995,0.5842000246047974
YNL025C,YHL047C,0,0.5701438,0.14048250019550323,0.9549999833106995,0.5842999815940857
YCR072C,YDR381W,0,0.56923246,0.14046183228492737,0.9549999833106995,0.5843999981880188
YDR069C,YOR125C,0,0.56910384,0.1404411792755127,0.9549999833106995,0.5845000147819519
YLR095C,YHR207C,0,0.56773317,0.14042052626609802,0.9549999833106995,0.5845999717712402
YGL179C,YGR101W,0,0.5675126,0.14039988815784454,0.9549999833106995,0.5846999883651733
YOR316C,YLR215C,0,0.5671687,0.14037925004959106,0.9549999833106995,0.5848000049591064
YCR048W,YLR167W,0,0.56708753,0.14035861194133759,0.9549999833106995,0.5849000215530396
YGR217W,YBR245C,0,0.5669458,0.1403379887342453,0.9549999833106995,0.5849999785423279
YCR039C,YHR143W-A,0,0.5662562,0.14031736552715302,0.9549999833106995,0.585099995136261
YER001W,YKL181W,0,0.5653104,0.14029675722122192,0.9549999833106995,0.5852000117301941
YDR299W,YDR331W,0,0.56527025,0.14027614891529083,0.9549999833106995,0.5853000283241272
YKL109W,YKL055C,0,0.56517947,0.14025554060935974,0.9549999833106995,0.5853999853134155
YDR533C,YCR071C,0,0.56495047,0.14023494720458984,0.9549999833106995,0.5855000019073486
YNR050C,YFL050C,0,0.56494534,0.14021435379981995,0.9549999833106995,0.5856000185012817
YIL150C,YIL171W,0,0.56472933,0.14019377529621124,0.9549999833106995,0.5856999754905701
YDR028C,YDL192W,0,0.56420565,0.14017319679260254,0.9549999833106995,0.5857999920845032
YAL009W,YCL001W,0,0.5639734,0.14015263319015503,0.9549999833106995,0.5859000086784363
YPR165W,YHR134W,0,0.56360984,0.14013205468654633,0.9549999833106995,0.5860000252723694
YKR027W,YDR500C,0,0.56301576,0.14011150598526,0.9549999833106995,0.5860999822616577
YAR015W,YLR378C,0,0.56277025,0.1400909423828125,0.9549999833106995,0.5861999988555908
YDR388W,YDR108W,0,0.5624119,0.14007040858268738,0.9549999833106995,0.5863000154495239
YJR041C,YDL117W,0,0.561875,0.14004985988140106,0.9549999833106995,0.5863999724388123
YPL120W,YDR292C,0,0.5614547,0.14002932608127594,0.9549999833106995,0.5864999890327454
YDR452W,YKR061W,0,0.56122935,0.14000879228115082,0.9549999833106995,0.5866000056266785
YCR020W-B,YKL059C,0,0.5609338,0.1399882733821869,0.9549999833106995,0.5867000222206116
YGR088W,YLR451W,0,0.560828,0.13996775448322296,0.9549999833106995,0.5867999792098999
YIL038C,YHR005C,0,0.56064165,0.13994725048542023,0.9549999833106995,0.586899995803833
YLR368W,YMR047C,0,0.5605178,0.1399267464876175,0.9549999833106995,0.5870000123977661
YLR034C,YIL115C,0,0.5582336,0.13990624248981476,0.9549999833106995,0.5871000289916992
YPL148C,YDL085W,0,0.55772495,0.13988575339317322,0.9549999833106995,0.5871999859809875
YOL109W,YJR060W,0,0.5576441,0.13986526429653168,0.9549999833106995,0.5873000025749207
YEL051W,YMR264W,0,0.55751264,0.13984477519989014,0.9549999833106995,0.5874000191688538
YDR343C,YPR070W,0,0.5572041,0.1398243010044098,0.9549999833106995,0.5874999761581421
YDR456W,YGL064C,0,0.5562439,0.13980384171009064,0.9549999833106995,0.5875999927520752
YDL120W,YDL104C,0,0.55616474,0.1397833675146103,0.9549999833106995,0.5877000093460083
YPL020C,YOR060C,0,0.55533916,0.13976290822029114,0.9549999833106995,0.5878000259399414
YLR238W,YER122C,0,0.5552992,0.13974246382713318,0.9549999833106995,0.5878999829292297
YGR234W,YPL221W,0,0.555041,0.13972201943397522,0.9549999833106995,0.5879999995231628
YJL133W,YHR001W,0,0.5543024,0.13970157504081726,0.9549999833106995,0.588100016117096
YJR117W,YEL051W,0,0.554234,0.1396811455488205,0.9549999833106995,0.5881999731063843
YCR028C-A,YDR325W,0,0.5541227,0.13966071605682373,0.9549999833106995,0.5882999897003174
YIL121W,YOR192C,0,0.55166316,0.13964030146598816,0.9549999833106995,0.5884000062942505
YPR067W,YPL001W,0,0.55134994,0.1396198868751526,0.9549999833106995,0.5885000228881836
YPL123C,YOR036W,0,0.5507522,0.13959947228431702,0.9549999833106995,0.5885999798774719
YJL127C,YKL179C,0,0.5496411,0.13957907259464264,0.9549999833106995,0.588699996471405
YJR125C,YMR036C,0,0.549587,0.13955867290496826,0.9549999833106995,0.5888000130653381
YDR253C,YKL054C,0,0.549265,0.13953828811645508,0.9549999833106995,0.5889000296592712
YDR177W,YMR256C,0,0.54915637,0.1395179033279419,0.9549999833106995,0.5889999866485596
YMR017W,YOR049C,0,0.54831994,0.1394975185394287,0.9549999833106995,0.5891000032424927
YPL190C,YDR487C,0,0.5471642,0.13947714865207672,0.9549999833106995,0.5892000198364258
YDR466W,YKR061W,0,0.5470285,0.13945677876472473,0.9549999833106995,0.5892999768257141
YPL132W,YMR043W,0,0.5464395,0.13943640887737274,0.9549999833106995,0.5893999934196472
YNL199C,YFR034C,0,0.5463032,0.13941605389118195,0.9549999833106995,0.5895000100135803
YHL021C,YKL114C,0,0.5461523,0.13939571380615234,0.9549999833106995,0.5896000266075134
YDR471W,YNL251C,0,0.5459577,0.13937535881996155,0.9549999833106995,0.5896999835968018
YJR073C,YOR069W,0,0.544786,0.13935503363609314,0.9549999833106995,0.5898000001907349
YOR328W,YDR289C,0,0.5447117,0.13933469355106354,0.9549999833106995,0.589900016784668
YLR467W,YJR043C,1,0.5445727,0.1394602507352829,0.9559999704360962,0.589900016784668
YDR481C,YPL207W,0,0.543648,0.1394399106502533,0.9559999704360962,0.5899999737739563
YBL103C,YNR030W,0,0.5435501,0.1394195705652237,0.9559999704360962,0.5900999903678894
YLR286C,YHL028W,0,0.5432105,0.13939924538135529,0.9559999704360962,0.5902000069618225
YDR120C,YPR131C,0,0.5429499,0.13937892019748688,0.9559999704360962,0.5903000235557556
YDR104C,YER007C-A,0,0.5425874,0.13935859501361847,0.9559999704360962,0.590399980545044
YKR030W,YML016C,0,0.5425643,0.13933828473091125,0.9559999704360962,0.590499997138977
YPL228W,YBR205W,0,0.5425542,0.13931798934936523,0.9559999704360962,0.5906000137329102
YGL031C,YGR092W,0,0.5415215,0.13929767906665802,0.9559999704360962,0.5906999707221985
YHR128W,YNL106C,0,0.54094976,0.139277383685112,0.9559999704360962,0.5907999873161316
YPR104C,YML081W,0,0.5409202,0.13925710320472717,0.9559999704360962,0.5909000039100647
YBR109C,YOR091W,0,0.540668,0.13923682272434235,0.9559999704360962,0.5910000205039978
YLR017W,YLR319C,0,0.5404033,0.13921654224395752,0.9559999704360962,0.5910999774932861
YBR280C,YKR013W,0,0.5403407,0.1391962766647339,0.9559999704360962,0.5911999940872192
YGL078C,YML021C,0,0.5392077,0.13917601108551025,0.9559999704360962,0.5913000106811523
YOR032C,YNL048W,0,0.53877723,0.13915574550628662,0.9559999704360962,0.5914000272750854
YBR094W,YHR024C,0,0.5381726,0.13913549482822418,0.9559999704360962,0.5914999842643738
YLR002C,YKL164C,0,0.53787386,0.13911524415016174,0.9559999704360962,0.5916000008583069
YLR357W,YBL088C,0,0.5372901,0.1390950083732605,0.9559999704360962,0.59170001745224
YPL037C,YNL097C,0,0.5370726,0.13907477259635925,0.9559999704360962,0.5917999744415283
YDR354W,YER124C,0,0.5360097,0.1390545517206192,0.9559999704360962,0.5918999910354614
YHR045W,YFL056C,0,0.53558254,0.13903431594371796,0.9559999704360962,0.5920000076293945
YGL111W,YPR104C,0,0.53548324,0.1390141099691391,0.9559999704360962,0.5921000242233276
YNL225C,YHR158C,0,0.5316708,0.13899388909339905,0.9559999704360962,0.592199981212616
YOR373W,YHR142W,0,0.53114194,0.1389736831188202,0.9559999704360962,0.5922999978065491
YJL041W,YOR007C,0,0.53107816,0.13895349204540253,0.9559999704360962,0.5924000144004822
YER099C,YLR459W,0,0.5309317,0.13893330097198486,0.9559999704360962,0.5924999713897705
YBL102W,YPL053C,0,0.5300887,0.1389131098985672,0.9559999704360962,0.5925999879837036
YHR104W,YDR018C,0,0.529703,0.13889291882514954,0.9559999704360962,0.5927000045776367
YOL051W,YJL186W,0,0.52847993,0.13887274265289307,0.9559999704360962,0.5928000211715698
YPL075W,YKL048C,0,0.52820253,0.1388525813817978,0.9559999704360962,0.5928999781608582
YKL043W,YLR138W,0,0.5279207,0.13883242011070251,0.9559999704360962,0.5929999947547913
YPL137C,YJL122W,0,0.5266826,0.13881225883960724,0.9559999704360962,0.5931000113487244
YHR088W,YAR003W,0,0.52639663,0.13879209756851196,0.9559999704360962,0.5932000279426575
YJL208C,YLR466W,1,0.5257635,0.13891711831092834,0.9570000171661377,0.5932000279426575
YLR150W,YML100W,0,0.52507114,0.13889695703983307,0.9570000171661377,0.5932999849319458
YLL057C,YJL091C,0,0.5248444,0.1388767957687378,0.9570000171661377,0.5934000015258789
YPL047W,YAR014C,0,0.52455366,0.1388566493988037,0.9570000171661377,0.593500018119812
YAR014C,YOR171C,0,0.5240194,0.13883650302886963,0.9570000171661377,0.5935999751091003
YPR151C,YBL016W,0,0.5240152,0.13881635665893555,0.9570000171661377,0.5936999917030334
YER100W,YDR093W,0,0.523978,0.13879622519016266,0.9570000171661377,0.5938000082969666
YDR347W,YMR306W,0,0.52374935,0.13877610862255096,0.9570000171661377,0.5939000248908997
YER020W,YDL002C,0,0.5235833,0.13875597715377808,0.9570000171661377,0.593999981880188
YPR007C,YMR043W,0,0.52357966,0.13873586058616638,0.9570000171661377,0.5940999984741211
YIR023W,YOR264W,0,0.5232285,0.13871575891971588,0.9570000171661377,0.5942000150680542
YDR055W,YIL014W,0,0.5225335,0.13869565725326538,0.9570000171661377,0.5942999720573425
YBL042C,YPR023C,0,0.52242553,0.13867555558681488,0.9570000171661377,0.5943999886512756
YGR192C,YGR062C,0,0.5224069,0.13865546882152557,0.9570000171661377,0.5945000052452087
YIL117C,YER159C,0,0.5220914,0.13863538205623627,0.9570000171661377,0.5946000218391418
YHL019C,YER124C,0,0.52127814,0.13861529529094696,0.9570000171661377,0.5946999788284302
YGR116W,YNR055C,0,0.5197706,0.13859522342681885,0.9570000171661377,0.5947999954223633
YLR390W-A,YIL023C,0,0.51917267,0.13857515156269073,0.9570000171661377,0.5949000120162964
YAL053W,YCR053W,0,0.51769316,0.13855509459972382,0.9570000171661377,0.5950000286102295
YNL180C,YNL037C,0,0.51764476,0.1385350376367569,0.9570000171661377,0.5950999855995178
YFR009W,YHL013C,0,0.51733303,0.13851498067378998,0.9570000171661377,0.5952000021934509
YGR132C,YOR016C,0,0.51700795,0.13849493861198425,0.9570000171661377,0.595300018787384
YGL151W,YDR123C,0,0.51655185,0.13847489655017853,0.9570000171661377,0.5953999757766724
YGR060W,YGR220C,0,0.5163369,0.1384548544883728,0.9570000171661377,0.5954999923706055
YNL240C,YDR407C,0,0.5160892,0.13843482732772827,0.9570000171661377,0.5956000089645386
YER120W,YPL111W,0,0.51590276,0.13841481506824493,0.9570000171661377,0.5957000255584717
YDR354W,YER167W,0,0.5153132,0.1383947879076004,0.9570000171661377,0.59579998254776
YER023W,YGR223C,0,0.51503074,0.13837479054927826,0.9570000171661377,0.5958999991416931
YDL174C,YER093C,0,0.5138755,0.13835477828979492,0.9570000171661377,0.5960000157356262
YBR248C,YCR020W-B,0,0.5135709,0.13833478093147278,0.9570000171661377,0.5960999727249146
YHR123W,YDR511W,0,0.51348937,0.13831478357315063,0.9570000171661377,0.5961999893188477
YLR174W,YNR036C,0,0.5133734,0.13829480111598969,0.9570000171661377,0.5963000059127808
YNL148C,YLR287C-A,0,0.51312256,0.13827481865882874,0.9570000171661377,0.5964000225067139
YBR166C,YEL006W,0,0.51308024,0.13825483620166779,0.9570000171661377,0.5964999794960022
YJR041C,YNL326C,0,0.51283836,0.13823486864566803,0.9570000171661377,0.5965999960899353
YBR048W,YLR139C,0,0.51258814,0.13821490108966827,0.9570000171661377,0.5967000126838684
YKL212W,YOL148C,0,0.5125724,0.1381949484348297,0.9570000171661377,0.5968000292778015
YGR224W,YOR035C,0,0.5125412,0.13817499577999115,0.9570000171661377,0.5968999862670898
YDR021W,YML022W,0,0.5124371,0.1381550431251526,0.9570000171661377,0.597000002861023
YKL185W,YGL100W,0,0.51179165,0.13813510537147522,0.9570000171661377,0.597100019454956
YMR316W,YDR208W,0,0.51070714,0.13811516761779785,0.9570000171661377,0.5971999764442444
YBR077C,YBR021W,0,0.51070017,0.13809524476528168,0.9570000171661377,0.5972999930381775
YHR204W,YBR245C,0,0.50995314,0.1380753070116043,0.9570000171661377,0.5974000096321106
YHR098C,YAR071W,0,0.50958955,0.13805539906024933,0.9570000171661377,0.5975000262260437
YHR115C,YDR216W,0,0.50909686,0.13803547620773315,0.9570000171661377,0.597599983215332
YPR166C,YAL026C,0,0.5083505,0.13801556825637817,0.9570000171661377,0.5976999998092651
YOL127W,YAR019C,0,0.50561595,0.1379956752061844,0.9570000171661377,0.5978000164031982
YFL049W,YDR236C,0,0.50552315,0.1379757821559906,0.9570000171661377,0.5978999733924866
YJL116C,YJL109C,0,0.50541544,0.13795588910579681,0.9570000171661377,0.5979999899864197
YPR178W,YIL117C,0,0.50534743,0.13793601095676422,0.9570000171661377,0.5981000065803528
YDR005C,YMR009W,0,0.50503874,0.13791613280773163,0.9570000171661377,0.5982000231742859
YHR138C,YLR277C,0,0.5040581,0.13789625465869904,0.9570000171661377,0.5982999801635742
YIL014W,YIL115C,0,0.5026681,0.13787639141082764,0.9570000171661377,0.5983999967575073
YAR042W,YBL037W,0,0.5020162,0.13785652816295624,0.9570000171661377,0.5985000133514404
YNL023C,YOR103C,0,0.50134873,0.13783666491508484,0.9570000171661377,0.5985999703407288
YMR188C,YKL026C,0,0.50126505,0.13781681656837463,0.9570000171661377,0.5986999869346619
YGL022W,YGR048W,0,0.5006783,0.13779698312282562,0.9570000171661377,0.598800003528595
YJR109C,YGL012W,0,0.49965686,0.13777713477611542,0.9570000171661377,0.5989000201225281
YLR450W,YOR322C,0,0.49962032,0.1377573013305664,0.9570000171661377,0.5989999771118164
YNL077W,YNR069C,0,0.49902683,0.1377374827861786,0.9570000171661377,0.5990999937057495
YLR390W-A,YGL191W,0,0.49743593,0.13771766424179077,0.9570000171661377,0.5992000102996826
YOR036W,YAL002W,0,0.49736816,0.13769784569740295,0.9570000171661377,0.5993000268936157
YPR061C,YKR088C,0,0.49709827,0.13767802715301514,0.9570000171661377,0.599399983882904
YMR004W,YCL027W,0,0.4967733,0.1376582235097885,0.9570000171661377,0.5995000004768372
YCL051W,YNR047W,0,0.49676967,0.13763843476772308,0.9570000171661377,0.5996000170707703
YBR054W,YFR050C,0,0.49496758,0.13761863112449646,0.9570000171661377,0.5996999740600586
YPR009W,YER155C,0,0.4942233,0.13759884238243103,0.9570000171661377,0.5997999906539917
YPR186C,YPR124W,0,0.49380016,0.1375790685415268,0.9570000171661377,0.5999000072479248
YOR117W,YER042W,0,0.49300218,0.13755929470062256,0.9570000171661377,0.6000000238418579
YNL222W,YOL097C,0,0.49268043,0.13753952085971832,0.9570000171661377,0.6000999808311462
YJR097W,YPR128C,0,0.49261892,0.13751976191997528,0.9570000171661377,0.6001999974250793
YBR015C,YHL047C,0,0.49140108,0.13750000298023224,0.9570000171661377,0.6003000140190125
YLR138W,YGR092W,0,0.4896567,0.1374802440404892,0.9570000171661377,0.6003999710083008
YPL036W,YMR091C,0,0.4888811,0.13746050000190735,0.9570000171661377,0.6004999876022339
YNL206C,YER036C,0,0.48843086,0.1374407559633255,0.9570000171661377,0.600600004196167
YJR091C,YKL148C,0,0.48802096,0.13742102682590485,0.9570000171661377,0.6007000207901001
YIR006C,YGR206W,0,0.4874205,0.1374012976884842,0.9570000171661377,0.6007999777793884
YKL033W,YNL129W,0,0.48660016,0.13738156855106354,0.9570000171661377,0.6008999943733215
YGR133W,YNL071W,0,0.48541212,0.13736185431480408,0.9570000171661377,0.6010000109672546
YLR371W,YNL222W,0,0.48420626,0.13734214007854462,0.9570000171661377,0.6011000275611877
YDL095W,YNL096C,0,0.48348773,0.13732242584228516,0.9570000171661377,0.6011999845504761
YEL032W,YKL196C,0,0.48340887,0.1373027265071869,0.9570000171661377,0.6013000011444092
YGL111W,YEL027W,0,0.48311538,0.13728302717208862,0.9570000171661377,0.6014000177383423
YOR065W,YGR075C,0,0.48257762,0.13726334273815155,0.9570000171661377,0.6014999747276306
YMR080C,YOL049W,0,0.48182517,0.13724365830421448,0.9570000171661377,0.6015999913215637
YGL049C,YHR114W,0,0.48125488,0.1372239738702774,0.9570000171661377,0.6017000079154968
YCL017C,YPR021C,0,0.48025078,0.13720430433750153,0.9570000171661377,0.6018000245094299
YFL031W,YDL017W,0,0.480191,0.13718463480472565,0.9570000171661377,0.6018999814987183
YBL057C,YMR297W,0,0.47976458,0.13716496527194977,0.9570000171661377,0.6019999980926514
YKR007W,YNL097C,0,0.4794737,0.13714531064033508,0.9570000171661377,0.6021000146865845
YKR059W,YGR172C,0,0.4785031,0.1371256560087204,0.9570000171661377,0.6021999716758728
YJR132W,YDR385W,0,0.4782011,0.1371060162782669,0.9570000171661377,0.6022999882698059
YOR229W,YPL190C,0,0.47802925,0.13708637654781342,0.9570000171661377,0.602400004863739
YOL149W,YOR080W,0,0.47722673,0.13706673681735992,0.9570000171661377,0.6025000214576721
YDR519W,YHR203C,0,0.476955,0.13704711198806763,0.9570000171661377,0.6025999784469604
YOR189W,YCR073C,0,0.4756778,0.13702748715877533,0.9570000171661377,0.6026999950408936
YMR109W,YPR073C,0,0.47553277,0.13700787723064423,0.9570000171661377,0.6028000116348267
YLR362W,YEL063C,0,0.47447193,0.13698826730251312,0.9570000171661377,0.6029000282287598
YNL199C,YMR298W,0,0.47312444,0.13696865737438202,0.9570000171661377,0.6029999852180481
YOR316C,YKL221W,0,0.47103673,0.1369490623474121,0.9570000171661377,0.6031000018119812
YDL185W,YKL113C,1,0.4705745,0.13707254827022552,0.9580000042915344,0.6031000018119812
YGR013W,YJL190C,0,0.47011876,0.13705293834209442,0.9580000042915344,0.6032000184059143
YBR107C,YLL050C,0,0.46929657,0.13703332841396332,0.9580000042915344,0.6032999753952026
YJR042W,YBR236C,0,0.46876848,0.1370137333869934,0.9580000042915344,0.6033999919891357
YAL044C,YPR122W,0,0.4685378,0.1369941383600235,0.9580000042915344,0.6035000085830688
YLR167W,YLL038C,0,0.46844578,0.1369745433330536,0.9580000042915344,0.603600025177002
YML121W,YJL054W,0,0.46776098,0.13695496320724487,0.9580000042915344,0.6036999821662903
YGL145W,YLR272C,0,0.4676984,0.13693539798259735,0.9580000042915344,0.6037999987602234
YJL074C,YIL051C,0,0.4675387,0.13691581785678864,0.9580000042915344,0.6039000153541565
YNL279W,YLR070C,0,0.4674896,0.1368962526321411,0.9580000042915344,0.6039999723434448
YGR037C,YDR343C,0,0.46744722,0.13687670230865479,0.9580000042915344,0.6040999889373779
YDR424C,YLR372W,0,0.4674443,0.13685713708400726,0.9580000042915344,0.604200005531311
YKR048C,YMR266W,0,0.4671489,0.13683760166168213,0.9580000042915344,0.6043000221252441
YBR097W,YHR076W,0,0.46634793,0.1368180513381958,0.9580000042915344,0.6043999791145325
YPR079W,YLR097C,0,0.464774,0.13679851591587067,0.9580000042915344,0.6044999957084656
YER073W,YDL103C,0,0.46299684,0.13677898049354553,0.9580000042915344,0.6046000123023987
YMR163C,YDL134C,0,0.4618941,0.1367594599723816,0.9580000042915344,0.6047000288963318
YKR095W,YPR058W,0,0.4607011,0.13673993945121765,0.9580000042915344,0.6047999858856201
YPL043W,YGR120C,0,0.45928824,0.1367204189300537,0.9580000042915344,0.6049000024795532
YOL018C,YLR450W,0,0.4582634,0.13670091331005096,0.9580000042915344,0.6050000190734863
YDL220C,YML092C,0,0.4582368,0.13668140769004822,0.9580000042915344,0.6050999760627747
YOR150W,YDL209C,0,0.45779383,0.13666191697120667,0.9580000042915344,0.6051999926567078
YDR334W,YDR256C,0,0.45724714,0.1366424262523651,0.9580000042915344,0.6053000092506409
YJL093C,YKL208W,0,0.45713687,0.13662293553352356,0.9580000042915344,0.605400025844574
YNL133C,YNL076W,0,0.45693612,0.136603444814682,0.9580000042915344,0.6054999828338623
YFR038W,YHR081W,1,0.4556136,0.13672654330730438,0.9589999914169312,0.6054999828338623
YKL140W,YOR086C,0,0.45465732,0.13670705258846283,0.9589999914169312,0.6055999994277954
YPL270W,YDR056C,0,0.45428932,0.13668757677078247,0.9589999914169312,0.6057000160217285
YBR003W,YNL003C,0,0.45426947,0.13666808605194092,0.9589999914169312,0.6057999730110168
YER023W,YGL018C,0,0.4538889,0.13664862513542175,0.9589999914169312,0.60589998960495
YOR039W,YDL135C,0,0.45213723,0.1366291493177414,0.9589999914169312,0.6060000061988831
YPL106C,YGL133W,0,0.45193923,0.13660968840122223,0.9589999914169312,0.6061000227928162
YMR289W,YNL216W,0,0.45165104,0.13659022748470306,0.9589999914169312,0.6061999797821045
YLR178C,YBL097W,0,0.4515704,0.1365707814693451,0.9589999914169312,0.6062999963760376
YAL009W,YNL159C,0,0.45068133,0.13655133545398712,0.9589999914169312,0.6064000129699707
YLR150W,YPL053C,0,0.45015764,0.13653188943862915,0.9589999914169312,0.6065000295639038
YJL209W,YML124C,0,0.44962144,0.13651245832443237,0.9589999914169312,0.6065999865531921
YGR286C,YDR486C,0,0.44941717,0.1364930272102356,0.9589999914169312,0.6067000031471252
YPL155C,YER026C,0,0.44914055,0.13647359609603882,0.9589999914169312,0.6068000197410583
YBR014C,YOL003C,0,0.44866145,0.13645417988300323,0.9589999914169312,0.6068999767303467
YDR538W,YJR084W,0,0.44862896,0.13643476366996765,0.9589999914169312,0.6069999933242798
YML031W,YPL053C,0,0.4484473,0.13641536235809326,0.9589999914169312,0.6071000099182129
YDR420W,YGR078C,0,0.44664073,0.13639596104621887,0.9589999914169312,0.607200026512146
YER014W,YIL114C,0,0.44662917,0.13637655973434448,0.9589999914169312,0.6072999835014343
YIL072W,YHR188C,0,0.4456405,0.1363571733236313,0.9589999914169312,0.6074000000953674
YOR175C,YML102W,0,0.44549388,0.1363377869129181,0.9589999914169312,0.6075000166893005
YDL135C,YDR279W,0,0.44539243,0.1363184154033661,0.9589999914169312,0.6075999736785889
YOR197W,YJL198W,0,0.44531178,0.1362990289926529,0.9589999914169312,0.607699990272522
YDR354W,YPL029W,0,0.44513333,0.1362796574831009,0.9589999914169312,0.6078000068664551
YOL068C,YEL019C,1,0.44482052,0.13640238344669342,0.9599999785423279,0.6078000068664551
YLR406C,YHR148W,0,0.44478178,0.13638301193714142,0.9599999785423279,0.6079000234603882
YNL289W,YDL200C,0,0.44423753,0.13636364042758942,0.9599999785423279,0.6079999804496765
YDR516C,YKR095W,0,0.44364345,0.13634426891803741,0.9599999785423279,0.6080999970436096
YMR026C,YDR264C,0,0.442797,0.1363249123096466,0.9599999785423279,0.6082000136375427
YML005W,YBR106W,0,0.44184172,0.1363055557012558,0.9599999785423279,0.608299970626831
YMR256C,YHR118C,0,0.44141108,0.136286199092865,0.9599999785423279,0.6083999872207642
YNL167C,YKR003W,0,0.44042653,0.13626685738563538,0.9599999785423279,0.6085000038146973
YNL094W,YMR149W,0,0.4400249,0.13624751567840576,0.9599999785423279,0.6086000204086304
YEL032W,YHR062C,0,0.43969238,0.13622818887233734,0.9599999785423279,0.6086999773979187
YLR099C,YNL189W,0,0.43939412,0.13620884716510773,0.9599999785423279,0.6087999939918518
YCR079W,YER078C,0,0.438738,0.1361895352602005,0.9599999785423279,0.6089000105857849
YHL019C,YLR398C,0,0.43838382,0.13617020845413208,0.9599999785423279,0.609000027179718
YDR532C,YBR054W,0,0.43755388,0.13615089654922485,0.9599999785423279,0.6090999841690063
YLR324W,YMR012W,0,0.43689483,0.13613159954547882,0.9599999785423279,0.6092000007629395
YJL210W,YDR425W,0,0.43616736,0.1361122876405716,0.9599999785423279,0.6093000173568726
YEL026W,YNL268W,0,0.43593264,0.13609299063682556,0.9599999785423279,0.6093999743461609
YBR033W,YEL047C,0,0.4357109,0.13607370853424072,0.9599999785423279,0.609499990940094
YKR058W,YMR277W,0,0.43493038,0.13605442643165588,0.9599999785423279,0.6096000075340271
YER074W-A,YLR075W,0,0.43488634,0.13603514432907104,0.9599999785423279,0.6097000241279602
YAL013W,YLR074C,0,0.4346013,0.1360158622264862,0.9599999785423279,0.6097999811172485
YBL016W,YEL064C,0,0.4343559,0.13599659502506256,0.9599999785423279,0.6098999977111816
YHR152W,YPL202C,0,0.43432438,0.1359773427248001,0.9599999785423279,0.6100000143051147
YOR224C,YCL044C,0,0.4340377,0.13595807552337646,0.9599999785423279,0.6100999712944031
YLR430W,YOR259C,0,0.43400633,0.135938823223114,0.9599999785423279,0.6101999878883362
YDR141C,YER086W,0,0.43376845,0.13591958582401276,0.9599999785423279,0.6103000044822693
YBR204C,YIL040W,0,0.43347096,0.1359003335237503,0.9599999785423279,0.6104000210762024
YNL186W,YGR006W,0,0.4331084,0.13588111102581024,0.9599999785423279,0.6104999780654907
YIR037W,YKR092C,0,0.43287158,0.13586187362670898,0.9599999785423279,0.6105999946594238
YKL110C,YFL026W,0,0.43280995,0.13584265112876892,0.9599999785423279,0.6107000112533569
YDR316W,YOL113W,0,0.43269277,0.13582342863082886,0.9599999785423279,0.61080002784729
YLR299W,YDL127W,0,0.43242562,0.13580422103405,0.9599999785423279,0.6108999848365784
YCL054W,YHR149C,0,0.4324224,0.13578501343727112,0.9599999785423279,0.6110000014305115
YPL155C,YCR024C-A,0,0.43189466,0.13576580584049225,0.9599999785423279,0.6111000180244446
YGL023C,YOR306C,0,0.43155664,0.13574661314487457,0.9599999785423279,0.6111999750137329
YDR117C,YDR155C,0,0.4313969,0.1357274204492569,0.9599999785423279,0.611299991607666
YNL299W,YML091C,0,0.43085206,0.13570822775363922,0.9599999785423279,0.6114000082015991
YLR032W,YPL106C,0,0.43076748,0.13568904995918274,0.9599999785423279,0.6115000247955322
YLR190W,YBR302C,0,0.43002534,0.13566987216472626,0.9599999785423279,0.6115999817848206
YAL008W,YJR048W,0,0.4298042,0.13565069437026978,0.9599999785423279,0.6116999983787537
YJL041W,YGR101W,0,0.42953283,0.1356315314769745,0.9599999785423279,0.6118000149726868
YOR295W,YDL194W,0,0.42946583,0.1356123685836792,0.9599999785423279,0.6118999719619751
YBR161W,YJL091C,0,0.42905515,0.1355932205915451,0.9599999785423279,0.6119999885559082
YMR302C,YGR047C,0,0.42853045,0.135574072599411,0.9599999785423279,0.6121000051498413
YPR082C,YML125C,0,0.42826247,0.13555492460727692,0.9599999785423279,0.6122000217437744
YLR118C,YGR142W,0,0.42704588,0.13553579151630402,0.9599999785423279,0.6122999787330627
YGR129W,YDR099W,0,0.42650664,0.13551665842533112,0.9599999785423279,0.6123999953269958
YPL069C,YOR004W,0,0.42570186,0.13549752533435822,0.9599999785423279,0.612500011920929
YOR083W,YIL112W,0,0.42438602,0.1354784071445465,0.9599999785423279,0.6126000285148621
YKR027W,YGR195W,0,0.42354918,0.1354592889547348,0.9599999785423279,0.6126999855041504
YPL202C,YOR061W,0,0.42289168,0.1354401856660843,0.9599999785423279,0.6128000020980835
YHR021C,YIL112W,0,0.42274207,0.13542106747627258,0.9599999785423279,0.6129000186920166
YOR175C,YLR022C,0,0.42257035,0.13540197908878326,0.9599999785423279,0.6129999756813049
YIL129C,YPL239W,0,0.4221688,0.13538287580013275,0.9599999785423279,0.613099992275238
YNL243W,YLR027C,0,0.4219864,0.13536378741264343,0.9599999785423279,0.6132000088691711
YBR229C,YAL055W,0,0.42099637,0.1353446990251541,0.9599999785423279,0.6133000254631042
YJL109C,YIL096C,0,0.42096037,0.135325625538826,0.9599999785423279,0.6133999824523926
YDR408C,YHR186C,0,0.42079502,0.13530655205249786,0.9599999785423279,0.6134999990463257
YKL137W,YKL127W,0,0.42055154,0.13528747856616974,0.9599999785423279,0.6136000156402588
YLR361C,YDR016C,0,0.42020524,0.1352684199810028,0.9599999785423279,0.6136999726295471
YOR143C,YAR042W,0,0.41932368,0.13524936139583588,0.9599999785423279,0.6137999892234802
YIR022W,YDR507C,0,0.41870397,0.13523031771183014,0.9599999785423279,0.6139000058174133
YBR199W,YER109C,0,0.4184777,0.1352112740278244,0.9599999785423279,0.6140000224113464
YMR139W,YOR298C-A,0,0.4176497,0.13519223034381866,0.9599999785423279,0.6140999794006348
YOL138C,YPL135W,0,0.41750485,0.13517318665981293,0.9599999785423279,0.6141999959945679
YLR310C,YPL161C,0,0.4172421,0.13515415787696838,0.9599999785423279,0.614300012588501
YKL021C,YOR337W,0,0.416911,0.13513512909412384,0.9599999785423279,0.6144000291824341
YDR005C,YMR072W,0,0.41637403,0.1351161152124405,0.9599999785423279,0.6144999861717224
YPL206C,YCR067C,0,0.41595924,0.13509710133075714,0.9599999785423279,0.6146000027656555
YGR217W,YPL012W,0,0.41566074,0.1350780874490738,0.9599999785423279,0.6147000193595886
YGL053W,YBL037W,0,0.4151882,0.13505908846855164,0.9599999785423279,0.614799976348877
YGR286C,YDL076C,0,0.4140072,0.13504008948802948,0.9599999785423279,0.6148999929428101
YJL204C,YPL266W,0,0.41353047,0.13502109050750732,0.9599999785423279,0.6150000095367432
YOL138C,YLR078C,0,0.4127165,0.13500210642814636,0.9599999785423279,0.6151000261306763
YDR216W,YAL021C,0,0.41158843,0.1349831223487854,0.9599999785423279,0.6151999831199646
YPR105C,YNL125C,0,0.41144776,0.13496415317058563,0.9599999785423279,0.6152999997138977
YOR221C,YDL019C,0,0.41131592,0.13494518399238586,0.9599999785423279,0.6154000163078308
YMR106C,YBR160W,1,0.4100511,0.13506676256656647,0.9610000252723694,0.6154000163078308
YBR088C,YMR001C,1,0.40990305,0.13518831133842468,0.9620000123977661,0.6154000163078308
YLR075W,YDR503C,0,0.40989494,0.13516931235790253,0.9620000123977661,0.6154999732971191
YLR102C,YPL003W,0,0.40944767,0.13515032827854156,0.9620000123977661,0.6155999898910522
YBR083W,YLR023C,0,0.4093306,0.1351313441991806,0.9620000123977661,0.6157000064849854
YLR396C,YNL161W,0,0.40899932,0.13511236011981964,0.9620000123977661,0.6158000230789185
YGR245C,YPL095C,0,0.40784776,0.13509339094161987,0.9620000123977661,0.6158999800682068
YOR014W,YPL175W,0,0.40674043,0.1350744217634201,0.9620000123977661,0.6159999966621399
YMR014W,YIR009W,0,0.40446568,0.13505545258522034,0.9620000123977661,0.616100013256073
YFR042W,YGR033C,0,0.40388167,0.13503649830818176,0.9620000123977661,0.6161999702453613
YIL101C,YMR030W,0,0.4034853,0.1350175440311432,0.9620000123977661,0.6162999868392944
YOR273C,YPL226W,0,0.40299535,0.13499858975410461,0.9620000123977661,0.6164000034332275
YOR150W,YDL003W,0,0.40287304,0.13497965037822723,0.9620000123977661,0.6165000200271606
YFR038W,YMR001C,1,0.40234637,0.13510100543498993,0.9629999995231628,0.6165000200271606
YKL134C,YGL106W,0,0.40161562,0.13508206605911255,0.9629999995231628,0.616599977016449
YPL120W,YMR063W,0,0.4008131,0.13506311178207397,0.9629999995231628,0.6166999936103821
YLR102C,YNL093W,0,0.39947784,0.1350441724061966,0.9629999995231628,0.6168000102043152
YIL014W,YOR250C,0,0.3985145,0.1350252330303192,0.9629999995231628,0.6169000267982483
YLR022C,YDL184C,0,0.39827776,0.13500630855560303,0.9629999995231628,0.6169999837875366
YDR517W,YKL008C,0,0.3982271,0.13498738408088684,0.9629999995231628,0.6171000003814697
YNL106C,YIL117C,0,0.3978169,0.13496845960617065,0.9629999995231628,0.6172000169754028
YDR001C,YOR341W,0,0.39777112,0.13494955003261566,0.9629999995231628,0.6172999739646912
YJL127C,YER177W,0,0.39699697,0.13493064045906067,0.9629999995231628,0.6173999905586243
YGL047W,YNL021W,0,0.39665675,0.13491174578666687,0.9629999995231628,0.6175000071525574
YFL009W,YDR145W,0,0.3962052,0.13489283621311188,0.9629999995231628,0.6176000237464905
YGL063W,YOR094W,0,0.3960557,0.13487395644187927,0.9629999995231628,0.6176999807357788
YGR097W,YFL002C,0,0.39491284,0.13485506176948547,0.9629999995231628,0.6177999973297119
YBL067C,YKL198C,0,0.3942306,0.13483618199825287,0.9629999995231628,0.617900013923645
YBR132C,YLR220W,0,0.39339423,0.13481730222702026,0.9629999995231628,0.6179999709129333
YCR094W,YML106W,0,0.39310253,0.13479843735694885,0.9629999995231628,0.6180999875068665
YJL190C,YGL058W,0,0.39265954,0.13477957248687744,0.9629999995231628,0.6182000041007996
YOR360C,YBL084C,0,0.39244103,0.13476070761680603,0.9629999995231628,0.6183000206947327
YLR430W,YML034W,0,0.3915174,0.13474184274673462,0.9629999995231628,0.618399977684021
YNL007C,YOR316C,0,0.3912418,0.1347229927778244,0.9629999995231628,0.6184999942779541
YOR288C,YML126C,0,0.39072013,0.13470415771007538,0.9629999995231628,0.6186000108718872
YDR345C,YOR196C,0,0.3906045,0.13468530774116516,0.9629999995231628,0.6187000274658203
YKR067W,YOR003W,0,0.38890576,0.13466648757457733,0.9629999995231628,0.6187999844551086
YNL329C,YMR150C,0,0.38802862,0.1346476525068283,0.9629999995231628,0.6189000010490417
YIR002C,YOR011W,0,0.38780737,0.13462883234024048,0.9629999995231628,0.6190000176429749
YPR100W,YPL069C,0,0.38730633,0.13461001217365265,0.9629999995231628,0.6190999746322632
YNL136W,YNL001W,0,0.3872869,0.13459119200706482,0.9629999995231628,0.6191999912261963
YML031W,YCL029C,0,0.3864417,0.13457238674163818,0.9629999995231628,0.6193000078201294
YPL254W,YDR471W,0,0.3864168,0.13455358147621155,0.9629999995231628,0.6194000244140625
YER058W,YBR166C,0,0.38617516,0.1345347911119461,0.9629999995231628,0.6194999814033508
YGL003C,YOR357C,0,0.3861251,0.13451600074768066,0.9629999995231628,0.6195999979972839
YOL138C,YIL039W,0,0.38499844,0.13449721038341522,0.9629999995231628,0.619700014591217
YPR008W,YNL116W,0,0.3833661,0.13447842001914978,0.9629999995231628,0.6197999715805054
YJR094W-A,YER070W,0,0.3828758,0.13445964455604553,0.9629999995231628,0.6198999881744385
YGR128C,YNL020C,0,0.38211834,0.13444088399410248,0.9629999995231628,0.6200000047683716
YOL135C,YBR288C,0,0.38036454,0.13442210853099823,0.9629999995231628,0.6201000213623047
YHR088W,YGL093W,0,0.37964988,0.13440334796905518,0.9629999995231628,0.620199978351593
YER073W,YNL212W,0,0.37940788,0.13438458740711212,0.9629999995231628,0.6202999949455261
YNL149C,YDR009W,0,0.37932944,0.13436584174633026,0.9629999995231628,0.6204000115394592
YDR485C,YKR048C,0,0.37919092,0.1343470960855484,0.9629999995231628,0.6205000281333923
YFR007W,YKR038C,0,0.3788818,0.13432836532592773,0.9629999995231628,0.6205999851226807
YGL167C,YNL183C,0,0.3783474,0.13430961966514587,0.9629999995231628,0.6207000017166138
YKR077W,YGR253C,0,0.37786353,0.1342908889055252,0.9629999995231628,0.6208000183105469
YIL043C,YHR191C,0,0.37668514,0.13427217304706573,0.9629999995231628,0.6208999752998352
YBL037W,YER019W,0,0.37647426,0.13425345718860626,0.9629999995231628,0.6209999918937683
YML024W,YLR085C,0,0.37587762,0.1342347413301468,0.9629999995231628,0.6211000084877014
YPR029C,YPL241C,0,0.37575126,0.13421602547168732,0.9629999995231628,0.6212000250816345
YFR055W,YNL139C,1,0.3753928,0.1343366801738739,0.9639999866485596,0.6212000250816345
YML042W,YJL057C,0,0.37441885,0.13431796431541443,0.9639999866485596,0.6212999820709229
YPL178W,YOR348C,0,0.37408614,0.13429924845695496,0.9639999866485596,0.621399998664856
YBR008C,YPR180W,0,0.37376475,0.13428054749965668,0.9639999866485596,0.6215000152587891
YPL015C,YMR224C,1,0.3732097,0.1344011127948761,0.9649999737739563,0.6215000152587891
YOR367W,YMR215W,0,0.37281632,0.13438239693641663,0.9649999737739563,0.6215999722480774
YBL018C,YNL099C,0,0.37213516,0.13436368107795715,0.9649999737739563,0.6216999888420105
YMR188C,YDR359C,0,0.37008023,0.13434498012065887,0.9649999737739563,0.6218000054359436
YML054C,YOR359W,0,0.3695886,0.1343262791633606,0.9649999737739563,0.6219000220298767
YOL008W,YOR250C,0,0.36849546,0.13430757820606232,0.9649999737739563,0.621999979019165
YGL179C,YNR052C,0,0.36845458,0.13428889214992523,0.9649999737739563,0.6220999956130981
YDR202C,YGR262C,0,0.36732936,0.13427020609378815,0.9649999737739563,0.6222000122070312
YKL134C,YHR215W,0,0.36662936,0.13425153493881226,0.9649999737739563,0.6223000288009644
YNL136W,YHR001W,0,0.36564887,0.13423284888267517,0.9649999737739563,0.6223999857902527
YPL148C,YGR028W,0,0.3654393,0.13421419262886047,0.9649999737739563,0.6225000023841858
YDR409W,YKR085C,0,0.36481094,0.13419552147388458,0.9649999737739563,0.6226000189781189
YJR126C,YLR081W,0,0.36466777,0.13417686522006989,0.9649999737739563,0.6226999759674072
YKR059W,YOR241W,0,0.36369872,0.1341582089662552,0.9649999737739563,0.6227999925613403
YDR156W,YOR217W,0,0.36333346,0.13413956761360168,0.9649999737739563,0.6229000091552734
YBR055C,YOR125C,0,0.36203492,0.134120911359787,0.9649999737739563,0.6230000257492065
YLR034C,YDR500C,0,0.36160958,0.13410228490829468,0.9649999737739563,0.6230999827384949
YDL120W,YIL040W,0,0.36108112,0.13408364355564117,0.9649999737739563,0.623199999332428
YPL010W,YDR247W,0,0.36106396,0.13406501710414886,0.9649999737739563,0.6233000159263611
YDR308C,YIL039W,0,0.3608321,0.13404639065265656,0.9649999737739563,0.6233999729156494
YBR132C,YKL183W,0,0.3603077,0.13402777910232544,0.9649999737739563,0.6234999895095825
YJL173C,YJR043C,1,0.36026943,0.1341480314731598,0.9660000205039978,0.6234999895095825
YNL330C,YJL208C,1,0.35961688,0.13426825404167175,0.9670000076293945,0.6234999895095825
YNL185C,YMR113W,0,0.35781276,0.13424961268901825,0.9670000076293945,0.6236000061035156
YNL025C,YGR101W,0,0.3572805,0.13423098623752594,0.9670000076293945,0.6237000226974487
YOL109W,YGR061C,0,0.35721803,0.13421235978603363,0.9670000076293945,0.6237999796867371
YBR110W,YAL062W,0,0.35708904,0.13419373333454132,0.9670000076293945,0.6238999962806702
YLL035W,YDL017W,0,0.3570063,0.134175106883049,0.9670000076293945,0.6240000128746033
YIR008C,YOR092W,0,0.3569851,0.1341564953327179,0.9670000076293945,0.6241000294685364
YOR208W,YDL184C,0,0.3568368,0.13413788378238678,0.9670000076293945,0.6241999864578247
YLR220W,YNL065W,0,0.3567834,0.13411927223205566,0.9670000076293945,0.6243000030517578
YNL306W,YBL016W,0,0.3564694,0.13410067558288574,0.9670000076293945,0.6244000196456909
YJR139C,YDR050C,0,0.35586476,0.13408207893371582,0.9670000076293945,0.6244999766349792
YNL229C,YER129W,0,0.35553527,0.1340634971857071,0.9670000076293945,0.6245999932289124
YOR124C,YHR105W,0,0.35476327,0.13404491543769836,0.9670000076293945,0.6247000098228455
YPL137C,YMR211W,0,0.35218334,0.13402633368968964,0.9670000076293945,0.6248000264167786
YPR028W,YEL059C-A,0,0.35196424,0.1340077668428421,0.9670000076293945,0.6248999834060669
YIL015W,YMR314W,0,0.35013378,0.13398918509483337,0.9670000076293945,0.625
YOR010C,YDL058W,0,0.34822035,0.13397063314914703,0.9670000076293945,0.6251000165939331
YLR044C,YMR290C,0,0.34740913,0.1339520663022995,0.9670000076293945,0.6251999735832214
YLR343W,YOR011W,0,0.34730566,0.13393351435661316,0.9670000076293945,0.6252999901771545
YGL210W,YDL122W,0,0.3460734,0.133914977312088,0.9670000076293945,0.6254000067710876
YGR245C,YLR120C,0,0.34595037,0.13389642536640167,0.9670000076293945,0.6255000233650208
YLR439W,YDR224C,0,0.34575176,0.13387788832187653,0.9670000076293945,0.6255999803543091
YNL278W,YOR057W,0,0.3454162,0.13385935127735138,0.9670000076293945,0.6256999969482422
YNL158W,YKR014C,0,0.34519982,0.13384082913398743,0.9670000076293945,0.6258000135421753
YGL027C,YNL047C,0,0.3448434,0.13382230699062347,0.9670000076293945,0.6258999705314636
YHR039C,YLR007W,1,0.34425235,0.1339421570301056,0.9679999947547913,0.6258999705314636
YOR115C,YBR106W,0,0.34392703,0.13392363488674164,0.9679999947547913,0.6259999871253967
YLR127C,YDR099W,0,0.34349322,0.1339050978422165,0.9679999947547913,0.6261000037193298
YLR355C,YHL026C,0,0.34324205,0.13388659060001373,0.9679999947547913,0.6262000203132629
YGL105W,YPL140C,0,0.34318674,0.13386806845664978,0.9679999947547913,0.6262999773025513
YJR084W,YNR049C,0,0.34314704,0.13384956121444702,0.9679999947547913,0.6263999938964844
YHR102W,YDL119C,0,0.34310496,0.13383105397224426,0.9679999947547913,0.6265000104904175
YDL147W,YDR390C,0,0.3428365,0.1338125467300415,0.9679999947547913,0.6266000270843506
YAL034W-A,YDR047W,0,0.34275293,0.13379405438899994,0.9679999947547913,0.6266999840736389
YML077W,YNL031C,0,0.34267926,0.13377556204795837,0.9679999947547913,0.626800000667572
YFL044C,YNL128W,0,0.34236836,0.133757084608078,0.9679999947547913,0.6269000172615051
YBR289W,YER063W,0,0.342157,0.13373860716819763,0.9679999947547913,0.6269999742507935
YPR140W,YLR277C,0,0.34210122,0.13372012972831726,0.9679999947547913,0.6270999908447266
YOL071W,YMR287C,0,0.3420105,0.1337016522884369,0.9679999947547913,0.6272000074386597
YER048C,YLR277C,0,0.3414935,0.1336831897497177,0.9679999947547913,0.6273000240325928
YOR113W,YGL246C,0,0.34100294,0.13366472721099854,0.9679999947547913,0.6273999810218811
YMR001C,YOL068C,1,0.3408376,0.13378433883190155,0.968999981880188,0.6273999810218811
YDR251W,YOL042W,0,0.34071708,0.13376587629318237,0.968999981880188,0.6274999976158142
YOR195W,YGR106C,0,0.34037745,0.1337474137544632,0.968999981880188,0.6276000142097473
YKL213C,YDR046C,0,0.33983123,0.13372895121574402,0.968999981880188,0.6276999711990356
YGL073W,YPL190C,0,0.33959556,0.13371050357818604,0.968999981880188,0.6277999877929688
YLR093C,YML059C,0,0.33959436,0.13369205594062805,0.968999981880188,0.6279000043869019
YPR017C,YKR081C,0,0.33936238,0.13367360830307007,0.968999981880188,0.628000020980835
YEL046C,YML034W,0,0.33924532,0.13365517556667328,0.968999981880188,0.6280999779701233
YNL291C,YNL007C,0,0.3391037,0.1336367428302765,0.968999981880188,0.6281999945640564
YEL026W,YGL229C,0,0.33845925,0.1336183100938797,0.968999981880188,0.6283000111579895
YOR133W,YGL032C,0,0.338248,0.1335998922586441,0.968999981880188,0.6284000277519226
YGL107C,YDR510W,0,0.3380276,0.1335814744234085,0.968999981880188,0.6284999847412109
YDR104C,YPL048W,0,0.33794475,0.1335630565881729,0.968999981880188,0.628600001335144
YFL052W,YGL032C,0,0.33773303,0.1335446536540985,0.968999981880188,0.6287000179290771
YHR043C,YHR073W,0,0.33763385,0.1335262507200241,0.968999981880188,0.6287999749183655
YHR161C,YGR121C,0,0.33738923,0.1335078477859497,0.968999981880188,0.6288999915122986
YOR143C,YOR373W,0,0.33647978,0.1334894597530365,0.968999981880188,0.6290000081062317
YGL137W,YLL042C,0,0.33535767,0.1334710717201233,0.968999981880188,0.6291000247001648
YOR256C,YKR085C,0,0.33517754,0.13345269858837128,0.968999981880188,0.6291999816894531
YPR166C,YOR009W,0,0.33507586,0.13343431055545807,0.968999981880188,0.6292999982833862
YBL093C,YDR006C,0,0.33462632,0.13341593742370605,0.968999981880188,0.6294000148773193
YDR253C,YDR293C,0,0.3339672,0.13339757919311523,0.968999981880188,0.6294999718666077
YHR046C,YKL006C-A,0,0.33382905,0.13337922096252441,0.968999981880188,0.6295999884605408
YKL039W,YCR081W,0,0.33370042,0.1333608627319336,0.968999981880188,0.6297000050544739
YGL189C,YLR332W,0,0.33369744,0.13334250450134277,0.968999981880188,0.629800021648407
YIR008C,YDL103C,0,0.33369184,0.13332416117191315,0.968999981880188,0.6298999786376953
YLL048C,YLR299W,0,0.33334863,0.13330581784248352,0.968999981880188,0.6299999952316284
YGL181W,YJL116C,0,0.33297968,0.1332874894142151,0.968999981880188,0.6301000118255615
YER143W,YOL135C,0,0.33271194,0.13326914608478546,0.968999981880188,0.6302000284194946
YDL201W,YCR097W,0,0.33257222,0.13325081765651703,0.968999981880188,0.630299985408783
YDR409W,YOR208W,0,0.33240426,0.1332325041294098,0.968999981880188,0.6304000020027161
YBR030W,YBR104W,0,0.33200252,0.13321419060230255,0.968999981880188,0.6305000185966492
YBL045C,YLR132C,0,0.3317274,0.1331958770751953,0.968999981880188,0.6305999755859375
YKL176C,YGR253C,0,0.33170652,0.13317756354808807,0.968999981880188,0.6306999921798706
YPR023C,YMR184W,0,0.33095098,0.13315926492214203,0.968999981880188,0.6308000087738037
YLR430W,YNL037C,0,0.33072138,0.13314096629619598,0.968999981880188,0.6309000253677368
YMR079W,YEL018W,0,0.33054173,0.13312268257141113,0.968999981880188,0.6309999823570251
YKL101W,YKL181W,0,0.33013105,0.13310439884662628,0.968999981880188,0.6310999989509583
YML046W,YNL294C,0,0.32923388,0.13308611512184143,0.968999981880188,0.6312000155448914
YLR432W,YPL116W,0,0.32854724,0.13306783139705658,0.968999981880188,0.6312999725341797
YNL246W,YPR073C,0,0.3276205,0.13304956257343292,0.968999981880188,0.6313999891281128
YGL210W,YCR068W,0,0.32755256,0.13303130865097046,0.968999981880188,0.6315000057220459
YBL066C,YJL045W,0,0.32717645,0.1330130398273468,0.968999981880188,0.631600022315979
YFR034C,YOR188W,0,0.32684326,0.13299478590488434,0.968999981880188,0.6316999793052673
YBR123C,YLR093C,0,0.32675457,0.13297653198242188,0.968999981880188,0.6317999958992004
YKL185W,YLR037C,0,0.32658803,0.1329582929611206,0.968999981880188,0.6319000124931335
YNL227C,YKR059W,0,0.32649684,0.13294005393981934,0.968999981880188,0.6320000290870667
YLR207W,YBR054W,0,0.32647276,0.13292181491851807,0.968999981880188,0.632099986076355
YNL167C,YDR188W,0,0.32603765,0.1329035758972168,0.968999981880188,0.6322000026702881
YKL198C,YOL100W,0,0.32580233,0.13288535177707672,0.968999981880188,0.6323000192642212
YKL069W,YBR055C,0,0.32556057,0.13286712765693665,0.968999981880188,0.6323999762535095
YPL170W,YLL024C,0,0.3241222,0.13284891843795776,0.968999981880188,0.6324999928474426
YGL038C,YKL069W,0,0.32408667,0.13283070921897888,0.968999981880188,0.6326000094413757
YML116W,YNL090W,0,0.32397044,0.1328125,0.968999981880188,0.6327000260353088
YKR038C,YHR096C,0,0.32377934,0.1327943056821823,0.968999981880188,0.6327999830245972
YNL088W,YDL101C,1,0.32368636,0.13291312754154205,0.9700000286102295,0.6327999830245972
YDL080C,YOR208W,0,0.32308686,0.13289491832256317,0.9700000286102295,0.6328999996185303
YLR083C,YDL240W,0,0.32253337,0.1328767091035843,0.9700000286102295,0.6330000162124634
YMR153W,YOL041C,0,0.32215762,0.1328585147857666,0.9700000286102295,0.6330999732017517
YBR198C,YJL078C,0,0.32089138,0.1328403204679489,0.9700000286102295,0.6331999897956848
YBR021W,YOL125W,0,0.31974638,0.13282212615013123,0.9700000286102295,0.6333000063896179
YNR043W,YML074C,0,0.319319,0.13280394673347473,0.9700000286102295,0.633400022983551
YCR044C,YDL174C,0,0.31811,0.13278576731681824,0.9700000286102295,0.6334999799728394
YOR229W,YMR006C,0,0.3179834,0.13276758790016174,0.9700000286102295,0.6335999965667725
YJR060W,YBR022W,0,0.3177154,0.13274942338466644,0.9700000286102295,0.6337000131607056
YOR133W,YNL300W,0,0.31765592,0.13273125886917114,0.9700000286102295,0.6338000297546387
YML102W,YDR023W,0,0.31761074,0.13271309435367584,0.9700000286102295,0.633899986743927
YBL057C,YIL008W,0,0.31731653,0.13269494473934174,0.9700000286102295,0.6340000033378601
YDR225W,YEL059C-A,0,0.31706762,0.13267679512500763,0.9700000286102295,0.6341000199317932
YGR227W,YAL008W,0,0.31578517,0.13265864551067352,0.9700000286102295,0.6341999769210815
YNL098C,YGR278W,0,0.31552994,0.13264049589633942,0.9700000286102295,0.6342999935150146
YNL329C,YLR367W,0,0.31540132,0.1326223611831665,0.9700000286102295,0.6344000101089478
YER001W,YIL167W,0,0.31524014,0.13260424137115479,0.9700000286102295,0.6345000267028809
YOR347C,YOR064C,0,0.31437767,0.13258610665798187,0.9700000286102295,0.6345999836921692
YKR062W,YOR231W,0,0.31365848,0.13256798684597015,0.9700000286102295,0.6347000002861023
YKL192C,YBR009C,0,0.31349027,0.13254988193511963,0.9700000286102295,0.6348000168800354
YJR118C,YER124C,0,0.31327975,0.1325317621231079,0.9700000286102295,0.6348999738693237
YMR152W,YGR183C,0,0.31267428,0.13251365721225739,0.9700000286102295,0.6349999904632568
YBL103C,YMR161W,0,0.31162572,0.13249556720256805,0.9700000286102295,0.6351000070571899
YMR275C,YDR002W,0,0.311437,0.13247746229171753,0.9700000286102295,0.635200023651123
YFL005W,YOR079C,0,0.31123877,0.1324593722820282,0.9700000286102295,0.6352999806404114
YER088C,YGR048W,0,0.31053162,0.13244128227233887,0.9700000286102295,0.6353999972343445
YLR067C,YCL059C,0,0.31010866,0.13242320716381073,0.9700000286102295,0.6355000138282776
YFR027W,YOL049W,0,0.30960965,0.1324051320552826,0.9700000286102295,0.6355999708175659
YPR016C,YPR186C,0,0.3094616,0.13238705694675446,0.9700000286102295,0.635699987411499
YOR332W,YIL063C,0,0.30939436,0.1323689967393875,0.9700000286102295,0.6358000040054321
YER120W,YPL115C,0,0.30851293,0.13235093653202057,0.9700000286102295,0.6359000205993652
YLL035W,YBR139W,0,0.30834353,0.13233287632465363,0.9700000286102295,0.6359999775886536
YGR170W,YNL322C,0,0.30819368,0.13231483101844788,0.9700000286102295,0.6360999941825867
YDR219C,YOR004W,0,0.30778122,0.13229678571224213,0.9700000286102295,0.6362000107765198
YPR048W,YER120W,0,0.306942,0.13227874040603638,0.9700000286102295,0.6363000273704529
YHR154W,YLR287C-A,0,0.30578518,0.13226071000099182,0.9700000286102295,0.6363999843597412
YOR018W,YNL099C,0,0.30545104,0.13224266469478607,0.9700000286102295,0.6365000009536743
YGL207W,YOL148C,0,0.30504608,0.1322246491909027,0.9700000286102295,0.6366000175476074
YDL112W,YJR049C,0,0.3050313,0.13220661878585815,0.9700000286102295,0.6366999745368958
YCR035C,YPL061W,0,0.30460072,0.1321886032819748,0.9700000286102295,0.6367999911308289
YDL010W,YBR176W,0,0.30442476,0.13217060267925262,0.9700000286102295,0.636900007724762
YCR073C,YGR061C,0,0.30430818,0.13215258717536926,0.9700000286102295,0.6370000243186951
YBL050W,YLR070C,0,0.30374932,0.1321345865726471,0.9700000286102295,0.6370999813079834
YIR033W,YML008C,0,0.30329823,0.13211658596992493,0.9700000286102295,0.6371999979019165
YJR086W,YPL224C,0,0.3018061,0.13209860026836395,0.9700000286102295,0.6373000144958496
YMR208W,YNL097C,0,0.30161023,0.13208061456680298,0.9700000286102295,0.6373999714851379
YPL106C,YKR048C,0,0.30093122,0.132062628865242,0.9700000286102295,0.637499988079071
YGR220C,YKR013W,0,0.29995954,0.13204464316368103,0.9700000286102295,0.6376000046730042
YMR161W,YBL008W,0,0.2986505,0.13202667236328125,0.9700000286102295,0.6377000212669373
YKL112W,YLR077W,0,0.2976706,0.13200871646404266,0.9700000286102295,0.6377999782562256
YGR125W,YHR033W,0,0.29726815,0.13199074566364288,0.9700000286102295,0.6378999948501587
YOR039W,YGL192W,0,0.29363704,0.1319727897644043,0.9700000286102295,0.6380000114440918
YLR190W,YOR177C,0,0.2933216,0.1319548338651657,0.9700000286102295,0.6381000280380249
YJL041W,YGL191W,0,0.29250276,0.13193689286708832,0.9700000286102295,0.6381999850273132
YDR021W,YNL067W,0,0.29227066,0.13191895186901093,0.9700000286102295,0.6383000016212463
YBR097W,YCL035C,0,0.29220426,0.13190101087093353,0.9700000286102295,0.6384000182151794
YCR086W,YER178W,0,0.29192734,0.13188306987285614,0.9700000286102295,0.6384999752044678
YMR261C,YDL019C,0,0.291896,0.13186514377593994,0.9700000286102295,0.6385999917984009
YLL067C,YMR009W,0,0.29140782,0.13184721767902374,0.9700000286102295,0.638700008392334
YGL245W,YDR123C,0,0.29045868,0.13182930648326874,0.9700000286102295,0.6388000249862671
YJR161C,YNL029C,0,0.29042757,0.13181138038635254,0.9700000286102295,0.6388999819755554
YDR162C,YGL245W,0,0.2893585,0.13179348409175873,0.9700000286102295,0.6389999985694885
YFR028C,YGL243W,0,0.2884121,0.13177557289600372,0.9700000286102295,0.6391000151634216
YGL137W,YHR027C,0,0.28774905,0.1317576766014099,0.9700000286102295,0.63919997215271
YGL144C,YJL111W,0,0.28767765,0.1317397803068161,0.9700000286102295,0.6392999887466431
YCR065W,YER127W,0,0.2873336,0.1317218840122223,0.9700000286102295,0.6394000053405762
YMR026C,YNL031C,0,0.2873156,0.13170400261878967,0.9700000286102295,0.6395000219345093
YJR091C,YJR144W,0,0.2872324,0.13168612122535706,0.9700000286102295,0.6395999789237976
YGR026W,YJR048W,0,0.28684402,0.13166825473308563,0.9700000286102295,0.6396999955177307
YNL005C,YLR096W,0,0.2858901,0.13165037333965302,0.9700000286102295,0.6398000121116638
YER091C,YER048W-A,0,0.28556108,0.13163252174854279,0.9700000286102295,0.6399000287055969
YCL030C,YJL108C,0,0.2853849,0.13161465525627136,0.9700000286102295,0.6399999856948853
YER114C,YAL044C,0,0.28506184,0.13159680366516113,0.9700000286102295,0.6401000022888184
YNL336W,YIL167W,0,0.28503025,0.1315789520740509,0.9700000286102295,0.6402000188827515
YNL054W,YDL193W,0,0.28453875,0.13156110048294067,0.9700000286102295,0.6402999758720398
YBR070C,YGL028C,0,0.2831546,0.13154326379299164,0.9700000286102295,0.6403999924659729
YCR028C-A,YHR116W,0,0.28296065,0.1315254271030426,0.9700000286102295,0.640500009059906
YLR058C,YDR077W,0,0.2820878,0.13150759041309357,0.9700000286102295,0.6406000256538391
YPL010W,YDL008W,0,0.2815231,0.13148976862430573,0.9700000286102295,0.6406999826431274
YMR275C,YDR299W,0,0.2813716,0.13147194683551788,0.9700000286102295,0.6407999992370605
YLR032W,YLR083C,0,0.28109002,0.13145412504673004,0.9700000286102295,0.6409000158309937
YDR005C,YMR307W,0,0.27983797,0.1314363181591034,0.9700000286102295,0.640999972820282
YFL044C,YPR131C,0,0.27961922,0.13141851127147675,0.9700000286102295,0.6410999894142151
YKR030W,YPL217C,0,0.2793473,0.1314007043838501,0.9700000286102295,0.6412000060081482
YJR075W,YAL025C,0,0.27893496,0.13138291239738464,0.9700000286102295,0.6413000226020813
YHR072W,YDR434W,0,0.2783296,0.1313651204109192,0.9700000286102295,0.6413999795913696
YBR044C,YKL049C,0,0.27769303,0.13134732842445374,0.9700000286102295,0.6414999961853027
YMR134W,YGL125W,0,0.2775029,0.13132953643798828,0.9700000286102295,0.6416000127792358
YLR238W,YGL137W,0,0.27738464,0.13131175935268402,0.9700000286102295,0.641700029373169
YKR007W,YHR117W,0,0.27647042,0.13129399716854095,0.9700000286102295,0.6417999863624573
YPL270W,YMR281W,0,0.2764485,0.1312762200832367,0.9700000286102295,0.6419000029563904
YMR022W,YFL016C,0,0.27638555,0.13125845789909363,0.9700000286102295,0.6420000195503235
YOR272W,YPL190C,0,0.27627838,0.13124069571495056,0.9700000286102295,0.6420999765396118
YDR372C,YKR088C,0,0.2756219,0.1312229484319687,0.9700000286102295,0.6421999931335449
YLR003C,YOR257W,0,0.27462065,0.13120520114898682,0.9700000286102295,0.642300009727478
YNL014W,YDR043C,0,0.27331746,0.13118745386600494,0.9700000286102295,0.6424000263214111
YNL088W,YNL330C,1,0.27315915,0.13130493462085724,0.9710000157356262,0.6424000263214111
YML013W,YAL001C,0,0.27313995,0.13128718733787537,0.9710000157356262,0.6424999833106995
YER007W,YDR322W,0,0.27310824,0.1312694400548935,0.9710000157356262,0.6425999999046326
YJL137C,YIL156W,0,0.27283287,0.13125169277191162,0.9710000157356262,0.6427000164985657
YOR384W,YJL101C,0,0.2717756,0.13123394548892975,0.9710000157356262,0.642799973487854
YOR288C,YOR231W,0,0.2713549,0.13121621310710907,0.9710000157356262,0.6428999900817871
YOL013C,YBR057C,0,0.27131307,0.1311984807252884,0.9710000157356262,0.6430000066757202
YDL120W,YDL231C,0,0.27128518,0.1311807632446289,0.9710000157356262,0.6431000232696533
YOR070C,YJR048W,0,0.26925302,0.13116304576396942,0.9710000157356262,0.6431999802589417
YDL205C,YBR005W,0,0.2679727,0.13114532828330994,0.9710000157356262,0.6432999968528748
YIL043C,YIL120W,0,0.26779497,0.13112761080265045,0.9710000157356262,0.6434000134468079
YIR034C,YPL246C,0,0.26771033,0.13110990822315216,0.9710000157356262,0.6434999704360962
YDR224C,YHR005C,0,0.26720405,0.13109220564365387,0.9710000157356262,0.6435999870300293
YHL020C,YJR118C,0,0.26680398,0.13107451796531677,0.9710000157356262,0.6437000036239624
YMR183C,YBR149W,0,0.26675272,0.13105681538581848,0.9710000157356262,0.6438000202178955
YPL020C,YBL054W,0,0.26615047,0.13103914260864258,0.9710000157356262,0.6438999772071838
YMR042W,YMR037C,0,0.2654661,0.13102145493030548,0.9710000157356262,0.6439999938011169
YIL126W,YNR049C,0,0.26490247,0.13100378215312958,0.9710000157356262,0.64410001039505
YOR086C,YNL183C,0,0.2647959,0.13098610937595367,0.9710000157356262,0.6442000269889832
YKL135C,YIL098C,0,0.26468015,0.13096843659877777,0.9710000157356262,0.6442999839782715
YBL090W,YBL014C,0,0.2640251,0.13095077872276306,0.9710000157356262,0.6444000005722046
YER015W,YGR275W,0,0.2631147,0.13093312084674835,0.9710000157356262,0.6445000171661377
YKL155C,YKL091C,0,0.2628001,0.13091546297073364,0.9710000157356262,0.644599974155426
YOR065W,YPR065W,0,0.26111174,0.13089781999588013,0.9710000157356262,0.6446999907493591
YBL072C,YNL323W,0,0.26030135,0.1308801770210266,0.9710000157356262,0.6448000073432922
YJR105W,YPL241C,0,0.26008618,0.1308625340461731,0.9710000157356262,0.6449000239372253
YNL096C,YPL174C,0,0.258924,0.13084490597248077,0.9710000157356262,0.6449999809265137
YKL024C,YGL213C,0,0.25756514,0.13082726299762726,0.9710000157356262,0.6450999975204468
YOR014W,YNL067W,0,0.25722742,0.13080964982509613,0.9710000157356262,0.6452000141143799
YBR212W,YNL051W,0,0.2571447,0.1307920217514038,0.9710000157356262,0.6452999711036682
YNL286W,YNR033W,0,0.2565893,0.13077440857887268,0.9710000157356262,0.6453999876976013
YAR071W,YHR017W,0,0.25482392,0.13075679540634155,0.9710000157356262,0.6455000042915344
YBR296C,YDR096W,0,0.25455296,0.13073919713497162,0.9710000157356262,0.6456000208854675
YBR103W,YDL065C,0,0.2540604,0.13072159886360168,0.9710000157356262,0.6456999778747559
YDL020C,YOR151C,0,0.2535776,0.13070400059223175,0.9710000157356262,0.645799994468689
YHR215W,YHR171W,0,0.25280452,0.13068640232086182,0.9710000157356262,0.6459000110626221
YMR287C,YNL207W,0,0.25278425,0.13066881895065308,0.9710000157356262,0.6460000276565552
YBR084C-A,YER048W-A,0,0.25254416,0.13065123558044434,0.9710000157356262,0.6460999846458435
YDR246W,YGL151W,0,0.251374,0.1306336671113968,0.9710000157356262,0.6462000012397766
YHR200W,YDL223C,0,0.24985254,0.13061608374118805,0.9710000157356262,0.6463000178337097
YJR060W,YLR372W,0,0.2493527,0.1305985152721405,0.9710000157356262,0.646399974822998
YKL129C,YPL105C,0,0.24915934,0.13058096170425415,0.9710000157356262,0.6464999914169312
YBL087C,YDL240W,0,0.24895,0.1305633932352066,0.9710000157356262,0.6466000080108643
YGL133W,YFR008W,0,0.2488941,0.13054583966732025,0.9710000157356262,0.6467000246047974
YAL020C,YDL212W,0,0.2488606,0.1305283010005951,0.9710000157356262,0.6467999815940857
YGL063W,YGL207W,0,0.24766779,0.13051074743270874,0.9710000157356262,0.6468999981880188
YPR009W,YHR094C,0,0.24681866,0.13049320876598358,0.9710000157356262,0.6470000147819519
YNR001C,YEL034W,0,0.24535465,0.13047568500041962,0.9710000157356262,0.6470999717712402
YHR017W,YBL088C,0,0.24501729,0.13045814633369446,0.9710000157356262,0.6471999883651733
YIL070C,YBR107C,0,0.24501562,0.1304406225681305,0.9710000157356262,0.6473000049591064
YBR082C,YDR273W,0,0.24348545,0.13042309880256653,0.9710000157356262,0.6474000215530396
YGL137W,YLR074C,0,0.24230456,0.13040558993816376,0.9710000157356262,0.6474999785423279
YOL135C,YAL035W,0,0.24215055,0.130388081073761,0.9710000157356262,0.647599995136261
YNL214W,YMR242C,0,0.24193287,0.13037057220935822,0.9710000157356262,0.6477000117301941
YKR083C,YGR260W,0,0.24050379,0.13035306334495544,0.9710000157356262,0.6478000283241272
YOR373W,YHR067W,0,0.23880184,0.13033556938171387,0.9710000157356262,0.6478999853134155
YMR091C,YPL069C,0,0.23854148,0.1303180754184723,0.9710000157356262,0.6480000019073486
YER122C,YER063W,0,0.23828828,0.1303005963563919,0.9710000157356262,0.6481000185012817
YLR089C,YCL050C,0,0.23654199,0.13028310239315033,0.9710000157356262,0.6481999754905701
YDR265W,YKL045W,0,0.2363584,0.13026562333106995,0.9710000157356262,0.6482999920845032
YLR336C,YPR102C,0,0.23611689,0.13024815917015076,0.9710000157356262,0.6484000086784363
YPR165W,YGR224W,0,0.23607278,0.13023068010807037,0.9710000157356262,0.6485000252723694
YMR243C,YER169W,0,0.23540723,0.13021321594715118,0.9710000157356262,0.6485999822616577
YNL088W,YFR038W,1,0.23512673,0.13032984733581543,0.972000002861023,0.6485999822616577
YDL110C,YNL049C,0,0.23471129,0.13031236827373505,0.972000002861023,0.6486999988555908
YIL005W,YDL231C,0,0.23337758,0.13029490411281586,0.972000002861023,0.6488000154495239
YHR204W,YHR147C,0,0.23315632,0.13027743995189667,0.972000002861023,0.6488999724388123
YPR173C,YJL177W,0,0.23287666,0.13025999069213867,0.972000002861023,0.6489999890327454
YFR051C,YKR092C,0,0.23132372,0.13024252653121948,0.972000002861023,0.6491000056266785
YBL093C,YDR139C,0,0.23131442,0.1302250772714615,0.972000002861023,0.6492000222206116
YPR183W,YER048W-A,0,0.23025703,0.13020764291286469,0.972000002861023,0.6492999792098999
YHR183W,YAL008W,0,0.22803068,0.1301901936531067,0.972000002861023,0.649399995803833
YPR156C,YHR160C,0,0.22785902,0.1301727592945099,0.972000002861023,0.6495000123977661
YPL249C,YOR119C,0,0.22770703,0.13015532493591309,0.972000002861023,0.6496000289916992
YGR211W,YOR391C,0,0.22729063,0.13013790547847748,0.972000002861023,0.6496999859809875
YMR002W,YDR143C,0,0.22728443,0.13012048602104187,0.972000002861023,0.6498000025749207
YLR298C,YKL029C,0,0.22717142,0.13010306656360626,0.972000002861023,0.6499000191688538
YOL140W,YER129W,0,0.22630095,0.13008564710617065,0.972000002861023,0.6499999761581421
YBR251W,YDL130W-A,0,0.22599638,0.13006824254989624,0.972000002861023,0.6500999927520752
YGR033C,YNL091W,0,0.2253704,0.13005083799362183,0.972000002861023,0.6502000093460083
YDL149W,YHR190W,0,0.22534013,0.1300334483385086,0.972000002861023,0.6503000259399414
YNL041C,YNL049C,0,0.2250309,0.13001605868339539,0.972000002861023,0.6503999829292297
YBR085W,YDL091C,0,0.22387457,0.12999866902828217,0.972000002861023,0.6504999995231628
YPL242C,YDL160C,0,0.22135222,0.12998127937316895,0.972000002861023,0.650600016117096
YHR176W,YOR242C,0,0.22131586,0.12996390461921692,0.972000002861023,0.6506999731063843
YLR405W,YOR264W,0,0.22112274,0.1299465298652649,0.972000002861023,0.6507999897003174
YPR188C,YKR088C,0,0.22084415,0.12992915511131287,0.972000002861023,0.6509000062942505
YGL137W,YEL071W,0,0.22051847,0.12991179525852203,0.972000002861023,0.6510000228881836
YKL143W,YKR030W,0,0.2200898,0.12989442050457,0.972000002861023,0.6510999798774719
YLR466W,YPL283C,1,0.21930647,0.1300106942653656,0.9729999899864197,0.6510999798774719
YHR186C,YIL114C,0,0.21924448,0.12999331951141357,0.9729999899864197,0.651199996471405
YBR293W,YKR034W,0,0.21882176,0.12997595965862274,0.9729999899864197,0.6513000130653381
YLR214W,YDR261C,0,0.21835613,0.1299585998058319,0.9729999899864197,0.6514000296592712
YDL207W,YHR019C,0,0.21706605,0.12994123995304108,0.9729999899864197,0.6514999866485596
YER167W,YLL005C,0,0.21680927,0.12992389500141144,0.9729999899864197,0.6516000032424927
YNL166C,YJL035C,0,0.21676838,0.1299065351486206,0.9729999899864197,0.6517000198364258
YDL132W,YBR041W,0,0.21562862,0.12988920509815216,0.9729999899864197,0.6517999768257141
YGL130W,YDR075W,0,0.2154603,0.12987186014652252,0.9729999899864197,0.6518999934196472
YCR037C,YNL321W,0,0.21351063,0.12985453009605408,0.9729999899864197,0.6520000100135803
YPR025C,YKL087C,0,0.21233022,0.12983720004558563,0.9729999899864197,0.6521000266075134
YER172C,YBR181C,0,0.21221197,0.12981988489627838,0.9729999899864197,0.6521999835968018
YNL212W,YKL184W,0,0.21201122,0.12980255484580994,0.9729999899864197,0.6523000001907349
YOR270C,YGL201C,0,0.21120977,0.12978525459766388,0.9729999899864197,0.652400016784668
YGL119W,YHR143W-A,0,0.2083292,0.12976793944835663,0.9729999899864197,0.6524999737739563
YOL061W,YPR082C,0,0.2082541,0.12975063920021057,0.9729999899864197,0.6525999903678894
YOR132W,YKL034W,0,0.20796347,0.12973333895206451,0.9729999899864197,0.6527000069618225
YAR019C,YDR128W,0,0.20775425,0.12971603870391846,0.9729999899864197,0.6528000235557556
YOR189W,YIL056W,0,0.20768392,0.1296987533569336,0.9729999899864197,0.652899980545044
YGL195W,YNL012W,0,0.20746326,0.12968146800994873,0.9729999899864197,0.652999997138977
YKR100C,YOR178C,0,0.20702171,0.12966418266296387,0.9729999899864197,0.6531000137329102
YER099C,YIL023C,0,0.206828,0.129646897315979,0.9729999899864197,0.6531999707221985
YGR223C,YOR329C,0,0.20679975,0.12962962687015533,0.9729999899864197,0.6532999873161316
YPL230W,YOL116W,0,0.20644355,0.12961235642433167,0.9729999899864197,0.6534000039100647
YDR143C,YDL085W,0,0.20614076,0.1295951008796692,0.9729999899864197,0.6535000205039978
YNL099C,YML101C,0,0.20584393,0.1295778453350067,0.9729999899864197,0.6535999774932861
YLR069C,YJL003W,0,0.20374823,0.12956058979034424,0.9729999899864197,0.6536999940872192
YOR181W,YLR056W,0,0.20340955,0.12954333424568176,0.9729999899864197,0.6538000106811523
YCL016C,YDR086C,0,0.20321417,0.12952609360218048,0.9729999899864197,0.6539000272750854
YOR231W,YNR008W,0,0.20269656,0.1295088529586792,0.9729999899864197,0.6539999842643738
YDR031W,YEL003W,0,0.2024672,0.12949161231517792,0.9729999899864197,0.6541000008583069
YGL045W,YKL129C,0,0.20200276,0.12947438657283783,0.9729999899864197,0.65420001745224
YFR015C,YLR453C,0,0.20011044,0.12945716083049774,0.9729999899864197,0.6542999744415283
YLR078C,YBR021W,0,0.19957042,0.12943993508815765,0.9729999899864197,0.6543999910354614
YHR139C,YBL055C,0,0.19902277,0.12942272424697876,0.9729999899864197,0.6545000076293945
YOL011W,YML074C,0,0.19705689,0.12940551340579987,0.9729999899864197,0.6546000242233276
YLR200W,YOL139C,0,0.19689775,0.12938830256462097,0.9729999899864197,0.654699981212616
YGL246C,YKL211C,0,0.19503522,0.12937109172344208,0.9729999899864197,0.6547999978065491
YER012W,YMR216C,0,0.19493127,0.12935389578342438,0.9729999899864197,0.6549000144004822
YCL016C,YPL215W,0,0.19481838,0.12933669984340668,0.9729999899864197,0.6549999713897705
YLR134W,YGL232W,0,0.19435048,0.12931950390338898,0.9729999899864197,0.6550999879837036
YKL127W,YOR158W,0,0.19326854,0.12930232286453247,0.9729999899864197,0.6552000045776367
YLL013C,YOR125C,0,0.1929177,0.12928514182567596,0.9729999899864197,0.6553000211715698
YPL206C,YNL222W,0,0.1928606,0.12926797568798065,0.9729999899864197,0.6553999781608582
YBR035C,YPR098C,0,0.19279182,0.12925079464912415,0.9729999899864197,0.6554999947547913
YIL091C,YNL154C,0,0.19201076,0.12923362851142883,0.9729999899864197,0.6556000113487244
YJR139C,YMR030W,0,0.19103599,0.12921646237373352,0.9729999899864197,0.6557000279426575
YAL015C,YEL026W,0,0.19047952,0.1291993111371994,0.9729999899864197,0.6557999849319458
YEL027W,YKL212W,0,0.19005132,0.12918215990066528,0.9729999899864197,0.6559000015258789
YJL010C,YDR147W,0,0.18969154,0.12916500866413116,0.9729999899864197,0.656000018119812
YGL195W,YIL053W,0,0.18849981,0.12914785742759705,0.9729999899864197,0.6560999751091003
YGR148C,YGL229C,0,0.1882801,0.12913072109222412,0.9729999899864197,0.6561999917030334
YML070W,YLR027C,0,0.18711567,0.1291135847568512,0.9729999899864197,0.6563000082969666
YPR082C,YOR295W,0,0.18676281,0.12909646332263947,0.9729999899864197,0.6564000248908997
YNL248C,YDR200C,0,0.18647659,0.12907932698726654,0.9729999899864197,0.656499981880188
YNL206C,YJL076W,0,0.18618202,0.1290622055530548,0.9729999899864197,0.6565999984741211
YBR199W,YLR210W,0,0.18610024,0.12904509902000427,0.9729999899864197,0.6567000150680542
YIL014W,YER058W,0,0.18604028,0.12902797758579254,0.9729999899864197,0.6567999720573425
YPL226W,YKR079C,0,0.18600416,0.129010871052742,0.9729999899864197,0.6568999886512756
YGR148C,YIL073C,0,0.18600011,0.12899376451969147,0.9729999899864197,0.6570000052452087
YCR048W,YDL112W,0,0.18563366,0.12897667288780212,0.9729999899864197,0.6571000218391418
YLR138W,YDL103C,0,0.18451798,0.12895958125591278,0.9729999899864197,0.6571999788284302
YNL039W,YDL110C,0,0.18395066,0.12894248962402344,0.9729999899864197,0.6572999954223633
YBR023C,YOR369C,0,0.18258989,0.1289253979921341,0.9729999899864197,0.6574000120162964
YNL280C,YJL057C,0,0.18204689,0.12890832126140594,0.9729999899864197,0.6575000286102295
YHR169W,YOR174W,0,0.18158531,0.1288912445306778,0.9729999899864197,0.6575999855995178
YMR113W,YNL322C,0,0.18145287,0.12887416779994965,0.9729999899864197,0.6577000021934509
YIL036W,YGL134W,0,0.18110895,0.1288571059703827,0.9729999899864197,0.657800018787384
YCR023C,YKL058W,0,0.17996979,0.12884004414081573,0.9729999899864197,0.6578999757766724
YDR503C,YNR030W,0,0.17988682,0.12882298231124878,0.9729999899864197,0.6579999923706055
YBR091C,YCL067C,0,0.17955792,0.12880593538284302,0.9729999899864197,0.6581000089645386
YPR169W,YDR093W,0,0.17854142,0.12878888845443726,0.9729999899864197,0.6582000255584717
YOL146W,YBR034C,0,0.17842484,0.1287718415260315,0.9729999899864197,0.65829998254776
YDR302W,YMR158W,0,0.17719269,0.12875479459762573,0.9729999899864197,0.6583999991416931
YDR488C,YGL023C,0,0.17675757,0.12873776257038116,0.9729999899864197,0.6585000157356262
YBR240C,YBL099W,0,0.17615831,0.1287207305431366,0.9729999899864197,0.6585999727249146
YDR121W,YGL198W,0,0.17536294,0.12870369851589203,0.9729999899864197,0.6586999893188477
YHR072W,YIL127C,0,0.17504501,0.12868668138980865,0.9729999899864197,0.6588000059127808
YBR153W,YBL088C,0,0.17481685,0.12866966426372528,0.9729999899864197,0.6589000225067139
YPR041W,YBR289W,0,0.17456388,0.1286526471376419,0.9729999899864197,0.6589999794960022
YER149C,YLR096W,0,0.17437541,0.12863564491271973,0.9729999899864197,0.6590999960899353
YBR103W,YBL017C,0,0.17415154,0.12861864268779755,0.9729999899864197,0.6592000126838684
YOR354C,YOL068C,1,0.17352462,0.1287338137626648,0.9739999771118164,0.6592000126838684
YGL100W,YOR081C,0,0.17295814,0.12871679663658142,0.9739999771118164,0.6593000292778015
YKR098C,YOR181W,0,0.17261553,0.12869979441165924,0.9739999771118164,0.6593999862670898
YNL286W,YOR380W,0,0.17231107,0.12868279218673706,0.9739999771118164,0.659500002861023
YMR318C,YAL014C,0,0.17160392,0.12866578996181488,0.9739999771118164,0.659600019454956
YDL106C,YLR355C,0,0.17148376,0.1286487877368927,0.9739999771118164,0.6596999764442444
YBR060C,YFL008W,0,0.17130947,0.1286318004131317,0.9739999771118164,0.6597999930381775
YOL072W,YJL090C,1,0.16999114,0.1287468671798706,0.9750000238418579,0.6597999930381775
YHR188C,YOR284W,0,0.16966021,0.12872986495494843,0.9750000238418579,0.6599000096321106
YNL287W,YLR449W,0,0.16955519,0.12871287763118744,0.9750000238418579,0.6600000262260437
YPL204W,YIL062C,0,0.16869116,0.12869587540626526,0.9750000238418579,0.660099983215332
YOL011W,YBL007C,0,0.16848719,0.12867890298366547,0.9750000238418579,0.6601999998092651
YMR116C,YDR198C,0,0.16834855,0.12866191565990448,0.9750000238418579,0.6603000164031982
YNL051W,YLR246W,0,0.16814041,0.1286449432373047,0.9750000238418579,0.6603999733924866
YNR059W,YBL016W,0,0.1672287,0.1286279708147049,0.9750000238418579,0.6604999899864197
YKR048C,YDR341C,0,0.16696203,0.1286109983921051,0.9750000238418579,0.6606000065803528
YDL134C,YDL099W,0,0.16628134,0.1285940408706665,0.9750000238418579,0.6607000231742859
YNL225C,YLR196W,0,0.16602182,0.1285770833492279,0.9750000238418579,0.6607999801635742
YMR256C,YNL227C,0,0.1658808,0.1285601258277893,0.9750000238418579,0.6608999967575073
YHR197W,YDL010W,0,0.1656183,0.1285431832075119,0.9750000238418579,0.6610000133514404
YML094W,YGR166W,0,0.16416061,0.1285262256860733,0.9750000238418579,0.6610999703407288
YOR224C,YML029W,0,0.16353953,0.1285092979669571,0.9750000238418579,0.6611999869346619
YDR382W,YGR058W,0,0.1635058,0.1284923553466797,0.9750000238418579,0.661300003528595
YOR270C,YHR191C,0,0.16275454,0.12847542762756348,0.9750000238418579,0.6614000201225281
YOR034C,YHR187W,0,0.1621995,0.12845849990844727,0.9750000238418579,0.6614999771118164
YDR028C,YKL156W,0,0.16176534,0.12844157218933105,0.9750000238418579,0.6615999937057495
YDR054C,YOR259C,0,0.16136467,0.12842465937137604,0.9750000238418579,0.6617000102996826
YOL008W,YGR014W,0,0.16122258,0.12840774655342102,0.9750000238418579,0.6618000268936157
YBR121C,YFL047W,0,0.16056037,0.128390833735466,0.9750000238418579,0.661899983882904
YJL210W,YLR134W,0,0.15999424,0.12837393581867218,0.9750000238418579,0.6620000004768372
YJR058C,YLR120C,0,0.1594032,0.12835702300071716,0.9750000238418579,0.6621000170707703
YHR106W,YBR229C,0,0.15857673,0.12834013998508453,0.9750000238418579,0.6621999740600586
YDR206W,YOL041C,0,0.1581614,0.1283232420682907,0.9750000238418579,0.6622999906539917
YDR213W,YDR424C,0,0.1576376,0.12830635905265808,0.9750000238418579,0.6624000072479248
YJL208C,YLR418C,1,0.15637636,0.12842105329036713,0.9760000109672546,0.6624000072479248
YDR121W,YJR047C,0,0.1562587,0.1284041553735733,0.9760000109672546,0.6625000238418579
YPL075W,YFL005W,0,0.15534985,0.12838727235794067,0.9760000109672546,0.6625999808311462
YER061C,YGR262C,0,0.15510535,0.12837037444114685,0.9760000109672546,0.6626999974250793
YKL039W,YOR066W,0,0.15448642,0.12835349142551422,0.9760000109672546,0.6628000140190125
YGL107C,YHR191C,0,0.15405726,0.12833662331104279,0.9760000109672546,0.6628999710083008
YOR091W,YOL032W,0,0.15383768,0.12831974029541016,0.9760000109672546,0.6629999876022339
YNL077W,YJL042W,0,0.15364957,0.12830287218093872,0.9760000109672546,0.663100004196167
YHR027C,YGR063C,0,0.15344608,0.12828601896762848,0.9760000109672546,0.6632000207901001
YLR337C,YKL163W,0,0.15294576,0.12826915085315704,0.9760000109672546,0.6632999777793884
YMR012W,YNL038W,0,0.1523354,0.1282522976398468,0.9760000109672546,0.6633999943733215
YIL150C,YOL020W,0,0.15158582,0.12823544442653656,0.9760000109672546,0.6635000109672546
YJL080C,YGL240W,0,0.15111065,0.1282186061143875,0.9760000109672546,0.6636000275611877
YLR315W,YKL110C,0,0.15071154,0.12820175290107727,0.9760000109672546,0.6636999845504761
YER073W,YHR001W,0,0.15061784,0.12818492949008942,0.9760000109672546,0.6638000011444092
YNL071W,YPR122W,0,0.15056205,0.12816809117794037,0.9760000109672546,0.6639000177383423
YFR047C,YOL001W,0,0.1501087,0.12815126776695251,0.9760000109672546,0.6639999747276306
YBL066C,YPL207W,0,0.14972496,0.12813442945480347,0.9760000109672546,0.6640999913215637
YFR007W,YGR181W,0,0.14910364,0.1281176209449768,0.9760000109672546,0.6642000079154968
YDR105C,YIL049W,0,0.14889657,0.12810079753398895,0.9760000109672546,0.6643000245094299
YHL032C,YIL131C,0,0.14881516,0.1280839890241623,0.9760000109672546,0.6643999814987183
YPL020C,YOR359W,0,0.14876103,0.12806718051433563,0.9760000109672546,0.6644999980926514
YDR324C,YGR218W,0,0.14863753,0.12805038690567017,0.9760000109672546,0.6646000146865845
YIL122W,YNL209W,0,0.14823425,0.1280335783958435,0.9760000109672546,0.6646999716758728
YDR243C,YHR146W,0,0.14739847,0.12801678478717804,0.9760000109672546,0.6647999882698059
YPL224C,YAL044C,0,0.14704168,0.12800000607967377,0.9760000109672546,0.664900004863739
YER045C,YKR060W,0,0.14698827,0.1279832124710083,0.9760000109672546,0.6650000214576721
YPL224C,YIL137C,0,0.14620745,0.12796643376350403,0.9760000109672546,0.6650999784469604
YIL145C,YHR102W,0,0.14611745,0.12794965505599976,0.9760000109672546,0.6651999950408936
YHR110W,YJL115W,0,0.14551604,0.12793289124965668,0.9760000109672546,0.6653000116348267
YDR291W,YNR052C,0,0.14550662,0.1279161274433136,0.9760000109672546,0.6654000282287598
YBR016W,YIL010W,0,0.14475155,0.12789936363697052,0.9760000109672546,0.6654999852180481
YDR165W,YOR196C,0,0.1445651,0.12788259983062744,0.9760000109672546,0.6656000018119812
YGL126W,YGR058W,0,0.14398313,0.12786585092544556,0.9760000109672546,0.6657000184059143
YHR188C,YPR156C,0,0.14193225,0.12784910202026367,0.9760000109672546,0.6657999753952026
YLR167W,YIL009C-A,0,0.14088345,0.1278323531150818,0.9760000109672546,0.6658999919891357
YDR480W,YHR147C,0,0.14011812,0.1278156042098999,0.9760000109672546,0.6660000085830688
YLR332W,YOR174W,0,0.13947916,0.1277988702058792,0.9760000109672546,0.666100025177002
YGL097W,YLR006C,0,0.13920653,0.12778213620185852,0.9760000109672546,0.6661999821662903
YJR058C,YML026C,0,0.13733041,0.12776541709899902,0.9760000109672546,0.6662999987602234
YIL031W,YPR106W,0,0.13636994,0.12774869799613953,0.9760000109672546,0.6664000153541565
YKR067W,YDR479C,0,0.13608813,0.12773197889328003,0.9760000109672546,0.6664999723434448
YDR040C,YOR122C,0,0.13562715,0.12771525979042053,0.9760000109672546,0.6665999889373779
YER170W,YOR087W,0,0.13551497,0.12769854068756104,0.9760000109672546,0.666700005531311
YNL241C,YGL003C,0,0.13410985,0.12768183648586273,0.9760000109672546,0.6668000221252441
YHR062C,YOL002C,0,0.13398111,0.12766514718532562,0.9760000109672546,0.6668999791145325
YJR105W,YGL011C,0,0.13370872,0.12764844298362732,0.9760000109672546,0.6669999957084656
YJR105W,YKL079W,0,0.13368034,0.1276317536830902,0.9760000109672546,0.6671000123023987
YGL205W,YBR035C,0,0.13255775,0.1276150643825531,0.9760000109672546,0.6672000288963318
YDR322C-A,YOL088C,0,0.13252616,0.127598375082016,0.9760000109672546,0.6672999858856201
YGL137W,YLR193C,0,0.132496,0.12758170068264008,0.9760000109672546,0.6674000024795532
YIL105C,YLR323C,0,0.1319784,0.12756502628326416,0.9760000109672546,0.6675000190734863
YER003C,YNL242W,0,0.13182592,0.12754835188388824,0.9760000109672546,0.6675999760627747
YPR019W,YNL038W,0,0.13080275,0.12753169238567352,0.9760000109672546,0.6676999926567078
YDR314C,YJL165C,0,0.12891364,0.1275150179862976,0.9760000109672546,0.6678000092506409
YGL144C,YPL226W,0,0.12866378,0.12749837338924408,0.9760000109672546,0.667900025844574
YPL024W,YGL157W,0,0.12842798,0.12748171389102936,0.9760000109672546,0.6679999828338623
YPR018W,YKR099W,1,0.12769508,0.1275956630706787,0.9769999980926514,0.6679999828338623
YBL003C,YBR159W,0,0.12733638,0.127579003572464,0.9769999980926514,0.6680999994277954
YKR030W,YJL057C,0,0.12580097,0.12756234407424927,0.9769999980926514,0.6682000160217285
YGL020C,YML116W,0,0.125777,0.12754568457603455,0.9769999980926514,0.6682999730110168
YLL009C,YGL145W,0,0.12562335,0.12752903997898102,0.9769999980926514,0.66839998960495
YPL228W,YDR397C,0,0.12489474,0.1275123953819275,0.9769999980926514,0.6685000061988831
YLR220W,YAL014C,0,0.124105215,0.12749576568603516,0.9769999980926514,0.6686000227928162
YBR097W,YOR092W,0,0.12405884,0.12747912108898163,0.9769999980926514,0.6686999797821045
YDR354W,YDR311W,0,0.12371385,0.1274624913930893,0.9769999980926514,0.6687999963760376
YDR002W,YOR341W,0,0.123270035,0.12744586169719696,0.9769999980926514,0.6689000129699707
YLR008C,YLR110C,0,0.12235057,0.12742924690246582,0.9769999980926514,0.6690000295639038
YGL253W,YJR044C,0,0.12198615,0.1274126172065735,0.9769999980926514,0.6690999865531921
YGL029W,YER018C,0,0.120797396,0.12739601731300354,0.9769999980926514,0.6692000031471252
YKL028W,YDR270W,0,0.1188941,0.1273794025182724,0.9769999980926514,0.6693000197410583
YFR037C,YLR002C,0,0.118857145,0.12736278772354126,0.9769999980926514,0.6693999767303467
YIL126W,YKL198C,0,0.11865902,0.1273461878299713,0.9769999980926514,0.6694999933242798
YKL183W,YGR204W,0,0.117707014,0.12732960283756256,0.9769999980926514,0.6696000099182129
YDR040C,YGL020C,0,0.117512226,0.12731300294399261,0.9769999980926514,0.669700026512146
YDR303C,YHR147C,0,0.116672754,0.12729641795158386,0.9769999980926514,0.6697999835014343
YCL051W,YML055W,0,0.11632669,0.1272798329591751,0.9769999980926514,0.6699000000953674
YDR219C,YGL136C,0,0.1161145,0.12726324796676636,0.9769999980926514,0.6700000166893005
YDR279W,YIL010W,0,0.11531508,0.1272466778755188,0.9769999980926514,0.6700999736785889
YGR068C,YIL118W,0,0.115249395,0.12723010778427124,0.9769999980926514,0.670199990272522
YDR456W,YMR302C,0,0.11386371,0.12721353769302368,0.9769999980926514,0.6703000068664551
YJR009C,YMR257C,0,0.11364436,0.12719698250293732,0.9769999980926514,0.6704000234603882
YBR033W,YBR092C,0,0.113440275,0.12718042731285095,0.9769999980926514,0.6704999804496765
YGL032C,YOL033W,0,0.112805605,0.1271638721227646,0.9769999980926514,0.6705999970436096
YCR033W,YJR153W,0,0.11240792,0.12714731693267822,0.9769999980926514,0.6707000136375427
YNR027W,YBR130C,0,0.1120137,0.12713077664375305,0.9769999980926514,0.670799970626831
YDR456W,YDR421W,0,0.11124444,0.12711423635482788,0.9769999980926514,0.6708999872207642
YLR095C,YIR006C,0,0.110842586,0.1270976960659027,0.9769999980926514,0.6710000038146973
YDL160C,YJL207C,0,0.11081302,0.12708117067813873,0.9769999980926514,0.6711000204086304
YBL066C,YMR277W,0,0.1107502,0.12706463038921356,0.9769999980926514,0.6711999773979187
YBR295W,YIL167W,0,0.11043358,0.12704811990261078,0.9769999980926514,0.6712999939918518
YKL029C,YKR088C,0,0.110127926,0.1270315945148468,0.9769999980926514,0.6714000105857849
YGR218W,YBL061C,0,0.10934353,0.12701508402824402,0.9769999980926514,0.671500027179718
YOL122C,YIL056W,0,0.10785341,0.12699857354164124,0.9769999980926514,0.6715999841690063
YER045C,YHR092C,0,0.10783291,0.12698206305503845,0.9769999980926514,0.6717000007629395
YNL207W,YNL264C,0,0.10700798,0.12696556746959686,0.9769999980926514,0.6718000173568726
YJL145W,YDR139C,0,0.10651255,0.12694907188415527,0.9769999980926514,0.6718999743461609
YGR178C,YDR119W,0,0.10584891,0.12693257629871368,0.9769999980926514,0.671999990940094
YGR060W,YJR014W,0,0.1057291,0.1269160807132721,0.9769999980926514,0.6721000075340271
YHR158C,YGR220C,0,0.10530865,0.1268996000289917,0.9769999980926514,0.6722000241279602
YHR116W,YPR134W,0,0.104569316,0.1268831193447113,0.9769999980926514,0.6722999811172485
YIL136W,YNL327W,0,0.10372162,0.1268666386604309,0.9769999980926514,0.6723999977111816
YNL001W,YDR097C,0,0.103607774,0.1268501728773117,0.9769999980926514,0.6725000143051147
YGL126W,YBR161W,0,0.103348255,0.1268337070941925,0.9769999980926514,0.6725999712944031
YDR036C,YPL174C,0,0.101965666,0.1268172413110733,0.9769999980926514,0.6726999878883362
YCR016W,YHR104W,0,0.10174334,0.1268007755279541,0.9769999980926514,0.6728000044822693
YNL263C,YER164W,0,0.0998677,0.1267843246459961,0.9769999980926514,0.6729000210762024
YLR014C,YLR319C,0,0.099844456,0.12676787376403809,0.9769999980926514,0.6729999780654907
YBR097W,YOR007C,0,0.09956384,0.12675142288208008,0.9769999980926514,0.6730999946594238
YGR254W,YER070W,0,0.09930599,0.12673498690128326,0.9769999980926514,0.6732000112533569
YGR184C,YOL094C,0,0.09874272,0.12671855092048645,0.9769999980926514,0.67330002784729
YGR082W,YMR071C,0,0.0985198,0.12670211493968964,0.9769999980926514,0.6733999848365784
YGR132C,YBR213W,0,0.09804654,0.12668567895889282,0.9769999980926514,0.6735000014305115
YML072C,YDR343C,0,0.09780049,0.1266692578792572,0.9769999980926514,0.6736000180244446
YKR099W,YHR081W,1,0.096977234,0.12678247690200806,0.9779999852180481,0.6736000180244446
YLR432W,YLR238W,0,0.0968914,0.12676604092121124,0.9779999852180481,0.6736999750137329
YMR006C,YER176W,0,0.09647524,0.12674960494041443,0.9779999852180481,0.673799991607666
YNL169C,YML001W,0,0.09541118,0.1267331838607788,0.9779999852180481,0.6739000082015991
YCL054W,YLL024C,0,0.09503448,0.1267167627811432,0.9779999852180481,0.6740000247955322
YNL300W,YDL240W,0,0.093796015,0.12670035660266876,0.9779999852180481,0.6740999817848206
YLR459W,YLR144C,0,0.09377062,0.12668393552303314,0.9779999852180481,0.6741999983787537
YDR297W,YOL069W,0,0.092460155,0.12666752934455872,0.9779999852180481,0.6743000149726868
YMR125W,YNL264C,0,0.092440605,0.1266511231660843,0.9779999852180481,0.6743999719619751
YGL045W,YKL034W,0,0.09199667,0.12663473188877106,0.9779999852180481,0.6744999885559082
YCL011C,YDR169C,0,0.09088004,0.12661832571029663,0.9779999852180481,0.6746000051498413
YHR133C,YDR484W,0,0.090564966,0.1266019344329834,0.9779999852180481,0.6747000217437744
YIL043C,YCR068W,0,0.08890021,0.12658555805683136,0.9779999852180481,0.6747999787330627
YBR179C,YLR089C,0,0.08888197,0.12656916677951813,0.9779999852180481,0.6748999953269958
YAL053W,YJR017C,0,0.08807027,0.1265527904033661,0.9779999852180481,0.675000011920929
YJR093C,YMR009W,0,0.08801699,0.12653641402721405,0.9779999852180481,0.6751000285148621
YDL102W,YNL007C,0,0.0865798,0.1265200525522232,0.9779999852180481,0.6751999855041504
YCR053W,YHL025W,0,0.08654463,0.12650369107723236,0.9779999852180481,0.6753000020980835
YBR237W,YBL099W,0,0.085787416,0.12648732960224152,0.9779999852180481,0.6754000186920166
YDL139C,YOR233W,0,0.08560693,0.12647096812725067,0.9779999852180481,0.6754999756813049
YGL195W,YGL141W,0,0.0852747,0.12645462155342102,0.9779999852180481,0.675599992275238
YBR082C,YNL177C,0,0.08526838,0.12643827497959137,0.9779999852180481,0.6757000088691711
YJR108W,YGR162W,0,0.08433616,0.12642192840576172,0.9779999852180481,0.6758000254631042
YCL067C,YNL003C,0,0.084064245,0.12640558183193207,0.9779999852180481,0.6758999824523926
YHR205W,YGR191W,0,0.08398843,0.1263892501592636,0.9779999852180481,0.6759999990463257
YLR071C,YML092C,0,0.08305526,0.12637291848659515,0.9779999852180481,0.6761000156402588
YOL072W,YBR279W,1,0.081107974,0.12648579478263855,0.9789999723434448,0.6761000156402588
YGR286C,YMR048W,0,0.080042124,0.1264694482088089,0.9789999723434448,0.6761999726295471
YPL195W,YIL023C,0,0.07879579,0.12645311653614044,0.9789999723434448,0.6762999892234802
YIL111W,YPL173W,0,0.07779956,0.12643678486347198,0.9789999723434448,0.6764000058174133
YOR254C,YNR054C,0,0.0767473,0.12642045319080353,0.9789999723434448,0.6765000224113464
YGR156W,YML069W,0,0.075973034,0.12640413641929626,0.9789999723434448,0.6765999794006348
YGL022W,YJL121C,0,0.07592106,0.126387819647789,0.9789999723434448,0.6766999959945679
YOR254C,YDR477W,0,0.07522404,0.12637150287628174,0.9789999723434448,0.676800012588501
YOL020W,YBR107C,0,0.0745877,0.12635518610477448,0.9789999723434448,0.6769000291824341
YKL113C,YLR418C,1,0.07447302,0.12646792829036713,0.9800000190734863,0.6769000291824341
YPR082C,YHR207C,0,0.07417071,0.12645161151885986,0.9800000190734863,0.6769999861717224
YOL041C,YIL090W,0,0.074023366,0.1264352947473526,0.9800000190734863,0.6771000027656555
YMR261C,YEL032W,0,0.07374716,0.12641899287700653,0.9800000190734863,0.6772000193595886
YCL051W,YKR038C,0,0.07339573,0.12640267610549927,0.9800000190734863,0.677299976348877
YPL271W,YGR062C,0,0.07273722,0.1263863742351532,0.9800000190734863,0.6773999929428101
YEL003W,YGR289C,0,0.07167959,0.12637008726596832,0.9800000190734863,0.6775000095367432
YLR226W,YOR264W,0,0.071520686,0.12635378539562225,0.9800000190734863,0.6776000261306763
YLR096W,YGR224W,0,0.071032286,0.12633749842643738,0.9800000190734863,0.6776999831199646
YBR297W,YCL054W,0,0.06910658,0.1263212114572525,0.9800000190734863,0.6777999997138977
YCR079W,YBL054W,0,0.06903529,0.12630493938922882,0.9800000190734863,0.6779000163078308
YCR036W,YBR043C,0,0.06878078,0.12628865242004395,0.9800000190734863,0.6779999732971191
YPR122W,YOL094C,0,0.067866325,0.12627238035202026,0.9800000190734863,0.6780999898910522
YHR018C,YBR265W,0,0.06705332,0.12625612318515778,0.9800000190734863,0.6782000064849854
YNL051W,YKL048C,0,0.06552124,0.1262398511171341,0.9800000190734863,0.6783000230789185
YCL010C,YJR104C,0,0.0648433,0.1262235939502716,0.9800000190734863,0.6783999800682068
YGR261C,YBR154C,0,0.064425826,0.12620733678340912,0.9800000190734863,0.6784999966621399
YLR266C,YCR072C,0,0.063447,0.12619109451770782,0.9800000190734863,0.678600013256073
YHR133C,YOR049C,0,0.062937856,0.12617483735084534,0.9800000190734863,0.6786999702453613
YGR023W,YGR157W,0,0.062527895,0.12615859508514404,0.9800000190734863,0.6787999868392944
YBR021W,YEL034W,0,0.062078834,0.12614236772060394,0.9800000190734863,0.6789000034332275
YGR097W,YOL152W,0,0.060923696,0.12612612545490265,0.9800000190734863,0.6790000200271606
YLR119W,YDR486C,0,0.060588717,0.12610989809036255,0.9800000190734863,0.679099977016449
YBR193C,YOL088C,0,0.05681777,0.12609367072582245,0.9800000190734863,0.6791999936103821
YDR292C,YBR084W,0,0.056068182,0.12607744336128235,0.9800000190734863,0.6793000102043152
YJR093C,YDR169C,0,0.05606699,0.12606123089790344,0.9800000190734863,0.6794000267982483
YOL001W,YOR094W,0,0.055436373,0.12604501843452454,0.9800000190734863,0.6794999837875366
YGR033C,YGR249W,0,0.055263042,0.12602880597114563,0.9800000190734863,0.6796000003814697
YDR441C,YJL054W,0,0.05473566,0.12601260840892792,0.9800000190734863,0.6797000169754028
YPR067W,YLR034C,0,0.054450035,0.125996395945549,0.9800000190734863,0.6797999739646912
YCR033W,YIL049W,0,0.053830862,0.1259801983833313,0.9800000190734863,0.6798999905586243
YDR447C,YDL103C,0,0.053472996,0.12596401572227478,0.9800000190734863,0.6800000071525574
YDR255C,YGL196W,0,0.053252578,0.12594781816005707,0.9800000190734863,0.6801000237464905
YDR037W,YDR495C,0,0.052355528,0.12593163549900055,0.9800000190734863,0.6801999807357788
YOR028C,YHR024C,0,0.051868558,0.12591545283794403,0.9800000190734863,0.6802999973297119
YNL048W,YPL030W,0,0.049493432,0.1258992850780487,0.9800000190734863,0.680400013923645
YLR155C,YBL020W,0,0.04944849,0.1258831024169922,0.9800000190734863,0.6804999709129333
YER093C,YJL050W,0,0.04886818,0.12586693465709686,0.9800000190734863,0.6805999875068665
YGL133W,YNR037C,0,0.04808402,0.12585078179836273,0.9800000190734863,0.6807000041007996
YBL069W,YDL031W,0,0.04739237,0.1258346140384674,0.9800000190734863,0.6808000206947327
YOR028C,YLR364W,0,0.04721093,0.12581846117973328,0.9800000190734863,0.680899977684021
YFR053C,YLR345W,0,0.046631098,0.12580230832099915,0.9800000190734863,0.6809999942779541
YDR315C,YHR042W,0,0.046483397,0.1257861703634262,0.9800000190734863,0.6811000108718872
YJR110W,YPR140W,0,0.046139836,0.12577001750469208,0.9800000190734863,0.6812000274658203
YML054C,YNL029C,0,0.04604578,0.12575387954711914,0.9800000190734863,0.6812999844551086
YJR076C,YOR233W,0,0.04538107,0.1257377415895462,0.9800000190734863,0.6814000010490417
YMR199W,YKR052C,0,0.044142246,0.12572161853313446,0.9800000190734863,0.6815000176429749
YDR481C,YER042W,0,0.043454528,0.12570549547672272,0.9800000190734863,0.6815999746322632
YBR016W,YBR087W,0,0.042532206,0.12568937242031097,0.9800000190734863,0.6816999912261963
YGL139W,YAL062W,0,0.041147947,0.12567324936389923,0.9800000190734863,0.6818000078201294
YER081W,YMR236W,0,0.041037202,0.12565714120864868,0.9800000190734863,0.6819000244140625
YPR132W,YDL195W,0,0.04023564,0.12564103305339813,0.9800000190734863,0.6819999814033508
YPL133C,YDR450W,0,0.03973198,0.12562492489814758,0.9800000190734863,0.6820999979972839
YPL159C,YGL129C,0,0.03962159,0.12560881674289703,0.9800000190734863,0.682200014591217
YPL069C,YPR033C,0,0.038035154,0.12559272348880768,0.9800000190734863,0.6822999715805054
YBR046C,YPL262W,0,0.03796339,0.12557663023471832,0.9800000190734863,0.6823999881744385
YDR400W,YLR441C,0,0.037405252,0.12556053698062897,0.9800000190734863,0.6825000047683716
YMR116C,YAL021C,0,0.03613329,0.1255444586277008,0.9800000190734863,0.6826000213623047
YPL075W,YBR215W,0,0.036110878,0.12552836537361145,0.9800000190734863,0.682699978351593
YDR040C,YNR016C,0,0.03588605,0.12551230192184448,0.9800000190734863,0.6827999949455261
YDL149W,YJR090C,0,0.03538966,0.12549622356891632,0.9800000190734863,0.6829000115394592
YDL145C,YLR052W,0,0.034869313,0.12548016011714935,0.9800000190734863,0.6830000281333923
YIL122W,YDL207W,0,0.034564495,0.1254640817642212,0.9800000190734863,0.6830999851226807
YML055W,YGL137W,0,0.03409505,0.12544803321361542,0.9800000190734863,0.6832000017166138
YKL004W,YPR005C,0,0.03335619,0.12543196976184845,0.9800000190734863,0.6833000183105469
YGR086C,YGR215W,0,0.033302665,0.12541592121124268,0.9800000190734863,0.6833999752998352
YDR202C,YLR023C,0,0.032791853,0.1253998726606369,0.9800000190734863,0.6834999918937683
YMR298W,YJR065C,0,0.031362295,0.12538382411003113,0.9800000190734863,0.6836000084877014
YLR003C,YER019W,0,0.030893445,0.12536779046058655,0.9800000190734863,0.6837000250816345
YGL017W,YBR214W,0,0.030205011,0.12535175681114197,0.9800000190734863,0.6837999820709229
YOR033C,YML078W,0,0.029936433,0.1253357231616974,0.9800000190734863,0.683899998664856
YIR010W,YLR120C,0,0.029192328,0.1253196895122528,0.9800000190734863,0.6840000152587891
YDR085C,YDR011W,0,0.029044747,0.12530367076396942,0.9800000190734863,0.6840999722480774
YPL038W,YLR382C,0,0.02780807,0.12528765201568604,0.9800000190734863,0.6841999888420105
YHR098C,YPL178W,0,0.027074099,0.12527163326740265,0.9800000190734863,0.6843000054359436
YJL109C,YIL115C,0,0.027067184,0.12525562942028046,0.9800000190734863,0.6844000220298767
YDR462W,YDL178W,0,0.026832223,0.12523961067199707,0.9800000190734863,0.684499979019165
YHL004W,YJL127C,0,0.026330352,0.12522360682487488,0.9800000190734863,0.6845999956130981
YPL031C,YER044C,0,0.025933862,0.12520761787891388,0.9800000190734863,0.6847000122070312
YCR036W,YOL032W,0,0.02535808,0.1251916140317917,0.9800000190734863,0.6848000288009644
YDL174C,YNR052C,0,0.024507284,0.1251756250858307,0.9800000190734863,0.6848999857902527
YBR107C,YFR008W,0,0.0244143,0.1251596361398697,0.9800000190734863,0.6850000023841858
YLR011W,YIR021W,0,0.024333,0.12514366209506989,0.9800000190734863,0.6851000189781189
YOR039W,YOR130C,0,0.02418673,0.12512768805027008,0.9800000190734863,0.6851999759674072
YIL155C,YJR049C,0,0.022031188,0.12511171400547028,0.9800000190734863,0.6852999925613403
YMR161W,YPL175W,0,0.02173853,0.12509573996067047,0.9800000190734863,0.6854000091552734
YPR161C,YJL099W,0,0.020922184,0.12507976591587067,0.9800000190734863,0.6855000257492065
YDR237W,YBR273C,0,0.020861745,0.12506380677223206,0.9800000190734863,0.6855999827384949
YOR027W,YPR180W,0,0.01949656,0.12504784762859344,0.9800000190734863,0.685699999332428
YPR005C,YJR050W,0,0.019254208,0.12503188848495483,0.9800000190734863,0.6858000159263611
YLR466W,YML061C,1,0.018150568,0.12514351308345795,0.9810000061988831,0.6858000159263611
YPL249C-A,YAL010C,0,0.016831875,0.12512755393981934,0.9810000061988831,0.6858999729156494
YJR131W,YKR042W,0,0.015657187,0.12511159479618073,0.9810000061988831,0.6859999895095825
YIL031W,YOR259C,0,0.015455246,0.12509563565254211,0.9810000061988831,0.6861000061035156
YDL081C,YJL158C,0,0.014353514,0.1250796914100647,0.9810000061988831,0.6862000226974487
YPL008W,YPR037C,0,0.013999462,0.12506374716758728,0.9810000061988831,0.6862999796867371
YBL045C,YDL093W,0,0.013379574,0.12504780292510986,0.9810000061988831,0.6863999962806702
YLR017W,YKR022C,0,0.013018727,0.12503185868263245,0.9810000061988831,0.6865000128746033
YOR151C,YIL044C,0,0.012924433,0.12501592934131622,0.9810000061988831,0.6866000294685364
YBL057C,YIL069C,0,0.011882305,0.125,0.9810000061988831,0.6866999864578247
YMR121C,YOR125C,0,0.011470079,0.12498407810926437,0.9810000061988831,0.6868000030517578
YNL014W,YKL163W,0,0.01074481,0.12496815621852875,0.9810000061988831,0.6869000196456909
YOR266W,YPL256C,0,0.010577679,0.12495223432779312,0.9810000061988831,0.6869999766349792
YDR361C,YDL010W,0,0.009052277,0.12493631988763809,0.9810000061988831,0.6870999932289124
YDL020C,YAL019W,0,0.009003758,0.12492041289806366,0.9810000061988831,0.6872000098228455
YML072C,YNR045W,0,0.008829355,0.12490450590848923,0.9810000061988831,0.6873000264167786
YGL201C,YEL026W,0,0.008302569,0.12488860636949539,0.9810000061988831,0.6873999834060669
YJR134C,YKR046C,0,0.0071160793,0.12487270683050156,0.9810000061988831,0.6875
YJL012C,YER172C,0,0.0069879293,0.12485681474208832,0.9810000061988831,0.6876000165939331
YDR346C,YMR164C,0,0.0069406033,0.12484093010425568,0.9810000061988831,0.6876999735832214
YOL017W,YPR033C,0,0.006723404,0.12482503801584244,0.9810000061988831,0.6877999901771545
YNR046W,YMR263W,0,0.006616354,0.1248091608285904,0.9810000061988831,0.6879000067710876
YER133W,YDR434W,0,0.006383896,0.12479328364133835,0.9810000061988831,0.6880000233650208
YPL023C,YBR273C,0,0.0047647953,0.1247774139046669,0.9810000061988831,0.6880999803543091
YPR075C,YDR051C,0,0.003825426,0.12476154416799545,0.9810000061988831,0.6881999969482422
YHR200W,YGR003W,0,0.0036537647,0.124745674431324,0.9810000061988831,0.6883000135421753
YML034W,YNL069C,0,0.003352046,0.12472981214523315,0.9810000061988831,0.6883999705314636
YDR011W,YDR128W,0,0.0024517775,0.1247139573097229,0.9810000061988831,0.6884999871253967
YFR046C,YNR059W,0,5.888939e-05,0.12469810247421265,0.9810000061988831,0.6886000037193298
YAL019W,YIL036W,0,-0.0004836321,0.12468225508928299,0.9810000061988831,0.6887000203132629
YER001W,YGL126W,0,-0.0010968447,0.12466641515493393,0.9810000061988831,0.6887999773025513
YFR044C,YPL019C,0,-0.001322031,0.12465057522058487,0.9810000061988831,0.6888999938964844
YGL005C,YML058W,0,-0.0019119978,0.12463473528623581,0.9810000061988831,0.6890000104904175
YNR052C,YER039C,0,-0.0039002895,0.12461890280246735,0.9810000061988831,0.6891000270843506
YIL017C,YOR236W,0,-0.0044031143,0.12460307031869888,0.9810000061988831,0.6891999840736389
YFR042W,YOR014W,0,-0.0050143003,0.12458725273609161,0.9810000061988831,0.689300000667572
YJL093C,YOR125C,0,-0.005103588,0.12457142770290375,0.9810000061988831,0.6894000172615051
YDR516C,YDR012W,0,-0.0052348375,0.12455561012029648,0.9810000061988831,0.6894999742507935
YDL145C,YKL140W,0,-0.006247759,0.1245397999882698,0.9810000061988831,0.6895999908447266
YPL106C,YJR025C,0,-0.0066441298,0.12452398985624313,0.9810000061988831,0.6897000074386597
YHR025W,YLR336C,0,-0.006715417,0.12450818717479706,0.9810000061988831,0.6898000240325928
YLR360W,YOR181W,0,-0.0069081783,0.12449238449335098,0.9810000061988831,0.6898999810218811
YKL185W,YDL207W,0,-0.007829428,0.1244765892624855,0.9810000061988831,0.6899999976158142
YDL144C,YEL020C,0,-0.008407831,0.12446079403162003,0.9810000061988831,0.6901000142097473
YDR201W,YBR035C,0,-0.010643721,0.12444500625133514,0.9810000061988831,0.6901999711990356
YOR130C,YDL136W,0,-0.011174679,0.12442922592163086,0.9810000061988831,0.6902999877929688
YBL088C,YDR096W,0,-0.011698246,0.12441344559192657,0.9810000061988831,0.6904000043869019
YBR014C,YDR303C,0,-0.012079477,0.12439766526222229,0.9810000061988831,0.690500020980835
YOR273C,YBR040W,0,-0.012503982,0.1243818923830986,0.9810000061988831,0.6905999779701233
YBR216C,YIL018W,0,-0.013357639,0.12436612695455551,0.9810000061988831,0.6906999945640564
YLR011W,YNL115C,0,-0.013865948,0.12435036152601242,0.9810000061988831,0.6908000111579895
YGR170W,YOR157C,0,-0.014237165,0.12433460354804993,0.9810000061988831,0.6909000277519226
YOR198C,YNL154C,0,-0.015163183,0.12431884557008743,0.9810000061988831,0.6909999847412109
YOR045W,YPL106C,0,-0.015258312,0.12430309504270554,0.9810000061988831,0.691100001335144
YML046W,YCR096C,0,-0.015375376,0.12428734451532364,0.9810000061988831,0.6912000179290771
YDL091C,YKR031C,0,-0.018975973,0.12427160143852234,0.9810000061988831,0.6912999749183655
YPR108W,YMR100W,0,-0.020233154,0.12425585836172104,0.9810000061988831,0.6913999915122986
YGR212W,YER148W,0,-0.021275759,0.12424012273550034,0.9810000061988831,0.6915000081062317
YJL047C,YNL156C,0,-0.02256465,0.12422438710927963,0.9810000061988831,0.6916000247001648
YJL080C,YKL086W,0,-0.023699045,0.12420865893363953,0.9810000061988831,0.6916999816894531
YNL094W,YMR207C,0,-0.02555418,0.12419293820858002,0.9810000061988831,0.6917999982833862
YGL079W,YLL013C,0,-0.025812149,0.12417721748352051,0.9810000061988831,0.6919000148773193
YDR071C,YDR047W,0,-0.025936365,0.124161496758461,0.9810000061988831,0.6919999718666077
YIL131C,YGR162W,0,-0.027114987,0.12414578348398209,0.9810000061988831,0.6920999884605408
YAL005C,YDR047W,0,-0.027702808,0.12413007766008377,0.9810000061988831,0.6922000050544739
YMR088C,YDR201W,0,-0.027796984,0.12411437183618546,0.9810000061988831,0.692300021648407
YOL064C,YMR233W,0,-0.02819419,0.12409867346286774,0.9810000061988831,0.6923999786376953
YLR034C,YKR088C,0,-0.028964043,0.12408297508955002,0.9810000061988831,0.6924999952316284
YJL020C,YLR006C,0,-0.029167414,0.1240672841668129,0.9810000061988831,0.6926000118255615
YBR191W,YOR115C,0,-0.030931473,0.12405159324407578,0.9810000061988831,0.6927000284194946
YLR200W,YDR084C,0,-0.03155303,0.12403590977191925,0.9810000061988831,0.692799985408783
YBL006C,YBL050W,0,-0.031553745,0.12402022629976273,0.9810000061988831,0.6929000020027161
YOR048C,YNL220W,0,-0.03159702,0.1240045502781868,0.9810000061988831,0.6930000185966492
YDR214W,YDR188W,0,-0.032195568,0.12398887425661087,0.9810000061988831,0.6930999755859375
YEL051W,YGR106C,0,-0.032246828,0.12397320568561554,0.9810000061988831,0.6931999921798706
YDL145C,YNL243W,0,-0.03259754,0.1239575445652008,0.9810000061988831,0.6933000087738037
YKL116C,YDR435C,0,-0.032717705,0.12394188344478607,0.9810000061988831,0.6934000253677368
YIL043C,YOR198C,0,-0.032937765,0.12392622232437134,0.9810000061988831,0.6934999823570251
YPL226W,YPR188C,0,-0.033467412,0.1239105686545372,0.9810000061988831,0.6935999989509583
YEL027W,YNL244C,0,-0.03492582,0.12389492243528366,0.9810000061988831,0.6937000155448914
YDR469W,YKL080W,0,-0.03634417,0.12387927621603012,0.9810000061988831,0.6937999725341797
YPL036W,YER164W,0,-0.036498785,0.12386363744735718,0.9810000061988831,0.6938999891281128
YJR161C,YNL068C,0,-0.036863327,0.12384799867868423,0.9810000061988831,0.6940000057220459
YDR489W,YBR161W,0,-0.037346244,0.12383236736059189,0.9810000061988831,0.694100022315979
YER172C,YHR143W-A,0,-0.03744173,0.12381673604249954,0.9810000061988831,0.6941999793052673
YPL186C,YPL171C,0,-0.03872609,0.12380111217498779,0.9810000061988831,0.6942999958992004
YIL014W,YBR087W,0,-0.039277792,0.12378548830747604,0.9810000061988831,0.6944000124931335
YBL055C,YDR294C,0,-0.03962636,0.12376987189054489,0.9810000061988831,0.6945000290870667
YCR017C,YOR202W,0,-0.041151762,0.12375425547361374,0.9810000061988831,0.694599986076355
YPR104C,YJR014W,0,-0.04116893,0.12373864650726318,0.9810000061988831,0.6947000026702881
YJL014W,YGR037C,0,-0.041417718,0.12372304499149323,0.9810000061988831,0.6948000192642212
YOR046C,YER123W,0,-0.042040586,0.12370744347572327,0.9810000061988831,0.6948999762535095
YLR403W,YBL069W,0,-0.04231453,0.12369184195995331,0.9810000061988831,0.6949999928474426
YNL316C,YLR246W,0,-0.04233861,0.12367624789476395,0.9810000061988831,0.6951000094413757
YML081C-A,YDR487C,0,-0.04240322,0.12366066128015518,0.9810000061988831,0.6952000260353088
YHR204W,YCL033C,0,-0.04316008,0.12364507466554642,0.9810000061988831,0.6952999830245972
YDL181W,YNL091W,0,-0.043417335,0.12362948805093765,0.9810000061988831,0.6953999996185303
YOR048C,YEL060C,0,-0.043979287,0.12361390888690948,0.9810000061988831,0.6955000162124634
YCL066W,YLR133W,0,-0.044695616,0.12359833717346191,0.9810000061988831,0.6955999732017517
YPR032W,YER068W,0,-0.045704007,0.12358276546001434,0.9810000061988831,0.6956999897956848
YHR141C,YLR364W,0,-0.045824885,0.12356720119714737,0.9810000061988831,0.6958000063896179
YMR022W,YNR032W,0,-0.04633534,0.1235516369342804,0.9810000061988831,0.695900022983551
YPR082C,YOR253W,0,-0.046342373,0.12353608012199402,0.9810000061988831,0.6959999799728394
YGR048W,YER029C,0,-0.046896935,0.12352052330970764,0.9810000061988831,0.6960999965667725
YDR155C,YDL108W,0,-0.047110915,0.12350497394800186,0.9810000061988831,0.6962000131607056
YIL129C,YFR041C,0,-0.04718995,0.12348942458629608,0.9810000061988831,0.6963000297546387
YGL166W,YPL170W,0,-0.047290683,0.1234738826751709,0.9810000061988831,0.696399986743927
YER142C,YGL120C,0,-0.047308087,0.12345834076404572,0.9810000061988831,0.6965000033378601
YOR329C,YBR114W,0,-0.047466993,0.12344280630350113,0.9810000061988831,0.6966000199317932
YGR257C,YKL135C,0,-0.04755664,0.12342727929353714,0.9810000061988831,0.6966999769210815
YDL146W,YER122C,0,-0.048107147,0.12341175228357315,0.9810000061988831,0.6967999935150146
YAR014C,YNL322C,0,-0.048345447,0.12339622527360916,0.9810000061988831,0.6969000101089478
YHR043C,YKL112W,0,-0.04886484,0.12338070571422577,0.9810000061988831,0.6970000267028809
YHR196W,YJL123C,0,-0.04940605,0.12336519360542297,0.9810000061988831,0.6970999836921692
YML129C,YKR014C,0,-0.049693108,0.12334968149662018,0.9810000061988831,0.6972000002861023
YLR045C,YHR165C,0,-0.049763203,0.12333416938781738,0.9810000061988831,0.6973000168800354
YDR177W,YDL008W,0,-0.050029755,0.12331866472959518,0.9810000061988831,0.6973999738693237
YMR012W,YAL030W,0,-0.051394343,0.12330316752195358,0.9810000061988831,0.6974999904632568
YBL056W,YJR161C,0,-0.051576972,0.12328767031431198,0.9810000061988831,0.6976000070571899
YDR040C,YHR205W,0,-0.051778555,0.12327218055725098,0.9810000061988831,0.697700023651123
YDR532C,YHR188C,0,-0.05399847,0.12325669080018997,0.9810000061988831,0.6977999806404114
YNL112W,YPL128C,0,-0.055406094,0.12324120849370956,0.9810000061988831,0.6978999972343445
YPR016C,YKR061W,0,-0.055795312,0.12322572618722916,0.9810000061988831,0.6980000138282776
YAR014C,YPR184W,0,-0.0559448,0.12321025133132935,0.9810000061988831,0.6980999708175659
YGL048C,YDR308C,0,-0.056343794,0.12319477647542953,0.9810000061988831,0.698199987411499
YBL057C,YER124C,0,-0.056431532,0.12317930907011032,0.9810000061988831,0.6983000040054321
YPL006W,YDR236C,0,-0.0571903,0.12316384166479111,0.9810000061988831,0.6984000205993652
YLR361C,YLR193C,0,-0.05737996,0.12314838171005249,0.9810000061988831,0.6984999775886536
YPL012W,YOR197W,0,-0.058374763,0.12313292175531387,0.9810000061988831,0.6985999941825867
YBR023C,YGR204W,0,-0.058450222,0.12311746925115585,0.9810000061988831,0.6987000107765198
YLR010C,YER086W,0,-0.05983329,0.12310201674699783,0.9810000061988831,0.6988000273704529
YGL020C,YGL224C,0,-0.05996859,0.12308657169342041,0.9810000061988831,0.6988999843597412
YLL039C,YCL001W,0,-0.060133457,0.12307113409042358,0.9810000061988831,0.6990000009536743
YDR039C,YML034W,0,-0.060559273,0.12305569648742676,0.9810000061988831,0.6991000175476074
YKL140W,YJR001W,0,-0.061122894,0.12304025888442993,0.9810000061988831,0.6991999745368958
YER048C,YOL021C,0,-0.06123185,0.1230248287320137,0.9810000061988831,0.6992999911308289
YDR258C,YNL014W,0,-0.061796665,0.12300940603017807,0.9810000061988831,0.699400007724762
YJR095W,YKL120W,0,-0.06259978,0.12299398332834244,0.9810000061988831,0.6995000243186951
YMR063W,YDL229W,0,-0.06314278,0.1229785606265068,0.9810000061988831,0.6995999813079834
YOR122C,YDL030W,0,-0.06439352,0.12296314537525177,0.9810000061988831,0.6996999979019165
YKL069W,YBR286W,0,-0.06510782,0.12294773757457733,0.9810000061988831,0.6998000144958496
YOR363C,YEL058W,0,-0.06543255,0.1229323297739029,0.9810000061988831,0.6998999714851379
YPL215W,YBL035C,0,-0.0656085,0.12291692942380905,0.9810000061988831,0.699999988079071
YGR159C,YNL009W,0,-0.06604123,0.12290152907371521,0.9810000061988831,0.7001000046730042
YKL040C,YEL016C,0,-0.06736195,0.12288613617420197,0.9810000061988831,0.7002000212669373
YGL124C,YHR143W,0,-0.06751943,0.12287074327468872,0.9810000061988831,0.7002999782562256
YMR243C,YBR264C,0,-0.067546725,0.12285535037517548,0.9810000061988831,0.7003999948501587
YLR361C,YBR142W,0,-0.06779921,0.12283997237682343,0.9810000061988831,0.7005000114440918
YDR052C,YDR487C,0,-0.06787968,0.12282458692789078,0.9810000061988831,0.7006000280380249
YOL001W,YDR176W,0,-0.06797135,0.12280921638011932,0.9810000061988831,0.7006999850273132
YAR019C,YGR078C,0,-0.06806326,0.12279383838176727,0.9810000061988831,0.7008000016212463
YCR096C,YBR171W,0,-0.06982863,0.12277847528457642,0.9810000061988831,0.7009000182151794
YNL098C,YJR161C,0,-0.071823,0.12276311218738556,0.9810000061988831,0.7009999752044678
YMR043W,YIL065C,0,-0.072445154,0.1227477490901947,0.9810000061988831,0.7010999917984009
YJL210W,YER102W,0,-0.07254362,0.12273239344358444,0.9810000061988831,0.701200008392334
YMR153W,YIL010W,0,-0.07256305,0.12271703779697418,0.9810000061988831,0.7013000249862671
YDR516C,YGL106W,0,-0.07356405,0.12270168960094452,0.9810000061988831,0.7013999819755554
YDR224C,YDR463W,0,-0.07385087,0.12268634140491486,0.9810000061988831,0.7014999985694885
YDR359C,YGL012W,0,-0.07439101,0.12267100065946579,0.9810000061988831,0.7016000151634216
YKL212W,YBL020W,0,-0.076603055,0.12265566736459732,0.9810000061988831,0.70169997215271
YDR529C,YMR036C,0,-0.07725167,0.12264032661914825,0.9810000061988831,0.7017999887466431
YLR196W,YDR463W,0,-0.077862024,0.12262500077486038,0.9810000061988831,0.7019000053405762
YBR133C,YGR124W,0,-0.078060746,0.12260967493057251,0.9810000061988831,0.7020000219345093
YNL336W,YNL068C,0,-0.078211784,0.12259434908628464,0.9810000061988831,0.7020999789237976
YGL139W,YFL022C,0,-0.07876372,0.12257903069257736,0.9810000061988831,0.7021999955177307
YLR371W,YCL063W,0,-0.07909787,0.12256371974945068,0.9810000061988831,0.7023000121116638
YMR256C,YHR028C,0,-0.079298496,0.122548408806324,0.9810000061988831,0.7024000287055969
YDL235C,YOL002C,0,-0.07935977,0.12253309786319733,0.9810000061988831,0.7024999856948853
YMR081C,YPR065W,0,-0.08100307,0.12251779437065125,0.9810000061988831,0.7026000022888184
YDR168W,YPL235W,0,-0.08101058,0.12250249832868576,0.9810000061988831,0.7027000188827515
YML130C,YDR345C,0,-0.08155215,0.12248720228672028,0.9810000061988831,0.7027999758720398
YLR136C,YLR448W,0,-0.081762075,0.12247191369533539,0.9810000061988831,0.7028999924659729
YJL094C,YLL015W,0,-0.08179605,0.1224566251039505,0.9810000061988831,0.703000009059906
YBR086C,YER096W,0,-0.082606316,0.12244133651256561,0.9810000061988831,0.7031000256538391
YLR396C,YNL183C,0,-0.08294797,0.12242605537176132,0.9810000061988831,0.7031999826431274
YMR233W,YER026C,0,-0.08365309,0.12241078168153763,0.9810000061988831,0.7032999992370605
YDR316W,YPL117C,0,-0.08465719,0.12239550799131393,0.9810000061988831,0.7034000158309937
YKL143W,YDR118W,0,-0.08503711,0.12238024175167084,0.9810000061988831,0.703499972820282
YOL152W,YGR231C,0,-0.08509612,0.12236497551202774,0.9810000061988831,0.7035999894142151
YBR049C,YHR018C,0,-0.08523178,0.12234971672296524,0.9810000061988831,0.7037000060081482
YKL212W,YOR076C,0,-0.08620548,0.12233445793390274,0.9810000061988831,0.7038000226020813
YER004W,YKL091C,0,-0.086263895,0.12231919914484024,0.9810000061988831,0.7038999795913696
YDL065C,YDL060W,0,-0.08640206,0.12230395525693893,0.9810000061988831,0.7039999961853027
YGR286C,YER112W,0,-0.087221146,0.12228870391845703,0.9810000061988831,0.7041000127792358
YER155C,YJR016C,0,-0.08837581,0.12227346748113632,0.9810000061988831,0.704200029373169
YIL093C,YJL154C,0,-0.08906937,0.12225822359323502,0.9810000061988831,0.7042999863624573
YGL043W,YHR105W,0,-0.08917713,0.1222429871559143,0.9810000061988831,0.7044000029563904
YLL011W,YGR054W,0,-0.0893327,0.1222277581691742,0.9810000061988831,0.7045000195503235
YAL013W,YDR435C,0,-0.08941436,0.12221252918243408,0.9810000061988831,0.7045999765396118
YDL235C,YPR065W,0,-0.09043729,0.12219730764627457,0.9810000061988831,0.7046999931335449
YDR039C,YIL030C,0,-0.091549635,0.12218209356069565,0.9810000061988831,0.704800009727478
YKL043W,YDR368W,0,-0.09262562,0.12216687202453613,0.9810000061988831,0.7049000263214111
YER155C,YGR061C,0,-0.09321976,0.12215166538953781,0.9810000061988831,0.7049999833106995
YER074W-A,YNL229C,0,-0.09351015,0.12213645130395889,0.9810000061988831,0.7050999999046326
YML012W,YOR380W,0,-0.09445727,0.12212125211954117,0.9810000061988831,0.7052000164985657
YPR186C,YBL040C,0,-0.09582889,0.12210605293512344,0.9810000061988831,0.705299973487854
YPR114W,YMR036C,0,-0.095992684,0.12209085375070572,0.9810000061988831,0.7053999900817871
YHR072W,YHR194W,0,-0.09604585,0.12207566201686859,0.9810000061988831,0.7055000066757202
YLR371W,YIL011W,0,-0.09636402,0.12206047028303146,0.9810000061988831,0.7056000232696533
YJR131W,YCR096C,0,-0.09849203,0.12204528599977493,0.9810000061988831,0.7056999802589417
YCR091W,YOR236W,0,-0.09849596,0.1220301017165184,0.9810000061988831,0.7057999968528748
YBR082C,YCL011C,0,-0.09926033,0.12201492488384247,0.9810000061988831,0.7059000134468079
YEL034W,YMR318C,0,-0.09943104,0.12199974805116653,0.9810000061988831,0.7059999704360962
YJR068W,YMR285C,0,-0.09978306,0.1219845786690712,0.9810000061988831,0.7060999870300293
YGR014W,YFL037W,0,-0.100125074,0.12196941673755646,0.9810000061988831,0.7062000036239624
YNL292W,YLR240W,0,-0.100859165,0.12195425480604172,0.9810000061988831,0.7063000202178955
YLL031C,YOR149C,0,-0.101270676,0.12193909287452698,0.9810000061988831,0.7063999772071838
YDL160C,YDL194W,0,-0.10137856,0.12192393839359283,0.9810000061988831,0.7064999938011169
YBR280C,YPL161C,0,-0.10248661,0.12190878391265869,0.9810000061988831,0.70660001039505
YHR165C,YIL009C-A,0,-0.10292423,0.12189363688230515,0.9810000061988831,0.7067000269889832
YBL060W,YBR291C,0,-0.10323405,0.1218784973025322,0.9810000061988831,0.7067999839782715
YDR382W,YDL230W,0,-0.10332084,0.12186335772275925,0.9810000061988831,0.7069000005722046
YNL025C,YER068W,0,-0.10357022,0.1218482181429863,0.9810000061988831,0.7070000171661377
YOR119C,YOR357C,0,-0.10403013,0.12183308601379395,0.9810000061988831,0.707099974155426
YHR114W,YPL019C,0,-0.10443938,0.12181795388460159,0.9810000061988831,0.7071999907493591
YLR260W,YGR245C,0,-0.10501289,0.12180282920598984,0.9810000061988831,0.7073000073432922
YML098W,YOL140W,0,-0.105415106,0.12178771197795868,0.9810000061988831,0.7074000239372253
YOL147C,YDR465C,0,-0.105657935,0.12177259474992752,0.9810000061988831,0.7074999809265137
YER072W,YOR101W,0,-0.10597086,0.12175747752189636,0.9810000061988831,0.7075999975204468
YLR324W,YNL268W,0,-0.106974244,0.1217423677444458,0.9810000061988831,0.7077000141143799
YEL046C,YLR410W,0,-0.1073997,0.12172725796699524,0.9810000061988831,0.7077999711036682
YIL051C,YLR233C,0,-0.107804894,0.12171215564012527,0.9810000061988831,0.7078999876976013
YDR190C,YPR086W,0,-0.107874036,0.12169706076383591,0.9810000061988831,0.7080000042915344
YIL148W,YOR319W,0,-0.10800815,0.12168196588754654,0.9810000061988831,0.7081000208854675
YKL192C,YFL047W,0,-0.10818207,0.12166687101125717,0.9810000061988831,0.7081999778747559
YKL146W,YKR024C,0,-0.108418226,0.1216517835855484,0.9810000061988831,0.708299994468689
YGR121C,YIL027C,0,-0.10874498,0.12163670361042023,0.9810000061988831,0.7084000110626221
YER099C,YJR065C,0,-0.11047244,0.12162162363529205,0.9810000061988831,0.7085000276565552
YNR032W,YJL002C,0,-0.11054051,0.12160654366016388,0.9810000061988831,0.7085999846458435
YBR110W,YDR466W,0,-0.11080098,0.1215914711356163,0.9810000061988831,0.7087000012397766
YJR150C,YJR064W,0,-0.111480236,0.12157640606164932,0.9810000061988831,0.7088000178337097
YJR077C,YHR200W,0,-0.11262286,0.12156134098768234,0.9810000061988831,0.708899974822998
YDL092W,YMR202W,0,-0.11265218,0.12154627591371536,0.9810000061988831,0.7089999914169312
YJL167W,YCR047C,0,-0.11335492,0.12153121829032898,0.9810000061988831,0.7091000080108643
YOR043W,YGL006W,0,-0.114758015,0.1215161681175232,0.9810000061988831,0.7092000246047974
YER120W,YEL039C,0,-0.11498773,0.12150111794471741,0.9810000061988831,0.7092999815940857
YIL022W,YLR096W,0,-0.11541462,0.12148606777191162,0.9810000061988831,0.7093999981880188
YOR372C,YER069W,0,-0.11551142,0.12147102504968643,0.9810000061988831,0.7095000147819519
YML004C,YKL184W,0,-0.11588371,0.12145598977804184,0.9810000061988831,0.7095999717712402
YOR119C,YJL183W,0,-0.11763835,0.12144094705581665,0.9810000061988831,0.7096999883651733
YCR091W,YNR007C,0,-0.11772609,0.12142591923475266,0.9810000061988831,0.7098000049591064
YDL143W,YLR336C,0,-0.117785215,0.12141089141368866,0.9810000061988831,0.7099000215530396
YOR207C,YDR510W,0,-0.119668245,0.12139586359262466,0.9810000061988831,0.7099999785423279
YGR083C,YJL115W,0,-0.12007201,0.12138084322214127,0.9810000061988831,0.710099995136261
YLR450W,YML129C,0,-0.12070751,0.12136583030223846,0.9810000061988831,0.7102000117301941
YDL229W,YIL106W,0,-0.1208297,0.12135081738233566,0.9810000061988831,0.7103000283241272
YOR073W,YLR186W,0,-0.12097156,0.12133580446243286,0.9810000061988831,0.7103999853134155
YOR061W,YPL152W,0,-0.12101662,0.12132079899311066,0.9810000061988831,0.7105000019073486
YOR048C,YPR184W,0,-0.12112713,0.12130580097436905,0.9810000061988831,0.7106000185012817
YML022W,YOR080W,0,-0.12120247,0.12129080295562744,0.9810000061988831,0.7106999754905701
YJR044C,YGR030C,0,-0.12166071,0.12127580493688583,0.9810000061988831,0.7107999920845032
YIR033W,YGL198W,0,-0.12166977,0.12126081436872482,0.9810000061988831,0.7109000086784363
YCL016C,YDL025C,0,-0.12168014,0.12124583125114441,0.9810000061988831,0.7110000252723694
YPL178W,YNL315C,0,-0.12179065,0.121230848133564,0.9810000061988831,0.7110999822616577
YEL005C,YOR195W,0,-0.121800184,0.12121586501598358,0.9810000061988831,0.7111999988555908
YEL021W,YLL024C,0,-0.122199535,0.12120088934898376,0.9810000061988831,0.7113000154495239
YGR157W,YIL109C,0,-0.122374535,0.12118591368198395,0.9810000061988831,0.7113999724388123
YFL034C-B,YML093W,0,-0.12249851,0.12117094546556473,0.9810000061988831,0.7114999890327454
YMR207C,YBR109C,0,-0.12277365,0.1211559846997261,0.9810000061988831,0.7116000056266785
YLR170C,YHL031C,0,-0.12293565,0.12114102393388748,0.9810000061988831,0.7117000222206116
YNL133C,YJL125C,0,-0.1232152,0.12112606316804886,0.9810000061988831,0.7117999792098999
YIR006C,YER083C,0,-0.12352812,0.12111110985279083,0.9810000061988831,0.711899995803833
YLR388W,YIR017C,0,-0.123862624,0.1210961639881134,0.9810000061988831,0.7120000123977661
YJL036W,YBR296C,0,-0.12395573,0.12108121812343597,0.9810000061988831,0.7121000289916992
YKR092C,YAL032C,0,-0.124506235,0.12106627225875854,0.9810000061988831,0.7121999859809875
YBR068C,YOL008W,0,-0.12470341,0.12105133384466171,0.9810000061988831,0.7123000025749207
YPL224C,YLR318W,0,-0.12513399,0.12103639543056488,0.9810000061988831,0.7124000191688538
YLR134W,YBL055C,0,-0.12548816,0.12102146446704865,0.9810000061988831,0.7124999761581421
YBL071W-A,YBR166C,0,-0.12620544,0.121006540954113,0.9810000061988831,0.7125999927520752
YDL207W,YHR197W,0,-0.12657392,0.12099160999059677,0.9810000061988831,0.7127000093460083
YDL174C,YPL270W,0,-0.12805593,0.12097669392824173,0.9810000061988831,0.7128000259399414
YPL169C,YLR038C,0,-0.12879694,0.12096177786588669,0.9810000061988831,0.7128999829292297
YNL292W,YIL027C,0,-0.12928295,0.12094686180353165,0.9810000061988831,0.7129999995231628
YDR468C,YLL018C,0,-0.12994051,0.1209319531917572,0.9810000061988831,0.713100016117096
YNR027W,YOR321W,0,-0.13180327,0.12091704457998276,0.9810000061988831,0.7131999731063843
YOL077W-A,YGR172C,0,-0.13306785,0.12090214341878891,0.9810000061988831,0.7132999897003174
YKL135C,YDR412W,0,-0.13364232,0.12088724225759506,0.9810000061988831,0.7134000062942505
YLR248W,YBR058C-A,0,-0.13393068,0.12087234854698181,0.9810000061988831,0.7135000228881836
YIL117C,YOR033C,0,-0.13393736,0.12085746228694916,0.9810000061988831,0.7135999798774719
YLR459W,YPL004C,0,-0.13476181,0.12084256857633591,0.9810000061988831,0.713699996471405
YPL103C,YLR409C,0,-0.13504052,0.12082768976688385,0.9810000061988831,0.7138000130653381
YDR390C,YNL251C,0,-0.13528466,0.1208128109574318,0.9810000061988831,0.7139000296592712
YLR083C,YCR028C,0,-0.13537085,0.12079793214797974,0.9810000061988831,0.7139999866485596
YPR017C,YNL093W,0,-0.13553739,0.12078306078910828,0.9810000061988831,0.7141000032424927
YPL148C,YGR002C,0,-0.13578928,0.12076818943023682,0.9810000061988831,0.7142000198364258
YDR322C-A,YKL052C,0,-0.13581848,0.12075332552194595,0.9810000061988831,0.7142999768257141
YJL208C,YGL173C,1,-0.13643467,0.12086153775453568,0.9819999933242798,0.7142999768257141
YBR060C,YPL220W,0,-0.1368109,0.12084666639566422,0.9819999933242798,0.7143999934196472
YFL034C-B,YPL028W,0,-0.13711917,0.12083179503679276,0.9819999933242798,0.7145000100135803
YHR142W,YJL156C,0,-0.137434,0.12081693112850189,0.9819999933242798,0.7146000266075134
YNL123W,YNL315C,0,-0.13798594,0.12080206722021103,0.9819999933242798,0.7146999835968018
YHR161C,YNL149C,0,-0.13800442,0.12078721076250076,0.9819999933242798,0.7148000001907349
YDR468C,YIL109C,0,-0.13821816,0.1207723543047905,0.9819999933242798,0.714900016784668
YDR287W,YDR503C,0,-0.13858378,0.12075749784708023,0.9819999933242798,0.7149999737739563
YNL039W,YEL027W,0,-0.13858509,0.12074265629053116,0.9819999933242798,0.7150999903678894
YDR538W,YNL209W,0,-0.1408428,0.12072780728340149,0.9819999933242798,0.7152000069618225
YMR298W,YPR131C,0,-0.14129782,0.12071296572685242,0.9819999933242798,0.7153000235557556
YBR048W,YPL028W,0,-0.14206302,0.12069813162088394,0.9819999933242798,0.715399980545044
YNR022C,YKL040C,0,-0.14239836,0.12068329751491547,0.9819999933242798,0.715499997138977
YBL003C,YNL189W,0,-0.14337778,0.12066847085952759,0.9819999933242798,0.7156000137329102
YOR312C,YHL009C,0,-0.1435976,0.12065364420413971,0.9819999933242798,0.7156999707221985
YNL001W,YOL094C,0,-0.14409113,0.12063881754875183,0.9819999933242798,0.7157999873161316
YJR065C,YOL148C,0,-0.14493382,0.12062399834394455,0.9819999933242798,0.7159000039100647
YER123W,YLL024C,0,-0.14556599,0.12060918658971786,0.9819999933242798,0.7160000205039978
YOR078W,YLR188W,0,-0.14644563,0.12059437483549118,0.9819999933242798,0.7160999774932861
YCL051W,YGR087C,0,-0.14751816,0.12057957053184509,0.9819999933242798,0.7161999940872192
YJL044C,YNL041C,0,-0.14859521,0.120564766228199,0.9819999933242798,0.7163000106811523
YGR004W,YKL157W,0,-0.14994216,0.12054996192455292,0.9819999933242798,0.7164000272750854
YER114C,YMR158W,0,-0.15168369,0.12053516507148743,0.9819999933242798,0.7164999842643738
YDR036C,YDR421W,0,-0.15331459,0.12052037566900253,0.9819999933242798,0.7166000008583069
YGR057C,YPL206C,0,-0.15367746,0.12050558626651764,0.9819999933242798,0.71670001745224
YGL020C,YIL017C,0,-0.15373254,0.12049079686403275,0.9819999933242798,0.7167999744415283
YBL024W,YOL078W,0,-0.15509331,0.12047601491212845,0.9819999933242798,0.7168999910354614
YOL138C,YDR086C,0,-0.1557287,0.12046123296022415,0.9819999933242798,0.7170000076293945
YDR051C,YGR162W,0,-0.15755379,0.12044645845890045,0.9819999933242798,0.7171000242233276
YOR179C,YOL154W,0,-0.1580286,0.12043169140815735,0.9819999933242798,0.717199981212616
YIL147C,YBL002W,0,-0.15871787,0.12041692435741425,0.9819999933242798,0.7172999978065491
YBL066C,YLR003C,0,-0.15911353,0.12040215730667114,0.9819999933242798,0.7174000144004822
YMR175W,YMR043W,0,-0.15960586,0.12038739770650864,0.9819999933242798,0.7174999713897705
YKL060C,YOR201C,0,-0.1602912,0.12037263810634613,0.9819999933242798,0.7175999879837036
YIL147C,YIL118W,0,-0.1611557,0.12035788595676422,0.9819999933242798,0.7177000045776367
YNR007C,YJL133W,0,-0.16211283,0.12034313380718231,0.9819999933242798,0.7178000211715698
YHR064C,YGR106C,0,-0.16214907,0.120328389108181,0.9819999933242798,0.7178999781608582
YNL169C,YOR171C,0,-0.1621728,0.12031365185976028,0.9819999933242798,0.7179999947547913
YBL064C,YFR041C,0,-0.1622374,0.12029890716075897,0.9819999933242798,0.7181000113487244
YPL220W,YGR191W,0,-0.16286933,0.12028417736291885,0.9819999933242798,0.7182000279426575
YFR040W,YKL216W,0,-0.1631496,0.12026944011449814,0.9819999933242798,0.7182999849319458
YBR123C,YJL177W,0,-0.1640513,0.12025471776723862,0.9819999933242798,0.7184000015258789
YKL154W,YJL041W,0,-0.1640842,0.1202399879693985,0.9819999933242798,0.718500018119812
YPL045W,YMR230W,0,-0.16570711,0.12022526562213898,0.9819999933242798,0.7185999751091003
YGR002C,YMR105C,0,-0.16689515,0.12021055072546005,0.9819999933242798,0.7186999917030334
YOR252W,YHR193C,0,-0.16690516,0.12019583582878113,0.9819999933242798,0.7188000082969666
YER119C,YDR293C,0,-0.16725612,0.1201811283826828,0.9819999933242798,0.7189000248908997
YIL103W,YGL213C,0,-0.16749847,0.12016642093658447,0.9819999933242798,0.718999981880188
YKL150W,YHR154W,0,-0.16963351,0.12015172094106674,0.9819999933242798,0.7190999984741211
YPL118W,YPL138C,0,-0.16984153,0.12013702094554901,0.9819999933242798,0.7192000150680542
YER027C,YDR424C,0,-0.17025948,0.12012232095003128,0.9819999933242798,0.7192999720573425
YKL101W,YML026C,0,-0.17113256,0.12010762840509415,0.9819999933242798,0.7193999886512756
YMR116C,YKL040C,0,-0.1718936,0.12009294331073761,0.9819999933242798,0.7195000052452087
YPL160W,YLR207W,0,-0.17210913,0.12007825821638107,0.9819999933242798,0.7196000218391418
YGR262C,YPR005C,0,-0.17283893,0.12006358057260513,0.9819999933242798,0.7196999788284302
YJL080C,YKL052C,0,-0.17315853,0.1200489029288292,0.9819999933242798,0.7197999954223633
YER159C,YFL008W,0,-0.17321014,0.12003422528505325,0.9819999933242798,0.7199000120162964
YPR029C,YBR086C,0,-0.17329788,0.12001955509185791,0.9819999933242798,0.7200000286102295
YGR138C,YBR280C,0,-0.1738987,0.12000488489866257,0.9819999933242798,0.7200999855995178
YAL041W,YLL024C,0,-0.1739577,0.11999022215604782,0.9819999933242798,0.7202000021934509
YPL235W,YCR053W,0,-0.17397094,0.11997556686401367,0.9819999933242798,0.720300018787384
YDR347W,YMR092C,0,-0.17399156,0.11996091157197952,0.9819999933242798,0.7203999757766724
YLR085C,YGL025C,0,-0.17467737,0.11994625627994537,0.9819999933242798,0.7204999923706055
YHR152W,YPR108W,0,-0.17482412,0.11993160843849182,0.9819999933242798,0.7206000089645386
YDL174C,YDR435C,0,-0.17534637,0.11991696059703827,0.9819999933242798,0.7207000255584717
YBR199W,YPL137C,0,-0.1754309,0.11990232020616531,0.9819999933242798,0.72079998254776
YGL210W,YDR212W,0,-0.17623568,0.11988767981529236,0.9819999933242798,0.7208999991416931
YMR002W,YDR448W,0,-0.1764003,0.119873046875,0.9819999933242798,0.7210000157356262
YLR216C,YML086C,0,-0.17747867,0.11985841393470764,0.9819999933242798,0.7210999727249146
YJL159W,YBL031W,0,-0.17800307,0.11984378844499588,0.9819999933242798,0.7211999893188477
YLR083C,YAL044C,0,-0.17900038,0.11982916295528412,0.9819999933242798,0.7213000059127808
YFL034C-A,YPR016C,0,-0.17935884,0.11981454491615295,0.9819999933242798,0.7214000225067139
YNL145W,YOR290C,0,-0.18100238,0.11979992687702179,0.9819999933242798,0.7214999794960022
YMR067C,YGR191W,0,-0.18111396,0.11978531628847122,0.9819999933242798,0.7215999960899353
YPR188C,YML005W,0,-0.18170238,0.11977070569992065,0.9819999933242798,0.7217000126838684
YJL204C,YBR104W,0,-0.18250465,0.11975609511137009,0.9819999933242798,0.7218000292778015
YGR152C,YNL257C,0,-0.18261874,0.11974149197340012,0.9819999933242798,0.7218999862670898
YAL015C,YLR355C,0,-0.18294764,0.11972689628601074,0.9819999933242798,0.722000002861023
YJL159W,YDL192W,0,-0.18404937,0.11971230059862137,0.9819999933242798,0.722100019454956
YML013W,YPR017C,0,-0.18430555,0.119697704911232,0.9819999933242798,0.7221999764442444
YMR278W,YBR039W,0,-0.18626678,0.11968311667442322,0.9819999933242798,0.7222999930381775
YDR202C,YBR156C,0,-0.18667197,0.11966853588819504,0.9819999933242798,0.7224000096321106
YAL011W,YHL003C,0,-0.18741763,0.11965395510196686,0.9819999933242798,0.7225000262260437
YDR036C,YGL011C,0,-0.18762076,0.11963937431573868,0.9819999933242798,0.722599983215332
YDL085W,YER118C,0,-0.18798327,0.1196248009800911,0.9819999933242798,0.7226999998092651
YDL113C,YOL149W,0,-0.18819344,0.11961023509502411,0.9819999933242798,0.7228000164031982
YFL039C,YIR026C,0,-0.18835044,0.11959566175937653,0.9819999933242798,0.7228999733924866
YLR238W,YOL095C,0,-0.18929791,0.11958110332489014,0.9819999933242798,0.7229999899864197
YDR087C,YGL084C,0,-0.18956733,0.11956653743982315,0.9819999933242798,0.7231000065803528
YML064C,YGR172C,0,-0.19008327,0.11955198645591736,0.9819999933242798,0.7232000231742859
YMR208W,YAL023C,0,-0.19013739,0.11953742802143097,0.9819999933242798,0.7232999801635742
YAL035W,YBR005W,0,-0.1903944,0.11952288448810577,0.9819999933242798,0.7233999967575073
YPR082C,YDL006W,0,-0.19076657,0.11950833350419998,0.9819999933242798,0.7235000133514404
YGL207W,YLR059C,0,-0.1910584,0.11949379742145538,0.9819999933242798,0.7235999703407288
YOR373W,YDR293C,0,-0.19311345,0.11947925388813019,0.9819999933242798,0.7236999869346619
YOR034C,YDR175C,0,-0.19332719,0.11946471780538559,0.9819999933242798,0.723800003528595
YKL092C,YOL067C,0,-0.19380462,0.11945018917322159,0.9819999933242798,0.7239000201225281
YHR143W,YLR006C,0,-0.19410741,0.11943566054105759,0.9819999933242798,0.7239999771118164
YDL100C,YGR091W,0,-0.19506586,0.11942113935947418,0.9819999933242798,0.7240999937057495
YOR256C,YDR421W,0,-0.19565845,0.11940661817789078,0.9819999933242798,0.7242000102996826
YML074C,YJL177W,0,-0.1959033,0.11939209699630737,0.9819999933242798,0.7243000268936157
YFR037C,YOR250C,0,-0.19634855,0.11937758326530457,0.9819999933242798,0.724399983882904
YLR342W,YOL002C,0,-0.19673872,0.11936306953430176,0.9819999933242798,0.7245000004768372
YNL291C,YIL030C,0,-0.19738972,0.11934856325387955,0.9819999933242798,0.7246000170707703
YJL102W,YLR256W,0,-0.19844556,0.11933406442403793,0.9819999933242798,0.7246999740600586
YPR068C,YFR030W,0,-0.19923902,0.11931956559419632,0.9819999933242798,0.7247999906539917
YLR201C,YER167W,0,-0.19958007,0.1193050667643547,0.9819999933242798,0.7249000072479248
YKL056C,YHR042W,0,-0.19994187,0.11929057538509369,0.9819999933242798,0.7250000238418579
YLR450W,YOR117W,0,-0.20048785,0.11927608400583267,0.9819999933242798,0.7250999808311462
YDR434W,YHR024C,0,-0.20092821,0.11926160007715225,0.9819999933242798,0.7251999974250793
YCR023C,YPL095C,0,-0.20101547,0.11924711614847183,0.9819999933242798,0.7253000140190125
YGL181W,YJL110C,0,-0.20106745,0.11923263967037201,0.9819999933242798,0.7253999710083008
YGL126W,YGL012W,0,-0.20212698,0.11921816319227219,0.9819999933242798,0.7254999876022339
YKL054C,YCR077C,0,-0.20295215,0.11920368671417236,0.9819999933242798,0.725600004196167
YOL076W,YEL065W,0,-0.20302296,0.11918922513723373,0.9819999933242798,0.7257000207901001
YHR098C,YNL270C,0,-0.20532513,0.11917475610971451,0.9819999933242798,0.7257999777793884
YPL177C,YOL030W,0,-0.20549536,0.11916029453277588,0.9819999933242798,0.7258999943733215
YGL059W,YDR096W,0,-0.20562148,0.11914584040641785,0.9819999933242798,0.7260000109672546
YCL051W,YJL115W,0,-0.20715547,0.11913138628005981,0.9819999933242798,0.7261000275611877
YGR192C,YIR004W,0,-0.20879388,0.11911693215370178,0.9819999933242798,0.7261999845504761
YLR286C,YAL020C,0,-0.20923519,0.11910248547792435,0.9819999933242798,0.7263000011444092
YPL177C,YKR003W,0,-0.20985234,0.11908804625272751,0.9819999933242798,0.7264000177383423
YJR060W,YBL055C,0,-0.21002066,0.11907359957695007,0.9819999933242798,0.7264999747276306
YLR133W,YNR039C,0,-0.2100482,0.11905916780233383,0.9819999933242798,0.7265999913215637
YKR030W,YPR181C,0,-0.21015155,0.11904473602771759,0.9819999933242798,0.7267000079154968
YJR095W,YPL003W,0,-0.21015716,0.11903030425310135,0.9819999933242798,0.7268000245094299
YDL075W,YBR264C,0,-0.21035743,0.1190158799290657,0.9819999933242798,0.7268999814987183
YKL051W,YNL067W,0,-0.21044469,0.11900145560503006,0.9819999933242798,0.7269999980926514
YHR070W,YHR146W,0,-0.2106452,0.11898703873157501,0.9819999933242798,0.7271000146865845
YNL088W,YDL164C,1,-0.21067739,0.11909377574920654,0.9829999804496765,0.7271000146865845
YER170W,YGR189C,0,-0.21237588,0.1190793439745903,0.9829999804496765,0.7271999716758728
YIL072W,YDL236W,0,-0.21249366,0.11906491965055466,0.9829999804496765,0.7272999882698059
YGL167C,YPL186C,0,-0.21276462,0.11905050277709961,0.9829999804496765,0.727400004863739
YKL143W,YLR417W,0,-0.21485567,0.11903608590364456,0.9829999804496765,0.7275000214576721
YPR056W,YER102W,0,-0.21491504,0.11902167648077011,0.9829999804496765,0.7275999784469604
YML010W,YLR044C,0,-0.21521771,0.11900726705789566,0.9829999804496765,0.7276999950408936
YDL100C,YER015W,0,-0.21580553,0.11899285763502121,0.9829999804496765,0.7278000116348267
YHR123W,YBR245C,0,-0.21797848,0.11897845566272736,0.9829999804496765,0.7279000282287598
YLR061W,YGR223C,0,-0.21864104,0.1189640536904335,0.9829999804496765,0.7279999852180481
YKL185W,YBR005W,0,-0.22028232,0.11894965916872025,0.9829999804496765,0.7281000018119812
YKL018W,YPR100W,0,-0.22031808,0.11893527209758759,0.9829999804496765,0.7282000184059143
YGL144C,YEL017C-A,0,-0.22118676,0.11892087757587433,0.9829999804496765,0.7282999753952026
YPL143W,YLR242C,0,-0.22139978,0.11890649795532227,0.9829999804496765,0.7283999919891357
YER027C,YOR079C,0,-0.2223922,0.1188921108841896,0.9829999804496765,0.7285000085830688
YLR166C,YNL156C,0,-0.22260094,0.11887773871421814,0.9829999804496765,0.728600025177002
YNR059W,YPL204W,0,-0.22288895,0.11886335909366608,0.9829999804496765,0.7286999821662903
YIL050W,YGR279C,0,-0.22296786,0.11884898692369461,0.9829999804496765,0.7287999987602234
YPL037C,YKL211C,0,-0.22297215,0.11883462220430374,0.9829999804496765,0.7289000153541565
YMR056C,YDR143C,0,-0.22301686,0.11882025748491287,0.9829999804496765,0.7289999723434448
YJL100W,YNR050C,0,-0.22413898,0.1188059002161026,0.9829999804496765,0.7290999889373779
YOR316C,YOR195W,0,-0.22471237,0.11879154294729233,0.9829999804496765,0.729200005531311
YKR038C,YOR245C,0,-0.22495854,0.11877718567848206,0.9829999804496765,0.7293000221252441
YDR228C,YER061C,0,-0.22560596,0.11876283586025238,0.9829999804496765,0.7293999791145325
YPL255W,YER032W,0,-0.22662878,0.1187484934926033,0.9829999804496765,0.7294999957084656
YBL003C,YOR181W,0,-0.22706544,0.11873414367437363,0.9829999804496765,0.7296000123023987
YHR031C,YDR074W,0,-0.22889411,0.11871980875730515,0.9829999804496765,0.7297000288963318
YDL095W,YJL099W,0,-0.2294854,0.11870547384023666,0.9829999804496765,0.7297999858856201
YNL233W,YML059C,0,-0.22982597,0.11869113892316818,0.9829999804496765,0.7299000024795532
YDR257C,YOR004W,0,-0.2299006,0.1186768114566803,0.9829999804496765,0.7300000190734863
YOR207C,YHR072W-A,0,-0.22990417,0.11866248399019241,0.9829999804496765,0.7300999760627747
YDR480W,YNL294C,0,-0.23074698,0.11864815652370453,0.9829999804496765,0.7301999926567078
YKL145W,YFL062W,0,-0.23076057,0.11863383650779724,0.9829999804496765,0.7303000092506409
YAL001C,YGL142C,0,-0.23125672,0.11861952394247055,0.9829999804496765,0.730400025844574
YJL080C,YGR172C,0,-0.23288178,0.11860521137714386,0.9829999804496765,0.7304999828338623
YDL137W,YHL013C,0,-0.23306823,0.11859090626239777,0.9829999804496765,0.7305999994277954
YER003C,YPR118W,0,-0.23348689,0.11857660114765167,0.9829999804496765,0.7307000160217285
YDR456W,YNL164C,0,-0.23351502,0.11856229603290558,0.9829999804496765,0.7307999730110168
YKL018W,YGR215W,0,-0.23395061,0.11854799836874008,0.9829999804496765,0.73089998960495
YJR093C,YMR309C,0,-0.23409128,0.11853370070457458,0.9829999804496765,0.7310000061988831
YDR219C,YEL032W,0,-0.23475969,0.11851941049098969,0.9829999804496765,0.7311000227928162
YDL235C,YDR075W,0,-0.23572636,0.11850512027740479,0.9829999804496765,0.7311999797821045
YNL227C,YNL212W,0,-0.23653173,0.11849083751440048,0.9829999804496765,0.7312999963760376
YOR086C,YJR047C,0,-0.2372632,0.11847655475139618,0.9829999804496765,0.7314000129699707
YGL226W,YJL001W,0,-0.23749399,0.11846227943897247,0.9829999804496765,0.7315000295639038
YML055W,YNL069C,0,-0.23772717,0.11844800412654877,0.9829999804496765,0.7315999865531921
YDR516C,YGR002C,0,-0.23822117,0.11843373626470566,0.9829999804496765,0.7317000031471252
YDR517W,YKL017C,0,-0.23826599,0.11841946840286255,0.9829999804496765,0.7318000197410583
YEL027W,YGR253C,0,-0.23848939,0.11840520054101944,0.9829999804496765,0.7318999767303467
YCR086W,YNL162W,0,-0.23851466,0.11839094012975693,0.9829999804496765,0.7319999933242798
YDR270W,YJL054W,0,-0.2395736,0.11837668716907501,0.9829999804496765,0.7321000099182129
YDL226C,YGR033C,0,-0.23965073,0.1183624342083931,0.9829999804496765,0.732200026512146
YJL093C,YOL051W,0,-0.24382246,0.11834818124771118,0.9829999804496765,0.7322999835014343
YER056C,YGL023C,0,-0.24421203,0.11833393573760986,0.9829999804496765,0.7324000000953674
YKR009C,YDR422C,0,-0.24434519,0.11831969022750854,0.9829999804496765,0.7325000166893005
YBR253W,YDR388W,0,-0.2450937,0.11830545216798782,0.9829999804496765,0.7325999736785889
YPR034W,YHR062C,0,-0.24517,0.1182912141084671,0.9829999804496765,0.732699990272522
YPL049C,YBR089C-A,0,-0.24573135,0.11827698349952698,0.9829999804496765,0.7328000068664551
YDR121W,YBR036C,0,-0.2458098,0.11826275289058685,0.9829999804496765,0.7329000234603882
YIL038C,YBR188C,0,-0.24617565,0.11824852973222733,0.9829999804496765,0.7329999804496765
YLR185W,YHR084W,0,-0.2465899,0.1182343065738678,0.9829999804496765,0.7330999970436096
YKL060C,YLR247C,0,-0.24781501,0.11822008341550827,0.9829999804496765,0.7332000136375427
YIR033W,YDL235C,0,-0.24792397,0.11820586770772934,0.9829999804496765,0.733299970626831
YDR434W,YLR352W,0,-0.24810779,0.11819165199995041,0.9829999804496765,0.7333999872207642
YGR174C,YLR248W,0,-0.24822342,0.11817744374275208,0.9829999804496765,0.7335000038146973
YPL178W,YIL009W,0,-0.24823737,0.11816324293613434,0.9829999804496765,0.7336000204086304
YCR069W,YHL013C,0,-0.24971163,0.1181490421295166,0.9829999804496765,0.7336999773979187
YLL011W,YDR293C,0,-0.25156116,0.11813484132289886,0.9829999804496765,0.7337999939918518
YNR022C,YBR039W,0,-0.252573,0.11812064051628113,0.9829999804496765,0.7339000105857849
YPL195W,YOL049W,0,-0.25272846,0.11810645461082458,0.9829999804496765,0.734000027179718
YGR244C,YDR325W,0,-0.2538134,0.11809226125478745,0.9829999804496765,0.7340999841690063
YJR126C,YFR041C,0,-0.25437975,0.1180780753493309,0.9829999804496765,0.7342000007629395
YCR091W,YGR008C,0,-0.25485575,0.11806389689445496,0.9829999804496765,0.7343000173568726
YKL092C,YIL136W,0,-0.25486016,0.11804971843957901,0.9829999804496765,0.7343999743461609
YER089C,YOL088C,0,-0.25517046,0.11803553998470306,0.9829999804496765,0.734499990940094
YER007C-A,YFL031W,0,-0.2554567,0.11802136898040771,0.9829999804496765,0.7346000075340271
YLR328W,YFL026W,0,-0.25559866,0.11800720542669296,0.9829999804496765,0.7347000241279602
YGR068C,YBL088C,0,-0.25591588,0.11799303442239761,0.9829999804496765,0.7347999811172485
YER102W,YNL212W,0,-0.2564664,0.11797887831926346,0.9829999804496765,0.7348999977111816
YNR036C,YDL008W,0,-0.25688756,0.1179647222161293,0.9829999804496765,0.7350000143051147
YDR006C,YPR037C,0,-0.257128,0.11795056611299515,0.9829999804496765,0.7350999712944031
YIL008W,YFR030W,0,-0.25850463,0.11793641000986099,0.9829999804496765,0.7351999878883362
YOR273C,YKL046C,0,-0.25946212,0.11792226135730743,0.9829999804496765,0.7353000044822693
YDL181W,YDR046C,0,-0.25974846,0.11790812015533447,0.9829999804496765,0.7354000210762024
YGR123C,YER149C,0,-0.2599392,0.11789397895336151,0.9829999804496765,0.7354999780654907
YNL066W,YKR081C,0,-0.26037955,0.11787984520196915,0.9829999804496765,0.7355999946594238
YNL245C,YDR435C,0,-0.26047826,0.11786570399999619,0.9829999804496765,0.7357000112533569
YOL092W,YHR042W,0,-0.2605542,0.11785157769918442,0.9829999804496765,0.73580002784729
YOR127W,YKL148C,0,-0.26069748,0.11783745139837265,0.9829999804496765,0.7358999848365784
YNL207W,YCR071C,0,-0.261312,0.11782332509756088,0.9829999804496765,0.7360000014305115
YPL266W,YDR176W,0,-0.26136994,0.11780920624732971,0.9829999804496765,0.7361000180244446
YJR084W,YLR079W,0,-0.26164103,0.11779508739709854,0.9829999804496765,0.7361999750137329
YHR215W,YKL157W,0,-0.26277065,0.11778097599744797,0.9829999804496765,0.736299991607666
YER012W,YKL125W,0,-0.263031,0.1177668645977974,0.9829999804496765,0.7364000082015991
YGL144C,YCR003W,0,-0.26311588,0.11775275319814682,0.9829999804496765,0.7365000247955322
YOR044W,YKL002W,0,-0.26341057,0.11773864924907684,0.9829999804496765,0.7365999817848206
YJR097W,YIL105C,0,-0.2643304,0.11772455275058746,0.9829999804496765,0.7366999983787537
YDR314C,YBR245C,0,-0.26512372,0.11771045625209808,0.9829999804496765,0.7368000149726868
YBR083W,YOR035C,0,-0.26615632,0.1176963597536087,0.9829999804496765,0.7368999719619751
YNR055C,YLR200W,0,-0.2662835,0.11768227070569992,0.9829999804496765,0.7369999885559082
YJR143C,YJR049C,0,-0.26679897,0.11766818165779114,0.9829999804496765,0.7371000051498413
YOR179C,YKL191W,0,-0.26685202,0.11765410006046295,0.9829999804496765,0.7372000217437744
YDR280W,YDR143C,0,-0.2694242,0.11764001846313477,0.9829999804496765,0.7372999787330627
YDR011W,YER062C,0,-0.26973462,0.11762594431638718,0.9829999804496765,0.7373999953269958
YNL023C,YOL051W,0,-0.27063525,0.11761187016963959,0.9829999804496765,0.737500011920929
YPL038W,YDL075W,0,-0.27066815,0.117597796022892,0.9829999804496765,0.7376000285148621
YGL064C,YFR047C,0,-0.2706722,0.117583729326725,0.9829999804496765,0.7376999855041504
YDL235C,YOL056W,0,-0.27176428,0.11756967008113861,0.9829999804496765,0.7378000020980835
YGR194C,YDR178W,0,-0.27205133,0.11755561083555222,0.9829999804496765,0.7379000186920166
YMR201C,YBR212W,0,-0.27233934,0.11754155158996582,0.9829999804496765,0.7379999756813049
YNL135C,YDR418W,0,-0.27286553,0.11752749979496002,0.9829999804496765,0.738099992275238
YDR395W,YMR156C,0,-0.2729975,0.11751344799995422,0.9829999804496765,0.7382000088691711
YKL211C,YOL120C,0,-0.27353,0.11749940365552902,0.9829999804496765,0.7383000254631042
YIR002C,YAL007C,0,-0.2735846,0.11748535931110382,0.9829999804496765,0.7383999824523926
YDL134C,YJR047C,0,-0.2743944,0.11747132241725922,0.9829999804496765,0.7384999990463257
YOR208W,YDR421W,0,-0.27621436,0.11745728552341461,0.9829999804496765,0.7386000156402588
YMR292W,YIL091C,0,-0.2774067,0.11744324862957001,0.9829999804496765,0.7386999726295471
YMR048W,YPL004C,0,-0.27989674,0.117429219186306,0.9829999804496765,0.7387999892234802
YER127W,YNL038W,0,-0.27998233,0.11741519719362259,0.9829999804496765,0.7389000058174133
YNL156C,YOR217W,0,-0.28010476,0.11740116775035858,0.9829999804496765,0.7390000224113464
YOR140W,YOL100W,0,-0.28062248,0.11738715320825577,0.9829999804496765,0.7390999794006348
YML121W,YKL184W,0,-0.28114724,0.11737313121557236,0.9829999804496765,0.7391999959945679
YMR311C,YDR487C,0,-0.28124928,0.11735912412405014,0.9829999804496765,0.739300012588501
YHR196W,YPL198W,0,-0.28160048,0.11734510958194733,0.9829999804496765,0.7394000291824341
YHL009C,YML091C,0,-0.28255272,0.11733110249042511,0.9829999804496765,0.7394999861717224
YDL115C,YPR110C,0,-0.28311968,0.11731710284948349,0.9829999804496765,0.7396000027656555
YHR107C,YER089C,0,-0.28367186,0.11730310320854187,0.9829999804496765,0.7397000193595886
YLR298C,YLR059C,0,-0.28455675,0.11728910356760025,0.9829999804496765,0.739799976348877
YPL103C,YLR223C,0,-0.2846974,0.11727511137723923,0.9829999804496765,0.7398999929428101
YER164W,YMR214W,0,-0.28523576,0.1172611266374588,0.9829999804496765,0.7400000095367432
YGR280C,YPL089C,0,-0.2866783,0.11724713444709778,0.9829999804496765,0.7401000261306763
YLR078C,YDR486C,0,-0.2894863,0.11723315715789795,0.9829999804496765,0.7401999831199646
YLR220W,YER060W,0,-0.2900138,0.11721917241811752,0.9829999804496765,0.7402999997138977
YPR165W,YDR169C,0,-0.29105055,0.1172051951289177,0.9829999804496765,0.7404000163078308
YDR485C,YER068W,0,-0.29358578,0.11719122529029846,0.9829999804496765,0.7404999732971191
YLR051C,YPL128C,0,-0.2941954,0.11717725545167923,0.9829999804496765,0.7405999898910522
YGR076C,YCR018C,0,-0.29623175,0.1171632930636406,0.9829999804496765,0.7407000064849854
YPL032C,YDL231C,0,-0.29711962,0.11714932322502136,0.9829999804496765,0.7408000230789185
YCR037C,YBR156C,0,-0.29746938,0.11713536828756332,0.9829999804496765,0.7408999800682068
YBR049C,YGL106W,0,-0.29774237,0.11712141335010529,0.9829999804496765,0.7409999966621399
YNL103W,YNL212W,0,-0.29809737,0.11710745841264725,0.9829999804496765,0.741100013256073
YDL103C,YNL129W,0,-0.2991681,0.1170935109257698,0.9829999804496765,0.7411999702453613
YDR376W,YGL097W,0,-0.30130613,0.11707956343889236,0.9829999804496765,0.7412999868392944
YOR026W,YIL114C,0,-0.30220377,0.11706561595201492,0.9829999804496765,0.7414000034332275
YAL010C,YIL157C,0,-0.30244792,0.11705167591571808,0.9829999804496765,0.7415000200271606
YLR450W,YLR355C,0,-0.3025111,0.11703774333000183,0.9829999804496765,0.741599977016449
YNL220W,YBR288C,0,-0.30334628,0.11702381074428558,0.9829999804496765,0.7416999936103821
YLR167W,YLR074C,0,-0.30433273,0.11700987815856934,0.9829999804496765,0.7418000102043152
YNL173C,YDL235C,0,-0.3057747,0.11699595302343369,0.9829999804496765,0.7419000267982483
YDR368W,YNL097C,0,-0.3079834,0.11698202788829803,0.9829999804496765,0.7419999837875366
YJL013C,YNL244C,0,-0.30808997,0.11696811020374298,0.9829999804496765,0.7421000003814697
YGR186W,YNL009W,0,-0.30824995,0.11695419251918793,0.9829999804496765,0.7422000169754028
YMR256C,YBL007C,0,-0.31009102,0.11694028228521347,0.9829999804496765,0.7422999739646912
YHR196W,YAL013W,0,-0.3107499,0.11692637205123901,0.9829999804496765,0.7423999905586243
YFL055W,YGL078C,0,-0.3110702,0.11691246181726456,0.9829999804496765,0.7425000071525574
YPL226W,YBL046W,0,-0.311352,0.1168985590338707,0.9829999804496765,0.7426000237464905
YLR093C,YDR105C,0,-0.31209707,0.11688466370105743,0.9829999804496765,0.7426999807357788
YKL081W,YDL076C,0,-0.31213093,0.11687076091766357,0.9829999804496765,0.7427999973297119
YNL087W,YLR192C,0,-0.3132888,0.11685687303543091,0.9829999804496765,0.742900013923645
YOR278W,YBR295W,0,-0.3135903,0.11684297770261765,0.9829999804496765,0.7429999709129333
YCR047C,YLR240W,0,-0.31456685,0.11682909727096558,0.9829999804496765,0.7430999875068665
YDL191W,YDR408C,0,-0.31521666,0.11681520938873291,0.9829999804496765,0.7432000041007996
YJL125C,YOR217W,0,-0.316105,0.11680132895708084,0.9829999804496765,0.7433000206947327
YNL220W,YGL087C,0,-0.3171885,0.11678745597600937,0.9829999804496765,0.743399977684021
YHR107C,YOR157C,0,-0.31778967,0.1167735829949379,0.9829999804496765,0.7434999942779541
YNR047W,YNL301C,0,-0.31933713,0.11675971001386642,0.9829999804496765,0.7436000108718872
YNL159C,YML042W,0,-0.31940484,0.11674584448337555,0.9829999804496765,0.7437000274658203
YMR205C,YDR441C,0,-0.32047617,0.11673197895288467,0.9829999804496765,0.7437999844551086
YBR126C,YJR102C,0,-0.32357192,0.1167181208729744,0.9829999804496765,0.7439000010490417
YDR394W,YNL001W,0,-0.32374048,0.11670426279306412,0.9829999804496765,0.7440000176429749
YDR349C,YIL138C,0,-0.32375765,0.11669040471315384,0.9829999804496765,0.7440999746322632
YNR070W,YLR384C,0,-0.32474744,0.11667656153440475,0.9829999804496765,0.7441999912261963
YKL014C,YIL018W,0,-0.32543015,0.11666271090507507,0.9829999804496765,0.7443000078201294
YJL151C,YKR088C,0,-0.32624066,0.11664886772632599,0.9829999804496765,0.7444000244140625
YHR017W,YDR400W,0,-0.32626176,0.1166350245475769,0.9829999804496765,0.7444999814033508
YNL136W,YGL097W,0,-0.32767308,0.11662118881940842,0.9829999804496765,0.7445999979972839
YPR010C,YGL077C,0,-0.3279816,0.11660735309123993,0.9829999804496765,0.744700014591217
YGR135W,YPR165W,0,-0.32799685,0.11659352481365204,0.9829999804496765,0.7447999715805054
YML085C,YER051W,0,-0.328171,0.11657969653606415,0.9829999804496765,0.7448999881744385
YMR092C,YDR343C,0,-0.3282156,0.11656587570905685,0.9829999804496765,0.7450000047683716
YPL005W,YBL004W,0,-0.32859373,0.11655205488204956,0.9829999804496765,0.7451000213623047
YIL010W,YJR104C,0,-0.3288734,0.11653823405504227,0.9829999804496765,0.745199978351593
YPR140W,YBL016W,0,-0.32958865,0.11652442067861557,0.9829999804496765,0.7452999949455261
YPL017C,YMR001C,1,-0.33006454,0.11662913113832474,0.984000027179718,0.7452999949455261
YER015W,YER096W,0,-0.33166373,0.11661531031131744,0.984000027179718,0.7454000115394592
YMR261C,YPL138C,0,-0.33178127,0.11660148948431015,0.984000027179718,0.7455000281333923
YDR120C,YOR303W,0,-0.3331957,0.11658767610788345,0.984000027179718,0.7455999851226807
YPR081C,YDL042C,0,-0.334821,0.11657386273145676,0.984000027179718,0.7457000017166138
YOR153W,YDR322W,0,-0.33639598,0.11656005680561066,0.984000027179718,0.7458000183105469
YNL132W,YGL011C,0,-0.3373797,0.11654625087976456,0.984000027179718,0.7458999752998352
YKL139W,YJR118C,0,-0.33777213,0.11653245240449905,0.984000027179718,0.7459999918937683
YHR021C,YDR165W,0,-0.33994913,0.11651864647865295,0.984000027179718,0.7461000084877014
YDR261C,YNL029C,0,-0.34066105,0.11650485545396805,0.984000027179718,0.7462000250816345
YGL125W,YPR103W,0,-0.3413024,0.11649106442928314,0.984000027179718,0.7462999820709229
YKL028W,YEL003W,0,-0.34169674,0.11647727340459824,0.984000027179718,0.746399998664856
YDR448W,YNL090W,0,-0.3418864,0.11646348983049393,0.984000027179718,0.7465000152587891
YBR264C,YDR129C,0,-0.3450818,0.11644970625638962,0.984000027179718,0.7465999722480774
YHR021C,YJR118C,0,-0.34541738,0.11643592268228531,0.984000027179718,0.7466999888420105
YLR014C,YPR033C,0,-0.34622347,0.1164221465587616,0.984000027179718,0.7468000054359436
YBR158W,YDL067C,0,-0.34626603,0.11640837788581848,0.984000027179718,0.7469000220298767
YDL098C,YJL145W,0,-0.34677076,0.11639460921287537,0.984000027179718,0.746999979019165
YJL162C,YPL210C,0,-0.3467735,0.11638084053993225,0.984000027179718,0.7470999956130981
YJL204C,YKL183W,0,-0.3468666,0.11636707931756973,0.984000027179718,0.7472000122070312
YBR227C,YGL003C,0,-0.3468734,0.11635331809520721,0.984000027179718,0.7473000288009644
YNR052C,YMR071C,0,-0.34735417,0.1163395568728447,0.984000027179718,0.7473999857902527
YBL091C,YDR007W,0,-0.34741902,0.11632581055164337,0.984000027179718,0.7475000023841858
YAL003W,YAL005C,0,-0.34778905,0.11631205677986145,0.984000027179718,0.7476000189781189
YJL136C,YJL170C,0,-0.34880495,0.11629831045866013,0.984000027179718,0.7476999759674072
YBR023C,YHL001W,0,-0.34886575,0.1162845641374588,0.984000027179718,0.7477999925613403
YHR024C,YHR181W,0,-0.35132527,0.11627082526683807,0.984000027179718,0.7479000091552734
YDR100W,YPL232W,0,-0.35238445,0.11625708639621735,0.984000027179718,0.7480000257492065
YNL151C,YGL011C,0,-0.3532685,0.11624335497617722,0.984000027179718,0.7480999827384949
YER056C-A,YBL004W,0,-0.3534565,0.11622962355613708,0.984000027179718,0.748199999332428
YNL301C,YJR084W,0,-0.3538208,0.11621589958667755,0.984000027179718,0.7483000159263611
YFL034C-A,YDR438W,0,-0.3539276,0.11620217561721802,0.984000027179718,0.7483999729156494
YJL143W,YJR014W,0,-0.35494542,0.11618845164775848,0.984000027179718,0.7484999895095825
YER176W,YBR132C,0,-0.35562587,0.11617473512887955,0.984000027179718,0.7486000061035156
YDR314C,YJR050W,0,-0.35600471,0.11616101861000061,0.984000027179718,0.7487000226974487
YBL018C,YER012W,0,-0.3561163,0.11614730954170227,0.984000027179718,0.7487999796867371
YFL005W,YNL166C,0,-0.35669768,0.11613360047340393,0.984000027179718,0.7488999962806702
YFR037C,YLR014C,0,-0.35679245,0.11611989885568619,0.984000027179718,0.7490000128746033
YMR116C,YKR064W,0,-0.35697007,0.11610619723796844,0.984000027179718,0.7491000294685364
YCR028C,YHR191C,0,-0.35823512,0.1160924956202507,0.984000027179718,0.7491999864578247
YBR295W,YIL044C,0,-0.35850358,0.11607880145311356,0.984000027179718,0.7493000030517578
YGR195W,YOR155C,0,-0.35994983,0.11606510728597641,0.984000027179718,0.7494000196456909
YMR022W,YML047C,0,-0.36029458,0.11605142056941986,0.984000027179718,0.7494999766349792
YLR075W,YKR067W,0,-0.36053753,0.11603773385286331,0.984000027179718,0.7495999932289124
YDR312W,YPR145W,0,-0.36135745,0.11602405458688736,0.984000027179718,0.7497000098228455
YJL116C,YOL139C,0,-0.361498,0.11601037532091141,0.984000027179718,0.7498000264167786
YNL106C,YJL151C,0,-0.36176383,0.11599669605493546,0.984000027179718,0.7498999834060669
YHR115C,YJR073C,0,-0.3631804,0.1159830242395401,0.984000027179718,0.75
YMR261C,YDR430C,0,-0.36544228,0.11596935987472534,0.984000027179718,0.7501000165939331
YOL072W,YOL068C,1,-0.36585164,0.11607353389263153,0.9850000143051147,0.7501000165939331
YGL179C,YDR484W,0,-0.36613584,0.11605985462665558,0.9850000143051147,0.7501999735832214
YBL002W,YDR242W,0,-0.3689623,0.11604618281126022,0.9850000143051147,0.7502999901771545
YLR015W,YKL110C,0,-0.36980188,0.11603251099586487,0.9850000143051147,0.7504000067710876
YGR138C,YGL006W,0,-0.37173223,0.11601884663105011,0.9850000143051147,0.7505000233650208
YML048W,YMR156C,0,-0.37221992,0.11600518226623535,0.9850000143051147,0.7505999803543091
YNL233W,YDR190C,0,-0.3730352,0.1159915179014206,0.9850000143051147,0.7506999969482422
YMR040W,YIL034C,0,-0.37491214,0.11597786098718643,0.9850000143051147,0.7508000135421753
YMR149W,YNR008W,0,-0.37566125,0.11596421152353287,0.9850000143051147,0.7508999705314636
YER133W,YGL207W,0,-0.37702775,0.1159505620598793,0.9850000143051147,0.7509999871253967
YIL156W,YJR002W,0,-0.3779174,0.11593691259622574,0.9850000143051147,0.7511000037193298
YER093C,YER068W,0,-0.37868762,0.11592327058315277,0.9850000143051147,0.7512000203132629
YPL075W,YDR253C,0,-0.3790747,0.1159096285700798,0.9850000143051147,0.7512999773025513
YOL144W,YLR421C,0,-0.37913358,0.11589598655700684,0.9850000143051147,0.7513999938964844
YLR011W,YBL039C,0,-0.38004482,0.11588235199451447,0.9850000143051147,0.7515000104904175
YCR089W,YNR051C,0,-0.38176906,0.11586872488260269,0.9850000143051147,0.7516000270843506
YNL186W,YLR048W,0,-0.38185453,0.11585509032011032,0.9850000143051147,0.7516999840736389
YNL291C,YPL090C,0,-0.38255632,0.11584147065877914,0.9850000143051147,0.751800000667572
YMR105C,YPR036W,0,-0.3829614,0.11582784354686737,0.9850000143051147,0.7519000172615051
YDR225W,YGL100W,0,-0.3837844,0.1158142238855362,0.9850000143051147,0.7519999742507935
YMR183C,YNL142W,0,-0.3846755,0.11580061167478561,0.9850000143051147,0.7520999908447266
YPL058C,YJR160C,0,-0.3849542,0.11578699946403503,0.9850000143051147,0.7522000074386597
YDR237W,YML092C,0,-0.3850267,0.11577338725328445,0.9850000143051147,0.7523000240325928
YOL109W,YGR163W,0,-0.3853885,0.11575978249311447,0.9850000143051147,0.7523999810218811
YNL280C,YCL054W,0,-0.38703454,0.11574617773294449,0.9850000143051147,0.7524999976158142
YNL099C,YHL025W,0,-0.3876897,0.1157325804233551,0.9850000143051147,0.7526000142097473
YLR075W,YMR293C,0,-0.38836908,0.11571898311376572,0.9850000143051147,0.7526999711990356
YMR277W,YGL161C,0,-0.3887434,0.11570539325475693,0.9850000143051147,0.7527999877929688
YML057W,YDL193W,0,-0.38891506,0.11569180339574814,0.9850000143051147,0.7529000043869019
YMR083W,YLR214W,0,-0.39015377,0.11567821353673935,0.9850000143051147,0.753000020980835
YDR155C,YGR274C,0,-0.39062262,0.11566463112831116,0.9850000143051147,0.7530999779701233
YJL189W,YOR197W,0,-0.39079452,0.11565104871988297,0.9850000143051147,0.7531999945640564
YLR096W,YLR110C,0,-0.39139235,0.11563747376203537,0.9850000143051147,0.7533000111579895
YBR048W,YPL019C,0,-0.39266992,0.11562389880418777,0.9850000143051147,0.7534000277519226
YCL031C,YJR068W,0,-0.39297533,0.11561033129692078,0.9850000143051147,0.7534999847412109
YGR157W,YDR158W,0,-0.39398384,0.11559676378965378,0.9850000143051147,0.753600001335144
YKL060C,YMR009W,0,-0.3962214,0.11558319628238678,0.9850000143051147,0.7537000179290771
YPR017C,YAL042W,0,-0.39713144,0.11556963622570038,0.9850000143051147,0.7537999749183655
YNL101W,YKL192C,0,-0.39744067,0.11555607616901398,0.9850000143051147,0.7538999915122986
YKL213C,YOR064C,0,-0.39764774,0.11554252356290817,0.9850000143051147,0.7540000081062317
YOR259C,YGL061C,0,-0.39774346,0.11552897095680237,0.9850000143051147,0.7541000247001648
YGR234W,YHL047C,0,-0.39828992,0.11551541835069656,0.9850000143051147,0.7541999816894531
YML082W,YOL041C,0,-0.39869583,0.11550187319517136,0.9850000143051147,0.7542999982833862
YMR234W,YDR270W,0,-0.39891946,0.11548833549022675,0.9850000143051147,0.7544000148773193
YKL032C,YBL099W,0,-0.39901495,0.11547479778528214,0.9850000143051147,0.7544999718666077
YCR069W,YEL026W,0,-0.3991319,0.11546126008033752,0.9850000143051147,0.7545999884605408
YPR156C,YJL076W,0,-0.39917314,0.11544772982597351,0.9850000143051147,0.7547000050544739
YIL099W,YOR312C,0,-0.40075326,0.1154341995716095,0.9850000143051147,0.754800021648407
YEL034W,YJL033W,0,-0.40224302,0.11542066931724548,0.9850000143051147,0.7548999786376953
YDL100C,YPL079W,0,-0.40343082,0.11540714651346207,0.9850000143051147,0.7549999952316284
YMR197C,YBR089C-A,0,-0.4042449,0.11539362370967865,0.9850000143051147,0.7551000118255615
YDR432W,YKL184W,0,-0.40448284,0.11538010835647583,0.9850000143051147,0.7552000284194946
YJL093C,YNR046W,0,-0.40469706,0.11536659300327301,0.9850000143051147,0.755299985408783
YLR328W,YHL007C,0,-0.40473342,0.11535308510065079,0.9850000143051147,0.7554000020027161
YMR195W,YJR017C,0,-0.40503645,0.11533957719802856,0.9850000143051147,0.7555000185966492
YBL019W,YLR027C,0,-0.40527177,0.11532607674598694,0.9850000143051147,0.7555999755859375
YMR150C,YDL136W,0,-0.40567756,0.11531257629394531,0.9850000143051147,0.7556999921798706
YML093W,YPR161C,0,-0.40603876,0.11529907584190369,0.9850000143051147,0.7558000087738037
YOR171C,YPL183C,0,-0.40738606,0.11528558284044266,0.9850000143051147,0.7559000253677368
YER177W,YNL029C,0,-0.4074545,0.11527208983898163,0.9850000143051147,0.7559999823570251
YMR139W,YNL054W,0,-0.40764785,0.1152585968375206,0.9850000143051147,0.7560999989509583
YOR153W,YPR016C,0,-0.40841424,0.11524511873722076,0.9850000143051147,0.7562000155448914
YDL004W,YDL188C,0,-0.40843654,0.11523163318634033,0.9850000143051147,0.7562999725341797
YJL137C,YOL140W,0,-0.4108789,0.1152181550860405,0.9850000143051147,0.7563999891281128
YOL113W,YDL108W,0,-0.41357827,0.11520467698574066,0.9850000143051147,0.7565000057220459
YPR143W,YBR035C,0,-0.41363645,0.11519120633602142,0.9850000143051147,0.756600022315979
YDL190C,YOL021C,0,-0.4141252,0.11517773568630219,0.9850000143051147,0.7566999793052673
YNL101W,YBR234C,0,-0.41416264,0.11516427248716354,0.9850000143051147,0.7567999958992004
YER056C-A,YOR259C,0,-0.41443968,0.1151508092880249,0.9850000143051147,0.7569000124931335
YKR022C,YJR065C,0,-0.415133,0.11513734608888626,0.9850000143051147,0.7570000290870667
YML130C,YOR335C,0,-0.41526937,0.11512389034032822,0.9850000143051147,0.757099986076355
YDR517W,YML060W,0,-0.4153118,0.11511043459177017,0.9850000143051147,0.7572000026702881
YLR390W-A,YIR004W,0,-0.41583443,0.11509698629379272,0.9850000143051147,0.7573000192642212
YNL327W,YEL065W,0,-0.4172299,0.11508353799581528,0.9850000143051147,0.7573999762535095
YAR015W,YDR480W,0,-0.4184432,0.11507009714841843,0.9850000143051147,0.7574999928474426
YKL193C,YHR117W,0,-0.41863227,0.11505664885044098,0.9850000143051147,0.7576000094413757
YPR154W,YGL232W,0,-0.41918635,0.11504321545362473,0.9850000143051147,0.7577000260353088
YDL117W,YOR298C-A,0,-0.4192295,0.11502978205680847,0.9850000143051147,0.7577999830245972
YPL133C,YGL040C,0,-0.41949463,0.11501634865999222,0.9850000143051147,0.7578999996185303
YGR148C,YJL156C,0,-0.42001367,0.11500291526317596,0.9850000143051147,0.7580000162124634
YGL027C,YIL085C,0,-0.42030573,0.1149894967675209,0.9850000143051147,0.7580999732017517
YMR088C,YMR278W,0,-0.4207281,0.11497607082128525,0.9850000143051147,0.7581999897956848
YOR360C,YOR191W,0,-0.42124486,0.11496265232563019,0.9850000143051147,0.7583000063896179
YPL008W,YLR448W,0,-0.42192316,0.11494923382997513,0.9850000143051147,0.758400022983551
YLR421C,YMR189W,0,-0.42221093,0.11493582278490067,0.9850000143051147,0.7584999799728394
YOL016C,YPL126W,0,-0.42354476,0.1149224117398262,0.9850000143051147,0.7585999965667725
YPL143W,YOR253W,0,-0.42361832,0.11490900814533234,0.9850000143051147,0.7587000131607056
YDR291W,YMR142C,0,-0.4237306,0.11489560455083847,0.9850000143051147,0.7588000297546387
YJL063C,YAL058W,0,-0.42397738,0.1148822009563446,0.9850000143051147,0.758899986743927
YOR259C,YJR017C,0,-0.42398524,0.11486880481243134,0.9850000143051147,0.7590000033378601
YDL049C,YMR041C,0,-0.42505455,0.11485540866851807,0.9850000143051147,0.7591000199317932
YBR254C,YDR276C,0,-0.42623854,0.1148420199751854,0.9850000143051147,0.7591999769210815
YHR025W,YGL124C,0,-0.42635155,0.11482863128185272,0.9850000143051147,0.7592999935150146
YMR022W,YHR052W,0,-0.42697787,0.11481525003910065,0.9850000143051147,0.7594000101089478
YOR363C,YER146W,0,-0.42720723,0.11480186134576797,0.9850000143051147,0.7595000267028809
YKL213C,YLR248W,0,-0.4279486,0.1147884875535965,0.9850000143051147,0.7595999836921692
YPL033C,YDR025W,0,-0.4298705,0.11477511376142502,0.9850000143051147,0.7597000002861023
YDR202C,YPR086W,0,-0.42998862,0.11476173996925354,0.9850000143051147,0.7598000168800354
YDR376W,YER124C,0,-0.43049324,0.11474836617708206,0.9850000143051147,0.7598999738693237
YLR119W,YOL132W,0,-0.4318192,0.11473499983549118,0.9850000143051147,0.7599999904632568
YOL016C,YDL205C,0,-0.4318266,0.1147216409444809,0.9850000143051147,0.7601000070571899
YHR043C,YLR066W,0,-0.43184054,0.11470828205347061,0.9850000143051147,0.760200023651123
YLR226W,YBR014C,0,-0.4325384,0.11469492316246033,0.9850000143051147,0.7602999806404114
YOR080W,YOL005C,0,-0.4326682,0.11468157172203064,0.9850000143051147,0.7603999972343445
YMR001C,YOR005C,1,-0.43315887,0.11478463560342789,0.9860000014305115,0.7603999972343445
YKL062W,YDL115C,0,-0.43325722,0.114771269261837,0.9860000014305115,0.7605000138282776
YIL014W,YPR041W,0,-0.4332614,0.11475791782140732,0.9860000014305115,0.7605999708175659
YGL161C,YPL048W,0,-0.43571973,0.11474455893039703,0.9860000014305115,0.760699987411499
YOR181W,YIL039W,0,-0.43615842,0.11473120748996735,0.9860000014305115,0.7608000040054321
YPL047W,YOL058W,0,-0.43637538,0.11471785604953766,0.9860000014305115,0.7609000205993652
YKL112W,YOR044W,0,-0.43643534,0.11470451205968857,0.9860000014305115,0.7609999775886536
YBR005W,YNL031C,0,-0.43813455,0.11469116806983948,0.9860000014305115,0.7610999941825867
YOR254C,YLR240W,0,-0.43830156,0.11467783153057098,0.9860000014305115,0.7612000107765198
YOR307C,YMR171C,0,-0.43975568,0.11466449499130249,0.9860000014305115,0.7613000273704529
YPL226W,YKL060C,0,-0.43977213,0.1146511659026146,0.9860000014305115,0.7613999843597412
YGL032C,YIL110W,0,-0.44005132,0.1146378293633461,0.9860000014305115,0.7615000009536743
YLR266C,YIL015W,0,-0.44026685,0.1146245077252388,0.9860000014305115,0.7616000175476074
YBR121C,YDR312W,0,-0.44267154,0.1146111786365509,0.9860000014305115,0.7616999745368958
YMR305C,YDR510W,0,-0.4435773,0.1145978644490242,0.9860000014305115,0.7617999911308289
YLR118C,YDL007W,0,-0.4439926,0.1145845428109169,0.9860000014305115,0.761900007724762
YGL136C,YMR171C,0,-0.44566333,0.1145712286233902,0.9860000014305115,0.7620000243186951
YJR073C,YML013W,0,-0.44608116,0.1145579144358635,0.9860000014305115,0.7620999813079834
YDL124W,YBL078C,0,-0.44627106,0.11454460769891739,0.9860000014305115,0.7621999979019165
YDR202C,YHR096C,0,-0.44656038,0.11453130096197128,0.9860000014305115,0.7623000144958496
YDR044W,YDR073W,0,-0.44666958,0.11451800167560577,0.9860000014305115,0.7623999714851379
YGR174C,YJL167W,0,-0.44689357,0.11450470238924026,0.9860000014305115,0.762499988079071
YBR162C,YDR047W,0,-0.44765484,0.11449141055345535,0.9860000014305115,0.7626000046730042
YDR007W,YDR103W,0,-0.44815993,0.11447811126708984,0.9860000014305115,0.7627000212669373
YDR031W,YAL010C,0,-0.44930863,0.11446482688188553,0.9860000014305115,0.7627999782562256
YPL106C,YIL026C,0,-0.45011044,0.11445153504610062,0.9860000014305115,0.7628999948501587
YDR001C,YDR434W,0,-0.45034647,0.1144382581114769,0.9860000014305115,0.7630000114440918
YLR172C,YLL024C,0,-0.45072746,0.11442497372627258,0.9860000014305115,0.7631000280380249
YML019W,YIL160C,0,-0.45143628,0.11441169679164886,0.9860000014305115,0.7631999850273132
YDR287W,YHR088W,0,-0.45204926,0.11439841985702515,0.9860000014305115,0.7633000016212463
YAL019W,YIL075C,0,-0.4525919,0.11438515037298203,0.9860000014305115,0.7634000182151794
YEL032W,YMR298W,0,-0.45408225,0.1143718808889389,0.9860000014305115,0.7634999752044678
YML129C,YGR206W,0,-0.4541279,0.11435861885547638,0.9860000014305115,0.7635999917984009
YJR118C,YLR369W,0,-0.4544077,0.11434535682201385,0.9860000014305115,0.763700008392334
YMR015C,YBR244W,0,-0.45513844,0.11433209478855133,0.9860000014305115,0.7638000249862671
YOR362C,YOR081C,0,-0.45769858,0.1143188402056694,0.9860000014305115,0.7638999819755554
YHR136C,YBR039W,0,-0.4580388,0.11430558562278748,0.9860000014305115,0.7639999985694885
YER014W,YKR003W,0,-0.45817685,0.11429233849048615,0.9860000014305115,0.7641000151634216
YDR007W,YJL101C,0,-0.4585297,0.11427909135818481,0.9860000014305115,0.76419997215271
YJL157C,YMR184W,0,-0.45880878,0.11426584422588348,0.9860000014305115,0.7642999887466431
YBR154C,YOR035C,0,-0.4590373,0.11425260454416275,0.9860000014305115,0.7644000053405762
YKL028W,YPL118W,0,-0.4593959,0.11423937231302261,0.9860000014305115,0.7645000219345093
YKL065C,YJL110C,0,-0.45961952,0.11422613263130188,0.9860000014305115,0.7645999789237976
YIL007C,YAL055W,0,-0.4598757,0.11421290040016174,0.9860000014305115,0.7646999955177307
YDR087C,YLR214W,0,-0.46013987,0.1141996756196022,0.9860000014305115,0.7648000121116638
YBL064C,YJR095W,0,-0.46163762,0.11418645083904266,0.9860000014305115,0.7649000287055969
YML098W,YGL189C,0,-0.46188295,0.11417322605848312,0.9860000014305115,0.7649999856948853
YLR074C,YJL186W,0,-0.4626181,0.11416000872850418,0.9860000014305115,0.7651000022888184
YPL242C,YBL024W,0,-0.4627105,0.11414679139852524,0.9860000014305115,0.7652000188827515
YMR261C,YJR025C,0,-0.4627167,0.11413358151912689,0.9860000014305115,0.7652999758720398
YHR203C,YPL215W,0,-0.464249,0.11412037163972855,0.9860000014305115,0.7653999924659729
YGL005C,YAL012W,0,-0.46467674,0.1141071617603302,0.9860000014305115,0.765500009059906
YDL060W,YDR127W,0,-0.46646762,0.11409395933151245,0.9860000014305115,0.7656000256538391
YDR078C,YJL090C,1,-0.46673465,0.11419645696878433,0.9869999885559082,0.7656000256538391
YER133W,YAL008W,0,-0.46710396,0.11418324708938599,0.9869999885559082,0.7656999826431274
YDR087C,YLR215C,0,-0.46831083,0.11417003720998764,0.9869999885559082,0.7657999992370605
YDL081C,YPL255W,0,-0.46921384,0.11415683478116989,0.9869999885559082,0.7659000158309937
YPL015C,YMR001C,1,-0.46987295,0.1142592802643776,0.9879999756813049,0.7659000158309937
YDR085C,YML060W,0,-0.470124,0.11424607038497925,0.9879999756813049,0.765999972820282
YOR036W,YJL154C,0,-0.4703741,0.1142328605055809,0.9879999756813049,0.7660999894142151
YOR373W,YPR016C,0,-0.47285056,0.11421965062618256,0.9879999756813049,0.7662000060081482
YDR225W,YPL029W,0,-0.47296262,0.11420644819736481,0.9879999756813049,0.7663000226020813
YGL054C,YDL175C,0,-0.4765916,0.11419325321912766,0.9879999756813049,0.7663999795913696
YEL051W,YFR008W,0,-0.4774524,0.1141800507903099,0.9879999756813049,0.7664999961853027
YAL035W,YDR452W,0,-0.47780633,0.11416685581207275,0.9879999756813049,0.7666000127792358
YOR119C,YMR192W,0,-0.47920585,0.1141536682844162,0.9879999756813049,0.766700029373169
YPL173W,YOR017W,0,-0.47927272,0.11414048075675964,0.9879999756813049,0.7667999863624573
YPR034W,YOR253W,0,-0.47984195,0.11412729322910309,0.9879999756813049,0.7669000029563904
YFR015C,YJL033W,0,-0.48056817,0.11411411315202713,0.9879999756813049,0.7670000195503235
YJL164C,YKR046C,0,-0.4806893,0.11410093307495117,0.9879999756813049,0.7670999765396118
YDR390C,YMR297W,0,-0.48181283,0.11408776044845581,0.9879999756813049,0.7671999931335449
YBL038W,YML007W,0,-0.48225534,0.11407458782196045,0.9879999756813049,0.767300009727478
YHR052W,YEL009C,0,-0.48283362,0.11406141519546509,0.9879999756813049,0.7674000263214111
YPR042C,YOL128C,0,-0.48345137,0.11404825001955032,0.9879999756813049,0.7674999833106995
YNL012W,YGR106C,0,-0.4842366,0.11403508484363556,0.9879999756813049,0.7675999999046326
YDL149W,YBR175W,0,-0.484334,0.11402192711830139,0.9879999756813049,0.7677000164985657
YOR337W,YOR267C,0,-0.48475778,0.11400876939296722,0.9879999756813049,0.767799973487854
YBR234C,YMR184W,0,-0.485062,0.11399561911821365,0.9879999756813049,0.7678999900817871
YMR098C,YDR044W,0,-0.4862982,0.11398246139287949,0.9879999756813049,0.7680000066757202
YGR202C,YIL041W,0,-0.4868194,0.11396931856870651,0.9879999756813049,0.7681000232696533
YIL036W,YPR120C,0,-0.48748803,0.11395616829395294,0.9879999756813049,0.7681999802589417
YHR110W,YLL024C,0,-0.48904347,0.11394302546977997,0.9879999756813049,0.7682999968528748
YPL128C,YDR408C,0,-0.48977733,0.11392989009618759,0.9879999756813049,0.7684000134468079
YMR292W,YDR038C,0,-0.49038017,0.11391675472259521,0.9879999756813049,0.7684999704360962
YER025W,YFR034C,0,-0.49181795,0.11390361934900284,0.9879999756813049,0.7685999870300293
YDR219C,YDL113C,0,-0.49222243,0.11389049142599106,0.9879999756813049,0.7687000036239624
YNL083W,YAR033W,0,-0.49245238,0.11387736350297928,0.9879999756813049,0.7688000202178955
YDR147W,YDR412W,0,-0.4925673,0.1138642355799675,0.9879999756813049,0.7688999772071838
YAL056W,YBR023C,0,-0.49335527,0.11385111510753632,0.9879999756813049,0.7689999938011169
YEL027W,YOR174W,0,-0.49371672,0.11383800208568573,0.9879999756813049,0.76910001039505
YKR038C,YKR024C,0,-0.49415946,0.11382488161325455,0.9879999756813049,0.7692000269889832
YNL101W,YNL036W,0,-0.49416852,0.11381177604198456,0.9879999756813049,0.7692999839782715
YPL146C,YDR176W,0,-0.49438047,0.11379866302013397,0.9879999756813049,0.7694000005722046
YJL151C,YDR438W,0,-0.49462426,0.11378555744886398,0.9879999756813049,0.7695000171661377
YCR039C,YLR019W,0,-0.49466538,0.113772451877594,0.9879999756813049,0.769599974155426
YER149C,YJL197W,0,-0.49572825,0.1137593537569046,0.9879999756813049,0.7696999907493591
YER063W,YGL093W,0,-0.4959669,0.11374625563621521,0.9879999756813049,0.7698000073432922
YFL031W,YLR128W,0,-0.49648666,0.11373316496610641,0.9879999756813049,0.7699000239372253
YPR081C,YMR278W,0,-0.49952435,0.11372007429599762,0.9879999756813049,0.7699999809265137
YJR033C,YLR451W,0,-0.5000429,0.11370698362588882,0.9879999756813049,0.7700999975204468
YPL146C,YPL060W,0,-0.5000849,0.11369390040636063,0.9879999756813049,0.7702000141143799
YNL098C,YLR100W,0,-0.5004493,0.11368081718683243,0.9879999756813049,0.7702999711036682
YLR090W,YGL232W,0,-0.50096464,0.11366774141788483,0.9879999756813049,0.7703999876976013
YMR237W,YCR079W,0,-0.5012851,0.11365466564893723,0.9879999756813049,0.7705000042915344
YJL164C,YPL231W,0,-0.5017437,0.11364158987998962,0.9879999756813049,0.7706000208854675
YOL061W,YOR157C,0,-0.50340056,0.11362852156162262,0.9879999756813049,0.7706999778747559
YMR058W,YMR068W,0,-0.50359786,0.11361545324325562,0.9879999756813049,0.770799994468689
YBR109C,YJL010C,0,-0.50371194,0.11360239237546921,0.9879999756813049,0.7709000110626221
YGR257C,YPL255W,0,-0.5052111,0.1135893315076828,0.9879999756813049,0.7710000276565552
YOL146W,YER177W,0,-0.5055342,0.11357627063989639,0.9879999756813049,0.7710999846458435
YGL070C,YHR073W,0,-0.50738454,0.11356321722269058,0.9879999756813049,0.7712000012397766
YBL007C,YGL008C,0,-0.5078646,0.11355016380548477,0.9879999756813049,0.7713000178337097
YLR370C,YDR055W,0,-0.5079527,0.11353711783885956,0.9879999756813049,0.771399974822998
YLR181C,YLR133W,0,-0.5087615,0.11352407187223434,0.9879999756813049,0.7714999914169312
YGR152C,YGR040W,0,-0.50897753,0.11351102590560913,0.9879999756813049,0.7716000080108643
YNR043W,YCR065W,0,-0.5112884,0.11349798738956451,0.9879999756813049,0.7717000246047974
YJR046W,YGL067W,0,-0.511341,0.1134849563241005,0.9879999756813049,0.7717999815940857
YKL191W,YFL009W,0,-0.5118016,0.11347191780805588,0.9879999756813049,0.7718999981880188
YNL124W,YPL023C,0,-0.5121144,0.11345888674259186,0.9879999756813049,0.7720000147819519
YGL025C,YDL168W,0,-0.5127741,0.11344586312770844,0.9879999756813049,0.7720999717712402
YEL050C,YBR089C-A,0,-0.5127922,0.11343283951282501,0.9879999756813049,0.7721999883651733
YJL123C,YDR538W,0,-0.5129156,0.11341981589794159,0.9879999756813049,0.7723000049591064
YJR105W,YDR261C,0,-0.5139358,0.11340679228305817,0.9879999756813049,0.7724000215530396
YJL210W,YOL055C,0,-0.5143813,0.11339377611875534,0.9879999756813049,0.7724999785423279
YER172C,YPL051W,0,-0.5148735,0.11338076740503311,0.9879999756813049,0.772599995136261
YDR507C,YDR276C,0,-0.5181724,0.11336775869131088,0.9879999756813049,0.7727000117301941
YGR178C,YNL038W,0,-0.519904,0.11335474997758865,0.9879999756813049,0.7728000283241272
YER029C,YIL004C,0,-0.5204148,0.11334174871444702,0.9879999756813049,0.7728999853134155
YDL117W,YER159C,0,-0.52077234,0.11332874745130539,0.9879999756813049,0.7730000019073486
YDR033W,YAL015C,0,-0.5208671,0.11331574618816376,0.9879999756813049,0.7731000185012817
YNR050C,YBR035C,0,-0.52248394,0.11330275237560272,0.9879999756813049,0.7731999754905701
YAL053W,YMR121C,0,-0.5236788,0.11328975856304169,0.9879999756813049,0.7732999920845032
YNL207W,YIL044C,0,-0.52373517,0.11327677220106125,0.9879999756813049,0.7734000086784363
YPR098C,YOR075W,0,-0.5238373,0.11326378583908081,0.9879999756813049,0.7735000252723694
YDL120W,YIL114C,0,-0.5242579,0.11325079947710037,0.9879999756813049,0.7735999822616577
YPL215W,YOR307C,0,-0.52776027,0.11323782056570053,0.9879999756813049,0.7736999988555908
YOR070C,YDR330W,0,-0.5297663,0.11322484165430069,0.9879999756813049,0.7738000154495239
YML130C,YKL051W,0,-0.5301454,0.11321187019348145,0.9879999756813049,0.7738999724388123
YOL077W-A,YKL143W,0,-0.5310693,0.1131988987326622,0.9879999756813049,0.7739999890327454
YPL265W,YBR127C,0,-0.53143644,0.11318593472242355,0.9879999756813049,0.7741000056266785
YNL001W,YAL055W,0,-0.53284955,0.11317296326160431,0.9879999756813049,0.7742000222206116
YKL155C,YGL191W,0,-0.5351658,0.11316000670194626,0.9879999756813049,0.7742999792098999
YKL021C,YLR287C-A,0,-0.5355952,0.11314704269170761,0.9879999756813049,0.774399995803833
YNL009W,YER083C,0,-0.5358423,0.11313408613204956,0.9879999756813049,0.7745000123977661
YMR192W,YOR122C,0,-0.5363369,0.1131211370229721,0.9879999756813049,0.7746000289916992
YKL188C,YGL011C,0,-0.5369189,0.11310818791389465,0.9879999756813049,0.7746999859809875
YMR026C,YLL009C,0,-0.5377443,0.1130952388048172,0.9879999756813049,0.7748000025749207
YDR143C,YFR053C,0,-0.5380204,0.11308229714632034,0.9879999756813049,0.7749000191688538
YDR165W,YDR171W,0,-0.5382972,0.11306935548782349,0.9879999756813049,0.7749999761581421
YHR094C,YPL046C,0,-0.5391754,0.11305641382932663,0.9879999756813049,0.7750999927520752
YOL001W,YDR261C,0,-0.5394224,0.11304347962141037,0.9879999756813049,0.7752000093460083
YLR110C,YBR039W,0,-0.54321194,0.11303054541349411,0.9879999756813049,0.7753000259399414
YDR311W,YDR422C,0,-0.5439174,0.11301761865615845,0.9879999756813049,0.7753999829292297
YLR023C,YDR490C,0,-0.5454012,0.11300469189882278,0.9879999756813049,0.7754999995231628
YCR028C-A,YNL003C,0,-0.54566073,0.11299176514148712,0.9879999756813049,0.775600016117096
YPR199C,YER026C,0,-0.5469748,0.11297884583473206,0.9879999756813049,0.7756999731063843
YDL166C,YDL235C,0,-0.5473113,0.11296592652797699,0.9879999756813049,0.7757999897003174
YGR148C,YPL053C,0,-0.5495572,0.11295301467180252,0.9879999756813049,0.7759000062942505
YBR268W,YBR217W,0,-0.5495589,0.11294010281562805,0.9879999756813049,0.7760000228881836
YFR037C,YDR400W,0,-0.5497389,0.11292719095945358,0.9879999756813049,0.7760999798774719
YIL145C,YGR195W,0,-0.55041397,0.11291428655385971,0.9879999756813049,0.776199996471405
YJR059W,YBR065C,0,-0.550459,0.11290138214826584,0.9879999756813049,0.7763000130653381
YHR064C,YML001W,0,-0.5504905,0.11288848519325256,0.9879999756813049,0.7764000296592712
YOR143C,YDL052C,0,-0.55063295,0.11287558823823929,0.9879999756813049,0.7764999866485596
YJL047C,YBR201W,0,-0.55105007,0.11286269128322601,0.9879999756813049,0.7766000032424927
YGL021W,YLR109W,0,-0.5516585,0.11284980177879333,0.9879999756813049,0.7767000198364258
YDR202C,YPR118W,0,-0.5522592,0.11283691227436066,0.9879999756813049,0.7767999768257141
YDR121W,YOR332W,0,-0.5522826,0.11282402276992798,0.9879999756813049,0.7768999934196472
YPR108W,YBR142W,0,-0.5552261,0.1128111407160759,0.9879999756813049,0.7770000100135803
YJR042W,YHR205W,0,-0.5556953,0.11279826611280441,0.9879999756813049,0.7771000266075134
YPL206C,YJL111W,0,-0.55589235,0.11278539150953293,0.9879999756813049,0.7771999835968018
YIL148W,YGR120C,0,-0.556085,0.11277251690626144,0.9879999756813049,0.7773000001907349
YPL234C,YGR231C,0,-0.5571306,0.11275964230298996,0.9879999756813049,0.777400016784668
YJL008C,YKL179C,0,-0.5573627,0.11274677515029907,0.9879999756813049,0.7774999737739563
YJR109C,YGL023C,0,-0.55764174,0.11273390799760818,0.9879999756813049,0.7775999903678894
YDR045C,YPL013C,0,-0.5585718,0.1127210482954979,0.9879999756813049,0.7777000069618225
YOR316C,YPL004C,0,-0.55871546,0.1127081885933876,0.9879999756813049,0.7778000235557556
YOR202W,YCR021C,0,-0.5601225,0.11269533634185791,0.9879999756813049,0.777899980545044
YLR133W,YIL109C,0,-0.5606853,0.11268248409032822,0.9879999756813049,0.777999997138977
YKL062W,YNL094W,0,-0.5616412,0.11266963183879852,0.9879999756813049,0.7781000137329102
YLR158C,YLR019W,0,-0.5617434,0.11265678703784943,0.9879999756813049,0.7781999707221985
YLR342W,YIL015W,0,-0.5629225,0.11264394223690033,0.9879999756813049,0.7782999873161316
YNL001W,YLR068W,0,-0.5630324,0.11263109743595123,0.9879999756813049,0.7784000039100647
YDL154W,YOR354C,1,-0.5651773,0.11273224651813507,0.9890000224113464,0.7784000039100647
YGR135W,YMR012W,0,-0.56630147,0.11271940171718597,0.9890000224113464,0.7785000205039978
YOR127W,YHR106W,0,-0.5668411,0.11270654946565628,0.9890000224113464,0.7785999774932861
YKL181W,YDR421W,0,-0.56827486,0.11269371211528778,0.9890000224113464,0.7786999940872192
YDL138W,YOR197W,0,-0.5685744,0.11268086731433868,0.9890000224113464,0.7788000106811523
YER020W,YKL016C,0,-0.56863153,0.11266803741455078,0.9890000224113464,0.7789000272750854
YKL033W,YMR251W-A,0,-0.5693717,0.11265520006418228,0.9890000224113464,0.7789999842643738
YDR256C,YPL063W,0,-0.57007813,0.11264237016439438,0.9890000224113464,0.7791000008583069
YAL061W,YDL099W,0,-0.5701275,0.11262954026460648,0.9890000224113464,0.77920001745224
YAL044C,YLR090W,0,-0.57146084,0.11261671781539917,0.9890000224113464,0.7792999744415283
YGR116W,YER089C,0,-0.57276607,0.11260389536619186,0.9890000224113464,0.7793999910354614
YBR188C,YJR077C,0,-0.5739716,0.11259107291698456,0.9890000224113464,0.7795000076293945
YMR192W,YDL230W,0,-0.57454526,0.11257825791835785,0.9890000224113464,0.7796000242233276
YMR100W,YPR192W,0,-0.57505465,0.11256544291973114,0.9890000224113464,0.779699981212616
YMR261C,YPL227C,0,-0.57510555,0.11255263537168503,0.9890000224113464,0.7797999978065491
YDL201W,YFR028C,0,-0.5751524,0.11253982782363892,0.9890000224113464,0.7799000144004822
YNL199C,YPL249C-A,0,-0.57520306,0.1125270202755928,0.9890000224113464,0.7799999713897705
YGR086C,YDR002W,0,-0.57554436,0.11251422017812729,0.9890000224113464,0.7800999879837036
YMR277W,YOL139C,0,-0.57612324,0.11250142008066177,0.9890000224113464,0.7802000045776367
YGL115W,YJL096W,0,-0.5764148,0.11248862743377686,0.9890000224113464,0.7803000211715698
YIL050W,YJR058C,0,-0.5771898,0.11247583478689194,0.9890000224113464,0.7803999781608582
YMR131C,YDR219C,0,-0.57723045,0.11246304214000702,0.9890000224113464,0.7804999947547913
YNR012W,YKL152C,0,-0.5780536,0.1124502569437027,0.9890000224113464,0.7806000113487244
YDL145C,YGR192C,0,-0.578573,0.11243747174739838,0.9890000224113464,0.7807000279426575
YGR007W,YAL048C,0,-0.5792084,0.11242468655109406,0.9890000224113464,0.7807999849319458
YHR064C,YLR247C,0,-0.5795276,0.11241190880537033,0.9890000224113464,0.7809000015258789
YKR053C,YMR205C,0,-0.57982874,0.1123991385102272,0.9890000224113464,0.781000018119812
YOR221C,YKL016C,0,-0.57989264,0.11238636076450348,0.9890000224113464,0.7810999751091003
YDL153C,YGR002C,0,-0.580317,0.11237359046936035,0.9890000224113464,0.7811999917030334
YDR118W,YER053C,0,-0.5804328,0.11236082762479782,0.9890000224113464,0.7813000082969666
YNR032C-A,YGR295C,0,-0.5808506,0.11234806478023529,0.9890000224113464,0.7814000248908997
YLR423C,YGL125W,0,-0.5823884,0.11233530193567276,0.9890000224113464,0.781499981880188
YOR266W,YDR213W,0,-0.5827228,0.11232254654169083,0.9890000224113464,0.7815999984741211
YPL202C,YPR010C,0,-0.5835607,0.11230979114770889,0.9890000224113464,0.7817000150680542
YDR363W-A,YHR016C,0,-0.5839093,0.11229703575372696,0.9890000224113464,0.7817999720573425
YMR156C,YDR096W,0,-0.5840539,0.11228428781032562,0.9890000224113464,0.7818999886512756
YDR258C,YGR286C,0,-0.58464015,0.11227153986692429,0.9890000224113464,0.7820000052452087
YDR399W,YIL112W,0,-0.5848892,0.11225879937410355,0.9890000224113464,0.7821000218391418
YDR044W,YHR026W,0,-0.58522654,0.1122460588812828,0.9890000224113464,0.7821999788284302
YPL001W,YPL004C,0,-0.5854504,0.11223331838846207,0.9890000224113464,0.7822999954223633
YIL027C,YIL039W,0,-0.58564913,0.11222058534622192,0.9890000224113464,0.7824000120162964
YKL148C,YBR057C,0,-0.58564997,0.11220785230398178,0.9890000224113464,0.7825000286102295
YJL221C,YOR079C,0,-0.58674717,0.11219511926174164,0.9890000224113464,0.7825999855995178
YML106W,YPR112C,0,-0.59106445,0.11218239367008209,0.9890000224113464,0.7827000021934509
YCR003W,YNL216W,0,-0.59166074,0.11216967552900314,0.9890000224113464,0.782800018787384
YDL110C,YDR422C,0,-0.59178734,0.1121569499373436,0.9890000224113464,0.7828999757766724
YKL160W,YDR343C,0,-0.59440136,0.11214423179626465,0.9890000224113464,0.7829999923706055
YLR185W,YKL028W,0,-0.5944481,0.1121315211057663,0.9890000224113464,0.7831000089645386
YJL165C,YDL136W,0,-0.5946436,0.11211881041526794,0.9890000224113464,0.7832000255584717
YJL050W,YJL054W,0,-0.5951743,0.11210609972476959,0.9890000224113464,0.78329998254776
YJL109C,YKR038C,0,-0.5960505,0.11209338903427124,0.9890000224113464,0.7833999991416931
YMR225C,YEL009C,0,-0.59662485,0.11208068579435349,0.9890000224113464,0.7835000157356262
YJL012C,YMR116C,0,-0.5967865,0.11206799000501633,0.9890000224113464,0.7835999727249146
YPL143W,YOR118W,0,-0.59685993,0.11205529421567917,0.9890000224113464,0.7836999893188477
YER155C,YPR118W,0,-0.59707284,0.11204259842634201,0.9890000224113464,0.7838000059127808
YBR048W,YGR047C,0,-0.59736276,0.11202990263700485,0.9890000224113464,0.7839000225067139
YNL123W,YGL135W,0,-0.5973673,0.11201721429824829,0.9890000224113464,0.7839999794960022
YHR044C,YJR045C,0,-0.5981555,0.11200453341007233,0.9890000224113464,0.7840999960899353
YDL205C,YKL006W,0,-0.5987499,0.11199184507131577,0.9890000224113464,0.7842000126838684
YGL128C,YPL258C,0,-0.59972906,0.1119791641831398,0.9890000224113464,0.7843000292778015
YML110C,YPR180W,0,-0.6004257,0.11196649074554443,0.9890000224113464,0.7843999862670898
YML043C,YNL137C,0,-0.60091066,0.11195381730794907,0.9890000224113464,0.784500002861023
YOL138C,YDL060W,0,-0.6013479,0.1119411438703537,0.9890000224113464,0.784600019454956
YBR060C,YHR133C,0,-0.6013577,0.11192847788333893,0.9890000224113464,0.7846999764442444
YER003C,YDR408C,0,-0.6013839,0.11191581189632416,0.9890000224113464,0.7847999930381775
YML014W,YHR076W,0,-0.60198975,0.11190314590930939,0.9890000224113464,0.7849000096321106
YMR208W,YFL062W,0,-0.6021962,0.11189048737287521,0.9890000224113464,0.7850000262260437
YBR146W,YBR130C,0,-0.60259247,0.11187782883644104,0.9890000224113464,0.785099983215332
YJR019C,YJL101C,0,-0.60319686,0.11186517030000687,0.9890000224113464,0.7851999998092651
YDR481C,YIL153W,0,-0.60348797,0.11185251921415329,0.9890000224113464,0.7853000164031982
YDL132W,YPR094W,0,-0.6035769,0.11183987557888031,0.9890000224113464,0.7853999733924866
YGR152C,YLR060W,0,-0.6068554,0.11182722449302673,0.9890000224113464,0.7854999899864197
YGL134W,YER051W,0,-0.6071813,0.11181458085775375,0.9890000224113464,0.7856000065803528
YKR024C,YDR276C,0,-0.60744977,0.11180194467306137,0.9890000224113464,0.7857000231742859
YKR038C,YOL030W,0,-0.608685,0.11178930848836899,0.9890000224113464,0.7857999801635742
YHR018C,YJR161C,0,-0.60917735,0.1117766723036766,0.9890000224113464,0.7858999967575073
YPR188C,YPL221W,0,-0.6092849,0.11176404356956482,0.9890000224113464,0.7860000133514404
YOL055C,YDR145W,0,-0.610878,0.11175141483545303,0.9890000224113464,0.7860999703407288
YGR159C,YGL098W,0,-0.6111727,0.11173878610134125,0.9890000224113464,0.7861999869346619
YPL203W,YDR105C,0,-0.61177874,0.11172616481781006,0.9890000224113464,0.786300003528595
YLR075W,YGL245W,0,-0.612036,0.11171354353427887,0.9890000224113464,0.7864000201225281
YMR256C,YOR205C,0,-0.61217594,0.11170092970132828,0.9890000224113464,0.7864999771118164
YML046W,YGR163W,0,-0.61227417,0.11168830841779709,0.9890000224113464,0.7865999937057495
YBR103W,YGL098W,0,-0.61325073,0.1116757020354271,0.9890000224113464,0.7867000102996826
YNL137C,YPR145W,0,-0.6138115,0.1116630882024765,0.9890000224113464,0.7868000268936157
YGL245W,YAL062W,0,-0.6141796,0.1116504818201065,0.9890000224113464,0.786899983882904
YMR006C,YDR096W,0,-0.61490154,0.11163788288831711,0.9890000224113464,0.7870000004768372
YIL131C,YLR249W,0,-0.6180358,0.11162528395652771,0.9890000224113464,0.7871000170707703
YNL287W,YOR101W,0,-0.6188512,0.11161268502473831,0.9890000224113464,0.7871999740600586
YBR215W,YGL003C,0,-0.61933064,0.11160009354352951,0.9890000224113464,0.7872999906539917
YNR027W,YJR102C,0,-0.6194558,0.11158750206232071,0.9890000224113464,0.7874000072479248
YPL003W,YMR313C,0,-0.6195936,0.11157491058111191,0.9890000224113464,0.7875000238418579
YLR333C,YGR063C,0,-0.6202462,0.1115623265504837,0.9890000224113464,0.7875999808311462
YDR270W,YDR536W,0,-0.6205523,0.1115497425198555,0.9890000224113464,0.7876999974250793
YCL035C,YDL209C,0,-0.6206827,0.1115371584892273,0.9890000224113464,0.7878000140190125
YKL035W,YJL003W,0,-0.62074995,0.11152458190917969,0.9890000224113464,0.7878999710083008
YBR295W,YLR371W,0,-0.6208854,0.11151200532913208,0.9890000224113464,0.7879999876022339
YGR003W,YJL096W,0,-0.6220231,0.11149943619966507,0.9890000224113464,0.788100004196167
YBL018C,YFL034C-A,0,-0.62229824,0.11148686707019806,0.9890000224113464,0.7882000207901001
YGL150C,YML078W,0,-0.62252617,0.11147429794073105,0.9890000224113464,0.7882999777793884
YHR070W,YOL031C,0,-0.6228523,0.11146173626184464,0.9890000224113464,0.7883999943733215
YJR046W,YGR078C,0,-0.62288356,0.11144917458295822,0.9890000224113464,0.7885000109672546
YOL140W,YLL015W,0,-0.6234374,0.1114366203546524,0.9890000224113464,0.7886000275611877
YLR096W,YPL100W,0,-0.6240561,0.11142406612634659,0.9890000224113464,0.7886999845504761
YGL047W,YGL029W,0,-0.6245842,0.11141151189804077,0.9890000224113464,0.7888000011444092
YKL196C,YOL113W,0,-0.6247928,0.11139896512031555,0.9890000224113464,0.7889000177383423
YBR030W,YJL094C,0,-0.62495875,0.11138641834259033,0.9890000224113464,0.7889999747276306
YDR097C,YKR092C,0,-0.62536526,0.11137387156486511,0.9890000224113464,0.7890999913215637
YJR135C,YIL052C,0,-0.62594223,0.11136133223772049,0.9890000224113464,0.7892000079154968
YLR007W,YMR001C,1,-0.6261716,0.11146138608455658,0.9900000095367432,0.7892000079154968
YPL230W,YJL136C,0,-0.62642336,0.11144883185625076,0.9900000095367432,0.7893000245094299
YJL080C,YCR024C-A,0,-0.6288781,0.11143629252910614,0.9900000095367432,0.7893999814987183
YIL005W,YGR220C,0,-0.63013744,0.11142374575138092,0.9900000095367432,0.7894999980926514
YFR049W,YEL024W,0,-0.6322,0.1114112064242363,0.9900000095367432,0.7896000146865845
YKL191W,YIL075C,0,-0.6326363,0.11139867454767227,0.9900000095367432,0.7896999716758728
YMR110C,YDR517W,0,-0.6327596,0.11138613522052765,0.9900000095367432,0.7897999882698059
YLR095C,YBL078C,0,-0.6328473,0.11137361079454422,0.9900000095367432,0.789900004863739
YNR050C,YFL041W,0,-0.63297915,0.1113610789179802,0.9900000095367432,0.7900000214576721
YMR119W,YPL031C,0,-0.63360167,0.11134855449199677,0.9900000095367432,0.7900999784469604
YDR300C,YGL043W,0,-0.63400245,0.11133603006601334,0.9900000095367432,0.7901999950408936
YMR021C,YMR286W,0,-0.63555694,0.1113235130906105,0.9900000095367432,0.7903000116348267
YOR043W,YGR062C,0,-0.63724446,0.11131099611520767,0.9900000095367432,0.7904000282287598
YOR181W,YDR487C,0,-0.637419,0.11129847913980484,0.9900000095367432,0.7904999852180481
YOR149C,YBR105C,0,-0.63777137,0.1112859696149826,0.9900000095367432,0.7906000018119812
YDR237W,YOR002W,0,-0.6380172,0.11127346009016037,0.9900000095367432,0.7907000184059143
YLR138W,YLR192C,0,-0.638515,0.11126095801591873,0.9900000095367432,0.7907999753952026
YIR021W,YOR316C,0,-0.64169455,0.1112484559416771,0.9900000095367432,0.7908999919891357
YGL210W,YPL028W,0,-0.64398646,0.11123595386743546,0.9900000095367432,0.7910000085830688
YBR254C,YKR081C,0,-0.64410734,0.11122345924377441,0.9900000095367432,0.791100025177002
YFL062W,YNL099C,0,-0.6457739,0.11121096462011337,0.9900000095367432,0.7911999821662903
YGL067W,YHL036W,0,-0.64769936,0.11119846999645233,0.9900000095367432,0.7912999987602234
YIL052C,YJR050W,0,-0.64961004,0.11118598282337189,0.9900000095367432,0.7914000153541565
YDR368W,YLR186W,0,-0.6501777,0.11117349565029144,0.9900000095367432,0.7914999723434448
YJR086W,YGR094W,0,-0.6521621,0.1111610159277916,0.9900000095367432,0.7915999889373779
YFR014C,YPL089C,0,-0.65263486,0.11114853620529175,0.9900000095367432,0.791700005531311
YNR043W,YER133W,0,-0.654377,0.1111360564827919,0.9900000095367432,0.7918000221252441
YLR430W,YOL120C,0,-0.65531063,0.11112358421087265,0.9900000095367432,0.7918999791145325
YGR028W,YDL076C,0,-0.6561458,0.1111111119389534,0.9900000095367432,0.7919999957084656
YHR084W,YGR106C,0,-0.6564026,0.11109863966703415,0.9900000095367432,0.7921000123023987
YAL005C,YHR013C,0,-0.6576767,0.1110861748456955,0.9900000095367432,0.7922000288963318
YKL108W,YOR234C,0,-0.6584368,0.11107371002435684,0.9900000095367432,0.7922999858856201
YIL043C,YJL097W,0,-0.6591387,0.11106125265359879,0.9900000095367432,0.7924000024795532
YOR272W,YOL088C,0,-0.65924454,0.11104879528284073,0.9900000095367432,0.7925000190734863
YBR212W,YOR001W,0,-0.6597457,0.11103633791208267,0.9900000095367432,0.7925999760627747
YIL144W,YHR017W,0,-0.65998125,0.11102388799190521,0.9900000095367432,0.7926999926567078
YMR009W,YLR068W,0,-0.6617837,0.11101143807172775,0.9900000095367432,0.7928000092506409
YHR204W,YAL010C,0,-0.66190004,0.11099898815155029,0.9900000095367432,0.792900025844574
YBL054W,YBR001C,0,-0.6623492,0.11098654568195343,0.9900000095367432,0.7929999828338623
YGL141W,YGL196W,0,-0.6625669,0.11097410321235657,0.9900000095367432,0.7930999994277954
YIL153W,YOR044W,0,-0.6629586,0.1109616681933403,0.9900000095367432,0.7932000160217285
YIL009W,YOR290C,0,-0.66312313,0.11094923317432404,0.9900000095367432,0.7932999730110168
YOL020W,YDR326C,0,-0.6638832,0.11093679815530777,0.9900000095367432,0.79339998960495
YML067C,YDL052C,0,-0.66568255,0.1109243705868721,0.9900000095367432,0.7935000061988831
YCL010C,YPL193W,0,-0.66675377,0.11091194301843643,0.9900000095367432,0.7936000227928162
YKR048C,YHR026W,0,-0.6671848,0.11089951545000076,0.9900000095367432,0.7936999797821045
YJR090C,YOR030W,0,-0.6708796,0.11088709533214569,0.9900000095367432,0.7937999963760376
YOR096W,YLR011W,0,-0.6714361,0.11087467521429062,0.9900000095367432,0.7939000129699707
YFR005C,YMR260C,0,-0.67165875,0.11086226254701614,0.9900000095367432,0.7940000295639038
YAL042W,YDR105C,0,-0.6718669,0.11084984987974167,0.9900000095367432,0.7940999865531921
YGL191W,YGR191W,0,-0.67276525,0.1108374372124672,0.9900000095367432,0.7942000031471252
YOR259C,YKL091C,0,-0.6760342,0.11082503199577332,0.9900000095367432,0.7943000197410583
YHR169W,YLR052W,0,-0.6761713,0.11081262677907944,0.9900000095367432,0.7943999767303467
YOR046C,YMR079W,0,-0.6763923,0.11080022156238556,0.9900000095367432,0.7944999933242798
YGL009C,YMR063W,0,-0.67708015,0.11078782379627228,0.9900000095367432,0.7946000099182129
YHR067W,YOL030W,0,-0.67738605,0.110775426030159,0.9900000095367432,0.794700026512146
YNL094W,YPL013C,0,-0.678082,0.11076303571462631,0.9900000095367432,0.7947999835014343
YGL207W,YKR093W,0,-0.67890406,0.11075064539909363,0.9900000095367432,0.7949000000953674
YHR083W,YPR161C,0,-0.681407,0.11073825508356094,0.9900000095367432,0.7950000166893005
YIL148W,YMR043W,0,-0.68181133,0.11072587221860886,0.9900000095367432,0.7950999736785889
YMR251W-A,YJL115W,0,-0.6837106,0.11071348935365677,0.9900000095367432,0.795199990272522
YDR500C,YBR106W,0,-0.684,0.11070110648870468,0.9900000095367432,0.7953000068664551
YNL001W,YBR296C,0,-0.68431187,0.11068873107433319,0.9900000095367432,0.7954000234603882
YLR337C,YAL035W,0,-0.6846969,0.1106763556599617,0.9900000095367432,0.7954999804496765
YGL005C,YOL041C,0,-0.68500805,0.11066398024559021,0.9900000095367432,0.7955999970436096
YML031W,YHL011C,0,-0.6853905,0.11065161228179932,0.9900000095367432,0.7957000136375427
YDR213W,YLR178C,0,-0.68547034,0.11063925176858902,0.9900000095367432,0.795799970626831
YJL221C,YLR367W,0,-0.685791,0.11062688380479813,0.9900000095367432,0.7958999872207642
YMR220W,YDR169C,0,-0.68698597,0.11061452329158783,0.9900000095367432,0.7960000038146973
YGL139W,YJL020C,0,-0.68711376,0.11060217022895813,0.9900000095367432,0.7961000204086304
YDR116C,YIL162W,0,-0.6872177,0.11058980971574783,0.9900000095367432,0.7961999773979187
YEL060C,YNL158W,0,-0.6886928,0.11057745665311813,0.9900000095367432,0.7962999939918518
YMR022W,YJR044C,0,-0.68930674,0.11056511104106903,0.9900000095367432,0.7964000105857849
YGL105W,YAL020C,0,-0.6893656,0.11055276542901993,0.9900000095367432,0.796500027179718
YJL159W,YPL234C,0,-0.6896329,0.11054041981697083,0.9900000095367432,0.7965999841690063
YGL055W,YOR080W,0,-0.6899862,0.11052808165550232,0.9900000095367432,0.7967000007629395
YNL162W,YCL031C,0,-0.69016886,0.11051574349403381,0.9900000095367432,0.7968000173568726
YDL201W,YOR028C,0,-0.6907525,0.11050340533256531,0.9900000095367432,0.7968999743461609
YGR046W,YMR024W,0,-0.6916237,0.1104910746216774,0.9900000095367432,0.796999990940094
YGL251C,YLR292C,0,-0.6917167,0.11047874391078949,0.9900000095367432,0.7971000075340271
YOR065W,YIL004C,0,-0.69309425,0.11046641319990158,0.9900000095367432,0.7972000241279602
YGL047W,YDR533C,0,-0.6932981,0.11045408993959427,0.9900000095367432,0.7972999811172485
YNL071W,YPL161C,0,-0.69598603,0.11044176667928696,0.9900000095367432,0.7973999977111816
YJR094W-A,YCL059C,0,-0.6994598,0.11042945086956024,0.9900000095367432,0.7975000143051147
YOR271C,YNL066W,0,-0.6998234,0.11041713505983353,0.9900000095367432,0.7975999712944031
YKR093W,YGL115W,0,-0.70023346,0.11040481925010681,0.9900000095367432,0.7976999878883362
YOR077W,YDR158W,0,-0.70150924,0.1103925034403801,0.9900000095367432,0.7978000044822693
YBR212W,YDR036C,0,-0.70363355,0.11038019508123398,0.9900000095367432,0.7979000210762024
YHR111W,YDR424C,0,-0.7041297,0.11036789417266846,0.9900000095367432,0.7979999780654907
YPR132W,YLR106C,0,-0.7066598,0.11035559326410294,0.9900000095367432,0.7980999946594238
YGR280C,YKL221W,0,-0.70712423,0.11034329235553741,0.9900000095367432,0.7982000112533569
YLR099C,YML086C,0,-0.7084336,0.1103309914469719,0.9900000095367432,0.79830002784729
YGL255W,YNL164C,0,-0.70964384,0.11031869798898697,0.9900000095367432,0.7983999848365784
YGL166W,YEL055C,0,-0.70964813,0.11030640453100204,0.9900000095367432,0.7985000014305115
YAL020C,YDR179C,0,-0.7106633,0.11029411852359772,0.9900000095367432,0.7986000180244446
YDL042C,YOL052C-A,0,-0.7122419,0.11028183251619339,0.9900000095367432,0.7986999750137329
YKL145W,YGL045W,0,-0.7124171,0.11026954650878906,0.9900000095367432,0.798799991607666
YOL011W,YPL013C,0,-0.7125521,0.11025726795196533,0.9900000095367432,0.7989000082015991
YIL162W,YLR242C,0,-0.7126312,0.1102449893951416,0.9900000095367432,0.7990000247955322
YMR092C,YBR164C,0,-0.7134266,0.11023271083831787,0.9900000095367432,0.7990999817848206
YDR075W,YDR450W,0,-0.7142668,0.11022043973207474,0.9900000095367432,0.7991999983787537
YLR357W,YPR005C,0,-0.7145853,0.1102081686258316,0.9900000095367432,0.7993000149726868
YLR405W,YER026C,0,-0.7150419,0.11019590497016907,0.9900000095367432,0.7993999719619751
YDR297W,YNL054W,0,-0.7153969,0.11018364131450653,0.9900000095367432,0.7994999885559082
YDL132W,YLR067C,0,-0.71601486,0.110171377658844,0.9900000095367432,0.7996000051498413
YMR083W,YER129W,0,-0.71647406,0.11015912145376205,0.9900000095367432,0.7997000217437744
YGL130W,YOR312C,0,-0.71714354,0.11014686524868011,0.9900000095367432,0.7997999787330627
YOR149C,YBR265W,0,-0.71897244,0.11013460904359818,0.9900000095367432,0.7998999953269958
YLR055C,YCL059C,0,-0.71949387,0.11012236028909683,0.9900000095367432,0.800000011920929
YPL079W,YMR109W,0,-0.72142076,0.11011011153459549,0.9900000095367432,0.8001000285148621
YPL143W,YDR242W,0,-0.72262454,0.11009786278009415,0.9900000095367432,0.8001999855041504
YKL141W,YIL115C,0,-0.722816,0.1100856214761734,0.9900000095367432,0.8003000020980835
YLR121C,YCL030C,0,-0.7228527,0.11007338017225266,0.9900000095367432,0.8004000186920166
YDR368W,YBR003W,0,-0.72337675,0.1100611463189125,0.9900000095367432,0.8004999756813049
YAL053W,YAR003W,0,-0.72337914,0.11004891246557236,0.9900000095367432,0.800599992275238
YOR130C,YOR156C,0,-0.7243242,0.11003667861223221,0.9900000095367432,0.8007000088691711
YGR194C,YOR158W,0,-0.7246847,0.11002445220947266,0.9900000095367432,0.8008000254631042
YBR121C,YPL265W,0,-0.7247875,0.1100122258067131,0.9900000095367432,0.8008999824523926
YDR119W,YDR412W,0,-0.7249489,0.10999999940395355,0.9900000095367432,0.8009999990463257
YPL059W,YKR072C,0,-0.7251332,0.1099877804517746,0.9900000095367432,0.8011000156402588
YOR014W,YHR147C,0,-0.72561026,0.10997556149959564,0.9900000095367432,0.8011999726295471
YDL106C,YDL064W,0,-0.726357,0.10996334254741669,0.9900000095367432,0.8012999892234802
YKL176C,YBL030C,0,-0.72842216,0.10995113104581833,0.9900000095367432,0.8014000058174133
YDR487C,YJL001W,0,-0.7287617,0.10993891954421997,0.9900000095367432,0.8015000224113464
YMR201C,YDR316W,0,-0.7288649,0.10992671549320221,0.9900000095367432,0.8015999794006348
YJR025C,YNL306W,0,-0.73020124,0.10991451144218445,0.9900000095367432,0.8016999959945679
YBR060C,YNL071W,0,-0.7310016,0.10990230739116669,0.9900000095367432,0.801800012588501
YBL072C,YIL085C,0,-0.73266745,0.10989011079072952,0.9900000095367432,0.8019000291824341
YKL152C,YGR061C,0,-0.7327447,0.10987791419029236,0.9900000095367432,0.8019999861717224
YJR041C,YOR117W,0,-0.7330942,0.1098657175898552,0.9900000095367432,0.8021000027656555
YOR039W,YDL075W,0,-0.7333746,0.10985352843999863,0.9900000095367432,0.8022000193595886
YMR260C,YEL071W,0,-0.73421264,0.10984133929014206,0.9900000095367432,0.802299976348877
YHR201C,YDR425W,0,-0.73429155,0.10982915759086609,0.9900000095367432,0.8023999929428101
YBR058C,YBL105C,0,-0.73554635,0.10981696844100952,0.9900000095367432,0.8025000095367432
YPR178W,YOR293W,0,-0.7362027,0.10980479419231415,0.9900000095367432,0.8026000261306763
YDR365C,YDR479C,0,-0.7369261,0.10979261249303818,0.9900000095367432,0.8026999831199646
YPR007C,YHR117W,0,-0.7373941,0.1097804382443428,0.9900000095367432,0.8027999997138977
YML031W,YGR157W,0,-0.73767805,0.10976826399564743,0.9900000095367432,0.8029000163078308
YIR026C,YBR236C,0,-0.7381077,0.10975609719753265,0.9900000095367432,0.8029999732971191
YER164W,YDR016C,0,-0.73867035,0.10974393039941788,0.9900000095367432,0.8030999898910522
YDR462W,YMR278W,0,-0.7387619,0.1097317636013031,0.9900000095367432,0.8032000064849854
YGR088W,YKL051W,0,-0.7403407,0.10971960425376892,0.9900000095367432,0.8033000230789185
YIL145C,YKL191W,0,-0.74061155,0.10970744490623474,0.9900000095367432,0.8033999800682068
YLR075W,YLR372W,0,-0.74086547,0.10969529300928116,0.9900000095367432,0.8034999966621399
YOR119C,YER102W,0,-0.7413907,0.10968314111232758,0.9900000095367432,0.803600013256073
YFR008W,YNL031C,0,-0.74180675,0.10967098921537399,0.9900000095367432,0.8036999702453613
YJL044C,YBR229C,0,-0.7422166,0.10965883731842041,0.9900000095367432,0.8037999868392944
YDR055W,YIR012W,0,-0.7431786,0.10964669287204742,0.9900000095367432,0.8039000034332275
YHR123W,YBR131W,0,-0.7436323,0.10963454842567444,0.9900000095367432,0.8040000200271606
YGL171W,YGL087C,0,-0.74433947,0.10962241142988205,0.9900000095367432,0.804099977016449
YDR027C,YDL191W,0,-0.7448611,0.10961027443408966,0.9900000095367432,0.8041999936103821
YIL126W,YMR072W,0,-0.7451048,0.10959813743829727,0.9900000095367432,0.8043000102043152
YLR327C,YKR025W,0,-0.7458601,0.10958600789308548,0.9900000095367432,0.8044000267982483
YDR162C,YGR101W,0,-0.74744296,0.10957387834787369,0.9900000095367432,0.8044999837875366
YPL101W,YMR285C,0,-0.74828434,0.10956175625324249,0.9900000095367432,0.8046000003814697
YCR034W,YOR175C,0,-0.74933934,0.1095496267080307,0.9900000095367432,0.8047000169754028
YML076C,YPL237W,0,-0.74978065,0.1095375046133995,0.9900000095367432,0.8047999739646912
YKL179C,YMR314W,0,-0.7499864,0.10952538996934891,0.9900000095367432,0.8048999905586243
YBR078W,YLR133W,0,-0.75100803,0.10951327532529831,0.9900000095367432,0.8050000071525574
YIL122W,YLR097C,0,-0.7512715,0.10950116068124771,0.9900000095367432,0.8051000237464905
YIL033C,YBR298C,0,-0.7519269,0.10948905348777771,0.9900000095367432,0.8051999807357788
YPR132W,YGL137W,0,-0.7521641,0.10947694629430771,0.9900000095367432,0.8052999973297119
YKL213C,YLR051C,0,-0.753469,0.10946483910083771,0.9900000095367432,0.805400013923645
YKL188C,YPL123C,0,-0.7537174,0.1094527393579483,0.9900000095367432,0.8054999709129333
YIL153W,YNL306W,0,-0.75413513,0.1094406396150589,0.9900000095367432,0.8055999875068665
YOR335C,YHR149C,0,-0.75567293,0.1094285398721695,0.9900000095367432,0.8057000041007996
YNR039C,YDR080W,0,-0.756042,0.10941644757986069,0.9900000095367432,0.8058000206947327
YPR028W,YBR126C,0,-0.75683403,0.10940435528755188,0.9900000095367432,0.805899977684021
YLR396C,YDR077W,0,-0.7579522,0.10939226299524307,0.9900000095367432,0.8059999942779541
YGL124C,YDR036C,0,-0.758193,0.10938017815351486,0.9900000095367432,0.8061000108718872
YMR195W,YPR133C,0,-0.75828123,0.10936809331178665,0.9900000095367432,0.8062000274658203
YOR270C,YDL178W,0,-0.76022077,0.10935601592063904,0.9900000095367432,0.8062999844551086
YIR023W,YJL138C,0,-0.7603555,0.10934393852949142,0.9900000095367432,0.8064000010490417
YNL288W,YNL315C,0,-0.7617245,0.10933186113834381,0.9900000095367432,0.8065000176429749
YLR310C,YPR112C,0,-0.7623966,0.1093197911977768,0.9900000095367432,0.8065999746322632
YMR072W,YKL198C,0,-0.7625723,0.10930772125720978,0.9900000095367432,0.8066999912261963
YMR275C,YJR047C,0,-0.76361775,0.10929565131664276,0.9900000095367432,0.8068000078201294
YBR221C,YCR039C,0,-0.7640929,0.10928358882665634,0.9900000095367432,0.8069000244140625
YBL007C,YNR037C,0,-0.76580405,0.10927152633666992,0.9900000095367432,0.8069999814033508
YBL016W,YDL008W,0,-0.76609087,0.1092594638466835,0.9900000095367432,0.8070999979972839
YMR072W,YIL097W,0,-0.7663317,0.10924740880727768,0.9900000095367432,0.807200014591217
YBR004C,YFR050C,0,-0.76855993,0.10923535376787186,0.9900000095367432,0.8072999715805054
YDL150W,YPL117C,0,-0.76935387,0.10922329872846603,0.9900000095367432,0.8073999881744385
YPR165W,YLR127C,0,-0.76946974,0.10921125113964081,0.9900000095367432,0.8075000047683716
YFL044C,YNL097C,0,-0.7708278,0.10919920355081558,0.9900000095367432,0.8076000213623047
YOL116W,YOR262W,0,-0.7710295,0.10918716341257095,0.9900000095367432,0.807699978351593
YJL116C,YOR080W,0,-0.77105856,0.10917512327432632,0.9900000095367432,0.8077999949455261
YOR083W,YEL050C,0,-0.7714822,0.1091630831360817,0.9900000095367432,0.8079000115394592
YGR174C,YMR216C,0,-0.77165174,0.10915105044841766,0.9900000095367432,0.8080000281333923
YKL196C,YDR105C,0,-0.77382565,0.10913901776075363,0.9900000095367432,0.8080999851226807
YLR239C,YLL022C,0,-0.773828,0.1091269850730896,0.9900000095367432,0.8082000017166138
YGR044C,YLR128W,0,-0.7744856,0.10911495983600616,0.9900000095367432,0.8083000183105469
YLR023C,YMR063W,0,-0.77587104,0.10910293459892273,0.9900000095367432,0.8083999752998352
YDL100C,YPL160W,0,-0.7767291,0.1090909093618393,0.9900000095367432,0.8084999918937683
YLR216C,YHR083W,0,-0.7767358,0.10907889157533646,0.9900000095367432,0.8086000084877014
YMR217W,YOR290C,0,-0.7772851,0.10906687378883362,0.9900000095367432,0.8087000250816345
YEL001C,YFL018C,0,-0.7786875,0.10905485600233078,0.9900000095367432,0.8087999820709229
YHR070W,YOR120W,0,-0.7813921,0.10904284566640854,0.9900000095367432,0.808899998664856
YHR086W,YML075C,0,-0.7815895,0.1090308353304863,0.9900000095367432,0.8090000152587891
YGR040W,YHR201C,0,-0.7854135,0.10901883244514465,0.9900000095367432,0.8090999722480774
YCR094W,YGL134W,0,-0.7855804,0.10900682955980301,0.9900000095367432,0.8091999888420105
YNL001W,YOL039W,0,-0.7856908,0.10899482667446136,0.9900000095367432,0.8093000054359436
YOR043W,YBR290W,0,-0.7860584,0.10898282378911972,0.9900000095367432,0.8094000220298767
YMR098C,YHR216W,0,-0.78626394,0.10897082835435867,0.9900000095367432,0.809499979019165
YKL065C,YFR008W,0,-0.7867217,0.10895884037017822,0.9900000095367432,0.8095999956130981
YBR208C,YDR421W,0,-0.78762674,0.10894684493541718,0.9900000095367432,0.8097000122070312
YCR009C,YBR298C,0,-0.7884977,0.10893485695123672,0.9900000095367432,0.8098000288009644
YFL016C,YHR115C,0,-0.7908144,0.10892287641763687,0.9900000095367432,0.8098999857902527
YOR157C,YLR068W,0,-0.7913723,0.10891088843345642,0.9900000095367432,0.8100000023841858
YAL012W,YDR098C,0,-0.79158306,0.10889890789985657,0.9900000095367432,0.8101000189781189
YHR116W,YPR103W,0,-0.79209423,0.10888693481683731,0.9900000095367432,0.8101999759674072
YPL146C,YFR032C-A,0,-0.79235864,0.10887496173381805,0.9900000095367432,0.8102999925613403
YMR119W,YNL002C,0,-0.7925172,0.1088629886507988,0.9900000095367432,0.8104000091552734
YDL081C,YGL128C,0,-0.7946186,0.10885101556777954,0.9900000095367432,0.8105000257492065
YBR171W,YKL004W,0,-0.79470754,0.10883904993534088,0.9900000095367432,0.8105999827384949
YDL229W,YML029W,0,-0.7959471,0.10882708430290222,0.9900000095367432,0.810699999332428
YCR071C,YER146W,0,-0.79608107,0.10881512612104416,0.9900000095367432,0.8108000159263611
YOR374W,YPL049C,0,-0.7974863,0.1088031679391861,0.9900000095367432,0.8108999729156494
YIR034C,YER122C,0,-0.79815507,0.10879120975732803,0.9900000095367432,0.8109999895095825
YMR022W,YJL063C,0,-0.8005161,0.10877925157546997,0.9900000095367432,0.8111000061035156
YOR043W,YBR236C,0,-0.8019788,0.1087673008441925,0.9900000095367432,0.8112000226974487
YGR080W,YAL061W,0,-0.8021169,0.10875535756349564,0.9900000095367432,0.8112999796867371
YNL306W,YHR108W,0,-0.80228305,0.10874340683221817,0.9900000095367432,0.8113999962806702
YBR153W,YER126C,0,-0.80373573,0.1087314635515213,0.9900000095367432,0.8115000128746033
YFR014C,YDR363W,0,-0.8044896,0.10871952772140503,0.9900000095367432,0.8116000294685364
YOR359W,YNL244C,0,-0.8058052,0.10870758444070816,0.9900000095367432,0.8116999864578247
YBL005W,YPL089C,0,-0.80597544,0.10869564861059189,0.9900000095367432,0.8118000030517578
YLR388W,YMR312W,0,-0.80613875,0.10868372023105621,0.9900000095367432,0.8119000196456909
YBL018C,YDR487C,0,-0.8061919,0.10867179185152054,0.9900000095367432,0.8119999766349792
YBR089C-A,YDR412W,0,-0.8064029,0.10865986347198486,0.9900000095367432,0.8120999932289124
YJR002W,YOR188W,0,-0.80653715,0.10864793509244919,0.9900000095367432,0.8122000098228455
YPL016W,YGL055W,0,-0.8089528,0.10863601416349411,0.9900000095367432,0.8123000264167786
YMR012W,YDR038C,0,-0.81107736,0.10862409323453903,0.9900000095367432,0.8123999834060669
YOR249C,YOR063W,0,-0.81117916,0.10861217975616455,0.9900000095367432,0.8125
YER148W,YDR084C,0,-0.8115511,0.10860026627779007,0.9900000095367432,0.8126000165939331
YER004W,YLR074C,0,-0.81232595,0.10858835279941559,0.9900000095367432,0.8126999735832214
YOL140W,YBR089C-A,0,-0.8127339,0.10857643932104111,0.9900000095367432,0.8127999901771545
YNL263C,YDR128W,0,-0.81382656,0.10856453329324722,0.9900000095367432,0.8129000067710876
YJL083W,YFL039C,0,-0.81411386,0.10855263471603394,0.9900000095367432,0.8130000233650208
YML102W,YJL042W,0,-0.81419325,0.10854072868824005,0.9900000095367432,0.8130999803543091
YAL051W,YGL020C,0,-0.8148973,0.10852883011102676,0.9900000095367432,0.8131999969482422
YOR193W,YGR047C,0,-0.81519747,0.10851693153381348,0.9900000095367432,0.8133000135421753
YGL100W,YBR060C,0,-0.81546307,0.10850504040718079,0.9900000095367432,0.8133999705314636
YDR153C,YCR031C,0,-0.81612754,0.1084931492805481,0.9900000095367432,0.8134999871253967
YDL229W,YCL033C,0,-0.8172965,0.108481265604496,0.9900000095367432,0.8136000037193298
YGL084C,YMR223W,0,-0.8180096,0.10846937447786331,0.9900000095367432,0.8137000203132629
YNL156C,YOL084W,0,-0.8183875,0.10845749080181122,0.9900000095367432,0.8137999773025513
YNL280C,YJL158C,0,-0.819572,0.10844561457633972,0.9900000095367432,0.8138999938964844
YMR243C,YLR055C,0,-0.8223157,0.10843373835086823,0.9900000095367432,0.8140000104904175
YGR046W,YPL118W,0,-0.825655,0.10842186212539673,0.9900000095367432,0.8141000270843506
YOR244W,YKL058W,0,-0.8256664,0.10840998589992523,0.9900000095367432,0.8141999840736389
YGL055W,YER159C,0,-0.82733774,0.10839811712503433,0.9900000095367432,0.814300000667572
YHR098C,YPR132W,0,-0.82895136,0.10838624835014343,0.9900000095367432,0.8144000172615051
YKR065C,YCL038C,0,-0.82897663,0.10837438702583313,0.9900000095367432,0.8144999742507935
YLR378C,YDL188C,0,-0.8307817,0.10836251825094223,0.9900000095367432,0.8145999908447266
YMR091C,YDR091C,0,-0.83080244,0.10835066437721252,0.9900000095367432,0.8147000074386597
YDL166C,YOR034C,0,-0.8333101,0.10833880305290222,0.9900000095367432,0.8148000240325928
YHR128W,YOR312C,0,-0.8340051,0.10832694917917252,0.9900000095367432,0.8148999810218811
YOL023W,YNL055C,0,-0.83632755,0.10831509530544281,0.9900000095367432,0.8149999976158142
YJL173C,YJL090C,1,-0.83792925,0.10841264575719833,0.9909999966621399,0.8149999976158142
YDR283C,YBR106W,0,-0.8380563,0.10840078443288803,0.9909999966621399,0.8151000142097473
YIL051C,YER109C,0,-0.83816934,0.10838893055915833,0.9909999966621399,0.8151999711990356
YDR012W,YGR163W,0,-0.8384447,0.10837707668542862,0.9909999966621399,0.8152999877929688
YDL147W,YNR047W,0,-0.83901024,0.10836523026227951,0.9909999966621399,0.8154000043869019
YGL253W,YGL043W,0,-0.8392117,0.1083533763885498,0.9909999966621399,0.815500020980835
YKL025C,YEL034W,0,-0.8393035,0.1083415299654007,0.9909999966621399,0.8155999779701233
YIL117C,YCL040W,0,-0.84029055,0.10832969099283218,0.9909999966621399,0.8156999945640564
YMR088C,YLR332W,0,-0.8411503,0.10831785202026367,0.9909999966621399,0.8158000111579895
YLR399C,YGR206W,0,-0.8421254,0.10830601304769516,0.9909999966621399,0.8159000277519226
YGR192C,YPL235W,0,-0.84262943,0.10829417407512665,0.9909999966621399,0.8159999847412109
YHL038C,YML106W,0,-0.8432734,0.10828234255313873,0.9909999966621399,0.816100001335144
YGL027C,YIL027C,0,-0.84372354,0.10827051103115082,0.9909999966621399,0.8162000179290771
YGR208W,YGR128C,0,-0.8437476,0.1082586869597435,0.9909999966621399,0.8162999749183655
YAR015W,YPR133C,0,-0.84396505,0.10824686288833618,0.9909999966621399,0.8163999915122986
YFR042W,YHR193C,0,-0.8450844,0.10823503881692886,0.9909999966621399,0.8165000081062317
YBR162W-A,YDL175C,0,-0.84629154,0.10822321474552155,0.9909999966621399,0.8166000247001648
YLR266C,YML063W,0,-0.84684324,0.10821139812469482,0.9909999966621399,0.8166999816894531
YKL191W,YNL130C,0,-0.8478153,0.1081995815038681,0.9909999966621399,0.8167999982833862
YLR100W,YGL207W,0,-0.8485565,0.10818777233362198,0.9909999966621399,0.8169000148773193
YJR097W,YDR129C,0,-0.85056543,0.10817596316337585,0.9909999966621399,0.8169999718666077
YDR021W,YML057W,0,-0.8518715,0.10816415399312973,0.9909999966621399,0.8170999884605408
YKL004W,YDR098C,0,-0.85243964,0.1081523522734642,0.9909999966621399,0.8172000050544739
YMR184W,YKL034W,0,-0.85253334,0.10814055055379868,0.9909999966621399,0.817300021648407
YNL099C,YDR247W,0,-0.8530245,0.10812874883413315,0.9909999966621399,0.8173999786376953
YMR100W,YCL064C,0,-0.85551596,0.10811695456504822,0.9909999966621399,0.8174999952316284
YHR136C,YBR205W,0,-0.85600495,0.10810516029596329,0.9909999966621399,0.8176000118255615
YDR349C,YER044C,0,-0.8565464,0.10809336602687836,0.9909999966621399,0.8177000284194946
YKL176C,YBR101C,0,-0.8573775,0.10808157920837402,0.9909999966621399,0.817799985408783
YOR143C,YPR007C,0,-0.8594961,0.10806979238986969,0.9909999966621399,0.8179000020027161
YMR309C,YCL029C,0,-0.8598077,0.10805800557136536,0.9909999966621399,0.8180000185966492
YDR202C,YOR312C,0,-0.86022663,0.10804622620344162,0.9909999966621399,0.8180999755859375
YDR206W,YKL120W,0,-0.8609371,0.10803444683551788,0.9909999966621399,0.8181999921798706
YLR286C,YHR016C,0,-0.8629441,0.10802267491817474,0.9909999966621399,0.8183000087738037
YGR165W,YJL157C,0,-0.8637545,0.10801089555025101,0.9909999966621399,0.8184000253677368
YER007C-A,YPR161C,0,-0.8645413,0.10799913108348846,0.9909999966621399,0.8184999823570251
YJR123W,YNL166C,0,-0.86500216,0.10798735916614532,0.9909999966621399,0.8185999989509583
YPR009W,YLR372W,0,-0.86578035,0.10797559469938278,0.9909999966621399,0.8187000155448914
YNL088W,YML061C,1,-0.8663864,0.10807277262210846,0.9919999837875366,0.8187000155448914
YOR043W,YDR297W,0,-0.8665292,0.10806100070476532,0.9919999837875366,0.8187999725341797
YMR022W,YBR021W,0,-0.86757326,0.10804922878742218,0.9919999837875366,0.8188999891281128
YNR033W,YHR193C,0,-0.86797523,0.10803746432065964,0.9919999837875366,0.8190000057220459
YKR009C,YNL224C,0,-0.86906004,0.1080256998538971,0.9919999837875366,0.819100022315979
YLL057C,YDR450W,0,-0.8690851,0.10801393538713455,0.9919999837875366,0.8191999793052673
YLR328W,YPL115C,0,-0.8691964,0.1080021783709526,0.9919999837875366,0.8192999958992004
YGR211W,YPL262W,0,-0.87081194,0.10799042135477066,0.9919999837875366,0.8194000124931335
YMR234W,YPR061C,0,-0.87089133,0.10797866433858871,0.9919999837875366,0.8195000290870667
YER007C-A,YOL089C,0,-0.87216234,0.10796691477298737,0.9919999837875366,0.819599986076355
YGR279C,YLR399C,0,-0.8723841,0.10795516520738602,0.9919999837875366,0.8197000026702881
YOR153W,YFL031W,0,-0.8726518,0.10794341564178467,0.9919999837875366,0.8198000192642212
YER073W,YHR170W,0,-0.87359643,0.10793167352676392,0.9919999837875366,0.8198999762535095
YAL028W,YIL051C,0,-0.8743999,0.10791993141174316,0.9919999837875366,0.8199999928474426
YKR100C,YNL076W,0,-0.87495804,0.10790818929672241,0.9919999837875366,0.8201000094413757
YLR430W,YLL038C,0,-0.8750198,0.10789645463228226,0.9919999837875366,0.8202000260353088
YOR175C,YNL242W,0,-0.8766315,0.1078847199678421,0.9919999837875366,0.8202999830245972
YGL044C,YDR259C,0,-0.876781,0.10787298530340195,0.9919999837875366,0.8203999996185303
YLR084C,YPL117C,0,-0.8769722,0.10786125808954239,0.9919999837875366,0.8205000162124634
YMR098C,YMR079W,0,-0.87755156,0.10784953087568283,0.9919999837875366,0.8205999732017517
YBL023C,YKL135C,0,-0.8779433,0.10783781111240387,0.9919999837875366,0.8206999897956848
YJL012C,YDR361C,0,-0.87807727,0.10782608389854431,0.9919999837875366,0.8208000063896179
YDR345C,YFR044C,0,-0.87818336,0.10781437158584595,0.9919999837875366,0.820900022983551
YKL146W,YHR169W,0,-0.87999487,0.10780265182256699,0.9919999837875366,0.8209999799728394
YBL103C,YOR359W,0,-0.8810339,0.10779093950986862,0.9919999837875366,0.8210999965667725
YLR433C,YBL024W,0,-0.8811636,0.10777922719717026,0.9919999837875366,0.8212000131607056
YFL002C,YOL094C,0,-0.8823519,0.1077675148844719,0.9919999837875366,0.8213000297546387
YER114C,YOR391C,0,-0.8833022,0.10775581002235413,0.9919999837875366,0.821399986743927
YLR467W,YLR466W,1,-0.885103,0.10785271972417831,0.9929999709129333,0.821399986743927
YGR152C,YAL032C,0,-0.88517785,0.10784100741147995,0.9929999709129333,0.8215000033378601
YPR108W,YDR293C,0,-0.8858316,0.10782929509878159,0.9929999709129333,0.8216000199317932
YGR163W,YHR143W,0,-0.88591886,0.10781759023666382,0.9929999709129333,0.8216999769210815
YBR236C,YLR120C,0,-0.88596964,0.10780588537454605,0.9929999709129333,0.8217999935150146
YPL220W,YJR049C,0,-0.8868251,0.10779418051242828,0.9929999709129333,0.8219000101089478
YJL154C,YMR312W,0,-0.8871019,0.10778248310089111,0.9929999709129333,0.8220000267028809
YBR133C,YCR037C,0,-0.8879025,0.10777078568935394,0.9929999709129333,0.8220999836921692
YNL015W,YGL243W,0,-0.8886008,0.10775908827781677,0.9929999709129333,0.8222000002861023
YOL027C,YKL155C,0,-0.8887553,0.1077473983168602,0.9929999709129333,0.8223000168800354
YGR208W,YOR110W,0,-0.88981247,0.10773570835590363,0.9929999709129333,0.8223999738693237
YHR072W,YLL018C,0,-0.8903427,0.10772401839494705,0.9929999709129333,0.8224999904632568
YDL130W-A,YDL126C,0,-0.89216876,0.10771233588457108,0.9929999709129333,0.8226000070571899
YNL124W,YBL099W,0,-0.8953152,0.1077006533741951,0.9929999709129333,0.822700023651123
YKL193C,YDL134C,0,-0.8980355,0.10768897086381912,0.9929999709129333,0.8227999806404114
YHR098C,YJL054W,0,-0.8980427,0.10767729580402374,0.9929999709129333,0.8228999972343445
YBR084C-A,YFL029C,0,-0.8996067,0.10766562074422836,0.9929999709129333,0.8230000138282776
YJR033C,YNL055C,0,-0.9004059,0.10765394568443298,0.9929999709129333,0.8230999708175659
YOR118W,YEL042W,0,-0.9014988,0.1076422780752182,0.9929999709129333,0.823199987411499
YJR077C,YHR083W,0,-0.9015255,0.10763061046600342,0.9929999709129333,0.8233000040054321
YOR143C,YDR005C,0,-0.9017234,0.10761894285678864,0.9929999709129333,0.8234000205993652
YBL017C,YJL050W,0,-0.9046428,0.10760728269815445,0.9929999709129333,0.8234999775886536
YDR147W,YBR181C,0,-0.90507627,0.10759562253952026,0.9929999709129333,0.8235999941825867
YGR279C,YDL018C,0,-0.90525436,0.10758396238088608,0.9929999709129333,0.8237000107765198
YHL021C,YPL266W,0,-0.90799665,0.10757230967283249,0.9929999709129333,0.8238000273704529
YCR075C,YER019W,0,-0.9104245,0.1075606569647789,0.9929999709129333,0.8238999843597412
YIL051C,YDR041W,0,-0.91126585,0.10754901170730591,0.9929999709129333,0.8240000009536743
YDR486C,YBL022C,0,-0.9117346,0.10753735899925232,0.9929999709129333,0.8241000175476074
YKL185W,YBR121C,0,-0.91189504,0.10752571374177933,0.9929999709129333,0.8241999745368958
YLR222C,YBR164C,0,-0.912024,0.10751407593488693,0.9929999709129333,0.8242999911308289
YER014W,YOR363C,0,-0.91330147,0.10750243812799454,0.9929999709129333,0.824400007724762
YNL091W,YNL264C,0,-0.91404533,0.10749080032110214,0.9929999709129333,0.8245000243186951
YOR045W,YOR075W,0,-0.9142747,0.10747916251420975,0.9929999709129333,0.8245999813079834
YDL161W,YNL161W,0,-0.9167228,0.10746753215789795,0.9929999709129333,0.8246999979019165
YKL073W,YHL015W,0,-0.9167342,0.10745590180158615,0.9929999709129333,0.8248000144958496
YBL090W,YJL091C,0,-0.9177222,0.10744427889585495,0.9929999709129333,0.8248999714851379
YLR266C,YLR240W,0,-0.918267,0.10743264853954315,0.9929999709129333,0.824999988079071
YKL194C,YMR098C,0,-0.918458,0.10742103308439255,0.9929999709129333,0.8251000046730042
YDL066W,YPL255W,0,-0.9195385,0.10740941017866135,0.9929999709129333,0.8252000212669373
YMR153W,YHR201C,0,-0.9247596,0.10739779472351074,0.9929999709129333,0.8252999782562256
YNL149C,YJL138C,0,-0.92567897,0.10738617926836014,0.9929999709129333,0.8253999948501587
YER141W,YDR123C,0,-0.9263115,0.10737456381320953,0.9929999709129333,0.8255000114440918
YPL060W,YFR049W,0,-0.9283595,0.10736295580863953,0.9929999709129333,0.8256000280380249
YML024W,YML001W,0,-0.92901087,0.10735134780406952,0.9929999709129333,0.8256999850273132
YLL062C,YKL052C,0,-0.9317608,0.10733974725008011,0.9929999709129333,0.8258000016212463
YIL005W,YHR110W,0,-0.9321978,0.1073281466960907,0.9929999709129333,0.8259000182151794
YOR348C,YGL115W,0,-0.9335642,0.10731654614210129,0.9929999709129333,0.8259999752044678
YOR348C,YOL115W,0,-0.9337146,0.10730494558811188,0.9929999709129333,0.8260999917984009
YEL054C,YHR118C,0,-0.93438864,0.10729335248470306,0.9929999709129333,0.826200008392334
YLL006W,YNR036C,0,-0.9348171,0.10728176683187485,0.9929999709129333,0.8263000249862671
YMR014W,YOL031C,0,-0.9353838,0.10727017372846603,0.9929999709129333,0.8263999819755554
YOR348C,YNR054C,0,-0.93570375,0.10725858807563782,0.9929999709129333,0.8264999985694885
YIL154C,YDR420W,0,-0.9358711,0.1072470024228096,0.9929999709129333,0.8266000151634216
YHR046C,YKL181W,0,-0.9372046,0.10723542422056198,0.9929999709129333,0.82669997215271
YJL138C,YML058W,0,-0.93758297,0.10722383856773376,0.9929999709129333,0.8267999887466431
YKR062W,YPL028W,0,-0.93802834,0.10721226781606674,0.9929999709129333,0.8269000053405762
YGL255W,YDR092W,0,-0.93810105,0.10720068961381912,0.9929999709129333,0.8270000219345093
YLR347C,YKL114C,0,-0.9385388,0.1071891188621521,0.9929999709129333,0.8270999789237976
YBR205W,YMR030W,0,-0.93871784,0.10717754811048508,0.9929999709129333,0.8271999955177307
YLR327C,YLR286C,0,-0.9400573,0.10716598480939865,0.9929999709129333,0.8273000121116638
YGR271C-A,YPL117C,0,-0.94284105,0.10715442150831223,0.9929999709129333,0.8274000287055969
YDR342C,YER122C,0,-0.9435818,0.1071428582072258,0.9929999709129333,0.8274999856948853
YNL240C,YBR283C,0,-0.94369435,0.10713129490613937,0.9929999709129333,0.8276000022888184
YDR074W,YDR479C,0,-0.9465394,0.10711973905563354,0.9929999709129333,0.8277000188827515
YJL093C,YPR165W,0,-0.94756126,0.10710818320512772,0.9929999709129333,0.8277999758720398
YNL029C,YMR271C,0,-0.94860554,0.10709663480520248,0.9929999709129333,0.8278999924659729
YJL209W,YDR490C,0,-0.9488077,0.10708508640527725,0.9929999709129333,0.828000009059906
YML046W,YIL126W,0,-0.94947815,0.10707353800535202,0.9929999709129333,0.8281000256538391
YKL029C,YLL015W,0,-0.9503989,0.10706199705600739,0.9929999709129333,0.8281999826431274
YBR215W,YPL212C,0,-0.95066285,0.10705045610666275,0.9929999709129333,0.8282999992370605
YLR423C,YOR337W,0,-0.950819,0.10703891515731812,0.9929999709129333,0.8284000158309937
YOR004W,YKL059C,0,-0.9508555,0.10702737420797348,0.9929999709129333,0.828499972820282
YOR076C,YMR280C,0,-0.9514706,0.10701584070920944,0.9929999709129333,0.8285999894142151
YDR147W,YDL033C,0,-0.9517083,0.1070043072104454,0.9929999709129333,0.8287000060081482
YOR044W,YER142C,0,-0.9521313,0.10699278116226196,0.9929999709129333,0.8288000226020813
YDL159W,YIL011W,0,-0.95250463,0.10698125511407852,0.9929999709129333,0.8288999795913696
YGR170W,YBR214W,0,-0.9527774,0.10696972906589508,0.9929999709129333,0.8289999961853027
YLR078C,YAL020C,0,-0.95465016,0.10695821046829224,0.9929999709129333,0.8291000127792358
YLR430W,YLL035W,0,-0.95547605,0.10694669187068939,0.9929999709129333,0.829200029373169
YHR114W,YNL125C,0,-0.9557619,0.10693517327308655,0.9929999709129333,0.8292999863624573
YDR303C,YPL100W,0,-0.9566641,0.1069236546754837,0.9929999709129333,0.8294000029563904
YOR095C,YDR311W,0,-0.9570358,0.10691214352846146,0.9929999709129333,0.8295000195503235
YGL179C,YOR252W,0,-0.9581175,0.10690063238143921,0.9929999709129333,0.8295999765396118
YML024W,YAL007C,0,-0.9582474,0.10688912868499756,0.9929999709129333,0.8296999931335449
YEL020W-A,YDR345C,0,-0.95833087,0.10687762498855591,0.9929999709129333,0.829800009727478
YAL013W,YNL242W,0,-0.9590218,0.10686612129211426,0.9929999709129333,0.8299000263214111
YML074C,YGL087C,0,-0.9594097,0.1068546250462532,0.9929999709129333,0.8299999833106995
YFR028C,YBR106W,0,-0.9600563,0.10684312134981155,0.9929999709129333,0.8300999999046326
YDL178W,YJR048W,0,-0.96115875,0.1068316325545311,0.9929999709129333,0.8302000164985657
YHR098C,YNL316C,0,-0.96206164,0.10682013630867004,0.9929999709129333,0.830299973487854
YJR121W,YDR074W,0,-0.96219635,0.10680864751338959,0.9929999709129333,0.8303999900817871
YLR003C,YHR072W-A,0,-0.9643953,0.10679715871810913,0.9929999709129333,0.8305000066757202
YHR098C,YJL096W,0,-0.96464825,0.10678567737340927,0.9929999709129333,0.8306000232696533
YOR367W,YFR041C,0,-0.964839,0.10677419602870941,0.9929999709129333,0.8306999802589417
YKR038C,YDR261C,0,-0.96499014,0.10676271468400955,0.9929999709129333,0.8307999968528748
YOR149C,YDR080W,0,-0.9657769,0.10675123333930969,0.9929999709129333,0.8309000134468079
YIL148W,YPL043W,0,-0.9689629,0.10673975944519043,0.9929999709129333,0.8309999704360962
YOL127W,YDR320C,0,-0.96909165,0.10672828555107117,0.9929999709129333,0.8310999870300293
YLR390W-A,YPL081W,0,-0.9695933,0.1067168191075325,0.9929999709129333,0.8312000036239624
YKR097W,YPR016C,0,-0.9702127,0.10670535266399384,0.9929999709129333,0.8313000202178955
YDL188C,YLR068W,0,-0.9705105,0.10669388622045517,0.9929999709129333,0.8313999772071838
YOR028C,YIL101C,0,-0.9708295,0.1066824272274971,0.9929999709129333,0.8314999938011169
YJR046W,YBR272C,0,-0.97132444,0.10667096078395844,0.9929999709129333,0.83160001039505
YER025W,YER023W,0,-0.97147226,0.10665950924158096,0.9929999709129333,0.8317000269889832
YDL134C,YOL049W,0,-0.9716592,0.1066480502486229,0.9929999709129333,0.8317999839782715
YOR124C,YDR483W,0,-0.9726925,0.10663659870624542,0.9929999709129333,0.8319000005722046
YLR015W,YOL016C,0,-0.97421193,0.10662514716386795,0.9929999709129333,0.8320000171661377
YCR044C,YLL039C,0,-0.9744613,0.10661370307207108,0.9929999709129333,0.832099974155426
YER073W,YMR264W,0,-0.9746003,0.1066022515296936,0.9929999709129333,0.8321999907493591
YMR079W,YPR143W,0,-0.9759133,0.10659081488847733,0.9929999709129333,0.8323000073432922
YGR080W,YOL058W,0,-0.9771683,0.10657937079668045,0.9929999709129333,0.8324000239372253
YJR131W,YJL056C,0,-0.9776156,0.10656793415546417,0.9929999709129333,0.8324999809265137
YKL080W,YOR362C,0,-0.97875595,0.1065564975142479,0.9929999709129333,0.8325999975204468
YGL119W,YHR044C,0,-0.97896075,0.10654506087303162,0.9929999709129333,0.8327000141143799
YFL025C,YDR406W,0,-0.9799912,0.10653363168239594,0.9929999709129333,0.8327999711036682
YEL054C,YGL232W,0,-0.98242617,0.10652220249176025,0.9929999709129333,0.8328999876976013
YOR374W,YBR205W,0,-0.9830804,0.10651078075170517,0.9929999709129333,0.8330000042915344
YJL122W,YMR127C,0,-0.9833753,0.10649935901165009,0.9929999709129333,0.8331000208854675
YOL044W,YDR168W,0,-0.9835572,0.106487937271595,0.9929999709129333,0.8331999778747559
YBL055C,YHR205W,0,-0.98392296,0.10647651553153992,0.9929999709129333,0.833299994468689
YBR162W-A,YGL131C,0,-0.98477983,0.10646510124206543,0.9929999709129333,0.8334000110626221
YNL123W,YGR191W,0,-0.98517823,0.10645368695259094,0.9929999709129333,0.8335000276565552
YCL064C,YKL048C,0,-0.98520565,0.10644228011369705,0.9929999709129333,0.8335999846458435
YHR181W,YBR162C,0,-0.98522687,0.10643086582422256,0.9929999709129333,0.8337000012397766
YNL325C,YDL191W,0,-0.98687696,0.10641945898532867,0.9929999709129333,0.8338000178337097
YOR157C,YOR257W,0,-0.9871905,0.10640805959701538,0.9929999709129333,0.833899974822998
YLL005C,YKL209C,0,-0.98773026,0.10639666020870209,0.9929999709129333,0.8339999914169312
YJL189W,YGR154C,0,-0.98811626,0.1063852608203888,0.9929999709129333,0.8341000080108643
YMR215W,YGL011C,0,-0.9883363,0.1063738614320755,0.9929999709129333,0.8342000246047974
YLR439W,YDR289C,0,-0.9895923,0.1063624694943428,0.9929999709129333,0.8342999815940857
YOR143C,YOR269W,0,-0.99165964,0.10635107755661011,0.9929999709129333,0.8343999981880188
YMR312W,YPR058W,0,-0.9926636,0.10633968561887741,0.9929999709129333,0.8345000147819519
YMR243C,YJR126C,0,-0.9934573,0.10632830113172531,0.9929999709129333,0.8345999717712402
YDL226C,YBR214W,0,-0.9942808,0.10631691664457321,0.9929999709129333,0.8346999883651733
YPR031W,YMR211W,0,-0.99436855,0.10630553215742111,0.9929999709129333,0.8348000049591064
YPL211W,YOL115W,0,-0.9946456,0.10629415512084961,0.9929999709129333,0.8349000215530396
YGL073W,YPR033C,0,-0.9975376,0.1062827780842781,0.9929999709129333,0.8349999785423279
YPL178W,YPL030W,0,-0.9976697,0.1062714010477066,0.9929999709129333,0.835099995136261
YMR040W,YHR028C,0,-0.9980531,0.1062600314617157,0.9929999709129333,0.8352000117301941
YMR142C,YHR148W,0,-1.0018768,0.10624866187572479,0.9929999709129333,0.8353000283241272
YDR292C,YBR299W,0,-1.0035157,0.10623729228973389,0.9929999709129333,0.8353999853134155
YML070W,YIR017C,0,-1.0035858,0.10622593015432358,0.9929999709129333,0.8355000019073486
YJR123W,YBL039C,0,-1.0057817,0.10621456801891327,0.9929999709129333,0.8356000185012817
YBL009W,YKL034W,0,-1.0058136,0.10620320588350296,0.9929999709129333,0.8356999754905701
YML106W,YDL103C,0,-1.0063422,0.10619185119867325,0.9929999709129333,0.8357999920845032
YNL096C,YHR067W,0,-1.0070245,0.10618049651384354,0.9929999709129333,0.8359000086784363
YDL123W,YNL099C,0,-1.0081296,0.10616914182901382,0.9929999709129333,0.8360000252723694
YGR061C,YOR181W,0,-1.010062,0.10615779459476471,0.9929999709129333,0.8360999822616577
YKL154W,YJL221C,0,-1.0109172,0.1061464473605156,0.9929999709129333,0.8361999988555908
YGR183C,YBL009W,0,-1.0111291,0.10613510012626648,0.9929999709129333,0.8363000154495239
YLR099C,YOR075W,0,-1.0190399,0.10612376034259796,0.9929999709129333,0.8363999724388123
YGR123C,YPL157W,0,-1.0230293,0.10611242055892944,0.9929999709129333,0.8364999890327454
YML011C,YDR326C,0,-1.0231087,0.10610108077526093,0.9929999709129333,0.8366000056266785
YDL081C,YML008C,0,-1.0236211,0.10608974099159241,0.9929999709129333,0.8367000222206116
YDL122W,YPR086W,0,-1.0241168,0.10607840865850449,0.9929999709129333,0.8367999792098999
YPR128C,YMR002W,0,-1.0246987,0.10606707632541656,0.9929999709129333,0.836899995803833
YOR271C,YOR171C,0,-1.0250916,0.10605575144290924,0.9929999709129333,0.8370000123977661
YMR208W,YFR009W,0,-1.0257998,0.10604442656040192,0.9929999709129333,0.8371000289916992
YER157W,YBL042C,0,-1.0258875,0.10603310167789459,0.9929999709129333,0.8371999859809875
YGL201C,YDR099W,0,-1.0295436,0.10602178424596786,0.9929999709129333,0.8373000025749207
YNL243W,YMR113W,0,-1.0322084,0.10601045936346054,0.9929999709129333,0.8374000191688538
YNL023C,YDR524C,0,-1.032445,0.10599914938211441,0.9929999709129333,0.8374999761581421
YNL075W,YNR051C,0,-1.0330625,0.10598783195018768,0.9929999709129333,0.8375999927520752
YMR199W,YBR083W,0,-1.0330999,0.10597652196884155,0.9929999709129333,0.8377000093460083
YOR090C,YHR169W,0,-1.0349507,0.10596521198749542,0.9929999709129333,0.8378000259399414
YML069W,YOR080W,0,-1.0361552,0.10595390200614929,0.9929999709129333,0.8378999829292297
YHR176W,YPL171C,0,-1.0381627,0.10594259947538376,0.9929999709129333,0.8379999995231628
YMR081C,YGL161C,0,-1.0382006,0.10593129694461823,0.9929999709129333,0.838100016117096
YNR027W,YLR201C,0,-1.0391221,0.10592000186443329,0.9929999709129333,0.8381999731063843
YBR121C,YHR017W,0,-1.0396247,0.10590870678424835,0.9929999709129333,0.8382999897003174
YOR069W,YDR500C,0,-1.042475,0.10589741170406342,0.9929999709129333,0.8384000062942505
YGL020C,YGL135W,0,-1.04445,0.10588611662387848,0.9929999709129333,0.8385000228881836
YJR058C,YDR313C,0,-1.0445838,0.10587482899427414,0.9929999709129333,0.8385999798774719
YOL018C,YBR079C,0,-1.0471892,0.1058635413646698,0.9929999709129333,0.838699996471405
YDR490C,YBR086C,0,-1.0477588,0.10585225373506546,0.9929999709129333,0.8388000130653381
YKR025W,YDL204W,0,-1.0479302,0.10584097355604172,0.9929999709129333,0.8389000296592712
YOL080C,YJR007W,0,-1.0479422,0.10582969337701797,0.9929999709129333,0.8389999866485596
YML093W,YJL001W,0,-1.0506454,0.10581841319799423,0.9929999709129333,0.8391000032424927
YPR133C,YLL018C,0,-1.0527,0.10580714046955109,0.9929999709129333,0.8392000198364258
YLR372W,YBL082C,0,-1.0546091,0.10579586774110794,0.9929999709129333,0.8392999768257141
YBR101C,YER035W,0,-1.0557168,0.1057845950126648,0.9929999709129333,0.8393999934196472
YNL265C,YBR021W,0,-1.0573552,0.10577332973480225,0.9929999709129333,0.8395000100135803
YBR014C,YBR089C-A,0,-1.0586329,0.1057620644569397,0.9929999709129333,0.8396000266075134
YFR032C-A,YDR365C,0,-1.0594773,0.10575079917907715,0.9929999709129333,0.8396999835968018
YDR382W,YDR520C,0,-1.0601656,0.1057395413517952,0.9929999709129333,0.8398000001907349
YBR119W,YER083C,0,-1.0604699,0.10572827607393265,0.9929999709129333,0.839900016784668
YJL138C,YDR320C,0,-1.0612297,0.10571702569723129,0.9929999709129333,0.8399999737739563
YCR004C,YPR056W,0,-1.0612633,0.10570576786994934,0.9929999709129333,0.8400999903678894
YNL158W,YKL184W,0,-1.0618184,0.10569451749324799,0.9929999709129333,0.8402000069618225
YEL060C,YER159C,0,-1.0621753,0.10568326711654663,0.9929999709129333,0.8403000235557556
YLR019W,YEL002C,0,-1.0625496,0.10567202419042587,0.9929999709129333,0.840399980545044
YDR390C,YOR063W,0,-1.0631983,0.10566078126430511,0.9929999709129333,0.840499997138977
YML130C,YOR384W,0,-1.0657213,0.10564953833818436,0.9929999709129333,0.8406000137329102
YER025W,YLR307W,0,-1.0658746,0.1056382954120636,0.9929999709129333,0.8406999707221985
YNL014W,YGL211W,0,-1.0671294,0.10562705993652344,0.9929999709129333,0.8407999873161316
YLR222C,YOR288C,0,-1.0676458,0.10561582446098328,0.9929999709129333,0.8409000039100647
YHR161C,YMR263W,0,-1.0679176,0.10560459643602371,0.9929999709129333,0.8410000205039978
YBR162C,YPL237W,0,-1.0679832,0.10559336096048355,0.9929999709129333,0.8410999774932861
YCR028C,YFL041W,0,-1.0696192,0.10558214038610458,0.9929999709129333,0.8411999940872192
YNR027W,YPR005C,0,-1.0697579,0.10557091236114502,0.9929999709129333,0.8413000106811523
YPR005C,YOR132W,0,-1.0718331,0.10555969178676605,0.9929999709129333,0.8414000272750854
YGL076C,YLL024C,0,-1.0730004,0.10554847121238708,0.9929999709129333,0.8414999842643738
YDR345C,YMR313C,0,-1.073885,0.10553725063800812,0.9929999709129333,0.8416000008583069
YMR116C,YJR110W,0,-1.0760958,0.10552603751420975,0.9929999709129333,0.84170001745224
YAR033W,YDR528W,0,-1.0763123,0.10551482439041138,0.9929999709129333,0.8417999744415283
YJR121W,YFL004W,0,-1.0767345,0.105503611266613,0.9929999709129333,0.8418999910354614
YJL127C,YDR242W,0,-1.0771496,0.10549240559339523,0.9929999709129333,0.8420000076293945
YER133W,YDL075W,0,-1.0775652,0.10548119992017746,0.9929999709129333,0.8421000242233276
YDR153C,YDR399W,0,-1.0778992,0.10546999424695969,0.9929999709129333,0.842199981212616
YML029W,YPL004C,0,-1.0784435,0.10545879602432251,0.9929999709129333,0.8422999978065491
YML088W,YBL042C,0,-1.0787482,0.10544759780168533,0.9929999709129333,0.8424000144004822
YOR116C,YOR208W,0,-1.0801246,0.10543639957904816,0.9929999709129333,0.8424999713897705
YOL012C,YKL150W,0,-1.0815992,0.10542520135641098,0.9929999709129333,0.8425999879837036
YJL189W,YHR136C,0,-1.0824919,0.1054140105843544,0.9929999709129333,0.8427000045776367
YMR152W,YER019W,0,-1.0825293,0.10540281981229782,0.9929999709129333,0.8428000211715698
YDR324C,YHR050W,0,-1.0834961,0.10539163649082184,0.9929999709129333,0.8428999781608582
YPL047W,YDR425W,0,-1.0837822,0.10538045316934586,0.9929999709129333,0.8429999947547913
YBR265W,YDL212W,0,-1.0847585,0.10536926984786987,0.9929999709129333,0.8431000113487244
YPL118W,YJL076W,0,-1.0858207,0.10535808652639389,0.9929999709129333,0.8432000279426575
YLR371W,YBL037W,0,-1.086242,0.1053469106554985,0.9929999709129333,0.8432999849319458
YGL168W,YOL033W,0,-1.0870404,0.10533573478460312,0.9929999709129333,0.8434000015258789
YNL326C,YPR173C,0,-1.0885944,0.10532456636428833,0.9929999709129333,0.843500018119812
YJL093C,YOR048C,0,-1.0917587,0.10531339794397354,0.9929999709129333,0.8435999751091003
YFL016C,YIL030C,0,-1.0918193,0.10530222952365875,0.9929999709129333,0.8436999917030334
YMR072W,YAL044C,0,-1.0920861,0.10529106110334396,0.9929999709129333,0.8438000082969666
YJL080C,YNL265C,0,-1.0921044,0.10527990013360977,0.9929999709129333,0.8439000248908997
YDL161W,YLR340W,0,-1.0934544,0.10526873916387558,0.9929999709129333,0.843999981880188
YJR125C,YDL188C,0,-1.0956328,0.10525757819414139,0.9929999709129333,0.8440999984741211
YOR272W,YIL039W,0,-1.0962484,0.10524642467498779,0.9929999709129333,0.8442000150680542
YFL037W,YDR483W,0,-1.0981336,0.1052352711558342,0.9929999709129333,0.8442999720573425
YJR121W,YBR030W,0,-1.0992272,0.1052241176366806,0.9929999709129333,0.8443999886512756
YBR290W,YBR039W,0,-1.0993137,0.1052129715681076,0.9929999709129333,0.8445000052452087
YML048W,YDR400W,0,-1.0995808,0.1052018254995346,0.9929999709129333,0.8446000218391418
YDR033W,YMR152W,0,-1.1043544,0.10519067943096161,0.9929999709129333,0.8446999788284302
YNL097C,YJR016C,0,-1.1059263,0.10517953336238861,0.9929999709129333,0.8447999954223633
YGR157W,YJL101C,0,-1.1081083,0.10516839474439621,0.9929999709129333,0.8449000120162964
YER120W,YFL041W,0,-1.1084709,0.10515725612640381,0.9929999709129333,0.8450000286102295
YDL166C,YIL120W,0,-1.1089964,0.105146124958992,0.9929999709129333,0.8450999855995178
YDL161W,YDL153C,0,-1.1095235,0.1051349937915802,0.9929999709129333,0.8452000021934509
YFR042W,YOR205C,0,-1.1110003,0.1051238626241684,0.9929999709129333,0.845300018787384
YMR091C,YOR115C,0,-1.1115851,0.10511273145675659,0.9929999709129333,0.8453999757766724
YPL203W,YHR099W,0,-1.1117148,0.10510160773992538,0.9929999709129333,0.8454999923706055
YEL060C,YPL212C,0,-1.1136138,0.10509048402309418,0.9929999709129333,0.8456000089645386
YIL145C,YGL077C,0,-1.1155679,0.10507936775684357,0.9929999709129333,0.8457000255584717
YBR077C,YIL040W,0,-1.1159906,0.10506824404001236,0.9929999709129333,0.84579998254776
YIL103W,YMR281W,0,-1.1172051,0.10505712777376175,0.9929999709129333,0.8458999991416931
YDR002W,YIR022W,0,-1.1201992,0.10504601895809174,0.9929999709129333,0.8460000157356262
YDR420W,YIL007C,0,-1.1206958,0.10503490269184113,0.9929999709129333,0.8460999727249146
YIL052C,YDR483W,0,-1.1208339,0.10502379387617111,0.9929999709129333,0.8461999893188477
YOR113W,YPL266W,0,-1.1231997,0.1050126925110817,0.9929999709129333,0.8463000059127808
YJR046W,YDR536W,0,-1.1234283,0.10500158369541168,0.9929999709129333,0.8464000225067139
YER114C,YJR118C,0,-1.1238241,0.10499048233032227,0.9929999709129333,0.8464999794960022
YHR065C,YNL029C,0,-1.1248808,0.10497938841581345,0.9929999709129333,0.8465999960899353
YGR030C,YHL031C,0,-1.1263885,0.10496828705072403,0.9929999709129333,0.8467000126838684
YAL056W,YDR071C,0,-1.1264758,0.10495719313621521,0.9929999709129333,0.8468000292778015
YPR156C,YNL275W,0,-1.1278231,0.10494609922170639,0.9929999709129333,0.8468999862670898
YLR378C,YER021W,0,-1.1281285,0.10493501275777817,0.9929999709129333,0.847000002861023
YMR091C,YOL033W,0,-1.1288657,0.10492391884326935,0.9929999709129333,0.847100019454956
YIL103W,YOL039W,0,-1.1292028,0.10491283982992172,0.9929999709129333,0.8471999764442444
YJL044C,YNL183C,0,-1.1295314,0.1049017533659935,0.9929999709129333,0.8472999930381775
YAL005C,YMR211W,0,-1.1313169,0.10489067435264587,0.9929999709129333,0.8474000096321106
YMR058W,YNR001C,0,-1.1332037,0.10487959533929825,0.9929999709129333,0.8475000262260437
YGR099W,YJR125C,0,-1.1344857,0.10486851632595062,0.9929999709129333,0.847599983215332
YLR337C,YPL090C,0,-1.1375682,0.1048574447631836,0.9929999709129333,0.8476999998092651
YPL032C,YJL052W,0,-1.1376278,0.10484637320041656,0.9929999709129333,0.8478000164031982
YOL130W,YOR316C,0,-1.1379516,0.10483530163764954,0.9929999709129333,0.8478999733924866
YDR057W,YLR332W,0,-1.1383858,0.1048242375254631,0.9929999709129333,0.8479999899864197
YDR435C,YBR286W,0,-1.1401005,0.10481317341327667,0.9929999709129333,0.8481000065803528
YPR075C,YJR155W,0,-1.1416321,0.10480210930109024,0.9929999709129333,0.8482000231742859
YLR423C,YKR092C,0,-1.1426778,0.1047910526394844,0.9929999709129333,0.8482999801635742
YNL180C,YKR003W,0,-1.1454744,0.10477999597787857,0.9929999709129333,0.8483999967575073
YML074C,YLR109W,0,-1.1456635,0.10476893931627274,0.9929999709129333,0.8485000133514404
YHR089C,YOR329C,0,-1.1464465,0.1047578826546669,0.9929999709129333,0.8485999703407288
YKL054C,YNL030W,0,-1.1490924,0.10474683344364166,0.9929999709129333,0.8486999869346619
YFL031W,YDR382W,0,-1.1492033,0.10473578423261642,0.9929999709129333,0.848800003528595
YLR430W,YLR403W,0,-1.1502018,0.10472474247217178,0.9929999709129333,0.8489000201225281
YNL221C,YMR316W,0,-1.1517277,0.10471370071172714,0.9929999709129333,0.8489999771118164
YIL015W,YGL257C,0,-1.1518998,0.1047026589512825,0.9929999709129333,0.8490999937057495
YKL116C,YNL306W,0,-1.153383,0.10469161719083786,0.9929999709129333,0.8492000102996826
YOR375C,YOR244W,0,-1.1535239,0.10468058288097382,0.9929999709129333,0.8493000268936157
YDR168W,YGR183C,0,-1.1546049,0.10466954857110977,0.9929999709129333,0.849399983882904
YLR085C,YJR001W,0,-1.1547351,0.10465851426124573,0.9929999709129333,0.8495000004768372
YDL052C,YFR031C-A,0,-1.154855,0.10464748740196228,0.9929999709129333,0.8496000170707703
YDR515W,YDR483W,0,-1.1562111,0.10463646054267883,0.9929999709129333,0.8496999740600586
YKR059W,YBR014C,0,-1.1569495,0.10462543368339539,0.9929999709129333,0.8497999906539917
YPL043W,YDR169C,0,-1.1585088,0.10461441427469254,0.9929999709129333,0.8499000072479248
YOR061W,YBR014C,0,-1.1586432,0.10460339486598969,0.9929999709129333,0.8500000238418579
YCR067C,YGR260W,0,-1.1588984,0.10459237545728683,0.9929999709129333,0.8500999808311462
YKR062W,YHL001W,0,-1.1593456,0.10458135604858398,0.9929999709129333,0.8501999974250793
YNL162W,YOR247W,0,-1.1596158,0.10457034409046173,0.9929999709129333,0.8503000140190125
YOR061W,YDR510W,0,-1.1615205,0.10455933213233948,0.9929999709129333,0.8503999710083008
YDR349C,YBR298C,0,-1.1626387,0.10454832762479782,0.9929999709129333,0.8504999876022339
YJR041C,YAL010C,0,-1.1630058,0.10453732311725616,0.9929999709129333,0.850600004196167
YDR221W,YJR016C,0,-1.1634877,0.10452631860971451,0.9929999709129333,0.8507000207901001
YDR073W,YKL016C,0,-1.1654315,0.10451531410217285,0.9929999709129333,0.8507999777793884
YGL129C,YDR302W,0,-1.1660883,0.10450431704521179,0.9929999709129333,0.8508999943733215
YHR005C,YDR071C,0,-1.1675563,0.10449331998825073,0.9929999709129333,0.8510000109672546
YGL191W,YLR128W,0,-1.1703858,0.10448232293128967,0.9929999709129333,0.8511000275611877
YKL081W,YGR048W,0,-1.1710653,0.10447133332490921,0.9929999709129333,0.8511999845504761
YDR033W,YOL096C,0,-1.1737158,0.10446034371852875,0.9929999709129333,0.8513000011444092
YMR044W,YPL079W,0,-1.1743159,0.10444935411214828,0.9929999709129333,0.8514000177383423
YHR010W,YGL028C,0,-1.1750646,0.10443836450576782,0.9929999709129333,0.8514999747276306
YHR148W,YHR187W,0,-1.1776676,0.10442738234996796,0.9929999709129333,0.8515999913215637
YDR326C,YFR041C,0,-1.1816001,0.10441640019416809,0.9929999709129333,0.8517000079154968
YOR047C,YGR202C,0,-1.1821346,0.10440542548894882,0.9929999709129333,0.8518000245094299
YGL005C,YMR030W,0,-1.1839781,0.10439445078372955,0.9929999709129333,0.8518999814987183
YKL195W,YCR088W,0,-1.1842742,0.10438347607851028,0.9929999709129333,0.8519999980926514
YIL156W,YJR137C,0,-1.1860056,0.10437250137329102,0.9929999709129333,0.8521000146865845
YNL025C,YHR143W,0,-1.1868334,0.10436153411865234,0.9929999709129333,0.8521999716758728
YDL091C,YDR188W,0,-1.1876607,0.10435056686401367,0.9929999709129333,0.8522999882698059
YBR048W,YMR100W,0,-1.1913931,0.104339599609375,0.9929999709129333,0.852400004863739
YPL220W,YGR206W,0,-1.1915383,0.10432863980531693,0.9929999709129333,0.8525000214576721
YIL117C,YBR264C,0,-1.1917129,0.10431768000125885,0.9929999709129333,0.8525999784469604
YDR162C,YDL007W,0,-1.1921849,0.10430672019720078,0.9929999709129333,0.8526999950408936
YOR347C,YPR118W,0,-1.1929152,0.1042957678437233,0.9929999709129333,0.8528000116348267
YNL243W,YMR037C,0,-1.1946855,0.10428481549024582,0.9929999709129333,0.8529000282287598
YML029W,YDR408C,0,-1.1948962,0.10427386313676834,0.9929999709129333,0.8529999852180481
YBR122C,YBR302C,0,-1.1956058,0.10426291823387146,0.9929999709129333,0.8531000018119812
YER131W,YMR298W,0,-1.1961384,0.10425196588039398,0.9929999709129333,0.8532000184059143
YMR139W,YDR194C,0,-1.1979089,0.1042410209774971,0.9929999709129333,0.8532999753952026
YNL154C,YER159C,0,-1.1984701,0.10423008352518082,0.9929999709129333,0.8533999919891357
YDL098C,YBR048W,0,-1.1993418,0.10421914607286453,0.9929999709129333,0.8535000085830688
YPL270W,YBR060C,0,-1.1994576,0.10420820862054825,0.9929999709129333,0.853600025177002
YIL131C,YKL150W,0,-1.2001712,0.10419727116823196,0.9929999709129333,0.8536999821662903
YOR348C,YAL042W,0,-1.2003629,0.10418634116649628,0.9929999709129333,0.8537999987602234
YNL159C,YMR009W,0,-1.201088,0.10417541116476059,0.9929999709129333,0.8539000153541565
YNL097C,YPL212C,0,-1.2016406,0.1041644811630249,0.9929999709129333,0.8539999723434448
YOL146W,YOR256C,0,-1.2025774,0.10415355861186981,0.9929999709129333,0.8540999889373779
YPR057W,YLR167W,0,-1.2040093,0.10414263606071472,0.9929999709129333,0.854200005531311
YDR219C,YOL020W,0,-1.2045088,0.10413171350955963,0.9929999709129333,0.8543000221252441
YKR010C,YPL177C,0,-1.2054133,0.10412079095840454,0.9929999709129333,0.8543999791145325
YNL252C,YAL026C,0,-1.2055063,0.10410987585783005,0.9929999709129333,0.8544999957084656
YAL005C,YDR441C,0,-1.2061691,0.10409896075725555,0.9929999709129333,0.8546000123023987
YGR178C,YPL026C,0,-1.2076738,0.10408805310726166,0.9929999709129333,0.8547000288963318
YLR229C,YGL129C,0,-1.208494,0.10407713800668716,0.9929999709129333,0.8547999858856201
YBR251W,YER120W,0,-1.2085841,0.10406623035669327,0.9929999709129333,0.8549000024795532
YLR409C,YOR174W,0,-1.2093444,0.10405533015727997,0.9929999709129333,0.8550000190734863
YIL122W,YBR166C,0,-1.2096007,0.10404442250728607,0.9929999709129333,0.8550999760627747
YNL286W,YCR033W,0,-1.210367,0.10403352230787277,0.9929999709129333,0.8551999926567078
YHR193C,YLL015W,0,-1.2115338,0.10402262955904007,0.9929999709129333,0.8553000092506409
YDR206W,YMR281W,0,-1.2115474,0.10401172935962677,0.9929999709129333,0.855400025844574
YDL210W,YNR026C,0,-1.2127385,0.10400083661079407,0.9929999709129333,0.8554999828338623
YML110C,YGL054C,0,-1.2187803,0.10398994386196136,0.9929999709129333,0.8555999994277954
YGL207W,YNL071W,0,-1.2188637,0.10397905856370926,0.9929999709129333,0.8557000160217285
YDR390C,YCR031C,0,-1.21929,0.10396817326545715,0.9929999709129333,0.8557999730110168
YIL107C,YNL166C,0,-1.2193768,0.10395728796720505,0.9929999709129333,0.85589998960495
YOR028C,YJL010C,0,-1.2204428,0.10394640266895294,0.9929999709129333,0.8560000061988831
YPR143W,YJL177W,0,-1.2220767,0.10393552482128143,0.9929999709129333,0.8561000227928162
YIL153W,YLR298C,0,-1.2222717,0.10392464697360992,0.9929999709129333,0.8561999797821045
YNL327W,YHR160C,0,-1.2223024,0.10391376912593842,0.9929999709129333,0.8562999963760376
YDR447C,YLR097C,0,-1.2246876,0.1039028987288475,0.9929999709129333,0.8564000129699707
YPL092W,YMR302C,0,-1.2255666,0.10389202833175659,0.9929999709129333,0.8565000295639038
YDL132W,YDL019C,0,-1.2264018,0.10388115793466568,0.9929999709129333,0.8565999865531921
YBR110W,YMR053C,0,-1.2269282,0.10387029498815536,0.9929999709129333,0.8567000031471252
YLR051C,YBL069W,0,-1.2269945,0.10385943204164505,0.9929999709129333,0.8568000197410583
YNR039C,YNR023W,0,-1.2276428,0.10384856909513474,0.9929999709129333,0.8568999767303467
YKR058W,YMR192W,0,-1.2280226,0.10383770614862442,0.9929999709129333,0.8569999933242798
YAL003W,YJL121C,0,-1.2282004,0.1038268506526947,0.9929999709129333,0.8571000099182129
YDR292C,YLR178C,0,-1.2309909,0.10381599515676498,0.9929999709129333,0.857200026512146
YOR270C,YBR057C,0,-1.23381,0.10380513966083527,0.9929999709129333,0.8572999835014343
YJR046W,YPL145C,0,-1.2358131,0.10379429161548615,0.9929999709129333,0.8574000000953674
YGL245W,YER007W,0,-1.2366667,0.10378344357013702,0.9929999709129333,0.8575000166893005
YJL154C,YLR068W,0,-1.2369957,0.1037725955247879,0.9929999709129333,0.8575999736785889
YER023W,YDR343C,0,-1.2377863,0.10376175493001938,0.9929999709129333,0.857699990272522
YKL054C,YMR158W,0,-1.2398324,0.10375091433525085,0.9929999709129333,0.8578000068664551
YHR133C,YOL003C,0,-1.2407,0.10374007374048233,0.9929999709129333,0.8579000234603882
YOR063W,YOR017W,0,-1.241235,0.1037292405962944,0.9929999709129333,0.8579999804496765
YNL265C,YER122C,0,-1.2450833,0.10371840745210648,0.9929999709129333,0.8580999970436096
YKL110C,YHR046C,0,-1.2455196,0.10370757430791855,0.9929999709129333,0.8582000136375427
YGL211W,YKR060W,0,-1.2468781,0.10369674116373062,0.9929999709129333,0.858299970626831
YKR067W,YLR205C,0,-1.2481623,0.10368591547012329,0.9929999709129333,0.8583999872207642
YBR036C,YMR009W,0,-1.2486167,0.10367508977651596,0.9929999709129333,0.8585000038146973
YAL015C,YMR079W,0,-1.2487352,0.10366426408290863,0.9929999709129333,0.8586000204086304
YLR293C,YNL268W,0,-1.2499497,0.1036534458398819,0.9929999709129333,0.8586999773979187
YMR307W,YML010W,0,-1.2507982,0.10364262759685516,0.9929999709129333,0.8587999939918518
YHR203C,YIR037W,0,-1.2520118,0.10363180935382843,0.9929999709129333,0.8589000105857849
YKL021C,YOR312C,0,-1.2533896,0.1036209985613823,0.9929999709129333,0.859000027179718
YAL061W,YBL101C,0,-1.2539251,0.10361018031835556,0.9929999709129333,0.8590999841690063
YHL021C,YGR099W,0,-1.2546611,0.10359937697649002,0.9929999709129333,0.8592000007629395
YDR025W,YGL257C,0,-1.2553005,0.10358856618404388,0.9929999709129333,0.8593000173568726
YDR085C,YOR056C,0,-1.2557626,0.10357776284217834,0.9929999709129333,0.8593999743461609
YGR086C,YLR284C,0,-1.2566023,0.1035669595003128,0.9929999709129333,0.859499990940094
YDR219C,YDL160C,0,-1.2566786,0.10355615615844727,0.9929999709129333,0.8596000075340271
YDR430C,YJL096W,0,-1.2568135,0.10354536026716232,0.9929999709129333,0.8597000241279602
YOR256C,YHL015W,0,-1.2570572,0.10353456437587738,0.9929999709129333,0.8597999811172485
YKL080W,YGL028C,0,-1.2601402,0.10352376848459244,0.9929999709129333,0.8598999977111816
YDL080C,YLR066W,0,-1.2607186,0.10351298004388809,0.9929999709129333,0.8600000143051147
YEL044W,YLR139C,0,-1.2610104,0.10350219160318375,0.9929999709129333,0.8600999712944031
YMR307W,YPL154C,0,-1.2621214,0.1034914031624794,0.9929999709129333,0.8601999878883362
YIL115C,YDR247W,0,-1.2630847,0.10348061472177505,0.9929999709129333,0.8603000044822693
YML126C,YNL071W,0,-1.2643526,0.1034698337316513,0.9929999709129333,0.8604000210762024
YML130C,YLL035W,0,-1.2673774,0.10345905274152756,0.9929999709129333,0.8604999780654907
YOR198C,YMR109W,0,-1.2680082,0.1034482792019844,0.9929999709129333,0.8605999946594238
YPL160W,YCR077C,0,-1.2734878,0.10343749821186066,0.9929999709129333,0.8607000112533569
YNL197C,YGR142W,0,-1.2751236,0.1034267246723175,0.9929999709129333,0.86080002784729
YNL103W,YNL241C,0,-1.2752717,0.10341595858335495,0.9929999709129333,0.8608999848365784
YGR124W,YIR008C,0,-1.2760396,0.1034051850438118,0.9929999709129333,0.8610000014305115
YIL053W,YGL120C,0,-1.2803702,0.10339441895484924,0.9929999709129333,0.8611000180244446
YKR013W,YNL244C,0,-1.2813907,0.10338365286588669,0.9929999709129333,0.8611999750137329
YDR456W,YOR253W,0,-1.2814467,0.10337289422750473,0.9929999709129333,0.861299991607666
YPR067W,YGR183C,0,-1.2820158,0.10336212813854218,0.9929999709129333,0.8614000082015991
YML074C,YDR267C,0,-1.2849612,0.10335137695074081,0.9929999709129333,0.8615000247955322
YOL077C,YLR237W,0,-1.2892871,0.10334061831235886,0.9929999709129333,0.8615999817848206
YMR128W,YER114C,0,-1.2893951,0.1033298671245575,0.9929999709129333,0.8616999983787537
YBR265W,YMR072W,0,-1.2932181,0.10331911593675613,0.9929999709129333,0.8618000149726868
YAL028W,YOL051W,0,-1.293272,0.10330836474895477,0.9929999709129333,0.8618999719619751
YOR245C,YFR050C,0,-1.2954943,0.10329762101173401,0.9929999709129333,0.8619999885559082
YBR112C,YHR201C,0,-1.3013103,0.10328686982393265,0.9929999709129333,0.8621000051498413
YOR001W,YBL019W,0,-1.3046451,0.10327613353729248,0.9929999709129333,0.8622000217437744
YNL292W,YML057W,0,-1.3049107,0.10326538980007172,0.9929999709129333,0.8622999787330627
YBL017C,YPR102C,0,-1.308187,0.10325465351343155,0.9929999709129333,0.8623999953269958
YER141W,YKR014C,0,-1.3094954,0.10324391722679138,0.9929999709129333,0.862500011920929
YDR471W,YNR041C,0,-1.3095212,0.10323318094015121,0.9929999709129333,0.8626000285148621
YBR189W,YKL110C,0,-1.3134577,0.10322245210409164,0.9929999709129333,0.8626999855041504
YHR025W,YDR447C,0,-1.3136239,0.10321172326803207,0.9929999709129333,0.8628000020980835
YNL090W,YEL063C,0,-1.3161292,0.1032009944319725,0.9929999709129333,0.8629000186920166
YMR177W,YGL206C,0,-1.317147,0.10319027304649353,0.9929999709129333,0.8629999756813049
YBR021W,YMR223W,0,-1.3183055,0.10317955166101456,0.9929999709129333,0.863099992275238
YDL132W,YKL065C,0,-1.3196979,0.10316883027553558,0.9929999709129333,0.8632000088691711
YKL152C,YDR046C,0,-1.3200259,0.10315811634063721,0.9929999709129333,0.8633000254631042
YAR014C,YPR073C,0,-1.3203177,0.10314739495515823,0.9929999709129333,0.8633999824523926
YDR031W,YML113W,0,-1.3203971,0.10313668102025986,0.9929999709129333,0.8634999990463257
YMR208W,YOR158W,0,-1.3206158,0.10312597453594208,0.9929999709129333,0.8636000156402588
YDL132W,YDR069C,0,-1.3209894,0.1031152680516243,0.9929999709129333,0.8636999726295471
YDR517W,YER118C,0,-1.3210554,0.10310456156730652,0.9929999709129333,0.8637999892234802
YNL185C,YOR375C,0,-1.3211026,0.10309385508298874,0.9929999709129333,0.8639000058174133
YBR200W,YHL001W,0,-1.3225341,0.10308314859867096,0.9929999709129333,0.8640000224113464
YLR100W,YGR086C,0,-1.3225849,0.10307244956493378,0.9929999709129333,0.8640999794006348
YBL072C,YMR264W,0,-1.324126,0.1030617505311966,0.9929999709129333,0.8641999959945679
YOR014W,YGR047C,0,-1.3251076,0.10305105894804001,0.9929999709129333,0.864300012588501
YGL029W,YBL018C,0,-1.3282373,0.10304036736488342,0.9929999709129333,0.8644000291824341
YDR481C,YOL071W,0,-1.3283055,0.10302967578172684,0.9929999709129333,0.8644999861717224
YJL179W,YNL336W,0,-1.3291993,0.10301898419857025,0.9929999709129333,0.8646000027656555
YHR028C,YGL096W,0,-1.3306847,0.10300830006599426,0.9929999709129333,0.8647000193595886
YDL130W,YGR202C,0,-1.3317952,0.10299761593341827,0.9929999709129333,0.864799976348877
YNL097C,YKL029C,0,-1.3355227,0.10298693180084229,0.9929999709129333,0.8648999929428101
YAR033W,YOR153W,0,-1.3355331,0.1029762551188469,0.9929999709129333,0.8650000095367432
YOR078W,YBR162C,0,-1.3362141,0.1029655709862709,0.9929999709129333,0.8651000261306763
YER001W,YFL037W,0,-1.3372657,0.10295490175485611,0.9929999709129333,0.8651999831199646
YGL195W,YGR096W,0,-1.338186,0.10294422507286072,0.9929999709129333,0.8652999997138977
YDR012W,YGR227W,0,-1.3404076,0.10293355584144592,0.9929999709129333,0.8654000163078308
YJL159W,YPL089C,0,-1.3416939,0.10292288661003113,0.9929999709129333,0.8654999732971191
YER164W,YNL037C,0,-1.3429341,0.10291221737861633,0.9929999709129333,0.8655999898910522
YGL210W,YMR011W,0,-1.3434572,0.10290155559778214,0.9929999709129333,0.8657000064849854
YDR100W,YDR517W,0,-1.3447337,0.10289089381694794,0.9929999709129333,0.8658000230789185
YJR066W,YKR024C,0,-1.3471515,0.10288023203611374,0.9929999709129333,0.8658999800682068
YER127W,YDL188C,0,-1.3482404,0.10286957770586014,0.9929999709129333,0.8659999966621399
YNL097C,YBR214W,0,-1.3493123,0.10285891592502594,0.9929999709129333,0.866100013256073
YEL001C,YLR093C,0,-1.3495913,0.10284826159477234,0.9929999709129333,0.8661999702453613
YGR262C,YGL133W,0,-1.3516335,0.10283761471509933,0.9929999709129333,0.8662999868392944
YKR058W,YGL147C,0,-1.3545976,0.10282696783542633,0.9929999709129333,0.8664000034332275
YOL016C,YEL024W,0,-1.354631,0.10281632095575333,0.9929999709129333,0.8665000200271606
YHR114W,YDL127W,0,-1.354821,0.10280567407608032,0.9929999709129333,0.866599977016449
YPR007C,YMR142C,0,-1.3555937,0.10279503464698792,0.9929999709129333,0.8666999936103821
YDR032C,YML016C,0,-1.3556254,0.10278438776731491,0.9929999709129333,0.8668000102043152
YOR128C,YBR060C,0,-1.3569515,0.1027737557888031,0.9929999709129333,0.8669000267982483
YER141W,YGR101W,0,-1.3578749,0.1027631163597107,0.9929999709129333,0.8669999837875366
YFL031W,YLL048C,0,-1.359612,0.10275248438119888,0.9929999709129333,0.8671000003814697
YMR316W,YMR278W,0,-1.3599222,0.10274185240268707,0.9929999709129333,0.8672000169754028
YPR107C,YHR142W,0,-1.3601198,0.10273122042417526,0.9929999709129333,0.8672999739646912
YLL026W,YFL050C,0,-1.3603497,0.10272059589624405,0.9929999709129333,0.8673999905586243
YDR538W,YOR065W,0,-1.3605499,0.10270997136831284,0.9929999709129333,0.8675000071525574
YNR052C,YER167W,0,-1.36076,0.10269934684038162,0.9929999709129333,0.8676000237464905
YPL246C,YNL066W,0,-1.3617778,0.102688729763031,0.9929999709129333,0.8676999807357788
YML118W,YDR293C,0,-1.3626785,0.10267811268568039,0.9929999709129333,0.8677999973297119
YBL050W,YDR276C,0,-1.3650813,0.10266749560832977,0.9929999709129333,0.867900013923645
YKR025W,YBR135W,0,-1.3667073,0.10265687853097916,0.9929999709129333,0.8679999709129333
YOL041C,YDL230W,0,-1.3668156,0.10264626890420914,0.9929999709129333,0.8680999875068665
YDL191W,YNL189W,0,-1.3680553,0.10263565927743912,0.9929999709129333,0.8682000041007996
YBL078C,YOR192C,0,-1.3686776,0.1026250496506691,0.9929999709129333,0.8683000206947327
YGL139W,YBL072C,0,-1.3689177,0.10261444747447968,0.9929999709129333,0.868399977684021
YGL191W,YDL031W,0,-1.3690479,0.10260384529829025,0.9929999709129333,0.8684999942779541
YOR133W,YBR060C,0,-1.370764,0.10259324312210083,0.9929999709129333,0.8686000108718872
YBL078C,YPR106W,0,-1.3717532,0.10258264094591141,0.9929999709129333,0.8687000274658203
YJL164C,YLL042C,0,-1.372755,0.10257204622030258,0.9929999709129333,0.8687999844551086
YAL005C,YGR241C,0,-1.3739984,0.10256145149469376,0.9929999709129333,0.8689000010490417
YOL002C,YFL036W,0,-1.3774076,0.10255086421966553,0.9929999709129333,0.8690000176429749
YGL076C,YGL020C,0,-1.3780537,0.1025402694940567,0.9929999709129333,0.8690999746322632
YMR067C,YNL067W,0,-1.3786542,0.10252968221902847,0.9929999709129333,0.8691999912261963
YOR100C,YIL118W,0,-1.3795385,0.10251910239458084,0.9929999709129333,0.8693000078201294
YPL063W,YHR001W,0,-1.3814969,0.10250851511955261,0.9929999709129333,0.8694000244140625
YPL049C,YNL306W,0,-1.3826098,0.10249793529510498,0.9929999709129333,0.8694999814033508
YJL167W,YGL099W,0,-1.3827507,0.10248735547065735,0.9929999709129333,0.8695999979972839
YDR007W,YLR176C,0,-1.3848915,0.10247678309679031,0.9929999709129333,0.869700014591217
YBL082C,YDR385W,0,-1.3855603,0.10246620327234268,0.9929999709129333,0.8697999715805054
YML106W,YNL220W,0,-1.3877494,0.10245563089847565,0.9929999709129333,0.8698999881744385
YBR221C,YPL226W,0,-1.3881536,0.10244506597518921,0.9929999709129333,0.8700000047683716
YKR049C,YDR339C,0,-1.3884947,0.10243449360132217,0.9929999709129333,0.8701000213623047
YBR290W,YBR283C,0,-1.3889203,0.10242392867803574,0.9929999709129333,0.870199978351593
YJL047C,YML025C,0,-1.3889787,0.1024133637547493,0.9929999709129333,0.8702999949455261
YLR370C,YDR483W,0,-1.3896928,0.10240280628204346,0.9929999709129333,0.8704000115394592
YER177W,YGL054C,0,-1.3934536,0.10239224880933762,0.9929999709129333,0.8705000281333923
YPR075C,YER035W,0,-1.3946695,0.10238169133663177,0.9929999709129333,0.8705999851226807
YNL251C,YLL050C,0,-1.3962483,0.10237113386392593,0.9929999709129333,0.8707000017166138
YBR162C,YMR127C,0,-1.3965805,0.10236058384180069,0.9929999709129333,0.8708000183105469
YNL299W,YOL117W,0,-1.3967578,0.10235003381967545,0.9929999709129333,0.8708999752998352
YPR021C,YGL232W,0,-1.3994598,0.1023394837975502,0.9929999709129333,0.8709999918937683
YDR116C,YBL016W,0,-1.3997257,0.10232893377542496,0.9929999709129333,0.8711000084877014
YOR293W,YPR165W,0,-1.4003282,0.10231839120388031,0.9929999709129333,0.8712000250816345
YGR129W,YGR240C,0,-1.4005046,0.10230784863233566,0.9929999709129333,0.8712999820709229
YDL091C,YDL130W,0,-1.401052,0.10229731351137161,0.9929999709129333,0.871399998664856
YPR067W,YJR059W,0,-1.4010599,0.10228677093982697,0.9929999709129333,0.8715000152587891
YNL047C,YPR100W,0,-1.4042997,0.10227623581886292,0.9929999709129333,0.8715999722480774
YLR259C,YIL034C,0,-1.4085054,0.10226570814847946,0.9929999709129333,0.8716999888420105
YER056C,YFL029C,0,-1.4106762,0.10225517302751541,0.9929999709129333,0.8718000054359436
YPL234C,YPL172C,0,-1.4127426,0.10224464535713196,0.9929999709129333,0.8719000220298767
YNL278W,YJL198W,0,-1.4134533,0.1022341176867485,0.9929999709129333,0.871999979019165
YJL165C,YIR026C,0,-1.4138889,0.10222359746694565,0.9929999709129333,0.8720999956130981
YLR229C,YKL048C,0,-1.4147735,0.1022130697965622,0.9929999709129333,0.8722000122070312
YIL031W,YKL034W,0,-1.4155245,0.10220254957675934,0.9929999709129333,0.8723000288009644
YKL146W,YDR328C,0,-1.4159069,0.10219203680753708,0.9929999709129333,0.8723999857902527
YOL146W,YPL221W,0,-1.4163342,0.10218151658773422,0.9929999709129333,0.8725000023841858
YDL060W,YKR052C,0,-1.4171119,0.10217100381851196,0.9929999709129333,0.8726000189781189
YGL048C,YNL037C,0,-1.4171927,0.1021604910492897,0.9929999709129333,0.8726999759674072
YLR075W,YPL133C,0,-1.4198833,0.10214998573064804,0.9929999709129333,0.8727999925613403
YLR371W,YOR320C,0,-1.4204617,0.10213948041200638,0.9929999709129333,0.8729000091552734
YER048C,YGL210W,0,-1.4204893,0.10212897509336472,0.9929999709129333,0.8730000257492065
YAL005C,YDR188W,0,-1.4223275,0.10211846977472305,0.9929999709129333,0.8730999827384949
YKR050W,YJL096W,0,-1.4224927,0.10210797190666199,0.9929999709129333,0.873199999332428
YJR067C,YHR083W,0,-1.4228156,0.10209747403860092,0.9929999709129333,0.8733000159263611
YDL132W,YLR022C,0,-1.4245403,0.10208697617053986,0.9929999709129333,0.8733999729156494
YOR065W,YLR067C,0,-1.424957,0.10207647830247879,0.9929999709129333,0.8734999895095825
YDR027C,YPL123C,0,-1.4284353,0.10206598788499832,0.9929999709129333,0.8736000061035156
YPL241C,YNL125C,0,-1.4294806,0.10205549746751785,0.9929999709129333,0.8737000226974487
YPR036W,YDL033C,0,-1.430145,0.10204501450061798,0.9929999709129333,0.8737999796867371
YGL179C,YDR450W,0,-1.430711,0.10203452408313751,0.9929999709129333,0.8738999962806702
YDR162C,YHR099W,0,-1.4313164,0.10202404111623764,0.9929999709129333,0.8740000128746033
YER141W,YER088C,0,-1.4328711,0.10201355814933777,0.9929999709129333,0.8741000294685364
YGL048C,YNL061W,0,-1.4334304,0.1020030826330185,0.9929999709129333,0.8741999864578247
YKL035W,YDR464W,0,-1.4342768,0.10199260711669922,0.9929999709129333,0.8743000030517578
YML009C,YKL084W,0,-1.4352632,0.10198213160037994,0.9929999709129333,0.8744000196456909
YGR286C,YGR044C,0,-1.4354525,0.10197165608406067,0.9929999709129333,0.8744999766349792
YBL084C,YNL030W,0,-1.4368925,0.10196118801832199,0.9929999709129333,0.8745999932289124
YER178W,YGL099W,0,-1.4377508,0.10195071995258331,0.9929999709129333,0.8747000098228455
YJL190C,YBR126C,0,-1.4407687,0.10194025188684464,0.9929999709129333,0.8748000264167786
YDL132W,YNL241C,0,-1.4411335,0.10192979127168655,0.9929999709129333,0.8748999834060669
YER089C,YCR010C,0,-1.4437127,0.10191932320594788,0.9929999709129333,0.875
YLR204W,YCL011C,0,-1.4444544,0.10190887004137039,0.9929999709129333,0.8751000165939331
YHR017W,YCR094W,0,-1.4445913,0.10189840942621231,0.9929999709129333,0.8751999735832214
YDL091C,YGL078C,0,-1.4449627,0.10188795626163483,0.9929999709129333,0.8752999901771545
YLR172C,YBR106W,0,-1.4493399,0.10187750309705734,0.9929999709129333,0.8754000067710876
YOR128C,YNL029C,0,-1.4498563,0.10186704993247986,0.9929999709129333,0.8755000233650208
YDR300C,YJR099W,0,-1.4498639,0.10185660421848297,0.9929999709129333,0.8755999803543091
YMR199W,YLR185W,0,-1.4510345,0.10184615105390549,0.9929999709129333,0.8756999969482422
YDL051W,YKL002W,0,-1.4511356,0.1018357127904892,0.9929999709129333,0.8758000135421753
YER016W,YOR298C-A,0,-1.4529729,0.10182526707649231,0.9929999709129333,0.8758999705314636
YBR005W,YMR314W,0,-1.4531531,0.10181482881307602,0.9929999709129333,0.8759999871253967
YPL230W,YHR021C,0,-1.4561234,0.10180439054965973,0.9929999709129333,0.8761000037193298
YFR047C,YKL004W,0,-1.4573367,0.10179395228624344,0.9929999709129333,0.8762000203132629
YMR092C,YBL069W,0,-1.4580021,0.10178352147340775,0.9929999709129333,0.8762999773025513
YIR036C,YLR014C,0,-1.4623451,0.10177308320999146,0.9929999709129333,0.8763999938964844
YAL035W,YLR200W,0,-1.4640622,0.10176265984773636,0.9929999709129333,0.8765000104904175
YDR388W,YKR081C,0,-1.4685202,0.10175222903490067,0.9929999709129333,0.8766000270843506
YHR107C,YML063W,0,-1.4698763,0.10174180567264557,0.9929999709129333,0.8766999840736389
YLR355C,YJL133W,0,-1.4705434,0.10173138231039047,0.9929999709129333,0.876800000667572
YPL049C,YMR303C,0,-1.4726298,0.10172095894813538,0.9929999709129333,0.8769000172615051
YDR447C,YIL065C,0,-1.4740484,0.10171054303646088,0.9929999709129333,0.8769999742507935
YDR284C,YNL212W,0,-1.4774933,0.10170011967420578,0.9929999709129333,0.8770999908447266
YMR202W,YBL099W,0,-1.4810336,0.10168971121311188,0.9929999709129333,0.8772000074386597
YDL207W,YLR448W,0,-1.4813774,0.10167929530143738,0.9929999709129333,0.8773000240325928
YCR083W,YNR050C,0,-1.4818907,0.10166888684034348,0.9929999709129333,0.8773999810218811
YDR037W,YNL268W,0,-1.482964,0.10165847837924957,0.9929999709129333,0.8774999976158142
YOR211C,YNL246W,0,-1.4877851,0.10164806991815567,0.9929999709129333,0.8776000142097473
YLR155C,YKL196C,0,-1.4888496,0.10163766890764236,0.9929999709129333,0.8776999711990356
YJR067C,YLR369W,0,-1.4892042,0.10162726789712906,0.9929999709129333,0.8777999877929688
YGL128C,YNL152W,0,-1.489902,0.10161686688661575,0.9929999709129333,0.8779000043869019
YKL024C,YJL033W,0,-1.4935894,0.10160646587610245,0.9929999709129333,0.878000020980835
YPR101W,YOR321W,0,-1.4963555,0.10159607231616974,0.9929999709129333,0.8780999779701233
YKL138C,YGR101W,0,-1.5007381,0.10158567875623703,0.9929999709129333,0.8781999945640564
YGR086C,YER036C,0,-1.5020599,0.10157528519630432,0.9929999709129333,0.8783000111579895
YHL033C,YPL137C,0,-1.5032668,0.10156489908695221,0.9929999709129333,0.8784000277519226
YNL094W,YGR241C,0,-1.5044479,0.1015545129776001,0.9929999709129333,0.8784999847412109
YKL134C,YDR312W,0,-1.5146997,0.10154412686824799,0.9929999709129333,0.878600001335144
YBR018C,YPL079W,0,-1.5149891,0.10153374075889587,0.9929999709129333,0.8787000179290771
YHR086W,YPR058W,0,-1.5158887,0.10152336210012436,0.9929999709129333,0.8787999749183655
YKR014C,YKR085C,0,-1.5181572,0.10151298344135284,0.9929999709129333,0.8788999915122986
YER025W,YDR111C,0,-1.5184815,0.10150260478258133,0.9929999709129333,0.8790000081062317
YDR485C,YML081C-A,0,-1.5187941,0.10149223357439041,0.9929999709129333,0.8791000247001648
YGL107C,YOR067C,0,-1.5210068,0.1014818623661995,0.9929999709129333,0.8791999816894531
YIL023C,YKR081C,0,-1.5221941,0.10147149115800858,0.9929999709129333,0.8792999982833862
YKL192C,YPR058W,0,-1.5229764,0.10146111994981766,0.9929999709129333,0.8794000148773193
YJR073C,YGR295C,0,-1.5236604,0.10145075619220734,0.9929999709129333,0.8794999718666077
YJL008C,YLR051C,0,-1.5256081,0.10144039243459702,0.9929999709129333,0.8795999884605408
YMR081C,YIL018W,0,-1.5273373,0.1014300286769867,0.9929999709129333,0.8797000050544739
YHR016C,YMR104C,0,-1.5279937,0.10141967236995697,0.9929999709129333,0.879800021648407
YER083C,YNL244C,0,-1.5282307,0.10140931606292725,0.9929999709129333,0.8798999786376953
YHR197W,YKL028W,0,-1.5287764,0.10139895975589752,0.9929999709129333,0.8799999952316284
YBL045C,YOR155C,0,-1.529105,0.1013886034488678,0.9929999709129333,0.8801000118255615
YPL055C,YNR016C,0,-1.5310969,0.10137825459241867,0.9929999709129333,0.8802000284194946
YJR109C,YBR033W,0,-1.5335314,0.10136790573596954,0.9929999709129333,0.880299985408783
YML120C,YGL001C,0,-1.5380692,0.10135755687952042,0.9929999709129333,0.8804000020027161
YKL213C,YER056C-A,0,-1.5387473,0.10134721547365189,0.9929999709129333,0.8805000185966492
YHR062C,YBR289W,0,-1.5389707,0.10133687406778336,0.9929999709129333,0.8805999755859375
YDR342C,YPR118W,0,-1.5400989,0.10132653266191483,0.9929999709129333,0.8806999921798706
YNL123W,YML113W,0,-1.5404267,0.1013161912560463,0.9929999709129333,0.8808000087738037
YPL143W,YGL245W,0,-1.544121,0.10130585730075836,0.9929999709129333,0.8809000253677368
YER082C,YDR394W,0,-1.5456791,0.10129552334547043,0.9929999709129333,0.8809999823570251
YKL195W,YML069W,0,-1.5460253,0.1012851893901825,0.9929999709129333,0.8810999989509583
YML115C,YPL266W,0,-1.546807,0.10127486288547516,0.9929999709129333,0.8812000155448914
YBR162C,YDR452W,0,-1.547194,0.10126452893018723,0.9929999709129333,0.8812999725341797
YOR046C,YDL020C,0,-1.5512328,0.10125420987606049,0.9929999709129333,0.8813999891281128
YHR193C,YER023W,0,-1.5525131,0.10124388337135315,0.9929999709129333,0.8815000057220459
YMR311C,YML078W,0,-1.5537999,0.10123356431722641,0.9929999709129333,0.881600022315979
YDR086C,YCR067C,0,-1.5546639,0.10122324526309967,0.9929999709129333,0.8816999793052673
YKL016C,YER124C,0,-1.555505,0.10121292620897293,0.9929999709129333,0.8817999958992004
YGL227W,YLR362W,0,-1.5557804,0.10120260715484619,0.9929999709129333,0.8819000124931335
YGR193C,YPL172C,0,-1.5605605,0.10119229555130005,0.9929999709129333,0.8820000290870667
YML009C,YER120W,0,-1.5609527,0.1011819839477539,0.9929999709129333,0.882099986076355
YPR155C,YGR191W,0,-1.5614815,0.10117167234420776,0.9929999709129333,0.8822000026702881
YGL238W,YDR479C,0,-1.5633988,0.10116136819124222,0.9929999709129333,0.8823000192642212
YOL016C,YFL022C,0,-1.5655735,0.10115106403827667,0.9929999709129333,0.8823999762535095
YEL027W,YIL040W,0,-1.5672054,0.10114075988531113,0.9929999709129333,0.8824999928474426
YDL204W,YOL117W,0,-1.5674007,0.10113046318292618,0.9929999709129333,0.8826000094413757
YDR175C,YMR128W,0,-1.568296,0.10112016648054123,0.9929999709129333,0.8827000260353088
YDL149W,YJL212C,0,-1.5697839,0.10110986977815628,0.9929999709129333,0.8827999830245972
YBL050W,YHL015W,0,-1.5699768,0.10109957307577133,0.9929999709129333,0.8828999996185303
YHR062C,YPR036W,0,-1.5711422,0.10108928382396698,0.9929999709129333,0.8830000162124634
YOL032W,YDL230W,0,-1.5711617,0.10107898712158203,0.9929999709129333,0.8830999732017517
YDL106C,YML025C,0,-1.5784788,0.10106870532035828,0.9929999709129333,0.8831999897956848
YIL070C,YDR128W,0,-1.5786693,0.10105841606855392,0.9929999709129333,0.8833000063896179
YOR119C,YGL208W,0,-1.5796623,0.10104813426733017,0.9929999709129333,0.883400022983551
YGR212W,YPL217C,0,-1.5808325,0.10103785246610641,0.9929999709129333,0.8834999799728394
YPL270W,YHR143W,0,-1.5856285,0.10102757066488266,0.9929999709129333,0.8835999965667725
YDR349C,YKR014C,0,-1.5881007,0.1010172963142395,0.9929999709129333,0.8837000131607056
YJR126C,YNL067W,0,-1.5882468,0.10100702196359634,0.9929999709129333,0.8838000297546387
YJL052W,YOR075W,0,-1.5887318,0.10099674761295319,0.9929999709129333,0.883899986743927
YDR380W,YOR361C,0,-1.5903158,0.10098647326231003,0.9929999709129333,0.8840000033378601
YNL081C,YMR088C,0,-1.5914268,0.10097620636224747,0.9929999709129333,0.8841000199317932
YPL003W,YDR464W,0,-1.5969224,0.1009659394621849,0.9929999709129333,0.8841999769210815
YLR150W,YGL043W,0,-1.5969381,0.10095567256212234,0.9929999709129333,0.8842999935150146
YDR023W,YHR005C,0,-1.5987835,0.10094541311264038,0.9929999709129333,0.8844000101089478
YBR171W,YJR113C,0,-1.6012659,0.10093514621257782,0.9929999709129333,0.8845000267028809
YJL080C,YJR014W,0,-1.6016467,0.10092489421367645,0.9929999709129333,0.8845999836921692
YJL123C,YPL198W,0,-1.6046805,0.10091463476419449,0.9929999709129333,0.8847000002861023
YNL132W,YBR302C,0,-1.6051714,0.10090438276529312,0.9929999709129333,0.8848000168800354
YDR322C-A,YPR173C,0,-1.6052785,0.10089413076639175,0.9929999709129333,0.8848999738693237
YGL038C,YJL001W,0,-1.6054051,0.10088387876749039,0.9929999709129333,0.8849999904632568
YOR167C,YDR328C,0,-1.6058271,0.10087362676858902,0.9929999709129333,0.8851000070571899
YDL174C,YKL016C,0,-1.6093159,0.10086338222026825,0.9929999709129333,0.885200023651123
YIL078W,YJL145W,0,-1.6094,0.10085313767194748,0.9929999709129333,0.8852999806404114
YIR023W,YLR388W,0,-1.6101298,0.10084289312362671,0.9929999709129333,0.8853999972343445
YHL032C,YKR058W,0,-1.6133778,0.10083265602588654,0.9929999709129333,0.8855000138282776
YOL076W,YKL091C,0,-1.6146626,0.10082241892814636,0.9929999709129333,0.8855999708175659
YHR016C,YKR052C,0,-1.6167879,0.10081218183040619,0.9929999709129333,0.885699987411499
YNL241C,YOL117W,0,-1.6217031,0.10080195218324661,0.9929999709129333,0.8858000040054321
YGL254W,YBL040C,0,-1.6219893,0.10079171508550644,0.9929999709129333,0.8859000205993652
YNL123W,YLL050C,0,-1.6227427,0.10078148543834686,0.9929999709129333,0.8859999775886536
YBR005W,YPR021C,0,-1.6244292,0.10077126324176788,0.9929999709129333,0.8860999941825867
YOL127W,YPR169W,0,-1.6249928,0.1007610335946083,0.9929999709129333,0.8862000107765198
YPR105C,YML022W,0,-1.6278319,0.10075081139802933,0.9929999709129333,0.8863000273704529
YIL022W,YDL231C,0,-1.630589,0.10074058920145035,0.9929999709129333,0.8863999843597412
YGR142W,YDR406W,0,-1.632472,0.10073037445545197,0.9929999709129333,0.8865000009536743
YJR113C,YDR071C,0,-1.6333108,0.10072015225887299,0.9929999709129333,0.8866000175476074
YGL126W,YMR313C,0,-1.6336973,0.1007099375128746,0.9929999709129333,0.8866999745368958
YJR099W,YMR009W,0,-1.6338952,0.10069972276687622,0.9929999709129333,0.8867999911308289
YNL062C,YHR187W,0,-1.6349845,0.10068951547145844,0.9929999709129333,0.886900007724762
YPL043W,YDR297W,0,-1.6383901,0.10067930817604065,0.9929999709129333,0.8870000243186951
YDR257C,YHR065C,0,-1.6383941,0.10066910088062286,0.9929999709129333,0.8870999813079834
YFL031W,YER122C,0,-1.6387348,0.10065889358520508,0.9929999709129333,0.8871999979019165
YHR169W,YPL013C,0,-1.6394606,0.10064869374036789,0.9929999709129333,0.8873000144958496
YDR377W,YAR008W,0,-1.6430748,0.1006384938955307,0.9929999709129333,0.8873999714851379
YHL001W,YOR375C,0,-1.6442685,0.10062829405069351,0.9929999709129333,0.887499988079071
YGL123W,YLR347C,0,-1.6459746,0.10061809420585632,0.9929999709129333,0.8876000046730042
YBR112C,YFL034C-A,0,-1.6475697,0.10060790181159973,0.9929999709129333,0.8877000212669373
YPR010C,YGR033C,0,-1.6484053,0.10059770941734314,0.9929999709129333,0.8877999782562256
YPL254W,YGL187C,0,-1.6485369,0.10058751702308655,0.9929999709129333,0.8878999948501587
YNL014W,YER127W,0,-1.6497691,0.10057733207941055,0.9929999709129333,0.8880000114440918
YOL144W,YMR281W,0,-1.6505852,0.10056714713573456,0.9929999709129333,0.8881000280380249
YOR326W,YHR028C,0,-1.6515207,0.10055696219205856,0.9929999709129333,0.8881999850273132
YOR086C,YBR106W,0,-1.65166,0.10054677724838257,0.9929999709129333,0.8883000016212463
YLR017W,YHL015W,0,-1.6528909,0.10053659975528717,0.9929999709129333,0.8884000182151794
YML130C,YFR049W,0,-1.6547842,0.10052642226219177,0.9929999709129333,0.8884999752044678
YER157W,YJL052W,0,-1.6554985,0.10051624476909637,0.9929999709129333,0.8885999917984009
YPL006W,YJR047C,0,-1.6557338,0.10050607472658157,0.9929999709129333,0.888700008392334
YDR368W,YOR109W,0,-1.6558971,0.10049590468406677,0.9929999709129333,0.8888000249862671
YLR175W,YDR177W,0,-1.6585517,0.10048573464155197,0.9929999709129333,0.8888999819755554
YGL076C,YKR048C,0,-1.6597104,0.10047556459903717,0.9929999709129333,0.8889999985694885
YKL006W,YMR171C,0,-1.6619225,0.10046540200710297,0.9929999709129333,0.8891000151634216
YPL118W,YGR008C,0,-1.665066,0.10045523196458817,0.9929999709129333,0.88919997215271
YHR001W-A,YDL136W,0,-1.6656239,0.10044507682323456,0.9929999709129333,0.8892999887466431
YJR016C,YLR090W,0,-1.667202,0.10043491423130035,0.9929999709129333,0.8894000053405762
YJR007W,YDR150W,0,-1.6674318,0.10042475908994675,0.9929999709129333,0.8895000219345093
YOL126C,YDR060W,0,-1.6685126,0.10041460394859314,0.9929999709129333,0.8895999789237976
YDR178W,YKL167C,0,-1.6692848,0.10040444880723953,0.9929999709129333,0.8896999955177307
YCL017C,YJR064W,0,-1.6696746,0.10039430111646652,0.9929999709129333,0.8898000121116638
YGR055W,YJR010C-A,0,-1.6698797,0.10038414597511292,0.9929999709129333,0.8899000287055969
YGR086C,YLR070C,0,-1.6718695,0.1003739982843399,0.9929999709129333,0.8899999856948853
YEL050C,YMR314W,0,-1.6757488,0.10036385804414749,0.9929999709129333,0.8901000022888184
YJR091C,YLR355C,0,-1.6757925,0.10035371035337448,0.9929999709129333,0.8902000188827515
YPR075C,YOR101W,0,-1.6784091,0.10034357011318207,0.9929999709129333,0.8902999758720398
YFL037W,YPL105C,0,-1.6812148,0.10033343732357025,0.9929999709129333,0.8903999924659729
YJL001W,YLR068W,0,-1.6825361,0.10032329708337784,0.9929999709129333,0.890500009059906
YOL138C,YBR048W,0,-1.6828957,0.10031316429376602,0.9929999709129333,0.8906000256538391
YGL054C,YPL221W,0,-1.6844506,0.1003030315041542,0.9929999709129333,0.8906999826431274
YKL060C,YLR060W,0,-1.6900666,0.10029289871454239,0.9929999709129333,0.8907999992370605
YLR406C,YNL292W,0,-1.6920841,0.10028277337551117,0.9929999709129333,0.8909000158309937
YGR123C,YOL120C,0,-1.6979349,0.10027264803647995,0.9929999709129333,0.890999972820282
YMR081C,YDR036C,0,-1.7019055,0.10026252269744873,0.9929999709129333,0.8910999894142151
YAL028W,YML116W,0,-1.7022552,0.10025239735841751,0.9929999709129333,0.8912000060081482
YDL191W,YDL212W,0,-1.7029717,0.10024227946996689,0.9929999709129333,0.8913000226020813
YBR158W,YBR295W,0,-1.703393,0.10023216158151627,0.9929999709129333,0.8913999795913696
YBR168W,YOL059W,0,-1.706182,0.10022204369306564,0.9929999709129333,0.8914999961853027
YBR227C,YDL046W,0,-1.7084842,0.10021192580461502,0.9929999709129333,0.8916000127792358
YDL099W,YMR101C,0,-1.7139034,0.100201815366745,0.9929999709129333,0.891700029373169
YJL094C,YGL234W,0,-1.71559,0.10019170492887497,0.9929999709129333,0.8917999863624573
YPR056W,YOR272W,0,-1.715615,0.10018159449100494,0.9929999709129333,0.8919000029563904
YPL101W,YPR036W,0,-1.7174213,0.10017149150371552,0.9929999709129333,0.8920000195503235
YIL121W,YJL042W,0,-1.7176161,0.10016138851642609,0.9929999709129333,0.8920999765396118
YER056C-A,YDR189W,0,-1.7186022,0.10015128552913666,0.9929999709129333,0.8921999931335449
YKL035W,YER178W,0,-1.7237668,0.10014118254184723,0.9929999709129333,0.892300009727478
YPR156C,YLR097C,0,-1.7331614,0.1001310870051384,0.9929999709129333,0.8924000263214111
YIL069C,YNL062C,0,-1.7335622,0.10012099146842957,0.9929999709129333,0.8924999833106995
YDR481C,YAL007C,0,-1.7338872,0.10011089593172073,0.9929999709129333,0.8925999999046326
YNR053C,YDR162C,0,-1.7344866,0.1001008078455925,0.9929999709129333,0.8927000164985657
YGL070C,YKL110C,0,-1.7353549,0.10009071975946426,0.9929999709129333,0.892799973487854
YHR092C,YKR092C,0,-1.7357922,0.10008063167333603,0.9929999709129333,0.8928999900817871
YJL052W,YDR330W,0,-1.7364941,0.1000705435872078,0.9929999709129333,0.8930000066757202
YER094C,YOL154W,0,-1.736958,0.10006046295166016,0.9929999709129333,0.8931000232696533
YER176W,YLR154C,0,-1.7398925,0.10005037486553192,0.9929999709129333,0.8931999802589417
YDL201W,YBR060C,0,-1.7448077,0.10004030168056488,0.9929999709129333,0.8932999968528748
YDR155C,YGR007W,0,-1.7448461,0.10003022104501724,0.9929999709129333,0.8934000134468079
YML008C,YDR422C,0,-1.7473104,0.1000201478600502,0.9929999709129333,0.8934999704360962
YGR090W,YGL234W,0,-1.7482572,0.10001007467508316,0.9929999709129333,0.8935999870300293
YPL224C,YLR166C,0,-1.7516799,0.10000000149011612,0.9929999709129333,0.8937000036239624
YPR133C,YJL159W,0,-1.7531667,0.09998992830514908,0.9929999709129333,0.8938000202178955
YGR195W,YGR076C,0,-1.754513,0.09997986257076263,0.9929999709129333,0.8938999772071838
YGL211W,YJR016C,0,-1.756979,0.09996979683637619,0.9929999709129333,0.8939999938011169
YBR068C,YLR336C,0,-1.7581489,0.09995973110198975,0.9929999709129333,0.89410001039505
YLR017W,YMR223W,0,-1.7589571,0.0999496728181839,0.9929999709129333,0.8942000269889832
YER048W-A,YDR408C,0,-1.7639847,0.09993961453437805,0.9929999709129333,0.8942999839782715
YGL055W,YKL058W,0,-1.7642305,0.0999295562505722,0.9929999709129333,0.8944000005722046
YLR248W,YEL038W,0,-1.7690506,0.09991949796676636,0.9929999709129333,0.8945000171661377
YNR012W,YLR240W,0,-1.7696428,0.09990944713354111,0.9929999709129333,0.894599974155426
YGR046W,YKL196C,0,-1.7699957,0.09989939630031586,0.9929999709129333,0.8946999907493591
YGL111W,YGL119W,0,-1.7705913,0.0998893454670906,0.9929999709129333,0.8948000073432922
YMR292W,YOL020W,0,-1.7715228,0.09987930208444595,0.9929999709129333,0.8949000239372253
YNL081C,YNL064C,0,-1.7718532,0.0998692512512207,0.9929999709129333,0.8949999809265137
YGL187C,YGL171W,0,-1.7732687,0.09985920786857605,0.9929999709129333,0.8950999975204468
YKL065C,YDR155C,0,-1.7748744,0.099849171936512,0.9929999709129333,0.8952000141143799
YPL046C,YJR002W,0,-1.7797301,0.09983912855386734,0.9929999709129333,0.8952999711036682
YDR175C,YDL190C,0,-1.781821,0.09982909262180328,0.9929999709129333,0.8953999876976013
YLR222C,YLR371W,0,-1.7820177,0.09981905668973923,0.9929999709129333,0.8955000042915344
YEL013W,YBL030C,0,-1.7835455,0.09980902820825577,0.9929999709129333,0.8956000208854675
YJR161C,YKL069W,0,-1.785455,0.09979899227619171,0.9929999709129333,0.8956999778747559
YDR197W,YHR193C,0,-1.7907767,0.09978896379470825,0.9929999709129333,0.895799994468689
YBR207W,YMR156C,0,-1.7924829,0.09977893531322479,0.9929999709129333,0.8959000110626221
YDR462W,YDR510W,0,-1.7925856,0.09976891428232193,0.9929999709129333,0.8960000276565552
YPR065W,YGL061C,0,-1.7945354,0.09975889325141907,0.9929999709129333,0.8960999846458435
YDR313C,YIL062C,0,-1.7945721,0.0997488722205162,0.9929999709129333,0.8962000012397766
YKR050W,YDR511W,0,-1.7951753,0.09973885118961334,0.9929999709129333,0.8963000178337097
YJL025W,YNR038W,0,-1.7962985,0.09972883760929108,0.9929999709129333,0.896399974822998
YLR249W,YCL029C,0,-1.7968361,0.09971881657838821,0.9929999709129333,0.8964999914169312
YPL210C,YNR023W,0,-1.796937,0.09970880299806595,0.9929999709129333,0.8966000080108643
YER141W,YLR237W,0,-1.7975683,0.09969879686832428,0.9929999709129333,0.8967000246047974
YHR094C,YHR187W,0,-1.8012962,0.09968878328800201,0.9929999709129333,0.8967999815940857
YDL130W,YER031C,0,-1.8040245,0.09967877715826035,0.9929999709129333,0.8968999981880188
YML023C,YFR055W,1,-1.8054278,0.09976914525032043,0.9940000176429749,0.8968999981880188
YBR014C,YOL139C,0,-1.8083317,0.09975913166999817,0.9940000176429749,0.8970000147819519
YPL059W,YHR190W,0,-1.8088086,0.0997491255402565,0.9940000176429749,0.8970999717712402
YML075C,YDR311W,0,-1.8102841,0.09973911195993423,0.9940000176429749,0.8971999883651733
YDR101C,YOR018W,0,-1.8117139,0.09972910583019257,0.9940000176429749,0.8973000049591064
YLR286C,YLL022C,0,-1.8120096,0.0997190997004509,0.9940000176429749,0.8974000215530396
YHR043C,YOR048C,0,-1.8158367,0.09970910102128983,0.9940000176429749,0.8974999785423279
YMR150C,YDR036C,0,-1.8172629,0.09969909489154816,0.9940000176429749,0.897599995136261
YDR122W,YFL025C,0,-1.8180339,0.09968909621238708,0.9940000176429749,0.8977000117301941
YKL060C,YIR008C,0,-1.8187222,0.09967910498380661,0.9940000176429749,0.8978000283241272
YJL158C,YDR468C,0,-1.8193123,0.09966910630464554,0.9940000176429749,0.8978999853134155
YBR189W,YLR398C,0,-1.8201609,0.09965911507606506,0.9940000176429749,0.8980000019073486
YLR118C,YPL173W,0,-1.8203654,0.09964912384748459,0.9940000176429749,0.8981000185012817
YOR375C,YPL266W,0,-1.8208578,0.09963913261890411,0.9940000176429749,0.8981999754905701
YNL197C,YPL246C,0,-1.8227654,0.09962914884090424,0.9940000176429749,0.8982999920845032
YOR307C,YHL031C,0,-1.823565,0.09961916506290436,0.9940000176429749,0.8984000086784363
YBL014C,YHR143W-A,0,-1.8251786,0.09960918128490448,0.9940000176429749,0.8985000252723694
YMR041C,YFR010W,0,-1.8272014,0.0995991975069046,0.9940000176429749,0.8985999822616577
YOR087W,YPL086C,0,-1.829246,0.09958922117948532,0.9940000176429749,0.8986999988555908
YKL028W,YKL150W,0,-1.8330843,0.09957924485206604,0.9940000176429749,0.8988000154495239
YNL162W,YOL084W,0,-1.8334727,0.09956926852464676,0.9940000176429749,0.8988999724388123
YOR065W,YJR001W,0,-1.8365154,0.09955929219722748,0.9940000176429749,0.8989999890327454
YPR165W,YJR104C,0,-1.8379104,0.0995493233203888,0.9940000176429749,0.8991000056266785
YAL009W,YJR132W,0,-1.8417435,0.09953935444355011,0.9940000176429749,0.8992000222206116
YDR346C,YPR005C,0,-1.8423476,0.09952938556671143,0.9940000176429749,0.8992999792098999
YJR091C,YLR212C,0,-1.8429413,0.09951942414045334,0.9940000176429749,0.899399995803833
YML110C,YOR260W,0,-1.8439462,0.09950946271419525,0.9940000176429749,0.8995000123977661
YLR084C,YDL200C,0,-1.844846,0.09949950128793716,0.9940000176429749,0.8996000289916992
YER139C,YMR205C,0,-1.8457057,0.09948953986167908,0.9940000176429749,0.8996999859809875
YOR043W,YMR012W,0,-1.8460853,0.09947958588600159,0.9940000176429749,0.8998000025749207
YOR207C,YEL039C,0,-1.8484049,0.0994696319103241,0.9940000176429749,0.8999000191688538
YHR215W,YPL271W,0,-1.8515022,0.0994596779346466,0.9940000176429749,0.8999999761581421
YPL221W,YFL041W,0,-1.8529098,0.09944972395896912,0.9940000176429749,0.9000999927520752
YCR098C,YNL209W,0,-1.8554153,0.09943977743387222,0.9940000176429749,0.9002000093460083
YDR178W,YNL051W,0,-1.8575945,0.09942983090877533,0.9940000176429749,0.9003000259399414
YGL012W,YDR038C,0,-1.858861,0.09941988438367844,0.9940000176429749,0.9003999829292297
YMR149W,YOL051W,0,-1.8589015,0.09940993785858154,0.9940000176429749,0.9004999995231628
YML041C,YDR533C,0,-1.859211,0.09939999878406525,0.9940000176429749,0.900600016117096
YDR206W,YFR049W,0,-1.8611419,0.09939005970954895,0.9940000176429749,0.9006999731063843
YOL130W,YGR240C,0,-1.8616366,0.09938012063503265,0.9940000176429749,0.9007999897003174
YPL040C,YLR044C,0,-1.8630562,0.09937018901109695,0.9940000176429749,0.9009000062942505
YNL116W,YMR024W,0,-1.8699722,0.09936025738716125,0.9940000176429749,0.9010000228881836
YDR255C,YBR046C,0,-1.8734665,0.09935032576322556,0.9940000176429749,0.9010999798774719
YDL185W,YDR004W,1,-1.8748999,0.09944033622741699,0.9950000047683716,0.9010999798774719
YBR048W,YDR044W,0,-1.8784044,0.0994303971529007,0.9950000047683716,0.901199996471405
YIL005W,YAL042W,0,-1.8832462,0.099420465528965,0.9950000047683716,0.9013000130653381
YOL130W,YGR289C,0,-1.8872991,0.0994105339050293,0.9950000047683716,0.9014000296592712
YLR196W,YER094C,0,-1.887974,0.0994006022810936,0.9950000047683716,0.9014999866485596
YLR083C,YMR214W,0,-1.888022,0.0993906706571579,0.9950000047683716,0.9016000032424927
YDR258C,YJR042W,0,-1.8888068,0.0993807464838028,0.9950000047683716,0.9017000198364258
YER007C-A,YDR156W,0,-1.8905284,0.0993708148598671,0.9950000047683716,0.9017999768257141
YDR432W,YBR214W,0,-1.8909857,0.09936089813709259,0.9950000047683716,0.9018999934196472
YGR135W,YCL059C,0,-1.8936322,0.09935097396373749,0.9950000047683716,0.9020000100135803
YBL061C,YDR486C,0,-1.8944201,0.09934105724096298,0.9950000047683716,0.9021000266075134
YDR316W,YOL140W,0,-1.8951101,0.09933114051818848,0.9950000047683716,0.9021999835968018
YKL029C,YOR236W,0,-1.8982983,0.09932122379541397,0.9950000047683716,0.9023000001907349
YBL093C,YDR408C,0,-1.8989408,0.09931130707263947,0.9950000047683716,0.902400016784668
YGL070C,YCR024C,0,-1.9033239,0.09930139780044556,0.9950000047683716,0.9024999737739563
YJL008C,YPL004C,0,-1.905168,0.09929148852825165,0.9950000047683716,0.9025999903678894
YEL013W,YGL058W,0,-1.907651,0.09928157925605774,0.9950000047683716,0.9027000069618225
YDR243C,YDL019C,0,-1.9116805,0.09927167743444443,0.9950000047683716,0.9028000235557556
YPL221W,YGL106W,0,-1.9143353,0.09926176816225052,0.9950000047683716,0.902899980545044
YOR101W,YOR177C,0,-1.9153583,0.0992518737912178,0.9950000047683716,0.902999997138977
YLR204W,YHR107C,0,-1.916096,0.09924197196960449,0.9950000047683716,0.9031000137329102
YGL171W,YDR427W,0,-1.9161305,0.09923207014799118,0.9950000047683716,0.9031999707221985
YJL148W,YOR188W,0,-1.9176614,0.09922217577695847,0.9950000047683716,0.9032999873161316
YCR004C,YGL191W,0,-1.9204524,0.09921228140592575,0.9950000047683716,0.9034000039100647
YGL121C,YDR422C,0,-1.9230187,0.09920239448547363,0.9950000047683716,0.9035000205039978
YBL066C,YDR158W,0,-1.9258132,0.09919250011444092,0.9950000047683716,0.9035999774932861
YEL046C,YCL001W,0,-1.928345,0.0991826131939888,0.9950000047683716,0.9036999940872192
YHR034C,YLR441C,0,-1.9302025,0.09917272627353668,0.9950000047683716,0.9038000106811523
YLR439W,YDR330W,0,-1.9391379,0.09916284680366516,0.9950000047683716,0.9039000272750854
YGR086C,YBR024W,0,-1.9403262,0.09915296733379364,0.9950000047683716,0.9039999842643738
YNR001C,YFR047C,0,-1.9404054,0.09914308786392212,0.9950000047683716,0.9041000008583069
YLR467W,YGR296W,1,-1.9417236,0.09923283755779266,0.9959999918937683,0.9041000008583069
YLR150W,YPL217C,0,-1.9431424,0.09922295063734055,0.9959999918937683,0.90420001745224
YMR029C,YPL266W,0,-1.9454987,0.09921307116746902,0.9959999918937683,0.9042999744415283
YJL158C,YJL133W,0,-1.9467955,0.0992031842470169,0.9959999918937683,0.9043999910354614
YLL039C,YHR108W,0,-1.9473226,0.09919330477714539,0.9959999918937683,0.9045000076293945
YMR081C,YHL025W,0,-1.9476218,0.09918343275785446,0.9959999918937683,0.9046000242233276
YGR208W,YBL072C,0,-1.9477494,0.09917355328798294,0.9959999918937683,0.904699981212616
YGR209C,YHL033C,0,-1.9504642,0.09916368126869202,0.9959999918937683,0.9047999978065491
YLR175W,YLR247C,0,-1.95117,0.09915380924940109,0.9959999918937683,0.9049000144004822
YML008C,YKL181W,0,-1.9549792,0.09914393723011017,0.9959999918937683,0.9049999713897705
YLR201C,YCR024C-A,0,-1.9572389,0.09913407266139984,0.9959999918937683,0.9050999879837036
YBR240C,YLR449W,0,-1.9605141,0.09912420064210892,0.9959999918937683,0.9052000045776367
YIL007C,YIL105C,0,-1.9605932,0.09911433607339859,0.9959999918937683,0.9053000211715698
YER131W,YGR104C,0,-1.9608893,0.09910447895526886,0.9959999918937683,0.9053999781608582
YOR007C,YOL140W,0,-1.9655056,0.09909461438655853,0.9959999918937683,0.9054999947547913
YDR077W,YNL322C,0,-1.9673178,0.0990847572684288,0.9959999918937683,0.9056000113487244
YGL018C,YGL232W,0,-1.9676733,0.09907490015029907,0.9959999918937683,0.9057000279426575
YJR139C,YJL143W,0,-1.9678068,0.09906505048274994,0.9959999918937683,0.9057999849319458
YML100W,YBR114W,0,-1.9679186,0.09905519336462021,0.9959999918937683,0.9059000015258789
YGL100W,YDR297W,0,-1.9695473,0.09904534369707108,0.9959999918937683,0.906000018119812
YKR085C,YOR080W,0,-1.9718964,0.09903549402952194,0.9959999918937683,0.9060999751091003
YLR293C,YNL154C,0,-1.9721525,0.0990256518125534,0.9959999918937683,0.9061999917030334
YHR190W,YHR005C,0,-1.972506,0.09901580959558487,0.9959999918937683,0.9063000082969666
YLR336C,YKL014C,0,-1.9800699,0.09900596737861633,0.9959999918937683,0.9064000248908997
YGR128C,YPL005W,0,-1.9802642,0.0989961251616478,0.9959999918937683,0.906499981880188
YBR288C,YDR047W,0,-1.9818721,0.09898628294467926,0.9959999918937683,0.9065999984741211
YOL016C,YHR143W-A,0,-1.9826043,0.09897644817829132,0.9959999918937683,0.9067000150680542
YIL122W,YGR159C,0,-1.982619,0.09896661341190338,0.9959999918937683,0.9067999720573425
YKL081W,YGL189C,0,-1.9853928,0.09895677864551544,0.9959999918937683,0.9068999886512756
YNL075W,YNR007C,0,-1.9885004,0.0989469513297081,0.9959999918937683,0.9070000052452087
YGR023W,YJR007W,0,-1.9905479,0.09893712401390076,0.9959999918937683,0.9071000218391418
YPL203W,YOR069W,0,-1.9918189,0.09892729669809341,0.9959999918937683,0.9071999788284302
YNL149C,YJL078C,0,-1.992661,0.09891746938228607,0.9959999918937683,0.9072999954223633
YFR031C-A,YHR005C,0,-1.9934516,0.09890764951705933,0.9959999918937683,0.9074000120162964
YGR209C,YDL231C,0,-1.9939601,0.09889782220125198,0.9959999918937683,0.9075000286102295
YMR199W,YNL075W,0,-1.9964242,0.09888800978660583,0.9959999918937683,0.9075999855995178
YPR185W,YPL138C,0,-1.997477,0.09887818992137909,0.9959999918937683,0.9077000021934509
YAL023C,YLR060W,0,-1.9975972,0.09886837750673294,0.9959999918937683,0.907800018787384
YLR430W,YNL244C,0,-2.0003815,0.0988585576415062,0.9959999918937683,0.9078999757766724
YGL119W,YDR341C,0,-2.0014665,0.09884875267744064,0.9959999918937683,0.9079999923706055
YHL002W,YMR205C,0,-2.002655,0.0988389402627945,0.9959999918937683,0.9081000089645386
YDR434W,YDR247W,0,-2.0037575,0.09882913529872894,0.9959999918937683,0.9082000255584717
YBL050W,YBR218C,0,-2.0044358,0.09881933033466339,0.9959999918937683,0.90829998254776
YPL194W,YMR001C,1,-2.0057995,0.09890872985124588,0.996999979019165,0.90829998254776
YJL008C,YNR045W,0,-2.0059133,0.09889891743659973,0.996999979019165,0.9083999991416931
YJL151C,YOL059W,0,-2.0069227,0.09888911247253418,0.996999979019165,0.9085000157356262
YMR307W,YLR342W,0,-2.0090272,0.09887930005788803,0.996999979019165,0.9085999727249146
YER114C,YEL002C,0,-2.0132232,0.09886949509382248,0.996999979019165,0.9086999893188477
YJL210W,YHL007C,0,-2.015957,0.09885969012975693,0.996999979019165,0.9088000059127808
YJL151C,YAR014C,0,-2.0159657,0.09884989261627197,0.996999979019165,0.9089000225067139
YKL176C,YGL147C,0,-2.015971,0.09884008765220642,0.996999979019165,0.9089999794960022
YPL224C,YOR221C,0,-2.016448,0.09883029013872147,0.996999979019165,0.9090999960899353
YJL137C,YDR280W,0,-2.0168433,0.09882050007581711,0.996999979019165,0.9092000126838684
YJL102W,YBR034C,0,-2.017088,0.09881070256233215,0.996999979019165,0.9093000292778015
YGL189C,YER144C,0,-2.0186772,0.0988009124994278,0.996999979019165,0.9093999862670898
YCR069W,YOR001W,0,-2.0230231,0.09879112243652344,0.996999979019165,0.909500002861023
YPL004C,YBR286W,0,-2.023728,0.09878133237361908,0.996999979019165,0.909600019454956
YDL143W,YCL054W,0,-2.0298548,0.09877154976129532,0.996999979019165,0.9096999764442444
YDL091C,YBL002W,0,-2.032209,0.09876175969839096,0.996999979019165,0.9097999930381775
YBL064C,YHR106W,0,-2.032588,0.0987519845366478,0.996999979019165,0.9099000096321106
YIL051C,YLR060W,0,-2.0359323,0.09874220192432404,0.996999979019165,0.9100000262260437
YKL065C,YBR043C,0,-2.0382404,0.09873241931200027,0.996999979019165,0.910099983215332
YJR019C,YKR079C,0,-2.0393424,0.09872264415025711,0.996999979019165,0.9101999998092651
YPR169W,YJR123W,0,-2.0423603,0.09871286898851395,0.996999979019165,0.9103000164031982
YBR003W,YKR003W,0,-2.0441236,0.09870310127735138,0.996999979019165,0.9103999733924866
YLR222C,YCR008W,0,-2.0442827,0.09869332611560822,0.996999979019165,0.9104999899864197
YKL039W,YOR278W,0,-2.0488663,0.09868355840444565,0.996999979019165,0.9106000065803528
YOL127W,YNL265C,0,-2.0507135,0.09867379069328308,0.996999979019165,0.9107000231742859
YJL148W,YNL321W,0,-2.051979,0.09866403043270111,0.996999979019165,0.9107999801635742
YGR135W,YBR021W,0,-2.0542622,0.09865426272153854,0.996999979019165,0.9108999967575073
YKL039W,YIL075C,0,-2.0550666,0.09864450246095657,0.996999979019165,0.9110000133514404
YMR098C,YNL315C,0,-2.0650878,0.0986347422003746,0.996999979019165,0.9110999703407288
YNL246W,YNL209W,0,-2.0655258,0.09862498939037323,0.996999979019165,0.9111999869346619
YKL029C,YJR016C,0,-2.0688205,0.09861522912979126,0.996999979019165,0.911300003528595
YKL146W,YGR253C,0,-2.0697029,0.09860547631978989,0.996999979019165,0.9114000201225281
YNL173C,YLL026W,0,-2.072068,0.09859573096036911,0.996999979019165,0.9114999771118164
YNR046W,YPR112C,0,-2.0754714,0.09858597815036774,0.996999979019165,0.9115999937057495
YOR096W,YLR192C,0,-2.0777538,0.09857623279094696,0.996999979019165,0.9117000102996826
YBR024W,YBL047C,0,-2.0785089,0.09856648743152618,0.996999979019165,0.9118000268936157
YNR016C,YJR118C,0,-2.0790973,0.09855674207210541,0.996999979019165,0.911899983882904
YBL042C,YPR112C,0,-2.0816336,0.09854699671268463,0.996999979019165,0.9120000004768372
YHR190W,YBR039W,0,-2.0830717,0.09853725880384445,0.996999979019165,0.9121000170707703
YBR191W,YER148W,0,-2.0849507,0.09852752089500427,0.996999979019165,0.9121999740600586
YGL257C,YPL179W,0,-2.0853875,0.09851778298616409,0.996999979019165,0.9122999906539917
YDR471W,YLR361C,0,-2.0861115,0.09850805252790451,0.996999979019165,0.9124000072479248
YHR072W,YIL070C,0,-2.0862694,0.09849832206964493,0.996999979019165,0.9125000238418579
YDR213W,YDR041W,0,-2.0876307,0.09848859161138535,0.996999979019165,0.9125999808311462
YMR116C,YPL010W,0,-2.087925,0.09847886115312576,0.996999979019165,0.9126999974250793
YMR278W,YGR106C,0,-2.0886695,0.09846913814544678,0.996999979019165,0.9128000140190125
YER056C,YKL065C,0,-2.0922413,0.09845941513776779,0.996999979019165,0.9128999710083008
YPL118W,YPR023C,0,-2.0933652,0.0984496921300888,0.996999979019165,0.9129999876022339
YMR220W,YJR094W-A,0,-2.0938838,0.09843996912240982,0.996999979019165,0.913100004196167
YOL016C,YNL031C,0,-2.094478,0.09843024611473083,0.996999979019165,0.9132000207901001
YML074C,YJL101C,0,-2.094483,0.09842053055763245,0.996999979019165,0.9132999777793884
YDR231C,YGL059W,0,-2.0957017,0.09841081500053406,0.996999979019165,0.9133999943733215
YKL148C,YER021W,0,-2.0958064,0.09840110689401627,0.996999979019165,0.9135000109672546
YDR025W,YOR210W,0,-2.0962162,0.09839139133691788,0.996999979019165,0.9136000275611877
YLR185W,YHR027C,0,-2.0995543,0.09838168323040009,0.996999979019165,0.9136999845504761
YOR256C,YIL114C,0,-2.0998015,0.0983719751238823,0.996999979019165,0.9138000011444092
YNL098C,YER070W,0,-2.100136,0.0983622744679451,0.996999979019165,0.9139000177383423
YBR210W,YGL008C,0,-2.1020594,0.09835256636142731,0.996999979019165,0.9139999747276306
YDL081C,YNL087W,0,-2.1037722,0.09834286570549011,0.996999979019165,0.9140999913215637
YKR038C,YEL065W,0,-2.1037838,0.09833317250013351,0.996999979019165,0.9142000079154968
YML070W,YLR034C,0,-2.1051784,0.09832347184419632,0.996999979019165,0.9143000245094299
YLR367W,YDR190C,0,-2.1056852,0.09831377863883972,0.996999979019165,0.9143999814987183
YKL193C,YJR065C,0,-2.109782,0.09830408543348312,0.996999979019165,0.9144999980926514
YOR293W,YHR197W,0,-2.1122146,0.09829439222812653,0.996999979019165,0.9146000146865845
YPL012W,YPR145W,0,-2.1183288,0.09828469902276993,0.996999979019165,0.9146999716758728
YDR071C,YER053C,0,-2.1190975,0.09827501326799393,0.996999979019165,0.9147999882698059
YNL081C,YDR529C,0,-2.119563,0.09826532751321793,0.996999979019165,0.914900004863739
YHR158C,YGR008C,0,-2.1210117,0.09825564175844193,0.996999979019165,0.9150000214576721
YHR128W,YBR014C,0,-2.1217074,0.09824596345424652,0.996999979019165,0.9150999784469604
YDL201W,YOR348C,0,-2.1240644,0.09823627769947052,0.996999979019165,0.9151999950408936
YIL107C,YIL075C,0,-2.1296754,0.09822659939527512,0.996999979019165,0.9153000116348267
YHR026W,YER035W,0,-2.1326447,0.09821692109107971,0.996999979019165,0.9154000282287598
YHR206W,YLR193C,0,-2.1379623,0.0982072502374649,0.996999979019165,0.9154999852180481
YHR043C,YLR214W,0,-2.1384811,0.0981975793838501,0.996999979019165,0.9156000018119812
YPR008W,YLR388W,0,-2.1388574,0.09818790853023529,0.996999979019165,0.9157000184059143
YHL032C,YOR037W,0,-2.1407218,0.09817823767662048,0.996999979019165,0.9157999753952026
YGL043W,YPL237W,0,-2.140772,0.09816856682300568,0.996999979019165,0.9158999919891357
YDR025W,YGL003C,0,-2.1411946,0.09815890341997147,0.996999979019165,0.9160000085830688
YIR023W,YPR132W,0,-2.1413803,0.09814924001693726,0.996999979019165,0.916100025177002
YAL003W,YOR197W,0,-2.142693,0.09813958406448364,0.996999979019165,0.9161999821662903
YBR079C,YJL143W,0,-2.1431692,0.09812992066144943,0.996999979019165,0.9162999987602234
YPL144W,YMR024W,0,-2.1445928,0.09812026470899582,0.996999979019165,0.9164000153541565
YOR045W,YGL070C,0,-2.1510077,0.0981106087565422,0.996999979019165,0.9164999723434448
YOR079C,YKL157W,0,-2.153677,0.09810095280408859,0.996999979019165,0.9165999889373779
YOR341W,YDR341C,0,-2.1537929,0.09809130430221558,0.996999979019165,0.916700005531311
YOL003C,YGL184C,0,-2.154601,0.09808165580034256,0.996999979019165,0.9168000221252441
YPL005W,YDR190C,0,-2.1550617,0.09807200729846954,0.996999979019165,0.9168999791145325
YBL072C,YMR012W,0,-2.1557708,0.09806235879659653,0.996999979019165,0.9169999957084656
YAL034W-A,YBL022C,0,-2.1586578,0.09805271774530411,0.996999979019165,0.9171000123023987
YMR243C,YDL120W,0,-2.1590679,0.09804306924343109,0.996999979019165,0.9172000288963318
YKL086W,YDR339C,0,-2.1613183,0.09803342819213867,0.996999979019165,0.9172999858856201
YOL117W,YMR127C,0,-2.1628628,0.09802379459142685,0.996999979019165,0.9174000024795532
YOR076C,YOR132W,0,-2.1643238,0.09801415354013443,0.996999979019165,0.9175000190734863
YOR358W,YFR010W,0,-2.165812,0.09800451993942261,0.996999979019165,0.9175999760627747
YJL100W,YAL058W,0,-2.1692173,0.09799488633871078,0.996999979019165,0.9176999926567078
YIL103W,YHR204W,0,-2.169689,0.09798526018857956,0.996999979019165,0.9178000092506409
YDR486C,YPL004C,0,-2.1698415,0.09797562658786774,0.996999979019165,0.917900025844574
YNL199C,YDL004W,0,-2.1734033,0.09796600043773651,0.996999979019165,0.9179999828338623
YPL194W,YLR418C,1,-2.173466,0.09805462509393692,0.9980000257492065,0.9179999828338623
YIL031W,YJR065C,0,-2.1738558,0.0980449914932251,0.9980000257492065,0.9180999994277954
YGL238W,YLR390W-A,0,-2.1743715,0.09803536534309387,0.9980000257492065,0.9182000160217285
YMR236W,YJR104C,0,-2.1757333,0.09802573174238205,0.9980000257492065,0.9182999730110168
YPR075C,YPL203W,0,-2.1759968,0.09801610559225082,0.9980000257492065,0.91839998960495
YDL091C,YMR022W,0,-2.1769917,0.0980064794421196,0.9980000257492065,0.9185000061988831
YER094C,YML048W,0,-2.1812162,0.09799686074256897,0.9980000257492065,0.9186000227928162
YMR110C,YNL256W,0,-2.1824574,0.09798723459243774,0.9980000257492065,0.9186999797821045
YEL021W,YOR369C,0,-2.1841009,0.09797761589288712,0.9980000257492065,0.9187999963760376
YMR081C,YCR077C,0,-2.18493,0.09796799719333649,0.9980000257492065,0.9189000129699707
YDR347W,YKL110C,0,-2.1893995,0.09795838594436646,0.9980000257492065,0.9190000295639038
YDR028C,YHR181W,0,-2.191833,0.09794876724481583,0.9980000257492065,0.9190999865531921
YOR070C,YKL148C,0,-2.192139,0.0979391559958458,0.9980000257492065,0.9192000031471252
YCR096C,YBR218C,0,-2.1925755,0.09792954474687576,0.9980000257492065,0.9193000197410583
YJL083W,YER036C,0,-2.195368,0.09791993349790573,0.9980000257492065,0.9193999767303467
YGR103W,YDR023W,0,-2.1976733,0.0979103296995163,0.9980000257492065,0.9194999933242798
YDL235C,YMR256C,0,-2.2008398,0.09790072590112686,0.9980000257492065,0.9196000099182129
YPL135W,YMR139W,0,-2.2018797,0.09789112210273743,0.9980000257492065,0.919700026512146
YHR123W,YDR009W,0,-2.2039185,0.09788152575492859,0.9980000257492065,0.9197999835014343
YDL200C,YDL126C,0,-2.204779,0.09787192195653915,0.9980000257492065,0.9199000000953674
YPR100W,YDR399W,0,-2.2066574,0.09786232560873032,0.9980000257492065,0.9200000166893005
YLR150W,YMR012W,0,-2.2087448,0.09785272926092148,0.9980000257492065,0.9200999736785889
YDR324C,YOR253W,0,-2.2144809,0.09784314036369324,0.9980000257492065,0.920199990272522
YML077W,YKL208W,0,-2.2150044,0.0978335440158844,0.9980000257492065,0.9203000068664551
YOR151C,YML081C-A,0,-2.2169964,0.09782395511865616,0.9980000257492065,0.9204000234603882
YNL240C,YOR151C,0,-2.2176375,0.09781436622142792,0.9980000257492065,0.9204999804496765
YMR242C,YOL094C,0,-2.22082,0.09780478477478027,0.9980000257492065,0.9205999970436096
YML129C,YLR023C,0,-2.2219522,0.09779519587755203,0.9980000257492065,0.9207000136375427
YPR028W,YNL061W,0,-2.2231903,0.09778561443090439,0.9980000257492065,0.920799970626831
YGL144C,YGR044C,0,-2.2251387,0.09777603298425674,0.9980000257492065,0.9208999872207642
YKR049C,YAR003W,0,-2.2260838,0.0977664589881897,0.9980000257492065,0.9210000038146973
YMR309C,YOR375C,0,-2.2290263,0.09775687754154205,0.9980000257492065,0.9211000204086304
YPL270W,YGR262C,0,-2.2310843,0.097747303545475,0.9980000257492065,0.9211999773979187
YPR047W,YMR153W,0,-2.2331553,0.09773773699998856,0.9980000257492065,0.9212999939918518
YDL166C,YKR038C,0,-2.2347736,0.09772816300392151,0.9980000257492065,0.9214000105857849
YBR060C,YPR016C,0,-2.2371445,0.09771859645843506,0.9980000257492065,0.921500027179718
YJL164C,YLR405W,0,-2.2380311,0.09770902991294861,0.9980000257492065,0.9215999841690063
YDR513W,YGL008C,0,-2.2409544,0.09769946336746216,0.9980000257492065,0.9217000007629395
YPR028W,YOL077C,0,-2.2432427,0.09768989682197571,0.9980000257492065,0.9218000173568726
YCR075C,YNL265C,0,-2.2456095,0.09768033772706985,0.9980000257492065,0.9218999743461609
YOR128C,YOR110W,0,-2.2458673,0.097670778632164,0.9980000257492065,0.921999990940094
YJR046W,YBR126C,0,-2.2461226,0.09766121953725815,0.9980000257492065,0.9221000075340271
YCR034W,YBL050W,0,-2.2463303,0.0976516604423523,0.9980000257492065,0.9222000241279602
YFR037C,YDR012W,0,-2.2464645,0.09764210879802704,0.9980000257492065,0.9222999811172485
YHR128W,YGL099W,0,-2.2495809,0.09763255715370178,0.9980000257492065,0.9223999977111816
YML100W,YGR092W,0,-2.2587245,0.09762300550937653,0.9980000257492065,0.9225000143051147
YOL110W,YKL014C,0,-2.2588754,0.09761346131563187,0.9980000257492065,0.9225999712944031
YOR035C,YNL145W,0,-2.2592738,0.09760390967130661,0.9980000257492065,0.9226999878883362
YKL178C,YKR052C,0,-2.2620797,0.09759436547756195,0.9980000257492065,0.9228000044822693
YMR002W,YGL116W,0,-2.2624469,0.09758482128381729,0.9980000257492065,0.9229000210762024
YKR038C,YOL123W,0,-2.2651358,0.09757528454065323,0.9980000257492065,0.9229999780654907
YLR201C,YOL033W,0,-2.2672737,0.09756574779748917,0.9980000257492065,0.9230999946594238
YBR234C,YGL198W,0,-2.268102,0.0975562036037445,0.9980000257492065,0.9232000112533569
YHL040C,YLR449W,0,-2.2714162,0.09754667431116104,0.9980000257492065,0.92330002784729
YBR265W,YGR024C,0,-2.2729893,0.09753713756799698,0.9980000257492065,0.9233999848365784
YGL125W,YFR049W,0,-2.2734578,0.09752760827541351,0.9980000257492065,0.9235000014305115
YOL059W,YIL033C,0,-2.275455,0.09751807898283005,0.9980000257492065,0.9236000180244446
YDR293C,YBL030C,0,-2.2780974,0.09750854969024658,0.9980000257492065,0.9236999750137329
YER020W,YLR066W,0,-2.2789145,0.09749902039766312,0.9980000257492065,0.923799991607666
YER035W,YHR092C,0,-2.2789788,0.09748949855566025,0.9980000257492065,0.9239000082015991
YHR183W,YAL044C,0,-2.2796276,0.09747997671365738,0.9980000257492065,0.9240000247955322
YDL143W,YHR165C,0,-2.2824888,0.09747045487165451,0.9980000257492065,0.9240999817848206
YPL144W,YPR061C,0,-2.2835727,0.09746094048023224,0.9980000257492065,0.9241999983787537
YJL138C,YPL046C,0,-2.283818,0.09745141863822937,0.9980000257492065,0.9243000149726868
YML074C,YPL089C,0,-2.2885542,0.0974419042468071,0.9980000257492065,0.9243999719619751
YDL168W,YDR294C,0,-2.2885664,0.09743238985538483,0.9980000257492065,0.9244999885559082
YDR003W,YPL198W,0,-2.2893505,0.09742288291454315,0.9980000257492065,0.9246000051498413
YML077W,YBL024W,0,-2.2895777,0.09741337597370148,0.9980000257492065,0.9247000217437744
YBL056W,YER056C-A,0,-2.2905433,0.0974038615822792,0.9980000257492065,0.9247999787330627
YKL051W,YDL010W,0,-2.291914,0.09739436209201813,0.9980000257492065,0.9248999953269958
YKR031C,YDR399W,0,-2.2979412,0.09738485515117645,0.9980000257492065,0.925000011920929
YCL026C-A,YMR165C,0,-2.2985744,0.09737535566091537,0.9980000257492065,0.9251000285148621
YPL143W,YDL046W,0,-2.300198,0.0973658561706543,0.9980000257492065,0.9251999855041504
YOR027W,YDR394W,0,-2.3050823,0.09735635668039322,0.9980000257492065,0.9253000020980835
YDR516C,YBR298C,0,-2.3061423,0.09734685719013214,0.9980000257492065,0.9254000186920166
YGL076C,YAL061W,0,-2.3071933,0.09733736515045166,0.9980000257492065,0.9254999756813049
YPR145W,YER174C,0,-2.30796,0.09732787311077118,0.9980000257492065,0.925599992275238
YOR046C,YKL065C,0,-2.3094552,0.0973183810710907,0.9980000257492065,0.9257000088691711
YLR011W,YDL153C,0,-2.3111215,0.09730888903141022,0.9980000257492065,0.9258000254631042
YNL243W,YNL001W,0,-2.3175898,0.09729940444231033,0.9980000257492065,0.9258999824523926
YBR164C,YNL030W,0,-2.3187807,0.09728991985321045,0.9980000257492065,0.9259999990463257
YBL066C,YPL075W,0,-2.3192859,0.09728043526411057,0.9980000257492065,0.9261000156402588
YKR042W,YDL067C,0,-2.3197432,0.09727095812559128,0.9980000257492065,0.9261999726295471
YFR041C,YGR254W,0,-2.3231492,0.0972614735364914,0.9980000257492065,0.9262999892234802
YPL123C,YLR240W,0,-2.3235748,0.0972519963979721,0.9980000257492065,0.9264000058174133
YJR033C,YNR023W,0,-2.3251202,0.09724251925945282,0.9980000257492065,0.9265000224113464
YNL156C,YER039C,0,-2.3267398,0.09723304957151413,0.9980000257492065,0.9265999794006348
YBR191W,YNL012W,0,-2.3269591,0.09722357243299484,0.9980000257492065,0.9266999959945679
YPR166C,YER026C,0,-2.329019,0.09721410274505615,0.9980000257492065,0.926800012588501
YBL093C,YFR003C,0,-2.331342,0.09720463305711746,0.9980000257492065,0.9269000291824341
YBL061C,YOR035C,0,-2.3317337,0.09719517081975937,0.9980000257492065,0.9269999861717224
YLR435W,YNL123W,0,-2.3331516,0.09718570113182068,0.9980000257492065,0.9271000027656555
YAL044C,YOR247W,0,-2.3358393,0.09717623889446259,0.9980000257492065,0.9272000193595886
YDL051W,YIR017C,0,-2.3369887,0.09716677665710449,0.9980000257492065,0.927299976348877
YJR025C,YNL161W,0,-2.3433871,0.097157321870327,0.9980000257492065,0.9273999929428101
YDR002W,YOR381W,0,-2.344346,0.0971478596329689,0.9980000257492065,0.9275000095367432
YKR061W,YLR144C,0,-2.346769,0.0971384048461914,0.9980000257492065,0.9276000261306763
YHR070W,YHR011W,0,-2.3480637,0.09712895005941391,0.9980000257492065,0.9276999831199646
YIL078W,YOR383C,0,-2.3510208,0.09711950272321701,0.9980000257492065,0.9277999997138977
YOR293W,YDL239C,0,-2.3549159,0.09711004793643951,0.9980000257492065,0.9279000163078308
YHR021C,YBR236C,0,-2.358798,0.09710060060024261,0.9980000257492065,0.9279999732971191
YPR031W,YJR123W,0,-2.361612,0.09709115326404572,0.9980000257492065,0.9280999898910522
YDR489W,YDL067C,0,-2.364202,0.09708171337842941,0.9980000257492065,0.9282000064849854
YPL249C,YOR101W,0,-2.3677197,0.09707226604223251,0.9980000257492065,0.9283000230789185
YNL221C,YLR239C,0,-2.3686519,0.09706282615661621,0.9980000257492065,0.9283999800682068
YLR222C,YJR064W,0,-2.370674,0.09705338627099991,0.9980000257492065,0.9284999966621399
YDR452W,YNL069C,0,-2.3710577,0.0970439538359642,0.9980000257492065,0.928600013256073
YGR208W,YHR089C,0,-2.3757837,0.0970345139503479,0.9980000257492065,0.9286999702453613
YPR104C,YJL158C,0,-2.376189,0.0970250815153122,0.9980000257492065,0.9287999868392944
YHR114W,YMR312W,0,-2.3783453,0.09701564908027649,0.9980000257492065,0.9289000034332275
YOR224C,YLR172C,0,-2.3785362,0.09700622409582138,0.9980000257492065,0.9290000200271606
YGL253W,YPL063W,0,-2.3879306,0.09699679166078568,0.9980000257492065,0.929099977016449
YIR017C,YDL099W,0,-2.3976374,0.09698736667633057,0.9980000257492065,0.9291999936103821
YMR041C,YMR297W,0,-2.4002438,0.09697794169187546,0.9980000257492065,0.9293000102043152
YBR121C,YER056C-A,0,-2.403826,0.09696851670742035,0.9980000257492065,0.9294000267982483
YFR031C-A,YLR178C,0,-2.4059355,0.09695909917354584,0.9980000257492065,0.9294999837875366
YHR084W,YJL145W,0,-2.406265,0.09694968163967133,0.9980000257492065,0.9296000003814697
YFR047C,YGL058W,0,-2.4069633,0.09694026410579681,0.9980000257492065,0.9297000169754028
YGR068C,YIL098C,0,-2.4129696,0.0969308465719223,0.9980000257492065,0.9297999739646912
YNL167C,YDR091C,0,-2.4132354,0.09692143648862839,0.9980000257492065,0.9298999905586243
YMR230W,YGL155W,0,-2.41416,0.09691201895475388,0.9980000257492065,0.9300000071525574
YIL053W,YKR049C,0,-2.4145498,0.09690260887145996,0.9980000257492065,0.9301000237464905
YLL039C,YPL211W,0,-2.4149342,0.09689320623874664,0.9980000257492065,0.9301999807357788
YJL042W,YGR083C,0,-2.4172528,0.09688379615545273,0.9980000257492065,0.9302999973297119
YGL195W,YDR231C,0,-2.421648,0.09687439352273941,0.9980000257492065,0.930400013923645
YDR347W,YBL040C,0,-2.422494,0.09686499089002609,0.9980000257492065,0.9304999709129333
YJR076C,YMR251W-A,0,-2.423663,0.09685558825731277,0.9980000257492065,0.9305999875068665
YNL252C,YLR193C,0,-2.4291937,0.09684619307518005,0.9980000257492065,0.9307000041007996
YIL051C,YDL195W,0,-2.4297962,0.09683679044246674,0.9980000257492065,0.9308000206947327
YML129C,YJL121C,0,-2.4325702,0.09682739526033401,0.9980000257492065,0.930899977684021
YNL151C,YKR094C,0,-2.4385514,0.09681800752878189,0.9980000257492065,0.9309999942779541
YDR471W,YMR014W,0,-2.4393275,0.09680861234664917,0.9980000257492065,0.9311000108718872
YFR007W,YBR198C,0,-2.4412827,0.09679922461509705,0.9980000257492065,0.9312000274658203
YKL043W,YOR241W,0,-2.442547,0.09678983688354492,0.9980000257492065,0.9312999844551086
YOR260W,YJL052W,0,-2.4426732,0.0967804491519928,0.9980000257492065,0.9314000010490417
YDR466W,YGL126W,0,-2.442741,0.09677106887102127,0.9980000257492065,0.9315000176429749
YJL180C,YJL008C,0,-2.4456568,0.09676168113946915,0.9980000257492065,0.9315999746322632
YFL039C,YBR283C,0,-2.4480014,0.09675230085849762,0.9980000257492065,0.9316999912261963
YPL160W,YMR205C,0,-2.448309,0.09674292057752609,0.9980000257492065,0.9318000078201294
YLR097C,YCL059C,0,-2.4507859,0.09673354774713516,0.9980000257492065,0.9319000244140625
YOL049W,YJL042W,0,-2.4534972,0.09672417491674423,0.9980000257492065,0.9319999814033508
YOL138C,YPR118W,0,-2.4640498,0.0967147946357727,0.9980000257492065,0.9320999979972839
YDL066W,YBR288C,0,-2.4645233,0.09670542925596237,0.9980000257492065,0.932200014591217
YCR083W,YKL016C,0,-2.4710562,0.09669605642557144,0.9980000257492065,0.9322999715805054
YOL123W,YBR126C,0,-2.4734259,0.09668669104576111,0.9980000257492065,0.9323999881744385
YBR048W,YER148W,0,-2.4737787,0.09667732566595078,0.9980000257492065,0.9325000047683716
YBR041W,YIL157C,0,-2.4751892,0.09666796028614044,0.9980000257492065,0.9326000213623047
YGL246C,YNL315C,0,-2.4761093,0.09665859490633011,0.9980000257492065,0.932699978351593
YML070W,YLL011W,0,-2.480214,0.09664923697710037,0.9980000257492065,0.9327999949455261
YPL106C,YLR120C,0,-2.4834514,0.09663987904787064,0.9980000257492065,0.9329000115394592
YPL262W,YDR294C,0,-2.483554,0.0966305211186409,0.9980000257492065,0.9330000281333923
YNL151C,YOL016C,0,-2.4845207,0.09662116318941116,0.9980000257492065,0.9330999851226807
YER141W,YKR060W,0,-2.4847884,0.09661181271076202,0.9980000257492065,0.9332000017166138
YMR110C,YDR012W,0,-2.4859927,0.09660246223211288,0.9980000257492065,0.9333000183105469
YGR198W,YIL125W,0,-2.4980319,0.09659311175346375,0.9980000257492065,0.9333999752998352
YBR105C,YDR016C,0,-2.498696,0.0965837612748146,0.9980000257492065,0.9334999918937683
YGL076C,YGR103W,0,-2.5007472,0.09657441824674606,0.9980000257492065,0.9336000084877014
YIR017C,YJL099W,0,-2.5042057,0.09656506776809692,0.9980000257492065,0.9337000250816345
YLL039C,YPL090C,0,-2.5056329,0.09655572474002838,0.9980000257492065,0.9337999820709229
YKL081W,YKL060C,0,-2.509641,0.09654638916254044,0.9980000257492065,0.933899998664856
YLR075W,YLR070C,0,-2.5100782,0.0965370461344719,0.9980000257492065,0.9340000152587891
YLR038C,YLR192C,0,-2.5146902,0.09652771055698395,0.9980000257492065,0.9340999722480774
YDR280W,YJL020C,0,-2.517519,0.096518374979496,0.9980000257492065,0.9341999888420105
YER177W,YNL096C,0,-2.5250926,0.09650903940200806,0.9980000257492065,0.9343000054359436
YCR077C,YER159C,0,-2.5275226,0.09649971127510071,0.9980000257492065,0.9344000220298767
YJL221C,YCR053W,0,-2.5276852,0.09649038314819336,0.9980000257492065,0.934499979019165
YJR019C,YJL111W,0,-2.5277848,0.09648105502128601,0.9980000257492065,0.9345999956130981
YGR279C,YGL053W,0,-2.530221,0.09647172689437866,0.9980000257492065,0.9347000122070312
YMR092C,YML060W,0,-2.533663,0.09646239876747131,0.9980000257492065,0.9348000288009644
YER141W,YML085C,0,-2.5337725,0.09645307809114456,0.9980000257492065,0.9348999857902527
YOR252W,YIL098C,0,-2.5361977,0.09644375741481781,0.9980000257492065,0.9350000023841858
YIL103W,YGR132C,0,-2.5370955,0.09643443673849106,0.9980000257492065,0.9351000189781189
YNR050C,YEL039C,0,-2.5432277,0.0964251235127449,0.9980000257492065,0.9351999759674072
YPL160W,YAL019W,0,-2.545729,0.09641580283641815,0.9980000257492065,0.9352999925613403
YMR083W,YIL034C,0,-2.5511518,0.096406489610672,0.9980000257492065,0.9354000091552734
YAL005C,YGR029W,0,-2.559314,0.09639717638492584,0.9980000257492065,0.9355000257492065
YBR251W,YPL172C,0,-2.5604157,0.09638787060976028,0.9980000257492065,0.9355999827384949
YJL183W,YNL069C,0,-2.5615149,0.09637855738401413,0.9980000257492065,0.935699999332428
YPL198W,YLR249W,0,-2.5624826,0.09636925160884857,0.9980000257492065,0.9358000159263611
YBR079C,YAL062W,0,-2.5700378,0.09635995328426361,0.9980000257492065,0.9358999729156494
YBR199W,YJR002W,0,-2.5760474,0.09635064750909805,0.9980000257492065,0.9359999895095825
YJR009C,YDR382W,0,-2.5794933,0.09634134918451309,0.9980000257492065,0.9361000061035156
YOR278W,YBR179C,0,-2.5801916,0.09633204340934753,0.9980000257492065,0.9362000226974487
YJL174W,YIL010W,0,-2.5849817,0.09632274508476257,0.9980000257492065,0.9362999796867371
YDR293C,YIL114C,0,-2.587381,0.09631345421075821,0.9980000257492065,0.9363999962806702
YDR025W,YDR513W,0,-2.5881143,0.09630415588617325,0.9980000257492065,0.9365000128746033
YDL113C,YGR008C,0,-2.5881262,0.09629486501216888,0.9980000257492065,0.9366000294685364
YPR151C,YJL190C,0,-2.588395,0.09628557413816452,0.9980000257492065,0.9366999864578247
YPL226W,YGR094W,0,-2.5912404,0.09627629071474075,0.9980000257492065,0.9368000030517578
YDL051W,YPL249C-A,0,-2.5914974,0.09626699984073639,0.9980000257492065,0.9369000196456909
YDR545W,YNL339C,1,-2.5920067,0.0963541641831398,0.9990000128746033,0.9369000196456909
YDR481C,YKL029C,0,-2.5959697,0.09634487330913544,0.9990000128746033,0.9369999766349792
YMR303C,YHR170W,0,-2.600833,0.09633558243513107,0.9990000128746033,0.9370999932289124
YJL101C,YGR063C,0,-2.6028767,0.09632629156112671,0.9990000128746033,0.9372000098228455
YER176W,YJL136C,0,-2.6054163,0.09631700813770294,0.9990000128746033,0.9373000264167786
YGR295C,YGR240C,0,-2.606985,0.09630772471427917,0.9990000128746033,0.9373999834060669
YPL203W,YPL249C-A,0,-2.611343,0.09629844129085541,0.9990000128746033,0.9375
YPL003W,YLR237W,0,-2.6117263,0.09628915786743164,0.9990000128746033,0.9376000165939331
YFR040W,YER120W,0,-2.6124578,0.09627987444400787,0.9990000128746033,0.9376999735832214
YKL018W,YFR014C,0,-2.620552,0.0962705984711647,0.9990000128746033,0.9377999901771545
YOL027C,YPL013C,0,-2.6220994,0.09626132249832153,0.9990000128746033,0.9379000067710876
YOL094C,YBL038W,0,-2.6226544,0.09625204652547836,0.9990000128746033,0.9380000233650208
YNL061W,YDL018C,0,-2.6260157,0.09624277800321579,0.9990000128746033,0.9380999803543091
YKL129C,YOR091W,0,-2.6301389,0.09623350203037262,0.9990000128746033,0.9381999969482422
YLR427W,YGL184C,0,-2.632557,0.09622423350811005,0.9990000128746033,0.9383000135421753
YOL127W,YML029W,0,-2.6414814,0.09621496498584747,0.9990000128746033,0.9383999705314636
YLR134W,YOR010C,0,-2.6429043,0.0962057039141655,0.9990000128746033,0.9384999871253967
YOL039W,YML048W,0,-2.6435037,0.09619643539190292,0.9990000128746033,0.9386000037193298
YGL070C,YOR090C,0,-2.643517,0.09618717432022095,0.9990000128746033,0.9387000203132629
YGL016W,YCL040W,0,-2.644816,0.09617791324853897,0.9990000128746033,0.9387999773025513
YLR256W,YDR038C,0,-2.645423,0.09616865962743759,0.9990000128746033,0.9388999938964844
YOL020W,YOR125C,0,-2.6481986,0.09615939855575562,0.9990000128746033,0.9390000104904175
YDR289C,YDL099W,0,-2.6510277,0.09615014493465424,0.9990000128746033,0.9391000270843506
YOR374W,YPL091W,0,-2.6528182,0.09614089131355286,0.9990000128746033,0.9391999840736389
YGR257C,YER122C,0,-2.6562872,0.09613163769245148,0.9990000128746033,0.939300000667572
YLR248W,YMR161W,0,-2.656506,0.0961223915219307,0.9990000128746033,0.9394000172615051
YDL207W,YLR409C,0,-2.6587949,0.09611314535140991,0.9990000128746033,0.9394999742507935
YPR133C,YMR053C,0,-2.6603093,0.09610389918088913,0.9990000128746033,0.9395999908447266
YHR028C,YDR293C,0,-2.665059,0.09609465301036835,0.9990000128746033,0.9397000074386597
YPR112C,YDR384C,0,-2.6699772,0.09608540683984756,0.9990000128746033,0.9398000240325928
YMR119W,YPL030W,0,-2.6705265,0.09607616811990738,0.9990000128746033,0.9398999810218811
YBL090W,YBR162C,0,-2.6726685,0.0960669293999672,0.9990000128746033,0.9399999976158142
YGL219C,YBR288C,0,-2.6758046,0.09605769068002701,0.9990000128746033,0.9401000142097473
YNL106C,YNL075W,0,-2.6781683,0.09604845941066742,0.9990000128746033,0.9401999711990356
YPL081W,YLR106C,0,-2.6792755,0.09603922069072723,0.9990000128746033,0.9402999877929688
YOL128C,YDL239C,0,-2.6808753,0.09602998942136765,0.9990000128746033,0.9404000043869019
YNL094W,YGL058W,0,-2.6859946,0.09602075815200806,0.9990000128746033,0.940500020980835
YDR251W,YOL139C,0,-2.6899967,0.09601153433322906,0.9990000128746033,0.9405999779701233
YGR103W,YBL067C,0,-2.6935549,0.09600230306386948,0.9990000128746033,0.9406999945640564
YLR449W,YNL209W,0,-2.6939025,0.09599307924509048,0.9990000128746033,0.9408000111579895
YPL144W,YGR062C,0,-2.6979647,0.09598385542631149,0.9990000128746033,0.9409000277519226
YKL081W,YOR122C,0,-2.6985812,0.0959746390581131,0.9990000128746033,0.9409999847412109
YDL060W,YBL047C,0,-2.7004623,0.0959654152393341,0.9990000128746033,0.941100001335144
YDR204W,YDL085W,0,-2.7013893,0.09595619887113571,0.9990000128746033,0.9412000179290771
YLR212C,YPR124W,0,-2.7019863,0.09594698250293732,0.9990000128746033,0.9412999749183655
YER110C,YBR001C,0,-2.7030787,0.09593777358531952,0.9990000128746033,0.9413999915122986
YCL011C,YCL040W,0,-2.7042818,0.09592855721712112,0.9990000128746033,0.9415000081062317
YDR036C,YGL155W,0,-2.7112713,0.09591934829950333,0.9990000128746033,0.9416000247001648
YPL271W,YNL049C,0,-2.7153006,0.09591013938188553,0.9990000128746033,0.9416999816894531
YMR131C,YEL021W,0,-2.7165484,0.09590093046426773,0.9990000128746033,0.9417999982833862
YOR362C,YBR149W,0,-2.717844,0.09589172899723053,0.9990000128746033,0.9419000148773193
YER061C,YLL015W,0,-2.7245708,0.09588252007961273,0.9990000128746033,0.9419999718666077
YOR046C,YER110C,0,-2.731999,0.09587331861257553,0.9990000128746033,0.9420999884605408
YOL127W,YBR132C,0,-2.7329001,0.09586411714553833,0.9990000128746033,0.9422000050544739
YGL029W,YPR052C,0,-2.735733,0.09585492312908173,0.9990000128746033,0.942300021648407
YML009C,YLR398C,0,-2.7384624,0.09584572911262512,0.9990000128746033,0.9423999786376953
YDL126C,YDR500C,0,-2.7384806,0.09583652764558792,0.9990000128746033,0.9424999952316284
YNL209W,YEL009C,0,-2.7404118,0.09582734107971191,0.9990000128746033,0.9426000118255615
YGR211W,YJL198W,0,-2.7431216,0.09581814706325531,0.9990000128746033,0.9427000284194946
YDL166C,YCL040W,0,-2.744791,0.0958089604973793,0.9990000128746033,0.942799985408783
YER119C,YGL095C,0,-2.7469425,0.0957997664809227,0.9990000128746033,0.9429000020027161
YLR058C,YDR171W,0,-2.7497373,0.09579058736562729,0.9990000128746033,0.9430000185966492
YLR423C,YKL006W,0,-2.7497702,0.09578140079975128,0.9990000128746033,0.9430999755859375
YMR217W,YLR448W,0,-2.7550573,0.09577221423387527,0.9990000128746033,0.9431999921798706
YLR256W,YJR104C,0,-2.7627716,0.09576303511857986,0.9990000128746033,0.9433000087738037
YOR267C,YIL097W,0,-2.7634492,0.09575385600328445,0.9990000128746033,0.9434000253677368
YOR271C,YIL118W,0,-2.7693062,0.09574468433856964,0.9990000128746033,0.9434999823570251
YER141W,YEL024W,0,-2.7788205,0.09573550522327423,0.9990000128746033,0.9435999989509583
YDL075W,YNL331C,0,-2.7810273,0.09572633355855942,0.9990000128746033,0.9437000155448914
YGL111W,YOR359W,0,-2.787366,0.0957171618938446,0.9990000128746033,0.9437999725341797
YDR258C,YNL151C,0,-2.7903304,0.09570799022912979,0.9990000128746033,0.9438999891281128
YNL061W,YDL222C,0,-2.7939186,0.09569881856441498,0.9990000128746033,0.9440000057220459
YNL096C,YHR011W,0,-2.7939773,0.09568965435028076,0.9990000128746033,0.944100022315979
YNL132W,YPL086C,0,-2.796235,0.09568049013614655,0.9990000128746033,0.9441999793052673
YDR452W,YLR340W,0,-2.7972322,0.09567132592201233,0.9990000128746033,0.9442999958992004
YOR096W,YOL061W,0,-2.7988024,0.09566216915845871,0.9990000128746033,0.9444000124931335
YNL037C,YDL236W,0,-2.8058848,0.0956530049443245,0.9990000128746033,0.9445000290870667
YBL050W,YOR316C,0,-2.8089356,0.09564384818077087,0.9990000128746033,0.944599986076355
YCL050C,YIL098C,0,-2.8095384,0.09563469141721725,0.9990000128746033,0.9447000026702881
YBR101C,YDR171W,0,-2.810391,0.09562554210424423,0.9990000128746033,0.9448000192642212
YMR260C,YHR193C,0,-2.8224187,0.09561638534069061,0.9990000128746033,0.9448999762535095
YLR439W,YOR307C,0,-2.824665,0.09560723602771759,0.9990000128746033,0.9449999928474426
YDL147W,YDR122W,0,-2.8299422,0.09559808671474457,0.9990000128746033,0.9451000094413757
YLR175W,YOR293W,0,-2.837243,0.09558893740177155,0.9990000128746033,0.9452000260353088
YDR287W,YMR309C,0,-2.8415542,0.09557979553937912,0.9990000128746033,0.9452999830245972
YKL150W,YER146W,0,-2.8422718,0.0955706462264061,0.9990000128746033,0.9453999996185303
YMR068W,YPR112C,0,-2.8434262,0.09556150436401367,0.9990000128746033,0.9455000162124634
YKL004W,YML025C,0,-2.844943,0.09555236995220184,0.9990000128746033,0.9455999732017517
YNL067W,YNL308C,0,-2.846797,0.09554322808980942,0.9990000128746033,0.9456999897956848
YDL081C,YIL153W,0,-2.8472533,0.09553409367799759,0.9990000128746033,0.9458000063896179
YNL206C,YFL036W,0,-2.8609629,0.09552495926618576,0.9990000128746033,0.945900022983551
YHR203C,YER053C,0,-2.8683004,0.09551582485437393,0.9990000128746033,0.9459999799728394
YBR267W,YHR089C,0,-2.8709803,0.0955066904425621,0.9990000128746033,0.9460999965667725
YJL116C,YKL114C,0,-2.8712611,0.09549756348133087,0.9990000128746033,0.9462000131607056
YGL006W,YIL114C,0,-2.872037,0.09548843652009964,0.9990000128746033,0.9463000297546387
YML057W,YER021W,0,-2.8798256,0.09547930955886841,0.9990000128746033,0.946399986743927
YGR159C,YER021W,0,-2.8822975,0.09547018259763718,0.9990000128746033,0.9465000033378601
YGR097W,YDL130W,0,-2.8845663,0.09546106308698654,0.9990000128746033,0.9466000199317932
YNL087W,YLR056W,0,-2.8863335,0.09545193612575531,0.9990000128746033,0.9466999769210815
YDR231C,YOL147C,0,-2.9063258,0.09544281661510468,0.9990000128746033,0.9467999935150146
YNL241C,YML060W,0,-2.9068336,0.09543370455503464,0.9990000128746033,0.9469000101089478
YCR072C,YLL035W,0,-2.907689,0.095424585044384,0.9990000128746033,0.9470000267028809
YAL042W,YGR231C,0,-2.910099,0.09541547298431396,0.9990000128746033,0.9470999836921692
YPL230W,YGL078C,0,-2.9164176,0.09540636092424393,0.9990000128746033,0.9472000002861023
YOR103C,YDL004W,0,-2.9194088,0.09539724886417389,0.9990000128746033,0.9473000168800354
YNL005C,YJR016C,0,-2.9216337,0.09538814425468445,0.9990000128746033,0.9473999738693237
YDR235W,YBR054W,0,-2.9231257,0.09537903219461441,0.9990000128746033,0.9474999904632568
YJL048C,YER118C,0,-2.9235678,0.09536992758512497,0.9990000128746033,0.9476000070571899
YIL125W,YPL117C,0,-2.9240246,0.09536082297563553,0.9990000128746033,0.947700023651123
YGR159C,YGL207W,0,-2.9278998,0.09535172581672668,0.9990000128746033,0.9477999806404114
YMR024W,YGL226W,0,-2.9279885,0.09534262120723724,0.9990000128746033,0.9478999972343445
YAL035W,YNL242W,0,-2.9285893,0.0953335240483284,0.9990000128746033,0.9480000138282776
YNL180C,YGL120C,0,-2.9306712,0.09532442688941956,0.9990000128746033,0.9480999708175659
YML046W,YDR216W,0,-2.9330888,0.09531532973051071,0.9990000128746033,0.948199987411499
YOL127W,YGL196W,0,-2.9360943,0.09530624002218246,0.9990000128746033,0.9483000040054321
YLR216C,YJR009C,0,-2.9403648,0.09529715031385422,0.9990000128746033,0.9484000205993652
YML058W,YDR129C,0,-2.9449978,0.09528806060552597,0.9990000128746033,0.9484999775886536
YNL241C,YGR101W,0,-2.9464512,0.09527897089719772,0.9990000128746033,0.9485999941825867
YHL004W,YGR220C,0,-2.9489202,0.09526988118886948,0.9990000128746033,0.9487000107765198
YLR333C,YNR033W,0,-2.9492645,0.09526079893112183,0.9990000128746033,0.9488000273704529
YGL178W,YOR174W,0,-2.9571223,0.09525171667337418,0.9990000128746033,0.9488999843597412
YMR257C,YHR170W,0,-2.960568,0.09524263441562653,0.9990000128746033,0.9490000009536743
YMR092C,YKL065C,0,-2.9616742,0.09523355215787888,0.9990000128746033,0.9491000175476074
YER072W,YLR372W,0,-2.9636765,0.09522447735071182,0.9990000128746033,0.9491999745368958
YDR224C,YOR081C,0,-2.965263,0.09521540254354477,0.9990000128746033,0.9492999911308289
YDL191W,YLL036C,0,-2.9693336,0.09520632773637772,0.9990000128746033,0.949400007724762
YCR003W,YNR051C,0,-2.970344,0.09519725292921066,0.9990000128746033,0.9495000243186951
YJL210W,YDL212W,0,-2.9774132,0.0951881855726242,0.9990000128746033,0.9495999813079834
YPR145W,YOR016C,0,-2.9811406,0.09517911821603775,0.9990000128746033,0.9496999979019165
YDR231C,YKL152C,0,-2.9817176,0.0951700508594513,0.9990000128746033,0.9498000144958496
YDL150W,YDR299W,0,-2.9821424,0.09516098350286484,0.9990000128746033,0.9498999714851379
YNR032W,YOR095C,0,-2.9846978,0.09515191614627838,0.9990000128746033,0.949999988079071
YOL071W,YBR286W,0,-2.9879427,0.09514285624027252,0.9990000128746033,0.9501000046730042
YPR166C,YEL003W,0,-2.988124,0.09513379633426666,0.9990000128746033,0.9502000212669373
YNL221C,YPL135W,0,-2.9894562,0.0951247364282608,0.9990000128746033,0.9502999782562256
YIL019W,YOL033W,0,-3.000998,0.09511568397283554,0.9990000128746033,0.9503999948501587
YHR024C,YFL034C-A,0,-3.0012016,0.09510662406682968,0.9990000128746033,0.9505000114440918
YOR110W,YIL044C,0,-3.0079255,0.09509757161140442,0.9990000128746033,0.9506000280380249
YMR002W,YGR076C,0,-3.0190616,0.09508851915597916,0.9990000128746033,0.9506999850273132
YER020W,YPR028W,0,-3.0190806,0.09507947415113449,0.9990000128746033,0.9508000016212463
YBR191W,YKR049C,0,-3.022078,0.09507042169570923,0.9990000128746033,0.9509000182151794
YOR383C,YIL039W,0,-3.0280695,0.09506137669086456,0.9990000128746033,0.9509999752044678
YOR124C,YGR254W,0,-3.0369973,0.0950523316860199,0.9990000128746033,0.9510999917984009
YPL203W,YPL152W,0,-3.0369978,0.09504328668117523,0.9990000128746033,0.951200008392334
YJR033C,YLR167W,0,-3.0393362,0.09503424912691116,0.9990000128746033,0.9513000249862671
YHL032C,YPL048W,0,-3.0415125,0.0950252041220665,0.9990000128746033,0.9513999819755554
YOR065W,YIL018W,0,-3.0444741,0.09501616656780243,0.9990000128746033,0.9514999985694885
YHL040C,YIL014W,0,-3.046071,0.09500712901353836,0.9990000128746033,0.9516000151634216
YLL048C,YKR003W,0,-3.0513034,0.09499809890985489,0.9990000128746033,0.95169997215271
YDR393W,YPR102C,0,-3.0543423,0.09498906880617142,0.9990000128746033,0.9517999887466431
YGR157W,YDR038C,0,-3.054677,0.09498003125190735,0.9990000128746033,0.9519000053405762
YPL198W,YOR120W,0,-3.0578957,0.09497100114822388,0.9990000128746033,0.9520000219345093
YJR121W,YOR150W,0,-3.0589342,0.094961978495121,0.9990000128746033,0.9520999789237976
YOL127W,YHR064C,0,-3.0616083,0.09495294839143753,0.9990000128746033,0.9521999955177307
YLR003C,YLR133W,0,-3.0723238,0.09494392573833466,0.9990000128746033,0.9523000121116638
YDR155C,YNL055C,0,-3.0729027,0.09493490308523178,0.9990000128746033,0.9524000287055969
YDL130W,YNL071W,0,-3.0732718,0.0949258804321289,0.9990000128746033,0.9524999856948853
YPR110C,YMR030W,0,-3.073717,0.09491686522960663,0.9990000128746033,0.9526000022888184
YPL186C,YBR048W,0,-3.0747185,0.09490785002708435,0.9990000128746033,0.9527000188827515
YHR083W,YBR106W,0,-3.0747404,0.09489883482456207,0.9990000128746033,0.9527999758720398
YDR331W,YCR079W,0,-3.0763416,0.0948898196220398,0.9990000128746033,0.9528999924659729
YIL136W,YLL005C,0,-3.0820732,0.09488080441951752,0.9990000128746033,0.953000009059906
YBR210W,YGR008C,0,-3.082346,0.09487179666757584,0.9990000128746033,0.9531000256538391
YLR205C,YDR060W,0,-3.093481,0.09486278891563416,0.9990000128746033,0.9531999826431274
YMR016C,YOR125C,0,-3.0970788,0.09485378116369247,0.9990000128746033,0.9532999992370605
YOR207C,YDL060W,0,-3.1019826,0.0948447734117508,0.9990000128746033,0.9534000158309937
YMR171C,YJL001W,0,-3.1061897,0.09483577311038971,0.9990000128746033,0.953499972820282
YJR033C,YMR217W,0,-3.106413,0.09482676535844803,0.9990000128746033,0.9535999894142151
YCR020C,YGR138C,0,-3.108635,0.09481776505708694,0.9990000128746033,0.9537000060081482
YHR123W,YJL180C,0,-3.110489,0.09480877220630646,0.9990000128746033,0.9538000226020813
YHR176W,YGL097W,0,-3.11138,0.09479977190494537,0.9990000128746033,0.9538999795913696
YIL074C,YDR343C,0,-3.1121712,0.09479077905416489,0.9990000128746033,0.9539999961853027
YNL256W,YIR026C,0,-3.114699,0.0947817862033844,0.9990000128746033,0.9541000127792358
YDR006C,YBR205W,0,-3.1167893,0.09477279335260391,0.9990000128746033,0.954200029373169
YGL031C,YLL018C-A,0,-3.1209326,0.09476380050182343,0.9990000128746033,0.9542999863624573
YHR005C,YKL016C,0,-3.1213446,0.09475481510162354,0.9990000128746033,0.9544000029563904
YIL074C,YDR507C,0,-3.1258082,0.09474582970142365,0.9990000128746033,0.9545000195503235
YOR128C,YMR109W,0,-3.1284103,0.09473684430122375,0.9990000128746033,0.9545999765396118
YER131W,YNR048W,0,-3.1387901,0.09472785890102386,0.9990000128746033,0.9546999931335449
YDR300C,YBR132C,0,-3.1403494,0.09471888095140457,0.9990000128746033,0.954800009727478
YOL011W,YOR122C,0,-3.140822,0.09470989555120468,0.9990000128746033,0.9549000263214111
YFR009W,YHL031C,0,-3.1488066,0.09470091760158539,0.9990000128746033,0.9549999833106995
YNR007C,YGR204W,0,-3.1514397,0.0946919396519661,0.9990000128746033,0.9550999999046326
YLR083C,YGL055W,0,-3.1639247,0.0946829691529274,0.9990000128746033,0.9552000164985657
YBR179C,YOR210W,0,-3.1640697,0.0946739986538887,0.9990000128746033,0.955299973487854
YHR201C,YDR194C,0,-3.1677155,0.09466502070426941,0.9990000128746033,0.9553999900817871
YMR256C,YAL042W,0,-3.174199,0.09465605765581131,0.9990000128746033,0.9555000066757202
YHR021C,YJR064W,0,-3.1745806,0.09464708715677261,0.9990000128746033,0.9556000232696533
YMR081C,YHR146W,0,-3.1790981,0.09463812410831451,0.9990000128746033,0.9556999802589417
YML130C,YJL045W,0,-3.1816573,0.09462915360927582,0.9990000128746033,0.9557999968528748
YPL140C,YJL048C,0,-3.1845026,0.09462019056081772,0.9990000128746033,0.9559000134468079
YPL015C,YHR081W,1,-3.1921864,0.09470593929290771,1.0,0.9559000134468079
YDR085C,YKL150W,0,-3.192585,0.09469696879386902,1.0,0.9559999704360962
YDL043C,YDL067C,0,-3.2002864,0.09468800574541092,1.0,0.9560999870300293
YNR054C,YGL097W,0,-3.2004366,0.09467903524637222,1.0,0.9562000036239624
YMR225C,YJL121C,0,-3.2021065,0.09467007219791412,1.0,0.9563000202178955
YNR053C,YLR304C,0,-3.2142224,0.09466111660003662,1.0,0.9563999772071838
YPL160W,YBR014C,0,-3.2147722,0.09465215355157852,1.0,0.9564999938011169
YBR154C,YML063W,0,-3.220323,0.09464319795370102,1.0,0.95660001039505
YLR017W,YBR021W,0,-3.2221317,0.09463424235582352,1.0,0.9567000269889832
YGR183C,YBR283C,0,-3.225017,0.09462528675794601,1.0,0.9567999839782715
YBR079C,YKL212W,0,-3.2250605,0.09461633116006851,1.0,0.9569000005722046
YNR032C-A,YBL099W,0,-3.2279696,0.0946073830127716,1.0,0.9570000171661377
YEL011W,YPL048W,0,-3.2347708,0.0945984274148941,1.0,0.957099974155426
YER020W,YPL106C,0,-3.2380795,0.0945894792675972,1.0,0.9571999907493591
YJL045W,YHR133C,0,-3.2401896,0.09458053857088089,1.0,0.9573000073432922
YPR047W,YGR106C,0,-3.242084,0.09457159042358398,1.0,0.9574000239372253
YDL060W,YKL004W,0,-3.2478886,0.09456264972686768,1.0,0.9574999809265137
YDR481C,YMR316W,0,-3.2524242,0.09455370903015137,1.0,0.9575999975204468
YNL112W,YLR370C,0,-3.2555885,0.09454476833343506,1.0,0.9577000141143799
YDL181W,YIL041W,0,-3.2557383,0.09453582763671875,1.0,0.9577999711036682
YJL019W,YBR236C,0,-3.2574868,0.09452689439058304,1.0,0.9578999876976013
YDR365C,YBL024W,0,-3.2575388,0.09451796114444733,1.0,0.9580000042915344
YBR079C,YMR012W,0,-3.2668438,0.09450902789831161,1.0,0.9581000208854675
YER006W,YHR011W,0,-3.2707038,0.0945000946521759,1.0,0.9581999778747559
YJR145C,YOR383C,0,-3.272707,0.09449116140604019,1.0,0.958299994468689
YJL212C,YJL057C,0,-3.2733607,0.09448223561048508,1.0,0.9584000110626221
YDR111C,YPR016C,0,-3.2736707,0.09447330981492996,1.0,0.9585000276565552
YJL180C,YFL047W,0,-3.2747622,0.09446438401937485,1.0,0.9585999846458435
YJL125C,YMR197C,0,-3.2813096,0.09445546567440033,1.0,0.9587000012397766
YLL028W,YDR380W,0,-3.281598,0.09444653987884521,1.0,0.9588000178337097
YIL117C,YLR037C,0,-3.2826147,0.0944376215338707,1.0,0.958899974822998
YPL097W,YML085C,0,-3.2833,0.09442870318889618,1.0,0.9589999914169312
YBR267W,YOR341W,0,-3.2836452,0.09441979229450226,1.0,0.9591000080108643
YGL126W,YOR359W,0,-3.283762,0.09441087394952774,1.0,0.9592000246047974
YMR004W,YIL097W,0,-3.2887878,0.09440196305513382,1.0,0.9592999815940857
YDR156W,YMR230W,0,-3.29347,0.0943930521607399,1.0,0.9593999981880188
YNL014W,YNL209W,0,-3.3028793,0.09438414126634598,1.0,0.9595000147819519
YGL029W,YFL002C,0,-3.3128142,0.09437523782253265,1.0,0.9595999717712402
YPR101W,YER088C,0,-3.3146687,0.09436632692813873,1.0,0.9596999883651733
YIL050W,YDR322C-A,0,-3.3178482,0.09435742348432541,1.0,0.9598000049591064
YDR031W,YJL109C,0,-3.3328347,0.09434852004051208,1.0,0.9599000215530396
YLL028W,YOR290C,0,-3.3375492,0.09433962404727936,1.0,0.9599999785423279
YBR191W,YJL136C,0,-3.3397598,0.09433072060346603,1.0,0.960099995136261
YLR222C,YIL036W,0,-3.3483605,0.0943218246102333,1.0,0.9602000117301941
YLR092W,YPL215W,0,-3.3493433,0.09431292861700058,1.0,0.9603000283241272
YCR079W,YEL038W,0,-3.3529096,0.09430403262376785,1.0,0.9603999853134155
YGR192C,YLL009C,0,-3.3545098,0.09429514408111572,1.0,0.9605000019073486
YGL227W,YFR003C,0,-3.3634043,0.09428625553846359,1.0,0.9606000185012817
YER056C,YLR017W,0,-3.3649364,0.09427736699581146,1.0,0.9606999754905701
YBR003W,YDR091C,0,-3.3715162,0.09426847845315933,1.0,0.9607999920845032
YNL132W,YIL009W,0,-3.3759818,0.0942595899105072,1.0,0.9609000086784363
YDR204W,YNL207W,0,-3.379734,0.09425070881843567,1.0,0.9610000252723694
YLR276C,YIL093C,0,-3.3815136,0.09424182772636414,1.0,0.9610999822616577
YGR253C,YLR019W,0,-3.3834653,0.0942329466342926,1.0,0.9611999988555908
YOR090C,YJL050W,0,-3.390089,0.09422406554222107,1.0,0.9613000154495239
YDL115C,YEL011W,0,-3.4030943,0.09421518445014954,1.0,0.9613999724388123
YGL073W,YOR210W,0,-3.4104118,0.0942063108086586,1.0,0.9614999890327454
YER110C,YKL156W,0,-3.4152808,0.09419743716716766,1.0,0.9616000056266785
YNL240C,YKR060W,0,-3.426488,0.09418856352567673,1.0,0.9617000222206116
YHL011C,YGL191W,0,-3.4278321,0.09417969733476639,1.0,0.9617999792098999
YBL061C,YBR302C,0,-3.437211,0.09417082369327545,1.0,0.961899995803833
YJR145C,YIL040W,0,-3.4449916,0.09416195750236511,1.0,0.9620000123977661
YOR153W,YOR303W,0,-3.4585853,0.09415309131145477,1.0,0.9621000289916992
YIL145C,YPL004C,0,-3.463069,0.09414423257112503,1.0,0.9621999859809875
YPR155C,YGR157W,0,-3.4688158,0.09413536638021469,1.0,0.9623000025749207
YDR300C,YLR299W,0,-3.47675,0.09412650763988495,1.0,0.9624000191688538
YGL198W,YGL084C,0,-3.4917297,0.0941176488995552,1.0,0.9624999761581421
YDR148C,YJR137C,0,-3.4917393,0.09410879015922546,1.0,0.9625999927520752
YNL001W,YIL036W,0,-3.4924316,0.09409993141889572,1.0,0.9627000093460083
YLR200W,YFL036W,0,-3.4993224,0.09409108012914658,1.0,0.9628000259399414
YER007C-A,YMR309C,0,-3.5024352,0.09408222883939743,1.0,0.9628999829292297
YDR342C,YMR223W,0,-3.5144029,0.09407337754964828,1.0,0.9629999995231628
YLR222C,YPR134W,0,-3.5158896,0.09406452625989914,1.0,0.963100016117096
YBL066C,YJR007W,0,-3.5159702,0.09405568242073059,1.0,0.9631999731063843
YLR435W,YMR290C,0,-3.5160542,0.09404683858156204,1.0,0.9632999897003174
YDR204W,YBL072C,0,-3.522789,0.0940379947423935,1.0,0.9634000062942505
YDR027C,YBL078C,0,-3.5258765,0.09402915090322495,1.0,0.9635000228881836
YOR119C,YNL308C,0,-3.5330582,0.0940203070640564,1.0,0.9635999798774719
YLR089C,YDL193W,0,-3.534122,0.09401147067546844,1.0,0.963699996471405
YNR041C,YOR234C,0,-3.5371318,0.0940026342868805,1.0,0.9638000130653381
YBL090W,YIL019W,0,-3.5436587,0.09399379789829254,1.0,0.9639000296592712
YDL104C,YKL212W,0,-3.5437431,0.09398496150970459,1.0,0.9639999866485596
YGR183C,YIL114C,0,-3.5442204,0.09397613257169724,1.0,0.9641000032424927
YOR091W,YGR061C,0,-3.5455785,0.09396729618310928,1.0,0.9642000198364258
YDL014W,YER144C,0,-3.5485725,0.09395846724510193,1.0,0.9642999768257141
YHL003C,YEL063C,0,-3.5534377,0.09394964575767517,1.0,0.9643999934196472
YLR449W,YLR405W,0,-3.5566769,0.09394081681966782,1.0,0.9645000100135803
YER061C,YDL181W,0,-3.5671225,0.09393199533224106,1.0,0.9646000266075134
YIL038C,YGL111W,0,-3.5694895,0.0939231738448143,1.0,0.9646999835968018
YHR089C,YDR129C,0,-3.5777988,0.09391435235738754,1.0,0.9648000001907349
YJL116C,YJL198W,0,-3.57968,0.09390553086996078,1.0,0.964900016784668
YIL070C,YJL010C,0,-3.5850458,0.09389671683311462,1.0,0.9649999737739563
YPR067W,YNL207W,0,-3.591566,0.09388789534568787,1.0,0.9650999903678894
YDL033C,YCR031C,0,-3.5924034,0.0938790813088417,1.0,0.9652000069618225
YGR195W,YEL018W,0,-3.6129947,0.09387027472257614,1.0,0.9653000235557556
YNL047C,YGR240C,0,-3.6180782,0.09386146068572998,1.0,0.965399980545044
YBR044C,YOL061W,0,-3.626503,0.09385265409946442,1.0,0.965499997138977
YOR045W,YMR098C,0,-3.6297145,0.09384384751319885,1.0,0.9656000137329102
YOR078W,YJR041C,0,-3.643488,0.09383504092693329,1.0,0.9656999707221985
YOR101W,YDR393W,0,-3.6461558,0.09382623434066772,1.0,0.9657999873161316
YEL026W,YNL331C,0,-3.6509376,0.09381742775440216,1.0,0.9659000039100647
YHL033C,YDR412W,0,-3.6651173,0.0938086286187172,1.0,0.9660000205039978
YHR063C,YPL172C,0,-3.6672125,0.09379982948303223,1.0,0.9660999774932861
YJL190C,YLR205C,0,-3.6845226,0.09379103034734726,1.0,0.9661999940872192
YNL207W,YGL171W,0,-3.6882715,0.09378223866224289,1.0,0.9663000106811523
YNR053C,YNL240C,0,-3.6958222,0.09377344697713852,1.0,0.9664000272750854
YOR094W,YDR046C,0,-3.700533,0.09376464784145355,1.0,0.9664999842643738
YHR006W,YNL166C,0,-3.7064433,0.09375585615634918,1.0,0.9666000008583069
YNL132W,YKL006W,0,-3.7071238,0.09374707192182541,1.0,0.96670001745224
YMR217W,YMR302C,0,-3.7090044,0.09373828023672104,1.0,0.9667999744415283
YHR176W,YOR004W,0,-3.7121587,0.09372949600219727,1.0,0.9668999910354614
YPL026C,YDR045C,0,-3.7173028,0.09372071176767349,1.0,0.9670000076293945
YHR101C,YEL026W,0,-3.718329,0.09371192753314972,1.0,0.9671000242233276
YOR293W,YOL039W,0,-3.7218103,0.09370315074920654,1.0,0.967199981212616
YOR143C,YDR298C,0,-3.722484,0.09369436651468277,1.0,0.9672999978065491
YGL076C,YPL231W,0,-3.727232,0.0936855897307396,1.0,0.9674000144004822
YOR116C,YMR188C,0,-3.7313442,0.09367681294679642,1.0,0.9674999713897705
YJR044C,YEL011W,0,-3.7374754,0.09366804361343384,1.0,0.9675999879837036
YML129C,YPL145C,0,-3.7403927,0.09365926682949066,1.0,0.9677000045776367
YMR161W,YNL055C,0,-3.7407537,0.09365049749612808,1.0,0.9678000211715698
YCR028C,YDR294C,0,-3.7456355,0.0936417281627655,1.0,0.9678999781608582
YJL104W,YNL005C,0,-3.7509055,0.09363295882940292,1.0,0.9679999947547913
YOR136W,YDR322W,0,-3.7567787,0.09362418949604034,1.0,0.9681000113487244
YER056C,YBR034C,0,-3.7581415,0.09361542761325836,1.0,0.9682000279426575
YDR339C,YOR210W,0,-3.7616796,0.09360666573047638,1.0,0.9682999849319458
YBR079C,YGL211W,0,-3.7617116,0.0935979038476944,1.0,0.9684000015258789
YLR223C,YDL014W,0,-3.76301,0.09358914196491241,1.0,0.968500018119812
YLR432W,YDR268W,0,-3.7656326,0.09358038753271103,1.0,0.9685999751091003
YEL015W,YMR260C,0,-3.7657146,0.09357162564992905,1.0,0.9686999917030334
YPL160W,YLR259C,0,-3.7669735,0.09356287121772766,1.0,0.9688000082969666
YDR324C,YMR242C,0,-3.7682772,0.09355412423610687,1.0,0.9689000248908997
YOR224C,YGR030C,0,-3.7723193,0.09354536980390549,1.0,0.968999981880188
YAL035W,YPL004C,0,-3.78624,0.0935366228222847,1.0,0.9690999984741211
YFL024C,YKR003W,0,-3.7866807,0.09352786839008331,1.0,0.9692000150680542
YJL157C,YPR021C,0,-3.7882338,0.09351912140846252,1.0,0.9692999720573425
YLR342W,YOL097C,0,-3.7888145,0.09351038187742233,1.0,0.9693999886512756
YDR500C,YBL030C,0,-3.7935905,0.09350163489580154,1.0,0.9695000052452087
YFL016C,YDR023W,0,-3.7950497,0.09349289536476135,1.0,0.9696000218391418
YOR173W,YNL069C,0,-3.7988706,0.09348415583372116,1.0,0.9696999788284302
YJR064W,YKR081C,0,-3.7989364,0.09347541630268097,1.0,0.9697999954223633
YKL193C,YOR233W,0,-3.801568,0.09346667677164078,1.0,0.9699000120162964
YPL135W,YCR094W,0,-3.8067055,0.09345794469118118,1.0,0.9700000286102295
YDR258C,YLR340W,0,-3.8174105,0.09344921261072159,1.0,0.9700999855995178
YML043C,YHL035C,0,-3.8183274,0.093440480530262,1.0,0.9702000021934509
YDR165W,YJR104C,0,-3.8258123,0.0934317484498024,1.0,0.970300018787384
YHR028C,YOR092W,0,-3.8277273,0.0934230163693428,1.0,0.9703999757766724
YIL138C,YNL055C,0,-3.828434,0.0934142917394638,1.0,0.9704999923706055
YPR145W,YKL156W,0,-3.829297,0.09340556710958481,1.0,0.9706000089645386
YOL116W,YOL123W,0,-3.8323488,0.09339684247970581,1.0,0.9707000255584717
YPL043W,YFR050C,0,-3.842781,0.09338811784982681,1.0,0.97079998254776
YOR065W,YPR016C,0,-3.8479815,0.09337940067052841,1.0,0.9708999991416931
YBL064C,YJL025W,0,-3.8552666,0.09337068349123001,1.0,0.9710000157356262
YGL107C,YNL061W,0,-3.856845,0.09336196631193161,1.0,0.9710999727249146
YDR069C,YBR142W,0,-3.8608027,0.09335324913263321,1.0,0.9711999893188477
YDL147W,YCR048W,0,-3.882628,0.09334453195333481,1.0,0.9713000059127808
YPR021C,YLR367W,0,-3.8963828,0.093335822224617,1.0,0.9714000225067139
YIL027C,YHL036W,0,-3.898635,0.0933271124958992,1.0,0.9714999794960022
YIL053W,YJR007W,0,-3.9124336,0.0933184027671814,1.0,0.9715999960899353
YNR046W,YNL002C,0,-3.9138145,0.09330969303846359,1.0,0.9717000126838684
YNL159C,YEL060C,0,-3.9172344,0.09330099076032639,1.0,0.9718000292778015
YPL231W,YLR060W,0,-3.9300666,0.09329228103160858,1.0,0.9718999862670898
YDR120C,YMR014W,0,-3.9367208,0.09328357875347137,1.0,0.972000002861023
YPL128C,YEL011W,0,-3.947225,0.09327488392591476,1.0,0.972100019454956
YDL082W,YPL181W,0,-3.9533849,0.09326618164777756,1.0,0.9721999764442444
YPR067W,YGL246C,0,-3.9554253,0.09325748682022095,1.0,0.9722999930381775
YNL087W,YOR227W,0,-3.9566278,0.09324878454208374,1.0,0.9724000096321106
YIL155C,YOR369C,0,-3.961625,0.09324008971452713,1.0,0.9725000262260437
YJR145C,YGR184C,0,-3.9654326,0.09323140233755112,1.0,0.972599983215332
YOR303W,YFR051C,0,-3.9661674,0.0932227075099945,1.0,0.9726999998092651
YKL140W,YBR054W,0,-3.97929,0.0932140201330185,1.0,0.9728000164031982
YMR302C,YGR244C,0,-3.9863558,0.09320533275604248,1.0,0.9728999733924866
YDR316W,YJR042W,0,-3.996169,0.09319664537906647,1.0,0.9729999899864197
YKL039W,YKL152C,0,-3.9973712,0.09318795800209045,1.0,0.9731000065803528
YHL007C,YGR181W,0,-4.002468,0.09317927807569504,1.0,0.9732000231742859
YMR152W,YDR171W,0,-4.0148573,0.09317059814929962,1.0,0.9732999801635742
YFL002C,YPR155C,0,-4.017279,0.0931619182229042,1.0,0.9733999967575073
YOL064C,YOL100W,0,-4.0223665,0.09315323829650879,1.0,0.9735000133514404
YDR398W,YHL031C,0,-4.0253353,0.09314455837011337,1.0,0.9735999703407288
YER056C,YOR359W,0,-4.030967,0.09313588589429855,1.0,0.9736999869346619
YJR002W,YKL091C,0,-4.034638,0.09312721341848373,1.0,0.973800003528595
YDR156W,YFR053C,0,-4.034797,0.09311854094266891,1.0,0.9739000201225281
YKR025W,YLR409C,0,-4.035628,0.0931098684668541,1.0,0.9739999771118164
YLR361C,YJL078C,0,-4.0360923,0.09310120344161987,1.0,0.9740999937057495
YMR002W,YIL157C,0,-4.0439506,0.09309253096580505,1.0,0.9742000102996826
YLR061W,YMR282C,0,-4.061393,0.09308386594057083,1.0,0.9743000268936157
YFL031W,YBR054W,0,-4.063914,0.0930752083659172,1.0,0.974399983882904
YBL055C,YGR181W,0,-4.06582,0.09306654334068298,1.0,0.9745000004768372
YBR146W,YGL077C,0,-4.0680766,0.09305787831544876,1.0,0.9746000170707703
YHR037W,YMR297W,0,-4.0774684,0.09304922074079514,1.0,0.9746999740600586
YOR341W,YPL156C,0,-4.0782404,0.09304056316614151,1.0,0.9747999906539917
YDR204W,YKR079C,0,-4.0890713,0.09303191304206848,1.0,0.9749000072479248
YDL153C,YNL321W,0,-4.094887,0.09302325546741486,1.0,0.9750000238418579
YHR171W,YLR044C,0,-4.0983114,0.09301460534334183,1.0,0.9750999808311462
YOR158W,YER146W,0,-4.100457,0.0930059552192688,1.0,0.9751999974250793
YER020W,YMR236W,0,-4.1019735,0.09299730509519577,1.0,0.9753000140190125
YPL072W,YHR170W,0,-4.1171885,0.09298865497112274,1.0,0.9753999710083008
YJL080C,YMR242C,0,-4.117843,0.09298001229763031,1.0,0.9754999876022339
YGL078C,YLR051C,0,-4.1186285,0.09297136217355728,1.0,0.975600004196167
YJR144W,YCL050C,0,-4.1197214,0.09296271950006485,1.0,0.9757000207901001
YBR267W,YKR092C,0,-4.125686,0.09295408427715302,1.0,0.9757999777793884
YAL009W,YLR167W,0,-4.13631,0.09294544160366058,1.0,0.9758999943733215
YNL036W,YPL237W,0,-4.1363273,0.09293680638074875,1.0,0.9760000109672546
YJL158C,YNL154C,0,-4.1390905,0.09292816370725632,1.0,0.9761000275611877
YKR031C,YLR196W,0,-4.1439896,0.09291952848434448,1.0,0.9761999845504761
YER004W,YHR201C,0,-4.1559725,0.09291090071201324,1.0,0.9763000011444092
YDR156W,YDL130W-A,0,-4.1616535,0.09290226548910141,1.0,0.9764000177383423
YLL024C,YOR227W,0,-4.167974,0.09289363771677017,1.0,0.9764999747276306
YOL144W,YPL203W,0,-4.1746817,0.09288500994443893,1.0,0.9765999913215637
YER025W,YKR092C,0,-4.1991425,0.0928763821721077,1.0,0.9767000079154968
YKL141W,YAR018C,0,-4.211198,0.09286775439977646,1.0,0.9768000245094299
YHR197W,YDL060W,0,-4.2126412,0.09285913407802582,1.0,0.9768999814987183
YDR119W,YLL018C-A,0,-4.238108,0.09285051375627518,1.0,0.9769999980926514
YGR234W,YKR092C,0,-4.243922,0.09284189343452454,1.0,0.9771000146865845
YJR123W,YOL139C,0,-4.251944,0.0928332731127739,1.0,0.9771999716758728
YHR197W,YBR001C,0,-4.256278,0.09282465279102325,1.0,0.9772999882698059
YEL059C-A,YML115C,0,-4.258713,0.09281603991985321,1.0,0.977400004863739
YFL041W,YGR204W,0,-4.2608447,0.09280742704868317,1.0,0.9775000214576721
YGR028W,YBR104W,0,-4.2613316,0.09279881417751312,1.0,0.9775999784469604
YOR047C,YDR425W,0,-4.262267,0.09279020130634308,1.0,0.9776999950408936
YOL016C,YIL136W,0,-4.275482,0.09278158843517303,1.0,0.9778000116348267
YFR053C,YAL023C,0,-4.2786193,0.09277298301458359,1.0,0.9779000282287598
YDR471W,YDR342C,0,-4.2837286,0.09276437759399414,1.0,0.9779999852180481
YBL045C,YHR062C,0,-4.287674,0.0927557721734047,1.0,0.9781000018119812
YOL122C,YNR038W,0,-4.288606,0.09274717420339584,1.0,0.9782000184059143
YNR001C,YNL207W,0,-4.2904987,0.0927385687828064,1.0,0.9782999753952026
YPL271W,YIL027C,0,-4.299989,0.09272997081279755,1.0,0.9783999919891357
YIL078W,YHR016C,0,-4.3031526,0.0927213728427887,1.0,0.9785000085830688
YML070W,YOL120C,0,-4.304819,0.09271277487277985,1.0,0.978600025177002
YNL096C,YER142C,0,-4.314768,0.09270418435335159,1.0,0.9786999821662903
YLR175W,YDR165W,0,-4.3370137,0.09269558638334274,1.0,0.9787999987602234
YHR065C,YDL130W-A,0,-4.338181,0.09268699586391449,1.0,0.9789000153541565
YLR435W,YKL034W,0,-4.3399663,0.09267840534448624,1.0,0.9789999723434448
YDR003W,YKR081C,0,-4.3519764,0.09266981482505798,1.0,0.9790999889373779
YDR032C,YOL059W,0,-4.3623724,0.09266123175621033,1.0,0.979200005531311
YDL166C,YER119C,0,-4.3705716,0.09265264868736267,1.0,0.9793000221252441
YKL195W,YOR117W,0,-4.379532,0.09264405816793442,1.0,0.9793999791145325
YMR091C,YJR121W,0,-4.381098,0.09263548254966736,1.0,0.9794999957084656
YDL189W,YCR071C,0,-4.3820047,0.0926268994808197,1.0,0.9796000123023987
YNL206C,YPR124W,0,-4.393714,0.09261831641197205,1.0,0.9797000288963318
YPL186C,YJL052W,0,-4.4014072,0.09260974079370499,1.0,0.9797999858856201
YEL020W-A,YBR084W,0,-4.419511,0.09260116517543793,1.0,0.9799000024795532
YGR082W,YBR191W,0,-4.42536,0.09259258955717087,1.0,0.9800000190734863
YAL035W,YDL085W,0,-4.4254804,0.0925840213894844,1.0,0.9800999760627747
YPL030W,YDL004W,0,-4.4322796,0.09257544577121735,1.0,0.9801999926567078
YLR449W,YBR280C,0,-4.4339323,0.09256687760353088,1.0,0.9803000092506409
YPL173W,YPL101W,0,-4.436147,0.09255830943584442,1.0,0.980400025844574
YJR009C,YOR035C,0,-4.455385,0.09254974871873856,1.0,0.9804999828338623
YML081C-A,YDR412W,0,-4.4655094,0.0925411805510521,1.0,0.9805999994277954
YLR074C,YCL059C,0,-4.466109,0.09253261983394623,1.0,0.9807000160217285
YDR258C,YPL058C,0,-4.4685907,0.09252405911684036,1.0,0.9807999730110168
YMR256C,YEL026W,0,-4.4750977,0.0925154983997345,1.0,0.98089998960495
YKL193C,YPL030W,0,-4.479311,0.09250693768262863,1.0,0.9810000061988831
YHR170W,YOR001W,0,-4.4873815,0.09249838441610336,1.0,0.9811000227928162
YKL065C,YKL008C,0,-4.4918513,0.0924898236989975,1.0,0.9811999797821045
YGR244C,YPR086W,0,-4.5076933,0.09248127043247223,1.0,0.9812999963760376
YCR047C,YIR037W,0,-4.5149965,0.09247271716594696,1.0,0.9814000129699707
YDR515W,YLR060W,0,-4.5153785,0.09246417135000229,1.0,0.9815000295639038
YOR095C,YDR412W,0,-4.521653,0.09245561808347702,1.0,0.9815999865531921
YPL160W,YDR536W,0,-4.5341997,0.09244707226753235,1.0,0.9817000031471252
YMR195W,YKL065C,0,-4.5426645,0.09243852645158768,1.0,0.9818000197410583
YHL001W,YHR001W,0,-4.5440416,0.092429980635643,1.0,0.9818999767303467
YGL189C,YML063W,0,-4.555993,0.09242144227027893,1.0,0.9819999933242798
YIL148W,YGR076C,0,-4.5566883,0.09241290390491486,1.0,0.9821000099182129
YBR079C,YOL096C,0,-4.5747976,0.09240435808897018,1.0,0.982200026512146
YDR204W,YHL033C,0,-4.588316,0.0923958271741867,1.0,0.9822999835014343
YOR043W,YHR200W,0,-4.596527,0.09238728880882263,1.0,0.9824000000953674
YLR066W,YFL039C,0,-4.6129436,0.09237875044345856,1.0,0.9825000166893005
YMR142C,YNL154C,0,-4.6262035,0.09237021952867508,1.0,0.9825999736785889
YPR010C,YDR216W,0,-4.636518,0.0923616886138916,1.0,0.982699990272522
YNR012W,YDR513W,0,-4.661847,0.09235315769910812,1.0,0.9828000068664551
YER006W,YPL239W,0,-4.6812997,0.09234462678432465,1.0,0.9829000234603882
YLR406C,YEL059C-A,0,-4.6960573,0.09233610332012177,1.0,0.9829999804496765
YJL076W,YBR298C,0,-4.6997395,0.09232757985591888,1.0,0.9830999970436096
YPR133C,YEL060C,0,-4.70318,0.092319056391716,1.0,0.9832000136375427
YBR299W,YDL082W,0,-4.7079067,0.09231053292751312,1.0,0.983299970626831
YPL203W,YOR001W,0,-4.709708,0.09230200946331024,1.0,0.9833999872207642
YLR372W,YLR077W,0,-4.709936,0.09229349344968796,1.0,0.9835000038146973
YLR222C,YHR169W,0,-4.7198133,0.09228497743606567,1.0,0.9836000204086304
YDL067C,YOR332W,0,-4.72087,0.09227646142244339,1.0,0.9836999773979187
YDR032C,YKR048C,0,-4.727291,0.0922679454088211,1.0,0.9837999939918518
YJL122W,YKR092C,0,-4.7297397,0.09225943684577942,1.0,0.9839000105857849
YHL032C,YKL051W,0,-4.7312393,0.09225092083215714,1.0,0.984000027179718
YOR036W,YMR041C,0,-4.7463264,0.09224241226911545,1.0,0.9840999841690063
YGL255W,YBL021C,0,-4.7463427,0.09223390370607376,1.0,0.9842000007629395
YCL030C,YDR099W,0,-4.7545433,0.09222540259361267,1.0,0.9843000173568726
YJL180C,YDL229W,0,-4.757889,0.09221689403057098,1.0,0.9843999743461609
YLR432W,YDR256C,0,-4.7615824,0.0922083929181099,1.0,0.984499990940094
YHL004W,YGL016W,0,-4.7688513,0.0921998918056488,1.0,0.9846000075340271
YMR305C,YPL081W,0,-4.7772183,0.09219139069318771,1.0,0.9847000241279602
YDR148C,YPL207W,0,-4.7894144,0.09218288958072662,1.0,0.9847999811172485
YPR036W,YBR089C-A,0,-4.790052,0.09217439591884613,1.0,0.9848999977111816
YOR341W,YER096W,0,-4.8026185,0.09216590225696564,1.0,0.9850000143051147
YDR354W,YKR039W,0,-4.84257,0.09215740114450455,1.0,0.9850999712944031
YFR031C-A,YJR094W-A,0,-4.8476896,0.09214891493320465,1.0,0.9851999878883362
YOR234C,YPR184W,0,-4.85713,0.09214042127132416,1.0,0.9853000044822693
YDR430C,YML022W,0,-4.859126,0.09213193506002426,1.0,0.9854000210762024
YDR324C,YBR046C,0,-4.861582,0.09212344884872437,1.0,0.9854999780654907
YIL156W,YJL122W,0,-4.878067,0.09211496263742447,1.0,0.9855999946594238
YOL125W,YGR200C,0,-4.8913293,0.09210647642612457,1.0,0.9857000112533569
YOL139C,YMR297W,0,-4.89707,0.09209799021482468,1.0,0.98580002784729
YDR084C,YNL002C,0,-4.9028006,0.09208951145410538,1.0,0.9858999848365784
YGL208W,YGL189C,0,-4.9092174,0.09208103269338608,1.0,0.9860000014305115
YDR147W,YEL024W,0,-4.921132,0.09207255393266678,1.0,0.9861000180244446
YPL198W,YNL125C,0,-4.922406,0.09206407517194748,1.0,0.9861999750137329
YGL123W,YGR101W,0,-4.9231844,0.09205560386180878,1.0,0.986299991607666
YOL023W,YDR037W,0,-4.9772477,0.09204712510108948,1.0,0.9864000082015991
YHR043C,YMR309C,0,-4.9912124,0.09203865379095078,1.0,0.9865000247955322
YIL017C,YNL166C,0,-5.004285,0.09203018248081207,1.0,0.9865999817848206
YML127W,YDR342C,0,-5.0496807,0.09202171862125397,1.0,0.9866999983787537
YNL112W,YEL013W,0,-5.0552206,0.09201324731111526,1.0,0.9868000149726868
YHR089C,YKL150W,0,-5.0996094,0.09200478345155716,1.0,0.9868999719619751
YOR348C,YPR102C,0,-5.1012087,0.09199631959199905,1.0,0.9869999885559082
YLR222C,YHR171W,0,-5.1349583,0.09198785573244095,1.0,0.9871000051498413
YLR222C,YFL002C,0,-5.1415544,0.09197939932346344,1.0,0.9872000217437744
YGL232W,YBR054W,0,-5.1415787,0.09197093546390533,1.0,0.9872999787330627
YOR173W,YAL061W,0,-5.17692,0.09196247905492783,1.0,0.9873999953269958
YKL056C,YNR016C,0,-5.207085,0.09195402264595032,1.0,0.987500011920929
YKR065C,YOR361C,0,-5.209815,0.09194556623697281,1.0,0.9876000285148621
YDR287W,YKL081W,0,-5.2539864,0.0919371172785759,1.0,0.9876999855041504
YDL166C,YDL130W-A,0,-5.2744484,0.09192866086959839,1.0,0.9878000020980835
YDR300C,YBR207W,0,-5.275876,0.09192021191120148,1.0,0.9879000186920166
YGR211W,YGR101W,0,-5.278368,0.09191176295280457,1.0,0.9879999756813049
YLR432W,YDL008W,0,-5.279705,0.09190331399440765,1.0,0.988099992275238
YDR197W,YPR143W,0,-5.29587,0.09189487248659134,1.0,0.9882000088691711
YDL130W,YKL006W,0,-5.302654,0.09188643097877502,1.0,0.9883000254631042
YDR270W,YOR241W,0,-5.3027487,0.09187798947095871,1.0,0.9883999824523926
YLR175W,YNL185C,0,-5.3223176,0.0918695479631424,1.0,0.9884999990463257
YKL181W,YBL021C,0,-5.336519,0.09186110645532608,1.0,0.9886000156402588
YKL167C,YLR340W,0,-5.350293,0.09185266494750977,1.0,0.9886999726295471
YDL130W,YGR148C,0,-5.378313,0.09184423089027405,1.0,0.9887999892234802
YGL009C,YER042W,0,-5.4445295,0.09183579683303833,1.0,0.9889000058174133
YNL112W,YPL126W,0,-5.4725723,0.09182736277580261,1.0,0.9890000224113464
YGR271C-A,YDR216W,0,-5.4816027,0.09181893616914749,1.0,0.9890999794006348
YFR003C,YNL132W,0,-5.506441,0.09181050211191177,1.0,0.9891999959945679
YCL030C,YMR251W-A,0,-5.53458,0.09180207550525665,1.0,0.989300012588501
YCL054W,YMR053C,0,-5.548646,0.09179364889860153,1.0,0.9894000291824341
YGR240C,YMR135C,0,-5.5700035,0.09178522229194641,1.0,0.9894999861717224
YBL099W,YGR158C,0,-5.6302958,0.09177679568529129,1.0,0.9896000027656555
YIL157C,YKR081C,0,-5.647061,0.09176837652921677,1.0,0.9897000193595886
YJL045W,YNL069C,0,-5.6702,0.09175995737314224,1.0,0.989799976348877
YJL122W,YGR181W,0,-5.6768847,0.09175153821706772,1.0,0.9898999929428101
YBL087C,YOL120C,0,-5.678316,0.0917431190609932,1.0,0.9900000095367432
YLR175W,YDR100W,0,-5.6907697,0.09173469990491867,1.0,0.9901000261306763
YOL127W,YHL035C,0,-5.707897,0.09172628819942474,1.0,0.9901999831199646
YOR234C,YMR230W,0,-5.7119284,0.09171787649393082,1.0,0.9902999997138977
YIL052C,YMR230W,0,-5.7195354,0.09170946478843689,1.0,0.9904000163078308
YDR316W,YHR064C,0,-5.7363462,0.09170105308294296,1.0,0.9904999732971191
YNL220W,YGR231C,0,-5.76801,0.09169264882802963,1.0,0.9905999898910522
YLR093C,YNL056W,0,-5.769264,0.0916842371225357,1.0,0.9907000064849854
YLR074C,YNL308C,0,-5.789053,0.09167583286762238,1.0,0.9908000230789185
YJL189W,YPR140W,0,-5.789363,0.09166742861270905,1.0,0.9908999800682068
YPR100W,YGL171W,0,-5.8257575,0.09165903180837631,1.0,0.9909999966621399
YGR192C,YGR046W,0,-5.897812,0.09165062755346298,1.0,0.991100013256073
YMR205C,YIL157C,0,-5.9030657,0.09164223074913025,1.0,0.9911999702453613
YMR014W,YDR074W,0,-5.914958,0.09163383394479752,1.0,0.9912999868392944
YCR034W,YDR511W,0,-5.9278336,0.09162543714046478,1.0,0.9914000034332275
YNL185C,YDL082W,0,-5.944472,0.09161704033613205,1.0,0.9915000200271606
YDL226C,YFR049W,0,-6.0032215,0.09160865098237991,1.0,0.991599977016449
YDR037W,YNL306W,0,-6.0357633,0.09160025417804718,1.0,0.9916999936103821
YHR116W,YMR242C,0,-6.040498,0.09159186482429504,1.0,0.9918000102043152
YER141W,YGR158C,0,-6.0988064,0.09158347547054291,1.0,0.9919000267982483
YAL001C,YJL048C,0,-6.108203,0.09157509356737137,1.0,0.9919999837875366
YPL118W,YGL099W,0,-6.1222763,0.09156670421361923,1.0,0.9921000003814697
YML025C,YDR382W,0,-6.168141,0.09155832231044769,1.0,0.9922000169754028
YEL050C,YOR091W,0,-6.1851735,0.09154994040727615,1.0,0.9922999739646912
YDR398W,YKR067W,0,-6.2016687,0.09154155850410461,1.0,0.9923999905586243
YGL031C,YCR024C,0,-6.209857,0.09153318405151367,1.0,0.9925000071525574
YDR347W,YBL072C,0,-6.2219977,0.09152480214834213,1.0,0.9926000237464905
YDR361C,YOR158W,0,-6.225116,0.09151642769575119,1.0,0.9926999807357788
YEL020W-A,YDR158W,0,-6.234459,0.09150805324316025,1.0,0.9927999973297119
YJL104W,YPL079W,0,-6.2403164,0.0914996787905693,1.0,0.992900013923645
YDR361C,YJR041C,0,-6.262135,0.09149131178855896,1.0,0.9929999709129333
YEL021W,YMR318C,0,-6.263088,0.09148293733596802,1.0,0.9930999875068665
YBR171W,YJR048W,0,-6.2821827,0.09147457033395767,1.0,0.9932000041007996
YLR150W,YOL033W,0,-6.2942734,0.09146620333194733,1.0,0.9933000206947327
YDR300C,YMR282C,0,-6.299093,0.09145783632993698,1.0,0.993399977684021
YDR120C,YPR155C,0,-6.321887,0.09144947677850723,1.0,0.9934999942779541
YIL053W,YGL191W,0,-6.4328685,0.09144110977649689,1.0,0.9936000108718872
YNR053C,YER058W,0,-6.4443717,0.09143275022506714,1.0,0.9937000274658203
YPL026C,YGL213C,0,-6.4457965,0.09142439067363739,1.0,0.9937999844551086
YGL078C,YDR316W,0,-6.448628,0.09141603112220764,1.0,0.9939000010490417
YOR046C,YDR347W,0,-6.4528003,0.09140767902135849,1.0,0.9940000176429749
YPL086C,YEL024W,0,-6.4850526,0.09139932692050934,1.0,0.9940999746322632
YBL064C,YGL099W,0,-6.4935303,0.09139096736907959,1.0,0.9941999912261963
YPL006W,YDL051W,0,-6.494986,0.09138262271881104,1.0,0.9943000078201294
YJR019C,YDR086C,0,-6.496129,0.09137427061796188,1.0,0.9944000244140625
YCR035C,YGR244C,0,-6.513964,0.09136591851711273,1.0,0.9944999814033508
YCR048W,YML091C,0,-6.540284,0.09135757386684418,1.0,0.9945999979972839
YPL097W,YML026C,0,-6.5521145,0.09134922921657562,1.0,0.994700014591217
YDR077W,YGR094W,0,-6.578658,0.09134088456630707,1.0,0.9947999715805054
YJL102W,YBL024W,0,-6.5825667,0.09133253991603851,1.0,0.9948999881744385
YDR347W,YGR128C,0,-6.587178,0.09132420271635056,1.0,0.9950000047683716
YOR150W,YJL136C,0,-6.6219864,0.091315858066082,1.0,0.9951000213623047
YPR020W,YLR388W,0,-6.625517,0.09130752086639404,1.0,0.995199978351593
YNL173C,YDR050C,0,-6.6382,0.09129919111728668,1.0,0.9952999949455261
YLR201C,YDL112W,0,-6.6387463,0.09129085391759872,1.0,0.9954000115394592
YKL056C,YJR077C,0,-6.667207,0.09128251671791077,1.0,0.9955000281333923
YGL234W,YBL021C,0,-6.6766396,0.0912741869688034,1.0,0.9955999851226807
YPL271W,YNL123W,0,-6.7352114,0.09126585721969604,1.0,0.9957000017166138
YGR174C,YIL074C,0,-6.7796116,0.09125752747058868,1.0,0.9958000183105469
YCL030C,YCR079W,0,-6.8595924,0.09124920517206192,1.0,0.9958999752998352
YPL012W,YIL098C,0,-6.909498,0.09124087542295456,1.0,0.9959999918937683
YGR061C,YDR322W,0,-6.9558096,0.0912325531244278,1.0,0.9961000084877014
YKL109W,YOR332W,0,-7.0105963,0.09122423082590103,1.0,0.9962000250816345
YGR271C-A,YGR062C,0,-7.056058,0.09121590852737427,1.0,0.9962999820709229
YHR196W,YGL227W,0,-7.082444,0.0912075862288475,1.0,0.996399998664856
YIL053W,YNL125C,0,-7.088278,0.09119927138090134,1.0,0.9965000152587891
YHR089C,YGL196W,0,-7.139491,0.09119095653295517,1.0,0.9965999722480774
YDL213C,YKR081C,0,-7.2849197,0.091182641685009,1.0,0.9966999888420105
YHR025W,YDR148C,0,-7.356764,0.09117432683706284,1.0,0.9968000054359436
YGL031C,YAL008W,0,-7.3679914,0.09116601198911667,1.0,0.9969000220298767
YDR148C,YOR063W,0,-7.37298,0.0911577045917511,1.0,0.996999979019165
YOR167C,YJL003W,0,-7.4232626,0.09114939719438553,1.0,0.9970999956130981
YML129C,YLR083C,0,-7.5168486,0.09114108979701996,1.0,0.9972000122070312
YNR007C,YGR162W,0,-7.582203,0.09113278239965439,1.0,0.9973000288009644
YOR167C,YLR439W,0,-7.6443806,0.09112447500228882,1.0,0.9973999857902527
YPR155C,YOR272W,0,-7.8873434,0.09111617505550385,1.0,0.9975000023841858
YDR197W,YDL051W,0,-7.8972397,0.09110787510871887,1.0,0.9976000189781189
YJL189W,YDR148C,0,-8.040032,0.0910995751619339,1.0,0.9976999759674072
YJL177W,YOL033W,0,-8.145341,0.09109127521514893,1.0,0.9977999925613403
YKL006W,YBL022C,0,-8.18874,0.09108297526836395,1.0,0.9979000091552734
YDR156W,YOR158W,0,-8.279284,0.09107468277215958,1.0,0.9980000257492065
YJL180C,YOL139C,0,-8.328288,0.0910663902759552,1.0,0.9980999827384949
YGR128C,YGL040C,0,-8.33493,0.09105809777975082,1.0,0.998199999332428
YKL081W,YGR132C,0,-8.370441,0.09104980528354645,1.0,0.9983000159263611
YGL078C,YGL040C,0,-8.413964,0.09104151278734207,1.0,0.9983999729156494
YBR046C,YLR048W,0,-8.414299,0.09103322774171829,1.0,0.9984999895095825
YHR147C,YJL177W,0,-8.467618,0.09102494269609451,1.0,0.9986000061035156
YJR019C,YMR205C,0,-8.620727,0.09101665765047073,1.0,0.9987000226974487
YDL081C,YIL162W,0,-8.775764,0.09100837260484695,1.0,0.9987999796867371
YLR249W,YJL096W,0,-8.813656,0.09100008755922318,1.0,0.9988999962806702
YPR047W,YPR110C,0,-8.898938,0.09099180996417999,1.0,0.9990000128746033
YLR432W,YLL009C,0,-8.934934,0.09098353236913681,1.0,0.9991000294685364
YFR031C-A,YHR091C,0,-9.223155,0.09097525477409363,1.0,0.9991999864578247
YHR037W,YGR094W,0,-9.475825,0.09096697717905045,1.0,0.9993000030517578
YGL147C,YDR270W,0,-9.573974,0.09095870703458786,1.0,0.9994000196456909
YDL130W,YFR049W,0,-9.657362,0.09095042943954468,1.0,0.9994999766349792
YMR142C,YKL087C,0,-10.114224,0.09094215929508209,1.0,0.9995999932289124
YBL064C,YDL072C,0,-10.265142,0.0909338891506195,1.0,0.9997000098228455
YBR069C,YMR290C,0,-10.927191,0.09092562645673752,1.0,0.9998000264167786
YNL132W,YNL037C,0,-12.077429,0.09091735631227493,1.0,0.9998999834060669
YNL037C,YLR367W,0,-12.618364,0.09090909361839294,1.0,1.0
