Gene A,Gene B,Label,Score,Precision,Recall,False Positive Rate
YDR446W,YPR007C,1,-0.21689568,1.0,0.0011074197245761752,0.0
YDR446W,YHR014W,1,-0.23919272,1.0,0.0022148394491523504,0.0
YCR086W,YBR250W,1,-0.25223318,1.0,0.003322259057313204,0.0
YDL115C,YBR250W,1,-0.35361907,1.0,0.004429678898304701,0.0
YBR250W,YOR313C,1,-0.42769998,1.0,0.005537098739296198,0.0
YBR250W,YDR369C,1,-0.5474534,1.0,0.006644518114626408,0.0
YOR351C,YPR007C,1,-0.6957058,1.0,0.007751937955617905,0.0
YDR437W,YPL155C,0,-0.6983818,0.875,0.007751937955617905,0.00011074197391280904
YOR351C,YHR014W,1,-0.7416192,0.8888888955116272,0.008859357796609402,0.00011074197391280904
YNL250W,YPR007C,1,-0.89143085,0.8999999761581421,0.009966777637600899,0.00011074197391280904
YJL146W,YBR250W,1,-0.90091705,0.9090909361839294,0.011074197478592396,0.00011074197391280904
YOR351C,YGL249W,1,-0.9205204,0.9166666865348816,0.012181616388261318,0.00011074197391280904
YOR351C,YNL250W,1,-0.9617145,0.9230769276618958,0.013289036229252815,0.00011074197391280904
YDR446W,YLR234W,1,-0.9662403,0.9285714030265808,0.014396456070244312,0.00011074197391280904
YBR250W,YDR285W,1,-0.9776398,0.9333333373069763,0.01550387591123581,0.00011074197391280904
YOR351C,YHR157W,1,-1.0317943,0.9375,0.016611294820904732,0.00011074197391280904
YOR351C,YDR285W,1,-1.0678976,0.9411764740943909,0.017718715593218803,0.00011074197391280904
YPR007C,YMR190C,1,-1.1733458,0.9444444179534912,0.018826134502887726,0.00011074197391280904
YBR250W,YLR234W,1,-1.225511,0.9473684430122375,0.019933555275201797,0.00011074197391280904
YHR014W,YLR234W,1,-1.2323612,0.949999988079071,0.02104097418487072,0.00011074197391280904
YDR285W,YGL249W,1,-1.2997258,0.9523809552192688,0.02214839495718479,0.00011074197391280904
YDR446W,YOR351C,1,-1.3093127,0.9545454382896423,0.023255813866853714,0.00011074197391280904
YPR007C,YHR014W,1,-1.379252,0.95652174949646,0.024363232776522636,0.00011074197391280904
YIL132C,YBR250W,1,-1.3952059,0.9583333134651184,0.025470653548836708,0.00011074197391280904
YOR351C,YBR250W,1,-1.4070592,0.9599999785423279,0.02657807245850563,0.00011074197391280904
YCR086W,YDR446W,1,-1.4186993,0.9615384340286255,0.027685493230819702,0.00011074197391280904
YIL132C,YPR007C,1,-1.4296548,0.9629629850387573,0.028792912140488625,0.00011074197391280904
YIL132C,YOR351C,1,-1.432425,0.9642857313156128,0.029900332912802696,0.00011074197391280904
YPR005C,YOL095C,0,-1.4368008,0.931034505367279,0.029900332912802696,0.0002214839478256181
YHR014W,YBR250W,1,-1.451118,0.9333333373069763,0.03100775182247162,0.0002214839478256181
YCR086W,YHR014W,1,-1.4570069,0.9354838728904724,0.03211517259478569,0.0002214839478256181
YOR073W,YDR369C,1,-1.4696903,0.9375,0.033222589641809464,0.0002214839478256181
YHR152W,YLR234W,1,-1.4812758,0.939393937587738,0.034330010414123535,0.0002214839478256181
YBR250W,YNL025C,1,-1.5123734,0.9411764740943909,0.03543743118643761,0.0002214839478256181
YBR250W,YGL249W,1,-1.5559076,0.9428571462631226,0.03654485195875168,0.0002214839478256181
YKL108W,YCL069W,0,-1.5656102,0.9166666865348816,0.03654485195875168,0.0003322258999105543
YPR007C,YGL249W,1,-1.5707096,0.9189189076423645,0.03765226900577545,0.0003322258999105543
YCR086W,YPR007C,1,-1.5911789,0.9210526347160339,0.03875968977808952,0.0003322258999105543
YOR351C,YDR369C,1,-1.5987034,0.9230769276618958,0.039867110550403595,0.0003322258999105543
YDR488C,YCR014C,0,-1.6181748,0.8999999761581421,0.039867110550403595,0.0004429678956512362
YCR086W,YOR313C,1,-1.6414385,0.9024389982223511,0.04097452759742737,0.0004429678956512362
YDR446W,YBR250W,1,-1.6512897,0.9047619104385376,0.04208194836974144,0.0004429678956512362
YIL013C,YDL244W,0,-1.6649815,0.8837209343910217,0.04208194836974144,0.0005537098622880876
YNL250W,YGL249W,1,-1.6654235,0.8863636255264282,0.04318936914205551,0.0005537098622880876
YMR190C,YDR285W,1,-1.682236,0.8888888955116272,0.04429678991436958,0.0005537098622880876
YOR073W,YBR250W,1,-1.7005213,0.8913043737411499,0.045404206961393356,0.0005537098622880876
YNL250W,YHR014W,1,-1.7637331,0.8936170339584351,0.04651162773370743,0.0005537098622880876
YMR204C,YLR368W,0,-1.7652862,0.875,0.04651162773370743,0.0006644517998211086
YCR086W,YIL132C,1,-1.7684495,0.8775510191917419,0.0476190485060215,0.0006644517998211086
YPR007C,YDR285W,1,-1.7974987,0.8799999952316284,0.04872646555304527,0.0006644517998211086
YIL132C,YHR014W,1,-1.7999332,0.8823529481887817,0.049833886325359344,0.0006644517998211086
YNL025C,YDR285W,1,-1.8010904,0.8846153616905212,0.050941307097673416,0.0006644517998211086
YPR007C,YLR234W,1,-1.831953,0.8867924809455872,0.05204872786998749,0.0006644517998211086
YOR073W,YDR285W,1,-1.8331623,0.8888888955116272,0.05315614491701126,0.0006644517998211086
YMR198W,YGL249W,1,-1.8775572,0.8909090757369995,0.05426356568932533,0.0006644517998211086
YDR446W,YNL250W,1,-1.8968313,0.8928571343421936,0.055370986461639404,0.0006644517998211086
YOR351C,YNL025C,1,-1.9173455,0.8947368264198303,0.05647840350866318,0.0006644517998211086
YBR040W,YMR101C,0,-1.92978,0.8793103694915771,0.05647840350866318,0.0007751937955617905
YBR250W,YPL139C,1,-1.9354984,0.8813559412956238,0.05758582428097725,0.0007751937955617905
YMR190C,YBR250W,1,-1.94479,0.8833333253860474,0.05869324505329132,0.0007751937955617905
YOR030W,YOR003W,0,-1.9558659,0.868852436542511,0.05869324505329132,0.0008859357913024724
YHR014W,YDR285W,1,-1.9650708,0.8709677457809448,0.05980066582560539,0.0008859357913024724
YPR140W,YMR218C,0,-1.9655125,0.8571428656578064,0.05980066582560539,0.0009966777870431542
YOR351C,YER095W,1,-1.9749935,0.859375,0.060908082872629166,0.0009966777870431542
YHR014W,YNL025C,1,-1.981585,0.8615384697914124,0.06201550364494324,0.0009966777870431542
YHR157W,YBR250W,1,-1.9996266,0.8636363744735718,0.06312292069196701,0.0009966777870431542
YNR056C,YHL025W,0,-2.0223937,0.8507462739944458,0.06312292069196701,0.0011074197245761752
YKR019C,YFR048W,0,-2.0241327,0.8382353186607361,0.06312292069196701,0.0012181616621091962
YNL250W,YLR234W,1,-2.0397544,0.8405796885490417,0.06423034518957138,0.0012181616621091962
YOR351C,YLR234W,1,-2.0419831,0.8428571224212646,0.06533776223659515,0.0012181616621091962
YOR073W,YHR014W,1,-2.0447545,0.8450704216957092,0.06644517928361893,0.0012181616621091962
YMR190C,YHR014W,1,-2.0451021,0.8472222089767456,0.0675526037812233,0.0012181616621091962
YJL058C,YDR437W,0,-2.045392,0.835616409778595,0.0675526037812233,0.0013289035996422172
YNL250W,YDR285W,1,-2.0495563,0.837837815284729,0.06866002082824707,0.0013289035996422172
YER095W,YDR285W,1,-2.0513382,0.8399999737739563,0.06976744532585144,0.0013289035996422172
YHR157W,YPR007C,1,-2.0650191,0.8421052694320679,0.07087486237287521,0.0013289035996422172
YOL067C,YDR407C,0,-2.0713995,0.8311688303947449,0.07087486237287521,0.00143964565359056
YNL250W,YBR250W,1,-2.075781,0.8333333134651184,0.07198227941989899,0.00143964565359056
YOL060C,YMR182C,0,-2.0819612,0.8227847814559937,0.07198227941989899,0.001550387591123581
YPL022W,YBR250W,1,-2.1023993,0.824999988079071,0.07308970391750336,0.001550387591123581
YML095C,YBR250W,1,-2.1098835,0.8271604776382446,0.07419712096452713,0.001550387591123581
YDR254W,YMR287C,0,-2.1161113,0.8170731663703918,0.07419712096452713,0.001661129528656602
YIL132C,YDR446W,1,-2.1231174,0.8192771077156067,0.0753045380115509,0.001661129528656602
YNL318C,YDL120W,0,-2.1312943,0.8095238208770752,0.0753045380115509,0.0017718715826049447
YIL132C,YDR285W,1,-2.1373723,0.8117647171020508,0.07641196250915527,0.0017718715826049447
YHR152W,YBR250W,1,-2.1563315,0.8139534592628479,0.07751937955617905,0.0017718715826049447
YIL132C,YJL146W,1,-2.1594589,0.8160919547080994,0.07862679660320282,0.0017718715826049447
YPL155C,YER116C,0,-2.1624277,0.8068181872367859,0.07862679660320282,0.0018826135201379657
YER065C,YDR160W,0,-2.1702065,0.7977527976036072,0.07862679660320282,0.0019933555740863085
YCR086W,YDR285W,1,-2.188445,0.800000011920929,0.07973422110080719,0.0019933555740863085
YFR048W,YCL069W,0,-2.1898973,0.791208803653717,0.07973422110080719,0.0021040975116193295
YJL074C,YDR285W,1,-2.1911561,0.79347825050354,0.08084163814783096,0.0021040975116193295
YER095W,YPR007C,1,-2.2054896,0.7956989407539368,0.08194905519485474,0.0021040975116193295
YDR446W,YGL249W,1,-2.2210696,0.7978723645210266,0.0830564796924591,0.0021040975116193295
YNR056C,YOR256C,0,-2.2213354,0.7894737124443054,0.0830564796924591,0.0022148394491523504
YNL250W,YNL025C,1,-2.22275,0.7916666865348816,0.08416389673948288,0.0022148394491523504
YGR213C,YER161C,0,-2.2258067,0.7835051417350769,0.08416389673948288,0.0023255813866853714
YHR152W,YDR369C,1,-2.2294784,0.7857142686843872,0.08527132123708725,0.0023255813866853714
YPR007C,YDR369C,1,-2.254718,0.7878788113594055,0.08637873828411102,0.0023255813866853714
YOR030W,YGL063W,0,-2.2603025,0.7799999713897705,0.08637873828411102,0.0024363233242183924
YBR290W,YKR019C,0,-2.264645,0.7722772359848022,0.08637873828411102,0.0025470652617514133
YDR446W,YDR285W,1,-2.2713284,0.7745097875595093,0.0874861553311348,0.0025470652617514133
YNL025C,YGL249W,1,-2.2751362,0.7766990065574646,0.08859357982873917,0.0025470652617514133
YDR022C,YCL069W,0,-2.284683,0.7692307829856873,0.08859357982873917,0.0026578071992844343
YCR086W,YLR234W,1,-2.2877018,0.7714285850524902,0.08970099687576294,0.0026578071992844343
YJL146W,YHR152W,1,-2.3006392,0.7735849022865295,0.09080841392278671,0.0026578071992844343
YCR082W,YOL067C,0,-2.306242,0.7663551568984985,0.09080841392278671,0.002768549369648099
YDR446W,YOR073W,1,-2.307839,0.7685185074806213,0.09191583842039108,0.002768549369648099
YPL032C,YPL020C,0,-2.3098388,0.7614678740501404,0.09191583842039108,0.00287929130718112
YNL278W,YNL293W,0,-2.3148274,0.7545454502105713,0.09191583842039108,0.002990033244714141
YML095C,YER095W,1,-2.3159509,0.7567567825317383,0.09302325546741486,0.002990033244714141
YMR199W,YKR020W,0,-2.325705,0.75,0.09302325546741486,0.003100775182247162
YMR190C,YLR234W,1,-2.3266938,0.752212405204773,0.09413067251443863,0.003100775182247162
YPL270W,YDL244W,0,-2.3279307,0.7456140518188477,0.09413067251443863,0.003211517119780183
YPR178W,YOL067C,0,-2.3296645,0.739130437374115,0.09413067251443863,0.003322259057313204
YDR446W,YER095W,1,-2.3299093,0.7413793206214905,0.095238097012043,0.003322259057313204
YPR007C,YNL025C,1,-2.3410602,0.7435897588729858,0.09634551405906677,0.003322259057313204
YDR108W,YPR007C,1,-2.3440216,0.7457627058029175,0.09745293110609055,0.003322259057313204
YKL179C,YPL097W,0,-2.3484473,0.7394958138465881,0.09745293110609055,0.003433000994846225
YHR014W,YGL249W,1,-2.352791,0.7416666746139526,0.09856035560369492,0.003433000994846225
YDL115C,YOR351C,1,-2.3549454,0.7438016533851624,0.09966777265071869,0.003433000994846225
YFL037W,YDR285W,1,-2.365279,0.7459016442298889,0.10077519714832306,0.003433000994846225
YJL058C,YPL032C,0,-2.3778694,0.7398374080657959,0.10077519714832306,0.0035437431652098894
YDR446W,YHR157W,1,-2.3782787,0.7419354915618896,0.10188261419534683,0.0035437431652098894
YNL279W,YKL108W,0,-2.3804622,0.7360000014305115,0.10188261419534683,0.0036544851027429104
YCR086W,YOR073W,1,-2.3814375,0.738095223903656,0.1029900312423706,0.0036544851027429104
YPR030W,YOR216C,0,-2.3840318,0.7322834730148315,0.1029900312423706,0.0037652270402759314
YHR157W,YDR285W,1,-2.3849037,0.734375,0.10409745573997498,0.0037652270402759314
YCR086W,YOR351C,1,-2.3855593,0.7364341020584106,0.10520487278699875,0.0037652270402759314
YPR007C,YOR313C,1,-2.386481,0.7384615540504456,0.10631228983402252,0.0037652270402759314
YML095C,YPR007C,1,-2.3914711,0.7404580116271973,0.10741971433162689,0.0037652270402759314
YMR204C,YPL155C,0,-2.3919287,0.7348484992980957,0.10741971433162689,0.0038759689778089523
YMR204C,YLR288C,0,-2.4082065,0.7293233275413513,0.10741971433162689,0.003986711148172617
YMR068W,YDR437W,0,-2.4092312,0.7238805890083313,0.10741971433162689,0.004097452852874994
YOR147W,YOL067C,0,-2.4103332,0.7185184955596924,0.10741971433162689,0.004208195023238659
YDR254W,YBR020W,0,-2.4113505,0.7132353186607361,0.10741971433162689,0.004318936727941036
YOR354C,YBR250W,1,-2.4178424,0.7153284549713135,0.10852713137865067,0.004318936727941036
YIL132C,YBR136W,1,-2.437333,0.717391312122345,0.10963454842567444,0.004318936727941036
YIL132C,YHR157W,1,-2.4379919,0.7194244861602783,0.11074197292327881,0.004318936727941036
YJR089W,YHR091C,0,-2.4400017,0.7142857313156128,0.11074197292327881,0.004429678898304701
YOR351C,YMR190C,1,-2.441318,0.716312050819397,0.11184938997030258,0.004429678898304701
YOR073W,YLR234W,1,-2.4502413,0.7183098793029785,0.11295680701732635,0.004429678898304701
YPR007C,YJL074C,1,-2.4566379,0.7202796936035156,0.11406423151493073,0.004429678898304701
YML095C,YHR152W,1,-2.459472,0.7222222089767456,0.1151716485619545,0.004429678898304701
YPR111W,YAL030W,0,-2.4606996,0.7172414064407349,0.1151716485619545,0.004540420603007078
YKL108W,YDR247W,0,-2.4629085,0.7123287916183472,0.1151716485619545,0.004651162773370743
YFL056C,YDL030W,0,-2.4661274,0.7074829936027527,0.1151716485619545,0.004761904943734407
YDR446W,YBR136W,1,-2.4724002,0.7094594836235046,0.11627907305955887,0.004761904943734407
YHR157W,YGL249W,1,-2.4928298,0.7114093899726868,0.11738649010658264,0.004761904943734407
YNL223W,YPL167C,0,-2.4949226,0.7066666483879089,0.11738649010658264,0.004872646648436785
YER095W,YHR014W,1,-2.4970586,0.7086092829704285,0.11849390715360641,0.004872646648436785
YDR108W,YGL249W,1,-2.4994874,0.7105262875556946,0.11960133165121078,0.004872646648436785
YDR446W,YNL025C,1,-2.5003963,0.7124183177947998,0.12070874869823456,0.004872646648436785
YBR020W,YDL244W,0,-2.5127435,0.7077922224998474,0.12070874869823456,0.004983388818800449
YOR032C,YMR313C,0,-2.5149446,0.7032257914543152,0.12070874869823456,0.005094130523502827
YOL067C,YMR101C,0,-2.5166745,0.6987179517745972,0.12070874869823456,0.005204872693866491
YPR178W,YMR182C,0,-2.516796,0.6942675113677979,0.12070874869823456,0.005315614398568869
YDR358W,YHR091C,0,-2.5169892,0.6898733973503113,0.12070874869823456,0.005426356568932533
YMR199W,YBL025W,0,-2.5191875,0.6855345964431763,0.12070874869823456,0.005537098739296198
YPR005C,YGR133W,0,-2.5200171,0.6812499761581421,0.12070874869823456,0.005647840443998575
YER095W,YGL249W,1,-2.524135,0.6832298040390015,0.12181616574525833,0.005647840443998575
YDR108W,YLR234W,1,-2.5262566,0.6851851940155029,0.1229235902428627,0.005647840443998575
YDR446W,YDR369C,1,-2.5278845,0.6871165633201599,0.12403100728988647,0.005647840443998575
YOR351C,YOR073W,1,-2.5414908,0.6890243887901306,0.12513843178749084,0.005647840443998575
YJL036W,YOR003W,0,-2.543962,0.6848484873771667,0.12513843178749084,0.00575858261436224
YNL025C,YLR234W,1,-2.5456514,0.6867470145225525,0.12624584138393402,0.00575858261436224
YDR108W,YER095W,1,-2.5465329,0.688622772693634,0.1273532658815384,0.00575858261436224
YOL095C,YCL069W,0,-2.5465398,0.6845238208770752,0.1273532658815384,0.005869324319064617
YBR040W,YDR356W,0,-2.5470579,0.6804733872413635,0.1273532658815384,0.005980066489428282
YHR014W,YDR369C,1,-2.5479007,0.6823529601097107,0.12846069037914276,0.005980066489428282
YDR446W,YMR190C,1,-2.5564892,0.6842105388641357,0.12956809997558594,0.005980066489428282
YCR014C,YKR020W,0,-2.560093,0.680232584476471,0.12956809997558594,0.006090808194130659
YNL250W,YHR157W,1,-2.563373,0.6820809245109558,0.1306755244731903,0.006090808194130659
YOR313C,YGL249W,1,-2.5643306,0.6839080452919006,0.13178294897079468,0.006090808194130659
YOR250C,YOR032C,0,-2.56549,0.6800000071525574,0.13178294897079468,0.006201550364494324
YLR114C,YMR101C,0,-2.5763948,0.6761363744735718,0.13178294897079468,0.006312292534857988
YKL032C,YGR270W,0,-2.581574,0.6723163723945618,0.13178294897079468,0.006423034239560366
YJR119C,YGR213C,0,-2.582603,0.6685393452644348,0.13178294897079468,0.00653377640992403
YIL132C,YOR313C,1,-2.5831993,0.6703910827636719,0.13289035856723785,0.00653377640992403
YHR152W,YHR014W,1,-2.5845733,0.6722221970558167,0.13399778306484222,0.00653377640992403
YBL069W,YNL278W,0,-2.5915756,0.6685082912445068,0.13399778306484222,0.006644518114626408
YLR399C,YDR369C,1,-2.6002185,0.6703296899795532,0.1351052075624466,0.006644518114626408
YMR198W,YIL132C,1,-2.6051989,0.6721311211585999,0.13621261715888977,0.006644518114626408
YPL042C,YDR369C,1,-2.605382,0.6739130616188049,0.13732004165649414,0.006644518114626408
YPR111W,YHR091C,0,-2.6058862,0.6702702641487122,0.13732004165649414,0.006755260284990072
YLR386W,YPL144W,0,-2.6066582,0.6666666865348816,0.13732004165649414,0.00686600198969245
YJL146W,YOR229W,1,-2.6123097,0.6684492230415344,0.1384274661540985,0.00686600198969245
YDR437W,YMR234W,0,-2.6221633,0.664893627166748,0.1384274661540985,0.006976744160056114
YIL004C,YIR019C,0,-2.6244614,0.6613756418228149,0.1384274661540985,0.007087486330419779
YDL101C,YCL069W,0,-2.6274142,0.6578947305679321,0.1384274661540985,0.007198228035122156
YDR369C,YGL249W,1,-2.629029,0.6596858501434326,0.13953489065170288,0.007198228035122156
YMR204C,YJL036W,0,-2.6319873,0.65625,0.13953489065170288,0.007308970205485821
YMR198W,YBR250W,1,-2.6352491,0.6580311059951782,0.14064230024814606,0.007308970205485821
YPL161C,YMR101C,0,-2.63552,0.6546391844749451,0.14064230024814606,0.007419711910188198
YIR019C,YDR150W,0,-2.6363308,0.6512820720672607,0.14064230024814606,0.007530454080551863
YBR250W,YPL042C,1,-2.6440296,0.6530612111091614,0.14174972474575043,0.007530454080551863
YIR019C,YGR133W,0,-2.6467972,0.6497461795806885,0.14174972474575043,0.00764119578525424
YPR007C,YBR250W,1,-2.653431,0.6515151262283325,0.1428571492433548,0.00764119578525424
YHR152W,YDR285W,1,-2.6565986,0.6532663106918335,0.14396455883979797,0.00764119578525424
YMR287C,YPR005C,0,-2.6571045,0.6499999761581421,0.14396455883979797,0.007751937955617905
YDR108W,YBR250W,1,-2.6582422,0.6517412662506104,0.14507198333740234,0.007751937955617905
YNR056C,YLR212C,0,-2.6605859,0.6485148668289185,0.14507198333740234,0.007862679660320282
YOR073W,YOR313C,1,-2.6643124,0.6502463221549988,0.1461794078350067,0.007862679660320282
YIL048W,YER111C,0,-2.6723614,0.6470588445663452,0.1461794078350067,0.007973422296345234
YHR157W,YNL025C,1,-2.6729941,0.6487804651260376,0.1472868174314499,0.007973422296345234
YNL286W,YNL318C,0,-2.6731005,0.6456310749053955,0.1472868174314499,0.008084164001047611
YCL010C,YMR293C,0,-2.6750932,0.6425120830535889,0.1472868174314499,0.008194905705749989
YIL132C,YPL042C,1,-2.6769605,0.6442307829856873,0.14839424192905426,0.008194905705749989
YNR056C,YMR313C,0,-2.6929078,0.6411483287811279,0.14839424192905426,0.008305647410452366
YMR198W,YOR351C,1,-2.6932085,0.6428571343421936,0.14950166642665863,0.008305647410452366
YIL132C,YNL250W,1,-2.700878,0.6445497870445251,0.1506090760231018,0.008305647410452366
YHR014W,YOR313C,1,-2.70551,0.6462264060974121,0.15171650052070618,0.008305647410452366
YLR370C,YBR020W,0,-2.7065492,0.6431924700737,0.15171650052070618,0.008416390046477318
YDL115C,YPR007C,1,-2.7067034,0.644859790802002,0.15282392501831055,0.008416390046477318
YIL132C,YGL249W,1,-2.7077456,0.6465116143226624,0.15393133461475372,0.008416390046477318
YOR371C,YGR006W,0,-2.708335,0.6435185074806213,0.15393133461475372,0.008527131751179695
YML095C,YDR285W,1,-2.7091494,0.6451612710952759,0.1550387591123581,0.008527131751179695
YJL100W,YPL096W,0,-2.7096667,0.642201840877533,0.1550387591123581,0.008637873455882072
YNL279W,YHR154W,0,-2.710544,0.6392694115638733,0.1550387591123581,0.008748616091907024
YPL167C,YDR416W,0,-2.7117147,0.6363636255264282,0.1550387591123581,0.008859357796609402
YLR411W,YOR274W,0,-2.7120323,0.6334841847419739,0.1550387591123581,0.008970099501311779
YPL022W,YGL249W,1,-2.7159586,0.6351351141929626,0.15614618360996246,0.008970099501311779
YOR229W,YDR369C,1,-2.7196212,0.6367713212966919,0.15725359320640564,0.008970099501311779
YER095W,YLR234W,1,-2.7225008,0.6383928656578064,0.15836101770401,0.008970099501311779
YDR446W,YML095C,1,-2.7273178,0.6399999856948853,0.15946844220161438,0.008970099501311779
YOR313C,YDR285W,1,-2.7350633,0.6415929198265076,0.16057585179805756,0.008970099501311779
YHR015W,YPR054W,0,-2.7383652,0.6387665271759033,0.16057585179805756,0.009080841206014156
YJR089W,YOR308C,0,-2.7386527,0.6359649300575256,0.16057585179805756,0.009191583842039108
YLL009C,YMR164C,0,-2.7395353,0.6331877708435059,0.16057585179805756,0.009302325546741486
YNL041C,YBR294W,0,-2.7423363,0.6304348111152649,0.16057585179805756,0.009413067251443863
YFR046C,YGL063W,0,-2.743132,0.6277056336402893,0.16057585179805756,0.009523809887468815
YDL149W,YEL061C,0,-2.7494605,0.625,0.16057585179805756,0.009634551592171192
YIL132C,YDR369C,1,-2.7502122,0.6266094446182251,0.16168327629566193,0.009634551592171192
YMR042W,YOR003W,0,-2.7509196,0.6239316463470459,0.16168327629566193,0.00974529329687357
YDL044C,YBR175W,0,-2.758092,0.6212766170501709,0.16168327629566193,0.009856035001575947
YIL132C,YMR190C,1,-2.7597208,0.6228813529014587,0.1627907007932663,0.009856035001575947
YLR234W,YGL249W,1,-2.7606492,0.6244725584983826,0.16389811038970947,0.009856035001575947
YLR411W,YPL155C,0,-2.7613356,0.6218487620353699,0.16389811038970947,0.009966777637600899
YIL132C,YDL115C,1,-2.764939,0.6234309673309326,0.16500553488731384,0.009966777637600899
YJL100W,YBL023C,0,-2.7700655,0.6208333373069763,0.16500553488731384,0.010077519342303276
YGR179C,YGR213C,0,-2.7703738,0.6182572841644287,0.16500553488731384,0.010188261047005653
YPL155C,YEL032W,0,-2.7736783,0.6157024502754211,0.16500553488731384,0.010299003683030605
YIL095W,YMR182C,0,-2.773789,0.6131687164306641,0.16500553488731384,0.010409745387732983
YOR351C,YOR313C,1,-2.7756236,0.6147540807723999,0.1661129593849182,0.010409745387732983
YMR190C,YGL249W,1,-2.7780578,0.6163265109062195,0.16722038388252258,0.010409745387732983
YNL225C,YJL210W,0,-2.7816339,0.6138211488723755,0.16722038388252258,0.01052048709243536
YML091C,YJR049C,0,-2.7849162,0.6113360524177551,0.16722038388252258,0.010631228797137737
YOR032C,YKR031C,0,-2.793247,0.6088709831237793,0.16722038388252258,0.01074197143316269
YMR287C,YMR053C,0,-2.7941327,0.6064257025718689,0.16722038388252258,0.010852713137865067
YER095W,YBR250W,1,-2.8016791,0.6079999804496765,0.16832779347896576,0.010852713137865067
YMR198W,YDR108W,1,-2.802454,0.6095617413520813,0.16943521797657013,0.010852713137865067
YDR216W,YCL069W,0,-2.8052933,0.6071428656578064,0.16943521797657013,0.010963454842567444
YOR313C,YLR234W,1,-2.8162298,0.6086956262588501,0.1705426424741745,0.010963454842567444
YBR290W,YHL006C,0,-2.8174152,0.6062992215156555,0.1705426424741745,0.011074197478592396
YIR019C,YIL042C,0,-2.822631,0.6039215922355652,0.1705426424741745,0.011184939183294773
YBL075C,YDR247W,0,-2.823623,0.6015625,0.1705426424741745,0.01129568088799715
YHR157W,YDR369C,1,-2.8327427,0.6031128168106079,0.17165005207061768,0.01129568088799715
YCR086W,YGL249W,1,-2.8397136,0.604651153087616,0.17275747656822205,0.01129568088799715
YHR157W,YHR014W,1,-2.8409896,0.6061776280403137,0.17386490106582642,0.01129568088799715
YFR008W,YGL063W,0,-2.8415475,0.6038461327552795,0.17386490106582642,0.011406422592699528
YCR027C,YLR386W,0,-2.8421617,0.6015325784683228,0.17386490106582642,0.01151716522872448
YOR073W,YGL249W,1,-2.842424,0.6030534505844116,0.1749723106622696,0.01151716522872448
YEL061C,YIL167W,0,-2.8428793,0.6007604598999023,0.1749723106622696,0.011627906933426857
YDR123C,YHR090C,0,-2.845129,0.5984848737716675,0.1749723106622696,0.011738648638129234
YPL051W,YGL063W,0,-2.8464932,0.5962263941764832,0.1749723106622696,0.011849391274154186
YBR136W,YPR007C,1,-2.8470988,0.597744345664978,0.17607973515987396,0.011849391274154186
YBL008W,YNR008W,0,-2.8508396,0.5955055952072144,0.17607973515987396,0.011960132978856564
YOR157C,YMR101C,0,-2.8535624,0.5932835936546326,0.17607973515987396,0.012070874683558941
YDR446W,YHR152W,1,-2.8536682,0.5947955250740051,0.17718715965747833,0.012070874683558941
YOL067C,YAL030W,0,-2.8545995,0.5925925970077515,0.17718715965747833,0.012181616388261318
YDR108W,YDR285W,1,-2.8546462,0.5940959453582764,0.1782945692539215,0.012181616388261318
YER065C,YDR320C,0,-2.8556278,0.591911792755127,0.1782945692539215,0.01229235902428627
YDR377W,YMR218C,0,-2.8562875,0.5897436141967773,0.1782945692539215,0.012403100728988647
YDR448W,YMR287C,0,-2.8638673,0.5875912308692932,0.1782945692539215,0.012513842433691025
YDR437W,YGL227W,0,-2.8644886,0.585454523563385,0.1782945692539215,0.012624585069715977
YJL146W,YOR073W,1,-2.8653035,0.5869565010070801,0.17940199375152588,0.012624585069715977
YPR034W,YDR437W,0,-2.8657653,0.5848375558853149,0.17940199375152588,0.012735326774418354
YOR354C,YDR369C,1,-2.87049,0.5863309502601624,0.18050941824913025,0.012735326774418354
YCR086W,YHR157W,1,-2.875922,0.5878136157989502,0.18161682784557343,0.012735326774418354
YLR234W,YDR285W,1,-2.8769188,0.5892857313156128,0.1827242523431778,0.012735326774418354
YOR351C,YML095C,1,-2.879382,0.5907473564147949,0.18383167684078217,0.012735326774418354
YER149C,YCL069W,0,-2.8801246,0.588652491569519,0.18383167684078217,0.012846068479120731
YHR157W,YOR313C,1,-2.881226,0.5901060104370117,0.18493908643722534,0.012846068479120731
YPR171W,YOR032C,0,-2.8834076,0.5880281925201416,0.18493908643722534,0.012956810183823109
YGR113W,YKR089C,0,-2.887247,0.5859649181365967,0.18493908643722534,0.01306755281984806
YEL061C,YGR197C,0,-2.8876204,0.5839160680770874,0.18493908643722534,0.013178294524550438
YBR020W,YGR133W,0,-2.8904614,0.5818815231323242,0.18493908643722534,0.013289036229252815
YDR108W,YOR351C,1,-2.891654,0.5833333134651184,0.1860465109348297,0.013289036229252815
YIR019C,YDR320C,0,-2.8920803,0.5813148617744446,0.1860465109348297,0.013399778865277767
YDL115C,YHR157W,1,-2.894925,0.5827586054801941,0.18715393543243408,0.013399778865277767
YOR011W,YDL033C,0,-2.896606,0.5807560086250305,0.18715393543243408,0.013510520569980145
YHR011W,YDR488C,0,-2.8978615,0.5787671208381653,0.18715393543243408,0.013621262274682522
YOR011W,YEL061C,0,-2.900085,0.5767918229103088,0.18715393543243408,0.0137320039793849
YPL139C,YDR369C,1,-2.90377,0.5782312750816345,0.18826134502887726,0.0137320039793849
YNR008W,YOL060C,0,-2.9078145,0.5762711763381958,0.18826134502887726,0.013842746615409851
YER065C,YEL002C,0,-2.908711,0.5743243098258972,0.18826134502887726,0.013953488320112228
YDL044C,YGR133W,0,-2.9107413,0.5723905563354492,0.18826134502887726,0.014064230024814606
YDR062W,YOL067C,0,-2.912904,0.5704697966575623,0.18826134502887726,0.014174972660839558
YIL132C,YHR152W,1,-2.9159184,0.571906328201294,0.18936876952648163,0.014174972660839558
YLR014C,YJR126C,0,-2.9182851,0.5699999928474426,0.18936876952648163,0.014285714365541935
YNR056C,YOR030W,0,-2.9195106,0.5681062936782837,0.18936876952648163,0.014396456070244312
YBR040W,YJR119C,0,-2.9206834,0.5662251710891724,0.18936876952648163,0.01450719777494669
YOR216C,YJL089W,0,-2.9266927,0.5643564462661743,0.18936876952648163,0.014617940410971642
YJL058C,YMR156C,0,-2.9270182,0.5625,0.18936876952648163,0.014728682115674019
YPL042C,YGL249W,1,-2.9305112,0.5639344453811646,0.190476194024086,0.014728682115674019
YML095C,YOR073W,1,-2.938188,0.5653594732284546,0.19158360362052917,0.014728682115674019
YEL019C,YLR254C,0,-2.9405227,0.5635179281234741,0.19158360362052917,0.014839423820376396
YBR040W,YAR007C,0,-2.9431531,0.5616883039474487,0.19158360362052917,0.014950166456401348
YHR014W,YFL037W,1,-2.944448,0.5631067752838135,0.19269102811813354,0.014950166456401348
YOR073W,YPL042C,1,-2.9449143,0.5645161271095276,0.19379845261573792,0.014950166456401348
YNL172W,YOL102C,0,-2.9477212,0.5627009868621826,0.19379845261573792,0.015060908161103725
YDR358W,YMR101C,0,-2.951802,0.5608974099159241,0.19379845261573792,0.015171649865806103
YMR190C,YDR369C,1,-2.9610863,0.5623003244400024,0.1949058622121811,0.015171649865806103
YDL244W,YER041W,0,-2.9622285,0.5605095624923706,0.1949058622121811,0.01528239157050848
YDR108W,YPL042C,1,-2.9648767,0.561904788017273,0.19601328670978546,0.01528239157050848
YFR008W,YOL095C,0,-2.9652646,0.5601266026496887,0.19601328670978546,0.015393134206533432
YDL115C,YDR285W,1,-2.9653757,0.5615141987800598,0.19712071120738983,0.015393134206533432
YLR095C,YNR011C,0,-2.9660974,0.5597484111785889,0.19712071120738983,0.01550387591123581
YNL250W,YER095W,1,-2.9681883,0.5611284971237183,0.1982281357049942,0.01550387591123581
YCR086W,YHR152W,1,-2.968994,0.5625,0.19933554530143738,0.01550387591123581
YGR006W,YDR407C,0,-2.9715867,0.5607476830482483,0.19933554530143738,0.015614617615938187
YNL214W,YPL144W,0,-2.9720051,0.5590062141418457,0.19933554530143738,0.015725359320640564
YCR086W,YDR369C,1,-2.9724102,0.5603715181350708,0.20044296979904175,0.015725359320640564
YMR198W,YDR446W,1,-2.974553,0.5617284178733826,0.20155039429664612,0.015725359320640564
YOR073W,YNL025C,1,-2.9747746,0.563076913356781,0.2026578038930893,0.015725359320640564
YOR284W,YDR082W,0,-2.9748836,0.5613496899604797,0.2026578038930893,0.01583610102534294
YNL223W,YDR160W,0,-2.9790022,0.5596330165863037,0.2026578038930893,0.015946844592690468
YIL132C,YNL025C,1,-2.982627,0.5609756112098694,0.20376522839069366,0.015946844592690468
YMR198W,YDR285W,1,-2.986339,0.5623100399971008,0.20487265288829803,0.015946844592690468
YBR217W,YLR411W,0,-2.9866762,0.560606062412262,0.20487265288829803,0.016057586297392845
YPL076W,YBR272C,0,-2.9941223,0.5589123964309692,0.20487265288829803,0.016168328002095222
YMR199W,YDL033C,0,-2.9993005,0.5572289228439331,0.20487265288829803,0.0162790697067976
YIR017C,YIL031W,0,-2.999805,0.5555555820465088,0.20487265288829803,0.016389811411499977
YNL318C,YGR099W,0,-3.0064042,0.553892195224762,0.20487265288829803,0.016500553116202354
YPR005C,YDL044C,0,-3.0084286,0.5522388219833374,0.20487265288829803,0.016611294820904732
YOR032C,YDR488C,0,-3.0171375,0.550595223903656,0.20487265288829803,0.01672203838825226
YDR108W,YOR073W,1,-3.020615,0.5519287586212158,0.2059800624847412,0.01672203838825226
YBR136W,YPL139C,1,-3.0238733,0.5532544255256653,0.20708748698234558,0.01672203838825226
YOR032C,YPL096W,0,-3.0245001,0.5516223907470703,0.20708748698234558,0.016832780092954636
YIL132C,YOR073W,1,-3.0287771,0.5529412031173706,0.20819491147994995,0.016832780092954636
YGR156W,YPR054W,0,-3.0318918,0.5513196587562561,0.20819491147994995,0.016943521797657013
YLR234W,YDR369C,1,-3.0336742,0.5526315569877625,0.20930232107639313,0.016943521797657013
YMR167W,YBR250W,1,-3.0343459,0.5539358854293823,0.2104097455739975,0.016943521797657013
YLR411W,YGR006W,0,-3.0363193,0.5523256063461304,0.2104097455739975,0.01705426350235939
YBR110W,YBL023C,0,-3.0436187,0.5507246255874634,0.2104097455739975,0.017165005207061768
YEL019C,YNL293W,0,-3.0447874,0.5491329431533813,0.2104097455739975,0.017275746911764145
YNR008W,YPR054W,0,-3.0462017,0.5475504398345947,0.2104097455739975,0.017386488616466522
YMR042W,YNL279W,0,-3.048204,0.545976996421814,0.2104097455739975,0.01749723218381405
YCR093W,YER051W,0,-3.0497522,0.5444126129150391,0.2104097455739975,0.017607973888516426
YOR011W,YHL025W,0,-3.0498524,0.5428571701049805,0.2104097455739975,0.017718715593218803
YDR022C,YHL006C,0,-3.0506,0.5413105487823486,0.2104097455739975,0.01782945729792118
YLR254C,YDL033C,0,-3.0540626,0.5397727489471436,0.2104097455739975,0.017940199002623558
YPL155C,YMR313C,0,-3.0564644,0.5382436513900757,0.2104097455739975,0.018050940707325935
YCL066W,YGR213C,0,-3.060913,0.5367231369018555,0.2104097455739975,0.018161682412028313
YDL115C,YGL249W,1,-3.0620732,0.5380281805992126,0.21151717007160187,0.018161682412028313
YNL279W,YKR062W,0,-3.0647511,0.5365168452262878,0.21151717007160187,0.01827242597937584
YDR416W,YKL126W,0,-3.0667295,0.5350140333175659,0.21151717007160187,0.018383167684078217
YDR479C,YOL067C,0,-3.071653,0.5335195660591125,0.21151717007160187,0.018493909388780594
YDL115C,YHR152W,1,-3.072794,0.5348189473152161,0.21262457966804504,0.018493909388780594
YPR111W,YER041W,0,-3.0737658,0.5333333611488342,0.21262457966804504,0.01860465109348297
YKR009C,YOR266W,0,-3.0761971,0.5318559408187866,0.21262457966804504,0.01871539279818535
YMR199W,YBR193C,0,-3.076229,0.530386745929718,0.21262457966804504,0.018826134502887726
YCL031C,YCL069W,0,-3.0799146,0.5289255976676941,0.21262457966804504,0.018936876207590103
YPL228W,YDR356W,0,-3.084168,0.5274725556373596,0.21262457966804504,0.01904761977493763
YDR446W,YDL115C,1,-3.0877848,0.5287671089172363,0.21373200416564941,0.01904761977493763
YLR238W,YKL006C-A,0,-3.0878804,0.5273224115371704,0.21373200416564941,0.019158361479640007
YKR009C,YLR141W,0,-3.088707,0.5258855819702148,0.21373200416564941,0.019269103184342384
YEL019C,YER111C,0,-3.0894167,0.5244565010070801,0.21373200416564941,0.01937984488904476
YNL318C,YNL326C,0,-3.0894215,0.5230352282524109,0.21373200416564941,0.01949058659374714
YOL067C,YLL002W,0,-3.090711,0.5216216444969177,0.21373200416564941,0.019601328298449516
YHL019C,YHL006C,0,-3.0990343,0.520215630531311,0.21373200416564941,0.019712070003151894
YBR136W,YMR167W,1,-3.1001434,0.5215053558349609,0.21483942866325378,0.019712070003151894
YNL250W,YMR190C,1,-3.1005898,0.5227882266044617,0.21594683825969696,0.019712070003151894
YCR066W,YKL019W,0,-3.100894,0.5213903784751892,0.21594683825969696,0.01982281357049942
YOR371C,YKL006C-A,0,-3.1014595,0.5199999809265137,0.21594683825969696,0.019933555275201797
YNL145W,YEL019C,0,-3.1017523,0.5186170339584351,0.21594683825969696,0.020044296979904175
YMR060C,YMR218C,0,-3.1040125,0.517241358757019,0.21594683825969696,0.020155038684606552
YMR112C,YHL006C,0,-3.1088471,0.5158730149269104,0.21594683825969696,0.02026578038930893
YBR020W,YER116C,0,-3.1096494,0.5145118832588196,0.21594683825969696,0.020376522094011307
YOR354C,YLR234W,1,-3.11079,0.5157894492149353,0.21705426275730133,0.020376522094011307
YDR421W,YIL013C,0,-3.1108153,0.5144357085227966,0.21705426275730133,0.020487263798713684
YDR488C,YGR213C,0,-3.1143312,0.5130890011787415,0.21705426275730133,0.02059800736606121
YCR065W,YCR014C,0,-3.116047,0.5117493271827698,0.21705426275730133,0.020708749070763588
YPR030W,YKL074C,0,-3.1180892,0.5104166865348816,0.21705426275730133,0.020819490775465965
YEL019C,YAL017W,0,-3.1195345,0.5090909004211426,0.21705426275730133,0.020930232480168343
YFL033C,YBR250W,1,-3.1232674,0.5103626847267151,0.2181616872549057,0.020930232480168343
YDL115C,YFL037W,1,-3.1237624,0.5116279125213623,0.21926909685134888,0.020930232480168343
YJR158W,YJL047C,0,-3.1257448,0.5103092789649963,0.21926909685134888,0.02104097418487072
YDR108W,YHR014W,1,-3.1265755,0.5115681290626526,0.22037652134895325,0.02104097418487072
YKR009C,YDR416W,0,-3.1269813,0.5102564096450806,0.22037652134895325,0.021151715889573097
YNL172W,YBR193C,0,-3.1284623,0.5089514255523682,0.22037652134895325,0.021262457594275475
YGR006W,YBL014C,0,-3.1294823,0.5076530575752258,0.22037652134895325,0.021373201161623
YJL074C,YHR014W,1,-3.1319492,0.508905827999115,0.22148394584655762,0.021373201161623
YMR167W,YFL033C,1,-3.1346424,0.510152280330658,0.2225913554430008,0.021373201161623
YBR136W,YLR234W,1,-3.1365428,0.5113924145698547,0.22369877994060516,0.021373201161623
YNL286W,YCL069W,0,-3.1366563,0.5101010203361511,0.22369877994060516,0.02148394286632538
YPR030W,YNL064C,0,-3.1400745,0.508816123008728,0.22369877994060516,0.021594684571027756
YNL278W,YDL077C,0,-3.1406817,0.5075376629829407,0.22369877994060516,0.021705426275730133
YGL063W,YDL077C,0,-3.1446292,0.5062656402587891,0.22369877994060516,0.02181616798043251
YPR030W,YLR452C,0,-3.1447077,0.5049999952316284,0.22369877994060516,0.021926909685134888
YEL019C,YJR127C,0,-3.146164,0.503740668296814,0.22369877994060516,0.022037651389837265
YCR086W,YDL115C,1,-3.1469612,0.5049751400947571,0.22480620443820953,0.022037651389837265
YGR036C,YGL090W,0,-3.1476874,0.503722071647644,0.22480620443820953,0.02214839495718479
YHR152W,YOR313C,1,-3.1484172,0.5049505233764648,0.2259136140346527,0.02214839495718479
YGR108W,YOR313C,1,-3.1500535,0.5061728358268738,0.22702103853225708,0.02214839495718479
YGR006W,YKR089C,0,-3.15081,0.5049260854721069,0.22702103853225708,0.02225913666188717
YNL025C,YDR369C,1,-3.1516497,0.5061424970626831,0.22812846302986145,0.02225913666188717
YER065C,YLR052W,0,-3.1531126,0.5049019455909729,0.22812846302986145,0.022369878366589546
YHR154W,YAL030W,0,-3.1578104,0.5036674737930298,0.22812846302986145,0.022480620071291924
YGR213C,YML021C,0,-3.1584175,0.502439022064209,0.22812846302986145,0.0225913617759943
YDL231C,YMR287C,0,-3.1600294,0.5012165307998657,0.22812846302986145,0.022702103480696678
YBR136W,YPL022W,1,-3.1608355,0.5024271607398987,0.22923588752746582,0.022702103480696678
YHR086W,YLR386W,0,-3.1608891,0.501210629940033,0.22923588752746582,0.022812845185399055
YBR091C,YBL014C,0,-3.162838,0.5,0.22923588752746582,0.022923588752746582
YIR019C,YBL025W,0,-3.165085,0.49879518151283264,0.22923588752746582,0.02303433045744896
YGR213C,YML034W,0,-3.169691,0.4975961446762085,0.22923588752746582,0.023145072162151337
YPL161C,YDR247W,0,-3.184422,0.49640288949012756,0.22923588752746582,0.023255813866853714
YIL040W,YCL069W,0,-3.1864576,0.4952152967453003,0.22923588752746582,0.02336655557155609
YNL094W,YDL085W,0,-3.1866302,0.49403342604637146,0.22923588752746582,0.02347729727625847
YJR089W,YPL046C,0,-3.18882,0.4928571283817291,0.22923588752746582,0.023588038980960846
YBR294W,YDL077C,0,-3.1894708,0.49168646335601807,0.22923588752746582,0.023698782548308372
YJR158W,YHR015W,0,-3.1897604,0.4905213415622711,0.22923588752746582,0.02380952425301075
YBR085W,YLR069C,0,-3.1903074,0.4893617033958435,0.22923588752746582,0.023920265957713127
YLR318W,YGL090W,0,-3.190465,0.48820754885673523,0.22923588752746582,0.024031007662415504
YDL044C,YDL085W,0,-3.1910186,0.4870588183403015,0.22923588752746582,0.024141749367117882
YML095C,YMR190C,1,-3.191508,0.48826292157173157,0.230343297123909,0.024141749367117882
YOR119C,YCL069W,0,-3.1925569,0.4871194362640381,0.230343297123909,0.02425249107182026
YNR072W,YHR118C,0,-3.1937609,0.4859813153743744,0.230343297123909,0.024363232776522636
YPL022W,YDR369C,1,-3.1958764,0.4871794879436493,0.23145072162151337,0.024363232776522636
YJL146W,YDR369C,1,-3.196893,0.4883720874786377,0.23255814611911774,0.024363232776522636
YOL067C,YKL108W,0,-3.1994972,0.48723897337913513,0.23255814611911774,0.024473976343870163
YCR086W,YDR108W,1,-3.201438,0.48842594027519226,0.2336655557155609,0.024473976343870163
YNL251C,YDL244W,0,-3.2038474,0.487297922372818,0.2336655557155609,0.02458471804857254
YPR007C,YPL139C,1,-3.2039723,0.48847925662994385,0.23477298021316528,0.02458471804857254
YDR108W,YHR152W,1,-3.208448,0.48965516686439514,0.23588040471076965,0.02458471804857254
YBR294W,YPL032C,0,-3.2087874,0.48853209614753723,0.23588040471076965,0.024695459753274918
YDL076C,YNR034W,0,-3.2091584,0.4874141812324524,0.23588040471076965,0.024806201457977295
YMR198W,YJL146W,1,-3.2100215,0.4885844886302948,0.23698781430721283,0.024806201457977295
YMR198W,YMR167W,1,-3.2110462,0.4897494316101074,0.2380952388048172,0.024806201457977295
YKR089C,YDR457W,0,-3.2114477,0.4886363744735718,0.2380952388048172,0.024916943162679672
YIL132C,YDR108W,1,-3.2149134,0.4897959232330322,0.23920266330242157,0.024916943162679672
YLR233C,YGR166W,0,-3.2188249,0.48868778347969055,0.23920266330242157,0.02502768486738205
YCL001W,YDR082W,0,-3.2243958,0.48758465051651,0.23920266330242157,0.025138426572084427
YNL318C,YOL060C,0,-3.224901,0.4864864945411682,0.23920266330242157,0.025249170139431953
YKL015W,YCL069W,0,-3.2249112,0.4853932559490204,0.23920266330242157,0.02535991184413433
YHR118C,YOR127W,0,-3.2259316,0.48430493474006653,0.23920266330242157,0.025470653548836708
YKR019C,YDR487C,0,-3.2268894,0.48322147130966187,0.23920266330242157,0.025581395253539085
YNL172W,YKL001C,0,-3.2274652,0.4821428656578064,0.23920266330242157,0.025692136958241463
YDL028C,YMR101C,0,-3.2328782,0.48106902837753296,0.23920266330242157,0.02580287866294384
YDL101C,YIL013C,0,-3.2339153,0.47999998927116394,0.23920266330242157,0.025913620367646217
YJL062W,YER111C,0,-3.2340584,0.47893568873405457,0.23920266330242157,0.026024363934993744
YOR011W,YLL003W,0,-3.2387667,0.47787609696388245,0.23920266330242157,0.02613510563969612
YOL060C,YER111C,0,-3.2391264,0.4768211841583252,0.23920266330242157,0.0262458473443985
YLR288C,YDL244W,0,-3.2399843,0.4757709205150604,0.23920266330242157,0.026356589049100876
YPL139C,YGL249W,1,-3.2415414,0.4769230782985687,0.24031007289886475,0.026356589049100876
YDL044C,YDR489W,0,-3.2436733,0.47587719559669495,0.24031007289886475,0.026467330753803253
YOR011W,YPR111W,0,-3.2441607,0.4748358726501465,0.24031007289886475,0.02657807245850563
YDR479C,YAR042W,0,-3.2462018,0.4737991392612457,0.24031007289886475,0.026688814163208008
YOR351C,YJL074C,1,-3.2472875,0.4749455451965332,0.24141749739646912,0.026688814163208008
YIL167W,YBR030W,0,-3.247356,0.4739130437374115,0.24141749739646912,0.026799557730555534
YDR118W,YPL167C,0,-3.2481554,0.47288504242897034,0.24141749739646912,0.02691029943525791
YNR019W,YIL013C,0,-3.2493358,0.47186148166656494,0.24141749739646912,0.02702104113996029
YNR056C,YFR046C,0,-3.2503004,0.4708423316478729,0.24141749739646912,0.027131782844662666
YHR157W,YOR073W,1,-3.2508318,0.4719827473163605,0.2425249218940735,0.027131782844662666
YCL039W,YMR137C,0,-3.2511537,0.47096773982048035,0.2425249218940735,0.027242524549365044
YER111C,YGL210W,0,-3.251292,0.4699570834636688,0.2425249218940735,0.02735326625406742
YDR437W,YLR371W,0,-3.2520163,0.4689507484436035,0.2425249218940735,0.0274640079587698
YIL132C,YPL139C,1,-3.2615466,0.470085471868515,0.24363233149051666,0.0274640079587698
YJR089W,YPR005C,0,-3.2618732,0.46908316016197205,0.24363233149051666,0.027574751526117325
YGL090W,YER041W,0,-3.2630005,0.4680851101875305,0.24363233149051666,0.027685493230819702
YJL036W,YBL034C,0,-3.263018,0.46709129214286804,0.24363233149051666,0.02779623493552208
YKR009C,YPL167C,0,-3.2630796,0.4661017060279846,0.24363233149051666,0.027906976640224457
YJL058C,YOR025W,0,-3.2635527,0.4651162922382355,0.24363233149051666,0.028017718344926834
YNL142W,YDR416W,0,-3.2645476,0.4641350209712982,0.24363233149051666,0.02812846004962921
YPR111W,YDL033C,0,-3.2656457,0.46315789222717285,0.24363233149051666,0.02823920175433159
YKL108W,YKR020W,0,-3.2667234,0.462184876203537,0.24363233149051666,0.028349945321679115
YGR166W,YHR090C,0,-3.271079,0.46121594309806824,0.24363233149051666,0.028460687026381493
YKR022C,YOR003W,0,-3.272379,0.4602510333061218,0.24363233149051666,0.02857142873108387
YDL085W,YNL279W,0,-3.2735434,0.45929017663002014,0.24363233149051666,0.028682170435786247
YOR351C,YPL139C,1,-3.2751312,0.46041667461395264,0.24473975598812103,0.028682170435786247
YBR020W,YGR121C,0,-3.2784896,0.45945945382118225,0.24473975598812103,0.028792912140488625
YCR098C,YDR416W,0,-3.279227,0.4585062265396118,0.24473975598812103,0.028903653845191002
YGL063W,YGR281W,0,-3.2824955,0.45755693316459656,0.24473975598812103,0.02901439554989338
YDL115C,YOR313C,1,-3.2825377,0.4586776793003082,0.2458471804857254,0.02901439554989338
YIL095W,YER111C,0,-3.2857578,0.4577319622039795,0.2458471804857254,0.029125139117240906
YMR198W,YNL025C,1,-3.2882826,0.4588477313518524,0.24695459008216858,0.029125139117240906
YBL069W,YDL102W,0,-3.2913754,0.45790553092956543,0.24695459008216858,0.029235880821943283
YBR250W,YOR229W,1,-3.2916365,0.4590163826942444,0.24806201457977295,0.029235880821943283
YOR313C,YPL042C,1,-3.2919378,0.4601227045059204,0.24916943907737732,0.029235880821943283
YJL074C,YGL249W,1,-3.2920408,0.4612244963645935,0.2502768635749817,0.029235880821943283
YOR266W,YBL025W,0,-3.2949483,0.46028512716293335,0.2502768635749817,0.02934662252664566
YDR437W,YCR065W,0,-3.295728,0.4593496024608612,0.2502768635749817,0.029457364231348038
YJR089W,YPL144W,0,-3.2958035,0.4584178626537323,0.2502768635749817,0.029568105936050415
YJL170C,YDR123C,0,-3.2966378,0.45748987793922424,0.2502768635749817,0.029678847640752792
YLR368W,YDR268W,0,-3.2973833,0.45656564831733704,0.2502768635749817,0.02978958934545517
YBR217W,YDR302W,0,-3.2980323,0.4556451737880707,0.2502768635749817,0.029900332912802696
YBR085W,YPL016W,0,-3.2982275,0.454728364944458,0.2502768635749817,0.030011074617505074
YER095W,YDR369C,1,-3.298524,0.45582330226898193,0.25138428807258606,0.030011074617505074
YER119C,YMR101C,0,-3.299603,0.4549098312854767,0.25138428807258606,0.03012181632220745
YMR198W,YOR073W,1,-3.2997246,0.4560000002384186,0.25249168276786804,0.03012181632220745
YER038C,YNR048W,0,-3.3007712,0.455089807510376,0.25249168276786804,0.030232558026909828
YJR078W,YGR213C,0,-3.300788,0.45418328046798706,0.25249168276786804,0.030343299731612206
YPR005C,YDR057W,0,-3.3016315,0.45328032970428467,0.25249168276786804,0.030454041436314583
YPR006C,YPR054W,0,-3.3026006,0.4523809552192688,0.25249168276786804,0.03056478314101696
YOR298C-A,YPR054W,0,-3.3028305,0.45148515701293945,0.25249168276786804,0.030675526708364487
YLR399C,YIL132C,1,-3.306123,0.4525691568851471,0.2535991072654724,0.030675526708364487
YOR351C,YOR014W,1,-3.309478,0.4536489248275757,0.2547065317630768,0.030675526708364487
YBR136W,YNL250W,1,-3.3129199,0.45472440123558044,0.25581395626068115,0.030675526708364487
YBL034C,YGL227W,0,-3.3151503,0.4538310468196869,0.25581395626068115,0.030786268413066864
YLR233C,YFR048W,0,-3.315461,0.4529411792755127,0.25581395626068115,0.03089701011776924
YNL318C,YBR154C,0,-3.315533,0.45205479860305786,0.25581395626068115,0.03100775182247162
YLR233C,YNR059W,0,-3.3157895,0.451171875,0.25581395626068115,0.031118493527173996
YDR446W,YOR313C,1,-3.3162515,0.4522417187690735,0.2569213807582855,0.031118493527173996
YJL058C,YFR048W,0,-3.3216228,0.45136186480522156,0.2569213807582855,0.031229235231876373
YBR193C,YOR127W,0,-3.3250608,0.4504854381084442,0.2569213807582855,0.03133997693657875
YJR119C,YAR042W,0,-3.3276453,0.44961240887641907,0.2569213807582855,0.03145071864128113
YMR167W,YGL249W,1,-3.3282552,0.45067697763442993,0.2580288052558899,0.03145071864128113
YJL146W,YGL249W,1,-3.3283849,0.4517374634742737,0.2591361999511719,0.03145071864128113
YIL013C,YAL033W,0,-3.3288798,0.45086705684661865,0.2591361999511719,0.031561460345983505
YNR056C,YBR198C,0,-3.328914,0.44999998807907104,0.2591361999511719,0.03167220205068588
YNL172W,YLR016C,0,-3.329373,0.44913628697395325,0.2591361999511719,0.03178294748067856
YER038C,YOR147W,0,-3.3311198,0.4482758641242981,0.2591361999511719,0.031893689185380936
YMR199W,YML021C,0,-3.3319213,0.447418749332428,0.2591361999511719,0.03200443089008331
YDR108W,YOR354C,1,-3.3363552,0.4484732747077942,0.26024362444877625,0.03200443089008331
YAR019C,YMR285C,0,-3.3374414,0.4476190507411957,0.26024362444877625,0.03211517259478569
YJL058C,YBR020W,0,-3.3387735,0.4467680752277374,0.26024362444877625,0.03222591429948807
YOL135C,YDL216C,0,-3.3391023,0.44592031836509705,0.26024362444877625,0.032336656004190445
YNL172W,YDR062W,0,-3.3395638,0.44507575035095215,0.26024362444877625,0.03244739770889282
YFL056C,YGR188C,0,-3.3409,0.4442344009876251,0.26024362444877625,0.0325581394135952
YPL022W,YOR229W,1,-3.342043,0.44528302550315857,0.2613510489463806,0.0325581394135952
YPR030W,YFR033C,0,-3.3439672,0.4444444477558136,0.2613510489463806,0.03266888111829758
YLR207W,YIR019C,0,-3.3448257,0.4436090290546417,0.2613510489463806,0.032779622822999954
YIL132C,YLR234W,1,-3.3449576,0.4446529150009155,0.262458473443985,0.032779622822999954
YIL026C,YML021C,0,-3.3462298,0.4438202381134033,0.262458473443985,0.03289036452770233
YER116C,YPL032C,0,-3.3463607,0.44299066066741943,0.262458473443985,0.03300110623240471
YHL019C,YBL034C,0,-3.347892,0.44216418266296387,0.262458473443985,0.033111847937107086
YML095C,YOR313C,1,-3.3497546,0.4432029724121094,0.26356589794158936,0.033111847937107086
YMR198W,YDR369C,1,-3.3498497,0.44423791766166687,0.2646733224391937,0.033111847937107086
YIL132C,YER095W,1,-3.3502724,0.44526901841163635,0.2657807171344757,0.033111847937107086
YIR017C,YOR356W,0,-3.3504314,0.4444444477558136,0.2657807171344757,0.033222589641809464
YEL019C,YKL074C,0,-3.3510187,0.4436229169368744,0.2657807171344757,0.03333333507180214
YIR019C,YOR035C,0,-3.3513615,0.4428044259548187,0.2657807171344757,0.03344407677650452
YDL115C,YHR014W,1,-3.3517137,0.44383057951927185,0.2668881416320801,0.03344407677650452
YAL021C,YDL033C,0,-3.3536048,0.4430147111415863,0.2668881416320801,0.033554818481206894
YMR198W,YOR313C,1,-3.3548589,0.44403669238090515,0.26799556612968445,0.033554818481206894
YDR446W,YFL037W,1,-3.3566647,0.44505494832992554,0.2691029906272888,0.033554818481206894
YCL066W,YOR274W,0,-3.3587952,0.44424131512641907,0.2691029906272888,0.03366556018590927
YLR411W,YLR228C,0,-3.3589756,0.44343066215515137,0.2691029906272888,0.03377630189061165
YDR389W,YJR019C,0,-3.3598423,0.44262295961380005,0.2691029906272888,0.033887043595314026
YDL033C,YOR308C,0,-3.3618236,0.4418181777000427,0.2691029906272888,0.0339977853000164
YEL015W,YDR437W,0,-3.3629506,0.4410163462162018,0.2691029906272888,0.03410852700471878
YDR254W,YIL013C,0,-3.367776,0.44021740555763245,0.2691029906272888,0.03421926870942116
YDL115C,YOR073W,1,-3.3685162,0.4412296712398529,0.2702104151248932,0.03421926870942116
YBR136W,YHR014W,1,-3.3725967,0.4422382712364197,0.27131783962249756,0.03421926870942116
YDR369C,YDR285W,1,-3.3731203,0.44324323534965515,0.27242523431777954,0.03421926870942116
YNL271C,YDL078C,0,-3.3739214,0.4424460530281067,0.27242523431777954,0.034330010414123535
YPR007C,YOR073W,1,-3.3765216,0.4434470236301422,0.2735326588153839,0.034330010414123535
YBR085W,YOR250C,0,-3.3788867,0.44265231490135193,0.2735326588153839,0.03444075211882591
YLR399C,YOR351C,1,-3.3798923,0.44364938139915466,0.2746400833129883,0.03444075211882591
YGR113W,YDR437W,0,-3.3800097,0.44285714626312256,0.2746400833129883,0.03455149382352829
YBR274W,YHR011W,0,-3.380296,0.4420677423477173,0.2746400833129883,0.03466223552823067
YMR167W,YPL022W,1,-3.3881283,0.4430604875087738,0.27574750781059265,0.03466223552823067
YHR091C,YKR101W,0,-3.3923702,0.4422735273838043,0.27574750781059265,0.034772977232933044
YOR313C,YNL025C,1,-3.3950233,0.44326239824295044,0.276854932308197,0.034772977232933044
YCR066W,YBL103C,0,-3.397122,0.44247788190841675,0.276854932308197,0.03488372266292572
YKL185W,YOL042W,0,-3.3974876,0.4416961073875427,0.276854932308197,0.0349944643676281
YHR011W,YLR288C,0,-3.3981128,0.44091710448265076,0.276854932308197,0.035105206072330475
YCR086W,YML095C,1,-3.398201,0.44190141558647156,0.2779623568058014,0.035105206072330475
YGR091W,YFL059W,0,-3.398642,0.4411247670650482,0.2779623568058014,0.03521594777703285
YOR371C,YKR056W,0,-3.3988411,0.44035089015960693,0.2779623568058014,0.03532668948173523
YBL069W,YJR119C,0,-3.3998764,0.43957969546318054,0.2779623568058014,0.03543743118643761
YPL051W,YMR164C,0,-3.4011486,0.43881118297576904,0.2779623568058014,0.035548172891139984
YBL069W,YAR019C,0,-3.4040983,0.4380453824996948,0.2779623568058014,0.03565891459584236
YHR043C,YFL059W,0,-3.4053688,0.4372822344303131,0.2779623568058014,0.03576965630054474
YDL244W,YHR090C,0,-3.407847,0.4365217387676239,0.2779623568058014,0.035880398005247116
YPL132W,YER116C,0,-3.4083986,0.4357638955116272,0.2779623568058014,0.03599113970994949
YPL155C,YLR141W,0,-3.409014,0.4350086748600006,0.2779623568058014,0.03610188141465187
YPR017C,YMR164C,0,-3.4092984,0.43425604701042175,0.2779623568058014,0.03621262311935425
YAL041W,YMR137C,0,-3.4097729,0.433506041765213,0.2779623568058014,0.036323364824056625
YHR157W,YLR234W,1,-3.4100401,0.43448275327682495,0.27906978130340576,0.036323364824056625
YCR086W,YNL250W,1,-3.4100842,0.4354560971260071,0.28017717599868774,0.036323364824056625
YOR014W,YBR250W,1,-3.4103098,0.4364261031150818,0.2812846004962921,0.036323364824056625
YMR167W,YOR229W,1,-3.4151282,0.43739280104637146,0.2823920249938965,0.036323364824056625
YHR191C,YIL013C,0,-3.4156194,0.4366438388824463,0.2823920249938965,0.0364341102540493
YOR351C,YFL037W,1,-3.4159434,0.4376068413257599,0.28349944949150085,0.0364341102540493
YJR025C,YBL034C,0,-3.416119,0.436860054731369,0.28349944949150085,0.03654485195875168
YDR108W,YNL025C,1,-3.4171894,0.4378194212913513,0.2846068739891052,0.03654485195875168
YNR019W,YGR113W,0,-3.4179657,0.43707484006881714,0.2846068739891052,0.036655593663454056
YHR118C,YJL045W,0,-3.4197073,0.4363327622413635,0.2846068739891052,0.03676633536815643
YLR254C,YCL069W,0,-3.4210649,0.43559321761131287,0.2846068739891052,0.03687707707285881
YGR121C,YBL014C,0,-3.4223585,0.4348561763763428,0.2846068739891052,0.03698781877756119
YPR128C,YOR162C,0,-3.4258573,0.43412160873413086,0.2846068739891052,0.037098560482263565
YKL135C,YMR287C,0,-3.4270868,0.4333895444869995,0.2846068739891052,0.03720930218696594
YML095C,YGL249W,1,-3.4287806,0.4343434274196625,0.2857142984867096,0.03720930218696594
YKR089C,YJR049C,0,-3.429128,0.43361344933509827,0.2857142984867096,0.03732004389166832
YIL026C,YLR386W,0,-3.429424,0.43288591504096985,0.2857142984867096,0.0374307855963707
YPL097W,YKR062W,0,-3.429972,0.43216079473495483,0.2857142984867096,0.037541527301073074
YPR006C,YDR443C,0,-3.4328191,0.4314381182193756,0.2857142984867096,0.03765226900577545
YNR072W,YOR266W,0,-3.4341402,0.4307178556919098,0.2857142984867096,0.03776301071047783
YOL112W,YPR054W,0,-3.4367576,0.4300000071525574,0.2857142984867096,0.037873752415180206
YPL097W,YOR265W,0,-3.4392676,0.4292845129966736,0.2857142984867096,0.03798449784517288
YLR234W,YPL139C,1,-3.4406292,0.43023255467414856,0.2868216931819916,0.03798449784517288
YMR287C,YNR048W,0,-3.4414134,0.42951905727386475,0.2868216931819916,0.03809523954987526
YDL216C,YKL108W,0,-3.4418063,0.42880794405937195,0.2868216931819916,0.03820598125457764
YJL024C,YCR098C,0,-3.4472713,0.4280991852283478,0.2868216931819916,0.038316722959280014
YDR488C,YOR003W,0,-3.4472837,0.42739275097846985,0.2868216931819916,0.03842746466398239
YLR233C,YDR489W,0,-3.4499004,0.42668864130973816,0.2868216931819916,0.03853820636868477
YLR399C,YLR234W,1,-3.4509268,0.42763158679008484,0.28792911767959595,0.03853820636868477
YKL203C,YDR330W,0,-3.4509664,0.42692938446998596,0.28792911767959595,0.038648948073387146
YDR461W,YPL167C,0,-3.451098,0.4262295067310333,0.28792911767959595,0.03875968977808952
YHR086W,YMR313C,0,-3.4528337,0.42553192377090454,0.28792911767959595,0.0388704314827919
YDR377W,YMR067C,0,-3.4539244,0.4248366057872772,0.28792911767959595,0.03898117318749428
YER065C,YGL070C,0,-3.454809,0.42414355278015137,0.28792911767959595,0.039091914892196655
YIL132C,YCR033W,1,-3.4570203,0.42508143186569214,0.2890365421772003,0.039091914892196655
YER107C,YOR032C,0,-3.4626281,0.4243902564048767,0.2890365421772003,0.03920265659689903
YOR351C,YHR152W,1,-3.4643674,0.4253246784210205,0.2901439666748047,0.03920265659689903
YDR108W,YNL250W,1,-3.4649892,0.42625609040260315,0.29125139117240906,0.03920265659689903
YNR072W,YDR407C,0,-3.4659405,0.42556634545326233,0.29125139117240906,0.03931339830160141
YNR072W,YEL050C,0,-3.468617,0.4248788356781006,0.29125139117240906,0.03942414000630379
YOL060C,YDL093W,0,-3.469127,0.4241935610771179,0.29125139117240906,0.03953488543629646
YNL225C,YLR095C,0,-3.469223,0.42351046204566956,0.29125139117240906,0.03964562714099884
YIL026C,YNL251C,0,-3.4701672,0.4228295683860779,0.29125139117240906,0.03975636884570122
YDR141C,YOL115W,0,-3.471529,0.4221508800983429,0.29125139117240906,0.039867110550403595
YHR157W,YPL139C,1,-3.4717078,0.42307692766189575,0.2923588156700134,0.039867110550403595
YGR213C,YBR293W,0,-3.4718537,0.42239999771118164,0.2923588156700134,0.03997785225510597
YNL042W,YOR147W,0,-3.471891,0.42172524333000183,0.2923588156700134,0.04008859395980835
YBR085W,YER041W,0,-3.4733832,0.42105263471603394,0.2923588156700134,0.04019933566451073
YIL026C,YPL218W,0,-3.4785867,0.42038217186927795,0.2923588156700134,0.040310077369213104
YPL132W,YBR205W,0,-3.478952,0.4197138249874115,0.2923588156700134,0.04042081907391548
YPR119W,YPL218W,0,-3.4808755,0.41904762387275696,0.2923588156700134,0.04053156077861786
YLR207W,YOL135C,0,-3.4815226,0.41838350892066956,0.2923588156700134,0.040642302483320236
YPL051W,YCR014C,0,-3.483432,0.4177215099334717,0.2923588156700134,0.040753044188022614
YDR363W,YGR244C,0,-3.483909,0.41706159710884094,0.2923588156700134,0.04086378589272499
YDL085W,YGL244W,0,-3.4842463,0.41640380024909973,0.2923588156700134,0.04097452759742737
YCL039W,YOL067C,0,-3.4846683,0.4157480299472809,0.2923588156700134,0.041085273027420044
YIL132C,YML095C,1,-3.4880362,0.4166666567325592,0.2934662103652954,0.041085273027420044
YGR213C,YBL103C,0,-3.4903915,0.41601255536079407,0.2934662103652954,0.04119601473212242
YDL028C,YBL057C,0,-3.49618,0.4153605103492737,0.2934662103652954,0.0413067564368248
YBL069W,YLR233C,0,-3.4962323,0.41471049189567566,0.2934662103652954,0.041417498141527176
YKR009C,YGR213C,0,-3.496512,0.4140625,0.2934662103652954,0.04152823984622955
YOR073W,YPL139C,1,-3.4969292,0.4149765968322754,0.2945736348628998,0.04152823984622955
YER095W,YHR157W,1,-3.498755,0.41588786244392395,0.29568105936050415,0.04152823984622955
YBR217W,YBL103C,0,-3.4987988,0.4152410626411438,0.29568105936050415,0.04163898155093193
YER038C,YLR368W,0,-3.5026972,0.4145962595939636,0.29568105936050415,0.04174972325563431
YDR358W,YML091C,0,-3.5061336,0.4139534831047058,0.29568105936050415,0.041860464960336685
YNL182C,YHR015W,0,-3.5085764,0.413312703371048,0.29568105936050415,0.04197120666503906
YML095C,YHR157W,1,-3.5101173,0.414219468832016,0.2967884838581085,0.04197120666503906
YCL001W,YBR175W,0,-3.5103414,0.4135802388191223,0.2967884838581085,0.04208194836974144
YGR188C,YIL149C,0,-3.5106535,0.4129429757595062,0.2967884838581085,0.04219269007444382
YBR217W,YGR013W,0,-3.5130882,0.4123076796531677,0.2967884838581085,0.042303431779146194
YIL042C,YMR218C,0,-3.5149803,0.4116743505001068,0.2967884838581085,0.04241417348384857
YAL013W,YMR287C,0,-3.5150955,0.4110429584980011,0.2967884838581085,0.04252491518855095
YJR158W,YGR095C,0,-3.51574,0.4104134738445282,0.2967884838581085,0.042635660618543625
YPR111W,YBR294W,0,-3.5182815,0.4097859263420105,0.2967884838581085,0.042746402323246
YNR056C,YNL225C,0,-3.5207324,0.409160315990448,0.2967884838581085,0.04285714402794838
YDR437W,YMR314W,0,-3.5210123,0.4085365831851959,0.2967884838581085,0.04296788573265076
YPR128C,YLR233C,0,-3.5214255,0.40791475772857666,0.2967884838581085,0.043078627437353134
YDL093W,YPL193W,0,-3.5244725,0.4072948396205902,0.2967884838581085,0.04318936914205551
YDL216C,YPR133C,0,-3.5254138,0.4066767692565918,0.2967884838581085,0.04330011084675789
YMR204C,YCL033C,0,-3.5268836,0.4060606062412262,0.2967884838581085,0.043410852551460266
YLR233C,YIR019C,0,-3.5268993,0.40544629096984863,0.2967884838581085,0.04352159425616264
YMR198W,YML095C,1,-3.5283227,0.4063444137573242,0.2978959083557129,0.04352159425616264
YMR198W,YCR086W,1,-3.528502,0.4072398245334625,0.29900333285331726,0.04352159425616264
YCL051W,YIR019C,0,-3.528531,0.40662649273872375,0.29900333285331726,0.04363233596086502
YBR136W,YGL249W,1,-3.5285578,0.40751880407333374,0.30011072754859924,0.04363233596086502
YFR048W,YDR082W,0,-3.5290813,0.4069069027900696,0.30011072754859924,0.0437430776655674
YLR207W,YHR050W,0,-3.532633,0.40629684925079346,0.30011072754859924,0.043853819370269775
YDR108W,YDR369C,1,-3.5333598,0.4071856141090393,0.3012181520462036,0.043853819370269775
YMR198W,YPL139C,1,-3.5369515,0.40807175636291504,0.302325576543808,0.043853819370269775
YJL024C,YNL278W,0,-3.5369866,0.4074626863002777,0.302325576543808,0.04396456107497215
YJR089W,YPL097W,0,-3.5397842,0.40685543417930603,0.302325576543808,0.04407530277967453
YMR198W,YHR014W,1,-3.5403252,0.4077380895614624,0.30343300104141235,0.04407530277967453
YML095C,YHR014W,1,-3.5410113,0.40861812233924866,0.3045404255390167,0.04407530277967453
YOL042W,YPR054W,0,-3.5411172,0.40801188349723816,0.3045404255390167,0.044186048209667206
YPL097W,YGR099W,0,-3.5421886,0.40740740299224854,0.3045404255390167,0.04429678991436958
YOL095C,YCL066W,0,-3.54226,0.40680474042892456,0.3045404255390167,0.04440753161907196
YOR250C,YOR297C,0,-3.5422628,0.40620383620262146,0.3045404255390167,0.04451827332377434
YDR435C,YOL067C,0,-3.5442877,0.4056047201156616,0.3045404255390167,0.044629015028476715
YLR117C,YMR319C,0,-3.5466173,0.40500736236572266,0.3045404255390167,0.04473975673317909
YNL041C,YGR006W,0,-3.5471275,0.40441176295280457,0.3045404255390167,0.04485049843788147
YER065C,YJL061W,0,-3.5494802,0.40381792187690735,0.3045404255390167,0.04496124014258385
YML095C,YNL250W,1,-3.5496092,0.4046920835971832,0.3056478500366211,0.04496124014258385
YHR014W,YPL139C,1,-3.552939,0.40556368231773376,0.30675527453422546,0.04496124014258385
YMR198W,YER095W,1,-3.5545573,0.40643274784088135,0.30786266922950745,0.04496124014258385
YGR108W,YBR250W,1,-3.5577059,0.407299280166626,0.3089700937271118,0.04496124014258385
YLR228C,YCR066W,0,-3.5594296,0.4067055284976959,0.3089700937271118,0.045071981847286224
YBL103C,YML034W,0,-3.5604653,0.40611353516578674,0.3089700937271118,0.0451827235519886
YDL039C,YOR256C,0,-3.5613298,0.40552327036857605,0.3089700937271118,0.04529346525669098
YML095C,YPL042C,1,-3.5619798,0.4063860774040222,0.3100775182247162,0.04529346525669098
YDR443C,YGR008C,0,-3.5626721,0.4057970941066742,0.3100775182247162,0.045404206961393356
YFL033C,YDR285W,1,-3.562776,0.40665701031684875,0.31118494272232056,0.045404206961393356
YPR017C,YER116C,0,-3.5628538,0.4060693681240082,0.31118494272232056,0.045514948666095734
YJL170C,YCL033C,0,-3.5654202,0.4054833948612213,0.31118494272232056,0.04562569037079811
YDR118W,YOR049C,0,-3.5664396,0.40489915013313293,0.31118494272232056,0.04573643580079079
YLR371W,YDR247W,0,-3.5672312,0.4043165445327759,0.31118494272232056,0.045847177505493164
YFL033C,YJL074C,1,-3.568255,0.4051724076271057,0.3122923672199249,0.045847177505493164
YLR233C,YCL066W,0,-3.5697384,0.4045911133289337,0.3122923672199249,0.04595791921019554
YGL119W,YDR123C,0,-3.5728803,0.40401145815849304,0.3122923672199249,0.04606866091489792
YOR049C,YHR090C,0,-3.5729022,0.4034334719181061,0.3122923672199249,0.046179402619600296
YLR069C,YOL067C,0,-3.5751112,0.4028571546077728,0.3122923672199249,0.04629014432430267
YFL033C,YMR190C,1,-3.5771194,0.4037089943885803,0.3133997917175293,0.04629014432430267
YCL066W,YBR257W,0,-3.5778503,0.40313389897346497,0.3133997917175293,0.04640088602900505
YDR446W,YPL139C,1,-3.5794277,0.403982937335968,0.3145071864128113,0.04640088602900505
YOR274W,YPL206C,0,-3.5811744,0.40340909361839294,0.3145071864128113,0.04651162773370743
YJL085W,YCR066W,0,-3.582638,0.4028368890285492,0.3145071864128113,0.046622369438409805
YOR313C,YFL037W,1,-3.5829906,0.4036827087402344,0.31561461091041565,0.046622369438409805
YEL015W,YMR156C,0,-3.5832436,0.4031117260456085,0.31561461091041565,0.04673311114311218
YBR136W,YBR250W,1,-3.583384,0.40395480394363403,0.31672203540802,0.04673311114311218
YER111C,YPL087W,0,-3.5838518,0.4033850431442261,0.31672203540802,0.04684385284781456
YGR006W,YFR048W,0,-3.5840747,0.40281689167022705,0.31672203540802,0.04695459455251694
YHR157W,YMR190C,1,-3.5852003,0.40365681052207947,0.3178294599056244,0.04695459455251694
YDL115C,YPL042C,1,-3.586043,0.40449437499046326,0.31893688440322876,0.04695459455251694
YIL149C,YIL095W,0,-3.5870347,0.4039270579814911,0.31893688440322876,0.047065336257219315
YIL013C,YDR489W,0,-3.5885954,0.40336135029792786,0.31893688440322876,0.04717607796192169
YGR213C,YGR002C,0,-3.589514,0.4027971923351288,0.31893688440322876,0.04728682339191437
YPL244C,YKL203C,0,-3.5897417,0.40223464369773865,0.31893688440322876,0.047397565096616745
YLR233C,YFR008W,0,-3.591669,0.40167364478111267,0.31893688440322876,0.04750830680131912
YDR302W,YBL014C,0,-3.5920367,0.40111419558525085,0.31893688440322876,0.0476190485060215
YLR442C,YLR386W,0,-3.593679,0.4005563259124756,0.31893688440322876,0.04772979021072388
YGR166W,YOR308C,0,-3.5941246,0.4000000059604645,0.31893688440322876,0.047840531915426254
YJL146W,YOR313C,1,-3.594203,0.4008321762084961,0.32004430890083313,0.047840531915426254
YNR072W,YLR371W,0,-3.5942228,0.4002770185470581,0.32004430890083313,0.04795127362012863
YCR086W,YBR136W,1,-3.5945582,0.40110650658607483,0.3211517035961151,0.04795127362012863
YNL059C,YMR287C,0,-3.5968795,0.4005524814128876,0.3211517035961151,0.04806201532483101
YDR036C,YIR019C,0,-3.5980434,0.4000000059604645,0.3211517035961151,0.048172757029533386
YPR007C,YOR014W,1,-3.6013224,0.40082645416259766,0.3222591280937195,0.048172757029533386
YJL058C,YMR137C,0,-3.602408,0.4002751111984253,0.3222591280937195,0.048283498734235764
YBR136W,YDR285W,1,-3.602716,0.40109890699386597,0.32336655259132385,0.048283498734235764
YIR019C,YNL251C,0,-3.6033573,0.40054869651794434,0.32336655259132385,0.04839424043893814
YOR032C,YMR234W,0,-3.6040316,0.4000000059604645,0.32336655259132385,0.04850498214364052
YNL318C,YIL026C,0,-3.6040792,0.399452805519104,0.32336655259132385,0.048615723848342896
YMR204C,YBL025W,0,-3.6047955,0.3989070951938629,0.32336655259132385,0.04872646555304527
YNR008W,YER111C,0,-3.6062407,0.3983629047870636,0.32336655259132385,0.04883721098303795
YDR022C,YHR011W,0,-3.6071203,0.3978201746940613,0.32336655259132385,0.048947952687740326
YDL004W,YNL042W,0,-3.6074662,0.39727890491485596,0.32336655259132385,0.0490586943924427
YER107C,YIL013C,0,-3.6093292,0.39673912525177,0.32336655259132385,0.04916943609714508
YJL024C,YAR019C,0,-3.6107903,0.3962008059024811,0.32336655259132385,0.04928017780184746
YMR211W,YPR054W,0,-3.611611,0.39566394686698914,0.32336655259132385,0.049390919506549835
YHR118C,YDR416W,0,-3.6119854,0.3951285481452942,0.32336655259132385,0.04950166121125221
YPR006C,YDR473C,0,-3.6121838,0.39459457993507385,0.32336655259132385,0.04961240291595459
YMR167W,YPL042C,1,-3.6122112,0.3954116106033325,0.3244739770889282,0.04961240291595459
YBL018C,YKL108W,0,-3.612317,0.39487871527671814,0.3244739770889282,0.04972314462065697
YMR199W,YPR068C,0,-3.6132615,0.39434725046157837,0.3244739770889282,0.049833886325359344
YDR243C,YGR213C,0,-3.6133986,0.3938172161579132,0.3244739770889282,0.04994462803006172
YNL225C,YOR030W,0,-3.6151285,0.39328858256340027,0.3244739770889282,0.0500553697347641
YBR202W,YHR011W,0,-3.615149,0.39276137948036194,0.3244739770889282,0.050166111439466476
YGR113W,YPL097W,0,-3.6156561,0.3922356069087982,0.3244739770889282,0.050276853144168854
YOL060C,YDR082W,0,-3.617162,0.3917112350463867,0.3244739770889282,0.05038759857416153
YPL132W,YNL258C,0,-3.617518,0.39118826389312744,0.3244739770889282,0.05049834027886391
YPR007C,YHR152W,1,-3.617949,0.3919999897480011,0.3255814015865326,0.05049834027886391
YBR136W,YNL025C,1,-3.6181173,0.39280959963798523,0.32668882608413696,0.05049834027886391
YDR448W,YDL030W,0,-3.6182616,0.3922872245311737,0.32668882608413696,0.050609081983566284
YJL168C,YBR030W,0,-3.6187572,0.3917662799358368,0.32668882608413696,0.05071982368826866
YMR156C,YMR067C,0,-3.6192102,0.3912466764450073,0.32668882608413696,0.05083056539297104
YFL056C,YLR233C,0,-3.619477,0.3907284736633301,0.32668882608413696,0.050941307097673416
YDR421W,YGR140W,0,-3.6232634,0.39021164178848267,0.32668882608413696,0.05105204880237579
YCR066W,YDR057W,0,-3.6247375,0.3896961808204651,0.32668882608413696,0.05116279050707817
YKR101W,YHR048W,0,-3.6251888,0.38918206095695496,0.32668882608413696,0.05127353221178055
YIL004C,YPR005C,0,-3.627112,0.38866931200027466,0.32668882608413696,0.051384273916482925
YOR085W,YKR089C,0,-3.6276326,0.3881579041481018,0.32668882608413696,0.0514950156211853
YOL095C,YLR014C,0,-3.6280313,0.3876478374004364,0.32668882608413696,0.05160575732588768
YIL004C,YDR416W,0,-3.6286764,0.38713911175727844,0.32668882608413696,0.05171649903059006
YPL275W,YIR019C,0,-3.629042,0.38663172721862793,0.32668882608413696,0.051827240735292435
YDR437W,YDR394W,0,-3.6328993,0.3861256539821625,0.32668882608413696,0.05193798616528511
YER180C-A,YDL244W,0,-3.6336098,0.38562092185020447,0.32668882608413696,0.05204872786998749
YDR416W,YCL033C,0,-3.6339915,0.3851175010204315,0.32668882608413696,0.052159469574689865
YBR136W,YOR351C,1,-3.6358328,0.38591915369033813,0.32779622077941895,0.052159469574689865
YFL056C,YOR371C,0,-3.6378963,0.3854166567325592,0.32779622077941895,0.05227021127939224
YCR065W,YLR386W,0,-3.6389012,0.38491547107696533,0.32779622077941895,0.05238095298409462
YGL025C,YBR228W,0,-3.6389134,0.3844155967235565,0.32779622077941895,0.052491694688797
YOR354C,YHR014W,1,-3.6396937,0.3852140009403229,0.3289036452770233,0.052491694688797
YIL098C,YBR228W,0,-3.640822,0.3847150206565857,0.3289036452770233,0.052602436393499374
YOR147W,YBL014C,0,-3.6419392,0.3842173218727112,0.3289036452770233,0.05271317809820175
YOR284W,YHR090C,0,-3.6420193,0.38372093439102173,0.3289036452770233,0.05282391980290413
YOR250C,YNL121C,0,-3.6422834,0.38322579860687256,0.3289036452770233,0.052934661507606506
YNR019W,YDR479C,0,-3.6431103,0.38273194432258606,0.3289036452770233,0.053045403212308884
YMR199W,YGL025C,0,-3.6452699,0.38223937153816223,0.3289036452770233,0.05315614491701126
YDR118W,YKR031C,0,-3.6465392,0.3817480802536011,0.3289036452770233,0.05326688662171364
YER095W,YOR073W,1,-3.6482236,0.3825417160987854,0.3300110697746277,0.05326688662171364
YJL146W,YLR234W,1,-3.649415,0.38333332538604736,0.33111849427223206,0.05326688662171364
YJL146W,YPL042C,1,-3.6510496,0.38412290811538696,0.3322259187698364,0.05326688662171364
YBR085W,YNL085W,0,-3.6533704,0.38363170623779297,0.3322259187698364,0.053377628326416016
YMR190C,YOR313C,1,-3.6538613,0.38441890478134155,0.3333333432674408,0.053377628326416016
YNL318C,YIL017C,0,-3.6542807,0.3839285671710968,0.3333333432674408,0.05348837375640869
YCR065W,YNL214W,0,-3.6548915,0.38343948125839233,0.3333333432674408,0.05359911546111107
YOR274W,YMR137C,0,-3.6555543,0.38295164704322815,0.3333333432674408,0.053709857165813446
YMR211W,YEL019C,0,-3.6571367,0.38246506452560425,0.3333333432674408,0.05382059887051582
YBR136W,YOR014W,1,-3.6579971,0.3832487165927887,0.33444076776504517,0.05382059887051582
YPL170W,YDR082W,0,-3.6587954,0.38276299834251404,0.33444076776504517,0.0539313405752182
YIL132C,YOR229W,1,-3.6592078,0.38354429602622986,0.33554816246032715,0.0539313405752182
YPR178W,YHL006C,0,-3.6603684,0.38305941224098206,0.33554816246032715,0.05404208227992058
YIL132C,YOR014W,1,-3.6604984,0.38383838534355164,0.3366555869579315,0.05404208227992058
YJR127C,YDL194W,0,-3.6612923,0.3833543360233307,0.3366555869579315,0.054152823984622955
YER065C,YOL067C,0,-3.661778,0.38287153840065,0.3366555869579315,0.05426356568932533
YFR008W,YOR298C-A,0,-3.66366,0.38238993287086487,0.3366555869579315,0.05437430739402771
YMR065W,YCL001W,0,-3.6654987,0.3819095492362976,0.3366555869579315,0.05448504909873009
YFL056C,YML064C,0,-3.6678004,0.38143035769462585,0.3366555869579315,0.054595790803432465
YNL223W,YMR182C,0,-3.6685848,0.380952388048172,0.3366555869579315,0.05470653250813484
YNR056C,YBL006C,0,-3.668802,0.38047558069229126,0.3366555869579315,0.05481727421283722
YDL115C,YDR369C,1,-3.6692734,0.3812499940395355,0.3377630114555359,0.05481727421283722
YEL019C,YOR295W,0,-3.6696239,0.38077402114868164,0.3377630114555359,0.0549280159175396
YLR314C,YOR250C,0,-3.6697478,0.38029924035072327,0.3377630114555359,0.05503876134753227
YGL063W,YKR062W,0,-3.672791,0.3798256516456604,0.3377630114555359,0.05514950305223465
YJR050W,YHL006C,0,-3.6736178,0.37935322523117065,0.3377630114555359,0.05526024475693703
YER065C,YDL076C,0,-3.6752737,0.3788819909095764,0.3377630114555359,0.055370986461639404
YOR229W,YGL249W,1,-3.6787338,0.37965261936187744,0.33887043595314026,0.055370986461639404
YPL161C,YAL021C,0,-3.6796613,0.3791821599006653,0.33887043595314026,0.05548172816634178
YOR032C,YGL090W,0,-3.6805549,0.37871286273002625,0.33887043595314026,0.05559246987104416
YKL108W,YGR104C,0,-3.6810894,0.3782447576522827,0.33887043595314026,0.055703211575746536
YIL132C,YPL022W,1,-3.6815603,0.3790123462677002,0.33997786045074463,0.055703211575746536
YDR108W,YJL146W,1,-3.6831908,0.37977805733680725,0.341085284948349,0.055703211575746536
YHR014W,YOR229W,1,-3.6846051,0.3805418610572815,0.342192679643631,0.055703211575746536
YNL214W,YCR024C-A,0,-3.685884,0.38007381558418274,0.342192679643631,0.055813953280448914
YBR136W,YDR369C,1,-3.6864038,0.3808353841304779,0.34330010414123535,0.055813953280448914
YER054C,YMR087W,0,-3.6864324,0.38036808371543884,0.34330010414123535,0.05592469498515129
YHR043C,YIR019C,0,-3.6877398,0.3799019753932953,0.34330010414123535,0.05603543668985367
YEL061C,YJR049C,0,-3.6893547,0.3794369697570801,0.34330010414123535,0.056146178394556046
YDL115C,YLR234W,1,-3.68936,0.38019558787345886,0.3444075286388397,0.056146178394556046
YNL278W,YKR022C,0,-3.6897817,0.3797313868999481,0.3444075286388397,0.05625692009925842
YFL056C,YJL062W,0,-3.6903706,0.3792682886123657,0.3444075286388397,0.0563676618039608
YPL022W,YDR285W,1,-3.6905155,0.38002437353134155,0.3455149531364441,0.0563676618039608
YOR354C,YGL249W,1,-3.6911626,0.38077858090400696,0.34662237763404846,0.0563676618039608
YER095W,YNL025C,1,-3.6913247,0.3815309703350067,0.34772980213165283,0.0563676618039608
YOR229W,YDR285W,1,-3.6942883,0.3822815418243408,0.3488371968269348,0.0563676618039608
YBR250W,YFL037W,1,-3.695434,0.3830302953720093,0.3499446213245392,0.0563676618039608
YNR056C,YPL144W,0,-3.6956801,0.38256657123565674,0.3499446213245392,0.05647840350866318
YNL250W,YJL074C,1,-3.696692,0.3833131790161133,0.35105204582214355,0.05647840350866318
YLR399C,YNL025C,1,-3.6968765,0.3840579688549042,0.3521594703197479,0.05647840350866318
YDR296W,YIL095W,0,-3.6985173,0.38359469175338745,0.3521594703197479,0.05658914893865585
YBR217W,YPR005C,0,-3.6993935,0.3831325173377991,0.3521594703197479,0.05669989064335823
YML051W,YCR014C,0,-3.700397,0.3826714754104614,0.3521594703197479,0.05681063234806061
YNL278W,YKL073W,0,-3.7022166,0.3822115361690521,0.3521594703197479,0.056921374052762985
YGL090W,YDL039C,0,-3.7038813,0.38175269961357117,0.3521594703197479,0.05703211575746536
YPL228W,YNL279W,0,-3.7044454,0.38129496574401855,0.3521594703197479,0.05714285746216774
YLR399C,YHR014W,1,-3.7077446,0.3820359408855438,0.3532668948173523,0.05714285746216774
YMR068W,YDL244W,0,-3.7092035,0.3815789520740509,0.3532668948173523,0.05725359916687012
YKR036C,YGR140W,0,-3.7094893,0.38112306594848633,0.3532668948173523,0.057364340871572495
YOR351C,YOR354C,1,-3.7120214,0.3818615674972534,0.35437431931495667,0.057364340871572495
YJL168C,YER041W,0,-3.7138906,0.38140642642974854,0.35437431931495667,0.05747508257627487
YPR178W,YBL025W,0,-3.7163942,0.380952388048172,0.35437431931495667,0.05758582428097725
YBR102C,YMR182C,0,-3.7171087,0.38049939274787903,0.35437431931495667,0.057696565985679626
YER038C,YKL051W,0,-3.7174606,0.3800475001335144,0.35437431931495667,0.057807307690382004
YBR136W,YML095C,1,-3.7199123,0.38078293204307556,0.35548171401023865,0.057807307690382004
YBR228W,YDR082W,0,-3.7199183,0.38033175468444824,0.35548171401023865,0.05791804939508438
YMR164C,YJR019C,0,-3.7199664,0.3798816502094269,0.35548171401023865,0.05802879109978676
YPL139C,YDR285W,1,-3.721765,0.38061466813087463,0.356589138507843,0.05802879109978676
YGR188C,YMR218C,0,-3.72181,0.3801652789115906,0.356589138507843,0.058139536529779434
YDR022C,YIL042C,0,-3.7226648,0.37971699237823486,0.356589138507843,0.05825027823448181
YNL318C,YDR247W,0,-3.722783,0.37926971912384033,0.356589138507843,0.05836101993918419
YBL020W,YGR013W,0,-3.7243102,0.37882351875305176,0.356589138507843,0.058471761643886566
YKL108W,YMR218C,0,-3.724678,0.37837839126586914,0.356589138507843,0.058582503348588943
YLR014C,YPL193W,0,-3.726627,0.3779342770576477,0.356589138507843,0.05869324505329132
YBL084C,YJR158W,0,-3.7268205,0.37749120593070984,0.356589138507843,0.0588039867579937
YOR371C,YPL032C,0,-3.7285988,0.37704917788505554,0.356589138507843,0.058914728462696075
YPL137C,YOR003W,0,-3.7296298,0.3766081929206848,0.356589138507843,0.05902547016739845
YLR411W,YLR014C,0,-3.7299488,0.37616822123527527,0.356589138507843,0.05913621187210083
YKR022C,YBR175W,0,-3.7309923,0.3757292926311493,0.356589138507843,0.05924695357680321
YGL025C,YJL045W,0,-3.7314715,0.3752913773059845,0.356589138507843,0.059357695281505585
YOL042W,YNL079C,0,-3.7342417,0.3748544752597809,0.356589138507843,0.05946843698620796
YDL093W,YMR234W,0,-3.7384207,0.37441861629486084,0.356589138507843,0.05957917869091034
YFL056C,YKL006C-A,0,-3.739379,0.3739837408065796,0.356589138507843,0.059689924120903015
YMR287C,YML021C,0,-3.74001,0.3735498785972595,0.356589138507843,0.05980066582560539
YCR027C,YOR308C,0,-3.740027,0.37311702966690063,0.356589138507843,0.05991140753030777
YMR167W,YDR285W,1,-3.7403393,0.37384259700775146,0.3576965630054474,0.05991140753030777
YLR399C,YMR167W,1,-3.7412019,0.3745664656162262,0.35880398750305176,0.05991140753030777
YLR254C,YDL244W,0,-3.741373,0.3741339445114136,0.35880398750305176,0.06002214923501015
YJR089W,YGR213C,0,-3.7429008,0.37370243668556213,0.35880398750305176,0.060132890939712524
YAR019C,YPR019W,0,-3.7434258,0.3732718825340271,0.35880398750305176,0.0602436326444149
YNR056C,YKL032C,0,-3.7438397,0.37284234166145325,0.35880398750305176,0.06035437434911728
YOR313C,YDR369C,1,-3.7442698,0.3735632300376892,0.35991141200065613,0.06035437434911728
YIR019C,YOL138C,0,-3.7443616,0.3731343150138855,0.35991141200065613,0.060465116053819656
YLR114C,YKR089C,0,-3.7447982,0.37270641326904297,0.35991141200065613,0.060575857758522034
YBL084C,YDL194W,0,-3.7452602,0.37227949500083923,0.35991141200065613,0.06068659946322441
YGL014W,YMR218C,0,-3.7452846,0.3718535602092743,0.35991141200065613,0.06079734116792679
YLR207W,YGL090W,0,-3.7453837,0.37142857909202576,0.35991141200065613,0.060908082872629166
YDR363W,YBR294W,0,-3.747408,0.37100455164909363,0.35991141200065613,0.06101882457733154
YBL035C,YJL089W,0,-3.7487652,0.3705815374851227,0.35991141200065613,0.06112956628203392
YDR022C,YPL157W,0,-3.7500796,0.37015944719314575,0.35991141200065613,0.061240311712026596
YKL032C,YLR212C,0,-3.7506592,0.3697383403778076,0.35991141200065613,0.06135105341672897
YPR030W,YAR031W,0,-3.7508602,0.3693181872367859,0.35991141200065613,0.06146179512143135
YOL165C,YHL019C,0,-3.751031,0.36889898777008057,0.35991141200065613,0.06157253682613373
YOR073W,YFL037W,1,-3.7520592,0.36961451172828674,0.3610188364982605,0.06157253682613373
YAL021C,YEL019C,0,-3.752141,0.3691959083080292,0.3610188364982605,0.061683278530836105
YCR066W,YLR212C,0,-3.7523882,0.3687782883644104,0.3610188364982605,0.06179402023553848
YOR147W,YJL156C,0,-3.7571304,0.36836159229278564,0.3610188364982605,0.06190476194024086
YDR141C,YPL076W,0,-3.7592835,0.3679458200931549,0.3610188364982605,0.06201550364494324
YHR015W,YOR256C,0,-3.7598555,0.3675310015678406,0.3610188364982605,0.062126245349645615
YLR368W,YIL048W,0,-3.760245,0.36711710691452026,0.3610188364982605,0.06223698705434799
YAL021C,YDR141C,0,-3.7626264,0.36670416593551636,0.3610188364982605,0.06234772875905037
YDR150W,YOR003W,0,-3.764131,0.36629214882850647,0.3610188364982605,0.06245847046375275
YPL221W,YLR288C,0,-3.7644076,0.3658810257911682,0.3610188364982605,0.06256921589374542
YOR025W,YBR091C,0,-3.7652988,0.36547085642814636,0.3610188364982605,0.0626799538731575
YHL019C,YPR005C,0,-3.7654793,0.36506158113479614,0.3610188364982605,0.06279069930315018
YCR066W,YOR127W,0,-3.7663138,0.36465322971343994,0.3610188364982605,0.06290143728256226
YDR118W,YFR048W,0,-3.7670252,0.36424580216407776,0.3610188364982605,0.06301218271255493
YIL098C,YMR218C,0,-3.767105,0.3638392984867096,0.3610188364982605,0.06312292069196701
YFR046C,YCL001W,0,-3.768208,0.3634336590766907,0.3610188364982605,0.06323366612195969
YBR274W,YBL008W,0,-3.7682471,0.36302894353866577,0.3610188364982605,0.06334440410137177
YLR399C,YOR073W,1,-3.7687,0.3637374937534332,0.3621262311935425,0.06334440410137177
YNL094W,YHR090C,0,-3.7695842,0.3633333444595337,0.3621262311935425,0.06345514953136444
YAL013W,YNL318C,0,-3.769709,0.3629300892353058,0.3621262311935425,0.06356589496135712
YER053C,YGR006W,0,-3.7709599,0.3625277280807495,0.3621262311935425,0.0636766329407692
YFR024C-A,YKR101W,0,-3.7715006,0.3621262311935425,0.3621262311935425,0.06378737837076187
YMR204C,YOL094C,0,-3.7729354,0.36172565817832947,0.3621262311935425,0.06389811635017395
YHR114W,YDR479C,0,-3.7731209,0.3613259792327881,0.3621262311935425,0.06400886178016663
YMR287C,YPL231W,0,-3.7748563,0.36092716455459595,0.3621262311935425,0.0641195997595787
YBR136W,YOR354C,1,-3.7774653,0.36163175106048584,0.36323365569114685,0.0641195997595787
YNR027W,YCL066W,0,-3.7778459,0.3612334728240967,0.36323365569114685,0.06423034518957138
YBR272C,YDR416W,0,-3.778105,0.36083608865737915,0.36323365569114685,0.06434108316898346
YLR145W,YLR212C,0,-3.7783074,0.36043956875801086,0.36323365569114685,0.06445182859897614
YJL146W,YHR014W,1,-3.7786279,0.3611415922641754,0.3643410801887512,0.06445182859897614
YOR147W,YDL044C,0,-3.7786388,0.3607456088066101,0.3643410801887512,0.06456256657838821
YCR086W,YJL146W,1,-3.7801313,0.3614457845687866,0.3654485046863556,0.06456256657838821
YOR147W,YLR145W,0,-3.7822933,0.3610503375530243,0.3654485046863556,0.06467331200838089
YDL030W,YKR031C,0,-3.7824821,0.3606557250022888,0.3654485046863556,0.06478404998779297
YDL149W,YIL095W,0,-3.7850165,0.360262006521225,0.3654485046863556,0.06489479541778564
YPL228W,YMR182C,0,-3.7863615,0.3598691523075104,0.3654485046863556,0.06500553339719772
YHR191C,YBR020W,0,-3.7907844,0.35947713255882263,0.3654485046863556,0.0651162788271904
YLR399C,YMR198W,1,-3.79192,0.3601740896701813,0.36655592918395996,0.0651162788271904
YMR198W,YPR007C,1,-3.7924187,0.36086955666542053,0.36766335368156433,0.0651162788271904
YOL042W,YJL089W,0,-3.7925935,0.3604777455329895,0.36766335368156433,0.06522702425718307
YDR446W,YFL033C,1,-3.7926104,0.3611713647842407,0.3687707781791687,0.06522702425718307
YDL161W,YBR020W,0,-3.793332,0.3607800602912903,0.3687707781791687,0.06533776223659515
YPR030W,YGR213C,0,-3.7939801,0.3603896200656891,0.3687707781791687,0.06544850766658783
YDR141C,YJL062W,0,-3.7953892,0.36000001430511475,0.3687707781791687,0.06555924564599991
YHR191C,YIL167W,0,-3.796321,0.35961124300956726,0.3687707781791687,0.06566999107599258
YIL004C,YNR059W,0,-3.7965794,0.35922330617904663,0.3687707781791687,0.06578072905540466
YEL009C,YKR022C,0,-3.7976232,0.35883620381355286,0.3687707781791687,0.06589147448539734
YLR234W,YFL037W,1,-3.7979093,0.3595263659954071,0.3698781728744507,0.06589147448539734
YFR046C,YIR017C,0,-3.7997642,0.3591397702693939,0.3698781728744507,0.06600221246480942
YKL032C,YMR087W,0,-3.8002424,0.35875403881073,0.3698781728744507,0.0661129578948021
YNL279W,YML091C,0,-3.8015316,0.3583691120147705,0.3698781728744507,0.06622369587421417
YOR281C,YER041W,0,-3.8035412,0.3579849898815155,0.3698781728744507,0.06633444130420685
YNR019W,YLR141W,0,-3.8045623,0.35760170221328735,0.3698781728744507,0.06644517928361893
YPR006C,YNL214W,0,-3.8058805,0.35721924901008606,0.3698781728744507,0.0665559247136116
YJR089W,YNL041C,0,-3.8065963,0.35683760046958923,0.3698781728744507,0.06666667014360428
YNR056C,YPL075W,0,-3.807145,0.35645678639411926,0.3698781728744507,0.06677740812301636
YBR020W,YBR133C,0,-3.8088117,0.35607674717903137,0.3698781728744507,0.06688815355300903
YCL039W,YMR218C,0,-3.8088255,0.35569754242897034,0.3698781728744507,0.06699889153242111
YDR385W,YPL097W,0,-3.8089068,0.35531914234161377,0.3698781728744507,0.06710963696241379
YPR006C,YEL032W,0,-3.8091369,0.35494154691696167,0.3698781728744507,0.06722037494182587
YLR214W,YDR457W,0,-3.8108468,0.35456475615501404,0.3698781728744507,0.06733112037181854
YGR078C,YCR014C,0,-3.8115776,0.3541887700557709,0.3698781728744507,0.06744185835123062
YHR015W,YPL159C,0,-3.8122826,0.3538135588169098,0.3698781728744507,0.0675526037812233
YJL170C,YNL117W,0,-3.8123183,0.3534391522407532,0.3698781728744507,0.06766334176063538
YMR287C,YMR015C,0,-3.8123198,0.353065550327301,0.3698781728744507,0.06777408719062805
YOR014W,YDR285W,1,-3.8133643,0.3537486791610718,0.37098559737205505,0.06777408719062805
YGR091W,YBL034C,0,-3.8155756,0.35337552428245544,0.37098559737205505,0.06788482517004013
YPR030W,YKR028W,0,-3.816245,0.3530031740665436,0.37098559737205505,0.0679955706000328
YER108C,YPR054W,0,-3.8181512,0.3526315689086914,0.37098559737205505,0.06810630857944489
YJL074C,YBR250W,1,-3.8185363,0.35331231355667114,0.3720930218696594,0.06810630857944489
YIR019C,YBR154C,0,-3.8188486,0.3529411852359772,0.3720930218696594,0.06821705400943756
YNR072W,YPR161C,0,-3.8195686,0.3525708317756653,0.3720930218696594,0.06832779943943024
YLR438C-A,YPR054W,0,-3.8205354,0.3522012531757355,0.3720930218696594,0.06843853741884232
YBR136W,YOR073W,1,-3.8215325,0.3528795838356018,0.3732004463672638,0.06843853741884232
YOR011W,YOR274W,0,-3.821693,0.3525104522705078,0.3732004463672638,0.06854928284883499
YJL100W,YGR002C,0,-3.821855,0.3521421253681183,0.3732004463672638,0.06866002082824707
YKR072C,YDR330W,0,-3.8227067,0.35177454352378845,0.3732004463672638,0.06877076625823975
YBR136W,YFL037W,1,-3.8234062,0.3524504601955414,0.37430787086486816,0.06877076625823975
YDR093W,YER111C,0,-3.8258924,0.35208332538604736,0.37430787086486816,0.06888150423765182
YIL013C,YCL033C,0,-3.8261116,0.3517169654369354,0.37430787086486816,0.0689922496676445
YPL022W,YPR007C,1,-3.826436,0.352390855550766,0.37541529536247253,0.0689922496676445
YMR167W,YCR033W,1,-3.8268082,0.35306334495544434,0.3765226900577545,0.0689922496676445
YPR030W,YPL244C,0,-3.8282943,0.35269710421562195,0.3765226900577545,0.06910298764705658
YBL063W,YJL036W,0,-3.8296287,0.35233160853385925,0.3765226900577545,0.06921373307704926
YLR288C,YGR143W,0,-3.8306808,0.35196688771247864,0.3765226900577545,0.06932447105646133
YNL275W,YGL039W,0,-3.8315258,0.3516028821468353,0.3765226900577545,0.06943521648645401
YKR019C,YIL167W,0,-3.8320107,0.3512396812438965,0.3765226900577545,0.06954595446586609
YNL250W,YPL139C,1,-3.8340888,0.35190919041633606,0.3776301145553589,0.06954595446586609
YGL119W,YIR019C,0,-3.8346224,0.35154637694358826,0.3776301145553589,0.06965669989585876
YOR198C,YBR136W,1,-3.8346462,0.3522142171859741,0.37873753905296326,0.06965669989585876
YNL293W,YKL108W,0,-3.8393009,0.35185185074806213,0.37873753905296326,0.06976744532585144
YBR085W,YDL039C,0,-3.8396573,0.35149022936820984,0.37873753905296326,0.06987818330526352
YPR030W,YML004C,0,-3.8398166,0.35112935304641724,0.37873753905296326,0.0699889287352562
YDR285W,YPR078C,1,-3.8402061,0.35179486870765686,0.3798449635505676,0.0699889287352562
YIL132C,YMR167W,1,-3.840981,0.35245901346206665,0.380952388048172,0.0699889287352562
YDR358W,YGL063W,0,-3.841164,0.3520982563495636,0.380952388048172,0.07009966671466827
YLR318W,YCL051W,0,-3.841167,0.35173824429512024,0.380952388048172,0.07021041214466095
YJL170C,YML081C-A,0,-3.8427467,0.3513789474964142,0.380952388048172,0.07032115012407303
YGL166W,YEL050C,0,-3.8434706,0.3510203957557678,0.380952388048172,0.0704318955540657
YPR100W,YCR066W,0,-3.84369,0.35066258907318115,0.380952388048172,0.07054263353347778
YGR113W,YER116C,0,-3.8441963,0.3503054976463318,0.380952388048172,0.07065337896347046
YBR110W,YDR416W,0,-3.8442807,0.3499491214752197,0.380952388048172,0.07076411694288254
YER054C,YDL028C,0,-3.8450696,0.34959349036216736,0.380952388048172,0.07087486237287521
YLR238W,YOR308C,0,-3.8451238,0.3492385745048523,0.380952388048172,0.07098560035228729
YOR032C,YDR018C,0,-3.845208,0.34888437390327454,0.380952388048172,0.07109634578227997
YEL018W,YOR032C,0,-3.8467026,0.3485308885574341,0.380952388048172,0.07120708376169205
YPR111W,YOL080C,0,-3.8470387,0.3481781482696533,0.380952388048172,0.07131782919168472
YMR173W,YER180C-A,0,-3.8477328,0.3478260934352875,0.380952388048172,0.0714285746216774
YGL063W,YJL047C,0,-3.847753,0.34747475385665894,0.380952388048172,0.07153931260108948
YBR109C,YEL019C,0,-3.8481517,0.3471241295337677,0.380952388048172,0.07165005803108215
YJR158W,YKR019C,0,-3.8482327,0.3467741906642914,0.380952388048172,0.07176079601049423
YOR025W,YIL048W,0,-3.8485186,0.34642496705055237,0.380952388048172,0.07187154144048691
YHR050W,YGR013W,0,-3.8488216,0.34607645869255066,0.380952388048172,0.07198227941989899
YMR065W,YER180C-A,0,-3.848858,0.34572863578796387,0.380952388048172,0.07209302484989166
YMR276W,YJL036W,0,-3.8492684,0.3453815281391144,0.380952388048172,0.07220376282930374
YDR302W,YPL007C,0,-3.8521938,0.3450351059436798,0.380952388048172,0.07231450825929642
YNL041C,YCR065W,0,-3.8525977,0.34468936920166016,0.380952388048172,0.0724252462387085
YPR119W,YBR097W,0,-3.855567,0.3443443477153778,0.380952388048172,0.07253599166870117
YNL318C,YAR042W,0,-3.8560567,0.3440000116825104,0.380952388048172,0.07264672964811325
YJL146W,YOR351C,1,-3.8564897,0.3446553349494934,0.38205981254577637,0.07264672964811325
YMR167W,YML095C,1,-3.8575974,0.34530937671661377,0.38316720724105835,0.07264672964811325
YNR008W,YGR091W,0,-3.857652,0.3449651002883911,0.38316720724105835,0.07275747507810593
YBL020W,YER111C,0,-3.857911,0.3446215093135834,0.38316720724105835,0.0728682205080986
YOL135C,YNL214W,0,-3.8588848,0.34427860379219055,0.38316720724105835,0.07297895848751068
YCR065W,YPL157W,0,-3.8610468,0.34393638372421265,0.38316720724105835,0.07308970391750336
YLR399C,YDR285W,1,-3.8623466,0.34458789229393005,0.3842746317386627,0.07308970391750336
YDL115C,YNL250W,1,-3.862917,0.3452380895614624,0.3853820562362671,0.07308970391750336
YDR108W,YPL139C,1,-3.864906,0.3458870053291321,0.38648948073387146,0.07308970391750336
YMR319C,YIL026C,0,-3.8650727,0.3455445468425751,0.38648948073387146,0.07320044189691544
YNL042W,YCL010C,0,-3.8654346,0.345202773809433,0.38648948073387146,0.07331118732690811
YOR313C,YOR229W,1,-3.8671937,0.34584981203079224,0.38759690523147583,0.07331118732690811
YJL062W,YHR120W,0,-3.8683145,0.3455083966255188,0.38759690523147583,0.07342192530632019
YJR089W,YJR127C,0,-3.8685882,0.3451676666736603,0.38759690523147583,0.07353267073631287
YBR085W,YMR218C,0,-3.869191,0.3448275923728943,0.38759690523147583,0.07364340871572495
YOR351C,YOR229W,1,-3.869221,0.34547245502471924,0.3887043297290802,0.07364340871572495
YCR098C,YOR216C,0,-3.869919,0.3451327383518219,0.3887043297290802,0.07375415414571762
YNL318C,YBR212W,0,-3.8708384,0.3447937071323395,0.3887043297290802,0.0738648921251297
YPL155C,YBR212W,0,-3.871739,0.344455361366272,0.3887043297290802,0.07397563755512238
YPL022W,YHR014W,1,-3.8717666,0.3450980484485626,0.3898117244243622,0.07397563755512238
YDR093W,YBR228W,0,-3.8724837,0.3447600305080414,0.3898117244243622,0.07408637553453445
YAR019C,YBL025W,0,-3.8729901,0.34442269802093506,0.3898117244243622,0.07419712096452713
YGL249W,YPR078C,1,-3.8748002,0.34506353735923767,0.39091914892196655,0.07419712096452713
YDR148C,YJR029W,0,-3.8752172,0.3447265625,0.39091914892196655,0.0743078663945198
YHR011W,YLR254C,0,-3.8754056,0.34439024329185486,0.39091914892196655,0.07441860437393188
YPL244C,YHR015W,0,-3.8762243,0.34405457973480225,0.39091914892196655,0.07452934980392456
YMR198W,YHR152W,1,-3.8767648,0.34469327330589294,0.3920265734195709,0.07452934980392456
YOR351C,YPL022W,1,-3.8786721,0.34533074498176575,0.3931339979171753,0.07452934980392456
YBR020W,YDL064W,0,-3.8791337,0.3449951410293579,0.3931339979171753,0.07464008778333664
YBR290W,YDL039C,0,-3.8792565,0.3446601927280426,0.3931339979171753,0.07475083321332932
YOR074C,YDR018C,0,-3.879643,0.3443259000778198,0.3931339979171753,0.0748615711927414
YPL051W,YFR008W,0,-3.8838506,0.3439922332763672,0.3931339979171753,0.07497231662273407
YJL115W,YLR114C,0,-3.883982,0.34365925192832947,0.3931339979171753,0.07508305460214615
YBR040W,YKL058W,0,-3.8855433,0.3433268964290619,0.3931339979171753,0.07519380003213882
YOR351C,YPL042C,1,-3.8855736,0.34396135807037354,0.39424142241477966,0.07519380003213882
YOR011W,YLR095C,0,-3.886369,0.3436293303966522,0.39424142241477966,0.0753045380115509
YKR036C,YAR042W,0,-3.886937,0.3432979881763458,0.39424142241477966,0.07541528344154358
YDL099W,YDR385W,0,-3.8899186,0.3429672420024872,0.39424142241477966,0.07552602142095566
YNR072W,YLR212C,0,-3.8900297,0.34263715147972107,0.39424142241477966,0.07563676685094833
YKR089C,YLR410W,0,-3.8902283,0.3423076868057251,0.39424142241477966,0.07574750483036041
YOR354C,YPR078C,1,-3.8907216,0.34293949604034424,0.39534884691238403,0.07574750483036041
YLR014C,YKL006C-A,0,-3.8914886,0.34261035919189453,0.39534884691238403,0.07585825026035309
YEL032W,YOR127W,0,-3.8915486,0.34228187799453735,0.39534884691238403,0.07596899569034576
YGL063W,YEL031W,0,-3.8917265,0.3419540226459503,0.39534884691238403,0.07607973366975784
YDL085W,YDR103W,0,-3.8918624,0.3416267931461334,0.39534884691238403,0.07619047909975052
YLR399C,YDR108W,1,-3.8932853,0.34225621819496155,0.3964562714099884,0.07619047909975052
YMR287C,YAR007C,0,-3.8952975,0.3419293165206909,0.3964562714099884,0.0763012170791626
YLR399C,YGL249W,1,-3.895587,0.34255725145339966,0.3975636661052704,0.0763012170791626
YLR411W,YBL008W,0,-3.8961592,0.3422307074069977,0.3975636661052704,0.07641196250915527
YBR217W,YJL042W,0,-3.897036,0.34190475940704346,0.3975636661052704,0.07652270048856735
YDR108W,YOR014W,1,-3.8978918,0.3425309360027313,0.39867109060287476,0.07652270048856735
YOR250C,YER038C,0,-3.8989513,0.34220531582832336,0.39867109060287476,0.07663344591856003
YOR188W,YDR082W,0,-3.9025488,0.34188035130500793,0.39867109060287476,0.0767441838979721
YDR473C,YDR487C,0,-3.9025812,0.34155598282814026,0.39867109060287476,0.07685492932796478
YBL063W,YPL007C,0,-3.9026198,0.3412322402000427,0.39867109060287476,0.07696566730737686
YJR158W,YAL051W,0,-3.9027562,0.34090909361839294,0.39867109060287476,0.07707641273736954
YGL166W,YFR033C,0,-3.9040093,0.3405865728855133,0.39867109060287476,0.07718715071678162
YNL250W,YPR078C,1,-3.9050815,0.3412098288536072,0.3997785151004791,0.07718715071678162
YJR050W,YDR487C,0,-3.9052973,0.3408876359462738,0.3997785151004791,0.07729789614677429
YMR198W,YLR234W,1,-3.9054515,0.3415094316005707,0.4008859395980835,0.07729789614677429
YMR277W,YNR072W,0,-3.905629,0.34118756651878357,0.4008859395980835,0.07740864157676697
YMR167W,YNL250W,1,-3.9062705,0.34180790185928345,0.40199336409568787,0.07740864157676697
YDR108W,YMR190C,1,-3.9070888,0.3424271047115326,0.40310078859329224,0.07740864157676697
YBR136W,YHR157W,1,-3.9071536,0.34304511547088623,0.4042081832885742,0.07740864157676697
YPL228W,YPL155C,0,-3.908008,0.34272301197052,0.4042081832885742,0.07751937955617905
YLR207W,YCL017C,0,-3.909316,0.34240150451660156,0.4042081832885742,0.07763012498617172
YMR198W,YPR078C,1,-3.9109502,0.3430178165435791,0.4053156077861786,0.07763012498617172
YJL146W,YDR285W,1,-3.9111857,0.3436329662799835,0.40642303228378296,0.07763012498617172
YAL017W,YLR386W,0,-3.9116418,0.34331151843070984,0.40642303228378296,0.0777408629655838
YPL221W,YNL117W,0,-3.9122033,0.3429906666278839,0.40642303228378296,0.07785160839557648
YLR256W,YKR031C,0,-3.9143114,0.34267041087150574,0.40642303228378296,0.07796234637498856
YCR065W,YGR213C,0,-3.9143183,0.3423507511615753,0.40642303228378296,0.07807309180498123
YNR027W,YJL100W,0,-3.9149761,0.34203168749809265,0.40642303228378296,0.07818382978439331
YLR238W,YOR003W,0,-3.9151852,0.34171321988105774,0.40642303228378296,0.07829457521438599
YDR141C,YDR394W,0,-3.9163089,0.3413953483104706,0.40642303228378296,0.07840531319379807
YOR014W,YGL249W,1,-3.917099,0.34200742840766907,0.40753045678138733,0.07840531319379807
YKR089C,YML021C,0,-3.91712,0.3416898846626282,0.40753045678138733,0.07851605862379074
YGR213C,YOR003W,0,-3.9173353,0.34137290716171265,0.40753045678138733,0.07862679660320282
YPR119W,YBR205W,0,-3.9206293,0.3410565257072449,0.40753045678138733,0.0787375420331955
YOR371C,YJL011C,0,-3.920734,0.34074074029922485,0.40753045678138733,0.07884828001260757
YPR119W,YCL017C,0,-3.9218304,0.3404255211353302,0.40753045678138733,0.07895902544260025
YBL069W,YPL032C,0,-3.9219673,0.3401108980178833,0.40753045678138733,0.07906977087259293
YPL228W,YDR358W,0,-3.922635,0.33979687094688416,0.40753045678138733,0.079180508852005
YMR167W,YPR007C,1,-3.9227943,0.3404059112071991,0.4086378812789917,0.079180508852005
YLR411W,YPR017C,0,-3.9232912,0.34009215235710144,0.4086378812789917,0.07929125428199768
YPL051W,YAR019C,0,-3.923601,0.3397790193557739,0.4086378812789917,0.07940199226140976
YLR314C,YER180C-A,0,-3.9246576,0.3394664227962494,0.4086378812789917,0.07951273769140244
YJL062W,YIL017C,0,-3.9256597,0.3391544222831726,0.4086378812789917,0.07962347567081451
YPL001W,YOR373W,0,-3.9262621,0.3388429880142212,0.4086378812789917,0.07973422110080719
YHR072W,YDL033C,0,-3.9266305,0.33853211998939514,0.4086378812789917,0.07984495908021927
YNR072W,YIL149C,0,-3.9269443,0.33822181820869446,0.4086378812789917,0.07995570451021194
YPL022W,YHR157W,1,-3.9284358,0.33882784843444824,0.40974530577659607,0.07995570451021194
YOR274W,YDL216C,0,-3.9285882,0.33851784467697144,0.40974530577659607,0.08006644248962402
YMR182C,YKL041W,0,-3.9296253,0.33820840716362,0.40974530577659607,0.0801771879196167
YLR155C,YER111C,0,-3.929981,0.3378995358943939,0.40974530577659607,0.08028792589902878
YFL059W,YJR120W,0,-3.9309227,0.3375912308692932,0.40974530577659607,0.08039867132902145
YCR098C,YNL117W,0,-3.9314706,0.33728349208831787,0.40974530577659607,0.08050941675901413
YHR067W,YBR082C,0,-3.9318056,0.3369763195514679,0.40974530577659607,0.08062015473842621
YKL110C,YOR003W,0,-3.932489,0.3366697132587433,0.40974530577659607,0.08073090016841888
YPL049C,YMR313C,0,-3.9325435,0.33636364340782166,0.40974530577659607,0.08084163814783096
YLR368W,YKR020W,0,-3.932563,0.3360581398010254,0.40974530577659607,0.08095238357782364
YCL051W,YER149C,0,-3.9331894,0.3357531726360321,0.40974530577659607,0.08106312155723572
YOR049C,YGR099W,0,-3.9333544,0.3354487717151642,0.40974530577659607,0.0811738669872284
YPL046C,YJR049C,0,-3.9335895,0.33514493703842163,0.40974530577659607,0.08128460496664047
YGR147C,YKL006C-A,0,-3.9359596,0.33484163880348206,0.40974530577659607,0.08139535039663315
YBL063W,YOL060C,0,-3.9360142,0.33453887701034546,0.40974530577659607,0.08150608837604523
YML004C,YLR442C,0,-3.9368212,0.33423668146133423,0.40974530577659607,0.0816168338060379
YLR155C,YBR217W,0,-3.937464,0.333935022354126,0.40974530577659607,0.08172757178544998
YLL022C,YIL114C,0,-3.9379377,0.3336338996887207,0.40974530577659607,0.08183831721544266
YCR098C,YPL031C,0,-3.9379902,0.3333333432674408,0.40974530577659607,0.08194905519485474
YOR030W,YDR443C,0,-3.9381447,0.3330332934856415,0.40974530577659607,0.08205980062484741
YPL212C,YER041W,0,-3.9382858,0.33273380994796753,0.40974530577659607,0.08217054605484009
YDR363W,YER180C-A,0,-3.938684,0.33243486285209656,0.40974530577659607,0.08228128403425217
YIL167W,YMR313C,0,-3.9397664,0.33213645219802856,0.40974530577659607,0.08239202946424484
YOR354C,YDR285W,1,-3.9400115,0.33273541927337646,0.41085270047187805,0.08239202946424484
YCR024C-A,YDL216C,0,-3.9408875,0.33243727684020996,0.41085270047187805,0.08250276744365692
YLL003W,YHR050W,0,-3.9411309,0.33213967084884644,0.41085270047187805,0.0826135128736496
YMR240C,YHR048W,0,-3.942089,0.3318425714969635,0.41085270047187805,0.08272425085306168
YOL042W,YOR308C,0,-3.942427,0.33154600858688354,0.41085270047187805,0.08283499628305435
YFL056C,YJR126C,0,-3.9429107,0.33125001192092896,0.41085270047187805,0.08294573426246643
YDL102W,YMR182C,0,-3.9433746,0.33095449209213257,0.41085270047187805,0.0830564796924591
YOR032C,YLR442C,0,-3.9444568,0.33065953850746155,0.41085270047187805,0.08316721767187119
YMR198W,YBR136W,1,-3.947486,0.33125555515289307,0.4119601249694824,0.08316721767187119
YOL042W,YCL010C,0,-3.9496617,0.33096083998680115,0.4119601249694824,0.08327796310186386
YHR154W,YKL203C,0,-3.9497192,0.3306666612625122,0.4119601249694824,0.08338870108127594
YNL251C,YDL194W,0,-3.950203,0.33037298917770386,0.4119601249694824,0.08349944651126862
YMR198W,YOR354C,1,-3.9502478,0.33096715807914734,0.4130675494670868,0.08349944651126862
YOR025W,YIL013C,0,-3.950744,0.3306737542152405,0.4130675494670868,0.08361019194126129
YMR060C,YJR126C,0,-3.9513073,0.3303808569908142,0.4130675494670868,0.08372092992067337
YJR050W,YLR141W,0,-3.9519153,0.3300884962081909,0.4130675494670868,0.08383167535066605
YLR131C,YBR212W,0,-3.951929,0.3297966420650482,0.4130675494670868,0.08394241333007812
YLR141W,YFL059W,0,-3.9536157,0.3295052945613861,0.4130675494670868,0.0840531587600708
YFL033C,YLR234W,1,-3.9536462,0.3300970792770386,0.41417497396469116,0.0840531587600708
YCL051W,YOR274W,0,-3.9543145,0.32980599999427795,0.41417497396469116,0.08416389673948288
YKL135C,YPR030W,0,-3.9543417,0.3295154273509979,0.41417497396469116,0.08427464216947556
YNL042W,YHR118C,0,-3.954381,0.3292253613471985,0.41417497396469116,0.08438538014888763
YJL170C,YML021C,0,-3.9548955,0.32893580198287964,0.41417497396469116,0.08449612557888031
YGR036C,YMR218C,0,-3.9558053,0.3286467492580414,0.41417497396469116,0.08460686355829239
YLL002W,YOR256C,0,-3.9565141,0.3283582031726837,0.41417497396469116,0.08471760898828506
YOR049C,YGR122W,0,-3.9575958,0.32807016372680664,0.41417497396469116,0.08482834696769714
YAL041W,YDL093W,0,-3.958909,0.32778266072273254,0.41417497396469116,0.08493909239768982
YNL225C,YDR160W,0,-3.9596262,0.32749563455581665,0.41417497396469116,0.0850498303771019
YNL219C,YOL067C,0,-3.9596927,0.32720908522605896,0.41417497396469116,0.08516057580709457
YPR135W,YDL093W,0,-3.9597704,0.32692307233810425,0.41417497396469116,0.08527132123708725
YOR014W,YFL037W,1,-3.9598765,0.32751092314720154,0.41528239846229553,0.08527132123708725
YDR123C,YMR101C,0,-3.9603782,0.32722511887550354,0.41528239846229553,0.08538205921649933
YHR055C,YNR059W,0,-3.9607654,0.3269398510456085,0.41528239846229553,0.085492804646492
YMR042W,YIL004C,0,-3.961136,0.3266550600528717,0.41528239846229553,0.08560354262590408
YIL132C,YOR354C,1,-3.9611473,0.32724109292030334,0.4163898229598999,0.08560354262590408
YKL185W,YOR265W,0,-3.9612308,0.32695651054382324,0.4163898229598999,0.08571428805589676
YPR019W,YMR204C,0,-3.9620175,0.3266724646091461,0.4163898229598999,0.08582502603530884
YLR318W,YKL108W,0,-3.9628987,0.3263888955116272,0.4163898229598999,0.08593577146530151
YJL170C,YER119C,0,-3.963052,0.3261058032512665,0.4163898229598999,0.08604650944471359
YPL275W,YEL031W,0,-3.9633143,0.32582321763038635,0.4163898229598999,0.08615725487470627
YCR034W,YCL020W,0,-3.9633272,0.3255411386489868,0.4163898229598999,0.08626799285411835
YMR287C,YJL042W,0,-3.9640517,0.3252595067024231,0.4163898229598999,0.08637873828411102
YMR167W,YPL139C,1,-3.9641407,0.3258427083492279,0.4174972176551819,0.08637873828411102
YBL008W,YOR266W,0,-3.9644952,0.3255613148212433,0.4174972176551819,0.0864894762635231
YDR488C,YEL057C,0,-3.9656916,0.32528042793273926,0.4174972176551819,0.08660022169351578
YNL223W,YIL013C,0,-3.966042,0.32499998807907104,0.4174972176551819,0.08671096712350845
YIL013C,YNL206C,0,-3.9680343,0.3247200548648834,0.4174972176551819,0.08682170510292053
YFL056C,YOL102C,0,-3.9683793,0.3244406282901764,0.4174972176551819,0.08693245053291321
YGL166W,YJL063C,0,-3.9685473,0.3241616487503052,0.4174972176551819,0.08704318851232529
YER112W,YIR006C,0,-3.968658,0.32388317584991455,0.4174972176551819,0.08715393394231796
YKL138C-A,YJL156C,0,-3.971777,0.32360514998435974,0.4174972176551819,0.08726467192173004
YJR155W,YGR133W,0,-3.9725785,0.32332760095596313,0.4174972176551819,0.08737541735172272
YDR437W,YNR034W,0,-3.9728935,0.3230505585670471,0.4174972176551819,0.0874861553311348
YFL056C,YNR027W,0,-3.9729242,0.3227739632129669,0.4174972176551819,0.08759690076112747
YDL030W,YER041W,0,-3.9752603,0.3224978744983673,0.4174972176551819,0.08770763874053955
YMR015C,YBR228W,0,-3.9759145,0.3222222328186035,0.4174972176551819,0.08781838417053223
YFR033C,YMR156C,0,-3.9766083,0.3219470679759979,0.4174972176551819,0.0879291221499443
YBR085W,YBL084C,0,-3.9771364,0.32167235016822815,0.4174972176551819,0.08803986757993698
YPR006C,YFR048W,0,-3.977603,0.32139813899993896,0.4174972176551819,0.08815060555934906
YHR055C,YMR204C,0,-3.9784517,0.3211243748664856,0.4174972176551819,0.08826135098934174
YDL115C,YCR033W,1,-3.9792972,0.32170212268829346,0.41860464215278625,0.08826135098934174
YLR238W,YPL159C,0,-3.9796286,0.3214285671710968,0.41860464215278625,0.08837209641933441
YDL194W,YKL041W,0,-3.9796515,0.32115548849105835,0.41860464215278625,0.08848283439874649
YCR024C-A,YHR090C,0,-3.9812996,0.3208828568458557,0.41860464215278625,0.08859357982873917
YPR034W,YKR020W,0,-3.9843228,0.3206106722354889,0.41860464215278625,0.08870431780815125
YKR022C,YOR295W,0,-3.984891,0.32033899426460266,0.41860464215278625,0.08881506323814392
YAL013W,YIL114C,0,-3.9849396,0.32006773352622986,0.41860464215278625,0.088925801217556
YGR244C,YLR288C,0,-3.9854429,0.31979694962501526,0.41860464215278625,0.08903654664754868
YDR302W,YPL097W,0,-3.9854453,0.3195266127586365,0.41860464215278625,0.08914728462696075
YNL278W,YHR086W,0,-3.985656,0.3192567527294159,0.41860464215278625,0.08925803005695343
YKR028W,YMR218C,0,-3.9859834,0.31898733973503113,0.41860464215278625,0.08936876803636551
YMR220W,YDL093W,0,-3.986279,0.3187183737754822,0.41860464215278625,0.08947951346635818
YPL155C,YNR064C,0,-3.987101,0.31844988465309143,0.41860464215278625,0.08959025144577026
YNR035C,YEL019C,0,-3.9882371,0.3181818127632141,0.41860464215278625,0.08970099687576294
YLR214W,YDR435C,0,-3.9907994,0.317914217710495,0.41860464215278625,0.08981174230575562
YOR147W,YGL136C,0,-3.9920845,0.3176470696926117,0.41860464215278625,0.0899224802851677
YOR014W,YDR369C,1,-3.992673,0.31821998953819275,0.4197120666503906,0.0899224802851677
YLR288C,YNR059W,0,-3.992693,0.3179530203342438,0.4197120666503906,0.09003322571516037
YAR019C,YHL048W,0,-3.9928606,0.3176864981651306,0.4197120666503906,0.09014396369457245
YJR050W,YJL143W,0,-3.992903,0.31742042303085327,0.4197120666503906,0.09025470912456512
YGR147C,YOR295W,0,-3.9932787,0.31715482473373413,0.4197120666503906,0.0903654471039772
YGR179C,YEL002C,0,-3.9938278,0.3168896436691284,0.4197120666503906,0.09047619253396988
YJR042W,YAR010C,0,-3.9947457,0.3166249096393585,0.4197120666503906,0.09058693051338196
YBR085W,YDL093W,0,-3.994772,0.31636059284210205,0.4197120666503906,0.09069767594337463
YHR091C,YOL042W,0,-3.9948363,0.3160967528820038,0.4197120666503906,0.09080841392278671
YJR049C,YGL227W,0,-3.9970772,0.31583333015441895,0.4197120666503906,0.09091915935277939
YPL155C,YPL206C,0,-3.9979033,0.3155703544616699,0.4197120666503906,0.09102989733219147
YDR118W,YOL060C,0,-3.9983664,0.3153078258037567,0.4197120666503906,0.09114064276218414
YDR108W,YHR157W,1,-4.0000496,0.31587696075439453,0.420819491147995,0.09114064276218414
YPL137C,YBL006C,0,-4.000271,0.31561461091041565,0.420819491147995,0.09125138074159622
YOR014W,YLR234W,1,-4.0003796,0.31618258357048035,0.42192691564559937,0.09125138074159622
YBL084C,YOR266W,0,-4.0003963,0.3159204125404358,0.42192691564559937,0.0913621261715889
YDR254W,YNL214W,0,-4.000962,0.31565865874290466,0.42192691564559937,0.09147287160158157
YPR019W,YJL089W,0,-4.0013294,0.31539735198020935,0.42192691564559937,0.09158360958099365
YKL138C-A,YDL216C,0,-4.001726,0.31513646245002747,0.42192691564559937,0.09169435501098633
YHR120W,YOR256C,0,-4.0026846,0.3148760199546814,0.42192691564559937,0.09180509299039841
YDR268W,YBR095C,0,-4.002929,0.31461602449417114,0.42192691564559937,0.09191583842039108
YJL089W,YPL157W,0,-4.003633,0.3143564462661743,0.42192691564559937,0.09202657639980316
YPL139C,YOR229W,1,-4.0051603,0.31492167711257935,0.42303434014320374,0.09202657639980316
YPL228W,YKR009C,0,-4.0051975,0.31466227769851685,0.42303434014320374,0.09213732182979584
YPL076W,YJR029W,0,-4.0056643,0.3144032955169678,0.42303434014320374,0.09224805980920792
YOL115W,YER041W,0,-4.00585,0.31414473056793213,0.42303434014320374,0.09235880523920059
YKR009C,YOL060C,0,-4.006666,0.3138866126537323,0.42303434014320374,0.09246954321861267
YPR030W,YLR043C,0,-4.007316,0.3136289119720459,0.42303434014320374,0.09258028864860535
YDR363W,YOR147W,0,-4.0074134,0.3133716285228729,0.42303434014320374,0.09269102662801743
YFL037W,YGL249W,1,-4.0075436,0.31393441557884216,0.4241417348384857,0.09269102662801743
YKR009C,YDL093W,0,-4.007962,0.3136773109436035,0.4241417348384857,0.0928017720580101
YNR019W,YGL063W,0,-4.0080023,0.3134206235408783,0.4241417348384857,0.09291251748800278
YKR089C,YKL035W,0,-4.0086246,0.3131643533706665,0.4241417348384857,0.09302325546741486
YNL042W,YJL003W,0,-4.008786,0.31290850043296814,0.4241417348384857,0.09313400089740753
YJL146W,YPR007C,1,-4.0094857,0.31346938014030457,0.4252491593360901,0.09313400089740753
YHR011W,YER180C-A,0,-4.0096827,0.3132137060165405,0.4252491593360901,0.09324473887681961
YFL056C,YAR042W,0,-4.01016,0.3129584491252899,0.4252491593360901,0.09335548430681229
YAL040C,YDR082W,0,-4.010983,0.31270357966423035,0.4252491593360901,0.09346622228622437
YKR036C,YJL100W,0,-4.011141,0.3124491572380066,0.4252491593360901,0.09357696771621704
YKR009C,YIL149C,0,-4.0117645,0.3121951222419739,0.4252491593360901,0.09368770569562912
YDR446W,YPL022W,1,-4.013628,0.3127538561820984,0.42635658383369446,0.09368770569562912
YCR082W,YMR137C,0,-4.014342,0.3125,0.42635658383369446,0.0937984511256218
YOL165C,YPL097W,0,-4.014908,0.31224656105041504,0.42635658383369446,0.09390918910503387
YPR171W,YMR065W,0,-4.014928,0.3119935095310211,0.42635658383369446,0.09401993453502655
YJL170C,YDR363W,0,-4.0150256,0.311740905046463,0.42635658383369446,0.09413067251443863
YKR036C,YDR093W,0,-4.0157332,0.31148868799209595,0.42635658383369446,0.0942414179444313
YJL058C,YIL082W-A,0,-4.015779,0.3112368583679199,0.42635658383369446,0.09435215592384338
YLR288C,YNL145W,0,-4.0160155,0.3109854459762573,0.42635658383369446,0.09446290135383606
YBL069W,YHR090C,0,-4.017149,0.31073445081710815,0.42635658383369446,0.09457364678382874
YML078W,YOL067C,0,-4.0188246,0.3104838728904724,0.42635658383369446,0.09468438476324081
YDR022C,YPL170W,0,-4.0190415,0.3102336823940277,0.42635658383369446,0.09479513019323349
YDR022C,YPR054W,0,-4.0193095,0.30998390913009644,0.42635658383369446,0.09490586817264557
YBL084C,YIL013C,0,-4.0204606,0.3097345232963562,0.42635658383369446,0.09501661360263824
YPR171W,YJL168C,0,-4.0211844,0.309485524892807,0.42635658383369446,0.09512735158205032
YJL170C,YDL077C,0,-4.021201,0.30923694372177124,0.42635658383369446,0.095238097012043
YNL275W,YPL032C,0,-4.021298,0.3089887499809265,0.42635658383369446,0.09534883499145508
YER038C,YCR027C,0,-4.0223947,0.3087409734725952,0.42635658383369446,0.09545958042144775
YDR518W,YMR277W,0,-4.0227356,0.30849358439445496,0.42635658383369446,0.09557031840085983
YMR198W,YDL115C,1,-4.0228286,0.30904725193977356,0.42746400833129883,0.09557031840085983
YCR033W,YOR313C,1,-4.0233307,0.30959999561309814,0.4285714328289032,0.09557031840085983
YOR313C,YPL139C,1,-4.023624,0.3101518750190735,0.42967885732650757,0.09557031840085983
YGR166W,YNR008W,0,-4.023645,0.30990415811538696,0.42967885732650757,0.09568106383085251
YPR111W,YLR022C,0,-4.023835,0.3096568286418915,0.42967885732650757,0.09579180181026459
YDR216W,YEL065W,0,-4.023924,0.30940988659858704,0.42967885732650757,0.09590254724025726
YMR065W,YPL283C,0,-4.0240593,0.30916333198547363,0.42967885732650757,0.09601329267024994
YIR019C,YOL005C,0,-4.0246797,0.30891719460487366,0.42967885732650757,0.09612403064966202
YDR296W,YGR122W,0,-4.024991,0.3086714446544647,0.42967885732650757,0.0962347760796547
YJL210W,YBL014C,0,-4.0250664,0.3084260821342468,0.42967885732650757,0.09634551405906677
YDL102W,YCR098C,0,-4.0258946,0.30818110704421997,0.42967885732650757,0.09645625948905945
YDR446W,YMR167W,1,-4.026821,0.3087301552295685,0.43078628182411194,0.09645625948905945
YOR284W,YIL082W-A,0,-4.0268354,0.30848532915115356,0.43078628182411194,0.09656699746847153
YAR007C,YER180C-A,0,-4.027698,0.3082408905029297,0.43078628182411194,0.0966777428984642
YJR089W,YKL020C,0,-4.0282106,0.30799683928489685,0.43078628182411194,0.09678848087787628
YMR161W,YER116C,0,-4.029005,0.30775317549705505,0.43078628182411194,0.09689922630786896
YGL163C,YBL034C,0,-4.029057,0.3075098693370819,0.43078628182411194,0.09700996428728104
YMR287C,YCL039W,0,-4.0298157,0.3072669804096222,0.43078628182411194,0.09712070971727371
YDR358W,YGR104C,0,-4.0304193,0.3070244789123535,0.43078628182411194,0.09723144769668579
YKR089C,YLR212C,0,-4.0304914,0.3067823350429535,0.43078628182411194,0.09734219312667847
YNL250W,YDR369C,1,-4.0305285,0.30732861161231995,0.4318936765193939,0.09734219312667847
YPL132W,YDR123C,0,-4.031013,0.30708661675453186,0.4318936765193939,0.09745293110609055
YOR298C-A,YMR234W,0,-4.031806,0.3068450093269348,0.4318936765193939,0.09756367653608322
YDR446W,YOR014W,1,-4.031828,0.3073899447917938,0.4330011010169983,0.09756367653608322
YFL056C,YNL031C,0,-4.032151,0.30714845657348633,0.4330011010169983,0.0976744219660759
YJL058C,YMR314W,0,-4.0330925,0.30690738558769226,0.4330011010169983,0.09778515994548798
YKR009C,YMR164C,0,-4.033264,0.30666667222976685,0.4330011010169983,0.09789590537548065
YOL095C,YAR042W,0,-4.03339,0.30642634630203247,0.4330011010169983,0.09800664335489273
YNL041C,YLR369W,0,-4.0346313,0.30618637800216675,0.4330011010169983,0.0981173887848854
YOR011W,YER051W,0,-4.035191,0.30594679713249207,0.4330011010169983,0.09822812676429749
YFR021W,YPR119W,0,-4.035521,0.30570757389068604,0.4330011010169983,0.09833887219429016
YNR056C,YOL094C,0,-4.036718,0.30546873807907104,0.4330011010169983,0.09844961017370224
YNL279W,YNR046W,0,-4.0371923,0.3052302896976471,0.4330011010169983,0.09856035560369492
YCL001W,YMR067C,0,-4.0372233,0.3049921989440918,0.4330011010169983,0.098671093583107
YDR141C,YLR181C,0,-4.0378356,0.30475449562072754,0.4330011010169983,0.09878183901309967
YLR265C,YDR356W,0,-4.037976,0.30451712012290955,0.4330011010169983,0.09889257699251175
YNL278W,YML021C,0,-4.038484,0.304280161857605,0.4330011010169983,0.09900332242250443
YJR089W,YJR042W,0,-4.0393987,0.3040435314178467,0.4330011010169983,0.0991140678524971
YJR089W,YPL221W,0,-4.0397916,0.3038073182106018,0.4330011010169983,0.09922480583190918
YNR008W,YOR069W,0,-4.0397954,0.3035714328289032,0.4330011010169983,0.09933555126190186
YGL090W,YDR389W,0,-4.0398674,0.30333590507507324,0.4330011010169983,0.09944628924131393
YOR073W,YMR190C,1,-4.040059,0.30387598276138306,0.43410852551460266,0.09944628924131393
YAL021C,YDR437W,0,-4.0405912,0.30364057421684265,0.43410852551460266,0.09955703467130661
YNL278W,YLR214W,0,-4.0406785,0.3034055829048157,0.43410852551460266,0.09966777265071869
YER116C,YPL007C,0,-4.0407095,0.30317091941833496,0.43410852551460266,0.09977851808071136
YFR008W,YER041W,0,-4.0408607,0.3029366433620453,0.43410852551460266,0.09988925606012344
YDR254W,YML021C,0,-4.0416822,0.3027026951313019,0.43410852551460266,0.10000000149011612
YJL058C,YIL031W,0,-4.0416965,0.3024691343307495,0.43410852551460266,0.1001107394695282
YPL161C,YPR119W,0,-4.0417247,0.3022359311580658,0.43410852551460266,0.10022148489952087
YMR167W,YDR369C,1,-4.0417633,0.30277350544929504,0.43521595001220703,0.10022148489952087
YGR036C,YML021C,0,-4.042134,0.3025404214859009,0.43521595001220703,0.10033222287893295
YKR009C,YLR052W,0,-4.042597,0.30230769515037537,0.43521595001220703,0.10044296830892563
YJL014W,YLR411W,0,-4.0450544,0.3020753264427185,0.43521595001220703,0.10055370628833771
YJL085W,YLL002W,0,-4.0452394,0.3018433153629303,0.43521595001220703,0.10066445171833038
YIL132C,YJL074C,1,-4.0453334,0.30237913131713867,0.4363233745098114,0.10066445171833038
YPL001W,YNL279W,0,-4.0466585,0.30214723944664,0.4363233745098114,0.10077519714832306
YLR228C,YPL159C,0,-4.0468283,0.30191570520401,0.4363233745098114,0.10088593512773514
YHR091C,YMR156C,0,-4.046891,0.30168452858924866,0.4363233745098114,0.10099668055772781
YJL003W,YPL097W,0,-4.0475626,0.30145370960235596,0.4363233745098114,0.10110741853713989
YDR416W,YOR256C,0,-4.0482693,0.3012232482433319,0.4363233745098114,0.10121816396713257
YPR019W,YPR111W,0,-4.0490894,0.3009931147098541,0.4363233745098114,0.10132890194654465
YOR046C,YKL138C-A,0,-4.0500565,0.3007633686065674,0.4363233745098114,0.10143964737653732
YOL095C,YBR165W,0,-4.050714,0.3005339503288269,0.4363233745098114,0.1015503853559494
YOR014W,YOR073W,1,-4.0514927,0.3010670840740204,0.43743079900741577,0.1015503853559494
YDL115C,YMR190C,1,-4.051744,0.301599383354187,0.43853819370269775,0.1015503853559494
YGR008C,YDR416W,0,-4.05282,0.30136987566947937,0.43853819370269775,0.10166113078594208
YLR176C,YMR234W,0,-4.053135,0.301140695810318,0.43853819370269775,0.10177186876535416
YPL097W,YJL011C,0,-4.0536423,0.3009118437767029,0.43853819370269775,0.10188261419534683
YOR274W,YIL075C,0,-4.053746,0.3006833791732788,0.43853819370269775,0.10199335217475891
YHR086W,YMR293C,0,-4.0541463,0.300455242395401,0.43853819370269775,0.10210409760475159
YPL086C,YLR207W,0,-4.055272,0.30022743344306946,0.43853819370269775,0.10221484303474426
YPR135W,YIL013C,0,-4.056443,0.30000001192092896,0.43853819370269775,0.10232558101415634
YGL136C,YBL034C,0,-4.056959,0.29977288842201233,0.43853819370269775,0.10243632644414902
YOR351C,YMR167W,1,-4.057007,0.30030256509780884,0.4396456182003021,0.10243632644414902
YGL063W,YER180C-A,0,-4.0573874,0.30007559061050415,0.4396456182003021,0.1025470644235611
YDR108W,YFL037W,1,-4.0574193,0.3006042242050171,0.4407530426979065,0.1025470644235611
YGL100W,YOR295W,0,-4.0605154,0.30037736892700195,0.4407530426979065,0.10265780985355377
YNL250W,YOR313C,1,-4.0609746,0.3009049892425537,0.44186046719551086,0.10265780985355377
YAL013W,YIL013C,0,-4.061676,0.30067822337150574,0.44186046719551086,0.10276854783296585
YLR114C,YDL244W,0,-4.061989,0.3004518151283264,0.44186046719551086,0.10287929326295853
YNR027W,YDR479C,0,-4.063744,0.30022573471069336,0.44186046719551086,0.1029900312423706
YOR162C,YJL045W,0,-4.065154,0.30000001192092896,0.44186046719551086,0.10310077667236328
YDR330W,YCL069W,0,-4.0653224,0.2997746169567108,0.44186046719551086,0.10321151465177536
YMR240C,YDL093W,0,-4.0653443,0.29954954981803894,0.44186046719551086,0.10332226008176804
YHR011W,YMR287C,0,-4.066963,0.2993248403072357,0.44186046719551086,0.10343299806118011
YPL193W,YKR020W,0,-4.0672493,0.29910045862197876,0.44186046719551086,0.10354374349117279
YDR446W,YPL042C,1,-4.0701356,0.2996254563331604,0.44296789169311523,0.10354374349117279
YLR386W,YDR247W,0,-4.0703163,0.299401193857193,0.44296789169311523,0.10365448147058487
YLR288C,YNL293W,0,-4.070783,0.29917725920677185,0.44296789169311523,0.10376522690057755
YNR072W,YOL042W,0,-4.0709023,0.298953652381897,0.44296789169311523,0.10387597233057022
YMR190C,YFL037W,1,-4.0716395,0.299477219581604,0.4440753161907196,0.10387597233057022
YNR019W,YJR089W,0,-4.0721817,0.2992537319660187,0.4440753161907196,0.1039867103099823
YJL196C,YMR046C,0,-4.074005,0.2990305721759796,0.4440753161907196,0.10409745573997498
YBL014C,YLR312C-B,0,-4.074578,0.2988077402114868,0.4440753161907196,0.10420819371938705
YLR095C,YOR127W,0,-4.0750613,0.29858526587486267,0.4440753161907196,0.10431893914937973
YDR123C,YOR157C,0,-4.077211,0.2983630895614624,0.4440753161907196,0.10442967712879181
YLR368W,YLL003W,0,-4.077525,0.2981412708759308,0.4440753161907196,0.10454042255878448
YJL170C,YPL161C,0,-4.077833,0.29791975021362305,0.4440753161907196,0.10465116053819656
YLR265C,YGR213C,0,-4.078116,0.29769858717918396,0.4440753161907196,0.10476190596818924
YKL032C,YDL078C,0,-4.0782914,0.29747775197029114,0.4440753161907196,0.10487264394760132
YER065C,YCR073C,0,-4.0791,0.2972572147846222,0.4440753161907196,0.104983389377594
YJL063C,YIR019C,0,-4.079508,0.2970370352268219,0.4440753161907196,0.10509412735700607
YPR005C,YML064C,0,-4.0800524,0.29681718349456787,0.4440753161907196,0.10520487278699875
YEL061C,YDR400W,0,-4.0826893,0.2965976297855377,0.4440753161907196,0.10531561821699142
YFL033C,YGL249W,1,-4.0837717,0.29711753129959106,0.4451827108860016,0.10531561821699142
YLR405W,YOR266W,0,-4.0842934,0.2968980669975281,0.4451827108860016,0.1054263561964035
YPR034W,YKL006C-A,0,-4.0845337,0.29667896032333374,0.4451827108860016,0.10553710162639618
YDR141C,YBR079C,0,-4.085477,0.29646018147468567,0.4451827108860016,0.10564783960580826
YAL053W,YGL163C,0,-4.0864716,0.2962417006492615,0.4451827108860016,0.10575858503580093
YNR034W,YHR090C,0,-4.0871334,0.29602357745170593,0.4451827108860016,0.10586932301521301
YDR108W,YBR136W,1,-4.0876346,0.29654157161712646,0.44629013538360596,0.10586932301521301
YCL066W,YBL034C,0,-4.088379,0.2963235378265381,0.44629013538360596,0.10598006844520569
YOL067C,YNR064C,0,-4.0883985,0.2961058020591736,0.44629013538360596,0.10609080642461777
YDR416W,YOR270C,0,-4.089485,0.29588839411735535,0.44629013538360596,0.10620155185461044
YBL035C,YDR416W,0,-4.090263,0.2956713140010834,0.44629013538360596,0.10631228983402252
YDR062W,YER151C,0,-4.0903363,0.2954545319080353,0.44629013538360596,0.1064230352640152
YLR405W,YJL062W,0,-4.0911837,0.29523810744285583,0.44629013538360596,0.10653377324342728
YOR001W,YDR247W,0,-4.091909,0.2950219511985779,0.44629013538360596,0.10664451867341995
YNL094W,YJL062W,0,-4.0926294,0.2948061525821686,0.44629013538360596,0.10675525665283203
YDR394W,YER180C-A,0,-4.0932508,0.29459065198898315,0.44629013538360596,0.10686600208282471
YBR217W,YER149C,0,-4.0934377,0.2943754494190216,0.44629013538360596,0.10697674751281738
YBR040W,YMR182C,0,-4.0939727,0.2941605746746063,0.44629013538360596,0.10708748549222946
YHR157W,YPR078C,1,-4.09407,0.29467540979385376,0.4473975598812103,0.10708748549222946
YLR353W,YCL069W,0,-4.0942297,0.294460654258728,0.4473975598812103,0.10719823092222214
YIL048W,YAL033W,0,-4.0945644,0.2942461669445038,0.4473975598812103,0.10730896890163422
YJL094C,YER116C,0,-4.0945916,0.2940320372581482,0.4473975598812103,0.10741971433162689
YNR017W,YER041W,0,-4.0953474,0.2938181757926941,0.4473975598812103,0.10753045231103897
YMR198W,YOR229W,1,-4.096112,0.2943314015865326,0.4485049843788147,0.10753045231103897
YOR014W,YHR014W,1,-4.0967135,0.294843852519989,0.44961240887641907,0.10753045231103897
YGR108W,YOR073W,1,-4.09707,0.29535558819770813,0.45071983337402344,0.10753045231103897
YER038C,YDR422C,0,-4.0973883,0.29514139890670776,0.45071983337402344,0.10764119774103165
YDR446W,YOR229W,1,-4.0975285,0.2956521809101105,0.4518272280693054,0.10764119774103165
YOR371C,YJR119C,0,-4.0975504,0.29543808102607727,0.4518272280693054,0.10775193572044373
YHR120W,YLR386W,0,-4.0976496,0.29522430896759033,0.4518272280693054,0.1078626811504364
YOL135C,YOL042W,0,-4.097676,0.29501083493232727,0.4518272280693054,0.10797341912984848
YBR040W,YNL251C,0,-4.0986376,0.2947976887226105,0.4518272280693054,0.10808416455984116
YMR042W,YFR048W,0,-4.099775,0.29458484053611755,0.4518272280693054,0.10819490253925323
YAL041W,YMR287C,0,-4.1001105,0.2943722903728485,0.4518272280693054,0.10830564796924591
YDR320C,YER041W,0,-4.100402,0.29416006803512573,0.4518272280693054,0.10841639339923859
YKR009C,YMR067C,0,-4.100995,0.29394811391830444,0.4518272280693054,0.10852713137865067
YJL003W,YER116C,0,-4.1013293,0.2937364876270294,0.4518272280693054,0.10863787680864334
YOR032C,YIL149C,0,-4.1023455,0.29352518916130066,0.4518272280693054,0.10874861478805542
YOR011W,YNL214W,0,-4.105274,0.2933141589164734,0.4518272280693054,0.1088593602180481
YCL001W,YKL020C,0,-4.105829,0.2931034564971924,0.4518272280693054,0.10897009819746017
YPL097W,YGL025C,0,-4.106188,0.29289302229881287,0.4518272280693054,0.10908084362745285
YCR086W,YBR100W,1,-4.107269,0.29340028762817383,0.4529346525669098,0.10908084362745285
YDR369C,YPR078C,1,-4.107858,0.2939068078994751,0.45404207706451416,0.10908084362745285
YOR073W,YPR078C,1,-4.1079097,0.29441261291503906,0.45514950156211853,0.10908084362745285
YJL074C,YDR369C,1,-4.1084194,0.29491767287254333,0.4562569260597229,0.10908084362745285
YLR056W,YOL067C,0,-4.1087203,0.2947067320346832,0.4562569260597229,0.10919158160686493
YML081C-A,YPR119W,0,-4.1092587,0.2944960594177246,0.4562569260597229,0.1093023270368576
YBL034C,YDL190C,0,-4.1093698,0.29428571462631226,0.4562569260597229,0.10941306501626968
YDR356W,YML021C,0,-4.1094794,0.2940756678581238,0.4562569260597229,0.10952381044626236
YGR213C,YOL028C,0,-4.109497,0.2938659191131592,0.4562569260597229,0.10963454842567444
YFR046C,YER180C-A,0,-4.109894,0.29365643858909607,0.4562569260597229,0.10974529385566711
YIL004C,YLR214W,0,-4.110175,0.2934472858905792,0.4562569260597229,0.1098560318350792
YGL090W,YOL138C,0,-4.111028,0.29323843121528625,0.4562569260597229,0.10996677726507187
YFR046C,YPL097W,0,-4.1114354,0.29302987456321716,0.4562569260597229,0.11007752269506454
YIL038C,YLR371W,0,-4.111623,0.29282161593437195,0.4562569260597229,0.11018826067447662
YNR056C,YER180C-A,0,-4.111835,0.2926136255264282,0.4562569260597229,0.1102990061044693
YDL134C,YHR050W,0,-4.1120253,0.29240596294403076,0.4562569260597229,0.11040974408388138
YCL051W,YHR015W,0,-4.1141343,0.2921985685825348,0.4562569260597229,0.11052048951387405
YKL019W,YNL046W,0,-4.1144543,0.2919915020465851,0.4562569260597229,0.11063122749328613
YNL172W,YGL255W,0,-4.1147714,0.29178470373153687,0.4562569260597229,0.11074197292327881
YHL048W,YDL093W,0,-4.115476,0.2915782034397125,0.4562569260597229,0.11085271090269089
YPR068C,YOL112W,0,-4.1159973,0.29137200117111206,0.4562569260597229,0.11096345633268356
YBR245C,YBR294W,0,-4.116045,0.2911660671234131,0.4562569260597229,0.11107419431209564
YNL318C,YLR022C,0,-4.116078,0.2909604609012604,0.4562569260597229,0.11118493974208832
YJR126C,YNR064C,0,-4.1172495,0.29075512290000916,0.4562569260597229,0.1112956777215004
YOR326W,YMR101C,0,-4.117401,0.2905500829219818,0.4562569260597229,0.11140642315149307
YMR285C,YBL014C,0,-4.1178107,0.29034531116485596,0.4562569260597229,0.11151716858148575
YGL166W,YDR082W,0,-4.1190443,0.290140837430954,0.4562569260597229,0.11162790656089783
YNR035C,YOR049C,0,-4.119109,0.2899366617202759,0.4562569260597229,0.1117386519908905
YER180C-A,YPR140W,0,-4.1193633,0.28973278403282166,0.4562569260597229,0.11184938997030258
YDR082W,YAR042W,0,-4.120179,0.2895291745662689,0.4562569260597229,0.11196013540029526
YPL275W,YDR473C,0,-4.12026,0.2893258333206177,0.4562569260597229,0.11207087337970734
YMR167W,YHR152W,1,-4.1211715,0.28982457518577576,0.45736435055732727,0.11207087337970734
YIL038C,YKL203C,0,-4.12193,0.2896213233470917,0.45736435055732727,0.11218161880970001
YLR411W,YDR416W,0,-4.1219554,0.28941836953163147,0.45736435055732727,0.11229235678911209
YDR487C,YOR162C,0,-4.122099,0.28921568393707275,0.45736435055732727,0.11240310221910477
YDL004W,YCL066W,0,-4.1221566,0.2890132963657379,0.45736435055732727,0.11251384019851685
YHL002W,YOR284W,0,-4.123815,0.28881117701530457,0.45736435055732727,0.11262458562850952
YCR088W,YMR087W,0,-4.124053,0.2886093556880951,0.45736435055732727,0.1127353236079216
YER133W,YOR073W,1,-4.1251926,0.2891061305999756,0.45847177505493164,0.1127353236079216
YNL117W,YMR137C,0,-4.1255617,0.2889043986797333,0.45847177505493164,0.11284606903791428
YOR351C,YPR078C,1,-4.1261396,0.28940027952194214,0.4595791697502136,0.11284606903791428
YOR371C,YGL100W,0,-4.127035,0.2891986072063446,0.4595791697502136,0.11295680701732635
YEL029C,YOR049C,0,-4.127049,0.28899720311164856,0.4595791697502136,0.11306755244731903
YBL034C,YDR018C,0,-4.127138,0.2887960970401764,0.4595791697502136,0.1131782978773117
YGR008C,YPL157W,0,-4.127385,0.2885952591896057,0.4595791697502136,0.11328903585672379
YNL271C,YDR062W,0,-4.128495,0.2883947193622589,0.4595791697502136,0.11339978128671646
YLR233C,YPL270W,0,-4.1288867,0.2881944477558136,0.4595791697502136,0.11351051926612854
YIL132C,YML128C,1,-4.129376,0.28868842124938965,0.460686594247818,0.11351051926612854
YLR370C,YGL063W,0,-4.129461,0.2884882092475891,0.460686594247818,0.11362126469612122
YFL033C,YOR073W,1,-4.129921,0.28898128867149353,0.46179401874542236,0.11362126469612122
YGR166W,YNR064C,0,-4.129962,0.28878116607666016,0.46179401874542236,0.1137320026755333
YDR108W,YDL115C,1,-4.1299715,0.28927335143089294,0.46290144324302673,0.1137320026755333
YGR179C,YDL244W,0,-4.130498,0.28907331824302673,0.46290144324302673,0.11384274810552597
YBR136W,YPL042C,1,-4.131396,0.2895646095275879,0.4640088677406311,0.11384274810552597
YLR234W,YPR078C,1,-4.13141,0.2900552451610565,0.4651162922382355,0.11384274810552597
YDL101C,YIL167W,0,-4.132758,0.28985506296157837,0.4651162922382355,0.11395348608493805
YPR019W,YHL048W,0,-4.1329536,0.2896551787853241,0.4651162922382355,0.11406423151493073
YBR250W,YPR078C,1,-4.133104,0.29014474153518677,0.46622368693351746,0.11406423151493073
YBR136W,YOR313C,1,-4.1333,0.2906336188316345,0.4673311114311218,0.11406423151493073
YLR231C,YCR027C,0,-4.1343584,0.2904335856437683,0.4673311114311218,0.1141749694943428
YPR128C,YKR020W,0,-4.134478,0.290233850479126,0.4673311114311218,0.11428571492433548
YMR314W,YOR162C,0,-4.1346684,0.29003435373306274,0.4673311114311218,0.11439645290374756
YFR008W,YJR019C,0,-4.13499,0.2898351550102234,0.4673311114311218,0.11450719833374023
YIR019C,YGL111W,0,-4.1360426,0.2896362245082855,0.4673311114311218,0.11461794376373291
YPR034W,YKR072C,0,-4.1361403,0.28943759202957153,0.4673311114311218,0.11472868174314499
YGR280C,YCL069W,0,-4.1366873,0.28923919796943665,0.4673311114311218,0.11483942717313766
YER133W,YBR250W,1,-4.1373315,0.28972601890563965,0.4684385359287262,0.11483942717313766
YHR114W,YDR247W,0,-4.137454,0.2895277142524719,0.4684385359287262,0.11495016515254974
YOR354C,YPR007C,1,-4.137835,0.2900136709213257,0.46954596042633057,0.11495016515254974
YIR017C,YBL018C,0,-4.1382356,0.2898154556751251,0.46954596042633057,0.11506091058254242
YPL132W,YJR026W,0,-4.139525,0.28961747884750366,0.46954596042633057,0.1151716485619545
YPR034W,YCR024C-A,0,-4.141631,0.2894198000431061,0.46954596042633057,0.11528239399194717
YCL066W,YEL019C,0,-4.1421814,0.2892223596572876,0.46954596042633057,0.11539313197135925
YLR256W,YHR050W,0,-4.1429234,0.289025217294693,0.46954596042633057,0.11550387740135193
YGR055W,YOR308C,0,-4.1430345,0.2888283431529999,0.46954596042633057,0.11561461538076401
YBR290W,YGR213C,0,-4.1449885,0.28863170742988586,0.46954596042633057,0.11572536081075668
YER095W,YHR152W,1,-4.145123,0.28911563754081726,0.47065338492393494,0.11572536081075668
YKR036C,YDR141C,0,-4.145773,0.2889190912246704,0.47065338492393494,0.11583609879016876
YDR158W,YAR010C,0,-4.145901,0.28872281312942505,0.47065338492393494,0.11594684422016144
YLR368W,YGR013W,0,-4.1461916,0.2885268032550812,0.47065338492393494,0.11605758219957352
YAL040C,YJR029W,0,-4.1465454,0.2883310616016388,0.47065338492393494,0.11616832762956619
YKL054C,YGR006W,0,-4.1471334,0.2881355881690979,0.47065338492393494,0.11627907305955887
YPL022W,YPR078C,1,-4.1478653,0.288617879152298,0.4717608094215393,0.11627907305955887
YKL138C-A,YER065C,0,-4.1480265,0.28842246532440186,0.4717608094215393,0.11638981103897095
YKL138C-A,YDR422C,0,-4.14837,0.2882273197174072,0.4717608094215393,0.11650055646896362
YGL200C,YDR389W,0,-4.1488066,0.2880324423313141,0.4717608094215393,0.1166112944483757
YOL005C,YGR013W,0,-4.149251,0.28783783316612244,0.4717608094215393,0.11672203987836838
YBR290W,YDL216C,0,-4.1495047,0.2876434922218323,0.4717608094215393,0.11683277785778046
YIL013C,YMR137C,0,-4.150187,0.2874493896961212,0.4717608094215393,0.11694352328777313
YDR418W,YER180C-A,0,-4.150463,0.28725555539131165,0.4717608094215393,0.11705426126718521
YHR074W,YDR416W,0,-4.151188,0.28706198930740356,0.4717608094215393,0.11716500669717789
YDL004W,YBL005W-A,0,-4.1516414,0.286868691444397,0.4717608094215393,0.11727574467658997
YLR223C,YHR106W,0,-4.152114,0.2866756319999695,0.4717608094215393,0.11738649010658264
YGL163C,YOR297C,0,-4.1533966,0.2864828407764435,0.4717608094215393,0.11749722808599472
YDR489W,YGR013W,0,-4.153562,0.28629031777381897,0.4717608094215393,0.1176079735159874
YGR108W,YLR234W,1,-4.1536465,0.28676965832710266,0.4728682041168213,0.1176079735159874
YJL168C,YDR160W,0,-4.154638,0.2865771949291229,0.4728682041168213,0.11771871894598007
YPL139C,YPR078C,1,-4.1552105,0.2870556712150574,0.47397562861442566,0.11771871894598007
YDL231C,YDL044C,0,-4.155956,0.2868632674217224,0.47397562861442566,0.11782945692539215
YPL228W,YBR274W,0,-4.15636,0.28667113184928894,0.47397562861442566,0.11794020235538483
YJL074C,YLR234W,1,-4.1568775,0.2871485948562622,0.47508305311203003,0.11794020235538483
YNL059C,YMR199W,0,-4.156935,0.2869565188884735,0.47508305311203003,0.1180509403347969
YOL095C,YIL082W-A,0,-4.1569633,0.2867647111415863,0.47508305311203003,0.11816168576478958
YGR140W,YMR293C,0,-4.1579328,0.2865731418132782,0.47508305311203003,0.11827242374420166
YMR198W,YOR014W,1,-4.1581354,0.28704941272735596,0.4761904776096344,0.11827242374420166
YLL024C,YNL046W,0,-4.1582108,0.2868579030036926,0.4761904776096344,0.11838316917419434
YDR296W,YOR216C,0,-4.15866,0.2866666615009308,0.4761904776096344,0.11849390715360641
YHL019C,YGR122W,0,-4.158765,0.28647568821907043,0.4761904776096344,0.11860465258359909
YJL058C,YKR089C,0,-4.160706,0.2862849533557892,0.4761904776096344,0.11871539056301117
YBL034C,YPL007C,0,-4.1619906,0.2860944867134094,0.4761904776096344,0.11882613599300385
YKL138C-A,YGR199W,0,-4.1639853,0.28590425848960876,0.4761904776096344,0.11893687397241592
YGR108W,YJL146W,1,-4.164479,0.28637874126434326,0.47729790210723877,0.11893687397241592
YOR011W,YOR162C,0,-4.1651964,0.2861885726451874,0.47729790210723877,0.1190476194024086
YKR031C,YPL283C,0,-4.165384,0.285998672246933,0.47729790210723877,0.11915835738182068
YPL042C,YLR234W,1,-4.1658597,0.2864721417427063,0.47840532660484314,0.11915835738182068
YGL144C,YOR162C,0,-4.1659822,0.2862823009490967,0.47840532660484314,0.11926910281181335
YOR250C,YBR165W,0,-4.1661406,0.28609272837638855,0.47840532660484314,0.11937984824180603
YDR446W,YPR078C,1,-4.1666036,0.2865651845932007,0.4795127213001251,0.11937984824180603
YBR136W,YOR229W,1,-4.167046,0.28703704476356506,0.4806201457977295,0.11937984824180603
YDR082W,YJR019C,0,-4.1698604,0.286847323179245,0.4806201457977295,0.11949058622121811
YGR188C,YGL210W,0,-4.173127,0.2866578698158264,0.4806201457977295,0.11960133165121078
YDL115C,YER095W,1,-4.1733446,0.2871287167072296,0.48172757029533386,0.11960133165121078
YDR487C,YOR216C,0,-4.174607,0.2869393229484558,0.48172757029533386,0.11971206963062286
YNR059W,YGR007W,0,-4.1747713,0.2867501676082611,0.48172757029533386,0.11982281506061554
YMR042W,YPL020C,0,-4.174993,0.2865612506866455,0.48172757029533386,0.11993355304002762
YGR108W,YPL042C,1,-4.176024,0.2870309352874756,0.48283499479293823,0.11993355304002762
YLR095C,YNR064C,0,-4.17674,0.28684210777282715,0.48283499479293823,0.1200442984700203
YER054C,YBL034C,0,-4.1769404,0.2866535186767578,0.48283499479293823,0.12015503644943237
YGL166W,YER038C,0,-4.17712,0.2864651679992676,0.48283499479293823,0.12026578187942505
YHR055C,YOR371C,0,-4.1778755,0.28627708554267883,0.48283499479293823,0.12037651985883713
YPR111W,YLR095C,0,-4.1783295,0.2860892415046692,0.48283499479293823,0.1204872652888298
YPR054W,YOR162C,0,-4.1783943,0.28590163588523865,0.48283499479293823,0.12059800326824188
YCR033W,YBR250W,1,-4.178953,0.28636959195137024,0.4839424192905426,0.12059800326824188
YIR017C,YOL042W,0,-4.1792097,0.2861820459365845,0.4839424192905426,0.12070874869823456
YNL248C,YBR228W,0,-4.179709,0.2859947681427002,0.4839424192905426,0.12081949412822723
YLR155C,YJR120W,0,-4.1800675,0.285807728767395,0.4839424192905426,0.12093023210763931
YLR228C,YML105C,0,-4.180433,0.28562092781066895,0.4839424192905426,0.12104097753763199
YDR518W,YJR029W,0,-4.1808057,0.285434365272522,0.4839424192905426,0.12115171551704407
YLR368W,YFL059W,0,-4.180844,0.2852480411529541,0.4839424192905426,0.12126246094703674
YAR031W,YMR218C,0,-4.1810346,0.28506195545196533,0.4839424192905426,0.12137319892644882
YDR363W,YPL123C,0,-4.1816983,0.28487613797187805,0.4839424192905426,0.1214839443564415
YJL014W,YDR473C,0,-4.181852,0.2846905589103699,0.4839424192905426,0.12159468233585358
YLR405W,YOR127W,0,-4.1820817,0.2845052182674408,0.4839424192905426,0.12170542776584625
YOR274W,YDL093W,0,-4.1822076,0.2843201160430908,0.4839424192905426,0.12181616574525833
YMR319C,YMR101C,0,-4.1825914,0.28413525223731995,0.4839424192905426,0.12192691117525101
YBR109C,YKR022C,0,-4.18328,0.2839506268501282,0.4839424192905426,0.12203764915466309
YPL167C,YKL006C-A,0,-4.1847467,0.2837662398815155,0.4839424192905426,0.12214839458465576
YOR188W,YPL016W,0,-4.1849003,0.28358209133148193,0.4839424192905426,0.12225913256406784
YPR007C,YFL033C,1,-4.1849947,0.2840466797351837,0.485049843788147,0.12225913256406784
YLR214W,YBR020W,0,-4.1858087,0.2838625907897949,0.485049843788147,0.12236987799406052
YOR274W,YGR133W,0,-4.186446,0.2836787700653076,0.485049843788147,0.12248062342405319
YER108C,YGL210W,0,-4.1868424,0.283495157957077,0.485049843788147,0.12259136140346527
YMR313C,YDL120W,0,-4.1869383,0.28331178426742554,0.485049843788147,0.12270210683345795
YGR216C,YLR176C,0,-4.188792,0.28312864899635315,0.485049843788147,0.12281284481287003
YLR256W,YLL021W,0,-4.1888185,0.2829457223415375,0.485049843788147,0.1229235902428627
YER119C,YDR389W,0,-4.1891813,0.2827630639076233,0.485049843788147,0.12303432822227478
YBR217W,YHR050W,0,-4.189343,0.2825806438922882,0.485049843788147,0.12314507365226746
YDR052C,YOR326W,0,-4.1915727,0.2823984622955322,0.485049843788147,0.12325581163167953
YNR056C,YPL049C,0,-4.1917014,0.28221648931503296,0.485049843788147,0.12336655706167221
YLR353W,YMR287C,0,-4.192865,0.2820347845554352,0.485049843788147,0.12347729504108429
YKL152C,YHR214C-B,0,-4.1931715,0.2818532884120941,0.485049843788147,0.12358804047107697
YOR274W,YPR178W,0,-4.1938496,0.28167203068733215,0.485049843788147,0.12369877845048904
YPR017C,YDL194W,0,-4.194134,0.2814910113811493,0.485049843788147,0.12380952388048172
YDL101C,YLR254C,0,-4.1949453,0.28131020069122314,0.485049843788147,0.1239202693104744
YMR198W,YCR033W,1,-4.1951904,0.2817715108394623,0.48615726828575134,0.1239202693104744
YJL089W,YDL194W,0,-4.1954517,0.2815907597541809,0.48615726828575134,0.12403100728988647
YMR161W,YIL013C,0,-4.1957483,0.28141024708747864,0.48615726828575134,0.12414175271987915
YDL115C,YBR136W,1,-4.195859,0.28187060356140137,0.4872646629810333,0.12414175271987915
YOR157C,YLR312C-B,0,-4.195988,0.28169015049934387,0.4872646629810333,0.12425249069929123
YGR166W,YKL073W,0,-4.196624,0.2815099060535431,0.4872646629810333,0.1243632361292839
YBR133C,YMR065W,0,-4.1974473,0.2813299298286438,0.4872646629810333,0.12447397410869598
YOR354C,YOR313C,1,-4.1975265,0.2817891240119934,0.4883720874786377,0.12447397410869598
YBL063W,YPL154C,0,-4.1980114,0.2816092073917389,0.4883720874786377,0.12458471953868866
YLR256W,YPL144W,0,-4.1983204,0.2814294695854187,0.4883720874786377,0.12469545751810074
YOR168W,YER041W,0,-4.1988373,0.28125,0.4883720874786377,0.12480620294809341
YCR086W,YER095W,1,-4.1990914,0.28170809149742126,0.48947951197624207,0.12480620294809341
YJL085W,YCR014C,0,-4.199894,0.28152865171432495,0.48947951197624207,0.1249169409275055
YOR073W,YOR229W,1,-4.200263,0.2819859981536865,0.49058693647384644,0.1249169409275055
YPR119W,YPL244C,0,-4.2004633,0.281806617975235,0.49058693647384644,0.12502768635749817
YLR233C,YKL186C,0,-4.201306,0.28162747621536255,0.49058693647384644,0.12513843178749084
YGR095C,YHR048W,0,-4.2019196,0.2814485430717468,0.49058693647384644,0.12524916231632233
YOR274W,YGR179C,0,-4.202013,0.2812698483467102,0.49058693647384644,0.125359907746315
YNL172W,YPL131W,0,-4.202608,0.2810913622379303,0.49058693647384644,0.12547065317630768
YLR207W,YKL126W,0,-4.203467,0.2809131145477295,0.49058693647384644,0.12558139860630035
YGR159C,YOL044W,0,-4.204387,0.2807351052761078,0.49058693647384644,0.12569214403629303
YKR101W,YJR120W,0,-4.2044377,0.2805573046207428,0.49058693647384644,0.1258028745651245
YPL097W,YER180C-A,0,-4.2063313,0.2803797423839569,0.49058693647384644,0.1259136199951172
YBR245C,YGL063W,0,-4.206336,0.28020238876342773,0.49058693647384644,0.12602436542510986
YLR314C,YOR308C,0,-4.206465,0.28002527356147766,0.49058693647384644,0.12613511085510254
YER013W,YOR356W,0,-4.2072964,0.2798483967781067,0.49058693647384644,0.12624584138393402
YGL063W,YDR312W,0,-4.207592,0.27967172861099243,0.49058693647384644,0.1263565868139267
YGL244W,YER180C-A,0,-4.2076893,0.2794952690601349,0.49058693647384644,0.12646733224391937
YFL033C,YDR369C,1,-4.207711,0.2799495458602905,0.4916943609714508,0.12646733224391937
YMR234W,YKL203C,0,-4.2078185,0.27977314591407776,0.4916943609714508,0.12657807767391205
YOL112W,YMR182C,0,-4.2080994,0.2795969843864441,0.4916943609714508,0.12668880820274353
YHR068W,YCL066W,0,-4.2088313,0.27942103147506714,0.4916943609714508,0.1267995536327362
YFR021W,YML034W,0,-4.208841,0.2792452871799469,0.4916943609714508,0.12691029906272888
YPR007C,YFL037W,1,-4.2105,0.27969831228256226,0.4928017854690552,0.12691029906272888
YIL132C,YPR078C,1,-4.2105145,0.28015074133872986,0.49390918016433716,0.12691029906272888
YDL194W,YDR457W,0,-4.2111855,0.27997487783432007,0.49390918016433716,0.12702104449272156
YOR030W,YHR072W,0,-4.2126675,0.2797992527484894,0.49390918016433716,0.12713178992271423
YER065C,YDR123C,0,-4.212983,0.2796238362789154,0.49390918016433716,0.12724252045154572
YNL250W,YOR073W,1,-4.2139087,0.28007519245147705,0.49501660466194153,0.12724252045154572
YPL132W,YHR091C,0,-4.2140665,0.27989980578422546,0.49501660466194153,0.1273532658815384
YJR089W,YDR302W,0,-4.214188,0.279724657535553,0.49501660466194153,0.12746401131153107
YOR162C,YJR026W,0,-4.2142777,0.2795497179031372,0.49501660466194153,0.12757475674152374
YDR420W,YKR022C,0,-4.2144647,0.27937498688697815,0.49501660466194153,0.12768548727035522
YAL053W,YIL149C,0,-4.2147245,0.2792004942893982,0.49501660466194153,0.1277962327003479
YCL066W,YKL170W,0,-4.215447,0.27902621030807495,0.49501660466194153,0.12790697813034058
YKR036C,YIL095W,0,-4.216691,0.2788521647453308,0.49501660466194153,0.12801772356033325
YPR133C,YJR120W,0,-4.217035,0.278678297996521,0.49501660466194153,0.12812845408916473
YER051W,YOR373W,0,-4.21788,0.2785046696662903,0.49501660466194153,0.1282391995191574
YPL137C,YOR356W,0,-4.218082,0.2783312499523163,0.49501660466194153,0.12834994494915009
YAR019C,YPL275W,0,-4.2181783,0.2781580686569214,0.49501660466194153,0.12846069037914276
YDR238C,YIL082W-A,0,-4.2182326,0.2779850661754608,0.49501660466194153,0.12857143580913544
YKR019C,YGR197C,0,-4.21852,0.27781230211257935,0.49501660466194153,0.12868216633796692
YJR007W,YNL046W,0,-4.218933,0.2776397466659546,0.49501660466194153,0.1287929117679596
YBR082C,YNL046W,0,-4.219266,0.27746739983558655,0.49501660466194153,0.12890365719795227
YCL010C,YPR140W,0,-4.2195725,0.2772952914237976,0.49501660466194153,0.12901440262794495
YGR013W,YIL031W,0,-4.221153,0.277123361825943,0.49501660466194153,0.12912513315677643
YAL021C,YOR168W,0,-4.221714,0.2769516706466675,0.49501660466194153,0.1292358785867691
YNL225C,YPL016W,0,-4.2219815,0.2767801880836487,0.49501660466194153,0.12934662401676178
YDR057W,YHR048W,0,-4.222706,0.2766089141368866,0.49501660466194153,0.12945736944675446
YLR399C,YPR078C,1,-4.2228465,0.2770562767982483,0.4961240291595459,0.12945736944675446
YDR464W,YNL046W,0,-4.222927,0.2768850326538086,0.4961240291595459,0.12956809997558594
YOL060C,YPL283C,0,-4.222978,0.276714026927948,0.4961240291595459,0.1296788454055786
YDL149W,YGR013W,0,-4.223241,0.27654320001602173,0.4961240291595459,0.1297895908355713
YOR250C,YDR123C,0,-4.223388,0.27637261152267456,0.4961240291595459,0.12990033626556396
YFR033C,YDR018C,0,-4.223544,0.2762022316455841,0.4961240291595459,0.13001106679439545
YAR019C,YOL060C,0,-4.2236395,0.276032030582428,0.4961240291595459,0.13012181222438812
YDL216C,YEL065W,0,-4.223726,0.27586206793785095,0.4961240291595459,0.1302325576543808
YBR036C,YNL117W,0,-4.224774,0.27569231390953064,0.4961240291595459,0.13034330308437347
YIL048W,YOR308C,0,-4.2251134,0.27552276849746704,0.4961240291595459,0.13045404851436615
YDL093W,YKR062W,0,-4.2252793,0.27535340189933777,0.4961240291595459,0.13056477904319763
YPL157W,YDL190C,0,-4.2255516,0.2751842737197876,0.4961240291595459,0.1306755244731903
YNR019W,YKL001C,0,-4.225954,0.27501535415649414,0.4961240291595459,0.13078626990318298
YNL271C,YKR009C,0,-4.22603,0.274846613407135,0.4961240291595459,0.13089701533317566
YIR006C,YLL034C,0,-4.2272053,0.274678111076355,0.4961240291595459,0.13100774586200714
YNL293W,YJR120W,0,-4.2274523,0.27450981736183167,0.4961240291595459,0.13111849129199982
YDR123C,YLR181C,0,-4.2278976,0.2743417024612427,0.4961240291595459,0.1312292367219925
YDR108W,YPL022W,1,-4.2284584,0.2747857868671417,0.49723145365715027,0.1312292367219925
YLR233C,YML088W,0,-4.2291756,0.2746177315711975,0.49723145365715027,0.13133998215198517
YDR216W,YPL167C,0,-4.229527,0.27444988489151,0.49723145365715027,0.13145071268081665
YJR155W,YGR091W,0,-4.2296524,0.27428221702575684,0.49723145365715027,0.13156145811080933
YJR127C,YML045W,0,-4.229839,0.27411478757858276,0.49723145365715027,0.131672203540802
YBR085W,YOR162C,0,-4.2300544,0.273947536945343,0.49723145365715027,0.13178294897079468
YGR188C,YHR086W,0,-4.230415,0.27378049492836,0.49723145365715027,0.13189369440078735
YPL076W,YMR137C,0,-4.2314487,0.27361366152763367,0.49723145365715027,0.13200442492961884
YBR133C,YKL032C,0,-4.2322974,0.2734470069408417,0.49723145365715027,0.1321151703596115
YNL258C,YOR127W,0,-4.2327366,0.2732805907726288,0.49723145365715027,0.1322259157896042
YDR188W,YOR049C,0,-4.2327447,0.2731143534183502,0.49723145365715027,0.13233666121959686
YOR133W,YGL150C,0,-4.2329392,0.27294832468032837,0.49723145365715027,0.13244739174842834
YDR363W,YLR254C,0,-4.233214,0.27278250455856323,0.49723145365715027,0.13255813717842102
YLR254C,YGR091W,0,-4.2348776,0.2726168930530548,0.49723145365715027,0.1326688826084137
YLR265C,YOL042W,0,-4.2349863,0.2724514603614807,0.49723145365715027,0.13277962803840637
YOR284W,YBL025W,0,-4.235715,0.27228623628616333,0.49723145365715027,0.13289035856723785
YPL159C,YOR003W,0,-4.235819,0.27212122082710266,0.49723145365715027,0.13300110399723053
YNL293W,YIR019C,0,-4.2361393,0.2719563841819763,0.49723145365715027,0.1331118494272232
YEL019C,YPR161C,0,-4.236556,0.2717917561531067,0.49723145365715027,0.13322259485721588
YDR464W,YJR120W,0,-4.237466,0.2716273367404938,0.49723145365715027,0.13333334028720856
YLR231C,YDR437W,0,-4.2379565,0.2714631259441376,0.49723145365715027,0.13344407081604004
YML081C-A,YPL161C,0,-4.239102,0.2712990939617157,0.49723145365715027,0.13355481624603271
YJR158W,YKL110C,0,-4.239295,0.27113527059555054,0.49723145365715027,0.1336655616760254
YNL025C,YPR078C,1,-4.2395606,0.27157512307167053,0.49833887815475464,0.1336655616760254
YOR371C,YDR245W,0,-4.239908,0.27141132950782776,0.49833887815475464,0.13377630710601807
YFL056C,YJR029W,0,-4.240222,0.2712477445602417,0.49833887815475464,0.13388703763484955
YKR009C,YER053C,0,-4.240425,0.27108433842658997,0.49833887815475464,0.13399778306484222
YHR067W,YGR179C,0,-4.2404485,0.27092114090919495,0.49833887815475464,0.1341085284948349
YML095C,YNL025C,1,-4.240559,0.27135980129241943,0.499446302652359,0.1341085284948349
YDR141C,YKR046C,0,-4.240676,0.2711966335773468,0.499446302652359,0.13421927392482758
YDL194W,YGR122W,0,-4.2408934,0.2710336446762085,0.499446302652359,0.13433000445365906
YGR264C,YOR308C,0,-4.2409306,0.2708708643913269,0.499446302652359,0.13444074988365173
YLR231C,YDR022C,0,-4.2409425,0.270708292722702,0.499446302652359,0.1345514953136444
YJR126C,YPL144W,0,-4.2423,0.2705458998680115,0.499446302652359,0.13466224074363708
YER116C,YGL169W,0,-4.2424808,0.27038368582725525,0.499446302652359,0.13477298617362976
YPL097W,YHR021C,0,-4.2427206,0.27022168040275574,0.499446302652359,0.13488371670246124
YDR416W,YMR088C,0,-4.243376,0.27005988359451294,0.499446302652359,0.13499446213245392
YFR046C,YJL045W,0,-4.2438054,0.26989826560020447,0.499446302652359,0.1351052075624466
YBR020W,YGR028W,0,-4.244481,0.2697368562221527,0.499446302652359,0.13521595299243927
YGL252C,YKR072C,0,-4.244939,0.2695756256580353,0.499446302652359,0.13532668352127075
YLR131C,YPL132W,0,-4.245028,0.2694145739078522,0.499446302652359,0.13543742895126343
YOR274W,YKL108W,0,-4.2452097,0.2692537307739258,0.499446302652359,0.1355481743812561
YBR136W,YFL033C,1,-4.245211,0.26968973875045776,0.5005537271499634,0.1355481743812561
YPL167C,YJL045W,0,-4.2453346,0.26952892541885376,0.5005537271499634,0.13565891981124878
YBR290W,YCR014C,0,-4.245812,0.2693682909011841,0.5005537271499634,0.13576965034008026
YIL035C,YOR308C,0,-4.2464476,0.2692078649997711,0.5005537271499634,0.13588039577007294
YGR113W,YBR294W,0,-4.2466745,0.2690476179122925,0.5005537271499634,0.1359911412000656
YPR111W,YOR265W,0,-4.2486978,0.26888757944107056,0.5005537271499634,0.1361018866300583
YDL028C,YPL206C,0,-4.2489944,0.26872771978378296,0.5005537271499634,0.13621261715888977
YDR421W,YLR318W,0,-4.249207,0.2685680389404297,0.5005537271499634,0.13632336258888245
YNL006W,YLR145W,0,-4.2492313,0.26840853691101074,0.5005537271499634,0.13643410801887512
YKL138C-A,YJL036W,0,-4.2493134,0.2682492434978485,0.5005537271499634,0.1365448534488678
YKL110C,YKR022C,0,-4.249761,0.268090158700943,0.5005537271499634,0.13665559887886047
YBR136W,YCR033W,1,-4.2503753,0.26852402091026306,0.5016611218452454,0.13665559887886047
YNL258C,YBR040W,0,-4.250758,0.26836493611335754,0.5016611218452454,0.13676632940769196
YMR167W,YML128C,1,-4.251226,0.2687981128692627,0.5027685761451721,0.13676632940769196
YLR254C,YIL075C,0,-4.25255,0.26863905787467957,0.5027685761451721,0.13687707483768463
YKL190W,YMR173W,0,-4.2528987,0.26848018169403076,0.5027685761451721,0.1369878202676773
YPR068C,YNR064C,0,-4.2529798,0.26832151412963867,0.5027685761451721,0.13709856569766998
YDL216C,YPL193W,0,-4.253713,0.2681630253791809,0.5027685761451721,0.13720929622650146
YGR108W,YHR014W,1,-4.25425,0.26859503984451294,0.5038759708404541,0.13720929622650146
YOR265W,YML021C,0,-4.2551513,0.26843658089637756,0.5038759708404541,0.13732004165649414
YKL152C,YJR042W,0,-4.255327,0.2682783007621765,0.5038759708404541,0.13743078708648682
YLR131C,YPL161C,0,-4.255745,0.2681201994419098,0.5038759708404541,0.1375415325164795
YOL112W,YOR266W,0,-4.2563357,0.2679623067378998,0.5038759708404541,0.13765226304531097
YLR399C,YHR157W,1,-4.256651,0.2683931589126587,0.5049833655357361,0.13765226304531097
YER108C,YJL062W,0,-4.2571263,0.26823529601097107,0.5049833655357361,0.13776300847530365
YPL161C,YCR028C-A,0,-4.2586927,0.2680776119232178,0.5049833655357361,0.13787375390529633
YDR437W,YBL024W,0,-4.259567,0.2679201066493988,0.5049833655357361,0.137984499335289
YLR256W,YBL063W,0,-4.259794,0.26776278018951416,0.5049833655357361,0.13809524476528168
YBR036C,YJR026W,0,-4.260219,0.26760563254356384,0.5049833655357361,0.13820597529411316
YER045C,YCR014C,0,-4.26048,0.26744869351387024,0.5049833655357361,0.13831672072410583
YPL275W,YDR407C,0,-4.2605157,0.2672919034957886,0.5049833655357361,0.1384274661540985
YMR112C,YNR064C,0,-4.2606936,0.2671353220939636,0.5049833655357361,0.1385382115840912
YNL318C,YBL005W-A,0,-4.2622743,0.266978919506073,0.5049833655357361,0.13864894211292267
YBR202W,YKR020W,0,-4.264431,0.2668226957321167,0.5049833655357361,0.13875968754291534
YHR152W,YFL037W,1,-4.265462,0.26725146174430847,0.5060908198356628,0.13875968754291534
YKR036C,YER054C,0,-4.266075,0.26709526777267456,0.5060908198356628,0.13887043297290802
YJL061W,YMR156C,0,-4.2662387,0.266939252614975,0.5060908198356628,0.1389811784029007
YLR233C,YIL065C,0,-4.2663336,0.2667834162712097,0.5060908198356628,0.13909190893173218
YGR167W,YDR123C,0,-4.266389,0.2666277587413788,0.5060908198356628,0.13920265436172485
YIL013C,YEL057C,0,-4.2666063,0.26647230982780457,0.5060908198356628,0.13931339979171753
YDR150W,YBR228W,0,-4.267882,0.2663170099258423,0.5060908198356628,0.1394241452217102
YPR178W,YLR442C,0,-4.2681336,0.2661619186401367,0.5060908198356628,0.13953489065170288
YEL061C,YDL039C,0,-4.2683463,0.2660069763660431,0.5060908198356628,0.13964562118053436
YML128C,YBR250W,1,-4.268634,0.266433984041214,0.5071982145309448,0.13964562118053436
YHR014W,YPR078C,1,-4.2689943,0.2668604552745819,0.5083056688308716,0.13964562118053436
YER065C,YKL126W,0,-4.2706223,0.26670539379119873,0.5083056688308716,0.13975636661052704
YEL018W,YER151C,0,-4.2711005,0.2665505111217499,0.5083056688308716,0.13986711204051971
YDR296W,YDL030W,0,-4.2715416,0.26639580726623535,0.5083056688308716,0.1399778574705124
YGR140W,YML091C,0,-4.272013,0.26624131202697754,0.5083056688308716,0.14008858799934387
YDL004W,YMR314W,0,-4.272028,0.26608696579933167,0.5083056688308716,0.14019933342933655
YOR127W,YGR085C,0,-4.272296,0.2659327983856201,0.5083056688308716,0.14031007885932922
YIR019C,YLR145W,0,-4.2726073,0.2657788097858429,0.5083056688308716,0.1404208242893219
YFL056C,YGR179C,0,-4.272729,0.265625,0.5083056688308716,0.14053155481815338
YLR114C,YNL251C,0,-4.2734084,0.26547136902809143,0.5083056688308716,0.14064230024814606
YJL178C,YMR314W,0,-4.274129,0.2653179168701172,0.5083056688308716,0.14075304567813873
YPL270W,YBR175W,0,-4.2745433,0.26516464352607727,0.5083056688308716,0.1408637911081314
YNL278W,YOR308C,0,-4.274952,0.2650115489959717,0.5083056688308716,0.14097453653812408
YNL041C,YIL051C,0,-4.2762556,0.2648586332798004,0.5083056688308716,0.14108526706695557
YJR089W,YMR161W,0,-4.276639,0.2647058963775635,0.5083056688308716,0.14119601249694824
YMR190C,YPR078C,1,-4.2769723,0.2651296854019165,0.5094130635261536,0.14119601249694824
YJL146W,YPR078C,1,-4.277593,0.26555299758911133,0.5105204582214355,0.14119601249694824
YMR167W,YJL074C,1,-4.277656,0.26597583293914795,0.5116279125213623,0.14119601249694824
YNL031C,YMR101C,0,-4.278292,0.26582279801368713,0.5116279125213623,0.14130675792694092
YLR353W,YGL090W,0,-4.2786627,0.26566991209983826,0.5116279125213623,0.1414175033569336
YKL185W,YML078W,0,-4.278838,0.2655172348022461,0.5116279125213623,0.14152823388576508
YLR117C,YMR008C,0,-4.279613,0.26536473631858826,0.5116279125213623,0.14163897931575775
YJL062W,YHR154W,0,-4.280392,0.26521238684654236,0.5116279125213623,0.14174972474575043
YDR358W,YIL013C,0,-4.280417,0.2650602459907532,0.5116279125213623,0.1418604701757431
YHL011C,YDR018C,0,-4.2808747,0.2649082541465759,0.5116279125213623,0.14197120070457458
YPL132W,YDR457W,0,-4.280967,0.264756441116333,0.5116279125213623,0.14208194613456726
YKL074C,YJR120W,0,-4.281082,0.2646048069000244,0.5116279125213623,0.14219269156455994
YLR399C,YBR250W,1,-4.281139,0.2650257647037506,0.5127353072166443,0.14219269156455994
YCL039W,YDR082W,0,-4.2812448,0.264874130487442,0.5127353072166443,0.1423034369945526
YJR050W,YBR015C,0,-4.28137,0.26472270488739014,0.5127353072166443,0.1424141675233841
YJL058C,YBR030W,0,-4.282539,0.2645714282989502,0.5127353072166443,0.14252491295337677
YJL100W,YGR213C,0,-4.2825985,0.2644203305244446,0.5127353072166443,0.14263565838336945
YML095C,YOR014W,1,-4.2831717,0.26484018564224243,0.513842761516571,0.14263565838336945
YHR086W,YOR127W,0,-4.2834706,0.2646891176700592,0.513842761516571,0.14274640381336212
YJL062W,YML040W,0,-4.2837634,0.2645381987094879,0.513842761516571,0.1428571492433548
YDR268W,YOR216C,0,-4.2840133,0.26438745856285095,0.513842761516571,0.14296787977218628
YKR036C,YPL218W,0,-4.284265,0.2642368972301483,0.513842761516571,0.14307862520217896
YIL042C,YHR050W,0,-4.284272,0.26408651471138,0.513842761516571,0.14318937063217163
YNR011C,YBR095C,0,-4.2844105,0.26393628120422363,0.513842761516571,0.1433001160621643
YEL018W,YDR422C,0,-4.2847967,0.263786256313324,0.513842761516571,0.1434108465909958
YDR175C,YDR082W,0,-4.285279,0.26363635063171387,0.513842761516571,0.14352159202098846
YOR001W,YPL144W,0,-4.2856936,0.2634866535663605,0.513842761516571,0.14363233745098114
YHL048W,YKR019C,0,-4.2857704,0.263337105512619,0.513842761516571,0.14374308288097382
YOR025W,YJL094C,0,-4.2872095,0.2631877362728119,0.513842761516571,0.1438538134098053
YJL058C,YOR308C,0,-4.2877135,0.2630385458469391,0.513842761516571,0.14396455883979797
YBR290W,YOL135C,0,-4.287966,0.2628895044326782,0.513842761516571,0.14407530426979065
YKL182W,YGL252C,0,-4.2883434,0.2627406716346741,0.513842761516571,0.14418604969978333
YDR141C,YLR043C,0,-4.289348,0.2625919580459595,0.513842761516571,0.144296795129776
YOR284W,YJL045W,0,-4.289636,0.2624434530735016,0.513842761516571,0.14440752565860748
YHR043C,YDL044C,0,-4.290397,0.26229506731033325,0.513842761516571,0.14451827108860016
YOR250C,YMR137C,0,-4.2908325,0.26214689016342163,0.513842761516571,0.14462901651859283
YMR182C,YDR330W,0,-4.2911515,0.26199886202812195,0.513842761516571,0.1447397619485855
YBR121C,YKL138C-A,0,-4.2912564,0.2618510127067566,0.513842761516571,0.144850492477417
YJL170C,YDR296W,0,-4.291313,0.26170334219932556,0.513842761516571,0.14496123790740967
YJL115W,YNR072W,0,-4.292042,0.26155582070350647,0.513842761516571,0.14507198333740234
YBL023C,YBR091C,0,-4.2920527,0.2614084482192993,0.513842761516571,0.14518272876739502
YPL132W,YOR030W,0,-4.29212,0.2612612545490265,0.513842761516571,0.1452934592962265
YMR068W,YNR011C,0,-4.2932506,0.261114239692688,0.513842761516571,0.14540420472621918
YBR290W,YMR156C,0,-4.293935,0.2609673738479614,0.513842761516571,0.14551495015621185
YLR095C,YER180C-A,0,-4.294681,0.2608206868171692,0.513842761516571,0.14562569558620453
YPR017C,YJR029W,0,-4.295234,0.2606741487979889,0.513842761516571,0.1457364410161972
YJL003W,YDL093W,0,-4.2961245,0.2605277895927429,0.513842761516571,0.1458471715450287
YMR101C,YDR324C,0,-4.296414,0.2603815793991089,0.513842761516571,0.14595791697502136
YAL051W,YGL063W,0,-4.2964892,0.2602355480194092,0.513842761516571,0.14606866240501404
YDR450W,YPR074C,0,-4.2970395,0.2600896954536438,0.513842761516571,0.1461794078350067
YCR086W,YNL025C,1,-4.2972093,0.26050421595573425,0.514950156211853,0.1461794078350067
YDL231C,YPL275W,0,-4.2983685,0.2603583335876465,0.514950156211853,0.1462901383638382
YHR055C,YCL066W,0,-4.2984242,0.26021265983581543,0.514950156211853,0.14640088379383087
YLR318W,YBR205W,0,-4.299043,0.2600671052932739,0.514950156211853,0.14651162922382355
YLR368W,YLR442C,0,-4.2994914,0.25992172956466675,0.514950156211853,0.14662237465381622
YGR133W,YJL011C,0,-4.299789,0.2597765326499939,0.514950156211853,0.1467331051826477
YLR368W,YBL020W,0,-4.2998977,0.259631484746933,0.514950156211853,0.14684385061264038
YDR093W,YCL020W,0,-4.2999663,0.2594866156578064,0.514950156211853,0.14695459604263306
YIL132C,YBR100W,1,-4.3006887,0.2598996162414551,0.5160576105117798,0.14695459604263306
YCR033W,YGL249W,1,-4.300917,0.26031213998794556,0.5171650052070618,0.14695459604263306
YLR399C,YOR014W,1,-4.301517,0.2607242465019226,0.5182723999023438,0.14695459604263306
YJL062W,YHR005C-A,0,-4.301587,0.26057907938957214,0.5182723999023438,0.14706534147262573
YJL024C,YCL033C,0,-4.3017645,0.2604340612888336,0.5182723999023438,0.1471760869026184
YDR150W,YDR247W,0,-4.302189,0.2602892220020294,0.5182723999023438,0.1472868174314499
YPR068C,YFL002W-A,0,-4.30291,0.26014453172683716,0.5182723999023438,0.14739756286144257
YOL165C,YLR181C,0,-4.303121,0.25999999046325684,0.5182723999023438,0.14750830829143524
YAL013W,YJL063C,0,-4.303366,0.25985562801361084,0.5182723999023438,0.14761905372142792
YPR124W,YMR218C,0,-4.3035274,0.25971144437789917,0.5182723999023438,0.1477297842502594
YLR429W,YDL077C,0,-4.3041315,0.25956737995147705,0.5182723999023438,0.14784052968025208
YAL033W,YIL095W,0,-4.304699,0.25942349433898926,0.5182723999023438,0.14795127511024475
YOR313C,YPR078C,1,-4.304997,0.25983378291130066,0.5193798542022705,0.14795127511024475
YHR191C,YER065C,0,-4.3064103,0.25968992710113525,0.5193798542022705,0.14806202054023743
YNL145W,YHR118C,0,-4.307333,0.2595462203025818,0.5193798542022705,0.1481727510690689
YER108C,YCL031C,0,-4.308394,0.25940266251564026,0.5193798542022705,0.14828349649906158
YMR143W,YER180C-A,0,-4.309342,0.25925925374031067,0.5193798542022705,0.14839424192905426
YKR072C,YPL283C,0,-4.310144,0.2591160237789154,0.5193798542022705,0.14850498735904694
YIL051C,YDR320C,0,-4.3103623,0.2589729428291321,0.5193798542022705,0.1486157327890396
YNL142W,YJL168C,0,-4.3111663,0.2588300108909607,0.5193798542022705,0.1487264633178711
YJL170C,YHR011W,0,-4.311212,0.25868725776672363,0.5193798542022705,0.14883720874786377
YDL033C,YJR029W,0,-4.311863,0.2585446536540985,0.5193798542022705,0.14894795417785645
YMR237W,YBL023C,0,-4.3122735,0.2584021985530853,0.5193798542022705,0.14905869960784912
YBL020W,YDR416W,0,-4.3126416,0.25825992226600647,0.5193798542022705,0.1491694301366806
YER095W,YMR190C,1,-4.312835,0.25866812467575073,0.5204872488975525,0.1491694301366806
YPL117C,YJL168C,0,-4.312944,0.2585258483886719,0.5204872488975525,0.14928017556667328
YIL040W,YOR298C-A,0,-4.3131223,0.25838372111320496,0.5204872488975525,0.14939092099666595
YLR043C,YGR122W,0,-4.3132806,0.25824177265167236,0.5204872488975525,0.14950166642665863
YHR086W,YAR007C,0,-4.3150115,0.2580999433994293,0.5204872488975525,0.1496123969554901
YPL170W,YLR312C-B,0,-4.315024,0.2579582929611206,0.5204872488975525,0.1497231423854828
YPR017C,YHR090C,0,-4.3152356,0.25781679153442383,0.5204872488975525,0.14983388781547546
YDR268W,YGR122W,0,-4.3153715,0.257675439119339,0.5204872488975525,0.14994463324546814
YIL004C,YDL244W,0,-4.3158793,0.2575342357158661,0.5204872488975525,0.15005536377429962
YFR021W,YDR141C,0,-4.316198,0.2573932111263275,0.5204872488975525,0.1501661092042923
YPL161C,YJR019C,0,-4.3163075,0.2572523355484009,0.5204872488975525,0.15027685463428497
YCR028C-A,YKR020W,0,-4.3165984,0.2571116089820862,0.5204872488975525,0.15038760006427765
YDR320C,YCL033C,0,-4.3177986,0.2569710314273834,0.5204872488975525,0.15049834549427032
YDR254W,YOR069W,0,-4.3178163,0.2568306028842926,0.5204872488975525,0.1506090760231018
YER054C,YML021C,0,-4.3190675,0.2566903233528137,0.5204872488975525,0.15071982145309448
YGR108W,YDR108W,1,-4.319476,0.2570960819721222,0.5215947031974792,0.15071982145309448
YDR377W,YPL096W,0,-4.3194904,0.2569558024406433,0.5215947031974792,0.15083056688308716
YDL004W,YFL059W,0,-4.320057,0.25681570172309875,0.5215947031974792,0.15094131231307983
YBR040W,YBR090C-A,0,-4.3221498,0.25667575001716614,0.5215947031974792,0.15105204284191132
YHR081W,YER180C-A,0,-4.322657,0.25653594732284546,0.5215947031974792,0.151162788271904
YMR164C,YOR297C,0,-4.324261,0.2563962936401367,0.5215947031974792,0.15127353370189667
YPL042C,YDR285W,1,-4.324427,0.2568008601665497,0.5227020978927612,0.15127353370189667
YDR022C,YLR368W,0,-4.324818,0.25666123628616333,0.5227020978927612,0.15138427913188934
YNL041C,YIL097W,0,-4.3248487,0.25652173161506653,0.5227020978927612,0.15149500966072083
YDR488C,YBR228W,0,-4.325638,0.25638240575790405,0.5227020978927612,0.1516057550907135
YKL138C-A,YMR137C,0,-4.326318,0.25624319911003113,0.5227020978927612,0.15171650052070618
YBR100W,YDR369C,1,-4.327439,0.2566467821598053,0.523809552192688,0.15171650052070618
YOR188W,YBR293W,0,-4.327507,0.25650760531425476,0.523809552192688,0.15182724595069885
YOR371C,YKL074C,0,-4.328151,0.25636857748031616,0.523809552192688,0.15193799138069153
YDR464W,YPL020C,0,-4.3283653,0.2562296986579895,0.523809552192688,0.152048721909523
YGR113W,YER051W,0,-4.329247,0.2560909688472748,0.523809552192688,0.15215946733951569
YJL020C,YDR279W,0,-4.3296885,0.255952388048172,0.523809552192688,0.15227021276950836
YDR437W,YLR265C,0,-4.331615,0.25581395626068115,0.523809552192688,0.15238095819950104
YNL271C,YNR046W,0,-4.3317075,0.25567567348480225,0.523809552192688,0.15249168872833252
YKR036C,YKL032C,0,-4.331718,0.2555375397205353,0.523809552192688,0.1526024341583252
YBR091C,YDR018C,0,-4.331784,0.25539955496788025,0.523809552192688,0.15271317958831787
YBR020W,YOR294W,0,-4.331836,0.25526174902915955,0.523809552192688,0.15282392501831055
YAR019C,YOR265W,0,-4.3328414,0.2551240622997284,0.523809552192688,0.15293465554714203
YPR030W,YCL020W,0,-4.333154,0.2549865245819092,0.523809552192688,0.1530454009771347
YCR012W,YBL005W-A,0,-4.3344827,0.2548491358757019,0.523809552192688,0.15315614640712738
YNL251C,YGL039W,0,-4.3345046,0.25471189618110657,0.523809552192688,0.15326689183712006
YMR316W,YMR035W,0,-4.3346634,0.25457480549812317,0.523809552192688,0.15337763726711273
YLR114C,YOR157C,0,-4.3349595,0.2544378638267517,0.523809552192688,0.1534883677959442
YGR113W,YMR137C,0,-4.336078,0.2543010711669922,0.523809552192688,0.1535991132259369
YGR036C,YDR052C,0,-4.3367605,0.2541644275188446,0.523809552192688,0.15370985865592957
YGR188C,YJL196C,0,-4.337627,0.25402793288230896,0.523809552192688,0.15382060408592224
YER065C,YOL094C,0,-4.3381276,0.25389158725738525,0.523809552192688,0.15393133461475372
YBR090C-A,YGL063W,0,-4.3384366,0.2537553608417511,0.523809552192688,0.1540420800447464
YLR069C,YGR006W,0,-4.33855,0.25361931324005127,0.523809552192688,0.15415282547473907
YHR107C,YGR122W,0,-4.3387136,0.253483384847641,0.523809552192688,0.15426357090473175
YDL039C,YKR089C,0,-4.3390713,0.25334760546684265,0.523809552192688,0.15437430143356323
YOR274W,YBR030W,0,-4.3393884,0.25321200489997864,0.523809552192688,0.1544850468635559
YBR290W,YCL039W,0,-4.3394837,0.2530765235424042,0.523809552192688,0.15459579229354858
YCL012W,YGR128C,0,-4.341079,0.25294119119644165,0.523809552192688,0.15470653772354126
YLR368W,YAL030W,0,-4.341087,0.2528059780597687,0.523809552192688,0.15481728315353394
YOR074C,YNL046W,0,-4.341512,0.25267094373703003,0.523809552192688,0.15492801368236542
YNR056C,YDR036C,0,-4.3420415,0.25253602862358093,0.523809552192688,0.1550387591123581
YJL018W,YAL033W,0,-4.342338,0.25240129232406616,0.523809552192688,0.15514950454235077
YML088W,YJL045W,0,-4.342761,0.25226667523384094,0.523809552192688,0.15526024997234344
YNL042W,YMR285C,0,-4.343884,0.25213220715522766,0.523809552192688,0.15537098050117493
YLL003W,YHR214C-B,0,-4.344003,0.25199785828590393,0.523809552192688,0.1554817259311676
YJL156C,YJR026W,0,-4.3442326,0.2518636882305145,0.523809552192688,0.15559247136116028
YDR017C,YER180C-A,0,-4.3449664,0.2517296373844147,0.523809552192688,0.15570321679115295
YLR405W,YOL028C,0,-4.3461285,0.25159573554992676,0.523809552192688,0.15581394731998444
YGR156W,YGL039W,0,-4.3462687,0.2514619827270508,0.523809552192688,0.1559246927499771
YLR288C,YPL157W,0,-4.346299,0.25132837891578674,0.523809552192688,0.1560354381799698
YLR233C,YBL103C,0,-4.346998,0.25119489431381226,0.523809552192688,0.15614618360996246
YML078W,YJR026W,0,-4.3473077,0.2510615587234497,0.523809552192688,0.15625691413879395
YCR033W,YDR285W,1,-4.3473434,0.25145888328552246,0.52491694688797,0.15625691413879395
YFL059W,YDR330W,0,-4.348173,0.2513255476951599,0.52491694688797,0.15636765956878662
YDR284C,YCL020W,0,-4.3482375,0.2511923611164093,0.52491694688797,0.1564784049987793
YOR074C,YOR250C,0,-4.348489,0.25105932354927063,0.52491694688797,0.15658915042877197
YPR128C,YML088W,0,-4.348565,0.2509264051914215,0.52491694688797,0.15669989585876465
YOR001W,YOR162C,0,-4.349139,0.2507936656475067,0.52491694688797,0.15681062638759613
YBR193C,YKL074C,0,-4.3493495,0.2506610155105591,0.52491694688797,0.1569213718175888
YHR091C,YBR030W,0,-4.349497,0.2505285441875458,0.52491694688797,0.15703211724758148
YDR302W,YLR181C,0,-4.350768,0.250396192073822,0.52491694688797,0.15714286267757416
YKL135C,YER116C,0,-4.350858,0.2502639889717102,0.52491694688797,0.15725359320640564
YML095C,YLR234W,1,-4.352039,0.25065964460372925,0.526024341583252,0.15725359320640564
YNL275W,YPR190C,0,-4.352608,0.25052741169929504,0.526024341583252,0.15736433863639832
YCR086W,YMR167W,1,-4.352633,0.2509225010871887,0.5271317958831787,0.15736433863639832
YKL032C,YOR298C-A,0,-4.353064,0.2507902979850769,0.5271317958831787,0.157475084066391
YPR017C,YGL063W,0,-4.353088,0.250658243894577,0.5271317958831787,0.15758582949638367
YDR446W,YJL146W,1,-4.3531804,0.2510526180267334,0.5282391905784607,0.15758582949638367
YOR315W,YFL002W-A,0,-4.353269,0.2509205639362335,0.5282391905784607,0.15769656002521515
YDL020C,YMR060C,0,-4.354354,0.2507886290550232,0.5282391905784607,0.15780730545520782
YJL146W,YBR100W,1,-4.3546085,0.25118234753608704,0.5293466448783875,0.15780730545520782
YGR108W,YBR100W,1,-4.3546314,0.25157561898231506,0.5304540395736694,0.15780730545520782
YHR152W,YGL249W,1,-4.355098,0.25196850299835205,0.5315614342689514,0.15780730545520782
YDL161W,YGR122W,0,-4.355305,0.25183629989624023,0.5315614342689514,0.1579180508852005
YLR117C,YJL094C,0,-4.3558607,0.25170424580574036,0.5315614342689514,0.15802879631519318
YLR114C,YHR118C,0,-4.3563104,0.2515723407268524,0.5315614342689514,0.15813954174518585
YFR046C,YMR112C,0,-4.3563943,0.25144055485725403,0.5315614342689514,0.15825027227401733
YOR250C,YFR008W,0,-4.3565516,0.2513088881969452,0.5315614342689514,0.15836101770401
YER112W,YPL097W,0,-4.3568387,0.2511774003505707,0.5315614342689514,0.15847176313400269
YER108C,YLR134W,0,-4.3572764,0.2510460317134857,0.5315614342689514,0.15858250856399536
YBR290W,YCR066W,0,-4.3573537,0.2509147822856903,0.5315614342689514,0.15869323909282684
YPL161C,YPL087W,0,-4.357859,0.2507837116718292,0.5315614342689514,0.15880398452281952
YGR082W,YOR256C,0,-4.35794,0.2506527304649353,0.5315614342689514,0.1589147299528122
YOL060C,YMR112C,0,-4.358125,0.2505219280719757,0.5315614342689514,0.15902547538280487
YDL115C,YML095C,1,-4.3599143,0.2509128749370575,0.5326688885688782,0.15902547538280487
YML081C-A,YJR050W,0,-4.359942,0.2507820725440979,0.5326688885688782,0.15913620591163635
YMR198W,YER133W,1,-4.3603683,0.2511724829673767,0.5337762832641602,0.15913620591163635
YBR100W,YOR014W,1,-4.361366,0.2515625059604645,0.5348837375640869,0.15913620591163635
YBR296C,YMR087W,0,-4.3618107,0.25143155455589294,0.5348837375640869,0.15924695134162903
YMR198W,YBR100W,1,-4.36229,0.25182101130485535,0.5359911322593689,0.15924695134162903
YJL074C,YFL037W,1,-4.3623295,0.2522100806236267,0.5370985865592957,0.15924695134162903
YMR277W,YDR018C,0,-4.362592,0.2520790100097656,0.5370985865592957,0.1593576967716217
YNR059W,YFL059W,0,-4.362663,0.2519480586051941,0.5370985865592957,0.15946844220161438
YNL042W,YJL062W,0,-4.3628106,0.2518172264099121,0.5370985865592957,0.15957918763160706
YML128C,YHR157W,1,-4.3630404,0.252205491065979,0.5382059812545776,0.15957918763160706
YPL127C,YIL114C,0,-4.363276,0.2520746886730194,0.5382059812545776,0.15968991816043854
YGL090W,YPL031C,0,-4.363703,0.25194400548934937,0.5382059812545776,0.1598006635904312
YPR119W,YOR356W,0,-4.364195,0.25181347131729126,0.5382059812545776,0.1599114090204239
YNR059W,YLR145W,0,-4.364225,0.2516830563545227,0.5382059812545776,0.16002215445041656
YNL271C,YCR098C,0,-4.3652706,0.2515527904033661,0.5382059812545776,0.16013288497924805
YLL021W,YBR175W,0,-4.365393,0.2514226734638214,0.5382059812545776,0.16024363040924072
YMR198W,YPL022W,1,-4.36549,0.2518097162246704,0.5393133759498596,0.16024363040924072
YPL022W,YOR073W,1,-4.3655887,0.25219637155532837,0.5404208302497864,0.16024363040924072
YBR121C,YBL023C,0,-4.3656697,0.25206610560417175,0.5404208302497864,0.1603543758392334
YDR022C,YLL009C,0,-4.3664193,0.2519359886646271,0.5404208302497864,0.16046512126922607
YBR100W,YOR229W,1,-4.3666434,0.2523219883441925,0.5415282249450684,0.16046512126922607
YMR264W,YCR014C,0,-4.3671017,0.25219184160232544,0.5415282249450684,0.16057585179805756
YOR014W,YPR078C,1,-4.3671803,0.2525773048400879,0.5426356792449951,0.16057585179805756
YBR100W,YOR354C,1,-4.367266,0.2529623806476593,0.5437430739402771,0.16057585179805756
YMR198W,YPL042C,1,-4.3687162,0.2533470690250397,0.5448504686355591,0.16057585179805756
YPR019W,YJL210W,0,-4.3688064,0.2532166838645935,0.5448504686355591,0.16068659722805023
YOR250C,YLR056W,0,-4.3696256,0.2530864179134369,0.5448504686355591,0.1607973426580429
YMR316W,YPL046C,0,-4.369649,0.2529563009738922,0.5448504686355591,0.16090808808803558
YOR147W,YBR175W,0,-4.3698206,0.2528263032436371,0.5448504686355591,0.16101883351802826
YLR411W,YBR090C-A,0,-4.370111,0.2526964545249939,0.5448504686355591,0.16112956404685974
YLR056W,YIR019C,0,-4.370475,0.25256672501564026,0.5448504686355591,0.16124030947685242
YNL042W,YJL063C,0,-4.370873,0.25243714451789856,0.5448504686355591,0.1613510549068451
YBR294W,YGR270W,0,-4.3712254,0.2523076832294464,0.5448504686355591,0.16146180033683777
YER051W,YPL096W,0,-4.371831,0.2521783709526062,0.5448504686355591,0.16157253086566925
YJR126C,YML045W,0,-4.3725915,0.25204917788505554,0.5448504686355591,0.16168327629566193
YPR140W,YGR122W,0,-4.372712,0.2519201338291168,0.5448504686355591,0.1617940217256546
YJL168C,YGL169W,0,-4.372867,0.25179120898246765,0.5448504686355591,0.16190476715564728
YFL037W,YDR369C,1,-4.37295,0.25217390060424805,0.5459579229354858,0.16190476715564728
YFL033C,YPR078C,1,-4.373574,0.2525562345981598,0.5470653176307678,0.16190476715564728
YDR123C,YGR091W,0,-4.3742685,0.25242719054222107,0.5470653176307678,0.16201549768447876
YCR082W,YNR072W,0,-4.374559,0.2522982656955719,0.5470653176307678,0.16212624311447144
YKL035W,YJR026W,0,-4.376147,0.2521694600582123,0.5470653176307678,0.1622369885444641
YLL009C,YDR356W,0,-4.37647,0.2520408034324646,0.5470653176307678,0.1623477339744568
YPL049C,YPL275W,0,-4.3768415,0.25191229581832886,0.5470653176307678,0.16245846450328827
YHR072W,YJR126C,0,-4.377315,0.25178390741348267,0.5470653176307678,0.16256920993328094
YLR069C,YIL082W-A,0,-4.3779516,0.251655638217926,0.5470653176307678,0.16267995536327362
YMR164C,YPR054W,0,-4.3785644,0.25152748823165894,0.5470653176307678,0.1627907007932663
YDL149W,YDR400W,0,-4.378858,0.2513994872570038,0.5470653176307678,0.16290144622325897
YJR026W,YPL206C,0,-4.3790803,0.2512716054916382,0.5470653176307678,0.16301217675209045
YNR056C,YGL012W,0,-4.3797617,0.2511438727378845,0.5470653176307678,0.16312292218208313
YAL040C,YAR010C,0,-4.381182,0.2510162591934204,0.5470653176307678,0.1632336676120758
YCR098C,YPL097W,0,-4.381279,0.25088876485824585,0.5470653176307678,0.16334441304206848
YDR062W,YBR090C-A,0,-4.3814845,0.2507614195346832,0.5470653176307678,0.16345514357089996
YFL056C,YOR250C,0,-4.381925,0.25063419342041016,0.5470653176307678,0.16356588900089264
YLR114C,YOR266W,0,-4.382226,0.25050708651542664,0.5470653176307678,0.16367663443088531
YFL033C,YPL139C,1,-4.3828874,0.2508869767189026,0.5481727719306946,0.16367663443088531
YJL170C,YGR197C,0,-4.383778,0.25075986981391907,0.5481727719306946,0.163787379860878
YGL054C,YBL005W-A,0,-4.3839154,0.2506329119205475,0.5481727719306946,0.16389811038970947
YGR197C,YDR356W,0,-4.3842077,0.25050607323646545,0.5481727719306946,0.16400885581970215
YGL014W,YHR074W,0,-4.384558,0.250379353761673,0.5481727719306946,0.16411960124969482
YLR231C,YJR026W,0,-4.384894,0.25025278329849243,0.5481727719306946,0.1642303466796875
YDL085W,YOR308C,0,-4.3849797,0.25012633204460144,0.5481727719306946,0.16434109210968018
YKR036C,YGR166W,0,-4.385268,0.25,0.5481727719306946,0.16445182263851166
YMR161W,YPL193W,0,-4.3857,0.2498738020658493,0.5481727719306946,0.16456256806850433
YKL138C-A,YNL182C,0,-4.3860044,0.24974772334098816,0.5481727719306946,0.164673313498497
YBR274W,YDR420W,0,-4.386888,0.24962177872657776,0.5481727719306946,0.16478405892848969
YFR033C,YJL168C,0,-4.3868985,0.2494959682226181,0.5481727719306946,0.16489478945732117
YAL013W,YHR050W,0,-4.387717,0.249370276927948,0.5481727719306946,0.16500553488731384
YPR005C,YER112W,0,-4.3877444,0.24924471974372864,0.5481727719306946,0.16511628031730652
YFR021W,YAL053W,0,-4.387781,0.24911928176879883,0.5481727719306946,0.1652270257472992
YLR238W,YLR368W,0,-4.3881226,0.24899396300315857,0.5481727719306946,0.16533775627613068
YPR161C,YML040W,0,-4.3882785,0.24886877834796906,0.5481727719306946,0.16544850170612335
YIR019C,YIL076W,0,-4.3896866,0.2487437129020691,0.5481727719306946,0.16555924713611603
YJL020C,YMR101C,0,-4.390392,0.24861878156661987,0.5481727719306946,0.1656699925661087
YDL115C,YBR100W,1,-4.390407,0.24899598956108093,0.5492801666259766,0.1656699925661087
YBR100W,YBR250W,1,-4.3907413,0.24937281012535095,0.5503876209259033,0.1656699925661087
YHR157W,YJL074C,1,-4.391292,0.24974924325942993,0.5514950156211853,0.1656699925661087
YNL025C,YOR229W,1,-4.391605,0.25012531876564026,0.5526024103164673,0.1656699925661087
YDL115C,YMR167W,1,-4.391875,0.25050100684165955,0.553709864616394,0.1656699925661087
YPL157W,YLR043C,0,-4.392122,0.25037556886672974,0.553709864616394,0.16578073799610138
YJL085W,YBL005W,0,-4.392586,0.2502502501010895,0.553709864616394,0.16589146852493286
YNL271C,YPR187W,0,-4.392597,0.25012505054473877,0.553709864616394,0.16600221395492554
YOR030W,YGL163C,0,-4.392759,0.25,0.553709864616394,0.1661129593849182
YLR399C,YBR100W,1,-4.392787,0.25037482380867004,0.554817259311676,0.1661129593849182
YOR014W,YCR033W,1,-4.393222,0.25074926018714905,0.5559247136116028,0.1661129593849182
YIL013C,YJR029W,0,-4.3937416,0.25062406063079834,0.5559247136116028,0.1662237048149109
YMR015C,YMR218C,0,-4.3943305,0.25049901008605957,0.5559247136116028,0.16633443534374237
YPL046C,YML064C,0,-4.3943424,0.25037407875061035,0.5559247136116028,0.16644518077373505
YGR006W,YNR046W,0,-4.3953695,0.2502492666244507,0.5559247136116028,0.16655592620372772
YOR023C,YDR389W,0,-4.395936,0.25012457370758057,0.5559247136116028,0.1666666716337204
YNL214W,YNR048W,0,-4.396451,0.25,0.5559247136116028,0.16677740216255188
YFR021W,YNR064C,0,-4.3968997,0.24987556040287018,0.5559247136116028,0.16688814759254456
YCL039W,YKR062W,0,-4.3975606,0.2497512400150299,0.5559247136116028,0.16699889302253723
YOL051W,YCR014C,0,-4.3979106,0.24962705373764038,0.5559247136116028,0.1671096384525299
YKR101W,YDR103W,0,-4.398245,0.2495029866695404,0.5559247136116028,0.16722038388252258
YPL161C,YOR356W,0,-4.398774,0.24937903881072998,0.5559247136116028,0.16733111441135406
YBL019W,YFR021W,0,-4.3987784,0.2492552101612091,0.5559247136116028,0.16744185984134674
YPL275W,YNL293W,0,-4.3994555,0.24913151562213898,0.5559247136116028,0.16755260527133942
YJR158W,YLR181C,0,-4.3999553,0.2490079402923584,0.5559247136116028,0.1676633507013321
YDR450W,YJL054W,0,-4.400064,0.24888448417186737,0.5559247136116028,0.16777408123016357
YGR108W,YDL115C,1,-4.400466,0.2492566853761673,0.5570321083068848,0.16777408123016357
YKL074C,YDL033C,0,-4.400582,0.24913322925567627,0.5570321083068848,0.16788482666015625
YER108C,YDR091C,0,-4.40087,0.249009907245636,0.5570321083068848,0.16799557209014893
YGL136C,YIL013C,0,-4.400953,0.24888668954372406,0.5570321083068848,0.1681063175201416
YNL042W,YKR101W,0,-4.4010696,0.24876360595226288,0.5570321083068848,0.16821704804897308
YOR198C,YBR100W,1,-4.4011483,0.24913494288921356,0.5581395626068115,0.16821704804897308
YJR155W,YGL244W,0,-4.401711,0.24901185929775238,0.5581395626068115,0.16832779347896576
YER133W,YBR136W,1,-4.402298,0.24938271939754486,0.5592469573020935,0.16832779347896576
YPR119W,YGR078C,0,-4.4026494,0.24925962090492249,0.5592469573020935,0.16843853890895844
YJR119C,YNR017W,0,-4.402655,0.24913665652275085,0.5592469573020935,0.1685492843389511
YBR100W,YML128C,1,-4.402859,0.2495069056749344,0.5603543519973755,0.1685492843389511
YDL028C,YGR197C,0,-4.4039035,0.24938392639160156,0.5603543519973755,0.1686600148677826
YJL156C,YML064C,0,-4.4044886,0.24926108121871948,0.5603543519973755,0.16877076029777527
YNL318C,YBL035C,0,-4.405418,0.24913835525512695,0.5603543519973755,0.16888150572776794
YPL161C,YDR529C,0,-4.4054685,0.24901574850082397,0.5603543519973755,0.16899225115776062
YDL028C,YOR076C,0,-4.4058647,0.24889326095581055,0.5603543519973755,0.1691029965877533
YGL070C,YJR120W,0,-4.4058766,0.24877089262008667,0.5603543519973755,0.16921372711658478
YFR024C-A,YDL020C,0,-4.4058833,0.24864864349365234,0.5603543519973755,0.16932447254657745
YGR188C,YNR064C,0,-4.406456,0.24852652847766876,0.5603543519973755,0.16943521797657013
YGR166W,YFL002W-A,0,-4.4066253,0.24840451776981354,0.5603543519973755,0.1695459634065628
YLR145W,YDL216C,0,-4.406963,0.24828262627124786,0.5603543519973755,0.1696566939353943
YLR318W,YAR010C,0,-4.40721,0.24816086888313293,0.5603543519973755,0.16976743936538696
YNL251C,YDR416W,0,-4.4073057,0.24803921580314636,0.5603543519973755,0.16987818479537964
YAL021C,YNL138W,0,-4.4078426,0.24791768193244934,0.5603543519973755,0.16998893022537231
YNL041C,YKR072C,0,-4.408399,0.24779628217220306,0.5603543519973755,0.1700996607542038
YER180C-A,YOR003W,0,-4.408663,0.24767498672008514,0.5603543519973755,0.17021040618419647
YBR100W,YJL074C,1,-4.4087214,0.24804304540157318,0.5614618062973022,0.17021040618419647
YDR518W,YBL005W,0,-4.40917,0.24792176485061646,0.5614618062973022,0.17032115161418915
YER155C,YPL275W,0,-4.409462,0.24780058860778809,0.5614618062973022,0.17043189704418182
YDR153C,YDL085W,0,-4.4099293,0.24767953157424927,0.5614618062973022,0.1705426424741745
YMR276W,YPL167C,0,-4.4102616,0.24755859375,0.5614618062973022,0.17065337300300598
YKL135C,YER041W,0,-4.4105844,0.24743777513504028,0.5614618062973022,0.17076411843299866
YLR095C,YDL044C,0,-4.4107966,0.24731707572937012,0.5614618062973022,0.17087486386299133
YNL250W,YFL037W,1,-4.4109435,0.2476840615272522,0.5625692009925842,0.17087486386299133
YDR446W,YJL074C,1,-4.4110684,0.24805068969726562,0.563676655292511,0.17087486386299133
YKR089C,YAR010C,0,-4.411653,0.24792985618114471,0.563676655292511,0.170985609292984
YKL138C-A,YBR228W,0,-4.4120603,0.24780915677547455,0.563676655292511,0.1710963398218155
YMR287C,YDR356W,0,-4.4129252,0.24768856167793274,0.563676655292511,0.17120708525180817
YNR008W,YJR126C,0,-4.4134727,0.24756810069084167,0.563676655292511,0.17131783068180084
YNL042W,YBL084C,0,-4.413479,0.24744774401187897,0.563676655292511,0.17142857611179352
YKL001C,YEL057C,0,-4.4144473,0.2473275065422058,0.563676655292511,0.171539306640625
YBR091C,YOR295W,0,-4.414669,0.2472073882818222,0.563676655292511,0.17165005207061768
YDR018C,YHR214C-B,0,-4.41479,0.24708737432956696,0.563676655292511,0.17176079750061035
YMR287C,YLR069C,0,-4.4151864,0.24696749448776245,0.563676655292511,0.17187154293060303
YPL132W,YMR235C,0,-4.4155498,0.2468477189540863,0.563676655292511,0.1719822883605957
YGL169W,YNR064C,0,-4.4161253,0.2467280626296997,0.563676655292511,0.17209301888942719
YOR074C,YGR104C,0,-4.416753,0.24660852551460266,0.563676655292511,0.17220376431941986
YOR281C,YDR473C,0,-4.417832,0.24648910760879517,0.563676655292511,0.17231450974941254
YPL283C,YML045W,0,-4.418823,0.24636979401111603,0.563676655292511,0.1724252551794052
YHR043C,YBL034C,0,-4.4194894,0.24625059962272644,0.563676655292511,0.1725359857082367
YBR228W,YGR197C,0,-4.420633,0.2461315244436264,0.563676655292511,0.17264673113822937
YOR032C,YJL018W,0,-4.420895,0.24601256847381592,0.563676655292511,0.17275747656822205
YOL165C,YAR019C,0,-4.4210405,0.2458937168121338,0.563676655292511,0.17286822199821472
YHR107C,YGR199W,0,-4.4210715,0.2457749843597412,0.563676655292511,0.1729789525270462
YDR446W,YCR033W,1,-4.422642,0.24613898992538452,0.564784049987793,0.1729789525270462
YBR036C,YCR098C,0,-4.423583,0.24602025747299194,0.564784049987793,0.17308969795703888
YNL142W,YJR120W,0,-4.4238257,0.24590164422988892,0.564784049987793,0.17320044338703156
YLR312C-B,YGR104C,0,-4.423945,0.24578313529491425,0.564784049987793,0.17331118881702423
YJR119C,YGR122W,0,-4.4245706,0.24566474556922913,0.564784049987793,0.1734219342470169
YCL051W,YOL080C,0,-4.425363,0.24554646015167236,0.564784049987793,0.1735326647758484
YJL018W,YGR156W,0,-4.425438,0.24542829394340515,0.564784049987793,0.17364341020584106
YIL004C,YNR027W,0,-4.425898,0.2453102469444275,0.564784049987793,0.17375415563583374
YPL159C,YKL203C,0,-4.4259996,0.24519230425357819,0.564784049987793,0.17386490106582642
YDR093W,YDR464W,0,-4.4264846,0.24507448077201843,0.564784049987793,0.1739756315946579
YML004C,YHR090C,0,-4.426781,0.24495677649974823,0.564784049987793,0.17408637702465057
YGR108W,YDR369C,1,-4.42701,0.24531924724578857,0.565891444683075,0.17408637702465057
YDR018C,YHR048W,0,-4.4271874,0.24520152807235718,0.565891444683075,0.17419712245464325
YGL200C,YPR005C,0,-4.4275956,0.24508392810821533,0.565891444683075,0.17430786788463593
YCR033W,YPR078C,1,-4.427985,0.2454458326101303,0.5669988989830017,0.17430786788463593
YPL275W,YOR162C,0,-4.428035,0.24532821774482727,0.5669988989830017,0.1744185984134674
YHL019C,YEL057C,0,-4.428328,0.24521072208881378,0.5669988989830017,0.17452934384346008
YGR145W,YER149C,0,-4.428766,0.24509334564208984,0.5669988989830017,0.17464008927345276
YEL032W,YDR018C,0,-4.429236,0.24497607350349426,0.5669988989830017,0.17475083470344543
YPL022W,YLR234W,1,-4.4297976,0.24533715844154358,0.5681062936782837,0.17475083470344543
YDL039C,YGR002C,0,-4.4303784,0.245219886302948,0.5681062936782837,0.17486156523227692
YGR140W,YAR010C,0,-4.4307017,0.24510271847248077,0.5681062936782837,0.1749723106622696
YMR164C,YDR389W,0,-4.430862,0.2449856698513031,0.5681062936782837,0.17508305609226227
YER051W,YGR013W,0,-4.430981,0.24486874043941498,0.5681062936782837,0.17519380152225494
YLR403W,YGR082W,0,-4.431462,0.2447519153356552,0.5681062936782837,0.17530454695224762
YIL026C,YLR265C,0,-4.4315,0.2446351945400238,0.5681062936782837,0.1754152774810791
YMR287C,YDR457W,0,-4.431702,0.24451859295368195,0.5681062936782837,0.17552602291107178
YDL101C,YNL046W,0,-4.4324164,0.24440209567546844,0.5681062936782837,0.17563676834106445
YER107C,YPR006C,0,-4.43243,0.2442857176065445,0.5681062936782837,0.17574751377105713
YKR089C,YNR064C,0,-4.4325986,0.2441694438457489,0.5681062936782837,0.1758582442998886
YLR095C,YGR122W,0,-4.4327984,0.24405328929424286,0.5681062936782837,0.1759689897298813
YMR156C,YOR162C,0,-4.4330964,0.24393723905086517,0.5681062936782837,0.17607973515987396
YMR182C,YLR410W,0,-4.434008,0.24382129311561584,0.5681062936782837,0.17619048058986664
YBR100W,YPL022W,1,-4.434078,0.24418051540851593,0.5692137479782104,0.17619048058986664
YJL192C,YLR312C-B,0,-4.434882,0.2440645843744278,0.5692137479782104,0.17630121111869812
YER119C,YNR059W,0,-4.4351573,0.24394874274730682,0.5692137479782104,0.1764119565486908
YHR015W,YPR133C,0,-4.435631,0.2438330203294754,0.5692137479782104,0.17652270197868347
YER127W,YDR018C,0,-4.436595,0.24371740221977234,0.5692137479782104,0.17663344740867615
YER161C,YKR020W,0,-4.4374933,0.24360188841819763,0.5692137479782104,0.17674419283866882
YLR401C,YOR256C,0,-4.437553,0.24348649382591248,0.5692137479782104,0.1768549233675003
YCL012W,YNR059W,0,-4.4377923,0.24337121844291687,0.5692137479782104,0.17696566879749298
YMR199W,YFR046C,0,-4.437808,0.24325603246688843,0.5692137479782104,0.17707641422748566
YLR312C-B,YGR270W,0,-4.4378104,0.24314096570014954,0.5692137479782104,0.17718715965747833
YLL022C,YER041W,0,-4.4382586,0.243026003241539,0.5692137479782104,0.17729789018630981
YER155C,YBL005W-A,0,-4.438393,0.24291115999221802,0.5692137479782104,0.1774086356163025
YER053C,YDL244W,0,-4.4387183,0.2427964061498642,0.5692137479782104,0.17751938104629517
YLR368W,YDR057W,0,-4.4395204,0.24268177151679993,0.5692137479782104,0.17763012647628784
YKR036C,YGR085C,0,-4.4399624,0.2425672560930252,0.5692137479782104,0.17774085700511932
YLR131C,YJR119C,0,-4.44008,0.24245283007621765,0.5692137479782104,0.177851602435112
YPR005C,YDL078C,0,-4.440416,0.24233852326869965,0.5692137479782104,0.17796234786510468
YFL033C,YHR152W,1,-4.4410086,0.24269556999206543,0.5703211426734924,0.17796234786510468
YGL012W,YJL093C,0,-4.4418473,0.24258124828338623,0.5703211426734924,0.17807309329509735
YAL035W,YOL060C,0,-4.4424148,0.24246704578399658,0.5703211426734924,0.17818383872509003
YKL138C-A,YKL099C,0,-4.4426627,0.2423529475927353,0.5703211426734924,0.1782945692539215
YBR100W,YFL033C,1,-4.4433045,0.24270930886268616,0.5714285969734192,0.1782945692539215
YPL275W,YDR464W,0,-4.4436326,0.24259521067142487,0.5714285969734192,0.17840531468391418
YHR015W,YKL126W,0,-4.443922,0.24248120188713074,0.5714285969734192,0.17851606011390686
YBR245C,YDR018C,0,-4.445045,0.24236731231212616,0.5714285969734192,0.17862680554389954
YOR127W,YDR320C,0,-4.445103,0.24225352704524994,0.5714285969734192,0.17873753607273102
YGR108W,YER133W,1,-4.445108,0.24260909855365753,0.5725359916687012,0.17873753607273102
YOR157C,YGL039W,0,-4.4454327,0.2424953132867813,0.5725359916687012,0.1788482815027237
YLR131C,YDR407C,0,-4.4460597,0.24238161742687225,0.5725359916687012,0.17895902693271637
YHL019C,YPR135W,0,-4.4462323,0.24226804077625275,0.5725359916687012,0.17906977236270905
YMR287C,YDL028C,0,-4.44636,0.2421545684337616,0.5725359916687012,0.17918050289154053
YLR131C,YIL075C,0,-4.447625,0.2420412003993988,0.5725359916687012,0.1792912483215332
YGL063W,YJL192C,0,-4.4478645,0.24192793667316437,0.5725359916687012,0.17940199375152588
YOR351C,YFL033C,1,-4.447952,0.24228250980377197,0.5736433863639832,0.17940199375152588
YML004C,YDR437W,0,-4.4480124,0.24216923117637634,0.5736433863639832,0.17951273918151855
YCL069W,YLR410W,0,-4.44807,0.24205607175827026,0.5736433863639832,0.17962348461151123
YJL058C,YLR442C,0,-4.4481997,0.24194301664829254,0.5736433863639832,0.1797342151403427
YNR034W,YAR010C,0,-4.448601,0.24183006584644318,0.5736433863639832,0.1798449605703354
YPL127C,YDR400W,0,-4.449516,0.24171721935272217,0.5736433863639832,0.17995570600032806
YGR108W,YDR285W,1,-4.4499574,0.24207089841365814,0.5747508406639099,0.17995570600032806
YDR062W,YER180C-A,0,-4.4502378,0.24195803701877594,0.5747508406639099,0.18006645143032074
YDL044C,YGR122W,0,-4.4503765,0.2418452948331833,0.5747508406639099,0.18017718195915222
YBL035C,YDR018C,0,-4.4505386,0.241732656955719,0.5747508406639099,0.1802879273891449
YGR188C,YPL170W,0,-4.4514966,0.24162010848522186,0.5747508406639099,0.18039867281913757
YBL023C,YGR121C,0,-4.4516892,0.24150767922401428,0.5747508406639099,0.18050941824913025
YDR150W,YCL010C,0,-4.4518323,0.24139535427093506,0.5747508406639099,0.18062014877796173
YIL040W,YJR029W,0,-4.452537,0.241283118724823,0.5747508406639099,0.1807308942079544
YNL219C,YBL075C,0,-4.452897,0.2411710023880005,0.5747508406639099,0.18084163963794708
YKL032C,YAL017W,0,-4.4529,0.24105899035930634,0.5747508406639099,0.18095238506793976
YHL048W,YFL059W,0,-4.4531054,0.24094708263874054,0.5747508406639099,0.18106311559677124
YOR056C,YCR066W,0,-4.4532723,0.2408352643251419,0.5747508406639099,0.18117386102676392
YOR371C,YNR059W,0,-4.4533663,0.24072356522083282,0.5747508406639099,0.1812846064567566
YCR093W,YMR088C,0,-4.4535227,0.2406119555234909,0.5747508406639099,0.18139535188674927
YJL134W,YER180C-A,0,-4.4538093,0.24050046503543854,0.5747508406639099,0.18150609731674194
YDR446W,YDR108W,1,-4.454729,0.2408522516489029,0.5758582353591919,0.18150609731674194
YOR315W,YCL069W,0,-4.4549155,0.24074074625968933,0.5758582353591919,0.18161682784557343
YJL024C,YPR119W,0,-4.4551015,0.24062934517860413,0.5758582353591919,0.1817275732755661
YBR136W,YER095W,1,-4.4555154,0.2409805804491043,0.5769656896591187,0.1817275732755661
YDR488C,YJR019C,0,-4.4562726,0.2408691644668579,0.5769656896591187,0.18183831870555878
YGR006W,YGL100W,0,-4.456442,0.24075785279273987,0.5769656896591187,0.18194906413555145
YOR001W,YKL020C,0,-4.457398,0.24064664542675018,0.5769656896591187,0.18205979466438293
YPR133C,YOR003W,0,-4.457849,0.24053554236888885,0.5769656896591187,0.1821705400943756
YJR155W,YJL018W,0,-4.458669,0.24042454361915588,0.5769656896591187,0.1822812855243683
YJL085W,YJR120W,0,-4.459202,0.24031364917755127,0.5769656896591187,0.18239203095436096
YBR090C-A,YML105C,0,-4.459409,0.240202859044075,0.5769656896591187,0.18250276148319244
YPL193W,YPL020C,0,-4.4596276,0.2400921732187271,0.5769656896591187,0.18261350691318512
YER065C,YPL128C,0,-4.4597955,0.23998157680034637,0.5769656896591187,0.1827242523431778
YKL015W,YGR213C,0,-4.4603815,0.239871084690094,0.5769656896591187,0.18283499777317047
YEL015W,YMR087W,0,-4.460751,0.23976069688796997,0.5769656896591187,0.18294574320316315
YNL279W,YKL038W,0,-4.4610186,0.2396504133939743,0.5769656896591187,0.18305647373199463
YMR143W,YLR301W,0,-4.4613376,0.239540234208107,0.5769656896591187,0.1831672191619873
YPL137C,YMR137C,0,-4.4627147,0.23943014442920685,0.5769656896591187,0.18327796459197998
YPL123C,YLR141W,0,-4.4627476,0.23932015895843506,0.5769656896591187,0.18338871002197266
YMR287C,YDR077W,0,-4.462839,0.23921027779579163,0.5769656896591187,0.18349944055080414
YMR199W,YEL031W,0,-4.462979,0.23910050094127655,0.5769656896591187,0.18361018598079681
YPR019W,YOR298C-A,0,-4.4630303,0.23899082839488983,0.5769656896591187,0.1837209314107895
YOR030W,YPL087W,0,-4.4631352,0.23888124525547028,0.5769656896591187,0.18383167684078217
YMR285C,YJR120W,0,-4.4637785,0.23877176642417908,0.5769656896591187,0.18394240736961365
YPR178W,YGL115W,0,-4.463784,0.23866239190101624,0.5769656896591187,0.18405315279960632
YKR019C,YHR005C-A,0,-4.464976,0.23855310678482056,0.5769656896591187,0.184163898229599
YJL062W,YLR403W,0,-4.4651675,0.23844394087791443,0.5769656896591187,0.18427464365959167
YDR101C,YER041W,0,-4.4654927,0.23833486437797546,0.5769656896591187,0.18438538908958435
YPL270W,YDL216C,0,-4.4655223,0.23822587728500366,0.5769656896591187,0.18449611961841583
YHR120W,YEL065W,0,-4.4666667,0.23811699450016022,0.5769656896591187,0.1846068650484085
YLR220W,YDR082W,0,-4.4670095,0.23800821602344513,0.5769656896591187,0.18471761047840118
YLR145W,YKL006C-A,0,-4.4674954,0.2378995418548584,0.5769656896591187,0.18482835590839386
YCL012W,YDL076C,0,-4.4683213,0.23779095709323883,0.5769656896591187,0.18493908643722534
YCR086W,YPR078C,1,-4.4683213,0.23813869059085846,0.5780730843544006,0.18493908643722534
YDL102W,YPL218W,0,-4.468718,0.2380300909280777,0.5780730843544006,0.18504983186721802
YER108C,YER161C,0,-4.4688134,0.2379216104745865,0.5780730843544006,0.1851605772972107
YMR240C,YCL039W,0,-4.469069,0.23781320452690125,0.5780730843544006,0.18527132272720337
YBR060C,YJR029W,0,-4.469335,0.23770491778850555,0.5780730843544006,0.18538205325603485
YPL155C,YOL060C,0,-4.4695754,0.23759672045707703,0.5780730843544006,0.18549279868602753
YBR228W,YNR046W,0,-4.4702716,0.23748862743377686,0.5780730843544006,0.1856035441160202
YOL112W,YOR256C,0,-4.4707904,0.23738062381744385,0.5780730843544006,0.18571428954601288
YOR354C,YML095C,1,-4.47096,0.23772726953029633,0.5791805386543274,0.18571428954601288
YJL018W,YJR127C,0,-4.471535,0.23761926591396332,0.5791805386543274,0.18582503497600555
YJL058C,YDR358W,0,-4.471831,0.23751135170459747,0.5791805386543274,0.18593576550483704
YOR094W,YDL244W,0,-4.472094,0.23740354180335999,0.5791805386543274,0.1860465109348297
YNL271C,YGR122W,0,-4.473142,0.23729582130908966,0.5791805386543274,0.1861572563648224
YHL002W,YKL020C,0,-4.473168,0.2371882051229477,0.5791805386543274,0.18626800179481506
YNL278W,YFR033C,0,-4.4734054,0.23708069324493408,0.5791805386543274,0.18637873232364655
YMR137C,YGR104C,0,-4.473831,0.23697327077388763,0.5791805386543274,0.18648947775363922
YDR082W,YKL126W,0,-4.474382,0.23686593770980835,0.5791805386543274,0.1866002231836319
YEL019C,YBR165W,0,-4.475079,0.23675870895385742,0.5791805386543274,0.18671096861362457
YDR108W,YPR078C,1,-4.4753327,0.23710407316684723,0.5802879333496094,0.18671096861362457
YER051W,YGR166W,0,-4.4753366,0.2369968295097351,0.5802879333496094,0.18682169914245605
YLR131C,YCR027C,0,-4.475552,0.23688969016075134,0.5802879333496094,0.18693244457244873
YIL098C,YLR145W,0,-4.476037,0.23678265511989594,0.5802879333496094,0.1870431900024414
YGR113W,YER041W,0,-4.4762387,0.2366756945848465,0.5802879333496094,0.18715393543243408
YJL094C,YPL096W,0,-4.4765635,0.2365688532590866,0.5802879333496094,0.18726466596126556
YPR019W,YGR135W,0,-4.4768004,0.2364620864391327,0.5802879333496094,0.18737541139125824
YDL039C,YHL025W,0,-4.4774365,0.23635543882846832,0.5802879333496094,0.18748615682125092
YDR300C,YMR087W,0,-4.477646,0.23624886572360992,0.5802879333496094,0.1875969022512436
YLR233C,YPL275W,0,-4.477807,0.23614241182804108,0.5802879333496094,0.18770764768123627
YBR030W,YNR064C,0,-4.4780498,0.2360360324382782,0.5802879333496094,0.18781837821006775
YER108C,YNL031C,0,-4.478271,0.23592975735664368,0.5802879333496094,0.18792912364006042
YEL032W,YLR312C-B,0,-4.47831,0.2358235865831375,0.5802879333496094,0.1880398690700531
YDR296W,YNL326C,0,-4.478713,0.2357175052165985,0.5802879333496094,0.18815061450004578
YCL012W,YPR111W,0,-4.4798512,0.23561151325702667,0.5802879333496094,0.18826134502887726
YHR120W,YOL005C,0,-4.4801955,0.235505610704422,0.5802879333496094,0.18837209045886993
YNL123W,YLR312C-B,0,-4.4803843,0.23539982736110687,0.5802879333496094,0.1884828358888626
YOR127W,YEL050C,0,-4.481312,0.23529411852359772,0.5802879333496094,0.18859358131885529
YLR114C,YIR017C,0,-4.4814806,0.23518851399421692,0.5802879333496094,0.18870431184768677
YER133W,YDR369C,1,-4.4815693,0.23553162813186646,0.5813953280448914,0.18870431184768677
YKR089C,YER151C,0,-4.481771,0.23542600870132446,0.5813953280448914,0.18881505727767944
YNR035C,YDL038C,0,-4.481772,0.23532047867774963,0.5813953280448914,0.18892580270767212
YLR256W,YER180C-A,0,-4.4822536,0.23521505296230316,0.5813953280448914,0.1890365481376648
YLR233C,YNL103W,0,-4.482545,0.23510971665382385,0.5813953280448914,0.18914729356765747
YOR032C,YGL255W,0,-4.4835525,0.2350044697523117,0.5813953280448914,0.18925802409648895
YIL004C,YDL194W,0,-4.4836993,0.23489932715892792,0.5813953280448914,0.18936876952648163
YDR141C,YCR065W,0,-4.483875,0.2347942739725113,0.5813953280448914,0.1894795149564743
YKL110C,YNL046W,0,-4.484366,0.23468931019306183,0.5813953280448914,0.18959026038646698
YNL326C,YJL045W,0,-4.4845457,0.23458445072174072,0.5813953280448914,0.18970099091529846
YOL080C,YPL128C,0,-4.484631,0.23447968065738678,0.5813953280448914,0.18981173634529114
YCL012W,YBR205W,0,-4.485105,0.234375,0.5813953280448914,0.1899224817752838
YPL231W,YKL041W,0,-4.48521,0.23427040874958038,0.5813953280448914,0.1900332272052765
YDR254W,YML045W,0,-4.485543,0.23416592180728912,0.5813953280448914,0.19014395773410797
YJR069C,YHR015W,0,-4.4867024,0.23406152427196503,0.5813953280448914,0.19025470316410065
YHR067W,YBL055C,0,-4.487261,0.2339572161436081,0.5813953280448914,0.19036544859409332
YKR036C,YLR207W,0,-4.4891863,0.23385301232337952,0.5813953280448914,0.190476194024086
YFR046C,YLR312C-B,0,-4.489814,0.2337488830089569,0.5813953280448914,0.19058693945407867
YEL061C,YJL003W,0,-4.4900203,0.23364485800266266,0.5813953280448914,0.19069766998291016
YKR036C,YEL019C,0,-4.490976,0.23354092240333557,0.5813953280448914,0.19080841541290283
YDL137W,YLL003W,0,-4.4912047,0.23343707621097565,0.5813953280448914,0.1909191608428955
YEL056W,YNR017W,0,-4.4912133,0.23333333432674408,0.5813953280448914,0.19102990627288818
YPL042C,YPR078C,1,-4.491774,0.23367391526699066,0.5825027823448181,0.19102990627288818
YDL044C,YJL011C,0,-4.4919095,0.2335701584815979,0.5825027823448181,0.19114063680171967
YAL053W,YDL033C,0,-4.4925528,0.2334664911031723,0.5825027823448181,0.19125138223171234
YDL149W,YPL046C,0,-4.492862,0.23336291313171387,0.5825027823448181,0.19136212766170502
YCR028C-A,YHL025W,0,-4.4931045,0.2332594245672226,0.5825027823448181,0.1914728730916977
YNL182C,YJR029W,0,-4.4936028,0.2331560254096985,0.5825027823448181,0.19158360362052917
YOR073W,YCR033W,1,-4.49363,0.2334957867860794,0.5836101770401001,0.19158360362052917
YDR238C,YJR029W,0,-4.493798,0.2333923876285553,0.5836101770401001,0.19169434905052185
YKL015W,YKL126W,0,-4.493814,0.23328906297683716,0.5836101770401001,0.19180509448051453
YKL179C,YGL025C,0,-4.4946265,0.23318584263324738,0.5836101770401001,0.1919158399105072
YMR065W,YJR049C,0,-4.4946847,0.23308271169662476,0.5836101770401001,0.19202658534049988
YML116W,YKL138C-A,0,-4.4948153,0.2329796701669693,0.5836101770401001,0.19213731586933136
YLR405W,YLR052W,0,-4.495203,0.232876718044281,0.5836101770401001,0.19224806129932404
YOR030W,YKL041W,0,-4.4956713,0.23277385532855988,0.5836101770401001,0.1923588067293167
YDR108W,YOR313C,1,-4.4957986,0.23311258852481842,0.5847176313400269,0.1923588067293167
YJL011C,YOR003W,0,-4.495989,0.2330097109079361,0.5847176313400269,0.1924695521593094
YKL051W,YDR320C,0,-4.496018,0.23290692269802094,0.5847176313400269,0.19258028268814087
YPL051W,YGR179C,0,-4.496202,0.23280423879623413,0.5847176313400269,0.19269102811813354
YOR250C,YMR316W,0,-4.496692,0.2327016294002533,0.5847176313400269,0.19280177354812622
YLR399C,YDL115C,1,-4.4974027,0.23303964734077454,0.5858250260353088,0.19280177354812622
YBR100W,YER095W,1,-4.497415,0.2333773672580719,0.5869324207305908,0.19280177354812622
YOR073W,YHR152W,1,-4.4975734,0.23371478915214539,0.5880398750305176,0.19280177354812622
YEL032W,YDR473C,0,-4.4975944,0.23361197113990784,0.5880398750305176,0.1929125189781189
YBR110W,YOL115W,0,-4.4980288,0.23350922763347626,0.5880398750305176,0.19302324950695038
YHR157W,YHR152W,1,-4.4984126,0.23384615778923035,0.5891472697257996,0.19302324950695038
YPR178W,YDL064W,0,-4.498508,0.23374341428279877,0.5891472697257996,0.19313399493694305
YGR121C,YDR259C,0,-4.4985404,0.23364076018333435,0.5891472697257996,0.19324474036693573
YMR319C,YNR064C,0,-4.4988813,0.2335381954908371,0.5891472697257996,0.1933554857969284
YDR108W,YOR229W,1,-4.498905,0.23387449979782104,0.5902547240257263,0.1933554857969284
YGR013W,YDR443C,0,-4.4995975,0.2337719351053238,0.5902547240257263,0.1934662163257599
YER065C,YNL123W,0,-4.499856,0.2336694449186325,0.5902547240257263,0.19357696175575256
YLR228C,YAL033W,0,-4.5002217,0.2335670441389084,0.5902547240257263,0.19368770718574524
YBL063W,YEL057C,0,-4.5003333,0.23346473276615143,0.5902547240257263,0.19379845261573792
YPR124W,YJL018W,0,-4.5004163,0.23336252570152283,0.5902547240257263,0.1939091980457306
YFR021W,YMR164C,0,-4.5005755,0.2332603931427002,0.5902547240257263,0.19401992857456207
YPR111W,YPL244C,0,-4.5008125,0.23315834999084473,0.5902547240257263,0.19413067400455475
YJR050W,YGR179C,0,-4.500951,0.23305641114711761,0.5902547240257263,0.19424141943454742
YGL021W,YKR019C,0,-4.501192,0.23295454680919647,0.5902547240257263,0.1943521648645401
YBR100W,YOR313C,1,-4.501364,0.23328964412212372,0.5913621187210083,0.1943521648645401
YBL018C,YER180C-A,0,-4.5016704,0.23318777978420258,0.5913621187210083,0.19446289539337158
YIL098C,YMR046C,0,-4.502334,0.2330859899520874,0.5913621187210083,0.19457364082336426
YAL040C,YIL082W-A,0,-4.5029926,0.2329842895269394,0.5913621187210083,0.19468438625335693
YCL017C,YEL057C,0,-4.503581,0.23288269340991974,0.5913621187210083,0.1947951316833496
YER133W,YBR100W,1,-4.5038853,0.23321709036827087,0.5924695730209351,0.1947951316833496
YKL170W,YDR160W,0,-4.5039854,0.23311546444892883,0.5924695730209351,0.1949058622121811
YNL275W,YBR060C,0,-4.50415,0.23301394283771515,0.5924695730209351,0.19501660764217377
YER107C,YDR416W,0,-4.5041785,0.23291249573230743,0.5924695730209351,0.19512735307216644
YOR266W,YNR011C,0,-4.5045214,0.23281113803386688,0.5924695730209351,0.19523809850215912
YER133W,YDR108W,1,-4.5047684,0.2331448495388031,0.593576967716217,0.19523809850215912
YOR284W,YEL065W,0,-4.504871,0.23304347693920135,0.593576967716217,0.1953488439321518
YDR420W,YLL003W,0,-4.5052896,0.23294219374656677,0.593576967716217,0.19545957446098328
YKL135C,YGL245W,0,-4.5056815,0.23284101486206055,0.593576967716217,0.19557031989097595
YLR109W,YBL005W-A,0,-4.505698,0.2327399104833603,0.593576967716217,0.19568106532096863
YNR059W,YLR442C,0,-4.506491,0.2326388955116272,0.593576967716217,0.1957918107509613
YAL040C,YGR213C,0,-4.506616,0.23253795504570007,0.593576967716217,0.19590254127979279
YDR473C,YIL167W,0,-4.5066423,0.2324371188879013,0.593576967716217,0.19601328670978546
YBR100W,YMR190C,1,-4.507673,0.23276983201503754,0.594684362411499,0.19601328670978546
YGR156W,YFL059W,0,-4.507838,0.23266898095607758,0.594684362411499,0.19612403213977814
YGL021W,YNR048W,0,-4.508349,0.23256820440292358,0.594684362411499,0.1962347775697708
YNR044W,YGR133W,0,-4.5084667,0.23246753215789795,0.594684362411499,0.1963455080986023
YJR078W,YFR008W,0,-4.508685,0.23236693441867828,0.594684362411499,0.19645625352859497
YJL146W,YER095W,1,-4.5090413,0.2326989620923996,0.5957918167114258,0.19645625352859497
YBR175W,YJR120W,0,-4.5090985,0.23259836435317993,0.5957918167114258,0.19656699895858765
YER095W,YPR078C,1,-4.509602,0.232929989695549,0.5968992114067078,0.19656699895858765
YBR100W,YNL025C,1,-4.50988,0.2332613319158554,0.5980066657066345,0.19656699895858765
YER108C,YKL152C,0,-4.510284,0.2331606149673462,0.5980066657066345,0.19667774438858032
YJR155W,YGR013W,0,-4.51045,0.23305998742580414,0.5980066657066345,0.196788489818573
YGR145W,YDL038C,0,-4.5107226,0.23295944929122925,0.5980066657066345,0.19689922034740448
YBR015C,YBL005W-A,0,-4.5110345,0.23285898566246033,0.5980066657066345,0.19700996577739716
YML116W,YKR020W,0,-4.5115047,0.23275862634181976,0.5980066657066345,0.19712071120738983
YBL069W,YER108C,0,-4.512513,0.23265834152698517,0.5980066657066345,0.1972314566373825
YGL063W,YML040W,0,-4.512687,0.23255814611911774,0.5980066657066345,0.197342187166214
YDR123C,YDL085W,0,-4.513165,0.23245802521705627,0.5980066657066345,0.19745293259620667
YBR100W,YDR285W,1,-4.5133204,0.2327882945537567,0.5991140604019165,0.19745293259620667
YCL012W,YGR145W,0,-4.513328,0.23268817365169525,0.5991140604019165,0.19756367802619934
YMR161W,YIR019C,0,-4.513824,0.23258812725543976,0.5991140604019165,0.19767442345619202
YIR019C,YOR361C,0,-4.51421,0.23248818516731262,0.5991140604019165,0.1977851539850235
YBR274W,YPL132W,0,-4.5146623,0.23238831758499146,0.5991140604019165,0.19789589941501617
YNR056C,YNL251C,0,-4.514974,0.23228853940963745,0.5991140604019165,0.19800664484500885
YPL137C,YGL207W,0,-4.5154448,0.23218883574008942,0.5991140604019165,0.19811739027500153
YJL146W,YFL037W,1,-4.515863,0.23251822590827942,0.6002214550971985,0.19811739027500153
YDR175C,YCR073C,0,-4.515909,0.23241852223873138,0.6002214550971985,0.1982281357049942
YPR054W,YML028W,0,-4.515926,0.2323189079761505,0.6002214550971985,0.19833886623382568
YOR014W,YHR152W,1,-4.5159917,0.2326478213071823,0.6013289093971252,0.19833886623382568
YJL146W,YHR157W,1,-4.5171323,0.23297645151615143,0.6024363040924072,0.19833886623382568
YMR234W,YPL144W,0,-4.517789,0.232876718044281,0.6024363040924072,0.19844961166381836
YER108C,YJL168C,0,-4.518848,0.23277705907821655,0.6024363040924072,0.19856035709381104
YMR068W,YBL103C,0,-4.519108,0.23267750442028046,0.6024363040924072,0.1986711025238037
YMR112C,YFL002W-A,0,-4.519747,0.23257802426815033,0.6024363040924072,0.1987818330526352
YNL223W,YBR296C,0,-4.5210147,0.23247863352298737,0.6024363040924072,0.19889257848262787
YCR098C,YNL145W,0,-4.5217576,0.23237933218479156,0.6024363040924072,0.19900332391262054
YDR190C,YML045W,0,-4.5217805,0.23228010535240173,0.6024363040924072,0.19911406934261322
YAR019C,YPL240C,0,-4.521833,0.23218096792697906,0.6024363040924072,0.1992247998714447
YPR119W,YPR100W,0,-4.52373,0.23208190500736237,0.6024363040924072,0.19933554530143738
YMR237W,YKR089C,0,-4.5239415,0.23198294639587402,0.6024363040924072,0.19944629073143005
YMR137C,YDR057W,0,-4.5239954,0.23188406229019165,0.6024363040924072,0.19955703616142273
YHR154W,YIL167W,0,-4.524383,0.23178525269031525,0.6024363040924072,0.1996677666902542
YPL237W,YBL005W-A,0,-4.524571,0.2316865473985672,0.6024363040924072,0.1997785121202469
YHR030C,YLR386W,0,-4.524634,0.23158791661262512,0.6024363040924072,0.19988925755023956
YGR113W,YDL033C,0,-4.5248084,0.231489360332489,0.6024363040924072,0.20000000298023224
YIR006C,YMR234W,0,-4.525429,0.23139089345932007,0.6024363040924072,0.20011074841022491
YGL012W,YOR371C,0,-4.525466,0.2312925159931183,0.6024363040924072,0.2002214789390564
YHR120W,YKR022C,0,-4.525479,0.23119421303272247,0.6024363040924072,0.20033222436904907
YGL090W,YHR074W,0,-4.5255847,0.23109599947929382,0.6024363040924072,0.20044296979904175
YLR353W,YHR120W,0,-4.525929,0.23099787533283234,0.6024363040924072,0.20055371522903442
YBR136W,YJL074C,1,-4.526566,0.23132428526878357,0.603543758392334,0.20055371522903442
YOR354C,YNL250W,1,-4.526672,0.23165039718151093,0.604651153087616,0.20055371522903442
YNL250W,YFL033C,1,-4.526838,0.23197625577449799,0.6057586073875427,0.20055371522903442
YAL030W,YPL007C,0,-4.5271125,0.2318779081106186,0.6057586073875427,0.2006644457578659
YDR093W,YPR054W,0,-4.5271583,0.23177966475486755,0.6057586073875427,0.20077519118785858
YPR019W,YFL059W,0,-4.527464,0.23168149590492249,0.6057586073875427,0.20088593661785126
YOR001W,YJL045W,0,-4.5274863,0.2315834015607834,0.6057586073875427,0.20099668204784393
YOL042W,YIL017C,0,-4.5285006,0.23148539662361145,0.6057586073875427,0.20110741257667542
YJL196C,YGL163C,0,-4.5286713,0.23138748109340668,0.6057586073875427,0.2012181580066681
YLR231C,YGR179C,0,-4.52872,0.23128964006900787,0.6057586073875427,0.20132890343666077
YNL117W,YOR356W,0,-4.5293794,0.23119188845157623,0.6057586073875427,0.20143964886665344
YCL012W,YOL080C,0,-4.529539,0.23109421133995056,0.6057586073875427,0.20155039429664612
YML051W,YNL214W,0,-4.5308995,0.23099662363529205,0.6057586073875427,0.2016611248254776
YIL004C,YMR046C,0,-4.5313826,0.23089911043643951,0.6057586073875427,0.20177187025547028
YLR069C,YML040W,0,-4.5317645,0.23080168664455414,0.6057586073875427,0.20188261568546295
YJL018W,YDR324C,0,-4.532081,0.23070433735847473,0.6057586073875427,0.20199336111545563
YDR437W,YGL150C,0,-4.532091,0.2306070774793625,0.6057586073875427,0.2021040916442871
YPL170W,YDL194W,0,-4.5322423,0.2305099070072174,0.6057586073875427,0.20221483707427979
YDR166C,YBR061C,0,-4.53301,0.2304128110408783,0.6057586073875427,0.20232558250427246
YPR005C,YDR148C,0,-4.5332685,0.23031578958034515,0.6057586073875427,0.20243632793426514
YMR199W,YMR240C,0,-4.533518,0.23021885752677917,0.6057586073875427,0.20254705846309662
YDL030W,YOR315W,0,-4.5335937,0.23012199997901917,0.6057586073875427,0.2026578038930893
YOR074C,YMR065W,0,-4.5336947,0.23002523183822632,0.6057586073875427,0.20276854932308197
YHR074W,YGL244W,0,-4.533867,0.22992853820323944,0.6057586073875427,0.20287929475307465
YOR127W,YML105C,0,-4.5341125,0.22983193397521973,0.6057586073875427,0.20299004018306732
YPR190C,YAR010C,0,-4.53492,0.22973540425300598,0.6057586073875427,0.2031007707118988
YPL167C,YLR312C-B,0,-4.5356803,0.2296389639377594,0.6057586073875427,0.20321151614189148
YCR086W,YOR229W,1,-4.5357757,0.22996222972869873,0.6068660020828247,0.20321151614189148
YKL179C,YHR086W,0,-4.536031,0.22986577451229095,0.6068660020828247,0.20332226157188416
YNR019W,YAL041W,0,-4.5361667,0.22976939380168915,0.6068660020828247,0.20343300700187683
YDL074C,YPR119W,0,-4.537377,0.2296730875968933,0.6068660020828247,0.2035437375307083
YKR031C,YDL077C,0,-4.538118,0.22957687079906464,0.6068660020828247,0.203654482960701
YJL081C,YPL275W,0,-4.5382676,0.22948074340820312,0.6068660020828247,0.20376522839069366
YJR158W,YBR175W,0,-4.53954,0.2293846756219864,0.6068660020828247,0.20387597382068634
YFL059W,YJR019C,0,-4.539696,0.22928869724273682,0.6068660020828247,0.20398670434951782
YHR152W,YPL042C,1,-4.5397058,0.22961103916168213,0.6079733967781067,0.20398670434951782
YDL040C,YOR295W,0,-4.5401797,0.22951504588127136,0.6079733967781067,0.2040974497795105
YHR011W,YFR051C,0,-4.540429,0.22941914200782776,0.6079733967781067,0.20420819520950317
YLR265C,YLL021W,0,-4.540644,0.22932331264019012,0.6079733967781067,0.20431894063949585
YMR285C,YJL045W,0,-4.540732,0.22922755777835846,0.6079733967781067,0.20442968606948853
YAL040C,YDR018C,0,-4.541469,0.22913189232349396,0.6079733967781067,0.20454041659832
YCL012W,YFR033C,0,-4.5420446,0.22903630137443542,0.6079733967781067,0.20465116202831268
YGR246C,YCL001W,0,-4.5425715,0.22894078493118286,0.6079733967781067,0.20476190745830536
YHR067W,YOR332W,0,-4.5429187,0.22884535789489746,0.6079733967781067,0.20487265288829803
YML064C,YJR019C,0,-4.543115,0.22875000536441803,0.6079733967781067,0.20498338341712952
YOR188W,YBR097W,0,-4.5439115,0.22865472733974457,0.6079733967781067,0.2050941288471222
YDR022C,YGL227W,0,-4.544104,0.22855953872203827,0.6079733967781067,0.20520487427711487
YMR316W,YBL103C,0,-4.544258,0.22846442461013794,0.6079733967781067,0.20531561970710754
YDR302W,YCL020W,0,-4.544263,0.22836938500404358,0.6079733967781067,0.20542635023593903
YPL170W,YML040W,0,-4.5443597,0.22827443480491638,0.6079733967781067,0.2055370956659317
YLL043W,YFL002W-A,0,-4.544369,0.22817954421043396,0.6079733967781067,0.20564784109592438
YDR036C,YMR046C,0,-4.5447726,0.2280847579240799,0.6079733967781067,0.20575858652591705
YMR199W,YIL149C,0,-4.5448265,0.2279900312423706,0.6079733967781067,0.20586931705474854
YOR371C,YMR156C,0,-4.5453897,0.22789539396762848,0.6079733967781067,0.2059800624847412
YBR100W,YML095C,1,-4.5476694,0.2282157689332962,0.6090808510780334,0.2059800624847412
YBL063W,YAR010C,0,-4.5478983,0.22812111675739288,0.6090808510780334,0.2060908079147339
YBR274W,YPL137C,0,-4.5480723,0.22802653908729553,0.6090808510780334,0.20620155334472656
YPL161C,YMR008C,0,-4.5481977,0.22793203592300415,0.6090808510780334,0.20631229877471924
YBR090C-A,YFR048W,0,-4.548616,0.22783760726451874,0.6090808510780334,0.20642302930355072
YLR370C,YNR064C,0,-4.5487647,0.2277432680130005,0.6090808510780334,0.2065337747335434
YOR188W,YDL216C,0,-4.549135,0.2276490032672882,0.6090808510780334,0.20664452016353607
YOR030W,YDR077W,0,-4.549233,0.2275548130273819,0.6090808510780334,0.20675526559352875
YJL074C,YCR033W,1,-4.5493274,0.2278742790222168,0.6101882457733154,0.20675526559352875
YMR161W,YLR176C,0,-4.5502234,0.2277800738811493,0.6101882457733154,0.20686599612236023
YGR140W,YJL094C,0,-4.5512514,0.22768594324588776,0.6101882457733154,0.2069767415523529
YGR108W,YHR152W,1,-4.5517917,0.22800496220588684,0.6112957000732422,0.2069767415523529
YKL138C-A,YMR188C,0,-4.5517983,0.2279108166694641,0.6112957000732422,0.20708748698234558
YOR014W,YMR190C,1,-4.5520525,0.22822946310043335,0.6124030947685242,0.20708748698234558
YJR089W,YPL212C,0,-4.5529737,0.22813531756401062,0.6124030947685242,0.20719823241233826
YJR049C,YDR057W,0,-4.5530677,0.22804123163223267,0.6124030947685242,0.20730896294116974
YJL146W,YBR136W,1,-4.5530715,0.22835944592952728,0.6135105490684509,0.20730896294116974
YMR042W,YBL055C,0,-4.553985,0.22826534509658813,0.6135105490684509,0.20741970837116241
YJL018W,YJL093C,0,-4.5546775,0.22817133367061615,0.6135105490684509,0.2075304538011551
YJL196C,YOL094C,0,-4.5549645,0.22807739675045013,0.6135105490684509,0.20764119923114777
YDL085W,YOL102C,0,-4.5550666,0.2279835343360901,0.6135105490684509,0.20775194466114044
YLR295C,YMR156C,0,-4.5552516,0.2278897613286972,0.6135105490684509,0.20786267518997192
YML078W,YBR175W,0,-4.555328,0.2277960479259491,0.6135105490684509,0.2079734206199646
YNL145W,YGR081C,0,-4.555718,0.22770242393016815,0.6135105490684509,0.20808416604995728
YMR167W,YLR234W,1,-4.5558434,0.22801971435546875,0.6146179437637329,0.20808416604995728
YMR237W,YLR312C-B,0,-4.55616,0.2279260754585266,0.6146179437637329,0.20819491147994995
YOR014W,YPL042C,1,-4.5562367,0.22824302315711975,0.6157253384590149,0.20819491147994995
YOR030W,YLR238W,0,-4.557546,0.22814936935901642,0.6157253384590149,0.20830564200878143
YBR072W,YKR031C,0,-4.557707,0.22805579006671906,0.6157253384590149,0.2084163874387741
YNL042W,YDR052C,0,-4.5584254,0.22796228528022766,0.6157253384590149,0.20852713286876678
YCR098C,YOL094C,0,-4.5585065,0.22786885499954224,0.6157253384590149,0.20863787829875946
YER065C,YLR145W,0,-4.5591154,0.22777549922466278,0.6157253384590149,0.20874860882759094
YLR100W,YLR288C,0,-4.559238,0.2276822328567505,0.6157253384590149,0.20885935425758362
YEL015W,YDR420W,0,-4.559305,0.22758902609348297,0.6157253384590149,0.2089700996875763
YJL058C,YPL127C,0,-4.5596023,0.22749590873718262,0.6157253384590149,0.20908084511756897
YNR019W,YJR126C,0,-4.5598474,0.22740286588668823,0.6157253384590149,0.20919159054756165
YEL032W,YAR010C,0,-4.5603404,0.22730989754199982,0.6157253384590149,0.20930232107639313
YAL013W,YJL085W,0,-4.560635,0.22721700370311737,0.6157253384590149,0.2094130665063858
YPL157W,YBR293W,0,-4.5611577,0.2271241843700409,0.6157253384590149,0.20952381193637848
YIL097W,YDR057W,0,-4.5615487,0.22703143954277039,0.6157253384590149,0.20963455736637115
YNL278W,YFL002W-A,0,-4.5615554,0.22693876922130585,0.6157253384590149,0.20974528789520264
YCL001W,YMR060C,0,-4.561616,0.22684618830680847,0.6157253384590149,0.2098560333251953
YOR025W,YMR243C,0,-4.5622845,0.22675366699695587,0.6157253384590149,0.209966778755188
YKR046C,YCR066W,0,-4.562551,0.22666123509407043,0.6157253384590149,0.21007752418518066
YDL231C,YCL066W,0,-4.5627904,0.22656886279582977,0.6157253384590149,0.21018825471401215
YBL020W,YDL033C,0,-4.5630727,0.22647657990455627,0.6157253384590149,0.21029900014400482
YER108C,YGR128C,0,-4.563354,0.22638437151908875,0.6157253384590149,0.2104097455739975
YGR108W,YMR167W,1,-4.5633636,0.22669923305511475,0.6168327927589417,0.2104097455739975
YHL048W,YBL005W-A,0,-4.5635624,0.22660699486732483,0.6168327927589417,0.21052049100399017
YBR102C,YGR008C,0,-4.5646725,0.22651484608650208,0.6168327927589417,0.21063123643398285
YEL061C,YLR411W,0,-4.565005,0.2264227569103241,0.6168327927589417,0.21074196696281433
YDL115C,YOR014W,1,-4.56549,0.2267370969057083,0.6179401874542236,0.21074196696281433
YMR137C,YLR312C-B,0,-4.565659,0.22664500772953033,0.6179401874542236,0.210852712392807
YLR265C,YHR214C-B,0,-4.56655,0.22655297815799713,0.6179401874542236,0.21096345782279968
YKL179C,YPL001W,0,-4.567089,0.2264610379934311,0.6179401874542236,0.21107420325279236
YOR308C,YJL093C,0,-4.5671153,0.22636917233467102,0.6179401874542236,0.21118493378162384
YCR086W,YJL074C,1,-4.567244,0.2266828864812851,0.6190476417541504,0.21118493378162384
YKR072C,YOL138C,0,-4.5673327,0.22659100592136383,0.6190476417541504,0.21129567921161652
YBL025W,YDR407C,0,-4.5673947,0.22649918496608734,0.6190476417541504,0.2114064246416092
YMR190C,YJL074C,1,-4.5674267,0.226812481880188,0.6201550364494324,0.2114064246416092
YJL042W,YAR010C,0,-4.5685983,0.2267206460237503,0.6201550364494324,0.21151717007160187
YKL135C,YBL034C,0,-4.5690455,0.22662889957427979,0.6201550364494324,0.21162790060043335
YBL020W,YNR064C,0,-4.5691185,0.22653721272945404,0.6201550364494324,0.21173864603042603
YBR217W,YLR314C,0,-4.569181,0.22644561529159546,0.6201550364494324,0.2118493914604187
YNR072W,YLR438C-A,0,-4.570128,0.22635407745838165,0.6201550364494324,0.21196013689041138
YER108C,YIL017C,0,-4.5707316,0.226262629032135,0.6201550364494324,0.21207086741924286
YNL025C,YPL139C,1,-4.570867,0.2265751212835312,0.6212624311447144,0.21207086741924286
YJR089W,YCL035C,0,-4.5710616,0.22648364305496216,0.6212624311447144,0.21218161284923553
YHR014W,YPL042C,1,-4.571713,0.22679580748081207,0.6223698854446411,0.21218161284923553
YHR107C,YEL057C,0,-4.5717897,0.22670431435108185,0.6223698854446411,0.2122923582792282
YFR046C,YJL168C,0,-4.5722747,0.2266129106283188,0.6223698854446411,0.2124031037092209
YHR067W,YEL002C,0,-4.572966,0.2265215665102005,0.6223698854446411,0.21251384913921356
YNR008W,YBR090C-A,0,-4.573036,0.22643029689788818,0.6223698854446411,0.21262457966804504
YML095C,YFL037W,1,-4.573185,0.22674185037612915,0.6234772801399231,0.21262457966804504
YOL060C,YJL011C,0,-4.573278,0.22665056586265564,0.6234772801399231,0.21273532509803772
YKR022C,YNR046W,0,-4.5733924,0.2265593558549881,0.6234772801399231,0.2128460705280304
YGR199W,YKL203C,0,-4.573495,0.22646822035312653,0.6234772801399231,0.21295681595802307
YDL101C,YDL044C,0,-4.5736427,0.22637715935707092,0.6234772801399231,0.21306754648685455
YMR319C,YGL090W,0,-4.573865,0.2262861728668213,0.6234772801399231,0.21317829191684723
YGR108W,YCR086W,1,-4.574034,0.22659702599048615,0.6245847344398499,0.21317829191684723
YGR133W,YGR280C,0,-4.5740776,0.22650602459907532,0.6245847344398499,0.2132890373468399
YIR019C,YDL038C,0,-4.5742607,0.22641509771347046,0.6245847344398499,0.21339978277683258
YJL020C,YPL076W,0,-4.5745525,0.22632423043251038,0.6245847344398499,0.21351051330566406
YHR067W,YMR043W,0,-4.574694,0.22623345255851746,0.6245847344398499,0.21362125873565674
YDR190C,YDL038C,0,-4.575524,0.2261427491903305,0.6245847344398499,0.21373200416564941
YLL041C,YCL020W,0,-4.5761437,0.22605210542678833,0.6245847344398499,0.2138427495956421
YMR277W,YIL026C,0,-4.576308,0.22596153616905212,0.6245847344398499,0.21395349502563477
YNL098C,YML045W,0,-4.5766397,0.2258710414171219,0.6245847344398499,0.21406422555446625
YNL182C,YMR313C,0,-4.576934,0.22578062117099762,0.6245847344398499,0.21417497098445892
YEL018W,YJL117W,0,-4.577378,0.22569027543067932,0.6245847344398499,0.2142857164144516
YLR314C,YIL013C,0,-4.5775642,0.225600004196167,0.6245847344398499,0.21439646184444427
YGR140W,YML040W,0,-4.577576,0.22550979256629944,0.6245847344398499,0.21450719237327576
YDR108W,YMR167W,1,-4.5785475,0.22581934928894043,0.6256921291351318,0.21450719237327576
YLR405W,YBR212W,0,-4.5787826,0.22572912275791168,0.6256921291351318,0.21461793780326843
YHR107C,YAR010C,0,-4.579074,0.2256389707326889,0.6256921291351318,0.2147286832332611
YGL200C,YGR013W,0,-4.579451,0.2255489081144333,0.6256921291351318,0.21483942866325378
YMR035W,YPL157W,0,-4.579601,0.22545890510082245,0.6256921291351318,0.21495015919208527
YEL029C,YDL038C,0,-4.580048,0.22536896169185638,0.6256921291351318,0.21506090462207794
YML081C-A,YDR243C,0,-4.580087,0.22527910768985748,0.6256921291351318,0.21517165005207062
YNR017W,YLR014C,0,-4.5802674,0.22518931329250336,0.6256921291351318,0.2152823954820633
YLR371W,YGR082W,0,-4.5804667,0.2250996083021164,0.6256921291351318,0.21539314091205597
YNL006W,YOR162C,0,-4.580503,0.2250099629163742,0.6256921291351318,0.21550387144088745
YBL069W,YHR120W,0,-4.5815635,0.2249203771352768,0.6256921291351318,0.21561461687088013
YKL190W,YML040W,0,-4.5821033,0.22483088076114655,0.6256921291351318,0.2157253623008728
YEL009C,YKL138C-A,0,-4.582107,0.22474144399166107,0.6256921291351318,0.21583610773086548
YMR190C,YNL025C,1,-4.5825114,0.2250497043132782,0.6267995834350586,0.21583610773086548
YKL051W,YGL039W,0,-4.582594,0.22496025264263153,0.6267995834350586,0.21594683825969696
YDR464W,YDL038C,0,-4.582703,0.22487087547779083,0.6267995834350586,0.21605758368968964
YOR056C,YHR048W,0,-4.5829105,0.2247815728187561,0.6267995834350586,0.2161683291196823
YBR202W,YAL017W,0,-4.5830073,0.22469234466552734,0.6267995834350586,0.216279074549675
YLR405W,YCL031C,0,-4.5837855,0.22460317611694336,0.6267995834350586,0.21638980507850647
YMR065W,YBL005W,0,-4.584015,0.22451408207416534,0.6267995834350586,0.21650055050849915
YMR015C,YJL018W,0,-4.5844064,0.2244250625371933,0.6267995834350586,0.21661129593849182
YGL090W,YLL034C,0,-4.5845,0.22433610260486603,0.6267995834350586,0.2167220413684845
YDR358W,YOR266W,0,-4.584709,0.22424723207950592,0.6267995834350586,0.21683278679847717
YLR016C,YDL038C,0,-4.5849643,0.2241584211587906,0.6267995834350586,0.21694351732730865
YHR072W,YJL018W,0,-4.5851016,0.22406966984272003,0.6267995834350586,0.21705426275730133
YGR135W,YCL020W,0,-4.5851903,0.22398100793361664,0.6267995834350586,0.217165008187294
YOL115W,YLR312C-B,0,-4.5854025,0.22389240562915802,0.6267995834350586,0.21727575361728668
YLR145W,YMR067C,0,-4.58559,0.22380387783050537,0.6267995834350586,0.21738648414611816
YAR019C,YDL077C,0,-4.585827,0.2237154096364975,0.6267995834350586,0.21749722957611084
YBR245C,YCR024C-A,0,-4.58599,0.2236270308494568,0.6267995834350586,0.21760797500610352
YJL061W,YMR087W,0,-4.5860114,0.22353871166706085,0.6267995834350586,0.2177187204360962
YJL063C,YOR256C,0,-4.586121,0.2234504520893097,0.6267995834350586,0.21782945096492767
YNL231C,YGR008C,0,-4.5861535,0.2233622670173645,0.6267995834350586,0.21794019639492035
YFR008W,YFL002W-A,0,-4.58631,0.22327415645122528,0.6267995834350586,0.21805094182491302
YNR011C,YKR028W,0,-4.5870423,0.22318612039089203,0.6267995834350586,0.2181616872549057
YGR121C,YGL025C,0,-4.587068,0.22309814393520355,0.6267995834350586,0.21827243268489838
YPR119W,YDR435C,0,-4.5883555,0.22301024198532104,0.6267995834350586,0.21838316321372986
YMR167W,YHR157W,1,-4.588745,0.2233162671327591,0.6279069781303406,0.21838316321372986
YGR188C,YBL103C,0,-4.588754,0.2232283502817154,0.6279069781303406,0.21849390864372253
YFL033C,YOR313C,1,-4.589118,0.22353404760360718,0.6290143728256226,0.21849390864372253
YOR133W,YGR270W,0,-4.589969,0.2234461009502411,0.6290143728256226,0.2186046540737152
YIL097W,YGR213C,0,-4.5903883,0.22335824370384216,0.6290143728256226,0.21871539950370789
YIL098C,YJR026W,0,-4.5909343,0.223270446062088,0.6290143728256226,0.21882613003253937
YBR090C-A,YDR312W,0,-4.5912557,0.22318270802497864,0.6290143728256226,0.21893687546253204
YMR065W,YER038C,0,-4.5915275,0.22309504449367523,0.6290143728256226,0.21904762089252472
YHR114W,YLR368W,0,-4.5916543,0.2230074554681778,0.6290143728256226,0.2191583663225174
YER174C,YMR218C,0,-4.592151,0.22291994094848633,0.6290143728256226,0.21926909685134888
YIL132C,YER133W,1,-4.5924582,0.22322478890419006,0.6301218271255493,0.21926909685134888
YOL095C,YNL103W,0,-4.5927405,0.2231372594833374,0.6301218271255493,0.21937984228134155
YOR295W,YLR301W,0,-4.593089,0.22304978966712952,0.6301218271255493,0.21949058771133423
YBR100W,YHR157W,1,-4.593575,0.22335423529148102,0.6312292218208313,0.21949058771133423
YLL002W,YOR132W,0,-4.5943265,0.22326675057411194,0.6312292218208313,0.2196013331413269
YEL050C,YFL059W,0,-4.5944953,0.22317932546138763,0.6312292218208313,0.2197120636701584
YOR284W,YNL145W,0,-4.5949445,0.2230919748544693,0.6312292218208313,0.21982280910015106
YBR100W,YFL037W,1,-4.5953546,0.2233959287405014,0.6323366761207581,0.21982280910015106
YDR296W,YOL042W,0,-4.5954432,0.22330856323242188,0.6323366761207581,0.21993355453014374
YMR068W,YJR025C,0,-4.5954986,0.22322127223014832,0.6323366761207581,0.2200442999601364
YGL090W,YLR438C-A,0,-4.59554,0.22313404083251953,0.6323366761207581,0.2201550453901291
YMR204C,YCL017C,0,-4.5957117,0.22304686903953552,0.6323366761207581,0.22026577591896057
YMR287C,YGR119C,0,-4.5963473,0.22295978665351868,0.6323366761207581,0.22037652134895325
YCL012W,YMR218C,0,-4.5966487,0.2228727489709854,0.6323366761207581,0.22048726677894592
YNL250W,YOR014W,1,-4.5968447,0.22317597270011902,0.63344407081604,0.22048726677894592
YBR100W,YOR073W,1,-4.597076,0.22347894310951233,0.634551465511322,0.22048726677894592
YPR007C,YPL042C,1,-4.597327,0.22378167510032654,0.6356589198112488,0.22048726677894592
YER133W,YGL249W,1,-4.59768,0.22408418357372284,0.6367663145065308,0.22048726677894592
YGR113W,YAL017W,0,-4.597853,0.22399687767028809,0.6367663145065308,0.2205980122089386
YHL048W,YMR313C,0,-4.597937,0.2239096611738205,0.6367663145065308,0.22070874273777008
YBR090C-A,YOR373W,0,-4.5983276,0.22382250428199768,0.6367663145065308,0.22081948816776276
YGR270W,YFL002W-A,0,-4.59864,0.22373540699481964,0.6367663145065308,0.22093023359775543
YMR060C,YDR416W,0,-4.599094,0.22364838421344757,0.6367663145065308,0.2210409790277481
YER119C,YDL194W,0,-4.5994444,0.22356143593788147,0.6367663145065308,0.2211517095565796
YER108C,YLR438C-A,0,-4.599686,0.22347454726696014,0.6367663145065308,0.22126245498657227
YBR110W,YEL057C,0,-4.599991,0.2233877182006836,0.6367663145065308,0.22137320041656494
YCR093W,YMR211W,0,-4.6002936,0.223300963640213,0.6367663145065308,0.22148394584655762
YBL063W,YOR308C,0,-4.6008763,0.2232142835855484,0.6367663145065308,0.2215946912765503
YNL123W,YJL089W,0,-4.6008973,0.22312766313552856,0.6367663145065308,0.22170542180538177
YFR048W,YDL077C,0,-4.601301,0.2230411171913147,0.6367663145065308,0.22181616723537445
YOR127W,YGL144C,0,-4.6020966,0.2229546308517456,0.6367663145065308,0.22192691266536713
YPR119W,YHL048W,0,-4.6025925,0.22286821901798248,0.6367663145065308,0.2220376580953598
YOR094W,YBR294W,0,-4.6031914,0.22278186678886414,0.6367663145065308,0.22214838862419128
YDR296W,YCL020W,0,-4.6032276,0.22269558906555176,0.6367663145065308,0.22225913405418396
YOR351C,YML128C,1,-4.603405,0.2229965180158615,0.6378737688064575,0.22225913405418396
YPR161C,YNR064C,0,-4.603892,0.22291021049022675,0.6378737688064575,0.22236987948417664
YLR052W,YFL059W,0,-4.604133,0.22282397747039795,0.6378737688064575,0.2224806249141693
YPL212C,YNL046W,0,-4.604462,0.22273781895637512,0.6378737688064575,0.2225913554430008
YIL167W,YBR228W,0,-4.605965,0.22265172004699707,0.6378737688064575,0.22270210087299347
YIL004C,YCL066W,0,-4.606381,0.2225656807422638,0.6378737688064575,0.22281284630298615
YDR448W,YGL063W,0,-4.607063,0.2224797159433365,0.6378737688064575,0.22292359173297882
YJL024C,YOR025W,0,-4.607228,0.22239382565021515,0.6378737688064575,0.2230343371629715
YKL135C,YOR188W,0,-4.6077485,0.2223079949617386,0.6378737688064575,0.22314506769180298
YER016W,YER041W,0,-4.6078515,0.2222222238779068,0.6378737688064575,0.22325581312179565
YDR108W,YFL033C,1,-4.6078877,0.22252216935157776,0.6389811635017395,0.22325581312179565
YIL018W,YER041W,0,-4.608531,0.22243639826774597,0.6389811635017395,0.22336655855178833
YGR140W,YPR178W,0,-4.6085854,0.22235067188739777,0.6389811635017395,0.223477303981781
YMR167W,YHR014W,1,-4.6092467,0.22265022993087769,0.6400886178016663,0.223477303981781
YOL021C,YPL097W,0,-4.6094546,0.22256450355052948,0.6400886178016663,0.2235880345106125
YOL044W,YDR018C,0,-4.612383,0.22247883677482605,0.6400886178016663,0.22369877994060516
YNL172W,YDL038C,0,-4.612551,0.2223932296037674,0.6400886178016663,0.22380952537059784
YEL018W,YFR008W,0,-4.6127253,0.2223076969385147,0.6400886178016663,0.22392027080059052
YBR100W,YGL249W,1,-4.6133375,0.22260668873786926,0.6411960124969482,0.22392027080059052
YHR107C,YGL012W,0,-4.6137214,0.22252114117145538,0.6411960124969482,0.224031001329422
YJL089W,YGR281W,0,-4.6137404,0.22243565320968628,0.6411960124969482,0.22414174675941467
YER108C,YIL097W,0,-4.613846,0.22235022485256195,0.6411960124969482,0.22425249218940735
YLR347C,YOL094C,0,-4.615733,0.2222648710012436,0.6411960124969482,0.22436323761940002
YDR118W,YOR266W,0,-4.615805,0.2221795916557312,0.6411960124969482,0.2244739830493927
YNL271C,YBR294W,0,-4.6161137,0.2220943570137024,0.6411960124969482,0.22458471357822418
YIR019C,YJR007W,0,-4.6161537,0.22200919687747955,0.6411960124969482,0.22469545900821686
YOR250C,YLR301W,0,-4.6166663,0.22192411124706268,0.6411960124969482,0.22480620443820953
YCL017C,YBR090C-A,0,-4.617061,0.2218390852212906,0.6411960124969482,0.2249169498682022
YNL258C,YER116C,0,-4.617666,0.22175411880016327,0.6411960124969482,0.2250276803970337
YDL102W,YKL058W,0,-4.618173,0.22166921198368073,0.6411960124969482,0.22513842582702637
YLR231C,YMR204C,0,-4.618457,0.22158437967300415,0.6411960124969482,0.22524917125701904
YBR133C,YNR011C,0,-4.618703,0.22149962186813354,0.6411960124969482,0.22535991668701172
YEL065W,YDR057W,0,-4.618899,0.22141490876674652,0.6411960124969482,0.2254706472158432
YER065C,YKL041W,0,-4.619257,0.22133027017116547,0.6411960124969482,0.22558139264583588
YBL034C,YCL020W,0,-4.6194367,0.22124570608139038,0.6411960124969482,0.22569213807582855
YBR274W,YLR405W,0,-4.6194625,0.22116118669509888,0.6411960124969482,0.22580288350582123
YER112W,YDL038C,0,-4.6198115,0.22107674181461334,0.6411960124969482,0.2259136140346527
YCR027C,YHL025W,0,-4.620174,0.22099237143993378,0.6411960124969482,0.22602435946464539
YDL040C,YDL244W,0,-4.6206145,0.2209080457687378,0.6411960124969482,0.22613510489463806
YBR136W,YBR100W,1,-4.6207438,0.2212051898241043,0.6423034071922302,0.22613510489463806
YNR056C,YNL085W,0,-4.621356,0.22112084925174713,0.6423034071922302,0.22624585032463074
YDR385W,YER108C,0,-4.621745,0.22103658318519592,0.6423034071922302,0.2263565957546234
YKL203C,YDL038C,0,-4.6230145,0.2209523767232895,0.6423034071922302,0.2264673262834549
YBR090C-A,YEL050C,0,-4.6231766,0.22086824476718903,0.6423034071922302,0.22657807171344757
YIL075C,YOR049C,0,-4.62322,0.22078415751457214,0.6423034071922302,0.22668881714344025
YBR036C,YMR087W,0,-4.6232667,0.22070014476776123,0.6423034071922302,0.22679956257343292
YJL063C,YPR133C,0,-4.624864,0.2206162065267563,0.6423034071922302,0.2269102931022644
YNL318C,YJR144W,0,-4.6249146,0.22053231298923492,0.6423034071922302,0.22702103853225708
YPL097W,YGR197C,0,-4.625131,0.22044849395751953,0.6423034071922302,0.22713178396224976
YHR011W,YDR312W,0,-4.625773,0.2203647345304489,0.6423034071922302,0.22724252939224243
YMR199W,YAR010C,0,-4.6260724,0.22028104960918427,0.6423034071922302,0.2273532599210739
YNL094W,YKR009C,0,-4.626182,0.2201974242925644,0.6423034071922302,0.2274640053510666
YER065C,YOL080C,0,-4.626324,0.2201138585805893,0.6423034071922302,0.22757475078105927
YPL161C,YDR238C,0,-4.6265235,0.22003035247325897,0.6423034071922302,0.22768549621105194
YBR090C-A,YDR346C,0,-4.6271434,0.21994690597057343,0.6423034071922302,0.22779624164104462
YBR100W,YPL139C,1,-4.6273785,0.22024260461330414,0.643410861492157,0.22779624164104462
YER133W,YOR351C,1,-4.627737,0.22053807973861694,0.644518256187439,0.22779624164104462
YBR100W,YCR033W,1,-4.628308,0.22083333134651184,0.6456257104873657,0.22779624164104462
YLR214W,YNR064C,0,-4.628386,0.22074972093105316,0.6456257104873657,0.2279069721698761
YPL137C,YJL093C,0,-4.628633,0.22066615521907806,0.6456257104873657,0.22801771759986877
YJL210W,YGL039W,0,-4.628637,0.22058266401290894,0.6456257104873657,0.22812846302986145
YOL135C,YDL038C,0,-4.6287274,0.22049924731254578,0.6456257104873657,0.22823920845985413
YJL018W,YML091C,0,-4.6290717,0.2204158753156662,0.6456257104873657,0.2283499389886856
YCR065W,YDR268W,0,-4.629219,0.2203325778245926,0.6456257104873657,0.22846068441867828
YGL136C,YIL082W-A,0,-4.629649,0.22024933993816376,0.6456257104873657,0.22857142984867096
YHL002W,YDL194W,0,-4.630196,0.2201661616563797,0.6456257104873657,0.22868217527866364
YOR274W,YDR320C,0,-4.630319,0.22008304297924042,0.6456257104873657,0.22879290580749512
YDR211W,YHR214C-B,0,-4.6303287,0.2199999988079071,0.6456257104873657,0.2289036512374878
YCL001W,YCL010C,0,-4.631006,0.21991701424121857,0.6456257104873657,0.22901439666748047
YDR145W,YDL038C,0,-4.631071,0.2198340892791748,0.6456257104873657,0.22912514209747314
YMR316W,YMR218C,0,-4.6311145,0.21975122392177582,0.6456257104873657,0.22923588752746582
YDL099W,YLR186W,0,-4.631414,0.2196684181690216,0.6456257104873657,0.2293466180562973
YKL138C-A,YKL020C,0,-4.6327586,0.21958568692207336,0.6456257104873657,0.22945736348628998
YJL061W,YIL082W-A,0,-4.6328883,0.2195030152797699,0.6456257104873657,0.22956810891628265
YHR011W,YBL005W-A,0,-4.633997,0.2194204032421112,0.6456257104873657,0.22967885434627533
YNL006W,YPL096W,0,-4.6363573,0.2193378508090973,0.6456257104873657,0.2297895848751068
YMR211W,YLR228C,0,-4.6367135,0.21925535798072815,0.6456257104873657,0.2299003303050995
YCR075C,YMR046C,0,-4.636975,0.21917293965816498,0.6456257104873657,0.23001107573509216
YBR193C,YML045W,0,-4.6377153,0.2190905660390854,0.6456257104873657,0.23012182116508484
YJL024C,YBR296C,0,-4.6379843,0.21900826692581177,0.6456257104873657,0.23023255169391632
YLR314C,YIL048W,0,-4.6381326,0.21892602741718292,0.6456257104873657,0.230343297123909
YKR036C,YCR034W,0,-4.6383157,0.21884384751319885,0.6456257104873657,0.23045404255390167
YPL132W,YPR111W,0,-4.638642,0.21876172721385956,0.6456257104873657,0.23056478798389435
YNR059W,YOR326W,0,-4.639507,0.21867966651916504,0.6456257104873657,0.23067553341388702
YCL012W,YPL218W,0,-4.6395473,0.2185976803302765,0.6456257104873657,0.2307862639427185
YCL012W,YBR165W,0,-4.6397524,0.21851573884487152,0.6456257104873657,0.23089700937271118
YMR316W,YDL030W,0,-4.6398325,0.21843387186527252,0.6456257104873657,0.23100775480270386
YHR011W,YAR010C,0,-4.6400394,0.2183520644903183,0.6456257104873657,0.23111850023269653
YOL135C,YOR119C,0,-4.640971,0.21827031672000885,0.6456257104873657,0.23122923076152802
YKR009C,YMR087W,0,-4.641463,0.21818862855434418,0.6456257104873657,0.2313399761915207
YGR147C,YLR022C,0,-4.6415725,0.21810699999332428,0.6456257104873657,0.23145072162151337
YML095C,YCR033W,1,-4.641627,0.21839940547943115,0.6467331051826477,0.23145072162151337
YKR022C,YNL098C,0,-4.6419897,0.21831776201725006,0.6467331051826477,0.23156146705150604
YKL185W,YCR014C,0,-4.642038,0.21823617815971375,0.6467331051826477,0.23167219758033752
YFR008W,YMR156C,0,-4.643101,0.2181546539068222,0.6467331051826477,0.2317829430103302
YKL020C,YAR010C,0,-4.643103,0.21807318925857544,0.6467331051826477,0.23189368844032288
YNR017W,YBL005W-A,0,-4.643415,0.21799178421497345,0.6467331051826477,0.23200443387031555
YAL035W,YJR029W,0,-4.643495,0.21791045367717743,0.6467331051826477,0.23211516439914703
YAR019C,YJL210W,0,-4.643969,0.217829167842865,0.6467331051826477,0.2322259098291397
YEL065W,YPR074C,0,-4.644864,0.21774795651435852,0.6467331051826477,0.23233665525913239
YNL318C,YHR106W,0,-4.6451483,0.21766678988933563,0.6467331051826477,0.23244740068912506
YPL231W,YOL094C,0,-4.645446,0.2175856977701187,0.6467331051826477,0.23255814611911774
YEL056W,YLR069C,0,-4.64574,0.21750465035438538,0.6467331051826477,0.23266887664794922
YNL279W,YFL002W-A,0,-4.647073,0.217423677444458,0.6467331051826477,0.2327796220779419
YGR166W,YIL038C,0,-4.647365,0.21734276413917542,0.6467331051826477,0.23289036750793457
YNL123W,YBR228W,0,-4.647663,0.2172619104385376,0.6467331051826477,0.23300111293792725
YMR316W,YDR150W,0,-4.648196,0.21718110144138336,0.6467331051826477,0.23311184346675873
YNL029C,YER111C,0,-4.648616,0.2171003669500351,0.6467331051826477,0.2332225888967514
YDR254W,YNR011C,0,-4.6488404,0.2170196920633316,0.6467331051826477,0.23333333432674408
YHL011C,YBL005W-A,0,-4.6492515,0.2169390767812729,0.6467331051826477,0.23344407975673676
YIL004C,YDL038C,0,-4.650262,0.21685852110385895,0.6467331051826477,0.23355481028556824
YMR167W,YOR354C,1,-4.651534,0.21714922785758972,0.6478405594825745,0.23355481028556824
YLL043W,YHR091C,0,-4.651977,0.2170686423778534,0.6478405594825745,0.2336655557155609
YMR198W,YFL033C,1,-4.652531,0.2173590511083603,0.6489479541778564,0.2336655557155609
YPL193W,YML040W,0,-4.653399,0.21727845072746277,0.6489479541778564,0.2337763011455536
YNL197C,YMR087W,0,-4.654246,0.21719792485237122,0.6489479541778564,0.23388704657554626
YJL085W,YIL031W,0,-4.6542525,0.21711744368076324,0.6489479541778564,0.23399779200553894
YLR114C,YOR250C,0,-4.6544557,0.21703703701496124,0.6489479541778564,0.23410852253437042
YER065C,YHR214C-B,0,-4.654694,0.21695668995380402,0.6489479541778564,0.2342192679643631
YJR126C,YJL045W,0,-4.656251,0.21687638759613037,0.6489479541778564,0.23433001339435577
YBL014C,YNR064C,0,-4.656864,0.2167961597442627,0.6489479541778564,0.23444075882434845
YKR014C,YIL082W-A,0,-4.6571136,0.2167159765958786,0.6489479541778564,0.23455148935317993
YER174C,YIL013C,0,-4.6573334,0.21663585305213928,0.6489479541778564,0.2346622347831726
YNL094W,YAL041W,0,-4.657585,0.21655580401420593,0.6489479541778564,0.23477298021316528
YBL084C,YJL011C,0,-4.6576476,0.21647579967975616,0.6489479541778564,0.23488372564315796
YNR044W,YPR030W,0,-4.6576514,0.21639586985111237,0.6489479541778564,0.23499445617198944
YMR316W,YGR270W,0,-4.6580315,0.21631598472595215,0.6489479541778564,0.23510520160198212
YLR117C,YKL015W,0,-4.6581073,0.2162361592054367,0.6489479541778564,0.2352159470319748
YFR033C,YPL157W,0,-4.6581173,0.21615639328956604,0.6489479541778564,0.23532669246196747
YDR389W,YOR256C,0,-4.6587896,0.21607670187950134,0.6489479541778564,0.23543743789196014
YBR212W,YLL034C,0,-4.6597276,0.21599705517292023,0.6489479541778564,0.23554816842079163
YNL275W,YNL225C,0,-4.6601844,0.2159174680709839,0.6489479541778564,0.2356589138507843
YER054C,YLR347C,0,-4.660276,0.21583794057369232,0.6489479541778564,0.23576965928077698
YNL145W,YDR356W,0,-4.660412,0.21575847268104553,0.6489479541778564,0.23588040471076965
YLR228C,YER038C,0,-4.6612163,0.21567906439304352,0.6489479541778564,0.23599113523960114
YJL093C,YDL038C,0,-4.661226,0.21559970080852509,0.6489479541778564,0.2361018806695938
YGR133W,YJR063W,0,-4.661597,0.21552041172981262,0.6489479541778564,0.2362126260995865
YKR019C,YEL065W,0,-4.6625032,0.21544118225574493,0.6489479541778564,0.23632337152957916
YIR019C,YLL034C,0,-4.6625237,0.21536199748516083,0.6489479541778564,0.23643410205841064
YCR066W,YGR213C,0,-4.662986,0.2152828872203827,0.6489479541778564,0.23654484748840332
YJL024C,YDR261W-A,0,-4.6639223,0.21520382165908813,0.6489479541778564,0.236655592918396
YMR199W,YPR137C-A,0,-4.6639237,0.21512481570243835,0.6489479541778564,0.23676633834838867
YEL031W,YFL002W-B,0,-4.6639314,0.21504586935043335,0.6489479541778564,0.23687708377838135
YGL245W,YDR098C-B,0,-4.663934,0.21496698260307312,0.6489479541778564,0.23698781430721283
YGR113W,YPR137C-A,0,-4.6639547,0.21488815546035767,0.6489479541778564,0.2370985597372055
YPL206C,YPR137C-A,0,-4.6639624,0.214809387922287,0.6489479541778564,0.23720930516719818
YBR036C,YGR027W-B,0,-4.6639886,0.2147306650876999,0.6489479541778564,0.23732005059719086
YDR245W,YPR158W-B,0,-4.6639977,0.21465201675891876,0.6489479541778564,0.23743078112602234
YMR243C,YPL257W-B,0,-4.6640267,0.21457341313362122,0.6489479541778564,0.23754152655601501
YOL071W,YER137C-A,0,-4.6640296,0.21449486911296844,0.6489479541778564,0.2376522719860077
YDR400W,YPL257W-B,0,-4.664033,0.21441639959812164,0.6489479541778564,0.23776301741600037
YJR144W,YPR137C-B,0,-4.6640368,0.21433795988559723,0.6489479541778564,0.23787374794483185
YPR187W,YFL002W-B,0,-4.6640368,0.21425959467887878,0.6489479541778564,0.23798449337482452
YGR002C,YER137C-A,0,-4.664062,0.21418128907680511,0.6489479541778564,0.2380952388048172
YKL110C,YPR158C-C,0,-4.664068,0.21410302817821503,0.6489479541778564,0.23820598423480988
YHR074W,YMR182C,0,-4.6640916,0.2140248417854309,0.6489479541778564,0.23831671476364136
YGL012W,YGR027W-B,0,-4.664108,0.21394670009613037,0.6489479541778564,0.23842746019363403
YKL032C,YER137C-A,0,-4.664122,0.2138686180114746,0.6489479541778564,0.2385382056236267
YKL192C,YDR210C-D,0,-4.664128,0.21379058063030243,0.6489479541778564,0.23864895105361938
YBR136W,YPR078C,1,-4.66417,0.21407730877399445,0.6500553488731384,0.23864895105361938
YEL002C,YFL002W-B,0,-4.664182,0.21399927139282227,0.6500553488731384,0.23875969648361206
YPL237W,YDR210C-D,0,-4.66421,0.21392127871513367,0.6500553488731384,0.23887042701244354
YMR067C,YER137C-A,0,-4.6642385,0.21384334564208984,0.6500553488731384,0.23898117244243622
YDR167W,YDR210C-D,0,-4.6642404,0.2137654721736908,0.6500553488731384,0.2390919178724289
YIL076W,YDR316W-A,0,-4.664266,0.21368765830993652,0.6500553488731384,0.23920266330242157
YDL231C,YPR137C-A,0,-4.6642714,0.21360990405082703,0.6500553488731384,0.23931339383125305
YOR023C,YDR261W-A,0,-4.664309,0.2135321944952011,0.6500553488731384,0.23942413926124573
YEL057C,YPR137C-A,0,-4.664313,0.21345454454421997,0.6500553488731384,0.2395348846912384
YPL275W,YPR137C-A,0,-4.6643176,0.2133769541978836,0.6500553488731384,0.23964563012123108
YGL019W,YDR316W-A,0,-4.664323,0.21329942345619202,0.6500553488731384,0.23975636065006256
YGR145W,YPR158C-C,0,-4.6643267,0.213221937417984,0.6500553488731384,0.23986710608005524
YMR088C,YGR027W-B,0,-4.6643586,0.21314451098442078,0.6500553488731384,0.2399778515100479
YDR238C,YPR158W-B,0,-4.6643605,0.21306714415550232,0.6500553488731384,0.2400885969400406
YPL157W,YOL103W-B,0,-4.664376,0.21298983693122864,0.6500553488731384,0.24019934237003326
YLR371W,YOL103W-B,0,-4.664377,0.21291258931159973,0.6500553488731384,0.24031007289886475
YCR065W,YPR137C-B,0,-4.664397,0.2128353863954544,0.6500553488731384,0.24042081832885742
YDR487C,YPR158W-B,0,-4.664411,0.21275824308395386,0.6500553488731384,0.2405315637588501
YPL218W,YGR027W-B,0,-4.6644607,0.21268115937709808,0.6500553488731384,0.24064230918884277
YPL237W,YDR316W-A,0,-4.6644616,0.21260413527488708,0.6500553488731384,0.24075303971767426
YCR098C,YPR158W-B,0,-4.664464,0.21252715587615967,0.6500553488731384,0.24086378514766693
YKL006C-A,YGR027W-B,0,-4.664493,0.21245023608207703,0.6500553488731384,0.2409745305776596
YLL009C,YDR316W-A,0,-4.664518,0.21237337589263916,0.6500553488731384,0.24108527600765228
YLL003W,YDR210C-D,0,-4.664561,0.21229656040668488,0.6500553488731384,0.24119600653648376
YOR168W,YPR137C-B,0,-4.6645646,0.21221981942653656,0.6500553488731384,0.24130675196647644
YMR088C,YER137C-A,0,-4.664576,0.21214310824871063,0.6500553488731384,0.24141749739646912
YDR434W,YOL103W-B,0,-4.664636,0.21206647157669067,0.6500553488731384,0.2415282428264618
YEL029C,YFL002W-B,0,-4.66464,0.2119898945093155,0.6500553488731384,0.24163898825645447
YDR261W-A,YGL039W,0,-4.6646495,0.2119133621454239,0.6500553488731384,0.24174971878528595
YDR141C,YPR137C-B,0,-4.6646686,0.21183688938617706,0.6500553488731384,0.24186046421527863
YDR529C,YER137C-A,0,-4.66468,0.21176046133041382,0.6500553488731384,0.2419712096452713
YDR145W,YDR261W-A,0,-4.664698,0.21168409287929535,0.6500553488731384,0.24208195507526398
YPL161C,YPR158W-B,0,-4.6647277,0.21160778403282166,0.6500553488731384,0.24219268560409546
YLL009C,YPL257W-B,0,-4.6647534,0.21153153479099274,0.6500553488731384,0.24230343103408813
YPL237W,YOR142W-A,0,-4.6647696,0.2114553302526474,0.6500553488731384,0.2424141764640808
YMR112C,YER137C-A,0,-4.664803,0.21137918531894684,0.6500553488731384,0.2425249218940735
YIL097W,YPR137C-A,0,-4.6648097,0.21130309998989105,0.6500553488731384,0.24263565242290497
YCR098C,YFL002W-B,0,-4.6648126,0.21122705936431885,0.6500553488731384,0.24274639785289764
YOR284W,YOL103W-B,0,-4.664849,0.21115107834339142,0.6500553488731384,0.24285714328289032
YJR002W,YPR137C-B,0,-4.664906,0.21107515692710876,0.6500553488731384,0.242967888712883
YEL018W,YDR261W-A,0,-4.6649127,0.2109992802143097,0.6500553488731384,0.24307863414287567
YMR234W,YDR316W-A,0,-4.6649165,0.2109234631061554,0.6500553488731384,0.24318936467170715
YDR261W-A,YHR048W,0,-4.664942,0.21084770560264587,0.6500553488731384,0.24330011010169983
YML078W,YOR142W-A,0,-4.664947,0.21077199280261993,0.6500553488731384,0.2434108555316925
YPR074C,YDR098C-B,0,-4.6649537,0.21069633960723877,0.6500553488731384,0.24352160096168518
YJL143W,YDR098C-B,0,-4.6649604,0.21062074601650238,0.6500553488731384,0.24363233149051666
YMR015C,YOR142W-A,0,-4.664971,0.21054519712924957,0.6500553488731384,0.24374307692050934
YOR256C,YDR210C-D,0,-4.6649947,0.21046970784664154,0.6500553488731384,0.24385382235050201
YNL258C,YGR027W-B,0,-4.665004,0.2103942632675171,0.6500553488731384,0.2439645677804947
YGR280C,YDR210C-D,0,-4.6650124,0.21031887829303741,0.6500553488731384,0.24407529830932617
YDR353W,YPL257W-B,0,-4.6650186,0.21024355292320251,0.6500553488731384,0.24418604373931885
YJL192C,YDR098C-B,0,-4.665031,0.2101682722568512,0.6500553488731384,0.24429678916931152
YLR411W,YFL002W-B,0,-4.6650677,0.21009305119514465,0.6500553488731384,0.2444075345993042
YEL031W,YPL257W-B,0,-4.6650987,0.21001788973808289,0.6500553488731384,0.24451826512813568
YAR031W,YPR137C-A,0,-4.6651006,0.2099427729845047,0.6500553488731384,0.24462901055812836
YDL115C,YPR078C,1,-4.6651297,0.21022523939609528,0.6511628031730652,0.24462901055812836
YBR060C,YOL103W-B,0,-4.665153,0.2101501077413559,0.6511628031730652,0.24473975598812103
YLR353W,YOL103W-B,0,-4.665154,0.2100750207901001,0.6511628031730652,0.2448505014181137
YAL033W,YPR137C-A,0,-4.6651597,0.20999999344348907,0.6511628031730652,0.24496124684810638
YBL063W,YER137C-A,0,-4.6651697,0.20992502570152283,0.6511628031730652,0.24507197737693787
YPL087W,YPR137C-B,0,-4.6651893,0.20985010266304016,0.6511628031730652,0.24518272280693054
YKL006C-A,YPR137C-A,0,-4.6651998,0.20977523922920227,0.6511628031730652,0.24529346823692322
YDR400W,YDR210C-D,0,-4.6651998,0.20970043540000916,0.6511628031730652,0.2454042136669159
YGR244C,YPR137C-B,0,-4.6652684,0.20962566137313843,0.6511628031730652,0.24551494419574738
YOR266W,YFL002W-B,0,-4.6652837,0.20955096185207367,0.6511628031730652,0.24562568962574005
YDR316W-A,YGR122W,0,-4.6652865,0.2094763070344925,0.6511628031730652,0.24573643505573273
YPL193W,YFL002W-B,0,-4.665291,0.2094017118215561,0.6511628031730652,0.2458471804857254
YIL051C,YER137C-A,0,-4.6653094,0.20932716131210327,0.6511628031730652,0.24595791101455688
YDL099W,YPR137C-A,0,-4.6653457,0.20925267040729523,0.6511628031730652,0.24606865644454956
YAL040C,YPR137C-B,0,-4.6653547,0.20917822420597076,0.6511628031730652,0.24617940187454224
YJL117W,YER137C-A,0,-4.6653643,0.20910383760929108,0.6511628031730652,0.2462901473045349
YKR022C,YER137C-A,0,-4.6653905,0.20902951061725616,0.6511628031730652,0.2464008927345276
YKR089C,YPR137C-A,0,-4.665417,0.20895522832870483,0.6511628031730652,0.24651162326335907
YPR124W,YOL103W-B,0,-4.665449,0.20888099074363708,0.6511628031730652,0.24662236869335175
YMR243C,YGR027W-B,0,-4.6654615,0.2088068127632141,0.6511628031730652,0.24673311412334442
YOR274W,YDR261W-A,0,-4.6654906,0.2087326943874359,0.6511628031730652,0.2468438595533371
YDR487C,YER137C-A,0,-4.665493,0.2086586207151413,0.6511628031730652,0.24695459008216858
YBL035C,YDR316W-A,0,-4.665506,0.20858460664749146,0.6511628031730652,0.24706533551216125
YDL074C,YJR029W,0,-4.665513,0.2085106372833252,0.6511628031730652,0.24717608094215393
YOR266W,YDR261W-A,0,-4.6655564,0.2084367275238037,0.6511628031730652,0.2472868263721466
YOR361C,YPL257W-B,0,-4.665574,0.2083628624677658,0.6511628031730652,0.2473975569009781
YKL170W,YDR316W-A,0,-4.6655803,0.20828905701637268,0.6511628031730652,0.24750830233097076
YKR009C,YDR098C-B,0,-4.665588,0.20821529626846313,0.6511628031730652,0.24761904776096344
YIL048W,YGR027W-B,0,-4.665617,0.20814159512519836,0.6511628031730652,0.24772979319095612
YHL025W,YPR158C-C,0,-4.6656213,0.20806793868541718,0.6511628031730652,0.2478405386209488
YLR295C,YDR316W-A,0,-4.665625,0.20799434185028076,0.6511628031730652,0.24795126914978027
YJR025C,YDR098C-B,0,-4.665628,0.20792078971862793,0.6511628031730652,0.24806201457977295
YDR488C,YPL257W-B,0,-4.665643,0.20784729719161987,0.6511628031730652,0.24817276000976562
YPL016W,YPL257W-B,0,-4.665669,0.2077738493680954,0.6511628031730652,0.2482835054397583
YER065C,YPR158C-C,0,-4.665673,0.2077004611492157,0.6511628031730652,0.24839423596858978
YPR131C,YDR316W-A,0,-4.6656766,0.20762711763381958,0.6511628031730652,0.24850498139858246
YGL210W,YPR158C-C,0,-4.6657386,0.20755383372306824,0.6511628031730652,0.24861572682857513
YOR270C,YPR137C-A,0,-4.665775,0.20748059451580048,0.6511628031730652,0.2487264722585678
YGR214W,YPL257W-B,0,-4.6657796,0.2074074000120163,0.6511628031730652,0.2488372027873993
YGL136C,YPR137C-B,0,-4.6657844,0.20733428001403809,0.6511628031730652,0.24894794821739197
YDL185W,YDR316W-A,0,-4.665793,0.20726118981838226,0.6511628031730652,0.24905869364738464
YPL128C,YDR316W-A,0,-4.665824,0.20718815922737122,0.6511628031730652,0.24916943907737732
YGL100W,YDR210C-D,0,-4.6658263,0.20711518824100494,0.6511628031730652,0.24928018450737
YMR182C,YGR027W-B,0,-4.6658483,0.20704224705696106,0.6511628031730652,0.24939091503620148
YNL275W,YOR142W-A,0,-4.6658597,0.20696938037872314,0.6511628031730652,0.24950166046619415
YNL248C,YDR316W-A,0,-4.6658707,0.2068965584039688,0.6511628031730652,0.24961240589618683
YPL022W,YOR313C,1,-4.665875,0.20717552304267883,0.6522701978683472,0.24961240589618683
YLR288C,YPL257W-B,0,-4.6658792,0.2071026712656021,0.6522701978683472,0.2497231513261795
YNL029C,YPR158C-C,0,-4.6658807,0.20702987909317017,0.6522701978683472,0.249833881855011
YPR131C,YML064C,0,-4.6659155,0.2069571316242218,0.6522701978683472,0.24994462728500366
YDR210C-D,YJR120W,0,-4.665918,0.2068844437599182,0.6522701978683472,0.25005537271499634
YKL170W,YER137C-A,0,-4.6659226,0.2068118005990982,0.6522701978683472,0.250166118144989
YDL231C,YPR137C-B,0,-4.6659226,0.20673920214176178,0.6522701978683472,0.2502768635749817
YBL055C,YPR158C-C,0,-4.6659226,0.20666666328907013,0.6522701978683472,0.25038760900497437
YDR201W,YPR137C-B,0,-4.665951,0.20659418404102325,0.6522701978683472,0.25049832463264465
YGR216C,YPR158W-B,0,-4.6659517,0.20652173459529877,0.6522701978683472,0.25060907006263733
YLR238W,YPL257W-B,0,-4.6659636,0.20644934475421906,0.6522701978683472,0.25071981549263
YLR134W,YPR137C-A,0,-4.6659794,0.20637701451778412,0.6522701978683472,0.2508305609226227
YNL225C,YDR316W-A,0,-4.6660037,0.20630472898483276,0.6522701978683472,0.25094130635261536
YER108C,YPR158C-C,0,-4.6660223,0.206232488155365,0.6522701978683472,0.25105205178260803
YNR035C,YOR343C-A,0,-4.6660223,0.206160306930542,0.6522701978683472,0.2511627972126007
YPR190C,YOR343C-A,0,-4.6660223,0.20608817040920258,0.6522701978683472,0.2512735426425934
YLR100W,YLR157C-A,0,-4.6660223,0.20601609349250793,0.6522701978683472,0.25138428807258606
YNL094W,YLR157C-A,0,-4.6660223,0.20594406127929688,0.6522701978683472,0.25149500370025635
YLR014C,YOR343C-A,0,-4.6660223,0.2058720737695694,0.6522701978683472,0.251605749130249
YEL032W,YPL257W-B,0,-4.6660223,0.2058001458644867,0.6522701978683472,0.2517164945602417
YHR011W,YPR036W-A,0,-4.6660223,0.20572826266288757,0.6522701978683472,0.2518272399902344
YBL005W,YPR137C-A,0,-4.6660223,0.20565642416477203,0.6522701978683472,0.25193798542022705
YHR107C,YOR343C-A,0,-4.6660223,0.20558464527130127,0.6522701978683472,0.2520487308502197
YOR162C,YLR157C-A,0,-4.6660223,0.2055129110813141,0.6522701978683472,0.2521594762802124
YPL161C,YOR343C-A,0,-4.6660223,0.20544122159481049,0.6522701978683472,0.2522702217102051
YLR231C,YBL101W-B,0,-4.6660223,0.20536959171295166,0.6522701978683472,0.25238096714019775
YBR097W,YDR261W-A,0,-4.6660223,0.20529800653457642,0.6522701978683472,0.25249168276786804
YAL035W,YOR343C-A,0,-4.6660223,0.20522648096084595,0.6522701978683472,0.2526024281978607
YKL081W,YOR343C-A,0,-4.6660223,0.20515500009059906,0.6522701978683472,0.2527131736278534
YNL275W,YBL101W-B,0,-4.6660223,0.20508356392383575,0.6522701978683472,0.25282391905784607
YDR450W,YLR157C-A,0,-4.6660223,0.20501218736171722,0.6522701978683472,0.25293466448783875
YML051W,YLR157C-A,0,-4.6660223,0.20494085550308228,0.6522701978683472,0.2530454099178314
YIL051C,YPR036W-A,0,-4.6660223,0.2048695683479309,0.6522701978683472,0.2531561553478241
YCL012W,YJR029W,0,-4.6660223,0.20479832589626312,0.6522701978683472,0.2532669007778168
YDL077C,YLR157C-A,0,-4.6660223,0.2047271430492401,0.6522701978683472,0.25337761640548706
YDR268W,YOR343C-A,0,-4.6660223,0.20465600490570068,0.6522701978683472,0.25348836183547974
YJL117W,YLR157C-A,0,-4.6660223,0.20458492636680603,0.6522701978683472,0.2535991072654724
YPL193W,YLR157C-A,0,-4.6660223,0.20451389253139496,0.6522701978683472,0.2537098526954651
YIL038C,YPR036W-A,0,-4.6660223,0.20444290339946747,0.6522701978683472,0.25382059812545776
YDR172W,YBL101W-B,0,-4.6660223,0.20437195897102356,0.6522701978683472,0.25393134355545044
YOR270C,YOR343C-A,0,-4.6660223,0.20430107414722443,0.6522701978683472,0.2540420889854431
YJL018W,YER137C-A,0,-4.6660223,0.20423023402690887,0.6522701978683472,0.2541528344154358
YDR346C,YGR027W-B,0,-4.6660223,0.2041594386100769,0.6522701978683472,0.25426357984542847
YDL038C,YOR142W-A,0,-4.6660223,0.2040887027978897,0.6522701978683472,0.25437429547309875
YER016W,YLR157C-A,0,-4.6660223,0.2040180116891861,0.6522701978683472,0.25448504090309143
YNR059W,YFL002W-B,0,-4.6660223,0.20394736528396606,0.6522701978683472,0.2545957863330841
YML051W,YOR343C-A,0,-4.6660223,0.2038767784833908,0.6522701978683472,0.2547065317630768
YAR042W,YBL101W-B,0,-4.6660223,0.20380622148513794,0.6522701978683472,0.25481727719306946
YCL012W,YJL045W,0,-4.6660223,0.20373573899269104,0.6522701978683472,0.25492802262306213
YDR479C,YLR157C-A,0,-4.6660223,0.20366528630256653,0.6522701978683472,0.2550387680530548
YNL098C,YOR343C-A,0,-4.6660223,0.2035948783159256,0.6522701978683472,0.2551495134830475
YBR294W,YLR157C-A,0,-4.6660223,0.20352452993392944,0.6522701978683472,0.2552602291107178
YHR021C,YOR343C-A,0,-4.6660223,0.20345422625541687,0.6522701978683472,0.25537097454071045
YKR022C,YOR343C-A,0,-4.6660223,0.20338398218154907,0.6522701978683472,0.2554817199707031
YLR114C,YOR343C-A,0,-4.6660223,0.20331376791000366,0.6522701978683472,0.2555924654006958
YEL019C,YPR036W-A,0,-4.6660223,0.20324361324310303,0.6522701978683472,0.2557032108306885
YJR089W,YPR158W-B,0,-4.6660223,0.20317350327968597,0.6522701978683472,0.25581395626068115
YDL093W,YLR157C-A,0,-4.6660223,0.2031034529209137,0.6522701978683472,0.25592470169067383
YDR464W,YOR343C-A,0,-4.6660223,0.2030334323644638,0.6522701978683472,0.2560354471206665
YHR011W,YOR343C-A,0,-4.6660223,0.2029634714126587,0.6522701978683472,0.2561461925506592
YPL152W,YOR343C-A,0,-4.6660223,0.20289355516433716,0.6522701978683472,0.25625690817832947
YDR302W,YPR036W-A,0,-4.6660223,0.2028236985206604,0.6522701978683472,0.25636765360832214
YKL001C,YLR157C-A,0,-4.6660223,0.20275387167930603,0.6522701978683472,0.2564783990383148
YBR202W,YBL101W-B,0,-4.6660223,0.20268410444259644,0.6522701978683472,0.2565891444683075
YER108C,YDR210C-D,0,-4.6660223,0.20261438190937042,0.6522701978683472,0.25669988989830017
YIL013C,YLR157C-A,0,-4.6660223,0.202544704079628,0.6522701978683472,0.25681063532829285
YEL050C,YBL101W-B,0,-4.6660223,0.20247507095336914,0.6522701978683472,0.2569213807582855
YPR161C,YPR036W-A,0,-4.6660223,0.20240549743175507,0.6522701978683472,0.2570321261882782
YGR166W,YLR157C-A,0,-4.6660223,0.20233596861362457,0.6522701978683472,0.2571428716182709
YMR182C,YBL101W-B,0,-4.6660223,0.20226648449897766,0.6522701978683472,0.25725358724594116
YAR031W,YLR157C-A,0,-4.6660223,0.20219704508781433,0.6522701978683472,0.25736433267593384
YOL044W,YLR157C-A,0,-4.6660223,0.20212766528129578,0.6522701978683472,0.2574750781059265
YHR081W,YPR036W-A,0,-4.6660223,0.2020583152770996,0.6522701978683472,0.2575858235359192
YJL003W,YOR343C-A,0,-4.6660223,0.20198902487754822,0.6522701978683472,0.25769656896591187
YBR198C,YOR343C-A,0,-4.6660223,0.2019197791814804,0.6522701978683472,0.25780731439590454
YOR343C-A,YPL206C,0,-4.6660223,0.20185057818889618,0.6522701978683472,0.2579180598258972
YDR487C,YOR343C-A,0,-4.6660223,0.20178143680095673,0.6522701978683472,0.2580288052558899
YIL167W,YFL002W-B,0,-4.6660223,0.20171232521533966,0.6522701978683472,0.2581395208835602
YJL018W,YPR036W-A,0,-4.6660223,0.20164327323436737,0.6522701978683472,0.25825026631355286
YER180C-A,YML045W,0,-4.6660223,0.20157426595687866,0.6522701978683472,0.25836101174354553
YKL001C,YOR343C-A,0,-4.6660223,0.20150530338287354,0.6522701978683472,0.2584717571735382
YOR046C,YBL101W-B,0,-4.6660223,0.201436385512352,0.6522701978683472,0.2585825026035309
YBR100W,YPR078C,1,-4.6660223,0.20170940458774567,0.6533776521682739,0.2585825026035309
YHR120W,YPR036W-A,0,-4.6660223,0.20164047181606293,0.6533776521682739,0.25869324803352356
YLR155C,YPR036W-A,0,-4.6660223,0.20157156884670258,0.6533776521682739,0.25880399346351624
YPL096W,YOR343C-A,0,-4.6660223,0.201502725481987,0.6533776521682739,0.2589147388935089
YGR143W,YPR036W-A,0,-4.6660223,0.2014339417219162,0.6533776521682739,0.2590254843235016
YNR027W,YPR036W-A,0,-4.6660223,0.20136518776416779,0.6533776521682739,0.2591361999511719
YDR093W,YDR210C-D,0,-4.6660223,0.20129647850990295,0.6533776521682739,0.25924694538116455
YMR287C,YLR157C-A,0,-4.6660223,0.2012278288602829,0.6533776521682739,0.2593576908111572
YDL038C,YLR157C-A,0,-4.6660223,0.20115922391414642,0.6533776521682739,0.2594684362411499
YOL115W,YOR343C-A,0,-4.6660223,0.20109066367149353,0.6533776521682739,0.2595791816711426
YBR142W,YLR157C-A,0,-4.6660223,0.20102214813232422,0.6533776521682739,0.25968992710113525
YLR328W,YOR343C-A,0,-4.6660223,0.2009536772966385,0.6533776521682739,0.25980067253112793
YJR063W,YOR343C-A,0,-4.6660223,0.20088525116443634,0.6533776521682739,0.2599114179611206
YGL227W,YBL101W-B,0,-4.6660223,0.20081688463687897,0.6533776521682739,0.2600221335887909
YER054C,YDR316W-A,0,-4.6660223,0.20074854791164398,0.6533776521682739,0.26013287901878357
YHR055C,YBL101W-B,0,-4.6660223,0.20068027079105377,0.6533776521682739,0.26024362444877625
YIL040W,YLR157C-A,0,-4.6660223,0.20061203837394714,0.6533776521682739,0.2603543698787689
YER054C,YDR098C-B,0,-4.6660223,0.2005438506603241,0.6533776521682739,0.2604651153087616
YJL063C,YOR343C-A,0,-4.6660223,0.20047570765018463,0.6533776521682739,0.2605758607387543
YGL070C,YOR343C-A,0,-4.6660223,0.20040760934352875,0.6533776521682739,0.26068660616874695
YBR293W,YPR036W-A,0,-4.6660223,0.20033955574035645,0.6533776521682739,0.2607973515987396
YNL182C,YOR343C-A,0,-4.6660223,0.20027156174182892,0.6533776521682739,0.2609080970287323
YMR137C,YOR343C-A,0,-4.6660223,0.20020359754562378,0.6533776521682739,0.2610188126564026
YJR026W,YPR036W-A,0,-4.6660223,0.20013567805290222,0.6533776521682739,0.26112955808639526
YER054C,YBL101W-B,0,-4.6660223,0.20006781816482544,0.6533776521682739,0.26124030351638794
YOR074C,YLR157C-A,0,-4.6660223,0.20000000298023224,0.6533776521682739,0.2613510489463806
YOL094C,YBL101W-B,0,-4.6660223,0.19993223249912262,0.6533776521682739,0.2614617943763733
YKR022C,YPR036W-A,0,-4.6660223,0.1998644918203354,0.6533776521682739,0.26157253980636597
YPL046C,YPR036W-A,0,-4.6660223,0.19979681074619293,0.6533776521682739,0.26168328523635864
YDR435C,YPR158W-B,0,-4.6660223,0.19972917437553406,0.6533776521682739,0.2617940306663513
YDR254W,YLR157C-A,0,-4.6660223,0.19966159760951996,0.6533776521682739,0.261904776096344
YCL001W,YBL101W-B,0,-4.6660223,0.19959405064582825,0.6533776521682739,0.2620154917240143
YBR095C,YOR343C-A,0,-4.6660223,0.19952654838562012,0.6533776521682739,0.26212623715400696
YLR368W,YER137C-A,0,-4.666031,0.19945909082889557,0.6533776521682739,0.26223698258399963
YEL050C,YER137C-A,0,-4.666052,0.1993916928768158,0.6533776521682739,0.2623477280139923
YGR113W,YPR158C-C,0,-4.666061,0.1993243247270584,0.6533776521682739,0.262458473443985
YPR017C,YPR137C-A,0,-4.6660657,0.1992570012807846,0.6533776521682739,0.26256921887397766
YDR529C,YPR158W-B,0,-4.6660666,0.19918973743915558,0.6533776521682739,0.26267996430397034
YDR261W-A,YOL138C,0,-4.6661353,0.19912251830101013,0.6533776521682739,0.262790709733963
YBR293W,YPR137C-B,0,-4.66616,0.19905532896518707,0.6533776521682739,0.2629014253616333
YKL051W,YDR261W-A,0,-4.666162,0.1989881992340088,0.6533776521682739,0.263012170791626
YER161C,YFL002W-B,0,-4.666166,0.1989210993051529,0.6533776521682739,0.26312291622161865
YDR190C,YGR027W-B,0,-4.6661816,0.19885405898094177,0.6533776521682739,0.26323366165161133
YIL017C,YPL257W-B,0,-4.666182,0.19878706336021423,0.6533776521682739,0.263344407081604
YLR254C,YER137C-A,0,-4.6662407,0.19872011244297028,0.6533776521682739,0.2634551525115967
YHR021C,YPL257W-B,0,-4.6662583,0.1986531913280487,0.6533776521682739,0.26356589794158936
YCR034W,YDR210C-D,0,-4.6662583,0.1985863298177719,0.6533776521682739,0.26367664337158203
YPL046C,YPR137C-A,0,-4.6662664,0.1985195130109787,0.6533776521682739,0.2637873888015747
YGR036C,YPR158C-C,0,-4.6662765,0.19845274090766907,0.6533776521682739,0.263898104429245
YMR042W,YPR137C-B,0,-4.666288,0.19838601350784302,0.6533776521682739,0.26400884985923767
YOR046C,YDR210C-D,0,-4.6662993,0.19831933081150055,0.6533776521682739,0.26411959528923035
YGR216C,YOR142W-A,0,-4.6663146,0.19825269281864166,0.6533776521682739,0.264230340719223
YGR122W,YOL103W-B,0,-4.666325,0.19818609952926636,0.6533776521682739,0.2643410861492157
YDL185W,YFL002W-B,0,-4.666326,0.19811953604221344,0.6533776521682739,0.2644518315792084
YLR114C,YPR158W-B,0,-4.6663265,0.1980530321598053,0.6533776521682739,0.26456257700920105
YCL031C,YOL103W-B,0,-4.6663313,0.19798657298088074,0.6533776521682739,0.2646733224391937
YOR049C,YDR098C-B,0,-4.666344,0.19792015850543976,0.6533776521682739,0.2647840678691864
YDR018C,YOL103W-B,0,-4.66635,0.19785378873348236,0.6533776521682739,0.2648947834968567
YGR279C,YFL002W-B,0,-4.666374,0.19778746366500854,0.6533776521682739,0.26500552892684937
YJL036W,YDR261W-A,0,-4.6663766,0.1977211833000183,0.6533776521682739,0.26511627435684204
YMR319C,YDR261W-A,0,-4.666378,0.19765494763851166,0.6533776521682739,0.2652270197868347
YML051W,YPR158C-C,0,-4.6663866,0.1975887417793274,0.6533776521682739,0.2653377652168274
YBR165W,YER137C-A,0,-4.6664824,0.1975225955247879,0.6533776521682739,0.26544851064682007
YMR143W,YFL002W-B,0,-4.666491,0.197456493973732,0.6533776521682739,0.26555925607681274
YJL117W,YDR210C-D,0,-4.6665096,0.19739043712615967,0.6533776521682739,0.2656700015068054
YPL270W,YPR158C-C,0,-4.6665106,0.19732441008090973,0.6533776521682739,0.2657807171344757
YDR057W,YOL103W-B,0,-4.6665177,0.19725844264030457,0.6533776521682739,0.2658914625644684
YDR057W,YPR158C-C,0,-4.6665382,0.19719251990318298,0.6533776521682739,0.26600220799446106
YOR049C,YDR210C-D,0,-4.6665697,0.1971266269683838,0.6533776521682739,0.26611295342445374
YBR093C,YER137C-A,0,-4.666578,0.19706079363822937,0.6533776521682739,0.2662236988544464
YMR236W,YOL103W-B,0,-4.666585,0.19699499011039734,0.6533776521682739,0.2663344442844391
YDR148C,YPL257W-B,0,-4.666621,0.19692924618721008,0.6533776521682739,0.26644518971443176
YIR017C,YDR098C-B,0,-4.666647,0.19686353206634521,0.6533776521682739,0.26655593514442444
YDR160W,YER137C-A,0,-4.666648,0.19679786264896393,0.6533776521682739,0.2666666805744171
YDL039C,YPR158C-C,0,-4.6666913,0.19673223793506622,0.6533776521682739,0.2667773962020874
YKL019W,YPR158C-C,0,-4.66674,0.1966666728258133,0.6533776521682739,0.2668881416320801
YLR014C,YPR158W-B,0,-4.6667433,0.19660113751888275,0.6533776521682739,0.26699888706207275
YGL063W,YDR261W-A,0,-4.6667495,0.1965356469154358,0.6533776521682739,0.26710963249206543
YKL152C,YGR027W-B,0,-4.666756,0.1964702010154724,0.6533776521682739,0.2672203779220581
YAR042W,YFL002W-B,0,-4.666773,0.19640479981899261,0.6533776521682739,0.2673311233520508
YPR135W,YDR098C-B,0,-4.6667886,0.1963394284248352,0.6533776521682739,0.26744186878204346
YER045C,YPR158W-B,0,-4.666815,0.19627411663532257,0.6533776521682739,0.26755261421203613
YML116W,YPR137C-B,0,-4.6668158,0.19620884954929352,0.6533776521682739,0.2676633298397064
YPL212C,YDR261W-A,0,-4.6668463,0.19614361226558685,0.6533776521682739,0.2677740752696991
YBR296C,YER137C-A,0,-4.666847,0.19607843458652496,0.6533776521682739,0.2678848206996918
YLR014C,YDR210C-D,0,-4.6668615,0.19601328670978546,0.6533776521682739,0.26799556612968445
YDR437W,YDR210C-D,0,-4.6668744,0.19594818353652954,0.6533776521682739,0.2681063115596771
YHR120W,YDR261W-A,0,-4.666887,0.1958831399679184,0.6533776521682739,0.2682170569896698
YOR127W,YDR098C-B,0,-4.666904,0.19581812620162964,0.6533776521682739,0.2683278024196625
YPL212C,YOL103W-B,0,-4.6669145,0.19575315713882446,0.6533776521682739,0.26843854784965515
YDR377W,YOR142W-A,0,-4.666916,0.19568823277950287,0.6533776521682739,0.2685492932796478
YGR214W,YFL002W-B,0,-4.666919,0.19562333822250366,0.6533776521682739,0.2686600089073181
YER045C,YOL103W-B,0,-4.666922,0.19555850327014923,0.6533776521682739,0.2687707543373108
YGL163C,YPR137C-B,0,-4.666946,0.1954936981201172,0.6533776521682739,0.26888149976730347
YIL013C,YOR142W-A,0,-4.666963,0.19542895257472992,0.6533776521682739,0.26899224519729614
YDR172W,YER137C-A,0,-4.6669717,0.19536423683166504,0.6533776521682739,0.2691029906272888
YOL028C,YPR158W-B,0,-4.666975,0.19529956579208374,0.6533776521682739,0.2692137360572815
YBR079C,YDR210C-D,0,-4.6669793,0.19523493945598602,0.6533776521682739,0.26932448148727417
YML010W,YPR137C-A,0,-4.6669836,0.1951703578233719,0.6533776521682739,0.26943522691726685
YML116W,YPL257W-B,0,-4.6670003,0.19510582089424133,0.6533776521682739,0.2695459723472595
YLR052W,YPR137C-A,0,-4.667026,0.19504132866859436,0.6533776521682739,0.2696566879749298
YHR074W,YPR158C-C,0,-4.6670365,0.19497686624526978,0.6533776521682739,0.2697674334049225
YBR079C,YOL103W-B,0,-4.6670384,0.19491244852542877,0.6533776521682739,0.26987817883491516
YFL002W-B,YNL046W,0,-4.6671104,0.19484809041023254,0.6533776521682739,0.26998892426490784
YLR186W,YOL103W-B,0,-4.6671157,0.1947837620973587,0.6533776521682739,0.2700996696949005
YOL071W,YFL002W-B,0,-4.6671176,0.19471947848796844,0.6533776521682739,0.2702104151248932
YJR126C,YPR158W-B,0,-4.667123,0.19465522468090057,0.6533776521682739,0.27032116055488586
YML116W,YFL002W-B,0,-4.66715,0.19459103047847748,0.6533776521682739,0.27043190598487854
YPL193W,YOL103W-B,0,-4.667154,0.19452686607837677,0.6533776521682739,0.27054262161254883
YOR119C,YPR158C-C,0,-4.6671796,0.19446276128292084,0.6533776521682739,0.2706533670425415
YMR243C,YER137C-A,0,-4.6672206,0.1943986862897873,0.6533776521682739,0.2707641124725342
YOR373W,YOL103W-B,0,-4.6672335,0.19433465600013733,0.6533776521682739,0.27087485790252686
YCR066W,YDR098C-B,0,-4.6672378,0.19427065551280975,0.6533776521682739,0.27098560333251953
YLL043W,YER137C-A,0,-4.667254,0.19420671463012695,0.6533776521682739,0.2710963487625122
YER053C,YOR142W-A,0,-4.667256,0.19414280354976654,0.6533776521682739,0.2712070941925049
YDR358W,YBR212W,0,-4.6672726,0.1940789520740509,0.6533776521682739,0.27131783962249756
YOL028C,YPL257W-B,0,-4.667311,0.19401513040065765,0.6533776521682739,0.27142858505249023
YDR356W,YPR158C-C,0,-4.66732,0.19395135343074799,0.6533776521682739,0.2715393006801605
YLR022C,YGR027W-B,0,-4.667333,0.1938876062631607,0.6533776521682739,0.2716500461101532
YGL119W,YOL103W-B,0,-4.667342,0.1938239187002182,0.6533776521682739,0.2717607915401459
YOR216C,YDR316W-A,0,-4.667345,0.19376026093959808,0.6533776521682739,0.27187153697013855
YLR238W,YCR073C,0,-4.6673503,0.19369664788246155,0.6533776521682739,0.2719822824001312
YMR204C,YOL103W-B,0,-4.667376,0.1936330795288086,0.6533776521682739,0.2720930278301239
YDR389W,YDR316W-A,0,-4.667379,0.19356955587863922,0.6533776521682739,0.2722037732601166
YKR019C,YPR137C-A,0,-4.6673937,0.19350606203079224,0.6533776521682739,0.27231451869010925
YGR013W,YMR236W,0,-4.6674047,0.19344262778759003,0.6533776521682739,0.27242523431777954
YDL137W,YPR137C-A,0,-4.667408,0.1933792233467102,0.6533776521682739,0.2725359797477722
YDR488C,YOL103W-B,0,-4.6674333,0.19331586360931396,0.6533776521682739,0.2726467251777649
YHR120W,YER137C-A,0,-4.6674447,0.1932525336742401,0.6533776521682739,0.27275747060775757
YMR173W,YPR158W-B,0,-4.6674733,0.19318926334381104,0.6533776521682739,0.27286821603775024
YEL022W,YGR027W-B,0,-4.667484,0.19312602281570435,0.6533776521682739,0.2729789614677429
YLR452C,YPR158W-B,0,-4.66749,0.19306282699108124,0.6533776521682739,0.2730897068977356
YLR114C,YDR210C-D,0,-4.667496,0.1929996758699417,0.6533776521682739,0.27320045232772827
YPR140W,YNR039C,0,-4.6675076,0.19293655455112457,0.6533776521682739,0.27331119775772095
YBR095C,YPR158W-B,0,-4.667514,0.1928734928369522,0.6533776521682739,0.27342191338539124
YGR082W,YDR261W-A,0,-4.6675296,0.19281046092510223,0.6533776521682739,0.2735326588153839
YLL034C,YOL103W-B,0,-4.6675406,0.19274747371673584,0.6533776521682739,0.2736434042453766
YDR489W,YDR261W-A,0,-4.6675534,0.19268451631069183,0.6533776521682739,0.27375414967536926
YBL025W,YDR261W-A,0,-4.667576,0.1926216185092926,0.6533776521682739,0.27386489510536194
YBR293W,YDR210C-D,0,-4.6675873,0.19255875051021576,0.6533776521682739,0.2739756405353546
YGR055W,YGR027W-B,0,-4.6675973,0.1924959272146225,0.6533776521682739,0.2740863859653473
YDL130W-A,YPR137C-B,0,-4.6676083,0.19243313372135162,0.6533776521682739,0.27419713139533997
YGR264C,YPR137C-B,0,-4.667651,0.19237039983272552,0.6533776521682739,0.27430787682533264
YCL017C,YFL002W-B,0,-4.667683,0.19230769574642181,0.6533776521682739,0.27441859245300293
YPR054W,YOR142W-A,0,-4.667711,0.19224503636360168,0.6533776521682739,0.2745293378829956
YLR009W,YPR137C-A,0,-4.6677246,0.19218240678310394,0.6533776521682739,0.2746400833129883
YDL111C,YPR158C-C,0,-4.667731,0.19211983680725098,0.6533776521682739,0.27475082874298096
YGR213C,YPR137C-B,0,-4.6677356,0.1920572966337204,0.6533776521682739,0.27486157417297363
YEL015W,YPL257W-B,0,-4.6678014,0.1919947862625122,0.6533776521682739,0.2749723196029663
YKR072C,YPR137C-A,0,-4.6678014,0.1919323354959488,0.6533776521682739,0.275083065032959
YJR069C,YER137C-A,0,-4.667818,0.19186991453170776,0.6533776521682739,0.27519381046295166
YOR132W,YOR142W-A,0,-4.667834,0.19180753827095032,0.6533776521682739,0.27530452609062195
YLR109W,YDR098C-B,0,-4.6678376,0.19174520671367645,0.6533776521682739,0.2754152715206146
YIL033C,YDR210C-D,0,-4.6678457,0.19168290495872498,0.6533776521682739,0.2755260169506073
YHR043C,YER137C-A,0,-4.66785,0.19162066280841827,0.6533776521682739,0.2756367623806
YKL054C,YOL103W-B,0,-4.667879,0.19155843555927277,0.6533776521682739,0.27574750781059265
YJR002W,YDR261W-A,0,-4.6678824,0.19149626791477203,0.6533776521682739,0.2758582532405853
YLR238W,YPR137C-A,0,-4.667915,0.1914341300725937,0.6533776521682739,0.275968998670578
YOL112W,YFL002W-B,0,-4.6679225,0.19137203693389893,0.6533776521682739,0.2760797441005707
YPR128C,YDR098C-B,0,-4.6679573,0.19130998849868774,0.6533776521682739,0.27619048953056335
YLR009W,YDL038C,0,-4.668016,0.19124796986579895,0.6533776521682739,0.27630120515823364
YBR274W,YFL002W-B,0,-4.668017,0.19118599593639374,0.6533776521682739,0.2764119505882263
YDR464W,YDR316W-A,0,-4.668032,0.1911240667104721,0.6533776521682739,0.276522696018219
YOR373W,YPR137C-B,0,-4.6680446,0.19106218218803406,0.6533776521682739,0.27663344144821167
YMR260C,YPR158W-B,0,-4.668053,0.1910003274679184,0.6533776521682739,0.27674418687820435
YEL050C,YPR158W-B,0,-4.668115,0.19093851745128632,0.6533776521682739,0.276854932308197
YNR034W,YDR098C-B,0,-4.6681185,0.19087673723697662,0.6533776521682739,0.2769656777381897
YDL213C,YOR142W-A,0,-4.668136,0.1908150017261505,0.6533776521682739,0.2770764231681824
YNR034W,YPL257W-B,0,-4.668197,0.19075331091880798,0.6533776521682739,0.27718716859817505
YBR100W,YHR014W,1,-4.668271,0.1910148710012436,0.6544850468635559,0.27718716859817505
YBR100W,YHR152W,1,-4.668349,0.19127625226974487,0.6555924415588379,0.27718716859817505
YJL061W,YPR137C-A,0,-4.6683536,0.19121447205543518,0.6555924415588379,0.27729788422584534
YNR053C,YPR137C-A,0,-4.668504,0.19115272164344788,0.6555924415588379,0.277408629655838
YPL093W,YDR210C-D,0,-4.6685166,0.19109103083610535,0.6555924415588379,0.2775193750858307
YIL097W,YPR137C-B,0,-4.6686106,0.1910293698310852,0.6555924415588379,0.27763012051582336
YNL214W,YGR081C,0,-4.668735,0.19096773862838745,0.6555924415588379,0.27774086594581604
YCR066W,YGR027W-B,0,-4.6687884,0.19090615212917328,0.6555924415588379,0.2778516113758087
YMR204C,YPR137C-B,0,-4.6688223,0.1908446103334427,0.6555924415588379,0.2779623568058014
YGR214W,YPR137C-A,0,-4.6688504,0.19078311324119568,0.6555924415588379,0.27807310223579407
YOR046C,YPR158W-B,0,-4.668857,0.19072164595127106,0.6555924415588379,0.27818381786346436
YOR373W,YOR142W-A,0,-4.668945,0.19066022336483002,0.6555924415588379,0.27829456329345703
YHL006C,YOR142W-A,0,-4.6689496,0.19059884548187256,0.6555924415588379,0.2784053087234497
YGR214W,YPR158W-B,0,-4.6689806,0.1905374974012375,0.6555924415588379,0.2785160541534424
YJL170C,YPR158C-C,0,-4.669212,0.190476194024086,0.6555924415588379,0.27862679958343506
YGR152C,YFL002W-B,0,-4.6693215,0.1904149204492569,0.6555924415588379,0.27873754501342773
YGL144C,YPR137C-A,0,-4.6693463,0.19035369157791138,0.6555924415588379,0.2788482904434204
YKR046C,YOL103W-B,0,-4.6693854,0.19029250741004944,0.6555924415588379,0.2789590358734131
YMR285C,YPR137C-A,0,-4.669505,0.19023136794567108,0.6555924415588379,0.27906978130340576
YPL170W,YOR142W-A,0,-4.6695323,0.1901702582836151,0.6555924415588379,0.27918049693107605
YNL293W,YPR158W-B,0,-4.669559,0.19010917842388153,0.6555924415588379,0.2792912423610687
YGR145W,YPR137C-B,0,-4.669561,0.19004815816879272,0.6555924415588379,0.2794019877910614
YAL041W,YPR158W-B,0,-4.6695704,0.1899871677160263,0.6555924415588379,0.2795127332210541
YJL117W,YPR158C-C,0,-4.6695867,0.18992620706558228,0.6555924415588379,0.27962347865104675
YGR027W-B,YGR122W,0,-4.6696258,0.18986529111862183,0.6555924415588379,0.27973422408103943
YPL274W,YDR210C-D,0,-4.6696715,0.18980441987514496,0.6555924415588379,0.2798449695110321
YGR145W,YBR088C,0,-4.669831,0.18974359333515167,0.6555924415588379,0.2799557149410248
YMR161W,YDR316W-A,0,-4.6701407,0.18968279659748077,0.6555924415588379,0.28006643056869507
YMR043W,YDR098C-B,0,-4.6702194,0.18962204456329346,0.6555924415588379,0.28017717599868774
YNR059W,YGR213C,0,-4.6702914,0.18956132233142853,0.6555924415588379,0.2802879214286804
YMR053C,YDR261W-A,0,-4.670341,0.18950064480304718,0.6555924415588379,0.2803986668586731
YBL014C,YOR297C,0,-4.670402,0.18943999707698822,0.6555924415588379,0.28050941228866577
YDR077W,YER137C-A,0,-4.670403,0.18937939405441284,0.6555924415588379,0.28062015771865845
YKL015W,YLL003W,0,-4.670412,0.18931883573532104,0.6555924415588379,0.2807309031486511
YBR205W,YGR013W,0,-4.6705384,0.18925830721855164,0.6555924415588379,0.2808416485786438
YMR235C,YDL216C,0,-4.6705823,0.1891978234052658,0.6555924415588379,0.2809523940086365
YMR053C,YOL103W-B,0,-4.6707196,0.18913738429546356,0.6555924415588379,0.28106310963630676
YIL018W,YPR137C-B,0,-4.6714544,0.1890769749879837,0.6555924415588379,0.28117385506629944
YCR033W,YDR369C,1,-4.6723323,0.1893358826637268,0.6566998958587646,0.28117385506629944
YKR036C,YDR346C,0,-4.6724873,0.18927545845508575,0.6566998958587646,0.2812846004962921
YBR100W,YPL042C,1,-4.67254,0.18953414261341095,0.6578072905540466,0.2812846004962921
YDR446W,YOR354C,1,-4.6725802,0.189792662858963,0.6589147448539734,0.2812846004962921
YMR235C,YOR295W,0,-4.6726904,0.1897321492433548,0.6589147448539734,0.2813953459262848
YNL145W,YKL108W,0,-4.673285,0.18967166543006897,0.6589147448539734,0.28150609135627747
YLR438C-A,YGR122W,0,-4.673304,0.18961121141910553,0.6589147448539734,0.28161683678627014
YGR113W,YHR011W,0,-4.673368,0.18955081701278687,0.6589147448539734,0.2817275822162628
YEL015W,YNR039C,0,-4.673707,0.1894904524087906,0.6589147448539734,0.2818383276462555
YBR175W,YIL138C,0,-4.673966,0.1894301176071167,0.6589147448539734,0.28194907307624817
YPR074C,YNL046W,0,-4.674068,0.1893698275089264,0.6589147448539734,0.28205978870391846
YIL095W,YDR175C,0,-4.6752133,0.18930958211421967,0.6589147448539734,0.28217053413391113
YER107C,YLR312C-B,0,-4.675807,0.18924936652183533,0.6589147448539734,0.2822812795639038
YKL081W,YDR210C-D,0,-4.675968,0.18918919563293457,0.6589147448539734,0.2823920249938965
YLR295C,YML021C,0,-4.6759696,0.1891290545463562,0.6589147448539734,0.28250277042388916
YLR207W,YKR062W,0,-4.675979,0.1890689581632614,0.6589147448539734,0.28261351585388184
YDR400W,YMR087W,0,-4.6761947,0.189008891582489,0.6589147448539734,0.2827242612838745
YPL275W,YBL063W,0,-4.6763415,0.1889488697052002,0.6589147448539734,0.2828350067138672
YER133W,YPR007C,1,-4.676702,0.1892063468694687,0.6600221395492554,0.2828350067138672
YNR046W,YLR301W,0,-4.676949,0.18914631009101868,0.6600221395492554,0.2829457223415375
YBR193C,YKR028W,0,-4.677314,0.18908628821372986,0.6600221395492554,0.28305646777153015
YLL022C,YDR389W,0,-4.677814,0.18902632594108582,0.6600221395492554,0.2831672132015228
YNL326C,YJR019C,0,-4.678221,0.18896639347076416,0.6600221395492554,0.2832779586315155
YBR093C,YOL028C,0,-4.6783714,0.1889064908027649,0.6600221395492554,0.2833887040615082
YGR267C,YPR054W,0,-4.6784563,0.1888466477394104,0.6600221395492554,0.28349944949150085
YPR019W,YDR148C,0,-4.6788697,0.1887868195772171,0.6600221395492554,0.28361019492149353
YKR046C,YDL038C,0,-4.6799808,0.18872703611850739,0.6600221395492554,0.2837209403514862
YCL012W,YDL020C,0,-4.680643,0.18866729736328125,0.6600221395492554,0.2838316857814789
YPL128C,YDL038C,0,-4.68072,0.1886075884103775,0.6600221395492554,0.28394240140914917
YJR089W,YOR027W,0,-4.6811824,0.18854792416095734,0.6600221395492554,0.28405314683914185
YER108C,YBL024W,0,-4.6812243,0.18848830461502075,0.6600221395492554,0.2841638922691345
YJL117W,YML088W,0,-4.6813583,0.18842869997024536,0.6600221395492554,0.2842746376991272
YDL102W,YLL043W,0,-4.681418,0.18836915493011475,0.6600221395492554,0.2843853831291199
YER054C,YDR416W,0,-4.681458,0.18830963969230652,0.6600221395492554,0.28449612855911255
YGL119W,YBL014C,0,-4.681999,0.18825015425682068,0.6600221395492554,0.2846068739891052
YCL035C,YLR386W,0,-4.682778,0.18819071352481842,0.6600221395492554,0.2847176194190979
YOL060C,YDR018C,0,-4.6830974,0.18813131749629974,0.6600221395492554,0.2848283350467682
YCR012W,YML040W,0,-4.6832695,0.18807195127010345,0.6600221395492554,0.28493908047676086
YBR110W,YLR405W,0,-4.6836724,0.18801261484622955,0.6600221395492554,0.28504982590675354
YOR023C,YOL124C,0,-4.684117,0.18795332312583923,0.6600221395492554,0.2851605713367462
YNL029C,YDR243C,0,-4.685721,0.1878940761089325,0.6600221395492554,0.2852713167667389
YGR140W,YHR072W,0,-4.685824,0.18783485889434814,0.6600221395492554,0.28538206219673157
YCR082W,YBL055C,0,-4.6863313,0.18777567148208618,0.6600221395492554,0.28549280762672424
YDL093W,YGR006W,0,-4.6866536,0.1877165287733078,0.6600221395492554,0.2856035530567169
YKR046C,YHL006C,0,-4.6867194,0.187657430768013,0.6600221395492554,0.2857142984867096
YKL058W,YEL057C,0,-4.686786,0.1875983625650406,0.6600221395492554,0.2858250141143799
YDL033C,YML040W,0,-4.686788,0.18753933906555176,0.6600221395492554,0.28593575954437256
YMR287C,YLR312C-B,0,-4.687102,0.18748034536838531,0.6600221395492554,0.28604650497436523
YJL178C,YOL094C,0,-4.68722,0.18742138147354126,0.6600221395492554,0.2861572504043579
YJL063C,YNL229C,0,-4.687292,0.1873624622821808,0.6600221395492554,0.2862679958343506
YGR156W,YDL244W,0,-4.6874986,0.1873035877943039,0.6600221395492554,0.28637874126434326
YLR220W,YKL032C,0,-4.6877093,0.1872447431087494,0.6600221395492554,0.28648948669433594
YDR448W,YKL190W,0,-4.688226,0.18718592822551727,0.6600221395492554,0.2866002321243286
YOR351C,YBR100W,1,-4.688281,0.1874411255121231,0.6611295938491821,0.2866002321243286
YJL178C,YJL058C,0,-4.689132,0.1873822957277298,0.6611295938491821,0.2867109775543213
YDR108W,YBR100W,1,-4.6891656,0.18763726949691772,0.6622369885444641,0.2867109775543213
YOL067C,YDL077C,0,-4.6892614,0.18757842481136322,0.6622369885444641,0.2868216931819916
YOL080C,YCR073C,0,-4.689405,0.1875195950269699,0.6622369885444641,0.28693243861198425
YBL025W,YOR001W,0,-4.689591,0.18746080994606018,0.6622369885444641,0.28704318404197693
YDR394W,YCL069W,0,-4.689911,0.18740206956863403,0.6622369885444641,0.2871539294719696
YML010W,YDL038C,0,-4.6902294,0.18734335899353027,0.6622369885444641,0.2872646749019623
YLR288C,YPL159C,0,-4.6902757,0.1872846782207489,0.6622369885444641,0.28737542033195496
YMR276W,YNL046W,0,-4.6902866,0.1872260421514511,0.6622369885444641,0.28748616576194763
YJR042W,YDL038C,0,-4.6906276,0.1871674507856369,0.6622369885444641,0.2875969111919403
YDR302W,YJL093C,0,-4.6906714,0.18710888922214508,0.6622369885444641,0.2877076268196106
YPR124W,YPL157W,0,-4.692199,0.18705035746097565,0.6622369885444641,0.28781837224960327
YOR335C,YDR437W,0,-4.692368,0.1869918704032898,0.6622369885444641,0.28792911767959595
YIR019C,YNL121C,0,-4.6926236,0.18693341314792633,0.6622369885444641,0.2880398631095886
YJL100W,YIL167W,0,-4.69264,0.18687500059604645,0.6622369885444641,0.2881506085395813
YEL022W,YMR060C,0,-4.6927195,0.18681661784648895,0.6622369885444641,0.288261353969574
YNL258C,YOR371C,0,-4.6927314,0.18675827980041504,0.6622369885444641,0.28837209939956665
YPR030W,YHR005C-A,0,-4.692919,0.1866999715566635,0.6622369885444641,0.2884828448295593
YOL112W,YPL154C,0,-4.693561,0.18664169311523438,0.6622369885444641,0.288593590259552
YIL076W,YDL038C,0,-4.693811,0.18658345937728882,0.6622369885444641,0.2887043058872223
YNR011C,YDL120W,0,-4.693874,0.18652527034282684,0.6622369885444641,0.28881505131721497
YDR216W,YDR018C,0,-4.694345,0.18646709620952606,0.6622369885444641,0.28892579674720764
YDR473C,YGL163C,0,-4.6946487,0.18640898168087006,0.6622369885444641,0.2890365421772003
YLR399C,YNL250W,1,-4.6953216,0.18666251003742218,0.6633443832397461,0.2890365421772003
YJL146W,YMR167W,1,-4.6967673,0.18691588938236237,0.6644518375396729,0.2890365421772003
YDR385W,YLR052W,0,-4.696941,0.186857670545578,0.6644518375396729,0.289147287607193
YCL039W,YLR301W,0,-4.6974506,0.18679949641227722,0.6644518375396729,0.28925803303718567
YJL018W,YGL207W,0,-4.697452,0.18674136698246002,0.6644518375396729,0.28936877846717834
YPL159C,YMR156C,0,-4.697792,0.1866832673549652,0.6644518375396729,0.289479523897171
YGL100W,YGR122W,0,-4.6981063,0.18662519752979279,0.6644518375396729,0.2895902693271637
YBR100W,YLR234W,1,-4.6983304,0.18687811493873596,0.6655592322349548,0.2895902693271637
YNL041C,YDR160W,0,-4.6987405,0.18682001531124115,0.6655592322349548,0.289700984954834
YNL029C,YAR031W,0,-4.6989293,0.18676196038722992,0.6655592322349548,0.28981173038482666
YLR452C,YBL005W-A,0,-4.699004,0.18670395016670227,0.6655592322349548,0.28992247581481934
YOR085W,YMR156C,0,-4.699402,0.186645969748497,0.6655592322349548,0.290033221244812
YLR353W,YKL020C,0,-4.6998715,0.18658801913261414,0.6655592322349548,0.2901439666748047
YGL163C,YAL030W,0,-4.700099,0.18653009831905365,0.6655592322349548,0.29025471210479736
YPR161C,YOR142W-A,0,-4.700257,0.18647223711013794,0.6655592322349548,0.29036545753479004
YKL186C,YDL216C,0,-4.7006445,0.18641439080238342,0.6655592322349548,0.2904762029647827
YIL149C,YHR214C-B,0,-4.7007456,0.1863565891981125,0.6655592322349548,0.290586918592453
YNL326C,YMR156C,0,-4.700746,0.18629881739616394,0.6655592322349548,0.2906976640224457
YCL010C,YML064C,0,-4.7009234,0.18624109029769897,0.6655592322349548,0.29080840945243835
YDR254W,YDL038C,0,-4.700929,0.1861833930015564,0.6655592322349548,0.29091915488243103
YDL101C,YGR091W,0,-4.701369,0.1861257404088974,0.6655592322349548,0.2910299003124237
YGR113W,YMR046C,0,-4.7015295,0.1860681176185608,0.6655592322349548,0.2911406457424164
YDR358W,YMR236W,0,-4.702454,0.18601052463054657,0.6655592322349548,0.29125139117240906
YJR126C,YGR270W,0,-4.702766,0.18595297634601593,0.6655592322349548,0.29136213660240173
YLR231C,YGR279C,0,-4.7028375,0.18589545786380768,0.6655592322349548,0.2914728820323944
YJR078W,YOR274W,0,-4.703247,0.18583796918392181,0.6655592322349548,0.2915835976600647
YPR119W,YKR089C,0,-4.7041707,0.18578052520751953,0.6655592322349548,0.2916943430900574
YMR167W,YBR100W,1,-4.7042675,0.18603213131427765,0.6666666865348816,0.2916943430900574
YMR199W,YBR040W,0,-4.704326,0.18597467243671417,0.6666666865348816,0.29180508852005005
YCR073C,YLR181C,0,-4.704362,0.1859172284603119,0.6666666865348816,0.2919158339500427
YEL031W,YAR010C,0,-4.7043815,0.1858598291873932,0.6666666865348816,0.2920265793800354
YEL063C,YPL007C,0,-4.704528,0.18580247461795807,0.6666666865348816,0.2921373248100281
YNR019W,YBR202W,0,-4.7047505,0.18574513494968414,0.6666666865348816,0.29224807024002075
YDR435C,YMR234W,0,-4.7052097,0.1856878399848938,0.6666666865348816,0.2923588156700134
YGL227W,YHR048W,0,-4.7054076,0.18563058972358704,0.6666666865348816,0.2924695312976837
YLR069C,YOL042W,0,-4.705445,0.18557336926460266,0.6666666865348816,0.2925802767276764
YCR014C,YOR076C,0,-4.70598,0.18551617860794067,0.6666666865348816,0.29269102215766907
YPL049C,YBR121C,0,-4.7065234,0.18545903265476227,0.6666666865348816,0.29280176758766174
YGR267C,YOR162C,0,-4.7068925,0.18540191650390625,0.6666666865348816,0.2929125130176544
YMR167W,YOR014W,1,-4.706943,0.1856527030467987,0.6677740812301636,0.2929125130176544
YCR028C-A,YHR090C,0,-4.707581,0.1855955719947815,0.6677740812301636,0.2930232584476471
YGR140W,YDR057W,0,-4.70769,0.18553845584392548,0.6677740812301636,0.29313400387763977
YKL074C,YNL046W,0,-4.707934,0.18548138439655304,0.6677740812301636,0.29324474930763245
YGR140W,YMR234W,0,-4.7092814,0.18542435765266418,0.6677740812301636,0.2933554947376251
YJR042W,YLR312C-B,0,-4.7097135,0.18536734580993652,0.6677740812301636,0.2934662103652954
YBR072W,YHR050W,0,-4.7097955,0.18531039357185364,0.6677740812301636,0.2935769557952881
YOR030W,YMR313C,0,-4.7099037,0.18525345623493195,0.6677740812301636,0.29368770122528076
YPL275W,YDL130W-A,0,-4.709972,0.18519656360149384,0.6677740812301636,0.29379844665527344
YFR008W,YOR356W,0,-4.710078,0.1851397007703781,0.6677740812301636,0.2939091920852661
YPL275W,YKL110C,0,-4.710156,0.18508286774158478,0.6677740812301636,0.2940199375152588
YPR128C,YPR119W,0,-4.7113185,0.18502607941627502,0.6677740812301636,0.29413068294525146
YDR216W,YNL219C,0,-4.71136,0.18496932089328766,0.6677740812301636,0.29424142837524414
YJL143W,YFL002W-A,0,-4.7116065,0.18491260707378387,0.6677740812301636,0.2943521738052368
YFL056C,YLR438C-A,0,-4.711697,0.18485592305660248,0.6677740812301636,0.2944628894329071
YDL099W,YPL283C,0,-4.7126637,0.18479926884174347,0.6677740812301636,0.2945736348628998
YMR068W,YOR119C,0,-4.7128625,0.18474264442920685,0.6677740812301636,0.29468438029289246
YDR216W,YPL157W,0,-4.713115,0.1846860647201538,0.6677740812301636,0.29479512572288513
YDR141C,YMR161W,0,-4.7131376,0.18462951481342316,0.6677740812301636,0.2949058711528778
YPL086C,YJR158W,0,-4.7137685,0.1845730096101761,0.6677740812301636,0.2950166165828705
YPL123C,YAR010C,0,-4.713945,0.1845165193080902,0.6677740812301636,0.29512736201286316
YLR228C,YGR099W,0,-4.7140355,0.18446007370948792,0.6677740812301636,0.29523810744285583
YDR062W,YJR026W,0,-4.714232,0.1844036728143692,0.6677740812301636,0.2953488230705261
YDL149W,YCL017C,0,-4.714291,0.18434730172157288,0.6677740812301636,0.2954595685005188
YLR207W,YGR156W,0,-4.7144065,0.18429096043109894,0.6677740812301636,0.2955703139305115
YPL051W,YDR082W,0,-4.7144814,0.1842346489429474,0.6677740812301636,0.29568105936050415
YGL012W,YER108C,0,-4.715056,0.18417838215827942,0.6677740812301636,0.2957918047904968
YKR036C,YDR487C,0,-4.7155213,0.18412213027477264,0.6677740812301636,0.2959025502204895
YAL040C,YIL013C,0,-4.715839,0.18406593799591064,0.6677740812301636,0.2960132956504822
YKR019C,YDL038C,0,-4.7158465,0.18400976061820984,0.6677740812301636,0.29612404108047485
YNL098C,YML040W,0,-4.716196,0.18395362794399261,0.6677740812301636,0.29623478651046753
YML010W,YCL020W,0,-4.7162743,0.18389752507209778,0.6677740812301636,0.2963455021381378
YGR078C,YDL033C,0,-4.716437,0.18384146690368652,0.6677740812301636,0.2964562475681305
YPL042C,YPL139C,1,-4.716642,0.18409021198749542,0.6688815355300903,0.2964562475681305
YOR025W,YLL034C,0,-4.717035,0.18403412401676178,0.6688815355300903,0.29656699299812317
YMR198W,YFL037W,1,-4.7175875,0.18428267538547516,0.6699889302253723,0.29656699299812317
YPR128C,YDL033C,0,-4.7176957,0.18422655761241913,0.6699889302253723,0.29667773842811584
YDL044C,YBR088C,0,-4.717734,0.18417046964168549,0.6699889302253723,0.2967884838581085
YMR137C,YMR060C,0,-4.717817,0.18411442637443542,0.6699889302253723,0.2968992292881012
YKR072C,YNR064C,0,-4.718268,0.18405841290950775,0.6699889302253723,0.29700997471809387
YDR356W,YKL035W,0,-4.7193294,0.18400242924690247,0.6699889302253723,0.29712072014808655
YGR140W,YDL194W,0,-4.7196317,0.18394649028778076,0.6699889302253723,0.2972314655780792
YPR187W,YEL057C,0,-4.719748,0.18389058113098145,0.6699889302253723,0.2973421812057495
YER133W,YFL033C,1,-4.720343,0.18413856625556946,0.6710963249206543,0.2973421812057495
YBR100W,YPR007C,1,-4.7207246,0.18438638746738434,0.672203779220581,0.2973421812057495
YLR401C,YGR013W,0,-4.720968,0.18433040380477905,0.672203779220581,0.2974529266357422
YJR002W,YAR007C,0,-4.7210584,0.18427443504333496,0.672203779220581,0.29756367206573486
YIL040W,YPR178W,0,-4.7213326,0.18421851098537445,0.672203779220581,0.29767441749572754
YER133W,YPR078C,1,-4.721358,0.18446601927280426,0.673311173915863,0.29767441749572754
YOL028C,YMR243C,0,-4.7221303,0.18441006541252136,0.673311173915863,0.2977851629257202
YER112W,YDR422C,0,-4.7227073,0.18435415625572205,0.673311173915863,0.2978959083557129
YLR117C,YDR017C,0,-4.7228646,0.18429827690124512,0.673311173915863,0.29800665378570557
YNR059W,YMR008C,0,-4.723415,0.18424242734909058,0.673311173915863,0.29811739921569824
YBR245C,YFL002W-A,0,-4.7237105,0.18418660759925842,0.673311173915863,0.29822811484336853
YPL275W,YGR143W,0,-4.7246594,0.18413083255290985,0.673311173915863,0.2983388602733612
YOR198C,YDR285W,1,-4.725405,0.18437783420085907,0.6744186282157898,0.2983388602733612
YBR090C-A,YCL001W,0,-4.7257853,0.1843220293521881,0.6744186282157898,0.2984496057033539
YDL033C,YIL017C,0,-4.726192,0.18426626920700073,0.6744186282157898,0.29856035113334656
YBR015C,YOL115W,0,-4.72648,0.18421052396297455,0.6744186282157898,0.29867109656333923
YCR012W,YOR266W,0,-4.726779,0.18415482342243195,0.6744186282157898,0.2987818419933319
YBR090C-A,YIL095W,0,-4.726806,0.18409915268421173,0.6744186282157898,0.2988925874233246
YPR128C,YLL021W,0,-4.727021,0.1840435117483139,0.6744186282157898,0.29900333285331726
YOR032C,YKL073W,0,-4.727286,0.18398791551589966,0.6744186282157898,0.29911407828330994
YBL008W,YIL048W,0,-4.7276206,0.1839323490858078,0.6744186282157898,0.2992247939109802
YBR109C,YHR011W,0,-4.7276554,0.18387681245803833,0.6744186282157898,0.2993355393409729
YEL061C,YNL142W,0,-4.7278037,0.18382130563259125,0.6744186282157898,0.2994462847709656
YNL318C,YER065C,0,-4.7278247,0.18376584351062775,0.6744186282157898,0.29955703020095825
YPR190C,YNL046W,0,-4.7279124,0.18371041119098663,0.6744186282157898,0.2996677756309509
YDL064W,YCL020W,0,-4.7279234,0.1836550086736679,0.6744186282157898,0.2997785210609436
YDR420W,YMR067C,0,-4.728472,0.18359963595867157,0.6744186282157898,0.2998892664909363
YGL090W,YIL076W,0,-4.7286735,0.1835443079471588,0.6744186282157898,0.30000001192092896
YJL196C,YKR022C,0,-4.728761,0.18348900973796844,0.6744186282157898,0.30011072754859924
YFL033C,YCR033W,1,-4.728971,0.1837349385023117,0.6755260229110718,0.30011072754859924
YPL228W,YCR065W,0,-4.729256,0.18367961049079895,0.6755260229110718,0.3002214729785919
YDR473C,YEL065W,0,-4.7292714,0.18362432718276978,0.6755260229110718,0.3003322184085846
YNL172W,YPL123C,0,-4.729294,0.1835690587759018,0.6755260229110718,0.30044296383857727
YBL084C,YGL200C,0,-4.729998,0.1835138350725174,0.6755260229110718,0.30055370926856995
YDR443C,YBL005W-A,0,-4.7302547,0.18345864117145538,0.6755260229110718,0.3006644546985626
YBL034C,YIL082W-A,0,-4.7303123,0.18340349197387695,0.6755260229110718,0.3007752001285553
YPL157W,YOR356W,0,-4.731126,0.18334835767745972,0.6755260229110718,0.300885945558548
YOR074C,YOR030W,0,-4.7318635,0.18329326808452606,0.6755260229110718,0.30099669098854065
YJR078W,YDR141C,0,-4.731972,0.1832382082939148,0.6755260229110718,0.30110740661621094
YJL156C,YAR042W,0,-4.7323246,0.18318317830562592,0.6755260229110718,0.3012181520462036
YNL041C,YGL012W,0,-4.7337523,0.18312819302082062,0.6755260229110718,0.3013288974761963
YBR090C-A,YJR007W,0,-4.7337832,0.1830732226371765,0.6755260229110718,0.30143964290618896
YNL318C,YIL018W,0,-4.733992,0.183018296957016,0.6755260229110718,0.30155038833618164
YJL054W,YPR074C,0,-4.734269,0.18296340107917786,0.6755260229110718,0.3016611337661743
YJL018W,YPL212C,0,-4.7349706,0.1829085499048233,0.6755260229110718,0.301771879196167
YFR046C,YFR048W,0,-4.7359395,0.18285371363162994,0.6755260229110718,0.30188262462615967
YOR032C,YDL039C,0,-4.7360473,0.18279892206192017,0.6755260229110718,0.30199337005615234
YBR020W,YJL210W,0,-4.7361245,0.18274416029453278,0.6755260229110718,0.30210408568382263
YLR231C,YMR060C,0,-4.736378,0.18268942832946777,0.6755260229110718,0.3022148311138153
YML095C,YDR369C,1,-4.7366576,0.18293413519859314,0.6766334176063538,0.3022148311138153
YGL150C,YOR188W,0,-4.736668,0.18287937343120575,0.6766334176063538,0.302325576543808
YDR148C,YKL203C,0,-4.7369533,0.18282465636730194,0.6766334176063538,0.30243632197380066
YJL062W,YML021C,0,-4.737168,0.18276996910572052,0.6766334176063538,0.30254706740379333
YDL134C,YOR308C,0,-4.738036,0.1827153116464615,0.6766334176063538,0.302657812833786
YNR059W,YDL208W,0,-4.7385387,0.18266068398952484,0.6766334176063538,0.3027685582637787
YMR240C,YHL025W,0,-4.7386837,0.18260610103607178,0.6766334176063538,0.30287930369377136
YBL063W,YNL251C,0,-4.7391768,0.1825515329837799,0.6766334176063538,0.30299001932144165
YBR100W,YNL250W,1,-4.739492,0.1827957034111023,0.6777408719062805,0.30299001932144165
YDR279W,YBR293W,0,-4.739593,0.18274112045764923,0.6777408719062805,0.3031007647514343
YMR068W,YDR268W,0,-4.739705,0.18268656730651855,0.6777408719062805,0.303211510181427
YMR068W,YHR120W,0,-4.740066,0.18263204395771027,0.6777408719062805,0.3033222556114197
YLR056W,YIL082W-A,0,-4.740098,0.18257756531238556,0.6777408719062805,0.30343300104141235
YJR002W,YDR389W,0,-4.7405567,0.18252311646938324,0.6777408719062805,0.30354374647140503
YMR316W,YCR075C,0,-4.7408266,0.1824686974287033,0.6777408719062805,0.3036544919013977
YDL194W,YLR301W,0,-4.7409625,0.18241430819034576,0.6777408719062805,0.3037652373313904
YPR034W,YGL144C,0,-4.741171,0.1823599487543106,0.6777408719062805,0.30387598276138306
YLR238W,YAR010C,0,-4.741182,0.18230563402175903,0.6777408719062805,0.30398669838905334
YKL203C,YGL039W,0,-4.741388,0.18225133419036865,0.6777408719062805,0.304097443819046
YOL095C,YPL144W,0,-4.741911,0.18219707906246185,0.6777408719062805,0.3042081892490387
YMR065W,YKL051W,0,-4.741916,0.18214285373687744,0.6777408719062805,0.30431893467903137
YFR048W,YJL168C,0,-4.741945,0.18208865821361542,0.6777408719062805,0.30442968010902405
YDR101C,YIL013C,0,-4.7427454,0.18203450739383698,0.6777408719062805,0.3045404255390167
YMR015C,YFL002W-A,0,-4.742766,0.18198037147521973,0.6777408719062805,0.3046511709690094
YMR198W,YGR108W,1,-4.743122,0.18222354352474213,0.6788482666015625,0.3046511709690094
YMR161W,YDR450W,0,-4.7438445,0.18216939270496368,0.6788482666015625,0.3047619163990021
YDR036C,YDL216C,0,-4.7439384,0.18211527168750763,0.6788482666015625,0.30487263202667236
YGR147C,YDR400W,0,-4.7443852,0.18206118047237396,0.6788482666015625,0.30498337745666504
YIL040W,YLR145W,0,-4.745049,0.18200711905956268,0.6788482666015625,0.3050941228866577
YPR030W,YMR305C,0,-4.745436,0.18195310235023499,0.6788482666015625,0.3052048683166504
YGR133W,YHR154W,0,-4.745953,0.18189911544322968,0.6788482666015625,0.30531561374664307
YJR089W,YGR128C,0,-4.7460914,0.18184514343738556,0.6788482666015625,0.30542635917663574
YJR155W,YAR010C,0,-4.7463193,0.18179121613502502,0.6788482666015625,0.3055371046066284
YHR118C,YDR407C,0,-4.7470756,0.18173731863498688,0.6788482666015625,0.3056478500366211
YPL020C,YJR126C,0,-4.7482963,0.1816834658384323,0.6788482666015625,0.30575859546661377
YDR312W,YGL039W,0,-4.748546,0.18162962794303894,0.6788482666015625,0.30586931109428406
YGL200C,YMR046C,0,-4.749177,0.18157583475112915,0.6788482666015625,0.30598005652427673
YBL069W,YDL216C,0,-4.7492704,0.18152205646038055,0.6788482666015625,0.3060908019542694
YNL059C,YDR141C,0,-4.749956,0.18146832287311554,0.6788482666015625,0.3062015473842621
YLR405W,YNR039C,0,-4.7500873,0.1814146190881729,0.6788482666015625,0.30631229281425476
YAL021C,YBR061C,0,-4.7510667,0.18136094510555267,0.6788482666015625,0.30642303824424744
YLR131C,YBL005W-A,0,-4.7511196,0.18130730092525482,0.6788482666015625,0.3065337836742401
YCR086W,YFL037W,1,-4.7517047,0.18154938519001007,0.6799557209014893,0.3065337836742401
YIL097W,YML064C,0,-4.7518578,0.18149571120738983,0.6799557209014893,0.3066445291042328
YNL318C,YOR157C,0,-4.7519746,0.18144208192825317,0.6799557209014893,0.30675527453422546
YKL108W,YHR214C-B,0,-4.7524724,0.1813884824514389,0.6799557209014893,0.30686599016189575
YPL159C,YAL033W,0,-4.7527375,0.18133491277694702,0.6799557209014893,0.3069767355918884
YGL012W,YKR072C,0,-4.7527795,0.18128137290477753,0.6799557209014893,0.3070874810218811
YNL223W,YDR062W,0,-4.7529464,0.18122786283493042,0.6799557209014893,0.3071982264518738
YFL033C,YHR014W,1,-4.753551,0.18146945536136627,0.6810631155967712,0.3071982264518738
YLR145W,YLL021W,0,-4.753831,0.18141593039035797,0.6810631155967712,0.30730897188186646
YFR046C,YLR069C,0,-4.754057,0.18136243522167206,0.6810631155967712,0.30741971731185913
YEL029C,YJR120W,0,-4.7546015,0.18130895495414734,0.6810631155967712,0.3075304627418518
YPL270W,YMR137C,0,-4.7548337,0.1812555193901062,0.6810631155967712,0.3076412081718445
YPL275W,YDR211W,0,-4.7548614,0.18120212852954865,0.6810631155967712,0.30775192379951477
YPR171W,YPL132W,0,-4.7549796,0.18114875257015228,0.6810631155967712,0.30786266922950745
YBL025W,YFL002W-A,0,-4.7550263,0.1810954064130783,0.6810631155967712,0.3079734146595001
YMR083W,YAR019C,0,-4.755113,0.18104209005832672,0.6810631155967712,0.3080841600894928
YBR090C-A,YLR301W,0,-4.755316,0.18098881840705872,0.6810631155967712,0.3081949055194855
YGL244W,YFL002W-A,0,-4.7559795,0.1809355765581131,0.6810631155967712,0.30830565094947815
YER045C,YDL149W,0,-4.756273,0.18088234961032867,0.6810631155967712,0.3084163963794708
YPR171W,YBL005W,0,-4.756689,0.18082916736602783,0.6810631155967712,0.3085271418094635
YPL137C,YDL039C,0,-4.7569346,0.18077601492404938,0.6810631155967712,0.3086378872394562
YBR154C,YNR064C,0,-4.757424,0.1807228922843933,0.6810631155967712,0.30874860286712646
YBR110W,YPL097W,0,-4.7578216,0.18066979944705963,0.6810631155967712,0.30885934829711914
YHR055C,YDR018C,0,-4.7579055,0.18061673641204834,0.6810631155967712,0.3089700937271118
YLR117C,YEL057C,0,-4.758173,0.18056371808052063,0.6810631155967712,0.3090808391571045
YPR007C,YPR078C,1,-4.7581763,0.18080422282218933,0.682170569896698,0.3090808391571045
YNL286W,YBR228W,0,-4.758942,0.18075117468833923,0.682170569896698,0.30919158458709717
YNR046W,YJR120W,0,-4.759007,0.18069815635681152,0.682170569896698,0.30930233001708984
YNR008W,YGR078C,0,-4.759253,0.1806451678276062,0.682170569896698,0.3094130754470825
YFR008W,YHR074W,0,-4.759342,0.18059220910072327,0.682170569896698,0.3095238208770752
YFL056C,YER108C,0,-4.760095,0.18053928017616272,0.682170569896698,0.30963456630706787
YNL318C,YPL283C,0,-4.7601857,0.18048638105392456,0.682170569896698,0.30974528193473816
YBR133C,YPL016W,0,-4.7602353,0.1804335117340088,0.682170569896698,0.30985602736473083
YDR254W,YAL017W,0,-4.7610073,0.1803806722164154,0.682170569896698,0.3099667727947235
YNR027W,YOL135C,0,-4.761931,0.1803278625011444,0.682170569896698,0.3100775182247162
YOR188W,YIL167W,0,-4.7620454,0.180275097489357,0.682170569896698,0.31018826365470886
YLR399C,YOR313C,1,-4.7639275,0.18051491677761078,0.68327796459198,0.31018826365470886
YAL041W,YGR145W,0,-4.763952,0.18046212196350098,0.68327796459198,0.31029900908470154
YOR074C,YCR027C,0,-4.7639747,0.18040935695171356,0.68327796459198,0.3104097545146942
YLR353W,YFL002W-A,0,-4.764111,0.18035662174224854,0.68327796459198,0.3105204999446869
YHR011W,YPL155C,0,-4.764171,0.1803039163351059,0.68327796459198,0.3106312155723572
YDR172W,YML045W,0,-4.7644644,0.18025124073028564,0.68327796459198,0.31074196100234985
YML088W,YNR048W,0,-4.764772,0.18019859492778778,0.68327796459198,0.31085270643234253
YHR152W,YNL025C,1,-4.764855,0.18043795228004456,0.684385359287262,0.31085270643234253
YNL042W,YNL258C,0,-4.7650466,0.1803852915763855,0.684385359287262,0.3109634518623352
YCL012W,YGR199W,0,-4.7652364,0.18033264577388763,0.684385359287262,0.3110741972923279
YDR446W,YBR100W,1,-4.7653403,0.1805717647075653,0.6854928135871887,0.3110741972923279
YDL216C,YLR403W,0,-4.765489,0.18051910400390625,0.6854928135871887,0.31118494272232056
YDR108W,YCR033W,1,-4.766243,0.1807580143213272,0.6866002082824707,0.31118494272232056
YPR124W,YMR313C,0,-4.766249,0.18070533871650696,0.6866002082824707,0.31129568815231323
YNL219C,YMR199W,0,-4.76723,0.1806526780128479,0.6866002082824707,0.3114064335823059
YOL165C,YGL136C,0,-4.7681546,0.18060006201267242,0.6866002082824707,0.3115171790122986
YMR156C,YMR046C,0,-4.7688785,0.18054746091365814,0.6866002082824707,0.31162789463996887
YBR205W,YLL003W,0,-4.769469,0.18049490451812744,0.6866002082824707,0.31173864006996155
YER108C,YDL213C,0,-4.769689,0.18044237792491913,0.6866002082824707,0.3118493854999542
YLL022C,YBR296C,0,-4.7699,0.1803898811340332,0.6866002082824707,0.3119601309299469
YPL022W,YPL042C,1,-4.770147,0.18062826991081238,0.6877076625823975,0.3119601309299469
YOR229W,YPR078C,1,-4.7703285,0.1808665245771408,0.6888150572776794,0.3119601309299469
YML128C,YPR078C,1,-4.7704268,0.1811046451330185,0.6899224519729614,0.3119601309299469
YAL030W,YFL059W,0,-4.770671,0.18105201423168182,0.6899224519729614,0.3120708763599396
YLR399C,YMR190C,1,-4.7722516,0.181289941072464,0.6910299062728882,0.3120708763599396
YDR407C,YJR049C,0,-4.7724867,0.18123729526996613,0.6910299062728882,0.31218162178993225
YCR065W,YML045W,0,-4.7727304,0.18118466436862946,0.6910299062728882,0.3122923672199249
YAL051W,YFL002W-A,0,-4.772731,0.18113207817077637,0.6910299062728882,0.3124031126499176
YHR005C-A,YPL096W,0,-4.773023,0.18107950687408447,0.6910299062728882,0.3125138282775879
YOL028C,YOR356W,0,-4.773062,0.18102698028087616,0.6910299062728882,0.31262457370758057
YDL208W,YGL039W,0,-4.7730923,0.18097448348999023,0.6910299062728882,0.31273531913757324
YDL099W,YGR085C,0,-4.7733417,0.1809220016002655,0.6910299062728882,0.3128460645675659
YDR150W,YCR024C-A,0,-4.7739925,0.18086956441402435,0.6910299062728882,0.3129568099975586
YOR266W,YNR039C,0,-4.774581,0.1808171570301056,0.6910299062728882,0.31306755542755127
YHR072W,YOR266W,0,-4.77486,0.18076477944850922,0.6910299062728882,0.31317830085754395
YMR167W,YOR073W,1,-4.7753963,0.18100202083587646,0.6921373009681702,0.31317830085754395
YIL040W,YOR274W,0,-4.7761064,0.1809496283531189,0.6921373009681702,0.3132890462875366
YDL064W,YNL046W,0,-4.776795,0.18089725077152252,0.6921373009681702,0.3133997917175293
YMR065W,YOR076C,0,-4.7772202,0.18084490299224854,0.6921373009681702,0.3135105073451996
YGR216C,YHR074W,0,-4.7774506,0.18079259991645813,0.6921373009681702,0.31362125277519226
YDR479C,YJR029W,0,-4.7778277,0.18074031174182892,0.6921373009681702,0.31373199820518494
YPL244C,YLR288C,0,-4.7780957,0.1806880533695221,0.6921373009681702,0.3138427436351776
YCL012W,YCL051W,0,-4.778137,0.18063583970069885,0.6921373009681702,0.3139534890651703
YDR377W,YDL044C,0,-4.7784224,0.1805836409330368,0.6921373009681702,0.31406423449516296
YGR108W,YIL132C,1,-4.7794323,0.18082033097743988,0.6932447552680969,0.31406423449516296
YOR256C,YBR030W,0,-4.7799926,0.18076811730861664,0.6932447552680969,0.31417497992515564
YMR015C,YLL041C,0,-4.7804847,0.18071593344211578,0.6932447552680969,0.3142857253551483
YOR371C,YCR012W,0,-4.780534,0.18066377937793732,0.6932447552680969,0.314396470785141
YCR024C-A,YOR162C,0,-4.7806706,0.18061165511608124,0.6932447552680969,0.3145071864128113
YMR065W,YMR046C,0,-4.780783,0.18055956065654755,0.6932447552680969,0.31461793184280396
YCR082W,YJR029W,0,-4.781059,0.18050749599933624,0.6932447552680969,0.31472867727279663
YAL041W,YKL170W,0,-4.7814474,0.18045546114444733,0.6932447552680969,0.3148394227027893
YNL275W,YDR312W,0,-4.781529,0.1804034560918808,0.6932447552680969,0.314950168132782
YJL081C,YCR098C,0,-4.781552,0.18035148084163666,0.6932447552680969,0.31506091356277466
YPL154C,YFL059W,0,-4.7816195,0.1802995353937149,0.6932447552680969,0.31517165899276733
YNL225C,YOR356W,0,-4.781929,0.18024761974811554,0.6932447552680969,0.31528240442276
YLR052W,YLR328W,0,-4.7821374,0.18019573390483856,0.6932447552680969,0.3153931200504303
YML051W,YBL034C,0,-4.78215,0.18014387786388397,0.6932447552680969,0.315503865480423
YBR061C,YKR020W,0,-4.783067,0.18009206652641296,0.6932447552680969,0.31561461091041565
YMR190C,YHR152W,1,-4.783306,0.1803278625011444,0.6943521499633789,0.31561461091041565
YBR228W,YNL197C,0,-4.783952,0.180276021361351,0.6943521499633789,0.3157253563404083
YPL031C,YGR006W,0,-4.784017,0.1802241951227188,0.6943521499633789,0.315836101770401
YDR108W,YJL074C,1,-4.7841682,0.18045976758003235,0.6954596042633057,0.315836101770401
YBR085W,YLL022C,0,-4.784513,0.18040792644023895,0.6954596042633057,0.3159468472003937
YLR312C-B,YNR046W,0,-4.785224,0.18035611510276794,0.6954596042633057,0.31605759263038635
YLR155C,YFR008W,0,-4.7854805,0.18030433356761932,0.6954596042633057,0.31616833806037903
YDR254W,YOL071W,0,-4.785909,0.1802525818347931,0.6954596042633057,0.3162790834903717
YNR019W,YPR017C,0,-4.7872357,0.18020085990428925,0.6954596042633057,0.316389799118042
YML081C-A,YJL036W,0,-4.7878556,0.1801491677761078,0.6954596042633057,0.31650054454803467
YOR147W,YGL227W,0,-4.78853,0.18009750545024872,0.6954596042633057,0.31661128997802734
YKL170W,YDL194W,0,-4.788639,0.18004587292671204,0.6954596042633057,0.31672203540802
YDL213C,YJR026W,0,-4.789916,0.17999427020549774,0.6954596042633057,0.3168327808380127
YDL161W,YOR032C,0,-4.7899714,0.17994269728660583,0.6954596042633057,0.31694352626800537
YJL085W,YGL090W,0,-4.7904043,0.17989115417003632,0.6954596042633057,0.31705427169799805
YNL225C,YPL206C,0,-4.790793,0.17983964085578918,0.6954596042633057,0.3171650171279907
YMR143W,YGR122W,0,-4.790911,0.17978814244270325,0.6954596042633057,0.317275732755661
YMR067C,YKL035W,0,-4.791214,0.1797366887331009,0.6954596042633057,0.3173864781856537
YDL004W,YDL190C,0,-4.7912607,0.17968526482582092,0.6954596042633057,0.31749722361564636
YNL279W,YKR089C,0,-4.7918143,0.17963387072086334,0.6954596042633057,0.31760796904563904
YMR161W,YER151C,0,-4.79202,0.17958250641822815,0.6954596042633057,0.3177187144756317
YKR036C,YBR133C,0,-4.792048,0.17953115701675415,0.6954596042633057,0.3178294599056244
YER155C,YDR123C,0,-4.7921734,0.17947985231876373,0.6954596042633057,0.31794020533561707
YMR218C,YBR082C,0,-4.7922444,0.1794285774230957,0.6954596042633057,0.31805095076560974
YGL063W,YMR067C,0,-4.7926526,0.17937731742858887,0.6954596042633057,0.3181616961956024
YNL293W,YOL005C,0,-4.793051,0.1793261021375656,0.6954596042633057,0.3182724118232727
YDR479C,YNL229C,0,-4.7933393,0.17927490174770355,0.6954596042633057,0.3183831572532654
YDR518W,YMR234W,0,-4.7933536,0.17922374606132507,0.6954596042633057,0.31849390268325806
YDR420W,YOR162C,0,-4.793449,0.1791726052761078,0.6954596042633057,0.31860464811325073
YNL006W,YPL032C,0,-4.793679,0.17912150919437408,0.6954596042633057,0.3187153935432434
YCR014C,YPR133C,0,-4.7937837,0.17907042801380157,0.6954596042633057,0.3188261389732361
YNR017W,YGR104C,0,-4.7942157,0.17901939153671265,0.6954596042633057,0.31893688440322876
YMR204C,YMR046C,0,-4.795155,0.1789683699607849,0.6954596042633057,0.31904762983322144
YJL170C,YCL001W,0,-4.795549,0.17891737818717957,0.6954596042633057,0.3191583752632141
YDR420W,YGL063W,0,-4.79563,0.1788664162158966,0.6954596042633057,0.3192690908908844
YJL074C,YNL025C,1,-4.7966704,0.17910023033618927,0.6965669989585876,0.3192690908908844
YPL167C,YGL039W,0,-4.7969007,0.17904923856258392,0.6965669989585876,0.3193798363208771
YER108C,YBR142W,0,-4.7969317,0.17899829149246216,0.6965669989585876,0.31949058175086975
YPR111W,YJR026W,0,-4.7970624,0.17894737422466278,0.6965669989585876,0.3196013271808624
YNL059C,YDR022C,0,-4.797254,0.1788964718580246,0.6965669989585876,0.3197120726108551
YGR135W,YDR416W,0,-4.797266,0.17884561419487,0.6965669989585876,0.3198228180408478
YIL098C,YMR293C,0,-4.797977,0.1787947714328766,0.6965669989585876,0.31993356347084045
YMR015C,YJR029W,0,-4.798489,0.17874395847320557,0.6965669989585876,0.32004430890083313
YGR007W,YGR133W,0,-4.798681,0.17869317531585693,0.6965669989585876,0.3201550245285034
YLR131C,YPL144W,0,-4.798808,0.17864243686199188,0.6965669989585876,0.3202657699584961
YDR243C,YAR042W,0,-4.798839,0.17859171330928802,0.6965669989585876,0.32037651538848877
YJR050W,YKL110C,0,-4.7990904,0.17854101955890656,0.6965669989585876,0.32048726081848145
YML128C,YDR285W,1,-4.7993517,0.17877411842346191,0.6976743936538696,0.32048726081848145
YNL219C,YBR090C-A,0,-4.7998414,0.17872340977191925,0.6976743936538696,0.3205980062484741
YJL074C,YPR078C,1,-4.8001757,0.17895632982254028,0.6987818479537964,0.3205980062484741
YGR028W,YBR090C-A,0,-4.800651,0.17890559136867523,0.6987818479537964,0.3207087516784668
YLR114C,YDL085W,0,-4.8008533,0.17885488271713257,0.6987818479537964,0.3208194971084595
YIL132C,YFL037W,1,-4.8009887,0.1790875643491745,0.6998892426490784,0.3208194971084595
YBR202W,YPL031C,0,-4.8015566,0.17903682589530945,0.6998892426490784,0.32093024253845215
YBR274W,YCL020W,0,-4.801622,0.17898611724376678,0.6998892426490784,0.3210409879684448
YGL012W,YDR082W,0,-4.801671,0.1789354532957077,0.6998892426490784,0.3211517035961151
YJR126C,YDR018C,0,-4.8022,0.17888480424880981,0.6998892426490784,0.3212624490261078
YHL011C,YMR046C,0,-4.8022184,0.17883418500423431,0.6998892426490784,0.32137319445610046
YEL015W,YHR214C-B,0,-4.8022995,0.1787835955619812,0.6998892426490784,0.32148393988609314
YCL066W,YDR356W,0,-4.8030434,0.17873303592205048,0.6998892426490784,0.3215946853160858
YEL056W,YDL194W,0,-4.8031874,0.17868250608444214,0.6998892426490784,0.3217054307460785
YGR167W,YPR006C,0,-4.803234,0.178631991147995,0.6998892426490784,0.32181617617607117
YPL275W,YDR123C,0,-4.803764,0.17858152091503143,0.6998892426490784,0.32192692160606384
YLL009C,YML088W,0,-4.8041215,0.17853108048439026,0.6998892426490784,0.3220376670360565
YPR068C,YJL143W,0,-4.8047223,0.17848065495491028,0.6998892426490784,0.3221483826637268
YHR191C,YIL098C,0,-4.805163,0.17843025922775269,0.6998892426490784,0.3222591280937195
YGR095C,YJL089W,0,-4.806334,0.17837990820407867,0.6998892426490784,0.32236987352371216
YKL041W,YGR122W,0,-4.806538,0.17832957208156586,0.6998892426490784,0.32248061895370483
YHR011W,YLR002C,0,-4.806661,0.17827926576137543,0.6998892426490784,0.3225913643836975
YDR518W,YDL216C,0,-4.8078036,0.17822898924350739,0.6998892426490784,0.3227021098136902
YER045C,YDR358W,0,-4.808703,0.17817874252796173,0.6998892426490784,0.32281285524368286
YDR302W,YER149C,0,-4.808783,0.17812852561473846,0.6998892426490784,0.32292360067367554
YDR108W,YML095C,1,-4.809015,0.17836010456085205,0.7009966969490051,0.32292360067367554
YOL060C,YBL018C,0,-4.8098097,0.1783098578453064,0.7009966969490051,0.3230343163013458
YCL012W,YEL009C,0,-4.8100967,0.17825964093208313,0.7009966969490051,0.3231450617313385
YLR401C,YDL028C,0,-4.8101892,0.17820945382118225,0.7009966969490051,0.3232558071613312
YDR062W,YBR228W,0,-4.810329,0.17815929651260376,0.7009966969490051,0.32336655259132385
YKL138C-A,YGR244C,0,-4.810469,0.17810916900634766,0.7009966969490051,0.32347729802131653
YGR006W,YMR088C,0,-4.8111286,0.17805907130241394,0.7009966969490051,0.3235880434513092
YGR140W,YKL015W,0,-4.8114448,0.1780090034008026,0.7009966969490051,0.3236987888813019
YGR128C,YER041W,0,-4.811811,0.17795895040035248,0.7009966969490051,0.32380953431129456
YJL042W,YNL046W,0,-4.8123345,0.17790894210338593,0.7009966969490051,0.32392027974128723
YIR006C,YOR119C,0,-4.8124413,0.17785894870758057,0.7009966969490051,0.3240309953689575
YCR065W,YOR216C,0,-4.8125796,0.1778089851140976,0.7009966969490051,0.3241417407989502
YLR131C,YBR015C,0,-4.8125906,0.177759051322937,0.7009966969490051,0.32425248622894287
YDL216C,YLL041C,0,-4.812889,0.17770914733409882,0.7009966969490051,0.32436323165893555
YLR442C,YEL002C,0,-4.813187,0.177659273147583,0.7009966969490051,0.3244739770889282
YDL115C,YNL025C,1,-4.8133693,0.17789001762866974,0.7021040916442871,0.3244739770889282
YHL025W,YJR019C,0,-4.8137956,0.17784011363983154,0.7021040916442871,0.3245847225189209
YMR287C,YBR121C,0,-4.8138695,0.17779023945331573,0.7021040916442871,0.3246954679489136
YGL025C,YGL227W,0,-4.8140717,0.17774039506912231,0.7021040916442871,0.32480621337890625
YPL076W,YDR082W,0,-4.8140845,0.17769058048725128,0.7021040916442871,0.32491692900657654
YGL119W,YJL058C,0,-4.8141346,0.17764079570770264,0.7021040916442871,0.3250276744365692
YOR032C,YML105C,0,-4.8143897,0.17759104073047638,0.7021040916442871,0.3251384198665619
YIL033C,YGL144C,0,-4.8145747,0.17754130065441132,0.7021040916442871,0.32524916529655457
YHR011W,YJL191W,0,-4.8146605,0.17749160528182983,0.7021040916442871,0.32535991072654724
YMR220W,YNR039C,0,-4.8146887,0.17744192481040955,0.7021040916442871,0.3254706561565399
YGL163C,YOL005C,0,-4.8148704,0.17739227414131165,0.7021040916442871,0.3255814015865326
YPL212C,YIL082W-A,0,-4.814936,0.17734265327453613,0.7021040916442871,0.32569214701652527
YGR197C,YNL197C,0,-4.8150134,0.177293062210083,0.7021040916442871,0.32580289244651794
YFL056C,YMR240C,0,-4.815144,0.17724350094795227,0.7021040916442871,0.32591360807418823
YCL012W,YMR235C,0,-4.815179,0.17719396948814392,0.7021040916442871,0.3260243535041809
YDR464W,YGL097W,0,-4.815226,0.17714445292949677,0.7021040916442871,0.3261350989341736
YKL054C,YBL005W-A,0,-4.815455,0.177094966173172,0.7021040916442871,0.32624584436416626
YJR158W,YPL016W,0,-4.815495,0.1770455241203308,0.7021040916442871,0.32635658979415894
YJL074C,YPL042C,1,-4.8155036,0.17727527022361755,0.7032115459442139,0.32635658979415894
YLR155C,YBL023C,0,-4.8155494,0.17722578346729279,0.7032115459442139,0.3264673352241516
YJR144W,YDL033C,0,-4.815971,0.1771763414144516,0.7032115459442139,0.3265780806541443
YKL051W,YKR056W,0,-4.8163066,0.1771269142627716,0.7032115459442139,0.32668882608413696
YKL182W,YER108C,0,-4.8176427,0.177077516913414,0.7032115459442139,0.32679957151412964
YBR090C-A,YER151C,0,-4.818345,0.17702816426753998,0.7032115459442139,0.3269102871417999
YBR040W,YBL006C,0,-4.8184886,0.17697881162166595,0.7032115459442139,0.3270210325717926
YML004C,YGR166W,0,-4.818679,0.1769295036792755,0.7032115459442139,0.3271317780017853
YMR204C,YDR389W,0,-4.8195806,0.17688022553920746,0.7032115459442139,0.32724252343177795
YLR234W,YOR229W,1,-4.819883,0.17710943520069122,0.7043189406394958,0.32724252343177795
YGR270W,YMR046C,0,-4.8202424,0.17706012725830078,0.7043189406394958,0.32735326886177063
YGL136C,YKL019W,0,-4.8204794,0.17701084911823273,0.7043189406394958,0.3274640142917633
YIL033C,YOR356W,0,-4.820645,0.17696160078048706,0.7043189406394958,0.327574759721756
YLL003W,YDR353W,0,-4.820797,0.17691238224506378,0.7043189406394958,0.32768550515174866
YMR199W,YGL136C,0,-4.821401,0.1768631786108017,0.7043189406394958,0.32779622077941895
YJL115W,YGL210W,0,-4.8216324,0.176814004778862,0.7043189406394958,0.3279069662094116
YCL012W,YPL087W,0,-4.8233595,0.17676487565040588,0.7043189406394958,0.3280177116394043
YPR161C,YLL021W,0,-4.823485,0.17671576142311096,0.7043189406394958,0.328128457069397
YDR091C,YOL028C,0,-4.8235765,0.17666666209697723,0.7043189406394958,0.32823920249938965
YOL042W,YLR141W,0,-4.824487,0.1766176074743271,0.7043189406394958,0.3283499479293823
YNL219C,YJL170C,0,-4.8244925,0.17656856775283813,0.7043189406394958,0.328460693359375
YAL033W,YJR026W,0,-4.824673,0.17651957273483276,0.7043189406394958,0.3285714387893677
YOR032C,YLR069C,0,-4.824702,0.1764705926179886,0.7043189406394958,0.32868218421936035
YPR030W,YOR168W,0,-4.824862,0.1764216423034668,0.7043189406394958,0.32879289984703064
YMR112C,YGR133W,0,-4.8250985,0.1763727068901062,0.7043189406394958,0.3289036452770233
YPR190C,YGL039W,0,-4.8262076,0.1763238161802292,0.7043189406394958,0.329014390707016
YHR055C,YDL077C,0,-4.827326,0.17627494037151337,0.7043189406394958,0.32912513613700867
YOL165C,YBR193C,0,-4.827808,0.17622609436511993,0.7043189406394958,0.32923588156700134
YBR133C,YBR091C,0,-4.8281894,0.1761772781610489,0.7043189406394958,0.329346626996994
YPL042C,YOR229W,1,-4.8283715,0.1764054298400879,0.7054263353347778,0.329346626996994
YDR188W,YPL132W,0,-4.8285537,0.17635658383369446,0.7054263353347778,0.3294573724269867
YLR403W,YJL045W,0,-4.8285737,0.1763077825307846,0.7054263353347778,0.32956811785697937
YMR112C,YMR060C,0,-4.828962,0.17625899612903595,0.7054263353347778,0.32967883348464966
YAL021C,YER051W,0,-4.829004,0.17621023952960968,0.7054263353347778,0.32978957891464233
YLR100W,YGL136C,0,-4.8290534,0.1761614978313446,0.7054263353347778,0.329900324344635
YMR211W,YPL167C,0,-4.829214,0.1761128008365631,0.7054263353347778,0.3300110697746277
YBR015C,YDR320C,0,-4.8293066,0.1760641187429428,0.7054263353347778,0.33012181520462036
YER107C,YGL039W,0,-4.8297143,0.1760154664516449,0.7054263353347778,0.33023256063461304
YDL033C,YJR126C,0,-4.830499,0.17596684396266937,0.7054263353347778,0.3303433060646057
YDL137W,YMR287C,0,-4.8311086,0.17591825127601624,0.7054263353347778,0.3304540514945984
YGR140W,YMR173W,0,-4.8312087,0.17586968839168549,0.7054263353347778,0.33056479692459106
YKR056W,YOL028C,0,-4.8314433,0.17582114040851593,0.7054263353347778,0.33067551255226135
YBL020W,YJR029W,0,-4.8318973,0.17577262222766876,0.7054263353347778,0.33078625798225403
YLR145W,YJL054W,0,-4.8322325,0.17572413384914398,0.7054263353347778,0.3308970034122467
YHR055C,YGR055W,0,-4.832431,0.1756756752729416,0.7054263353347778,0.3310077488422394
YPL221W,YLL003W,0,-4.83264,0.17562724649906158,0.7054263353347778,0.33111849427223206
YAR019C,YML004C,0,-4.833443,0.17557883262634277,0.7054263353347778,0.33122923970222473
YDL099W,YPL086C,0,-4.833892,0.17553044855594635,0.7054263353347778,0.3313399851322174
YGL144C,YDL190C,0,-4.83408,0.17548209428787231,0.7054263353347778,0.3314507305622101
YOR132W,YOR356W,0,-4.834828,0.17543376982212067,0.7054263353347778,0.33156147599220276
YER107C,YDL216C,0,-4.834892,0.1753854602575302,0.7054263353347778,0.33167219161987305
YHR011W,YNL206C,0,-4.835303,0.17533718049526215,0.7054263353347778,0.3317829370498657
YDR446W,YER133W,1,-4.836032,0.17556411027908325,0.7065337896347046,0.3317829370498657
YOL112W,YEL031W,0,-4.8361144,0.175515815615654,0.7065337896347046,0.3318936824798584
YBR296C,YOR256C,0,-4.8365426,0.17546755075454712,0.7065337896347046,0.3320044279098511
YJL170C,YJR050W,0,-4.8366637,0.17541930079460144,0.7065337896347046,0.33211517333984375
YNR072W,YJR029W,0,-4.8366942,0.17537108063697815,0.7065337896347046,0.3322259187698364
YOL021C,YNL103W,0,-4.837047,0.17532289028167725,0.7065337896347046,0.3323366641998291
YDL033C,YGL255W,0,-4.837209,0.17527472972869873,0.7065337896347046,0.3324474096298218
YDR022C,YGR145W,0,-4.8373275,0.1752265840768814,0.7065337896347046,0.33255812525749207
YIR019C,YJL001W,0,-4.8374248,0.17517846822738647,0.7065337896347046,0.33266887068748474
YGL136C,YPL097W,0,-4.8384767,0.17513038218021393,0.7065337896347046,0.3327796161174774
YER116C,YMR243C,0,-4.838599,0.17508232593536377,0.7065337896347046,0.3328903615474701
YDL099W,YDR382W,0,-4.839018,0.175034299492836,0.7065337896347046,0.33300110697746277
YGR028W,YDR489W,0,-4.8396487,0.17498628795146942,0.7065337896347046,0.33311185240745544
YNL041C,YAL017W,0,-4.8399205,0.17493830621242523,0.7065337896347046,0.3332225978374481
YPL022W,YFL033C,1,-4.8403106,0.17516447603702545,0.7076411843299866,0.3332225978374481
YBR205W,YNR039C,0,-4.8404703,0.17511646449565887,0.7076411843299866,0.3333333432674408
YLR353W,YGR264C,0,-4.8412576,0.17506849765777588,0.7076411843299866,0.33344408869743347
YBL019W,YBR030W,0,-4.8414855,0.17502054572105408,0.7076411843299866,0.33355480432510376
YNR008W,YGR055W,0,-4.841777,0.17497262358665466,0.7076411843299866,0.33366554975509644
YFR046C,YBL020W,0,-4.841794,0.17492471635341644,0.7076411843299866,0.3337762951850891
YOR315W,YJR126C,0,-4.842009,0.1748768538236618,0.7076411843299866,0.3338870406150818
YDR216W,YJL085W,0,-4.8422203,0.17482900619506836,0.7076411843299866,0.33399778604507446
YOR011W,YGR199W,0,-4.8424487,0.1747811883687973,0.7076411843299866,0.33410853147506714
YHR157W,YFL037W,1,-4.8424983,0.17500683665275574,0.7087486386299133,0.33410853147506714
YBL023C,YHR214C-B,0,-4.8425393,0.1749589890241623,0.7087486386299133,0.3342192769050598
YJL196C,YMR137C,0,-4.8427615,0.17491117119789124,0.7087486386299133,0.3343300223350525
YJL168C,YAR042W,0,-4.843182,0.17486338317394257,0.7087486386299133,0.33444076776504517
YPR005C,YKL176C,0,-4.843507,0.17481562495231628,0.7087486386299133,0.33455148339271545
YDR062W,YOL138C,0,-4.8436017,0.1747678816318512,0.7087486386299133,0.33466222882270813
YLR238W,YNL214W,0,-4.8436484,0.1747201681137085,0.7087486386299133,0.3347729742527008
YCR024C-A,YCL020W,0,-4.8439593,0.17467248439788818,0.7087486386299133,0.3348837196826935
YNR044W,YGR113W,0,-4.8445363,0.17462483048439026,0.7087486386299133,0.33499446511268616
YOR266W,YPR190C,0,-4.844799,0.17457719147205353,0.7087486386299133,0.33510521054267883
YMR276W,YDR123C,0,-4.845831,0.17452958226203918,0.7087486386299133,0.3352159559726715
YNL219C,YDL033C,0,-4.8468385,0.17448200285434723,0.7087486386299133,0.3353267014026642
YDR489W,YML045W,0,-4.846998,0.17443445324897766,0.7087486386299133,0.3354374170303345
YHR152W,YPR078C,1,-4.847038,0.17465940117835999,0.7098560333251953,0.3354374170303345
YNR056C,YGL136C,0,-4.8471684,0.17461182177066803,0.7098560333251953,0.33554816246032715
YDR518W,YJL085W,0,-4.84732,0.17456427216529846,0.7098560333251953,0.3356589078903198
YDR017C,YLR141W,0,-4.847598,0.1745167374610901,0.7098560333251953,0.3357696533203125
YNL231C,YIL082W-A,0,-4.8476586,0.1744692474603653,0.7098560333251953,0.3358803987503052
YOR085W,YMR218C,0,-4.8481264,0.1744217723608017,0.7098560333251953,0.33599114418029785
YNL117W,YML088W,0,-4.8483467,0.17437432706356049,0.7098560333251953,0.3361018896102905
YBR272C,YLR016C,0,-4.848648,0.17432689666748047,0.7098560333251953,0.3362126350402832
YDR150W,YKR072C,0,-4.848724,0.17427949607372284,0.7098560333251953,0.3363233804702759
YNL214W,YBR175W,0,-4.848947,0.1742321252822876,0.7098560333251953,0.33643409609794617
YLR353W,YBR097W,0,-4.8489594,0.17418478429317474,0.7098560333251953,0.33654484152793884
YKL179C,YPL127C,0,-4.849116,0.17413745820522308,0.7098560333251953,0.3366555869579315
YJR002W,YHR214C-B,0,-4.8491554,0.1740901619195938,0.7098560333251953,0.3367663323879242
YMR035W,YMR112C,0,-4.849297,0.17404289543628693,0.7098560333251953,0.33687707781791687
YMR237W,YKR101W,0,-4.849585,0.17399565875530243,0.7098560333251953,0.33698782324790955
YFR008W,YEL031W,0,-4.8501744,0.17394843697547913,0.7098560333251953,0.3370985686779022
YFR024C-A,YJR063W,0,-4.85163,0.1739012449979782,0.7098560333251953,0.3372093141078949
YOL060C,YMR305C,0,-4.8520203,0.17385408282279968,0.7098560333251953,0.3373200297355652
YLR131C,YGR135W,0,-4.852703,0.17380693554878235,0.7098560333251953,0.33743077516555786
YAL017W,YGR104C,0,-4.853642,0.1737598329782486,0.7098560333251953,0.33754152059555054
YLR016C,YDL039C,0,-4.8540177,0.17371273040771484,0.7098560333251953,0.3376522660255432
YPL022W,YNL025C,1,-4.8542333,0.1739366054534912,0.7109634280204773,0.3376522660255432
YDL101C,YBL023C,0,-4.8544726,0.17388948798179626,0.7109634280204773,0.3377630114555359
YPR128C,YGL039W,0,-4.8548408,0.1738424003124237,0.7109634280204773,0.33787375688552856
YMR167W,YOR313C,1,-4.8548875,0.17406605184078217,0.712070882320404,0.33787375688552856
YBR296C,YBR154C,0,-4.8551702,0.1740189492702484,0.712070882320404,0.33798450231552124
YLR228C,YDR057W,0,-4.8552966,0.17397186160087585,0.712070882320404,0.3380952477455139
YPR190C,YGR013W,0,-4.8556824,0.17392480373382568,0.712070882320404,0.3382059931755066
YPR178W,YEL031W,0,-4.855706,0.1738777756690979,0.712070882320404,0.3383167088031769
YMR173W,YNL279W,0,-4.855887,0.1738307625055313,0.712070882320404,0.33842745423316956
YCR033W,YPL042C,1,-4.85601,0.17405405640602112,0.713178277015686,0.33842745423316956
YGR007W,YPL020C,0,-4.8560658,0.17400702834129333,0.713178277015686,0.33853819966316223
YDL101C,YPL275W,0,-4.8565755,0.17396001517772675,0.713178277015686,0.3386489450931549
YGR199W,YNL206C,0,-4.8567767,0.17391304671764374,0.713178277015686,0.3387596905231476
YKL019W,YJL054W,0,-4.856851,0.17386609315872192,0.713178277015686,0.33887043595314026
YJL042W,YJR049C,0,-4.856859,0.1738191694021225,0.713178277015686,0.33898118138313293
YOR014W,YOR313C,1,-4.8570495,0.17404209077358246,0.7142857313156128,0.33898118138313293
YGR108W,YGL249W,1,-4.857857,0.17426490783691406,0.7153931260108948,0.33898118138313293
YLR254C,YKL058W,0,-4.8583355,0.17421790957450867,0.7153931260108948,0.3390919268131256
YER016W,YML040W,0,-4.8585687,0.17417094111442566,0.7153931260108948,0.3392026722431183
YKL001C,YJR120W,0,-4.8588715,0.17412398755550385,0.7153931260108948,0.3393133878707886
YPL274W,YLR312C-B,0,-4.859426,0.17407706379890442,0.7153931260108948,0.33942413330078125
YAR019C,YGL255W,0,-4.8595076,0.17403016984462738,0.7153931260108948,0.3395348787307739
YKR031C,YCL020W,0,-4.8598638,0.17398330569267273,0.7153931260108948,0.3396456241607666
YKR046C,YBR088C,0,-4.859886,0.17393645644187927,0.7153931260108948,0.3397563695907593
YLL022C,YDL030W,0,-4.8601966,0.1738896369934082,0.7153931260108948,0.33986711502075195
YNR056C,YLR438C-A,0,-4.860218,0.17384284734725952,0.7153931260108948,0.33997786045074463
YKL185W,YDL038C,0,-4.8604007,0.17379607260227203,0.7153931260108948,0.3400886058807373
YHR011W,YGR078C,0,-4.860528,0.17374932765960693,0.7153931260108948,0.3401993215084076
YPL049C,YER019C-A,0,-4.8611107,0.17370261251926422,0.7153931260108948,0.34031006693840027
YOR032C,YBL075C,0,-4.861462,0.1736559122800827,0.7153931260108948,0.34042081236839294
YOR274W,YCL001W,0,-4.861512,0.17360924184322357,0.7153931260108948,0.3405315577983856
YBR090C-A,YGR152C,0,-4.861853,0.17356260120868683,0.7153931260108948,0.3406423032283783
YOR281C,YJL054W,0,-4.8625274,0.17351597547531128,0.7153931260108948,0.34075304865837097
YLR238W,YBR165W,0,-4.8626695,0.1734693944454193,0.7153931260108948,0.34086379408836365
YOR270C,YFL002W-A,0,-4.862944,0.17342281341552734,0.7153931260108948,0.3409745395183563
YLR399C,YPR007C,1,-4.8631215,0.17364466190338135,0.7165005803108215,0.3409745395183563
YHR011W,YBL006C,0,-4.863129,0.17359806597232819,0.7165005803108215,0.341085284948349
YOR354C,YPL042C,1,-4.8633623,0.17381973564624786,0.7176079750061035,0.341085284948349
YBR274W,YMR314W,0,-4.863813,0.1737731248140335,0.7176079750061035,0.3411960005760193
YBL019W,YEL022W,0,-4.864179,0.17372654378414154,0.7176079750061035,0.34130674600601196
YEL050C,YNL197C,0,-4.8643374,0.17367997765541077,0.7176079750061035,0.34141749143600464
YLR265C,YDR243C,0,-4.8650966,0.17363344132900238,0.7176079750061035,0.3415282368659973
YPL137C,YEL019C,0,-4.865166,0.17358693480491638,0.7176079750061035,0.34163898229599
YGR167W,YHR214C-B,0,-4.866164,0.17354044318199158,0.7176079750061035,0.34174972772598267
YGL012W,YBR175W,0,-4.866269,0.17349398136138916,0.7176079750061035,0.34186047315597534
YKL108W,YKL058W,0,-4.866341,0.17344753444194794,0.7176079750061035,0.341971218585968
YKL179C,YEL032W,0,-4.866647,0.1734011173248291,0.7176079750061035,0.3420819342136383
YMR316W,YOR256C,0,-4.866882,0.17335473001003265,0.7176079750061035,0.342192679643631
YCR082W,YNR059W,0,-4.866942,0.1733083724975586,0.7176079750061035,0.34230342507362366
YDR123C,YGL210W,0,-4.867022,0.17326202988624573,0.7176079750061035,0.34241417050361633
YLR069C,YOR256C,0,-4.8672147,0.17321571707725525,0.7176079750061035,0.342524915933609
YBR228W,YKR062W,0,-4.868522,0.17316943407058716,0.7176079750061035,0.3426356613636017
YDR141C,YBR082C,0,-4.8688216,0.17312316596508026,0.7176079750061035,0.34274640679359436
YOR188W,YER111C,0,-4.8689017,0.17307692766189575,0.7176079750061035,0.34285715222358704
YLR016C,YDR018C,0,-4.869332,0.17303070425987244,0.7176079750061035,0.3429678976535797
YMR164C,YFL002W-A,0,-4.8693447,0.1729845106601715,0.7176079750061035,0.34307861328125
YCR086W,YPL042C,1,-4.8709116,0.17320522665977478,0.7187153697013855,0.34307861328125
YHR074W,YAR010C,0,-4.87129,0.17315901815891266,0.7187153697013855,0.3431893587112427
YOR250C,YOR049C,0,-4.87158,0.17311282455921173,0.7187153697013855,0.34330010414123535
YBR228W,YGR099W,0,-4.8716893,0.1730666607618332,0.7187153697013855,0.343410849571228
YJR025C,YPR140W,0,-4.871691,0.17302052676677704,0.7187153697013855,0.3435215950012207
YDR518W,YPL157W,0,-4.8722835,0.17297440767288208,0.7187153697013855,0.3436323404312134
YMR182C,YDR057W,0,-4.8726115,0.1729283183813095,0.7187153697013855,0.34374308586120605
YOR030W,YBL055C,0,-4.872763,0.17288225889205933,0.7187153697013855,0.34385383129119873
YDR052C,YOR085W,0,-4.8732724,0.17283621430397034,0.7187153697013855,0.3439645767211914
YKL099C,YCL033C,0,-4.873405,0.17279019951820374,0.7187153697013855,0.3440752923488617
YDR363W,YNL046W,0,-4.873498,0.17274421453475952,0.7187153697013855,0.34418603777885437
YAL013W,YHR214C-B,0,-4.873959,0.1726982444524765,0.7187153697013855,0.34429678320884705
YJR025C,YDR435C,0,-4.8739696,0.17265230417251587,0.7187153697013855,0.3444075286388397
YPL275W,YJR127C,0,-4.874086,0.17260637879371643,0.7187153697013855,0.3445182740688324
YKL179C,YMR053C,0,-4.874102,0.17256048321723938,0.7187153697013855,0.3446290194988251
YOR265W,YNR064C,0,-4.874291,0.17251461744308472,0.7187153697013855,0.34473976492881775
YBR091C,YMR046C,0,-4.8743663,0.17246878147125244,0.7187153697013855,0.3448505103588104
YJL146W,YOR354C,1,-4.874382,0.17268863320350647,0.7198228240013123,0.3448505103588104
YJL058C,YPL218W,0,-4.8746142,0.1726427674293518,0.7198228240013123,0.3449612259864807
YBR110W,YBL103C,0,-4.874969,0.17259691655635834,0.7198228240013123,0.3450719714164734
YJL146W,YDL115C,1,-4.8754134,0.17281655967235565,0.7209302186965942,0.3450719714164734
YGL150C,YFR033C,0,-4.8756857,0.172770693898201,0.7209302186965942,0.34518271684646606
YPR140W,YML021C,0,-4.8757076,0.1727248579263687,0.7209302186965942,0.34529346227645874
YDR489W,YLR312C-B,0,-4.8757257,0.17267905175685883,0.7209302186965942,0.3454042077064514
YCL012W,YMR137C,0,-4.875871,0.17263326048851013,0.7209302186965942,0.3455149531364441
YBR175W,YMR313C,0,-4.876122,0.17258748412132263,0.7209302186965942,0.34562569856643677
YOR373W,YKR014C,0,-4.87651,0.17254173755645752,0.7209302186965942,0.34573644399642944
YKL054C,YPL097W,0,-4.8765674,0.1724960207939148,0.7209302186965942,0.3458471894264221
YDR420W,YMR204C,0,-4.8771243,0.17245033383369446,0.7209302186965942,0.3459579050540924
YPR131C,YBR296C,0,-4.877807,0.17240466177463531,0.7209302186965942,0.3460686504840851
YJL085W,YMR182C,0,-4.877996,0.17235901951789856,0.7209302186965942,0.34617939591407776
YJL146W,YNL025C,1,-4.8791804,0.17257808148860931,0.722037672996521,0.34617939591407776
YKL179C,YBL014C,0,-4.879631,0.17253240942955017,0.722037672996521,0.34629014134407043
YJL020C,YKL108W,0,-4.879766,0.17248676717281342,0.722037672996521,0.3464008867740631
YLR014C,YPL274W,0,-4.8798876,0.17244115471839905,0.722037672996521,0.3465116322040558
YFL056C,YDR018C,0,-4.8813777,0.17239555716514587,0.722037672996521,0.34662237763404846
YDL078C,YER041W,0,-4.8817315,0.1723499894142151,0.722037672996521,0.34673312306404114
YPR171W,YJL156C,0,-4.8819604,0.1723044365644455,0.722037672996521,0.3468438684940338
YMR240C,YAL013W,0,-4.8823094,0.1722589135169983,0.722037672996521,0.3469545841217041
YDR300C,YLR369W,0,-4.882772,0.17221342027187347,0.722037672996521,0.3470653295516968
YJR078W,YMR164C,0,-4.882776,0.17216794192790985,0.722037672996521,0.34717607498168945
YDR052C,YDR473C,0,-4.8829703,0.17212249338626862,0.722037672996521,0.34728682041168213
YER174C,YLR181C,0,-4.883034,0.17207705974578857,0.722037672996521,0.3473975658416748
YMR198W,YMR190C,1,-4.883369,0.17229551076889038,0.723145067691803,0.3473975658416748
YKL192C,YPR005C,0,-4.8833776,0.17225006222724915,0.723145067691803,0.3475083112716675
YKL019W,YGR122W,0,-4.8838744,0.1722046434879303,0.723145067691803,0.34761905670166016
YDR118W,YDL102W,0,-4.884412,0.17215923964977264,0.723145067691803,0.34772980213165283
YNR017W,YPR178W,0,-4.8844924,0.17211386561393738,0.723145067691803,0.3478405177593231
YOL060C,YOR132W,0,-4.8846707,0.1720685064792633,0.723145067691803,0.3479512631893158
YER174C,YJL061W,0,-4.8850675,0.17202317714691162,0.723145067691803,0.34806200861930847
YNL042W,YGL014W,0,-4.885222,0.17197787761688232,0.723145067691803,0.34817275404930115
YNL251C,YCR073C,0,-4.885372,0.17193259298801422,0.723145067691803,0.3482834994792938
YOR298C-A,YPL144W,0,-4.8855886,0.1718873381614685,0.723145067691803,0.3483942449092865
YCL031C,YNR064C,0,-4.88581,0.17184209823608398,0.723145067691803,0.3485049903392792
YJR158W,YGR270W,0,-4.886582,0.17179688811302185,0.723145067691803,0.34861573576927185
YKL038W,YMR087W,0,-4.8868876,0.1717517077922821,0.723145067691803,0.3487264811992645
YKR048C,YKL126W,0,-4.887063,0.17170654237270355,0.723145067691803,0.3488371968269348
YOR188W,YDR201W,0,-4.8882055,0.1716614067554474,0.723145067691803,0.3489479422569275
YDR153C,YDR123C,0,-4.888222,0.1716163009405136,0.723145067691803,0.34905868768692017
YEL032W,YER053C,0,-4.8888335,0.17157121002674103,0.723145067691803,0.34916943311691284
YMR112C,YFL059W,0,-4.8890815,0.17152613401412964,0.723145067691803,0.3492801785469055
YPR033C,YOL067C,0,-4.8891716,0.17148108780384064,0.723145067691803,0.3493909239768982
YDR175C,YGL039W,0,-4.8892875,0.17143607139587402,0.723145067691803,0.34950166940689087
YOL115W,YHR074W,0,-4.8893886,0.1713910698890686,0.723145067691803,0.34961241483688354
YNR059W,YPL159C,0,-4.8894124,0.17134609818458557,0.723145067691803,0.34972313046455383
YKL185W,YHR114W,0,-4.8894973,0.17130115628242493,0.723145067691803,0.3498338758945465
YEL029C,YKR089C,0,-4.8895216,0.17125622928142548,0.723145067691803,0.3499446213245392
YBR121C,YMR046C,0,-4.8895316,0.1712113320827484,0.723145067691803,0.35005536675453186
YJL192C,YMR087W,0,-4.889746,0.17116644978523254,0.723145067691803,0.35016611218452454
YDL039C,YDR443C,0,-4.890219,0.17112159729003906,0.723145067691803,0.3502768576145172
YHR067W,YJL168C,0,-4.8902335,0.17107675969600677,0.723145067691803,0.3503876030445099
YPR119W,YPL086C,0,-4.890286,0.17103195190429688,0.723145067691803,0.35049834847450256
YBR020W,YDR238C,0,-4.8903613,0.17098717391490936,0.723145067691803,0.35060909390449524
YOL071W,YCR098C,0,-4.8905597,0.17094241082668304,0.723145067691803,0.3507198095321655
YBL069W,YMR046C,0,-4.89057,0.1708976775407791,0.723145067691803,0.3508305549621582
YNL275W,YGR104C,0,-4.8908343,0.17085295915603638,0.723145067691803,0.3509413003921509
YOR295W,YJL045W,0,-4.8908467,0.17080827057361603,0.723145067691803,0.35105204582214355
YLL041C,YER180C-A,0,-4.890922,0.17076359689235687,0.723145067691803,0.35116279125213623
YDL115C,YOR229W,1,-4.8912497,0.17098039388656616,0.724252462387085,0.35116279125213623
YLR288C,YDL130W-A,0,-4.891749,0.1709357053041458,0.724252462387085,0.3512735366821289
YLR353W,YKL074C,0,-4.8918557,0.17089103162288666,0.724252462387085,0.3513842821121216
YLR370C,YPL270W,0,-4.8935704,0.1708463877439499,0.724252462387085,0.35149502754211426
YPR133C,YJL045W,0,-4.89377,0.1708017736673355,0.724252462387085,0.35160577297210693
YJL062W,YGL136C,0,-4.893823,0.17075717449188232,0.724252462387085,0.3517164885997772
YDR422C,YJL045W,0,-4.8938327,0.17071260511875153,0.724252462387085,0.3518272340297699
YDR254W,YIL048W,0,-4.89398,0.17066806554794312,0.724252462387085,0.3519379794597626
YDR284C,YPL137C,0,-4.8942785,0.1706235259771347,0.724252462387085,0.35204872488975525
YDL099W,YDR022C,0,-4.8948994,0.17057903110980988,0.724252462387085,0.3521594703197479
YNL197C,YHR048W,0,-4.8949304,0.17053455114364624,0.724252462387085,0.3522702157497406
YPL051W,YEL065W,0,-4.8950067,0.170490100979805,0.724252462387085,0.3523809611797333
YPR124W,YMR211W,0,-4.8954062,0.17044566571712494,0.724252462387085,0.35249170660972595
YCR033W,YHR014W,1,-4.895534,0.1706618070602417,0.7253599166870117,0.35249170660972595
YAL053W,YHR086W,0,-4.895826,0.17061734199523926,0.7253599166870117,0.35260242223739624
YCR082W,YOR035C,0,-4.895924,0.1705729216337204,0.7253599166870117,0.3527131676673889
YLR265C,YML045W,0,-4.895982,0.17052850127220154,0.7253599166870117,0.3528239130973816
YER045C,YMR046C,0,-4.8962336,0.17048412561416626,0.7253599166870117,0.35293465852737427
YPR131C,YOL080C,0,-4.8967633,0.17043976485729218,0.7253599166870117,0.35304540395736694
YDL194W,YDR443C,0,-4.8968625,0.17039541900157928,0.7253599166870117,0.3531561493873596
YCL051W,YBR097W,0,-4.8975883,0.17035110294818878,0.7253599166870117,0.3532668948173523
YLR405W,YIL048W,0,-4.898257,0.17030681669712067,0.7253599166870117,0.35337764024734497
YML078W,YDL190C,0,-4.898445,0.17026254534721375,0.7253599166870117,0.35348838567733765
YNL006W,YDR487C,0,-4.8992896,0.17021828889846802,0.7253599166870117,0.35359910130500793
YBR202W,YML040W,0,-4.8993464,0.17017407715320587,0.7253599166870117,0.3537098467350006
YEL031W,YML040W,0,-4.899567,0.17012986540794373,0.7253599166870117,0.3538205921649933
YJR025C,YBL063W,0,-4.899574,0.17008569836616516,0.7253599166870117,0.35393133759498596
YOL165C,YGL019W,0,-4.899782,0.1700415313243866,0.7253599166870117,0.35404208302497864
YIR006C,YJR063W,0,-4.8998218,0.1699974089860916,0.7253599166870117,0.3541528284549713
YGL144C,YJR127C,0,-4.8998675,0.16995330154895782,0.7253599166870117,0.354263573884964
YJL100W,YOR356W,0,-4.9000125,0.16990920901298523,0.7253599166870117,0.35437431931495667
YBL006C,YFL002W-A,0,-4.9000654,0.16986514627933502,0.7253599166870117,0.35448503494262695
YMR305C,YBR294W,0,-4.900396,0.169821098446846,0.7253599166870117,0.35459578037261963
YPL170W,YGR145W,0,-4.901649,0.16977708041667938,0.7253599166870117,0.3547065258026123
YIL040W,YER111C,0,-4.9021673,0.16973309218883514,0.7253599166870117,0.354817271232605
YJR002W,YBL005W-A,0,-4.9023023,0.1696891188621521,0.7253599166870117,0.35492801666259766
YOR025W,YJL045W,0,-4.90236,0.16964517533779144,0.7253599166870117,0.35503876209259033
YNL258C,YCR098C,0,-4.902381,0.16960124671459198,0.7253599166870117,0.355149507522583
YLR288C,YOR188W,0,-4.9026065,0.1695573329925537,0.7253599166870117,0.3552602529525757
YKL152C,YKL051W,0,-4.9031453,0.16951346397399902,0.7253599166870117,0.35537099838256836
YDL134C,YHR048W,0,-4.9036183,0.16946959495544434,0.7253599166870117,0.35548171401023865
YKL138C-A,YKR056W,0,-4.903806,0.16942575573921204,0.7253599166870117,0.3555924594402313
YOR023C,YMR088C,0,-4.9038663,0.16938194632530212,0.7253599166870117,0.355703204870224
YLR131C,YBR272C,0,-4.904408,0.1693381518125534,0.7253599166870117,0.3558139503002167
YMR053C,YLR301W,0,-4.9056125,0.16929438710212708,0.7253599166870117,0.35592469573020935
YIL040W,YJL063C,0,-4.9059176,0.16925065219402313,0.7253599166870117,0.356035441160202
YBR154C,YEL065W,0,-4.906526,0.1692069172859192,0.7253599166870117,0.3561461865901947
YLR403W,YMR293C,0,-4.907274,0.16916322708129883,0.7253599166870117,0.3562569320201874
YOR046C,YKR062W,0,-4.9073625,0.16911955177783966,0.7253599166870117,0.35636767745018005
YML081C-A,YER013W,0,-4.9073663,0.1690758913755417,0.7253599166870117,0.35647839307785034
YNL145W,YKL058W,0,-4.9074264,0.1690322607755661,0.7253599166870117,0.356589138507843
YPL132W,YPL275W,0,-4.9076257,0.1689886450767517,0.7253599166870117,0.3566998839378357
YDL101C,YJL054W,0,-4.907636,0.1689450591802597,0.7253599166870117,0.35681062936782837
YLR371W,YDR175C,0,-4.9078927,0.1689014881849289,0.7253599166870117,0.35692137479782104
YPR128C,YDL137W,0,-4.908242,0.16885794699192047,0.7253599166870117,0.3570321202278137
YLR043C,YGL227W,0,-4.9084334,0.16881443560123444,0.7253599166870117,0.3571428656578064
YDR216W,YGR216C,0,-4.9085774,0.1687709391117096,0.7253599166870117,0.3572536110877991
YJL168C,YDR018C,0,-4.908608,0.16872745752334595,0.7253599166870117,0.35736432671546936
YLR353W,YER111C,0,-4.9090915,0.1686840057373047,0.7253599166870117,0.35747507214546204
YER119C,YIL097W,0,-4.9093165,0.16864058375358582,0.7253599166870117,0.3575858175754547
YML010W,YMR046C,0,-4.909633,0.16859716176986694,0.7253599166870117,0.3576965630054474
YKR009C,YKL117W,0,-4.9102163,0.16855378448963165,0.7253599166870117,0.35780730843544006
YMR199W,YER161C,0,-4.910231,0.16851042211055756,0.7253599166870117,0.35791805386543274
YMR211W,YML040W,0,-4.9104934,0.16846707463264465,0.7253599166870117,0.3580287992954254
YEL032W,YOR326W,0,-4.910503,0.16842375695705414,0.7253599166870117,0.3581395447254181
YNL219C,YBR293W,0,-4.9107547,0.168380469083786,0.7253599166870117,0.35825029015541077
YNL041C,YMR285C,0,-4.9114785,0.16833718121051788,0.7253599166870117,0.35836100578308105
YLR318W,YLR016C,0,-4.9116054,0.16829393804073334,0.7253599166870117,0.35847175121307373
YBR205W,YNL279W,0,-4.9116673,0.16825070977210999,0.7253599166870117,0.3585824966430664
YLR207W,YDR175C,0,-4.9123816,0.16820749640464783,0.7253599166870117,0.3586932420730591
YBR193C,YCL033C,0,-4.9130287,0.16816431283950806,0.7253599166870117,0.35880398750305176
YMR277W,YKL152C,0,-4.9130826,0.16812114417552948,0.7253599166870117,0.35891473293304443
YDL074C,YJR049C,0,-4.913338,0.1680780053138733,0.7253599166870117,0.3590254783630371
YCR066W,YNL046W,0,-4.9134226,0.1680348962545395,0.7253599166870117,0.3591362237930298
YBL020W,YBL005W-A,0,-4.9138246,0.1679917871952057,0.7253599166870117,0.35924696922302246
YOR371C,YKR046C,0,-4.9139566,0.16794872283935547,0.7253599166870117,0.35935768485069275
YPL022W,YML095C,1,-4.9139695,0.168162003159523,0.7264673113822937,0.35935768485069275
YNL214W,YGR085C,0,-4.914081,0.1681189090013504,0.7264673113822937,0.3594684302806854
YAL040C,YFR051C,0,-4.91427,0.16807584464550018,0.7264673113822937,0.3595791757106781
YNR011C,YPL274W,0,-4.9144745,0.16803278028964996,0.7264673113822937,0.3596899211406708
YLR134W,YHR030C,0,-4.9149766,0.16798976063728333,0.7264673113822937,0.35980066657066345
YOR030W,YDR160W,0,-4.915261,0.16794675588607788,0.7264673113822937,0.35991141200065613
YGL012W,YNL318C,0,-4.91547,0.16790376603603363,0.7264673113822937,0.3600221574306488
YBR217W,YKR046C,0,-4.916573,0.16786079108715057,0.7264673113822937,0.3601329028606415
YDR141C,YIL097W,0,-4.916922,0.1678178608417511,0.7264673113822937,0.36024361848831177
YDR022C,YJR119C,0,-4.9171357,0.16777493059635162,0.7264673113822937,0.36035436391830444
YAL040C,YHR074W,0,-4.9171453,0.16773204505443573,0.7264673113822937,0.3604651093482971
YPL132W,YOL094C,0,-4.91736,0.16768915951251984,0.7264673113822937,0.3605758547782898
YMR083W,YBL034C,0,-4.9175506,0.16764630377292633,0.7264673113822937,0.36068660020828247
YGR008C,YDR018C,0,-4.917995,0.1676034778356552,0.7264673113822937,0.36079734563827515
YML021C,YPL144W,0,-4.918115,0.1675606667995453,0.7264673113822937,0.3609080910682678
YLR214W,YEL057C,0,-4.9184346,0.16751787066459656,0.7264673113822937,0.3610188364982605
YDL099W,YML088W,0,-4.9186997,0.16747510433197021,0.7264673113822937,0.3611295819282532
YCR033W,YHR152W,1,-4.91902,0.16768759489059448,0.7275747656822205,0.3611295819282532
YBR274W,YOR127W,0,-4.9191895,0.16764481365680695,0.7275747656822205,0.36124029755592346
YKL015W,YNL046W,0,-4.9191976,0.1676020473241806,0.7275747656822205,0.36135104298591614
YDR052C,YGR264C,0,-4.9203267,0.16755929589271545,0.7275747656822205,0.3614617884159088
YBR091C,YBL055C,0,-4.92045,0.1675165742635727,0.7275747656822205,0.3615725338459015
YDR448W,YJR049C,0,-4.920603,0.16747386753559113,0.7275747656822205,0.36168327927589417
YLR228C,YBR088C,0,-4.921456,0.16743119060993195,0.7275747656822205,0.36179402470588684
YMR198W,YNL250W,1,-4.9215245,0.16764330863952637,0.7286821603775024,0.36179402470588684
YER112W,YOR049C,0,-4.921536,0.167600616812706,0.7286821603775024,0.3619047701358795
YMR276W,YDL039C,0,-4.921746,0.16755792498588562,0.7286821603775024,0.3620155155658722
YDL134C,YGR013W,0,-4.9223228,0.16751527786254883,0.7286821603775024,0.3621262311935425
YJR155W,YJR042W,0,-4.9228935,0.16747264564037323,0.7286821603775024,0.36223697662353516
YNL145W,YEL065W,0,-4.923161,0.16743002831935883,0.7286821603775024,0.36234772205352783
YLR353W,YDR153C,0,-4.9240556,0.16738742589950562,0.7286821603775024,0.3624584674835205
YDR443C,YHR214C-B,0,-4.9242263,0.167344868183136,0.7286821603775024,0.3625692129135132
YBR040W,YGR007W,0,-4.924278,0.16730231046676636,0.7286821603775024,0.36267995834350586
YOL094C,YJR120W,0,-4.924601,0.16725978255271912,0.7286821603775024,0.36279070377349854
YLR238W,YDR489W,0,-4.924856,0.16721728444099426,0.7286821603775024,0.3629014492034912
YGR081C,YKR089C,0,-4.925525,0.1671748012304306,0.7286821603775024,0.3630121946334839
YMR167W,YER095W,1,-4.9255404,0.16738633811473846,0.7297896146774292,0.3630121946334839
YDL077C,YJR120W,0,-4.926275,0.16734382510185242,0.7297896146774292,0.3631229102611542
YCR098C,YBL075C,0,-4.926628,0.16730134189128876,0.7297896146774292,0.36323365569114685
YLR231C,YDR394W,0,-4.926793,0.16725888848304749,0.7297896146774292,0.3633444011211395
YBR217W,YDR259C,0,-4.926906,0.1672164499759674,0.7297896146774292,0.3634551465511322
YLR399C,YDR446W,1,-4.9271474,0.16742770373821259,0.7308970093727112,0.3634551465511322
YGR094W,YHR214C-B,0,-4.92715,0.16738523542881012,0.7308970093727112,0.3635658919811249
YNR035C,YBR228W,0,-4.927185,0.16734279692173004,0.7308970093727112,0.36367663741111755
YKL186C,YNR011C,0,-4.927196,0.16730037331581116,0.7308970093727112,0.36378738284111023
YGL039W,YMR046C,0,-4.927286,0.16725797951221466,0.7308970093727112,0.3638981282711029
YMR276W,YJR120W,0,-4.9274783,0.16721560060977936,0.7308970093727112,0.3640088737010956
YKR009C,YBR088C,0,-4.927987,0.16717325150966644,0.7308970093727112,0.36411958932876587
YKR048C,YGR013W,0,-4.9282413,0.16713091731071472,0.7308970093727112,0.36423033475875854
YGR166W,YGR122W,0,-4.9286547,0.1670886129140854,0.7308970093727112,0.3643410801887512
YOR032C,YGL136C,0,-4.928657,0.16704632341861725,0.7308970093727112,0.3644518256187439
YDR450W,YDR389W,0,-4.92936,0.1670040488243103,0.7308970093727112,0.3645625710487366
YER054C,YDR166C,0,-4.9296665,0.16696180403232574,0.7308970093727112,0.36467331647872925
YDR518W,YOR295W,0,-4.929872,0.16691957414150238,0.7308970093727112,0.3647840619087219
YIL033C,YNL225C,0,-4.9300437,0.1668773740530014,0.7308970093727112,0.3648948073387146
YKL192C,YBL034C,0,-4.9300575,0.16683518886566162,0.7308970093727112,0.3650055229663849
YJL003W,YML045W,0,-4.9305096,0.16679301857948303,0.7308970093727112,0.36511626839637756
YMR211W,YIL048W,0,-4.930514,0.16675087809562683,0.7308970093727112,0.36522701382637024
YPL170W,YML045W,0,-4.9310713,0.16670876741409302,0.7308970093727112,0.3653377592563629
YFR024C-A,YMR087W,0,-4.9314775,0.1666666716337204,0.7308970093727112,0.3654485046863556
YMR068W,YOR274W,0,-4.9316144,0.16662459075450897,0.7308970093727112,0.36555925011634827
YOR014W,YJL074C,1,-4.9316516,0.16683493554592133,0.7320044040679932,0.36555925011634827
YLR353W,YLR069C,0,-4.93197,0.1667928397655487,0.7320044040679932,0.36566999554634094
YDL085W,YOR049C,0,-4.932232,0.16675075888633728,0.7320044040679932,0.3657807409763336
YDR363W,YOR027W,0,-4.93241,0.16670870780944824,0.7320044040679932,0.3658914864063263
YNL042W,YJL011C,0,-4.9324107,0.1666666716337204,0.7320044040679932,0.3660022020339966
YDR188W,YMR287C,0,-4.9325,0.16662465035915375,0.7320044040679932,0.36611294746398926
YKL192C,YMR101C,0,-4.9334617,0.16658265888690948,0.7320044040679932,0.36622369289398193
YNR044W,YDR254W,0,-4.9343276,0.1665406972169876,0.7320044040679932,0.3663344383239746
YLR238W,YML040W,0,-4.934628,0.16649873554706573,0.7320044040679932,0.3664451837539673
YNL271C,YNL113W,0,-4.934866,0.16645681858062744,0.7320044040679932,0.36655592918395996
YJR069C,YML045W,0,-4.9352937,0.16641490161418915,0.7320044040679932,0.36666667461395264
YGL169W,YCL020W,0,-4.935411,0.16637301445007324,0.7320044040679932,0.3667774200439453
YDL134C,YDL077C,0,-4.936117,0.16633115708827972,0.7320044040679932,0.366888165473938
YDR141C,YNL251C,0,-4.9367123,0.1662893146276474,0.7320044040679932,0.3669988811016083
YBR296C,YLR312C-B,0,-4.9368687,0.16624748706817627,0.7320044040679932,0.36710962653160095
YGR119C,YHL011C,0,-4.936892,0.16620568931102753,0.7320044040679932,0.36722037196159363
YLR186W,YEL057C,0,-4.936892,0.16616390645503998,0.7320044040679932,0.3673311173915863
YBR274W,YDR296W,0,-4.93694,0.16612213850021362,0.7320044040679932,0.367441862821579
YDL231C,YER038C,0,-4.937012,0.16608040034770966,0.7320044040679932,0.36755260825157166
YHR015W,YOR315W,0,-4.9370637,0.16603867709636688,0.7320044040679932,0.36766335368156433
YDR407C,YMR087W,0,-4.9372945,0.1659969836473465,0.7320044040679932,0.367774099111557
YNL278W,YPL221W,0,-4.937679,0.1659553050994873,0.7320044040679932,0.3678848147392273
YHR055C,YDL085W,0,-4.937822,0.1659136563539505,0.7320044040679932,0.36799556016921997
YKL170W,YGR122W,0,-4.937964,0.1658720225095749,0.7320044040679932,0.36810630559921265
YDR141C,YDR300C,0,-4.9383497,0.16583040356636047,0.7320044040679932,0.3682170510292053
YLR002C,YNL046W,0,-4.9384365,0.16578881442546844,0.7320044040679932,0.368327796459198
YDL231C,YPL283C,0,-4.9386544,0.1657472401857376,0.7320044040679932,0.3684385418891907
YHR114W,YFL059W,0,-4.9391685,0.16570569574832916,0.7320044040679932,0.36854928731918335
YGR108W,YDR446W,1,-4.9403577,0.16591478884220123,0.7331118583679199,0.36854928731918335
YHR120W,YDL130W-A,0,-4.9404483,0.1658732146024704,0.7331118583679199,0.368660032749176
YLL003W,YOL138C,0,-4.941012,0.16583167016506195,0.7331118583679199,0.3687707781791687
YCL001W,YDR443C,0,-4.941699,0.1657901257276535,0.7331118583679199,0.368881493806839
YER119C,YAL021C,0,-4.942873,0.16574862599372864,0.7331118583679199,0.36899223923683167
YJL093C,YOR162C,0,-4.943129,0.16570714116096497,0.7331118583679199,0.36910298466682434
YFR046C,YPL193W,0,-4.943233,0.1656656712293625,0.7331118583679199,0.369213730096817
YCR033W,YLR234W,1,-4.9434013,0.1658744066953659,0.7342192530632019,0.369213730096817
YBL025W,YJL156C,0,-4.9435062,0.16583292186260223,0.7342192530632019,0.3693244755268097
YBR133C,YNL046W,0,-4.9437265,0.16579145193099976,0.7342192530632019,0.36943522095680237
YNL278W,YOR326W,0,-4.9437346,0.16574999690055847,0.7342192530632019,0.36954596638679504
YCL039W,YIL075C,0,-4.9438033,0.16570857167243958,0.7342192530632019,0.3696567118167877
YER095W,YJL074C,1,-4.943912,0.1659170389175415,0.7353267073631287,0.3696567118167877
YLR353W,YIL042C,0,-4.9439588,0.1658755987882614,0.7353267073631287,0.369767427444458
YBR217W,YDR123C,0,-4.9440722,0.16583415865898132,0.7353267073631287,0.3698781728744507
YMR188C,YCL010C,0,-4.9449306,0.16579276323318481,0.7353267073631287,0.36998891830444336
YPL170W,YBR040W,0,-4.944964,0.1657513678073883,0.7353267073631287,0.37009966373443604
YNL059C,YMR101C,0,-4.945189,0.16571000218391418,0.7353267073631287,0.3702104091644287
YPL022W,YOR014W,1,-4.9455457,0.16591815650463104,0.7364341020584106,0.3702104091644287
YDR300C,YBR228W,0,-4.946277,0.16587677597999573,0.7364341020584106,0.3703211545944214
YLL041C,YNL046W,0,-4.9464064,0.1658354103565216,0.7364341020584106,0.37043190002441406
YNR034W,YLR386W,0,-4.9466987,0.16579405963420868,0.7364341020584106,0.37054264545440674
YPL022W,YCR033W,1,-4.946953,0.16600199043750763,0.7375415563583374,0.37054264545440674
YGL025C,YJR120W,0,-4.9469576,0.1659606248140335,0.7375415563583374,0.3706533908843994
YMR220W,YNL046W,0,-4.947174,0.16591928899288177,0.7375415563583374,0.3707641065120697
YMR060C,YOL028C,0,-4.9475827,0.16587795317173004,0.7375415563583374,0.3708748519420624
YGR121C,YLR002C,0,-4.947683,0.1658366471529007,0.7375415563583374,0.37098559737205505
YJR144W,YGR133W,0,-4.948177,0.16579537093639374,0.7375415563583374,0.37109634280204773
YMR277W,YOR274W,0,-4.9482813,0.16575410962104797,0.7375415563583374,0.3712070882320404
YPL051W,YLR368W,0,-4.9483914,0.1657128632068634,0.7375415563583374,0.3713178336620331
YOR032C,YKL051W,0,-4.948393,0.16567164659500122,0.7375415563583374,0.37142857909202576
YNL006W,YDR243C,0,-4.9487276,0.16563044488430023,0.7375415563583374,0.37153932452201843
YLR429W,YDR018C,0,-4.949061,0.16558925807476044,0.7375415563583374,0.3716500699520111
YDR420W,YBL103C,0,-4.9492493,0.16554810106754303,0.7375415563583374,0.3717607855796814
YML034W,YJR120W,0,-4.949323,0.16550695896148682,0.7375415563583374,0.3718715310096741
YLR155C,YDR489W,0,-4.949494,0.1654658317565918,0.7375415563583374,0.37198227643966675
YCL039W,YGR091W,0,-4.949536,0.16542473435401917,0.7375415563583374,0.3720930218696594
YLR399C,YBR136W,1,-4.949611,0.1656319797039032,0.7386489510536194,0.3720930218696594
YBR272C,YMR218C,0,-4.949851,0.16559086740016937,0.7386489510536194,0.3722037672996521
YMR043W,YDL039C,0,-4.9499135,0.16554976999759674,0.7386489510536194,0.3723145127296448
YLR318W,YKL176C,0,-4.9501886,0.1655086874961853,0.7386489510536194,0.37242525815963745
YKL182W,YDL030W,0,-4.9502797,0.16546761989593506,0.7386489510536194,0.3725360035896301
YMR276W,YNL279W,0,-4.950301,0.1654265820980072,0.7386489510536194,0.3726467192173004
YDR188W,YNR064C,0,-4.950409,0.16538557410240173,0.7386489510536194,0.3727574646472931
YGR008C,YDL244W,0,-4.950527,0.16534456610679626,0.7386489510536194,0.37286821007728577
YLR114C,YJL045W,0,-4.9511027,0.16530358791351318,0.7386489510536194,0.37297895550727844
YLR214W,YKR048C,0,-4.9511437,0.1652626395225525,0.7386489510536194,0.3730897009372711
YDL004W,YOR250C,0,-4.951199,0.165221706032753,0.7386489510536194,0.3732004463672638
YBL014C,YPL218W,0,-4.9514213,0.16518078744411469,0.7386489510536194,0.37331119179725647
YPL117C,YDR201W,0,-4.9517674,0.16513988375663757,0.7386489510536194,0.37342193722724915
YMR199W,YBR060C,0,-4.952177,0.16509900987148285,0.7386489510536194,0.3735326826572418
YDR216W,YDL231C,0,-4.952294,0.16505815088748932,0.7386489510536194,0.3736433982849121
YGL025C,YGR143W,0,-4.952463,0.16501732170581818,0.7386489510536194,0.3737541437149048
YFR008W,YJL061W,0,-4.9524875,0.16497650742530823,0.7386489510536194,0.37386488914489746
YDL115C,YJL074C,1,-4.9526935,0.16518299281597137,0.7397563457489014,0.37386488914489746
YGR013W,YOR332W,0,-4.9529595,0.16514214873313904,0.7397563457489014,0.37397563457489014
YER053C,YPL032C,0,-4.953126,0.1651013344526291,0.7397563457489014,0.3740863800048828
YMR167W,YNL025C,1,-4.9531674,0.1653076410293579,0.7408638000488281,0.3740863800048828
YKR036C,YGR036C,0,-4.953811,0.16526679694652557,0.7408638000488281,0.3741971254348755
YJL089W,YHR214C-B,0,-4.954406,0.16522598266601562,0.7408638000488281,0.37430787086486816
YIL149C,YPL097W,0,-4.954466,0.16518518328666687,0.7408638000488281,0.37441861629486084
YGL163C,YKL051W,0,-4.9545407,0.1651444137096405,0.7408638000488281,0.37452933192253113
YJR155W,YBL103C,0,-4.955377,0.16510365903377533,0.7408638000488281,0.3746400773525238
YGL054C,YDR330W,0,-4.956014,0.16506291925907135,0.7408638000488281,0.3747508227825165
YPR119W,YGL150C,0,-4.9562163,0.16502219438552856,0.7408638000488281,0.37486156821250916
YHR120W,YOR162C,0,-4.9568534,0.16498149931430817,0.7408638000488281,0.37497231364250183
YOR266W,YML088W,0,-4.9569902,0.16494083404541016,0.7408638000488281,0.3750830590724945
YER174C,YMR293C,0,-4.957106,0.16490016877651215,0.7408638000488281,0.3751938045024872
YAL053W,YNL145W,0,-4.957237,0.16485953330993652,0.7408638000488281,0.37530454993247986
YBR202W,YKL073W,0,-4.957738,0.1648189276456833,0.7408638000488281,0.37541529536247253
YFR046C,YNL206C,0,-4.9581237,0.16477832198143005,0.7408638000488281,0.3755260109901428
YLR223C,YDR353W,0,-4.959279,0.1647377461194992,0.7408638000488281,0.3756367564201355
YLR014C,YMR243C,0,-4.9594855,0.16469720005989075,0.7408638000488281,0.3757475018501282
YKR028W,YBR175W,0,-4.959617,0.1646566540002823,0.7408638000488281,0.37585824728012085
YDR201W,YOR132W,0,-4.959617,0.16461613774299622,0.7408638000488281,0.3759689927101135
YIL167W,YGL255W,0,-4.9601426,0.16457565128803253,0.7408638000488281,0.3760797381401062
YGL019W,YGR145W,0,-4.9615617,0.16453516483306885,0.7408638000488281,0.3761904835700989
YOR147W,YLL002W,0,-4.961576,0.16449470818042755,0.7408638000488281,0.37630122900009155
YDR518W,YGR122W,0,-4.961719,0.16445428133010864,0.7408638000488281,0.37641197443008423
YDR356W,YEL002C,0,-4.9617257,0.16441385447978973,0.7408638000488281,0.3765226900577545
YNL219C,YLR145W,0,-4.9626193,0.1643734574317932,0.7408638000488281,0.3766334354877472
YKL170W,YDR103W,0,-4.9630976,0.16433309018611908,0.7408638000488281,0.37674418091773987
YJL014W,YCL069W,0,-4.963329,0.16429273784160614,0.7408638000488281,0.37685492634773254
YFR021W,YMR314W,0,-4.964013,0.1642524003982544,0.7408638000488281,0.3769656717777252
YKR056W,YJR120W,0,-4.964355,0.16421207785606384,0.7408638000488281,0.3770764172077179
YOL112W,YML021C,0,-4.964748,0.16417178511619568,0.7408638000488281,0.37718716263771057
YJR089W,YKR062W,0,-4.9650025,0.1641315072774887,0.7408638000488281,0.37729790806770325
YPL001W,YGL097W,0,-4.965218,0.16409124433994293,0.7408638000488281,0.37740862369537354
YBR217W,YBR082C,0,-4.965272,0.16405101120471954,0.7408638000488281,0.3775193691253662
YKR022C,YJL045W,0,-4.965309,0.16401079297065735,0.7408638000488281,0.3776301145553589
YBR090C-A,YLR181C,0,-4.965389,0.16397058963775635,0.7408638000488281,0.37774085998535156
YBR102C,YBR090C-A,0,-4.966862,0.16393041610717773,0.7408638000488281,0.37785160541534424
YLR318W,YHR154W,0,-4.9675965,0.16389024257659912,0.7408638000488281,0.3779623508453369
YPL212C,YGL244W,0,-4.967774,0.1638501137495041,0.7408638000488281,0.3780730962753296
YJL178C,YNL214W,0,-4.967986,0.16380998492240906,0.7408638000488281,0.37818384170532227
YPL159C,YBR198C,0,-4.9686112,0.1637698858976364,0.7408638000488281,0.37829458713531494
YDR150W,YPR190C,0,-4.9691586,0.16372980177402496,0.7408638000488281,0.37840530276298523
YMR199W,YLR401C,0,-4.969607,0.1636897474527359,0.7408638000488281,0.3785160481929779
YOL044W,YIL082W-A,0,-4.96995,0.16364970803260803,0.7408638000488281,0.3786267936229706
YPR030W,YOR356W,0,-4.97046,0.16360968351364136,0.7408638000488281,0.37873753905296326
YJL014W,YDR018C,0,-4.970698,0.16356968879699707,0.7408638000488281,0.37884828448295593
YJL146W,YML095C,1,-4.9711413,0.16377413272857666,0.7419711947441101,0.37884828448295593
YOL115W,YGL207W,0,-4.971244,0.16373410820960999,0.7419711947441101,0.3789590299129486
YBR072W,YJR119C,0,-4.971378,0.1636941134929657,0.7419711947441101,0.3790697753429413
YOR109W,YDR443C,0,-4.971401,0.1636541336774826,0.7419711947441101,0.37918052077293396
YOL071W,YPL020C,0,-4.971783,0.1636141687631607,0.7419711947441101,0.37929126620292664
YOR326W,YDL194W,0,-4.972083,0.16357421875,0.7419711947441101,0.3794019818305969
YJR078W,YHR086W,0,-4.9721565,0.16353429853916168,0.7419711947441101,0.3795127272605896
YOR315W,YEL057C,0,-4.9724145,0.16349439322948456,0.7419711947441101,0.3796234726905823
YIL065C,YKR089C,0,-4.9724965,0.16345450282096863,0.7419711947441101,0.37973421812057495
YDR518W,YPL159C,0,-4.972917,0.1634146273136139,0.7419711947441101,0.3798449635505676
YER016W,YNR039C,0,-4.9729657,0.16337478160858154,0.7419711947441101,0.3799557089805603
YNL041C,YIL031W,0,-4.9733233,0.16333496570587158,0.7419711947441101,0.380066454410553
YDL190C,YNL046W,0,-4.973608,0.16329514980316162,0.7419711947441101,0.38017719984054565
YMR161W,YKL170W,0,-4.9738946,0.16325536370277405,0.7419711947441101,0.38028791546821594
YDR358W,YIL016W,0,-4.9741125,0.16321559250354767,0.7419711947441101,0.3803986608982086
YMR173W,YOR373W,0,-4.9745793,0.16317583620548248,0.7419711947441101,0.3805094063282013
YOR094W,YBR090C-A,0,-4.9754453,0.16313610970973969,0.7419711947441101,0.38062015175819397
YAL051W,YGR281W,0,-4.9758973,0.16309639811515808,0.7419711947441101,0.38073089718818665
YPR019W,YDR017C,0,-4.975933,0.16305670142173767,0.7419711947441101,0.3808416426181793
YMR198W,YJL074C,1,-4.9763746,0.1632603406906128,0.7430786490440369,0.3808416426181793
YOR371C,YOL151W,0,-4.9764304,0.1632206290960312,0.7430786490440369,0.380952388048172
YLR095C,YOR162C,0,-4.976467,0.16318093240261078,0.7430786490440369,0.3810631334781647
YBL019W,YFR051C,0,-4.976783,0.16314126551151276,0.7430786490440369,0.38117387890815735
YCR082W,YJR120W,0,-4.9768243,0.16310159862041473,0.7430786490440369,0.38128459453582764
YER133W,YOR313C,1,-4.9770803,0.16330498456954956,0.7441860437393188,0.38128459453582764
YPL049C,YIL013C,0,-4.9778695,0.16326530277729034,0.7441860437393188,0.3813953399658203
YEL050C,YKR101W,0,-4.9788036,0.16322565078735352,0.7441860437393188,0.381506085395813
YHL006C,YNL046W,0,-4.9800115,0.16318601369857788,0.7441860437393188,0.38161683082580566
YER116C,YBL005W-A,0,-4.9801874,0.16314639151096344,0.7441860437393188,0.38172757625579834
YGL245W,YNR059W,0,-4.980429,0.1631067991256714,0.7441860437393188,0.381838321685791
YPL076W,YJL094C,0,-4.9805512,0.16306722164154053,0.7441860437393188,0.3819490671157837
YKR056W,YLR301W,0,-4.98222,0.16302765905857086,0.7441860437393188,0.38205981254577637
YFR024C-A,YKR022C,0,-4.9822392,0.1629881113767624,0.7441860437393188,0.38217052817344666
YGR133W,YIL114C,0,-4.98227,0.1629485934972763,0.7441860437393188,0.38228127360343933
YMR167W,YPR078C,1,-4.9824653,0.16315151751041412,0.7452934384346008,0.38228127360343933
YOL051W,YJL045W,0,-4.982583,0.16311196982860565,0.7452934384346008,0.382392019033432
YDR324C,YJL045W,0,-4.9826493,0.16307245194911957,0.7452934384346008,0.3825027644634247
YLR131C,YML004C,0,-4.983022,0.16303294897079468,0.7452934384346008,0.38261350989341736
YIR006C,YGL039W,0,-4.9834437,0.16299346089363098,0.7452934384346008,0.38272425532341003
YMR211W,YHR086W,0,-4.9840436,0.16295398771762848,0.7452934384346008,0.3828350007534027
YIL040W,YBR202W,0,-4.984754,0.16291454434394836,0.7452934384346008,0.3829457461833954
YGL012W,YMR087W,0,-4.9850335,0.16287511587142944,0.7452934384346008,0.38305649161338806
YKL135C,YCL033C,0,-4.985558,0.1628357172012329,0.7452934384346008,0.38316720724105835
YLR016C,YDL190C,0,-4.98581,0.16279631853103638,0.7452934384346008,0.383277952671051
YHL002W,YMR156C,0,-4.986026,0.16275694966316223,0.7452934384346008,0.3833886981010437
YER119C,YBL063W,0,-4.986341,0.16271759569644928,0.7452934384346008,0.3834994435310364
YMR287C,YLL022C,0,-4.9864216,0.16267827153205872,0.7452934384346008,0.38361018896102905
YDR175C,YOR356W,0,-4.986684,0.16263896226882935,0.7452934384346008,0.38372093439102173
YKL110C,YOR308C,0,-4.9874444,0.16259966790676117,0.7452934384346008,0.3838316798210144
YFL056C,YDR464W,0,-4.987614,0.1625603884458542,0.7452934384346008,0.3839424252510071
YPR019W,YJL156C,0,-4.9881153,0.1625211238861084,0.7452934384346008,0.38405317068099976
YKL170W,YGL169W,0,-4.988376,0.162481889128685,0.7452934384346008,0.38416388630867004
YBL008W,YDR018C,0,-4.988686,0.1624426692724228,0.7452934384346008,0.3842746317386627
YGR140W,YDL130W-A,0,-4.9890475,0.16240347921848297,0.7452934384346008,0.3843853771686554
YLR069C,YJL089W,0,-4.9891553,0.16236428916454315,0.7452934384346008,0.38449612259864807
YMR173W,YML091C,0,-4.989465,0.16232512891292572,0.7452934384346008,0.38460686802864075
YLR401C,YOR069W,0,-4.9897637,0.16228598356246948,0.7452934384346008,0.3847176134586334
YCR028C-A,YDR389W,0,-4.9911904,0.16224686801433563,0.7452934384346008,0.3848283588886261
YGL021W,YMR161W,0,-4.991901,0.16220776736736298,0.7452934384346008,0.3849391043186188
YKL192C,YLL003W,0,-4.9919133,0.1621686816215515,0.7452934384346008,0.38504981994628906
YOR315W,YMR293C,0,-4.992184,0.16212961077690125,0.7452934384346008,0.38516056537628174
YOR056C,YHL006C,0,-4.992355,0.16209055483341217,0.7452934384346008,0.3852713108062744
YLR131C,YLL034C,0,-4.9947486,0.16205152869224548,0.7452934384346008,0.3853820562362671
YOL165C,YAR007C,0,-4.9947762,0.16201251745224,0.7452934384346008,0.38549280166625977
YJR089W,YDR300C,0,-4.994949,0.1619735211133957,0.7452934384346008,0.38560354709625244
YJL001W,YMR087W,0,-4.995085,0.16193455457687378,0.7452934384346008,0.3857142925262451
YJL094C,YOR157C,0,-4.9953046,0.16189560294151306,0.7452934384346008,0.3858250379562378
YMR068W,YHR191C,0,-4.996198,0.16185666620731354,0.7452934384346008,0.38593578338623047
YFL039C,YMR220W,0,-4.996438,0.1618177443742752,0.7452934384346008,0.38604649901390076
YCL017C,YDR435C,0,-4.996635,0.16177885234355927,0.7452934384346008,0.38615724444389343
YPR034W,YGR006W,0,-4.9967837,0.16173996031284332,0.7452934384346008,0.3862679898738861
YOR224C,YMR101C,0,-4.9975333,0.16170109808444977,0.7452934384346008,0.3863787353038788
YJR050W,YDL033C,0,-4.997745,0.1616622656583786,0.7452934384346008,0.38648948073387146
YKL074C,YKR089C,0,-4.9977746,0.16162343323230743,0.7452934384346008,0.38660022616386414
YHR072W,YBL008W,0,-4.9979653,0.16158463060855865,0.7452934384346008,0.3867109715938568
YNR035C,YMR277W,0,-4.9984155,0.16154584288597107,0.7452934384346008,0.3868217170238495
YBR072W,YIL017C,0,-4.99898,0.16150708496570587,0.7452934384346008,0.3869324326515198
YIL098C,YOR147W,0,-4.999026,0.16146832704544067,0.7452934384346008,0.38704317808151245
YDR529C,YDR457W,0,-4.999452,0.16142959892749786,0.7452934384346008,0.3871539235115051
YGR081C,YDR018C,0,-4.9997554,0.16139088571071625,0.7452934384346008,0.3872646689414978
YDR160W,YML040W,0,-4.999808,0.16135218739509583,0.7452934384346008,0.3873754143714905
YAL017W,YKL108W,0,-4.999924,0.1613135188817978,0.7452934384346008,0.38748615980148315
YEL015W,YMR277W,0,-5.000504,0.16127486526966095,0.7452934384346008,0.38759690523147583
YLR069C,YDL044C,0,-5.0012746,0.1612362265586853,0.7452934384346008,0.3877076506614685
YNR017W,YLR371W,0,-5.0013905,0.16119760274887085,0.7452934384346008,0.3878183960914612
YJR007W,YEL057C,0,-5.0014,0.16115900874137878,0.7452934384346008,0.38792911171913147
YLR353W,YKL176C,0,-5.0020413,0.16112041473388672,0.7452934384346008,0.38803985714912415
YNR044W,YNR039C,0,-5.0025916,0.16108185052871704,0.7452934384346008,0.3881506025791168
YOR147W,YCR024C-A,0,-5.002833,0.16104331612586975,0.7452934384346008,0.3882613480091095
YOL165C,YIL082W-A,0,-5.002834,0.16100478172302246,0.7452934384346008,0.3883720934391022
YDL033C,YGL207W,0,-5.0030518,0.16096627712249756,0.7452934384346008,0.38848283886909485
YOL042W,YDR435C,0,-5.003074,0.16092778742313385,0.7452934384346008,0.3885935842990875
YDL040C,YHR214C-B,0,-5.0032263,0.16088931262493134,0.7452934384346008,0.3887043297290802
YAL033W,YJL168C,0,-5.003429,0.1608508676290512,0.7452934384346008,0.3888150751590729
YEL018W,YDR385W,0,-5.0050063,0.16081242263317108,0.7452934384346008,0.38892579078674316
YDR017C,YHR091C,0,-5.0067887,0.16077400743961334,0.7452934384346008,0.38903653621673584
YBL024W,YBL025W,0,-5.0073657,0.1607356071472168,0.7452934384346008,0.3891472816467285
YOL060C,YAR010C,0,-5.0078235,0.16069723665714264,0.7452934384346008,0.3892580270767212
YJL024C,YGR002C,0,-5.0080237,0.16065886616706848,0.7452934384346008,0.38936877250671387
YIR017C,YDL085W,0,-5.0096745,0.1606205254793167,0.7452934384346008,0.38947951793670654
YAL013W,YDL212W,0,-5.009832,0.16058219969272614,0.7452934384346008,0.3895902633666992
YAL040C,YIL042C,0,-5.009849,0.16054388880729675,0.7452934384346008,0.3897010087966919
YDR160W,YJR026W,0,-5.011181,0.16050560772418976,0.7452934384346008,0.3898117244243622
YDR093W,YPL159C,0,-5.0112433,0.16046734154224396,0.7452934384346008,0.38992246985435486
YER133W,YLR234W,1,-5.011377,0.16066746413707733,0.7464008927345276,0.38992246985435486
YHR197W,YNR064C,0,-5.011554,0.16062916815280914,0.7464008927345276,0.39003321528434753
YPR135W,YMR319C,0,-5.011786,0.16059090197086334,0.7464008927345276,0.3901439607143402
YLR095C,YPL096W,0,-5.0117955,0.16055265069007874,0.7464008927345276,0.3902547061443329
YKR019C,YAR010C,0,-5.0118756,0.16051441431045532,0.7464008927345276,0.39036545157432556
YMR316W,YDR416W,0,-5.0123754,0.1604761928319931,0.7464008927345276,0.39047619700431824
YOL060C,YJR126C,0,-5.012647,0.16043798625469208,0.7464008927345276,0.3905869424343109
YOR198C,YPR078C,1,-5.012758,0.16063779592514038,0.7475082874298096,0.3905869424343109
YLR401C,YLR214W,0,-5.012998,0.16059957444667816,0.7475082874298096,0.3906976878643036
YPL132W,YCR014C,0,-5.013277,0.16056136786937714,0.7475082874298096,0.3908084034919739
YHR154W,YDR077W,0,-5.0139604,0.1605231910943985,0.7475082874298096,0.39091914892196655
YPR124W,YLR095C,0,-5.014199,0.16048501431941986,0.7475082874298096,0.39102989435195923
YCR098C,YML040W,0,-5.014213,0.1604468673467636,0.7475082874298096,0.3911406397819519
YJR119C,YGL210W,0,-5.0143685,0.16040875017642975,0.7475082874298096,0.3912513852119446
YFL033C,YNL025C,1,-5.0144577,0.1606082171201706,0.7486157417297363,0.3912513852119446
YGR213C,YKR056W,0,-5.0145245,0.16057007014751434,0.7486157417297363,0.39136213064193726
YMR319C,YMR046C,0,-5.014671,0.1605319380760193,0.7486157417297363,0.39147287607192993
YDR254W,YPL218W,0,-5.0147843,0.16049382090568542,0.7486157417297363,0.3915836215019226
YLR114C,YDR363W,0,-5.0150137,0.16045573353767395,0.7486157417297363,0.3916943669319153
YER119C,YMR199W,0,-5.0151763,0.16041766107082367,0.7486157417297363,0.39180508255958557
YEL009C,YLR016C,0,-5.0155025,0.16037960350513458,0.7486157417297363,0.39191582798957825
YMR068W,YDR464W,0,-5.016395,0.1603415608406067,0.7486157417297363,0.3920265734195709
YCR024C-A,YLR181C,0,-5.016596,0.16030353307724,0.7486157417297363,0.3921373188495636
YPR128C,YLL002W,0,-5.0167036,0.16026553511619568,0.7486157417297363,0.3922480642795563
YKL019W,YGR085C,0,-5.017019,0.16022753715515137,0.7486157417297363,0.39235880970954895
YKR036C,YIL076W,0,-5.0172434,0.16018956899642944,0.7486157417297363,0.3924695551395416
YKL051W,YFL002W-A,0,-5.017464,0.1601516157388687,0.7486157417297363,0.3925803005695343
YCR066W,YGL100W,0,-5.01763,0.16011369228363037,0.7486157417297363,0.3926910161972046
YBL019W,YLR069C,0,-5.017777,0.16007576882839203,0.7486157417297363,0.39280176162719727
YLR370C,YGL166W,0,-5.017906,0.16003787517547607,0.7486157417297363,0.39291250705718994
YBR133C,YNL138W,0,-5.0182414,0.1599999964237213,0.7486157417297363,0.3930232524871826
YIR019C,YJL190C,0,-5.018266,0.15996213257312775,0.7486157417297363,0.3931339979171753
YNL286W,YPL144W,0,-5.0194716,0.15992429852485657,0.7486157417297363,0.39324474334716797
YDR093W,YLL003W,0,-5.0196342,0.1598864644765854,0.7486157417297363,0.39335548877716064
YJR050W,YEL031W,0,-5.0197177,0.1598486602306366,0.7486157417297363,0.3934662342071533
YPL049C,YBR294W,0,-5.0201917,0.159810870885849,0.7486157417297363,0.393576979637146
YDR036C,YOR127W,0,-5.0204806,0.1597730964422226,0.7486157417297363,0.3936876952648163
YPL228W,YPL007C,0,-5.0207276,0.15973535180091858,0.7486157417297363,0.39379844069480896
YDR420W,YDL030W,0,-5.021283,0.15969760715961456,0.7486157417297363,0.39390918612480164
YJR119C,YOR127W,0,-5.021793,0.15965989232063293,0.7486157417297363,0.3940199315547943
YGR091W,YBR097W,0,-5.0225267,0.1596221923828125,0.7486157417297363,0.394130676984787
YMR137C,YJR026W,0,-5.0227413,0.15958450734615326,0.7486157417297363,0.39424142241477966
YCL051W,YPR178W,0,-5.022773,0.1595468521118164,0.7486157417297363,0.39435216784477234
YAL021C,YPL237W,0,-5.0229573,0.15950919687747955,0.7486157417297363,0.394462913274765
YFL056C,YJL134W,0,-5.02309,0.1594715714454651,0.7486157417297363,0.3945736289024353
YJL192C,YOR295W,0,-5.023321,0.15943396091461182,0.7486157417297363,0.394684374332428
YDL115C,YPL139C,1,-5.024142,0.15963216125965118,0.7497231364250183,0.394684374332428
YJL168C,YGR143W,0,-5.024258,0.15959453582763672,0.7497231364250183,0.39479511976242065
YPR124W,YJR026W,0,-5.025362,0.15955691039562225,0.7497231364250183,0.39490586519241333
YNL219C,YLL009C,0,-5.0253987,0.15951931476593018,0.7497231364250183,0.395016610622406
YOR168W,YGL244W,0,-5.0261106,0.15948174893856049,0.7497231364250183,0.3951273560523987
YGR121C,YPR131C,0,-5.026177,0.1594441831111908,0.7497231364250183,0.39523810148239136
YAL040C,YOL051W,0,-5.026218,0.1594066470861435,0.7497231364250183,0.39534884691238403
YKL032C,YLR016C,0,-5.0262895,0.1593691110610962,0.7497231364250183,0.3954595923423767
YDL216C,YOL138C,0,-5.0292277,0.15933160483837128,0.7497231364250183,0.395570307970047
YER133W,YDR285W,1,-5.0295243,0.1595294177532196,0.7508305907249451,0.395570307970047
YKR072C,YGR281W,0,-5.0302567,0.1594918817281723,0.7508305907249451,0.3956810534000397
YCR033W,YNL025C,1,-5.030496,0.15968956053256989,0.751937985420227,0.3956810534000397
YHR067W,YJR119C,0,-5.0311866,0.1596520096063614,0.751937985420227,0.39579179883003235
YLR014C,YGR197C,0,-5.031651,0.1596144735813141,0.751937985420227,0.395902544260025
YOR011W,YPL049C,0,-5.0316796,0.15957696735858917,0.751937985420227,0.3960132896900177
YGR104C,YBL034C,0,-5.031693,0.15953947603702545,0.751937985420227,0.3961240351200104
YOR032C,YGR078C,0,-5.031822,0.15950199961662292,0.751937985420227,0.39623478055000305
YML116W,YNL293W,0,-5.031941,0.1594645380973816,0.751937985420227,0.3963455259799957
YLR328W,YGR122W,0,-5.032064,0.15942709147930145,0.751937985420227,0.3964562714099884
YJL178C,YKR022C,0,-5.032944,0.1593896746635437,0.751937985420227,0.3965669870376587
YBL005W,YPL157W,0,-5.0332627,0.15935225784778595,0.751937985420227,0.39667773246765137
YGL119W,YKL182W,0,-5.033319,0.15931487083435059,0.751937985420227,0.39678847789764404
YOR023C,YGR122W,0,-5.033635,0.15927749872207642,0.751937985420227,0.3968992233276367
YDR022C,YLR228C,0,-5.034019,0.15924015641212463,0.751937985420227,0.3970099687576294
YPL155C,YMR088C,0,-5.034452,0.15920281410217285,0.751937985420227,0.39712071418762207
YJR119C,YPR074C,0,-5.0351567,0.15916550159454346,0.751937985420227,0.39723145961761475
YER174C,YDL030W,0,-5.0357585,0.15912818908691406,0.751937985420227,0.3973422050476074
YDL244W,YEL002C,0,-5.0358357,0.15909090638160706,0.751937985420227,0.3974529206752777
YNL145W,YOL115W,0,-5.0359254,0.15905363857746124,0.751937985420227,0.3975636661052704
YDL081C,YNL046W,0,-5.036132,0.15901640057563782,0.751937985420227,0.39767441153526306
YOL060C,YDR190C,0,-5.0363564,0.1589791625738144,0.751937985420227,0.39778515696525574
YPL218W,YNL138W,0,-5.03657,0.15894195437431335,0.751937985420227,0.3978959023952484
YOR294W,YGL039W,0,-5.0365767,0.15890474617481232,0.751937985420227,0.3980066478252411
YNL117W,YOR224C,0,-5.036637,0.15886756777763367,0.751937985420227,0.39811739325523376
YIL079C,YMR060C,0,-5.0366883,0.1588304042816162,0.751937985420227,0.39822813868522644
YNL326C,YPL128C,0,-5.036696,0.15879327058792114,0.751937985420227,0.3983388841152191
YER119C,YDR394W,0,-5.0375104,0.15875613689422607,0.751937985420227,0.3984495997428894
YDL085W,YMR088C,0,-5.037654,0.1587190330028534,0.751937985420227,0.3985603451728821
YNL318C,YGR143W,0,-5.037696,0.1586819291114807,0.751937985420227,0.39867109060287476
YIR017C,YKR048C,0,-5.0377345,0.15864485502243042,0.751937985420227,0.39878183603286743
YCR073C,YML064C,0,-5.03775,0.15860779583454132,0.751937985420227,0.3988925814628601
YBL024W,YPR054W,0,-5.0377536,0.1585707664489746,0.751937985420227,0.3990033268928528
YDR448W,YKR022C,0,-5.0378766,0.1585337370634079,0.751937985420227,0.39911407232284546
YLR141W,YML040W,0,-5.037976,0.15849673748016357,0.751937985420227,0.39922481775283813
YEL063C,YGR140W,0,-5.038321,0.15845973789691925,0.751937985420227,0.3993355333805084
YNL029C,YNR008W,0,-5.038552,0.15842276811599731,0.751937985420227,0.3994462788105011
YNL326C,YLR212C,0,-5.038823,0.15838581323623657,0.751937985420227,0.3995570242404938
YJL061W,YLR369W,0,-5.0393667,0.15834887325763702,0.751937985420227,0.39966776967048645
YJL146W,YOR014W,1,-5.04077,0.15854512155056,0.753045380115509,0.39966776967048645
YPL170W,YOR003W,0,-5.0409074,0.15850815176963806,0.753045380115509,0.3997785151004791
YFR008W,YDR077W,0,-5.0410504,0.1584712117910385,0.753045380115509,0.3998892605304718
YOR274W,YGR055W,0,-5.041626,0.15843430161476135,0.753045380115509,0.4000000059604645
YDL244W,YNL229C,0,-5.0417314,0.1583973914384842,0.753045380115509,0.40011075139045715
YPR100W,YPR054W,0,-5.0418124,0.15836049616336823,0.753045380115509,0.40022149682044983
YMR137C,YGR156W,0,-5.0418763,0.15832363069057465,0.753045380115509,0.4003322124481201
YKL190W,YBR072W,0,-5.0422864,0.15828678011894226,0.753045380115509,0.4004429578781128
YCR088W,YKR014C,0,-5.0428996,0.15824994444847107,0.753045380115509,0.40055370330810547
YPL275W,YKL117W,0,-5.042979,0.15821312367916107,0.753045380115509,0.40066444873809814
YER108C,YJL192C,0,-5.043202,0.15817631781101227,0.753045380115509,0.4007751941680908
YBR165W,YJR049C,0,-5.043269,0.15813954174518585,0.753045380115509,0.4008859395980835
YIL132C,YFL033C,1,-5.0433345,0.15833526849746704,0.7541528344154358,0.4008859395980835
YPR135W,YDR141C,0,-5.0434265,0.15829846262931824,0.7541528344154358,0.40099668502807617
YER054C,YCR065W,0,-5.043502,0.15826167166233063,0.7541528344154358,0.40110743045806885
YOR094W,YFL059W,0,-5.0436807,0.1582249104976654,0.7541528344154358,0.4012181758880615
YIL026C,YNR039C,0,-5.0438356,0.15818814933300018,0.7541528344154358,0.4013288915157318
YBR133C,YDL038C,0,-5.044765,0.15815141797065735,0.7541528344154358,0.4014396369457245
YHR191C,YOL042W,0,-5.045083,0.1581147015094757,0.7541528344154358,0.40155038237571716
YGR121C,YNL206C,0,-5.045563,0.15807799994945526,0.7541528344154358,0.40166112780570984
YLR411W,YGL012W,0,-5.0456896,0.158041313290596,0.7541528344154358,0.4017718732357025
YHR067W,YIL026C,0,-5.0458913,0.15800464153289795,0.7541528344154358,0.4018826186656952
YMR042W,YNL041C,0,-5.0460935,0.15796798467636108,0.7541528344154358,0.40199336409568787
YDR141C,YHL025W,0,-5.046707,0.1579313576221466,0.7541528344154358,0.40210410952568054
YOR198C,YDR369C,1,-5.046898,0.1581265926361084,0.7552602291107178,0.40210410952568054
YKL182W,YBR015C,0,-5.046966,0.15808993577957153,0.7552602291107178,0.40221482515335083
YOR032C,YDL212W,0,-5.0475717,0.15805330872535706,0.7552602291107178,0.4023255705833435
YJR069C,YNR017W,0,-5.047955,0.15801668167114258,0.7552602291107178,0.4024363160133362
YDL044C,YGR104C,0,-5.048232,0.1579800844192505,0.7552602291107178,0.40254706144332886
YKL182W,YIR006C,0,-5.048234,0.1579434871673584,0.7552602291107178,0.40265780687332153
YGL200C,YMR087W,0,-5.0493155,0.1579069197177887,0.7552602291107178,0.4027685523033142
YNL250W,YCR033W,1,-5.049623,0.1581018567085266,0.7563676834106445,0.4027685523033142
YNL042W,YLR328W,0,-5.0498815,0.15806525945663452,0.7563676834106445,0.4028792977333069
YPL170W,YOR295W,0,-5.0500855,0.15802869200706482,0.7563676834106445,0.40299004316329956
YPR131C,YOR224C,0,-5.050841,0.1579921394586563,0.7563676834106445,0.40310078859329224
YGR216C,YHR086W,0,-5.051286,0.157955601811409,0.7563676834106445,0.4032115042209625
YLR134W,YDR018C,0,-5.051397,0.15791907906532288,0.7563676834106445,0.4033222496509552
YJL062W,YER112W,0,-5.051535,0.15788257122039795,0.7563676834106445,0.4034329950809479
YPL117C,YBL025W,0,-5.051687,0.15784607827663422,0.7563676834106445,0.40354374051094055
YJR089W,YIL076W,0,-5.052673,0.15780961513519287,0.7563676834106445,0.4036544859409332
YPL157W,YOL028C,0,-5.0526843,0.15777315199375153,0.7563676834106445,0.4037652313709259
YGL090W,YGR156W,0,-5.052995,0.15773671865463257,0.7563676834106445,0.4038759768009186
YDR093W,YOL112W,0,-5.053062,0.1577003002166748,0.7563676834106445,0.40398672223091125
YPL132W,YMR234W,0,-5.0542827,0.15766389667987823,0.7563676834106445,0.40409746766090393
YAL035W,YLR301W,0,-5.0543857,0.15762750804424286,0.7563676834106445,0.4042081832885742
YOR056C,YMR218C,0,-5.054458,0.15759113430976868,0.7563676834106445,0.4043189287185669
YBR121C,YCL069W,0,-5.054715,0.15755479037761688,0.7563676834106445,0.40442967414855957
YPR034W,YKL152C,0,-5.0549407,0.1575184464454651,0.7563676834106445,0.40454041957855225
YLR288C,YJL117W,0,-5.054974,0.15748213231563568,0.7563676834106445,0.4046511650085449
YCR086W,YMR190C,1,-5.0550456,0.1576763540506363,0.7574750781059265,0.4046511650085449
YDR385W,YDL033C,0,-5.0550556,0.1576400101184845,0.7574750781059265,0.4047619104385376
YDR062W,YEL065W,0,-5.0554194,0.1576036810874939,0.7574750781059265,0.4048726558685303
YMR137C,YDL130W-A,0,-5.0556407,0.15756738185882568,0.7574750781059265,0.40498340129852295
YMR199W,YBR205W,0,-5.0556927,0.15753109753131866,0.7574750781059265,0.40509411692619324
YNL271C,YKL081W,0,-5.0562797,0.15749481320381165,0.7574750781059265,0.4052048623561859
YDR101C,YMR046C,0,-5.0569153,0.15745855867862701,0.7574750781059265,0.4053156077861786
YLR002C,YDR400W,0,-5.0572696,0.15742231905460358,0.7574750781059265,0.40542635321617126
YCR033W,YFL037W,1,-5.0573173,0.15761619806289673,0.7585825324058533,0.40542635321617126
YDL208W,YJR120W,0,-5.057376,0.1575799435377121,0.7585825324058533,0.40553709864616394
YBR102C,YOR373W,0,-5.0577483,0.15754370391368866,0.7585825324058533,0.4056478440761566
YCL035C,YIL082W-A,0,-5.0580783,0.15750747919082642,0.7585825324058533,0.4057585895061493
YBL006C,YGR133W,0,-5.0592027,0.15747126936912537,0.7585825324058533,0.40586933493614197
YEL065W,YGL039W,0,-5.059341,0.1574350744485855,0.7585825324058533,0.40598008036613464
YOR354C,YPL139C,1,-5.059866,0.15762867033481598,0.7596899271011353,0.40598008036613464
YKR036C,YDR238C,0,-5.0604005,0.15759246051311493,0.7596899271011353,0.40609079599380493
YPR034W,YDR254W,0,-5.0604835,0.15755626559257507,0.7596899271011353,0.4062015414237976
YJL036W,YJR029W,0,-5.0610595,0.1575200855731964,0.7596899271011353,0.4063122868537903
YFL056C,YOR023C,0,-5.061136,0.15748393535614014,0.7596899271011353,0.40642303228378296
YJR119C,YBL079W,0,-5.0616603,0.15744778513908386,0.7596899271011353,0.40653377771377563
YBR072W,YNR072W,0,-5.0617237,0.15741164982318878,0.7596899271011353,0.4066445231437683
YOR049C,YGR128C,0,-5.0629153,0.1573755443096161,0.7596899271011353,0.406755268573761
YPR034W,YLR100W,0,-5.0634756,0.1573394536972046,0.7596899271011353,0.40686601400375366
YJR089W,YCL039W,0,-5.0635133,0.15730337798595428,0.7596899271011353,0.40697672963142395
YDL004W,YOL094C,0,-5.063701,0.15726730227470398,0.7596899271011353,0.4070874750614166
YKL015W,YDR166C,0,-5.0643506,0.15723125636577606,0.7596899271011353,0.4071982204914093
YDR268W,YCR073C,0,-5.0644093,0.15719524025917053,0.7596899271011353,0.407308965921402
YER016W,YIL167W,0,-5.0651083,0.157159224152565,0.7596899271011353,0.40741971135139465
YGL252C,YDR356W,0,-5.0660357,0.15712322294712067,0.7596899271011353,0.40753045678138733
YDR052C,YCR027C,0,-5.066758,0.15708725154399872,0.7596899271011353,0.40764120221138
YLR238W,YBL023C,0,-5.0671325,0.15705128014087677,0.7596899271011353,0.4077519476413727
YGR166W,YMR188C,0,-5.0672784,0.1570153385400772,0.7596899271011353,0.40786269307136536
YJR050W,YOR315W,0,-5.067294,0.15697941184043884,0.7596899271011353,0.40797340869903564
YOR011W,YBR272C,0,-5.067343,0.15694348514080048,0.7596899271011353,0.4080841541290283
YGR197C,YML045W,0,-5.06743,0.1569075882434845,0.7596899271011353,0.408194899559021
YGR246C,YAR010C,0,-5.067999,0.1568717062473297,0.7596899271011353,0.40830564498901367
YMR285C,YJL168C,0,-5.0681043,0.15683585405349731,0.7596899271011353,0.40841639041900635
YIL149C,YKR072C,0,-5.06818,0.15680000185966492,0.7596899271011353,0.408527135848999
YJL170C,YOL138C,0,-5.068401,0.1567641645669937,0.7596899271011353,0.4086378812789917
YGR145W,YJL089W,0,-5.0684676,0.1567283570766449,0.7596899271011353,0.4087486267089844
YJL134W,YPL157W,0,-5.0686297,0.15669254958629608,0.7596899271011353,0.40885937213897705
YGL169W,YJR026W,0,-5.0687633,0.15665677189826965,0.7596899271011353,0.40897008776664734
YOR216C,YBR175W,0,-5.069504,0.15662100911140442,0.7596899271011353,0.40908083319664
YBL014C,YOR216C,0,-5.069559,0.15658526122570038,0.7596899271011353,0.4091915786266327
YJR025C,YJR029W,0,-5.0701394,0.15654951333999634,0.7596899271011353,0.40930232405662537
YDR312W,YBR293W,0,-5.070911,0.15651381015777588,0.7596899271011353,0.40941306948661804
YPL132W,YGR280C,0,-5.0715404,0.15647810697555542,0.7596899271011353,0.4095238149166107
YJR042W,YCR014C,0,-5.0716596,0.15644241869449615,0.7596899271011353,0.4096345603466034
YDR363W,YCL020W,0,-5.071874,0.15640674531459808,0.7596899271011353,0.40974530577659607
YAL040C,YCL001W,0,-5.072328,0.1563711017370224,0.7596899271011353,0.40985602140426636
YGR264C,YGR091W,0,-5.0729175,0.15633545815944672,0.7596899271011353,0.40996676683425903
YKL135C,YLR052W,0,-5.07295,0.15629984438419342,0.7596899271011353,0.4100775122642517
YAR019C,YNL046W,0,-5.0729823,0.15626423060894012,0.7596899271011353,0.4101882576942444
YJR069C,YDR103W,0,-5.0735955,0.15622864663600922,0.7596899271011353,0.41029900312423706
YDR036C,YAL053W,0,-5.07368,0.1561930775642395,0.7596899271011353,0.41040974855422974
YDR422C,YPL206C,0,-5.0738273,0.15615752339363098,0.7596899271011353,0.4105204939842224
YDL137W,YGR013W,0,-5.0740685,0.15612198412418365,0.7596899271011353,0.4106312394142151
YJL115W,YCL051W,0,-5.0750036,0.15608645975589752,0.7596899271011353,0.41074198484420776
YBR136W,YHR152W,1,-5.075167,0.15627843141555786,0.7607973217964172,0.41074198484420776
YDR479C,YML028W,0,-5.075736,0.15624289214611053,0.7607973217964172,0.41085270047187805
YBR274W,YKL170W,0,-5.075832,0.1562073677778244,0.7607973217964172,0.4109634459018707
YJR025C,YGR007W,0,-5.0760856,0.15617185831069946,0.7607973217964172,0.4110741913318634
YBR085W,YMR087W,0,-5.076137,0.15613636374473572,0.7607973217964172,0.4111849367618561
YJR050W,YFR051C,0,-5.0765796,0.15610088407993317,0.7607973217964172,0.41129568219184875
YFL056C,YDL212W,0,-5.076699,0.1560654193162918,0.7607973217964172,0.41140642762184143
YNR035C,YPR111W,0,-5.0768595,0.15602998435497284,0.7607973217964172,0.4115171730518341
YNL225C,YCR028C-A,0,-5.0768685,0.15599454939365387,0.7607973217964172,0.4116279184818268
YKL019W,YDR443C,0,-5.077052,0.1559591442346573,0.7607973217964172,0.41173863410949707
YLR314C,YLR095C,0,-5.077116,0.1559237390756607,0.7607973217964172,0.41184937953948975
YBR245C,YJL045W,0,-5.0771317,0.1558883637189865,0.7607973217964172,0.4119601249694824
YDR093W,YBR212W,0,-5.077396,0.15585298836231232,0.7607973217964172,0.4120708703994751
YAL040C,YDL085W,0,-5.0775657,0.1558176428079605,0.7607973217964172,0.4121816158294678
YER127W,YIL095W,0,-5.0777135,0.1557823121547699,0.7607973217964172,0.41229236125946045
YFR008W,YMR112C,0,-5.078229,0.15574699640274048,0.7607973217964172,0.4124031066894531
YBR085W,YGR135W,0,-5.079413,0.15571169555187225,0.7607973217964172,0.4125138521194458
YER107C,YLR288C,0,-5.079571,0.15567640960216522,0.7607973217964172,0.4126245975494385
YNR019W,YLR429W,0,-5.079839,0.15564113855361938,0.7607973217964172,0.41273531317710876
YKL190W,YBL005W-A,0,-5.0799613,0.15560588240623474,0.7607973217964172,0.41284605860710144
YHR114W,YHR214C-B,0,-5.08009,0.15557065606117249,0.7607973217964172,0.4129568040370941
YBL084C,YJR002W,0,-5.080214,0.15553542971611023,0.7607973217964172,0.4130675494670868
YBR102C,YBR212W,0,-5.0803266,0.15550023317337036,0.7607973217964172,0.41317829489707947
YMR083W,YDL044C,0,-5.0804944,0.1554650366306305,0.7607973217964172,0.41328904032707214
YPR100W,YNL206C,0,-5.080594,0.155429869890213,0.7607973217964172,0.4133997857570648
YIL076W,YOR295W,0,-5.0807285,0.15539470314979553,0.7607973217964172,0.4135105311870575
YDL099W,YMR015C,0,-5.080934,0.15535956621170044,0.7607973217964172,0.41362127661705017
YML116W,YML034W,0,-5.0815873,0.15532444417476654,0.7607973217964172,0.41373199224472046
YMR161W,YOR298C-A,0,-5.081983,0.15528933703899384,0.7607973217964172,0.41384273767471313
YMR277W,YNL294C,0,-5.0824494,0.15525422990322113,0.7607973217964172,0.4139534831047058
YJL020C,YIL017C,0,-5.08394,0.1552191525697708,0.7607973217964172,0.4140642285346985
YPR005C,YKL041W,0,-5.083964,0.1551840901374817,0.7607973217964172,0.41417497396469116
YCR093W,YNL258C,0,-5.084336,0.15514905750751495,0.7607973217964172,0.41428571939468384
YMR276W,YGR122W,0,-5.0844073,0.15511402487754822,0.7607973217964172,0.4143964648246765
YJL191W,YOR216C,0,-5.0846243,0.15507900714874268,0.7607973217964172,0.4145072102546692
YBR202W,YAL030W,0,-5.087146,0.15504400432109833,0.7607973217964172,0.4146179258823395
YDR017C,YJR126C,0,-5.0871763,0.15500903129577637,0.7607973217964172,0.41472867131233215
YOL060C,YAL017W,0,-5.0876374,0.1549740582704544,0.7607973217964172,0.41483941674232483
YNL042W,YNR046W,0,-5.088811,0.15493910014629364,0.7607973217964172,0.4149501621723175
YNL117W,YCR028C-A,0,-5.088924,0.15490417182445526,0.7607973217964172,0.4150609076023102
YER174C,YDR394W,0,-5.089087,0.15486925840377808,0.7607973217964172,0.41517165303230286
YDR488C,YDR243C,0,-5.0895257,0.1548343449831009,0.7607973217964172,0.41528239846229553
YCL051W,YJL036W,0,-5.0895348,0.1547994613647461,0.7607973217964172,0.4153931438922882
YOL060C,YMR285C,0,-5.0898457,0.1547645926475525,0.7607973217964172,0.4155038893222809
YFL039C,YNR056C,0,-5.0899053,0.1547297239303589,0.7607973217964172,0.41561460494995117
YPL042C,YNL025C,1,-5.0906653,0.1549200564622879,0.761904776096344,0.41561460494995117
YGR267C,YFL002W-A,0,-5.091142,0.1548851877450943,0.761904776096344,0.41572535037994385
YJL001W,YDR279W,0,-5.0912704,0.1548503190279007,0.761904776096344,0.4158360958099365
YCR082W,YPR111W,0,-5.0914,0.15481548011302948,0.761904776096344,0.4159468412399292
YCR093W,YIL114C,0,-5.091628,0.15478065609931946,0.761904776096344,0.4160575866699219
YLR109W,YPR171W,0,-5.0918727,0.15474583208560944,0.761904776096344,0.41616833209991455
YNR053C,YOR003W,0,-5.092317,0.1547110378742218,0.761904776096344,0.4162790775299072
YNL326C,YGL070C,0,-5.0923457,0.15467625856399536,0.761904776096344,0.4163898229598999
YDR488C,YBR257W,0,-5.092772,0.15464149415493011,0.761904776096344,0.4165005683898926
YBR088C,YMR314W,0,-5.092957,0.15460674464702606,0.761904776096344,0.41661128401756287
YGL166W,YDL134C,0,-5.0932503,0.1545720100402832,0.761904776096344,0.41672202944755554
YPR124W,YLR228C,0,-5.0933666,0.15453729033470154,0.761904776096344,0.4168327748775482
YLR100W,YML040W,0,-5.0935664,0.15450258553028107,0.761904776096344,0.4169435203075409
YOR354C,YNL025C,1,-5.093817,0.1546924114227295,0.763012170791626,0.4169435203075409
YDL212W,YGR122W,0,-5.0940127,0.15465769171714783,0.763012170791626,0.41705426573753357
YMR008C,YPL193W,0,-5.0941734,0.15462298691272736,0.763012170791626,0.41716501116752625
YKL185W,YNL318C,0,-5.0945377,0.15458828210830688,0.763012170791626,0.4172757565975189
YOL095C,YDR400W,0,-5.0948687,0.1545536071062088,0.763012170791626,0.4173865020275116
YAL041W,YGR091W,0,-5.095125,0.1545189470052719,0.763012170791626,0.4174972176551819
YER174C,YBL024W,0,-5.095274,0.15448430180549622,0.763012170791626,0.41760796308517456
YDR346C,YCL020W,0,-5.095556,0.1544496715068817,0.763012170791626,0.41771870851516724
YLL043W,YDR145W,0,-5.0956655,0.1544150561094284,0.763012170791626,0.4178294539451599
YJL178C,YHR120W,0,-5.0958476,0.1543804556131363,0.763012170791626,0.4179401993751526
YMR276W,YGL136C,0,-5.096623,0.15434588491916656,0.763012170791626,0.41805094480514526
YBL019W,YDR421W,0,-5.096685,0.15431131422519684,0.763012170791626,0.41816169023513794
YJR155W,YNL318C,0,-5.0970273,0.1542767584323883,0.763012170791626,0.4182724356651306
YNR027W,YLR022C,0,-5.097096,0.15424221754074097,0.763012170791626,0.4183831810951233
YER095W,YOR014W,1,-5.097215,0.1544315069913864,0.7641196250915527,0.4183831810951233
YJL100W,YIL149C,0,-5.0973353,0.15439695119857788,0.7641196250915527,0.4184938967227936
YDR302W,YCL033C,0,-5.0981197,0.15436241030693054,0.7641196250915527,0.41860464215278625
YNR027W,YDR150W,0,-5.09864,0.1543278843164444,0.7641196250915527,0.41871538758277893
YHR043C,YOR188W,0,-5.0986686,0.15429338812828064,0.7641196250915527,0.4188261330127716
YLR141W,YGL097W,0,-5.098689,0.15425889194011688,0.7641196250915527,0.4189368784427643
YBR198C,YJR019C,0,-5.098987,0.15422441065311432,0.7641196250915527,0.41904762387275696
YGL210W,YJL045W,0,-5.0990252,0.15418994426727295,0.7641196250915527,0.41915836930274963
YIL095W,YPL016W,0,-5.100114,0.15415549278259277,0.7641196250915527,0.4192691147327423
YNL142W,YOL102C,0,-5.1004887,0.1541210561990738,0.7641196250915527,0.4193798303604126
YML095C,YFL033C,1,-5.100636,0.1543099582195282,0.7652270197868347,0.4193798303604126
YLR056W,YER041W,0,-5.100833,0.15427550673484802,0.7652270197868347,0.4194905757904053
YER095W,YOR313C,1,-5.101009,0.15446428954601288,0.7663344144821167,0.4194905757904053
YDR093W,YPL193W,0,-5.1018333,0.15442980825901031,0.7663344144821167,0.41960132122039795
YJL062W,YDR346C,0,-5.1018605,0.15439535677433014,0.7663344144821167,0.4197120666503906
YJL014W,YGL090W,0,-5.102056,0.15436092019081116,0.7663344144821167,0.4198228120803833
YIL079C,YPR119W,0,-5.102635,0.15432649850845337,0.7663344144821167,0.419933557510376
YGR140W,YMR220W,0,-5.1027603,0.15429209172725677,0.7663344144821167,0.42004430294036865
YJR155W,YBR165W,0,-5.1033845,0.15425768494606018,0.7663344144821167,0.42015504837036133
YMR188C,YML040W,0,-5.1034064,0.15422330796718597,0.7663344144821167,0.420265793800354
YOL102C,YNR064C,0,-5.1037054,0.15418894588947296,0.7663344144821167,0.4203765094280243
YCR093W,YNR059W,0,-5.105381,0.15415459871292114,0.7663344144821167,0.42048725485801697
YMR234W,YBL034C,0,-5.105457,0.15412026643753052,0.7663344144821167,0.42059800028800964
YDR123C,YHR081W,0,-5.1064086,0.1540859490633011,0.7663344144821167,0.4207087457180023
YFL033C,YFL037W,1,-5.106952,0.15427426993846893,0.7674418687820435,0.4207087457180023
YOL165C,YKL020C,0,-5.1070933,0.15423992276191711,0.7674418687820435,0.420819491147995
YNL251C,YKL108W,0,-5.107135,0.15420560538768768,0.7674418687820435,0.42093023657798767
YMR285C,YPL283C,0,-5.107335,0.15417130291461945,0.7674418687820435,0.42104098200798035
YBL025W,YEL002C,0,-5.108292,0.1541370153427124,0.7674418687820435,0.421151727437973
YJL178C,YOR032C,0,-5.1091037,0.15410272777080536,0.7674418687820435,0.4212624728679657
YDR385W,YDR437W,0,-5.1092772,0.1540684700012207,0.7674418687820435,0.421373188495636
YDR052C,YOR030W,0,-5.109326,0.15403422713279724,0.7674418687820435,0.42148393392562866
YDR377W,YHR067W,0,-5.1095276,0.15399999916553497,0.7674418687820435,0.42159467935562134
YER038C,YOR132W,0,-5.109663,0.1539657860994339,0.7674418687820435,0.421705424785614
YDR101C,YMR087W,0,-5.1098647,0.15393158793449402,0.7674418687820435,0.4218161702156067
YGR113W,YKL054C,0,-5.110328,0.15389740467071533,0.7674418687820435,0.42192691564559937
YDL137W,YCR014C,0,-5.1104774,0.15386323630809784,0.7674418687820435,0.42203766107559204
YBR102C,YGR270W,0,-5.1105604,0.15382908284664154,0.7674418687820435,0.4221484065055847
YNL142W,YMR067C,0,-5.1107736,0.15379494428634644,0.7674418687820435,0.422259122133255
YOR074C,YJL061W,0,-5.1110096,0.15376082062721252,0.7674418687820435,0.4223698675632477
YPL127C,YER112W,0,-5.111154,0.1537267118692398,0.7674418687820435,0.42248061299324036
YGR152C,YOR308C,0,-5.111156,0.15369261801242828,0.7674418687820435,0.42259135842323303
YDR101C,YJL062W,0,-5.1118836,0.15365853905677795,0.7674418687820435,0.4227021038532257
YAL035W,YPL097W,0,-5.111984,0.15362447500228882,0.7674418687820435,0.4228128492832184
YMR161W,YDR123C,0,-5.1120915,0.15359042584896088,0.7674418687820435,0.42292359471321106
YBR085W,YMR229C,0,-5.1122217,0.15355639159679413,0.7674418687820435,0.42303434014320374
YJR025C,YLR288C,0,-5.112345,0.15352237224578857,0.7674418687820435,0.4231450855731964
YDL028C,YJL156C,0,-5.112669,0.1534883677959442,0.7674418687820435,0.4232558012008667
YBR175W,YKR089C,0,-5.1127687,0.15345437824726105,0.7674418687820435,0.4233665466308594
YDR448W,YJL024C,0,-5.1133842,0.15342041850090027,0.7674418687820435,0.42347729206085205
YHR067W,YOR147W,0,-5.1136394,0.1533864587545395,0.7674418687820435,0.4235880374908447
YER155C,YGR166W,0,-5.1137366,0.1533525139093399,0.7674418687820435,0.4236987829208374
YHR091C,YBL005W-A,0,-5.113916,0.1533185839653015,0.7674418687820435,0.4238095283508301
YKL135C,YDL078C,0,-5.114099,0.15328466892242432,0.7674418687820435,0.42392027378082275
YPL093W,YGR122W,0,-5.114284,0.1532507687807083,0.7674418687820435,0.42403101921081543
YBL008W,YJR120W,0,-5.1144147,0.1532168984413147,0.7674418687820435,0.4241417348384857
YOR265W,YCR027C,0,-5.114605,0.15318302810192108,0.7674418687820435,0.4242524802684784
YER133W,YPL042C,1,-5.1147614,0.15337017178535461,0.7685492634773254,0.4242524802684784
YOL165C,YLR371W,0,-5.114884,0.1533362865447998,0.7685492634773254,0.42436322569847107
YOL165C,YBR091C,0,-5.1152196,0.153302401304245,0.7685492634773254,0.42447397112846375
YOR109W,YIL051C,0,-5.115234,0.15326854586601257,0.7685492634773254,0.4245847165584564
YBR102C,YOL051W,0,-5.1155267,0.15323470532894135,0.7685492634773254,0.4246954619884491
YLR328W,YOR001W,0,-5.1155267,0.1532008796930313,0.7685492634773254,0.4248062074184418
YKL185W,YDL212W,0,-5.1159143,0.15316706895828247,0.7685492634773254,0.42491695284843445
YJR049C,YPL206C,0,-5.1162934,0.15313327312469482,0.7685492634773254,0.4250276982784271
YBL008W,YBR165W,0,-5.1164927,0.15309949219226837,0.7685492634773254,0.4251384139060974
YNL172W,YNL142W,0,-5.1165295,0.1530657261610031,0.7685492634773254,0.4252491593360901
YJR078W,YMR173W,0,-5.116898,0.15303197503089905,0.7685492634773254,0.42535990476608276
YPL127C,YBR294W,0,-5.117691,0.15299823880195618,0.7685492634773254,0.42547065019607544
YNL214W,YDR400W,0,-5.1178927,0.1529645174741745,0.7685492634773254,0.4255813956260681
YOL051W,YGR216C,0,-5.11803,0.15293081104755402,0.7685492634773254,0.4256921410560608
YOR188W,YDR487C,0,-5.1180882,0.15289711952209473,0.7685492634773254,0.42580288648605347
YOR354C,YJL074C,1,-5.1182046,0.1530836969614029,0.7696567177772522,0.42580288648605347
YNL117W,YGR213C,0,-5.1185765,0.1530499905347824,0.7696567177772522,0.42591363191604614
YNL006W,YJR126C,0,-5.1188855,0.15301629900932312,0.7696567177772522,0.4260243773460388
YLR100W,YNL206C,0,-5.1190257,0.15298260748386383,0.7696567177772522,0.4261350929737091
YER133W,YHR014W,1,-5.1197896,0.15316902101039886,0.7707641124725342,0.4261350929737091
YLR370C,YMR156C,0,-5.120769,0.15313531458377838,0.7707641124725342,0.4262458384037018
YPL275W,YML091C,0,-5.1209545,0.1531016230583191,0.7707641124725342,0.42635658383369446
YDR238C,YHL025W,0,-5.1211553,0.1530679613351822,0.7707641124725342,0.42646732926368713
YIL042C,YER019C-A,0,-5.12145,0.1530342996120453,0.7707641124725342,0.4265780746936798
YKL074C,YLR014C,0,-5.1217628,0.15300065279006958,0.7707641124725342,0.4266888201236725
YKR036C,YBR274W,0,-5.1222687,0.15296703577041626,0.7707641124725342,0.42679956555366516
YNL223W,YGL012W,0,-5.122951,0.15293341875076294,0.7707641124725342,0.42691031098365784
YDR358W,YIL167W,0,-5.1232677,0.152899831533432,0.7707641124725342,0.4270210266113281
YBR205W,YDR166C,0,-5.123338,0.15286624431610107,0.7707641124725342,0.4271317720413208
YDR363W,YLR009W,0,-5.1233487,0.15283267199993134,0.7707641124725342,0.4272425174713135
YDL231C,YIL098C,0,-5.1246676,0.1527991145849228,0.7707641124725342,0.42735326290130615
YLR016C,YMR314W,0,-5.1246886,0.15276558697223663,0.7707641124725342,0.42746400833129883
YBL006C,YKL041W,0,-5.1247683,0.15273205935955048,0.7707641124725342,0.4275747537612915
YGR246C,YCL039W,0,-5.1253595,0.1526985466480255,0.7707641124725342,0.4276854991912842
YNL094W,YLR002C,0,-5.1256175,0.15266506373882294,0.7707641124725342,0.42779624462127686
YER107C,YPL206C,0,-5.125978,0.15263158082962036,0.7707641124725342,0.42790699005126953
YDR141C,YDR363W,0,-5.1261725,0.15259811282157898,0.7707641124725342,0.4280177056789398
YBR136W,YMR190C,1,-5.1281962,0.15278387069702148,0.7718715667724609,0.4280177056789398
YNL294C,YER111C,0,-5.1287055,0.1527503877878189,0.7718715667724609,0.4281284511089325
YGL119W,YGL012W,0,-5.128781,0.15271691977977753,0.7718715667724609,0.42823919653892517
YPR171W,YIL065C,0,-5.129205,0.15268346667289734,0.7718715667724609,0.42834994196891785
YJL210W,YDR312W,0,-5.1294622,0.15265002846717834,0.7718715667724609,0.4284606873989105
YHR120W,YKL074C,0,-5.12972,0.15261659026145935,0.7718715667724609,0.4285714328289032
YOL094C,YDR057W,0,-5.1299157,0.15258318185806274,0.7718715667724609,0.4286821782588959
YGR085C,YBR294W,0,-5.1301913,0.15254978835582733,0.7718715667724609,0.42879292368888855
YLR370C,YGR188C,0,-5.130205,0.1525164097547531,0.7718715667724609,0.4289036691188812
YKL019W,YNL248C,0,-5.1314425,0.1524830460548401,0.7718715667724609,0.4290143847465515
YNL214W,YBR030W,0,-5.1317935,0.15244969725608826,0.7718715667724609,0.4291251301765442
YHR107C,YKR022C,0,-5.1322837,0.15241636335849762,0.7718715667724609,0.42923587560653687
YKL020C,YJL045W,0,-5.13254,0.15238302946090698,0.7718715667724609,0.42934662103652954
YPR034W,YGL097W,0,-5.13314,0.15234972536563873,0.7718715667724609,0.4294573664665222
YAL021C,YNL142W,0,-5.1339273,0.15231643617153168,0.7718715667724609,0.4295681118965149
YML078W,YIL097W,0,-5.134609,0.15228316187858582,0.7718715667724609,0.42967885732650757
YOR056C,YLR301W,0,-5.1346946,0.15224988758563995,0.7718715667724609,0.42978960275650024
YOR085W,YHR154W,0,-5.1348305,0.15221664309501648,0.7718715667724609,0.42990031838417053
YPR019W,YDR461W,0,-5.1348433,0.1521834135055542,0.7718715667724609,0.4300110638141632
YBR090C-A,YGR280C,0,-5.135166,0.15215018391609192,0.7718715667724609,0.4301218092441559
YJL178C,YHL025W,0,-5.135648,0.15211698412895203,0.7718715667724609,0.43023255467414856
YNR011C,YPR133C,0,-5.135901,0.15208378434181213,0.7718715667724609,0.43034330010414124
YGL150C,YDR487C,0,-5.1359344,0.15205061435699463,0.7718715667724609,0.4304540455341339
YBL063W,YDR400W,0,-5.13594,0.15201744437217712,0.7718715667724609,0.4305647909641266
YDR093W,YMR067C,0,-5.1364923,0.151984304189682,0.7718715667724609,0.43067553639411926
YGR036C,YPL244C,0,-5.1367984,0.1519511640071869,0.7718715667724609,0.43078628182411194
YGR007W,YMR060C,0,-5.1371546,0.15191805362701416,0.7718715667724609,0.4308969974517822
YNL094W,YNR027W,0,-5.1380258,0.15188494324684143,0.7718715667724609,0.4310077428817749
YNL250W,YOR229W,1,-5.1385007,0.15206971764564514,0.7729789614677429,0.4310077428817749
YBL079W,YOR308C,0,-5.138858,0.15203659236431122,0.7729789614677429,0.4311184883117676
YPR034W,YML078W,0,-5.1395264,0.1520034819841385,0.7729789614677429,0.43122923374176025
YBR202W,YAR010C,0,-5.140046,0.15197038650512695,0.7729789614677429,0.43133997917175293
YBR193C,YCL017C,0,-5.1403766,0.1519373059272766,0.7729789614677429,0.4314507246017456
YPL075W,YPL167C,0,-5.140622,0.15190424025058746,0.7729789614677429,0.4315614700317383
YOR274W,YCL017C,0,-5.141209,0.1518711894750595,0.7729789614677429,0.43167221546173096
YGR156W,YJL156C,0,-5.141392,0.15183815360069275,0.7729789614677429,0.43178293108940125
YLR052W,YER019C-A,0,-5.141834,0.15180513262748718,0.7729789614677429,0.4318936765193939
YIL095W,YMR087W,0,-5.1424913,0.1517721265554428,0.7729789614677429,0.4320044219493866
YEL034W,YBR245C,0,-5.14341,0.15173913538455963,0.7729789614677429,0.4321151673793793
YLR401C,YHR214C-B,0,-5.1435294,0.15170614421367645,0.7729789614677429,0.43222591280937195
YDL231C,YHL006C,0,-5.143582,0.15167318284511566,0.7729789614677429,0.4323366582393646
YKL051W,YKR089C,0,-5.1441903,0.15164023637771606,0.7729789614677429,0.4324474036693573
YML105C,YJR120W,0,-5.144214,0.15160730481147766,0.7729789614677429,0.43255814909935
YGR167W,YBR228W,0,-5.144287,0.15157437324523926,0.7729789614677429,0.43266889452934265
YBR165W,YCL033C,0,-5.144466,0.15154147148132324,0.7729789614677429,0.43277961015701294
YOR284W,YGR281W,0,-5.1450973,0.15150856971740723,0.7729789614677429,0.4328903555870056
YOR061W,YEL057C,0,-5.145389,0.1514756977558136,0.7729789614677429,0.4330011010169983
YPR100W,YGL014W,0,-5.145493,0.15144282579421997,0.7729789614677429,0.43311184644699097
YGR006W,YPR187W,0,-5.146153,0.15140998363494873,0.7729789614677429,0.43322259187698364
YLL003W,YGL097W,0,-5.146256,0.1513771414756775,0.7729789614677429,0.4333333373069763
YHR011W,YBL063W,0,-5.1465206,0.15134431421756744,0.7729789614677429,0.433444082736969
YGL111W,YDR416W,0,-5.1474586,0.15131151676177979,0.7729789614677429,0.43355482816696167
YMR287C,YNL046W,0,-5.1475453,0.15127871930599213,0.7729789614677429,0.43366557359695435
YDR022C,YPL167C,0,-5.1480803,0.15124593675136566,0.7729789614677429,0.43377628922462463
YJL190C,YMR087W,0,-5.1489596,0.1512131690979004,0.7729789614677429,0.4338870346546173
YDR448W,YCL001W,0,-5.149207,0.1511804163455963,0.7729789614677429,0.43399778008461
YPR135W,YGR081C,0,-5.1494613,0.15114767849445343,0.7729789614677429,0.43410852551460266
YPR068C,YDR529C,0,-5.149612,0.15111495554447174,0.7729789614677429,0.43421927094459534
YAL040C,YOL028C,0,-5.1497083,0.15108224749565125,0.7729789614677429,0.434330016374588
YFL056C,YER161C,0,-5.150025,0.15104955434799194,0.7729789614677429,0.4344407618045807
YOL135C,YOR049C,0,-5.1505985,0.15101687610149384,0.7729789614677429,0.43455150723457336
YMR042W,YPL161C,0,-5.1513133,0.15098421275615692,0.7729789614677429,0.43466222286224365
YCR034W,YKR101W,0,-5.1514792,0.1509515643119812,0.7729789614677429,0.43477296829223633
YGL144C,YOR069W,0,-5.1515365,0.15091891586780548,0.7729789614677429,0.434883713722229
YPR006C,YHR086W,0,-5.1517687,0.15088629722595215,0.7729789614677429,0.4349944591522217
YDR473C,YPR190C,0,-5.1519217,0.15085367858409882,0.7729789614677429,0.43510520458221436
YBL057C,YJR126C,0,-5.152034,0.15082108974456787,0.7729789614677429,0.43521595001220703
YPL127C,YBR165W,0,-5.153271,0.15078850090503693,0.7729789614677429,0.4353266954421997
YML078W,YOR188W,0,-5.153503,0.15075594186782837,0.7729789614677429,0.4354374408721924
YHR191C,YDR057W,0,-5.153952,0.1507233828306198,0.7729789614677429,0.43554818630218506
YDR211W,YMR087W,0,-5.15399,0.15069085359573364,0.7729789614677429,0.43565890192985535
YCR028C-A,YNR039C,0,-5.1548038,0.15065832436084747,0.7729789614677429,0.435769647359848
YDR036C,YOR356W,0,-5.155163,0.1506258100271225,0.7729789614677429,0.4358803927898407
YGL244W,YDR103W,0,-5.1554585,0.15059331059455872,0.7729789614677429,0.4359911382198334
YJL094C,YDR488C,0,-5.155865,0.15056082606315613,0.7729789614677429,0.43610188364982605
YFR048W,YML064C,0,-5.15663,0.15052835643291473,0.7729789614677429,0.4362126290798187
YPR005C,YNR034W,0,-5.1567783,0.15049590170383453,0.7729789614677429,0.4363233745098114
YDR254W,YGR199W,0,-5.156895,0.15046346187591553,0.7729789614677429,0.4364341199398041
YDR101C,YGR133W,0,-5.157098,0.15043103694915771,0.7729789614677429,0.43654486536979675
YOR232W,YMR156C,0,-5.1577334,0.1503986269235611,0.7729789614677429,0.43665558099746704
YGL090W,YGR055W,0,-5.1578603,0.15036621689796448,0.7729789614677429,0.4367663264274597
YLR405W,YJL042W,0,-5.158446,0.15033383667469025,0.7729789614677429,0.4368770718574524
YBR079C,YGL244W,0,-5.1586213,0.1503014713525772,0.7729789614677429,0.43698781728744507
YOR030W,YDR036C,0,-5.1592946,0.15026910603046417,0.7729789614677429,0.43709856271743774
YLR399C,YPL139C,1,-5.1598454,0.15045200288295746,0.7740863561630249,0.43709856271743774
YNL145W,YGL111W,0,-5.159967,0.15041962265968323,0.7740863561630249,0.4372093081474304
YML004C,YGR216C,0,-5.160201,0.1503872573375702,0.7740863561630249,0.4373200535774231
YGR216C,YPL155C,0,-5.1603055,0.15035492181777954,0.7740863561630249,0.43743079900741577
YGR036C,YOR076C,0,-5.16099,0.1503225862979889,0.7740863561630249,0.43754151463508606
YNL286W,YCR065W,0,-5.161573,0.15029026567935944,0.7740863561630249,0.43765226006507874
YPL097W,YER161C,0,-5.1619105,0.15025795996189117,0.7740863561630249,0.4377630054950714
YDR421W,YJL020C,0,-5.162082,0.1502256542444229,0.7740863561630249,0.4378737509250641
YMR015C,YGR028W,0,-5.1623254,0.15019337832927704,0.7740863561630249,0.43798449635505676
YJL196C,YER053C,0,-5.1624913,0.15016111731529236,0.7740863561630249,0.43809524178504944
YKL182W,YGL063W,0,-5.16275,0.15012887120246887,0.7740863561630249,0.4382059872150421
YNL041C,YMR240C,0,-5.162835,0.15009662508964539,0.7740863561630249,0.4383167326450348
YJL074C,YOR313C,1,-5.162894,0.15027908980846405,0.7751938104629517,0.4383167326450348
YGL021W,YLR405W,0,-5.163239,0.15024682879447937,0.7751938104629517,0.43842747807502747
YEL061C,YDR422C,0,-5.163401,0.15021459758281708,0.7751938104629517,0.43853819370269775
YDL039C,YJR007W,0,-5.1634927,0.15018236637115479,0.7751938104629517,0.43864893913269043
YBL025W,YOR294W,0,-5.1636386,0.1501501500606537,0.7751938104629517,0.4387596845626831
YER065C,YEL057C,0,-5.163667,0.15011794865131378,0.7751938104629517,0.4388704299926758
YGR140W,YMR188C,0,-5.163742,0.15008576214313507,0.7751938104629517,0.43898117542266846
YNL041C,YPL137C,0,-5.163755,0.15005359053611755,0.7751938104629517,0.43909192085266113
YBR088C,YJR126C,0,-5.1641355,0.15002143383026123,0.7751938104629517,0.4392026662826538
YLR265C,YMR067C,0,-5.164166,0.1499892920255661,0.7751938104629517,0.4393134117126465
YFL033C,YOR229W,1,-5.16417,0.15017138421535492,0.7763012051582336,0.4393134117126465
YCL031C,YCL033C,0,-5.1641936,0.1501392126083374,0.7763012051582336,0.4394241273403168
YOR074C,YNL006W,0,-5.1645637,0.15010707080364227,0.7763012051582336,0.43953487277030945
YMR235C,YGR099W,0,-5.1650014,0.15007492899894714,0.7763012051582336,0.4396456182003021
YGL166W,YDL212W,0,-5.1653953,0.1500428020954132,0.7763012051582336,0.4397563636302948
YDR363W,YPL093W,0,-5.166934,0.15001070499420166,0.7763012051582336,0.4398671090602875
YDR118W,YBR202W,0,-5.1670766,0.1499786078929901,0.7763012051582336,0.43997785449028015
YKL051W,YKR031C,0,-5.167535,0.14994652569293976,0.7763012051582336,0.4400885999202728
YOL042W,YIR006C,0,-5.167649,0.1499144583940506,0.7763012051582336,0.4401993453502655
YBR110W,YNR053C,0,-5.16789,0.14988240599632263,0.7763012051582336,0.4403100907802582
YNL103W,YPL096W,0,-5.167894,0.14985036849975586,0.7763012051582336,0.44042080640792847
YBL008W,YMR065W,0,-5.168451,0.1498183310031891,0.7763012051582336,0.44053155183792114
YDL099W,YDR062W,0,-5.1684766,0.1497863233089447,0.7763012051582336,0.4406422972679138
YDR158W,YML088W,0,-5.1687627,0.1497543305158615,0.7763012051582336,0.4407530426979065
YML116W,YLL034C,0,-5.169867,0.14972233772277832,0.7763012051582336,0.44086378812789917
YOR094W,YDR400W,0,-5.1700087,0.14969037473201752,0.7763012051582336,0.44097453355789185
YLR438C-A,YDR422C,0,-5.170099,0.1496584117412567,0.7763012051582336,0.4410852789878845
YLR214W,YJL192C,0,-5.1705537,0.1496264636516571,0.7763012051582336,0.4411960244178772
YLR254C,YML088W,0,-5.1719556,0.1495945304632187,0.7763012051582336,0.4413067698478699
YPL161C,YLR256W,0,-5.172226,0.14956262707710266,0.7763012051582336,0.44141748547554016
YBR272C,YDL078C,0,-5.172342,0.14953072369098663,0.7763012051582336,0.44152823090553284
YDL161W,YDR473C,0,-5.1727953,0.1494988203048706,0.7763012051582336,0.4416389763355255
YFR008W,YML010W,0,-5.172933,0.14946694672107697,0.7763012051582336,0.4417497217655182
YCR027C,YBR061C,0,-5.1729584,0.14943508803844452,0.7763012051582336,0.44186046719551086
YPL212C,YDL216C,0,-5.1735272,0.14940324425697327,0.7763012051582336,0.44197121262550354
YHR154W,YDR247W,0,-5.173973,0.14937140047550201,0.7763012051582336,0.4420819580554962
YDL111C,YCL069W,0,-5.1743865,0.14933958649635315,0.7763012051582336,0.4421927034854889
YML116W,YNR034W,0,-5.174399,0.14930777251720428,0.7763012051582336,0.4423034191131592
YGL021W,YKL170W,0,-5.174956,0.1492759734392166,0.7763012051582336,0.44241416454315186
YKL019W,YLR181C,0,-5.1750445,0.14924420416355133,0.7763012051582336,0.44252490997314453
YJL170C,YGL097W,0,-5.1750536,0.14921243488788605,0.7763012051582336,0.4426356554031372
YKR048C,YPL032C,0,-5.175219,0.14918068051338196,0.7763012051582336,0.4427464008331299
YJL115W,YCL035C,0,-5.1752634,0.14914894104003906,0.7763012051582336,0.44285714626312256
YMR319C,YBR193C,0,-5.175648,0.14911721646785736,0.7763012051582336,0.44296789169311523
YDR101C,YLR369W,0,-5.175673,0.14908549189567566,0.7763012051582336,0.4430786371231079
YJL014W,YPR178W,0,-5.176089,0.14905379712581635,0.7763012051582336,0.4431893825531006
YOR315W,YML088W,0,-5.176115,0.14902210235595703,0.7763012051582336,0.4433000981807709
YKL186C,YKR072C,0,-5.176128,0.1489904373884201,0.7763012051582336,0.44341084361076355
YML078W,YDR123C,0,-5.176249,0.14895877242088318,0.7763012051582336,0.4435215890407562
YKL179C,YML091C,0,-5.1764245,0.14892713725566864,0.7763012051582336,0.4436323344707489
YOR198C,YMR198W,1,-5.1764464,0.1491079032421112,0.7774086594581604,0.4436323344707489
YJR069C,YOL102C,0,-5.1768165,0.14907623827457428,0.7774086594581604,0.4437430799007416
YEL061C,YOR256C,0,-5.176822,0.14904458820819855,0.7774086594581604,0.44385382533073425
YGR108W,YOR351C,1,-5.177097,0.14922522008419037,0.7785160541534424,0.44385382533073425
YBL019W,YIR006C,0,-5.177663,0.14919355511665344,0.7785160541534424,0.44396457076072693
YHR157W,YFL033C,1,-5.1777525,0.1493740677833557,0.7796234488487244,0.44396457076072693
YHL025W,YHR214C-B,0,-5.1780224,0.1493423879146576,0.7796234488487244,0.4440753161907196
YGR108W,YMR190C,1,-5.1782565,0.1495227962732315,0.7807309031486511,0.4440753161907196
YMR068W,YDR435C,0,-5.1783113,0.1494911015033722,0.7807309031486511,0.4441860318183899
YJL063C,YBR198C,0,-5.1783967,0.14945940673351288,0.7807309031486511,0.44429677724838257
YHR068W,YOR162C,0,-5.1784115,0.14942772686481476,0.7807309031486511,0.44440752267837524
YOR295W,YGR094W,0,-5.179106,0.14939606189727783,0.7807309031486511,0.4445182681083679
YEL018W,YGL136C,0,-5.1795535,0.1493644118309021,0.7807309031486511,0.4446290135383606
YLR370C,YOR356W,0,-5.179569,0.14933276176452637,0.7807309031486511,0.44473975896835327
YPR033C,YCR027C,0,-5.1796618,0.14930114150047302,0.7807309031486511,0.44485050439834595
YLR214W,YHR081W,0,-5.180248,0.14926953613758087,0.7807309031486511,0.4449612498283386
YNL042W,YKL058W,0,-5.18036,0.14923793077468872,0.7807309031486511,0.4450719952583313
YJR050W,YDL020C,0,-5.1804833,0.14920635521411896,0.7807309031486511,0.4451827108860016
YOL094C,YHR048W,0,-5.1805043,0.1491747796535492,0.7807309031486511,0.44529345631599426
YMR285C,YGR197C,0,-5.180734,0.14914321899414062,0.7807309031486511,0.44540420174598694
YGR145W,YFR051C,0,-5.1809196,0.14911167323589325,0.7807309031486511,0.4455149471759796
YDR153C,YER054C,0,-5.1811376,0.14908014237880707,0.7807309031486511,0.4456256926059723
YAL053W,YOR274W,0,-5.1814384,0.14904862642288208,0.7807309031486511,0.44573643803596497
YLR405W,YKL152C,0,-5.1821237,0.1490171253681183,0.7807309031486511,0.44584718346595764
YGL025C,YGR082W,0,-5.1821523,0.1489856243133545,0.7807309031486511,0.4459579288959503
YLR347C,YML021C,0,-5.1832395,0.14895415306091309,0.7807309031486511,0.446068674325943
YLR328W,YDR473C,0,-5.1834183,0.14892268180847168,0.7807309031486511,0.4461793899536133
YBR072W,YPL159C,0,-5.183445,0.14889124035835266,0.7807309031486511,0.44629013538360596
YEL065W,YML064C,0,-5.1834455,0.14885979890823364,0.7807309031486511,0.44640088081359863
YNL223W,YLR223C,0,-5.1835933,0.14882837235927582,0.7807309031486511,0.4465116262435913
YLL009C,YJR120W,0,-5.1846075,0.1487969607114792,0.7807309031486511,0.446622371673584
YNR059W,YJL045W,0,-5.184797,0.14876556396484375,0.7807309031486511,0.44673311710357666
YNL117W,YPR161C,0,-5.185082,0.1487341821193695,0.7807309031486511,0.44684386253356934
YLR429W,YBR272C,0,-5.185558,0.14870280027389526,0.7807309031486511,0.446954607963562
YJL024C,YKL015W,0,-5.1861277,0.1486714482307434,0.7807309031486511,0.4470653235912323
YER133W,YHR152W,1,-5.1867394,0.1488509327173233,0.7818382978439331,0.4470653235912323
YCR024C-A,YML088W,0,-5.1872225,0.14881956577301025,0.7818382978439331,0.447176069021225
YLR186W,YGR267C,0,-5.1874943,0.1487881988286972,0.7818382978439331,0.44728681445121765
YIR017C,YJR002W,0,-5.1876836,0.14875684678554535,0.7818382978439331,0.4473975598812103
YLR016C,YBL034C,0,-5.1879725,0.1487255096435547,0.7818382978439331,0.447508305311203
YHR197W,YJL045W,0,-5.1883416,0.14869418740272522,0.7818382978439331,0.4476190507411957
YLR401C,YBR095C,0,-5.188886,0.14866288006305695,0.7818382978439331,0.44772979617118835
YEL018W,YAR042W,0,-5.18938,0.14863157272338867,0.7818382978439331,0.44784054160118103
YIL033C,YKR028W,0,-5.189446,0.14860029518604279,0.7818382978439331,0.4479512870311737
YGL166W,YOL102C,0,-5.189466,0.1485690176486969,0.7818382978439331,0.448062002658844
YER174C,YKR014C,0,-5.1897492,0.1485377699136734,0.7818382978439331,0.44817274808883667
YGR167W,YOR032C,0,-5.190087,0.1485065221786499,0.7818382978439331,0.44828349351882935
YPR119W,YOL080C,0,-5.1904273,0.1484752893447876,0.7818382978439331,0.448394238948822
YLR368W,YOR297C,0,-5.19046,0.1484440714120865,0.7818382978439331,0.4485049843788147
YER149C,YGR143W,0,-5.190524,0.14841286838054657,0.7818382978439331,0.4486157298088074
YMR068W,YBL005W-A,0,-5.1905847,0.14838168025016785,0.7818382978439331,0.44872647523880005
YCR088W,YJL143W,0,-5.1913824,0.14835049211978912,0.7818382978439331,0.4488372206687927
YJL003W,YAR031W,0,-5.191453,0.1483193337917328,0.7818382978439331,0.4489479660987854
YOR371C,YGL111W,0,-5.1921873,0.14828817546367645,0.7818382978439331,0.4490586817264557
YHR191C,YOR030W,0,-5.1922784,0.1482570320367813,0.7818382978439331,0.44916942715644836
YJL100W,YBR060C,0,-5.1927757,0.14822590351104736,0.7818382978439331,0.44928017258644104
YOL165C,YOR109W,0,-5.1928144,0.1481947898864746,0.7818382978439331,0.4493909180164337
YPL132W,YLR403W,0,-5.193641,0.14816369116306305,0.7818382978439331,0.4495016634464264
YOR198C,YIL132C,1,-5.193951,0.14834243059158325,0.7829457521438599,0.4495016634464264
YDR123C,YIL114C,0,-5.1944776,0.1483113020658493,0.7829457521438599,0.44961240887641907
YAR042W,YDR145W,0,-5.1946826,0.14828020334243774,0.7829457521438599,0.44972315430641174
YKL110C,YML040W,0,-5.1947627,0.14824910461902618,0.7829457521438599,0.4498338997364044
YPR119W,YNR046W,0,-5.194793,0.148218035697937,0.7829457521438599,0.4499446153640747
YJR050W,YEL057C,0,-5.1950364,0.14818696677684784,0.7829457521438599,0.4500553607940674
YGR140W,YIL042C,0,-5.1950502,0.14815591275691986,0.7829457521438599,0.45016610622406006
YJR019C,YHR048W,0,-5.19507,0.14812487363815308,0.7829457521438599,0.45027685165405273
YLR056W,YGR270W,0,-5.195722,0.1480938345193863,0.7829457521438599,0.4503875970840454
YMR198W,YHR157W,1,-5.196256,0.14827224612236023,0.7840531468391418,0.4503875970840454
YKL176C,YMR067C,0,-5.1965175,0.14824120700359344,0.7840531468391418,0.4504983425140381
YDR141C,YCR028C-A,0,-5.196735,0.14821016788482666,0.7840531468391418,0.45060908794403076
YNL094W,YBR272C,0,-5.1970525,0.14817915856838226,0.7840531468391418,0.45071983337402344
YLR401C,YDR103W,0,-5.197078,0.14814814925193787,0.7840531468391418,0.4508305788040161
YER054C,YPL157W,0,-5.197192,0.14811715483665466,0.7840531468391418,0.4509412944316864
YLR353W,YOR281C,0,-5.1973505,0.14808617532253265,0.7840531468391418,0.4510520398616791
YBR110W,YER041W,0,-5.197518,0.14805521070957184,0.7840531468391418,0.45116278529167175
YGL144C,YKL041W,0,-5.1983542,0.14802424609661102,0.7840531468391418,0.45127353072166443
YLR318W,YDR464W,0,-5.198467,0.1479933112859726,0.7840531468391418,0.4513842761516571
YDR150W,YMR243C,0,-5.198547,0.14796237647533417,0.7840531468391418,0.4514950215816498
YOR270C,YAR010C,0,-5.1987305,0.14793147146701813,0.7840531468391418,0.45160576701164246
YGL090W,YMR305C,0,-5.1988106,0.1479005664587021,0.7840531468391418,0.45171651244163513
YNL041C,YGL169W,0,-5.1995544,0.14786967635154724,0.7840531468391418,0.4518272280693054
YEL063C,YFR008W,0,-5.199708,0.1478388011455536,0.7840531468391418,0.4519379734992981
YDR461W,YEL031W,0,-5.1999283,0.14780792593955994,0.7840531468391418,0.45204871892929077
YPL086C,YCL051W,0,-5.2000036,0.14777708053588867,0.7840531468391418,0.45215946435928345
YPR019W,YOR315W,0,-5.2001057,0.1477462500333786,0.7840531468391418,0.4522702097892761
YLR114C,YLR145W,0,-5.201086,0.14771541953086853,0.7840531468391418,0.4523809552192688
YML105C,YDL120W,0,-5.201119,0.14768460392951965,0.7840531468391418,0.4524917006492615
YDR052C,YJL001W,0,-5.2012224,0.14765380322933197,0.7840531468391418,0.45260244607925415
YLR411W,YOR119C,0,-5.201412,0.14762301743030548,0.7840531468391418,0.4527131915092468
YBR088C,YDR457W,0,-5.2014675,0.14759224653244019,0.7840531468391418,0.4528239071369171
YHR118C,YBR293W,0,-5.2019224,0.14756149053573608,0.7840531468391418,0.4529346525669098
YHR120W,YOR315W,0,-5.2023377,0.14753073453903198,0.7840531468391418,0.45304539799690247
YDL030W,YBR228W,0,-5.2024913,0.14749999344348907,0.7840531468391418,0.45315614342689514
YGL021W,YIL114C,0,-5.2025075,0.14746928215026855,0.7840531468391418,0.4532668888568878
YML116W,YKL099C,0,-5.203118,0.14743857085704803,0.7840531468391418,0.4533776342868805
YOR265W,YBR294W,0,-5.20347,0.1474078744649887,0.7840531468391418,0.45348837971687317
YLL043W,YLR145W,0,-5.2041154,0.14737719297409058,0.7840531468391418,0.45359912514686584
YNL250W,YHR152W,1,-5.2049975,0.14755463600158691,0.7851606011390686,0.45359912514686584
YKR022C,YIL138C,0,-5.205006,0.1475239247083664,0.7851606011390686,0.4537098705768585
YHR152W,YOR229W,1,-5.2051053,0.14770126342773438,0.7862679958343506,0.4537098705768585
YIL035C,YBR102C,0,-5.205109,0.14767055213451385,0.7862679958343506,0.4538205862045288
YOL005C,YBR293W,0,-5.205425,0.14763984084129333,0.7862679958343506,0.4539313316345215
YLR265C,YDR247W,0,-5.20612,0.147609144449234,0.7862679958343506,0.45404207706451416
YMR235C,YDR416W,0,-5.2065754,0.14757846295833588,0.7862679958343506,0.45415282249450684
YOR046C,YBR093C,0,-5.206879,0.14754779636859894,0.7862679958343506,0.4542635679244995
YOL165C,YIL042C,0,-5.2069454,0.1475171446800232,0.7862679958343506,0.4543743133544922
YJR029W,YNR064C,0,-5.2071557,0.14748649299144745,0.7862679958343506,0.45448505878448486
YKL074C,YJL089W,0,-5.2078714,0.1474558711051941,0.7862679958343506,0.45459580421447754
YNL117W,YER151C,0,-5.208094,0.14742524921894073,0.7862679958343506,0.4547065198421478
YJL178C,YOR069W,0,-5.2081103,0.14739464223384857,0.7862679958343506,0.4548172652721405
YBL084C,YJL063C,0,-5.208277,0.1473640501499176,0.7862679958343506,0.4549280107021332
YMR319C,YML040W,0,-5.2083178,0.14733347296714783,0.7862679958343506,0.45503875613212585
YDR108W,YML128C,1,-5.20943,0.1475103795528412,0.7873753905296326,0.45503875613212585
YBL023C,YJL042W,0,-5.2095227,0.14747977256774902,0.7873753905296326,0.45514950156211853
YIL016W,YCR073C,0,-5.2095838,0.14744919538497925,0.7873753905296326,0.4552602469921112
YBR272C,YOL112W,0,-5.209677,0.14741861820220947,0.7873753905296326,0.4553709924221039
YMR220W,YEL032W,0,-5.210055,0.1473880559206009,0.7873753905296326,0.45548173785209656
YNR044W,YMR164C,0,-5.211716,0.1473575085401535,0.7873753905296326,0.45559248328208923
YOR274W,YGL144C,0,-5.212087,0.1473269760608673,0.7873753905296326,0.4557031989097595
YOR332W,YKL126W,0,-5.2121263,0.1472964584827423,0.7873753905296326,0.4558139443397522
YDL044C,YDL185W,0,-5.2123504,0.1472659558057785,0.7873753905296326,0.4559246897697449
YBL019W,YOR147W,0,-5.2124066,0.1472354531288147,0.7873753905296326,0.45603543519973755
YNR059W,YDR172W,0,-5.2124124,0.14720496535301208,0.7873753905296326,0.4561461806297302
YKL152C,YBR060C,0,-5.2127795,0.14717449247837067,0.7873753905296326,0.4562569260597229
YGR108W,YFL037W,1,-5.213023,0.1473509967327118,0.7884828448295593,0.4562569260597229
YPR128C,YBR193C,0,-5.213857,0.14732050895690918,0.7884828448295593,0.4563676714897156
YDL231C,YGL070C,0,-5.214602,0.14729003608226776,0.7884828448295593,0.45647841691970825
YGR147C,YOL080C,0,-5.2146697,0.14725956320762634,0.7884828448295593,0.45658913254737854
YOR023C,YOR001W,0,-5.2148643,0.1472291201353073,0.7884828448295593,0.4566998779773712
YLR043C,YPL020C,0,-5.215101,0.14719867706298828,0.7884828448295593,0.4568106234073639
YJL020C,YOL042W,0,-5.2153344,0.14716824889183044,0.7884828448295593,0.45692136883735657
YMR042W,YDR247W,0,-5.2157025,0.1471378356218338,0.7884828448295593,0.45703211426734924
YPR171W,YML021C,0,-5.2159753,0.14710743725299835,0.7884828448295593,0.4571428596973419
YDR091C,YDR082W,0,-5.216048,0.1470770537853241,0.7884828448295593,0.4572536051273346
YBR036C,YOL080C,0,-5.216796,0.14704667031764984,0.7884828448295593,0.45736435055732727
YAL041W,YEL056W,0,-5.2168922,0.14701631665229797,0.7884828448295593,0.45747509598731995
YJR078W,YNR048W,0,-5.2169533,0.1469859629869461,0.7884828448295593,0.45758581161499023
YML128C,YNL250W,1,-5.2170634,0.14716202020645142,0.7895902395248413,0.45758581161499023
YBR290W,YLR223C,0,-5.2173276,0.14713165163993835,0.7895902395248413,0.4576965570449829
YGR085C,YDR464W,0,-5.217754,0.1471012979745865,0.7895902395248413,0.4578073024749756
YGL136C,YOR308C,0,-5.2180963,0.1470709592103958,0.7895902395248413,0.45791804790496826
YGR166W,YML064C,0,-5.218283,0.14704062044620514,0.7895902395248413,0.45802879333496094
YOR198C,YPL042C,1,-5.218367,0.14721649885177612,0.7906976938247681,0.45802879333496094
YJL062W,YGL207W,0,-5.219056,0.14718614518642426,0.7906976938247681,0.4581395387649536
YLR231C,YMR053C,0,-5.219125,0.14715580642223358,0.7906976938247681,0.4582502841949463
YDR489W,YDR400W,0,-5.2195067,0.1471254825592041,0.7906976938247681,0.45836102962493896
YFR024C-A,YOL102C,0,-5.219544,0.14709517359733582,0.7906976938247681,0.45847177505493164
YDL085W,YJL061W,0,-5.220386,0.14706487953662872,0.7906976938247681,0.45858249068260193
YLR370C,YGR270W,0,-5.220698,0.14703460037708282,0.7906976938247681,0.4586932361125946
YMR276W,YLR141W,0,-5.2211742,0.14700432121753693,0.7906976938247681,0.4588039815425873
YGR167W,YBR294W,0,-5.2214785,0.14697405695915222,0.7906976938247681,0.45891472697257996
YLR117C,YOL042W,0,-5.2215247,0.1469438225030899,0.7906976938247681,0.45902547240257263
YMR190C,YCR033W,1,-5.221802,0.14711934328079224,0.79180508852005,0.45902547240257263
YOR274W,YKL041W,0,-5.222082,0.14708907902240753,0.79180508852005,0.4591362178325653
YMR287C,YNL182C,0,-5.2223024,0.14705882966518402,0.79180508852005,0.459246963262558
YBL057C,YGR099W,0,-5.2236,0.1470285803079605,0.79180508852005,0.45935770869255066
YJR078W,YLL002W,0,-5.2236257,0.1469983607530594,0.79180508852005,0.45946842432022095
YGR145W,YAR031W,0,-5.2243924,0.14696814119815826,0.79180508852005,0.4595791697502136
YOR335C,YDL077C,0,-5.224721,0.14693793654441833,0.79180508852005,0.4596899151802063
YJR063W,YDR103W,0,-5.2250123,0.1469077467918396,0.79180508852005,0.459800660610199
YBR085W,YNL223W,0,-5.225446,0.14687757194042206,0.79180508852005,0.45991140604019165
YKL152C,YKR022C,0,-5.2256007,0.14684739708900452,0.79180508852005,0.4600221514701843
YKR022C,YBR296C,0,-5.2256837,0.14681725203990936,0.79180508852005,0.460132896900177
YMR314W,YLR043C,0,-5.226209,0.1467871069908142,0.79180508852005,0.4602436423301697
YDR487C,YHR154W,0,-5.2263265,0.14675697684288025,0.79180508852005,0.46035438776016235
YPL231W,YOR371C,0,-5.226998,0.14672686159610748,0.79180508852005,0.46046510338783264
YDR123C,YDL064W,0,-5.2272305,0.1466967612504959,0.79180508852005,0.4605758488178253
YFR046C,YJL061W,0,-5.2280736,0.14666666090488434,0.79180508852005,0.460686594247818
YDR082W,YGL255W,0,-5.2284427,0.14663659036159515,0.79180508852005,0.46079733967781067
YDR488C,YDL190C,0,-5.228891,0.14660651981830597,0.79180508852005,0.46090808510780334
YHR015W,YLR452C,0,-5.229199,0.14657646417617798,0.79180508852005,0.461018830537796
YOR198C,YDR446W,1,-5.2296352,0.14675138890743256,0.7929125428199768,0.461018830537796
YKL190W,YDL044C,0,-5.23023,0.14672131836414337,0.7929125428199768,0.4611295759677887
YDR238C,YER161C,0,-5.230432,0.1466912478208542,0.7929125428199768,0.46124032139778137
YOR266W,YDR324C,0,-5.23145,0.1466612070798874,0.7929125428199768,0.46135106682777405
YLR223C,YJL192C,0,-5.2316766,0.1466311663389206,0.7929125428199768,0.46146178245544434
YNL271C,YER053C,0,-5.231763,0.146601140499115,0.7929125428199768,0.461572527885437
YMR264W,YFR008W,0,-5.23178,0.14657112956047058,0.7929125428199768,0.4616832733154297
YLR114C,YOR373W,0,-5.2317824,0.14654113352298737,0.7929125428199768,0.46179401874542236
YDR118W,YBL018C,0,-5.2328644,0.14651115238666534,0.7929125428199768,0.46190476417541504
YNR027W,YMR188C,0,-5.232927,0.14648117125034332,0.7929125428199768,0.4620155096054077
YKR031C,YNL046W,0,-5.2332253,0.1464512199163437,0.7929125428199768,0.4621262550354004
YMR015C,YHR086W,0,-5.23358,0.14642126858234406,0.7929125428199768,0.46223700046539307
YDL076C,YDR407C,0,-5.233587,0.14639133214950562,0.7929125428199768,0.46234771609306335
YJL003W,YGR113W,0,-5.233708,0.14636141061782837,0.7929125428199768,0.46245846152305603
YIL040W,YJR050W,0,-5.2339272,0.14633148908615112,0.7929125428199768,0.4625692069530487
YHR091C,YNR053C,0,-5.234175,0.14630159735679626,0.7929125428199768,0.4626799523830414
YJR069C,YBR015C,0,-5.2346654,0.1462717056274414,0.7929125428199768,0.46279069781303406
YOR354C,YOR073W,1,-5.2353973,0.1464460790157318,0.7940199375152588,0.46279069781303406
YDL044C,YDL064W,0,-5.2358155,0.14641617238521576,0.7940199375152588,0.46290144324302673
YER174C,YGR085C,0,-5.2358522,0.1463862806558609,0.7940199375152588,0.4630121886730194
YGR094W,YLR301W,0,-5.2361803,0.14635640382766724,0.7940199375152588,0.4631229341030121
YLR368W,YJR019C,0,-5.236254,0.14632652699947357,0.7940199375152588,0.46323367953300476
YER108C,YDR529C,0,-5.2366233,0.1462966799736023,0.7940199375152588,0.46334439516067505
YLR114C,YDR145W,0,-5.2368093,0.14626683294773102,0.7940199375152588,0.4634551405906677
YDR377W,YIL138C,0,-5.2372956,0.14623700082302094,0.7940199375152588,0.4635658860206604
YDR216W,YOR023C,0,-5.2375197,0.14620718359947205,0.7940199375152588,0.4636766314506531
YKR022C,YNL206C,0,-5.2377715,0.14617736637592316,0.7940199375152588,0.46378737688064575
YPR128C,YIL098C,0,-5.237829,0.14614757895469666,0.7940199375152588,0.4638981223106384
YEL032W,YKL051W,0,-5.238037,0.14611779153347015,0.7940199375152588,0.4640088677406311
YEL032W,YBR097W,0,-5.238065,0.14608801901340485,0.7940199375152588,0.4641196131706238
YJR158W,YLR134W,0,-5.238095,0.14605826139450073,0.7940199375152588,0.46423032879829407
YCR082W,YLR145W,0,-5.238271,0.1460285186767578,0.7940199375152588,0.46434107422828674
YNL278W,YMR316W,0,-5.2386703,0.1459987759590149,0.7940199375152588,0.4644518196582794
YEL063C,YDR358W,0,-5.2390585,0.14596904814243317,0.7940199375152588,0.4645625650882721
YPR131C,YOR315W,0,-5.239062,0.14593935012817383,0.7940199375152588,0.46467331051826477
YBR079C,YAR010C,0,-5.2390666,0.1459096521139145,0.7940199375152588,0.46478405594825745
YMR314W,YMR235C,0,-5.239252,0.14587995409965515,0.7940199375152588,0.4648948013782501
YFR021W,YJR019C,0,-5.2393928,0.1458502858877182,0.7940199375152588,0.4650055468082428
YOR109W,YDR394W,0,-5.240039,0.14582061767578125,0.7940199375152588,0.4651162922382355
YOL021C,YDR450W,0,-5.240216,0.1457909792661667,0.7940199375152588,0.46522700786590576
YFL039C,YOR001W,0,-5.2422023,0.14576134085655212,0.7940199375152588,0.46533775329589844
YLR145W,YGR094W,0,-5.2423,0.14573170244693756,0.7940199375152588,0.4654484987258911
YMR101C,YGR128C,0,-5.242507,0.14570209383964539,0.7940199375152588,0.4655592441558838
YER051W,YLR403W,0,-5.243022,0.1456724852323532,0.7940199375152588,0.46566998958587646
YBR296C,YJR063W,0,-5.2434473,0.14564290642738342,0.7940199375152588,0.46578073501586914
YLR223C,YPR100W,0,-5.243817,0.14561332762241364,0.7940199375152588,0.4658914804458618
YHR118C,YMR313C,0,-5.2439427,0.14558376371860504,0.7940199375152588,0.4660022258758545
YER133W,YDL115C,1,-5.244987,0.14575721323490143,0.7951273322105408,0.4660022258758545
YLR131C,YDL208W,0,-5.246102,0.14572761952877045,0.7951273322105408,0.46611297130584717
YPL123C,YPL193W,0,-5.247504,0.14569805562496185,0.7951273322105408,0.46622368693351746
YBR110W,YIL138C,0,-5.24789,0.14566849172115326,0.7951273322105408,0.46633443236351013
YOL042W,YOR035C,0,-5.2483234,0.14563894271850586,0.7951273322105408,0.4664451777935028
YMR287C,YOL071W,0,-5.2490687,0.14560940861701965,0.7951273322105408,0.4665559232234955
YPL123C,YGR213C,0,-5.249682,0.14557988941669464,0.7951273322105408,0.46666666865348816
YLL022C,YJR019C,0,-5.2502074,0.14555037021636963,0.7951273322105408,0.46677741408348083
YOL044W,YEL050C,0,-5.250913,0.145520880818367,0.7951273322105408,0.4668881595134735
YDL231C,YPL128C,0,-5.25185,0.14549139142036438,0.7951273322105408,0.4669989049434662
YGL245W,YDR443C,0,-5.2522736,0.14546191692352295,0.7951273322105408,0.4671096205711365
YBR202W,YDR123C,0,-5.2523217,0.14543244242668152,0.7951273322105408,0.46722036600112915
YKL179C,YGL070C,0,-5.252753,0.14540299773216248,0.7951273322105408,0.4673311114311218
YPR005C,YGR028W,0,-5.2533197,0.14537355303764343,0.7951273322105408,0.4674418568611145
YLR399C,YGR108W,1,-5.2533727,0.145546555519104,0.7962347865104675,0.4674418568611145
YHR091C,YNL138W,0,-5.2537694,0.14551709592342377,0.7962347865104675,0.4675526022911072
YBR072W,YMR088C,0,-5.253808,0.14548765122890472,0.7962347865104675,0.46766334772109985
YGL200C,YCL010C,0,-5.2538514,0.14545822143554688,0.7962347865104675,0.46777409315109253
YCR086W,YCR033W,1,-5.254357,0.1456310749053955,0.7973421812057495,0.46777409315109253
YDR284C,YMR182C,0,-5.2544503,0.14560161530971527,0.7973421812057495,0.4678848385810852
YCR086W,YPL139C,1,-5.2545056,0.14577436447143555,0.7984496355056763,0.4678848385810852
YOR025W,YEL026W,0,-5.2551665,0.14574488997459412,0.7984496355056763,0.4679955840110779
YOL021C,YPL001W,0,-5.255175,0.14571544528007507,0.7984496355056763,0.46810629963874817
YHR157W,YOR014W,1,-5.255343,0.1458880603313446,0.7995570302009583,0.46810629963874817
YBR036C,YOR157C,0,-5.2558465,0.14585858583450317,0.7995570302009583,0.46821704506874084
YFR048W,YOR256C,0,-5.2559085,0.14582912623882294,0.7995570302009583,0.4683277904987335
YKL020C,YDL244W,0,-5.256478,0.1457996815443039,0.7995570302009583,0.4684385359287262
YOL139C,YPL231W,0,-5.2569394,0.14577023684978485,0.7995570302009583,0.46854928135871887
YKR046C,YBR296C,0,-5.257157,0.1457408219575882,0.7995570302009583,0.46866002678871155
YMR234W,YGR197C,0,-5.257869,0.14571140706539154,0.7995570302009583,0.4687707722187042
YDL099W,YPL016W,0,-5.2580643,0.14568200707435608,0.7995570302009583,0.4688815176486969
YPL170W,YJR042W,0,-5.2598624,0.14565260708332062,0.7995570302009583,0.4689922332763672
YOL044W,YDR167W,0,-5.260154,0.14562323689460754,0.7995570302009583,0.46910297870635986
YCR033W,YOR229W,1,-5.260788,0.1457955241203308,0.8006644248962402,0.46910297870635986
YHR107C,YLR256W,0,-5.2610936,0.14576612412929535,0.8006644248962402,0.46921372413635254
YDR153C,YBR294W,0,-5.261273,0.14573675394058228,0.8006644248962402,0.4693244695663452
YJL117W,YBL103C,0,-5.2617316,0.145707368850708,0.8006644248962402,0.4694352149963379
YJR078W,YMR067C,0,-5.261945,0.14567801356315613,0.8006644248962402,0.46954596042633057
YOR232W,YDR018C,0,-5.2621207,0.14564867317676544,0.8006644248962402,0.46965670585632324
YBR245C,YHR050W,0,-5.262122,0.14561933279037476,0.8006644248962402,0.4697674512863159
YER016W,YCL033C,0,-5.2623863,0.14559000730514526,0.8006644248962402,0.4698781967163086
YNL031C,YDL093W,0,-5.262716,0.14556069672107697,0.8006644248962402,0.4699889123439789
YJL100W,YGL244W,0,-5.262739,0.14553140103816986,0.8006644248962402,0.47009965777397156
YDR057W,YKR014C,0,-5.262955,0.14550212025642395,0.8006644248962402,0.47021040320396423
YBR193C,YOR188W,0,-5.2636,0.14547283947467804,0.8006644248962402,0.4703211486339569
YML128C,YGL249W,1,-5.2650537,0.14564473927021027,0.801771879196167,0.4703211486339569
YPR128C,YER016W,0,-5.2658544,0.14561544358730316,0.801771879196167,0.4704318940639496
YKR046C,YPL212C,0,-5.265881,0.14558616280555725,0.801771879196167,0.47054263949394226
YBL069W,YOR284W,0,-5.266393,0.14555689692497253,0.801771879196167,0.47065338492393494
YAL013W,YOR256C,0,-5.266633,0.14552763104438782,0.801771879196167,0.4707641303539276
YGR108W,YPR007C,1,-5.267066,0.14569935202598572,0.802879273891449,0.4707641303539276
YJL146W,YMR190C,1,-5.2671742,0.14587101340293884,0.8039867281913757,0.4707641303539276
YPL154C,YDR479C,0,-5.2671785,0.14584170281887054,0.8039867281913757,0.4708748757839203
YLR399C,YJL146W,1,-5.2682443,0.1460132598876953,0.8050941228866577,0.4708748757839203
YGR121C,YOR295W,0,-5.2684026,0.14598393440246582,0.8050941228866577,0.4709855914115906
YKL015W,YDR407C,0,-5.2686706,0.14595462381839752,0.8050941228866577,0.47109633684158325
YBL014C,YBR294W,0,-5.268684,0.14592532813549042,0.8050941228866577,0.4712070822715759
YNL142W,YGR006W,0,-5.2690816,0.1458960473537445,0.8050941228866577,0.4713178277015686
YPR034W,YDL212W,0,-5.269389,0.1458667665719986,0.8050941228866577,0.4714285731315613
YJR119C,YER127W,0,-5.269919,0.14583751559257507,0.8050941228866577,0.47153931856155396
YLR186W,YML051W,0,-5.270085,0.14580826461315155,0.8050941228866577,0.47165006399154663
YMR042W,YBR142W,0,-5.270126,0.14577902853488922,0.8050941228866577,0.4717608094215393
YNL251C,YKL041W,0,-5.2702208,0.1457497924566269,0.8050941228866577,0.4718715250492096
YLR176C,YKL041W,0,-5.270757,0.14572058618068695,0.8050941228866577,0.47198227047920227
YLR399C,YPL022W,1,-5.2714753,0.14589178562164307,0.8062015771865845,0.47198227047920227
YEL015W,YDL161W,0,-5.271663,0.14586254954338074,0.8062015771865845,0.47209301590919495
YBR121C,YEL034W,0,-5.2718167,0.1458333283662796,0.8062015771865845,0.4722037613391876
YLR114C,YNR046W,0,-5.2721562,0.14580412209033966,0.8062015771865845,0.4723145067691803
YGR244C,YKR101W,0,-5.2725153,0.1457749307155609,0.8062015771865845,0.472425252199173
YKL190W,YDR489W,0,-5.272647,0.14574573934078217,0.8062015771865845,0.47253599762916565
YCL051W,YJL093C,0,-5.2728305,0.1457165777683258,0.8062015771865845,0.4726467430591583
YLR371W,YDR450W,0,-5.27294,0.14568741619586945,0.8062015771865845,0.472757488489151
YDR101C,YOR162C,0,-5.2731166,0.14565826952457428,0.8062015771865845,0.4728682041168213
YLR176C,YOR256C,0,-5.274241,0.1456291228532791,0.8062015771865845,0.47297894954681396
YFL039C,YPL206C,0,-5.274445,0.14560000598430634,0.8062015771865845,0.47308969497680664
YDR062W,YGL169W,0,-5.274592,0.14557088911533356,0.8062015771865845,0.4732004404067993
YLL009C,YDR389W,0,-5.274876,0.14554178714752197,0.8062015771865845,0.473311185836792
YNL113W,YMR313C,0,-5.2752323,0.1455126851797104,0.8062015771865845,0.47342193126678467
YER045C,YFL059W,0,-5.2753224,0.1454836130142212,0.8062015771865845,0.47353267669677734
YGR166W,YDL130W-A,0,-5.2757325,0.145454540848732,0.8062015771865845,0.47364342212677
YHR055C,YKR022C,0,-5.2758455,0.145425483584404,0.8062015771865845,0.4737541675567627
YPR017C,YDR489W,0,-5.276032,0.14539644122123718,0.8062015771865845,0.473864883184433
YHL048W,YCR098C,0,-5.2764077,0.14536741375923157,0.8062015771865845,0.47397562861442566
YLR238W,YDL077C,0,-5.2767034,0.14533838629722595,0.8062015771865845,0.47408637404441833
YKL032C,YJL061W,0,-5.277016,0.14530938863754272,0.8062015771865845,0.474197119474411
YGL119W,YPL206C,0,-5.2772703,0.1452803760766983,0.8062015771865845,0.4743078649044037
YKL135C,YEL009C,0,-5.277376,0.14525139331817627,0.8062015771865845,0.47441861033439636
YNR035C,YMR314W,0,-5.277395,0.14522242546081543,0.8062015771865845,0.47452935576438904
YPL042C,YFL037W,1,-5.2775464,0.14539289474487305,0.8073089718818665,0.47452935576438904
YJR002W,YML021C,0,-5.2778482,0.145363911986351,0.8073089718818665,0.4746401011943817
YDR268W,YBL035C,0,-5.277987,0.14533492922782898,0.8073089718818665,0.474750816822052
YER095W,YPL042C,1,-5.2785764,0.14550527930259705,0.8084163665771484,0.474750816822052
YDL004W,YDR353W,0,-5.279053,0.14547628164291382,0.8084163665771484,0.4748615622520447
YNL318C,YDL040C,0,-5.2790995,0.14544729888439178,0.8084163665771484,0.47497230768203735
YPL016W,YDR330W,0,-5.2796354,0.14541833102703094,0.8084163665771484,0.47508305311203003
YOL135C,YGL163C,0,-5.2799573,0.1453893631696701,0.8084163665771484,0.4751937985420227
YGR167W,YDL194W,0,-5.2801046,0.14536041021347046,0.8084163665771484,0.4753045439720154
YBR040W,YJR007W,0,-5.2803693,0.145331472158432,0.8084163665771484,0.47541528940200806
YNL286W,YMR204C,0,-5.2807636,0.14530254900455475,0.8084163665771484,0.47552603483200073
YOL021C,YPR161C,0,-5.2808375,0.1452736258506775,0.8084163665771484,0.4756367802619934
YBL069W,YNL042W,0,-5.2810097,0.14524473249912262,0.8084163665771484,0.4757474958896637
YGR188C,YOL151W,0,-5.2812543,0.14521583914756775,0.8084163665771484,0.47585824131965637
YOL051W,YGR007W,0,-5.281384,0.14518694579601288,0.8084163665771484,0.47596898674964905
YOR046C,YOR003W,0,-5.282081,0.1451580822467804,0.8084163665771484,0.4760797321796417
YNL214W,YGR002C,0,-5.282145,0.1451292186975479,0.8084163665771484,0.4761904776096344
YGR108W,YML095C,1,-5.282298,0.14529915153980255,0.8095238208770752,0.4761904776096344
YKL001C,YAR042W,0,-5.2825255,0.14527027308940887,0.8095238208770752,0.4763012230396271
YDR158W,YGL014W,0,-5.282806,0.1452414095401764,0.8095238208770752,0.47641196846961975
YGR085C,YEL065W,0,-5.2829165,0.1452125608921051,0.8095238208770752,0.4765227138996124
YOR032C,YIL016W,0,-5.283136,0.1451837122440338,0.8095238208770752,0.4766334295272827
YMR240C,YOR109W,0,-5.2831364,0.14515487849712372,0.8095238208770752,0.4767441749572754
YHR072W,YBR097W,0,-5.2832522,0.145126074552536,0.8095238208770752,0.47685492038726807
YIL004C,YHR086W,0,-5.2834735,0.1450972557067871,0.8095238208770752,0.47696566581726074
YMR167W,YMR190C,1,-5.2836146,0.14526692032814026,0.8106312155723572,0.47696566581726074
YCR088W,YDL137W,0,-5.2842746,0.14523810148239136,0.8106312155723572,0.4770764112472534
YBL103C,YJL054W,0,-5.2844844,0.14520928263664246,0.8106312155723572,0.4771871566772461
YCR034W,YPL159C,0,-5.2849426,0.14518047869205475,0.8106312155723572,0.47729790210723877
YML021C,YLR181C,0,-5.2856636,0.14515168964862823,0.8106312155723572,0.47740864753723145
YNR008W,YOR295W,0,-5.2858353,0.14512291550636292,0.8106312155723572,0.4775193929672241
YEL022W,YOR168W,0,-5.2860875,0.1450941562652588,0.8106312155723572,0.4776301085948944
YLR069C,YOR315W,0,-5.2869487,0.14506539702415466,0.8106312155723572,0.4777408540248871
YOR168W,YDR422C,0,-5.287045,0.14503665268421173,0.8106312155723572,0.47785159945487976
YJL020C,YDR238C,0,-5.2872434,0.14500792324543,0.8106312155723572,0.47796234488487244
YPL022W,YJL074C,1,-5.2874274,0.14517726004123688,0.8117386698722839,0.47796234488487244
YBL063W,YBR091C,0,-5.287847,0.14514851570129395,0.8117386698722839,0.4780730903148651
YMR015C,YML091C,0,-5.288212,0.145119771361351,0.8117386698722839,0.4781838357448578
YDR389W,YPR074C,0,-5.288421,0.14509105682373047,0.8117386698722839,0.47829458117485046
YJL003W,YPL144W,0,-5.288813,0.14506234228610992,0.8117386698722839,0.47840532660484314
YCR075C,YDR457W,0,-5.28949,0.14503364264965057,0.8117386698722839,0.4785160720348358
YGL119W,YLR405W,0,-5.289639,0.14500494301319122,0.8117386698722839,0.4786267876625061
YNL025C,YFL037W,1,-5.2900844,0.1451740562915802,0.8128460645675659,0.4786267876625061
YLR022C,YER111C,0,-5.2907977,0.14514534175395966,0.8128460645675659,0.4787375330924988
YFR024C-A,YPL016W,0,-5.290961,0.1451166421175003,0.8128460645675659,0.47884827852249146
YGL119W,YBL024W,0,-5.2911696,0.14508795738220215,0.8128460645675659,0.47895902395248413
YPR007C,YOR229W,1,-5.291875,0.1452569216489792,0.8139534592628479,0.47895902395248413
YLR223C,YLR254C,0,-5.2921734,0.14522822201251984,0.8139534592628479,0.4790697693824768
YHR043C,YOL135C,0,-5.292238,0.14519952237606049,0.8139534592628479,0.4791805148124695
YLR254C,YML010W,0,-5.2924023,0.14517085254192352,0.8139534592628479,0.47929126024246216
YNL278W,YLL024C,0,-5.293205,0.14514218270778656,0.8139534592628479,0.47940200567245483
YKR101W,YEL031W,0,-5.2934146,0.1451135277748108,0.8139534592628479,0.4795127213001251
YJR019C,YJR049C,0,-5.293925,0.14508487284183502,0.8139534592628479,0.4796234667301178
YDR518W,YHR120W,0,-5.294117,0.14505624771118164,0.8139534592628479,0.4797342121601105
YOR046C,YBL008W,0,-5.2943444,0.14502762258052826,0.8139534592628479,0.47984495759010315
YDR358W,YOR315W,0,-5.294593,0.14499901235103607,0.8139534592628479,0.4799557030200958
YFR046C,YER151C,0,-5.294846,0.14497041702270508,0.8139534592628479,0.4800664484500885
YDR123C,YPL270W,0,-5.295174,0.14494182169437408,0.8139534592628479,0.4801771938800812
YKL019W,YOL124C,0,-5.296817,0.14491325616836548,0.8139534592628479,0.48028793931007385
YOR335C,YDR082W,0,-5.2973423,0.14488469064235687,0.8139534592628479,0.48039868474006653
YMR083W,YBL008W,0,-5.2973905,0.14485612511634827,0.8139534592628479,0.4805094003677368
YKL019W,YML088W,0,-5.297513,0.14482758939266205,0.8139534592628479,0.4806201457977295
YCR012W,YLR452C,0,-5.2991176,0.14479905366897583,0.8139534592628479,0.48073089122772217
YLR399C,YCR086W,1,-5.299292,0.14496749639511108,0.8150609135627747,0.48073089122772217
YGL119W,YGR216C,0,-5.3000035,0.14493894577026367,0.8150609135627747,0.48084163665771484
YNL094W,YPL221W,0,-5.3002553,0.14491041004657745,0.8150609135627747,0.4809523820877075
YNL250W,YPL042C,1,-5.300767,0.14507873356342316,0.8161683082580566,0.4809523820877075
YIL079C,YIR017C,0,-5.3008776,0.14505018293857574,0.8161683082580566,0.4810631275177002
YDR302W,YMR067C,0,-5.3008966,0.14502164721488953,0.8161683082580566,0.48117387294769287
YLR399C,YML095C,1,-5.3013225,0.14518985152244568,0.8172757625579834,0.48117387294769287
YOR030W,YJL117W,0,-5.301831,0.14516128599643707,0.8172757625579834,0.48128461837768555
YER016W,YNL251C,0,-5.301912,0.14513275027275085,0.8172757625579834,0.48139533400535583
YHR191C,YPL218W,0,-5.30197,0.14510421454906464,0.8172757625579834,0.4815060794353485
YKL185W,YNR072W,0,-5.3023543,0.14507567882537842,0.8172757625579834,0.4816168248653412
YPL167C,YGL100W,0,-5.3025365,0.1450471729040146,0.8172757625579834,0.48172757029533386
YHR191C,YCR024C-A,0,-5.302634,0.14501866698265076,0.8172757625579834,0.48183831572532654
YCR066W,YOR315W,0,-5.302672,0.14499017596244812,0.8172757625579834,0.4819490611553192
YNL041C,YOL005C,0,-5.3029833,0.14496169984340668,0.8172757625579834,0.4820598065853119
YFR021W,YHL048W,0,-5.303005,0.14493322372436523,0.8172757625579834,0.48217055201530457
YMR112C,YLL002W,0,-5.3033195,0.14490477740764618,0.8172757625579834,0.48228129744529724
YOL042W,YDR103W,0,-5.3041997,0.14487633109092712,0.8172757625579834,0.48239201307296753
YOR011W,YNL197C,0,-5.304647,0.14484788477420807,0.8172757625579834,0.4825027585029602
YLR238W,YDR150W,0,-5.304674,0.1448194682598114,0.8172757625579834,0.4826135039329529
YEL015W,YJR126C,0,-5.305259,0.14479105174541473,0.8172757625579834,0.48272424936294556
YBR272C,YOR069W,0,-5.3056636,0.14476265013217926,0.8172757625579834,0.48283499479293823
YNR017W,YJR120W,0,-5.3058352,0.14473426342010498,0.8172757625579834,0.4829457402229309
YHR074W,YDR320C,0,-5.3059583,0.1447058767080307,0.8172757625579834,0.4830564856529236
YLR231C,YHR011W,0,-5.306077,0.1446775197982788,0.8172757625579834,0.48316723108291626
YGR280C,YKR089C,0,-5.306269,0.14464916288852692,0.8172757625579834,0.48327797651290894
YDL161W,YML034W,0,-5.3064837,0.14462080597877502,0.8172757625579834,0.4833886921405792
YCR086W,YFL033C,1,-5.3065653,0.14478839933872223,0.8183831572532654,0.4833886921405792
YGR055W,YNL123W,0,-5.306679,0.14476004242897034,0.8183831572532654,0.4834994375705719
YBR109C,YML021C,0,-5.306721,0.14473168551921844,0.8183831572532654,0.4836101830005646
YDR420W,YOR119C,0,-5.307027,0.14470334351062775,0.8183831572532654,0.48372092843055725
YPL231W,YDR103W,0,-5.307094,0.14467501640319824,0.8183831572532654,0.4838316738605499
YBL008W,YGR152C,0,-5.308365,0.14464670419692993,0.8183831572532654,0.4839424192905426
YBR205W,YGL169W,0,-5.3085127,0.14461839199066162,0.8183831572532654,0.4840531647205353
YPL237W,YOL028C,0,-5.3087115,0.1445900946855545,0.8183831572532654,0.48416391015052795
YJR158W,YNL197C,0,-5.309031,0.14456181228160858,0.8183831572532654,0.48427462577819824
YLL009C,YDR057W,0,-5.3091993,0.14453354477882385,0.8183831572532654,0.4843853712081909
YAL021C,YKL081W,0,-5.3096995,0.14450527727603912,0.8183831572532654,0.4844961166381836
YER133W,YJL074C,1,-5.310467,0.14467252790927887,0.8194906115531921,0.4844961166381836
YDR346C,YPR074C,0,-5.3104897,0.14464426040649414,0.8194906115531921,0.48460686206817627
YGR279C,YOR076C,0,-5.312057,0.1446159929037094,0.8194906115531921,0.48471760749816895
YDR245W,YGR013W,0,-5.312908,0.14458772540092468,0.8194906115531921,0.4848283529281616
YJR025C,YHR118C,0,-5.3138156,0.14455948770046234,0.8194906115531921,0.4849390983581543
YMR204C,YML028W,0,-5.3138595,0.14453125,0.8194906115531921,0.485049843788147
YDL093W,YDR077W,0,-5.3145833,0.14450302720069885,0.8194906115531921,0.48516058921813965
YAR019C,YKR022C,0,-5.314669,0.1444748193025589,0.8194906115531921,0.48527130484580994
YIL033C,YGL014W,0,-5.3154945,0.14444661140441895,0.8194906115531921,0.4853820502758026
YKL074C,YBR093C,0,-5.316089,0.14441841840744019,0.8194906115531921,0.4854927957057953
YNL031C,YAR010C,0,-5.316096,0.14439024031162262,0.8194906115531921,0.48560354113578796
YOR294W,YIL082W-A,0,-5.3167825,0.14436207711696625,0.8194906115531921,0.48571428656578064
YKR062W,YJR049C,0,-5.3169837,0.14433391392230988,0.8194906115531921,0.4858250319957733
YHR011W,YLR056W,0,-5.3188543,0.1443057656288147,0.8194906115531921,0.485935777425766
YDL149W,YLR405W,0,-5.3192058,0.1442776322364807,0.8194906115531921,0.48604652285575867
YIR017C,YDL040C,0,-5.3192344,0.14424951374530792,0.8194906115531921,0.48615726828575134
YAL041W,YHR050W,0,-5.3192706,0.14422139525413513,0.8194906115531921,0.48626798391342163
YNL145W,YDL076C,0,-5.3203697,0.14419329166412354,0.8194906115531921,0.4863787293434143
YGR166W,YDR394W,0,-5.3205395,0.14416520297527313,0.8194906115531921,0.486489474773407
YHR091C,YAL030W,0,-5.3205914,0.14413712918758392,0.8194906115531921,0.48660022020339966
YCL039W,YNR048W,0,-5.3212857,0.14410905539989471,0.8194906115531921,0.48671096563339233
YOR061W,YMR287C,0,-5.321426,0.1440809965133667,0.8194906115531921,0.486821711063385
YKR009C,YOR188W,0,-5.3219085,0.14405295252799988,0.8194906115531921,0.4869324564933777
YAR007C,YDR238C,0,-5.32232,0.14402490854263306,0.8194906115531921,0.48704320192337036
YOR074C,YCR093W,0,-5.3224473,0.14399687945842743,0.8194906115531921,0.48715391755104065
YBR202W,YER149C,0,-5.3231387,0.143968865275383,0.8194906115531921,0.4872646629810333
YGL244W,YJL192C,0,-5.3232417,0.14394086599349976,0.8194906115531921,0.487375408411026
YDR268W,YBL005W-A,0,-5.32341,0.1439128816127777,0.8194906115531921,0.4874861538410187
YLR369W,YNL046W,0,-5.323561,0.14388489723205566,0.8194906115531921,0.48759689927101135
YMR068W,YDR258C,0,-5.324407,0.1438569277524948,0.8194906115531921,0.48770764470100403
YGR119C,YHR154W,0,-5.3244615,0.14382895827293396,0.8194906115531921,0.4878183901309967
YGL245W,YPR074C,0,-5.325955,0.1438010036945343,0.8194906115531921,0.4879291355609894
YNL029C,YCR024C-A,0,-5.3260493,0.14377307891845703,0.8194906115531921,0.48803988099098206
YBR165W,YGL227W,0,-5.32648,0.14374513924121857,0.8194906115531921,0.48815059661865234
YJL014W,YLR223C,0,-5.3268256,0.1437172293663025,0.8194906115531921,0.488261342048645
YOR023C,YJL058C,0,-5.3270726,0.1436893194913864,0.8194906115531921,0.4883720874786377
YJL196C,YOL044W,0,-5.3272543,0.14366142451763153,0.8194906115531921,0.48848283290863037
YBL020W,YLR145W,0,-5.3280215,0.14363354444503784,0.8194906115531921,0.48859357833862305
YNL318C,YNL079C,0,-5.3283052,0.14360566437244415,0.8194906115531921,0.4887043237686157
YBR272C,YDL120W,0,-5.3285913,0.14357779920101166,0.8194906115531921,0.4888150691986084
YGL054C,YBL014C,0,-5.328779,0.14354994893074036,0.8194906115531921,0.4889258146286011
YJL001W,YDR259C,0,-5.328873,0.14352211356163025,0.8194906115531921,0.48903653025627136
YCR027C,YLR442C,0,-5.3293304,0.14349427819252014,0.8194906115531921,0.48914727568626404
YBR110W,YLR410W,0,-5.3294415,0.14346645772457123,0.8194906115531921,0.4892580211162567
YBL035C,YFL059W,0,-5.3302426,0.1434386521577835,0.8194906115531921,0.4893687665462494
YEL029C,YJR126C,0,-5.330457,0.1434108465909958,0.8194906115531921,0.48947951197624207
YDL093W,YGL070C,0,-5.3305573,0.14338307082653046,0.8194906115531921,0.48959025740623474
YJL196C,YBR088C,0,-5.33056,0.14335529506206512,0.8194906115531921,0.4897010028362274
YER095W,YFL037W,1,-5.330951,0.14352120459079742,0.8205980062484741,0.4897010028362274
YIR017C,YGL097W,0,-5.3311687,0.1434934139251709,0.8205980062484741,0.4898117482662201
YCR024C-A,YML091C,0,-5.331434,0.14346563816070557,0.8205980062484741,0.48992249369621277
YJL146W,YCR033W,1,-5.3314457,0.1436314433813095,0.8217054009437561,0.48992249369621277
YOR335C,YJL085W,0,-5.3319054,0.1436036378145218,0.8217054009437561,0.49003320932388306
YPR068C,YJL001W,0,-5.332415,0.14357584714889526,0.8217054009437561,0.49014395475387573
YEL022W,YOL135C,0,-5.332942,0.14354807138442993,0.8217054009437561,0.4902547001838684
YKL032C,YGR119C,0,-5.333443,0.1435203105211258,0.8217054009437561,0.4903654456138611
YPL046C,YMR015C,0,-5.333532,0.14349254965782166,0.8217054009437561,0.49047619104385376
YLR288C,YDR238C,0,-5.3336964,0.1434648036956787,0.8217054009437561,0.49058693647384644
YKL019W,YDL212W,0,-5.3337274,0.14343707263469696,0.8217054009437561,0.4906976819038391
YBR020W,YER126C,0,-5.333904,0.1434093564748764,0.8217054009437561,0.4908084273338318
YNR027W,YOL051W,0,-5.3341355,0.14338164031505585,0.8217054009437561,0.49091917276382446
YNL113W,YMR218C,0,-5.3345857,0.14335393905639648,0.8217054009437561,0.49102988839149475
YGL144C,YCR073C,0,-5.3360662,0.14332625269889832,0.8217054009437561,0.4911406338214874
YBR072W,YGL100W,0,-5.3360944,0.14329856634140015,0.8217054009437561,0.4912513792514801
YHL002W,YNR059W,0,-5.336213,0.14327089488506317,0.8217054009437561,0.4913621246814728
YOL151W,YKL074C,0,-5.336552,0.1432432383298874,0.8217054009437561,0.49147287011146545
YPL270W,YFL059W,0,-5.336737,0.1432155966758728,0.8217054009437561,0.49158361554145813
YOR198C,YFL037W,1,-5.336805,0.14338093996047974,0.8228128552436829,0.49158361554145813
YLR233C,YPL212C,0,-5.33696,0.14335326850414276,0.8228128552436829,0.4916943609714508
YMR065W,YMR234W,0,-5.3372426,0.14332561194896698,0.8228128552436829,0.4918051064014435
YGL021W,YFR051C,0,-5.337271,0.1432979702949524,0.8228128552436829,0.49191582202911377
YOR109W,YGR213C,0,-5.3373117,0.143270343542099,0.8228128552436829,0.49202656745910645
YHR118C,YPL159C,0,-5.337482,0.1432427167892456,0.8228128552436829,0.4921373128890991
YIL040W,YLR214W,0,-5.337509,0.1432151049375534,0.8228128552436829,0.4922480583190918
YMR314W,YOR315W,0,-5.3375244,0.1431875079870224,0.8228128552436829,0.4923588037490845
YOR127W,YKR062W,0,-5.3375573,0.1431599259376526,0.8228128552436829,0.49246954917907715
YKR056W,YHR048W,0,-5.3379164,0.14313234388828278,0.8228128552436829,0.4925802946090698
YPL221W,YHR015W,0,-5.3385863,0.14310477674007416,0.8228128552436829,0.4926910400390625
YGL227W,YLR410W,0,-5.338854,0.14307722449302673,0.8228128552436829,0.4928017854690552
YOL042W,YOR132W,0,-5.3396235,0.1430496722459793,0.8228128552436829,0.49291250109672546
YCR034W,YFL059W,0,-5.3397837,0.14302213490009308,0.8228128552436829,0.49302324652671814
YHR197W,YOR356W,0,-5.340344,0.14299461245536804,0.8228128552436829,0.4931339919567108
YPR033C,YLR371W,0,-5.340483,0.142967090010643,0.8228128552436829,0.4932447373867035
YLR295C,YDR103W,0,-5.340669,0.14293959736824036,0.8228128552436829,0.49335548281669617
YMR060C,YML105C,0,-5.3421154,0.1429121047258377,0.8228128552436829,0.49346622824668884
YJL210W,YJR127C,0,-5.342878,0.14288461208343506,0.8228128552436829,0.4935769736766815
YDR279W,YEL002C,0,-5.343079,0.1428571492433548,0.8228128552436829,0.4936877191066742
YAL040C,YEL009C,0,-5.343252,0.14282968640327454,0.8228128552436829,0.4937984347343445
YGL144C,YML088W,0,-5.3434777,0.14280222356319427,0.8228128552436829,0.49390918016433716
YAL035W,YGL090W,0,-5.3434906,0.1427747905254364,0.8228128552436829,0.49401992559432983
YDL020C,YOR027W,0,-5.3436284,0.14274735748767853,0.8228128552436829,0.4941306710243225
YCR088W,YMR156C,0,-5.344539,0.14271993935108185,0.8228128552436829,0.4942414164543152
YOR049C,YNR046W,0,-5.3449216,0.14269253611564636,0.8228128552436829,0.49435216188430786
YEL009C,YDL030W,0,-5.3451953,0.14266513288021088,0.8228128552436829,0.49446290731430054
YMR112C,YNL138W,0,-5.345967,0.14263774454593658,0.8228128552436829,0.4945736527442932
YML088W,YDR324C,0,-5.3460383,0.1426103711128235,0.8228128552436829,0.4946843981742859
YML078W,YCR098C,0,-5.346176,0.1425829976797104,0.8228128552436829,0.4947951138019562
YNL206C,YLR022C,0,-5.3462377,0.14255563914775848,0.8228128552436829,0.49490585923194885
YKL032C,YJR042W,0,-5.3463306,0.14252829551696777,0.8228128552436829,0.49501660466194153
YMR199W,YKR046C,0,-5.346396,0.14250095188617706,0.8228128552436829,0.4951273500919342
YDR148C,YBL023C,0,-5.3467507,0.14247363805770874,0.8228128552436829,0.4952380955219269
YLR254C,YDR279W,0,-5.3473215,0.14244632422924042,0.8228128552436829,0.49534884095191956
YGR179C,YGR152C,0,-5.347698,0.1424190104007721,0.8228128552436829,0.49545958638191223
YAL040C,YLR016C,0,-5.347938,0.14239172637462616,0.8228128552436829,0.4955703318119049
YMR287C,YEL018W,0,-5.3484216,0.14236444234848022,0.8228128552436829,0.4956810772418976
YPL221W,YJR050W,0,-5.3487067,0.1423371583223343,0.8228128552436829,0.49579179286956787
YEL065W,YNR046W,0,-5.348714,0.14230990409851074,0.8228128552436829,0.49590253829956055
YJL168C,YNR064C,0,-5.349176,0.1422826498746872,0.8228128552436829,0.4960132837295532
YGR140W,YPR074C,0,-5.349528,0.14225541055202484,0.8228128552436829,0.4961240291595459
YIL149C,YGR147C,0,-5.349756,0.1422281712293625,0.8228128552436829,0.4962347745895386
YJR050W,YBR154C,0,-5.3499084,0.14220096170902252,0.8228128552436829,0.49634552001953125
YPL228W,YPL020C,0,-5.3506417,0.14217375218868256,0.8228128552436829,0.4964562654495239
YPL231W,YIR006C,0,-5.35076,0.1421465426683426,0.8228128552436829,0.4965670108795166
YJR119C,YKL176C,0,-5.351354,0.142119362950325,0.8228128552436829,0.4966777265071869
YDR091C,YDR018C,0,-5.3513722,0.14209218323230743,0.8228128552436829,0.49678847193717957
YPL137C,YBR097W,0,-5.3516726,0.14206500351428986,0.8228128552436829,0.49689921736717224
YKL032C,YGR152C,0,-5.351916,0.14203785359859467,0.8228128552436829,0.4970099627971649
YLR254C,YGR199W,0,-5.3519363,0.14201070368289948,0.8228128552436829,0.4971207082271576
YGR135W,YDR082W,0,-5.3523808,0.14198356866836548,0.8228128552436829,0.49723145365715027
YJL146W,YPL139C,1,-5.352499,0.142147496342659,0.8239202499389648,0.49723145365715027
YAL017W,YLR181C,0,-5.353245,0.1421203464269638,0.8239202499389648,0.49734219908714294
YOL042W,YAR007C,0,-5.3544526,0.14209319651126862,0.8239202499389648,0.4974529445171356
YDR320C,YDL120W,0,-5.355014,0.14206606149673462,0.8239202499389648,0.4975636899471283
YNL094W,YOR147W,0,-5.355098,0.14203894138336182,0.8239202499389648,0.4976744055747986
YPL117C,YDL077C,0,-5.3553805,0.1420118361711502,0.8239202499389648,0.49778515100479126
YML010W,YLR301W,0,-5.3557363,0.1419847309589386,0.8239202499389648,0.49789589643478394
YHR086W,YDR488C,0,-5.355804,0.14195764064788818,0.8239202499389648,0.4980066418647766
YCL039W,YDR160W,0,-5.3559213,0.14193056523799896,0.8239202499389648,0.4981173872947693
YFR024C-A,YDR479C,0,-5.3559494,0.14190348982810974,0.8239202499389648,0.49822813272476196
YOR119C,YMR046C,0,-5.3563356,0.1418764293193817,0.8239202499389648,0.49833887815475464
YLR438C-A,YAR007C,0,-5.356413,0.14184938371181488,0.8239202499389648,0.4984496235847473
YGL136C,YLR369W,0,-5.3568373,0.14182233810424805,0.8239202499389648,0.49856036901474
YGR167W,YKL182W,0,-5.3570843,0.1417953073978424,0.8239202499389648,0.4986710846424103
YDR254W,YDR077W,0,-5.357198,0.14176829159259796,0.8239202499389648,0.49878183007240295
YDR036C,YIL167W,0,-5.3573375,0.1417412906885147,0.8239202499389648,0.49889257550239563
YER133W,YJL146W,1,-5.357396,0.14190475642681122,0.8250277042388916,0.49889257550239563
YOR056C,YGR119C,0,-5.3574624,0.14187774062156677,0.8250277042388916,0.4990033209323883
YLR238W,YDR418W,0,-5.3576837,0.14185072481632233,0.8250277042388916,0.499114066362381
YJL042W,YHR005C-A,0,-5.3577685,0.14182372391223907,0.8250277042388916,0.49922481179237366
YCL039W,YDL064W,0,-5.3581862,0.14179672300815582,0.8250277042388916,0.49933555722236633
YDR296W,YDL076C,0,-5.358746,0.14176973700523376,0.8250277042388916,0.499446302652359
YDL161W,YJR049C,0,-5.358993,0.1417427659034729,0.8250277042388916,0.4995570182800293
YDR434W,YOR308C,0,-5.359365,0.14171580970287323,0.8250277042388916,0.499667763710022
YPL274W,YKL020C,0,-5.359466,0.14168885350227356,0.8250277042388916,0.49977850914001465
YBR133C,YJL143W,0,-5.3596263,0.14166191220283508,0.8250277042388916,0.4998892545700073
YJL081C,YML045W,0,-5.359818,0.1416349858045578,0.8250277042388916,0.5
YLR429W,YBL014C,0,-5.3600593,0.14160805940628052,0.8250277042388916,0.5001107454299927
YKL152C,YOL028C,0,-5.360203,0.14158114790916443,0.8250277042388916,0.5002214908599854
YKR036C,YDR243C,0,-5.3605304,0.14155425131320953,0.8250277042388916,0.500332236289978
YPR128C,YJR119C,0,-5.3606687,0.14152735471725464,0.8250277042388916,0.5004429817199707
YPL244C,YLR014C,0,-5.360953,0.14150047302246094,0.8250277042388916,0.5005537271499634
YAL017W,YOR295W,0,-5.3610206,0.14147360622882843,0.8250277042388916,0.500664472579956
YNL042W,YGL163C,0,-5.3611956,0.14144673943519592,0.8250277042388916,0.5007752180099487
YMR137C,YKL019W,0,-5.361481,0.1414198875427246,0.8250277042388916,0.5008859634399414
YEL022W,YBR079C,0,-5.3623633,0.1413930505514145,0.8250277042388916,0.5009966492652893
YAR007C,YGL227W,0,-5.3627706,0.14136622846126556,0.8250277042388916,0.501107394695282
YAL040C,YIR017C,0,-5.362805,0.14133940637111664,0.8250277042388916,0.5012181401252747
YNL225C,YOR085W,0,-5.3628664,0.1413125991821289,0.8250277042388916,0.5013288855552673
YML116W,YGR091W,0,-5.3632402,0.14128579199314117,0.8250277042388916,0.50143963098526
YDR421W,YOR332W,0,-5.3637414,0.14125899970531464,0.8250277042388916,0.5015503764152527
YDR518W,YDR479C,0,-5.3640842,0.1412322223186493,0.8250277042388916,0.5016611218452454
YNL145W,YNL117W,0,-5.3642,0.14120545983314514,0.8250277042388916,0.501771867275238
YOR315W,YMR067C,0,-5.3646784,0.141178697347641,0.8250277042388916,0.5018826127052307
YER174C,YBL057C,0,-5.3648686,0.14115194976329803,0.8250277042388916,0.5019933581352234
YNR019W,YDR017C,0,-5.365018,0.14112521708011627,0.8250277042388916,0.5021041035652161
YOR281C,YJL045W,0,-5.365086,0.1410984843969345,0.8250277042388916,0.5022148489952087
YNL094W,YNL278W,0,-5.366022,0.14107176661491394,0.8250277042388916,0.5023255944252014
YLR114C,YER112W,0,-5.366324,0.14104506373405457,0.8250277042388916,0.5024363398551941
YDL074C,YLR056W,0,-5.3663826,0.1410183608531952,0.8250277042388916,0.5025470852851868
YDR022C,YDR036C,0,-5.3665905,0.140991672873497,0.8250277042388916,0.5026578307151794
YFR048W,YML010W,0,-5.367129,0.14096499979496002,0.8250277042388916,0.5027685761451721
YOL165C,YDR052C,0,-5.36781,0.14093832671642303,0.8250277042388916,0.50287926197052
YKR028W,YNL138W,0,-5.3681006,0.14091166853904724,0.8250277042388916,0.5029900074005127
YLR265C,YDR201W,0,-5.369535,0.14088502526283264,0.8250277042388916,0.5031007528305054
YHL048W,YMR053C,0,-5.3699317,0.14085838198661804,0.8250277042388916,0.503211498260498
YBL084C,YDR158W,0,-5.3701897,0.14083175361156464,0.8250277042388916,0.5033222436904907
YMR042W,YDR385W,0,-5.3702474,0.14080514013767242,0.8250277042388916,0.5034329891204834
YDR296W,YGL115W,0,-5.3702865,0.1407785266637802,0.8250277042388916,0.5035437345504761
YOR274W,YMR188C,0,-5.370323,0.1407519429922104,0.8250277042388916,0.5036544799804688
YEL063C,YCR014C,0,-5.3706107,0.14072534441947937,0.8250277042388916,0.5037652254104614
YOR094W,YBR193C,0,-5.3706975,0.14069877564907074,0.8250277042388916,0.5038759708404541
YBR085W,YMR305C,0,-5.371077,0.1406722068786621,0.8250277042388916,0.5039867162704468
YLR117C,YOR295W,0,-5.3712373,0.14064565300941467,0.8250277042388916,0.5040974617004395
YPL117C,YGL039W,0,-5.37204,0.14061909914016724,0.8250277042388916,0.5042082071304321
YOL165C,YMR285C,0,-5.3723755,0.140592560172081,0.8250277042388916,0.5043189525604248
YPL051W,YML040W,0,-5.3726315,0.14056603610515594,0.8250277042388916,0.5044296979904175
YDR022C,YBL020W,0,-5.3727813,0.1405395269393921,0.8250277042388916,0.5045404434204102
YDR150W,YEL026W,0,-5.372886,0.14051301777362823,0.8250277042388916,0.5046511888504028
YFR021W,YDR268W,0,-5.3731856,0.14048652350902557,0.8250277042388916,0.5047619342803955
YLL009C,YNL085W,0,-5.3733172,0.1404600292444229,0.8250277042388916,0.5048726201057434
YLR347C,YHR120W,0,-5.373338,0.14043354988098145,0.8250277042388916,0.5049833655357361
YCL051W,YGR199W,0,-5.373482,0.14040708541870117,0.8250277042388916,0.5050941109657288
YKL032C,YOR297C,0,-5.3737082,0.1403806358575821,0.8250277042388916,0.5052048563957214
YGL150C,YBR294W,0,-5.373876,0.140354186296463,0.8250277042388916,0.5053156018257141
YOR256C,YOL124C,0,-5.37389,0.14032775163650513,0.8250277042388916,0.5054263472557068
YKL192C,YLR442C,0,-5.3741045,0.14030131697654724,0.8250277042388916,0.5055370926856995
YCR014C,YDL064W,0,-5.3744273,0.14027489721775055,0.8250277042388916,0.5056478381156921
YBL008W,YJR019C,0,-5.3747373,0.14024849236011505,0.8250277042388916,0.5057585835456848
YCR033W,YPL139C,1,-5.375363,0.14041031897068024,0.8261350989341736,0.5057585835456848
YHR091C,YLR016C,0,-5.3753686,0.14038388431072235,0.8261350989341736,0.5058693289756775
YBL057C,YDR103W,0,-5.375427,0.14035747945308685,0.8261350989341736,0.5059800744056702
YDR017C,YLR212C,0,-5.3756227,0.14033107459545135,0.8261350989341736,0.5060908198356628
YOL028C,YML040W,0,-5.3756695,0.14030468463897705,0.8261350989341736,0.5062015652656555
YJR002W,YDR422C,0,-5.3757157,0.14027829468250275,0.8261350989341736,0.5063123106956482
YCR082W,YOL042W,0,-5.375975,0.14025191962718964,0.8261350989341736,0.5064230561256409
YMR220W,YOL094C,0,-5.376107,0.14022555947303772,0.8261350989341736,0.5065338015556335
YLR002C,YDR353W,0,-5.376268,0.140199214220047,0.8261350989341736,0.5066445469856262
YLR401C,YPL155C,0,-5.377601,0.14017286896705627,0.8261350989341736,0.5067552328109741
YGL119W,YHL048W,0,-5.377979,0.14014653861522675,0.8261350989341736,0.5068659782409668
YDR435C,YPL152W,0,-5.379033,0.14012020826339722,0.8261350989341736,0.5069767236709595
YPL051W,YPL001W,0,-5.3808045,0.14009389281272888,0.8261350989341736,0.5070874691009521
YNL059C,YOR298C-A,0,-5.3808746,0.14006759226322174,0.8261350989341736,0.5071982145309448
YPL152W,YGL039W,0,-5.381082,0.1400412917137146,0.8261350989341736,0.5073089599609375
YLR314C,YIL065C,0,-5.3812623,0.14001502096652985,0.8261350989341736,0.5074197053909302
YEL022W,YGL245W,0,-5.3813615,0.1399887353181839,0.8261350989341736,0.5075304508209229
YFR021W,YJR063W,0,-5.382199,0.13996247947216034,0.8261350989341736,0.5076411962509155
YOL021C,YNL197C,0,-5.3822036,0.13993622362613678,0.8261350989341736,0.5077519416809082
YEL034W,YHL006C,0,-5.3822665,0.13990998268127441,0.8261350989341736,0.5078626871109009
YMR314W,YMR236W,0,-5.3826113,0.13988374173641205,0.8261350989341736,0.5079734325408936
YNL294C,YER041W,0,-5.3835397,0.13985751569271088,0.8261350989341736,0.5080841779708862
YJL178C,YNL206C,0,-5.3836555,0.1398313045501709,0.8261350989341736,0.5081949234008789
YKL135C,YLR265C,0,-5.383996,0.13980509340763092,0.8261350989341736,0.5083056688308716
YOL094C,YJL191W,0,-5.3844247,0.13977889716625214,0.8261350989341736,0.5084164142608643
YKL192C,YMR234W,0,-5.3846107,0.13975271582603455,0.8261350989341736,0.5085271596908569
YLR401C,YOL051W,0,-5.3846536,0.13972653448581696,0.8261350989341736,0.5086378455162048
YOR127W,YOR295W,0,-5.3847613,0.13970036804676056,0.8261350989341736,0.5087485909461975
YLR109W,YPR054W,0,-5.3850636,0.13967421650886536,0.8261350989341736,0.5088593363761902
YDR302W,YBR060C,0,-5.3854427,0.13964806497097015,0.8261350989341736,0.5089700818061829
YGR214W,YPR133C,0,-5.3859806,0.13962192833423615,0.8261350989341736,0.5090808272361755
YMR083W,YOR188W,0,-5.3865237,0.13959580659866333,0.8261350989341736,0.5091915726661682
YAL017W,YOL102C,0,-5.3867326,0.13956968486309052,0.8261350989341736,0.5093023180961609
YDR518W,YDL033C,0,-5.3868556,0.1395435780286789,0.8261350989341736,0.5094130635261536
YJL042W,YNR053C,0,-5.3871837,0.13951748609542847,0.8261350989341736,0.5095238089561462
YDR153C,YGL136C,0,-5.3873916,0.13949139416217804,0.8261350989341736,0.5096345543861389
YCR065W,YOL010W,0,-5.387548,0.1394653171300888,0.8261350989341736,0.5097452998161316
YJL058C,YDL099W,0,-5.3882947,0.13943925499916077,0.8261350989341736,0.5098560452461243
YGR159C,YCR014C,0,-5.3884654,0.13941319286823273,0.8261350989341736,0.5099667906761169
YER174C,YCL001W,0,-5.3886757,0.13938714563846588,0.8261350989341736,0.5100775361061096
YLR114C,YCR073C,0,-5.3887267,0.13936111330986023,0.8261350989341736,0.5101882815361023
YOR256C,YNR046W,0,-5.3891926,0.13933508098125458,0.8261350989341736,0.510299026966095
YJL196C,YMR234W,0,-5.3895593,0.13930906355381012,0.8261350989341736,0.5104097723960876
YNL031C,YNL123W,0,-5.3897758,0.13928304612636566,0.8261350989341736,0.5105204582214355
YOR188W,YDL044C,0,-5.389988,0.1392570436000824,0.8261350989341736,0.5106312036514282
YHR072W,YBL005W-A,0,-5.3905997,0.13923105597496033,0.8261350989341736,0.5107419490814209
YOR250C,YHR074W,0,-5.390742,0.13920506834983826,0.8261350989341736,0.5108526945114136
YFR024C-A,YGL163C,0,-5.390844,0.13917911052703857,0.8261350989341736,0.5109634399414062
YBL063W,YDR279W,0,-5.3923717,0.1391531378030777,0.8261350989341736,0.5110741853713989
YPL157W,YPL020C,0,-5.3925796,0.1391271948814392,0.8261350989341736,0.5111849308013916
YDR421W,YNL029C,0,-5.392876,0.13910125195980072,0.8261350989341736,0.5112956762313843
YLR231C,YPL218W,0,-5.3929296,0.13907532393932343,0.8261350989341736,0.511406421661377
YER045C,YML081C-A,0,-5.393825,0.13904939591884613,0.8261350989341736,0.5115171670913696
YPL096W,YER019C-A,0,-5.3944616,0.13902348279953003,0.8261350989341736,0.5116279125213623
YKL015W,YDR320C,0,-5.394813,0.13899758458137512,0.8261350989341736,0.511738657951355
YJR007W,YCL069W,0,-5.395888,0.13897168636322021,0.8261350989341736,0.5118494033813477
YIL040W,YPR006C,0,-5.3963056,0.1389458030462265,0.8261350989341736,0.5119601488113403
YDR448W,YKL001C,0,-5.3964133,0.1389199197292328,0.8261350989341736,0.512070894241333
YNL094W,YKL126W,0,-5.3969073,0.13889406621456146,0.8261350989341736,0.5121816396713257
YKL192C,YHR191C,0,-5.3976007,0.13886821269989014,0.8261350989341736,0.5122923851013184
YPR135W,YKL041W,0,-5.3985224,0.1388423591852188,0.8261350989341736,0.512403130531311
YIL040W,YOL010W,0,-5.398621,0.13881652057170868,0.8261350989341736,0.5125138163566589
YJR155W,YER054C,0,-5.398732,0.13879069685935974,0.8261350989341736,0.5126245617866516
YBR212W,YKR031C,0,-5.3990464,0.138764888048172,0.8261350989341736,0.5127353072166443
YLR069C,YDL020C,0,-5.3992515,0.13873907923698425,0.8261350989341736,0.512846052646637
YCL066W,YPR074C,0,-5.3996882,0.1387132704257965,0.8261350989341736,0.5129567980766296
YAL017W,YDR320C,0,-5.3997474,0.13868749141693115,0.8261350989341736,0.5130675435066223
YHR086W,YNL231C,0,-5.4012976,0.1386617124080658,0.8261350989341736,0.513178288936615
YBR205W,YLR301W,0,-5.4016294,0.13863594830036163,0.8261350989341736,0.5132890343666077
YDL115C,YFL033C,1,-5.402079,0.13879598677158356,0.8272425532341003,0.5132890343666077
YDR022C,YPR161C,0,-5.402088,0.1387702077627182,0.8272425532341003,0.5133997797966003
YOR094W,YNL206C,0,-5.4025908,0.13874442875385284,0.8272425532341003,0.513510525226593
YER149C,YGL039W,0,-5.4027457,0.13871866464614868,0.8272425532341003,0.5136212706565857
YER095W,YOR229W,1,-5.4041486,0.13887856900691986,0.8283499479293823,0.5136212706565857
YGL119W,YNL206C,0,-5.404204,0.1388527899980545,0.8283499479293823,0.5137320160865784
YDR158W,YLR368W,0,-5.405062,0.13882702589035034,0.8283499479293823,0.513842761516571
YOR185C,YMR204C,0,-5.405113,0.13880126178264618,0.8283499479293823,0.5139535069465637
YOL071W,YIL167W,0,-5.4058814,0.1387755125761032,0.8283499479293823,0.5140642523765564
YLL002W,YGR082W,0,-5.406408,0.13874976336956024,0.8283499479293823,0.5141749978065491
YPL155C,YKL074C,0,-5.406509,0.13872402906417847,0.8283499479293823,0.5142857432365417
YPR007C,YCR033W,1,-5.4066043,0.13888373970985413,0.8294573426246643,0.5142857432365417
YOR198C,YOR073W,1,-5.4066954,0.13904337584972382,0.8305647969245911,0.5142857432365417
YEL022W,YCL033C,0,-5.4068704,0.13901761174201965,0.8305647969245911,0.5143964290618896
YDR385W,YNR053C,0,-5.4070497,0.1389918476343155,0.8305647969245911,0.5145071744918823
YDR101C,YDR150W,0,-5.4072795,0.13896609842777252,0.8305647969245911,0.514617919921875
YMR161W,YBR133C,0,-5.4076047,0.13894034922122955,0.8305647969245911,0.5147286653518677
YIL004C,YOR119C,0,-5.4080987,0.13891461491584778,0.8305647969245911,0.5148394107818604
YMR042W,YGL255W,0,-5.4087267,0.1388888955116272,0.8305647969245911,0.514950156211853
YBR296C,YIL075C,0,-5.4089417,0.13886317610740662,0.8305647969245911,0.5150609016418457
YGL136C,YGR082W,0,-5.4099674,0.13883747160434723,0.8305647969245911,0.5151716470718384
YDR141C,YMR188C,0,-5.4100575,0.13881176710128784,0.8305647969245911,0.515282392501831
YGR085C,YPR074C,0,-5.4102893,0.13878607749938965,0.8305647969245911,0.5153931379318237
YBR085W,YPL131W,0,-5.4104404,0.13876040279865265,0.8305647969245911,0.5155038833618164
YBL018C,YJL001W,0,-5.4106593,0.13873474299907684,0.8305647969245911,0.5156146287918091
YJL146W,YPL022W,1,-5.4111,0.13889402151107788,0.831672191619873,0.5156146287918091
YER095W,YCR033W,1,-5.411593,0.13905325531959534,0.8327796459197998,0.5156146287918091
YOL021C,YIL042C,0,-5.4117193,0.13902755081653595,0.8327796459197998,0.5157253742218018
YML078W,YMR015C,0,-5.411742,0.13900184631347656,0.8327796459197998,0.5158361196517944
YAR019C,YEL026W,0,-5.41177,0.13897615671157837,0.8327796459197998,0.5159468650817871
YHR050W,YDR407C,0,-5.4118686,0.13895048201084137,0.8327796459197998,0.5160576105117798
YMR008C,YDR356W,0,-5.4124494,0.13892480731010437,0.8327796459197998,0.5161683559417725
YMR068W,YNL064C,0,-5.4136176,0.13889914751052856,0.8327796459197998,0.5162790417671204
YGL111W,YBL034C,0,-5.413821,0.13887350261211395,0.8327796459197998,0.516389787197113
YDR377W,YAL040C,0,-5.414326,0.13884785771369934,0.8327796459197998,0.5165005326271057
YEL034W,YBL035C,0,-5.4146743,0.13882222771644592,0.8327796459197998,0.5166112780570984
YBR060C,YMR313C,0,-5.414958,0.1387965977191925,0.8327796459197998,0.5167220234870911
YDL137W,YHR011W,0,-5.41576,0.13877099752426147,0.8327796459197998,0.5168327689170837
YHL019C,YPL123C,0,-5.4161725,0.13874538242816925,0.8327796459197998,0.5169435143470764
YEL018W,YCL020W,0,-5.4164023,0.13871979713439941,0.8327796459197998,0.5170542597770691
YOR127W,YMR067C,0,-5.416544,0.13869421184062958,0.8327796459197998,0.5171650052070618
YOR361C,YNR039C,0,-5.41686,0.13866862654685974,0.8327796459197998,0.5172757506370544
YKR046C,YER053C,0,-5.4170537,0.1386430710554123,0.8327796459197998,0.5173864960670471
YGL144C,YGL210W,0,-5.4172816,0.13861751556396484,0.8327796459197998,0.5174972414970398
YJL042W,YOR119C,0,-5.4179916,0.1385919600725174,0.8327796459197998,0.5176079869270325
YCR098C,YDR245W,0,-5.418048,0.13856643438339233,0.8327796459197998,0.5177187323570251
YLR399C,YOR229W,1,-5.418197,0.1387251317501068,0.8338870406150818,0.5177187323570251
YBR136W,YML128C,1,-5.4185185,0.1388837695121765,0.8349944353103638,0.5177187323570251
YER133W,YHR157W,1,-5.4185762,0.13904236257076263,0.8361018896102905,0.5177187323570251
YEL022W,YCR066W,0,-5.4186974,0.1390167623758316,0.8361018896102905,0.5178294777870178
YGL021W,YHR021C,0,-5.419027,0.13899116218090057,0.8361018896102905,0.5179402232170105
YOR094W,YJR050W,0,-5.419246,0.13896557688713074,0.8361018896102905,0.5180509686470032
YBR294W,YKR014C,0,-5.419789,0.1389400064945221,0.8361018896102905,0.5181616544723511
YJL085W,YIL097W,0,-5.4198403,0.13891443610191345,0.8361018896102905,0.5182723999023438
YBR257W,YGL163C,0,-5.420402,0.1388888955116272,0.8361018896102905,0.5183831453323364
YMR277W,YGR099W,0,-5.420566,0.13886334002017975,0.8361018896102905,0.5184938907623291
YGR006W,YDR487C,0,-5.420713,0.1388378143310547,0.8361018896102905,0.5186046361923218
YDR446W,YML128C,1,-5.4209924,0.13899613916873932,0.8372092843055725,0.5186046361923218
YKL135C,YMR053C,0,-5.4210553,0.13897058367729187,0.8372092843055725,0.5187153816223145
YOR119C,YDR443C,0,-5.421743,0.13894504308700562,0.8372092843055725,0.5188261270523071
YCR065W,YMR235C,0,-5.4221044,0.13891951739788055,0.8372092843055725,0.5189368724822998
YOR074C,YLR176C,0,-5.422561,0.1388939917087555,0.8372092843055725,0.5190476179122925
YMR276W,YPL159C,0,-5.422581,0.13886848092079163,0.8372092843055725,0.5191583633422852
YGR147C,YMR060C,0,-5.4227138,0.13884297013282776,0.8372092843055725,0.5192691087722778
YKL073W,YEL026W,0,-5.4228373,0.13881747424602509,0.8372092843055725,0.5193798542022705
YNL059C,YCL051W,0,-5.423706,0.1387919932603836,0.8372092843055725,0.5194905996322632
YDL099W,YLR369W,0,-5.42401,0.13876652717590332,0.8372092843055725,0.5196013450622559
YFR046C,YML105C,0,-5.4241896,0.13874104619026184,0.8372092843055725,0.5197120904922485
YNL031C,YDL194W,0,-5.424688,0.13871559500694275,0.8372092843055725,0.5198228359222412
YHR021C,YGR213C,0,-5.4248643,0.13869014382362366,0.8372092843055725,0.5199335813522339
YJL093C,YJL045W,0,-5.425185,0.13866470754146576,0.8372092843055725,0.5200442671775818
YHR043C,YBR040W,0,-5.4251866,0.13863928616046906,0.8372092843055725,0.5201550126075745
YMR008C,YOR069W,0,-5.4253545,0.13861386477947235,0.8372092843055725,0.5202657580375671
YGL012W,YKL081W,0,-5.4255924,0.13858845829963684,0.8372092843055725,0.5203765034675598
YER133W,YMR167W,1,-5.425799,0.13874633610248566,0.8383167386054993,0.5203765034675598
YPL022W,YPL139C,1,-5.4260516,0.1389041543006897,0.8394241333007812,0.5203765034675598
YOR127W,YDR082W,0,-5.4266734,0.1388787031173706,0.8394241333007812,0.5204872488975525
YHR074W,YDR172W,0,-5.4269385,0.1388532668352127,0.8394241333007812,0.5205979943275452
YOR373W,YOL005C,0,-5.4278092,0.138827845454216,0.8394241333007812,0.5207087397575378
YMR316W,YML004C,0,-5.4278893,0.1388024240732193,0.8394241333007812,0.5208194851875305
YGL200C,YDL028C,0,-5.4282002,0.1387770026922226,0.8394241333007812,0.5209302306175232
YNL041C,YBR133C,0,-5.4282937,0.13875159621238708,0.8394241333007812,0.5210409760475159
YMR112C,YMR293C,0,-5.428558,0.13872620463371277,0.8394241333007812,0.5211517214775085
YGR267C,YGL039W,0,-5.4288363,0.13870082795619965,0.8394241333007812,0.5212624669075012
YJR002W,YNL251C,0,-5.428953,0.13867545127868652,0.8394241333007812,0.5213732123374939
YDR457W,YPL144W,0,-5.429337,0.1386500895023346,0.8394241333007812,0.5214839577674866
YGR166W,YBR082C,0,-5.429505,0.13862472772598267,0.8394241333007812,0.5215947031974792
YPL161C,YKR036C,0,-5.430103,0.13859938085079193,0.8394241333007812,0.5217054486274719
YDL078C,YDR247W,0,-5.430971,0.1385740339756012,0.8394241333007812,0.5218161940574646
YAL041W,YGL012W,0,-5.431068,0.13854871690273285,0.8394241333007812,0.5219269394874573
YPL152W,YLL041C,0,-5.4317803,0.1385233849287033,0.8394241333007812,0.5220376253128052
YDL076C,YJR049C,0,-5.4319463,0.13849808275699615,0.8394241333007812,0.5221483707427979
YPL075W,YCR098C,0,-5.4324613,0.138472780585289,0.8394241333007812,0.5222591161727905
YGL019W,YPL270W,0,-5.4327006,0.13844749331474304,0.8394241333007812,0.5223698616027832
YDL231C,YBR165W,0,-5.432709,0.13842220604419708,0.8394241333007812,0.5224806070327759
YOL112W,YOL138C,0,-5.4332385,0.13839693367481232,0.8394241333007812,0.5225913524627686
YDR148C,YDR407C,0,-5.433991,0.13837166130542755,0.8394241333007812,0.5227020978927612
YER112W,YFL059W,0,-5.43406,0.13834641873836517,0.8394241333007812,0.5228128433227539
YDR330W,YNL197C,0,-5.4340773,0.1383211612701416,0.8394241333007812,0.5229235887527466
YOR335C,YGL136C,0,-5.434138,0.13829593360424042,0.8394241333007812,0.5230343341827393
YDL148C,YBL034C,0,-5.434187,0.13827070593833923,0.8394241333007812,0.5231450796127319
YJL081C,YFL059W,0,-5.4347377,0.13824549317359924,0.8394241333007812,0.5232558250427246
YDR377W,YOR315W,0,-5.434776,0.13822028040885925,0.8394241333007812,0.5233665704727173
YCL017C,YMR088C,0,-5.4349284,0.13819508254528046,0.8394241333007812,0.52347731590271
YKL110C,YCR073C,0,-5.435141,0.13816988468170166,0.8394241333007812,0.5235880613327026
YLR056W,YPL155C,0,-5.435328,0.13814470171928406,0.8394241333007812,0.5236988067626953
YNL117W,YOL067C,0,-5.435617,0.13811953365802765,0.8394241333007812,0.523809552192688
YLR256W,YDR057W,0,-5.436011,0.13809436559677124,0.8394241333007812,0.5239202380180359
YGR147C,YML088W,0,-5.436299,0.13806921243667603,0.8394241333007812,0.5240309834480286
YKR072C,YOR332W,0,-5.4365544,0.138044074177742,0.8394241333007812,0.5241417288780212
YGR140W,YGL244W,0,-5.436636,0.13801893591880798,0.8394241333007812,0.5242524743080139
YBL035C,YML028W,0,-5.436784,0.13799381256103516,0.8394241333007812,0.5243632197380066
YOR373W,YGR281W,0,-5.436829,0.13796868920326233,0.8394241333007812,0.5244739651679993
YKL015W,YCL010C,0,-5.4370637,0.1379435807466507,0.8394241333007812,0.5245847105979919
YLR009W,YDR400W,0,-5.4370675,0.13791848719120026,0.8394241333007812,0.5246954560279846
YOR185C,YJL089W,0,-5.4372916,0.13789339363574982,0.8394241333007812,0.5248062014579773
YCR028C-A,YDR201W,0,-5.4375877,0.13786831498146057,0.8394241333007812,0.52491694688797
YOR061W,YLR016C,0,-5.437834,0.13784325122833252,0.8394241333007812,0.5250276923179626
YJR069C,YGR122W,0,-5.437835,0.13781818747520447,0.8394241333007812,0.5251384377479553
YLR056W,YER116C,0,-5.438208,0.13779312372207642,0.8394241333007812,0.525249183177948
YGL144C,YLR452C,0,-5.4383216,0.13776808977127075,0.8394241333007812,0.5253599286079407
YGR113W,YNL251C,0,-5.4390454,0.1377430558204651,0.8394241333007812,0.5254706740379333
YBL063W,YOR069W,0,-5.439175,0.13771802186965942,0.8394241333007812,0.525581419467926
YIL033C,YPR124W,0,-5.4396224,0.13769300282001495,0.8394241333007812,0.5256921648979187
YAL040C,YKL054C,0,-5.4396763,0.13766799867153168,0.8394241333007812,0.5258028507232666
YDR160W,YKR062W,0,-5.4397373,0.1376429945230484,0.8394241333007812,0.5259135961532593
YPR100W,YDR353W,0,-5.4401274,0.13761800527572632,0.8394241333007812,0.526024341583252
YHR072W,YPR054W,0,-5.4407287,0.13759303092956543,0.8394241333007812,0.5261350870132446
YMR167W,YFL037W,1,-5.440797,0.1377495527267456,0.840531587600708,0.5261350870132446
YHL002W,YPR187W,0,-5.4412355,0.13772454857826233,0.840531587600708,0.5262458324432373
YDL093W,YGR085C,0,-5.4416666,0.13769955933094025,0.840531587600708,0.52635657787323
YPR128C,YPL283C,0,-5.44186,0.13767458498477936,0.840531587600708,0.5264673233032227
YDR330W,YKR020W,0,-5.442238,0.13764962553977966,0.840531587600708,0.5265780687332153
YML095C,YJL074C,1,-5.4424195,0.1378059834241867,0.84163898229599,0.5265780687332153
YGR121C,YNL064C,0,-5.442438,0.13778099417686462,0.84163898229599,0.526688814163208
YML004C,YBR175W,0,-5.4425244,0.13775601983070374,0.84163898229599,0.5267995595932007
YPL123C,YOR256C,0,-5.442644,0.13773106038570404,0.84163898229599,0.5269103050231934
YPL152W,YJL045W,0,-5.4428544,0.13770610094070435,0.84163898229599,0.527021050453186
YKR101W,YDR353W,0,-5.443295,0.13768115639686584,0.84163898229599,0.5271317958831787
YDR017C,YNL293W,0,-5.4433465,0.13765622675418854,0.84163898229599,0.5272425413131714
YPR133C,YKR031C,0,-5.443725,0.13763129711151123,0.84163898229599,0.5273532867431641
YBL005W,YGR279C,0,-5.443741,0.13760636746883392,0.84163898229599,0.5274640321731567
YLR347C,YPL283C,0,-5.443879,0.137581467628479,0.84163898229599,0.5275747776031494
YKL117W,YBR228W,0,-5.445027,0.13755656778812408,0.84163898229599,0.5276854634284973
YLL043W,YHR081W,0,-5.445414,0.13753166794776917,0.84163898229599,0.52779620885849
YML078W,YLR214W,0,-5.445496,0.13750678300857544,0.84163898229599,0.5279069542884827
YAL053W,YDR190C,0,-5.445559,0.1374819129705429,0.84163898229599,0.5280176997184753
YBR015C,YOR162C,0,-5.445857,0.13745704293251038,0.84163898229599,0.528128445148468
YGR002C,YJR029W,0,-5.446104,0.13743218779563904,0.84163898229599,0.5282391905784607
YGR267C,YGR085C,0,-5.44673,0.1374073475599289,0.84163898229599,0.5283499360084534
YOR023C,YDL033C,0,-5.4473014,0.13738250732421875,0.84163898229599,0.528460681438446
YDR296W,YNL214W,0,-5.4478164,0.1373576670885086,0.84163898229599,0.5285714268684387
YDL099W,YAL041W,0,-5.448273,0.13733285665512085,0.84163898229599,0.5286821722984314
YKL006C-A,YCL020W,0,-5.4490905,0.1373080462217331,0.84163898229599,0.5287929177284241
YER095W,YPL139C,1,-5.4497457,0.13746386766433716,0.842746376991272,0.5287929177284241
YGR264C,YPL283C,0,-5.449869,0.1374390423297882,0.842746376991272,0.5289036631584167
YNL286W,YNR048W,0,-5.4504714,0.13741423189640045,0.842746376991272,0.5290144085884094
YGL021W,YMR211W,0,-5.4515886,0.1373894214630127,0.842746376991272,0.5291251540184021
YDR254W,YIL098C,0,-5.452967,0.13736462593078613,0.842746376991272,0.5292358994483948
YLR095C,YMR243C,0,-5.4533176,0.13733983039855957,0.842746376991272,0.5293466448783875
YAR019C,YER126C,0,-5.4535604,0.1373150497674942,0.842746376991272,0.5294573903083801
YIL097W,YGL144C,0,-5.4542065,0.13729026913642883,0.842746376991272,0.5295681357383728
YNR008W,YDL185W,0,-5.4546237,0.13726551830768585,0.842746376991272,0.5296788215637207
YBL019W,YEL050C,0,-5.454781,0.13724075257778168,0.842746376991272,0.5297895669937134
YLR401C,YOR270C,0,-5.454946,0.1372160166501999,0.842746376991272,0.529900312423706
YCL051W,YOR216C,0,-5.455032,0.1371912807226181,0.842746376991272,0.5300110578536987
YGR244C,YNL006W,0,-5.455173,0.13716654479503632,0.842746376991272,0.5301218032836914
YOR281C,YPL206C,0,-5.455296,0.13714182376861572,0.842746376991272,0.5302325487136841
YPL228W,YML105C,0,-5.4559298,0.13711711764335632,0.842746376991272,0.5303432941436768
YHR005C-A,YDL216C,0,-5.4574914,0.13709241151809692,0.842746376991272,0.5304540395736694
YNL121C,YOR256C,0,-5.4580956,0.13706772029399872,0.842746376991272,0.5305647850036621
YFL039C,YMR088C,0,-5.45853,0.1370430439710617,0.842746376991272,0.5306755304336548
YFL059W,YLR043C,0,-5.4587703,0.1370183676481247,0.842746376991272,0.5307862758636475
YER045C,YDR201W,0,-5.45933,0.13699370622634888,0.842746376991272,0.5308970212936401
YIR019C,YDL064W,0,-5.4593983,0.13696904480457306,0.842746376991272,0.5310077667236328
YKL058W,YBR293W,0,-5.459414,0.13694439828395844,0.842746376991272,0.5311185121536255
YGL021W,YAR007C,0,-5.4594774,0.1369197517633438,0.842746376991272,0.5312292575836182
YJL042W,YOR274W,0,-5.4596663,0.13689512014389038,0.842746376991272,0.5313400030136108
YJR042W,YDR247W,0,-5.4599977,0.13687050342559814,0.842746376991272,0.5314507484436035
YPR135W,YDR148C,0,-5.4603677,0.1368458867073059,0.842746376991272,0.5315614342689514
YNL326C,YBR088C,0,-5.4605556,0.13682128489017487,0.842746376991272,0.5316721796989441
YGL021W,YGL255W,0,-5.461039,0.13679669797420502,0.842746376991272,0.5317829251289368
YBR228W,YKL126W,0,-5.4624248,0.13677211105823517,0.842746376991272,0.5318936705589294
YER051W,YKR028W,0,-5.4631705,0.13674752414226532,0.842746376991272,0.5320044159889221
YMR035W,YBR193C,0,-5.4634748,0.13672296702861786,0.842746376991272,0.5321151614189148
YNR056C,YPL237W,0,-5.4637046,0.1366983950138092,0.842746376991272,0.5322259068489075
YGR013W,YDR353W,0,-5.4642005,0.13667385280132294,0.842746376991272,0.5323366522789001
YLR155C,YPR030W,0,-5.4647527,0.13664931058883667,0.842746376991272,0.5324473977088928
YPL117C,YIL026C,0,-5.4648533,0.1366247683763504,0.842746376991272,0.5325581431388855
YOL051W,YKR072C,0,-5.464891,0.13660025596618652,0.842746376991272,0.5326688885688782
YHR067W,YBR293W,0,-5.4650006,0.13657572865486145,0.842746376991272,0.5327796339988708
YIL079C,YHR154W,0,-5.4652753,0.13655123114585876,0.842746376991272,0.5328903794288635
YDR385W,YDL216C,0,-5.465332,0.13652673363685608,0.842746376991272,0.5330011248588562
YNL231C,YML045W,0,-5.4654536,0.1365022361278534,0.842746376991272,0.5331118702888489
YCL001W,YPL144W,0,-5.46633,0.1364777684211731,0.842746376991272,0.5332226157188416
YLR145W,YJL192C,0,-5.4664607,0.1364532858133316,0.842746376991272,0.5333333611488342
YIL040W,YHR091C,0,-5.466619,0.1364288330078125,0.842746376991272,0.5334440469741821
YNL041C,YOR085W,0,-5.466664,0.1364043802022934,0.842746376991272,0.5335547924041748
YJR155W,YOR023C,0,-5.466777,0.1363799273967743,0.842746376991272,0.5336655378341675
YIL097W,YBR272C,0,-5.46705,0.13635548949241638,0.842746376991272,0.5337762832641602
YML034W,YJR126C,0,-5.4675846,0.13633106648921967,0.842746376991272,0.5338870286941528
YOR119C,YGL244W,0,-5.4677453,0.13630664348602295,0.842746376991272,0.5339977741241455
YCR075C,YLR214W,0,-5.4677978,0.13628223538398743,0.842746376991272,0.5341085195541382
YDR141C,YLR014C,0,-5.4678197,0.1362578272819519,0.842746376991272,0.5342192649841309
YDR421W,YMR305C,0,-5.468145,0.13623343408107758,0.842746376991272,0.5343300104141235
YOR185C,YOR297C,0,-5.468741,0.13620905578136444,0.842746376991272,0.5344407558441162
YJR069C,YFR048W,0,-5.468859,0.1361846774816513,0.842746376991272,0.5345515012741089
YDR450W,YGR213C,0,-5.469025,0.13616031408309937,0.842746376991272,0.5346622467041016
YMR173W,YPL075W,0,-5.4692006,0.13613595068454742,0.842746376991272,0.5347729921340942
YCR034W,YLR403W,0,-5.4696507,0.13611160218715668,0.842746376991272,0.5348837375640869
YLR399C,YPL042C,1,-5.470056,0.1362660974264145,0.8438538312911987,0.5348837375640869
YLR231C,YPL274W,0,-5.4702673,0.13624173402786255,0.8438538312911987,0.5349944829940796
YGR113W,YBR102C,0,-5.470549,0.1362173706293106,0.8438538312911987,0.5351052284240723
YLR399C,YFL037W,1,-5.471308,0.13637176156044006,0.8449612259864807,0.5351052284240723
YDR017C,YDL213C,0,-5.4715896,0.13634739816188812,0.8449612259864807,0.5352159738540649
YNL294C,YGR081C,0,-5.4716396,0.13632303476333618,0.8449612259864807,0.5353266596794128
YER174C,YPR131C,0,-5.471808,0.13629867136478424,0.8449612259864807,0.5354374051094055
YNR008W,YGR279C,0,-5.4718513,0.1362743377685547,0.8449612259864807,0.5355481505393982
YPR128C,YDR166C,0,-5.4727354,0.13625000417232513,0.8449612259864807,0.5356588959693909
YCL039W,YPL093W,0,-5.473033,0.13622567057609558,0.8449612259864807,0.5357696413993835
YGR108W,YPR078C,1,-5.4730587,0.13637986779212952,0.8460686802864075,0.5357696413993835
YOR085W,YER149C,0,-5.4740996,0.13635551929473877,0.8460686802864075,0.5358803868293762
YDR479C,YLR022C,0,-5.4742637,0.13633118569850922,0.8460686802864075,0.5359911322593689
YKR019C,YOR027W,0,-5.474882,0.13630686700344086,0.8460686802864075,0.5361018776893616
YCR028C-A,YDL216C,0,-5.4749107,0.1362825483083725,0.8460686802864075,0.5362126231193542
YJL020C,YMR035W,0,-5.475064,0.13625824451446533,0.8460686802864075,0.5363233685493469
YER116C,YDR324C,0,-5.475841,0.13623395562171936,0.8460686802864075,0.5364341139793396
YNR017W,YBL023C,0,-5.476663,0.1362096667289734,0.8460686802864075,0.5365448594093323
YDL028C,YOR157C,0,-5.476681,0.13618537783622742,0.8460686802864075,0.536655604839325
YEL022W,YMR137C,0,-5.4768624,0.13616111874580383,0.8460686802864075,0.5367663502693176
YHR120W,YDR450W,0,-5.4772162,0.13613684475421906,0.8460686802864075,0.5368770956993103
YPR135W,YOR266W,0,-5.4776626,0.13611260056495667,0.8460686802864075,0.536987841129303
YDR101C,YDR464W,0,-5.477718,0.13608835637569427,0.8460686802864075,0.5370985865592957
YDR052C,YLL034C,0,-5.4780874,0.13606411218643188,0.8460686802864075,0.5372093319892883
YMR035W,YGR099W,0,-5.478275,0.1360398828983307,0.8460686802864075,0.5373200178146362
YAL017W,YLR301W,0,-5.4787545,0.13601566851139069,0.8460686802864075,0.5374307632446289
YPL167C,YBR030W,0,-5.478968,0.13599145412445068,0.8460686802864075,0.5375415086746216
YBL084C,YLR141W,0,-5.47897,0.13596725463867188,0.8460686802864075,0.5376522541046143
YDR247W,YGR281W,0,-5.4790664,0.13594305515289307,0.8460686802864075,0.5377629995346069
YPR161C,YPL144W,0,-5.479324,0.13591887056827545,0.8460686802864075,0.5378737449645996
YHR091C,YJL143W,0,-5.4796033,0.13589470088481903,0.8460686802864075,0.5379844903945923
YNL098C,YKR072C,0,-5.4796405,0.1358705312013626,0.8460686802864075,0.538095235824585
YMR237W,YOR061W,0,-5.4796815,0.13584637641906738,0.8460686802864075,0.5382059812545776
YJL117W,YJL047C,0,-5.4799542,0.13582222163677216,0.8460686802864075,0.5383167266845703
YBL069W,YHR068W,0,-5.4803305,0.13579808175563812,0.8460686802864075,0.538427472114563
YDR302W,YJL042W,0,-5.4807253,0.1357739418745041,0.8460686802864075,0.5385382175445557
YHR120W,YNL123W,0,-5.4812217,0.13574981689453125,0.8460686802864075,0.5386489629745483
YFL037W,YPR078C,1,-5.48158,0.13590335845947266,0.8471760749816895,0.5386489629745483
YLR228C,YDR461W,0,-5.482051,0.13587921857833862,0.8471760749816895,0.538759708404541
YCR075C,YDL039C,0,-5.482245,0.13585509359836578,0.8471760749816895,0.5388704538345337
YOL151W,YOL138C,0,-5.4822993,0.13583096861839294,0.8471760749816895,0.5389811992645264
YPL049C,YNR046W,0,-5.482347,0.1358068585395813,0.8471760749816895,0.539091944694519
YMR060C,YER151C,0,-5.4825172,0.13578274846076965,0.8471760749816895,0.5392026305198669
YCL051W,YGL210W,0,-5.482546,0.1357586532831192,0.8471760749816895,0.5393133759498596
YFL056C,YJR007W,0,-5.482633,0.13573455810546875,0.8471760749816895,0.5394241213798523
YLR438C-A,YPL270W,0,-5.482679,0.1357104778289795,0.8471760749816895,0.539534866809845
YLR228C,YDR129C,0,-5.483327,0.13568641245365143,0.8471760749816895,0.5396456122398376
YDR434W,YDR450W,0,-5.483443,0.13566234707832336,0.8471760749816895,0.5397563576698303
YDR052C,YKL176C,0,-5.483886,0.1356382966041565,0.8471760749816895,0.539867103099823
YGR264C,YGR156W,0,-5.4845157,0.13561424612998962,0.8471760749816895,0.5399778485298157
YMR234W,YDL212W,0,-5.484732,0.13559021055698395,0.8471760749816895,0.5400885939598083
YOR061W,YPL132W,0,-5.485355,0.13556618988513947,0.8471760749816895,0.540199339389801
YHR043C,YLR052W,0,-5.485405,0.13554216921329498,0.8471760749816895,0.5403100848197937
YPL231W,YOR188W,0,-5.485425,0.1355181634426117,0.8471760749816895,0.5404208302497864
YDR518W,YBL018C,0,-5.48552,0.1354941576719284,0.8471760749816895,0.540531575679779
YOL044W,YKR072C,0,-5.485582,0.1354701668024063,0.8471760749816895,0.5406423211097717
YOR168W,YLR347C,0,-5.4864354,0.13544617593288422,0.8471760749816895,0.5407530665397644
YDL093W,YKL015W,0,-5.486533,0.13542219996452332,0.8471760749816895,0.5408638119697571
YPL007C,YNL046W,0,-5.4867387,0.13539822399616241,0.8471760749816895,0.5409745573997498
YJR144W,YDL212W,0,-5.486768,0.1353742629289627,0.8471760749816895,0.5410852432250977
YNL145W,YBR060C,0,-5.487041,0.1353503167629242,0.8471760749816895,0.5411959886550903
YLR117C,YDL081C,0,-5.4875503,0.13532637059688568,0.8471760749816895,0.541306734085083
YLR353W,YMR156C,0,-5.4877934,0.13530243933200836,0.8471760749816895,0.5414174795150757
YMR188C,YBR165W,0,-5.4885483,0.13527850806713104,0.8471760749816895,0.5415282249450684
YMR237W,YLR368W,0,-5.4893355,0.13525459170341492,0.8471760749816895,0.541638970375061
YHR067W,YER041W,0,-5.4895763,0.13523069024085999,0.8471760749816895,0.5417497158050537
YIL026C,YNR017W,0,-5.4903545,0.13520678877830505,0.8471760749816895,0.5418604612350464
YGR108W,YPL022W,1,-5.490416,0.13535960018634796,0.8482834696769714,0.5418604612350464
YPL221W,YBR088C,0,-5.4904227,0.13533568382263184,0.8482834696769714,0.5419712066650391
YJL115W,YPL087W,0,-5.49049,0.1353117823600769,0.8482834696769714,0.5420819520950317
YKR036C,YER013W,0,-5.4912205,0.13528788089752197,0.8482834696769714,0.5421926975250244
YJL024C,YHR191C,0,-5.492854,0.13526399433612823,0.8482834696769714,0.5423034429550171
YLR131C,YGR095C,0,-5.4934697,0.1352401077747345,0.8482834696769714,0.5424141883850098
YOL151W,YEL032W,0,-5.4935403,0.13521623611450195,0.8482834696769714,0.5425249338150024
YER107C,YJL094C,0,-5.4937935,0.1351923793554306,0.8482834696769714,0.5426356792449951
YJL020C,YOR224C,0,-5.4938364,0.13516852259635925,0.8482834696769714,0.5427464246749878
YML116W,YGL012W,0,-5.4940753,0.1351446658372879,0.8482834696769714,0.5428571701049805
YPR033C,YBR093C,0,-5.4941607,0.13512083888053894,0.8482834696769714,0.5429678559303284
YDL078C,YPL020C,0,-5.4945865,0.13509699702262878,0.8482834696769714,0.543078601360321
YCR082W,YLR386W,0,-5.4946856,0.13507318496704102,0.8482834696769714,0.5431893467903137
YML105C,YHR050W,0,-5.4949546,0.13504935801029205,0.8482834696769714,0.5433000922203064
YLR314C,YHR086W,0,-5.4949756,0.13502556085586548,0.8482834696769714,0.5434108376502991
YBL019W,YJR002W,0,-5.495316,0.1350017637014389,0.8482834696769714,0.5435215830802917
YEL032W,YGL227W,0,-5.4954314,0.13497796654701233,0.8482834696769714,0.5436323285102844
YNL113W,YJR126C,0,-5.4955783,0.13495419919490814,0.8482834696769714,0.5437430739402771
YBR093C,YIL016W,0,-5.495908,0.13493041694164276,0.8482834696769714,0.5438538193702698
YGL245W,YNL279W,0,-5.4961147,0.13490666449069977,0.8482834696769714,0.5439645648002625
YER107C,YBL005W,0,-5.4964604,0.13488289713859558,0.8482834696769714,0.5440753102302551
YKL179C,YHR106W,0,-5.49757,0.13485915958881378,0.8482834696769714,0.5441860556602478
YLR214W,YGR007W,0,-5.4977746,0.13483542203903198,0.8482834696769714,0.5442968010902405
YOR335C,YEL061C,0,-5.498182,0.13481168448925018,0.8482834696769714,0.5444075465202332
YHR157W,YOR229W,1,-5.4985204,0.13496392965316772,0.8493909239768982,0.5444075465202332
YKL110C,YGR006W,0,-5.4989705,0.13494017720222473,0.8493909239768982,0.5445182919502258
YDR077W,YMR156C,0,-5.499004,0.13491643965244293,0.8493909239768982,0.5446290373802185
YFR008W,YHR005C-A,0,-5.499077,0.13489271700382233,0.8493909239768982,0.5447397828102112
YBR102C,YGR007W,0,-5.4997964,0.13486899435520172,0.8493909239768982,0.5448504686355591
YNL225C,YPL076W,0,-5.4999013,0.1348452866077423,0.8493909239768982,0.5449612140655518
YGR188C,YDL111C,0,-5.500833,0.1348215788602829,0.8493909239768982,0.5450719594955444
YER119C,YKR072C,0,-5.5010867,0.13479788601398468,0.8493909239768982,0.5451827049255371
YDL231C,YBL024W,0,-5.5013995,0.13477420806884766,0.8493909239768982,0.5452934503555298
YPR128C,YPL031C,0,-5.5014205,0.13475053012371063,0.8493909239768982,0.5454041957855225
YPL001W,YOL124C,0,-5.501558,0.1347268521785736,0.8493909239768982,0.5455149412155151
YMR220W,YFR008W,0,-5.502525,0.13470318913459778,0.8493909239768982,0.5456256866455078
YML128C,YDR369C,1,-5.5029807,0.13485513627529144,0.8504983186721802,0.5456256866455078
YNL251C,YIL114C,0,-5.5031343,0.13483145833015442,0.8504983186721802,0.5457364320755005
YFR046C,YDL076C,0,-5.5034676,0.1348077952861786,0.8504983186721802,0.5458471775054932
YOR274W,YPL031C,0,-5.503506,0.13478413224220276,0.8504983186721802,0.5459579229354858
YNL094W,YOR250C,0,-5.5036464,0.13476048409938812,0.8504983186721802,0.5460686683654785
YDL130W-A,YKR089C,0,-5.503699,0.1347368359565735,0.8504983186721802,0.5461794137954712
YOL165C,YKL058W,0,-5.5051694,0.13471320271492004,0.8504983186721802,0.5462901592254639
YBR015C,YHR091C,0,-5.505655,0.1346895843744278,0.8504983186721802,0.5464009046554565
YLR231C,YHR067W,0,-5.5064034,0.13466596603393555,0.8504983186721802,0.5465116500854492
YOR266W,YKL117W,0,-5.5065064,0.1346423625946045,0.8504983186721802,0.5466223955154419
YGR104C,YDR346C,0,-5.5066853,0.13461875915527344,0.8504983186721802,0.5467331409454346
YJL170C,YGR008C,0,-5.506819,0.13459515571594238,0.8504983186721802,0.5468438267707825
YBR085W,YMR143W,0,-5.507417,0.13457158207893372,0.8504983186721802,0.5469545722007751
YJL117W,YOR294W,0,-5.5074444,0.13454800844192505,0.8504983186721802,0.5470653176307678
YDL081C,YCL069W,0,-5.5078073,0.13452443480491638,0.8504983186721802,0.5471760630607605
YNL225C,YGR055W,0,-5.508102,0.1345008760690689,0.8504983186721802,0.5472868084907532
YMR240C,YGL039W,0,-5.509096,0.13447731733322144,0.8504983186721802,0.5473975539207458
YDR022C,YHR072W,0,-5.509168,0.13445378839969635,0.8504983186721802,0.5475082993507385
YCR093W,YKR046C,0,-5.5097613,0.13443024456501007,0.8504983186721802,0.5476190447807312
YLR347C,YPR178W,0,-5.510388,0.13440671563148499,0.8504983186721802,0.5477297902107239
YFL056C,YGR135W,0,-5.5104027,0.1343832015991211,0.8504983186721802,0.5478405356407166
YHR011W,YPL152W,0,-5.5107837,0.1343596875667572,0.8504983186721802,0.5479512810707092
YMR234W,YDR418W,0,-5.5110903,0.1343361884355545,0.8504983186721802,0.5480620265007019
YJR127C,YIL031W,0,-5.5111456,0.1343126893043518,0.8504983186721802,0.5481727719306946
YMR035W,YGR279C,0,-5.511177,0.1342892050743103,0.8504983186721802,0.5482835173606873
YBL103C,YDR057W,0,-5.5112386,0.13426573574543,0.8504983186721802,0.5483942627906799
YIL097W,YCR014C,0,-5.511877,0.13424226641654968,0.8504983186721802,0.5485050082206726
YJR002W,YLR043C,0,-5.5121956,0.13421881198883057,0.8504983186721802,0.5486157536506653
YHL002W,YNL231C,0,-5.5125327,0.13419535756111145,0.8504983186721802,0.5487264394760132
YBR102C,YBL035C,0,-5.5127025,0.13417190313339233,0.8504983186721802,0.5488371849060059
YBR217W,YGL244W,0,-5.5127397,0.1341484785079956,0.8504983186721802,0.5489479303359985
YGL166W,YOR332W,0,-5.5130105,0.13412503898143768,0.8504983186721802,0.5490586757659912
YCL039W,YHR050W,0,-5.5133367,0.13410162925720215,0.8504983186721802,0.5491694211959839
YIL033C,YOR157C,0,-5.514862,0.1340782195329666,0.8504983186721802,0.5492801666259766
YPR124W,YOR284W,0,-5.5148787,0.13405480980873108,0.8504983186721802,0.5493909120559692
YMR161W,YDR489W,0,-5.515119,0.13403141498565674,0.8504983186721802,0.5495016574859619
YJR025C,YKL006C-A,0,-5.5153193,0.1340080201625824,0.8504983186721802,0.5496124029159546
YKL135C,YGR159C,0,-5.515361,0.13398464024066925,0.8504983186721802,0.5497231483459473
YLR014C,YDR129C,0,-5.515374,0.1339612752199173,0.8504983186721802,0.5498338937759399
YBR274W,YDR320C,0,-5.5154576,0.13393791019916534,0.8504983186721802,0.5499446392059326
YBR095C,YIL076W,0,-5.515511,0.13391456007957458,0.8504983186721802,0.5500553846359253
YLR014C,YGR152C,0,-5.515796,0.13389120995998383,0.8504983186721802,0.550166130065918
YIL048W,YPR161C,0,-5.516093,0.13386787474155426,0.8504983186721802,0.5502768754959106
YOR023C,YEL034W,0,-5.516093,0.1338445395231247,0.8504983186721802,0.5503876209259033
YOR198C,YPL139C,1,-5.5170264,0.13399547338485718,0.8516057729721069,0.5503876209259033
YCR065W,YGR199W,0,-5.5173974,0.13397212326526642,0.8516057729721069,0.550498366355896
YDL102W,YNR017W,0,-5.517429,0.13394878804683685,0.8516057729721069,0.5506090521812439
YEL022W,YNL145W,0,-5.5179863,0.13392546772956848,0.8516057729721069,0.5507197976112366
YJL061W,YAL051W,0,-5.518475,0.1339021474123001,0.8516057729721069,0.5508305430412292
YNR027W,YCR012W,0,-5.518703,0.13387882709503174,0.8516057729721069,0.5509412884712219
YMR035W,YGR156W,0,-5.5188355,0.13385552167892456,0.8516057729721069,0.5510520339012146
YJL170C,YGL207W,0,-5.519506,0.13383223116397858,0.8516057729721069,0.5511627793312073
YBR085W,YGR280C,0,-5.5195284,0.1338089406490326,0.8516057729721069,0.5512735247612
YDL149W,YPL274W,0,-5.519957,0.1337856650352478,0.8516057729721069,0.5513842701911926
YNL079C,YPL020C,0,-5.5201344,0.133762389421463,0.8516057729721069,0.5514950156211853
YIL040W,YOL028C,0,-5.5201383,0.13373912870883942,0.8516057729721069,0.551605761051178
YDL028C,YJL192C,0,-5.520367,0.13371588289737701,0.8516057729721069,0.5517165064811707
YIL048W,YCL017C,0,-5.520741,0.13369262218475342,0.8516057729721069,0.5518272519111633
YNR008W,YBR088C,0,-5.5207477,0.1336693912744522,0.8516057729721069,0.551937997341156
YDL040C,YKR046C,0,-5.521812,0.133646160364151,0.8516057729721069,0.5520487427711487
YDR450W,YBR228W,0,-5.5218225,0.1336229294538498,0.8516057729721069,0.5521594882011414
YDR062W,YML088W,0,-5.522469,0.13359972834587097,0.8516057729721069,0.552270233631134
YFR021W,YDR400W,0,-5.522493,0.13357651233673096,0.8516057729721069,0.5523809790611267
YNL271C,YOL135C,0,-5.5237594,0.13355331122875214,0.8516057729721069,0.5524916648864746
YDL039C,YGR270W,0,-5.5238695,0.1335301250219345,0.8516057729721069,0.5526024103164673
YJL058C,YOL124C,0,-5.5239387,0.13350693881511688,0.8516057729721069,0.55271315574646
YKR046C,YKR056W,0,-5.523989,0.13348376750946045,0.8516057729721069,0.5528239011764526
YBR060C,YHR030C,0,-5.524852,0.1334606111049652,0.8516057729721069,0.5529346466064453
YNR035C,YPR124W,0,-5.5250144,0.13343743979930878,0.8516057729721069,0.553045392036438
YDL099W,YDR259C,0,-5.5250587,0.13341429829597473,0.8516057729721069,0.5531561374664307
YPL159C,YDR422C,0,-5.525928,0.13339115679264069,0.8516057729721069,0.5532668828964233
YOR185C,YKL032C,0,-5.52599,0.13336801528930664,0.8516057729721069,0.553377628326416
YDR450W,YBL055C,0,-5.5266395,0.1333448886871338,0.8516057729721069,0.5534883737564087
YGR007W,YDL020C,0,-5.5267816,0.13332177698612213,0.8516057729721069,0.5535991191864014
YOR011W,YKR072C,0,-5.526812,0.13329866528511047,0.8516057729721069,0.553709864616394
YLL034C,YDL120W,0,-5.526974,0.13327556848526,0.8516057729721069,0.5538206100463867
YPR034W,YAL030W,0,-5.527057,0.13325247168540955,0.8516057729721069,0.5539313554763794
YKL192C,YOR001W,0,-5.5272813,0.13322938978672028,0.8516057729721069,0.5540421009063721
YJL146W,YNL250W,1,-5.5272846,0.1333795189857483,0.8527131676673889,0.5540421009063721
YJL117W,YPR190C,0,-5.5288954,0.13335642218589783,0.8527131676673889,0.5541528463363647
YPL051W,YDR435C,0,-5.529023,0.13333334028720856,0.8527131676673889,0.5542635917663574
YOL042W,YJL210W,0,-5.529176,0.1333102434873581,0.8527131676673889,0.5543743371963501
YNL085W,YJL143W,0,-5.5296254,0.13328717648983002,0.8527131676673889,0.554485023021698
YNL223W,YOR315W,0,-5.5297604,0.13326410949230194,0.8527131676673889,0.5545957684516907
YJL178C,YMR182C,0,-5.53001,0.13324104249477386,0.8527131676673889,0.5547065138816833
YDR529C,YDR160W,0,-5.5300584,0.13321799039840698,0.8527131676673889,0.554817259311676
YCL066W,YDR158W,0,-5.5303926,0.1331949532032013,0.8527131676673889,0.5549280047416687
YOR354C,YHR157W,1,-5.530459,0.1333448588848114,0.8538206219673157,0.5549280047416687
YLR369W,YOR132W,0,-5.5311155,0.13332180678844452,0.8538206219673157,0.5550387501716614
YPL096W,YIL076W,0,-5.531913,0.13329875469207764,0.8538206219673157,0.555149495601654
YKL054C,YNL079C,0,-5.532228,0.13327571749687195,0.8538206219673157,0.5552602410316467
YOL021C,YDR464W,0,-5.5324492,0.13325268030166626,0.8538206219673157,0.5553709864616394
YDL004W,YMR182C,0,-5.532971,0.13322965800762177,0.8538206219673157,0.5554817318916321
YOL135C,YPL123C,0,-5.5330796,0.13320663571357727,0.8538206219673157,0.5555924773216248
YLR141W,YHR106W,0,-5.5330873,0.13318362832069397,0.8538206219673157,0.5557032227516174
YCR075C,YDL093W,0,-5.5334163,0.13316062092781067,0.8538206219673157,0.5558139681816101
YBR109C,YKL015W,0,-5.5342174,0.13313762843608856,0.8538206219673157,0.5559247136116028
YGR267C,YLR016C,0,-5.5342584,0.13311463594436646,0.8538206219673157,0.5560354590415955
YGR113W,YDR017C,0,-5.5344653,0.13309165835380554,0.8538206219673157,0.5561462044715881
YLR370C,YIL167W,0,-5.534719,0.13306869566440582,0.8538206219673157,0.5562569499015808
YBR109C,YGL100W,0,-5.5347776,0.1330457329750061,0.8538206219673157,0.5563676357269287
YLR114C,YOR281C,0,-5.535276,0.13302277028560638,0.8538206219673157,0.5564783811569214
YBR121C,YGR091W,0,-5.5358315,0.13299982249736786,0.8538206219673157,0.5565891265869141
YBL006C,YGR135W,0,-5.5360537,0.13297688961029053,0.8538206219673157,0.5566998720169067
YFR046C,YFR051C,0,-5.536613,0.1329539567232132,0.8538206219673157,0.5568106174468994
YBR217W,YJL020C,0,-5.536677,0.13293103873729706,0.8538206219673157,0.5569213628768921
YKL054C,YER041W,0,-5.5374184,0.13290812075138092,0.8538206219673157,0.5570321083068848
YDL231C,YCL017C,0,-5.537421,0.13288521766662598,0.8538206219673157,0.5571428537368774
YNL031C,YER041W,0,-5.537424,0.13286231458187103,0.8538206219673157,0.5572535991668701
YCL017C,YKL051W,0,-5.537596,0.13283942639827728,0.8538206219673157,0.5573643445968628
YFR051C,YDL216C,0,-5.5380244,0.13281653821468353,0.8538206219673157,0.5574750900268555
YNR017W,YNL098C,0,-5.5380635,0.13279366493225098,0.8538206219673157,0.5575858354568481
YBL020W,YDR279W,0,-5.5397086,0.13277079164981842,0.8538206219673157,0.5576965808868408
YNL041C,YIL018W,0,-5.54024,0.13274793326854706,0.8538206219673157,0.5578073263168335
YLR009W,YOR069W,0,-5.540258,0.1327250748872757,0.8538206219673157,0.5579180717468262
YKL110C,YFR024C-A,0,-5.5402904,0.13270223140716553,0.8538206219673157,0.5580288171768188
YMR276W,YMR035W,0,-5.5419946,0.13267940282821655,0.8538206219673157,0.5581395626068115
YLR100W,YCR075C,0,-5.543182,0.13265657424926758,0.8538206219673157,0.5582502484321594
YDR101C,YKR031C,0,-5.5434394,0.1326337456703186,0.8538206219673157,0.5583609938621521
YLR399C,YOR198C,1,-5.545171,0.1327829360961914,0.8549280166625977,0.5583609938621521
YMR264W,YDR123C,0,-5.545976,0.13276010751724243,0.8549280166625977,0.5584717392921448
YBL023C,YML091C,0,-5.5469246,0.13273727893829346,0.8549280166625977,0.5585824847221375
YGR028W,YDR145W,0,-5.5473514,0.13271445035934448,0.8549280166625977,0.5586932301521301
YOR011W,YOR232W,0,-5.5473933,0.1326916515827179,0.8549280166625977,0.5588039755821228
YML128C,YPR007C,1,-5.5479527,0.13284069299697876,0.8560354113578796,0.5588039755821228
YPR005C,YNL064C,0,-5.5482574,0.13281786441802979,0.8560354113578796,0.5589147210121155
YLR314C,YFR048W,0,-5.5483365,0.132795050740242,0.8560354113578796,0.5590254664421082
YPL051W,YPL244C,0,-5.548486,0.13277223706245422,0.8560354113578796,0.5591362118721008
YOR023C,YDR057W,0,-5.548796,0.13274943828582764,0.8560354113578796,0.5592469573020935
YLL003W,YOR308C,0,-5.5490203,0.13272665441036224,0.8560354113578796,0.5593577027320862
YMR316W,YBR245C,0,-5.5491014,0.13270385563373566,0.8560354113578796,0.5594684481620789
YDR148C,YCR014C,0,-5.5495634,0.13268108665943146,0.8560354113578796,0.5595791935920715
YAL040C,YDL076C,0,-5.549758,0.13265831768512726,0.8560354113578796,0.5596899390220642
YLR256W,YNL326C,0,-5.550831,0.13263554871082306,0.8560354113578796,0.5598006844520569
YPL007C,YNL079C,0,-5.5510836,0.13261279463768005,0.8560354113578796,0.5599114298820496
YPL086C,YHR030C,0,-5.5511484,0.13259005546569824,0.8560354113578796,0.5600221753120422
YOR025W,YJL063C,0,-5.5512285,0.13256731629371643,0.8560354113578796,0.5601328611373901
YMR314W,YOR132W,0,-5.5520062,0.13254457712173462,0.8560354113578796,0.5602436065673828
YDR150W,YHR048W,0,-5.552533,0.132521852850914,0.8560354113578796,0.5603543519973755
YKL190W,YIL048W,0,-5.552936,0.13249914348125458,0.8560354113578796,0.5604650974273682
YGR121C,YMR053C,0,-5.552957,0.13247643411159515,0.8560354113578796,0.5605758428573608
YGL019W,YPR074C,0,-5.5534186,0.13245373964309692,0.8560354113578796,0.5606865882873535
YNR035C,YOR250C,0,-5.553471,0.1324310451745987,0.8560354113578796,0.5607973337173462
YGL119W,YGR145W,0,-5.55356,0.13240836560726166,0.8560354113578796,0.5609080791473389
YBR202W,YOR157C,0,-5.5536017,0.13238568603992462,0.8560354113578796,0.5610188245773315
YDR062W,YOR295W,0,-5.554009,0.13236300647258759,0.8560354113578796,0.5611295700073242
YMR173W,YBR097W,0,-5.5549374,0.13234035670757294,0.8560354113578796,0.5612403154373169
YOR061W,YDR518W,0,-5.5551305,0.1323176920413971,0.8560354113578796,0.5613510608673096
YDR172W,YJR126C,0,-5.555454,0.13229505717754364,0.8560354113578796,0.5614618062973022
YER045C,YLL041C,0,-5.5561614,0.13227242231369019,0.8560354113578796,0.5615725517272949
YKL019W,YGR094W,0,-5.5562053,0.13224978744983673,0.8560354113578796,0.5616832971572876
YMR264W,YCR073C,0,-5.556253,0.13222716748714447,0.8560354113578796,0.5617940425872803
YJL196C,YOR188W,0,-5.556325,0.1322045475244522,0.8560354113578796,0.561904788017273
YLR114C,YKR101W,0,-5.55655,0.13218194246292114,0.8560354113578796,0.5620155334472656
YPR030W,YLR009W,0,-5.5565658,0.13215933740139008,0.8560354113578796,0.5621262192726135
YNR035C,YNR011C,0,-5.5566907,0.1321367472410202,0.8560354113578796,0.5622369647026062
YHR011W,YER151C,0,-5.5568385,0.13211417198181152,0.8560354113578796,0.5623477101325989
YOL005C,YDR330W,0,-5.5571427,0.13209159672260284,0.8560354113578796,0.5624584555625916
YOR168W,YDL194W,0,-5.55758,0.13206902146339417,0.8560354113578796,0.5625692009925842
YDL137W,YER174C,0,-5.5580173,0.13204646110534668,0.8560354113578796,0.5626799464225769
YDR188W,YNR017W,0,-5.558039,0.1320239156484604,0.8560354113578796,0.5627906918525696
YKL006C-A,YER161C,0,-5.558686,0.1320013701915741,0.8560354113578796,0.5629014372825623
YOR011W,YGR095C,0,-5.5594897,0.1319788247346878,0.8560354113578796,0.5630121827125549
YGR108W,YNL025C,1,-5.5598173,0.13212700188159943,0.8571428656578064,0.5630121827125549
YDR123C,YDR418W,0,-5.560594,0.13210445642471313,0.8571428656578064,0.5631229281425476
YDR188W,YML021C,0,-5.5606694,0.13208191096782684,0.8571428656578064,0.5632336735725403
YER119C,YBR093C,0,-5.560678,0.13205938041210175,0.8571428656578064,0.563344419002533
YDR150W,YOR001W,0,-5.5607347,0.13203684985637665,0.8571428656578064,0.5634551644325256
YGR108W,YCR033W,1,-5.560958,0.13218489289283752,0.8582502603530884,0.5634551644325256
YKL054C,YDR422C,0,-5.5609765,0.13216234743595123,0.8582502603530884,0.5635659098625183
YDL111C,YML064C,0,-5.5611625,0.13213981688022614,0.8582502603530884,0.563676655292511
YLR114C,YDL030W,0,-5.561254,0.13211728632450104,0.8582502603530884,0.5637874007225037
YOR076C,YJL143W,0,-5.561257,0.13209477066993713,0.8582502603530884,0.5638981461524963
YBR294W,YMR067C,0,-5.561593,0.13207225501537323,0.8582502603530884,0.5640088319778442
YEL065W,YGL169W,0,-5.56249,0.13204975426197052,0.8582502603530884,0.5641195774078369
YBL008W,YGR082W,0,-5.562611,0.1320272535085678,0.8582502603530884,0.5642303228378296
YLR155C,YGL136C,0,-5.5626388,0.1320047676563263,0.8582502603530884,0.5643410682678223
YMR083W,YOR001W,0,-5.563049,0.13198228180408478,0.8582502603530884,0.5644518136978149
YDL130W-A,YGR270W,0,-5.563996,0.13195981085300446,0.8582502603530884,0.5645625591278076
YPR190C,YPL144W,0,-5.56414,0.13193735480308533,0.8582502603530884,0.5646733045578003
YKL182W,YBL057C,0,-5.5642505,0.1319148987531662,0.8582502603530884,0.564784049987793
YKL182W,YCL066W,0,-5.564388,0.13189244270324707,0.8582502603530884,0.5648947954177856
YDR284C,YGR199W,0,-5.5644403,0.13187000155448914,0.8582502603530884,0.5650055408477783
YIL114C,YIL031W,0,-5.564944,0.1318475604057312,0.8582502603530884,0.565116286277771
YPR033C,YDL244W,0,-5.565032,0.13182513415813446,0.8582502603530884,0.5652270317077637
YML081C-A,YJL192C,0,-5.565824,0.1318027228116989,0.8582502603530884,0.5653377771377563
YIL097W,YBR072W,0,-5.566111,0.13178031146526337,0.8582502603530884,0.565448522567749
YMR276W,YLR256W,0,-5.5662923,0.13175790011882782,0.8582502603530884,0.5655592679977417
YNL258C,YDR464W,0,-5.5670238,0.13173550367355347,0.8582502603530884,0.5656700134277344
YGR199W,YMR235C,0,-5.5671535,0.1317131221294403,0.8582502603530884,0.565780758857727
YER112W,YCL017C,0,-5.567429,0.13169074058532715,0.8582502603530884,0.565891444683075
YNL326C,YPL237W,0,-5.5675945,0.131668359041214,0.8582502603530884,0.5660021901130676
YGR113W,YKL074C,0,-5.567652,0.13164599239826202,0.8582502603530884,0.5661129355430603
YJL085W,YKL051W,0,-5.567953,0.13162364065647125,0.8582502603530884,0.566223680973053
YJR049C,YLR301W,0,-5.5682836,0.13160128891468048,0.8582502603530884,0.5663344264030457
YPL231W,YGR244C,0,-5.568469,0.1315789520740509,0.8582502603530884,0.5664451718330383
YLR214W,YOR295W,0,-5.569264,0.13155661523342133,0.8582502603530884,0.566555917263031
YPL131W,YMR313C,0,-5.569568,0.13153427839279175,0.8582502603530884,0.5666666626930237
YLR117C,YPR033C,0,-5.5700183,0.13151195645332336,0.8582502603530884,0.5667774081230164
YDR394W,YKR028W,0,-5.570317,0.13148964941501617,0.8582502603530884,0.566888153553009
YGL144C,YIL017C,0,-5.570343,0.13146734237670898,0.8582502603530884,0.5669988989830017
YLR131C,YLR016C,0,-5.5710444,0.131445050239563,0.8582502603530884,0.5671096444129944
YDL244W,YNR039C,0,-5.5719123,0.131422758102417,0.8582502603530884,0.5672203898429871
YDR022C,YOR250C,0,-5.5719934,0.1314004808664322,0.8582502603530884,0.5673311352729797
YOL080C,YLR452C,0,-5.572271,0.1313782036304474,0.8582502603530884,0.5674418807029724
YCR034W,YOR032C,0,-5.5725594,0.13135592639446259,0.8582502603530884,0.5675526261329651
YLR353W,YDR302W,0,-5.5726237,0.13133367896080017,0.8582502603530884,0.5676633715629578
YOR023C,YDL099W,0,-5.572822,0.13131141662597656,0.8582502603530884,0.5677740573883057
YOL165C,YHR197W,0,-5.57311,0.13128916919231415,0.8582502603530884,0.5678848028182983
YDL004W,YER013W,0,-5.5731707,0.13126693665981293,0.8582502603530884,0.567995548248291
YLR347C,YGL169W,0,-5.575024,0.1312447041273117,0.8582502603530884,0.5681062936782837
YBR072W,YPL144W,0,-5.575196,0.13122248649597168,0.8582502603530884,0.5682170391082764
YOL060C,YNL046W,0,-5.5756307,0.13120026886463165,0.8582502603530884,0.568327784538269
YJR158W,YLR301W,0,-5.575682,0.13117806613445282,0.8582502603530884,0.5684385299682617
YOR198C,YOR351C,1,-5.576038,0.13132509589195251,0.8593577146530151,0.5684385299682617
YIL079C,YNL042W,0,-5.5762506,0.1313028782606125,0.8593577146530151,0.5685492753982544
YLR056W,YDL111C,0,-5.576529,0.13128066062927246,0.8593577146530151,0.5686600208282471
YJL061W,YDR247W,0,-5.576672,0.13125845789909363,0.8593577146530151,0.5687707662582397
YPR128C,YOL151W,0,-5.5775814,0.1312362551689148,0.8593577146530151,0.5688815116882324
YDR036C,YDL085W,0,-5.5776777,0.13121406733989716,0.8593577146530151,0.5689922571182251
YJL085W,YBR296C,0,-5.577766,0.13119187951087952,0.8593577146530151,0.5691030025482178
YBR102C,YIL065C,0,-5.577949,0.13116970658302307,0.8593577146530151,0.5692137479782104
YDR243C,YPL087W,0,-5.578139,0.13114753365516663,0.8593577146530151,0.5693244934082031
YOR185C,YNR046W,0,-5.57958,0.13112537562847137,0.8593577146530151,0.5694352388381958
YOR326W,YMR314W,0,-5.579648,0.13110323250293732,0.8593577146530151,0.5695459842681885
YDR320C,YBR030W,0,-5.579805,0.13108107447624207,0.8593577146530151,0.5696566700935364
YGR197C,YGR104C,0,-5.5800433,0.1310589462518692,0.8593577146530151,0.569767415523529
YER038C,YJR042W,0,-5.5804076,0.13103681802749634,0.8593577146530151,0.5698781609535217
YDR461W,YOR001W,0,-5.5804334,0.13101468980312347,0.8593577146530151,0.5699889063835144
YGL012W,YHR048W,0,-5.5811243,0.1309925764799118,0.8593577146530151,0.5700996518135071
YPL231W,YKL081W,0,-5.581653,0.13097046315670013,0.8593577146530151,0.5702103972434998
YDL040C,YJL192C,0,-5.5817685,0.13094836473464966,0.8593577146530151,0.5703211426734924
YJL146W,YJL074C,1,-5.5821967,0.13109499216079712,0.8604651093482971,0.5703211426734924
YNR035C,YJR002W,0,-5.5826297,0.13107287883758545,0.8604651093482971,0.5704318881034851
YCL001W,YDR464W,0,-5.5832453,0.13105076551437378,0.8604651093482971,0.5705426335334778
YLR228C,YOL102C,0,-5.5839696,0.1310286670923233,0.8604651093482971,0.5706533789634705
YOR198C,YFL033C,1,-5.584182,0.1311751753091812,0.8615725636482239,0.5706533789634705
YGR078C,YAR007C,0,-5.584435,0.13115306198596954,0.8615725636482239,0.5707641243934631
YNL041C,YKL058W,0,-5.5844674,0.13113096356391907,0.8615725636482239,0.5708748698234558
YFR046C,YPR124W,0,-5.5845265,0.1311088651418686,0.8615725636482239,0.5709856152534485
YOL094C,YKL058W,0,-5.58464,0.13108676671981812,0.8615725636482239,0.5710963606834412
YLR228C,YDR518W,0,-5.585232,0.13106468319892883,0.8615725636482239,0.5712071061134338
YOR074C,YLR212C,0,-5.585616,0.13104261457920074,0.8615725636482239,0.5713178515434265
YDR518W,YOR185C,0,-5.587009,0.13102054595947266,0.8615725636482239,0.5714285969734192
YJR155W,YDR394W,0,-5.587233,0.13099847733974457,0.8615725636482239,0.5715393424034119
YCR075C,YOR298C-A,0,-5.587481,0.13097642362117767,0.8615725636482239,0.5716500282287598
YLR131C,YJR126C,0,-5.587954,0.13095438480377197,0.8615725636482239,0.5717607736587524
YGR133W,YNL248C,0,-5.5879607,0.13093234598636627,0.8615725636482239,0.5718715190887451
YNR019W,YDR150W,0,-5.5881376,0.13091032207012177,0.8615725636482239,0.5719822645187378
YGL019W,YIL048W,0,-5.588206,0.13088829815387726,0.8615725636482239,0.5720930099487305
YKL051W,YOL124C,0,-5.5888953,0.13086627423763275,0.8615725636482239,0.5722037553787231
YER051W,YGL169W,0,-5.589003,0.13084426522254944,0.8615725636482239,0.5723145008087158
YKR062W,YNL064C,0,-5.5891967,0.13082225620746613,0.8615725636482239,0.5724252462387085
YBR142W,YJL143W,0,-5.5894732,0.130800262093544,0.8615725636482239,0.5725359916687012
YOR094W,YMR240C,0,-5.5897417,0.13077828288078308,0.8615725636482239,0.5726467370986938
YPR128C,YER174C,0,-5.589749,0.13075630366802216,0.8615725636482239,0.5727574825286865
YOR298C-A,YDR300C,0,-5.5899673,0.13073432445526123,0.8615725636482239,0.5728682279586792
YLR114C,YFR048W,0,-5.590038,0.1307123601436615,0.8615725636482239,0.5729789733886719
YNL041C,YNL085W,0,-5.5902457,0.13069041073322296,0.8615725636482239,0.5730897188186646
YDR141C,YDL084W,0,-5.590357,0.13066846132278442,0.8615725636482239,0.5732004642486572
YJR042W,YLR176C,0,-5.590455,0.1306465119123459,0.8615725636482239,0.5733112096786499
YPL051W,YPR190C,0,-5.590545,0.13062457740306854,0.8615725636482239,0.5734219551086426
YDR093W,YDR422C,0,-5.5906634,0.1306026577949524,0.8615725636482239,0.5735326409339905
YDR450W,YPL007C,0,-5.5910087,0.13058073818683624,0.8615725636482239,0.5736433863639832
YPL076W,YJR126C,0,-5.5910163,0.1305588185787201,0.8615725636482239,0.5737541317939758
YLR238W,YGR008C,0,-5.5925636,0.13053691387176514,0.8615725636482239,0.5738648772239685
YMR042W,YHR055C,0,-5.5935073,0.13051500916481018,0.8615725636482239,0.5739756226539612
YOR284W,YJR119C,0,-5.593581,0.13049311935901642,0.8615725636482239,0.5740863680839539
YOR198C,YLR234W,1,-5.594046,0.1306389421224594,0.8626799583435059,0.5740863680839539
YCR088W,YNR046W,0,-5.5941176,0.13061703741550446,0.8626799583435059,0.5741971135139465
YDL216C,YNL121C,0,-5.5942664,0.1305951327085495,0.8626799583435059,0.5743078589439392
YMR236W,YIL138C,0,-5.5943494,0.13057324290275574,0.8626799583435059,0.5744186043739319
YKL185W,YGL136C,0,-5.5950994,0.13055136799812317,0.8626799583435059,0.5745293498039246
YOR335C,YMR199W,0,-5.5956607,0.1305294930934906,0.8626799583435059,0.5746400952339172
YJL115W,YOL102C,0,-5.5959277,0.13050761818885803,0.8626799583435059,0.5747508406639099
YDR448W,YNR019W,0,-5.596055,0.13048575818538666,0.8626799583435059,0.5748615860939026
YLR131C,YGR094W,0,-5.5964503,0.13046391308307648,0.8626799583435059,0.5749723315238953
YNL278W,YNL064C,0,-5.5971866,0.1304420679807663,0.8626799583435059,0.5750830769538879
YLR109W,YIR006C,0,-5.5971966,0.13042022287845612,0.8626799583435059,0.5751938223838806
YKL006C-A,YML034W,0,-5.5972633,0.13039839267730713,0.8626799583435059,0.5753045678138733
YMR211W,YBR072W,0,-5.5981755,0.13037656247615814,0.8626799583435059,0.5754152536392212
YDL020C,YJL054W,0,-5.598304,0.13035474717617035,0.8626799583435059,0.5755259990692139
YNR044W,YOL021C,0,-5.5983353,0.13033294677734375,0.8626799583435059,0.5756367444992065
YGL097W,YLR452C,0,-5.598381,0.13031114637851715,0.8626799583435059,0.5757474899291992
YDR279W,YHR106W,0,-5.5985723,0.13028934597969055,0.8626799583435059,0.5758582353591919
YAL053W,YHL025W,0,-5.5986,0.13026756048202515,0.8626799583435059,0.5759689807891846
YNR019W,YLR347C,0,-5.5986714,0.13024577498435974,0.8626799583435059,0.5760797262191772
YER155C,YPL170W,0,-5.5988383,0.13022400438785553,0.8626799583435059,0.5761904716491699
YPL117C,YBL063W,0,-5.599076,0.13020223379135132,0.8626799583435059,0.5763012170791626
YBR121C,YHR090C,0,-5.5991454,0.1301804780960083,0.8626799583435059,0.5764119625091553
YNL214W,YCR012W,0,-5.5994067,0.13015873730182648,0.8626799583435059,0.576522707939148
YEL032W,YDR407C,0,-5.5995226,0.13013698160648346,0.8626799583435059,0.5766334533691406
YIL098C,YKR072C,0,-5.5996685,0.13011525571346283,0.8626799583435059,0.5767441987991333
YEL050C,YER161C,0,-5.599774,0.130093514919281,0.8626799583435059,0.576854944229126
YIL079C,YMR199W,0,-5.59985,0.13007180392742157,0.8626799583435059,0.5769656896591187
YNL294C,YOR297C,0,-5.599994,0.13005007803440094,0.8626799583435059,0.5770764350891113
YPL155C,YGR279C,0,-5.6003947,0.1300283819437027,0.8626799583435059,0.577187180519104
YJL081C,YJR050W,0,-5.6004224,0.13000667095184326,0.8626799583435059,0.5772978663444519
YIL097W,YML021C,0,-5.600608,0.1299849897623062,0.8626799583435059,0.5774086117744446
YCR024C-A,YJR126C,0,-5.600616,0.12996329367160797,0.8626799583435059,0.5775193572044373
YGL054C,YJL042W,0,-5.602443,0.12994161248207092,0.8626799583435059,0.5776301026344299
YPL244C,YCL001W,0,-5.602529,0.12991994619369507,0.8626799583435059,0.5777408480644226
YNL286W,YBR091C,0,-5.603067,0.1298982799053192,0.8626799583435059,0.5778515934944153
YNL031C,YOL042W,0,-5.6037126,0.12987662851810455,0.8626799583435059,0.577962338924408
YOR025W,YGR152C,0,-5.603949,0.1298549771308899,0.8626799583435059,0.5780730843544006
YJR025C,YMR008C,0,-5.6044517,0.12983334064483643,0.8626799583435059,0.5781838297843933
YFL039C,YLR134W,0,-5.6047387,0.12981170415878296,0.8626799583435059,0.578294575214386
YPR100W,YML088W,0,-5.605557,0.1297900676727295,0.8626799583435059,0.5784053206443787
YEL061C,YMR220W,0,-5.6058936,0.12976844608783722,0.8626799583435059,0.5785160660743713
YMR199W,YMR043W,0,-5.6061106,0.12974683940410614,0.8626799583435059,0.578626811504364
YBR085W,YOR335C,0,-5.6063476,0.12972523272037506,0.8626799583435059,0.5787375569343567
YER133W,YMR190C,1,-5.606974,0.12987013161182404,0.8637873530387878,0.5787375569343567
YBR245C,YOR076C,0,-5.6072645,0.12984851002693176,0.8637873530387878,0.5788483023643494
YNR059W,YPL152W,0,-5.60729,0.12982690334320068,0.8637873530387878,0.578959047794342
YLR223C,YDL044C,0,-5.6076074,0.1298052966594696,0.8637873530387878,0.5790697932243347
YNL214W,YGR094W,0,-5.607824,0.12978368997573853,0.8637873530387878,0.5791805386543274
YLR254C,YDL039C,0,-5.607907,0.12976209819316864,0.8637873530387878,0.5792912244796753
YDR461W,YMR188C,0,-5.6080184,0.12974052131175995,0.8637873530387878,0.579401969909668
YER133W,YNL250W,1,-5.6082745,0.1298852413892746,0.8648948073387146,0.579401969909668
YHL025W,YLR386W,0,-5.60858,0.1298636496067047,0.8648948073387146,0.5795127153396606
YOR032C,YDR346C,0,-5.609278,0.12984205782413483,0.8648948073387146,0.5796234607696533
YJL063C,YGR099W,0,-5.6093955,0.12982048094272614,0.8648948073387146,0.579734206199646
YGR244C,YBR228W,0,-5.6094756,0.12979890406131744,0.8648948073387146,0.5798449516296387
YPL161C,YPL159C,0,-5.6095014,0.12977734208106995,0.8648948073387146,0.5799556970596313
YBL019W,YML051W,0,-5.6099277,0.12975578010082245,0.8648948073387146,0.580066442489624
YER112W,YCR027C,0,-5.6100802,0.12973421812057495,0.8648948073387146,0.5801771879196167
YLR370C,YLL043W,0,-5.610094,0.12971267104148865,0.8648948073387146,0.5802879333496094
YLR114C,YMR264W,0,-5.610376,0.12969113886356354,0.8648948073387146,0.580398678779602
YPR019W,YDR245W,0,-5.6108174,0.12966960668563843,0.8648948073387146,0.5805094242095947
YJR078W,YNR034W,0,-5.6112432,0.12964807450771332,0.8648948073387146,0.5806201696395874
YHR068W,YFL059W,0,-5.611275,0.1296265572309494,0.8648948073387146,0.5807309150695801
YLR131C,YHR067W,0,-5.6114717,0.12960503995418549,0.8648948073387146,0.5808416604995728
YJR155W,YPR133C,0,-5.6115093,0.12958353757858276,0.8648948073387146,0.5809524059295654
YPL093W,YOR003W,0,-5.61198,0.12956205010414124,0.8648948073387146,0.5810631513595581
YNR008W,YMR236W,0,-5.6124063,0.1295405477285385,0.8648948073387146,0.581173837184906
YIL114C,YJR019C,0,-5.6135397,0.12951907515525818,0.8648948073387146,0.5812845826148987
YIL076W,YCR073C,0,-5.614996,0.12949760258197784,0.8648948073387146,0.5813953280448914
YPR131C,YOR332W,0,-5.6155596,0.1294761300086975,0.8648948073387146,0.581506073474884
YPR124W,YAL035W,0,-5.6164584,0.12945467233657837,0.8648948073387146,0.5816168189048767
YDR461W,YAL017W,0,-5.616563,0.12943321466445923,0.8648948073387146,0.5817275643348694
YDR036C,YNL206C,0,-5.6167073,0.12941177189350128,0.8648948073387146,0.5818383097648621
YLR410W,YGR270W,0,-5.6168737,0.12939032912254333,0.8648948073387146,0.5819490551948547
YPR111W,YKL099C,0,-5.6169086,0.1293688863515854,0.8648948073387146,0.5820598006248474
YER045C,YMR313C,0,-5.6172185,0.12934747338294983,0.8648948073387146,0.5821705460548401
YER013W,YDR160W,0,-5.617359,0.12932604551315308,0.8648948073387146,0.5822812914848328
YHR081W,YOR266W,0,-5.61745,0.12930463254451752,0.8648948073387146,0.5823920369148254
YDR017C,YGL136C,0,-5.617739,0.12928323447704315,0.8648948073387146,0.5825027823448181
YPL161C,YPL131W,0,-5.617952,0.1292618364095688,0.8648948073387146,0.5826135277748108
YER051W,YDR268W,0,-5.618098,0.12924043834209442,0.8648948073387146,0.5827242732048035
YDL137W,YLR318W,0,-5.618566,0.12921905517578125,0.8648948073387146,0.5828350186347961
YNR044W,YOL135C,0,-5.618852,0.12919768691062927,0.8648948073387146,0.5829457640647888
YIL097W,YMR035W,0,-5.6189075,0.1291763186454773,0.8648948073387146,0.5830564498901367
YKL192C,YPL020C,0,-5.61914,0.12915495038032532,0.8648948073387146,0.5831671953201294
YPL127C,YDR268W,0,-5.6194935,0.12913359701633453,0.8648948073387146,0.5832779407501221
YPR034W,YNL064C,0,-5.6199164,0.12911224365234375,0.8648948073387146,0.5833886861801147
YLR399C,YFL033C,1,-5.6200347,0.1292562037706375,0.8660022020339966,0.5833886861801147
YGR108W,YHR157W,1,-5.620401,0.1294001042842865,0.8671096563339233,0.5833886861801147
YDR473C,YKL108W,0,-5.620425,0.12937872111797333,0.8671096563339233,0.5834994316101074
YLR186W,YDR437W,0,-5.620922,0.12935733795166016,0.8671096563339233,0.5836101770401001
YGL021W,YNR046W,0,-5.62142,0.12933596968650818,0.8671096563339233,0.5837209224700928
YJL094C,YDR082W,0,-5.621609,0.1293146163225174,0.8671096563339233,0.5838316679000854
YJL014W,YEL002C,0,-5.6219997,0.1292932629585266,0.8671096563339233,0.5839424133300781
YGL025C,YOR027W,0,-5.622255,0.12927190959453583,0.8671096563339233,0.5840531587600708
YJL003W,YMR319C,0,-5.622274,0.12925057113170624,0.8671096563339233,0.5841639041900635
YLR056W,YGL245W,0,-5.6223884,0.12922924757003784,0.8671096563339233,0.5842746496200562
YBR274W,YGL111W,0,-5.622518,0.12920792400836945,0.8671096563339233,0.5843853950500488
YGL144C,YGR002C,0,-5.623856,0.12918660044670105,0.8671096563339233,0.5844961404800415
YGR108W,YBR136W,1,-5.6242537,0.12933024764060974,0.8682170510292053,0.5844961404800415
YMR234W,YOL102C,0,-5.624521,0.12930892407894135,0.8682170510292053,0.5846068859100342
YLR265C,YGR152C,0,-5.624533,0.12928760051727295,0.8682170510292053,0.5847176313400269
YBR290W,YOL071W,0,-5.625075,0.12926627695560455,0.8682170510292053,0.5848283767700195
YNL006W,YBR154C,0,-5.6250772,0.12924496829509735,0.8682170510292053,0.5849390625953674
YLR109W,YOR373W,0,-5.6251445,0.12922367453575134,0.8682170510292053,0.5850498080253601
YPL131W,YGR094W,0,-5.6251464,0.12920236587524414,0.8682170510292053,0.5851605534553528
YGL063W,YDR346C,0,-5.625294,0.12918108701705933,0.8682170510292053,0.5852712988853455
YLR231C,YJL047C,0,-5.6254253,0.1291598081588745,0.8682170510292053,0.5853820443153381
YGR140W,YKL152C,0,-5.6256385,0.1291385293006897,0.8682170510292053,0.5854927897453308
YBL103C,YGR094W,0,-5.626162,0.12911726534366608,0.8682170510292053,0.5856035351753235
YBR110W,YNL079C,0,-5.6261973,0.12909600138664246,0.8682170510292053,0.5857142806053162
YLR109W,YPR190C,0,-5.626551,0.12907473742961884,0.8682170510292053,0.5858250260353088
YKL170W,YCR014C,0,-5.626657,0.1290535032749176,0.8682170510292053,0.5859357714653015
YLR295C,YDR457W,0,-5.6271014,0.12903225421905518,0.8682170510292053,0.5860465168952942
YCR073C,YPL206C,0,-5.627544,0.12901102006435394,0.8682170510292053,0.5861572623252869
YFL056C,YMR276W,0,-5.6276712,0.1289898008108139,0.8682170510292053,0.5862680077552795
YDR129C,YDL194W,0,-5.627794,0.12896858155727386,0.8682170510292053,0.5863787531852722
YMR068W,YOL021C,0,-5.6280966,0.12894736230373383,0.8682170510292053,0.5864894986152649
YIL040W,YNL206C,0,-5.6286683,0.12892615795135498,0.8682170510292053,0.5866002440452576
YDR385W,YJR069C,0,-5.629368,0.12890496850013733,0.8682170510292053,0.5867109894752502
YML028W,YOR069W,0,-5.6304955,0.12888377904891968,0.8682170510292053,0.5868217349052429
YDR450W,YLR369W,0,-5.6308866,0.12886258959770203,0.8682170510292053,0.5869324207305908
YNR035C,YGR008C,0,-5.6313524,0.12884141504764557,0.8682170510292053,0.5870431661605835
YDR153C,YHR074W,0,-5.6319127,0.1288202404975891,0.8682170510292053,0.5871539115905762
YLR256W,YDR103W,0,-5.6321874,0.12879908084869385,0.8682170510292053,0.5872646570205688
YHR067W,YDL028C,0,-5.632277,0.12877792119979858,0.8682170510292053,0.5873754024505615
YGR013W,YDR167W,0,-5.6325994,0.12875677645206451,0.8682170510292053,0.5874861478805542
YOR168W,YNL029C,0,-5.632601,0.12873563170433044,0.8682170510292053,0.5875968933105469
YAL041W,YMR211W,0,-5.6334314,0.12871450185775757,0.8682170510292053,0.5877076387405396
YJL146W,YFL033C,1,-5.63348,0.12885752320289612,0.8693244457244873,0.5877076387405396
YBL018C,YHR030C,0,-5.6340814,0.12883636355400085,0.8693244457244873,0.5878183841705322
YDR158W,YDL081C,0,-5.634562,0.12881523370742798,0.8693244457244873,0.5879291296005249
YJL170C,YNL138W,0,-5.6348815,0.1287940889596939,0.8693244457244873,0.5880398750305176
YJR144W,YGL100W,0,-5.636356,0.12877295911312103,0.8693244457244873,0.5881506204605103
YPR178W,YGR152C,0,-5.6364017,0.12875184416770935,0.8693244457244873,0.5882613658905029
YPL231W,YIL018W,0,-5.6365137,0.12873072922229767,0.8693244457244873,0.5883721113204956
YOR133W,YBL023C,0,-5.6365547,0.12870962917804718,0.8693244457244873,0.5884828567504883
YOR085W,YLR014C,0,-5.6367254,0.1286885291337967,0.8693244457244873,0.588593602180481
YJL020C,YBL006C,0,-5.636876,0.1286674290895462,0.8693244457244873,0.5887043476104736
YNR011C,YML028W,0,-5.6368775,0.1286463439464569,0.8693244457244873,0.5888150334358215
YMR188C,YOL112W,0,-5.637585,0.1286252737045288,0.8693244457244873,0.5889257788658142
YDL213C,YOR356W,0,-5.6377645,0.12860418856143951,0.8693244457244873,0.5890365242958069
YEL063C,YLR386W,0,-5.6380963,0.1285831332206726,0.8693244457244873,0.5891472697257996
YPL274W,YDL244W,0,-5.6382065,0.1285620629787445,0.8693244457244873,0.5892580151557922
YLR109W,YBR212W,0,-5.638554,0.1285410225391388,0.8693244457244873,0.5893687605857849
YMR042W,YOR035C,0,-5.6386213,0.1285199671983719,0.8693244457244873,0.5894795060157776
YDR052C,YDR268W,0,-5.6387615,0.12849894165992737,0.8693244457244873,0.5895902514457703
YPR128C,YLR328W,0,-5.638928,0.12847790122032166,0.8693244457244873,0.5897009968757629
YML116W,YOL044W,0,-5.6392274,0.12845687568187714,0.8693244457244873,0.5898117423057556
YGR143W,YDR489W,0,-5.6392875,0.1284358650445938,0.8693244457244873,0.5899224877357483
YDR172W,YMR087W,0,-5.6396985,0.12841485440731049,0.8693244457244873,0.590033233165741
YNR035C,YNL031C,0,-5.6397433,0.12839384377002716,0.8693244457244873,0.5901439785957336
YNR044W,YLR231C,0,-5.640135,0.12837284803390503,0.8693244457244873,0.5902547240257263
YHR107C,YMR293C,0,-5.6401362,0.1283518671989441,0.8693244457244873,0.590365469455719
YKL192C,YKL041W,0,-5.640378,0.12833088636398315,0.8693244457244873,0.5904762148857117
YNL197C,YBL055C,0,-5.640507,0.12830990552902222,0.8693244457244873,0.5905869603157043
YNR008W,YBL024W,0,-5.6406503,0.12828893959522247,0.8693244457244873,0.5906976461410522
YGR119C,YMR182C,0,-5.6407022,0.12826797366142273,0.8693244457244873,0.5908083915710449
YDR101C,YDR166C,0,-5.640955,0.12824702262878418,0.8693244457244873,0.5909191370010376
YBR257W,YDL064W,0,-5.6419115,0.12822607159614563,0.8693244457244873,0.5910298824310303
YMR182C,YHR030C,0,-5.6419816,0.12820513546466827,0.8693244457244873,0.591140627861023
YNL275W,YML034W,0,-5.6421866,0.12818419933319092,0.8693244457244873,0.5912513732910156
YDL099W,YER116C,0,-5.6424017,0.12816326320171356,0.8693244457244873,0.5913621187210083
YOR023C,YBL057C,0,-5.6424513,0.1281423419713974,0.8693244457244873,0.591472864151001
YOR373W,YKL006C-A,0,-5.642474,0.12812143564224243,0.8693244457244873,0.5915836095809937
YGL063W,YMR229C,0,-5.6425576,0.12810052931308746,0.8693244457244873,0.5916943550109863
YGR095C,YPL020C,0,-5.642754,0.1280796229839325,0.8693244457244873,0.591805100440979
YOR049C,YNR034W,0,-5.642898,0.12805873155593872,0.8693244457244873,0.5919158458709717
YGL244W,YKL006C-A,0,-5.642916,0.12803784012794495,0.8693244457244873,0.5920265913009644
YHR067W,YPL144W,0,-5.6432123,0.12801696360111237,0.8693244457244873,0.592137336730957
YDR518W,YGR055W,0,-5.643272,0.12799608707427979,0.8693244457244873,0.5922480821609497
YJL024C,YLR265C,0,-5.6434617,0.1279752254486084,0.8693244457244873,0.5923588275909424
YBR274W,YMR043W,0,-5.6437263,0.127954363822937,0.8693244457244873,0.5924695730209351
YDR363W,YBR205W,0,-5.643912,0.12793350219726562,0.8693244457244873,0.592580258846283
YOR274W,YDR394W,0,-5.6441565,0.12791265547275543,0.8693244457244873,0.5926910042762756
YKL179C,YDR077W,0,-5.6442323,0.12789182364940643,0.8693244457244873,0.5928017497062683
YER133W,YOR014W,1,-5.6450295,0.12803387641906738,0.8704319000244141,0.5928017497062683
YGL012W,YDR077W,0,-5.645178,0.1280130296945572,0.8704319000244141,0.592912495136261
YCR098C,YLR043C,0,-5.645714,0.127992182970047,0.8704319000244141,0.5930232405662537
YKL186C,YIL095W,0,-5.645857,0.127971351146698,0.8704319000244141,0.5931339859962463
YLR134W,YMR008C,0,-5.6458955,0.127950519323349,0.8704319000244141,0.593244731426239
YHR011W,YBR079C,0,-5.646726,0.1279296875,0.8704319000244141,0.5933554768562317
YOL135C,YKL074C,0,-5.6468005,0.1279088705778122,0.8704319000244141,0.5934662222862244
YHR086W,YLL024C,0,-5.64693,0.1278880536556244,0.8704319000244141,0.593576967716217
YNL279W,YLR009W,0,-5.6470046,0.12786725163459778,0.8704319000244141,0.5936877131462097
YDR420W,YGR214W,0,-5.6476035,0.12784644961357117,0.8704319000244141,0.5937984585762024
YFR033C,YLR141W,0,-5.647886,0.12782566249370575,0.8704319000244141,0.5939092040061951
YHR005C-A,YDL085W,0,-5.648008,0.12780487537384033,0.8704319000244141,0.5940199494361877
YJL036W,YDR167W,0,-5.6480384,0.1277841031551361,0.8704319000244141,0.5941306948661804
YOL080C,YCL033C,0,-5.6490293,0.12776333093643188,0.8704319000244141,0.5942414402961731
YMR143W,YOR049C,0,-5.649179,0.12774255871772766,0.8704319000244141,0.5943521857261658
YDR188W,YDL101C,0,-5.649228,0.12772180140018463,0.8704319000244141,0.5944629311561584
YPL076W,YHR154W,0,-5.649284,0.1277010589838028,0.8704319000244141,0.5945736169815063
YML128C,YNL025C,1,-5.649368,0.1278427541255951,0.871539294719696,0.5945736169815063
YPL244C,YPR100W,0,-5.649526,0.12782199680805206,0.871539294719696,0.594684362411499
YNL142W,YBR030W,0,-5.649818,0.12780123949050903,0.871539294719696,0.5947951078414917
YNL042W,YNL294C,0,-5.649988,0.127780482172966,0.871539294719696,0.5949058532714844
YDL030W,YGR152C,0,-5.650188,0.12775973975658417,0.871539294719696,0.595016598701477
YBR133C,YJR063W,0,-5.6502204,0.12773899734020233,0.871539294719696,0.5951273441314697
YDL004W,YKR048C,0,-5.650332,0.1277182698249817,0.871539294719696,0.5952380895614624
YLR399C,YER095W,1,-5.650681,0.12785981595516205,0.8726467490196228,0.5952380895614624
YEL019C,YLR134W,0,-5.651253,0.12783905863761902,0.8726467490196228,0.5953488349914551
YCR065W,YOR297C,0,-5.6513414,0.12781833112239838,0.8726467490196228,0.5954595804214478
YPR074C,YLR386W,0,-5.6517816,0.12779760360717773,0.8726467490196228,0.5955703258514404
YER045C,YDR416W,0,-5.652337,0.1277768760919571,0.8726467490196228,0.5956810712814331
YAL040C,YKL186C,0,-5.6524677,0.12775616347789764,0.8726467490196228,0.5957918167114258
YCL001W,YNR039C,0,-5.652655,0.1277354508638382,0.8726467490196228,0.5959025621414185
YOR198C,YJL074C,1,-5.6530714,0.12787681818008423,0.8737541437149048,0.5959025621414185
YOR361C,YMR101C,0,-5.653483,0.12785610556602478,0.8737541437149048,0.5960133075714111
YFR021W,YJR127C,0,-5.654244,0.12783539295196533,0.8737541437149048,0.5961240530014038
YOR061W,YOL080C,0,-5.6543784,0.12781468033790588,0.8737541437149048,0.5962347984313965
YIL098C,YOR266W,0,-5.654779,0.12779396772384644,0.8737541437149048,0.5963455438613892
YPL076W,YML028W,0,-5.654804,0.12777328491210938,0.8737541437149048,0.5964562296867371
YPR190C,YDR160W,0,-5.6549077,0.12775258719921112,0.8737541437149048,0.5965669751167297
YBR296C,YMR313C,0,-5.6558623,0.12773190438747406,0.8737541437149048,0.5966777205467224
YPR124W,YPR100W,0,-5.656255,0.1277112364768982,0.8737541437149048,0.5967884659767151
YBR060C,YBL020W,0,-5.6564717,0.12769056856632233,0.8737541437149048,0.5968992114067078
YPL159C,YDL120W,0,-5.6567874,0.12766990065574646,0.8737541437149048,0.5970099568367004
YJL170C,YML028W,0,-5.657039,0.1276492476463318,0.8737541437149048,0.5971207022666931
YJL054W,YDR057W,0,-5.6572022,0.12762859463691711,0.8737541437149048,0.5972314476966858
YAL035W,YPR131C,0,-5.6572356,0.12760795652866364,0.8737541437149048,0.5973421931266785
YDR479C,YPL212C,0,-5.657413,0.12758731842041016,0.8737541437149048,0.5974529385566711
YOR284W,YBL035C,0,-5.6576705,0.12756669521331787,0.8737541437149048,0.5975636839866638
YAL021C,YDR062W,0,-5.657847,0.12754607200622559,0.8737541437149048,0.5976744294166565
YLR370C,YIL031W,0,-5.6580157,0.1275254637002945,0.8737541437149048,0.5977851748466492
YOR046C,YDL216C,0,-5.6580915,0.1275048553943634,0.8737541437149048,0.5978959202766418
YNL094W,YKL058W,0,-5.6587768,0.1274842470884323,0.8737541437149048,0.5980066657066345
YNL094W,YNR039C,0,-5.659699,0.12746365368366241,0.8737541437149048,0.5981174111366272
YDL137W,YNR039C,0,-5.6598268,0.12744306027889252,0.8737541437149048,0.5982281565666199
YGR216C,YGR055W,0,-5.6599555,0.1274224817752838,0.8737541437149048,0.5983388423919678
YCR075C,YDR243C,0,-5.6600537,0.1274019032716751,0.8737541437149048,0.5984495878219604
YOL115W,YBR165W,0,-5.6600895,0.1273813396692276,0.8737541437149048,0.5985603332519531
YOR198C,YNL250W,1,-5.660626,0.12752220034599304,0.8748615980148315,0.5985603332519531
YNL145W,YDR057W,0,-5.660685,0.12750160694122314,0.8748615980148315,0.5986710786819458
YPL212C,YCR073C,0,-5.660689,0.12748104333877563,0.8748615980148315,0.5987818241119385
YOR250C,YLR401C,0,-5.6607203,0.12746046483516693,0.8748615980148315,0.5988925695419312
YDR421W,YLR347C,0,-5.6608844,0.12743991613388062,0.8748615980148315,0.5990033149719238
YOR023C,YLR181C,0,-5.660953,0.1274193525314331,0.8748615980148315,0.5991140604019165
YMR240C,YBL006C,0,-5.661182,0.1273988038301468,0.8748615980148315,0.5992248058319092
YDL208W,YBR093C,0,-5.661388,0.12737827003002167,0.8748615980148315,0.5993355512619019
YIL051C,YJR063W,0,-5.6614027,0.12735773622989655,0.8748615980148315,0.5994462966918945
YEL022W,YGL255W,0,-5.6614327,0.12733720242977142,0.8748615980148315,0.5995570421218872
YGL025C,YBR165W,0,-5.6617217,0.1273166835308075,0.8748615980148315,0.5996677875518799
YER045C,YPL270W,0,-5.6621346,0.12729616463184357,0.8748615980148315,0.5997785329818726
YGR167W,YMR182C,0,-5.6625905,0.12727566063404083,0.8748615980148315,0.5998892784118652
YOR315W,YKL099C,0,-5.6627364,0.1272551566362381,0.8748615980148315,0.6000000238418579
YLR131C,YBR079C,0,-5.6627736,0.12723465263843536,0.8748615980148315,0.6001107692718506
YOR351C,YCR033W,1,-5.663751,0.12737520039081573,0.8759689927101135,0.6001107692718506
YBR109C,YDL085W,0,-5.6642866,0.127354696393013,0.8759689927101135,0.6002214550971985
YAR007C,YDR389W,0,-5.6645026,0.12733419239521027,0.8759689927101135,0.6003322005271912
YEL063C,YBR257W,0,-5.664806,0.12731370329856873,0.8759689927101135,0.6004429459571838
YGL063W,YOR332W,0,-5.665035,0.12729321420192719,0.8759689927101135,0.6005536913871765
YDR093W,YLR069C,0,-5.6651597,0.12727272510528564,0.8759689927101135,0.6006644368171692
YNL103W,YDL081C,0,-5.6658225,0.1272522509098053,0.8759689927101135,0.6007751822471619
YPR135W,YLR056W,0,-5.666964,0.12723177671432495,0.8759689927101135,0.6008859276771545
YLR231C,YCL039W,0,-5.6672435,0.1272113174200058,0.8759689927101135,0.6009966731071472
YEL022W,YLR176C,0,-5.667934,0.12719087302684784,0.8759689927101135,0.6011074185371399
YGR147C,YGR104C,0,-5.6680284,0.1271704137325287,0.8759689927101135,0.6012181639671326
YMR190C,YPL139C,1,-5.6684165,0.12731072306632996,0.8770763874053955,0.6012181639671326
YIL065C,YOL115W,0,-5.668425,0.1272902637720108,0.8770763874053955,0.6013289093971252
YDR346C,YBR097W,0,-5.6692605,0.12726980447769165,0.8770763874053955,0.6014396548271179
YLR295C,YKR014C,0,-5.6696796,0.1272493600845337,0.8770763874053955,0.6015504002571106
YDL099W,YGL090W,0,-5.6698694,0.12722891569137573,0.8770763874053955,0.6016611456871033
YDR101C,YKL176C,0,-5.670135,0.12720848619937897,0.8770763874053955,0.601771891117096
YLR223C,YJR042W,0,-5.6702733,0.1271880567073822,0.8770763874053955,0.6018826365470886
YDR245W,YBR294W,0,-5.670941,0.12716762721538544,0.8770763874053955,0.6019933819770813
YLR186W,YGR135W,0,-5.671658,0.12714721262454987,0.8770763874053955,0.6021040678024292
YHL011C,YKR072C,0,-5.6717477,0.1271268129348755,0.8770763874053955,0.6022148132324219
YGR007W,YDR407C,0,-5.6729474,0.12710639834403992,0.8770763874053955,0.6023255586624146
YOR147W,YLR410W,0,-5.673183,0.12708601355552673,0.8770763874053955,0.6024363040924072
YCL039W,YDL120W,0,-5.6734977,0.12706561386585236,0.8770763874053955,0.6025470495223999
YAL013W,YPL237W,0,-5.673738,0.12704522907733917,0.8770763874053955,0.6026577949523926
YCR082W,YKL001C,0,-5.6738243,0.12702485918998718,0.8770763874053955,0.6027685403823853
YDR052C,YDL030W,0,-5.673984,0.1270044893026352,0.8770763874053955,0.6028792858123779
YPL031C,YML088W,0,-5.6741567,0.1269841343164444,0.8770763874053955,0.6029900312423706
YLR288C,YDL120W,0,-5.6745734,0.1269637644290924,0.8770763874053955,0.6031007766723633
YER107C,YMR314W,0,-5.675273,0.1269434243440628,0.8770763874053955,0.603211522102356
YPL046C,YAL053W,0,-5.675342,0.1269230842590332,0.8770763874053955,0.6033222675323486
YDR153C,YDL030W,0,-5.6756253,0.1269027441740036,0.8770763874053955,0.6034330129623413
YLR265C,YER013W,0,-5.676829,0.126882404088974,0.8770763874053955,0.603543758392334
YOL165C,YMR243C,0,-5.677172,0.1268620789051056,0.8770763874053955,0.6036545038223267
YDL040C,YKR101W,0,-5.6778474,0.12684176862239838,0.8770763874053955,0.6037652492523193
YPL228W,YKL019W,0,-5.678011,0.12682145833969116,0.8770763874053955,0.603875994682312
YDL216C,YLR022C,0,-5.678055,0.12680114805698395,0.8770763874053955,0.6039867401123047
YPR128C,YLR401C,0,-5.678129,0.12678085267543793,0.8770763874053955,0.6040974259376526
YPL240C,YOR162C,0,-5.678158,0.1267605572938919,0.8770763874053955,0.6042081713676453
YER051W,YER013W,0,-5.6781588,0.12674027681350708,0.8770763874053955,0.6043189167976379
YHR120W,YOR119C,0,-5.678448,0.12671999633312225,0.8770763874053955,0.6044296622276306
YDR464W,YPL206C,0,-5.6784663,0.12669973075389862,0.8770763874053955,0.6045404076576233
YPR017C,YML088W,0,-5.678735,0.126679465174675,0.8770763874053955,0.604651153087616
YDL078C,YGL244W,0,-5.6791368,0.12665919959545135,0.8770763874053955,0.6047618985176086
YEL034W,YER038C,0,-5.679252,0.12663894891738892,0.8770763874053955,0.6048726439476013
YNR027W,YAL021C,0,-5.6795535,0.12661869823932648,0.8770763874053955,0.604983389377594
YJR078W,YOL094C,0,-5.679832,0.12659846246242523,0.8770763874053955,0.6050941348075867
YGL021W,YNR039C,0,-5.6807036,0.126578226685524,0.8770763874053955,0.6052048802375793
YJL014W,YGL097W,0,-5.680878,0.12655800580978394,0.8770763874053955,0.605315625667572
YER065C,YKL117W,0,-5.6810627,0.12653778493404388,0.8770763874053955,0.6054263710975647
YDL028C,YGR281W,0,-5.6811824,0.12651757895946503,0.8770763874053955,0.6055371165275574
YDR216W,YKL186C,0,-5.6811852,0.12649735808372498,0.8770763874053955,0.60564786195755
YKR036C,YNR039C,0,-5.681356,0.1264771670103073,0.8770763874053955,0.6057586073875427
YMR198W,YML128C,1,-5.6815214,0.12661664187908173,0.8781838417053223,0.6057586073875427
YDR464W,YDR353W,0,-5.6816726,0.12659642100334167,0.8781838417053223,0.6058693528175354
YEL029C,YMR290C,0,-5.6818976,0.12657621502876282,0.8781838417053223,0.6059800386428833
YMR068W,YEL063C,0,-5.6825194,0.12655602395534515,0.8781838417053223,0.606090784072876
YAR007C,YMR067C,0,-5.682607,0.1265358179807663,0.8781838417053223,0.6062015295028687
YBR245C,YPR074C,0,-5.6826243,0.12651564180850983,0.8781838417053223,0.6063122749328613
YLR256W,YBR296C,0,-5.682903,0.12649545073509216,0.8781838417053223,0.606423020362854
YBR202W,YDL081C,0,-5.6833463,0.1264752745628357,0.8781838417053223,0.6065337657928467
YBR015C,YDL194W,0,-5.6834044,0.12645511329174042,0.8781838417053223,0.6066445112228394
YIL038C,YIL114C,0,-5.683529,0.12643495202064514,0.8781838417053223,0.606755256652832
YPR135W,YPL076W,0,-5.684177,0.12641479074954987,0.8781838417053223,0.6068660020828247
YHL002W,YJR063W,0,-5.684398,0.12639464437961578,0.8781838417053223,0.6069767475128174
YJR078W,YBR091C,0,-5.6844296,0.1263744980096817,0.8781838417053223,0.6070874929428101
YDR420W,YLR052W,0,-5.6850853,0.1263543665409088,0.8781838417053223,0.6071982383728027
YLR370C,YGL070C,0,-5.6855483,0.12633423507213593,0.8781838417053223,0.6073089838027954
YDL130W-A,YDR407C,0,-5.6856713,0.12631411850452423,0.8781838417053223,0.6074197292327881
YNL223W,YDL078C,0,-5.6859374,0.12629400193691254,0.8781838417053223,0.6075304746627808
YEL034W,YBL025W,0,-5.685969,0.12627388536930084,0.8781838417053223,0.6076412200927734
YDL093W,YJR127C,0,-5.6868854,0.12625378370285034,0.8781838417053223,0.6077519655227661
YOR025W,YOR232W,0,-5.687275,0.12623368203639984,0.8781838417053223,0.607862651348114
YPL022W,YER095W,1,-5.6874638,0.12637275457382202,0.8792912364006042,0.607862651348114
YOL080C,YGR270W,0,-5.6879287,0.12635263800621033,0.8792912364006042,0.6079733967781067
YGL166W,YMR285C,0,-5.6882434,0.12633253633975983,0.8792912364006042,0.6080841422080994
YPL159C,YKR056W,0,-5.688787,0.12631243467330933,0.8792912364006042,0.608194887638092
YGL245W,YML028W,0,-5.6888156,0.12629234790802002,0.8792912364006042,0.6083056330680847
YMR237W,YLR052W,0,-5.689649,0.1262722611427307,0.8792912364006042,0.6084163784980774
YOL135C,YGR135W,0,-5.6897044,0.1262521892786026,0.8792912364006042,0.6085271239280701
YFR021W,YGL111W,0,-5.690908,0.1262321174144745,0.8792912364006042,0.6086378693580627
YNL258C,YJL063C,0,-5.6911077,0.12621204555034637,0.8792912364006042,0.6087486147880554
YHR118C,YBR165W,0,-5.6919847,0.12619198858737946,0.8792912364006042,0.6088593602180481
YER119C,YKR028W,0,-5.692291,0.12617193162441254,0.8792912364006042,0.6089701056480408
YMR220W,YER112W,0,-5.692392,0.1261518895626068,0.8792912364006042,0.6090808510780334
YEL015W,YDR279W,0,-5.69248,0.1261318475008011,0.8792912364006042,0.6091915965080261
YDR158W,YNL206C,0,-5.692616,0.12611182034015656,0.8792912364006042,0.6093023419380188
YEL022W,YNR059W,0,-5.693018,0.12609179317951202,0.8792912364006042,0.6094130873680115
YDL085W,YPR190C,0,-5.6934104,0.1260717660188675,0.8792912364006042,0.6095238327980042
YML095C,YPR078C,1,-5.693625,0.1262105107307434,0.880398690700531,0.6095238327980042
YAL017W,YFL059W,0,-5.6938605,0.12619048357009888,0.880398690700531,0.6096345782279968
YGR246C,YPL218W,0,-5.693979,0.12617045640945435,0.880398690700531,0.6097452640533447
YPL137C,YGR055W,0,-5.6940303,0.12615042924880981,0.880398690700531,0.6098560094833374
YKR022C,YPR133C,0,-5.694634,0.12613041698932648,0.880398690700531,0.6099667549133301
YLR405W,YNL326C,0,-5.694649,0.12611040472984314,0.880398690700531,0.6100775003433228
YKL038W,YDR201W,0,-5.69475,0.126090407371521,0.880398690700531,0.6101882457733154
YLR399C,YJL074C,1,-5.6947875,0.12622898817062378,0.881506085395813,0.6101882457733154
YOR198C,YPR007C,1,-5.695313,0.12636752426624298,0.8826135396957397,0.6101882457733154
YDR101C,YDR358W,0,-5.695663,0.12634749710559845,0.8826135396957397,0.6102989912033081
YHL048W,YDR259C,0,-5.695664,0.12632746994495392,0.8826135396957397,0.6104097366333008
YNL006W,YIR017C,0,-5.6964736,0.1263074427843094,0.8826135396957397,0.6105204820632935
YMR008C,YKR014C,0,-5.6969943,0.12628743052482605,0.8826135396957397,0.6106312274932861
YKL038W,YMR156C,0,-5.697093,0.1262674331665039,0.8826135396957397,0.6107419729232788
YMR043W,YLL024C,0,-5.6971064,0.12624742090702057,0.8826135396957397,0.6108527183532715
YOR198C,YHR014W,1,-5.697826,0.12638580799102783,0.8837209343910217,0.6108527183532715
YJL062W,YDL148C,0,-5.697915,0.1263657957315445,0.8837209343910217,0.6109634637832642
YEL029C,YGR007W,0,-5.6980033,0.12634578347206116,0.8837209343910217,0.6110742092132568
YHR107C,YIL075C,0,-5.699188,0.126325786113739,0.8837209343910217,0.6111849546432495
YPL022W,YNL250W,1,-5.700008,0.12646406888961792,0.8848283290863037,0.6111849546432495
YDR518W,YLR002C,0,-5.700408,0.12644405663013458,0.8848283290863037,0.6112957000732422
YJL156C,YPL206C,0,-5.7004094,0.12642404437065125,0.8848283290863037,0.6114064455032349
YIL097W,YDR302W,0,-5.7006216,0.1264040470123291,0.8848283290863037,0.6115171909332275
YNL293W,YKL117W,0,-5.7006993,0.12638404965400696,0.8848283290863037,0.6116279363632202
YOR198C,YDR108W,1,-5.7008367,0.1265222132205963,0.8859357833862305,0.6116279363632202
YBR088C,YMR235C,0,-5.7014823,0.12650221586227417,0.8859357833862305,0.6117386221885681
YBR245C,YIL114C,0,-5.701606,0.12648221850395203,0.8859357833862305,0.6118493676185608
YBL014C,YOR270C,0,-5.701677,0.12646222114562988,0.8859357833862305,0.6119601130485535
YDL099W,YDR320C,0,-5.7018037,0.12644223868846893,0.8859357833862305,0.6120708584785461
YER133W,YNL025C,1,-5.7019753,0.12658028304576874,0.8870431780815125,0.6120708584785461
YEL061C,YGL054C,0,-5.7027755,0.1265602707862854,0.8870431780815125,0.6121816039085388
YOR046C,YBL005W,0,-5.7028394,0.12654028832912445,0.8870431780815125,0.6122923493385315
YER149C,YMR314W,0,-5.7034707,0.1265202909708023,0.8870431780815125,0.6124030947685242
YDR385W,YIL095W,0,-5.7037745,0.12650030851364136,0.8870431780815125,0.6125138401985168
YJR025C,YDR464W,0,-5.7037807,0.1264803409576416,0.8870431780815125,0.6126245856285095
YGR179C,YHR021C,0,-5.704853,0.12646037340164185,0.8870431780815125,0.6127353310585022
YIL042C,YIL138C,0,-5.705706,0.1264404058456421,0.8870431780815125,0.6128460764884949
YEL022W,YIL031W,0,-5.7070165,0.12642045319080353,0.8870431780815125,0.6129568219184875
YLR231C,YDL102W,0,-5.707232,0.12640050053596497,0.8870431780815125,0.6130675673484802
YPL127C,YDR312W,0,-5.707805,0.1263805627822876,0.8870431780815125,0.6131783127784729
YDR052C,YPR100W,0,-5.708448,0.12636062502861023,0.8870431780815125,0.6132890582084656
YGR036C,YPR017C,0,-5.70852,0.12634068727493286,0.8870431780815125,0.6133998036384583
YOR049C,YKL081W,0,-5.7087426,0.1263207644224167,0.8870431780815125,0.6135105490684509
YLR371W,YPL131W,0,-5.709231,0.1263008564710617,0.8870431780815125,0.6136212348937988
YJL042W,YHR197W,0,-5.7094674,0.12628093361854553,0.8870431780815125,0.6137319803237915
YDR358W,YNL098C,0,-5.710051,0.12626104056835175,0.8870431780815125,0.6138427257537842
YGR108W,YER095W,1,-5.7102833,0.1263987421989441,0.8881506323814392,0.6138427257537842
YCR088W,YGL150C,0,-5.7110324,0.12637881934642792,0.8881506323814392,0.6139534711837769
YNL029C,YKR022C,0,-5.7110677,0.12635891139507294,0.8881506323814392,0.6140642166137695
YLR399C,YCR033W,1,-5.7112846,0.12649653851985931,0.8892580270767212,0.6140642166137695
YDR302W,YGL014W,0,-5.7117114,0.12647661566734314,0.8892580270767212,0.6141749620437622
YML116W,YBR079C,0,-5.711744,0.12645669281482697,0.8892580270767212,0.6142857074737549
YDR385W,YML028W,0,-5.712182,0.12643678486347198,0.8892580270767212,0.6143964529037476
YNL029C,YMR285C,0,-5.7129126,0.126416876912117,0.8892580270767212,0.6145071983337402
YER133W,YER095W,1,-5.712996,0.12655438482761383,0.8903654217720032,0.6145071983337402
YIL095W,YOR157C,0,-5.7136326,0.12653446197509766,0.8903654217720032,0.6146179437637329
YOR294W,YKR031C,0,-5.7138267,0.12651455402374268,0.8903654217720032,0.6147286891937256
YDR377W,YOL112W,0,-5.71396,0.1264946460723877,0.8903654217720032,0.6148394346237183
YLR256W,YKL032C,0,-5.7147236,0.1264747530221939,0.8903654217720032,0.6149501800537109
YML004C,YPL193W,0,-5.715261,0.12645485997200012,0.8903654217720032,0.6150609254837036
YDR479C,YMR305C,0,-5.7154174,0.12643496692180634,0.8903654217720032,0.6151716709136963
YOR335C,YKR072C,0,-5.715441,0.12641508877277374,0.8903654217720032,0.615282416343689
YHR120W,YOR157C,0,-5.715578,0.12639522552490234,0.8903654217720032,0.6153931617736816
YEL022W,YDL190C,0,-5.7156086,0.12637534737586975,0.8903654217720032,0.6155038475990295
YMR285C,YDL212W,0,-5.715833,0.12635549902915955,0.8903654217720032,0.6156145930290222
YLR411W,YMR043W,0,-5.7160525,0.12633563578128815,0.8903654217720032,0.6157253384590149
YBR036C,YBL014C,0,-5.716276,0.12631578743457794,0.8903654217720032,0.6158360838890076
YOL115W,YOR216C,0,-5.7164817,0.12629595398902893,0.8903654217720032,0.6159468293190002
YBR205W,YOR157C,0,-5.7173724,0.12627610564231873,0.8903654217720032,0.6160575747489929
YER038C,YGL115W,0,-5.7174096,0.1262562870979309,0.8903654217720032,0.6161683201789856
YMR264W,YKR062W,0,-5.7177863,0.1262364536523819,0.8903654217720032,0.6162790656089783
YGL021W,YGR085C,0,-5.7179694,0.12621663510799408,0.8903654217720032,0.616389811038971
YGR152C,YOL102C,0,-5.7180133,0.12619683146476746,0.8903654217720032,0.6165005564689636
YOR109W,YPL131W,0,-5.718225,0.12617702782154083,0.8903654217720032,0.6166113018989563
YMR220W,YPR100W,0,-5.718254,0.1261572241783142,0.8903654217720032,0.616722047328949
YBR110W,YDR258C,0,-5.718809,0.12613743543624878,0.8903654217720032,0.6168327927589417
YLR109W,YDL212W,0,-5.7189736,0.12611764669418335,0.8903654217720032,0.6169435381889343
YGR133W,YLR403W,0,-5.719315,0.1260978728532791,0.8903654217720032,0.617054283618927
YDR302W,YOL102C,0,-5.719848,0.12607809901237488,0.8903654217720032,0.6171650290489197
YDR188W,YJL001W,0,-5.719929,0.12605832517147064,0.8903654217720032,0.6172757744789124
YDR302W,YGL227W,0,-5.720615,0.1260385662317276,0.8903654217720032,0.6173864603042603
YDR435C,YGL100W,0,-5.7206516,0.12601880729198456,0.8903654217720032,0.6174972057342529
YDL212W,YJL089W,0,-5.7208757,0.1259990632534027,0.8903654217720032,0.6176079511642456
YER038C,YKL110C,0,-5.721064,0.12597931921482086,0.8903654217720032,0.6177186965942383
YGR166W,YAR007C,0,-5.7211604,0.125959575176239,0.8903654217720032,0.617829442024231
YLR314C,YLR256W,0,-5.7216625,0.12593984603881836,0.8903654217720032,0.6179401874542236
YER155C,YCR027C,0,-5.722088,0.1259201318025589,0.8903654217720032,0.6180509328842163
YMR314W,YDR422C,0,-5.7223,0.12590040266513824,0.8903654217720032,0.618161678314209
YPL161C,YNR034W,0,-5.7232122,0.12588068842887878,0.8903654217720032,0.6182724237442017
YGR135W,YGL244W,0,-5.7232585,0.12586098909378052,0.8903654217720032,0.6183831691741943
YKL185W,YOR011W,0,-5.7232776,0.12584128975868225,0.8903654217720032,0.618493914604187
YCR088W,YOR023C,0,-5.7241473,0.12582159042358398,0.8903654217720032,0.6186046600341797
YLR022C,YGL115W,0,-5.724546,0.1258019059896469,0.8903654217720032,0.6187154054641724
YLR353W,YJL196C,0,-5.7246814,0.12578222155570984,0.8903654217720032,0.618826150894165
YOR250C,YCR012W,0,-5.725535,0.12576255202293396,0.8903654217720032,0.6189368963241577
YNL275W,YNL085W,0,-5.726131,0.12574288249015808,0.8903654217720032,0.6190476417541504
YHR107C,YJR049C,0,-5.7265778,0.1257232278585434,0.8903654217720032,0.6191583871841431
YOL165C,YCL031C,0,-5.7265954,0.12570355832576752,0.8903654217720032,0.6192691326141357
YDR216W,YOR265W,0,-5.7275686,0.12568391859531403,0.8903654217720032,0.6193798184394836
YOR294W,YKL108W,0,-5.727577,0.12566426396369934,0.8903654217720032,0.6194905638694763
YGR159C,YDR464W,0,-5.7282677,0.12564463913440704,0.8903654217720032,0.619601309299469
YDR158W,YOR003W,0,-5.728576,0.12562499940395355,0.8903654217720032,0.6197120547294617
YNR072W,YOR109W,0,-5.7286215,0.12560537457466125,0.8903654217720032,0.6198228001594543
YOL115W,YPL032C,0,-5.728643,0.12558574974536896,0.8903654217720032,0.619933545589447
YJL001W,YGL115W,0,-5.729223,0.12556613981723785,0.8903654217720032,0.6200442910194397
YOL135C,YJL192C,0,-5.7299523,0.12554652988910675,0.8903654217720032,0.6201550364494324
YMR264W,YBL023C,0,-5.7300253,0.12552693486213684,0.8903654217720032,0.620265781879425
YLR214W,YDL190C,0,-5.7302785,0.12550733983516693,0.8903654217720032,0.6203765273094177
YDR268W,YOL042W,0,-5.7304654,0.12548774480819702,0.8903654217720032,0.6204872727394104
YEL009C,YDR057W,0,-5.7306094,0.1254681646823883,0.8903654217720032,0.6205980181694031
YGR167W,YMR015C,0,-5.7313333,0.1254485845565796,0.8903654217720032,0.6207087635993958
YBR085W,YDR353W,0,-5.7313457,0.12542901933193207,0.8903654217720032,0.6208195090293884
YPR133C,YDR082W,0,-5.731496,0.12540945410728455,0.8903654217720032,0.6209302544593811
YGL150C,YDL085W,0,-5.7318044,0.12538988888263702,0.8903654217720032,0.6210409998893738
YOR284W,YDR166C,0,-5.732001,0.1253703385591507,0.8903654217720032,0.6211517453193665
YJL014W,YGR121C,0,-5.732046,0.12535078823566437,0.8903654217720032,0.6212624311447144
YDL081C,YOR315W,0,-5.7320933,0.12533125281333923,0.8903654217720032,0.621373176574707
YLR100W,YLR318W,0,-5.7322383,0.1253117173910141,0.8903654217720032,0.6214839220046997
YCR088W,YDL194W,0,-5.732306,0.12529219686985016,0.8903654217720032,0.6215946674346924
YDR448W,YHR074W,0,-5.7327695,0.12527267634868622,0.8903654217720032,0.6217054128646851
YER133W,YPL022W,1,-5.7331014,0.12540894746780396,0.8914728760719299,0.6217054128646851
YBR015C,YJL061W,0,-5.7333293,0.12538941204547882,0.8914728760719299,0.6218161582946777
YDR175C,YJR049C,0,-5.7333302,0.1253698766231537,0.8914728760719299,0.6219269037246704
YKL054C,YIL016W,0,-5.733997,0.12535035610198975,0.8914728760719299,0.6220376491546631
YPL228W,YNL029C,0,-5.735209,0.1253308355808258,0.8914728760719299,0.6221483945846558
YOR294W,YDL076C,0,-5.735265,0.12531132996082306,0.8914728760719299,0.6222591400146484
YBL006C,YPL212C,0,-5.7358866,0.1252918243408203,0.8914728760719299,0.6223698854446411
YPL212C,YMR293C,0,-5.7360425,0.12527233362197876,0.8914728760719299,0.6224806308746338
YBL024W,YNR039C,0,-5.7367454,0.1252528429031372,0.8914728760719299,0.6225913763046265
YPL049C,YDR489W,0,-5.7371993,0.12523335218429565,0.8914728760719299,0.6227021217346191
YHR005C-A,YDR247W,0,-5.737304,0.1252138763666153,0.8914728760719299,0.6228128671646118
YGR159C,YOR356W,0,-5.7377915,0.12519440054893494,0.8914728760719299,0.6229236125946045
YOR232W,YDL033C,0,-5.738815,0.12517493963241577,0.8914728760719299,0.6230343580245972
YBL084C,YPL093W,0,-5.739301,0.1251554787158966,0.8914728760719299,0.6231450438499451
YLR238W,YPR161C,0,-5.739371,0.12513601779937744,0.8914728760719299,0.6232557892799377
YMR042W,YBL035C,0,-5.739811,0.12511657178401947,0.8914728760719299,0.6233665347099304
YGL245W,YHR090C,0,-5.740173,0.1250971257686615,0.8914728760719299,0.6234772801399231
YML078W,YGR199W,0,-5.740219,0.12507769465446472,0.8914728760719299,0.6235880255699158
YDR153C,YCL051W,0,-5.740289,0.12505826354026794,0.8914728760719299,0.6236987709999084
YKL192C,YMR287C,0,-5.7408767,0.12503883242607117,0.8914728760719299,0.6238095164299011
YNL182C,YNL103W,0,-5.741201,0.12501941621303558,0.8914728760719299,0.6239202618598938
YGR152C,YJL054W,0,-5.7424827,0.125,0.8914728760719299,0.6240310072898865
YGR280C,YCL001W,0,-5.742488,0.12498059123754501,0.8914728760719299,0.6241417527198792
YJR127C,YBL055C,0,-5.7430873,0.12496118992567062,0.8914728760719299,0.6242524981498718
YJL020C,YDR259C,0,-5.743174,0.12494179606437683,0.8914728760719299,0.6243632435798645
YDR461W,YOR297C,0,-5.74326,0.12492240965366364,0.8914728760719299,0.6244739890098572
YKL073W,YOR224C,0,-5.743415,0.12490302324295044,0.8914728760719299,0.6245847344398499
YPL046C,YKL176C,0,-5.744112,0.12488365173339844,0.8914728760719299,0.6246954798698425
YLR295C,YLR181C,0,-5.7443285,0.12486428022384644,0.8914728760719299,0.6248062252998352
YMR276W,YGR082W,0,-5.7452073,0.12484491616487503,0.8914728760719299,0.6249169707298279
YJL081C,YHR074W,0,-5.7455325,0.12482555210590363,0.8914728760719299,0.6250276565551758
YOR250C,YDL040C,0,-5.745573,0.12480620294809341,0.8914728760719299,0.6251384019851685
YLR231C,YAL053W,0,-5.7457876,0.1247868537902832,0.8914728760719299,0.6252491474151611
YKL152C,YPL032C,0,-5.7458353,0.12476751208305359,0.8914728760719299,0.6253598928451538
YPL117C,YJL054W,0,-5.7460737,0.12474817782640457,0.8914728760719299,0.6254706382751465
YKL054C,YDR123C,0,-5.7463403,0.12472885102033615,0.8914728760719299,0.6255813837051392
YOR094W,YMR015C,0,-5.746773,0.12470952421426773,0.8914728760719299,0.6256921291351318
YNL094W,YOR315W,0,-5.747483,0.1246902123093605,0.8914728760719299,0.6258028745651245
YLR353W,YAL033W,0,-5.7474914,0.12467090040445328,0.8914728760719299,0.6259136199951172
YBL075C,YER111C,0,-5.747515,0.12465159595012665,0.8914728760719299,0.6260243654251099
YPL031C,YJR127C,0,-5.74756,0.12463229894638062,0.8914728760719299,0.6261351108551025
YMR211W,YGL163C,0,-5.7475696,0.12461300194263458,0.8914728760719299,0.6262458562850952
YDR022C,YCL035C,0,-5.7484045,0.12459371984004974,0.8914728760719299,0.6263566017150879
YDR238C,YDL033C,0,-5.748905,0.1245744377374649,0.8914728760719299,0.6264673471450806
YDL099W,YDR243C,0,-5.7489095,0.12455516308546066,0.8914728760719299,0.6265780925750732
YFR008W,YGR264C,0,-5.7490735,0.12453588843345642,0.8914728760719299,0.6266888380050659
YJR089W,YDR324C,0,-5.749379,0.12451662868261337,0.8914728760719299,0.6267995834350586
YOR266W,YGL244W,0,-5.7495203,0.12449736893177032,0.8914728760719299,0.6269102692604065
YER053C,YPL167C,0,-5.749644,0.12447811663150787,0.8914728760719299,0.6270210146903992
YDR216W,YDR489W,0,-5.7501016,0.12445887178182602,0.8914728760719299,0.6271317601203918
YBR110W,YER119C,0,-5.750832,0.12443963438272476,0.8914728760719299,0.6272425055503845
YDL099W,YOL138C,0,-5.7509627,0.1244204044342041,0.8914728760719299,0.6273532509803772
YMR015C,YBR097W,0,-5.751268,0.12440117448568344,0.8914728760719299,0.6274639964103699
YDR258C,YJL045W,0,-5.7516866,0.12438195198774338,0.8914728760719299,0.6275747418403625
YDR377W,YLR371W,0,-5.752502,0.12436273694038391,0.8914728760719299,0.6276854872703552
YJL063C,YOR162C,0,-5.7525167,0.12434352934360504,0.8914728760719299,0.6277962327003479
YJL003W,YMR043W,0,-5.7525697,0.12432432174682617,0.8914728760719299,0.6279069781303406
YPR100W,YLR371W,0,-5.7527456,0.1243051290512085,0.8914728760719299,0.6280177235603333
YBL069W,YNL182C,0,-5.7528377,0.12428593635559082,0.8914728760719299,0.6281284689903259
YMR316W,YIR017C,0,-5.7534847,0.12426675111055374,0.8914728760719299,0.6282392144203186
YCR028C-A,YGL144C,0,-5.753817,0.12424756586551666,0.8914728760719299,0.6283499598503113
YHR107C,YIL051C,0,-5.7539554,0.12422839552164078,0.8914728760719299,0.628460705280304
YLR399C,YHR152W,1,-5.7539687,0.12436352670192719,0.8925802707672119,0.628460705280304
YGR199W,YML091C,0,-5.754083,0.1243443414568901,0.8925802707672119,0.6285714507102966
YDR188W,YNL029C,0,-5.7542,0.12432515621185303,0.8925802707672119,0.6286821961402893
YOR284W,YMR112C,0,-5.7547884,0.12430598586797714,0.8925802707672119,0.628792941570282
YCR075C,YKL032C,0,-5.7547994,0.12428681552410126,0.8925802707672119,0.6289036273956299
YML004C,YGR013W,0,-5.756497,0.12426765263080597,0.8925802707672119,0.6290143728256226
YFL039C,YOL102C,0,-5.756825,0.12424849718809128,0.8925802707672119,0.6291251182556152
YGR007W,YLR452C,0,-5.7570934,0.12422934919595718,0.8925802707672119,0.6292358636856079
YAL041W,YMR240C,0,-5.757804,0.12421020120382309,0.8925802707672119,0.6293466091156006
YDR258C,YGR121C,0,-5.7589717,0.12419106066226959,0.8925802707672119,0.6294573545455933
YDR052C,YKL099C,0,-5.758983,0.12417192757129669,0.8925802707672119,0.6295680999755859
YDR036C,YMR235C,0,-5.7590938,0.12415280193090439,0.8925802707672119,0.6296788454055786
YEL061C,YDR420W,0,-5.759217,0.12413368374109268,0.8925802707672119,0.6297895908355713
YMR287C,YER127W,0,-5.7596397,0.12411456555128098,0.8925802707672119,0.629900336265564
YLR056W,YOR373W,0,-5.759868,0.12409545481204987,0.8925802707672119,0.6300110816955566
YIL114C,YKL099C,0,-5.760451,0.12407635152339935,0.8925802707672119,0.6301218271255493
YDR188W,YCR073C,0,-5.760675,0.12405725568532944,0.8925802707672119,0.630232572555542
YDR118W,YDR353W,0,-5.7607417,0.12403816729784012,0.8925802707672119,0.6303433179855347
YIL114C,YDR243C,0,-5.761126,0.1240190789103508,0.8925802707672119,0.6304540634155273
YOR185C,YPR005C,0,-5.761183,0.12399999797344208,0.8925802707672119,0.63056480884552
YER051W,YGR156W,0,-5.761358,0.12398092448711395,0.8925802707672119,0.6306755542755127
YMR235C,YDR279W,0,-5.7614126,0.12396185845136642,0.8925802707672119,0.6307862401008606
YGR145W,YAR042W,0,-5.761722,0.1239427924156189,0.8925802707672119,0.6308969855308533
YHR068W,YBR091C,0,-5.7618194,0.12392374128103256,0.8925802707672119,0.631007730960846
YER119C,YIL042C,0,-5.7619414,0.12390469014644623,0.8925802707672119,0.6311184763908386
YFR051C,YNR046W,0,-5.7623014,0.12388564646244049,0.8925802707672119,0.6312292218208313
YOL112W,YOR270C,0,-5.762792,0.12386660277843475,0.8925802707672119,0.631339967250824
YKL054C,YCR034W,0,-5.7628036,0.12384757399559021,0.8925802707672119,0.6314507126808167
YER155C,YNL258C,0,-5.762832,0.12382854521274567,0.8925802707672119,0.6315614581108093
YAL035W,YDR150W,0,-5.7634625,0.12380952388048172,0.8925802707672119,0.631672203540802
YBL008W,YKR022C,0,-5.763546,0.12379050999879837,0.8925802707672119,0.6317829489707947
YKL074C,YGL169W,0,-5.7637715,0.12377149611711502,0.8925802707672119,0.6318936944007874
YMR199W,YKL035W,0,-5.764133,0.12375249713659286,0.8925802707672119,0.63200443983078
YPL137C,YMR285C,0,-5.7641745,0.12373349815607071,0.8925802707672119,0.6321151852607727
YPL117C,YLR368W,0,-5.764355,0.12371450662612915,0.8925802707672119,0.6322259306907654
YOL042W,YKL051W,0,-5.764466,0.12369551509618759,0.8925802707672119,0.6323366761207581
YJL134W,YER053C,0,-5.7654376,0.12367653846740723,0.8925802707672119,0.6324474215507507
YBR142W,YBR212W,0,-5.7655516,0.12365756183862686,0.8925802707672119,0.6325581669807434
YHR074W,YJR019C,0,-5.76568,0.1236385926604271,0.8925802707672119,0.6326688528060913
YLR405W,YNL206C,0,-5.7658215,0.12361963093280792,0.8925802707672119,0.632779598236084
YAL033W,YGL169W,0,-5.7666173,0.12360067665576935,0.8925802707672119,0.6328903436660767
YOL071W,YJR119C,0,-5.7673316,0.12358172237873077,0.8925802707672119,0.6330010890960693
YDR363W,YDL040C,0,-5.7675548,0.1235627755522728,0.8925802707672119,0.633111834526062
YDR284C,YDR358W,0,-5.7676315,0.12354383617639542,0.8925802707672119,0.6332225799560547
YAL051W,YDR487C,0,-5.767649,0.12352490425109863,0.8925802707672119,0.6333333253860474
YDR118W,YJR144W,0,-5.7679796,0.12350597977638245,0.8925802707672119,0.63344407081604
YNL094W,YGL200C,0,-5.7681146,0.12348705530166626,0.8925802707672119,0.6335548162460327
YHR120W,YJR029W,0,-5.7681437,0.12346813827753067,0.8925802707672119,0.6336655616760254
YJR042W,YFR048W,0,-5.7684517,0.12344922870397568,0.8925802707672119,0.6337763071060181
YBL018C,YHR074W,0,-5.7685676,0.12343031913042068,0.8925802707672119,0.6338870525360107
YER133W,YML095C,1,-5.7694035,0.12356454133987427,0.8936877250671387,0.6338870525360107
YFR051C,YBL103C,0,-5.7695203,0.12354562431573868,0.8936877250671387,0.6339977979660034
YBR079C,YLR386W,0,-5.7700644,0.12352670729160309,0.8936877250671387,0.6341085433959961
YOL139C,YLR254C,0,-5.770098,0.12350780516862869,0.8936877250671387,0.6342192888259888
YPR128C,YGL163C,0,-5.770383,0.1234889030456543,0.8936877250671387,0.6343300342559814
YDR296W,YDL190C,0,-5.771236,0.1234700158238411,0.8936877250671387,0.6344407796859741
YBL006C,YOR056C,0,-5.7713933,0.1234511211514473,0.8936877250671387,0.634551465511322
YBR015C,YMR235C,0,-5.7721033,0.12343224138021469,0.8936877250671387,0.6346622109413147
YGR055W,YGR214W,0,-5.7722125,0.12341336905956268,0.8936877250671387,0.6347729563713074
YFL056C,YPL131W,0,-5.772343,0.12339449673891068,0.8936877250671387,0.6348837018013
YJL196C,YML064C,0,-5.772514,0.12337563186883926,0.8936877250671387,0.6349944472312927
YPR033C,YLR014C,0,-5.7726398,0.12335677444934845,0.8936877250671387,0.6351051926612854
YPL127C,YMR293C,0,-5.772767,0.12333791702985764,0.8936877250671387,0.6352159380912781
YLR056W,YDL120W,0,-5.7729154,0.12331907451152802,0.8936877250671387,0.6353266835212708
YKR036C,YDR279W,0,-5.773102,0.1233002319931984,0.8936877250671387,0.6354374289512634
YMR173W,YFR033C,0,-5.773195,0.12328139692544937,0.8936877250671387,0.6355481743812561
YDR101C,YDL231C,0,-5.773471,0.12326256185770035,0.8936877250671387,0.6356589198112488
YKL054C,YGR145W,0,-5.77371,0.12324374169111252,0.8936877250671387,0.6357696652412415
YGL200C,YLR141W,0,-5.7743216,0.12322492152452469,0.8936877250671387,0.6358804106712341
YPL218W,YDR464W,0,-5.774361,0.12320610880851746,0.8936877250671387,0.6359911561012268
YBL005W,YMR234W,0,-5.7745895,0.12318729609251022,0.8936877250671387,0.6361019015312195
YGR091W,YDR201W,0,-5.77535,0.12316849827766418,0.8936877250671387,0.6362126469612122
YEL032W,YGR082W,0,-5.77578,0.12314970046281815,0.8936877250671387,0.6363233923912048
YNL123W,YPL032C,0,-5.776081,0.1231309100985527,0.8936877250671387,0.6364341378211975
YLR131C,YJR144W,0,-5.776278,0.12311212718486786,0.8936877250671387,0.6365448236465454
YLR405W,YKR014C,0,-5.7763844,0.12309335172176361,0.8936877250671387,0.6366555690765381
YKL051W,YNL197C,0,-5.7770658,0.12307457625865936,0.8936877250671387,0.6367663145065308
YGL150C,YLR134W,0,-5.7773547,0.12305580824613571,0.8936877250671387,0.6368770599365234
YOR168W,YBL034C,0,-5.777385,0.12303704768419266,0.8936877250671387,0.6369878053665161
YBR257W,YKL051W,0,-5.777458,0.1230182945728302,0.8936877250671387,0.6370985507965088
YKL176C,YLR452C,0,-5.777616,0.12299954146146774,0.8936877250671387,0.6372092962265015
YOL044W,YCR028C-A,0,-5.7778172,0.12298079580068588,0.8936877250671387,0.6373200416564941
YNL123W,YHR048W,0,-5.778257,0.12296205759048462,0.8936877250671387,0.6374307870864868
YOR094W,YJL178C,0,-5.7784963,0.12294332683086395,0.8936877250671387,0.6375415325164795
YBL069W,YDR148C,0,-5.779862,0.12292460352182388,0.8936877250671387,0.6376522779464722
YBR274W,YPR100W,0,-5.779979,0.12290588021278381,0.8936877250671387,0.6377630233764648
YFL056C,YGR094W,0,-5.780151,0.12288716435432434,0.8936877250671387,0.6378737688064575
YMR277W,YPL240C,0,-5.780512,0.12286845594644547,0.8936877250671387,0.6379845142364502
YGR152C,YPL016W,0,-5.780523,0.12284974753856659,0.8936877250671387,0.6380952596664429
YOR061W,YDR385W,0,-5.780523,0.12283104658126831,0.8936877250671387,0.6382060050964355
YOL010W,YMR101C,0,-5.7806816,0.12281236052513123,0.8936877250671387,0.6383167505264282
YDR062W,YDL213C,0,-5.7810683,0.12279366701841354,0.8936877250671387,0.6384274363517761
YGR167W,YER051W,0,-5.7818,0.12277498841285706,0.8936877250671387,0.6385381817817688
YMR137C,YDR324C,0,-5.782612,0.12275630980730057,0.8936877250671387,0.6386489272117615
YMR234W,YPL274W,0,-5.7827845,0.12273764610290527,0.8936877250671387,0.6387596726417542
YMR319C,YBR060C,0,-5.783339,0.12271897494792938,0.8936877250671387,0.6388704180717468
YFR008W,YPR100W,0,-5.783505,0.12270031869411469,0.8936877250671387,0.6389811635017395
YOR294W,YLR386W,0,-5.784839,0.12268166244029999,0.8936877250671387,0.6390919089317322
YIL004C,YDR201W,0,-5.785035,0.12266302108764648,0.8936877250671387,0.6392026543617249
YNR053C,YML088W,0,-5.785849,0.12264437973499298,0.8936877250671387,0.6393133997917175
YMR083W,YDR479C,0,-5.7859855,0.12262573838233948,0.8936877250671387,0.6394241452217102
YER133W,YOR229W,1,-5.7867737,0.12275903671979904,0.8947951197624207,0.6394241452217102
YNL029C,YDR091C,0,-5.787061,0.12274039536714554,0.8947951197624207,0.6395348906517029
YJR155W,YGR167W,0,-5.787138,0.12272174656391144,0.8947951197624207,0.6396456360816956
YLR100W,YOR265W,0,-5.787393,0.12270311266183853,0.8947951197624207,0.6397563815116882
YDL044C,YBL079W,0,-5.7876143,0.12268447875976562,0.8947951197624207,0.6398671269416809
YHR091C,YCR073C,0,-5.787914,0.12266585975885391,0.8947951197624207,0.6399778723716736
YOR198C,YOR014W,1,-5.7880335,0.12279903143644333,0.8959025740623474,0.6399778723716736
YMR190C,YOR229W,1,-5.7887855,0.12293215841054916,0.8970099687576294,0.6399778723716736
YLR114C,YGL115W,0,-5.7895923,0.12291350215673447,0.8970099687576294,0.6400886178016663
YMR211W,YKL020C,0,-5.789717,0.12289485335350037,0.8970099687576294,0.6401993632316589
YML116W,YDR300C,0,-5.790274,0.12287621200084686,0.8970099687576294,0.6403100490570068
YGR216C,YIL051C,0,-5.790797,0.12285757809877396,0.8970099687576294,0.6404207944869995
YKL185W,YMR143W,0,-5.7911315,0.12283894419670105,0.8970099687576294,0.6405315399169922
YNR008W,YNL206C,0,-5.791291,0.12282031774520874,0.8970099687576294,0.6406422853469849
YNR053C,YDR382W,0,-5.7920218,0.12280169874429703,0.8970099687576294,0.6407530307769775
YBR154C,YKL006C-A,0,-5.7923017,0.12278307974338531,0.8970099687576294,0.6408637762069702
YCR028C-A,YGR104C,0,-5.7923784,0.1227644756436348,0.8970099687576294,0.6409745216369629
YKL182W,YPL155C,0,-5.7924657,0.12274587154388428,0.8970099687576294,0.6410852670669556
YPR100W,YGL207W,0,-5.792466,0.12272727489471436,0.8970099687576294,0.6411960124969482
YGR267C,YDR420W,0,-5.7930856,0.12270867824554443,0.8970099687576294,0.6413067579269409
YPL123C,YDR247W,0,-5.7933316,0.1226900964975357,0.8970099687576294,0.6414175033569336
YLR141W,YDR346C,0,-5.7934337,0.12267151474952698,0.8970099687576294,0.6415282487869263
YCR093W,YER053C,0,-5.794108,0.12265294045209885,0.8970099687576294,0.641638994216919
YFR051C,YHL025W,0,-5.7945547,0.12263436615467072,0.8970099687576294,0.6417497396469116
YPR074C,YPL144W,0,-5.795229,0.12261580675840378,0.8970099687576294,0.6418604850769043
YJR069C,YPL193W,0,-5.7952375,0.12259724736213684,0.8970099687576294,0.641971230506897
YDR258C,YJR119C,0,-5.7953796,0.1225786954164505,0.8970099687576294,0.6420819759368896
YNL041C,YOR185C,0,-5.795395,0.12256014347076416,0.8970099687576294,0.6421926617622375
YGR140W,YMR319C,0,-5.796,0.12254160642623901,0.8970099687576294,0.6423034071922302
YJL020C,YPL231W,0,-5.7964478,0.12252306938171387,0.8970099687576294,0.6424141526222229
YOR011W,YCR012W,0,-5.7965884,0.12250453978776932,0.8970099687576294,0.6425248980522156
YIL004C,YKL074C,0,-5.797073,0.12248601019382477,0.8970099687576294,0.6426356434822083
YER054C,YOR188W,0,-5.797919,0.12246749550104141,0.8970099687576294,0.6427463889122009
YOL042W,YBR296C,0,-5.798923,0.12244898080825806,0.8970099687576294,0.6428571343421936
YNL258C,YAR007C,0,-5.7997355,0.1224304735660553,0.8970099687576294,0.6429678797721863
YOL042W,YIL018W,0,-5.800312,0.12241196632385254,0.8970099687576294,0.643078625202179
YNL275W,YOR281C,0,-5.8003483,0.12239347398281097,0.8970099687576294,0.6431893706321716
YML078W,YNR017W,0,-5.8003573,0.12237498164176941,0.8970099687576294,0.6433001160621643
YGL119W,YOR011W,0,-5.8005066,0.12235649675130844,0.8970099687576294,0.643410861492157
YMR199W,YPL193W,0,-5.8006506,0.12233801186084747,0.8970099687576294,0.6435216069221497
YDR518W,YGL255W,0,-5.8011928,0.1223195418715477,0.8970099687576294,0.6436323523521423
YJL020C,YBL020W,0,-5.8011975,0.12230107188224792,0.8970099687576294,0.643743097782135
YNR044W,YGR214W,0,-5.8015633,0.12228260934352875,0.8970099687576294,0.6438538432121277
YDR258C,YLR223C,0,-5.8018546,0.12226415425539017,0.8970099687576294,0.6439645886421204
YKR028W,YDR353W,0,-5.801961,0.12224569916725159,0.8970099687576294,0.644075334072113
YLR371W,YDL244W,0,-5.8025885,0.1222272515296936,0.8970099687576294,0.6441860198974609
YGR028W,YNL138W,0,-5.8026834,0.12220881134271622,0.8970099687576294,0.6442967653274536
YCR034W,YOL010W,0,-5.802968,0.12219037860631943,0.8970099687576294,0.6444075107574463
YDR101C,YMR161W,0,-5.8030543,0.12217194586992264,0.8970099687576294,0.644518256187439
YNR019W,YLR069C,0,-5.803923,0.12215352058410645,0.8970099687576294,0.6446290016174316
YLL009C,YDL244W,0,-5.8045626,0.12213510274887085,0.8970099687576294,0.6447397470474243
YCL039W,YMR035W,0,-5.805285,0.12211669236421585,0.8970099687576294,0.644850492477417
YLR314C,YGR013W,0,-5.8053117,0.12209828197956085,0.8970099687576294,0.6449612379074097
YLR353W,YLR009W,0,-5.806012,0.12207987904548645,0.8970099687576294,0.6450719833374023
YCL039W,YNL113W,0,-5.8065534,0.12206148356199265,0.8970099687576294,0.645182728767395
YPL046C,YIL018W,0,-5.806593,0.12204308807849884,0.8970099687576294,0.6452934741973877
YHR120W,YNL294C,0,-5.8072357,0.12202470749616623,0.8970099687576294,0.6454042196273804
YLR056W,YIL098C,0,-5.807395,0.12200632691383362,0.8970099687576294,0.645514965057373
YNR044W,YPR187W,0,-5.8077407,0.1219879537820816,0.8970099687576294,0.6456257104873657
YEL050C,YDR394W,0,-5.8081536,0.12196958065032959,0.8970099687576294,0.6457364559173584
YOR011W,YKL081W,0,-5.8088336,0.12195122241973877,0.8970099687576294,0.6458472013473511
YOR157C,YNR046W,0,-5.8089604,0.12193286418914795,0.8970099687576294,0.6459579467773438
YGL111W,YDR473C,0,-5.809295,0.12191450595855713,0.8970099687576294,0.6460686326026917
YHL048W,YEL015W,0,-5.8095846,0.1218961626291275,0.8970099687576294,0.6461793780326843
YGR145W,YBL057C,0,-5.8096213,0.12187781929969788,0.8970099687576294,0.646290123462677
YJL061W,YGR104C,0,-5.8097224,0.12185948342084885,0.8970099687576294,0.6464008688926697
YDR052C,YDL161W,0,-5.8097987,0.12184115499258041,0.8970099687576294,0.6465116143226624
YHR067W,YOR298C-A,0,-5.810147,0.12182283401489258,0.8970099687576294,0.646622359752655
YGL100W,YMR313C,0,-5.810592,0.12180451303720474,0.8970099687576294,0.6467331051826477
YGR055W,YOR256C,0,-5.810683,0.1217861995100975,0.8970099687576294,0.6468438506126404
YGL245W,YMR137C,0,-5.8108044,0.12176788598299026,0.8970099687576294,0.6469545960426331
YEL034W,YOR216C,0,-5.8110147,0.12174958735704422,0.8970099687576294,0.6470653414726257
YBR020W,YGR082W,0,-5.8110805,0.12173128873109818,0.8970099687576294,0.6471760869026184
YKL182W,YBR061C,0,-5.811542,0.12171299755573273,0.8970099687576294,0.6472868323326111
YLR399C,YOR354C,1,-5.8118224,0.12184495478868484,0.8981173634529114,0.6472868323326111
YLL034C,YJL156C,0,-5.8118644,0.1218266487121582,0.8981173634529114,0.6473975777626038
YNL123W,YCR024C-A,0,-5.8119116,0.12180835008621216,0.8981173634529114,0.6475083231925964
YER053C,YGL227W,0,-5.8121276,0.12179005891084671,0.8981173634529114,0.6476190686225891
YMR137C,YKR014C,0,-5.812731,0.12177177518606186,0.8981173634529114,0.6477298140525818
YNR044W,YML081C-A,0,-5.8130636,0.12175349146127701,0.8981173634529114,0.6478405594825745
YML128C,YOR229W,1,-5.8132377,0.12188532203435898,0.8992248177528381,0.6478405594825745
YEL056W,YLR410W,0,-5.8133354,0.12186702340841293,0.8992248177528381,0.6479512453079224
YHR091C,YJL093C,0,-5.8133893,0.12184873968362808,0.8992248177528381,0.648061990737915
YOR373W,YOR281C,0,-5.8135276,0.12183045595884323,0.8992248177528381,0.6481727361679077
YPL212C,YPL032C,0,-5.813685,0.12181217968463898,0.8992248177528381,0.6482834815979004
YLR401C,YDR358W,0,-5.813932,0.12179391086101532,0.8992248177528381,0.6483942270278931
YLR238W,YEL050C,0,-5.814179,0.12177564203739166,0.8992248177528381,0.6485049724578857
YPR005C,YDR158W,0,-5.814303,0.1217573881149292,0.8992248177528381,0.6486157178878784
YNR053C,YDR450W,0,-5.814483,0.12173912674188614,0.8992248177528381,0.6487264633178711
YFL033C,YOR014W,1,-5.815058,0.12187078595161438,0.9003322124481201,0.6487264633178711
YNL103W,YIL016W,0,-5.8156047,0.12185251712799072,0.9003322124481201,0.6488372087478638
YKL074C,YDR150W,0,-5.8157406,0.12183425575494766,0.9003322124481201,0.6489479541778564
YER112W,YNL103W,0,-5.8161674,0.1218160018324852,0.9003322124481201,0.6490586996078491
YLR228C,YJR007W,0,-5.8164973,0.12179775536060333,0.9003322124481201,0.6491694450378418
YJR078W,YDR435C,0,-5.816736,0.12177950888872147,0.9003322124481201,0.6492801904678345
YKL019W,YFR051C,0,-5.8167486,0.1217612698674202,0.9003322124481201,0.6493909358978271
YDR141C,YNL029C,0,-5.817121,0.12174303829669952,0.9003322124481201,0.6495016813278198
YLR114C,YBR015C,0,-5.817263,0.12172480672597885,0.9003322124481201,0.6496124267578125
YDL101C,YGR145W,0,-5.817368,0.12170659005641937,0.9003322124481201,0.6497231721878052
YOR046C,YMR285C,0,-5.8174157,0.1216883733868599,0.9003322124481201,0.6498338580131531
YMR035W,YDR312W,0,-5.8177767,0.12167015671730042,0.9003322124481201,0.6499446034431458
YPR017C,YJL047C,0,-5.8177876,0.12165195494890213,0.9003322124481201,0.6500553488731384
YER016W,YJL001W,0,-5.8180366,0.12163375318050385,0.9003322124481201,0.6501660943031311
YHR114W,YJL191W,0,-5.818189,0.12161555886268616,0.9003322124481201,0.6502768397331238
YKL192C,YJR049C,0,-5.8183427,0.12159736454486847,0.9003322124481201,0.6503875851631165
YDR129C,YJR019C,0,-5.8185196,0.12157918512821198,0.9003322124481201,0.6504983305931091
YCL031C,YJL156C,0,-5.818612,0.12156100571155548,0.9003322124481201,0.6506090760231018
YIL035C,YLR056W,0,-5.8186326,0.12154283374547958,0.9003322124481201,0.6507198214530945
YAL021C,YKL117W,0,-5.818914,0.12152466177940369,0.9003322124481201,0.6508305668830872
YBL063W,YKL176C,0,-5.8192363,0.12150650471448898,0.9003322124481201,0.6509413123130798
YML051W,YIR006C,0,-5.820449,0.12148834764957428,0.9003322124481201,0.6510520577430725
YER019C-A,YKL081W,0,-5.820596,0.12147019058465958,0.9003322124481201,0.6511628031730652
YJL003W,YKL051W,0,-5.8206134,0.12145204842090607,0.9003322124481201,0.6512735486030579
YGL166W,YBR030W,0,-5.8208594,0.12143390625715256,0.9003322124481201,0.6513842940330505
YDR101C,YGR267C,0,-5.821201,0.12141577154397964,0.9003322124481201,0.6514950394630432
YMR264W,YKL032C,0,-5.8212657,0.12139764428138733,0.9003322124481201,0.6516057848930359
YPR100W,YGR055W,0,-5.821408,0.12137951701879501,0.9003322124481201,0.6517165303230286
YOR023C,YOR094W,0,-5.821695,0.1213613972067833,0.9003322124481201,0.6518272161483765
YNR072W,YHR021C,0,-5.8219457,0.12134328484535217,0.9003322124481201,0.6519379615783691
YGL150C,YJL062W,0,-5.8221984,0.12132517248392105,0.9003322124481201,0.6520487070083618
YKL185W,YDL231C,0,-5.822202,0.12130707502365112,0.9003322124481201,0.6521594524383545
YBR015C,YOL042W,0,-5.822982,0.1212889775633812,0.9003322124481201,0.6522701978683472
YLR052W,YGR094W,0,-5.8231225,0.12127088010311127,0.9003322124481201,0.6523809432983398
YDR258C,YLR438C-A,0,-5.823265,0.12125279754400253,0.9003322124481201,0.6524916887283325
YDR216W,YMR188C,0,-5.8233113,0.1212347149848938,0.9003322124481201,0.6526024341583252
YPL228W,YOR224C,0,-5.823355,0.12121663987636566,0.9003322124481201,0.6527131795883179
YPR019W,YPR017C,0,-5.8235598,0.12119857221841812,0.9003322124481201,0.6528239250183105
YBR274W,YGR156W,0,-5.824271,0.12118050456047058,0.9003322124481201,0.6529346704483032
YAR019C,YKL081W,0,-5.824698,0.12116244435310364,0.9003322124481201,0.6530454158782959
YER053C,YEL002C,0,-5.8247943,0.12114439159631729,0.9003322124481201,0.6531561613082886
YNR017W,YIL167W,0,-5.824947,0.12112633883953094,0.9003322124481201,0.6532669067382812
YOR023C,YOL042W,0,-5.8250995,0.12110830098390579,0.9003322124481201,0.6533776521682739
YDR188W,YLR014C,0,-5.825764,0.12109025567770004,0.9003322124481201,0.6534883975982666
YFL056C,YDR487C,0,-5.8257666,0.12107222527265549,0.9003322124481201,0.6535991430282593
YKL176C,YPR133C,0,-5.826947,0.12105420231819153,0.9003322124481201,0.6537098288536072
YMR043W,YKR022C,0,-5.8277593,0.12103617936372757,0.9003322124481201,0.6538205742835999
YJL115W,YGL100W,0,-5.8289285,0.12101816385984421,0.9003322124481201,0.6539313197135925
YBR205W,YDL077C,0,-5.8290133,0.12100014835596085,0.9003322124481201,0.6540420651435852
YPL244C,YMR188C,0,-5.8296113,0.12098214030265808,0.9003322124481201,0.6541528105735779
YPL231W,YOR032C,0,-5.8304,0.12096413969993591,0.9003322124481201,0.6542635560035706
YLR109W,YGL207W,0,-5.8304586,0.12094614654779434,0.9003322124481201,0.6543743014335632
YMR143W,YDR400W,0,-5.8304925,0.12092815339565277,0.9003322124481201,0.6544850468635559
YLR403W,YMR313C,0,-5.8305135,0.1209101751446724,0.9003322124481201,0.6545957922935486
YDR036C,YER019C-A,0,-5.8305807,0.12089219689369202,0.9003322124481201,0.6547065377235413
YLR186W,YBR020W,0,-5.830626,0.12087421864271164,0.9003322124481201,0.6548172831535339
YOR046C,YKR048C,0,-5.831398,0.12085624784231186,0.9003322124481201,0.6549280285835266
YNL031C,YBL103C,0,-5.831425,0.12083828449249268,0.9003322124481201,0.6550387740135193
YJL196C,YBR212W,0,-5.831462,0.12082032859325409,0.9003322124481201,0.655149519443512
YDR118W,YHR107C,0,-5.8327527,0.1208023801445961,0.9003322124481201,0.6552602648735046
YML078W,YDR153C,0,-5.832933,0.12078443169593811,0.9003322124481201,0.6553710103034973
YLR176C,YJR007W,0,-5.833105,0.12076649069786072,0.9003322124481201,0.65548175573349
YGR121C,YBR198C,0,-5.8340287,0.12074854969978333,0.9003322124481201,0.6555924415588379
YLR186W,YIL042C,0,-5.834226,0.12073062360286713,0.9003322124481201,0.6557031869888306
YPL159C,YPL152W,0,-5.83474,0.12071269750595093,0.9003322124481201,0.6558139324188232
YPR030W,YDR324C,0,-5.835127,0.12069477140903473,0.9003322124481201,0.6559246778488159
YIL018W,YHL006C,0,-5.8357177,0.12067686021327972,0.9003322124481201,0.6560354232788086
YER095W,YFL033C,1,-5.8358054,0.12080736458301544,0.9014396667480469,0.6560354232788086
YLR401C,YEL018W,0,-5.83651,0.12078943103551865,0.9014396667480469,0.6561461687088013
YFL059W,YMR088C,0,-5.8371162,0.12077151238918304,0.9014396667480469,0.656256914138794
YBL018C,YJR126C,0,-5.837118,0.12075359374284744,0.9014396667480469,0.6563676595687866
YPL076W,YGR081C,0,-5.837733,0.12073568999767303,0.9014396667480469,0.6564784049987793
YGL136C,YKL038W,0,-5.8389006,0.12071777880191803,0.9014396667480469,0.656589150428772
YJL081C,YJL178C,0,-5.838947,0.12069988250732422,0.9014396667480469,0.6566998958587646
YDR529C,YDR443C,0,-5.839343,0.12068198621273041,0.9014396667480469,0.6568106412887573
YKL192C,YLR223C,0,-5.8394256,0.1206640973687172,0.9014396667480469,0.65692138671875
YFR051C,YDR167W,0,-5.8396783,0.12064621597528458,0.9014396667480469,0.6570321321487427
YER155C,YBL079W,0,-5.8406262,0.12062833458185196,0.9014396667480469,0.6571428775787354
YPR006C,YOR332W,0,-5.8408155,0.12061046063899994,0.9014396667480469,0.657253623008728
YOR185C,YPL123C,0,-5.8413796,0.12059259414672852,0.9014396667480469,0.6573643684387207
YIL033C,YKL179C,0,-5.841601,0.12057472765445709,0.9014396667480469,0.6574750542640686
YKL001C,YLR403W,0,-5.841785,0.12055686861276627,0.9014396667480469,0.6575857996940613
YOR354C,YPL022W,1,-5.84255,0.1206871047616005,0.9025470614433289,0.6575857996940613
YJL134W,YDR296W,0,-5.8426633,0.12066923081874847,0.9025470614433289,0.657696545124054
YLR207W,YMR143W,0,-5.8428254,0.12065137177705765,0.9025470614433289,0.6578072905540466
YMR112C,YOR332W,0,-5.843511,0.12063351273536682,0.9025470614433289,0.6579180359840393
YOR185C,YLR052W,0,-5.8438883,0.12061566114425659,0.9025470614433289,0.658028781414032
YPL093W,YGR281W,0,-5.8441625,0.12059780955314636,0.9025470614433289,0.6581395268440247
YCL035C,YBR245C,0,-5.8446975,0.12057996541261673,0.9025470614433289,0.6582502722740173
YEL056W,YDR394W,0,-5.845037,0.1205621287226677,0.9025470614433289,0.65836101770401
YJL003W,YDR464W,0,-5.845246,0.12054429948329926,0.9025470614433289,0.6584717631340027
YPL049C,YGR199W,0,-5.845374,0.12052647024393082,0.9025470614433289,0.6585825085639954
YGR246C,YMR137C,0,-5.8457446,0.12050864845514297,0.9025470614433289,0.658693253993988
YOL021C,YDR385W,0,-5.8460584,0.12049083411693573,0.9025470614433289,0.6588039994239807
YOR014W,YPL139C,1,-5.8471003,0.12062083929777145,0.9036544561386108,0.6588039994239807
YOR198C,YBR250W,1,-5.8475976,0.12075081467628479,0.9047619104385376,0.6588039994239807
YEL029C,YDR346C,0,-5.848164,0.12073297053575516,0.9047619104385376,0.6589147448539734
YDL213C,YKL041W,0,-5.850228,0.12071512639522552,0.9047619104385376,0.6590254902839661
YLR401C,YPR161C,0,-5.8503118,0.12069729715585709,0.9047619104385376,0.6591362357139587
YDR268W,YDR129C,0,-5.8516984,0.12067946791648865,0.9047619104385376,0.6592469811439514
YKL185W,YBR205W,0,-5.851806,0.1206616461277008,0.9047619104385376,0.6593576669692993
YBR193C,YHR005C-A,0,-5.8518925,0.12064382433891296,0.9047619104385376,0.659468412399292
YKL179C,YDL213C,0,-5.8521175,0.12062601745128632,0.9047619104385376,0.6595791578292847
YCR075C,YOL051W,0,-5.8524203,0.12060821056365967,0.9047619104385376,0.6596899032592773
YGL014W,YDR407C,0,-5.8527503,0.12059040367603302,0.9047619104385376,0.65980064868927
YFL056C,YDL130W-A,0,-5.852997,0.12057261168956757,0.9047619104385376,0.6599113941192627
YGR055W,YGL111W,0,-5.853065,0.12055481970310211,0.9047619104385376,0.6600221395492554
YOL094C,YPL007C,0,-5.8538127,0.12053703516721725,0.9047619104385376,0.660132884979248
YHR191C,YIL051C,0,-5.854036,0.1205192506313324,0.9047619104385376,0.6602436304092407
YBR015C,YGR214W,0,-5.8545303,0.12050147354602814,0.9047619104385376,0.6603543758392334
YKL015W,YNL138W,0,-5.85479,0.12048370391130447,0.9047619104385376,0.6604651212692261
YPL155C,YHL025W,0,-5.8553233,0.12046594172716141,0.9047619104385376,0.6605758666992188
YLR254C,YGR094W,0,-5.855394,0.12044817954301834,0.9047619104385376,0.6606866121292114
YIL098C,YPL127C,0,-5.8554673,0.12043042480945587,0.9047619104385376,0.6607973575592041
YAL053W,YDL040C,0,-5.8555894,0.120412677526474,0.9047619104385376,0.6609081029891968
YEL029C,YML105C,0,-5.855721,0.12039493024349213,0.9047619104385376,0.6610188484191895
YKL192C,YBL103C,0,-5.855746,0.12037719041109085,0.9047619104385376,0.6611295938491821
YEL029C,YBL005W,0,-5.8566337,0.12035945802927017,0.9047619104385376,0.6612403392791748
YPR017C,YDR529C,0,-5.8566885,0.1203417256474495,0.9047619104385376,0.6613510251045227
YPL270W,YGL111W,0,-5.856733,0.12032400816679001,0.9047619104385376,0.6614617705345154
YGL012W,YKR028W,0,-5.8571944,0.12030629068613052,0.9047619104385376,0.6615725159645081
YHL048W,YDR245W,0,-5.8572593,0.12028857320547104,0.9047619104385376,0.6616832613945007
YPL159C,YNL098C,0,-5.8579793,0.12027087062597275,0.9047619104385376,0.6617940068244934
YPL218W,YOL102C,0,-5.8582544,0.12025316804647446,0.9047619104385376,0.6619047522544861
YNL098C,YGR008C,0,-5.858339,0.12023546546697617,0.9047619104385376,0.6620154976844788
YOL010W,YGR281W,0,-5.8583927,0.12021777778863907,0.9047619104385376,0.6621262431144714
YMR112C,YDR487C,0,-5.858752,0.12020009011030197,0.9047619104385376,0.6622369885444641
YIR017C,YDL111C,0,-5.8588586,0.12018240988254547,0.9047619104385376,0.6623477339744568
YML004C,YNR034W,0,-5.858928,0.12016472965478897,0.9047619104385376,0.6624584794044495
YAL040C,YOR085W,0,-5.8593364,0.12014705687761307,0.9047619104385376,0.6625692248344421
YER038C,YBR205W,0,-5.8595824,0.12012939155101776,0.9047619104385376,0.6626799702644348
YOR025W,YDL212W,0,-5.8598533,0.12011173367500305,0.9047619104385376,0.6627907156944275
YDR166C,YBR293W,0,-5.8598685,0.12009407579898834,0.9047619104385376,0.6629014611244202
YPL152W,YKL117W,0,-5.859924,0.12007642537355423,0.9047619104385376,0.6630122065544128
YGL111W,YJL061W,0,-5.8601108,0.12005878239870071,0.9047619104385376,0.6631229519844055
YBR133C,YOR270C,0,-5.8605266,0.1200411394238472,0.9047619104385376,0.6632336378097534
YHR055C,YGR156W,0,-5.8606105,0.12002350389957428,0.9047619104385376,0.6633443832397461
YDL190C,YOR270C,0,-5.861274,0.12000587582588196,0.9047619104385376,0.6634551286697388
YLR256W,YNR034W,0,-5.8617983,0.11998824775218964,0.9047619104385376,0.6635658740997314
YOR168W,YLR176C,0,-5.862036,0.11997063457965851,0.9047619104385376,0.6636766195297241
YDR385W,YOL102C,0,-5.8627496,0.11995301395654678,0.9047619104385376,0.6637873649597168
YDL137W,YDR254W,0,-5.8629107,0.11993540823459625,0.9047619104385376,0.6638981103897095
YOR157C,YJL093C,0,-5.863043,0.11991780251264572,0.9047619104385376,0.6640088558197021
YER053C,YBR198C,0,-5.8632607,0.11990020424127579,0.9047619104385376,0.6641196012496948
YDL148C,YDR103W,0,-5.863752,0.11988261342048645,0.9047619104385376,0.6642303466796875
YDL101C,YLR438C-A,0,-5.863857,0.11986502259969711,0.9047619104385376,0.6643410921096802
YLR228C,YDL213C,0,-5.863935,0.11984743922948837,0.9047619104385376,0.6644518375396729
YLR399C,YER133W,1,-5.864216,0.11997653543949127,0.9058693051338196,0.6644518375396729
YOL094C,YMR235C,0,-5.864906,0.11995893716812134,0.9058693051338196,0.6645625829696655
YGL119W,YNL029C,0,-5.865485,0.119941346347332,0.9058693051338196,0.6646733283996582
YHR152W,YPL139C,1,-5.8657804,0.12007036805152893,0.9069767594337463,0.6646733283996582
YML004C,YKR022C,0,-5.8660746,0.120052769780159,0.9069767594337463,0.6647840738296509
YPL046C,YKL182W,0,-5.8661513,0.12003517150878906,0.9069767594337463,0.6648948192596436
YNL275W,YMR305C,0,-5.866648,0.12001758813858032,0.9069767594337463,0.6650055646896362
YKL170W,YBR030W,0,-5.866699,0.11999999731779099,0.9069767594337463,0.6651162505149841
YOR011W,YDR057W,0,-5.8676414,0.11998242139816284,0.9069767594337463,0.6652269959449768
YNR044W,YMR313C,0,-5.8677106,0.1199648454785347,0.9069767594337463,0.6653377413749695
YLR141W,YPR140W,0,-5.867926,0.11994727700948715,0.9069767594337463,0.6654484868049622
YHR154W,YIL016W,0,-5.8686943,0.1199297085404396,0.9069767594337463,0.6655592322349548
YMR260C,YOR356W,0,-5.8699193,0.11991215497255325,0.9069767594337463,0.6656699776649475
YER155C,YMR290C,0,-5.8715086,0.1198946014046669,0.9069767594337463,0.6657807230949402
YBR121C,YLR452C,0,-5.8718762,0.11987704783678055,0.9069767594337463,0.6658914685249329
YCR075C,YLR256W,0,-5.8719907,0.11985950171947479,0.9069767594337463,0.6660022139549255
YDR464W,YNL079C,0,-5.8723407,0.11984196305274963,0.9069767594337463,0.6661129593849182
YDR435C,YAL030W,0,-5.872414,0.11982443183660507,0.9069767594337463,0.6662237048149109
YBR110W,YLR328W,0,-5.8725486,0.11980690807104111,0.9069767594337463,0.6663344502449036
YER053C,YIL095W,0,-5.8727155,0.11978938430547714,0.9069767594337463,0.6664451956748962
YGL244W,YMR293C,0,-5.8729177,0.11977186053991318,0.9069767594337463,0.6665559411048889
YJL089W,YMR088C,0,-5.873133,0.1197543516755104,0.9069767594337463,0.6666666865348816
YDL099W,YDR296W,0,-5.87448,0.11973684281110764,0.9069767594337463,0.6667774319648743
YFL056C,YKR048C,0,-5.8761888,0.11971934139728546,0.9069767594337463,0.6668881773948669
YER133W,YCR033W,1,-5.8763967,0.11984799802303314,0.9080841541290283,0.6668881773948669
YER051W,YOR127W,0,-5.8765054,0.11983048170804977,0.9080841541290283,0.6669988632202148
YAL017W,YOR256C,0,-5.876573,0.119812972843647,0.9080841541290283,0.6671096086502075
YGL014W,YNL294C,0,-5.877184,0.11979547142982483,0.9080841541290283,0.6672203540802002
YIL079C,YGR113W,0,-5.8773475,0.11977797001600266,0.9080841541290283,0.6673310995101929
YJL094C,YLR386W,0,-5.877429,0.11976047605276108,0.9080841541290283,0.6674418449401855
YNL094W,YDR036C,0,-5.877504,0.1197429895401001,0.9080841541290283,0.6675525903701782
YBR015C,YGR078C,0,-5.878854,0.11972551047801971,0.9080841541290283,0.6676633358001709
YBL019W,YOL112W,0,-5.879047,0.11970803141593933,0.9080841541290283,0.6677740812301636
YLR141W,YDL212W,0,-5.879949,0.11969055980443954,0.9080841541290283,0.6678848266601562
YER174C,YMR112C,0,-5.880781,0.11967308819293976,0.9080841541290283,0.6679955720901489
YKL176C,YBR175W,0,-5.8821335,0.11965562403202057,0.9080841541290283,0.6681063175201416
YOR127W,YKL099C,0,-5.8827987,0.11963816732168198,0.9080841541290283,0.6682170629501343
YGL019W,YLR002C,0,-5.8831,0.11962071806192398,0.9080841541290283,0.668327808380127
YER107C,YCR065W,0,-5.8832326,0.11960326880216599,0.9080841541290283,0.6684385538101196
YLR100W,YBR082C,0,-5.8839297,0.11958582699298859,0.9080841541290283,0.6685492992401123
YOR284W,YOR281C,0,-5.884093,0.11956838518381119,0.9080841541290283,0.668660044670105
YPL075W,YOR326W,0,-5.8843093,0.11955095827579498,0.9080841541290283,0.6687707901000977
YDL085W,YOR294W,0,-5.884319,0.11953353136777878,0.9080841541290283,0.6688815355300903
YPL086C,YOR373W,0,-5.8844247,0.11951610445976257,0.9080841541290283,0.6689922213554382
YNL042W,YER013W,0,-5.885407,0.11949868500232697,0.9080841541290283,0.6691029667854309
YER111C,YKL081W,0,-5.8855133,0.11948127299547195,0.9080841541290283,0.6692137122154236
YDR211W,YDR082W,0,-5.88592,0.11946386843919754,0.9080841541290283,0.6693244576454163
YOR056C,YIL042C,0,-5.8864913,0.11944646388292313,0.9080841541290283,0.6694352030754089
YOR157C,YAR007C,0,-5.886768,0.1194290742278099,0.9080841541290283,0.6695459485054016
YLR155C,YGR099W,0,-5.8868036,0.11941167712211609,0.9080841541290283,0.6696566939353943
YGR055W,YBL055C,0,-5.8868947,0.11939429491758347,0.9080841541290283,0.669767439365387
YLR353W,YGR078C,0,-5.8869596,0.11937691271305084,0.9080841541290283,0.6698781847953796
YDR172W,YOR132W,0,-5.8877635,0.11935953050851822,0.9080841541290283,0.6699889302253723
YBR040W,YDL208W,0,-5.8877873,0.11934216320514679,0.9080841541290283,0.670099675655365
YHR055C,YBL020W,0,-5.8901167,0.11932479590177536,0.9080841541290283,0.6702104210853577
YDR129C,YDL033C,0,-5.890602,0.11930743604898453,0.9080841541290283,0.6703211665153503
YBR272C,YJR126C,0,-5.890621,0.1192900761961937,0.9080841541290283,0.670431911945343
YOR094W,YGR078C,0,-5.890666,0.11927272379398346,0.9080841541290283,0.6705426573753357
YHR197W,YOL138C,0,-5.8915563,0.11925537884235382,0.9080841541290283,0.6706534028053284
YMR276W,YMR137C,0,-5.891558,0.11923804134130478,0.9080841541290283,0.670764148235321
YDR284C,YHR086W,0,-5.8931546,0.11922070384025574,0.9080841541290283,0.670874834060669
YIL048W,YDR175C,0,-5.8933825,0.11920337378978729,0.9080841541290283,0.6709855794906616
YGR264C,YBL034C,0,-5.893972,0.11918604373931885,0.9080841541290283,0.6710963249206543
YBR110W,YMR276W,0,-5.8949604,0.1191687285900116,0.9080841541290283,0.671207070350647
YGR113W,YLR002C,0,-5.8954816,0.11915140599012375,0.9080841541290283,0.6713178157806396
YEL050C,YML028W,0,-5.895536,0.1191340982913971,0.9080841541290283,0.6714285612106323
YDL039C,YPL237W,0,-5.8958726,0.11911679059267044,0.9080841541290283,0.671539306640625
YDL213C,YML034W,0,-5.895991,0.11909949034452438,0.9080841541290283,0.6716500520706177
YLR371W,YNR048W,0,-5.89679,0.11908219754695892,0.9080841541290283,0.6717607975006104
YJR158W,YEL034W,0,-5.8968177,0.11906490474939346,0.9080841541290283,0.671871542930603
YMR237W,YGL252C,0,-5.8970227,0.1190476194024086,0.9080841541290283,0.6719822883605957
YOR298C-A,YNL231C,0,-5.8975115,0.11903034150600433,0.9080841541290283,0.6720930337905884
YOR109W,YOR119C,0,-5.897597,0.11901306360960007,0.9080841541290283,0.672203779220581
YDL137W,YDL120W,0,-5.8982706,0.1189957931637764,0.9080841541290283,0.6723145246505737
YCR027C,YDL111C,0,-5.8983493,0.11897852271795273,0.9080841541290283,0.6724252700805664
YBL020W,YDL020C,0,-5.8984294,0.11896126717329025,0.9080841541290283,0.6725360155105591
YHR157W,YCR033W,1,-5.898728,0.11908905953168869,0.9091916084289551,0.6725360155105591
YBL084C,YBR228W,0,-5.8989677,0.11907178908586502,0.9091916084289551,0.6726467609405518
YBL069W,YDL134C,0,-5.8992057,0.11905452609062195,0.9091916084289551,0.6727574467658997
YOR232W,YHR074W,0,-5.899297,0.11903726309537888,0.9091916084289551,0.6728681921958923
YPL096W,YDR238C,0,-5.8997626,0.1190200075507164,0.9091916084289551,0.672978937625885
YJL020C,YJR007W,0,-5.899868,0.11900275200605392,0.9091916084289551,0.6730896830558777
YML116W,YOR147W,0,-5.89996,0.11898550391197205,0.9091916084289551,0.6732004284858704
YJL094C,YGL210W,0,-5.9000015,0.11896826326847076,0.9091916084289551,0.673311173915863
YKL152C,YDR243C,0,-5.9001155,0.11895103007555008,0.9091916084289551,0.6734219193458557
YJL014W,YPR133C,0,-5.9006248,0.1189337968826294,0.9091916084289551,0.6735326647758484
YLR052W,YFR051C,0,-5.9013333,0.1189165711402893,0.9091916084289551,0.6736434102058411
YBR245C,YPL274W,0,-5.90159,0.11889934539794922,0.9091916084289551,0.6737541556358337
YGR267C,YNL029C,0,-5.901991,0.11888213455677032,0.9091916084289551,0.6738649010658264
YHR067W,YLR095C,0,-5.903256,0.11886491626501083,0.9091916084289551,0.6739756464958191
YGR280C,YDL077C,0,-5.9036975,0.11884771287441254,0.9091916084289551,0.6740863919258118
YDR188W,YCR065W,0,-5.9047375,0.11883050948381424,0.9091916084289551,0.6741971373558044
YER054C,YGR007W,0,-5.904903,0.11881331354379654,0.9091916084289551,0.6743078827857971
YOL151W,YDR489W,0,-5.90612,0.11879612505435944,0.9091916084289551,0.6744186282157898
YMR277W,YHR005C-A,0,-5.9062543,0.11877893656492233,0.9091916084289551,0.6745293736457825
YDR487C,YLR442C,0,-5.906302,0.11876175552606583,0.9091916084289551,0.6746400594711304
YFR048W,YPL123C,0,-5.906544,0.11874457448720932,0.9091916084289551,0.674750804901123
YLR238W,YKL058W,0,-5.9068484,0.11872740089893341,0.9091916084289551,0.6748615503311157
YOR298C-A,YGR135W,0,-5.906886,0.1187102347612381,0.9091916084289551,0.6749722957611084
YAL041W,YPL218W,0,-5.907026,0.11869307607412338,0.9091916084289551,0.6750830411911011
YKL192C,YOR284W,0,-5.9073415,0.11867591738700867,0.9091916084289551,0.6751937866210938
YKL152C,YOL042W,0,-5.908409,0.11865876615047455,0.9091916084289551,0.6753045320510864
YCR075C,YNL138W,0,-5.9084992,0.11864161491394043,0.9091916084289551,0.6754152774810791
YNL294C,YML088W,0,-5.909421,0.1186244785785675,0.9091916084289551,0.6755260229110718
YJR025C,YDL134C,0,-5.9095116,0.11860734224319458,0.9091916084289551,0.6756367683410645
YDR022C,YGR280C,0,-5.9099255,0.11859020590782166,0.9091916084289551,0.6757475137710571
YBR245C,YDR160W,0,-5.9104266,0.11857307702302933,0.9091916084289551,0.6758582592010498
YGR244C,YOL112W,0,-5.910482,0.1185559555888176,0.9091916084289551,0.6759690046310425
YOR224C,YMR067C,0,-5.910546,0.11853884160518646,0.9091916084289551,0.6760797500610352
YMR277W,YLR022C,0,-5.91062,0.11852172762155533,0.9091916084289551,0.6761904954910278
YPR017C,YIR006C,0,-5.910649,0.11850462108850479,0.9091916084289551,0.6763012409210205
YGR267C,YBL103C,0,-5.9106526,0.11848751455545425,0.9091916084289551,0.6764119863510132
YDR201W,YKL126W,0,-5.91113,0.11847041547298431,0.9091916084289551,0.6765227317810059
YDR150W,YGL014W,0,-5.911239,0.11845332384109497,0.9091916084289551,0.6766334176063538
YMR112C,YDL134C,0,-5.911346,0.11843623965978622,0.9091916084289551,0.6767441630363464
YML095C,YOR229W,1,-5.911491,0.11856339126825333,0.9102990031242371,0.6767441630363464
YFR021W,YLR410W,0,-5.9120917,0.11854629218578339,0.9102990031242371,0.6768549084663391
YCR024C-A,YML105C,0,-5.9124184,0.11852920055389404,0.9102990031242371,0.6769656538963318
YDR489W,YPL157W,0,-5.9129014,0.1185121089220047,0.9102990031242371,0.6770763993263245
YKR062W,YOR332W,0,-5.914186,0.11849502474069595,0.9102990031242371,0.6771871447563171
YCR082W,YOR308C,0,-5.914363,0.1184779480099678,0.9102990031242371,0.6772978901863098
YDL212W,YDR167W,0,-5.915647,0.11846087127923965,0.9102990031242371,0.6774086356163025
YLR131C,YLR231C,0,-5.915993,0.1184438019990921,0.9102990031242371,0.6775193810462952
YKR031C,YDR330W,0,-5.9162574,0.11842674016952515,0.9102990031242371,0.6776301264762878
YNL079C,YGR094W,0,-5.9166865,0.11840967833995819,0.9102990031242371,0.6777408719062805
YBL069W,YGR152C,0,-5.9169154,0.11839262396097183,0.9102990031242371,0.6778516173362732
YLR095C,YDR245W,0,-5.917183,0.11837557703256607,0.9102990031242371,0.6779623627662659
YGR133W,YJL191W,0,-5.917952,0.11835853010416031,0.9102990031242371,0.6780731081962585
YMR035W,YNL085W,0,-5.918444,0.11834149062633514,0.9102990031242371,0.6781838536262512
YGR267C,YPR161C,0,-5.918699,0.11832445859909058,0.9102990031242371,0.6782945990562439
YLL043W,YIL076W,0,-5.9194903,0.11830742657184601,0.9102990031242371,0.6784053444862366
YLR295C,YMR316W,0,-5.919899,0.11829040199518204,0.9102990031242371,0.6785160303115845
YPR111W,YLR134W,0,-5.920544,0.11827338486909866,0.9102990031242371,0.6786267757415771
YIL051C,YFL059W,0,-5.920712,0.11825636774301529,0.9102990031242371,0.6787375211715698
YOL042W,YNL113W,0,-5.9208255,0.11823935806751251,0.9102990031242371,0.6788482666015625
YCL039W,YOL138C,0,-5.921476,0.11822234839200974,0.9102990031242371,0.6789590120315552
YML128C,YLR234W,1,-5.921521,0.11834914982318878,0.911406397819519,0.6789590120315552
YDR141C,YOR298C-A,0,-5.92156,0.11833213269710541,0.911406397819519,0.6790697574615479
YLR056W,YDR258C,0,-5.921598,0.11831512302160263,0.911406397819519,0.6791805028915405
YPR124W,YMR161W,0,-5.922083,0.11829811334609985,0.911406397819519,0.6792912483215332
YPR017C,YMR305C,0,-5.9222207,0.11828111857175827,0.911406397819519,0.6794019937515259
YGL200C,YFR024C-A,0,-5.9233117,0.11826411634683609,0.911406397819519,0.6795127391815186
YEL022W,YPR178W,0,-5.9239054,0.1182471290230751,0.911406397819519,0.6796234846115112
YML128C,YOR313C,1,-5.924888,0.1183737963438034,0.9125138521194458,0.6796234846115112
YLR265C,YGR133W,0,-5.9249535,0.11835679411888123,0.9125138521194458,0.6797342300415039
YJL196C,YER149C,0,-5.925069,0.11833979934453964,0.9125138521194458,0.6798449754714966
YBL020W,YFL059W,0,-5.9250975,0.11832280457019806,0.9125138521194458,0.6799557209014893
YDR377W,YLR452C,0,-5.9251237,0.11830581724643707,0.9125138521194458,0.6800664663314819
YOR046C,YPL221W,0,-5.9258695,0.11828882992267609,0.9125138521194458,0.6801772117614746
YPR033C,YLR181C,0,-5.9259124,0.1182718500494957,0.9125138521194458,0.6802879571914673
YJL001W,YJR019C,0,-5.9259324,0.1182548776268959,0.9125138521194458,0.6803986430168152
YHR081W,YDL244W,0,-5.926828,0.11823791265487671,0.9125138521194458,0.6805093884468079
YGR167W,YLR256W,0,-5.927159,0.11822094768285751,0.9125138521194458,0.6806201338768005
YEL056W,YPL270W,0,-5.9278674,0.11820399016141891,0.9125138521194458,0.6807308793067932
YOR109W,YDR190C,0,-5.9280725,0.11818703263998032,0.9125138521194458,0.6808416247367859
YMR199W,YAL033W,0,-5.928136,0.11817008256912231,0.9125138521194458,0.6809523701667786
YLR347C,YHL006C,0,-5.9283705,0.11815313994884491,0.9125138521194458,0.6810631155967712
YER107C,YKR028W,0,-5.9285073,0.1181361973285675,0.9125138521194458,0.6811738610267639
YLR009W,YNR039C,0,-5.928594,0.1181192696094513,0.9125138521194458,0.6812846064567566
YJL146W,YML128C,1,-5.928739,0.11824566125869751,0.9136212468147278,0.6812846064567566
YOR157C,YLR442C,0,-5.929031,0.1182287186384201,0.9136212468147278,0.6813953518867493
YBR093C,YDL093W,0,-5.929227,0.1182117760181427,0.9136212468147278,0.6815060973167419
YLR095C,YNL098C,0,-5.9294686,0.11819484084844589,0.9136212468147278,0.6816168427467346
YGL021W,YMR260C,0,-5.929869,0.11817791312932968,0.9136212468147278,0.6817275881767273
YKR072C,YGL227W,0,-5.930358,0.11816098541021347,0.9136212468147278,0.68183833360672
YGR121C,YJR127C,0,-5.9304442,0.11814406514167786,0.9136212468147278,0.6819490790367126
YPL022W,YFL037W,1,-5.9305043,0.11827033013105392,0.9147287011146545,0.6819490790367126
YPL212C,YBR293W,0,-5.930507,0.11825340241193771,0.9147287011146545,0.6820598244667053
YGR199W,YOR224C,0,-5.9305243,0.1182364746928215,0.9147287011146545,0.682170569896698
YLR214W,YKL186C,0,-5.9311357,0.11821954697370529,0.9147287011146545,0.6822812557220459
YDR150W,YGR128C,0,-5.9311795,0.11820263415575027,0.9147287011146545,0.6823920011520386
YDR394W,YBR228W,0,-5.9313045,0.11818572133779526,0.9147287011146545,0.6825027465820312
YPL228W,YIL051C,0,-5.931679,0.11816881597042084,0.9147287011146545,0.6826134920120239
YJL014W,YIL097W,0,-5.9317427,0.11815191060304642,0.9147287011146545,0.6827242374420166
YOR023C,YJL001W,0,-5.9317975,0.1181350126862526,0.9147287011146545,0.6828349828720093
YNL029C,YGL255W,0,-5.931829,0.11811811476945877,0.9147287011146545,0.682945728302002
YNL223W,YLR295C,0,-5.932164,0.11810123175382614,0.9147287011146545,0.6830564737319946
YKL117W,YJR049C,0,-5.932489,0.11808434873819351,0.9147287011146545,0.6831672191619873
YDL231C,YAL051W,0,-5.9329333,0.11806746572256088,0.9147287011146545,0.68327796459198
YBR121C,YMR008C,0,-5.933084,0.11805059015750885,0.9147287011146545,0.6833887100219727
YLR220W,YLR022C,0,-5.933902,0.11803372204303741,0.9147287011146545,0.6834994554519653
YNL029C,YOR001W,0,-5.9340034,0.11801686137914658,0.9147287011146545,0.683610200881958
YER149C,YDL190C,0,-5.934092,0.11800000071525574,0.9147287011146545,0.6837209463119507
YFR021W,YNL231C,0,-5.9341736,0.1179831475019455,0.9147287011146545,0.6838316917419434
YLR256W,YBL024W,0,-5.9346013,0.11796629428863525,0.9147287011146545,0.683942437171936
YMR220W,YDR268W,0,-5.935234,0.11794944852590561,0.9147287011146545,0.6840531826019287
YMR240C,YCL035C,0,-5.9362082,0.11793261021375656,0.9147287011146545,0.6841638684272766
YBR274W,YGR128C,0,-5.936891,0.11791577190160751,0.9147287011146545,0.6842746138572693
YNL142W,YMR293C,0,-5.93747,0.11789894104003906,0.9147287011146545,0.684385359287262
YFL059W,YML034W,0,-5.9381986,0.11788211762905121,0.9147287011146545,0.6844961047172546
YML078W,YJR069C,0,-5.938218,0.11786529421806335,0.9147287011146545,0.6846068501472473
YPL075W,YIR006C,0,-5.9382606,0.1178484782576561,0.9147287011146545,0.68471759557724
YOL080C,YMR218C,0,-5.938993,0.11783166974782944,0.9147287011146545,0.6848283410072327
YOR326W,YOL010W,0,-5.939112,0.11781486123800278,0.9147287011146545,0.6849390864372253
YIL038C,YPL212C,0,-5.9391413,0.11779806017875671,0.9147287011146545,0.685049831867218
YPL170W,YER054C,0,-5.9391627,0.11778126657009125,0.9147287011146545,0.6851605772972107
YIL149C,YLR212C,0,-5.94047,0.11776447296142578,0.9147287011146545,0.6852713227272034
YLR314C,YGL169W,0,-5.94113,0.11774768680334091,0.9147287011146545,0.685382068157196
YKR028W,YBL075C,0,-5.9411583,0.11773090064525604,0.9147287011146545,0.6854928135871887
YLR214W,YDL213C,0,-5.9412646,0.11771412193775177,0.9147287011146545,0.6856035590171814
YHR107C,YJL054W,0,-5.9424,0.1176973506808281,0.9147287011146545,0.6857143044471741
YJL024C,YDR103W,0,-5.942454,0.11768057942390442,0.9147287011146545,0.6858250498771667
YPR190C,YDR450W,0,-5.942596,0.11766381561756134,0.9147287011146545,0.6859357953071594
YOR298C-A,YMR243C,0,-5.9427767,0.11764705926179886,0.9147287011146545,0.6860465407371521
YOL051W,YBR133C,0,-5.942831,0.11763030290603638,0.9147287011146545,0.6861572265625
YLR095C,YDR172W,0,-5.943058,0.11761355400085449,0.9147287011146545,0.6862679719924927
YDL208W,YLR014C,0,-5.9431825,0.1175968125462532,0.9147287011146545,0.6863787174224854
YDL212W,YML034W,0,-5.9433575,0.11758007109165192,0.9147287011146545,0.686489462852478
YEL009C,YOR274W,0,-5.9450116,0.11756333708763123,0.9147287011146545,0.6866002082824707
YPL270W,YJL047C,0,-5.945443,0.11754660308361053,0.9147287011146545,0.6867109537124634
YGR108W,YOR014W,1,-5.945702,0.11767216771841049,0.9158360958099365,0.6867109537124634
YEL065W,YNL064C,0,-5.9458737,0.1176554262638092,0.9158360958099365,0.686821699142456
YLR228C,YDR450W,0,-5.9459643,0.11763869225978851,0.9158360958099365,0.6869324445724487
YNL229C,YJR049C,0,-5.9459915,0.11762195825576782,0.9158360958099365,0.6870431900024414
YOL060C,YMR236W,0,-5.948331,0.11760523170232773,0.9158360958099365,0.6871539354324341
YJL003W,YNL031C,0,-5.9484334,0.11758851259946823,0.9158360958099365,0.6872646808624268
YDL085W,YGL097W,0,-5.948925,0.11757179349660873,0.9158360958099365,0.6873754262924194
YDR300C,YBR293W,0,-5.949035,0.11755508184432983,0.9158360958099365,0.6874861717224121
YKR022C,YIL017C,0,-5.949528,0.11753837764263153,0.9158360958099365,0.6875969171524048
YMR173W,YBR040W,0,-5.94987,0.11752167344093323,0.9158360958099365,0.6877076625823975
YKL176C,YLR288C,0,-5.9502983,0.11750497668981552,0.9158360958099365,0.6878184080123901
YBL020W,YIL018W,0,-5.9507265,0.11748827993869781,0.9158360958099365,0.6879291534423828
YDR300C,YJL192C,0,-5.9510207,0.1174715906381607,0.9158360958099365,0.6880398392677307
YKL001C,YLR442C,0,-5.951058,0.1174549087882042,0.9158360958099365,0.6881505846977234
YPL096W,YKR056W,0,-5.952344,0.11743822693824768,0.9158360958099365,0.6882613301277161
YNR072W,YDR418W,0,-5.9524283,0.11742155253887177,0.9158360958099365,0.6883720755577087
YJL081C,YCR028C-A,0,-5.9526687,0.11740488559007645,0.9158360958099365,0.6884828209877014
YGL169W,YOR132W,0,-5.952829,0.11738821864128113,0.9158360958099365,0.6885935664176941
YGR267C,YDL216C,0,-5.9529185,0.1173715591430664,0.9158360958099365,0.6887043118476868
YCR082W,YBR205W,0,-5.953352,0.11735489964485168,0.9158360958099365,0.6888150572776794
YMR161W,YGR104C,0,-5.9545436,0.11733825504779816,0.9158360958099365,0.6889258027076721
YJR078W,YGR007W,0,-5.955342,0.11732160300016403,0.9158360958099365,0.6890365481376648
YOR188W,YDL040C,0,-5.955443,0.1173049658536911,0.9158360958099365,0.6891472935676575
YMR316W,YAR007C,0,-5.955544,0.11728832870721817,0.9158360958099365,0.6892580389976501
YMR285C,YFR051C,0,-5.9576173,0.11727169901132584,0.9158360958099365,0.6893687844276428
YOL042W,YGR279C,0,-5.957634,0.1172550693154335,0.9158360958099365,0.6894795298576355
YEL009C,YDL111C,0,-5.957875,0.11723844707012177,0.9158360958099365,0.6895902752876282
YOL021C,YPL007C,0,-5.958413,0.11722182482481003,0.9158360958099365,0.6897010207176208
YLR214W,YLR181C,0,-5.9589686,0.11720521748065948,0.9158360958099365,0.6898117661476135
YJL196C,YDR450W,0,-5.9596353,0.11718861013650894,0.9158360958099365,0.6899224519729614
YMR285C,YER151C,0,-5.9604273,0.1171720027923584,0.9158360958099365,0.6900331974029541
YIL098C,YDR302W,0,-5.9605703,0.11715540289878845,0.9158360958099365,0.6901439428329468
YGR156W,YJL036W,0,-5.9608407,0.1171388104557991,0.9158360958099365,0.6902546882629395
YPL228W,YBL008W,0,-5.9610653,0.11712221801280975,0.9158360958099365,0.6903654336929321
YBR072W,YLR452C,0,-5.961163,0.117105633020401,0.9158360958099365,0.6904761791229248
YDL030W,YDR353W,0,-5.961437,0.11708905547857285,0.9158360958099365,0.6905869245529175
YAL053W,YBR154C,0,-5.9616756,0.11707247793674469,0.9158360958099365,0.6906976699829102
YGL054C,YDR160W,0,-5.96177,0.11705590784549713,0.9158360958099365,0.6908084154129028
YOR198C,YJL146W,1,-5.9620605,0.11718086898326874,0.9169435501098633,0.6908084154129028
YDL102W,YKL179C,0,-5.9624286,0.11716428399085999,0.9169435501098633,0.6909191608428955
YHL048W,YHR118C,0,-5.963138,0.11714770644903183,0.9169435501098633,0.6910299062728882
YMR235C,YPR074C,0,-5.964109,0.11713113635778427,0.9169435501098633,0.6911406517028809
YAL040C,YMR293C,0,-5.9643426,0.11711456626653671,0.9169435501098633,0.6912513971328735
YPR034W,YDR268W,0,-5.964372,0.11709800362586975,0.9169435501098633,0.6913621425628662
YNR027W,YOR297C,0,-5.9644146,0.11708144843578339,0.9169435501098633,0.6914728879928589
YPR128C,YGL207W,0,-5.964476,0.11706489324569702,0.9169435501098633,0.6915836334228516
YFR033C,YDL081C,0,-5.964686,0.11704834550619125,0.9169435501098633,0.6916943788528442
YMR083W,YPR161C,0,-5.9647794,0.11703180521726608,0.9169435501098633,0.6918050646781921
YBR109C,YKL108W,0,-5.9656606,0.11701526492834091,0.9169435501098633,0.6919158101081848
YDL111C,YLL024C,0,-5.9659953,0.11699872463941574,0.9169435501098633,0.6920265555381775
YEL022W,YBL057C,0,-5.966224,0.11698219925165176,0.9169435501098633,0.6921373009681702
YML004C,YCL010C,0,-5.966698,0.11696567386388779,0.9169435501098633,0.6922480463981628
YKL117W,YDR077W,0,-5.9667153,0.1169491559267044,0.9169435501098633,0.6923587918281555
YFR033C,YDR145W,0,-5.9669414,0.11693263798952103,0.9169435501098633,0.6924695372581482
YLR401C,YPR074C,0,-5.967158,0.11691612750291824,0.9169435501098633,0.6925802826881409
YJL178C,YML034W,0,-5.967356,0.11689961701631546,0.9169435501098633,0.6926910281181335
YNL059C,YDR017C,0,-5.968088,0.11688311398029327,0.9169435501098633,0.6928017735481262
YER054C,YBL057C,0,-5.9682493,0.11686661839485168,0.9169435501098633,0.6929125189781189
YBR245C,YOR085W,0,-5.968925,0.11685013025999069,0.9169435501098633,0.6930232644081116
YNL031C,YOR109W,0,-5.969619,0.1168336421251297,0.9169435501098633,0.6931340098381042
YJL020C,YDR145W,0,-5.9699554,0.11681715399026871,0.9169435501098633,0.6932447552680969
YBR102C,YGL227W,0,-5.970199,0.11680068075656891,0.9169435501098633,0.6933555006980896
YOR335C,YDL231C,0,-5.9703383,0.11678420007228851,0.9169435501098633,0.6934662461280823
YDR123C,YJL190C,0,-5.970406,0.11676773428916931,0.9169435501098633,0.693576991558075
YBR133C,YGL115W,0,-5.9706707,0.11675126850605011,0.9169435501098633,0.6936877369880676
YDL111C,YLR181C,0,-5.970816,0.1167348101735115,0.9169435501098633,0.6937984228134155
YNL231C,YMR314W,0,-5.9708405,0.1167183518409729,0.9169435501098633,0.6939091682434082
YIL004C,YDR259C,0,-5.9708924,0.11670190095901489,0.9169435501098633,0.6940199136734009
YER155C,YDR062W,0,-5.9714513,0.11668545752763748,0.9169435501098633,0.6941306591033936
YPR100W,YNL197C,0,-5.971464,0.11666901409626007,0.9169435501098633,0.6942414045333862
YLR056W,YGL070C,0,-5.971521,0.11665257811546326,0.9169435501098633,0.6943521499633789
YGL019W,YDR418W,0,-5.9717555,0.11663614958524704,0.9169435501098633,0.6944628953933716
YER119C,YER155C,0,-5.971853,0.11661972105503082,0.9169435501098633,0.6945736408233643
YML081C-A,YER112W,0,-5.9718757,0.1166032925248146,0.9169435501098633,0.6946843862533569
YER107C,YPL159C,0,-5.9725432,0.11658687889575958,0.9169435501098633,0.6947951316833496
YPL075W,YDL213C,0,-5.972838,0.11657046526670456,0.9169435501098633,0.6949058771133423
YER053C,YPL218W,0,-5.973652,0.11655405163764954,0.9169435501098633,0.695016622543335
YIL018W,YMR067C,0,-5.9737344,0.1165376529097557,0.9169435501098633,0.6951273679733276
YNL029C,YDL078C,0,-5.974506,0.11652124673128128,0.9169435501098633,0.6952381134033203
YLR353W,YDL081C,0,-5.974522,0.11650485545396805,0.9169435501098633,0.695348858833313
YPR190C,YDR082W,0,-5.9747343,0.11648846417665482,0.9169435501098633,0.6954596042633057
YOR371C,YKL058W,0,-5.9752717,0.11647208034992218,0.9169435501098633,0.6955703496932983
YDR148C,YNL206C,0,-5.9752955,0.11645569652318954,0.9169435501098633,0.6956810355186462
YDR093W,YPL086C,0,-5.975303,0.1164393201470375,0.9169435501098633,0.6957917809486389
YLR328W,YIL017C,0,-5.975467,0.11642294377088547,0.9169435501098633,0.6959025263786316
YDR101C,YOL094C,0,-5.975739,0.11640658229589462,0.9169435501098633,0.6960132718086243
YOR147W,YBR061C,0,-5.9758105,0.11639021337032318,0.9169435501098633,0.6961240172386169
YHR055C,YDR268W,0,-5.976304,0.11637385934591293,0.9169435501098633,0.6962347626686096
YMR264W,YJR019C,0,-5.976761,0.11635750532150269,0.9169435501098633,0.6963455080986023
YHL048W,YDL111C,0,-5.9769006,0.11634115129709244,0.9169435501098633,0.696456253528595
YLR347C,YLR176C,0,-5.977011,0.11632481217384338,0.9169435501098633,0.6965669989585876
YNR044W,YGR119C,0,-5.9771276,0.11630847305059433,0.9169435501098633,0.6966777443885803
YEL029C,YAL035W,0,-5.978042,0.11629213392734528,0.9169435501098633,0.696788489818573
YKL108W,YOL102C,0,-5.9783993,0.11627580225467682,0.9169435501098633,0.6968992352485657
YAL013W,YLR410W,0,-5.9786897,0.11625947803258896,0.9169435501098633,0.6970099806785583
YGR156W,YIL018W,0,-5.9788423,0.1162431538105011,0.9169435501098633,0.697120726108551
YLR401C,YOR281C,0,-5.9790072,0.11622683703899384,0.9169435501098633,0.6972314715385437
YMR240C,YDR093W,0,-5.979328,0.11621052771806717,0.9169435501098633,0.6973422169685364
YGR055W,YDR473C,0,-5.979715,0.1161942183971405,0.9169435501098633,0.697452962398529
YNL006W,YIL038C,0,-5.979896,0.11617791652679443,0.9169435501098633,0.697563648223877
YKR009C,YLL034C,0,-5.9801,0.11616161465644836,0.9169435501098633,0.6976743936538696
YEL029C,YDR238C,0,-5.9801993,0.11614532023668289,0.9169435501098633,0.6977851390838623
YGR156W,YDR057W,0,-5.980922,0.11612903326749802,0.9169435501098633,0.697895884513855
YIL004C,YPR161C,0,-5.9811215,0.11611274629831314,0.9169435501098633,0.6980066299438477
YAR042W,YOL138C,0,-5.981199,0.11609646677970886,0.9169435501098633,0.6981173753738403
YHR068W,YOR188W,0,-5.9813037,0.11608018726110458,0.9169435501098633,0.698228120803833
YDR245W,YBL024W,0,-5.981425,0.1160639226436615,0.9169435501098633,0.6983388662338257
YML116W,YPR033C,0,-5.9826837,0.11604765057563782,0.9169435501098633,0.6984496116638184
YPL212C,YDR172W,0,-5.984343,0.11603139340877533,0.9169435501098633,0.698560357093811
YBR274W,YPL086C,0,-5.984603,0.11601512879133224,0.9169435501098633,0.6986711025238037
YMR161W,YHR118C,0,-5.9848857,0.11599887907505035,0.9169435501098633,0.6987818479537964
YNL059C,YBR036C,0,-5.9850783,0.11598262935876846,0.9169435501098633,0.6988925933837891
YLR347C,YGL063W,0,-5.985609,0.11596638709306717,0.9169435501098633,0.6990033388137817
YGL014W,YGR214W,0,-5.986674,0.11595014482736588,0.9169435501098633,0.6991140842437744
YBR193C,YPL283C,0,-5.9867826,0.11593391001224518,0.9169435501098633,0.6992248296737671
YOR188W,YDL084W,0,-5.987271,0.11591768264770508,0.9169435501098633,0.6993355751037598
YHL019C,YDR158W,0,-5.9873385,0.11590145528316498,0.9169435501098633,0.6994462609291077
YJL196C,YJR144W,0,-5.9886875,0.11588523536920547,0.9169435501098633,0.6995570063591003
YMR235C,YBR095C,0,-5.989412,0.11586901545524597,0.9169435501098633,0.699667751789093
YKL182W,YER013W,0,-5.99014,0.11585280299186707,0.9169435501098633,0.6997784972190857
YPL170W,YMR035W,0,-5.991051,0.11583659797906876,0.9169435501098633,0.6998892426490784
YOR046C,YOR109W,0,-5.9911723,0.11582039296627045,0.9169435501098633,0.699999988079071
YDR243C,YDL212W,0,-5.9920173,0.11580419540405273,0.9169435501098633,0.7001107335090637
YMR042W,YJL020C,0,-5.9921355,0.11578800529241562,0.9169435501098633,0.7002214789390564
YOR326W,YDR450W,0,-5.992145,0.1157718151807785,0.9169435501098633,0.7003322243690491
YLR100W,YDR407C,0,-5.99254,0.11575562506914139,0.9169435501098633,0.7004429697990417
YPL228W,YOR157C,0,-5.9927273,0.11573944985866547,0.9169435501098633,0.7005537152290344
YPL170W,YCL033C,0,-5.992864,0.11572326719760895,0.9169435501098633,0.7006644606590271
YOR023C,YNL123W,0,-5.9930387,0.11570709943771362,0.9169435501098633,0.7007752060890198
YDR448W,YGL054C,0,-5.993051,0.1156909316778183,0.9169435501098633,0.7008859515190125
YPR033C,YJL100W,0,-5.993117,0.11567477136850357,0.9169435501098633,0.7009966969490051
YOL071W,YEL031W,0,-5.993691,0.11565861105918884,0.9169435501098633,0.7011074423789978
YGR085C,YOR132W,0,-5.9943147,0.11564245820045471,0.9169435501098633,0.7012181878089905
YEL022W,YBR121C,0,-5.9943686,0.11562631279230118,0.9169435501098633,0.7013289332389832
YNL094W,YGL136C,0,-5.9946184,0.11561016738414764,0.9169435501098633,0.701439619064331
YMR290C,YIR017C,0,-5.994776,0.11559402197599411,0.9169435501098633,0.7015503644943237
YDR238C,YBR198C,0,-5.995267,0.11557789146900177,0.9169435501098633,0.7016611099243164
YMR290C,YMR314W,0,-5.9956393,0.11556176096200943,0.9169435501098633,0.7017718553543091
YDR052C,YJR019C,0,-5.996264,0.11554563045501709,0.9169435501098633,0.7018826007843018
YJR158W,YDR450W,0,-5.996472,0.11552950739860535,0.9169435501098633,0.7019933462142944
YPR034W,YLR220W,0,-5.996653,0.1155133917927742,0.9169435501098633,0.7021040916442871
YNL219C,YMR042W,0,-5.99698,0.11549728363752365,0.9169435501098633,0.7022148370742798
YBL006C,YHR005C-A,0,-5.9970374,0.1154811680316925,0.9169435501098633,0.7023255825042725
YBR072W,YJR042W,0,-5.9979186,0.11546506732702255,0.9169435501098633,0.7024363279342651
YLR131C,YLR347C,0,-5.9988246,0.1154489666223526,0.9169435501098633,0.7025470733642578
YML004C,YEL032W,0,-5.999137,0.11543287336826324,0.9169435501098633,0.7026578187942505
YMR190C,YPL042C,1,-5.999192,0.11555617302656174,0.9180509448051453,0.7026578187942505
YMR229C,YOR049C,0,-5.999516,0.11554007232189178,0.9180509448051453,0.7027685642242432
YGL252C,YLL041C,0,-5.9997272,0.11552397161722183,0.9180509448051453,0.7028793096542358
YOR326W,YDR324C,0,-6.000404,0.11550787091255188,0.9180509448051453,0.7029900550842285
YDR118W,YGR267C,0,-6.0010543,0.11549177765846252,0.9180509448051453,0.7031008005142212
YLR052W,YGR095C,0,-6.001183,0.11547569185495377,0.9180509448051453,0.7032115459442139
YDR363W,YMR235C,0,-6.0013413,0.1154596135020256,0.9180509448051453,0.7033222317695618
YOL139C,YBL020W,0,-6.001611,0.11544353514909744,0.9180509448051453,0.7034329771995544
YKL152C,YDR017C,0,-6.001695,0.11542745679616928,0.9180509448051453,0.7035437226295471
YGL111W,YOL094C,0,-6.0022187,0.11541138589382172,0.9180509448051453,0.7036544680595398
YPR135W,YNL138W,0,-6.0023704,0.11539532244205475,0.9180509448051453,0.7037652134895325
YOR326W,YNR048W,0,-6.0027785,0.11537925899028778,0.9180509448051453,0.7038759589195251
YLR368W,YGR280C,0,-6.0033684,0.11536320298910141,0.9180509448051453,0.7039867043495178
YGL012W,YBR212W,0,-6.0037704,0.11534715443849564,0.9180509448051453,0.7040974497795105
YLR141W,YKL035W,0,-6.004333,0.11533110588788986,0.9180509448051453,0.7042081952095032
YNL219C,YFR033C,0,-6.00471,0.11531506478786469,0.9180509448051453,0.7043189406394958
YPR124W,YCR028C-A,0,-6.005377,0.11529902368783951,0.9180509448051453,0.7044296860694885
YEL063C,YMR053C,0,-6.0056376,0.11528299003839493,0.9180509448051453,0.7045404314994812
YMR015C,YJL143W,0,-6.0061913,0.11526696383953094,0.9180509448051453,0.7046511769294739
YLR052W,YDR400W,0,-6.0067058,0.11525093764066696,0.9180509448051453,0.7047619223594666
YHR107C,YFR046C,0,-6.0067253,0.11523491889238358,0.9180509448051453,0.7048726677894592
YAL040C,YGL097W,0,-6.0081067,0.11521890014410019,0.9180509448051453,0.7049834132194519
YIL004C,YMR043W,0,-6.008259,0.1152028888463974,0.9180509448051453,0.7050941586494446
YKR009C,YBL079W,0,-6.008517,0.11518688499927521,0.9180509448051453,0.7052048444747925
YPL096W,YOR127W,0,-6.0090613,0.11517088115215302,0.9180509448051453,0.7053155899047852
YKL190W,YPR100W,0,-6.009237,0.11515488475561142,0.9180509448051453,0.7054263353347778
YBR110W,YDR479C,0,-6.0094113,0.11513888835906982,0.9180509448051453,0.7055370807647705
YJR155W,YLR231C,0,-6.0101213,0.11512289941310883,0.9180509448051453,0.7056478261947632
YDL074C,YJL094C,0,-6.01043,0.11510691791772842,0.9180509448051453,0.7057585716247559
YHL019C,YDL040C,0,-6.0116587,0.11509093642234802,0.9180509448051453,0.7058693170547485
YJL134W,YGL100W,0,-6.0119596,0.11507495492696762,0.9180509448051453,0.7059800624847412
YDR017C,YDL148C,0,-6.0125103,0.11505898833274841,0.9180509448051453,0.7060908079147339
YGR214W,YIL076W,0,-6.0128617,0.1150430217385292,0.9180509448051453,0.7062015533447266
YML116W,YBL024W,0,-6.0129113,0.11502705514431,0.9180509448051453,0.7063122987747192
YNL031C,YDL134C,0,-6.0138726,0.11501109600067139,0.9180509448051453,0.7064230442047119
YMR043W,YLR328W,0,-6.0140443,0.11499514430761337,0.9180509448051453,0.7065337896347046
YKL190W,YGR147C,0,-6.014601,0.11497919261455536,0.9180509448051453,0.7066445350646973
YPL086C,YML088W,0,-6.0153832,0.11496324837207794,0.9180509448051453,0.7067552804946899
YNL279W,YKL081W,0,-6.0155816,0.11494731158018112,0.9180509448051453,0.7068660259246826
YIL042C,YFR051C,0,-6.0156727,0.1149313747882843,0.9180509448051453,0.7069767713546753
YJR025C,YDL231C,0,-6.0162015,0.11491544544696808,0.9180509448051453,0.7070874571800232
YKL051W,YER116C,0,-6.0175104,0.11489951610565186,0.9180509448051453,0.7071982026100159
YHR120W,YNL113W,0,-6.0175443,0.11488359421491623,0.9180509448051453,0.7073089480400085
YDL134C,YAR042W,0,-6.0178847,0.1148676723241806,0.9180509448051453,0.7074196934700012
YER133W,YPL139C,1,-6.018764,0.11499030143022537,0.9191583395004272,0.7074196934700012
YNR008W,YMR112C,0,-6.0190587,0.11497437208890915,0.9191583395004272,0.7075304388999939
YPR017C,YBR296C,0,-6.0200458,0.11495845019817352,0.9191583395004272,0.7076411843299866
YKL015W,YGR128C,0,-6.020171,0.1149425283074379,0.9191583395004272,0.7077519297599792
YJR127C,YKR014C,0,-6.0203037,0.11492661386728287,0.9191583395004272,0.7078626751899719
YGL136C,YDR400W,0,-6.0203576,0.11491069942712784,0.9191583395004272,0.7079734206199646
YGR078C,YCR073C,0,-6.0209255,0.1148947924375534,0.9191583395004272,0.7080841660499573
YDR422C,YML021C,0,-6.020976,0.11487889289855957,0.9191583395004272,0.70819491147995
YHR157W,YPL042C,1,-6.0211425,0.115001380443573,0.920265793800354,0.70819491147995
YBR121C,YDL077C,0,-6.021166,0.11498547345399857,0.920265793800354,0.7083056569099426
YGR108W,YOR354C,1,-6.021301,0.11510791629552841,0.921373188495636,0.7083056569099426
YNR072W,YMR260C,0,-6.0213237,0.11509198695421219,0.921373188495636,0.7084164023399353
YOR232W,YOR003W,0,-6.021552,0.11507607251405716,0.921373188495636,0.708527147769928
YMR083W,YMR234W,0,-6.0226026,0.11506015807390213,0.921373188495636,0.7086378931999207
YEL009C,YKL176C,0,-6.0241485,0.1150442510843277,0.921373188495636,0.7087486386299133
YOL021C,YMR236W,0,-6.0246673,0.11502834409475327,0.921373188495636,0.708859384059906
YLR220W,YOR256C,0,-6.0251455,0.11501244455575943,0.921373188495636,0.7089700698852539
YHR114W,YLR223C,0,-6.0253925,0.1149965450167656,0.921373188495636,0.7090808153152466
YHR086W,YDL064W,0,-6.0263114,0.11498065292835236,0.921373188495636,0.7091915607452393
YLR069C,YEL031W,0,-6.0263534,0.11496476083993912,0.921373188495636,0.7093023061752319
YDR363W,YIL018W,0,-6.0278063,0.11494888365268707,0.921373188495636,0.7094130516052246
YLL009C,YLR429W,0,-6.028497,0.11493299901485443,0.921373188495636,0.7095237970352173
YML128C,YML095C,1,-6.0294538,0.11505524814128876,0.9224806427955627,0.7095237970352173
YMR043W,YDR150W,0,-6.0299525,0.11503935605287552,0.9224806427955627,0.70963454246521
YNL029C,YGR279C,0,-6.030102,0.11502347141504288,0.9224806427955627,0.7097452878952026
YDL099W,YEL015W,0,-6.0305753,0.11500759422779083,0.9224806427955627,0.7098560333251953
YLR452C,YKR014C,0,-6.0307727,0.11499171704053879,0.9224806427955627,0.709966778755188
YLR238W,YLL034C,0,-6.030831,0.11497584730386734,0.9224806427955627,0.7100775241851807
YNL258C,YDR400W,0,-6.032551,0.11495997756719589,0.9224806427955627,0.7101882696151733
YOR188W,YKR046C,0,-6.032714,0.11494411528110504,0.9224806427955627,0.710299015045166
YOR133W,YOR188W,0,-6.0334396,0.11492825299501419,0.9224806427955627,0.7104097604751587
YPL167C,YIL138C,0,-6.034338,0.11491239815950394,0.9224806427955627,0.7105205059051514
YHR074W,YGL210W,0,-6.0343404,0.11489655077457428,0.9224806427955627,0.710631251335144
YDR175C,YDL076C,0,-6.034542,0.11488070338964462,0.9224806427955627,0.7107419967651367
YGR055W,YDR243C,0,-6.0352864,0.11486486345529556,0.9224806427955627,0.7108527421951294
YNL094W,YDR296W,0,-6.035565,0.1148490309715271,0.9224806427955627,0.7109634280204773
YJL014W,YDR302W,0,-6.0361323,0.11483319848775864,0.9224806427955627,0.71107417345047
YNL286W,YLL041C,0,-6.036961,0.11481736600399017,0.9224806427955627,0.7111849188804626
YLR228C,YMR234W,0,-6.037809,0.11480154097080231,0.9224806427955627,0.7112956643104553
YGL012W,YMR143W,0,-6.038421,0.11478572338819504,0.9224806427955627,0.711406409740448
YDR385W,YPL046C,0,-6.038514,0.11476990580558777,0.9224806427955627,0.7115171551704407
YPL022W,YMR190C,1,-6.038526,0.11489185690879822,0.9235880374908447,0.7115171551704407
YNR046W,YKL041W,0,-6.038718,0.11487603187561035,0.9235880374908447,0.7116279006004333
YNR034W,YGL207W,0,-6.038896,0.11486021429300308,0.9235880374908447,0.711738646030426
YKL073W,YJR019C,0,-6.039335,0.11484439671039581,0.9235880374908447,0.7118493914604187
YPL212C,YDL212W,0,-6.0393724,0.11482858657836914,0.9235880374908447,0.7119601368904114
YAR031W,YOR119C,0,-6.0399003,0.11481277644634247,0.9235880374908447,0.712070882320404
YJL178C,YDL216C,0,-6.0400643,0.11479697376489639,0.9235880374908447,0.7121816277503967
YML091C,YDL064W,0,-6.0406065,0.11478117108345032,0.9235880374908447,0.7122923731803894
YGL019W,YKR046C,0,-6.0411925,0.11476537585258484,0.9235880374908447,0.7124031186103821
YIL026C,YER151C,0,-6.041407,0.11474958807229996,0.9235880374908447,0.7125138640403748
YDL134C,YBR030W,0,-6.04142,0.11473380029201508,0.9235880374908447,0.7126246094703674
YGL111W,YBR082C,0,-6.041671,0.11471801996231079,0.9235880374908447,0.7127353549003601
YDL137W,YMR112C,0,-6.041688,0.1147022396326065,0.9235880374908447,0.712846040725708
YIL035C,YMR293C,0,-6.0422373,0.11468646675348282,0.9235880374908447,0.7129567861557007
YDR382W,YER111C,0,-6.0424743,0.11467070132493973,0.9235880374908447,0.7130675315856934
YLR186W,YDR400W,0,-6.042774,0.11465493589639664,0.9235880374908447,0.713178277015686
YGR108W,YOR229W,1,-6.0431304,0.11477663367986679,0.9246954321861267,0.713178277015686
YHR067W,YNR053C,0,-6.043135,0.1147608608007431,0.9246954321861267,0.7132890224456787
YMR276W,YNL031C,0,-6.0439487,0.11474508792161942,0.9246954321861267,0.7133997678756714
YHR021C,YMR156C,0,-6.0441556,0.11472932249307632,0.9246954321861267,0.7135105133056641
YPR171W,YNR039C,0,-6.044271,0.11471355706453323,0.9246954321861267,0.7136212587356567
YBR110W,YCR028C-A,0,-6.044494,0.11469779908657074,0.9246954321861267,0.7137320041656494
YBL006C,YDR296W,0,-6.0449553,0.11468204855918884,0.9246954321861267,0.7138427495956421
YEL063C,YPL155C,0,-6.045213,0.11466629803180695,0.9246954321861267,0.7139534950256348
YLR429W,YLR056W,0,-6.0455685,0.11465055495500565,0.9246954321861267,0.7140642404556274
YNL041C,YBR082C,0,-6.045918,0.11463481932878494,0.9246954321861267,0.7141749858856201
YMR188C,YIL048W,0,-6.04603,0.11461908370256424,0.9246954321861267,0.7142857313156128
YOR315W,YGR128C,0,-6.046377,0.11460334807634354,0.9246954321861267,0.7143964767456055
YDR091C,YDR346C,0,-6.0468135,0.11458761990070343,0.9246954321861267,0.7145072221755981
YPR034W,YOR232W,0,-6.0469866,0.11457189917564392,0.9246954321861267,0.7146179676055908
YGL019W,YDR518W,0,-6.047359,0.11455617845058441,0.9246954321861267,0.7147286534309387
YPL274W,YBR097W,0,-6.0473638,0.1145404651761055,0.9246954321861267,0.7148393988609314
YPR171W,YOR185C,0,-6.0478806,0.11452475935220718,0.9246954321861267,0.7149501442909241
YLR429W,YDR279W,0,-6.048088,0.11450905352830887,0.9246954321861267,0.7150608897209167
YOR074C,YKL074C,0,-6.048261,0.11449334770441055,0.9246954321861267,0.7151716351509094
YCR034W,YCR073C,0,-6.048864,0.11447764933109283,0.9246954321861267,0.7152823805809021
YIL042C,YDL185W,0,-6.048906,0.11446195840835571,0.9246954321861267,0.7153931260108948
YIL004C,YGR135W,0,-6.0491457,0.11444627493619919,0.9246954321861267,0.7155038714408875
YNL286W,YFR008W,0,-6.049214,0.11443059146404266,0.9246954321861267,0.7156146168708801
YGL245W,YBR293W,0,-6.049397,0.11441490799188614,0.9246954321861267,0.7157253623008728
YFR046C,YEL002C,0,-6.0498013,0.11439923197031021,0.9246954321861267,0.7158361077308655
YHR114W,YNL085W,0,-6.050594,0.11438356339931488,0.9246954321861267,0.7159468531608582
YLR109W,YDR211W,0,-6.0510116,0.11436789482831955,0.9246954321861267,0.7160575985908508
YNL094W,YGL245W,0,-6.0511084,0.11435223370790482,0.9246954321861267,0.7161683440208435
YPR006C,YOR132W,0,-6.0511303,0.11433657258749008,0.9246954321861267,0.7162790894508362
YNR046W,YDR407C,0,-6.051139,0.11432091891765594,0.9246954321861267,0.7163898348808289
YJR155W,YBR202W,0,-6.0512414,0.1143052726984024,0.9246954321861267,0.7165005803108215
YBL019W,YDR077W,0,-6.0516205,0.11428962647914886,0.9246954321861267,0.7166112661361694
YFR021W,YMR015C,0,-6.052013,0.11427398025989532,0.9246954321861267,0.7167220115661621
YDR062W,YLL003W,0,-6.052792,0.11425834894180298,0.9246954321861267,0.7168327569961548
YDR389W,YDR172W,0,-6.053034,0.11424271762371063,0.9246954321861267,0.7169435024261475
YDR158W,YLL034C,0,-6.053143,0.11422708630561829,0.9246954321861267,0.7170542478561401
YKL182W,YIL031W,0,-6.0533266,0.11421146243810654,0.9246954321861267,0.7171649932861328
YOR298C-A,YKL019W,0,-6.053689,0.11419584602117538,0.9246954321861267,0.7172757387161255
YKL019W,YJL093C,0,-6.0537057,0.11418022960424423,0.9246954321861267,0.7173864841461182
YGR091W,YDL185W,0,-6.0553093,0.11416461318731308,0.9246954321861267,0.7174972295761108
YNL085W,YFR051C,0,-6.0553513,0.11414901167154312,0.9246954321861267,0.7176079750061035
YIL097W,YOL124C,0,-6.0557837,0.11413340270519257,0.9246954321861267,0.7177187204360962
YDR421W,YLR371W,0,-6.055981,0.1141178086400032,0.9246954321861267,0.7178294658660889
YGL054C,YGL169W,0,-6.0560384,0.11410221457481384,0.9246954321861267,0.7179402112960815
YJR119C,YOR361C,0,-6.0566573,0.11408662050962448,0.9246954321861267,0.7180509567260742
YGR091W,YPL274W,0,-6.057649,0.11407104134559631,0.9246954321861267,0.7181617021560669
YNL103W,YPL093W,0,-6.0580297,0.11405545473098755,0.9246954321861267,0.7182724475860596
YOL165C,YNL031C,0,-6.058215,0.11403988301753998,0.9246954321861267,0.7183831930160522
YER119C,YBR205W,0,-6.0583878,0.11402430385351181,0.9246954321861267,0.7184939384460449
YGR167W,YLR214W,0,-6.0586205,0.11400873959064484,0.9246954321861267,0.7186046242713928
YKL179C,YKR072C,0,-6.058685,0.11399317532777786,0.9246954321861267,0.7187153697013855
YNR027W,YLR100W,0,-6.0588512,0.11397761106491089,0.9246954321861267,0.7188261151313782
YNL117W,YMR243C,0,-6.0588603,0.11396206170320511,0.9246954321861267,0.7189368605613708
YMR220W,YJL117W,0,-6.0592747,0.11394650489091873,0.9246954321861267,0.7190476059913635
YJR069C,YGR055W,0,-6.0595584,0.11393095552921295,0.9246954321861267,0.7191583514213562
YGR244C,YPL007C,0,-6.059941,0.11391541361808777,0.9246954321861267,0.7192690968513489
YDR216W,YIL076W,0,-6.060316,0.11389987915754318,0.9246954321861267,0.7193798422813416
YPL007C,YKL041W,0,-6.0603547,0.1138843446969986,0.9246954321861267,0.7194905877113342
YJR144W,YLR410W,0,-6.06037,0.11386881023645401,0.9246954321861267,0.7196013331413269
YFR021W,YGR094W,0,-6.0604177,0.11385328322649002,0.9246954321861267,0.7197120785713196
YOR354C,YFL033C,1,-6.0609145,0.11397409439086914,0.9258028864860535,0.7197120785713196
YBR133C,YDL130W-A,0,-6.061847,0.11395855993032455,0.9258028864860535,0.7198228240013123
YEL034W,YPL206C,0,-6.063782,0.11394302546977997,0.9258028864860535,0.7199335694313049
YGR099W,YBR293W,0,-6.0640473,0.11392749845981598,0.9258028864860535,0.7200443148612976
YBL006C,YCL017C,0,-6.0646596,0.11391197890043259,0.9258028864860535,0.7201550602912903
YKL117W,YDR464W,0,-6.0647635,0.1138964593410492,0.9258028864860535,0.720265805721283
YPL137C,YPL244C,0,-6.0659614,0.1138809397816658,0.9258028864860535,0.7203765511512756
YIL051C,YNL294C,0,-6.0661254,0.1138654351234436,0.9258028864860535,0.7204872369766235
YDL099W,YDR245W,0,-6.0662236,0.11384992301464081,0.9258028864860535,0.7205979824066162
YGR216C,YLR328W,0,-6.066583,0.1138344258069992,0.9258028864860535,0.7207087278366089
YIL040W,YOL112W,0,-6.0666137,0.11381892114877701,0.9258028864860535,0.7208194732666016
YFL056C,YOR132W,0,-6.0671606,0.113803431391716,0.9258028864860535,0.7209302186965942
YMR276W,YLR403W,0,-6.067609,0.113787941634655,0.9258028864860535,0.7210409641265869
YDL004W,YOR056C,0,-6.0686526,0.113772451877594,0.9258028864860535,0.7211517095565796
YOR168W,YDR247W,0,-6.06914,0.11375697702169418,0.9258028864860535,0.7212624549865723
YPL237W,YLR386W,0,-6.0691495,0.11374149471521378,0.9258028864860535,0.7213732004165649
YLR016C,YJL045W,0,-6.071563,0.11372602730989456,0.9258028864860535,0.7214839458465576
YNL113W,YIL075C,0,-6.0723834,0.11371055245399475,0.9258028864860535,0.7215946912765503
YDR188W,YIR017C,0,-6.072954,0.11369509249925613,0.9258028864860535,0.721705436706543
YLR207W,YMR229C,0,-6.073076,0.11367963254451752,0.9258028864860535,0.7218161821365356
YGL166W,YAL017W,0,-6.074552,0.1136641725897789,0.9258028864860535,0.7219269275665283
YOR232W,YDR443C,0,-6.0745974,0.11364872008562088,0.9258028864860535,0.722037672996521
YCL051W,YLR410W,0,-6.074914,0.11363327503204346,0.9258028864860535,0.7221484184265137
YNL258C,YCL035C,0,-6.0753274,0.11361782997846603,0.9258028864860535,0.7222591638565063
YKL179C,YMR043W,0,-6.075867,0.11360239237546921,0.9258028864860535,0.7223698496818542
YMR188C,YKR048C,0,-6.07616,0.11358695477247238,0.9258028864860535,0.7224805951118469
YLL024C,YDR057W,0,-6.0762076,0.11357152462005615,0.9258028864860535,0.7225913405418396
YOR133W,YNR072W,0,-6.0767627,0.11355610191822052,0.9258028864860535,0.7227020859718323
YNL094W,YOR297C,0,-6.077258,0.11354067921638489,0.9258028864860535,0.722812831401825
YKL117W,YKR014C,0,-6.0773044,0.11352525651454926,0.9258028864860535,0.7229235768318176
YPL170W,YKL054C,0,-6.077756,0.11350984126329422,0.9258028864860535,0.7230343222618103
YJL081C,YGR085C,0,-6.0782485,0.11349443346261978,0.9258028864860535,0.723145067691803
YKL019W,YGR270W,0,-6.078591,0.11347902566194534,0.9258028864860535,0.7232558131217957
YDR258C,YBR294W,0,-6.0786176,0.1134636253118515,0.9258028864860535,0.7233665585517883
YOL094C,YOR076C,0,-6.0793304,0.11344823241233826,0.9258028864860535,0.723477303981781
YNL219C,YNL142W,0,-6.079463,0.11343283951282501,0.9258028864860535,0.7235880494117737
YGL012W,YCR098C,0,-6.0799804,0.11341744661331177,0.9258028864860535,0.7236987948417664
YLR131C,YGL255W,0,-6.080628,0.11340206116437912,0.9258028864860535,0.723809540271759
YER174C,YEL034W,0,-6.0807066,0.11338668316602707,0.9258028864860535,0.7239202857017517
YEL063C,YPR131C,0,-6.0808167,0.11337130516767502,0.9258028864860535,0.7240310311317444
YER045C,YJR050W,0,-6.0813413,0.11335593461990356,0.9258028864860535,0.7241417765617371
YOR326W,YOR256C,0,-6.0813723,0.11334056407213211,0.9258028864860535,0.724252462387085
YOR185C,YDR279W,0,-6.081505,0.11332520097494125,0.9258028864860535,0.7243632078170776
YGR121C,YOR085W,0,-6.082478,0.1133098378777504,0.9258028864860535,0.7244739532470703
YMR173W,YDR150W,0,-6.0825233,0.11329448223114014,0.9258028864860535,0.724584698677063
YHR114W,YMR277W,0,-6.0828433,0.11327913403511047,0.9258028864860535,0.7246954441070557
YFR008W,YOL080C,0,-6.0833974,0.11326378583908081,0.9258028864860535,0.7248061895370483
YKR101W,YJL054W,0,-6.083441,0.11324844509363174,0.9258028864860535,0.724916934967041
YOL115W,YLR009W,0,-6.0840325,0.11323310434818268,0.9258028864860535,0.7250276803970337
YDR158W,YNR017W,0,-6.0843186,0.11321777105331421,0.9258028864860535,0.7251384258270264
YNL031C,YNL231C,0,-6.0843654,0.11320243775844574,0.9258028864860535,0.725249171257019
YGL252C,YOR069W,0,-6.084437,0.11318711191415787,0.9258028864860535,0.7253599166870117
YJR002W,YCR012W,0,-6.085484,0.11317178606987,0.9258028864860535,0.7254706621170044
YDL085W,YGL255W,0,-6.085796,0.11315646767616272,0.9258028864860535,0.7255814075469971
YJR025C,YLR254C,0,-6.0876036,0.11314115673303604,0.9258028864860535,0.7256921529769897
YLR069C,YPR187W,0,-6.087819,0.11312584578990936,0.9258028864860535,0.7258028984069824
YBR110W,YMR240C,0,-6.088282,0.11311054229736328,0.9258028864860535,0.7259136438369751
YGR188C,YKL081W,0,-6.0888247,0.1130952388048172,0.9258028864860535,0.7260243892669678
YIL004C,YDR296W,0,-6.0891623,0.11307994276285172,0.9258028864860535,0.7261351346969604
YBR015C,YGR095C,0,-6.0892835,0.11306464672088623,0.9258028864860535,0.7262458205223083
YBR133C,YLL002W,0,-6.0896916,0.11304935812950134,0.9258028864860535,0.726356565952301
YHR072W,YKL081W,0,-6.09099,0.11303406953811646,0.9258028864860535,0.7264673113822937
YBL008W,YDR407C,0,-6.0911736,0.11301878839731216,0.9258028864860535,0.7265780568122864
YLR438C-A,YAL030W,0,-6.0917306,0.11300351470708847,0.9258028864860535,0.726688802242279
YPR033C,YKR019C,0,-6.091948,0.11298824101686478,0.9258028864860535,0.7267995476722717
YLR214W,YNL085W,0,-6.092335,0.11297297477722168,0.9258028864860535,0.7269102931022644
YGR140W,YOL080C,0,-6.0925303,0.11295770853757858,0.9258028864860535,0.7270210385322571
YEL029C,YML051W,0,-6.0928416,0.11294244974851608,0.9258028864860535,0.7271317839622498
YKL038W,YDR394W,0,-6.0932674,0.11292719095945358,0.9258028864860535,0.7272425293922424
YHR191C,YNL197C,0,-6.093297,0.11291193962097168,0.9258028864860535,0.7273532748222351
YBR015C,YBR296C,0,-6.0935903,0.11289668828248978,0.9258028864860535,0.7274640202522278
YNR053C,YDR129C,0,-6.0936275,0.11288144439458847,0.9258028864860535,0.7275747656822205
YBR091C,YER151C,0,-6.0939126,0.11286620795726776,0.9258028864860535,0.7276855111122131
YGR214W,YDR238C,0,-6.094041,0.11285097151994705,0.9258028864860535,0.7277962565422058
YCL039W,YGR279C,0,-6.0941358,0.11283574253320694,0.9258028864860535,0.7279070019721985
YER107C,YDR296W,0,-6.0943756,0.11282051354646683,0.9258028864860535,0.7280177474021912
YIL097W,YNR053C,0,-6.0952806,0.11280529201030731,0.9258028864860535,0.7281284332275391
YIL035C,YML078W,0,-6.095288,0.1127900704741478,0.9258028864860535,0.7282391786575317
YEL061C,YOR133W,0,-6.0955405,0.11277485638856888,0.9258028864860535,0.7283499240875244
YIL149C,YPL212C,0,-6.0956445,0.11275964230298996,0.9258028864860535,0.7284606695175171
YDR062W,YKL058W,0,-6.095718,0.11274443566799164,0.9258028864860535,0.7285714149475098
YDR377W,YKL058W,0,-6.0957494,0.11272923648357391,0.9258028864860535,0.7286821603775024
YHR067W,YPL270W,0,-6.096084,0.11271403729915619,0.9258028864860535,0.7287929058074951
YNL286W,YDR201W,0,-6.0968175,0.11269883811473846,0.9258028864860535,0.7289036512374878
YDR062W,YKR046C,0,-6.0973372,0.11268364638090134,0.9258028864860535,0.7290143966674805
YJL074C,YPL139C,1,-6.0974565,0.11280323565006256,0.9269102811813354,0.7290143966674805
YPR135W,YGR199W,0,-6.0977616,0.11278803646564484,0.9269102811813354,0.7291251420974731
YLR220W,YBR175W,0,-6.0987515,0.11277283728122711,0.9269102811813354,0.7292358875274658
YER045C,YCR066W,0,-6.0996695,0.11275764554738998,0.9269102811813354,0.7293466329574585
YLR052W,YKL001C,0,-6.100283,0.11274245381355286,0.9269102811813354,0.7294573783874512
YOR373W,YJL093C,0,-6.1006923,0.11272726953029633,0.9269102811813354,0.7295681238174438
YBR217W,YDL148C,0,-6.1008835,0.11271209269762039,0.9269102811813354,0.7296788692474365
YML028W,YPL206C,0,-6.1030893,0.11269691586494446,0.9269102811813354,0.7297896146774292
YOR335C,YMR182C,0,-6.103992,0.11268174648284912,0.9269102811813354,0.7299003601074219
YML004C,YKR062W,0,-6.104947,0.11266657710075378,0.9269102811813354,0.7300110459327698
YPR124W,YOL028C,0,-6.10576,0.11265141516923904,0.9269102811813354,0.7301217913627625
YNL006W,YEL032W,0,-6.105955,0.1126362532377243,0.9269102811813354,0.7302325367927551
YOR030W,YLR186W,0,-6.106007,0.11262109875679016,0.9269102811813354,0.7303432822227478
YJL063C,YMR088C,0,-6.106449,0.11260594427585602,0.9269102811813354,0.7304540276527405
YLR009W,YGR013W,0,-6.106954,0.11259079724550247,0.9269102811813354,0.7305647730827332
YPL244C,YKL108W,0,-6.1075463,0.11257565766572952,0.9269102811813354,0.7306755185127258
YML081C-A,YNL085W,0,-6.1078486,0.11256051808595657,0.9269102811813354,0.7307862639427185
YBR110W,YCL035C,0,-6.108201,0.11254537850618362,0.9269102811813354,0.7308970093727112
YJL117W,YFR033C,0,-6.1083655,0.11253024637699127,0.9269102811813354,0.7310077548027039
YLR052W,YML091C,0,-6.108557,0.11251512169837952,0.9269102811813354,0.7311185002326965
YNR044W,YPL157W,0,-6.1087804,0.11249999701976776,0.9269102811813354,0.7312292456626892
YFL033C,YPL042C,1,-6.108842,0.11261927336454391,0.9280177354812622,0.7312292456626892
YLR369W,YDR346C,0,-6.1088796,0.11260414123535156,0.9280177354812622,0.7313399910926819
YAL053W,YBL018C,0,-6.1095634,0.11258900910615921,0.9280177354812622,0.7314507365226746
YLL043W,YDL120W,0,-6.109613,0.11257388442754745,0.9280177354812622,0.7315614819526672
YDR103W,YOL102C,0,-6.110073,0.1125587671995163,0.9280177354812622,0.7316722273826599
YGL166W,YER065C,0,-6.110357,0.11254364997148514,0.9280177354812622,0.7317829728126526
YNL326C,YHR074W,0,-6.1105146,0.11252853274345398,0.9280177354812622,0.7318936586380005
YEL061C,YGR135W,0,-6.111078,0.11251342296600342,0.9280177354812622,0.7320044040679932
YDR421W,YNL059C,0,-6.1111026,0.11249832063913345,0.9280177354812622,0.7321151494979858
YDL149W,YKL051W,0,-6.1113267,0.11248321831226349,0.9280177354812622,0.7322258949279785
YKR101W,YBR030W,0,-6.111363,0.11246812343597412,0.9280177354812622,0.7323366403579712
YBL005W,YLL024C,0,-6.1114984,0.11245303601026535,0.9280177354812622,0.7324473857879639
YDR377W,YBL063W,0,-6.1116204,0.11243794113397598,0.9280177354812622,0.7325581312179565
YPL231W,YPL240C,0,-6.112379,0.11242286115884781,0.9280177354812622,0.7326688766479492
YMR211W,YGR199W,0,-6.11251,0.11240778118371964,0.9280177354812622,0.7327796220779419
YDR036C,YDR434W,0,-6.112557,0.11239270120859146,0.9280177354812622,0.7328903675079346
YHR107C,YPL031C,0,-6.112597,0.11237762868404388,0.9280177354812622,0.7330011129379272
YLR238W,YEL034W,0,-6.1130023,0.1123625636100769,0.9280177354812622,0.7331118583679199
YOR198C,YER095W,1,-6.1130166,0.11248156428337097,0.9291251301765442,0.7331118583679199
YGR145W,YDR394W,0,-6.1136565,0.1124664843082428,0.9291251301765442,0.7332226037979126
YPL127C,YDR394W,0,-6.1144238,0.11245141178369522,0.9291251301765442,0.7333333492279053
YNR053C,YEL065W,0,-6.1147094,0.11243634670972824,0.9291251301765442,0.733444094657898
YPL244C,YOR232W,0,-6.115288,0.11242128163576126,0.9291251301765442,0.7335548400878906
YLR155C,YDR324C,0,-6.1155314,0.11240621656179428,0.9291251301765442,0.7336655855178833
YNL098C,YLR212C,0,-6.1160073,0.1123911589384079,0.9291251301765442,0.733776330947876
YGR267C,YIR006C,0,-6.116183,0.11237610131502151,0.9291251301765442,0.7338870167732239
YOR198C,YOR313C,1,-6.1165223,0.11249497532844543,0.930232584476471,0.7338870167732239
YJL042W,YBR015C,0,-6.1167064,0.11247991770505905,0.930232584476471,0.7339977622032166
YHR015W,YDR418W,0,-6.117022,0.11246485263109207,0.930232584476471,0.7341085076332092
YJL074C,YHR152W,1,-6.1172395,0.11258366703987122,0.9313399791717529,0.7341085076332092
YJL058C,YNR053C,0,-6.117289,0.11256860196590424,0.9313399791717529,0.7342192530632019
YCL035C,YPL032C,0,-6.1176724,0.11255353689193726,0.9313399791717529,0.7343299984931946
YMR276W,YKR014C,0,-6.1182275,0.11253847181797028,0.9313399791717529,0.7344407439231873
YKR022C,YLR410W,0,-6.1186075,0.11252341419458389,0.9313399791717529,0.7345514893531799
YCR082W,YOR061W,0,-6.1197963,0.1125083640217781,0.9313399791717529,0.7346622347831726
YBR193C,YGR055W,0,-6.1203704,0.11249331384897232,0.9313399791717529,0.7347729802131653
YMR276W,YJL134W,0,-6.121123,0.11247826367616653,0.9313399791717529,0.734883725643158
YGR133W,YIL018W,0,-6.1212363,0.11246322840452194,0.9313399791717529,0.7349944710731506
YAL051W,YKR046C,0,-6.12198,0.11244818568229675,0.9313399791717529,0.7351052165031433
YMR316W,YLR328W,0,-6.1220846,0.11243315786123276,0.9313399791717529,0.735215961933136
YBR142W,YDR057W,0,-6.1223636,0.11241812258958817,0.9313399791717529,0.7353267073631287
YOR133W,YMR015C,0,-6.1227856,0.11240310221910477,0.9313399791717529,0.7354374527931213
YOR168W,YNL293W,0,-6.1227937,0.11238808184862137,0.9313399791717529,0.735548198223114
YLR131C,YIL051C,0,-6.12318,0.11237306147813797,0.9313399791717529,0.7356589436531067
YEL026W,YOR270C,0,-6.1233506,0.11235804855823517,0.9313399791717529,0.7357696294784546
YPL117C,YNL142W,0,-6.1241193,0.11234304308891296,0.9313399791717529,0.7358803749084473
YOR109W,YHR106W,0,-6.1241827,0.11232803761959076,0.9313399791717529,0.7359911203384399
YDL134C,YGR082W,0,-6.1244416,0.11231303215026855,0.9313399791717529,0.7361018657684326
YDL099W,YDR188W,0,-6.125282,0.11229803413152695,0.9313399791717529,0.7362126111984253
YOL021C,YKL108W,0,-6.1254215,0.11228304356336594,0.9313399791717529,0.736323356628418
YGR246C,YPL087W,0,-6.126597,0.11226805299520493,0.9313399791717529,0.7364341020584106
YBR205W,YER053C,0,-6.126663,0.11225306987762451,0.9313399791717529,0.7365448474884033
YOR030W,YDL148C,0,-6.127299,0.1122380867600441,0.9313399791717529,0.736655592918396
YDL148C,YPR161C,0,-6.1275315,0.11222311109304428,0.9313399791717529,0.7367663383483887
YNL117W,YDR166C,0,-6.127839,0.11220813542604446,0.9313399791717529,0.7368770837783813
YDL078C,YHR048W,0,-6.127935,0.11219316720962524,0.9313399791717529,0.736987829208374
YBL063W,YDL185W,0,-6.127961,0.11217820644378662,0.9313399791717529,0.7370985746383667
YOL051W,YKL081W,0,-6.128019,0.112163245677948,0.9313399791717529,0.7372093200683594
YDL078C,YAR031W,0,-6.1285133,0.11214828491210938,0.9313399791717529,0.737320065498352
YER127W,YBR228W,0,-6.128617,0.11213333159685135,0.9313399791717529,0.7374308109283447
YJR155W,YJR126C,0,-6.128625,0.11211838573217392,0.9313399791717529,0.7375415563583374
YNR044W,YHR120W,0,-6.1288066,0.11210343986749649,0.9313399791717529,0.7376522421836853
YDR052C,YEL026W,0,-6.1293263,0.11208850145339966,0.9313399791717529,0.737762987613678
YML078W,YDR017C,0,-6.129709,0.11207356303930283,0.9313399791717529,0.7378737330436707
YHR074W,YGL252C,0,-6.130449,0.112058624625206,0.9313399791717529,0.7379844784736633
YIL097W,YLR328W,0,-6.130483,0.11204370111227036,0.9313399791717529,0.738095223903656
YGL244W,YJL036W,0,-6.131145,0.11202877014875412,0.9313399791717529,0.7382059693336487
YJL115W,YOR294W,0,-6.131253,0.11201385408639908,0.9313399791717529,0.7383167147636414
YKL054C,YNL123W,0,-6.1316485,0.11199893802404404,0.9313399791717529,0.738427460193634
YGR133W,YMR243C,0,-6.1317906,0.111984021961689,0.9313399791717529,0.7385382056236267
YDL030W,YDR464W,0,-6.132152,0.11196911334991455,0.9313399791717529,0.7386489510536194
YEL029C,YPL152W,0,-6.1322103,0.1119542047381401,0.9313399791717529,0.7387596964836121
YPL228W,YOL138C,0,-6.1323647,0.11193930357694626,0.9313399791717529,0.7388704419136047
YDR394W,YBR030W,0,-6.132419,0.11192440986633301,0.9313399791717529,0.7389811873435974
YOR298C-A,YDR400W,0,-6.133497,0.11190951615571976,0.9313399791717529,0.7390919327735901
YBR290W,YPL123C,0,-6.1336637,0.1118946224451065,0.9313399791717529,0.7392026782035828
YLR220W,YEL015W,0,-6.1341724,0.11187973618507385,0.9313399791717529,0.7393134236335754
YMR313C,YDL064W,0,-6.134944,0.1118648573756218,0.9313399791717529,0.7394241690635681
YLR401C,YFR008W,0,-6.135903,0.11184997856616974,0.9313399791717529,0.739534854888916
YBR072W,YGL252C,0,-6.1361413,0.11183510720729828,0.9313399791717529,0.7396456003189087
YAL041W,YHR068W,0,-6.1365886,0.11182023584842682,0.9313399791717529,0.7397563457489014
YPR100W,YHR048W,0,-6.136722,0.11180537194013596,0.9313399791717529,0.739867091178894
YHR191C,YNR034W,0,-6.1368012,0.11179050803184509,0.9313399791717529,0.7399778366088867
YCR086W,YOR354C,1,-6.13689,0.11190856248140335,0.9324473738670349,0.7399778366088867
YOR335C,YCR024C-A,0,-6.137077,0.11189369112253189,0.9324473738670349,0.7400885820388794
YOR354C,YFL037W,1,-6.137089,0.11201169341802597,0.9335548281669617,0.7400885820388794
YDL231C,YAL041W,0,-6.1381297,0.11199681460857391,0.9335548281669617,0.7401993274688721
YGR113W,YNL029C,0,-6.139198,0.11198193579912186,0.9335548281669617,0.7403100728988647
YHR068W,YLR403W,0,-6.1392126,0.1119670569896698,0.9335548281669617,0.7404208183288574
YAR019C,YGR214W,0,-6.1396356,0.11195219308137894,0.9335548281669617,0.7405315637588501
YCR075C,YFR051C,0,-6.139691,0.11193732917308807,0.9335548281669617,0.7406423091888428
YNL094W,YJR007W,0,-6.139717,0.11192246526479721,0.9335548281669617,0.7407530546188354
YNL286W,YLR056W,0,-6.139871,0.11190760880708694,0.9335548281669617,0.7408638000488281
YPL131W,YGR082W,0,-6.140084,0.11189275234937668,0.9335548281669617,0.7409745454788208
YKL038W,YPL123C,0,-6.1402497,0.11187790334224701,0.9335548281669617,0.7410852909088135
YMR043W,YIL138C,0,-6.140451,0.11186305433511734,0.9335548281669617,0.7411960363388062
YOR294W,YGL252C,0,-6.141119,0.11184821277856827,0.9335548281669617,0.7413067817687988
YNL326C,YDR091C,0,-6.1420655,0.11183337867259979,0.9335548281669617,0.7414174675941467
YNL182C,YKR028W,0,-6.142943,0.11181854456663132,0.9335548281669617,0.7415282130241394
YIL004C,YHR068W,0,-6.143352,0.11180371046066284,0.9335548281669617,0.7416389584541321
YAL033W,YOR157C,0,-6.1435413,0.11178888380527496,0.9335548281669617,0.7417497038841248
YBR110W,YDR259C,0,-6.1435637,0.11177406460046768,0.9335548281669617,0.7418604493141174
YJL117W,YPL128C,0,-6.1437135,0.1117592453956604,0.9335548281669617,0.7419711947441101
YOR094W,YBR030W,0,-6.1440506,0.11174443364143372,0.9335548281669617,0.7420819401741028
YER054C,YKL041W,0,-6.1441083,0.11172962188720703,0.9335548281669617,0.7421926856040955
YOR157C,YKL038W,0,-6.1443896,0.11171481758356094,0.9335548281669617,0.7423034310340881
YPL097W,YOR356W,0,-6.1445174,0.11170001327991486,0.9335548281669617,0.7424141764640808
YMR314W,YLL021W,0,-6.145471,0.11168521642684937,0.9335548281669617,0.7425249218940735
YER155C,YDR487C,0,-6.145987,0.11167041957378387,0.9335548281669617,0.7426356673240662
YGL245W,YNR011C,0,-6.1465993,0.11165563017129898,0.9335548281669617,0.7427464127540588
YJR050W,YIL031W,0,-6.14787,0.11164084076881409,0.9335548281669617,0.7428571581840515
YPR017C,YNL031C,0,-6.147983,0.11162605881690979,0.9335548281669617,0.7429679036140442
YDR123C,YLR022C,0,-6.149339,0.1116112768650055,0.9335548281669617,0.7430786490440369
YDR101C,YIL033C,0,-6.1496882,0.1115965023636818,0.9335548281669617,0.7431893944740295
YBR245C,YOR294W,0,-6.1498437,0.11158173531293869,0.9335548281669617,0.7433001399040222
YLR295C,YOL135C,0,-6.1504273,0.11156696826219559,0.9335548281669617,0.7434108257293701
YLR295C,YMR305C,0,-6.150446,0.11155220121145248,0.9335548281669617,0.7435215711593628
YOR354C,YOR229W,1,-6.1509013,0.11166975647211075,0.9346622228622437,0.7435215711593628
YOR373W,YBL075C,0,-6.1518464,0.11165498197078705,0.9346622228622437,0.7436323165893555
YOL151W,YLR212C,0,-6.1531734,0.11164021492004395,0.9346622228622437,0.7437430620193481
YAL030W,YBL055C,0,-6.154006,0.11162544786930084,0.9346622228622437,0.7438538074493408
YLR016C,YGL255W,0,-6.154367,0.11161068826913834,0.9346622228622437,0.7439645528793335
YOR109W,YKR062W,0,-6.154388,0.11159592866897583,0.9346622228622437,0.7440752983093262
YNL248C,YBL055C,0,-6.154669,0.11158117651939392,0.9346622228622437,0.7441860437393188
YLR231C,YPL231W,0,-6.1551394,0.11156642436981201,0.9346622228622437,0.7442967891693115
YDL137W,YGL166W,0,-6.1561146,0.1115516796708107,0.9346622228622437,0.7444075345993042
YNL123W,YOL138C,0,-6.156153,0.11153693497180939,0.9346622228622437,0.7445182800292969
YFR046C,YOL005C,0,-6.156233,0.11152219772338867,0.9346622228622437,0.7446290254592896
YPR019W,YDR259C,0,-6.156293,0.11150746792554855,0.9346622228622437,0.7447397708892822
YLR314C,YGR002C,0,-6.1564083,0.11149273812770844,0.9346622228622437,0.7448505163192749
YDR211W,YPL206C,0,-6.156537,0.11147800832986832,0.9346622228622437,0.7449612617492676
YGR028W,YGR094W,0,-6.156567,0.1114632859826088,0.9346622228622437,0.7450720071792603
YDR268W,YBR079C,0,-6.15657,0.11144856363534927,0.9346622228622437,0.7451827526092529
YJL178C,YMR112C,0,-6.157004,0.11143385618925095,0.9346622228622437,0.7452934384346008
YNL031C,YHR091C,0,-6.157459,0.11141914129257202,0.9346622228622437,0.7454041838645935
YOR188W,YMR143W,0,-6.1574607,0.1114044338464737,0.9346622228622437,0.7455149292945862
YBR154C,YDL120W,0,-6.1579533,0.11138973385095596,0.9346622228622437,0.7456256747245789
YGR028W,YFL059W,0,-6.1581273,0.11137503385543823,0.9346622228622437,0.7457364201545715
YFL056C,YBR082C,0,-6.158926,0.1113603413105011,0.9346622228622437,0.7458471655845642
YHL002W,YJR002W,0,-6.1589427,0.11134564876556396,0.9346622228622437,0.7459579110145569
YCR082W,YDL190C,0,-6.1591706,0.11133095622062683,0.9346622228622437,0.7460686564445496
YNL258C,YJL001W,0,-6.159982,0.11131627857685089,0.9346622228622437,0.7461794018745422
YLR410W,YNR048W,0,-6.160001,0.11130159348249435,0.9346622228622437,0.7462901473045349
YDL213C,YMR234W,0,-6.1601324,0.11128692328929901,0.9346622228622437,0.7464008927345276
YPL097W,YHR106W,0,-6.160599,0.11127224564552307,0.9346622228622437,0.7465116381645203
YKL058W,YMR293C,0,-6.160691,0.11125758290290833,0.9346622228622437,0.7466223835945129
YGR267C,YDR320C,0,-6.160806,0.11124291270971298,0.9346622228622437,0.7467331290245056
YKL170W,YOR356W,0,-6.1611094,0.11122825741767883,0.9346622228622437,0.7468438744544983
YNL042W,YGL244W,0,-6.161127,0.11121360212564468,0.9346622228622437,0.746954619884491
YMR035W,YMR260C,0,-6.1613083,0.11119894683361053,0.9346622228622437,0.7470653653144836
YCR082W,YHR107C,0,-6.1613574,0.11118429899215698,0.9346622228622437,0.7471760511398315
YPL244C,YMR182C,0,-6.161429,0.11116965115070343,0.9346622228622437,0.7472867965698242
YNL206C,YJR049C,0,-6.162484,0.11115501075983047,0.9346622228622437,0.7473975419998169
YIL004C,YKL152C,0,-6.1624928,0.11114037036895752,0.9346622228622437,0.7475082874298096
YDR101C,YPR135W,0,-6.1630836,0.11112573742866516,0.9346622228622437,0.7476190328598022
YGR113W,YNL113W,0,-6.163096,0.1111111119389534,0.9346622228622437,0.7477297782897949
YOR232W,YDL028C,0,-6.1633153,0.11109648644924164,0.9346622228622437,0.7478405237197876
YPL075W,YIL016W,0,-6.1634936,0.11108186095952988,0.9346622228622437,0.7479512691497803
YER119C,YLR442C,0,-6.1635365,0.11106724292039871,0.9346622228622437,0.748062014579773
YNL182C,YJL047C,0,-6.163655,0.11105263233184814,0.9346622228622437,0.7481727600097656
YOR373W,YMR305C,0,-6.164369,0.11103802174329758,0.9346622228622437,0.7482835054397583
YNR008W,YDL084W,0,-6.164518,0.1110234186053276,0.9346622228622437,0.748394250869751
YPR030W,YOR133W,0,-6.164537,0.11100881546735764,0.9346622228622437,0.7485049962997437
YMR043W,YMR314W,0,-6.164973,0.11099421232938766,0.9346622228622437,0.7486157417297363
YOR224C,YDL120W,0,-6.1654925,0.11097961664199829,0.9346622228622437,0.748726487159729
YNR017W,YFR048W,0,-6.1655703,0.11096502840518951,0.9346622228622437,0.7488372325897217
YKL054C,YEL002C,0,-6.1663055,0.11095044016838074,0.9346622228622437,0.7489479780197144
YGR091W,YNL229C,0,-6.1667714,0.11093585938215256,0.9346622228622437,0.7490586638450623
YNR027W,YGR197C,0,-6.167208,0.11092127859592438,0.9346622228622437,0.7491694092750549
YML116W,YGR199W,0,-6.1673183,0.1109067052602768,0.9346622228622437,0.7492801547050476
YOL080C,YOL138C,0,-6.167722,0.11089213192462921,0.9346622228622437,0.7493909001350403
YDL102W,YKL176C,0,-6.168151,0.11087755858898163,0.9346622228622437,0.749501645565033
YDR300C,YBL014C,0,-6.1681647,0.11086300015449524,0.9346622228622437,0.7496123909950256
YHR067W,YGL207W,0,-6.1684766,0.11084843426942825,0.9346622228622437,0.7497231364250183
YHR114W,YDR394W,0,-6.1688237,0.11083388328552246,0.9346622228622437,0.749833881855011
YPR133C,YAR042W,0,-6.1695743,0.11081932485103607,0.9346622228622437,0.7499446272850037
YDR118W,YNL286W,0,-6.1696324,0.11080478131771088,0.9346622228622437,0.7500553727149963
YMR043W,YOL112W,0,-6.169765,0.11079023033380508,0.9346622228622437,0.750166118144989
YOR046C,YDR443C,0,-6.169845,0.11077569425106049,0.9346622228622437,0.7502768635749817
YDR166C,YHR050W,0,-6.1702876,0.11076115816831589,0.9346622228622437,0.7503876090049744
YOL112W,YKL186C,0,-6.1704183,0.11074662208557129,0.9346622228622437,0.750498354434967
YFR021W,YGR267C,0,-6.1709666,0.11073209345340729,0.9346622228622437,0.7506090998649597
YDR062W,YOR281C,0,-6.1717176,0.11071756482124329,0.9346622228622437,0.7507198452949524
YKL081W,YOR270C,0,-6.172135,0.11070304363965988,0.9346622228622437,0.7508305907249451
YMR211W,YER013W,0,-6.1726947,0.11068852245807648,0.9346622228622437,0.7509413361549377
YLR109W,YOR265W,0,-6.1727643,0.11067400872707367,0.9346622228622437,0.7510520219802856
YDL115C,YOR354C,1,-6.172914,0.11079061031341553,0.9357696771621704,0.7510520219802856
YDL190C,YMR293C,0,-6.1739535,0.11077608913183212,0.9357696771621704,0.7511627674102783
YPL117C,YDR238C,0,-6.174016,0.11076156795024872,0.9357696771621704,0.751273512840271
YBL079W,YKL108W,0,-6.1756787,0.11074705421924591,0.9357696771621704,0.7513842582702637
YJL001W,YKL019W,0,-6.177004,0.1107325404882431,0.9357696771621704,0.7514950037002563
YOR094W,YKL182W,0,-6.1770997,0.1107180267572403,0.9357696771621704,0.751605749130249
YCR088W,YGR267C,0,-6.177921,0.11070352047681808,0.9357696771621704,0.7517164945602417
YJL014W,YDR167W,0,-6.1796756,0.11068902164697647,0.9357696771621704,0.7518272399902344
YGR135W,YPL144W,0,-6.1801405,0.11067452281713486,0.9357696771621704,0.751937985420227
YOR274W,YKL035W,0,-6.180779,0.11066003143787384,0.9357696771621704,0.7520487308502197
YOR168W,YKL058W,0,-6.1814466,0.11064554005861282,0.9357696771621704,0.7521594762802124
YGR108W,YNL250W,1,-6.182385,0.11076197773218155,0.9368770718574524,0.7521594762802124
YMR290C,YLR371W,0,-6.183027,0.11074747890233994,0.9368770718574524,0.7522702217102051
YDL040C,YHR050W,0,-6.184831,0.11073298752307892,0.9368770718574524,0.7523809671401978
YDR211W,YDR103W,0,-6.185043,0.1107184886932373,0.9368770718574524,0.7524917125701904
YDR518W,YGR028W,0,-6.186311,0.11070400476455688,0.9368770718574524,0.7526024580001831
YLL043W,YDL084W,0,-6.186343,0.11068952083587646,0.9368770718574524,0.7527132034301758
YBR193C,YDL185W,0,-6.186537,0.11067503690719604,0.9368770718574524,0.7528239488601685
YMR161W,YPL117C,0,-6.1866703,0.11066056042909622,0.9368770718574524,0.7529346346855164
YIL040W,YKL054C,0,-6.187062,0.110646091401577,0.9368770718574524,0.753045380115509
YML116W,YPR140W,0,-6.187381,0.11063162237405777,0.9368770718574524,0.7531561255455017
YLR295C,YGR091W,0,-6.187529,0.11061715334653854,0.9368770718574524,0.7532668709754944
YMR285C,YKL015W,0,-6.18768,0.11060269176959991,0.9368770718574524,0.7533776164054871
YMR316W,YDR258C,0,-6.187709,0.11058823764324188,0.9368770718574524,0.7534883618354797
YGR140W,YGR214W,0,-6.1878457,0.11057378351688385,0.9368770718574524,0.7535991072654724
YDL101C,YKL058W,0,-6.188496,0.11055932939052582,0.9368770718574524,0.7537098526954651
YAR031W,YKL015W,0,-6.1888356,0.11054488271474838,0.9368770718574524,0.7538205981254578
YPR033C,YER151C,0,-6.1888475,0.11053044348955154,0.9368770718574524,0.7539313435554504
YOR274W,YHR005C-A,0,-6.1897635,0.1105160042643547,0.9368770718574524,0.7540420889854431
YOR198C,YMR167W,1,-6.190102,0.11063218116760254,0.9379844665527344,0.7540420889854431
YKL182W,YOL124C,0,-6.190356,0.1106177344918251,0.9379844665527344,0.7541528344154358
YFR051C,YDL081C,0,-6.190882,0.11060328781604767,0.9379844665527344,0.7542635798454285
YDR188W,YGR264C,0,-6.1913366,0.11058884859085083,0.9379844665527344,0.7543743252754211
YMR083W,YNL142W,0,-6.1913514,0.11057440936565399,0.9379844665527344,0.7544850707054138
YAR042W,YDR259C,0,-6.1922812,0.11055997759103775,0.9379844665527344,0.7545958161354065
YJL085W,YMR112C,0,-6.192416,0.11054554581642151,0.9379844665527344,0.7547065615653992
YHR120W,YOL044W,0,-6.192777,0.11053112149238586,0.9379844665527344,0.7548172473907471
YFR024C-A,YPR074C,0,-6.193476,0.11051670461893082,0.9379844665527344,0.7549279928207397
YOR188W,YBR296C,0,-6.193892,0.11050228029489517,0.9379844665527344,0.7550387382507324
YOL135C,YIL051C,0,-6.194507,0.11048787087202072,0.9379844665527344,0.7551494836807251
YLR186W,YOR188W,0,-6.1949444,0.11047345399856567,0.9379844665527344,0.7552602291107178
YIL048W,YEL026W,0,-6.1949854,0.11045905202627182,0.9379844665527344,0.7553709745407104
YPR135W,YMR211W,0,-6.1960044,0.11044465005397797,0.9379844665527344,0.7554817199707031
YEL063C,YEL015W,0,-6.196111,0.11043024808168411,0.9379844665527344,0.7555924654006958
YJL178C,YOR256C,0,-6.1962686,0.11041585355997086,0.9379844665527344,0.7557032108306885
YLR095C,YPL131W,0,-6.196424,0.1104014590382576,0.9379844665527344,0.7558139562606812
YJL178C,YDR093W,0,-6.1969805,0.11038707196712494,0.9379844665527344,0.7559247016906738
YDR145W,YBR293W,0,-6.19731,0.11037268489599228,0.9379844665527344,0.7560354471206665
YDR141C,YBL079W,0,-6.198544,0.11035830527544022,0.9379844665527344,0.7561461925506592
YKL015W,YBR061C,0,-6.199302,0.11034392565488815,0.9379844665527344,0.7562569379806519
YOR198C,YGL249W,1,-6.1997147,0.1104598119854927,0.9390919208526611,0.7562569379806519
YEL022W,YDR148C,0,-6.200034,0.11044542491436005,0.9390919208526611,0.7563676834106445
YJL210W,YGR085C,0,-6.2000527,0.11043104529380798,0.9390919208526611,0.7564784288406372
YPL075W,YJL210W,0,-6.2003436,0.11041666567325592,0.9390919208526611,0.7565891742706299
YIL079C,YPL137C,0,-6.201019,0.11040229350328445,0.9390919208526611,0.7566998600959778
YNL294C,YKL035W,0,-6.201172,0.11038792133331299,0.9390919208526611,0.7568106055259705
YER119C,YOR185C,0,-6.2013383,0.11037354916334152,0.9390919208526611,0.7569213509559631
YBL035C,YIL075C,0,-6.201512,0.11035918444395065,0.9390919208526611,0.7570320963859558
YML081C-A,YGL014W,0,-6.201611,0.11034482717514038,0.9390919208526611,0.7571428418159485
YOL165C,YCR028C-A,0,-6.2017465,0.11033046990633011,0.9390919208526611,0.7572535872459412
YPL123C,YLL024C,0,-6.2028766,0.11031612008810043,0.9390919208526611,0.7573643326759338
YOR109W,YPL237W,0,-6.203883,0.11030177026987076,0.9390919208526611,0.7574750781059265
YML081C-A,YKR056W,0,-6.20431,0.11028742045164108,0.9390919208526611,0.7575858235359192
YJL042W,YER019C-A,0,-6.2050004,0.1102730855345726,0.9390919208526611,0.7576965689659119
YOR073W,YJL074C,1,-6.2052984,0.11038876324892044,0.9401993155479431,0.7576965689659119
YGL119W,YLR141W,0,-6.205403,0.11037441343069077,0.9401993155479431,0.7578073143959045
YAR042W,YBL055C,0,-6.205453,0.11036007106304169,0.9401993155479431,0.7579180598258972
YLR256W,YNL293W,0,-6.207055,0.11034572124481201,0.9401993155479431,0.7580288052558899
YGR119C,YAL033W,0,-6.2074146,0.11033138632774353,0.9401993155479431,0.7581395506858826
YOR061W,YGL255W,0,-6.2079306,0.11031705141067505,0.9401993155479431,0.7582502961158752
YER116C,YOR332W,0,-6.207993,0.11030271649360657,0.9401993155479431,0.7583610415458679
YDL074C,YDR473C,0,-6.208631,0.11028838902711868,0.9401993155479431,0.7584717869758606
YLR314C,YOR232W,0,-6.209227,0.1102740615606308,0.9401993155479431,0.7585825324058533
YNR027W,YDR238C,0,-6.209254,0.11025974154472351,0.9401993155479431,0.7586932182312012
YKR036C,YCL035C,0,-6.2095532,0.11024542152881622,0.9401993155479431,0.7588039636611938
YJL020C,YPR017C,0,-6.2100277,0.11023110896348953,0.9401993155479431,0.7589147090911865
YOR032C,YDR172W,0,-6.2105985,0.11021679639816284,0.9401993155479431,0.7590254545211792
YGL245W,YER116C,0,-6.2110085,0.11020249128341675,0.9401993155479431,0.7591361999511719
YHR067W,YDR382W,0,-6.212716,0.11018818616867065,0.9401993155479431,0.7592469453811646
YMR043W,YGL100W,0,-6.2129803,0.11017388850450516,0.9401993155479431,0.7593576908111572
YIL114C,YEL026W,0,-6.2134914,0.11015959829092026,0.9401993155479431,0.7594684362411499
YMR316W,YDL040C,0,-6.2144256,0.11014530062675476,0.9401993155479431,0.7595791816711426
YHR055C,YGR091W,0,-6.214932,0.11013101786375046,0.9401993155479431,0.7596899271011353
YLR114C,YMR305C,0,-6.21526,0.11011673510074615,0.9401993155479431,0.7598006725311279
YGR280C,YGR152C,0,-6.2152843,0.11010245233774185,0.9401993155479431,0.7599114179611206
YGR246C,YBL057C,0,-6.2154717,0.11008817702531815,0.9401993155479431,0.7600221633911133
YMR319C,YPL137C,0,-6.2156286,0.11007390171289444,0.9401993155479431,0.760132908821106
YOR025W,YDL213C,0,-6.2157865,0.11005963385105133,0.9401993155479431,0.7602436542510986
YDR420W,YLR043C,0,-6.2163787,0.11004536598920822,0.9401993155479431,0.7603543996810913
YHR055C,YBR082C,0,-6.216395,0.11003110557794571,0.9401993155479431,0.760465145111084
YDR123C,YNL182C,0,-6.216783,0.1100168451666832,0.9401993155479431,0.7605758309364319
YML081C-A,YGR145W,0,-6.2169003,0.11000259220600128,0.9401993155479431,0.7606865763664246
YOR294W,YPL274W,0,-6.2197175,0.10998833924531937,0.9401993155479431,0.7607973217964172
YDL161W,YBR030W,0,-6.221826,0.10997409373521805,0.9401993155479431,0.7609080672264099
YPR030W,YBL024W,0,-6.222018,0.10995984822511673,0.9401993155479431,0.7610188126564026
YDR077W,YMR088C,0,-6.222266,0.10994561016559601,0.9401993155479431,0.7611295580863953
YIL051C,YOR332W,0,-6.222311,0.10993137210607529,0.9401993155479431,0.7612403035163879
YGL019W,YGR081C,0,-6.222909,0.10991714149713516,0.9401993155479431,0.7613510489463806
YDR487C,YDL064W,0,-6.2234197,0.10990291088819504,0.9401993155479431,0.7614617943763733
YDR296W,YJR063W,0,-6.22448,0.10988868772983551,0.9401993155479431,0.761572539806366
YGR156W,YHR021C,0,-6.2248087,0.10987446457147598,0.9401993155479431,0.7616832852363586
YLR186W,YIL017C,0,-6.224999,0.10986024886369705,0.9401993155479431,0.7617940306663513
YIL042C,YDR400W,0,-6.2252407,0.10984603315591812,0.9401993155479431,0.761904776096344
YGR214W,YDR166C,0,-6.225579,0.10983182489871979,0.9401993155479431,0.7620155215263367
YGR113W,YBR121C,0,-6.225592,0.10981761664152145,0.9401993155479431,0.7621262669563293
YAR031W,YAL017W,0,-6.226473,0.10980341583490372,0.9401993155479431,0.762237012386322
YIL040W,YGR099W,0,-6.2269073,0.10978921502828598,0.9401993155479431,0.7623477578163147
YJR127C,YOR035C,0,-6.227117,0.10977502167224884,0.9401993155479431,0.7624584436416626
YNR035C,YLR369W,0,-6.22753,0.1097608283162117,0.9401993155479431,0.7625691890716553
YMR065W,YLR403W,0,-6.2278047,0.10974664241075516,0.9401993155479431,0.762679934501648
YDR385W,YKR009C,0,-6.228084,0.10973245650529861,0.9401993155479431,0.7627906799316406
YDR188W,YBR142W,0,-6.2282844,0.10971827059984207,0.9401993155479431,0.7629014253616333
YOL071W,YBL020W,0,-6.229146,0.10970409959554672,0.9401993155479431,0.763012170791626
YBR257W,YLR043C,0,-6.2293825,0.10968992114067078,0.9401993155479431,0.7631229162216187
YER119C,YJR050W,0,-6.2298064,0.10967575013637543,0.9401993155479431,0.7632336616516113
YGL169W,YJR049C,0,-6.230082,0.10966158658266068,0.9401993155479431,0.763344407081604
YPR135W,YGR216C,0,-6.230661,0.10964742302894592,0.9401993155479431,0.7634551525115967
YLL003W,YML010W,0,-6.2308125,0.10963326692581177,0.9401993155479431,0.7635658979415894
YHR068W,YOR281C,0,-6.2309966,0.10961911082267761,0.9401993155479431,0.763676643371582
YGR145W,YDR268W,0,-6.2311244,0.10960495471954346,0.9401993155479431,0.7637873888015747
YEL034W,YGR143W,0,-6.2311387,0.1095908060669899,0.9401993155479431,0.7638981342315674
YDR434W,YOL112W,0,-6.2313495,0.10957666486501694,0.9401993155479431,0.7640088796615601
YNR017W,YKR072C,0,-6.2314944,0.10956252366304398,0.9401993155479431,0.7641196250915527
YPL244C,YKL020C,0,-6.231652,0.10954838991165161,0.9401993155479431,0.7642303705215454
YOR074C,YGR094W,0,-6.2320046,0.10953425616025925,0.9401993155479431,0.7643410563468933
YDR394W,YCL033C,0,-6.232338,0.10952012240886688,0.9401993155479431,0.764451801776886
YAL040C,YPL231W,0,-6.2328267,0.10950599610805511,0.9401993155479431,0.7645625472068787
YCR088W,YGL014W,0,-6.232962,0.10949187725782394,0.9401993155479431,0.7646732926368713
YBR154C,YLL021W,0,-6.2330236,0.10947775840759277,0.9401993155479431,0.764784038066864
YNR027W,YBR133C,0,-6.233584,0.1094636395573616,0.9401993155479431,0.7648947834968567
YLR134W,YLR016C,0,-6.2337217,0.10944952815771103,0.9401993155479431,0.7650055289268494
YIL033C,YNL229C,0,-6.2341,0.10943542420864105,0.9401993155479431,0.765116274356842
YPR034W,YML105C,0,-6.2346244,0.10942132025957108,0.9401993155479431,0.7652270197868347
YOR074C,YDR487C,0,-6.23503,0.1094072163105011,0.9401993155479431,0.7653377652168274
YOR074C,YML091C,0,-6.235468,0.10939311981201172,0.9401993155479431,0.7654485106468201
YMR015C,YMR277W,0,-6.235622,0.10937902331352234,0.9401993155479431,0.7655592560768127
YHR005C-A,YMR285C,0,-6.2356267,0.10936493426561356,0.9401993155479431,0.7656700015068054
YDL208W,YMR137C,0,-6.2357173,0.10935085266828537,0.9401993155479431,0.7657807469367981
YGR119C,YMR067C,0,-6.2358556,0.10933677107095718,0.9401993155479431,0.7658914923667908
YLR069C,YLR043C,0,-6.2361794,0.109322689473629,0.9401993155479431,0.7660022377967834
YNL029C,YLR438C-A,0,-6.2369366,0.10930861532688141,0.9401993155479431,0.7661129832267761
YAL041W,YDL208W,0,-6.237349,0.10929454118013382,0.9401993155479431,0.766223669052124
YMR240C,YOR332W,0,-6.237365,0.10928047448396683,0.9401993155479431,0.7663344144821167
YBR110W,YMR211W,0,-6.2374597,0.10926640778779984,0.9401993155479431,0.7664451599121094
YJL089W,YJL143W,0,-6.238194,0.10925234854221344,0.9401993155479431,0.766555905342102
YNL113W,YKL006C-A,0,-6.2404437,0.10923828929662704,0.9401993155479431,0.7666666507720947
YCR066W,YMR260C,0,-6.2405305,0.10922423750162125,0.9401993155479431,0.7667773962020874
YOR046C,YKR019C,0,-6.2410235,0.10921018570661545,0.9401993155479431,0.7668881416320801
YOR354C,YOR014W,1,-6.241224,0.10932476073503494,0.9413067698478699,0.7668881416320801
YML128C,YJL074C,1,-6.241416,0.10943929851055145,0.9424141645431519,0.7668881416320801
YER045C,YEL031W,0,-6.241462,0.10942523181438446,0.9424141645431519,0.7669988870620728
YNR027W,YCR034W,0,-6.241982,0.10941115766763687,0.9424141645431519,0.7671096324920654
YLR368W,YBR296C,0,-6.2420983,0.10939709842205048,0.9424141645431519,0.7672203779220581
YLR109W,YOL138C,0,-6.242241,0.10938303172588348,0.9424141645431519,0.7673311233520508
YIL004C,YPL016W,0,-6.2424817,0.10936897248029709,0.9424141645431519,0.7674418687820435
YBR102C,YKL015W,0,-6.243397,0.10935492068529129,0.9424141645431519,0.7675526142120361
YOR023C,YBR296C,0,-6.243503,0.10934086889028549,0.9424141645431519,0.7676633596420288
YML078W,YOR076C,0,-6.2435126,0.10932682454586029,0.9424141645431519,0.7677741050720215
YGR113W,YNL248C,0,-6.243817,0.10931278020143509,0.9424141645431519,0.7678848505020142
YGL119W,YJL117W,0,-6.243897,0.10929874330759048,0.9424141645431519,0.7679955959320068
YKL073W,YBL035C,0,-6.244112,0.10928470641374588,0.9424141645431519,0.7681063413619995
YLR069C,YHR048W,0,-6.2464566,0.10927066951990128,0.9424141645431519,0.7682170271873474
YBR205W,YHR106W,0,-6.246774,0.10925664752721786,0.9424141645431519,0.7683277726173401
YMR083W,YPR033C,0,-6.246821,0.10924261808395386,0.9424141645431519,0.7684385180473328
YLR238W,YKL019W,0,-6.2469454,0.10922859609127045,0.9424141645431519,0.7685492634773254
YDL213C,YDR529C,0,-6.247884,0.10921458154916763,0.9424141645431519,0.7686600089073181
YOR185C,YBR095C,0,-6.2484164,0.10920056700706482,0.9424141645431519,0.7687707543373108
YER116C,YOR027W,0,-6.250484,0.109186552464962,0.9424141645431519,0.7688814997673035
YBR202W,YOL124C,0,-6.250591,0.10917254537343979,0.9424141645431519,0.7689922451972961
YDR394W,YHL025W,0,-6.251351,0.10915854573249817,0.9424141645431519,0.7691029906272888
YAL051W,YDR353W,0,-6.251699,0.10914454609155655,0.9424141645431519,0.7692137360572815
YHL019C,YDR077W,0,-6.251967,0.10913054645061493,0.9424141645431519,0.7693244814872742
YLR429W,YHL025W,0,-6.2520504,0.1091165542602539,0.9424141645431519,0.7694352269172668
YER119C,YMR314W,0,-6.252497,0.10910256206989288,0.9424141645431519,0.7695459723472595
YJR155W,YGR082W,0,-6.2525253,0.10908857733011246,0.9424141645431519,0.7696567177772522
YDR385W,YIL048W,0,-6.2540865,0.10907459259033203,0.9424141645431519,0.7697674632072449
YGR145W,YGR152C,0,-6.254261,0.1090606153011322,0.9424141645431519,0.7698782086372375
YLR220W,YOL124C,0,-6.254291,0.10904664546251297,0.9424141645431519,0.7699889540672302
YAL041W,YCR028C-A,0,-6.254586,0.10903266817331314,0.9424141645431519,0.7700996398925781
YER045C,YOR373W,0,-6.2547174,0.1090187057852745,0.9424141645431519,0.7702103853225708
YPR171W,YDR418W,0,-6.2552023,0.10900473594665527,0.9424141645431519,0.7703211307525635
YMR237W,YMR305C,0,-6.2555485,0.10899078100919724,0.9424141645431519,0.7704318761825562
YNL293W,YKR046C,0,-6.256019,0.1089768186211586,0.9424141645431519,0.7705426216125488
YMR237W,YOR270C,0,-6.2583976,0.10896287113428116,0.9424141645431519,0.7706533670425415
YER045C,YDR489W,0,-6.258482,0.10894891619682312,0.9424141645431519,0.7707641124725342
YFR048W,YIL076W,0,-6.25874,0.10893496870994568,0.9424141645431519,0.7708748579025269
YGR167W,YDR057W,0,-6.2595778,0.10892102867364883,0.9424141645431519,0.7709856033325195
YDR434W,YNL248C,0,-6.260351,0.10890708863735199,0.9424141645431519,0.7710963487625122
YOL071W,YER019C-A,0,-6.2607493,0.10889315605163574,0.9424141645431519,0.7712070941925049
YPL031C,YOR332W,0,-6.261002,0.1088792234659195,0.9424141645431519,0.7713178396224976
YPL231W,YOR056C,0,-6.2610793,0.10886529088020325,0.9424141645431519,0.7714285850524902
YGL200C,YDR422C,0,-6.26109,0.1088513657450676,0.9424141645431519,0.7715393304824829
YAL035W,YNL214W,0,-6.261313,0.10883744806051254,0.9424141645431519,0.7716500759124756
YOR014W,YOR229W,1,-6.2618585,0.10895140469074249,0.9435216188430786,0.7716500759124756
YOL021C,YDR145W,0,-6.2619143,0.10893747955560684,0.9435216188430786,0.7717608213424683
YJL063C,YAL051W,0,-6.2627697,0.1089235469698906,0.9435216188430786,0.7718715667724609
YDR300C,YKL041W,0,-6.2627835,0.10890962183475494,0.9435216188430786,0.7719822525978088
YDR190C,YGL169W,0,-6.2633862,0.10889570415019989,0.9435216188430786,0.7720929980278015
YPL212C,YNL206C,0,-6.263845,0.10888178646564484,0.9435216188430786,0.7722037434577942
YER112W,YIL016W,0,-6.264111,0.10886787623167038,0.9435216188430786,0.7723144888877869
YNL059C,YHR114W,0,-6.2646227,0.10885396599769592,0.9435216188430786,0.7724252343177795
YML105C,YKL108W,0,-6.264872,0.10884006321430206,0.9435216188430786,0.7725359797477722
YNL275W,YKL081W,0,-6.265149,0.1088261604309082,0.9435216188430786,0.7726467251777649
YDR158W,YIL038C,0,-6.265536,0.10881225764751434,0.9435216188430786,0.7727574706077576
YCR024C-A,YIL075C,0,-6.2658353,0.10879836231470108,0.9435216188430786,0.7728682160377502
YJL115W,YGR152C,0,-6.2663307,0.10878447443246841,0.9435216188430786,0.7729789614677429
YPR128C,YPL127C,0,-6.2663407,0.10877058655023575,0.9435216188430786,0.7730897068977356
YDR118W,YNR046W,0,-6.2663617,0.10875669866800308,0.9435216188430786,0.7732004523277283
YHR107C,YPL144W,0,-6.2669816,0.10874281823635101,0.9435216188430786,0.773311197757721
YFR021W,YMR290C,0,-6.2670197,0.10872894525527954,0.9435216188430786,0.7734219431877136
YAL053W,YGR094W,0,-6.267594,0.10871507227420807,0.9435216188430786,0.7735326886177063
YBL069W,YKR048C,0,-6.2678914,0.1087011992931366,0.9435216188430786,0.773643434047699
YAL035W,YDR488C,0,-6.268066,0.10868733376264572,0.9435216188430786,0.7737541794776917
YNR044W,YPL244C,0,-6.2687755,0.10867346823215485,0.9435216188430786,0.7738648653030396
YLR109W,YGL255W,0,-6.2691507,0.10865961015224457,0.9435216188430786,0.7739756107330322
YAL017W,YDR324C,0,-6.269482,0.10864575207233429,0.9435216188430786,0.7740863561630249
YNL182C,YDL078C,0,-6.269879,0.10863190144300461,0.9435216188430786,0.7741971015930176
YLR223C,YGR143W,0,-6.2700505,0.10861805081367493,0.9435216188430786,0.7743078470230103
YDL004W,YOR185C,0,-6.270806,0.10860420763492584,0.9435216188430786,0.7744185924530029
YLL009C,YPL127C,0,-6.2713904,0.10859036445617676,0.9435216188430786,0.7745293378829956
YDR300C,YOR270C,0,-6.2719865,0.10857652872800827,0.9435216188430786,0.7746400833129883
YHR043C,YGR028W,0,-6.2721844,0.10856269299983978,0.9435216188430786,0.774750828742981
YEL029C,YOR185C,0,-6.2750716,0.1085488572716713,0.9435216188430786,0.7748615741729736
YBL008W,YOR109W,0,-6.275269,0.1085350289940834,0.9435216188430786,0.7749723196029663
YBL005W,YDR400W,0,-6.275657,0.10852120816707611,0.9435216188430786,0.775083065032959
YMR083W,YOL138C,0,-6.276662,0.10850738734006882,0.9435216188430786,0.7751938104629517
YIL018W,YDR167W,0,-6.277349,0.10849356651306152,0.9435216188430786,0.7753045558929443
YER051W,YDR324C,0,-6.2774615,0.10847975313663483,0.9435216188430786,0.775415301322937
YJR078W,YGR147C,0,-6.277925,0.10846594721078873,0.9435216188430786,0.7755260467529297
YIL035C,YJR002W,0,-6.2780113,0.10845214128494263,0.9435216188430786,0.7756367921829224
YJL094C,YOL115W,0,-6.2781076,0.10843833535909653,0.9435216188430786,0.775747537612915
YCR065W,YMR314W,0,-6.27859,0.10842453688383102,0.9435216188430786,0.7758582234382629
YKL170W,YFR048W,0,-6.278886,0.10841073840856552,0.9435216188430786,0.7759689688682556
YJL042W,YCR028C-A,0,-6.2796397,0.10839694738388062,0.9435216188430786,0.7760797142982483
YNL042W,YDR172W,0,-6.279808,0.10838315635919571,0.9435216188430786,0.776190459728241
YMR035W,YMR234W,0,-6.2807975,0.1083693727850914,0.9435216188430786,0.7763012051582336
YOR157C,YKL108W,0,-6.281601,0.10835558921098709,0.9435216188430786,0.7764119505882263
YER155C,YGL111W,0,-6.2816796,0.10834181308746338,0.9435216188430786,0.776522696018219
YHL002W,YDL028C,0,-6.2825346,0.10832803696393967,0.9435216188430786,0.7766334414482117
YOL051W,YHR091C,0,-6.2826996,0.10831426084041595,0.9435216188430786,0.7767441868782043
YDR268W,YDR238C,0,-6.282726,0.10830049216747284,0.9435216188430786,0.776854932308197
YLR228C,YPL131W,0,-6.282928,0.10828673094511032,0.9435216188430786,0.7769656777381897
YBR036C,YGL169W,0,-6.283196,0.1082729697227478,0.9435216188430786,0.7770764231681824
YMR042W,YLR265C,0,-6.28326,0.10825920850038528,0.9435216188430786,0.777187168598175
YPL221W,YDL078C,0,-6.2834907,0.10824545472860336,0.9435216188430786,0.7772979140281677
YLR134W,YAR031W,0,-6.28355,0.10823170840740204,0.9435216188430786,0.7774086594581604
YJL134W,YCL001W,0,-6.2839017,0.10821796208620071,0.9435216188430786,0.7775194048881531
YJL094C,YDL064W,0,-6.284448,0.10820421576499939,0.9435216188430786,0.7776301503181458
YGR156W,YJL047C,0,-6.284653,0.10819047689437866,0.9435216188430786,0.7777408361434937
YML081C-A,YPL127C,0,-6.285563,0.10817673802375793,0.9435216188430786,0.7778515815734863
YHR107C,YCL039W,0,-6.2856336,0.1081630066037178,0.9435216188430786,0.777962327003479
YBR193C,YML028W,0,-6.2857623,0.10814927518367767,0.9435216188430786,0.7780730724334717
YPL159C,YHR074W,0,-6.2857833,0.10813555121421814,0.9435216188430786,0.7781838178634644
YOR216C,YBR198C,0,-6.285821,0.1081218272447586,0.9435216188430786,0.778294563293457
YOR085W,YMR293C,0,-6.2859635,0.10810811072587967,0.9435216188430786,0.7784053087234497
YHR068W,YOL042W,0,-6.286451,0.10809439420700073,0.9435216188430786,0.7785160541534424
YGR147C,YJR127C,0,-6.286483,0.1080806776881218,0.9435216188430786,0.7786267995834351
YDR216W,YGR119C,0,-6.2868795,0.10806696861982346,0.9435216188430786,0.7787375450134277
YAR031W,YHR074W,0,-6.288132,0.10805326700210571,0.9435216188430786,0.7788482904434204
YPL049C,YLR254C,0,-6.288679,0.10803956538438797,0.9435216188430786,0.7789590358734131
YBR154C,YDR057W,0,-6.289972,0.10802586376667023,0.9435216188430786,0.7790697813034058
YNR034W,YMR260C,0,-6.2903066,0.10801216959953308,0.9435216188430786,0.7791805267333984
YLR370C,YOR270C,0,-6.291042,0.10799847543239594,0.9435216188430786,0.7792912721633911
YNL223W,YNR046W,0,-6.2917137,0.10798478871583939,0.9435216188430786,0.7794020175933838
YDL102W,YBL079W,0,-6.292331,0.10797110944986343,0.9435216188430786,0.7795127630233765
YER107C,YKR022C,0,-6.293186,0.10795742273330688,0.9435216188430786,0.7796234488487244
YCL051W,YDL076C,0,-6.2952104,0.10794375091791153,0.9435216188430786,0.779734194278717
YBR015C,YKR056W,0,-6.29533,0.10793007165193558,0.9435216188430786,0.7798449397087097
YKR046C,YDL185W,0,-6.295363,0.10791639983654022,0.9435216188430786,0.7799556851387024
YMR211W,YCR034W,0,-6.2954106,0.10790273547172546,0.9435216188430786,0.7800664305686951
YIL035C,YNL258C,0,-6.296154,0.1078890711069107,0.9435216188430786,0.7801771759986877
YLR214W,YFR024C-A,0,-6.2981424,0.10787541419267654,0.9435216188430786,0.7802879214286804
YDL213C,YLR369W,0,-6.2983913,0.10786175727844238,0.9435216188430786,0.7803986668586731
YOL005C,YLR369W,0,-6.298945,0.10784810036420822,0.9435216188430786,0.7805094122886658
YDL074C,YJR019C,0,-6.299635,0.10783445090055466,0.9435216188430786,0.7806201577186584
YOR133W,YLR386W,0,-6.3000493,0.10782080143690109,0.9435216188430786,0.7807309031486511
YKL186C,YML091C,0,-6.3003726,0.10780715942382812,0.9435216188430786,0.7808416485786438
YGR246C,YOR216C,0,-6.3006425,0.10779352486133575,0.9435216188430786,0.7809523940086365
YPL086C,YDL078C,0,-6.3007236,0.10777988284826279,0.9435216188430786,0.7810631394386292
YDR448W,YGR244C,0,-6.3014903,0.10776625573635101,0.9435216188430786,0.7811738848686218
YDL085W,YOL010W,0,-6.3019285,0.10775262117385864,0.9435216188430786,0.7812846302986145
YOR284W,YOR157C,0,-6.303291,0.10773900151252747,0.9435216188430786,0.7813953757286072
YGR216C,YCR024C-A,0,-6.3033576,0.10772537440061569,0.9435216188430786,0.7815060615539551
YPR033C,YCL033C,0,-6.303434,0.10771175473928452,0.9435216188430786,0.7816168069839478
YKL015W,YNR046W,0,-6.303438,0.10769814252853394,0.9435216188430786,0.7817275524139404
YPL049C,YMR293C,0,-6.3050075,0.10768453031778336,0.9435216188430786,0.7818382978439331
YLR314C,YAL051W,0,-6.3053126,0.10767091810703278,0.9435216188430786,0.7819490432739258
YOL139C,YOL112W,0,-6.3056703,0.10765731334686279,0.9435216188430786,0.7820597887039185
YEL034W,YPL218W,0,-6.3059945,0.10764371603727341,0.9435216188430786,0.7821705341339111
YLR314C,YBR088C,0,-6.3064,0.10763011872768402,0.9435216188430786,0.7822812795639038
YLR043C,YGR128C,0,-6.306725,0.10761652141809464,0.9435216188430786,0.7823920249938965
YJR155W,YKL032C,0,-6.306736,0.10760293155908585,0.9435216188430786,0.7825027704238892
YDR302W,YPL123C,0,-6.3073936,0.10758934170007706,0.9435216188430786,0.7826135158538818
YDR488C,YPL031C,0,-6.3077865,0.10757575929164886,0.9435216188430786,0.7827242612838745
YGR280C,YAR042W,0,-6.3086424,0.10756217688322067,0.9435216188430786,0.7828350067138672
YGR267C,YML105C,0,-6.308805,0.10754860192537308,0.9435216188430786,0.7829457521438599
YIL004C,YMR229C,0,-6.309305,0.10753502696752548,0.9435216188430786,0.7830564975738525
YLR438C-A,YOR069W,0,-6.3093853,0.10752145200967789,0.9435216188430786,0.7831672430038452
YER016W,YGR216C,0,-6.30968,0.10750788450241089,0.9435216188430786,0.7832779884338379
YDR101C,YGL063W,0,-6.310328,0.10749432444572449,0.9435216188430786,0.7833887338638306
YOR133W,YGL070C,0,-6.31064,0.10748076438903809,0.9435216188430786,0.7834994196891785
YIL065C,YOR109W,0,-6.311071,0.10746720433235168,0.9435216188430786,0.7836101651191711
YIL098C,YGL244W,0,-6.3114114,0.10745365172624588,0.9435216188430786,0.7837209105491638
YJL061W,YOR027W,0,-6.311464,0.10744009912014008,0.9435216188430786,0.7838316559791565
YKR019C,YGR280C,0,-6.3114777,0.10742655396461487,0.9435216188430786,0.7839424014091492
YOR265W,YJL011C,0,-6.312238,0.10741300880908966,0.9435216188430786,0.7840531468391418
YKL179C,YDL148C,0,-6.3124566,0.10739947110414505,0.9435216188430786,0.7841638922691345
YLR231C,YIL076W,0,-6.313101,0.10738593339920044,0.9435216188430786,0.7842746376991272
YHR072W,YKL032C,0,-6.313103,0.10737240314483643,0.9435216188430786,0.7843853831291199
YMR240C,YGL245W,0,-6.3133273,0.10735887289047241,0.9435216188430786,0.7844961285591125
YER133W,YFL037W,1,-6.3140116,0.10747133940458298,0.9446290135383606,0.7844961285591125
YKL110C,YPL206C,0,-6.314014,0.10745779424905777,0.9446290135383606,0.7846068739891052
YMR060C,YKL081W,0,-6.3144364,0.10744426399469376,0.9446290135383606,0.7847176194190979
YGL021W,YCL035C,0,-6.3154125,0.10743073374032974,0.9446290135383606,0.7848283648490906
YMR015C,YBR040W,0,-6.3163085,0.10741720348596573,0.9446290135383606,0.7849391102790833
YKL192C,YMR143W,0,-6.3163433,0.10740367323160172,0.9446290135383606,0.7850498557090759
YEL056W,YGL097W,0,-6.316766,0.1073901578783989,0.9446290135383606,0.7851606011390686
YPL022W,YHR152W,1,-6.3167815,0.1075025200843811,0.9457364082336426,0.7851606011390686
YLR052W,YDL064W,0,-6.317056,0.10748898983001709,0.9457364082336426,0.7852713465690613
YLR238W,YLR438C-A,0,-6.318057,0.10747545957565308,0.9457364082336426,0.7853820323944092
YDR382W,YDL190C,0,-6.3180866,0.10746193677186966,0.9457364082336426,0.7854927778244019
YDR363W,YLL024C,0,-6.318852,0.10744841396808624,0.9457364082336426,0.7856035232543945
YBR198C,YOR332W,0,-6.318951,0.10743489861488342,0.9457364082336426,0.7857142686843872
YOL010W,YBL103C,0,-6.320646,0.1074213832616806,0.9457364082336426,0.7858250141143799
YDR464W,YNL138W,0,-6.3211503,0.10740787535905838,0.9457364082336426,0.7859357595443726
YJR078W,YDL148C,0,-6.321715,0.10739436745643616,0.9457364082336426,0.7860465049743652
YER051W,YOL010W,0,-6.322383,0.10738085955381393,0.9457364082336426,0.7861572504043579
YDR148C,YMR182C,0,-6.3226647,0.10736735910177231,0.9457364082336426,0.7862679958343506
YBR060C,YKR046C,0,-6.323294,0.10735386610031128,0.9457364082336426,0.7863787412643433
YDR158W,YOR274W,0,-6.3242755,0.10734037309885025,0.9457364082336426,0.7864894866943359
YBR091C,YLR410W,0,-6.3246884,0.10732688009738922,0.9457364082336426,0.7866002321243286
YNL219C,YKL182W,0,-6.3249063,0.10731339454650879,0.9457364082336426,0.7867109775543213
YKL179C,YPL244C,0,-6.3253636,0.10729990899562836,0.9457364082336426,0.786821722984314
YKL190W,YJL063C,0,-6.325394,0.10728643089532852,0.9457364082336426,0.7869324684143066
YEL029C,YBL079W,0,-6.326176,0.10727295279502869,0.9457364082336426,0.7870432138442993
YGL200C,YMR053C,0,-6.326738,0.10725948214530945,0.9457364082336426,0.787153959274292
YIL098C,YKL126W,0,-6.3276258,0.10724601149559021,0.9457364082336426,0.7872646450996399
YHL002W,YOL010W,0,-6.3278837,0.10723254829645157,0.9457364082336426,0.7873753905296326
YDR421W,YDL208W,0,-6.329355,0.10721908509731293,0.9457364082336426,0.7874861359596252
YNL225C,YEL034W,0,-6.3299294,0.10720562189817429,0.9457364082336426,0.7875968813896179
YDR123C,YEL026W,0,-6.330374,0.10719216614961624,0.9457364082336426,0.7877076268196106
YKR009C,YDL084W,0,-6.3303914,0.1071787178516388,0.9457364082336426,0.7878183722496033
YKL110C,YOL042W,0,-6.3305326,0.10716526210308075,0.9457364082336426,0.787929117679596
YAL041W,YNR046W,0,-6.3308883,0.1071518212556839,0.9457364082336426,0.7880398631095886
YGL150C,YPR054W,0,-6.3312874,0.10713837295770645,0.9457364082336426,0.7881506085395813
YJL014W,YDL213C,0,-6.332104,0.1071249395608902,0.9457364082336426,0.788261353969574
YIL026C,YBR015C,0,-6.3324704,0.10711149871349335,0.9457364082336426,0.7883720993995667
YOR056C,YBL035C,0,-6.3326144,0.1070980653166771,0.9457364082336426,0.7884828448295593
YCR086W,YPL022W,1,-6.333427,0.10721003264188766,0.9468438625335693,0.7884828448295593
YPL075W,YLR212C,0,-6.333905,0.10719659179449081,0.9468438625335693,0.788593590259552
YMR237W,YPL049C,0,-6.3345313,0.10718315094709396,0.9468438625335693,0.7887043356895447
YEL002C,YKR014C,0,-6.3346705,0.10716971755027771,0.9468438625335693,0.7888150811195374
YLL034C,YBR082C,0,-6.3346896,0.10715628415346146,0.9468438625335693,0.78892582654953
YPR017C,YLL043W,0,-6.3358445,0.1071428582072258,0.9468438625335693,0.7890365719795227
YDL085W,YLL034C,0,-6.3360214,0.10712943226099014,0.9468438625335693,0.7891472578048706
YPL087W,YPL283C,0,-6.3363824,0.10711601376533508,0.9468438625335693,0.7892580032348633
YMR276W,YDR247W,0,-6.3386188,0.10710259526968002,0.9468438625335693,0.789368748664856
YIL038C,YHR106W,0,-6.3390613,0.10708917677402496,0.9468438625335693,0.7894794940948486
YJL170C,YNL229C,0,-6.3395567,0.1070757657289505,0.9468438625335693,0.7895902395248413
YBR290W,YHR030C,0,-6.339733,0.10706236213445663,0.9468438625335693,0.789700984954834
YML128C,YPL042C,1,-6.339767,0.10717415809631348,0.9479512572288513,0.789700984954834
YDR211W,YER174C,0,-6.3397827,0.10716073960065842,0.9479512572288513,0.7898117303848267
YDR052C,YPR187W,0,-6.339877,0.10714732855558395,0.9479512572288513,0.7899224758148193
YIL098C,YGR095C,0,-6.34034,0.10713391751050949,0.9479512572288513,0.790033221244812
YML081C-A,YGL070C,0,-6.340397,0.10712051391601562,0.9479512572288513,0.7901439666748047
YML078W,YKR101W,0,-6.340476,0.10710711032152176,0.9479512572288513,0.7902547121047974
YDR036C,YBR272C,0,-6.340509,0.1070937067270279,0.9479512572288513,0.79036545753479
YDR296W,YBL057C,0,-6.340657,0.10708031058311462,0.9479512572288513,0.7904762029647827
YOR326W,YGR199W,0,-6.340877,0.10706691443920135,0.9479512572288513,0.7905869483947754
YMR043W,YJL001W,0,-6.341049,0.10705352574586868,0.9479512572288513,0.7906976938247681
YNL029C,YBL024W,0,-6.341127,0.10704013705253601,0.9479512572288513,0.7908084392547607
YDR418W,YDR394W,0,-6.341679,0.10702675580978394,0.9479512572288513,0.7909191846847534
YLR141W,YLL041C,0,-6.3418813,0.10701337456703186,0.9479512572288513,0.7910299301147461
YOR232W,YDR172W,0,-6.3420577,0.10700000077486038,0.9479512572288513,0.791140615940094
YML095C,YPL139C,1,-6.3425794,0.1071116104722023,0.9490587115287781,0.791140615940094
YLR403W,YGR094W,0,-6.3427696,0.10709822177886963,0.9490587115287781,0.7912513613700867
YLR314C,YHR120W,0,-6.342955,0.10708484053611755,0.9490587115287781,0.7913621068000793
YMR211W,YJR127C,0,-6.3430037,0.10707146674394608,0.9490587115287781,0.791472852230072
YPL170W,YHR048W,0,-6.343166,0.107058085501194,0.9490587115287781,0.7915835976600647
YPL117C,YGL136C,0,-6.3435326,0.10704471915960312,0.9490587115287781,0.7916943430900574
YCL039W,YMR313C,0,-6.3436,0.10703134536743164,0.9490587115287781,0.79180508852005
YGR108W,YJL074C,1,-6.343791,0.1071428582072258,0.9501661062240601,0.79180508852005
YMR083W,YLR452C,0,-6.344032,0.10712947696447372,0.9501661062240601,0.7919158339500427
YDR141C,YML051W,0,-6.3449187,0.10711610317230225,0.9501661062240601,0.7920265793800354
YOL139C,YJL210W,0,-6.345226,0.10710273683071136,0.9501661062240601,0.7921373248100281
YIL035C,YPL283C,0,-6.345449,0.10708936303853989,0.9501661062240601,0.7922480702400208
YER045C,YBL069W,0,-6.3457994,0.1070760041475296,0.9501661062240601,0.7923588156700134
YCR075C,YKL073W,0,-6.3460784,0.10706263780593872,0.9501661062240601,0.7924695611000061
YMR068W,YGL070C,0,-6.346967,0.10704927891492844,0.9501661062240601,0.7925803065299988
YHR081W,YDR166C,0,-6.3471384,0.10703592747449875,0.9501661062240601,0.7926910519599915
YMR314W,YPR133C,0,-6.3475475,0.10702257603406906,0.9501661062240601,0.7928017973899841
YOR298C-A,YGR143W,0,-6.347877,0.10700923204421997,0.9501661062240601,0.7929125428199768
YPR006C,YDR062W,0,-6.3480372,0.10699588805437088,0.9501661062240601,0.7930232286453247
YHR068W,YJL196C,0,-6.3481297,0.10698254406452179,0.9501661062240601,0.7931339740753174
YEL018W,YGR267C,0,-6.3488965,0.1069692075252533,0.9501661062240601,0.7932447195053101
YGR267C,YDL028C,0,-6.3499646,0.1069558709859848,0.9501661062240601,0.7933554649353027
YOR127W,YDR487C,0,-6.3501015,0.1069425418972969,0.9501661062240601,0.7934662103652954
YJL178C,YEL050C,0,-6.350142,0.10692921280860901,0.9501661062240601,0.7935769557952881
YPL240C,YPR033C,0,-6.350181,0.10691589117050171,0.9501661062240601,0.7936877012252808
YJR025C,YNL064C,0,-6.351044,0.10690256953239441,0.9501661062240601,0.7937984466552734
YOR198C,YGR108W,1,-6.3513694,0.10701382905244827,0.9512735605239868,0.7937984466552734
YJR069C,YGR121C,0,-6.3517804,0.10700049996376038,0.9512735605239868,0.7939091920852661
YNR035C,YNR039C,0,-6.352555,0.10698717087507248,0.9512735605239868,0.7940199375152588
YOR198C,YOR229W,1,-6.3529897,0.10709837824106216,0.9523809552192688,0.7940199375152588
YFR008W,YAL035W,0,-6.3547673,0.10708504915237427,0.9523809552192688,0.7941306829452515
YJR042W,YJR127C,0,-6.3549027,0.10707171261310577,0.9523809552192688,0.7942414283752441
YKL073W,YLR254C,0,-6.355135,0.10705838352441788,0.9523809552192688,0.7943521738052368
YDR284C,YLR141W,0,-6.3563237,0.10704506188631058,0.9523809552192688,0.7944629192352295
YDR062W,YDR382W,0,-6.356692,0.10703173279762268,0.9523809552192688,0.7945736646652222
YLR438C-A,YGR147C,0,-6.3568854,0.10701841861009598,0.9523809552192688,0.7946844100952148
YDR188W,YBR133C,0,-6.357741,0.10700510442256927,0.9523809552192688,0.7947951555252075
YBL063W,YNL231C,0,-6.358449,0.10699179023504257,0.9523809552192688,0.7949058413505554
YPR128C,YOR133W,0,-6.3589325,0.10697848349809647,0.9523809552192688,0.7950165867805481
YBL063W,YKL074C,0,-6.359233,0.10696517676115036,0.9523809552192688,0.7951273322105408
YDL078C,YLR410W,0,-6.3598313,0.10695187002420425,0.9523809552192688,0.7952380776405334
YDL137W,YGR002C,0,-6.3598447,0.10693857073783875,0.9523809552192688,0.7953488230705261
YAR031W,YIL075C,0,-6.3600087,0.10692527890205383,0.9523809552192688,0.7954595685005188
YDL099W,YDR394W,0,-6.3601756,0.10691198706626892,0.9523809552192688,0.7955703139305115
YKL074C,YOR373W,0,-6.3605647,0.10689869523048401,0.9523809552192688,0.7956810593605042
YOL021C,YFR024C-A,0,-6.360597,0.1068854108452797,0.9523809552192688,0.7957918047904968
YMR314W,YLR452C,0,-6.3610077,0.10687212646007538,0.9523809552192688,0.7959025502204895
YLR100W,YNL138W,0,-6.361198,0.10685884952545166,0.9523809552192688,0.7960132956504822
YAL017W,YFR051C,0,-6.3614883,0.10684557259082794,0.9523809552192688,0.7961240410804749
YPR019W,YNL029C,0,-6.361941,0.10683229565620422,0.9523809552192688,0.7962347865104675
YLR256W,YKR014C,0,-6.3620543,0.1068190261721611,0.9523809552192688,0.7963455319404602
YML004C,YEL034W,0,-6.36337,0.10680576413869858,0.9523809552192688,0.7964562773704529
YOR335C,YGL166W,0,-6.364316,0.10679250210523605,0.9523809552192688,0.7965670228004456
YLL041C,YKR056W,0,-6.3643394,0.10677924007177353,0.9523809552192688,0.7966777682304382
YLL009C,YJL134W,0,-6.3648343,0.1067659854888916,0.9523809552192688,0.7967884540557861
YDL004W,YBR257W,0,-6.365626,0.10675273090600967,0.9523809552192688,0.7968991994857788
YLR155C,YGR081C,0,-6.3657947,0.10673948377370834,0.9523809552192688,0.7970099449157715
YNL286W,YNL229C,0,-6.3661094,0.10672623664140701,0.9523809552192688,0.7971206903457642
YPR019W,YPL076W,0,-6.3667545,0.10671298950910568,0.9523809552192688,0.7972314357757568
YLR295C,YHR055C,0,-6.366883,0.10669974982738495,0.9523809552192688,0.7973421812057495
YNL123W,YLL034C,0,-6.367803,0.10668651759624481,0.9523809552192688,0.7974529266357422
YMR015C,YBL057C,0,-6.367924,0.10667328536510468,0.9523809552192688,0.7975636720657349
YOL021C,YML064C,0,-6.3679566,0.10666005313396454,0.9523809552192688,0.7976744174957275
YOR094W,YBR272C,0,-6.368011,0.106646828353405,0.9523809552192688,0.7977851629257202
YDR129C,YMR313C,0,-6.368296,0.10663360357284546,0.9523809552192688,0.7978959083557129
YIL097W,YOR076C,0,-6.3683887,0.10662037879228592,0.9523809552192688,0.7980066537857056
YMR068W,YGL150C,0,-6.3685393,0.10660716146230698,0.9523809552192688,0.7981173992156982
YPL127C,YPL087W,0,-6.368566,0.10659395158290863,0.9523809552192688,0.7982281446456909
YOR056C,YDR247W,0,-6.368651,0.10658074170351028,0.9523809552192688,0.7983388900756836
YLR452C,YDR457W,0,-6.3687363,0.10656753182411194,0.9523809552192688,0.7984496355056763
YDL099W,YKL074C,0,-6.3689275,0.10655432939529419,0.9523809552192688,0.798560380935669
YML034W,YJL054W,0,-6.3690033,0.10654112696647644,0.9523809552192688,0.7986710667610168
YOR085W,YGR078C,0,-6.3695493,0.10652793198823929,0.9523809552192688,0.7987818121910095
YHR114W,YGR267C,0,-6.370136,0.10651473701000214,0.9523809552192688,0.7988925576210022
YOL051W,YLR347C,0,-6.370256,0.10650154948234558,0.9523809552192688,0.7990033030509949
YKL015W,YPR140W,0,-6.3713164,0.10648836195468903,0.9523809552192688,0.7991140484809875
YOR354C,YHR152W,1,-6.371342,0.10659898817539215,0.9534883499145508,0.7991140484809875
YER127W,YER116C,0,-6.372002,0.1065857857465744,0.9534883499145508,0.7992247939109802
YDR461W,YCR024C-A,0,-6.3720417,0.10657259821891785,0.9534883499145508,0.7993355393409729
YBL084C,YJL061W,0,-6.3721557,0.1065594032406807,0.9534883499145508,0.7994462847709656
YGR244C,YAL051W,0,-6.3724575,0.10654622316360474,0.9534883499145508,0.7995570302009583
YML004C,YNR053C,0,-6.3726077,0.10653303563594818,0.9534883499145508,0.7996677756309509
YHR005C-A,YAL051W,0,-6.3728576,0.10651985555887222,0.9534883499145508,0.7997785210609436
YIL048W,YER151C,0,-6.3732276,0.10650668293237686,0.9534883499145508,0.7998892664909363
YMR316W,YDR434W,0,-6.3733163,0.1064935028553009,0.9534883499145508,0.800000011920929
YBR245C,YBL057C,0,-6.373512,0.10648033767938614,0.9534883499145508,0.8001107573509216
YKL179C,YGR145W,0,-6.3748116,0.10646717250347137,0.9534883499145508,0.8002215027809143
YDL134C,YGR091W,0,-6.3750787,0.10645400732755661,0.9534883499145508,0.800332248210907
YBR212W,YHR074W,0,-6.3759446,0.10644084215164185,0.9534883499145508,0.8004429936408997
YGR108W,YPL139C,1,-6.3761883,0.10655129700899124,0.9545958042144775,0.8004429936408997
YPL031C,YLR403W,0,-6.3767533,0.10653813183307648,0.9545958042144775,0.8005537390708923
YJL061W,YEL026W,0,-6.376955,0.10652495920658112,0.9545958042144775,0.8006644248962402
YMR264W,YDR300C,0,-6.3771996,0.10651180148124695,0.9545958042144775,0.8007751703262329
YGR121C,YDR296W,0,-6.3773203,0.10649864375591278,0.9545958042144775,0.8008859157562256
YJR069C,YDR422C,0,-6.378218,0.10648548603057861,0.9545958042144775,0.8009966611862183
YLR223C,YOR109W,0,-6.378659,0.10647232830524445,0.9545958042144775,0.8011074066162109
YEL034W,YPL117C,0,-6.378919,0.10645918548107147,0.9545958042144775,0.8012181520462036
YNL293W,YPL123C,0,-6.380159,0.1064460352063179,0.9545958042144775,0.8013288974761963
YDR421W,YLR186W,0,-6.380875,0.10643289238214493,0.9545958042144775,0.801439642906189
YLR370C,YOR332W,0,-6.381366,0.10641974955797195,0.9545958042144775,0.8015503883361816
YBL035C,YJR007W,0,-6.3816376,0.10640661418437958,0.9545958042144775,0.8016611337661743
YBR205W,YBL079W,0,-6.38184,0.1063934862613678,0.9545958042144775,0.801771879196167
YMR143W,YLR181C,0,-6.382333,0.10638035088777542,0.9545958042144775,0.8018826246261597
YPL076W,YBR061C,0,-6.38273,0.10636722296476364,0.9545958042144775,0.8019933700561523
YNL219C,YGR159C,0,-6.3828855,0.10635410249233246,0.9545958042144775,0.802104115486145
YLR109W,YLL022C,0,-6.3832207,0.10634098201990128,0.9545958042144775,0.8022148609161377
YHR197W,YKL051W,0,-6.3832355,0.10632786154747009,0.9545958042144775,0.8023256063461304
YBR110W,YDL208W,0,-6.383694,0.1063147485256195,0.9545958042144775,0.802436351776123
YFL039C,YER053C,0,-6.38461,0.10630164295434952,0.9545958042144775,0.802547037601471
YLR288C,YKL186C,0,-6.3846464,0.10628852993249893,0.9545958042144775,0.8026577830314636
YBR245C,YER149C,0,-6.385118,0.10627543181180954,0.9545958042144775,0.8027685284614563
YJL014W,YBL006C,0,-6.385634,0.10626232624053955,0.9545958042144775,0.802879273891449
YLR069C,YDR346C,0,-6.38613,0.10624922811985016,0.9545958042144775,0.8029900193214417
YDR245W,YMR137C,0,-6.386255,0.10623613744974136,0.9545958042144775,0.8031007647514343
YIL016W,YBR082C,0,-6.386416,0.10622304677963257,0.9545958042144775,0.803211510181427
YBL024W,YML088W,0,-6.387972,0.10620995610952377,0.9545958042144775,0.8033222556114197
YGR197C,YPL283C,0,-6.389378,0.10619687288999557,0.9545958042144775,0.8034330010414124
YCR086W,YER133W,1,-6.3894114,0.10630697011947632,0.9557031989097595,0.8034330010414124
YKR028W,YIL016W,0,-6.389709,0.10629387944936752,0.9557031989097595,0.803543746471405
YNL059C,YKL126W,0,-6.389961,0.10628078877925873,0.9557031989097595,0.8036544919013977
YOL112W,YEL026W,0,-6.390458,0.10626769810914993,0.9557031989097595,0.8037652373313904
YEL034W,YBL005W,0,-6.3906946,0.10625461488962173,0.9557031989097595,0.8038759827613831
YOR224C,YIL016W,0,-6.3913503,0.10624153912067413,0.9557031989097595,0.8039867281913757
YDL115C,YPL022W,1,-6.391398,0.10635155439376831,0.9568106532096863,0.8039867281913757
YOL051W,YKL001C,0,-6.391968,0.10633846372365952,0.9568106532096863,0.8040974736213684
YLR100W,YBR102C,0,-6.3919926,0.10632537305355072,0.9568106532096863,0.8042082190513611
YPR135W,YGR244C,0,-6.3934646,0.10631228983402252,0.9568106532096863,0.8043189644813538
YER126C,YGR279C,0,-6.393849,0.10629921406507492,0.9568106532096863,0.8044296503067017
YDL099W,YOR256C,0,-6.394116,0.10628613829612732,0.9568106532096863,0.8045403957366943
YPL075W,YML034W,0,-6.394614,0.10627306252717972,0.9568106532096863,0.804651141166687
YER174C,YOR373W,0,-6.3948646,0.10625999420881271,0.9568106532096863,0.8047618865966797
YGL166W,YNL029C,0,-6.394914,0.10624692589044571,0.9568106532096863,0.8048726320266724
YPL031C,YHR197W,0,-6.3965096,0.1062338650226593,0.9568106532096863,0.804983377456665
YGR267C,YPR187W,0,-6.396672,0.1062208041548729,0.9568106532096863,0.8050941228866577
YJL178C,YBR165W,0,-6.3968616,0.10620774328708649,0.9568106532096863,0.8052048683166504
YMR316W,YMR305C,0,-6.3970175,0.10619468986988068,0.9568106532096863,0.8053156137466431
YDL111C,YLR386W,0,-6.3971477,0.10618163645267487,0.9568106532096863,0.8054263591766357
YLR231C,YDL190C,0,-6.397166,0.10616859048604965,0.9568106532096863,0.8055371046066284
YNR027W,YLR429W,0,-6.3974185,0.10615554451942444,0.9568106532096863,0.8056478500366211
YGR108W,YFL033C,1,-6.3978515,0.1062653586268425,0.9579180479049683,0.8056478500366211
YLR002C,YGR197C,0,-6.397879,0.10625230520963669,0.9579180479049683,0.8057585954666138
YOR361C,YLR452C,0,-6.397913,0.10623925179243088,0.9579180479049683,0.8058693408966064
YJL011C,YAL030W,0,-6.3983374,0.10622620582580566,0.9579180479049683,0.8059800863265991
YLR014C,YNL138W,0,-6.399334,0.10621315985918045,0.9579180479049683,0.8060908317565918
YLR401C,YKR048C,0,-6.400554,0.10620012134313583,0.9579180479049683,0.8062015771865845
YOL139C,YGR094W,0,-6.4006658,0.10618708282709122,0.9579180479049683,0.8063122630119324
YOL042W,YOR224C,0,-6.40178,0.1061740517616272,0.9579180479049683,0.806423008441925
YCL051W,YDR418W,0,-6.402312,0.10616102069616318,0.9579180479049683,0.8065337538719177
YPL117C,YEL031W,0,-6.4027805,0.10614799708127975,0.9579180479049683,0.8066444993019104
YLR056W,YPL244C,0,-6.40281,0.10613496601581573,0.9579180479049683,0.8067552447319031
YMR008C,YDL076C,0,-6.403255,0.10612194985151291,0.9579180479049683,0.8068659901618958
YMR211W,YGR281W,0,-6.4033847,0.10610893368721008,0.9579180479049683,0.8069767355918884
YER054C,YCL033C,0,-6.4037366,0.10609591752290726,0.9579180479049683,0.8070874810218811
YER126C,YNR048W,0,-6.4044824,0.10608290135860443,0.9579180479049683,0.8071982264518738
YBR036C,YJL001W,0,-6.4046254,0.1060698926448822,0.9579180479049683,0.8073089718818665
YDL161W,YNR039C,0,-6.404738,0.10605689138174057,0.9579180479049683,0.8074197173118591
YJL042W,YLL034C,0,-6.4049873,0.10604389011859894,0.9579180479049683,0.8075304627418518
YOL151W,YKL035W,0,-6.4062943,0.1060308888554573,0.9579180479049683,0.8076412081718445
YCR082W,YJL014W,0,-6.4064507,0.10601789504289627,0.9579180479049683,0.8077519536018372
YDR434W,YKL001C,0,-6.4067883,0.10600490123033524,0.9579180479049683,0.8078626990318298
YLR231C,YBR030W,0,-6.4068017,0.1059919148683548,0.9579180479049683,0.8079734444618225
YOR335C,YJL081C,0,-6.407013,0.10597892850637436,0.9579180479049683,0.8080841898918152
YFR033C,YML010W,0,-6.4072986,0.10596594214439392,0.9579180479049683,0.8081949353218079
YEL032W,YPL031C,0,-6.407671,0.10595296323299408,0.9579180479049683,0.8083056211471558
YFR021W,YGR143W,0,-6.408732,0.10593998432159424,0.9579180479049683,0.8084163665771484
YJR042W,YLR141W,0,-6.4087477,0.105927012860775,0.9579180479049683,0.8085271120071411
YPL049C,YKR014C,0,-6.4099216,0.10591404139995575,0.9579180479049683,0.8086378574371338
YCR086W,YOR014W,1,-6.4100685,0.10602350533008575,0.9590254426002502,0.8086378574371338
YNL041C,YGR197C,0,-6.410086,0.10601052641868591,0.9590254426002502,0.8087486028671265
YJL024C,YDL134C,0,-6.4101005,0.10599755495786667,0.9590254426002502,0.8088593482971191
YAR042W,YMR243C,0,-6.4105077,0.10598457604646683,0.9590254426002502,0.8089700937271118
YDR385W,YDR330W,0,-6.410763,0.10597161203622818,0.9590254426002502,0.8090808391571045
YMR314W,YPL131W,0,-6.4111285,0.10595864802598953,0.9590254426002502,0.8091915845870972
YLR100W,YJL042W,0,-6.4117627,0.10594568401575089,0.9590254426002502,0.8093023300170898
YGL019W,YMR229C,0,-6.412493,0.10593272000551224,0.9590254426002502,0.8094130754470825
YBR110W,YJL011C,0,-6.4130616,0.10591976344585419,0.9590254426002502,0.8095238208770752
YGL166W,YDR435C,0,-6.4132104,0.10590681433677673,0.9590254426002502,0.8096345663070679
YJL042W,YKR062W,0,-6.4134126,0.10589386522769928,0.9590254426002502,0.8097453117370605
YGR140W,YGL245W,0,-6.4145207,0.10588091611862183,0.9590254426002502,0.8098560571670532
YIL038C,YER053C,0,-6.4146576,0.10586796700954437,0.9590254426002502,0.8099668025970459
YLR405W,YLL034C,0,-6.415103,0.10585503280162811,0.9590254426002502,0.8100775480270386
YBL008W,YER053C,0,-6.415792,0.10584209114313126,0.9590254426002502,0.8101882338523865
YDR296W,YDR450W,0,-6.416269,0.105829156935215,0.9590254426002502,0.8102989792823792
YIL114C,YIL018W,0,-6.4182553,0.10581623017787933,0.9590254426002502,0.8104097247123718
YBR296C,YGL070C,0,-6.419905,0.10580329596996307,0.9590254426002502,0.8105204701423645
YDL148C,YMR313C,0,-6.4206786,0.10579037666320801,0.9590254426002502,0.8106312155723572
YGL111W,YAL017W,0,-6.421502,0.10577744990587234,0.9590254426002502,0.8107419610023499
YLR411W,YMR173W,0,-6.4219356,0.10576453059911728,0.9590254426002502,0.8108527064323425
YMR229C,YHR030C,0,-6.421938,0.10575161874294281,0.9590254426002502,0.8109634518623352
YML078W,YKL038W,0,-6.4220104,0.10573870688676834,0.9590254426002502,0.8110741972923279
YDL213C,YOR069W,0,-6.4220963,0.10572579503059387,0.9590254426002502,0.8111849427223206
YER155C,YDL212W,0,-6.422184,0.105712890625,0.9590254426002502,0.8112956881523132
YOR198C,YNL025C,1,-6.4222894,0.10582204163074493,0.960132896900177,0.8112956881523132
YEL031W,YDR464W,0,-6.422774,0.10580912977457047,0.960132896900177,0.8114064335823059
YMR188C,YDL213C,0,-6.424992,0.105796217918396,0.960132896900177,0.8115171790122986
YJL094C,YGL136C,0,-6.425428,0.10578330606222153,0.960132896900177,0.8116279244422913
YDR385W,YCR073C,0,-6.426186,0.10577040165662766,0.960132896900177,0.8117386698722839
YKL015W,YJL191W,0,-6.426415,0.10575750470161438,0.960132896900177,0.8118494153022766
YDR385W,YPL218W,0,-6.426471,0.10574460029602051,0.960132896900177,0.8119601607322693
YNL248C,YJL047C,0,-6.4264727,0.10573171079158783,0.960132896900177,0.8120708465576172
YDL231C,YLR328W,0,-6.4273343,0.10571881383657455,0.960132896900177,0.8121815919876099
YIL114C,YGR085C,0,-6.427364,0.10570592433214188,0.960132896900177,0.8122923374176025
YPL046C,YAL035W,0,-6.43053,0.1056930422782898,0.960132896900177,0.8124030828475952
YDR385W,YKL117W,0,-6.4310327,0.10568015277385712,0.960132896900177,0.8125138282775879
YNR044W,YDR296W,0,-6.431077,0.10566727817058563,0.960132896900177,0.8126245737075806
YDR420W,YMR236W,0,-6.432255,0.10565439611673355,0.960132896900177,0.8127353191375732
YGR147C,YAR007C,0,-6.4324775,0.10564152896404266,0.960132896900177,0.8128460645675659
YGL012W,YBR142W,0,-6.4325156,0.10562865436077118,0.960132896900177,0.8129568099975586
YDL148C,YNL064C,0,-6.432858,0.10561578720808029,0.960132896900177,0.8130675554275513
YHR197W,YML034W,0,-6.4330497,0.1056029200553894,0.960132896900177,0.813178300857544
YBR165W,YGL255W,0,-6.4332156,0.10559006035327911,0.960132896900177,0.8132890462875366
YJL196C,YPL154C,0,-6.433604,0.10557720065116882,0.960132896900177,0.8133997917175293
YMR290C,YNL229C,0,-6.43431,0.10556434839963913,0.960132896900177,0.813510537147522
YKL176C,YDL033C,0,-6.4353113,0.10555149614810944,0.960132896900177,0.8136212825775146
YKL032C,YLR328W,0,-6.4353223,0.10553865134716034,0.960132896900177,0.8137320280075073
YHR055C,YER054C,0,-6.4358444,0.10552580654621124,0.960132896900177,0.8138427734375
YLR214W,YOR076C,0,-6.435876,0.10551296174526215,0.960132896900177,0.8139534592628479
YNL123W,YLR369W,0,-6.4362807,0.10550012439489365,0.960132896900177,0.8140642046928406
YCL039W,YBR015C,0,-6.43743,0.10548728704452515,0.960132896900177,0.8141749501228333
YOR373W,YGL255W,0,-6.4377565,0.10547444969415665,0.960132896900177,0.8142856955528259
YMR316W,YIL031W,0,-6.4380536,0.10546161979436874,0.960132896900177,0.8143964409828186
YMR068W,YGR128C,0,-6.438599,0.10544879734516144,0.960132896900177,0.8145071864128113
YGL207W,YOR256C,0,-6.438864,0.10543597489595413,0.960132896900177,0.814617931842804
YDR518W,YGR280C,0,-6.4390945,0.10542315244674683,0.960132896900177,0.8147286772727966
YBR060C,YEL031W,0,-6.4397817,0.10541033744812012,0.960132896900177,0.8148394227027893
YDR153C,YPL152W,0,-6.439955,0.10539752244949341,0.960132896900177,0.814950168132782
YNR027W,YOL124C,0,-6.4404044,0.1053847074508667,0.960132896900177,0.8150609135627747
YDR175C,YJL047C,0,-6.441252,0.10537189990282059,0.960132896900177,0.8151716589927673
YPL221W,YLR442C,0,-6.441385,0.10535909235477448,0.960132896900177,0.81528240442276
YMR211W,YJL192C,0,-6.4416747,0.10534629225730896,0.960132896900177,0.8153931498527527
YMR240C,YPR187W,0,-6.4417024,0.10533349215984344,0.960132896900177,0.8155038952827454
YDR211W,YHR074W,0,-6.441825,0.10532069951295853,0.960132896900177,0.815614640712738
YMR234W,YGR081C,0,-6.4422393,0.10530790686607361,0.960132896900177,0.8157253861427307
YDL004W,YBR015C,0,-6.442487,0.10529511421918869,0.960132896900177,0.8158361315727234
YER054C,YGR082W,0,-6.4437413,0.10528232902288437,0.960132896900177,0.8159468173980713
YDL149W,YDR418W,0,-6.4449964,0.10526955127716064,0.960132896900177,0.816057562828064
YOR354C,YMR190C,1,-6.446461,0.1053781732916832,0.961240291595459,0.816057562828064
YNL006W,YMR314W,0,-6.4465046,0.10536538064479828,0.961240291595459,0.8161683082580566
YLR056W,YJL190C,0,-6.4467297,0.10535258799791336,0.961240291595459,0.8162790536880493
YKL054C,YBL024W,0,-6.447226,0.10533980280160904,0.961240291595459,0.816389799118042
YML128C,YMR190C,1,-6.447847,0.10544836521148682,0.9623477458953857,0.816389799118042
YDL078C,YIL038C,0,-6.448299,0.1054355725646019,0.9623477458953857,0.8165005445480347
YML128C,YPL139C,1,-6.448494,0.10554409772157669,0.9634551405906677,0.8165005445480347
YBR205W,YNL138W,0,-6.4485197,0.10553129762411118,0.9634551405906677,0.8166112899780273
YOR085W,YKR072C,0,-6.4485245,0.10551849752664566,0.9634551405906677,0.81672203540802
YOR168W,YLR141W,0,-6.449042,0.10550569742918015,0.9634551405906677,0.8168327808380127
YOR185C,YBR272C,0,-6.449755,0.10549290478229523,0.9634551405906677,0.8169435262680054
YIL098C,YJL117W,0,-6.4501495,0.1054801195859909,0.9634551405906677,0.817054271697998
YBL005W,YGR081C,0,-6.450155,0.10546732693910599,0.9634551405906677,0.8171650171279907
YGR007W,YNL294C,0,-6.4505305,0.10545454174280167,0.9634551405906677,0.8172757625579834
YCL017C,YKR028W,0,-6.4513865,0.10544176399707794,0.9634551405906677,0.8173865079879761
YNL231C,YKR056W,0,-6.4514365,0.10542898625135422,0.9634551405906677,0.8174972534179688
YCL031C,YPL128C,0,-6.452227,0.10541621595621109,0.9634551405906677,0.8176079988479614
YDR245W,YIL075C,0,-6.4523454,0.10540343821048737,0.9634551405906677,0.8177187442779541
YOR335C,YLR009W,0,-6.452396,0.10539067536592484,0.9634551405906677,0.817829430103302
YFL056C,YML078W,0,-6.4524236,0.10537790507078171,0.9634551405906677,0.8179401755332947
YKL110C,YPL270W,0,-6.45305,0.10536514222621918,0.9634551405906677,0.8180509209632874
YBL079W,YHL011C,0,-6.4539666,0.10535238683223724,0.9634551405906677,0.81816166639328
YPL086C,YMR156C,0,-6.4540253,0.10533963143825531,0.9634551405906677,0.8182724118232727
YKL054C,YKR014C,0,-6.454517,0.10532687604427338,0.9634551405906677,0.8183831572532654
YPL075W,YOR132W,0,-6.454651,0.10531412810087204,0.9634551405906677,0.8184939026832581
YNL142W,YMR236W,0,-6.454708,0.1053013801574707,0.9634551405906677,0.8186046481132507
YDL081C,YBR082C,0,-6.455504,0.10528863966464996,0.9634551405906677,0.8187153935432434
YLR228C,YMR290C,0,-6.4565287,0.10527589917182922,0.9634551405906677,0.8188261389732361
YDL078C,YDR172W,0,-6.4567137,0.10526315867900848,0.9634551405906677,0.8189368844032288
YLR371W,YDR190C,0,-6.457254,0.10525042563676834,0.9634551405906677,0.8190476298332214
YNL094W,YCL031C,0,-6.457396,0.1052376925945282,0.9634551405906677,0.8191583752632141
YLR429W,YML091C,0,-6.4575067,0.10522496700286865,0.9634551405906677,0.8192691206932068
YIL051C,YBL018C,0,-6.4575706,0.1052122414112091,0.9634551405906677,0.8193798661231995
YMR161W,YMR236W,0,-6.458121,0.10519951581954956,0.9634551405906677,0.8194906115531921
YBR109C,YPL212C,0,-6.4581456,0.10518679767847061,0.9634551405906677,0.8196013569831848
YBL018C,YDR435C,0,-6.458697,0.10517407953739166,0.9634551405906677,0.8197120428085327
YGL144C,YLR043C,0,-6.4598575,0.10516136884689331,0.9634551405906677,0.8198227882385254
YIL075C,YLR410W,0,-6.4604974,0.10514865815639496,0.9634551405906677,0.8199335336685181
YBR110W,YLR043C,0,-6.4611793,0.1051359549164772,0.9634551405906677,0.8200442790985107
YIL098C,YPR033C,0,-6.4611883,0.10512324422597885,0.9634551405906677,0.8201550245285034
YDR300C,YBR030W,0,-6.46129,0.1051105484366417,0.9634551405906677,0.8202657699584961
YGR188C,YDR324C,0,-6.4619603,0.10509785264730453,0.9634551405906677,0.8203765153884888
YAL040C,YBR121C,0,-6.46198,0.10508515685796738,0.9634551405906677,0.8204872608184814
YNL286W,YJL196C,0,-6.462657,0.10507246106863022,0.9634551405906677,0.8205980062484741
YLR401C,YGL200C,0,-6.4631367,0.10505977272987366,0.9634551405906677,0.8207087516784668
YOR188W,YBL024W,0,-6.46335,0.10504709184169769,0.9634551405906677,0.8208194971084595
YOR250C,YPL240C,0,-6.463518,0.10503441095352173,0.9634551405906677,0.8209302425384521
YIL033C,YMR293C,0,-6.4641466,0.10502173006534576,0.9634551405906677,0.8210409879684448
YIL038C,YJL054W,0,-6.4647985,0.1050090491771698,0.9634551405906677,0.8211517333984375
YGL166W,YDL064W,0,-6.465801,0.10499637573957443,0.9634551405906677,0.8212624788284302
YLR452C,YMR260C,0,-6.465844,0.10498370975255966,0.9634551405906677,0.8213732242584229
YPL031C,YGR094W,0,-6.466822,0.10497104376554489,0.9634551405906677,0.8214839696884155
YIL035C,YPL212C,0,-6.467207,0.10495837777853012,0.9634551405906677,0.8215946555137634
YBR245C,YDR175C,0,-6.4672256,0.10494571924209595,0.9634551405906677,0.8217054009437561
YDR382W,YER161C,0,-6.4673295,0.10493306070566177,0.9634551405906677,0.8218161463737488
YMR015C,YHR081W,0,-6.4673553,0.1049204021692276,0.9634551405906677,0.8219268918037415
YPL212C,YDR382W,0,-6.467509,0.10490775108337402,0.9634551405906677,0.8220376372337341
YHR055C,YGR128C,0,-6.4687066,0.10489510744810104,0.9634551405906677,0.8221483826637268
YLR186W,YGL054C,0,-6.469813,0.10488245636224747,0.9634551405906677,0.8222591280937195
YHR081W,YBL079W,0,-6.469842,0.10486982017755508,0.9634551405906677,0.8223698735237122
YDR036C,YGL150C,0,-6.469999,0.1048571765422821,0.9634551405906677,0.8224806189537048
YGL119W,YJL190C,0,-6.4703026,0.10484454035758972,0.9634551405906677,0.8225913643836975
YGL200C,YHL011C,0,-6.4703364,0.10483190417289734,0.9634551405906677,0.8227021098136902
YDR479C,YDR077W,0,-6.4704204,0.10481927543878555,0.9634551405906677,0.8228128552436829
YPL274W,YER151C,0,-6.470527,0.10480664670467377,0.9634551405906677,0.8229236006736755
YDR123C,YDL081C,0,-6.470645,0.10479402542114258,0.9634551405906677,0.8230343461036682
YNR027W,YLR401C,0,-6.470826,0.10478140413761139,0.9634551405906677,0.8231450915336609
YNL223W,YOR185C,0,-6.4710755,0.1047687828540802,0.9634551405906677,0.8232558369636536
YNL293W,YKL019W,0,-6.47118,0.10475616902112961,0.9634551405906677,0.8233665823936462
YPL049C,YLR186W,0,-6.4716754,0.10474355518817902,0.9634551405906677,0.8234772682189941
YDL137W,YDR312W,0,-6.472939,0.10473094880580902,0.9634551405906677,0.8235880136489868
YGR167W,YGR147C,0,-6.47341,0.10471834242343903,0.9634551405906677,0.8236987590789795
YCR012W,YPL032C,0,-6.473539,0.10470574349164963,0.9634551405906677,0.8238095045089722
YKL135C,YHR055C,0,-6.4757314,0.10469313710927963,0.9634551405906677,0.8239202499389648
YOL151W,YML091C,0,-6.4762588,0.10468054562807083,0.9634551405906677,0.8240309953689575
YDR385W,YOR147W,0,-6.4765334,0.10466794669628143,0.9634551405906677,0.8241417407989502
YKL117W,YBR293W,0,-6.4769998,0.10465536266565323,0.9634551405906677,0.8242524862289429
YAL053W,YPR006C,0,-6.477953,0.10464277118444443,0.9634551405906677,0.8243632316589355
YDR216W,YDL064W,0,-6.4793983,0.10463018715381622,0.9634551405906677,0.8244739770889282
YGR216C,YCL031C,0,-6.4799094,0.10461760312318802,0.9634551405906677,0.8245847225189209
YJL020C,YNL294C,0,-6.4799604,0.10460502654314041,0.9634551405906677,0.8246954679489136
YCR098C,YNR053C,0,-6.481481,0.1045924499630928,0.9634551405906677,0.8248062133789062
YLR095C,YJR007W,0,-6.4835076,0.1045798808336258,0.9634551405906677,0.8249169588088989
YLR399C,YML128C,1,-6.483895,0.10468749701976776,0.9645625948905945,0.8249169588088989
YLR314C,YBR060C,0,-6.4844766,0.10467492043972015,0.9645625948905945,0.8250277042388916
YLR069C,YJR042W,0,-6.484554,0.10466234385967255,0.9645625948905945,0.8251384496688843
YKL110C,YDR160W,0,-6.4849505,0.10464976727962494,0.9645625948905945,0.825249195098877
YOL060C,YLR009W,0,-6.4853296,0.10463719069957733,0.9645625948905945,0.8253599405288696
YOL165C,YPR033C,0,-6.4858813,0.10462462157011032,0.9645625948905945,0.8254706263542175
YLR314C,YBR030W,0,-6.4863706,0.10461205989122391,0.9645625948905945,0.8255813717842102
YMR305C,YPL157W,0,-6.4866033,0.1045994982123375,0.9645625948905945,0.8256921172142029
YAL040C,YDR356W,0,-6.4867125,0.10458693653345108,0.9645625948905945,0.8258028626441956
YBL005W,YCR024C-A,0,-6.486774,0.10457438230514526,0.9645625948905945,0.8259136080741882
YDR148C,YMR137C,0,-6.4868445,0.10456182807683945,0.9645625948905945,0.8260243535041809
YOL042W,YOL115W,0,-6.4869485,0.10454927384853363,0.9645625948905945,0.8261350989341736
YOR185C,YBR198C,0,-6.487552,0.10453672707080841,0.9645625948905945,0.8262458443641663
YML078W,YLR265C,0,-6.487987,0.10452418029308319,0.9645625948905945,0.8263565897941589
YMR065W,YKL038W,0,-6.4881306,0.10451164096593857,0.9645625948905945,0.8264673352241516
YLR009W,YJR126C,0,-6.489174,0.10449910163879395,0.9645625948905945,0.8265780806541443
YMR188C,YKL006C-A,0,-6.489465,0.10448656231164932,0.9645625948905945,0.826688826084137
YGR199W,YDR489W,0,-6.4901013,0.1044740304350853,0.9645625948905945,0.8267995715141296
YHL002W,YNL248C,0,-6.490349,0.10446149855852127,0.9645625948905945,0.8269103169441223
YGL111W,YJL156C,0,-6.4909673,0.10444897413253784,0.9645625948905945,0.827021062374115
YPL087W,YNR048W,0,-6.4915996,0.10443644970655441,0.9645625948905945,0.8271318078041077
YLR265C,YNR046W,0,-6.4920273,0.10442393273115158,0.9645625948905945,0.8272425532341003
YDR377W,YGR002C,0,-6.4936976,0.10441141575574875,0.9645625948905945,0.8273532390594482
YDR036C,YNL229C,0,-6.494261,0.10439889878034592,0.9645625948905945,0.8274639844894409
YNL085W,YDL213C,0,-6.4942765,0.10438638180494308,0.9645625948905945,0.8275747299194336
YNL326C,YLR181C,0,-6.4947033,0.10437387973070145,0.9645625948905945,0.8276854753494263
YLL034C,YLR410W,0,-6.4949174,0.10436137020587921,0.9645625948905945,0.827796220779419
YKL185W,YGR055W,0,-6.495156,0.10434886813163757,0.9645625948905945,0.8279069662094116
YOL071W,YLR043C,0,-6.4954762,0.10433636605739594,0.9645625948905945,0.8280177116394043
YDL085W,YDL081C,0,-6.495667,0.1043238714337349,0.9645625948905945,0.828128457069397
YDR461W,YDL081C,0,-6.4960437,0.10431137681007385,0.9645625948905945,0.8282392024993896
YLR056W,YLR328W,0,-6.496136,0.10429888963699341,0.9645625948905945,0.8283499479293823
YHL019C,YOR168W,0,-6.49624,0.10428639501333237,0.9645625948905945,0.828460693359375
YHR107C,YOR001W,0,-6.496377,0.10427391529083252,0.9645625948905945,0.8285714387893677
YGL019W,YGR281W,0,-6.4982915,0.10426142811775208,0.9645625948905945,0.8286821842193604
YNL085W,YGR143W,0,-6.4986215,0.10424895584583282,0.9645625948905945,0.828792929649353
YBR193C,YDR077W,0,-6.498973,0.10423647612333298,0.9645625948905945,0.8289036750793457
YGR007W,YGL207W,0,-6.499088,0.10422400385141373,0.9645625948905945,0.8290144205093384
YMR112C,YOR232W,0,-6.4993315,0.10421153157949448,0.9645625948905945,0.829125165939331
YIL035C,YOR284W,0,-6.4993916,0.10419906675815582,0.9645625948905945,0.829235851764679
YDR211W,YNL031C,0,-6.499507,0.10418660193681717,0.9645625948905945,0.8293465971946716
YML116W,YMR316W,0,-6.499628,0.10417414456605911,0.9645625948905945,0.8294573426246643
YJR069C,YPR140W,0,-6.499665,0.10416168719530106,0.9645625948905945,0.829568088054657
YEL009C,YLR328W,0,-6.4996867,0.104149229824543,0.9645625948905945,0.8296788334846497
YGR121C,YDR245W,0,-6.499888,0.10413677990436554,0.9645625948905945,0.8297895789146423
YNL059C,YKR022C,0,-6.499909,0.10412432998418808,0.9645625948905945,0.829900324344635
YDL137W,YPR187W,0,-6.5001273,0.10411188006401062,0.9645625948905945,0.8300110697746277
YKL073W,YDL185W,0,-6.5006213,0.10409943759441376,0.9645625948905945,0.8301218152046204
YKL015W,YKL006C-A,0,-6.5009956,0.1040869951248169,0.9645625948905945,0.830232560634613
YNL251C,YBR093C,0,-6.501135,0.10407456010580063,0.9645625948905945,0.8303433060646057
YNL206C,YEL026W,0,-6.5012603,0.10406212508678436,0.9645625948905945,0.8304540514945984
YDL231C,YCR075C,0,-6.5015016,0.1040496975183487,0.9645625948905945,0.8305647969245911
YJR042W,YDR279W,0,-6.50191,0.10403726994991302,0.9645625948905945,0.8306755423545837
YGR167W,YPR074C,0,-6.5020413,0.10402484238147736,0.9645625948905945,0.8307862877845764
YDR385W,YLR288C,0,-6.5023746,0.10401242226362228,0.9645625948905945,0.8308970332145691
YER051W,YGL255W,0,-6.502582,0.10400000214576721,0.9645625948905945,0.8310077786445618
YGL245W,YDL028C,0,-6.503135,0.10398758202791214,0.9645625948905945,0.8311184644699097
YDR036C,YBR193C,0,-6.503281,0.10397516936063766,0.9645625948905945,0.8312292098999023
YGR199W,YDR407C,0,-6.503696,0.10396275669336319,0.9645625948905945,0.831339955329895
YDR296W,YJL190C,0,-6.503955,0.10395035147666931,0.9645625948905945,0.8314507007598877
YMR290C,YLR176C,0,-6.503973,0.10393794625997543,0.9645625948905945,0.8315614461898804
YLR411W,YGL111W,0,-6.5041213,0.10392554849386215,0.9645625948905945,0.831672191619873
YGR279C,YLR369W,0,-6.5049825,0.10391315072774887,0.9645625948905945,0.8317829370498657
YOR361C,YER151C,0,-6.5051837,0.10390075296163559,0.9645625948905945,0.8318936824798584
YPL161C,YOR119C,0,-6.50542,0.10388835519552231,0.9645625948905945,0.8320044279098511
YNL275W,YHR055C,0,-6.5058227,0.10387597233057022,0.9645625948905945,0.8321151733398438
YLR002C,YGR152C,0,-6.5062027,0.10386358201503754,0.9645625948905945,0.8322259187698364
YMR083W,YMR211W,0,-6.5062118,0.10385119915008545,0.9645625948905945,0.8323366641998291
YMR276W,YCR028C-A,0,-6.5063195,0.10383881628513336,0.9645625948905945,0.8324474096298218
YDR488C,YKL081W,0,-6.5066495,0.10382644087076187,0.9645625948905945,0.8325581550598145
YOR198C,YHR152W,1,-6.506726,0.10393325239419937,0.9656699895858765,0.8325581550598145
YJL011C,YDR320C,0,-6.50726,0.10392086952924728,0.9656699895858765,0.8326689004898071
YGR216C,YDR150W,0,-6.5076547,0.1039084866642952,0.9656699895858765,0.8327796459197998
YDL099W,YDR268W,0,-6.508619,0.10389610379934311,0.9656699895858765,0.8328903913497925
YLR095C,YPL212C,0,-6.50867,0.10388372838497162,0.9656699895858765,0.8330011367797852
YOR085W,YDL111C,0,-6.5089326,0.10387135297060013,0.9656699895858765,0.8331118226051331
YKR046C,YHL011C,0,-6.509602,0.10385897755622864,0.9656699895858765,0.8332225680351257
YIL065C,YHL011C,0,-6.5105333,0.10384660959243774,0.9656699895858765,0.8333333134651184
YKL054C,YBR165W,0,-6.5112543,0.10383424907922745,0.9656699895858765,0.8334440588951111
YNL029C,YOR157C,0,-6.511486,0.10382188111543655,0.9656699895858765,0.8335548043251038
YKL185W,YDR487C,0,-6.51181,0.10380952060222626,0.9656699895858765,0.8336655497550964
YDR216W,YGL054C,0,-6.5119033,0.10379716753959656,0.9656699895858765,0.8337762951850891
YBR109C,YIL065C,0,-6.5124183,0.10378481447696686,0.9656699895858765,0.8338870406150818
YJR042W,YLL002W,0,-6.5126295,0.10377246141433716,0.9656699895858765,0.8339977860450745
YOR014W,YNL025C,1,-6.513215,0.10387910157442093,0.9667773842811584,0.8339977860450745
YBR290W,YLR052W,0,-6.5137153,0.10386674851179123,0.9667773842811584,0.8341085314750671
YIL004C,YLR231C,0,-6.514134,0.10385438799858093,0.9667773842811584,0.8342192769050598
YDR420W,YIL076W,0,-6.5141983,0.10384203493595123,0.9667773842811584,0.8343300223350525
YOR133W,YCL031C,0,-6.514252,0.10382968932390213,0.9667773842811584,0.8344407677650452
YOR168W,YJL156C,0,-6.5146775,0.10381733626127243,0.9667773842811584,0.8345515131950378
YBR040W,YPR074C,0,-6.5147967,0.10380499064922333,0.9667773842811584,0.8346622586250305
YPL051W,YAL051W,0,-6.5162244,0.10379265248775482,0.9667773842811584,0.8347730040550232
YGR140W,YDR434W,0,-6.5167313,0.10378031432628632,0.9667773842811584,0.8348837494850159
YFR051C,YPL131W,0,-6.5185685,0.10376797616481781,0.9667773842811584,0.8349944353103638
YJL003W,YJL093C,0,-6.518803,0.1037556454539299,0.9667773842811584,0.8351051807403564
YDR188W,YOL151W,0,-6.518869,0.10374331474304199,0.9667773842811584,0.8352159261703491
YLR452C,YDL185W,0,-6.519155,0.10373099148273468,0.9667773842811584,0.8353266716003418
YLR370C,YJR063W,0,-6.5197916,0.10371866822242737,0.9667773842811584,0.8354374170303345
YLR114C,YKL074C,0,-6.5198126,0.10370634496212006,0.9667773842811584,0.8355481624603271
YOR232W,YDR418W,0,-6.5200467,0.10369402170181274,0.9667773842811584,0.8356589078903198
YPR124W,YJL045W,0,-6.5207233,0.10368171334266663,0.9667773842811584,0.8357696533203125
YKL179C,YDL111C,0,-6.5209317,0.10366939753293991,0.9667773842811584,0.8358803987503052
YDL148C,YPL020C,0,-6.521787,0.10365708917379379,0.9667773842811584,0.8359911441802979
YLR009W,YMR313C,0,-6.5222387,0.10364478081464767,0.9667773842811584,0.8361018896102905
YOR132W,YBR030W,0,-6.5224285,0.10363247990608215,0.9667773842811584,0.8362126350402832
YDR385W,YDR036C,0,-6.5226035,0.10362017899751663,0.9667773842811584,0.8363233804702759
YOL051W,YPL218W,0,-6.5230675,0.10360787808895111,0.9667773842811584,0.8364341259002686
YAL053W,YCR012W,0,-6.5235076,0.10359558463096619,0.9667773842811584,0.8365448713302612
YDR118W,YDR385W,0,-6.5235453,0.10358329117298126,0.9667773842811584,0.8366556167602539
YOR085W,YGL070C,0,-6.5237374,0.10357100516557693,0.9667773842811584,0.8367663621902466
YDL148C,YEL002C,0,-6.523883,0.10355871915817261,0.9667773842811584,0.8368770480155945
YEL063C,YPL159C,0,-6.524431,0.10354643315076828,0.9667773842811584,0.8369877934455872
YJL014W,YKL035W,0,-6.5245214,0.10353415459394455,0.9667773842811584,0.8370985388755798
YIL035C,YKL186C,0,-6.5250154,0.10352187603712082,0.9667773842811584,0.8372092843055725
YLR314C,YMR220W,0,-6.525358,0.10350960493087769,0.9667773842811584,0.8373200297355652
YGL119W,YGR128C,0,-6.525541,0.10349733382463455,0.9667773842811584,0.8374307751655579
YPL127C,YGR143W,0,-6.525746,0.10348506271839142,0.9667773842811584,0.8375415205955505
YLL043W,YLR069C,0,-6.525797,0.10347279906272888,0.9667773842811584,0.8376522660255432
YGL245W,YHR048W,0,-6.52589,0.10346053540706635,0.9667773842811584,0.8377630114555359
YKL186C,YEL026W,0,-6.5259852,0.1034482792019844,0.9667773842811584,0.8378737568855286
YPR100W,YGL070C,0,-6.526378,0.10343601554632187,0.9667773842811584,0.8379845023155212
YNL142W,YPL154C,0,-6.5269995,0.10342376679182053,0.9667773842811584,0.8380952477455139
YIL033C,YDL148C,0,-6.5273814,0.10341151058673859,0.9667773842811584,0.8382059931755066
YDL078C,YER019C-A,0,-6.527594,0.10339926928281784,0.9667773842811584,0.8383167386054993
YKL051W,YBR082C,0,-6.5281262,0.1033870205283165,0.9667773842811584,0.8384274840354919
YMR305C,YKL006C-A,0,-6.5281878,0.10337477922439575,0.9667773842811584,0.8385382294654846
YJL074C,YOR229W,1,-6.5286183,0.10348093509674072,0.9678848385810852,0.8385382294654846
YDL111C,YPL032C,0,-6.5286384,0.10346868634223938,0.9678848385810852,0.8386489748954773
YPL093W,YML028W,0,-6.5292325,0.10345643758773804,0.9678848385810852,0.8387596607208252
YGR214W,YER161C,0,-6.5303283,0.10344419628381729,0.9678848385810852,0.8388704061508179
YAL035W,YOR373W,0,-6.530585,0.10343195497989655,0.9678848385810852,0.8389811515808105
YOR198C,YCR033W,1,-6.5306764,0.10353804379701614,0.9689922332763672,0.8389811515808105
YFR033C,YDR077W,0,-6.531092,0.1035257950425148,0.9689922332763672,0.8390918970108032
YOR354C,YER095W,1,-6.531392,0.10363184660673141,0.970099687576294,0.8390918970108032
YGR094W,YBL055C,0,-6.531543,0.10361959040164948,0.970099687576294,0.8392026424407959
YHR191C,YKL038W,0,-6.5316916,0.10360733419656754,0.970099687576294,0.8393133878707886
YLL002W,YDL212W,0,-6.5318747,0.1035950779914856,0.970099687576294,0.8394241333007812
YOR030W,YGL097W,0,-6.5333104,0.10358282923698425,0.970099687576294,0.8395348787307739
YJR069C,YJL036W,0,-6.533851,0.10357058048248291,0.970099687576294,0.8396456241607666
YMR065W,YJL190C,0,-6.533871,0.10355833917856216,0.970099687576294,0.8397563695907593
YGR152C,YER111C,0,-6.533923,0.10354609787464142,0.970099687576294,0.839867115020752
YOL071W,YLR438C-A,0,-6.534155,0.10353386402130127,0.970099687576294,0.8399778604507446
YKL135C,YLR009W,0,-6.535768,0.10352162271738052,0.970099687576294,0.8400886058807373
YER119C,YJL063C,0,-6.53586,0.10350939631462097,0.970099687576294,0.84019935131073
YBR205W,YKR056W,0,-6.536039,0.10349716246128082,0.970099687576294,0.8403100967407227
YGL119W,YPL157W,0,-6.5366254,0.10348493605852127,0.970099687576294,0.8404208421707153
YAL035W,YGR199W,0,-6.536717,0.10347271710634232,0.970099687576294,0.840531587600708
YDL137W,YPR006C,0,-6.537438,0.10346049070358276,0.970099687576294,0.8406423330307007
YGR145W,YGR197C,0,-6.537476,0.1034482792019844,0.970099687576294,0.8407530188560486
YLR318W,YGR279C,0,-6.5374904,0.10343606024980545,0.970099687576294,0.8408637642860413
YJR127C,YDR129C,0,-6.5379267,0.10342384874820709,0.970099687576294,0.8409745097160339
YGL252C,YER019C-A,0,-6.538313,0.10341163724660873,0.970099687576294,0.8410852551460266
YFR021W,YEL026W,0,-6.5386405,0.10339943319559097,0.970099687576294,0.8411960005760193
YHR191C,YCR027C,0,-6.539779,0.10338722914457321,0.970099687576294,0.841306746006012
YLR370C,YNR039C,0,-6.5398574,0.10337503254413605,0.970099687576294,0.8414174914360046
YNL258C,YMR260C,0,-6.54002,0.10336282849311829,0.970099687576294,0.8415282368659973
YBR290W,YBL024W,0,-6.541144,0.10335063934326172,0.970099687576294,0.84163898229599
YLR207W,YPR161C,0,-6.5417495,0.10333844274282455,0.970099687576294,0.8417497277259827
YHR068W,YJR042W,0,-6.5421724,0.10332625359296799,0.970099687576294,0.8418604731559753
YDR518W,YIL051C,0,-6.542919,0.10331407189369202,0.970099687576294,0.841971218585968
YDR450W,YKL058W,0,-6.543692,0.10330189019441605,0.970099687576294,0.8420819640159607
YOL165C,YOR335C,0,-6.543694,0.10328970849514008,0.970099687576294,0.8421927094459534
YPR100W,YNR046W,0,-6.544338,0.1032775267958641,0.970099687576294,0.842303454875946
YJR002W,YJR042W,0,-6.5444264,0.10326535254716873,0.970099687576294,0.8424142003059387
YOL094C,YBR079C,0,-6.5445642,0.10325318574905396,0.970099687576294,0.8425249457359314
YCR034W,YGL136C,0,-6.5464463,0.10324101150035858,0.970099687576294,0.8426356315612793
YKL001C,YHR154W,0,-6.547154,0.1032288447022438,0.970099687576294,0.842746376991272
YMR143W,YDR312W,0,-6.547173,0.10321668535470963,0.970099687576294,0.8428571224212646
YMR199W,YOR168W,0,-6.5482364,0.10320452600717545,0.970099687576294,0.8429678678512573
YGR028W,YMR293C,0,-6.5484385,0.10319236665964127,0.970099687576294,0.84307861328125
YNL029C,YJL134W,0,-6.5489283,0.10318021476268768,0.970099687576294,0.8431893587112427
YKL186C,YPL016W,0,-6.549222,0.1031680628657341,0.970099687576294,0.8433001041412354
YGL150C,YMR313C,0,-6.5494614,0.10315591096878052,0.970099687576294,0.843410849571228
YIL040W,YDL161W,0,-6.54964,0.10314376652240753,0.970099687576294,0.8435215950012207
YDL208W,YLR176C,0,-6.5504766,0.10313162207603455,0.970099687576294,0.8436323404312134
YPR017C,YPL016W,0,-6.5505176,0.10311948508024216,0.970099687576294,0.843743085861206
YFL039C,YHR072W,0,-6.5506864,0.10310734808444977,0.970099687576294,0.8438538312911987
YNL113W,YGL169W,0,-6.5511374,0.10309521108865738,0.970099687576294,0.8439645767211914
YGR167W,YGR007W,0,-6.552259,0.10308308154344559,0.970099687576294,0.8440753221511841
YHR114W,YER126C,0,-6.552956,0.1030709519982338,0.970099687576294,0.8441860675811768
YBR193C,YMR188C,0,-6.5532074,0.103058822453022,0.970099687576294,0.8442968130111694
YJL117W,YOR157C,0,-6.554213,0.10304670035839081,0.970099687576294,0.8444075584411621
YLR231C,YOL005C,0,-6.555061,0.10303457826375961,0.970099687576294,0.84451824426651
YGR108W,YML128C,1,-6.5551023,0.10314007103443146,0.9712070822715759,0.84451824426651
YDL137W,YPL212C,0,-6.55584,0.10312794148921967,0.9712070822715759,0.8446289896965027
YFL037W,YPL139C,1,-6.556433,0.10323338955640793,0.9723145365715027,0.8446289896965027
YCL039W,YJL190C,0,-6.557695,0.10322125256061554,0.9723145365715027,0.8447397351264954
YPR135W,YKL152C,0,-6.5581737,0.10320912301540375,0.9723145365715027,0.844850480556488
YMR240C,YDL190C,0,-6.5584,0.10319699347019196,0.9723145365715027,0.8449612259864807
YDR377W,YOL071W,0,-6.5585027,0.10318486392498016,0.9723145365715027,0.8450719714164734
YCL017C,YPR190C,0,-6.5586123,0.10317273437976837,0.9723145365715027,0.8451827168464661
YKL032C,YNR046W,0,-6.558623,0.10316061228513718,0.9723145365715027,0.8452934622764587
YDR421W,YGR085C,0,-6.558699,0.10314849764108658,0.9723145365715027,0.8454042077064514
YLR220W,YGR143W,0,-6.5602107,0.10313638299703598,0.9723145365715027,0.8455149531364441
YIL114C,YBR079C,0,-6.560273,0.10312426835298538,0.9723145365715027,0.8456256985664368
YNR044W,YGL210W,0,-6.5603576,0.10311215370893478,0.9723145365715027,0.8457364439964294
YKL001C,YDL208W,0,-6.560675,0.10310004651546478,0.9723145365715027,0.8458471894264221
YKL110C,YKL081W,0,-6.560849,0.10308793932199478,0.9723145365715027,0.8459579348564148
YPL128C,YOR270C,0,-6.561027,0.10307583957910538,0.9723145365715027,0.8460686802864075
YCL039W,YMR229C,0,-6.561191,0.10306373983621597,0.9723145365715027,0.8461794257164001
YGR095C,YDL120W,0,-6.561899,0.10305164009332657,0.9723145365715027,0.8462901711463928
YAL040C,YLR228C,0,-6.5620055,0.10303954780101776,0.9723145365715027,0.8464008569717407
YFL039C,YLR295C,0,-6.56319,0.10302745550870895,0.9723145365715027,0.8465116024017334
YIL098C,YLR181C,0,-6.563374,0.10301537066698074,0.9723145365715027,0.8466223478317261
YDR101C,YOR185C,0,-6.5640883,0.10300328582525253,0.9723145365715027,0.8467330932617188
YGR135W,YEL026W,0,-6.564239,0.10299120098352432,0.9723145365715027,0.8468438386917114
YKL186C,YPR190C,0,-6.5651116,0.10297912359237671,0.9723145365715027,0.8469545841217041
YDR268W,YPL283C,0,-6.5651517,0.1029670462012291,0.9723145365715027,0.8470653295516968
YNL113W,YGR143W,0,-6.5658684,0.10295496881008148,0.9723145365715027,0.8471760749816895
YPL046C,YNL138W,0,-6.567003,0.10294289886951447,0.9723145365715027,0.8472868204116821
YEL022W,YGR128C,0,-6.568894,0.10293082892894745,0.9723145365715027,0.8473975658416748
YPR033C,YDL120W,0,-6.5690074,0.10291876643896103,0.9723145365715027,0.8475083112716675
YGR167W,YJR063W,0,-6.569056,0.10290670394897461,0.9723145365715027,0.8476190567016602
YOR030W,YPL240C,0,-6.5694194,0.10289464145898819,0.9723145365715027,0.8477298021316528
YJR144W,YDR324C,0,-6.569855,0.10288258641958237,0.9723145365715027,0.8478405475616455
YNR017W,YHL011C,0,-6.5703077,0.10287053138017654,0.9723145365715027,0.8479512929916382
YOR168W,YGR143W,0,-6.5709553,0.10285848379135132,0.9723145365715027,0.8480620384216309
YGR264C,YER053C,0,-6.572807,0.10284643620252609,0.9723145365715027,0.8481727838516235
YPR190C,YGR279C,0,-6.5734677,0.10283438861370087,0.9723145365715027,0.8482834696769714
YDL102W,YLR403W,0,-6.57383,0.10282234102487564,0.9723145365715027,0.8483942151069641
YNL113W,YHR154W,0,-6.5739665,0.10281030088663101,0.9723145365715027,0.8485049605369568
YOR133W,YOR168W,0,-6.574065,0.10279826819896698,0.9723145365715027,0.8486157059669495
YPL231W,YFL059W,0,-6.5754185,0.10278623551130295,0.9723145365715027,0.8487264513969421
YOR046C,YML028W,0,-6.5763083,0.10277420282363892,0.9723145365715027,0.8488371968269348
YLR228C,YNL031C,0,-6.5777087,0.10276217013597488,0.9723145365715027,0.8489479422569275
YOR056C,YDL020C,0,-6.5778413,0.10275014489889145,0.9723145365715027,0.8490586876869202
YJR144W,YAR031W,0,-6.578587,0.10273811966180801,0.9723145365715027,0.8491694331169128
YCL031C,YPR161C,0,-6.578676,0.10272610187530518,0.9723145365715027,0.8492801785469055
YIL035C,YKL176C,0,-6.5791078,0.10271408408880234,0.9723145365715027,0.8493909239768982
YKL041W,YNR039C,0,-6.57948,0.1027020737528801,0.9723145365715027,0.8495016694068909
YNR019W,YBR154C,0,-6.579528,0.10269005596637726,0.9723145365715027,0.8496124148368835
YLR405W,YJL036W,0,-6.579551,0.10267804563045502,0.9723145365715027,0.8497231602668762
YBR109C,YJL011C,0,-6.580411,0.10266604274511337,0.9723145365715027,0.8498339056968689
YHR081W,YJL117W,0,-6.580796,0.10265403985977173,0.9723145365715027,0.8499446511268616
YCL035C,YDR247W,0,-6.5816646,0.10264203697443008,0.9723145365715027,0.8500553965568542
YBR274W,YNR053C,0,-6.581849,0.10263004153966904,0.9723145365715027,0.8501661419868469
YDL081C,YPL274W,0,-6.5823503,0.10261804610490799,0.9723145365715027,0.8502768278121948
YER053C,YOR035C,0,-6.58321,0.10260605067014694,0.9723145365715027,0.8503875732421875
YOR094W,YGR095C,0,-6.583576,0.10259406268596649,0.9723145365715027,0.8504983186721802
YLR405W,YDR172W,0,-6.5852323,0.10258207470178604,0.9723145365715027,0.8506090641021729
YDR296W,YHR106W,0,-6.586245,0.10257009416818619,0.9723145365715027,0.8507198095321655
YGL200C,YAL051W,0,-6.5869246,0.10255811363458633,0.9723145365715027,0.8508305549621582
YDR101C,YJL001W,0,-6.58713,0.10254613310098648,0.9723145365715027,0.8509413003921509
YAL041W,YKL054C,0,-6.58721,0.10253416001796722,0.9723145365715027,0.8510520458221436
YDR036C,YMR043W,0,-6.5874023,0.10252218693494797,0.9723145365715027,0.8511627912521362
YJL081C,YDR488C,0,-6.587766,0.10251021385192871,0.9723145365715027,0.8512735366821289
YCR082W,YJL063C,0,-6.5888343,0.10249824821949005,0.9723145365715027,0.8513842821121216
YMR043W,YIL075C,0,-6.5889487,0.10248628258705139,0.9723145365715027,0.8514950275421143
YER155C,YER126C,0,-6.5892634,0.10247432440519333,0.9723145365715027,0.8516057729721069
YLR220W,YGR264C,0,-6.5897403,0.10246236622333527,0.9723145365715027,0.8517165184020996
YDR190C,YKR072C,0,-6.5900702,0.1024504080414772,0.9723145365715027,0.8518272638320923
YCL035C,YLR347C,0,-6.590402,0.10243845731019974,0.9723145365715027,0.851938009262085
YDL078C,YNR039C,0,-6.591262,0.10242650657892227,0.9723145365715027,0.8520487546920776
YPL274W,YKR028W,0,-6.591745,0.1024145558476448,0.9723145365715027,0.8521594405174255
YER045C,YNR039C,0,-6.592933,0.10240261256694794,0.9723145365715027,0.8522701859474182
YFR008W,YGR085C,0,-6.593147,0.10239066928625107,0.9723145365715027,0.8523809313774109
YCR024C-A,YNL113W,0,-6.593366,0.1023787334561348,0.9723145365715027,0.8524916768074036
YNL294C,YLR410W,0,-6.5934033,0.10236679762601852,0.9723145365715027,0.8526024222373962
YMR237W,YIL033C,0,-6.5949683,0.10235486179590225,0.9723145365715027,0.8527131676673889
YPL218W,YGR081C,0,-6.5957494,0.10234293341636658,0.9723145365715027,0.8528239130973816
YGR280C,YML088W,0,-6.595959,0.1023310050368309,0.9723145365715027,0.8529346585273743
YAL035W,YMR088C,0,-6.5967956,0.10231907665729523,0.9723145365715027,0.8530454039573669
YLR056W,YGR152C,0,-6.596912,0.10230715572834015,0.9723145365715027,0.8531561493873596
YGL019W,YEL026W,0,-6.5974336,0.10229523479938507,0.9723145365715027,0.8532668948173523
YFR033C,YEL026W,0,-6.5980277,0.10228332132101059,0.9723145365715027,0.853377640247345
YML091C,YDR129C,0,-6.598185,0.10227140039205551,0.9723145365715027,0.8534883856773376
YOR265W,YIL017C,0,-6.598459,0.10225949436426163,0.9723145365715027,0.8535991311073303
YNL029C,YOR265W,0,-6.598603,0.10224758088588715,0.9723145365715027,0.853709876537323
YBL069W,YDR188W,0,-6.5987196,0.10223567485809326,0.9723145365715027,0.8538206219673157
YJL210W,YPL152W,0,-6.599165,0.10222377628087997,0.9723145365715027,0.8539313673973083
YOR119C,YLR371W,0,-6.6010356,0.10221187770366669,0.9723145365715027,0.8540420532226562
YDR091C,YDL194W,0,-6.6013713,0.1021999791264534,0.9723145365715027,0.8541527986526489
YPR187W,YOR027W,0,-6.601615,0.10218808054924011,0.9723145365715027,0.8542635440826416
YLR405W,YDL212W,0,-6.6016397,0.10217618942260742,0.9723145365715027,0.8543742895126343
YNL006W,YDR346C,0,-6.602418,0.10216429829597473,0.9723145365715027,0.854485034942627
YDR101C,YGL255W,0,-6.602763,0.10215241461992264,0.9723145365715027,0.8545957803726196
YER133W,YOR354C,1,-6.6035514,0.10225686430931091,0.9734219312667847,0.8545957803726196
YPL137C,YBR082C,0,-6.6042876,0.10224496573209763,0.9734219312667847,0.8547065258026123
YLR328W,YDR167W,0,-6.6043954,0.10223307460546494,0.9734219312667847,0.854817271232605
YKL019W,YMR313C,0,-6.605245,0.10222119092941284,0.9734219312667847,0.8549280166625977
YLR295C,YMR173W,0,-6.606196,0.10220929980278015,0.9734219312667847,0.8550387620925903
YJL011C,YDR129C,0,-6.6066365,0.10219741612672806,0.9734219312667847,0.855149507522583
YDL161W,YOR256C,0,-6.6076655,0.10218553990125656,0.9734219312667847,0.8552602529525757
YBL019W,YHL011C,0,-6.6079173,0.10217366367578506,0.9734219312667847,0.8553709983825684
YDL115C,YML128C,1,-6.610064,0.10227800905704498,0.9745293259620667,0.8553709983825684
YDR385W,YGR095C,0,-6.6113963,0.10226612538099289,0.9745293259620667,0.855481743812561
YLR231C,YGL169W,0,-6.6120257,0.1022542417049408,0.9745293259620667,0.8555924892425537
YCR027C,YJL191W,0,-6.612041,0.1022423580288887,0.9745293259620667,0.8557032346725464
YDR464W,YBL055C,0,-6.6121716,0.1022304818034172,0.9745293259620667,0.8558139801025391
YDL099W,YMR313C,0,-6.612845,0.10221860557794571,0.9745293259620667,0.855924665927887
YJR158W,YOR188W,0,-6.613051,0.10220673680305481,0.9745293259620667,0.8560354113578796
YPL161C,YDR172W,0,-6.61439,0.10219486802816391,0.9745293259620667,0.8561461567878723
YDR489W,YOR270C,0,-6.6152606,0.10218299925327301,0.9745293259620667,0.856256902217865
YMR235C,YDR077W,0,-6.6153474,0.10217113792896271,0.9745293259620667,0.8563676476478577
YBL018C,YLR369W,0,-6.6154857,0.1021592766046524,0.9745293259620667,0.8564783930778503
YCR098C,YIL018W,0,-6.6156774,0.1021474152803421,0.9745293259620667,0.856589138507843
YLR353W,YLL022C,0,-6.6158786,0.1021355614066124,0.9745293259620667,0.8566998839378357
YOR056C,YDR346C,0,-6.616294,0.10212370753288269,0.9745293259620667,0.8568106293678284
YIL114C,YBR198C,0,-6.6167207,0.10211186110973358,0.9745293259620667,0.856921374797821
YLR295C,YNL138W,0,-6.6184626,0.10210001468658447,0.9745293259620667,0.8570321202278137
YJR069C,YOL138C,0,-6.6192617,0.10208816826343536,0.9745293259620667,0.8571428656578064
YPL170W,YDL111C,0,-6.6192822,0.10207632184028625,0.9745293259620667,0.8572536110877991
YNL123W,YKL081W,0,-6.619875,0.10206448286771774,0.9745293259620667,0.8573643565177917
YJL134W,YDR268W,0,-6.619987,0.10205265134572983,0.9745293259620667,0.8574751019477844
YJL178C,YGR028W,0,-6.6201625,0.10204081982374191,0.9745293259620667,0.8575858473777771
YOR265W,YGR104C,0,-6.620179,0.102028988301754,0.9745293259620667,0.8576965928077698
YJL014W,YDR145W,0,-6.6203494,0.10201715677976608,0.9745293259620667,0.8578073382377625
YML051W,YOR132W,0,-6.621691,0.10200533270835876,0.9745293259620667,0.8579180240631104
YDL040C,YKR014C,0,-6.621784,0.10199350863695145,0.9745293259620667,0.858028769493103
YJL011C,YGR082W,0,-6.624163,0.10198169201612473,0.9745293259620667,0.8581395149230957
YDL185W,YDR400W,0,-6.624285,0.101969875395298,0.9745293259620667,0.8582502603530884
YHR114W,YDL111C,0,-6.624848,0.10195805877447128,0.9745293259620667,0.858361005783081
YBR110W,YML105C,0,-6.627589,0.10194624960422516,0.9745293259620667,0.8584717512130737
YBL005W,YDR091C,0,-6.6281524,0.10193444043397903,0.9745293259620667,0.8585824966430664
YGR188C,YJL191W,0,-6.6284976,0.10192263126373291,0.9745293259620667,0.8586932420730591
YPL231W,YDR258C,0,-6.633557,0.10191082954406738,0.9745293259620667,0.8588039875030518
YDR160W,YBR165W,0,-6.6348405,0.10189902782440186,0.9745293259620667,0.8589147329330444
YOL051W,YDR158W,0,-6.6350665,0.10188722610473633,0.9745293259620667,0.8590254783630371
YJL047C,YPL274W,0,-6.635328,0.1018754318356514,0.9745293259620667,0.8591362237930298
YOL165C,YFR051C,0,-6.635575,0.10186364501714706,0.9745293259620667,0.8592469692230225
YDR312W,YDL064W,0,-6.6359158,0.10185185074806213,0.9745293259620667,0.8593577146530151
YLR401C,YOR373W,0,-6.636919,0.1018400639295578,0.9745293259620667,0.8594684600830078
YGL200C,YLR002C,0,-6.638413,0.10182827711105347,0.9745293259620667,0.8595792055130005
YLR254C,YDR418W,0,-6.6391606,0.10181649774312973,0.9745293259620667,0.8596899509429932
YML128C,YCR033W,1,-6.639791,0.10192040354013443,0.9756367802619934,0.8596899509429932
YMR285C,YOR132W,0,-6.6399493,0.1019086167216301,0.9756367802619934,0.8598006367683411
YMR220W,YNL142W,0,-6.6412497,0.10189682990312576,0.9756367802619934,0.8599113821983337
YPR100W,YDL134C,0,-6.6412516,0.10188505053520203,0.9756367802619934,0.8600221276283264
YCR012W,YOR361C,0,-6.641896,0.10187326371669769,0.9756367802619934,0.8601328730583191
YMR211W,YOR027W,0,-6.6438107,0.10186148434877396,0.9756367802619934,0.8602436184883118
YPR068C,YOR361C,0,-6.64413,0.10184971243143082,0.9756367802619934,0.8603543639183044
YNR017W,YMR182C,0,-6.6445756,0.10183794051408768,0.9756367802619934,0.8604651093482971
YLR100W,YDL213C,0,-6.645021,0.10182616859674454,0.9756367802619934,0.8605758547782898
YEL018W,YIL016W,0,-6.6458826,0.1018143966794014,0.9756367802619934,0.8606866002082825
YMR276W,YJR042W,0,-6.6459813,0.10180263221263885,0.9756367802619934,0.8607973456382751
YMR290C,YGR135W,0,-6.64783,0.10179087519645691,0.9756367802619934,0.8609080910682678
YKL015W,YHR106W,0,-6.6481657,0.10177911072969437,0.9756367802619934,0.8610188364982605
YHR074W,YPL274W,0,-6.6481986,0.10176735371351242,0.9756367802619934,0.8611295819282532
YIL040W,YPL154C,0,-6.649951,0.10175560414791107,0.9756367802619934,0.8612403273582458
YJL196C,YOL071W,0,-6.6505923,0.10174384713172913,0.9756367802619934,0.8613510727882385
YDR153C,YGL150C,0,-6.6509094,0.10173210501670837,0.9756367802619934,0.8614618182182312
YDR377W,YNL251C,0,-6.6510925,0.10172035545110703,0.9756367802619934,0.8615725636482239
YHR114W,YDR158W,0,-6.6513495,0.10170861333608627,0.9756367802619934,0.8616832494735718
YAL035W,YGR121C,0,-6.6514316,0.10169687122106552,0.9756367802619934,0.8617939949035645
YLR295C,YGR085C,0,-6.653452,0.10168513655662537,0.9756367802619934,0.8619047403335571
YAL040C,YKL035W,0,-6.6535096,0.10167340189218521,0.9756367802619934,0.8620154857635498
YMR240C,YDR245W,0,-6.6548624,0.10166166722774506,0.9756367802619934,0.8621262311935425
YPL240C,YDR407C,0,-6.65503,0.1016499400138855,0.9756367802619934,0.8622369766235352
YNL123W,YNL248C,0,-6.6559086,0.10163821280002594,0.9756367802619934,0.8623477220535278
YOR373W,YPL237W,0,-6.656716,0.10162648558616638,0.9756367802619934,0.8624584674835205
YIL038C,YGL169W,0,-6.657087,0.10161476582288742,0.9756367802619934,0.8625692129135132
YHR081W,YMR112C,0,-6.6573143,0.10160304605960846,0.9756367802619934,0.8626799583435059
YGR091W,YHR106W,0,-6.658867,0.1015913262963295,0.9756367802619934,0.8627907037734985
YFR046C,YDL208W,0,-6.659138,0.10157961398363113,0.9756367802619934,0.8629014492034912
YNR027W,YNL064C,0,-6.659777,0.10156790167093277,0.9756367802619934,0.8630121946334839
YGL245W,YAR031W,0,-6.6599135,0.101556196808815,0.9756367802619934,0.8631229400634766
YFR008W,YGL097W,0,-6.6601443,0.10154449194669724,0.9756367802619934,0.8632336854934692
YER119C,YPL117C,0,-6.660772,0.10153278708457947,0.9756367802619934,0.8633444309234619
YOR232W,YOR274W,0,-6.661053,0.1015210896730423,0.9756367802619934,0.8634551763534546
YNL094W,YDL076C,0,-6.661279,0.10150939226150513,0.9756367802619934,0.8635658621788025
YPR017C,YHR196W,0,-6.6616364,0.10149769484996796,0.9756367802619934,0.8636766076087952
YDR487C,YDR346C,0,-6.662556,0.10148600488901138,0.9756367802619934,0.8637873530387878
YEL032W,YGR095C,0,-6.662976,0.10147431492805481,0.9756367802619934,0.8638980984687805
YPL093W,YDR057W,0,-6.6634784,0.10146262496709824,0.9756367802619934,0.8640088438987732
YMR083W,YGR216C,0,-6.66392,0.10145094245672226,0.9756367802619934,0.8641195893287659
YPL212C,YGR270W,0,-6.6639943,0.10143925994634628,0.9756367802619934,0.8642303347587585
YHR081W,YMR008C,0,-6.664476,0.1014275848865509,0.9756367802619934,0.8643410801887512
YJR025C,YDR382W,0,-6.66456,0.10141590982675552,0.9756367802619934,0.8644518256187439
YHR114W,YHL011C,0,-6.665841,0.10140423476696014,0.9756367802619934,0.8645625710487366
YER016W,YBR257W,0,-6.6677084,0.10139256715774536,0.9756367802619934,0.8646733164787292
YBL069W,YBR061C,0,-6.6682363,0.10138089954853058,0.9756367802619934,0.8647840619087219
YLL024C,YMR260C,0,-6.668261,0.1013692319393158,0.9756367802619934,0.8648948073387146
YAL051W,YPR178W,0,-6.668469,0.10135757178068161,0.9756367802619934,0.8650055527687073
YKL186C,YJL045W,0,-6.669294,0.10134591162204742,0.9756367802619934,0.8651162981987
YDR245W,YML105C,0,-6.670029,0.10133425146341324,0.9756367802619934,0.8652270436286926
YML078W,YMR264W,0,-6.6702437,0.10132259875535965,0.9756367802619934,0.8653377890586853
YOL005C,YNL197C,0,-6.671446,0.10131094604730606,0.9756367802619934,0.865448534488678
YGR159C,YNL121C,0,-6.672111,0.10129930078983307,0.9756367802619934,0.8655592203140259
YOR335C,YGR028W,0,-6.6722994,0.10128765553236008,0.9756367802619934,0.8656699657440186
YAL051W,YJL191W,0,-6.6724105,0.10127601027488708,0.9756367802619934,0.8657807111740112
YHL048W,YGR147C,0,-6.6728015,0.10126436501741409,0.9756367802619934,0.8658914566040039
YGR055W,YPL206C,0,-6.674252,0.1012527272105217,0.9756367802619934,0.8660022020339966
YDR052C,YPL093W,0,-6.674682,0.1012410968542099,0.9756367802619934,0.8661129474639893
YPR171W,YOR133W,0,-6.676021,0.1012294590473175,0.9756367802619934,0.8662236928939819
YOR035C,YKL126W,0,-6.6762576,0.1012178286910057,0.9756367802619934,0.8663344383239746
YLR318W,YPL240C,0,-6.67656,0.1012062057852745,0.9756367802619934,0.8664451837539673
YAL051W,YDL212W,0,-6.6771584,0.10119457542896271,0.9756367802619934,0.86655592918396
YDR153C,YPL212C,0,-6.6771703,0.1011829525232315,0.9756367802619934,0.8666666746139526
YMR240C,YHR067W,0,-6.6778607,0.1011713370680809,0.9756367802619934,0.8667774200439453
YDR487C,YPL144W,0,-6.6779423,0.1011597216129303,0.9756367802619934,0.866888165473938
YML004C,YLR009W,0,-6.6781926,0.1011481061577797,0.9756367802619934,0.8669989109039307
YBL069W,YOR109W,0,-6.678311,0.10113649070262909,0.9756367802619934,0.8671096563339233
YDL212W,YMR053C,0,-6.678941,0.10112488269805908,0.9756367802619934,0.867220401763916
YHR055C,YKL099C,0,-6.6807427,0.10111328214406967,0.9756367802619934,0.8673311471939087
YPR190C,YDL130W-A,0,-6.682021,0.10110167413949966,0.9756367802619934,0.8674418330192566
YAR007C,YJR007W,0,-6.68282,0.10109007358551025,0.9756367802619934,0.8675525784492493
YMR290C,YLR452C,0,-6.684295,0.10107847303152084,0.9756367802619934,0.8676633238792419
YDL078C,YBR296C,0,-6.687184,0.10106687992811203,0.9756367802619934,0.8677740693092346
YEL034W,YKL032C,0,-6.687493,0.10105528682470322,0.9756367802619934,0.8678848147392273
YIL035C,YDL111C,0,-6.6883435,0.101043701171875,0.9756367802619934,0.86799556016922
YPL075W,YMR229C,0,-6.6885858,0.10103210806846619,0.9756367802619934,0.8681063055992126
YCR065W,YJL001W,0,-6.689281,0.10102052241563797,0.9756367802619934,0.8682170510292053
YGR008C,YBR165W,0,-6.6903405,0.10100894421339035,0.9756367802619934,0.868327796459198
YOR056C,YIL076W,0,-6.691402,0.10099736601114273,0.9756367802619934,0.8684385418891907
YBR121C,YOR216C,0,-6.6915183,0.10098578780889511,0.9756367802619934,0.8685492873191833
YNR035C,YIL098C,0,-6.691809,0.10097420960664749,0.9756367802619934,0.868660032749176
YLR155C,YGR159C,0,-6.6918826,0.10096263885498047,0.9756367802619934,0.8687707781791687
YML116W,YDL033C,0,-6.6920404,0.10095106810331345,0.9756367802619934,0.8688815236091614
YMR276W,YDR324C,0,-6.6922784,0.10093950480222702,0.9756367802619934,0.868992269039154
YER151C,YMR243C,0,-6.6937914,0.1009279415011406,0.9756367802619934,0.8691030144691467
YOR147W,YJL001W,0,-6.693811,0.10091637820005417,0.9756367802619934,0.8692137598991394
YOR198C,YMR190C,1,-6.6945996,0.10101935267448425,0.9767441749572754,0.8692137598991394
YDR148C,YDR201W,0,-6.695084,0.10100778937339783,0.9767441749572754,0.8693244457244873
YNL219C,YGR119C,0,-6.695182,0.1009962186217308,0.9767441749572754,0.86943519115448
YGR145W,YNL293W,0,-6.695417,0.10098465532064438,0.9767441749572754,0.8695459365844727
YMR053C,YDR346C,0,-6.695782,0.10097309947013855,0.9767441749572754,0.8696566820144653
YOL165C,YMR143W,0,-6.6957917,0.10096153616905212,0.9767441749572754,0.869767427444458
YMR161W,YBR079C,0,-6.6961904,0.1009499803185463,0.9767441749572754,0.8698781728744507
YEL061C,YIL018W,0,-6.69649,0.10093843191862106,0.9767441749572754,0.8699889183044434
YOR281C,YDR382W,0,-6.697129,0.10092687606811523,0.9767441749572754,0.870099663734436
YMR112C,YOL115W,0,-6.6973386,0.1009153351187706,0.9767441749572754,0.8702104091644287
YMR161W,YPL031C,0,-6.697842,0.10090378671884537,0.9767441749572754,0.8703211545944214
YML128C,YHR014W,1,-6.6994586,0.1010066345334053,0.9778516292572021,0.8703211545944214
YFR033C,YJR019C,0,-6.700744,0.10099507868289948,0.9778516292572021,0.8704319000244141
YOR030W,YBR142W,0,-6.7008247,0.10098353028297424,0.9778516292572021,0.8705426454544067
YIL065C,YDR279W,0,-6.701677,0.10097198188304901,0.9778516292572021,0.8706533908843994
YER126C,YMR182C,0,-6.7022853,0.10096044093370438,0.9778516292572021,0.8707641363143921
YJL014W,YBR293W,0,-6.7025685,0.10094889998435974,0.9778516292572021,0.8708748817443848
YOR185C,YBR072W,0,-6.703099,0.1009373590350151,0.9778516292572021,0.8709856271743774
YNL142W,YGL097W,0,-6.7037597,0.10092581808567047,0.9778516292572021,0.8710963726043701
YAL040C,YMR313C,0,-6.7037883,0.10091428458690643,0.9778516292572021,0.871207058429718
YML128C,YFL033C,1,-6.7049713,0.10101702809333801,0.9789590239524841,0.871207058429718
YNL123W,YGR104C,0,-6.7050824,0.10100548714399338,0.9789590239524841,0.8713178038597107
YGR216C,YKL006C-A,0,-6.70649,0.10099394619464874,0.9789590239524841,0.8714285492897034
YNR017W,YHR196W,0,-6.7068458,0.10098240524530411,0.9789590239524841,0.871539294719696
YPR033C,YNL121C,0,-6.707565,0.10097087174654007,0.9789590239524841,0.8716500401496887
YMR161W,YNL085W,0,-6.7083907,0.10095934569835663,0.9789590239524841,0.8717607855796814
YPR017C,YGR216C,0,-6.708458,0.10094781219959259,0.9789590239524841,0.8718715310096741
YHR074W,YKL117W,0,-6.709493,0.10093628615140915,0.9789590239524841,0.8719822764396667
YJR078W,YIL138C,0,-6.7102838,0.10092476010322571,0.9789590239524841,0.8720930218696594
YJL192C,YGR002C,0,-6.7108397,0.10091324150562286,0.9789590239524841,0.8722037672996521
YHL048W,YDR300C,0,-6.7109113,0.10090172290802002,0.9789590239524841,0.8723145127296448
YOR030W,YGL150C,0,-6.7112393,0.10089020431041718,0.9789590239524841,0.8724252581596375
YLR429W,YDL148C,0,-6.7116265,0.10087869316339493,0.9789590239524841,0.8725360035896301
YNL006W,YMR143W,0,-6.7123814,0.10086718201637268,0.9789590239524841,0.8726467490196228
YNL098C,YPL152W,0,-6.713242,0.10085567831993103,0.9789590239524841,0.8727574944496155
YOR094W,YOR133W,0,-6.7132454,0.10084416717290878,0.9789590239524841,0.8728682398796082
YBR154C,YER019C-A,0,-6.714048,0.10083267092704773,0.9789590239524841,0.8729789853096008
YER119C,YOL124C,0,-6.7142415,0.10082116723060608,0.9789590239524841,0.8730897307395935
YDR461W,YNL113W,0,-6.7145457,0.10080967098474503,0.9789590239524841,0.8732004165649414
YNR044W,YNL121C,0,-6.7158947,0.10079817473888397,0.9789590239524841,0.8733111619949341
YDR420W,YCL031C,0,-6.7175326,0.10078668594360352,0.9789590239524841,0.8734219074249268
YGL252C,YDR346C,0,-6.717816,0.10077519714832306,0.9789590239524841,0.8735326528549194
YKL035W,YPL144W,0,-6.717847,0.1007637083530426,0.9789590239524841,0.8736433982849121
YCL017C,YDR400W,0,-6.7179503,0.10075221955776215,0.9789590239524841,0.8737541437149048
YEL009C,YHR015W,0,-6.718614,0.10074073821306229,0.9789590239524841,0.8738648891448975
YBR072W,YCL031C,0,-6.7192163,0.10072926431894302,0.9789590239524841,0.8739756345748901
YLR214W,YLR347C,0,-6.719244,0.10071778297424316,0.9789590239524841,0.8740863800048828
YBR079C,YDL212W,0,-6.71946,0.1007063090801239,0.9789590239524841,0.8741971254348755
YDR435C,YDR346C,0,-6.7197185,0.10069484263658524,0.9789590239524841,0.8743078708648682
YDR245W,YGL252C,0,-6.7198515,0.10068336874246597,0.9789590239524841,0.8744186162948608
YBR036C,YDL213C,0,-6.721065,0.10067190229892731,0.9789590239524841,0.8745293617248535
YDL137W,YGR246C,0,-6.722188,0.10066044330596924,0.9789590239524841,0.8746401071548462
YER051W,YBR154C,0,-6.7227044,0.10064898431301117,0.9789590239524841,0.8747508525848389
YHR072W,YDR129C,0,-6.7233973,0.1006375253200531,0.9789590239524841,0.8748615980148315
YHR114W,YKL081W,0,-6.724073,0.10062606632709503,0.9789590239524841,0.8749723434448242
YDR284C,YDR489W,0,-6.7246976,0.10061461478471756,0.9789590239524841,0.8750830292701721
YLR134W,YDR160W,0,-6.7267795,0.10060316324234009,0.9789590239524841,0.8751937747001648
YNR017W,YKL074C,0,-6.7275114,0.10059171915054321,0.9789590239524841,0.8753045201301575
YHR055C,YAL033W,0,-6.728597,0.10058026760816574,0.9789590239524841,0.8754152655601501
YHR081W,YKL001C,0,-6.7289615,0.10056883096694946,0.9789590239524841,0.8755260109901428
YBL084C,YGR167W,0,-6.7296433,0.10055738687515259,0.9789590239524841,0.8756367564201355
YPR171W,YBR154C,0,-6.729763,0.10054595023393631,0.9789590239524841,0.8757475018501282
YGL119W,YLR220W,0,-6.729958,0.10053451359272003,0.9789590239524841,0.8758582472801208
YOL010W,YMR305C,0,-6.730225,0.10052308440208435,0.9789590239524841,0.8759689927101135
YDL004W,YHR091C,0,-6.7311096,0.10051165521144867,0.9789590239524841,0.8760797381401062
YLR009W,YDL081C,0,-6.732479,0.10050022602081299,0.9789590239524841,0.8761904835700989
YNR044W,YPL087W,0,-6.732971,0.1004888042807579,0.9789590239524841,0.8763012290000916
YJL024C,YIL098C,0,-6.7330594,0.10047738254070282,0.9789590239524841,0.8764119744300842
YKL186C,YGL111W,0,-6.7341485,0.10046596080064774,0.9789590239524841,0.8765227198600769
YOL044W,YJR127C,0,-6.7345695,0.10045454651117325,0.9789590239524841,0.8766334652900696
YJL003W,YER127W,0,-6.7350526,0.10044313222169876,0.9789590239524841,0.8767442107200623
YNL219C,YPR187W,0,-6.7354684,0.10043171793222427,0.9789590239524841,0.8768549561500549
YBR121C,YOL094C,0,-6.735934,0.10042031109333038,0.9789590239524841,0.8769656419754028
YNL029C,YDL208W,0,-6.7359858,0.10040890425443649,0.9789590239524841,0.8770763874053955
YLL002W,YNL064C,0,-6.73686,0.1003975048661232,0.9789590239524841,0.8771871328353882
YOR232W,YOL112W,0,-6.738139,0.10038609802722931,0.9789590239524841,0.8772978782653809
YBR296C,YIL018W,0,-6.739224,0.10037469863891602,0.9789590239524841,0.8774086236953735
YPL127C,YNL064C,0,-6.7399697,0.10036330670118332,0.9789590239524841,0.8775193691253662
YAL040C,YLL022C,0,-6.740696,0.10035191476345062,0.9789590239524841,0.8776301145553589
YKL186C,YER126C,0,-6.741859,0.10034052282571793,0.9789590239524841,0.8777408599853516
YBR121C,YOL042W,0,-6.742524,0.10032913088798523,0.9789590239524841,0.8778516054153442
YIL035C,YGL100W,0,-6.7425294,0.10031774640083313,0.9789590239524841,0.8779623508453369
YPL128C,YLR181C,0,-6.7426,0.10030636191368103,0.9789590239524841,0.8780730962753296
YGR264C,YDR461W,0,-6.7426667,0.10029498487710953,0.9789590239524841,0.8781838417053223
YOR297C,YER151C,0,-6.7426753,0.10028360784053802,0.9789590239524841,0.8782945871353149
YER016W,YGR081C,0,-6.743794,0.10027223080396652,0.9789590239524841,0.8784053325653076
YJL115W,YKL081W,0,-6.743884,0.10026086121797562,0.9789590239524841,0.8785160779953003
YHR067W,YJL190C,0,-6.7445774,0.10024949163198471,0.9789590239524841,0.878626823425293
YOR198C,YML095C,1,-6.7449675,0.10035151243209839,0.9800664186477661,0.878626823425293
YJL020C,YDL213C,0,-6.745294,0.10034013539552689,0.9800664186477661,0.8787375688552856
YNL231C,YML091C,0,-6.745401,0.10032875835895538,0.9800664186477661,0.8788482546806335
YPL093W,YDR259C,0,-6.7468553,0.10031738877296448,0.9800664186477661,0.8789590001106262
YGR264C,YLR410W,0,-6.7475953,0.10030601918697357,0.9800664186477661,0.8790697455406189
YFR046C,YBR142W,0,-6.7487197,0.10029464960098267,0.9800664186477661,0.8791804909706116
YLR256W,YJR050W,0,-6.748795,0.10028328746557236,0.9800664186477661,0.8792912364006042
YJL191W,YDR129C,0,-6.7488503,0.10027192533016205,0.9800664186477661,0.8794019818305969
YBR205W,YKR028W,0,-6.7492633,0.10026056319475174,0.9800664186477661,0.8795127272605896
YDR101C,YDR435C,0,-6.749822,0.10024920850992203,0.9800664186477661,0.8796234726905823
YBR205W,YKL038W,0,-6.7502155,0.10023785382509232,0.9800664186477661,0.879734218120575
YNL294C,YDR057W,0,-6.750441,0.1002264991402626,0.9800664186477661,0.8798449635505676
YDR062W,YPL237W,0,-6.7512536,0.10021515190601349,0.9800664186477661,0.8799557089805603
YMR182C,YLL024C,0,-6.751724,0.10020380467176437,0.9800664186477661,0.880066454410553
YNL142W,YPL193W,0,-6.7518554,0.10019245743751526,0.9800664186477661,0.8801771998405457
YAL017W,YGR156W,0,-6.752984,0.10018111765384674,0.9800664186477661,0.8802879452705383
YMR290C,YDR268W,0,-6.7548633,0.10016977787017822,0.9800664186477661,0.880398690700531
YLR056W,YLR069C,0,-6.755242,0.1001584455370903,0.9800664186477661,0.8805094361305237
YOL021C,YPL016W,0,-6.755951,0.10014710575342178,0.9800664186477661,0.8806201815605164
YOR074C,YPL221W,0,-6.756067,0.10013578087091446,0.9800664186477661,0.8807308673858643
YJL081C,YOR294W,0,-6.756366,0.10012444853782654,0.9800664186477661,0.8808416128158569
YHR191C,YGR028W,0,-6.757182,0.10011312365531921,0.9800664186477661,0.8809523582458496
YCL031C,YMR088C,0,-6.758699,0.10010179877281189,0.9800664186477661,0.8810631036758423
YDR300C,YFL059W,0,-6.758944,0.10009047389030457,0.9800664186477661,0.881173849105835
YCR024C-A,YOR224C,0,-6.7595363,0.10007915645837784,0.9800664186477661,0.8812845945358276
YDR175C,YGR281W,0,-6.759641,0.10006783902645111,0.9800664186477661,0.8813953399658203
YDR448W,YHR067W,0,-6.7608047,0.10005652904510498,0.9800664186477661,0.881506085395813
YOR232W,YDR247W,0,-6.761678,0.10004521906375885,0.9800664186477661,0.8816168308258057
YGR140W,YKL035W,0,-6.761708,0.10003390908241272,0.9800664186477661,0.8817275762557983
YMR188C,YGL255W,0,-6.7622695,0.10002260655164719,0.9800664186477661,0.881838321685791
YKL019W,YOR027W,0,-6.7636857,0.10001130402088165,0.9800664186477661,0.8819490671157837
YBR121C,YPL159C,0,-6.763976,0.10000000149011612,0.9800664186477661,0.8820598125457764
YML064C,YKL099C,0,-6.764557,0.09998869895935059,0.9800664186477661,0.882170557975769
YPL218W,YDL064W,0,-6.7649755,0.09997740387916565,0.9800664186477661,0.8822813034057617
YAL035W,YLR095C,0,-6.7652287,0.09996611624956131,0.9800664186477661,0.8823920488357544
YJL094C,YPL237W,0,-6.765346,0.09995482116937637,0.9800664186477661,0.8825027942657471
YER053C,YHL025W,0,-6.766091,0.09994353353977203,0.9800664186477661,0.8826135396957397
YGR279C,YDR356W,0,-6.766112,0.0999322459101677,0.9800664186477661,0.8827242255210876
YKL186C,YOR361C,0,-6.76613,0.09992096573114395,0.9800664186477661,0.8828349709510803
YPL117C,YOR085W,0,-6.766272,0.09990968555212021,0.9800664186477661,0.882945716381073
YMR290C,YJL100W,0,-6.767922,0.09989840537309647,0.9800664186477661,0.8830564618110657
YLR186W,YKL186C,0,-6.767957,0.09988713264465332,0.9800664186477661,0.8831672072410583
YLR069C,YGR055W,0,-6.7682214,0.09987585991621017,0.9800664186477661,0.883277952671051
YNR046W,YGL255W,0,-6.768486,0.09986458718776703,0.9800664186477661,0.8833886981010437
YLR438C-A,YGL210W,0,-6.768905,0.09985332190990448,0.9800664186477661,0.8834994435310364
YIL040W,YGR135W,0,-6.7690926,0.09984205663204193,0.9800664186477661,0.883610188961029
YML051W,YEL034W,0,-6.769635,0.09983079880475998,0.9800664186477661,0.8837209343910217
YDL084W,YLR410W,0,-6.7697387,0.09981953352689743,0.9800664186477661,0.8838316798210144
YJL024C,YDR324C,0,-6.7698965,0.09980827569961548,0.9800664186477661,0.8839424252510071
YNL117W,YNR053C,0,-6.770065,0.09979702532291412,0.9800664186477661,0.8840531706809998
YPR124W,YIL076W,0,-6.7702575,0.09978576749563217,0.9800664186477661,0.8841639161109924
YGR085C,YOR076C,0,-6.771063,0.09977452456951141,0.9800664186477661,0.8842746615409851
YMR188C,YPL218W,0,-6.7715936,0.09976327419281006,0.9800664186477661,0.8843854069709778
YDR434W,YIL167W,0,-6.7722435,0.0997520312666893,0.9800664186477661,0.8844961524009705
YGR147C,YPL212C,0,-6.773094,0.09974078834056854,0.9800664186477661,0.8846068382263184
YDR211W,YPL218W,0,-6.774053,0.09972954541444778,0.9800664186477661,0.884717583656311
YNL223W,YOR224C,0,-6.774082,0.09971830993890762,0.9800664186477661,0.8848283290863037
YCR088W,YGR143W,0,-6.7742305,0.09970707446336746,0.9800664186477661,0.8849390745162964
YOL051W,YJR069C,0,-6.774476,0.0996958464384079,0.9800664186477661,0.8850498199462891
YLR370C,YDL148C,0,-6.774588,0.09968461096286774,0.9800664186477661,0.8851605653762817
YEL018W,YBR121C,0,-6.7751546,0.09967338293790817,0.9800664186477661,0.8852713108062744
YOL021C,YHR106W,0,-6.775686,0.0996621623635292,0.9800664186477661,0.8853820562362671
YGL144C,YNL079C,0,-6.7764134,0.09965094178915024,0.9800664186477661,0.8854928016662598
YJL063C,YDR238C,0,-6.7768617,0.09963972121477127,0.9800664186477661,0.8856035470962524
YLR231C,YOR001W,0,-6.7779603,0.0996285006403923,0.9800664186477661,0.8857142925262451
YOR023C,YKL186C,0,-6.778072,0.09961728751659393,0.9800664186477661,0.8858250379562378
YGL245W,YLR410W,0,-6.7786345,0.09960607439279556,0.9800664186477661,0.8859357833862305
YGR119C,YAL017W,0,-6.7810035,0.09959486871957779,0.9800664186477661,0.8860465288162231
YLR155C,YBR079C,0,-6.7838645,0.09958366304636002,0.9800664186477661,0.8861572742462158
YNL079C,YNR046W,0,-6.78417,0.09957245737314224,0.9800664186477661,0.8862680196762085
YPR171W,YPR187W,0,-6.7844586,0.09956125915050507,0.9800664186477661,0.8863787651062012
YDL078C,YDL185W,0,-6.7851305,0.09955005347728729,0.9800664186477661,0.8864894509315491
YDR103W,YLR181C,0,-6.7852902,0.09953886270523071,0.9800664186477661,0.8866001963615417
YPL049C,YGR143W,0,-6.7854,0.09952766448259354,0.9800664186477661,0.8867109417915344
YNL142W,YLL024C,0,-6.786485,0.09951647371053696,0.9800664186477661,0.8868216872215271
YGR145W,YJL093C,0,-6.787454,0.09950528293848038,0.9800664186477661,0.8869324326515198
YJR078W,YDL099W,0,-6.788901,0.0994940996170044,0.9800664186477661,0.8870431780815125
YLR231C,YNL064C,0,-6.7889113,0.09948291629552841,0.9800664186477661,0.8871539235115051
YPL046C,YBR079C,0,-6.788925,0.09947173297405243,0.9800664186477661,0.8872646689414978
YOL102C,YNL064C,0,-6.7889752,0.09946054965257645,0.9800664186477661,0.8873754143714905
YJL014W,YMR236W,0,-6.789927,0.09944937378168106,0.9800664186477661,0.8874861598014832
YGR055W,YDL190C,0,-6.792807,0.09943820536136627,0.9800664186477661,0.8875969052314758
YIL038C,YMR235C,0,-6.7938766,0.09942702949047089,0.9800664186477661,0.8877076506614685
YGL207W,YML028W,0,-6.794581,0.0994158610701561,0.9800664186477661,0.8878183960914612
YPL237W,YKL041W,0,-6.7948194,0.09940469264984131,0.9800664186477661,0.8879291415214539
YHR114W,YDL084W,0,-6.7949033,0.09939353168010712,0.9800664186477661,0.8880398869514465
YDR284C,YNL229C,0,-6.795836,0.09938237071037292,0.9800664186477661,0.8881506323814392
YOR109W,YER013W,0,-6.7959833,0.09937120974063873,0.9800664186477661,0.8882613778114319
YKL192C,YHR055C,0,-6.796897,0.09936005622148514,0.9800664186477661,0.8883720636367798
YDL130W-A,YDR457W,0,-6.7990193,0.09934890270233154,0.9800664186477661,0.8884828090667725
YJR078W,YAR007C,0,-6.7993913,0.09933774918317795,0.9800664186477661,0.8885935544967651
YEL018W,YGR095C,0,-6.800411,0.09932659566402435,0.9800664186477661,0.8887042999267578
YNL059C,YML051W,0,-6.8004155,0.09931544959545135,0.9800664186477661,0.8888150453567505
YGR280C,YGL163C,0,-6.8018003,0.09930431097745895,0.9800664186477661,0.8889257907867432
YPL051W,YPL154C,0,-6.802155,0.09929316490888596,0.9800664186477661,0.8890365362167358
YMR285C,YJL190C,0,-6.8026276,0.09928202629089355,0.9800664186477661,0.8891472816467285
YPL244C,YGR159C,0,-6.804733,0.09927089512348175,0.9800664186477661,0.8892580270767212
YGR267C,YBR198C,0,-6.804806,0.09925975650548935,0.9800664186477661,0.8893687725067139
YJR155W,YML010W,0,-6.8052726,0.09924862533807755,0.9800664186477661,0.8894795179367065
YBR121C,YJL001W,0,-6.8055606,0.09923749417066574,0.9800664186477661,0.8895902633666992
YLR370C,YOL005C,0,-6.805642,0.09922637045383453,0.9800664186477661,0.8897010087966919
YDR302W,YCL001W,0,-6.8064876,0.09921524673700333,0.9800664186477661,0.8898117542266846
YMR211W,YGR028W,0,-6.806691,0.09920412302017212,0.9800664186477661,0.8899224996566772
YDR101C,YLR056W,0,-6.807297,0.09919300675392151,0.9800664186477661,0.8900332450866699
YBR296C,YDR346C,0,-6.8073907,0.0991818904876709,0.9800664186477661,0.8901439905166626
YBR121C,YCL001W,0,-6.8081174,0.09917077422142029,0.9800664186477661,0.8902547359466553
YBR272C,YJR002W,0,-6.8089414,0.09915966540575027,0.9800664186477661,0.8903654217720032
YBL020W,YLR371W,0,-6.8090363,0.09914855659008026,0.9800664186477661,0.8904761672019958
YJL020C,YOR361C,0,-6.809327,0.09913744777441025,0.9800664186477661,0.8905869126319885
YBL069W,YPL031C,0,-6.809651,0.09912634640932083,0.9800664186477661,0.8906976580619812
YPR135W,YPL221W,0,-6.8098893,0.09911524504423141,0.9800664186477661,0.8908084034919739
YER155C,YPL270W,0,-6.8102493,0.099104143679142,0.9800664186477661,0.8909191489219666
YER107C,YLL022C,0,-6.8108745,0.09909304976463318,0.9800664186477661,0.8910298943519592
YOR168W,YIL075C,0,-6.811217,0.09908195585012436,0.9800664186477661,0.8911406397819519
YAL030W,YKR056W,0,-6.811588,0.09907086193561554,0.9800664186477661,0.8912513852119446
YKL179C,YHR021C,0,-6.8121543,0.09905976802110672,0.9800664186477661,0.8913621306419373
YPR033C,YJR126C,0,-6.8128123,0.0990486815571785,0.9800664186477661,0.8914728760719299
YNR035C,YPR133C,0,-6.8128805,0.09903760254383087,0.9800664186477661,0.8915836215019226
YMR199W,YGR214W,0,-6.813561,0.09902651607990265,0.9800664186477661,0.8916943669319153
YLR114C,YNL286W,0,-6.8136945,0.09901543706655502,0.9800664186477661,0.891805112361908
YOL071W,YER053C,0,-6.8139,0.099004365503788,0.9800664186477661,0.8919158577919006
YBR212W,YGL252C,0,-6.814065,0.09899328649044037,0.9800664186477661,0.8920266032218933
YDL161W,YJL094C,0,-6.814096,0.09898221492767334,0.9800664186477661,0.892137348651886
YLR009W,YLR371W,0,-6.814556,0.09897115081548691,0.9800664186477661,0.8922480344772339
YHR072W,YGR008C,0,-6.8146105,0.09896007925271988,0.9800664186477661,0.8923587799072266
YPL159C,YOL010W,0,-6.8158336,0.09894901514053345,0.9800664186477661,0.8924695253372192
YCR082W,YGL097W,0,-6.8159213,0.09893795102834702,0.9800664186477661,0.8925802707672119
YGR264C,YJR042W,0,-6.81621,0.09892689436674118,0.9800664186477661,0.8926910161972046
YNL123W,YLL002W,0,-6.816612,0.09891583770513535,0.9800664186477661,0.8928017616271973
YHL019C,YKL152C,0,-6.8166466,0.09890478104352951,0.9800664186477661,0.8929125070571899
YHR114W,YHR072W,0,-6.816935,0.09889373183250427,0.9800664186477661,0.8930232524871826
YOR281C,YOR270C,0,-6.817435,0.09888268262147903,0.9800664186477661,0.8931339979171753
YPR133C,YPL237W,0,-6.8181796,0.0988716334104538,0.9800664186477661,0.893244743347168
YIL114C,YOR361C,0,-6.818295,0.09886059165000916,0.9800664186477661,0.8933554887771606
YGR119C,YHR050W,0,-6.8188663,0.09884954988956451,0.9800664186477661,0.8934662342071533
YPL031C,YER013W,0,-6.819729,0.09883850812911987,0.9800664186477661,0.893576979637146
YDR254W,YLR347C,0,-6.819896,0.09882747381925583,0.9800664186477661,0.8936877250671387
YGR246C,YIL018W,0,-6.8202486,0.09881643950939178,0.9800664186477661,0.8937984704971313
YDL093W,YGR128C,0,-6.8210487,0.09880540519952774,0.9800664186477661,0.893909215927124
YHL048W,YOL102C,0,-6.8212156,0.0987943708896637,0.9800664186477661,0.8940199613571167
YLR009W,YOR270C,0,-6.822311,0.09878334403038025,0.9800664186477661,0.8941306471824646
YDR279W,YDR175C,0,-6.8227696,0.0987723246216774,0.9800664186477661,0.8942413926124573
YOL139C,YNL145W,0,-6.824079,0.09876129776239395,0.9800664186477661,0.89435213804245
YIL051C,YDR166C,0,-6.825172,0.0987502783536911,0.9800664186477661,0.8944628834724426
YDR346C,YBR061C,0,-6.825269,0.09873925894498825,0.9800664186477661,0.8945736289024353
YOR185C,YDR167W,0,-6.826033,0.098728246986866,0.9800664186477661,0.894684374332428
YIL038C,YLR410W,0,-6.826603,0.09871723502874374,0.9800664186477661,0.8947951197624207
YJR063W,YDL185W,0,-6.826755,0.09870622307062149,0.9800664186477661,0.8949058651924133
YDR461W,YDL185W,0,-6.8272204,0.09869521856307983,0.9800664186477661,0.895016610622406
YPL274W,YGL100W,0,-6.828214,0.09868421405553818,0.9800664186477661,0.8951273560523987
YMR173W,YPL206C,0,-6.829004,0.09867320954799652,0.9800664186477661,0.8952381014823914
YEL063C,YLR368W,0,-6.8294253,0.09866220504045486,0.9800664186477661,0.895348846912384
YKL176C,YGR094W,0,-6.8295507,0.0986512079834938,0.9800664186477661,0.8954595923423767
YBR121C,YLR386W,0,-6.829795,0.09864021092653275,0.9800664186477661,0.8955703377723694
YBR072W,YEL031W,0,-6.8305173,0.09862922132015228,0.9800664186477661,0.8956810832023621
YDR216W,YMR143W,0,-6.8310447,0.09861823171377182,0.9800664186477661,0.8957918286323547
YNL231C,YOL080C,0,-6.831177,0.09860724210739136,0.9800664186477661,0.8959025740623474
YGL150C,YOR001W,0,-6.831798,0.09859625995159149,0.9800664186477661,0.8960132598876953
YOR185C,YLL021W,0,-6.832606,0.09858527034521103,0.9800664186477661,0.896124005317688
YIL040W,YER054C,0,-6.834064,0.09857429563999176,0.9800664186477661,0.8962347507476807
YOR354C,YCR033W,1,-6.834749,0.09867468476295471,0.9811738729476929,0.8962347507476807
YGL252C,YOR076C,0,-6.834804,0.09866369515657425,0.9811738729476929,0.8963454961776733
YOR133W,YML021C,0,-6.8350306,0.09865271300077438,0.9811738729476929,0.896456241607666
YAL040C,YGR085C,0,-6.835377,0.09864173084497452,0.9811738729476929,0.8965669870376587
YGR095C,YDR166C,0,-6.8365474,0.09863074868917465,0.9811738729476929,0.8966777324676514
YPL117C,YKL032C,0,-6.836642,0.09861976653337479,0.9811738729476929,0.896788477897644
YCR012W,YDR201W,0,-6.8371477,0.09860879182815552,0.9811738729476929,0.8968992233276367
YPL123C,YHL025W,0,-6.837195,0.09859781712293625,0.9811738729476929,0.8970099687576294
YKL170W,YJL210W,0,-6.837629,0.09858684986829758,0.9811738729476929,0.8971207141876221
YOL010W,YJL093C,0,-6.8387084,0.0985758826136589,0.9811738729476929,0.8972314596176147
YDR150W,YKL035W,0,-6.8393555,0.09856491535902023,0.9811738729476929,0.8973422050476074
YER127W,YLR212C,0,-6.8394036,0.09855394810438156,0.9811738729476929,0.8974529504776001
YNL085W,YBR091C,0,-6.8400164,0.09854298830032349,0.9811738729476929,0.8975636959075928
YNL229C,YOR332W,0,-6.8418527,0.09853202849626541,0.9811738729476929,0.8976744413375854
YDR420W,YDR435C,0,-6.84199,0.09852106869220734,0.9811738729476929,0.8977851867675781
YNL286W,YNR053C,0,-6.844417,0.09851011633872986,0.9811738729476929,0.8978959321975708
YMR182C,YGR214W,0,-6.8444824,0.09849916398525238,0.9811738729476929,0.8980066180229187
YNL286W,YGL115W,0,-6.8470807,0.0984882190823555,0.9811738729476929,0.8981173634529114
YER045C,YKL186C,0,-6.848039,0.09847726672887802,0.9811738729476929,0.898228108882904
YDL074C,YOR185C,0,-6.848494,0.09846632927656174,0.9811738729476929,0.8983388543128967
YKL186C,YEL050C,0,-6.8487997,0.09845538437366486,0.9811738729476929,0.8984495997428894
YLR347C,YCR073C,0,-6.8488073,0.09844444692134857,0.9811738729476929,0.8985603451728821
YHR068W,YML010W,0,-6.8489647,0.09843350946903229,0.9811738729476929,0.8986710906028748
YMR316W,YDL081C,0,-6.8490644,0.098422572016716,0.9811738729476929,0.8987818360328674
YLR220W,YGR128C,0,-6.8491445,0.09841164201498032,0.9811738729476929,0.8988925814628601
YDR175C,YNL197C,0,-6.8508935,0.09840071201324463,0.9811738729476929,0.8990033268928528
YDR435C,YDR175C,0,-6.8510175,0.09838978201150894,0.9811738729476929,0.8991140723228455
YGL115W,YJR007W,0,-6.8514066,0.09837885946035385,0.9811738729476929,0.8992248177528381
YJL115W,YJL117W,0,-6.8552384,0.09836793690919876,0.9811738729476929,0.8993355631828308
YDR175C,YOR132W,0,-6.855286,0.09835701435804367,0.9811738729476929,0.8994463086128235
YDR129C,YOR297C,0,-6.856548,0.09834609925746918,0.9811738729476929,0.8995570540428162
YPR034W,YNL197C,0,-6.8566756,0.09833518415689468,0.9811738729476929,0.8996677994728088
YPR006C,YDR324C,0,-6.857018,0.09832426905632019,0.9811738729476929,0.8997785449028015
YOR284W,YLR022C,0,-6.8595862,0.0983133614063263,0.9811738729476929,0.8998892307281494
YGR028W,YPR161C,0,-6.85966,0.0983024537563324,0.9811738729476929,0.8999999761581421
YKL190W,YDR172W,0,-6.8606772,0.0982915461063385,0.9811738729476929,0.9001107215881348
YJL042W,YCR024C-A,0,-6.862473,0.0982806459069252,0.9811738729476929,0.9002214670181274
YCL035C,YDR148C,0,-6.8627396,0.0982697457075119,0.9811738729476929,0.9003322124481201
YML081C-A,YCL031C,0,-6.86329,0.0982588455080986,0.9811738729476929,0.9004429578781128
YPL031C,YGR095C,0,-6.8644924,0.0982479453086853,0.9811738729476929,0.9005537033081055
YOR232W,YER161C,0,-6.8648763,0.0982370525598526,0.9811738729476929,0.9006644487380981
YML010W,YOL102C,0,-6.865486,0.0982261672616005,0.9811738729476929,0.9007751941680908
YGL100W,YOL124C,0,-6.866462,0.09821527451276779,0.9811738729476929,0.9008859395980835
YCR086W,YML128C,1,-6.8673625,0.09831523150205612,0.9822812676429749,0.9008859395980835
YNL258C,YMR088C,0,-6.869073,0.09830433130264282,0.9822812676429749,0.9009966850280762
YOL021C,YNR048W,0,-6.8698554,0.09829343855381012,0.9822812676429749,0.9011074304580688
YGL119W,YBL079W,0,-6.871097,0.09828254580497742,0.9822812676429749,0.9012181758880615
YKL081W,YPL206C,0,-6.871537,0.09827166050672531,0.9822812676429749,0.9013289213180542
YLR100W,YJR007W,0,-6.871695,0.0982607752084732,0.9822812676429749,0.9014396667480469
YDR450W,YNR034W,0,-6.8724604,0.0982498899102211,0.9822812676429749,0.9015504121780396
YPL159C,YDR324C,0,-6.873028,0.098239004611969,0.9822812676429749,0.9016611576080322
YDR188W,YPL093W,0,-6.8735747,0.09822812676429749,0.9822812676429749,0.9017718434333801
YBR091C,YMR236W,0,-6.873857,0.09821724891662598,0.9822812676429749,0.9018825888633728
YDR201W,YBR061C,0,-6.8743877,0.09820637851953506,0.9822812676429749,0.9019933342933655
YGR199W,YGR152C,0,-6.8753753,0.09819550812244415,0.9822812676429749,0.9021040797233582
YIL098C,YDL064W,0,-6.876126,0.09818463772535324,0.9822812676429749,0.9022148251533508
YDL148C,YOR085W,0,-6.8766866,0.09817376732826233,0.9822812676429749,0.9023255705833435
YOR074C,YIL038C,0,-6.876984,0.09816290438175201,0.9822812676429749,0.9024363160133362
YIL048W,YDR450W,0,-6.8772597,0.0981520414352417,0.9822812676429749,0.9025470614433289
YMR083W,YLR009W,0,-6.8772726,0.09814117848873138,0.9822812676429749,0.9026578068733215
YBR274W,YGR085C,0,-6.878562,0.09813032299280167,0.9822812676429749,0.9027685523033142
YMR188C,YEL031W,0,-6.878905,0.09811946749687195,0.9822812676429749,0.9028792977333069
YJL178C,YDR103W,0,-6.8792405,0.09810861945152283,0.9822812676429749,0.9029900431632996
YBR110W,YMR260C,0,-6.8797565,0.09809776395559311,0.9822812676429749,0.9031007885932922
YDL078C,YDR312W,0,-6.87986,0.09808691591024399,0.9822812676429749,0.9032115340232849
YOR061W,YMR235C,0,-6.881206,0.09807607531547546,0.9822812676429749,0.9033222794532776
YJL115W,YPL274W,0,-6.8817153,0.09806522727012634,0.9822812676429749,0.9034330248832703
YGR028W,YGR007W,0,-6.882384,0.09805438667535782,0.9822812676429749,0.9035437703132629
YPL244C,YER149C,0,-6.8829556,0.09804355353116989,0.9822812676429749,0.9036544561386108
YCR012W,YLR371W,0,-6.884105,0.09803271293640137,0.9822812676429749,0.9037652015686035
YDR158W,YPL144W,0,-6.8846345,0.09802187979221344,0.9822812676429749,0.9038759469985962
YCL035C,YBR212W,0,-6.885198,0.09801104664802551,0.9822812676429749,0.9039866924285889
YOR232W,YOR361C,0,-6.885502,0.09800022095441818,0.9822812676429749,0.9040974378585815
YER127W,YPR131C,0,-6.885574,0.09798939526081085,0.9822812676429749,0.9042081832885742
YNL219C,YLR295C,0,-6.8870797,0.09797856956720352,0.9822812676429749,0.9043189287185669
YHR072W,YOR216C,0,-6.887494,0.09796775132417679,0.9822812676429749,0.9044296741485596
YER045C,YBL020W,0,-6.887802,0.09795693308115005,0.9822812676429749,0.9045404195785522
YLR052W,YPL152W,0,-6.8879285,0.09794611483812332,0.9822812676429749,0.9046511650085449
YBR142W,YDR400W,0,-6.88816,0.09793529659509659,0.9822812676429749,0.9047619104385376
YBL020W,YIL075C,0,-6.889087,0.09792448580265045,0.9822812676429749,0.9048726558685303
YKL074C,YAR031W,0,-6.8895884,0.09791367501020432,0.9822812676429749,0.904983401298523
YDR036C,YJR007W,0,-6.889848,0.09790287166833878,0.9822812676429749,0.9050941467285156
YHR106W,YGR128C,0,-6.890402,0.09789206832647324,0.9822812676429749,0.9052048921585083
YBL005W,YGR095C,0,-6.890488,0.0978812649846077,0.9822812676429749,0.905315637588501
YLR295C,YLR002C,0,-6.890517,0.09787046164274216,0.9822812676429749,0.9054263830184937
YNL286W,YPL117C,0,-6.891108,0.09785966575145721,0.9822812676429749,0.9055370688438416
YLR314C,YCL017C,0,-6.891504,0.09784886986017227,0.9822812676429749,0.9056478142738342
YJL011C,YKL041W,0,-6.8915544,0.09783807396888733,0.9822812676429749,0.9057585597038269
YAL053W,YPR133C,0,-6.892464,0.09782728552818298,0.9822812676429749,0.9058693051338196
YDR201W,YKL081W,0,-6.894154,0.09781649708747864,0.9822812676429749,0.9059800505638123
YEL034W,YIR017C,0,-6.895786,0.09780570864677429,0.9822812676429749,0.9060907959938049
YMR211W,YDL212W,0,-6.8966265,0.09779492765665054,0.9822812676429749,0.9062015414237976
YMR112C,YOR256C,0,-6.8972034,0.0977841466665268,0.9822812676429749,0.9063122868537903
YGL119W,YGR095C,0,-6.8974795,0.09777336567640305,0.9822812676429749,0.906423032283783
YPL240C,YFR033C,0,-6.897652,0.0977625921368599,0.9822812676429749,0.9065337777137756
YJL003W,YMR015C,0,-6.8980412,0.09775181859731674,0.9822812676429749,0.9066445231437683
YOR133W,YEL009C,0,-6.8981147,0.09774104505777359,0.9822812676429749,0.906755268573761
YML128C,YPL022W,1,-6.9022117,0.09784045815467834,0.9833887219429016,0.906755268573761
YJR078W,YBR142W,0,-6.902729,0.0978296771645546,0.9833887219429016,0.9068660140037537
YMR188C,YDL064W,0,-6.90338,0.09781890362501144,0.9833887219429016,0.9069767594337463
YOL112W,YGR078C,0,-6.903565,0.09780813008546829,0.9833887219429016,0.907087504863739
YJL178C,YOR224C,0,-6.904267,0.09779735654592514,0.9833887219429016,0.9071982502937317
YDR036C,YKL038W,0,-6.904548,0.09778659045696259,0.9833887219429016,0.9073089957237244
YHR055C,YGR152C,0,-6.905331,0.09777581691741943,0.9833887219429016,0.907419741153717
YMR035W,YMR143W,0,-6.9058976,0.09776505827903748,0.9833887219429016,0.9075304269790649
YDR377W,YLR043C,0,-6.9061313,0.09775429219007492,0.9833887219429016,0.9076411724090576
YPL274W,YBL075C,0,-6.907023,0.09774353355169296,0.9833887219429016,0.9077519178390503
YDR385W,YCL001W,0,-6.9076056,0.097732774913311,0.9833887219429016,0.907862663269043
YMR042W,YGL100W,0,-6.907858,0.09772202372550964,0.9833887219429016,0.9079734086990356
YNL145W,YPL274W,0,-6.9078665,0.09771126508712769,0.9833887219429016,0.9080841541290283
YER126C,YOR216C,0,-6.9081626,0.09770051389932632,0.9833887219429016,0.908194899559021
YLR429W,YKL099C,0,-6.9085283,0.09768977016210556,0.9833887219429016,0.9083056449890137
YIL065C,YKR046C,0,-6.9099927,0.0976790264248848,0.9833887219429016,0.9084163904190063
YPR131C,YBR257W,0,-6.9103246,0.09766828268766403,0.9833887219429016,0.908527135848999
YJL003W,YLR069C,0,-6.9105134,0.09765753895044327,0.9833887219429016,0.9086378812789917
YFR051C,YGR197C,0,-6.9118543,0.0976468026638031,0.9833887219429016,0.9087486267089844
YPL270W,YPL131W,0,-6.9131856,0.09763606637716293,0.9833887219429016,0.908859372138977
YIL040W,YGR156W,0,-6.9152527,0.09762533009052277,0.9833887219429016,0.9089701175689697
YOR185C,YML088W,0,-6.9158864,0.0976146012544632,0.9833887219429016,0.9090808629989624
YLR370C,YEL026W,0,-6.9161534,0.09760387241840363,0.9833887219429016,0.9091916084289551
YGR152C,YML010W,0,-6.917784,0.09759314358234406,0.9833887219429016,0.9093023538589478
YLR214W,YGR133W,0,-6.9179487,0.09758241474628448,0.9833887219429016,0.9094130396842957
YIL035C,YMR260C,0,-6.919261,0.09757169336080551,0.9833887219429016,0.9095237851142883
YLR238W,YDR190C,0,-6.919705,0.09756097197532654,0.9833887219429016,0.909634530544281
YMR199W,YHR068W,0,-6.919902,0.09755025804042816,0.9833887219429016,0.9097452759742737
YEL015W,YCR034W,0,-6.9211965,0.09753954410552979,0.9833887219429016,0.9098560214042664
YDL064W,YPL087W,0,-6.9217267,0.09752883017063141,0.9833887219429016,0.909966766834259
YLL009C,YBR154C,0,-6.9221616,0.09751811623573303,0.9833887219429016,0.9100775122642517
YJL020C,YMR237W,0,-6.92279,0.09750740975141525,0.9833887219429016,0.9101882576942444
YLR429W,YGR152C,0,-6.9229984,0.09749670326709747,0.9833887219429016,0.9102990031242371
YML078W,YNL145W,0,-6.924935,0.09748600423336029,0.9833887219429016,0.9104097485542297
YDR346C,YMR243C,0,-6.9250207,0.09747530519962311,0.9833887219429016,0.9105204939842224
YHR055C,YOL021C,0,-6.9265237,0.09746460616588593,0.9833887219429016,0.9106312394142151
YIL038C,YOR027W,0,-6.9267697,0.09745390713214874,0.9833887219429016,0.9107419848442078
YDR188W,YGL014W,0,-6.9275527,0.09744321554899216,0.9833887219429016,0.9108527302742004
YBR274W,YBR121C,0,-6.9278355,0.09743252396583557,0.9833887219429016,0.9109634757041931
YDR284C,YKL058W,0,-6.928204,0.09742183238267899,0.9833887219429016,0.9110742211341858
YGR199W,YJL190C,0,-6.928815,0.097411148250103,0.9833887219429016,0.9111849665641785
YIL033C,YHR005C-A,0,-6.9293084,0.09740046411752701,0.9833887219429016,0.9112956523895264
YPL240C,YCL069W,0,-6.92942,0.09738977998495102,0.9833887219429016,0.911406397819519
YEL015W,YMR235C,0,-6.9296,0.09737909585237503,0.9833887219429016,0.9115171432495117
YNL098C,YOL010W,0,-6.9301476,0.09736841917037964,0.9833887219429016,0.9116278886795044
YOR025W,YIL016W,0,-6.932294,0.09735774248838425,0.9833887219429016,0.9117386341094971
YDR254W,YDR158W,0,-6.9325805,0.09734707325696945,0.9833887219429016,0.9118493795394897
YJR078W,YJL192C,0,-6.9332175,0.09733640402555466,0.9833887219429016,0.9119601249694824
YKL152C,YBR072W,0,-6.9335685,0.09732573479413986,0.9833887219429016,0.9120708703994751
YDR103W,YGR128C,0,-6.9356427,0.09731506556272507,0.9833887219429016,0.9121816158294678
YMR220W,YMR285C,0,-6.936272,0.09730440378189087,0.9833887219429016,0.9122923612594604
YOR119C,YPL123C,0,-6.936574,0.09729374200105667,0.9833887219429016,0.9124031066894531
YOR198C,YPL022W,1,-6.939698,0.09739264100790024,0.9844961166381836,0.9124031066894531
YPL274W,YDR077W,0,-6.93998,0.09738197177648544,0.9844961166381836,0.9125138521194458
YLR256W,YOR085W,0,-6.940469,0.09737130254507065,0.9844961166381836,0.9126245975494385
YDR489W,YDR312W,0,-6.9417663,0.09736064076423645,0.9844961166381836,0.9127353429794312
YGL014W,YPL123C,0,-6.942042,0.09734997898340225,0.9844961166381836,0.9128460884094238
YGL111W,YJL210W,0,-6.942926,0.09733931720256805,0.9844961166381836,0.9129568338394165
YMR188C,YGL097W,0,-6.945267,0.09732866287231445,0.9844961166381836,0.9130675792694092
YGL012W,YNL138W,0,-6.946091,0.09731800854206085,0.9844961166381836,0.9131782650947571
YML010W,YKR014C,0,-6.947192,0.09730735421180725,0.9844961166381836,0.9132890105247498
YIL138C,YKL099C,0,-6.950541,0.09729670733213425,0.9844961166381836,0.9133997559547424
YDR296W,YGR152C,0,-6.9515314,0.09728606045246124,0.9844961166381836,0.9135105013847351
YIL004C,YPL240C,0,-6.95213,0.09727541357278824,0.9844961166381836,0.9136212468147278
YOR188W,YNR046W,0,-6.9542766,0.09726476669311523,0.9844961166381836,0.9137319922447205
YGR216C,YNR053C,0,-6.9555087,0.09725412726402283,0.9844961166381836,0.9138427376747131
YDL078C,YOR085W,0,-6.958068,0.09724349528551102,0.9844961166381836,0.9139534831047058
YPL051W,YDL213C,0,-6.958183,0.09723285585641861,0.9844961166381836,0.9140642285346985
YMR015C,YMR285C,0,-6.9583497,0.0972222238779068,0.9844961166381836,0.9141749739646912
YDR188W,YFR033C,0,-6.9585805,0.09721159189939499,0.9844961166381836,0.9142857193946838
YHR114W,YPL159C,0,-6.959665,0.09720095992088318,0.9844961166381836,0.9143964648246765
YNL094W,YBR154C,0,-6.9604354,0.09719033539295197,0.9844961166381836,0.9145072102546692
YBL024W,YEL002C,0,-6.9617777,0.09717971086502075,0.9844961166381836,0.9146179556846619
YDR385W,YOL151W,0,-6.9617844,0.09716908633708954,0.9844961166381836,0.9147287011146545
YGR095C,YDR353W,0,-6.9650803,0.09715846925973892,0.9844961166381836,0.9148394465446472
YIL031W,YOR332W,0,-6.965346,0.0971478521823883,0.9844961166381836,0.9149501919746399
YOL139C,YER107C,0,-6.9689584,0.09713723510503769,0.9844961166381836,0.9150609374046326
YOL139C,YFR051C,0,-6.9692106,0.09712662547826767,0.9844961166381836,0.9151716232299805
YLR370C,YMR008C,0,-6.969444,0.09711601585149765,0.9844961166381836,0.9152823686599731
YNR027W,YNL258C,0,-6.970314,0.09710540622472763,0.9844961166381836,0.9153931140899658
YPR006C,YDR077W,0,-6.9712396,0.09709480404853821,0.9844961166381836,0.9155038595199585
YLL022C,YPL218W,0,-6.971338,0.09708419442176819,0.9844961166381836,0.9156146049499512
YPR033C,YOR035C,0,-6.971372,0.09707359969615936,0.9844961166381836,0.9157253503799438
YML078W,YNL098C,0,-6.971733,0.09706299751996994,0.9844961166381836,0.9158360958099365
YHR196W,YGL255W,0,-6.971955,0.09705240279436111,0.9844961166381836,0.9159468412399292
YBR212W,YDR167W,0,-6.973431,0.09704180806875229,0.9844961166381836,0.9160575866699219
YMR173W,YOR109W,0,-6.974415,0.09703121334314346,0.9844961166381836,0.9161683320999146
YCL035C,YOR085W,0,-6.974993,0.09702062606811523,0.9844961166381836,0.9162790775299072
YHR068W,YDR487C,0,-6.975673,0.097010038793087,0.9844961166381836,0.9163898229598999
YMR229C,YMR243C,0,-6.9759636,0.09699945151805878,0.9844961166381836,0.9165005683898926
YER107C,YOL005C,0,-6.976254,0.09698887169361115,0.9844961166381836,0.9166113138198853
YHR068W,YOR270C,0,-6.9762883,0.09697829186916351,0.9844961166381836,0.9167220592498779
YHL019C,YDR450W,0,-6.978185,0.09696771204471588,0.9844961166381836,0.9168328046798706
YCR082W,YDL148C,0,-6.979851,0.09695713967084885,0.9844961166381836,0.9169435501098633
YDR296W,YDL212W,0,-6.979903,0.09694656729698181,0.9844961166381836,0.9170542359352112
YHR067W,YGR152C,0,-6.980293,0.09693599492311478,0.9844961166381836,0.9171649813652039
YDR394W,YOR132W,0,-6.981216,0.09692542254924774,0.9844961166381836,0.9172757267951965
YEL026W,YJL093C,0,-6.981223,0.0969148576259613,0.9844961166381836,0.9173864722251892
YDR148C,YNL229C,0,-6.9818873,0.09690429270267487,0.9844961166381836,0.9174972176551819
YOL151W,YLR134W,0,-6.982063,0.09689373522996902,0.9844961166381836,0.9176079630851746
YDR418W,YIL075C,0,-6.982083,0.09688317030668259,0.9844961166381836,0.9177187085151672
YDR153C,YGR156W,0,-6.983353,0.09687261283397675,0.9844961166381836,0.9178294539451599
YNR027W,YDR091C,0,-6.985188,0.0968620628118515,0.9844961166381836,0.9179401993751526
YOR232W,YGR281W,0,-6.9852257,0.09685150533914566,0.9844961166381836,0.9180509448051453
YAL035W,YNR017W,0,-6.985828,0.09684095531702042,0.9844961166381836,0.9181616902351379
YMR173W,YPL274W,0,-6.9868364,0.09683041274547577,0.9844961166381836,0.9182724356651306
YNL029C,YPL087W,0,-6.9868436,0.09681986272335052,0.9844961166381836,0.9183831810951233
YLR155C,YPR187W,0,-6.987148,0.09680932015180588,0.9844961166381836,0.918493926525116
YOL051W,YNL231C,0,-6.9872694,0.09679877758026123,0.9844961166381836,0.9186046719551086
YOL094C,YHR196W,0,-6.987672,0.09678824245929718,0.9844961166381836,0.9187154173851013
YCR028C-A,YIL076W,0,-6.988304,0.09677770733833313,0.9844961166381836,0.918826162815094
YNL294C,YKL041W,0,-6.988502,0.09676717221736908,0.9844961166381836,0.9189368486404419
YDL194W,YMR260C,0,-6.9886966,0.09675663709640503,0.9844961166381836,0.9190475940704346
YKR022C,YLL021W,0,-6.9893417,0.09674610942602158,0.9844961166381836,0.9191583395004272
YER045C,YMR316W,0,-6.99001,0.09673558175563812,0.9844961166381836,0.9192690849304199
YNL275W,YDR418W,0,-6.991886,0.09672505408525467,0.9844961166381836,0.9193798303604126
YMR188C,YPR190C,0,-6.9930935,0.09671453386545181,0.9844961166381836,0.9194905757904053
YOR168W,YMR243C,0,-6.99311,0.09670401364564896,0.9844961166381836,0.919601321220398
YNL286W,YBR060C,0,-6.9939694,0.0966934934258461,0.9844961166381836,0.9197120666503906
YFR021W,YDL208W,0,-6.994337,0.09668298065662384,0.9844961166381836,0.9198228120803833
YKL032C,YKL186C,0,-6.9957304,0.09667246788740158,0.9844961166381836,0.919933557510376
YOR335C,YDR434W,0,-6.9959545,0.09666195511817932,0.9844961166381836,0.9200443029403687
YGR214W,YBR165W,0,-6.996538,0.09665144234895706,0.9844961166381836,0.9201550483703613
YPR033C,YNR017W,0,-7.0009713,0.0966409370303154,0.9844961166381836,0.920265793800354
YBR290W,YEL063C,0,-7.0034475,0.09663043171167374,0.9844961166381836,0.9203765392303467
YDR062W,YGR244C,0,-7.003737,0.09661993384361267,0.9844961166381836,0.9204872846603394
YJR155W,YDR324C,0,-7.00427,0.0966094359755516,0.9844961166381836,0.920598030090332
YGR145W,YMR305C,0,-7.0042787,0.09659893810749054,0.9844961166381836,0.9207087755203247
YOR216C,YOL124C,0,-7.005292,0.09658844023942947,0.9844961166381836,0.9208194613456726
YIL076W,YDR312W,0,-7.00649,0.096577949821949,0.9844961166381836,0.9209302067756653
YPL221W,YDR488C,0,-7.008293,0.09656745940446854,0.9844961166381836,0.921040952205658
YMR220W,YPL237W,0,-7.008715,0.09655696898698807,0.9844961166381836,0.9211516976356506
YPR006C,YLR002C,0,-7.008737,0.0965464785695076,0.9844961166381836,0.9212624430656433
YHR081W,YGL115W,0,-7.0089264,0.09653599560260773,0.9844961166381836,0.921373188495636
YNL123W,YLL021W,0,-7.009414,0.09652551263570786,0.9844961166381836,0.9214839339256287
YPR135W,YOL124C,0,-7.0094714,0.09651503711938858,0.9844961166381836,0.9215946793556213
YNL286W,YGR055W,0,-7.011483,0.0965045616030693,0.9844961166381836,0.921705424785614
YCR082W,YDR382W,0,-7.0125422,0.09649408608675003,0.9844961166381836,0.9218161702156067
YDL078C,YDR418W,0,-7.012633,0.09648361057043076,0.9844961166381836,0.9219269156455994
YML078W,YOR297C,0,-7.0130124,0.09647314250469208,0.9844961166381836,0.922037661075592
YDR245W,YDR330W,0,-7.0136056,0.0964626744389534,0.9844961166381836,0.9221484065055847
YNL123W,YOL102C,0,-7.013716,0.09645220637321472,0.9844961166381836,0.9222591519355774
YJL117W,YMR088C,0,-7.013968,0.09644174575805664,0.9844961166381836,0.9223698973655701
YLR314C,YNL286W,0,-7.0140386,0.09643128514289856,0.9844961166381836,0.9224806427955627
YMR173W,YGR081C,0,-7.0147557,0.09642082452774048,0.9844961166381836,0.9225913882255554
YLR100W,YJL190C,0,-7.014992,0.096410371363163,0.9844961166381836,0.9227021336555481
YDL081C,YIL138C,0,-7.015739,0.09639991074800491,0.9844961166381836,0.922812819480896
YJL081C,YDL111C,0,-7.0162964,0.09638945758342743,0.9844961166381836,0.9229235649108887
YMR277W,YMR260C,0,-7.016477,0.09637901186943054,0.9844961166381836,0.9230343103408813
YOR119C,YLL041C,0,-7.0168986,0.09636856615543365,0.9844961166381836,0.923145055770874
YLR254C,YDL148C,0,-7.017038,0.09635812044143677,0.9844961166381836,0.9232558012008667
YGR078C,YOR224C,0,-7.01792,0.09634767472743988,0.9844961166381836,0.9233665466308594
YDR153C,YDL111C,0,-7.0180335,0.09633723646402359,0.9844961166381836,0.923477292060852
YNR008W,YDL081C,0,-7.020019,0.0963267982006073,0.9844961166381836,0.9235880374908447
YHR043C,YMR143W,0,-7.0201783,0.09631635993719101,0.9844961166381836,0.9236987829208374
YFR008W,YPL131W,0,-7.0209785,0.09630592912435532,0.9844961166381836,0.9238095283508301
YBR079C,YNL079C,0,-7.021225,0.09629549086093903,0.9844961166381836,0.9239202737808228
YDR385W,YKL032C,0,-7.0214753,0.09628506749868393,0.9844961166381836,0.9240310192108154
YDR382W,YOR003W,0,-7.021523,0.09627463668584824,0.9844961166381836,0.9241417646408081
YML051W,YOL010W,0,-7.0216427,0.09626421332359314,0.9844961166381836,0.9242525100708008
YGR095C,YDR145W,0,-7.021813,0.09625378996133804,0.9844961166381836,0.9243632555007935
YOR232W,YOR001W,0,-7.0221105,0.09624336659908295,0.9844961166381836,0.9244740009307861
YNR027W,YPL244C,0,-7.022676,0.09623295068740845,0.9844961166381836,0.9245847463607788
YMR305C,YGR008C,0,-7.0227427,0.09622253477573395,0.9844961166381836,0.9246954321861267
YNL059C,YKL110C,0,-7.023593,0.09621211886405945,0.9844961166381836,0.9248061776161194
YOL071W,YMR235C,0,-7.0241084,0.09620171040296555,0.9844961166381836,0.9249169230461121
YPR033C,YOR281C,0,-7.024506,0.09619130194187164,0.9844961166381836,0.9250276684761047
YGL136C,YDR160W,0,-7.024591,0.09618089348077774,0.9844961166381836,0.9251384139060974
YBR015C,YAL051W,0,-7.0247345,0.09617049247026443,0.9844961166381836,0.9252491593360901
YNL006W,YHR197W,0,-7.02524,0.09616008400917053,0.9844961166381836,0.9253599047660828
YPR161C,YOR069W,0,-7.0257382,0.09614968299865723,0.9844961166381836,0.9254706501960754
YEL009C,YJR002W,0,-7.026158,0.09613928943872452,0.9844961166381836,0.9255813956260681
YOR046C,YMR276W,0,-7.027589,0.09612889587879181,0.9844961166381836,0.9256921410560608
YDL078C,YPR190C,0,-7.0276933,0.0961185023188591,0.9844961166381836,0.9258028864860535
YMR277W,YOR361C,0,-7.028234,0.09610810875892639,0.9844961166381836,0.9259136319160461
YPR140W,YGR128C,0,-7.0286007,0.09609772264957428,0.9844961166381836,0.9260243773460388
YBL079W,YDL134C,0,-7.0298448,0.09608732908964157,0.9844961166381836,0.9261351227760315
YDR394W,YMR260C,0,-7.0303864,0.09607695043087006,0.9844961166381836,0.9262458682060242
YLR002C,YPL032C,0,-7.033817,0.09606656432151794,0.9844961166381836,0.9263566136360168
YGR081C,YLL024C,0,-7.0346694,0.09605618566274643,0.9844961166381836,0.9264673590660095
YKL099C,YGL227W,0,-7.0364213,0.09604580700397491,0.9844961166381836,0.9265780448913574
YGL054C,YJR002W,0,-7.037994,0.096035435795784,0.9844961166381836,0.9266887903213501
YDL231C,YBR082C,0,-7.0382257,0.09602505713701248,0.9844961166381836,0.9267995357513428
YPR100W,YDR238C,0,-7.0389132,0.09601468592882156,0.9844961166381836,0.9269102811813354
YHR021C,YBR082C,0,-7.039141,0.09600432217121124,0.9844961166381836,0.9270210266113281
YNL182C,YBL057C,0,-7.0393915,0.09599395096302032,0.9844961166381836,0.9271317720413208
YIL076W,YPL087W,0,-7.0397606,0.09598358720541,0.9844961166381836,0.9272425174713135
YJL063C,YPL283C,0,-7.0402756,0.09597322344779968,0.9844961166381836,0.9273532629013062
YOR335C,YJL054W,0,-7.040933,0.09596286714076996,0.9844961166381836,0.9274640083312988
YLR371W,YBR030W,0,-7.0415416,0.09595251083374023,0.9844961166381836,0.9275747537612915
YJL178C,YKR028W,0,-7.042562,0.09594215452671051,0.9844961166381836,0.9276854991912842
YHL025W,YNL064C,0,-7.042822,0.09593179821968079,0.9844961166381836,0.9277962446212769
YAL035W,YGR007W,0,-7.0431685,0.09592144936323166,0.9844961166381836,0.9279069900512695
YJR042W,YKL117W,0,-7.043266,0.09591110050678253,0.9844961166381836,0.9280177354812622
YNR035C,YGR095C,0,-7.0441976,0.0959007516503334,0.9844961166381836,0.9281284809112549
YGR246C,YPR033C,0,-7.0459228,0.09589041024446487,0.9844961166381836,0.9282392263412476
YFL037W,YOR229W,1,-7.0463257,0.09598792344331741,0.9856035709381104,0.9282392263412476
YJR144W,YDL081C,0,-7.046985,0.09597756713628769,0.9856035709381104,0.9283499717712402
YKL054C,YLL043W,0,-7.0480247,0.09596721827983856,0.9856035709381104,0.9284606575965881
YJR155W,YPL154C,0,-7.048159,0.09595687687397003,0.9856035709381104,0.9285714030265808
YBR245C,YJL117W,0,-7.048845,0.0959465280175209,0.9856035709381104,0.9286821484565735
YOR109W,YPR100W,0,-7.0493646,0.09593618661165237,0.9856035709381104,0.9287928938865662
YHR021C,YDR312W,0,-7.049611,0.09592584520578384,0.9856035709381104,0.9289036393165588
YHR072W,YBR060C,0,-7.050325,0.09591551125049591,0.9856035709381104,0.9290143847465515
YBL005W,YDL111C,0,-7.050965,0.09590516984462738,0.9856035709381104,0.9291251301765442
YPL244C,YOR085W,0,-7.051175,0.09589483588933945,0.9856035709381104,0.9292358756065369
YDR148C,YMR285C,0,-7.0519834,0.09588450938463211,0.9856035709381104,0.9293466210365295
YMR083W,YMR008C,0,-7.052036,0.09587417542934418,0.9856035709381104,0.9294573664665222
YOR185C,YNL031C,0,-7.0540743,0.09586384892463684,0.9856035709381104,0.9295681118965149
YML010W,YBR061C,0,-7.0542536,0.0958535298705101,0.9856035709381104,0.9296788573265076
YLR186W,YPR033C,0,-7.054486,0.09584320336580276,0.9856035709381104,0.9297896027565002
YDL208W,YDR330W,0,-7.054536,0.09583288431167603,0.9856035709381104,0.9299003481864929
YHR107C,YGR197C,0,-7.055547,0.09582256525754929,0.9856035709381104,0.9300110936164856
YHR081W,YNL121C,0,-7.05588,0.09581225365400314,0.9856035709381104,0.9301218390464783
YOR185C,YHR005C-A,0,-7.0563483,0.0958019345998764,0.9856035709381104,0.930232584476471
YML128C,YER095W,1,-7.0574336,0.09589925408363342,0.9867109656333923,0.930232584476471
YMR316W,YFR051C,0,-7.06001,0.09588893502950668,0.9867109656333923,0.9303433299064636
YNR019W,YMR188C,0,-7.060266,0.09587861597537994,0.9867109656333923,0.9304540157318115
YPR033C,YGL014W,0,-7.060568,0.0958683043718338,0.9867109656333923,0.9305647611618042
YLL022C,YGL144C,0,-7.061031,0.09585798531770706,0.9867109656333923,0.9306755065917969
YOR001W,YNL079C,0,-7.0627947,0.09584767371416092,0.9867109656333923,0.9307862520217896
YKL182W,YHR197W,0,-7.0639257,0.09583736956119537,0.9867109656333923,0.9308969974517822
YLR134W,YPR178W,0,-7.063997,0.09582705795764923,0.9867109656333923,0.9310077428817749
YGR246C,YDR300C,0,-7.064391,0.09581675380468369,0.9867109656333923,0.9311184883117676
YHR067W,YDR324C,0,-7.0649037,0.09580644965171814,0.9867109656333923,0.9312292337417603
YIL040W,YPL159C,0,-7.0654926,0.09579615294933319,0.9867109656333923,0.9313399791717529
YDR296W,YPR100W,0,-7.0655227,0.09578584879636765,0.9867109656333923,0.9314507246017456
YDR377W,YBR061C,0,-7.0660405,0.0957755595445633,0.9867109656333923,0.9315614700317383
YMR161W,YKR031C,0,-7.068236,0.09576526284217834,0.9867109656333923,0.931672215461731
YGL245W,YMR229C,0,-7.069426,0.09575497359037399,0.9867109656333923,0.9317829608917236
YPL237W,YDL244W,0,-7.0710015,0.09574468433856964,0.9867109656333923,0.9318937063217163
YPR006C,YJR127C,0,-7.071523,0.09573439508676529,0.9867109656333923,0.932004451751709
YGR121C,YDR487C,0,-7.075338,0.09572410583496094,0.9867109656333923,0.9321151971817017
YCR024C-A,YDR190C,0,-7.075682,0.09571382403373718,0.9867109656333923,0.9322259426116943
YCR034W,YLR002C,0,-7.0773044,0.09570354223251343,0.9867109656333923,0.9323366284370422
YPR017C,YDR129C,0,-7.077832,0.09569326788187027,0.9867109656333923,0.9324473738670349
YDR479C,YER053C,0,-7.0779967,0.09568298608064651,0.9867109656333923,0.9325581192970276
YPL237W,YMR243C,0,-7.0785375,0.09567271918058395,0.9867109656333923,0.9326688647270203
YKL192C,YLL041C,0,-7.0791407,0.0956624448299408,0.9867109656333923,0.9327796101570129
YIL033C,YBR154C,0,-7.079408,0.09565217047929764,0.9867109656333923,0.9328903555870056
YNL293W,YKL099C,0,-7.079887,0.09564190357923508,0.9867109656333923,0.9330011010169983
YPL193W,YNL138W,0,-7.0803294,0.09563164412975311,0.9867109656333923,0.933111846446991
YNL219C,YLR043C,0,-7.081236,0.09562137722969055,0.9867109656333923,0.9332225918769836
YIL048W,YOR281C,0,-7.0817485,0.09561111778020859,0.9867109656333923,0.9333333373069763
YNL085W,YML064C,0,-7.082565,0.09560085833072662,0.9867109656333923,0.933444082736969
YDR487C,YDR400W,0,-7.0843267,0.09559059888124466,0.9867109656333923,0.9335548281669617
YOR335C,YKR046C,0,-7.0852146,0.09558034688234329,0.9867109656333923,0.9336655735969543
YPL161C,YBL079W,0,-7.087414,0.09557009488344193,0.9867109656333923,0.933776319026947
YML081C-A,YOR294W,0,-7.087442,0.09555984288454056,0.9867109656333923,0.9338870644569397
YOL021C,YLR052W,0,-7.0896096,0.09554959833621979,0.9867109656333923,0.9339978098869324
YLR401C,YCR028C-A,0,-7.0916133,0.09553935378789902,0.9867109656333923,0.934108555316925
YBL063W,YOL010W,0,-7.0921907,0.09552910923957825,0.9867109656333923,0.934219241142273
YOL151W,YOR119C,0,-7.0928383,0.09551886469125748,0.9867109656333923,0.9343299865722656
YOR168W,YGR199W,0,-7.0947604,0.0955086275935173,0.9867109656333923,0.9344407320022583
YOL112W,YNL113W,0,-7.0976996,0.09549839049577713,0.9867109656333923,0.934551477432251
YLR220W,YOR133W,0,-7.0981183,0.09548816084861755,0.9867109656333923,0.9346622228622437
YML004C,YBR091C,0,-7.0999804,0.09547792375087738,0.9867109656333923,0.9347729682922363
YOR198C,YER133W,1,-7.1002393,0.09557484090328217,0.9878183603286743,0.9347729682922363
YOR168W,YPL244C,0,-7.101376,0.09556460380554199,0.9878183603286743,0.934883713722229
YCR028C-A,YKL051W,0,-7.1014647,0.09555436670780182,0.9878183603286743,0.9349944591522217
YBL006C,YPL159C,0,-7.1016583,0.09554412961006165,0.9878183603286743,0.9351052045822144
YGL097W,YIL017C,0,-7.101671,0.09553389996290207,0.9878183603286743,0.935215950012207
YHR055C,YEL034W,0,-7.10329,0.09552367031574249,0.9878183603286743,0.9353266954421997
YER038C,YDL213C,0,-7.1046395,0.09551344066858292,0.9878183603286743,0.9354374408721924
YML128C,YOR073W,1,-7.1070757,0.09561027586460114,0.9889258146286011,0.9354374408721924
YNL094W,YLR155C,0,-7.1093,0.09560004621744156,0.9889258146286011,0.9355481863021851
YKL152C,YNL121C,0,-7.1109214,0.09558980911970139,0.9889258146286011,0.9356589317321777
YPR135W,YOR168W,0,-7.112455,0.09557957947254181,0.9889258146286011,0.9357696771621704
YLR134W,YGR135W,0,-7.1129766,0.09556934982538223,0.9889258146286011,0.9358804225921631
YDL099W,YDL130W-A,0,-7.113122,0.09555912017822266,0.9889258146286011,0.9359911680221558
YLR328W,YJL001W,0,-7.1140356,0.09554889798164368,0.9889258146286011,0.9361018538475037
YJR127C,YMR088C,0,-7.114055,0.0955386757850647,0.9889258146286011,0.9362125992774963
YLR220W,YMR235C,0,-7.114178,0.09552845358848572,0.9889258146286011,0.936323344707489
YMR316W,YCL031C,0,-7.114406,0.09551823884248734,0.9889258146286011,0.9364340901374817
YOL010W,YOR035C,0,-7.116766,0.09550802409648895,0.9889258146286011,0.9365448355674744
YDR211W,YEL050C,0,-7.1172776,0.09549780935049057,0.9889258146286011,0.936655580997467
YDR148C,YNL231C,0,-7.118092,0.09548759460449219,0.9889258146286011,0.9367663264274597
YDL074C,YOR157C,0,-7.1187205,0.0954773873090744,0.9889258146286011,0.9368770718574524
YCR075C,YML010W,0,-7.11908,0.09546718001365662,0.9889258146286011,0.9369878172874451
YMR314W,YDL081C,0,-7.1204057,0.09545697271823883,0.9889258146286011,0.9370985627174377
YPR128C,YOR056C,0,-7.120628,0.09544677287340164,0.9889258146286011,0.9372093081474304
YGR095C,YER019C-A,0,-7.1214814,0.09543657302856445,0.9889258146286011,0.9373200535774231
YLR328W,YMR143W,0,-7.1217475,0.09542637318372726,0.9889258146286011,0.9374307990074158
YMR229C,YGR152C,0,-7.122178,0.09541617333889008,0.9889258146286011,0.9375415444374084
YPL244C,YOR035C,0,-7.123791,0.09540598094463348,0.9889258146286011,0.9376522898674011
YNR017W,YDR259C,0,-7.1249785,0.09539578855037689,0.9889258146286011,0.9377630352973938
YOL042W,YHR197W,0,-7.1256843,0.0953856036067009,0.9889258146286011,0.9378737807273865
YJL014W,YJR069C,0,-7.1267223,0.0953754112124443,0.9889258146286011,0.9379844665527344
YDR296W,YER126C,0,-7.1285543,0.09536522626876831,0.9889258146286011,0.938095211982727
YGR246C,YGL255W,0,-7.1285934,0.09535504877567291,0.9889258146286011,0.9382059574127197
YBR061C,YDL064W,0,-7.129429,0.09534486383199692,0.9889258146286011,0.9383167028427124
YGR119C,YNL138W,0,-7.129828,0.09533468633890152,0.9889258146286011,0.9384274482727051
YNL286W,YLR134W,0,-7.1312757,0.09532450884580612,0.9889258146286011,0.9385381937026978
YBR142W,YEL002C,0,-7.132594,0.09531433135271072,0.9889258146286011,0.9386489391326904
YDR245W,YHR050W,0,-7.1330047,0.09530416131019592,0.9889258146286011,0.9387596845626831
YDR296W,YDL084W,0,-7.133168,0.09529399126768112,0.9889258146286011,0.9388704299926758
YOR198C,YDL115C,1,-7.133369,0.09539052844047546,0.9900332093238831,0.9388704299926758
YBL024W,YBR154C,0,-7.1348996,0.09538035094738007,0.9900332093238831,0.9389811754226685
YBR296C,YDR353W,0,-7.13586,0.09537017345428467,0.9900332093238831,0.9390919208526611
YOL021C,YLR181C,0,-7.1359935,0.09536000341176987,0.9900332093238831,0.9392026662826538
YPR017C,YKL081W,0,-7.1360445,0.09534982591867447,0.9900332093238831,0.9393134117126465
YMR316W,YOL005C,0,-7.141698,0.09533966332674026,0.9900332093238831,0.9394241571426392
YGL070C,YDL212W,0,-7.14185,0.09532949328422546,0.9900332093238831,0.9395349025726318
YER053C,YBL035C,0,-7.1436553,0.09531933069229126,0.9900332093238831,0.9396456480026245
YML128C,YOR014W,1,-7.14514,0.09541577845811844,0.9911406636238098,0.9396456480026245
YJR025C,YDR190C,0,-7.1463537,0.09540560841560364,0.9911406636238098,0.9397563934326172
YGL150C,YPL206C,0,-7.1470237,0.09539543837308884,0.9911406636238098,0.9398671388626099
YPL096W,YEL026W,0,-7.1473293,0.09538526833057404,0.9911406636238098,0.9399778246879578
YCL031C,YGR094W,0,-7.147355,0.09537510573863983,0.9911406636238098,0.9400885701179504
YOL139C,YPR033C,0,-7.1474137,0.09536494314670563,0.9911406636238098,0.9401993155479431
YDR211W,YGR199W,0,-7.1474195,0.09535478055477142,0.9911406636238098,0.9403100609779358
YOR030W,YGR214W,0,-7.1499524,0.09534462541341782,0.9911406636238098,0.9404208064079285
YKL152C,YDL213C,0,-7.1504145,0.09533447027206421,0.9911406636238098,0.9405315518379211
YHR068W,YPL096W,0,-7.150471,0.0953243151307106,0.9911406636238098,0.9406422972679138
YMR008C,YLL034C,0,-7.1507754,0.09531416743993759,0.9911406636238098,0.9407530426979065
YEL029C,YJL014W,0,-7.151277,0.09530401229858398,0.9911406636238098,0.9408637881278992
YER051W,YDL130W-A,0,-7.1518764,0.09529386460781097,0.9911406636238098,0.9409745335578918
YIL038C,YOR332W,0,-7.152365,0.09528372436761856,0.9911406636238098,0.9410852789878845
YLL009C,YMR305C,0,-7.152574,0.09527357667684555,0.9911406636238098,0.9411960244178772
YPR190C,YMR243C,0,-7.1534452,0.09526343643665314,0.9911406636238098,0.9413067698478699
YOR284W,YIL018W,0,-7.154896,0.09525329619646072,0.9911406636238098,0.9414175152778625
YDL137W,YPR100W,0,-7.155693,0.09524316340684891,0.9911406636238098,0.9415282607078552
YBR079C,YOR027W,0,-7.156304,0.09523303061723709,0.9911406636238098,0.9416390061378479
YAR007C,YDR382W,0,-7.156375,0.09522289782762527,0.9911406636238098,0.9417497515678406
YMR235C,YDL076C,0,-7.1577477,0.09521276503801346,0.9911406636238098,0.9418604373931885
YPL244C,YJR063W,0,-7.1584096,0.09520263969898224,0.9911406636238098,0.9419711828231812
YGR267C,YNR048W,0,-7.159224,0.09519251435995102,0.9911406636238098,0.9420819282531738
YNL231C,YDR324C,0,-7.160065,0.0951823890209198,0.9911406636238098,0.9421926736831665
YDR188W,YDL185W,0,-7.1609235,0.09517226368188858,0.9911406636238098,0.9423034191131592
YBL057C,YDR418W,0,-7.161736,0.09516214579343796,0.9911406636238098,0.9424141645431519
YNL231C,YER161C,0,-7.1619453,0.09515202790498734,0.9911406636238098,0.9425249099731445
YOR198C,YOR354C,1,-7.162412,0.09524822235107422,0.9922480583190918,0.9425249099731445
YLR022C,YML034W,0,-7.162857,0.095238097012043,0.9922480583190918,0.9426356554031372
YPR128C,YGR244C,0,-7.1633906,0.09522797167301178,0.9922480583190918,0.9427464008331299
YDR254W,YCR034W,0,-7.1635203,0.09521785378456116,0.9922480583190918,0.9428571462631226
YML010W,YOR332W,0,-7.1659007,0.09520773589611053,0.9922480583190918,0.9429678916931152
YBR205W,YPL237W,0,-7.169094,0.09519761800765991,0.9922480583190918,0.9430786371231079
YMR260C,YDR330W,0,-7.1698165,0.09518750756978989,0.9922480583190918,0.9431893825531006
YOR274W,YCR012W,0,-7.170223,0.09517739713191986,0.9922480583190918,0.9433001279830933
YDR245W,YBR060C,0,-7.1711764,0.09516728669404984,0.9922480583190918,0.9434108734130859
YKL117W,YPR074C,0,-7.172334,0.09515717625617981,0.9922480583190918,0.9435216188430786
YBR193C,YMR243C,0,-7.172587,0.09514707326889038,0.9922480583190918,0.9436323642730713
YPR033C,YML034W,0,-7.172772,0.09513697028160095,0.9922480583190918,0.9437430500984192
YGL245W,YMR285C,0,-7.174355,0.09512687474489212,0.9922480583190918,0.9438537955284119
YIL114C,YDR167W,0,-7.174751,0.09511677175760269,0.9922480583190918,0.9439645409584045
YHL002W,YMR143W,0,-7.174884,0.09510667622089386,0.9922480583190918,0.9440752863883972
YNL094W,YKL152C,0,-7.1749825,0.09509658068418503,0.9922480583190918,0.9441860318183899
YPR124W,YMR229C,0,-7.178516,0.0950864925980568,0.9922480583190918,0.9442967772483826
YNL286W,YDR148C,0,-7.1789427,0.09507639706134796,0.9922480583190918,0.9444075226783752
YOR274W,YGR119C,0,-7.180262,0.09506631642580032,0.9922480583190918,0.9445182681083679
YJR042W,YDR353W,0,-7.181131,0.09505622833967209,0.9922480583190918,0.9446290135383606
YOL151W,YGR214W,0,-7.182219,0.09504614770412445,0.9922480583190918,0.9447397589683533
YDR211W,YJR069C,0,-7.18279,0.09503605961799622,0.9922480583190918,0.944850504398346
YGR135W,YGR128C,0,-7.1837373,0.09502598643302917,0.9922480583190918,0.9449612498283386
YDL074C,YPR017C,0,-7.1864386,0.09501590579748154,0.9922480583190918,0.9450719952583313
YLR368W,YPR133C,0,-7.1869826,0.0950058326125145,0.9922480583190918,0.945182740688324
YPR033C,YJR063W,0,-7.1871753,0.09499575942754745,0.9922480583190918,0.9452934861183167
YDR377W,YOL124C,0,-7.1873336,0.09498568624258041,0.9922480583190918,0.9454042315483093
YNL085W,YKL186C,0,-7.1875863,0.09497562050819397,0.9922480583190918,0.945514976978302
YDL213C,YAR042W,0,-7.191364,0.09496555477380753,0.9922480583190918,0.9456256628036499
YDL076C,YDL130W-A,0,-7.1913834,0.09495548903942108,0.9922480583190918,0.9457364082336426
YIL065C,YLR328W,0,-7.1919675,0.09494543075561523,0.9922480583190918,0.9458471536636353
YMR240C,YDL185W,0,-7.192574,0.09493536502122879,0.9922480583190918,0.9459578990936279
YLR056W,YDR487C,0,-7.1948237,0.09492530673742294,0.9922480583190918,0.9460686445236206
YNR019W,YMR229C,0,-7.1962075,0.09491525590419769,0.9922480583190918,0.9461793899536133
YLR155C,YMR316W,0,-7.197146,0.09490519762039185,0.9922480583190918,0.946290135383606
YLR056W,YPL237W,0,-7.198737,0.0948951467871666,0.9922480583190918,0.9464008808135986
YGL111W,YAL030W,0,-7.1992097,0.09488510340452194,0.9922480583190918,0.9465116262435913
YJR155W,YBR142W,0,-7.199778,0.09487505257129669,0.9922480583190918,0.946622371673584
YGR199W,YML034W,0,-7.20172,0.09486500918865204,0.9922480583190918,0.9467331171035767
YMR314W,YKL099C,0,-7.2029223,0.09485496580600739,0.9922480583190918,0.9468438625335693
YDR211W,YMR112C,0,-7.2031703,0.09484492242336273,0.9922480583190918,0.946954607963562
YER045C,YDL134C,0,-7.2035623,0.09483488649129868,0.9922480583190918,0.9470653533935547
YIL035C,YJL117W,0,-7.2046123,0.09482485055923462,0.9922480583190918,0.9471760988235474
YMR068W,YGL111W,0,-7.204757,0.09481481462717056,0.9922480583190918,0.94728684425354
YHR074W,YCL031C,0,-7.205195,0.0948047861456871,0.9922480583190918,0.9473975896835327
YJL178C,YPR133C,0,-7.207175,0.09479475021362305,0.9922480583190918,0.9475083351135254
YDR158W,YOL005C,0,-7.207269,0.09478472173213959,0.9922480583190918,0.9476190209388733
YNL219C,YPL244C,0,-7.2074018,0.09477470070123672,0.9922480583190918,0.947729766368866
YDR461W,YKR046C,0,-7.2106915,0.09476467221975327,0.9922480583190918,0.9478405117988586
YAL017W,YJR007W,0,-7.21137,0.0947546511888504,0.9922480583190918,0.9479512572288513
YOR326W,YPL274W,0,-7.21146,0.09474463015794754,0.9922480583190918,0.948062002658844
YEL029C,YNL286W,0,-7.211468,0.09473461657762527,0.9922480583190918,0.9481727480888367
YBR154C,YML105C,0,-7.2139935,0.09472460299730301,0.9922480583190918,0.9482834935188293
YJR069C,YLR134W,0,-7.214124,0.09471458941698074,0.9922480583190918,0.948394238948822
YJL094C,YPL131W,0,-7.2178903,0.09470457583665848,0.9922480583190918,0.9485049843788147
YKL117W,YKL058W,0,-7.2183414,0.09469456970691681,0.9922480583190918,0.9486157298088074
YPL127C,YJR007W,0,-7.2192464,0.09468456357717514,0.9922480583190918,0.9487264752388
YKL032C,YDR300C,0,-7.219592,0.09467455744743347,0.9922480583190918,0.9488372206687927
YBR154C,YGR094W,0,-7.220655,0.0946645513176918,0.9922480583190918,0.9489479660987854
YOR326W,YGR095C,0,-7.2213006,0.09465455263853073,0.9922480583190918,0.9490587115287781
YEL022W,YKL035W,0,-7.2248464,0.09464455395936966,0.9922480583190918,0.9491694569587708
YDL148C,YNL229C,0,-7.2284036,0.09463455528020859,0.9922480583190918,0.9492802023887634
YPL093W,YMR243C,0,-7.228546,0.09462456405162811,0.9922480583190918,0.9493909478187561
YER016W,YNL113W,0,-7.2286,0.09461457282304764,0.9922480583190918,0.949501633644104
YIL035C,YNL064C,0,-7.2299104,0.09460458159446716,0.9922480583190918,0.9496123790740967
YER127W,YLR328W,0,-7.2314973,0.09459459781646729,0.9922480583190918,0.9497231245040894
YJL117W,YDL020C,0,-7.232721,0.09458460658788681,0.9922480583190918,0.949833869934082
YPL221W,YDR158W,0,-7.23327,0.09457462280988693,0.9922480583190918,0.9499446153640747
YJR078W,YGL150C,0,-7.2335496,0.09456464648246765,0.9922480583190918,0.9500553607940674
YOL071W,YKL001C,0,-7.236381,0.09455466270446777,0.9922480583190918,0.9501661062240601
YIL033C,YLR429W,0,-7.2409053,0.09454468637704849,0.9922480583190918,0.9502768516540527
YDR385W,YIL097W,0,-7.2431345,0.09453471004962921,0.9922480583190918,0.9503875970840454
YPL240C,YPL020C,0,-7.2432466,0.09452474117279053,0.9922480583190918,0.9504983425140381
YHR067W,YJL093C,0,-7.24509,0.09451476484537125,0.9922480583190918,0.9506090879440308
YMR083W,YGR197C,0,-7.245487,0.09450479596853256,0.9922480583190918,0.9507198333740234
YGL097W,YEL002C,0,-7.2485366,0.09449483454227448,0.9922480583190918,0.9508305788040161
YLR429W,YER161C,0,-7.248737,0.09448486566543579,0.9922480583190918,0.9509413242340088
YIL018W,YPL206C,0,-7.2509236,0.0944749042391777,0.9922480583190918,0.9510520696640015
YBR274W,YPR033C,0,-7.2523437,0.09446494281291962,0.9922480583190918,0.9511628150939941
YJL196C,YKR056W,0,-7.2530103,0.09445498883724213,0.9922480583190918,0.9512735605239868
YDR129C,YML105C,0,-7.2539916,0.09444502741098404,0.9922480583190918,0.9513842463493347
YCR034W,YOL124C,0,-7.254203,0.09443507343530655,0.9922480583190918,0.9514949917793274
YGL014W,YDL130W-A,0,-7.2543573,0.09442512691020966,0.9922480583190918,0.9516057372093201
YOR074C,YLR009W,0,-7.2543683,0.09441517293453217,0.9922480583190918,0.9517164826393127
YER127W,YNR017W,0,-7.2558675,0.09440522640943527,0.9922480583190918,0.9518272280693054
YLR186W,YDR153C,0,-7.2567277,0.09439527988433838,0.9922480583190918,0.9519379734992981
YHR068W,YMR293C,0,-7.25714,0.09438533335924149,0.9922480583190918,0.9520487189292908
YLR314C,YJR007W,0,-7.2580066,0.09437539428472519,0.9922480583190918,0.9521594643592834
YDR036C,YGR216C,0,-7.2593756,0.09436545521020889,0.9922480583190918,0.9522702097892761
YGR264C,YOL080C,0,-7.2612267,0.0943555161356926,0.9922480583190918,0.9523809552192688
YKL186C,YDL040C,0,-7.261396,0.0943455845117569,0.9922480583190918,0.9524917006492615
YKL135C,YML034W,0,-7.263522,0.0943356528878212,0.9922480583190918,0.9526024460792542
YOR198C,YHR157W,1,-7.2642817,0.09443099051713943,0.9933554530143738,0.9526024460792542
YDR211W,YJL094C,0,-7.2644897,0.09442105144262314,0.9933554530143738,0.9527131915092468
YPR128C,YBR079C,0,-7.265722,0.09441111236810684,0.9933554530143738,0.9528239369392395
YDR377W,YGR214W,0,-7.2670445,0.09440118074417114,0.9933554530143738,0.9529346823692322
YAL033W,YGR008C,0,-7.267451,0.09439124166965485,0.9933554530143738,0.9530454277992249
YNL286W,YDR245W,0,-7.2716208,0.09438131004571915,0.9933554530143738,0.9531561732292175
YJL094C,YBL024W,0,-7.2716584,0.09437138587236404,0.9933554530143738,0.9532668590545654
YLR155C,YPL049C,0,-7.273066,0.09436145424842834,0.9933554530143738,0.9533776044845581
YPL159C,YOR361C,0,-7.2762356,0.09435153007507324,0.9933554530143738,0.9534883499145508
YOL010W,YDR201W,0,-7.279703,0.09434160590171814,0.9933554530143738,0.9535990953445435
YBR154C,YOR332W,0,-7.282682,0.09433168917894363,0.9933554530143738,0.9537098407745361
YOL080C,YDL130W-A,0,-7.2858505,0.09432176500558853,0.9933554530143738,0.9538205862045288
YKL054C,YBR257W,0,-7.2877765,0.09431184828281403,0.9933554530143738,0.9539313316345215
YNL286W,YOR361C,0,-7.287914,0.09430193156003952,0.9933554530143738,0.9540420770645142
YAL040C,YPL131W,0,-7.288118,0.09429202228784561,0.9933554530143738,0.9541528224945068
YCL035C,YDL134C,0,-7.2892714,0.0942821130156517,0.9933554530143738,0.9542635679244995
YGL119W,YNL182C,0,-7.289639,0.0942722037434578,0.9933554530143738,0.9543743133544922
YDL085W,YGR214W,0,-7.2898383,0.09426229447126389,0.9933554530143738,0.9544850587844849
YOL060C,YDR450W,0,-7.2900333,0.09425239264965057,0.9933554530143738,0.9545958042144775
YNL248C,YML105C,0,-7.2904954,0.09424249082803726,0.9933554530143738,0.9547065496444702
YER045C,YEL002C,0,-7.291246,0.09423258900642395,0.9933554530143738,0.9548172950744629
YDR254W,YEL026W,0,-7.2919583,0.09422268718481064,0.9933554530143738,0.9549280405044556
YPL244C,YJR049C,0,-7.2922482,0.09421279281377792,0.9933554530143738,0.9550387859344482
YGL119W,YOR297C,0,-7.2932067,0.09420289844274521,0.9933554530143738,0.9551495313644409
YGR159C,YGR094W,0,-7.294101,0.0941930040717125,0.9933554530143738,0.9552602171897888
YIL114C,YNL064C,0,-7.2941422,0.09418311715126038,0.9933554530143738,0.9553709626197815
YDL137W,YER054C,0,-7.297068,0.09417323023080826,0.9933554530143738,0.9554817080497742
YJL196C,YKL081W,0,-7.2991247,0.09416334331035614,0.9933554530143738,0.9555924534797668
YPR135W,YGR085C,0,-7.2993207,0.09415345638990402,0.9933554530143738,0.9557031989097595
YGL111W,YIL018W,0,-7.303391,0.0941435769200325,0.9933554530143738,0.9558139443397522
YDL208W,YBL103C,0,-7.303498,0.09413369745016098,0.9933554530143738,0.9559246897697449
YDR377W,YJR007W,0,-7.304445,0.09412381798028946,0.9933554530143738,0.9560354351997375
YMR235C,YPL087W,0,-7.3053904,0.09411394596099854,0.9933554530143738,0.9561461806297302
YGR095C,YLR442C,0,-7.3055434,0.09410407394170761,0.9933554530143738,0.9562569260597229
YPL170W,YHR021C,0,-7.306128,0.09409420192241669,0.9933554530143738,0.9563676714897156
YHL002W,YDR175C,0,-7.3061996,0.09408432990312576,0.9933554530143738,0.9564784169197083
YAL035W,YJL210W,0,-7.3078637,0.09407446533441544,0.9933554530143738,0.9565891623497009
YCR075C,YGL111W,0,-7.314031,0.09406460076570511,0.9933554530143738,0.9566999077796936
YDR077W,YKR056W,0,-7.316832,0.09405473619699478,0.9933554530143738,0.9568106532096863
YNR035C,YDR346C,0,-7.3170238,0.09404487162828445,0.9933554530143738,0.956921398639679
YCR075C,YBL024W,0,-7.31727,0.09403501451015472,0.9933554530143738,0.9570321440696716
YMR314W,YPL274W,0,-7.3195577,0.094025157392025,0.9933554530143738,0.9571428298950195
YIL018W,YGL227W,0,-7.319593,0.09401530027389526,0.9933554530143738,0.9572535753250122
YDR101C,YLL002W,0,-7.3196983,0.09400545060634613,0.9933554530143738,0.9573643207550049
YIL018W,YDL130W-A,0,-7.3203077,0.093995600938797,0.9933554530143738,0.9574750661849976
YNL182C,YKL035W,0,-7.3278785,0.09398575127124786,0.9933554530143738,0.9575858116149902
YLR401C,YMR236W,0,-7.3283076,0.09397590160369873,0.9933554530143738,0.9576965570449829
YBL063W,YBR154C,0,-7.3285604,0.0939660593867302,0.9933554530143738,0.9578073024749756
YOL071W,YDR148C,0,-7.329144,0.09395621716976166,0.9933554530143738,0.9579180479049683
YEL018W,YER107C,0,-7.3304086,0.09394637495279312,0.9933554530143738,0.9580287933349609
YCR034W,YBR093C,0,-7.3310976,0.09393654018640518,0.9933554530143738,0.9581395387649536
YBR061C,YOR270C,0,-7.332229,0.09392669796943665,0.9933554530143738,0.9582502841949463
YNR035C,YGL111W,0,-7.3324046,0.0939168706536293,0.9933554530143738,0.958361029624939
YOR023C,YPL240C,0,-7.3327208,0.09390703588724136,0.9933554530143738,0.9584717750549316
YJL024C,YJR007W,0,-7.333117,0.09389720857143402,0.9933554530143738,0.9585825204849243
YHR021C,YJL045W,0,-7.3335238,0.09388737380504608,0.9933554530143738,0.958693265914917
YJL020C,YDL081C,0,-7.333616,0.09387755393981934,0.9933554530143738,0.9588040113449097
YDR518W,YGR159C,0,-7.3344674,0.093867726624012,0.9933554530143738,0.9589147567749023
YOL021C,YBR091C,0,-7.335008,0.09385790675878525,0.9933554530143738,0.9590254426002502
YDR418W,YPL032C,0,-7.335404,0.0938480868935585,0.9933554530143738,0.9591361880302429
YCL035C,YPL016W,0,-7.337991,0.09383826702833176,0.9933554530143738,0.9592469334602356
YKL182W,YDR258C,0,-7.3384147,0.09382845461368561,0.9933554530143738,0.9593576788902283
YMR211W,YNL182C,0,-7.339705,0.09381863474845886,0.9933554530143738,0.959468424320221
YHR072W,YDL040C,0,-7.3443837,0.09380882978439331,0.9933554530143738,0.9595791697502136
YPL221W,YLL022C,0,-7.345117,0.09379901736974716,0.9933554530143738,0.9596899151802063
YDR358W,YOL010W,0,-7.345648,0.09378921240568161,0.9933554530143738,0.959800660610199
YBR142W,YOR281C,0,-7.345694,0.09377940744161606,0.9933554530143738,0.9599114060401917
YDR190C,YJL093C,0,-7.345919,0.0937696024775505,0.9933554530143738,0.9600221514701843
YDR488C,YGR214W,0,-7.348475,0.09375979751348495,0.9933554530143738,0.960132896900177
YAL033W,YNL121C,0,-7.348705,0.09375,0.9933554530143738,0.9602436423301697
YOR265W,YJL190C,0,-7.3492146,0.09374020248651505,0.9933554530143738,0.9603543877601624
YOR265W,YPR187W,0,-7.349964,0.09373040497303009,0.9933554530143738,0.960465133190155
YGR082W,YGL227W,0,-7.351041,0.09372061491012573,0.9933554530143738,0.9605758786201477
YMR229C,YIL017C,0,-7.353603,0.09371082484722137,0.9933554530143738,0.9606866240501404
YOL071W,YCR034W,0,-7.3539214,0.09370103478431702,0.9933554530143738,0.9607973694801331
YDL111C,YDR167W,0,-7.357821,0.09369124472141266,0.9933554530143738,0.960908055305481
YMR237W,YGL070C,0,-7.3578362,0.0936814621090889,0.9933554530143738,0.9610188007354736
YOL021C,YKL170W,0,-7.359677,0.09367167949676514,0.9933554530143738,0.9611295461654663
YDR385W,YIR017C,0,-7.360393,0.09366189688444138,0.9933554530143738,0.961240291595459
YER045C,YPL137C,0,-7.365004,0.09365212172269821,0.9933554530143738,0.9613510370254517
YDR279W,YCL031C,0,-7.36817,0.09364233911037445,0.9933554530143738,0.9614617824554443
YHR068W,YKL081W,0,-7.369019,0.09363257139921188,0.9933554530143738,0.961572527885437
YAL033W,YMR305C,0,-7.369142,0.09362279623746872,0.9933554530143738,0.9616832733154297
YNL231C,YPL131W,0,-7.372479,0.09361302107572556,0.9933554530143738,0.9617940187454224
YLR186W,YAL017W,0,-7.3726573,0.09360325336456299,0.9933554530143738,0.961904764175415
YPL231W,YGL014W,0,-7.3735976,0.09359348565340042,0.9933554530143738,0.9620155096054077
YAL035W,YNL138W,0,-7.378389,0.09358372539281845,0.9933554530143738,0.9621262550354004
YJR127C,YNL138W,0,-7.3784194,0.09357396513223648,0.9933554530143738,0.9622370004653931
YOR294W,YIL031W,0,-7.3792443,0.09356420487165451,0.9933554530143738,0.9623477458953857
YJL042W,YFR051C,0,-7.379662,0.09355444461107254,0.9933554530143738,0.9624584913253784
YLR009W,YFR048W,0,-7.381908,0.09354468435049057,0.9933554530143738,0.9625692367553711
YHR055C,YBR205W,0,-7.3823714,0.0935349315404892,0.9933554530143738,0.9626799821853638
YBL057C,YDR129C,0,-7.385132,0.09352517873048782,0.9933554530143738,0.9627906680107117
YAL035W,YMR053C,0,-7.3856406,0.09351542592048645,0.9933554530143738,0.9629014134407043
YMR173W,YBR121C,0,-7.388532,0.09350568056106567,0.9933554530143738,0.963012158870697
YGR135W,YGR094W,0,-7.3895497,0.0934959352016449,0.9933554530143738,0.9631229043006897
YNR019W,YMR243C,0,-7.390534,0.09348618984222412,0.9933554530143738,0.9632336497306824
YNL182C,YCL001W,0,-7.3911567,0.09347645193338394,0.9933554530143738,0.963344395160675
YKL001C,YNL138W,0,-7.3919544,0.09346670657396317,0.9933554530143738,0.9634551405906677
YNL059C,YEL063C,0,-7.394619,0.09345696866512299,0.9933554530143738,0.9635658860206604
YBR121C,YFR024C-A,0,-7.3977313,0.0934472307562828,0.9933554530143738,0.9636766314506531
YGR128C,YDR247W,0,-7.3981233,0.09343750029802322,0.9933554530143738,0.9637873768806458
YMR112C,YKR056W,0,-7.400927,0.09342776983976364,0.9933554530143738,0.9638981223106384
YBR205W,YIL051C,0,-7.4064407,0.09341803938150406,0.9933554530143738,0.9640088677406311
YFR046C,YKL081W,0,-7.409054,0.09340830892324448,0.9933554530143738,0.9641196131706238
YBL079W,YOR001W,0,-7.409189,0.09339858591556549,0.9933554530143738,0.9642303586006165
YDL148C,YDR259C,0,-7.409207,0.0933888629078865,0.9933554530143738,0.9643411040306091
YOL071W,YNL121C,0,-7.409558,0.09337913990020752,0.9933554530143738,0.9644518494606018
YIL033C,YOL139C,0,-7.4112096,0.09336941689252853,0.9933554530143738,0.9645625948905945
YLR429W,YDL130W-A,0,-7.414234,0.09335970133543015,0.9933554530143738,0.9646733403205872
YCR028C-A,YPL274W,0,-7.416951,0.09334998577833176,0.9933554530143738,0.9647840261459351
YOR074C,YCL035C,0,-7.418278,0.09334027022123337,0.9933554530143738,0.9648947715759277
YGL245W,YNL251C,0,-7.419575,0.09333056211471558,0.9933554530143738,0.9650055170059204
YIL051C,YKL099C,0,-7.419969,0.09332084655761719,0.9933554530143738,0.9651162624359131
YOL102C,YER151C,0,-7.4199834,0.0933111384510994,0.9933554530143738,0.9652270078659058
YGR055W,YJL001W,0,-7.4205737,0.0933014377951622,0.9933554530143738,0.9653377532958984
YOR168W,YNL294C,0,-7.420756,0.09329172968864441,0.9933554530143738,0.9654484987258911
YJL024C,YGL207W,0,-7.421867,0.09328202903270721,0.9933554530143738,0.9655592441558838
YDL213C,YNL098C,0,-7.4227223,0.09327232837677002,0.9933554530143738,0.9656699895858765
YHR072W,YCR028C-A,0,-7.4245095,0.09326263517141342,0.9933554530143738,0.9657807350158691
YIL051C,YGL070C,0,-7.4257245,0.09325293451547623,0.9933554530143738,0.9658914804458618
YBR274W,YOR133W,0,-7.425859,0.09324324131011963,0.9933554530143738,0.9660022258758545
YHR068W,YPL131W,0,-7.429052,0.09323354810476303,0.9933554530143738,0.9661129713058472
YOL071W,YJL143W,0,-7.4300694,0.09322386234998703,0.9933554530143738,0.9662237167358398
YGL115W,YHR196W,0,-7.434854,0.09321417659521103,0.9933554530143738,0.9663344621658325
YJL210W,YJL191W,0,-7.4351697,0.09320449084043503,0.9933554530143738,0.9664452075958252
YCR082W,YBR257W,0,-7.4355607,0.09319480508565903,0.9933554530143738,0.9665559530258179
YOL051W,YER107C,0,-7.437054,0.09318512678146362,0.9933554530143738,0.9666666388511658
YHR081W,YBL020W,0,-7.438092,0.09317544102668762,0.9933554530143738,0.9667773842811584
YMR314W,YNL248C,0,-7.4402637,0.09316577017307281,0.9933554530143738,0.9668881297111511
YDL004W,YEL026W,0,-7.4415054,0.09315609186887741,0.9933554530143738,0.9669988751411438
YBR272C,YGR094W,0,-7.4471564,0.0931464210152626,0.9933554530143738,0.9671096205711365
YDR284C,YDR148C,0,-7.447327,0.0931367427110672,0.9933554530143738,0.9672203660011292
YDR434W,YNL103W,0,-7.4497905,0.09312707930803299,0.9933554530143738,0.9673311114311218
YML128C,YHR152W,1,-7.450892,0.09322121739387512,0.9944629073143005,0.9673311114311218
YLR370C,YOR224C,0,-7.4588656,0.09321153908967972,0.9944629073143005,0.9674418568611145
YDL074C,YLR328W,0,-7.459025,0.09320186823606491,0.9944629073143005,0.9675526022911072
YKL051W,YJR007W,0,-7.4609885,0.0931921973824501,0.9944629073143005,0.9676633477210999
YLR405W,YGR159C,0,-7.461313,0.0931825265288353,0.9944629073143005,0.9677740931510925
YPL123C,YOR224C,0,-7.461735,0.09317285567522049,0.9944629073143005,0.9678848385810852
YHR021C,YPL218W,0,-7.46246,0.09316319227218628,0.9944629073143005,0.9679955840110779
YHR005C-A,YDR259C,0,-7.4630394,0.09315352886915207,0.9944629073143005,0.9681063294410706
YJL178C,YMR143W,0,-7.464744,0.09314386546611786,0.9944629073143005,0.9682170748710632
YMR143W,YOR294W,0,-7.4663024,0.09313420206308365,0.9944629073143005,0.9683278203010559
YDL004W,YOL139C,0,-7.4663267,0.09312454611063004,0.9944629073143005,0.9684385657310486
YNL031C,YOR361C,0,-7.467715,0.09311489015817642,0.9944629073143005,0.9685492515563965
YJL100W,YGR214W,0,-7.4698796,0.09310523420572281,0.9944629073143005,0.9686599969863892
YIL035C,YPL237W,0,-7.4747195,0.09309558570384979,0.9944629073143005,0.9687707424163818
YMR276W,YNL098C,0,-7.47741,0.09308592975139618,0.9944629073143005,0.9688814878463745
YDR175C,YJL093C,0,-7.479541,0.09307628870010376,0.9944629073143005,0.9689922332763672
YDL130W-A,YPL128C,0,-7.4818764,0.09306664019823074,0.9944629073143005,0.9691029787063599
YIL040W,YJR007W,0,-7.4906693,0.09305699169635773,0.9944629073143005,0.9692137241363525
YDR450W,YCL031C,0,-7.4907575,0.09304735064506531,0.9944629073143005,0.9693244695663452
YHR005C-A,YDR312W,0,-7.49335,0.09303770959377289,0.9944629073143005,0.9694352149963379
YMR319C,YDL208W,0,-7.4945116,0.09302807599306107,0.9944629073143005,0.9695459604263306
YHR072W,YCR073C,0,-7.4948697,0.09301843494176865,0.9944629073143005,0.9696567058563232
YBL035C,YOL010W,0,-7.497187,0.09300880134105682,0.9944629073143005,0.9697674512863159
YKL186C,YDR190C,0,-7.499993,0.0929991751909256,0.9944629073143005,0.9698781967163086
YGR267C,YGL136C,0,-7.502526,0.09298954159021378,0.9944629073143005,0.9699889421463013
YIL018W,YAR042W,0,-7.5034924,0.09297991544008255,0.9944629073143005,0.970099687576294
YOL042W,YMR229C,0,-7.5050583,0.09297028928995132,0.9944629073143005,0.9702104330062866
YNL225C,YMR290C,0,-7.5059376,0.0929606631398201,0.9944629073143005,0.9703211784362793
YMR035W,YGR244C,0,-7.5128255,0.09295103698968887,0.9944629073143005,0.9704318642616272
YPR187W,YML021C,0,-7.513228,0.09294141829013824,0.9944629073143005,0.9705426096916199
YNL182C,YHR050W,0,-7.514116,0.09293179959058762,0.9944629073143005,0.9706533551216125
YDR211W,YJR019C,0,-7.514707,0.09292218834161758,0.9944629073143005,0.9707641005516052
YPL131W,YAR042W,0,-7.5166583,0.09291256964206696,0.9944629073143005,0.9708748459815979
YMR305C,YOR332W,0,-7.5170355,0.09290295839309692,0.9944629073143005,0.9709855914115906
YDL074C,YMR188C,0,-7.517443,0.09289334714412689,0.9944629073143005,0.9710963368415833
YMR319C,YMR290C,0,-7.5192003,0.09288374334573746,0.9944629073143005,0.9712070822715759
YMR264W,YBR257W,0,-7.5192285,0.09287413209676743,0.9944629073143005,0.9713178277015686
YBR257W,YDR129C,0,-7.5195947,0.09286452829837799,0.9944629073143005,0.9714285731315613
YBR121C,YPL093W,0,-7.5216928,0.09285492449998856,0.9944629073143005,0.971539318561554
YHR021C,YGR152C,0,-7.5227547,0.09284532815217972,0.9944629073143005,0.9716500639915466
YHR072W,YDR382W,0,-7.530764,0.09283573180437088,0.9944629073143005,0.9717608094215393
YMR188C,YFR051C,0,-7.5308647,0.09282613545656204,0.9944629073143005,0.971871554851532
YJL192C,YDL130W-A,0,-7.5330577,0.0928165391087532,0.9944629073143005,0.9719823002815247
YPL231W,YBR212W,0,-7.5340037,0.09280694276094437,0.9944629073143005,0.9720930457115173
YLR328W,YLL021W,0,-7.5371966,0.09279735386371613,0.9944629073143005,0.97220379114151
YMR305C,YPL144W,0,-7.537477,0.09278776496648788,0.9944629073143005,0.9723145365715027
YML078W,YPL127C,0,-7.5375667,0.09277817606925964,0.9944629073143005,0.9724252223968506
YGR244C,YKL099C,0,-7.5379047,0.092768594622612,0.9944629073143005,0.9725359678268433
YKL182W,YEL026W,0,-7.538573,0.09275901317596436,0.9944629073143005,0.9726467132568359
YLR069C,YPR140W,0,-7.539185,0.09274943172931671,0.9944629073143005,0.9727574586868286
YLR100W,YIL038C,0,-7.539839,0.09273985028266907,0.9944629073143005,0.9728682041168213
YDR487C,YDR167W,0,-7.541289,0.09273027628660202,0.9944629073143005,0.972978949546814
YDR216W,YER127W,0,-7.543139,0.09272070229053497,0.9944629073143005,0.9730896949768066
YOR361C,YMR293C,0,-7.5449467,0.09271112829446793,0.9944629073143005,0.9732004404067993
YOR074C,YDL208W,0,-7.545172,0.09270156174898148,0.9944629073143005,0.973311185836792
YML078W,YJR063W,0,-7.545514,0.09269198775291443,0.9944629073143005,0.9734219312667847
YDL149W,YGR214W,0,-7.5540295,0.09268242120742798,0.9944629073143005,0.9735326766967773
YGL070C,YOR294W,0,-7.554851,0.09267286211252213,0.9944629073143005,0.97364342212677
YBR091C,YGR135W,0,-7.558603,0.09266329556703568,0.9944629073143005,0.9737541675567627
YER054C,YDR382W,0,-7.5592394,0.09265373647212982,0.9944629073143005,0.9738649129867554
YDR036C,YOL071W,0,-7.559316,0.09264417737722397,0.9944629073143005,0.973975658416748
YER107C,YGR081C,0,-7.5614104,0.09263461828231812,0.9944629073143005,0.9740864038467407
YPL159C,YGL207W,0,-7.5631585,0.09262506663799286,0.9944629073143005,0.9741971492767334
YPL127C,YCR024C-A,0,-7.5631866,0.0926155149936676,0.9944629073143005,0.9743078351020813
YLR405W,YGL111W,0,-7.565225,0.09260596334934235,0.9944629073143005,0.974418580532074
YDR254W,YLR134W,0,-7.569621,0.09259641170501709,0.9944629073143005,0.9745293259620667
YCL017C,YOR027W,0,-7.570779,0.09258686751127243,0.9944629073143005,0.9746400713920593
YPL154C,YOR297C,0,-7.570983,0.09257731586694717,0.9944629073143005,0.974750816822052
YDR382W,YKL058W,0,-7.571513,0.09256777912378311,0.9944629073143005,0.9748615622520447
YLR009W,YHR050W,0,-7.5723996,0.09255823493003845,0.9944629073143005,0.9749723076820374
YHR107C,YDL076C,0,-7.5752597,0.09254869818687439,0.9944629073143005,0.97508305311203
YDL004W,YOL071W,0,-7.5757213,0.09253916144371033,0.9944629073143005,0.9751937985420227
YER051W,YKL081W,0,-7.576034,0.09252962470054626,0.9944629073143005,0.9753045439720154
YDR158W,YJL134W,0,-7.576457,0.0925200879573822,0.9944629073143005,0.9754152894020081
YIL033C,YGR128C,0,-7.5772862,0.09251055866479874,0.9944629073143005,0.9755260348320007
YLR231C,YOL010W,0,-7.5774875,0.09250102937221527,0.9944629073143005,0.9756367802619934
YJR069C,YGL111W,0,-7.57842,0.0924915000796318,0.9944629073143005,0.9757475256919861
YCL001W,YJL190C,0,-7.584795,0.09248197823762894,0.9944629073143005,0.9758582711219788
YCL035C,YGR280C,0,-7.5849853,0.09247245639562607,0.9944629073143005,0.9759690165519714
YLR002C,YOR297C,0,-7.587911,0.0924629345536232,0.9944629073143005,0.9760797619819641
YNL293W,YOR224C,0,-7.5931497,0.09245341271162033,0.9944629073143005,0.976190447807312
YDR302W,YGR095C,0,-7.595378,0.09244389832019806,0.9944629073143005,0.9763011932373047
YGL054C,YPR187W,0,-7.5987835,0.09243437647819519,0.9944629073143005,0.9764119386672974
YIL065C,YJL093C,0,-7.599686,0.09242486953735352,0.9944629073143005,0.97652268409729
YGR081C,YGR197C,0,-7.600753,0.09241535514593124,0.9944629073143005,0.9766334295272827
YBR290W,YDR382W,0,-7.6010165,0.09240584820508957,0.9944629073143005,0.9767441749572754
YMR211W,YGL097W,0,-7.6010175,0.0923963338136673,0.9944629073143005,0.9768549203872681
YLR009W,YBR061C,0,-7.6029873,0.09238683432340622,0.9944629073143005,0.9769656658172607
YLR134W,YBR061C,0,-7.605223,0.09237732738256454,0.9944629073143005,0.9770764112472534
YML081C-A,YDL081C,0,-7.6079626,0.09236782789230347,0.9944629073143005,0.9771871566772461
YEL015W,YDR245W,0,-7.608108,0.09235832840204239,0.9944629073143005,0.9772979021072388
YBR257W,YGL255W,0,-7.611243,0.09234882891178131,0.9944629073143005,0.9774086475372314
YOL071W,YBR093C,0,-7.612116,0.09233932942152023,0.9944629073143005,0.9775193929672241
YPL093W,YGR199W,0,-7.6136355,0.09232983738183975,0.9944629073143005,0.9776301383972168
YCR028C-A,YEL026W,0,-7.6136675,0.09232034534215927,0.9944629073143005,0.9777408838272095
YER127W,YIL031W,0,-7.6185875,0.09231085330247879,0.9944629073143005,0.9778516292572021
YDL074C,YDR153C,0,-7.622753,0.0923013687133789,0.9944629073143005,0.9779623746871948
YNL094W,YDR324C,0,-7.6256037,0.09229188412427902,0.9944629073143005,0.9780730605125427
YOR185C,YKL099C,0,-7.6289024,0.09228239953517914,0.9944629073143005,0.9781838059425354
YGL200C,YOR224C,0,-7.6296573,0.09227291494607925,0.9944629073143005,0.9782945513725281
YOR046C,YPL123C,0,-7.633539,0.09226343035697937,0.9944629073143005,0.9784052968025208
YBL024W,YDR259C,0,-7.6343656,0.09225395321846008,0.9944629073143005,0.9785160422325134
YKR009C,YMR143W,0,-7.636808,0.0922444760799408,0.9944629073143005,0.9786267876625061
YEL063C,YMR316W,0,-7.636928,0.0922350063920021,0.9944629073143005,0.9787375330924988
YMR276W,YDL081C,0,-7.6386957,0.09222552925348282,0.9944629073143005,0.9788482785224915
YGR143W,YDR259C,0,-7.639413,0.09221605956554413,0.9944629073143005,0.9789590239524841
YHR107C,YBR154C,0,-7.6403747,0.09220658987760544,0.9944629073143005,0.9790697693824768
YJR127C,YPL087W,0,-7.6444316,0.09219712764024734,0.9944629073143005,0.9791805148124695
YNL142W,YNL085W,0,-7.6464295,0.09218765795230865,0.9944629073143005,0.9792912602424622
YGR267C,YNL064C,0,-7.6494784,0.09217819571495056,0.9944629073143005,0.9794020056724548
YBR272C,YOR294W,0,-7.654931,0.09216873347759247,0.9944629073143005,0.9795127511024475
YIL038C,YNL138W,0,-7.6574397,0.09215927869081497,0.9944629073143005,0.9796234965324402
YER107C,YPR187W,0,-7.657969,0.09214982390403748,0.9944629073143005,0.9797342419624329
YOR133W,YER054C,0,-7.658163,0.09214036166667938,0.9944629073143005,0.9798449873924255
YBL079W,YML064C,0,-7.658276,0.09213091433048248,0.9944629073143005,0.9799557328224182
YOR185C,YBR212W,0,-7.6587377,0.09212145954370499,0.9944629073143005,0.9800664186477661
YLR371W,YJL093C,0,-7.6598773,0.09211201220750809,0.9944629073143005,0.9801771640777588
YDR052C,YOL010W,0,-7.6619396,0.09210256487131119,0.9944629073143005,0.9802879095077515
YDR153C,YDL208W,0,-7.6631284,0.09209311753511429,0.9944629073143005,0.9803986549377441
YJR078W,YMR143W,0,-7.664678,0.09208367764949799,0.9944629073143005,0.9805094003677368
YOR109W,YCL031C,0,-7.668188,0.09207423031330109,0.9944629073143005,0.9806201457977295
YDL134C,YGL207W,0,-7.6684594,0.09206479042768478,0.9944629073143005,0.9807308912277222
YOL042W,YOL010W,0,-7.6745753,0.09205535799264908,0.9944629073143005,0.9808416366577148
YDL213C,YDL130W-A,0,-7.6746826,0.09204591810703278,0.9944629073143005,0.9809523820877075
YER045C,YOL102C,0,-7.677298,0.09203648567199707,0.9944629073143005,0.9810631275177002
YOR198C,YCR086W,1,-7.6794834,0.09212953597307205,0.9955703020095825,0.9810631275177002
YPL152W,YKL099C,0,-7.683314,0.09212009608745575,0.9955703020095825,0.9811738729476929
YDR148C,YBR030W,0,-7.6902328,0.09211065620183945,0.9955703020095825,0.9812846183776855
YJL003W,YLR009W,0,-7.6934924,0.09210121631622314,0.9955703020095825,0.9813953638076782
YOR294W,YIL076W,0,-7.695851,0.09209178388118744,0.9955703020095825,0.9815061092376709
YER127W,YAR007C,0,-7.6993256,0.09208235144615173,0.9955703020095825,0.9816168546676636
YPR190C,YPR074C,0,-7.699727,0.09207291901111603,0.9955703020095825,0.9817276000976562
YDR062W,YDR077W,0,-7.703832,0.09206349402666092,0.9955703020095825,0.9818383455276489
YCR034W,YGR085C,0,-7.7059884,0.09205406159162521,0.9955703020095825,0.9819490313529968
YKL190W,YOR027W,0,-7.7063475,0.0920446366071701,0.9955703020095825,0.9820597767829895
YOR224C,YMR143W,0,-7.70747,0.0920352190732956,0.9955703020095825,0.9821705222129822
YPR190C,YJL093C,0,-7.709901,0.09202579408884048,0.9955703020095825,0.9822812676429749
YIL048W,YDL208W,0,-7.7157845,0.09201637655496597,0.9955703020095825,0.9823920130729675
YBL024W,YBL075C,0,-7.716211,0.09200695902109146,0.9955703020095825,0.9825027585029602
YOR133W,YLR141W,0,-7.720243,0.09199754148721695,0.9955703020095825,0.9826135039329529
YDL078C,YNL121C,0,-7.722314,0.09198813140392303,0.9955703020095825,0.9827242493629456
YPL127C,YOR056C,0,-7.7241607,0.09197872132062912,0.9955703020095825,0.9828349947929382
YJL011C,YOR294W,0,-7.724399,0.0919693112373352,0.9955703020095825,0.9829457402229309
YPR133C,YBR082C,0,-7.725048,0.09195990115404129,0.9955703020095825,0.9830564856529236
YBL024W,YGR008C,0,-7.7257657,0.09195049852132797,0.9955703020095825,0.9831672310829163
YIL051C,YMR229C,0,-7.7261415,0.09194109588861465,0.9955703020095825,0.9832779765129089
YHL048W,YMR211W,0,-7.7303605,0.09193169325590134,0.9955703020095825,0.9833887219429016
YHL048W,YGR081C,0,-7.732674,0.09192229062318802,0.9955703020095825,0.9834994673728943
YER126C,YOR157C,0,-7.7347918,0.0919128954410553,0.9955703020095825,0.983610212802887
YCL035C,YMR235C,0,-7.7349567,0.09190349280834198,0.9955703020095825,0.9837209582328796
YOR094W,YGR128C,0,-7.735042,0.09189410507678986,0.9955703020095825,0.9838316440582275
YIL076W,YDR103W,0,-7.73608,0.09188470989465714,0.9955703020095825,0.9839423894882202
YCL035C,YEL034W,0,-7.736426,0.09187532216310501,0.9955703020095825,0.9840531349182129
YHR081W,YLR181C,0,-7.7377586,0.09186593443155289,0.9955703020095825,0.9841638803482056
YDR284C,YPL086C,0,-7.741935,0.09185654670000076,0.9955703020095825,0.9842746257781982
YIL097W,YDR450W,0,-7.745942,0.09184715896844864,0.9955703020095825,0.9843853712081909
YPL154C,YKR014C,0,-7.746444,0.09183777868747711,0.9955703020095825,0.9844961166381836
YML078W,YGR244C,0,-7.7480454,0.09182839840650558,0.9955703020095825,0.9846068620681763
YOR168W,YBR091C,0,-7.751531,0.09181901812553406,0.9955703020095825,0.984717607498169
YER053C,YDR145W,0,-7.753308,0.09180963784456253,0.9955703020095825,0.9848283529281616
YPL152W,YPL237W,0,-7.7550454,0.0918002650141716,0.9955703020095825,0.9849390983581543
YER045C,YMR235C,0,-7.757065,0.09179089218378067,0.9955703020095825,0.985049843788147
YJL024C,YDL111C,0,-7.757993,0.09178151935338974,0.9955703020095825,0.9851605892181396
YNL059C,YOL151W,0,-7.7584095,0.0917721539735794,0.9955703020095825,0.9852713346481323
YJL178C,YPL131W,0,-7.759779,0.09176278114318848,0.9955703020095825,0.985382080078125
YNL085W,YMR235C,0,-7.759897,0.09175341576337814,0.9955703020095825,0.9854928255081177
YJR078W,YJL191W,0,-7.760822,0.09174405783414841,0.9955703020095825,0.9856035709381104
YNR053C,YGR078C,0,-7.7620916,0.09173469245433807,0.9955703020095825,0.9857142567634583
YJL134W,YHR081W,0,-7.767016,0.09172533452510834,0.9955703020095825,0.9858250021934509
YNR019W,YOR224C,0,-7.777766,0.0917159765958786,0.9955703020095825,0.9859357476234436
YIL098C,YEL026W,0,-7.7820425,0.09170661866664886,0.9955703020095825,0.9860464930534363
YCR034W,YDR382W,0,-7.7832637,0.09169726818799973,0.9955703020095825,0.986157238483429
YER127W,YIL138C,0,-7.785093,0.09168791770935059,0.9955703020095825,0.9862679839134216
YDR346C,YGR094W,0,-7.7856326,0.09167856723070145,0.9955703020095825,0.9863787293434143
YIL075C,YBR061C,0,-7.787792,0.09166921675205231,0.9955703020095825,0.986489474773407
YGL115W,YGL097W,0,-7.7888236,0.09165986627340317,0.9955703020095825,0.9866002202033997
YER155C,YKL074C,0,-7.7905955,0.09165052324533463,0.9955703020095825,0.9867109656333923
YNR035C,YGR159C,0,-7.7929873,0.09164118021726608,0.9955703020095825,0.986821711063385
YDR245W,YBR154C,0,-7.7943254,0.09163184463977814,0.9955703020095825,0.9869324564933777
YGR216C,YHR081W,0,-7.7950044,0.0916225016117096,0.9955703020095825,0.9870432019233704
YBR072W,YPR133C,0,-7.801762,0.09161316603422165,0.9955703020095825,0.987153947353363
YPL152W,YPR133C,0,-7.804224,0.0916038304567337,0.9955703020095825,0.9872646927833557
YGR244C,YGR055W,0,-7.8137646,0.09159449487924576,0.9955703020095825,0.9873754382133484
YDL081C,YPL218W,0,-7.819198,0.09158516675233841,0.9955703020095825,0.9874861836433411
YNL113W,YPL218W,0,-7.819621,0.09157583862543106,0.9955703020095825,0.987596869468689
YER107C,YDR017C,0,-7.825278,0.09156651049852371,0.9955703020095825,0.9877076148986816
YBR290W,YDR211W,0,-7.82591,0.09155718237161636,0.9955703020095825,0.9878183603286743
YBR072W,YHR197W,0,-7.829054,0.09154786169528961,0.9955703020095825,0.987929105758667
YGR244C,YHR106W,0,-7.836477,0.09153854101896286,0.9955703020095825,0.9880398511886597
YGR264C,YMR143W,0,-7.84022,0.09152922034263611,0.9955703020095825,0.9881505966186523
YDR254W,YPL131W,0,-7.8506207,0.09151989966630936,0.9955703020095825,0.988261342048645
YER133W,YML128C,1,-7.8524957,0.09161237627267838,0.9966777563095093,0.988261342048645
YLR328W,YAL030W,0,-7.8546424,0.09160305559635162,0.9966777563095093,0.9883720874786377
YOL021C,YLR100W,0,-7.869703,0.09159372746944427,0.9966777563095093,0.9884828329086304
YBR274W,YDL081C,0,-7.871571,0.09158440679311752,0.9966777563095093,0.988593578338623
YCL035C,YBR079C,0,-7.881087,0.09157509356737137,0.9966777563095093,0.9887043237686157
YBR154C,YOR297C,0,-7.8817453,0.09156577289104462,0.9966777563095093,0.9888150691986084
YHR107C,YJL011C,0,-7.8858705,0.09155645966529846,0.9966777563095093,0.9889258146286011
YGL200C,YGR095C,0,-7.8868465,0.09154714643955231,0.9966777563095093,0.9890365600585938
YGL019W,YGR095C,0,-7.887812,0.09153783321380615,0.9966777563095093,0.9891473054885864
YEL034W,YKL001C,0,-7.8942885,0.0915285274386406,0.9966777563095093,0.9892580509185791
YGR244C,YNL085W,0,-7.894856,0.09151922166347504,0.9966777563095093,0.9893687963485718
YER155C,YCL035C,0,-7.8977795,0.09150991588830948,0.9966777563095093,0.9894795417785645
YMR188C,YOR332W,0,-7.9011183,0.09150061011314392,0.9966777563095093,0.9895902276039124
YOR109W,YGR197C,0,-7.911156,0.09149131178855896,0.9966777563095093,0.989700973033905
YMR319C,YHL011C,0,-7.913682,0.0914820060133934,0.9966777563095093,0.9898117184638977
YIL038C,YGR078C,0,-7.915092,0.09147270768880844,0.9966777563095093,0.9899224638938904
YDR175C,YML028W,0,-7.92012,0.09146341681480408,0.9966777563095093,0.9900332093238831
YOR335C,YMR305C,0,-7.9308143,0.09145411849021912,0.9966777563095093,0.9901439547538757
YNL223W,YDR450W,0,-7.940685,0.09144482761621475,0.9966777563095093,0.9902547001838684
YPL046C,YOR361C,0,-7.9420147,0.09143553674221039,0.9966777563095093,0.9903654456138611
YNL251C,YMR260C,0,-7.948351,0.09142624586820602,0.9966777563095093,0.9904761910438538
YBR072W,YNL098C,0,-7.9509635,0.09141696244478226,0.9966777563095093,0.9905869364738464
YPL240C,YCL017C,0,-7.959374,0.09140767902135849,0.9966777563095093,0.9906976819038391
YGL245W,YKL035W,0,-7.963836,0.09139839559793472,0.9966777563095093,0.9908084273338318
YDR211W,YCL035C,0,-7.9665766,0.09138911217451096,0.9966777563095093,0.9909191727638245
YNR017W,YPL087W,0,-7.969993,0.09137983620166779,0.9966777563095093,0.9910299181938171
YNL225C,YBL055C,0,-7.9761763,0.09137056022882462,0.9966777563095093,0.9911406636238098
YML128C,YOR354C,1,-7.9859633,0.09146279841661453,0.9977851510047913,0.9911406636238098
YOL151W,YJL190C,0,-7.9918003,0.09145351499319077,0.9977851510047913,0.9912514090538025
YBR142W,YNR017W,0,-7.997027,0.091444231569767,0.9977851510047913,0.9913621544837952
YOR027W,YGR094W,0,-7.997949,0.09143494814634323,0.9977851510047913,0.9914728403091431
YOR056C,YDR435C,0,-7.998407,0.09142567217350006,0.9977851510047913,0.9915835857391357
YCR075C,YLR134W,0,-7.999801,0.09141639620065689,0.9977851510047913,0.9916943311691284
YOR094W,YDR434W,0,-8.005526,0.09140712022781372,0.9977851510047913,0.9918050765991211
YLR220W,YMR143W,0,-8.009536,0.09139785170555115,0.9977851510047913,0.9919158220291138
YJL196C,YDL130W-A,0,-8.01232,0.09138857573270798,0.9977851510047913,0.9920265674591064
YMR211W,YBR142W,0,-8.014441,0.0913793072104454,0.9977851510047913,0.9921373128890991
YMR290C,YPL152W,0,-8.017637,0.09137004613876343,0.9977851510047913,0.9922480583190918
YDR077W,YDR346C,0,-8.025512,0.09136077761650085,0.9977851510047913,0.9923588037490845
YML004C,YDL081C,0,-8.030344,0.09135151654481888,0.9977851510047913,0.9924695491790771
YER045C,YNR044W,0,-8.04075,0.0913422554731369,0.9977851510047913,0.9925802946090698
YPL154C,YHR021C,0,-8.040914,0.09133299440145493,0.9977851510047913,0.9926910400390625
YLL041C,YGR128C,0,-8.049878,0.09132374078035355,0.9977851510047913,0.9928017854690552
YDR077W,YBL075C,0,-8.052426,0.09131447970867157,0.9977851510047913,0.9929125308990479
YDR077W,YDR167W,0,-8.067657,0.09130522608757019,0.9977851510047913,0.9930232763290405
YDL213C,YPL154C,0,-8.068731,0.09129597991704941,0.9977851510047913,0.9931340217590332
YPL123C,YGR085C,0,-8.088165,0.09128672629594803,0.9977851510047913,0.9932447671890259
YCR034W,YKL117W,0,-8.092666,0.09127748012542725,0.9977851510047913,0.9933554530143738
YLL009C,YGR143W,0,-8.103178,0.09126823395490646,0.9977851510047913,0.9934661984443665
YMR083W,YGR095C,0,-8.110608,0.09125898778438568,0.9977851510047913,0.9935769438743591
YIL065C,YOR027W,0,-8.111128,0.0912497490644455,0.9977851510047913,0.9936876893043518
YML128C,YFL037W,1,-8.1265955,0.0913417711853981,0.998892605304718,0.9936876893043518
YBR036C,YDL081C,0,-8.131659,0.09133252501487732,0.998892605304718,0.9937984347343445
YGR267C,YPL154C,0,-8.133406,0.09132327884435654,0.998892605304718,0.9939091801643372
YML078W,YOR361C,0,-8.133876,0.09131403267383575,0.998892605304718,0.9940199255943298
YOL151W,YPR100W,0,-8.134246,0.09130478650331497,0.998892605304718,0.9941306710243225
YGR267C,YKL035W,0,-8.138187,0.09129554778337479,0.998892605304718,0.9942414164543152
YDL231C,YHR090C,0,-8.146066,0.0912863090634346,0.998892605304718,0.9943521618843079
YNL085W,YGR197C,0,-8.151766,0.09127707034349442,0.998892605304718,0.9944629073143005
YJL003W,YGL245W,0,-8.159735,0.09126783162355423,0.998892605304718,0.9945736527442932
YNL182C,YGR264C,0,-8.1666565,0.09125860035419464,0.998892605304718,0.9946843981742859
YER126C,YDL020C,0,-8.168706,0.09124936908483505,0.998892605304718,0.9947951436042786
YOL139C,YCR034W,0,-8.176785,0.09124013781547546,0.998892605304718,0.9949058890342712
YGR167W,YDR091C,0,-8.178919,0.09123090654611588,0.998892605304718,0.9950166344642639
YNL251C,YMR143W,0,-8.183432,0.09122168272733688,0.998892605304718,0.9951273798942566
YLR134W,YBL018C,0,-8.191722,0.09121245890855789,0.998892605304718,0.9952380657196045
YGR197C,YKL081W,0,-8.20144,0.0912032350897789,0.998892605304718,0.9953488111495972
YJR007W,YKL035W,0,-8.207597,0.09119401127099991,0.998892605304718,0.9954595565795898
YNL123W,YIL076W,0,-8.212073,0.09118479490280151,0.998892605304718,0.9955703020095825
YER127W,YGR028W,0,-8.250467,0.09117557853460312,0.998892605304718,0.9956810474395752
YMR260C,YIL031W,0,-8.257869,0.09116636216640472,0.998892605304718,0.9957917928695679
YJL178C,YPL093W,0,-8.266229,0.09115715324878693,0.998892605304718,0.9959025382995605
YDR148C,YNL098C,0,-8.290167,0.09114793688058853,0.998892605304718,0.9960132837295532
YAL017W,YKR014C,0,-8.315452,0.09113872796297073,0.998892605304718,0.9961240291595459
YER127W,YLR134W,0,-8.315513,0.09112951904535294,0.998892605304718,0.9962347745895386
YOR361C,YLL041C,0,-8.326735,0.09112031757831573,0.998892605304718,0.9963455200195312
YDL148C,YOR297C,0,-8.328986,0.09111110866069794,0.998892605304718,0.9964562654495239
YLR134W,YIL016W,0,-8.331826,0.09110190719366074,0.998892605304718,0.9965670108795166
YMR083W,YDL137W,0,-8.333686,0.09109270572662354,0.998892605304718,0.9966777563095093
YOR335C,YDL064W,0,-8.335952,0.09108351171016693,0.998892605304718,0.996788501739502
YIL033C,YGL097W,0,-8.34046,0.09107431024312973,0.998892605304718,0.9968992471694946
YOR056C,YKL035W,0,-8.342368,0.09106511622667313,0.998892605304718,0.9970099925994873
YDR385W,YPL154C,0,-8.353211,0.09105592221021652,0.998892605304718,0.99712073802948
YPR140W,YNL064C,0,-8.357858,0.09104673564434052,0.998892605304718,0.9972314238548279
YJL042W,YOR027W,0,-8.37128,0.09103754907846451,0.998892605304718,0.9973421692848206
YER054C,YMR143W,0,-8.375115,0.0910283550620079,0.998892605304718,0.9974529147148132
YOR198C,YML128C,1,-8.435718,0.09112007915973663,1.0,0.9974529147148132
YDR148C,YLR043C,0,-8.454814,0.09111088514328003,1.0,0.9975636601448059
YJR042W,YDL076C,0,-8.5000925,0.09110169857740402,1.0,0.9976744055747986
YBR072W,YPR033C,0,-8.543801,0.09109250456094742,1.0,0.9977851510047913
YCR034W,YGR128C,0,-8.544084,0.09108331799507141,1.0,0.9978958964347839
YLR186W,YCL035C,0,-8.549877,0.0910741314291954,1.0,0.9980066418647766
YML004C,YDL208W,0,-8.558607,0.0910649448633194,1.0,0.9981173872947693
YCR034W,YNR053C,0,-8.559075,0.09105576574802399,1.0,0.998228132724762
YLR009W,YPL087W,0,-8.568592,0.09104657918214798,1.0,0.9983388781547546
YLR186W,YPL127C,0,-8.576488,0.09103740006685257,1.0,0.9984496235847473
YER053C,YPL131W,0,-8.582037,0.09102822840213776,1.0,0.99856036901474
YGR145W,YKL035W,0,-8.602543,0.09101904928684235,1.0,0.9986711144447327
YDL137W,YCL031C,0,-8.669881,0.09100987762212753,1.0,0.9987818598747253
YDR158W,YDR258C,0,-8.682884,0.09100070595741272,1.0,0.998892605304718
YDL081C,YGR008C,0,-8.799111,0.0909915342926979,1.0,0.9990033507347107
YCR034W,YDR091C,0,-8.871004,0.09098237007856369,1.0,0.9991140365600586
YOR361C,YCR028C-A,0,-8.920608,0.09097319841384888,1.0,0.9992247819900513
YCL035C,YGR094W,0,-9.072679,0.09096403419971466,1.0,0.999335527420044
YDL208W,YOR281C,0,-9.155755,0.09095487743616104,1.0,0.9994462728500366
YMR229C,YPL087W,0,-9.203458,0.09094571322202682,1.0,0.9995570182800293
YGL200C,YER126C,0,-9.216801,0.0909365564584732,1.0,0.999667763710022
YBR072W,YBL024W,0,-9.228608,0.09092739969491959,1.0,0.9997785091400146
YNL113W,YMR305C,0,-9.388762,0.09091824293136597,1.0,0.9998892545700073
YDL081C,YPL087W,0,-9.665336,0.09090909361839294,1.0,1.0
